{
"metadata": {
    "version": {
        "essentia": "2.1-beta5",
        "essentia_git_sha": "Undefined",
        "extractor": "music 2.0"
    },
    "audio_properties": {
        "analysis": {
            "equal_loudness": 0,
            "length": 12.7477550507,
            "sample_rate": 44100,
            "start_time": 0,
            "downmix": "mix"
        },
        "bit_rate": 192000,
        "length": 189.741882324,
        "lossless": 0,
        "number_channels": 2,
        "replay_gain": -4.48911857605,
        "sample_rate": 48000,
        "codec": "mp3",
        "md5_encoded": "e9ce67d068698e73c33508f73eecd2da"
    },
    "tags": {
        "file_name": "France_On Aura Le Ciel_Sofia Mestari.mp3",
        "encoding": ["Lavf58.29.100"]
    }
},
"lowlevel": {
    "average_loudness": 0.937554836273,
    "barkbands_crest": {
        "max": 22.0664463043,
        "mean": 6.97442483902,
        "min": 2.75980210304,
        "stdev": 3.25469517708
    },
    "barkbands_flatness_db": {
        "max": 0.287959367037,
        "mean": 0.161004215479,
        "min": 0.0647902116179,
        "stdev": 0.0295449625701
    },
    "barkbands_kurtosis": {
        "max": 15.1399059296,
        "mean": 0.68472212553,
        "min": -1.62650692463,
        "stdev": 2.11457371712
    },
    "barkbands_skewness": {
        "max": 3.13624453545,
        "mean": 0.547968029976,
        "min": -2.13943982124,
        "stdev": 0.6864336133
    },
    "barkbands_spread": {
        "max": 38.9648628235,
        "mean": 14.7771587372,
        "min": 3.025411129,
        "stdev": 6.20988178253
    },
    "dissonance": {
        "max": 0.499964207411,
        "mean": 0.483464509249,
        "min": 0.352686405182,
        "stdev": 0.0197023153305
    },
    "dynamic_complexity": 2.01208591461,
    "erbbands_crest": {
        "max": 25.1983375549,
        "mean": 8.07779884338,
        "min": 3.03812384605,
        "stdev": 3.37344455719
    },
    "erbbands_flatness_db": {
        "max": 0.322826951742,
        "mean": 0.238310828805,
        "min": 0.0878802612424,
        "stdev": 0.02775625512
    },
    "erbbands_kurtosis": {
        "max": 12.3161783218,
        "mean": 0.39978659153,
        "min": -1.63040959835,
        "stdev": 1.34181749821
    },
    "erbbands_skewness": {
        "max": 3.08928751945,
        "mean": 0.348798036575,
        "min": -1.53574228287,
        "stdev": 0.688183188438
    },
    "erbbands_spread": {
        "max": 41.7044754028,
        "mean": 18.7966079712,
        "min": 6.20556306839,
        "stdev": 5.88771486282
    },
    "hfc": {
        "max": 97.7502593994,
        "mean": 29.4284095764,
        "min": 1.20972239675e-16,
        "stdev": 16.8749923706
    },
    "loudness_ebu128": {
        "integrated": -17.4988441467,
        "loudness_range": 4.33743667603,
        "momentary": {
            "max": -14.1964244843,
            "mean": -18.1695461273,
            "min": -25.8409328461,
            "stdev": 2.63393545151
        },
        "short_term": {
            "max": -15.3910551071,
            "mean": -17.3309555054,
            "min": -20.9885940552,
            "stdev": 1.53972017765
        }
    },
    "melbands_crest": {
        "max": 27.1962203979,
        "mean": 8.6921672821,
        "min": 2.15278077126,
        "stdev": 3.90191817284
    },
    "melbands_flatness_db": {
        "max": 0.343613058329,
        "mean": 0.149049431086,
        "min": 0.00502125406638,
        "stdev": 0.0464544259012
    },
    "melbands_kurtosis": {
        "max": 24.6527519226,
        "mean": 2.16001653671,
        "min": -1.39439082146,
        "stdev": 3.21607589722
    },
    "melbands_skewness": {
        "max": 3.87501335144,
        "mean": 0.940481841564,
        "min": -0.299195766449,
        "stdev": 0.659034430981
    },
    "melbands_spread": {
        "max": 144.252090454,
        "mean": 26.0593624115,
        "min": 4.40008592606,
        "stdev": 14.1564788818
    },
    "pitch_salience": {
        "max": 0.962252318859,
        "mean": 0.720841109753,
        "min": 0.259197026491,
        "stdev": 0.0782135426998
    },
    "silence_rate_20dB": {
        "max": 1,
        "mean": 1,
        "min": 1,
        "stdev": 0
    },
    "silence_rate_30dB": {
        "max": 1,
        "mean": 1,
        "min": 1,
        "stdev": 0
    },
    "silence_rate_60dB": {
        "max": 1,
        "mean": 0.0127272726968,
        "min": 0,
        "stdev": 0.112095631659
    },
    "spectral_centroid": {
        "max": 11281.6240234,
        "mean": 1725.09863281,
        "min": 497.498443604,
        "stdev": 715.005554199
    },
    "spectral_complexity": {
        "max": 48,
        "mean": 30.6709098816,
        "min": 0,
        "stdev": 9.54102993011
    },
    "spectral_decrease": {
        "max": 1.10705041172e-28,
        "mean": -5.41820055489e-09,
        "min": -2.55642476077e-08,
        "stdev": 3.12782577616e-09
    },
    "spectral_energy": {
        "max": 0.104289121926,
        "mean": 0.0231187827885,
        "min": 1.0561144793e-20,
        "stdev": 0.0131718125194
    },
    "spectral_energyband_high": {
        "max": 0.00442302273586,
        "mean": 0.000422591430834,
        "min": 7.61488577867e-21,
        "stdev": 0.000417862087488
    },
    "spectral_energyband_low": {
        "max": 0.00798194296658,
        "mean": 0.000626534223557,
        "min": 2.97833235698e-23,
        "stdev": 0.000895631324966
    },
    "spectral_energyband_middle_high": {
        "max": 0.0651080161333,
        "mean": 0.0155206508934,
        "min": 1.46941517139e-21,
        "stdev": 0.0109153175727
    },
    "spectral_energyband_middle_low": {
        "max": 0.0550201311707,
        "mean": 0.00733263697475,
        "min": 2.66848420171e-22,
        "stdev": 0.0059451838024
    },
    "spectral_entropy": {
        "max": 9.8092880249,
        "mean": 7.65999889374,
        "min": 6.31830883026,
        "stdev": 0.315364986658
    },
    "spectral_flux": {
        "max": 0.195152759552,
        "mean": 0.0864337310195,
        "min": 6.66457930509e-11,
        "stdev": 0.0335319302976
    },
    "spectral_kurtosis": {
        "max": 28.1117076874,
        "mean": 6.27554225922,
        "min": -1.23129236698,
        "stdev": 3.52618074417
    },
    "spectral_rms": {
        "max": 0.0100868968293,
        "mean": 0.00456442916766,
        "min": 3.20991518955e-12,
        "stdev": 0.00131184177008
    },
    "spectral_rolloff": {
        "max": 18906.1523438,
        "mean": 2073.80297852,
        "min": 516.796875,
        "stdev": 1299.59912109
    },
    "spectral_skewness": {
        "max": 3.61293458939,
        "mean": 1.67848515511,
        "min": -0.0329753793776,
        "stdev": 0.391299039125
    },
    "spectral_spread": {
        "max": 42052248,
        "mean": 2993087.75,
        "min": 1591440.375,
        "stdev": 2444363.5
    },
    "spectral_strongpeak": {
        "max": 8.47665119171,
        "mean": 1.51315522194,
        "min": 0,
        "stdev": 1.37146246433
    },
    "zerocrossingrate": {
        "max": 0.65380859375,
        "mean": 0.0725257471204,
        "min": 0.0126953125,
        "stdev": 0.0469816885889
    },
    "barkbands": {
        "max": [0.000106347113615, 0.00742996949703, 0.00366608379409, 0.0061811292544, 0.0210588071495, 0.0162770263851, 0.0080130584538, 0.0259124413133, 0.0179070662707, 0.0550161339343, 0.0192392710596, 0.0120097156614, 0.0100687574595, 0.0112904347479, 0.00675497157499, 0.0131336832419, 0.00546239037067, 0.00727287912741, 0.0030915690586, 0.000943743565585, 0.00100914342329, 0.000613799551502, 0.000864278059453, 0.0010305539472, 0.00114279962145, 3.34166179528e-06, 3.6267122141e-06],
        "mean": [7.59141266826e-06, 0.000133018751512, 0.000323599466356, 0.000350897869794, 0.000690505432431, 0.000844241876621, 0.000707306084223, 0.000846982002258, 0.00266380584799, 0.00471327500418, 0.0018237773329, 0.00169480871409, 0.00150191842113, 0.00151906907558, 0.00134214246646, 0.00145885907114, 0.000871035677847, 0.00064666965045, 0.000449454732006, 0.000204906711588, 0.000134750007419, 8.83855536813e-05, 4.59404436697e-05, 3.20641229337e-05, 2.3762579076e-05, 1.71771254998e-08, 7.4678840889e-09],
        "min": [8.84457751843e-24, 1.93130804305e-23, 6.69702992171e-24, 1.27127648558e-23, 2.52865071765e-23, 5.34455976969e-23, 5.47641944772e-23, 4.08549011776e-23, 3.99196781754e-23, 2.54100112398e-23, 3.5330946865e-23, 4.79462463782e-23, 7.12223194497e-23, 9.23741983626e-23, 1.35226750943e-22, 1.12796343073e-22, 1.26173480272e-22, 1.98598888333e-22, 2.9981036094e-22, 3.04845262512e-22, 3.25779030851e-22, 5.31466118407e-22, 4.05533221778e-22, 7.0586632613e-22, 1.10544156548e-21, 1.47820224884e-21, 2.50803362964e-21],
        "stdev": [9.82416804618e-06, 0.000491793791298, 0.000638356723357, 0.000833558791783, 0.00150868203491, 0.00137419113889, 0.00124590110499, 0.00178371567745, 0.0026509265881, 0.00723517406732, 0.00216015032493, 0.00158347422257, 0.00135456002317, 0.0013345843181, 0.00107859168202, 0.00133167719468, 0.000710784981493, 0.00073474063538, 0.000482071744045, 0.000157908056281, 0.000121134202345, 8.4793093265e-05, 6.90497618052e-05, 7.40699761081e-05, 7.75613079895e-05, 1.53042805096e-07, 1.54473212888e-07]
    },
    "erbbands": {
        "max": [0.21042650938, 1.77191400528, 2.81631207466, 10.631444931, 14.019443512, 52.49817276, 323.610900879, 64.5806884766, 78.3214950562, 157.089813232, 714.996704102, 414.914916992, 1782.64355469, 1562.99963379, 393.217254639, 586.638183594, 504.600067139, 497.419342041, 502.315307617, 640.195800781, 661.152587891, 435.51348877, 264.265106201, 335.599395752, 103.937332153, 53.4696769714, 41.9770393372, 29.9913921356, 22.4908618927, 31.435382843, 28.6124687195, 21.1091785431, 16.5472278595, 13.3809690475, 9.45514202118, 0.735182106495, 0.0173993036151, 0.00224145501852, 0.000516209402122, 0.000126071827253],
        "mean": [0.0037441670429, 0.0346986316144, 0.269583493471, 0.86060833931, 1.05842459202, 2.93347334862, 4.07109308243, 8.28644371033, 9.00749969482, 14.3670186996, 24.5262527466, 55.1003112793, 119.910072327, 137.105545044, 69.4214172363, 69.9945983887, 70.5546951294, 79.8293991089, 74.3172683716, 66.3404464722, 81.2994918823, 51.5980567932, 37.5859870911, 27.2190475464, 17.481464386, 9.92408466339, 6.56255483627, 4.54492473602, 3.34166359901, 2.13374257088, 1.19694232941, 0.738521397114, 0.490956246853, 0.311444103718, 0.1468577981, 0.00902049429715, 0.000265618291451, 2.73058867606e-05, 1.76057346835e-05, 2.96570760838e-05],
        "min": [2.24667131423e-22, 5.07886755455e-21, 1.16386719411e-20, 1.68176788369e-20, 7.22250554652e-20, 6.44424749732e-20, 3.061739244e-19, 2.63954393291e-19, 7.31078872384e-19, 5.52666043821e-19, 8.85732902405e-19, 1.06136537013e-18, 7.39508308115e-19, 8.24386810034e-19, 3.05157598601e-18, 1.79710509508e-18, 3.33430363104e-18, 4.44582778595e-18, 6.00460001947e-18, 7.72186833016e-18, 6.15776450401e-18, 7.05015135066e-18, 1.10431217395e-17, 1.51867713487e-17, 1.47161998787e-17, 1.5024352781e-17, 1.21753045234e-17, 1.59300394512e-17, 1.79672430248e-17, 1.94614141069e-17, 1.17727289542e-17, 1.32194000167e-17, 1.32474836257e-17, 1.21813925727e-17, 7.02856359103e-18, 5.50386664925e-18, 2.82203936308e-18, 1.33794241033e-18, 3.47846534028e-19, 3.25004561798e-20],
        "stdev": [0.0127830496058, 0.11373180896, 0.480315506458, 1.45319986343, 2.07291769981, 5.71110868454, 18.4011669159, 11.8220510483, 13.77876091, 24.0151863098, 50.5729026794, 56.6375961304, 163.196838379, 202.712463379, 62.1641769409, 66.4253234863, 62.5841331482, 67.0032348633, 58.0581321716, 55.4235458374, 76.3903808594, 42.536365509, 36.7284584045, 28.8895645142, 16.7108383179, 7.92085886002, 5.70220756531, 3.98535108566, 3.12046718597, 2.63329577446, 1.94267356396, 1.49917924404, 1.19500946999, 0.898581147194, 0.570403218269, 0.0420706011355, 0.00105690141208, 0.000114577705972, 2.48908600042e-05, 1.68988481164e-05]
    },
    "gfcc": {
        "mean": [-21.027261734, 98.5366134644, -200.53012085, 15.4795379639, -70.7716598511, 17.4797744751, -36.192237854, 8.44085884094, -14.8324794769, -11.734249115, -8.48058986664, -14.9513711929, 5.87733745575],
        "cov": [[10206.9521484, -183.383880615, -1701.45446777, 6.56992006302, -687.333007812, 375.122039795, -309.177581787, 88.667755127, -332.75213623, -151.761703491, -129.591491699, -20.0010681152, 46.6460342407], [-183.383880615, 1331.01025391, 514.284667969, 203.406646729, 224.576004028, -407.728546143, -170.961547852, -190.838226318, 164.831298828, -51.443271637, 32.6873435974, -90.1180648804, 19.2605323792], [-1701.45446777, 514.284667969, 648.461730957, 104.782203674, 181.22819519, -204.679855347, -92.3338088989, -118.022346497, 66.8550109863, -2.25934839249, -0.209209278226, -18.4544067383, -8.28598213196], [6.56992006302, 203.406646729, 104.782203674, 203.404495239, 109.100128174, -6.62651443481, -12.3620347977, -43.4125518799, -11.6865005493, 5.76364707947, 12.7087173462, -38.9806900024, -22.6080589294], [-687.333007812, 224.576004028, 181.22819519, 109.100128174, 155.874130249, -60.5231895447, 9.08997821808, -30.6084709167, 41.8113479614, 6.75717830658, 17.1938266754, -22.6725692749, -17.7568492889], [375.122039795, -407.728546143, -204.679855347, -6.62651443481, -60.5231895447, 245.916091919, 128.954269409, 85.3128662109, -71.3275680542, 31.5749950409, 2.55762290955, 6.5508723259, -1.67439234257], [-309.177581787, -170.961547852, -92.3338088989, -12.3620347977, 9.08997821808, 128.954269409, 215.631362915, 101.616706848, 9.33127975464, 42.4288978577, 41.5742950439, -7.66398668289, 18.3827724457], [88.667755127, -190.838226318, -118.022346497, -43.4125518799, -30.6084709167, 85.3128662109, 101.616706848, 103.966339111, 9.43680095673, 26.2955055237, 14.6904258728, 15.12682724, 11.9507570267], [-332.75213623, 164.831298828, 66.8550109863, -11.6865005493, 41.8113479614, -71.3275680542, 9.33127975464, 9.43680095673, 98.9088516235, 21.6122627258, 17.7511081696, -0.867410719395, 8.71816825867], [-151.761703491, -51.443271637, -2.25934839249, 5.76364707947, 6.75717830658, 31.5749950409, 42.4288978577, 26.2955055237, 21.6122627258, 56.320690155, 26.2910194397, 3.00431156158, 0.752180695534], [-129.591491699, 32.6873435974, -0.209209278226, 12.7087173462, 17.1938266754, 2.55762290955, 41.5742950439, 14.6904258728, 17.7511081696, 26.2910194397, 53.2498550415, 6.84929227829, 9.93935012817], [-20.0010681152, -90.1180648804, -18.4544067383, -38.9806900024, -22.6725692749, 6.5508723259, -7.66398668289, 15.12682724, -0.867410719395, 3.00431156158, 6.84929227829, 43.3574485779, 9.95565700531], [46.6460342407, 19.2605323792, -8.28598213196, -22.6080589294, -17.7568492889, -1.67439234257, 18.3827724457, 11.9507570267, 8.71816825867, 0.752180695534, 9.93935012817, 9.95565700531, 37.3355484009]],
        "icov": [[0.00107365520671, -0.00259801675566, 0.00307341525331, -0.00156098348089, 0.00328923529014, -0.00229595089331, 0.00295456801541, -0.00291443662718, 0.00247059483081, -0.000962616351899, 0.00199232180603, -0.00159550097305, 1.28152260004e-05], [-0.00259801675566, 0.0100369919091, -0.00830773077905, 0.00115214765538, -0.00743072247133, 0.00845386367291, -0.00658290460706, 0.00861810706556, -0.010116728954, 0.00603215536103, -0.0081303184852, 0.00937674939632, -0.00384545233101], [0.00307341525331, -0.00830773077905, 0.0122720003128, -0.0035803236533, 0.00587046053261, -0.00539840338752, 0.00772901298478, -0.00622056564316, 0.00871688034385, -0.00602611294016, 0.00861459318548, -0.0070571359247, -0.00058860325953], [-0.00156098348089, 0.00115214765538, -0.0035803236533, 0.0163227040321, -0.0148143442348, -0.00163497356698, -0.000571318087168, 0.00376836839132, 0.0034461398609, -0.00301683880389, -0.00488647120073, 0.00669058039784, 0.00117419427261], [0.00328923529014, -0.00743072247133, 0.00587046053261, -0.0148143442348, 0.0313369035721, -0.00431609200314, 0.00275008869357, -0.00684421742335, -0.000273376295809, 0.00190646515694, 0.00450617959723, -0.00762735586613, 0.00846277177334], [-0.00229595089331, 0.00845386367291, -0.00539840338752, -0.00163497356698, -0.00431609200314, 0.0218111667782, -0.0134016135707, 0.0048179384321, 0.000724638928659, -0.00278037507087, -0.00011619397992, 0.00353388045914, -0.000723596836906], [0.00295456801541, -0.00658290460706, 0.00772901298478, -0.000571318087168, 0.00275008869357, -0.0134016135707, 0.0256140194833, -0.0191824901849, 0.0059903357178, -0.00130491016898, -0.0046057458967, 0.00765687599778, -0.00687856413424], [-0.00291443662718, 0.00861810706556, -0.00622056564316, 0.00376836839132, -0.00684421742335, 0.0048179384321, -0.0191824901849, 0.0370059274137, -0.0148332025856, 0.00137731817085, -0.00176908529829, -0.00328415818512, -0.000560180051252], [0.00247059483081, -0.010116728954, 0.00871688034385, 0.0034461398609, -0.000273376295809, 0.000724638928659, 0.0059903357178, -0.0148332025856, 0.0333770141006, -0.0173041336238, 0.00922464579344, -0.00662399735302, -0.000280020118225], [-0.000962616351899, 0.00603215536103, -0.00602611294016, -0.00301683880389, 0.00190646515694, -0.00278037507087, -0.00130491016898, 0.00137731817085, -0.0173041336238, 0.0376981757581, -0.0194068998098, 0.0070614432916, 0.00247493362986], [0.00199232180603, -0.0081303184852, 0.00861459318548, -0.00488647120073, 0.00450617959723, -0.00011619397992, -0.0046057458967, -0.00176908529829, 0.00922464579344, -0.0194068998098, 0.041823245585, -0.0191081725061, -0.00217191479169], [-0.00159550097305, 0.00937674939632, -0.0070571359247, 0.00669058039784, -0.00762735586613, 0.00353388045914, 0.00765687599778, -0.00328415818512, -0.00662399735302, 0.0070614432916, -0.0191081725061, 0.0481642335653, -0.0128982951865], [1.28152260004e-05, -0.00384545233101, -0.00058860325953, 0.00117419427261, 0.00846277177334, -0.000723596836906, -0.00687856413424, -0.000560180051252, -0.000280020118225, 0.00247493362986, -0.00217191479169, -0.0128982951865, 0.040923923254]]
    },
    "melbands": {
        "max": [0.00203590933233, 0.00124168826733, 0.0019551187288, 0.00172818719875, 0.00957640539855, 0.00132083438803, 0.00129311869387, 0.00144355604425, 0.00552326673642, 0.00302183046006, 0.00927942432463, 0.00644187582657, 0.0014776365133, 0.00139602005947, 0.00132653710898, 0.000895949546248, 0.00101460656151, 0.000931855407543, 0.000564398884308, 0.00111874658614, 0.000884599168785, 0.000471598148579, 0.000229649740504, 0.00040319818072, 0.000278508145129, 0.000114533002488, 6.98804724379e-05, 3.40925835189e-05, 1.92994320969e-05, 3.85509083571e-05, 1.67547423189e-05, 1.414257531e-05, 1.20380364024e-05, 2.02466580959e-05, 1.89233742276e-05, 1.29420332087e-05, 1.60035506269e-05, 1.32859222504e-05, 8.36933486426e-06, 1.26373188323e-05],
        "mean": [3.56389646186e-05, 0.000113614769361, 0.000156969967065, 0.000127723571495, 0.000148314691614, 0.000179659415153, 0.000141165583045, 0.000155595946126, 0.000211372622289, 0.000383318954846, 0.000616382050794, 0.000582475797273, 0.000236136853346, 0.000192535779206, 0.000163537319168, 0.000154131193995, 0.000146557431435, 0.000117723167932, 0.000100075376395, 8.61970838741e-05, 9.55995128606e-05, 5.34255232196e-05, 3.90487148252e-05, 2.93924113066e-05, 2.15660511458e-05, 1.62989235832e-05, 8.5284054876e-06, 6.09122753303e-06, 4.2239735194e-06, 3.26580766341e-06, 2.42781607085e-06, 2.00954582397e-06, 1.446849069e-06, 1.07200821731e-06, 7.24688902665e-07, 5.06188541749e-07, 4.27507558243e-07, 3.5617517824e-07, 2.84310090137e-07, 2.60229768401e-07],
        "min": [3.78393383724e-24, 6.67486214141e-24, 5.51867525542e-24, 4.41251832247e-24, 8.82372871356e-24, 7.37070372413e-24, 1.14260790768e-23, 6.18514794107e-24, 6.93451886381e-24, 6.55817383631e-24, 3.55129283983e-24, 3.02910399704e-24, 7.99465325712e-24, 6.23167574612e-24, 4.75098698247e-24, 7.04825604026e-24, 8.84346206911e-24, 7.20150173743e-24, 9.86062563119e-24, 9.22756712133e-24, 7.0090409758e-24, 6.19156374681e-24, 1.23896174523e-23, 7.9378339727e-24, 1.27266724735e-23, 1.21915952213e-23, 1.0223369119e-23, 9.28821790317e-24, 7.94088923098e-24, 7.54726420536e-24, 8.10332357998e-24, 1.01567158945e-23, 1.00069758952e-23, 9.27743417459e-24, 6.04466443563e-24, 6.73607774766e-24, 7.665384293e-24, 8.80726203103e-24, 9.77600688847e-24, 1.04211578471e-23],
        "stdev": [0.000131672772113, 0.000184162374353, 0.000277683488093, 0.000213011953747, 0.000552725803573, 0.000254108163062, 0.000213867897401, 0.00022864753555, 0.000404909224017, 0.00039601669414, 0.000849092670251, 0.000894169788808, 0.000242138528847, 0.000176817018655, 0.000148992767208, 0.000139214156661, 0.000131973138195, 9.78496318567e-05, 8.31213546917e-05, 8.43308298499e-05, 9.73479691311e-05, 4.731710942e-05, 3.39296384482e-05, 3.73794500774e-05, 2.41387588176e-05, 1.90956361621e-05, 7.69830239733e-06, 5.33130560143e-06, 3.74636351808e-06, 3.2953698792e-06, 2.14613964999e-06, 1.91220760826e-06, 1.51153062689e-06, 1.50346124883e-06, 1.26973975512e-06, 8.29472924124e-07, 9.99821850201e-07, 9.02949011561e-07, 6.7636545964e-07, 8.28191730307e-07]
    },
    "melbands128": {
        "max": [0.000104204926174, 0.00137898954563, 0.00334796868265, 0.00284877466038, 0.00103311985731, 0.00201338669285, 0.00208352785558, 0.00329388817772, 0.00137256539892, 0.00101534940768, 0.00402352586389, 0.00971814244986, 0.0161423198879, 0.00378329656087, 0.00150030339137, 0.00224152882583, 0.00159927085042, 0.000871004071087, 0.00188737898134, 0.00288718263619, 0.000911434472073, 0.00738585973158, 0.00907766260207, 0.00566959800199, 0.00323524326086, 0.00542870908976, 0.00705563183874, 0.0153863402084, 0.0121203977615, 0.0114055369049, 0.00936037581414, 0.00419148104265, 0.00214257207699, 0.00188640225679, 0.00122341886163, 0.00234824046493, 0.00232914695516, 0.00256992410868, 0.00129330414347, 0.00189225212671, 0.00156987283845, 0.000952588918153, 0.00183093827218, 0.00254318420775, 0.00118624232709, 0.000831512908917, 0.00103962433059, 0.000894106051419, 0.000557841034606, 0.00136608222965, 0.00147274287883, 0.000949615729041, 0.00191464205272, 0.00063127616886, 0.000763106567319, 0.000961506157182, 0.000320545892464, 0.000238498265389, 0.000459177914308, 0.000456318783108, 0.000357330660336, 0.000926882727072, 0.000233408660279, 0.000196418332052, 0.000418301700847, 0.000159283794346, 9.37187141972e-05, 0.000143909070175, 4.74459993711e-05, 0.000119678152259, 6.24799431534e-05, 5.35555482202e-05, 3.07726768369e-05, 3.48676803696e-05, 2.76105402008e-05, 7.21801261534e-05, 2.26564843615e-05, 2.12493305298e-05, 1.97023655346e-05, 1.82177609531e-05, 1.80593578989e-05, 1.57064860105e-05, 1.22466590255e-05, 1.58507464221e-05, 1.73696462298e-05, 2.60847336904e-05, 2.22030721488e-05, 3.2964242564e-05, 2.6988936952e-05, 1.4015618035e-05, 1.27613420773e-05, 1.20711147247e-05, 1.60233958013e-05, 1.52025431817e-05, 2.44085094891e-05, 1.48081107909e-05, 1.58988059411e-05, 9.21841638046e-06, 8.5559731815e-06, 8.69117047841e-06, 1.07504183688e-05, 1.57433751156e-05, 1.51901003846e-05, 9.15646432986e-06, 1.30661164803e-05, 1.69615395862e-05, 3.23757308252e-06, 4.59820341803e-08, 2.26742340459e-08, 2.19768665488e-08, 2.12400728117e-08, 2.04959640371e-08, 1.98138518925e-08, 1.91643696468e-08, 1.85804456265e-08, 1.80015415907e-08, 1.74123133689e-08, 1.69421827678e-08, 1.64644120559e-08, 1.60233604163e-08, 1.56040478316e-08, 1.53390704583e-08, 1.50723575842e-08, 1.48209569062e-08, 1.45885659109e-08, 1.44275436043e-08, 1.42949163617e-08, 1.42170168971e-08],
        "mean": [6.36098229734e-06, 2.65215785475e-05, 4.98913395859e-05, 4.98634653923e-05, 9.83514910331e-05, 0.000178937465535, 0.000174055108801, 0.000182324540219, 8.32694131532e-05, 8.31638462842e-05, 0.000189263242646, 0.000193034444237, 0.000146660051541, 8.11452991911e-05, 0.000161094751093, 0.00027620603214, 0.000160240175319, 0.000102110898297, 0.000111075307359, 0.000206475349842, 0.000120809985674, 0.000182202857104, 0.000224883449846, 0.000238173786784, 0.000290402851533, 0.000451025727671, 0.000585650443099, 0.000606730056461, 0.000646374304779, 0.000774082844146, 0.000528068863787, 0.000281821849057, 0.000216662854655, 0.000201145958272, 0.000189806189155, 0.000191732135136, 0.000195543034351, 0.000156621972565, 0.000150003179442, 0.000154431618284, 0.000155956004164, 0.000151617015945, 0.000158553768415, 0.000140471500345, 0.000114753609523, 0.00011220091983, 0.000123524412629, 0.000109081251139, 8.3249869931e-05, 8.17290929263e-05, 8.74376346474e-05, 7.89517944213e-05, 0.000138695395435, 7.76268352638e-05, 5.48399730178e-05, 5.73121287744e-05, 4.7436744353e-05, 3.93950322177e-05, 3.73319380742e-05, 3.51438866346e-05, 2.78352908936e-05, 2.86678659904e-05, 1.93713494809e-05, 1.71109440998e-05, 2.88284936687e-05, 1.50175192175e-05, 1.11383787953e-05, 1.0327421478e-05, 7.35946423447e-06, 7.0170995059e-06, 6.42381201033e-06, 5.76272668695e-06, 4.24030577051e-06, 4.12194413002e-06, 3.8757616494e-06, 3.47175796378e-06, 2.99724956676e-06, 2.49048412115e-06, 2.41554312197e-06, 2.27249574891e-06, 2.14815759136e-06, 1.91227013602e-06, 1.59551734669e-06, 1.42423596117e-06, 1.32152115384e-06, 1.14367287551e-06, 1.0177900549e-06, 8.45736622068e-07, 7.36426159165e-07, 6.09003791396e-07, 5.38542792583e-07, 4.76778950542e-07, 4.58041483853e-07, 4.35644182062e-07, 4.02298837798e-07, 3.77123598128e-07, 3.53829591404e-07, 3.11795048447e-07, 3.05135415601e-07, 2.47806298148e-07, 2.56474919524e-07, 2.80435926925e-07, 2.48691861771e-07, 1.96655335571e-07, 1.91430174823e-07, 1.62890771094e-07, 3.62030014855e-08, 8.05996325237e-10, 4.78182840546e-11, 4.54663182103e-11, 4.38886843535e-11, 4.23263021854e-11, 4.08920848571e-11, 3.95248556107e-11, 3.82982048852e-11, 3.7110717277e-11, 3.58925875132e-11, 3.49126977328e-11, 3.39394554127e-11, 3.30376490054e-11, 3.21667067982e-11, 3.1615446372e-11, 3.10635059342e-11, 3.05361499975e-11, 2.99806672543e-11, 2.95021507224e-11, 2.91545364239e-11, 2.89842854578e-11],
        "min": [2.90478346268e-24, 1.70968364596e-24, 1.69954402231e-24, 1.20506312995e-23, 8.45855553421e-24, 2.58574878552e-24, 1.03363833044e-24, 9.52886938864e-24, 8.10688528696e-24, 2.58177036276e-24, 2.24349674862e-24, 6.92809359173e-24, 1.26275505231e-23, 9.82971175003e-24, 2.76653795562e-24, 2.24774515903e-24, 7.61054347173e-24, 1.69041311511e-23, 7.00211398819e-24, 2.03757368121e-24, 5.47237069801e-24, 9.39539017917e-24, 4.47778670162e-24, 4.70069591647e-24, 8.13526219145e-24, 7.55542497142e-24, 2.51092808967e-24, 3.90761223882e-24, 3.27493041005e-24, 3.32036090958e-24, 2.88992901462e-24, 2.34537616238e-24, 5.53284240842e-24, 1.3400924511e-23, 6.37999619023e-24, 2.48824557763e-24, 1.74259630343e-24, 4.5866684392e-24, 6.97094451611e-24, 5.81721098753e-24, 9.42086013121e-24, 2.09013607497e-24, 5.17791968766e-24, 9.96613183296e-24, 7.46522424893e-24, 4.55934269187e-24, 3.26608156006e-24, 5.60219827034e-24, 1.0026021364e-23, 1.03414481858e-23, 6.33271541745e-24, 8.07167448046e-24, 5.04484634713e-24, 7.3035251183e-24, 7.00060174184e-24, 4.91069463374e-24, 3.80814595057e-24, 1.07560876771e-23, 1.18675130176e-23, 1.06458751312e-23, 3.65950444008e-24, 7.76849393534e-24, 7.54925607914e-24, 1.5414637122e-23, 1.64806359073e-23, 1.25075458467e-23, 6.60676293491e-24, 7.93526386387e-24, 1.00379528852e-23, 6.89494723422e-24, 5.92466725346e-24, 8.32182148464e-24, 9.1458845189e-24, 6.95682153932e-24, 7.48713012741e-24, 3.57656163235e-24, 1.06013344668e-23, 6.34923495366e-24, 6.31252570587e-24, 1.01338523389e-23, 7.80880393873e-24, 9.53305271802e-24, 1.1078546405e-23, 9.84461964342e-24, 9.34291041859e-24, 9.08220924435e-24, 9.50739501707e-24, 5.38075673121e-24, 6.59904669196e-24, 5.24308275388e-24, 4.91694320097e-24, 5.04654594795e-24, 1.33588987351e-23, 6.14741869613e-24, 5.44066637823e-24, 1.0100804589e-23, 9.16928765537e-24, 7.07871948184e-24, 9.45059387645e-24, 1.13869996964e-23, 6.60458962311e-24, 9.22967180222e-24, 8.04958085309e-24, 5.45952725361e-24, 8.08399491008e-24, 7.76122063779e-24, 6.26126276323e-24, 9.10932633797e-24, 8.61568006045e-24, 1.18594863579e-23, 8.39706619323e-24, 7.90304836222e-24, 6.2471689743e-24, 1.20920464971e-23, 1.07619599577e-23, 7.8935528435e-24, 6.96401595078e-24, 7.75894082978e-24, 1.07592675754e-23, 1.08493894118e-23, 1.21503993271e-23, 8.3578968827e-24, 7.72505846504e-24, 8.05235606575e-24, 8.43699675453e-24, 9.5188153564e-24, 6.68928094104e-24, 1.27879417223e-23],
        "stdev": [8.48306444823e-06, 7.90694466559e-05, 0.000220010711928, 0.000181119175977, 0.000173865977558, 0.000356225733412, 0.000283479283098, 0.000470819766633, 0.000175368404598, 0.000142179080285, 0.000385273131542, 0.000608305912465, 0.000911577895749, 0.000273296580417, 0.000231984697166, 0.000454849592643, 0.000283610803308, 0.000160473995493, 0.000200730544748, 0.000453641434433, 0.000133046385599, 0.00046451902017, 0.000640916929115, 0.0003607920371, 0.000387914507883, 0.000602565298323, 0.000762886018492, 0.0012125991052, 0.00112091074698, 0.00156163424253, 0.000885130371898, 0.000434139161371, 0.000297096121358, 0.000224035858992, 0.000197241883143, 0.000238062479184, 0.000255927210674, 0.000182459203643, 0.000174346394488, 0.000192604915355, 0.000193660831428, 0.000147304541315, 0.000176464483957, 0.000191557584913, 0.000121254583064, 0.000115116497909, 0.000137710681884, 0.000112242851174, 8.50104697747e-05, 9.81397533906e-05, 0.000117305142339, 9.11878523766e-05, 0.000211730963201, 7.8319615568e-05, 6.44501051283e-05, 7.52749692765e-05, 5.07794320583e-05, 3.97778167098e-05, 4.5861419494e-05, 4.68950638606e-05, 3.93041445932e-05, 6.39174322714e-05, 2.39398596023e-05, 2.20341880777e-05, 5.47934796487e-05, 2.10368380067e-05, 1.30858852572e-05, 1.34306228574e-05, 7.10304675522e-06, 8.9336781457e-06, 7.15925716577e-06, 6.77466096022e-06, 4.19253592554e-06, 4.6655186452e-06, 4.01214811063e-06, 4.72799501949e-06, 3.3308424463e-06, 2.50686753134e-06, 2.43226600105e-06, 2.27989221457e-06, 2.28672183766e-06, 2.11488259083e-06, 1.65947960795e-06, 1.60347076417e-06, 1.81529003385e-06, 1.70139446709e-06, 1.56249893735e-06, 1.69395877947e-06, 1.53853773099e-06, 9.77293780124e-07, 9.09540688099e-07, 7.89063619777e-07, 9.49188290633e-07, 1.0195814184e-06, 1.23652489492e-06, 9.76314481704e-07, 9.59678686741e-07, 7.5000320976e-07, 7.89085220276e-07, 5.60938644867e-07, 7.14337147656e-07, 1.03567401766e-06, 9.12680548026e-07, 5.45919078832e-07, 7.78618016284e-07, 9.04243734112e-07, 1.97630527055e-07, 2.51412290986e-09, 9.65805657671e-10, 9.36060229328e-10, 9.04679275937e-10, 8.72985628231e-10, 8.43932868033e-10, 8.16270107062e-10, 7.91399390465e-10, 7.66741670155e-10, 7.41644634594e-10, 7.21620596611e-10, 7.01270319592e-10, 6.82484235792e-10, 6.64624744129e-10, 6.53338438905e-10, 6.41978192828e-10, 6.31270535845e-10, 6.21375617627e-10, 6.14523321119e-10, 6.08877503971e-10, 6.05559935529e-10]
    },
    "mfcc": {
        "mean": [-626.674377441, 115.694915771, -62.0197601318, -7.76850509644, -12.9455432892, -3.53788232803, -6.09517765045, 4.64065074921, 3.46342182159, 0.639051377773, -3.39423847198, -4.40779495239, -4.24106693268],
        "cov": [[4765.79638672, -705.182495117, -656.05267334, -519.613708496, -244.232299805, 29.2559356689, 119.957191467, 144.47076416, -16.9798698425, -103.550743103, 14.1470556259, -162.52532959, -142.225845337], [-705.182495117, 1240.03552246, 358.537597656, 457.485290527, 245.828857422, -71.9268417358, -243.886978149, -153.849136353, -29.2751026154, -29.3160896301, -75.4432525635, 74.5270309448, 78.942855835], [-656.05267334, 358.537597656, 318.803924561, 176.855895996, 125.753303528, -0.270029306412, -80.0994338989, -84.8660202026, -26.2602806091, -35.3045043945, -46.0892715454, 17.8892459869, 12.3357362747], [-519.613708496, 457.485290527, 176.855895996, 325.02444458, 175.020080566, 18.3089599609, -68.9634094238, -73.4153518677, -33.6030960083, -1.55927562714, -36.438293457, 27.5870342255, 51.1265907288], [-244.232299805, 245.828857422, 125.753303528, 175.020080566, 161.630386353, 17.4008960724, -73.279258728, -57.7520675659, -34.1689949036, -31.8658351898, -32.802734375, 6.56803798676, 25.2637310028], [29.2559356689, -71.9268417358, -0.270029306412, 18.3089599609, 17.4008960724, 90.9039993286, 66.3492736816, 9.97245788574, -0.74007153511, 23.5992832184, 5.93997478485, 0.0760874897242, -3.83344507217], [119.957191467, -243.886978149, -80.0994338989, -68.9634094238, -73.279258728, 66.3492736816, 187.75958252, 73.2249069214, 22.9143695831, 64.8198394775, 28.7844409943, -1.42038619518, -18.7616119385], [144.47076416, -153.849136353, -84.8660202026, -73.4153518677, -57.7520675659, 9.97245788574, 73.2249069214, 80.4751358032, 32.5076522827, 27.8163661957, 23.2697677612, -5.32387828827, -11.8466033936], [-16.9798698425, -29.2751026154, -26.2602806091, -33.6030960083, -34.1689949036, -0.74007153511, 22.9143695831, 32.5076522827, 60.1727294922, 34.8712348938, 12.5984678268, 13.8150138855, -0.154558688402], [-103.550743103, -29.3160896301, -35.3045043945, -1.55927562714, -31.8658351898, 23.5992832184, 64.8198394775, 27.8163661957, 34.8712348938, 85.8956375122, 29.88904953, 21.5922641754, 10.0220441818], [14.1470556259, -75.4432525635, -46.0892715454, -36.438293457, -32.802734375, 5.93997478485, 28.7844409943, 23.2697677612, 12.5984678268, 29.88904953, 45.8085479736, 12.5094203949, 0.298523724079], [-162.52532959, 74.5270309448, 17.8892459869, 27.5870342255, 6.56803798676, 0.0760874897242, -1.42038619518, -5.32387828827, 13.8150138855, 21.5922641754, 12.5094203949, 59.0701408386, 24.2727050781], [-142.225845337, 78.942855835, 12.3357362747, 51.1265907288, 25.2637310028, -3.83344507217, -18.7616119385, -11.8466033936, -0.154558688402, 10.0220441818, 0.298523724079, 24.2727050781, 52.4800758362]],
        "icov": [[0.000400746444939, -0.000318523059832, 0.000981257995591, 0.000622172956355, -0.000251264980761, -0.00047005127999, -0.000254256650805, 0.00015985230857, 2.99075127259e-05, 0.000723111152183, 0.000179639275302, 0.000480227259686, 0.000399093318265], [-0.000318523059832, 0.00294038769789, -0.00173671590164, -0.00375797087327, 0.00107715383638, 0.00169676670339, 0.00228690402582, -0.000282893655822, -0.000419458723627, -0.00163141638041, 0.00122415274382, -0.00214156741276, 0.000435952155385], [0.000981257995591, -0.00173671590164, 0.00872551929206, 0.000899552716874, -0.00270337867551, -0.00109183811583, -0.00223550130613, 0.00466290069744, -0.00181906099897, 0.00339965824969, 0.00183639675379, -6.75766705172e-06, 0.00315753719769], [0.000622172956355, -0.00375797087327, 0.000899552716874, 0.0149071719497, -0.0103707471862, -0.00137214746792, -0.00333275948651, 0.00110514159314, 0.00270414608531, -0.00279960571788, 0.00119220349006, 0.00213217176497, -0.00389521778561], [-0.000251264980761, 0.00107715383638, -0.00270337867551, -0.0103707471862, 0.0223602000624, -0.00690416060388, 0.00667284568772, -0.00180213002022, 0.00242525688373, 0.00310293771327, 0.00195916229859, -0.000479772948893, -0.00122690061107], [-0.00047005127999, 0.00169676670339, -0.00109183811583, -0.00137214746792, -0.00690416060388, 0.0208041872829, -0.0087460456416, 0.00394245097414, -0.00117342534941, -0.00246469164267, -0.0013165542623, -0.000581670319661, 0.00111744727474], [-0.000254256650805, 0.00228690402582, -0.00223550130613, -0.00333275948651, 0.00667284568772, -0.0087460456416, 0.0189566016197, -0.0123395519331, 0.00679259886965, -0.00990922562778, 0.00458794133738, -0.00291693792678, 0.0030188919045], [0.00015985230857, -0.000282893655822, 0.00466290069744, 0.00110514159314, -0.00180213002022, 0.00394245097414, -0.0123395519331, 0.0330582596362, -0.0147646125406, 0.00622616289183, -0.00703729921952, 0.00458720419556, -0.000421472737798], [2.99075127259e-05, -0.000419458723627, -0.00181906099897, 0.00270414608531, 0.00242525688373, -0.00117342534941, 0.00679259886965, -0.0147646125406, 0.0319652073085, -0.0139148086309, 0.00668796570972, -0.00611880794168, 0.00189084536396], [0.000723111152183, -0.00163141638041, 0.00339965824969, -0.00279960571788, 0.00310293771327, -0.00246469164267, -0.00990922562778, 0.00622616289183, -0.0139148086309, 0.0309248790145, -0.0125355767086, 0.000352894014213, -0.00350739038549], [0.000179639275302, 0.00122415274382, 0.00183639675379, 0.00119220349006, 0.00195916229859, -0.0013165542623, 0.00458794133738, -0.00703729921952, 0.00668796570972, -0.0125355767086, 0.0375808700919, -0.00880378298461, 0.00233630859293], [0.000480227259686, -0.00214156741276, -6.75766705172e-06, 0.00213217176497, -0.000479772948893, -0.000581670319661, -0.00291693792678, 0.00458720419556, -0.00611880794168, 0.000352894014213, -0.00880378298461, 0.0277262758464, -0.0102306203917], [0.000399093318265, 0.000435952155385, 0.00315753719769, -0.00389521778561, -0.00122690061107, 0.00111744727474, 0.0030188919045, -0.000421472737798, 0.00189084536396, -0.00350739038549, 0.00233630859293, -0.0102306203917, 0.0295834485441]]
    },
    "spectral_contrast_coeffs": {
        "max": [-0.396494448185, -0.578297913074, -0.574611186981, -0.676095247269, -0.646687209606, -0.683840513229],
        "mean": [-0.717527210712, -0.784709274769, -0.780919611454, -0.810101211071, -0.783598661423, -0.754731893539],
        "min": [-0.967492759228, -0.968096017838, -0.961126923561, -0.966987967491, -0.965968847275, -0.961319208145],
        "stdev": [0.0866307988763, 0.0619866847992, 0.0546578392386, 0.0352470688522, 0.0312625057995, 0.027458678931]
    },
    "spectral_contrast_valleys": {
        "max": [-6.58286571503, -5.38078355789, -5.06457185745, -5.19366931915, -5.94980621338, -8.20537471771],
        "mean": [-7.96308326721, -6.47250270844, -6.24003791809, -6.47456693649, -7.15636730194, -10.435593605],
        "min": [-27.3634338379, -27.2681179047, -27.1909427643, -27.1866531372, -27.3190574646, -27.2532577515],
        "stdev": [1.38289988041, 1.40754973888, 1.50554168224, 1.46602284908, 1.44412195683, 1.34823048115]
    }
},
"rhythm": {
    "beats_count": 20,
    "beats_loudness": {
        "max": 0.05689195171,
        "mean": 0.0225827582181,
        "min": 0.0033630465623,
        "stdev": 0.01248686295
    },
    "bpm": 94.3980865479,
    "bpm_histogram_first_peak_bpm": 94,
    "bpm_histogram_first_peak_weight": 0.250000059605,
    "bpm_histogram_second_peak_bpm": 99,
    "bpm_histogram_second_peak_spread": 0.545454502106,
    "bpm_histogram_second_peak_weight": 0.263157904148,
    "danceability": 0.881804585457,
    "onset_rate": 1.41072845459,
    "beats_loudness_band_ratio": {
        "max": [0.361187398434, 0.335761606693, 0.46452665329, 0.68803280592, 0.389090657234, 0.128247380257],
        "mean": [0.0546743758023, 0.0934566706419, 0.233030155301, 0.400283753872, 0.214506343007, 0.0412927083671],
        "min": [0.00199494278058, 0.00226156995632, 0.0753594338894, 0.0601217038929, 0.0355335213244, 0.00286296592094],
        "stdev": [0.0808042883873, 0.100258648396, 0.106424339116, 0.172030344605, 0.0869722142816, 0.0281972270459]
    },
    "beats_position": [0.568888902664, 1.16099774837, 1.75310659409, 2.34521532059, 2.92571425438, 3.52943301201, 4.12154197693, 4.72526073456, 5.31736946106, 5.92108821869, 6.52480697632, 7.12852573395, 7.75546455383, 8.38240337372, 9.02095222473, 9.65950107574, 10.2980499268, 10.9365987778, 11.5751476288, 12.2136955261],
