{
"metadata": {
    "version": {
        "essentia": "2.1-beta5",
        "essentia_git_sha": "Undefined",
        "extractor": "music 2.0"
    },
    "audio_properties": {
        "analysis": {
            "equal_loudness": 0,
            "length": 48.7502937317,
            "sample_rate": 44100,
            "start_time": 77.7520217896,
            "downmix": "mix"
        },
        "bit_rate": 192000,
        "length": 197.926895142,
        "lossless": 0,
        "number_channels": 2,
        "replay_gain": -7.07161521912,
        "sample_rate": 48000,
        "codec": "mp3",
        "md5_encoded": "1972daefa3ccb1cecf5d16ef50702cf3"
    },
    "tags": {
        "file_name": "Belgium_Envie De Vivre_Nathalie Sorce.mp3",
        "encoding": ["Lavf58.29.100"]
    }
},
"lowlevel": {
    "average_loudness": 0.981842517853,
    "barkbands_crest": {
        "max": 24.6504020691,
        "mean": 10.3624706268,
        "min": 2.47186756134,
        "stdev": 4.14420509338
    },
    "barkbands_flatness_db": {
        "max": 0.310027033091,
        "mean": 0.158286333084,
        "min": 0.0776344537735,
        "stdev": 0.0334585756063
    },
    "barkbands_kurtosis": {
        "max": 38.6366348267,
        "mean": 2.42705750465,
        "min": -1.82001805305,
        "stdev": 3.88039398193
    },
    "barkbands_skewness": {
        "max": 5.55764055252,
        "mean": 1.24563956261,
        "min": -2.30145215988,
        "stdev": 0.913048267365
    },
    "barkbands_spread": {
        "max": 75.7273788452,
        "mean": 21.9098777771,
        "min": 2.61697030067,
        "stdev": 10.7215852737
    },
    "dissonance": {
        "max": 0.499787122011,
        "mean": 0.458242982626,
        "min": 0.329267263412,
        "stdev": 0.0263883024454
    },
    "dynamic_complexity": 1.66589188576,
    "erbbands_crest": {
        "max": 31.30352211,
        "mean": 11.1557598114,
        "min": 2.45897936821,
        "stdev": 5.61967420578
    },
    "erbbands_flatness_db": {
        "max": 0.317134052515,
        "mean": 0.18335531652,
        "min": 0.0911568552256,
        "stdev": 0.0421764850616
    },
    "erbbands_kurtosis": {
        "max": 42.3657989502,
        "mean": 0.627251088619,
        "min": -1.7792301178,
        "stdev": 2.66740012169
    },
    "erbbands_skewness": {
        "max": 4.94129514694,
        "mean": 0.568145394325,
        "min": -2.87719750404,
        "stdev": 0.770183026791
    },
    "erbbands_spread": {
        "max": 119.937957764,
        "mean": 36.4560852051,
        "min": 3.46523761749,
        "stdev": 17.352399826
    },
    "hfc": {
        "max": 111.881896973,
        "mean": 26.4018516541,
        "min": 0.119942210615,
        "stdev": 15.0480270386
    },
    "loudness_ebu128": {
        "integrated": -16.164056778,
        "loudness_range": 1.00035667419,
        "momentary": {
            "max": -14.0160245895,
            "mean": -16.3219661713,
            "min": -20.9225120544,
            "stdev": 1.22863483429
        },
        "short_term": {
            "max": -15.4435100555,
            "mean": -16.171672821,
            "min": -16.9574718475,
            "stdev": 0.338726311922
        }
    },
    "melbands_crest": {
        "max": 31.4954128265,
        "mean": 13.8588476181,
        "min": 3.59997749329,
        "stdev": 4.96735572815
    },
    "melbands_flatness_db": {
        "max": 0.348771065474,
        "mean": 0.171724110842,
        "min": 0.043510582298,
        "stdev": 0.0415723845363
    },
    "melbands_kurtosis": {
        "max": 91.5964736938,
        "mean": 8.49604606628,
        "min": -1.70957183838,
        "stdev": 10.0372858047
    },
    "melbands_skewness": {
        "max": 7.61725902557,
        "mean": 2.06233215332,
        "min": -0.903635859489,
        "stdev": 1.28440821171
    },
    "melbands_spread": {
        "max": 159.756027222,
        "mean": 25.402217865,
        "min": 2.35972976685,
        "stdev": 14.7768239975
    },
    "pitch_salience": {
        "max": 0.893698751926,
        "mean": 0.534858644009,
        "min": 0.197618216276,
        "stdev": 0.107946127653
    },
    "silence_rate_20dB": {
        "max": 1,
        "mean": 1,
        "min": 1,
        "stdev": 0
    },
    "silence_rate_30dB": {
        "max": 1,
        "mean": 1,
        "min": 1,
        "stdev": 0
    },
    "silence_rate_60dB": {
        "max": 1,
        "mean": 0.00142789143138,
        "min": 0,
        "stdev": 0.0377604179084
    },
    "spectral_centroid": {
        "max": 4321.21142578,
        "mean": 1459.50183105,
        "min": 445.791137695,
        "stdev": 542.338623047
    },
    "spectral_complexity": {
        "max": 53,
        "mean": 20.4226551056,
        "min": 0,
        "stdev": 6.89592170715
    },
    "spectral_decrease": {
        "max": -3.39390633652e-11,
        "mean": -7.05987668326e-09,
        "min": -2.31632970582e-08,
        "stdev": 3.22064352964e-09
    },
    "spectral_energy": {
        "max": 0.0923543721437,
        "mean": 0.0290403552353,
        "min": 0.00013897230383,
        "stdev": 0.013023388572
    },
    "spectral_energyband_high": {
        "max": 0.0174024887383,
        "mean": 0.000984099693596,
        "min": 5.42585030416e-06,
        "stdev": 0.00115869741421
    },
    "spectral_energyband_low": {
        "max": 0.0403388626873,
        "mean": 0.00558922952041,
        "min": 2.60871729552e-06,
        "stdev": 0.00655505573377
    },
    "spectral_energyband_middle_high": {
        "max": 0.0539654381573,
        "mean": 0.00926385447383,
        "min": 1.82218500413e-05,
        "stdev": 0.00916783791035
    },
    "spectral_energyband_middle_low": {
        "max": 0.083355307579,
        "mean": 0.0142792528495,
        "min": 0.000113702706585,
        "stdev": 0.0101361116394
    },
    "spectral_entropy": {
        "max": 8.52036094666,
        "mean": 7.60647392273,
        "min": 6.2571105957,
        "stdev": 0.283224999905
    },
    "spectral_flux": {
        "max": 0.264474213123,
        "mean": 0.0973033457994,
        "min": 0.0249106548727,
        "stdev": 0.0383800342679
    },
    "spectral_kurtosis": {
        "max": 11.7001590729,
        "mean": 3.22276544571,
        "min": -0.661910772324,
        "stdev": 1.63505935669
    },
    "spectral_rms": {
        "max": 0.00949219800532,
        "mean": 0.00517184427008,
        "min": 0.000368215609342,
        "stdev": 0.00125859305263
    },
    "spectral_rolloff": {
        "max": 8354.8828125,
        "mean": 1569.16833496,
        "min": 150.732421875,
        "stdev": 1153.28173828
    },
    "spectral_skewness": {
        "max": 2.63467788696,
        "mean": 1.37527966499,
        "min": -0.025420607999,
        "stdev": 0.310822695494
    },
    "spectral_spread": {
        "max": 9986452,
        "mean": 4624397.5,
        "min": 2490757.25,
        "stdev": 1110165.625
    },
    "spectral_strongpeak": {
        "max": 12.4592628479,
        "mean": 1.84267985821,
        "min": 0.0092511959374,
        "stdev": 1.88844621181
    },
    "zerocrossingrate": {
        "max": 0.22509765625,
        "mean": 0.0651951879263,
        "min": 0.015625,
        "stdev": 0.0264609176666
    },
    "barkbands": {
        "max": [0.00222837785259, 0.0331599116325, 0.0286329351366, 0.0257699452341, 0.035516936332, 0.0588070340455, 0.0445966795087, 0.0349321179092, 0.0621872842312, 0.0436323210597, 0.0490247383714, 0.0309414509684, 0.0142743578181, 0.0214841365814, 0.0210082158446, 0.0133967893198, 0.0121689047664, 0.00577742839232, 0.00566267827526, 0.00940090604126, 0.00612834980711, 0.0062540746294, 0.0024293938186, 0.00231655919924, 0.00132938264869, 3.82373491448e-06, 1.99677674573e-06],
        "mean": [0.000178424103069, 0.00317048770376, 0.00156704848632, 0.00122163398191, 0.00246380688623, 0.00264417356811, 0.00317065604031, 0.00205004657619, 0.00212097889744, 0.00297919195145, 0.00124840042554, 0.000831330020446, 0.000556131941266, 0.000590763229411, 0.000930345326196, 0.000680276018102, 0.000669842993375, 0.000370510475477, 0.00037501603947, 0.000555023434572, 0.000217182707274, 0.000127824489027, 0.000115886417916, 0.000120760327263, 8.45130853122e-05, 1.04961387137e-07, 1.86990689599e-09],
        "min": [7.23251680768e-09, 1.16824469387e-06, 3.52602427256e-07, 2.94861479233e-07, 1.11791241579e-05, 1.56407459144e-05, 8.55132748256e-06, 4.95430094816e-06, 1.79714902515e-06, 3.39544749295e-06, 2.72941520052e-07, 4.82924406242e-07, 2.97487122225e-06, 2.91091578219e-06, 2.71070166491e-06, 2.07798734664e-06, 1.21946391118e-06, 1.22319124785e-06, 5.66231960875e-07, 1.21192545066e-06, 1.08441599878e-06, 1.12495001758e-06, 2.75655338555e-07, 1.14845579446e-06, 1.0726698747e-06, 3.36963928982e-11, 3.08840453211e-11],
        "stdev": [0.000347534136381, 0.00476555991918, 0.00326443603262, 0.00248558958992, 0.00368387252092, 0.00431855581701, 0.00416723499075, 0.0038842363283, 0.00451657455415, 0.00588162243366, 0.00383374397643, 0.00298750959337, 0.00137629383244, 0.00138227920979, 0.00178379064891, 0.00135428190697, 0.00126030936372, 0.000596872414462, 0.000489457743242, 0.000933558447286, 0.000383181817597, 0.000281735789031, 0.000176502551767, 0.00016106836847, 0.000104108883534, 2.57727435837e-07, 4.355016614e-08]
    },
    "erbbands": {
        "max": [1.02284538746, 7.78592729568, 29.9964637756, 53.3504142761, 107.885391235, 190.132537842, 232.410644531, 587.78918457, 722.09942627, 1028.63684082, 879.236022949, 1706.390625, 1289.24304199, 1546.9420166, 2101.98803711, 926.206970215, 739.087585449, 754.012756348, 1289.1081543, 911.192504883, 670.446594238, 823.033081055, 249.215332031, 343.226196289, 388.345153809, 544.090026855, 276.091583252, 244.939147949, 245.358093262, 161.874099731, 59.1995391846, 80.2317733765, 29.5563240051, 14.5262928009, 9.63949489594, 0.552519440651, 0.013912701048, 0.00126107793767, 0.000296016834909, 0.000110440902063],
        "mean": [0.104891508818, 0.656219065189, 1.72828030586, 3.28285455704, 5.1769285202, 9.01379871368, 15.1801605225, 22.9386940002, 42.1610565186, 49.5605812073, 41.9149055481, 46.6775474548, 72.7222213745, 91.2652740479, 45.7797622681, 29.7763404846, 27.3645000458, 27.9949378967, 48.7186279297, 40.8058853149, 34.7679405212, 39.2194976807, 21.0530509949, 18.1582202911, 22.2864227295, 29.0254955292, 14.287153244, 5.64341640472, 4.56834602356, 4.20229387283, 3.14714813232, 3.03319072723, 1.61112225056, 0.981918692589, 0.580435574055, 0.0352828651667, 0.000943607185036, 7.02660690877e-05, 2.5581997761e-05, 3.70930792997e-05],
        "min": [3.18642232742e-05, 0.000182092582691, 0.000950597517658, 0.00171191885602, 0.0111800152808, 0.0489443540573, 0.115857474506, 0.255665361881, 0.616298377514, 0.377359271049, 0.196293234825, 0.0469275787473, 0.102856688201, 0.0517890714109, 0.0127733768895, 0.0366894491017, 0.146294727921, 0.116495199502, 0.150506317616, 0.160812720656, 0.104924105108, 0.0687457323074, 0.064693428576, 0.057225998491, 0.0253762193024, 0.0690260156989, 0.0381877608597, 0.0493705645204, 0.0432037375867, 0.0130040962249, 0.0090274354443, 0.0152635909617, 0.0251388549805, 0.0164066608995, 0.00442965235561, 0.00021678932535, 1.00412798929e-05, 9.08935930966e-07, 2.35418113448e-07, 1.96746029246e-07],
        "stdev": [0.1649120152, 1.11712896824, 3.34865665436, 6.07183885574, 9.44052600861, 15.8210315704, 23.0138702393, 42.1131324768, 50.8223686218, 92.404083252, 71.32787323, 105.462661743, 154.292297363, 179.269958496, 141.514755249, 80.400604248, 66.1652603149, 59.3027572632, 88.3017272949, 79.4243774414, 64.5243988037, 78.1188430786, 29.050951004, 24.8192691803, 31.2826385498, 50.7854728699, 21.3294410706, 12.5482320786, 10.618142128, 7.36659288406, 4.70634269714, 4.24644470215, 2.13220930099, 1.23295521736, 0.727894604206, 0.0450611412525, 0.00115398375783, 8.15555467852e-05, 1.43557117553e-05, 1.56572568812e-05]
    },
    "gfcc": {
        "mean": [14.3318061829, 96.6733474731, -146.59677124, 39.5969276428, -83.0554885864, 15.0593013763, -48.6653594971, 15.3519506454, -19.0538730621, -1.6069034338, -3.79933619499, -13.5469360352, 6.22855377197],
        "cov": [[844.780090332, -128.012313843, -17.0212364197, 78.6923217773, 38.1031265259, 31.3287506104, -26.4861907959, 9.3604183197, -100.141387939, 12.695857048, -105.035804749, -58.6988677979, -41.8127441406], [-128.012313843, 545.784912109, 109.854942322, 88.2547607422, 242.219070435, 48.5060119629, 179.102401733, 47.6082878113, 128.571426392, -23.8727931976, 95.5068740845, -14.9248838425, 61.0759010315], [-17.0212364197, 109.854942322, 614.003723145, 294.021179199, 55.7178993225, 174.731002808, -27.4948711395, 21.6683597565, 14.0276079178, 15.5551080704, -48.4794998169, 43.8597450256, -61.0400733948], [78.6923217773, 88.2547607422, 294.021179199, 365.067138672, 138.979934692, 77.5862884521, 37.1028556824, 14.8111953735, 82.7501373291, 33.8068199158, -4.03529834747, 34.071472168, -1.84590935707], [38.1031265259, 242.219070435, 55.7178993225, 138.979934692, 287.230102539, 110.043121338, 140.518478394, 75.6356811523, 65.0802307129, 30.4469394684, 46.1149482727, 4.64429569244, 45.6682281494], [31.3287506104, 48.5060119629, 174.731002808, 77.5862884521, 110.043121338, 257.015716553, 138.428253174, 12.9457769394, -27.4379959106, 35.23670578, 25.1550159454, 19.5321769714, -13.563659668], [-26.4861907959, 179.102401733, -27.4948711395, 37.1028556824, 140.518478394, 138.428253174, 266.737579346, 56.4371948242, 26.0431175232, 38.3727111816, 91.4166259766, -3.95940423012, 46.3793678284], [9.3604183197, 47.6082878113, 21.6683597565, 14.8111953735, 75.6356811523, 12.9457769394, 56.4371948242, 138.217224121, 68.9680328369, 17.9407711029, 3.22531366348, 17.822353363, 27.9535827637], [-100.141387939, 128.571426392, 14.0276079178, 82.7501373291, 65.0802307129, -27.4379959106, 26.0431175232, 68.9680328369, 199.221176147, 25.4742107391, 42.9903450012, 41.801864624, 40.2911224365], [12.695857048, -23.8727931976, 15.5551080704, 33.8068199158, 30.4469394684, 35.23670578, 38.3727111816, 17.9407711029, 25.4742107391, 112.428543091, 66.6059036255, 16.8337097168, 7.27197360992], [-105.035804749, 95.5068740845, -48.4794998169, -4.03529834747, 46.1149482727, 25.1550159454, 91.4166259766, 3.22531366348, 42.9903450012, 66.6059036255, 156.682998657, 48.5848579407, 39.0779953003], [-58.6988677979, -14.9248838425, 43.8597450256, 34.071472168, 4.64429569244, 19.5321769714, -3.95940423012, 17.822353363, 41.801864624, 16.8337097168, 48.5848579407, 97.7113952637, 38.1704521179], [-41.8127441406, 61.0759010315, -61.0400733948, -1.84590935707, 45.6682281494, -13.563659668, 46.3793678284, 27.9535827637, 40.2911224365, 7.27197360992, 39.0779953003, 38.1704521179, 102.920219421]],
        "icov": [[0.00177081068978, -0.00114035140723, 0.00182750355452, -0.00202946015634, 0.00107857969124, -0.00142869376577, 0.0013430735562, -0.00170235603582, 0.0020072797779, -0.00152330240235, 0.00160893925931, -0.000181000490556, 0.000411898770835], [-0.00114035140723, 0.0143762435764, -0.0113485641778, 0.0100360969082, -0.0135851716623, 0.0103324567899, -0.00973743293434, 0.00977361854166, -0.00994854513556, 0.0100516574457, -0.0080042835325, 0.00712203653529, -0.00283974362537], [0.00182750355452, -0.0113485641778, 0.0142091158777, -0.0126835685223, 0.0124291218817, -0.0126077523455, 0.0108778942376, -0.0109253907576, 0.00915440358222, -0.00706410827115, 0.00570913031697, -0.00500390958041, 0.00316895078868], [-0.00202946015634, 0.0100360969082, -0.0126835685223, 0.0160913877189, -0.0136120086536, 0.0113386642188, -0.0105243548751, 0.0122904032469, -0.0103286616504, 0.00452655833215, -0.00212844880298, 0.00119021628052, -0.000984847312793], [0.00107857969124, -0.0135851716623, 0.0124291218817, -0.0136120086536, 0.021013436839, -0.0139262061566, 0.0101411547512, -0.0135962534696, 0.00925471354276, -0.00758255645633, 0.00438694283366, -0.00229686312377, -0.000310371164232], [-0.00142869376577, 0.0103324567899, -0.0126077523455, 0.0113386642188, -0.0139262061566, 0.0202406421304, -0.0156621281058, 0.0119428662583, -0.00619920529425, 0.00362055329606, -0.000789939658716, -0.00210285629146, 0.00192583166063], [0.0013430735562, -0.00973743293434, 0.0108778942376, -0.0105243548751, 0.0101411547512, -0.0156621281058, 0.019708968699, -0.0127682657912, 0.00775316311046, -0.00348633318208, -0.00292848260142, 0.00355483242311, -0.00238608079962], [-0.00170235603582, 0.00977361854166, -0.0109253907576, 0.0122904032469, -0.0135962534696, 0.0119428662583, -0.0127682657912, 0.0215777959675, -0.0114570939913, 0.00291094486602, 0.00141868565697, -0.000960349512752, -0.00115361972712], [0.0020072797779, -0.00994854513556, 0.00915440358222, -0.0103286616504, 0.00925471354276, -0.00619920529425, 0.00775316311046, -0.0114570939913, 0.0161472130567, -0.00713272066787, 0.00401033880189, -0.00587604241446, 0.00149698893074], [-0.00152330240235, 0.0100516574457, -0.00706410827115, 0.00452655833215, -0.00758255645633, 0.00362055329606, -0.00348633318208, 0.00291094486602, -0.00713272066787, 0.0218331068754, -0.0150794284418, 0.00890112668276, -0.00239606713876], [0.00160893925931, -0.0080042835325, 0.00570913031697, -0.00212844880298, 0.00438694283366, -0.000789939658716, -0.00292848260142, 0.00141868565697, 0.00401033880189, -0.0150794284418, 0.0235385149717, -0.0147588113323, 0.0036668588873], [-0.000181000490556, 0.00712203653529, -0.00500390958041, 0.00119021628052, -0.00229686312377, -0.00210285629146, 0.00355483242311, -0.000960349512752, -0.00587604241446, 0.00890112668276, -0.0147588113323, 0.0262357704341, -0.0103003298864], [0.000411898770835, -0.00283974362537, 0.00316895078868, -0.000984847312793, -0.000310371164232, 0.00192583166063, -0.00238608079962, -0.00115361972712, 0.00149698893074, -0.00239606713876, 0.0036668588873, -0.0103003298864, 0.0172217786312]]
    },
    "melbands": {
        "max": [0.00877159368247, 0.0105335600674, 0.00963693670928, 0.0094788921997, 0.00655065057799, 0.0128853591159, 0.0103116165847, 0.0101394793019, 0.00634148856625, 0.0112056182697, 0.00683838222176, 0.00605074083433, 0.00658555654809, 0.00382909085602, 0.0021951473318, 0.00128946290351, 0.00153466896154, 0.00195832084864, 0.00150197732728, 0.00121020642109, 0.00102691934444, 0.00107561913319, 0.000648945453577, 0.000353978248313, 0.000358241202775, 0.000321876112139, 0.000427124352427, 0.0004794455308, 0.000182919728104, 0.000127810868435, 0.000173530948814, 0.000169376624399, 9.65688741417e-05, 8.05030867923e-05, 3.82842372346e-05, 3.86011670344e-05, 5.23463895661e-05, 2.536879947e-05, 1.38895129567e-05, 1.40591073432e-05],
        "mean": [0.000897291232832, 0.000890593859367, 0.000609230366535, 0.000509115343448, 0.000506181037053, 0.000531164230779, 0.000643914507236, 0.000524172501173, 0.000335140881361, 0.000294995057629, 0.00037222073297, 0.000388821878005, 0.000160907700774, 0.000100612698589, 6.73938120599e-05, 5.05360949319e-05, 5.20053581567e-05, 7.53129424993e-05, 6.4314212068e-05, 4.93696534249e-05, 3.82055186492e-05, 4.2562965973e-05, 2.45170103881e-05, 1.76530866156e-05, 1.38361465361e-05, 1.5046617591e-05, 1.67333946592e-05, 2.01355869649e-05, 1.04287410068e-05, 4.07761353927e-06, 2.93288985631e-06, 2.52603649642e-06, 2.53810026152e-06, 2.26256315727e-06, 1.75265574853e-06, 1.84475550213e-06, 1.83969473255e-06, 1.19900448681e-06, 8.45738043154e-07, 8.33018873436e-07],
        "min": [3.33076172865e-07, 4.68780484653e-07, 4.80731614516e-07, 2.47266325459e-06, 1.97933536583e-06, 5.5035538935e-06, 6.8179747359e-06, 2.15128670789e-06, 1.11872805064e-06, 2.56545405364e-07, 5.31284570116e-07, 2.41371537868e-07, 3.70987365272e-08, 3.59549510165e-08, 2.51756176795e-07, 2.58743142467e-07, 2.22113982318e-07, 2.6534453923e-07, 1.95247196189e-07, 1.61816018363e-07, 1.25108428506e-07, 6.75193234656e-08, 6.10229236031e-08, 6.04037140306e-08, 4.76840575914e-08, 1.15516085586e-08, 3.89407226464e-08, 4.12540721584e-08, 2.78822032129e-08, 1.01136636843e-08, 3.85241136769e-08, 2.63226205277e-08, 1.57402677559e-08, 4.39391367735e-09, 5.52065326787e-09, 5.44595746277e-09, 1.0517071658e-08, 1.45545806518e-08, 1.17702771973e-08, 1.12260218899e-08],
        "stdev": [0.00132520368788, 0.00144287128933, 0.00106804724783, 0.000827617943287, 0.00072342454223, 0.000892819312867, 0.000772702740505, 0.000987180275843, 0.0005834379117, 0.000706722319592, 0.000817832886241, 0.000760892406106, 0.000487881945446, 0.000395215116441, 0.000176664078026, 0.000120618475194, 0.000126008846564, 0.000144373334479, 0.000125661113998, 0.000107963904156, 8.68334391271e-05, 9.1578993306e-05, 4.63741052954e-05, 2.96252565022e-05, 2.15341442527e-05, 2.15287036553e-05, 2.95490117423e-05, 3.72673748643e-05, 1.58200691658e-05, 7.71135546529e-06, 7.77112290962e-06, 6.62313414068e-06, 4.82301084048e-06, 3.96684708903e-06, 2.69750853477e-06, 2.74855619864e-06, 2.65306175606e-06, 1.715292683e-06, 1.08943902433e-06, 1.11139786441e-06]
    },
    "melbands128": {
        "max": [0.00222677481361, 0.00944253895432, 0.0150159802288, 0.0150468302891, 0.0159559473395, 0.0137477451935, 0.012126384303, 0.0168454237282, 0.0123022887856, 0.015264313668, 0.0131133133546, 0.0075873574242, 0.0113238859922, 0.018177581951, 0.0169144496322, 0.027249969542, 0.0103696044534, 0.0166728571057, 0.0131622925401, 0.019731182605, 0.0140175381675, 0.0103217931464, 0.010560282506, 0.00984127540141, 0.021024659276, 0.0218625348061, 0.00991566758603, 0.0119719067588, 0.0142752202228, 0.0117858462036, 0.0128396069631, 0.011351457797, 0.0103448247537, 0.0131678190082, 0.0104616675526, 0.00499833468348, 0.00458626402542, 0.00477659888566, 0.00371071766131, 0.00339601538144, 0.00280708144419, 0.00268490216695, 0.00364618422464, 0.00338473473676, 0.0059041432105, 0.00314201065339, 0.00364973535761, 0.00296634621918, 0.00305931339972, 0.00291365617886, 0.00228134752251, 0.00229537067935, 0.00206280266866, 0.00203175516799, 0.00177607557271, 0.00232304283418, 0.00222081341781, 0.00155649113003, 0.000756103952881, 0.000500351423398, 0.000686850282364, 0.000912906019948, 0.000546470284462, 0.000563597597647, 0.000271690834779, 0.000653576105833, 0.000776642234996, 0.000530250312295, 0.000842961948365, 0.00128789234441, 0.000748238002416, 0.000962404941674, 0.000215671490878, 0.000308488350129, 0.000342164683389, 0.000104812948848, 0.00019515833992, 0.000162155585713, 0.000219789741095, 0.000181786133908, 0.000264560541837, 0.000112906644063, 0.000114075453894, 0.000101233861642, 0.00013912790746, 9.76045485004e-05, 7.68306636019e-05, 7.34080313123e-05, 5.0924027164e-05, 4.43999451818e-05, 4.08483174397e-05, 4.85276941617e-05, 6.45700129098e-05, 7.59155373089e-05, 4.31910448242e-05, 3.13459458994e-05, 2.82943601633e-05, 1.56023888849e-05, 2.47793723247e-05, 1.84022974281e-05, 1.7493553969e-05, 1.71247666003e-05, 2.03220060939e-05, 1.94682361325e-05, 1.3107290215e-05, 1.13600844998e-05, 2.98527220366e-06, 1.28615553763e-07, 1.42131311165e-08, 1.33631390398e-08, 1.261918392e-08, 1.20016458993e-08, 1.14306484278e-08, 1.09394049375e-08, 1.05026218833e-08, 1.00685397797e-08, 9.69838698239e-09, 9.40607858269e-09, 9.12424624744e-09, 8.86517437237e-09, 8.62742410845e-09, 8.41930614115e-09, 8.25561929929e-09, 8.09192446383e-09, 7.95219090577e-09, 7.86208165238e-09, 7.78992781392e-09, 7.74181430074e-09],
        "mean": [0.000171778432559, 0.00086347933393, 0.00116304447874, 0.00104690971784, 0.000904443033505, 0.000747163081542, 0.000683939666487, 0.0005708738463, 0.000483864889247, 0.000538545311429, 0.000499525980558, 0.000462832656922, 0.000534085324034, 0.000533967569936, 0.000460247712908, 0.000551947741769, 0.00067952676909, 0.000695309543516, 0.00054862286197, 0.000609165523201, 0.000486343895318, 0.000328542751959, 0.000331877410645, 0.000321120780427, 0.000270772579825, 0.000313524797093, 0.000285250862362, 0.000353278504917, 0.000477637309814, 0.000449925399153, 0.000390812201658, 0.000191249739146, 0.000142867880641, 0.000128626648802, 0.000146150661749, 7.04449776094e-05, 6.69078799547e-05, 6.55688127154e-05, 7.14971320122e-05, 6.45547916065e-05, 3.77869982913e-05, 4.40374933532e-05, 5.15024330525e-05, 5.49171418243e-05, 5.99191298534e-05, 7.52134073991e-05, 0.000105757411802, 6.36501863482e-05, 4.18109921156e-05, 6.19738275418e-05, 5.11175203428e-05, 3.72692156816e-05, 4.28972525697e-05, 3.51754970325e-05, 3.35460899805e-05, 5.05124771735e-05, 4.47736238129e-05, 2.82850814983e-05, 1.77550828084e-05, 1.38781606438e-05, 1.84078453458e-05, 2.07978519029e-05, 1.47103237396e-05, 1.27222410811e-05, 9.97161623673e-06, 1.44556597661e-05, 1.9844608687e-05, 1.44914056364e-05, 1.49538527694e-05, 2.02874234674e-05, 2.61369514192e-05, 1.61826774274e-05, 1.16061264634e-05, 1.11838653538e-05, 6.76832632962e-06, 3.55137171937e-06, 3.43735382557e-06, 2.9477357657e-06, 3.07170807901e-06, 2.60577621702e-06, 2.52021959568e-06, 2.36469531956e-06, 2.66918846137e-06, 2.64766845248e-06, 2.37758194999e-06, 2.35898619394e-06, 2.35446395891e-06, 1.79239771114e-06, 1.69448389897e-06, 1.6747992504e-06, 1.83107056273e-06, 1.7064057829e-06, 2.21764594244e-06, 2.00931208383e-06, 1.50819016653e-06, 1.42247495205e-06, 1.13602914098e-06, 8.54315828747e-07, 9.00275210824e-07, 8.18471164621e-07, 7.25054121631e-07, 8.11669337963e-07, 9.55959194471e-07, 9.46955594827e-07, 7.29007922473e-07, 6.1939869056e-07, 1.44140230418e-07, 6.30820862213e-09, 1.47902350089e-11, 1.2317408378e-11, 1.16545557927e-11, 1.11546839474e-11, 1.06440212547e-11, 1.02310018096e-11, 9.80589654614e-12, 9.41852845715e-12, 9.07721901117e-12, 8.80308499707e-12, 8.5486609111e-12, 8.31098471293e-12, 8.0914632633e-12, 7.9078263035e-12, 7.75567630951e-12, 7.60529833554e-12, 7.43787410135e-12, 7.26847445079e-12, 7.15919250965e-12, 7.11067099299e-12],
        "min": [6.40247965755e-10, 6.10927628486e-08, 7.90286804886e-08, 1.31860758756e-07, 1.02582063732e-07, 1.89076345691e-07, 1.98048496713e-07, 1.5053711877e-07, 8.90287765287e-07, 7.93808567323e-07, 6.46868272725e-07, 3.41567556461e-07, 6.78425919887e-07, 1.12524458018e-06, 9.37246397825e-07, 2.65591495463e-07, 2.60122533291e-06, 9.64782998381e-07, 1.49700099428e-06, 3.55542510988e-07, 2.26698062988e-07, 5.31246769242e-07, 4.97036353408e-07, 2.51700043918e-07, 1.14977567023e-07, 2.19437453097e-07, 1.13370766996e-07, 4.0159972059e-07, 2.95149845897e-07, 3.38636311881e-07, 9.89518227357e-08, 1.97691818471e-08, 4.69389576097e-08, 3.94950312455e-08, 9.94587789904e-09, 3.43390311741e-08, 7.16945791623e-08, 1.23125502682e-07, 1.2425638829e-07, 2.05440358059e-07, 1.15473120843e-07, 7.76561037696e-08, 1.91258578752e-07, 1.95694539684e-07, 7.60595497695e-08, 2.81339595176e-07, 1.45450144373e-07, 1.12495648352e-07, 2.55935617588e-07, 3.11339306336e-07, 9.97357361143e-08, 6.60405845565e-08, 1.05635976411e-07, 1.42845976825e-07, 5.87068988978e-08, 4.84252566935e-08, 7.98456056827e-08, 6.61042420802e-08, 4.81926818452e-08, 6.28083469678e-08, 4.684169852e-08, 8.27192678798e-08, 5.75597312036e-08, 4.20312424865e-08, 1.69211151757e-08, 9.78603775792e-09, 1.15264704448e-08, 3.08477288158e-09, 4.35885141314e-08, 9.43545117593e-08, 5.13869053975e-08, 5.93873750176e-09, 1.72709722079e-08, 4.92537601815e-08, 1.54833887933e-08, 4.01118027682e-09, 1.07216751033e-08, 1.61870232773e-08, 4.54292852226e-08, 4.47784316293e-08, 1.84648030199e-08, 2.45187603554e-08, 2.23440217439e-08, 1.85209518833e-08, 5.87390935891e-09, 2.45046627434e-09, 3.30337868171e-09, 9.28617183149e-09, 5.22375076528e-09, 3.00291991273e-09, 5.1158490777e-09, 3.918639635e-09, 1.04769384279e-08, 7.73187203151e-09, 1.47373420134e-08, 1.27931771843e-08, 1.29924258019e-08, 9.33166344197e-09, 5.44249356693e-09, 9.86436177186e-09, 5.96989080393e-09, 6.33051877585e-09, 4.25619273159e-09, 6.28522123236e-09, 2.69843147827e-09, 1.65335012348e-09, 2.20174739551e-10, 3.41196228172e-13, 1.19905184414e-13, 7.92827582015e-14, 1.00433258986e-13, 9.96742429262e-14, 1.03876779953e-13, 1.00892615118e-13, 1.04329922251e-13, 7.72147577539e-14, 1.18678694259e-13, 1.06552340193e-13, 9.4182975763e-14, 1.01083875157e-13, 7.46635893845e-14, 1.00085277522e-13, 9.88496326351e-14, 1.04604875922e-13, 8.3240943164e-14, 3.40099279848e-14, 3.84729860884e-15, 1.6258923154e-16],
        "stdev": [0.000340081402101, 0.00151950807776, 0.00196536257863, 0.00203891703859, 0.00188539130613, 0.00157098274212, 0.00135077058803, 0.00124868319836, 0.00103495991789, 0.00102676427923, 0.001083151903, 0.000895507168025, 0.000936248106882, 0.00117612350732, 0.00117951724678, 0.00126685516443, 0.00104008929338, 0.00113292736933, 0.0011107964674, 0.00157387857325, 0.00126489915419, 0.00081664242316, 0.000793147075456, 0.000766309327446, 0.000929626112338, 0.00113829155453, 0.000915071810596, 0.00113367801532, 0.00148034037556, 0.00106200925075, 0.00117773225065, 0.00077754969243, 0.000645393214654, 0.000742347794585, 0.000854283862282, 0.000315606099321, 0.000278946128674, 0.000265637063421, 0.000254781334661, 0.000250219221925, 0.00013614234922, 0.00014229833323, 0.000198209367227, 0.000197868386749, 0.000220190748223, 0.000195960587007, 0.000300686253468, 0.000185002354556, 0.000152341686771, 0.0002172022796, 0.000144599092891, 0.000126883387566, 0.000132703396957, 0.000118738760648, 9.63434067671e-05, 0.000154950350407, 0.000133614448714, 7.75672961026e-05, 5.5533786508e-05, 3.20117469528e-05, 4.1518942453e-05, 6.2797240389e-05, 3.16838013532e-05, 2.74744761555e-05, 1.6753179807e-05, 3.11687144858e-05, 4.08843625337e-05, 3.07145273837e-05, 4.35975925939e-05, 6.71515372233e-05, 6.13086886005e-05, 4.37093622168e-05, 2.16691387322e-05, 2.14398933167e-05, 1.9142507881e-05, 7.34527293389e-06, 8.01096302894e-06, 7.88978468336e-06, 9.41830239753e-06, 6.92777121003e-06, 9.43304348766e-06, 5.48915477339e-06, 6.10982124272e-06, 5.04450736116e-06, 4.8184338084e-06, 4.46175226898e-06, 4.69648102808e-06, 3.38782956533e-06, 2.57944043369e-06, 3.23522863255e-06, 3.01977320305e-06, 2.96154348689e-06, 3.17564149555e-06, 3.16656678478e-06, 2.66951656158e-06, 2.16437433664e-06, 1.71367071289e-06, 1.22339361042e-06, 1.30482749228e-06, 1.1322682667e-06, 1.13381815936e-06, 1.16996000088e-06, 1.36005030527e-06, 1.34896811232e-06, 9.3255101774e-07, 8.55563484947e-07, 2.13159154328e-07, 1.33359039367e-08, 3.09962305822e-10, 2.91445007017e-10, 2.7522117918e-10, 2.61757726605e-10, 2.49303439004e-10, 2.38597142044e-10, 2.29065905133e-10, 2.19596063555e-10, 2.11523021321e-10, 2.05147732135e-10, 1.99000510515e-10, 1.93350946365e-10, 1.88165288906e-10, 1.83626669426e-10, 1.80056636268e-10, 1.76486103509e-10, 1.73440206641e-10, 1.71476832733e-10, 1.69903965896e-10, 1.68854735749e-10]
    },
    "mfcc": {
        "mean": [-610.874572754, 107.908531189, -4.54305934906, 14.82305336, -2.99685955048, -10.0457057953, -6.4872045517, -2.99913358688, -2.44307971001, 7.52164077759, -6.85807037354, -1.47984218597, 1.31556940079],
        "cov": [[892.10534668, -175.77494812, -127.25730896, 24.4724445343, -18.6904678345, -7.47868680954, 18.5097064972, -54.6585769653, 20.6364955902, -5.48845338821, -36.4949913025, -45.2559585571, -30.85587883], [-175.77494812, 483.420471191, -63.9537582397, 48.9846687317, 78.1537322998, 23.9521865845, 102.578651428, 90.0938110352, 56.4384269714, 77.1999893188, 29.548330307, 29.3968582153, 36.3311691284], [-127.25730896, -63.9537582397, 545.12109375, 106.821739197, 117.981002808, 144.628158569, -14.9494972229, 44.6142845154, 10.1755123138, -55.9332199097, 50.911441803, 25.5358181, -33.831363678], [24.4724445343, 48.9846687317, 106.821739197, 283.35333252, 133.11857605, 60.8082427979, -6.42394542694, 42.1036491394, 73.3586044312, 23.0564460754, 17.0020751953, 69.008644104, 32.8357620239], [-18.6904678345, 78.1537322998, 117.981002808, 133.11857605, 208.366928101, 61.7068824768, -9.89093875885, 57.5676841736, 70.2780685425, 7.65584564209, 10.7532348633, 41.7356452942, 30.0052223206], [-7.47868680954, 23.9521865845, 144.628158569, 60.8082427979, 61.7068824768, 246.760940552, 135.216445923, 54.6473426819, 12.7768106461, 33.4279670715, 48.7793273926, 6.49209117889, 21.1569976807], [18.5097064972, 102.578651428, -14.9494972229, -6.42394542694, -9.89093875885, 135.216445923, 275.136047363, 46.3161048889, 1.16648745537, 81.4925003052, 25.5321331024, -31.758140564, 36.8323554993], [-54.6585769653, 90.0938110352, 44.6142845154, 42.1036491394, 57.5676841736, 54.6473426819, 46.3161048889, 140.577209473, 72.0636901855, 24.9506263733, 24.9044361115, 14.2260112762, 20.7942676544], [20.6364955902, 56.4384269714, 10.1755123138, 73.3586044312, 70.2780685425, 12.7768106461, 1.16648745537, 72.0636901855, 131.444854736, 46.278503418, 8.46691989899, 10.4707927704, 14.4089708328], [-5.48845338821, 77.1999893188, -55.9332199097, 23.0564460754, 7.65584564209, 33.4279670715, 81.4925003052, 24.9506263733, 46.278503418, 118.925346375, 34.4367828369, -5.43990850449, 21.1198215485], [-36.4949913025, 29.548330307, 50.911441803, 17.0020751953, 10.7532348633, 48.7793273926, 25.5321331024, 24.9044361115, 8.46691989899, 34.4367828369, 92.8342971802, 44.0801429749, 7.80668258667], [-45.2559585571, 29.3968582153, 25.5358181, 69.008644104, 41.7356452942, 6.49209117889, -31.758140564, 14.2260112762, 10.4707927704, -5.43990850449, 44.0801429749, 136.794326782, 58.219959259], [-30.85587883, 36.3311691284, -33.831363678, 32.8357620239, 30.0052223206, 21.1569976807, 36.8323554993, 20.7942676544, 14.4089708328, 21.1198215485, 7.80668258667, 58.219959259, 116.090805054]],
        "icov": [[0.00143568881322, 0.000649547902867, 0.000605402572546, -0.000367766886484, -0.000246748910286, -0.000108090913272, -0.000583564396948, 0.000630996422842, -0.000811899953987, 0.000573457509745, -9.86517698038e-05, 0.000179475129698, 0.000527432945091], [0.000649547902867, 0.00322901248001, 0.000729191990104, -0.000123221092508, -0.00143486156594, 0.000765445525758, -0.00134881201666, -0.00124346115626, 0.000181830939255, -0.000833171769045, -0.00013843254419, -0.000662031758111, 0.00076182076009], [0.000605402572546, 0.000729191990104, 0.0033846590668, -0.000752198859118, -0.00139233225491, -0.00149574747775, -5.70656266063e-05, -0.000160368799698, -0.000119551470561, 0.00223285192624, -0.00183063105214, 0.000408917403547, 0.00133777211886], [-0.000367766886484, -0.000123221092508, -0.000752198859118, 0.0061848340556, -0.00236751348712, -0.000763097079471, 0.000267530267593, 0.000545098213479, -0.00164006010164, -0.00147618271876, 0.00169692840427, -0.00295229116455, 0.000379310455173], [-0.000246748910286, -0.00143486156594, -0.00139233225491, -0.00236751348712, 0.0093583194539, -0.00160269392654, 0.00156700459775, -0.000481298658997, -0.00258470489644, 0.000525023962837, 0.00127330608666, -0.000166335055837, -0.00166722142603], [-0.000108090913272, 0.000765445525758, -0.00149574747775, -0.000763097079471, -0.00160269392654, 0.0083514386788, -0.00399356940761, -0.0012537810253, 0.0011191786034, 9.72215129877e-05, -0.00251446850598, 0.000670512730721, -0.000428253581049], [-0.000583564396948, -0.00134881201666, -5.70656266063e-05, 0.000267530267593, 0.00156700459775, -0.00399356940761, 0.0082280067727, -0.00173412216827, 0.00244460767135, -0.00408742250875, 0.000728287559468, 0.00227667205036, -0.00255294120871], [0.000630996422842, -0.00124346115626, -0.000160368799698, 0.000545098213479, -0.000481298658997, -0.0012537810253, -0.00173412216827, 0.0131105203182, -0.00760808214545, 0.00330602540635, -0.00240130466409, 0.000518499873579, -0.000845035654493], [-0.000811899953987, 0.000181830939255, -0.000119551470561, -0.00164006010164, -0.00258470489644, 0.0011191786034, 0.00244460767135, -0.00760808214545, 0.0163106024265, -0.00704674981534, 0.00198817905039, 0.000414196867496, 0.000123709571199], [0.000573457509745, -0.000833171769045, 0.00223285192624, -0.00147618271876, 0.000525023962837, 9.72215129877e-05, -0.00408742250875, 0.00330602540635, -0.00704674981534, 0.017891889438, -0.00798971671611, 0.00379360886291, -0.00171295553446], [-9.86517698038e-05, -0.00013843254419, -0.00183063105214, 0.00169692840427, 0.00127330608666, -0.00251446850598, 0.000728287559468, -0.00240130466409, 0.00198817905039, -0.00798971671611, 0.0197058916092, -0.00871221814305, 0.00358267361298], [0.000179475129698, -0.000662031758111, 0.000408917403547, -0.00295229116455, -0.000166335055837, 0.000670512730721, 0.00227667205036, 0.000518499873579, 0.000414196867496, 0.00379360886291, -0.00871221814305, 0.0156089225784, -0.00766893429682], [0.000527432945091, 0.00076182076009, 0.00133777211886, 0.000379310455173, -0.00166722142603, -0.000428253581049, -0.00255294120871, -0.000845035654493, 0.000123709571199, -0.00171295553446, 0.00358267361298, -0.00766893429682, 0.0141699416563]]
    },
    "spectral_contrast_coeffs": {
        "max": [-0.404300034046, -0.450672715902, -0.499105423689, -0.586417913437, -0.641907513142, -0.605768442154],
        "mean": [-0.687451541424, -0.710209846497, -0.711733043194, -0.759034514427, -0.775853037834, -0.793211221695],
        "min": [-0.88959479332, -0.932708382607, -0.891584217548, -0.929432690144, -0.87093102932, -0.856803894043],
        "stdev": [0.0869517996907, 0.06857573241, 0.0782108381391, 0.0519042983651, 0.0402977727354, 0.0308775529265]
    },
    "spectral_contrast_valleys": {
        "max": [-5.25038146973, -4.67924165726, -5.61125946045, -5.67108821869, -5.67853307724, -8.07544231415],
        "mean": [-6.93218374252, -6.3969502449, -7.30302667618, -7.44305324554, -7.19052839279, -9.62038421631],
        "min": [-9.379155159, -8.20452594757, -9.78191566467, -8.8542175293, -9.65479183197, -11.4899740219],
        "stdev": [0.780463814735, 0.49064707756, 0.463306933641, 0.413879603148, 0.401570111513, 0.508772969246]
    }
},
"rhythm": {
    "beats_count": 92,
    "beats_loudness": {
        "max": 0.0927216634154,
        "mean": 0.0374960005283,
        "min": 0.0166631899774,
        "stdev": 0.0131764607504
    },
    "bpm": 114.540679932,
    "bpm_histogram_first_peak_bpm": 115,
    "bpm_histogram_first_peak_weight": 0.241379320621,
    "bpm_histogram_second_peak_bpm": 105,
    "bpm_histogram_second_peak_spread": 0,
    "bpm_histogram_second_peak_weight": 0.0329670347273,
    "danceability": 1.4797359705,
    "onset_rate": 4.5732421875,
    "beats_loudness_band_ratio": {
        "max": [0.840653896332, 0.803404390812, 0.925682485104, 0.64656329155, 0.540088415146, 0.219000905752],
        "mean": [0.315734505653, 0.14158564806, 0.235173657537, 0.170208916068, 0.116380430758, 0.0620824620128],
        "min": [0.00376792135648, 0.00603220006451, 0.0096368258819, 0.00825786776841, 0.00571576971561, 0.00631479918957],
        "stdev": [0.22344250977, 0.136765271425, 0.187634065747, 0.17243348062, 0.0986904278398, 0.0453416854143]
    },
