{
"metadata": {
    "version": {
        "essentia": "2.1-beta5",
        "essentia_git_sha": "Undefined",
        "extractor": "music 2.0"
    },
    "audio_properties": {
        "analysis": {
            "equal_loudness": 0,
            "length": 45.2556915283,
            "sample_rate": 44100,
            "start_time": 129.985305786,
            "downmix": "mix"
        },
        "bit_rate": 192000,
        "length": 205.810089111,
        "lossless": 0,
        "number_channels": 2,
        "replay_gain": -7.85957527161,
        "sample_rate": 48000,
        "codec": "mp3",
        "md5_encoded": "8e22a2e9f9951a329d8f6bbf873fe3e0"
    },
    "tags": {
        "file_name": "Denmark_Fly On The Wings Of Love_Olsen brothers.mp3",
        "encoding": ["Lavf58.29.100"]
    }
},
"lowlevel": {
    "average_loudness": 0.965332210064,
    "barkbands_crest": {
        "max": 24.9294471741,
        "mean": 9.17672538757,
        "min": 2.65966200829,
        "stdev": 3.92997455597
    },
    "barkbands_flatness_db": {
        "max": 0.37483638525,
        "mean": 0.1544855088,
        "min": 0.0522763691843,
        "stdev": 0.0583020634949
    },
    "barkbands_kurtosis": {
        "max": 70.708114624,
        "mean": 2.77668190002,
        "min": -1.9010591507,
        "stdev": 6.31621789932
    },
    "barkbands_skewness": {
        "max": 7.65141677856,
        "mean": 1.17650139332,
        "min": -3.31805825233,
        "stdev": 1.10573244095
    },
    "barkbands_spread": {
        "max": 84.8299407959,
        "mean": 25.2751235962,
        "min": 1.194272995,
        "stdev": 15.6592950821
    },
    "dissonance": {
        "max": 0.5,
        "mean": 0.463354170322,
        "min": 0.234937846661,
        "stdev": 0.0357534363866
    },
    "dynamic_complexity": 3.37389373779,
    "erbbands_crest": {
        "max": 30.3610229492,
        "mean": 9.09986114502,
        "min": 2.07231330872,
        "stdev": 4.97828197479
    },
    "erbbands_flatness_db": {
        "max": 0.382432043552,
        "mean": 0.181891620159,
        "min": 0.0787698179483,
        "stdev": 0.0648041963577
    },
    "erbbands_kurtosis": {
        "max": 36.4894104004,
        "mean": 1.03057205677,
        "min": -1.69567453861,
        "stdev": 3.27283883095
    },
    "erbbands_skewness": {
        "max": 4.11527013779,
        "mean": 0.335432171822,
        "min": -3.40045547485,
        "stdev": 0.914291918278
    },
    "erbbands_spread": {
        "max": 110.118003845,
        "mean": 38.3747329712,
        "min": 2.89512896538,
        "stdev": 21.1209335327
    },
    "hfc": {
        "max": 193.773956299,
        "mean": 22.6764259338,
        "min": 0.136680096388,
        "stdev": 23.2215003967
    },
    "loudness_ebu128": {
        "integrated": -16.3995437622,
        "loudness_range": 3.25524806976,
        "momentary": {
            "max": -11.1037445068,
            "mean": -17.5487575531,
            "min": -32.4351272583,
            "stdev": 3.5760216713
        },
        "short_term": {
            "max": -14.196644783,
            "mean": -16.70104599,
            "min": -20.3217792511,
            "stdev": 1.19620883465
        }
    },
    "melbands_crest": {
        "max": 30.7815628052,
        "mean": 12.3031024933,
        "min": 3.03703117371,
        "stdev": 4.71916151047
    },
    "melbands_flatness_db": {
        "max": 0.41758659482,
        "mean": 0.167553111911,
        "min": 0.0138741889969,
        "stdev": 0.061601486057
    },
    "melbands_kurtosis": {
        "max": 111.686279297,
        "mean": 8.52655887604,
        "min": -1.85840022564,
        "stdev": 10.9761753082
    },
    "melbands_skewness": {
        "max": 8.25720024109,
        "mean": 2.08751583099,
        "min": -1.40957152843,
        "stdev": 1.36647748947
    },
    "melbands_spread": {
        "max": 219.757171631,
        "mean": 30.6255760193,
        "min": 1.55665576458,
        "stdev": 26.6527175903
    },
    "pitch_salience": {
        "max": 0.82280766964,
        "mean": 0.618205726147,
        "min": 0.190502509475,
        "stdev": 0.0959631353617
    },
    "silence_rate_20dB": {
        "max": 1,
        "mean": 1,
        "min": 1,
        "stdev": 0
    },
    "silence_rate_30dB": {
        "max": 1,
        "mean": 0.999487161636,
        "min": 0,
        "stdev": 0.0226395353675
    },
    "silence_rate_60dB": {
        "max": 1,
        "mean": 0.114358976483,
        "min": 0,
        "stdev": 0.318246096373
    },
    "spectral_centroid": {
        "max": 4928.26367188,
        "mean": 1520.61328125,
        "min": 301.214355469,
        "stdev": 721.162780762
    },
    "spectral_complexity": {
        "max": 65,
        "mean": 18.2497444153,
        "min": 0,
        "stdev": 10.2904157639
    },
    "spectral_decrease": {
        "max": -4.9522472928e-11,
        "mean": -4.70795180618e-09,
        "min": -4.99753092242e-08,
        "stdev": 3.56454465944e-09
    },
    "spectral_energy": {
        "max": 0.202706634998,
        "mean": 0.0198257174343,
        "min": 0.00020119950932,
        "stdev": 0.0147613026202
    },
    "spectral_energyband_high": {
        "max": 0.028611432761,
        "mean": 0.00123092706781,
        "min": 3.59277066764e-07,
        "stdev": 0.00265552173369
    },
    "spectral_energyband_low": {
        "max": 0.0974212288857,
        "mean": 0.00305338739417,
        "min": 1.66257973433e-06,
        "stdev": 0.00456156954169
    },
    "spectral_energyband_middle_high": {
        "max": 0.0469340197742,
        "mean": 0.00669080996886,
        "min": 4.26198166679e-05,
        "stdev": 0.00810715276748
    },
    "spectral_energyband_middle_low": {
        "max": 0.124527640641,
        "mean": 0.00943376775831,
        "min": 0.0001220695558,
        "stdev": 0.00980216264725
    },
    "spectral_entropy": {
        "max": 8.57464313507,
        "mean": 7.61946630478,
        "min": 5.44267892838,
        "stdev": 0.551215291023
    },
    "spectral_flux": {
        "max": 0.396885842085,
        "mean": 0.0724596381187,
        "min": 0.00670700659975,
        "stdev": 0.0395567789674
    },
    "spectral_kurtosis": {
        "max": 27.6223735809,
        "mean": 3.83441066742,
        "min": -0.757333278656,
        "stdev": 3.37989830971
    },
    "spectral_rms": {
        "max": 0.0140628078952,
        "mean": 0.00406218832359,
        "min": 0.000443048775196,
        "stdev": 0.00168545555789
    },
    "spectral_rolloff": {
        "max": 9130.078125,
        "mean": 1991.44091797,
        "min": 129.19921875,
        "stdev": 1735.94897461
    },
    "spectral_skewness": {
        "max": 4.10539340973,
        "mean": 1.38425171375,
        "min": -0.0203470997512,
        "stdev": 0.494320005178
    },
    "spectral_spread": {
        "max": 12731485,
        "mean": 4522802,
        "min": 1960737.375,
        "stdev": 1616905.375
    },
    "spectral_strongpeak": {
        "max": 10.8608751297,
        "mean": 1.28718876839,
        "min": 0.0210392400622,
        "stdev": 1.60732138157
    },
    "zerocrossingrate": {
        "max": 0.3251953125,
        "mean": 0.0768093913794,
        "min": 0.00927734375,
        "stdev": 0.0443919301033
    },
    "barkbands": {
        "max": [0.001342297066, 0.0161333736032, 0.0399768576026, 0.0915697664022, 0.054516043514, 0.0336349345744, 0.037003159523, 0.0323025211692, 0.0475395284593, 0.0422067381442, 0.0295922607183, 0.0266909375787, 0.0164637379348, 0.00949903018773, 0.0192929282784, 0.0104693677276, 0.0154623650014, 0.00446000788361, 0.00909333769232, 0.0108178118244, 0.0112822595984, 0.00851564947516, 0.00593389803544, 0.00516294920817, 0.00219555268995, 1.38554987643e-05, 3.37331107403e-06],
        "mean": [8.53953388287e-05, 0.00138241576497, 0.00113697885536, 0.000993905006908, 0.0035544235725, 0.00098029198125, 0.00101108499803, 0.00103328435216, 0.00162332726177, 0.00155310076661, 0.00104929332156, 0.000939616933465, 0.000734342145734, 0.000413894245867, 0.000297887745546, 0.00036049017217, 0.000529876851942, 0.000322671723552, 0.000424456200562, 0.000301958614727, 0.000253039528616, 0.000272259349003, 0.000242391746724, 0.000186436693184, 0.000142583288834, 3.17882324907e-07, 3.05541147938e-09],
        "min": [9.71163238717e-09, 2.10336921214e-07, 2.02076364531e-07, 8.55181880866e-08, 1.75813820533e-05, 7.56609915697e-06, 1.18734783427e-06, 4.72321016787e-06, 2.16132616515e-06, 2.64056848209e-06, 1.73363559952e-07, 1.55970394644e-06, 1.20547667848e-06, 1.09909865387e-06, 5.76536194785e-07, 7.47933938783e-07, 6.67141705435e-07, 5.04658942191e-07, 2.94161850434e-07, 2.12392436083e-07, 1.08988523095e-07, 4.63636027348e-08, 3.31074900828e-08, 1.51892649569e-08, 1.56443284993e-08, 2.65368473723e-11, 2.38746713371e-11],
        "stdev": [0.000159587871167, 0.00225602090359, 0.00214948598295, 0.00259430799633, 0.00522976415232, 0.00180004164577, 0.00216416269541, 0.00278824567795, 0.00401214323938, 0.00375615432858, 0.0028282366693, 0.00250052451156, 0.00145467335824, 0.000882619351614, 0.000845643749926, 0.000952841306571, 0.00129529205151, 0.00044761801837, 0.000760570226703, 0.000710342952516, 0.00070073234383, 0.000759594666306, 0.000582245003898, 0.00045460354886, 0.000231302008615, 9.35861294238e-07, 8.09390172662e-08]
    },
    "erbbands": {
        "max": [0.519358336926, 3.74071145058, 29.6685733795, 217.918762207, 164.33253479, 279.773529053, 295.866699219, 298.787872314, 444.297302246, 575.800292969, 895.820251465, 1347.40368652, 624.040649414, 1589.7265625, 1114.37060547, 1374.62280273, 580.673278809, 561.010375977, 1209.26818848, 585.403747559, 636.928222656, 736.532470703, 303.519317627, 348.401123047, 603.010009766, 484.184265137, 387.311828613, 467.606018066, 329.451385498, 327.796081543, 171.365951538, 134.046783447, 87.8220291138, 36.6936607361, 13.604883194, 1.1911919117, 0.0267511382699, 0.00199185567908, 0.000487435492687, 0.000259701628238],
        "mean": [0.0362118892372, 0.327911585569, 1.18070185184, 2.52694582939, 7.14555168152, 13.1977567673, 11.0256214142, 7.04688596725, 12.1014280319, 16.7597122192, 28.927318573, 36.0652084351, 37.4004058838, 55.1821594238, 36.953540802, 44.3180541992, 31.6164836884, 28.1606616974, 16.4052276611, 16.0167598724, 24.0385475159, 26.8454666138, 20.7765960693, 18.0099697113, 21.9170589447, 14.240688324, 10.7335739136, 9.96863937378, 9.3819360733, 8.70288276672, 6.77625656128, 4.46008586884, 2.70133280754, 1.49335753918, 1.11688506603, 0.0768012553453, 0.00193415861577, 0.000130354164867, 2.89990821329e-05, 2.85198784695e-05],
        "min": [2.27570453717e-05, 0.000140223972267, 0.000380878627766, 0.00120093335863, 0.00775597477332, 0.0661465749145, 0.0613898001611, 0.110704369843, 0.132581084967, 0.0856209397316, 0.121800854802, 0.176606893539, 0.101084165275, 0.106339000165, 0.0551311075687, 0.08476408571, 0.0692841857672, 0.0844613537192, 0.0502316392958, 0.021415559575, 0.0415196716785, 0.0468874126673, 0.0377185046673, 0.0163636542857, 0.0135887246579, 0.0107429400086, 0.00598974712193, 0.00312422332354, 0.00180100847501, 0.00158705026843, 0.000784399802797, 0.000444883713499, 0.000315995275741, 0.000210838858038, 8.75148252817e-05, 5.79742436457e-06, 4.75750994156e-07, 1.02639496902e-07, 1.29006963334e-07, 2.3756911105e-07],
        "stdev": [0.0635133981705, 0.53609675169, 2.00006484985, 6.13468456268, 11.302485466, 21.7131080627, 22.7360401154, 14.7216491699, 29.3405361176, 35.6304740906, 69.8560714722, 95.9927368164, 74.3081893921, 128.973022461, 86.2234344482, 121.797309875, 58.1926803589, 60.1050224304, 46.7201309204, 37.5087585449, 62.1895484924, 57.2864990234, 29.1175022125, 28.5700302124, 43.2090034485, 34.4751434326, 28.9729976654, 27.5276679993, 26.2751312256, 24.0741500854, 16.1686210632, 10.8743419647, 6.7396235466, 2.76045274734, 1.80155360699, 0.127423599362, 0.00311451451853, 0.000204814292374, 3.35804470524e-05, 2.14311021409e-05]
    },
    "gfcc": {
        "mean": [-19.6440925598, 95.5581665039, -146.385391235, 38.945526123, -82.4428329468, 17.7088832855, -46.8390808105, 7.02931547165, -27.7162303925, -13.1674995422, -6.95178556442, -12.3751840591, -0.168214842677],
        "cov": [[5169.16552734, -1440.37365723, 778.613098145, 905.220214844, 210.130218506, 940.251953125, 30.2494697571, 482.695129395, -173.128662109, 387.749755859, -377.581787109, 160.45664978, -267.677947998], [-1440.37365723, 1145.22961426, -306.839904785, -394.679229736, 163.058731079, -300.904724121, 121.099060059, -153.834793091, 64.1174240112, -201.847335815, 159.988815308, -61.9216270447, 68.9345016479], [778.613098145, -306.839904785, 990.272766113, 521.601745605, 75.3070068359, 372.469909668, -132.067733765, 110.730224609, -29.5928554535, 279.340118408, -281.971130371, 117.228477478, -71.8745803833], [905.220214844, -394.679229736, 521.601745605, 639.176818848, 140.495697021, 222.882263184, -107.270637512, 83.4264221191, 19.6437206268, 189.049530029, -203.241836548, 80.8403320312, -53.3921966553], [210.130218506, 163.058731079, 75.3070068359, 140.495697021, 294.819610596, 137.65447998, 32.3654937744, 65.3788604736, -10.1877117157, 46.5703277588, -36.6942863464, 57.1232643127, -20.6388053894], [940.251953125, -300.904724121, 372.469909668, 222.882263184, 137.65447998, 502.334838867, 94.3485031128, 132.547637939, -94.6515274048, 163.835205078, -108.886695862, 85.0710601807, -72.856803894], [30.2494697571, 121.099060059, -132.067733765, -107.270637512, 32.3654937744, 94.3485031128, 195.273681641, 22.0363883972, -47.3876266479, -46.5801773071, 61.8994293213, 4.44388914108, -7.57268667221], [482.695129395, -153.834793091, 110.730224609, 83.4264221191, 65.3788604736, 132.547637939, 22.0363883972, 169.459289551, 3.54968070984, 65.4931411743, -54.47423172, 43.7219390869, -25.0011730194], [-173.128662109, 64.1174240112, -29.5928554535, 19.6437206268, -10.1877117157, -94.6515274048, -47.3876266479, 3.54968070984, 120.152099609, 11.2922744751, 5.16218566895, -5.12595510483, 21.212808609], [387.749755859, -201.847335815, 279.340118408, 189.049530029, 46.5703277588, 163.835205078, -46.5801773071, 65.4931411743, 11.2922744751, 208.030029297, -74.4444885254, 59.8277931213, -24.2803287506], [-377.581787109, 159.988815308, -281.971130371, -203.241836548, -36.6942863464, -108.886695862, 61.8994293213, -54.47423172, 5.16218566895, -74.4444885254, 190.672912598, -14.8090028763, 25.5687465668], [160.45664978, -61.9216270447, 117.228477478, 80.8403320312, 57.1232643127, 85.0710601807, 4.44388914108, 43.7219390869, -5.12595510483, 59.8277931213, -14.8090028763, 100.702735901, 1.32666361332], [-267.677947998, 68.9345016479, -71.8745803833, -53.3921966553, -20.6388053894, -72.856803894, -7.57268667221, -25.0011730194, 21.212808609, -24.2803287506, 25.5687465668, 1.32666361332, 63.5808639526]],
        "icov": [[0.00050507026026, 0.000240258581471, 0.000253384117968, -0.000445367157226, 9.29039451876e-05, -0.000457515096059, 5.46881165064e-05, -0.000714787049219, 0.000256991886999, 6.19271522737e-05, 0.000133054694743, 3.13378732244e-05, 0.000893401622307], [0.000240258581471, 0.00516992807388, -0.00354069587775, 0.00374371791258, -0.00677792867646, 0.00370286824182, -0.00494627095759, 0.00341963255778, -0.00351959397085, 0.00156697735656, -0.000757444824558, 0.00214951531962, -0.000621629005764], [0.000253384117968, -0.00354069587775, 0.00608106376603, -0.00398031342775, 0.00578061584383, -0.00434616068378, 0.00485605513677, -0.00246969400905, 0.00309221120551, -0.00240172632039, 0.00305553898215, -0.00320467771962, 0.00183010182809], [-0.000445367157226, 0.00374371791258, -0.00398031342775, 0.00710107805207, -0.00649176118895, 0.00318968319334, -0.00316149834543, 0.00404371647164, -0.00414487114176, 0.000526205345523, 0.000869560637511, 0.000927162764128, -0.000494264764711], [9.29039451876e-05, -0.00677792867646, 0.00578061584383, -0.00649176118895, 0.0138648496941, -0.00630430085585, 0.00638895481825, -0.00572544522583, 0.00468439282849, -0.00165858969558, 0.00145608070306, -0.00475628906861, 0.00192656205036], [-0.000457515096059, 0.00370286824182, -0.00434616068378, 0.00318968319334, -0.00630430085585, 0.0099576106295, -0.00776334479451, 0.0019697509706, 0.000121350756672, -0.0017582817236, -0.000129326537717, 0.00118333555292, 0.000353844719939], [5.46881165064e-05, -0.00494627095759, 0.00485605513677, -0.00316149834543, 0.00638895481825, -0.00776334479451, 0.014817439951, -0.00471417699009, 0.00451328977942, 0.00105908676051, -0.00133031210862, -0.00252488441765, 0.00100298097823], [-0.000714787049219, 0.00341963255778, -0.00246969400905, 0.00404371647164, -0.00572544522583, 0.0019697509706, -0.00471417699009, 0.0128114493564, -0.0054132011719, 0.000118537456729, 0.00170965457801, -0.000993919209577, -5.36455372639e-05], [0.000256991886999, -0.00351959397085, 0.00309221120551, -0.00414487114176, 0.00468439282849, 0.000121350756672, 0.00451328977942, -0.0054132011719, 0.014988319017, -0.0035374162253, -7.84786388976e-05, -0.000584164692555, -0.00132633291651], [6.19271522737e-05, 0.00156697735656, -0.00240172632039, 0.000526205345523, -0.00165858969558, -0.0017582817236, 0.00105908676051, 0.000118537456729, -0.0035374162253, 0.0109256971627, -0.00154609174933, -0.00133095681667, -8.97289210116e-05], [0.000133054694743, -0.000757444824558, 0.00305553898215, 0.000869560637511, 0.00145608070306, -0.000129326537717, -0.00133031210862, 0.00170965457801, -7.84786388976e-05, -0.00154609174933, 0.0116606494412, -0.00371990865096, 0.00122810562607], [3.13378732244e-05, 0.00214951531962, -0.00320467771962, 0.000927162764128, -0.00475628906861, 0.00118333555292, -0.00252488441765, -0.000993919209577, -0.000584164692555, -0.00133095681667, -0.00371990865096, 0.0167105700821, -0.00508829997852], [0.000893401622307, -0.000621629005764, 0.00183010182809, -0.000494264764711, 0.00192656205036, 0.000353844719939, 0.00100298097823, -5.36455372639e-05, -0.00132633291651, -8.97289210116e-05, 0.00122810562607, -0.00508829997852, 0.0229667443782]]
    },
    "melbands": {
        "max": [0.0042585907504, 0.0132223339751, 0.0353212617338, 0.0149549888447, 0.010189620778, 0.00755981914699, 0.00753408716992, 0.0065368055366, 0.00757790822536, 0.00734312506393, 0.00311617506668, 0.00702800927684, 0.00484978221357, 0.00332859880291, 0.00261429091915, 0.00109063147102, 0.00108451338019, 0.00186753820162, 0.000851811491884, 0.000817540334538, 0.000973832677118, 0.000977783696726, 0.000423845514888, 0.000229014243814, 0.000314807490213, 0.000451888219686, 0.000412408349803, 0.000287817878416, 0.000258536427282, 0.000238843407715, 0.000308297108859, 0.000209491088754, 0.000187558718608, 0.000177289475687, 0.000127494218759, 0.000117070645501, 7.10549284122e-05, 6.91775421728e-05, 4.97507644468e-05, 3.68738583347e-05],
        "mean": [0.000357110693585, 0.000560760148801, 0.000552870333195, 0.000794296443928, 0.000419209740357, 0.000161335847224, 0.000194952575839, 0.000184039090527, 0.0002519916452, 0.000219947120058, 0.000191776707652, 0.000233080325415, 0.000143717363244, 9.8243188404e-05, 9.97506358544e-05, 6.49420326226e-05, 4.86673561682e-05, 2.62966059381e-05, 1.94353106053e-05, 2.12212453334e-05, 3.11261646857e-05, 2.82909368252e-05, 2.43422655331e-05, 1.57707563631e-05, 1.38700888783e-05, 1.69225077116e-05, 1.31825781864e-05, 8.52915763971e-06, 6.88170575813e-06, 5.89485171076e-06, 5.72968747292e-06, 5.21293168276e-06, 5.29045473741e-06, 4.64868799099e-06, 4.23191158916e-06, 3.02147986986e-06, 2.61732611762e-06, 2.06019421967e-06, 1.33213393383e-06, 1.24331654661e-06],
        "min": [1.36986542998e-07, 1.61532611287e-07, 1.97258827939e-07, 2.60043634626e-06, 3.68568294107e-06, 2.15266345549e-06, 3.82469437454e-07, 8.15346311356e-07, 8.69459256592e-07, 4.85501686853e-07, 4.16157632799e-07, 4.15794090713e-07, 1.73355530819e-07, 1.90753894458e-07, 1.82284608741e-07, 1.16431372987e-07, 1.28220108309e-07, 7.25833615434e-08, 2.88120460823e-08, 3.97399553265e-08, 2.42533424455e-08, 3.72274513438e-08, 3.32446319362e-08, 1.95818241622e-08, 1.12183089485e-08, 8.12322564769e-09, 5.63311752799e-09, 6.61426824422e-09, 3.58039908832e-09, 1.70528613452e-09, 1.10365350192e-09, 9.05890973346e-10, 7.76513187084e-10, 7.42235772844e-10, 4.84515316757e-10, 1.43336717495e-10, 2.2006402256e-10, 1.95329780128e-10, 1.40969527718e-10, 1.64877500541e-10],
        "stdev": [0.000592008698732, 0.000873968645465, 0.0010650542099, 0.00128453143407, 0.000763702322729, 0.000337126810336, 0.000454435852589, 0.000401270692237, 0.000584372959565, 0.000565907277633, 0.00039443251444, 0.000567339826375, 0.000388004933484, 0.00027544941986, 0.000213107821764, 0.000125390346511, 0.000107084488263, 7.68258978496e-05, 4.64688309876e-05, 5.55127990083e-05, 8.7889842689e-05, 7.00580640114e-05, 3.99354757974e-05, 2.2206311769e-05, 2.38750380959e-05, 3.1918669265e-05, 2.96878242807e-05, 2.15778836719e-05, 1.88867124962e-05, 1.67091802723e-05, 1.64074772329e-05, 1.47302780533e-05, 1.55119996634e-05, 1.27258754219e-05, 1.0248118997e-05, 8.01509486337e-06, 6.47465731163e-06, 5.47843819731e-06, 3.14164321935e-06, 2.27814348364e-06]
    },
    "melbands128": {
        "max": [0.00110678025521, 0.00459793675691, 0.00615572091192, 0.00709470082074, 0.0162675771862, 0.0250774808228, 0.0495044887066, 0.0400895029306, 0.0148074645549, 0.0270084440708, 0.0208216253668, 0.0158364437521, 0.0134420897812, 0.00553956022486, 0.00601398106664, 0.0174063518643, 0.0138337621465, 0.0128045026213, 0.0101287318394, 0.00893376208842, 0.00766912102699, 0.0104712480679, 0.0127238770947, 0.0107799675316, 0.0163301937282, 0.00977758970112, 0.00856368709356, 0.00548738520592, 0.00731864292175, 0.0142833348364, 0.00588256726041, 0.00677319522947, 0.0101974830031, 0.0033566695638, 0.00318914698437, 0.00560661731288, 0.00624403264374, 0.0040440284647, 0.0033615399152, 0.00159183214419, 0.00157225492876, 0.00377934239805, 0.00250310171396, 0.00229208706878, 0.00164295907598, 0.00335563160479, 0.0028714525979, 0.000652390765026, 0.00238749547862, 0.00108681502752, 0.00175125733949, 0.00191860110499, 0.00146015081555, 0.0023572423961, 0.00185630330816, 0.00162924721371, 0.000745172670577, 0.000889020448085, 0.00056469545234, 0.000604630913585, 0.000527144526131, 0.000216948421439, 0.000503022223711, 0.000333645060891, 0.000395034934627, 0.00051424355479, 0.000911656185053, 0.000442654214567, 0.000747989222873, 0.000745359691791, 0.000319679646054, 0.000333779637003, 0.000327165675117, 0.000375799339963, 0.000355240132194, 0.000391687877709, 0.000346068612998, 0.000359090452548, 0.000400634773541, 0.000241461108089, 0.000201705479412, 0.000311478768708, 0.000321789411828, 0.000211876787944, 0.000319180660881, 0.000183311538422, 0.000224633346079, 0.000151785279741, 0.000262330140686, 9.98574250843e-05, 0.00016155326739, 0.000170259620063, 0.000109141641587, 7.72376733948e-05, 8.26515752124e-05, 9.85261576716e-05, 0.000105851228, 6.42787854304e-05, 6.66688865749e-05, 5.0162707339e-05, 3.67916763935e-05, 5.24496135768e-05, 2.00263002625e-05, 1.78389018402e-05, 4.31536464021e-05, 1.96518176381e-05, 7.51786592446e-06, 9.44320163399e-07, 5.64476358988e-08, 3.45794468615e-08, 2.40262369999e-08, 1.80117414317e-08, 1.60807349658e-08, 1.60109507874e-08, 1.58715618426e-08, 1.56890482828e-08, 1.55190473805e-08, 1.52629819894e-08, 1.50203778304e-08, 1.48231764641e-08, 1.46216416752e-08, 1.44075311681e-08, 1.42000509129e-08, 1.4035945739e-08, 1.39262432697e-08, 1.37976465808e-08, 1.37088900232e-08, 1.36523334859e-08],
        "mean": [7.5335658039e-05, 0.000267073570285, 0.000460896611912, 0.000557783001568, 0.000587423623074, 0.000558815372642, 0.000481390743516, 0.000519090623129, 0.000657614029478, 0.00102306681219, 0.000728069222532, 0.000491469108965, 0.000423725548899, 0.000196211010916, 0.000132741392008, 0.000164249227964, 0.000147403668961, 0.000229356839554, 0.000202184528462, 0.000200301888981, 0.000135776324896, 0.000242140842602, 0.000256093713688, 0.000273668178124, 0.000270814751275, 0.000157647576998, 0.000219173918595, 0.000134839108796, 0.000217642722419, 0.000332628696924, 0.000160439449246, 0.000199144356884, 0.000193533400306, 5.98725382588e-05, 5.62885361433e-05, 0.00012890654034, 0.000147238897625, 8.53878300404e-05, 9.55927898758e-05, 4.69028454972e-05, 4.71850762551e-05, 0.000111680667032, 4.06052749895e-05, 2.67950508714e-05, 2.85803344013e-05, 2.77960116364e-05, 2.41244815697e-05, 1.24648086057e-05, 2.18722198042e-05, 2.49534823524e-05, 1.92142324522e-05, 1.86383185792e-05, 2.65351573034e-05, 4.21757722506e-05, 3.21862498822e-05, 2.36747655435e-05, 2.37745534832e-05, 3.69639783457e-05, 1.82593321369e-05, 1.46703687278e-05, 2.01747334359e-05, 1.120442721e-05, 1.17749741548e-05, 1.63279582921e-05, 1.49051384142e-05, 1.57322156156e-05, 2.1270938305e-05, 1.23265144794e-05, 1.35035325002e-05, 1.04554292193e-05, 8.21442972665e-06, 7.48025877328e-06, 7.34398781788e-06, 7.15324404155e-06, 5.86418764215e-06, 5.73284160055e-06, 6.09037260801e-06, 5.79637617193e-06, 5.58458214073e-06, 5.97925691181e-06, 4.82757059217e-06, 5.05440038978e-06, 5.55882752451e-06, 5.20945104654e-06, 5.37616460861e-06, 4.54036944575e-06, 4.34398589277e-06, 4.9179616326e-06, 4.67040172225e-06, 3.30949865202e-06, 3.16159116664e-06, 2.96324674309e-06, 2.75556794804e-06, 2.55623308476e-06, 2.63466313299e-06, 2.36707842305e-06, 1.94719041247e-06, 1.60042714015e-06, 1.41956786592e-06, 1.14882720936e-06, 1.00158206351e-06, 1.3745753904e-06, 1.38465532018e-06, 1.17885531381e-06, 1.805544116e-06, 1.45102217175e-06, 3.16202203976e-07, 1.88430266945e-08, 1.15552900581e-10, 3.12622289167e-11, 2.51968220594e-11, 2.28151265241e-11, 2.12886826223e-11, 1.94778273371e-11, 1.84604866116e-11, 1.68150094543e-11, 1.53288423621e-11, 1.46101603038e-11, 1.40333716869e-11, 1.3555284499e-11, 1.31717111176e-11, 1.28232398658e-11, 1.25157323741e-11, 1.22522070614e-11, 1.20289386091e-11, 1.17919103301e-11, 1.16435827993e-11, 1.15649356411e-11],
        "min": [3.48715362142e-10, 1.34502542437e-08, 3.57971572384e-08, 7.73935369125e-08, 3.23584750106e-08, 6.6385524633e-08, 5.82205439414e-09, 3.06356469082e-08, 1.28704471081e-07, 4.84106067233e-07, 1.07845698949e-06, 1.59352211426e-07, 4.23135531946e-07, 4.83800988604e-07, 1.89077638879e-07, 4.45569092733e-08, 2.49214537007e-07, 1.09984320318e-07, 1.31259056957e-07, 1.31114518354e-07, 4.34275619909e-07, 3.45485659636e-07, 2.0704217718e-07, 1.5386505936e-07, 1.5314380164e-07, 1.66157263948e-07, 2.97161086849e-08, 1.0949521112e-07, 6.86555523544e-08, 8.65227818281e-08, 7.0539385888e-08, 1.95890681454e-08, 4.40542446967e-09, 8.5294029617e-09, 9.42785263192e-08, 1.19306790225e-07, 1.10613726179e-07, 2.4088059547e-08, 5.60110891001e-08, 3.14222781128e-08, 6.19144913117e-08, 6.09568573395e-08, 3.33442677913e-08, 2.46910492052e-08, 2.86919572545e-08, 2.50364440291e-08, 2.88667934001e-08, 1.36141187213e-09, 8.6063538518e-09, 1.28544161981e-08, 7.77910091898e-09, 1.1041820791e-08, 1.84088690958e-08, 1.00820347626e-08, 3.24160764897e-09, 2.43593003546e-08, 1.53916630552e-08, 4.39867076096e-09, 1.61787649944e-08, 3.51510553998e-09, 6.53080656221e-09, 1.27534596217e-08, 4.2544594514e-09, 1.09696012274e-08, 5.36923039363e-09, 3.87555321169e-09, 4.2980365933e-09, 3.30881300137e-09, 2.24418661432e-09, 3.12102632627e-09, 3.84211773508e-09, 1.03604635981e-09, 3.02398306395e-09, 1.60958069095e-09, 8.04722899428e-10, 6.3867866551e-10, 6.78746392424e-10, 4.22694990121e-10, 2.15766307599e-10, 1.12998208013e-10, 1.37192229799e-10, 3.50045790964e-11, 2.35112679325e-10, 2.43554815205e-10, 2.33972563546e-10, 2.4627846984e-10, 3.73560654632e-10, 7.67684110725e-11, 1.71831937568e-10, 1.27488519741e-10, 3.88731408174e-11, 1.85175035028e-11, 2.41483361085e-10, 6.39048536311e-11, 2.18668364665e-11, 8.98158630802e-11, 3.12673879843e-11, 4.79126183173e-11, 3.6905548062e-11, 6.61137030539e-12, 8.36797089954e-11, 3.79151701355e-12, 9.20683147776e-12, 2.13311000807e-11, 5.15262693623e-11, 1.78550299545e-11, 1.05538381853e-11, 1.08881023501e-13, 8.08478650238e-14, 9.29254164394e-14, 8.01149511315e-14, 1.0074552954e-13, 8.05819102309e-14, 6.24243902013e-14, 8.16317770758e-14, 8.95347977616e-14, 8.12325060733e-14, 8.0324927211e-14, 8.41544715857e-14, 9.24106575767e-14, 8.1213654508e-14, 8.87619987819e-14, 7.95935447542e-14, 8.0029021333e-14, 5.65788836951e-14, 2.49437243863e-14, 3.77584036832e-15, 1.36285033645e-16],
        "stdev": [0.000143502998981, 0.000508604513016, 0.000853013247252, 0.000957782438491, 0.000992035842501, 0.00114410731476, 0.00137440185063, 0.00125799421221, 0.00114053627476, 0.00214093993418, 0.00133493985049, 0.00113113305997, 0.00107090175152, 0.000390379020246, 0.000338993326295, 0.000621107115876, 0.000491798622534, 0.000738545670174, 0.000507748045493, 0.000572923338041, 0.000526113959495, 0.000819891982246, 0.000808574259281, 0.000900331884623, 0.00107233738527, 0.000514064682648, 0.000783711613622, 0.000387608713936, 0.000657297379803, 0.00109434116166, 0.000503575371113, 0.000600974250119, 0.000673429865856, 0.00019838969456, 0.000183723459486, 0.000501531932969, 0.00050111906603, 0.000275720987702, 0.000291403732263, 0.000113737449283, 0.000119810239994, 0.000337853911333, 0.000134471920319, 9.65080253081e-05, 9.39420569921e-05, 0.0001215834709, 0.000107644133095, 2.64945665549e-05, 8.86320849531e-05, 7.09363230271e-05, 7.75945518399e-05, 8.8532891823e-05, 8.21348949103e-05, 0.00015828749747, 0.000131069740746, 8.08672775747e-05, 5.6962180679e-05, 8.10937999631e-05, 3.94168600906e-05, 3.05248649966e-05, 3.69151457562e-05, 1.7803740775e-05, 2.61155510088e-05, 3.23522690451e-05, 3.18381025863e-05, 3.24232350977e-05, 5.35449871677e-05, 2.77183480648e-05, 3.82551479561e-05, 3.57563294529e-05, 2.33272367041e-05, 1.83924148587e-05, 2.16238204302e-05, 2.16735152208e-05, 1.87910645764e-05, 1.83276843018e-05, 1.73058851942e-05, 1.80280621862e-05, 1.82523908734e-05, 1.83404772542e-05, 1.36343551276e-05, 1.61260068126e-05, 1.85876979231e-05, 1.56850128405e-05, 1.75518798642e-05, 1.4326847122e-05, 1.28220090119e-05, 1.15361599455e-05, 1.36690559884e-05, 8.07285596238e-06, 9.00081795407e-06, 9.04888383957e-06, 7.24716164768e-06, 6.23387859378e-06, 7.62411445976e-06, 7.08684819983e-06, 5.35344452146e-06, 4.3881241254e-06, 3.64577067558e-06, 2.8312822451e-06, 2.17164938476e-06, 2.78780498775e-06, 2.3614688871e-06, 2.03827403311e-06, 3.21294578498e-06, 2.5394288059e-06, 5.92039043568e-07, 4.88400502263e-08, 1.38449207654e-09, 8.58323079278e-10, 6.51877607449e-10, 5.4567689256e-10, 4.85687878804e-10, 4.47768405687e-10, 4.21890689051e-10, 4.02689576129e-10, 3.88792942285e-10, 3.76077807784e-10, 3.65482338838e-10, 3.57227747383e-10, 3.49945100675e-10, 3.42928352381e-10, 3.36686289959e-10, 3.31654842478e-10, 3.28180621567e-10, 3.24567817067e-10, 3.22138343778e-10, 3.20563464662e-10]
    },
    "mfcc": {
        "mean": [-643.962341309, 107.422691345, -5.88930273056, 12.2032251358, -5.399122715, -4.07966899872, -2.4712369442, 3.99394273758, -9.54390525818, -2.64656352997, -6.07732057571, -4.19743919373, -7.51959037781],
        "cov": [[4965.28369141, -1554.7409668, 526.301391602, 238.196853638, 351.88104248, 502.69052124, 323.997619629, 310.025665283, 299.620788574, 210.555252075, 196.04725647, 33.9223060608, 123.056228638], [-1554.7409668, 1305.55419922, -478.416625977, -167.153396606, -121.59463501, -184.125335693, 15.3135452271, 11.5764951706, -130.716247559, -86.9280776978, -19.4105644226, -14.8209953308, -67.3326797485], [526.301391602, -478.416625977, 847.732543945, 208.862808228, 193.569335938, 295.028320312, -26.8603210449, -34.0240898132, 203.463577271, 1.86907708645, 65.9606704712, -20.1151103973, 73.7285385132], [238.196853638, -167.153396606, 208.862808228, 385.54586792, 191.927093506, 96.6928329468, -104.163993835, -17.6633491516, 112.316291809, -25.0266036987, 29.4197330475, -17.9327697754, 63.7668151855], [351.88104248, -121.59463501, 193.569335938, 191.927093506, 297.597320557, 154.700439453, -13.6970834732, 23.101064682, 118.814445496, 7.20870780945, 54.4337921143, 2.30458688736, 62.3223152161], [502.69052124, -184.125335693, 295.028320312, 96.6928329468, 154.700439453, 345.945922852, 119.360565186, 43.8556098938, 130.269348145, -5.7872095108, 89.8930587769, -1.50754284859, 39.2897415161], [323.997619629, 15.3135452271, -26.8603210449, -104.163993835, -13.6970834732, 119.360565186, 261.749725342, 103.726745605, -0.314105778933, 9.51218509674, 42.4979705811, 13.1070270538, -11.0815124512], [310.025665283, 11.5764951706, -34.0240898132, -17.6633491516, 23.101064682, 43.8556098938, 103.726745605, 166.624588013, 36.119102478, -4.00984287262, 29.8610591888, 3.17578697205, 1.79238176346], [299.620788574, -130.716247559, 203.463577271, 112.316291809, 118.814445496, 130.269348145, -0.314105778933, 36.119102478, 196.973510742, 8.51191616058, 45.7504234314, -9.43476390839, 33.168132782], [210.555252075, -86.9280776978, 1.86907708645, -25.0266036987, 7.20870780945, -5.7872095108, 9.51218509674, -4.00984287262, 8.51191616058, 104.0418396, 0.851871073246, 6.85862874985, 6.34830284119], [196.04725647, -19.4105644226, 65.9606704712, 29.4197330475, 54.4337921143, 89.8930587769, 42.4979705811, 29.8610591888, 45.7504234314, 0.851871073246, 100.655433655, 22.6014842987, 23.897769928], [33.9223060608, -14.8209953308, -20.1151103973, -17.9327697754, 2.30458688736, -1.50754284859, 13.1070270538, 3.17578697205, -9.43476390839, 6.85862874985, 22.6014842987, 74.0144729614, 18.351896286], [123.056228638, -67.3326797485, 73.7285385132, 63.7668151855, 62.3223152161, 39.2897415161, -11.0815124512, 1.79238176346, 33.168132782, 6.34830284119, 23.897769928, 18.351896286, 86.3546981812]],
        "icov": [[0.000486008415464, 0.000538261374459, 0.000120917829918, -0.000120913071441, -0.000153587330715, -0.00014697140432, -0.000280412205029, -0.000640655111056, -9.28431836655e-06, -0.00056630797917, -0.000383664650144, 0.000138431001687, -9.8436303233e-06], [0.000538261374459, 0.00168783101253, 0.000672659953125, 0.000193865111214, -0.00040115302545, 0.000111436514999, -0.000360241392627, -0.000537778250873, -2.35709594563e-05, 0.000360005622497, -0.000963255704846, 0.000643872655928, 0.000147617756738], [0.000120917829918, 0.000672659953125, 0.00243831076659, -5.81782369409e-05, -4.53331813333e-05, -0.00156915083062, 0.000462074123789, 0.000619544531219, -0.00112604815513, 0.000245244067628, -0.000129833380925, 0.000603977940045, -0.000571520882659], [-0.000120913071441, 0.000193865111214, -5.81782369409e-05, 0.00516239646822, -0.00224211113527, -0.000264153117314, 0.00198637880385, 0.000131216729642, -0.000784189847764, 0.00168959598523, -0.000206845463254, 0.00120757345576, -0.00147082586773], [-0.000153587330715, -0.00040115302545, -4.53331813333e-05, -0.00224211113527, 0.00678205629811, -0.00195031089243, 0.000824729097076, -0.000607547350228, -0.00105353177059, -0.00101825676393, -0.000194354666746, -0.000508578494191, -0.00164702464826], [-0.00014697140432, 0.000111436514999, -0.00156915083062, -0.000264153117314, -0.00195031089243, 0.00812682136893, -0.00412889011204, 0.00155133812223, -0.00177261116914, 0.00147340702824, -0.002976100659, 0.000995839131065, 0.00016355709522], [-0.000280412205029, -0.000360241392627, 0.000462074123789, 0.00198637880385, 0.000824729097076, -0.00412889011204, 0.00857547763735, -0.00379690900445, 0.00152918510139, -0.000590618816204, -0.000316384946927, -0.000550330441911, 0.000380591372959], [-0.000640655111056, -0.000537778250873, 0.000619544531219, 0.000131216729642, -0.000607547350228, 0.00155133812223, -0.00379690900445, 0.010114566423, -0.00248729740269, 0.00192453723866, -0.000695090799127, 0.000437366601545, -0.000183491312782], [-9.28431836655e-06, -2.35709594563e-05, -0.00112604815513, -0.000784189847764, -0.00105353177059, -0.00177261116914, 0.00152918510139, -0.00248729740269, 0.00934654474258, -0.00125137006398, -0.00123687845189, 0.00102713890374, -2.39042547037e-05], [-0.00056630797917, 0.000360005622497, 0.000245244067628, 0.00168959598523, -0.00101825676393, 0.00147340702824, -0.000590618816204, 0.00192453723866, -0.00125137006398, 0.0119056953117, 0.000138932824484, -0.000213397448533, -0.000808261625934], [-0.000383664650144, -0.000963255704846, -0.000129833380925, -0.000206845463254, -0.000194354666746, -0.002976100659, -0.000316384946927, -0.000695090799127, -0.00123687845189, 0.000138932824484, 0.015680398792, -0.00469540897757, -0.00134926312603], [0.000138431001687, 0.000643872655928, 0.000603977940045, 0.00120757345576, -0.000508578494191, 0.000995839131065, -0.000550330441911, 0.000437366601545, 0.00102713890374, -0.000213397448533, -0.00469540897757, 0.0166985522956, -0.00389650394209], [-9.8436303233e-06, 0.000147617756738, -0.000571520882659, -0.00147082586773, -0.00164702464826, 0.00016355709522, 0.000380591372959, -0.000183491312782, -2.39042547037e-05, -0.000808261625934, -0.00134926312603, -0.00389650394209, 0.0157202947885]]
    },
    "spectral_contrast_coeffs": {
        "max": [-0.294086277485, -0.444632411003, -0.46463149786, -0.604658663273, -0.594223678112, -0.577282607555],
        "mean": [-0.65883821249, -0.757860779762, -0.760076344013, -0.796224594116, -0.778602898121, -0.751368880272],
        "min": [-0.866334557533, -0.904527783394, -0.906943738461, -0.905511438847, -0.883273363113, -0.851237177849],
        "stdev": [0.101512312889, 0.0821084007621, 0.0844035670161, 0.0531884580851, 0.0514080114663, 0.0361455157399]
    },
    "spectral_contrast_valleys": {
        "max": [-5.38351392746, -4.97372245789, -5.29257392883, -5.87584877014, -5.44708156586, -7.7296037674],
        "mean": [-7.25855302811, -6.80174636841, -7.26892614365, -7.62299585342, -7.55717563629, -10.3262500763],
        "min": [-9.93005847931, -8.87889003754, -10.1421222687, -9.87854099274, -10.3713550568, -14.1937932968],
        "stdev": [1.11580944061, 0.553389012814, 0.650446474552, 0.707353591919, 0.849267840385, 1.37698709965]
    }
},
"rhythm": {
    "beats_count": 88,
    "beats_loudness": {
        "max": 0.0606536045671,
        "mean": 0.0256989225745,
        "min": 0.000407399609685,
        "stdev": 0.0159703027457
    },
    "bpm": 104.049911499,
    "bpm_histogram_first_peak_bpm": 103,
    "bpm_histogram_first_peak_weight": 0.291666686535,
    "bpm_histogram_second_peak_bpm": 144,
    "bpm_histogram_second_peak_spread": 0.473684191704,
    "bpm_histogram_second_peak_weight": 0.114942528307,
    "danceability": 1.03273391724,
    "onset_rate": 3.86592507362,
    "beats_loudness_band_ratio": {
        "max": [0.699172139168, 0.842002570629, 0.922220528126, 0.814671218395, 0.515108704567, 0.832142412663],
        "mean": [0.192524001002, 0.227841377258, 0.224669322371, 0.178200244904, 0.0978727266192, 0.117089152336],
        "min": [0.000251717894571, 0.00813467148691, 0.0172136407346, 0.0128736104816, 0.00199758331291, 0.0012042139424],
        "stdev": [0.169351413846, 0.192070841789, 0.188008472323, 0.193215996027, 0.0916752293706, 0.14881490171]
    },
