{
"metadata": {
    "version": {
        "essentia": "2.1-beta5",
        "essentia_git_sha": "Undefined",
        "extractor": "music 2.0"
    },
    "audio_properties": {
        "analysis": {
            "equal_loudness": 0,
            "length": 22.0589561462,
            "sample_rate": 44100,
            "start_time": 175.240997314,
            "downmix": "mix"
        },
        "bit_rate": 192000,
        "length": 197.323181152,
        "lossless": 0,
        "number_channels": 2,
        "replay_gain": -6.58639907837,
        "sample_rate": 48000,
        "codec": "mp3",
        "md5_encoded": "f2ff96c38f473477d5d034f876c33ebc"
    },
    "tags": {
        "file_name": "Israel_Sa_me_akh_Ping Pong.mp3",
        "encoding": ["Lavf58.29.100"]
    }
},
"lowlevel": {
    "average_loudness": 0.919525623322,
    "barkbands_crest": {
        "max": 23.9765892029,
        "mean": 7.57738828659,
        "min": 2.37717175484,
        "stdev": 3.47757434845
    },
    "barkbands_flatness_db": {
        "max": 0.238521426916,
        "mean": 0.148311018944,
        "min": 0.0649598836899,
        "stdev": 0.0288320388645
    },
    "barkbands_kurtosis": {
        "max": 23.24426651,
        "mean": 0.825575530529,
        "min": -1.73140215874,
        "stdev": 1.98740041256
    },
    "barkbands_skewness": {
        "max": 4.70022058487,
        "mean": 0.629725575447,
        "min": -1.64554643631,
        "stdev": 0.739959001541
    },
    "barkbands_spread": {
        "max": 75.9650650024,
        "mean": 18.3179264069,
        "min": 3.58297491074,
        "stdev": 12.3170347214
    },
    "dissonance": {
        "max": 0.499994069338,
        "mean": 0.485872983932,
        "min": 0.417494237423,
        "stdev": 0.013329689391
    },
    "dynamic_complexity": 1.36313903332,
    "erbbands_crest": {
        "max": 29.3502578735,
        "mean": 8.05485153198,
        "min": 2.63355278969,
        "stdev": 3.5576748848
    },
    "erbbands_flatness_db": {
        "max": 0.321319758892,
        "mean": 0.222354486585,
        "min": 0.0963192731142,
        "stdev": 0.0474349670112
    },
    "erbbands_kurtosis": {
        "max": 9.86381340027,
        "mean": 0.459402114153,
        "min": -1.48592424393,
        "stdev": 1.22513282299
    },
    "erbbands_skewness": {
        "max": 2.53232264519,
        "mean": 0.359677195549,
        "min": -1.58255338669,
        "stdev": 0.567326366901
    },
    "erbbands_spread": {
        "max": 73.5223083496,
        "mean": 21.8082180023,
        "min": 5.52740955353,
        "stdev": 12.3277492523
    },
    "hfc": {
        "max": 87.8382415771,
        "mean": 28.7589931488,
        "min": 4.74172735214,
        "stdev": 14.9074821472
    },
    "loudness_ebu128": {
        "integrated": -15.9711284637,
        "loudness_range": 2.30307292938,
        "momentary": {
            "max": -12.8245229721,
            "mean": -16.1431865692,
            "min": -19.0489635468,
            "stdev": 1.21613430977
        },
        "short_term": {
            "max": -14.6297740936,
            "mean": -16.1468334198,
            "min": -17.7033557892,
            "stdev": 0.727108776569
        }
    },
    "melbands_crest": {
        "max": 30.1352214813,
        "mean": 10.3094120026,
        "min": 3.49372267723,
        "stdev": 5.096555233
    },
    "melbands_flatness_db": {
        "max": 0.28935867548,
        "mean": 0.137584030628,
        "min": 0.0396231934428,
        "stdev": 0.0357924923301
    },
    "melbands_kurtosis": {
        "max": 77.0171966553,
        "mean": 3.7118909359,
        "min": -1.69700300694,
        "stdev": 6.34083175659
    },
    "melbands_skewness": {
        "max": 7.83740186691,
        "mean": 1.22080075741,
        "min": -0.947978854179,
        "stdev": 1.09057271481
    },
    "melbands_spread": {
        "max": 122.932159424,
        "mean": 27.1613864899,
        "min": 4.73540258408,
        "stdev": 15.9185333252
    },
    "pitch_salience": {
        "max": 0.876115262508,
        "mean": 0.687289297581,
        "min": 0.177046969533,
        "stdev": 0.135046973825
    },
    "silence_rate_20dB": {
        "max": 1,
        "mean": 1,
        "min": 1,
        "stdev": 0
    },
    "silence_rate_30dB": {
        "max": 1,
        "mean": 1,
        "min": 1,
        "stdev": 0
    },
    "silence_rate_60dB": {
        "max": 0,
        "mean": 0,
        "min": 0,
        "stdev": 0
    },
    "spectral_centroid": {
        "max": 4083.54541016,
        "mean": 1891.81213379,
        "min": 579.71081543,
        "stdev": 400.298156738
    },
    "spectral_complexity": {
        "max": 50,
        "mean": 29.9600429535,
        "min": 10,
        "stdev": 6.23686790466
    },
    "spectral_decrease": {
        "max": -1.04596820094e-09,
        "mean": -5.67312907762e-09,
        "min": -2.79068927966e-08,
        "stdev": 4.01482669332e-09
    },
    "spectral_energy": {
        "max": 0.109594248235,
        "mean": 0.0240202248096,
        "min": 0.00471055600792,
        "stdev": 0.0160145424306
    },
    "spectral_energyband_high": {
        "max": 0.00723798619583,
        "mean": 0.000881426443812,
        "min": 4.51642008557e-05,
        "stdev": 0.00103627482895
    },
    "spectral_energyband_low": {
        "max": 0.0895045846701,
        "mean": 0.00524807535112,
        "min": 3.20636559081e-06,
        "stdev": 0.0122204329818
    },
    "spectral_energyband_middle_high": {
        "max": 0.0484220944345,
        "mean": 0.0129264565185,
        "min": 0.00138232880272,
        "stdev": 0.00678246561438
    },
    "spectral_energyband_middle_low": {
        "max": 0.0671570971608,
        "mean": 0.00572275277227,
        "min": 0.000677801494021,
        "stdev": 0.00644034799188
    },
    "spectral_entropy": {
        "max": 8.29913711548,
        "mean": 7.80936050415,
        "min": 7.01031732559,
        "stdev": 0.167098596692
    },
    "spectral_flux": {
        "max": 0.291357010603,
        "mean": 0.09420440346,
        "min": 0.0392561554909,
        "stdev": 0.0322231203318
    },
    "spectral_kurtosis": {
        "max": 15.0365848541,
        "mean": 4.49589681625,
        "min": -0.700107812881,
        "stdev": 2.25584793091
    },
    "spectral_rms": {
        "max": 0.0103402715176,
        "mean": 0.00463636685163,
        "min": 0.00214375020005,
        "stdev": 0.00139228173066
    },
    "spectral_rolloff": {
        "max": 6223.09570312,
        "mean": 2129.38623047,
        "min": 86.1328125,
        "stdev": 737.401245117
    },
    "spectral_skewness": {
        "max": 3.42467927933,
        "mean": 1.48657095432,
        "min": -0.220286309719,
        "stdev": 0.366364657879
    },
    "spectral_spread": {
        "max": 8677103,
        "mean": 3379623.25,
        "min": 2022435.5,
        "stdev": 901084.375
    },
    "spectral_strongpeak": {
        "max": 10.0276536942,
        "mean": 1.26947283745,
        "min": 0,
        "stdev": 1.27282607555
    },
    "zerocrossingrate": {
        "max": 0.1826171875,
        "mean": 0.0763669833541,
        "min": 0.01513671875,
        "stdev": 0.0184163432568
    },
    "barkbands": {
        "max": [0.00279722781852, 0.0772484987974, 0.0470155850053, 0.0234433300793, 0.0324433036149, 0.0209191795439, 0.041422098875, 0.0228168405592, 0.0180966760963, 0.028560070321, 0.026867184788, 0.0107752997428, 0.00882107019424, 0.0131274405867, 0.0226477440447, 0.0225216187537, 0.00983550958335, 0.00937759969383, 0.0042826239951, 0.00358422566205, 0.00512610841542, 0.00457681901753, 0.00189942819998, 0.0035610278137, 0.000475445878692, 5.47957552044e-06, 5.93067807131e-06],
        "mean": [0.000101338919194, 0.00364629086107, 0.0011170321377, 0.000664510880597, 0.000608636881225, 0.000379603385227, 0.000787745753769, 0.000756444700528, 0.00182709784713, 0.00260292482562, 0.00200452352874, 0.00134289613925, 0.00117253838107, 0.00128060532734, 0.00152493920177, 0.00118670437951, 0.00090701051522, 0.000697937211953, 0.000396741495933, 0.000329368805978, 0.000221891299589, 0.000204469673918, 0.000132585861138, 8.69552313816e-05, 3.93287846236e-05, 9.00122785197e-08, 8.02895883112e-09],
        "min": [2.97738775856e-08, 2.05185187951e-07, 2.33963788787e-07, 4.1087560021e-07, 2.52955419455e-06, 8.90438423085e-06, 1.07588166429e-05, 1.57056165335e-05, 2.75774946203e-05, 3.47958848579e-05, 2.92263011943e-05, 1.18683028631e-05, 2.91735777864e-05, 2.47202569881e-05, 3.14560929837e-05, 6.87343854224e-05, 4.64484255644e-05, 4.58641043224e-05, 4.11231485486e-05, 2.27196414926e-05, 9.28119516175e-06, 7.42926886232e-06, 3.89210799767e-06, 1.99647274712e-06, 2.08477459296e-07, 4.94390639538e-11, 3.2227834984e-11],
        "stdev": [0.000248590658884, 0.00933122448623, 0.00403092708439, 0.00216403976083, 0.00211736978963, 0.00106451346073, 0.00269693392329, 0.00155626400374, 0.0016526398249, 0.00273837149143, 0.00273692863993, 0.00125712540466, 0.000952788803261, 0.00139862531796, 0.00227194232866, 0.00171746814158, 0.00108468870167, 0.000832489691675, 0.000395312294131, 0.000435116002336, 0.000334053358529, 0.000327676243614, 0.000213123785215, 0.00020548790053, 5.5545799114e-05, 2.62803894202e-07, 1.94699723011e-07]
    },
    "erbbands": {
        "max": [3.30252766609, 16.706079483, 53.7109451294, 48.5752410889, 127.461418152, 112.039978027, 117.404884338, 170.25944519, 697.754577637, 423.15524292, 207.998260498, 348.626983643, 456.654663086, 976.015930176, 1237.86328125, 528.258117676, 388.012268066, 499.498565674, 2154.71679688, 697.852294922, 1032.5213623, 509.971557617, 619.822814941, 273.193267822, 90.4651641846, 227.030899048, 319.228729248, 223.772476196, 221.991485596, 77.0705490112, 40.3995246887, 132.414306641, 15.3261289597, 7.45850086212, 3.72592401505, 0.244786724448, 0.0100654633716, 0.00362902367488, 0.000845336937346, 0.000129058375023],
        "mean": [0.113797523081, 0.779135227203, 1.22840559483, 2.08089542389, 2.11315488815, 1.88957512379, 2.0191192627, 3.6593811512, 9.04933547974, 16.4312210083, 16.13530159, 41.9274482727, 68.4298477173, 85.5276870728, 78.9718475342, 56.489982605, 55.0084342957, 59.8918113708, 91.1054000854, 64.3167572021, 61.0359458923, 50.8164520264, 39.8767814636, 27.8703899384, 16.6812038422, 16.2503852844, 11.9572706223, 7.36541748047, 7.34844493866, 5.68280076981, 3.51366758347, 2.55491352081, 1.02284085751, 0.484374970198, 0.2666439116, 0.0173369050026, 0.0004823981144, 4.36509035353e-05, 2.08397450479e-05, 3.14472999889e-05],
        "min": [1.18995030789e-05, 5.80315063416e-05, 0.00040868826909, 0.00149909604806, 0.00345619767904, 0.00678312359378, 0.0206040535122, 0.0760312974453, 0.202344179153, 0.31024068594, 0.935872197151, 1.08680546284, 1.11304831505, 0.893772721291, 3.5913476944, 3.03523874283, 2.62652468681, 1.75437855721, 1.83470404148, 4.38121509552, 4.31670188904, 3.09196043015, 2.61121535301, 2.56623697281, 1.63408708572, 1.0987868309, 0.534029841423, 0.344095170498, 0.261049479246, 0.171196639538, 0.0982087850571, 0.0476593859494, 0.0125617897138, 0.00320069259033, 0.000986591796391, 8.19735287223e-05, 9.16486260394e-06, 2.74470767181e-06, 3.9155097511e-06, 6.59848774376e-06],
        "stdev": [0.319961249828, 1.98589479923, 4.25141239166, 6.0146894455, 8.03785419464, 6.40438985825, 6.52399873734, 10.1641511917, 36.4572944641, 40.3447341919, 20.3539180756, 37.4381942749, 63.6619262695, 95.6975784302, 106.13067627, 51.2723808289, 42.3097953796, 48.217590332, 155.257369995, 64.3948364258, 84.3742675781, 56.5888900757, 47.6431045532, 31.3165054321, 14.0207366943, 22.3876457214, 18.5396518707, 12.2342786789, 12.6127710342, 9.10579204559, 5.50458145142, 7.14159154892, 1.62592279911, 0.700496852398, 0.414359480143, 0.0284668598324, 0.000778232584707, 0.000127571052872, 3.0395183785e-05, 1.98638790607e-05]
    },
    "gfcc": {
        "mean": [-2.99882268906, 77.8017501831, -196.976287842, 25.3131160736, -72.7236709595, 30.9515266418, -30.5286159515, 15.9373693466, -11.2908964157, -6.17829799652, -5.77355909348, -10.0818271637, 5.16037273407],
        "cov": [[1489.22912598, 153.120529175, 1023.87835693, 760.469543457, 112.554672241, 154.104278564, -150.747039795, 36.7580986023, -33.3385925293, 132.820861816, 10.7403917313, 7.8220334053, -109.878585815], [153.120529175, 342.446014404, 369.916625977, 269.694000244, 119.719833374, 23.0125961304, 31.6264743805, -42.3758087158, 24.2550373077, -1.56473648548, 36.5550117493, -26.4050121307, -13.0496253967], [1023.87835693, 369.916625977, 1213.85473633, 830.840393066, 152.256240845, 156.057937622, -77.0017776489, 10.6565885544, -24.0720863342, 104.858131409, 34.6467590332, 1.97363340855, -96.3951644897], [760.469543457, 269.694000244, 830.840393066, 753.520507812, 179.973510742, 110.543121338, -8.42206001282, -12.3009109497, 12.6264591217, 77.259513855, 42.8714103699, -8.80514526367, -61.8414726257], [112.554672241, 119.719833374, 152.256240845, 179.973510742, 148.68270874, 61.157749176, 34.3655929565, -1.44045901299, 7.93840456009, 18.4413471222, 21.2106246948, -17.9923725128, 3.90780305862], [154.104278564, 23.0125961304, 156.057937622, 110.543121338, 61.157749176, 103.229377747, 22.8723297119, 11.356212616, -4.25449800491, 25.8088493347, 11.8687601089, -1.38851666451, -1.15411400795], [-150.747039795, 31.6264743805, -77.0017776489, -8.42206001282, 34.3655929565, 22.8723297119, 123.092796326, 3.67469477654, 17.133939743, -13.0753669739, 9.34398555756, -19.2669429779, 17.5371208191], [36.7580986023, -42.3758087158, 10.6565885544, -12.3009109497, -1.44045901299, 11.356212616, 3.67469477654, 79.8793563843, 23.7670555115, 14.7235002518, 0.524864554405, 5.80525255203, -5.4256644249], [-33.3385925293, 24.2550373077, -24.0720863342, 12.6264591217, 7.93840456009, -4.25449800491, 17.133939743, 23.7670555115, 95.2276611328, 5.93561553955, 17.2521533966, 12.0885658264, -6.35844898224], [132.820861816, -1.56473648548, 104.858131409, 77.259513855, 18.4413471222, 25.8088493347, -13.0753669739, 14.7235002518, 5.93561553955, 75.4898223877, 24.316411972, 10.0386228561, 0.574908137321], [10.7403917313, 36.5550117493, 34.6467590332, 42.8714103699, 21.2106246948, 11.8687601089, 9.34398555756, 0.524864554405, 17.2521533966, 24.316411972, 56.2755279541, 14.688539505, 17.2037715912], [7.8220334053, -26.4050121307, 1.97363340855, -8.80514526367, -17.9923725128, -1.38851666451, -19.2669429779, 5.80525255203, 12.0885658264, 10.0386228561, 14.688539505, 53.6509513855, 12.7457771301], [-109.878585815, -13.0496253967, -96.3951644897, -61.8414726257, 3.90780305862, -1.15411400795, 17.5371208191, -5.4256644249, -6.35844898224, 0.574908137321, 17.2037715912, 12.7457771301, 62.3979911804]],
        "icov": [[0.00244498904794, 0.000283019762719, -0.000413594476413, -0.00192475446966, 0.000860824948177, -0.00171124923509, 0.00233792932704, -0.00100934354123, 0.000565839465708, -0.0010978205828, 0.000689596636221, 0.000377196614863, 0.000788309902418], [0.000283019762719, 0.0178689546883, -0.0132229244336, 0.00922297779471, -0.0145088806748, 0.0134181734174, -0.00672069936991, 0.0114565687254, -0.00886335782707, 0.00676035275683, -0.00776883028448, 0.00617591291666, -0.00309440609999], [-0.000413594476413, -0.0132229244336, 0.0149435922503, -0.0121950069442, 0.012794829905, -0.0130429845303, 0.00713367434219, -0.00992344133556, 0.00840396340936, -0.00505690462887, 0.00520865060389, -0.00474071502686, 0.00403048889711], [-0.00192475446966, 0.00922297779471, -0.0121950069442, 0.0150534678251, -0.0134150665253, 0.0112366592512, -0.00766562856734, 0.00952809397131, -0.0071252444759, 0.00328957755119, -0.00523323891684, 0.00244607729837, -0.00116294273175], [0.000860824948177, -0.0145088806748, 0.012794829905, -0.0134150665253, 0.0262662917376, -0.0178319532424, 0.00632075872272, -0.0103068035096, 0.0069195064716, -0.00511807017028, 0.00467866798863, -3.50145019183e-05, -0.000225880459766], [-0.00171124923509, 0.0134181734174, -0.0130429845303, 0.0112366592512, -0.0178319532424, 0.0287557747215, -0.0112609332427, 0.00834412965924, -0.00574109051377, 0.00282683758996, -0.00548387598246, 0.00201908848248, -0.00319256610237], [0.00233792932704, -0.00672069936991, 0.00713367434219, -0.00766562856734, 0.00632075872272, -0.0112609332427, 0.0172111783177, -0.00662110419944, 0.00219930754974, -0.000845594680868, 0.00171248638071, 0.00292126485147, -0.000719511823263], [-0.00100934354123, 0.0114565687254, -0.00992344133556, 0.00952809397131, -0.0103068035096, 0.00834412965924, -0.00662110419944, 0.0233316905797, -0.0104122757912, 0.00148582761176, -0.00316457916051, 0.0028289181646, -0.00135908066295], [0.000565839465708, -0.00886335782707, 0.00840396340936, -0.0071252444759, 0.0069195064716, -0.00574109051377, 0.00219930754974, -0.0104122757912, 0.0189674124122, -0.00340886157937, -0.000267752940999, -0.00693084625527, 0.00645462190732], [-0.0010978205828, 0.00676035275683, -0.00505690462887, 0.00328957755119, -0.00511807017028, 0.00282683758996, -0.000845594680868, 0.00148582761176, -0.00340886157937, 0.0221986435354, -0.0104833748192, 0.00216886331327, -0.00243612728082], [0.000689596636221, -0.00776883028448, 0.00520865060389, -0.00523323891684, 0.00467866798863, -0.00548387598246, 0.00171248638071, -0.00316457916051, -0.000267752940999, -0.0104833748192, 0.0309349447489, -0.00771043775603, -0.00558612495661], [0.000377196614863, 0.00617591291666, -0.00474071502686, 0.00244607729837, -3.50145019183e-05, 0.00201908848248, 0.00292126485147, 0.0028289181646, -0.00693084625527, 0.00216886331327, -0.00771043775603, 0.0281076934189, -0.00782093498856], [0.000788309902418, -0.00309440609999, 0.00403048889711, -0.00116294273175, -0.000225880459766, -0.00319256610237, -0.000719511823263, -0.00135908066295, 0.00645462190732, -0.00243612728082, -0.00558612495661, -0.00782093498856, 0.0256980974227]]
    },
    "melbands": {
        "max": [0.0253306142986, 0.0236361529678, 0.0106113152578, 0.00851294212043, 0.00414029369131, 0.00370101188309, 0.00939365290105, 0.00506352167577, 0.00171420315746, 0.00273415725678, 0.00265550473705, 0.0040019848384, 0.00401434954256, 0.00125120882876, 0.00122899690177, 0.000740423740353, 0.000966366787907, 0.00421106815338, 0.00130963209085, 0.00187835504767, 0.00139152340125, 0.000669758883305, 0.000625578337349, 0.000319261365803, 0.000254215468885, 0.000100236880826, 9.91201377474e-05, 0.000183990399819, 0.000276684120763, 0.000148580293171, 0.000175458524609, 0.00015176711895, 9.45401698118e-05, 4.29329120379e-05, 2.68239946308e-05, 5.0585520512e-05, 8.43816087581e-05, 1.1678125702e-05, 9.10537892196e-06, 5.27289466845e-06],
        "mean": [0.00103348947596, 0.000775559630711, 0.000357363547664, 0.000140847070725, 7.43445634726e-05, 8.17687396193e-05, 0.000146169695654, 0.000181585375685, 0.000136575472425, 0.000281082815491, 0.000345599168213, 0.000348554778611, 0.000275689380942, 0.000167004822288, 0.000130279862788, 0.000112569374323, 0.000108350875962, 0.000148266684846, 9.9813703855e-05, 8.49797579576e-05, 6.73777612974e-05, 5.34165992576e-05, 4.33915993199e-05, 3.13342352456e-05, 2.18064033106e-05, 1.32315208248e-05, 9.98599898594e-06, 1.1008821275e-05, 8.34212733025e-06, 4.92089429827e-06, 4.0564500523e-06, 4.24090649176e-06, 3.86822330256e-06, 2.82235737359e-06, 1.97222516363e-06, 1.91322351384e-06, 1.38486325341e-06, 7.29912585484e-07, 5.19459320003e-07, 3.64328144542e-07],
        "min": [1.12019129972e-07, 3.25621812181e-07, 3.58755301022e-07, 5.15677641033e-07, 5.87087754411e-07, 1.86311854122e-06, 2.74402464129e-06, 2.57452961705e-06, 5.61183560421e-06, 4.09282938563e-06, 4.82438508698e-06, 2.44698662755e-06, 5.33528600499e-06, 1.86491820386e-06, 4.58932981928e-06, 3.00673650599e-06, 1.5265991351e-06, 3.00100737149e-06, 2.63418769464e-06, 3.36606444762e-06, 3.99720784117e-06, 2.48483183896e-06, 2.59007197201e-06, 1.82281235084e-06, 1.72514432961e-06, 1.25729172851e-06, 8.08367815353e-07, 6.09111054928e-07, 3.80377116471e-07, 1.61208419058e-07, 1.92964165535e-07, 1.31815298232e-07, 9.96493838556e-08, 7.51075575067e-08, 5.57568817783e-08, 3.0487818492e-08, 2.28889796006e-08, 6.7114322988e-09, 2.93332114154e-09, 1.83171056101e-09],
        "stdev": [0.00273743947037, 0.00210768985562, 0.00103096151724, 0.000523264170624, 0.000225151379709, 0.000229139855946, 0.000558048952371, 0.000435510184616, 0.000153929766384, 0.000260710192379, 0.000333114643581, 0.000408566033002, 0.00038809524267, 0.000161009593285, 0.000112118039397, 8.79102444742e-05, 9.59528333624e-05, 0.000277279235888, 0.000131603519549, 0.000127532111946, 0.000103433383629, 6.48277491564e-05, 5.61553533771e-05, 4.00157696276e-05, 2.66752758762e-05, 1.12614334284e-05, 1.03417605715e-05, 1.66036879818e-05, 1.47763430505e-05, 7.36444053473e-06, 7.87695898907e-06, 7.82703227742e-06, 6.58933731756e-06, 4.68024563816e-06, 3.20880644722e-06, 3.76560706172e-06, 4.44070337835e-06, 1.15150851343e-06, 8.39290862586e-07, 5.16238799264e-07]
    },
    "melbands128": {
        "max": [0.00266593485139, 0.0274162571877, 0.038756467402, 0.0249797124416, 0.0313911214471, 0.0203424543142, 0.0109174456447, 0.0127010848373, 0.0137109803036, 0.0106463953853, 0.00621160911396, 0.00565764540806, 0.0043598935008, 0.00507318601012, 0.00406471500173, 0.00415232405066, 0.0148675460368, 0.0130373202264, 0.012972089462, 0.00729902740568, 0.00938643421978, 0.00299615412951, 0.00216406770051, 0.00174155307468, 0.00218757987022, 0.00519983517006, 0.00371064571664, 0.00269379536621, 0.0060431426391, 0.00631453888491, 0.00694857770577, 0.00621638260782, 0.00760321784765, 0.00645885756239, 0.00159238337073, 0.00210108421743, 0.00251082144678, 0.00157694367226, 0.00205958192237, 0.00209269719198, 0.000881936633959, 0.0014516414376, 0.00217384193093, 0.00147712230682, 0.00267114443704, 0.00956520996988, 0.00599598092958, 0.00178304116707, 0.00116116786376, 0.00184713490307, 0.00303284381516, 0.00280880508944, 0.0026528085582, 0.00144264625851, 0.00131615938153, 0.000951477501076, 0.000764033698943, 0.00144638493657, 0.00115591788199, 0.000959506898653, 0.000552688376047, 0.000583543092944, 0.000536673062015, 0.000203179122764, 0.000212058017496, 0.000207729099202, 0.000124365877127, 0.000190823586308, 0.000135010544909, 0.000177013629582, 0.000353520212229, 0.000171936058905, 0.000268534611678, 0.000451467902167, 0.000115259717859, 0.000116266026453, 0.000263215595623, 0.00015231857833, 0.000252790225204, 0.00021930578805, 0.000158634167747, 0.000213598570554, 0.000141268203151, 0.000132726810989, 9.45219799178e-05, 0.000108640313556, 5.7406945416e-05, 4.44504403276e-05, 3.13621276291e-05, 2.43005888478e-05, 6.10095230513e-05, 4.98151202919e-05, 0.000159257673658, 0.000122916695545, 2.66878669208e-05, 1.25895467136e-05, 1.58009224833e-05, 1.07380656118e-05, 1.33943221954e-05, 1.00013839983e-05, 9.39601159189e-06, 3.20986850966e-06, 5.86144369663e-06, 4.58314571006e-06, 9.48907472775e-06, 3.92673973693e-06, 1.80751703738e-06, 1.12889118498e-07, 3.36441345894e-08, 3.36075451912e-08, 3.31322596026e-08, 3.29220526396e-08, 3.22154711796e-08, 3.00264630937e-08, 2.94840916126e-08, 2.88894508316e-08, 2.8460117818e-08, 2.75680669404e-08, 2.66657202985e-08, 2.6082755511e-08, 2.55884540223e-08, 2.51370035897e-08, 2.46879032773e-08, 2.43010234158e-08, 2.39735999941e-08, 2.37052546481e-08, 2.35246240265e-08, 2.34112675912e-08],
        "mean": [9.277616482e-05, 0.000827307754662, 0.00158094835933, 0.00116897223052, 0.000640355923679, 0.000577363302, 0.000447881582659, 0.00029773672577, 0.000208046330954, 0.000135480295285, 9.52230911935e-05, 8.76385893207e-05, 6.30772119621e-05, 6.44371539238e-05, 7.69321341068e-05, 9.13087424124e-05, 0.000114146452688, 0.000167043734109, 0.000169060236658, 0.000197936766199, 0.000192824853002, 0.000115885915875, 0.000112286303192, 0.000161811214639, 0.000276566541288, 0.000328356109094, 0.000308103451971, 0.000350512418663, 0.000366349064279, 0.000390549976146, 0.000335054035531, 0.000276967330137, 0.00030390988104, 0.0002601648157, 0.000164129218319, 0.000149979954585, 0.000152037595399, 0.000115593233204, 0.000131093547679, 0.000126231956528, 0.000100909426692, 0.000105073042505, 0.000111950095743, 0.000104715603811, 0.000116700823128, 0.000173730470124, 0.000168832833879, 9.41871039686e-05, 7.25445061107e-05, 8.0480989709e-05, 9.21920291148e-05, 8.63696113811e-05, 6.82439931552e-05, 5.99983577558e-05, 5.90388444834e-05, 5.36030420335e-05, 4.75535525766e-05, 4.95227504871e-05, 4.1003437218e-05, 3.35024742526e-05, 3.03727192659e-05, 2.95044774248e-05, 2.95108457067e-05, 1.64999546541e-05, 1.49305888044e-05, 1.38514005812e-05, 1.20346430776e-05, 1.03272841443e-05, 8.27416806715e-06, 1.10806122393e-05, 1.23290592455e-05, 1.02928779597e-05, 9.63717866398e-06, 8.36455728859e-06, 6.48086097499e-06, 5.02731836605e-06, 4.17600722358e-06, 3.88238186133e-06, 4.10128404837e-06, 4.17120008933e-06, 4.34803041571e-06, 4.31090529673e-06, 3.78964932679e-06, 4.0884824557e-06, 3.71393366549e-06, 3.0765675092e-06, 2.578358135e-06, 2.12398458643e-06, 1.86977968042e-06, 1.8692149979e-06, 2.031126769e-06, 1.8275545699e-06, 1.932099849e-06, 1.52012069066e-06, 9.62187414189e-07, 8.12943596884e-07, 6.78464061821e-07, 6.12020414792e-07, 5.49769310965e-07, 4.69524820801e-07, 3.75186090196e-07, 3.42469803627e-07, 3.460117739e-07, 3.65590977935e-07, 3.95599528247e-07, 2.95642138326e-07, 7.5176444625e-08, 4.08855482803e-09, 4.7712538781e-11, 4.5541619087e-11, 4.45587143572e-11, 4.40141117997e-11, 4.30280706898e-11, 4.05221585453e-11, 3.98765256926e-11, 3.91286308909e-11, 3.83107677526e-11, 3.71899420981e-11, 3.60967956914e-11, 3.53139739673e-11, 3.46738644741e-11, 3.40693098733e-11, 3.35097401216e-11, 3.30058376463e-11, 3.25253782241e-11, 3.20904726403e-11, 3.18058183957e-11, 3.16548870449e-11],
        "min": [8.18957968107e-09, 1.91225577595e-08, 1.42746436893e-08, 4.19074233093e-08, 9.88235697719e-08, 1.09051626396e-07, 1.73433321038e-07, 1.50685025346e-07, 1.12515678552e-07, 1.05328226141e-07, 1.01334428848e-07, 7.10976877372e-08, 1.66657940781e-07, 4.01132609795e-07, 4.27602230957e-07, 1.45809082142e-07, 8.4572917558e-07, 8.05187539754e-07, 1.14293993647e-06, 1.05801018435e-06, 5.15074816576e-07, 1.23665108731e-06, 8.44071450956e-07, 1.92760194295e-06, 3.78362119591e-06, 2.65511926045e-06, 7.28352517854e-07, 1.74770184458e-06, 2.140646302e-06, 1.03686375041e-06, 1.3763097968e-06, 9.57603106144e-07, 1.90513696907e-06, 1.90420803392e-06, 1.09726977371e-06, 6.55278313388e-07, 4.71603073038e-07, 9.2513346317e-07, 1.50036396462e-06, 3.51553330802e-06, 6.43478642814e-07, 9.70901623987e-07, 4.16506509282e-07, 8.06369314432e-07, 5.11114933488e-07, 9.55156110649e-07, 8.91645811407e-07, 5.69786550386e-07, 1.23374093164e-06, 1.87553951037e-06, 1.71781766767e-06, 1.62490982802e-06, 1.33740581987e-06, 1.50356447648e-06, 6.07859249158e-07, 1.31057868202e-06, 1.09585300834e-06, 1.51314509367e-06, 7.80747029694e-07, 6.09936250839e-07, 6.17063733444e-07, 5.42133307135e-07, 9.4771263548e-07, 1.00015427051e-06, 6.6154683509e-07, 6.3412022655e-07, 7.08526499693e-07, 3.26254962602e-07, 4.91038122163e-07, 4.24209218863e-07, 2.65170655211e-07, 3.86376797223e-07, 3.89951139823e-07, 3.0018836128e-07, 1.68329492567e-07, 1.06707879866e-07, 9.74056746372e-08, 1.16350655333e-07, 1.23768415961e-07, 1.53904210265e-07, 1.01112654249e-07, 7.87573313232e-08, 8.10761520142e-08, 5.3369621611e-08, 6.30851175742e-08, 5.59237847142e-08, 4.27857536067e-08, 3.07828038615e-08, 4.15853520508e-08, 3.39043495501e-08, 1.72090537376e-08, 1.83124502229e-08, 2.38020998466e-08, 2.10429380587e-08, 9.66514335232e-09, 6.17108808498e-09, 4.27064206221e-09, 3.38156858071e-09, 9.62821711248e-10, 1.76542280794e-09, 1.72890213257e-09, 1.55697565951e-09, 1.17492016116e-09, 9.56467904878e-10, 7.39371897041e-10, 6.21214468755e-10, 1.30526783826e-10, 3.71849984615e-13, 1.26871820341e-13, 1.08525025717e-13, 1.15152963662e-13, 1.16689874451e-13, 1.0257047219e-13, 1.19317397759e-13, 1.0973519863e-13, 1.16160201033e-13, 1.16304250844e-13, 1.19689075816e-13, 1.08138426328e-13, 1.04950160433e-13, 9.88100321508e-14, 9.98616947055e-14, 1.0509421702e-13, 9.59433677254e-14, 6.92593362219e-14, 3.45557492397e-14, 4.37015849466e-15, 1.48803743854e-16],
        "stdev": [0.000237367043155, 0.00246072746813, 0.00441088387743, 0.00304729607888, 0.00237062829547, 0.00198256946169, 0.00134094501846, 0.00105961353984, 0.000850346696097, 0.000603898020927, 0.000325313449139, 0.000269251147984, 0.000245244096732, 0.000219469060539, 0.000245107803494, 0.000260043772869, 0.00054608163191, 0.000845061498694, 0.000647042645141, 0.000553859106731, 0.000574461184442, 0.00022032346169, 0.000181634604814, 0.000180574308615, 0.000301047490211, 0.000407942192396, 0.000401413417421, 0.000413960544392, 0.000517382228281, 0.000635854143184, 0.000518113665748, 0.000481891882373, 0.000593670760281, 0.000486331555294, 0.000194151914911, 0.000197814544663, 0.000200123511604, 0.000136406655656, 0.000168185928487, 0.000161980700796, 0.000103289210529, 0.000129750391352, 0.000152472799527, 0.000110407869215, 0.000216887739953, 0.000538164575119, 0.000441415206296, 0.000158977039973, 9.46219224716e-05, 0.000120062082715, 0.000192873383639, 0.000186958597624, 0.000149844723637, 0.000116344206617, 0.000109371212602, 8.42914887471e-05, 6.58571370877e-05, 9.35962816584e-05, 6.84421975166e-05, 6.30899812677e-05, 5.12526057719e-05, 5.40610635653e-05, 5.78101462452e-05, 1.92172519746e-05, 1.80636434379e-05, 1.67753623828e-05, 1.33985622597e-05, 1.38733075801e-05, 1.02833100755e-05, 1.75324312295e-05, 2.62721823674e-05, 1.72337277036e-05, 2.22708604269e-05, 2.17197120946e-05, 1.06901825347e-05, 7.62569607105e-06, 9.94883885141e-06, 7.23764242139e-06, 9.88329611573e-06, 9.09841310204e-06, 8.80130028236e-06, 9.82691199169e-06, 7.92789887782e-06, 8.19841079647e-06, 7.49353557694e-06, 6.71951738695e-06, 4.64543199996e-06, 4.04985166824e-06, 3.45264584212e-06, 3.104732059e-06, 4.00924591304e-06, 3.60202420779e-06, 7.60668172006e-06, 6.33028957964e-06, 1.85189560398e-06, 1.33022001592e-06, 1.19811807053e-06, 1.0567021036e-06, 9.89923364614e-07, 7.87541580394e-07, 6.18776880401e-07, 4.80581434203e-07, 5.38322581178e-07, 5.72869055304e-07, 7.25445602257e-07, 5.11785458457e-07, 1.45362037074e-07, 9.38659638905e-09, 1.10471642945e-09, 1.10070064174e-09, 1.08437658852e-09, 1.07706299435e-09, 1.05415165486e-09, 9.8363839296e-10, 9.66097868371e-10, 9.4689411867e-10, 9.32930954711e-10, 9.04164410009e-10, 8.75076400231e-10, 8.56082593703e-10, 8.40119585011e-10, 8.25387869163e-10, 8.10899680737e-10, 7.98367483235e-10, 7.8772005585e-10, 7.79011521956e-10, 7.7313960789e-10, 7.69474095552e-10]
    },
    "mfcc": {
        "mean": [-611.827087402, 92.0454864502, -54.5799217224, -7.57417345047, -12.7312297821, 2.91407990456, -1.69275224209, 12.0382165909, 6.43156671524, 5.93073987961, 1.07346475124, 0.726968884468, -0.952652096748],
        "cov": [[1057.38977051, -126.69443512, 703.217773438, 445.841796875, 305.91494751, 146.388656616, 23.2669487, -9.76163387299, -49.075176239, 67.8239746094, 13.6522922516, 43.2718429565, 84.8291625977], [-126.69443512, 235.166213989, 60.3468475342, 51.3635559082, 35.3664855957, 34.4286270142, 22.8035984039, 8.53126716614, -10.8741025925, 17.4849796295, -12.0636968613, 0.623782098293, -10.2804946899], [703.217773438, 60.3468475342, 1095.14819336, 659.604187012, 373.300750732, 231.380508423, 76.6988143921, 21.9383792877, -76.9939117432, 114.285400391, -8.86630153656, 65.3466262817, 74.6765594482], [445.841796875, 51.3635559082, 659.604187012, 600.487243652, 274.820495605, 201.651092529, 81.6742858887, 24.4443817139, -42.1200218201, 102.52104187, -9.99408626556, 61.9086837769, 40.0561637878], [305.91494751, 35.3664855957, 373.300750732, 274.820495605, 241.049621582, 109.366928101, 39.2985610962, 9.78364467621, -22.1413135529, 55.0336112976, -8.11671638489, 42.9061088562, 34.999912262], [146.388656616, 34.4286270142, 231.380508423, 201.651092529, 109.366928101, 166.308181763, 63.0789489746, 13.5025234222, -12.7576169968, 45.2367858887, -8.01517391205, 19.7897701263, 14.4872646332], [23.2669487, 22.8035984039, 76.6988143921, 81.6742858887, 39.2985610962, 63.0789489746, 121.780723572, 5.00173377991, -2.69663858414, 47.2114334106, -17.6330165863, -12.0712471008, -22.6743793488], [-9.76163387299, 8.53126716614, 21.9383792877, 24.4443817139, 9.78364467621, 13.5025234222, 5.00173377991, 72.8974609375, 20.4854660034, 10.9422197342, 12.1041936874, 11.9914255142, 2.28874468803], [-49.075176239, -10.8741025925, -76.9939117432, -42.1200218201, -22.1413135529, -12.7576169968, -2.69663858414, 20.4854660034, 54.0713691711, 6.29293298721, 9.85960388184, 2.53250455856, 0.888692140579], [67.8239746094, 17.4849796295, 114.285400391, 102.52104187, 55.0336112976, 45.2367858887, 47.2114334106, 10.9422197342, 6.29293298721, 90.6069107056, 9.49623775482, 3.97167849541, -5.92791938782], [13.6522922516, -12.0636968613, -8.86630153656, -9.99408626556, -8.11671638489, -8.01517391205, -17.6330165863, 12.1041936874, 9.85960388184, 9.49623775482, 52.6811447144, 19.5725288391, 7.89524173737], [43.2718429565, 0.623782098293, 65.3466262817, 61.9086837769, 42.9061088562, 19.7897701263, -12.0712471008, 11.9914255142, 2.53250455856, 3.97167849541, 19.5725288391, 64.2404556274, 33.3084144592], [84.8291625977, -10.2804946899, 74.6765594482, 40.0561637878, 34.999912262, 14.4872646332, -22.6743793488, 2.28874468803, 0.888692140579, -5.92791938782, 7.89524173737, 33.3084144592, 66.642616272]],
        "icov": [[0.00251524732448, 0.00176069524605, -0.000930605048779, -0.000335521792294, -0.00192109099589, 3.10899158649e-05, 0.000206572498428, 0.000634365249425, 0.00020314611902, 0.000258830346866, -0.00141110946424, 0.00187682348769, -0.00138546444941], [0.00176069524605, 0.00580184254795, -0.000630272261333, -7.75559528847e-05, -0.00173840799835, -0.000599226448685, 0.000179167444003, -0.000289849733235, 0.00106339296326, -0.000373247341486, 6.67603962938e-05, 0.000845517031848, 4.29802203143e-05], [-0.000930605048779, -0.000630272261333, 0.00381180434488, -0.00258287927136, -0.00132641661912, -5.31208570465e-05, 0.000165065503097, -0.000814586353954, 0.00228125764988, -0.000496036023833, -0.000249019998591, 0.00108671572525, -0.0014274136629], [-0.000335521792294, -7.75559528847e-05, -0.00258287927136, 0.00690525397658, -0.00129592220765, -0.00260710762814, -0.000110369837785, -0.000527177006006, 0.0004858498869, -0.00203635799699, 0.00169483572245, -0.00332448701374, 0.00166000996251], [-0.00192109099589, -0.00173840799835, -0.00132641661912, -0.00129592220765, 0.01244456321, -0.00141413474921, -6.93072797731e-05, 2.12369086512e-05, -0.000426893617259, -0.0020295267459, 0.00358715117909, -0.00497404998168, 7.60437324061e-05], [3.10899158649e-05, -0.000599226448685, -5.31208570465e-05, -0.00260710762814, -0.00141413474921, 0.0120874801651, -0.00427711661905, -0.000806603871752, 0.000193679647055, 0.000131176231662, -8.95437187864e-05, 8.51019067341e-05, -0.00184081913903], [0.000206572498428, 0.000179167444003, 0.000165065503097, -0.000110369837785, -6.93072797731e-05, -0.00427711661905, 0.0139174647629, -0.000259135616943, -9.21984683373e-05, -0.00552401505411, 0.00415330799296, 0.000859480001964, 0.00394465588033], [0.000634365249425, -0.000289849733235, -0.000814586353954, -0.000527177006006, 2.12369086512e-05, -0.000806603871752, -0.000259135616943, 0.0170574877411, -0.00718924263492, 0.000620670092758, -0.00296246423386, -0.00152570405044, 0.00113226950634], [0.00020314611902, 0.00106339296326, 0.00228125764988, 0.0004858498869, -0.000426893617259, 0.000193679647055, -9.21984683373e-05, -0.00718924263492, 0.0259284116328, -0.00456881942227, -0.00126213196199, -0.000146874488564, -0.00307443039492], [0.000258830346866, -0.000373247341486, -0.000496036023833, -0.00203635799699, -0.0020295267459, 0.000131176231662, -0.00552401505411, 0.000620670092758, -0.00456881942227, 0.0188335496932, -0.006674061995, 0.0025944034569, 0.00175950524863], [-0.00141110946424, 6.67603962938e-05, -0.000249019998591, 0.00169483572245, 0.00358715117909, -8.95437187864e-05, 0.00415330799296, -0.00296246423386, -0.00126213196199, -0.006674061995, 0.0272377617657, -0.0103947389871, 0.00210886215791], [0.00187682348769, 0.000845517031848, 0.00108671572525, -0.00332448701374, -0.00497404998168, 8.51019067341e-05, 0.000859480001964, -0.00152570405044, -0.000146874488564, 0.0025944034569, -0.0103947389871, 0.0291969906539, -0.0116680748761], [-0.00138546444941, 4.29802203143e-05, -0.0014274136629, 0.00166000996251, 7.60437324061e-05, -0.00184081913903, 0.00394465588033, 0.00113226950634, -0.00307443039492, 0.00175950524863, 0.00210886215791, -0.0116680748761, 0.0248202439398]]
    },
    "spectral_contrast_coeffs": {
        "max": [-0.533837258816, -0.523209631443, -0.543035149574, -0.619209289551, -0.674636662006, -0.495566129684],
        "mean": [-0.773182809353, -0.791758060455, -0.772925972939, -0.801267504692, -0.784025907516, -0.746970772743],
        "min": [-0.900917112827, -0.925047636032, -0.882173717022, -0.882324397564, -0.866977214813, -0.859144628048],
        "stdev": [0.0552225522697, 0.0560545772314, 0.0555878840387, 0.0508847050369, 0.0308957062662, 0.0314850062132]
    },
    "spectral_contrast_valleys": {
        "max": [-5.25249099731, -5.16502714157, -5.25507545471, -5.29887628555, -5.80795812607, -8.43100261688],
        "mean": [-7.76191329956, -6.51253986359, -6.29163694382, -6.49456930161, -6.88614845276, -9.9148235321],
        "min": [-9.922996521, -7.62101221085, -8.15680503845, -7.87148094177, -7.79237174988, -11.8125829697],
        "stdev": [0.994400978088, 0.387124896049, 0.574410140514, 0.438702762127, 0.310363024473, 0.564381659031]
    }
},
"rhythm": {
    "beats_count": 38,
    "beats_loudness": {
        "max": 0.0880408734083,
        "mean": 0.0354703962803,
        "min": 0.00642328895628,
        "stdev": 0.0251965653151
    },
    "bpm": 134.836776733,
    "bpm_histogram_first_peak_bpm": 136,
    "bpm_histogram_first_peak_weight": 0.33333337307,
    "bpm_histogram_second_peak_bpm": 88,
    "bpm_histogram_second_peak_spread": 0.66666662693,
    "bpm_histogram_second_peak_weight": 0.108108110726,
    "danceability": 1.10630452633,
    "onset_rate": 1.54051327705,
    "beats_loudness_band_ratio": {
        "max": [0.921395480633, 0.201421394944, 0.594416618347, 0.715075016022, 0.430218487978, 0.174589112401],
        "mean": [0.270046800375, 0.0283696465194, 0.179642647505, 0.311577141285, 0.183972612023, 0.0485911145806],
        "min": [0.00074097054312, 0.00149206875358, 0.00468194717541, 0.0219491533935, 0.02001006715, 0.0090263010934],
        "stdev": [0.335173636675, 0.0435141958296, 0.153067499399, 0.221880480647, 0.112242922187, 0.0353164412081]
    },
    "beats_position": [0.476009070873, 0.952018141747, 1.4164172411, 1.8575963974, 2.29877543449, 2.73995471001, 3.20435357094, 3.64553284645, 4.08671188354, 4.53950119019, 4.99229001999, 5.4334692955, 5.87464857101, 6.32743740082, 6.76861667633, 7.22140598297, 7.79029464722, 8.35918331146, 8.98612213135, 9.61306095123, 10.2399997711, 10.9017686844, 11.5635375977, 12.2136955261, 12.8638544083, 13.5488433838, 14.2338323593, 14.9304304123, 15.6154193878, 16.3004074097, 16.9621772766, 17.6239452362, 18.2741031647, 18.9126529694, 19.5512008667, 20.1781406403, 20.8166885376, 21.4552383423],
