{
"metadata": {
    "version": {
        "essentia": "2.1-beta5",
        "essentia_git_sha": "Undefined",
        "extractor": "music 2.0"
    },
    "audio_properties": {
        "analysis": {
            "equal_loudness": 0,
            "length": 25.1472110748,
            "sample_rate": 44100,
            "start_time": 175.240997314,
            "downmix": "mix"
        },
        "bit_rate": 192000,
        "length": 200.411437988,
        "lossless": 0,
        "number_channels": 2,
        "replay_gain": -5.79183006287,
        "sample_rate": 48000,
        "codec": "mp3",
        "md5_encoded": "1c20acb1592dfd4cb6886cee6e318306"
    },
    "tags": {
        "file_name": "Cyprus_Nomiza_Voice.mp3",
        "encoding": ["Lavf58.29.100"]
    }
},
"lowlevel": {
    "average_loudness": 0.911806643009,
    "barkbands_crest": {
        "max": 19.7844543457,
        "mean": 8.25342845917,
        "min": 3.24909329414,
        "stdev": 2.88648247719
    },
    "barkbands_flatness_db": {
        "max": 0.257804632187,
        "mean": 0.162965461612,
        "min": 0.081575229764,
        "stdev": 0.0284532252699
    },
    "barkbands_kurtosis": {
        "max": 14.3278827667,
        "mean": 1.33506655693,
        "min": -1.22088885307,
        "stdev": 1.84754300117
    },
    "barkbands_skewness": {
        "max": 3.20363950729,
        "mean": 0.795527040958,
        "min": -0.978669583797,
        "stdev": 0.564983606339
    },
    "barkbands_spread": {
        "max": 48.7130584717,
        "mean": 13.4664201736,
        "min": 3.09553098679,
        "stdev": 7.02847146988
    },
    "dissonance": {
        "max": 0.500000059605,
        "mean": 0.473026782274,
        "min": 0.342238903046,
        "stdev": 0.0299205854535
    },
    "dynamic_complexity": 1.71529078484,
    "erbbands_crest": {
        "max": 27.2694015503,
        "mean": 8.83235263824,
        "min": 2.19081830978,
        "stdev": 3.25639271736
    },
    "erbbands_flatness_db": {
        "max": 0.333452671766,
        "mean": 0.238623723388,
        "min": 0.101780287921,
        "stdev": 0.0413784384727
    },
    "erbbands_kurtosis": {
        "max": 12.1085929871,
        "mean": 0.923209011555,
        "min": -1.40945565701,
        "stdev": 1.4044829607
    },
    "erbbands_skewness": {
        "max": 2.63867616653,
        "mean": 0.752057850361,
        "min": -0.66536283493,
        "stdev": 0.507776796818
    },
    "erbbands_spread": {
        "max": 74.0134506226,
        "mean": 18.3020706177,
        "min": 4.45190620422,
        "stdev": 8.40479850769
    },
    "hfc": {
        "max": 101.910194397,
        "mean": 31.6906414032,
        "min": 1.47908616066,
        "stdev": 14.6763315201
    },
    "loudness_ebu128": {
        "integrated": -16.2948665619,
        "loudness_range": 1.73773574829,
        "momentary": {
            "max": -13.6255912781,
            "mean": -16.507818222,
            "min": -23.713262558,
            "stdev": 1.4830981493
        },
        "short_term": {
            "max": -15.1631259918,
            "mean": -16.3868160248,
            "min": -17.1545982361,
            "stdev": 0.578386425972
        }
    },
    "melbands_crest": {
        "max": 24.578453064,
        "mean": 10.6886320114,
        "min": 4.31904411316,
        "stdev": 3.56345295906
    },
    "melbands_flatness_db": {
        "max": 0.27117651701,
        "mean": 0.158158391714,
        "min": 0.0799843594432,
        "stdev": 0.0277038924396
    },
    "melbands_kurtosis": {
        "max": 30.2972221375,
        "mean": 3.27810668945,
        "min": -0.985579967499,
        "stdev": 3.2603738308
    },
    "melbands_skewness": {
        "max": 5.03087711334,
        "mean": 1.12545788288,
        "min": -0.774545550346,
        "stdev": 0.671021878719
    },
    "melbands_spread": {
        "max": 66.4290161133,
        "mean": 20.8087730408,
        "min": 4.16161775589,
        "stdev": 9.30000495911
    },
    "pitch_salience": {
        "max": 0.858285546303,
        "mean": 0.640943825245,
        "min": 0.33501213789,
        "stdev": 0.12701562047
    },
    "silence_rate_20dB": {
        "max": 1,
        "mean": 1,
        "min": 1,
        "stdev": 0
    },
    "silence_rate_30dB": {
        "max": 1,
        "mean": 1,
        "min": 1,
        "stdev": 0
    },
    "silence_rate_60dB": {
        "max": 1,
        "mean": 0.00184501847252,
        "min": 0,
        "stdev": 0.0429145731032
    },
    "spectral_centroid": {
        "max": 2441.97924805,
        "mean": 1589.05004883,
        "min": 774.546203613,
        "stdev": 271.300231934
    },
    "spectral_complexity": {
        "max": 54,
        "mean": 27.6199264526,
        "min": 6,
        "stdev": 7.48512649536
    },
    "spectral_decrease": {
        "max": -4.66293670343e-10,
        "mean": -6.94235779974e-09,
        "min": -2.72073634733e-08,
        "stdev": 3.99766442172e-09
    },
    "spectral_energy": {
        "max": 0.106691800058,
        "mean": 0.0290764868259,
        "min": 0.00189405877609,
        "stdev": 0.0161994323134
    },
    "spectral_energyband_high": {
        "max": 0.00565758766606,
        "mean": 0.000493249215651,
        "min": 1.37899460242e-05,
        "stdev": 0.000468797807116
    },
    "spectral_energyband_low": {
        "max": 0.0702479034662,
        "mean": 0.0031947682146,
        "min": 2.9903462746e-06,
        "stdev": 0.00773299532011
    },
    "spectral_energyband_middle_high": {
        "max": 0.0507930293679,
        "mean": 0.0166909508407,
        "min": 0.000709635787643,
        "stdev": 0.00846714433283
    },
    "spectral_energyband_middle_low": {
        "max": 0.0423432141542,
        "mean": 0.00951795466244,
        "min": 0.000516941829119,
        "stdev": 0.00727516412735
    },
    "spectral_entropy": {
        "max": 8.30411815643,
        "mean": 7.62936639786,
        "min": 6.92344999313,
        "stdev": 0.208392933011
    },
    "spectral_flux": {
        "max": 0.245233550668,
        "mean": 0.0973567813635,
        "min": 0.0256150569767,
        "stdev": 0.0317561738193
    },
    "spectral_kurtosis": {
        "max": 12.570016861,
        "mean": 4.91991329193,
        "min": -0.111112356186,
        "stdev": 2.20413661003
    },
    "spectral_rms": {
        "max": 0.0102024292573,
        "mean": 0.00512882042676,
        "min": 0.00135936099105,
        "stdev": 0.00143615331035
    },
    "spectral_rolloff": {
        "max": 3509.91210938,
        "mean": 1710.66113281,
        "min": 236.865234375,
        "stdev": 460.288024902
    },
    "spectral_skewness": {
        "max": 2.39225387573,
        "mean": 1.57585072517,
        "min": 0.780811846256,
        "stdev": 0.264821231365
    },
    "spectral_spread": {
        "max": 7207563,
        "mean": 3218985.75,
        "min": 2183253,
        "stdev": 699611.875
    },
    "spectral_strongpeak": {
        "max": 8.42652797699,
        "mean": 2.04658126831,
        "min": 0.0399318784475,
        "stdev": 1.54363453388
    },
    "zerocrossingrate": {
        "max": 0.130859375,
        "mean": 0.0639342144132,
        "min": 0.02001953125,
        "stdev": 0.011319748126
    },
    "barkbands": {
        "max": [0.00356057379395, 0.0554267317057, 0.0303274989128, 0.0156284514815, 0.0218588188291, 0.00497295800596, 0.0128041096032, 0.0209937617183, 0.0279241204262, 0.0388609059155, 0.025897514075, 0.03782197088, 0.0252820327878, 0.0101256771013, 0.0127552337945, 0.0113080786541, 0.00806935410947, 0.00598469888791, 0.00320733478293, 0.00202442449518, 0.00141857448034, 0.00121729460079, 0.0024785050191, 0.00118088838644, 0.000190575869055, 5.53169400064e-07, 1.71841350038e-08],
        "mean": [8.38105406729e-05, 0.00167396757752, 0.0011330092093, 0.000519383174833, 0.000780317524914, 0.000340354483342, 0.000606495537795, 0.00089751125779, 0.0054207155481, 0.00451018474996, 0.00221981760114, 0.00334182288498, 0.00217796186917, 0.00137205282226, 0.000867198046762, 0.000813084596302, 0.000573380850255, 0.000640740210656, 0.000496308493894, 0.000190824226593, 0.000160515628522, 0.000114884758659, 7.28930899641e-05, 5.11173639097e-05, 1.81239684025e-05, 2.90579826867e-08, 9.90780457677e-10],
        "min": [2.67000501708e-08, 8.98773691915e-07, 2.80462906233e-08, 3.8702251004e-07, 2.964442956e-06, 7.38036760595e-06, 3.50199320565e-06, 7.81265589467e-06, 1.09334332592e-05, 1.77038655238e-05, 3.51823255187e-05, 3.40280093951e-05, 1.32436489366e-05, 4.53805077996e-05, 3.08027188112e-06, 4.21828235631e-06, 4.80196922581e-06, 1.32165741888e-05, 4.1967573452e-06, 2.28709677685e-06, 2.79476921605e-06, 4.55791087006e-06, 1.22510721212e-06, 5.30280715338e-07, 1.56592719236e-07, 4.84001033696e-11, 4.31519438238e-11],
        "stdev": [0.000265712937107, 0.00503799878061, 0.00290586031042, 0.00121526792645, 0.00172293698415, 0.000555607490242, 0.00132746074814, 0.00159863720182, 0.00539707532153, 0.00423308229074, 0.0025345494505, 0.00389179564081, 0.00265687215142, 0.00114549777936, 0.000991309643723, 0.000994542730041, 0.000665659608785, 0.000593991193455, 0.00040113175055, 0.000197624307475, 0.000136445698445, 0.000138826231705, 0.000125044956803, 7.62455092627e-05, 2.05748765438e-05, 4.78370090207e-08, 1.69660641092e-09]
    },
    "erbbands": {
        "max": [2.25255942345, 12.2204608917, 33.4693222046, 51.134853363, 41.9646224976, 108.110282898, 53.8343925476, 42.1212882996, 134.866104126, 279.94354248, 595.760559082, 561.681152344, 819.674804688, 1165.1151123, 1270.2421875, 1935.38720703, 1021.66571045, 363.42880249, 749.280639648, 721.620788574, 576.988769531, 492.292449951, 386.286468506, 176.641281128, 203.078979492, 89.6444396973, 81.5970001221, 37.845500946, 55.1409492493, 44.2573509216, 72.7583312988, 49.9925880432, 10.0089912415, 2.65570950508, 1.34985482693, 0.0949551612139, 0.00230848439969, 0.000223953597015, 7.56812951295e-05, 0.000121535238577],
        "mean": [0.0494176894426, 0.375417679548, 1.23823690414, 1.65080618858, 2.04880976677, 2.94637203217, 2.57084417343, 2.66460609436, 6.27459716797, 11.5073680878, 57.4008140564, 105.276893616, 119.643295288, 126.849502563, 85.8460845947, 148.037414551, 104.195243835, 58.7087097168, 61.6617355347, 46.4322166443, 42.9758834839, 33.2525939941, 34.5463981628, 31.590467453, 19.5406723022, 8.72674942017, 6.71511983871, 6.05745840073, 4.3955745697, 2.94309139252, 1.91152691841, 1.40382170677, 0.659521281719, 0.270404398441, 0.10045363754, 0.00606341613457, 0.000188519188669, 2.04751886486e-05, 1.93342857528e-05, 3.62326718459e-05],
        "min": [1.3748528545e-05, 0.000190917620785, 0.000666418171022, 0.00201173289679, 0.00355437770486, 0.0082658296451, 0.0174489691854, 0.084566488862, 0.154432028532, 0.32514449954, 0.304246604443, 0.333752423525, 0.9422519207, 2.10918283463, 1.35052001476, 1.55977928638, 0.884840190411, 1.91043925285, 2.19879293442, 0.401774078608, 0.30142942071, 0.384842336178, 0.805281639099, 0.272140204906, 0.160257190466, 0.105282522738, 0.0924780741334, 0.183158800006, 0.180585280061, 0.0499882176518, 0.0400106236339, 0.0138781936839, 0.0069303708151, 0.00239752000198, 0.000685758888721, 4.45775440312e-05, 2.60144793174e-06, 4.34795964566e-07, 1.06450011117e-06, 2.24237169277e-06],
        "stdev": [0.152669623494, 1.147580266, 3.15085482597, 3.80115580559, 4.07156276703, 7.68141508102, 5.17742872238, 4.03603601456, 12.4789333344, 23.5241775513, 81.1603164673, 100.875976562, 110.790969849, 120.139678955, 117.367958069, 158.277984619, 102.05670166, 45.2683105469, 50.324836731, 61.4781036377, 51.1063194275, 38.0579528809, 34.1888809204, 23.0707569122, 17.4067058563, 8.49109363556, 6.00890302658, 5.30111694336, 5.26419210434, 4.28571796417, 3.45537209511, 2.48719286919, 0.858073830605, 0.313410609961, 0.120510190725, 0.00748046953231, 0.000208584839129, 1.84398140846e-05, 1.05858034658e-05, 1.95470893232e-05]
    },
    "gfcc": {
        "mean": [-4.73848819733, 90.590171814, -198.456893921, 17.7209854126, -75.4320297241, 30.5364170074, -22.5765323639, 14.9501552582, -15.0310087204, -11.7310142517, -4.20107841492, -15.2276363373, 1.92169189453],
        "cov": [[1471.44067383, 367.641571045, 682.062866211, 472.564483643, -11.4424533844, 116.723403931, -12.6929740906, -35.3713874817, -93.1727371216, -22.7927436829, 55.811088562, -115.178886414, -148.297088623], [367.641571045, 701.131835938, 645.208129883, 429.392700195, 137.523452759, 32.4915351868, 41.2873191833, -101.531715393, -36.1400337219, -42.7773513794, 41.8944320679, -98.1117935181, -70.4111862183], [682.062866211, 645.208129883, 950.246154785, 583.880310059, 31.2362728119, 106.494056702, 5.41784763336, -99.7102203369, -99.6143722534, -35.145488739, 53.4066925049, -121.429924011, -142.034698486], [472.564483643, 429.392700195, 583.880310059, 451.827880859, 82.0156326294, 53.5113525391, -25.8310909271, -76.641708374, -35.4693260193, -17.7697944641, 25.8919563293, -57.8750228882, -72.7622833252], [-11.4424533844, 137.523452759, 31.2362728119, 82.0156326294, 125.265884399, 4.5905175209, -1.4139251709, -13.7984199524, 34.1095046997, 1.49113571644, -9.22265625, 13.1301240921, 27.2223033905], [116.723403931, 32.4915351868, 106.494056702, 53.5113525391, 4.5905175209, 74.7964401245, 42.7318916321, 2.53706598282, -11.9650316238, -5.85607481003, 9.24896240234, -20.5205192566, -24.0352153778], [-12.6929740906, 41.2873191833, 5.41784763336, -25.8310909271, -1.4139251709, 42.7318916321, 129.991821289, 44.7508926392, -1.2867565155, -16.9162254333, 13.0244131088, -42.7187995911, -23.0988426208], [-35.3713874817, -101.531715393, -99.7102203369, -76.641708374, -13.7984199524, 2.53706598282, 44.7508926392, 88.2102890015, 33.5673179626, 11.3548192978, -4.01365661621, 1.12109732628, 11.1846818924], [-93.1727371216, -36.1400337219, -99.6143722534, -35.4693260193, 34.1095046997, -11.9650316238, -1.2867565155, 33.5673179626, 73.0558013916, 22.778219223, -12.3211956024, 26.9764194489, 40.7669181824], [-22.7927436829, -42.7773513794, -35.145488739, -17.7697944641, 1.49113571644, -5.85607481003, -16.9162254333, 11.3548192978, 22.778219223, 51.7439842224, 10.1588439941, 21.4391403198, 15.4866838455], [55.811088562, 41.8944320679, 53.4066925049, 25.8919563293, -9.22265625, 9.24896240234, 13.0244131088, -4.01365661621, -12.3211956024, 10.1588439941, 53.8526878357, 6.39744758606, -13.486618042], [-115.178886414, -98.1117935181, -121.429924011, -57.8750228882, 13.1301240921, -20.5205192566, -42.7187995911, 1.12109732628, 26.9764194489, 21.4391403198, 6.39744758606, 84.7507705688, 53.822845459], [-148.297088623, -70.4111862183, -142.034698486, -72.7622833252, 27.2223033905, -24.0352153778, -23.0988426208, 11.1846818924, 40.7669181824, 15.4866838455, -13.486618042, 53.822845459, 76.3555297852]],
        "icov": [[0.00144679786172, -0.0017612928059, 0.00211202795617, -0.00268903560936, 0.00246351840906, -0.00344900367782, 0.00238872272894, -0.00286290771328, 0.00188211048953, -0.000474180735182, -6.73527320032e-05, 0.000279007246718, 0.000612786679994], [-0.0017612928059, 0.0324920788407, -0.0310211256146, 0.0168097894639, -0.0340598709881, 0.0351825430989, -0.0206271801144, 0.0258672367781, -0.017994556576, 0.0105622205883, -0.0152671076357, 0.0139971598983, -0.00705356523395], [0.00211202795617, -0.0310211256146, 0.0388621613383, -0.0282109864056, 0.0369720347226, -0.0374707765877, 0.0195725541562, -0.0251646544784, 0.02115185, -0.0107959490269, 0.0124975619838, -0.00960824638605, 0.00541052268818], [-0.00268903560936, 0.0168097894639, -0.0282109864056, 0.0305799171329, -0.0277643539011, 0.0216560736299, -0.00839384831488, 0.0168203115463, -0.0159197431058, 0.00712599325925, -0.00736092822626, 0.00430838158354, 0.0013715326786], [0.00246351840906, -0.0340598709881, 0.0369720347226, -0.0277643539011, 0.0522236265242, -0.0386700294912, 0.0180604085326, -0.0237746015191, 0.0144695471972, -0.0105580743402, 0.0174028016627, -0.0142150344327, 0.0013578038197], [-0.00344900367782, 0.0351825430989, -0.0374707765877, 0.0216560736299, -0.0386700294912, 0.0612552575767, -0.0321867242455, 0.0303476415575, -0.0199627578259, 0.00920732412487, -0.0125625040382, 0.00897235516459, -0.00418680766597], [0.00238872272894, -0.0206271801144, 0.0195725541562, -0.00839384831488, 0.0180604085326, -0.0321867242455, 0.0330394692719, -0.0257653780282, 0.0114809088409, -0.000409479631344, 0.000284805166302, 0.00215111183934, 0.00371335819364], [-0.00286290771328, 0.0258672367781, -0.0251646544784, 0.0168203115463, -0.0237746015191, 0.0303476415575, -0.0257653780282, 0.0437018983066, -0.0258601643145, 0.00553924776614, -0.00906995497644, 0.00891768746078, -0.00386039097793], [0.00188211048953, -0.017994556576, 0.02115185, -0.0159197431058, 0.0144695471972, -0.0199627578259, 0.0114809088409, -0.0258601643145, 0.0428350195289, -0.0150154046714, 0.0118909720331, -0.0067776828073, -0.00589069025591], [-0.000474180735182, 0.0105622205883, -0.0107959490269, 0.00712599325925, -0.0105580743402, 0.00920732412487, -0.000409479631344, 0.00553924776614, -0.0150154046714, 0.031319450587, -0.0136829260737, 0.00386872584932, -0.00222485512495], [-6.73527320032e-05, -0.0152671076357, 0.0124975619838, -0.00736092822626, 0.0174028016627, -0.0125625040382, 0.000284805166302, -0.00906995497644, 0.0118909720331, -0.0136829260737, 0.0362331308424, -0.0198172777891, 0.0100751304999], [0.000279007246718, 0.0139971598983, -0.00960824638605, 0.00430838158354, -0.0142150344327, 0.00897235516459, 0.00215111183934, 0.00891768746078, -0.0067776828073, 0.00386872584932, -0.0198172777891, 0.0391114652157, -0.0213171951473], [0.000612786679994, -0.00705356523395, 0.00541052268818, 0.0013715326786, 0.0013578038197, -0.00418680766597, 0.00371335819364, -0.00386039097793, -0.00589069025591, -0.00222485512495, 0.0100751304999, -0.0213171951473, 0.0394430235028]]
    },
    "melbands": {
        "max": [0.0175229068846, 0.0151827828959, 0.00743766920641, 0.00532105518505, 0.00288060423918, 0.00094798457576, 0.00207438133657, 0.0027968082577, 0.00585689442232, 0.00367524474859, 0.00412175944075, 0.00535270804539, 0.0035463811364, 0.00406929245219, 0.00595673266798, 0.000867557886522, 0.000787131721154, 0.0012754346244, 0.000854515878018, 0.000950372661464, 0.000832146382891, 0.000548990326934, 0.000500786700286, 0.00025596699561, 0.000151974090841, 0.000150483043399, 0.000106423110992, 5.53751560801e-05, 5.27129741386e-05, 3.39682082995e-05, 2.40531389863e-05, 3.48470821336e-05, 2.49000186159e-05, 2.4613837013e-05, 3.40325314028e-05, 5.79093139095e-05, 2.09901481867e-05, 8.13113001641e-06, 4.22591392635e-06, 2.31312355936e-06],
        "mean": [0.000450683262898, 0.000585707079154, 0.000293081393465, 0.000182895964826, 9.64576393017e-05, 6.51207446936e-05, 0.000102683123259, 0.000113783389679, 0.000648208311759, 0.000645342632197, 0.000614597985987, 0.000547195377294, 0.000285691960016, 0.000283566885628, 0.000499396177474, 0.000115262228064, 0.000109930064355, 0.000110941262392, 6.35858887108e-05, 5.71368036617e-05, 4.87025317852e-05, 3.48694629793e-05, 2.89405052172e-05, 3.18239799526e-05, 2.50828306889e-05, 1.82207313628e-05, 8.71877819009e-06, 4.83918847749e-06, 4.15114936914e-06, 3.79527136829e-06, 3.30128091264e-06, 2.55030477092e-06, 1.99217652153e-06, 1.49056802456e-06, 1.05541914763e-06, 1.08566950985e-06, 7.57933719342e-07, 4.56911493529e-07, 3.66377918226e-07, 1.81468337246e-07],
        "min": [2.52294370284e-07, 4.48662461849e-07, 3.97201972646e-07, 6.31284990504e-07, 5.17501746344e-07, 1.5243396092e-06, 1.20265178793e-06, 2.68291501015e-07, 2.07380935535e-06, 1.94540803022e-06, 3.68975111087e-06, 5.24442066308e-06, 3.38778522746e-06, 3.04358263747e-06, 2.60920251094e-06, 1.84799864655e-06, 3.09024176204e-06, 2.8151200695e-06, 2.53821895058e-07, 5.38097538083e-07, 2.33580990994e-07, 2.74410126622e-07, 6.80169307543e-07, 4.1964455022e-07, 2.12350997231e-07, 1.26794603261e-07, 9.94586955017e-08, 5.92701816515e-08, 4.60668339031e-08, 6.12868618077e-08, 9.87205979186e-08, 1.02185715889e-07, 4.96195120547e-08, 1.81862667148e-08, 2.1919396076e-08, 1.27784494097e-08, 5.62216184719e-09, 3.45842998684e-09, 2.65899613439e-09, 1.51178147778e-09],
        "stdev": [0.00135925598443, 0.00150001840666, 0.000615047349129, 0.000403730868129, 0.000207790813874, 0.000100630932138, 0.000209612757317, 0.000233176571783, 0.000936010270379, 0.000579642539378, 0.000572391843889, 0.000532525824383, 0.000348686618963, 0.000387945765397, 0.000625836255495, 9.48420056375e-05, 9.51233523665e-05, 9.94413931039e-05, 8.00590423751e-05, 7.59026297601e-05, 6.29529749858e-05, 4.15559370595e-05, 3.78196164093e-05, 2.9125067158e-05, 1.96692290046e-05, 1.71729079739e-05, 1.00317984106e-05, 4.93269544677e-06, 3.92843048758e-06, 3.25896348841e-06, 3.07848108605e-06, 3.24377333527e-06, 2.64105165115e-06, 2.31500143855e-06, 1.89406034679e-06, 2.30665364143e-06, 1.30339344651e-06, 6.21657420652e-07, 4.75405443012e-07, 2.21333166905e-07]
    },
    "melbands128": {
        "max": [0.00320810475387, 0.0191360693425, 0.0247399099171, 0.022413648665, 0.0186379216611, 0.0141797680408, 0.0122275128961, 0.00620943726972, 0.00443323142827, 0.00669463537633, 0.00749409850687, 0.00588493607938, 0.00183473527431, 0.00161458388902, 0.000770082115196, 0.00155995611567, 0.00303180539049, 0.00234682741575, 0.00537782302126, 0.00496882991865, 0.00329807633534, 0.00596346287057, 0.0106227099895, 0.011636633426, 0.00600432325155, 0.00716117350385, 0.00898025929928, 0.00560868298635, 0.00771489925683, 0.00960620306432, 0.00585611211136, 0.00352691137232, 0.00426940573379, 0.00943729002029, 0.00728040887043, 0.00658952817321, 0.00907823536545, 0.01114609465, 0.00588533235714, 0.000951942871325, 0.00183296913747, 0.000839419371914, 0.00142624706496, 0.00141698948573, 0.00238808663562, 0.00225994340144, 0.000939495977946, 0.000916286138818, 0.00132539216429, 0.00197090581059, 0.000864147907123, 0.00111902551726, 0.00143404665869, 0.00107133900747, 0.000532939448021, 0.000900740968063, 0.000651860784274, 0.000526917807292, 0.000730163184926, 0.000501750910189, 0.000367887725588, 0.000480496673845, 0.000273235142231, 0.000153114131535, 0.000206571901799, 0.000218570392462, 0.000294127268717, 0.000189015336218, 0.000112501329568, 0.00014422822278, 7.46332880226e-05, 6.33201561868e-05, 3.92132933484e-05, 7.22990298527e-05, 7.82767892815e-05, 3.6479334085e-05, 3.01861855405e-05, 5.74079604121e-05, 3.00531228277e-05, 3.3357526263e-05, 4.7773897677e-05, 5.65933041798e-05, 3.74577284674e-05, 2.96861089737e-05, 4.57711939816e-05, 3.71887690562e-05, 2.07575376407e-05, 1.8456210455e-05, 3.40986007359e-05, 3.37671153829e-05, 9.25421190914e-05, 4.73561485705e-05, 3.60147823812e-05, 1.62910910149e-05, 1.99565747607e-05, 1.04450218714e-05, 6.65227935315e-06, 6.50329911878e-06, 7.03956902726e-06, 3.39101916325e-06, 2.76071500593e-06, 2.41483280661e-06, 2.14316855818e-06, 2.72934039458e-06, 2.18613399738e-06, 1.50806238253e-06, 6.08338098118e-07, 3.34580114725e-08, 6.55763388036e-10, 5.91697413288e-10, 7.43562489358e-10, 5.59894075547e-10, 5.39733979732e-10, 1.57078083873e-09, 1.02040687011e-09, 5.54933099473e-10, 5.98623095538e-10, 8.17594048019e-11, 7.81637393699e-11, 7.6047911024e-11, 7.42097563955e-11, 7.26098209336e-11, 7.10601785747e-11, 6.9955846671e-11, 6.89891824224e-11, 6.79800174486e-11, 6.72880848263e-11, 6.69084510019e-11],
        "mean": [7.76840024628e-05, 0.000385629740776, 0.000588709721342, 0.000614114687778, 0.000659152225126, 0.000519040098879, 0.000347263383446, 0.000230549005209, 0.000194717285922, 0.000200876791496, 0.000172675499925, 9.79300457402e-05, 8.56001788634e-05, 8.35131359054e-05, 4.56784036942e-05, 5.7786317484e-05, 0.000100244935311, 9.0153698693e-05, 0.000135550639243, 0.000134859001264, 8.35979226395e-05, 0.000109596527182, 0.00065631052712, 0.00141141738277, 0.000590617593843, 0.000434343965026, 0.000486819451908, 0.000547913019545, 0.000866090296768, 0.000643204082735, 0.000434628804214, 0.000343344960129, 0.00027177890297, 0.000262352463324, 0.000213950639591, 0.000283544330159, 0.000357145996531, 0.00079981808085, 0.000352512695827, 9.23800980672e-05, 8.93646720215e-05, 9.04492917471e-05, 0.000101648023701, 0.000111924171506, 0.000163824748597, 0.000105714643723, 6.05411296419e-05, 6.4460124122e-05, 6.0927348386e-05, 6.71061352477e-05, 5.49255091755e-05, 4.9538219173e-05, 5.59620311833e-05, 4.64693039248e-05, 3.58856086677e-05, 3.70843263227e-05, 2.98705053865e-05, 2.78351926681e-05, 2.695974581e-05, 3.44242907886e-05, 3.29472168232e-05, 2.93244575005e-05, 2.98346130876e-05, 2.23355782509e-05, 1.93330306502e-05, 2.32945330936e-05, 1.36533271871e-05, 8.83065058588e-06, 8.70078019943e-06, 6.5645513132e-06, 4.79267373521e-06, 3.96015730075e-06, 3.99701457354e-06, 4.10778375226e-06, 4.63529613626e-06, 3.35666186402e-06, 3.43972328665e-06, 4.63085643787e-06, 2.93466905532e-06, 2.59395983448e-06, 2.52306699622e-06, 2.62732419287e-06, 2.36860546465e-06, 1.91073422684e-06, 1.67107293692e-06, 1.71026590579e-06, 1.38949258144e-06, 1.15620537144e-06, 9.879731806e-07, 9.66032189353e-07, 1.22219910281e-06, 1.07088874302e-06, 9.72303041635e-07, 8.45079796363e-07, 5.60664716431e-07, 4.50669432439e-07, 4.4480447059e-07, 4.38490644683e-07, 4.42167873871e-07, 2.87995533199e-07, 1.95422160232e-07, 1.66796354506e-07, 1.58909926995e-07, 1.41085351402e-07, 1.38766779401e-07, 9.60624433333e-08, 2.46341951282e-08, 1.33702326988e-09, 7.43924800234e-12, 6.71020660911e-12, 6.57598064543e-12, 6.17800819183e-12, 5.93827634635e-12, 6.68129874343e-12, 5.98221602463e-12, 5.38809058134e-12, 5.28415722637e-12, 4.66264657092e-12, 4.46424928274e-12, 4.34964694471e-12, 4.23429954294e-12, 4.14843159824e-12, 4.07649348305e-12, 3.9969264877e-12, 3.87737932039e-12, 3.72134874999e-12, 3.63054161387e-12, 3.60224437085e-12],
        "min": [8.49450731977e-09, 5.58104211734e-08, 1.27617212797e-07, 2.13852700881e-07, 7.86230600625e-08, 1.80853394482e-08, 2.83859691308e-08, 9.95355051714e-08, 1.1726564253e-07, 1.61425447232e-07, 8.11784417465e-09, 1.08007839117e-07, 1.60741805644e-07, 5.76283468945e-07, 2.28334613439e-07, 1.6043897233e-07, 4.27104907885e-07, 4.37940343545e-07, 6.45909921104e-08, 2.38747848158e-08, 1.28847659653e-07, 4.87235411128e-07, 1.4454428765e-06, 4.44487397999e-07, 6.1817331698e-07, 5.54210828341e-07, 3.02975251998e-07, 3.29937529386e-06, 1.89514526028e-06, 1.92330094251e-06, 2.68619760391e-06, 5.55072301722e-06, 9.293447647e-07, 5.20364778822e-07, 1.85217430726e-07, 5.6102948065e-07, 6.21732056061e-07, 1.71260694515e-06, 7.02056297541e-07, 3.86795136365e-07, 2.9853936212e-07, 3.71773808183e-07, 1.21547327581e-06, 1.96353630599e-06, 9.66605171016e-07, 1.30750049721e-06, 1.39498368412e-07, 1.99195753225e-07, 1.48353080931e-07, 9.98515901074e-08, 2.32880182693e-07, 1.18635128388e-07, 2.20995488576e-07, 6.30062118034e-08, 4.80325397234e-08, 2.0418458746e-07, 2.35348721844e-07, 1.01074341785e-07, 2.78544433741e-07, 8.31473869312e-07, 2.12112553299e-07, 9.9407309051e-08, 2.25069484827e-07, 2.30264092238e-07, 1.87578066857e-07, 9.72858984483e-08, 6.12205539596e-08, 4.72759928982e-08, 8.35648634734e-08, 1.19784871799e-07, 4.07529228141e-08, 4.06406570619e-08, 2.85216454898e-08, 2.36360317984e-08, 3.08302503527e-08, 4.44864696192e-08, 3.59083820456e-08, 9.71844258402e-08, 8.06883875271e-08, 5.80927732585e-08, 7.3863290595e-08, 9.74698437517e-08, 5.58050601285e-08, 5.2769166814e-08, 1.97904004295e-08, 1.18911644975e-08, 1.23468115731e-08, 1.40550584504e-08, 2.16287503463e-08, 1.4569719653e-08, 8.98837448915e-09, 1.06099724562e-08, 7.27361548769e-09, 2.57196175468e-09, 3.60937435495e-09, 2.21280771484e-09, 2.90172774697e-09, 2.52637311071e-09, 1.66070424079e-09, 2.42299513786e-09, 1.38260203286e-09, 9.53165213424e-10, 1.01352048976e-09, 5.32152266697e-10, 7.74666331083e-10, 5.1415133262e-10, 1.31152491645e-10, 3.89606315959e-13, 1.7840164567e-13, 1.69362760578e-13, 1.4425824901e-13, 1.1530681195e-13, 1.31015844332e-13, 1.48951584031e-13, 1.22285279233e-13, 1.52394386715e-13, 1.2517938075e-13, 1.3182089155e-13, 1.41389815979e-13, 1.45886720673e-13, 1.27413487747e-13, 1.2706605516e-13, 1.45436004277e-13, 1.11880468811e-13, 9.71825023883e-14, 4.4183918541e-14, 4.11521385951e-15, 2.18067044084e-16],
        "stdev": [0.000250374927418, 0.00123702862766, 0.00192624132615, 0.00199449853972, 0.00175516412128, 0.00135064485949, 0.00085748085985, 0.000526286836248, 0.000417702685809, 0.000485528900754, 0.000525637122337, 0.000296456360957, 0.000185134835192, 0.000174063447048, 7.52146079321e-05, 0.000111429741082, 0.000231418962358, 0.000202135619475, 0.00040291773621, 0.000366475404007, 0.000169904102222, 0.000324219145114, 0.00114606891293, 0.00229995977134, 0.000737989787012, 0.000654347706586, 0.000857063219883, 0.000722506840248, 0.00101606675889, 0.000906806264538, 0.000580102147069, 0.000362807244528, 0.000407975603594, 0.000736691756174, 0.000478662317619, 0.000609777926002, 0.000626253080554, 0.00123400171287, 0.000576462014578, 0.000105154918856, 0.000127585517475, 0.000102571983007, 0.000131819004309, 0.000139688505442, 0.000210276455618, 0.000136131697218, 7.49177561374e-05, 8.92927200766e-05, 0.000106951258203, 0.00012713597971, 7.87337412476e-05, 7.38949456718e-05, 0.000103337224573, 7.32485641493e-05, 5.05025200255e-05, 5.57920575375e-05, 4.54839318991e-05, 4.70724335173e-05, 4.93467341585e-05, 4.3659201765e-05, 4.02057921747e-05, 3.76393763872e-05, 3.09365132125e-05, 2.32455968217e-05, 2.49327495112e-05, 2.8607688364e-05, 1.84983473446e-05, 1.34797728606e-05, 1.25770529849e-05, 9.4418255685e-06, 6.32047112958e-06, 4.93306924909e-06, 4.38217375631e-06, 5.06288915858e-06, 6.2705066739e-06, 3.4441995922e-06, 3.6348139929e-06, 5.53160634809e-06, 3.31003934662e-06, 3.29454474013e-06, 3.4942027014e-06, 3.9828082663e-06, 3.3767955756e-06, 2.73431351161e-06, 3.03053820971e-06, 3.07104664898e-06, 2.22224525714e-06, 1.83997190106e-06, 2.10968755709e-06, 1.83150814337e-06, 3.40175847668e-06, 2.16007356357e-06, 1.88709964277e-06, 1.51649442159e-06, 1.08562790047e-06, 7.30883414235e-07, 6.28020131899e-07, 5.92987873915e-07, 6.79011520788e-07, 3.64207153325e-07, 2.74875617379e-07, 2.26724921504e-07, 2.06109959322e-07, 1.79762452035e-07, 1.93716502395e-07, 1.2080025158e-07, 3.78308548932e-08, 2.34503816365e-09, 2.30412997709e-11, 2.08949923336e-11, 2.46244951513e-11, 1.9435847029e-11, 1.86753165016e-11, 4.83562738463e-11, 3.19877457855e-11, 1.86011987063e-11, 1.97023907605e-11, 8.04747327804e-12, 7.42966625722e-12, 7.24589095322e-12, 7.06698631905e-12, 6.90143081572e-12, 6.75346801052e-12, 6.66205675695e-12, 6.53918629315e-12, 6.45911796271e-12, 6.40281491021e-12, 6.36678557098e-12]
    },
    "mfcc": {
        "mean": [-614.714538574, 104.958831787, -54.5524978638, -12.4933624268, -20.6115436554, 1.01127755642, 5.62076282501, 15.5354499817, 4.17213582993, 5.07441425323, 4.47036027908, -2.80745816231, -7.67380905151],
        "cov": [[1220.91650391, 48.6763191223, 493.487762451, 256.074768066, 129.260192871, 75.4766235352, 92.2849960327, 16.5114345551, -88.8857192993, 53.1032600403, 20.3814105988, 27.2901153564, -38.4209671021], [48.6763191223, 397.239898682, 319.791534424, 258.856658936, 119.657989502, 99.4895248413, 70.4946365356, -1.34359610081, -28.1479644775, 26.5791320801, 8.46682071686, 1.05960333347, -11.2024383545], [493.487762451, 319.791534424, 1026.43334961, 478.665802002, 178.678573608, 192.836578369, 200.596923828, 35.1090888977, -158.0806427, 52.0676345825, 43.7065544128, 7.0204539299, -158.235671997], [256.074768066, 258.856658936, 478.665802002, 365.855285645, 173.697250366, 121.880767822, 57.9603004456, -2.41392970085, -61.8653755188, 26.3555850983, 4.56379318237, 2.78494405746, -17.5666255951], [129.260192871, 119.657989502, 178.678573608, 173.697250366, 160.964645386, 73.9472198486, -26.0543460846, -20.5501556396, -16.7672119141, 2.15297865868, -25.3441333771, 3.02390551567, 37.8615341187], [75.4766235352, 99.4895248413, 192.836578369, 121.880767822, 73.9472198486, 114.485900879, 39.49061203, 4.07999992371, -25.6724853516, 2.74761891365, 1.19869172573, -1.91273498535, -20.3342914581], [92.2849960327, 70.4946365356, 200.596923828, 57.9603004456, -26.0543460846, 39.49061203, 150.144363403, 53.2851028442, -32.7871665955, 31.3814201355, 48.0920448303, -0.8185120821, -91.7854232788], [16.5114345551, -1.34359610081, 35.1090888977, -2.41392970085, -20.5501556396, 4.07999992371, 53.2851028442, 72.2618408203, 14.6114845276, 15.8233499527, 21.950876236, -1.66754126549, -38.6985359192], [-88.8857192993, -28.1479644775, -158.0806427, -61.8653755188, -16.7672119141, -25.6724853516, -32.7871665955, 14.6114845276, 92.4798355103, 20.9415283203, -4.73387813568, -0.884115457535, 27.0319271088], [53.1032600403, 26.5791320801, 52.0676345825, 26.3555850983, 2.15297865868, 2.74761891365, 31.3814201355, 15.8233499527, 20.9415283203, 58.2959251404, 24.9076747894, -5.14549922943, -23.6337852478], [20.3814105988, 8.46682071686, 43.7065544128, 4.56379318237, -25.3441333771, 1.19869172573, 48.0920448303, 21.950876236, -4.73387813568, 24.9076747894, 60.0358467102, 10.3152933121, -45.3081626892], [27.2901153564, 1.05960333347, 7.0204539299, 2.78494405746, 3.02390551567, -1.91273498535, -0.8185120821, -1.66754126549, -0.884115457535, -5.14549922943, 10.3152933121, 41.1472320557, 24.5425987244], [-38.4209671021, -11.2024383545, -158.235671997, -17.5666255951, 37.8615341187, -20.3342914581, -91.7854232788, -38.6985359192, 27.0319271088, -23.6337852478, -45.3081626892, 24.5425987244, 146.160430908]],
        "icov": [[0.00121904572006, 0.000756278692279, -0.000283883244265, -0.000492306251545, -0.00074472889537, 0.000365174608305, -0.000585171801504, -7.22008117009e-05, 0.000703603902366, -0.00123747449834, 0.000485200172989, -0.000850129872561, -0.000168032813235], [0.000756278692279, 0.00573026482016, 0.000255184801063, -0.00414658803493, -0.00073302333476, -0.000356244359864, -0.003335645888, 0.00175161869265, -0.00124750263058, -0.000247960939305, 0.000157879694598, 3.40565566148e-05, -0.000840870314278], [-0.000283883244265, 0.000255184801063, 0.00541620561853, -0.00537168886513, 0.000242119276663, -0.0013796207495, -0.00142897979822, -0.000570680771489, 0.00421843025833, -0.00295632984489, 0.00371458521113, -0.00440204935148, 0.0044923145324], [-0.000492306251545, -0.00414658803493, -0.00537168886513, 0.0167978294194, -0.00835026986897, -0.000331004033796, 0.000721665506717, -0.00030932232039, -0.000148270803038, 0.000281878514215, -0.00419851811603, 0.00408671516925, -0.00367023330182], [-0.00074472889537, -0.00073302333476, 0.000242119276663, -0.00835026986897, 0.0218532327563, -0.00753654586151, 0.00790143758059, -0.0012698196806, 0.000134986534249, -0.0024267307017, 0.00383532117121, -0.000778843357693, -0.00217476929538], [0.000365174608305, -0.000356244359864, -0.0013796207495, -0.000331004033796, -0.00753654586151, 0.0176998339593, -0.00540142320096, 0.00139131781179, -0.0021647263784, 0.00466078193858, -0.000743502634577, 0.0017404044047, 0.00055771850748], [-0.000585171801504, -0.003335645888, -0.00142897979822, 0.000721665506717, 0.00790143758059, -0.00540142320096, 0.0227342117578, -0.0101785296574, 0.00593071291223, -0.00596038345248, -0.00254647084512, -0.00280752195977, 0.00453498074785], [-7.22008117009e-05, 0.00175161869265, -0.000570680771489, -0.00030932232039, -0.0012698196806, 0.00139131781179, -0.0101785296574, 0.02368334122, -0.00929032359272, 0.00396737502888, -0.00250674621202, 0.00122239231132, 0.00123887194786], [0.000703603902366, -0.00124750263058, 0.00421843025833, -0.000148270803038, 0.000134986534249, -0.0021647263784, 0.00593071291223, -0.00929032359272, 0.0246918238699, -0.0156838279217, 0.00577780837193, -0.00505057536066, 0.00110332190525], [-0.00123747449834, -0.000247960939305, -0.00295632984489, 0.000281878514215, -0.0024267307017, 0.00466078193858, -0.00596038345248, 0.00396737502888, -0.0156838279217, 0.0347680896521, -0.0150504941121, 0.0113034276292, -0.00296741886996], [0.000485200172989, 0.000157879694598, 0.00371458521113, -0.00419851811603, 0.00383532117121, -0.000743502634577, -0.00254647084512, -0.00250674621202, 0.00577780837193, -0.0150504941121, 0.0374618843198, -0.0192344971001, 0.0116370674223], [-0.000850129872561, 3.40565566148e-05, -0.00440204935148, 0.00408671516925, -0.000778843357693, 0.0017404044047, -0.00280752195977, 0.00122239231132, -0.00505057536066, 0.0113034276292, -0.0192344971001, 0.0408773906529, -0.0155555577949], [-0.000168032813235, -0.000840870314278, 0.0044923145324, -0.00367023330182, -0.00217476929538, 0.00055771850748, 0.00453498074785, 0.00123887194786, 0.00110332190525, -0.00296741886996, 0.0116370674223, -0.0155555577949, 0.020507844165]]
    },
    "spectral_contrast_coeffs": {
        "max": [-0.58583009243, -0.433119177818, -0.494109153748, -0.608708262444, -0.67251086235, -0.663818955421],
        "mean": [-0.772142767906, -0.742949306965, -0.731311678886, -0.787064731121, -0.770710229874, -0.745497405529],
        "min": [-0.892671585083, -0.927405118942, -0.899333834648, -0.891366481781, -0.865304112434, -0.841745138168],
        "stdev": [0.0478604920208, 0.0923772454262, 0.0730117037892, 0.0577393472195, 0.0354997515678, 0.0208730455488]
    },
    "spectral_contrast_valleys": {
        "max": [-5.1149930954, -4.91049528122, -4.96494340897, -5.43867254257, -5.92596626282, -8.47041416168],
        "mean": [-7.63687753677, -6.57740163803, -6.25179338455, -6.70425796509, -7.0936088562, -10.1179914474],
        "min": [-9.70701694489, -8.80648326874, -8.13754272461, -8.8121547699, -8.95505046844, -12.1150999069],
        "stdev": [1.09228563309, 0.507885277271, 0.574699759483, 0.648460507393, 0.397571474314, 0.462366521358]
    }
},
"rhythm": {
    "beats_count": 62,
    "beats_loudness": {
        "max": 0.0789579898119,
        "mean": 0.0287941284478,
        "min": 0.00743941916153,
        "stdev": 0.017059745267
    },
    "bpm": 178.2059021,
    "bpm_histogram_first_peak_bpm": 178,
    "bpm_histogram_first_peak_weight": 0,
    "bpm_histogram_second_peak_bpm": 172,
    "bpm_histogram_second_peak_spread": 0,
    "bpm_histogram_second_peak_weight": 0.16393442452,
    "danceability": 0.945719540119,
    "onset_rate": 1.43090963364,
    "beats_loudness_band_ratio": {
        "max": [0.55464309454, 0.241635575891, 0.542075097561, 0.75004696846, 0.355693042278, 0.15326666832],
        "mean": [0.0959174111485, 0.0311774332076, 0.264346957207, 0.439493894577, 0.161465004086, 0.0376084335148],
        "min": [0.000868990668096, 0.00158493872732, 0.0441682673991, 0.0703194662929, 0.0253726914525, 0.010641249828],
        "stdev": [0.166509523988, 0.0445342212915, 0.122089289129, 0.159622624516, 0.0841891467571, 0.0210598520935]
    },
    "beats_position": [0.46439909935, 0.952018141747, 1.43963718414, 1.92725622654, 2.41487526894, 2.92571425438, 3.44816327095, 3.95900225639, 4.45823097229, 4.94585037231, 5.44507932663, 5.94430828094, 6.45514726639, 6.9543762207, 7.46521520615, 7.96444416046, 8.46367359161, 8.96290206909, 9.47374153137, 9.99619007111, 10.5186395645, 11.0410881042, 11.5635375977, 11.900226593, 12.2369155884, 12.5852155685, 12.9219045639, 13.2585935593, 13.5952835083, 13.9319725037, 14.268661499, 14.6053514481, 14.9536504745, 15.2903394699, 15.6270294189, 15.9753284454, 16.3236274719, 16.6719264984, 17.0202255249, 17.3685264587, 17.7168254852, 18.0535144806, 18.390203476, 18.7268924713, 19.0635814667, 19.4002723694, 19.7369613647, 20.0736503601, 20.4103393555, 20.7354183197, 21.0604991913, 21.3855781555, 21.7106571198, 22.0473461151, 22.3840351105, 22.7207260132, 23.0574150085, 23.3941040039, 23.7424030304, 24.0790920258, 24.4157810211, 24.764081955],
