{
"metadata": {
    "version": {
        "essentia": "2.1-beta5",
        "essentia_git_sha": "Undefined",
        "extractor": "music 2.0"
    },
    "audio_properties": {
        "analysis": {
            "equal_loudness": 0,
            "length": 35.9909286499,
            "sample_rate": 44100,
            "start_time": 93.9943771362,
            "downmix": "mix"
        },
        "bit_rate": 192000,
        "length": 194.977966309,
        "lossless": 0,
        "number_channels": 2,
        "replay_gain": -6.77716445923,
        "sample_rate": 44100,
        "codec": "mp3",
        "md5_encoded": "9dc1485485095f957f6c963fd24d5b95"
    },
    "tags": {
        "file_name": "Austria_All To You_The rounder girls.mp3",
        "encoding": ["Lavf58.29.100"]
    }
},
"lowlevel": {
    "average_loudness": 0.98124819994,
    "barkbands_crest": {
        "max": 22.1997356415,
        "mean": 9.21985340118,
        "min": 2.73714613914,
        "stdev": 3.44087195396
    },
    "barkbands_flatness_db": {
        "max": 0.329504936934,
        "mean": 0.163166716695,
        "min": 0.0645082741976,
        "stdev": 0.0413452535868
    },
    "barkbands_kurtosis": {
        "max": 107.456039429,
        "mean": 4.82439565659,
        "min": -1.78524255753,
        "stdev": 8.04139328003
    },
    "barkbands_skewness": {
        "max": 8.52138137817,
        "mean": 1.59621942043,
        "min": -1.6414706707,
        "stdev": 1.22772991657
    },
    "barkbands_spread": {
        "max": 77.9571685791,
        "mean": 21.1699867249,
        "min": 1.52585530281,
        "stdev": 13.0151081085
    },
    "dissonance": {
        "max": 0.500000059605,
        "mean": 0.466237038374,
        "min": 0.270431637764,
        "stdev": 0.025788044557
    },
    "dynamic_complexity": 2.20635247231,
    "erbbands_crest": {
        "max": 29.7895832062,
        "mean": 9.22947883606,
        "min": 2.8781785965,
        "stdev": 4.74962615967
    },
    "erbbands_flatness_db": {
        "max": 0.315953105688,
        "mean": 0.169190391898,
        "min": 0.0898482501507,
        "stdev": 0.0386032015085
    },
    "erbbands_kurtosis": {
        "max": 26.7127761841,
        "mean": 0.526122033596,
        "min": -1.82788872719,
        "stdev": 2.13466262817
    },
    "erbbands_skewness": {
        "max": 3.66566681862,
        "mean": 0.433633208275,
        "min": -2.34908533096,
        "stdev": 0.790524601936
    },
    "erbbands_spread": {
        "max": 143.922897339,
        "mean": 41.5277099609,
        "min": 2.97778105736,
        "stdev": 19.4446296692
    },
    "hfc": {
        "max": 118.768539429,
        "mean": 23.0647506714,
        "min": 0.620566248894,
        "stdev": 20.0193576813
    },
    "loudness_ebu128": {
        "integrated": -16.5832290649,
        "loudness_range": 0.701723098755,
        "momentary": {
            "max": -14.4262132645,
            "mean": -16.7249946594,
            "min": -21.8753414154,
            "stdev": 1.15801370144
        },
        "short_term": {
            "max": -16.0649623871,
            "mean": -16.6052055359,
            "min": -17.5848369598,
            "stdev": 0.263557672501
        }
    },
    "melbands_crest": {
        "max": 28.2649478912,
        "mean": 12.3983430862,
        "min": 4.34260654449,
        "stdev": 4.20964765549
    },
    "melbands_flatness_db": {
        "max": 0.426518112421,
        "mean": 0.18741491437,
        "min": 0.0498041138053,
        "stdev": 0.0614396370947
    },
    "melbands_kurtosis": {
        "max": 243.962142944,
        "mean": 14.6752157211,
        "min": -1.62890183926,
        "stdev": 21.5880794525
    },
    "melbands_skewness": {
        "max": 13.4947042465,
        "mean": 2.65663695335,
        "min": -1.39127111435,
        "stdev": 1.70342886448
    },
    "melbands_spread": {
        "max": 202.848007202,
        "mean": 23.6091651917,
        "min": 1.07512879372,
        "stdev": 18.5400047302
    },
    "pitch_salience": {
        "max": 0.83117389679,
        "mean": 0.60435628891,
        "min": 0.207752615213,
        "stdev": 0.103298686445
    },
    "silence_rate_20dB": {
        "max": 1,
        "mean": 1,
        "min": 1,
        "stdev": 0
    },
    "silence_rate_30dB": {
        "max": 1,
        "mean": 1,
        "min": 1,
        "stdev": 0
    },
    "silence_rate_60dB": {
        "max": 1,
        "mean": 0.0032237265259,
        "min": 0,
        "stdev": 0.0566867701709
    },
    "spectral_centroid": {
        "max": 4389.50390625,
        "mean": 1222.05651855,
        "min": 203.009292603,
        "stdev": 633.626647949
    },
    "spectral_complexity": {
        "max": 52,
        "mean": 19.594455719,
        "min": 5,
        "stdev": 8.94815921783
    },
    "spectral_decrease": {
        "max": -2.96596525118e-10,
        "mean": -7.14923276135e-09,
        "min": -4.11097005326e-08,
        "stdev": 5.19826404144e-09
    },
    "spectral_energy": {
        "max": 0.157360717654,
        "mean": 0.0290749110281,
        "min": 0.00124533683993,
        "stdev": 0.0207042582333
    },
    "spectral_energyband_high": {
        "max": 0.012626208365,
        "mean": 0.0011089281179,
        "min": 1.18805164675e-05,
        "stdev": 0.00171505555045
    },
    "spectral_energyband_low": {
        "max": 0.142521843314,
        "mean": 0.00812933966517,
        "min": 1.17965701065e-05,
        "stdev": 0.0138254351914
    },
    "spectral_energyband_middle_high": {
        "max": 0.0553095713258,
        "mean": 0.00649120472372,
        "min": 6.7407694587e-05,
        "stdev": 0.00852488353848
    },
    "spectral_energyband_middle_low": {
        "max": 0.0880745574832,
        "mean": 0.0158538222313,
        "min": 0.000267436989816,
        "stdev": 0.0126075493172
    },
    "spectral_entropy": {
        "max": 8.69352054596,
        "mean": 7.59106826782,
        "min": 6.04772138596,
        "stdev": 0.373248010874
    },
    "spectral_flux": {
        "max": 0.350222319365,
        "mean": 0.100123144686,
        "min": 0.0213233586401,
        "stdev": 0.055157776922
    },
    "spectral_kurtosis": {
        "max": 17.9614334106,
        "mean": 2.97503757477,
        "min": -1.0437066555,
        "stdev": 1.92359566689
    },
    "spectral_rms": {
        "max": 0.0123904254287,
        "mean": 0.00503886025399,
        "min": 0.00110225356184,
        "stdev": 0.00172499613836
    },
    "spectral_rolloff": {
        "max": 9991.40625,
        "mean": 1428.75891113,
        "min": 150.732421875,
        "stdev": 1324.54370117
    },
    "spectral_skewness": {
        "max": 3.43040084839,
        "mean": 1.36719918251,
        "min": 0.0820846781135,
        "stdev": 0.377674132586
    },
    "spectral_spread": {
        "max": 11449742,
        "mean": 4670094,
        "min": 2776584.75,
        "stdev": 1236959.375
    },
    "spectral_strongpeak": {
        "max": 10.3990564346,
        "mean": 1.07084310055,
        "min": 0.0341937467456,
        "stdev": 1.31826257706
    },
    "zerocrossingrate": {
        "max": 0.28955078125,
        "mean": 0.0610162690282,
        "min": 0.00927734375,
        "stdev": 0.0327142365277
    },
    "barkbands": {
        "max": [0.00261867279187, 0.0339899435639, 0.09519995749, 0.0618163719773, 0.0466681197286, 0.0227048303932, 0.0483707562089, 0.0229217968881, 0.0532868057489, 0.0489929839969, 0.0346021093428, 0.0230996906757, 0.0190118514001, 0.0229148957878, 0.0196037255228, 0.014444090426, 0.00467101344839, 0.00360226328485, 0.0038827045355, 0.00380147993565, 0.00270061939955, 0.00459647970274, 0.00192677648738, 0.00415298203006, 0.00245027127676, 1.75036057044e-05, 4.98744611832e-06],
        "mean": [0.00020721074543, 0.00231657084078, 0.00358654954471, 0.00395043613389, 0.00515480805188, 0.00188253668603, 0.00135286943987, 0.000975691247731, 0.00169549148995, 0.00168308918364, 0.000909937662072, 0.000663466344122, 0.000507703167386, 0.000660061545204, 0.000794816529378, 0.000635491567664, 0.000306060304865, 0.00026475219056, 0.000261690031039, 0.000328499416355, 0.000176919464138, 0.000305978785036, 0.000156493508257, 0.000206643366255, 9.10124872462e-05, 1.11768507338e-07, 4.39428937682e-09],
        "min": [9.4874664569e-08, 7.51624702389e-06, 3.88762202874e-07, 2.49184836321e-06, 2.80470112557e-06, 7.71586292103e-06, 1.65275309882e-06, 1.32982995638e-06, 1.27554903884e-05, 2.98078703054e-06, 2.61648051492e-06, 3.78233789888e-06, 3.47611262441e-06, 2.94073743135e-06, 1.12704708499e-06, 1.46354977915e-06, 1.90701734937e-06, 1.31216347654e-06, 1.02033152416e-06, 1.12734232971e-06, 1.65059191204e-06, 2.56494058704e-06, 1.12751968118e-06, 4.80168125705e-07, 1.21954244037e-07, 3.05416039681e-11, 4.36520819491e-11],
        "stdev": [0.000393076508772, 0.00326130120084, 0.00934388395399, 0.00620634108782, 0.00469554960728, 0.00221190974116, 0.00319638755172, 0.00200046692044, 0.00415272684768, 0.00525000970811, 0.00283159385435, 0.00186342862435, 0.00134432653431, 0.00170946237631, 0.00170779763721, 0.0014008434955, 0.00045220577158, 0.000364970590454, 0.000370031921193, 0.00043582986109, 0.000276044243947, 0.000642710889224, 0.000240439781919, 0.000453634216683, 0.00019803174655, 6.70050326335e-07, 1.26854800442e-07]
    },
    "erbbands": {
        "max": [1.37718844414, 5.89921808243, 76.9552154541, 195.157180786, 221.821182251, 141.168441772, 184.185638428, 216.946899414, 690.673278809, 861.176635742, 722.30078125, 1135.23742676, 1839.21228027, 1358.14453125, 1605.7956543, 1092.0300293, 987.831115723, 1372.72973633, 920.411315918, 1317.62023926, 651.448425293, 202.90246582, 221.812011719, 144.43800354, 265.075836182, 236.044113159, 142.255432129, 104.451644897, 206.35710144, 76.3318099976, 58.2406806946, 124.767654419, 60.6023864746, 45.9842414856, 13.543753624, 0.726589798927, 0.0202736724168, 0.00314039015211, 0.000723242235836, 0.000176644447492],
        "mean": [0.0813428610563, 0.497956842184, 3.17744755745, 9.98405742645, 16.651758194, 16.728427887, 14.3459205627, 14.8150863647, 18.1408233643, 20.6888999939, 26.3841457367, 37.9095802307, 60.6745414734, 38.6776809692, 29.5865192413, 28.827167511, 24.8504486084, 35.0820503235, 37.7717819214, 39.0181427002, 30.7116317749, 17.3792152405, 16.0311031342, 11.0817298889, 15.9057664871, 15.5132684708, 9.83071899414, 7.20709371567, 11.7539682388, 6.64006280899, 4.2278881073, 5.64976406097, 2.35654711723, 1.15371119976, 0.588875412941, 0.0370858348906, 0.00100400450174, 7.80804693932e-05, 2.71622229775e-05, 3.72791473637e-05],
        "min": [0.000180117815034, 0.00170520902611, 0.00293324608356, 0.0123907672241, 0.01168389339, 0.0120498230681, 0.038725964725, 0.0721779614687, 0.0449036099017, 0.0430653989315, 0.12420810014, 0.332596957684, 0.278370082378, 0.173315659165, 0.176953822374, 0.223248198628, 0.177013739944, 0.267033427954, 0.065906971693, 0.099604383111, 0.105568766594, 0.133979484439, 0.0842835828662, 0.0499836020172, 0.0600463934243, 0.075699955225, 0.0632341429591, 0.0900527834892, 0.0961610972881, 0.0540870279074, 0.0294665358961, 0.0131101962179, 0.00595894502476, 0.00152595911641, 0.00079138611909, 7.05564743839e-05, 3.92011634176e-06, 5.47308502519e-07, 9.5413327017e-07, 1.60817182859e-06],
        "stdev": [0.14592282474, 0.668278694153, 7.50722742081, 18.3674888611, 20.5897731781, 14.8742237091, 15.748131752, 20.191116333, 38.4052429199, 48.2915916443, 56.7032165527, 89.9230880737, 180.111236572, 109.270339966, 82.3200454712, 82.3042373657, 62.7891616821, 89.287940979, 79.9420852661, 77.215385437, 63.0312538147, 24.0120124817, 22.4730758667, 14.5977058411, 23.528049469, 20.6900196075, 14.4517040253, 12.1708612442, 26.2072982788, 10.4126806259, 6.77563619614, 12.7413454056, 5.09252929688, 2.68090987206, 1.22798705101, 0.0797739923, 0.00208736746572, 0.000167280784808, 3.32420822815e-05, 2.66731476586e-05]
    },
    "gfcc": {
        "mean": [2.71200633049, 112.092140198, -133.203994751, 54.3140106201, -75.109161377, 23.8629875183, -46.3749847412, 0.255556762218, -20.9012393951, -10.9114322662, -9.58480644226, -17.5817737579, 2.13094949722],
        "cov": [[2077.51733398, -850.928894043, -252.838806152, 68.0760574341, -135.610488892, 115.86341095, -137.830200195, 151.804382324, -96.9124984741, 63.4931488037, -181.118469238, 7.25381803513, -65.0752944946], [-850.928894043, 946.747192383, 183.069168091, -50.0594596863, 182.990570068, -116.534568787, 180.093048096, -119.243980408, 104.439186096, -81.4610214233, 137.43548584, -82.8861618042, 51.9332504272], [-252.838806152, 183.069168091, 730.856872559, 117.466659546, -27.640007019, 15.8815574646, -146.82824707, 5.11659002304, -6.20138311386, 16.9706764221, 5.50703620911, 18.3153114319, -56.2205581665], [68.0760574341, -50.0594596863, 117.466659546, 188.491699219, 71.129776001, -20.3742980957, -98.5423583984, 0.755721569061, 26.249130249, 4.17611646652, -9.24380683899, 23.9299278259, -1.6191701889], [-135.610488892, 182.990570068, -27.640007019, 71.129776001, 195.651290894, 15.1980218887, 26.6274795532, -22.1689968109, 21.0570106506, -18.2005023956, 8.55828094482, -14.2185459137, 29.985742569], [115.86341095, -116.534568787, 15.8815574646, -20.3742980957, 15.1980218887, 164.967285156, 84.0646972656, 7.22722673416, -67.6401290894, 1.97513771057, -23.2658195496, 10.2251062393, -1.31453883648], [-137.830200195, 180.093048096, -146.82824707, -98.5423583984, 26.6274795532, 84.0646972656, 296.521484375, -18.1115245819, -45.6248092651, -44.4248580933, 36.7216796875, -31.2779464722, 29.3858242035], [151.804382324, -119.243980408, 5.11659002304, 0.755721569061, -22.1689968109, 7.22722673416, -18.1115245819, 97.4552688599, 14.2882499695, 14.6772289276, -26.806886673, 9.68068599701, -7.18653964996], [-96.9124984741, 104.439186096, -6.20138311386, 26.249130249, 21.0570106506, -67.6401290894, -45.6248092651, 14.2882499695, 144.409317017, 17.7414798737, 7.28310871124, -13.0785913467, 16.2407417297], [63.4931488037, -81.4610214233, 16.9706764221, 4.17611646652, -18.2005023956, 1.97513771057, -44.4248580933, 14.6772289276, 17.7414798737, 91.4788894653, 19.7632770538, 18.6932868958, -6.04169654846], [-181.118469238, 137.43548584, 5.50703620911, -9.24380683899, 8.55828094482, -23.2658195496, 36.7216796875, -26.806886673, 7.28310871124, 19.7632770538, 127.142189026, 29.1936187744, 13.8358869553], [7.25381803513, -82.8861618042, 18.3153114319, 23.9299278259, -14.2185459137, 10.2251062393, -31.2779464722, 9.68068599701, -13.0785913467, 18.6932868958, 29.1936187744, 82.8650588989, 20.8509140015], [-65.0752944946, 51.9332504272, -56.2205581665, -1.6191701889, 29.985742569, -1.31453883648, 29.3858242035, -7.18653964996, 16.2407417297, -6.04169654846, 13.8358869553, 20.8509140015, 72.7291717529]],
        "icov": [[0.000881211250089, 9.12354225875e-05, 0.000570240663365, -0.000890782568604, 0.000725246267393, -0.000710733176675, 0.000450320862001, -0.00094417470973, 0.00057766889222, -0.000390562432585, 0.00042699064943, 0.000633127056062, 0.000133008725243], [9.12354225875e-05, 0.0108340345323, -0.00660040276125, 0.00828547216952, -0.011080622673, 0.0103022335097, -0.0074575310573, 0.00684002228081, -0.00584997748956, 0.00468323472887, -0.0054322136566, 0.00365862296894, -0.0024486805778], [0.000570240663365, -0.00660040276125, 0.00628698710352, -0.00683050369844, 0.00794193055481, -0.00785920396447, 0.00582271115854, -0.00488648703322, 0.00395383918658, -0.00269374903291, 0.00272117345594, -0.00130612007342, 0.00242935470305], [-0.000890782568604, 0.00828547216952, -0.00683050369844, 0.0167523790151, -0.013607387431, 0.00938221812248, -0.00414780154824, 0.00646908953786, -0.00593205168843, 0.00466892449185, -0.00351276108995, -0.00133675534744, -0.000761557952501], [0.000725246267393, -0.011080622673, 0.00794193055481, -0.013607387431, 0.0201312545687, -0.0133134163916, 0.00778986187652, -0.00702340621501, 0.00567236170173, -0.00417897291481, 0.00447339145467, 0.000280489999568, -0.000529841869138], [-0.000710733176675, 0.0103022335097, -0.00785920396447, 0.00938221812248, -0.0133134163916, 0.0215497501194, -0.0117794750258, 0.00700409850106, -0.00238493736833, 0.00151594332419, -0.00117732072249, -0.000757286441512, -0.00142913986929], [0.000450320862001, -0.0074575310573, 0.00582271115854, -0.00414780154824, 0.00778986187652, -0.0117794750258, 0.0129166767001, -0.00603794259951, 0.0050014955923, -0.000163912394783, -0.000138786286698, 0.00184345827438, -0.000735958979931], [-0.00094417470973, 0.00684002228081, -0.00488648703322, 0.00646908953786, -0.00702340621501, 0.00700409850106, -0.00603794259951, 0.0178743563592, -0.00668409373611, 0.00170702510513, -0.00029818265466, -0.00164228060748, 2.77335038845e-05], [0.00057766889222, -0.00584997748956, 0.00395383918658, -0.00593205168843, 0.00567236170173, -0.00238493736833, 0.0050014955923, -0.00668409373611, 0.0139835309237, -0.00518808234483, 0.00268092565238, 0.00181690126192, -0.00202911789529], [-0.000390562432585, 0.00468323472887, -0.00269374903291, 0.00466892449185, -0.00417897291481, 0.00151594332419, -0.000163912394783, 0.00170702510513, -0.00518808234483, 0.0167671758682, -0.00662682438269, 0.000541139161214, -2.97530787066e-05], [0.00042699064943, -0.0054322136566, 0.00272117345594, -0.00351276108995, 0.00447339145467, -0.00117732072249, -0.000138786286698, -0.00029818265466, 0.00268092565238, -0.00662682438269, 0.0159789919853, -0.00855633616447, 0.00271133915521], [0.000633127056062, 0.00365862296894, -0.00130612007342, -0.00133675534744, 0.000280489999568, -0.000757286441512, 0.00184345827438, -0.00164228060748, 0.00181690126192, 0.000541139161214, -0.00855633616447, 0.0229273438454, -0.00942797027528], [0.000133008725243, -0.0024486805778, 0.00242935470305, -0.000761557952501, -0.000529841869138, -0.00142913986929, -0.000735958979931, 2.77335038845e-05, -0.00202911789529, -2.97530787066e-05, 0.00271133915521, -0.00942797027528, 0.0206086207181]]
    },
    "melbands": {
        "max": [0.0105237448588, 0.0288760494441, 0.0267752092332, 0.011702327989, 0.005126924254, 0.00522448215634, 0.0106484908611, 0.00764955813065, 0.00720915617421, 0.00870819576085, 0.00928404647857, 0.00526135228574, 0.0053258696571, 0.00241583376192, 0.00284591619857, 0.00235711759888, 0.0029059718363, 0.00151818338782, 0.00153018941637, 0.00144416966941, 0.000580013205763, 0.000214928732021, 0.000355087540811, 0.000177982627065, 0.000132602872327, 0.0001451792632, 0.000222100745304, 0.000186035453225, 0.000102422731288, 0.000100536446553, 5.72782410018e-05, 0.00016072607832, 5.53719619347e-05, 4.35965084762e-05, 3.01892068819e-05, 5.046980732e-05, 8.57333434396e-05, 4.90733473271e-05, 5.89218689129e-05, 3.25200526277e-05],
        "mean": [0.000660477788188, 0.00137568567879, 0.00191781448666, 0.00123030331451, 0.000528527132701, 0.000340105878422, 0.000285254034679, 0.000213736435398, 0.0002290057746, 0.000244438531809, 0.000303359061945, 0.000155181944137, 0.000105137442006, 7.75534572313e-05, 6.10286151641e-05, 5.45190669072e-05, 6.70354638714e-05, 5.66697272006e-05, 5.84144509048e-05, 5.02261282236e-05, 3.17394151352e-05, 1.79070266313e-05, 1.61994285008e-05, 1.17301096907e-05, 8.35654373077e-06, 1.01488576547e-05, 1.19776850624e-05, 1.01266914498e-05, 6.75272349326e-06, 4.20128390033e-06, 4.16590273744e-06, 8.19886281533e-06, 4.02381374442e-06, 3.46696378983e-06, 2.37790936808e-06, 2.59147464021e-06, 3.64403786079e-06, 1.69477709733e-06, 1.12698410248e-06, 9.07829246444e-07],
        "min": [1.98299312615e-06, 1.85400131159e-06, 3.37414257956e-06, 5.672811767e-07, 2.27196414926e-06, 1.53653240886e-06, 6.14448936176e-07, 4.98824476836e-07, 9.81913103715e-07, 2.06333515962e-06, 6.02883346801e-07, 4.5643315616e-07, 3.11934343245e-07, 5.12723943302e-07, 5.66824667203e-07, 3.10515076762e-07, 4.02752590389e-07, 7.79707463039e-08, 9.08304400582e-08, 1.03107325344e-07, 1.02406886526e-07, 1.30522280983e-07, 1.11052116836e-07, 5.27302397302e-08, 3.74325566099e-08, 4.4597797455e-08, 3.02897795734e-08, 4.07706366445e-08, 3.23649693712e-08, 3.7498306682e-08, 3.86868279634e-08, 4.94275518292e-08, 3.22090194516e-08, 2.58406096521e-08, 1.41996157055e-08, 1.39750060413e-08, 5.59234081265e-09, 4.90365748007e-09, 1.77764825082e-09, 1.04002584322e-09],
        "stdev": [0.00104272924364, 0.00287989061326, 0.00289623835124, 0.00116928643547, 0.000494514766615, 0.000446671503596, 0.000607894209679, 0.00047005264787, 0.000529340526555, 0.000618627178483, 0.000922687409911, 0.000449903513072, 0.000324906955939, 0.000199345304281, 0.000174882094143, 0.000146710648551, 0.000190623206436, 0.000128338215291, 0.000125202277559, 0.00011481072579, 6.88322033966e-05, 2.64724658336e-05, 2.57107949437e-05, 1.62337983056e-05, 1.27186212922e-05, 1.40849233503e-05, 1.90762275452e-05, 1.45265876199e-05, 1.01180485217e-05, 7.45877105146e-06, 7.59918884796e-06, 2.00926806428e-05, 6.68258780934e-06, 5.34420451004e-06, 3.80736196348e-06, 4.90356569571e-06, 8.59718238644e-06, 3.7040533698e-06, 2.85985697701e-06, 2.0742174911e-06]
    },
    "melbands128": {
        "max": [0.00255015795119, 0.0123419361189, 0.0141436550766, 0.00915362127125, 0.031697679311, 0.0551633238792, 0.0487821623683, 0.0266185905784, 0.0275918859988, 0.0144225079566, 0.00731320586056, 0.00550473388284, 0.00893562566489, 0.00497673917562, 0.00516029633582, 0.0106947701424, 0.00860873423517, 0.0185274481773, 0.0133632142097, 0.0149618303403, 0.00548065733165, 0.00501039810479, 0.0115992557257, 0.0189259629697, 0.00645395927131, 0.0205829497427, 0.0139370672405, 0.0184103865176, 0.0133659532294, 0.00722946319729, 0.0113357836381, 0.00601648865268, 0.00884337816387, 0.00735133653507, 0.00248296698555, 0.00335292262025, 0.00634006178007, 0.00548569159582, 0.0032135869842, 0.00479633407667, 0.00359165482223, 0.00190367444884, 0.00646945415065, 0.00456424057484, 0.00204593664967, 0.00298121455126, 0.00247149239294, 0.00357708265074, 0.00220851739869, 0.00366368005052, 0.00314953643829, 0.00252562062815, 0.00122153980192, 0.000959605444223, 0.000646771746688, 0.000385013117921, 0.000627634231932, 0.00046886265045, 0.000510506331921, 0.000508409633767, 0.00036609385279, 0.000121839715575, 0.0003029940126, 0.000284729874693, 0.000160309558851, 0.000173552558408, 0.000324354885379, 0.000605426786933, 0.000263127789367, 0.000197137633222, 0.000430269778008, 0.000205302741961, 0.000188766760402, 0.000193272455363, 0.000166127982084, 0.000196742228582, 9.36391443247e-05, 6.16823817836e-05, 5.02074144606e-05, 0.000119392847409, 0.000276251026662, 0.00016102817608, 5.42052912351e-05, 7.67888050177e-05, 6.02478103247e-05, 4.95696112921e-05, 5.5818571127e-05, 4.73964828416e-05, 4.38704119006e-05, 4.60087539977e-05, 3.59298137482e-05, 5.60058942938e-05, 0.000115217109851, 0.000139660507557, 6.73190661473e-05, 7.08389416104e-05, 4.05860373576e-05, 4.28578459832e-05, 8.49584903335e-05, 5.21655711054e-05, 4.38190581917e-05, 3.46438027918e-05, 2.10444140976e-05, 2.46290182986e-05, 1.91650397028e-05, 1.38255891216e-05, 3.22546725329e-06, 5.92310811953e-07, 3.23657260992e-08, 3.15230614945e-08, 3.04087315328e-08, 2.92117068312e-08, 2.80826455423e-08, 2.70352398246e-08, 2.60479549041e-08, 2.50937564061e-08, 2.42591546851e-08, 2.34587975712e-08, 2.27765664107e-08, 2.21070752815e-08, 2.15607514065e-08, 2.10250874488e-08, 2.05990655644e-08, 2.02265173499e-08, 1.99041441107e-08, 1.96353990845e-08, 1.9476393831e-08, 1.93620124378e-08],
        "mean": [0.000194445063244, 0.000722241355106, 0.000733244523872, 0.000775287975557, 0.0012657205807, 0.00192800816149, 0.0020551441703, 0.00194253050722, 0.00170567282476, 0.00130640820134, 0.000891518080607, 0.000552900542971, 0.000521395297255, 0.000361868413165, 0.00030538556166, 0.000366817781469, 0.000297800666885, 0.000254731188761, 0.000297996739391, 0.000236965104705, 0.00016277882969, 0.000157058602781, 0.000275532453088, 0.000257639796473, 0.000199352594791, 0.000281155225821, 0.000242621492362, 0.000403959013056, 0.000255268620094, 0.000113379697723, 0.000160531228175, 0.00014762057981, 8.13886363176e-05, 0.000106106643216, 5.92455180595e-05, 7.80696282163e-05, 8.94749682629e-05, 6.10598508501e-05, 4.07545703638e-05, 5.56041050004e-05, 6.30832655588e-05, 4.07617917517e-05, 7.75903099566e-05, 7.97016255092e-05, 3.98276060878e-05, 5.66285634704e-05, 6.94860427757e-05, 6.19450947852e-05, 5.18766973983e-05, 4.89402009407e-05, 5.28475029569e-05, 5.06325268361e-05, 3.3292129956e-05, 2.62127778115e-05, 2.04094285436e-05, 1.78130358108e-05, 1.39667172334e-05, 1.63057575264e-05, 1.71091014636e-05, 1.66271111084e-05, 1.14051599667e-05, 7.57077805247e-06, 9.87501243799e-06, 8.53979781823e-06, 6.21952040092e-06, 8.91813760973e-06, 1.35198515636e-05, 1.36382395794e-05, 1.08905223897e-05, 1.07938121801e-05, 1.07132218545e-05, 9.64943865256e-06, 8.19893466542e-06, 6.2043491198e-06, 5.11017060489e-06, 4.66113579023e-06, 3.6743315377e-06, 2.88927685688e-06, 3.0405058169e-06, 5.86334999753e-06, 1.23884265122e-05, 6.76526951793e-06, 3.96605855713e-06, 4.07269544667e-06, 3.92683296013e-06, 3.53506152351e-06, 3.56165014637e-06, 2.82533414975e-06, 2.28118369705e-06, 2.04681305149e-06, 1.97823987946e-06, 2.07635457627e-06, 4.5866149776e-06, 4.99335601489e-06, 1.98002771867e-06, 2.09964605347e-06, 1.57589727223e-06, 1.28925387344e-06, 1.14673139251e-06, 1.03897366444e-06, 9.5088529406e-07, 9.32179489155e-07, 7.78344599439e-07, 7.83539746863e-07, 8.69271275405e-07, 6.43583746296e-07, 1.53935616254e-07, 6.21109697008e-09, 3.04532718487e-11, 2.8312775735e-11, 2.71152753029e-11, 2.59770590455e-11, 2.49136006963e-11, 2.39341602093e-11, 2.30307266313e-11, 2.2175894801e-11, 2.13973526397e-11, 2.06807106162e-11, 2.00702874459e-11, 1.94808735116e-11, 1.89974303649e-11, 1.85343077691e-11, 1.81372937502e-11, 1.78066363737e-11, 1.752357634e-11, 1.72969537998e-11, 1.71582002079e-11, 1.70410369843e-11],
        "min": [1.84812842807e-09, 4.27566419603e-07, 1.4400937971e-06, 2.23810366151e-06, 1.97862163986e-06, 2.27335576142e-07, 9.23116090235e-07, 6.7383575697e-07, 3.47282906432e-07, 4.0999822204e-07, 3.82247435482e-07, 5.37985329174e-07, 1.25034063103e-07, 3.03270184077e-07, 8.31701925108e-07, 5.57782755095e-07, 9.24688265513e-07, 3.49659529775e-07, 1.12437348321e-07, 9.20730869325e-08, 1.18190953913e-07, 8.94233522786e-08, 3.99174609811e-07, 4.61365743831e-07, 3.46512280203e-07, 1.1605641248e-07, 2.3190199272e-07, 3.61277898264e-07, 3.01180619999e-07, 5.29802264282e-08, 1.09243430302e-07, 9.16023168429e-08, 6.38897859062e-08, 1.32214495352e-07, 1.56378717975e-07, 1.31959140504e-07, 2.07607726566e-07, 1.157855678e-07, 1.96956165155e-07, 1.78944631557e-07, 1.70898360352e-07, 1.11430914274e-07, 1.20323946362e-07, 1.89644424609e-07, 1.16964415042e-07, 2.8544679509e-08, 8.01615627211e-08, 4.17907557448e-08, 3.26143023699e-08, 4.245988805e-08, 7.72296218088e-08, 4.48379928741e-08, 4.85415299067e-08, 2.31627570457e-08, 5.72808325217e-08, 4.47676562487e-08, 4.32782627513e-08, 3.94503771872e-08, 8.3349910085e-08, 6.05871903758e-08, 3.26829372455e-08, 3.57249163585e-08, 3.04594003353e-08, 2.09605151014e-08, 2.12918696008e-08, 3.81009428452e-08, 2.40498021498e-08, 3.74176352125e-08, 1.25597052758e-08, 2.02268068961e-08, 3.88720202693e-08, 3.04437932641e-08, 4.16349656973e-08, 2.40660629203e-08, 7.26582305433e-09, 3.62877372595e-08, 2.16567759281e-08, 1.9971428955e-08, 3.00451539204e-08, 3.28322151688e-08, 3.6566628836e-08, 3.48258204497e-08, 1.34154065634e-08, 1.88149993363e-08, 1.78725496625e-08, 2.36970123524e-08, 2.21972094039e-08, 9.13568598548e-09, 9.04872354823e-09, 1.25661117067e-08, 1.65272222574e-08, 6.76380373932e-09, 7.2532300166e-09, 3.93439281154e-09, 4.00801702938e-09, 4.80187978269e-09, 4.4543462252e-09, 1.90764493091e-09, 1.79660608612e-09, 1.421814666e-09, 8.99563978862e-10, 1.05643893633e-09, 1.03716080169e-09, 5.80279491125e-10, 4.7658393898e-10, 4.1638478776e-10, 2.76338760902e-11, 3.10215259513e-13, 1.1010576538e-13, 1.00586903986e-13, 1.17871194034e-13, 1.31598724973e-13, 1.08336672695e-13, 9.76119751976e-14, 1.20870205663e-13, 1.18201374253e-13, 1.07569098214e-13, 1.11758089491e-13, 1.10094340599e-13, 1.21031331658e-13, 1.40970473684e-13, 1.35767617851e-13, 1.33747871177e-13, 1.28007847378e-13, 1.36011197422e-13, 1.20307857101e-13, 1.22962864934e-13, 9.58860879694e-14],
        "stdev": [0.000374475464923, 0.00139763439074, 0.00128982937895, 0.00107209873386, 0.00285150436684, 0.00515348091722, 0.00436101574451, 0.00301391584799, 0.00246819411404, 0.00146320974454, 0.000921913015191, 0.000591764226556, 0.000715827627573, 0.000500333728269, 0.000504685158376, 0.000712301174644, 0.000701674318407, 0.000801631365903, 0.000852893281262, 0.000721555144992, 0.000408202467952, 0.000390130124288, 0.000770389975514, 0.000875928788446, 0.000578862673137, 0.00112787098624, 0.000820841931272, 0.00156045123003, 0.00100968882907, 0.000441153038992, 0.000682303507347, 0.00058051670203, 0.000415390590206, 0.000336343277013, 0.000184653836186, 0.000290486932499, 0.000357020035153, 0.000249463046202, 0.000157855436555, 0.000236081847106, 0.000214542131289, 0.00011369681306, 0.00033074003295, 0.000268919277005, 0.00012436544057, 0.000185627955943, 0.000198638401343, 0.000188503137906, 0.000145982543472, 0.000164415527252, 0.000163872420671, 0.000169987324625, 9.4347364211e-05, 8.35337705212e-05, 4.69545775559e-05, 3.36396915372e-05, 2.83935532934e-05, 3.2597577956e-05, 3.78425029339e-05, 3.12707561534e-05, 2.35560983128e-05, 1.20980703286e-05, 1.77737929334e-05, 1.93932883121e-05, 1.13124197014e-05, 1.39421645144e-05, 2.60315573541e-05, 3.63270337402e-05, 2.13665098272e-05, 1.94050298887e-05, 2.2336254915e-05, 1.78717036761e-05, 1.38335517477e-05, 1.30212893055e-05, 1.16904784591e-05, 1.13334972411e-05, 6.49105322736e-06, 4.68767711936e-06, 5.24816596226e-06, 1.34292586154e-05, 3.3847267332e-05, 1.69191316672e-05, 6.80491484673e-06, 7.49322271076e-06, 6.92265939506e-06, 5.64797937841e-06, 5.95630126554e-06, 5.24464303453e-06, 3.94514017898e-06, 3.33390880769e-06, 3.46235765392e-06, 4.07692823501e-06, 1.12984898806e-05, 1.29726267915e-05, 4.50478910352e-06, 5.10935296916e-06, 3.55038173439e-06, 2.89303193313e-06, 3.39037774211e-06, 2.83754729935e-06, 2.44573971031e-06, 2.14865531234e-06, 1.66027405157e-06, 1.68122335253e-06, 1.87278840258e-06, 1.4480574464e-06, 3.70323903098e-07, 2.65817590162e-08, 8.23337953371e-10, 8.01971489217e-10, 7.73700992163e-10, 7.43298145256e-10, 7.14567516269e-10, 6.8789623997e-10, 6.62743138147e-10, 6.38440411649e-10, 6.17138840031e-10, 5.96760418858e-10, 5.79369552334e-10, 5.62318580588e-10, 5.48400713729e-10, 5.34752131465e-10, 5.23886378723e-10, 5.14408071695e-10, 5.06184982818e-10, 4.99347452276e-10, 4.95301966108e-10, 4.92362983717e-10]
    },
    "mfcc": {
        "mean": [-623.252197266, 115.705581665, 6.94464206696, 22.8877410889, 4.03962993622, 10.0672025681, -4.95317697525, 1.02690196037, -3.89892649651, 2.60349154472, -6.95440292358, -6.532371521, -4.77403497696],
        "cov": [[2327.77880859, -922.22845459, -325.992828369, -130.330215454, -49.9465255737, -61.4780731201, -33.1201324463, -7.01882362366, 77.4787216187, 39.6059112549, -44.5559425354, -56.7434082031, -23.4094161987], [-922.22845459, 887.050476074, 90.4675521851, 90.9392929077, -1.93126153946, 41.1555709839, 68.1486816406, 12.8082017899, -25.1681632996, 27.862991333, 36.4815063477, 17.8861808777, 21.2738819122], [-325.992828369, 90.4675521851, 638.443847656, 54.2998390198, 120.000228882, -22.0706176758, -48.0826530457, -31.6368999481, -29.1529064178, -76.9301376343, 55.0488853455, 68.8528594971, -15.0716943741], [-130.330215454, 90.9392929077, 54.2998390198, 191.315338135, 123.154121399, -12.1830768585, -65.4107589722, -15.1607713699, -5.16684675217, -11.2035865784, -4.99620771408, 27.809551239, 22.8631401062], [-49.9465255737, -1.93126153946, 120.000228882, 123.154121399, 258.39541626, -10.8651199341, -105.962135315, -32.4452857971, 10.1360473633, -19.3183269501, -3.01518273354, 21.5690784454, 10.7937917709], [-61.4780731201, 41.1555709839, -22.0706176758, -12.1830768585, -10.8651199341, 144.894805908, 92.3258590698, 19.998550415, 13.7113409042, -6.94275712967, -7.70425415039, -10.7009553909, -11.658290863], [-33.1201324463, 68.1486816406, -48.0826530457, -65.4107589722, -105.962135315, 92.3258590698, 244.307678223, 61.3587341309, -14.9690084457, -3.02248620987, -4.97084188461, -34.3835525513, -5.11557912827], [-7.01882362366, 12.8082017899, -31.6368999481, -15.1607713699, -32.4452857971, 19.998550415, 61.3587341309, 96.3419036865, 24.2812099457, -3.33617067337, -12.0873937607, -17.1859054565, -2.49558854103], [77.4787216187, -25.1681632996, -29.1529064178, -5.16684675217, 10.1360473633, 13.7113409042, -14.9690084457, 24.2812099457, 115.0835495, 20.2021617889, -9.99249839783, -6.71622467041, -22.4621696472], [39.6059112549, 27.862991333, -76.9301376343, -11.2035865784, -19.3183269501, -6.94275712967, -3.02248620987, -3.33617067337, 20.2021617889, 90.5185165405, 12.5501337051, -18.6926593781, -4.6463060379], [-44.5559425354, 36.4815063477, 55.0488853455, -4.99620771408, -3.01518273354, -7.70425415039, -4.97084188461, -12.0873937607, -9.99249839783, 12.5501337051, 76.2660598755, 25.6187553406, -18.7130527496], [-56.7434082031, 17.8861808777, 68.8528594971, 27.809551239, 21.5690784454, -10.7009553909, -34.3835525513, -17.1859054565, -6.71622467041, -18.6926593781, 25.6187553406, 89.3527755737, 30.3185405731], [-23.4094161987, 21.2738819122, -15.0716943741, 22.8631401062, 10.7937917709, -11.658290863, -5.11557912827, -2.49558854103, -22.4621696472, -4.6463060379, -18.7130527496, 30.3185405731, 95.3101882935]],
        "icov": [[0.0008131605573, 0.000820075219963, 0.000255483057117, 3.54950825567e-05, -5.33396014362e-05, 0.000312733580358, -0.000271412514849, 0.000222655231482, -0.000391752138967, -0.000251929013757, -0.000119254640595, 0.000112071043986, -7.955316687e-05], [0.000820075219963, 0.00218668510206, -9.17745455808e-06, -0.000950731511693, 0.000300974556012, 1.12736006486e-06, -0.000671679910738, 0.000106742627395, -0.000218600413064, -0.000949095294345, -0.000680095516145, 0.000198711641133, -0.000421779754106], [0.000255483057117, -9.17745455808e-06, 0.00232093222439, 0.000286800292088, -0.00106289470568, 0.000556617800612, -0.000296116253594, 0.000284631794784, 2.47711795964e-05, 0.00171902100556, -0.00124721555039, -0.000966413354035, 0.000695215421729], [3.54950825567e-05, -0.000950731511693, 0.000286800292088, 0.00871165189892, -0.00382329081185, 0.000101201825601, 0.000954874849413, -0.000662399805151, 0.000731467327569, 0.000101875186374, 0.00120053789578, -0.00167745922226, -0.000397540308768], [-5.33396014362e-05, 0.000300974556012, -0.00106289470568, -0.00382329081185, 0.00712495762855, -0.00147388712503, 0.00228079943918, 0.000692348345183, -0.000817216350697, 0.000506595533807, -0.00012088213407, 0.00138313719071, -0.000809473276604], [0.000312733580358, 1.12736006486e-06, 0.000556617800612, 0.000101201825601, -0.00147388712503, 0.0102347666398, -0.00481469137594, 0.00113648746628, -0.00186305516399, 0.000842445180751, 0.000953311449848, -0.00104442879092, 0.00145187228918], [-0.000271412514849, -0.000671679910738, -0.000296116253594, 0.000954874849413, 0.00228079943918, -0.00481469137594, 0.00861750077456, -0.00384362903424, 0.00208199769258, 0.000497499189805, -0.000791316037066, 0.00217270990834, -0.00100955145899], [0.000222655231482, 0.000106742627395, 0.000284631794784, -0.000662399805151, 0.000692348345183, 0.00113648746628, -0.00384362903424, 0.0142314052209, -0.00413999846205, 0.00181096664164, 0.000399806973292, 0.00157485646196, -0.000848169322126], [-0.000391752138967, -0.000218600413064, 2.47711795964e-05, 0.000731467327569, -0.000817216350697, -0.00186305516399, 0.00208199769258, -0.00413999846205, 0.0117972698063, -0.00339362886734, 0.0029424149543, -0.00235831504688, 0.00359180779196], [-0.000251929013757, -0.000949095294345, 0.00171902100556, 0.000101875186374, 0.000506595533807, 0.000842445180751, 0.000497499189805, 0.00181096664164, -0.00339362886734, 0.0155104557052, -0.00548502709717, 0.00443816604093, -0.00201522675343], [-0.000119254640595, -0.000680095516145, -0.00124721555039, 0.00120053789578, -0.00012088213407, 0.000953311449848, -0.000791316037066, 0.000399806973292, 0.0029424149543, -0.00548502709717, 0.0202719047666, -0.00849755108356, 0.00684491172433], [0.000112071043986, 0.000198711641133, -0.000966413354035, -0.00167745922226, 0.00138313719071, -0.00104442879092, 0.00217270990834, 0.00157485646196, -0.00235831504688, 0.00443816604093, -0.00849755108356, 0.0190598629415, -0.00796464830637], [-7.955316687e-05, -0.000421779754106, 0.000695215421729, -0.000397540308768, -0.000809473276604, 0.00145187228918, -0.00100955145899, -0.000848169322126, 0.00359180779196, -0.00201522675343, 0.00684491172433, -0.00796464830637, 0.0155905932188]]
    },
    "spectral_contrast_coeffs": {
        "max": [-0.449986815453, -0.507681488991, -0.503244519234, -0.606552064419, -0.659582614899, -0.628387868404],
        "mean": [-0.684591472149, -0.753150582314, -0.759660542011, -0.780713140965, -0.793743848801, -0.767432630062],
        "min": [-0.861707091331, -0.915592133999, -0.897959172726, -0.904790818691, -0.89108723402, -0.862964570522],
        "stdev": [0.0623893216252, 0.0710253566504, 0.0736472755671, 0.0536978580058, 0.0386300832033, 0.03288750723]
    },
    "spectral_contrast_valleys": {
        "max": [-5.1199631691, -4.65658426285, -5.34817886353, -5.86714553833, -6.00116205215, -7.68689918518],
        "mean": [-6.38359975815, -6.59947156906, -7.26574277878, -7.40752649307, -7.42742013931, -9.8544178009],
        "min": [-8.795545578, -8.67055511475, -8.90677833557, -9.25110626221, -9.15333843231, -12.1733722687],
        "stdev": [0.575786352158, 0.534134328365, 0.529446005821, 0.557896375656, 0.604381024837, 0.791380107403]
    }
},
"rhythm": {
    "beats_count": 49,
    "beats_loudness": {
        "max": 0.0698422193527,
        "mean": 0.0399531461298,
        "min": 0.00657348707318,
        "stdev": 0.012878049165
    },
    "bpm": 83.0024490356,
    "bpm_histogram_first_peak_bpm": 83,
    "bpm_histogram_first_peak_weight": 0.0222222805023,
    "bpm_histogram_second_peak_bpm": 77,
    "bpm_histogram_second_peak_spread": 0,
    "bpm_histogram_second_peak_weight": 0.0625,
    "danceability": 1.79019260406,
    "onset_rate": 4.13859701157,
    "beats_loudness_band_ratio": {
        "max": [0.748908996582, 0.362119495869, 0.55237197876, 0.739543199539, 0.333069324493, 0.508783876896],
        "mean": [0.41982498765, 0.133925303817, 0.123614437878, 0.1181608513, 0.090815231204, 0.160683318973],
        "min": [0.0651463419199, 0.021818170324, 0.0209933612496, 0.00562133453786, 0.00110358872917, 0.00131572084501],
        "stdev": [0.171352013946, 0.071980766952, 0.12489656359, 0.155040413141, 0.0678054243326, 0.0858085528016]
    },
    "beats_position": [0.789478421211, 1.5673469305, 2.34521532059, 3.13469386101, 3.87773227692, 4.60916090012, 5.34058952332, 6.06040811539, 6.78022670746, 7.50004529953, 8.2198638916, 8.93968200684, 9.65950107574, 10.379319191, 11.0991382599, 11.8189563751, 12.538775444, 13.2585935593, 13.9900226593, 14.7214508057, 15.4412698746, 16.1610889435, 16.8809070587, 17.600725174, 18.3205432892, 19.0403633118, 19.760181427, 20.4799995422, 21.2114276886, 21.942855835, 22.6626758575, 23.3824939728, 24.102312088, 24.8221302032, 25.5419502258, 26.2733783722, 26.9931964874, 27.7246246338, 28.4444446564, 29.1642627716, 29.8840808868, 30.6038990021, 31.3237190247, 32.0551452637, 32.7749671936, 33.5063934326, 34.2262115479, 34.9460296631, 35.6658477783],
