{
"metadata": {
    "version": {
        "essentia": "2.1-beta5",
        "essentia_git_sha": "Undefined",
        "extractor": "music 2.0"
    },
    "audio_properties": {
        "analysis": {
            "equal_loudness": 0,
            "length": 25.0311107635,
            "sample_rate": 44100,
            "start_time": 158.998641968,
            "downmix": "mix"
        },
        "bit_rate": 192000,
        "length": 184.052978516,
        "lossless": 0,
        "number_channels": 2,
        "replay_gain": -5.93783187866,
        "sample_rate": 48000,
        "codec": "mp3",
        "md5_encoded": "db10a303b31c0085b20c6eff7c707e1c"
    },
    "tags": {
        "file_name": "Turkey_Yorgunum Anla_Pinar Ayhan _ S.O.S. band.mp3",
        "encoding": ["Lavf58.29.100"]
    }
},
"lowlevel": {
    "average_loudness": 0.907854795456,
    "barkbands_crest": {
        "max": 21.0528240204,
        "mean": 7.50933790207,
        "min": 2.76774597168,
        "stdev": 3.53766584396
    },
    "barkbands_flatness_db": {
        "max": 0.24399985373,
        "mean": 0.145425572991,
        "min": 0.0665768682957,
        "stdev": 0.0251818094403
    },
    "barkbands_kurtosis": {
        "max": 17.9421329498,
        "mean": 0.821632504463,
        "min": -1.70365655422,
        "stdev": 1.97766232491
    },
    "barkbands_skewness": {
        "max": 3.93660116196,
        "mean": 0.60753762722,
        "min": -1.45813274384,
        "stdev": 0.759676516056
    },
    "barkbands_spread": {
        "max": 80.476852417,
        "mean": 18.3272857666,
        "min": 4.43594741821,
        "stdev": 10.9790430069
    },
    "dissonance": {
        "max": 0.500000059605,
        "mean": 0.484616369009,
        "min": 0.372823536396,
        "stdev": 0.016764646396
    },
    "dynamic_complexity": 1.28267645836,
    "erbbands_crest": {
        "max": 28.9108181,
        "mean": 7.85429763794,
        "min": 2.58864927292,
        "stdev": 4.21407079697
    },
    "erbbands_flatness_db": {
        "max": 0.31938585639,
        "mean": 0.215554818511,
        "min": 0.0913442075253,
        "stdev": 0.0509124659002
    },
    "erbbands_kurtosis": {
        "max": 24.963716507,
        "mean": 0.30348688364,
        "min": -1.52572953701,
        "stdev": 1.85240542889
    },
    "erbbands_skewness": {
        "max": 2.41309452057,
        "mean": 0.314963281155,
        "min": -2.30198597908,
        "stdev": 0.529692471027
    },
    "erbbands_spread": {
        "max": 105.203079224,
        "mean": 25.1526451111,
        "min": 3.5177397728,
        "stdev": 17.4663181305
    },
    "hfc": {
        "max": 102.977027893,
        "mean": 31.6709365845,
        "min": 2.8900346756,
        "stdev": 15.3851146698
    },
    "loudness_ebu128": {
        "integrated": -16.1159095764,
        "loudness_range": 1.62015628815,
        "momentary": {
            "max": -13.7183732986,
            "mean": -16.2301998138,
            "min": -18.6879558563,
            "stdev": 0.981917560101
        },
        "short_term": {
            "max": -15.0868034363,
            "mean": -16.1440944672,
            "min": -17.215555191,
            "stdev": 0.543714284897
        }
    },
    "melbands_crest": {
        "max": 29.478559494,
        "mean": 10.138625145,
        "min": 3.45270943642,
        "stdev": 5.18703508377
    },
    "melbands_flatness_db": {
        "max": 0.265655606985,
        "mean": 0.139581561089,
        "min": 0.0318890102208,
        "stdev": 0.0350891314447
    },
    "melbands_kurtosis": {
        "max": 75.6820602417,
        "mean": 4.17168951035,
        "min": -1.78007292747,
        "stdev": 7.41636180878
    },
    "melbands_skewness": {
        "max": 7.21613025665,
        "mean": 1.24640727043,
        "min": -0.644484996796,
        "stdev": 1.21757221222
    },
    "melbands_spread": {
        "max": 96.5948486328,
        "mean": 25.9834156036,
        "min": 5.07381248474,
        "stdev": 11.7919378281
    },
    "pitch_salience": {
        "max": 0.862334609032,
        "mean": 0.688979327679,
        "min": 0.283004641533,
        "stdev": 0.131508037448
    },
    "silence_rate_20dB": {
        "max": 1,
        "mean": 1,
        "min": 1,
        "stdev": 0
    },
    "silence_rate_30dB": {
        "max": 1,
        "mean": 1,
        "min": 1,
        "stdev": 0
    },
    "silence_rate_60dB": {
        "max": 1,
        "mean": 0.00185356813017,
        "min": 0,
        "stdev": 0.0430133529007
    },
    "spectral_centroid": {
        "max": 3129.40161133,
        "mean": 1801.82165527,
        "min": 463.864715576,
        "stdev": 337.687530518
    },
    "spectral_complexity": {
        "max": 52,
        "mean": 30.6014823914,
        "min": 9,
        "stdev": 6.90805196762
    },
    "spectral_decrease": {
        "max": -4.9760306986e-10,
        "mean": -6.63358656894e-09,
        "min": -2.69721613932e-08,
        "stdev": 4.34647695613e-09
    },
    "spectral_energy": {
        "max": 0.109071284533,
        "mean": 0.0279093459249,
        "min": 0.00214020558633,
        "stdev": 0.0173869244754
    },
    "spectral_energyband_high": {
        "max": 0.00954544916749,
        "mean": 0.000895867240615,
        "min": 8.76310732565e-05,
        "stdev": 0.00121839065105
    },
    "spectral_energyband_low": {
        "max": 0.071670204401,
        "mean": 0.00549139967188,
        "min": 4.52095446235e-06,
        "stdev": 0.0108657358214
    },
    "spectral_energyband_middle_high": {
        "max": 0.0603305622935,
        "mean": 0.0140124326572,
        "min": 0.000929063244257,
        "stdev": 0.00856795813888
    },
    "spectral_energyband_middle_low": {
        "max": 0.0593838766217,
        "mean": 0.00856946688145,
        "min": 0.000482765433844,
        "stdev": 0.00837123021483
    },
    "spectral_entropy": {
        "max": 8.47163581848,
        "mean": 7.80829429626,
        "min": 7.1330537796,
        "stdev": 0.181794568896
    },
    "spectral_flux": {
        "max": 0.25322380662,
        "mean": 0.0985045805573,
        "min": 0.0302509125322,
        "stdev": 0.0316695086658
    },
    "spectral_kurtosis": {
        "max": 16.6151561737,
        "mean": 4.35143280029,
        "min": -0.530647754669,
        "stdev": 2.25246596336
    },
    "spectral_rms": {
        "max": 0.0103155709803,
        "mean": 0.00500438269228,
        "min": 0.0014449931914,
        "stdev": 0.0014781143982
    },
    "spectral_rolloff": {
        "max": 6933.69140625,
        "mean": 2060.64160156,
        "min": 193.798828125,
        "stdev": 841.179504395
    },
    "spectral_skewness": {
        "max": 2.84321117401,
        "mean": 1.46623456478,
        "min": 0.373767465353,
        "stdev": 0.304015249014
    },
    "spectral_spread": {
        "max": 9100558,
        "mean": 3556417.5,
        "min": 2204175.5,
        "stdev": 1261609
    },
    "spectral_strongpeak": {
        "max": 13.6180639267,
        "mean": 1.3348608017,
        "min": 0.0444246344268,
        "stdev": 1.61150562763
    },
    "zerocrossingrate": {
        "max": 0.1923828125,
        "mean": 0.0756383389235,
        "min": 0.01806640625,
        "stdev": 0.0193472187966
    },
    "barkbands": {
        "max": [0.00348150241189, 0.0663173347712, 0.0426885262132, 0.0458426624537, 0.0339343361557, 0.0153429359198, 0.016445254907, 0.0299175661057, 0.0401736758649, 0.0557143874466, 0.0412139818072, 0.0213273596019, 0.0348904654384, 0.0484132990241, 0.0251220744103, 0.0171446464956, 0.0123178735375, 0.00880268402398, 0.00586093729362, 0.0067746611312, 0.0022919322364, 0.00315174250863, 0.00414548721164, 0.0019905033987, 0.00124844803941, 9.78528987616e-06, 2.64113509729e-06],
        "mean": [0.000197402434424, 0.00402784906328, 0.000839763786644, 0.000766060838941, 0.00152840232477, 0.000819616892841, 0.00113347510342, 0.000940436788369, 0.00220680818893, 0.00316011789255, 0.00189871294424, 0.00153040711302, 0.00152566109318, 0.00181220390368, 0.00132861384191, 0.00114982121158, 0.000789515150245, 0.000750822247937, 0.000461125862785, 0.000281864777207, 0.00021439640841, 0.000211693462916, 0.000163144970429, 0.000102683094156, 6.85647391947e-05, 1.8613643249e-07, 3.44706507782e-09],
        "min": [3.356841205e-08, 1.22380652101e-06, 1.80269282168e-07, 5.48037689896e-07, 2.93031052934e-06, 1.57189253969e-06, 3.26994450006e-05, 2.59666085185e-05, 1.2258078641e-05, 2.57654373854e-05, 1.09939128379e-05, 1.93022769963e-05, 1.78968311957e-05, 6.44435785944e-05, 2.21576883632e-05, 3.60554622603e-05, 3.35954937327e-05, 5.05196730956e-05, 3.20628969348e-05, 3.32799718308e-05, 2.46223244176e-05, 1.0889434634e-05, 4.16343345933e-06, 5.3316366575e-06, 1.85756425708e-06, 1.5480569604e-10, 4.2854185478e-11],
        "stdev": [0.000456997571746, 0.008708614856, 0.00278198742308, 0.00250346050598, 0.00351791665889, 0.00175509299152, 0.00208263797686, 0.00210550730117, 0.00284026749432, 0.00449484353885, 0.00332388305105, 0.00162877119146, 0.00244445749559, 0.00359891331755, 0.00182029115967, 0.00145725533366, 0.000798364286311, 0.00077303260332, 0.000427354447311, 0.000348603294697, 0.000244651833782, 0.000309721042868, 0.000333289033733, 0.000213808205444, 0.000150030566147, 6.61408648739e-07, 8.03625326284e-08]
    },
    "erbbands": {
        "max": [2.55251073837, 12.3512172699, 47.2875099182, 88.6814117432, 137.274780273, 92.4373703003, 116.335464478, 142.228469849, 222.619888306, 488.528137207, 713.553466797, 1059.33728027, 2014.9901123, 1211.41577148, 2006.7154541, 909.240661621, 1936.88549805, 2315.53417969, 1074.3963623, 650.199157715, 1034.17956543, 449.422729492, 577.396789551, 196.334854126, 403.760131836, 272.442962646, 84.6434555054, 102.371643066, 110.686378479, 129.331573486, 99.6970062256, 49.1607284546, 25.0123939514, 19.4331512451, 10.5675754547, 0.906389594078, 0.02032706514, 0.00164927053265, 0.000393361435272, 0.00015672511654],
        "mean": [0.150923252106, 0.761109411716, 1.01462507248, 2.05341076851, 4.41299724579, 4.38331651688, 5.13770151138, 6.83347892761, 14.8429479599, 18.0943336487, 23.0667972565, 47.4227104187, 95.8106765747, 90.7039413452, 73.1847610474, 63.9980812073, 74.3165206909, 90.9731292725, 78.0110778809, 62.7155075073, 63.4141349792, 44.0645484924, 43.3194732666, 27.868768692, 21.6126327515, 13.2220563889, 9.74806594849, 7.87582015991, 7.51435041428, 6.60195732117, 4.36259317398, 2.63197207451, 1.47005605698, 0.804341077805, 0.485261291265, 0.035896319896, 0.000914266798645, 6.71450761729e-05, 2.52964873653e-05, 3.65460364264e-05],
        "min": [2.3888742362e-05, 0.000104172693682, 0.000670872686896, 0.00151264679153, 0.00389352883212, 0.0102829905227, 0.0199491716921, 0.0494895093143, 0.394198268652, 0.846990585327, 0.647269666195, 0.465014815331, 0.70681977272, 0.932929754257, 1.19251143932, 1.11049294472, 1.4656740427, 3.54380726814, 3.07035279274, 1.55056667328, 2.20385241508, 2.3102543354, 2.89013147354, 2.18673372269, 1.46527051926, 1.44667458534, 1.25182271004, 0.691565334797, 0.478829354048, 0.256940096617, 0.100951008499, 0.11725910753, 0.0810318887234, 0.0251809936017, 0.0132672227919, 0.000700839620549, 2.26152333198e-05, 2.46192394115e-06, 1.70252860698e-06, 2.82871496893e-06],
        "stdev": [0.364408582449, 1.63453471661, 2.92233037949, 5.89039564133, 12.4515991211, 10.1211528778, 10.9875240326, 14.9238109589, 28.5665798187, 35.1103515625, 41.2771606445, 63.9255447388, 148.755004883, 119.259857178, 140.233032227, 67.537902832, 127.908508301, 173.057785034, 92.3630371094, 62.5811157227, 83.4437637329, 38.726688385, 47.5270957947, 21.6979217529, 26.5588569641, 14.6846075058, 10.5160427094, 9.84126186371, 10.7668638229, 11.1903457642, 9.27770233154, 5.5444149971, 3.08703184128, 1.76739442348, 1.14613950253, 0.0927080288529, 0.00220132921822, 0.000142717020935, 2.56909224845e-05, 2.24041505135e-05]
    },
    "gfcc": {
        "mean": [7.08805704117, 82.687713623, -190.318054199, 27.4441280365, -73.453338623, 28.4503059387, -32.9102516174, 14.3591623306, -12.0112142563, -3.4544043541, -3.81845116615, -8.92793464661, 4.56494235992],
        "cov": [[1307.50341797, 233.666244507, 1177.21875, 638.543029785, 2.08319091797, 80.0326156616, -227.336334229, -106.866264343, -127.737792969, 110.938613892, 35.2731513977, 56.7308921814, -130.226806641], [233.666244507, 381.103637695, 381.085113525, 227.09715271, 123.918510437, 42.9756813049, 31.316783905, -38.2847671509, 13.8151187897, 12.1327886581, 45.122756958, 1.53907573223, -23.4723567963], [1177.21875, 381.085113525, 1749.83093262, 928.783569336, 37.329044342, 130.499908447, -304.178100586, -136.395050049, -160.647476196, 170.220840454, 57.3982772827, 89.285949707, -175.78894043], [638.543029785, 227.09715271, 928.783569336, 604.377441406, 72.3254852295, 48.6658706665, -168.425750732, -62.2888946533, -51.3494567871, 77.779548645, 32.7968978882, 41.7965164185, -84.9035339355], [2.08319091797, 123.918510437, 37.329044342, 72.3254852295, 156.565704346, 39.618019104, 35.34532547, 23.1455783844, 33.8043365479, 9.91608524323, 6.3637752533, 1.52728033066, 15.6712322235], [80.0326156616, 42.9756813049, 130.499908447, 48.6658706665, 39.618019104, 98.0549468994, 42.203956604, 2.68970179558, -5.75339174271, 19.4661197662, 13.8290023804, 1.26641404629, -12.385518074], [-227.336334229, 31.316783905, -304.178100586, -168.425750732, 35.34532547, 42.203956604, 192.250610352, 67.7732086182, 52.8644790649, -46.9210777283, 7.76483154297, -29.1676807404, 32.3985595703], [-106.866264343, -38.2847671509, -136.395050049, -62.2888946533, 23.1455783844, 2.68970179558, 67.7732086182, 93.7417068481, 55.8728523254, -11.3172254562, -9.71946620941, -2.44948410988, 22.7025108337], [-127.737792969, 13.8151187897, -160.647476196, -51.3494567871, 33.8043365479, -5.75339174271, 52.8644790649, 55.8728523254, 96.5553131104, 0.255582660437, 0.437297254801, -11.3019742966, 28.9562797546], [110.938613892, 12.1327886581, 170.220840454, 77.779548645, 9.91608524323, 19.4661197662, -46.9210777283, -11.3172254562, 0.255582660437, 88.1755752563, 29.7296657562, 22.4433479309, -10.7943487167], [35.2731513977, 45.122756958, 57.3982772827, 32.7968978882, 6.3637752533, 13.8290023804, 7.76483154297, -9.71946620941, 0.437297254801, 29.7296657562, 55.1727790833, 18.7799949646, 0.490090787411], [56.7308921814, 1.53907573223, 89.285949707, 41.7965164185, 1.52728033066, 1.26641404629, -29.1676807404, -2.44948410988, -11.3019742966, 22.4433479309, 18.7799949646, 50.008354187, 13.9052305222], [-130.226806641, -23.4723567963, -175.78894043, -84.9035339355, 15.6712322235, -12.385518074, 32.3985595703, 22.7025108337, 28.9562797546, -10.7943487167, 0.490090787411, 13.9052305222, 64.7903747559]],
        "icov": [[0.00203024013899, -0.000648444402032, -0.000358083634637, -0.00104807538446, 0.000959561322816, -0.000913775234949, 0.000753240659833, -0.000680825673044, 0.00106175488327, -0.000489662634209, 0.00043815857498, -0.000194797365111, 0.000438338058302], [-0.000648444402032, 0.0176307968795, -0.0130850272253, 0.00995810795575, -0.0156028112397, 0.0156714469194, -0.014532555826, 0.0172398127615, -0.014236189425, 0.00959677435458, -0.00993704237044, 0.00452953344211, -0.00230849161744], [-0.000358083634637, -0.0130850272253, 0.0169864539057, -0.0160688143224, 0.0140376938507, -0.0163197796792, 0.0111764287576, -0.013059489429, 0.0141913732514, -0.0108314538375, 0.00954845640808, -0.00723768863827, 0.00537647306919], [-0.00104807538446, 0.00995810795575, -0.0160688143224, 0.0211951937526, -0.014605303295, 0.0132603738457, -0.00511335488409, 0.00970465410501, -0.0138348266482, 0.0113596925512, -0.0105322292075, 0.00579910073429, -0.00218714028597], [0.000959561322816, -0.0156028112397, 0.0140376938507, -0.014605303295, 0.0242667999119, -0.0183135122061, 0.0111631704494, -0.0153037654236, 0.0118738980964, -0.0106324926019, 0.0109091065824, -0.00446379045025, -0.000568998628296], [-0.000913775234949, 0.0156714469194, -0.0163197796792, 0.0132603738457, -0.0183135122061, 0.0352587774396, -0.0230506453663, 0.0178933106363, -0.0118160424754, 0.00428516650572, -0.00709495367482, 0.00419143261388, -0.00148570828605], [0.000753240659833, -0.014532555826, 0.0111764287576, -0.00511335488409, 0.0111631704494, -0.0230506453663, 0.0310218892992, -0.023089831695, 0.0105374502018, 0.00142570899334, -0.00338378688321, 0.00412643468007, 1.18973848657e-05], [-0.000680825673044, 0.0172398127615, -0.013059489429, 0.00970465410501, -0.0153037654236, 0.0178933106363, -0.023089831695, 0.0394968874753, -0.0242758877575, 0.00706254597753, -0.000416433380451, -0.00457075145096, 3.84281861443e-07], [0.00106175488327, -0.014236189425, 0.0141913732514, -0.0138348266482, 0.0118738980964, -0.0118160424754, 0.0105374502018, -0.0242758877575, 0.0347773730755, -0.0143165457994, 0.0067023918964, 0.00300078233704, -0.00316560454667], [-0.000489662634209, 0.00959677435458, -0.0108314538375, 0.0113596925512, -0.0106324926019, 0.00428516650572, 0.00142570899334, 0.00706254597753, -0.0143165457994, 0.0288476068527, -0.0180516019464, 0.00236553349532, -0.000972543843091], [0.00043815857498, -0.00993704237044, 0.00954845640808, -0.0105322292075, 0.0109091065824, -0.00709495367482, -0.00338378688321, -0.000416433380451, 0.0067023918964, -0.0180516019464, 0.0385389514267, -0.0166968610138, 0.00451777502894], [-0.000194797365111, 0.00452953344211, -0.00723768863827, 0.00579910073429, -0.00446379045025, 0.00419143261388, 0.00412643468007, -0.00457075145096, 0.00300078233704, 0.00236553349532, -0.0166968610138, 0.0415676943958, -0.0191113241017], [0.000438338058302, -0.00230849161744, 0.00537647306919, -0.00218714028597, -0.000568998628296, -0.00148570828605, 1.18973848657e-05, 3.84281861443e-07, -0.00316560454667, -0.000972543843091, 0.00451777502894, -0.0191113241017, 0.0323681868613]]
    },
    "melbands": {
        "max": [0.0205579549074, 0.0179943069816, 0.0161123089492, 0.00784922484308, 0.00360825308599, 0.00314232311212, 0.00355166359805, 0.00619559781626, 0.00625693053007, 0.00671812193468, 0.0102620907128, 0.00518666906282, 0.00617111707106, 0.0030522828456, 0.0025869004894, 0.00334956427105, 0.00526297604665, 0.00144166010432, 0.00183934590314, 0.000873571960256, 0.00104176951572, 0.000392525776988, 0.000972146110144, 0.000534876715392, 0.000192733714357, 0.000205624484806, 0.000252398109296, 0.000171186271473, 7.20969255781e-05, 7.61305782362e-05, 6.54568793834e-05, 7.51299376134e-05, 7.72391067585e-05, 8.23171649245e-05, 5.68762297917e-05, 4.44158213213e-05, 3.50224363501e-05, 1.78992959263e-05, 2.2163214453e-05, 1.47029895743e-05],
        "mean": [0.00122481503058, 0.000678683281876, 0.00041109052836, 0.000338135345373, 0.000172944084625, 0.000159296425409, 0.00023751045228, 0.00020153108926, 0.000194834909053, 0.00032342603663, 0.000481187860714, 0.000367524946341, 0.000242655951297, 0.000190592982108, 0.000151452812133, 0.00015445468307, 0.000176073270268, 0.000128226733068, 9.87465973594e-05, 7.71677005105e-05, 7.21905744285e-05, 4.55808949482e-05, 4.12125118601e-05, 3.51452217728e-05, 2.10483867704e-05, 1.69936192833e-05, 1.19898240882e-05, 8.10660549178e-06, 6.35802416582e-06, 5.06216156282e-06, 4.39400719188e-06, 4.19553452957e-06, 4.16089915234e-06, 3.4693989619e-06, 2.63684478341e-06, 1.91651793102e-06, 1.4709290781e-06, 1.03875640889e-06, 8.28263580388e-07, 6.26501901024e-07],
        "min": [3.25261765965e-07, 3.34762660259e-07, 4.60715227746e-07, 5.21657796071e-07, 5.78056074119e-07, 9.1359538601e-07, 7.43156942917e-06, 6.63610762786e-06, 3.67611619367e-06, 1.64729783592e-06, 1.88009175872e-06, 2.90035018224e-06, 2.32615252571e-06, 2.89122408503e-06, 1.31906188017e-06, 2.15493264477e-06, 6.40420876152e-06, 2.80095287053e-06, 1.85213787063e-06, 1.95757797883e-06, 1.63064703429e-06, 1.66530833212e-06, 1.81883854111e-06, 2.46396393777e-06, 1.46239074184e-06, 6.73761462622e-07, 1.1020221109e-06, 9.08377671749e-07, 7.71279360379e-07, 5.37944060852e-07, 3.37093752023e-07, 2.41788740141e-07, 2.05151181376e-07, 1.21669060604e-07, 6.40599893131e-08, 3.85567382466e-08, 8.37631120021e-08, 4.82023310155e-08, 3.43651542778e-08, 1.6502683664e-08],
        "stdev": [0.00274338643067, 0.00150091003161, 0.00110049138311, 0.000830442120787, 0.00035935593769, 0.000351865543053, 0.000448700418929, 0.000412758032326, 0.000338671146892, 0.000421140022809, 0.000755632296205, 0.000491523474921, 0.000426407641498, 0.000239626737311, 0.000188851699932, 0.000238934968365, 0.000395556446165, 0.000160763767781, 0.000137729322887, 8.82292588358e-05, 9.4976843684e-05, 4.12329027313e-05, 5.16573309142e-05, 4.10891589127e-05, 1.82913336175e-05, 1.90575756278e-05, 1.68153637787e-05, 9.93068806565e-06, 7.49625542085e-06, 6.24515678282e-06, 6.06776393397e-06, 6.19464481133e-06, 6.37564744466e-06, 6.37581842966e-06, 5.67058805245e-06, 4.27617442256e-06, 3.2118866784e-06, 2.1410919544e-06, 1.92453217096e-06, 1.40568954521e-06]
    },
    "melbands128": {
        "max": [0.00339317088947, 0.0211928281933, 0.031598072499, 0.0182317886502, 0.0263024102896, 0.0201805233955, 0.0183624140918, 0.0230344813317, 0.0192862618715, 0.0122360857204, 0.00469970330596, 0.00409044045955, 0.00559274759144, 0.00232790852897, 0.00435981107876, 0.00644704001024, 0.00683302758262, 0.00596411386505, 0.0058879731223, 0.00618686294183, 0.0103439269587, 0.0122684305534, 0.00532043725252, 0.0163617674261, 0.0105277607217, 0.00786007940769, 0.00720835011452, 0.0204716678709, 0.00772178685293, 0.00834214687347, 0.00629110634327, 0.00891454238445, 0.00925500597805, 0.0158437900245, 0.00302495853975, 0.00662607327104, 0.00406944798306, 0.00163782131858, 0.00677981274202, 0.00984950643033, 0.00354091287591, 0.000873227603734, 0.00700195133686, 0.0133823659271, 0.00467987731099, 0.00163122126833, 0.00311607611366, 0.00286553381011, 0.00132057652809, 0.00191764777992, 0.00148983602412, 0.00308674806729, 0.00201628217474, 0.00175691931508, 0.000889068411198, 0.000505008851178, 0.000971567293163, 0.00252876314335, 0.00078882224625, 0.00111492618453, 0.000762877170928, 0.00045493937796, 0.000305916415527, 0.000227775031817, 0.000201753500733, 0.000240509150899, 0.000586169364396, 0.000573494005948, 0.000315501383739, 0.00018622148491, 0.000157944872626, 0.000216037951759, 0.000153648259584, 0.00012012780644, 6.5148647991e-05, 0.000188308549696, 5.07998302055e-05, 8.5728301201e-05, 0.000102133082692, 0.00010225494043, 9.00066443137e-05, 5.93197401031e-05, 9.00297018234e-05, 6.93574620527e-05, 0.000103286045487, 7.78903267928e-05, 0.000108676234959, 7.21877950127e-05, 6.64876715746e-05, 9.48191009229e-05, 6.22920706519e-05, 5.08817283844e-05, 4.12489025621e-05, 5.32820013177e-05, 2.92359818559e-05, 2.01737911993e-05, 2.22997950914e-05, 2.90740099445e-05, 3.29782706103e-05, 2.53087746387e-05, 2.1712439775e-05, 2.1365165594e-05, 1.80653878488e-05, 1.28057408801e-05, 1.98586276383e-05, 1.78468017111e-05, 5.67359893466e-06, 4.60086738485e-07, 1.0507105408e-08, 1.10388027608e-08, 1.14536682361e-08, 1.17845289083e-08, 1.19579395275e-08, 1.20254970426e-08, 1.20345511334e-08, 1.20029106654e-08, 1.19104042184e-08, 1.18243246305e-08, 1.17090275253e-08, 1.15725518057e-08, 1.14310942934e-08, 1.13003837399e-08, 1.12044684641e-08, 1.11146327697e-08, 1.09885993638e-08, 1.09236477641e-08, 1.08741176064e-08, 1.08360316275e-08],
        "mean": [0.000184919161256, 0.00124458386563, 0.00173698598519, 0.00107792264316, 0.000550729571842, 0.000407599436585, 0.000426013837568, 0.000350750487996, 0.000490184873343, 0.000399265321903, 0.000198584399186, 0.000176193658262, 0.000203901232453, 0.00011455744243, 0.00011344232189, 0.000220324742259, 0.000217731590965, 0.00024707702687, 0.000270408723736, 0.000171911189682, 0.00019721109129, 0.000186510558706, 0.000180363174877, 0.000215988111449, 0.000268801639322, 0.000366995111108, 0.000459842471173, 0.000568711780943, 0.000422646873631, 0.000365773390513, 0.00040121076745, 0.000257652951404, 0.000208656871109, 0.00027074769605, 0.000184037853614, 0.000182431569556, 0.000166533063748, 0.00012837065151, 0.00015065628395, 0.000199262445676, 0.000141849784995, 0.000114760325232, 0.000175435387064, 0.000234125254792, 0.000127220177092, 0.000111543449748, 0.000116865136079, 0.000112197922135, 8.30693679745e-05, 7.53816057113e-05, 7.15886635589e-05, 8.53986566653e-05, 8.06900425232e-05, 6.70456938678e-05, 5.37821979378e-05, 4.15720824094e-05, 3.97583426093e-05, 4.0837621782e-05, 4.12901899836e-05, 4.38777642557e-05, 3.584849037e-05, 2.89982472168e-05, 2.33069131355e-05, 1.93363648577e-05, 1.62480337167e-05, 1.62455471582e-05, 1.88904541574e-05, 1.41683813126e-05, 1.00429924714e-05, 9.4904735306e-06, 7.56532472224e-06, 8.19424803922e-06, 6.89574244461e-06, 6.18550211584e-06, 5.17231546837e-06, 5.91021307628e-06, 4.35922265751e-06, 4.4169278226e-06, 4.6842037591e-06, 3.93819664168e-06, 4.35528227172e-06, 4.0420309233e-06, 4.33386367149e-06, 4.3724085117e-06, 3.86233432437e-06, 3.63270487469e-06, 3.49912465936e-06, 2.82240694105e-06, 2.70078203357e-06, 2.42442570197e-06, 1.98155271391e-06, 1.79859978289e-06, 1.68830092662e-06, 1.65421511156e-06, 1.20672507364e-06, 1.00073259546e-06, 1.06433878955e-06, 9.83856466519e-07, 8.87613225586e-07, 7.0996696877e-07, 6.41636461296e-07, 6.37500590983e-07, 5.81370215968e-07, 5.19367858942e-07, 7.05911418208e-07, 6.81754102061e-07, 1.68222157981e-07, 9.62663460058e-09, 2.10714553445e-11, 1.90886004919e-11, 1.92369800645e-11, 1.75941726466e-11, 1.80405326095e-11, 1.99229313602e-11, 1.88963185377e-11, 1.83756083266e-11, 1.71807880422e-11, 1.56451657185e-11, 1.52531685199e-11, 1.5006268797e-11, 1.47635896564e-11, 1.45587084055e-11, 1.4391743873e-11, 1.42323193161e-11, 1.39983302727e-11, 1.37870695763e-11, 1.36520074759e-11, 1.35883587368e-11],
        "min": [1.387271098e-08, 9.42627735867e-08, 2.21641471398e-07, 4.36171561091e-08, 8.76141470485e-08, 5.50404699595e-08, 6.30495051723e-08, 1.3411087707e-07, 1.61862686809e-07, 2.58495646221e-07, 2.71546156227e-07, 1.09221737432e-07, 1.2262617588e-07, 4.03080775868e-07, 1.46173732674e-07, 1.53899719635e-07, 1.6331630377e-06, 1.13007604341e-06, 7.07283163592e-07, 1.85327212421e-06, 4.71422652026e-07, 2.28190629059e-06, 2.01209604711e-06, 4.68294274469e-07, 6.72678538649e-07, 5.42096017853e-07, 4.93301286042e-07, 5.03916623984e-07, 1.21008690712e-06, 1.19563662793e-06, 1.1442067489e-06, 1.63808817888e-06, 7.67407300373e-07, 8.7310689878e-07, 1.47753246438e-06, 3.80327605853e-07, 8.45767260671e-07, 3.91208914152e-07, 7.43252144275e-07, 1.04502464637e-06, 1.31017429794e-06, 1.0952564935e-06, 2.0416366624e-06, 2.11156771002e-06, 8.51493950904e-07, 8.92119771834e-07, 1.20965637507e-06, 1.02513820366e-06, 6.24946892458e-07, 7.06382991211e-07, 8.49263699365e-07, 4.29643876032e-07, 6.61097999455e-07, 8.53475398799e-07, 7.07398555733e-07, 3.11123130814e-07, 4.38780318746e-07, 5.8673492731e-07, 8.01229589342e-07, 9.39691403801e-07, 5.77770322252e-07, 9.98799350782e-07, 8.64362277753e-07, 8.42686631586e-07, 4.88570663038e-07, 5.03137130181e-07, 5.00032967921e-07, 7.09350899797e-07, 4.85443820253e-07, 5.71057171328e-07, 2.83569391968e-07, 6.06527521541e-07, 4.02959358325e-07, 3.98528015921e-07, 3.3247172837e-07, 3.65334102526e-07, 2.35927927861e-07, 1.87200583923e-07, 2.16313608803e-07, 2.29720910738e-07, 1.86712554751e-07, 1.39974758895e-07, 1.54562940224e-07, 2.09264428008e-07, 1.64648270129e-07, 7.95954377963e-08, 1.14343421842e-07, 7.72175638986e-08, 5.836941952e-08, 4.31060627193e-08, 2.71512465844e-08, 1.44601308705e-08, 5.80342600642e-08, 5.10910815876e-08, 2.97801143745e-08, 3.64791006291e-08, 3.78450089045e-08, 2.00579304277e-08, 1.079500489e-08, 2.02527452586e-08, 1.65417173292e-08, 1.3166498114e-08, 2.11958024465e-08, 1.54927057849e-08, 7.63135332704e-09, 9.65661772767e-09, 1.4942828086e-09, 4.80637968661e-12, 1.85305967077e-13, 1.18778074941e-13, 1.16481341716e-13, 1.53686565969e-13, 1.67900686843e-13, 1.49875337835e-13, 1.37112692619e-13, 1.39250644435e-13, 1.12475316333e-13, 1.44093368964e-13, 1.42639968847e-13, 1.33503410692e-13, 1.3350870973e-13, 1.35504075408e-13, 1.21660656809e-13, 1.13013710803e-13, 1.10287708057e-13, 3.49840531435e-14, 4.09384025364e-15, 1.82377694663e-16],
        "stdev": [0.000446140678832, 0.00323469168507, 0.00397594412789, 0.00237967027351, 0.00158839928918, 0.00132122274954, 0.00129732559435, 0.00120947184041, 0.0015479439171, 0.00108791794628, 0.000532407604624, 0.00042529401253, 0.000491451646667, 0.000232476464589, 0.000263119727606, 0.000625967863016, 0.000587138580158, 0.000530097109731, 0.00064596591983, 0.000441162876086, 0.000616072153207, 0.000554842175916, 0.000350196205545, 0.000577514234465, 0.00054225733038, 0.000534083286766, 0.00064458430279, 0.00132079678588, 0.000692347064614, 0.000597013626248, 0.000728398794308, 0.000472347805044, 0.000451581989182, 0.000924632535316, 0.000253829290159, 0.000317352416459, 0.000229600569583, 0.000155239991727, 0.000353987677954, 0.000550560595002, 0.000212729122723, 0.000121746481454, 0.000396789750084, 0.000840062391944, 0.000247212796239, 0.000154816239956, 0.000230930570979, 0.000221534122829, 0.000111908950203, 0.000114116599434, 9.63099882938e-05, 0.000199824789888, 0.000167594145751, 0.000109176129627, 7.0244561357e-05, 4.94739942951e-05, 5.80917585467e-05, 9.7346601251e-05, 6.30495487712e-05, 7.77619061409e-05, 5.97685502726e-05, 4.36927002738e-05, 2.75318434433e-05, 2.12494451262e-05, 1.92153802345e-05, 2.28068802244e-05, 3.78878939955e-05, 3.11668663926e-05, 1.72293712239e-05, 1.4273634406e-05, 1.03037391455e-05, 1.42413064168e-05, 1.15980074042e-05, 9.66283096204e-06, 6.29226769888e-06, 1.07716086859e-05, 5.33825505045e-06, 6.18410513198e-06, 7.6553233157e-06, 5.96328936808e-06, 7.61343790145e-06, 6.16126544628e-06, 7.57400175644e-06, 6.92994990459e-06, 6.98665053278e-06, 6.99947668181e-06, 7.60318107496e-06, 5.75806461711e-06, 6.39363588562e-06, 6.23427149549e-06, 4.83345002067e-06, 4.32035358244e-06, 3.80637243325e-06, 4.2800643314e-06, 2.53300686381e-06, 2.0262336875e-06, 2.38505413108e-06, 2.33104606195e-06, 2.32861998484e-06, 1.73160185568e-06, 1.57563181347e-06, 1.59317710313e-06, 1.33757293952e-06, 1.14681756713e-06, 1.79784160537e-06, 1.90148364254e-06, 4.81256449802e-07, 3.30416938255e-08, 3.23398113844e-10, 3.46230349946e-10, 3.58785640087e-10, 3.59764495972e-10, 3.65984104134e-10, 3.79991538235e-10, 3.71968733592e-10, 3.69041075476e-10, 3.64733326874e-10, 3.59782176274e-10, 3.56239565624e-10, 3.52086443334e-10, 3.4778346869e-10, 3.43805012237e-10, 3.40887040817e-10, 3.3815461542e-10, 3.3432023816e-10, 3.32347815934e-10, 3.30843102914e-10, 3.29684779476e-10]
    },
    "mfcc": {
        "mean": [-603.657409668, 96.4450302124, -48.5230369568, -4.05147409439, -11.734703064, 2.94686841965, -2.76985573769, 9.06664276123, 3.61055350304, 4.81798124313, 3.54345035553, -0.0897814109921, -0.115309745073],
        "cov": [[804.137756348, -4.22717761993, 699.178222656, 337.781707764, 198.321365356, 112.572219849, 1.57925379276, -59.1262435913, -115.646598816, -35.9133338928, 0.747080087662, 33.6783866882, 26.8787784576], [-4.22717761993, 272.900787354, 65.2590332031, 78.9584503174, 51.8456382751, 70.9750213623, 53.2399749756, 34.9426498413, 10.5165500641, 16.3554363251, 23.3006210327, 12.3463811874, 14.8253307343], [699.178222656, 65.2590332031, 1638.46691895, 752.147460938, 457.38470459, 278.960083008, 23.5858154297, -122.542495728, -241.847167969, -70.1145019531, 19.6701164246, 90.2897109985, 66.1225967407], [337.781707764, 78.9584503174, 752.147460938, 495.11138916, 296.296386719, 134.457275391, -2.54216790199, -46.5621681213, -96.1806259155, -22.3899593353, -1.34269523621, 52.2245292664, 52.8126678467], [198.321365356, 51.8456382751, 457.38470459, 296.296386719, 256.539123535, 105.799339294, -4.40219068527, -36.3917617798, -44.7039794922, -12.4678344727, -2.57593870163, 37.1422653198, 34.6431503296], [112.572219849, 70.9750213623, 278.960083008, 134.457275391, 105.799339294, 126.196121216, 43.7298126221, -13.9847278595, -36.5100898743, -0.225951418281, 15.356139183, 14.0021333694, 16.8606586456], [1.57925379276, 53.2399749756, 23.5858154297, -2.54216790199, -4.40219068527, 43.7298126221, 92.4965515137, 39.5206871033, 6.90236091614, 11.9244651794, 21.1754703522, -2.29168462753, 0.111251503229], [-59.1262435913, 34.9426498413, -122.542495728, -46.5621681213, -36.3917617798, -13.9847278595, 39.5206871033, 98.8515930176, 58.7963027954, 21.6018791199, 17.6303024292, -8.82002830505, -15.1141500473], [-115.646598816, 10.5165500641, -241.847167969, -96.1806259155, -44.7039794922, -36.5100898743, 6.90236091614, 58.7963027954, 113.100311279, 40.4803619385, 10.1836938858, -3.16214776039, -13.8614349365], [-35.9133338928, 16.3554363251, -70.1145019531, -22.3899593353, -12.4678344727, -0.225951418281, 11.9244651794, 21.6018791199, 40.4803619385, 58.4016456604, 25.5512142181, 2.98810887337, -0.353633642197], [0.747080087662, 23.3006210327, 19.6701164246, -1.34269523621, -2.57593870163, 15.356139183, 21.1754703522, 17.6303024292, 10.1836938858, 25.5512142181, 56.9464950562, 17.1680011749, -5.49843788147], [33.6783866882, 12.3463811874, 90.2897109985, 52.2245292664, 37.1422653198, 14.0021333694, -2.29168462753, -8.82002830505, -3.16214776039, 2.98810887337, 17.1680011749, 49.9594268799, 21.5783672333], [26.8787784576, 14.8253307343, 66.1225967407, 52.8126678467, 34.6431503296, 16.8606586456, 0.111251503229, -15.1141500473, -13.8614349365, -0.353633642197, -5.49843788147, 21.5783672333, 51.325378418]],
        "icov": [[0.00201759440824, 0.00029738098965, -0.000654677045532, -0.000430719082942, 9.62448611972e-05, -8.20465138531e-05, -1.76638586709e-05, -5.51145567442e-05, 0.00032707102946, -1.55087400344e-06, 5.08281445946e-05, 7.90923295426e-05, 0.000150435051182], [0.00029738098965, 0.00519939884543, 0.000912283081561, -0.0018789289752, 0.000515064166393, -0.00320289027877, -0.00105539162178, -0.00125574623235, -4.26337610406e-05, 0.000307237176457, -0.000865681213327, -0.000442181306425, -0.000478724221466], [-0.000654677045532, 0.000912283081561, 0.00349625735544, -0.00379663286731, 0.000104994382127, -0.00270423013717, -0.000463371485239, 0.000300658459309, 0.00244918232784, 0.000932161696255, -0.00103924574796, -0.00167914468329, 0.00165126938373], [-0.000430719082942, -0.0018789289752, -0.00379663286731, 0.0130277127028, -0.00849825330079, 0.00296467356384, 0.00163751351647, -0.00310695753433, 0.00223983032629, -0.00279886089265, 0.00215611187741, -0.000107007537736, -0.00304043735377], [9.62448611972e-05, 0.000515064166393, 0.000104994382127, -0.00849825330079, 0.0160942226648, -0.00702688377351, 0.00242317467928, 0.00211060070433, -0.00493714958429, 0.00189773750026, 0.00122943427414, -0.00189291790593, 7.88080360508e-05], [-8.20465138531e-05, -0.00320289027877, -0.00270423013717, 0.00296467356384, -0.00702688377351, 0.022434335202, -0.00913848821074, 0.00378385395743, 0.000819726323243, -0.00196529668756, -0.00228548399173, 0.00345856929198, -0.00158244371414], [-1.76638586709e-05, -0.00105539162178, -0.000463371485239, 0.00163751351647, 0.00242317467928, -0.00913848821074, 0.0203086584806, -0.00881595537066, 0.00194139848463, -0.000390667904867, -0.00251428689808, 0.00161163555458, -0.00247285142541], [-5.51145567442e-05, -0.00125574623235, 0.000300658459309, -0.00310695753433, 0.00211060070433, 0.00378385395743, -0.00881595537066, 0.0214411970228, -0.0108453640714, 0.00302099762484, -0.00422615744174, 0.00351188867353, 0.00202926341444], [0.00032707102946, -4.26337610406e-05, 0.00244918232784, 0.00223983032629, -0.00493714958429, 0.000819726323243, 0.00194139848463, -0.0108453640714, 0.0243352260441, -0.0120316259563, 0.00478845788166, -0.0064605101943, 0.0039646779187], [-1.55087400344e-06, 0.000307237176457, 0.000932161696255, -0.00279886089265, 0.00189773750026, -0.00196529668756, -0.000390667904867, 0.00302099762484, -0.0120316259563, 0.0307973083109, -0.0144429970533, 0.00533212674782, -0.0049799173139], [5.08281445946e-05, -0.000865681213327, -0.00103924574796, 0.00215611187741, 0.00122943427414, -0.00228548399173, -0.00251428689808, -0.00422615744174, 0.00478845788166, -0.0144429970533, 0.0323160514235, -0.0151844555512, 0.00906519498676], [7.90923295426e-05, -0.000442181306425, -0.00167914468329, -0.000107007537736, -0.00189291790593, 0.00345856929198, 0.00161163555458, 0.00351188867353, -0.0064605101943, 0.00533212674782, -0.0151844555512, 0.0351358577609, -0.0145748257637], [0.000150435051182, -0.000478724221466, 0.00165126938373, -0.00304043735377, 7.88080360508e-05, -0.00158244371414, -0.00247285142541, 0.00202926341444, 0.0039646779187, -0.0049799173139, 0.00906519498676, -0.0145748257637, 0.0297489892691]]
    },
    "spectral_contrast_coeffs": {
        "max": [-0.529901206493, -0.561658382416, -0.550890743732, -0.590329766273, -0.675344049931, -0.666029930115],
        "mean": [-0.771699130535, -0.783475577831, -0.776114106178, -0.802424430847, -0.783960521221, -0.747106075287],
        "min": [-0.927386343479, -0.920258581638, -0.903855025768, -0.880655646324, -0.863629281521, -0.823671877384],
        "stdev": [0.0588587932289, 0.0631533116102, 0.053608648479, 0.0487670600414, 0.0287628173828, 0.0215550232679]
    },
    "spectral_contrast_valleys": {
        "max": [-4.96472787857, -4.99522781372, -4.92028856277, -5.41580343246, -5.90337896347, -7.89023017883],
        "mean": [-7.49862670898, -6.37673568726, -6.2615571022, -6.46387386322, -6.85984706879, -9.83217144012],
        "min": [-9.67056846619, -7.68385648727, -8.0694103241, -8.10504150391, -7.80615568161, -10.8301544189],
        "stdev": [1.07197022438, 0.371465057135, 0.614122748375, 0.517055213451, 0.267987340689, 0.568615794182]
    }
},
"rhythm": {
    "beats_count": 69,
    "beats_loudness": {
        "max": 0.0795835703611,
        "mean": 0.0313188247383,
        "min": 0.00799864064902,
        "stdev": 0.0189694296569
    },
    "bpm": 139.674835205,
    "bpm_histogram_first_peak_bpm": 140,
    "bpm_histogram_first_peak_weight": 0,
    "bpm_histogram_second_peak_bpm": 172,
    "bpm_histogram_second_peak_spread": 0,
    "bpm_histogram_second_peak_weight": 0.205882355571,
    "danceability": 1.05335903168,
    "onset_rate": 2.27611041069,
    "beats_loudness_band_ratio": {
        "max": [0.812781393528, 0.509847998619, 0.609023988247, 0.622053802013, 0.578603088856, 0.223846286535],
        "mean": [0.194304034114, 0.074921451509, 0.194845855236, 0.339132487774, 0.198950111866, 0.050839792937],
        "min": [0.00110126798972, 0.0026257277932, 0.0156056117266, 0.0201696828008, 0.0123749477789, 0.01096996665],
        "stdev": [0.26284134388, 0.110216908157, 0.109831489623, 0.196280285716, 0.124604158103, 0.0345251373947]
    },
    "beats_position": [0.325079351664, 0.650158703327, 0.975238084793, 1.28870749474, 1.60217678547, 1.92725622654, 2.2523355484, 2.56580495834, 2.87927436829, 3.20435357094, 3.51782298088, 3.84290242195, 4.15637159348, 4.48145103455, 4.79492044449, 5.10838985443, 5.4334692955, 5.74693870544, 6.06040811539, 6.38548755646, 6.71056699753, 7.03564596176, 7.36072540283, 7.6858048439, 8.0224943161, 8.35918331146, 8.68426322937, 9.07900238037, 9.47374153137, 9.86848068237, 10.2632198334, 10.6927890778, 11.1223583221, 11.5519275665, 11.9814968109, 12.4110651016, 12.840634346, 13.2702035904, 13.6997728348, 14.1293420792, 14.5589113235, 14.9884805679, 15.4180498123, 15.8476190567, 16.2771873474, 16.6254863739, 16.9737873077, 17.3104763031, 17.6587753296, 17.995464325, 18.3321533203, 18.6688423157, 19.0055332184, 19.3422222137, 19.6905212402, 20.0388202667, 20.3871192932, 20.7238082886, 21.0604991913, 21.4087982178, 21.7454872131, 22.0821762085, 22.430475235, 22.7787742615, 23.1270751953, 23.4753742218, 23.8236732483, 24.1719722748, 24.5202713013],
