{
"metadata": {
    "version": {
        "essentia": "2.1-beta5",
        "essentia_git_sha": "Undefined",
        "extractor": "music 2.0"
    },
    "audio_properties": {
        "analysis": {
            "equal_loudness": 0,
            "length": 12.7477550507,
            "sample_rate": 44100,
            "start_time": 0,
            "downmix": "mix"
        },
        "bit_rate": 192000,
        "length": 246.015441895,
        "lossless": 0,
        "number_channels": 2,
        "replay_gain": -12.0491256714,
        "sample_rate": 48000,
        "codec": "mp3",
        "md5_encoded": "13f03a8d6fce094b24f5e3a4390e7cd2"
    },
    "tags": {
        "file_name": "Latvia_My Star_BrainStorm.mp3",
        "encoding": ["Lavf58.29.100"]
    }
},
"lowlevel": {
    "average_loudness": 0.934570789337,
    "barkbands_crest": {
        "max": 25.7655200958,
        "mean": 11.5182323456,
        "min": 3.20408415794,
        "stdev": 4.84530448914
    },
    "barkbands_flatness_db": {
        "max": 0.342673331499,
        "mean": 0.16576436162,
        "min": 0.0512039102614,
        "stdev": 0.0451308339834
    },
    "barkbands_kurtosis": {
        "max": 68.0823974609,
        "mean": 3.57319569588,
        "min": -1.87231230736,
        "stdev": 6.1484131813
    },
    "barkbands_skewness": {
        "max": 7.66727113724,
        "mean": 1.33049714565,
        "min": -3.87813639641,
        "stdev": 1.32386112213
    },
    "barkbands_spread": {
        "max": 61.4460411072,
        "mean": 17.0199069977,
        "min": 1.40802836418,
        "stdev": 10.2101793289
    },
    "dissonance": {
        "max": 0.499949842691,
        "mean": 0.461853921413,
        "min": 0.321186482906,
        "stdev": 0.0314517393708
    },
    "dynamic_complexity": 2.82267928123,
    "erbbands_crest": {
        "max": 26.1094074249,
        "mean": 11.8185472488,
        "min": 3.37283658981,
        "stdev": 4.97002363205
    },
    "erbbands_flatness_db": {
        "max": 0.38799726963,
        "mean": 0.228394523263,
        "min": 0.0961982235312,
        "stdev": 0.0437240861356
    },
    "erbbands_kurtosis": {
        "max": 33.2657165527,
        "mean": 0.963224649429,
        "min": -1.85985648632,
        "stdev": 3.30562090874
    },
    "erbbands_skewness": {
        "max": 5.28241682053,
        "mean": 0.69486361742,
        "min": -3.7739303112,
        "stdev": 1.07452130318
    },
    "erbbands_spread": {
        "max": 88.5187225342,
        "mean": 30.8934879303,
        "min": 3.75849485397,
        "stdev": 15.4701337814
    },
    "hfc": {
        "max": 156.422088623,
        "mean": 24.6814861298,
        "min": 1.18655710444e-16,
        "stdev": 22.2036819458
    },
    "loudness_ebu128": {
        "integrated": -12.2470626831,
        "loudness_range": 2.7583322525,
        "momentary": {
            "max": -8.82856178284,
            "mean": -12.7911224365,
            "min": -18.7262611389,
            "stdev": 2.31050515175
        },
        "short_term": {
            "max": -10.5658912659,
            "mean": -12.116853714,
            "min": -13.51334095,
            "stdev": 0.923710823059
        }
    },
    "melbands_crest": {
        "max": 30.78698349,
        "mean": 13.9460783005,
        "min": 2.53245711327,
        "stdev": 5.51619958878
    },
    "melbands_flatness_db": {
        "max": 0.345259219408,
        "mean": 0.171545118093,
        "min": 0.00563156604767,
        "stdev": 0.0589898377657
    },
    "melbands_kurtosis": {
        "max": 115.990272522,
        "mean": 9.46482563019,
        "min": -1.75094926357,
        "stdev": 12.9843902588
    },
    "melbands_skewness": {
        "max": 8.41839408875,
        "mean": 2.14008259773,
        "min": -1.58690547943,
        "stdev": 1.42915797234
    },
    "melbands_spread": {
        "max": 175.471588135,
        "mean": 27.9286441803,
        "min": 1.46936404705,
        "stdev": 29.6868915558
    },
    "pitch_salience": {
        "max": 0.899056375027,
        "mean": 0.605308651924,
        "min": 0.116398766637,
        "stdev": 0.129871144891
    },
    "silence_rate_20dB": {
        "max": 1,
        "mean": 1,
        "min": 1,
        "stdev": 0
    },
    "silence_rate_30dB": {
        "max": 1,
        "mean": 1,
        "min": 1,
        "stdev": 0
    },
    "silence_rate_60dB": {
        "max": 1,
        "mean": 0.0381818190217,
        "min": 0,
        "stdev": 0.191635400057
    },
    "spectral_centroid": {
        "max": 9928.40625,
        "mean": 1680.19018555,
        "min": 464.435546875,
        "stdev": 921.626159668
    },
    "spectral_complexity": {
        "max": 42,
        "mean": 18.1890907288,
        "min": 0,
        "stdev": 7.58471345901
    },
    "spectral_decrease": {
        "max": -1.97090477202e-29,
        "mean": -5.23557330823e-09,
        "min": -2.78385741126e-08,
        "stdev": 4.12843759179e-09
    },
    "spectral_energy": {
        "max": 0.113077506423,
        "mean": 0.0219989381731,
        "min": 1.08368067711e-20,
        "stdev": 0.0164956636727
    },
    "spectral_energyband_high": {
        "max": 0.0219606067985,
        "mean": 0.00131023966242,
        "min": 7.78094551781e-21,
        "stdev": 0.00318507524207
    },
    "spectral_energyband_low": {
        "max": 0.00539331510663,
        "mean": 0.000311469950248,
        "min": 7.60377472962e-23,
        "stdev": 0.000556590384804
    },
    "spectral_energyband_middle_high": {
        "max": 0.0244245510548,
        "mean": 0.0042020524852,
        "min": 1.57763244828e-21,
        "stdev": 0.00330344657414
    },
    "spectral_energyband_middle_low": {
        "max": 0.1100121364,
        "mean": 0.0167423766106,
        "min": 4.01330751477e-22,
        "stdev": 0.0154365003109
    },
    "spectral_entropy": {
        "max": 9.80369091034,
        "mean": 7.58964300156,
        "min": 6.46887207031,
        "stdev": 0.373621791601
    },
    "spectral_flux": {
        "max": 0.231676161289,
        "mean": 0.0848867744207,
        "min": 1.04099985576e-10,
        "stdev": 0.0354979895055
    },
    "spectral_kurtosis": {
        "max": 15.4387531281,
        "mean": 3.74832606316,
        "min": -1.2585477829,
        "stdev": 2.74892687798
    },
    "spectral_rms": {
        "max": 0.0105033097789,
        "mean": 0.0043005165644,
        "min": 3.25153727727e-12,
        "stdev": 0.00172278203536
    },
    "spectral_rolloff": {
        "max": 18690.8203125,
        "mean": 2195.01757812,
        "min": 279.931640625,
        "stdev": 1915.36853027
    },
    "spectral_skewness": {
        "max": 2.81273818016,
        "mean": 1.24165832996,
        "min": -0.462208658457,
        "stdev": 0.546384751797
    },
    "spectral_spread": {
        "max": 42138596,
        "mean": 3840930.25,
        "min": 1990073.25,
        "stdev": 1939538.375
    },
    "spectral_strongpeak": {
        "max": 12.0019702911,
        "mean": 1.874609828,
        "min": 5.96000981901e-09,
        "stdev": 1.51798272133
    },
    "zerocrossingrate": {
        "max": 0.50048828125,
        "mean": 0.077568359673,
        "min": 0.0205078125,
        "stdev": 0.0515894182026
    },
    "barkbands": {
        "max": [0.000131535663968, 0.000560489133932, 0.00403265515342, 0.00782833620906, 0.0414695031941, 0.0582969784737, 0.0511774122715, 0.0393845438957, 0.106548547745, 0.0197109356523, 0.00558329839259, 0.00607385765761, 0.00459129177034, 0.00276053952985, 0.00551386829466, 0.00302184163593, 0.00886791478842, 0.00622372236103, 0.00510738277808, 0.00374711607583, 0.00695613631979, 0.00903921574354, 0.00821283552796, 0.00617670454085, 0.000143941899296, 4.44185679953e-05, 6.23298035407e-07],
        "mean": [1.67502403201e-05, 5.19727618666e-05, 0.000141169482959, 0.000295593345072, 0.00262171495706, 0.00172547122929, 0.00130863895174, 0.00315084052272, 0.00615055952221, 0.00204918067902, 0.000217921173316, 0.000328472378897, 0.000264905014774, 0.00030185066862, 0.000357952725608, 0.000289434101433, 0.000394285365473, 0.00054273189744, 0.00035622852738, 0.000233460799791, 0.000291236996418, 0.000355608819518, 0.000360713136615, 0.000181870418601, 8.80195693753e-06, 1.58652846949e-06, 3.9030823018e-09],
        "min": [2.6812902541e-23, 2.1842472993e-23, 2.13781778631e-23, 3.4736925137e-23, 4.2734374906e-23, 2.97927835897e-23, 6.4536887361e-23, 1.24029583524e-22, 8.6206580883e-23, 5.0755111849e-23, 3.21437089942e-23, 1.34409680372e-22, 1.19373095372e-22, 8.49614491411e-23, 1.52903192698e-22, 2.18570183259e-22, 2.69945904604e-22, 1.63062383249e-22, 2.03633979232e-22, 2.41961461577e-22, 4.87792001904e-22, 7.18723168542e-22, 4.60575366662e-22, 8.69130241252e-22, 1.20057652458e-21, 1.87329266879e-21, 2.37455180115e-21],
        "stdev": [2.08756864595e-05, 5.36189982085e-05, 0.000319481565384, 0.00071651104372, 0.00547056179494, 0.0042572086677, 0.00395099399611, 0.00542819499969, 0.0104246539995, 0.00295249419287, 0.000444530829554, 0.000679477117956, 0.000399597192882, 0.000375465897378, 0.000483231851831, 0.000397294003051, 0.000703919562511, 0.000825089868158, 0.000611007446423, 0.000379836390493, 0.000702142308, 0.00107250735164, 0.00111564295366, 0.000600115861744, 1.30670459839e-05, 3.13552595799e-06, 3.49245539155e-08]
    },
    "erbbands": {
        "max": [0.013174762018, 0.177386626601, 2.71129441261, 14.0512628555, 75.1340179443, 232.031082153, 361.288024902, 563.362304688, 474.257415771, 662.878723145, 1018.80444336, 1547.36950684, 2277.85839844, 259.861816406, 182.057861328, 254.232040405, 186.648254395, 161.070007324, 157.231826782, 233.386642456, 176.788253784, 421.361450195, 308.63180542, 364.53515625, 295.892456055, 246.198654175, 168.541763306, 306.755737305, 381.292907715, 209.875823975, 257.675872803, 247.393798828, 35.6770553589, 2.17691731453, 1.3001190424, 0.38896137476, 0.0261432435364, 0.00317545025609, 0.000145185505971, 0.000132495057187],
        "mean": [0.00105091603473, 0.0154338469729, 0.13416621089, 0.646476924419, 4.59272909164, 9.53577804565, 13.8476800919, 12.303896904, 17.8540439606, 34.428062439, 71.9086685181, 118.462585449, 144.736755371, 21.6648292542, 10.0801868439, 13.3963451385, 12.1665706635, 15.3570594788, 17.1832923889, 17.2820186615, 16.7910614014, 23.2184123993, 30.9154968262, 19.8949317932, 16.9674434662, 11.2906761169, 9.2902173996, 13.4770545959, 13.7634859085, 9.32899665833, 10.5740337372, 7.35191297531, 1.22187101841, 0.153799787164, 0.0547887384892, 0.0144982645288, 0.0015939733712, 7.06354330759e-05, 1.97134831978e-05, 2.91583146463e-05],
        "min": [5.24029368882e-22, 5.55565882171e-21, 1.58345488295e-20, 9.69324104496e-20, 6.65897065964e-20, 2.07730461767e-19, 1.95035966475e-19, 3.01663153423e-19, 4.42969176695e-19, 1.6036277566e-18, 3.36213040044e-18, 1.93725327229e-18, 1.66534887198e-18, 1.49047503227e-18, 1.23877606938e-18, 5.87911093028e-18, 6.47358454342e-18, 4.81389586158e-18, 5.51520646827e-18, 1.00681181612e-17, 1.28831213192e-17, 1.59566531602e-17, 9.53846366163e-18, 9.79783689604e-18, 1.42522441993e-17, 9.68379681371e-18, 1.53367524286e-17, 2.32012564749e-17, 2.12036301848e-17, 1.97144536193e-17, 1.29332153771e-17, 1.65476389663e-17, 1.59710676096e-17, 1.26009633948e-17, 8.77039999309e-18, 6.28448857385e-18, 3.06209213993e-18, 1.70204777383e-18, 3.00192891583e-19, 3.35688633385e-20],
        "stdev": [0.00110338779632, 0.0171570945531, 0.239036008716, 1.34428369999, 8.92520523071, 25.1598072052, 32.2881088257, 33.1792182922, 52.0354652405, 68.8255462646, 113.354110718, 190.044921875, 223.884384155, 30.016368866, 18.256280899, 26.3944149017, 17.359380722, 18.911075592, 20.5075931549, 22.3965969086, 23.0194702148, 36.3250350952, 43.2487335205, 36.8751068115, 27.9640426636, 19.5720424652, 18.6453475952, 36.1306838989, 42.563369751, 26.9488449097, 32.800491333, 24.941986084, 3.47636389732, 0.250173270702, 0.0936168804765, 0.0278520081192, 0.00299476832151, 0.000176385859959, 1.92584448087e-05, 2.0811046852e-05]
    },
    "gfcc": {
        "mean": [-32.3264541626, 81.6928405762, -172.566711426, 27.4599227905, -94.4188156128, 2.56762576103, -37.2173652649, 10.3233289719, -10.0953931808, -13.2342290878, -16.0158596039, -14.7261323929, -6.27771234512],
        "cov": [[4329.01367188, 304.779876709, 19.1486873627, 195.420608521, -429.828094482, -205.099441528, -300.931793213, -143.200134277, -163.165298462, -124.055358887, -52.9753608704, -95.5094299316, -90.8726196289], [304.779876709, 1016.74884033, 117.207084656, -119.347267151, 110.08821106, -415.936309814, -187.186767578, -124.158950806, -204.588348389, -193.18270874, 54.5167884827, -77.6251144409, -33.3361625671], [19.1486873627, 117.207084656, 732.635681152, 310.791229248, -125.3021698, -126.398666382, -206.029876709, -274.158966064, -204.326660156, -74.2766418457, 20.8861980438, 27.2042198181, -80.3866271973], [195.420608521, -119.347267151, 310.791229248, 510.033355713, -119.050559998, -24.042137146, -69.8764953613, -199.612380981, -53.8237800598, -70.3210296631, 39.8116722107, -13.8535137177, -20.7005729675], [-429.828094482, 110.08821106, -125.3021698, -119.050559998, 282.381835938, -9.9169178009, -47.8913841248, 59.9119720459, -84.8681411743, 38.7564506531, -26.079126358, 48.2215156555, 24.7578239441], [-205.099441528, -415.936309814, -126.398666382, -24.042137146, -9.9169178009, 361.412261963, 137.301956177, 57.1542434692, 121.059310913, 83.7151107788, -27.8095283508, 31.4393100739, 26.879114151], [-300.931793213, -187.186767578, -206.029876709, -69.8764953613, -47.8913841248, 137.301956177, 281.866607666, 135.337097168, 139.977722168, -16.3655643463, 4.71742343903, -23.140127182, 32.4780158997], [-143.200134277, -124.158950806, -274.158966064, -199.612380981, 59.9119720459, 57.1542434692, 135.337097168, 235.519485474, 95.7463912964, 51.4464111328, -18.1603240967, 3.72792434692, 14.3047485352], [-163.165298462, -204.588348389, -204.326660156, -53.8237800598, -84.8681411743, 121.059310913, 139.977722168, 95.7463912964, 315.826660156, 37.9939842224, -16.0257320404, -50.3883705139, 33.7604866028], [-124.055358887, -193.18270874, -74.2766418457, -70.3210296631, 38.7564506531, 83.7151107788, -16.3655643463, 51.4464111328, 37.9939842224, 187.137466431, 8.25175094604, 31.8538722992, -0.623821556568], [-52.9753608704, 54.5167884827, 20.8861980438, 39.8116722107, -26.079126358, -27.8095283508, 4.71742343903, -18.1603240967, -16.0257320404, 8.25175094604, 131.843322754, 8.02907180786, -38.6724624634], [-95.5094299316, -77.6251144409, 27.2042198181, -13.8535137177, 48.2215156555, 31.4393100739, -23.140127182, 3.72792434692, -50.3883705139, 31.8538722992, 8.02907180786, 96.6682357788, 3.02341604233], [-90.8726196289, -33.3361625671, -80.3866271973, -20.7005729675, 24.7578239441, 26.879114151, 32.4780158997, 14.3047485352, 33.7604866028, -0.623821556568, -38.6724624634, 3.02341604233, 74.3726882935]],
        "icov": [[0.000518020766322, -0.000434420333477, 0.000781407929026, -0.000459065748146, 0.0016658162931, -0.000395398179535, 0.00103611883242, -0.000548483454622, 0.000659494195133, -1.16399151011e-05, 0.000786489923485, -0.000289839779725, 0.000517721229699], [-0.000434420333477, 0.00458115944639, -0.000698018062394, 0.0029561270494, -0.00341146974824, 0.00330986711197, -0.000251864345046, 0.0031755915843, -0.000166846963111, 0.00318326707929, -0.00297252601013, 0.00344039523043, -0.000553511839826], [0.000781407929026, -0.000698018062394, 0.00480730831623, -0.00152673001867, 0.0037822178565, -0.000174940534635, 0.00181216048077, 0.00165782438125, 0.00198710500263, -1.81028008228e-05, 0.00261935428716, -0.00211013504304, 0.00365256215446], [-0.000459065748146, 0.0029561270494, -0.00152673001867, 0.0053378585726, -0.00232189148664, 0.00178617076017, -0.000761254399549, 0.00410396652296, -0.000532695790753, 0.00243485975079, -0.00296606100164, 0.00255286693573, -0.00111372442916], [0.0016658162931, -0.00341146974824, 0.0037822178565, -0.00232189148664, 0.0122848749161, -0.00292097590864, 0.00480136508122, -0.00444978289306, 0.00411538919434, -0.0017214093823, 0.00408349465579, -0.00397707661614, 7.58275491535e-05], [-0.000395398179535, 0.00330986711197, -0.000174940534635, 0.00178617076017, -0.00292097590864, 0.00736980000511, -0.00348568917252, 0.00426496425644, -0.00130819913466, -0.000131477339892, -0.000275022990536, -6.0544975895e-06, 0.000769200793002], [0.00103611883242, -0.000251864345046, 0.00181216048077, -0.000761254399549, 0.00480136508122, -0.00348568917252, 0.0112265888602, -0.00599971367046, 0.000808066688478, 0.00373657443561, -0.00144321646076, 0.00124217930716, -0.00232365494594], [-0.000548483454622, 0.0031755915843, 0.00165782438125, 0.00410396652296, -0.00444978289306, 0.00426496425644, -0.00599971367046, 0.0149921569973, -0.00157868396491, -0.000203067698749, 0.000328790425556, 3.18171187246e-05, 0.00424831919372], [0.000659494195133, -0.000166846963111, 0.00198710500263, -0.000532695790753, 0.00411538919434, -0.00130819913466, 0.000808066688478, -0.00157868396491, 0.00693605327979, -0.000757684698328, 0.000933060015086, 0.00232718721963, -0.00098017975688], [-1.16399151011e-05, 0.00318326707929, -1.81028008228e-05, 0.00243485975079, -0.0017214093823, -0.000131477339892, 0.00373657443561, -0.000203067698749, -0.000757684698328, 0.0104355663061, -0.00349841779098, 0.00116990704555, -0.000336564873578], [0.000786489923485, -0.00297252601013, 0.00261935428716, -0.00296606100164, 0.00408349465579, -0.000275022990536, -0.00144321646076, 0.000328790425556, 0.000933060015086, -0.00349841779098, 0.0133113805205, -0.00478209694847, 0.00760443601757], [-0.000289839779725, 0.00344039523043, -0.00211013504304, 0.00255286693573, -0.00397707661614, -6.0544975895e-06, 0.00124217930716, 3.18171187246e-05, 0.00232718721963, 0.00116990704555, -0.00478209694847, 0.0174076370895, -0.00384556571953], [0.000517721229699, -0.000553511839826, 0.00365256215446, -0.00111372442916, 7.58275491535e-05, 0.000769200793002, -0.00232365494594, 0.00424831919372, -0.00098017975688, -0.000336564873578, 0.00760443601757, -0.00384556571953, 0.0219151861966]]
    },
    "melbands": {
        "max": [9.30404348765e-05, 0.00106584304012, 0.00259579648264, 0.0095872618258, 0.00933298561722, 0.0118774212897, 0.00795104540884, 0.00599253363907, 0.0070974053815, 0.0124039584771, 0.0114929908887, 0.00115061667748, 0.000659758166876, 0.000760500086471, 0.000641276303213, 0.000281217857264, 0.000325480621541, 0.000274533289485, 0.00045671191765, 0.000248021126026, 0.00026533214259, 0.000324280525092, 0.000527056516148, 0.000289563991828, 0.000312105345074, 0.000273679936072, 0.000145046316902, 0.000180266302777, 0.000102666883322, 0.000192759544007, 0.00021711163572, 0.000227421769523, 0.000215233696508, 0.000112767200335, 0.000130984728457, 0.000296727142995, 9.77341042017e-05, 3.1370898796e-05, 6.70605868436e-06, 1.38373070513e-06],
        "mean": [1.26576314869e-05, 5.53007848794e-05, 0.000206879340112, 0.000558562634978, 0.000464664917672, 0.000290143187158, 0.000267762952717, 0.000467349629616, 0.000566584407352, 0.000865404785145, 0.000711045577191, 7.57891539251e-05, 3.02494918287e-05, 3.66313834093e-05, 3.07111622533e-05, 2.64942500507e-05, 2.84988254862e-05, 2.64340869762e-05, 2.74337417068e-05, 1.96613891603e-05, 1.96251821762e-05, 2.14300725929e-05, 3.1430812669e-05, 2.39107666857e-05, 1.50657715494e-05, 1.38178056659e-05, 9.80487220659e-06, 6.84506676407e-06, 5.41227791473e-06, 6.27126564723e-06, 8.31647139421e-06, 7.72107796365e-06, 6.74921238897e-06, 4.59038028566e-06, 5.56444229005e-06, 7.30982537789e-06, 3.35060576617e-06, 9.13359599508e-07, 2.0611624052e-07, 8.22723507099e-08],
        "min": [6.97680496377e-24, 9.63690310074e-24, 1.45963059511e-23, 9.03922184704e-24, 7.5444101066e-24, 6.19965193768e-24, 8.70392440789e-24, 1.93822083116e-23, 2.73558218596e-23, 1.06592108248e-23, 8.12970387751e-24, 6.08001408165e-24, 3.83818222397e-24, 7.69627056402e-24, 2.36588173386e-23, 8.4585192466e-24, 9.54758195817e-24, 8.38040308433e-24, 1.14878271642e-23, 1.43776305527e-23, 1.3458262077e-23, 1.57262214023e-23, 1.19925451045e-23, 7.80409207255e-24, 7.66572034774e-24, 8.65958963615e-24, 1.08217011829e-23, 5.01436200074e-24, 7.68131139468e-24, 1.39089698666e-23, 1.31826814084e-23, 1.19069016315e-23, 1.47663670073e-23, 8.60305670824e-24, 6.25906026359e-24, 1.02687846301e-23, 9.6881948368e-24, 1.18406917468e-23, 1.14567744435e-23, 9.62876047848e-24],
        "stdev": [1.11490553536e-05, 9.32514012675e-05, 0.000329913513269, 0.00126905785874, 0.00101974257268, 0.000732758955564, 0.000797380402219, 0.000879126600921, 0.000872447330039, 0.00145965418778, 0.00111466296948, 0.000129261752591, 5.78126491746e-05, 7.95708328951e-05, 5.57554412808e-05, 3.88346124964e-05, 3.71675778297e-05, 3.26103909174e-05, 3.98925876652e-05, 2.54947062786e-05, 3.01598702208e-05, 3.3096250263e-05, 5.59620020795e-05, 3.78146469302e-05, 3.13014315907e-05, 2.57041883742e-05, 1.66015579453e-05, 1.33804751385e-05, 1.06195102489e-05, 1.56196510943e-05, 2.35176557908e-05, 2.40349581873e-05, 2.20129131776e-05, 1.33122748593e-05, 1.69188915606e-05, 2.68728217634e-05, 1.09963139039e-05, 2.74320450444e-06, 4.51979474292e-07, 1.34002675622e-07]
    },
    "melbands128": {
        "max": [0.000112187022751, 0.000144292847835, 9.01649327716e-05, 0.000368086708477, 0.000667811895255, 0.00246243365109, 0.0030463503208, 0.00423010159284, 0.00682502286509, 0.0162983220071, 0.018571773544, 0.0185393467546, 0.0170672684908, 0.0198212619871, 0.0197971276939, 0.00541738606989, 0.0060312571004, 0.0136563424021, 0.0202543195337, 0.0114445406944, 0.00898307282478, 0.0140830762684, 0.00928351189941, 0.00990587100387, 0.0153363263234, 0.0184434335679, 0.0376264490187, 0.00702449027449, 0.00429990701377, 0.00237034843303, 0.00125963205937, 0.000722730590496, 0.000965379411355, 0.000813233084045, 0.00111097213812, 0.00120928662363, 0.00126865098719, 0.000911654613446, 0.00077764847083, 0.000553639256395, 0.000454327382613, 0.000686202838551, 0.000585219939239, 0.000553648336791, 0.000480310671264, 0.000375205738237, 0.000407344923588, 0.00048978079576, 0.000583162647672, 0.000516314757988, 0.000246538809733, 0.000222799237235, 0.00045128405327, 0.000541701854672, 0.000650589063298, 0.000230586680118, 0.000862787128426, 0.00126496178564, 0.00114914297592, 0.000645839958452, 0.000435322464909, 0.000645561143756, 0.000468789599836, 0.000251599878538, 0.000237980362726, 0.000538334716111, 0.000473937398056, 0.000255526276305, 0.000244925904553, 0.000183929150808, 0.000332817493472, 0.000135251364554, 0.000128649495309, 0.000111364694021, 0.000169440172613, 0.000312241987558, 0.000226401287364, 0.000331343326252, 0.000331770890625, 0.000248702475801, 0.000260354107013, 0.000340231315931, 0.000358122604666, 0.000302775180899, 0.000184020565939, 0.000114078458864, 0.000183037380339, 0.000152400723891, 0.000200605238206, 0.000164071199833, 0.000409380940255, 0.00056278181728, 0.000189544924069, 0.000147184022353, 7.03583791619e-05, 5.91289499425e-05, 2.5259461836e-05, 1.89596157725e-05, 5.30823399458e-06, 2.14060446524e-06, 1.64709285855e-06, 1.83649990504e-06, 1.94436938727e-06, 1.59097896812e-06, 1.66970789905e-06, 1.49398010763e-06, 1.69514021309e-06, 9.47007436025e-07, 8.84123835476e-07, 4.79182858726e-07, 2.34580795677e-07, 1.17623052631e-07, 9.63183950375e-08, 8.41712406441e-08, 1.07114423997e-07, 1.78464638623e-08, 2.45322802073e-08, 2.42758124713e-09, 2.28952323766e-09, 2.1769637204e-09, 2.09433870246e-09, 2.01143102174e-09, 1.94678295706e-09, 1.89791493632e-09, 1.85966975152e-09, 1.82481763034e-09, 1.80166237485e-09, 1.78746484281e-09],
        "mean": [9.70299151959e-06, 7.62879517424e-06, 1.13447058538e-05, 2.66680035566e-05, 5.42831985513e-05, 7.33796259738e-05, 0.000100394936453, 0.000170441213413, 0.000444911362138, 0.000747001089621, 0.000497277651448, 0.000403034704505, 0.000491562997922, 0.000511118036229, 0.000267825322226, 0.000174877641257, 0.000232773803873, 0.000340958882589, 0.000226224117796, 0.000282785418676, 0.000686763145495, 0.000767211662605, 0.000503038871102, 0.00043461722089, 0.000528820441104, 0.00117231544573, 0.00137805624399, 0.000652187154628, 0.000186102290172, 7.80545888119e-05, 5.01789509144e-05, 3.13135424221e-05, 2.73734258371e-05, 2.86165795842e-05, 3.7636153138e-05, 3.8179798139e-05, 3.67898974218e-05, 3.2233492675e-05, 2.59453299805e-05, 2.4378156013e-05, 2.65534181381e-05, 2.90180378215e-05, 3.05939975078e-05, 2.70921937044e-05, 2.50415378105e-05, 2.61170971498e-05, 2.79609121208e-05, 3.04516506731e-05, 2.73951936833e-05, 1.91455419554e-05, 1.95010106836e-05, 1.85197804967e-05, 1.88242047443e-05, 2.13151906792e-05, 1.8611746782e-05, 1.82021503861e-05, 2.61621062236e-05, 3.18841121043e-05, 3.48469584424e-05, 2.9482984246e-05, 2.40726567426e-05, 1.9116943804e-05, 1.56759797392e-05, 1.37115730467e-05, 1.40786578413e-05, 1.51361609824e-05, 1.28565980049e-05, 1.08623935375e-05, 9.07061439648e-06, 8.42863300932e-06, 7.1271770139e-06, 6.01295096203e-06, 5.13129862156e-06, 5.43645137441e-06, 5.42057250641e-06, 5.82678740102e-06, 6.31794910078e-06, 8.56871793076e-06, 9.3228991318e-06, 7.44142380427e-06, 6.58343151372e-06, 8.62947399582e-06, 8.54002428241e-06, 6.8590011324e-06, 4.9043915169e-06, 4.45334899268e-06, 4.6844957069e-06, 4.40531403001e-06, 5.61684782951e-06, 6.09045173405e-06, 7.31167392587e-06, 9.29203270061e-06, 4.73671252621e-06, 3.5407190353e-06, 1.9367225832e-06, 1.26326426653e-06, 7.24724486645e-07, 3.64031251365e-07, 2.02419656148e-07, 1.2471610944e-07, 8.72023235843e-08, 7.46180077726e-08, 7.47318225081e-08, 7.4788950144e-08, 6.22515372584e-08, 5.0367123805e-08, 4.11254781341e-08, 3.00553431032e-08, 2.23134790645e-08, 1.63116844476e-08, 1.22559189464e-08, 5.43210099124e-09, 2.45361042595e-09, 5.34792821139e-10, 2.9811528246e-10, 1.60762334001e-10, 9.94962237599e-11, 8.54020153207e-12, 7.59013164819e-12, 7.29602055854e-12, 7.05781136659e-12, 6.83243695995e-12, 6.65567557664e-12, 6.50663507448e-12, 6.37757641836e-12, 6.25161250892e-12, 6.16795026512e-12, 6.12382497142e-12],
        "min": [8.32829172179e-24, 3.18470089414e-24, 9.17066658424e-24, 9.1028868664e-24, 3.70560389366e-24, 1.43788801084e-23, 2.32149331959e-23, 1.32523204714e-23, 3.75439336292e-24, 7.78744631859e-24, 1.45150627442e-23, 8.81963531433e-24, 7.04205401582e-24, 3.79879913214e-24, 6.66519386216e-24, 7.97735905949e-24, 3.61458393912e-24, 5.90549635574e-24, 1.76560433892e-23, 1.87748311686e-23, 1.61401856287e-23, 3.55144485333e-23, 2.82980625683e-23, 2.24040267838e-23, 1.24091599035e-23, 4.0108804422e-24, 9.74609170522e-24, 9.09341738009e-24, 6.26221136847e-24, 7.05430975885e-24, 5.51989089008e-24, 5.68330658204e-24, 2.93219282926e-24, 3.75413264439e-24, 3.08897992025e-24, 4.32157291529e-24, 2.02142435742e-23, 3.17021488356e-23, 2.38087655972e-23, 9.45981802702e-24, 5.85200488105e-24, 4.54029327873e-24, 5.52077756973e-24, 2.032352132e-23, 3.03160527775e-24, 9.7933594618e-24, 7.22776607241e-24, 8.99395464172e-24, 1.32235317815e-23, 1.92004989353e-23, 6.85858469079e-24, 1.8354272065e-23, 2.20681739866e-23, 7.78333793099e-24, 5.53866222975e-24, 1.4966120788e-23, 2.87980236774e-23, 1.35453933418e-23, 5.48611541599e-24, 7.42908574201e-24, 8.13074832935e-24, 7.80829906775e-24, 9.6447917098e-24, 7.81870887626e-24, 4.50326966987e-24, 5.89224862013e-24, 1.59322655599e-23, 9.97687217418e-24, 1.08878250817e-23, 7.53322563669e-24, 4.24604106134e-24, 3.9243554171e-24, 6.07006891222e-24, 9.98805901068e-24, 8.28816946729e-24, 1.09917212184e-23, 2.10443666379e-23, 1.04213187748e-23, 1.20888642322e-23, 1.5681186911e-23, 1.47330849657e-23, 8.56428892792e-24, 6.7215445632e-24, 2.22727697955e-23, 1.4207747779e-23, 9.95178403081e-24, 6.21755868579e-24, 5.81991362499e-24, 6.63033962078e-24, 5.98189359011e-24, 8.35572830407e-24, 1.20796006386e-23, 1.26153870768e-23, 7.11377882705e-24, 8.19097785946e-24, 1.60485641677e-23, 1.25540973176e-23, 7.41042997046e-24, 9.96396483205e-24, 1.47359390645e-23, 1.274102422e-23, 6.9626938199e-24, 8.62436463015e-24, 1.0002077069e-23, 1.19157936716e-23, 7.06928707199e-24, 1.18786848658e-23, 1.07534079166e-23, 1.25068153615e-23, 1.07413044237e-23, 9.80185707147e-24, 6.92620111442e-24, 9.11161166801e-24, 9.3929802091e-24, 1.51391526944e-23, 1.60060114328e-23, 1.36167694765e-23, 1.33050510898e-23, 1.06888451736e-23, 6.91711107021e-24, 7.89406165879e-24, 1.02061656403e-23, 1.01033999414e-23, 1.25667443356e-23, 5.90858632391e-24, 1.24588210641e-23, 7.13232494693e-24, 9.21712102522e-24],
        "stdev": [1.1365962564e-05, 1.07598871182e-05, 1.11307163024e-05, 3.38237769029e-05, 8.92894968274e-05, 0.00018952973187, 0.000290557509288, 0.000404917256674, 0.000873065553606, 0.00201910571195, 0.00170873163734, 0.00137856602669, 0.00137540209107, 0.00150832568761, 0.00104540493339, 0.000529547221959, 0.000644123880193, 0.0013008939568, 0.00101032783277, 0.000873259501532, 0.00149324396625, 0.00160485378001, 0.00105746998452, 0.00092344492441, 0.00116671831347, 0.00267044408247, 0.00311013660394, 0.00107108335942, 0.000333873584168, 0.000185451237485, 0.000120800134027, 7.24640340195e-05, 6.92289686413e-05, 7.01126555214e-05, 9.76935189101e-05, 0.000109730193799, 9.32216498768e-05, 7.2540678957e-05, 5.54285943508e-05, 5.13376508025e-05, 4.88577097713e-05, 6.03288790444e-05, 5.0830298278e-05, 4.90897618874e-05, 3.8700451114e-05, 3.90735003748e-05, 4.20096512244e-05, 5.28111704625e-05, 4.93867155456e-05, 3.29219983541e-05, 2.98672384815e-05, 2.82006240013e-05, 3.44740401488e-05, 4.14100686612e-05, 3.98830306949e-05, 2.74024405371e-05, 7.26096550352e-05, 8.89272851055e-05, 8.72001037351e-05, 6.54457471683e-05, 4.89430276502e-05, 4.96898537676e-05, 4.07843690482e-05, 2.87016737275e-05, 2.89115541818e-05, 3.65566520486e-05, 2.93672255793e-05, 2.19272606046e-05, 1.83676311281e-05, 1.70817584149e-05, 1.86865308933e-05, 1.36419348564e-05, 9.98523773887e-06, 1.21266275528e-05, 1.3839674466e-05, 1.78620412044e-05, 1.73280350282e-05, 2.76530518022e-05, 2.93022676487e-05, 2.23664919758e-05, 2.0122350179e-05, 3.2603082218e-05, 3.20514991472e-05, 2.50767843681e-05, 1.6149964722e-05, 1.31901279019e-05, 1.5260244254e-05, 1.44260002344e-05, 1.86998840945e-05, 1.8197177269e-05, 2.9004571843e-05, 4.14163987443e-05, 1.72797062987e-05, 1.25287269839e-05, 6.15122826275e-06, 4.48403989139e-06, 2.2222741336e-06, 1.11983274564e-06, 4.14387898218e-07, 2.18768406057e-07, 1.4836786022e-07, 1.42152416061e-07, 1.55580323735e-07, 1.42219676036e-07, 1.20423820249e-07, 9.66986348772e-08, 9.87566934896e-08, 7.122974921e-08, 5.1883162655e-08, 3.20808446475e-08, 2.29638192906e-08, 1.31824497984e-08, 7.66529417717e-09, 3.74288200433e-09, 4.58941373793e-09, 1.14663833983e-09, 1.11854847606e-09, 1.03638153615e-10, 9.75679259607e-11, 9.27761478753e-11, 8.92579898881e-11, 8.5728382726e-11, 8.29756194309e-11, 8.08945965769e-11, 7.92662741e-11, 7.77833977783e-11, 7.67978458605e-11, 7.61932808513e-11]
    },
    "mfcc": {
        "mean": [-648.79284668, 97.0577087402, -26.8317661285, 10.1685228348, -26.4590778351, -12.0702362061, -21.6004104614, 8.12707233429, -2.63539910316, 11.2300224304, -1.90669167042, -3.09883451462, -16.6133518219],
        "cov": [[2117.17504883, 62.8065299988, 319.183013916, 153.364746094, -80.5582122803, -89.5379333496, -141.261627197, -78.2666244507, -166.936508179, 26.9074859619, -104.501785278, -36.9178924561, -123.971893311], [62.8065299988, 1220.64575195, -188.196731567, 90.401725769, 145.155929565, -330.860168457, 23.3322162628, -114.719566345, -209.94694519, -150.569412231, -53.4956092834, -186.866607666, -34.4022140503], [319.183013916, -188.196731567, 865.372680664, 325.212524414, -32.9383125305, 141.449142456, -96.3031768799, -71.107749939, -288.715667725, -58.2481842041, -132.171554565, -46.7760848999, -79.6301040649], [153.364746094, 90.401725769, 325.212524414, 469.024291992, 72.7765579224, -39.9264945984, -26.2015991211, -90.9891204834, -224.891784668, -87.3311843872, -112.219192505, -98.7650527954, -59.4799079895], [-80.5582122803, 145.155929565, -32.9383125305, 72.7765579224, 221.008895874, 13.2318849564, -2.55390024185, -81.1201477051, -68.246673584, -74.4353713989, -52.9245414734, -57.8047676086, 24.4975948334], [-89.5379333496, -330.860168457, 141.449142456, -39.9264945984, 13.2318849564, 260.492828369, -12.1786823273, 4.95622348785, 37.2367401123, 10.426035881, -20.5516757965, 29.2384738922, 10.3164215088], [-141.261627197, 23.3322162628, -96.3031768799, -26.2015991211, -2.55390024185, -12.1786823273, 197.952178955, 30.5339889526, -34.0505752563, -29.6862049103, -2.66243767738, -19.4576454163, 34.2352294922], [-78.2666244507, -114.719566345, -71.107749939, -90.9891204834, -81.1201477051, 4.95622348785, 30.5339889526, 182.267166138, 89.9022674561, 33.8687705994, 50.7689208984, 33.0235786438, -39.0212135315], [-166.936508179, -209.94694519, -288.715667725, -224.891784668, -68.246673584, 37.2367401123, -34.0505752563, 89.9022674561, 321.717193604, 95.551902771, 86.1693496704, 64.8181686401, -4.05045127869], [26.9074859619, -150.569412231, -58.2481842041, -87.3311843872, -74.4353713989, 10.426035881, -29.6862049103, 33.8687705994, 95.551902771, 153.170822144, 53.6133918762, 55.4783668518, -11.4197149277], [-104.501785278, -53.4956092834, -132.171554565, -112.219192505, -52.9245414734, -20.5516757965, -2.66243767738, 50.7689208984, 86.1693496704, 53.6133918762, 129.964767456, 64.5839691162, 6.3356628418], [-36.9178924561, -186.866607666, -46.7760848999, -98.7650527954, -57.8047676086, 29.2384738922, -19.4576454163, 33.0235786438, 64.8181686401, 55.4783668518, 64.5839691162, 151.94430542, 29.0462779999], [-123.971893311, -34.4022140503, -79.6301040649, -59.4799079895, 24.4975948334, 10.3164215088, 34.2352294922, -39.0212135315, -4.05045127869, -11.4197149277, 6.3356628418, 29.0462779999, 162.059814453]],
        "icov": [[0.000609885668382, 0.000138488219818, 2.92452205031e-05, 0.000206805401831, 0.00033866983722, 0.000358875753591, 0.000440790987341, 0.000256860628724, 0.000472462765174, -0.000148653998622, 0.000559881038498, 5.08230004925e-05, 0.000451245316071], [0.000138488219818, 0.00226723286323, 0.000710537773557, 0.00101157859899, -0.000231260230066, 0.0022012242116, 0.00078457937343, 0.000783346884418, 0.00178091961425, 0.00108234700747, 6.35148826404e-05, 0.0017376774922, 0.00103219226003], [2.92452205031e-05, 0.000710537773557, 0.00373198860325, -0.000714168767445, 0.00207252590917, -0.00178279785905, 0.00212432025, 0.000121510274766, 0.00363549543545, 0.000440326431999, 0.00114119600039, 0.000534441496711, 0.00110702775419], [0.000206805401831, 0.00101157859899, -0.000714168767445, 0.00481048738584, -0.00065803527832, 0.00206730258651, 0.000624144973699, 0.000986123573966, 0.00208614440635, 0.000755087123252, 0.00121608003974, 0.00141801987775, 0.00166470359545], [0.00033866983722, -0.000231260230066, 0.00207252590917, -0.00065803527832, 0.00808805692941, -0.00215181615204, 0.00161080248654, 0.00201787590049, 0.00179910333827, 0.00206049438566, 0.00127073831391, 0.00121273798868, -3.01057025354e-05], [0.000358875753591, 0.0022012242116, -0.00178279785905, 0.00206730258651, -0.00215181615204, 0.00825029332191, -0.000292502983939, 0.000683351361658, -0.000811437203083, 0.000719821662642, 0.001333604916, 0.000407211889978, 0.000556289742235], [0.000440790987341, 0.00078457937343, 0.00212432025, 0.000624144973699, 0.00161080248654, -0.000292502983939, 0.00775068858638, -0.00153638015036, 0.00375007418916, 0.00112534826621, 0.00090372399427, 0.0018568233354, -0.000650618923828], [0.000256860628724, 0.000783346884418, 0.000121510274766, 0.000986123573966, 0.00201787590049, 0.000683351361658, -0.00153638015036, 0.00893857609481, -0.000873234239407, 0.00114187062718, -0.00116682494991, 7.84124422353e-05, 0.00300290505402], [0.000472462765174, 0.00178091961425, 0.00363549543545, 0.00208614440635, 0.00179910333827, -0.000811437203083, 0.00375007418916, -0.000873234239407, 0.010211286135, -0.000865667068865, 0.000242779948167, 0.00177779817022, 0.00193480658345], [-0.000148653998622, 0.00108234700747, 0.000440326431999, 0.000755087123252, 0.00206049438566, 0.000719821662642, 0.00112534826621, 0.00114187062718, -0.000865667068865, 0.010520526208, -0.0015905398177, -0.000557171821129, 0.0011712058913], [0.000559881038498, 6.35148826404e-05, 0.00114119600039, 0.00121608003974, 0.00127073831391, 0.001333604916, 0.00090372399427, -0.00116682494991, 0.000242779948167, -0.0015905398177, 0.0138241080567, -0.00357958697714, 0.000695119320881], [5.08230004925e-05, 0.0017376774922, 0.000534441496711, 0.00141801987775, 0.00121273798868, 0.000407211889978, 0.0018568233354, 7.84124422353e-05, 0.00177779817022, -0.000557171821129, -0.00357958697714, 0.011642199941, -0.0013333511306], [0.000451245316071, 0.00103219226003, 0.00110702775419, 0.00166470359545, -3.01057025354e-05, 0.000556289742235, -0.000650618923828, 0.00300290505402, 0.00193480658345, 0.0011712058913, 0.000695119320881, -0.0013333511306, 0.00906212814152]]
    },
    "spectral_contrast_coeffs": {
        "max": [-0.320123434067, -0.500667095184, -0.425336539745, -0.713476538658, -0.587972283363, -0.556042790413],
        "mean": [-0.678267717361, -0.734800636768, -0.713093757629, -0.817941129208, -0.77971726656, -0.71954536438],
        "min": [-0.960859537125, -0.947121918201, -0.963467299938, -0.962214827538, -0.964461922646, -0.958344459534],
        "stdev": [0.123813815415, 0.0792655497789, 0.0935378745198, 0.0356341935694, 0.0492002367973, 0.0500646978617]
    },
    "spectral_contrast_valleys": {
        "max": [-6.55875444412, -4.77507162094, -5.59202528, -5.91118907928, -5.92638349533, -8.59538841248],
        "mean": [-8.0444355011, -6.5959277153, -7.31385135651, -7.37065172195, -7.33646631241, -10.4196710587],
        "min": [-27.1936416626, -27.610080719, -26.9260406494, -26.9137973785, -27.0137825012, -27.3229637146],
        "stdev": [1.01696455479, 1.08764266968, 1.01404762268, 0.994749605656, 0.947884976864, 0.937866091728]
    }
},
"rhythm": {
    "beats_count": 28,
    "beats_loudness": {
        "max": 0.0636260807514,
        "mean": 0.0237631648779,
        "min": 0.00374482246116,
        "stdev": 0.0144784143195
    },
    "bpm": 132.543716431,
    "bpm_histogram_first_peak_bpm": 133,
    "bpm_histogram_first_peak_weight": 0.363636374474,
    "bpm_histogram_second_peak_bpm": 152,
    "bpm_histogram_second_peak_spread": 0.285714268684,
    "bpm_histogram_second_peak_weight": 0.185185179114,
    "danceability": 0.964613497257,
    "onset_rate": 4.54568052292,
    "beats_loudness_band_ratio": {
        "max": [0.324426323175, 0.672709286213, 0.830105721951, 0.513185918331, 0.398608952761, 0.887419760227],
        "mean": [0.0563949607313, 0.159370660782, 0.487506240606, 0.0981328263879, 0.0877436324954, 0.156029954553],
        "min": [0.00116690364666, 0.000303303531837, 0.0378821156919, 0.00943743344396, 0.00489520421252, 0.00446411222219],
        "stdev": [0.0728117078543, 0.183529064059, 0.206924319267, 0.107098199427, 0.0943407043815, 0.210323616862]
    },
    "beats_position": [0.383129239082, 0.777868449688, 1.17260766029, 1.5673469305, 1.95047616959, 2.35682535172, 2.76317453384, 3.15791368484, 3.54104304314, 3.93578219414, 4.45823097229, 4.94585037231, 5.4334692955, 5.93269824982, 6.43192720413, 6.93115615845, 7.41877555847, 7.87156438828, 8.31274318695, 8.76553249359, 9.21832180023, 9.682721138, 10.1239004135, 10.5766887665, 11.0294780731, 11.4938774109, 11.9466667175, 12.3994560242],
