{
"metadata": {
    "version": {
        "essentia": "2.1-beta5",
        "essentia_git_sha": "Undefined",
        "extractor": "music 2.0"
    },
    "audio_properties": {
        "analysis": {
            "equal_loudness": 0,
            "length": 12.7477550507,
            "sample_rate": 44100,
            "start_time": 0,
            "downmix": "mix"
        },
        "bit_rate": 192000,
        "length": 184.052978516,
        "lossless": 0,
        "number_channels": 2,
        "replay_gain": -5.79317855835,
        "sample_rate": 48000,
        "codec": "mp3",
        "md5_encoded": "db10a303b31c0085b20c6eff7c707e1c"
    },
    "tags": {
        "file_name": "Turkey_Yorgunum Anla_Pinar Ayhan _ S.O.S. band.mp3",
        "encoding": ["Lavf58.29.100"]
    }
},
"lowlevel": {
    "average_loudness": 0.958675146103,
    "barkbands_crest": {
        "max": 24.6707038879,
        "mean": 9.73512649536,
        "min": 2.65235924721,
        "stdev": 4.04854774475
    },
    "barkbands_flatness_db": {
        "max": 0.328665167093,
        "mean": 0.163937166333,
        "min": 0.0684734210372,
        "stdev": 0.0336630791426
    },
    "barkbands_kurtosis": {
        "max": 64.6691665649,
        "mean": 4.42523765564,
        "min": -1.47557795048,
        "stdev": 8.15642929077
    },
    "barkbands_skewness": {
        "max": 6.98030233383,
        "mean": 1.53466010094,
        "min": -1.88578557968,
        "stdev": 1.25081121922
    },
    "barkbands_spread": {
        "max": 61.6002159119,
        "mean": 14.6005630493,
        "min": 2.10004353523,
        "stdev": 8.83589267731
    },
    "dissonance": {
        "max": 0.499999821186,
        "mean": 0.479135632515,
        "min": 0.318948239088,
        "stdev": 0.0219195019454
    },
    "dynamic_complexity": 1.44715607166,
    "erbbands_crest": {
        "max": 27.3482837677,
        "mean": 7.8755736351,
        "min": 2.37482261658,
        "stdev": 3.7988512516
    },
    "erbbands_flatness_db": {
        "max": 0.302328228951,
        "mean": 0.196597710252,
        "min": 0.0751084014773,
        "stdev": 0.0649880692363
    },
    "erbbands_kurtosis": {
        "max": 18.9112415314,
        "mean": 0.412948995829,
        "min": -1.6554299593,
        "stdev": 2.0762219429
    },
    "erbbands_skewness": {
        "max": 3.60459113121,
        "mean": 0.563504874706,
        "min": -1.11043226719,
        "stdev": 0.502921760082
    },
    "erbbands_spread": {
        "max": 127.683494568,
        "mean": 32.9878044128,
        "min": 5.41717672348,
        "stdev": 24.3412361145
    },
    "hfc": {
        "max": 99.7765426636,
        "mean": 27.036233902,
        "min": 1.1495949689e-16,
        "stdev": 13.9207878113
    },
    "loudness_ebu128": {
        "integrated": -16.0719642639,
        "loudness_range": 1.94576835632,
        "momentary": {
            "max": -13.7406692505,
            "mean": -16.2619419098,
            "min": -19.3168888092,
            "stdev": 1.31046462059
        },
        "short_term": {
            "max": -15.063000679,
            "mean": -16.3077411652,
            "min": -17.6535148621,
            "stdev": 0.615550041199
        }
    },
    "melbands_crest": {
        "max": 25.9423618317,
        "mean": 12.5765962601,
        "min": 1.7427918911,
        "stdev": 4.91744709015
    },
    "melbands_flatness_db": {
        "max": 0.409918487072,
        "mean": 0.177530288696,
        "min": 0.00599190266803,
        "stdev": 0.0584987364709
    },
    "melbands_kurtosis": {
        "max": 162.104019165,
        "mean": 14.5606269836,
        "min": -1.13221335411,
        "stdev": 23.9154644012
    },
    "melbands_skewness": {
        "max": 11.3215990067,
        "mean": 2.42769527435,
        "min": -0.38096639514,
        "stdev": 1.97665143013
    },
    "melbands_spread": {
        "max": 132.561340332,
        "mean": 17.326385498,
        "min": 1.38203048706,
        "stdev": 11.1484565735
    },
    "pitch_salience": {
        "max": 0.856856286526,
        "mean": 0.650277853012,
        "min": 0.207344740629,
        "stdev": 0.132392242551
    },
    "silence_rate_20dB": {
        "max": 1,
        "mean": 1,
        "min": 1,
        "stdev": 0
    },
    "silence_rate_30dB": {
        "max": 1,
        "mean": 0.959999978542,
        "min": 0,
        "stdev": 0.195959284902
    },
    "silence_rate_60dB": {
        "max": 1,
        "mean": 0.00363636366092,
        "min": 0,
        "stdev": 0.0601926036179
    },
    "spectral_centroid": {
        "max": 11194.0898438,
        "mean": 1420.65759277,
        "min": 238.957901001,
        "stdev": 648.668762207
    },
    "spectral_complexity": {
        "max": 55,
        "mean": 27.5,
        "min": 0,
        "stdev": 8.90285968781
    },
    "spectral_decrease": {
        "max": -4.99435952376e-30,
        "mean": -9.32998123204e-09,
        "min": -5.64156152905e-08,
        "stdev": 7.69862396055e-09
    },
    "spectral_energy": {
        "max": 0.217045322061,
        "mean": 0.0376657918096,
        "min": 1.04460140149e-20,
        "stdev": 0.0295264385641
    },
    "spectral_energyband_high": {
        "max": 0.00794373173267,
        "mean": 0.000767711841036,
        "min": 7.40847190409e-21,
        "stdev": 0.00104859250132
    },
    "spectral_energyband_low": {
        "max": 0.197936475277,
        "mean": 0.0145815592259,
        "min": 3.96343598078e-23,
        "stdev": 0.0244756489992
    },
    "spectral_energyband_middle_high": {
        "max": 0.0392621383071,
        "mean": 0.0107426214963,
        "min": 1.7693395322e-21,
        "stdev": 0.00785532873124
    },
    "spectral_energyband_middle_low": {
        "max": 0.0985785350204,
        "mean": 0.0133899711072,
        "min": 3.23440821884e-22,
        "stdev": 0.013930763118
    },
    "spectral_entropy": {
        "max": 9.81267738342,
        "mean": 7.7690782547,
        "min": 6.70645236969,
        "stdev": 0.23399952054
    },
    "spectral_flux": {
        "max": 0.347849994898,
        "mean": 0.103187009692,
        "min": 1.02205743868e-10,
        "stdev": 0.0444100759923
    },
    "spectral_kurtosis": {
        "max": 12.6145954132,
        "mean": 4.12492465973,
        "min": -1.17547178268,
        "stdev": 2.24859976768
    },
    "spectral_rms": {
        "max": 0.0145516851917,
        "mean": 0.00571108609438,
        "min": 3.19237106368e-12,
        "stdev": 0.00203240057454
    },
    "spectral_rolloff": {
        "max": 18669.2871094,
        "mean": 1501.68676758,
        "min": 86.1328125,
        "stdev": 1336.03063965
    },
    "spectral_skewness": {
        "max": 2.43469166756,
        "mean": 1.51456439495,
        "min": -0.0206212513149,
        "stdev": 0.300379276276
    },
    "spectral_spread": {
        "max": 38658984,
        "mean": 4134105,
        "min": 2198082.75,
        "stdev": 2167826
    },
    "spectral_strongpeak": {
        "max": 7.09637928009,
        "mean": 1.14288270473,
        "min": 0,
        "stdev": 1.06644916534
    },
    "zerocrossingrate": {
        "max": 0.70947265625,
        "mean": 0.0624644868076,
        "min": 0.0078125,
        "stdev": 0.0438165217638
    },
    "barkbands": {
        "max": [0.00570908142254, 0.129051104188, 0.0757713615894, 0.0795152559876, 0.063585460186, 0.0180529542267, 0.00779737858102, 0.00567914359272, 0.0714832916856, 0.0347781665623, 0.0181256718934, 0.0129563286901, 0.00589534733444, 0.0051145539619, 0.00519450800493, 0.0104903159663, 0.0073136696592, 0.00554315978661, 0.00255679828115, 0.0015773269115, 0.00220637163147, 0.00256658392027, 0.00156016333494, 0.00140526297037, 0.00260025844909, 1.73682656168e-05, 6.45608633931e-06],
        "mean": [0.000407437764807, 0.0101032117382, 0.00297807762399, 0.00196543941274, 0.00382417626679, 0.00120320753194, 0.000722926284652, 0.000578952021897, 0.00361186428927, 0.00363236828707, 0.0014694747515, 0.0014850756852, 0.000983565929346, 0.000954286428168, 0.000826900533866, 0.000748726481106, 0.000560200132895, 0.000442109245341, 0.00030629360117, 0.000179075053893, 0.000207006654819, 0.000162176089361, 0.000122131532407, 7.74002910475e-05, 0.000113286914711, 4.02078711659e-07, 1.31070638787e-08],
        "min": [5.22508962549e-24, 1.2887726316e-23, 1.19953826372e-23, 1.02414813653e-23, 7.20616169657e-23, 1.69384087351e-23, 8.38758313851e-23, 1.15819138155e-23, 5.33991748103e-23, 9.40308441289e-23, 7.30725958583e-23, 1.05317335846e-22, 7.38071515788e-23, 1.61514511935e-22, 1.19911048023e-22, 2.39960153015e-22, 2.75377180382e-22, 3.02106615128e-22, 2.2690817797e-22, 3.2507768933e-22, 4.70994742473e-22, 4.88600754726e-22, 5.95981006015e-22, 8.37625686296e-22, 1.01418381356e-21, 1.3674925249e-21, 2.5927281598e-21],
        "stdev": [0.000838696025312, 0.017635518685, 0.00742329005152, 0.00573582435027, 0.00800756365061, 0.0024405408185, 0.000984233454801, 0.000556579383556, 0.00586300622672, 0.00484112231061, 0.00181511649862, 0.00162266427651, 0.000904936576262, 0.000915530894417, 0.000711325905286, 0.000858571962453, 0.000725929916371, 0.000543087720871, 0.000271267432254, 0.000186331846635, 0.000269763695542, 0.000223018418183, 0.000207942095585, 0.000157535105245, 0.000286205846351, 1.27394753235e-06, 2.74987456805e-07]
    },
    "erbbands": {
        "max": [2.86641573906, 35.0976905823, 93.3995285034, 162.118927002, 248.917770386, 150.321136475, 194.923995972, 171.052932739, 209.728057861, 98.2116165161, 204.255645752, 1453.37915039, 1458.27624512, 575.179382324, 369.794799805, 657.673278809, 296.958862305, 278.803710938, 244.12638855, 226.339004517, 638.24395752, 355.71081543, 317.128753662, 294.266418457, 122.774398804, 75.5491790771, 104.084465027, 60.7469139099, 104.842727661, 55.0547142029, 39.1337852478, 30.606048584, 23.7456359863, 25.7467288971, 21.5541419983, 2.19263148308, 0.0475247688591, 0.00407458562404, 0.000926358276047, 0.000263591762632],
        "mean": [0.315771132708, 2.12630629539, 3.83700823784, 5.4473657608, 11.9428739548, 10.6248846054, 9.96291637421, 8.65066242218, 11.4430007935, 9.32710170746, 20.4643516541, 73.9984664917, 132.260437012, 83.7916870117, 53.0764656067, 64.9776992798, 46.2108039856, 48.2350730896, 47.5403633118, 41.1943397522, 40.7049827576, 30.7172698975, 23.3172054291, 20.4937171936, 13.2399969101, 8.58088493347, 8.91110706329, 7.01426649094, 5.75969934464, 5.2931303978, 2.98251199722, 1.81336319447, 1.23781883717, 0.963297665119, 0.974863708019, 0.081462778151, 0.00193864689209, 0.000123280115076, 3.48523826688e-05, 4.70064769615e-05],
        "min": [3.68713688074e-22, 2.96857410971e-21, 1.09960123819e-20, 3.95812773196e-20, 1.29754691586e-19, 2.52040278284e-19, 1.45551889657e-19, 2.0278790251e-19, 9.58667795158e-19, 8.84894658252e-19, 2.80513566877e-19, 1.19811673016e-18, 3.67697705507e-18, 1.27738131236e-18, 3.31937426176e-18, 4.90558014709e-18, 3.83209947611e-18, 9.16503628282e-18, 5.40968221035e-18, 8.48954653253e-18, 1.35423511802e-17, 1.4444459467e-17, 1.49797644373e-17, 1.42654840522e-17, 1.59876889768e-17, 1.52195657512e-17, 1.18280102617e-17, 2.39985245821e-17, 1.91171597339e-17, 1.61537355586e-17, 1.78152535504e-17, 1.22205173885e-17, 1.63150423955e-17, 9.65022155265e-18, 8.52002152066e-18, 3.64728747493e-18, 2.8830594429e-18, 1.40284961863e-18, 4.21142723763e-19, 3.46482274091e-20],
        "stdev": [0.545537471771, 4.09216403961, 8.63181686401, 12.6859254837, 29.7369213104, 21.835723877, 21.4622325897, 19.3864078522, 21.9404678345, 9.34173297882, 20.7113037109, 125.479934692, 186.743942261, 88.3061141968, 56.091468811, 75.0596389771, 38.8309783936, 43.4304733276, 41.7750968933, 32.9831352234, 50.4155273438, 36.1967315674, 25.8435344696, 24.1690196991, 12.8221063614, 8.56758022308, 11.9916629791, 8.58537197113, 8.11896419525, 7.82044029236, 5.23772001266, 3.43431568146, 2.67522215843, 2.34195661545, 2.61352920532, 0.232754707336, 0.00530045852065, 0.000337954581482, 5.52231722395e-05, 3.53737341356e-05]
    },
    "gfcc": {
        "mean": [3.83656215668, 91.4352722168, -168.086914062, 28.7955322266, -73.8350296021, 29.6249313354, -32.3486404419, 12.436041832, -16.7843494415, -6.21699953079, -9.96259975433, -10.1698493958, 4.26174068451],
        "cov": [[6485.40869141, 675.217651367, 681.80871582, 734.725463867, -112.729957581, 280.994628906, -281.465393066, 8.37965202332, -259.404632568, 96.9342269897, -114.76902771, 35.2701644897, -17.9292507172], [675.217651367, 635.399108887, 782.627624512, 415.083618164, 164.855895996, 122.021942139, 36.4754714966, -79.171661377, -35.6192321777, 17.9196071625, 20.9020957947, 42.2487716675, 11.9249372482], [681.80871582, 782.627624512, 3294.76611328, 1497.23120117, 455.318023682, 410.598693848, -231.060501099, -148.228347778, -300.486175537, 278.691864014, -90.2064590454, 200.460830688, -132.271865845], [734.725463867, 415.083618164, 1497.23120117, 861.741882324, 253.597305298, 194.772445679, -123.916069031, -84.5107879639, -116.959793091, 137.678421021, -27.8926868439, 77.0312576294, -56.1554603577], [-112.729957581, 164.855895996, 455.318023682, 253.597305298, 190.893081665, 85.8505096436, 6.05277204514, -14.0340127945, -11.4860258102, 30.3953819275, -15.052022934, 14.8543863297, -12.0113792419], [280.994628906, 122.021942139, 410.598693848, 194.772445679, 85.8505096436, 119.914321899, -0.847131311893, -7.03496408463, -49.6790618896, 28.6298618317, -31.0690040588, 15.4844427109, -21.951675415], [-281.465393066, 36.4754714966, -231.060501099, -123.916069031, 6.05277204514, -0.847131311893, 120.617004395, 22.4289150238, 47.8375778198, -46.1338157654, 20.0804824829, -21.348285675, 21.3840808868], [8.37965202332, -79.171661377, -148.228347778, -84.5107879639, -14.0340127945, -7.03496408463, 22.4289150238, 64.0944213867, 30.5839138031, 1.60584747791, -0.159993037581, -6.33795881271, 4.8581533432], [-259.404632568, -35.6192321777, -300.486175537, -116.959793091, -11.4860258102, -49.6790618896, 47.8375778198, 30.5839138031, 104.407730103, -4.88777828217, 37.6306266785, -15.5073070526, 27.4706096649], [96.9342269897, 17.9196071625, 278.691864014, 137.678421021, 30.3953819275, 28.6298618317, -46.1338157654, 1.60584747791, -4.88777828217, 78.2747268677, 8.93057155609, 30.0169849396, -11.6681518555], [-114.76902771, 20.9020957947, -90.2064590454, -27.8926868439, -15.052022934, -31.0690040588, 20.0804824829, -0.159993037581, 37.6306266785, 8.93057155609, 64.6640167236, 17.7285804749, 20.3734817505], [35.2701644897, 42.2487716675, 200.460830688, 77.0312576294, 14.8543863297, 15.4844427109, -21.348285675, -6.33795881271, -15.5073070526, 30.0169849396, 17.7285804749, 54.6681976318, 10.5133905411], [-17.9292507172, 11.9249372482, -132.271865845, -56.1554603577, -12.0113792419, -21.951675415, 21.3840808868, 4.8581533432, 27.4706096649, -11.6681518555, 20.3734817505, 10.5133905411, 47.4526367188]],
        "icov": [[0.000756033929065, -0.0018176761223, 0.00139331177343, -0.00195071054623, 0.00224785809405, -0.00215416750871, 0.00229516276158, -0.00308569706976, 0.00182815827429, -0.000690275162924, 0.00104294798803, -0.000260316068307, -0.000446333753644], [-0.0018176761223, 0.00834050402045, -0.00425520213321, 0.00383489392698, -0.00539009878412, 0.00335849216208, -0.00727711617947, 0.0103863179684, -0.005749957636, 0.00445442693308, -0.00476198410615, 0.00157367496286, -0.00158055278007], [0.00139331177343, -0.00425520213321, 0.0053300303407, -0.00648371968418, 0.00354476086795, -0.00386228831485, 0.00296380533837, -0.00566361937672, 0.00581520283595, -0.00429227761924, 0.0045614358969, -0.00522811897099, 0.00191293668468], [-0.00195071054623, 0.00383489392698, -0.00648371968418, 0.0131721105427, -0.00858957506716, 0.00302837789059, -0.00105671165511, 0.00960858631879, -0.0061122761108, 0.00109428633004, -0.00628724088892, 0.00542208785191, -0.000161140895216], [0.00224785809405, -0.00539009878412, 0.00354476086795, -0.00858957506716, 0.0184322111309, -0.0102725904435, 0.00455467915162, -0.008849080652, 0.000317652884405, -0.0001496704499, 0.00548547599465, -0.000803070142865, -0.00171117752325], [-0.00215416750871, 0.00335849216208, -0.00386228831485, 0.00302837789059, -0.0102725904435, 0.0318487323821, -0.0167685598135, 0.00411378545687, 0.00476280134171, -0.00670070387423, 0.00656516337767, -0.00138562382199, 0.00351183488965], [0.00229516276158, -0.00727711617947, 0.00296380533837, -0.00105671165511, 0.00455467915162, -0.0167685598135, 0.0302780810744, -0.0137859797105, -0.00223133922555, 0.0109844077379, -0.00680265761912, 0.00466893007979, -0.00325156655163], [-0.00308569706976, 0.0103863179684, -0.00566361937672, 0.00960858631879, -0.008849080652, 0.00411378545687, -0.0137859797105, 0.038483645767, -0.0147331664339, -0.0021915147081, 0.000513148552272, -0.00200907490216, 0.00195854716003], [0.00182815827429, -0.005749957636, 0.00581520283595, -0.0061122761108, 0.000317652884405, 0.00476280134171, -0.00223133922555, -0.0147331664339, 0.0328032560647, -0.0148028843105, -0.00301748816855, 0.00625996943563, -0.00681165466085], [-0.000690275162924, 0.00445442693308, -0.00429227761924, 0.00109428633004, -0.0001496704499, -0.00670070387423, 0.0109844077379, -0.0021915147081, -0.0148028843105, 0.0378113985062, -0.0113591337577, -0.00485371332616, 0.00390623300336], [0.00104294798803, -0.00476198410615, 0.0045614358969, -0.00628724088892, 0.00548547599465, 0.00656516337767, -0.00680265761912, 0.000513148552272, -0.00301748816855, -0.0113591337577, 0.0367729589343, -0.0176147818565, 0.00137194653507], [-0.000260316068307, 0.00157367496286, -0.00522811897099, 0.00542208785191, -0.000803070142865, -0.00138562382199, 0.00466893007979, -0.00200907490216, 0.00625996943563, -0.00485371332616, -0.0176147818565, 0.0446962751448, -0.0185503605753], [-0.000446333753644, -0.00158055278007, 0.00191293668468, -0.000161140895216, -0.00171117752325, 0.00351183488965, -0.00325156655163, 0.00195854716003, -0.00681165466085, 0.00390623300336, 0.00137194653507, -0.0185503605753, 0.0373246483505]]
    },
    "melbands": {
        "max": [0.0280795022845, 0.0467896796763, 0.0275574568659, 0.0161156021059, 0.00588068412617, 0.00413569994271, 0.00285638659261, 0.0010505450191, 0.00286991684698, 0.0112417433411, 0.00713140610605, 0.00219745654613, 0.00170062517282, 0.00127633893862, 0.00098186021205, 0.000709141837433, 0.000513557286467, 0.00042543982272, 0.000378983037081, 0.000504223746248, 0.000905419990886, 0.000496775493957, 0.000419869640609, 0.000204670999665, 0.000251919438597, 0.000107558953459, 7.41058684071e-05, 5.72996432311e-05, 0.000100466088043, 5.02806724398e-05, 3.60156955139e-05, 6.88522341079e-05, 4.02739096899e-05, 3.83088481613e-05, 2.39100609178e-05, 2.00162958208e-05, 1.91314611584e-05, 1.56184887601e-05, 1.77027832251e-05, 2.44801849476e-05],
        "mean": [0.00280589610338, 0.00226311432198, 0.00110682402737, 0.000889597286005, 0.000335244549206, 0.000204862109968, 0.000173963911948, 9.95589507511e-05, 0.000196491513634, 0.000522195769008, 0.000668641529046, 0.000348641595338, 0.000187107507372, 0.000166054960573, 0.000133929061121, 9.500910528e-05, 8.84146793396e-05, 7.7546297689e-05, 6.17767873337e-05, 5.1499086112e-05, 4.70109007438e-05, 3.32376112055e-05, 2.34079125221e-05, 2.04043044505e-05, 1.62805317814e-05, 1.09893071567e-05, 7.20725802239e-06, 5.13338318342e-06, 6.02152749707e-06, 4.71796511192e-06, 3.74433329853e-06, 3.23141057379e-06, 3.10264385917e-06, 2.88955334327e-06, 1.77872129825e-06, 1.29194893361e-06, 1.00854890661e-06, 8.5148008111e-07, 8.08497929938e-07, 7.96930862634e-07],
        "min": [3.98416606208e-24, 5.69708285446e-24, 7.92813177242e-24, 1.54914059098e-23, 6.90855745142e-24, 4.2015429954e-24, 1.63563808484e-23, 8.46065784852e-24, 3.06674824222e-24, 8.52501233231e-24, 1.79708903983e-23, 4.1099018129e-24, 1.08793132725e-23, 9.9192711286e-24, 1.14806611517e-23, 1.09839548828e-23, 1.67898204727e-23, 7.733707536e-24, 8.02184055935e-24, 1.71193592273e-23, 1.48735479608e-23, 1.31230987442e-23, 1.62132862133e-23, 1.43900030471e-23, 1.11217318064e-23, 8.05564719345e-24, 1.31059236646e-23, 1.02352659303e-23, 6.3560483453e-24, 9.63967831341e-24, 1.54068179327e-23, 1.0671857054e-23, 8.36548414689e-24, 9.54906265009e-24, 1.10402259088e-23, 6.53971054682e-24, 8.43931837217e-24, 1.30346335158e-23, 9.65083044003e-24, 7.02148762316e-24],
        "stdev": [0.00474719097838, 0.00447211042047, 0.002492435975, 0.0019510879647, 0.000697390059941, 0.000453929067589, 0.000310962554067, 9.80724144028e-05, 0.00024961665622, 0.000885275308974, 0.000943505030591, 0.00038749788655, 0.000223333656322, 0.000173156280653, 0.000140665259096, 8.93251853995e-05, 8.31375291455e-05, 7.25312565919e-05, 5.42640045751e-05, 4.66594901809e-05, 6.75664632581e-05, 4.41802694695e-05, 3.18272686854e-05, 2.31455578614e-05, 2.07630273508e-05, 1.15292195915e-05, 7.27266842659e-06, 5.49406968275e-06, 9.76817500487e-06, 6.14816917732e-06, 4.62135494672e-06, 4.83913891003e-06, 4.52352378488e-06, 4.60072305941e-06, 3.23475205732e-06, 2.41973589254e-06, 1.99566488845e-06, 1.79818732704e-06, 1.90555692825e-06, 2.03438776225e-06]
    },
    "melbands128": {
        "max": [0.00558336405084, 0.0268562026322, 0.0502728559077, 0.065491206944, 0.0607448555529, 0.0350680537522, 0.0350414998829, 0.0375848971307, 0.0304177775979, 0.021779274568, 0.00859028380364, 0.00747896451503, 0.0090161934495, 0.00476237200201, 0.00387056684121, 0.00895073078573, 0.00658904528245, 0.00279698288068, 0.00202190782875, 0.00168292876333, 0.00167548656464, 0.00105433166027, 0.00343435397372, 0.00878498982638, 0.0142454374582, 0.0261475518346, 0.0208337884396, 0.0131115829572, 0.00796384457499, 0.00382851436734, 0.00337483850308, 0.00488707050681, 0.00272429455072, 0.00195511081256, 0.00128897465765, 0.00258699408732, 0.00362261105329, 0.00197679828852, 0.00100145500619, 0.00104607036337, 0.0013095124159, 0.00121556816157, 0.000783039897215, 0.000842203618959, 0.000756409601308, 0.000496473396197, 0.000734498840757, 0.000604297383688, 0.000410949403886, 0.000266087299678, 0.0006471061497, 0.000634837255348, 0.00152972678188, 0.000976598705165, 0.00125545577612, 0.000507909804583, 0.000290071679046, 0.000609861686826, 0.000534149759915, 0.000644740706775, 0.000225002775551, 0.000450799794635, 0.000635787320789, 0.000120575947221, 0.000146350590512, 0.00013555251644, 0.00014032368199, 9.6929819847e-05, 0.000141996948514, 8.38652413222e-05, 4.23342862632e-05, 8.61803564476e-05, 9.24892738112e-05, 0.000176204630407, 3.80095370929e-05, 6.45552063361e-05, 6.1324237322e-05, 5.76312668272e-05, 3.95820752601e-05, 5.4549655033e-05, 8.34519887576e-05, 8.43582238303e-05, 4.21457953053e-05, 5.15628707944e-05, 7.56100635044e-05, 4.03052363254e-05, 6.28067500656e-05, 3.46081797034e-05, 3.22462910844e-05, 3.27943926095e-05, 2.55613722402e-05, 2.21258087549e-05, 1.95717275346e-05, 2.63501096924e-05, 2.30199984799e-05, 2.30396944971e-05, 2.361186489e-05, 2.8147813282e-05, 2.31631820498e-05, 1.89746751857e-05, 1.68322585523e-05, 3.1283179851e-05, 2.92265885946e-05, 2.52444388025e-05, 3.8305624912e-05, 4.75698834634e-05, 1.50528749145e-05, 9.06727791516e-07, 5.03853989642e-08, 4.51087984743e-08, 4.15590477587e-08, 3.89440764081e-08, 3.69416817136e-08, 3.51734499304e-08, 3.37271011119e-08, 3.24914211092e-08, 3.13189723045e-08, 3.02765883475e-08, 2.9375044619e-08, 2.85945933598e-08, 2.78854574987e-08, 2.72121738476e-08, 2.66898734225e-08, 2.62516675065e-08, 2.58348062943e-08, 2.55412988537e-08, 2.53099479153e-08, 2.51716745225e-08],
        "mean": [0.000393094756873, 0.00247045792639, 0.00385149382055, 0.00343142822385, 0.00227591069415, 0.00131962995511, 0.00109937693924, 0.000910771428607, 0.00132978591137, 0.0011117431568, 0.000459654605947, 0.000314548640745, 0.000420515600126, 0.000186495992239, 0.000148485501995, 0.000263675494352, 0.00021157982701, 0.000151170228492, 0.000142826043884, 8.65557449288e-05, 8.33138474263e-05, 0.000112645546324, 0.0001844290382, 0.000301244552247, 0.000422144308686, 0.000609284150414, 0.000789855432231, 0.000708809762727, 0.000570619537029, 0.00036695599556, 0.00029491254827, 0.00024627437233, 0.000185656332178, 0.000140488642501, 0.000127483028336, 0.000193974541617, 0.000206781594898, 0.000120923898066, 0.000101493889815, 9.27151631913e-05, 9.4186863862e-05, 9.81587727438e-05, 8.54188256199e-05, 8.7773463747e-05, 8.33054364193e-05, 7.434636791e-05, 7.22331315046e-05, 6.66225023451e-05, 5.47266172362e-05, 5.16762920597e-05, 5.18138658663e-05, 5.04958225065e-05, 4.90157726745e-05, 4.41863048763e-05, 4.44609177066e-05, 2.97964033962e-05, 2.76556038443e-05, 2.56980074482e-05, 2.1934560209e-05, 1.8586859369e-05, 1.98984544113e-05, 2.23046808969e-05, 1.96709606826e-05, 1.35138461701e-05, 1.27973253257e-05, 1.0930798453e-05, 1.06622110252e-05, 7.35389221518e-06, 6.84718088451e-06, 6.17935893388e-06, 4.65474249722e-06, 4.79335403725e-06, 5.99369923293e-06, 7.27404494683e-06, 4.28083376391e-06, 4.80435346617e-06, 5.00146234117e-06, 4.13640282204e-06, 3.47096715814e-06, 3.5377529457e-06, 3.11675285047e-06, 3.21601623909e-06, 3.19952278005e-06, 3.00356532534e-06, 3.11998928737e-06, 3.23583208228e-06, 2.85531791633e-06, 2.055159257e-06, 1.82472297183e-06, 1.42806368331e-06, 1.44917873968e-06, 1.15612829177e-06, 1.20075765153e-06, 1.09473330667e-06, 8.2054231143e-07, 8.07895276012e-07, 9.26718144001e-07, 8.08915217476e-07, 8.2984229266e-07, 8.08496281479e-07, 7.0806822805e-07, 7.88517866113e-07, 8.96406561424e-07, 9.50840046698e-07, 1.42255066748e-06, 1.64617722476e-06, 4.239787188e-07, 2.00303773568e-08, 1.16659917837e-10, 9.09201811061e-11, 8.38219771371e-11, 7.93486734652e-11, 7.5903304475e-11, 7.36620278663e-11, 7.20276407962e-11, 7.14309514316e-11, 6.42588274258e-11, 6.14024595058e-11, 5.95949192772e-11, 5.80106587766e-11, 5.65656028961e-11, 5.52217091498e-11, 5.41614288141e-11, 5.32632410399e-11, 5.23620036219e-11, 5.16525676397e-11, 5.11280462412e-11, 5.08401237775e-11],
        "min": [4.59539166309e-24, 3.17506495818e-24, 3.78145365855e-24, 5.3841539607e-24, 4.46725146423e-24, 6.88324211611e-24, 9.62728057542e-24, 2.21002853586e-24, 1.34403076028e-23, 2.13137752588e-23, 1.24801849951e-23, 1.16556336559e-23, 2.66031645423e-24, 4.7173775636e-24, 5.77206053362e-24, 1.54300206985e-24, 6.94474250114e-24, 2.33911489449e-23, 2.57506334901e-23, 5.42845323369e-24, 4.27363738796e-24, 4.11567839479e-25, 8.07408898647e-25, 8.84976743432e-24, 7.11954697799e-24, 4.28099193818e-24, 2.09178065275e-23, 2.83442140867e-23, 5.47781502154e-24, 5.04671003102e-24, 1.41175523814e-24, 6.71828420108e-24, 1.52079792307e-23, 1.17895498944e-23, 3.61576131402e-24, 1.03547420698e-23, 1.85318225667e-23, 1.38894140048e-23, 5.62620370212e-24, 4.85726508463e-24, 7.30712547948e-24, 2.73321497215e-23, 1.9174979285e-23, 1.46728775237e-23, 2.86188757324e-24, 5.33523472381e-24, 1.50171048683e-23, 4.34891049553e-24, 7.85753818774e-24, 1.02417890211e-23, 2.02022292226e-23, 2.19694590883e-23, 1.64886176019e-23, 1.16787638465e-23, 1.1375064231e-23, 6.29745175726e-24, 2.17185161235e-23, 2.28407070488e-23, 1.26175075349e-23, 9.16801127843e-24, 1.47335503936e-23, 1.56983525243e-23, 1.94997138766e-23, 5.85433714832e-24, 5.12468774821e-24, 5.92829680248e-24, 7.16566299765e-24, 2.52703986368e-23, 1.08642128971e-23, 3.42958185735e-24, 1.40313442811e-23, 1.15246677573e-23, 3.99118021882e-24, 8.76534511797e-24, 4.93398811855e-24, 4.6764017616e-24, 1.57845765989e-23, 1.3934767196e-23, 1.87065205473e-23, 1.16127472328e-23, 9.53267485364e-24, 1.28735252419e-23, 9.11032188043e-24, 7.50374432694e-24, 7.95568273954e-24, 8.07685650774e-24, 1.13193580293e-23, 8.52808810097e-24, 1.16251749475e-23, 1.43275662842e-23, 6.01570140749e-24, 4.98142666352e-24, 5.05522105133e-24, 5.55188314409e-24, 1.0007351393e-23, 2.17536551436e-23, 1.00137167116e-23, 7.53040861439e-24, 1.24791200329e-23, 8.21183770838e-24, 8.78788366289e-24, 6.28837591255e-24, 4.68114794324e-24, 1.19246312803e-23, 1.20123037036e-23, 8.47777218586e-24, 9.48539053098e-24, 7.55247778708e-24, 4.46887770098e-24, 4.45163793476e-24, 5.00595708223e-24, 1.23533188066e-23, 7.46865106071e-24, 1.03043851339e-23, 1.24506476762e-23, 1.04628097029e-23, 9.77942896707e-24, 1.115524104e-23, 1.51111134224e-23, 1.3946546467e-23, 1.5838777654e-23, 9.23478993178e-24, 1.09889523166e-23, 9.15548968928e-24, 9.38367243928e-24, 9.02492137655e-24, 1.13472923828e-23, 8.2757898731e-24],
        "stdev": [0.000824403599836, 0.0047516040504, 0.00691445637494, 0.00706543307751, 0.00510972598568, 0.0033141663298, 0.00265015009791, 0.00298055680469, 0.00359897152521, 0.00257022702135, 0.00107953732368, 0.000753633270506, 0.000992607092485, 0.000408890511608, 0.000362096820027, 0.000836729130242, 0.000618571415544, 0.000235851475736, 0.000212897430174, 0.000118691874377, 0.000118430303701, 0.000123153920867, 0.000252543308306, 0.000653386174235, 0.00106277957093, 0.00144622032531, 0.00160369102377, 0.00140448985621, 0.000959497876465, 0.00050108821597, 0.00040217518108, 0.000383309292374, 0.000291998294415, 0.000189744343515, 0.000156767098815, 0.000266339629889, 0.000347933906596, 0.000173803884536, 0.000121422497614, 0.000100377983472, 0.000116966184578, 0.000123505698866, 9.35815478442e-05, 0.000111093446321, 0.000107486928755, 7.88518154877e-05, 8.61564985826e-05, 7.53609783715e-05, 5.53495883651e-05, 4.88042678626e-05, 5.84703702771e-05, 5.84417866776e-05, 9.49168097577e-05, 8.41432120069e-05, 0.000101335637737, 4.07251100114e-05, 3.37985766237e-05, 4.56707348349e-05, 4.03094709327e-05, 3.36614830303e-05, 2.61910281552e-05, 3.80888704967e-05, 4.42007585661e-05, 1.47146311065e-05, 1.52192951646e-05, 1.47917216964e-05, 1.67695106938e-05, 7.95729374659e-06, 9.97376173473e-06, 7.86332293501e-06, 5.07971481056e-06, 6.70526469548e-06, 9.85117003438e-06, 1.61551615747e-05, 5.11844518769e-06, 7.03020214132e-06, 7.88043507782e-06, 6.01309420745e-06, 4.65954872197e-06, 4.88311025038e-06, 5.29419276063e-06, 5.7295278566e-06, 4.67532072435e-06, 4.87111901748e-06, 6.31270313534e-06, 5.17864100402e-06, 5.38712583875e-06, 3.97236044591e-06, 3.63514072887e-06, 2.79319328911e-06, 2.8762437978e-06, 2.23377514885e-06, 2.49591653301e-06, 2.35006564253e-06, 1.6697040337e-06, 1.85641636108e-06, 2.09335644286e-06, 2.03508943741e-06, 2.13634325519e-06, 2.02602473109e-06, 1.71137935467e-06, 2.23134520638e-06, 2.47022603617e-06, 2.42789406002e-06, 3.97911253458e-06, 4.89054264108e-06, 1.35068432883e-06, 6.35009200778e-08, 2.14672968291e-09, 1.92136218047e-09, 1.7701636823e-09, 1.65878466518e-09, 1.57349111518e-09, 1.49821577367e-09, 1.436728847e-09, 1.3842907931e-09, 1.33396971247e-09, 1.28958888013e-09, 1.25118815308e-09, 1.2179459663e-09, 1.18774157176e-09, 1.15906328979e-09, 1.13681664082e-09, 1.11815212644e-09, 1.10039899415e-09, 1.08790232378e-09, 1.07805053773e-09, 1.07216147072e-09]
    },
    "mfcc": {
        "mean": [-612.288879395, 106.773857117, -30.5523109436, -0.88079893589, -10.8808641434, 5.84703779221, -0.676214694977, 9.45392608643, 5.70007896423, 2.60543179512, 0.444434434175, -3.3067855835, -2.18461680412],
        "cov": [[2430.76904297, 125.253387451, 218.850738525, 160.049240112, 119.943603516, 61.3269996643, 35.8372535706, -12.5458450317, 17.5279884338, 0.872986912727, -23.4783287048, -9.44113540649, -9.31336975098], [125.253387451, 440.116210938, 441.588592529, 238.941223145, 144.681533813, 176.946456909, 83.4518890381, 51.1379890442, 5.82367229462, -12.1955833435, -8.95804595947, 26.8213806152, 40.7864494324], [218.850738525, 441.588592529, 2438.89208984, 1167.15856934, 813.071716309, 636.765869141, 243.776473999, -46.2481536865, -88.9797821045, -78.3012390137, -25.5654983521, 79.1808242798, 154.344207764], [160.049240112, 238.941223145, 1167.15856934, 693.489990234, 458.84564209, 346.020080566, 118.526130676, -18.823299408, -35.6837768555, -24.0806674957, -4.38953447342, 50.8765678406, 77.3642044067], [119.943603516, 144.681533813, 813.071716309, 458.84564209, 379.152709961, 252.562072754, 88.3553314209, -14.5011739731, -11.698931694, -14.4374732971, 0.435673117638, 32.5485687256, 51.5239486694], [61.3269996643, 176.946456909, 636.765869141, 346.020080566, 252.562072754, 249.742919922, 94.5753250122, 8.73024177551, -6.82873392105, -10.4972257614, -7.89230585098, 20.4591293335, 41.703163147], [35.8372535706, 83.4518890381, 243.776473999, 118.526130676, 88.3553314209, 94.5753250122, 86.183921814, 29.0447998047, 3.69187617302, -1.4450622797, -7.89477396011, 5.53533744812, 12.2207527161], [-12.5458450317, 51.1379890442, -46.2481536865, -18.823299408, -14.5011739731, 8.73024177551, 29.0447998047, 59.1523513794, 24.718503952, 9.52731227875, 4.82637453079, -1.82228136063, -7.48444795609], [17.5279884338, 5.82367229462, -88.9797821045, -35.6837768555, -11.698931694, -6.82873392105, 3.69187617302, 24.718503952, 54.3036308289, 24.7469139099, 5.31173610687, 2.08884811401, -10.5404977798], [0.872986912727, -12.1955833435, -78.3012390137, -24.0806674957, -14.4374732971, -10.4972257614, -1.4450622797, 9.52731227875, 24.7469139099, 47.6341209412, 17.2360935211, -1.26004242897, -6.74027442932], [-23.4783287048, -8.95804595947, -25.5654983521, -4.38953447342, 0.435673117638, -7.89230585098, -7.89477396011, 4.82637453079, 5.31173610687, 17.2360935211, 41.1231460571, 11.3693695068, 1.98334980011], [-9.44113540649, 26.8213806152, 79.1808242798, 50.8765678406, 32.5485687256, 20.4591293335, 5.53533744812, -1.82228136063, 2.08884811401, -1.26004242897, 11.3693695068, 42.8148460388, 24.3636779785], [-9.31336975098, 40.7864494324, 154.344207764, 77.3642044067, 51.5239486694, 41.703163147, 12.2207527161, -7.48444795609, -10.5404977798, -6.74027442932, 1.98334980011, 24.3636779785, 49.5322189331]],
        "icov": [[0.000439019902842, -0.000182427524123, 5.55549668206e-05, -0.000189440019312, -0.000158487164299, 0.00033456744859, -0.00026150958729, 0.000420908007072, -0.000313378492137, 1.21645252875e-05, 0.00015966418141, 0.000209611083847, 0.000192306077224], [-0.000182427524123, 0.00395617820323, -0.000222537186346, -0.000543563684914, 0.00145962892566, -0.00270662712865, 0.000642981030978, -0.00369879091159, 4.13310845033e-05, 0.000514548737556, 0.00070598180173, -0.001041420619, -0.00114376773126], [5.55549668206e-05, -0.000222537186346, 0.00283890543506, -0.0029420806095, -0.0010501757497, -0.000967316620518, -0.00213186955079, 0.00174696138129, 0.000622196239419, 0.0018159407191, -0.000389725493733, 0.000949815730564, -0.00143250951078], [-0.000189440019312, -0.000543563684914, -0.0029420806095, 0.0129529237747, -0.00737073225901, -0.00358849251643, 0.00325270788744, -0.00197308044881, 0.00448830379173, -0.00383269041777, 0.00177063501906, -0.00450144056231, 0.0015130431857], [-0.000158487164299, 0.00145962892566, -0.0010501757497, -0.00737073225901, 0.0170921459794, -0.00525101879612, -0.00125708419364, 0.00355426454917, -0.00616058381274, 0.00272484216839, -0.00369923515245, 0.00111324049067, -0.000297816033708], [0.00033456744859, -0.00270662712865, -0.000967316620518, -0.00358849251643, -0.00525101879612, 0.0217332635075, -0.00844249408692, 0.00105487578548, -0.00242307875305, -0.000584899622481, 0.000743992684875, 0.00367192388512, -0.00211405055597], [-0.00026150958729, 0.000642981030978, -0.00213186955079, 0.00325270788744, -0.00125708419364, -0.00844249408692, 0.0290220882744, -0.0161759387702, 0.00442871730775, -0.00451174983755, 0.00687675410882, -0.00266940891743, 0.00116116576828], [0.000420908007072, -0.00369879091159, 0.00174696138129, -0.00197308044881, 0.00355426454917, 0.00105487578548, -0.0161759387702, 0.0354968123138, -0.0136700905859, 0.00510981865227, -0.00835893768817, 0.00399646302685, 0.00168758863583], [-0.000313378492137, 4.13310845033e-05, 0.000622196239419, 0.00448830379173, -0.00616058381274, -0.00242307875305, 0.00442871730775, -0.0136700905859, 0.035073786974, -0.0165858548135, 0.00748048257083, -0.00935343373567, 0.00575607409701], [1.21645252875e-05, 0.000514548737556, 0.0018159407191, -0.00383269041777, 0.00272484216839, -0.000584899622481, -0.00451174983755, 0.00510981865227, -0.0165858548135, 0.0358276925981, -0.0154849914834, 0.00702017964795, -0.0020374909509], [0.00015966418141, 0.00070598180173, -0.000389725493733, 0.00177063501906, -0.00369923515245, 0.000743992684875, 0.00687675410882, -0.00835893768817, 0.00748048257083, -0.0154849914834, 0.0357669666409, -0.0121391303837, 0.00218286621384], [0.000209611083847, -0.001041420619, 0.000949815730564, -0.00450144056231, 0.00111324049067, 0.00367192388512, -0.00266940891743, 0.00399646302685, -0.00935343373567, 0.00702017964795, -0.0121391303837, 0.0397630259395, -0.0181264914572], [0.000192306077224, -0.00114376773126, -0.00143250951078, 0.0015130431857, -0.000297816033708, -0.00211405055597, 0.00116116576828, 0.00168758863583, 0.00575607409701, -0.0020374909509, 0.00218286621384, -0.0181264914572, 0.0351018048823]]
    },
    "spectral_contrast_coeffs": {
        "max": [-0.534737467766, -0.570885539055, -0.465804576874, -0.735462605953, -0.704420089722, -0.658311843872],
        "mean": [-0.743583083153, -0.788366734982, -0.777923166752, -0.829769968987, -0.805167794228, -0.755175769329],
        "min": [-0.963819205761, -0.969504356384, -0.962230980396, -0.968685865402, -0.959387362003, -0.961421191692],
        "stdev": [0.0576617717743, 0.0573161058128, 0.0603606291115, 0.0258787348866, 0.0318815968931, 0.0282951109111]
    },
    "spectral_contrast_valleys": {
        "max": [-4.8515496254, -5.38524770737, -5.01509523392, -5.52381896973, -5.89822864532, -7.86511850357],
        "mean": [-7.22258234024, -6.39749526978, -6.34427785873, -6.65751361847, -7.08128070831, -9.88095188141],
        "min": [-27.5639209747, -27.0914096832, -27.2363147736, -27.2301921844, -27.2933692932, -27.1950130463],
        "stdev": [1.64499211311, 1.05838739872, 1.18664157391, 1.14259088039, 1.0386480093, 1.00555121899]
    }
},
"rhythm": {
    "beats_count": 25,
    "beats_loudness": {
        "max": 0.136285215616,
        "mean": 0.0403299890459,
        "min": 0.0128086293116,
        "stdev": 0.0284258052707
    },
    "bpm": 122.862426758,
    "bpm_histogram_first_peak_bpm": 123,
    "bpm_histogram_first_peak_weight": 0.357142806053,
    "bpm_histogram_second_peak_bpm": 117,
    "bpm_histogram_second_peak_spread": 0.166666686535,
    "bpm_histogram_second_peak_weight": 0.208333328366,
    "danceability": 0.959617078304,
    "onset_rate": 2.42958807945,
    "beats_loudness_band_ratio": {
        "max": [0.895000576973, 0.342703700066, 0.534485042095, 0.673866510391, 0.312698632479, 0.069871135056],
        "mean": [0.288212060928, 0.108337461948, 0.230324268341, 0.262672901154, 0.122344829142, 0.0301703959703],
        "min": [0.00143713294528, 0.00350519409403, 0.00737530970946, 0.0101003469899, 0.00525203393772, 0.00698261801153],
        "stdev": [0.327263861895, 0.120738714933, 0.166551291943, 0.213622376323, 0.0958431065083, 0.0161699280143]
    },
    "beats_position": [0.487619042397, 0.99845802784, 1.50929701328, 2.02013611794, 2.51936507225, 2.97215414047, 3.41333317757, 3.86612248421, 4.33052158356, 4.82975053787, 5.31736946106, 5.80498838425, 6.29260778427, 6.78022670746, 7.26784563065, 7.75546455383, 8.24308395386, 8.74231243134, 9.25315189362, 9.77560043335, 10.2864398956, 10.774058342, 11.2500677109, 11.7260770798, 12.2136955261],
