{
"metadata": {
    "version": {
        "essentia": "2.1-beta5",
        "essentia_git_sha": "Undefined",
        "extractor": "music 2.0"
    },
    "audio_properties": {
        "analysis": {
            "equal_loudness": 0,
            "length": 27.329864502,
            "sample_rate": 44100,
            "start_time": 158.987030029,
            "downmix": "mix"
        },
        "bit_rate": 192000,
        "length": 186.340148926,
        "lossless": 0,
        "number_channels": 2,
        "replay_gain": -6.57943153381,
        "sample_rate": 48000,
        "codec": "mp3",
        "md5_encoded": "df055dd523effc3704f062621e8ba6b0"
    },
    "tags": {
        "file_name": "Finland_A Little Bit_Nina Åström.mp3",
        "encoding": ["Lavf58.29.100"]
    }
},
"lowlevel": {
    "average_loudness": 0.947772145271,
    "barkbands_crest": {
        "max": 24.4552307129,
        "mean": 9.18950176239,
        "min": 2.98111152649,
        "stdev": 3.62996578217
    },
    "barkbands_flatness_db": {
        "max": 0.297215163708,
        "mean": 0.178158909082,
        "min": 0.0439491644502,
        "stdev": 0.0341652482748
    },
    "barkbands_kurtosis": {
        "max": 37.2039756775,
        "mean": 2.62571644783,
        "min": -1.85000443459,
        "stdev": 4.08899831772
    },
    "barkbands_skewness": {
        "max": 5.38757753372,
        "mean": 1.08594548702,
        "min": -1.02137327194,
        "stdev": 0.849578619003
    },
    "barkbands_spread": {
        "max": 95.6439056396,
        "mean": 13.9504623413,
        "min": 3.09849667549,
        "stdev": 10.3849077225
    },
    "dissonance": {
        "max": 0.500000119209,
        "mean": 0.461489140987,
        "min": 0.295352429152,
        "stdev": 0.0353756584227
    },
    "dynamic_complexity": 1.69028818607,
    "erbbands_crest": {
        "max": 29.1179141998,
        "mean": 9.77214050293,
        "min": 3.73576545715,
        "stdev": 4.39613485336
    },
    "erbbands_flatness_db": {
        "max": 0.347370773554,
        "mean": 0.222792938352,
        "min": 0.0944196879864,
        "stdev": 0.042962692678
    },
    "erbbands_kurtosis": {
        "max": 17.7925872803,
        "mean": 0.935617029667,
        "min": -1.71342515945,
        "stdev": 1.99071419239
    },
    "erbbands_skewness": {
        "max": 3.64774656296,
        "mean": 0.678098678589,
        "min": -2.381980896,
        "stdev": 0.620117425919
    },
    "erbbands_spread": {
        "max": 117.551048279,
        "mean": 24.3194942474,
        "min": 4.21562290192,
        "stdev": 16.9009418488
    },
    "hfc": {
        "max": 129.620727539,
        "mean": 21.8607940674,
        "min": 0.0881634652615,
        "stdev": 15.1481847763
    },
    "loudness_ebu128": {
        "integrated": -16.7561855316,
        "loudness_range": 2.81812000275,
        "momentary": {
            "max": -13.4491605759,
            "mean": -17.0796298981,
            "min": -22.9994602203,
            "stdev": 1.73766362667
        },
        "short_term": {
            "max": -14.9533948898,
            "mean": -16.8170471191,
            "min": -18.144536972,
            "stdev": 0.828482806683
        }
    },
    "melbands_crest": {
        "max": 30.2796497345,
        "mean": 11.7446527481,
        "min": 4.0962805748,
        "stdev": 4.32879495621
    },
    "melbands_flatness_db": {
        "max": 0.37686920166,
        "mean": 0.189409941435,
        "min": 0.0633504018188,
        "stdev": 0.0634225010872
    },
    "melbands_kurtosis": {
        "max": 93.3717727661,
        "mean": 6.57940626144,
        "min": -1.68784379959,
        "stdev": 9.09811782837
    },
    "melbands_skewness": {
        "max": 8.29216766357,
        "mean": 1.60893762112,
        "min": -0.73897254467,
        "stdev": 1.13712978363
    },
    "melbands_spread": {
        "max": 109.520324707,
        "mean": 18.2893848419,
        "min": 2.75185346603,
        "stdev": 10.4985818863
    },
    "pitch_salience": {
        "max": 0.856625914574,
        "mean": 0.637451052666,
        "min": 0.242936179042,
        "stdev": 0.115928396583
    },
    "silence_rate_20dB": {
        "max": 1,
        "mean": 1,
        "min": 1,
        "stdev": 0
    },
    "silence_rate_30dB": {
        "max": 1,
        "mean": 0.995755493641,
        "min": 0,
        "stdev": 0.0650119408965
    },
    "silence_rate_60dB": {
        "max": 0,
        "mean": 0,
        "min": 0,
        "stdev": 0
    },
    "spectral_centroid": {
        "max": 3401.72998047,
        "mean": 1289.69995117,
        "min": 298.263671875,
        "stdev": 571.031494141
    },
    "spectral_complexity": {
        "max": 44,
        "mean": 22.4779281616,
        "min": 0,
        "stdev": 9.18280792236
    },
    "spectral_decrease": {
        "max": -1.05199295455e-11,
        "mean": -6.12515416165e-09,
        "min": -3.80891052032e-08,
        "stdev": 3.62102059448e-09
    },
    "spectral_energy": {
        "max": 0.15320341289,
        "mean": 0.0251006241888,
        "min": 4.77014291391e-05,
        "stdev": 0.014360729605
    },
    "spectral_energyband_high": {
        "max": 0.0132132768631,
        "mean": 0.00048800042714,
        "min": 2.51823735198e-06,
        "stdev": 0.000967418716755
    },
    "spectral_energyband_low": {
        "max": 0.0258618015796,
        "mean": 0.00425978284329,
        "min": 4.11589053328e-06,
        "stdev": 0.00556834693998
    },
    "spectral_energyband_middle_high": {
        "max": 0.0999007150531,
        "mean": 0.00961444247514,
        "min": 2.99898019875e-05,
        "stdev": 0.00901530683041
    },
    "spectral_energyband_middle_low": {
        "max": 0.12400188297,
        "mean": 0.0117768803611,
        "min": 9.85837959888e-06,
        "stdev": 0.0114086763933
    },
    "spectral_entropy": {
        "max": 8.56687831879,
        "mean": 7.47908258438,
        "min": 6.17359209061,
        "stdev": 0.40026769042
    },
    "spectral_flux": {
        "max": 0.332324236631,
        "mean": 0.0781221836805,
        "min": 0.0185697190464,
        "stdev": 0.0300978124142
    },
    "spectral_kurtosis": {
        "max": 37.2039604187,
        "mean": 5.45538425446,
        "min": -1.10815298557,
        "stdev": 3.35389351845
    },
    "spectral_rms": {
        "max": 0.0122256586328,
        "mean": 0.0047877561301,
        "min": 0.000215726628085,
        "stdev": 0.00125130615197
    },
    "spectral_rolloff": {
        "max": 9646.875,
        "mean": 1530.11901855,
        "min": 172.265625,
        "stdev": 1153.27368164
    },
    "spectral_skewness": {
        "max": 4.42379188538,
        "mean": 1.7065461874,
        "min": -0.0578709319234,
        "stdev": 0.450091660023
    },
    "spectral_spread": {
        "max": 10221554,
        "mean": 3524759,
        "min": 1560026.875,
        "stdev": 1380572.75
    },
    "spectral_strongpeak": {
        "max": 12.2206554413,
        "mean": 1.41733574867,
        "min": 0.00263426546007,
        "stdev": 1.44845473766
    },
    "zerocrossingrate": {
        "max": 0.2509765625,
        "mean": 0.0576217472553,
        "min": 0.009765625,
        "stdev": 0.0292338095605
    },
    "barkbands": {
        "max": [0.00351814646274, 0.0152447074652, 0.0141967236996, 0.00728942314163, 0.0486591160297, 0.0352970920503, 0.0346816517413, 0.0297385491431, 0.11494948715, 0.0509502254426, 0.0151219293475, 0.0854319408536, 0.0177073553205, 0.0228996053338, 0.0120175089687, 0.013094894588, 0.023616662249, 0.00601315777749, 0.00479459250346, 0.00339117692783, 0.00364089547656, 0.00257828435861, 0.00387366488576, 0.00483038183302, 0.00581808341667, 1.71539045368e-06, 1.46562086911e-07],
        "mean": [0.000523262424394, 0.00239112717099, 0.00106567481998, 0.000484608230181, 0.00383519683965, 0.00145710096695, 0.000901399645954, 0.00112140714191, 0.00262020854279, 0.00340494001284, 0.00126067933161, 0.00148999423254, 0.000823922804557, 0.000820964633022, 0.000676854862832, 0.000537018990144, 0.000517005100846, 0.000332680734573, 0.000275412254268, 0.000152344990056, 0.000105608007289, 9.84161524684e-05, 8.09152115835e-05, 8.05331364973e-05, 4.3345051381e-05, 1.52891015404e-08, 9.52970147239e-10],
        "min": [1.88404971624e-08, 7.73293322709e-07, 3.76175904648e-07, 2.12010874634e-07, 7.59715987897e-07, 8.4085297658e-07, 4.22333982897e-07, 7.09961682333e-07, 3.9880346776e-06, 2.93162293019e-06, 3.64772222383e-06, 6.17916430201e-06, 2.78734751191e-06, 1.59020760293e-06, 1.5695793536e-06, 1.71453882558e-06, 1.46455533923e-06, 1.70678811173e-06, 2.03049762604e-06, 8.02312854375e-07, 4.96844279496e-07, 4.54026348962e-07, 2.87975780111e-07, 1.85440896416e-07, 5.27734478339e-08, 2.84543655998e-11, 3.63479801813e-11],
        "stdev": [0.000655017618556, 0.00336057669483, 0.00163896789309, 0.000861197418999, 0.00702365906909, 0.00337534677237, 0.00234548165463, 0.00237466837279, 0.00543788122013, 0.00429023848847, 0.00135502836201, 0.00454457942396, 0.00134803669062, 0.00127567746677, 0.000860026979353, 0.000822747359052, 0.00126734597143, 0.000467883102829, 0.000386165134842, 0.000269814539934, 0.000220776128117, 0.000199337227968, 0.000266643095529, 0.000342050334439, 0.000224719580729, 8.3443566723e-08, 4.42291403502e-09]
    },
    "erbbands": {
        "max": [0.897663712502, 3.00497126579, 11.6200675964, 19.6391620636, 86.5850753784, 248.649978638, 324.989135742, 443.399108887, 467.231658936, 569.017211914, 599.089233398, 3052.48046875, 1461.7208252, 838.675842285, 655.794433594, 4106.92822266, 579.209350586, 1399.53771973, 906.753540039, 865.624206543, 221.305007935, 1501.24621582, 413.914398193, 267.70300293, 111.247161865, 134.104064941, 242.792282104, 74.0049438477, 96.8236160278, 83.0120315552, 123.085098267, 99.5471572876, 90.2030487061, 90.8787307739, 6.11269950867, 0.418444693089, 0.0125922234729, 0.00111423525959, 0.000229400015087, 0.000177375841304],
        "mean": [0.111628144979, 0.366648256779, 1.09145402908, 1.73394012451, 3.14919376373, 16.4843006134, 15.722369194, 12.7905054092, 15.1038885117, 20.2357311249, 23.0471973419, 61.2643051147, 107.653327942, 69.674156189, 58.3968391418, 64.5038909912, 39.345500946, 44.311832428, 36.7994270325, 36.0193405151, 26.974609375, 28.0011901855, 20.4323863983, 18.2769451141, 9.59215259552, 7.36807537079, 5.63224554062, 3.69334769249, 3.50178980827, 2.71767354012, 2.21463871002, 1.91946923733, 1.26189517975, 0.66781514883, 0.167181327939, 0.0090184956789, 0.000289912975859, 2.85841560981e-05, 1.79398120963e-05, 3.10206633003e-05],
        "min": [2.28638309636e-05, 0.000164183889865, 0.000517554813996, 0.00103794946335, 0.00199687317945, 0.00231098709628, 0.00471148267388, 0.00576866744086, 0.0077059851028, 0.00686563272029, 0.0283018983901, 0.115721739829, 0.133693158627, 0.0628802776337, 0.231251999736, 0.224311694503, 0.161437883973, 0.123422704637, 0.13577632606, 0.0723215192556, 0.09150942415, 0.0976047366858, 0.105401143432, 0.0875309854746, 0.0694071874022, 0.0389082171023, 0.0379589125514, 0.014889636077, 0.015664562583, 0.0160222593695, 0.00737180002034, 0.00601554196328, 0.00180103909224, 0.000610575079918, 0.000285265501589, 2.63758138317e-05, 2.10611210605e-06, 3.20005256071e-07, 5.8320978269e-07, 9.6270269978e-08],
        "stdev": [0.159753501415, 0.530423283577, 1.67519676685, 2.67754983902, 7.97943067551, 33.869682312, 33.475528717, 32.6015434265, 38.5287475586, 46.5710067749, 44.0830612183, 133.757278442, 123.087440491, 93.3575897217, 59.9148368835, 217.759796143, 52.6869354248, 69.0741577148, 57.4455375671, 56.7659721375, 29.6187381744, 67.1062698364, 34.485748291, 25.5483112335, 12.6527223587, 12.5055751801, 14.2209844589, 5.67531728745, 6.80707216263, 7.06562566757, 7.90420103073, 7.53654766083, 5.86067771912, 3.64140582085, 0.469702392817, 0.0259936135262, 0.000817453605123, 7.74621876189e-05, 1.63821277965e-05, 1.71979827428e-05]
    },
    "gfcc": {
        "mean": [-20.0001411438, 110.847038269, -170.125442505, 24.132226944, -75.8021621704, 25.2058849335, -29.9780273438, 10.7445640564, -13.4070367813, -10.2914991379, 0.0079562170431, -12.0983352661, 8.49418544769],
        "cov": [[1154.91162109, -473.659790039, -72.7922286987, 65.8519821167, -146.450256348, 53.249961853, -148.617172241, 96.1501693726, -40.2025489807, 70.6221313477, -118.004318237, 40.4544067383, 2.88623952866], [-473.659790039, 1740.17456055, 1425.3671875, 393.485900879, 269.608764648, -133.819366455, 46.8741188049, -309.022216797, -34.9946708679, -121.271850586, 322.118682861, -57.450378418, 60.1913032532], [-72.7922286987, 1425.3671875, 2454.51586914, 824.672180176, 11.5253257751, 100.878791809, -179.392776489, -324.686981201, -115.418540955, -31.3825073242, 252.800949097, 60.8879508972, 39.2481994629], [65.8519821167, 393.485900879, 824.672180176, 397.658538818, -8.10113811493, 3.94681048393, -94.4060440063, -104.239303589, -13.4307823181, -5.84902191162, 73.5129699707, 29.4488067627, 14.614774704], [-146.450256348, 269.608764648, 11.5253257751, -8.10113811493, 155.84185791, -18.5102062225, 47.9866523743, -20.4318351746, 6.59001779556, -25.7231311798, 22.3080291748, -31.2639160156, 12.0948390961], [53.249961853, -133.819366455, 100.878791809, 3.94681048393, -18.5102062225, 205.234298706, 29.9018230438, 15.6877536774, -6.96454238892, 13.5548372269, -60.1804847717, -2.44751691818, -21.6938705444], [-148.617172241, 46.8741188049, -179.392776489, -94.4060440063, 47.9866523743, 29.9018230438, 142.614685059, 20.3777313232, 14.6360836029, -18.7045230865, 17.0752906799, -40.2694587708, -9.89975833893], [96.1501693726, -309.022216797, -324.686981201, -104.239303589, -20.4318351746, 15.6877536774, 20.3777313232, 131.29246521, 27.0306034088, 20.719209671, -66.2728271484, -6.24288892746, -6.05348730087], [-40.2025489807, -34.9946708679, -115.418540955, -13.4307823181, 6.59001779556, -6.96454238892, 14.6360836029, 27.0306034088, 76.5823745728, 1.77096605301, -14.7379407883, -12.9606752396, -5.54895830154], [70.6221313477, -121.271850586, -31.3825073242, -5.84902191162, -25.7231311798, 13.5548372269, -18.7045230865, 20.719209671, 1.77096605301, 77.650428772, -5.14910984039, 16.374502182, 9.66073131561], [-118.004318237, 322.118682861, 252.800949097, 73.5129699707, 22.3080291748, -60.1804847717, 17.0752906799, -66.2728271484, -14.7379407883, -5.14910984039, 170.457061768, -1.57968735695, 12.1016292572], [40.4544067383, -57.450378418, 60.8879508972, 29.4488067627, -31.2639160156, -2.44751691818, -40.2694587708, -6.24288892746, -12.9606752396, 16.374502182, -1.57968735695, 74.5363311768, 12.2383174896], [2.88623952866, 60.1913032532, 39.2481994629, 14.614774704, 12.0948390961, -21.6938705444, -9.89975833893, -6.05348730087, -5.54895830154, 9.66073131561, 12.1016292572, 12.2383174896, 58.688999176]],
        "icov": [[0.00145120022353, -0.00110254215542, 0.00123251415789, -0.00176148535684, 0.00182685873006, -0.00131942389999, 0.00183602015022, -0.00180838140659, 0.00198498670943, -0.000975040020421, 0.000562419940252, 0.000164935874636, 0.000130592175992], [-0.00110254215542, 0.0108922142535, -0.00875508412719, 0.00817188806832, -0.0119466520846, 0.00883705168962, -0.0067783119157, 0.00837724190205, -0.00769812893122, 0.00541761517525, -0.003497132333, 0.00319319590926, -0.00341198290698], [0.00123251415789, -0.00875508412719, 0.00929408706725, -0.0104118641466, 0.00948737002909, -0.00894566904753, 0.00647250097245, -0.00566097348928, 0.00806893967092, -0.00394431781024, 0.00125938700512, -0.00224613049068, 0.00216282554902], [-0.00176148535684, 0.00817188806832, -0.0104118641466, 0.0169400665909, -0.00914862379432, 0.00841254089028, -0.00395082542673, 0.00691345427185, -0.0103979548439, 0.00418967241421, -0.00188361760229, 0.00152888684534, -0.00211147149093], [0.00182685873006, -0.0119466520846, 0.00948737002909, -0.00914862379432, 0.0218081921339, -0.00889346189797, 0.00522368215024, -0.00832445826381, 0.00833783112466, -0.00475889258087, 0.0044455844909, -0.000961248704698, 0.0011924142018], [-0.00131942389999, 0.00883705168962, -0.00894566904753, 0.00841254089028, -0.00889346189797, 0.0155127691105, -0.009899972938, 0.00656153634191, -0.00629566470161, 0.00209825835191, 0.0017658470897, 0.00201616063714, -0.00026224294561], [0.00183602015022, -0.0067783119157, 0.00647250097245, -0.00395082542673, 0.00522368215024, -0.009899972938, 0.0183403957635, -0.00705268466845, 0.00459912279621, -0.00107173318975, -0.00232050940394, 0.00192103278823, 0.00183632830158], [-0.00180838140659, 0.00837724190205, -0.00566097348928, 0.00691345427185, -0.00832445826381, 0.00656153634191, -0.00705268466845, 0.020685210824, -0.00891750026494, 0.00189199123997, 1.10045011752e-05, 0.00250946101733, -0.0030338387005], [0.00198498670943, -0.00769812893122, 0.00806893967092, -0.0103979548439, 0.00833783112466, -0.00629566470161, 0.00459912279621, -0.00891750026494, 0.0227885730565, -0.00474407058209, 0.00280210538767, 8.25679380796e-05, 0.00314187258482], [-0.000975040020421, 0.00541761517525, -0.00394431781024, 0.00418967241421, -0.00475889258087, 0.00209825835191, -0.00107173318975, 0.00189199123997, -0.00474407058209, 0.0187323950231, -0.00417378358543, -0.00032526141149, -0.00474680587649], [0.000562419940252, -0.003497132333, 0.00125938700512, -0.00188361760229, 0.0044455844909, 0.0017658470897, -0.00232050940394, 1.10045011752e-05, 0.00280210538767, -0.00417378358543, 0.0121057536453, -0.00115649960935, 0.00122905569151], [0.000164935874636, 0.00319319590926, -0.00224613049068, 0.00152888684534, -0.000961248704698, 0.00201616063714, 0.00192103278823, 0.00250946101733, 8.25679380796e-05, -0.00032526141149, -0.00115649960935, 0.0186860263348, -0.00423218589276], [0.000130592175992, -0.00341198290698, 0.00216282554902, -0.00211147149093, 0.0011924142018, -0.00026224294561, 0.00183632830158, -0.0030338387005, 0.00314187258482, -0.00474680587649, 0.00122905569151, -0.00423218589276, 0.0209729634225]]
    },
    "melbands": {
        "max": [0.00548173487186, 0.00478414306417, 0.00356953009032, 0.0111836083233, 0.00938664190471, 0.00858168117702, 0.00735730025917, 0.00699920859188, 0.00996657647192, 0.0165779665112, 0.00767435133457, 0.00417752703652, 0.0022705080919, 0.00650609750301, 0.0076157040894, 0.00195457460359, 0.0023536963854, 0.00191975361668, 0.000815179722849, 0.00119000510313, 0.00024566942011, 0.00146079412661, 0.00100569066126, 0.000367623491911, 0.000263805821305, 0.000130406362587, 0.000137445706059, 7.85007723607e-05, 0.000171986888745, 9.27517903619e-05, 6.17122495896e-05, 6.03668668191e-05, 5.19650166098e-05, 4.79249101772e-05, 6.63225364406e-05, 6.97406867403e-05, 7.26339785615e-05, 6.99377051205e-05, 0.000132812390802, 4.77160865557e-05],
        "mean": [0.000807584263384, 0.000535574101377, 0.000312008924084, 0.000649849767797, 0.000682579586282, 0.000291161617497, 0.000216417072807, 0.00023234312539, 0.000201322662178, 0.000404019694543, 0.000546111317817, 0.000295831530821, 0.000175752764335, 0.000171299630892, 0.000130717307911, 8.00172856543e-05, 8.22003930807e-05, 5.91995121795e-05, 5.03444789501e-05, 4.39202704001e-05, 2.88718129013e-05, 2.94017590932e-05, 2.37158456002e-05, 1.56366713782e-05, 1.52658594743e-05, 7.91672027844e-06, 5.35958952241e-06, 4.69026417704e-06, 4.05984064855e-06, 2.21078312279e-06, 2.15153886529e-06, 2.15022805605e-06, 1.59692456236e-06, 1.43458225921e-06, 1.19038429602e-06, 1.34802962748e-06, 1.10715348001e-06, 8.65485276336e-07, 8.63462616962e-07, 4.54094418956e-07],
        "min": [2.13515377823e-07, 2.61600888507e-07, 1.96601476432e-07, 1.58570571784e-07, 1.48263225697e-07, 1.50855427705e-07, 1.06821445911e-07, 7.30526679149e-08, 2.92643079547e-07, 7.76136062086e-07, 6.54915368159e-07, 2.19302961568e-07, 6.31811587937e-07, 8.27374321943e-07, 2.69046353196e-07, 1.99775186616e-07, 1.80626358315e-07, 2.14477282157e-07, 8.95673579748e-08, 8.3813638696e-08, 5.85542103693e-08, 6.1851267219e-08, 7.14232655241e-08, 8.97456615689e-08, 6.05557772815e-08, 6.10960668723e-08, 2.55903653823e-08, 2.72173394933e-08, 2.06212291687e-08, 1.24937793444e-08, 6.20595086431e-09, 7.38775662867e-09, 6.05846350865e-09, 6.17800655078e-09, 4.0093661724e-09, 3.78995501649e-09, 2.5687509897e-09, 1.22205445763e-09, 5.66528768342e-10, 4.51323561856e-10],
        "stdev": [0.00110333506018, 0.000776192406192, 0.000508672441356, 0.00135737750679, 0.00128522224259, 0.000690973654855, 0.000544176320545, 0.000542884459719, 0.000479564070702, 0.000816080661025, 0.0006426263717, 0.000430410174886, 0.000186720833881, 0.000354324991349, 0.000416750670411, 0.000148426363012, 0.000123107849504, 0.000111120119982, 6.14136006334e-05, 7.83954310464e-05, 3.138874672e-05, 6.70377557981e-05, 7.20440584701e-05, 2.35593925026e-05, 2.32101137954e-05, 1.09860111479e-05, 9.186052921e-06, 8.00298312242e-06, 1.1486722542e-05, 4.31621629104e-06, 4.13946236222e-06, 4.32725710198e-06, 3.63833009942e-06, 4.0539607653e-06, 4.27914346801e-06, 5.1856745813e-06, 4.60334604213e-06, 4.32501610703e-06, 5.31441764906e-06, 2.23768438445e-06]
    },
    "melbands128": {
        "max": [0.00334392488003, 0.00993873458356, 0.00513124745339, 0.00501594925299, 0.00542550347745, 0.00767837604508, 0.00465357117355, 0.00542035000399, 0.0119690792635, 0.0177926719189, 0.0187725890428, 0.019997086376, 0.0160362794995, 0.0115033043548, 0.0137421777472, 0.00988918822259, 0.0131578072906, 0.0133805833757, 0.00878353603184, 0.0080784112215, 0.0118434447795, 0.00951699633151, 0.00688327057287, 0.032356031239, 0.0337835773826, 0.0205952767283, 0.00890113692731, 0.0115367164835, 0.0170344915241, 0.00815884023905, 0.00353037728928, 0.00242732744664, 0.00346409995109, 0.00282770674676, 0.0038849930279, 0.00492207286879, 0.0245381221175, 0.00837222021073, 0.00297074834816, 0.00118027627468, 0.00405375519767, 0.00824886187911, 0.00225515593775, 0.00201060227118, 0.0036474193912, 0.00322568067349, 0.00158095778897, 0.000501199974678, 0.00147832056973, 0.00266317254864, 0.0016413894482, 0.000441094452981, 0.000525878160261, 0.0002932883217, 0.00111011066474, 0.00210737995803, 0.00402869470417, 0.00258166971616, 0.000748732010834, 0.000571119831875, 0.000478038535221, 0.000350636983057, 0.00058146903757, 0.000457227055449, 0.000287480477709, 0.000203911098652, 0.000182558753295, 8.01955029601e-05, 0.000227693351917, 0.000236063191551, 9.06822024263e-05, 0.000141922864714, 0.000245681934757, 0.000329444679664, 0.000180817922228, 0.000184439690202, 3.26565350406e-05, 4.40963412984e-05, 7.45605866541e-05, 0.000135180991492, 6.21341678197e-05, 7.55293513066e-05, 5.0798880693e-05, 6.90536980983e-05, 6.59314027871e-05, 8.38647101773e-05, 4.68490070489e-05, 7.48621896491e-05, 6.7161367042e-05, 9.24541018321e-05, 0.000105304963654, 7.85938391346e-05, 6.19953134446e-05, 0.000121801698697, 8.44541718834e-05, 6.27910048934e-05, 9.33210903895e-05, 7.46017249185e-05, 6.74242764944e-05, 0.000373696500901, 3.4095322917e-05, 7.19370000297e-05, 1.49390170918e-05, 2.48325613939e-05, 9.89352338365e-06, 5.18414162798e-06, 2.74713215731e-06, 1.06651270926e-07, 9.83342518524e-10, 6.35123453829e-10, 6.72015720848e-10, 2.30252861222e-09, 4.01706978792e-09, 2.77323009001e-09, 6.92035140304e-09, 1.96525395957e-09, 6.70666522318e-10, 6.72017941294e-10, 6.51676046459e-10, 6.37456698538e-10, 6.33748109546e-10, 6.23529172739e-10, 6.17578155282e-10, 6.0974392202e-10, 6.09399974927e-10, 6.00628380365e-10, 5.95690829996e-10, 5.9234800398e-10],
        "mean": [0.000478961679619, 0.00111944100354, 0.000756472581998, 0.000570179487113, 0.000544188660569, 0.000529237557203, 0.000376702839276, 0.000195069223992, 0.000268747971859, 0.000471529609058, 0.0010618615197, 0.00116231339052, 0.000506425625645, 0.000208655488677, 0.000247701740591, 0.000375268951757, 0.000345580483554, 0.000139652576763, 0.000118614923849, 0.000254282495007, 0.000292198295938, 0.000155343645019, 0.000156085850904, 0.000260432279902, 0.000422823213739, 0.000435362337157, 0.000456315086922, 0.000660072662868, 0.000516467203852, 0.000378837343305, 0.000206962591619, 0.000137795301271, 0.00014903290139, 0.000256813247688, 0.000136853501317, 0.000134242363856, 0.000246691284701, 0.000118137912068, 8.34421443869e-05, 6.87073479639e-05, 8.20186542114e-05, 9.36867509154e-05, 8.28086340334e-05, 8.15107050585e-05, 5.88670045545e-05, 5.72073295189e-05, 5.571231668e-05, 4.86581848236e-05, 4.84370648337e-05, 5.28614436917e-05, 4.46123776783e-05, 3.43316132785e-05, 2.7717462217e-05, 2.69349548034e-05, 3.00350238831e-05, 2.88158662443e-05, 2.89776835416e-05, 3.1370389479e-05, 1.81707982847e-05, 1.64564044098e-05, 1.61524676514e-05, 1.36078833748e-05, 1.80047227332e-05, 1.61535572261e-05, 9.99185158435e-06, 7.6040141721e-06, 7.20986054148e-06, 4.81498182126e-06, 5.15612828167e-06, 5.73724173591e-06, 4.38764800492e-06, 4.46372359875e-06, 4.50645347883e-06, 4.47279990112e-06, 2.79645678347e-06, 2.23914526032e-06, 1.94046560864e-06, 1.83018914868e-06, 2.18996046897e-06, 2.51101778304e-06, 2.30965679293e-06, 2.04525008485e-06, 1.55383509082e-06, 1.57957629199e-06, 1.5190613567e-06, 1.74831245658e-06, 1.27478165268e-06, 1.13918622446e-06, 1.09776590307e-06, 1.30534488108e-06, 1.40923486924e-06, 1.38915163461e-06, 1.17029640023e-06, 1.22084645682e-06, 9.85288806987e-07, 8.1127939211e-07, 9.20023467188e-07, 8.10353242287e-07, 7.49467062633e-07, 1.25335043322e-06, 3.40678383282e-07, 4.32206405776e-07, 3.11532630803e-07, 2.4252909725e-07, 1.90351471474e-07, 1.44923660628e-07, 3.02181959455e-08, 9.84443526697e-10, 7.36225316822e-12, 5.7547196175e-12, 5.91709970951e-12, 7.55808610142e-12, 8.82878232328e-12, 7.58738731566e-12, 1.09399676818e-11, 6.52689144051e-12, 5.17943804165e-12, 4.40909418351e-12, 4.27167502759e-12, 4.1627569447e-12, 4.06143434856e-12, 3.98181878095e-12, 3.91410731951e-12, 3.8437859666e-12, 3.74482042598e-12, 3.60719744005e-12, 3.5274593576e-12, 3.50098335739e-12],
        "min": [1.06249862242e-08, 6.14184401115e-08, 2.70820663673e-07, 1.97611399244e-07, 1.96802133701e-07, 1.95079238097e-07, 3.17703623409e-08, 1.52542455112e-07, 1.99791742261e-07, 4.94936855944e-08, 1.69272222905e-08, 1.2383674175e-07, 1.6373400058e-07, 1.99025208758e-07, 5.80859236265e-08, 1.9674459395e-07, 2.10584616411e-07, 4.84725823924e-08, 3.33012479814e-08, 9.14769415772e-08, 6.26226679401e-08, 1.01806875819e-07, 2.4291449563e-07, 4.56702878182e-07, 3.72259677306e-07, 1.60413264894e-07, 6.37076425392e-07, 7.6752530731e-07, 3.67105599253e-07, 1.49466970356e-07, 8.44867855676e-08, 1.66836940707e-07, 4.41185648015e-07, 2.31948831697e-07, 2.35282925587e-07, 5.08152595557e-07, 4.04952629651e-07, 1.40835183515e-07, 1.13204194463e-07, 1.57227688646e-07, 9.656151434e-08, 1.0338450096e-07, 1.0957592167e-07, 1.40235556501e-07, 9.66459694496e-08, 6.58412204757e-08, 4.59591475988e-08, 3.87085989928e-08, 2.89070278825e-08, 4.2470770012e-08, 4.49869368424e-08, 6.06145889037e-08, 3.12514920608e-08, 4.57670736864e-08, 4.68699319356e-08, 2.79481167098e-08, 3.27910818498e-08, 2.34573374058e-08, 4.30581152955e-08, 2.70551154813e-08, 4.6202803361e-08, 3.50681084171e-08, 2.34750938688e-08, 4.80985349327e-08, 3.73393262976e-08, 4.97704313318e-08, 3.68257175865e-08, 2.59675569936e-08, 1.93762037526e-08, 1.23819203779e-08, 1.70440053182e-08, 1.56520663097e-08, 2.6276371301e-08, 1.23494459103e-08, 1.37126736632e-08, 1.37861944083e-08, 7.42554329136e-09, 6.70931710189e-09, 4.90098184258e-09, 3.42405837017e-09, 3.43807227132e-09, 4.49602666208e-09, 5.31516963775e-09, 3.77040976218e-09, 5.29866506227e-09, 2.65313104819e-09, 2.83701950821e-09, 2.24753304856e-09, 3.16076520512e-09, 3.43452688512e-09, 2.91472446179e-09, 4.24539603472e-09, 3.02050073842e-09, 2.0902339859e-09, 1.37962696822e-09, 1.09805520232e-09, 9.07886266166e-10, 9.95977300633e-10, 3.16721537885e-10, 3.14235248933e-10, 2.83351425656e-10, 2.21398163691e-10, 2.57759480427e-10, 3.40623029782e-10, 2.53382481663e-10, 1.41269496101e-10, 1.43631495586e-11, 2.04119978298e-13, 8.00027023253e-14, 1.24650981269e-13, 1.17903056025e-13, 1.08284454808e-13, 8.87662610517e-14, 1.03460304018e-13, 9.87401688733e-14, 9.65781816499e-14, 1.13460124271e-13, 1.22044627009e-13, 9.58118675544e-14, 8.45270034522e-14, 9.26550977327e-14, 1.13884528435e-13, 1.17031113533e-13, 1.33654589132e-13, 8.30962021739e-14, 3.2692181888e-14, 4.54976590189e-15, 1.95442714653e-16],
        "stdev": [0.000601471750997, 0.00162655126769, 0.00108920992352, 0.000860975880641, 0.000884193985257, 0.000823267735541, 0.000596222933382, 0.000412371009588, 0.000832239515148, 0.00157145340927, 0.00241857697256, 0.00234583253041, 0.00142728013452, 0.000760895374697, 0.000976878916845, 0.000904050422832, 0.000989573192783, 0.000648927234579, 0.000445264478913, 0.000681587029248, 0.00081938249059, 0.00042176025454, 0.000392527261283, 0.00127491122112, 0.00131928885821, 0.00102875381708, 0.000793904473539, 0.000873148383107, 0.00100588786881, 0.000730187399313, 0.000371366128093, 0.000217088527279, 0.000228966411669, 0.000359437777661, 0.000253075180808, 0.000271476106718, 0.00135092891287, 0.000385464256397, 0.00015494247782, 9.90678963717e-05, 0.000222999733523, 0.000369924411643, 0.000131680775667, 0.000120255477668, 0.000171796942595, 0.000158094248036, 8.89577277121e-05, 6.57187629258e-05, 8.92717653187e-05, 0.000140148258652, 0.000104024067696, 4.88028126711e-05, 3.82645084755e-05, 3.35016447934e-05, 5.29863973497e-05, 7.82451534178e-05, 0.00013894183212, 0.000161418356583, 3.79951561627e-05, 3.26799599861e-05, 3.14919816446e-05, 2.70816763077e-05, 3.80128658435e-05, 3.21148545481e-05, 2.06388485822e-05, 1.27555431391e-05, 1.37756005643e-05, 6.88342561261e-06, 1.4288487364e-05, 1.62557716976e-05, 8.82010408532e-06, 9.94591300696e-06, 1.23436084323e-05, 1.97402587219e-05, 8.63627064973e-06, 6.49390085528e-06, 2.93813081953e-06, 2.80380299955e-06, 4.94367941428e-06, 7.10960421202e-06, 5.52640767637e-06, 4.72148576591e-06, 3.42310477208e-06, 3.80769711228e-06, 4.45506748292e-06, 5.47679428564e-06, 3.55162592314e-06, 4.2786045924e-06, 4.03813055527e-06, 5.30550641997e-06, 5.94516950514e-06, 5.61589104109e-06, 4.69165524919e-06, 5.61502656637e-06, 4.52474341728e-06, 3.8001626308e-06, 5.30305260327e-06, 4.32712158727e-06, 3.74058936359e-06, 1.29147683765e-05, 1.62485446253e-06, 2.82810992758e-06, 1.0322895605e-06, 1.02169133243e-06, 5.58397289296e-07, 4.45730279353e-07, 1.24330895801e-07, 5.55113066625e-09, 3.58440846449e-11, 2.00488618762e-11, 2.37110157897e-11, 7.1037530025e-11, 1.19241200247e-10, 8.39535871378e-11, 2.0273253909e-10, 6.11490580393e-11, 2.81440565297e-11, 2.02047822917e-11, 1.95857930568e-11, 1.91521919851e-11, 1.90183285786e-11, 1.87042742406e-11, 1.85134737402e-11, 1.82735875043e-11, 1.82495164813e-11, 1.79919308618e-11, 1.78449182514e-11, 1.77451126709e-11]
    },
    "mfcc": {
        "mean": [-637.901123047, 123.998794556, -29.1472663879, -2.52512097359, -11.7365512848, 0.207914784551, 0.764976739883, 8.78971004486, 1.58895945549, 3.57951521873, -1.80735683441, 0.298422068357, -2.92596673965],
        "cov": [[1433.44519043, -856.346435547, -632.888061523, -292.265625, -155.55027771, -140.228805542, -123.825241089, 0.0340846851468, 164.845474243, 1.9145950079, 95.9034042358, -137.62940979, -10.7886476517], [-856.346435547, 1432.38354492, 922.89251709, 517.555358887, 304.256225586, 138.545806885, 160.318008423, -59.0013008118, -241.55947876, -0.49069082737, -142.024246216, 111.164337158, 4.48922729492], [-632.888061523, 922.89251709, 2279.27050781, 746.905944824, 495.708587646, 330.972747803, 91.2423248291, -102.680633545, -302.020355225, -96.2631759644, -163.982177734, 136.509521484, 18.6243038177], [-292.265625, 517.555358887, 746.905944824, 465.950561523, 214.614944458, 57.0559501648, 6.20797204971, -61.7227210999, -150.710876465, -38.844203949, -99.8685760498, 83.5814208984, 16.7396850586], [-155.55027771, 304.256225586, 495.708587646, 214.614944458, 211.464431763, 78.4164581299, 12.7523880005, -28.6673717499, -55.8405952454, -22.7739715576, -51.4579772949, 38.3544425964, -2.82073426247], [-140.228805542, 138.545806885, 330.972747803, 57.0559501648, 78.4164581299, 173.354141235, 34.8247184753, 4.92737531662, -10.7965421677, -17.2631168365, 2.05377554893, -1.76706767082, -4.31996965408], [-123.825241089, 160.318008423, 91.2423248291, 6.20797204971, 12.7523880005, 34.8247184753, 132.390457153, -1.0632622242, -24.0788917542, 27.6436042786, -9.14420604706, 14.3280620575, -4.95003080368], [0.0340846851468, -59.0013008118, -102.680633545, -61.7227210999, -28.6673717499, 4.92737531662, -1.0632622242, 93.4473190308, 29.4020385742, 16.5368690491, 17.1633377075, -18.4388656616, -8.02220058441], [164.845474243, -241.55947876, -302.020355225, -150.710876465, -55.8405952454, -10.7965421677, -24.0788917542, 29.4020385742, 175.164459229, 4.7400970459, 52.434047699, -46.4535827637, -21.8060474396], [1.9145950079, -0.49069082737, -96.2631759644, -38.844203949, -22.7739715576, -17.2631168365, 27.6436042786, 16.5368690491, 4.7400970459, 98.2424468994, 14.9764499664, 9.88321685791, -13.4872426987], [95.9034042358, -142.024246216, -163.982177734, -99.8685760498, -51.4579772949, 2.05377554893, -9.14420604706, 17.1633377075, 52.434047699, 14.9764499664, 78.070602417, -25.4819946289, -7.2422246933], [-137.62940979, 111.164337158, 136.509521484, 83.5814208984, 38.3544425964, -1.76706767082, 14.3280620575, -18.4388656616, -46.4535827637, 9.88321685791, -25.4819946289, 90.1402359009, 19.3689975739], [-10.7886476517, 4.48922729492, 18.6243038177, 16.7396850586, -2.82073426247, -4.31996965408, -4.95003080368, -8.02220058441, -21.8060474396, -13.4872426987, -7.2422246933, 19.3689975739, 52.6475372314]],
        "icov": [[0.00129864749033, 0.000736287503969, 5.56138365937e-05, -0.000192551873624, -0.000629487389233, 0.000654688512441, 4.07430234191e-05, 0.000586794863921, -4.22830526077e-05, -0.000330916343955, -0.000377990450943, 0.00154970528092, -0.000366293388652], [0.000736287503969, 0.00209918431938, 0.00034724996658, -0.00154054141603, -0.00140491127968, -0.000245279603405, -0.00164624094032, 0.000159319635713, 0.000942347047385, -0.000366516469512, 0.000268129486358, 0.000902263855096, 0.000114323767775], [5.56138365937e-05, 0.00034724996658, 0.0016930361744, -0.00161455501802, -0.00160665984731, -0.00195990270004, -0.000639177218545, 0.000157167349244, 0.00118775840383, 0.000441713549662, 4.27465893154e-05, -0.000112555564556, 0.000265583541477], [-0.000192551873624, -0.00154054141603, -0.00161455501802, 0.00825242232531, -0.00218611140735, 0.00196894910187, 0.00249918131158, 0.000854707555845, 0.000909357389901, 0.000517941196449, 0.00187504978385, -0.00189399160445, -8.71486408869e-05], [-0.000629487389233, -0.00140491127968, -0.00160665984731, -0.00218611140735, 0.0131595414132, -0.00203526392579, 0.00151997478679, 0.000310216739308, -0.00268522021361, -2.20063975576e-05, 0.00230239750817, -0.00170490890741, 0.0018086170312], [0.000654688512441, -0.000245279603405, -0.00195990270004, 0.00196894910187, -0.00203526392579, 0.0109038800001, -0.0014415490441, -0.00110669282731, -0.00126311008353, 0.00112761848141, -0.00318136787973, 0.00200470956042, -0.000705600890797], [4.07430234191e-05, -0.00164624094032, -0.000639177218545, 0.00249918131158, 0.00151997478679, -0.0014415490441, 0.0109386118129, 0.000679771765135, 4.20704236603e-05, -0.00275887921453, 0.00121132808272, -0.000974892347585, 0.000511353020556], [0.000586794863921, 0.000159319635713, 0.000157167349244, 0.000854707555845, 0.000310216739308, -0.00110669282731, 0.000679771765135, 0.0126797985286, -0.000790062360466, -0.00209291349165, 5.44881113456e-05, 0.0017992722569, 0.000183266209206], [-4.22830526077e-05, 0.000942347047385, 0.00118775840383, 0.000909357389901, -0.00268522021361, -0.00126311008353, 4.20704236603e-05, -0.000790062360466, 0.0104952771217, 0.000990851200186, -0.00279256072827, 0.00101543590426, 0.00268087093718], [-0.000330916343955, -0.000366516469512, 0.000441713549662, 0.000517941196449, -2.20063975576e-05, 0.00112761848141, -0.00275887921453, -0.00209291349165, 0.000990851200186, 0.01342874486, -0.00266654486768, -0.00373879447579, 0.00401480542496], [-0.000377990450943, 0.000268129486358, 4.27465893154e-05, 0.00187504978385, 0.00230239750817, -0.00318136787973, 0.00121132808272, 5.44881113456e-05, -0.00279256072827, -0.00266654486768, 0.0206106882542, 0.000746496196371, -6.30611611996e-06], [0.00154970528092, 0.000902263855096, -0.000112555564556, -0.00189399160445, -0.00170490890741, 0.00200470956042, -0.000974892347585, 0.0017992722569, 0.00101543590426, -0.00373879447579, 0.000746496196371, 0.0179757215083, -0.00590947689489], [-0.000366293388652, 0.000114323767775, 0.000265583541477, -8.71486408869e-05, 0.0018086170312, -0.000705600890797, 0.000511353020556, 0.000183266209206, 0.00268087093718, 0.00401480542496, -6.30611611996e-06, -0.00590947689489, 0.0232703220099]]
    },
    "spectral_contrast_coeffs": {
        "max": [-0.507427990437, -0.449706763029, -0.459238767624, -0.611445784569, -0.620859622955, -0.653574228287],
        "mean": [-0.744311034679, -0.747572958469, -0.734555244446, -0.806068122387, -0.79157859087, -0.764433681965],
        "min": [-0.936346709728, -0.909854710102, -0.914218842983, -0.896004796028, -0.885556399822, -0.876662015915],
        "stdev": [0.074908554554, 0.0745950341225, 0.067664347589, 0.0403506569564, 0.0352933853865, 0.0307903382927]
    },
    "spectral_contrast_valleys": {
        "max": [-5.17262458801, -4.99583673477, -5.04577255249, -5.71451807022, -5.88655757904, -7.62141275406],
        "mean": [-7.26177930832, -6.57782173157, -6.68673276901, -7.13273477554, -7.46127510071, -10.3633804321],
        "min": [-9.54964923859, -9.402967453, -8.63256549835, -9.34453487396, -9.39228534698, -12.6568775177],
        "stdev": [1.06890368462, 0.4184037745, 0.825858771801, 0.907985210419, 0.630006611347, 0.678457438946]
    }
},
"rhythm": {
    "beats_count": 44,
    "beats_loudness": {
        "max": 0.0956935659051,
        "mean": 0.0290365833789,
        "min": 0.0104427952319,
        "stdev": 0.0187529996037
    },
    "bpm": 89.2530288696,
    "bpm_histogram_first_peak_bpm": 88,
    "bpm_histogram_first_peak_weight": 0.357142865658,
    "bpm_histogram_second_peak_bpm": 110,
    "bpm_histogram_second_peak_spread": 0.588235259056,
    "bpm_histogram_second_peak_weight": 0.162790700793,
    "danceability": 1.06964850426,
    "onset_rate": 1.38982880116,
    "beats_loudness_band_ratio": {
        "max": [0.833673715591, 0.880344092846, 0.599677503109, 0.792471408844, 0.460477590561, 0.263216406107],
        "mean": [0.143656909466, 0.18213211, 0.239826217294, 0.330890923738, 0.124962493777, 0.0424017198384],
        "min": [0.0021355478093, 0.00475730374455, 0.0315479189157, 0.0130514875054, 0.00198616203852, 0.00357025908306],
        "stdev": [0.206353768706, 0.226535871625, 0.135765239596, 0.234417840838, 0.11975569278, 0.052558131516]
    },
    "beats_position": [0.638548731804, 1.28870749474, 1.93886613846, 2.58902478218, 3.25079369545, 3.9125623703, 4.58594083786, 5.27092981339, 5.95591831207, 6.64090681076, 7.32589578629, 8.08054447174, 8.82358264923, 9.49696159363, 10.1819496155, 10.866938591, 11.5519275665, 12.1324262619, 12.7129249573, 13.2818136215, 13.8507022858, 14.4312019348, 15.0233106613, 15.5921993256, 16.1726989746, 16.7415866852, 17.3104763031, 17.8677539825, 18.4250335693, 18.9823131561, 19.5279808044, 20.0736503601, 20.6193199158, 21.1649875641, 21.7106571198, 22.2563266754, 22.7903842926, 23.3360538483, 23.8701133728, 24.40417099, 24.9382305145, 25.4722900391, 26.0063495636, 26.5404071808],
