{
"metadata": {
    "version": {
        "essentia": "2.1-beta5",
        "essentia_git_sha": "Undefined",
        "extractor": "music 2.0"
    },
    "audio_properties": {
        "analysis": {
            "equal_loudness": 0,
            "length": 29.0017242432,
            "sample_rate": 44100,
            "start_time": 129.985305786,
            "downmix": "mix"
        },
        "bit_rate": 192000,
        "length": 186.340148926,
        "lossless": 0,
        "number_channels": 2,
        "replay_gain": -6.90391921997,
        "sample_rate": 48000,
        "codec": "mp3",
        "md5_encoded": "df055dd523effc3704f062621e8ba6b0"
    },
    "tags": {
        "file_name": "Finland_A Little Bit_Nina Åström.mp3",
        "encoding": ["Lavf58.29.100"]
    }
},
"lowlevel": {
    "average_loudness": 0.978884458542,
    "barkbands_crest": {
        "max": 21.4310455322,
        "mean": 8.25101852417,
        "min": 2.916421175,
        "stdev": 3.12450289726
    },
    "barkbands_flatness_db": {
        "max": 0.27422067523,
        "mean": 0.147345513105,
        "min": 0.0620694682002,
        "stdev": 0.0309178996831
    },
    "barkbands_kurtosis": {
        "max": 23.9267520905,
        "mean": 1.55534076691,
        "min": -1.72346186638,
        "stdev": 2.54670453072
    },
    "barkbands_skewness": {
        "max": 4.09838533401,
        "mean": 1.01651930809,
        "min": -1.55722403526,
        "stdev": 0.658591449261
    },
    "barkbands_spread": {
        "max": 86.1062088013,
        "mean": 23.02085495,
        "min": 3.41136431694,
        "stdev": 11.1162147522
    },
    "dissonance": {
        "max": 0.499379873276,
        "mean": 0.454065144062,
        "min": 0.338397324085,
        "stdev": 0.0261219646782
    },
    "dynamic_complexity": 1.63856482506,
    "erbbands_crest": {
        "max": 26.0788440704,
        "mean": 9.36898803711,
        "min": 2.75725030899,
        "stdev": 4.04509305954
    },
    "erbbands_flatness_db": {
        "max": 0.308215498924,
        "mean": 0.174939632416,
        "min": 0.0932357385755,
        "stdev": 0.033321518451
    },
    "erbbands_kurtosis": {
        "max": 14.6135597229,
        "mean": 0.695559084415,
        "min": -1.66344308853,
        "stdev": 1.71024036407
    },
    "erbbands_skewness": {
        "max": 2.86473584175,
        "mean": 0.617897093296,
        "min": -1.24898386002,
        "stdev": 0.541324257851
    },
    "erbbands_spread": {
        "max": 100.597900391,
        "mean": 33.5491638184,
        "min": 4.16348314285,
        "stdev": 15.412733078
    },
    "hfc": {
        "max": 137.607696533,
        "mean": 25.9393768311,
        "min": 2.72064948082,
        "stdev": 15.8870325089
    },
    "loudness_ebu128": {
        "integrated": -16.3146476746,
        "loudness_range": 0.883962631226,
        "momentary": {
            "max": -13.9835929871,
            "mean": -16.4563331604,
            "min": -19.9245872498,
            "stdev": 1.12474274635
        },
        "short_term": {
            "max": -15.6329727173,
            "mean": -16.3304843903,
            "min": -17.4220180511,
            "stdev": 0.332114249468
        }
    },
    "melbands_crest": {
        "max": 30.7564277649,
        "mean": 11.2927703857,
        "min": 4.83810663223,
        "stdev": 3.87022638321
    },
    "melbands_flatness_db": {
        "max": 0.345398575068,
        "mean": 0.1737395823,
        "min": 0.0644763559103,
        "stdev": 0.0432001315057
    },
    "melbands_kurtosis": {
        "max": 54.6005783081,
        "mean": 5.71766281128,
        "min": -1.29207289219,
        "stdev": 5.65022468567
    },
    "melbands_skewness": {
        "max": 5.91912460327,
        "mean": 1.75000429153,
        "min": -1.00298380852,
        "stdev": 0.891489923
    },
    "melbands_spread": {
        "max": 151.403808594,
        "mean": 25.6260585785,
        "min": 3.29229283333,
        "stdev": 12.9997663498
    },
    "pitch_salience": {
        "max": 0.800925850868,
        "mean": 0.563072741032,
        "min": 0.254565685987,
        "stdev": 0.0754390209913
    },
    "silence_rate_20dB": {
        "max": 1,
        "mean": 1,
        "min": 1,
        "stdev": 0
    },
    "silence_rate_30dB": {
        "max": 1,
        "mean": 1,
        "min": 1,
        "stdev": 0
    },
    "silence_rate_60dB": {
        "max": 0,
        "mean": 0,
        "min": 0,
        "stdev": 0
    },
    "spectral_centroid": {
        "max": 3708.15576172,
        "mean": 1270.71594238,
        "min": 291.121734619,
        "stdev": 443.341522217
    },
    "spectral_complexity": {
        "max": 51,
        "mean": 21.6495990753,
        "min": 7,
        "stdev": 7.26263809204
    },
    "spectral_decrease": {
        "max": -9.33220389854e-10,
        "mean": -7.96888155463e-09,
        "min": -2.85140888678e-08,
        "stdev": 3.57327589739e-09
    },
    "spectral_energy": {
        "max": 0.112795084715,
        "mean": 0.0324292182922,
        "min": 0.00376895978115,
        "stdev": 0.0142705487087
    },
    "spectral_energyband_high": {
        "max": 0.0161930862814,
        "mean": 0.000987897627056,
        "min": 3.12035663228e-05,
        "stdev": 0.0014525311999
    },
    "spectral_energyband_low": {
        "max": 0.0522755943239,
        "mean": 0.00832118093967,
        "min": 2.16820335481e-05,
        "stdev": 0.00615352438763
    },
    "spectral_energyband_middle_high": {
        "max": 0.047903701663,
        "mean": 0.00783777330071,
        "min": 0.000612395000644,
        "stdev": 0.00628831749782
    },
    "spectral_energyband_middle_low": {
        "max": 0.0761508271098,
        "mean": 0.0166862495244,
        "min": 0.00141343660653,
        "stdev": 0.0102126272395
    },
    "spectral_entropy": {
        "max": 8.58568286896,
        "mean": 7.62523984909,
        "min": 6.36735534668,
        "stdev": 0.323022276163
    },
    "spectral_flux": {
        "max": 0.260395437479,
        "mean": 0.0913995280862,
        "min": 0.023469299078,
        "stdev": 0.0384704694152
    },
    "spectral_kurtosis": {
        "max": 12.673330307,
        "mean": 3.27010965347,
        "min": -0.943323612213,
        "stdev": 2.08571457863
    },
    "spectral_rms": {
        "max": 0.0104901855811,
        "mean": 0.00549399014562,
        "min": 0.00191755930427,
        "stdev": 0.00120596156921
    },
    "spectral_rolloff": {
        "max": 9130.078125,
        "mean": 1442.43334961,
        "min": 107.666015625,
        "stdev": 1204.60302734
    },
    "spectral_skewness": {
        "max": 2.89344167709,
        "mean": 1.40891063213,
        "min": 0.100438967347,
        "stdev": 0.36321413517
    },
    "spectral_spread": {
        "max": 10660768,
        "mean": 4536687,
        "min": 2526252.5,
        "stdev": 1470838.5
    },
    "spectral_strongpeak": {
        "max": 9.33488559723,
        "mean": 1.23796784878,
        "min": 0,
        "stdev": 1.35085570812
    },
    "zerocrossingrate": {
        "max": 0.27001953125,
        "mean": 0.0594894513488,
        "min": 0.0107421875,
        "stdev": 0.0301656555384
    },
    "barkbands": {
        "max": [0.00305866682902, 0.0466507524252, 0.0317641608417, 0.0213468112051, 0.0431109815836, 0.0436247177422, 0.0210672002286, 0.0457489602268, 0.0482007265091, 0.0181019660085, 0.018975418061, 0.0413470417261, 0.0290590152144, 0.0129317846149, 0.00704319868237, 0.00669090542942, 0.0130439670756, 0.00376844941638, 0.00269382307306, 0.00362448277883, 0.00219736318104, 0.00208823522553, 0.00585075234994, 0.00883969664574, 0.00234791100956, 4.24818153988e-06, 1.35733401407e-07],
        "mean": [0.000521300185937, 0.00527136353776, 0.00197213189676, 0.00105936429463, 0.00352339679375, 0.00343679427169, 0.00136924406979, 0.00301248207688, 0.0026877631899, 0.00215625343844, 0.00137228704989, 0.00118809589185, 0.00095655687619, 0.000871952332091, 0.000391326117096, 0.000356441916665, 0.000428765430115, 0.000369409477571, 0.000320413499139, 0.00034944654908, 0.000155057350639, 0.000168213038705, 0.000177195775905, 0.000224281102419, 8.95773991942e-05, 8.16298850737e-08, 1.21087195826e-09],
        "min": [4.00798612077e-08, 6.80905895933e-06, 7.73577448854e-06, 2.8003364605e-06, 7.32887056074e-05, 3.51848211722e-05, 4.44788929599e-05, 1.89024758583e-05, 3.17795202136e-05, 2.18177647184e-05, 2.09173722396e-05, 2.61113273154e-05, 1.20731765492e-05, 9.68705444393e-06, 8.55172038428e-06, 5.13706709171e-06, 7.30974852559e-06, 7.3638534559e-06, 1.03524162114e-05, 4.78672063764e-06, 3.29897670781e-06, 2.37196718444e-06, 1.78742834578e-06, 1.52635050199e-06, 3.45599318052e-07, 2.8049271239e-11, 3.21148246885e-11],
        "stdev": [0.00047480451758, 0.00434570247307, 0.00262864562683, 0.00185212178621, 0.0043917694129, 0.00472992192954, 0.00194995023776, 0.00430173659697, 0.00556901236996, 0.00224683154374, 0.00194748525973, 0.0028656788636, 0.00210727704689, 0.00128461280838, 0.000571882759687, 0.000606655725278, 0.000816748710349, 0.000453547108918, 0.0003829979687, 0.000456059700809, 0.000193542320631, 0.000265267590294, 0.0003503797343, 0.000613654847257, 0.000196487511857, 3.04474838231e-07, 4.38659153446e-09]
    },
    "erbbands": {
        "max": [2.09771513939, 8.05216884613, 32.7888755798, 54.3350601196, 97.2262496948, 163.312408447, 609.842041016, 325.13659668, 358.2996521, 633.184509277, 1237.93432617, 1280.51965332, 699.426147461, 506.478668213, 809.811828613, 1547.85876465, 1055.5526123, 793.004760742, 366.900787354, 337.818969727, 346.205688477, 655.695373535, 202.216827393, 192.788528442, 158.601852417, 238.068389893, 147.81803894, 74.9737014771, 73.1139297485, 205.408981323, 124.944213867, 121.928207397, 184.743041992, 45.894077301, 11.3226642609, 0.524582147598, 0.0130333211273, 0.00141510390677, 0.000300150073599, 0.000130329484819],
        "mean": [0.212410837412, 0.94065207243, 2.06030750275, 3.3400812149, 5.26799821854, 12.9253911972, 25.3011226654, 26.123462677, 20.9573993683, 49.1338043213, 53.7834625244, 70.8162841797, 81.9043426514, 36.1123733521, 55.493144989, 58.3392677307, 47.127948761, 46.1650009155, 26.1074962616, 23.5495243073, 22.4272632599, 20.4668674469, 19.4686870575, 20.8586292267, 13.960849762, 17.5704975128, 8.71976470947, 5.55965518951, 5.63641738892, 6.08296918869, 4.94659900665, 4.93695545197, 3.4176363945, 1.36446690559, 0.461984068155, 0.0265429988503, 0.000782543618698, 6.74669063301e-05, 2.7866122764e-05, 4.11078835896e-05],
        "min": [8.47118790261e-05, 0.00156933255494, 0.0104941045865, 0.0298025161028, 0.0995975062251, 0.284794121981, 0.451390713453, 0.621392011642, 0.790911495686, 0.788675785065, 1.29470431805, 0.661706626415, 1.17192411423, 1.13942754269, 1.64335870743, 2.00345754623, 1.02165687084, 0.724744439125, 0.930343806744, 0.567470014095, 0.485728800297, 0.453383773565, 0.535104095936, 0.485722184181, 0.494689673185, 0.271074712276, 0.249300569296, 0.110384784639, 0.0884158313274, 0.100014440715, 0.0558886826038, 0.061371318996, 0.0102647598833, 0.00411738269031, 0.00224693049677, 9.87777966657e-05, 7.10186986908e-06, 1.166248353e-06, 5.49619653611e-06, 6.68748180033e-06],
        "stdev": [0.184203281999, 0.895403504372, 2.6689760685, 4.68408584595, 9.48795604706, 16.7210006714, 40.4251785278, 36.8140983582, 33.0909194946, 60.4022598267, 94.7624893188, 146.267074585, 86.930267334, 53.5549697876, 72.6001434326, 123.773925781, 84.2178192139, 74.044380188, 32.1068191528, 34.4177360535, 36.8239440918, 37.2655143738, 23.2641487122, 25.3433628082, 16.3818778992, 24.5360507965, 11.0656709671, 7.10248327255, 8.74636459351, 11.5274801254, 9.50594425201, 11.8225297928, 11.1706933975, 3.44788908958, 0.950981199741, 0.0527914725244, 0.00152600591537, 0.000129452644615, 2.44247457886e-05, 1.80924998858e-05]
    },
    "gfcc": {
        "mean": [22.7308673859, 121.107910156, -140.539093018, 43.8265609741, -77.9781646729, 29.0248374939, -34.3660354614, 11.5451345444, -15.1359376907, -5.37657737732, 4.43323707581, -12.4977769852, 4.80756092072],
        "cov": [[989.798339844, -486.425445557, -27.4359340668, 71.6852722168, -116.221549988, 66.0475540161, -119.528610229, 130.669570923, -31.7914733887, 71.8277359009, -65.3399276733, 30.0287322998, -34.4241714478], [-486.425445557, 731.951293945, -135.491027832, -12.6554317474, 250.889556885, -187.335067749, 181.264465332, -93.8343429565, 58.0528907776, -93.2241744995, 101.531951904, -78.8961791992, 52.1525306702], [-27.4359340668, -135.491027832, 403.889282227, 27.4557209015, -71.6395950317, 140.953598022, -79.4625549316, 17.8614845276, -44.9411582947, 27.0821914673, -79.537361145, 54.5396499634, -42.4055709839], [71.6852722168, -12.6554317474, 27.4557209015, 167.390426636, 32.1597633362, -60.5834732056, -36.5811729431, 7.3560667038, 41.2448272705, -11.7068796158, 3.00872802734, 33.7765884399, 26.7015895844], [-116.221549988, 250.889556885, -71.6395950317, 32.1597633362, 189.560745239, -39.8376846313, 54.5433349609, -7.49387454987, 10.8342857361, -27.6948184967, 33.8874092102, -27.796037674, 18.2516689301], [66.0475540161, -187.335067749, 140.953598022, -60.5834732056, -39.8376846313, 240.900588989, 15.4116945267, 17.9745769501, -47.8804092407, 40.003276825, -47.9263191223, 4.66435432434, -55.6843414307], [-119.528610229, 181.264465332, -79.4625549316, -36.5811729431, 54.5433349609, 15.4116945267, 155.306488037, -6.07305908203, 10.3587627411, -15.3898620605, 39.4262733459, -42.0422554016, -3.84533810616], [130.669570923, -93.8343429565, 17.8614845276, 7.3560667038, -7.49387454987, 17.9745769501, -6.07305908203, 95.8536453247, 17.6879367828, 17.2227058411, -25.1219024658, 0.812055408955, -13.208363533], [-31.7914733887, 58.0528907776, -44.9411582947, 41.2448272705, 10.8342857361, -47.8804092407, 10.3587627411, 17.6879367828, 97.1757354736, -0.0197940636426, 14.6078443527, -9.95489025116, 10.5741596222], [71.8277359009, -93.2241744995, 27.0821914673, -11.7068796158, -27.6948184967, 40.003276825, -15.3898620605, 17.2227058411, -0.0197940636426, 80.6556472778, -0.251776993275, 13.5982227325, -16.334526062], [-65.3399276733, 101.531951904, -79.537361145, 3.00872802734, 33.8874092102, -47.9263191223, 39.4262733459, -25.1219024658, 14.6078443527, -0.251776993275, 88.9478302002, -3.53863668442, 14.6560201645], [30.0287322998, -78.8961791992, 54.5396499634, 33.7765884399, -27.796037674, 4.66435432434, -42.0422554016, 0.812055408955, -9.95489025116, 13.5982227325, -3.53863668442, 70.7496337891, 14.848903656], [-34.4241714478, 52.1525306702, -42.4055709839, 26.7015895844, 18.2516689301, -55.6843414307, -3.84533810616, -13.208363533, 10.5741596222, -16.334526062, 14.6560201645, 14.848903656, 67.3465194702]],
        "icov": [[0.00207171775401, 1.23728966628e-06, 0.0015072474489, -0.00209630513564, 0.00126813084353, -0.000959114055149, 0.00134431163315, -0.00265522487462, 0.00197452609427, -0.000932779803406, 0.000209243051358, 0.000710359599907, 0.000519073975738], [1.23728966628e-06, 0.0159202050418, -0.00817707180977, 0.00957383494824, -0.0167685188353, 0.0138110043481, -0.0139141567051, 0.0121300155297, -0.00895327236503, 0.00403564842418, -0.000560170912649, 0.00185770203825, -0.00162717292551], [0.0015072474489, -0.00817707180977, 0.00973512232304, -0.0078313248232, 0.00993431545794, -0.00985530670732, 0.0091119799763, -0.00783799123019, 0.00676998496056, -0.00247570080683, 0.00237421155907, -0.0025188580621, 0.00285478681326], [-0.00209630513564, 0.00957383494824, -0.0078313248232, 0.0176023561507, -0.013800535351, 0.0110235689208, -0.00838126428425, 0.00961545947939, -0.0115032140166, 0.00447774678469, -0.000322814041283, -0.00405766582116, -0.00227636960335], [0.00126813084353, -0.0167685188353, 0.00993431545794, -0.013800535351, 0.0256438888609, -0.0152104804292, 0.013724011369, -0.0148679371923, 0.0119475265965, -0.00375584862195, -0.000882891996298, 0.00128226610832, 0.000824377348181], [-0.000959114055149, 0.0138110043481, -0.00985530670732, 0.0110235689208, -0.0152104804292, 0.0205339323729, -0.0154769420624, 0.011682389304, -0.00697563542053, 0.00120174558833, 0.00224447785877, 3.85342900699e-05, 0.00163613690529], [0.00134431163315, -0.0139141567051, 0.0091119799763, -0.00838126428425, 0.013724011369, -0.0154769420624, 0.0235452372581, -0.012954688631, 0.00789153017104, -0.00206244084984, -0.00378697342239, 0.00247688707896, 0.00134876242373], [-0.00265522487462, 0.0121300155297, -0.00783799123019, 0.00961545947939, -0.0148679371923, 0.011682389304, -0.012954688631, 0.0254246797413, -0.012258913368, 0.00168984674383, 0.00374880479649, -0.000366058724467, 3.68266737496e-05], [0.00197452609427, -0.00895327236503, 0.00676998496056, -0.0115032140166, 0.0119475265965, -0.00697563542053, 0.00789153017104, -0.012258913368, 0.0212559960783, -0.00473355827853, -0.00066418555798, 0.00313964765519, 0.000773687032051], [-0.000932779803406, 0.00403564842418, -0.00247570080683, 0.00447774678469, -0.00375584862195, 0.00120174558833, -0.00206244084984, 0.00168984674383, -0.00473355827853, 0.0175220388919, -0.00374729558825, -0.00270980619825, 0.00169508403633], [0.000209243051358, -0.000560170912649, 0.00237421155907, -0.000322814041283, -0.000882891996298, 0.00224447785877, -0.00378697342239, 0.00374880479649, -0.00066418555798, -0.00374729558825, 0.0182610210031, -0.00381404277869, 0.000840133870952], [0.000710359599907, 0.00185770203825, -0.0025188580621, -0.00405766582116, 0.00128226610832, 3.85342900699e-05, 0.00247688707896, -0.000366058724467, 0.00313964765519, -0.00270980619825, -0.00381404277869, 0.0239820629358, -0.00690662721172], [0.000519073975738, -0.00162717292551, 0.00285478681326, -0.00227636960335, 0.000824377348181, 0.00163613690529, 0.00134876242373, 3.68266737496e-05, 0.000773687032051, 0.00169508403633, 0.000840133870952, -0.00690662721172, 0.0219173226506]]
    },
    "melbands": {
        "max": [0.015508829616, 0.0128736859187, 0.00898673851043, 0.0116814561188, 0.0176410507411, 0.00655325269327, 0.00457393890247, 0.00890223030001, 0.0116401510313, 0.00763782346621, 0.00348520325497, 0.00204383768141, 0.00260015716776, 0.0027972208336, 0.00557809136808, 0.00309485057369, 0.00144287466537, 0.000817987835035, 0.000605659384746, 0.000447620026534, 0.00054706382798, 0.000982140540145, 0.00035133693018, 0.00022730071214, 0.000150398118421, 7.67636302044e-05, 0.000131644686917, 0.000155976522365, 9.23693660297e-05, 4.13092093368e-05, 4.33910172433e-05, 4.67529825983e-05, 5.92769392824e-05, 0.000147870334331, 7.91111087892e-05, 8.30993594718e-05, 7.41308613215e-05, 0.000153535904246, 8.3036495198e-05, 3.11488765874e-05],
        "mean": [0.00164510053582, 0.00111741072033, 0.000622578780167, 0.000613456242718, 0.000874730292708, 0.000613723183051, 0.000295432255371, 0.00059518602211, 0.000452982698334, 0.000416632596171, 0.000393053982407, 0.000128701023641, 0.00018980508321, 0.000134560425067, 0.000134412242915, 8.54095123941e-05, 9.07367721084e-05, 4.69167061965e-05, 2.8290980481e-05, 2.88355913654e-05, 2.80805888906e-05, 2.36893811234e-05, 1.72391210072e-05, 1.76910780283e-05, 1.73800945049e-05, 9.12040286494e-06, 1.13137984954e-05, 1.15814709716e-05, 6.14419150224e-06, 3.42234739037e-06, 3.1249874155e-06, 3.1441804822e-06, 3.32018953486e-06, 3.37146548191e-06, 2.81331563201e-06, 2.86212366518e-06, 3.03001047541e-06, 2.58051909441e-06, 1.68911071796e-06, 9.73825308392e-07],
        "min": [1.30299065404e-06, 4.11747714679e-06, 7.59899558034e-06, 1.77873480425e-05, 1.08073982119e-05, 8.08760250948e-06, 7.44138924347e-06, 4.21889080826e-06, 8.06458592706e-06, 3.95114011553e-06, 5.48326079297e-06, 2.84845987153e-06, 3.62293280887e-06, 5.11795860803e-06, 4.44032411906e-06, 1.0987805581e-06, 9.93735625343e-07, 1.27909765979e-06, 7.46676164454e-07, 4.76082703926e-07, 4.73681836866e-07, 4.8488345783e-07, 4.67802124149e-07, 4.0734980189e-07, 3.18898372598e-07, 2.53342648193e-07, 2.43151873747e-07, 1.17354048257e-07, 1.24034329474e-07, 7.84146223509e-08, 3.85767080502e-08, 3.92313133091e-08, 3.80128462041e-08, 3.52192834896e-08, 2.20743139323e-08, 2.76696905388e-08, 2.3853793607e-08, 5.9689946319e-09, 3.31538352327e-09, 3.1761322461e-09],
        "stdev": [0.00133439991623, 0.00119527964853, 0.000839237938635, 0.000893791322596, 0.00120910804253, 0.000835928367451, 0.00046098799794, 0.000752301653847, 0.000829874305055, 0.0008638620493, 0.000433440814959, 0.000210466590943, 0.000261105044046, 0.000217500783037, 0.00033984836773, 0.000211848062463, 0.000145846919622, 6.65169427521e-05, 4.36090303992e-05, 4.12133340433e-05, 5.08552402607e-05, 5.17212320119e-05, 2.36769446929e-05, 2.33719219978e-05, 2.24215891649e-05, 1.11253757495e-05, 1.49778315972e-05, 1.70171169884e-05, 8.39804397401e-06, 4.25858888775e-06, 4.37470180259e-06, 4.81447068523e-06, 5.8779282881e-06, 6.99250222169e-06, 5.49207015865e-06, 6.37280891169e-06, 7.50963954488e-06, 8.91185118235e-06, 5.17940316058e-06, 2.28666544899e-06]
    },
    "melbands128": {
        "max": [0.00294722500257, 0.0180317293853, 0.0228894986212, 0.0170058347285, 0.0172476340085, 0.0142502645031, 0.0123088555411, 0.0103873163462, 0.0106097878888, 0.0208399109542, 0.00831448286772, 0.0155926132575, 0.0296548455954, 0.012891985476, 0.0109654199332, 0.0119531620294, 0.0119750443846, 0.00662388140336, 0.00725239468738, 0.00846560951322, 0.0175667591393, 0.0116887781769, 0.0212285518646, 0.0191097613424, 0.0162536166608, 0.0112192574888, 0.00567369023338, 0.00696983886883, 0.00316829816438, 0.0022741581779, 0.00374065339565, 0.00610969308764, 0.00430708285421, 0.00557943899184, 0.0038829871919, 0.00442853011191, 0.007223861292, 0.0124411461875, 0.00557448435575, 0.00316333188675, 0.00596207380295, 0.00494645815343, 0.00156162597705, 0.00329938647337, 0.0018746452406, 0.000958054792136, 0.000844786642119, 0.000811758276541, 0.000979517353699, 0.00085017492529, 0.000443900382379, 0.000882362364791, 0.000763088290114, 0.000895030330867, 0.00196565757506, 0.0013112782035, 0.000378297758289, 0.000860905856825, 0.000369750050595, 0.000316904013744, 0.000424081226811, 0.000344156083884, 0.000349076406565, 0.000293296674499, 0.000314597418765, 0.000162090305821, 0.000159049435752, 0.000389042834286, 0.000194357751752, 0.000390105386032, 0.000352437928086, 0.000333766831318, 0.000176995119546, 0.00014237256255, 0.000201702627237, 5.25972136529e-05, 4.16816401412e-05, 7.82939823694e-05, 5.08024750161e-05, 4.99116904393e-05, 6.03053194936e-05, 5.4178010032e-05, 0.000113067289931, 8.08383338153e-05, 6.8892732088e-05, 0.000177775524207, 0.000166705460288, 9.51374968281e-05, 9.13166877581e-05, 7.03355108271e-05, 9.39345336519e-05, 0.000131701934151, 0.000169783117599, 0.000109182888991, 0.000103114842204, 0.000125144128106, 0.000198033230845, 0.000154547407874, 8.42150548124e-05, 8.18518165033e-05, 3.24793254549e-05, 5.27191805304e-05, 2.57373339991e-05, 6.11498981016e-05, 9.32255534281e-06, 1.66188310686e-05, 2.1044645564e-06, 1.81696563573e-07, 7.14516112943e-10, 5.93655957726e-10, 6.22897289304e-10, 6.42851993859e-10, 6.45053399584e-10, 6.39525654655e-10, 6.3116517568e-10, 6.31028007625e-10, 6.27381313567e-10, 6.18096795968e-10, 6.04850836083e-10, 5.93158466788e-10, 5.89001014628e-10, 5.78620984459e-10, 5.70065883387e-10, 5.63773250306e-10, 5.60550439399e-10, 5.5488330597e-10, 5.51723500219e-10, 5.49543299755e-10],
        "mean": [0.000494417501613, 0.00191053352319, 0.00200688559562, 0.00139313505497, 0.00103641289752, 0.000988885411061, 0.000691139604896, 0.000498709443491, 0.000522683549207, 0.00050858274335, 0.000720898678992, 0.000968390668277, 0.000867239199579, 0.000871551514138, 0.000591939489823, 0.000498034176417, 0.000470538856462, 0.000169818202266, 0.000182330360985, 0.00061850034399, 0.000849795702379, 0.000406384759117, 0.000356153090252, 0.000508798286319, 0.000603324384429, 0.000255766237387, 0.000297027814668, 0.000673419504892, 0.000169578997884, 9.72243215074e-05, 0.000118666554044, 0.000163837437867, 0.000224325587624, 0.000215311811189, 6.1879552959e-05, 0.000122721379739, 0.000235896877712, 8.79223080119e-05, 0.000134224028443, 9.91756169242e-05, 7.40212344681e-05, 6.61255908199e-05, 7.55503133405e-05, 0.000134569592774, 5.83805667702e-05, 2.9584267395e-05, 2.96842554235e-05, 2.22010930884e-05, 2.85640653601e-05, 4.33629538747e-05, 2.4964203476e-05, 2.07994071388e-05, 2.09376103157e-05, 3.1263447454e-05, 4.49183717137e-05, 1.78326135938e-05, 1.11786657726e-05, 1.94385847863e-05, 1.84940672625e-05, 1.62879368872e-05, 1.72204217961e-05, 1.78120208147e-05, 2.21452573896e-05, 1.72722648131e-05, 1.01282694231e-05, 6.86262410454e-06, 9.87833482213e-06, 1.08391895992e-05, 9.25629319681e-06, 1.61544885486e-05, 1.28753499666e-05, 8.77717775438e-06, 8.15245766717e-06, 5.5826735661e-06, 3.91204685002e-06, 3.57469843948e-06, 3.08476091959e-06, 3.12591009788e-06, 3.05058438244e-06, 3.12493625643e-06, 3.48883190782e-06, 2.73083855973e-06, 3.3177188925e-06, 3.17076342071e-06, 3.62121136277e-06, 3.6239862311e-06, 3.18509182762e-06, 3.10808172799e-06, 2.77337812804e-06, 2.65897119789e-06, 2.56303269452e-06, 2.9202785754e-06, 3.32352487931e-06, 3.2380526136e-06, 2.7296969165e-06, 2.58045429291e-06, 2.71521889772e-06, 2.34927188103e-06, 1.69011411799e-06, 1.42266583225e-06, 1.06918878373e-06, 9.2830163112e-07, 7.71744055328e-07, 7.86261068697e-07, 5.14074656621e-07, 4.33824112633e-07, 1.03451519351e-07, 4.3926395854e-09, 9.5844530229e-12, 7.74163112088e-12, 7.37176465704e-12, 7.08021792237e-12, 6.75546597828e-12, 6.504716904e-12, 6.28838344244e-12, 6.06063680145e-12, 5.85859616029e-12, 5.68755849709e-12, 5.53061719685e-12, 5.38043351192e-12, 5.24652500264e-12, 5.13313176687e-12, 5.03332878848e-12, 4.94000717069e-12, 4.82621147907e-12, 4.68158454711e-12, 4.59561555477e-12, 4.56382718075e-12],
        "min": [2.43625120078e-08, 1.64465703278e-07, 4.03856830644e-07, 1.20204651921e-06, 4.72733881907e-06, 3.39661983162e-06, 2.43747081186e-06, 1.32102297812e-06, 3.13722330247e-06, 6.23837513558e-06, 2.38683560383e-06, 3.11909002448e-06, 9.79623791864e-07, 2.66189954345e-06, 1.54482256676e-06, 2.06184813578e-06, 1.9652512151e-07, 4.11156293012e-07, 1.4621354012e-06, 1.47303296671e-06, 4.29398960478e-06, 2.353310947e-06, 4.62859674144e-07, 1.32736181513e-06, 7.52674793603e-07, 4.88337946081e-07, 1.10859195956e-06, 1.41909413287e-06, 1.72140630639e-06, 2.90695908234e-07, 2.76050400316e-07, 9.56668600338e-07, 1.48498327235e-06, 7.36177639737e-07, 4.65912023628e-07, 1.05625190372e-06, 2.8991456702e-07, 1.00025704342e-06, 9.55646783041e-07, 8.82734696006e-07, 2.82205036228e-07, 1.01650378781e-07, 4.1763723857e-07, 8.25435392926e-07, 2.09260917927e-07, 4.64347095885e-07, 2.54402579003e-07, 2.46471188348e-07, 2.518008273e-07, 2.06309152873e-07, 2.50580086458e-07, 2.47662882202e-07, 4.24655759446e-08, 1.09814827454e-07, 1.31532530645e-07, 1.49474033151e-07, 1.40631655654e-07, 2.31287458519e-07, 1.19662317388e-07, 9.42225639733e-08, 1.11279710779e-07, 1.16966120345e-07, 2.32565454894e-07, 2.16708116341e-07, 5.67863480683e-08, 1.04131252954e-07, 1.17120976029e-07, 1.78281652552e-07, 1.07759852597e-07, 8.9608079179e-08, 4.580367019e-08, 5.76222554116e-08, 4.88577782676e-08, 9.94760540607e-08, 7.24853848055e-08, 3.32394947122e-08, 2.97469959776e-08, 1.66699667403e-08, 2.38721611368e-08, 2.14492956729e-08, 1.55962283088e-08, 1.50729579929e-08, 1.98817655672e-08, 2.35926407299e-08, 2.03860128778e-08, 2.63210253593e-08, 3.07966487867e-08, 2.88671717641e-08, 9.03793573315e-09, 1.37593945126e-08, 2.11881463485e-08, 2.30351719921e-08, 1.43295766364e-08, 1.16722578269e-08, 7.792566592e-09, 3.76055409035e-09, 5.6577209584e-09, 2.34500174834e-09, 2.59549293169e-09, 3.1304563386e-09, 1.84815085458e-09, 1.27057908639e-09, 1.25221810698e-09, 1.45471168445e-09, 1.33253774681e-09, 9.79402559054e-10, 1.81453366221e-10, 1.84800593339e-13, 1.07567465135e-13, 1.11365249162e-13, 9.2884785963e-14, 1.32205295431e-13, 1.06096982057e-13, 1.03536726718e-13, 1.00726162979e-13, 8.77883106921e-14, 1.09865370653e-13, 1.03079999777e-13, 1.0819750857e-13, 9.30410059435e-14, 1.07414050527e-13, 1.05942395156e-13, 9.6289011378e-14, 8.16534136854e-14, 6.30329935383e-14, 3.69401707031e-14, 3.97653550781e-15, 1.01943790099e-16],
        "stdev": [0.00045076807146, 0.0017721739132, 0.00192018796224, 0.0015115441056, 0.00145628431346, 0.00130153761711, 0.00103461218532, 0.000910137721803, 0.00107891578227, 0.00134266715031, 0.00104778271634, 0.0014153161319, 0.00186305155512, 0.00164218887221, 0.00110223307274, 0.000916688120924, 0.000977357150987, 0.000422897050157, 0.000426771381171, 0.000861510925461, 0.00124034867622, 0.00104518397711, 0.00113944336772, 0.00139310525265, 0.00159495603293, 0.000842652982101, 0.000467787118396, 0.00080398179125, 0.000241668676608, 0.000229686760576, 0.000337588426191, 0.000407215964515, 0.000375666975742, 0.000387130799936, 0.000212294442463, 0.000242310401518, 0.000624146661721, 0.000595987425186, 0.000308542104904, 0.000222033413593, 0.000356350967195, 0.000312357005896, 0.000137370516313, 0.000272742676316, 0.000142442979268, 6.50625879643e-05, 5.81614913244e-05, 4.85867203679e-05, 7.01449243934e-05, 8.3351500507e-05, 4.36119371443e-05, 5.29089084012e-05, 6.44230967737e-05, 7.04119956936e-05, 0.000119623102364, 6.4359010139e-05, 2.54146962106e-05, 4.08321029681e-05, 2.98931117868e-05, 2.98490849673e-05, 3.34264404955e-05, 3.27663401549e-05, 3.66085769201e-05, 2.98987524729e-05, 1.98105572053e-05, 1.17835488709e-05, 1.54736753757e-05, 2.17032029468e-05, 1.74536562554e-05, 3.10436153086e-05, 2.59720454778e-05, 1.95426910068e-05, 1.39130579555e-05, 1.04958035081e-05, 9.52483878791e-06, 4.82293307869e-06, 4.47702041129e-06, 5.38829453944e-06, 4.61241961602e-06, 5.06399828737e-06, 5.80869209443e-06, 4.68532653031e-06, 7.24150640963e-06, 6.16793204244e-06, 7.18020555723e-06, 8.37203151605e-06, 7.11055326974e-06, 6.86234488967e-06, 5.83643577556e-06, 5.44737349628e-06, 5.47147601537e-06, 7.74902855483e-06, 9.2782684078e-06, 8.46151942824e-06, 7.73424289946e-06, 7.98336895969e-06, 1.11371091407e-05, 8.58610383148e-06, 5.22441223438e-06, 4.53477923656e-06, 2.64115942628e-06, 2.49377649197e-06, 1.67684152075e-06, 2.79379378298e-06, 1.03300442333e-06, 9.82386723081e-07, 2.38060877678e-07, 1.40993412501e-08, 2.70918166373e-11, 2.51989488304e-11, 2.42155028668e-11, 2.36715091972e-11, 2.27487941679e-11, 2.21013658763e-11, 2.15201311632e-11, 2.11573918107e-11, 2.07272567165e-11, 2.027809691e-11, 1.97081431036e-11, 1.92611655792e-11, 1.89865328321e-11, 1.86159490601e-11, 1.830529478e-11, 1.80400867855e-11, 1.78891068625e-11, 1.76971475668e-11, 1.75821510129e-11, 1.75037050826e-11]
    },
    "mfcc": {
        "mean": [-601.01965332, 125.642974854, 2.12898898125, 11.9132394791, -3.51804256439, 3.84794449806, 3.48721885681, 6.61231422424, -4.19343805313, 7.05519151688, -0.187847599387, 3.48743247986, -0.227074369788],
        "cov": [[1099.56298828, -504.773956299, -53.6670455933, -20.7762832642, -0.246667787433, -97.8792572021, -45.493637085, -19.1180057526, 29.4001598358, 29.1461353302, 10.8117513657, 3.51894211769, 6.92462348938], [-504.773956299, 702.386779785, -241.386856079, 136.866836548, -2.73139357567, 19.2651863098, 91.3826751709, 21.3560276031, -32.6846694946, 41.4062805176, -19.1976013184, 0.514387488365, -1.33659231663], [-53.6670455933, -241.386856079, 438.233276367, -105.260131836, 25.4528884888, 68.1318054199, -38.6428337097, 8.11962413788, 23.6271381378, -69.8945388794, 46.8018112183, -14.1090669632, -29.7824287415], [-20.7762832642, 136.866836548, -105.260131836, 266.708984375, 51.3698196411, -64.3714599609, -57.2842597961, 6.45934581757, -4.09847450256, -4.55340099335, -64.575920105, 31.3334693909, 42.6235160828], [-0.246667787433, -2.73139357567, 25.4528884888, 51.3698196411, 137.210983276, 0.4557107687, -20.288269043, 5.34947395325, 17.4061889648, -16.467912674, -22.5234222412, 10.9994440079, 17.7920799255], [-97.8792572021, 19.2651863098, 68.1318054199, -64.3714599609, 0.4557107687, 131.593551636, 50.6725311279, 6.33544826508, 8.41751194, -22.7457237244, 39.4643783569, -3.00179886818, -15.728055954], [-45.493637085, 91.3826751709, -38.6428337097, -57.2842597961, -20.288269043, 50.6725311279, 142.479324341, 17.1454925537, -7.1269235611, 12.2079324722, 25.7850418091, -1.54693567753, -18.8339710236], [-19.1180057526, 21.3560276031, 8.11962413788, 6.45934581757, 5.34947395325, 6.33544826508, 17.1454925537, 75.2467727661, 17.6563892365, 8.49874591827, 2.71745824814, 1.30471885204, 1.61798703671], [29.4001598358, -32.6846694946, 23.6271381378, -4.09847450256, 17.4061889648, 8.41751194, -7.1269235611, 17.6563892365, 84.4263381958, 4.38899278641, 11.4790849686, 2.95498323441, 3.24769830704], [29.1461353302, 41.4062805176, -69.8945388794, -4.55340099335, -16.467912674, -22.7457237244, 12.2079324722, 8.49874591827, 4.38899278641, 101.224884033, 11.0061092377, -8.34295463562, -8.6731967926], [10.8117513657, -19.1976013184, 46.8018112183, -64.575920105, -22.5234222412, 39.4643783569, 25.7850418091, 2.71745824814, 11.4790849686, 11.0061092377, 104.551872253, 7.10515594482, -19.7415523529], [3.51894211769, 0.514387488365, -14.1090669632, 31.3334693909, 10.9994440079, -3.00179886818, -1.54693567753, 1.30471885204, 2.95498323441, -8.34295463562, 7.10515594482, 68.0673141479, 25.921710968], [6.92462348938, -1.33659231663, -29.7824287415, 42.6235160828, 17.7920799255, -15.728055954, -18.8339710236, 1.61798703671, 3.24769830704, -8.6731967926, -19.7415523529, 25.921710968, 63.6187133789]],
        "icov": [[0.00186104059685, 0.00185336917639, 0.00102205213625, -0.00061286642449, -0.000228032295126, 0.000808439799584, -0.000695269263815, 9.93478970486e-05, -0.000269033858785, -0.000238357548369, -0.000772237719502, 0.000358306308044, 0.00037633854663], [0.00185336917639, 0.00412770546973, 0.00196588411927, -0.00210224860348, -0.000224561939831, -0.000216211556108, -0.00191948376596, -0.000283354427665, 0.000359807105269, -0.000546780996956, -0.000973508809693, 0.000915236596484, 0.000894155877177], [0.00102205213625, 0.00196588411927, 0.00455710943788, 0.000397031777538, -0.000994860078208, -0.00104661530349, 0.00115537026431, -0.0011003294494, -0.000200399837922, 0.0019949558191, -0.00151214573998, 0.000598412298132, 0.00175606517587], [-0.00061286642449, -0.00210224860348, 0.000397031777538, 0.00727637438104, -0.00154828396626, 0.00139992218465, 0.00292576127686, -0.00102819816675, 5.78377475904e-05, 0.000876512436662, 0.00229482492432, -0.00252247252502, -0.00113879959099], [-0.000228032295126, -0.000224561939831, -0.000994860078208, -0.00154828396626, 0.00880261138082, -0.000969487067778, 0.000205618402106, -1.37985989568e-05, -0.0016789350193, 0.000338900223142, 0.0016457879683, -0.000547144387383, -0.0011830131989], [0.000808439799584, -0.000216211556108, -0.00104661530349, 0.00139992218465, -0.000969487067778, 0.012240735814, -0.00357653875835, 0.000178397720447, -0.00112054531928, 0.00260511273518, -0.00290120067075, 0.000349318346707, 8.33141239127e-05], [-0.000695269263815, -0.00191948376596, 0.00115537026431, 0.00292576127686, 0.000205618402106, -0.00357653875835, 0.011404171586, -0.0025875736028, 0.00113338371739, -4.86205972265e-05, -2.56486782746e-05, -0.00164417619817, 0.0017137323739], [9.93478970486e-05, -0.000283354427665, -0.0011003294494, -0.00102819816675, -1.37985989568e-05, 0.000178397720447, -0.0025875736028, 0.0151182748377, -0.00320651102811, -0.00159948994406, 0.000290799915092, 0.000192911145859, -0.000988301937468], [-0.000269033858785, 0.000359807105269, -0.000200399837922, 5.78377475904e-05, -0.0016789350193, -0.00112054531928, 0.00113338371739, -0.00320651102811, 0.013644343242, -0.00110128580127, -0.00144014216494, -3.30573529936e-05, -0.000766219978686], [-0.000238357548369, -0.000546780996956, 0.0019949558191, 0.000876512436662, 0.000338900223142, 0.00260511273518, -4.86205972265e-05, -0.00159948994406, -0.00110128580127, 0.0129142608494, -0.00234994851053, 0.00144556339364, 0.00143529486377], [-0.000772237719502, -0.000973508809693, -0.00151214573998, 0.00229482492432, 0.0016457879683, -0.00290120067075, -2.56486782746e-05, 0.000290799915092, -0.00144014216494, -0.00234994851053, 0.0142020108178, -0.00441490858793, 0.00258475635201], [0.000358306308044, 0.000915236596484, 0.000598412298132, -0.00252247252502, -0.000547144387383, 0.000349318346707, -0.00164417619817, 0.000192911145859, -3.30573529936e-05, 0.00144556339364, -0.00441490858793, 0.0194745156914, -0.00740809505805], [0.00037633854663, 0.000894155877177, 0.00175606517587, -0.00113879959099, -0.0011830131989, 8.33141239127e-05, 0.0017137323739, -0.000988301937468, -0.000766219978686, 0.00143529486377, 0.00258475635201, -0.00740809505805, 0.0222207792103]]
    },
    "spectral_contrast_coeffs": {
        "max": [-0.495085775852, -0.463081240654, -0.529873549938, -0.616051495075, -0.667627394199, -0.682757258415],
        "mean": [-0.740130841732, -0.71798825264, -0.714577078819, -0.769855558872, -0.785206854343, -0.775862872601],
        "min": [-0.892948865891, -0.88481014967, -0.884960591793, -0.881785392761, -0.871523499489, -0.859151124954],
        "stdev": [0.0647891610861, 0.0644728541374, 0.0534872673452, 0.0435928367078, 0.0377352461219, 0.0283217374235]
    },
    "spectral_contrast_valleys": {
        "max": [-5.10993671417, -4.63443517685, -5.43702459335, -5.9005317688, -5.88755607605, -7.54063987732],
        "mean": [-6.19731807709, -6.30232906342, -6.95256090164, -7.36463975906, -7.28965234756, -9.77945137024],
        "min": [-8.19826316833, -7.54646587372, -8.28894424438, -8.6057434082, -8.90257453918, -11.8754291534],
        "stdev": [0.425246238708, 0.441686332226, 0.44854554534, 0.435846686363, 0.457380533218, 0.752545595169]
    }
},
"rhythm": {
    "beats_count": 45,
    "beats_loudness": {
        "max": 0.0961638614535,
        "mean": 0.0441332235932,
        "min": 0.0180510934442,
        "stdev": 0.0159665960819
    },
    "bpm": 95.0732727051,
    "bpm_histogram_first_peak_bpm": 96,
    "bpm_histogram_first_peak_weight": 0.386363625526,
    "bpm_histogram_second_peak_bpm": 0,
    "bpm_histogram_second_peak_spread": 0,
    "bpm_histogram_second_peak_weight": 0,
    "danceability": 1.47703957558,
    "onset_rate": 3.23988962173,
    "beats_loudness_band_ratio": {
        "max": [0.574981868267, 0.563095092773, 0.624705076218, 0.437978476286, 0.245693832636, 0.15442854166],
        "mean": [0.255592167377, 0.209557935596, 0.298741936684, 0.153530955315, 0.0811773538589, 0.0534161999822],
        "min": [0.0800116732717, 0.0308232884854, 0.102986581624, 0.0256320927292, 0.00910245068371, 0.00384570728056],
        "stdev": [0.108094759285, 0.127684473991, 0.135020896792, 0.0853962749243, 0.0516643300653, 0.0378027223051]
    },
    "beats_position": [0.603718817234, 1.23065757751, 1.8575963974, 2.47292518616, 3.09986400604, 3.73841261864, 4.3653512001, 4.99229001999, 5.61922883987, 6.24616765976, 6.88471651077, 7.52326536179, 8.15020370483, 8.77714252472, 9.41569137573, 10.0542402267, 10.6811790466, 11.3081178665, 11.9466667175, 12.5852155685, 13.2121543884, 13.8390922546, 14.4776411057, 15.1045799255, 15.7431287766, 16.3700675964, 16.99700737, 17.6239452362, 18.2508831024, 18.877822876, 19.5163707733, 20.154920578, 20.7934684753, 21.43201828, 22.0589561462, 22.6858959198, 23.312833786, 23.9397735596, 24.5783214569, 25.2052612305, 25.8438091278, 26.470746994, 27.0976867676, 27.7246246338, 28.3747844696],
