{
"metadata": {
    "version": {
        "essentia": "2.1-beta5",
        "essentia_git_sha": "Undefined",
        "extractor": "music 2.0"
    },
    "audio_properties": {
        "analysis": {
            "equal_loudness": 0,
            "length": 48.7502937317,
            "sample_rate": 44100,
            "start_time": 61.4980506897,
            "downmix": "mix"
        },
        "bit_rate": 192000,
        "length": 183.344772339,
        "lossless": 0,
        "number_channels": 2,
        "replay_gain": -7.86997795105,
        "sample_rate": 48000,
        "codec": "mp3",
        "md5_encoded": "425770b72e376ae19091bc127eb99980"
    },
    "tags": {
        "file_name": "Iceland_Tell Me!_August _ Telma.mp3",
        "encoding": ["Lavf58.29.100"]
    }
},
"lowlevel": {
    "average_loudness": 0.98035466671,
    "barkbands_crest": {
        "max": 20.741859436,
        "mean": 6.84312057495,
        "min": 2.17366170883,
        "stdev": 2.79955005646
    },
    "barkbands_flatness_db": {
        "max": 0.231628969312,
        "mean": 0.125065922737,
        "min": 0.058205626905,
        "stdev": 0.0228330232203
    },
    "barkbands_kurtosis": {
        "max": 16.8498783112,
        "mean": -0.12717731297,
        "min": -1.80070722103,
        "stdev": 1.76347494125
    },
    "barkbands_skewness": {
        "max": 3.86208724976,
        "mean": 0.582378387451,
        "min": -1.25567936897,
        "stdev": 0.693847179413
    },
    "barkbands_spread": {
        "max": 98.173866272,
        "mean": 33.1186332703,
        "min": 4.87159490585,
        "stdev": 12.160358429
    },
    "dissonance": {
        "max": 0.500000059605,
        "mean": 0.479499131441,
        "min": 0.370130211115,
        "stdev": 0.0136982686818
    },
    "dynamic_complexity": 1.45595598221,
    "erbbands_crest": {
        "max": 24.0116195679,
        "mean": 7.65598678589,
        "min": 2.66553354263,
        "stdev": 3.30198025703
    },
    "erbbands_flatness_db": {
        "max": 0.247968956828,
        "mean": 0.166288718581,
        "min": 0.0895410254598,
        "stdev": 0.0285061243922
    },
    "erbbands_kurtosis": {
        "max": 7.93647480011,
        "mean": -0.00668441737071,
        "min": -1.57820165157,
        "stdev": 1.02765882015
    },
    "erbbands_skewness": {
        "max": 1.73441648483,
        "mean": -0.211493626237,
        "min": -2.04285573959,
        "stdev": 0.531322598457
    },
    "erbbands_spread": {
        "max": 105.996116638,
        "mean": 35.5675315857,
        "min": 10.760310173,
        "stdev": 13.4990673065
    },
    "hfc": {
        "max": 168.632064819,
        "mean": 31.353477478,
        "min": 0.686611354351,
        "stdev": 18.0032329559
    },
    "loudness_ebu128": {
        "integrated": -15.3022136688,
        "loudness_range": 0.781185150146,
        "momentary": {
            "max": -13.0699777603,
            "mean": -15.4222984314,
            "min": -19.2409515381,
            "stdev": 1.05366909504
        },
        "short_term": {
            "max": -14.5614452362,
            "mean": -15.2981805801,
            "min": -16.0975837708,
            "stdev": 0.278528571129
        }
    },
    "melbands_crest": {
        "max": 25.1743392944,
        "mean": 10.3977136612,
        "min": 3.62292814255,
        "stdev": 3.73300004005
    },
    "melbands_flatness_db": {
        "max": 0.29487991333,
        "mean": 0.131084486842,
        "min": 0.0384561605752,
        "stdev": 0.0344677194953
    },
    "melbands_kurtosis": {
        "max": 74.8178100586,
        "mean": 3.73261833191,
        "min": -1.54109656811,
        "stdev": 5.5230512619
    },
    "melbands_skewness": {
        "max": 7.69691467285,
        "mean": 1.64793634415,
        "min": -0.34742975235,
        "stdev": 0.957178592682
    },
    "melbands_spread": {
        "max": 170.201278687,
        "mean": 42.1764678955,
        "min": 4.82091379166,
        "stdev": 18.6401004791
    },
    "pitch_salience": {
        "max": 0.830475687981,
        "mean": 0.598702788353,
        "min": 0.310779303312,
        "stdev": 0.072534814477
    },
    "silence_rate_20dB": {
        "max": 1,
        "mean": 1,
        "min": 1,
        "stdev": 0
    },
    "silence_rate_30dB": {
        "max": 1,
        "mean": 1,
        "min": 1,
        "stdev": 0
    },
    "silence_rate_60dB": {
        "max": 0,
        "mean": 0,
        "min": 0,
        "stdev": 0
    },
    "spectral_centroid": {
        "max": 4154.32666016,
        "mean": 1927.5378418,
        "min": 401.815643311,
        "stdev": 481.122528076
    },
    "spectral_complexity": {
        "max": 53,
        "mean": 30.4878635406,
        "min": 1,
        "stdev": 6.88689422607
    },
    "spectral_decrease": {
        "max": -1.82691292649e-10,
        "mean": -6.16186346392e-09,
        "min": -2.26124541314e-08,
        "stdev": 2.58732413272e-09
    },
    "spectral_energy": {
        "max": 0.0907868742943,
        "mean": 0.0261001531035,
        "min": 0.00075179617852,
        "stdev": 0.0105486372486
    },
    "spectral_energyband_high": {
        "max": 0.0225642099977,
        "mean": 0.00124768482056,
        "min": 2.7879166737e-05,
        "stdev": 0.00187060120516
    },
    "spectral_energyband_low": {
        "max": 0.049046844244,
        "mean": 0.00563755817711,
        "min": 0.000166273006471,
        "stdev": 0.00433534290642
    },
    "spectral_energyband_middle_high": {
        "max": 0.0390512645245,
        "mean": 0.0100263683125,
        "min": 0.000248260825174,
        "stdev": 0.00660014897585
    },
    "spectral_energyband_middle_low": {
        "max": 0.0460732653737,
        "mean": 0.00993907917291,
        "min": 0.000348054425558,
        "stdev": 0.00712556252256
    },
    "spectral_entropy": {
        "max": 8.75660133362,
        "mean": 7.82470321655,
        "min": 6.97286701202,
        "stdev": 0.223582804203
    },
    "spectral_flux": {
        "max": 0.227027565241,
        "mean": 0.093463756144,
        "min": 0.0309476871043,
        "stdev": 0.0310943238437
    },
    "spectral_kurtosis": {
        "max": 15.4186210632,
        "mean": 3.15330886841,
        "min": -1.02970421314,
        "stdev": 1.55348050594
    },
    "spectral_rms": {
        "max": 0.0094112996012,
        "mean": 0.00494316359982,
        "min": 0.000856422586367,
        "stdev": 0.00101425952744
    },
    "spectral_rolloff": {
        "max": 9345.41015625,
        "mean": 2448.25268555,
        "min": 150.732421875,
        "stdev": 1369.4375
    },
    "spectral_skewness": {
        "max": 3.10635089874,
        "mean": 1.23761284351,
        "min": 0.234923437238,
        "stdev": 0.236875325441
    },
    "spectral_spread": {
        "max": 20732176,
        "mean": 4104354.75,
        "min": 2427624.25,
        "stdev": 1259354.125
    },
    "spectral_strongpeak": {
        "max": 8.83867645264,
        "mean": 1.11734950542,
        "min": 0.0159824863076,
        "stdev": 1.31655168533
    },
    "zerocrossingrate": {
        "max": 0.2763671875,
        "mean": 0.0819085389376,
        "min": 0.017578125,
        "stdev": 0.0308759510517
    },
    "barkbands": {
        "max": [0.00221502548084, 0.0294408015907, 0.0241183117032, 0.0155946100131, 0.034072753042, 0.0338048711419, 0.0191125795245, 0.0257621444762, 0.02439709194, 0.0287308096886, 0.0183331277221, 0.0162349231541, 0.0242167338729, 0.0120883435011, 0.0172775220126, 0.0122292935848, 0.0102138388902, 0.00749413017184, 0.00691140582785, 0.00639930134639, 0.0051299110055, 0.00745986169204, 0.00796964764595, 0.00665747886524, 0.0051115420647, 8.26043469715e-06, 7.09643529717e-07],
        "mean": [0.000129009044031, 0.00295126438141, 0.00195864844136, 0.00122420454863, 0.00281257764436, 0.00245246966369, 0.000787948258221, 0.00103363743983, 0.00135065522045, 0.00139971147291, 0.000739848124795, 0.000911000708584, 0.000881882035173, 0.000915608776268, 0.00115963909775, 0.00115950184409, 0.00105736823753, 0.000878560065757, 0.000715430825949, 0.000519051449373, 0.000235207291553, 0.000220553600229, 0.000246876879828, 0.000246737821726, 0.000112667075882, 1.16671330375e-07, 1.20148713201e-09],
        "min": [3.58776759413e-08, 3.45065127476e-05, 1.98697871383e-05, 7.67732581153e-06, 8.41257206048e-05, 2.49861404882e-05, 2.82456294372e-05, 1.61349416885e-05, 1.4707752598e-05, 5.64977062822e-06, 1.11512717922e-05, 1.15963712233e-05, 1.62276010087e-05, 1.21889052025e-05, 1.13855094241e-05, 5.79408560952e-06, 1.8847429601e-05, 1.04601585917e-05, 1.12604147944e-05, 1.64324283105e-05, 4.82384348288e-06, 4.00981571147e-06, 2.23817937695e-06, 1.78223774583e-06, 3.58838661896e-07, 2.87163504781e-11, 2.52941504547e-11],
        "stdev": [0.000224995616009, 0.00285278237425, 0.00205833069049, 0.00135676143691, 0.00402515660971, 0.00352241587825, 0.00119401910342, 0.00184895144776, 0.00213203812018, 0.00233323359862, 0.00168049742933, 0.00145493960008, 0.00195476901717, 0.0012939319713, 0.00160474609584, 0.00137644354254, 0.00103946507443, 0.000810407684185, 0.000616757315584, 0.000528502801899, 0.000267838011496, 0.000412338209571, 0.000570836069528, 0.000628116540611, 0.000294799625408, 4.95468725603e-07, 1.55063641927e-08]
    },
    "erbbands": {
        "max": [1.17639732361, 8.11597537994, 24.668050766, 39.6131248474, 106.848266602, 187.498123169, 311.077880859, 427.408233643, 289.147186279, 295.111633301, 752.850830078, 751.370849609, 442.355926514, 1051.4510498, 777.95526123, 725.350219727, 1285.86572266, 673.687561035, 865.115600586, 986.436645508, 713.795898438, 393.115264893, 465.040222168, 317.294830322, 344.028961182, 292.652557373, 155.707885742, 273.918487549, 209.871704102, 341.695495605, 242.32925415, 163.117034912, 128.034378052, 75.8746871948, 21.7752342224, 1.48735034466, 0.0393532589078, 0.00275249616243, 0.000408884516219, 0.000144225603435],
        "mean": [0.0803496316075, 0.683745503426, 2.17866015434, 3.32229161263, 5.91295814514, 9.2971162796, 20.9789676666, 16.6602592468, 11.3427248001, 13.1445484161, 29.1263542175, 30.6078701019, 32.6398963928, 50.3732795715, 31.1577796936, 36.2596664429, 42.6703033447, 47.7322998047, 54.8893165588, 59.7592277527, 67.8198394775, 54.5262756348, 47.8381080627, 40.6584739685, 37.0318222046, 25.0304946899, 11.7503061295, 7.62271595001, 6.88458585739, 8.84568977356, 6.99966192245, 5.77964353561, 3.61376047134, 1.65390205383, 0.588937520981, 0.0346120409667, 0.000997403985821, 8.45394024509e-05, 2.87054408545e-05, 3.60467311111e-05],
        "min": [0.000733878056053, 0.0089991800487, 0.0655862316489, 0.152000918984, 0.174345821142, 0.216535225511, 0.214404121041, 0.207247287035, 0.583267390728, 0.435588628054, 0.417247533798, 0.279873490334, 0.835931718349, 1.01837718487, 1.23243749142, 0.65948176384, 0.765697002411, 0.840798079967, 0.846171975136, 0.246478110552, 0.700067639351, 0.760511279106, 0.452363282442, 1.17093193531, 0.672353804111, 0.710610151291, 0.332743018866, 0.225232064724, 0.139393791556, 0.0743769109249, 0.0733110755682, 0.0454898662865, 0.0267692767084, 0.00875361543149, 0.00163180893287, 0.00014742622443, 1.01970781543e-05, 1.64303469319e-06, 1.46366642184e-06, 1.03005447727e-06],
        "stdev": [0.0984030514956, 0.667345046997, 2.18982768059, 3.07643938065, 9.21669006348, 15.7449178696, 34.4699287415, 28.9416217804, 17.5483322144, 18.8805961609, 52.2079849243, 51.1602668762, 50.953327179, 91.4650421143, 51.6400375366, 56.9249305725, 94.7422409058, 64.7148132324, 78.7907943726, 75.7335739136, 76.2064971924, 49.5459747314, 42.5794677734, 34.5902900696, 33.7053451538, 25.3576984406, 11.6614227295, 11.210776329, 13.1934967041, 17.5806159973, 17.031452179, 14.4849700928, 9.5606880188, 4.59022760391, 1.36090290546, 0.080145329237, 0.00226678745821, 0.000179933776963, 3.10327777697e-05, 1.60171894095e-05]
    },
    "gfcc": {
        "mean": [31.9002151489, 101.543296814, -154.199661255, 58.914691925, -66.0051879883, 25.1866340637, -45.1448974609, 13.3270311356, -17.0325832367, -10.5928354263, -2.93502616882, -12.3269329071, 3.23673152924],
        "cov": [[621.98425293, -332.761230469, 25.4698390961, -17.6431846619, -91.5718765259, 102.28692627, -55.6367874146, 38.0556144714, -20.0645561218, 39.1784324646, -61.9735717773, -26.00822258, -21.7213592529], [-332.761230469, 504.052612305, -143.163162231, -39.6748886108, 99.6412200928, -141.975845337, 106.877044678, -65.7445526123, 36.9619102478, -72.3415145874, 70.608001709, -15.2468490601, 50.9265060425], [25.4698390961, -143.163162231, 394.900543213, 70.7343521118, -65.049407959, 46.8042907715, -148.430511475, 11.9885149002, -26.8012638092, 32.8045005798, -57.3458747864, 77.2714080811, -12.1359157562], [-17.6431846619, -39.6748886108, 70.7343521118, 120.346786499, 25.6334629059, -28.8923721313, -36.6632461548, -2.77346348763, 19.5603427887, 11.2816734314, -14.2677030563, 13.4246244431, 7.68789339066], [-91.5718765259, 99.6412200928, -65.049407959, 25.6334629059, 100.120635986, -14.1271362305, 29.6345863342, -2.45093417168, 10.3444910049, -7.47750997543, 11.8072166443, -9.01271247864, 11.0367889404], [102.28692627, -141.975845337, 46.8042907715, -28.8923721313, -14.1271362305, 152.594909668, 30.3138256073, 16.1912384033, -24.240146637, 18.2852172852, -10.1452188492, 0.112413682044, -30.2113342285], [-55.6367874146, 106.877044678, -148.430511475, -36.6632461548, 29.6345863342, 30.3138256073, 157.996337891, 6.78077125549, -2.36197257042, -18.9847145081, 34.0844268799, -29.4728965759, -1.32978308201], [38.0556144714, -65.7445526123, 11.9885149002, -2.77346348763, -2.45093417168, 16.1912384033, 6.78077125549, 79.6486663818, 19.3428211212, 12.7097234726, -13.4878730774, -5.22211456299, -6.2714715004], [-20.0645561218, 36.9619102478, -26.8012638092, 19.5603427887, 10.3444910049, -24.240146637, -2.36197257042, 19.3428211212, 79.8458404541, 1.65953695774, 3.99004006386, -8.98021602631, 15.2519397736], [39.1784324646, -72.3415145874, 32.8045005798, 11.2816734314, -7.47750997543, 18.2852172852, -18.9847145081, 12.7097234726, 1.65953695774, 64.9491195679, -2.37245750427, 6.39657115936, -13.3514995575], [-61.9735717773, 70.608001709, -57.3458747864, -14.2677030563, 11.8072166443, -10.1452188492, 34.0844268799, -13.4878730774, 3.99004006386, -2.37245750427, 80.8465652466, 3.4113881588, 2.58420205116], [-26.00822258, -15.2468490601, 77.2714080811, 13.4246244431, -9.01271247864, 0.112413682044, -29.4728965759, -5.22211456299, -8.98021602631, 6.39657115936, 3.4113881588, 69.2271347046, 19.7584533691], [-21.7213592529, 50.9265060425, -12.1359157562, 7.68789339066, 11.0367889404, -30.2113342285, -1.32978308201, -6.2714715004, 15.2519397736, -13.3514995575, 2.58420205116, 19.7584533691, 55.70703125]],
        "icov": [[0.00293944566511, 0.00126569368877, 0.000952262489591, -5.52251913177e-05, 0.00170855654869, -0.00126346561592, 0.00101390189957, -0.000187518351595, 0.000385715131415, -0.000394873524783, 0.000904746062588, 0.00146533222869, -0.00157841772307], [0.00126569368877, 0.0192733965814, -0.0125622488558, 0.0179579630494, -0.0188401732594, 0.0212656427175, -0.0189065802842, 0.015583422035, -0.0115050999448, 0.00630447547883, -0.00498034758493, 0.00480711366981, -0.0025853344705], [0.000952262489591, -0.0125622488558, 0.0165415890515, -0.0162447094917, 0.016977738589, -0.0184111911803, 0.0185124296695, -0.0123354392126, 0.00982062146068, -0.00394363654777, 0.00557160237804, -0.00782027468085, 0.00228700041771], [-5.52251913177e-05, 0.0179579630494, -0.0162447094917, 0.0302520766854, -0.023893604055, 0.0239705219865, -0.019366024062, 0.0168337486684, -0.0146045442671, 0.00404714560136, -0.00374027201906, 0.00439128326252, -0.00140128505882], [0.00170855654869, -0.0188401732594, 0.016977738589, -0.023893604055, 0.0349073894322, -0.0243115033954, 0.0201607868075, -0.017005931586, 0.0130760762841, -0.00625525508076, 0.00545425526798, -0.00374885858037, -0.000650883070193], [-0.00126346561592, 0.0212656427175, -0.0184111911803, 0.0239705219865, -0.0243115033954, 0.03600198403, -0.0273281317204, 0.017892582342, -0.0130715603009, 0.00533484620973, -0.00523276114836, 0.00407027034089, 0.00210759416223], [0.00101390189957, -0.0189065802842, 0.0185124296695, -0.019366024062, 0.0201607868075, -0.0273281317204, 0.0330889262259, -0.0186294298619, 0.0140043273568, -0.0041311676614, 0.00288690230809, -0.00343293952756, 0.000521924754139], [-0.000187518351595, 0.015583422035, -0.0123354392126, 0.0168337486684, -0.017005931586, 0.017892582342, -0.0186294298619, 0.0285524409264, -0.0149153247476, 0.00270337378606, -0.00152811349835, 0.00373936630785, -1.09738966785e-05], [0.000385715131415, -0.0115050999448, 0.00982062146068, -0.0146045442671, 0.0130760762841, -0.0130715603009, 0.0140043273568, -0.0149153247476, 0.0241134054959, -0.00478954985738, 0.00156428548507, 0.00076103687752, -0.00429381197318], [-0.000394873524783, 0.00630447547883, -0.00394363654777, 0.00404714560136, -0.00625525508076, 0.00533484620973, -0.0041311676614, 0.00270337378606, -0.00478954985738, 0.0208719950169, -0.00334745249711, -0.000997626339085, 0.00382608757354], [0.000904746062588, -0.00498034758493, 0.00557160237804, -0.00374027201906, 0.00545425526798, -0.00523276114836, 0.00288690230809, -0.00152811349835, 0.00156428548507, -0.00334745249711, 0.0177552904934, -0.00549733219668, 0.00250970502384], [0.00146533222869, 0.00480711366981, -0.00782027468085, 0.00439128326252, -0.00374885858037, 0.00407027034089, -0.00343293952756, 0.00373936630785, 0.00076103687752, -0.000997626339085, -0.00549733219668, 0.0262427404523, -0.0123441023752], [-0.00157841772307, -0.0025853344705, 0.00228700041771, -0.00140128505882, -0.000650883070193, 0.00210759416223, 0.000521924754139, -1.09738966785e-05, -0.00429381197318, 0.00382608757354, 0.00250970502384, -0.0123441023752, 0.0280283167958]]
    },
    "melbands": {
        "max": [0.00921625830233, 0.0104811042547, 0.00735297426581, 0.00772312050685, 0.00913471449167, 0.00825912132859, 0.00401481706649, 0.00305168936029, 0.00615751976147, 0.00482843862846, 0.00243603298441, 0.00469122920185, 0.00254935771227, 0.00233593233861, 0.00215976126492, 0.00287011661567, 0.00136103969999, 0.0013986810809, 0.00178491766565, 0.00114695390221, 0.000855874910485, 0.000460167560959, 0.000601181120146, 0.000365638785297, 0.000266543473117, 0.000299034552881, 0.000208667246625, 0.000203227755264, 0.000131329768919, 0.000132797140395, 0.000173543754499, 0.000113114940177, 0.000182303032489, 0.000176255809492, 0.000162495911354, 0.000103422069515, 0.0001099613728, 9.40041791182e-05, 9.05329507077e-05, 5.67634051549e-05],
        "mean": [0.00076937279664, 0.00104892009404, 0.000654133153148, 0.000533492304385, 0.000668310502078, 0.000386249681469, 0.000173680324224, 0.000147606173414, 0.000249107950367, 0.000186890829355, 0.000161513846251, 0.00020912780019, 0.000102174424683, 0.000107442116132, 8.72924283613e-05, 9.28504086914e-05, 8.53608289617e-05, 8.26948453323e-05, 8.52041266626e-05, 7.48212987673e-05, 8.17335894681e-05, 5.61295746593e-05, 4.8349815188e-05, 4.46235244453e-05, 3.10750183417e-05, 2.75986840279e-05, 2.46000290645e-05, 1.43349807331e-05, 7.21030801287e-06, 5.88285092817e-06, 3.86036117561e-06, 3.64351740245e-06, 4.60281489723e-06, 4.84123575006e-06, 4.01842544306e-06, 3.63558206118e-06, 3.57809813067e-06, 2.71358976534e-06, 1.92251695807e-06, 1.20469280773e-06],
        "min": [9.75531929726e-06, 2.82435485133e-05, 2.71186654572e-05, 2.20659294428e-05, 7.04025842424e-06, 4.59677494291e-06, 9.14896827453e-06, 3.17307512887e-06, 3.39989878739e-06, 1.71698036411e-06, 2.75120896731e-06, 3.44129148289e-06, 2.99144676319e-06, 1.32168020173e-06, 1.70552652889e-06, 1.02825185877e-06, 1.40051736253e-06, 1.11609131181e-06, 5.07462004862e-07, 2.44350417233e-07, 1.12958275622e-06, 1.06925028831e-06, 2.47429852607e-07, 5.24078359376e-07, 6.20944263119e-07, 5.64408935588e-07, 3.45938843793e-07, 3.16731302519e-07, 1.4099255452e-07, 9.09133177629e-08, 1.23944971619e-07, 9.54073371418e-08, 3.63934624659e-08, 4.2364220576e-08, 3.96073964737e-08, 3.33521690266e-08, 2.29682726172e-08, 1.98896863424e-08, 9.323957606e-09, 3.08474268351e-09],
        "stdev": [0.000792010396253, 0.000935132149607, 0.000639719306491, 0.000796030391939, 0.00103605515324, 0.000613041687757, 0.000262462242972, 0.000210396989132, 0.000445418554591, 0.00031988430419, 0.000262724701315, 0.000384601502446, 0.000195590400835, 0.000171126521309, 0.000177735069883, 0.000190714097698, 0.000124712532852, 0.000131729262648, 0.000120630516903, 0.000100190627563, 9.68996682786e-05, 5.50846889382e-05, 5.1975279348e-05, 3.97792682634e-05, 2.90167208732e-05, 2.5522445867e-05, 2.50508746831e-05, 1.63825170603e-05, 8.21047979116e-06, 7.35534422347e-06, 6.63432774672e-06, 7.34252807888e-06, 8.94364893611e-06, 1.00370170912e-05, 1.02827207229e-05, 8.80186780705e-06, 9.38430639508e-06, 7.27151973479e-06, 5.60681792194e-06, 3.32445802087e-06]
    },
    "melbands128": {
        "max": [0.00216780649498, 0.0104289567098, 0.0134375151247, 0.015614990145, 0.0129969771951, 0.011829293333, 0.00888019520789, 0.00951022282243, 0.0123601509258, 0.0107309836894, 0.0146374711767, 0.0119646918029, 0.0153646226972, 0.0139444870874, 0.0154538396746, 0.00913009885699, 0.00670686736703, 0.007199334912, 0.00464713107795, 0.00556000089273, 0.00533725693822, 0.00631483038887, 0.0106969010085, 0.00755180325359, 0.00733876414597, 0.00647340063006, 0.0067377127707, 0.00352799566463, 0.00603096140549, 0.00975633691996, 0.00741751724854, 0.00486719515175, 0.00494507327676, 0.00518886931241, 0.00399639969692, 0.0044173146598, 0.00446119345725, 0.00363924447447, 0.00637562386692, 0.00682770600542, 0.00396321387962, 0.00364156696014, 0.00313696148805, 0.0020269586239, 0.00292413844727, 0.00253969966434, 0.00329163135029, 0.00359316985123, 0.00326402764767, 0.00299778045155, 0.00220630341209, 0.0012479001889, 0.00198135105893, 0.00165785104036, 0.00110596115701, 0.000615199794993, 0.000757269212045, 0.00171019334812, 0.000789635931142, 0.00111658824608, 0.000580460007768, 0.000522620161064, 0.000786437361967, 0.00037112008431, 0.000360741280019, 0.000344722648151, 0.000550234457478, 0.000333400384989, 0.000451463536592, 0.000353853945853, 0.000233828803175, 0.000366285938071, 0.000219223671593, 0.000203672985663, 9.89788532024e-05, 0.000154874738655, 0.000163480173796, 0.000221270820475, 0.000188679056009, 0.000184866235941, 0.000135012858664, 0.000153155153384, 0.000180151022505, 0.000121621182188, 0.000296725018416, 0.000262638670392, 0.000166823418112, 0.000206194294151, 0.000201098417165, 0.000189689817489, 0.000125710183056, 0.000146730191773, 0.000115738774184, 0.000175714463694, 0.000140175703564, 0.000122112993267, 0.000107096071588, 0.000118792158901, 9.25186031964e-05, 9.81746416073e-05, 8.87956630322e-05, 4.67153986392e-05, 4.83596777485e-05, 3.7412824895e-05, 2.7814621717e-05, 3.36316406901e-05, 6.0640600168e-06, 5.19243144481e-07, 3.42955019939e-09, 3.69447294979e-09, 3.80334785888e-09, 3.80757070317e-09, 3.76322795148e-09, 3.70441033404e-09, 3.62423957512e-09, 3.51856743741e-09, 3.41405947957e-09, 3.31219851546e-09, 3.2244340531e-09, 3.16194870287e-09, 3.0735649581e-09, 3.01496472233e-09, 2.9329874085e-09, 2.89021473421e-09, 2.83616263808e-09, 2.80357426163e-09, 2.77761302847e-09, 2.76189071613e-09],
        "mean": [0.000120541670185, 0.000599643914029, 0.00101519702002, 0.00114906392992, 0.00117151683662, 0.000898592814337, 0.000653490191326, 0.000614987860899, 0.000602536718361, 0.0005155504914, 0.000479101581732, 0.000595727993641, 0.000844493333716, 0.000611782888882, 0.000378345837817, 0.000288341951091, 0.000160850904649, 0.000172415428096, 0.000150667241542, 0.000149413957843, 0.000114556503831, 0.000225126132136, 0.000303280859953, 0.000223190436373, 0.000211774357012, 0.000146254402352, 0.000182747869985, 0.000141117343446, 0.000154001376359, 0.000265409384156, 0.000218801738811, 0.0001209847469, 9.7476382507e-05, 7.10956082912e-05, 0.000129619424115, 0.000111157787615, 8.75250261743e-05, 6.91694949637e-05, 0.000104088969238, 0.000104166567326, 6.51197988191e-05, 0.000120769989735, 9.16926946957e-05, 6.36647819192e-05, 7.04305057297e-05, 8.42800945975e-05, 0.000102906284155, 8.78465070855e-05, 6.95131893735e-05, 9.16397548281e-05, 7.3135313869e-05, 5.28151103936e-05, 0.000101440433355, 8.46969196573e-05, 6.79932054481e-05, 4.47377497039e-05, 5.03102091898e-05, 6.762038538e-05, 3.82897414966e-05, 3.26976369251e-05, 5.07130789629e-05, 4.96663851663e-05, 3.16358236887e-05, 2.45804185397e-05, 3.20456638292e-05, 2.42182923103e-05, 2.87549082714e-05, 2.82609635178e-05, 2.21585723921e-05, 2.21550671995e-05, 1.67530943145e-05, 8.96281744645e-06, 6.84129190631e-06, 7.62054423831e-06, 6.47140677756e-06, 6.69092332828e-06, 5.29118642589e-06, 4.16197099185e-06, 3.59979799214e-06, 3.67377447219e-06, 3.46023239217e-06, 3.72511999558e-06, 3.82111284125e-06, 4.09493168263e-06, 6.04410661253e-06, 5.501366104e-06, 4.21432878284e-06, 3.96959785576e-06, 3.94827202399e-06, 4.18227546106e-06, 3.78829531655e-06, 3.43987994711e-06, 3.43210444953e-06, 3.68233031622e-06, 3.70472230315e-06, 3.06975198328e-06, 2.51414644481e-06, 2.13968110074e-06, 2.06040363082e-06, 1.77945230462e-06, 1.34814274588e-06, 1.13389160106e-06, 9.83797917797e-07, 8.5610173528e-07, 7.51834022594e-07, 5.69623693991e-07, 1.35009116775e-07, 6.7017520422e-09, 1.01520450033e-11, 7.49530906091e-12, 7.23525883303e-12, 6.97284417706e-12, 6.71139272629e-12, 6.47227237083e-12, 6.24901519419e-12, 6.03585714395e-12, 5.83462011344e-12, 5.65264415137e-12, 5.49390481025e-12, 5.35022763939e-12, 5.20484133223e-12, 5.09408444246e-12, 4.98118647024e-12, 4.8896568218e-12, 4.77259811532e-12, 4.6459672047e-12, 4.56669077553e-12, 4.53506242976e-12],
        "min": [1.62996975916e-08, 1.48318747506e-07, 1.0820335774e-06, 6.81849678585e-06, 1.95183401956e-05, 5.89587716604e-06, 9.97678944259e-06, 3.10869927489e-06, 4.14415035266e-06, 4.66465280624e-06, 3.58889678864e-06, 1.71583246811e-06, 3.29617910211e-06, 4.33811010225e-06, 1.8674400053e-06, 8.87408305061e-07, 2.4676276098e-06, 4.47106685897e-07, 2.41533280132e-06, 8.30245937777e-07, 2.15054285491e-07, 4.53679632528e-07, 1.30608066229e-06, 1.05100218661e-06, 5.20246885571e-07, 3.01155239413e-07, 5.59587590487e-07, 7.83644793501e-07, 3.76749028419e-07, 7.3968169545e-07, 1.05796766547e-06, 4.10219399782e-07, 7.35980222544e-07, 6.91445848133e-07, 4.46148362698e-07, 1.28680187572e-06, 4.27344218679e-07, 6.15531803305e-07, 4.66899507501e-07, 2.38464565427e-07, 6.44767339963e-07, 2.92746790365e-07, 1.15940019896e-06, 5.5991500858e-07, 4.25928362802e-07, 5.18893671142e-07, 8.24535504762e-07, 2.63693351599e-07, 1.44842601912e-07, 2.77843156482e-07, 3.33123352902e-07, 9.90776811705e-08, 3.06996184918e-07, 1.85910562323e-06, 1.01416765119e-06, 6.75288220009e-07, 2.47847452783e-07, 2.04554226002e-07, 2.16076543325e-07, 4.1439375309e-07, 2.86569587615e-07, 6.2716338789e-07, 3.70877160094e-07, 4.1990008981e-07, 3.94966718886e-07, 3.8961439941e-07, 3.9082431158e-07, 1.69201655353e-07, 1.55512694278e-07, 3.25951816649e-07, 2.13102609337e-07, 9.37025887993e-08, 9.29024608354e-08, 8.35690485701e-08, 7.63661205383e-08, 8.57089261785e-08, 9.43683673427e-08, 8.30967579191e-08, 7.5819954759e-08, 6.984177503e-08, 3.88629928239e-08, 6.58248779928e-08, 2.65937796229e-08, 2.67741295801e-08, 4.54731861055e-08, 3.98320096906e-08, 2.73821747498e-08, 4.17758450055e-08, 3.07625462881e-08, 2.22275389206e-08, 3.43736523689e-08, 1.57837796166e-08, 7.49668505051e-09, 1.33327651142e-08, 1.80453874066e-08, 1.93293239192e-08, 1.56733701573e-08, 8.56474624555e-09, 9.29821997175e-09, 7.29071247818e-09, 1.43939093977e-09, 1.02991959405e-09, 7.20794812725e-10, 1.35488631425e-09, 3.03429170678e-10, 3.10905023948e-10, 6.35249630676e-11, 1.17951059076e-13, 8.52881811399e-14, 5.7530592974e-14, 8.80804354149e-14, 8.52207708698e-14, 6.91811787978e-14, 8.17249371475e-14, 8.12571648964e-14, 8.6165083857e-14, 7.91494148868e-14, 7.21691180124e-14, 1.01173640321e-13, 9.25714515351e-14, 8.58246375986e-14, 8.62281234371e-14, 7.93404987434e-14, 9.37584428498e-14, 6.23571425615e-14, 2.75569413073e-14, 3.3218580254e-15, 1.27909373339e-16],
        "stdev": [0.00021507756901, 0.000900978338905, 0.00115290132817, 0.00121036579367, 0.0012293367181, 0.000933026953135, 0.000660022895318, 0.000756403431296, 0.00110890518408, 0.00092134292936, 0.00104715931229, 0.00123769429047, 0.0016376337735, 0.001101092319, 0.000924262043554, 0.000633811869193, 0.000330296024913, 0.000386481260648, 0.000264831236564, 0.000306754664052, 0.000249525968684, 0.000442436314188, 0.000729031977244, 0.000493458588608, 0.000497549248394, 0.000361457729014, 0.000442129414296, 0.000331466464559, 0.000387857784517, 0.000580027874094, 0.000548916344997, 0.000371022848412, 0.000254615704762, 0.000243380069151, 0.000257630250417, 0.000240341614699, 0.000226980540901, 0.000206600292586, 0.000330999551807, 0.000376454438083, 0.000212512502912, 0.000226020943956, 0.000190755308722, 0.000162206881214, 0.000159335904755, 0.00020685295749, 0.000211653445149, 0.00018463426386, 0.000156802969286, 0.000176975634531, 0.000144458274008, 9.70396431512e-05, 0.000168121812749, 0.000132297718665, 0.000101146077213, 5.98151054874e-05, 6.87897772877e-05, 9.7939700936e-05, 5.74385703658e-05, 6.09406815784e-05, 5.21277615917e-05, 5.53880054213e-05, 5.46601695532e-05, 2.97390670312e-05, 3.43824613083e-05, 3.08083108393e-05, 4.43703575002e-05, 3.44598447555e-05, 3.60961385013e-05, 3.34434625984e-05, 2.3305625291e-05, 1.61095777003e-05, 1.29813633976e-05, 1.01175337477e-05, 8.33225658425e-06, 1.00016541182e-05, 8.36844083096e-06, 8.39193307911e-06, 7.00128748576e-06, 7.4435888564e-06, 7.80469963502e-06, 8.31938723422e-06, 8.92823209142e-06, 8.2009964899e-06, 1.22451056086e-05, 1.18164152809e-05, 9.48570868786e-06, 1.10455121103e-05, 1.08602134787e-05, 1.13929945655e-05, 9.52713799052e-06, 9.1218507805e-06, 8.91723357199e-06, 1.10096516437e-05, 9.84836242424e-06, 8.94302320376e-06, 7.02370380168e-06, 6.48354171062e-06, 6.02640284342e-06, 5.85050338486e-06, 4.2448050408e-06, 3.086794095e-06, 2.5987724257e-06, 2.11743804357e-06, 1.70202554273e-06, 1.37975541747e-06, 3.47590315641e-07, 2.61507864252e-08, 7.75609507175e-11, 8.08526579021e-11, 8.31817392744e-11, 8.32466248712e-11, 8.22605455975e-11, 8.09629793763e-11, 7.9202838732e-11, 7.68901678438e-11, 7.46043296584e-11, 7.23774720712e-11, 7.04581601396e-11, 6.90896714839e-11, 6.71593475277e-11, 6.58773521844e-11, 6.40877559355e-11, 6.31523028316e-11, 6.19731280183e-11, 6.12622452767e-11, 6.06956429561e-11, 6.03523342413e-11]
    },
    "mfcc": {
        "mean": [-586.043518066, 103.054603577, -15.1791715622, 24.2946491241, 11.1142244339, 1.77280509472, -1.05739057064, 9.52391338348, -2.87584877014, 4.84331607819, -3.72476601601, -1.68054330349, -0.35928401351],
        "cov": [[651.922729492, -292.15814209, -24.3722820282, -113.391868591, -34.1551818848, 9.28614044189, 3.93471217155, -19.6831302643, 21.653181076, 81.0480651855, 3.19744539261, -33.0554046631, -37.7617530823], [-292.15814209, 457.582946777, -165.744140625, 68.7548217773, -45.6908912659, -23.6876907349, 16.2457103729, 16.4743824005, -22.595998764, -32.223274231, -13.1576461792, -0.00216027023271, 1.72054457664], [-24.3722820282, -165.744140625, 388.314819336, -22.0943317413, 76.3509292603, 12.0653438568, -67.5543899536, -16.4050960541, -1.93317127228, -62.3309936523, -6.05996227264, -4.76343107224, 14.3415794373], [-113.391868591, 68.7548217773, -22.0943317413, 176.122573853, 33.6509552002, -23.4343185425, -47.6201286316, -16.3820400238, 8.85410881042, -21.337184906, -23.7846870422, 9.16513061523, 17.924287796], [-34.1551818848, -45.6908912659, 76.3509292603, 33.6509552002, 118.754302979, -7.16406440735, -47.3596038818, -13.0304031372, 7.4714422226, -10.7965869904, -12.0693616867, -2.39362716675, 11.142496109], [9.28614044189, -23.6876907349, 12.0653438568, -23.4343185425, -7.16406440735, 97.4169082642, 31.8664836884, 3.50007033348, -3.00070261955, -8.83701324463, 17.9023227692, -7.28499937057, -7.66286611557], [3.93471217155, 16.2457103729, -67.5543899536, -47.6201286316, -47.3596038818, 31.8664836884, 125.678390503, 25.1508922577, -12.7402553558, 12.2371377945, 21.5834121704, 6.07346582413, -3.79921507835], [-19.6831302643, 16.4743824005, -16.4050960541, -16.3820400238, -13.0304031372, 3.50007033348, 25.1508922577, 66.3714141846, 14.3710260391, 4.27047348022, 2.69429564476, 0.934296607971, -2.19416213036], [21.653181076, -22.595998764, -1.93317127228, 8.85410881042, 7.4714422226, -3.00070261955, -12.7402553558, 14.3710260391, 79.5845336914, 14.4702806473, -2.04807877541, -3.30043959618, -4.75790405273], [81.0480651855, -32.223274231, -62.3309936523, -21.337184906, -10.7965869904, -8.83701324463, 12.2371377945, 4.27047348022, 14.4702806473, 93.5856933594, 15.8687725067, -1.8051892519, -9.11229228973], [3.19744539261, -13.1576461792, -6.05996227264, -23.7846870422, -12.0693616867, 17.9023227692, 21.5834121704, 2.69429564476, -2.04807877541, 15.8687725067, 66.9486846924, 6.49658966064, -7.49936056137], [-33.0554046631, -0.00216027023271, -4.76343107224, 9.16513061523, -2.39362716675, -7.28499937057, 6.07346582413, 0.934296607971, -3.30043959618, -1.8051892519, 6.49658966064, 58.1181411743, 16.2609500885], [-37.7617530823, 1.72054457664, 14.3415794373, 17.924287796, 11.142496109, -7.66286611557, -3.79921507835, -2.19416213036, -4.75790405273, -9.11229228973, -7.49936056137, 16.2609500885, 49.8921546936]],
        "icov": [[0.00303163472563, 0.00208631134592, 0.000913999334443, 0.00117609009612, 0.00106953387149, 0.000114360620501, 0.000656494288705, 0.000936968717724, -0.000183822921827, -0.0010351134697, 0.000911029812414, 0.00117718998808, 0.000953929498792], [0.00208631134592, 0.00459249829873, 0.00206317054108, -0.000192921812413, 0.00142964941915, 0.000712767825462, 0.000632458832115, -0.000309984141495, 0.000753363827243, 0.00115725782234, 0.000490755890496, 0.00131546193734, 0.000649883877486], [0.000913999334443, 0.00206317054108, 0.0047264425084, 0.00148670352064, -0.00127940659877, -0.000264672853518, 0.002136165509, 3.40276596944e-06, 0.000187250872841, 0.00294083356857, -0.000351853523171, 0.000667171028908, -0.000579576473683], [0.00117609009612, -0.000192921812413, 0.00148670352064, 0.00842067040503, -0.00141797133256, 0.000331320450641, 0.00252447649837, 0.00170780299231, -0.00130926363636, 0.00109740835615, 0.00140819593798, -0.00064469355857, -0.00142350548413], [0.00106953387149, 0.00142964941915, -0.00127940659877, -0.00141797133256, 0.0118285547942, -0.000249131117016, 0.00275602308102, 0.000639293284621, -0.00040723985876, -0.000835268467199, 0.000838412554003, 0.00108425249346, -0.0012233373709], [0.000114360620501, 0.000712767825462, -0.000264672853518, 0.000331320450641, -0.000249131117016, 0.0125196482986, -0.00332094961777, 0.000467824109364, -0.000329037749907, 0.00227005057968, -0.00272443913855, 0.00193608901463, 0.0011079236865], [0.000656494288705, 0.000632458832115, 0.002136165509, 0.00252447649837, 0.00275602308102, -0.00332094961777, 0.0129819083959, -0.00339804496616, 0.00195418251678, -7.14539928595e-05, -0.00144024239853, -0.000880019098986, -0.00108873320278], [0.000936968717724, -0.000309984141495, 3.40276596944e-06, 0.00170780299231, 0.000639293284621, 0.000467824109364, -0.00339804496616, 0.0181581620127, -0.00431959424168, -0.000238506851019, 0.000807239382993, 2.10907501241e-06, 0.000239366141614], [-0.000183822921827, 0.000753363827243, 0.000187250872841, -0.00130926363636, -0.00040723985876, -0.000329037749907, 0.00195418251678, -0.00431959424168, 0.014568044804, -0.00207308470272, 0.000308398011839, 0.000315859040711, 0.00120473175775], [-0.0010351134697, 0.00115725782234, 0.00294083356857, 0.00109740835615, -0.000835268467199, 0.00227005057968, -7.14539928595e-05, -0.000238506851019, -0.00207308470272, 0.0152828963473, -0.00346831977367, 0.000371381087461, 0.000407508836361], [0.000911029812414, 0.000490755890496, -0.000351853523171, 0.00140819593798, 0.000838412554003, -0.00272443913855, -0.00144024239853, 0.000807239382993, 0.000308398011839, -0.00346831977367, 0.0181608349085, -0.00275297742337, 0.0026109716855], [0.00117718998808, 0.00131546193734, 0.000667171028908, -0.00064469355857, 0.00108425249346, 0.00193608901463, -0.000880019098986, 2.10907501241e-06, 0.000315859040711, 0.000371381087461, -0.00275297742337, 0.0204582475126, -0.00610990542918], [0.000953929498792, 0.000649883877486, -0.000579576473683, -0.00142350548413, -0.0012233373709, 0.0011079236865, -0.00108873320278, 0.000239366141614, 0.00120473175775, 0.000407508836361, 0.0026109716855, -0.00610990542918, 0.0243649501354]]
    },
    "spectral_contrast_coeffs": {
        "max": [-0.513908684254, -0.530614793301, -0.54823577404, -0.610368847847, -0.650716543198, -0.671200156212],
        "mean": [-0.735614001751, -0.769267559052, -0.758710503578, -0.763046979904, -0.76511323452, -0.768037199974],
        "min": [-0.888625621796, -0.902232408524, -0.904802262783, -0.882469177246, -0.852055847645, -0.869579732418],
        "stdev": [0.058366406709, 0.0579353831708, 0.0572573393583, 0.0423024520278, 0.0305494852364, 0.0291731879115]
    },
    "spectral_contrast_valleys": {
        "max": [-5.2290802002, -5.3164806366, -5.23425292969, -5.73845720291, -5.69511651993, -7.33935117722],
        "mean": [-6.30972480774, -6.42527532578, -6.93457174301, -6.936855793, -6.81180810928, -9.53849029541],
        "min": [-7.66275501251, -7.90671348572, -8.12759685516, -8.32768821716, -8.18390464783, -11.4186725616],
        "stdev": [0.349731206894, 0.351207315922, 0.379337102175, 0.338176935911, 0.336774349213, 0.60752415657]
    }
},
"rhythm": {
    "beats_count": 118,
    "beats_loudness": {
        "max": 0.0574612058699,
        "mean": 0.0299066957086,
        "min": 0.013113334775,
        "stdev": 0.0106862774119
    },
    "bpm": 145.751068115,
    "bpm_histogram_first_peak_bpm": 148,
    "bpm_histogram_first_peak_weight": 0.5,
    "bpm_histogram_second_peak_bpm": 140,
    "bpm_histogram_second_peak_spread": 0,
    "bpm_histogram_second_peak_weight": 0.00854700896889,
    "danceability": 1.53599178791,
    "onset_rate": 3.5478515625,
    "beats_loudness_band_ratio": {
        "max": [0.805755078793, 0.674895584583, 0.513837575912, 0.627745807171, 0.537414133549, 0.441030979156],
        "mean": [0.294728517532, 0.16365596652, 0.128233537078, 0.158033818007, 0.185110062361, 0.0993847623467],
        "min": [0.0515318065882, 0.00888016540557, 0.0171950478107, 0.0194699726999, 0.0290398895741, 0.0123890331015],
        "stdev": [0.145279929042, 0.130514666438, 0.100243970752, 0.147903218865, 0.114581398666, 0.062275391072]
    },
