{
"metadata": {
    "version": {
        "essentia": "2.1-beta5",
        "essentia_git_sha": "Undefined",
        "extractor": "music 2.0"
    },
    "audio_properties": {
        "analysis": {
            "equal_loudness": 0,
            "length": 23.6263046265,
            "sample_rate": 44100,
            "start_time": 158.998641968,
            "downmix": "mix"
        },
        "bit_rate": 192000,
        "length": 182.648162842,
        "lossless": 0,
        "number_channels": 2,
        "replay_gain": -5.68042564392,
        "sample_rate": 48000,
        "codec": "mp3",
        "md5_encoded": "9be238c8ab34da06430dd8edd7aedb7c"
    },
    "tags": {
        "file_name": "United KingdomUK_Don_t Play That Song Again_Nicki French.mp3",
        "encoding": ["Lavf58.29.100"]
    }
},
"lowlevel": {
    "average_loudness": 0.959271907806,
    "barkbands_crest": {
        "max": 25.0649299622,
        "mean": 10.3665800095,
        "min": 2.95501804352,
        "stdev": 4.38142585754
    },
    "barkbands_flatness_db": {
        "max": 0.276337504387,
        "mean": 0.162047684193,
        "min": 0.0583816990256,
        "stdev": 0.0390301719308
    },
    "barkbands_kurtosis": {
        "max": 39.1460227966,
        "mean": 1.79506528378,
        "min": -1.67836880684,
        "stdev": 3.11467432976
    },
    "barkbands_skewness": {
        "max": 4.37034797668,
        "mean": 0.786572515965,
        "min": -1.22771406174,
        "stdev": 0.671171605587
    },
    "barkbands_spread": {
        "max": 77.3157424927,
        "mean": 16.6670074463,
        "min": 1.84288871288,
        "stdev": 11.4110507965
    },
    "dissonance": {
        "max": 0.500000059605,
        "mean": 0.470137089491,
        "min": 0.327325761318,
        "stdev": 0.029379317537
    },
    "dynamic_complexity": 1.89239859581,
    "erbbands_crest": {
        "max": 30.7420310974,
        "mean": 12.6028852463,
        "min": 2.85805082321,
        "stdev": 6.06973791122
    },
    "erbbands_flatness_db": {
        "max": 0.351760923862,
        "mean": 0.231921985745,
        "min": 0.106041170657,
        "stdev": 0.0544390827417
    },
    "erbbands_kurtosis": {
        "max": 32.1779289246,
        "mean": 1.98704648018,
        "min": -1.44786202908,
        "stdev": 3.6417658329
    },
    "erbbands_skewness": {
        "max": 5.14490365982,
        "mean": 1.07063734531,
        "min": -0.935164213181,
        "stdev": 0.780399680138
    },
    "erbbands_spread": {
        "max": 79.1171035767,
        "mean": 20.1871967316,
        "min": 3.14270019531,
        "stdev": 11.7846031189
    },
    "hfc": {
        "max": 108.763130188,
        "mean": 30.8959064484,
        "min": 0.492338895798,
        "stdev": 17.438741684
    },
    "loudness_ebu128": {
        "integrated": -16.9126205444,
        "loudness_range": 1.50287437439,
        "momentary": {
            "max": -14.8061628342,
            "mean": -17.113161087,
            "min": -25.7301654816,
            "stdev": 1.48730671406
        },
        "short_term": {
            "max": -16.1298980713,
            "mean": -16.9931125641,
            "min": -18.0104103088,
            "stdev": 0.535630822182
        }
    },
    "melbands_crest": {
        "max": 30.6143512726,
        "mean": 12.7490940094,
        "min": 3.93946146965,
        "stdev": 4.53207969666
    },
    "melbands_flatness_db": {
        "max": 0.271130949259,
        "mean": 0.156642243266,
        "min": 0.0395834892988,
        "stdev": 0.0367041863501
    },
    "melbands_kurtosis": {
        "max": 60.6994628906,
        "mean": 4.08449363708,
        "min": -1.15094864368,
        "stdev": 4.24106788635
    },
    "melbands_skewness": {
        "max": 4.58172130585,
        "mean": 1.15285003185,
        "min": -1.36312520504,
        "stdev": 0.840221226215
    },
    "melbands_spread": {
        "max": 100.904144287,
        "mean": 23.7451438904,
        "min": 2.55086421967,
        "stdev": 13.3904561996
    },
    "pitch_salience": {
        "max": 0.874843716621,
        "mean": 0.608284115791,
        "min": 0.170794174075,
        "stdev": 0.147423908114
    },
    "silence_rate_20dB": {
        "max": 1,
        "mean": 1,
        "min": 1,
        "stdev": 0
    },
    "silence_rate_30dB": {
        "max": 1,
        "mean": 1,
        "min": 1,
        "stdev": 0
    },
    "silence_rate_60dB": {
        "max": 1,
        "mean": 0.00392541708425,
        "min": 0,
        "stdev": 0.0625303834677
    },
    "spectral_centroid": {
        "max": 3534.67919922,
        "mean": 1583.61962891,
        "min": 987.561096191,
        "stdev": 334.365325928
    },
    "spectral_complexity": {
        "max": 45,
        "mean": 25.1992149353,
        "min": 1,
        "stdev": 6.70521783829
    },
    "spectral_decrease": {
        "max": -9.69946206686e-11,
        "mean": -6.51205533941e-09,
        "min": -2.63351296326e-08,
        "stdev": 4.05994704522e-09
    },
    "spectral_energy": {
        "max": 0.109260074794,
        "mean": 0.0273803398013,
        "min": 0.000410736625781,
        "stdev": 0.0168049819767
    },
    "spectral_energyband_high": {
        "max": 0.00591277191415,
        "mean": 0.000767967605498,
        "min": 7.1644444688e-06,
        "stdev": 0.000886096269824
    },
    "spectral_energyband_low": {
        "max": 0.0214067734778,
        "mean": 0.00254180654883,
        "min": 1.81450491255e-06,
        "stdev": 0.00385439256206
    },
    "spectral_energyband_middle_high": {
        "max": 0.100352227688,
        "mean": 0.0183675158769,
        "min": 0.00032426501275,
        "stdev": 0.0142485760152
    },
    "spectral_energyband_middle_low": {
        "max": 0.0565149150789,
        "mean": 0.00673563824967,
        "min": 0.000101187688415,
        "stdev": 0.00567134842277
    },
    "spectral_entropy": {
        "max": 8.48177051544,
        "mean": 7.70821332932,
        "min": 6.84466075897,
        "stdev": 0.227693945169
    },
    "spectral_flux": {
        "max": 0.238655120134,
        "mean": 0.0949605852365,
        "min": 0.0268190987408,
        "stdev": 0.0333615280688
    },
    "spectral_kurtosis": {
        "max": 16.2627735138,
        "mean": 4.31308078766,
        "min": -0.291439056396,
        "stdev": 2.67933058739
    },
    "spectral_rms": {
        "max": 0.0103244949132,
        "mean": 0.00494680041447,
        "min": 0.000633023446426,
        "stdev": 0.00149724062067
    },
    "spectral_rolloff": {
        "max": 8828.61328125,
        "mean": 1753.46740723,
        "min": 689.0625,
        "stdev": 773.931213379
    },
    "spectral_skewness": {
        "max": 2.6282684803,
        "mean": 1.50347661972,
        "min": 0.602796018124,
        "stdev": 0.332977950573
    },
    "spectral_spread": {
        "max": 9254068,
        "mean": 3808682.25,
        "min": 2109142,
        "stdev": 1248044.5
    },
    "spectral_strongpeak": {
        "max": 11.6361513138,
        "mean": 2.35042047501,
        "min": 0.0341213643551,
        "stdev": 2.16407155991
    },
    "zerocrossingrate": {
        "max": 0.1904296875,
        "mean": 0.068687133491,
        "min": 0.017578125,
        "stdev": 0.0185415893793
    },
    "barkbands": {
        "max": [0.00193566898815, 0.0161943547428, 0.0134796593338, 0.00674321968108, 0.0116233052686, 0.0194867290556, 0.0167505815625, 0.0199750959873, 0.0255130995065, 0.0877075716853, 0.0954048931599, 0.0277362968773, 0.013115933165, 0.00702125998214, 0.012367952615, 0.0117872273549, 0.00414477242157, 0.00728776678443, 0.0106015698984, 0.00176119420212, 0.0022266570013, 0.00142577127554, 0.00159630551934, 0.00186974613462, 0.00096223707078, 2.09529525819e-06, 2.06654340218e-06],
        "mean": [6.81144592818e-05, 0.00178474991117, 0.000576497928705, 0.000202711409656, 0.000682314333972, 0.00070372922346, 0.000988271436654, 0.000571233627852, 0.00199014274403, 0.00543812010437, 0.00733437854797, 0.00152395514306, 0.00083516840823, 0.000791301717982, 0.00123614235781, 0.000471545208711, 0.000485613680212, 0.000469531514682, 0.000342196959537, 0.000202109775273, 0.000195532877115, 0.000172017214936, 0.000142031130963, 0.000118124487926, 5.47302624909e-05, 7.79505384685e-08, 3.83047238373e-09],
        "min": [5.45650422623e-08, 4.56513930658e-07, 1.26586058968e-07, 1.701807264e-07, 3.89101273868e-07, 8.78751436062e-08, 6.64419758323e-07, 3.19062928611e-06, 7.6930200521e-06, 2.78938623524e-05, 4.74817425129e-05, 5.22124901181e-06, 8.19493652671e-06, 9.80664026429e-06, 2.74609010376e-05, 2.68759322353e-06, 6.90471733833e-06, 1.20611202874e-05, 4.19225580117e-06, 5.06193782712e-06, 2.2277761218e-06, 1.03998570467e-06, 6.83716621097e-07, 4.10337264611e-07, 1.32176069201e-07, 4.9396247509e-11, 4.269476786e-11],
        "stdev": [0.000196604247321, 0.00273598125204, 0.00162223319057, 0.000635565957054, 0.00125070300419, 0.00156767142471, 0.00174063164741, 0.000996929826215, 0.00240741437301, 0.00763524929062, 0.0120867686346, 0.00281820376404, 0.00106252881233, 0.000786664313637, 0.0013448583195, 0.000639057834633, 0.000412172230426, 0.000462808209704, 0.000642522994895, 0.00020516787481, 0.000221223861445, 0.000205477699637, 0.000191764178453, 0.000190638456843, 9.54891365836e-05, 1.62559544492e-07, 6.78495908346e-08]
    },
    "erbbands": {
        "max": [0.668060600758, 4.32462787628, 12.9416999817, 22.4208278656, 17.909330368, 45.2282867432, 111.756881714, 149.941207886, 182.728637695, 495.022125244, 403.498046875, 517.13293457, 2979.98120117, 3370.21704102, 2115.21801758, 941.907592773, 725.575073242, 311.140808105, 783.963928223, 564.805297852, 737.103637695, 164.669662476, 349.406463623, 734.684753418, 192.789169312, 68.9537277222, 42.8200187683, 124.243438721, 44.2176094055, 58.0245780945, 44.3878479004, 43.8987503052, 26.3489685059, 13.7481861115, 5.40646314621, 0.279509872198, 0.00764525681734, 0.00132569880225, 0.000302120693959, 0.000137974726385],
        "mean": [0.0569519996643, 0.376056373119, 0.666442632675, 0.739343643188, 0.921718537807, 2.97446584702, 3.82147264481, 6.5832400322, 10.1731424332, 15.950135231, 15.6788253784, 42.0531082153, 131.253921509, 314.829406738, 158.547180176, 52.1093482971, 39.6256942749, 42.7213821411, 52.9625968933, 48.1278800964, 28.4489364624, 26.88530159, 26.7274990082, 21.635061264, 14.6301345825, 8.76192951202, 7.43440675735, 7.96374368668, 6.12625026703, 5.16738796234, 4.02789020538, 2.88142943382, 1.67737746239, 0.783988237381, 0.303667932749, 0.0176353361458, 0.000517289096024, 4.69425685878e-05, 2.28137814702e-05, 3.53307877958e-05],
        "min": [1.8929145881e-05, 0.00017554142687, 0.000554634665605, 0.00112604920287, 0.00168620154727, 0.00106270087417, 0.000918566191103, 0.000825257331599, 0.00635558133945, 0.0603068433702, 0.122558571398, 0.694105327129, 2.35254049301, 3.36260581017, 1.76127314568, 0.444294095039, 0.431498378515, 0.507311284542, 1.56922113895, 1.01829850674, 0.20309394598, 0.423235237598, 0.792431354523, 0.170529559255, 0.28738206625, 0.23351560533, 0.147902294993, 0.0492235831916, 0.027100937441, 0.0301216617227, 0.0197324994951, 0.00833529606462, 0.00758876558393, 0.00268955808133, 0.000878433056641, 4.72995598102e-05, 3.02696798826e-06, 6.60919624806e-07, 1.25601479795e-06, 1.68011501955e-06],
        "stdev": [0.0931821167469, 0.613159060478, 1.63046824932, 2.26921463013, 1.85004258156, 5.55385017395, 9.4282913208, 13.6987257004, 16.1730995178, 32.1935844421, 21.2180747986, 46.3187599182, 208.03364563, 425.402404785, 249.460342407, 71.8538742065, 51.157245636, 36.1040878296, 59.2834472656, 49.3891983032, 37.9777603149, 21.8398971558, 25.2869033813, 44.2290229797, 17.0223121643, 8.09766674042, 6.77566480637, 10.7770385742, 6.91780328751, 7.08383274078, 5.39316082001, 4.59773111343, 2.74050045013, 1.3932839632, 0.528621196747, 0.0300304554403, 0.000844446243718, 7.78443136369e-05, 1.86225261132e-05, 2.11987371586e-05]
    },
    "gfcc": {
        "mean": [-4.55377483368, 83.5710830688, -187.448623657, 22.4539146423, -77.1413192749, 34.6746788025, -24.642742157, 18.2669181824, -11.8189306259, -7.93023443222, -2.75069022179, -5.58065414429, 11.3889398575],
        "cov": [[2043.13293457, 24.9208335876, 1149.59484863, 660.565063477, -227.63067627, 166.534790039, -405.445739746, -174.000457764, -257.778869629, 99.5184707642, 115.358413696, 153.629608154, -38.7476348877], [24.9208335876, 287.751831055, 214.242294312, 144.966949463, 90.9262542725, 33.1328620911, 20.5047874451, -14.0739574432, 34.2460250854, -1.47918486595, 24.0397396088, 13.1956644058, 46.8197135925], [1149.59484863, 214.242294312, 1267.75878906, 740.966247559, -110.240470886, 207.252441406, -286.625579834, -126.180938721, -161.579345703, 111.662704468, 119.880401611, 162.167892456, 20.5356884003], [660.565063477, 144.966949463, 740.966247559, 518.655883789, -27.7527008057, 119.804611206, -172.048187256, -70.9442520142, -84.9866943359, 73.1748657227, 68.33253479, 84.9003753662, 5.03586578369], [-227.63067627, 90.9262542725, -110.240470886, -27.7527008057, 143.677749634, 33.13514328, 92.3193054199, 30.8934993744, 43.0983581543, -31.6965713501, -23.5665302277, -21.524646759, 27.8506641388], [166.534790039, 33.1328620911, 207.252441406, 119.804611206, 33.13514328, 129.844573975, 28.5004444122, -15.6938943863, -27.1299190521, 8.32624721527, 23.9663696289, 28.0055561066, 15.9486694336], [-405.445739746, 20.5047874451, -286.625579834, -172.048187256, 92.3193054199, 28.5004444122, 216.238861084, 69.0783081055, 67.1569290161, -39.9713592529, -19.9195041656, -43.030418396, 20.9324569702], [-174.000457764, -14.0739574432, -126.180938721, -70.9442520142, 30.8934993744, -15.6938943863, 69.0783081055, 78.2778396606, 59.0340232849, 0.820264160633, -11.5391302109, -17.872844696, -3.61240768433], [-257.778869629, 34.2460250854, -161.579345703, -84.9866943359, 43.0983581543, -27.1299190521, 67.1569290161, 59.0340232849, 99.8567428589, 8.40284347534, -6.21761083603, -17.6846199036, 13.0266447067], [99.5184707642, -1.47918486595, 111.662704468, 73.1748657227, -31.6965713501, 8.32624721527, -39.9713592529, 0.820264160633, 8.40284347534, 71.2250518799, 43.1580696106, 19.9515151978, -12.783703804], [115.358413696, 24.0397396088, 119.880401611, 68.33253479, -23.5665302277, 23.9663696289, -19.9195041656, -11.5391302109, -6.21761083603, 43.1580696106, 82.4258117676, 48.9234390259, 7.59767007828], [153.629608154, 13.1956644058, 162.167892456, 84.9003753662, -21.524646759, 28.0055561066, -43.030418396, -17.872844696, -17.6846199036, 19.9515151978, 48.9234390259, 69.0963668823, 30.7280654907], [-38.7476348877, 46.8197135925, 20.5356884003, 5.03586578369, 27.8506641388, 15.9486694336, 20.9324569702, -3.61240768433, 13.0266447067, -12.783703804, 7.59767007828, 30.7280654907, 71.7660751343]],
        "icov": [[0.00148345914204, -0.000694782473147, 9.13616022444e-05, -0.000482175208163, 0.00166838581208, -0.0020583095029, 0.00205369503237, -0.00154273340013, 0.001985990908, 0.000408094696468, -0.000334999174811, 1.28395286083e-05, 0.000137372291647], [-0.000694782473147, 0.0163574572653, -0.0107981199399, 0.00341279990971, -0.0143386730924, 0.0143275661394, -0.00758802844211, 0.0133125064895, -0.0133935576305, 0.00598265975714, -0.00955284852535, 0.0110207982361, -0.00314305536449], [9.13616022444e-05, -0.0107981199399, 0.0156644303352, -0.0114931631833, 0.0137564409524, -0.0149066140875, 0.00710630463436, -0.0101467370987, 0.0097248442471, -0.00369839789346, 0.00692256400362, -0.00996312778443, -8.21810026537e-05], [-0.000482175208163, 0.00341279990971, -0.0114931631833, 0.0162179544568, -0.0101452525705, 0.0050651980564, 1.6063444491e-05, 0.00366963585839, -0.00300689646974, -0.00198005815037, -0.00289066648111, 0.00451958691701, 0.00121937016957], [0.00166838581208, -0.0143386730924, 0.0137564409524, -0.0101452525705, 0.0291253235191, -0.0198722463101, 0.00655724294484, -0.0135862501338, 0.00813146587461, 0.00089796242537, 0.00790698267519, -0.00595779065043, -0.0020544664003], [-0.0020583095029, 0.0143275661394, -0.0149066140875, 0.0050651980564, -0.0198722463101, 0.0358709432185, -0.0202844887972, 0.0179912764579, -0.00869939755648, -4.36583795818e-05, -0.00444336002693, 0.0023617122788, 0.00104442622978], [0.00205369503237, -0.00758802844211, 0.00710630463436, 1.6063444491e-05, 0.00655724294484, -0.0202844887972, 0.0247532110661, -0.0179981328547, 0.00638223206624, 0.00504070380703, -0.00630390783772, 0.00817726831883, -0.00523256277665], [-0.00154273340013, 0.0133125064895, -0.0101467370987, 0.00366963585839, -0.0135862501338, 0.0179912764579, -0.0179981328547, 0.0428745299578, -0.0255491323769, 1.114040424e-05, 0.00109673500992, -0.00195799581707, 0.00717183807865], [0.001985990908, -0.0133935576305, 0.0097248442471, -0.00300689646974, 0.00813146587461, -0.00869939755648, 0.00638223206624, -0.0255491323769, 0.0391250513494, -0.0147903161123, 0.00702255824581, -0.00600955123082, -0.00503828562796], [0.000408094696468, 0.00598265975714, -0.00369839789346, -0.00198005815037, 0.00089796242537, -4.36583795818e-05, 0.00504070380703, 1.114040424e-05, -0.0147903161123, 0.0362288728356, -0.0216964222491, 0.0128984106705, 0.00161840463988], [-0.000334999174811, -0.00955284852535, 0.00692256400362, -0.00289066648111, 0.00790698267519, -0.00444336002693, -0.00630390783772, 0.00109673500992, 0.00702255824581, -0.0216964222491, 0.0419264808297, -0.0354322493076, 0.00967905204743], [1.28395286083e-05, 0.0110207982361, -0.00996312778443, 0.00451958691701, -0.00595779065043, 0.0023617122788, 0.00817726831883, -0.00195799581707, -0.00600955123082, 0.0128984106705, -0.0354322493076, 0.0629573687911, -0.0251625366509], [0.000137372291647, -0.00314305536449, -8.21810026537e-05, 0.00121937016957, -0.0020544664003, 0.00104442622978, -0.00523256277665, 0.00717183807865, -0.00503828562796, 0.00161840463988, 0.00967905204743, -0.0251625366509, 0.0294011458755]]
    },
    "melbands": {
        "max": [0.00449007656425, 0.00520406942815, 0.00315049244091, 0.00178209121805, 0.00331590906717, 0.00329167256132, 0.00316562247463, 0.00562687497586, 0.00452781282365, 0.00284084188752, 0.0154639119282, 0.0138440290466, 0.00710815750062, 0.00353415100835, 0.00238072965294, 0.0011818332132, 0.000664590043016, 0.00121874827892, 0.000696016126312, 0.000522521906532, 0.000793078914285, 0.000223082548473, 0.000289492425509, 0.000253943144344, 0.000735173816793, 0.000165660458151, 9.11508250283e-05, 4.37277776655e-05, 3.78100048692e-05, 6.08065420238e-05, 6.69264045428e-05, 2.47381776717e-05, 4.97541295772e-05, 4.0602964873e-05, 2.56775183516e-05, 3.58731194865e-05, 2.73379264399e-05, 2.19493849727e-05, 1.66298577824e-05, 1.15982629723e-05],
        "mean": [0.000506646349095, 0.000392366404412, 0.000129718551761, 0.000135622642119, 0.000139688578201, 0.000143806289998, 0.00017715258582, 0.000164489087183, 0.000132848814246, 0.000293070304906, 0.000643035047688, 0.00123187038116, 0.000717805873137, 0.000201589718927, 9.47801599978e-05, 8.38553460198e-05, 7.87753670011e-05, 7.62052513892e-05, 9.815942758e-05, 3.74133851437e-05, 3.27955349348e-05, 2.92628355965e-05, 2.40944646066e-05, 2.17363849515e-05, 1.74400684045e-05, 1.14974618555e-05, 8.84450128069e-06, 5.01423573951e-06, 4.61054969492e-06, 4.68098869533e-06, 4.45542173111e-06, 3.3344304029e-06, 3.3784651805e-06, 2.66131678472e-06, 2.40034864873e-06, 2.0064844648e-06, 1.66019947301e-06, 1.25930330341e-06, 8.50445815104e-07, 5.97126302182e-07],
        "min": [1.91705993302e-07, 3.30449921648e-07, 2.347464374e-07, 9.75113962909e-08, 3.37172529896e-08, 1.88969178083e-08, 9.60917958537e-08, 9.40356358115e-07, 8.88099236818e-07, 1.42839314776e-06, 2.00641147785e-06, 1.15310012916e-05, 6.05208060733e-06, 1.55002976499e-06, 1.02169235561e-06, 6.86798443894e-07, 9.03062243651e-07, 1.63024287758e-06, 2.20569404519e-06, 3.70808379557e-07, 2.2179794712e-07, 3.50698655893e-07, 8.5874683009e-07, 4.57524947706e-07, 8.67781579927e-08, 1.59029696079e-07, 2.2611699535e-07, 1.32370217898e-07, 9.76911849193e-08, 6.52412524005e-08, 1.81635915197e-08, 1.71839769081e-08, 1.5873963477e-08, 1.57084176777e-08, 1.19289698119e-08, 7.76802711044e-09, 4.15476453242e-09, 5.65494362448e-09, 2.73255396088e-09, 1.57668456069e-09],
        "stdev": [0.000777941313572, 0.000745439028833, 0.000348887580913, 0.000243496106123, 0.000308860471705, 0.000300386396702, 0.000284652895061, 0.000325046799844, 0.000194127162104, 0.000337783974828, 0.0010767551139, 0.00162262097001, 0.00108255667146, 0.000399450625991, 0.000171622174093, 9.68139866018e-05, 7.5800846389e-05, 8.94861077541e-05, 0.000107798688987, 4.09748790844e-05, 4.7259934945e-05, 2.57052142842e-05, 2.35261450143e-05, 2.16973094211e-05, 4.28400962846e-05, 1.51671929416e-05, 9.9719809441e-06, 4.77522917208e-06, 4.49043136541e-06, 5.52636720386e-06, 6.10422466707e-06, 3.63259528058e-06, 4.9168111218e-06, 3.76149523618e-06, 3.19344053423e-06, 3.15018792207e-06, 2.75093088931e-06, 2.11651286008e-06, 1.44523585277e-06, 1.10216444682e-06]
    },
    "melbands128": {
        "max": [0.00191399955656, 0.00665900064632, 0.00663999468088, 0.00770290382206, 0.00815692450851, 0.00779056781903, 0.00546704418957, 0.00283879740164, 0.0018917331472, 0.00191020802595, 0.00271429703571, 0.00375106185675, 0.00401119422168, 0.00513562560081, 0.00450394535437, 0.00376201001927, 0.00404037581757, 0.00466953031719, 0.00530689721927, 0.00744216516614, 0.00673632975668, 0.00240778061561, 0.00549928657711, 0.00876819435507, 0.00338067137636, 0.00397049449384, 0.00776237575337, 0.0280323289335, 0.01816508919, 0.0142745524645, 0.0239543821663, 0.0249876175076, 0.0090856961906, 0.0155203500763, 0.00716359168291, 0.00261471723206, 0.00546975946054, 0.00331018608995, 0.00310515728779, 0.00340132322162, 0.00164729251992, 0.00122448499314, 0.000770939106587, 0.00194049766287, 0.000736607355066, 0.0017645576736, 0.00309918588027, 0.00139920448419, 0.00147984991781, 0.000994637841359, 0.000259670749074, 0.00166521104984, 0.00166791630909, 0.00110852555372, 0.000593099102844, 0.000300308049191, 0.000248888711212, 0.000522328075022, 0.000466054887511, 0.000813540944364, 0.000370213558199, 0.000309987721266, 0.00145417382009, 0.00119556533173, 0.000383466220228, 0.000353461800842, 0.000141706739669, 0.000156757727382, 0.000113180547487, 8.69093055371e-05, 3.77534597646e-05, 7.89012265159e-05, 7.30668907636e-05, 6.88281215844e-05, 3.03642136714e-05, 4.89873054903e-05, 9.64328428381e-05, 0.000188999532838, 3.496066347e-05, 4.79440568597e-05, 2.87759230559e-05, 3.36668308591e-05, 4.23043820774e-05, 8.66488844622e-05, 7.26095822756e-05, 3.1330218917e-05, 6.12067087786e-05, 3.50107184204e-05, 3.81190475309e-05, 1.8079601432e-05, 4.48629798484e-05, 4.31776024925e-05, 3.57407880074e-05, 3.00478932331e-05, 4.03652666137e-05, 3.77834548999e-05, 2.43368467636e-05, 1.87791338249e-05, 1.43206480061e-05, 1.83304127859e-05, 2.13971907215e-05, 1.23721665659e-05, 1.34950951178e-05, 1.01184377854e-05, 7.57827183406e-06, 4.71676048619e-06, 1.60995000442e-06, 6.98084008377e-08, 1.47833452147e-08, 1.39054208148e-08, 1.31543504978e-08, 1.24882779673e-08, 1.19049197167e-08, 1.13529390333e-08, 1.09214024491e-08, 1.05062039069e-08, 1.01370352112e-08, 9.76458292001e-09, 9.4149186225e-09, 9.17236508968e-09, 8.92936480312e-09, 8.70155680843e-09, 8.51740811214e-09, 8.36129121495e-09, 8.2197342266e-09, 8.11440070692e-09, 8.04084265837e-09, 7.99350807767e-09],
        "mean": [6.44685642328e-05, 0.000433506589616, 0.000735870387871, 0.000576039950829, 0.000370425375877, 0.000274955906207, 0.000152922249981, 9.28399167606e-05, 7.19266899978e-05, 0.000131848675665, 0.00019042546046, 0.00014850460866, 0.000126074999571, 0.000120986209367, 0.00016314414097, 0.000145995159983, 0.000123827674543, 0.000158716487931, 0.000293839664664, 0.000168418206158, 0.00011028337758, 0.000117006180517, 0.00012763318955, 0.000154155335622, 0.000217663953663, 0.000331913557602, 0.000509361852892, 0.000783218361903, 0.000617187528405, 0.00076006812742, 0.00179057091009, 0.00159275822807, 0.000348908826709, 0.000441396347014, 0.00026531831827, 0.000111689478217, 0.000109798711492, 0.000101247132989, 7.96887106844e-05, 8.45792237669e-05, 9.0623019787e-05, 7.38127637305e-05, 7.22299300833e-05, 9.68776585069e-05, 5.80837477173e-05, 6.27181507298e-05, 0.00010268308688, 0.000130186905153, 8.50946235005e-05, 4.17668852606e-05, 3.11318653985e-05, 3.128919343e-05, 3.13487034873e-05, 3.4137556213e-05, 3.51663438778e-05, 3.04643526761e-05, 2.21925438382e-05, 2.14435949601e-05, 2.54111419054e-05, 2.91184151138e-05, 2.03172785405e-05, 1.68696697074e-05, 2.09395439015e-05, 1.67782509379e-05, 1.37619981615e-05, 1.08325184556e-05, 1.10617056635e-05, 9.28814097279e-06, 9.75573311734e-06, 5.70293286728e-06, 4.82833775095e-06, 4.48030368716e-06, 5.01560498378e-06, 4.66009805677e-06, 4.05087394029e-06, 4.5119245442e-06, 4.6657760322e-06, 5.96057407165e-06, 3.97831036025e-06, 3.86894134863e-06, 3.05490470964e-06, 3.02852185996e-06, 3.98912197852e-06, 3.32401623382e-06, 3.13523332807e-06, 2.68824942395e-06, 2.56696057477e-06, 2.46797617365e-06, 2.52893505603e-06, 2.20854190047e-06, 2.05881156035e-06, 1.94704534806e-06, 1.91843832908e-06, 1.67815676377e-06, 1.45610636082e-06, 1.48892797824e-06, 1.17259924082e-06, 1.06878314909e-06, 8.55361065533e-07, 7.53377946694e-07, 6.51328491585e-07, 5.75482374643e-07, 5.26576513948e-07, 4.65568462005e-07, 3.89744769791e-07, 2.7490540333e-07, 7.16350143648e-08, 3.58441520909e-09, 3.02961197796e-11, 2.88890456696e-11, 2.6332439701e-11, 2.2773258973e-11, 2.01528758959e-11, 1.92438565083e-11, 2.15089300537e-11, 1.83674915555e-11, 1.84282103466e-11, 2.12029699354e-11, 2.20273764506e-11, 2.18755569215e-11, 1.73070949933e-11, 1.42511731582e-11, 1.57992074284e-11, 1.2338072404e-11, 1.20359165343e-11, 1.17688653961e-11, 1.16006882919e-11, 1.15243344381e-11],
        "min": [2.60273980146e-09, 1.43968094335e-07, 1.31229867861e-07, 1.73037918216e-07, 2.4810975674e-07, 7.53914832785e-08, 7.02967355437e-08, 7.06708931375e-08, 8.54313668697e-08, 8.98039260733e-08, 4.91571263694e-08, 3.89918071164e-08, 2.8147034925e-08, 2.35167156859e-08, 1.24516716937e-08, 1.02089598997e-08, 5.47004788132e-08, 1.07537815097e-07, 1.39175227787e-07, 3.81015922812e-07, 2.00137975526e-07, 5.72724957237e-07, 2.71189293244e-07, 1.97717128003e-07, 1.31733304443e-06, 3.84550133958e-07, 6.90050114827e-07, 3.43088231602e-07, 1.25077156099e-06, 1.09476911803e-06, 6.5693320721e-06, 1.44142711633e-06, 3.24111124428e-06, 1.26439806536e-06, 7.13667986929e-07, 4.12242769698e-07, 3.73134014353e-07, 5.21520064467e-07, 4.98453857745e-07, 4.91191599394e-07, 2.98992233638e-07, 4.64562276647e-07, 4.07267521041e-07, 4.13041419733e-07, 4.30550670671e-07, 2.71269726682e-07, 1.00949728221e-06, 8.33312356008e-07, 4.39620976067e-07, 2.40518289729e-07, 8.29226323162e-08, 3.39428680718e-08, 1.97302014726e-07, 3.27199700223e-07, 2.40270253471e-07, 3.45150283465e-07, 1.89079699453e-07, 2.26416176474e-07, 5.69314238419e-07, 3.59705154551e-07, 3.95995101599e-07, 1.33745800213e-07, 6.13861530496e-08, 6.75933122807e-08, 1.21156531918e-07, 7.54178159923e-08, 1.96981062572e-07, 1.82069996413e-07, 1.80707701247e-07, 1.40344994293e-07, 1.16700228148e-07, 4.5019600492e-08, 1.14907365401e-07, 7.15098522619e-08, 7.29306108838e-08, 5.88613104924e-08, 3.83913913993e-08, 8.73869065998e-09, 1.12541869157e-08, 3.73426374267e-08, 1.87265385421e-08, 9.31711152674e-09, 7.92869592203e-09, 1.2733643473e-08, 2.59337671338e-08, 1.21731718039e-08, 1.18790008941e-08, 1.59501034602e-08, 8.60858673235e-09, 1.41140281684e-08, 9.09982489361e-09, 6.73764422032e-09, 3.99622557268e-09, 2.71796629647e-09, 4.59528060048e-09, 5.51399192972e-09, 1.97661109702e-09, 1.68026159653e-09, 2.5437643103e-09, 1.1045464543e-09, 7.96723631513e-10, 1.64533731084e-09, 1.10980602486e-09, 8.83340733893e-10, 9.83384595976e-10, 5.61598600957e-10, 1.87008561414e-10, 4.20408689415e-13, 1.97446104063e-13, 1.59014999519e-13, 1.69197324879e-13, 1.62320162736e-13, 1.10983637103e-13, 1.37577571406e-13, 1.27856018416e-13, 1.53340461531e-13, 1.44856267823e-13, 1.46424606923e-13, 1.78459799564e-13, 1.20069549464e-13, 1.3221097394e-13, 1.51438486317e-13, 1.30714598759e-13, 1.2703339357e-13, 1.09976684335e-13, 4.00661356306e-14, 6.20178211628e-15, 2.42576921794e-16],
        "stdev": [0.000192742663785, 0.000807972450275, 0.00117769581266, 0.00103057315573, 0.000885964429472, 0.000804273877293, 0.000530873076059, 0.000262946879957, 0.000175558452611, 0.000260233646259, 0.000370552879758, 0.000352936622221, 0.000361959479051, 0.000348309171386, 0.000381780788302, 0.000340233818861, 0.000293584627798, 0.000292782933684, 0.000600550498348, 0.000453883374576, 0.000287899689283, 0.000212461236515, 0.00025662058033, 0.00032799463952, 0.000306876143441, 0.00046039535664, 0.000822068832349, 0.00182653579395, 0.00121039955411, 0.00134046794847, 0.00306472368538, 0.00317276711576, 0.000775971333496, 0.00151039520279, 0.000685515929945, 0.000165690988069, 0.000320754072163, 0.000251183228102, 0.000174897766556, 0.000191501123481, 0.000117188545119, 9.67875967035e-05, 8.08547774795e-05, 0.000161506832228, 7.49376195017e-05, 0.000103635946289, 0.000217266016989, 0.000201248913072, 0.000144784309668, 7.68506433815e-05, 3.53002797056e-05, 6.33404488326e-05, 7.83277137089e-05, 5.34243954462e-05, 4.87721772515e-05, 3.60981284757e-05, 2.59880453086e-05, 2.91862725135e-05, 3.58724355465e-05, 4.53211650893e-05, 2.88654355245e-05, 2.11250044231e-05, 6.4662679506e-05, 6.02544168942e-05, 2.68031853921e-05, 1.81893319677e-05, 1.79738126462e-05, 1.37141205414e-05, 1.32083378048e-05, 6.62712909616e-06, 5.15542433277e-06, 5.40715200259e-06, 6.62400543661e-06, 6.08639675193e-06, 4.25333246312e-06, 5.49726155441e-06, 6.8306680987e-06, 1.30840726342e-05, 4.94588721267e-06, 5.15861665917e-06, 3.59526075044e-06, 3.88941862184e-06, 5.77247328692e-06, 6.30815520708e-06, 5.4001029639e-06, 3.97584972234e-06, 4.14535361415e-06, 4.06425169786e-06, 3.5812090573e-06, 2.99799012282e-06, 3.25757264363e-06, 3.54613348463e-06, 3.37385336024e-06, 2.81405982605e-06, 2.68315011454e-06, 2.87201578431e-06, 2.18161994781e-06, 1.91041817743e-06, 1.44014848047e-06, 1.41990699376e-06, 1.42757869526e-06, 1.06694233182e-06, 9.9107069218e-07, 8.62281183345e-07, 7.04721401235e-07, 4.84023814806e-07, 1.38508340797e-07, 7.21592474662e-09, 5.0334447721e-10, 4.86960860524e-10, 4.47654385782e-10, 4.08787559358e-10, 3.78099190845e-10, 3.60752067108e-10, 3.67095881471e-10, 3.36259520228e-10, 3.29857002823e-10, 3.58593682526e-10, 3.60467822258e-10, 3.52881779353e-10, 3.00915292684e-10, 2.74902017816e-10, 2.79860579155e-10, 2.61744098617e-10, 2.57312615659e-10, 2.5401905579e-10, 2.51717785504e-10, 2.502365537e-10]
    },
    "mfcc": {
        "mean": [-617.008300781, 97.2641601562, -42.5797615051, -10.617857933, -16.6267929077, 2.38730144501, 2.40759992599, 15.7115879059, 8.21444606781, 4.62062549591, -1.2579678297, -2.80874824524, 0.388037294149],
        "cov": [[1597.08911133, -235.31388855, 980.273498535, 303.935058594, 240.45149231, 121.183647156, -8.95161437988, -161.120178223, -268.972167969, -127.67489624, -112.528442383, 3.51045513153, 104.937515259], [-235.31388855, 230.18951416, -134.339767456, 5.6570353508, 9.29223251343, 8.33687210083, 11.9883890152, 43.4408226013, 71.0958480835, 34.1328468323, 2.37845444679, -3.5521402359, -5.21627187729], [980.273498535, -134.339767456, 1508.17980957, 538.939147949, 393.370483398, 254.875869751, 29.6044845581, -143.236526489, -251.235092163, -98.20652771, -159.917160034, 33.1266899109, 173.2006073], [303.935058594, 5.6570353508, 538.939147949, 291.824554443, 190.912979126, 97.8726730347, 6.00968694687, -45.4203643799, -69.142868042, -22.1260852814, -57.5312309265, 12.1673812866, 60.7968482971], [240.45149231, 9.29223251343, 393.370483398, 190.912979126, 197.645431519, 94.8327026367, 3.37166643143, -26.6315746307, -50.2314682007, -25.4172325134, -59.1875343323, 3.20425534248, 50.6278114319], [121.183647156, 8.33687210083, 254.875869751, 97.8726730347, 94.8327026367, 135.650894165, 62.5774421692, 4.18399620056, -20.4644851685, -4.87326383591, -40.7958335876, -6.67271995544, 28.6528720856], [-8.95161437988, 11.9883890152, 29.6044845581, 6.00968694687, 3.37166643143, 62.5774421692, 97.6431045532, 41.6021995544, 11.365986824, 12.0030822754, 0.596382856369, -5.19440603256, -0.00472673214972], [-161.120178223, 43.4408226013, -143.236526489, -45.4203643799, -26.6315746307, 4.18399620056, 41.6021995544, 87.025894165, 69.4198074341, 24.0875034332, 12.2854299545, -1.19071531296, -11.6968860626], [-268.972167969, 71.0958480835, -251.235092163, -69.142868042, -50.2314682007, -20.4644851685, 11.365986824, 69.4198074341, 129.153030396, 51.0949897766, 20.1313171387, -6.85891008377, -29.1188354492], [-127.67489624, 34.1328468323, -98.20652771, -22.1260852814, -25.4172325134, -4.87326383591, 12.0030822754, 24.0875034332, 51.0949897766, 62.9882698059, 35.8917922974, -0.000386056344723, -14.1470565796], [-112.528442383, 2.37845444679, -159.917160034, -57.5312309265, -59.1875343323, -40.7958335876, 0.596382856369, 12.2854299545, 20.1313171387, 35.8917922974, 86.7009735107, 29.5490245819, -20.2312908173], [3.51045513153, -3.5521402359, 33.1266899109, 12.1673812866, 3.20425534248, -6.67271995544, -5.19440603256, -1.19071531296, -6.85891008377, -0.000386056344723, 29.5490245819, 60.8015632629, 25.9729118347], [104.937515259, -5.21627187729, 173.2006073, 60.7968482971, 50.6278114319, 28.6528720856, -0.00472673214972, -11.6968860626, -29.1188354492, -14.1470565796, -20.2312908173, 25.9729118347, 69.1021957397]],
        "icov": [[0.00131039740518, 0.000588705297559, -0.000619893951807, 0.000235298299231, -0.000510078156367, 0.00046152737923, -0.000399891228881, 0.000488373159897, 0.000752335588913, 0.000605425389949, -0.000120593089378, 0.000494508189149, -0.000114022834168], [0.000588705297559, 0.0064148097299, 0.00128741341177, -0.00218770839274, -0.00106016849168, -0.000593845034018, -0.000131145992782, -0.000373037531972, -0.00119349837769, -0.00130632566288, 0.00118733919226, -0.000191222163267, -0.00110288022552], [-0.000619893951807, 0.00128741341177, 0.00431972183287, -0.00475362408906, -0.000121668032079, -0.0026251389645, 3.92418478441e-05, 0.000418577663368, 0.00281884544529, -0.00158757762983, 0.00267092464492, -0.00164694827981, -0.00209399149753], [0.000235298299231, -0.00218770839274, -0.00475362408906, 0.01591360569, -0.00854590814561, 0.00289902812801, -0.00133130676113, 0.00211914791726, -0.00182573427446, -0.00150749308523, -0.00104731600732, -0.00041120997048, 0.00157894322183], [-0.000510078156367, -0.00106016849168, -0.000121668032079, -0.00854590814561, 0.0188116431236, -0.00800607632846, 0.0063902377151, -0.00362427020445, 0.00105672574136, 0.00124641240109, 0.00190048594959, 0.000119223695947, -0.00134536693804], [0.00046152737923, -0.000593845034018, -0.0026251389645, 0.00289902812801, -0.00800607632846, 0.0229139272124, -0.0146164782345, 0.00346343056299, -0.00195561931469, -0.00248696492054, 0.00391107797623, 0.000481141061755, -0.000135767826578], [-0.000399891228881, -0.000131145992782, 3.92418478441e-05, -0.00133130676113, 0.0063902377151, -0.0146164782345, 0.0250902827829, -0.0140414265916, 0.00560648692772, -0.0017216039123, -0.00293811620213, 0.00175038282759, 0.00116601691116], [0.000488373159897, -0.000373037531972, 0.000418577663368, 0.00211914791726, -0.00362427020445, 0.00346343056299, -0.0140414265916, 0.0303416531533, -0.0151286823675, 0.00472037866712, -0.0010570040904, -0.000747625541408, -0.00276631629094], [0.000752335588913, -0.00119349837769, 0.00281884544529, -0.00182573427446, 0.00105672574136, -0.00195561931469, 0.00560648692772, -0.0151286823675, 0.0276964362711, -0.0161529649049, 0.00948789250106, -0.00438496377319, 0.0035746388603], [0.000605425389949, -0.00130632566288, -0.00158757762983, -0.00150749308523, 0.00124641240109, -0.00248696492054, -0.0017216039123, 0.00472037866712, -0.0161529649049, 0.0373993329704, -0.0201531630009, 0.0102075170726, -0.0036825616844], [-0.000120593089378, 0.00118733919226, 0.00267092464492, -0.00104731600732, 0.00190048594959, 0.00391107797623, -0.00293811620213, -0.0010570040904, 0.00948789250106, -0.0201531630009, 0.033986479044, -0.020300604403, 0.00875922944397], [0.000494508189149, -0.000191222163267, -0.00164694827981, -0.00041120997048, 0.000119223695947, 0.000481141061755, 0.00175038282759, -0.000747625541408, -0.00438496377319, 0.0102075170726, -0.020300604403, 0.0333086960018, -0.014909886755], [-0.000114022834168, -0.00110288022552, -0.00209399149753, 0.00157894322183, -0.00134536693804, -0.000135767826578, 0.00116601691116, -0.00276631629094, 0.0035746388603, -0.0036825616844, 0.00875922944397, -0.014909886755, 0.02791525051]]
    },
    "spectral_contrast_coeffs": {
        "max": [-0.495725125074, -0.60266572237, -0.48240673542, -0.636051535606, -0.663459062576, -0.682381868362],
        "mean": [-0.785683453083, -0.760091662407, -0.698825538158, -0.790891706944, -0.785911560059, -0.756690859795],
        "min": [-0.912490725517, -0.901786744595, -0.867651939392, -0.888974905014, -0.887330949306, -0.846754670143],
        "stdev": [0.0583279058337, 0.0571071617305, 0.0770447403193, 0.0463706441224, 0.0251937378198, 0.0206844732165]
    },
    "spectral_contrast_valleys": {
        "max": [-5.54059123993, -5.08898735046, -5.3018040657, -5.7617058754, -6.0012588501, -8.05538749695],
        "mean": [-7.61207103729, -6.68686389923, -6.45445775986, -6.86805438995, -7.11397695541, -9.86610031128],
        "min": [-10.3424339294, -9.57924461365, -8.3517742157, -8.59078407288, -8.43187046051, -11.995141983],
        "stdev": [0.960075497627, 0.474882811308, 0.608462452888, 0.522702217102, 0.346874147654, 0.743141829967]
    }
},
"rhythm": {
    "beats_count": 47,
    "beats_loudness": {
        "max": 0.100886933506,
        "mean": 0.0385899357498,
        "min": 0.00442174216732,
        "stdev": 0.0240418352187
    },
    "bpm": 131.760955811,
    "bpm_histogram_first_peak_bpm": 133,
    "bpm_histogram_first_peak_weight": 0.384615361691,
    "bpm_histogram_second_peak_bpm": 103,
    "bpm_histogram_second_peak_spread": 0.416666686535,
    "bpm_histogram_second_peak_weight": 0.152173906565,
    "danceability": 1.23729741573,
    "onset_rate": 2.19985556602,
    "beats_loudness_band_ratio": {
        "max": [0.516992211342, 0.0997200682759, 0.534170150757, 0.795261204243, 0.372496962547, 0.189765006304],
        "mean": [0.137543573976, 0.0249645058066, 0.172661006451, 0.518176674843, 0.12723788619, 0.0449978038669],
        "min": [0.00110812939238, 0.00119450711645, 0.0144036253914, 0.0722684413195, 0.0216717366129, 0.0107241710648],
        "stdev": [0.145422384143, 0.0232610814273, 0.120599702001, 0.181773483753, 0.0817355215549, 0.0359250567853]
    },
    "beats_position": [0.394739210606, 0.812698423862, 1.23065757751, 1.68344664574, 2.13623571396, 2.58902478218, 3.04181408882, 3.50621318817, 3.97061228752, 4.43501138687, 4.87619018555, 5.32897949219, 5.78176879883, 6.24616765976, 6.6989569664, 7.1517457962, 7.59292507172, 8.05732440948, 8.51011276245, 8.96290206909, 9.41569137573, 9.8800907135, 10.3328800201, 10.7856683731, 11.2384576797, 11.6912469864, 12.144036293, 12.6084346771, 13.0728340149, 13.572063446, 14.0712919235, 14.5705213547, 15.0697498322, 15.5805892944, 16.0798187256, 16.6719264984, 17.2640361786, 17.8561439514, 18.4482536316, 19.0403633118, 19.6208610535, 20.2013607025, 20.7818584442, 21.3623580933, 21.942855835, 22.523355484, 23.1038551331],
