{
"metadata": {
    "version": {
        "essentia": "2.1-beta5",
        "essentia_git_sha": "Undefined",
        "extractor": "music 2.0"
    },
    "audio_properties": {
        "analysis": {
            "equal_loudness": 0,
            "length": 12.7477550507,
            "sample_rate": 44100,
            "start_time": 0,
            "downmix": "mix"
        },
        "bit_rate": 192000,
        "length": 191.204727173,
        "lossless": 0,
        "number_channels": 2,
        "replay_gain": -5.31743431091,
        "sample_rate": 48000,
        "codec": "mp3",
        "md5_encoded": "fc21b5e0285419b00518d7a3a8c770ad"
    },
    "tags": {
        "file_name": "Estonia_Once In A Lifetime_Ines.mp3",
        "encoding": ["Lavf58.29.100"]
    }
},
"lowlevel": {
    "average_loudness": 0.948284208775,
    "barkbands_crest": {
        "max": 20.7900257111,
        "mean": 8.05890846252,
        "min": 2.71256351471,
        "stdev": 3.38732719421
    },
    "barkbands_flatness_db": {
        "max": 0.253342270851,
        "mean": 0.165256455541,
        "min": 0.0404350087047,
        "stdev": 0.0366097092628
    },
    "barkbands_kurtosis": {
        "max": 32.5564880371,
        "mean": 1.38334560394,
        "min": -1.30654346943,
        "stdev": 2.97821497917
    },
    "barkbands_skewness": {
        "max": 5.44197750092,
        "mean": 0.97044223547,
        "min": -2.03665947914,
        "stdev": 0.707880735397
    },
    "barkbands_spread": {
        "max": 49.119644165,
        "mean": 14.2114133835,
        "min": 3.26925110817,
        "stdev": 9.21687507629
    },
    "dissonance": {
        "max": 0.499976545572,
        "mean": 0.484881579876,
        "min": 0.353585273027,
        "stdev": 0.0164202358574
    },
    "dynamic_complexity": 2.0442199707,
    "erbbands_crest": {
        "max": 21.6657829285,
        "mean": 7.41439580917,
        "min": 2.52182841301,
        "stdev": 2.95125722885
    },
    "erbbands_flatness_db": {
        "max": 0.34134721756,
        "mean": 0.2379437536,
        "min": 0.0860465019941,
        "stdev": 0.0551836751401
    },
    "erbbands_kurtosis": {
        "max": 6.49192237854,
        "mean": 0.3149561584,
        "min": -1.3793387413,
        "stdev": 1.15892791748
    },
    "erbbands_skewness": {
        "max": 2.32917833328,
        "mean": 0.58579492569,
        "min": -0.860636889935,
        "stdev": 0.524064421654
    },
    "erbbands_spread": {
        "max": 77.3549423218,
        "mean": 21.797794342,
        "min": 6.08025741577,
        "stdev": 13.5692605972
    },
    "hfc": {
        "max": 93.5578536987,
        "mean": 27.7626533508,
        "min": 1.09550582717e-16,
        "stdev": 15.1291418076
    },
    "loudness_ebu128": {
        "integrated": -16.7138137817,
        "loudness_range": 2.63278961182,
        "momentary": {
            "max": -14.1225090027,
            "mean": -17.1731319427,
            "min": -26.672542572,
            "stdev": 2.30994462967
        },
        "short_term": {
            "max": -15.1111793518,
            "mean": -16.8049526215,
            "min": -18.1706409454,
            "stdev": 0.907925367355
        }
    },
    "melbands_crest": {
        "max": 28.0093345642,
        "mean": 10.7662773132,
        "min": 2.80946421623,
        "stdev": 4.29308891296
    },
    "melbands_flatness_db": {
        "max": 0.299549609423,
        "mean": 0.154615029693,
        "min": 0.0084720402956,
        "stdev": 0.0408684834838
    },
    "melbands_kurtosis": {
        "max": 100.130241394,
        "mean": 4.84686422348,
        "min": -1.34105527401,
        "stdev": 8.49735450745
    },
    "melbands_skewness": {
        "max": 8.82103061676,
        "mean": 1.52060389519,
        "min": -0.262102544308,
        "stdev": 1.04006576538
    },
    "melbands_spread": {
        "max": 151.917770386,
        "mean": 20.4700508118,
        "min": 3.22363972664,
        "stdev": 12.9040660858
    },
    "pitch_salience": {
        "max": 0.864950180054,
        "mean": 0.70210647583,
        "min": 0.178594425321,
        "stdev": 0.106975592673
    },
    "silence_rate_20dB": {
        "max": 1,
        "mean": 1,
        "min": 1,
        "stdev": 0
    },
    "silence_rate_30dB": {
        "max": 1,
        "mean": 0.974545478821,
        "min": 0,
        "stdev": 0.157501071692
    },
    "silence_rate_60dB": {
        "max": 1,
        "mean": 0.0254545453936,
        "min": 0,
        "stdev": 0.157499939203
    },
    "spectral_centroid": {
        "max": 10993.625,
        "mean": 1663.43579102,
        "min": 544.197692871,
        "stdev": 532.783996582
    },
    "spectral_complexity": {
        "max": 54,
        "mean": 29.9836368561,
        "min": 0,
        "stdev": 8.00373077393
    },
    "spectral_decrease": {
        "max": -2.1617292512e-28,
        "mean": -6.46292752648e-09,
        "min": -4.70942680408e-08,
        "stdev": 5.85537618392e-09
    },
    "spectral_energy": {
        "max": 0.18125025928,
        "mean": 0.026910757646,
        "min": 1.07524513123e-20,
        "stdev": 0.0229746904224
    },
    "spectral_energyband_high": {
        "max": 0.00947554409504,
        "mean": 0.000676467607263,
        "min": 7.61910003771e-21,
        "stdev": 0.00117761432193
    },
    "spectral_energyband_low": {
        "max": 0.157608538866,
        "mean": 0.00529924593866,
        "min": 2.02572917138e-22,
        "stdev": 0.0184550248086
    },
    "spectral_energyband_middle_high": {
        "max": 0.0560010187328,
        "mean": 0.0130175221711,
        "min": 1.61628456266e-21,
        "stdev": 0.00804561283439
    },
    "spectral_energyband_middle_low": {
        "max": 0.0549595542252,
        "mean": 0.00908990297467,
        "min": 5.54605011723e-22,
        "stdev": 0.00829600170255
    },
    "spectral_entropy": {
        "max": 9.81043624878,
        "mean": 7.73723888397,
        "min": 7.08412647247,
        "stdev": 0.224616184831
    },
    "spectral_flux": {
        "max": 0.30022713542,
        "mean": 0.0937864929438,
        "min": 1.03694025588e-10,
        "stdev": 0.0393670387566
    },
    "spectral_kurtosis": {
        "max": 14.7739372253,
        "mean": 5.11868047714,
        "min": -1.16858839989,
        "stdev": 2.52944588661
    },
    "spectral_rms": {
        "max": 0.0132977264002,
        "mean": 0.00479272287339,
        "min": 3.23885731603e-12,
        "stdev": 0.00181224173866
    },
    "spectral_rolloff": {
        "max": 17829.4921875,
        "mean": 1956.54589844,
        "min": 129.19921875,
        "stdev": 1158.36706543
    },
    "spectral_skewness": {
        "max": 2.60903382301,
        "mean": 1.56516516209,
        "min": 0.0190407112241,
        "stdev": 0.361620694399
    },
    "spectral_spread": {
        "max": 39200252,
        "mean": 3151619.75,
        "min": 2007086.875,
        "stdev": 1728523.25
    },
    "spectral_strongpeak": {
        "max": 7.44944524765,
        "mean": 1.27515935898,
        "min": 0,
        "stdev": 0.98764783144
    },
    "zerocrossingrate": {
        "max": 0.73681640625,
        "mean": 0.0696502104402,
        "min": 0.01806640625,
        "stdev": 0.0405453406274
    },
    "barkbands": {
        "max": [0.000897736696061, 0.0608887933195, 0.129713863134, 0.0407382659614, 0.016463033855, 0.0184213686734, 0.008086216636, 0.00316015561111, 0.0328396297991, 0.0383737683296, 0.016990467906, 0.00714466208592, 0.00712057668716, 0.00642394134775, 0.0052701937966, 0.00513358879834, 0.00339478370734, 0.00478236237541, 0.00252448488027, 0.00289078382775, 0.00339398859069, 0.00262021017261, 0.00191962893587, 0.000906076631509, 0.00103267340455, 1.75230161403e-05, 1.74631277332e-05],
        "mean": [2.12276991078e-05, 0.00237792776898, 0.00232994672842, 0.000931485788897, 0.00112639390863, 0.000879083352629, 0.00053370418027, 0.000367379980162, 0.00399911822751, 0.00389930373058, 0.00220970460214, 0.00157459604088, 0.00126183987595, 0.00114615086932, 0.00106189202052, 0.000802580325399, 0.000626395980362, 0.00062493578298, 0.000344568281434, 0.000222084388952, 0.000206220385735, 0.000190584905795, 9.55482100835e-05, 5.10166464665e-05, 2.69323882094e-05, 9.33368013989e-08, 3.25632356635e-08],
        "min": [3.64992751091e-23, 9.22189252929e-23, 4.83249248562e-23, 3.31763121419e-23, 1.23870170512e-22, 5.33080329768e-23, 9.43403742155e-23, 3.79253210556e-23, 2.04443767039e-22, 5.88663342932e-23, 1.33949919615e-22, 3.57704812287e-23, 9.78078785887e-23, 1.0180222214e-22, 1.06613970739e-22, 7.41918632651e-23, 1.64751416488e-22, 2.76260073507e-22, 3.56443758176e-22, 3.31071441866e-22, 4.95034729512e-22, 8.21644298368e-22, 6.30732335752e-22, 8.05647663336e-22, 1.14375147832e-21, 1.52538567303e-21, 2.19826499155e-21],
        "stdev": [7.30410538381e-05, 0.00795122329146, 0.0125228334218, 0.00325868860818, 0.00263583962806, 0.00241964380257, 0.00113876978867, 0.000334087671945, 0.00443321187049, 0.0046918541193, 0.00219523324631, 0.00109177222475, 0.00116409629118, 0.000817315885797, 0.000756439345423, 0.000560521788429, 0.000451385538327, 0.000577354803681, 0.00032688464853, 0.000313121883664, 0.000375631148927, 0.000337917212164, 0.000213560939301, 0.000115959701361, 7.5041767559e-05, 8.29685802728e-07, 7.43919656543e-07]
    },
    "erbbands": {
        "max": [1.05891013145, 17.2356929779, 123.477043152, 130.22706604, 70.8000259399, 92.11353302, 147.039108276, 155.936401367, 145.121383667, 100.15246582, 153.672576904, 1023.23486328, 924.168518066, 1480.48168945, 700.892456055, 267.281005859, 380.399108887, 370.004852295, 255.219787598, 189.165252686, 213.026992798, 210.378433228, 285.68157959, 135.371429443, 139.035369873, 125.512657166, 131.256866455, 121.899078369, 97.2271194458, 71.2631149292, 57.0178718567, 25.1512203217, 14.1259651184, 13.3763074875, 6.02643013, 0.378810405731, 0.0325642228127, 0.0111281499267, 0.00251388200559, 0.000283053668682],
        "mean": [0.0461704172194, 0.634824216366, 2.49617576599, 3.14344882965, 2.80645012856, 5.31591367722, 4.36757087708, 7.15621566772, 7.35989665985, 7.24428415298, 16.8445682526, 85.3143997192, 125.393112183, 121.598526001, 76.6073684692, 63.1794395447, 58.154876709, 62.8166351318, 55.1373519897, 49.6688842773, 43.2366752625, 35.6866607666, 35.2186737061, 23.2947292328, 15.0677270889, 9.87036037445, 9.0721321106, 7.72582817078, 6.92857980728, 4.58317756653, 2.51839160919, 1.29275560379, 0.720701932907, 0.353547245264, 0.165243014693, 0.0121635561809, 0.000382983736927, 4.80573326058e-05, 2.35604347836e-05, 3.41596460203e-05],
        "min": [5.38812041644e-21, 1.07667064454e-20, 4.40445726527e-20, 1.09865495649e-19, 1.72637595698e-19, 5.34574311355e-19, 3.84350298803e-19, 5.45401485188e-19, 9.79245670654e-19, 1.36999772701e-18, 1.56161752803e-18, 4.21692995326e-18, 2.55525314281e-18, 3.44694267621e-18, 4.03540516783e-18, 2.25273954432e-18, 4.33022764099e-18, 4.12628336583e-18, 6.61365351809e-18, 3.51588197641e-18, 4.93519073147e-18, 1.09983356996e-17, 1.66077948491e-17, 1.40981222532e-17, 2.01774381887e-17, 1.61706100431e-17, 1.1649882707e-17, 2.70253389165e-17, 3.42127625442e-17, 1.72548022894e-17, 1.86985732567e-17, 1.89723981636e-17, 1.33130360349e-17, 1.19610300032e-17, 8.2496426482e-18, 5.12757308962e-18, 3.23547808851e-18, 1.41632945729e-18, 3.37878283864e-19, 2.61584527298e-20],
        "stdev": [0.15455031395, 2.16486740112, 11.961520195, 12.8491401672, 7.40233325958, 12.7748432159, 15.5042943954, 19.3508434296, 16.3937778473, 11.9694700241, 17.3059616089, 100.004516602, 124.302452087, 163.123825073, 61.143901825, 44.3873138428, 50.4428901672, 45.2695007324, 35.0443992615, 30.5215473175, 28.2556400299, 24.4204273224, 31.3906974792, 18.2039451599, 17.1437740326, 13.3655424118, 15.7612438202, 13.8309440613, 11.959148407, 8.8991689682, 5.87864971161, 2.99117541313, 1.67355680466, 0.938532352448, 0.493904650211, 0.0395620726049, 0.00167404045351, 0.000477062712889, 0.000107718333311, 2.9152366551e-05]
    },
    "gfcc": {
        "mean": [-20.3491592407, 84.7440261841, -205.158294678, 16.2006912231, -74.6596679688, 26.8716621399, -26.0185279846, 12.7634477615, -12.6190958023, -12.3954591751, -8.5981054306, -13.1718206406, 5.50951385498],
        "cov": [[7192.26611328, 526.397521973, 270.502990723, 881.46697998, -228.315597534, 247.01121521, -337.875274658, -154.355789185, -218.123626709, -43.8237991333, -122.371383667, -7.50396251678, -19.5593662262], [526.397521973, 717.051330566, 522.558105469, 378.046203613, 83.6265182495, -44.2501564026, -41.2534294128, -139.897476196, 6.01977682114, 10.6998071671, 53.3207015991, -7.46945905685, 31.7142353058], [270.502990723, 522.558105469, 1233.71289062, 817.833435059, 159.365875244, 27.7909374237, -173.090133667, -221.420379639, -94.9954681396, 51.3402938843, -8.72453689575, 49.2391929626, -12.1933431625], [881.46697998, 378.046203613, 817.833435059, 733.341674805, 91.7773742676, 52.2296562195, -156.143585205, -169.789657593, -69.3087158203, 33.3043823242, -6.46917772293, 51.3429450989, -11.6379108429], [-228.315597534, 83.6265182495, 159.365875244, 91.7773742676, 116.674079895, 37.8569450378, 24.8448123932, 2.21933627129, 6.80533838272, 13.8548526764, 2.46127605438, 11.0523509979, 3.09341287613], [247.01121521, -44.2501564026, 27.7909374237, 52.2296562195, 37.8569450378, 84.8952941895, 11.1991128922, 18.2762203217, -3.26844620705, 2.52334117889, -14.4554414749, 3.86910271645, -6.5847363472], [-337.875274658, -41.2534294128, -173.090133667, -156.143585205, 24.8448123932, 11.1991128922, 108.003265381, 60.9123840332, 43.4049377441, -9.63150596619, 11.3168258667, -14.8210926056, 8.05774879456], [-154.355789185, -139.897476196, -221.420379639, -169.789657593, 2.21933627129, 18.2762203217, 60.9123840332, 96.2051620483, 34.4062004089, 2.28048682213, -1.13095390797, -5.36253595352, -3.48202371597], [-218.123626709, 6.01977682114, -94.9954681396, -69.3087158203, 6.80533838272, -3.26844620705, 43.4049377441, 34.4062004089, 62.6266288757, 12.2331762314, 20.401714325, -4.08232212067, 5.38267946243], [-43.8237991333, 10.6998071671, 51.3402938843, 33.3043823242, 13.8548526764, 2.52334117889, -9.63150596619, 2.28048682213, 12.2331762314, 46.1863708496, 15.558257103, 14.9159431458, 2.95152330399], [-122.371383667, 53.3207015991, -8.72453689575, -6.46917772293, 2.46127605438, -14.4554414749, 11.3168258667, -1.13095390797, 20.401714325, 15.558257103, 47.4837417603, 15.5971727371, 9.98668003082], [-7.50396251678, -7.46945905685, 49.2391929626, 51.3429450989, 11.0523509979, 3.86910271645, -14.8210926056, -5.36253595352, -4.08232212067, 14.9159431458, 15.5971727371, 42.9824447632, 10.6871089935], [-19.5593662262, 31.7142353058, -12.1933431625, -11.6379108429, 3.09341287613, -6.5847363472, 8.05774879456, -3.48202371597, 5.38267946243, 2.95152330399, 9.98668003082, 10.6871089935, 36.715927124]],
        "icov": [[0.000585009169299, -0.00128501758445, 0.00106855237391, -0.00129702710547, 0.00219392729923, -0.00235739792697, 0.000801802205388, -0.00155813200399, 0.0019761249423, -0.000609831418842, 0.00132736738306, -0.00011477307271, -0.0001343220938], [-0.00128501758445, 0.00684544630349, -0.00286593986675, 0.00110625219531, -0.00675569707528, 0.00750923808664, -0.00222097756341, 0.00561141828075, -0.00608171895146, 0.00295800133608, -0.00769326835871, 0.00591516308486, -0.0032384833321], [0.00106855237391, -0.00286593986675, 0.00657379999757, -0.00610056240112, 0.000477366294945, -0.00221009319648, 0.00103664468043, -0.000267661933322, 0.00591069692746, -0.0040181982331, 0.00392897147685, 0.000138536837767, 0.000952229253016], [-0.00129702710547, 0.00110625219531, -0.00610056240112, 0.0113380905241, -0.00370354182087, -0.000696349656209, 0.00236103194766, 0.00637212814763, -0.00679829157889, 0.00229933927767, -0.00117261707783, -0.00572707271203, 0.00299243303016], [0.00219392729923, -0.00675569707528, 0.000477366294945, -0.00370354182087, 0.026439955458, -0.0149001674727, -0.00459003122523, -0.00944831687957, 0.00760857900605, -0.00467540184036, 0.00791365746409, -0.00564742600545, -4.80995477119e-05], [-0.00235739792697, 0.00750923808664, -0.00221009319648, -0.000696349656209, -0.0149001674727, 0.0299823991954, -0.00665793428198, 0.00173709634691, -0.00543537875637, 0.00166969199199, -0.00275314832106, 0.0032037331257, 4.0544593503e-05], [0.000801802205388, -0.00222097756341, 0.00103664468043, 0.00236103194766, -0.00459003122523, -0.00665793428198, 0.0278341025114, -0.00956626888365, -0.00612750183791, 0.00813634973019, -0.00438868394122, 0.00522811850533, -0.00446869852021], [-0.00155813200399, 0.00561141828075, -0.000267661933322, 0.00637212814763, -0.00944831687957, 0.00173709634691, -0.00956626888365, 0.0372159332037, -0.0126273101196, -0.00425071641803, 0.00182669283822, -0.00489039160311, 0.00610983557999], [0.0019761249423, -0.00608171895146, 0.00591069692746, -0.00679829157889, 0.00760857900605, -0.00543537875637, -0.00612750183791, -0.0126273101196, 0.0384763069451, -0.0116241462529, -0.00283944490366, 0.00433783465996, -0.000551222474314], [-0.000609831418842, 0.00295800133608, -0.0040181982331, 0.00229933927767, -0.00467540184036, 0.00166969199199, 0.00813634973019, -0.00425071641803, -0.0116241462529, 0.0343999229372, -0.0115425763652, -0.00273838127032, -0.00210547517054], [0.00132736738306, -0.00769326835871, 0.00392897147685, -0.00117261707783, 0.00791365746409, -0.00275314832106, -0.00438868394122, 0.00182669283822, -0.00283944490366, -0.0115425763652, 0.0445513986051, -0.0205726977438, 0.00347581366077], [-0.00011477307271, 0.00591516308486, 0.000138536837767, -0.00572707271203, -0.00564742600545, 0.0032037331257, 0.00522811850533, -0.00489039160311, 0.00433783465996, -0.00273838127032, -0.0205726977438, 0.0460492037237, -0.015724459663], [-0.0001343220938, -0.0032384833321, 0.000952229253016, 0.00299243303016, -4.80995477119e-05, 4.0544593503e-05, -0.00446869852021, 0.00610983557999, -0.000551222474314, -0.00210547517054, 0.00347581366077, -0.015724459663, 0.0366797745228]]
    },
    "melbands": {
        "max": [0.0112787559628, 0.0439786761999, 0.0189261510968, 0.00429051788524, 0.0040508355014, 0.00314722000621, 0.00209281872958, 0.000891707080882, 0.00219597434625, 0.00638362998143, 0.00447217607871, 0.00618767179549, 0.00201411591843, 0.00111374363769, 0.000688978296239, 0.000873154436704, 0.000749961473048, 0.000354847201379, 0.000490484409966, 0.000442639342509, 0.000229401834076, 0.000284767185804, 0.000193990097614, 0.000316565070534, 0.000123271107441, 0.000131300796056, 0.00010466096137, 9.02850952116e-05, 0.000110365028377, 9.46224317886e-05, 7.23624107195e-05, 5.55375409022e-05, 5.4803716921e-05, 3.34301184921e-05, 3.90192581108e-05, 1.96685123228e-05, 1.61414754984e-05, 1.08732183435e-05, 1.08138847281e-05, 1.05779563455e-05],
        "mean": [0.000549246033188, 0.00113377324305, 0.000526835618075, 0.00028890062822, 0.000160535986652, 0.000165281511727, 0.000116431510833, 7.4066396337e-05, 0.000170676445123, 0.000599521095864, 0.0006281362148, 0.00049785815645, 0.000268473639153, 0.000188274600077, 0.000138452465762, 0.000128848958411, 0.000113845926535, 8.54591635289e-05, 8.19818669697e-05, 5.79642510274e-05, 4.80257913296e-05, 3.74845985789e-05, 3.25336404785e-05, 2.9691369491e-05, 1.77218989847e-05, 1.25644546642e-05, 8.68963070388e-06, 5.94423227085e-06, 5.72134376853e-06, 5.16365344083e-06, 4.22472749051e-06, 4.00435465053e-06, 3.43598412655e-06, 2.2357414764e-06, 1.60214767675e-06, 9.3645405741e-07, 7.28696420538e-07, 5.40737971733e-07, 3.66558424503e-07, 2.74104081655e-07],
        "min": [3.72721663142e-23, 1.99138548078e-23, 1.79839334245e-23, 2.90246192392e-23, 1.4609713431e-23, 1.24804610964e-23, 1.58409091562e-23, 1.34584340487e-23, 1.578977677e-23, 2.82442590991e-23, 1.30811447547e-23, 1.32005648851e-23, 1.64057335643e-23, 4.05404217777e-24, 1.01550955742e-23, 7.64935542827e-24, 7.86231395166e-24, 1.14543991833e-23, 7.69898345667e-24, 3.3999593415e-24, 5.90792841391e-24, 8.76039028262e-24, 1.83942546912e-23, 1.0221639147e-23, 1.10791909044e-23, 1.57703455482e-23, 1.34390280705e-23, 9.48949891858e-24, 6.29916358543e-24, 8.11827643843e-24, 1.82060072356e-23, 2.29078170237e-23, 1.12043144992e-23, 8.6329072049e-24, 9.19398610146e-24, 1.43171706752e-23, 1.03813574479e-23, 8.62093150749e-24, 9.61334929184e-24, 1.05285928138e-23],
        "stdev": [0.00178600812797, 0.00464833993465, 0.00196796818636, 0.000674635055475, 0.00048088960466, 0.000433269131463, 0.000254868617048, 0.000107886975456, 0.000215170308365, 0.000691451015882, 0.000632021867204, 0.000688693660777, 0.000230590463616, 0.00013340752048, 0.000107173720608, 0.000128503423184, 8.53375095176e-05, 5.6613018387e-05, 6.45521431579e-05, 4.31600492448e-05, 3.37015480909e-05, 2.81929824268e-05, 2.65105918515e-05, 3.18830025208e-05, 1.43162997119e-05, 1.51780050146e-05, 1.12458910735e-05, 8.63071727508e-06, 1.04091586763e-05, 1.01258692666e-05, 7.49921400711e-06, 7.03443356542e-06, 6.35325204712e-06, 4.53628672403e-06, 3.88624221159e-06, 2.25213921112e-06, 1.71843180397e-06, 1.26081056351e-06, 9.43975237533e-07, 7.34298282623e-07]
    },
    "melbands128": {
        "max": [0.00082229176769, 0.00767726125196, 0.0201377980411, 0.0371275953948, 0.0612087957561, 0.0671149939299, 0.0301601011306, 0.0196890234947, 0.00510423257947, 0.00605021324009, 0.00654789432883, 0.00384511752054, 0.00605441862717, 0.00725521100685, 0.0047896746546, 0.00617088191211, 0.00417028879747, 0.00135278922971, 0.00309098418802, 0.000822353875265, 0.000868775881827, 0.00102318148129, 0.00167644419707, 0.00704302731901, 0.0112610142678, 0.00877821911126, 0.0106681976467, 0.00446928758174, 0.00469294888899, 0.00802887137979, 0.00888378638774, 0.00405828515068, 0.00267454329878, 0.00467376830056, 0.00124626292381, 0.00120035838336, 0.001325929421, 0.00101108523086, 0.00100930396002, 0.00190334231593, 0.00143089506309, 0.00109895353671, 0.00164949952159, 0.000605131441262, 0.000597192032728, 0.000512340455316, 0.000627777015325, 0.00112984655425, 0.000343362189597, 0.000330951268552, 0.000783611088991, 0.000421453936724, 0.000408131192671, 0.000365623971447, 0.000345667009242, 0.000583324173931, 0.000305033288896, 0.000294216006296, 0.000324693653965, 0.000542044697795, 0.000419033196522, 0.00052227237029, 0.000242280875682, 0.000102109886939, 0.000119729549624, 0.000261547305854, 0.000103124970337, 8.57600825839e-05, 0.000199972011615, 7.25134013919e-05, 0.000136738279252, 5.98443366471e-05, 0.000162285883562, 0.000165953839314, 0.000118220756121, 0.000125190854305, 0.000187481680769, 8.65539986989e-05, 8.97922727745e-05, 0.000114555485197, 0.000104250510049, 6.0320358898e-05, 7.56894805818e-05, 6.53649622109e-05, 4.97897708556e-05, 3.22735686495e-05, 3.65764863091e-05, 3.70607049263e-05, 5.48692842131e-05, 2.88330393232e-05, 3.00717492792e-05, 3.04939621856e-05, 2.17969554797e-05, 1.55909256137e-05, 2.81461416307e-05, 1.28085757751e-05, 1.12536909e-05, 1.74617762241e-05, 1.16014134619e-05, 1.05136223283e-05, 2.1364139684e-05, 6.52302878734e-06, 7.60737020755e-06, 7.39125380278e-06, 9.12263658392e-06, 8.17204818304e-06, 1.93781443159e-06, 2.67820865929e-07, 1.22390133583e-07, 1.1652036136e-07, 1.10620220539e-07, 1.05434970976e-07, 1.00536965419e-07, 9.61714974324e-08, 9.23060738955e-08, 8.86870452632e-08, 8.55085957596e-08, 8.26249362262e-08, 7.99114729944e-08, 7.75165034383e-08, 7.54366311639e-08, 7.35400718099e-08, 7.18564550084e-08, 7.04719909095e-08, 6.94241322208e-08, 6.85343692908e-08, 6.78473668358e-08, 6.74393163536e-08],
        "mean": [1.8444550733e-05, 0.000249254633673, 0.000786225136835, 0.00109677901492, 0.00131698301993, 0.00107470864896, 0.000671100337058, 0.000403781305067, 0.000219902925892, 0.000309474475216, 0.000365927262465, 9.23149782466e-05, 0.000136977629154, 0.000190485254279, 0.000158208116773, 0.000165935402038, 0.00013277749531, 8.47872797749e-05, 0.000140102056321, 6.33751624264e-05, 5.16425425303e-05, 6.888552889e-05, 0.000145400146721, 0.000313494325383, 0.000488657446112, 0.000787701457739, 0.000724967918359, 0.000612613628618, 0.000539419008419, 0.000521667767316, 0.000539991538972, 0.00034388244967, 0.000216685264604, 0.000254805519944, 0.000196270979359, 0.000172743239091, 0.000164790064446, 0.0001433534635, 0.000113354079076, 0.000125407343148, 0.000137900642585, 0.000124505764688, 0.000122103941976, 0.000107426203613, 8.28109841677e-05, 8.11597637949e-05, 8.4198807599e-05, 0.000103185702756, 6.85342020006e-05, 5.41046138096e-05, 6.01439787715e-05, 5.84831032029e-05, 4.97007094964e-05, 4.48356513516e-05, 4.05505597882e-05, 3.80134806619e-05, 3.38502613886e-05, 3.00081173918e-05, 3.33753923769e-05, 3.52185961674e-05, 2.96943471767e-05, 2.72404668067e-05, 1.89468664757e-05, 1.54696972459e-05, 1.39378262247e-05, 1.45528583744e-05, 1.02181238617e-05, 8.41414930619e-06, 1.00405568446e-05, 5.96202016823e-06, 6.24398307991e-06, 5.11977077622e-06, 6.28675479675e-06, 5.62230889045e-06, 5.49313517695e-06, 5.12790120411e-06, 5.50870572624e-06, 4.28957946497e-06, 3.74018554794e-06, 4.38650022261e-06, 4.24176778324e-06, 3.35294976139e-06, 4.5252468226e-06, 3.46410956809e-06, 2.69745100923e-06, 2.22765311264e-06, 2.22554263019e-06, 1.98397287932e-06, 1.67344160218e-06, 1.22330618524e-06, 9.58999862632e-07, 9.20846559893e-07, 7.91238676356e-07, 6.87461181315e-07, 7.46224088743e-07, 6.09354458447e-07, 4.77433786727e-07, 4.7375922918e-07, 3.60290528079e-07, 3.11804598141e-07, 3.16499495057e-07, 2.70854485507e-07, 2.28530637969e-07, 1.9697121445e-07, 1.92305435576e-07, 2.48469604003e-07, 5.02657222512e-08, 3.11699799305e-09, 2.29162175347e-10, 2.1698520758e-10, 2.0601505224e-10, 1.9645181315e-10, 1.87321907985e-10, 1.79256956501e-10, 1.72203779014e-10, 1.65447197609e-10, 1.59399368704e-10, 1.54047066769e-10, 1.49013648643e-10, 1.44564873961e-10, 1.40689931927e-10, 1.37165168113e-10, 1.34041555633e-10, 1.31462091213e-10, 1.29445079655e-10, 1.27665572558e-10, 1.26325797045e-10, 1.25558397013e-10],
        "min": [3.64912981477e-23, 5.74186483144e-23, 2.98273356974e-23, 1.35309335214e-23, 1.83217441745e-23, 2.52189948825e-23, 2.58514167816e-23, 1.14145364641e-23, 8.28554019389e-24, 4.53184623505e-23, 3.09753050193e-23, 1.41827834868e-23, 1.51194280163e-23, 5.90072335283e-24, 1.23115533548e-23, 1.28143559409e-23, 2.00870713077e-23, 9.79676418547e-24, 2.19857159339e-23, 1.79669760705e-23, 6.28030980979e-24, 7.8891438999e-24, 1.24022707812e-23, 3.29667149548e-23, 1.90344957796e-23, 4.23798355717e-23, 1.77744876987e-23, 4.38355411105e-24, 1.33147966774e-23, 9.29057975272e-24, 1.35840128162e-23, 2.07926143018e-23, 1.94801217272e-23, 1.25347946801e-23, 2.3148310737e-24, 1.12577353708e-24, 6.8505233212e-24, 8.92373418824e-24, 1.65261847359e-23, 7.09462843971e-24, 8.06204327767e-24, 3.7249992223e-24, 6.69424997588e-24, 9.66404780449e-24, 1.16729041877e-23, 1.61209042904e-23, 3.16560414934e-24, 1.5008616725e-23, 3.8411578073e-24, 1.70118051426e-24, 2.31130821811e-24, 7.20898171654e-24, 6.28937027172e-24, 5.48126194927e-24, 4.23660628491e-24, 3.87848828306e-24, 2.1524653556e-23, 1.0762689654e-23, 2.5450997297e-23, 1.78583862114e-23, 5.83824320256e-24, 6.46027698683e-24, 1.1867953202e-23, 1.27326283734e-23, 8.17483934306e-24, 2.15951193452e-23, 1.59948159188e-23, 1.03793387528e-23, 1.43202093674e-23, 1.48737514869e-23, 1.19118698775e-23, 4.41230375231e-24, 5.341234011e-24, 6.62617680178e-24, 7.91675482045e-24, 5.5574489522e-24, 8.15252246805e-24, 1.59087732821e-23, 2.23161776557e-23, 1.58432220964e-23, 2.9118294894e-23, 2.27159502743e-23, 1.29028093365e-23, 1.17156004954e-23, 8.13093055622e-24, 9.54759379108e-24, 8.81618010356e-24, 5.96631753153e-24, 9.46124192095e-24, 1.02096721271e-23, 1.34230962356e-23, 1.85163861365e-23, 1.25050388468e-23, 7.95327592492e-24, 1.21555916096e-23, 5.96969306735e-24, 8.16543296563e-24, 1.19815412837e-23, 7.24748049529e-24, 1.02002034296e-23, 1.06239613641e-23, 9.1922316748e-24, 1.41172796327e-23, 4.67939824975e-24, 7.98495105684e-24, 1.32287406301e-23, 8.00149031458e-24, 1.20667658716e-23, 7.97106079402e-24, 6.48143186973e-24, 8.3507537472e-24, 1.05032553904e-23, 1.14325130264e-23, 1.09821152591e-23, 1.04637358256e-23, 8.85851747948e-24, 1.4732016848e-23, 9.62781463426e-24, 1.02151996754e-23, 1.27859837696e-23, 8.4259093145e-24, 1.2096232193e-23, 8.56219923538e-24, 5.15783134471e-24, 6.97616125327e-24, 6.24320534268e-24, 8.56191761203e-24, 8.84487018582e-24],
        "stdev": [6.94513873896e-05, 0.000956353906076, 0.00275339721702, 0.0041352622211, 0.00598094658926, 0.00602224655449, 0.00290690083057, 0.00141783000436, 0.000644284475129, 0.000784508185461, 0.000903209438547, 0.000293710560072, 0.000586411741097, 0.000725469435565, 0.000536051695235, 0.000554652884603, 0.000404375750804, 0.000181972791324, 0.00037527421955, 0.000100161982118, 6.40694488538e-05, 9.28386943997e-05, 0.000176740402821, 0.00060745945666, 0.000781301350798, 0.0011244622292, 0.000983383739367, 0.00070206966484, 0.000760168186389, 0.000940453028306, 0.000885275367182, 0.000463662901893, 0.000247244402999, 0.000304146087728, 0.00017927843146, 0.000165372781339, 0.000169383376488, 0.000143254495924, 0.00012593306019, 0.000168216880411, 0.000191258019186, 0.000137470080517, 0.000131656008307, 9.7667951195e-05, 8.14755549072e-05, 7.05810525687e-05, 7.97384709585e-05, 0.000130923348479, 5.51981102035e-05, 4.86399367219e-05, 6.5836313297e-05, 5.15512510901e-05, 4.48171704193e-05, 4.34438552475e-05, 3.91988978663e-05, 4.05052269343e-05, 3.13229720632e-05, 2.89991367026e-05, 3.82516409445e-05, 5.13692939421e-05, 4.13791203755e-05, 4.47276288469e-05, 2.0688667064e-05, 1.40916881719e-05, 1.47196378748e-05, 2.55445593211e-05, 1.24935268104e-05, 1.05904573502e-05, 1.69963095686e-05, 7.36988477001e-06, 1.19455071399e-05, 6.74044031257e-06, 1.32245604618e-05, 1.26757022372e-05, 1.19590285976e-05, 9.69538723439e-06, 1.53930868692e-05, 7.99979261501e-06, 6.89991111358e-06, 9.06696186576e-06, 9.10641574592e-06, 6.11773702985e-06, 8.71445172379e-06, 6.79593722452e-06, 5.75860258323e-06, 4.45245586889e-06, 4.7481121328e-06, 4.83853727928e-06, 4.55089684692e-06, 2.86842941932e-06, 2.39365203925e-06, 2.51792130257e-06, 1.99992609851e-06, 1.67269968188e-06, 2.14770398088e-06, 1.47560922414e-06, 1.14074362045e-06, 1.3301017816e-06, 9.32758212002e-07, 8.44006535772e-07, 1.13668011181e-06, 6.60925763896e-07, 6.05188006375e-07, 5.46135311197e-07, 6.30165004623e-07, 9.14637894311e-07, 1.69169666719e-07, 1.51138390692e-08, 5.21372500728e-09, 4.96371477254e-09, 4.71237093791e-09, 4.49147785631e-09, 4.28282520559e-09, 4.09685574354e-09, 3.93218568817e-09, 3.77801701035e-09, 3.6426208716e-09, 3.51977780255e-09, 3.40418448985e-09, 3.30215943478e-09, 3.21355786426e-09, 3.13276538044e-09, 3.06104319669e-09, 3.00206570714e-09, 2.95743030065e-09, 2.91953217157e-09, 2.890268469e-09, 2.87288592915e-09]
    },
    "mfcc": {
        "mean": [-624.921508789, 100.749206543, -62.9611434937, -13.1611709595, -20.1075572968, 0.751096010208, -1.31666183472, 13.10505867, 7.3607134819, 3.24328255653, 0.595050156116, -4.45803070068, -4.92939567566],
        "cov": [[3600.77880859, -124.227973938, 633.997375488, 427.915588379, 255.10546875, 295.473815918, 4.34660100937, -10.363697052, -42.5005149841, -83.8793258667, -64.6579208374, -65.2929229736, -26.5739154816], [-124.227973938, 480.70513916, 201.086730957, 179.809799194, 67.2834777832, 51.4205818176, 12.9474554062, -33.9340858459, -12.2763595581, 19.8474655151, -28.8871803284, 10.6335124969, 45.0005569458], [633.997375488, 201.086730957, 1051.39880371, 705.036621094, 370.59375, 300.847106934, -10.2111701965, -109.826728821, -120.593467712, -63.5814476013, -110.49647522, -34.4479255676, 71.9969100952], [427.915588379, 179.809799194, 705.036621094, 564.442932129, 275.877227783, 222.682510376, -7.36135816574, -69.5952758789, -79.6162948608, -49.905872345, -67.8471450806, -17.52775383, 62.5926551819], [255.10546875, 67.2834777832, 370.59375, 275.877227783, 199.534713745, 140.2996521, 12.4209222794, -22.6903629303, -30.9422130585, -21.6832675934, -30.8134384155, -5.95519828796, 30.4944934845], [295.473815918, 51.4205818176, 300.847106934, 222.682510376, 140.2996521, 150.057250977, 18.6260280609, -13.1088218689, -18.7779407501, -17.3092594147, -25.0773887634, -5.36841154099, 22.2316894531], [4.34660100937, 12.9474554062, -10.2111701965, -7.36135816574, 12.4209222794, 18.6260280609, 53.2147254944, 25.5636367798, 17.3608570099, 7.53920841217, 5.28718662262, 0.616882801056, -4.87872266769], [-10.363697052, -33.9340858459, -109.826728821, -69.5952758789, -22.6903629303, -13.1088218689, 25.5636367798, 67.2513275146, 32.6751556396, 11.2085561752, 28.3593654633, 2.72947454453, -16.1444988251], [-42.5005149841, -12.2763595581, -120.593467712, -79.6162948608, -30.9422130585, -18.7779407501, 17.3608570099, 32.6751556396, 59.7602462769, 23.6257724762, 18.6201896667, 6.72519016266, -12.3366622925], [-83.8793258667, 19.8474655151, -63.5814476013, -49.905872345, -21.6832675934, -17.3092594147, 7.53920841217, 11.2085561752, 23.6257724762, 45.370765686, 19.7271366119, 4.74984741211, -1.42601048946], [-64.6579208374, -28.8871803284, -110.49647522, -67.8471450806, -30.8134384155, -25.0773887634, 5.28718662262, 28.3593654633, 18.6201896667, 19.7271366119, 54.8656234741, 14.7764949799, -6.00642633438], [-65.2929229736, 10.6335124969, -34.4479255676, -17.52775383, -5.95519828796, -5.36841154099, 0.616882801056, 2.72947454453, 6.72519016266, 4.74984741211, 14.7764949799, 34.4608001709, 15.1553058624], [-26.5739154816, 45.0005569458, 71.9969100952, 62.5926551819, 30.4944934845, 22.2316894531, -4.87872266769, -16.1444988251, -12.3366622925, -1.42601048946, -6.00642633438, 15.1553058624, 44.2724914551]],
        "icov": [[0.000365884858184, 0.000119111791719, -0.00012684011017, 2.06407876249e-05, 0.000159925708431, -0.000770134502091, 0.000262627814664, -0.000132024404593, -0.000177348294528, 0.000337836216204, -5.36683000973e-05, 0.000294794561341, 0.000386271538446], [0.000119111791719, 0.00293635344133, 0.00028297942481, -0.00195281079505, 0.000810420024209, 0.000608785718214, -0.00139861088246, 0.000494756211992, -0.000150028165081, -0.00263601285405, 0.00162018882111, -0.00103051273618, -0.00100419879891], [-0.00012684011017, 0.00028297942481, 0.00815043225884, -0.00699341436848, -0.00278412736952, -0.00243802787736, -0.000101170189737, 0.00211311248131, 0.00409405119717, -0.0031781909056, 0.003764803987, 0.000594103126787, 0.00151636265218], [2.06407876249e-05, -0.00195281079505, -0.00699341436848, 0.0152389863506, -0.00459551997483, -0.00331179052591, 0.00294756772928, -0.000292495649774, -0.000638217141386, 0.00537153054029, -0.00349502079189, 0.00298004713841, -0.00462736841291], [0.000159925708431, 0.000810420024209, -0.00278412736952, -0.00459551997483, 0.022089663893, -0.00880937278271, -0.00229662051424, -0.00175439147279, -0.00105447543319, -0.000119439224363, -0.000515132094733, -0.00144517910667, -0.00126015930437], [-0.000770134502091, 0.000608785718214, -0.00243802787736, -0.00331179052591, -0.00880937278271, 0.0264724455774, -0.00666819186881, -0.00102488242555, -0.00380606274121, 0.000554120750166, 0.000209470730624, -0.00189065316226, -0.00113518792205], [0.000262627814664, -0.00139861088246, -0.000101170189737, 0.00294756772928, -0.00229662051424, -0.00666819186881, 0.0279278606176, -0.00978793855757, -0.0022577799391, -0.00154766091146, 0.00255740457214, -1.87966543308e-05, 0.00168955547269], [-0.000132024404593, 0.000494756211992, 0.00211311248131, -0.000292495649774, -0.00175439147279, -0.00102488242555, -0.00978793855757, 0.0301221180707, -0.00903133954853, 0.00445152400061, -0.0112693011761, 0.00359729956836, 0.00289029930718], [-0.000177348294528, -0.000150028165081, 0.00409405119717, -0.000638217141386, -0.00105447543319, -0.00380606274121, -0.0022577799391, -0.00903133954853, 0.033088773489, -0.0133911538869, 0.00532570900396, -0.00554561708122, 0.00479574641213], [0.000337836216204, -0.00263601285405, -0.0031781909056, 0.00537153054029, -0.000119439224363, 0.000554120750166, -0.00154766091146, 0.00445152400061, -0.0133911538869, 0.0366459339857, -0.0135523527861, 0.0062393322587, -0.00481254607439], [-5.36683000973e-05, 0.00162018882111, 0.003764803987, -0.00349502079189, -0.000515132094733, 0.000209470730624, 0.00255740457214, -0.0112693011761, 0.00532570900396, -0.0135523527861, 0.0348639450967, -0.0137213217095, 0.00403633201495], [0.000294794561341, -0.00103051273618, 0.000594103126787, 0.00298004713841, -0.00144517910667, -0.00189065316226, -1.87966543308e-05, 0.00359729956836, -0.00554561708122, 0.0062393322587, -0.0137213217095, 0.0459113158286, -0.0196225922555], [0.000386271538446, -0.00100419879891, 0.00151636265218, -0.00462736841291, -0.00126015930437, -0.00113518792205, 0.00168955547269, 0.00289029930718, 0.00479574641213, -0.00481254607439, 0.00403633201495, -0.0196225922555, 0.0390405319631]]
    },
    "spectral_contrast_coeffs": {
        "max": [-0.468275099993, -0.599089622498, -0.616603970528, -0.735934019089, -0.702971816063, -0.579358279705],
        "mean": [-0.7713778615, -0.774582266808, -0.775105059147, -0.820258378983, -0.790426969528, -0.741113364697],
        "min": [-0.972333848476, -0.962940633297, -0.960514366627, -0.961367309093, -0.963168501854, -0.961228072643],
        "stdev": [0.064545340836, 0.0605517067015, 0.0453607849777, 0.0274554900825, 0.0281149893999, 0.029095781967]
    },
    "spectral_contrast_valleys": {
        "max": [-5.21944284439, -5.25603961945, -4.8250784874, -5.64961719513, -5.84757614136, -8.3095293045],
        "mean": [-7.96459245682, -6.63391017914, -6.09810686111, -6.49302577972, -7.03855800629, -10.252281189],
        "min": [-27.3002815247, -27.3065738678, -27.3024101257, -27.2038269043, -27.1832313538, -27.1576137543],
        "stdev": [1.44281792641, 1.07783949375, 1.12714779377, 1.0764529705, 1.05149924755, 1.02537405491]
    }
},
"rhythm": {
    "beats_count": 28,
    "beats_loudness": {
        "max": 0.16417491436,
        "mean": 0.0444876812398,
        "min": 0.0037089122925,
        "stdev": 0.0423177368939
    },
    "bpm": 123.271202087,
    "bpm_histogram_first_peak_bpm": 123,
    "bpm_histogram_first_peak_weight": 0.214285731316,
    "bpm_histogram_second_peak_bpm": 148,
    "bpm_histogram_second_peak_spread": 0.25,
    "bpm_histogram_second_peak_weight": 0.333333343267,
    "danceability": 1.02825903893,
    "onset_rate": 1.80259752274,
    "beats_loudness_band_ratio": {
        "max": [0.879552185535, 0.100483559072, 0.539030015469, 0.708887279034, 0.286371469498, 0.0520789027214],
        "mean": [0.209395453334, 0.0213736779988, 0.240075856447, 0.390960603952, 0.142026171088, 0.0269362870604],
        "min": [0.000776843400672, 0.000902546627913, 0.00927421357483, 0.026731133461, 0.0117026548833, 0.0074102403596],
        "stdev": [0.355283111334, 0.0288860537112, 0.154534742236, 0.221702545881, 0.0822458416224, 0.0141022913158]
    },
    "beats_position": [0.406349211931, 0.835918366909, 1.24226760864, 1.64861679077, 2.0549659729, 2.46131515503, 2.86766433716, 3.26240348816, 3.66875267029, 4.07510185242, 4.48145103455, 4.87619018555, 5.28253936768, 5.67727899551, 6.1648979187, 6.65251684189, 7.14013576508, 7.63936471939, 8.12698364258, 8.6146030426, 9.10222244263, 9.58984088898, 10.077460289, 10.5534696579, 11.0410881042, 11.5170974731, 12.0047159195, 12.4923353195],
