{
"metadata": {
    "version": {
        "essentia": "2.1-beta5",
        "essentia_git_sha": "Undefined",
        "extractor": "music 2.0"
    },
    "audio_properties": {
        "analysis": {
            "equal_loudness": 0,
            "length": 52.2448997498,
            "sample_rate": 44100,
            "start_time": 110.25995636,
            "downmix": "mix"
        },
        "bit_rate": 192000,
        "length": 201.131256104,
        "lossless": 0,
        "number_channels": 2,
        "replay_gain": -7.87937927246,
        "sample_rate": 48000,
        "codec": "mp3",
        "md5_encoded": "a2745aab4f5f538d9727072cab1655bc"
    },
    "tags": {
        "file_name": "Malta_Desire_Claudette Pace.mp3",
        "encoding": ["Lavf58.29.100"]
    }
},
"lowlevel": {
    "average_loudness": 0.966698884964,
    "barkbands_crest": {
        "max": 26.2655696869,
        "mean": 9.85901641846,
        "min": 2.49354529381,
        "stdev": 4.91112375259
    },
    "barkbands_flatness_db": {
        "max": 0.376393198967,
        "mean": 0.139411628246,
        "min": 0.0520255416632,
        "stdev": 0.0472253970802
    },
    "barkbands_kurtosis": {
        "max": 182.868270874,
        "mean": 3.68793416023,
        "min": -1.8632696867,
        "stdev": 13.55103302
    },
    "barkbands_skewness": {
        "max": 12.1669197083,
        "mean": 1.3284932375,
        "min": -1.96049296856,
        "stdev": 1.50662279129
    },
    "barkbands_spread": {
        "max": 100.794342041,
        "mean": 34.265335083,
        "min": 1.10653436184,
        "stdev": 17.3507766724
    },
    "dissonance": {
        "max": 0.499976217747,
        "mean": 0.472313344479,
        "min": 0.375794380903,
        "stdev": 0.0183033384383
    },
    "dynamic_complexity": 2.10680103302,
    "erbbands_crest": {
        "max": 28.9658737183,
        "mean": 7.97677087784,
        "min": 2.30321311951,
        "stdev": 3.88513374329
    },
    "erbbands_flatness_db": {
        "max": 0.326805263758,
        "mean": 0.145831018686,
        "min": 0.0789205133915,
        "stdev": 0.0367478728294
    },
    "erbbands_kurtosis": {
        "max": 17.7960128784,
        "mean": 0.0575924515724,
        "min": -1.73402357101,
        "stdev": 1.69692325592
    },
    "erbbands_skewness": {
        "max": 2.19533443451,
        "mean": 0.0744836032391,
        "min": -3.48298287392,
        "stdev": 0.713245272636
    },
    "erbbands_spread": {
        "max": 115.264137268,
        "mean": 48.9603614807,
        "min": 6.72461557388,
        "stdev": 22.7121715546
    },
    "hfc": {
        "max": 209.897079468,
        "mean": 31.0214214325,
        "min": 1.32737326622,
        "stdev": 23.0719928741
    },
    "loudness_ebu128": {
        "integrated": -15.3480129242,
        "loudness_range": 1.79408073425,
        "momentary": {
            "max": -12.6167106628,
            "mean": -15.5244121552,
            "min": -20.3387546539,
            "stdev": 1.27765059471
        },
        "short_term": {
            "max": -14.3601999283,
            "mean": -15.4073667526,
            "min": -17.008020401,
            "stdev": 0.613008439541
        }
    },
    "melbands_crest": {
        "max": 30.6655693054,
        "mean": 13.824180603,
        "min": 3.52804780006,
        "stdev": 5.61821651459
    },
    "melbands_flatness_db": {
        "max": 0.441015928984,
        "mean": 0.157174766064,
        "min": 0.0344782881439,
        "stdev": 0.0644246637821
    },
    "melbands_kurtosis": {
        "max": 334.536895752,
        "mean": 15.7719898224,
        "min": -1.83771431446,
        "stdev": 32.0409240723
    },
    "melbands_skewness": {
        "max": 14.4759883881,
        "mean": 2.78146767616,
        "min": -0.936189234257,
        "stdev": 2.03838515282
    },
    "melbands_spread": {
        "max": 202.336517334,
        "mean": 35.2966079712,
        "min": 0.756583511829,
        "stdev": 23.4862918854
    },
    "pitch_salience": {
        "max": 0.827033936977,
        "mean": 0.534751832485,
        "min": 0.0637652426958,
        "stdev": 0.133396655321
    },
    "silence_rate_20dB": {
        "max": 1,
        "mean": 1,
        "min": 1,
        "stdev": 0
    },
    "silence_rate_30dB": {
        "max": 1,
        "mean": 0.988005340099,
        "min": 0,
        "stdev": 0.108858458698
    },
    "silence_rate_60dB": {
        "max": 1,
        "mean": 0.00755219906569,
        "min": 0,
        "stdev": 0.08657553792
    },
    "spectral_centroid": {
        "max": 4542.17431641,
        "mean": 1789.47802734,
        "min": 246.280685425,
        "stdev": 654.247924805
    },
    "spectral_complexity": {
        "max": 49,
        "mean": 20.9924468994,
        "min": 4,
        "stdev": 8.6971654892
    },
    "spectral_decrease": {
        "max": -3.05321434801e-10,
        "mean": -7.08842717856e-09,
        "min": -4.33135092237e-08,
        "stdev": 5.39055955429e-09
    },
    "spectral_energy": {
        "max": 0.167094305158,
        "mean": 0.0295670963824,
        "min": 0.00127897178754,
        "stdev": 0.0208672098815
    },
    "spectral_energyband_high": {
        "max": 0.0296894721687,
        "mean": 0.00181878067087,
        "min": 2.23292045121e-05,
        "stdev": 0.0023432483431
    },
    "spectral_energyband_low": {
        "max": 0.159376084805,
        "mean": 0.0126928435639,
        "min": 1.59338942467e-05,
        "stdev": 0.018959145993
    },
    "spectral_energyband_middle_high": {
        "max": 0.0407857596874,
        "mean": 0.00755440723151,
        "min": 0.000241465095314,
        "stdev": 0.00754424696788
    },
    "spectral_energyband_middle_low": {
        "max": 0.0976208969951,
        "mean": 0.00822149496526,
        "min": 0.000324120133882,
        "stdev": 0.00748552614823
    },
    "spectral_entropy": {
        "max": 8.67757606506,
        "mean": 7.91978740692,
        "min": 6.83004665375,
        "stdev": 0.325472980738
    },
    "spectral_flux": {
        "max": 0.299930512905,
        "mean": 0.0967950820923,
        "min": 0.0177780706435,
        "stdev": 0.0427663438022
    },
    "spectral_kurtosis": {
        "max": 11.3656301498,
        "mean": 2.00712537766,
        "min": -0.958396911621,
        "stdev": 1.61003482342
    },
    "spectral_rms": {
        "max": 0.0127678830177,
        "mean": 0.0050911558792,
        "min": 0.00111703958828,
        "stdev": 0.00171057798434
    },
    "spectral_rolloff": {
        "max": 10422.0703125,
        "mean": 2389.19042969,
        "min": 86.1328125,
        "stdev": 2018.14489746
    },
    "spectral_skewness": {
        "max": 2.22378253937,
        "mean": 1.16005837917,
        "min": -0.0790631175041,
        "stdev": 0.305694133043
    },
    "spectral_spread": {
        "max": 11274226,
        "mean": 5666847,
        "min": 2184340,
        "stdev": 1583444.375
    },
    "spectral_strongpeak": {
        "max": 10.491853714,
        "mean": 1.09029519558,
        "min": 0.0228511113673,
        "stdev": 1.50644242764
    },
    "zerocrossingrate": {
        "max": 0.2607421875,
        "mean": 0.088335737586,
        "min": 0.005859375,
        "stdev": 0.0423817299306
    },
    "barkbands": {
        "max": [0.00261937500909, 0.131636679173, 0.0766942575574, 0.0290578082204, 0.0582056976855, 0.0316565260291, 0.0462463237345, 0.0163922645152, 0.0196267869323, 0.0271255020052, 0.0224210787565, 0.0329590514302, 0.0114665376022, 0.0187267903239, 0.0234857480973, 0.0225957147777, 0.0163723453879, 0.0117404544726, 0.00822853855789, 0.0108041865751, 0.00679010665044, 0.010306100361, 0.0128565030172, 0.00497495336458, 0.00392175326124, 3.33007301379e-05, 9.71250315729e-08],
        "mean": [0.000252920261119, 0.00902553182095, 0.00299284723587, 0.000794690742623, 0.00198059016839, 0.0021254287567, 0.00113333296031, 0.00081170455087, 0.000816390500404, 0.00139800005127, 0.00086385832401, 0.000851769524161, 0.000408115505707, 0.000744106306229, 0.000649337249342, 0.000723465578631, 0.000588612922002, 0.000755092885811, 0.000625493179541, 0.00034703471465, 0.000253525999142, 0.00034991488792, 0.000389085704228, 0.000363414117601, 0.000322281557601, 5.6226349443e-07, 9.83056969162e-10],
        "min": [1.02152469594e-07, 6.75752835377e-06, 6.36931986264e-07, 1.31602484998e-06, 1.27482053358e-05, 2.02543906198e-05, 5.70085876461e-06, 4.51528558187e-06, 3.54921439794e-06, 5.79900688535e-06, 4.15373415308e-06, 3.12356633003e-06, 3.68659016203e-06, 6.04954084338e-06, 3.09363804263e-06, 6.45415320832e-06, 8.09980519989e-06, 7.20885782357e-06, 8.48323361424e-06, 5.11474581799e-06, 4.11674409406e-06, 3.65274195246e-06, 4.07355992138e-06, 3.37444316756e-06, 2.0920138013e-06, 4.2218051971e-11, 2.52951184304e-11],
        "stdev": [0.000365365820471, 0.0156000778079, 0.0064973901026, 0.00159156718291, 0.00350562180392, 0.00289868400432, 0.00267471559346, 0.00131781585515, 0.00181405653711, 0.00278374436311, 0.00190546526574, 0.00239635724574, 0.000899891951121, 0.00149511464406, 0.00142892461736, 0.00166007841472, 0.00121281377506, 0.00114586518612, 0.000902069325093, 0.000488344579935, 0.00043004201143, 0.000556290498935, 0.000655006209854, 0.000485078227939, 0.000493214349262, 1.71597832832e-06, 2.68654831714e-09]
    },
    "erbbands": {
        "max": [2.8182246685, 35.4640884399, 87.319229126, 54.6486625671, 165.962799072, 279.712249756, 233.178634644, 345.300292969, 418.375396729, 1271.17810059, 422.983428955, 596.857788086, 938.161315918, 618.86340332, 1072.87280273, 1703.484375, 507.072692871, 1044.18945312, 1205.16125488, 955.923339844, 772.359436035, 810.495849609, 562.746032715, 490.769195557, 533.831848145, 644.108581543, 295.08380127, 266.612091064, 360.014862061, 503.646850586, 298.79385376, 186.920608521, 66.2381591797, 47.867351532, 29.2052326202, 1.81991326809, 0.0455894768238, 0.00292041269131, 0.000399780983571, 0.000186581120943],
        "mean": [0.21855135262, 2.13099646568, 4.04708385468, 2.9459836483, 4.91550588608, 6.1670498848, 9.65128707886, 18.2270965576, 18.0850009918, 19.660741806, 18.0385341644, 18.4999923706, 42.9910125732, 33.5683059692, 34.2173995972, 38.328704834, 20.6157894135, 37.1549415588, 29.5234546661, 49.2057342529, 31.6446304321, 32.5258674622, 36.9599266052, 34.6993026733, 31.0815677643, 17.7117958069, 10.5519285202, 10.6525421143, 12.2532396317, 11.2712182999, 11.2991914749, 8.7839050293, 5.43613052368, 3.96439218521, 2.08048081398, 0.134741351008, 0.00350400037132, 0.000242260313826, 5.0029684644e-05, 4.39096693299e-05],
        "min": [0.000230361692957, 0.0015732999891, 0.00517267081887, 0.0143010141328, 0.0207284260541, 0.0429991446435, 0.089999563992, 0.106846801937, 0.178513765335, 0.14767742157, 0.21392840147, 0.188642770052, 0.291988372803, 0.21780398488, 0.470538705587, 0.339550673962, 0.278170526028, 0.39974963665, 0.498538911343, 0.250577926636, 0.375072717667, 0.504299044609, 0.337979465723, 0.434269070625, 0.310827851295, 0.237963959575, 0.167214840651, 0.158662930131, 0.148170411587, 0.0882704854012, 0.127531826496, 0.0752828940749, 0.0517231635749, 0.0370643958449, 0.0115375537425, 0.000679399003275, 2.07991106436e-05, 1.91188792087e-06, 1.51306676344e-06, 1.8754286657e-06],
        "stdev": [0.30468967557, 4.07284879684, 8.24172878265, 5.07066726685, 9.77050971985, 14.3065690994, 18.0268154144, 27.0906887054, 29.6850795746, 54.4525947571, 29.0506572723, 42.8799171448, 82.7599945068, 63.1027450562, 72.6611633301, 110.390083313, 38.6504898071, 76.4081115723, 64.2559127808, 105.154541016, 61.3955841064, 62.5195426941, 51.9249229431, 48.2918205261, 48.3296508789, 26.2283039093, 16.3285331726, 17.6188907623, 19.6842517853, 20.1146450043, 18.4761257172, 12.5287246704, 7.27452945709, 5.9201374054, 3.34086537361, 0.218693569303, 0.005523736123, 0.00035949292942, 4.99736779602e-05, 2.65908693109e-05]
    },
    "gfcc": {
        "mean": [25.5638751984, 81.7578277588, -128.07598877, 57.8353919983, -74.4561233521, 33.9074630737, -44.4187698364, 19.6571617126, -17.6077060699, -0.648890018463, -1.04342162609, -5.63676071167, 1.55776906013],
        "cov": [[1498.04968262, -483.566619873, -172.571655273, -41.5013008118, -45.0876197815, 29.424993515, -117.528152466, 118.666267395, -89.5007019043, 26.2816181183, -86.6605148315, 22.0253486633, -45.3205375671], [-483.566619873, 752.71081543, -50.7006607056, 6.61323165894, 209.729385376, -54.4435386658, 174.357940674, -43.9112586975, 129.768692017, -85.672744751, 113.419929504, -86.0283508301, 19.458065033], [-172.571655273, -50.7006607056, 635.765258789, 166.502578735, -121.202804565, 97.7765045166, -67.0294723511, -39.2733192444, 29.5355205536, 59.7907295227, -53.6837043762, 47.3202896118, -24.4607086182], [-41.5013008118, 6.61323165894, 166.502578735, 263.725006104, 80.3764877319, -35.1307678223, -23.2202587128, 0.0563653185964, 98.5462265015, 8.63654708862, -9.33997821808, 7.57289075851, 18.6355037689], [-45.0876197815, 209.729385376, -121.202804565, 80.3764877319, 284.047790527, 24.2910118103, 87.6154174805, 49.424041748, 83.0528488159, -27.7481498718, 54.8748168945, -32.3227386475, 31.6077041626], [29.424993515, -54.4435386658, 97.7765045166, -35.1307678223, 24.2910118103, 230.795394897, 149.612411499, 20.8383846283, -38.5864601135, 16.876039505, -6.26349496841, 3.39391231537, -8.10102272034], [-117.528152466, 174.357940674, -67.0294723511, -23.2202587128, 87.6154174805, 149.612411499, 302.627227783, 50.9368171692, 18.0769252777, -9.41956806183, 59.3123626709, -30.9647426605, 10.8004970551], [118.666267395, -43.9112586975, -39.2733192444, 0.0563653185964, 49.424041748, 20.8383846283, 50.9368171692, 109.235527039, 39.049407959, 15.7772989273, -4.7063035965, 3.37335515022, 10.0889320374], [-89.5007019043, 129.768692017, 29.5355205536, 98.5462265015, 83.0528488159, -38.5864601135, 18.0769252777, 39.049407959, 163.142593384, 16.9887123108, 17.9005699158, -12.5595874786, 31.0285415649], [26.2816181183, -85.672744751, 59.7907295227, 8.63654708862, -27.7481498718, 16.876039505, -9.41956806183, 15.7772989273, 16.9887123108, 97.2950744629, 17.4019451141, 24.4149036407, 2.54705190659], [-86.6605148315, 113.419929504, -53.6837043762, -9.33997821808, 54.8748168945, -6.26349496841, 59.3123626709, -4.7063035965, 17.9005699158, 17.4019451141, 125.22177887, 17.3692798615, 5.91603899002], [22.0253486633, -86.0283508301, 47.3202896118, 7.57289075851, -32.3227386475, 3.39391231537, -30.9647426605, 3.37335515022, -12.5595874786, 24.4149036407, 17.3692798615, 77.0812835693, 20.1397857666], [-45.3205375671, 19.458065033, -24.4607086182, 18.6355037689, 31.6077041626, -8.10102272034, 10.8004970551, 10.0889320374, 31.0285415649, 2.54705190659, 5.91603899002, 20.1397857666, 61.1004104614]],
        "icov": [[0.00105220696423, 0.000156032969244, 0.000696394417901, -0.00063074164791, 0.000356002419721, -0.000927013927139, 0.000975829549134, -0.00148238101974, 0.000415063404944, -2.53982161666e-05, 2.27902346523e-05, 3.07829395751e-05, 0.000745069992263], [0.000156032969244, 0.00657394248992, -0.0037891746033, 0.00579729629681, -0.00588243221864, 0.00709345936775, -0.00621060002595, 0.0061892834492, -0.00423689186573, 0.00350399524905, -0.00108627672307, 0.00187309796456, 0.000289768882794], [0.000696394417901, -0.0037891746033, 0.00647007208318, -0.00678564608097, 0.00609104800969, -0.00841052737087, 0.00596426334232, -0.00408543087542, 0.0012727167923, -0.00234608538449, 0.000429444859037, -0.00183844636194, 0.00175318832044], [-0.00063074164791, 0.00579729629681, -0.00678564608097, 0.0138966320083, -0.00954601541162, 0.010685200803, -0.00805173814297, 0.00867006182671, -0.00657258508727, 0.00249457987957, 0.00201716087759, -0.00107501097955, 0.000470347498776], [0.000356002419721, -0.00588243221864, 0.00609104800969, -0.00954601541162, 0.0139855183661, -0.0113367429003, 0.00831212196499, -0.00938300509006, 0.00227019470185, -0.000169880979229, -0.00405682856217, 0.00271976855583, -0.00281998282298], [-0.000927013927139, 0.00709345936775, -0.00841052737087, 0.010685200803, -0.0113367429003, 0.0214023496956, -0.0153213366866, 0.00966462586075, -0.00177074316889, 0.000699074938893, 0.00412210030481, -0.00175511382986, 0.00129158585332], [0.000975829549134, -0.00621060002595, 0.00596426334232, -0.00805173814297, 0.00831212196499, -0.0153213366866, 0.0162066780031, -0.0110910814255, 0.00364441494457, -0.00088915345259, -0.00504484912381, 0.00370578677393, -0.00236632302403], [-0.00148238101974, 0.0061892834492, -0.00408543087542, 0.00867006182671, -0.00938300509006, 0.00966462586075, -0.0110910814255, 0.0225134249777, -0.00855883490294, 9.4438684755e-05, 0.00459851277992, -0.00384708493948, 0.00219321297482], [0.000415063404944, -0.00423689186573, 0.0012727167923, -0.00657258508727, 0.00227019470185, -0.00177074316889, 0.00364441494457, -0.00855883490294, 0.0153182568029, -0.00459352042526, -0.000723928620573, 0.0033278230112, -0.00508322147653], [-2.53982161666e-05, 0.00350399524905, -0.00234608538449, 0.00249457987957, -0.000169880979229, 0.000699074938893, -0.00088915345259, 9.4438684755e-05, -0.00459352042526, 0.0160167049617, -0.00503681693226, 6.25941902399e-05, -0.000380540412152], [2.27902346523e-05, -0.00108627672307, 0.000429444859037, 0.00201716087759, -0.00405682856217, 0.00412210030481, -0.00504484912381, 0.00459851277992, -0.000723928620573, -0.00503681693226, 0.0157068558037, -0.0090946322307, 0.0047516785562], [3.07829395751e-05, 0.00187309796456, -0.00183844636194, -0.00107501097955, 0.00271976855583, -0.00175511382986, 0.00370578677393, -0.00384708493948, 0.0033278230112, 6.25941902399e-05, -0.0090946322307, 0.0247714966536, -0.0116183944046], [0.000745069992263, 0.000289768882794, 0.00175318832044, 0.000470347498776, -0.00281998282298, 0.00129158585332, -0.00236632302403, 0.00219321297482, -0.00508322147653, -0.000380540412152, 0.0047516785562, -0.0116183944046, 0.0250382833183]]
    },
    "melbands": {
        "max": [0.0276949685067, 0.036062836647, 0.0108371758834, 0.0144135802984, 0.00658434722573, 0.00725131062791, 0.00663440488279, 0.0117609500885, 0.00306150643155, 0.00395961757749, 0.00484138494357, 0.00277285207994, 0.00314597319812, 0.00464879255742, 0.00223628478125, 0.00131798803341, 0.00194308010396, 0.00225520017557, 0.0021999666933, 0.00242577586323, 0.00113813462667, 0.0011752435239, 0.000602286483627, 0.000834317936096, 0.000421080796514, 0.00045391038293, 0.000398814125219, 0.000371624308173, 0.00015291791351, 0.000218368310016, 0.000148674851516, 0.000165090939845, 0.000288866227493, 0.000325666856952, 0.000195991146029, 0.000181013747351, 0.000111360139272, 4.76507302665e-05, 5.88477851124e-05, 4.17430710513e-05],
        "mean": [0.00228017172776, 0.00233998917975, 0.000571770011447, 0.000402580422815, 0.000318105245242, 0.000414703681599, 0.000280127860606, 0.000201637347345, 0.000141332347994, 0.000118117131933, 0.000218697328819, 0.00013794885308, 0.000118785916129, 0.000101811761851, 6.58057469991e-05, 4.596785584e-05, 7.14401394362e-05, 4.63992546429e-05, 5.21073161508e-05, 6.49098510621e-05, 3.30630100507e-05, 3.41529521393e-05, 3.21513762174e-05, 3.66813437722e-05, 2.66289171122e-05, 2.45203027589e-05, 1.68574169948e-05, 1.03207121356e-05, 6.36821368971e-06, 6.04695060247e-06, 6.19567754256e-06, 6.7925420808e-06, 6.9332786552e-06, 6.04798560744e-06, 6.70825920679e-06, 6.04178649155e-06, 5.04001945956e-06, 3.81461609322e-06, 3.44725231116e-06, 3.33173761646e-06],
        "min": [1.89804177353e-06, 1.81152347523e-06, 2.31599392464e-06, 1.43712895806e-06, 2.90633556688e-06, 3.01329578178e-06, 1.98762450054e-06, 1.59518481269e-06, 1.87672640095e-06, 6.31077057278e-07, 1.13861312911e-06, 7.46898933812e-07, 1.07864957499e-06, 6.11873588241e-07, 5.41875067483e-07, 4.6827915412e-07, 6.84284771069e-07, 6.52695007375e-07, 2.38121202756e-07, 5.15370459198e-07, 2.37267599346e-07, 4.32890999491e-07, 2.83552395786e-07, 2.91402386665e-07, 2.30645213151e-07, 1.50354523498e-07, 2.25161514322e-07, 1.38645546599e-07, 9.80097709657e-08, 7.23753643683e-08, 9.03308645661e-08, 7.52343183308e-08, 7.75584325652e-08, 4.46003731724e-08, 6.24886027367e-08, 5.36998463474e-08, 3.18271808908e-08, 3.69068651196e-08, 2.50544420766e-08, 2.21844551618e-08],
        "stdev": [0.00359468022361, 0.00429456308484, 0.000887690111995, 0.000796342617832, 0.00057674193522, 0.000596768921241, 0.000470944854897, 0.000513868348207, 0.000238773500314, 0.000278130260995, 0.000427911087172, 0.000279504660284, 0.000258309446508, 0.000286716036499, 0.000157740709255, 9.97164606815e-05, 0.00015263001842, 0.000111518835183, 0.000112971858471, 0.000155487359734, 7.5402254879e-05, 7.79180336394e-05, 5.5273554608e-05, 6.22665465926e-05, 3.90792483813e-05, 3.80545970984e-05, 2.66037932306e-05, 1.60516865435e-05, 9.46830823523e-06, 1.17878726087e-05, 9.95042319119e-06, 1.06583956949e-05, 1.24931220853e-05, 1.16318897199e-05, 1.18127300084e-05, 9.37906588661e-06, 7.29743214833e-06, 5.2359446272e-06, 5.02565671923e-06, 5.19730656379e-06]
    },
    "melbands128": {
        "max": [0.00255910051055, 0.0170868244022, 0.0492093525827, 0.0721732228994, 0.0496980771422, 0.0326055176556, 0.0109058059752, 0.0150585472584, 0.0228559616953, 0.0167354866862, 0.0195670202374, 0.0123432399705, 0.0118349529803, 0.0096741290763, 0.00754166767001, 0.0126476641744, 0.00703496206552, 0.0125516662374, 0.010801541619, 0.0243446752429, 0.00663580652326, 0.0049735410139, 0.00425382331014, 0.00458184396848, 0.00522435549647, 0.00582246342674, 0.00802255701274, 0.00892803259194, 0.00776069611311, 0.005027519539, 0.00457311375067, 0.00478259520605, 0.0044273561798, 0.00666538020596, 0.00384512171149, 0.00971923582256, 0.00901969987899, 0.0033080461435, 0.00304787326604, 0.00199603987858, 0.0018987612566, 0.0031942485366, 0.00442921416834, 0.00440690340474, 0.00206428463571, 0.00515854451805, 0.0030275080353, 0.00538629665971, 0.00253149261698, 0.00351137365215, 0.0054617356509, 0.00189526076429, 0.00152333208825, 0.00211025984026, 0.00215542712249, 0.00254438421689, 0.000916523684282, 0.00165176298469, 0.00143461336847, 0.000958982796874, 0.00189484003931, 0.00180207996164, 0.0010651841294, 0.000612117699347, 0.00106859591324, 0.000818188069388, 0.00102651049383, 0.000550599419512, 0.000260130007518, 0.00146786682308, 0.000333158503054, 0.000239536951995, 0.000109802371298, 0.000214101266465, 0.000269014708465, 0.000272845209111, 0.000327910354827, 0.000191419167095, 0.00014565497986, 0.000141116572195, 0.000174974280526, 0.000243317699642, 0.000315912649967, 0.000460087845568, 0.000183037409442, 0.000352183735231, 0.000438985589426, 0.000373132119421, 0.000208112804103, 0.000178550166311, 0.000292033015285, 0.000167134145158, 0.000108139851363, 0.000190847713384, 8.83188113221e-05, 7.23112243577e-05, 5.52613273612e-05, 5.80047635594e-05, 0.000114651746117, 5.29251738044e-05, 5.93560980633e-05, 4.44744364358e-05, 7.91570491856e-05, 4.91351165692e-05, 4.75070301036e-05, 3.7107445678e-05, 1.34134552354e-05, 1.3366359326e-06, 6.04600369769e-09, 1.94970506406e-09, 1.67072267132e-09, 1.41159262057e-09, 1.18864262877e-09, 1.0084625357e-09, 8.60952698023e-10, 7.4112027626e-10, 6.42635111792e-10, 5.6275362148e-10, 5.09520481362e-10, 4.54639270675e-10, 4.06644190543e-10, 3.73277547761e-10, 3.50412782124e-10, 3.23477050701e-10, 3.09962666645e-10, 2.95797442096e-10, 2.87340595762e-10, 2.81345419184e-10],
        "mean": [0.000236417647102, 0.00144566374365, 0.00325245806016, 0.00368321430869, 0.00255155749619, 0.00125943718012, 0.000565184804145, 0.000373807182768, 0.000557114661206, 0.000405995437177, 0.000317024387186, 0.000320583960274, 0.000368512468413, 0.000249520671787, 0.000315067212796, 0.000666419102345, 0.000371519185137, 0.000160146519192, 0.00020542817947, 0.000275096157566, 0.00014684528287, 0.000143144105095, 0.000163720338605, 0.000105082399386, 0.000110598070023, 0.000100282632047, 0.000184235264896, 0.000266308808932, 0.000225443640375, 0.000141060663736, 0.000103324178781, 0.00012747659639, 0.000143811586895, 9.82532947091e-05, 6.39478312223e-05, 0.000127512757899, 0.000127050792798, 5.06826836499e-05, 4.30415930168e-05, 3.39732578141e-05, 3.91915418732e-05, 7.28536906536e-05, 8.12687721918e-05, 6.9557740062e-05, 4.9607569963e-05, 4.1846469685e-05, 4.30611980846e-05, 3.61023412552e-05, 5.46377777937e-05, 0.000100978271803, 6.77414500387e-05, 3.13126438414e-05, 2.7032183425e-05, 3.5326302168e-05, 4.23682904511e-05, 3.29011163558e-05, 2.7793674235e-05, 3.36454941134e-05, 3.5836641473e-05, 2.57628817053e-05, 3.76034295186e-05, 4.61380659544e-05, 2.93110406346e-05, 2.10489397432e-05, 2.05482137972e-05, 2.33190294239e-05, 3.17770281981e-05, 1.71915289684e-05, 1.26763679873e-05, 1.65897727129e-05, 1.10584232971e-05, 6.85929126121e-06, 6.33125182503e-06, 6.54671384837e-06, 5.96585232415e-06, 6.25014945399e-06, 5.83608107263e-06, 6.33702302366e-06, 5.69335634282e-06, 6.69356404615e-06, 6.89874104864e-06, 6.27647295914e-06, 7.93481285655e-06, 7.26698408471e-06, 5.95151414018e-06, 5.69710209675e-06, 6.27872486803e-06, 6.22067273071e-06, 7.73881765781e-06, 5.66968401472e-06, 6.6926281761e-06, 5.58570854992e-06, 6.01317697146e-06, 5.34331911695e-06, 4.23182837039e-06, 4.23009714723e-06, 3.61472893928e-06, 3.38572704095e-06, 3.63302069672e-06, 3.18105753649e-06, 3.59599744115e-06, 2.88662317871e-06, 3.97795474782e-06, 2.79851678897e-06, 2.74486592389e-06, 2.19313210437e-06, 6.6396813736e-07, 2.98149771538e-08, 2.20784623223e-11, 8.36448792174e-12, 7.50651103776e-12, 7.1188996538e-12, 6.70773983233e-12, 6.31923940259e-12, 5.98870432411e-12, 5.69521686755e-12, 4.98282318184e-12, 4.75824327856e-12, 4.56967796936e-12, 4.39733015625e-12, 4.24707838342e-12, 4.13207575795e-12, 4.01842751782e-12, 3.92006609465e-12, 3.81165238261e-12, 3.68436184339e-12, 3.60776816408e-12, 3.57686211379e-12],
        "min": [1.9473541002e-08, 3.18370666719e-07, 1.68581379967e-06, 2.16697230826e-06, 9.03332136204e-07, 2.79153056226e-07, 1.20258178526e-07, 7.58270743972e-07, 6.62108277538e-07, 8.12528355709e-07, 3.39036944297e-07, 6.31907539628e-07, 4.47570641882e-07, 1.45090652381e-07, 8.30078136005e-07, 7.13148835985e-07, 8.01384544502e-07, 4.2289218527e-07, 2.83701979242e-07, 5.46499904885e-07, 6.20387993422e-07, 3.95762242533e-07, 5.825631888e-07, 2.98417376143e-07, 2.43771296482e-07, 2.1532994765e-07, 3.80125811716e-07, 6.02810871442e-07, 3.64622138704e-07, 1.21237150097e-07, 1.11957270121e-07, 2.18342634639e-07, 3.3508689512e-07, 4.4826094836e-07, 2.43892657181e-07, 1.64585415519e-07, 1.42515901302e-07, 1.1788299048e-07, 1.17401377508e-07, 1.6050813656e-07, 1.80987001386e-07, 2.41791468625e-07, 1.61129690923e-07, 3.06574662545e-07, 7.06278839857e-08, 7.816753822e-08, 1.78726324407e-07, 1.10009892751e-07, 1.85124491736e-07, 1.60386505854e-07, 1.65396755847e-07, 1.65667003671e-07, 1.3052455472e-07, 2.72418191116e-07, 1.62888113664e-07, 1.93032164475e-07, 1.46254180322e-07, 1.12329296087e-07, 2.12152656331e-07, 1.54643913675e-07, 1.34816929176e-07, 1.34076714176e-07, 1.20721196595e-07, 9.98646072503e-08, 1.0924856042e-07, 5.89308797316e-08, 8.75643735299e-08, 9.96140201437e-08, 1.23678105979e-07, 1.28473743644e-07, 1.07482534872e-07, 3.80251741205e-08, 8.96788350246e-08, 6.4078193418e-08, 4.34295799323e-08, 5.19843723623e-08, 2.83788263999e-08, 5.88364912346e-08, 3.93056112102e-08, 6.64662564986e-08, 4.80085446952e-08, 4.0470204965e-08, 8.42460465833e-08, 6.36458210579e-08, 1.34944242447e-08, 2.51612313207e-08, 5.83753489991e-08, 2.90066015651e-08, 3.77843321075e-08, 5.59633832609e-08, 3.33223155735e-08, 4.07213995857e-08, 5.51880638966e-08, 1.71890182088e-08, 3.07860084092e-08, 2.67696869116e-08, 2.14147757305e-08, 1.62729705266e-08, 1.28058790239e-08, 1.73956724581e-08, 1.7577663769e-08, 1.66237335009e-08, 1.27083028545e-08, 1.2394898441e-08, 1.23361010296e-08, 9.95576865392e-09, 3.9151515363e-10, 7.2814969115e-13, 1.56971969602e-13, 8.81295565496e-14, 9.93836225338e-14, 8.93511406899e-14, 7.25573572578e-14, 8.69957182464e-14, 9.04297117873e-14, 6.71928265523e-14, 7.92867358682e-14, 1.00903016682e-13, 7.51440264722e-14, 7.68098624526e-14, 7.31322283547e-14, 8.12705344645e-14, 9.7553624792e-14, 7.00650949477e-14, 5.41178633482e-14, 1.86611014456e-14, 3.12478564583e-15, 1.1672016075e-16],
        "stdev": [0.000344476546161, 0.00190596410539, 0.00585289066657, 0.00777257420123, 0.00544533086941, 0.00270567461848, 0.00110839959234, 0.000827144074719, 0.001229373971, 0.000979980337434, 0.000993349240161, 0.000757998670451, 0.000818633125164, 0.000610923976637, 0.000567300303373, 0.00112816656474, 0.000613476615399, 0.000599490536842, 0.000737282563932, 0.000957998097874, 0.00033214763971, 0.000298245693557, 0.000349200243363, 0.00032151301275, 0.000409957079682, 0.000345855456544, 0.000496920023579, 0.000665837083943, 0.000668634427711, 0.000395170529373, 0.000303391134366, 0.000364724284736, 0.000374817842385, 0.000359946192475, 0.000222005604883, 0.000498481327668, 0.000472409650683, 0.000168190905242, 0.000145556463394, 0.000106831110315, 0.000134486355819, 0.000221473732381, 0.000236614054302, 0.000230558944168, 0.000141322234413, 0.000181950003025, 0.000176412431756, 0.000158560826094, 0.000162612705026, 0.000312940188451, 0.000237579544773, 9.82271740213e-05, 8.86186026037e-05, 0.000108400468889, 0.000146091610077, 0.000122945319163, 6.94399714121e-05, 8.7191700004e-05, 8.29227938084e-05, 6.00955900154e-05, 8.78185601323e-05, 0.000132640896481, 5.88865805184e-05, 4.10346001445e-05, 4.99379457324e-05, 4.37408561993e-05, 7.44378849049e-05, 4.05552636948e-05, 2.35244260693e-05, 4.42575146735e-05, 1.97107729036e-05, 1.1810394426e-05, 8.65075980983e-06, 1.1647834981e-05, 1.2516681636e-05, 1.33256471599e-05, 1.42491089719e-05, 1.26106533571e-05, 9.42612768995e-06, 1.07552996269e-05, 1.18925345305e-05, 1.19434944281e-05, 1.46297488754e-05, 1.61237658176e-05, 1.02466692624e-05, 1.12670559247e-05, 1.36748058139e-05, 1.55317356985e-05, 1.3742765077e-05, 1.02707308542e-05, 1.18432226373e-05, 9.4246252047e-06, 8.80138941284e-06, 8.79236449691e-06, 6.52629159958e-06, 6.68440861773e-06, 5.13181157658e-06, 5.12056976731e-06, 6.33486115476e-06, 4.92182607559e-06, 5.75138528802e-06, 4.63902733827e-06, 7.31660065867e-06, 4.68171856483e-06, 4.66573055746e-06, 3.61403635907e-06, 1.20636684642e-06, 7.99189905365e-08, 1.46950285274e-10, 5.77494684018e-11, 4.77994692438e-11, 3.97540576846e-11, 3.35683911223e-11, 2.83680891278e-11, 2.47636217088e-11, 2.20087680719e-11, 1.75829316384e-11, 1.54590437673e-11, 1.38778225023e-11, 1.25097597212e-11, 1.13231056476e-11, 1.04974163043e-11, 9.87695255444e-12, 9.26174154731e-12, 8.91880579806e-12, 8.60052567359e-12, 8.40242892625e-12, 8.26767734136e-12]
    },
    "mfcc": {
        "mean": [-602.020446777, 88.1258392334, 11.7697200775, 19.4371833801, 8.63949871063, 3.78267741203, 1.37818980217, 9.29821968079, -1.69530117512, 4.60475349426, 2.51295638084, 0.672543346882, 3.1765165329],
        "cov": [[1597.72790527, -422.995880127, -275.505462646, -98.965461731, -3.77892708778, -132.88230896, -3.68981647491, 3.80480480194, -6.6028752327, 19.5417575836, 0.745583057404, -90.9914550781, -42.8852806091], [-422.995880127, 652.639953613, -140.204284668, 30.6833820343, 25.1917591095, 35.6789360046, 74.52003479, 65.4510650635, -8.81602668762, 53.9492340088, 56.4135398865, 25.5221595764, -10.7019376755], [-275.505462646, -140.204284668, 661.535888672, 24.8687572479, -11.1386241913, 109.31300354, -80.2945785522, -45.795539856, 21.2313289642, -69.4532623291, -12.9731578827, 71.1552581787, 11.3512535095], [-98.965461731, 30.6833820343, 24.8687572479, 286.881835938, 128.012451172, -18.4791202545, -94.3148803711, 1.86510527134, 33.8432121277, 15.0288476944, -7.26292514801, 42.1052970886, 48.4807357788], [-3.77892708778, 25.1917591095, -11.1386241913, 128.012451172, 221.332366943, -7.75648069382, -73.0548706055, 4.15550804138, 19.3580513, 19.4235954285, -16.3153095245, 3.80563282967, 30.0324020386], [-132.88230896, 35.6789360046, 109.31300354, -18.4791202545, -7.75648069382, 173.013153076, 97.8675231934, 41.2592124939, 38.0477409363, 16.2800598145, 19.4966754913, 18.5523300171, 2.46066594124], [-3.68981647491, 74.52003479, -80.2945785522, -94.3148803711, -73.0548706055, 97.8675231934, 243.701416016, 87.6526870728, 3.12364029884, 40.2125015259, 44.6903076172, -2.15122675896, -7.02255010605], [3.80480480194, 65.4510650635, -45.795539856, 1.86510527134, 4.15550804138, 41.2592124939, 87.6526870728, 125.451210022, 49.6667060852, 32.1273384094, 21.0064258575, 6.97503232956, 1.22552919388], [-6.6028752327, -8.81602668762, 21.2313289642, 33.8432121277, 19.3580513, 38.0477409363, 3.12364029884, 49.6667060852, 138.42515564, 50.508354187, 8.55694103241, 6.18747282028, 4.23121976852], [19.5417575836, 53.9492340088, -69.4532623291, 15.0288476944, 19.4235954285, 16.2800598145, 40.2125015259, 32.1273384094, 50.508354187, 106.546432495, 36.9423942566, -4.17204809189, -3.851334095], [0.745583057404, 56.4135398865, -12.9731578827, -7.26292514801, -16.3153095245, 19.4966754913, 44.6903076172, 21.0064258575, 8.55694103241, 36.9423942566, 80.5027008057, 29.3341426849, 0.344695866108], [-90.9914550781, 25.5221595764, 71.1552581787, 42.1052970886, 3.80563282967, 18.5523300171, -2.15122675896, 6.97503232956, 6.18747282028, -4.17204809189, 29.3341426849, 79.5177383423, 37.657283783], [-42.8852806091, -10.7019376755, 11.3512535095, 48.4807357788, 30.0324020386, 2.46066594124, -7.02255010605, 1.22552919388, 4.23121976852, -3.851334095, 0.344695866108, 37.657283783, 76.6593017578]],
        "icov": [[0.000991514883935, 0.000789565208834, 0.000394647882786, 0.000235018364037, -0.000273631419986, 0.000469975930173, 2.28172461902e-06, -0.000369748217054, 3.953471969e-05, -1.16366954899e-05, -0.000710932479706, 0.00043596510659, 0.000342344283126], [0.000789565208834, 0.00252667022869, 0.000782985589467, -4.8250243708e-05, -0.000407631421695, -0.000207280172617, 0.000119375508802, -0.00104207010008, 0.000830603006762, -0.00053054705495, -0.00109284557402, -0.000658071483485, 0.00115863361862], [0.000394647882786, 0.000782985589467, 0.00275106029585, 0.000192868654267, 0.000155820293003, -0.00227280450054, 0.00146534678061, 0.00024015600502, -0.000235916115344, 0.001063097734, -2.55625145655e-05, -0.00227163592353, 0.0011254963465], [0.000235018364037, -4.8250243708e-05, 0.000192868654267, 0.00597137073055, -0.00238513480872, 0.000115409391583, 0.00191463972442, -0.000825230730698, -0.000478668283904, -0.00091674545547, 0.000596861878876, -0.00240606255829, -0.00140132056549], [-0.000273631419986, -0.000407631421695, 0.000155820293003, -0.00238513480872, 0.0071775089018, -0.00159603718203, 0.00258494052105, -0.00137154350523, 0.000951544905547, -0.00172483921051, 0.000946913438383, 0.00168795965146, -0.00219920021482], [0.000469975930173, -0.000207280172617, -0.00227280450054, 0.000115409391583, -0.00159603718203, 0.0113702537492, -0.005993694067, 0.000798580236733, -0.00290699233301, 0.000489668222144, -1.80179267772e-05, -0.000200136957574, 0.000479450653074], [2.28172461902e-06, 0.000119375508802, 0.00146534678061, 0.00191463972442, 0.00258494052105, -0.005993694067, 0.0113331852481, -0.00607274798676, 0.00352688855492, -0.00236541940831, -0.00205580587499, 0.00101078860462, -0.00189569371287], [-0.000369748217054, -0.00104207010008, 0.00024015600502, -0.000825230730698, -0.00137154350523, 0.000798580236733, -0.00607274798676, 0.0144957257435, -0.00550304912031, 0.00140073813964, 0.000294143770589, -0.00148428301327, 0.000959562428761], [3.953471969e-05, 0.000830603006762, -0.000235916115344, -0.000478668283904, 0.000951544905547, -0.00290699233301, 0.00352688855492, -0.00550304912031, 0.0121737830341, -0.00615251297131, 0.00129637250211, -0.000149261511979, -0.000306223693769], [-1.16366954899e-05, -0.00053054705495, 0.001063097734, -0.00091674545547, -0.00172483921051, 0.000489668222144, -0.00236541940831, 0.00140073813964, -0.00615251297131, 0.0167999435216, -0.00735561642796, 0.00339971552603, 0.000309349794406], [-0.000710932479706, -0.00109284557402, -2.55625145655e-05, 0.000596861878876, 0.000946913438383, -1.80179267772e-05, -0.00205580587499, 0.000294143770589, 0.00129637250211, -0.00735561642796, 0.0217267349362, -0.0109735131264, 0.00336433970369], [0.00043596510659, -0.000658071483485, -0.00227163592353, -0.00240606255829, 0.00168795965146, -0.000200136957574, 0.00101078860462, -0.00148428301327, -0.000149261511979, 0.00339971552603, -0.0109735131264, 0.0262575764209, -0.0111986109987], [0.000342344283126, 0.00115863361862, 0.0011254963465, -0.00140132056549, -0.00219920021482, 0.000479450653074, -0.00189569371287, 0.000959562428761, -0.000306223693769, 0.000309349794406, 0.00336433970369, -0.0111986109987, 0.0202931407839]]
    },
    "spectral_contrast_coeffs": {
        "max": [-0.419869422913, -0.509715735912, -0.488763540983, -0.566917002201, -0.592844843864, -0.595587670803],
        "mean": [-0.737887263298, -0.743229568005, -0.757644951344, -0.779232859612, -0.780553817749, -0.789306938648],
        "min": [-0.892996072769, -0.904273688793, -0.922667741776, -0.902007818222, -0.875571250916, -0.872879624367],
        "stdev": [0.0750815942883, 0.0663871467113, 0.0697975382209, 0.0607775710523, 0.0467365756631, 0.0290129035711]
    },
    "spectral_contrast_valleys": {
        "max": [-5.18661022186, -4.90401935577, -5.40105724335, -6.00949764252, -5.90812969208, -7.50025987625],
        "mean": [-6.56355667114, -6.68459749222, -7.20578289032, -7.44190359116, -7.12973213196, -9.12517738342],
        "min": [-8.78609752655, -8.07416820526, -8.59258365631, -8.6680059433, -8.61411762238, -10.9345960617],
        "stdev": [0.548954963684, 0.466956287622, 0.543338239193, 0.460264861584, 0.492885768414, 0.674673855305]
    }
},
"rhythm": {
    "beats_count": 91,
    "beats_loudness": {
        "max": 0.102178387344,
        "mean": 0.0272829737514,
        "min": 0.00839446578175,
        "stdev": 0.0123980352655
    },
    "bpm": 105.946144104,
    "bpm_histogram_first_peak_bpm": 105,
    "bpm_histogram_first_peak_weight": 0.284090936184,
    "bpm_histogram_second_peak_bpm": 98,
    "bpm_histogram_second_peak_spread": 0,
    "bpm_histogram_second_peak_weight": 0.0222222227603,
    "danceability": 1.56889486313,
    "onset_rate": 5.56868457794,
    "beats_loudness_band_ratio": {
        "max": [0.873942613602, 0.679565012455, 0.526053667068, 0.679665088654, 0.749220371246, 0.64735776186],
        "mean": [0.300376355648, 0.156171858311, 0.144350424409, 0.155289039016, 0.125812470913, 0.172218054533],
        "min": [0.0114942658693, 0.00810658279806, 0.0162565279752, 0.00320136547089, 0.00966039672494, 0.0234854705632],
        "stdev": [0.214570716023, 0.128391042352, 0.117394424975, 0.151248410344, 0.139480441809, 0.103812336922]
    },
