{
"metadata": {
    "version": {
        "essentia": "2.1-beta5",
        "essentia_git_sha": "Undefined",
        "extractor": "music 2.0"
    },
    "audio_properties": {
        "analysis": {
            "equal_loudness": 0,
            "length": 12.7477550507,
            "sample_rate": 44100,
            "start_time": 0,
            "downmix": "mix"
        },
        "bit_rate": 192000,
        "length": 197.613433838,
        "lossless": 0,
        "number_channels": 2,
        "replay_gain": -5.53161048889,
        "sample_rate": 48000,
        "codec": "mp3",
        "md5_encoded": "502eab2ef56c8987fb04137f2ef58e2e"
    },
    "tags": {
        "file_name": "Switzerland_La Vita Cos_è_Jane Bogaert.mp3",
        "encoding": ["Lavf58.29.100"]
    }
},
"lowlevel": {
    "average_loudness": 0.82702177763,
    "barkbands_crest": {
        "max": 24.2868862152,
        "mean": 8.89374065399,
        "min": 3.36522364616,
        "stdev": 4.11423778534
    },
    "barkbands_flatness_db": {
        "max": 0.288579821587,
        "mean": 0.179667323828,
        "min": 0.0783975124359,
        "stdev": 0.0379123613238
    },
    "barkbands_kurtosis": {
        "max": 18.3496246338,
        "mean": 1.43751621246,
        "min": -1.15810763836,
        "stdev": 2.31373310089
    },
    "barkbands_skewness": {
        "max": 3.44576525688,
        "mean": 0.804272890091,
        "min": -2.01234579086,
        "stdev": 0.663583874702
    },
    "barkbands_spread": {
        "max": 41.4333343506,
        "mean": 11.2957344055,
        "min": 2.62220668793,
        "stdev": 4.63027858734
    },
    "dissonance": {
        "max": 0.499999970198,
        "mean": 0.472365170717,
        "min": 0.30074223876,
        "stdev": 0.0321149379015
    },
    "dynamic_complexity": 1.97309315205,
    "erbbands_crest": {
        "max": 30.1038665771,
        "mean": 9.6773443222,
        "min": 2.86272668839,
        "stdev": 5.27162694931
    },
    "erbbands_flatness_db": {
        "max": 0.347844064236,
        "mean": 0.246532648802,
        "min": 0.0923328027129,
        "stdev": 0.0342527218163
    },
    "erbbands_kurtosis": {
        "max": 18.2453250885,
        "mean": 0.872132599354,
        "min": -1.17457056046,
        "stdev": 1.96275210381
    },
    "erbbands_skewness": {
        "max": 3.62583255768,
        "mean": 0.625529050827,
        "min": -0.647250473499,
        "stdev": 0.555764019489
    },
    "erbbands_spread": {
        "max": 53.6271743774,
        "mean": 17.5938682556,
        "min": 4.37279701233,
        "stdev": 7.70353746414
    },
    "hfc": {
        "max": 84.2717971802,
        "mean": 25.7825298309,
        "min": 1.22798230951e-16,
        "stdev": 10.8425235748
    },
    "loudness_ebu128": {
        "integrated": -16.3306827545,
        "loudness_range": 3.46981143951,
        "momentary": {
            "max": -13.3190135956,
            "mean": -16.6954593658,
            "min": -20.6623668671,
            "stdev": 1.86992561817
        },
        "short_term": {
            "max": -14.9277057648,
            "mean": -16.6139526367,
            "min": -19.0240364075,
            "stdev": 1.20019304752
        }
    },
    "melbands_crest": {
        "max": 30.8923816681,
        "mean": 11.1636924744,
        "min": 2.84242200851,
        "stdev": 5.05371189117
    },
    "melbands_flatness_db": {
        "max": 0.354729384184,
        "mean": 0.183563277125,
        "min": 0.00756129622459,
        "stdev": 0.0674586594105
    },
    "melbands_kurtosis": {
        "max": 28.380147934,
        "mean": 3.38759684563,
        "min": -1.35976612568,
        "stdev": 4.134516716
    },
    "melbands_skewness": {
        "max": 4.77777242661,
        "mean": 1.1697781086,
        "min": -1.05252504349,
        "stdev": 0.840830683708
    },
    "melbands_spread": {
        "max": 130.939987183,
        "mean": 17.871881485,
        "min": 3.49675226212,
        "stdev": 9.12441730499
    },
    "pitch_salience": {
        "max": 0.860719799995,
        "mean": 0.652450025082,
        "min": 0.207590982318,
        "stdev": 0.146952554584
    },
    "silence_rate_20dB": {
        "max": 1,
        "mean": 1,
        "min": 1,
        "stdev": 0
    },
    "silence_rate_30dB": {
        "max": 1,
        "mean": 0.985454559326,
        "min": 0,
        "stdev": 0.119724310935
    },
    "silence_rate_60dB": {
        "max": 1,
        "mean": 0.00363636366092,
        "min": 0,
        "stdev": 0.0601926036179
    },
    "spectral_centroid": {
        "max": 11074.2851562,
        "mean": 1403.90734863,
        "min": 406.221710205,
        "stdev": 630.762451172
    },
    "spectral_complexity": {
        "max": 40,
        "mean": 26.5709095001,
        "min": 0,
        "stdev": 7.1438126564
    },
    "spectral_decrease": {
        "max": 4.12672349469e-29,
        "mean": -8.0209012765e-09,
        "min": -4.19807406615e-08,
        "stdev": 6.29901775184e-09
    },
    "spectral_energy": {
        "max": 0.163177967072,
        "mean": 0.0326112918556,
        "min": 1.09824002525e-20,
        "stdev": 0.0242444071919
    },
    "spectral_energyband_high": {
        "max": 0.00164949113969,
        "mean": 0.000266409973847,
        "min": 7.99998843701e-21,
        "stdev": 0.000221972368308
    },
    "spectral_energyband_low": {
        "max": 0.083011046052,
        "mean": 0.00689063966274,
        "min": 3.27191798691e-23,
        "stdev": 0.0150290150195
    },
    "spectral_energyband_middle_high": {
        "max": 0.0455571599305,
        "mean": 0.0122380498797,
        "min": 1.4759441629e-21,
        "stdev": 0.00747284246609
    },
    "spectral_energyband_middle_low": {
        "max": 0.0921746566892,
        "mean": 0.0147043643519,
        "min": 5.00858517233e-22,
        "stdev": 0.0146221294999
    },
    "spectral_entropy": {
        "max": 9.81564807892,
        "mean": 7.51925706863,
        "min": 6.36637306213,
        "stdev": 0.421976804733
    },
    "spectral_flux": {
        "max": 0.268168956041,
        "mean": 0.0854569673538,
        "min": 1.04796948897e-10,
        "stdev": 0.0275055300444
    },
    "spectral_kurtosis": {
        "max": 25.0486831665,
        "mean": 6.8819231987,
        "min": -1.13266539574,
        "stdev": 4.0860991478
    },
    "spectral_rms": {
        "max": 0.0126173691824,
        "mean": 0.0052930181846,
        "min": 3.27330675585e-12,
        "stdev": 0.00194931705482
    },
    "spectral_rolloff": {
        "max": 18798.4863281,
        "mean": 1603.83154297,
        "min": 172.265625,
        "stdev": 1163.31604004
    },
    "spectral_skewness": {
        "max": 3.93641901016,
        "mean": 1.80828356743,
        "min": -0.0394792482257,
        "stdev": 0.436897754669
    },
    "spectral_spread": {
        "max": 39420616,
        "mean": 2886947.25,
        "min": 1845328,
        "stdev": 1650868.125
    },
    "spectral_strongpeak": {
        "max": 7.75481033325,
        "mean": 1.69284451008,
        "min": 0,
        "stdev": 1.44574797153
    },
    "zerocrossingrate": {
        "max": 0.755859375,
        "mean": 0.0596502125263,
        "min": 0.01123046875,
        "stdev": 0.0436854884028
    },
    "barkbands": {
        "max": [0.00481186853722, 0.0559552013874, 0.0508068054914, 0.0210607387125, 0.0360421277583, 0.0157865453511, 0.0526553206146, 0.0275870040059, 0.0499660521746, 0.0384735614061, 0.0322813689709, 0.00801545847207, 0.0124712623656, 0.00637710187584, 0.00634574750438, 0.00551200425252, 0.0019802567549, 0.00190769089386, 0.00439637200907, 0.0011242426699, 0.000612316827755, 0.000434307032265, 0.000212147366256, 0.000132871806272, 0.000114854745334, 1.20986612728e-06, 1.24237465116e-06],
        "mean": [0.000244745169766, 0.003336496884, 0.00282067013904, 0.000978890457191, 0.00249817664735, 0.00137739395723, 0.00242326455191, 0.000590054958593, 0.00521705299616, 0.00320878857747, 0.00296885264106, 0.00119656871539, 0.00146948941983, 0.00111876882147, 0.00102614355274, 0.000711605476681, 0.000494367850479, 0.000331025075866, 0.000260417989921, 0.000139783966006, 8.68694405654e-05, 5.89797455177e-05, 2.80738713627e-05, 1.5108331354e-05, 9.69275060925e-06, 1.97251566192e-08, 3.51548812283e-09],
        "min": [1.38197327377e-24, 1.18632484356e-23, 1.82937538118e-23, 4.14350728746e-24, 3.83369802304e-23, 1.05399106012e-22, 6.67275162294e-23, 7.7651378055e-23, 1.9332818677e-22, 7.89108670654e-23, 5.66564635295e-23, 1.84166709626e-22, 1.81177116122e-22, 7.762132561e-23, 1.13976504231e-22, 1.5112604685e-22, 1.35282766378e-22, 1.93286875702e-22, 2.20202582596e-22, 3.33243523037e-22, 3.52336506542e-22, 4.24553074722e-22, 6.22019221904e-22, 9.58579545327e-22, 1.15926707228e-21, 1.69464124548e-21, 2.82836255302e-21],
        "stdev": [0.000671280315146, 0.00773917511106, 0.00782411079854, 0.00274771824479, 0.00573785370216, 0.00244716135785, 0.00731031596661, 0.00127121666446, 0.00679219793528, 0.00414886884391, 0.00493529578671, 0.00109034299385, 0.00138246419374, 0.00101490854286, 0.000894708617125, 0.000594652898144, 0.000325139524648, 0.000227655749768, 0.000379954988603, 0.000148375460412, 7.21535761841e-05, 5.26420153619e-05, 2.48533306149e-05, 1.52937100211e-05, 1.20897866509e-05, 6.05886967264e-08, 5.29310852926e-08]
    },
    "erbbands": {
        "max": [1.7900159359, 13.2705821991, 44.8351287842, 50.7517738342, 130.877883911, 216.332641602, 114.470283508, 161.805648804, 279.657531738, 898.43347168, 647.694641113, 1384.03991699, 1665.60583496, 815.745361328, 568.225463867, 358.193450928, 343.710327148, 293.130767822, 252.659759521, 490.214141846, 200.129776001, 108.823173523, 121.489807129, 190.171142578, 99.4070281982, 62.9381523132, 27.7895774841, 21.6590671539, 16.7320575714, 10.0653038025, 5.82409143448, 3.1014778614, 2.03563714027, 1.18696737289, 0.745694279671, 0.0589510537684, 0.00222447700799, 0.00077932944987, 0.00018930551596, 0.000180838469532],
        "mean": [0.0806337893009, 0.808986008167, 2.8913705349, 3.67568397522, 6.90847301483, 9.07491588593, 5.67358255386, 12.9030437469, 20.5879325867, 37.7072067261, 25.7942733765, 119.46245575, 136.753814697, 103.269302368, 77.7089157104, 52.1679763794, 61.5331459045, 67.0441360474, 52.330078125, 49.4084777832, 36.7911224365, 27.5328178406, 20.1103668213, 14.662062645, 10.8740987778, 6.69423246384, 4.02384757996, 3.11385536194, 2.22337603569, 1.43114924431, 0.700959801674, 0.381166666746, 0.221529498696, 0.127598002553, 0.0582372918725, 0.00344127998687, 0.000113152236736, 1.3608530935e-05, 1.89013535419e-05, 3.86968531529e-05],
        "min": [4.32555380719e-22, 2.43626783551e-21, 1.53153378987e-20, 2.1339408341e-20, 4.70561175432e-20, 1.66661758609e-19, 4.19309536429e-19, 9.04364732113e-19, 7.29212701223e-19, 1.48859112842e-18, 2.12778564099e-18, 4.95852260142e-18, 3.05902350665e-18, 2.26705204367e-18, 2.52712982917e-18, 7.65231402118e-18, 8.55041130919e-18, 4.79169226599e-18, 4.48381233327e-18, 1.01605258161e-17, 5.82441361228e-18, 7.28004469522e-18, 1.08148107914e-17, 1.04743639308e-17, 1.11985225068e-17, 1.60418858505e-17, 1.37830491579e-17, 1.66209172424e-17, 1.54150450736e-17, 1.6700137984e-17, 1.8871450696e-17, 1.73417257369e-17, 1.65207158917e-17, 1.15142176419e-17, 9.98653499174e-18, 5.856698058e-18, 3.2169829504e-18, 1.41742071531e-18, 3.91954285831e-19, 4.10425209523e-20],
        "stdev": [0.207934960723, 1.84795558453, 7.36628580093, 8.65470790863, 19.4014720917, 20.4492855072, 12.4348926544, 23.6056289673, 43.0167236328, 124.289222717, 39.058177948, 172.306838989, 158.769744873, 131.168807983, 92.7386779785, 45.3681564331, 49.0105628967, 52.297744751, 45.6571502686, 41.8996047974, 26.9343013763, 17.6056137085, 12.9920434952, 17.4947299957, 11.8778362274, 6.86665439606, 3.08927512169, 2.82940721512, 1.95154893398, 1.31783556938, 0.626660048962, 0.377467215061, 0.226674854755, 0.149217456579, 0.0784830376506, 0.00526433251798, 0.000160482697538, 3.40683800459e-05, 1.31218084789e-05, 2.64609825535e-05]
    },
    "gfcc": {
        "mean": [-22.2887763977, 108.844100952, -193.955596924, 13.6712207794, -70.7977523804, 19.0669136047, -27.6374454498, 8.91292572021, -9.68095111847, -10.2555341721, -5.73705816269, -14.5357732773, 6.00183057785],
        "cov": [[5390.66943359, 904.448852539, -376.995269775, 168.551574707, -181.038787842, -28.2310581207, -79.3781509399, -47.7999801636, -80.7778701782, -89.3659515381, 23.7337207794, -36.4595909119, 63.3094749451], [904.448852539, 2322.39306641, 1509.06762695, 612.75177002, 576.057189941, -387.534881592, 225.060958862, -247.651901245, 156.280029297, -190.788528442, 184.678756714, -11.7271127701, -49.1111030579], [-376.995269775, 1509.06762695, 1366.94812012, 531.682617188, 460.211456299, -259.166900635, 157.954742432, -181.623062134, 110.930374146, -80.465927124, 130.36038208, 16.9283809662, -40.7078056335], [168.551574707, 612.75177002, 531.682617188, 350.139709473, 175.913894653, -85.4625167847, 38.9036712646, -91.9517364502, 43.85779953, -5.36225175858, 60.813419342, 10.2140665054, -3.56297683716], [-181.038787842, 576.057189941, 460.211456299, 175.913894653, 223.780380249, -87.4295272827, 77.2340164185, -63.7436180115, 51.6492042542, -38.9633979797, 51.7730102539, -0.16492074728, -21.0988273621], [-28.2310581207, -387.534881592, -259.166900635, -85.4625167847, -87.4295272827, 140.084136963, -5.07818317413, 58.4273033142, -10.3541584015, 40.501247406, -25.3078975677, 9.43205356598, 17.5880584717], [-79.3781509399, 225.060958862, 157.954742432, 38.9036712646, 77.2340164185, -5.07818317413, 115.732543945, 16.271238327, 50.0651245117, -25.3251628876, 25.9355888367, -6.49840450287, -6.90662956238], [-47.7999801636, -247.651901245, -181.623062134, -91.9517364502, -63.7436180115, 58.4273033142, 16.271238327, 85.1107177734, 12.9954090118, 17.8024902344, -22.0761032104, -4.26143169403, 4.07278156281], [-80.7778701782, 156.280029297, 110.930374146, 43.85779953, 51.6492042542, -10.3541584015, 50.0651245117, 12.9954090118, 92.620010376, 25.1590919495, 23.8817596436, -21.0064716339, -22.1474971771], [-89.3659515381, -190.788528442, -80.465927124, -5.36225175858, -38.9633979797, 40.501247406, -25.3251628876, 17.8024902344, 25.1590919495, 92.8378067017, 12.2744674683, -4.69005537033, -10.8966550827], [23.7337207794, 184.678756714, 130.36038208, 60.813419342, 51.7730102539, -25.3078975677, 25.9355888367, -22.0761032104, 23.8817596436, 12.2744674683, 64.9255371094, 18.8210372925, -8.09193325043], [-36.4595909119, -11.7271127701, 16.9283809662, 10.2140665054, -0.16492074728, 9.43205356598, -6.49840450287, -4.26143169403, -21.0064716339, -4.69005537033, 18.8210372925, 55.3842315674, 27.2028522491], [63.3094749451, -49.1111030579, -40.7078056335, -3.56297683716, -21.0988273621, 17.5880584717, -6.90662956238, 4.07278156281, -22.1474971771, -10.8966550827, -8.09193325043, 27.2028522491, 46.8628883362]],
        "icov": [[0.000996547169052, -0.00318983430043, 0.00231671379879, -0.00124502636027, 0.0025272408966, -0.00178077246528, 0.000891576928552, -0.00194085796829, 0.00266929715872, -0.00201339297928, 0.000832807447296, 0.000270657823421, 0.000114913280413], [-0.00318983430043, 0.0139134405181, -0.00880235806108, 0.00267137167975, -0.00937591027468, 0.00829949695617, -0.00353874731809, 0.0084163127467, -0.011571389623, 0.0118214571849, -0.00706377392635, 0.00192887650337, -0.00220132339746], [0.00231671379879, -0.00880235806108, 0.0105609456077, -0.00590755743906, 0.00201525352895, -0.00154513772577, -0.00045656695147, -0.00393145158887, 0.00693115917966, -0.00735567277297, 0.0054590376094, -0.00381534709595, 0.00285456399433], [-0.00124502636027, 0.00267137167975, -0.00590755743906, 0.0107614956796, -0.00292670656927, -0.000884585548192, 0.00102968374267, 0.00484847277403, -0.00325423921458, -0.000992443645373, -0.00164095463697, 0.00137656123843, -0.00393838901073], [0.0025272408966, -0.00937591027468, 0.00201525352895, -0.00292670656927, 0.0246314741671, -0.00637852959335, -0.00127669877838, -0.00138098816387, 0.00462486268952, -0.00331056397408, 0.00188643240836, -0.000494769599754, 0.00373251037672], [-0.00178077246528, 0.00829949695617, -0.00154513772577, -0.000884585548192, -0.00637852959335, 0.0220000110567, -0.00893165916204, 0.00187267223373, -0.00459789531305, -0.000599664519541, 0.00176924443804, -0.0047953617759, -0.00213702954352], [0.000891576928552, -0.00353874731809, -0.00045656695147, 0.00102968374267, -0.00127669877838, -0.00893165916204, 0.0240669045597, -0.011911352165, -0.00376831390895, 0.00761634996161, -0.00907622464001, 0.00733163673431, -0.00370481936261], [-0.00194085796829, 0.0084163127467, -0.00393145158887, 0.00484847277403, -0.00138098816387, 0.00187267223373, -0.011911352165, 0.0340327247977, -0.0140512436628, 0.00417863717303, 0.00403456902131, -0.00468969112262, 0.000107718158688], [0.00266929715872, -0.011571389623, 0.00693115917966, -0.00325423921458, 0.00462486268952, -0.00459789531305, -0.00376831390895, -0.0140512436628, 0.0332948081195, -0.0184507705271, 0.00218286248855, 0.005978574045, 0.00286590936594], [-0.00201339297928, 0.0118214571849, -0.00735567277297, -0.000992443645373, -0.00331056397408, -0.000599664519541, 0.00761634996161, 0.00417863717303, -0.0184507705271, 0.0346250534058, -0.0180883891881, 0.00680254306644, 0.000396585324779], [0.000832807447296, -0.00706377392635, 0.0054590376094, -0.00164095463697, 0.00188643240836, 0.00176924443804, -0.00907622464001, 0.00403456902131, 0.00218286248855, -0.0180883891881, 0.0411620475352, -0.0242392215878, 0.0125901084393], [0.000270657823421, 0.00192887650337, -0.00381534709595, 0.00137656123843, -0.000494769599754, -0.0047953617759, 0.00733163673431, -0.00468969112262, 0.005978574045, 0.00680254306644, -0.0242392215878, 0.0435014665127, -0.0235185548663], [0.000114913280413, -0.00220132339746, 0.00285456399433, -0.00393838901073, 0.00373251037672, -0.00213702954352, -0.00370481936261, 0.000107718158688, 0.00286590936594, 0.000396585324779, 0.0125901084393, -0.0235185548663, 0.0402566231787]]
    },
    "melbands": {
        "max": [0.0154135907069, 0.0194780062884, 0.00750289112329, 0.00908273458481, 0.00356683018617, 0.00314681045711, 0.00685091363266, 0.00780435837805, 0.00542705086991, 0.00941685587168, 0.00824178103358, 0.00303605943918, 0.00311645609327, 0.000831822457258, 0.000962443416938, 0.00147834187374, 0.000545571034309, 0.00045826981659, 0.000588941387832, 0.00060643744655, 0.000229849887546, 0.000137621784233, 0.000140699499752, 8.69438954396e-05, 0.00017774173466, 0.00016449438408, 5.34856408194e-05, 4.50257175544e-05, 2.18949753616e-05, 1.3318508536e-05, 1.33633275254e-05, 1.15687325888e-05, 5.70815791434e-06, 5.34211540071e-06, 3.76569118998e-06, 2.22269545702e-06, 1.88652370525e-06, 1.57977353865e-06, 1.25897747694e-06, 1.0506481658e-06],
        "mean": [0.000836595369037, 0.00136915710755, 0.000729252409656, 0.000603299762588, 0.000225894254982, 0.000293950899504, 0.000382596481359, 0.000344733620295, 0.000245564093348, 0.000817041669507, 0.000672805821523, 0.000400817662012, 0.000341267732438, 0.000132180881337, 0.000129069376271, 0.000152747190441, 0.000119293930766, 8.09294651845e-05, 7.98359833425e-05, 5.45741531823e-05, 4.06254184782e-05, 3.01764775941e-05, 2.05106625799e-05, 1.51813237608e-05, 1.15737711894e-05, 9.65596700553e-06, 5.80999676458e-06, 4.08901178162e-06, 2.57970077655e-06, 2.03766967388e-06, 1.71896499523e-06, 1.32632089844e-06, 9.79810351964e-07, 7.13468921276e-07, 4.22289843982e-07, 2.81700749838e-07, 2.10653112731e-07, 1.62070250553e-07, 1.23526447737e-07, 1.02942500746e-07],
        "min": [3.37838951777e-24, 6.40950037695e-24, 4.43725384502e-24, 6.90641332748e-24, 1.40738339072e-23, 2.02761186682e-23, 1.22038896185e-23, 1.45297024249e-23, 1.93567139049e-23, 3.16624091787e-23, 1.48571175658e-23, 9.63064506718e-24, 6.75426572469e-24, 1.21335397918e-23, 3.14253596321e-23, 1.33553725269e-23, 8.41911879983e-24, 6.77629782091e-24, 1.08821642158e-23, 1.26981961726e-23, 6.04146166035e-24, 6.35605860049e-24, 1.07989599007e-23, 8.78760835044e-24, 8.08078187961e-24, 9.16693921646e-24, 6.17915338705e-24, 1.24311217911e-23, 8.54970683408e-24, 9.19928724674e-24, 1.01488343852e-23, 9.82312870578e-24, 6.74199735989e-24, 1.00090561214e-23, 1.02903378878e-23, 1.02507875574e-23, 1.09497482962e-23, 1.09849046713e-23, 1.20465323783e-23, 8.56677226205e-24],
        "stdev": [0.00198711501434, 0.00315079884604, 0.00154897442553, 0.00139863195363, 0.000468140788144, 0.000519596331287, 0.000938342593145, 0.00108949828427, 0.000418202514993, 0.00118668784853, 0.000810128112789, 0.00049663631944, 0.000496918568388, 0.000121254037367, 0.00011112451466, 0.000158690512762, 9.87321327557e-05, 7.58071037126e-05, 7.29895837139e-05, 4.99755551573e-05, 2.99733601423e-05, 2.04542611755e-05, 1.4630349142e-05, 1.10438413685e-05, 1.567651816e-05, 1.51250515046e-05, 6.182814559e-06, 4.46494323114e-06, 2.01920602194e-06, 1.74084357241e-06, 1.66900792919e-06, 1.2315396134e-06, 8.92576963452e-07, 6.69574262702e-07, 3.87201112062e-07, 2.85888773988e-07, 2.10783525745e-07, 1.68280351431e-07, 1.37333628913e-07, 1.27605218836e-07]
    },
    "melbands128": {
        "max": [0.00455025956035, 0.0146570159122, 0.0208726841956, 0.0259829405695, 0.0248820222914, 0.0252860337496, 0.011592223309, 0.0128304176033, 0.0174415782094, 0.0119834989309, 0.016690120101, 0.0029824085068, 0.0035836736206, 0.00729254120961, 0.0049979086034, 0.00519729359075, 0.00669592432678, 0.00414887350053, 0.0226406063884, 0.0114454990253, 0.00544674182311, 0.00512361805886, 0.00638424558565, 0.00942541193217, 0.0106833064929, 0.018699131906, 0.00949210021645, 0.0130244521424, 0.00353737850673, 0.00227838917635, 0.00430701859295, 0.0109140789136, 0.00287647568621, 0.00180874485523, 0.00133491645101, 0.000911819632165, 0.00168380665127, 0.00126241112594, 0.00100600207224, 0.00144463195466, 0.00339310872369, 0.00125925790053, 0.00102543900721, 0.00100475747604, 0.00101692439057, 0.000581646861974, 0.000665489642415, 0.000927778717596, 0.000834005011711, 0.000736165908165, 0.000646579719614, 0.000554917496629, 0.00024483379093, 0.000370092486264, 0.000221210837481, 0.000196315537323, 0.000114028254757, 0.00020413105085, 0.000143403711263, 0.000152395732584, 0.000108941436338, 0.000142484495882, 8.26955147204e-05, 0.00018569653912, 0.000654365110677, 0.000237907821429, 8.92379757715e-05, 6.31789152976e-05, 6.85068953317e-05, 5.08987031935e-05, 7.97395259724e-05, 2.24883697229e-05, 3.01881082123e-05, 2.97514925478e-05, 1.34434621941e-05, 2.27088476095e-05, 1.93048490473e-05, 2.40015888266e-05, 1.16869896374e-05, 1.27380653794e-05, 1.50172836584e-05, 1.07174691948e-05, 6.66890127832e-06, 7.4322765613e-06, 8.91680883797e-06, 8.64293997438e-06, 7.36734091333e-06, 6.25736811344e-06, 3.01885529552e-06, 3.22022060573e-06, 3.07162099489e-06, 2.76486525763e-06, 3.08623498313e-06, 1.69855127297e-06, 1.7279576241e-06, 2.17003503167e-06, 1.45646208694e-06, 1.36751464197e-06, 1.19799017284e-06, 1.9508152036e-06, 1.56365024395e-06, 1.33734135943e-06, 1.20676099868e-06, 9.82588630905e-07, 1.04949174329e-06, 1.35672701163e-06, 3.37664914696e-07, 1.76712102729e-08, 8.48110026652e-09, 8.00925281652e-09, 7.67547714275e-09, 7.29615612372e-09, 6.9822982951e-09, 6.72263267276e-09, 6.46189235454e-09, 6.22399998207e-09, 6.02751759615e-09, 5.85329251734e-09, 5.67475844093e-09, 5.518100199e-09, 5.3568185443e-09, 5.22824317173e-09, 5.14835551968e-09, 5.03314323552e-09, 4.95393992495e-09, 4.90289719934e-09, 4.85003148754e-09, 4.82361528498e-09],
        "mean": [0.000231241501751, 0.000590501411352, 0.00101674173493, 0.00144236092456, 0.00148274982348, 0.00139514298644, 0.000731657142751, 0.000482052942971, 0.000764193537179, 0.000667072308715, 0.00054852257017, 0.000185273311217, 0.000141793643706, 0.000258191663306, 0.000271272030659, 0.000332604191499, 0.000320958351949, 0.000184187665582, 0.00078671152005, 0.000462343421532, 9.96363378363e-05, 9.7360687505e-05, 0.00021455224487, 0.000446833349997, 0.000698387273587, 0.00117143976968, 0.000670713547152, 0.000797706132289, 0.000465328485006, 0.000212057522731, 0.00039646809455, 0.000722379947547, 0.000284898211248, 0.000161559946719, 0.00012197207252, 0.000122717727209, 0.00015111216635, 0.000135297930683, 0.000110649663839, 0.000114753478556, 0.000201660572202, 0.000148791572428, 0.000121272547403, 0.000102721547591, 8.31010547699e-05, 7.17169314157e-05, 8.50223295856e-05, 8.79181534401e-05, 7.75078806328e-05, 5.74129699089e-05, 5.33789643669e-05, 5.01233880641e-05, 4.02783043683e-05, 3.62401005987e-05, 3.96060895582e-05, 2.89270246867e-05, 2.43878348556e-05, 2.10905327549e-05, 1.83691572602e-05, 2.07119410334e-05, 1.53761448018e-05, 1.10669825517e-05, 1.10390747068e-05, 1.06435918497e-05, 1.47184355228e-05, 9.50972753344e-06, 7.26110829419e-06, 6.63771106701e-06, 5.4249690038e-06, 4.39377663497e-06, 5.0314984037e-06, 3.24152688336e-06, 2.7734579362e-06, 2.59787952928e-06, 2.14923420572e-06, 2.13073121813e-06, 1.91914182324e-06, 1.84186944807e-06, 1.75773436695e-06, 1.55845577865e-06, 1.38131804306e-06, 1.2820343045e-06, 1.02008834801e-06, 1.00313070561e-06, 8.84354278696e-07, 7.89941850599e-07, 6.71885857173e-07, 5.21793594999e-07, 4.06950050547e-07, 3.55220265646e-07, 3.00580609292e-07, 2.64815270157e-07, 2.41099684217e-07, 2.19956305614e-07, 1.81483059691e-07, 1.76804149987e-07, 1.63377563922e-07, 1.32425583388e-07, 1.27212359757e-07, 1.20766642908e-07, 9.77475025365e-08, 1.07530695459e-07, 9.60457526844e-08, 8.94809062402e-08, 7.55896749638e-08, 5.71923060022e-08, 1.29849029307e-08, 7.4029382624e-10, 2.37254608321e-11, 2.23115293602e-11, 2.13880892164e-11, 2.04249898245e-11, 1.96074302627e-11, 1.89176938004e-11, 1.82596108372e-11, 1.77335472695e-11, 1.71634702978e-11, 1.65990814843e-11, 1.60868523363e-11, 1.55916789896e-11, 1.51576407675e-11, 1.48092146185e-11, 1.45745603086e-11, 1.42634090303e-11, 1.39823248466e-11, 1.3717327621e-11, 1.35184502481e-11, 1.34359893003e-11],
        "min": [9.5308350328e-25, 3.99948337427e-24, 3.47422467927e-24, 3.92057559008e-24, 6.2713716213e-24, 9.96536427129e-24, 4.11766775408e-24, 2.33920963668e-24, 5.23158628948e-24, 4.52665032381e-24, 9.99854139439e-24, 1.18079871514e-23, 8.89061386313e-24, 2.78001461867e-23, 1.9550623804e-23, 2.0892719173e-23, 9.82843931739e-24, 9.35862847212e-24, 1.45141476655e-23, 2.23469179874e-23, 1.01631766653e-23, 4.78086863913e-24, 3.02909492514e-23, 1.71169879114e-23, 3.71433895046e-23, 3.86116710639e-23, 1.3656143102e-23, 1.01894638773e-23, 1.99515528928e-23, 9.13171105501e-24, 8.72320259069e-24, 5.17291791509e-24, 4.18128938609e-24, 1.10473840327e-23, 8.58048582002e-24, 8.98166103337e-24, 1.77973488877e-23, 5.0660745152e-23, 2.57388463305e-23, 1.21889485929e-23, 9.84446344896e-24, 1.70906052473e-23, 3.71251392075e-24, 7.76871008323e-24, 1.0159242616e-23, 2.4416507194e-24, 8.44463135037e-24, 9.1187792582e-24, 9.51588394927e-24, 2.40584116747e-23, 1.08913299907e-23, 5.64730178703e-24, 5.45048099118e-24, 6.65107167423e-24, 6.04860755686e-24, 4.35196930369e-24, 7.09686880469e-24, 1.46360692739e-23, 8.07455540048e-24, 1.26603079722e-23, 6.12693631715e-24, 8.93045764974e-24, 1.01588608073e-23, 7.32151903555e-24, 6.27837710057e-24, 1.11155100605e-23, 1.00250881416e-23, 5.20791651801e-24, 5.25642120849e-24, 5.17202058581e-24, 1.79961733903e-23, 8.38756751907e-24, 1.73727997258e-23, 4.92916068424e-24, 2.90011340612e-24, 1.62417719806e-23, 5.1624785243e-24, 9.37346931233e-24, 1.05034762715e-23, 1.1482372191e-23, 1.27995955645e-23, 8.13486223897e-24, 5.4260973006e-24, 5.85863999012e-24, 6.75998259967e-24, 1.42086565468e-23, 7.13281877386e-24, 1.10600752269e-23, 5.88678773051e-24, 1.80510781093e-23, 7.20013069718e-24, 1.045236834e-23, 9.23554802711e-24, 1.39088641593e-23, 6.38400597021e-24, 1.43867844947e-23, 7.461253912e-24, 1.54180087135e-23, 1.04111377359e-23, 1.39885296444e-23, 8.63718440872e-24, 7.17881725324e-24, 8.82786628901e-24, 8.02493447182e-24, 1.50181698305e-23, 1.32476109718e-23, 7.35986161985e-24, 1.08915847928e-23, 8.03899276202e-24, 1.30872016288e-23, 9.09031479015e-24, 9.51059858121e-24, 1.02145086333e-23, 1.10749413107e-23, 1.15845628104e-23, 8.56066490092e-24, 1.30003330547e-23, 1.17191196039e-23, 1.08416704079e-23, 1.29328389045e-23, 1.18400661801e-23, 1.29441921907e-23, 1.16850802558e-23, 1.60623629227e-23, 7.93570641483e-24, 1.18635395252e-23, 1.09981078363e-23, 1.22376970414e-23],
        "stdev": [0.000637860037386, 0.00171259639319, 0.00250795693137, 0.00339991110377, 0.00363344000652, 0.0039017056115, 0.00186757650226, 0.00141900475137, 0.00254994421266, 0.00181083707139, 0.00144683092367, 0.000426344980951, 0.00038137298543, 0.000686268496793, 0.000621776038315, 0.000709681713488, 0.000880029343534, 0.000431634602137, 0.0029768620152, 0.00160555506591, 0.00025592543534, 0.000236574414885, 0.0004219339462, 0.000987463397905, 0.00134815438651, 0.00219005299732, 0.00101680110674, 0.00132820173167, 0.000661263300572, 0.000293084536679, 0.00061896268744, 0.00155926658772, 0.000398439617129, 0.000245949777309, 0.000139324693009, 0.000140986740007, 0.000178595044417, 0.00014321996423, 0.000120055206935, 0.000143853307236, 0.000335556833306, 0.000155530404299, 0.0001467661059, 0.000113895701361, 0.000102035934106, 8.05049785413e-05, 9.99288458843e-05, 0.000106821353256, 8.43597881612e-05, 6.22013758402e-05, 6.3068298914e-05, 5.31160585524e-05, 4.0457569412e-05, 3.63450089935e-05, 3.6317287595e-05, 2.61508976109e-05, 2.08707151614e-05, 2.094392039e-05, 1.74675005837e-05, 1.90044083865e-05, 1.47889040818e-05, 1.31235119625e-05, 1.11313565867e-05, 1.56096793944e-05, 4.49925428256e-05, 1.79152211786e-05, 9.1044448709e-06, 8.4451157818e-06, 7.21960805095e-06, 5.01013255416e-06, 7.31944419385e-06, 3.39079110745e-06, 2.4128264613e-06, 2.51994151768e-06, 1.97496297005e-06, 2.11457745536e-06, 1.96476594283e-06, 2.11830888475e-06, 1.86922045486e-06, 1.70310556769e-06, 1.52787788466e-06, 1.28123303966e-06, 9.21707851376e-07, 1.06118079657e-06, 1.02686783521e-06, 8.38354651478e-07, 6.96046356552e-07, 6.20746959612e-07, 3.74759594024e-07, 3.46060033962e-07, 3.24923973949e-07, 3.21909368495e-07, 2.91500356298e-07, 2.18952379782e-07, 1.88209540397e-07, 2.00270847017e-07, 1.8390883838e-07, 1.47667122974e-07, 1.47685753404e-07, 1.63121725905e-07, 1.29726515752e-07, 1.46979360238e-07, 1.21722749213e-07, 1.16172913067e-07, 1.09715898589e-07, 1.0477729262e-07, 2.45561366796e-08, 1.34882538472e-09, 3.61302654461e-10, 3.41216305211e-10, 3.26998178535e-10, 3.10841435924e-10, 2.97475100108e-10, 2.86410978267e-10, 2.75306027975e-10, 2.65173938363e-10, 2.56804189025e-10, 2.4937749088e-10, 2.41770686804e-10, 2.35095415357e-10, 2.28225716103e-10, 2.22748361423e-10, 2.19342932706e-10, 2.1443648246e-10, 2.11064832278e-10, 2.08894665454e-10, 2.06645367484e-10, 2.05520253593e-10]
    },
    "mfcc": {
        "mean": [-632.545532227, 126.208267212, -56.4319190979, -6.817902565, -16.8586025238, -0.335923671722, -4.79068994522, 7.98804950714, 4.75509548187, 4.7188410759, 0.473708719015, -3.02196145058, -3.46842765808],
        "cov": [[2002.83630371, 24.9831867218, -219.668685913, -94.6444244385, -97.7917404175, -20.9043045044, 10.6669044495, -21.578338623, -5.47970342636, -10.9805278778, -45.1141433716, -62.116973877, 14.8030633926], [24.9831867218, 1957.078125, 977.317504883, 1009.79608154, 402.113037109, 156.971038818, 50.2088699341, 132.378952026, -101.583496094, 12.4401426315, -47.0386123657, 73.5618057251, 56.6638565063], [-219.668685913, 977.317504883, 759.913085938, 670.812316895, 269.856201172, 146.812606812, 28.8967456818, 43.8451576233, -65.3198013306, 7.22762823105, -19.1721591949, 48.1524429321, 60.8914489746], [-94.6444244385, 1009.79608154, 670.812316895, 712.20526123, 274.618133545, 135.137191772, 23.6823158264, 33.7633209229, -72.9370498657, 4.40980052948, -29.1878356934, 43.4235076904, 64.8424530029], [-97.7917404175, 402.113037109, 269.856201172, 274.618133545, 157.024597168, 66.4836349487, 4.05232191086, 5.73295354843, -29.3153438568, -5.7284579277, -14.6179323196, 29.3064918518, 26.4820613861], [-20.9043045044, 156.971038818, 146.812606812, 135.137191772, 66.4836349487, 88.8509216309, 17.4293994904, 1.20894277096, -3.8050570488, 6.36425065994, 5.7564907074, 16.3853359222, 27.0706653595], [10.6669044495, 50.2088699341, 28.8967456818, 23.6823158264, 4.05232191086, 17.4293994904, 51.8083000183, 31.3095932007, 1.44385588169, -1.28113305569, -5.04571199417, -5.70025920868, 5.79109430313], [-21.578338623, 132.378952026, 43.8451576233, 33.7633209229, 5.73295354843, 1.20894277096, 31.3095932007, 89.5235443115, 19.6792297363, 3.41683506966, -0.431305974722, -3.31691908836, -7.98508834839], [-5.47970342636, -101.583496094, -65.3198013306, -72.9370498657, -29.3153438568, -3.8050570488, 1.44385588169, 19.6792297363, 60.8242454529, 25.0489807129, 17.3515090942, -7.26463842392, -11.6166324615], [-10.9805278778, 12.4401426315, 7.22762823105, 4.40980052948, -5.7284579277, 6.36425065994, -1.28113305569, 3.41683506966, 25.0489807129, 70.5483016968, 47.7183647156, 5.10142040253, -5.18410158157], [-45.1141433716, -47.0386123657, -19.1721591949, -29.1878356934, -14.6179323196, 5.7564907074, -5.04571199417, -0.431305974722, 17.3515090942, 47.7183647156, 79.2035293579, 28.6347560883, 1.17370331287], [-62.116973877, 73.5618057251, 48.1524429321, 43.4235076904, 29.3064918518, 16.3853359222, -5.70025920868, -3.31691908836, -7.26463842392, 5.10142040253, 28.6347560883, 58.0857391357, 19.9091396332], [14.8030633926, 56.6638565063, 60.8914489746, 64.8424530029, 26.4820613861, 27.0706653595, 5.79109430313, -7.98508834839, -11.6166324615, -5.18410158157, 1.17370331287, 19.9091396332, 49.5495567322]],
        "icov": [[0.000635631789919, -0.000400615594117, 0.000647971057333, -0.000150889711222, 0.000775425229222, -0.000494175415952, -5.72864155401e-06, 0.000404492748203, 2.74011017609e-05, -3.25555811287e-05, 0.000182434596354, 0.000684802478645, -0.000685641658492], [-0.000400615594117, 0.0028662411496, -0.00075588026084, -0.00284366332926, -0.0014719532337, 0.00139885710087, 3.64206935046e-05, -0.00294022052549, 0.00120883528143, -0.00128120626323, 0.00108442269266, -0.00207665958442, 0.00199458375573], [0.000647971057333, -0.00075588026084, 0.0092194750905, -0.00669723702595, -0.000326337816659, -0.00334889814258, 0.000177323177923, -0.000863640103489, 0.00073017628165, 5.62107888982e-05, -0.000472179817734, 0.000421509466833, -3.17066587741e-05], [-0.000150889711222, -0.00284366332926, -0.00669723702595, 0.0145779438317, -0.00594704831019, -0.000725971010979, 0.000549176824279, 0.00142038636841, 0.00227532722056, -0.00201491406187, 0.00058358052047, 0.00325652444735, -0.00480988854542], [0.000775425229222, -0.0014719532337, -0.000326337816659, -0.00594704831019, 0.0255139023066, -0.00730124022812, 0.00267403339967, 0.00246220314875, -0.00101992022246, 0.00161798961926, 0.00414854008704, -0.00612598005682, 0.0023656708654], [-0.000494175415952, 0.00139885710087, -0.00334889814258, -0.000725971010979, -0.00730124022812, 0.0237889718264, -0.00812968425453, 0.00341842346825, -0.00548497587442, 0.00084841233911, -0.00335011328571, 3.22100459016e-05, -0.00511083286256], [-5.72864155401e-06, 3.64206935046e-05, 0.000177323177923, 0.000549176824279, 0.00267403339967, -0.00812968425453, 0.0294839385897, -0.0118889594451, 0.00460651796311, -0.00129238050431, 0.0016184989363, 0.00379218743183, -0.00394331337884], [0.000404492748203, -0.00294022052549, -0.000863640103489, 0.00142038636841, 0.00246220314875, 0.00341842346825, -0.0118889594451, 0.0217177849263, -0.0101863574237, 0.00449959887192, -0.00229420792311, 0.000411811022786, 0.00212146993726], [2.74011017609e-05, 0.00120883528143, 0.00073017628165, 0.00227532722056, -0.00101992022246, -0.00548497587442, 0.00460651796311, -0.0101863574237, 0.0286319814622, -0.0110335825011, 0.00209907651879, 0.00126343942247, 0.0010971626034], [-3.25555811287e-05, -0.00128120626323, 5.62107888982e-05, -0.00201491406187, 0.00161798961926, 0.00084841233911, -0.00129238050431, 0.00449959887192, -0.0110335825011, 0.0320374891162, -0.0210182908922, 0.00768444687128, 0.00176589807961], [0.000182434596354, 0.00108442269266, -0.000472179817734, 0.00058358052047, 0.00414854008704, -0.00335011328571, 0.0016184989363, -0.00229420792311, 0.00209907651879, -0.0210182908922, 0.0329514741898, -0.0171588137746, 0.00198313617148], [0.000684802478645, -0.00207665958442, 0.000421509466833, 0.00325652444735, -0.00612598005682, 3.22100459016e-05, 0.00379218743183, 0.000411811022786, 0.00126343942247, 0.00768444687128, -0.0171588137746, 0.0331731848419, -0.0115521783009], [-0.000685641658492, 0.00199458375573, -3.17066587741e-05, -0.00480988854542, 0.0023656708654, -0.00511083286256, -0.00394331337884, 0.00212146993726, 0.0010971626034, 0.00176589807961, 0.00198313617148, -0.0115521783009, 0.0318063944578]]
    },
    "spectral_contrast_coeffs": {
        "max": [-0.508719027042, -0.493879407644, -0.528781294823, -0.67061573267, -0.706969499588, -0.658718287945],
        "mean": [-0.742111325264, -0.759297013283, -0.750346779823, -0.808595001698, -0.791413545609, -0.748073875904],
        "min": [-0.975084245205, -0.978376746178, -0.970211565495, -0.963482201099, -0.963335692883, -0.958300948143],
        "stdev": [0.0678005516529, 0.0730245485902, 0.0741652920842, 0.0377104356885, 0.0304977558553, 0.0246301777661]
    },
    "spectral_contrast_valleys": {
        "max": [-4.76287269592, -4.77056980133, -5.07657337189, -5.31609582901, -6.3186173439, -9.22029209137],
        "mean": [-7.67368173599, -6.40045261383, -6.35963535309, -6.62924528122, -7.28378486633, -10.6027193069],
        "min": [-26.5884647369, -27.0771141052, -26.8004589081, -27.320224762, -27.3308105469, -27.2201480865],
        "stdev": [1.49147677422, 1.0714609623, 1.16464400291, 1.1347271204, 1.05204117298, 1.00017392635]
    }
},
"rhythm": {
    "beats_count": 31,
    "beats_loudness": {
        "max": 0.129481598735,
        "mean": 0.0348193570971,
        "min": 0.00650792848319,
        "stdev": 0.0261470340192
    },
    "bpm": 147.118881226,
    "bpm_histogram_first_peak_bpm": 148,
    "bpm_histogram_first_peak_weight": 0.318181812763,
    "bpm_histogram_second_peak_bpm": 161,
    "bpm_histogram_second_peak_spread": 0.33333337307,
    "bpm_histogram_second_peak_weight": 0.133333340287,
    "danceability": 0.752815008163,
    "onset_rate": 1.09723329544,
    "beats_loudness_band_ratio": {
        "max": [0.639081716537, 0.469878047705, 0.831677734852, 0.626791357994, 0.329832524061, 0.184245914221],
        "mean": [0.117587596178, 0.0826499089599, 0.305644273758, 0.351464897394, 0.150442868471, 0.0313321612775],
        "min": [0.00116047670599, 0.00286865746602, 0.0658644065261, 0.0129834804684, 0.00594233628362, 0.00130315124989],
        "stdev": [0.191843941808, 0.128214880824, 0.166093617678, 0.179731607437, 0.0958905443549, 0.038478564471]
    },
    "beats_position": [0.371519267559, 0.743038535118, 1.11455774307, 1.48607707024, 1.8575963974, 2.21750569344, 2.60063481331, 2.94893407822, 3.36689329147, 3.7732424736, 4.17959165573, 4.5627207756, 4.96907043457, 5.36380958557, 5.75854873657, 6.17650794983, 6.58285713196, 6.98920631409, 7.39555549622, 7.80190467834, 8.2198638916, 8.62621307373, 9.03256225586, 9.43891143799, 9.84526062012, 10.2632198334, 10.6811790466, 11.0875282288, 11.4938774109, 11.900226593, 12.3065757751],
