{
"metadata": {
    "version": {
        "essentia": "2.1-beta5",
        "essentia_git_sha": "Undefined",
        "extractor": "music 2.0"
    },
    "audio_properties": {
        "analysis": {
            "equal_loudness": 0,
            "length": 30.5458507538,
            "sample_rate": 44100,
            "start_time": 175.240997314,
            "downmix": "mix"
        },
        "bit_rate": 192000,
        "length": 205.810089111,
        "lossless": 0,
        "number_channels": 2,
        "replay_gain": -6.61703872681,
        "sample_rate": 48000,
        "codec": "mp3",
        "md5_encoded": "8e22a2e9f9951a329d8f6bbf873fe3e0"
    },
    "tags": {
        "file_name": "Denmark_Fly On The Wings Of Love_Olsen brothers.mp3",
        "encoding": ["Lavf58.29.100"]
    }
},
"lowlevel": {
    "average_loudness": 0.937872588634,
    "barkbands_crest": {
        "max": 22.0040950775,
        "mean": 8.85788631439,
        "min": 3.09219741821,
        "stdev": 3.2757806778
    },
    "barkbands_flatness_db": {
        "max": 0.275084167719,
        "mean": 0.161072686315,
        "min": 0.0373969078064,
        "stdev": 0.0412882678211
    },
    "barkbands_kurtosis": {
        "max": 14.5819911957,
        "mean": 1.20959079266,
        "min": -1.82994759083,
        "stdev": 2.16500258446
    },
    "barkbands_skewness": {
        "max": 3.08974766731,
        "mean": 0.779696822166,
        "min": -0.89131718874,
        "stdev": 0.664113342762
    },
    "barkbands_spread": {
        "max": 83.6564331055,
        "mean": 16.8053894043,
        "min": 3.26017999649,
        "stdev": 11.5235872269
    },
    "dissonance": {
        "max": 0.500000059605,
        "mean": 0.481271982193,
        "min": 0.376931190491,
        "stdev": 0.01851654239
    },
    "dynamic_complexity": 1.36096978188,
    "erbbands_crest": {
        "max": 27.1551418304,
        "mean": 9.92441177368,
        "min": 2.49711227417,
        "stdev": 4.1702041626
    },
    "erbbands_flatness_db": {
        "max": 0.353110283613,
        "mean": 0.233015686274,
        "min": 0.0874372273684,
        "stdev": 0.0594176836312
    },
    "erbbands_kurtosis": {
        "max": 15.1129589081,
        "mean": 0.784220933914,
        "min": -1.4312568903,
        "stdev": 2.08329606056
    },
    "erbbands_skewness": {
        "max": 2.96926236153,
        "mean": 0.678256571293,
        "min": -1.72344183922,
        "stdev": 0.701876401901
    },
    "erbbands_spread": {
        "max": 88.873664856,
        "mean": 21.8118476868,
        "min": 4.51135873795,
        "stdev": 13.2344303131
    },
    "hfc": {
        "max": 110.639068604,
        "mean": 30.3986778259,
        "min": 0.000301036023302,
        "stdev": 15.2378969193
    },
    "loudness_ebu128": {
        "integrated": -15.8531608582,
        "loudness_range": 2.34656143188,
        "momentary": {
            "max": -13.5776185989,
            "mean": -15.9964609146,
            "min": -19.6988716125,
            "stdev": 1.14988124371
        },
        "short_term": {
            "max": -14.6606416702,
            "mean": -15.9196958542,
            "min": -17.6592712402,
            "stdev": 0.827313065529
        }
    },
    "melbands_crest": {
        "max": 26.1913433075,
        "mean": 11.3375835419,
        "min": 3.81484675407,
        "stdev": 3.81993436813
    },
    "melbands_flatness_db": {
        "max": 0.244464069605,
        "mean": 0.153483688831,
        "min": 0.0345076657832,
        "stdev": 0.0330433398485
    },
    "melbands_kurtosis": {
        "max": 38.4537124634,
        "mean": 3.91726326942,
        "min": -1.29395186901,
        "stdev": 4.40707588196
    },
    "melbands_skewness": {
        "max": 5.32788848877,
        "mean": 1.25263357162,
        "min": -1.179225564,
        "stdev": 0.931347191334
    },
    "melbands_spread": {
        "max": 135.068328857,
        "mean": 24.40716362,
        "min": 5.61280584335,
        "stdev": 13.7358026505
    },
    "pitch_salience": {
        "max": 0.86958783865,
        "mean": 0.657860040665,
        "min": 0.283542484045,
        "stdev": 0.098851673305
    },
    "silence_rate_20dB": {
        "max": 1,
        "mean": 1,
        "min": 1,
        "stdev": 0
    },
    "silence_rate_30dB": {
        "max": 1,
        "mean": 1,
        "min": 1,
        "stdev": 0
    },
    "silence_rate_60dB": {
        "max": 1,
        "mean": 0.00075930141611,
        "min": 0,
        "stdev": 0.0275449622422
    },
    "spectral_centroid": {
        "max": 3726.77075195,
        "mean": 1735.01062012,
        "min": 652.309387207,
        "stdev": 322.555206299
    },
    "spectral_complexity": {
        "max": 54,
        "mean": 28.6818523407,
        "min": 0,
        "stdev": 6.40861272812
    },
    "spectral_decrease": {
        "max": -6.19767146539e-15,
        "mean": -5.82308734565e-09,
        "min": -1.99834051529e-08,
        "stdev": 2.73008682328e-09
    },
    "spectral_energy": {
        "max": 0.083245486021,
        "mean": 0.0247349366546,
        "min": 5.06962720692e-08,
        "stdev": 0.0114800818264
    },
    "spectral_energyband_high": {
        "max": 0.0108479354531,
        "mean": 0.000703334284481,
        "min": 2.52698519887e-08,
        "stdev": 0.00120869569946
    },
    "spectral_energyband_low": {
        "max": 0.0299786292017,
        "mean": 0.00217764964327,
        "min": 4.87393414517e-09,
        "stdev": 0.00379732321016
    },
    "spectral_energyband_middle_high": {
        "max": 0.0467058420181,
        "mean": 0.0149191850796,
        "min": 1.53042201134e-08,
        "stdev": 0.00824839994311
    },
    "spectral_energyband_middle_low": {
        "max": 0.0565767847002,
        "mean": 0.00748088210821,
        "min": 3.09566550172e-09,
        "stdev": 0.00614532548934
    },
    "spectral_entropy": {
        "max": 9.31876754761,
        "mean": 7.63833665848,
        "min": 6.90928030014,
        "stdev": 0.242249816656
    },
    "spectral_flux": {
        "max": 0.209477216005,
        "mean": 0.0914734229445,
        "min": 0.0357139445841,
        "stdev": 0.024762397632
    },
    "spectral_kurtosis": {
        "max": 15.8227214813,
        "mean": 5.38463020325,
        "min": -0.426442623138,
        "stdev": 2.81607413292
    },
    "spectral_rms": {
        "max": 0.00901194196194,
        "mean": 0.00478730583563,
        "min": 7.03276464264e-06,
        "stdev": 0.00110153539572
    },
    "spectral_rolloff": {
        "max": 12941.4550781,
        "mean": 2000.28076172,
        "min": 258.3984375,
        "stdev": 820.686645508
    },
    "spectral_skewness": {
        "max": 2.5355193615,
        "mean": 1.53766453266,
        "min": 0.256629526615,
        "stdev": 0.291653484106
    },
    "spectral_spread": {
        "max": 28400180,
        "mean": 3286684,
        "min": 1897958.5,
        "stdev": 1405782.125
    },
    "spectral_strongpeak": {
        "max": 11.4402885437,
        "mean": 2.06059408188,
        "min": 0,
        "stdev": 1.72359251976
    },
    "zerocrossingrate": {
        "max": 0.2119140625,
        "mean": 0.0722923204303,
        "min": 0.02978515625,
        "stdev": 0.0168939977884
    },
    "barkbands": {
        "max": [0.00150708132423, 0.0152899967507, 0.0198506750166, 0.0123504474759, 0.0362244434655, 0.00730956811458, 0.0442196056247, 0.0248880553991, 0.0283699482679, 0.0255497731268, 0.0363876521587, 0.0215822793543, 0.0149206025526, 0.0151603100821, 0.0115514015779, 0.0150909079239, 0.0105307037011, 0.00545202894136, 0.00470289355144, 0.00396819645539, 0.00337120308541, 0.00225588912144, 0.0037355995737, 0.0038023875095, 0.00169383501634, 7.97065422375e-06, 3.50481764144e-06],
        "mean": [6.13203446846e-05, 0.000894392607734, 0.00100848695729, 0.000509703706484, 0.00124664290342, 0.00042909552576, 0.000695056398399, 0.000635613279883, 0.00322903622873, 0.00281156226993, 0.0046381643042, 0.00152910943143, 0.00176313275006, 0.00076414673822, 0.000662925536744, 0.000797729822807, 0.000850844604429, 0.000779435969889, 0.000578796258196, 0.000243720161961, 0.000162673968589, 0.000128353989567, 0.000136154092615, 8.83058819454e-05, 9.03623804334e-05, 1.72287911937e-07, 4.69125227553e-09],
        "min": [6.50468012786e-10, 2.55035415009e-09, 2.71532879514e-10, 1.59479277007e-10, 3.50769358004e-10, 6.4335492489e-10, 3.9235295568e-10, 4.46045755886e-10, 1.06100184194e-09, 3.0672817064e-10, 7.27530646838e-10, 8.48418724164e-10, 1.05014152929e-09, 1.37367128783e-09, 6.05856753655e-10, 3.08892050827e-10, 6.53780474202e-10, 6.487073545e-09, 1.14454279387e-09, 2.32115171528e-09, 1.31723210117e-09, 2.63982080639e-09, 5.4242952352e-09, 1.64173907802e-09, 2.96700841673e-09, 3.65766514299e-11, 3.68310833221e-11],
        "stdev": [0.000136138638481, 0.00180811516475, 0.00209078961052, 0.00100409402512, 0.00275784102269, 0.000809585093521, 0.00236226571724, 0.00147223647218, 0.0030563226901, 0.00325105176307, 0.00605482840911, 0.00182148069143, 0.00259899557568, 0.000952719361521, 0.000675424642395, 0.00135724025313, 0.000966677442193, 0.000648580607958, 0.00054994673701, 0.000379498262191, 0.000297444406897, 0.000238049527979, 0.000263814145001, 0.000211950959056, 0.000188605525182, 6.38383824025e-07, 1.05848435794e-07]
    },
    "erbbands": {
        "max": [0.547677099705, 3.07770133018, 17.5129108429, 30.417098999, 78.3237838745, 142.035888672, 97.9401473999, 51.201335907, 211.320678711, 917.437805176, 503.574768066, 626.380249023, 566.507507324, 1086.67993164, 1504.08203125, 1025.11767578, 760.844238281, 862.13861084, 236.328933716, 736.560119629, 976.534057617, 568.106384277, 316.701843262, 208.351852417, 203.870849609, 189.594238281, 147.660614014, 111.7550354, 76.4866485596, 93.5441131592, 126.846313477, 109.371963501, 40.6817779541, 16.2260665894, 13.8246955872, 0.874244332314, 0.021622242406, 0.00335713895038, 0.000681782490574, 0.000126107115648],
        "mean": [0.0260230861604, 0.209537833929, 0.922677338123, 1.59773635864, 3.04616498947, 4.88053369522, 3.17113423347, 3.55899381638, 5.66901922226, 15.814332962, 21.5454444885, 69.8614959717, 83.6190948486, 135.450744629, 145.149200439, 68.2132644653, 87.666305542, 43.9070930481, 33.1157722473, 37.8761520386, 48.2995948792, 48.864402771, 46.3161811829, 32.9014396667, 24.2397212982, 11.6678113937, 7.2478222847, 6.03531122208, 4.64231157303, 4.00557756424, 4.00787973404, 2.28409218788, 1.25655412674, 0.857735097408, 0.755384683609, 0.050281163305, 0.00127635989338, 8.8767883426e-05, 2.59018725046e-05, 3.31330484187e-05],
        "min": [1.40667154369e-07, 3.49023935087e-07, 3.81156183948e-07, 4.20602958684e-07, 1.09430266093e-06, 8.03163288765e-07, 3.2778939385e-06, 5.06575906911e-06, 7.73346800997e-06, 5.09292885909e-06, 1.16128758236e-05, 2.42086680373e-05, 1.37087799885e-05, 1.49308452819e-05, 3.73030561605e-05, 3.24469619954e-05, 4.35403853771e-05, 5.6180426327e-05, 5.70580996282e-05, 2.92366876238e-05, 1.66049157997e-05, 4.90624333906e-05, 0.000296051293844, 0.000166694109794, 9.53402050072e-05, 0.000114496404422, 4.68715988973e-05, 6.65591651341e-05, 7.98262335593e-05, 0.000150397769175, 0.000161560208653, 5.00372843817e-05, 2.30160185311e-05, 3.02033186017e-05, 2.61161148956e-05, 4.58169488411e-05, 1.01030300357e-05, 2.31021226682e-06, 4.83741246171e-07, 2.11746638001e-08],
        "stdev": [0.056311186403, 0.417256623507, 1.84837067127, 3.01670360565, 6.32911205292, 11.9566173553, 7.6041021347, 6.3824505806, 12.0439395905, 53.6353645325, 39.6797981262, 67.5578689575, 85.7437057495, 136.313415527, 185.742462158, 74.8328781128, 129.804580688, 60.2923049927, 27.8858375549, 44.8931770325, 88.5672988892, 50.1418457031, 36.9695129395, 22.4032840729, 28.1363716125, 16.8642978668, 13.2523918152, 10.6790428162, 8.07210350037, 8.49296665192, 7.82224464417, 5.41514253616, 3.07817816734, 1.78829598427, 1.65125048161, 0.112426042557, 0.00276504573412, 0.000196671127924, 3.18626880471e-05, 1.69803934114e-05]
    },
    "gfcc": {
        "mean": [-5.71635484695, 85.8037872314, -192.150726318, 22.7072048187, -69.7963562012, 27.4789714813, -26.2049694061, 19.7254924774, -18.881811142, -16.2027873993, -7.33165550232, -11.3633232117, -0.222738444805],
        "cov": [[2482.85327148, 64.9126358032, 1557.15881348, 814.956848145, -23.0127429962, 204.204376221, -607.766601562, -87.297996521, -329.278533936, 319.495758057, -50.1113204956, 55.4727630615, -174.788696289], [64.9126358032, 256.851623535, 73.7567062378, 66.1801834106, 66.8814086914, 8.189204216, 16.0377902985, -6.39580821991, 15.7217359543, -17.8964138031, 27.1140346527, -17.8194522858, -2.03805756569], [1557.15881348, 73.7567062378, 1561.19885254, 766.078369141, 2.94718909264, 159.001220703, -558.726196289, -95.2846374512, -276.212799072, 308.106567383, -51.7572593689, 42.5340652466, -165.014953613], [814.956848145, 66.1801834106, 766.078369141, 502.188171387, 47.763584137, 50.3579521179, -291.687103271, -36.1449127197, -89.3852081299, 152.016418457, -42.6652336121, 4.20171785355, -65.8482131958], [-23.0127429962, 66.8814086914, 2.94718909264, 47.763584137, 93.278137207, 25.1830062866, 16.0452861786, 19.1059989929, 13.3735237122, -8.00886058807, 2.8880033493, 1.31667816639, 4.038834095], [204.204376221, 8.189204216, 159.001220703, 50.3579521179, 25.1830062866, 131.987457275, 13.2687568665, -18.0622959137, -81.9499130249, 9.66959571838, 39.2567329407, 26.6342601776, -34.2032661438], [-607.766601562, 16.0377902985, -558.726196289, -291.687103271, 16.0452861786, 13.2687568665, 312.134918213, 40.6927986145, 68.3342666626, -138.460540771, 52.3174743652, -3.04682612419, 49.3065338135], [-87.297996521, -6.39580821991, -95.2846374512, -36.1449127197, 19.1059989929, -18.0622959137, 40.6927986145, 68.4468231201, 55.473575592, -2.58542203903, -11.7065811157, -2.69857692719, 15.4119596481], [-329.278533936, 15.7217359543, -276.212799072, -89.3852081299, 13.3735237122, -81.9499130249, 68.3342666626, 55.473575592, 159.171585083, -15.5325994492, -32.641834259, -23.2101039886, 54.3762359619], [319.495758057, -17.8964138031, 308.106567383, 152.016418457, -8.00886058807, 9.66959571838, -138.460540771, -2.58542203903, -15.5325994492, 129.745117188, -25.8510875702, 13.8657245636, -23.4959697723], [-50.1113204956, 27.1140346527, -51.7572593689, -42.6652336121, 2.8880033493, 39.2567329407, 52.3174743652, -11.7065811157, -32.641834259, -25.8510875702, 108.241142273, 21.6288776398, -14.5449438095], [55.4727630615, -17.8194522858, 42.5340652466, 4.20171785355, 1.31667816639, 26.6342601776, -3.04682612419, -2.69857692719, -23.2101039886, 13.8657245636, 21.6288776398, 47.5530319214, 4.41571378708], [-174.788696289, -2.03805756569, -165.014953613, -65.8482131958, 4.038834095, -34.2032661438, 49.3065338135, 15.4119596481, 54.3762359619, -23.4959697723, -14.5449438095, 4.41571378708, 63.0063896179]],
        "icov": [[0.00185711216182, -0.00176684872713, 0.00166421022732, -0.00274025485851, 0.00344200432301, -0.0031681060791, 0.00302592269145, -0.00293249264359, 0.00303357909434, -0.00116274214815, 0.00119715137407, -0.00112115370575, 0.000301639491227], [-0.00176684872713, 0.00946154631674, -0.00635665096343, 0.00491963140666, -0.00997064542025, 0.00653559993953, -0.0068025123328, 0.0068146251142, -0.00732104107738, 0.00401771673933, -0.00489059463143, 0.00508261099458, -0.00192728522234], [0.00166421022732, -0.00635665096343, 0.0129710463807, -0.0112813189626, 0.0102179301903, -0.0095906406641, 0.00999511033297, -0.0069988113828, 0.0107866888866, -0.00719811208546, 0.00477119907737, -0.00478041684255, 0.00406423490494], [-0.00274025485851, 0.00491963140666, -0.0112813189626, 0.0173870306462, -0.0136596001685, 0.00788698066026, -0.00504668382928, 0.0077001824975, -0.00987045746297, 0.00415033567697, -0.00374514027499, 0.00560313602909, -0.00278561958112], [0.00344200432301, -0.00997064542025, 0.0102179301903, -0.0136596001685, 0.029112175107, -0.0150803225115, 0.0098346285522, -0.0137159489095, 0.00808144081384, -0.00202228454873, 0.00542169529945, -0.00624249922112, 0.00127805944066], [-0.0031681060791, 0.00653559993953, -0.0095906406641, 0.00788698066026, -0.0150803225115, 0.0272246021777, -0.0163494665176, 0.00863502733409, -0.00169001636095, 0.00110409769695, -0.00517533626407, -0.000310213625198, 0.00167250900995], [0.00302592269145, -0.0068025123328, 0.00999511033297, -0.00504668382928, 0.0098346285522, -0.0163494665176, 0.0233269110322, -0.0111847380176, 0.00615963060409, 0.0017971227644, 0.00203432235867, -0.00328112160787, 0.000106495681393], [-0.00293249264359, 0.0068146251142, -0.0069988113828, 0.0077001824975, -0.0137159489095, 0.00863502733409, -0.0111847380176, 0.0305958557874, -0.0156905166805, 0.000998072791845, -0.00179895118345, 0.000792849808931, 0.00208094995469], [0.00303357909434, -0.00732104107738, 0.0107866888866, -0.00987045746297, 0.00808144081384, -0.00169001636095, 0.00615963060409, -0.0156905166805, 0.0296036712825, -0.0121196070686, 0.00531486049294, 0.00122023187578, -0.00523100281134], [-0.00116274214815, 0.00401771673933, -0.00719811208546, 0.00415033567697, -0.00202228454873, 0.00110409769695, 0.0017971227644, 0.000998072791845, -0.0121196070686, 0.0238374192268, -0.00159250944853, -0.00366433756426, 0.000706421211362], [0.00119715137407, -0.00489059463143, 0.00477119907737, -0.00374514027499, 0.00542169529945, -0.00517533626407, 0.00203432235867, -0.00179895118345, 0.00531486049294, -0.00159250944853, 0.0163783766329, -0.00940175261348, 0.0066948318854], [-0.00112115370575, 0.00508261099458, -0.00478041684255, 0.00560313602909, -0.00624249922112, -0.000310213625198, -0.00328112160787, 0.000792849808931, 0.00122023187578, -0.00366433756426, -0.00940175261348, 0.035451438278, -0.0140789970756], [0.000301639491227, -0.00192728522234, 0.00406423490494, -0.00278561958112, 0.00127805944066, 0.00167250900995, 0.000106495681393, 0.00208094995469, -0.00523100281134, 0.000706421211362, 0.0066948318854, -0.0140789970756, 0.0319226793945]]
    },
    "melbands": {
        "max": [0.00460533518344, 0.00640266761184, 0.00482900347561, 0.00752327684313, 0.00422480935231, 0.00108061579522, 0.0053167482838, 0.00825704354793, 0.00494452845305, 0.00465875444934, 0.00277372868732, 0.0040913685225, 0.00515647791326, 0.00224428460933, 0.00235493155196, 0.00161816913169, 0.00190196163021, 0.00053046568064, 0.000831865763757, 0.00055547838565, 0.00152123603038, 0.000790034420788, 0.00045098780538, 0.000351018854417, 0.000182578252861, 0.000162509561051, 0.000189094556845, 0.000129195104819, 0.000107697400381, 8.95246485015e-05, 7.16683716746e-05, 4.62887910544e-05, 4.91764621984e-05, 5.10021709488e-05, 7.05677302903e-05, 9.14551565074e-05, 5.3007643146e-05, 3.09021961584e-05, 1.36937360367e-05, 1.4553354049e-05],
        "mean": [0.000244047187152, 0.000412633031374, 0.000322734122165, 0.000292375276331, 0.000132802742883, 8.089280891e-05, 0.000100575380202, 0.00016181038518, 0.000213440143852, 0.000468561076559, 0.000412556371884, 0.000524290138856, 0.000626325898338, 0.000153452157974, 0.000239159970079, 0.000136121627293, 7.55920045776e-05, 5.26154472027e-05, 4.95582135045e-05, 4.63612668682e-05, 5.98346960032e-05, 4.91032515129e-05, 4.8082874855e-05, 3.66408530681e-05, 2.56495040958e-05, 2.03793442779e-05, 1.26569520944e-05, 6.53066535961e-06, 4.54700193586e-06, 3.92902848034e-06, 3.36013022206e-06, 2.65780636255e-06, 2.31706258091e-06, 2.19331673179e-06, 2.507440513e-06, 1.7690211962e-06, 1.2492167798e-06, 9.42456381381e-07, 6.36253787434e-07, 7.57884265568e-07],
        "min": [1.18381182634e-09, 2.70965305749e-10, 9.42665112635e-11, 7.36210606367e-11, 9.09760947132e-11, 1.24973961735e-10, 1.0384921395e-10, 6.45589762205e-11, 1.04882186269e-10, 1.55794724344e-10, 6.69813718379e-11, 5.64356304744e-11, 1.18166448848e-10, 1.08607435545e-10, 7.31922369934e-11, 1.052936488e-10, 1.08010350663e-10, 1.12922206308e-10, 3.75384480444e-11, 3.16405721068e-11, 1.65137487018e-11, 3.40752599748e-11, 1.31708907669e-10, 3.70200731181e-10, 1.0268589451e-10, 5.5330105081e-11, 9.92019175139e-11, 6.47931708286e-11, 2.49286476878e-11, 2.18688435416e-11, 4.82822046233e-11, 4.37501493367e-11, 5.25523062567e-11, 9.27450963251e-11, 1.11132693326e-10, 3.94206299548e-11, 2.68934909065e-11, 1.7213504927e-11, 8.53819966118e-12, 3.39173307495e-11],
        "stdev": [0.000500273541547, 0.000773550767917, 0.000584004446864, 0.000630968483165, 0.000316718476824, 0.000141552125569, 0.000263487396296, 0.0005054952926, 0.000377863558242, 0.000457603047835, 0.00043845170876, 0.000544436683413, 0.000855102436617, 0.000191796687432, 0.000358692428563, 0.000177367197466, 0.000112824578537, 5.04934032506e-05, 5.15450446983e-05, 5.46936389583e-05, 0.000127993465867, 5.75913436478e-05, 4.23466553912e-05, 3.34347423632e-05, 1.88827252714e-05, 2.16279458982e-05, 1.8364038624e-05, 1.02456397144e-05, 8.53718302096e-06, 7.22078948456e-06, 6.25074426353e-06, 4.59471220893e-06, 4.69182350571e-06, 4.68833695777e-06, 4.81633878735e-06, 4.20162541559e-06, 2.96209054795e-06, 2.42777537096e-06, 1.43402337471e-06, 1.62144954174e-06]
    },
    "melbands128": {
        "max": [0.00136962113902, 0.00479623069987, 0.00664384756237, 0.00516211194918, 0.00870256498456, 0.0105877406895, 0.00691623566672, 0.00648195762187, 0.00965470634401, 0.00883718859404, 0.00865048356354, 0.0062280469574, 0.00360016245395, 0.00262358016334, 0.00141071551479, 0.00192915601656, 0.001502131694, 0.00277008931153, 0.0171269159764, 0.0168330501765, 0.00956352520734, 0.00491840019822, 0.00900321360677, 0.00880614481866, 0.00482133915648, 0.0100256791338, 0.00604635942727, 0.00451660249382, 0.00746704963967, 0.00725984945893, 0.00860571395606, 0.00949603877962, 0.00990035291761, 0.00632752105594, 0.00527678942308, 0.00354083324783, 0.00577338133007, 0.00432694796473, 0.00448298733681, 0.00342867104337, 0.00234682182781, 0.00523984292522, 0.0034977060277, 0.00213452638127, 0.0013380163582, 0.000897443154827, 0.000614799035247, 0.00069253530819, 0.00202196114697, 0.00155020144302, 0.00066728098318, 0.00160919956397, 0.00210421485826, 0.00279923388734, 0.00101180467755, 0.00127427163534, 0.000870925141498, 0.00124455383047, 0.000770431302954, 0.000439700321294, 0.000583750254009, 0.000486845936393, 0.000278424704447, 0.000278732855804, 0.000331067421939, 0.000290621363092, 0.000321153027471, 0.000285238900688, 0.000286171794869, 0.000388270476833, 0.000141840384458, 0.000193181229406, 0.00010093376477, 0.000160119481734, 0.000219470559387, 9.56279327511e-05, 9.63836500887e-05, 0.000101960715256, 0.0001393105631, 0.000124592072098, 6.56360425637e-05, 5.54085600015e-05, 5.24359275005e-05, 5.62864988751e-05, 0.000107684332761, 5.09142118972e-05, 4.57825080957e-05, 7.46699370211e-05, 6.69165019644e-05, 8.05056333775e-05, 6.62340244162e-05, 0.000119202341011, 9.77028685156e-05, 6.28189300187e-05, 3.4971471905e-05, 3.73349612346e-05, 3.86459832953e-05, 2.70759246632e-05, 1.63947897818e-05, 1.02476806205e-05, 9.81421453616e-06, 2.60183169303e-05, 2.72623474302e-05, 1.99785463337e-05, 2.92465883831e-05, 1.84178788913e-05, 5.07982167619e-06, 3.8970068772e-07, 7.54492361921e-08, 4.59974387468e-08, 3.83414828775e-08, 4.07787474899e-08, 3.00461238112e-08, 3.05492413588e-08, 2.77859815156e-08, 2.77765010992e-08, 3.02858111922e-08, 2.19458122785e-08, 1.37052484916e-08, 2.1955720797e-08, 2.63369148712e-08, 1.8567032356e-08, 1.84692456884e-08, 5.58992407917e-09, 5.37719202498e-09, 5.20527843051e-09, 5.09215780653e-09, 5.01788433027e-09],
        "mean": [5.39082757314e-05, 0.000195161876036, 0.000330851005856, 0.000327405432472, 0.0004108514986, 0.000525425828528, 0.000309036928229, 0.00027450142079, 0.000308070419123, 0.000308934570057, 0.000300116284052, 0.000155750502017, 9.24722407945e-05, 9.88706742646e-05, 7.2904091212e-05, 7.83180148574e-05, 7.36642177799e-05, 7.74394429754e-05, 0.000152914668433, 0.000237527521676, 0.000113155481813, 0.000106557883555, 0.000178845482878, 0.000373498245608, 0.000456752692116, 0.000521455483977, 0.0005049824249, 0.000364251463907, 0.000366088730516, 0.000428760773502, 0.000493655155879, 0.000863486027811, 0.000885074026883, 0.000235063678701, 0.000161432719324, 0.000111571185698, 0.000163839300512, 0.000240749694058, 0.000337753881468, 0.000167918071384, 7.01497046975e-05, 0.000110443288577, 7.73830906837e-05, 5.86075184401e-05, 5.83983564866e-05, 5.14763269166e-05, 4.66815727123e-05, 4.4758682634e-05, 5.13248269272e-05, 6.16834950051e-05, 3.62735299859e-05, 4.08850282838e-05, 6.79167787894e-05, 6.84187107254e-05, 4.22497178079e-05, 4.91171449539e-05, 4.9045385822e-05, 5.55535189051e-05, 4.49125800515e-05, 4.07081097364e-05, 4.16351140302e-05, 2.90547613986e-05, 2.17306496779e-05, 2.76977625617e-05, 2.71939625236e-05, 1.73889820871e-05, 1.95857792278e-05, 1.62743872352e-05, 9.83491281659e-06, 9.56130952545e-06, 6.37260473013e-06, 5.2400396271e-06, 4.99620045957e-06, 4.25406915383e-06, 4.3835325414e-06, 3.84531904274e-06, 3.9838896555e-06, 3.4182521631e-06, 3.41953818861e-06, 3.14838439408e-06, 2.61114678324e-06, 2.56537032328e-06, 2.43132012656e-06, 2.27109194384e-06, 2.27474538406e-06, 2.0250192847e-06, 2.02340447686e-06, 2.80129074781e-06, 2.62730804934e-06, 2.31911963056e-06, 1.94844483303e-06, 1.61211050909e-06, 1.46024603964e-06, 1.26199836359e-06, 1.10000746645e-06, 1.05768810954e-06, 9.579990774e-07, 7.02995407664e-07, 6.61299736748e-07, 5.70455881643e-07, 5.64518813917e-07, 8.39249480578e-07, 9.39216192819e-07, 8.30600072277e-07, 1.24395467083e-06, 9.69043867372e-07, 1.92027314938e-07, 9.84455184039e-09, 1.31551075588e-10, 7.3935947642e-11, 5.88009571589e-11, 5.44414027748e-11, 4.26448043545e-11, 4.02809209599e-11, 3.6047314439e-11, 3.40339492699e-11, 3.44931930241e-11, 2.72233902088e-11, 2.02106872904e-11, 2.58661113361e-11, 2.86806533384e-11, 2.23511799347e-11, 2.19532274304e-11, 8.44605375222e-12, 7.36274582969e-12, 7.10339469537e-12, 6.94011948604e-12, 6.85954027954e-12],
        "min": [2.80904577377e-10, 1.47758794089e-09, 9.21503096052e-10, 4.84609796736e-10, 2.33962821339e-10, 1.19276422073e-10, 7.49263914801e-11, 8.68176780466e-11, 1.23736951241e-10, 9.30493807005e-11, 2.01015697143e-11, 4.08915470929e-11, 1.2936055005e-10, 1.32244548645e-10, 8.48433823197e-11, 1.39940087296e-10, 1.83567758216e-10, 9.00391775027e-11, 1.60986658032e-11, 4.52945389529e-11, 9.79213654606e-11, 9.90900972386e-11, 7.99960375719e-11, 1.4097986667e-10, 1.78144984875e-10, 1.64301794392e-10, 1.10566444889e-10, 2.65003227695e-11, 6.46921127778e-11, 5.77060725593e-11, 2.83242249099e-11, 1.04694766745e-10, 1.29386487635e-10, 1.19313753322e-10, 1.42993047958e-10, 9.99525739953e-11, 6.84580031551e-11, 5.20538993853e-11, 1.04445764537e-10, 7.75745162551e-11, 1.48154807866e-10, 6.9234729061e-11, 7.1758918252e-11, 1.56169882581e-10, 1.57213964069e-10, 1.15624843033e-10, 4.13949256817e-11, 2.35514576591e-11, 4.74320617505e-11, 4.19983769984e-11, 3.26947323381e-11, 1.64726877971e-11, 1.22305828659e-11, 1.23581370831e-11, 3.32914321111e-11, 3.70333937127e-11, 2.49754002202e-11, 7.67488433917e-11, 1.78085185487e-10, 2.18509418892e-10, 5.4925569648e-10, 3.1995195382e-10, 1.51423568129e-10, 9.9272673415e-12, 7.29642804509e-11, 5.11860415164e-11, 4.64023507118e-11, 7.82006612243e-11, 1.08764296181e-10, 1.45503845084e-10, 6.97775934255e-11, 2.43041264197e-11, 7.82139630839e-12, 3.14209699925e-11, 4.01774342962e-11, 1.48241384446e-11, 1.85016550691e-11, 2.47132349307e-11, 6.26888541078e-11, 6.28651436463e-11, 3.79112574667e-11, 4.09143725844e-11, 3.73323039149e-11, 4.54237966685e-11, 6.96760843466e-11, 1.09783182545e-10, 9.14996342583e-11, 7.01136856907e-11, 1.57995755368e-10, 1.07197153931e-10, 3.51324525028e-11, 2.71496679305e-11, 2.34493917339e-11, 3.80611792083e-11, 1.93825077516e-11, 1.68126554345e-11, 2.03204276322e-11, 1.26199285397e-11, 5.6419729999e-12, 6.8749290115e-12, 1.68312377924e-11, 4.17415824128e-11, 5.12031979316e-11, 2.89516900037e-11, 3.73060818348e-11, 1.62967798978e-11, 1.00166949388e-11, 3.38763359812e-13, 1.52856541443e-13, 1.28216610506e-13, 9.73889886921e-14, 1.19159727658e-13, 1.33299214765e-13, 1.11368203613e-13, 1.06002981729e-13, 1.18496588952e-13, 1.13321827508e-13, 1.13439239827e-13, 1.13060141761e-13, 1.10459215288e-13, 1.16946112082e-13, 1.26529076929e-13, 1.06057774596e-13, 1.19360738741e-13, 8.49565372479e-14, 3.53707101314e-14, 4.63498715727e-15, 1.9669636312e-16],
        "stdev": [0.000124870639411, 0.000454324268503, 0.000724868616089, 0.00069419114152, 0.000846602255479, 0.0011018938385, 0.000625876244158, 0.000558960775379, 0.000722502649296, 0.000758703798056, 0.000809799879789, 0.000457048503449, 0.00027374754427, 0.000236633684835, 0.000146574049722, 0.000177476074896, 0.000138693969348, 0.000199653804884, 0.00072483276017, 0.00091754848836, 0.000338863872457, 0.000310774572426, 0.000542397494428, 0.000704903213773, 0.000535960309207, 0.000793649000116, 0.000669409986585, 0.000511302496307, 0.000527244468685, 0.000661678612232, 0.000867633614689, 0.00132863980252, 0.00153736409266, 0.000427874998422, 0.0003423152084, 0.000212936312892, 0.000273500336334, 0.000413798406953, 0.000699090654962, 0.000295849604299, 0.000130629792693, 0.000288364564767, 0.000162757889484, 9.32066177484e-05, 8.32038203953e-05, 7.07281069481e-05, 5.54590915272e-05, 5.23811686435e-05, 9.47599401115e-05, 0.000106828709249, 5.00904607179e-05, 8.58370913193e-05, 0.000173478925717, 0.000221982074436, 7.42554766475e-05, 7.85272277426e-05, 7.53095300752e-05, 7.39631868782e-05, 5.81938911637e-05, 4.99253583257e-05, 5.10860263603e-05, 3.19403588946e-05, 2.25178864639e-05, 2.96958569379e-05, 3.25849323417e-05, 2.61674013018e-05, 3.45170628862e-05, 2.8993239539e-05, 2.01953207579e-05, 2.10544330912e-05, 1.11135741463e-05, 1.00403531178e-05, 9.9064582173e-06, 9.48948854784e-06, 1.20033946587e-05, 7.74971886131e-06, 7.21011883797e-06, 7.02647366779e-06, 7.76930301072e-06, 6.54467157801e-06, 4.78280753669e-06, 5.05267962581e-06, 4.52695167041e-06, 4.58224849353e-06, 6.59338820697e-06, 5.1840956985e-06, 4.1544863052e-06, 6.18357125859e-06, 5.24687538928e-06, 4.80637390865e-06, 4.65942684968e-06, 4.64460299554e-06, 4.24763447882e-06, 3.2287355225e-06, 2.37104882217e-06, 2.70423493021e-06, 2.93281027552e-06, 1.91991216525e-06, 1.61232310347e-06, 1.26280087898e-06, 1.25171720811e-06, 1.96441533262e-06, 2.16355488192e-06, 1.91447998077e-06, 2.9361185625e-06, 2.28090380006e-06, 4.73617461694e-07, 3.0055854694e-08, 2.39105268918e-09, 1.73866643305e-09, 1.37506805942e-09, 1.30210497939e-09, 9.77240954825e-10, 9.43288780419e-10, 8.4498485986e-10, 8.2469769902e-10, 8.76607231248e-10, 6.50469234031e-10, 4.35621899664e-10, 6.3648952775e-10, 7.48233308645e-10, 5.39248701248e-10, 5.33725674767e-10, 1.56754886849e-10, 1.48091830465e-10, 1.43360628924e-10, 1.4024707784e-10, 1.38201880495e-10]
    },
    "mfcc": {
        "mean": [-618.204101562, 102.756950378, -53.9803161621, -4.71945619583, -13.8347129822, -3.5404446125, 5.13681077957, 20.7954120636, 3.32181406021, 2.42939329147, 1.29419851303, -2.290569067, -4.52464866638],
        "cov": [[1748.3873291, -106.231307983, 1105.50061035, 457.502471924, 454.528961182, 186.66456604, -5.42617988586, -248.502426147, -194.252029419, -23.9685573578, -77.1015625, 82.844367981, 115.04800415], [-106.231307983, 212.143051147, -101.71231842, -26.9485683441, -18.0957107544, -2.41215872765, 30.7789974213, 49.2789154053, 7.3774023056, 3.91819024086, 11.8734092712, 10.7592763901, -9.53198814392], [1105.50061035, -101.71231842, 1408.69104004, 543.897705078, 529.604858398, 220.785018921, -8.90810012817, -313.250701904, -235.65788269, -21.9720020294, -98.7889251709, 115.638534546, 119.908103943], [457.502471924, -26.9485683441, 543.897705078, 360.236816406, 280.84954834, 73.2266845703, -63.9501228333, -138.601623535, -45.6208877563, 24.3017578125, -30.9678897858, 25.2532672882, 51.3816566467], [454.528961182, -18.0957107544, 529.604858398, 280.84954834, 320.226501465, 85.9945678711, -39.2941703796, -128.418457031, -67.5309524536, 14.5422935486, -32.496673584, 37.8948440552, 51.6914367676], [186.66456604, -2.41215872765, 220.785018921, 73.2266845703, 85.9945678711, 112.311752319, 48.533493042, -26.9585037231, -41.3292999268, -20.7138175964, -9.43480205536, 16.459482193, 13.8332529068], [-5.42617988586, 30.7789974213, -8.90810012817, -63.9501228333, -39.2941703796, 48.533493042, 159.957168579, 74.6448059082, -73.0698699951, -20.6081047058, -24.3709602356, 38.9461250305, 7.30943012238], [-248.502426147, 49.2789154053, -313.250701904, -138.601623535, -128.418457031, -26.9585037231, 74.6448059082, 154.018112183, 33.2648506165, 0.83258074522, 10.6479501724, -9.43465232849, -18.6616363525], [-194.252029419, 7.3774023056, -235.65788269, -45.6208877563, -67.5309524536, -41.3292999268, -73.0698699951, 33.2648506165, 165.154998779, 22.6291313171, 52.3350296021, -62.1099815369, -34.1172866821], [-23.9685573578, 3.91819024086, -21.9720020294, 24.3017578125, 14.5422935486, -20.7138175964, -20.6081047058, 0.83258074522, 22.6291313171, 58.1667823792, 5.6767282486, 0.555009305477, 4.14515447617], [-77.1015625, 11.8734092712, -98.7889251709, -30.9678897858, -32.496673584, -9.43480205536, -24.3709602356, 10.6479501724, 52.3350296021, 5.6767282486, 72.3256530762, -16.9687728882, -9.40739059448], [82.844367981, 10.7592763901, 115.638534546, 25.2532672882, 37.8948440552, 16.459482193, 38.9461250305, -9.43465232849, -62.1099815369, 0.555009305477, -16.9687728882, 78.9274597168, 28.4040088654], [115.04800415, -9.53198814392, 119.908103943, 51.3816566467, 51.6914367676, 13.8332529068, 7.30943012238, -18.6616363525, -34.1172866821, 4.14515447617, -9.40739059448, 28.4040088654, 57.7020454407]],
        "icov": [[0.00118613580707, 0.000195331929717, -0.000618473510258, -0.000183136144187, -0.000363854574971, -0.000142144897836, -0.000126943123178, 7.81283160904e-05, 0.000178029338713, 0.000288315437501, -8.27964831842e-05, 0.000289170566248, -0.000554299040232], [0.000195331929717, 0.00548621220514, 0.00057055655634, -0.0006541935727, -0.00101733661722, -8.95042903721e-05, -0.000641415943392, -0.00133962999098, 0.000153794346261, 0.000186136589036, -0.000993409659714, -0.00140669452958, 0.00110258534551], [-0.000618473510258, 0.00057055655634, 0.00478578871116, -0.00267123361118, -0.00174717907794, -0.00260512949899, -0.00126556120813, 0.00428617140278, 0.00136714370456, 0.00108610605821, 0.00091997650452, -0.00147880997974, -0.000894609373063], [-0.000183136144187, -0.0006541935727, -0.00267123361118, 0.0118691856042, -0.00568989245221, -0.000109334236186, 0.00235438114032, -0.00053529930301, -0.00161844305694, -0.00318236812018, 0.00122718780767, 0.0014198696008, -0.00133618526161], [-0.000363854574971, -0.00101733661722, -0.00174717907794, -0.00568989245221, 0.0132376346737, -0.00336950644851, 0.00262849591672, -0.000157616508659, 0.000938123150263, -0.00228279759176, 0.000550027936697, -0.000852809112985, -0.000951933732722], [-0.000142144897836, -8.95042903721e-05, -0.00260512949899, -0.000109334236186, -0.00336950644851, 0.0202132258564, -0.00945878215134, 0.000897401187103, -0.0029152717907, 0.00501979514956, -0.00341974827461, 0.00257461192086, 0.00153149291873], [-0.000126943123178, -0.000641415943392, -0.00126556120813, 0.00235438114032, 0.00262849591672, -0.00945878215134, 0.0204714760184, -0.0116535555571, 0.0071059204638, -0.00104383705184, 0.00197247695178, -0.00366758927703, 0.00063476205105], [7.81283160904e-05, -0.00133962999098, 0.00428617140278, -0.00053529930301, -0.000157616508659, 0.000897401187103, -0.0116535555571, 0.0214156657457, -0.00407838122919, -0.000487814017106, 0.00160152080934, 0.000319470913382, -0.00275143957697], [0.000178029338713, 0.000153794346261, 0.00136714370456, -0.00161844305694, 0.000938123150263, -0.0029152717907, 0.0071059204638, -0.00407838122919, 0.0158952660859, -0.00330148986541, -0.005397899542, 0.00505893910304, 0.00217514345422], [0.000288315437501, 0.000186136589036, 0.00108610605821, -0.00318236812018, -0.00228279759176, 0.00501979514956, -0.00104383705184, -0.000487814017106, -0.00330148986541, 0.0224920958281, -0.000458161986899, -0.00272756326012, -0.00145113514736], [-8.27964831842e-05, -0.000993409659714, 0.00091997650452, 0.00122718780767, 0.000550027936697, -0.00341974827461, 0.00197247695178, 0.00160152080934, -0.005397899542, -0.000458161986899, 0.0193182677031, -0.00130307639483, -0.00177606882062], [0.000289170566248, -0.00140669452958, -0.00147880997974, 0.0014198696008, -0.000852809112985, 0.00257461192086, -0.00366758927703, 0.000319470913382, 0.00505893910304, -0.00272756326012, -0.00130307639483, 0.0219036880881, -0.00609304523095], [-0.000554299040232, 0.00110258534551, -0.000894609373063, -0.00133618526161, -0.000951933732722, 0.00153149291873, 0.00063476205105, -0.00275143957697, 0.00217514345422, -0.00145113514736, -0.00177606882062, -0.00609304523095, 0.0252820551395]]
    },
    "spectral_contrast_coeffs": {
        "max": [-0.540946781635, -0.566071093082, -0.509449243546, -0.584073245525, -0.640269875526, -0.631777822971],
        "mean": [-0.766586661339, -0.754026830196, -0.73835092783, -0.793317139149, -0.751847922802, -0.725827455521],
        "min": [-0.943760752678, -0.908215820789, -0.911092042923, -0.93737411499, -0.904170930386, -0.910725712776],
        "stdev": [0.060451772064, 0.0562320388854, 0.0684094727039, 0.0488274469972, 0.0338836349547, 0.0332024618983]
    },
    "spectral_contrast_valleys": {
        "max": [-5.20229482651, -4.7709569931, -5.1740398407, -5.89373397827, -5.7073969841, -8.02039527893],
        "mean": [-7.57712173462, -6.69578647614, -6.34607458115, -6.76505899429, -7.08678340912, -10.4653997421],
        "min": [-11.9089431763, -12.9172916412, -13.3178787231, -13.1296548843, -12.4467744827, -13.5677442551],
        "stdev": [1.03507566452, 0.49276548624, 0.555805027485, 0.394879758358, 0.381197810173, 0.900954902172]
    }
},
"rhythm": {
    "beats_count": 48,
    "beats_loudness": {
        "max": 0.0817794501781,
        "mean": 0.027430549264,
        "min": 0.00721965124831,
        "stdev": 0.0128576736897
    },
    "bpm": 103.481132507,
    "bpm_histogram_first_peak_bpm": 103,
    "bpm_histogram_first_peak_weight": 0.409090936184,
    "bpm_histogram_second_peak_bpm": 88,
    "bpm_histogram_second_peak_spread": 0.5,
    "bpm_histogram_second_peak_weight": 0.170212760568,
    "danceability": 0.994581401348,
    "onset_rate": 2.09441494942,
    "beats_loudness_band_ratio": {
        "max": [0.319764971733, 0.606244623661, 0.541461348534, 0.840677082539, 0.460009038448, 0.184239268303],
        "mean": [0.0698659941554, 0.0538203828037, 0.241723999381, 0.437564760447, 0.167021468282, 0.0537652038038],
        "min": [0.000428841856774, 0.00114400545135, 0.0298355128616, 0.0152710704133, 0.0351222604513, 0.00717125460505],
        "stdev": [0.0867962986231, 0.0977951213717, 0.153693526983, 0.22306278348, 0.119636617601, 0.0353398285806]
    },
    "beats_position": [0.557278871536, 1.13777780533, 1.71827661991, 2.28716540337, 2.85605430603, 3.43655323982, 4.01705217361, 4.59755086899, 5.16644001007, 5.73532867432, 6.31582736969, 6.8963265419, 7.47682523727, 8.05732440948, 8.62621307373, 9.2067117691, 9.77560043335, 10.3560991287, 10.9365987778, 11.5170974731, 12.1208162308, 12.7129249573, 13.3166437149, 13.9435825348, 14.5821313858, 15.2206802368, 15.8592290878, 16.5326080322, 17.2059860229, 17.8909740448, 18.575963974, 19.2609519958, 19.9111099243, 20.5612697601, 21.2114276886, 21.8615875244, 22.5697956085, 23.2780036926, 23.9862117767, 24.6828117371, 25.3677997589, 26.0527877808, 26.73777771, 27.3647155762, 27.9916553497, 28.6302032471, 29.2571430206, 29.8840808868],
