{
"metadata": {
    "version": {
        "essentia": "2.1-beta5",
        "essentia_git_sha": "Undefined",
        "extractor": "music 2.0"
    },
    "audio_properties": {
        "analysis": {
            "equal_loudness": 0,
            "length": 35.9909286499,
            "sample_rate": 44100,
            "start_time": 126.490699768,
            "downmix": "mix"
        },
        "bit_rate": 192000,
        "length": 191.866500854,
        "lossless": 0,
        "number_channels": 2,
        "replay_gain": -7.26738739014,
        "sample_rate": 48000,
        "codec": "mp3",
        "md5_encoded": "32c7d83142ae8d0217dc582cb237ea90"
    },
    "tags": {
        "file_name": "Spain_Colgado De Un Sueño_Serafín Zubiri.mp3",
        "encoding": ["Lavf58.29.100"]
    }
},
"lowlevel": {
    "average_loudness": 0.973516941071,
    "barkbands_crest": {
        "max": 23.1344432831,
        "mean": 8.37519168854,
        "min": 2.74850964546,
        "stdev": 3.3728864193
    },
    "barkbands_flatness_db": {
        "max": 0.274198055267,
        "mean": 0.154436096549,
        "min": 0.0855288207531,
        "stdev": 0.030029354617
    },
    "barkbands_kurtosis": {
        "max": 50.9822463989,
        "mean": 1.35109376907,
        "min": -1.89861118793,
        "stdev": 3.08729147911
    },
    "barkbands_skewness": {
        "max": 6.40904712677,
        "mean": 0.969510734081,
        "min": -1.3493231535,
        "stdev": 0.798511326313
    },
    "barkbands_spread": {
        "max": 96.0692901611,
        "mean": 22.8853645325,
        "min": 3.84360718727,
        "stdev": 11.5527439117
    },
    "dissonance": {
        "max": 0.5,
        "mean": 0.462531417608,
        "min": 0.290483772755,
        "stdev": 0.026758370921
    },
    "dynamic_complexity": 1.93941676617,
    "erbbands_crest": {
        "max": 30.1865730286,
        "mean": 9.22537899017,
        "min": 2.58224797249,
        "stdev": 4.38774299622
    },
    "erbbands_flatness_db": {
        "max": 0.317734569311,
        "mean": 0.184465676546,
        "min": 0.0944993123412,
        "stdev": 0.0399923622608
    },
    "erbbands_kurtosis": {
        "max": 24.1508750916,
        "mean": 0.417752832174,
        "min": -1.72367250919,
        "stdev": 1.86014592648
    },
    "erbbands_skewness": {
        "max": 4.10857009888,
        "mean": 0.223104730248,
        "min": -2.65536665916,
        "stdev": 0.783775508404
    },
    "erbbands_spread": {
        "max": 107.008735657,
        "mean": 32.309463501,
        "min": 5.10840272903,
        "stdev": 15.0779657364
    },
    "hfc": {
        "max": 107.669845581,
        "mean": 23.4802265167,
        "min": 1.56207442284,
        "stdev": 14.6479129791
    },
    "loudness_ebu128": {
        "integrated": -16.2387638092,
        "loudness_range": 2.569896698,
        "momentary": {
            "max": -13.5245771408,
            "mean": -16.4353237152,
            "min": -22.2968845367,
            "stdev": 1.3581994772
        },
        "short_term": {
            "max": -14.2633781433,
            "mean": -16.2725353241,
            "min": -18.4167423248,
            "stdev": 0.77301877737
        }
    },
    "melbands_crest": {
        "max": 30.4929122925,
        "mean": 11.5073051453,
        "min": 4.11489629745,
        "stdev": 4.43800163269
    },
    "melbands_flatness_db": {
        "max": 0.346588224173,
        "mean": 0.176986187696,
        "min": 0.0363815277815,
        "stdev": 0.0443904697895
    },
    "melbands_kurtosis": {
        "max": 130.556503296,
        "mean": 5.64629411697,
        "min": -1.69611001015,
        "stdev": 7.97311115265
    },
    "melbands_skewness": {
        "max": 8.91647148132,
        "mean": 1.75301456451,
        "min": -0.778992414474,
        "stdev": 1.1027392149
    },
    "melbands_spread": {
        "max": 139.381835938,
        "mean": 27.5587558746,
        "min": 2.23295402527,
        "stdev": 15.5009870529
    },
    "pitch_salience": {
        "max": 0.825897455215,
        "mean": 0.582421123981,
        "min": 0.248616307974,
        "stdev": 0.0927264615893
    },
    "silence_rate_20dB": {
        "max": 1,
        "mean": 1,
        "min": 1,
        "stdev": 0
    },
    "silence_rate_30dB": {
        "max": 1,
        "mean": 0.999355256557,
        "min": 0,
        "stdev": 0.0253836717457
    },
    "silence_rate_60dB": {
        "max": 1,
        "mean": 0.00257898122072,
        "min": 0,
        "stdev": 0.0507183857262
    },
    "spectral_centroid": {
        "max": 4163.75488281,
        "mean": 1404.29992676,
        "min": 457.577331543,
        "stdev": 512.705871582
    },
    "spectral_complexity": {
        "max": 46,
        "mean": 20.9761447906,
        "min": 6,
        "stdev": 6.47378253937
    },
    "spectral_decrease": {
        "max": -4.07666428393e-10,
        "mean": -6.81055922769e-09,
        "min": -3.66815342545e-08,
        "stdev": 3.78220121888e-09
    },
    "spectral_energy": {
        "max": 0.145789131522,
        "mean": 0.0278343856335,
        "min": 0.00168031395879,
        "stdev": 0.0151199698448
    },
    "spectral_energyband_high": {
        "max": 0.0169141367078,
        "mean": 0.000548796611838,
        "min": 1.33359189931e-05,
        "stdev": 0.00104062992614
    },
    "spectral_energyband_low": {
        "max": 0.129317998886,
        "mean": 0.0070177456364,
        "min": 3.95039533032e-05,
        "stdev": 0.00864668004215
    },
    "spectral_energyband_middle_high": {
        "max": 0.0447241552174,
        "mean": 0.00797694642097,
        "min": 0.000383896316634,
        "stdev": 0.00701194955036
    },
    "spectral_energyband_middle_low": {
        "max": 0.0918791294098,
        "mean": 0.0129600390792,
        "min": 0.00100612966344,
        "stdev": 0.00917154643685
    },
    "spectral_entropy": {
        "max": 8.53478336334,
        "mean": 7.57680082321,
        "min": 6.65794897079,
        "stdev": 0.295448362827
    },
    "spectral_flux": {
        "max": 0.332087814808,
        "mean": 0.0910518988967,
        "min": 0.0231699142605,
        "stdev": 0.0392995849252
    },
    "spectral_kurtosis": {
        "max": 17.7113437653,
        "mean": 4.3302731514,
        "min": -0.7888712883,
        "stdev": 2.46961259842
    },
    "spectral_rms": {
        "max": 0.011926160194,
        "mean": 0.00502135651186,
        "min": 0.00128036353271,
        "stdev": 0.00139336008579
    },
    "spectral_rolloff": {
        "max": 8613.28125,
        "mean": 1614.44726562,
        "min": 86.1328125,
        "stdev": 1140.89672852
    },
    "spectral_skewness": {
        "max": 3.19105434418,
        "mean": 1.4770796299,
        "min": -0.0539148189127,
        "stdev": 0.375927090645
    },
    "spectral_spread": {
        "max": 12327664,
        "mean": 3887485,
        "min": 1949340.375,
        "stdev": 1232517.625
    },
    "spectral_strongpeak": {
        "max": 9.97859191895,
        "mean": 1.3159173727,
        "min": 0.0418535210192,
        "stdev": 1.44376802444
    },
    "zerocrossingrate": {
        "max": 0.24072265625,
        "mean": 0.0581259317696,
        "min": 0.00927734375,
        "stdev": 0.026140820235
    },
    "barkbands": {
        "max": [0.0131006464362, 0.0954643934965, 0.032476041466, 0.00941017270088, 0.0310930646956, 0.0191867593676, 0.0297964736819, 0.0468117892742, 0.0473312549293, 0.0394639335573, 0.029581675306, 0.0262480732054, 0.0141498353332, 0.0146834589541, 0.0115108499303, 0.010812073946, 0.0121798263863, 0.0102910604328, 0.00650955084711, 0.00249319244176, 0.00600976450369, 0.00918118283153, 0.00300565198995, 0.00223658489995, 0.000823702546768, 8.30524004414e-06, 8.86175530468e-06],
        "mean": [0.000345693901181, 0.00431056879461, 0.00194304983597, 0.000808596203569, 0.00273106386885, 0.00159055856057, 0.00230451766402, 0.00256690103561, 0.00244744936936, 0.0017440111842, 0.000708137231413, 0.000889271730557, 0.000723322387785, 0.000642097031232, 0.000941837497521, 0.000757585978135, 0.000664162624162, 0.000536869862117, 0.000550355412997, 0.000138863077154, 0.000113821755804, 0.00013479993504, 0.000111092049337, 8.34671300254e-05, 4.61783201899e-05, 6.73342057667e-08, 1.16959917307e-08],
        "min": [1.40643567903e-08, 2.19147136704e-06, 1.08457550141e-06, 1.72731722614e-06, 4.36029586126e-05, 2.48969972745e-05, 1.44773184729e-05, 1.47339524119e-05, 1.45795902426e-05, 5.85322050028e-06, 5.37142932444e-06, 5.00666965308e-06, 7.91993079474e-06, 1.36774751809e-05, 8.42845020088e-06, 1.19079059004e-05, 1.29730360641e-05, 1.3069184206e-05, 1.14562417366e-05, 5.90736362938e-06, 2.63615152107e-06, 1.17890931506e-06, 8.44046724069e-07, 3.40693929957e-07, 1.18985219899e-07, 2.80352963067e-11, 2.73909003118e-11],
        "stdev": [0.000802352791652, 0.00650261249393, 0.00240054051392, 0.000855799007695, 0.00296803377569, 0.00196840823628, 0.00334288808517, 0.00485204858705, 0.00456167245284, 0.00320894620381, 0.00190965621732, 0.00210668123327, 0.00142562668771, 0.00114568753634, 0.00148419919424, 0.00125583459157, 0.0010010447586, 0.000810822064523, 0.000797751010396, 0.000153366519953, 0.000253918493399, 0.000410202657804, 0.00024735587067, 0.000188786827493, 7.83301366027e-05, 3.70344821476e-07, 3.00719591451e-07]
    },
    "erbbands": {
        "max": [3.14912652969, 24.2080059052, 46.3448638916, 37.0942955017, 81.7347564697, 103.850761414, 144.126434326, 179.853485107, 355.171539307, 1432.5411377, 1293.37280273, 1288.94506836, 1311.23242188, 1053.5333252, 1092.47351074, 1344.82434082, 662.948486328, 807.578735352, 694.272216797, 686.838989258, 691.194152832, 844.956542969, 628.757019043, 348.079589844, 278.86730957, 161.504638672, 139.012832642, 308.714172363, 309.171875, 216.675109863, 102.101554871, 81.1298141479, 29.7677650452, 10.7419080734, 5.17590236664, 0.481428176165, 0.0154943205416, 0.00550188869238, 0.00126488681417, 0.000168670580024],
        "mean": [0.147415265441, 0.866968333721, 2.26928591728, 2.57491898537, 5.32009887695, 9.61609840393, 12.7268075943, 12.7309074402, 28.8504943848, 37.2106170654, 65.0645065308, 57.1451644897, 49.8337097168, 51.0050621033, 33.572719574, 37.9533424377, 32.9285774231, 36.8377723694, 54.3738174438, 34.3673019409, 40.1716308594, 34.7657089233, 31.7290935516, 29.5605792999, 22.4814834595, 6.98649644852, 5.02955818176, 4.31755828857, 4.5418047905, 4.46094894409, 2.91551828384, 2.10219764709, 1.17943394184, 0.605544388294, 0.285748839378, 0.0190989244729, 0.000533225131221, 4.73808941024e-05, 2.22829021368e-05, 3.46794149664e-05],
        "min": [4.66497876914e-05, 0.00114885019138, 0.00234263623133, 0.0268985908478, 0.0921682789922, 0.203363418579, 0.307491898537, 0.261025041342, 0.588321626186, 0.527502119541, 1.2526037693, 0.577737987041, 1.01484799385, 0.51609480381, 0.640901505947, 0.365852624178, 0.442840635777, 1.17680883408, 0.575031876564, 0.442986398935, 0.687423765659, 0.708435773849, 0.655137419701, 0.833325445652, 0.559675753117, 0.224761217833, 0.165727958083, 0.125938296318, 0.0551756210625, 0.0353733710945, 0.024665126577, 0.0144458934665, 0.00356140802614, 0.00143744738307, 0.000836033257656, 7.26839352865e-05, 5.94906759943e-06, 9.16454666822e-07, 1.06257471089e-06, 2.04448861041e-06],
        "stdev": [0.234359771013, 1.41448950768, 2.85091233253, 2.74946880341, 6.4291806221, 11.858130455, 16.303319931, 17.0945358276, 39.7161445618, 68.3770675659, 125.132087708, 113.351974487, 95.9286727905, 95.2863616943, 79.2611694336, 88.373664856, 58.7801971436, 64.7927322388, 86.3968658447, 48.9112472534, 62.1570167542, 51.9520149231, 46.3992271423, 43.8660926819, 31.0904827118, 7.08745670319, 7.22208309174, 13.3687448502, 13.8512153625, 11.2654695511, 6.6481719017, 5.0871887207, 2.45162391663, 1.06674444675, 0.493136942387, 0.0366807729006, 0.00104085018393, 0.000195364264073, 4.4171094487e-05, 1.8342057956e-05]
    },
    "gfcc": {
        "mean": [6.84752035141, 122.40776825, -148.057678223, 43.8419456482, -69.1681747437, 18.1724853516, -41.2389335632, 13.9769945145, -13.0015449524, -6.77324533463, -2.28301286697, -13.7450447083, 1.08822154999],
        "cov": [[1308.27185059, -426.647705078, -5.78360080719, 74.9905166626, -61.5093994141, 129.561889648, -107.979125977, 118.589416504, -22.7188682556, 18.0265331268, -49.2136802673, 71.1832046509, -17.1494789124], [-426.647705078, 732.458496094, -69.9209518433, -64.9854202271, 263.977142334, -128.2081604, 226.523971558, -22.8509654999, 96.2224731445, -46.2055702209, 99.395980835, -60.8396034241, 32.3461837769], [-5.78360080719, -69.9209518433, 492.043518066, 166.095214844, -46.9119644165, 173.688491821, -5.70952224731, 49.2427787781, -1.98738014698, 87.9374008179, -22.4587249756, 21.021730423, -6.90410423279], [74.9905166626, -64.9854202271, 166.095214844, 371.078277588, 81.5127792358, -8.92736148834, -49.423412323, -1.62547457218, 76.6109237671, 7.06058835983, 3.57494616508, 57.1960296631, 37.8659973145], [-61.5093994141, 263.977142334, -46.9119644165, 81.5127792358, 266.443695068, -56.8770256042, 44.4180107117, 21.4033889771, 47.1092224121, -7.03514814377, 35.2796363831, 1.14136147499, 31.4180316925], [129.561889648, -128.2081604, 173.688491821, -8.92736148834, -56.8770256042, 224.727203369, 46.1996574402, 27.0760154724, -39.4102859497, 46.32289505, -7.52538204193, -13.2496385574, -14.8791151047], [-107.979125977, 226.523971558, -5.70952224731, -49.423412323, 44.4180107117, 46.1996574402, 210.710708618, 14.5656261444, 15.6743249893, -13.3329296112, 49.8187866211, -33.7284622192, 0.853242099285], [118.589416504, -22.8509654999, 49.2427787781, -1.62547457218, 21.4033889771, 27.0760154724, 14.5656261444, 102.434898376, 14.6634941101, 19.6579341888, -10.2328872681, -0.299299836159, 2.6902256012], [-22.7188682556, 96.2224731445, -1.98738014698, 76.6109237671, 47.1092224121, -39.4102859497, 15.6743249893, 14.6634941101, 133.604400635, 1.86457252502, 13.3759918213, -5.18603038788, 8.16926765442], [18.0265331268, -46.2055702209, 87.9374008179, 7.06058835983, -7.03514814377, 46.32289505, -13.3329296112, 19.6579341888, 1.86457252502, 96.9514846802, 3.87366867065, -4.69645833969, 1.07821440697], [-49.2136802673, 99.395980835, -22.4587249756, 3.57494616508, 35.2796363831, -7.52538204193, 49.8187866211, -10.2328872681, 13.3759918213, 3.87366867065, 72.6847915649, 16.075252533, 0.471476227045], [71.1832046509, -60.8396034241, 21.021730423, 57.1960296631, 1.14136147499, -13.2496385574, -33.7284622192, -0.299299836159, -5.18603038788, -4.69645833969, 16.075252533, 81.0474090576, 10.650390625], [-17.1494789124, 32.3461837769, -6.90410423279, 37.8659973145, 31.4180316925, -14.8791151047, 0.853242099285, 2.6902256012, 8.16926765442, 1.07821440697, 0.471476227045, 10.650390625, 50.6474342346]],
        "icov": [[0.00123668299057, 1.32629666041e-05, 0.000990738742985, -0.000646468775813, 0.000231872414588, -0.00129921757616, 0.000524370931089, -0.00165674218442, 9.78777898126e-05, -0.000114845403004, 0.000542043184396, -0.00109272648115, 0.000793699931819], [1.32629666041e-05, 0.011952875182, -0.00718596670777, 0.00741432001814, -0.0099168587476, 0.00877201836556, -0.00814053788781, 0.00637034699321, -0.00536180008203, 0.00510260462761, -0.00729596009478, 0.00599823938683, -0.00606176676229], [0.000990738742985, -0.00718596670777, 0.00954118929803, -0.00735295424238, 0.00684597576037, -0.00867351237684, 0.00466779433191, -0.00621816050261, 0.00376598862931, -0.00582343759015, 0.00624956702814, -0.00523507222533, 0.00573881715536], [-0.000646468775813, 0.00741432001814, -0.00735295424238, 0.0104483384639, -0.00785853806883, 0.00620151171461, -0.00399202900007, 0.00639076158404, -0.00628914125264, 0.00465874746442, -0.00472617615014, 0.00184890662786, -0.00677302340046], [0.000231872414588, -0.0099168587476, 0.00684597576037, -0.00785853806883, 0.0136410770938, -0.00643521128222, 0.00594857987016, -0.00736173801124, 0.00449355272576, -0.00450551370159, 0.00407102238387, -0.00388948316686, 0.00330999703147], [-0.00129921757616, 0.00877201836556, -0.00867351237684, 0.00620151171461, -0.00643521128222, 0.0158041212708, -0.00880070682615, 0.00560695538297, -0.00185038684867, 0.0020774200093, -0.00541065540165, 0.00628406833857, -0.00439259596169], [0.000524370931089, -0.00814053788781, 0.00466779433191, -0.00399202900007, 0.00594857987016, -0.00880070682615, 0.0141734918579, -0.00625422783196, 0.00263844965957, -0.000100083045254, -0.00166528252885, -0.000447477126727, 0.00250149378553], [-0.00165674218442, 0.00637034699321, -0.00621816050261, 0.00639076158404, -0.00736173801124, 0.00560695538297, -0.00625422783196, 0.0177106186748, -0.00516331894323, 0.00114461162593, -0.000724972749595, 0.00229986081831, -0.00454494124278], [9.78777898126e-05, -0.00536180008203, 0.00376598862931, -0.00628914125264, 0.00449355272576, -0.00185038684867, 0.00263844965957, -0.00516331894323, 0.0127940671518, -0.00327542889863, 0.00178995181341, -0.000134041489218, 0.00358919240534], [-0.000114845403004, 0.00510260462761, -0.00582343759015, 0.00465874746442, -0.00450551370159, 0.0020774200093, -0.000100083045254, 0.00114461162593, -0.00327542889863, 0.016850695014, -0.00793897453696, 0.00553779955953, -0.00514951813966], [0.000542043184396, -0.00729596009478, 0.00624956702814, -0.00472617615014, 0.00407102238387, -0.00541065540165, -0.00166528252885, -0.000724972749595, 0.00178995181341, -0.00793897453696, 0.027618765831, -0.0126812951639, 0.00747006665915], [-0.00109272648115, 0.00599823938683, -0.00523507222533, 0.00184890662786, -0.00388948316686, 0.00628406833857, -0.000447477126727, 0.00229986081831, -0.000134041489218, 0.00553779955953, -0.0126812951639, 0.0224872659892, -0.00685944361612], [0.000793699931819, -0.00606176676229, 0.00573881715536, -0.00677302340046, 0.00330999703147, -0.00439259596169, 0.00250149378553, -0.00454494124278, 0.00358919240534, -0.00514951813966, 0.00747006665915, -0.00685944361612, 0.027489669621]]
    },
    "melbands": {
        "max": [0.021998455748, 0.0267969407141, 0.00642454018816, 0.00817094184458, 0.00415350357071, 0.00372282671742, 0.00512243201956, 0.0149523178115, 0.0115896956995, 0.0069806505926, 0.00653863605112, 0.00463557522744, 0.00480063259602, 0.0035422584042, 0.00293467240408, 0.00166227656882, 0.00144610845018, 0.00121314253192, 0.000623844563961, 0.000998565810733, 0.000941109610721, 0.00100738322362, 0.000774573534727, 0.000454660796095, 0.000318249920383, 0.000327848043526, 0.000131762499223, 0.000106425919512, 7.24109995645e-05, 0.000145100304508, 0.000189692917047, 0.00018203977379, 0.000162495169207, 9.34940035222e-05, 4.73022882943e-05, 9.11831011763e-05, 3.7458321458e-05, 3.16483783536e-05, 8.70462372404e-06, 1.00844590634e-05],
        "mean": [0.00123358995188, 0.00114746426698, 0.0005130127538, 0.000567734241486, 0.000439432391431, 0.000286991242319, 0.000460053124698, 0.000421082222601, 0.000536492792889, 0.000341357750585, 0.000244230090175, 0.000211629230762, 0.000109524604341, 0.000107132567791, 7.99963308964e-05, 7.01078606653e-05, 6.45948894089e-05, 8.262450865e-05, 5.32797494088e-05, 5.21522924828e-05, 4.3621079385e-05, 3.31373521476e-05, 3.94281669287e-05, 2.3195410904e-05, 2.37279637076e-05, 2.1651321731e-05, 8.0519439507e-06, 3.74215528609e-06, 3.26516669702e-06, 2.63109768639e-06, 2.43635668085e-06, 2.46855279329e-06, 2.72482407127e-06, 2.3855229756e-06, 1.70428643287e-06, 1.48708738834e-06, 1.19091339457e-06, 9.00455120245e-07, 5.76045977141e-07, 4.92503147598e-07],
        "min": [5.08801917931e-07, 2.20962033382e-06, 1.35963209686e-05, 1.00065408333e-05, 8.65020138008e-06, 4.13542829847e-06, 5.48731713934e-06, 5.60737726119e-06, 8.86420730239e-06, 2.24232076107e-06, 2.46820422944e-06, 1.62934986747e-06, 9.20976503949e-07, 1.04015612123e-06, 7.82529014032e-07, 9.24251366996e-07, 1.58201441991e-06, 6.41972746962e-07, 5.49483047507e-07, 7.23153277704e-07, 7.78998639817e-07, 3.74200340048e-07, 5.42655527624e-07, 5.98387316586e-07, 6.14465534454e-07, 3.59101335334e-07, 2.02809999905e-07, 7.22655144614e-08, 6.37191561736e-08, 3.39867618493e-08, 5.87153259346e-08, 2.4054756409e-08, 1.9570149945e-08, 1.62510609414e-08, 1.28403510047e-08, 5.17738518724e-09, 4.98248642344e-09, 2.02335548316e-09, 1.00801278435e-09, 1.22340459985e-09],
        "stdev": [0.00187447131611, 0.00151699117851, 0.000497410714161, 0.000651998620015, 0.000533212791197, 0.000372937007342, 0.000632185838185, 0.000743863813113, 0.00104196416214, 0.000673115253448, 0.000486889039166, 0.000414570444264, 0.000295976322377, 0.000257029285422, 0.00016864623467, 0.000150935637066, 0.000118498253869, 0.000134523012093, 8.09012053651e-05, 9.8956435977e-05, 7.01986864442e-05, 5.72683311475e-05, 5.71133277845e-05, 3.78005279345e-05, 3.72023860109e-05, 3.40497172147e-05, 1.01008135971e-05, 4.2759002099e-06, 4.26889619121e-06, 6.66760706736e-06, 8.08781896922e-06, 8.02449994808e-06, 7.81789822213e-06, 5.73971601625e-06, 3.77585251954e-06, 4.08539062846e-06, 2.93771836368e-06, 2.06431468541e-06, 1.0296749906e-06, 8.96734434264e-07]
    },
    "melbands128": {
        "max": [0.0129949282855, 0.0317208468914, 0.0315616540611, 0.0443052053452, 0.0312920361757, 0.0166015345603, 0.00837519206107, 0.00408851588145, 0.00983614195138, 0.0136008830741, 0.00734738400206, 0.00874673016369, 0.00578528922051, 0.00673762988299, 0.00618381751701, 0.00511986156926, 0.00711786653847, 0.00945600681007, 0.00686329882592, 0.0262566320598, 0.013344838284, 0.0159394666553, 0.0232154708356, 0.0153904240578, 0.0158651582897, 0.0107725579292, 0.00954574719071, 0.0128973517567, 0.0137336486951, 0.00909734144807, 0.0060768336989, 0.00288142589852, 0.0100631508976, 0.00567463319749, 0.00470949569717, 0.00701058469713, 0.00832820963115, 0.00635659135878, 0.00289033143781, 0.00287793832831, 0.0033942325972, 0.00332156266086, 0.00209340127185, 0.00189639709424, 0.00148570991587, 0.00221717194654, 0.0028306406457, 0.00135117967147, 0.0011592253577, 0.00196965038776, 0.00218996452168, 0.0015846301103, 0.0015315359924, 0.00182228034828, 0.00201237178408, 0.00194413028657, 0.000651395705063, 0.000767192686908, 0.0015079631703, 0.000733482767828, 0.00103159248829, 0.000571541371755, 0.000471002742415, 0.000511492311489, 0.00100884959102, 0.000677212665323, 0.000428466533776, 0.000295057630865, 0.000136921531521, 0.000235683692154, 0.00016289416817, 3.3754400647e-05, 9.35102434596e-05, 7.73714855313e-05, 6.3408362621e-05, 0.000169275037479, 0.000184109143447, 0.000224494899157, 0.000221393653192, 0.000268295319984, 0.000175767534529, 0.000233466955251, 0.000168192840647, 0.000213802530197, 0.000199926274945, 0.000121556804515, 6.69431246934e-05, 8.696786972e-05, 4.15008435084e-05, 7.92974387878e-05, 9.22468607314e-05, 0.000116248513223, 6.43149760435e-05, 4.1229512135e-05, 4.77400026284e-05, 4.90514794365e-05, 3.20267790812e-05, 1.40976499097e-05, 1.03479724203e-05, 8.47779665492e-06, 1.11846784421e-05, 1.20672111734e-05, 1.094813706e-05, 7.52714868213e-06, 6.43789326205e-06, 8.12900543679e-06, 3.67480447494e-06, 1.88025893522e-07, 5.69643816561e-08, 5.49490799528e-08, 5.29344283962e-08, 5.09248927472e-08, 4.89906852863e-08, 4.72453649536e-08, 4.5615649924e-08, 4.41220677772e-08, 4.27334718722e-08, 4.14124343706e-08, 4.02721909154e-08, 3.92584844633e-08, 3.83020797301e-08, 3.75067621405e-08, 3.6744623344e-08, 3.60494603058e-08, 3.55396423402e-08, 3.51100588603e-08, 3.48179085563e-08, 3.46319382061e-08],
        "mean": [0.00032819720218, 0.00127187778708, 0.00147925841156, 0.00142328988295, 0.00128075876273, 0.000864391680807, 0.000508452067152, 0.000386006897315, 0.00051265914226, 0.000692865753081, 0.000506985117681, 0.000461564544821, 0.000491064274684, 0.000314909091685, 0.000257037085248, 0.00029362537316, 0.000312219955958, 0.000618885387667, 0.000451981672086, 0.000401837751269, 0.000365428626537, 0.000558819447178, 0.000627828761935, 0.000413396308431, 0.000410808657762, 0.000251156598097, 0.000316126970574, 0.000237761603785, 0.000166243102285, 0.000319456623401, 0.000182357427548, 9.27712098928e-05, 0.000139410069096, 7.87220196798e-05, 0.000103568323539, 0.000126049184473, 0.000105368744698, 5.21989204572e-05, 0.000100553152151, 5.87661270401e-05, 5.54364851268e-05, 9.73621208686e-05, 6.83632315486e-05, 4.93619409099e-05, 3.96930336137e-05, 9.36813521548e-05, 0.000142529417644, 3.19624268741e-05, 2.74916747003e-05, 4.65280063509e-05, 5.82007887715e-05, 5.19702844031e-05, 5.9004411014e-05, 2.8696100344e-05, 3.5602497519e-05, 2.95399058814e-05, 2.85291644104e-05, 6.19126512902e-05, 3.14275057463e-05, 2.36505638895e-05, 2.16952885239e-05, 2.32523379964e-05, 2.50696302828e-05, 2.2045636797e-05, 2.68677613349e-05, 2.11366477743e-05, 2.22608596232e-05, 8.60960790305e-06, 5.48877324036e-06, 5.08856919623e-06, 3.88361195292e-06, 2.73339605883e-06, 3.49752190232e-06, 3.63953768101e-06, 2.61373429566e-06, 2.76083392237e-06, 2.46780882662e-06, 2.57817259808e-06, 2.25979738389e-06, 2.61430682258e-06, 2.27950545195e-06, 2.43020394919e-06, 2.85436794911e-06, 2.65542257694e-06, 2.85669875666e-06, 2.34358594753e-06, 2.5075994472e-06, 1.92035577129e-06, 1.66203210483e-06, 1.46459922234e-06, 1.52670065745e-06, 1.51481481225e-06, 1.40204952004e-06, 1.16818409879e-06, 1.11947190362e-06, 9.6592339105e-07, 9.14941779229e-07, 6.8095835104e-07, 5.98744406943e-07, 4.8822437293e-07, 5.08384459863e-07, 4.78564459172e-07, 5.1676528301e-07, 3.8393531554e-07, 3.54692730298e-07, 3.18535171573e-07, 9.70963753844e-08, 3.35823946429e-09, 8.08240557815e-11, 7.3388732591e-11, 7.02580008061e-11, 6.74913527843e-11, 6.48506318091e-11, 6.25404658616e-11, 6.0395910495e-11, 5.83330189707e-11, 5.64336390119e-11, 5.47057052436e-11, 5.32031779743e-11, 5.18404555394e-11, 5.05693716069e-11, 4.94752745717e-11, 4.84822286484e-11, 4.75949731016e-11, 4.68611954796e-11, 4.62382944433e-11, 4.58014563776e-11, 4.55461016124e-11],
        "min": [1.11935838376e-08, 1.12360652338e-07, 1.84100770184e-07, 1.06429695279e-06, 3.51668518306e-07, 6.9322913987e-07, 1.18504738111e-06, 1.24445307392e-06, 1.65524511431e-06, 1.39380256314e-06, 2.4074263365e-06, 2.98433997159e-06, 1.78784284799e-06, 1.63956144661e-06, 1.25765211578e-06, 3.24717206013e-07, 9.6360167845e-07, 1.21847119772e-06, 3.16280966217e-06, 1.92130005416e-06, 2.57937062997e-06, 9.81206795814e-08, 1.22281915083e-06, 1.17850538572e-06, 4.14021883444e-07, 7.19266381566e-07, 2.20286139552e-07, 2.0381314414e-07, 3.36428399805e-07, 7.68569563547e-08, 5.31622958988e-07, 3.82733162496e-07, 5.03453122747e-07, 3.31902981543e-07, 2.41848709948e-07, 1.85159223065e-07, 2.00146558882e-07, 3.593631277e-07, 3.04764427028e-07, 2.33903804769e-07, 1.40022038408e-07, 3.27114264564e-07, 6.26393159564e-07, 3.74997085828e-07, 1.34930189688e-07, 2.15178289409e-07, 2.90613485276e-07, 1.7238505734e-07, 3.38489229534e-07, 3.25709521576e-07, 4.86493831886e-07, 3.10911218548e-07, 2.90087569965e-07, 2.68483830723e-07, 2.32927462207e-07, 1.55277703584e-07, 1.23343781411e-07, 2.65704215963e-07, 2.63198273842e-07, 1.6523469526e-07, 2.14072542803e-07, 2.41158943481e-07, 4.89959631977e-07, 2.91594943747e-07, 1.03232423498e-07, 1.60730849075e-07, 2.03949014121e-07, 7.8291904515e-08, 8.92945806186e-08, 4.78518771274e-08, 6.2858212857e-08, 5.19994465265e-08, 3.85371308198e-08, 4.51188704176e-08, 5.54277761466e-08, 2.2860596971e-08, 1.88313986627e-08, 2.33678907335e-08, 2.9262601231e-08, 2.92999793317e-08, 2.62180339661e-08, 1.00805248593e-08, 1.76385821504e-08, 1.1306124037e-08, 1.12705693667e-08, 1.501858371e-08, 1.20462679831e-08, 7.45134265401e-09, 6.52792131461e-09, 5.54785106743e-09, 4.91258189683e-09, 4.11846023951e-09, 2.07993045009e-09, 3.23482551856e-09, 9.57139478786e-10, 9.61987822734e-10, 1.29879595967e-09, 1.17243348363e-09, 7.52895745748e-10, 9.18425280272e-10, 1.32495758809e-09, 1.63988056467e-09, 6.40945962971e-10, 7.68350882918e-10, 1.16350185042e-09, 6.62622456904e-10, 2.36857894409e-11, 1.98910142914e-13, 9.56152203854e-14, 1.04594027124e-13, 9.90399372214e-14, 8.61074314065e-14, 9.60795773996e-14, 8.11328814462e-14, 9.66770134542e-14, 9.10061549774e-14, 8.88829076529e-14, 8.26876951241e-14, 1.01124193925e-13, 8.53288387214e-14, 9.80302265145e-14, 8.53458878005e-14, 9.08154709203e-14, 9.1324266671e-14, 8.46761828949e-14, 2.95686598036e-14, 2.76705589187e-15, 1.04430043557e-16],
        "stdev": [0.000763565069064, 0.002201708965, 0.00244267075323, 0.00249839480966, 0.00174181163311, 0.0010851934785, 0.000612399890088, 0.000408271851484, 0.00074229540769, 0.000951873778831, 0.00076138053555, 0.000799233152065, 0.000742866133805, 0.000520604779013, 0.000506084586959, 0.000465490622446, 0.000498836918268, 0.00111365597695, 0.00082160247257, 0.00117661315016, 0.000917706696782, 0.00129981595092, 0.00172563584056, 0.00110519560985, 0.00125340186059, 0.000685207778588, 0.00084559165407, 0.000726852857042, 0.000499854446389, 0.000735836045351, 0.000462659489131, 0.000226772361202, 0.000550297670998, 0.00030464437441, 0.00033087292104, 0.000389984139474, 0.000407478335546, 0.000218247369048, 0.000237997141085, 0.00015480381262, 0.000235925865127, 0.000294093071716, 0.00015363006969, 0.000118546937301, 0.000112313675345, 0.000190160993952, 0.000300137762679, 8.75071127666e-05, 6.82325990056e-05, 0.000111004832434, 0.00017772972933, 0.000136130096507, 0.000123854377307, 6.84564511175e-05, 9.01930470718e-05, 8.26482500997e-05, 5.58158899366e-05, 0.00011108435865, 6.96939314366e-05, 5.24997485627e-05, 5.44922877452e-05, 4.14307869505e-05, 4.32243978139e-05, 4.33604400314e-05, 7.01076860423e-05, 4.23713063356e-05, 4.2331066652e-05, 1.73618936969e-05, 9.58703458309e-06, 7.81143990025e-06, 5.93100457991e-06, 3.35858635481e-06, 5.14728571943e-06, 5.93500044488e-06, 4.12540839534e-06, 6.72352780384e-06, 8.10395613371e-06, 9.47872467805e-06, 7.31132377041e-06, 9.96960898192e-06, 8.32233308756e-06, 8.6393492893e-06, 8.15470775706e-06, 8.48788749863e-06, 8.72633881954e-06, 6.86046587361e-06, 5.60149965168e-06, 4.88928026243e-06, 3.66918993677e-06, 3.85077510145e-06, 4.29411602454e-06, 4.97020209878e-06, 3.58601391781e-06, 2.90620027954e-06, 3.202041853e-06, 2.60715160039e-06, 2.06583445106e-06, 1.40814358929e-06, 1.144522912e-06, 8.82808990355e-07, 1.02939156932e-06, 9.44676912695e-07, 9.56684857556e-07, 7.0493962312e-07, 6.5169234631e-07, 6.33746594758e-07, 2.53053997312e-07, 1.10439692946e-08, 1.95409000092e-09, 1.87556659093e-09, 1.80265335992e-09, 1.73200420672e-09, 1.66535041313e-09, 1.60563395912e-09, 1.55007850999e-09, 1.4981885732e-09, 1.45057932333e-09, 1.40598688247e-09, 1.36727651423e-09, 1.33246313982e-09, 1.29994370823e-09, 1.27175125986e-09, 1.24616150732e-09, 1.223335655e-09, 1.20561183259e-09, 1.19160503687e-09, 1.18144882766e-09, 1.17503173858e-09]
    },
    "mfcc": {
        "mean": [-617.045043945, 129.959350586, -11.9499664307, 19.7155265808, 3.16124773026, -2.91736578941, -4.84669160843, 6.47395133972, -1.56656062603, 5.49145460129, 3.40926480293, -1.59322571754, -0.0013867925154],
        "cov": [[1385.2734375, -484.227783203, -38.9756317139, -67.3357391357, 54.1724128723, -37.362865448, -57.5534210205, 71.5643157959, -0.317902356386, 9.70172595978, -14.3072748184, -58.8685417175, 1.13197565079], [-484.227783203, 794.258850098, -263.308502197, 51.7980804443, -28.6040782928, -21.3346042633, 119.953689575, 29.8778839111, 22.7916927338, 41.1972694397, 54.1270370483, 29.9636459351, 26.1518478394], [-38.9756317139, -263.308502197, 566.204528809, -22.26146698, 10.112868309, 113.874656677, 31.856388092, -4.94669532776, 41.6580047607, 19.4017181396, 3.27061343193, 64.6553726196, 4.79475355148], [-67.3357391357, 51.7980804443, -22.26146698, 345.642211914, 138.827514648, 7.7497253418, -66.299987793, 32.7292366028, 30.0134429932, -28.8380527496, -3.27250599861, 6.90507984161, 58.4329490662], [54.1724128723, -28.6040782928, 10.112868309, 138.827514648, 208.413208008, 13.9951181412, -44.9651832581, 4.64311218262, 27.1424617767, -2.35615134239, -4.69402551651, -1.04572939873, 25.6801357269], [-37.362865448, -21.3346042633, 113.874656677, 7.7497253418, 13.9951181412, 132.606567383, 51.2888221741, 2.84110856056, 8.23369789124, 18.6592082977, 7.30124950409, 19.9492931366, 4.43954658508], [-57.5534210205, 119.953689575, 31.856388092, -66.299987793, -44.9651832581, 51.2888221741, 192.400100708, 18.123790741, 13.310336113, 23.402305603, 11.0934200287, 34.5598449707, -9.39667224884], [71.5643157959, 29.8778839111, -4.94669532776, 32.7292366028, 4.64311218262, 2.84110856056, 18.123790741, 112.414527893, 9.33285999298, -1.54008090496, 7.72396850586, -7.977186203, 14.382941246], [-0.317902356386, 22.7916927338, 41.6580047607, 30.0134429932, 27.1424617767, 8.23369789124, 13.310336113, 9.33285999298, 83.350479126, 41.7163734436, 2.68991327286, 8.14148044586, 3.90813159943], [9.70172595978, 41.1972694397, 19.4017181396, -28.8380527496, -2.35615134239, 18.6592082977, 23.402305603, -1.54008090496, 41.7163734436, 109.495132446, 15.9133653641, 5.64374685287, -4.63694572449], [-14.3072748184, 54.1270370483, 3.27061343193, -3.27250599861, -4.69402551651, 7.30124950409, 11.0934200287, 7.72396850586, 2.68991327286, 15.9133653641, 66.8572692871, 22.2746372223, 4.83011579514], [-58.8685417175, 29.9636459351, 64.6553726196, 6.90507984161, -1.04572939873, 19.9492931366, 34.5598449707, -7.977186203, 8.14148044586, 5.64374685287, 22.2746372223, 73.9278717041, 25.3784770966], [1.13197565079, 26.1518478394, 4.79475355148, 58.4329490662, 25.6801357269, 4.43954658508, -9.39667224884, 14.382941246, 3.90813159943, -4.63694572449, 4.83011579514, 25.3784770966, 73.6451034546]],
        "icov": [[0.00117374944966, 0.000995841692202, 0.000510519836098, 0.00036544536124, -0.000423609861173, 0.000269738404313, -0.000331076822476, -0.000887320726179, -0.000205824893783, -0.000368499691831, -0.000465160643216, 0.000412581430282, -0.000556313316338], [0.000995841692202, 0.00287510780618, 0.00151014316361, -0.000283669272903, 2.64653772319e-05, 0.000409924949054, -0.00165102968458, -0.000752294086851, -0.000624977285042, -0.000803330738563, -0.00154013233259, -0.000198357927729, -0.000855246908031], [0.000510519836098, 0.00151014316361, 0.00332115381025, 0.000357382319635, -1.112906034e-06, -0.00197451305576, -4.74162552564e-05, -0.00068079616176, -0.00169008481316, 1.94099284272e-05, -6.73535469105e-05, -0.00251333205961, 0.000163864460774], [0.00036544536124, -0.000283669272903, 0.000357382319635, 0.00527775008231, -0.00266305892728, -0.000895644945558, 0.00163540162612, -0.00136868667323, -0.00188086612616, 0.00171841029078, 0.000285922316834, -0.000307053356664, -0.00236208317801], [-0.000423609861173, 2.64653772319e-05, -1.112906034e-06, -0.00266305892728, 0.00716596189886, -0.000992376590148, 0.000838825420942, 0.000813269463833, -0.00152503943536, 1.36663620651e-05, 0.000148349135998, 0.000220670321141, -0.000384580605896], [0.000269738404313, 0.000409924949054, -0.00197451305576, -0.000895644945558, -0.000992376590148, 0.0109103992581, -0.00335138011724, 0.00020687484357, 0.00186699570622, -0.0018849397311, -0.000825688766781, 0.000866735877935, -0.000552492856514], [-0.000331076822476, -0.00165102968458, -4.74162552564e-05, 0.00163540162612, 0.000838825420942, -0.00335138011724, 0.00876132305712, -0.0017815597821, -0.00113000487909, 0.000261344626779, 0.00176392670255, -0.00422112410888, 0.00208759098314], [-0.000887320726179, -0.000752294086851, -0.00068079616176, -0.00136868667323, 0.000813269463833, 0.00020687484357, -0.0017815597821, 0.0110408645123, -0.000866151007358, 0.000945875945035, -0.00180285365786, 0.00365943647921, -0.00230588461272], [-0.000205824893783, -0.000624977285042, -0.00169008481316, -0.00188086612616, -0.00152503943536, 0.00186699570622, -0.00113000487909, -0.000866151007358, 0.017723813653, -0.00696245208383, 0.00148666079622, -0.000554249621928, 0.000986260711215], [-0.000368499691831, -0.000803330738563, 1.94099284272e-05, 0.00171841029078, 1.36663620651e-05, -0.0018849397311, 0.000261344626779, 0.000945875945035, -0.00696245208383, 0.0131542142481, -0.0024227949325, 0.000854552781675, -5.41764020454e-05], [-0.000465160643216, -0.00154013233259, -6.73535469105e-05, 0.000285922316834, 0.000148349135998, -0.000825688766781, 0.00176392670255, -0.00180285365786, 0.00148666079622, -0.0024227949325, 0.018776614219, -0.00675227539614, 0.00177073222585], [0.000412581430282, -0.000198357927729, -0.00251333205961, -0.000307053356664, 0.000220670321141, 0.000866735877935, -0.00422112410888, 0.00365943647921, -0.000554249621928, 0.000854552781675, -0.00675227539614, 0.0232076961547, -0.00838253460824], [-0.000556313316338, -0.000855246908031, 0.000163864460774, -0.00236208317801, -0.000384580605896, -0.000552492856514, 0.00208759098314, -0.00230588461272, 0.000986260711215, -5.41764020454e-05, 0.00177073222585, -0.00838253460824, 0.0193552859128]]
    },
    "spectral_contrast_coeffs": {
        "max": [-0.474577486515, -0.527120411396, -0.484597980976, -0.618327200413, -0.587475180626, -0.586680531502],
        "mean": [-0.734949529171, -0.740173280239, -0.73916208744, -0.766161262989, -0.77314966917, -0.773800194263],
        "min": [-0.875809192657, -0.909861207008, -0.892698407173, -0.880067229271, -0.869919061661, -0.875772356987],
        "stdev": [0.0610250197351, 0.0672878846526, 0.0655773133039, 0.051823399961, 0.050133548677, 0.0341862142086]
    },
    "spectral_contrast_valleys": {
        "max": [-5.05061340332, -4.50986337662, -5.39284515381, -5.80578756332, -6.15989017487, -8.13486385345],
        "mean": [-6.41742610931, -6.25845861435, -7.13336133957, -7.30324888229, -7.31296110153, -10.1036834717],
        "min": [-9.12289428711, -7.61593437195, -8.5454454422, -8.57768249512, -8.66445827484, -12.3668870926],
        "stdev": [0.579459607601, 0.397435843945, 0.444419294596, 0.404987633228, 0.410807222128, 0.74273699522]
    }
},
"rhythm": {
    "beats_count": 68,
    "beats_loudness": {
        "max": 0.0676317587495,
        "mean": 0.0357067994773,
        "min": 0.00746341282502,
        "stdev": 0.0117572937161
    },
    "bpm": 114.405014038,
    "bpm_histogram_first_peak_bpm": 115,
    "bpm_histogram_first_peak_weight": 0.285714328289,
    "bpm_histogram_second_peak_bpm": 110,
    "bpm_histogram_second_peak_spread": 0,
    "bpm_histogram_second_peak_weight": 0.0447761192918,
    "danceability": 1.41414630413,
    "onset_rate": 3.38864970207,
    "beats_loudness_band_ratio": {
        "max": [0.815649092197, 0.367685616016, 0.866091430187, 0.673816263676, 0.765192627907, 0.148342877626],
        "mean": [0.285992950201, 0.142123669386, 0.275472819805, 0.161197707057, 0.129112333059, 0.0432600192726],
        "min": [0.0060234577395, 0.0175709892064, 0.0280161518604, 0.0141764041036, 0.0108137810603, 0.00502630788833],
        "stdev": [0.226935252547, 0.0781951621175, 0.19159001112, 0.156992912292, 0.13092687726, 0.03162413463]
    },
    "beats_position": [0.545668900013, 1.09133780003, 1.63700675964, 2.18267560005, 2.71673464775, 3.25079369545, 3.7732424736, 4.29569149017, 4.82975053787, 5.35219955444, 5.87464857101, 6.40870714188, 6.93115615845, 7.45360517502, 7.98766422272, 8.51011276245, 9.03256225586, 9.56662082672, 10.0890703201, 10.6115188599, 11.1339683533, 11.656416893, 12.1904764175, 12.7129249573, 13.235373497, 13.7694330215, 14.2918815613, 14.8143310547, 15.3367795944, 15.8592290878, 16.3816776276, 16.904127121, 17.4149665833, 17.9258041382, 18.4482536316, 18.970703125, 19.5047607422, 20.0272102356, 20.549659729, 21.0604991913, 21.5829467773, 22.1053962708, 22.6394557953, 23.1619052887, 23.6843528748, 24.2068023682, 24.7408618927, 25.2633094788, 25.7857589722, 26.2849884033, 26.7958278656, 27.3182754517, 27.8407249451, 28.3631744385, 28.8856239319, 29.4080715179, 29.9305210114, 30.4529705048, 30.9754180908, 31.4862575531, 32.0203170776, 32.542766571, 33.0652160645, 33.5760536194, 34.0985031128, 34.6209526062, 35.1434020996, 35.6658477783],
