{
"metadata": {
    "version": {
        "essentia": "2.1-beta5",
        "essentia_git_sha": "Undefined",
        "extractor": "music 2.0"
    },
    "audio_properties": {
        "analysis": {
            "equal_loudness": 0,
            "length": 22.6510658264,
            "sample_rate": 44100,
            "start_time": 175.252609253,
            "downmix": "mix"
        },
        "bit_rate": 192000,
        "length": 197.926895142,
        "lossless": 0,
        "number_channels": 2,
        "replay_gain": -5.75438499451,
        "sample_rate": 48000,
        "codec": "mp3",
        "md5_encoded": "1972daefa3ccb1cecf5d16ef50702cf3"
    },
    "tags": {
        "file_name": "Belgium_Envie De Vivre_Nathalie Sorce.mp3",
        "encoding": ["Lavf58.29.100"]
    }
},
"lowlevel": {
    "average_loudness": 0.938036382198,
    "barkbands_crest": {
        "max": 22.7311878204,
        "mean": 8.91847896576,
        "min": 3.18249392509,
        "stdev": 4.1602730751
    },
    "barkbands_flatness_db": {
        "max": 0.266336649656,
        "mean": 0.17632804811,
        "min": 0.0879819318652,
        "stdev": 0.0289717800915
    },
    "barkbands_kurtosis": {
        "max": 19.7815494537,
        "mean": 0.953828454018,
        "min": -1.37812232971,
        "stdev": 2.18655991554
    },
    "barkbands_skewness": {
        "max": 3.76600432396,
        "mean": 0.548707902431,
        "min": -1.54975676537,
        "stdev": 0.673084139824
    },
    "barkbands_spread": {
        "max": 43.8898162842,
        "mean": 12.856877327,
        "min": 3.14290928841,
        "stdev": 4.90245246887
    },
    "dissonance": {
        "max": 0.499999910593,
        "mean": 0.474773228168,
        "min": 0.294532507658,
        "stdev": 0.0279968772084
    },
    "dynamic_complexity": 1.22785425186,
    "erbbands_crest": {
        "max": 31.8706035614,
        "mean": 10.0619878769,
        "min": 3.77027153969,
        "stdev": 5.68069791794
    },
    "erbbands_flatness_db": {
        "max": 0.331403374672,
        "mean": 0.245410099626,
        "min": 0.120023816824,
        "stdev": 0.0303286761045
    },
    "erbbands_kurtosis": {
        "max": 30.104549408,
        "mean": 0.809946000576,
        "min": -1.69971978664,
        "stdev": 2.95923686028
    },
    "erbbands_skewness": {
        "max": 4.04893112183,
        "mean": 0.496535927057,
        "min": -0.941333770752,
        "stdev": 0.559156239033
    },
    "erbbands_spread": {
        "max": 59.4857254028,
        "mean": 17.8969249725,
        "min": 3.53610014915,
        "stdev": 7.42777299881
    },
    "hfc": {
        "max": 79.0783843994,
        "mean": 31.4571228027,
        "min": 0.0634186342359,
        "stdev": 12.9207553864
    },
    "loudness_ebu128": {
        "integrated": -16.3385124207,
        "loudness_range": 1.03406524658,
        "momentary": {
            "max": -14.7379217148,
            "mean": -16.4277095795,
            "min": -21.8386325836,
            "stdev": 0.940185904503
        },
        "short_term": {
            "max": -15.5720348358,
            "mean": -16.3181266785,
            "min": -16.9447746277,
            "stdev": 0.325103670359
        }
    },
    "melbands_crest": {
        "max": 31.3687286377,
        "mean": 11.4609775543,
        "min": 3.43842697144,
        "stdev": 5.57958841324
    },
    "melbands_flatness_db": {
        "max": 0.305099606514,
        "mean": 0.159625172615,
        "min": 0.0788135752082,
        "stdev": 0.043317977339
    },
    "melbands_kurtosis": {
        "max": 41.690990448,
        "mean": 2.4797039032,
        "min": -1.45349407196,
        "stdev": 3.74833297729
    },
    "melbands_skewness": {
        "max": 5.77085447311,
        "mean": 0.897297501564,
        "min": -1.29236507416,
        "stdev": 0.823304414749
    },
    "melbands_spread": {
        "max": 59.5772781372,
        "mean": 21.6194095612,
        "min": 5.19327020645,
        "stdev": 6.99553823471
    },
    "pitch_salience": {
        "max": 0.892582774162,
        "mean": 0.659628748894,
        "min": 0.206701681018,
        "stdev": 0.151206433773
    },
    "silence_rate_20dB": {
        "max": 1,
        "mean": 1,
        "min": 1,
        "stdev": 0
    },
    "silence_rate_30dB": {
        "max": 1,
        "mean": 1,
        "min": 1,
        "stdev": 0
    },
    "silence_rate_60dB": {
        "max": 1,
        "mean": 0.00102354143746,
        "min": 0,
        "stdev": 0.0319764576852
    },
    "spectral_centroid": {
        "max": 2585.75415039,
        "mean": 1662.08825684,
        "min": 597.491516113,
        "stdev": 330.500579834
    },
    "spectral_complexity": {
        "max": 51,
        "mean": 27.1258964539,
        "min": 0,
        "stdev": 8.15594577789
    },
    "spectral_decrease": {
        "max": -1.1408670883e-11,
        "mean": -6.25645002472e-09,
        "min": -2.16777245043e-08,
        "stdev": 3.16945558687e-09
    },
    "spectral_energy": {
        "max": 0.0884397178888,
        "mean": 0.0264665801078,
        "min": 4.88110708829e-05,
        "stdev": 0.0128279561177
    },
    "spectral_energyband_high": {
        "max": 0.00157467543613,
        "mean": 0.000387176754884,
        "min": 1.49485470047e-06,
        "stdev": 0.000213347419049
    },
    "spectral_energyband_low": {
        "max": 0.0382877066731,
        "mean": 0.00203246297315,
        "min": 2.67964469458e-06,
        "stdev": 0.0054429480806
    },
    "spectral_energyband_middle_high": {
        "max": 0.0567302331328,
        "mean": 0.0153263006359,
        "min": 3.4154207242e-05,
        "stdev": 0.00838934537023
    },
    "spectral_energyband_middle_low": {
        "max": 0.0603462681174,
        "mean": 0.0092742620036,
        "min": 1.05391009129e-05,
        "stdev": 0.00899182725698
    },
    "spectral_entropy": {
        "max": 8.09442901611,
        "mean": 7.57620239258,
        "min": 6.73360872269,
        "stdev": 0.31500813365
    },
    "spectral_flux": {
        "max": 0.228377103806,
        "mean": 0.0994869619608,
        "min": 0.0315742976964,
        "stdev": 0.0297688078135
    },
    "spectral_kurtosis": {
        "max": 16.9822330475,
        "mean": 5.78849363327,
        "min": 1.26730012894,
        "stdev": 2.11762809753
    },
    "spectral_rms": {
        "max": 0.0092888455838,
        "mean": 0.00494908262044,
        "min": 0.000218221350224,
        "stdev": 0.00115219701547
    },
    "spectral_rolloff": {
        "max": 3380.71289062,
        "mean": 1884.4519043,
        "min": 86.1328125,
        "stdev": 520.971618652
    },
    "spectral_skewness": {
        "max": 3.01676106453,
        "mean": 1.71111190319,
        "min": 0.857970833778,
        "stdev": 0.233263000846
    },
    "spectral_spread": {
        "max": 6436062,
        "mean": 3119311.5,
        "min": 2135070.75,
        "stdev": 652027.625
    },
    "spectral_strongpeak": {
        "max": 10.7247972488,
        "mean": 2.03845000267,
        "min": 0,
        "stdev": 1.85911631584
    },
    "zerocrossingrate": {
        "max": 0.09765625,
        "mean": 0.0680430158973,
        "min": 0.01806640625,
        "stdev": 0.0137381060049
    },
    "barkbands": {
        "max": [0.00213983654976, 0.0245863180608, 0.0316156744957, 0.0154100377113, 0.012995027937, 0.020375886932, 0.0348460040987, 0.0523497834802, 0.054514862597, 0.0326853916049, 0.0517673380673, 0.0266407746822, 0.0133905028924, 0.0146245043725, 0.0282503329217, 0.0108434921131, 0.0121855186298, 0.0104492008686, 0.00259600044228, 0.00112327572424, 0.000731995911337, 0.000394483591663, 0.000527505588252, 0.000264932023128, 0.000351176247932, 1.78748960025e-05, 1.85026237887e-05],
        "mean": [9.67588784988e-05, 0.00124768307433, 0.000543233531062, 0.000260984990746, 0.000441674696049, 0.000600725936238, 0.000465765886474, 0.00307697081007, 0.00358907482587, 0.00261408160441, 0.00253051915206, 0.00230373186059, 0.00119378708769, 0.00115300272591, 0.00272820354439, 0.00100483593997, 0.00101869064383, 0.000748211808968, 0.0003697189386, 0.000190853170352, 0.00011057973461, 7.40564501029e-05, 4.93285260745e-05, 2.66768711299e-05, 2.73274781648e-05, 2.86689854079e-08, 1.97753404763e-08],
        "min": [7.55402407293e-09, 7.78358696607e-07, 1.73864464159e-07, 1.85528421071e-07, 2.79675788306e-07, 5.99284987857e-07, 2.60945148511e-06, 3.52102870238e-06, 1.87272758012e-06, 4.76040668218e-06, 3.16753539664e-06, 1.29584577735e-05, 1.63147569765e-06, 1.01748037196e-06, 2.44089142143e-06, 4.17388082496e-06, 1.50818493694e-06, 4.73638749554e-07, 8.37646325635e-07, 1.0763485534e-06, 5.34005778263e-07, 1.81834437285e-07, 2.2506753794e-07, 3.83378626623e-08, 3.54433176142e-08, 3.9390660872e-11, 4.284087321e-11],
        "stdev": [0.000311778334435, 0.00374246900901, 0.00263512949459, 0.00129213323817, 0.00108224293217, 0.00166925776284, 0.00126093672588, 0.00645362120122, 0.00440760888159, 0.00283599598333, 0.00647124368697, 0.00280631193891, 0.00117957883049, 0.0010645519942, 0.00439046183601, 0.000983488047495, 0.00148579769302, 0.000821927096695, 0.000345644424669, 0.000151523810928, 8.24987073429e-05, 5.29914686922e-05, 4.07442130381e-05, 2.18626737478e-05, 3.95927163481e-05, 5.73378144963e-07, 5.91623688706e-07]
    },
    "erbbands": {
        "max": [1.04247069359, 7.03760051727, 25.9301376343, 31.0128917694, 53.0991210938, 39.263469696, 94.3475799561, 262.894226074, 488.502716064, 960.010009766, 1411.11535645, 1120.29748535, 1048.05749512, 1501.2019043, 2364.89892578, 895.897094727, 421.3387146, 417.860290527, 1522.62390137, 1164.18371582, 390.843322754, 673.948181152, 630.753723145, 231.858673096, 120.645095825, 77.2539367676, 31.5359401703, 28.1438426971, 15.3606901169, 11.6645212173, 17.292093277, 6.62906837463, 3.73488497734, 3.40129876137, 2.8433713913, 0.114574365318, 0.0329018309712, 0.0115594556555, 0.00263539608568, 0.000287269009277],
        "mean": [0.045425157994, 0.242523774505, 0.621578574181, 0.793893098831, 1.11138832569, 1.50609850883, 2.78714489937, 5.56598901749, 6.25397825241, 15.7868337631, 91.4926452637, 77.8824310303, 83.4969024658, 82.0437011719, 106.757316589, 94.9825134277, 61.7408332825, 61.6416091919, 125.59475708, 87.3002700806, 61.3987770081, 52.9894981384, 40.0932006836, 26.7405109406, 17.027381897, 9.13338088989, 5.57083082199, 3.86563467979, 2.74454498291, 2.1220870018, 1.23675751686, 0.674857199192, 0.394984394312, 0.31101873517, 0.189907491207, 0.00900216866285, 0.000302185770124, 3.68077562598e-05, 2.11773949559e-05, 3.36746161338e-05],
        "min": [4.34857211076e-05, 0.000180843926501, 0.000393994530896, 0.000511304533575, 0.000870543648489, 0.000945794803556, 0.00085702422075, 0.00706882355735, 0.0279566124082, 0.0590901561081, 0.0682502016425, 0.0355855040252, 0.130020603538, 0.140074878931, 0.343426078558, 0.453563511372, 0.10220592469, 0.0416160970926, 0.122558496892, 0.192289620638, 0.160630851984, 0.0825940072536, 0.0201827641577, 0.0424944348633, 0.0535744689405, 0.052760027349, 0.0174596644938, 0.0236480478197, 0.00766318105161, 0.00736998626962, 0.00646436261013, 0.00116034061648, 0.000699264346622, 0.000494185369462, 0.000139208626933, 1.61898860824e-05, 2.32206275541e-06, 6.96144695667e-07, 1.81333390969e-07, 7.70813102235e-08],
        "stdev": [0.14072163403, 0.825188338757, 2.72739291191, 3.32385063171, 4.08283567429, 3.58675813675, 6.77769041061, 18.4558181763, 17.2194595337, 43.9974822998, 172.062240601, 94.0625457764, 90.4000396729, 95.0448684692, 272.451385498, 106.575050354, 51.0471839905, 49.0450782776, 193.102203369, 101.193862915, 58.0294837952, 70.0533218384, 47.5277481079, 27.7144165039, 15.712600708, 7.66776895523, 3.62775826454, 2.99807858467, 2.05104398727, 1.60546875, 1.15232181549, 0.540807425976, 0.345800459385, 0.377730458975, 0.312911063433, 0.0140825621784, 0.00111191964243, 0.000369806861272, 8.41504806885e-05, 1.74148135557e-05]
    },
    "gfcc": {
        "mean": [-8.70818805695, 85.0320053101, -199.094268799, 13.9769487381, -73.3507766724, 22.0522480011, -35.5155715942, 16.9979057312, -11.3974952698, -5.33214998245, -5.7404961586, -13.6420087814, 4.87495851517],
        "cov": [[547.649780273, 15.4862613678, 217.089385986, 148.020446777, 39.0021438599, -6.08504104614, -79.231590271, 50.4400863647, 14.8615570068, 15.0339355469, -28.6399173737, -8.17681503296, -50.1373138428], [15.4862613678, 404.133911133, 480.662811279, 177.875991821, 114.2552948, -64.1772384644, -40.478012085, 30.2259654999, 29.1496543884, 28.8074188232, 36.6725234985, -44.3746414185, -58.3408813477], [217.089385986, 480.662811279, 1063.61608887, 434.059356689, 156.277877808, -63.5638694763, -147.380493164, 161.096969604, 68.1918716431, 72.1913833618, -20.7985343933, -13.8231954575, -135.02835083], [148.020446777, 177.875991821, 434.059356689, 302.547668457, 100.069297791, -54.0237426758, -74.6256256104, 93.9787750244, 80.6045150757, 30.1235637665, -30.1057929993, -15.2553482056, -73.1311416626], [39.0021438599, 114.2552948, 156.277877808, 100.069297791, 135.81237793, 6.49816989899, 0.15208658576, 39.4920730591, 12.0917377472, 42.9565353394, 14.3848485947, -45.2535247803, -54.7478103638], [-6.08504104614, -64.1772384644, -63.5638694763, -54.0237426758, 6.49816989899, 173.30859375, 87.2683868408, -30.9815788269, -38.2513694763, 16.9636306763, 20.7449989319, 52.7664146423, 41.6227340698], [-79.231590271, -40.478012085, -147.380493164, -74.6256256104, 0.15208658576, 87.2683868408, 114.385787964, -6.82039833069, -7.54980945587, 6.03195524216, 24.1825256348, 13.8767490387, 33.8013000488], [50.4400863647, 30.2259654999, 161.096969604, 93.9787750244, 39.4920730591, -30.9815788269, -6.82039833069, 132.257644653, 86.6921081543, 21.146905899, -19.315454483, -13.4271888733, -39.4353523254], [14.8615570068, 29.1496543884, 68.1918716431, 80.6045150757, 12.0917377472, -38.2513694763, -7.54980945587, 86.6921081543, 129.620010376, 9.27021408081, -18.0441532135, 1.24988484383, -10.0683574677], [15.0339355469, 28.8074188232, 72.1913833618, 30.1235637665, 42.9565353394, 16.9636306763, 6.03195524216, 21.146905899, 9.27021408081, 77.6870346069, 32.4923095703, -4.25324869156, -12.5778560638], [-28.6399173737, 36.6725234985, -20.7985343933, -30.1057929993, 14.3848485947, 20.7449989319, 24.1825256348, -19.315454483, -18.0441532135, 32.4923095703, 87.5347900391, 19.9039554596, 15.9099168777], [-8.17681503296, -44.3746414185, -13.8231954575, -15.2553482056, -45.2535247803, 52.7664146423, 13.8767490387, -13.4271888733, 1.24988484383, -4.25324869156, 19.9039554596, 98.5900421143, 62.1303024292], [-50.1373138428, -58.3408813477, -135.02835083, -73.1311416626, -54.7478103638, 41.6227340698, 33.8013000488, -39.4353523254, -10.0683574677, -12.5778560638, 15.9099168777, 62.1303024292, 89.4756164551]],
        "icov": [[0.00248085171916, 1.2696677004e-05, 0.000431061373092, -0.00148289452773, 0.000594912155066, -0.00182649400085, 0.00262715364806, -0.00140192906838, 0.00085896049859, 2.01997154363e-05, -0.000313753000228, 0.000729724648409, 8.88165668584e-05], [1.2696677004e-05, 0.0218721721321, -0.0157971810549, 0.00633645383641, -0.0120377792045, 0.0125959310681, -0.0148339672014, 0.0191082041711, -0.0119974641129, 0.00858334265649, -0.00957372691482, 0.00848275516182, -0.00792309176177], [0.000431061373092, -0.0157971810549, 0.0145483519882, -0.00856441259384, 0.00910382904112, -0.010522662662, 0.0135294897482, -0.0166052617133, 0.0110076246783, -0.00674459058791, 0.00591123010963, -0.00659220525995, 0.00674908282235], [-0.00148289452773, 0.00633645383641, -0.00856441259384, 0.0156179396436, -0.0102308038622, 0.00671530887485, -0.00506692845374, 0.00877035222948, -0.0096380840987, 0.00262168026529, 0.00119650084525, -0.00278569268994, 0.000542354770005], [0.000594912155066, -0.0120377792045, 0.00910382904112, -0.0102308038622, 0.0244885813445, -0.0116804931313, 0.00786554347724, -0.0129642793909, 0.00866118539125, -0.00807721354067, 0.000214948740904, 0.00448426930234, 0.00628050649539], [-0.00182649400085, 0.0125959310681, -0.010522662662, 0.00671530887485, -0.0116804931313, 0.0247493460774, -0.0229589249939, 0.0157347582281, -0.00485846213996, 0.00119366671424, 0.000271803699434, -0.00690437620506, -0.00188658444677], [0.00262715364806, -0.0148339672014, 0.0135294897482, -0.00506692845374, 0.00786554347724, -0.0229589249939, 0.0362456962466, -0.0209325738251, 0.00784124433994, -0.00316141801886, 0.000370520894649, 0.00292462296784, -0.00100823596586], [-0.00140192906838, 0.0191082041711, -0.0166052617133, 0.00877035222948, -0.0129642793909, 0.0157347582281, -0.0209325738251, 0.0379847027361, -0.0224776361138, 0.0046931062825, -0.00379037437961, 0.00224534771405, 0.00042493044748], [0.00085896049859, -0.0119974641129, 0.0110076246783, -0.0096380840987, 0.00866118539125, -0.00485846213996, 0.00784124433994, -0.0224776361138, 0.0250525511801, -0.0059584188275, 0.00560907553881, -0.00484504690394, 0.000431900727563], [2.01997154363e-05, 0.00858334265649, -0.00674459058791, 0.00262168026529, -0.00807721354067, 0.00119366671424, -0.00316141801886, 0.0046931062825, -0.0059584188275, 0.0234603434801, -0.0119189750403, 0.00622948817909, -0.00424128677696], [-0.000313753000228, -0.00957372691482, 0.00591123010963, 0.00119650084525, 0.000214948740904, 0.000271803699434, 0.000370520894649, -0.00379037437961, 0.00560907553881, -0.0119189750403, 0.0236049350351, -0.0125167164952, 0.0051247975789], [0.000729724648409, 0.00848275516182, -0.00659220525995, -0.00278569268994, 0.00448426930234, -0.00690437620506, 0.00292462296784, 0.00224534771405, -0.00484504690394, 0.00622948817909, -0.0125167164952, 0.0352779477835, -0.0223851185292], [8.88165668584e-05, -0.00792309176177, 0.00674908282235, 0.000542354770005, 0.00628050649539, -0.00188658444677, -0.00100823596586, 0.00042493044748, 0.000431900727563, -0.00424128677696, 0.0051247975789, -0.0223851185292, 0.0360618978739]]
    },
    "melbands": {
        "max": [0.00716492766514, 0.0111253112555, 0.00559175992385, 0.0032155206427, 0.0025854462292, 0.00501684378833, 0.00759834051132, 0.0121478298679, 0.011752506718, 0.00603857077658, 0.00538474088535, 0.00554765341803, 0.00854403618723, 0.00315767130814, 0.00245490740053, 0.00168013374787, 0.000679111573845, 0.00207405700348, 0.00233353907242, 0.00132225593552, 0.000635547097772, 0.000997623312287, 0.000720180163626, 0.000286728114588, 0.000208542303881, 0.000147307509906, 6.46404951112e-05, 5.31145415152e-05, 2.45255832851e-05, 2.30825899052e-05, 1.29347390612e-05, 9.88099509414e-06, 7.88336819824e-06, 7.19499394108e-06, 1.18338057291e-05, 4.69763244837e-06, 3.85776820622e-06, 2.99400880976e-06, 1.99080045604e-06, 3.56106966137e-06],
        "mean": [0.000368522771169, 0.000314659351716, 0.000143888959428, 0.000102272097138, 8.74232500792e-05, 0.000121224235045, 9.46303480305e-05, 0.00022771237127, 0.000788099889178, 0.000480910617625, 0.000416777009377, 0.00032235076651, 0.000369060202502, 0.000239213390159, 0.000220767309656, 0.000114154303446, 0.000108620552055, 0.000176645204192, 0.000201061367989, 7.0334841439e-05, 7.402846677e-05, 6.17314799456e-05, 3.64517509297e-05, 3.49423535226e-05, 2.0023995603e-05, 1.38293644341e-05, 8.44823443913e-06, 5.70551173951e-06, 3.70778479919e-06, 2.62812795881e-06, 2.10111693377e-06, 1.61086609296e-06, 1.27617636281e-06, 1.13485225484e-06, 7.4473530276e-07, 5.12246685958e-07, 3.67636687315e-07, 2.84483746782e-07, 2.24763397227e-07, 2.85133836542e-07],
        "min": [2.94945380119e-07, 2.38451093537e-07, 9.93617845779e-08, 6.79251428437e-08, 2.99390521263e-08, 1.61659372111e-07, 4.57633746009e-07, 6.97186408161e-07, 4.87011220685e-07, 2.4587268399e-07, 6.69879739235e-07, 5.53829295313e-07, 7.04315823441e-07, 1.64480366038e-06, 5.76599404667e-07, 9.4291891628e-08, 6.54678373735e-08, 1.85973291877e-07, 1.86880043884e-07, 3.48307167997e-07, 1.4618497346e-07, 1.03102784976e-07, 2.17045847961e-08, 1.90320577076e-08, 3.50501458968e-08, 3.46136133089e-08, 4.28738644587e-08, 3.3358578122e-08, 9.2380592065e-09, 1.27727632915e-08, 1.23426744381e-08, 3.30932903303e-09, 4.11184020166e-09, 4.23414636685e-09, 4.72428096643e-09, 1.12287512621e-09, 5.24553345205e-10, 4.69688066218e-10, 5.05702535403e-10, 3.78787196054e-10],
        "stdev": [0.00108293164521, 0.00116340816021, 0.000570515345316, 0.000271447614068, 0.000203709336347, 0.000369091547327, 0.000266656512395, 0.000650110247079, 0.00144549738616, 0.000585934438277, 0.000465512624942, 0.000371418020222, 0.000999202486128, 0.000301894237055, 0.000293912657071, 0.000123330770293, 9.52584377956e-05, 0.000264701549895, 0.000334292009939, 7.95760206529e-05, 8.81802625372e-05, 9.86933082459e-05, 5.42716261407e-05, 3.7325629819e-05, 2.4483213565e-05, 1.49076404341e-05, 8.3382401499e-06, 5.91554908169e-06, 2.5980002647e-06, 2.17379670175e-06, 1.70646717379e-06, 1.28450017201e-06, 9.86883264886e-07, 9.71368990577e-07, 7.8239480672e-07, 4.32439918541e-07, 3.09343818117e-07, 2.59972694039e-07, 2.07960582088e-07, 4.02583481218e-07]
    },
    "melbands128": {
        "max": [0.00205969507806, 0.00971926562488, 0.0107324188575, 0.015354141593, 0.0168626606464, 0.0164468158036, 0.00717966258526, 0.00892861094326, 0.00592460669577, 0.00299839861691, 0.00204517715611, 0.00188259826973, 0.00452443538234, 0.00539130624384, 0.00928147137165, 0.00499064521864, 0.00460799550638, 0.0126573219895, 0.00655527506024, 0.0121965780854, 0.0209631323814, 0.0127550279722, 0.022808143869, 0.0217584334314, 0.0083261243999, 0.0101119829342, 0.00441644294187, 0.00880170054734, 0.00587127264589, 0.00452720513567, 0.0117408027872, 0.00834293011576, 0.0178428888321, 0.0158210620284, 0.00841667130589, 0.00288458541036, 0.00511487666517, 0.00533978221938, 0.0012350177858, 0.00078607694013, 0.00385438953526, 0.00298589398153, 0.0011804625392, 0.000668127671815, 0.00411938223988, 0.00426780153066, 0.00633597234264, 0.00563082424924, 0.00227764691226, 0.00418007094413, 0.000899216742255, 0.000718840048648, 0.000997668481432, 0.00157046085224, 0.00199749227613, 0.00187924562488, 0.000983390724286, 0.000959467783105, 0.00153056206182, 0.000769171165302, 0.000570348754991, 0.000377055490389, 0.00059449422406, 0.000162341399118, 0.000298598024528, 0.000299082137644, 0.000212693790672, 0.00016541146033, 0.000122794415802, 9.98946925392e-05, 0.000121129720355, 7.68318132032e-05, 5.56434060854e-05, 2.34335238929e-05, 2.15793352254e-05, 1.83663596545e-05, 4.01408942707e-05, 1.75523327925e-05, 1.95399370568e-05, 1.74294964381e-05, 1.49096686073e-05, 1.23214767882e-05, 1.23224135677e-05, 1.25707083498e-05, 1.64014327311e-05, 1.36067055792e-05, 9.86893701338e-06, 1.32414761538e-05, 2.07107386814e-05, 1.60890631378e-05, 6.33514537185e-06, 6.36470213067e-06, 4.59438615508e-06, 5.04370382259e-06, 2.94094820674e-06, 3.62429500456e-06, 3.35045206157e-06, 3.35663366968e-06, 2.08488813769e-06, 2.39768110077e-06, 3.13709665534e-06, 2.9119617011e-06, 6.60806153974e-06, 1.005233662e-05, 2.55385862147e-06, 2.25158851208e-06, 6.74772081766e-07, 1.32788983365e-07, 1.24942644675e-07, 1.18475647071e-07, 1.12973360444e-07, 1.08147183653e-07, 1.03723969858e-07, 9.96304265755e-08, 9.59698240877e-08, 9.26416774405e-08, 8.96144740636e-08, 8.68962217737e-08, 8.43823002583e-08, 8.19585110889e-08, 7.98575001681e-08, 7.81235485192e-08, 7.65117889046e-08, 7.51584678937e-08, 7.39985992482e-08, 7.3077011109e-08, 7.24080493342e-08, 7.20152115719e-08],
        "mean": [9.11650859052e-05, 0.000394424016122, 0.000456530746305, 0.000377447053324, 0.00034155024332, 0.000243462665821, 0.000164296114235, 0.000118997202662, 9.58813543548e-05, 0.000141416167025, 7.03444384271e-05, 5.35569015483e-05, 9.38714510994e-05, 0.000120568423881, 0.000145502548548, 0.00010791348177, 8.73303361004e-05, 0.000101124511275, 8.82441454451e-05, 0.00011396494665, 0.000269249634584, 0.000635935924947, 0.00110416486859, 0.000629239948466, 0.000393271329813, 0.000488630728796, 0.000456168578239, 0.000409938947996, 0.00038126722211, 0.000354682997568, 0.000292041309876, 0.000272386037977, 0.000486894568894, 0.000336058670655, 0.000207055083592, 0.000200938433409, 0.000300374493236, 0.000283237488475, 0.000123941892525, 0.000105269427877, 0.000117219678941, 0.000115804847155, 0.000119388379971, 9.5375085948e-05, 9.57446609391e-05, 0.000158670169185, 0.000317968195304, 0.000281186104985, 0.000103703343484, 7.70379265305e-05, 6.62898601149e-05, 6.61679223413e-05, 6.10277202213e-05, 8.45431277412e-05, 8.98195576156e-05, 6.06211578997e-05, 3.71224668925e-05, 3.45393527823e-05, 3.80971323466e-05, 3.62772589142e-05, 3.54326512024e-05, 3.39662583428e-05, 2.74704489129e-05, 1.28066367324e-05, 1.35730433612e-05, 1.42382396007e-05, 1.44901023305e-05, 1.09763386718e-05, 6.73190652378e-06, 5.04530589751e-06, 6.42428631181e-06, 5.68315590499e-06, 4.33187278759e-06, 3.34226547238e-06, 2.99579278362e-06, 2.70347959486e-06, 2.49258391705e-06, 2.23222400564e-06, 2.10115626942e-06, 1.91171648112e-06, 1.71656654402e-06, 1.45885462643e-06, 1.37141660161e-06, 1.25039798604e-06, 1.17950651202e-06, 1.33195385388e-06, 1.08854226255e-06, 7.98911173661e-07, 7.90132332895e-07, 6.47805109111e-07, 5.49008177586e-07, 4.79981679291e-07, 4.3372213554e-07, 3.77826637532e-07, 3.16902116992e-07, 3.01121673374e-07, 2.85548111378e-07, 2.50209609476e-07, 2.23529681875e-07, 2.06398169666e-07, 2.27005884312e-07, 2.59582549234e-07, 3.92875705302e-07, 4.26940800935e-07, 2.03703876878e-07, 1.35162764536e-07, 2.62649972882e-08, 7.30066174182e-10, 1.337657346e-10, 1.26530161348e-10, 1.20680160309e-10, 1.15546815171e-10, 1.10832183708e-10, 1.06468903138e-10, 1.0256343691e-10, 9.90188625538e-11, 9.57748325092e-11, 9.28781634935e-11, 9.02040109274e-11, 8.76203207212e-11, 8.53723064465e-11, 8.35240487884e-11, 8.18102946498e-11, 8.03571306718e-11, 7.90587942334e-11, 7.79672507112e-11, 7.71960481649e-11, 7.67683069891e-11],
        "min": [5.47161427278e-09, 3.56718210526e-08, 1.37458783911e-07, 1.57147638902e-07, 6.481062087e-08, 9.27798211592e-08, 1.00737537423e-07, 9.20244005442e-08, 8.93118112799e-08, 7.5470317995e-08, 5.11756859112e-08, 2.7568592742e-08, 1.58283715024e-08, 3.77822289011e-08, 1.14596133471e-07, 2.33661964444e-07, 3.75446433054e-07, 4.8557461696e-07, 5.72261058096e-07, 5.32947410647e-07, 7.1348893016e-07, 7.54952679927e-07, 5.03306807786e-07, 1.63324386904e-07, 6.99614375321e-08, 2.88729381737e-07, 4.97545784128e-07, 7.02175498191e-07, 7.23672371805e-07, 6.36147944988e-07, 4.96682048379e-07, 2.67029037104e-07, 1.82114405334e-07, 2.30227442444e-07, 4.87909858293e-07, 5.73569423068e-07, 2.43410624989e-07, 1.84109893553e-07, 3.23495754628e-07, 1.15269571666e-07, 1.94804989917e-08, 8.48624779337e-08, 8.26904127393e-08, 1.93675795401e-08, 1.1841369485e-07, 2.57679062088e-07, 2.13367414403e-07, 1.82776801694e-07, 1.22448881257e-07, 3.09054627223e-07, 2.61708095195e-07, 1.52174735035e-07, 1.36560700525e-07, 9.00711683016e-08, 1.47542664308e-07, 1.29223508338e-07, 4.43674572637e-08, 2.49516300954e-08, 1.38300491059e-08, 1.21097594175e-08, 3.6985345897e-09, 3.3716801795e-08, 6.38000940967e-08, 2.38989272816e-08, 8.75061978434e-09, 4.8407134301e-08, 3.450547581e-08, 4.23639363589e-08, 5.06129715916e-08, 3.26348477131e-08, 4.76812118677e-08, 2.48379770085e-08, 7.65436070083e-09, 7.96595944763e-09, 7.11651537699e-09, 1.08908224661e-08, 1.24579866423e-08, 2.68692375016e-08, 1.00052073293e-08, 2.33944952299e-09, 1.68428160308e-09, 5.96743676695e-09, 2.78345146931e-09, 5.19837639601e-09, 2.79515321999e-09, 4.25446877728e-09, 3.95590582514e-09, 5.7828994926e-09, 5.62718982522e-09, 3.80068154726e-09, 1.24342536267e-09, 4.49851711437e-10, 4.64460470084e-10, 7.92953869233e-10, 2.42444758713e-10, 4.74953520957e-10, 5.8956717286e-10, 4.10314365817e-10, 3.88960003095e-10, 7.0672812047e-10, 4.17709811185e-10, 3.2620500745e-10, 3.0325614242e-10, 2.54978760328e-10, 7.41996811215e-11, 1.29040569896e-10, 1.03364927728e-10, 3.27666686102e-13, 1.85779329745e-13, 1.53301606435e-13, 1.47480633391e-13, 1.21358516769e-13, 1.34864287706e-13, 1.13715365791e-13, 1.21189706491e-13, 1.49794822271e-13, 1.2309841731e-13, 1.35412243484e-13, 1.37236142589e-13, 1.57645923225e-13, 1.16946654184e-13, 1.14843329074e-13, 1.60979085964e-13, 1.32597993458e-13, 7.9368484712e-14, 4.05599897202e-14, 5.00015026061e-15, 2.59133954224e-16],
        "stdev": [0.000302806380205, 0.00131359416991, 0.00148676498793, 0.00148435018491, 0.00152736960445, 0.00124230876099, 0.000726794067305, 0.000669324945193, 0.000412222725572, 0.00035810447298, 0.00018303716206, 0.000154322537128, 0.000263273832388, 0.000395133072743, 0.000631604227237, 0.000328290421749, 0.000200670852792, 0.000430764717748, 0.000249105971307, 0.000461806776002, 0.00119518872816, 0.00164660229348, 0.00242771883495, 0.00148909422569, 0.000730893283617, 0.000848026189487, 0.000587115006056, 0.000621074053925, 0.000522442220245, 0.000445764337201, 0.000594102370087, 0.000621337851044, 0.00181321788114, 0.00120508100372, 0.000487004435854, 0.000284249923425, 0.000504305004142, 0.000559590698685, 0.000142833901918, 0.000122430414194, 0.000201279544854, 0.000157651476911, 0.000130772314151, 9.91990891634e-05, 0.000180214250577, 0.00035070622107, 0.000731651554815, 0.000662647769786, 0.000177619906026, 0.000168190919794, 8.23840382509e-05, 8.51457079989e-05, 8.63699606271e-05, 0.00016032748681, 0.000207145945751, 0.000150586420204, 5.92116775806e-05, 6.14054006292e-05, 8.94283657544e-05, 7.22307377146e-05, 5.68015493627e-05, 5.3506992117e-05, 5.89222763665e-05, 1.52544607772e-05, 2.67285868176e-05, 2.18323475565e-05, 2.14330484596e-05, 1.73864536919e-05, 9.45989268075e-06, 7.11891289029e-06, 1.12291982077e-05, 6.79562481309e-06, 4.19376419813e-06, 3.20955882671e-06, 2.77191156783e-06, 2.49485174209e-06, 2.70180998996e-06, 2.13956514017e-06, 2.09825043385e-06, 1.85728174529e-06, 1.63934578268e-06, 1.41723523939e-06, 1.31564968342e-06, 1.27753105517e-06, 1.18287039186e-06, 1.41805924159e-06, 1.1107233604e-06, 8.04680610145e-07, 1.15524619559e-06, 8.79778667695e-07, 5.05651200911e-07, 4.71960106552e-07, 4.3153974616e-07, 3.69082982843e-07, 2.97776466596e-07, 3.11843024292e-07, 2.94880351248e-07, 2.75507005654e-07, 2.34930283227e-07, 2.10187181438e-07, 2.8299947985e-07, 3.4434248164e-07, 7.59272495543e-07, 9.48097579112e-07, 2.88736117682e-07, 2.19511591126e-07, 5.66562228244e-08, 4.86220841367e-09, 3.99501942638e-09, 3.78827547109e-09, 3.61233576385e-09, 3.45802075863e-09, 3.31656724306e-09, 3.18568038615e-09, 3.06862912858e-09, 2.96221047691e-09, 2.86544277195e-09, 2.77851253117e-09, 2.69812794329e-09, 2.62063126755e-09, 2.55345034006e-09, 2.4979978086e-09, 2.44647413439e-09, 2.40319764089e-09, 2.36611641391e-09, 2.33664110283e-09, 2.31526176009e-09, 2.30270380541e-09]
    },
    "mfcc": {
        "mean": [-621.405395508, 104.357086182, -58.0262031555, -10.9663972855, -13.5495882034, -6.40090942383, -4.96853542328, 6.59050655365, 4.31990289688, 6.62232303619, 2.86385083199, -2.59538221359, 0.396718889475],
        "cov": [[552.57635498, -204.349334717, -126.783576965, -74.4142227173, -32.4438171387, 19.1287269592, -44.2710838318, 15.9817667007, 36.0921058655, -48.0465164185, -33.3511314392, 30.2180194855, -45.3105392456], [-204.349334717, 361.786590576, 329.839080811, 207.587615967, 137.437835693, -13.1900892258, 38.8166618347, -22.4096279144, -60.6718482971, 68.227684021, 42.923828125, -16.8403778076, 72.586807251], [-126.783576965, 329.839080811, 817.060058594, 456.339172363, 323.029144287, -29.602678299, -55.2694358826, 22.4915046692, -1.58359289169, 41.4167747498, 59.2508430481, 87.5881195068, 139.972106934], [-74.4142227173, 207.587615967, 456.339172363, 440.364929199, 255.497543335, -74.5769271851, -70.0881881714, 0.779625415802, 2.6707868576, 75.309173584, 85.3857803345, 65.8035736084, 91.0663604736], [-32.4438171387, 137.437835693, 323.029144287, 255.497543335, 215.719039917, -22.3895740509, -33.8636779785, 13.4844026566, 8.63383865356, 44.1723823547, 54.9900894165, 53.3085479736, 70.6178283691], [19.1287269592, -13.1900892258, -29.602678299, -74.5769271851, -22.3895740509, 138.597091675, 66.8174209595, 6.80270576477, 9.89150619507, -29.416431427, -23.1768035889, -3.62855124474, 3.4969291687], [-44.2710838318, 38.8166618347, -55.2694358826, -70.0881881714, -33.8636779785, 66.8174209595, 143.674514771, -9.38693904877, -47.9246711731, 28.5384140015, -3.65960788727, -47.7255935669, 21.1510677338], [15.9817667007, -22.4096279144, 22.4915046692, 0.779625415802, 13.4844026566, 6.80270576477, -9.38693904877, 76.8426361084, 46.480846405, -5.41001701355, 6.15103626251, 34.5916824341, -2.08022260666], [36.0921058655, -60.6718482971, -1.58359289169, 2.6707868576, 8.63383865356, 9.89150619507, -47.9246711731, 46.480846405, 113.867408752, -12.064371109, 10.9782009125, 52.6553421021, -16.5627059937], [-48.0465164185, 68.227684021, 41.4167747498, 75.309173584, 44.1723823547, -29.416431427, 28.5384140015, -5.41001701355, -12.064371109, 110.83744812, 57.669380188, -8.29806137085, 34.3388214111], [-33.3511314392, 42.923828125, 59.2508430481, 85.3857803345, 54.9900894165, -23.1768035889, -3.65960788727, 6.15103626251, 10.9782009125, 57.669380188, 80.4023971558, 21.7522621155, 25.0463371277], [30.2180194855, -16.8403778076, 87.5881195068, 65.8035736084, 53.3085479736, -3.62855124474, -47.7255935669, 34.5916824341, 52.6553421021, -8.29806137085, 21.7522621155, 95.7249679565, 26.1042518616], [-45.3105392456, 72.586807251, 139.972106934, 91.0663604736, 70.6178283691, 3.4969291687, 21.1510677338, -2.08022260666, -16.5627059937, 34.3388214111, 25.0463371277, 26.1042518616, 85.0761032104]],
        "icov": [[0.00245872675441, 0.00156858575065, -3.16921941703e-05, -1.20169233924e-05, -0.000861064705532, -0.000549037475139, 0.00031172047602, 6.7120847234e-05, 0.000615091063082, -0.00045836600475, 0.000784988340456, -0.000698290474247, 0.000985534396023], [0.00156858575065, 0.00709039159119, -0.00231555453502, -0.000665341096465, -0.000588796450756, -0.000468958867714, -0.00117939978372, 0.000519271125086, 0.00190134497825, -0.00175084464718, -0.000204762400244, 0.00149332568981, 0.000800610112492], [-3.16921941703e-05, -0.00231555453502, 0.00495028309524, -0.00247840816155, -0.00272715464234, -0.000428267463576, 0.000665143248625, -0.00128308800049, -0.000281251443084, 0.00190894899424, 0.00164937227964, -0.000248339521931, -0.00268290191889], [-1.20169233924e-05, -0.000665341096465, -0.00247840816155, 0.0109179802239, -0.00725414697081, 0.00218754587695, 0.00207409868017, 0.00204282067716, 9.36164797167e-05, -0.0018437912222, -0.00243944744579, -0.000612797564827, 8.6514330178e-05], [-0.000861064705532, -0.000588796450756, -0.00272715464234, -0.00725414697081, 0.0195319149643, -0.00221895845607, 0.0010449741967, -0.00183600094169, 0.000210441299714, -0.000633873918559, -0.00259064487182, -0.000950696237851, -0.0027792789042], [-0.000549037475139, -0.000468958867714, -0.000428267463576, 0.00218754587695, -0.00221895845607, 0.0134313451126, -0.00854774471372, 0.00181284104474, -0.00455693155527, 0.00475793285295, 0.000632961862721, -0.00123056175653, -0.000686398299877], [0.00031172047602, -0.00117939978372, 0.000665143248625, 0.00207409868017, 0.0010449741967, -0.00854774471372, 0.0180378295481, -0.00397805171087, 0.00525859324262, -0.00523829832673, -0.000700434844475, 0.00552124949172, -0.00558979297057], [6.7120847234e-05, 0.000519271125086, -0.00128308800049, 0.00204282067716, -0.00183600094169, 0.00181284104474, -0.00397805171087, 0.0196700450033, -0.00674121873453, -3.36081684509e-05, 0.000135374924866, -0.00522220600396, 0.00270015723072], [0.000615091063082, 0.00190134497825, -0.000281251443084, 9.36164797167e-05, 0.000210441299714, -0.00455693155527, 0.00525859324262, -0.00674121873453, 0.0183079205453, -0.00297846412286, -0.00151768745854, -0.00616828678176, 0.00471416162327], [-0.00045836600475, -0.00175084464718, 0.00190894899424, -0.0018437912222, -0.000633873918559, 0.00475793285295, -0.00523829832673, -3.36081684509e-05, -0.00297846412286, 0.0209285635501, -0.0113428076729, 0.0048071006313, -0.00544813554734], [0.000784988340456, -0.000204762400244, 0.00164937227964, -0.00243944744579, -0.00259064487182, 0.000632961862721, -0.000700434844475, 0.000135374924866, -0.00151768745854, -0.0113428076729, 0.0255767647177, -0.00532984919846, 0.00118052796461], [-0.000698290474247, 0.00149332568981, -0.000248339521931, -0.000612797564827, -0.000950696237851, -0.00123056175653, 0.00552124949172, -0.00522220600396, -0.00616828678176, 0.0048071006313, -0.00532984919846, 0.0245426949114, -0.0103446599096], [0.000985534396023, 0.000800610112492, -0.00268290191889, 8.6514330178e-05, -0.0027792789042, -0.000686398299877, -0.00558979297057, 0.00270015723072, 0.00471416162327, -0.00544813554734, 0.00118052796461, -0.0103446599096, 0.0256516430527]]
    },
    "spectral_contrast_coeffs": {
        "max": [-0.477769494057, -0.477400273085, -0.516071617603, -0.580002605915, -0.632734715939, -0.678477108479],
        "mean": [-0.748208642006, -0.746898114681, -0.757792413235, -0.782264232635, -0.769911766052, -0.764833331108],
        "min": [-0.911319375038, -0.923794209957, -0.932352781296, -0.894629240036, -0.877562820911, -0.839248538017],
        "stdev": [0.0631776079535, 0.0879781618714, 0.0704530626535, 0.0686810016632, 0.0451998859644, 0.0297582075]
    },
    "spectral_contrast_valleys": {
        "max": [-5.65392255783, -4.79346847534, -4.90660619736, -5.50068712234, -6.09460067749, -9.04977989197],
        "mean": [-7.90721607208, -6.47992372513, -6.38062477112, -6.64698648453, -7.10050725937, -10.1048717499],
        "min": [-9.89593410492, -8.70884895325, -8.61295223236, -9.17576408386, -9.59654331207, -12.9322004318],
        "stdev": [0.755643725395, 0.387173563242, 0.767124414444, 0.731055140495, 0.4158436656, 0.362200021744]
    }
},
"rhythm": {
    "beats_count": 39,
    "beats_loudness": {
        "max": 0.0751415491104,
        "mean": 0.0307305380702,
        "min": 0.00935411825776,
        "stdev": 0.0177140217274
    },
    "bpm": 107.522789001,
    "bpm_histogram_first_peak_bpm": 108,
    "bpm_histogram_first_peak_weight": 0.538461565971,
    "bpm_histogram_second_peak_bpm": 103,
    "bpm_histogram_second_peak_spread": 0,
    "bpm_histogram_second_peak_weight": 0.131578952074,
    "danceability": 1.06727516651,
    "onset_rate": 1.41201329231,
    "beats_loudness_band_ratio": {
        "max": [0.576743304729, 0.368914932013, 0.845361411572, 0.80943185091, 0.557178556919, 0.106210142374],
        "mean": [0.0830443799496, 0.037165094167, 0.276132166386, 0.358263224363, 0.235462024808, 0.0353985577822],
        "min": [0.000766375102103, 0.00346668576822, 0.0674831345677, 0.0041249259375, 0.0385287366807, 0.011291581206],
        "stdev": [0.167104542255, 0.0680699720979, 0.163227900863, 0.202415853739, 0.127763897181, 0.0181497968733]
    },
    "beats_position": [0.557278871536, 1.11455774307, 1.64861679077, 2.18267560005, 2.69351458549, 3.21596360207, 3.76163268089, 4.29569149017, 4.85297060013, 5.41024923325, 6.03718805313, 6.66412687302, 7.2910656929, 7.95283412933, 8.6146030426, 9.18349170685, 9.75238037109, 10.321269989, 10.8901586533, 11.4706573486, 12.051156044, 12.6200447083, 13.1889343262, 13.7694330215, 14.3499317169, 14.90721035, 15.4877090454, 16.0449886322, 16.602268219, 17.1595458984, 17.7168254852, 18.2741031647, 18.8313827515, 19.3770523071, 19.9227199554, 20.45677948, 20.9908390045, 21.548116684, 22.1053962708],
