{
"metadata": {
    "version": {
        "essentia": "2.1-beta5",
        "essentia_git_sha": "Undefined",
        "extractor": "music 2.0"
    },
    "audio_properties": {
        "analysis": {
            "equal_loudness": 0,
            "length": 12.7477550507,
            "sample_rate": 44100,
            "start_time": 0,
            "downmix": "mix"
        },
        "bit_rate": 192000,
        "length": 194.977966309,
        "lossless": 0,
        "number_channels": 2,
        "replay_gain": -5.79758262634,
        "sample_rate": 44100,
        "codec": "mp3",
        "md5_encoded": "9dc1485485095f957f6c963fd24d5b95"
    },
    "tags": {
        "file_name": "Austria_All To You_The rounder girls.mp3",
        "encoding": ["Lavf58.29.100"]
    }
},
"lowlevel": {
    "average_loudness": 0.946274876595,
    "barkbands_crest": {
        "max": 20.6096878052,
        "mean": 8.974609375,
        "min": 3.32903003693,
        "stdev": 3.09184956551
    },
    "barkbands_flatness_db": {
        "max": 0.357587456703,
        "mean": 0.188721850514,
        "min": 0.0753378048539,
        "stdev": 0.0506913885474
    },
    "barkbands_kurtosis": {
        "max": 103.426963806,
        "mean": 7.10769796371,
        "min": -1.81294083595,
        "stdev": 13.5666656494
    },
    "barkbands_skewness": {
        "max": 9.40579795837,
        "mean": 1.61447632313,
        "min": -2.0424580574,
        "stdev": 1.45792102814
    },
    "barkbands_spread": {
        "max": 90.2763442993,
        "mean": 13.5743923187,
        "min": 1.41337013245,
        "stdev": 15.2235097885
    },
    "dissonance": {
        "max": 0.5,
        "mean": 0.482814103365,
        "min": 0.377181172371,
        "stdev": 0.017229359597
    },
    "dynamic_complexity": 1.50394904613,
    "erbbands_crest": {
        "max": 23.1748275757,
        "mean": 9.00070667267,
        "min": 2.79767036438,
        "stdev": 3.50316047668
    },
    "erbbands_flatness_db": {
        "max": 0.315462678671,
        "mean": 0.219272598624,
        "min": 0.0795864239335,
        "stdev": 0.053919762373
    },
    "erbbands_kurtosis": {
        "max": 14.1792221069,
        "mean": 0.989090144634,
        "min": -1.70193088055,
        "stdev": 2.13041043282
    },
    "erbbands_skewness": {
        "max": 3.29438996315,
        "mean": 0.780190110207,
        "min": -3.21675109863,
        "stdev": 0.817669451237
    },
    "erbbands_spread": {
        "max": 125.715263367,
        "mean": 27.6494617462,
        "min": 6.35604143143,
        "stdev": 22.1317596436
    },
    "hfc": {
        "max": 151.236557007,
        "mean": 24.6181793213,
        "min": 1.25518212564e-16,
        "stdev": 17.8522148132
    },
    "loudness_ebu128": {
        "integrated": -16.1944561005,
        "loudness_range": 1.40920448303,
        "momentary": {
            "max": -14.0441961288,
            "mean": -16.3002662659,
            "min": -18.314661026,
            "stdev": 0.946741938591
        },
        "short_term": {
            "max": -15.0619544983,
            "mean": -16.3504009247,
            "min": -17.0558948517,
            "stdev": 0.473937213421
        }
    },
    "melbands_crest": {
        "max": 25.1508312225,
        "mean": 12.3734340668,
        "min": 2.47333264351,
        "stdev": 4.28887844086
    },
    "melbands_flatness_db": {
        "max": 0.450433909893,
        "mean": 0.192996740341,
        "min": 0.00966998469085,
        "stdev": 0.0852156355977
    },
    "melbands_kurtosis": {
        "max": 382.725524902,
        "mean": 18.0427570343,
        "min": -1.2174179554,
        "stdev": 34.9481163025
    },
    "melbands_skewness": {
        "max": 15.9944162369,
        "mean": 2.38462018967,
        "min": -0.422979682684,
        "stdev": 2.11881089211
    },
    "melbands_spread": {
        "max": 159.89541626,
        "mean": 17.3077468872,
        "min": 1.05649483204,
        "stdev": 18.8286437988
    },
    "pitch_salience": {
        "max": 0.956781804562,
        "mean": 0.683611571789,
        "min": 0.19761288166,
        "stdev": 0.109095007181
    },
    "silence_rate_20dB": {
        "max": 1,
        "mean": 1,
        "min": 1,
        "stdev": 0
    },
    "silence_rate_30dB": {
        "max": 1,
        "mean": 0.963636338711,
        "min": 0,
        "stdev": 0.187193229795
    },
    "silence_rate_60dB": {
        "max": 1,
        "mean": 0.0181818176061,
        "min": 0,
        "stdev": 0.133608818054
    },
    "spectral_centroid": {
        "max": 10204.1933594,
        "mean": 1353.78686523,
        "min": 181.590362549,
        "stdev": 766.068237305
    },
    "spectral_complexity": {
        "max": 45,
        "mean": 24.1963634491,
        "min": 0,
        "stdev": 10.3233880997
    },
    "spectral_decrease": {
        "max": 1.03479084428e-28,
        "mean": -8.10865419254e-09,
        "min": -6.49486011639e-08,
        "stdev": 7.87847298511e-09
    },
    "spectral_energy": {
        "max": 0.248625949025,
        "mean": 0.0328368730843,
        "min": 1.09943168232e-20,
        "stdev": 0.0300026386976
    },
    "spectral_energyband_high": {
        "max": 0.0211539231241,
        "mean": 0.000740080082323,
        "min": 8.01494877387e-21,
        "stdev": 0.00227581500076
    },
    "spectral_energyband_low": {
        "max": 0.225038826466,
        "mean": 0.011095517315,
        "min": 5.52473623153e-23,
        "stdev": 0.0263913143426
    },
    "spectral_energyband_middle_high": {
        "max": 0.0515827983618,
        "mean": 0.00986878201365,
        "min": 1.36998194273e-21,
        "stdev": 0.00825620256364
    },
    "spectral_energyband_middle_low": {
        "max": 0.0952750742435,
        "mean": 0.0133425965905,
        "min": 2.84092465175e-22,
        "stdev": 0.0130520816892
    },
    "spectral_entropy": {
        "max": 9.80288696289,
        "mean": 7.59616041183,
        "min": 5.89988517761,
        "stdev": 0.46835398674
    },
    "spectral_flux": {
        "max": 0.461445778608,
        "mean": 0.0990366488695,
        "min": 1.04853785377e-10,
        "stdev": 0.0485221296549
    },
    "spectral_kurtosis": {
        "max": 22.3812389374,
        "mean": 5.14169788361,
        "min": -1.2194133997,
        "stdev": 2.93267345428
    },
    "spectral_rms": {
        "max": 0.0155743993819,
        "mean": 0.00525757065043,
        "min": 3.27508224533e-12,
        "stdev": 0.00209617125802
    },
    "spectral_rolloff": {
        "max": 19444.4824219,
        "mean": 1718.1932373,
        "min": 150.732421875,
        "stdev": 1854.29052734
    },
    "spectral_skewness": {
        "max": 3.47213888168,
        "mean": 1.66479158401,
        "min": 0.0661243200302,
        "stdev": 0.472943782806
    },
    "spectral_spread": {
        "max": 41353232,
        "mean": 3803022,
        "min": 2212461,
        "stdev": 2364946.75
    },
    "spectral_strongpeak": {
        "max": 10.3483486176,
        "mean": 1.22085487843,
        "min": 0,
        "stdev": 1.13687753677
    },
    "zerocrossingrate": {
        "max": 0.5029296875,
        "mean": 0.0629740729928,
        "min": 0.0048828125,
        "stdev": 0.0466878376901
    },
    "barkbands": {
        "max": [0.0087174680084, 0.0646275430918, 0.175973206758, 0.0785421133041, 0.0330940037966, 0.0264078322798, 0.00746925966814, 0.00724909082055, 0.0372522622347, 0.0349419862032, 0.0110288402066, 0.0135601386428, 0.0153768435121, 0.0058966986835, 0.00345883192495, 0.00435133324936, 0.00270338053815, 0.00222466280684, 0.00117256399244, 0.000723846722394, 0.00213353009894, 0.00997294206172, 0.00288182217628, 0.00611246796325, 0.00205567665398, 3.79323159905e-06, 4.35180481873e-07],
        "mean": [0.000400785327656, 0.00337900826707, 0.00559994345531, 0.00370540749282, 0.00315442006104, 0.000483236042783, 0.000379894307116, 0.000486381759401, 0.00380438496359, 0.00396121945232, 0.00123365863692, 0.0010122518288, 0.00117696356028, 0.000975488859694, 0.000777674780693, 0.000559565785807, 0.000403615355026, 0.000366387597751, 0.000181012801477, 0.000113074565888, 0.0001090213118, 0.000278810330201, 7.69117614254e-05, 0.000157785936608, 5.99195045652e-05, 5.01458430335e-08, 1.77079773067e-09],
        "min": [6.84854959122e-23, 1.77262851419e-23, 5.13911078796e-25, 2.48879841135e-23, 1.09692080748e-22, 6.54875404824e-24, 2.89135981109e-23, 4.99047892129e-23, 4.66114274622e-23, 4.73830564898e-23, 3.44512849141e-23, 4.29694239013e-23, 8.75151433526e-23, 1.49063699387e-22, 2.25669022638e-22, 1.18182735821e-22, 1.22261462245e-22, 2.18919654951e-22, 1.20685608457e-22, 4.85108511674e-22, 4.73311443936e-22, 4.30000380154e-22, 7.77986842607e-22, 1.09042993373e-21, 1.05423361276e-21, 1.55705279644e-21, 2.53378608855e-21],
        "stdev": [0.00110532692634, 0.00802499148995, 0.0170710720122, 0.00836610794067, 0.00603463826701, 0.00150927633513, 0.000569531868678, 0.000664031307679, 0.004930827301, 0.00503861205652, 0.00145016040187, 0.00124698446598, 0.00149947148748, 0.000917788245715, 0.000658536679111, 0.000526770891156, 0.000357487559086, 0.000350556249032, 0.000157167785801, 8.93603573786e-05, 0.000150959473103, 0.00105032569263, 0.000222339542233, 0.000683885300532, 0.000209110017749, 3.19604907872e-07, 1.85760153926e-08]
    },
    "erbbands": {
        "max": [3.48287272453, 8.31411647797, 134.391876221, 302.276000977, 112.620513916, 192.455932617, 114.906089783, 234.507919312, 190.772842407, 72.4871368408, 195.500366211, 1152.99658203, 1139.58398438, 1643.97729492, 423.066040039, 586.140258789, 630.961242676, 308.743041992, 188.119049072, 244.675292969, 227.221908569, 139.9581604, 148.771743774, 100.109222412, 34.1066741943, 28.8511390686, 86.2360839844, 145.102462769, 437.827880859, 148.687759399, 60.5571212769, 204.316970825, 51.9569015503, 28.425951004, 11.2741909027, 0.730627655983, 0.0189898833632, 0.00138125231024, 0.000263642752543, 0.000288064853521],
        "mean": [0.154683977365, 0.619538784027, 4.78554868698, 10.4489049911, 11.6862707138, 12.8995714188, 4.35060214996, 4.03871202469, 5.54151105881, 6.28513860703, 20.9344062805, 81.7171478271, 120.130439758, 102.632255554, 46.4485778809, 44.0335083008, 54.9776077271, 52.238483429, 46.0771217346, 34.7226409912, 28.7505645752, 23.1486816406, 21.2712574005, 12.7250499725, 7.45633983612, 5.30601596832, 4.78530406952, 5.81638288498, 11.4169492722, 4.0587348938, 2.06266283989, 4.77681112289, 1.40796387196, 0.715153157711, 0.41465896368, 0.0244900360703, 0.000672382302582, 5.31259938725e-05, 2.48877568083e-05, 4.04389284085e-05],
        "min": [1.35806668469e-21, 1.49966017423e-21, 1.2022285634e-21, 3.40964365482e-20, 1.36590318298e-19, 5.78936938185e-19, 2.06098175924e-19, 7.28771839806e-20, 3.53634187527e-19, 5.39746878521e-19, 1.1492584801e-18, 8.34233102757e-19, 1.50976229921e-18, 1.64310546832e-18, 1.81851563126e-18, 1.82521000395e-18, 4.02821614113e-18, 6.80979044903e-18, 1.42603869653e-17, 6.16170767399e-18, 7.05666126208e-18, 7.06611345494e-18, 9.216363667e-18, 1.02184822258e-17, 9.36874522509e-18, 2.35945643126e-17, 1.97340412562e-17, 1.9276205059e-17, 1.48994716696e-17, 2.28856837625e-17, 2.15210739798e-17, 1.77512612038e-17, 2.07114941163e-17, 1.11163197791e-17, 7.92202535889e-18, 5.58487740973e-18, 2.65176133886e-18, 1.41162900346e-18, 3.23808949771e-19, 4.10040861343e-20],
        "stdev": [0.408341914415, 1.37011647224, 13.8606672287, 29.2443714142, 22.6449642181, 25.5021934509, 9.51463413239, 13.7186946869, 11.9277238846, 6.58485841751, 28.7735443115, 121.398536682, 149.855911255, 164.905258179, 47.6613998413, 54.6387786865, 70.3785171509, 46.2137184143, 38.0308799744, 30.1622982025, 25.3428859711, 19.8482494354, 20.1674938202, 11.8313798904, 5.52512645721, 4.09105539322, 5.72873353958, 14.2330341339, 44.591709137, 12.6279497147, 6.02063465118, 21.6331672668, 5.35086870193, 2.55280327797, 1.44323253632, 0.084521882236, 0.00227029039524, 0.000169521896169, 3.23212552757e-05, 3.44379077433e-05]
    },
    "gfcc": {
        "mean": [-25.3102169037, 95.8396911621, -172.961608887, 24.3131046295, -72.3175125122, 29.1596450806, -32.1425170898, 8.13697814941, -15.2901153564, -12.8994245529, -11.730840683, -16.4150600433, 4.68788814545],
        "cov": [[8696.58203125, 468.397003174, -922.040100098, 123.920280457, -590.314880371, 167.328445435, -331.029754639, 38.3221549988, -123.771476746, -5.61370038986, -58.8643493652, -128.428131104, 11.3065776825], [468.397003174, 1171.05883789, 887.671203613, 434.270690918, 374.047363281, -55.1558990479, -7.49373483658, -236.368591309, -28.707277298, -186.370346069, 12.2479457855, -108.352455139, 59.8893013], [-922.040100098, 887.671203613, 3373.84594727, 1645.47009277, 682.998413086, 460.644714355, -194.794799805, -446.172088623, -226.080169678, -123.118209839, -199.259399414, -43.9770050049, -91.4952468872], [123.920280457, 434.270690918, 1645.47009277, 936.987915039, 312.355651855, 266.645782471, -124.925346375, -251.512145996, -128.642181396, -60.6810455322, -127.742431641, -20.0512523651, -53.9569625854], [-590.314880371, 374.047363281, 682.998413086, 312.355651855, 293.434112549, 62.5698204041, 18.4185085297, -102.790458679, -19.6989383698, -60.6678543091, -15.9215869904, -28.4651184082, 9.43904590607], [167.328445435, -55.1558990479, 460.644714355, 266.645782471, 62.5698204041, 194.004898071, -24.1966724396, -12.8627233505, -34.9056472778, 29.7005157471, -45.7950019836, 10.3945550919, -30.1569538116], [-331.029754639, -7.49373483658, -194.794799805, -124.925346375, 18.4185085297, -24.1966724396, 101.230621338, 45.5916213989, 41.8445777893, -8.66691207886, 28.1661434174, -0.79893130064, 19.2755451202], [38.3221549988, -236.368591309, -446.172088623, -251.512145996, -102.790458679, -12.8627233505, 45.5916213989, 143.984268188, 46.2673301697, 50.1523971558, 33.2845001221, 16.3896045685, 6.83284378052], [-123.771476746, -28.707277298, -226.080169678, -128.642181396, -19.6989383698, -34.9056472778, 41.8445777893, 46.2673301697, 59.0549240112, 15.0963115692, 28.3964691162, 2.87147760391, 13.1972980499], [-5.61370038986, -186.370346069, -123.118209839, -60.6810455322, -60.6678543091, 29.7005157471, -8.66691207886, 50.1523971558, 15.0963115692, 69.6483306885, 13.9509162903, 26.8812160492, -6.9940071106], [-58.8643493652, 12.2479457855, -199.259399414, -127.742431641, -15.9215869904, -45.7950019836, 28.1661434174, 33.2845001221, 28.3964691162, 13.9509162903, 65.4716491699, 10.2192716599, 23.6881523132], [-128.428131104, -108.352455139, -43.9770050049, -20.0512523651, -28.4651184082, 10.3945550919, -0.79893130064, 16.3896045685, 2.87147760391, 26.8812160492, 10.2192716599, 49.9891014099, 9.16055870056], [11.3065776825, 59.8893013, -91.4952468872, -53.9569625854, 9.43904590607, -30.1569538116, 19.2755451202, 6.83284378052, 13.1972980499, -6.9940071106, 23.6881523132, 9.16055870056, 47.4176712036]],
        "icov": [[0.000581038766541, -0.00123862014152, 0.00105706136674, -0.00147953745909, 0.00201259972528, -0.0019716208335, 0.00157042569481, -0.00115591438953, 0.000873176846653, 0.000343028455973, -0.000293160468573, 0.00103818438947, -0.000590978190303], [-0.00123862014152, 0.00642182677984, -0.00231602345593, 0.00169162848033, -0.00592468865216, 0.0051247086376, -0.0016517539043, 0.00394090777263, -0.00442322855815, 0.00447928812355, -0.00373619399033, 0.00270275468938, -0.00258124596439], [0.00105706136674, -0.00231602345593, 0.00466716615483, -0.00660677440464, 0.00121363659855, -0.00359298847616, 0.00337331276387, -0.00263389479369, 0.00290069589391, 0.000440517353127, -0.00129626819398, 0.00131483213045, 0.000293602817692], [-0.00147953745909, 0.00169162848033, -0.00660677440464, 0.0172724574804, -0.00450902851298, -0.00272735138424, -0.00154695508536, 0.0102464882657, -0.00283095147461, -0.000797970336862, 0.00583066651598, -0.00541403889656, 0.00224124942906], [0.00201259972528, -0.00592468865216, 0.00121363659855, -0.00450902851298, 0.0186583809555, -0.0077076475136, -0.000106726532977, -0.00261370907538, 0.00100351602305, 0.00184912700206, -0.00177965092007, 0.00471710273996, -0.00401089759544], [-0.0019716208335, 0.0051247086376, -0.00359298847616, -0.00272735138424, -0.0077076475136, 0.0249732360244, -0.010234830901, -0.00484834238887, 0.00212739850394, -0.0105923535302, 0.0042865970172, -0.00210071355104, 0.00234720110893], [0.00157042569481, -0.0016517539043, 0.00337331276387, -0.00154695508536, -0.000106726532977, -0.010234830901, 0.0264486670494, -0.00559817627072, -0.00891525391489, 0.0137730678543, -0.00488274963573, 0.00184998521581, -0.00337770604528], [-0.00115591438953, 0.00394090777263, -0.00263389479369, 0.0102464882657, -0.00261370907538, -0.00484834238887, -0.00559817627072, 0.0269512422383, -0.00758565310389, -0.00417509209365, -0.000891799922101, 0.000919957936276, -0.000532438862137], [0.000873176846653, -0.00442322855815, 0.00290069589391, -0.00283095147461, 0.00100351602305, 0.00212739850394, -0.00891525391489, -0.00758565310389, 0.0387084446847, -0.0137660447508, 5.92916949245e-05, 0.0016253287904, 0.000477106077597], [0.000343028455973, 0.00447928812355, 0.000440517353127, -0.000797970336862, 0.00184912700206, -0.0105923535302, 0.0137730678543, -0.00417509209365, -0.0137660447508, 0.0453814566135, -0.0147499749437, -0.00528120389208, 0.0010147645371], [-0.000293160468573, -0.00373619399033, -0.00129626819398, 0.00583066651598, -0.00177965092007, 0.0042865970172, -0.00488274963573, -0.000891799922101, 5.92916949245e-05, -0.0147499749437, 0.0338428393006, -0.00769293308258, -0.00349640194327], [0.00103818438947, 0.00270275468938, 0.00131483213045, -0.00541403889656, 0.00471710273996, -0.00210071355104, 0.00184998521581, 0.000919957936276, 0.0016253287904, -0.00528120389208, -0.00769293308258, 0.0374459587038, -0.0150667736307], [-0.000590978190303, -0.00258124596439, 0.000293602817692, 0.00224124942906, -0.00401089759544, 0.00234720110893, -0.00337770604528, -0.000532438862137, 0.000477106077597, 0.0010147645371, -0.00349640194327, -0.0150667736307, 0.0360223948956]]
    },
    "melbands": {
        "max": [0.0229077693075, 0.0497165173292, 0.0434594899416, 0.00853451900184, 0.0048960824497, 0.00536461640149, 0.00271942652762, 0.000817302730866, 0.00255645741709, 0.00660696160048, 0.00554806087166, 0.00682264240459, 0.00177201803308, 0.00158953526989, 0.00263640400954, 0.000851337565109, 0.000669571454637, 0.000360137986718, 0.000269559095614, 0.000338608777383, 0.000256935250945, 0.00015100267774, 0.000139299154398, 0.000142396835145, 7.81957933214e-05, 3.00133688143e-05, 2.31976264331e-05, 1.79736143764e-05, 5.17475746165e-05, 4.98993213114e-05, 9.2565707746e-05, 0.00037725828588, 0.000105844323116, 8.92505777301e-05, 2.79000851151e-05, 7.03679179423e-05, 0.000141712880577, 3.84373342968e-05, 2.21804530156e-05, 2.45774663199e-05],
        "mean": [0.00110377708916, 0.00191701063886, 0.00189988629427, 0.000855620892253, 0.000224045958021, 9.25038548303e-05, 8.30130666145e-05, 7.03917903593e-05, 0.000226406205911, 0.000552116660401, 0.000598921324126, 0.000431238062447, 0.000163970267749, 0.000113186855742, 0.00012666558905, 0.000108695297968, 9.56206131377e-05, 7.45786746847e-05, 5.38343083463e-05, 4.20194046455e-05, 3.14305907523e-05, 2.47060506808e-05, 1.92383959075e-05, 1.81295217772e-05, 9.44663315749e-06, 6.11657651461e-06, 4.24589825343e-06, 3.30682632921e-06, 3.04960872199e-06, 2.60828278442e-06, 3.60837157132e-06, 8.53183973959e-06, 2.85327951133e-06, 1.91076765077e-06, 1.02937133306e-06, 1.73829960204e-06, 3.21737365994e-06, 9.48254523792e-07, 6.07436959399e-07, 5.88494174281e-07],
        "min": [1.21881605209e-23, 1.028477701e-24, 9.2386616611e-24, 2.42615354692e-23, 1.26561277982e-23, 1.59943619293e-24, 5.54308379512e-24, 7.19463154781e-24, 8.16191859029e-24, 6.23607956213e-24, 7.42526055548e-24, 6.26577662533e-24, 5.83386778555e-24, 5.65306165493e-24, 6.1324520326e-24, 9.34468772221e-24, 1.23667799291e-23, 2.35668961105e-23, 1.18152123285e-23, 6.5355875653e-24, 8.47534091655e-24, 6.03019357118e-24, 1.0054503187e-23, 8.92104653914e-24, 8.15451749728e-24, 4.48882286568e-24, 1.08816774887e-23, 1.71011460067e-23, 1.3685089564e-23, 9.83556904225e-24, 1.17910242754e-23, 7.26817389456e-24, 1.00935289248e-23, 1.3512231207e-23, 1.37494811243e-23, 8.11632164111e-24, 1.11258756928e-23, 1.41611481877e-23, 1.36925348332e-23, 8.18396251943e-24],
        "stdev": [0.00276222010143, 0.00529883010313, 0.00452794600278, 0.0016274509253, 0.000450963445473, 0.000309643364744, 0.000169198014191, 7.49987957533e-05, 0.000374079798348, 0.00073909224011, 0.000757954490837, 0.00070054968819, 0.000190729697351, 0.000136195449159, 0.000187673649634, 0.000111689427285, 9.14846677915e-05, 6.44859901513e-05, 4.56016350654e-05, 4.16130278609e-05, 2.85852584057e-05, 2.2712702048e-05, 1.70252369571e-05, 2.07441207749e-05, 9.27491055336e-06, 5.01465683556e-06, 3.29932754539e-06, 2.69715860668e-06, 3.56167515747e-06, 3.63653725799e-06, 9.76393948804e-06, 3.54848161805e-05, 8.66433765623e-06, 6.08734671914e-06, 2.57441843132e-06, 6.94343361829e-06, 1.49374245666e-05, 3.63864478459e-06, 2.05015953725e-06, 2.16307580558e-06]
    },
    "melbands128": {
        "max": [0.0074957003817, 0.0336326882243, 0.027958214283, 0.0177136044949, 0.0458316840231, 0.0981035679579, 0.0732212737203, 0.0254244059324, 0.0110553922132, 0.00934205949306, 0.0146646210924, 0.00618224078789, 0.0033134391997, 0.00312960683368, 0.00402068765834, 0.00866968650371, 0.00507771130651, 0.00100987846963, 0.00090402684873, 0.000878756167367, 0.000876382691786, 0.00138593569864, 0.00269384263083, 0.00862546265125, 0.0143621955067, 0.00646063964814, 0.0100394561887, 0.00759080145508, 0.0103080654517, 0.00775997061282, 0.0111256325617, 0.00209856824949, 0.00354539859109, 0.0009780311957, 0.00164734455757, 0.00284273433499, 0.00243029673584, 0.00420765532181, 0.0029444412794, 0.00174760341179, 0.000531885481905, 0.00062705000164, 0.00105156819336, 0.000915172277018, 0.000580959022045, 0.000484513177071, 0.000804013805464, 0.000418447860284, 0.000364928535419, 0.000392573274439, 0.000443437311333, 0.000363239843864, 0.000329450063873, 0.000285891786916, 0.000241961228312, 0.000238172462559, 0.000142209595651, 0.000149665153003, 0.000182750809472, 0.000220628120587, 0.000296698854072, 0.000150289517478, 7.03984551365e-05, 0.000169486724189, 6.12064104644e-05, 4.4490207074e-05, 3.76044772565e-05, 3.07617083308e-05, 3.6693392758e-05, 2.48712040047e-05, 2.0043728e-05, 2.31390258705e-05, 4.90287420689e-05, 4.59392140328e-05, 7.48018210288e-05, 5.56811501156e-05, 3.94923481508e-05, 5.00753958477e-05, 5.92734468228e-05, 0.000175732449861, 0.000744354561903, 0.00027402798878, 8.79224462551e-05, 0.000126291444758, 9.90541593637e-05, 6.98178992025e-05, 0.000140642005135, 3.94703129132e-05, 2.06894310395e-05, 2.43132271862e-05, 2.69967167696e-05, 7.28609302314e-05, 0.00015844135487, 0.000262723886408, 5.20553330716e-05, 7.01114768162e-05, 5.30884681211e-05, 2.53299604083e-05, 1.91300041479e-05, 2.51110923273e-05, 2.36334617512e-05, 2.34272501984e-05, 2.72897414106e-05, 2.03828203666e-05, 1.96984146896e-05, 1.2581752344e-05, 3.46873662238e-06, 1.80406530603e-07, 2.80903189598e-09, 2.68918665114e-09, 2.61027111037e-09, 2.55136267668e-09, 2.45531373011e-09, 2.34985231273e-09, 2.28312191375e-09, 2.19268936341e-09, 2.13364570456e-09, 2.05530681363e-09, 1.98617366998e-09, 1.94036076095e-09, 1.87732052126e-09, 1.82639559032e-09, 1.79421510982e-09, 1.75681924564e-09, 1.72969616408e-09, 1.70989256087e-09, 1.6989529783e-09, 1.67834401932e-09],
        "mean": [0.000374827766791, 0.00146737950854, 0.00122862297576, 0.000765225326177, 0.00189811666496, 0.00294725969434, 0.00211463333108, 0.00191684917081, 0.00104413810186, 0.000772668048739, 0.000865806534421, 0.000226239804761, 0.000120602104289, 8.9638044301e-05, 7.98442633823e-05, 0.000102370118839, 0.000101771132904, 7.53750573494e-05, 6.71027664794e-05, 6.31497969152e-05, 7.12493638275e-05, 9.25342974369e-05, 0.000168656275491, 0.000448639737442, 0.000551326025743, 0.000539319647942, 0.000727410777472, 0.000610224029515, 0.000485938508064, 0.000545949034858, 0.000407590297982, 0.000202669078135, 0.000161722331541, 0.000120455988508, 0.000112345260277, 0.000112349858682, 0.000111622248369, 0.000120778473502, 0.000147304308484, 0.000123984267702, 9.36307988013e-05, 9.46090513025e-05, 0.000108113483293, 9.08861620701e-05, 6.95287599228e-05, 7.69564139773e-05, 7.49061728129e-05, 5.32709163963e-05, 4.58325375803e-05, 4.37779017375e-05, 4.38248098362e-05, 3.76533680537e-05, 3.2789161196e-05, 2.93657212751e-05, 2.64775462711e-05, 2.5763285521e-05, 2.19742851186e-05, 1.81123414222e-05, 1.84668242582e-05, 2.0485063942e-05, 2.1908987037e-05, 1.28990977828e-05, 1.01625691968e-05, 9.05027263798e-06, 7.20339403415e-06, 6.2168551267e-06, 5.35836261406e-06, 4.50631569038e-06, 4.04663342124e-06, 3.82808639188e-06, 3.15959619002e-06, 3.07667414745e-06, 3.3677420106e-06, 3.0162375424e-06, 2.76800460597e-06, 2.75403226624e-06, 2.48890432886e-06, 2.20828678721e-06, 2.44686907536e-06, 5.20827734363e-06, 1.41327982419e-05, 6.6441934905e-06, 2.96831740343e-06, 3.00486931337e-06, 2.50629886978e-06, 1.81034351954e-06, 1.98177372113e-06, 1.46261857026e-06, 8.54022403018e-07, 8.17055934021e-07, 8.86181510396e-07, 1.26846180137e-06, 4.15691965827e-06, 5.01419162902e-06, 1.14540034701e-06, 1.30921603159e-06, 8.37263200992e-07, 6.41946485302e-07, 5.88618945585e-07, 6.02564398378e-07, 5.95378935486e-07, 6.07136257713e-07, 5.37570315373e-07, 5.43482144622e-07, 6.73410681884e-07, 4.18636091126e-07, 8.91869973429e-08, 3.29404770127e-09, 1.61628817968e-11, 1.13740336594e-11, 1.06540679057e-11, 1.0284256953e-11, 9.88873479629e-12, 9.4996189734e-12, 9.19896190471e-12, 8.87828959656e-12, 8.59077479293e-12, 8.29641477046e-12, 8.04874483035e-12, 7.86372529593e-12, 7.64790401148e-12, 7.47000725165e-12, 7.32644934304e-12, 7.18749105372e-12, 7.08410283559e-12, 7.01618971255e-12, 6.97351117823e-12, 6.90059337796e-12],
        "min": [3.16284881597e-23, 1.57637159612e-23, 6.03918816322e-24, 1.46246321712e-24, 2.45339685828e-25, 3.08307500055e-25, 4.06275830191e-24, 1.65283209713e-23, 9.94314442618e-24, 1.89272958934e-23, 4.30530179137e-23, 2.15915962924e-23, 4.29458322271e-24, 1.30721706731e-24, 1.49748075271e-24, 6.47386196048e-25, 4.64956195259e-24, 6.84971710536e-24, 6.91416309701e-24, 3.79559990674e-24, 7.96649644483e-24, 1.45335646878e-23, 8.05453332185e-24, 2.85806179506e-24, 1.18076434053e-24, 1.05986980936e-23, 1.17486790109e-23, 7.81168564762e-24, 2.46998680033e-24, 5.12057028871e-24, 9.27436866111e-24, 4.17561432073e-24, 7.28163659477e-24, 4.29307373737e-24, 7.56441561916e-24, 6.63219896593e-24, 1.71729615369e-24, 4.77548308573e-24, 9.35030677843e-24, 1.00770559314e-23, 7.81246740878e-24, 1.14943983755e-23, 1.43013413923e-23, 9.72241404515e-24, 1.35936858286e-23, 3.64711096194e-23, 2.31673143962e-23, 9.81011171198e-24, 7.61279882506e-24, 7.5934875101e-24, 3.87105957992e-24, 8.40494928025e-24, 1.15793713168e-23, 5.43657850102e-24, 8.02127573495e-24, 4.12977716341e-24, 6.06295969774e-24, 1.42723712644e-23, 9.91185346951e-24, 3.76386600467e-24, 1.04415144028e-23, 8.82138343009e-24, 1.45269619221e-23, 5.35346174946e-24, 4.11292985548e-24, 4.1427397258e-24, 3.98180973455e-24, 8.39995973503e-24, 1.11945626006e-23, 1.78268633296e-23, 1.28877831139e-23, 2.42294035868e-23, 1.15409537907e-23, 1.60817341911e-23, 8.51275264498e-24, 7.93859206803e-24, 1.18568278967e-23, 1.11766175928e-23, 1.20751853841e-23, 1.37060921968e-23, 3.11014052239e-24, 6.28961600189e-24, 1.16385406179e-23, 9.69455068912e-24, 5.32000615847e-24, 2.41289815936e-23, 7.47282334603e-24, 1.27177441458e-23, 1.72846666077e-23, 1.30652705067e-23, 6.98966970741e-24, 4.23654475376e-24, 1.36817163948e-23, 1.38655430738e-23, 5.65743707194e-24, 1.37634139856e-23, 1.55882638295e-23, 1.60557128252e-23, 1.70897264562e-23, 1.06483363772e-23, 6.67818797899e-24, 7.96782015343e-24, 1.02064969619e-23, 6.36413850831e-24, 7.11229182424e-24, 1.05759986211e-23, 1.20625288997e-23, 1.3408535441e-23, 8.49404401975e-24, 9.58066599567e-24, 4.18640238804e-24, 9.38496617117e-24, 8.84538767858e-24, 7.64053201904e-24, 9.03565461803e-24, 1.31086412904e-23, 8.35821558251e-24, 1.72545037221e-23, 8.97802280688e-24, 7.14041156007e-24, 1.01712340906e-23, 1.05005196208e-23, 1.34009607986e-23, 1.23599949364e-23, 1.35549117374e-23, 8.47411897101e-24, 1.2944025741e-23, 1.76597431469e-23],
        "stdev": [0.00104000326246, 0.00399014120921, 0.00321015622467, 0.00190044229385, 0.00538295181468, 0.0093268789351, 0.00686217378825, 0.00381306395866, 0.00213476433419, 0.00156339723617, 0.00177551677916, 0.000519201916177, 0.000307779409923, 0.000247296848102, 0.000266417919192, 0.000483744603116, 0.000302365893731, 0.000112564390292, 9.26367574721e-05, 7.61532937759e-05, 9.45698848227e-05, 0.000138236326165, 0.000282294611679, 0.00107499293517, 0.00125481327996, 0.000716389447916, 0.00113737711217, 0.000942333776038, 0.00085103046149, 0.000920863589272, 0.00101710669696, 0.000299335515592, 0.00027964572655, 0.000141406213515, 0.000139966912684, 0.000203008326935, 0.000190145845409, 0.000236535197473, 0.000300959363813, 0.000207432574825, 9.85015649348e-05, 0.000101097008155, 0.000124061960378, 0.000110390319605, 8.40314824018e-05, 8.57496925164e-05, 9.27125220187e-05, 5.5102751503e-05, 5.01977228851e-05, 5.22055415786e-05, 5.19310960954e-05, 4.08359628636e-05, 3.60403209925e-05, 3.18208549288e-05, 2.83231493086e-05, 2.94774308713e-05, 2.25790827244e-05, 1.99724036065e-05, 2.01523034775e-05, 2.52243789873e-05, 3.73606926587e-05, 1.56288224389e-05, 1.04633181763e-05, 1.35684831548e-05, 7.82792176324e-06, 6.31705006526e-06, 4.90020966026e-06, 4.03592912335e-06, 4.12516146753e-06, 3.64287984667e-06, 2.96120242638e-06, 3.00541591969e-06, 4.03285730499e-06, 3.90360582969e-06, 4.44677516498e-06, 4.2735914576e-06, 3.63377625945e-06, 3.79392622563e-06, 4.97956852996e-06, 1.80601527973e-05, 6.31713410257e-05, 2.78466704913e-05, 8.73467706697e-06, 9.54555434873e-06, 8.25805091154e-06, 5.26529220224e-06, 7.85467636888e-06, 4.1772646e-06, 1.82363226031e-06, 2.07382208828e-06, 2.67501332019e-06, 5.12275073561e-06, 1.91630915651e-05, 2.48607284448e-05, 4.50900370197e-06, 5.74951991439e-06, 3.57601356882e-06, 2.13212456401e-06, 1.94616723093e-06, 2.19706248572e-06, 2.18431796384e-06, 2.31368130699e-06, 2.06809431802e-06, 1.97884492081e-06, 2.45403452936e-06, 1.49014476847e-06, 3.25493317632e-07, 1.73296754724e-08, 1.33712582673e-10, 1.14957543484e-10, 1.11424362792e-10, 1.0889484453e-10, 1.04794652123e-10, 1.0029701375e-10, 9.74451005997e-11, 9.35929320156e-11, 9.10678546462e-11, 8.7728248277e-11, 8.47799747072e-11, 8.28222421201e-11, 8.01362587399e-11, 7.79641004534e-11, 7.65895333266e-11, 7.49950171408e-11, 7.38371655484e-11, 7.29912796871e-11, 7.2522807204e-11, 7.16463346984e-11]
    },
    "mfcc": {
        "mean": [-638.813781738, 111.216430664, -34.7313690186, -5.59998989105, -9.95168113708, 5.85966920853, -1.53332388401, 9.22692394257, 6.71471977234, 2.40734052658, -0.278893887997, -5.96532154083, -8.9392375946],
        "cov": [[4236.63183594, -201.859115601, -865.471740723, -537.360839844, -441.617431641, -293.986877441, -142.259765625, -64.0504455566, -16.8847904205, 48.4678192139, 35.045539856, 20.4670639038, 14.007610321], [-201.859115601, 936.270141602, 356.612915039, 370.5859375, 277.955871582, 123.604164124, 82.0248184204, 14.8344125748, -16.473690033, -31.1308517456, -69.5006256104, -64.0708465576, -3.34024429321], [-865.471740723, 356.612915039, 2454.04101562, 1173.64208984, 981.690246582, 820.440490723, 221.528518677, 35.6450119019, -43.5003433228, -122.732070923, -109.01889801, -74.4473495483, -114.755073547], [-537.360839844, 370.5859375, 1173.64208984, 696.25982666, 520.337219238, 428.749359131, 108.464347839, 18.5649642944, -27.2981815338, -82.3838729858, -82.9807662964, -59.7284355164, -56.920665741], [-441.617431641, 277.955871582, 981.690246582, 520.337219238, 490.340789795, 354.421081543, 115.400291443, 16.2141399384, -6.88629817963, -48.822593689, -52.260307312, -34.8490371704, -34.2310600281], [-293.986877441, 123.604164124, 820.440490723, 428.749359131, 354.421081543, 359.979736328, 86.3612365723, 27.4126377106, -2.8415145874, -44.9503250122, -39.1287193298, -29.0988845825, -43.709400177], [-142.259765625, 82.0248184204, 221.528518677, 108.464347839, 115.400291443, 86.3612365723, 82.5274887085, 25.0203800201, 12.7649393082, 2.29442977905, -1.75816774368, -5.6947350502, -9.27461433411], [-64.0504455566, 14.8344125748, 35.6450119019, 18.5649642944, 16.2141399384, 27.4126377106, 25.0203800201, 50.810836792, 21.6842403412, 6.7368273735, 9.2756357193, -0.488277256489, -10.2976150513], [-16.8847904205, -16.473690033, -43.5003433228, -27.2981815338, -6.88629817963, -2.8415145874, 12.7649393082, 21.6842403412, 49.3645133972, 18.7006874084, 8.63227748871, 5.08090639114, 0.517382621765], [48.4678192139, -31.1308517456, -122.732070923, -82.3838729858, -48.822593689, -44.9503250122, 2.29442977905, 6.7368273735, 18.7006874084, 44.7319450378, 27.5887432098, 10.8457298279, 3.62013506889], [35.045539856, -69.5006256104, -109.01889801, -82.9807662964, -52.260307312, -39.1287193298, -1.75816774368, 9.2756357193, 8.63227748871, 27.5887432098, 50.407951355, 21.6887283325, 1.95043432713], [20.4670639038, -64.0708465576, -74.4473495483, -59.7284355164, -34.8490371704, -29.0988845825, -5.6947350502, -0.488277256489, 5.08090639114, 10.8457298279, 21.6887283325, 35.0987434387, 14.6051054001], [14.007610321, -3.34024429321, -114.755073547, -56.920665741, -34.2310600281, -43.709400177, -9.27461433411, -10.2976150513, 0.517382621765, 3.62013506889, 1.95043432713, 14.6051054001, 39.5433959961]],
        "icov": [[0.000280727806967, -0.000119370226457, -8.85066037881e-05, 0.000470328872325, 0.000189894562936, -0.000308868737193, 0.000217987035285, 0.000286590715405, 5.65073569305e-05, -5.40998407814e-05, 0.000134566318593, 2.52014215221e-05, 0.00024764315458], [-0.000119370226457, 0.0022991746664, 0.0012559692841, -0.00315534113906, -0.00166437716689, 0.00191136950161, -0.00118698691949, -0.00101058895234, 0.000992920715362, -0.00143382395618, 0.000631222035736, 0.00163086841349, -0.00104545115028], [-8.85066037881e-05, 0.0012559692841, 0.00417429627851, -0.00400832621381, -0.0038226954639, -0.00123680231627, -0.000852833676618, 0.000117987634439, 0.00191265810281, -0.00097381771775, 1.24524094645e-05, -0.0015020032879, 0.00225420598872], [0.000470328872325, -0.00315534113906, -0.00400832621381, 0.0177135113627, -0.00366018130444, -0.00608469126746, 0.00328665785491, -0.000456713460153, 0.000902632251382, 0.0056215217337, 0.00301492703147, 0.00267299870029, 0.00252768211067], [0.000189894562936, -0.00166437716689, -0.0038226954639, -0.00366018130444, 0.0180103629827, -0.00375898461789, -0.0055840597488, 0.00453783757985, -0.00367551622912, -0.000685899343807, -0.000651517999358, -0.000338112731697, -0.00499425129965], [-0.000308868737193, 0.00191136950161, -0.00123680231627, -0.00608469126746, -0.00375898461789, 0.0165937803686, -0.00168622029014, -0.003726570867, -0.00182919297367, 0.00137435237411, -0.000748572463635, 4.26122896897e-05, 0.00156440783758], [0.000217987035285, -0.00118698691949, -0.000852833676618, 0.00328665785491, -0.0055840597488, -0.00168622029014, 0.0238733552396, -0.00808283314109, -0.00102993752807, -0.00439149374142, -0.000634632713627, 0.000578030594625, -0.000891424599104], [0.000286590715405, -0.00101058895234, 0.000117987634439, -0.000456713460153, 0.00453783757985, -0.003726570867, -0.00808283314109, 0.0322050601244, -0.0125147048384, 0.00428191153333, -0.00713460613042, 0.000528061646037, 0.00572659727186], [5.65073569305e-05, 0.000992920715362, 0.00191265810281, 0.000902632251382, -0.00367551622912, -0.00182919297367, -0.00102993752807, -0.0125147048384, 0.0320924371481, -0.0134528009221, 0.00712137995288, -0.00291897938587, -0.000251971563557], [-5.40998407814e-05, -0.00143382395618, -0.00097381771775, 0.0056215217337, -0.000685899343807, 0.00137435237411, -0.00439149374142, 0.00428191153333, -0.0134528009221, 0.0463019832969, -0.0203124284744, 0.00427315896377, 0.00153514335398], [0.000134566318593, 0.000631222035736, 1.24524094645e-05, 0.00301492703147, -0.000651517999358, -0.000748572463635, -0.000634632713627, -0.00713460613042, 0.00712137995288, -0.0203124284744, 0.0441110283136, -0.0206658933312, 0.00820688344538], [2.52014215221e-05, 0.00163086841349, -0.0015020032879, 0.00267299870029, -0.000338112731697, 4.26122896897e-05, 0.000578030594625, 0.000528061646037, -0.00291897938587, 0.00427315896377, -0.0206658933312, 0.0524153746665, -0.0190478209406], [0.00024764315458, -0.00104545115028, 0.00225420598872, 0.00252768211067, -0.00499425129965, 0.00156440783758, -0.000891424599104, 0.00572659727186, -0.000251971563557, 0.00153514335398, 0.00820688344538, -0.0190478209406, 0.0404740869999]]
    },
    "spectral_contrast_coeffs": {
        "max": [-0.42407438159, -0.555519044399, -0.568076789379, -0.697087168694, -0.724125385284, -0.679752886295],
        "mean": [-0.72937053442, -0.805461227894, -0.777928471565, -0.829107999802, -0.809355437756, -0.760951280594],
        "min": [-0.955972552299, -0.969334900379, -0.960020303726, -0.96442002058, -0.965696156025, -0.956089735031],
        "stdev": [0.0759161412716, 0.0616476759315, 0.0559696219862, 0.032028824091, 0.0312961935997, 0.0346298217773]
    },
    "spectral_contrast_valleys": {
        "max": [-4.96112775803, -4.77503156662, -5.29935359955, -5.59517860413, -6.05881595612, -7.72330141068],
        "mean": [-7.52654743195, -6.59760761261, -6.51547527313, -6.80666351318, -7.37959814072, -10.2126255035],
        "min": [-27.4694843292, -26.5649299622, -27.4142875671, -27.0953540802, -27.0096073151, -27.3229808807],
        "stdev": [1.60421586037, 1.23614895344, 1.3485045433, 1.29915249348, 1.19708561897, 1.11634123325]
    }
},
"rhythm": {
    "beats_count": 32,
    "beats_loudness": {
        "max": 0.107377834618,
        "mean": 0.0351081304252,
        "min": 0.0145217468962,
        "stdev": 0.0236785653979
    },
    "bpm": 164.277481079,
    "bpm_histogram_first_peak_bpm": 167,
    "bpm_histogram_first_peak_weight": 0,
    "bpm_histogram_second_peak_bpm": 133,
    "bpm_histogram_second_peak_spread": 0.125,
    "bpm_histogram_second_peak_weight": 0.225806444883,
    "danceability": 1.19816398621,
    "onset_rate": 1.95934510231,
    "beats_loudness_band_ratio": {
        "max": [0.957594156265, 0.482474207878, 0.623802065849, 0.672824859619, 0.245593652129, 0.517779827118],
        "mean": [0.265050172806, 0.0669505372643, 0.245212554932, 0.272397011518, 0.0990090444684, 0.0859132781625],
        "min": [0.00221944088116, 0.00442653382197, 0.00510505633429, 0.00361227057874, 0.00190890859812, 0.000717826536857],
        "stdev": [0.349036455154, 0.0965648442507, 0.198499694467, 0.214602485299, 0.075352050364, 0.145064562559]
    },
    "beats_position": [0.441179126501, 0.893968224525, 1.34675729275, 1.79954648018, 2.2523355484, 2.70512461662, 3.15791368484, 3.61070299149, 4.07510185242, 4.45823097229, 4.82975053787, 5.20126962662, 5.58439922333, 5.9675283432, 6.35065746307, 6.73378658295, 7.11691617966, 7.50004529953, 7.87156438828, 8.24308395386, 8.6146030426, 8.98612213135, 9.34603118896, 9.70594120026, 10.0542402267, 10.4257593155, 10.7856683731, 11.1455783844, 11.505487442, 11.8653964996, 12.2253055573, 12.5852155685],
