{
"metadata": {
    "version": {
        "essentia": "2.1-beta5",
        "essentia_git_sha": "Undefined",
        "extractor": "music 2.0"
    },
    "audio_properties": {
        "analysis": {
            "equal_loudness": 0,
            "length": 48.7502937317,
            "sample_rate": 44100,
            "start_time": 110.248344421,
            "downmix": "mix"
        },
        "bit_rate": 192000,
        "length": 189.440002441,
        "lossless": 0,
        "number_channels": 2,
        "replay_gain": -12.6986885071,
        "sample_rate": 48000,
        "codec": "mp3",
        "md5_encoded": "7a92b39844508887dcfbc6d89fe9cec2"
    },
    "tags": {
        "file_name": "Croatia_Kada Zaspu Andeli_Goran Karan.mp3",
        "encoding": ["Lavf58.29.100"]
    }
},
"lowlevel": {
    "average_loudness": 0.923532187939,
    "barkbands_crest": {
        "max": 23.4234371185,
        "mean": 9.75029182434,
        "min": 3.07234215736,
        "stdev": 4.031437397
    },
    "barkbands_flatness_db": {
        "max": 0.283363074064,
        "mean": 0.145667299628,
        "min": 0.0611141212285,
        "stdev": 0.0385173410177
    },
    "barkbands_kurtosis": {
        "max": 53.2759628296,
        "mean": 2.52026820183,
        "min": -1.86272764206,
        "stdev": 6.18940591812
    },
    "barkbands_skewness": {
        "max": 6.16777658463,
        "mean": 1.05658829212,
        "min": -1.56540930271,
        "stdev": 1.19279003143
    },
    "barkbands_spread": {
        "max": 100.476478577,
        "mean": 25.0133705139,
        "min": 2.74813938141,
        "stdev": 15.6519536972
    },
    "dissonance": {
        "max": 0.499989330769,
        "mean": 0.46430939436,
        "min": 0.261314362288,
        "stdev": 0.027247659862
    },
    "dynamic_complexity": 3.02772426605,
    "erbbands_crest": {
        "max": 31.3677158356,
        "mean": 11.920466423,
        "min": 2.6767168045,
        "stdev": 6.34443569183
    },
    "erbbands_flatness_db": {
        "max": 0.300460010767,
        "mean": 0.174857705832,
        "min": 0.0614555664361,
        "stdev": 0.0430672578514
    },
    "erbbands_kurtosis": {
        "max": 21.8015060425,
        "mean": 1.20749878883,
        "min": -1.72492539883,
        "stdev": 2.66770744324
    },
    "erbbands_skewness": {
        "max": 3.83126044273,
        "mean": -0.0293088555336,
        "min": -3.64495515823,
        "stdev": 0.999728679657
    },
    "erbbands_spread": {
        "max": 103.991409302,
        "mean": 32.166519165,
        "min": 5.73714256287,
        "stdev": 17.6955986023
    },
    "hfc": {
        "max": 92.3681411743,
        "mean": 25.2487049103,
        "min": 0.309401839972,
        "stdev": 18.5379619598
    },
    "loudness_ebu128": {
        "integrated": -10.4510068893,
        "loudness_range": 4.34695053101,
        "momentary": {
            "max": -5.85776138306,
            "mean": -11.1483478546,
            "min": -21.2822093964,
            "stdev": 2.65574884415
        },
        "short_term": {
            "max": -7.74178218842,
            "mean": -10.6464252472,
            "min": -15.5410776138,
            "stdev": 1.59888708591
        }
    },
    "melbands_crest": {
        "max": 29.8742694855,
        "mean": 13.6287994385,
        "min": 3.57010388374,
        "stdev": 4.86529636383
    },
    "melbands_flatness_db": {
        "max": 0.375697463751,
        "mean": 0.19388641417,
        "min": 0.0433682985604,
        "stdev": 0.0564368106425
    },
    "melbands_kurtosis": {
        "max": 120.854866028,
        "mean": 8.33917140961,
        "min": -1.73863065243,
        "stdev": 13.9095678329
    },
    "melbands_skewness": {
        "max": 9.12453174591,
        "mean": 2.01477837563,
        "min": -0.979226469994,
        "stdev": 1.49701189995
    },
    "melbands_spread": {
        "max": 179.086090088,
        "mean": 30.6104164124,
        "min": 1.92835855484,
        "stdev": 21.9591827393
    },
    "pitch_salience": {
        "max": 0.828486859798,
        "mean": 0.529814302921,
        "min": 0.220664843917,
        "stdev": 0.0960153266788
    },
    "silence_rate_20dB": {
        "max": 1,
        "mean": 1,
        "min": 1,
        "stdev": 0
    },
    "silence_rate_30dB": {
        "max": 1,
        "mean": 0.998096168041,
        "min": 0,
        "stdev": 0.0435911491513
    },
    "silence_rate_60dB": {
        "max": 1,
        "mean": 0.0109471678734,
        "min": 0,
        "stdev": 0.104055836797
    },
    "spectral_centroid": {
        "max": 3783.48730469,
        "mean": 1373.5637207,
        "min": 299.544647217,
        "stdev": 555.39642334
    },
    "spectral_complexity": {
        "max": 48,
        "mean": 18.5554504395,
        "min": 0,
        "stdev": 7.38338518143
    },
    "spectral_decrease": {
        "max": -8.84545145463e-11,
        "mean": -6.92916035661e-09,
        "min": -4.43270451456e-08,
        "stdev": 4.75914729847e-09
    },
    "spectral_energy": {
        "max": 0.170253127813,
        "mean": 0.0284424126148,
        "min": 0.000361911486834,
        "stdev": 0.0190161392093
    },
    "spectral_energyband_high": {
        "max": 0.0103386333212,
        "mean": 0.000699452182744,
        "min": 4.57611440652e-06,
        "stdev": 0.00134887709282
    },
    "spectral_energyband_low": {
        "max": 0.142913818359,
        "mean": 0.00874008890241,
        "min": 2.16914540943e-05,
        "stdev": 0.00997931137681
    },
    "spectral_energyband_middle_high": {
        "max": 0.0429626666009,
        "mean": 0.00792412925512,
        "min": 7.73308420321e-05,
        "stdev": 0.00719986390322
    },
    "spectral_energyband_middle_low": {
        "max": 0.115145094693,
        "mean": 0.0120641514659,
        "min": 0.000114853224659,
        "stdev": 0.0124109704047
    },
    "spectral_entropy": {
        "max": 8.69806575775,
        "mean": 7.52364397049,
        "min": 6.45899391174,
        "stdev": 0.359211862087
    },
    "spectral_flux": {
        "max": 0.351762682199,
        "mean": 0.0886682793498,
        "min": 0.0134350918233,
        "stdev": 0.0446269400418
    },
    "spectral_kurtosis": {
        "max": 20.3546714783,
        "mean": 4.6585650444,
        "min": -1.13757574558,
        "stdev": 2.33317923546
    },
    "spectral_rms": {
        "max": 0.0128880022094,
        "mean": 0.0049943192862,
        "min": 0.000594209006522,
        "stdev": 0.00167493894696
    },
    "spectral_rolloff": {
        "max": 10292.8710938,
        "mean": 1652.8371582,
        "min": 86.1328125,
        "stdev": 1583.85949707
    },
    "spectral_skewness": {
        "max": 3.51049208641,
        "mean": 1.62822079659,
        "min": 0.139762610197,
        "stdev": 0.38791769743
    },
    "spectral_spread": {
        "max": 21978336,
        "mean": 4281355,
        "min": 2370675.75,
        "stdev": 1552619.5
    },
    "spectral_strongpeak": {
        "max": 11.7281970978,
        "mean": 1.73224806786,
        "min": 0,
        "stdev": 2.31151652336
    },
    "zerocrossingrate": {
        "max": 0.31689453125,
        "mean": 0.0616710148752,
        "min": 0.00927734375,
        "stdev": 0.0393750108778
    },
    "barkbands": {
        "max": [0.0033160422463, 0.123006306589, 0.0736585557461, 0.0343693085015, 0.0285270866007, 0.0215905942023, 0.025988670066, 0.0696616023779, 0.109362773597, 0.0143193211406, 0.016980856657, 0.0253471806645, 0.0257303528488, 0.02180570364, 0.0214153304696, 0.0182897653431, 0.00654079392552, 0.00404664175585, 0.00603094929829, 0.00112194870599, 0.00283084926195, 0.00257230969146, 0.00796969421208, 0.00587632553652, 0.00317971245386, 0.000749209022615, 2.24827294915e-06],
        "mean": [0.000538684544154, 0.00512784393504, 0.00222213356756, 0.00165314390324, 0.00147994980216, 0.00218074442819, 0.00102921354119, 0.0020971626509, 0.00333599722944, 0.000660082208924, 0.0005092601059, 0.00085412338376, 0.00070881145075, 0.000878314429428, 0.0016067198012, 0.0015972754918, 0.000523499213159, 0.000335429678671, 0.000362369290087, 8.28822885524e-05, 0.000117756419058, 0.000139765907079, 0.000147349084727, 0.000158904280397, 8.01007336122e-05, 1.48691715367e-05, 3.27617000195e-09],
        "min": [6.26356388977e-09, 9.06609500362e-07, 9.22720937524e-06, 2.28811222769e-06, 2.46004201472e-05, 6.53252300253e-06, 7.35701587473e-06, 1.17264835353e-06, 1.36582548294e-06, 2.94452684102e-06, 1.75685113391e-06, 1.15276782253e-06, 1.28722388126e-06, 2.05276251108e-06, 2.72220268016e-06, 1.42126361879e-06, 2.70182681561e-06, 1.536337777e-06, 1.76742696567e-06, 6.72859812312e-07, 1.11700239813e-06, 4.80450921714e-07, 2.69938908559e-07, 9.96468685344e-08, 1.03842928922e-07, 1.73714607143e-08, 9.0141462003e-12],
        "stdev": [0.000583255779929, 0.00670333392918, 0.00407631369308, 0.00240842299536, 0.00202615209855, 0.00275488407351, 0.00155800243374, 0.00630477070808, 0.010150147602, 0.00136910262518, 0.00120584026445, 0.00235447543673, 0.00165331060998, 0.00194661773276, 0.00310451071709, 0.00265406863764, 0.000705654849298, 0.000499063637108, 0.000579040497541, 9.41944454098e-05, 0.000167648671777, 0.00020967303135, 0.000548396317754, 0.000489644357003, 0.000262184883468, 3.88008884329e-05, 5.00080190591e-08]
    },
    "erbbands": {
        "max": [3.06487679482, 28.2733726501, 63.399307251, 123.97177887, 137.30632019, 77.8445358276, 145.300216675, 247.267623901, 355.296569824, 820.711120605, 1964.37976074, 3239.40820312, 1111.3918457, 579.486694336, 344.460906982, 1256.28198242, 992.444396973, 1188.73095703, 957.308044434, 1791.00280762, 1133.49401855, 276.556762695, 226.99230957, 399.726837158, 145.846176147, 48.5206794739, 83.11328125, 117.717147827, 78.473449707, 192.750015259, 263.142272949, 148.165786743, 81.2643890381, 54.2941246033, 14.0259866714, 5.82970380783, 0.6282299757, 0.0332626663148, 0.000864862638991, 0.000191477432963],
        "mean": [0.209701865911, 0.91807538271, 2.316365242, 4.4450507164, 4.51092624664, 5.27449131012, 11.2918615341, 18.5336322784, 14.6724004745, 23.634519577, 59.9774589539, 85.410118103, 30.2301692963, 19.0880260468, 23.1524715424, 38.8891792297, 35.262638092, 44.6934738159, 40.7169418335, 133.711013794, 65.5595397949, 25.9982376099, 17.7975196838, 24.8495960236, 9.13695049286, 4.51195669174, 3.64544630051, 5.53345441818, 5.60913562775, 3.16969919205, 4.56713151932, 4.30489492416, 2.07372546196, 1.1305706501, 0.437485307455, 0.122246704996, 0.015364988707, 0.000837022147607, 4.20675241912e-05, 3.73379516532e-05],
        "min": [6.85542763676e-05, 0.000551686738618, 0.0116742001846, 0.0359925255179, 0.064162760973, 0.0943257585168, 0.100395865738, 0.0866416245699, 0.18800675869, 0.0935741737485, 0.0375612750649, 0.0681903138757, 0.100205123425, 0.121421396732, 0.0760261639953, 0.0754323229194, 0.125119075179, 0.104224078357, 0.177565053105, 0.210481002927, 0.134244918823, 0.172756180167, 0.107704274356, 0.113818727434, 0.0640852600336, 0.0294018499553, 0.0385146550834, 0.0255572963506, 0.0175868980587, 0.0113173527643, 0.00577990198508, 0.00277523277327, 0.00140350393485, 0.000999160576612, 0.000705828482751, 0.000284921377897, 1.53034670802e-05, 5.34018568032e-07, 6.45084753614e-07, 1.35402603973e-06],
        "stdev": [0.207645878196, 1.53423452377, 4.12464618683, 6.46675205231, 6.83809518814, 8.01830387115, 16.4513454437, 25.5456676483, 21.3532905579, 53.2983894348, 170.789154053, 275.62109375, 68.6353225708, 37.573890686, 41.8813934326, 109.002403259, 76.1445236206, 100.95526123, 65.0522003174, 238.751922607, 100.070457458, 28.8155937195, 26.6382446289, 36.0001373291, 13.3492984772, 5.00200271606, 4.97708082199, 8.03364181519, 8.31967449188, 8.79306221008, 17.3772830963, 12.9695615768, 7.2362613678, 3.98217773438, 1.31053626537, 0.316374868155, 0.0431966818869, 0.00282594258897, 7.46964287828e-05, 2.39232649619e-05]
    },
    "gfcc": {
        "mean": [3.46776175499, 104.470489502, -129.359100342, 42.7965812683, -56.2382392883, 22.063369751, -48.266582489, 13.4040565491, -14.4224309921, 2.8875272274, -12.8266019821, -2.31452822685, -4.35074234009],
        "cov": [[2468.42797852, -776.95123291, -350.292205811, -158.24697876, -117.622695923, 192.262115479, -34.5917510986, 143.755249023, 47.9551086426, 88.3863754272, -137.704055786, 54.1181716919, -94.1088485718], [-776.95123291, 858.044799805, -10.0543136597, -3.32346653938, 203.650756836, -78.6403579712, 199.144958496, -32.4040527344, 62.5211219788, -22.3511352539, 111.352279663, -65.8712005615, 67.002494812], [-350.292205811, -10.0543136597, 570.691040039, 201.913482666, 57.3773040771, 100.600219727, -39.199054718, 29.6101398468, -5.44678878784, 39.0236816406, 36.1371498108, 72.0484848022, 17.7658920288], [-158.24697876, -3.32346653938, 201.913482666, 354.804931641, 173.672470093, -7.53614616394, -121.458580017, -17.7344665527, 84.9026107788, -16.2082920074, 29.2548122406, 71.585319519, 104.484130859], [-117.622695923, 203.650756836, 57.3773040771, 173.672470093, 272.47277832, -15.7710170746, -38.8121681213, 7.0359120369, 86.1118392944, 3.73569488525, 28.9731502533, 29.8572349548, 80.8343887329], [192.262115479, -78.6403579712, 100.600219727, -7.53614616394, -15.7710170746, 185.072433472, 115.250175476, 40.3738327026, -25.3353595734, 25.20561409, 22.4351978302, 10.9293451309, -23.2032794952], [-34.5917510986, 199.144958496, -39.199054718, -121.458580017, -38.8121681213, 115.250175476, 326.801086426, 46.5894927979, -40.4683914185, 21.9427700043, 41.6731910706, -40.1007575989, -55.9688224792], [143.755249023, -32.4040527344, 29.6101398468, -17.7344665527, 7.0359120369, 40.3738327026, 46.5894927979, 93.7959136963, 39.125957489, 28.9965248108, -0.245425388217, -4.35635995865, -9.04159259796], [47.9551086426, 62.5211219788, -5.44678878784, 84.9026107788, 86.1118392944, -25.3353595734, -40.4683914185, 39.125957489, 189.981750488, 27.0352230072, 17.0922832489, -3.80173873901, 35.1794128418], [88.3863754272, -22.3511352539, 39.0236816406, -16.2082920074, 3.73569488525, 25.20561409, 21.9427700043, 28.9965248108, 27.0352230072, 82.4042816162, 16.7818126678, 4.35393714905, -18.5861797333], [-137.704055786, 111.352279663, 36.1371498108, 29.2548122406, 28.9731502533, 22.4351978302, 41.6731910706, -0.245425388217, 17.0922832489, 16.7818126678, 85.8191375732, 14.7772312164, 14.5223398209], [54.1181716919, -65.8712005615, 72.0484848022, 71.585319519, 29.8572349548, 10.9293451309, -40.1007575989, -4.35635995865, -3.80173873901, 4.35393714905, 14.7772312164, 94.7934112549, 41.832862854], [-94.1088485718, 67.002494812, 17.7658920288, 104.484130859, 80.8343887329, -23.2032794952, -55.9688224792, -9.04159259796, 35.1794128418, -18.5861797333, 14.5223398209, 41.832862854, 106.826591492]],
        "icov": [[0.00100543804001, 0.000332763127517, 0.00113209243864, -8.31993456814e-05, -0.000111423963972, -0.00154971634038, 0.000525456329342, -0.00100331089925, -0.000311747542582, -0.000739584735129, 0.00120619556401, -0.00127837574109, 0.000818835862447], [0.000332763127517, 0.00561858247966, -0.0020201895386, 0.00342876883224, -0.00459267478436, 0.00451174285263, -0.00500594358891, 0.00344478036277, -0.00165394658688, 0.00200437777676, -0.00430095661432, 0.00399840064347, -0.00421213218942], [0.00113209243864, -0.0020201895386, 0.00532555021346, -0.00380530883558, 0.00212062546052, -0.00515953684226, 0.0034443482291, -0.0039672292769, 0.00148329732474, -0.00299156829715, 0.00274200853892, -0.00403742492199, 0.00404338072985], [-8.31993456814e-05, 0.00342876883224, -0.00380530883558, 0.00982399657369, -0.00545711349696, 0.0025672481861, -0.00209703668952, 0.0044832942076, -0.00331559823826, 0.00366892642342, -0.00347410771064, 0.00133573962376, -0.00555243715644], [-0.000111423963972, -0.00459267478436, 0.00212062546052, -0.00545711349696, 0.0100658535957, -0.00350504461676, 0.00356360967271, -0.00344863953069, 0.000309024937451, -0.00270374887623, 0.00330819305964, -0.002888785908, 0.00107366137672], [-0.00154971634038, 0.00451174285263, -0.00515953684226, 0.0025672481861, -0.00350504461676, 0.0158668421209, -0.00850442796946, 0.00265582115389, 0.000124463724205, 0.00245674722828, -0.00641401996836, 0.00470864214003, -0.00456570228562], [0.000525456329342, -0.00500594358891, 0.0034443482291, -0.00209703668952, 0.00356360967271, -0.00850442796946, 0.0108186155558, -0.00595832942054, 0.00235677091405, -0.00204136548564, 0.00189357320778, -0.00321800401434, 0.00557242985815], [-0.00100331089925, 0.00344478036277, -0.0039672292769, 0.0044832942076, -0.00344863953069, 0.00265582115389, -0.00595832942054, 0.0196307133883, -0.00525418575853, -0.000504444760736, -0.0012340915855, 0.00385580630973, -0.0047431117855], [-0.000311747542582, -0.00165394658688, 0.00148329732474, -0.00331559823826, 0.000309024937451, 0.000124463724205, 0.00235677091405, -0.00525418575853, 0.00941379182041, -0.00331027782522, -0.000673436326906, 0.00163100031205, 0.000119039978017], [-0.000739584735129, 0.00200437777676, -0.00299156829715, 0.00366892642342, -0.00270374887623, 0.00245674722828, -0.00204136548564, -0.000504444760736, -0.00331027782522, 0.0182501189411, -0.00571551686153, 0.000306309491862, 0.00139003479853], [0.00120619556401, -0.00430095661432, 0.00274200853892, -0.00347410771064, 0.00330819305964, -0.00641401996836, 0.00189357320778, -0.0012340915855, -0.000673436326906, -0.00571551686153, 0.0208068136126, -0.00694487104192, 0.002811714774], [-0.00127837574109, 0.00399840064347, -0.00403742492199, 0.00133573962376, -0.002888785908, 0.00470864214003, -0.00321800401434, 0.00385580630973, 0.00163100031205, 0.000306309491862, -0.00694487104192, 0.0209132824093, -0.0101492675021], [0.000818835862447, -0.00421213218942, 0.00404338072985, -0.00555243715644, 0.00107366137672, -0.00456570228562, 0.00557242985815, -0.0047431117855, 0.000119039978017, 0.00139003479853, 0.002811714774, -0.0101492675021, 0.0219912230968]]
    },
    "melbands": {
        "max": [0.0319986641407, 0.0266401842237, 0.0185036938637, 0.0065496196039, 0.00399760296568, 0.00494043622166, 0.0056250942871, 0.00963174924254, 0.0153249762952, 0.0178075730801, 0.00542781921104, 0.00212843436748, 0.00156803021673, 0.00377974961884, 0.00371644645929, 0.00129394850228, 0.00205287174322, 0.00165129033849, 0.00212961039506, 0.00170487281866, 0.0013946647523, 0.000367298751371, 0.000275581027381, 0.000265172595391, 0.000405775936088, 0.000202365277801, 5.12587248522e-05, 3.30694419972e-05, 3.14293502015e-05, 9.72694324446e-05, 6.24189342489e-05, 4.64207405457e-05, 5.93896074861e-05, 0.000148954000906, 0.000207643970498, 0.000237328611547, 0.000130019689095, 7.50933977542e-05, 5.31826044607e-05, 4.98857662024e-05],
        "mean": [0.00161855225451, 0.00118866644334, 0.000778965477366, 0.00031912792474, 0.000374230003217, 0.000418419367634, 0.000217287393752, 0.000273874349659, 0.000565435562748, 0.000482017901959, 0.000133364228532, 7.36367874197e-05, 7.60411858209e-05, 9.35760690481e-05, 9.38020093599e-05, 7.00715972926e-05, 8.39681233629e-05, 5.37213309144e-05, 0.000139341165777, 0.000157061760547, 6.61046578898e-05, 2.91773339995e-05, 1.56234182214e-05, 1.6775500626e-05, 2.14839510591e-05, 1.00847428257e-05, 3.02275475406e-06, 2.7706300898e-06, 1.90830087377e-06, 2.84029761133e-06, 3.35590380018e-06, 3.69023246094e-06, 1.89094316738e-06, 1.64499545008e-06, 2.44144689532e-06, 3.02357784676e-06, 2.52787845056e-06, 1.54026463406e-06, 1.05372578219e-06, 9.1876006536e-07],
        "min": [5.22354980603e-07, 3.2819543776e-06, 9.78669868346e-06, 5.2788850553e-06, 3.65807818525e-06, 1.33880007525e-06, 1.58767420544e-06, 8.45551085149e-07, 3.13442399147e-07, 3.61443483143e-07, 4.54671521766e-07, 3.51432078105e-07, 2.61326590589e-07, 1.16218664914e-07, 2.90275124826e-07, 1.79072841888e-07, 1.38263828831e-07, 1.77754657216e-07, 2.41437703608e-07, 1.8877489083e-07, 7.41562402595e-08, 1.47321117083e-07, 8.86354811769e-08, 7.68726309275e-08, 8.83906281501e-08, 5.3428138358e-08, 2.70696158822e-08, 1.27046302367e-08, 1.97016660763e-08, 2.08191313078e-08, 9.44287847915e-09, 1.09841620244e-08, 6.37621599964e-09, 3.82067089078e-09, 3.26714766352e-09, 2.47458520342e-09, 1.28800858867e-09, 9.00541863302e-10, 7.45296824256e-10, 8.60820803528e-10],
        "stdev": [0.00184176303446, 0.00189938629046, 0.00105769559741, 0.00042852468323, 0.000497044529766, 0.000545778602827, 0.000310028524837, 0.000665625673719, 0.00153284252156, 0.00153338408563, 0.000334974029101, 0.00015009866911, 0.000160224371939, 0.000260979722952, 0.000245541945333, 0.000144375677337, 0.000194058637135, 0.000107488129288, 0.000259512278717, 0.000275763333775, 0.000111668334284, 3.8037833292e-05, 2.349272836e-05, 2.51840592682e-05, 3.38751706295e-05, 1.94658205146e-05, 3.45677631231e-06, 3.31895353156e-06, 2.66376127911e-06, 4.81907864014e-06, 5.10374684382e-06, 5.66045628148e-06, 3.90293234886e-06, 5.63278354093e-06, 1.02030717244e-05, 1.16054761747e-05, 7.82858660386e-06, 5.76895081394e-06, 3.71387591258e-06, 3.39079792866e-06]
    },
    "melbands128": {
        "max": [0.00311258179136, 0.0188392959535, 0.050739698112, 0.0469435043633, 0.0335613824427, 0.0388071388006, 0.0289988871664, 0.0165518801659, 0.0172400642186, 0.00696003809571, 0.00557835493237, 0.00750172464177, 0.00679651508108, 0.00671277754009, 0.0075356727466, 0.00653612054884, 0.00665094470605, 0.00972326844931, 0.00524879805744, 0.0133095085621, 0.0143629629165, 0.0162815209478, 0.0257634781301, 0.032218746841, 0.0410462021828, 0.0135502694175, 0.0161424409598, 0.0048803105019, 0.00387169537134, 0.00210743956268, 0.00416831951588, 0.00418542232364, 0.00314742396586, 0.00225519412197, 0.00279335700907, 0.00809844769537, 0.00704890536144, 0.00507668126374, 0.00551555585116, 0.00202800193802, 0.00245557003655, 0.00523984758183, 0.00359961413778, 0.00439986400306, 0.00293581746519, 0.00342498975806, 0.0033640335314, 0.0050859390758, 0.00396760972217, 0.00590106425807, 0.00324954348616, 0.00290053384379, 0.0032437115442, 0.00122541876044, 0.00107695825864, 0.000751326035243, 0.000496257503983, 0.00034101359779, 0.000632093288004, 0.000514884770382, 0.000498895766214, 0.000481361523271, 0.000586851558182, 0.000718290510122, 0.000570570642594, 0.000483469513711, 0.00013067740656, 9.48066954152e-05, 9.46908912738e-05, 6.98183503118e-05, 5.35279650649e-05, 5.81157983106e-05, 2.64302434516e-05, 5.52654964849e-05, 5.26953335793e-05, 0.000157351038069, 8.97018253454e-05, 6.39237550786e-05, 6.57175187371e-05, 8.58698476804e-05, 8.25410315883e-05, 8.06233219919e-05, 6.07810870861e-05, 6.36020849925e-05, 8.54052559589e-05, 0.00011247342627, 0.000262137677055, 0.000112447545689, 0.000400634977268, 0.000256505154539, 0.000327139016008, 0.000307019421598, 0.000133573630592, 0.000128490923089, 0.00024619299802, 0.000112074267236, 0.000105466941022, 8.8683438662e-05, 7.17192306183e-05, 4.79473201267e-05, 9.4536182587e-05, 6.14897217019e-05, 3.93899717892e-05, 2.86135873466e-05, 1.97230929189e-05, 1.73303142219e-05, 9.2912623586e-06, 7.40745144867e-06, 2.25847215916e-05, 8.66659684107e-06, 4.06178742196e-06, 2.07599191526e-06, 1.49842196606e-06, 1.23673873986e-06, 1.0301371276e-06, 3.6413706539e-07, 1.06415569689e-08, 1.03918704752e-08, 1.01398871521e-08, 9.91506343695e-09, 9.717854077e-09, 9.54379864027e-09, 9.37957000957e-09, 9.24221676968e-09, 9.11488218236e-09, 9.02304009287e-09, 8.95266794032e-09, 8.90872708936e-09],
        "mean": [0.000503072398715, 0.001883837278, 0.00199337047525, 0.00131646275986, 0.00114304409362, 0.00108432210982, 0.000928923836909, 0.000791621161625, 0.000406828417908, 0.000240149529418, 0.000295250792988, 0.000310726842145, 0.000343366555171, 0.000533816521056, 0.000456698820926, 0.000354698277079, 0.000273921439657, 0.000170123530552, 0.0001557218784, 0.000298023456708, 0.000272633013083, 0.000375356641598, 0.000601396954153, 0.000707031053025, 0.000805004499853, 0.000210807149415, 0.000208322846447, 0.000131640132167, 6.88530635671e-05, 8.62350789248e-05, 6.15163880866e-05, 7.45329816709e-05, 9.88429164863e-05, 5.17133448739e-05, 7.02645193087e-05, 0.000114918249892, 0.000124531463371, 6.85036939103e-05, 0.000110553664854, 6.74283437547e-05, 3.7421235902e-05, 0.00011076991359, 8.72341624927e-05, 7.55040018703e-05, 6.22652223683e-05, 4.10780303355e-05, 5.37213491043e-05, 8.46890616231e-05, 0.000184770629858, 0.000293453398626, 0.000131442167913, 5.48277785128e-05, 7.68632235122e-05, 6.6735825385e-05, 5.36377920071e-05, 1.96480941668e-05, 1.44590685522e-05, 1.81699433597e-05, 1.51562644533e-05, 1.33335643113e-05, 1.66492864082e-05, 1.79225680768e-05, 2.32179427258e-05, 2.22305443458e-05, 2.03314029932e-05, 9.45464398683e-06, 4.76146487927e-06, 2.61550599134e-06, 2.41264865508e-06, 3.72410181626e-06, 3.48296566699e-06, 1.91706931219e-06, 1.53268194936e-06, 2.04774732993e-06, 1.94633139472e-06, 3.06167657982e-06, 3.11307417178e-06, 2.82809878627e-06, 3.6284673115e-06, 3.3394737784e-06, 4.57254418507e-06, 3.57837006959e-06, 2.13667340176e-06, 1.78620928182e-06, 1.60914021308e-06, 1.55046870987e-06, 1.69062332134e-06, 1.75290165316e-06, 2.43900080932e-06, 2.96737403005e-06, 3.12606789521e-06, 3.08385460812e-06, 2.70071336672e-06, 2.73955674857e-06, 2.36119058172e-06, 1.67002212947e-06, 1.44839475524e-06, 1.1675232372e-06, 1.00355134691e-06, 1.00936597391e-06, 1.05582398646e-06, 8.96512347026e-07, 7.89586295014e-07, 6.18481521997e-07, 4.5076404831e-07, 3.85826666616e-07, 2.97856303177e-07, 2.50111668265e-07, 2.08292235016e-07, 1.6222249144e-07, 1.0063007494e-07, 5.12464737312e-08, 2.33882904155e-08, 2.13645492408e-08, 1.78616250679e-08, 3.21909898737e-09, 5.34808135277e-11, 1.229638006e-11, 1.09061457781e-11, 1.09966983436e-11, 1.04568523979e-11, 9.83150106465e-12, 9.53381557728e-12, 9.26244411031e-12, 8.87022833657e-12, 8.3766032305e-12, 8.09946987951e-12, 8.02853530185e-12],
        "min": [1.47175094334e-09, 7.49188089344e-08, 1.08483185102e-07, 1.7793047391e-07, 3.14453927786e-06, 4.66789333586e-06, 4.41141401097e-06, 7.92560172158e-07, 1.68466488049e-06, 1.77620495379e-06, 7.12196936092e-07, 3.23006702274e-07, 7.15903638593e-07, 9.47049215938e-07, 5.56271459118e-07, 1.87304493693e-07, 1.07196831323e-06, 7.90207195678e-07, 1.07922801362e-06, 4.55639536767e-07, 1.53524837287e-07, 1.17698846225e-07, 3.08931866755e-08, 1.73206359477e-07, 5.55640902178e-08, 4.65979042019e-08, 2.05800489539e-07, 1.86629648624e-07, 1.37737032446e-07, 1.025647407e-07, 5.56112311756e-08, 1.10337893489e-07, 1.90300625036e-07, 4.99755330452e-08, 3.5381589214e-08, 3.60583456427e-08, 3.0527239403e-08, 6.22427549501e-08, 6.34373975572e-08, 4.22472012929e-08, 1.20712542184e-08, 2.72171600812e-08, 6.43128288402e-08, 2.91603967639e-08, 4.75518788789e-08, 3.20739914628e-08, 1.04190561956e-07, 4.15188239344e-08, 7.93060195292e-08, 4.26690789368e-08, 5.77285987902e-08, 3.41524000191e-08, 6.41080717401e-08, 3.81377631697e-08, 1.4010174354e-08, 2.78885750049e-08, 4.11491143382e-08, 2.71850488787e-08, 5.72905420881e-08, 2.87233348217e-08, 6.01672951461e-08, 3.4723647957e-08, 2.22944649408e-08, 2.24880594146e-08, 2.5563846151e-08, 2.1654798843e-08, 6.03928906884e-09, 8.089431347e-09, 6.71478694869e-09, 1.19160947776e-08, 5.48565370906e-09, 3.34483329922e-09, 8.59466631198e-09, 1.13028360005e-08, 1.0433669928e-08, 1.04432080761e-08, 1.41130076514e-08, 7.21418791372e-09, 4.34733138377e-09, 7.84247600194e-09, 7.55998197377e-09, 4.81142281572e-09, 7.56189599826e-09, 4.55679982636e-09, 3.18070192407e-09, 3.57660545625e-09, 3.16975201642e-09, 1.84577542139e-09, 2.36894059924e-09, 2.41086106634e-09, 1.19292731249e-09, 1.61434732249e-09, 2.19739382246e-09, 8.851338551e-10, 6.94862556383e-10, 5.95763272049e-10, 9.12848407975e-10, 7.98095700638e-10, 5.45368084026e-10, 6.56969034729e-10, 6.70169253425e-10, 5.73407654691e-10, 1.00619412802e-09, 6.21652340715e-10, 5.34954580633e-10, 1.56515189698e-10, 1.08628472884e-09, 5.29560700846e-11, 3.481805122e-11, 9.51555024012e-13, 1.16045926124e-13, 6.55557558108e-14, 3.37568548689e-14, 3.36107416855e-14, 3.90628081639e-14, 3.45960409029e-14, 2.79098440322e-14, 2.97381104388e-14, 3.12052799236e-14, 2.89515522558e-14, 2.92491657522e-14, 3.44350605972e-14, 2.03453298994e-14, 3.54116116584e-14, 2.38173552197e-14, 9.86180555214e-15, 1.29548564733e-15, 7.25375656448e-17],
        "stdev": [0.000541911635082, 0.00171231909189, 0.00283714220859, 0.00253761047497, 0.00217775022611, 0.00197538873181, 0.00147478759754, 0.00117623608094, 0.000762971350923, 0.000428964878665, 0.000532340025529, 0.000582538021263, 0.000692109810188, 0.000877760641742, 0.000813939375803, 0.000643482606392, 0.000540985085536, 0.000358856690582, 0.000301895692246, 0.000790438905824, 0.00105288473424, 0.00137981039006, 0.00233622733504, 0.00259662419558, 0.00322058377787, 0.000812655373011, 0.000782544841059, 0.000401193683501, 0.000179319365998, 0.000188069490832, 0.000213533625356, 0.000246415060246, 0.000259016611381, 0.000140058778925, 0.000206748474739, 0.000447022932349, 0.000483135721879, 0.000284804380499, 0.000362381339073, 0.000190815131646, 0.000143397599459, 0.000372561364202, 0.000275140133454, 0.000249343720498, 0.000192458712263, 0.000127320512547, 0.000165668010595, 0.0002996911644, 0.000463658419903, 0.000699832628015, 0.000341841368936, 0.000166312136571, 0.000209522375371, 0.000133127832669, 0.000103085243609, 3.75776544388e-05, 2.65396556642e-05, 2.63007295871e-05, 4.08900086768e-05, 4.19047682954e-05, 3.57534227078e-05, 3.36442972184e-05, 5.14227249369e-05, 5.16281907039e-05, 5.26091098436e-05, 2.94330693578e-05, 7.86257442087e-06, 3.84600843972e-06, 4.64421327706e-06, 5.05951993546e-06, 4.82462883156e-06, 3.12841871164e-06, 2.05659057428e-06, 3.57167664333e-06, 3.54180792783e-06, 6.34190291748e-06, 7.12858036422e-06, 5.21204538018e-06, 6.94785649102e-06, 6.03122498433e-06, 8.63259083417e-06, 7.26697953723e-06, 4.03354579248e-06, 4.28854264101e-06, 4.40061239715e-06, 4.88435853185e-06, 7.68606969359e-06, 7.04673811924e-06, 1.28350766317e-05, 1.317027818e-05, 1.48280369103e-05, 1.30390662889e-05, 8.35390710563e-06, 8.7457783593e-06, 9.17146462598e-06, 6.74534157952e-06, 6.23140613243e-06, 4.68783355245e-06, 3.74615365217e-06, 3.69001872969e-06, 4.30319005318e-06, 3.53609493686e-06, 2.82348833025e-06, 2.06776576306e-06, 1.40172403462e-06, 1.15217517305e-06, 8.02922272669e-07, 6.31744512702e-07, 6.8980676815e-07, 4.33512155951e-07, 2.60455863099e-07, 1.74271349351e-07, 1.0183440935e-07, 9.06860719851e-08, 7.82480995554e-08, 1.62476556653e-08, 4.00642657938e-10, 2.28364341326e-10, 2.22430601715e-10, 2.18013510023e-10, 2.13078860112e-10, 2.08965858506e-10, 2.05277961296e-10, 2.02200353683e-10, 1.99299993175e-10, 1.97198410379e-10, 1.95644153655e-10, 1.94683186239e-10]
    },
    "mfcc": {
        "mean": [-631.793701172, 123.345527649, -5.5635972023, 21.2219352722, 15.7193584442, 6.43413209915, -8.94458293915, 4.5575170517, 2.42210817337, 2.00721788406, 0.851550936699, 2.01877403259, -0.476089030504],
        "cov": [[2642.69995117, -693.784484863, -354.216522217, -360.897705078, -125.617485046, -26.8131008148, -90.9297561646, 55.2950286865, 71.7816467285, 107.756477356, 93.1909790039, -53.9586410522, -152.511932373], [-693.784484863, 773.677246094, -138.744445801, 84.489692688, -55.7541465759, 26.1157875061, 121.660621643, 2.66900992393, 18.3624095917, 2.41959214211, 91.8580322266, 47.9004249573, 28.0639705658], [-354.216522217, -138.744445801, 486.058685303, 59.7138900757, 86.6753311157, 62.4111747742, 43.7299537659, 26.0153617859, -13.2860088348, -18.8705444336, -22.8605613708, 54.8506126404, 67.3037490845], [-360.897705078, 84.489692688, 59.7138900757, 306.478424072, 226.316604614, 26.2388782501, -74.2411270142, 2.11297082901, 29.9810943604, -20.2827014923, -82.0951156616, -14.1877975464, 66.0412063599], [-125.617485046, -55.7541465759, 86.6753311157, 226.316604614, 392.863006592, 17.1751747131, -151.639724731, -7.33173418045, 32.5081596375, 7.81308507919, -111.577110291, -24.7291145325, 70.5402526855], [-26.8131008148, 26.1157875061, 62.4111747742, 26.2388782501, 17.1751747131, 117.43044281, 72.3320846558, 32.9130592346, 11.8503799438, -7.4462223053, 34.1845397949, 18.8104724884, -2.99339199066], [-90.9297561646, 121.660621643, 43.7299537659, -74.2411270142, -151.639724731, 72.3320846558, 252.196578979, 51.5795402527, -13.5050792694, -1.89346253872, 81.1813964844, 25.8564338684, -18.8645648956], [55.2950286865, 2.66900992393, 26.0153617859, 2.11297082901, -7.33173418045, 32.9130592346, 51.5795402527, 90.0959014893, 31.0437583923, 2.61398482323, 22.0847530365, 17.2100868225, -0.650552809238], [71.7816467285, 18.3624095917, -13.2860088348, 29.9810943604, 32.5081596375, 11.8503799438, -13.5050792694, 31.0437583923, 87.8418960571, 31.8004016876, 14.3517894745, 10.6414270401, -1.84067583084], [107.756477356, 2.41959214211, -18.8705444336, -20.2827014923, 7.81308507919, -7.4462223053, -1.89346253872, 2.61398482323, 31.8004016876, 106.845527649, 52.1392860413, 12.2333879471, -8.86253929138], [93.1909790039, 91.8580322266, -22.8605613708, -82.0951156616, -111.577110291, 34.1845397949, 81.1813964844, 22.0847530365, 14.3517894745, 52.1392860413, 162.460678101, 58.5874862671, -30.255487442], [-53.9586410522, 47.9004249573, 54.8506126404, -14.1877975464, -24.7291145325, 18.8104724884, 25.8564338684, 17.2100868225, 10.6414270401, 12.2333879471, 58.5874862671, 79.243812561, 17.9736976624], [-152.511932373, 28.0639705658, 67.3037490845, 66.0412063599, 70.5402526855, -2.99339199066, -18.8645648956, -0.650552809238, -1.84067583084, -8.86253929138, -30.255487442, 17.9736976624, 85.4701538086]],
        "icov": [[0.000878389168065, 0.000891381758265, 0.000831752142403, 0.000803336675745, -0.000266499380814, -0.000353116396582, 0.000152867010911, -0.000501461559907, -0.000578574894462, -0.000166578553035, -0.000595111341681, 0.000242958500166, -5.49701653654e-05], [0.000891381758265, 0.00294064241461, 0.00178083381616, -0.000424724363256, -0.000204997544643, 0.000101774836367, -0.00128093373496, 0.000415316346334, -0.00100820255466, 0.000375794770662, -0.00168144667987, -0.000695079914294, -0.000987726962194], [0.000831752142403, 0.00178083381616, 0.00408215122297, 0.000411780230934, -0.000799289904535, -0.00129474804271, -0.00113896245603, -0.00031575554749, 0.000117225521535, -0.00014674400154, 0.000313431752147, -0.00262043206021, -0.00162339222152], [0.000803336675745, -0.000424724363256, 0.000411780230934, 0.00800359621644, -0.003335588146, -0.00175001483876, 0.000788261473645, -0.000616529549006, -0.00206668232568, 0.000900758546777, 0.000693555164617, 0.00129408156499, -0.00205237045884], [-0.000266499380814, -0.000204997544643, -0.000799289904535, -0.003335588146, 0.00708586163819, -0.00286489957944, 0.00328548648395, -0.000552652520128, 0.000167686506757, -0.00271022995003, 0.00259164231829, 0.000759584829211, -0.0019487075042], [-0.000353116396582, 0.000101774836367, -0.00129474804271, -0.00175001483876, -0.00286489957944, 0.0147015433758, -0.00479566073045, -0.000871182768606, -0.00119526626077, 0.00344799575396, -0.00379966711625, -0.00050469028065, 0.0026153633371], [0.000152867010911, -0.00128093373496, -0.00113896245603, 0.000788261473645, 0.00328548648395, -0.00479566073045, 0.00932450965047, -0.00406756764278, 0.00221607042477, -0.0010766540654, -0.000854316400364, 0.00248508155346, -0.000760189781431], [-0.000501461559907, 0.000415316346334, -0.00031575554749, -0.000616529549006, -0.000552652520128, -0.000871182768606, -0.00406756764278, 0.0165645387024, -0.00609603710473, 0.00189622514881, -5.52748606424e-05, -0.00211691879667, -0.000161292715347], [-0.000578574894462, -0.00100820255466, 0.000117225521535, -0.00206668232568, 0.000167686506757, -0.00119526626077, 0.00221607042477, -0.00609603710473, 0.0172927416861, -0.00497504975647, 0.00109960127156, -0.00206172303297, 0.00174503552262], [-0.000166578553035, 0.000375794770662, -0.00014674400154, 0.000900758546777, -0.00271022995003, 0.00344799575396, -0.0010766540654, 0.00189622514881, -0.00497504975647, 0.0146890673786, -0.00697992602363, 0.00182781694457, -0.000305913592456], [-0.000595111341681, -0.00168144667987, 0.000313431752147, 0.000693555164617, 0.00259164231829, -0.00379966711625, -0.000854316400364, -5.52748606424e-05, 0.00109960127156, -0.00697992602363, 0.0174530800432, -0.0103381723166, 0.00389864342287], [0.000242958500166, -0.000695079914294, -0.00262043206021, 0.00129408156499, 0.000759584829211, -0.00050469028065, 0.00248508155346, -0.00211691879667, -0.00206172303297, 0.00182781694457, -0.0103381723166, 0.0244936682284, -0.00705217337236], [-5.49701653654e-05, -0.000987726962194, -0.00162339222152, -0.00205237045884, -0.0019487075042, 0.0026153633371, -0.000760189781431, -0.000161292715347, 0.00174503552262, -0.000305913592456, 0.00389864342287, -0.00705217337236, 0.0191902406514]]
    },
    "spectral_contrast_coeffs": {
        "max": [-0.446319520473, -0.384544581175, -0.53095549345, -0.507916331291, -0.541275680065, -0.635501146317],
        "mean": [-0.740323603153, -0.727951824665, -0.772863209248, -0.74215555191, -0.761223733425, -0.768935084343],
        "min": [-0.925403237343, -0.911301732063, -0.910486400127, -0.888116896152, -0.873642683029, -0.891097784042],
        "stdev": [0.0597696118057, 0.0743997842073, 0.0588363818824, 0.0712206959724, 0.052518799901, 0.0393546968699]
    },
    "spectral_contrast_valleys": {
        "max": [-4.84604692459, -4.95684719086, -5.52659749985, -5.49191379547, -6.07241821289, -7.77389478683],
        "mean": [-6.44947814941, -6.65562534332, -7.36070251465, -7.43199300766, -7.73713922501, -10.1325159073],
        "min": [-8.25749111176, -8.75434970856, -9.22901821136, -9.56650352478, -9.69793319702, -12.7939004898],
        "stdev": [0.521254956722, 0.59917730093, 0.653982102871, 0.596295714378, 0.551451444626, 0.787586331367]
    }
},
"rhythm": {
    "beats_count": 123,
    "beats_loudness": {
        "max": 0.0883367061615,
        "mean": 0.0355871804059,
        "min": 0.00271351775154,
        "stdev": 0.0181235522032
    },
    "bpm": 152.246887207,
    "bpm_histogram_first_peak_bpm": 152,
    "bpm_histogram_first_peak_weight": 0.0754716992378,
    "bpm_histogram_second_peak_bpm": 157,
    "bpm_histogram_second_peak_spread": 0.066666662693,
    "bpm_histogram_second_peak_weight": 0.114754095674,
    "danceability": 0.98479372263,
    "onset_rate": 2.830078125,
    "beats_loudness_band_ratio": {
        "max": [0.911077737808, 0.406786590815, 0.857117235661, 0.579611122608, 0.679040372372, 0.493994057178],
        "mean": [0.429993182421, 0.133289217949, 0.188024282455, 0.106987990439, 0.131995871663, 0.0403688400984],
        "min": [0.00474504521117, 0.00772630004212, 0.00858724862337, 0.00525086838752, 0.00304003572091, 0.00239059561864],
        "stdev": [0.215253442526, 0.0902761146426, 0.19255913794, 0.115767933428, 0.138864815235, 0.0572151243687]
    },
