{
"metadata": {
    "version": {
        "essentia": "2.1-beta5",
        "essentia_git_sha": "Undefined",
        "extractor": "music 2.0"
    },
    "audio_properties": {
        "analysis": {
            "equal_loudness": 0,
            "length": 29.0017242432,
            "sample_rate": 44100,
            "start_time": 0,
            "downmix": "mix"
        },
        "bit_rate": 192000,
        "length": 197.926895142,
        "lossless": 0,
        "number_channels": 2,
        "replay_gain": -6.76983833313,
        "sample_rate": 48000,
        "codec": "mp3",
        "md5_encoded": "1972daefa3ccb1cecf5d16ef50702cf3"
    },
    "tags": {
        "file_name": "Belgium_Envie De Vivre_Nathalie Sorce.mp3",
        "encoding": ["Lavf58.29.100"]
    }
},
"lowlevel": {
    "average_loudness": 0.964046001434,
    "barkbands_crest": {
        "max": 25.5933570862,
        "mean": 10.2321996689,
        "min": 2.22358393669,
        "stdev": 5.17698287964
    },
    "barkbands_flatness_db": {
        "max": 0.302393317223,
        "mean": 0.166340500116,
        "min": 0.0640512183309,
        "stdev": 0.0365384146571
    },
    "barkbands_kurtosis": {
        "max": 47.3469390869,
        "mean": 3.66097784042,
        "min": -1.87661314011,
        "stdev": 6.49866628647
    },
    "barkbands_skewness": {
        "max": 6.42238044739,
        "mean": 1.40018773079,
        "min": -2.04703760147,
        "stdev": 1.23398435116
    },
    "barkbands_spread": {
        "max": 94.9643325806,
        "mean": 17.3186531067,
        "min": 2.37198519707,
        "stdev": 11.1908855438
    },
    "dissonance": {
        "max": 0.500000119209,
        "mean": 0.465094149113,
        "min": 0.360229879618,
        "stdev": 0.0278196129948
    },
    "dynamic_complexity": 2.04298305511,
    "erbbands_crest": {
        "max": 29.6314754486,
        "mean": 10.4172258377,
        "min": 2.8652112484,
        "stdev": 5.27633619308
    },
    "erbbands_flatness_db": {
        "max": 0.303017348051,
        "mean": 0.208220660686,
        "min": 0.0961438044906,
        "stdev": 0.0399713180959
    },
    "erbbands_kurtosis": {
        "max": 16.1818790436,
        "mean": 0.916821479797,
        "min": -1.75997579098,
        "stdev": 2.21789002419
    },
    "erbbands_skewness": {
        "max": 3.81314635277,
        "mean": 0.74545353651,
        "min": -2.3144068718,
        "stdev": 0.863228440285
    },
    "erbbands_spread": {
        "max": 123.666542053,
        "mean": 29.2084522247,
        "min": 9.06283473969,
        "stdev": 15.4213962555
    },
    "hfc": {
        "max": 102.613487244,
        "mean": 24.9818515778,
        "min": 1.19539245217e-16,
        "stdev": 14.5389614105
    },
    "loudness_ebu128": {
        "integrated": -16.5838069916,
        "loudness_range": 2.27538108826,
        "momentary": {
            "max": -13.7248897552,
            "mean": -16.9241371155,
            "min": -24.1621799469,
            "stdev": 1.86638236046
        },
        "short_term": {
            "max": -15.0748682022,
            "mean": -16.534696579,
            "min": -18.328004837,
            "stdev": 0.721449196339
        }
    },
    "melbands_crest": {
        "max": 31.7239952087,
        "mean": 12.9618520737,
        "min": 1.4381095171,
        "stdev": 6.1227016449
    },
    "melbands_flatness_db": {
        "max": 0.322562515736,
        "mean": 0.160032600164,
        "min": 0.00121551193297,
        "stdev": 0.0468756295741
    },
    "melbands_kurtosis": {
        "max": 149.347198486,
        "mean": 11.00370121,
        "min": -1.46805608273,
        "stdev": 16.8499679565
    },
    "melbands_skewness": {
        "max": 10.4351158142,
        "mean": 2.15194535255,
        "min": -0.362098544836,
        "stdev": 1.65171647072
    },
    "melbands_spread": {
        "max": 156.560043335,
        "mean": 22.6328525543,
        "min": 2.17692089081,
        "stdev": 15.5355195999
    },
    "pitch_salience": {
        "max": 0.947211444378,
        "mean": 0.590861558914,
        "min": 0.124226436019,
        "stdev": 0.151248916984
    },
    "silence_rate_20dB": {
        "max": 1,
        "mean": 1,
        "min": 1,
        "stdev": 0
    },
    "silence_rate_30dB": {
        "max": 1,
        "mean": 1,
        "min": 1,
        "stdev": 0
    },
    "silence_rate_60dB": {
        "max": 1,
        "mean": 0.00480000022799,
        "min": 0,
        "stdev": 0.0691144987941
    },
    "spectral_centroid": {
        "max": 11150.8701172,
        "mean": 1499.17114258,
        "min": 385.685180664,
        "stdev": 628.477661133
    },
    "spectral_complexity": {
        "max": 53,
        "mean": 22.3015995026,
        "min": 0,
        "stdev": 8.1203584671
    },
    "spectral_decrease": {
        "max": 5.32610509442e-29,
        "mean": -5.69229507974e-09,
        "min": -3.73070179194e-08,
        "stdev": 3.60248875175e-09
    },
    "spectral_energy": {
        "max": 0.147578880191,
        "mean": 0.0237499978393,
        "min": 1.06415469101e-20,
        "stdev": 0.0145091060549
    },
    "spectral_energyband_high": {
        "max": 0.0093940300867,
        "mean": 0.000838493811898,
        "min": 7.63172746675e-21,
        "stdev": 0.000930254987907
    },
    "spectral_energyband_low": {
        "max": 0.0491419024765,
        "mean": 0.000998995965347,
        "min": 8.83661033883e-23,
        "stdev": 0.00312495068647
    },
    "spectral_energyband_middle_high": {
        "max": 0.0649094730616,
        "mean": 0.00829244498163,
        "min": 1.68970431412e-21,
        "stdev": 0.00757002132013
    },
    "spectral_energyband_middle_low": {
        "max": 0.12879383564,
        "mean": 0.0141865862533,
        "min": 2.11811778381e-22,
        "stdev": 0.0129419462755
    },
    "spectral_entropy": {
        "max": 9.81541061401,
        "mean": 7.63637495041,
        "min": 6.69022893906,
        "stdev": 0.293080031872
    },
    "spectral_flux": {
        "max": 0.322020292282,
        "mean": 0.0851173773408,
        "min": 1.03157871134e-10,
        "stdev": 0.0345331951976
    },
    "spectral_kurtosis": {
        "max": 11.9520587921,
        "mean": 3.9290792942,
        "min": -1.20626497269,
        "stdev": 1.98524713516
    },
    "spectral_rms": {
        "max": 0.0119991414249,
        "mean": 0.00459445593879,
        "min": 3.22211072927e-12,
        "stdev": 0.00143586716149
    },
    "spectral_rolloff": {
        "max": 18626.2207031,
        "mean": 1808.78845215,
        "min": 86.1328125,
        "stdev": 1423.67480469
    },
    "spectral_skewness": {
        "max": 2.49854540825,
        "mean": 1.50914943218,
        "min": 0.0104670627043,
        "stdev": 0.30254521966
    },
    "spectral_spread": {
        "max": 41162568,
        "mean": 4463578,
        "min": 1847657.5,
        "stdev": 1920650.375
    },
    "spectral_strongpeak": {
        "max": 9.74671554565,
        "mean": 1.72476136684,
        "min": 0,
        "stdev": 1.43318843842
    },
    "zerocrossingrate": {
        "max": 0.75,
        "mean": 0.073449999094,
        "min": 0.015625,
        "stdev": 0.0436184220016
    },
    "barkbands": {
        "max": [0.00213604653254, 0.0172780100256, 0.0372796580195, 0.0293275490403, 0.0506342202425, 0.0987297520041, 0.0490806661546, 0.0420337729156, 0.0426457114518, 0.0498212166131, 0.0105411792174, 0.023436145857, 0.00924956984818, 0.013136270456, 0.00718326121569, 0.00524997757748, 0.0149339716882, 0.0112325465307, 0.00264905206859, 0.00531690102071, 0.00294614699669, 0.00161255092826, 0.00160375796258, 0.00213085347787, 0.00224779220298, 6.03408670941e-06, 2.64257209892e-06],
        "mean": [2.22140442929e-05, 0.000412567751482, 0.000384241167922, 0.000314312550472, 0.00153490214143, 0.00350324017927, 0.00350987818092, 0.00155086279847, 0.00306130340323, 0.00242581008933, 0.000746500329114, 0.000993924797513, 0.000682841055095, 0.000847358198371, 0.000628791342024, 0.000469624181278, 0.00101268978324, 0.000432477711001, 0.000274538178928, 0.000335822231136, 0.000166687663295, 0.000104168568214, 0.00011078256648, 7.87422395661e-05, 0.000145575613715, 1.29523883174e-07, 2.88913915014e-09],
        "min": [3.68998681431e-24, 8.12584350778e-23, 2.91113635677e-24, 4.80211029672e-24, 5.55234762539e-23, 2.36328874807e-23, 4.43448439104e-23, 2.8748764047e-23, 2.531766876e-23, 8.14304951076e-23, 6.4971089025e-23, 8.06830210009e-23, 9.38779944399e-23, 1.1467691174e-22, 9.98113517851e-23, 1.61262190041e-22, 2.01525638022e-22, 2.04246640165e-22, 2.95187610792e-22, 5.17251173061e-22, 4.30083835326e-22, 5.6047600488e-22, 4.9276811125e-22, 6.70138676893e-22, 1.12975140606e-21, 1.87555550052e-21, 2.47712361074e-21],
        "stdev": [0.000121657729323, 0.00155039737001, 0.00164654105902, 0.0011619789293, 0.00380724412389, 0.00738898618147, 0.00672691781074, 0.00326516432688, 0.0049289627932, 0.00479386700317, 0.00118981034029, 0.00158250215463, 0.000950586807448, 0.00124637305271, 0.000885868736077, 0.000596321595367, 0.0019605779089, 0.000794340157881, 0.000313197000651, 0.000501665403135, 0.000234420702327, 0.000144561578054, 0.000160857845913, 0.000147052938701, 0.000239660876105, 4.4412993816e-07, 7.470043073e-08]
    },
    "erbbands": {
        "max": [0.650752365589, 3.92288470268, 32.7386894226, 73.5205230713, 117.526176453, 195.418502808, 911.390258789, 785.617248535, 900.413024902, 771.946411133, 886.852783203, 972.221130371, 1573.62158203, 559.445068359, 460.270294189, 672.762084961, 461.968841553, 652.262756348, 558.585327148, 384.250457764, 284.682006836, 1039.42626953, 772.807434082, 222.486907959, 90.1719589233, 177.916595459, 182.494827271, 89.6437606812, 50.149055481, 59.8400650024, 59.48254776, 56.4478912354, 24.7803764343, 21.1903438568, 16.873884201, 0.742842257023, 0.0202614534646, 0.00173720077146, 0.000406969542382, 0.000169192091562],
        "mean": [0.0117073794827, 0.0957351624966, 0.396168529987, 0.881960868835, 2.52196598053, 5.71979856491, 13.51587677, 32.7137565613, 57.1133422852, 32.7715072632, 45.9291992188, 66.2496490479, 77.4574127197, 48.4709014893, 34.058380127, 39.9441413879, 33.4281768799, 37.9672203064, 41.4092483521, 29.6380939484, 30.5833473206, 57.6932449341, 27.6965122223, 17.5570487976, 11.9430189133, 15.0266342163, 11.6332502365, 4.64337396622, 3.50275635719, 4.77252101898, 2.49819874763, 1.77594339848, 1.25806283951, 1.52391779423, 1.05300998688, 0.0462409593165, 0.0013376128627, 0.00010111193842, 2.69575320999e-05, 3.1855837733e-05],
        "min": [2.53823965643e-21, 1.74272479404e-20, 6.82337571445e-21, 1.38354810867e-20, 5.52375444932e-20, 1.89442416076e-19, 3.14187339982e-19, 1.65290306078e-19, 4.67706736696e-19, 8.43730170165e-19, 5.92760987377e-19, 4.88835669577e-19, 1.93813773516e-18, 2.43269310018e-18, 2.83291906288e-18, 3.75999621006e-18, 4.16872724383e-18, 4.56539591632e-18, 4.699218023e-18, 9.49994268768e-18, 8.59778146133e-18, 1.15300821389e-17, 1.03414078822e-17, 1.02246554747e-17, 2.13531447349e-17, 2.26928944315e-17, 2.32263829132e-17, 1.20572393802e-17, 1.92670398978e-17, 1.672073809e-17, 1.57746122141e-17, 1.23780009966e-17, 1.14122419888e-17, 1.15808387685e-17, 9.3792619994e-18, 6.23627759262e-18, 3.33195319733e-18, 1.49394443455e-18, 3.93631833963e-19, 3.32286303816e-20],
        "stdev": [0.051353495568, 0.351929098368, 1.52917397022, 3.07710981369, 7.91884326935, 15.4992456436, 40.3236541748, 65.9946212769, 103.321182251, 77.831161499, 83.4673538208, 107.019088745, 131.563705444, 78.8481903076, 51.5611495972, 56.2583694458, 43.3355026245, 54.5097579956, 66.8676834106, 35.3496398926, 39.1174201965, 115.804649353, 51.2759590149, 20.4103126526, 12.0198154449, 21.5346927643, 18.8742904663, 5.28600692749, 4.54789209366, 6.60392332077, 4.56339359283, 3.36238527298, 2.24324679375, 2.53879570961, 1.80099773407, 0.0773966535926, 0.00218250509351, 0.000161368428962, 2.62524736172e-05, 1.87643054232e-05]
    },
    "gfcc": {
        "mean": [-8.49429225922, 79.7633666992, -169.974197388, 19.3820075989, -90.5115356445, 11.1812753677, -49.8967437744, 11.0441532135, -22.6238555908, -3.28770089149, -9.03032207489, -11.7456789017, 2.11208558083],
        "cov": [[5017.88330078, 7.28933048248, -92.4416503906, 42.9688682556, -469.730834961, -66.0000152588, -404.172790527, 38.6941986084, -286.81842041, 8.76030158997, -119.852996826, -24.2831172943, -14.2780666351], [7.28933048248, 635.617736816, 25.0713119507, 86.3325881958, 173.023223877, -12.6746482849, 116.778358459, -59.8559989929, 73.3353805542, -37.1684303284, 84.3005523682, -31.5975532532, 29.5264339447], [-92.4416503906, 25.0713119507, 1263.79882812, 282.690124512, -262.592193604, -140.917709351, -367.572296143, -114.742744446, -190.922195435, 89.8486938477, -25.4674949646, 101.023200989, -71.5681762695], [42.9688682556, 86.3325881958, 282.690124512, 342.715179443, 77.2981109619, -11.5780324936, -34.6076431274, -23.8909168243, 15.6786651611, -11.8073215485, 21.0511341095, 28.5195884705, 32.5667686462], [-469.730834961, 173.023223877, -262.592193604, 77.2981109619, 319.719421387, 135.124206543, 223.993438721, 36.5741920471, 105.673278809, -26.823802948, 29.244304657, -29.7821979523, 37.5662384033], [-66.0000152588, -12.6746482849, -140.917709351, -11.5780324936, 135.124206543, 294.742248535, 215.870101929, 37.5807189941, 16.4516716003, 12.4254713058, 16.1706790924, -37.3196182251, -22.2416858673], [-404.172790527, 116.778358459, -367.572296143, -34.6076431274, 223.993438721, 215.870101929, 363.360137939, 86.2911071777, 93.6374359131, -17.8321056366, 51.0851135254, -84.8372039795, 11.7537155151], [38.6941986084, -59.8559989929, -114.742744446, -23.8909168243, 36.5741920471, 37.5807189941, 86.2911071777, 113.526794434, 51.9548797607, 0.0246863011271, -12.0323505402, -25.8676376343, -8.23345279694], [-286.81842041, 73.3353805542, -190.922195435, 15.6786651611, 105.673278809, 16.4516716003, 93.6374359131, 51.9548797607, 177.803878784, -17.4650726318, 28.6215667725, 4.59599351883, 17.7694740295], [8.76030158997, -37.1684303284, 89.8486938477, -11.8073215485, -26.823802948, 12.4254713058, -17.8321056366, 0.0246863011271, -17.4650726318, 82.5395584106, 21.9927539825, 7.8700671196, -7.83299064636], [-119.852996826, 84.3005523682, -25.4674949646, 21.0511341095, 29.244304657, 16.1706790924, 51.0851135254, -12.0323505402, 28.6215667725, 21.9927539825, 100.394477844, 22.0942707062, 16.7831573486], [-24.2831172943, -31.5975532532, 101.023200989, 28.5195884705, -29.7821979523, -37.3196182251, -84.8372039795, -25.8676376343, 4.59599351883, 7.8700671196, 22.0942707062, 97.1946105957, 16.4879646301], [-14.2780666351, 29.5264339447, -71.5681762695, 32.5667686462, 37.5662384033, -22.2416858673, 11.7537155151, -8.23345279694, 17.7694740295, -7.83299064636, 16.7831573486, 16.4879646301, 71.9474411011]],
        "icov": [[0.000780403905082, -0.00161016406491, 0.00160037563182, -0.00169111520518, 0.00232937000692, -0.00183113233652, 0.0024003458675, -0.00263820099644, 0.00184264930431, -0.00106272625271, 0.000898079539184, -0.000294491183013, -1.60773906828e-05], [-0.00161016406491, 0.00648730481043, -0.00442677550018, 0.00431515602395, -0.00681031355634, 0.005035195034, -0.00580756925046, 0.00777509715408, -0.0049669505097, 0.00411579525098, -0.00439266907051, 0.00284619652666, -0.000340310885804], [0.00160037563182, -0.00442677550018, 0.00593988830224, -0.0060679866001, 0.00651091197506, -0.00393714569509, 0.00547638721764, -0.00564201315865, 0.00536748114973, -0.00485910847783, 0.00338210607879, -0.00274402997456, 0.00261775637046], [-0.00169111520518, 0.00431515602395, -0.0060679866001, 0.00994858052582, -0.00854002404958, 0.00339756254107, -0.00331465504132, 0.00533301522955, -0.00534249143675, 0.0056522092782, -0.0047864606604, 0.00308242626488, -0.00363954831846], [0.00232937000692, -0.00681031355634, 0.00651091197506, -0.00854002404958, 0.0166216008365, -0.00659045157954, 0.00257430435158, -0.00692306878045, 0.00423201499507, -0.0053019723855, 0.00700212502852, -0.00418260786682, -0.000626845809165], [-0.00183113233652, 0.005035195034, -0.00393714569509, 0.00339756254107, -0.00659045157954, 0.0129938004538, -0.0129339220002, 0.00874764099717, -0.00287804659456, 0.000347154506017, -9.09369628062e-05, -0.00226275576279, 0.00397629337385], [0.0024003458675, -0.00580756925046, 0.00547638721764, -0.00331465504132, 0.00257430435158, -0.0129339220002, 0.0234623868018, -0.0146629903466, 0.00494929682463, -3.71409878426e-05, -0.00518341502175, 0.00782345514745, -0.00285598426126], [-0.00263820099644, 0.00777509715408, -0.00564201315865, 0.00533301522955, -0.00692306878045, 0.00874764099717, -0.0146629903466, 0.0250039733946, -0.0104999057949, 0.00158749544062, 0.000890326919034, 0.00106210145168, 0.00215019285679], [0.00184264930431, -0.0049669505097, 0.00536748114973, -0.00534249143675, 0.00423201499507, -0.00287804659456, 0.00494929682463, -0.0104999057949, 0.0145017821342, -0.00287809409201, 0.00149532186333, -0.00455518672243, 0.00185210362542], [-0.00106272625271, 0.00411579525098, -0.00485910847783, 0.0056522092782, -0.0053019723855, 0.000347154506017, -3.71409878426e-05, 0.00158749544062, -0.00287809409201, 0.0197045728564, -0.00955738406628, 0.00444304849952, -0.00216119387187], [0.000898079539184, -0.00439266907051, 0.00338210607879, -0.0047864606604, 0.00700212502852, -9.09369628062e-05, -0.00518341502175, 0.000890326919034, 0.00149532186333, -0.00955738406628, 0.0209836028516, -0.00967495143414, 0.000688798667397], [-0.000294491183013, 0.00284619652666, -0.00274402997456, 0.00308242626488, -0.00418260786682, -0.00226275576279, 0.00782345514745, 0.00106210145168, -0.00455518672243, 0.00444304849952, -0.00967495143414, 0.0211214553565, -0.00599817326292], [-1.60773906828e-05, -0.000340310885804, 0.00261775637046, -0.00363954831846, -0.000626845809165, 0.00397629337385, -0.00285598426126, 0.00215019285679, 0.00185210362542, -0.00216119387187, 0.000688798667397, -0.00599817326292, 0.0210772268474]]
    },
    "melbands": {
        "max": [0.0051978812553, 0.0124804386869, 0.0124968327582, 0.0137606356293, 0.024119367823, 0.0158922653645, 0.0115687325597, 0.00906571280211, 0.00619714381173, 0.00525753106922, 0.00824822299182, 0.00286348443478, 0.00140133709647, 0.0033516837284, 0.00186245481018, 0.000728943559807, 0.0012068945216, 0.00105978862848, 0.000417685863795, 0.00045979800052, 0.000488107383717, 0.00126512371935, 0.000516707194038, 0.000659533718135, 0.000201003436814, 0.000105899140181, 4.70616141683e-05, 0.000167670717929, 0.000193280022359, 5.38523163414e-05, 7.03156329109e-05, 3.20694634866e-05, 2.63019992417e-05, 3.42807943525e-05, 3.80643905373e-05, 2.83923836832e-05, 3.54320509359e-05, 1.99253427127e-05, 1.60632262123e-05, 2.48022115557e-05],
        "mean": [0.000108436521259, 0.000181028124643, 0.000186102493899, 0.000304017245071, 0.000422039040131, 0.000776353001129, 0.0008173531387, 0.000328033027472, 0.000428306375397, 0.000408559368225, 0.000396677321987, 0.000216927932343, 0.000103013837361, 0.000108139836811, 9.8936005088e-05, 6.37978373561e-05, 7.18893861631e-05, 7.25331919966e-05, 4.32367851317e-05, 3.67942848243e-05, 3.51222442987e-05, 6.84493134031e-05, 2.92502845696e-05, 2.09599838854e-05, 1.35630907607e-05, 9.6390122053e-06, 7.53847871238e-06, 1.1148044905e-05, 9.37994809647e-06, 3.36963057634e-06, 2.42287569563e-06, 1.98592533707e-06, 2.0101103928e-06, 2.85884607365e-06, 1.38818199957e-06, 1.08547237687e-06, 1.10963912903e-06, 9.19953265566e-07, 7.84325493441e-07, 1.52461564085e-06],
        "min": [2.38727548384e-23, 9.95751431643e-24, 3.10952343595e-24, 8.71262869912e-24, 1.15955571648e-23, 3.68946695498e-24, 8.14974331108e-24, 8.53719155582e-24, 5.05102036701e-24, 3.13075582442e-24, 1.03643480291e-23, 1.00711110756e-23, 9.18358654814e-24, 1.09840377131e-23, 1.03090591348e-23, 6.65675778364e-24, 9.25909946943e-24, 7.98592530006e-24, 8.52263391668e-24, 1.56769601943e-23, 8.6915085261e-24, 1.43501371724e-23, 7.48672938607e-24, 9.58501814129e-24, 7.27050182309e-24, 1.34191724415e-23, 1.93166949912e-23, 1.33108239739e-23, 1.49971877082e-23, 1.03908979317e-23, 6.1513519566e-24, 9.82965021888e-24, 1.23188873947e-23, 7.93818422694e-24, 8.69099734423e-24, 9.29510939203e-24, 6.67468306999e-24, 7.36152138319e-24, 9.2406109364e-24, 1.03846706637e-23],
        "stdev": [0.000436609261669, 0.000640341779217, 0.000581139524002, 0.000840204418637, 0.00115256197751, 0.00147085951176, 0.00145863182843, 0.000783726107329, 0.000817952153739, 0.000633091258351, 0.000701734388713, 0.000397311145207, 0.00015932545648, 0.000197285757167, 0.000142778269947, 8.27920957818e-05, 0.000111170098535, 0.000131484353915, 5.25359318999e-05, 4.86889912281e-05, 5.68450122955e-05, 0.000147499958985, 4.8268957471e-05, 4.17086630478e-05, 1.71787487488e-05, 1.14083914013e-05, 7.99644840299e-06, 1.80490151251e-05, 1.77821293619e-05, 3.86313922718e-06, 3.45681064573e-06, 2.8309004847e-06, 2.75029083241e-06, 4.07587504014e-06, 2.79767232314e-06, 1.82093151579e-06, 2.27110308515e-06, 1.78421839792e-06, 1.31654087454e-06, 2.61519244305e-06]
    },
    "melbands128": {
        "max": [0.00147959927563, 0.00559498276561, 0.00760757364333, 0.00763592729345, 0.0143940132111, 0.0190919563174, 0.0163146965206, 0.0132399043068, 0.0119302356616, 0.0265311058611, 0.0132724605501, 0.013817852363, 0.0403492562473, 0.0346788540483, 0.0188298225403, 0.0263218991458, 0.025097515434, 0.0177655145526, 0.0176070928574, 0.0114845652133, 0.0174563433975, 0.0162196066231, 0.011586079374, 0.0151107162237, 0.00888470839709, 0.00739292567596, 0.00852338504046, 0.0129658142105, 0.0116861313581, 0.00631807651371, 0.0022501940839, 0.00259461323731, 0.00202857144177, 0.00305294152349, 0.0064306394197, 0.00456019490957, 0.00227770162746, 0.00386763829738, 0.0018142509507, 0.00120667356532, 0.00109485362191, 0.00164416921325, 0.00253449683078, 0.0027025975287, 0.0018796203658, 0.00248010456562, 0.000526639167219, 0.000862649874762, 0.00103367236443, 0.000955533643719, 0.000830695207696, 0.000907986133825, 0.000310387491481, 0.00123583525419, 0.00205338792875, 0.00245034415275, 0.00194044958334, 0.000838542473502, 0.000728762242943, 0.00166316330433, 0.000840916589368, 0.000608593632933, 0.00055584742222, 0.000353769981302, 0.000217779132072, 0.000246708281338, 0.000165109086083, 7.96812673798e-05, 9.06018540263e-05, 9.804887668e-05, 0.000249118020292, 0.000492100603878, 0.00063074711943, 0.000343813095242, 0.000151755521074, 9.87361054285e-05, 4.53009160992e-05, 4.3329433538e-05, 0.00010108762217, 8.91761446837e-05, 5.37591004104e-05, 2.44173206738e-05, 2.46006111411e-05, 2.8787419069e-05, 5.13425657118e-05, 5.76141610509e-05, 3.46125489159e-05, 3.58586949005e-05, 3.13445343636e-05, 8.17259860924e-05, 2.07589309866e-05, 2.46736926783e-05, 5.36180232302e-05, 3.44498803315e-05, 4.27407176176e-05, 4.2420324462e-05, 1.96396194951e-05, 1.55677262228e-05, 1.3319282516e-05, 2.37707808992e-05, 3.3820153476e-05, 2.04619536817e-05, 6.28034176771e-05, 5.51214870939e-05, 1.42191775012e-05, 1.45120366142e-05, 3.17495550917e-06, 4.27011968895e-07, 2.25304876977e-08, 2.03853609548e-08, 1.86808772895e-08, 1.73125318526e-08, 1.62137006043e-08, 1.52575196921e-08, 1.44783465217e-08, 1.37628388686e-08, 1.31547714943e-08, 1.26192603034e-08, 1.2147520323e-08, 1.17522533927e-08, 1.14109370841e-08, 1.11027551597e-08, 1.08179811775e-08, 1.05944604201e-08, 1.04051034455e-08, 1.02458832529e-08, 1.01497965588e-08, 1.00836752281e-08],
        "mean": [1.88892336155e-05, 9.09345471882e-05, 0.000137479190016, 0.000158487557201, 0.000193661864614, 0.000185997676454, 0.000181705181603, 0.000142043907545, 0.000245937146246, 0.000356293603545, 0.000307086505927, 0.00029326256481, 0.000442438875325, 0.000598350598011, 0.000630513124634, 0.000889167306013, 0.00124038779177, 0.00071074673906, 0.000482701056171, 0.000308486662107, 0.000283228349872, 0.000273181591183, 0.000438529881649, 0.000622789200861, 0.000415451824665, 0.000347728957422, 0.000328308116877, 0.000391184585169, 0.000506763812155, 0.000263921014266, 0.000118360330816, 9.79120668489e-05, 8.65982365212e-05, 0.000126065133372, 0.000111169028969, 9.69768079813e-05, 0.000108400890895, 0.000117623356346, 8.21467619971e-05, 6.03163898631e-05, 6.20660430286e-05, 6.12805015408e-05, 7.07673316356e-05, 7.28657396394e-05, 8.99741717149e-05, 8.07356918813e-05, 4.14610258304e-05, 4.807104051e-05, 3.95132228732e-05, 3.55551746907e-05, 4.05444443459e-05, 3.43794454238e-05, 2.46859708568e-05, 2.99763505609e-05, 6.94702248438e-05, 8.67256676429e-05, 5.88927214267e-05, 2.56603962043e-05, 2.0690369638e-05, 2.86418253381e-05, 2.1759129595e-05, 1.55363668455e-05, 1.40373949762e-05, 1.30643275043e-05, 1.27739322124e-05, 1.00361849036e-05, 7.25782592781e-06, 7.54746952225e-06, 7.98731252871e-06, 6.69569362799e-06, 9.57712109084e-06, 1.52872362378e-05, 1.32897976073e-05, 8.216344213e-06, 4.77388448417e-06, 3.44577256328e-06, 2.78792049357e-06, 2.34207004723e-06, 2.49930053542e-06, 2.36871528614e-06, 2.12779946196e-06, 1.82417090855e-06, 1.55925295076e-06, 1.73107252976e-06, 2.44457555709e-06, 4.00483622798e-06, 2.62091816694e-06, 1.38005441386e-06, 1.30144428567e-06, 1.4682652818e-06, 1.19175604141e-06, 8.56620260947e-07, 1.07608400413e-06, 1.12758459636e-06, 1.13241026156e-06, 1.14090016723e-06, 8.18439787054e-07, 6.98442875091e-07, 7.01074611698e-07, 8.29994291962e-07, 1.1208514934e-06, 1.25521773953e-06, 2.40467238655e-06, 2.77059643849e-06, 9.28640076836e-07, 6.42893212444e-07, 1.30847524815e-07, 6.76074796147e-09, 2.53376156861e-11, 2.14584044977e-11, 1.97969748233e-11, 1.84776586393e-11, 1.73891855776e-11, 1.64418877818e-11, 1.56491122144e-11, 1.49339169503e-11, 1.42958613697e-11, 1.37487816271e-11, 1.32726650851e-11, 1.28588580756e-11, 1.24943397642e-11, 1.21673747466e-11, 1.18815296143e-11, 1.16379596932e-11, 1.13909099167e-11, 1.1141035143e-11, 1.09911550347e-11, 1.09152391986e-11],
        "min": [1.14825932693e-24, 1.64803740055e-23, 4.15594644064e-23, 2.36953116218e-23, 4.59511398405e-24, 1.86546434765e-24, 2.89103578647e-24, 2.02691104279e-24, 5.22486164469e-24, 8.82602666538e-24, 9.72542749381e-24, 1.64688566362e-23, 1.12897055367e-23, 7.0760326216e-24, 3.22183652125e-24, 2.66378941436e-24, 2.43112889265e-24, 1.15268323916e-23, 1.2188534441e-23, 1.05764537938e-23, 6.1324208726e-24, 1.91815631181e-24, 6.86136621434e-24, 6.21115037423e-24, 1.03677918013e-24, 2.14142721939e-24, 6.6009032761e-24, 1.19686173755e-23, 1.124463318e-23, 1.47974071062e-23, 4.1889366037e-24, 1.31909920581e-23, 8.98508547856e-24, 8.1116365962e-24, 8.07856675819e-24, 1.74606472762e-23, 5.74448708397e-24, 6.37250832252e-24, 1.92590923679e-23, 6.16551989846e-24, 4.48573210866e-24, 4.37684800449e-24, 9.24609746399e-24, 1.12344679184e-23, 1.3102433744e-23, 5.73837183423e-24, 4.1059034714e-24, 6.11438080699e-24, 1.16508018829e-23, 1.46149609338e-23, 1.8681437926e-23, 1.5426643585e-23, 2.28191644407e-24, 9.50755515584e-24, 1.46370979485e-23, 2.26353113349e-23, 4.84839710476e-24, 3.98192451381e-24, 9.97623714115e-24, 1.0282895774e-23, 9.78356023163e-24, 8.59115831921e-24, 9.59148601185e-24, 5.24732919213e-24, 5.82848657088e-24, 1.50251007624e-23, 1.96572651766e-23, 1.02168357729e-23, 2.52710107929e-23, 2.26764125658e-23, 9.93794819939e-24, 8.19327107811e-24, 1.72421217614e-23, 1.22104639853e-23, 1.99044042542e-23, 1.18251582868e-23, 7.08227645566e-24, 3.59182490757e-24, 6.89387596111e-24, 7.30862589292e-24, 6.75210582353e-24, 1.2511191173e-23, 1.3963809899e-23, 1.31169117082e-23, 9.97196940365e-24, 8.36871532115e-24, 7.84950206169e-24, 5.86627261381e-24, 8.44853621185e-24, 1.15035389068e-23, 8.0955201679e-24, 1.08746558378e-23, 7.88609495251e-24, 5.96759785278e-24, 5.85491972209e-24, 7.02995288954e-24, 7.94216087476e-24, 6.12141862955e-24, 1.36429438813e-23, 7.33990107237e-24, 5.71878047365e-24, 1.29796767319e-23, 1.17432169379e-23, 1.67819649959e-23, 8.48787907177e-24, 8.94581677156e-24, 7.33279028017e-24, 1.35316782061e-23, 8.05737400997e-24, 1.43718418914e-23, 9.6522756332e-24, 9.38311155918e-24, 9.18634913903e-24, 1.12166814716e-23, 1.56077344944e-23, 1.32171143981e-23, 1.05454570823e-23, 9.91240724987e-24, 9.55150654117e-24, 1.98879991028e-23, 1.12264925346e-23, 8.73090976173e-24, 7.32316775484e-24, 9.79882074585e-24, 8.8129386741e-24, 1.22348342652e-23, 1.13389691114e-23, 9.87265181569e-24],
        "stdev": [0.000101060832094, 0.000428273546277, 0.000641941674985, 0.00058808887843, 0.000738090428058, 0.000846411392558, 0.000669607659802, 0.000559962005354, 0.000887753034476, 0.0012773249764, 0.000983300851658, 0.00088579551084, 0.00161746318918, 0.00203396915458, 0.0018300145166, 0.0021334476769, 0.00257369712926, 0.00175882072654, 0.00175010343082, 0.00101971894037, 0.000888516718987, 0.000744937977288, 0.00112887623254, 0.00163724331651, 0.000939169316553, 0.00072298705345, 0.000756476481911, 0.000934506242629, 0.00136392354034, 0.000681759498548, 0.000193970947294, 0.000202615032322, 0.000177398818778, 0.000262800575001, 0.00033054445521, 0.000218374567339, 0.000189681959455, 0.00021104553889, 0.000168518221471, 0.000105852210254, 9.59666867857e-05, 0.000129438907607, 0.000169937717146, 0.000155909205205, 0.000179201073479, 0.000245403469307, 6.47573469905e-05, 7.57566158427e-05, 6.74732509651e-05, 6.3030020101e-05, 6.88861400704e-05, 5.88460861763e-05, 3.36043194693e-05, 7.83453069744e-05, 0.000213032049942, 0.00024840849801, 0.000166583369719, 6.11135401414e-05, 4.40002659161e-05, 9.73736387095e-05, 4.99446614413e-05, 3.68440923921e-05, 2.69794545602e-05, 2.47378666245e-05, 2.098803634e-05, 1.85772623809e-05, 1.14775284601e-05, 9.78529533313e-06, 1.22137480503e-05, 1.15333068607e-05, 2.05265478144e-05, 3.83691840398e-05, 3.59690457117e-05, 2.27972359426e-05, 8.83633038029e-06, 4.76780905956e-06, 3.57292651643e-06, 3.0968478768e-06, 4.26353835792e-06, 4.90123329655e-06, 3.66771018889e-06, 2.46584386332e-06, 2.14782016883e-06, 2.59470994024e-06, 4.16206285081e-06, 6.03199123361e-06, 3.99943564844e-06, 2.50024481829e-06, 2.5989952519e-06, 4.68076450488e-06, 1.82503958968e-06, 1.39977896652e-06, 2.4662292617e-06, 2.40373810811e-06, 2.61844320448e-06, 2.7985847737e-06, 1.48830588387e-06, 1.24496875742e-06, 1.17272452371e-06, 1.55514180733e-06, 2.56154453382e-06, 2.22494986701e-06, 4.56729776488e-06, 5.53804284209e-06, 1.53192308971e-06, 1.22514734358e-06, 2.66117496039e-07, 2.16665529962e-08, 6.36890151728e-10, 5.76257652707e-10, 5.28074417527e-10, 4.89393192638e-10, 4.58331123054e-10, 4.31301966364e-10, 4.09275779933e-10, 3.89049042981e-10, 3.71860070514e-10, 3.56722096306e-10, 3.43386513668e-10, 3.32213034859e-10, 3.22564780442e-10, 3.13853137923e-10, 3.05802827505e-10, 2.99484465005e-10, 2.94133023493e-10, 2.89634538575e-10, 2.86919626946e-10, 2.85050677507e-10]
    },
    "mfcc": {
        "mean": [-626.571655273, 99.7199325562, -26.9953784943, -2.60231614113, -15.8237314224, -12.9299812317, -10.7592811584, -5.40094137192, -3.17000126839, -3.13996767998, -2.03063488007, -3.57104301453, -1.71777498722],
        "cov": [[2360.98364258, -58.4464263916, -26.1946849823, -73.034576416, -40.3299942017, -135.207611084, -17.8805541992, -78.4371261597, -27.7457523346, -38.8310546875, -100.467018127, -55.783908844, -28.0284843445], [-58.4464263916, 545.464355469, -42.0875778198, 58.3133621216, 19.8868427277, 44.7556114197, 33.7315750122, 6.13170051575, -3.78691983223, -1.09269785881, 42.3358078003, 4.90192317963, 24.9561901093], [-26.1946849823, -42.0875778198, 1246.89477539, 298.294952393, 120.513435364, -84.1432113647, -142.621551514, -228.335647583, -213.824264526, -175.968978882, -104.236656189, -31.5729579926, 47.9768180847], [-73.034576416, 58.3133621216, 298.294952393, 358.777008057, 145.470626831, -21.7195625305, -62.6390991211, -44.0867500305, -29.2035903931, -38.4957122803, -74.3945388794, 19.4838924408, 25.9191570282], [-40.3299942017, 19.8868427277, 120.513435364, 145.470626831, 149.718154907, 46.3423347473, -37.1388168335, 6.52199077606, 4.40963745117, -29.290353775, -33.790058136, 22.2425041199, 18.3472175598], [-135.207611084, 44.7556114197, -84.1432113647, -21.7195625305, 46.3423347473, 212.523498535, 123.703422546, 80.4325485229, 40.5898666382, 57.0785255432, 42.1611709595, -15.7205762863, 7.85829973221], [-17.8805541992, 33.7315750122, -142.621551514, -62.6390991211, -37.1388168335, 123.703422546, 258.321716309, 74.0074996948, 36.2286186218, 124.053092957, 51.1129798889, -45.426361084, -7.07630634308], [-78.4371261597, 6.13170051575, -228.335647583, -44.0867500305, 6.52199077606, 80.4325485229, 74.0074996948, 174.229156494, 92.2429351807, 62.2604446411, 58.3621520996, 22.6963367462, -11.7248239517], [-27.7457523346, -3.78691983223, -213.824264526, -29.2035903931, 4.40963745117, 40.5898666382, 36.2286186218, 92.2429351807, 118.289642334, 74.3796005249, 41.8151702881, 4.88440322876, -18.575969696], [-38.8310546875, -1.09269785881, -175.968978882, -38.4957122803, -29.290353775, 57.0785255432, 124.053092957, 62.2604446411, 74.3796005249, 163.271621704, 63.0122413635, -26.7261676788, -28.5687046051], [-100.467018127, 42.3358078003, -104.236656189, -74.3945388794, -33.790058136, 42.1611709595, 51.1129798889, 58.3621520996, 41.8151702881, 63.0122413635, 119.122024536, 14.4651241302, -3.09296417236], [-55.783908844, 4.90192317963, -31.5729579926, 19.4838924408, 22.2425041199, -15.7205762863, -45.426361084, 22.6963367462, 4.88440322876, -26.7261676788, 14.4651241302, 103.347724915, 25.2672615051], [-28.0284843445, 24.9561901093, 47.9768180847, 25.9191570282, 18.3472175598, 7.85829973221, -7.07630634308, -11.7248239517, -18.575969696, -28.5687046051, -3.09296417236, 25.2672615051, 62.1671905518]],
        "icov": [[0.000473478517961, -2.26856445806e-05, 1.85339958989e-05, 0.000245058967266, -0.000236590232817, 0.000416387192672, -0.000223866896704, 0.000101612851722, -0.000123777746921, 7.6997326687e-05, 0.000393066264223, 0.000163669406902, 6.84076512698e-05], [-2.26856445806e-05, 0.0021445651073, 0.000374178925995, -0.000940406171139, 0.000127162638819, -0.000341634673532, -0.000343136140145, 0.000439618423115, 0.000295070087304, 0.000888421665877, -0.00158680288587, 0.000402366742492, -0.00046435839613], [1.85339958989e-05, 0.000374178925995, 0.00169838883448, -0.00114507705439, -0.000652123242617, 2.02153132705e-05, 5.6311150729e-06, 0.000861325243022, 0.002011656994, 0.000808194919955, -0.00122056039982, 0.000996743328869, -0.000115503127745], [0.000245058967266, -0.000940406171139, -0.00114507705439, 0.00678317435086, -0.00572007428855, 0.00211965106428, -0.000117873329145, -0.000356638862286, -0.000194379739696, -0.00249730423093, 0.00308242021129, -0.000726101454347, -0.000874087796547], [-0.000236590232817, 0.000127162638819, -0.000652123242617, -0.00572007428855, 0.0166547857225, -0.00642271433026, 0.00285338214599, -0.000678565877024, -0.00300623383373, 0.00122711295262, 0.00237297080457, -0.00215964508243, -0.000514730345458], [0.000416387192672, -0.000341634673532, 2.02153132705e-05, 0.00211965106428, -0.00642271433026, 0.0102823097259, -0.00431584054604, -0.00207086582668, 0.000172092375578, 0.000460088893306, -0.00136791716795, 0.00201717414893, -0.00148558395449], [-0.000223866896704, -0.000343136140145, 5.6311150729e-06, -0.000117873329145, 0.00285338214599, -0.00431584054604, 0.0100348498672, -0.00300435652025, 0.00398400332779, -0.00693142879754, 0.00131072348449, 0.00215263688006, -0.00244391034357], [0.000101612851722, 0.000439618423115, 0.000861325243022, -0.000356638862286, -0.000678565877024, -0.00207086582668, -0.00300435652025, 0.0136808659881, -0.00802128948271, 0.00317853456363, -0.00284733949229, -0.00307405903004, 0.00222522509284], [-0.000123777746921, 0.000295070087304, 0.002011656994, -0.000194379739696, -0.00300623383373, 0.000172092375578, 0.00398400332779, -0.00802128948271, 0.0225082170218, -0.00790924392641, -0.00117253046483, 0.00168726185802, 0.000507271266542], [7.6997326687e-05, 0.000888421665877, 0.000808194919955, -0.00249730423093, 0.00122711295262, 0.000460088893306, -0.00693142879754, 0.00317853456363, -0.00790924392641, 0.0174588728696, -0.00602853531018, 0.00147243379615, 0.00424716295674], [0.000393066264223, -0.00158680288587, -0.00122056039982, 0.00308242021129, 0.00237297080457, -0.00136791716795, 0.00131072348449, -0.00284733949229, -0.00117253046483, -0.00602853531018, 0.0161454193294, -0.00363315013237, -0.00128502317239], [0.000163669406902, 0.000402366742492, 0.000996743328869, -0.000726101454347, -0.00215964508243, 0.00201717414893, 0.00215263688006, -0.00307405903004, 0.00168726185802, 0.00147243379615, -0.00363315013237, 0.01473252289, -0.00549441901967], [6.84076512698e-05, -0.00046435839613, -0.000115503127745, -0.000874087796547, -0.000514730345458, -0.00148558395449, -0.00244391034357, 0.00222522509284, 0.000507271266542, 0.00424716295674, -0.00128502317239, -0.00549441901967, 0.0215102378279]]
    },
    "spectral_contrast_coeffs": {
        "max": [-0.374661386013, -0.467448651791, -0.542173624039, -0.633752763271, -0.640468120575, -0.662694036961],
        "mean": [-0.680170476437, -0.712219417095, -0.75214856863, -0.791088104248, -0.777968347073, -0.776567459106],
        "min": [-0.965777873993, -0.977656662464, -0.973760008812, -0.97079205513, -0.968540787697, -0.963197052479],
        "stdev": [0.102532222867, 0.0952802598476, 0.0682677924633, 0.0477324724197, 0.0426805131137, 0.0300332941115]
    },
    "spectral_contrast_valleys": {
        "max": [-5.1528544426, -5.00191307068, -5.27508735657, -5.01999425888, -5.80532121658, -7.911008358],
        "mean": [-7.81503534317, -6.51732873917, -6.91726398468, -7.22707176208, -7.28629922867, -9.84107303619],
        "min": [-27.085395813, -27.8434677124, -27.0714473724, -27.0073547363, -27.1528778076, -27.1638469696],
        "stdev": [1.03092932701, 0.920834839344, 1.04923570156, 1.00460839272, 0.840663969517, 0.906983315945]
    }
},
"rhythm": {
    "beats_count": 54,
    "beats_loudness": {
        "max": 0.077441431582,
        "mean": 0.0271376539022,
        "min": 0.00318322260864,
        "stdev": 0.0156322102994
    },
    "bpm": 114.69418335,
    "bpm_histogram_first_peak_bpm": 115,
    "bpm_histogram_first_peak_weight": 0.431818187237,
    "bpm_histogram_second_peak_bpm": 103,
    "bpm_histogram_second_peak_spread": 0.5,
    "bpm_histogram_second_peak_weight": 0.0754716992378,
    "danceability": 1.04324567318,
    "onset_rate": 2.9296875,
    "beats_loudness_band_ratio": {
        "max": [0.575077831745, 0.714996993542, 0.903526604176, 0.679065942764, 0.483711451292, 0.51382291317],
        "mean": [0.0548015199602, 0.188501283526, 0.37917047739, 0.217207968235, 0.147166147828, 0.0746380910277],
        "min": [0.00128944846801, 0.00312440888956, 0.0561237409711, 0.00379076879472, 0.0133980540559, 0.00890369806439],
        "stdev": [0.110273838043, 0.212208628654, 0.23144967854, 0.183866113424, 0.116262309253, 0.0775069519877]
    },
    "beats_position": [0.568888902664, 1.14938771725, 1.71827661991, 2.27555561066, 2.8444442749, 3.41333317757, 3.98222208023, 4.5627207756, 5.14321994781, 5.72371864319, 6.24616765976, 6.76861667633, 7.2910656929, 7.81351470947, 8.32435321808, 8.84680271149, 9.35764122009, 9.8800907135, 10.4025392532, 10.9365987778, 11.4590473175, 11.9814968109, 12.5155553818, 13.0496139526, 13.5604534149, 14.0712919235, 14.5937414169, 15.1277999878, 15.6618595123, 16.1959171295, 16.7067565918, 17.2292060852, 17.7400455475, 18.2624931335, 18.784942627, 19.3190021515, 19.853061676, 20.3755092621, 20.8979587555, 21.4087982178, 21.9312477112, 22.4536952972, 22.9761447906, 23.4985942841, 24.0326519012, 24.5551013947, 25.0775508881, 25.6000003815, 26.1224479675, 26.6332874298, 27.1557369232, 27.6781845093, 28.2122440338, 28.7463035583],
