{
"metadata": {
    "version": {
        "essentia": "2.1-beta5",
        "essentia_git_sha": "Undefined",
        "extractor": "music 2.0"
    },
    "audio_properties": {
        "analysis": {
            "equal_loudness": 0,
            "length": 30.5574607849,
            "sample_rate": 44100,
            "start_time": 175.264221191,
            "downmix": "mix"
        },
        "bit_rate": 192000,
        "length": 205.844894409,
        "lossless": 0,
        "number_channels": 2,
        "replay_gain": -6.84135246277,
        "sample_rate": 44100,
        "codec": "mp3",
        "md5_encoded": "111b4f3b50fde3f5b1cd10b09b65fb5f"
    },
    "tags": {
        "file_name": "Germany_Wadde Hadde Dudde Da_Stefan Raab.mp3",
        "encoding": ["Lavf58.29.100"]
    }
},
"lowlevel": {
    "average_loudness": 0.902345240116,
    "barkbands_crest": {
        "max": 21.7683639526,
        "mean": 7.22664260864,
        "min": 2.38551521301,
        "stdev": 2.81008386612
    },
    "barkbands_flatness_db": {
        "max": 0.26980522275,
        "mean": 0.152188584208,
        "min": 0.0282929055393,
        "stdev": 0.031281221658
    },
    "barkbands_kurtosis": {
        "max": 15.5067958832,
        "mean": 0.45414596796,
        "min": -1.73836374283,
        "stdev": 1.44597578049
    },
    "barkbands_skewness": {
        "max": 3.8434278965,
        "mean": 0.491406798363,
        "min": -1.41452527046,
        "stdev": 0.645845115185
    },
    "barkbands_spread": {
        "max": 76.4894638062,
        "mean": 19.4917316437,
        "min": 4.40196609497,
        "stdev": 12.6815156937
    },
    "dissonance": {
        "max": 0.499999940395,
        "mean": 0.487833440304,
        "min": 0.4170563519,
        "stdev": 0.0115266339853
    },
    "dynamic_complexity": 1.5294418335,
    "erbbands_crest": {
        "max": 25.6402950287,
        "mean": 7.7593331337,
        "min": 2.20942044258,
        "stdev": 3.19044399261
    },
    "erbbands_flatness_db": {
        "max": 0.341731071472,
        "mean": 0.220827922225,
        "min": 0.0811474397779,
        "stdev": 0.0463668182492
    },
    "erbbands_kurtosis": {
        "max": 12.901219368,
        "mean": 0.345752865076,
        "min": -1.36041796207,
        "stdev": 1.22891569138
    },
    "erbbands_skewness": {
        "max": 2.51201343536,
        "mean": 0.374472141266,
        "min": -3.12280678749,
        "stdev": 0.556666374207
    },
    "erbbands_spread": {
        "max": 78.1918182373,
        "mean": 22.2024993896,
        "min": 5.87556838989,
        "stdev": 11.2624921799
    },
    "hfc": {
        "max": 163.642608643,
        "mean": 29.132276535,
        "min": 2.61828148496e-07,
        "stdev": 20.4591064453
    },
    "loudness_ebu128": {
        "integrated": -16.0043315887,
        "loudness_range": 3.30238056183,
        "momentary": {
            "max": -12.2773590088,
            "mean": -16.2434215546,
            "min": -19.6419181824,
            "stdev": 1.4230479002
        },
        "short_term": {
            "max": -13.689166069,
            "mean": -16.1056003571,
            "min": -17.7900085449,
            "stdev": 0.934851765633
        }
    },
    "melbands_crest": {
        "max": 27.0575313568,
        "mean": 9.84203243256,
        "min": 2.97428822517,
        "stdev": 3.84698486328
    },
    "melbands_flatness_db": {
        "max": 0.292940467596,
        "mean": 0.130044281483,
        "min": 0.0226127244532,
        "stdev": 0.0331221185625
    },
    "melbands_kurtosis": {
        "max": 61.4184188843,
        "mean": 2.52685832977,
        "min": -1.44713616371,
        "stdev": 4.47154760361
    },
    "melbands_skewness": {
        "max": 7.18491744995,
        "mean": 1.05287837982,
        "min": -1.4105155468,
        "stdev": 0.853014886379
    },
    "melbands_spread": {
        "max": 167.239486694,
        "mean": 31.5876216888,
        "min": 5.3922662735,
        "stdev": 21.1787643433
    },
    "pitch_salience": {
        "max": 0.866243541241,
        "mean": 0.690535008907,
        "min": 0.246243566275,
        "stdev": 0.10107037425
    },
    "silence_rate_20dB": {
        "max": 1,
        "mean": 1,
        "min": 1,
        "stdev": 0
    },
    "silence_rate_30dB": {
        "max": 1,
        "mean": 1,
        "min": 1,
        "stdev": 0
    },
    "silence_rate_60dB": {
        "max": 1,
        "mean": 0.00151860283222,
        "min": 0,
        "stdev": 0.0389396548271
    },
    "spectral_centroid": {
        "max": 4167.78662109,
        "mean": 1934.2401123,
        "min": 740.170654297,
        "stdev": 450.179870605
    },
    "spectral_complexity": {
        "max": 56,
        "mean": 31.3986339569,
        "min": 0,
        "stdev": 8.01002502441
    },
    "spectral_decrease": {
        "max": -3.91148193154e-18,
        "mean": -4.79192685532e-09,
        "min": -2.41512125854e-08,
        "stdev": 2.75740430489e-09
    },
    "spectral_energy": {
        "max": 0.0956763699651,
        "mean": 0.020728232339,
        "min": 3.85114509727e-11,
        "stdev": 0.0116787124425
    },
    "spectral_energyband_high": {
        "max": 0.0254627224058,
        "mean": 0.00113369803876,
        "min": 1.88885747321e-11,
        "stdev": 0.00223777419887
    },
    "spectral_energyband_low": {
        "max": 0.0727583318949,
        "mean": 0.00250083580613,
        "min": 1.16093712334e-12,
        "stdev": 0.00625745905563
    },
    "spectral_energyband_middle_high": {
        "max": 0.0422305911779,
        "mean": 0.0119657553732,
        "min": 9.72286487433e-12,
        "stdev": 0.00703920284286
    },
    "spectral_energyband_middle_low": {
        "max": 0.0536140985787,
        "mean": 0.00566381076351,
        "min": 5.97076338024e-12,
        "stdev": 0.00492749130353
    },
    "spectral_entropy": {
        "max": 8.65102481842,
        "mean": 7.82245826721,
        "min": 7.24417829514,
        "stdev": 0.183314785361
    },
    "spectral_flux": {
        "max": 0.230012342334,
        "mean": 0.0905726104975,
        "min": 0.000921609054785,
        "stdev": 0.0288856178522
    },
    "spectral_kurtosis": {
        "max": 14.1476860046,
        "mean": 4.40330123901,
        "min": -0.231712818146,
        "stdev": 2.24374246597
    },
    "spectral_rms": {
        "max": 0.00966140814126,
        "mean": 0.00434320280328,
        "min": 1.93835361983e-07,
        "stdev": 0.00116588873789
    },
    "spectral_rolloff": {
        "max": 15568.5058594,
        "mean": 2321.67675781,
        "min": 129.19921875,
        "stdev": 999.968078613
    },
    "spectral_skewness": {
        "max": 2.4699985981,
        "mean": 1.43174803257,
        "min": 0.205891281366,
        "stdev": 0.341708421707
    },
    "spectral_spread": {
        "max": 17630012,
        "mean": 3344438.75,
        "min": 1857889.25,
        "stdev": 977174.3125
    },
    "spectral_strongpeak": {
        "max": 12.2947683334,
        "mean": 1.37452352047,
        "min": 0,
        "stdev": 1.49966740608
    },
    "zerocrossingrate": {
        "max": 0.26025390625,
        "mean": 0.080340988934,
        "min": 0.0263671875,
        "stdev": 0.0243890415877
    },
    "barkbands": {
        "max": [0.00227398937568, 0.0476586334407, 0.0321975648403, 0.0215308535844, 0.0278064776212, 0.0188920143992, 0.0286809504032, 0.0214282758534, 0.0253483466804, 0.0295453127474, 0.0156948585063, 0.0185397863388, 0.0265902467072, 0.0218522232026, 0.0118224527687, 0.0120919132605, 0.0123945595697, 0.00529912952334, 0.00674096867442, 0.0116452118382, 0.00696873804554, 0.0113349026069, 0.00583337852731, 0.0015075514093, 0.00119356322102, 7.86125383456e-06, 8.86828001967e-06],
        "mean": [4.04691709264e-05, 0.00138899334706, 0.000905907771084, 0.000348075613147, 0.000553752295673, 0.000447883736342, 0.000851718941703, 0.000590734009165, 0.0021680961363, 0.00225915550254, 0.00141253869515, 0.00134173466358, 0.00175533152651, 0.00155907322187, 0.00108372163959, 0.000771935272496, 0.000711612112354, 0.000608894159086, 0.000590288545936, 0.000425128353527, 0.00031943898648, 0.000250919663813, 0.000186404911801, 9.68161111814e-05, 5.95529381826e-05, 3.80777365194e-08, 7.50336059951e-09],
        "min": [2.49540947801e-12, 9.45566053841e-14, 6.48134432409e-14, 4.12480325503e-13, 3.89771846526e-13, 7.53529942436e-13, 1.416494309e-12, 2.54079006098e-12, 4.08492250442e-13, 3.35271903556e-13, 2.07716900321e-13, 7.39140031732e-13, 1.21219527471e-12, 1.02928397142e-12, 1.13997158067e-12, 1.52373144484e-12, 1.19184100523e-12, 1.08025014715e-12, 8.19219095772e-13, 1.31119290772e-12, 1.25202452572e-12, 1.89156156016e-12, 1.99974216873e-12, 2.12019204276e-12, 2.56419711853e-12, 3.72022725126e-12, 4.85851376492e-12],
        "stdev": [0.000113013811642, 0.00395342055708, 0.00267576659098, 0.0010202327976, 0.00150242168456, 0.00105755694676, 0.00214493414387, 0.00142316857819, 0.00217958539724, 0.00254316045903, 0.00152649788652, 0.00163276691455, 0.00301853939891, 0.00207313196734, 0.00105682341382, 0.000781316426583, 0.00082093058154, 0.000544237263966, 0.000753147876821, 0.000760295544751, 0.000621432380285, 0.000605561595876, 0.000473318184959, 0.000200302703888, 0.000129587831907, 3.18167650448e-07, 2.44276861849e-07]
    },
    "erbbands": {
        "max": [1.0623844862, 12.4526844025, 41.525177002, 39.8918914795, 109.749816895, 89.7558822632, 147.768707275, 173.377090454, 336.47265625, 343.011566162, 818.003967285, 600.835205078, 1054.51367188, 1102.94665527, 569.547180176, 684.35546875, 673.23248291, 1203.44836426, 557.373596191, 968.525390625, 318.152801514, 857.350280762, 295.148803711, 313.709442139, 391.807250977, 565.311035156, 341.330505371, 309.080169678, 481.920928955, 209.987014771, 149.608108521, 44.6183547974, 26.9724006653, 16.7029685974, 6.96866846085, 0.610842883587, 0.0149729084224, 0.00543553289026, 0.00126925762743, 0.000151026048115],
        "mean": [0.0283243618906, 0.352058231831, 1.05055570602, 1.12292540073, 1.7867783308, 1.66865050793, 1.82373917103, 4.48897361755, 10.4390735626, 12.1907014847, 17.9298477173, 48.0836524963, 69.7786254883, 67.8258514404, 53.4036331177, 55.4383964539, 67.8284835815, 95.5961303711, 63.113609314, 49.494644165, 41.8453216553, 41.3768577576, 34.2789039612, 31.7102108002, 26.6470870972, 19.6938228607, 15.2191781998, 10.8544416428, 9.14277076721, 7.93301820755, 4.74127531052, 2.44440221786, 1.37837779522, 0.790770769119, 0.364520788193, 0.0216477103531, 0.000619659142103, 5.52287201572e-05, 2.13445164263e-05, 2.85335117951e-05],
        "min": [1.02000890373e-11, 2.26337316944e-11, 7.61531115945e-11, 7.29139471023e-10, 1.07384023895e-09, 1.58607682543e-09, 2.44473996602e-09, 7.20306925217e-09, 1.83294179834e-08, 2.40070896496e-08, 6.38540456066e-08, 1.11611910825e-08, 9.00746410792e-09, 8.20960188719e-09, 1.67659308659e-08, 2.91404731456e-08, 5.00323054098e-08, 4.48118839813e-08, 1.00351989829e-07, 4.99453030045e-08, 6.8395941355e-08, 6.76240006214e-08, 5.01357355631e-08, 4.72349945824e-08, 5.53653372037e-08, 6.20073521418e-08, 6.49637428296e-08, 4.14344256683e-08, 6.06137078307e-08, 6.05631882422e-08, 5.57345494201e-08, 4.82901221233e-08, 3.72540220894e-08, 2.96810753753e-08, 1.89491302649e-08, 1.51660586312e-08, 6.27003826636e-09, 2.45572495672e-09, 6.91736778968e-10, 6.9606015396e-11],
        "stdev": [0.085486382246, 1.02378356457, 3.04580783844, 2.9389538765, 5.10402774811, 4.92577552795, 5.87869501114, 10.4348115921, 25.7284030914, 28.2718048096, 38.8368148804, 49.9952583313, 70.6801757812, 78.1392364502, 53.7346191406, 65.5005493164, 84.9216156006, 143.955505371, 62.8556137085, 51.4425849915, 37.0746154785, 50.8023986816, 29.4020042419, 36.5958480835, 35.1394462585, 36.082572937, 28.7751483917, 22.6393318176, 23.3016891479, 18.8402442932, 12.308716774, 5.3607301712, 2.81807422638, 1.71399509907, 0.79855877161, 0.0522242300212, 0.00141781161074, 0.000178492220584, 3.98694137402e-05, 1.76474459295e-05]
    },
    "gfcc": {
        "mean": [-6.3935508728, 79.0145187378, -196.620864868, 26.7249202728, -73.5672225952, 28.9450130463, -29.764213562, 15.1943778992, -14.2067556381, -5.46467351913, -6.05101060867, -13.5017986298, 2.85374331474],
        "cov": [[2764.22021484, -4.30063295364, 917.083190918, 938.316650391, 50.8952560425, 214.351013184, -250.107833862, -130.578674316, -194.678161621, 116.847061157, 5.8484249115, 17.6805000305, -105.213607788], [-4.30063295364, 359.011260986, 74.3565979004, 22.5581798553, 99.289932251, 6.99319601059, 60.0115280151, 2.45990037918, 19.0083065033, -23.4143886566, 9.79408550262, -43.5734481812, -10.6475954056], [917.083190918, 74.3565979004, 1004.50952148, 748.22833252, 89.5497131348, 162.980377197, -173.006378174, -73.481010437, -140.084915161, 75.6501846313, -35.2257766724, 25.3656406403, -105.1616745], [938.316650391, 22.5581798553, 748.22833252, 719.117858887, 128.722686768, 146.861541748, -122.479118347, -89.4995193481, -117.199874878, 61.8934326172, -9.06744670868, 3.71039509773, -83.4836120605], [50.8952560425, 99.289932251, 89.5497131348, 128.722686768, 184.253463745, 100.503501892, 39.6141433716, -3.40503072739, -16.9364891052, 0.0865510031581, -4.25529384613, -26.1654510498, -22.9829998016], [214.351013184, 6.99319601059, 162.980377197, 146.861541748, 100.503501892, 149.49029541, 30.0534744263, -3.42228007317, -35.1185913086, 7.57175588608, -13.34649086, -9.0062417984, -29.1526470184], [-250.107833862, 60.0115280151, -173.006378174, -122.479118347, 39.6141433716, 30.0534744263, 152.386901855, 49.5205383301, 25.3187122345, -26.0926780701, 12.4473676682, -24.6418933868, 8.13989925385], [-130.578674316, 2.45990037918, -73.481010437, -89.4995193481, -3.40503072739, -3.42228007317, 49.5205383301, 86.4390411377, 37.4755516052, -4.45032453537, -5.00229120255, 1.41046643257, 7.00474691391], [-194.678161621, 19.0083065033, -140.084915161, -117.199874878, -16.9364891052, -35.1185913086, 25.3187122345, 37.4755516052, 87.3749389648, 14.2526340485, 12.963971138, -1.51189661026, 23.252986908], [116.847061157, -23.4143886566, 75.6501846313, 61.8934326172, 0.0865510031581, 7.57175588608, -26.0926780701, -4.45032453537, 14.2526340485, 68.6716995239, 28.4508724213, 17.5554218292, 1.3377866745], [5.8484249115, 9.79408550262, -35.2257766724, -9.06744670868, -4.25529384613, -13.34649086, 12.4473676682, -5.00229120255, 12.963971138, 28.4508724213, 63.8839454651, 19.5875701904, 7.67811727524], [17.6805000305, -43.5734481812, 25.3656406403, 3.71039509773, -26.1654510498, -9.0062417984, -24.6418933868, 1.41046643257, -1.51189661026, 17.5554218292, 19.5875701904, 61.113697052, 26.218378067], [-105.213607788, -10.6475954056, -105.1616745, -83.4836120605, -22.9829998016, -29.1526470184, 8.13989925385, 7.00474691391, 23.252986908, 1.3377866745, 7.67811727524, 26.218378067, 57.8885307312]],
        "icov": [[0.00120140961371, -0.00171240023337, 0.00245083332993, -0.0032074667979, 0.00290294131264, -0.00292227580212, 0.00249260361306, -0.00189810316078, 0.00228145718575, -0.00187528005335, 0.000393093650928, -0.000251176796155, 0.000443821802037], [-0.00171240023337, 0.00934648700058, -0.00916023831815, 0.00858443882316, -0.00969739258289, 0.00864499714226, -0.00692367786542, 0.00553917326033, -0.00703256623819, 0.00752705521882, -0.00537264626473, 0.00579001009464, -0.00410588411614], [0.00245083332993, -0.00916023831815, 0.0162549950182, -0.015675527975, 0.0120360217988, -0.0112199494615, 0.00973312091082, -0.00867088884115, 0.0095472401008, -0.0100644109771, 0.00790743436664, -0.00802997872233, 0.00748686725274], [-0.0032074667979, 0.00858443882316, -0.015675527975, 0.0193162001669, -0.0137902516872, 0.010296408087, -0.00830241199583, 0.0097523694858, -0.00760627398267, 0.00738991098478, -0.00637917499989, 0.00592629844323, -0.00412629824132], [0.00290294131264, -0.00969739258289, 0.0120360217988, -0.0137902516872, 0.0218480490148, -0.016780173406, 0.00791878812015, -0.00740055600181, 0.00760913686827, -0.00743533391505, 0.00368885183707, -0.0017713670386, 0.0029038914945], [-0.00292227580212, 0.00864499714226, -0.0112199494615, 0.010296408087, -0.016780173406, 0.025558238849, -0.014363440685, 0.00769770285115, -0.00550068309531, 0.00387387652881, 0.0012274592882, 1.461179545e-05, -6.85322311256e-06], [0.00249260361306, -0.00692367786542, 0.00973312091082, -0.00830241199583, 0.00791878812015, -0.014363440685, 0.0224164500833, -0.0131034944206, 0.00761759048328, -0.00108401477337, -0.00499786669388, 0.00387369212694, -0.000817326654214], [-0.00189810316078, 0.00553917326033, -0.00867088884115, 0.0097523694858, -0.00740055600181, 0.00769770285115, -0.0131034944206, 0.0248176734895, -0.0132430065423, 0.00396507186815, 0.00338626652956, -0.00387864816003, 0.0021948767826], [0.00228145718575, -0.00703256623819, 0.0095472401008, -0.00760627398267, 0.00760913686827, -0.00550068309531, 0.00761759048328, -0.0132430065423, 0.0285612791777, -0.0146084697917, 0.00232797581702, 0.00176422297955, -0.00223321910016], [-0.00187528005335, 0.00752705521882, -0.0100644109771, 0.00738991098478, -0.00743533391505, 0.00387387652881, -0.00108401477337, 0.00396507186815, -0.0146084697917, 0.0332951061428, -0.0172151811421, 0.00450739217922, -0.00563780684024], [0.000393093650928, -0.00537264626473, 0.00790743436664, -0.00637917499989, 0.00368885183707, 0.0012274592882, -0.00499786669388, 0.00338626652956, 0.00232797581702, -0.0172151811421, 0.032838024199, -0.0170199945569, 0.0100828697905], [-0.000251176796155, 0.00579001009464, -0.00802997872233, 0.00592629844323, -0.0017713670386, 1.461179545e-05, 0.00387369212694, -0.00387864816003, 0.00176422297955, 0.00450739217922, -0.0170199945569, 0.0380760505795, -0.0220041312277], [0.000443821802037, -0.00410588411614, 0.00748686725274, -0.00412629824132, 0.0029038914945, -6.85322311256e-06, -0.000817326654214, 0.0021948767826, -0.00223321910016, -0.00563780684024, 0.0100828697905, -0.0220041312277, 0.0356308333576]]
    },
    "melbands": {
        "max": [0.0110121052712, 0.019422667101, 0.00897794403136, 0.00753304921091, 0.00464001949877, 0.00458923634142, 0.00532633764669, 0.00377734121867, 0.00805460941046, 0.00416131690145, 0.00534546235576, 0.00474695954472, 0.00215770420618, 0.00247609289363, 0.00252284063026, 0.00270651606843, 0.00253040785901, 0.0011763839284, 0.000994651578367, 0.00121408316772, 0.000414041045588, 0.00105307332706, 0.000451021536719, 0.000375256378902, 0.000297388411127, 0.000269669428235, 0.000209379461012, 0.000493179948535, 0.000229798359214, 0.00022750714561, 0.000203214614885, 0.000321525847539, 0.000171220905031, 0.00011597743287, 0.000111276720418, 4.64020959043e-05, 2.8809387004e-05, 2.00615122594e-05, 1.95326429093e-05, 1.56340920512e-05],
        "mean": [0.000324668304529, 0.000519971072208, 0.000218688059249, 0.000128529281938, 6.26615292276e-05, 9.73290880211e-05, 0.00017158157425, 0.000128970597871, 0.000166309386259, 0.000321211322444, 0.000349979760358, 0.000278485153103, 0.000185577111552, 0.000148191160406, 0.000134639412863, 0.000186541976291, 0.000173334192368, 0.000101012075902, 8.32141959108e-05, 5.57015373488e-05, 4.6115481382e-05, 4.54529108538e-05, 3.08498711092e-05, 3.02467215079e-05, 2.52812205872e-05, 2.10559792322e-05, 1.65220426425e-05, 1.2538062947e-05, 9.85943188425e-06, 8.11374684417e-06, 5.5918567341e-06, 5.20666344528e-06, 4.71734438179e-06, 4.31414082414e-06, 2.96778239317e-06, 1.76725973233e-06, 1.39950111588e-06, 1.01710691069e-06, 7.64708829593e-07, 6.3410243456e-07],
        "min": [1.84655039198e-13, 3.89541609418e-14, 1.41848243763e-13, 8.41670212259e-14, 8.23782367191e-14, 1.82852715716e-13, 2.76557314376e-13, 3.17665327636e-13, 4.59415925441e-13, 4.55395744443e-14, 4.83993372452e-14, 3.64298435168e-14, 4.31812449838e-14, 8.00285198895e-14, 5.72391933113e-14, 1.50339200182e-13, 6.69106832657e-14, 1.77392334762e-13, 5.17121407002e-14, 1.06737745541e-13, 6.82758225499e-14, 6.20225916524e-14, 6.28174473701e-14, 5.09815985001e-14, 3.5506442079e-14, 3.03170743989e-14, 4.3383604543e-14, 4.1532932421e-14, 4.97686473196e-14, 2.80739092319e-14, 2.21113173615e-14, 3.12663035653e-14, 4.25151518266e-14, 2.87811190625e-14, 2.95019373243e-14, 4.01359379217e-14, 2.43624937661e-14, 2.47191573173e-14, 2.38207670684e-14, 2.60587195946e-14],
        "stdev": [0.000939219724387, 0.00142956490163, 0.00054543238366, 0.000368007022189, 0.000195809479919, 0.000232489372138, 0.000422206998337, 0.000295451405691, 0.000345419917721, 0.000327590358211, 0.000362387683708, 0.00033318795613, 0.000197264831513, 0.000174399305251, 0.000185189652257, 0.000329812930431, 0.000258228537859, 0.000116469789646, 8.76764897839e-05, 6.5755470132e-05, 4.41031734226e-05, 6.26549808658e-05, 2.74446156254e-05, 3.07679292746e-05, 3.20168073813e-05, 2.81063075818e-05, 2.42688602157e-05, 2.76089194813e-05, 1.84705459105e-05, 1.82531221071e-05, 1.2095692e-05, 1.42717080962e-05, 1.12731067929e-05, 1.06363604573e-05, 8.31893248687e-06, 4.19631214754e-06, 3.05206845042e-06, 2.10944313039e-06, 1.7238280634e-06, 1.38253574278e-06]
    },
    "melbands128": {
        "max": [0.00186401314568, 0.00727426446974, 0.0183366145939, 0.0251896828413, 0.0269349515438, 0.015025196597, 0.00975679419935, 0.0114316046238, 0.0114426128566, 0.00973666924983, 0.00531907286495, 0.0044318055734, 0.0061098113656, 0.0041466569528, 0.0032140777912, 0.0097471056506, 0.0108221070841, 0.00863914377987, 0.00931554287672, 0.00553413294256, 0.00461317878217, 0.00552391353995, 0.0133870868012, 0.00961134303361, 0.00697782915086, 0.0079324375838, 0.00710697099566, 0.0103633450344, 0.00765556562692, 0.00787056330591, 0.00539352186024, 0.00364950182848, 0.00287908245809, 0.00341889401898, 0.00403396366164, 0.00410058954731, 0.003409831319, 0.00539686437696, 0.00447130762041, 0.002546091564, 0.00516728544608, 0.0079157743603, 0.00482521764934, 0.00284290523268, 0.00288893119432, 0.00107140652835, 0.0012507152278, 0.0017669267254, 0.00175100390334, 0.00247086631134, 0.00226929225028, 0.000617385550868, 0.000813859631307, 0.000648607907351, 0.000972657056991, 0.0020602948498, 0.000967137457337, 0.00078154343646, 0.000330085895257, 0.000423362595029, 0.000726688944269, 0.000362084043445, 0.000475724693388, 0.00052544742357, 0.000721105490811, 0.00035062112147, 0.000564106332604, 0.000556817278266, 0.000226323667448, 0.000267649040325, 0.000292662618449, 0.00123036990408, 0.000272744335234, 0.000184213989996, 0.000277443643427, 0.000424333469709, 0.000272456876701, 0.000246729934588, 0.00025768703199, 0.000230373319937, 0.0003233673051, 0.000385053979699, 0.00026925560087, 0.00016616297944, 0.000110378474346, 0.000186655364814, 0.00021204908262, 0.000169659106177, 0.000158534458023, 6.16852994426e-05, 6.10475326539e-05, 4.68074213131e-05, 4.091246592e-05, 3.89939123124e-05, 2.94916681014e-05, 3.95850947825e-05, 2.01876737265e-05, 1.73000080395e-05, 2.82692581095e-05, 3.60065423592e-05, 2.45641567744e-05, 1.56467231136e-05, 1.49321740537e-05, 7.47661442801e-06, 1.22838173411e-05, 1.44781924973e-05, 4.11095697928e-06, 1.8293850701e-07, 5.18952845141e-08, 7.26895663661e-08, 4.94163465703e-08, 4.81529482954e-08, 4.69260932334e-08, 4.56981297248e-08, 4.4476099248e-08, 4.32954436747e-08, 4.21867198952e-08, 4.10928002736e-08, 4.0064470852e-08, 3.91421899337e-08, 3.83453908626e-08, 3.75848010492e-08, 3.69269841372e-08, 3.63881191845e-08, 3.58641685239e-08, 3.54821629855e-08, 3.5178455704e-08, 3.50151694306e-08],
        "mean": [3.57709977834e-05, 0.000175151610165, 0.000429769483162, 0.000639543344732, 0.000597832608037, 0.000410407898016, 0.000217420281842, 0.000176276749698, 0.000193543019122, 0.000137670635013, 8.33236408653e-05, 5.85639209021e-05, 5.96605568717e-05, 6.14607415628e-05, 9.14373886189e-05, 0.000127566643641, 0.000113454239909, 0.000210560305277, 0.000212307801121, 0.000114498179755, 0.000103120240965, 0.000109380634967, 0.000159759903909, 0.000232259291806, 0.000311158131808, 0.000359844649211, 0.000353295385139, 0.00035944240517, 0.000347830093233, 0.000279250263702, 0.000273453595582, 0.000229450481129, 0.000178874877747, 0.000157059170306, 0.000146004458657, 0.000147932849359, 0.000146587088238, 0.000147975428263, 0.000114891663543, 0.000112602239824, 0.000218577115447, 0.00028428225778, 0.000155619622092, 0.00013866442896, 0.000119333170005, 8.40295688249e-05, 9.28629669943e-05, 0.000102440535557, 6.6542183049e-05, 5.65569498576e-05, 5.54546822968e-05, 5.52579222131e-05, 4.69932347187e-05, 4.27861741628e-05, 4.25973703386e-05, 5.47776180611e-05, 3.79002958653e-05, 2.97983060591e-05, 2.9216387702e-05, 3.05248177028e-05, 3.43291794707e-05, 2.66103033937e-05, 2.17874658119e-05, 2.674586176e-05, 2.82844994217e-05, 1.89615020645e-05, 1.71508199855e-05, 2.20632919081e-05, 1.48070457726e-05, 1.19859305414e-05, 1.15629572974e-05, 1.51918975462e-05, 9.98889572656e-06, 8.87507849257e-06, 8.86632187758e-06, 9.18140904105e-06, 7.43457349017e-06, 6.13000838712e-06, 5.37057258043e-06, 4.77293679069e-06, 5.57235853194e-06, 5.2003088058e-06, 4.89001922688e-06, 4.80105109091e-06, 4.28367775385e-06, 4.7420012379e-06, 4.37216476712e-06, 3.48083085555e-06, 3.12544648295e-06, 2.23472011385e-06, 2.22405969907e-06, 1.41312739288e-06, 1.50990967995e-06, 1.41033558521e-06, 1.37655410981e-06, 1.15197622108e-06, 9.38507810133e-07, 7.82225470175e-07, 8.41642190608e-07, 6.93696733833e-07, 6.72506189403e-07, 6.38120582153e-07, 5.80672406159e-07, 4.89506646772e-07, 5.02207171849e-07, 3.92883947598e-07, 7.8404148951e-08, 2.01708116876e-09, 8.06626293537e-11, 9.81266873312e-11, 7.72865937915e-11, 5.90268112166e-11, 5.08884705208e-11, 4.61027431509e-11, 4.12280765083e-11, 4.08587816358e-11, 3.88321111378e-11, 3.44960206233e-11, 3.35283606434e-11, 3.27525090382e-11, 3.20754742211e-11, 3.14382339606e-11, 3.08755347678e-11, 3.04101813176e-11, 2.99784190527e-11, 2.96627861163e-11, 2.94091938302e-11, 2.92670332414e-11],
        "min": [8.21621796206e-13, 1.29801876712e-13, 5.71455860063e-14, 2.25332736004e-14, 2.78864506763e-14, 3.02483258168e-14, 1.39711362596e-13, 2.21440772078e-13, 8.87688224793e-14, 5.06435103814e-14, 1.01756005965e-13, 8.98277356361e-14, 9.21370185009e-14, 5.43645464475e-14, 7.7725721909e-14, 2.94928144406e-13, 4.3368867525e-13, 1.60528545751e-13, 2.41898325372e-13, 2.43730247573e-13, 2.45366064706e-13, 8.48262757779e-13, 4.98436090578e-13, 1.1701978362e-13, 3.25225652344e-14, 1.68103412321e-14, 4.75856536792e-14, 2.74689023968e-14, 8.44609687636e-14, 5.62177901616e-14, 9.91729383348e-15, 1.55858229697e-14, 4.38248409459e-14, 5.34861631168e-14, 9.6408429471e-14, 5.90769430988e-14, 1.10365729956e-13, 4.10676131773e-14, 3.34112620383e-14, 1.16471651659e-13, 2.42187048411e-13, 9.04243517628e-14, 3.04884088353e-14, 5.9999944737e-14, 1.39258965687e-13, 2.64976571501e-13, 1.47449665867e-13, 1.8580953494e-14, 2.64322882294e-14, 4.53148261102e-14, 1.69881117637e-13, 9.51642261629e-14, 9.46095008976e-14, 3.45818446307e-14, 4.74519207293e-14, 4.08291734027e-14, 1.05268942977e-13, 1.0064197468e-13, 3.0853517305e-14, 2.36229933455e-14, 4.28041493038e-14, 8.19707190037e-14, 6.60767081784e-14, 6.21892945127e-15, 1.56404786176e-14, 1.93264424375e-14, 4.98996087777e-14, 5.20920654702e-14, 4.63777711439e-14, 2.50679637909e-14, 3.92299718101e-14, 4.9848431047e-14, 5.35110015109e-14, 6.98160740375e-14, 1.50506811061e-14, 2.38336690742e-14, 4.35843682922e-14, 1.08390740502e-14, 1.91954708151e-14, 3.05858650581e-14, 3.03848675279e-14, 2.14452987432e-14, 5.45864284221e-14, 3.91799562086e-14, 4.31244700594e-14, 3.47983022063e-14, 1.71823784313e-14, 2.92438531615e-14, 3.3695824451e-14, 2.53767682866e-14, 3.48081548936e-14, 5.65461882234e-14, 2.79732156492e-14, 2.24988061357e-14, 2.47222032478e-14, 1.20582678635e-14, 3.43170146976e-14, 2.69660985571e-14, 2.45888446865e-14, 1.88407080058e-14, 2.2958279158e-14, 3.28544496838e-14, 2.34223142997e-14, 2.68667094052e-14, 2.50273180679e-14, 8.91631603619e-15, 1.92022267499e-14, 3.12797137909e-14, 2.31384650887e-14, 3.42231160132e-14, 2.2188687045e-14, 2.76134367108e-14, 1.47269993238e-14, 1.55678370721e-14, 2.00667373749e-14, 1.69141874714e-14, 1.59451563688e-14, 2.57840251157e-14, 2.24468372763e-14, 2.14433082158e-14, 2.23876025682e-14, 1.89329990216e-14, 2.13557843013e-14, 2.14835456689e-14, 2.06399330407e-14, 1.90620902309e-14, 1.31832741541e-14, 1.54421932869e-14],
        "stdev": [0.000101502380858, 0.000553638965357, 0.00145140418317, 0.00188846420497, 0.00179369328544, 0.00120899593458, 0.000618373218458, 0.000526097021066, 0.00058401573915, 0.000502297887579, 0.000266966148047, 0.000247742602369, 0.000240334149566, 0.000182772928383, 0.000228781340411, 0.000407725776313, 0.000394450238673, 0.0006406296161, 0.000614092044998, 0.000331078277668, 0.000291378877591, 0.000333814532496, 0.000533365993761, 0.000428881612606, 0.00042909241165, 0.000467840523925, 0.000441860029241, 0.000510827405378, 0.000506258453242, 0.000467668491183, 0.000423651741585, 0.000321177503793, 0.00025581868249, 0.000231220954447, 0.000234958934016, 0.000252065132372, 0.000237632382778, 0.000297673046589, 0.000212281709537, 0.000177933776285, 0.0005052673514, 0.00074185046833, 0.000260148925008, 0.000242682523094, 0.000218775123358, 0.000104771410406, 0.000125300430227, 0.000143914381624, 9.45966821746e-05, 9.87885359791e-05, 9.28204681259e-05, 6.99373704265e-05, 5.7806922996e-05, 5.70129486732e-05, 6.68285574648e-05, 0.000117575778859, 5.62811655982e-05, 3.67433640349e-05, 3.28870191879e-05, 3.64034385711e-05, 4.94869018439e-05, 3.33272364514e-05, 3.08706439682e-05, 4.47629063274e-05, 5.09427882207e-05, 3.09906499751e-05, 3.08315866278e-05, 4.30023137596e-05, 2.38917473325e-05, 2.27102354984e-05, 2.23977367568e-05, 5.7138477132e-05, 1.78397131094e-05, 1.49774486999e-05, 2.09521949728e-05, 2.33590490097e-05, 1.95415123017e-05, 1.50043633766e-05, 1.23105055536e-05, 1.23970949062e-05, 1.65089440998e-05, 1.59929350048e-05, 1.35012969622e-05, 1.30321768665e-05, 9.40764130064e-06, 1.31942761072e-05, 1.19226160677e-05, 1.06865309135e-05, 1.01198438642e-05, 5.79962306801e-06, 5.72529688725e-06, 3.54806525138e-06, 3.68090627489e-06, 3.32255854119e-06, 3.05998401018e-06, 2.81963934867e-06, 1.96895075533e-06, 1.6384196897e-06, 2.00147610485e-06, 1.91338426703e-06, 1.65517394635e-06, 1.41320447256e-06, 1.2994263443e-06, 1.00211354948e-06, 1.19483092931e-06, 1.03805132312e-06, 2.4294493528e-07, 1.19849117297e-08, 1.94473637194e-09, 2.4384849695e-09, 1.87395166051e-09, 1.48513645826e-09, 1.35641908816e-09, 1.28911692432e-09, 1.23297594357e-09, 1.20363685685e-09, 1.16858178689e-09, 1.13182485606e-09, 1.10349440696e-09, 1.07809861039e-09, 1.05615127755e-09, 1.03520025885e-09, 1.01708641509e-09, 1.00224317734e-09, 9.87805615082e-10, 9.77288250326e-10, 9.68925162326e-10, 9.64428537031e-10]
    },
    "mfcc": {
        "mean": [-614.414550781, 92.5010681152, -54.3846054077, -5.56252622604, -14.4974565506, 2.16980648041, 1.23708045483, 9.26702976227, 5.35259819031, 6.24742126465, 3.82032728195, -1.5747500658, -2.49932074547],
        "cov": [[1989.25964355, -337.785614014, 775.741333008, 539.801269531, 339.691253662, 286.130432129, 75.8254699707, -112.43737793, -159.51322937, -2.14576840401, -21.1381893158, -2.49572777748, 26.8481788635], [-337.785614014, 392.555603027, -205.367477417, -112.100585938, -51.4448242188, -53.7998390198, 17.9979038239, 45.6950302124, 56.5476036072, 14.8165016174, 43.5738868713, 5.77070188522, -21.2550735474], [775.741333008, -205.367477417, 959.061645508, 536.416870117, 326.837615967, 239.071929932, 57.5974731445, -58.8849449158, -107.711090088, -20.4790649414, -25.3503189087, -9.15783119202, 21.5755252838], [539.801269531, -112.100585938, 536.416870117, 442.461242676, 245.112350464, 180.578186035, 68.1316604614, -39.1669464111, -73.5952758789, 3.19711875916, -9.51860141754, -7.50873422623, 11.6805429459], [339.691253662, -51.4448242188, 326.837615967, 245.112350464, 254.00201416, 161.030532837, 55.8286361694, -12.8972635269, -32.3409156799, 4.6834526062, 1.57770240307, -0.631193161011, -1.67303872108], [286.130432129, -53.7998390198, 239.071929932, 180.578186035, 161.030532837, 201.016296387, 92.5309143066, -0.250142753124, -28.2870559692, 11.4624176025, 4.21999025345, -7.54395198822, -3.38715028763], [75.8254699707, 17.9979038239, 57.5974731445, 68.1316604614, 55.8286361694, 92.5309143066, 134.341262817, 46.417224884, -2.16332411766, 18.7341575623, 19.5833435059, -4.63073444366, -11.6008224487], [-112.43737793, 45.6950302124, -58.8849449158, -39.1669464111, -12.8972635269, -0.250142753124, 46.417224884, 83.2413482666, 39.0158615112, 7.51074361801, 15.345041275, -6.5610537529, -7.72482538223], [-159.51322937, 56.5476036072, -107.711090088, -73.5952758789, -32.3409156799, -28.2870559692, -2.16332411766, 39.0158615112, 84.3317871094, 21.4161491394, 8.08881282806, 3.60002684593, -3.77587556839], [-2.14576840401, 14.8165016174, -20.4790649414, 3.19711875916, 4.6834526062, 11.4624176025, 18.7341575623, 7.51074361801, 21.4161491394, 57.7587966919, 24.4724216461, 7.27019309998, -6.15022134781], [-21.1381893158, 43.5738868713, -25.3503189087, -9.51860141754, 1.57770240307, 4.21999025345, 19.5833435059, 15.345041275, 8.08881282806, 24.4724216461, 53.4167098999, 18.331035614, -4.34596824646], [-2.49572777748, 5.77070188522, -9.15783119202, -7.50873422623, -0.631193161011, -7.54395198822, -4.63073444366, -6.5610537529, 3.60002684593, 7.27019309998, 18.331035614, 51.1540756226, 17.3367900848], [26.8481788635, -21.2550735474, 21.5755252838, 11.6805429459, -1.67303872108, -3.38715028763, -11.6008224487, -7.72482538223, -3.77587556839, -6.15022134781, -4.34596824646, 17.3367900848, 51.3018264771]],
        "icov": [[0.000899861857761, 0.00038983792183, -0.000210678073927, -0.000369921326637, -0.000180041621206, -0.000308650167426, -0.000127585139126, 0.000542571651749, 0.000480907241581, -0.000176407629624, -0.000219792113057, 3.04461264022e-05, -0.000124652011436], [0.00038983792183, 0.00359173002653, 0.000460639363155, -0.000276692735497, -0.000615008291788, 0.000826590228826, -0.000902418629266, 0.00038170456537, -0.00149771757424, 0.00117635191418, -0.0028508042451, 0.000469324353617, 0.000671976769809], [-0.000210678073927, 0.000460639363155, 0.00373110757209, -0.00363557599485, -0.000716255686712, -0.000732592889108, 0.00117832049727, -0.000701407028828, 0.000426002254244, 0.00117962900549, -4.57424757769e-05, -0.000166660203831, -0.000125965816551], [-0.000369921326637, -0.000276692735497, -0.00363557599485, 0.00990064721555, -0.00386801362038, 0.00043827391346, -0.002345824847, 0.00166735367384, 0.00169966532849, -0.00230953330174, 0.000819306180347, 0.00126893701963, -0.00153406301979], [-0.000180041621206, -0.000615008291788, -0.000716255686712, -0.00386801362038, 0.0122443372384, -0.00676437979564, 0.00242102751508, -0.00111039599869, -0.00123366038315, 0.000900471583009, -0.000371488917153, -0.00199591810815, 0.00201446423307], [-0.000308650167426, 0.000826590228826, -0.000732592889108, 0.00043827391346, -0.00676437979564, 0.0155792888254, -0.00877708476037, 0.00324735953473, -0.000739096663892, -0.000618654768914, -0.000233161728829, 0.00217553623952, -0.0008589712088], [-0.000127585139126, -0.000902418629266, 0.00117832049727, -0.002345824847, 0.00242102751508, -0.00877708476037, 0.0179447922856, -0.0112613039091, 0.00445993198082, -0.00308307330124, -0.000473826861707, -0.00151382945478, 0.00202312972397], [0.000542571651749, 0.00038170456537, -0.000701407028828, 0.00166735367384, -0.00111039599869, 0.00324735953473, -0.0112613039091, 0.0250152964145, -0.0109040886164, 0.00524382200092, -0.00613889470696, 0.00543373823166, -0.00134227436502], [0.000480907241581, -0.00149771757424, 0.000426002254244, 0.00169966532849, -0.00123366038315, -0.000739096663892, 0.00445993198082, -0.0109040886164, 0.0222456678748, -0.00956158712506, 0.0053983842954, -0.00263264495879, -0.00032273112447], [-0.000176407629624, 0.00117635191418, 0.00117962900549, -0.00230953330174, 0.000900471583009, -0.000618654768914, -0.00308307330124, 0.00524382200092, -0.00956158712506, 0.0267127361149, -0.0120617747307, 0.000574207981117, 0.00197319476865], [-0.000219792113057, -0.0028508042451, -4.57424757769e-05, 0.000819306180347, -0.000371488917153, -0.000233161728829, -0.000473826861707, -0.00613889470696, 0.0053983842954, -0.0120617747307, 0.0320559814572, -0.0117307277396, 0.00333872111514], [3.04461264022e-05, 0.000469324353617, -0.000166660203831, 0.00126893701963, -0.00199591810815, 0.00217553623952, -0.00151382945478, 0.00543373823166, -0.00263264495879, 0.000574207981117, -0.0117307277396, 0.02825861983, -0.010154210031], [-0.000124652011436, 0.000671976769809, -0.000125965816551, -0.00153406301979, 0.00201446423307, -0.0008589712088, 0.00202312972397, -0.00134227436502, -0.00032273112447, 0.00197319476865, 0.00333872111514, -0.010154210031, 0.0244298595935]]
    },
    "spectral_contrast_coeffs": {
        "max": [-0.502178192139, -0.503263652325, -0.593572556973, -0.668251037598, -0.669641196728, -0.594789147377],
        "mean": [-0.769870877266, -0.775194227695, -0.785478055477, -0.807188808918, -0.785502374172, -0.746894598007],
        "min": [-0.947298884392, -0.940546631813, -0.927498042583, -0.925821781158, -0.92859852314, -0.916578054428],
        "stdev": [0.0561721846461, 0.0586870908737, 0.0426946952939, 0.0376019775867, 0.0278447624296, 0.0259623806924]
    },
    "spectral_contrast_valleys": {
        "max": [-5.58859586716, -5.29204273224, -5.25640535355, -5.56778907776, -5.35664463043, -8.08483791351],
        "mean": [-7.79002475739, -6.58385372162, -6.25379419327, -6.51608753204, -6.87570524216, -9.95158672333],
        "min": [-16.8586578369, -16.0659751892, -17.1704177856, -16.6564540863, -16.4072666168, -17.9599609375],
        "stdev": [0.984743177891, 0.490775495768, 0.538165926933, 0.471390962601, 0.49327480793, 0.705486953259]
    }
},
"rhythm": {
    "beats_count": 66,
    "beats_loudness": {
        "max": 0.0898272320628,
        "mean": 0.0240540970117,
        "min": 0.00735598709434,
        "stdev": 0.0140910632908
    },
    "bpm": 122.26750946,
    "bpm_histogram_first_peak_bpm": 123,
    "bpm_histogram_first_peak_weight": 0.5,
    "bpm_histogram_second_peak_bpm": 117,
    "bpm_histogram_second_peak_spread": 0.111111164093,
    "bpm_histogram_second_peak_weight": 0.123076923192,
    "danceability": 0.993097007275,
    "onset_rate": 1.70106577873,
    "beats_loudness_band_ratio": {
        "max": [0.687775850296, 0.143654823303, 0.62723761797, 0.806843042374, 0.420526385307, 0.639801084995],
        "mean": [0.0871287658811, 0.0322056524456, 0.229446366429, 0.406745672226, 0.198688685894, 0.0805290937424],
        "min": [0.000558528176043, 0.00264636729844, 0.0195042565465, 0.082896977663, 0.0495745278895, 0.0167177002877],
        "stdev": [0.148993581533, 0.0376025773585, 0.138162270188, 0.17518183589, 0.0820568576455, 0.102618977427]
    },
    "beats_position": [0.53405892849, 1.09133780003, 1.64861679077, 2.18267560005, 2.70512461662, 3.21596360207, 3.72680258751, 4.22603178024, 4.73687076569, 5.24770975113, 5.75854873657, 6.26938772202, 6.76861667633, 7.26784563065, 7.75546455383, 8.24308395386, 8.73070240021, 9.14866161346, 9.56662082672, 9.98458003998, 10.4605894089, 10.9249887466, 11.4009971619, 11.8653964996, 12.3297958374, 12.782585144, 13.235373497, 13.722992897, 14.2106122971, 14.7098407745, 15.2206802368, 15.7199087143, 16.2307472229, 16.7183666229, 17.2059860229, 17.693605423, 18.1928348541, 18.6920623779, 19.179681778, 19.6440811157, 20.0968704224, 20.549659729, 21.0140590668, 21.4784584045, 21.942855835, 22.4072551727, 22.8600444794, 23.312833786, 23.7540130615, 24.102312088, 24.4506111145, 24.8105201721, 25.1704311371, 25.5419502258, 25.9134693146, 26.2849884033, 26.6565074921, 27.0396366119, 27.4111557007, 27.7826747894, 28.1541938782, 28.5141029358, 28.8740139008, 29.2339229584, 29.593832016, 29.9537410736],
