{
"metadata": {
    "version": {
        "essentia": "2.1-beta5",
        "essentia_git_sha": "Undefined",
        "extractor": "music 2.0"
    },
    "audio_properties": {
        "analysis": {
            "equal_loudness": 0,
            "length": 27.22539711,
            "sample_rate": 44100,
            "start_time": 162.493240356,
            "downmix": "mix"
        },
        "bit_rate": 192000,
        "length": 189.741882324,
        "lossless": 0,
        "number_channels": 2,
        "replay_gain": -6.04996871948,
        "sample_rate": 48000,
        "codec": "mp3",
        "md5_encoded": "e9ce67d068698e73c33508f73eecd2da"
    },
    "tags": {
        "file_name": "France_On Aura Le Ciel_Sofia Mestari.mp3",
        "encoding": ["Lavf58.29.100"]
    }
},
"lowlevel": {
    "average_loudness": 0.935284495354,
    "barkbands_crest": {
        "max": 21.793302536,
        "mean": 8.12056255341,
        "min": 2.86541771889,
        "stdev": 3.65051651001
    },
    "barkbands_flatness_db": {
        "max": 0.302288889885,
        "mean": 0.157424792647,
        "min": 0.0728079304099,
        "stdev": 0.0346951186657
    },
    "barkbands_kurtosis": {
        "max": 22.5208854675,
        "mean": 2.20312428474,
        "min": -1.52760577202,
        "stdev": 3.24862837791
    },
    "barkbands_skewness": {
        "max": 4.23008155823,
        "mean": 1.03242218494,
        "min": -0.795729577541,
        "stdev": 0.838019073009
    },
    "barkbands_spread": {
        "max": 82.3993835449,
        "mean": 15.6374120712,
        "min": 2.31484436989,
        "stdev": 10.4837884903
    },
    "dissonance": {
        "max": 0.499997466803,
        "mean": 0.473521858454,
        "min": 0.37335267663,
        "stdev": 0.0255526471883
    },
    "dynamic_complexity": 2.12805628777,
    "erbbands_crest": {
        "max": 29.0770645142,
        "mean": 8.7139787674,
        "min": 2.23897457123,
        "stdev": 4.48625469208
    },
    "erbbands_flatness_db": {
        "max": 0.38751333952,
        "mean": 0.211975604296,
        "min": 0.0555495359004,
        "stdev": 0.0580494552851
    },
    "erbbands_kurtosis": {
        "max": 14.0992946625,
        "mean": 0.978968858719,
        "min": -1.51485931873,
        "stdev": 2.01089119911
    },
    "erbbands_skewness": {
        "max": 3.50966238976,
        "mean": 0.739671111107,
        "min": -1.09721529484,
        "stdev": 0.610281825066
    },
    "erbbands_spread": {
        "max": 110.567649841,
        "mean": 25.5571861267,
        "min": 4.69290447235,
        "stdev": 17.7002067566
    },
    "hfc": {
        "max": 116.161132812,
        "mean": 25.9186496735,
        "min": 7.40187242627e-05,
        "stdev": 15.7971162796
    },
    "loudness_ebu128": {
        "integrated": -16.7625312805,
        "loudness_range": 2.30548000336,
        "momentary": {
            "max": -13.1227502823,
            "mean": -17.3239421844,
            "min": -30.4283733368,
            "stdev": 2.48564910889
        },
        "short_term": {
            "max": -15.8862981796,
            "mean": -16.9001197815,
            "min": -18.8552360535,
            "stdev": 0.748374521732
        }
    },
    "melbands_crest": {
        "max": 29.3053646088,
        "mean": 10.6603889465,
        "min": 3.8317630291,
        "stdev": 4.53669929504
    },
    "melbands_flatness_db": {
        "max": 0.298532605171,
        "mean": 0.156741157174,
        "min": 0.0719456523657,
        "stdev": 0.0409649834037
    },
    "melbands_kurtosis": {
        "max": 52.2375679016,
        "mean": 6.02406740189,
        "min": -0.900426626205,
        "stdev": 7.60721492767
    },
    "melbands_skewness": {
        "max": 6.07139825821,
        "mean": 1.5175242424,
        "min": -0.428936094046,
        "stdev": 1.14973640442
    },
    "melbands_spread": {
        "max": 63.201171875,
        "mean": 20.2713298798,
        "min": 2.93128085136,
        "stdev": 8.44305229187
    },
    "pitch_salience": {
        "max": 0.88588398695,
        "mean": 0.669967889786,
        "min": 0.348066061735,
        "stdev": 0.112356834114
    },
    "silence_rate_20dB": {
        "max": 1,
        "mean": 1,
        "min": 1,
        "stdev": 0
    },
    "silence_rate_30dB": {
        "max": 1,
        "mean": 1,
        "min": 1,
        "stdev": 0
    },
    "silence_rate_60dB": {
        "max": 1,
        "mean": 0.0281090289354,
        "min": 0,
        "stdev": 0.16528365016
    },
    "spectral_centroid": {
        "max": 3698.69360352,
        "mean": 1452.40686035,
        "min": 457.877258301,
        "stdev": 462.770721436
    },
    "spectral_complexity": {
        "max": 51,
        "mean": 25.1183986664,
        "min": 0,
        "stdev": 8.69855594635
    },
    "spectral_decrease": {
        "max": -1.91840985507e-14,
        "mean": -6.14975004254e-09,
        "min": -3.1861759453e-08,
        "stdev": 4.1686845087e-09
    },
    "spectral_energy": {
        "max": 0.126925691962,
        "mean": 0.0255614910275,
        "min": 7.91191254734e-08,
        "stdev": 0.0168068520725
    },
    "spectral_energyband_high": {
        "max": 0.0107111604884,
        "mean": 0.000696966424584,
        "min": 7.59335350153e-09,
        "stdev": 0.00113527441863
    },
    "spectral_energyband_low": {
        "max": 0.0373166389763,
        "mean": 0.003202812979,
        "min": 4.2798976807e-08,
        "stdev": 0.00544979469851
    },
    "spectral_energyband_middle_high": {
        "max": 0.0782259181142,
        "mean": 0.0114598758519,
        "min": 3.31985927637e-09,
        "stdev": 0.00902315229177
    },
    "spectral_energyband_middle_low": {
        "max": 0.115910224617,
        "mean": 0.0110506173223,
        "min": 7.9668742714e-09,
        "stdev": 0.0120953861624
    },
    "spectral_entropy": {
        "max": 8.78553390503,
        "mean": 7.70940351486,
        "min": 7.02166461945,
        "stdev": 0.240805000067
    },
    "spectral_flux": {
        "max": 0.262870073318,
        "mean": 0.092048637569,
        "min": 0.0155255263671,
        "stdev": 0.034081786871
    },
    "spectral_kurtosis": {
        "max": 17.8826961517,
        "mean": 4.47184753418,
        "min": -0.48702454567,
        "stdev": 2.51178526878
    },
    "spectral_rms": {
        "max": 0.0111278900877,
        "mean": 0.00473982980475,
        "min": 8.78574974195e-06,
        "stdev": 0.00157226948068
    },
    "spectral_rolloff": {
        "max": 8376.41601562,
        "mean": 1691.62121582,
        "min": 172.265625,
        "stdev": 973.582763672
    },
    "spectral_skewness": {
        "max": 2.77657413483,
        "mean": 1.58204698563,
        "min": 0.343401402235,
        "stdev": 0.314190208912
    },
    "spectral_spread": {
        "max": 10012276,
        "mean": 3884371.75,
        "min": 2019718.125,
        "stdev": 1467695.5
    },
    "spectral_strongpeak": {
        "max": 8.83525753021,
        "mean": 1.34720754623,
        "min": 0,
        "stdev": 1.24001526833
    },
    "zerocrossingrate": {
        "max": 0.17724609375,
        "mean": 0.0670974999666,
        "min": 0.01416015625,
        "stdev": 0.0219176076353
    },
    "barkbands": {
        "max": [0.00195057806559, 0.0283642373979, 0.0174930281937, 0.0381801240146, 0.0317377783358, 0.0896299779415, 0.0723211616278, 0.0420409291983, 0.0534528307617, 0.0641238167882, 0.0405582562089, 0.0197071339935, 0.0173527002335, 0.01821840927, 0.00597366783768, 0.0064392243512, 0.00501976208761, 0.00488407397643, 0.00243921065703, 0.00374870467931, 0.0031368099153, 0.00203473027796, 0.00319207343273, 0.002125157509, 0.00193898240104, 1.77139063453e-05, 6.42059319489e-07],
        "mean": [7.93498256826e-05, 0.00179303891491, 0.000924450985622, 0.000722202588804, 0.00210543000139, 0.00161128514446, 0.00172327284236, 0.00116207799874, 0.0028163830284, 0.00347521039657, 0.00207138736732, 0.00150986621156, 0.00117467832752, 0.00098485511262, 0.000789726444054, 0.000650611938909, 0.000518220418599, 0.000377568212571, 0.000255789462244, 0.000203595176572, 0.000141270153108, 0.000124408790725, 0.000137425740832, 0.000120953438454, 8.82066815393e-05, 2.14323605974e-07, 1.38386058168e-09],
        "min": [9.61632906638e-09, 2.16355449112e-08, 3.56018658998e-09, 2.06623651522e-09, 2.63581290127e-09, 1.90284898949e-09, 4.83939055496e-10, 3.2153377183e-10, 5.04091435261e-10, 2.22785914716e-10, 1.20748619437e-10, 6.25693663547e-10, 3.55254214934e-10, 6.49228226735e-10, 1.41562248035e-10, 2.80532680419e-10, 3.35051236755e-10, 1.35859073991e-10, 1.80422080054e-10, 6.51188991618e-10, 5.51320322728e-10, 1.20328191855e-09, 1.51492274281e-09, 1.88502591314e-09, 1.32469257785e-09, 3.57260228345e-11, 3.56758303455e-11],
        "stdev": [0.000176855130121, 0.00383893121034, 0.00176467106212, 0.00187634653412, 0.00377632956952, 0.00469906954095, 0.00464033195749, 0.00274768006057, 0.00408885721117, 0.00505171623081, 0.00370603147894, 0.00181664060801, 0.00154375843704, 0.0012044578325, 0.000810520490631, 0.000735344947316, 0.000516219763085, 0.000375287461793, 0.000232585472986, 0.000271763972705, 0.000214217725443, 0.000209778925637, 0.000272530684015, 0.000234830309637, 0.000225614567171, 9.31939439397e-07, 1.87627726689e-08]
    },
    "erbbands": {
        "max": [0.906487286091, 6.95207548141, 18.307434082, 66.5385742188, 159.978271484, 127.219161987, 251.476089478, 1008.1875, 930.223449707, 637.559082031, 1146.46887207, 1064.29541016, 1428.90539551, 2736.53271484, 610.444946289, 798.769836426, 641.919006348, 1036.31445312, 284.347839355, 317.714630127, 290.475463867, 228.195465088, 240.0546875, 168.279968262, 140.381546021, 146.459350586, 76.5847015381, 138.852508545, 84.4869842529, 93.4535293579, 77.9584732056, 48.476650238, 33.5262374878, 20.2277297974, 16.3844451904, 1.14935016632, 0.0274886246771, 0.00168400851544, 0.000241339323111, 0.00018442075816],
        "mean": [0.057432949543, 0.378691613674, 0.939425587654, 2.05681729317, 3.12471342087, 8.69041156769, 11.6960411072, 13.5928096771, 20.2871952057, 27.3335266113, 33.8598556519, 55.0947723389, 95.8320083618, 122.291435242, 64.2410888672, 61.0751686096, 53.4175453186, 56.3376350403, 43.2080879211, 38.8532066345, 34.8511962891, 29.5008449554, 21.7412185669, 15.8639097214, 12.0984897614, 9.3468208313, 6.17732667923, 5.26344585419, 4.5682053566, 4.20405006409, 3.83791899681, 2.89622426033, 1.80202186108, 1.00051963329, 0.606928884983, 0.0450027026236, 0.00113225309178, 7.79700203566e-05, 2.44643470069e-05, 3.32683703164e-05],
        "min": [1.16674527817e-06, 3.06880042444e-06, 4.39798668594e-06, 5.95411938775e-06, 8.29273903946e-06, 8.01659825811e-06, 1.3122643395e-05, 1.48227354657e-05, 8.56284714246e-06, 5.8379227994e-06, 9.00159011508e-06, 1.29633717734e-05, 6.14259306531e-06, 5.48986827198e-06, 7.65491950006e-06, 2.82845812762e-05, 2.04538173421e-05, 2.96494672511e-05, 1.29991967697e-05, 1.41200507642e-05, 1.62093710969e-05, 1.51171452671e-05, 9.90623084363e-06, 6.48039804219e-06, 1.4433535398e-05, 3.17173835356e-05, 3.40574842994e-05, 1.66149693541e-05, 4.57125352114e-05, 3.18320162478e-05, 4.76510176668e-05, 4.01752986363e-05, 3.02959306282e-05, 1.3380996279e-05, 1.13245496323e-05, 3.28249552695e-06, 9.22580682072e-07, 1.98015570163e-07, 1.00286161597e-08, 7.17305881359e-10],
        "stdev": [0.129934772849, 0.820701777935, 1.76348662376, 4.3310790062, 8.00782871246, 16.1563243866, 24.0654125214, 49.09532547, 62.6356582642, 60.7169876099, 82.9734954834, 80.9309234619, 110.727874756, 227.860610962, 70.145690918, 70.4417037964, 65.1057281494, 69.7832946777, 41.8956604004, 41.612663269, 36.4882202148, 26.5803871155, 20.7332630157, 14.162894249, 11.6933307648, 12.1216669083, 7.48979234695, 8.96755504608, 7.94167470932, 7.63433647156, 7.77863073349, 5.72701501846, 3.52960634232, 2.37336611748, 1.66193950176, 0.127996176481, 0.00307606114075, 0.000189537458937, 2.88159353659e-05, 2.22139788093e-05]
    },
    "gfcc": {
        "mean": [-6.32233810425, 92.1541748047, -177.57359314, 22.9756641388, -79.2788162231, 28.1180534363, -35.0025367737, 12.9954776764, -17.1966743469, -10.7819871902, -5.97465991974, -12.4574995041, 4.46624517441],
        "cov": [[2934.05322266, -33.8537406921, 1103.30493164, 437.595733643, -271.764068604, 111.996322632, -385.788269043, 39.4519271851, -179.130462646, 160.146759033, 100.664367676, 123.86567688, -85.5116500854], [-33.8537406921, 738.071533203, 653.038635254, 263.676177979, 14.9615755081, -27.2623615265, -44.481502533, -88.1159439087, 14.4976091385, -78.8035354614, 107.682319641, -43.3959236145, -0.226839527488], [1103.30493164, 653.038635254, 2067.74853516, 841.37097168, -212.021026611, 53.2520332336, -397.746948242, -53.4405555725, -162.520858765, 81.468711853, 95.2700119019, 77.1321640015, -122.728477478], [437.595733643, 263.676177979, 841.37097168, 475.596008301, -40.380443573, 17.7735881805, -176.51335144, -30.8136997223, -38.4340362549, 56.2153930664, 40.8426246643, 35.1022224426, -44.3680534363], [-271.764068604, 14.9615755081, -212.021026611, -40.380443573, 126.679985046, 20.9246482849, 75.9914779663, 17.4952220917, 50.7452278137, 0.777702391148, -6.6470041275, -8.70076465607, 28.2321205139], [111.996322632, -27.2623615265, 53.2520332336, 17.7735881805, 20.9246482849, 82.2094650269, 25.2302856445, 18.9910678864, -4.56864786148, 16.0521450043, 3.41409301758, 12.1934671402, -5.57009840012], [-385.788269043, -44.481502533, -397.746948242, -176.51335144, 75.9914779663, 25.2302856445, 196.865539551, 43.8120040894, 57.8675079346, -37.1910591125, -9.57087898254, -17.9267444611, 40.6496315002], [39.4519271851, -88.1159439087, -53.4405555725, -30.8136997223, 17.4952220917, 18.9910678864, 43.8120040894, 81.9692611694, 27.4063873291, 25.9834594727, -8.65448188782, 18.243637085, 9.25705528259], [-179.130462646, 14.4976091385, -162.520858765, -38.4340362549, 50.7452278137, -4.56864786148, 57.8675079346, 27.4063873291, 84.2230834961, 13.3347225189, 9.7334690094, -4.38636064529, 24.1625652313], [160.146759033, -78.8035354614, 81.468711853, 56.2153930664, 0.777702391148, 16.0521450043, -37.1910591125, 25.9834594727, 13.3347225189, 98.6689529419, 23.1878738403, 34.7018280029, -6.85230779648], [100.664367676, 107.682319641, 95.2700119019, 40.8426246643, -6.6470041275, 3.41409301758, -9.57087898254, -8.65448188782, 9.7334690094, 23.1878738403, 95.1735229492, 22.0193061829, 12.1391716003], [123.86567688, -43.3959236145, 77.1321640015, 35.1022224426, -8.70076465607, 12.1934671402, -17.9267444611, 18.243637085, -4.38636064529, 34.7018280029, 22.0193061829, 62.6840171814, 20.2826976776], [-85.5116500854, -0.226839527488, -122.728477478, -44.3680534363, 28.2321205139, -5.57009840012, 40.6496315002, 9.25705528259, 24.1625652313, -6.85230779648, 12.1391716003, 20.2826976776, 60.1551704407]],
        "icov": [[0.000777277746238, -0.000630076916423, 0.000698074756656, -0.000695187074598, 0.0017953858478, -0.0019143888494, 0.00169984658714, -0.0018813519273, 0.00125036353711, -0.000584058114327, -0.000214762752876, -0.000195215296117, -0.000324625754729], [-0.000630076916423, 0.0105703175068, -0.00752087496221, 0.00401386339217, -0.00937629304826, 0.00704211788252, -0.00479333894327, 0.0091542461887, -0.00869162473828, 0.00849372055382, -0.00860540941358, 0.00743945594877, -0.00266962125897], [0.000698074756656, -0.00752087496221, 0.00842274352908, -0.00753596844152, 0.00953041110188, -0.00713546713814, 0.00510564912111, -0.00874714832753, 0.0080284671858, -0.00458142207935, 0.0044099772349, -0.00527103757486, 0.00249286321923], [-0.000695187074598, 0.00401386339217, -0.00753596844152, 0.0123196942732, -0.00898816715926, 0.00457586115226, -0.000887433881871, 0.00709635112435, -0.0070075285621, 0.00148524227552, -0.00173223204911, 0.00145236612298, -0.000267980096396], [0.0017953858478, -0.00937629304826, 0.00953041110188, -0.00898816715926, 0.025962844491, -0.013471711427, 0.00409264070913, -0.0098214391619, 0.00482074962929, -0.00851536635309, 0.00750610884279, -0.00319114350714, -0.00270020635799], [-0.0019143888494, 0.00704211788252, -0.00713546713814, 0.00457586115226, -0.013471711427, 0.0255518257618, -0.0117904460058, 0.00784430839121, -0.00281365634874, 0.00269655277953, -0.00414409581572, 0.00101307185832, 0.00350320735015], [0.00169984658714, -0.00479333894327, 0.00510564912111, -0.000887433881871, 0.00409264070913, -0.0117904460058, 0.0201012827456, -0.0125951878726, 0.00142764870543, 0.00223404099233, 0.000258735410171, -0.000546035123989, -0.00268442649394], [-0.0018813519273, 0.0091542461887, -0.00874714832753, 0.00709635112435, -0.0098214391619, 0.00784430839121, -0.0125951878726, 0.0312603190541, -0.0146534359083, 0.00174265354872, -0.000887472939212, -0.000492373132147, 0.000214056388359], [0.00125036353711, -0.00869162473828, 0.0080284671858, -0.0070075285621, 0.00482074962929, -0.00281365634874, 0.00142764870543, -0.0146534359083, 0.0314931422472, -0.0119936298579, 0.00274272798561, 0.000278070132481, -0.0029402540531], [-0.000584058114327, 0.00849372055382, -0.00458142207935, 0.00148524227552, -0.00851536635309, 0.00269655277953, 0.00223404099233, 0.00174265354872, -0.0119936298579, 0.0261488296092, -0.0103965299204, -0.00277234567329, 0.00424741581082], [-0.000214762752876, -0.00860540941358, 0.0044099772349, -0.00173223204911, 0.00750610884279, -0.00414409581572, 0.000258735410171, -0.000887472939212, 0.00274272798561, -0.0103965299204, 0.0218821167946, -0.00953205116093, -5.06669639435e-05], [-0.000195215296117, 0.00743945594877, -0.00527103757486, 0.00145236612298, -0.00319114350714, 0.00101307185832, -0.000546035123989, -0.000492373132147, 0.000278070132481, -0.00277234567329, -0.00953205116093, 0.0375825315714, -0.0190717354417], [-0.000324625754729, -0.00266962125897, 0.00249286321923, -0.000267980096396, -0.00270020635799, 0.00350320735015, -0.00268442649394, 0.000214056388359, -0.0029402540531, 0.00424741581082, -5.06669639435e-05, -0.0190717354417, 0.0325186662376]]
    },
    "melbands": {
        "max": [0.00743978237733, 0.00770994275808, 0.0149867292494, 0.00775352213532, 0.00736733013764, 0.0206152535975, 0.0148888481781, 0.00564913870767, 0.00956341158599, 0.00587390875444, 0.00733406888321, 0.011547091417, 0.00327971973456, 0.00195137201808, 0.00233758171089, 0.00182771973778, 0.0017952399794, 0.000486789416755, 0.00064874853706, 0.000530091812834, 0.000331529503455, 0.000254330196185, 0.00018836541858, 0.000231927100685, 0.000131361361127, 0.000115533948701, 0.000200132533791, 9.2597118055e-05, 4.19871648774e-05, 9.4266848464e-05, 6.90434171702e-05, 5.20970534126e-05, 5.44816284673e-05, 6.32460505585e-05, 4.49647086498e-05, 4.01801116823e-05, 2.71205335594e-05, 2.87297698378e-05, 1.86109155038e-05, 1.79102498805e-05],
        "mean": [0.000503880553879, 0.000503273564391, 0.000373517716071, 0.000398274714826, 0.000424027355621, 0.000308555783704, 0.000325528206304, 0.000278057646938, 0.000293686374789, 0.000379134551622, 0.000486152886879, 0.000504014547914, 0.000242963433266, 0.000165371908224, 0.000142168471939, 0.000117731891805, 0.000100569704955, 6.84848055243e-05, 5.85231755394e-05, 4.66039673483e-05, 3.91881585529e-05, 3.18511811201e-05, 2.19047415158e-05, 1.82210023922e-05, 1.22320761875e-05, 9.27545079321e-06, 8.33295962366e-06, 5.54899907002e-06, 3.95242250306e-06, 3.31430806e-06, 2.90363777822e-06, 2.57410147242e-06, 2.37865265262e-06, 2.33783362091e-06, 2.20209858526e-06, 2.13947805605e-06, 1.61960679179e-06, 1.31752619836e-06, 1.02012654679e-06, 7.83204484378e-07],
        "min": [9.8935775128e-09, 2.7705060468e-09, 1.09871534093e-09, 5.93106230795e-10, 4.28958618626e-10, 3.3398003807e-10, 1.24408719437e-10, 6.66209518108e-11, 8.35718785841e-11, 7.17499740177e-11, 2.94571277093e-11, 2.40948268282e-11, 1.83398574105e-11, 5.54677172249e-11, 7.00160346367e-11, 3.32935554126e-11, 6.23443241476e-11, 2.5321651026e-11, 1.16745163883e-11, 2.29720114459e-11, 1.92305477098e-11, 1.60032855023e-11, 1.52971905976e-11, 5.3932600573e-12, 5.03474649124e-12, 7.15057657183e-12, 1.51076252203e-11, 2.2132715799e-11, 2.4204466556e-11, 1.14490734601e-11, 8.1570765767e-12, 2.65457586468e-11, 2.43773265463e-11, 1.45671773255e-11, 2.21043912341e-11, 4.08220575399e-11, 1.73216198329e-11, 1.97208100544e-11, 1.86255108559e-11, 8.66736370175e-12],
        "stdev": [0.00109962304123, 0.000904960965272, 0.000816641957499, 0.000750826497097, 0.000790139718447, 0.00102583796252, 0.000929253466893, 0.000580159074161, 0.000766302400734, 0.000532689213287, 0.000568060902879, 0.00093086558627, 0.000338065961841, 0.000192215025891, 0.000213165330933, 0.00016520616191, 0.000129007545183, 6.96353963576e-05, 6.35587784927e-05, 5.63669818803e-05, 4.28980201832e-05, 3.0832568882e-05, 2.13505081774e-05, 1.96567289095e-05, 1.17601184684e-05, 8.98786674952e-06, 1.20011254694e-05, 7.31843192625e-06, 4.44196257376e-06, 5.75692229177e-06, 4.94737378176e-06, 4.4192970563e-06, 4.36046775576e-06, 4.4671305659e-06, 4.60024511995e-06, 4.42008604296e-06, 3.1955612485e-06, 2.61721561401e-06, 2.19373532673e-06, 1.98197017198e-06]
    },
    "melbands128": {
        "max": [0.00156800216064, 0.00787485577166, 0.0117648765445, 0.0119126550853, 0.00962493941188, 0.00795900821686, 0.0119587080553, 0.0212481059134, 0.0178134199232, 0.00743118533865, 0.00909204315394, 0.0111084384844, 0.0118334591389, 0.00898646563292, 0.0215321090072, 0.038451589644, 0.0166189651936, 0.0241331458092, 0.0149910347536, 0.0102046979591, 0.00609767250717, 0.0168544985354, 0.0175010822713, 0.0202039554715, 0.00996993202716, 0.00870305206627, 0.00780978938565, 0.0135172149166, 0.00694754580036, 0.0156960897148, 0.0205264985561, 0.0111558539793, 0.00531918322667, 0.00244755321182, 0.00298044946976, 0.00363644980825, 0.00317907729186, 0.00428703939542, 0.00361257675104, 0.00246524112299, 0.00298735871911, 0.00449209008366, 0.00269788247533, 0.00152529811021, 0.000775460968725, 0.000819751061499, 0.000825806520879, 0.00135783408768, 0.000530933961272, 0.00058721046662, 0.000642223400064, 0.000678031239659, 0.000586151436437, 0.000557979918085, 0.000556550861802, 0.000268518284429, 0.000329462549416, 0.000284732523141, 0.000416041119024, 0.000257973384578, 0.000400041521061, 0.000221759168198, 0.000167937934748, 0.000132444125484, 0.000188478428754, 0.000169544495293, 8.41842338559e-05, 0.00028095243033, 0.000358067627531, 0.000224639545195, 0.000128306215629, 6.65132902213e-05, 6.83084508637e-05, 5.19133864145e-05, 7.92954015196e-05, 9.85780279734e-05, 0.000108995656774, 0.000127229868667, 4.93958468724e-05, 4.80767776025e-05, 5.16355103173e-05, 6.89680236974e-05, 8.62827000674e-05, 6.87391438987e-05, 3.44778054568e-05, 6.46018743282e-05, 7.7719836554e-05, 7.55252403906e-05, 6.4722924435e-05, 5.9199759562e-05, 4.89127269248e-05, 5.35852559551e-05, 4.1659182898e-05, 3.15446559398e-05, 2.81984084722e-05, 4.37146882177e-05, 3.99189229938e-05, 2.39740074903e-05, 1.95622415049e-05, 2.8704849683e-05, 1.6855485228e-05, 2.12507402466e-05, 2.62301109615e-05, 4.30811342085e-05, 2.34940289374e-05, 2.14129158849e-05, 8.0539875853e-06, 9.15241344046e-07, 8.36019165007e-09, 7.01460489694e-09, 6.10914874244e-09, 5.42060218933e-09, 4.88942397681e-09, 5.8227396238e-09, 4.36909664003e-09, 4.32238866921e-09, 3.49602746752e-09, 3.26169180553e-09, 3.08479797262e-09, 2.90680768344e-09, 2.7557800486e-09, 2.63819011082e-09, 2.53128384919e-09, 2.44910913771e-09, 2.37104047507e-09, 2.32008723344e-09, 2.27683205622e-09, 2.25301421963e-09],
        "mean": [7.33707493055e-05, 0.000451808853541, 0.000694360758644, 0.000593988399487, 0.000453010230558, 0.000480421149405, 0.00043682786054, 0.000331707880832, 0.000288903422188, 0.000326961773681, 0.000551879347768, 0.000500304449815, 0.000426428887295, 0.000290603347821, 0.000263916299446, 0.000357563403668, 0.000318383215927, 0.000293612509267, 0.00035529959132, 0.000351822411176, 0.000184514647117, 0.000231921032537, 0.000329955655616, 0.000344486179529, 0.000259088847088, 0.000439843599452, 0.000546643161215, 0.000449923012638, 0.000468543468742, 0.000550860539079, 0.000545907707419, 0.00037176697515, 0.000216187210754, 0.000148106686538, 0.000168809099705, 0.000171637089807, 0.000155093817739, 0.000169752020156, 0.000110176864837, 9.68988970271e-05, 0.000127557636006, 0.000135098045575, 0.00010659925465, 8.14681989141e-05, 6.96722563589e-05, 6.79193763062e-05, 6.46226180834e-05, 6.22643347015e-05, 5.35906729056e-05, 5.04845265823e-05, 4.61994022771e-05, 4.18143063143e-05, 4.3313135393e-05, 3.64264524251e-05, 3.2998930692e-05, 3.43375977536e-05, 2.80720705632e-05, 2.35874085774e-05, 1.96435175894e-05, 1.831872396e-05, 2.00619469979e-05, 1.68203296198e-05, 1.25963624669e-05, 1.09100683403e-05, 1.1302794519e-05, 9.60382385529e-06, 7.42915608498e-06, 8.8436754595e-06, 8.70545136422e-06, 7.62294257584e-06, 5.66335984331e-06, 4.41837755716e-06, 4.22528501076e-06, 4.00090448238e-06, 3.50538948624e-06, 3.0521437111e-06, 3.57946578333e-06, 3.13448958877e-06, 2.87726447823e-06, 2.50556172432e-06, 2.56792623077e-06, 2.63916240328e-06, 2.53348093793e-06, 2.31161766351e-06, 2.25207259064e-06, 2.41173870563e-06, 2.29244983529e-06, 2.35412494476e-06, 2.16862281377e-06, 2.12103441299e-06, 2.19613025365e-06, 2.28305611927e-06, 1.85410283393e-06, 1.57140982537e-06, 1.46391232647e-06, 1.45439173593e-06, 1.29668626414e-06, 1.1410965044e-06, 1.04955518054e-06, 9.91844672171e-07, 7.15094586212e-07, 7.67382573486e-07, 7.95446908342e-07, 8.50621972859e-07, 7.47721969674e-07, 8.23642324121e-07, 2.33505019764e-07, 1.16206839706e-08, 2.28854990514e-11, 1.50029016988e-11, 1.41724939076e-11, 1.25898770575e-11, 1.11791227317e-11, 1.38978151903e-11, 1.2052793659e-11, 1.13878411909e-11, 8.51243988492e-12, 6.61229100987e-12, 6.31872245499e-12, 6.06665846031e-12, 5.84312979945e-12, 5.66962579315e-12, 5.51724291253e-12, 5.37813587068e-12, 5.20917987565e-12, 5.02433641567e-12, 4.9050399159e-12, 4.8602549936e-12],
        "min": [3.98895272369e-09, 1.22094698796e-08, 7.72076713673e-09, 4.35627800499e-09, 2.50498155552e-09, 1.65501057303e-09, 1.21537291342e-09, 9.81675962741e-10, 8.48488723726e-10, 6.27242924267e-10, 3.85645987366e-10, 3.53288759358e-10, 4.66296889989e-10, 4.93140084323e-10, 3.74049291541e-10, 2.38575242895e-10, 1.40397055093e-10, 1.15734623274e-10, 9.04741559449e-11, 4.2310169257e-11, 7.25672369417e-11, 8.50889081416e-11, 5.20465753828e-11, 1.27312313469e-10, 1.24857915673e-10, 2.48567520733e-11, 1.03827745013e-11, 3.05195452244e-11, 5.03178679279e-11, 2.73861038014e-11, 1.38053301429e-11, 1.87153834097e-11, 7.48429096475e-12, 3.15887004054e-11, 2.72353528619e-11, 6.04934852211e-11, 1.08993897241e-10, 8.22263229727e-11, 2.80170244643e-11, 5.66294372506e-11, 2.81879606462e-11, 8.01585620797e-12, 7.67532634671e-11, 8.22275997292e-11, 5.17328783978e-11, 9.86610706327e-12, 2.39814960425e-12, 5.08183816209e-12, 2.24075532435e-11, 1.75807979286e-11, 3.02871443203e-11, 2.03354069694e-11, 9.78641993832e-12, 2.75641714315e-11, 1.97323667822e-11, 1.34876441613e-11, 8.32362997971e-12, 2.72098784476e-11, 1.38886862081e-11, 4.19780443045e-12, 4.21150180702e-12, 7.56580128408e-12, 2.34644920681e-12, 6.11216589494e-12, 5.54180963272e-12, 2.5427019431e-12, 1.3223071943e-11, 1.17019588464e-11, 1.02315621253e-11, 2.9937358148e-11, 1.76097920968e-11, 2.30829383385e-11, 2.33432388003e-11, 2.34068545796e-11, 2.8592026316e-11, 9.00204823878e-12, 5.40459864362e-12, 9.29880131229e-12, 4.81575413228e-12, 9.82720328724e-12, 2.76195351312e-11, 3.31178279245e-11, 2.73388360561e-11, 2.6304021461e-11, 2.05639828083e-11, 1.04503359091e-11, 1.87100022975e-11, 8.7693368192e-12, 2.22212161866e-11, 2.7063563196e-11, 4.32530955496e-11, 5.35336323881e-11, 2.41589803718e-11, 1.7052569426e-11, 8.06671049403e-12, 1.59054783233e-11, 1.87012749037e-11, 3.34746848296e-11, 1.99127069e-11, 9.68355950981e-12, 1.35273641247e-11, 8.23964767943e-12, 3.35664590741e-12, 5.83985030472e-12, 1.4344138724e-11, 2.24605837401e-11, 1.23214164566e-11, 1.86671546818e-13, 1.09313159382e-13, 1.33579575894e-13, 1.49188265366e-13, 1.51703763484e-13, 1.31304364083e-13, 1.06139340481e-13, 9.24451284295e-14, 1.00210123402e-13, 1.05785226499e-13, 1.44913608565e-13, 1.33866984338e-13, 1.13353188056e-13, 1.12381268571e-13, 1.10137214019e-13, 1.38053454844e-13, 1.26497052308e-13, 8.75367554593e-14, 3.3162857768e-14, 5.21779876454e-15, 2.66939468712e-16],
        "stdev": [0.00016670889454, 0.00106243381742, 0.00164949533064, 0.00131380720995, 0.000924003019463, 0.00091378565412, 0.000927023589611, 0.00095446431078, 0.000856998027302, 0.000755249115173, 0.00111752410885, 0.00108778558206, 0.00104305380955, 0.000769909122027, 0.00115559180267, 0.00172336841933, 0.00122178462334, 0.0012143534841, 0.00114752328955, 0.000901662337128, 0.000409952888731, 0.00075603229925, 0.0011715949513, 0.00116448663175, 0.00059591588797, 0.00082922441652, 0.000854197074659, 0.000765955832321, 0.000736849848181, 0.00111690559424, 0.00148890633136, 0.000825611059554, 0.000372410082491, 0.00020590222266, 0.00026421144139, 0.000276682781987, 0.000242717869696, 0.00037777388934, 0.000208286946872, 0.000182378717, 0.000256553932559, 0.000257714302279, 0.000196833818336, 0.000121416611364, 8.93311807886e-05, 8.89213042683e-05, 8.58986240928e-05, 9.00554223335e-05, 6.86612038407e-05, 7.0101566962e-05, 7.01899771229e-05, 5.98428887315e-05, 5.0845068472e-05, 5.42281668459e-05, 4.79835034639e-05, 3.7221598177e-05, 3.26395966113e-05, 2.88745268335e-05, 2.63119709416e-05, 2.39375622186e-05, 2.89066083496e-05, 2.26418196689e-05, 1.53843757289e-05, 1.31946962938e-05, 1.43110501085e-05, 1.26180921143e-05, 8.43224825076e-06, 1.3414136447e-05, 1.72798609128e-05, 1.4297927919e-05, 9.24536379898e-06, 5.32620606464e-06, 5.46023511561e-06, 4.76717013953e-06, 5.4269598877e-06, 5.55582573725e-06, 7.215050573e-06, 6.53560391584e-06, 5.06911874254e-06, 4.20506648879e-06, 4.53478423879e-06, 5.16207819601e-06, 5.20336925547e-06, 4.90755246574e-06, 3.86721103496e-06, 4.87588977194e-06, 4.78823130834e-06, 5.3772382671e-06, 4.96951270179e-06, 4.87349097966e-06, 4.61318359157e-06, 5.29931548954e-06, 4.00415774493e-06, 3.26444501297e-06, 3.06257970806e-06, 3.35085360348e-06, 2.66464144261e-06, 2.43929707722e-06, 2.2369731596e-06, 2.50462221629e-06, 1.81697282642e-06, 2.01919510801e-06, 2.29922966355e-06, 2.73986665889e-06, 2.1109390218e-06, 2.38686720877e-06, 7.62669799315e-07, 4.7422933136e-08, 2.80359097049e-10, 2.36369201989e-10, 2.19295345771e-10, 1.87222362613e-10, 1.57481166996e-10, 2.14643608443e-10, 1.74948985854e-10, 1.6754285459e-10, 1.12476486458e-10, 9.52018949785e-11, 9.00418350991e-11, 8.48527775821e-11, 8.04499245e-11, 7.70213059997e-11, 7.39043826137e-11, 7.15087017378e-11, 6.92344098718e-11, 6.77516445724e-11, 6.64923324734e-11, 6.57980753216e-11]
    },
    "mfcc": {
        "mean": [-620.751953125, 106.522010803, -34.4354019165, -8.15390491486, -12.7048101425, -1.04809403419, -0.58464640379, 9.7515668869, 1.46476364136, 3.20920610428, -2.67666316032, -2.49375367165, -3.39930009842],
        "cov": [[2447.94287109, -258.347808838, 686.67364502, 90.2437362671, 152.132064819, -28.6720619202, -11.3723230362, -109.40297699, -169.710693359, -47.2175979614, -26.1040058136, 75.6870880127, 92.6837539673], [-258.347808838, 501.09463501, 360.103942871, 146.618972778, 88.0172576904, 20.5399913788, 25.4344291687, 22.1558055878, -75.1529312134, 28.5248336792, -46.8411941528, 14.2776288986, -13.5642490387], [686.67364502, 360.103942871, 2116.03491211, 707.112670898, 442.983062744, 75.2290802002, -8.9009437561, -109.436836243, -319.152282715, -33.3945922852, -116.263786316, 103.294639587, 76.0841217041], [90.2437362671, 146.618972778, 707.112670898, 368.567321777, 197.130203247, 46.7397499084, -24.5780029297, -44.5657844543, -85.3997421265, -0.922318220139, -29.7746105194, 38.7062225342, 33.6308898926], [152.132064819, 88.0172576904, 442.983062744, 197.130203247, 186.42237854, 41.6306381226, -14.8662862778, -38.6201133728, -63.5957870483, 2.46617031097, -20.3723392487, 32.0763168335, 28.1821956635], [-28.6720619202, 20.5399913788, 75.2290802002, 46.7397499084, 41.6306381226, 79.8292694092, 16.6337451935, 0.234462618828, -0.517452001572, 3.47137641907, 3.4269285202, 15.958776474, 3.56402802467], [-11.3723230362, 25.4344291687, -8.9009437561, -24.5780029297, -14.8662862778, 16.6337451935, 74.0191650391, 30.2585220337, 1.8173199892, 8.51568603516, 1.89769554138, 0.743302166462, 3.03110098839], [-109.40297699, 22.1558055878, -109.436836243, -44.5657844543, -38.6201133728, 0.234462618828, 30.2585220337, 81.2691802979, 50.4373703003, 12.1792421341, 4.07856225967, -13.1134929657, -8.8572101593], [-169.710693359, -75.1529312134, -319.152282715, -85.3997421265, -63.5957870483, -0.517452001572, 1.8173199892, 50.4373703003, 128.983291626, 24.9442844391, 31.1786022186, -24.3820915222, -9.28570747375], [-47.2175979614, 28.5248336792, -33.3945922852, -0.922318220139, 2.46617031097, 3.47137641907, 8.51568603516, 12.1792421341, 24.9442844391, 52.4019393921, 20.3932514191, 3.16046476364, -5.04864168167], [-26.1040058136, -46.8411941528, -116.263786316, -29.7746105194, -20.3723392487, 3.4269285202, 1.89769554138, 4.07856225967, 31.1786022186, 20.3932514191, 66.41746521, 19.4807872772, 2.87776589394], [75.6870880127, 14.2776288986, 103.294639587, 38.7062225342, 32.0763168335, 15.958776474, 0.743302166462, -13.1134929657, -24.3820915222, 3.16046476364, 19.4807872772, 59.7645454407, 25.3798389435], [92.6837539673, -13.5642490387, 76.0841217041, 33.6308898926, 28.1821956635, 3.56402802467, 3.03110098839, -8.8572101593, -9.28570747375, -5.04864168167, 2.87776589394, 25.3798389435, 60.1153297424]],
        "icov": [[0.000612758216448, 0.000502364360727, -0.000311440468067, 0.000623409869149, -0.000457908608951, 0.000359293946531, -0.000101720084785, 0.000117054129078, 0.000389845925383, -0.000184856209671, 0.000142097094795, -0.000287740724161, -0.000410854292568], [0.000502364360727, 0.00349609623663, -9.01900712051e-05, -0.000549124379177, -0.000647096021567, 0.000349267880665, -0.000458521244582, -0.00217144796625, 0.00253851013258, -0.00281699583866, 0.00214033364318, -0.00108589464799, 0.000933030445594], [-0.000311440468067, -9.01900712051e-05, 0.00227088807151, -0.0032081194222, -0.00101482344326, 0.000434424553532, -0.000793590676039, -0.00100597704295, 0.00258726580068, -3.66004969692e-05, 0.00107476033736, -0.000651746464428, 0.000342518062098], [0.000623409869149, -0.000549124379177, -0.0032081194222, 0.0113711003214, -0.00470725027844, -0.00143210205715, 0.0027304016985, 0.00114790175576, -0.00241040042602, 2.99082203128e-05, -0.0012124547502, 0.000783329072874, -0.00170553498901], [-0.000457908608951, -0.000647096021567, -0.00101482344326, -0.00470725027844, 0.0158838257194, -0.0047945487313, 0.00225766841322, 0.00217977329157, 0.000327779969666, -0.00301762646995, 0.00137195410207, -0.000299061357509, -0.00261921016499], [0.000359293946531, 0.000349267880665, 0.000434424553532, -0.00143210205715, -0.0047945487313, 0.0175041370094, -0.00618239957839, 0.00131640210748, -0.00312436465174, 0.00211046868935, 0.000369923043763, -0.00499568553641, 0.00327786477283], [-0.000101720084785, -0.000458521244582, -0.000793590676039, 0.0027304016985, 0.00225766841322, -0.00618239957839, 0.0201864596456, -0.00834563560784, 0.00465126661584, -0.00361497164704, -0.0011696210131, 0.00233488413505, -0.00392394792289], [0.000117054129078, -0.00217144796625, -0.00100597704295, 0.00114790175576, 0.00217977329157, 0.00131640210748, -0.00834563560784, 0.0233495533466, -0.0115693993866, 0.00135983352084, 0.00189517659601, -0.000907765584998, 0.0013413723791], [0.000389845925383, 0.00253851013258, 0.00258726580068, -0.00241040042602, 0.000327779969666, -0.00312436465174, 0.00465126661584, -0.0115693993866, 0.0223961789161, -0.0072116330266, -0.00375634245574, 0.00626973249018, -0.0034752888605], [-0.000184856209671, -0.00281699583866, -3.66004969692e-05, 2.99082203128e-05, -0.00301762646995, 0.00211046868935, -0.00361497164704, 0.00135983352084, -0.0072116330266, 0.0276676882058, -0.00814347341657, -0.000796251930296, 0.00328681129031], [0.000142097094795, 0.00214033364318, 0.00107476033736, -0.0012124547502, 0.00137195410207, 0.000369923043763, -0.0011696210131, 0.00189517659601, -0.00375634245574, -0.00814347341657, 0.0261738263071, -0.0126919802278, 0.00209627510048], [-0.000287740724161, -0.00108589464799, -0.000651746464428, 0.000783329072874, -0.000299061357509, -0.00499568553641, 0.00233488413505, -0.000907765584998, 0.00626973249018, -0.000796251930296, -0.0126919802278, 0.0304742846638, -0.0105864927173], [-0.000410854292568, 0.000933030445594, 0.000342518062098, -0.00170553498901, -0.00261921016499, 0.00327786477283, -0.00392394792289, 0.0013413723791, -0.0034752888605, 0.00328681129031, 0.00209627510048, -0.0105864927173, 0.0235366839916]]
    },
    "spectral_contrast_coeffs": {
        "max": [-0.51318782568, -0.409467250109, -0.55851829052, -0.652029752731, -0.693529129028, -0.65483123064],
        "mean": [-0.744777739048, -0.760736525059, -0.753000438213, -0.802595257759, -0.793214738369, -0.769878566265],
        "min": [-0.901047945023, -0.937031984329, -0.908855974674, -0.944522440434, -0.910191893578, -0.897317647934],
        "stdev": [0.0697533711791, 0.0754268541932, 0.063865840435, 0.0396165549755, 0.0251725502312, 0.0294731091708]
    },
    "spectral_contrast_valleys": {
        "max": [-5.19139289856, -4.41657876968, -5.05515480042, -5.41442298889, -6.08825588226, -7.77217674255],
        "mean": [-7.41483879089, -6.55027484894, -6.40929555893, -6.87036275864, -7.18714570999, -9.93356895447],
        "min": [-15.156170845, -13.1681251526, -14.0114011765, -13.7265853882, -13.5837907791, -14.8365888596],
        "stdev": [1.13208603859, 0.530782222748, 0.668561995029, 0.716563761234, 0.523135602474, 0.790289282799]
    }
},
"rhythm": {
    "beats_count": 42,
    "beats_loudness": {
        "max": 0.0968583524227,
        "mean": 0.0284926407039,
        "min": 0.00152023788542,
        "stdev": 0.020025420934
    },
    "bpm": 92.6502990723,
    "bpm_histogram_first_peak_bpm": 94,
    "bpm_histogram_first_peak_weight": 0.642857134342,
    "bpm_histogram_second_peak_bpm": 105,
    "bpm_histogram_second_peak_spread": 0.400000035763,
    "bpm_histogram_second_peak_weight": 0.146341457963,
    "danceability": 1.00872170925,
    "onset_rate": 2.12945580482,
    "beats_loudness_band_ratio": {
        "max": [0.638721168041, 0.413552105427, 0.532975852489, 0.905140578747, 0.415205150843, 0.296869277954],
        "mean": [0.130517348647, 0.109400399029, 0.227039337158, 0.370005488396, 0.145621776581, 0.0599654503167],
        "min": [0.000522523361724, 0.0012137661688, 0.0499289706349, 0.0142388278618, 0.0145475324243, 0.00572178885341],
        "stdev": [0.174726873636, 0.123716913164, 0.119506046176, 0.223419129848, 0.116634055972, 0.065501973033]
    },
    "beats_position": [0.650158703327, 1.3235373497, 1.99691605568, 2.68190479279, 3.34367346764, 3.99383211136, 4.62077093124, 5.25931978226, 5.89786815643, 6.54802703857, 7.17496585846, 7.81351470947, 8.45206356049, 9.10222244263, 9.72916126251, 10.3677091599, 11.0062580109, 11.6448068619, 12.2833557129, 12.9219045639, 13.572063446, 14.2106122971, 14.8607711792, 15.5109291077, 16.1610889435, 16.7183666229, 17.2872562408, 17.8677539825, 18.4482536316, 19.0171432495, 19.5860309601, 20.154920578, 20.7238082886, 21.2926979065, 21.8731975555, 22.5349655151, 23.1851234436, 23.8352832794, 24.497051239, 25.158821106, 25.8205890656, 26.4823570251],
