{
"metadata": {
    "version": {
        "essentia": "2.1-beta5",
        "essentia_git_sha": "Undefined",
        "extractor": "music 2.0"
    },
    "audio_properties": {
        "analysis": {
            "equal_loudness": 0,
            "length": 130.020141602,
            "sample_rate": 44100,
            "start_time": 12.7477550507,
            "downmix": "mix"
        },
        "bit_rate": 192000,
        "length": 205.844894409,
        "lossless": 0,
        "number_channels": 2,
        "replay_gain": -7.80853652954,
        "sample_rate": 44100,
        "codec": "mp3",
        "md5_encoded": "111b4f3b50fde3f5b1cd10b09b65fb5f"
    },
    "tags": {
        "file_name": "Germany_Wadde Hadde Dudde Da_Stefan Raab.mp3",
        "encoding": ["Lavf58.29.100"]
    }
},
"lowlevel": {
    "average_loudness": 0.975938856602,
    "barkbands_crest": {
        "max": 25.6648902893,
        "mean": 7.69977378845,
        "min": 2.15471696854,
        "stdev": 3.65238690376
    },
    "barkbands_flatness_db": {
        "max": 0.323552727699,
        "mean": 0.133687734604,
        "min": 0.040442109108,
        "stdev": 0.0332980155945
    },
    "barkbands_kurtosis": {
        "max": 96.1242218018,
        "mean": 0.516471505165,
        "min": -1.88476622105,
        "stdev": 4.24578285217
    },
    "barkbands_skewness": {
        "max": 8.60178089142,
        "mean": 0.601265311241,
        "min": -2.94846487045,
        "stdev": 0.97171574831
    },
    "barkbands_spread": {
        "max": 105.639709473,
        "mean": 34.1190834045,
        "min": 1.28368234634,
        "stdev": 14.9476652145
    },
    "dissonance": {
        "max": 0.499999970198,
        "mean": 0.480530083179,
        "min": 0.286468923092,
        "stdev": 0.0199612621218
    },
    "dynamic_complexity": 2.06190562248,
    "erbbands_crest": {
        "max": 30.0925292969,
        "mean": 7.67322254181,
        "min": 2.4133477211,
        "stdev": 3.51148271561
    },
    "erbbands_flatness_db": {
        "max": 0.327337414026,
        "mean": 0.168599426746,
        "min": 0.089486412704,
        "stdev": 0.035917814821
    },
    "erbbands_kurtosis": {
        "max": 30.9268188477,
        "mean": 0.356181204319,
        "min": -1.6617910862,
        "stdev": 1.63057804108
    },
    "erbbands_skewness": {
        "max": 5.05384492874,
        "mean": -0.143641635776,
        "min": -5.19332313538,
        "stdev": 0.722182929516
    },
    "erbbands_spread": {
        "max": 114.009849548,
        "mean": 36.1633148193,
        "min": 5.9212679863,
        "stdev": 15.4624166489
    },
    "hfc": {
        "max": 169.607528687,
        "mean": 28.616859436,
        "min": 0.269034922123,
        "stdev": 18.5649681091
    },
    "loudness_ebu128": {
        "integrated": -15.9075565338,
        "loudness_range": 1.27569770813,
        "momentary": {
            "max": -12.5240011215,
            "mean": -16.0788135529,
            "min": -21.071969986,
            "stdev": 1.24928188324
        },
        "short_term": {
            "max": -14.8556680679,
            "mean": -15.9332666397,
            "min": -17.2442359924,
            "stdev": 0.453486680984
        }
    },
    "melbands_crest": {
        "max": 31.8184394836,
        "mean": 11.8865356445,
        "min": 2.93766713142,
        "stdev": 4.96331930161
    },
    "melbands_flatness_db": {
        "max": 0.368939071894,
        "mean": 0.126622214913,
        "min": 0.0175677817315,
        "stdev": 0.050766132772
    },
    "melbands_kurtosis": {
        "max": 230.375961304,
        "mean": 5.68404769897,
        "min": -1.80346250534,
        "stdev": 12.2762928009
    },
    "melbands_skewness": {
        "max": 12.831993103,
        "mean": 1.76410913467,
        "min": -1.19179308414,
        "stdev": 1.42075610161
    },
    "melbands_spread": {
        "max": 207.021835327,
        "mean": 45.8203582764,
        "min": 1.31045162678,
        "stdev": 25.361825943
    },
    "pitch_salience": {
        "max": 0.860933482647,
        "mean": 0.595032215118,
        "min": 0.122053012252,
        "stdev": 0.101424373686
    },
    "silence_rate_20dB": {
        "max": 1,
        "mean": 1,
        "min": 1,
        "stdev": 0
    },
    "silence_rate_30dB": {
        "max": 1,
        "mean": 0.999821484089,
        "min": 0,
        "stdev": 0.0133614381775
    },
    "silence_rate_60dB": {
        "max": 1,
        "mean": 0.020532047376,
        "min": 0,
        "stdev": 0.141811206937
    },
    "spectral_centroid": {
        "max": 4795.75976562,
        "mean": 2153.36572266,
        "min": 252.427490234,
        "stdev": 647.930297852
    },
    "spectral_complexity": {
        "max": 62,
        "mean": 26.5277633667,
        "min": 0,
        "stdev": 11.212644577
    },
    "spectral_decrease": {
        "max": -6.8512952256e-11,
        "mean": -5.07930053573e-09,
        "min": -3.71829571577e-08,
        "stdev": 3.5657625741e-09
    },
    "spectral_energy": {
        "max": 0.145996913314,
        "mean": 0.0217660870403,
        "min": 0.000302883097902,
        "stdev": 0.0144743761048
    },
    "spectral_energyband_high": {
        "max": 0.0229944568127,
        "mean": 0.00157609640155,
        "min": 5.25243103766e-06,
        "stdev": 0.00159518362489
    },
    "spectral_energyband_low": {
        "max": 0.094560444355,
        "mean": 0.00535845384002,
        "min": 1.05423632704e-05,
        "stdev": 0.00895578972995
    },
    "spectral_energyband_middle_high": {
        "max": 0.0490838475525,
        "mean": 0.00849406141788,
        "min": 5.66787748539e-05,
        "stdev": 0.00733672035858
    },
    "spectral_energyband_middle_low": {
        "max": 0.0666062086821,
        "mean": 0.00702087767422,
        "min": 5.18074411957e-05,
        "stdev": 0.00752047356218
    },
    "spectral_entropy": {
        "max": 8.63862133026,
        "mean": 7.91301584244,
        "min": 6.16579437256,
        "stdev": 0.26948851347
    },
    "spectral_flux": {
        "max": 0.330323845148,
        "mean": 0.0939822271466,
        "min": 0.0101547818631,
        "stdev": 0.0420901924372
    },
    "spectral_kurtosis": {
        "max": 21.1231479645,
        "mean": 2.54030656815,
        "min": -1.04355347157,
        "stdev": 1.63588488102
    },
    "spectral_rms": {
        "max": 0.0119346557185,
        "mean": 0.00436621299013,
        "min": 0.000543595175259,
        "stdev": 0.0014735898003
    },
    "spectral_rolloff": {
        "max": 9366.94335938,
        "mean": 2820.31469727,
        "min": 107.666015625,
        "stdev": 1597.78625488
    },
    "spectral_skewness": {
        "max": 2.99413347244,
        "mean": 1.09892570972,
        "min": -0.249081045389,
        "stdev": 0.289525359869
    },
    "spectral_spread": {
        "max": 18569752,
        "mean": 4362480,
        "min": 1484790.875,
        "stdev": 1004993.0625
    },
    "spectral_strongpeak": {
        "max": 12.4863233566,
        "mean": 1.02125489712,
        "min": 0.0155590260401,
        "stdev": 1.27841067314
    },
    "zerocrossingrate": {
        "max": 0.30126953125,
        "mean": 0.0936728492379,
        "min": 0.0087890625,
        "stdev": 0.0375950783491
    },
    "barkbands": {
        "max": [0.00157567881979, 0.0713266283274, 0.0406354106963, 0.0307866744697, 0.0417836457491, 0.0252162665129, 0.0541340075433, 0.0399827584624, 0.0323488153517, 0.0381818599999, 0.0267284605652, 0.0187771189958, 0.0317384339869, 0.0276088826358, 0.0149373542517, 0.0128975883126, 0.0164192002267, 0.0140318097547, 0.0123865734786, 0.00848083198071, 0.00455843796954, 0.00482474034652, 0.0161963608116, 0.0104590673, 0.00242770765908, 1.9884948415e-05, 1.61783736985e-06],
        "mean": [5.09450437676e-05, 0.00275692623109, 0.0020656476263, 0.000928713940084, 0.00164589122869, 0.000889316725079, 0.00169257097878, 0.00058741227258, 0.000956632546149, 0.0011164577445, 0.000965017534327, 0.000814218248706, 0.000899944861885, 0.000965362763964, 0.00080097198952, 0.000635720032733, 0.000659106706735, 0.000672061520163, 0.000813968421426, 0.000512492435519, 0.000404778169468, 0.000351604743628, 0.00027210477856, 0.000182753734407, 0.000125379287056, 1.18581333197e-07, 1.34883793024e-09],
        "min": [2.97735192056e-09, 2.06057325158e-06, 7.90262902228e-07, 6.09347864611e-07, 6.3887982833e-06, 2.04836760531e-06, 1.64611321907e-06, 7.14057478035e-07, 2.13587964026e-06, 2.33562718677e-06, 1.45036881349e-06, 1.45445380895e-06, 1.15165482839e-06, 2.41321345129e-06, 1.47383570948e-06, 1.73779574197e-06, 1.48988681303e-06, 1.59832791269e-06, 1.89104559922e-06, 1.10377186502e-06, 1.69952363649e-06, 6.27197096037e-07, 5.89279068208e-07, 1.42532144309e-07, 3.77850355449e-08, 2.45564332757e-11, 2.98625082995e-11],
        "stdev": [0.0001206964007, 0.00612058956176, 0.00334145314991, 0.00146810954902, 0.00292836711742, 0.00201944122091, 0.00408431328833, 0.00161407748237, 0.00258797220886, 0.00230595562607, 0.00196322402917, 0.001521154074, 0.00155296665616, 0.00158583105076, 0.00110380735714, 0.000920353922993, 0.000920451770071, 0.000834482896607, 0.0010262709111, 0.000592776632402, 0.000397752824938, 0.000393905240344, 0.000462576485006, 0.000277868006378, 0.000185439901543, 6.21477568075e-07, 3.09399190712e-08]
    },
    "erbbands": {
        "max": [1.52476620674, 18.814956665, 48.1445770264, 61.4965362549, 125.292533875, 204.803207397, 331.519805908, 308.796630859, 744.327270508, 786.47479248, 1082.12011719, 942.352905273, 1261.01025391, 958.21270752, 1042.78759766, 876.140563965, 887.56628418, 930.867980957, 810.495239258, 670.134460449, 803.303100586, 1062.50549316, 891.127685547, 760.788269043, 630.52154541, 362.448577881, 206.203018188, 140.86277771, 181.686203003, 261.642883301, 493.213684082, 346.529846191, 40.1567649841, 31.0793933868, 14.9227342606, 1.1073628664, 0.0259099360555, 0.00162480014842, 0.0002695916628, 0.000176063054823],
        "mean": [0.0582642890513, 0.700496077538, 2.248265028, 2.96085000038, 4.61848115921, 5.67877054214, 4.37534856796, 8.99233150482, 20.7711658478, 21.538143158, 13.4307222366, 22.8720798492, 31.2279777527, 37.25340271, 35.7277946472, 37.1788635254, 41.4055900574, 50.7758865356, 49.4843826294, 34.9127197266, 35.6594848633, 34.8411140442, 38.0919113159, 36.1086654663, 40.928855896, 24.9248371124, 19.2836151123, 13.1464748383, 12.717716217, 11.1653671265, 7.30727481842, 4.33077478409, 2.667730093, 1.6687271595, 0.778607487679, 0.0468380972743, 0.00127768167295, 9.87179155345e-05, 2.79084142676e-05, 3.12947122438e-05],
        "min": [3.53483555955e-05, 0.000176653295057, 0.00223665148951, 0.00351064396091, 0.00869527924806, 0.025459934026, 0.0170998312533, 0.0199380591512, 0.0271404813975, 0.0438970513642, 0.0596815347672, 0.0412727855146, 0.0782567039132, 0.0886206924915, 0.0774209946394, 0.0991923734546, 0.073921173811, 0.116347067058, 0.195865675807, 0.0992520302534, 0.114609181881, 0.0871524140239, 0.10477104038, 0.150185540318, 0.0943935588002, 0.0508101917803, 0.0797537192702, 0.0377369597554, 0.0261194966733, 0.0181637853384, 0.016795579344, 0.00636168848723, 0.00197200430557, 0.000649442023132, 0.000101921090391, 5.03328556078e-06, 5.16908130521e-07, 1.37292772706e-07, 2.38125238639e-07, 4.39121009776e-07],
        "stdev": [0.13405855, 1.56144833565, 4.02823209763, 3.70723843575, 8.22633743286, 11.6389827728, 10.5555009842, 21.6822414398, 48.6989059448, 55.9283828735, 37.5866546631, 64.9304122925, 64.1592254639, 69.4652786255, 69.0230026245, 68.8206634521, 67.908454895, 75.9647521973, 64.2685699463, 46.7339324951, 49.0463027954, 44.460144043, 47.2258987427, 46.0982437134, 51.5743942261, 27.6759910583, 19.1277332306, 13.0536766052, 14.3099851608, 14.5254325867, 13.7549915314, 7.91614866257, 3.49108672142, 2.41468667984, 1.23364675045, 0.080903686583, 0.00205962732434, 0.000141478943988, 2.41197612922e-05, 1.92543429876e-05]
    },
    "gfcc": {
        "mean": [13.706662178, 80.8332366943, -154.334197998, 60.8784713745, -70.1767120361, 29.9821014404, -40.6932373047, 9.49046516418, -22.2425422668, -3.72449183464, -6.14473009109, -12.6871051788, -1.25823903084],
        "cov": [[1927.57629395, -360.679534912, -16.7469615936, 22.5832595825, -21.0715904236, 109.024856567, -76.3360366821, 133.696365356, -10.0421772003, 116.667518616, -29.635433197, 35.2058753967, -25.363325119], [-360.679534912, 808.429443359, -54.7993621826, -115.065002441, 163.529571533, -108.662887573, 150.76348877, -44.4922637939, 90.1414642334, -89.1598739624, 47.5063858032, -104.445167542, -14.827673912], [-16.7469615936, -54.7993621826, 523.05657959, 273.377746582, -11.320649147, 49.9990615845, -114.783302307, 10.8779802322, 14.0280122757, 34.3035163879, -50.4128608704, 10.4675207138, -25.836643219], [22.5832595825, -115.065002441, 273.377746582, 373.126434326, 106.809265137, 28.1505699158, -59.3422431946, -2.42923855782, 23.999956131, 17.5209407806, -38.8762397766, 3.91652870178, -4.21554422379], [-21.0715904236, 163.529571533, -11.320649147, 106.809265137, 246.02835083, 85.1489181519, 87.7829284668, 16.0845584869, 9.84077644348, -31.6530475616, -7.07683229446, -27.4221477509, -0.907400846481], [109.024856567, -108.662887573, 49.9990615845, 28.1505699158, 85.1489181519, 230.324462891, 101.621376038, 42.9833564758, -50.5662841797, -0.954513192177, -23.1912899017, 16.8023052216, 0.0628438815475], [-76.3360366821, 150.76348877, -114.783302307, -59.3422431946, 87.7829284668, 101.621376038, 236.689468384, 61.3301544189, -25.1045532227, -40.942276001, 15.0260505676, -29.6245365143, -2.18021988869], [133.696365356, -44.4922637939, 10.8779802322, -2.42923855782, 16.0845584869, 42.9833564758, 61.3301544189, 125.861404419, 32.2461547852, 19.2023544312, -9.45539093018, 4.05319070816, -6.98011779785], [-10.0421772003, 90.1414642334, 14.0280122757, 23.999956131, 9.84077644348, -50.5662841797, -25.1045532227, 32.2461547852, 142.229827881, 45.8019447327, 6.43410921097, -7.26846122742, -3.28747463226], [116.667518616, -89.1598739624, 34.3035163879, 17.5209407806, -31.6530475616, -0.954513192177, -40.942276001, 19.2023544312, 45.8019447327, 102.751708984, 20.1913566589, 17.1296882629, -2.29914069176], [-29.635433197, 47.5063858032, -50.4128608704, -38.8762397766, -7.07683229446, -23.1912899017, 15.0260505676, -9.45539093018, 6.43410921097, 20.1913566589, 79.1924972534, 17.2055797577, -1.60539186001], [35.2058753967, -104.445167542, 10.4675207138, 3.91652870178, -27.4221477509, 16.8023052216, -29.6245365143, 4.05319070816, -7.26846122742, 17.1296882629, 17.2055797577, 75.9061355591, 27.0994415283], [-25.363325119, -14.827673912, -25.836643219, -4.21554422379, -0.907400846481, 0.0628438815475, -2.18021988869, -6.98011779785, -3.28747463226, -2.29914069176, -1.60539186001, 27.0994415283, 56.810295105]],
        "icov": [[0.000712648325134, -0.000377138698241, 0.000713030807674, -0.000540769309737, 0.000411805522162, -0.000822663190775, 0.00113745918497, -0.00130822660867, 0.000753557367716, -0.000840894354042, 0.000272787496215, -2.66168444796e-05, 0.000424265250331], [-0.000377138698241, 0.00804963242263, -0.00655638519675, 0.0077491402626, -0.00828525237739, 0.00780087243766, -0.00790211278945, 0.00679785897955, -0.00648492062464, 0.00422008987516, -0.00280169653706, 0.00335191143677, -0.00196570460685], [0.000713030807674, -0.00655638519675, 0.00984744355083, -0.00965182110667, 0.00865333713591, -0.00863748788834, 0.00871708150953, -0.00695798126981, 0.00520995026454, -0.0031903362833, 0.00233787368052, -0.00181930174585, 0.00310307112522], [-0.000540769309737, 0.0077491402626, -0.00965182110667, 0.013805758208, -0.0117832319811, 0.0091950641945, -0.00781480874866, 0.0075188903138, -0.00614245655015, 0.00272917002439, -0.000769936654251, 0.0015279026702, -0.00215402618051], [0.000411805522162, -0.00828525237739, 0.00865333713591, -0.0117832319811, 0.0165903195739, -0.0116295190528, 0.0074861436151, -0.00695752957836, 0.0044431919232, -0.00132215523627, 0.000701988232322, -0.000137133931275, 0.00108160753734], [-0.000822663190775, 0.00780087243766, -0.00863748788834, 0.0091950641945, -0.0116295190528, 0.017539139837, -0.0128844594583, 0.00723353307694, -0.00292848586105, 0.000399986165576, 0.00208066520281, -0.00238578137942, -0.000344429834513], [0.00113745918497, -0.00790211278945, 0.00871708150953, -0.00781480874866, 0.0074861436151, -0.0128844594583, 0.0191028676927, -0.0127712525427, 0.00721961446106, -0.000767178542446, -0.00238838698715, 0.00287286844105, 7.64915675973e-05], [-0.00130822660867, 0.00679785897955, -0.00695798126981, 0.0075188903138, -0.00695752957836, 0.00723353307694, -0.0127712525427, 0.0194439031184, -0.00927434395999, 0.0017076296499, 0.00158533919603, -0.00146664620843, 0.00064032105729], [0.000753557367716, -0.00648492062464, 0.00520995026454, -0.00614245655015, 0.0044431919232, -0.00292848586105, 0.00721961446106, -0.00927434395999, 0.0163912903517, -0.0087851760909, 0.00282299076207, -0.00163122138474, 0.00122011639178], [-0.000840894354042, 0.00422008987516, -0.0031903362833, 0.00272917002439, -0.00132215523627, 0.000399986165576, -0.000767178542446, 0.0017076296499, -0.0087851760909, 0.0188858807087, -0.00794115662575, 0.00283774244599, -0.00168568175286], [0.000272787496215, -0.00280169653706, 0.00233787368052, -0.000769936654251, 0.000701988232322, 0.00208066520281, -0.00238838698715, 0.00158533919603, 0.00282299076207, -0.00794115662575, 0.0209792517126, -0.0102661484852, 0.00584062468261], [-2.66168444796e-05, 0.00335191143677, -0.00181930174585, 0.0015279026702, -0.000137133931275, -0.00238578137942, 0.00287286844105, -0.00146664620843, -0.00163122138474, 0.00283774244599, -0.0102661484852, 0.0256082564592, -0.0124057624489], [0.000424265250331, -0.00196570460685, 0.00310307112522, -0.00215402618051, 0.00108160753734, -0.000344429834513, 7.64915675973e-05, 0.00064032105729, 0.00122011639178, -0.00168568175286, 0.00584062468261, -0.0124057624489, 0.0247146598995]]
    },
    "melbands": {
        "max": [0.0156789664179, 0.0216614417732, 0.0111464140937, 0.00891540013254, 0.011222999543, 0.00617274502292, 0.0115267112851, 0.00722797075287, 0.00786965060979, 0.00626002205536, 0.00654082372785, 0.00439770054072, 0.00373036367819, 0.00227910769172, 0.00224382523447, 0.00377884297632, 0.0022530592978, 0.00149114872329, 0.0014895836357, 0.00131524866447, 0.00131242780481, 0.000986322178505, 0.00100944726728, 0.000656716350932, 0.000735978537705, 0.000504468276631, 0.000389602239011, 0.000298351573292, 0.00018234543677, 0.000159486182383, 8.06552052381e-05, 0.0001085627664, 0.000111901943455, 0.00018096002168, 0.000291545526125, 0.000232283200603, 0.000168334852788, 3.50190384779e-05, 2.98007416859e-05, 2.54169135587e-05],
        "mean": [0.000655810523313, 0.00109137187246, 0.000561181164812, 0.000389444467146, 0.000168473488884, 0.000194247506442, 0.000335897260811, 0.000209827034269, 0.000108228443423, 0.000147484213812, 0.000157192174811, 0.000150897554704, 0.000124478639918, 9.37692384468e-05, 9.06611676328e-05, 9.23094630707e-05, 9.49196328293e-05, 8.1152349594e-05, 5.11857688252e-05, 4.8615536798e-05, 4.00314602302e-05, 3.66082385881e-05, 3.611009015e-05, 3.09148490487e-05, 2.82209130091e-05, 3.28040150634e-05, 2.22669532377e-05, 1.51505582835e-05, 1.21878156278e-05, 1.03576176116e-05, 6.70232384437e-06, 7.18243563824e-06, 6.67771155349e-06, 6.04329534326e-06, 4.64029790237e-06, 2.76085324913e-06, 2.61936088464e-06, 1.94411973098e-06, 1.53545011017e-06, 1.37047084081e-06],
        "min": [4.85529426442e-07, 1.53774396949e-06, 8.41281405428e-07, 1.20539118598e-06, 7.23285666027e-07, 4.76973923469e-07, 4.53451150406e-07, 5.09941287419e-07, 3.33978732669e-07, 2.48043818374e-07, 3.27803377331e-07, 2.39084329223e-07, 2.08166767379e-07, 1.2207468103e-07, 2.39937946844e-07, 1.83533302334e-07, 2.1004274231e-07, 2.51618132552e-07, 1.08127572673e-07, 1.06964776592e-07, 1.01923667728e-07, 6.50970406468e-08, 1.02432871074e-07, 7.87384166756e-08, 1.09507134027e-07, 8.25039307983e-08, 3.40671526544e-08, 3.0793096073e-08, 4.25176018837e-08, 3.83441083329e-08, 1.7981561129e-08, 1.15305125448e-08, 9.16532005846e-09, 8.27557400385e-09, 7.54000506475e-09, 7.49762474328e-09, 2.09987272015e-09, 1.16697607133e-09, 6.10317130167e-10, 2.82093376436e-10],
        "stdev": [0.00146762118675, 0.00197822088376, 0.000714131747372, 0.000691266846843, 0.000382403377444, 0.000453987333458, 0.00078618072439, 0.000532836304046, 0.00032345688669, 0.000427390768891, 0.00033347599674, 0.000289736286504, 0.000254241283983, 0.000166383804753, 0.000165165853105, 0.000159649091074, 0.000153963541379, 0.000115027505672, 7.92547725723e-05, 7.07347790012e-05, 6.23180894763e-05, 5.13501909154e-05, 4.99327434227e-05, 4.07688094128e-05, 3.99666023441e-05, 4.41019365098e-05, 2.90597454295e-05, 1.78994614544e-05, 1.27950743263e-05, 1.14517179099e-05, 7.03270598024e-06, 8.26043196867e-06, 8.2048254626e-06, 8.48547915666e-06, 8.9773820946e-06, 6.19577167527e-06, 4.34405774286e-06, 2.59929447566e-06, 2.16365287997e-06, 2.05046649171e-06]
    },
    "melbands128": {
        "max": [0.00126919371542, 0.012608059682, 0.0230597779155, 0.0351443439722, 0.0282372683287, 0.0165195576847, 0.0140777602792, 0.020901998505, 0.0159152522683, 0.0151655822992, 0.0142916524783, 0.0168171152472, 0.0152137055993, 0.00792676955462, 0.0100366286933, 0.012777717784, 0.00905884616077, 0.0190453417599, 0.0216314513236, 0.0147075746208, 0.00927608087659, 0.0140021853149, 0.0111421011388, 0.00851912703365, 0.00979101751, 0.010124576278, 0.0061836768873, 0.0111923776567, 0.00814128294587, 0.0100812381133, 0.00643037538975, 0.00594483548775, 0.00526797166094, 0.00564257660881, 0.00275804498233, 0.00483310455456, 0.00366102112457, 0.00408996036276, 0.0032200012356, 0.00324543542229, 0.00843806192279, 0.00305942352861, 0.00305516878143, 0.00605042744428, 0.00309071270749, 0.00279127596878, 0.00177863612771, 0.00373188685626, 0.00240052980371, 0.00234275893308, 0.00222833501175, 0.00157808337826, 0.00146941887215, 0.00335956108756, 0.00219709658995, 0.00163792062085, 0.00330565753393, 0.00178164441604, 0.00137198285665, 0.00179000699427, 0.000985231949016, 0.00132784282323, 0.00135606422555, 0.00170461391099, 0.00162793940399, 0.000858475803398, 0.00118077686056, 0.000612967123743, 0.000646289554425, 0.000830940436572, 0.000482671777718, 0.000852684956044, 0.000270054209977, 0.000225990836043, 0.000149140629219, 0.000265157112153, 0.000154707027832, 0.000135604481329, 0.000112064139103, 8.46075708978e-05, 0.000152855645865, 0.000163251490449, 0.000236200648942, 0.000117310490168, 0.000165021236171, 0.000171018997207, 0.000164472468896, 0.000298334925901, 0.000285758957034, 0.000313054595608, 0.000441368174506, 0.000315174867865, 0.000516388332471, 9.77644594968e-05, 0.000102427635284, 3.07512527797e-05, 3.52216593456e-05, 2.6068144507e-05, 4.22022349085e-05, 3.09683782689e-05, 4.88470977871e-05, 2.35930274357e-05, 2.47243006015e-05, 1.82541498361e-05, 2.73728364846e-05, 2.42139340116e-05, 6.6309239628e-06, 7.37064056011e-07, 1.29250175007e-08, 1.18239880109e-08, 1.09864695119e-08, 1.03047828048e-08, 9.71998215249e-09, 9.21736553749e-09, 8.77082495521e-09, 8.37927149888e-09, 8.02781663367e-09, 7.71837171953e-09, 7.44443484635e-09, 7.20113568775e-09, 6.9785488499e-09, 6.79102729606e-09, 6.62466037582e-09, 6.49271481024e-09, 6.37772146206e-09, 6.28828367155e-09, 6.21932993994e-09, 6.17488860044e-09],
        "mean": [4.72445026389e-05, 0.000351890514139, 0.000916814082302, 0.00122790236492, 0.00120468984824, 0.000977157033049, 0.00059634516947, 0.000450314983027, 0.000464639510028, 0.000452335603768, 0.000309236085741, 0.000178432004759, 0.00013314349053, 0.000136822302011, 0.000210107144085, 0.00021080049919, 0.000237235537497, 0.000424567173468, 0.000377083953936, 0.000241343237576, 0.00012480856094, 9.11861352506e-05, 0.000113953748951, 0.000110161941848, 0.00014508824097, 0.000179913782631, 0.000115040391393, 0.000167183054145, 0.000178631700692, 0.000146181773744, 0.000150481850142, 0.000139668103657, 0.000128456827952, 0.000119971366075, 6.52593298582e-05, 0.000101646524854, 0.000113290392619, 7.84235526226e-05, 8.84859255166e-05, 9.12275500013e-05, 9.66918669292e-05, 8.67383860168e-05, 9.87569583231e-05, 0.000101654681202, 7.46288715163e-05, 8.37108091218e-05, 8.39423009893e-05, 4.72695974167e-05, 3.85654784623e-05, 4.36576337961e-05, 5.54340331291e-05, 4.83026997244e-05, 3.58388970199e-05, 3.83008882636e-05, 4.59488292108e-05, 3.39529688063e-05, 2.96551006613e-05, 3.79684352083e-05, 3.60043777619e-05, 3.94619601138e-05, 2.85959959001e-05, 2.54491933447e-05, 3.25309410982e-05, 2.65842245426e-05, 2.64572117885e-05, 3.31909395754e-05, 4.08116720791e-05, 2.22248363571e-05, 1.91808067029e-05, 1.94671520148e-05, 1.40064821608e-05, 1.47693917825e-05, 1.21170078273e-05, 1.18389089039e-05, 1.10111031972e-05, 1.33509975058e-05, 8.43738689582e-06, 6.54512814435e-06, 6.81884512233e-06, 6.23482037554e-06, 6.84214955982e-06, 8.03687635198e-06, 7.10532867743e-06, 6.28407860859e-06, 6.68736947773e-06, 6.04920751357e-06, 6.21832305114e-06, 5.17181388204e-06, 5.17792841492e-06, 3.52445363205e-06, 3.12377073897e-06, 2.27266741604e-06, 2.67901987172e-06, 2.73660202765e-06, 2.6258435355e-06, 2.11836663766e-06, 1.81128041277e-06, 1.56905434778e-06, 1.70483906459e-06, 1.33307617034e-06, 1.49490290369e-06, 1.34540050567e-06, 1.31923559366e-06, 1.10823225441e-06, 1.02876015262e-06, 8.05888248578e-07, 1.89158015473e-07, 6.91772106265e-09, 1.23215933984e-11, 9.84216180777e-12, 9.1208741948e-12, 8.52481193275e-12, 8.03056579568e-12, 7.61355475193e-12, 7.2611860101e-12, 6.95001564979e-12, 6.65763321209e-12, 6.40252434403e-12, 6.18686742462e-12, 5.99518004685e-12, 5.82175019997e-12, 5.67453115746e-12, 5.53710419529e-12, 5.42585507773e-12, 5.33915533313e-12, 5.2716884677e-12, 5.21924734334e-12, 5.18015448245e-12],
        "min": [7.12439329753e-10, 6.28836644978e-08, 2.11345522416e-07, 1.32658712459e-07, 1.4599527276e-07, 4.38332108388e-07, 2.60727745172e-07, 2.40281622155e-07, 3.35450977218e-07, 2.56089066397e-07, 2.26641844847e-07, 1.28916298081e-07, 4.58170106299e-08, 7.64436833833e-08, 6.94017003866e-08, 8.34204954003e-08, 3.40767542184e-07, 6.776596706e-08, 1.19919008057e-07, 1.85512178064e-07, 8.4575610515e-08, 7.43234238598e-08, 4.61619400483e-08, 6.30859631201e-08, 8.96531560102e-08, 1.29772175228e-07, 9.08817412437e-08, 7.55772333605e-08, 1.00240121981e-07, 6.31807637319e-08, 7.39004164529e-08, 4.64706744197e-08, 1.79193676786e-07, 1.21744747617e-07, 9.16781388582e-08, 7.88133149854e-08, 5.26778869414e-08, 1.00483518395e-07, 5.9806083641e-08, 7.22975670442e-08, 1.00548874116e-07, 1.88143403079e-07, 1.49977921637e-07, 1.03123412032e-07, 1.09324325592e-07, 1.05402577333e-07, 4.72784087435e-08, 1.09399373116e-07, 3.51579423352e-08, 7.82466287319e-08, 4.1155804098e-08, 5.22017060689e-08, 9.16706781595e-08, 3.0424462949e-08, 6.87082746254e-08, 4.26861213043e-08, 3.41963541928e-08, 9.48540019863e-08, 6.0150632919e-08, 6.83354528519e-08, 2.60482515557e-08, 6.62635244453e-08, 5.44950857773e-08, 5.1478657781e-08, 5.46769953758e-08, 7.68047740962e-08, 2.22460041499e-08, 1.38312721276e-08, 1.9579722732e-08, 2.62433008658e-08, 1.31915705026e-08, 1.69310840903e-08, 1.88786728472e-08, 1.46870959838e-08, 2.0851688376e-08, 2.13863931009e-08, 1.28673303124e-08, 1.19684715472e-08, 1.49212002754e-08, 1.53175623296e-08, 8.50409076492e-09, 7.21557436023e-09, 7.7463884196e-09, 5.66682967218e-09, 4.54618032109e-09, 3.99113631033e-09, 3.6735443576e-09, 6.10391337474e-09, 3.58625995567e-09, 5.48792122856e-09, 4.77489514594e-09, 3.7028500266e-09, 2.52456744398e-09, 1.83024084777e-09, 1.39639388941e-09, 1.07761066737e-09, 4.86008677747e-10, 2.76631162421e-10, 5.32544841558e-10, 5.59810753309e-10, 3.74890868349e-10, 1.92716731462e-10, 1.78069503587e-10, 1.36582772869e-10, 1.11334053088e-10, 6.49838238775e-11, 4.25065061274e-12, 1.71546086255e-13, 8.0994435605e-14, 9.5444350123e-14, 6.06885079842e-14, 6.82194575895e-14, 9.75461776783e-14, 9.03886069725e-14, 8.27328656972e-14, 9.44873180891e-14, 8.78992516794e-14, 8.60477867345e-14, 8.74220062118e-14, 6.94012244049e-14, 9.04276518032e-14, 9.54142499602e-14, 8.4049791866e-14, 8.37557968944e-14, 7.99444738924e-14, 8.34333890496e-14, 9.55245743075e-14, 8.34686595015e-14],
        "stdev": [0.000114206130092, 0.000864920089953, 0.00224476540461, 0.0028377478011, 0.00247745867819, 0.00146462291013, 0.000783321040217, 0.000838937645312, 0.000964844715782, 0.00101285765413, 0.00075675942935, 0.000604276778176, 0.000438359653344, 0.000366399850463, 0.000616913021076, 0.000638701894786, 0.000606126675848, 0.00123696611263, 0.00110782997217, 0.000844485242851, 0.000404345162679, 0.000398676871555, 0.0004463144287, 0.000456900947029, 0.000531142519321, 0.000670635723509, 0.000315090233926, 0.000472083018394, 0.00050373445265, 0.000375880277716, 0.000400987075409, 0.00036900411942, 0.000357062963303, 0.000314033561153, 0.000157404938363, 0.000246352923568, 0.00028407771606, 0.000208890982321, 0.000214809100726, 0.000219834560994, 0.00023918406805, 0.0001930565777, 0.000203403673368, 0.000235983781749, 0.000177786292625, 0.000147540689795, 0.000146720733028, 0.000128488682094, 8.69212308316e-05, 9.00945669855e-05, 0.000106925930595, 8.43690213514e-05, 8.30981152831e-05, 9.63849233813e-05, 9.9895412859e-05, 6.23345113127e-05, 6.88447835273e-05, 7.81610360718e-05, 6.39579011477e-05, 7.06715218257e-05, 5.17202315677e-05, 4.77623470942e-05, 5.12212245667e-05, 5.36058178113e-05, 5.78639264859e-05, 5.29085191374e-05, 6.84770639054e-05, 3.80143428629e-05, 3.37620840583e-05, 3.15001052513e-05, 1.9878931198e-05, 2.51450765063e-05, 1.56214755407e-05, 1.46894753925e-05, 1.39246039907e-05, 1.73233456735e-05, 1.10849587145e-05, 8.83768370841e-06, 7.91421916801e-06, 7.65186996432e-06, 9.15181317396e-06, 1.03732145362e-05, 1.04172522697e-05, 8.88335398486e-06, 9.42485712585e-06, 8.81136566022e-06, 1.0272057807e-05, 9.09415211936e-06, 1.13527712529e-05, 8.34039565234e-06, 7.95692449174e-06, 6.05079503657e-06, 8.28344218462e-06, 4.4324638111e-06, 3.99652071792e-06, 3.13708005706e-06, 2.61079071606e-06, 2.24957079809e-06, 2.72540887636e-06, 1.96656833396e-06, 2.5210952117e-06, 2.14642454921e-06, 2.07146331377e-06, 1.79541143552e-06, 1.87904072391e-06, 1.48812353018e-06, 4.14305759477e-07, 2.81244822986e-08, 2.51622639391e-10, 2.29001345664e-10, 2.1242707593e-10, 1.98855806821e-10, 1.87248549999e-10, 1.77307640792e-10, 1.6850844331e-10, 1.60819635386e-10, 1.53930729274e-10, 1.47871534462e-10, 1.42514208767e-10, 1.37771419273e-10, 1.33455316242e-10, 1.29814645144e-10, 1.26576235604e-10, 1.24017879299e-10, 1.21796739361e-10, 1.2007540795e-10, 1.18738407995e-10, 1.17877846373e-10]
    },
    "mfcc": {
        "mean": [-604.513305664, 83.7696304321, -13.8964776993, 23.3912410736, 3.21479249001, 10.7857646942, 3.37216567993, 4.70294237137, -1.88860249519, 2.37658381462, 0.92105358839, -2.74785733223, -0.772473692894],
        "cov": [[1969.79174805, -353.433746338, -108.26499176, -103.08065033, 27.3149471283, -37.0345001221, 10.7316350937, -21.5235443115, 38.481754303, 38.0205917358, 37.334197998, 13.3246765137, 53.4230232239], [-353.433746338, 810.167785645, -195.137191772, -33.1946411133, -54.6758384705, -27.1150836945, 46.5807037354, 45.4468421936, 10.3769712448, 18.6156673431, 59.6340026855, 9.66705608368, -34.7471351624], [-108.26499176, -195.137191772, 526.37322998, 150.507415771, 110.004844666, 29.5441818237, -88.550819397, -36.3849639893, -4.14619779587, 7.65062570572, -22.1685314178, 14.4858455658, 9.83198356628], [-103.08065033, -33.1946411133, 150.507415771, 312.278808594, 143.165771484, 26.746055603, -53.852191925, -14.865978241, 17.8048000336, 21.6810379028, -7.79770421982, 3.84069347382, 21.4929199219], [27.3149471283, -54.6758384705, 110.004844666, 143.165771484, 214.864303589, 71.7677993774, -31.5796985626, 3.91508960724, 25.3246536255, 13.3511304855, -10.3690004349, 7.03536748886, 17.1332836151], [-37.0345001221, -27.1150836945, 29.5441818237, 26.746055603, 71.7677993774, 167.572738647, 87.3047409058, 37.2826957703, 25.6899299622, 4.66895914078, -7.4845995903, -9.3451385498, 5.67748785019], [10.7316350937, 46.5807037354, -88.550819397, -53.852191925, -31.5796985626, 87.3047409058, 251.930984497, 105.942687988, 22.1566677094, 11.3948068619, 2.46559262276, -12.0145072937, -17.9727725983], [-21.5235443115, 45.4468421936, -36.3849639893, -14.865978241, 3.91508960724, 37.2826957703, 105.942687988, 135.111404419, 53.8135490417, 11.8563346863, 12.0210361481, -2.68390059471, -4.43463850021], [38.481754303, 10.3769712448, -4.14619779587, 17.8048000336, 25.3246536255, 25.6899299622, 22.1566677094, 53.8135490417, 114.461174011, 41.2428245544, 15.1162719727, 1.13864314556, 14.5359764099], [38.0205917358, 18.6156673431, 7.65062570572, 21.6810379028, 13.3511304855, 4.66895914078, 11.3948068619, 11.8563346863, 41.2428245544, 88.7166671753, 35.2986373901, 5.79841184616, 2.99972057343], [37.334197998, 59.6340026855, -22.1685314178, -7.79770421982, -10.3690004349, -7.4845995903, 2.46559262276, 12.0210361481, 15.1162719727, 35.2986373901, 84.1759490967, 26.8344535828, 6.2049741745], [13.3246765137, 9.66705608368, 14.4858455658, 3.84069347382, 7.03536748886, -9.3451385498, -12.0145072937, -2.68390059471, 1.13864314556, 5.79841184616, 26.8344535828, 64.5827484131, 29.8366718292], [53.4230232239, -34.7471351624, 9.83198356628, 21.4929199219, 17.1332836151, 5.67748785019, -17.9727725983, -4.43463850021, 14.5359764099, 2.99972057343, 6.2049741745, 29.8366718292, 78.1842269897]],
        "icov": [[0.000640694983304, 0.000340839178534, 0.000194806416403, 0.000333104893798, -0.000470465281978, 0.000428015278885, -0.00028333652881, 0.000330889219185, -0.000238252992858, -0.000115757844469, -0.000446929188911, 0.00019782767049, -0.000368011154933], [0.000340839178534, 0.00166272593196, 0.000632031355053, -9.22068938962e-05, -7.41674957681e-05, 0.00030826695729, -9.97469905997e-05, -0.000202263559913, -9.08653091756e-05, -3.60209196515e-05, -0.00104755640496, -0.00027507339837, 0.000617784913629], [0.000194806416403, 0.000632031355053, 0.00269057787955, -0.000798372318968, -0.000412120280089, -0.000511004996952, 0.000827339885291, -0.000136773989652, 0.000257617037278, -0.000502974144183, 0.000440810923465, -0.00102137459908, 0.000664945866447], [0.000333104893798, -9.22068938962e-05, -0.000798372318968, 0.0053113559261, -0.00335581204854, 0.000850306940265, -4.26788101322e-05, 0.00046566646779, -0.000143529061461, -0.000895262230188, -2.19112534978e-05, 0.000976922921836, -0.00124808005057], [-0.000470465281978, -7.41674957681e-05, -0.000412120280089, -0.00335581204854, 0.00912797544152, -0.00436886679381, 0.00247970805503, -0.00156599062029, -0.000150542706251, -0.000621620449238, 0.00150945421774, -0.00169437006116, 0.000639650272205], [0.000428015278885, 0.00030826695729, -0.000511004996952, 0.000850306940265, -0.00436886679381, 0.0104456776753, -0.00480224424973, 0.00153412797954, -0.0015902997693, 0.00111981132068, -0.000898905040231, 0.00214490224607, -0.00163749139756], [-0.00028333652881, -9.97469905997e-05, 0.000827339885291, -4.26788101322e-05, 0.00247970805503, -0.00480224424973, 0.00884606130421, -0.006313463673, 0.00227310415357, -0.00198411429301, 0.00151524215471, -0.000822720234282, 0.0013849127572], [0.000330889219185, -0.000202263559913, -0.000136773989652, 0.00046566646779, -0.00156599062029, 0.00153412797954, -0.006313463673, 0.0146985733882, -0.0065830773674, 0.00263282982633, -0.00202910182998, 0.000362933176802, 0.000332797790179], [-0.000238252992858, -9.08653091756e-05, 0.000257617037278, -0.000143529061461, -0.000150542706251, -0.0015902997693, 0.00227310415357, -0.0065830773674, 0.0143059771508, -0.00611795019358, 0.000777893932536, 0.00106166058686, -0.00246483180672], [-0.000115757844469, -3.60209196515e-05, -0.000502974144183, -0.000895262230188, -0.000621620449238, 0.00111981132068, -0.00198411429301, 0.00263282982633, -0.00611795019358, 0.017028355971, -0.00694786570966, 0.00133200315759, 0.000647786597256], [-0.000446929188911, -0.00104755640496, 0.000440810923465, -2.19112534978e-05, 0.00150945421774, -0.000898905040231, 0.00151524215471, -0.00202910182998, 0.000777893932536, -0.00694786570966, 0.018378758803, -0.00757880322635, 0.00131370173767], [0.00019782767049, -0.00027507339837, -0.00102137459908, 0.000976922921836, -0.00169437006116, 0.00214490224607, -0.000822720234282, 0.000362933176802, 0.00106166058686, 0.00133200315759, -0.00757880322635, 0.0230934154242, -0.00881045032293], [-0.000368011154933, 0.000617784913629, 0.000664945866447, -0.00124808005057, 0.000639650272205, -0.00163749139756, 0.0013849127572, 0.000332797790179, -0.00246483180672, 0.000647786597256, 0.00131370173767, -0.00881045032293, 0.0175831671804]]
    },
    "spectral_contrast_coeffs": {
        "max": [-0.370502650738, -0.417742937803, -0.528470098972, -0.609694540501, -0.583374559879, -0.607096552849],
        "mean": [-0.721280515194, -0.758825004101, -0.77687484026, -0.784698486328, -0.782140672207, -0.751088917255],
        "min": [-0.938404321671, -0.936896502972, -0.926074028015, -0.904092431068, -0.883949637413, -0.869809508324],
        "stdev": [0.0688640773296, 0.0826293230057, 0.0620823651552, 0.0432657003403, 0.0360049195588, 0.0294417478144]
    },
    "spectral_contrast_valleys": {
        "max": [-5.26904392242, -4.87872362137, -5.37523555756, -5.57588481903, -5.54650259018, -7.77194690704],
        "mean": [-6.92747116089, -6.88495492935, -7.06309556961, -7.06803607941, -6.85436248779, -9.49520015717],
        "min": [-9.29539108276, -8.85121059418, -9.38705444336, -9.14771270752, -9.12694454193, -12.8126888275],
        "stdev": [0.626714408398, 0.539359211922, 0.596336841583, 0.520072877407, 0.503482997417, 0.703062415123]
    }
},
"rhythm": {
    "beats_count": 255,
    "beats_loudness": {
        "max": 0.0818073302507,
        "mean": 0.031549192965,
        "min": 0.00196950486861,
        "stdev": 0.0139696039259
    },
    "bpm": 118.019851685,
    "bpm_histogram_first_peak_bpm": 117,
    "bpm_histogram_first_peak_weight": 0.246031761169,
    "bpm_histogram_second_peak_bpm": 123,
    "bpm_histogram_second_peak_spread": 0,
    "bpm_histogram_second_peak_weight": 0.0078740157187,
    "danceability": 1.6283659935,
    "onset_rate": 3.77600073814,
    "beats_loudness_band_ratio": {
        "max": [0.884403169155, 0.888240158558, 0.658521950245, 0.778141796589, 0.72778403759, 0.550389230251],
        "mean": [0.26232406497, 0.0977170914412, 0.123770408332, 0.208465054631, 0.193573892117, 0.147175356746],
        "min": [0.00760873313993, 0.00394636159763, 0.00336781470105, 0.00221263617277, 0.0020731377881, 0.00284700724296],
        "stdev": [0.190637990832, 0.110706053674, 0.12785808742, 0.17996892333, 0.109793066978, 0.0950299277902]
    },
