{
"metadata": {
    "version": {
        "essentia": "2.1-beta5",
        "essentia_git_sha": "Undefined",
        "extractor": "music 2.0"
    },
    "audio_properties": {
        "analysis": {
            "equal_loudness": 0,
            "length": 28.6185932159,
            "sample_rate": 44100,
            "start_time": 175.240997314,
            "downmix": "mix"
        },
        "bit_rate": 192000,
        "length": 203.8828125,
        "lossless": 0,
        "number_channels": 2,
        "replay_gain": -6.38223266602,
        "sample_rate": 48000,
        "codec": "mp3",
        "md5_encoded": "44bd2da27c224bd2fb61c6ed7e4ce3a2"
    },
    "tags": {
        "file_name": "Sweden_When Spirits Are Calling My Name_Roger Pontare.mp3",
        "encoding": ["Lavf58.29.100"]
    }
},
"lowlevel": {
    "average_loudness": 0.92495983839,
    "barkbands_crest": {
        "max": 19.6206321716,
        "mean": 8.45104598999,
        "min": 2.92014098167,
        "stdev": 2.63269400597
    },
    "barkbands_flatness_db": {
        "max": 0.261627078056,
        "mean": 0.170482769608,
        "min": 0.0647761896253,
        "stdev": 0.0419056154788
    },
    "barkbands_kurtosis": {
        "max": 9.52609825134,
        "mean": 0.712317764759,
        "min": -1.62770879269,
        "stdev": 1.46536052227
    },
    "barkbands_skewness": {
        "max": 3.11869287491,
        "mean": 0.81191855669,
        "min": -1.11185133457,
        "stdev": 0.629485666752
    },
    "barkbands_spread": {
        "max": 72.8723220825,
        "mean": 16.4165267944,
        "min": 4.14883327484,
        "stdev": 11.709646225
    },
    "dissonance": {
        "max": 0.500000119209,
        "mean": 0.486853539944,
        "min": 0.368175417185,
        "stdev": 0.0133089525625
    },
    "dynamic_complexity": 1.18526268005,
    "erbbands_crest": {
        "max": 23.8088264465,
        "mean": 8.98776245117,
        "min": 2.63743805885,
        "stdev": 3.34701347351
    },
    "erbbands_flatness_db": {
        "max": 0.355906039476,
        "mean": 0.252334207296,
        "min": 0.091784670949,
        "stdev": 0.0610552355647
    },
    "erbbands_kurtosis": {
        "max": 4.27291345596,
        "mean": 0.0259546805173,
        "min": -1.60442507267,
        "stdev": 1.00867640972
    },
    "erbbands_skewness": {
        "max": 1.95257627964,
        "mean": 0.57916611433,
        "min": -1.3088876009,
        "stdev": 0.567456185818
    },
    "erbbands_spread": {
        "max": 80.6239013672,
        "mean": 20.5602912903,
        "min": 8.0812587738,
        "stdev": 10.0148849487
    },
    "hfc": {
        "max": 90.2282333374,
        "mean": 29.8655834198,
        "min": 0.83851069212,
        "stdev": 13.9676113129
    },
    "loudness_ebu128": {
        "integrated": -15.977514267,
        "loudness_range": 1.86545276642,
        "momentary": {
            "max": -13.3134536743,
            "mean": -16.0993652344,
            "min": -19.3986911774,
            "stdev": 1.02445650101
        },
        "short_term": {
            "max": -14.4447498322,
            "mean": -15.98686409,
            "min": -17.0094127655,
            "stdev": 0.634276032448
        }
    },
    "melbands_crest": {
        "max": 26.5590438843,
        "mean": 11.1317920685,
        "min": 4.30609178543,
        "stdev": 3.43884634972
    },
    "melbands_flatness_db": {
        "max": 0.255865335464,
        "mean": 0.163987785578,
        "min": 0.0390823967755,
        "stdev": 0.0358219780028
    },
    "melbands_kurtosis": {
        "max": 38.0729370117,
        "mean": 3.55436301231,
        "min": -1.28943455219,
        "stdev": 3.81184697151
    },
    "melbands_skewness": {
        "max": 5.60164928436,
        "mean": 1.38019394875,
        "min": -0.548637866974,
        "stdev": 0.806963860989
    },
    "melbands_spread": {
        "max": 95.8115844727,
        "mean": 23.9864997864,
        "min": 5.79263114929,
        "stdev": 14.8112125397
    },
    "pitch_salience": {
        "max": 0.922313511372,
        "mean": 0.68779951334,
        "min": 0.313010811806,
        "stdev": 0.100797064602
    },
    "silence_rate_20dB": {
        "max": 1,
        "mean": 1,
        "min": 1,
        "stdev": 0
    },
    "silence_rate_30dB": {
        "max": 1,
        "mean": 0.99918961525,
        "min": 0,
        "stdev": 0.0284554921091
    },
    "silence_rate_60dB": {
        "max": 0,
        "mean": 0,
        "min": 0,
        "stdev": 0
    },
    "spectral_centroid": {
        "max": 3268.50244141,
        "mean": 1822.5579834,
        "min": 1022.63043213,
        "stdev": 333.791381836
    },
    "spectral_complexity": {
        "max": 51,
        "mean": 30.8630466461,
        "min": 1,
        "stdev": 5.36223697662
    },
    "spectral_decrease": {
        "max": -1.63598301572e-10,
        "mean": -5.81139714129e-09,
        "min": -2.75843614617e-08,
        "stdev": 2.91842172651e-09
    },
    "spectral_energy": {
        "max": 0.110058873892,
        "mean": 0.0246424488723,
        "min": 0.000693513255101,
        "stdev": 0.0120346294716
    },
    "spectral_energyband_high": {
        "max": 0.00900021567941,
        "mean": 0.00060596386902,
        "min": 8.68557799549e-06,
        "stdev": 0.00090338406153
    },
    "spectral_energyband_low": {
        "max": 0.0728125870228,
        "mean": 0.0026861266233,
        "min": 1.17705747016e-06,
        "stdev": 0.00647640740499
    },
    "spectral_energyband_middle_high": {
        "max": 0.0625234171748,
        "mean": 0.0149079235271,
        "min": 0.000492838036735,
        "stdev": 0.00734688621014
    },
    "spectral_energyband_middle_low": {
        "max": 0.0602320767939,
        "mean": 0.00724995136261,
        "min": 0.000224712945055,
        "stdev": 0.00498726032674
    },
    "spectral_entropy": {
        "max": 8.53807830811,
        "mean": 7.63029050827,
        "min": 7.20687818527,
        "stdev": 0.212656974792
    },
    "spectral_flux": {
        "max": 0.246166810393,
        "mean": 0.0944636911154,
        "min": 0.0414003431797,
        "stdev": 0.0247301850468
    },
    "spectral_kurtosis": {
        "max": 23.5570831299,
        "mean": 6.05591869354,
        "min": -0.37407541275,
        "stdev": 3.23440766335
    },
    "spectral_rms": {
        "max": 0.0103621669114,
        "mean": 0.00478387624025,
        "min": 0.000822555972263,
        "stdev": 0.00107512134127
    },
    "spectral_rolloff": {
        "max": 6955.22460938,
        "mean": 2083.53637695,
        "min": 193.798828125,
        "stdev": 697.66796875
    },
    "spectral_skewness": {
        "max": 3.79019641876,
        "mean": 1.52677667141,
        "min": 0.653195202351,
        "stdev": 0.319658756256
    },
    "spectral_spread": {
        "max": 12564458,
        "mean": 2852203.75,
        "min": 1845892.625,
        "stdev": 1034864.5
    },
    "spectral_strongpeak": {
        "max": 11.5122060776,
        "mean": 1.68415403366,
        "min": 0,
        "stdev": 1.68694722652
    },
    "zerocrossingrate": {
        "max": 0.15966796875,
        "mean": 0.0706432983279,
        "min": 0.0166015625,
        "stdev": 0.0154561111704
    },
    "barkbands": {
        "max": [0.0065814149566, 0.0584645159543, 0.028795786202, 0.00914992578328, 0.0413008667529, 0.00956139527261, 0.0173798315227, 0.0276383813471, 0.0263379216194, 0.0309397708625, 0.0218057241291, 0.0195993687958, 0.0187493488193, 0.0224196966738, 0.0286014657468, 0.00878268294036, 0.00322259473614, 0.00475768465549, 0.00627444963902, 0.00250472337939, 0.00144306500442, 0.00177764636464, 0.00306608900428, 0.00475801574066, 0.00137176900171, 4.19576235799e-06, 1.70395242094e-06],
        "mean": [0.000122596524307, 0.00169141404331, 0.000762931187637, 0.000328050460666, 0.000710370077286, 0.00017437855422, 0.000712712237146, 0.000529722659849, 0.00345944310538, 0.00479594944045, 0.0026026526466, 0.00157634122297, 0.000893286487553, 0.00090198055841, 0.00159658223856, 0.00070288637653, 0.000733940978535, 0.000918378005736, 0.000699665106367, 0.000252710393397, 0.000175581677468, 0.000121376033348, 7.57432062528e-05, 6.62355087115e-05, 3.74590454157e-05, 8.04692987799e-08, 2.97478508493e-09],
        "min": [9.41432798385e-09, 2.010342115e-07, 2.00031962549e-07, 6.23123099786e-08, 3.61206986099e-07, 2.35056904785e-06, 6.69170094625e-06, 5.7649158407e-06, 5.5548545788e-05, 6.81328165228e-05, 6.14461605437e-05, 3.41113154718e-05, 3.13441923936e-05, 2.29000906984e-05, 1.37440447361e-05, 2.20689198613e-05, 2.34336584981e-05, 1.51126896526e-05, 1.39474741445e-05, 2.21454320126e-06, 2.98138138533e-06, 1.63557717769e-06, 7.55468477109e-07, 6.748724104e-07, 5.09722099196e-07, 6.3717281451e-11, 3.97641745919e-11],
        "stdev": [0.000399818411097, 0.00450976379216, 0.00200462457724, 0.000860026339069, 0.00224051089026, 0.000490616308525, 0.00172485236544, 0.00154941983055, 0.00314535526559, 0.00376006169245, 0.00237242202275, 0.00161265069619, 0.00110149080865, 0.00152225221973, 0.00334407109767, 0.00070858473191, 0.000418336858274, 0.000581993197557, 0.000777567620389, 0.000359509314876, 0.000229690791457, 0.000172582935193, 0.000183431300684, 0.000202983763302, 9.34983618208e-05, 2.42981400334e-07, 5.20734957377e-08]
    },
    "erbbands": {
        "max": [1.78273427486, 12.926399231, 36.052772522, 18.7355079651, 42.8538856506, 201.983444214, 180.997436523, 73.1726379395, 167.37046814, 467.256561279, 819.223083496, 589.052124023, 989.146057129, 956.8984375, 812.294433594, 781.203491211, 1000.1494751, 680.991882324, 1525.99694824, 492.58972168, 524.877624512, 185.772109985, 280.056671143, 467.072113037, 163.484741211, 127.630279541, 85.3554382324, 57.9308242798, 55.4455528259, 105.07283783, 68.0872879028, 60.6755485535, 100.699989319, 20.473493576, 7.97313117981, 0.493693619967, 0.0125551186502, 0.00115849636495, 0.000255704770098, 0.000133638954139],
        "mean": [0.0601801685989, 0.336150735617, 0.903816521168, 0.880406141281, 1.88011884689, 2.46732020378, 1.6773930788, 1.65258181095, 8.32453250885, 10.2705993652, 16.8653278351, 73.9437561035, 135.201919556, 149.573989868, 89.3990936279, 63.1763763428, 44.8166122437, 45.6236686707, 89.8596420288, 44.5473670959, 39.3988609314, 40.6855316162, 47.8314666748, 55.0704689026, 20.4889278412, 13.2024106979, 9.21113872528, 5.57096385956, 3.97181940079, 3.26299738884, 2.14492940903, 1.43941104412, 1.07026338577, 0.47675678134, 0.231338500977, 0.0163323897868, 0.000440796779003, 3.71076675947e-05, 1.96124728973e-05, 3.18196434819e-05],
        "min": [3.59328805644e-06, 6.03734915785e-05, 0.000295866164379, 0.000381838617614, 0.000744231103454, 0.00222105230205, 0.00554521987215, 0.0333155244589, 0.107882447541, 0.153148844838, 0.505129516125, 1.66711676121, 2.94571995735, 2.06797909737, 4.04549980164, 3.62497115135, 1.43776464462, 1.19607794285, 1.2082413435, 0.765187978745, 1.35880482197, 1.01324737072, 0.702607989311, 1.09312677383, 0.371175199747, 0.1318885535, 0.05945443362, 0.172152519226, 0.0713704749942, 0.0262210443616, 0.0192399546504, 0.0178292039782, 0.0089278370142, 0.00722906831652, 0.00248832581565, 0.000194174150238, 1.40533211379e-05, 2.76522132481e-06, 5.098136171e-06, 7.22269032849e-06],
        "stdev": [0.162393733859, 0.942818284035, 2.40040063858, 1.97862458229, 4.48060417175, 9.63527870178, 7.94086503983, 4.0454044342, 19.1377601624, 29.015253067, 41.5704803467, 67.7842559814, 111.21572876, 115.857208252, 73.6571884155, 66.0260696411, 54.6823539734, 52.2336235046, 184.662033081, 52.1238899231, 32.8647117615, 21.4325408936, 26.7717666626, 57.7957115173, 18.709728241, 19.0752086639, 12.717924118, 7.22985982895, 5.31729698181, 6.01120567322, 5.10710859299, 3.76467013359, 3.82632493973, 1.26340913773, 0.560975849628, 0.0386544950306, 0.00100981455762, 7.96883832663e-05, 1.6538944692e-05, 1.58628899953e-05]
    },
    "gfcc": {
        "mean": [-18.2434482574, 88.5863265991, -207.496520996, 20.1769943237, -64.3452224731, 26.3744773865, -15.4184684753, 22.4837322235, -12.2002239227, -15.8125600815, -6.46306610107, -11.8191928864, 3.97785520554],
        "cov": [[2351.26538086, 33.7990531921, 1566.55041504, 1097.06066895, -18.6289730072, 344.164733887, -579.820800781, -167.340652466, -288.666320801, 378.252990723, -4.77311611176, -39.2702522278, 2.95962715149], [33.7990531921, 192.548233032, 51.7210769653, 26.9645309448, 37.2124252319, -5.23565387726, 25.8713130951, -16.0671310425, 5.05361890793, -19.8631839752, 4.31894922256, -18.5467853546, 8.92584323883], [1566.55041504, 51.7210769653, 1311.31958008, 874.505859375, 1.53557729721, 274.742370605, -414.997650146, -98.1800308228, -223.335128784, 282.00680542, -21.4742202759, -7.1064786911, -5.36416482925], [1097.06066895, 26.9645309448, 874.505859375, 647.170593262, 18.0769062042, 186.871902466, -295.345458984, -76.9375610352, -147.363967896, 198.457717896, -3.25238227844, -8.62388801575, 0.168120324612], [-18.6289730072, 37.2124252319, 1.53557729721, 18.0769062042, 69.4742202759, 32.5216140747, 25.9128437042, 8.90534591675, 4.51031160355, -3.83252906799, -2.8236618042, -1.97980523109, 8.98635959625], [344.164733887, -5.23565387726, 274.742370605, 186.871902466, 32.5216140747, 121.010040283, -54.1955223083, -14.7910852432, -50.7215805054, 60.0044021606, -5.39592504501, -0.245329096913, 5.88765192032], [-579.820800781, 25.8713130951, -414.997650146, -295.345458984, 25.9128437042, -54.1955223083, 225.901657104, 69.7434692383, 79.0681686401, -112.212982178, 0.9632563591, 8.89329433441, 2.71942567825], [-167.340652466, -16.0671310425, -98.1800308228, -76.9375610352, 8.90534591675, -14.7910852432, 69.7434692383, 71.3592453003, 43.8121948242, -18.5191059113, -1.8147277832, 12.1928472519, -4.7580537796], [-288.666320801, 5.05361890793, -223.335128784, -147.363967896, 4.51031160355, -50.7215805054, 79.0681686401, 43.8121948242, 89.7221679688, -28.4516906738, 10.5858507156, 5.19461631775, 7.74535560608], [378.252990723, -19.8631839752, 282.00680542, 198.457717896, -3.83252906799, 60.0044021606, -112.212982178, -18.5191059113, -28.4516906738, 114.460067749, 16.0525054932, 3.33555603027, 3.55476975441], [-4.77311611176, 4.31894922256, -21.4742202759, -3.25238227844, -2.8236618042, -5.39592504501, 0.9632563591, -1.8147277832, 10.5858507156, 16.0525054932, 40.8770217896, 10.5018606186, 5.45190429688], [-39.2702522278, -18.5467853546, -7.1064786911, -8.62388801575, -1.97980523109, -0.245329096913, 8.89329433441, 12.1928472519, 5.19461631775, 3.33555603027, 10.5018606186, 34.3690261841, 9.54421138763], [2.95962715149, 8.92584323883, -5.36416482925, 0.168120324612, 8.98635959625, 5.88765192032, 2.71942567825, -4.7580537796, 7.74535560608, 3.55476975441, 5.45190429688, 9.54421138763, 35.6475219727]],
        "icov": [[0.00356096983887, -0.00195097946562, 0.000527866242919, -0.00243793660775, 0.0035068008583, -0.00464843958616, 0.00418822653592, -0.00238715228625, 0.00285762385465, -0.00219237152487, -0.000243650443736, 0.00273614004254, -0.00156819319818], [-0.00195097946562, 0.0153868850321, -0.0114177893847, 0.00531104300171, -0.0127501562238, 0.0149636892602, -0.0122276740149, 0.0121627487242, -0.00961122382432, 0.00830486696213, -0.00780556583777, 0.00670943176374, -0.00147744838614], [0.000527866242919, -0.0114177893847, 0.0208150558174, -0.0154052199796, 0.0135646946728, -0.0154465558007, 0.0104570230469, -0.0129988631234, 0.0123852072284, -0.0099519174546, 0.0114701865241, -0.00726238824427, 0.00111045921221], [-0.00243793660775, 0.00531104300171, -0.0154052199796, 0.0231821518391, -0.0123908026144, 0.00595433404669, -0.000347180641256, 0.00587803404778, -0.00517675792798, 0.00350928632542, -0.00770173268393, 0.00266387616284, 0.000635815493297], [0.0035068008583, -0.0127501562238, 0.0135646946728, -0.0123908026144, 0.0343098975718, -0.0229142233729, 0.00835702940822, -0.0122647881508, 0.00711888633668, -0.00551169505343, 0.00759666785598, -0.000913334602956, -0.00405257381499], [-0.00464843958616, 0.0149636892602, -0.0154465558007, 0.00595433404669, -0.0229142233729, 0.0430739633739, -0.0242788922042, 0.0149737102911, -0.00423210812733, 0.000461801275378, -0.004080215469, 0.0036039929837, -0.0026677378919], [0.00418822653592, -0.0122276740149, 0.0104570230469, -0.000347180641256, 0.00835702940822, -0.0242788922042, 0.0357559099793, -0.0226001553237, 0.00687205046415, 0.00513204047456, -0.000426965445513, -0.00178944668733, -0.00101231969893], [-0.00238715228625, 0.0121627487242, -0.0129988631234, 0.00587803404778, -0.0122647881508, 0.0149737102911, -0.0226001553237, 0.0428372360766, -0.0227677822113, 0.00243913591839, 0.00112386746332, -0.00715161394328, 0.00967602897435], [0.00285762385465, -0.00961122382432, 0.0123852072284, -0.00517675792798, 0.00711888633668, -0.00423210812733, 0.00687205046415, -0.0227677822113, 0.0402456782758, -0.0173687040806, 0.0029725402128, 0.00319174188189, -0.0089229401201], [-0.00219237152487, 0.00830486696213, -0.0099519174546, 0.00350928632542, -0.00551169505343, 0.000461801275378, 0.00513204047456, 0.00243913591839, -0.0173687040806, 0.038976803422, -0.0178740657866, 0.00266754440963, -0.000257836771198], [-0.000243650443736, -0.00780556583777, 0.0114701865241, -0.00770173268393, 0.00759666785598, -0.004080215469, -0.000426965445513, 0.00112386746332, 0.0029725402128, -0.0178740657866, 0.0407370701432, -0.0155811561272, 0.00175636948552], [0.00273614004254, 0.00670943176374, -0.00726238824427, 0.00266387616284, -0.000913334602956, 0.0036039929837, -0.00178944668733, -0.00715161394328, 0.00319174188189, 0.00266754440963, -0.0155811561272, 0.0462081208825, -0.0151438172907], [-0.00156819319818, -0.00147744838614, 0.00111045921221, 0.000635815493297, -0.00405257381499, -0.0026677378919, -0.00101231969893, 0.00967602897435, -0.0089229401201, -0.000257836771198, 0.00175636948552, -0.0151438172907, 0.0372980572283]]
    },
    "melbands": {
        "max": [0.0161466039717, 0.0169907119125, 0.00360484630801, 0.00931879505515, 0.00684657506645, 0.0016187268775, 0.00311157200485, 0.00432581873611, 0.00699858879671, 0.00424799649045, 0.00512049393728, 0.00381469144486, 0.00339522189461, 0.00291985925287, 0.00253556738608, 0.00177534983959, 0.00156201631762, 0.00203234399669, 0.00158675399143, 0.000646629952826, 0.00055882363813, 0.000235188548686, 0.000241880537942, 0.000224624658586, 0.000466313736979, 0.000119972930406, 0.000118615942483, 9.7586758784e-05, 8.21835928946e-05, 3.49825932062e-05, 3.65946580132e-05, 2.85163059743e-05, 4.49714862043e-05, 7.16718932381e-05, 5.02494331158e-05, 3.42954044754e-05, 4.22934463131e-05, 8.64880130393e-05, 3.71886962967e-05, 1.27230614453e-05],
        "mean": [0.00049346772721, 0.000441411044449, 0.000190337668755, 0.000164330587722, 6.96594142937e-05, 3.59209989256e-05, 0.000138124989462, 0.000109098757093, 0.000156030058861, 0.000522442802321, 0.00068633700721, 0.000621532031801, 0.000327900750563, 0.00019854211132, 0.000119821903354, 8.40265929583e-05, 8.34520396893e-05, 0.000134771762532, 0.000100163386378, 4.63560027129e-05, 4.48915125162e-05, 4.09025633417e-05, 4.27322629548e-05, 4.50733787147e-05, 4.68080652354e-05, 1.66617992363e-05, 9.55505856837e-06, 8.36435447127e-06, 6.6248899202e-06, 3.49267179445e-06, 3.24091911352e-06, 2.31602462009e-06, 2.04613115784e-06, 1.65559811194e-06, 1.31234071432e-06, 9.16837848308e-07, 8.31773718346e-07, 8.11538825474e-07, 5.57074770313e-07, 3.52887724375e-07],
        "min": [4.32364863912e-08, 1.67111579685e-07, 7.2422977837e-08, 1.08150771894e-07, 1.26549309698e-07, 6.77952073147e-07, 1.51924768943e-06, 1.45073772728e-06, 3.14357362186e-06, 8.66727623361e-06, 1.21241355373e-05, 6.48473178444e-06, 1.02707253973e-05, 7.81308426667e-06, 5.47847866983e-06, 3.04136688101e-06, 2.0943061827e-06, 1.94124140762e-06, 8.81832647792e-07, 1.14592239697e-06, 1.87146872577e-06, 1.03980710264e-06, 9.31337183374e-07, 6.88055934006e-07, 9.42842063978e-07, 4.42096563802e-07, 8.05991575703e-08, 8.64811013912e-08, 2.63498520781e-08, 5.6867339282e-08, 1.13840037841e-07, 4.85861235688e-08, 1.13164624338e-08, 1.52668935272e-08, 1.02930961532e-08, 9.98293092636e-09, 1.1516649856e-08, 5.88152948566e-09, 6.04263794557e-09, 6.3366245584e-09],
        "stdev": [0.00131307146512, 0.00115559971891, 0.000419115589466, 0.000473486288683, 0.00032678822754, 9.25120984903e-05, 0.000322778796544, 0.000300355692161, 0.000378198630642, 0.000485872995341, 0.000574329053052, 0.000489017111249, 0.000291131320409, 0.000203496907488, 0.00013859498722, 9.41228718148e-05, 0.000119981858006, 0.000268340780167, 0.00018629700935, 5.45700240764e-05, 3.61322308891e-05, 2.48098913289e-05, 2.48705582635e-05, 2.98322484014e-05, 5.60696898901e-05, 1.47815089804e-05, 1.16664205052e-05, 1.32324948936e-05, 1.00008119261e-05, 4.75540628031e-06, 4.57541273136e-06, 3.11234839501e-06, 3.15135071105e-06, 3.56051032213e-06, 3.18950765177e-06, 2.37987433138e-06, 2.34424828705e-06, 3.20468393511e-06, 1.6730449488e-06, 8.86686564172e-07]
    },
    "melbands128": {
        "max": [0.00510851247236, 0.0164589490741, 0.0244647189975, 0.0230011995882, 0.0220219902694, 0.0113699305803, 0.00356607371941, 0.00485411193222, 0.00556851737201, 0.0116441324353, 0.0141719216481, 0.0125304404646, 0.00750277657062, 0.00280665000901, 0.0018300653901, 0.00303351110779, 0.00229775439948, 0.00467113498598, 0.00597168039531, 0.00879535172135, 0.00568976392969, 0.00371869513765, 0.0134278265759, 0.0108772451058, 0.00546921417117, 0.00904389191419, 0.00558901391923, 0.00915518030524, 0.00935469567776, 0.00465810019523, 0.00649463478476, 0.00510624889284, 0.00647291680798, 0.0040117749013, 0.00241850572638, 0.00619766488671, 0.00332880741917, 0.00458058388904, 0.00233421567827, 0.00457953009754, 0.0020016329363, 0.00168257718906, 0.00231244578026, 0.00373682519421, 0.0040640826337, 0.00386857567355, 0.00771114043891, 0.00251350877807, 0.000653700146358, 0.000840326538309, 0.00124437466729, 0.00125965790357, 0.00124697119463, 0.000440511212219, 0.000385170133086, 0.000456706155092, 0.000264980335487, 0.00044379249448, 0.000348762638168, 0.000501936883666, 0.000299032777548, 0.00061682931846, 0.000919564277865, 0.000723306438886, 0.000302689673845, 0.000177913258085, 0.000294176395983, 0.000123421021271, 0.000231341124163, 0.000202033726964, 0.000136607850436, 0.000182521907846, 0.000167703357874, 0.000132787550683, 4.10141910834e-05, 5.26732983417e-05, 4.58483264083e-05, 5.11823564011e-05, 5.17477637914e-05, 7.55059518269e-05, 2.87408274744e-05, 3.68501678167e-05, 3.54773001163e-05, 5.15219799126e-05, 5.2553252317e-05, 3.79181692551e-05, 0.000105174825876, 0.000105304716271, 5.2961455367e-05, 3.26625777234e-05, 4.98668887303e-05, 3.64026891475e-05, 3.06900801661e-05, 3.91011890315e-05, 6.0973179643e-05, 7.47002559365e-05, 0.000117617273645, 5.79412699153e-05, 4.13422785641e-05, 2.37813746935e-05, 1.16598812383e-05, 1.04978535092e-05, 1.76491103048e-05, 1.63217464433e-05, 8.14262421045e-06, 9.91376145976e-06, 2.28952330872e-06, 2.00411562901e-07, 1.7368058991e-08, 1.458309562e-08, 1.29055761633e-08, 1.17198100114e-08, 1.08628697149e-08, 1.01312211953e-08, 9.54442569423e-09, 9.03064023561e-09, 8.58219006972e-09, 8.21005041729e-09, 7.8901125633e-09, 7.60061436011e-09, 7.3451951188e-09, 7.13687153819e-09, 6.93976831556e-09, 6.78853373515e-09, 6.65042509951e-09, 6.55336451771e-09, 6.48642028978e-09, 6.44214948053e-09],
        "mean": [0.00011058767268, 0.000515893392731, 0.000619149883278, 0.000523206079379, 0.000515350606292, 0.000320362654747, 0.000150652660523, 0.000188783102203, 0.000186000936083, 0.000186639634194, 0.000133886758704, 9.5314331702e-05, 5.48424068256e-05, 3.2415799069e-05, 2.96094312944e-05, 3.75215167878e-05, 6.76971612847e-05, 0.000201345232199, 0.000173617401742, 9.61128025665e-05, 9.10175222089e-05, 8.79848812474e-05, 0.000150164982188, 0.000219828711124, 0.000412020162912, 0.000695417518727, 0.000695397029631, 0.000676597817801, 0.000671003130265, 0.000715949456207, 0.000602169369813, 0.0004413369752, 0.000319312966894, 0.000247018208029, 0.000200808077352, 0.00020462446264, 0.000160678406246, 0.00010087818373, 0.000110397450044, 0.000103085789306, 6.8876768637e-05, 7.07180952304e-05, 8.42438894324e-05, 9.36169162742e-05, 7.80847476562e-05, 0.000110938155558, 0.000270508637186, 9.09124282771e-05, 3.90884961234e-05, 4.59144212073e-05, 4.67383397336e-05, 4.77009634778e-05, 4.93423067383e-05, 4.01096767746e-05, 4.32330562035e-05, 3.92944602936e-05, 3.80021228921e-05, 5.12785409228e-05, 3.63477556675e-05, 4.32885135524e-05, 4.35567781096e-05, 4.28345738328e-05, 7.00736491126e-05, 4.33795903518e-05, 1.92684983631e-05, 1.46068332469e-05, 1.79018352355e-05, 9.09763821255e-06, 7.10614131094e-06, 1.01153345895e-05, 9.17821762414e-06, 7.39869437894e-06, 6.35784408587e-06, 8.22617312224e-06, 4.14907344748e-06, 3.52774623025e-06, 3.23486483467e-06, 2.68369035439e-06, 3.32168838213e-06, 4.06062918046e-06, 1.97340932573e-06, 1.90097728137e-06, 2.0514157768e-06, 1.87755836123e-06, 2.46438116847e-06, 1.56124758632e-06, 1.69818656559e-06, 1.12672375963e-06, 1.47521802774e-06, 1.21968946587e-06, 9.53741732701e-07, 7.02563397681e-07, 1.08490235107e-06, 8.10266101325e-07, 7.43790963043e-07, 7.60077966788e-07, 9.6322276022e-07, 6.52709502447e-07, 5.83581595492e-07, 5.21370168372e-07, 3.22072651215e-07, 2.6623655458e-07, 4.85806651795e-07, 2.82741297042e-07, 2.50378462852e-07, 3.19780127711e-07, 7.28444007336e-08, 3.97124200191e-09, 2.63949747475e-11, 2.17585654355e-11, 2.00365123798e-11, 1.84968498851e-11, 1.7851206624e-11, 1.67272029561e-11, 1.60879001093e-11, 1.53555224092e-11, 1.46160462206e-11, 1.47929186262e-11, 1.39077525538e-11, 1.32286213234e-11, 1.25589434685e-11, 1.25537583801e-11, 1.23744616984e-11, 1.17780915229e-11, 1.15650084995e-11, 1.13265386653e-11, 1.11760271176e-11, 1.11011711976e-11],
        "min": [1.93385285563e-09, 2.21683933432e-08, 4.34828457685e-08, 9.20409917171e-08, 7.18164372415e-08, 8.24496879659e-08, 4.95000236356e-08, 3.05009777435e-08, 2.3356637513e-08, 5.71909168912e-08, 3.96695476468e-08, 2.02195060695e-08, 3.68245380855e-08, 5.23515772954e-08, 2.43973346414e-07, 1.04624795938e-07, 4.53477724704e-07, 3.89353772334e-07, 4.90739921588e-07, 4.01410716222e-07, 4.16041672224e-07, 4.98931342463e-07, 8.68018560141e-07, 3.46717411048e-06, 3.2146713238e-06, 1.59719843396e-06, 2.43903537012e-06, 3.85024259231e-06, 4.69969199912e-06, 3.66824951925e-06, 5.01396971231e-06, 3.06761330648e-06, 3.75803756469e-06, 2.02936189453e-06, 3.59063551514e-06, 2.26694646699e-06, 1.17824185963e-06, 1.47629930325e-06, 1.81536597665e-06, 1.93057849174e-06, 1.25759947878e-06, 1.09915788471e-06, 8.19475133085e-07, 1.36104733883e-06, 6.47861497782e-07, 1.99045666704e-06, 1.2143478898e-06, 8.89860643838e-07, 4.97706821534e-07, 1.16216403967e-06, 1.2564962617e-06, 5.03192040924e-07, 1.36761832437e-06, 1.33166736305e-06, 1.32603122438e-06, 1.83665108011e-07, 9.27102234982e-07, 1.75826357918e-06, 5.41271106158e-07, 1.98385365024e-07, 4.74034209219e-07, 1.31151296046e-06, 1.11912538614e-06, 6.82305767441e-07, 9.33346484544e-07, 4.5409515792e-07, 1.80244413173e-07, 8.612195046e-08, 3.86831437993e-08, 9.17523976796e-08, 1.15755646846e-07, 7.86386351592e-08, 1.99529068823e-08, 1.07553832507e-08, 3.91762569052e-08, 3.53809639364e-08, 5.17034450809e-08, 1.35583860583e-07, 8.9107174972e-08, 8.38042808482e-08, 6.14727539983e-08, 3.42814203691e-08, 1.17471703476e-08, 8.40353031606e-09, 8.84015793901e-09, 2.02481924561e-08, 1.590597698e-08, 1.01505728267e-08, 6.50529408119e-09, 1.57383936994e-08, 8.45603942423e-09, 8.46709902191e-09, 1.08944888666e-08, 1.03990709377e-08, 6.9109815648e-09, 4.7702339856e-09, 6.54316822946e-09, 3.84976805989e-09, 5.38601030442e-09, 4.98366681256e-09, 2.66243804781e-09, 3.62413676847e-09, 3.75218833781e-09, 2.59856536289e-09, 1.84893289568e-09, 1.73236136547e-09, 4.01950334128e-10, 2.07179932932e-12, 1.21517176204e-13, 1.15699984315e-13, 1.27651524334e-13, 1.22876697966e-13, 1.05645798099e-13, 1.14564309645e-13, 1.07429656262e-13, 1.38677467404e-13, 1.11603590681e-13, 1.24998129252e-13, 1.52711908874e-13, 1.05266998189e-13, 1.57007233278e-13, 1.32600920803e-13, 1.27841219056e-13, 1.19524927607e-13, 9.10735042611e-14, 2.55146466156e-14, 4.51051312457e-15, 1.59209887718e-16],
        "stdev": [0.000349756475771, 0.00141541031189, 0.00176670507062, 0.00155984831508, 0.00142984720878, 0.000829919066746, 0.000357717537554, 0.00052029278595, 0.000493764935527, 0.000581766362302, 0.000638462719508, 0.000580409541726, 0.000306776957586, 0.000115894494229, 8.84505352587e-05, 0.000128535830299, 0.000171955151018, 0.00053119182121, 0.000482152478071, 0.000455392641015, 0.000349707930582, 0.00022365913901, 0.000672523514368, 0.0004088327114, 0.000473265099572, 0.000834614562336, 0.000756240449846, 0.000804294482805, 0.000831460230984, 0.000725756515749, 0.000681330449879, 0.00049493892584, 0.000435047026258, 0.000295112113236, 0.000220283385715, 0.000336245429935, 0.000233237529756, 0.000176768255187, 0.000187687095604, 0.00019942248764, 8.76182093634e-05, 8.55902617332e-05, 0.000123049205285, 0.000244766677497, 0.000246733776294, 0.000278464402072, 0.000805152405519, 0.000211627368117, 4.26635997428e-05, 6.75955743645e-05, 7.75040243752e-05, 7.49602186261e-05, 5.85155685258e-05, 4.00504104618e-05, 4.19781681558e-05, 3.58136603609e-05, 3.17478807119e-05, 4.78900728922e-05, 2.72881225101e-05, 4.28784187534e-05, 3.90777095163e-05, 4.31733096775e-05, 0.000108775631816, 7.60588955018e-05, 2.12278009712e-05, 1.48950148287e-05, 2.61678160314e-05, 1.20164177133e-05, 1.15722350529e-05, 1.94559197553e-05, 1.63374261319e-05, 1.47352820932e-05, 1.13777614388e-05, 1.46735319504e-05, 6.13225438428e-06, 5.80802998229e-06, 4.8774577408e-06, 4.32465003541e-06, 5.27577458342e-06, 7.41051280784e-06, 2.9069701668e-06, 2.88894807454e-06, 3.45656690115e-06, 3.16717751048e-06, 4.62437174065e-06, 2.99992052533e-06, 4.81126699015e-06, 3.85400562664e-06, 3.57288035957e-06, 2.90599291475e-06, 3.09371353069e-06, 2.03398940357e-06, 2.40454437517e-06, 2.19509024646e-06, 3.0643880109e-06, 3.26392319039e-06, 4.05236096412e-06, 2.31862418332e-06, 1.83374777407e-06, 1.51334495513e-06, 8.7493032197e-07, 7.01074554854e-07, 1.18122193271e-06, 8.41281917019e-07, 6.30180238659e-07, 7.97868551672e-07, 1.81529955512e-07, 1.12615419212e-08, 5.12182019019e-10, 4.30781188498e-10, 3.84150489197e-10, 3.48836598496e-10, 3.25268673107e-10, 3.02950997622e-10, 2.88481516453e-10, 2.73142841678e-10, 2.60368671068e-10, 2.56560023226e-10, 2.42800640704e-10, 2.32026148295e-10, 2.21935428368e-10, 2.18517356987e-10, 2.13721554343e-10, 2.05993416769e-10, 2.02350247669e-10, 1.99537553147e-10, 1.97599908658e-10, 1.96294341892e-10]
    },
    "mfcc": {
        "mean": [-626.247924805, 105.083808899, -70.5664901733, -5.62200641632, -18.1102409363, -2.61962556839, 7.50286149979, 24.2948074341, 10.9758520126, 4.87072181702, 5.11607122421, -4.64260578156, -4.8161034584],
        "cov": [[1732.08581543, -295.969787598, 1324.03564453, 571.298522949, 565.776184082, 345.888244629, 65.9099349976, -379.41116333, -154.807830811, 83.5157089233, -184.363250732, 17.8661174774, 94.311416626], [-295.969787598, 219.566253662, -258.5105896, -93.4851150513, -107.641311646, -58.5465583801, 2.94097542763, 83.0768356323, 37.3736114502, -13.0263900757, 32.9481201172, -9.15322494507, -27.1725254059], [1324.03564453, -258.5105896, 1351.9440918, 575.407470703, 532.352294922, 321.584777832, 73.0521240234, -318.180053711, -125.692466736, 61.1463012695, -159.551239014, 36.8146858215, 95.2599182129], [571.298522949, -93.4851150513, 575.407470703, 301.684143066, 250.05909729, 138.819488525, 28.0427055359, -139.122817993, -52.0964508057, 29.202709198, -65.7029190063, 12.5942974091, 43.9984588623], [565.776184082, -107.641311646, 532.352294922, 250.05909729, 277.421966553, 151.696807861, 28.8825721741, -139.976531982, -47.8549537659, 33.1085281372, -67.9488220215, 6.90153598785, 36.4960975647], [345.888244629, -58.5465583801, 321.584777832, 138.819488525, 151.696807861, 139.672546387, 49.0778541565, -77.1162033081, -27.5310821533, 17.0652236938, -49.4970970154, 5.07922315598, 19.4717674255], [65.9099349976, 2.94097542763, 73.0521240234, 28.0427055359, 28.8825721741, 49.0778541565, 70.804107666, 12.108373642, -1.42840480804, 4.60383701324, -11.5346422195, 0.30853253603, 3.46184277534], [-379.41116333, 83.0768356323, -318.180053711, -139.122817993, -139.976531982, -77.1162033081, 12.108373642, 147.464004517, 58.0787658691, -18.8093471527, 54.1577949524, -7.2575378418, -28.3806171417], [-154.807830811, 37.3736114502, -125.692466736, -52.0964508057, -47.8549537659, -27.5310821533, -1.42840480804, 58.0787658691, 61.0479278564, 6.95045900345, 22.8407039642, -0.10456276685, -12.3227310181], [83.5157089233, -13.0263900757, 61.1463012695, 29.202709198, 33.1085281372, 17.0652236938, 4.60383701324, -18.8093471527, 6.95045900345, 45.2420463562, 1.26038432121, 0.603514492512, 8.26700782776], [-184.363250732, 32.9481201172, -159.551239014, -65.7029190063, -67.9488220215, -49.4970970154, -11.5346422195, 54.1577949524, 22.8407039642, 1.26038432121, 63.6701889038, 11.015381813, -8.90861701965], [17.8661174774, -9.15322494507, 36.8146858215, 12.5942974091, 6.90153598785, 5.07922315598, 0.30853253603, -7.2575378418, -0.10456276685, 0.603514492512, 11.015381813, 37.4478149414, 13.382557869], [94.311416626, -27.1725254059, 95.2599182129, 43.9984588623, 36.4960975647, 19.4717674255, 3.46184277534, -28.3806171417, -12.3227310181, 8.26700782776, -8.90861701965, 13.382557869, 39.8348960876]],
        "icov": [[0.00302978116088, 0.000434413348557, -0.00165523402393, 3.79446792067e-05, -0.000955902272835, -0.000671435554978, -0.000391572801163, 0.00196126359515, 0.0010997839272, -0.00170395034365, 0.000734544242732, 0.000624760403298, 0.000323060259689], [0.000434413348557, 0.0066644414328, 0.00131513003726, -0.00271257734857, 0.00121393322479, -4.74097214465e-05, -0.00137281161733, -0.000551886972971, -0.000927255488932, -7.24707497284e-05, 0.00038262605085, -4.0965849621e-05, 0.00183327193372], [-0.00165523402393, 0.00131513003726, 0.00726343411952, -0.00718682445586, -0.00185189768672, -0.00128473958466, -0.00121478817891, 0.000401743775001, 0.000489202211611, 0.000317271595122, 0.00220586918294, -0.00362498685718, -0.000102510057332], [3.79446792067e-05, -0.00271257734857, -0.00718682445586, 0.0224171299487, -0.00886724237353, 0.00230725272559, 0.000303647073451, 0.000457850372186, -0.000285515445285, 0.00092796998797, -0.00218815566041, 0.00221405318007, -0.00373204657808], [-0.000955902272835, 0.00121393322479, -0.00185189768672, -0.00886724237353, 0.0233663190156, -0.00981555599719, 0.00289620645344, 0.00272860191762, -0.00233583315276, -0.0019986606203, -0.00125572783872, 0.00322130252607, 0.000725437595975], [-0.000671435554978, -4.74097214465e-05, -0.00128473958466, 0.00230725272559, -0.00981555599719, 0.0284835360944, -0.0152437491342, 0.0050953165628, -0.00354205095209, 0.00164967973251, 0.00371426576748, -0.00205698865466, 0.00218953471631], [-0.000391572801163, -0.00137281161733, -0.00121478817891, 0.000303647073451, 0.00289620645344, -0.0152437491342, 0.0288720577955, -0.0153672639281, 0.00703612947837, -0.00479839043692, 0.0039401454851, -0.00121574860532, -0.00163748569321], [0.00196126359515, -0.000551886972971, 0.000401743775001, 0.000457850372186, 0.00272860191762, 0.0050953165628, -0.0153672639281, 0.0322856381536, -0.016756977886, 0.00901326350868, -0.0109802791849, 0.00614871550351, 0.00128524575848], [0.0010997839272, -0.000927255488932, 0.000489202211611, -0.000285515445285, -0.00233583315276, -0.00354205095209, 0.00703612947837, -0.016756977886, 0.0336555279791, -0.0132400393486, 0.00452633574605, -0.00574570056051, 0.00333198602311], [-0.00170395034365, -7.24707497284e-05, 0.000317271595122, 0.00092796998797, -0.0019986606203, 0.00164967973251, -0.00479839043692, 0.00901326350868, -0.0132400393486, 0.0324650555849, -0.0102665843442, 0.00642906455323, -0.00522471684963], [0.000734544242732, 0.00038262605085, 0.00220586918294, -0.00218815566041, -0.00125572783872, 0.00371426576748, 0.0039401454851, -0.0109802791849, 0.00452633574605, -0.0102665843442, 0.0341209955513, -0.01507433597, 0.00305910012685], [0.000624760403298, -4.0965849621e-05, -0.00362498685718, 0.00221405318007, 0.00322130252607, -0.00205698865466, -0.00121574860532, 0.00614871550351, -0.00574570056051, 0.00642906455323, -0.01507433597, 0.0387977324426, -0.0122603327036], [0.000323060259689, 0.00183327193372, -0.000102510057332, -0.00373204657808, 0.000725437595975, 0.00218953471631, -0.00163748569321, 0.00128524575848, 0.00333198602311, -0.00522471684963, 0.00305910012685, -0.0122603327036, 0.0361976511776]]
    },
    "spectral_contrast_coeffs": {
        "max": [-0.583557665348, -0.566468060017, -0.570004940033, -0.630703687668, -0.646306455135, -0.675861477852],
        "mean": [-0.799111187458, -0.749677598476, -0.760330379009, -0.80994451046, -0.748768687248, -0.738509118557],
        "min": [-0.934736788273, -0.89355880022, -0.947236061096, -0.906147301197, -0.845734298229, -0.876484930515],
        "stdev": [0.0584369376302, 0.0580702833831, 0.0491275340319, 0.0430426225066, 0.0331190004945, 0.0199912693352]
    },
    "spectral_contrast_valleys": {
        "max": [-5.14332389832, -5.24321556091, -5.06902837753, -5.8921289444, -5.80371618271, -7.84775400162],
        "mean": [-7.81890010834, -6.82557678223, -6.00987815857, -6.608335495, -7.01221036911, -10.4288053513],
        "min": [-10.0087995529, -7.94551086426, -7.31692075729, -7.90104484558, -9.00070858002, -11.4494256973],
        "stdev": [1.00446426868, 0.377992600203, 0.425384014845, 0.245429426432, 0.347225725651, 0.777294158936]
    }
},
"rhythm": {
    "beats_count": 49,
    "beats_loudness": {
        "max": 0.0667923763394,
        "mean": 0.0270931944251,
        "min": 0.0126860486344,
        "stdev": 0.0123954880983
    },
    "bpm": 89.5459899902,
    "bpm_histogram_first_peak_bpm": 123,
    "bpm_histogram_first_peak_weight": 0.230769217014,
    "bpm_histogram_second_peak_bpm": 91,
    "bpm_histogram_second_peak_spread": 0.555555582047,
    "bpm_histogram_second_peak_weight": 0.166666671634,
    "danceability": 1.05467867851,
    "onset_rate": 0.838275551796,
    "beats_loudness_band_ratio": {
        "max": [0.807557046413, 0.227151453495, 0.546393334866, 0.715252637863, 0.380120992661, 0.235994800925],
        "mean": [0.12342992425, 0.0301548577845, 0.265811532736, 0.389081567526, 0.180813163519, 0.0474436022341],
        "min": [0.000496134452987, 0.000459741102532, 0.0337103195488, 0.0552470013499, 0.0356816500425, 0.0100620063022],
        "stdev": [0.194764986634, 0.0465925000608, 0.143695965409, 0.165038079023, 0.0879158973694, 0.0413343906403]
    },
    "beats_position": [0.49922901392, 1.02167797089, 1.53251695633, 2.04335594177, 2.55419492722, 3.06503391266, 3.58748292923, 4.09832191467, 4.59755086899, 5.08516979218, 5.5727891922, 6.06040811539, 6.57124710083, 7.05886602402, 7.5464849472, 8.03410434723, 8.52172279358, 9.02095222473, 9.52018165588, 10.0310201645, 10.5534696579, 11.0759181976, 11.6099767685, 12.0975961685, 12.5852155685, 13.0728340149, 13.6068935394, 14.1409521103, 14.6750106812, 15.2787294388, 15.8940582275, 16.5674381256, 17.2408161163, 17.9141941071, 18.5875740051, 19.2493419647, 19.9343299866, 20.6193199158, 21.3043079376, 21.9776859283, 22.6510658264, 23.3244438171, 23.9862117767, 24.6479816437, 25.3097496033, 25.9715194702, 26.6332874298, 27.2950553894, 27.9568252563],
