{
"metadata": {
    "version": {
        "essentia": "2.1-beta5",
        "essentia_git_sha": "Undefined",
        "extractor": "music 2.0"
    },
    "audio_properties": {
        "analysis": {
            "equal_loudness": 0,
            "length": 48.7502937317,
            "sample_rate": 44100,
            "start_time": 126.490699768,
            "downmix": "mix"
        },
        "bit_rate": 192000,
        "length": 203.8828125,
        "lossless": 0,
        "number_channels": 2,
        "replay_gain": -6.91244316101,
        "sample_rate": 48000,
        "codec": "mp3",
        "md5_encoded": "44bd2da27c224bd2fb61c6ed7e4ce3a2"
    },
    "tags": {
        "file_name": "Sweden_When Spirits Are Calling My Name_Roger Pontare.mp3",
        "encoding": ["Lavf58.29.100"]
    }
},
"lowlevel": {
    "average_loudness": 0.974895954132,
    "barkbands_crest": {
        "max": 22.3040542603,
        "mean": 8.65653514862,
        "min": 2.11259675026,
        "stdev": 3.52596735954
    },
    "barkbands_flatness_db": {
        "max": 0.249308541417,
        "mean": 0.140052139759,
        "min": 0.0438368171453,
        "stdev": 0.0314391367137
    },
    "barkbands_kurtosis": {
        "max": 28.4170017242,
        "mean": 0.255691170692,
        "min": -1.8489369154,
        "stdev": 1.63050222397
    },
    "barkbands_skewness": {
        "max": 5.04702043533,
        "mean": 0.399240791798,
        "min": -2.13129878044,
        "stdev": 0.694202363491
    },
    "barkbands_spread": {
        "max": 88.6885375977,
        "mean": 26.4263935089,
        "min": 6.16096782684,
        "stdev": 11.4827880859
    },
    "dissonance": {
        "max": 0.499999910593,
        "mean": 0.475323826075,
        "min": 0.349365323782,
        "stdev": 0.0219941493124
    },
    "dynamic_complexity": 2.01091003418,
    "erbbands_crest": {
        "max": 31.1724147797,
        "mean": 10.3000497818,
        "min": 2.75778269768,
        "stdev": 5.22351026535
    },
    "erbbands_flatness_db": {
        "max": 0.330448955297,
        "mean": 0.19772438705,
        "min": 0.100777707994,
        "stdev": 0.0412994734943
    },
    "erbbands_kurtosis": {
        "max": 16.9148731232,
        "mean": 0.707929968834,
        "min": -1.40219306946,
        "stdev": 1.65274858475
    },
    "erbbands_skewness": {
        "max": 2.7396774292,
        "mean": 0.229908913374,
        "min": -2.52863478661,
        "stdev": 0.656536757946
    },
    "erbbands_spread": {
        "max": 85.0259552002,
        "mean": 25.6938552856,
        "min": 4.00263881683,
        "stdev": 10.717212677
    },
    "hfc": {
        "max": 267.151489258,
        "mean": 31.4890708923,
        "min": 0.665602505207,
        "stdev": 22.5063514709
    },
    "loudness_ebu128": {
        "integrated": -15.9685153961,
        "loudness_range": 1.74963665009,
        "momentary": {
            "max": -11.7191934586,
            "mean": -16.2817611694,
            "min": -23.9492053986,
            "stdev": 1.75142252445
        },
        "short_term": {
            "max": -14.3678808212,
            "mean": -16.0165328979,
            "min": -17.865398407,
            "stdev": 0.646882355213
        }
    },
    "melbands_crest": {
        "max": 29.6897773743,
        "mean": 11.9272918701,
        "min": 3.79832363129,
        "stdev": 4.33219051361
    },
    "melbands_flatness_db": {
        "max": 0.303605914116,
        "mean": 0.151596933603,
        "min": 0.0224509146065,
        "stdev": 0.0405378043652
    },
    "melbands_kurtosis": {
        "max": 85.9686050415,
        "mean": 2.49988102913,
        "min": -1.70328426361,
        "stdev": 4.70863819122
    },
    "melbands_skewness": {
        "max": 8.10433483124,
        "mean": 1.12375760078,
        "min": -1.46209490299,
        "stdev": 0.993269860744
    },
    "melbands_spread": {
        "max": 197.734741211,
        "mean": 38.104801178,
        "min": 3.55529952049,
        "stdev": 20.2221813202
    },
    "pitch_salience": {
        "max": 0.83105057478,
        "mean": 0.563129723072,
        "min": 0.254671663046,
        "stdev": 0.0968520641327
    },
    "silence_rate_20dB": {
        "max": 1,
        "mean": 1,
        "min": 1,
        "stdev": 0
    },
    "silence_rate_30dB": {
        "max": 1,
        "mean": 1,
        "min": 1,
        "stdev": 0
    },
    "silence_rate_60dB": {
        "max": 1,
        "mean": 0.000475963839563,
        "min": 0,
        "stdev": 0.0218116175383
    },
    "spectral_centroid": {
        "max": 4378.97167969,
        "mean": 1854.4185791,
        "min": 719.486816406,
        "stdev": 517.696411133
    },
    "spectral_complexity": {
        "max": 57,
        "mean": 27.0138034821,
        "min": 0,
        "stdev": 8.48798656464
    },
    "spectral_decrease": {
        "max": -7.17248066495e-11,
        "mean": -6.65706290093e-09,
        "min": -2.55216949796e-08,
        "stdev": 3.42314643298e-09
    },
    "spectral_energy": {
        "max": 0.101662181318,
        "mean": 0.0279814302921,
        "min": 0.000331078335876,
        "stdev": 0.0141496965662
    },
    "spectral_energyband_high": {
        "max": 0.0378228314221,
        "mean": 0.0011305953376,
        "min": 2.69524225587e-05,
        "stdev": 0.00262800767086
    },
    "spectral_energyband_low": {
        "max": 0.0673426985741,
        "mean": 0.00625654542819,
        "min": 4.41083784608e-06,
        "stdev": 0.00662234518677
    },
    "spectral_energyband_middle_high": {
        "max": 0.0498254969716,
        "mean": 0.0121631063521,
        "min": 0.000267429015366,
        "stdev": 0.00831364933401
    },
    "spectral_energyband_middle_low": {
        "max": 0.0649601891637,
        "mean": 0.0089694308117,
        "min": 2.66505012405e-05,
        "stdev": 0.0073492275551
    },
    "spectral_entropy": {
        "max": 8.61655426025,
        "mean": 7.71030855179,
        "min": 6.92203855515,
        "stdev": 0.266337066889
    },
    "spectral_flux": {
        "max": 0.271341353655,
        "mean": 0.096143245697,
        "min": 0.0284678004682,
        "stdev": 0.035484071821
    },
    "spectral_kurtosis": {
        "max": 15.7035274506,
        "mean": 3.65968418121,
        "min": -0.663826227188,
        "stdev": 1.90254104137
    },
    "spectral_rms": {
        "max": 0.00995904672891,
        "mean": 0.00505801849067,
        "min": 0.000568333780393,
        "stdev": 0.00130972766783
    },
    "spectral_rolloff": {
        "max": 8591.74804688,
        "mean": 1968.39685059,
        "min": 107.666015625,
        "stdev": 1097.24621582
    },
    "spectral_skewness": {
        "max": 2.64668893814,
        "mean": 1.30287909508,
        "min": 0.175527900457,
        "stdev": 0.295615613461
    },
    "spectral_spread": {
        "max": 15735845,
        "mean": 3647078.25,
        "min": 1671879.125,
        "stdev": 742433.4375
    },
    "spectral_strongpeak": {
        "max": 11.1377630234,
        "mean": 1.83802390099,
        "min": 0,
        "stdev": 2.02764105797
    },
    "zerocrossingrate": {
        "max": 0.267578125,
        "mean": 0.0706413537264,
        "min": 0.01708984375,
        "stdev": 0.0280377566814
    },
    "barkbands": {
        "max": [0.00815180316567, 0.0478590652347, 0.0329895913601, 0.0185480974615, 0.0452752411366, 0.0202629603446, 0.0555506311357, 0.0398426316679, 0.034488119185, 0.0444294773042, 0.0291475038975, 0.0377191416919, 0.0367572121322, 0.0266989022493, 0.0243727117777, 0.0203554816544, 0.00996869429946, 0.00578084168956, 0.00954359490424, 0.00592490192503, 0.0113483238965, 0.0142044425011, 0.0105497920886, 0.00554602127522, 0.00204244651832, 6.71745101499e-06, 2.34460017623e-07],
        "mean": [0.000277771148831, 0.00417912751436, 0.00152904191054, 0.000706207123585, 0.00129343569279, 0.000659385928884, 0.000801867689006, 0.00230956682935, 0.00274243322201, 0.00157654890791, 0.00122306705453, 0.00266664824449, 0.00187577644829, 0.00113866792526, 0.000881473068148, 0.000740038813092, 0.000599691236857, 0.000683900434524, 0.000750054372475, 0.000414465903305, 0.000303406239254, 0.00025266042212, 0.000200916911126, 0.000124159923871, 5.10276549903e-05, 8.60321378582e-08, 1.22027388194e-09],
        "min": [6.69224888838e-08, 1.38791563131e-06, 8.44901819619e-07, 1.4967313291e-06, 2.65781841335e-06, 3.67542020285e-06, 1.97136637325e-06, 1.24253881495e-06, 4.56795351056e-06, 2.80439726339e-05, 1.38216473715e-05, 1.58022921823e-05, 4.4091093514e-06, 3.66606332136e-06, 3.56785449185e-06, 5.06307651449e-06, 5.82068832955e-06, 6.91470768288e-06, 3.11711264658e-05, 6.38588380752e-06, 3.70481552636e-06, 4.94237747262e-06, 1.30528030695e-06, 4.74964707564e-07, 1.87086484971e-07, 4.64721282289e-11, 2.88640517737e-11],
        "stdev": [0.000432419474237, 0.00479946145788, 0.00221784273162, 0.00132606725674, 0.00222474336624, 0.00161668448709, 0.00271473708563, 0.00412152986974, 0.00439216243103, 0.00340480962768, 0.00235738023184, 0.00453061144799, 0.00392535375431, 0.00215356354602, 0.00179313903209, 0.00151976360939, 0.000782007176895, 0.000690757238772, 0.00078333116835, 0.000530541932676, 0.000651857699268, 0.000807104981504, 0.000669429253321, 0.00040920797619, 0.000123999983771, 3.20141452903e-07, 7.7704322976e-09]
    },
    "erbbands": {
        "max": [2.2647485733, 12.1994934082, 34.2877922058, 42.7865486145, 119.188316345, 179.465667725, 170.488937378, 255.709625244, 569.056213379, 893.516967773, 1086.26171875, 1021.45623779, 1433.59130859, 970.36730957, 1188.99890137, 1901.60595703, 1814.93896484, 982.073852539, 1554.0769043, 1126.86328125, 756.636352539, 530.922851562, 257.409515381, 386.29498291, 491.872161865, 281.780761719, 360.685272217, 581.325134277, 426.44229126, 466.748809814, 230.993728638, 199.127868652, 97.2976455688, 32.4403305054, 10.5552129745, 0.842847049236, 0.0221761409193, 0.00170154939406, 0.000337424746249, 0.000183958094567],
        "mean": [0.125993907452, 0.886211514473, 2.07373642921, 1.80818080902, 3.8762254715, 3.75587630272, 5.49198484421, 5.15139818192, 9.39867115021, 17.5153884888, 67.3201370239, 68.0535202026, 47.1951217651, 49.6365203857, 58.4997024536, 120.908874512, 89.0772247314, 72.0472564697, 55.0339126587, 40.4495201111, 37.5242156982, 30.9770202637, 37.2969932556, 37.1382904053, 35.5800666809, 19.9806289673, 14.2103290558, 10.441526413, 8.9118270874, 8.1661567688, 5.28749132156, 3.02814745903, 1.84078407288, 0.73315936327, 0.290538549423, 0.0187886599451, 0.000533903541509, 4.75350534543e-05, 2.36410905927e-05, 3.65346677427e-05],
        "min": [7.2488663136e-05, 0.000217499953578, 0.000917166646104, 0.0047569302842, 0.0142430383712, 0.0121866371483, 0.018987858668, 0.0336254201829, 0.0599635690451, 0.0698504969478, 0.0257448367774, 0.0993973761797, 0.519636929035, 1.32056689262, 1.30285644531, 0.528628528118, 0.215097352862, 0.205260038376, 0.194676578045, 0.202230080962, 0.334201306105, 0.282086342573, 0.276240229607, 0.894190251827, 1.16042339802, 0.384004741907, 0.158141613007, 0.177156791091, 0.19645704329, 0.0978245660663, 0.0362075082958, 0.0139034474269, 0.00600546086207, 0.00282219331712, 0.0010278535774, 7.7844975749e-05, 6.01246438237e-06, 1.65882033798e-06, 1.94692597688e-06, 3.16592218041e-06],
        "stdev": [0.151859909296, 1.10530471802, 2.7721927166, 2.79844141006, 6.9841003418, 8.0900812149, 10.3795127869, 17.4697685242, 29.4929599762, 44.2527046204, 118.99962616, 108.740188599, 87.2276306152, 84.6376190186, 92.6779251099, 210.693832397, 162.205734253, 118.098587036, 113.142227173, 73.8584899902, 57.0635986328, 35.1635131836, 35.0709037781, 37.6114959717, 40.3532752991, 24.4084033966, 23.4371185303, 28.7155132294, 27.5145187378, 28.4072380066, 16.4374408722, 10.3184804916, 6.17391967773, 1.98847341537, 0.643065810204, 0.045096013695, 0.00123379565775, 0.00010331775411, 2.30912719417e-05, 1.97432527784e-05]
    },
    "gfcc": {
        "mean": [13.8337450027, 105.002799988, -165.370956421, 49.8310241699, -64.9372177124, 34.4561538696, -23.9033069611, 15.3126010895, -15.0860471725, -9.14428901672, 0.584631800652, -15.1255702972, -1.9276201725],
        "cov": [[1156.48669434, -426.740997314, 129.518051147, 195.73046875, -68.0327301025, 39.7972259521, -188.269561768, -11.3337774277, -51.6549987793, 144.947265625, -110.632202148, -5.45464277267, 40.470123291], [-426.740997314, 644.747802734, 8.93885707855, -96.1186676025, 106.033065796, -85.0564193726, 128.731292725, -24.5737934113, 95.9114151001, -85.3015289307, 118.368774414, -45.4917068481, -45.9123344421], [129.518051147, 8.93885707855, 344.353240967, 180.724456787, -7.58570337296, 25.4996490479, -93.5989532471, -8.69779396057, -35.3349304199, 47.1986961365, -38.4521713257, 20.3339385986, -6.13912773132], [195.73046875, -96.1186676025, 180.724456787, 236.969284058, 31.5740661621, 2.19283819199, -105.868881226, -26.9052772522, 2.16172742844, 51.2695426941, -54.7292366028, -3.33453559875, 26.3272285461], [-68.0327301025, 106.033065796, -7.58570337296, 31.5740661621, 135.375610352, 13.9065704346, -4.32959985733, 5.51557445526, 25.6712589264, -5.14674949646, 1.76115620136, -12.1050519943, 14.8529987335], [39.7972259521, -85.0564193726, 25.4996490479, 2.19283819199, 13.9065704346, 109.216850281, 49.7954788208, 19.5032863617, -22.575592041, -5.5864200592, -4.74468564987, 6.9458231926, -10.7596263885], [-188.269561768, 128.731292725, -93.5989532471, -105.868881226, -4.32959985733, 49.7954788208, 232.521636963, 38.8450012207, -1.16752624512, -71.9823150635, 75.9832000732, -10.9111614227, -65.5629577637], [-11.3337774277, -24.5737934113, -8.69779396057, -26.9052772522, 5.51557445526, 19.5032863617, 38.8450012207, 87.5447769165, 12.7724504471, -8.565284729, 19.3819103241, 11.2957496643, -11.3594770432], [-51.6549987793, 95.9114151001, -35.3349304199, 2.16172742844, 25.6712589264, -22.575592041, -1.16752624512, 12.7724504471, 130.048660278, 20.7427749634, 35.5897750854, -30.6483211517, -0.473732531071], [144.947265625, -85.3015289307, 47.1986961365, 51.2695426941, -5.14674949646, -5.5864200592, -71.9823150635, -8.565284729, 20.7427749634, 102.396850586, -20.3589458466, -0.0628580600023, 27.5329723358], [-110.632202148, 118.368774414, -38.4521713257, -54.7292366028, 1.76115620136, -4.74468564987, 75.9832000732, 19.3819103241, 35.5897750854, -20.3589458466, 133.892105103, 6.62881708145, -56.330581665], [-5.45464277267, -45.4917068481, 20.3339385986, -3.33453559875, -12.1050519943, 6.9458231926, -10.9111614227, 11.2957496643, -30.6483211517, -0.0628580600023, 6.62881708145, 74.1092071533, 28.5617465973], [40.470123291, -45.9123344421, -6.13912773132, 26.3272285461, 14.8529987335, -10.7596263885, -65.5629577637, -11.3594770432, -0.473732531071, 27.5329723358, -56.330581665, 28.5617465973, 105.902511597]],
        "icov": [[0.00143591372762, 4.51884516224e-05, 0.000620713399258, -0.00117488752585, 0.000961145444307, -0.000908170884941, 0.000818605243694, -0.000632000504993, 0.00077990279533, -0.00138237827923, 9.26693974179e-05, 0.000579488754738, 0.000266737304628], [4.51884516224e-05, 0.0116053707898, -0.0114709539339, 0.0101604424417, -0.0114863244817, 0.0133156599477, -0.00853814184666, 0.00818845815957, -0.00680641131476, 0.00645328499377, -0.00464872829616, 0.00465813046321, -0.00505767855793], [0.000620713399258, -0.0114709539339, 0.0176436025649, -0.0149613311514, 0.0127008222044, -0.0149211538956, 0.0101012773812, -0.00912691373378, 0.00814254768193, -0.00770808942616, 0.00472275074571, -0.00620082113892, 0.0077340467833], [-0.00117488752585, 0.0101604424417, -0.0149613311514, 0.0191290788352, -0.0130469379947, 0.01242379006, -0.00697526382282, 0.00929588638246, -0.00777689972892, 0.00577134592459, -0.00262729427777, 0.00436969799921, -0.00510921236128], [0.000961145444307, -0.0114863244817, 0.0127008222044, -0.0130469379947, 0.0210667029023, -0.0159023944288, 0.00971128325909, -0.00944362673908, 0.00619347719476, -0.00538530154154, 0.00301654217765, -0.00197678152472, 0.0026270353701], [-0.000908170884941, 0.0133156599477, -0.0149211538956, 0.01242379006, -0.0159023944288, 0.0283567626029, -0.0145414238796, 0.00823553744704, -0.00667425896972, 0.00637503527105, -0.00304278824478, 0.00359824253246, -0.00511754257604], [0.000818605243694, -0.00853814184666, 0.0101012773812, -0.00697526382282, 0.00971128325909, -0.0145414238796, 0.0161692462862, -0.00814242940396, 0.00587372528389, -0.00170043471735, 0.000235155835981, -0.0014411782613, 0.00558471074328], [-0.000632000504993, 0.00818845815957, -0.00912691373378, 0.00929588638246, -0.00944362673908, 0.00823553744704, -0.00814242940396, 0.019991165027, -0.00801844336092, 0.00490755215287, -0.0024099946022, -0.000935076444875, -0.00212535099126], [0.00077990279533, -0.00680641131476, 0.00814254768193, -0.00777689972892, 0.00619347719476, -0.00667425896972, 0.00587372528389, -0.00801844336092, 0.0165598671883, -0.00702998787165, -0.00237941625528, 0.00410773837939, -8.57023187564e-05], [-0.00138237827923, 0.00645328499377, -0.00770808942616, 0.00577134592459, -0.00538530154154, 0.00637503527105, -0.00170043471735, 0.00490755215287, -0.00702998787165, 0.0192385278642, -0.00393763929605, 0.00342876277864, -0.0057312771678], [9.26693974179e-05, -0.00464872829616, 0.00472275074571, -0.00262729427777, 0.00301654217765, -0.00304278824478, 0.000235155835981, -0.0024099946022, -0.00237941625528, -0.00393763929605, 0.0170339755714, -0.00972645916045, 0.0107278097421], [0.000579488754738, 0.00465813046321, -0.00620082113892, 0.00436969799921, -0.00197678152472, 0.00359824253246, -0.0014411782613, -0.000935076444875, 0.00410773837939, 0.00342876277864, -0.00972645916045, 0.0250708162785, -0.0128056500107], [0.000266737304628, -0.00505767855793, 0.0077340467833, -0.00510921236128, 0.0026270353701, -0.00511754257604, 0.00558471074328, -0.00212535099126, -8.57023187564e-05, -0.0057312771678, 0.0107278097421, -0.0128056500107, 0.0218571405858]]
    },
    "melbands": {
        "max": [0.0154300946742, 0.0158637240529, 0.00788647122681, 0.00884537119418, 0.00537081900984, 0.00489070313051, 0.00893838237971, 0.00794393755496, 0.0098253339529, 0.00653216568753, 0.00749348662794, 0.00461104745045, 0.00402208277956, 0.00426776101813, 0.00309482659213, 0.00477171130478, 0.0020323721692, 0.00256176292896, 0.00113441457506, 0.00183537520934, 0.000997137860395, 0.000627836154308, 0.000370687135728, 0.000297048973152, 0.000368923181668, 0.000455591623904, 0.000221775771934, 0.000189267288079, 0.000200953960302, 0.000327775924234, 0.000407201965572, 0.000286779599264, 0.000277267972706, 0.000294364552246, 0.000170818093466, 0.000237039639615, 8.61903390614e-05, 8.68158749654e-05, 4.82429786643e-05, 2.25748099183e-05],
        "mean": [0.00111914414447, 0.00109421822708, 0.000392299261875, 0.000275330821751, 0.000185903278179, 0.000117291652714, 0.000152399734361, 0.000218225657591, 0.000575680402108, 0.000410246371757, 0.000229666373343, 0.00020079818205, 0.000173032851308, 0.000283496017801, 0.000235755025642, 0.00020920537645, 0.000119290525618, 8.83217144292e-05, 5.82262582611e-05, 5.71425225644e-05, 4.11626424466e-05, 3.23907988786e-05, 3.31474766426e-05, 3.27851703332e-05, 2.95439567708e-05, 2.7905600291e-05, 1.8889493731e-05, 1.21250786833e-05, 9.05415981833e-06, 7.66824541643e-06, 5.52839492229e-06, 4.98282633998e-06, 4.86131602884e-06, 4.36305208495e-06, 3.22380833495e-06, 2.25232020057e-06, 1.70752446138e-06, 1.40201109389e-06, 9.05981949018e-07, 5.21762842709e-07],
        "min": [6.21792025868e-07, 4.39673328856e-07, 1.0848951888e-06, 8.37772802242e-07, 8.34638228753e-07, 7.69794326061e-07, 5.88552779845e-07, 6.50809226954e-07, 1.9015803332e-07, 6.79796301029e-07, 2.42239639192e-06, 2.02424484996e-06, 2.23167398872e-06, 2.53673943007e-06, 9.17037823456e-07, 2.94896722153e-07, 3.59466554301e-07, 3.05675598611e-07, 2.13853240894e-07, 2.4459376391e-07, 4.74880522461e-07, 3.28994673282e-07, 1.43978653e-07, 4.00613913598e-07, 7.07367007635e-07, 1.03863169443e-06, 4.31809155543e-07, 1.37490928864e-07, 8.41147311803e-08, 9.2390095574e-08, 5.16330622702e-08, 1.17190964488e-07, 7.2436925791e-08, 4.06649220963e-08, 2.49829081866e-08, 9.90579973603e-09, 7.06755187707e-09, 3.57317819777e-09, 3.49277495815e-09, 2.03898165019e-09],
        "stdev": [0.00128691154532, 0.00135182554368, 0.000594201206695, 0.000490855949465, 0.000345836597262, 0.000357349024853, 0.000489140453283, 0.000464964425191, 0.00103151006624, 0.000698531686794, 0.000459281320218, 0.000375513336621, 0.000327464629663, 0.000466101133497, 0.000398542266339, 0.000483483687276, 0.000219072288019, 0.000199892761884, 0.000105039180198, 0.000133435460157, 6.28505222267e-05, 4.3749652832e-05, 3.41350969393e-05, 3.39006364811e-05, 3.32253875968e-05, 3.41246959579e-05, 2.36213872995e-05, 1.68698516063e-05, 1.42703820529e-05, 1.66397549037e-05, 1.78544960363e-05, 1.58512975759e-05, 1.58548464242e-05, 1.59220417117e-05, 9.99287931336e-06, 8.95948596735e-06, 5.77497257837e-06, 4.94749065183e-06, 2.6974166758e-06, 1.35336404128e-06]
    },
    "melbands128": {
        "max": [0.00610960228369, 0.0212537515908, 0.0200567655265, 0.024153303355, 0.0212871953845, 0.0146824512631, 0.00980290956795, 0.0103323478252, 0.0145431384444, 0.0103365518153, 0.0132202422246, 0.00949923694134, 0.00746507989243, 0.00673984922469, 0.0088353510946, 0.00977459736168, 0.0098403673619, 0.0166651830077, 0.0216800048947, 0.0118474531919, 0.00754026276991, 0.0135494042188, 0.0196342263371, 0.0109215714037, 0.00982229411602, 0.0116998096928, 0.0047367811203, 0.0125167574733, 0.00996467284858, 0.0108617749065, 0.00711346324533, 0.00668972497806, 0.0063253948465, 0.00535087706521, 0.00839414447546, 0.00808483827859, 0.00914108194411, 0.00561294378713, 0.00560670858249, 0.0080978423357, 0.01001302246, 0.00466337334365, 0.00455909548327, 0.00372692081146, 0.00524720363319, 0.00612786784768, 0.00358908320777, 0.00240787235089, 0.00127149338368, 0.00389861268923, 0.00396062992513, 0.00351545936428, 0.00115232367534, 0.0015372436028, 0.00121481623501, 0.000777445442509, 0.000787551747635, 0.0007251627394, 0.000616410572547, 0.000534421415068, 0.000454959779745, 0.000806622207165, 0.00061929190997, 0.000409097265219, 0.000449351326097, 0.00101214367896, 0.000830269360449, 0.00060218188446, 0.00037075439468, 0.000325305940351, 0.000279781525023, 0.000429874256952, 0.000166582700331, 0.000252298836131, 0.000367222935893, 0.000406971230404, 0.000333121104632, 0.000400707387598, 0.000488703371957, 0.000444080884336, 0.000555055798031, 0.000318368256558, 0.000269906857284, 0.000310334289679, 0.000484426622279, 0.000483372423332, 0.000278471881757, 0.000288384326268, 0.000215842315811, 0.000129017731524, 0.000290682975901, 0.00030881044222, 8.87896603672e-05, 0.000108743828605, 0.000116642193461, 0.000119431228086, 9.87568564597e-05, 8.42918307171e-05, 4.27518498327e-05, 3.81694007956e-05, 3.27474335791e-05, 2.18999084609e-05, 1.44463847391e-05, 1.27019438878e-05, 1.64781140484e-05, 1.31866781885e-05, 4.87494025947e-06, 6.03128682997e-07, 2.37087705024e-09, 1.99981364801e-09, 1.77604231322e-09, 1.61792523823e-09, 1.49389001169e-09, 1.39765699014e-09, 1.31528776759e-09, 1.24163279658e-09, 1.18210441435e-09, 1.13008846725e-09, 1.08476982952e-09, 1.04605424323e-09, 1.01007546771e-09, 9.80393544125e-10, 9.55576617834e-10, 9.32329879966e-10, 9.14730513557e-10, 9.02288577187e-10, 8.92653395645e-10, 8.85938988837e-10],
        "mean": [0.000260736065684, 0.00105659139808, 0.00130365823861, 0.00156983721536, 0.00130530982278, 0.00060445361305, 0.000310834439006, 0.000390948844142, 0.000432986853411, 0.000259653606918, 0.000185126147699, 0.000194280248252, 0.000216267580981, 0.000133488865686, 0.000112586625619, 0.000107522231701, 0.000114736285468, 0.000170300685568, 0.000190277409274, 0.000160492418217, 0.000200023248908, 0.000458611932117, 0.000806301541161, 0.000447172496933, 0.00042184322956, 0.000463532283902, 0.000180606570211, 0.000228032833547, 0.000222658694838, 0.000233718150412, 0.000186130913789, 0.000149321203935, 0.000179565671715, 0.000190084261703, 0.000158292183187, 0.000348051806213, 0.00044754499686, 0.000204126510653, 0.000134191315738, 0.00017849302094, 0.000286406720988, 0.000144896359416, 0.000131684791995, 9.27071087062e-05, 7.93826402514e-05, 0.000100373355963, 8.57729901327e-05, 5.77030768909e-05, 4.24676800321e-05, 5.13081540703e-05, 6.90637534717e-05, 5.44817230548e-05, 3.38162863045e-05, 3.84133163607e-05, 4.90502534376e-05, 2.54513379332e-05, 2.41791112785e-05, 3.55390729965e-05, 3.28495516442e-05, 3.76151219825e-05, 3.04507539113e-05, 3.14689641527e-05, 3.45307671523e-05, 2.86628164758e-05, 2.1992926122e-05, 2.6952197004e-05, 3.57465542038e-05, 2.11378282984e-05, 1.52528809849e-05, 1.38204468385e-05, 1.15563152576e-05, 1.2860609786e-05, 9.36447213462e-06, 8.34228740132e-06, 7.73093597672e-06, 9.79598371487e-06, 6.28120824331e-06, 5.56798067919e-06, 5.78958997721e-06, 5.13422764925e-06, 4.73157433589e-06, 4.95935364597e-06, 5.23626658833e-06, 4.48604396297e-06, 5.09475603394e-06, 4.78445144836e-06, 4.11431938119e-06, 3.49873380401e-06, 3.48411390405e-06, 2.63574474957e-06, 2.58906038653e-06, 2.14972624235e-06, 1.72320221736e-06, 1.70112207343e-06, 1.72233569629e-06, 1.50333414695e-06, 1.43132285757e-06, 1.07092296275e-06, 1.05846618226e-06, 6.97811856298e-07, 5.51717732833e-07, 4.82770531107e-07, 5.24113261235e-07, 3.94058588427e-07, 3.56428955683e-07, 3.18880552186e-07, 8.43272189854e-08, 4.36858904607e-09, 1.01357767665e-11, 8.14343644601e-12, 7.66274804026e-12, 7.31182302205e-12, 7.17619410076e-12, 7.00840123782e-12, 6.59787328938e-12, 6.31767424833e-12, 5.9709615724e-12, 5.75448716456e-12, 5.58910686829e-12, 5.42760628108e-12, 5.2823088785e-12, 5.16669302827e-12, 5.06339848522e-12, 4.96284176948e-12, 4.83802537962e-12, 4.69523682087e-12, 4.60703133628e-12, 4.57373765597e-12],
        "min": [5.99183778149e-08, 3.39301834629e-07, 4.71514113087e-07, 3.09940958232e-07, 1.91480296508e-07, 5.55901294774e-07, 2.63986180471e-07, 4.39488928805e-07, 6.21317553851e-07, 5.43540124909e-07, 3.40680941235e-07, 5.06461859118e-08, 8.11553491076e-08, 2.62769958681e-07, 2.99488192468e-07, 9.37179009952e-08, 3.71498884988e-07, 1.09261620196e-07, 3.12435361138e-07, 4.65928081894e-07, 2.13926597326e-07, 1.02363841847e-07, 2.09277473573e-07, 2.06073593745e-07, 4.05529959835e-07, 6.81470396557e-07, 9.46412853864e-07, 1.14297517939e-06, 1.38326117849e-06, 7.66418281728e-07, 1.26579686821e-06, 3.31545891186e-07, 8.01996804967e-07, 1.00316981388e-06, 1.21392440633e-06, 4.89156036565e-07, 6.43879161544e-07, 1.08895528683e-06, 7.8982532159e-07, 1.06192047156e-07, 1.33421480086e-07, 5.88624288866e-07, 5.03086766912e-07, 1.54576284217e-07, 1.49778458081e-07, 3.708842371e-07, 3.48975476072e-07, 4.51985044947e-08, 1.85658279861e-07, 4.9988398132e-07, 1.49347016531e-07, 1.27800845462e-07, 3.11294598987e-07, 2.67839368462e-07, 4.67200379717e-07, 1.97540316549e-07, 2.75926282711e-07, 1.99085008035e-07, 5.85394701602e-08, 1.17228246665e-07, 3.39673249528e-07, 4.65318834131e-07, 3.16667126299e-07, 4.57371413631e-07, 4.08081461956e-07, 4.83407632146e-07, 3.29630978513e-07, 1.62040279861e-07, 1.93866469544e-07, 1.24043722849e-07, 4.59867486313e-08, 8.40844975869e-08, 3.91501728814e-08, 5.82633354895e-08, 4.98124954618e-08, 6.88666546012e-08, 4.08446361178e-08, 4.93048162298e-08, 1.37907489872e-08, 3.6412867388e-08, 6.75638744951e-08, 7.92019321239e-08, 7.13979844136e-08, 5.67352813619e-08, 4.1269029083e-08, 2.4797737197e-08, 2.24726548481e-08, 1.65266804686e-08, 2.21605738204e-08, 1.12435625255e-08, 7.22236270789e-09, 9.35562560755e-09, 8.95494967068e-09, 7.01820290772e-09, 4.47682291238e-09, 1.57138768664e-09, 2.22592388965e-09, 3.40560890599e-09, 2.16926010488e-09, 2.30675678559e-09, 2.22476170819e-09, 2.1025048369e-09, 1.46527567857e-09, 8.95874707751e-10, 1.36588274025e-09, 6.52630782749e-10, 8.61243437678e-11, 7.02002041567e-13, 1.4717049736e-13, 1.03498325632e-13, 9.46967114099e-14, 8.66275299649e-14, 1.08784665033e-13, 9.93470510393e-14, 9.68630557707e-14, 1.06695441328e-13, 9.14032711281e-14, 9.27942957391e-14, 1.09998856269e-13, 9.4339209296e-14, 1.14639661696e-13, 1.10048316217e-13, 9.3566017293e-14, 9.51870892762e-14, 7.92628359865e-14, 2.79367949266e-14, 3.57365487436e-15, 7.95669001682e-17],
        "stdev": [0.000392287271097, 0.00134385889396, 0.00173484231345, 0.00205664057285, 0.00175018864684, 0.000916325021535, 0.000552167533897, 0.000776155095082, 0.000842345412821, 0.000543700007256, 0.000517027277965, 0.000481543916976, 0.000459995790152, 0.000312418997055, 0.000567078532185, 0.000426735496148, 0.000424723053584, 0.000718031427823, 0.000847432471346, 0.000620549952146, 0.000519733817782, 0.000948950415477, 0.00179414078593, 0.00111711327918, 0.000922703940887, 0.00113105191849, 0.000326175824739, 0.00069181289291, 0.000727841688786, 0.000624734733719, 0.000401955563575, 0.000367861037375, 0.000488212303026, 0.000438760558609, 0.000376431969926, 0.000811709440313, 0.00102096912451, 0.000548634736333, 0.000384445360396, 0.000548411218915, 0.000882889551576, 0.000385730963899, 0.000361111247912, 0.000248344847932, 0.000259234482655, 0.000352351169568, 0.000243249945925, 0.000154906214448, 0.000100377328636, 0.000169307022588, 0.000225111449254, 0.000149228493683, 7.66968296375e-05, 8.74328252394e-05, 0.000101020261354, 4.74274384032e-05, 4.20556680183e-05, 5.64737274544e-05, 4.81085298816e-05, 6.38390192762e-05, 4.1872892325e-05, 5.90598174313e-05, 5.79195984756e-05, 3.77948999812e-05, 3.21306943079e-05, 4.64936274511e-05, 5.8657140471e-05, 3.76231728296e-05, 2.93981502182e-05, 2.54718524957e-05, 1.84139753401e-05, 2.66137431026e-05, 1.63300010172e-05, 1.54811114044e-05, 1.76203702722e-05, 2.18400928134e-05, 1.56928090291e-05, 1.85466615221e-05, 2.02552255359e-05, 1.75233763002e-05, 1.89139736904e-05, 1.59677001648e-05, 1.57926933753e-05, 1.52009015437e-05, 2.06741933653e-05, 1.91923536477e-05, 1.52936900122e-05, 1.36841999847e-05, 1.0874930922e-05, 7.82587358117e-06, 1.09397215056e-05, 1.09104767034e-05, 5.60569787922e-06, 6.26408245807e-06, 5.88788134337e-06, 5.93784125158e-06, 5.21728588865e-06, 4.14080886912e-06, 2.90141611003e-06, 2.17115461965e-06, 1.73727460151e-06, 1.35681500524e-06, 1.13094722565e-06, 8.88074112027e-07, 8.66327582116e-07, 7.91841557657e-07, 2.34578550362e-07, 1.99957987945e-08, 7.4280880058e-11, 6.2657448674e-11, 5.59720082782e-11, 5.13176549866e-11, 4.79080108917e-11, 4.51767824539e-11, 4.26390311947e-11, 4.0470543583e-11, 3.86692448895e-11, 3.70856956255e-11, 3.57753236757e-11, 3.45620164433e-11, 3.34972952154e-11, 3.26383885196e-11, 3.18665649424e-11, 3.11295121624e-11, 3.05872757678e-11, 3.02096889171e-11, 2.98964603074e-11, 2.96954023871e-11]
    },
    "mfcc": {
        "mean": [-603.127807617, 108.184402466, -25.2205142975, 15.364107132, -2.83922743797, 9.89387607574, 10.5652751923, 17.2337150574, -0.12118024379, 8.55568981171, 6.59890317917, 2.35469031334, -1.57499289513],
        "cov": [[1174.14685059, -488.942596436, 100.052810669, 66.8469924927, 77.0684356689, 45.6106071472, -77.3417053223, -182.546920776, 61.6618118286, 34.1433830261, -84.6850280762, -32.2073936462, -3.56097745895], [-488.942596436, 636.201904297, -93.4730148315, -12.1591882706, -34.3703613281, -47.6879005432, 36.3767433167, 93.4437255859, -49.5092697144, -8.23419952393, 77.8489761353, 65.4095458984, 23.169883728], [100.052810669, -93.4730148315, 340.016479492, 112.250015259, 58.6809654236, 39.476272583, -18.48695755, -43.8014831543, -10.1855592728, -23.5094661713, -5.63739347458, 15.3047599792, 19.3400783539], [66.8469924927, -12.1591882706, 112.250015259, 179.335220337, 91.3434066772, 27.9381389618, -43.2823028564, -65.5009231567, 17.284412384, 0.264794975519, -27.7395820618, -8.53378009796, 21.0777683258], [77.0684356689, -34.3703613281, 58.6809654236, 91.3434066772, 212.072174072, 23.0030555725, -71.4168701172, -70.8135299683, 36.3251609802, 18.7198677063, -33.9611091614, -23.3717021942, -0.736960113049], [45.6106071472, -47.6879005432, 39.476272583, 27.9381389618, 23.0030555725, 101.256256104, 10.7071294785, -24.5150089264, 25.2673492432, 1.13443279266, -10.8807983398, -10.0141048431, -17.270483017], [-77.3417053223, 36.3767433167, -18.48695755, -43.2823028564, -71.4168701172, 10.7071294785, 148.373626709, 95.9735107422, -27.4567489624, -21.9790496826, 41.4268569946, 11.5135040283, -10.4970731735], [-182.546920776, 93.4437255859, -43.8014831543, -65.5009231567, -70.8135299683, -24.5150089264, 95.9735107422, 179.528457642, -37.7033729553, -12.4133672714, 59.5686225891, 26.9189624786, 0.807115316391], [61.6618118286, -49.5092697144, -10.1855592728, 17.284412384, 36.3251609802, 25.2673492432, -27.4567489624, -37.7033729553, 113.747123718, 14.5354976654, -59.0865821838, -20.2866764069, -0.10107575357], [34.1433830261, -8.23419952393, -23.5094661713, 0.264794975519, 18.7198677063, 1.13443279266, -21.9790496826, -12.4133672714, 14.5354976654, 87.754119873, 27.8140220642, 5.27875089645, -3.73761749268], [-84.6850280762, 77.8489761353, -5.63739347458, -27.7395820618, -33.9611091614, -10.8807983398, 41.4268569946, 59.5686225891, -59.0865821838, 27.8140220642, 131.72328186, 48.4977493286, -11.1641902924], [-32.2073936462, 65.4095458984, 15.3047599792, -8.53378009796, -23.3717021942, -10.0141048431, 11.5135040283, 26.9189624786, -20.2866764069, 5.27875089645, 48.4977493286, 84.9354782104, 27.6717624664], [-3.56097745895, 23.169883728, 19.3400783539, 21.0777683258, -0.736960113049, -17.270483017, -10.4970731735, 0.807115316391, -0.10107575357, -3.73761749268, -11.1641902924, 27.6717624664, 84.6187744141]],
        "icov": [[0.00142597907688, 0.00100090261549, 2.45778919634e-05, -0.00016303009761, -7.31814507162e-05, 0.000135206981213, -0.000340442522429, 0.00103125534952, 2.00151462195e-05, -0.000427828432294, 0.000274387100944, -0.000671772868372, 3.28370806528e-05], [0.00100090261549, 0.002723000478, 0.000796902400907, -0.00086230551824, -0.000170693980181, 0.000525874318555, -7.75731678004e-05, -1.29261270558e-05, 0.000181097711902, 0.000308147922624, -0.000497664499562, -0.00157336716074, -0.000111792891403], [2.45778919634e-05, 0.000796902400907, 0.00436639599502, -0.00247755646706, -0.000355404685251, -0.00102049508132, 5.94545344939e-05, 0.000104218495835, 0.000796950131189, 0.00145531236194, -0.000492947408929, -0.00140620721504, -0.000342941086274], [-0.00016303009761, -0.00086230551824, -0.00247755646706, 0.00968857761472, -0.00268967659213, -0.0012689770665, -1.81455007464e-07, 0.00176287977956, 3.9714966988e-05, -8.88561771717e-05, 0.000110561872134, 0.00128341268282, -0.00232607149519], [-7.31814507162e-05, -0.000170693980181, -0.000355404685251, -0.00268967659213, 0.00718882260844, -0.000567471783143, 0.00230829673819, 6.52965318295e-05, -0.000993805355392, -0.000855308724567, -0.000122029312479, 0.00116831122432, 0.000590252690017], [0.000135206981213, 0.000525874318555, -0.00102049508132, -0.0012689770665, -0.000567471783143, 0.012842043303, -0.00327172502875, 0.00199677725323, -0.00275367987342, -0.000164055032656, -0.000279382133158, -0.00050259870477, 0.00271916971542], [-0.000340442522429, -7.75731678004e-05, 5.94545344939e-05, -1.81455007464e-07, 0.00230829673819, -0.00327172502875, 0.0126738995314, -0.00589361926541, 2.40437457251e-05, 0.00264831841923, -0.00214270153083, 0.00125404610299, 0.000398365431465], [0.00103125534952, -1.29261270558e-05, 0.000104218495835, 0.00176287977956, 6.52965318295e-05, 0.00199677725323, -0.00589361926541, 0.0115529745817, -0.000178573871381, 0.000456532347016, -0.0021898674313, -0.000566565198824, -0.000932892726269], [2.00151462195e-05, 0.000181097711902, 0.000796950131189, 3.9714966988e-05, -0.000993805355392, -0.00275367987342, 2.40437457251e-05, -0.000178573871381, 0.0137502420694, -0.00397986872122, 0.00714542390779, -0.00151891971473, 0.000473304797197], [-0.000427828432294, 0.000308147922624, 0.00145531236194, -8.88561771717e-05, -0.000855308724567, -0.000164055032656, 0.00264831841923, 0.000456532347016, -0.00397986872122, 0.0157529395074, -0.00722927693278, 0.0010039586341, -0.000720677606296], [0.000274387100944, -0.000497664499562, -0.000492947408929, 0.000110561872134, -0.000122029312479, -0.000279382133158, -0.00214270153083, -0.0021898674313, 0.00714542390779, -0.00722927693278, 0.0177132692188, -0.00793580431491, 0.00455130077899], [-0.000671772868372, -0.00157336716074, -0.00140620721504, 0.00128341268282, 0.00116831122432, -0.00050259870477, 0.00125404610299, -0.000566565198824, -0.00151891971473, 0.0010039586341, -0.00793580431491, 0.0197704024613, -0.00699691800401], [3.28370806528e-05, -0.000111792891403, -0.000342941086274, -0.00232607149519, 0.000590252690017, 0.00271916971542, 0.000398365431465, -0.000932892726269, 0.000473304797197, -0.000720677606296, 0.00455130077899, -0.00699691800401, 0.0159832369536]]
    },
    "spectral_contrast_coeffs": {
        "max": [-0.52637642622, -0.470315128565, -0.537872672081, -0.581433713436, -0.573058068752, -0.643914580345],
        "mean": [-0.762553572655, -0.730964779854, -0.756791234016, -0.782692790031, -0.765756487846, -0.744319081306],
        "min": [-0.901266932487, -0.908675014973, -0.899959027767, -0.898906469345, -0.858800292015, -0.846361041069],
        "stdev": [0.0530201941729, 0.0834886208177, 0.0670000687242, 0.0557954385877, 0.0445824936032, 0.0282506700605]
    },
    "spectral_contrast_valleys": {
        "max": [-4.87815332413, -5.23319339752, -5.19321727753, -5.78569078445, -5.43574953079, -7.40748929977],
        "mean": [-6.69080638885, -6.70265722275, -6.61878061295, -6.98008012772, -7.00984954834, -9.97184276581],
        "min": [-9.08753395081, -8.70541286469, -8.1063785553, -8.94736766815, -8.34255218506, -12.0789384842],
        "stdev": [0.511996567249, 0.40761205554, 0.441773802042, 0.425292879343, 0.469291031361, 0.634390592575]
    }
},
"rhythm": {
    "beats_count": 116,
    "beats_loudness": {
        "max": 0.0913948714733,
        "mean": 0.0315908640623,
        "min": 0.00435264362022,
        "stdev": 0.0161584410816
    },
    "bpm": 184.5703125,
    "bpm_histogram_first_peak_bpm": 185,
    "bpm_histogram_first_peak_weight": 0,
    "bpm_histogram_second_peak_bpm": 167,
    "bpm_histogram_second_peak_spread": 0,
    "bpm_histogram_second_peak_weight": 0.156521737576,
    "danceability": 1.10123515129,
    "onset_rate": 2.37890625,
    "beats_loudness_band_ratio": {
        "max": [0.9173437953, 0.231635227799, 0.702110886574, 0.664926052094, 0.707191050053, 0.683500230312],
        "mean": [0.277287781239, 0.064194008708, 0.224208980799, 0.264767944813, 0.121359080076, 0.0808172523975],
        "min": [0.00174241780769, 0.00233464012854, 0.00721344910562, 0.0161377880722, 0.0198527686298, 0.00815892312676],
        "stdev": [0.201883986592, 0.052640710026, 0.15422308445, 0.179526612163, 0.105577111244, 0.114940032363]
    },
