{
"metadata": {
    "version": {
        "essentia": "2.1-beta5",
        "essentia_git_sha": "Undefined",
        "extractor": "music 2.0"
    },
    "audio_properties": {
        "analysis": {
            "equal_loudness": 0,
            "length": 32.4963264465,
            "sample_rate": 44100,
            "start_time": 126.490699768,
            "downmix": "mix"
        },
        "bit_rate": 192000,
        "length": 190.496505737,
        "lossless": 0,
        "number_channels": 2,
        "replay_gain": -4.60259819031,
        "sample_rate": 44100,
        "codec": "mp3",
        "md5_encoded": "c27b67e44a7b6f7ca555ca76bfade5c2"
    },
    "tags": {
        "file_name": "Romania_The Moon_Taxi.mp3",
        "encoding": ["Lavf58.29.100"]
    }
},
"lowlevel": {
    "average_loudness": 0.938572645187,
    "barkbands_crest": {
        "max": 25.164730072,
        "mean": 8.20046901703,
        "min": 2.62569189072,
        "stdev": 4.08653116226
    },
    "barkbands_flatness_db": {
        "max": 0.236055761576,
        "mean": 0.0839213430882,
        "min": 0.0216152425855,
        "stdev": 0.0326731242239
    },
    "barkbands_kurtosis": {
        "max": 29.2478141785,
        "mean": -0.0637246593833,
        "min": -1.85622119904,
        "stdev": 2.06685137749
    },
    "barkbands_skewness": {
        "max": 4.37068367004,
        "mean": 0.339258700609,
        "min": -1.82727205753,
        "stdev": 0.68124216795
    },
    "barkbands_spread": {
        "max": 102.811058044,
        "mean": 34.9184608459,
        "min": 2.11800026894,
        "stdev": 14.8311672211
    },
    "dissonance": {
        "max": 0.499901354313,
        "mean": 0.467372864485,
        "min": 0.331374049187,
        "stdev": 0.0244805682451
    },
    "dynamic_complexity": 1.85955131054,
    "erbbands_crest": {
        "max": 31.7978382111,
        "mean": 10.0020399094,
        "min": 2.51146817207,
        "stdev": 5.57415008545
    },
    "erbbands_flatness_db": {
        "max": 0.345956146717,
        "mean": 0.154535219073,
        "min": 0.0582543946803,
        "stdev": 0.0448469631374
    },
    "erbbands_kurtosis": {
        "max": 24.5750923157,
        "mean": 0.185637101531,
        "min": -1.53410220146,
        "stdev": 2.0175845623
    },
    "erbbands_skewness": {
        "max": 4.09631061554,
        "mean": 0.0504955798388,
        "min": -3.52550077438,
        "stdev": 0.709039092064
    },
    "erbbands_spread": {
        "max": 112.749450684,
        "mean": 37.9993553162,
        "min": 2.62720298767,
        "stdev": 16.8452568054
    },
    "hfc": {
        "max": 269.514251709,
        "mean": 41.9788780212,
        "min": 1.63604843616,
        "stdev": 35.748500824
    },
    "loudness_ebu128": {
        "integrated": -19.2352657318,
        "loudness_range": 3.83567428589,
        "momentary": {
            "max": -16.0981788635,
            "mean": -19.5458602905,
            "min": -25.098077774,
            "stdev": 1.6773802042
        },
        "short_term": {
            "max": -16.8979530334,
            "mean": -19.361656189,
            "min": -21.4099979401,
            "stdev": 1.1364402771
        }
    },
    "melbands_crest": {
        "max": 32.2069168091,
        "mean": 11.3715305328,
        "min": 3.612626791,
        "stdev": 5.00662088394
    },
    "melbands_flatness_db": {
        "max": 0.270237743855,
        "mean": 0.117504633963,
        "min": 0.0373893752694,
        "stdev": 0.0355257466435
    },
    "melbands_kurtosis": {
        "max": 38.090423584,
        "mean": 2.92162084579,
        "min": -1.79557263851,
        "stdev": 4.43728923798
    },
    "melbands_skewness": {
        "max": 5.37441921234,
        "mean": 1.30841696262,
        "min": -1.56949484348,
        "stdev": 0.972386002541
    },
    "melbands_spread": {
        "max": 198.363311768,
        "mean": 49.7476844788,
        "min": 3.80943536758,
        "stdev": 22.5821113586
    },
    "pitch_salience": {
        "max": 0.86346745491,
        "mean": 0.536581993103,
        "min": 0.133854433894,
        "stdev": 0.107823975384
    },
    "silence_rate_20dB": {
        "max": 1,
        "mean": 1,
        "min": 1,
        "stdev": 0
    },
    "silence_rate_30dB": {
        "max": 1,
        "mean": 1,
        "min": 1,
        "stdev": 0
    },
    "silence_rate_60dB": {
        "max": 1,
        "mean": 0.000713775865734,
        "min": 0,
        "stdev": 0.0267074108124
    },
    "spectral_centroid": {
        "max": 4333.20898438,
        "mean": 2266.8684082,
        "min": 858.052246094,
        "stdev": 594.339416504
    },
    "spectral_complexity": {
        "max": 56,
        "mean": 21.5517482758,
        "min": 0,
        "stdev": 7.69493246078
    },
    "spectral_decrease": {
        "max": -1.0267102446e-10,
        "mean": -4.28724300505e-09,
        "min": -2.16917079854e-08,
        "stdev": 2.71425992793e-09
    },
    "spectral_energy": {
        "max": 0.0926759913564,
        "mean": 0.0199886783957,
        "min": 0.000535899365786,
        "stdev": 0.0125463921577
    },
    "spectral_energyband_high": {
        "max": 0.0230166912079,
        "mean": 0.00304155354388,
        "min": 6.75848059473e-05,
        "stdev": 0.00326483813114
    },
    "spectral_energyband_low": {
        "max": 0.0148980384693,
        "mean": 0.00121481961105,
        "min": 1.50818368638e-05,
        "stdev": 0.00150664057583
    },
    "spectral_energyband_middle_high": {
        "max": 0.0877938717604,
        "mean": 0.00937350001186,
        "min": 0.000301875319565,
        "stdev": 0.00919266417623
    },
    "spectral_energyband_middle_low": {
        "max": 0.0545315295458,
        "mean": 0.00730165373534,
        "min": 0.000101124482171,
        "stdev": 0.00618082797155
    },
    "spectral_entropy": {
        "max": 8.65863132477,
        "mean": 7.71669101715,
        "min": 6.4410905838,
        "stdev": 0.384445220232
    },
    "spectral_flux": {
        "max": 0.267899155617,
        "mean": 0.0797621980309,
        "min": 0.021722972393,
        "stdev": 0.0345331691206
    },
    "spectral_kurtosis": {
        "max": 8.56511306763,
        "mean": 2.76726508141,
        "min": -0.598327636719,
        "stdev": 1.34095525742
    },
    "spectral_rms": {
        "max": 0.00950871221721,
        "mean": 0.00423739338294,
        "min": 0.000723068893421,
        "stdev": 0.00124324136414
    },
    "spectral_rolloff": {
        "max": 14965.5761719,
        "mean": 3953.29345703,
        "min": 409.130859375,
        "stdev": 2476.50732422
    },
    "spectral_skewness": {
        "max": 2.33612823486,
        "mean": 1.18487155437,
        "min": 0.156280308962,
        "stdev": 0.307816118002
    },
    "spectral_spread": {
        "max": 15000896,
        "mean": 5449331,
        "min": 2835864.5,
        "stdev": 1859942.375
    },
    "spectral_strongpeak": {
        "max": 23.4797401428,
        "mean": 2.46966600418,
        "min": 0.0423662215471,
        "stdev": 2.71545743942
    },
    "zerocrossingrate": {
        "max": 0.38671875,
        "mean": 0.122284650803,
        "min": 0.02001953125,
        "stdev": 0.04950690642
    },
    "barkbands": {
        "max": [0.000188262987649, 0.00480512622744, 0.0102555435151, 0.00977746862918, 0.0417023301125, 0.0074658151716, 0.0134168881923, 0.0241708829999, 0.05126382038, 0.0576670765877, 0.0509884543717, 0.0798190385103, 0.075932636857, 0.0340594314039, 0.0142246186733, 0.0202369317412, 0.00688998168334, 0.00757778668776, 0.0124879674986, 0.00659564556554, 0.0112100644037, 0.00648760329932, 0.0158555172384, 0.00808314513415, 0.0063886474818, 0.0130331283435, 0.000981714809313],
        "mean": [6.3387073169e-05, 0.000319973827573, 0.000512654427439, 0.000960494915489, 0.00238264119253, 0.000744182558265, 0.000411933200667, 0.00115429772995, 0.00050618685782, 0.00177274981979, 0.000762834446505, 0.000884457374923, 0.000778591784183, 0.00192871852778, 0.000561637280043, 0.000991033273749, 0.000806219410151, 0.000529715674929, 0.000535005761776, 0.000591084186453, 0.000878021761309, 0.000505479169078, 0.000316850666422, 0.000346160348272, 0.000337091274559, 0.000385402323445, 2.18673121708e-05],
        "min": [2.47292382483e-06, 2.60993289203e-07, 5.63833282285e-07, 7.73220733663e-07, 6.50572928862e-06, 4.2011088226e-06, 2.52881432061e-06, 1.74340220838e-06, 2.22979610953e-06, 7.70997212385e-06, 6.96110930676e-07, 2.46264062298e-06, 8.82852248196e-07, 9.30083297135e-06, 4.87689840156e-06, 5.52555184186e-06, 1.75439836312e-05, 1.44140867633e-05, 1.55589823407e-05, 1.51178110173e-05, 7.802555956e-06, 3.98559586756e-06, 5.55001133762e-06, 2.52972722592e-06, 1.00710019524e-06, 4.63650110305e-07, 8.8937267273e-11],
        "stdev": [1.61054140335e-05, 0.000492912367918, 0.000818555185106, 0.0013724603923, 0.00453161075711, 0.00100408110302, 0.000725263555069, 0.00179055903573, 0.00172970048152, 0.00393799040467, 0.00274088419974, 0.0045862342231, 0.00318272644654, 0.00356668746099, 0.00122146052308, 0.00246974569745, 0.000860069703776, 0.000716102134902, 0.000756029388867, 0.000628317007795, 0.00121364265215, 0.000633879797533, 0.000710685446393, 0.000654265924823, 0.000693376292475, 0.00103561859578, 6.98341900716e-05]
    },
    "erbbands": {
        "max": [0.0560020618141, 1.38760674, 8.80876541138, 21.7148132324, 92.9959869385, 186.278259277, 98.1429977417, 83.0788650513, 196.794174194, 302.679595947, 714.671203613, 655.258422852, 1205.19177246, 2697.05200195, 2444.26147461, 3675.16918945, 3828.73608398, 1679.25927734, 890.731445312, 422.918395996, 1190.32617188, 351.746612549, 477.405822754, 472.502838135, 869.295654297, 427.934539795, 446.591064453, 407.861816406, 119.327934265, 329.633972168, 493.133392334, 119.17375946, 193.533630371, 102.780509949, 46.1281394958, 33.7877578735, 26.038526535, 6.15974092484, 0.109683305025, 0.00320877181366],
        "mean": [0.00422643078491, 0.092772193253, 0.493407279253, 1.98439955711, 6.25278759003, 8.31710910797, 5.84774971008, 5.80931568146, 6.82042074203, 13.2455253601, 22.3227558136, 13.5878124237, 56.746257782, 28.1162872314, 39.4826164246, 43.2220573425, 39.8390083313, 95.7192306519, 49.6870307922, 31.5890693665, 60.7039337158, 35.531703949, 29.8617134094, 27.7228374481, 28.2663002014, 32.160987854, 37.2713775635, 25.2613124847, 16.9459457397, 16.5194091797, 7.83477973938, 6.47507762909, 6.09903860092, 4.04838848114, 2.30548810959, 1.24448037148, 0.766661703587, 0.165138721466, 0.00307734496891, 0.000121012541058],
        "min": [0.000103327045508, 0.000121971941553, 0.00112581625581, 0.00574171217158, 0.0291212163866, 0.0139391189441, 0.0437393188477, 0.0314476490021, 0.0464862547815, 0.144569799304, 0.158694624901, 0.0883764103055, 0.257639974356, 0.328668266535, 0.127283528447, 0.113516636193, 0.125301897526, 0.443439513445, 1.49740052223, 0.554027497768, 0.738552749157, 1.13691282272, 0.80811971426, 1.08190596104, 0.929158627987, 0.817335784435, 0.370162844658, 0.200346961617, 0.148588076234, 0.192861109972, 0.216496229172, 0.0694970712066, 0.0347001515329, 0.0153511622921, 0.00656394287944, 0.00178797089029, 0.000961628509685, 9.20144229895e-05, 7.62490071793e-06, 3.33753632731e-06],
        "stdev": [0.00588654354215, 0.142432540655, 0.747268855572, 2.50668311119, 9.27646636963, 19.3823280334, 7.66725921631, 8.34645175934, 10.7076873779, 26.3088226318, 37.7766304016, 30.2879695892, 87.4687042236, 151.553375244, 141.371292114, 218.127487183, 159.877349854, 165.433532715, 83.6359863281, 47.6177062988, 130.706054688, 40.2441635132, 38.8205108643, 37.2272071838, 43.0436439514, 34.810798645, 56.8014373779, 33.5547828674, 16.9541397095, 34.6282501221, 19.6745128632, 11.3924760818, 13.1796913147, 8.9395532608, 4.90268421173, 3.09911155701, 2.08431220055, 0.506759703159, 0.00920380931348, 0.000266337272478]
    },
    "gfcc": {
        "mean": [35.2423286438, 38.3270874023, -132.341567993, 28.8477668762, -64.038734436, 8.33531665802, -41.1156158447, 3.7657494545, -32.9838600159, 2.08834576607, -30.2232303619, -3.65292358398, -17.295135498],
        "cov": [[1524.11584473, -705.186889648, 471.8671875, -164.198364258, 10.4362068176, 102.497711182, -202.360809326, 29.8936042786, -110.249824524, 2.19946193695, -88.1703414917, 79.6516113281, -56.3742408752], [-705.186889648, 876.391784668, -401.319549561, 232.135269165, -5.61119747162, -65.7493743896, 139.448776245, -65.1561279297, 77.2985153198, -63.8154258728, 108.429496765, -59.3687705994, 24.7562828064], [471.8671875, -401.319549561, 730.422790527, -123.500526428, 43.5505905151, 25.8911209106, -156.529022217, 111.547988892, -94.2397079468, 19.1854305267, -57.4260787964, 49.3248329163, -56.5943412781], [-164.198364258, 232.135269165, -123.500526428, 332.140838623, 11.059337616, -19.6177577972, 30.1453342438, -70.4933547974, 40.0667381287, 28.1740512848, 25.5868339539, -73.3564300537, 57.6173210144], [10.4362068176, -5.61119747162, 43.5505905151, 11.059337616, 156.174926758, 29.9973373413, 60.8655967712, 8.9135351181, -11.6503400803, 23.8038005829, -17.089597702, -5.04723834991, -20.4592094421], [102.497711182, -65.7493743896, 25.8911209106, -19.6177577972, 29.9973373413, 177.470932007, 52.7726783752, 3.03246188164, -5.12306022644, -0.36039736867, 11.6766452789, -23.2007541656, -18.5653762817], [-202.360809326, 139.448776245, -156.529022217, 30.1453342438, 60.8655967712, 52.7726783752, 223.56427002, 15.0554561615, 11.5252962112, 0.994533836842, 11.9055604935, -26.4052238464, -10.8359117508], [29.8936042786, -65.1561279297, 111.547988892, -70.4933547974, 8.9135351181, 3.03246188164, 15.0554561615, 169.467269897, 54.3118133545, -26.6012611389, -44.7427940369, 8.21313858032, -19.9245738983], [-110.249824524, 77.2985153198, -94.2397079468, 40.0667381287, -11.6503400803, -5.12306022644, 11.5252962112, 54.3118133545, 143.968933105, -0.203945785761, -29.2284984589, -30.4931354523, 2.67505431175], [2.19946193695, -63.8154258728, 19.1854305267, 28.1740512848, 23.8038005829, -0.36039736867, 0.994533836842, -26.6012611389, -0.203945785761, 116.158737183, 34.7822723389, -28.1985626221, -11.1986618042], [-88.1703414917, 108.429496765, -57.4260787964, 25.5868339539, -17.089597702, 11.6766452789, 11.9055604935, -44.7427940369, -29.2284984589, 34.7822723389, 121.680213928, 3.04090166092, -22.5529975891], [79.6516113281, -59.3687705994, 49.3248329163, -73.3564300537, -5.04723834991, -23.2007541656, -26.4052238464, 8.21313858032, -30.4931354523, -28.1985626221, 3.04090166092, 116.119194031, 28.4394111633], [-56.3742408752, 24.7562828064, -56.5943412781, 57.6173210144, -20.4592094421, -18.5653762817, -10.8359117508, -19.9245738983, 2.67505431175, -11.1986618042, -22.5529975891, 28.4394111633, 102.70413208]],
        "icov": [[0.00129611161537, 0.000794895458966, -5.06051583216e-05, -0.000583318353165, 3.43091742252e-05, -0.000772305589635, 0.000778282003012, 4.16031361965e-05, 0.00050521409139, 0.000255841761827, 0.000638878496829, -0.00092100322945, 0.0011866617715], [0.000794895458966, 0.00335012492724, 0.000270541902864, -0.00123341311701, -0.000888894952368, 0.00128268671688, -0.000781321083196, 0.000632889335975, -0.00136075611226, 0.00363118504174, -0.00334416958503, 0.000875962956343, 1.94235562958e-05], [-5.06051583216e-05, 0.000270541902864, 0.0033260283526, -0.00100151973311, -0.000573363795411, -0.00105525937397, 0.00255639781244, -0.00312991533428, 0.00317696551792, -0.00142299465369, 0.0017328239046, -0.00139833253343, 0.00218900223263], [-0.000583318353165, -0.00123341311701, -0.00100151973311, 0.00643303385004, -0.00122504786123, 0.00130676187109, -0.000911479117349, 0.00238360860385, -0.00242198444903, 6.40600264887e-05, -0.00224222103134, 0.00490187946707, -0.00560493767262], [3.43091742252e-05, -0.000888894952368, -0.000573363795411, -0.00122504786123, 0.00936814211309, -0.00158746284433, -0.00230885483325, -0.000134568763315, 0.00167636643164, -0.00378241646104, 0.00460592191666, -0.00282942363992, 0.00325274164788], [-0.000772305589635, 0.00128268671688, -0.00105525937397, 0.00130676187109, -0.00158746284433, 0.00862482842058, -0.00339572597295, 0.00170954898931, -0.00256372708827, 0.0035361663904, -0.00477408245206, 0.00416294019669, -0.00258021079935], [0.000778282003012, -0.000781321083196, 0.00255639781244, -0.000911479117349, -0.00230885483325, -0.00339572597295, 0.00892021227628, -0.00356467044912, 0.00341604440473, -0.00183668057434, 0.00227407552302, -0.00125772447791, 0.0022697802633], [4.16031361965e-05, 0.000632889335975, -0.00312991533428, 0.00238360860385, -0.000134568763315, 0.00170954898931, -0.00356467044912, 0.0119336126372, -0.00712173618376, 0.00348993809894, -0.000854572223034, 0.00102567928843, -0.000876046251506], [0.00050521409139, -0.00136075611226, 0.00317696551792, -0.00242198444903, 0.00167636643164, -0.00256372708827, 0.00341604440473, -0.00712173618376, 0.0142113072798, -0.00467380974442, 0.00656099617481, -0.00152429682203, 0.00354705913924], [0.000255841761827, 0.00363118504174, -0.00142299465369, 6.40600264887e-05, -0.00378241646104, 0.0035361663904, -0.00183668057434, 0.00348993809894, -0.00467380974442, 0.0164690054953, -0.00968815386295, 0.0059764906764, -0.00305079249665], [0.000638878496829, -0.00334416958503, 0.0017328239046, -0.00224222103134, 0.00460592191666, -0.00477408245206, 0.00227407552302, -0.000854572223034, 0.00656099617481, -0.00968815386295, 0.0196783617139, -0.0077627459541, 0.0087416972965], [-0.00092100322945, 0.000875962956343, -0.00139833253343, 0.00490187946707, -0.00282942363992, 0.00416294019669, -0.00125772447791, 0.00102567928843, -0.00152429682203, 0.0059764906764, -0.0077627459541, 0.0173894502223, -0.00981054548174], [0.0011866617715, 1.94235562958e-05, 0.00218900223263, -0.00560493767262, 0.00325274164788, -0.00258021079935, 0.0022697802633, -0.000876046251506, 0.00354705913924, -0.00305079249665, 0.0087416972965, -0.00981054548174, 0.019196242094]]
    },
    "melbands": {
        "max": [0.000954221701249, 0.00338760018349, 0.00350326113403, 0.0111714946106, 0.00300187873654, 0.00168231909629, 0.00307735195383, 0.00373944081366, 0.00600150274113, 0.00559061858803, 0.00605381559581, 0.0112258158624, 0.00717851519585, 0.00495996652171, 0.00815751217306, 0.00560962036252, 0.00384388235398, 0.00143475539517, 0.000773696228862, 0.00134686392266, 0.00120868044905, 0.00046066311188, 0.000539006374311, 0.000344986940036, 0.000481808092445, 0.000456048728665, 0.000448849343229, 0.000264748377958, 0.00040415165131, 0.000530773715582, 0.000186639750609, 9.66446750681e-05, 0.00010911814752, 0.000216665692278, 0.00040573667502, 0.000119119104056, 5.43657733942e-05, 0.000105745224573, 0.000136460148497, 0.000120537784824],
        "mean": [6.53375609545e-05, 0.000226666408707, 0.00047108027502, 0.000569364463445, 0.000229014127399, 0.000136135684443, 9.6806215879e-05, 0.000165825054864, 0.00017065324937, 8.31479846966e-05, 0.000280807784293, 0.000106551735371, 0.00011294583237, 0.000103841150121, 0.000107403931906, 7.63399366406e-05, 0.000201176924747, 9.04878033907e-05, 3.39138423442e-05, 6.91845780239e-05, 6.97143696016e-05, 4.03436024499e-05, 3.0288405469e-05, 2.47485331784e-05, 2.19309404201e-05, 1.83535739779e-05, 2.17881861317e-05, 1.96249093278e-05, 2.2443889975e-05, 2.33916052821e-05, 1.18978086903e-05, 1.07753257907e-05, 7.71129634813e-06, 8.92741900316e-06, 4.30780437455e-06, 3.81522204407e-06, 4.00285489377e-06, 4.11452447224e-06, 4.11334531236e-06, 3.28476266986e-06],
        "min": [1.86670615676e-06, 4.11325828509e-07, 3.63268873116e-06, 1.395114964e-06, 2.53849043474e-06, 6.14173984559e-07, 5.52183678337e-07, 2.15181216845e-07, 1.08598010229e-06, 5.91578896092e-07, 1.09362952116e-06, 6.47091439987e-07, 1.16803597905e-07, 2.86548981876e-07, 2.7146606385e-07, 1.80749083256e-07, 7.13071017344e-07, 1.17521892662e-06, 3.80499102448e-07, 8.28589676871e-08, 4.328535681e-07, 9.01353473637e-07, 7.30483122879e-08, 5.3445745607e-07, 4.33008722212e-07, 2.15540183035e-07, 4.79285120036e-07, 4.85425459829e-07, 2.1930216576e-07, 1.86910583011e-07, 6.79384584146e-08, 6.99619420175e-08, 9.4365347536e-08, 1.08085238537e-07, 1.23690782061e-07, 5.19647151975e-08, 3.13323482715e-08, 2.36770105744e-08, 1.55853214778e-08, 7.8985866736e-09],
        "stdev": [9.43680788623e-05, 0.00031682671397, 0.000550471828319, 0.00120143603999, 0.000299400824588, 0.000187450481462, 0.000157127549755, 0.000325107830577, 0.000310282979626, 0.000217882537981, 0.000436335656559, 0.000635033240542, 0.000399030075641, 0.000374181341613, 0.000503424438648, 0.000239485729253, 0.000369668152416, 0.000167397360201, 7.35677676857e-05, 0.000163111719303, 0.000133472058224, 4.96074389957e-05, 5.08954944962e-05, 3.03300839732e-05, 3.56061791535e-05, 2.8238617233e-05, 2.88710580207e-05, 2.32030615734e-05, 4.64711447421e-05, 3.94394046452e-05, 1.74773467734e-05, 1.22908359117e-05, 1.24096322907e-05, 1.97764748009e-05, 1.40706388265e-05, 7.82196184446e-06, 6.94769414622e-06, 8.43147427076e-06, 9.43827490119e-06, 7.98461041995e-06]
    },
    "melbands128": {
        "max": [0.000100390505395, 0.000292983604595, 0.00125796394423, 0.00272884918377, 0.00396664673463, 0.00532532064244, 0.0052885892801, 0.00644003227353, 0.00834853760898, 0.0192090161145, 0.0119150038809, 0.00387043366209, 0.00451818061993, 0.003167321207, 0.00251795165241, 0.00212020077743, 0.0020956012886, 0.00588327553123, 0.00350205088034, 0.00449497997761, 0.0061690392904, 0.00451851636171, 0.0110024409369, 0.00613082200289, 0.00708097638562, 0.00727476272732, 0.0199166573584, 0.010745014064, 0.00609099958092, 0.01319392398, 0.0180311985314, 0.00138140667696, 0.00801185611635, 0.0150692779571, 0.0044615981169, 0.00521437590942, 0.0233209598809, 0.00907885655761, 0.0214313585311, 0.0134192965925, 0.00134907476604, 0.00378089211881, 0.00551853096113, 0.00863233208656, 0.00382931926288, 0.00273337820545, 0.00284375320189, 0.00145502912346, 0.000964109320194, 0.00121207174379, 0.0020331130363, 0.00406240811571, 0.00224697566591, 0.000868739269208, 0.000917578232475, 0.00100573070813, 0.000842182489578, 0.000925528118387, 0.00120725866873, 0.000839949119836, 0.000703375379089, 0.000816807034425, 0.0008581012371, 0.000609775888734, 0.000272967241472, 0.000426409766078, 0.00117921130732, 0.00110320514068, 0.000354470568709, 0.000839769432787, 0.000326528126607, 0.00018348931917, 0.000423729099566, 0.000789141107816, 0.000428552360972, 0.00146289507393, 0.000472337909741, 0.000517940963618, 0.000194991342141, 0.000191888466361, 0.000199518515728, 9.28309964365e-05, 6.47255219519e-05, 0.000197914981982, 0.000336897559464, 0.000532449106686, 0.00022796203848, 0.000525413604919, 0.000611408206169, 0.000220124100451, 0.00012822530698, 0.000143021650729, 0.000109724423965, 7.48886232032e-05, 7.24846904632e-05, 8.91888848855e-05, 5.72857243242e-05, 0.000397810305003, 0.000135063819471, 0.00010814860434, 6.3618477725e-05, 0.000199185436941, 0.000173349966644, 7.81197450124e-05, 8.57394843479e-05, 6.31217699265e-05, 4.59965667687e-05, 7.92790087871e-05, 0.000103367849078, 4.57029418612e-05, 4.79341215396e-05, 6.43411767669e-05, 9.28885783651e-05, 0.000110163528007, 0.000121545948787, 8.75286423252e-05, 3.74765331799e-05, 3.18861509641e-07, 1.35979840721e-08, 1.34783055827e-08, 1.33402151548e-08, 1.31347128729e-08, 1.30155823896e-08, 1.28510615482e-08, 1.2728038179e-08, 1.26031052261e-08, 1.25346790725e-08, 1.24776891042e-08],
        "mean": [1.7249274606e-05, 1.85572898772e-05, 7.15489150025e-05, 0.000178735353984, 0.000212800281588, 0.000274509424344, 0.000347969413269, 0.000546904630028, 0.000619632890448, 0.000709085201379, 0.000441058422439, 0.000256989325862, 0.000195599190192, 0.000154197332449, 0.00011950264161, 0.000140354022733, 0.000137304872624, 8.17725158413e-05, 5.22756345163e-05, 0.000151260945131, 0.000232109683566, 0.000177723064553, 0.000223756578634, 6.73567919875e-05, 6.70532317599e-05, 4.49781509815e-05, 0.000205671574804, 0.000488703488372, 0.000132873596158, 0.000121314711578, 0.000108464992081, 3.80722558475e-05, 0.000101975303551, 0.000215042033233, 5.19054447068e-05, 6.8590787123e-05, 0.000186618461157, 6.7869972554e-05, 0.00011691047257, 7.81762064435e-05, 3.87953987229e-05, 0.000115047165309, 0.000187682075193, 0.000323495216435, 8.90530427569e-05, 5.37954838364e-05, 6.83595208102e-05, 2.93765951938e-05, 2.0528674213e-05, 3.03787874145e-05, 7.33861161279e-05, 0.000122975630802, 5.02680231875e-05, 6.07224756095e-05, 8.33235972095e-05, 2.23987481149e-05, 1.89786387637e-05, 4.07095212722e-05, 2.90033767669e-05, 2.25905187108e-05, 2.88478113362e-05, 1.65060027939e-05, 3.54416843038e-05, 1.80389379238e-05, 1.11269346235e-05, 1.70061539393e-05, 2.49420681939e-05, 2.02920982701e-05, 1.56835485541e-05, 3.37946985383e-05, 1.93502528418e-05, 1.28436558953e-05, 1.84815125976e-05, 2.73954901786e-05, 1.73022126546e-05, 3.72996728402e-05, 1.65759865922e-05, 1.18130283226e-05, 1.10981209218e-05, 1.19761180031e-05, 1.45804497151e-05, 8.26887026051e-06, 6.16400711806e-06, 5.31295700057e-06, 1.11336466944e-05, 1.37637407533e-05, 6.14625241724e-06, 4.10931079387e-06, 4.51150117442e-06, 3.93935670218e-06, 4.27998156738e-06, 3.26531903738e-06, 4.02267914978e-06, 4.10081520386e-06, 3.9442961679e-06, 3.9867736632e-06, 3.65924347534e-06, 5.27155725649e-06, 4.31317812399e-06, 3.56930468115e-06, 3.02802459373e-06, 3.464918791e-06, 3.29205818161e-06, 2.6928164516e-06, 2.55200006904e-06, 2.41317502514e-06, 2.26516863222e-06, 2.23709935199e-06, 2.17122010326e-06, 1.92636525753e-06, 2.02678847927e-06, 1.97795702661e-06, 2.86469207822e-06, 2.74338503914e-06, 2.90947264148e-06, 2.26499287237e-06, 8.3022086983e-07, 1.8743782082e-09, 5.41871825188e-11, 2.07322527201e-11, 2.00927052774e-11, 1.97872881275e-11, 1.95577599255e-11, 1.93174226615e-11, 1.91230677127e-11, 1.8962092313e-11, 1.88446602073e-11, 1.87447227878e-11],
        "min": [2.32773356146e-08, 8.23041318654e-07, 7.35249727768e-08, 1.35408697588e-08, 2.98476606986e-07, 2.35426114159e-07, 5.55659767087e-07, 2.12408707512e-07, 2.27074338e-06, 6.58184603708e-07, 2.21911236054e-07, 2.37880783516e-07, 2.44518020054e-07, 9.67103517269e-08, 4.99624057682e-08, 1.91808425143e-07, 6.37132643533e-07, 3.9647329686e-07, 1.77053848915e-07, 4.1599172107e-08, 1.1303538372e-07, 3.02925798223e-07, 1.16940512385e-07, 8.28616535387e-08, 3.50905828839e-08, 1.02895370446e-07, 3.22044542145e-07, 1.30633594608e-07, 3.38392482035e-07, 1.05200221867e-07, 4.81672941532e-08, 1.25335954948e-08, 5.65015128018e-08, 3.79085456359e-08, 3.08586258768e-08, 3.15520587435e-08, 8.34620905721e-08, 9.28820327317e-08, 2.26480629806e-08, 4.70417340637e-08, 3.46987647504e-08, 6.79902285583e-08, 1.73242270307e-07, 3.51131859588e-07, 6.70260504876e-08, 1.10636541706e-07, 1.00399255132e-07, 2.46977407414e-08, 7.60434701874e-08, 4.43821228657e-08, 2.86584214138e-08, 3.09967127521e-08, 6.2132635037e-08, 8.90580693635e-08, 2.95914361459e-07, 5.62483855049e-08, 9.47793221684e-09, 1.80769372804e-08, 1.21283905141e-09, 7.25042568206e-08, 8.59489617255e-08, 1.9135663365e-07, 2.27509531214e-07, 1.95395941205e-07, 4.32384510418e-08, 8.81022259591e-08, 1.88143033597e-07, 5.89547646257e-08, 1.14915110316e-07, 4.61052849232e-08, 2.53197327993e-07, 9.55187502427e-08, 4.92194658364e-08, 3.67443817595e-08, 1.63660970998e-07, 1.6698811578e-07, 4.43699512687e-08, 7.95058774372e-09, 4.73330032946e-08, 3.45395392287e-08, 4.35568381363e-08, 8.16832042005e-08, 4.17235064276e-08, 3.21721564944e-08, 9.10525415065e-08, 6.18862756596e-08, 2.54822065671e-08, 2.00797494188e-08, 6.35879686683e-08, 5.62625857015e-08, 1.93465705678e-08, 3.71378980901e-08, 2.55499177371e-08, 1.49545495987e-08, 1.48689487389e-08, 2.36691413136e-08, 1.30884894034e-08, 1.09966382666e-08, 2.40657946904e-08, 6.30209351371e-09, 4.23618251588e-09, 8.85898110425e-09, 2.16806572695e-09, 4.29440083494e-09, 3.55997409329e-09, 2.60130228469e-09, 3.07982062075e-09, 2.41773379095e-09, 2.53665910499e-09, 1.63179425527e-09, 1.66149483061e-09, 2.4135355936e-09, 2.92690405246e-09, 1.99321781302e-09, 9.13952968862e-10, 1.31465366371e-10, 6.87189671486e-13, 3.85263517052e-13, 1.70837289085e-13, 2.13489124924e-13, 2.28791513729e-13, 1.86102178047e-13, 2.01856706263e-13, 1.89271111262e-13, 1.35968452751e-13, 1.86036868419e-13, 1.97146810053e-13, 2.28311862688e-13],
        "stdev": [9.99898929877e-06, 2.49217246164e-05, 0.000119323012768, 0.000285261048703, 0.000359676778316, 0.000436109607108, 0.000510052428581, 0.000841073924676, 0.000842883368023, 0.00203476659954, 0.00113201013301, 0.000399714626838, 0.000310496485326, 0.00030320539372, 0.000254731159657, 0.000231499565416, 0.000236851032241, 0.000224049101234, 0.000150835592649, 0.00036440580152, 0.000561559631024, 0.0003124710056, 0.000538306427188, 0.00024341554672, 0.000266055081738, 0.000235586849158, 0.000649009365588, 0.000746735779103, 0.000291512929834, 0.000811470032204, 0.000966986292042, 0.000113074507681, 0.000418711075326, 0.000956871954259, 0.000224444956984, 0.000254528073128, 0.00135103042703, 0.000428300205385, 0.000756256049499, 0.000467050354928, 0.000116656323371, 0.000371738540707, 0.000409511616454, 0.000828684889711, 0.000282231514575, 0.000164526019944, 0.000221174021135, 0.000109734181024, 5.11963298777e-05, 6.89407679602e-05, 0.000207910459721, 0.000425024860306, 0.000214501007576, 9.33242263272e-05, 0.000117556504847, 6.83578473399e-05, 5.13017475896e-05, 8.26489413157e-05, 7.91468337411e-05, 5.54352154722e-05, 4.69603437523e-05, 3.71017922589e-05, 6.8612062023e-05, 3.93219524994e-05, 1.99154383154e-05, 3.3035834349e-05, 5.38582353329e-05, 5.32405028935e-05, 2.88929386443e-05, 5.40624168934e-05, 3.56701639248e-05, 1.9101838916e-05, 4.29958527093e-05, 8.41647779453e-05, 3.41744707839e-05, 8.93878459465e-05, 3.69429399143e-05, 3.33719908667e-05, 2.08504188777e-05, 1.95167904167e-05, 2.21554855671e-05, 1.13931237138e-05, 7.86046257417e-06, 9.6058820418e-06, 3.05930952891e-05, 4.23001329182e-05, 1.33143521452e-05, 1.61024727277e-05, 2.04322404898e-05, 1.01508121588e-05, 9.55324139795e-06, 7.64464948588e-06, 7.91867205407e-06, 7.73859756009e-06, 7.89441946836e-06, 8.09645916888e-06, 7.37455093258e-06, 1.90358514374e-05, 1.02039575722e-05, 8.11532481748e-06, 6.71646148476e-06, 1.04813543658e-05, 1.02772410173e-05, 6.49981075185e-06, 6.44193733024e-06, 5.64262018088e-06, 4.96082748214e-06, 5.94064295001e-06, 6.76254649079e-06, 4.8936199164e-06, 5.00600390296e-06, 5.71021746509e-06, 8.02858357929e-06, 8.19164051791e-06, 9.66490097198e-06, 7.50737353883e-06, 2.62131197815e-06, 1.20690843985e-08, 6.36870778337e-10, 4.03043209918e-10, 4.01703670327e-10, 3.97686300557e-10, 3.94833971074e-10, 3.90730642286e-10, 3.87340548524e-10, 3.8411521186e-10, 3.8206640629e-10, 3.80400155819e-10]
    },
    "mfcc": {
        "mean": [-607.790161133, 75.1105880737, -11.5911245346, 20.2068729401, -5.24379873276, 2.35945773125, -3.62418818474, -3.65115213394, 0.508684337139, -0.910946249962, -3.32973790169, -6.03680896759, -10.4953994751],
        "cov": [[1333.06665039, -376.105895996, 139.111221313, -160.227798462, 123.8852005, 21.8628997803, -32.0294647217, -37.8918876648, -47.4178390503, -113.742218018, -76.9957580566, -56.4398841858, 69.0277862549], [-376.105895996, 458.216339111, -151.986419678, 79.6530609131, -60.6844139099, -7.85387706757, 14.1189680099, 66.2855377197, -25.881313324, 0.236658811569, 26.4935665131, 0.166923418641, 30.3249702454], [139.111221313, -151.986419678, 436.298065186, -76.756729126, 132.199417114, -63.6466674805, 6.5018029213, -3.25797462463, -6.37505435944, 4.53466320038, -29.6305351257, -23.2047023773, 9.02219200134], [-160.227798462, 79.6530609131, -76.756729126, 289.519226074, -7.69920539856, 29.9760093689, -4.25958824158, -61.3748817444, 47.4318008423, -7.55562591553, 14.0571289062, 14.5119724274, -29.1317405701], [123.8852005, -60.6844139099, 132.199417114, -7.69920539856, 162.125518799, -11.8166513443, -20.5864219666, -19.3039703369, 0.592017054558, -5.22836303711, -20.9867191315, -19.031873703, 22.1192874908], [21.8628997803, -7.85387706757, -63.6466674805, 29.9760093689, -11.8166513443, 170.837768555, 63.5090637207, -31.2297649384, -24.7458648682, 3.04768419266, 14.4293012619, 30.3436126709, -44.6977806091], [-32.0294647217, 14.1189680099, 6.5018029213, -4.25958824158, -20.5864219666, 63.5090637207, 167.94732666, 14.0221405029, -25.6688671112, -4.58248710632, 29.9986438751, 34.7628479004, -47.6514663696], [-37.8918876648, 66.2855377197, -3.25797462463, -61.3748817444, -19.3039703369, -31.2297649384, 14.0221405029, 166.838928223, 45.0515594482, 31.7147407532, -7.94985485077, -21.6530151367, 38.9147644043], [-47.4178390503, -25.881313324, -6.37505435944, 47.4318008423, 0.592017054558, -24.7458648682, -25.6688671112, 45.0515594482, 167.034713745, 35.5081748962, -27.1954269409, -33.357093811, 8.75742721558], [-113.742218018, 0.236658811569, 4.53466320038, -7.55562591553, -5.22836303711, 3.04768419266, -4.58248710632, 31.7147407532, 35.5081748962, 188.927886963, 68.4408721924, 6.56268501282, -61.0546112061], [-76.9957580566, 26.4935665131, -29.6305351257, 14.0571289062, -20.9867191315, 14.4293012619, 29.9986438751, -7.94985485077, -27.1954269409, 68.4408721924, 114.947212219, 46.2883415222, -48.0657043457], [-56.4398841858, 0.166923418641, -23.2047023773, 14.5119724274, -19.031873703, 30.3436126709, 34.7628479004, -21.6530151367, -33.357093811, 6.56268501282, 46.2883415222, 96.7999420166, -6.40864801407], [69.0277862549, 30.3249702454, 9.02219200134, -29.1317405701, 22.1192874908, -44.6977806091, -47.6514663696, 38.9147644043, 8.75742721558, -61.0546112061, -48.0657043457, -6.40864801407, 161.576461792]],
        "icov": [[0.00122786173597, 0.0010338636348, 0.000167521167896, 0.000285760994302, -0.000567492214032, -0.000401448574848, 6.17962577962e-05, -0.000191380386241, 0.000464547425508, 0.000601192878094, -0.000306922505843, 0.000893742777407, -0.000499340647366], [0.0010338636348, 0.00408447161317, 0.00103181914892, -0.00118642824236, -0.000165004530572, 0.000168722690432, -0.000367896427633, -0.00189748534467, 0.00196941103786, 0.00031765649328, -0.000805913412478, 0.0016047192039, -0.0012248280691], [0.000167521167896, 0.00103181914892, 0.00386174907908, 0.000401689525461, -0.00283240270801, 0.00166988896672, -0.00121848867275, -0.000112604648166, 0.000593697826844, -0.000458005757537, 0.000823305104859, 0.000145640166011, 0.000154482360813], [0.000285760994302, -0.00118642824236, 0.000401689525461, 0.00525704724714, -0.000665333529469, -0.000608267378993, 0.000257647538092, 0.00256125605665, -0.00280270539224, 0.000970107037574, -0.000707678846084, -0.000630347058177, 0.000690881046467], [-0.000567492214032, -0.000165004530572, -0.00283240270801, -0.000665333529469, 0.0092972042039, -0.000853483332321, 0.000680258031934, 0.00113028928172, 1.07754249257e-05, -0.000759903108701, 0.000107018524432, 0.00110017461702, -0.00148111139424], [-0.000401448574848, 0.000168722690432, 0.00166988896672, -0.000608267378993, -0.000853483332321, 0.00853774324059, -0.00309196836315, 0.000946971471421, 0.000805135176051, -0.00105774751864, 0.00192425877322, -0.00174733565655, 0.00133545917924], [6.17962577962e-05, -0.000367896427633, -0.00121848867275, 0.000257647538092, 0.000680258031934, -0.00309196836315, 0.00914057530463, -0.00253927381709, 0.000132902641781, 0.00231894687749, -0.00153004890308, -0.00223331782036, 0.00284125027247], [-0.000191380386241, -0.00189748534467, -0.000112604648166, 0.00256125605665, 0.00113028928172, 0.000946971471421, -0.00253927381709, 0.0102705070749, -0.00316690048203, -0.00222830660641, 0.000323845248204, 0.00133955013007, -0.00273016584106], [0.000464547425508, 0.00196941103786, 0.000593697826844, -0.00280270539224, 1.07754249257e-05, 0.000805135176051, 0.000132902641781, -0.00316690048203, 0.00959016848356, -0.00234357640147, 0.00258932844736, 0.00200673006475, -0.000638859055471], [0.000601192878094, 0.00031765649328, -0.000458005757537, 0.000970107037574, -0.000759903108701, -0.00105774751864, 0.00231894687749, -0.00222830660641, -0.00234357640147, 0.00966396555305, -0.00596428709105, 0.000529694836587, 0.00294149457477], [-0.000306922505843, -0.000805913412478, 0.000823305104859, -0.000707678846084, 0.000107018524432, 0.00192425877322, -0.00153004890308, 0.000323845248204, 0.00258932844736, -0.00596428709105, 0.0170093011111, -0.00650546653196, 0.00250508473255], [0.000893742777407, 0.0016047192039, 0.000145640166011, -0.000630347058177, 0.00110017461702, -0.00174733565655, -0.00223331782036, 0.00133955013007, 0.00200673006475, 0.000529694836587, -0.00650546653196, 0.0163711663336, -0.00361454742961], [-0.000499340647366, -0.0012248280691, 0.000154482360813, 0.000690881046467, -0.00148111139424, 0.00133545917924, 0.00284125027247, -0.00273016584106, -0.000638859055471, 0.00294149457477, 0.00250508473255, -0.00361454742961, 0.0105638010427]]
    },
    "spectral_contrast_coeffs": {
        "max": [-0.414590835571, -0.460786819458, -0.384232580662, -0.458988428116, -0.571702122688, -0.588386595249],
        "mean": [-0.680771529675, -0.729157447815, -0.688305199146, -0.710954427719, -0.729282259941, -0.735252678394],
        "min": [-0.871300160885, -0.894496440887, -0.88647043705, -0.868732690811, -0.858673393726, -0.865991234779],
        "stdev": [0.0706645101309, 0.0673746913671, 0.0843721032143, 0.0698012113571, 0.0548304058611, 0.0533975064754]
    },
    "spectral_contrast_valleys": {
        "max": [-5.6382818222, -5.5557103157, -6.05329751968, -6.0019288063, -5.57640075684, -7.51486968994],
        "mean": [-7.22402572632, -7.13697099686, -7.76978778839, -7.7943482399, -7.32139015198, -9.59105205536],
        "min": [-9.8113193512, -8.95971488953, -9.43113899231, -9.40110492706, -8.78750610352, -11.3463182449],
        "stdev": [0.583764016628, 0.582111001015, 0.589804768562, 0.625441193581, 0.620894193649, 0.822440326214]
    }
},
"rhythm": {
    "beats_count": 74,
    "beats_loudness": {
        "max": 0.0771584063768,
        "mean": 0.0293115153909,
        "min": 0.00590118858963,
        "stdev": 0.0184309501201
    },
    "bpm": 138.343170166,
    "bpm_histogram_first_peak_bpm": 140,
    "bpm_histogram_first_peak_weight": 0.50704228878,
    "bpm_histogram_second_peak_bpm": 148,
    "bpm_histogram_second_peak_spread": 0.5,
    "bpm_histogram_second_peak_weight": 0.0136986300349,
    "danceability": 1.16517996788,
    "onset_rate": 3.81445288658,
    "beats_loudness_band_ratio": {
        "max": [0.430059880018, 0.778203547001, 0.868109047413, 0.855859398842, 0.571053206921, 0.487815648317],
        "mean": [0.155040502548, 0.197294384241, 0.154296353459, 0.201635688543, 0.165770694613, 0.212000414729],
        "min": [0.00843521766365, 0.00209752866067, 0.0113669969141, 0.020754724741, 0.00987219437957, 0.0196230709553],
        "stdev": [0.0952194482088, 0.186305239797, 0.151419848204, 0.19150185585, 0.128682985902, 0.102870948613]
    },
