{
"metadata": {
    "version": {
        "essentia": "2.1-beta5",
        "essentia_git_sha": "Undefined",
        "extractor": "music 2.0"
    },
    "audio_properties": {
        "analysis": {
            "equal_loudness": 0,
            "length": 48.7502937317,
            "sample_rate": 44100,
            "start_time": 61.4980506897,
            "downmix": "mix"
        },
        "bit_rate": 192000,
        "length": 184.052978516,
        "lossless": 0,
        "number_channels": 2,
        "replay_gain": -6.94058609009,
        "sample_rate": 48000,
        "codec": "mp3",
        "md5_encoded": "db10a303b31c0085b20c6eff7c707e1c"
    },
    "tags": {
        "file_name": "Turkey_Yorgunum Anla_Pinar Ayhan _ S.O.S. band.mp3",
        "encoding": ["Lavf58.29.100"]
    }
},
"lowlevel": {
    "average_loudness": 0.979150950909,
    "barkbands_crest": {
        "max": 25.1440143585,
        "mean": 9.27194499969,
        "min": 2.92429876328,
        "stdev": 3.53266882896
    },
    "barkbands_flatness_db": {
        "max": 0.302287846804,
        "mean": 0.142933323979,
        "min": 0.0683617442846,
        "stdev": 0.0310514140874
    },
    "barkbands_kurtosis": {
        "max": 73.6055755615,
        "mean": 2.81561660767,
        "min": -1.90508079529,
        "stdev": 4.84658908844
    },
    "barkbands_skewness": {
        "max": 7.30063962936,
        "mean": 1.40740406513,
        "min": -3.08735489845,
        "stdev": 1.04325032234
    },
    "barkbands_spread": {
        "max": 105.423408508,
        "mean": 29.1273365021,
        "min": 2.19108462334,
        "stdev": 16.6708564758
    },
    "dissonance": {
        "max": 0.499393671751,
        "mean": 0.467592000961,
        "min": 0.353030472994,
        "stdev": 0.0228944737464
    },
    "dynamic_complexity": 1.62004041672,
    "erbbands_crest": {
        "max": 29.6223545074,
        "mean": 8.97269248962,
        "min": 2.40440630913,
        "stdev": 4.52624320984
    },
    "erbbands_flatness_db": {
        "max": 0.365784078836,
        "mean": 0.152244195342,
        "min": 0.0766266956925,
        "stdev": 0.0387818701565
    },
    "erbbands_kurtosis": {
        "max": 21.646276474,
        "mean": 0.170950710773,
        "min": -1.70981645584,
        "stdev": 2.15924906731
    },
    "erbbands_skewness": {
        "max": 4.50912809372,
        "mean": 0.303875237703,
        "min": -3.52584958076,
        "stdev": 0.785338521004
    },
    "erbbands_spread": {
        "max": 118.884162903,
        "mean": 50.6762008667,
        "min": 5.75247097015,
        "stdev": 21.7032241821
    },
    "hfc": {
        "max": 229.736038208,
        "mean": 31.7873268127,
        "min": 1.07546472549,
        "stdev": 23.004278183
    },
    "loudness_ebu128": {
        "integrated": -15.7489967346,
        "loudness_range": 1.19184494019,
        "momentary": {
            "max": -13.5346956253,
            "mean": -15.8892145157,
            "min": -20.2085857391,
            "stdev": 1.1590886116
        },
        "short_term": {
            "max": -14.8192329407,
            "mean": -15.7681293488,
            "min": -16.8868484497,
            "stdev": 0.383418232203
        }
    },
    "melbands_crest": {
        "max": 29.9875183105,
        "mean": 12.6487903595,
        "min": 3.36907315254,
        "stdev": 4.35647296906
    },
    "melbands_flatness_db": {
        "max": 0.320748448372,
        "mean": 0.167875349522,
        "min": 0.0353692732751,
        "stdev": 0.044211037457
    },
    "melbands_kurtosis": {
        "max": 113.528617859,
        "mean": 13.2140617371,
        "min": -1.83339738846,
        "stdev": 14.5584793091
    },
    "melbands_skewness": {
        "max": 9.43123245239,
        "mean": 2.72667074203,
        "min": -0.758970856667,
        "stdev": 1.52055168152
    },
    "melbands_spread": {
        "max": 206.432540894,
        "mean": 29.3166561127,
        "min": 1.90410792828,
        "stdev": 24.8898563385
    },
    "pitch_salience": {
        "max": 0.848630189896,
        "mean": 0.562212705612,
        "min": 0.209983825684,
        "stdev": 0.0986374095082
    },
    "silence_rate_20dB": {
        "max": 1,
        "mean": 1,
        "min": 1,
        "stdev": 0
    },
    "silence_rate_30dB": {
        "max": 1,
        "mean": 0.999048054218,
        "min": 0,
        "stdev": 0.0308386553079
    },
    "silence_rate_60dB": {
        "max": 1,
        "mean": 0.000475963839563,
        "min": 0,
        "stdev": 0.0218114685267
    },
    "spectral_centroid": {
        "max": 5192.48095703,
        "mean": 1561.38842773,
        "min": 430.124847412,
        "stdev": 659.78704834
    },
    "spectral_complexity": {
        "max": 52,
        "mean": 20.1085205078,
        "min": 1,
        "stdev": 6.83606910706
    },
    "spectral_decrease": {
        "max": -4.43345665735e-10,
        "mean": -8.271567431e-09,
        "min": -3.827954842e-08,
        "stdev": 4.6618469085e-09
    },
    "spectral_energy": {
        "max": 0.150195047259,
        "mean": 0.0341020077467,
        "min": 0.00184073951095,
        "stdev": 0.0181019976735
    },
    "spectral_energyband_high": {
        "max": 0.0347795002162,
        "mean": 0.00201947451569,
        "min": 3.19388527714e-05,
        "stdev": 0.00296372058801
    },
    "spectral_energyband_low": {
        "max": 0.108084276319,
        "mean": 0.0108754886314,
        "min": 8.94487129699e-06,
        "stdev": 0.0120210787281
    },
    "spectral_energyband_middle_high": {
        "max": 0.0585783012211,
        "mean": 0.0070904311724,
        "min": 0.000143717785249,
        "stdev": 0.00770663190633
    },
    "spectral_energyband_middle_low": {
        "max": 0.112342886627,
        "mean": 0.0159410107881,
        "min": 0.000100965975435,
        "stdev": 0.0116191310808
    },
    "spectral_entropy": {
        "max": 8.73985671997,
        "mean": 7.80235958099,
        "min": 6.55578660965,
        "stdev": 0.314984619617
    },
    "spectral_flux": {
        "max": 0.325851231813,
        "mean": 0.103425174952,
        "min": 0.0247272122651,
        "stdev": 0.0413748659194
    },
    "spectral_kurtosis": {
        "max": 10.0365123749,
        "mean": 1.77583217621,
        "min": -1.07025456429,
        "stdev": 1.39843869209
    },
    "spectral_rms": {
        "max": 0.0121050300077,
        "mean": 0.00557297980413,
        "min": 0.00134009087924,
        "stdev": 0.00148731283844
    },
    "spectral_rolloff": {
        "max": 10056.0058594,
        "mean": 1911.39367676,
        "min": 86.1328125,
        "stdev": 2023.96777344
    },
    "spectral_skewness": {
        "max": 2.49007201195,
        "mean": 1.09736001492,
        "min": -0.23225030303,
        "stdev": 0.335820764303
    },
    "spectral_spread": {
        "max": 21168052,
        "mean": 5519562,
        "min": 2988337.5,
        "stdev": 1408891.625
    },
    "spectral_strongpeak": {
        "max": 10.293589592,
        "mean": 1.12241256237,
        "min": 0.0207973774523,
        "stdev": 1.38939273357
    },
    "zerocrossingrate": {
        "max": 0.35009765625,
        "mean": 0.0789172649384,
        "min": 0.0068359375,
        "stdev": 0.0463092550635
    },
    "barkbands": {
        "max": [0.00285886414349, 0.0803855583072, 0.0538747906685, 0.0823543965816, 0.0464932434261, 0.0602619573474, 0.040605224669, 0.0359902083874, 0.0457753688097, 0.0437574721873, 0.0246311575174, 0.0372947864234, 0.0343364179134, 0.0194165278226, 0.022041188553, 0.021295433864, 0.00882816221565, 0.00566856050864, 0.00928380060941, 0.00333134946413, 0.00659084599465, 0.0155015485361, 0.011715057306, 0.0106115369126, 0.00592058058828, 2.30711175391e-05, 2.71455837719e-06],
        "mean": [0.000196662760573, 0.00653624581173, 0.00264469627291, 0.00246240547858, 0.00427367771044, 0.00387242296711, 0.00229984568432, 0.00121553684585, 0.0012153115822, 0.00156684068497, 0.000862095679622, 0.00114312150981, 0.000985333579592, 0.000577787053771, 0.000465439225081, 0.000364176405128, 0.000289807561785, 0.000360569829354, 0.000561959459446, 0.000336172553943, 0.000369981135009, 0.000420388125349, 0.000410862296121, 0.000420748576289, 0.000249321514275, 5.82267091431e-07, 4.86591700266e-09],
        "min": [1.07295583973e-07, 1.61483080774e-06, 1.21559912714e-06, 1.11769509203e-06, 2.03488934858e-06, 8.68126335263e-06, 1.22662731883e-05, 2.36334699366e-06, 2.88650107905e-06, 8.52497942105e-06, 2.33136711358e-06, 9.36104879656e-06, 1.08415788418e-05, 3.95626420868e-06, 9.59804674494e-06, 4.96217717227e-06, 3.517252253e-06, 5.26414623891e-06, 3.010597311e-06, 8.44352234708e-06, 4.02260775445e-06, 7.64156629884e-06, 5.18236674907e-06, 3.19348851008e-06, 9.63968659562e-07, 5.55008435044e-11, 3.32838930028e-11],
        "stdev": [0.000325776985846, 0.00794777274132, 0.00492217717692, 0.0050315479748, 0.00472418358549, 0.00613037729636, 0.00386015512049, 0.0022935019806, 0.00316045037471, 0.00379389547743, 0.00210945284925, 0.00254952441901, 0.00264352164231, 0.00123083998915, 0.0011568457121, 0.00136932346504, 0.000567068520468, 0.000514687271789, 0.000826847448479, 0.000334155338351, 0.000475073611597, 0.000724770652596, 0.000855331949424, 0.00106513442006, 0.000498299836181, 1.38579503073e-06, 9.68855360384e-08]
    },
    "erbbands": {
        "max": [2.21156811714, 21.5746002197, 57.641872406, 180.854019165, 206.098251343, 152.065536499, 576.121459961, 708.612243652, 580.69921875, 893.940856934, 482.772735596, 1152.5690918, 1380.24743652, 1576.63867188, 908.669006348, 1825.11035156, 1438.28894043, 1144.45385742, 1189.50695801, 770.540100098, 1171.30822754, 565.994567871, 324.445373535, 590.469421387, 250.671020508, 202.978500366, 230.670257568, 553.55657959, 578.159240723, 301.949768066, 337.949401855, 231.871170044, 222.210617065, 87.1280059814, 28.3796749115, 2.14320683479, 0.0468653477728, 0.00341285252944, 0.000509082456119, 0.000176473957254],
        "mean": [0.186094224453, 1.46276569366, 2.97137212753, 6.72154569626, 10.2019376755, 14.3719959259, 23.7037506104, 31.0770263672, 38.1109809875, 25.8595848083, 26.8961868286, 24.8654499054, 51.0056648254, 48.2147598267, 32.9057197571, 48.498714447, 46.5565490723, 38.6846389771, 25.4910182953, 19.1219902039, 20.4522895813, 15.6825857162, 18.96966362, 28.2465133667, 25.631526947, 15.8129892349, 14.1507644653, 15.2781085968, 14.7837905884, 12.7698316574, 11.9267959595, 9.01009941101, 6.83604335785, 3.32923531532, 1.49111914635, 0.118157081306, 0.00297920149751, 0.000206866112421, 4.81646166008e-05, 4.81436909467e-05],
        "min": [7.10564199835e-05, 0.000597319332883, 0.00229822611436, 0.00560599146411, 0.00305655249394, 0.00752623332664, 0.0208284296095, 0.0872012749314, 0.299945414066, 0.140799090266, 0.0835350602865, 0.112170189619, 0.406311988831, 0.292737692595, 0.308557420969, 0.632075428963, 0.538913190365, 0.681286394596, 0.750560224056, 0.459051340818, 0.346378475428, 0.329770773649, 0.246783301234, 0.202398300171, 0.287195980549, 0.396005809307, 0.23304630816, 0.127550572157, 0.281976521015, 0.229018270969, 0.147982910275, 0.0511356554925, 0.0594685003161, 0.0181707665324, 0.00439664442092, 0.0002819574147, 1.37007255034e-05, 2.06342815545e-06, 1.57024908276e-06, 2.40406393459e-06],
        "stdev": [0.229099810123, 1.90720927715, 4.94536304474, 12.3281946182, 14.9527540207, 17.0938796997, 44.2118721008, 56.4956512451, 57.1860160828, 49.8018493652, 51.2444648743, 62.0629920959, 122.33253479, 109.368095398, 71.1060791016, 104.403259277, 112.234344482, 74.3472900391, 54.6770782471, 48.4988822937, 70.489364624, 31.4476184845, 28.3341064453, 44.2808380127, 30.662984848, 15.0548057556, 18.2847862244, 22.748506546, 26.0020771027, 20.5193309784, 25.8260250092, 20.9056739807, 19.1460170746, 7.98628473282, 2.55975246429, 0.211776122451, 0.00511336978525, 0.000345623586327, 5.44312752027e-05, 2.53185207839e-05]
    },
    "gfcc": {
        "mean": [32.5936775208, 92.7014465332, -124.233123779, 58.3891448975, -82.5871429443, 27.9586830139, -42.2420578003, 7.16560173035, -24.6629524231, -0.133081614971, -1.2152312994, -7.40489435196, -1.48512387276],
        "cov": [[935.420715332, -220.943740845, 139.161956787, 18.5917854309, -9.36954879761, 94.2441177368, -63.8495979309, 107.766036987, -27.8428611755, 62.4262046814, -31.2700004578, 27.4672775269, -29.0647068024], [-220.943740845, 714.587646484, -145.7137146, -62.270072937, 135.808151245, -108.820365906, 183.027877808, -20.0351142883, 41.7658691406, -59.6291046143, 94.5787963867, -8.90211868286, 7.96673822403], [139.161956787, -145.7137146, 574.235534668, 192.921813965, 2.44850945473, 83.1817855835, -107.053039551, 56.5491065979, -37.4448890686, 59.9422836304, -83.8703231812, 38.8013648987, 4.37266302109], [18.5917854309, -62.270072937, 192.921813965, 283.305938721, 46.7944412231, -30.9548587799, -92.9567718506, -29.0703353882, 62.9072685242, 17.2017993927, -36.9803276062, -1.75958240032, 23.3043746948], [-9.36954879761, 135.808151245, 2.44850945473, 46.7944412231, 162.311798096, 15.0858707428, 16.6745433807, 14.6169614792, 27.7172851562, 20.0541133881, 14.9847555161, 7.65301847458, 1.54061579704], [94.2441177368, -108.820365906, 83.1817855835, -30.9548587799, 15.0858707428, 213.64616394, 93.5110321045, 36.3759651184, -26.8922080994, 16.9557209015, 10.5715312958, -6.03684902191, -16.0818767548], [-63.8495979309, 183.027877808, -107.053039551, -92.9567718506, 16.6745433807, 93.5110321045, 247.008560181, 38.2039833069, -31.2930088043, -30.310760498, 76.7743911743, -17.4093494415, -17.7695541382], [107.766036987, -20.0351142883, 56.5491065979, -29.0703353882, 14.6169614792, 36.3759651184, 38.2039833069, 114.29989624, 4.5686173439, 18.609960556, -5.50501537323, 18.7317829132, 0.206217333674], [-27.8428611755, 41.7658691406, -37.4448890686, 62.9072685242, 27.7172851562, -26.8922080994, -31.2930088043, 4.5686173439, 138.435424805, 20.9673080444, 4.08419942856, 0.962173819542, 22.9749469757], [62.4262046814, -59.6291046143, 59.9422836304, 17.2017993927, 20.0541133881, 16.9557209015, -30.310760498, 18.609960556, 20.9673080444, 104.03188324, 30.2169647217, 22.028459549, -5.38688898087], [-31.2700004578, 94.5787963867, -83.8703231812, -36.9803276062, 14.9847555161, 10.5715312958, 76.7743911743, -5.50501537323, 4.08419942856, 30.2169647217, 147.417449951, 34.3629379272, -5.47823905945], [27.4672775269, -8.90211868286, 38.8013648987, -1.75958240032, 7.65301847458, -6.03684902191, -17.4093494415, 18.7317829132, 0.962173819542, 22.028459549, 34.3629379272, 78.79712677, 23.6354503632], [-29.0647068024, 7.96673822403, 4.37266302109, 23.3043746948, 1.54061579704, -16.0818767548, -17.7695541382, 0.206217333674, 22.9749469757, -5.38688898087, -5.47823905945, 23.6354503632, 64.1217956543]],
        "icov": [[0.00147969543468, -0.000385031918995, 0.000648950284813, -0.000842507637572, 0.000715767033398, -0.00135966669768, 0.00143443630077, -0.00200080196373, 0.00090232596267, -0.000571609532926, 0.000148298160639, -0.000444019329734, 0.000831245153677], [-0.000385031918995, 0.00568227143958, -0.00341351656243, 0.00412938324735, -0.00584719143808, 0.00690382951871, -0.00663462467492, 0.00419089198112, -0.00393567001447, 0.00302995857783, -0.00183844997082, 0.00154365005437, -0.00118996610399], [0.000648950284813, -0.00341351656243, 0.00661170203239, -0.0062518985942, 0.00454188184813, -0.00644019292668, 0.00535579351708, -0.00533663760871, 0.0052192658186, -0.00355133693665, 0.00295471795835, -0.00333853252232, 0.00163121183868], [-0.000842507637572, 0.00412938324735, -0.0062518985942, 0.0109616471455, -0.00651021674275, 0.00678085163236, -0.0047696037218, 0.00673120515421, -0.00678700720891, 0.00333071616478, -0.00212685158476, 0.00346652721055, -0.0026867010165], [0.000715767033398, -0.00584719143808, 0.00454188184813, -0.00651021674275, 0.0133330598474, -0.00789995212108, 0.00623445399106, -0.00574744027108, 0.00378143810667, -0.00444527110085, 0.00213737832382, -0.00279476400465, 0.00203619641252], [-0.00135966669768, 0.00690382951871, -0.00644019292668, 0.00678085163236, -0.00789995212108, 0.0162033699453, -0.0121808974072, 0.00661882106215, -0.00547575531527, 0.002355995588, -0.0015169394901, 0.00289396382868, -0.00167896552011], [0.00143443630077, -0.00663462467492, 0.00535579351708, -0.0047696037218, 0.00623445399106, -0.0121808974072, 0.017779910937, -0.0100045967847, 0.00648194085807, 0.000212587590795, -0.00357501511462, 0.00179760833271, 0.00132466398645], [-0.00200080196373, 0.00419089198112, -0.00533663760871, 0.00673120515421, -0.00574744027108, 0.00661882106215, -0.0100045967847, 0.0183305274695, -0.00652553932741, 0.00050805619685, 0.00208162725903, -0.00216808752157, -0.00118560576811], [0.00090232596267, -0.00393567001447, 0.0052192658186, -0.00678700720891, 0.00378143810667, -0.00547575531527, 0.00648194085807, -0.00652553932741, 0.0139535740018, -0.00463781552389, 0.000847161805723, 6.62532547722e-05, -0.00197943812236], [-0.000571609532926, 0.00302995857783, -0.00355133693665, 0.00333071616478, -0.00444527110085, 0.002355995588, 0.000212587590795, 0.00050805619685, -0.00463781552389, 0.016331974417, -0.00641119340435, 0.000785686483141, 0.00134753074963], [0.000148298160639, -0.00183844997082, 0.00295471795835, -0.00212685158476, 0.00213737832382, -0.0015169394901, -0.00357501511462, 0.00208162725903, 0.000847161805723, -0.00641119340435, 0.014429888688, -0.00880306772888, 0.0030734136235], [-0.000444019329734, 0.00154365005437, -0.00333853252232, 0.00346652721055, -0.00279476400465, 0.00289396382868, 0.00179760833271, -0.00216808752157, 6.62532547722e-05, 0.000785686483141, -0.00880306772888, 0.02250485681, -0.00913233589381], [0.000831245153677, -0.00118996610399, 0.00163121183868, -0.0026867010165, 0.00203619641252, -0.00167896552011, 0.00132466398645, -0.00118560576811, -0.00197943812236, 0.00134753074963, 0.0030734136235, -0.00913233589381, 0.0213372800499]]
    },
    "melbands": {
        "max": [0.0185115169734, 0.025125881657, 0.0318076200783, 0.0105543900281, 0.0152980284765, 0.0137488394976, 0.00852429494262, 0.00926946848631, 0.00398043775931, 0.00828690547496, 0.00730022974312, 0.00621452415362, 0.00238461093977, 0.00374037725851, 0.00252652401105, 0.00459554092959, 0.00244578695856, 0.0016036760062, 0.00147217710037, 0.00214128196239, 0.00148254376836, 0.000590052281041, 0.0004109950969, 0.000405531871365, 0.000606449204497, 0.000200622991542, 0.000206275726669, 0.000125998980366, 0.000214511164813, 0.000169693114003, 0.000459320930531, 0.000396014656872, 0.000238993481616, 0.000171201434569, 0.000177471083589, 0.000238069565967, 0.000123401390738, 0.00021639757324, 0.00016753860109, 6.31030998193e-05],
        "mean": [0.00177202816121, 0.00171810889151, 0.00121495046187, 0.000884482346009, 0.000774608866777, 0.000717763439752, 0.000577438215259, 0.000267572526354, 0.000204386160476, 0.000171530831722, 0.000254555547144, 0.000193687708816, 0.000101175181044, 0.000132755565573, 9.63666607277e-05, 0.000108603744593, 6.67142812745e-05, 3.83183469239e-05, 3.24574903061e-05, 2.47320767812e-05, 2.31053400057e-05, 1.53485852934e-05, 1.75128097908e-05, 1.71644624061e-05, 2.38144893956e-05, 1.91477429325e-05, 1.51044814629e-05, 9.22095387068e-06, 8.9941868282e-06, 7.93219624029e-06, 9.56000985752e-06, 8.60023283167e-06, 7.54953043725e-06, 6.81468918629e-06, 7.03014848114e-06, 6.13400607108e-06, 5.28300188307e-06, 4.98802046422e-06, 3.9758224375e-06, 2.39678729486e-06],
        "min": [5.70158988467e-07, 9.48782769683e-07, 9.45618126025e-07, 2.97182168651e-07, 4.94556616104e-07, 1.86836143712e-06, 5.02308830619e-06, 1.25404915252e-06, 5.90658032706e-07, 4.4728463422e-07, 1.11549070425e-06, 9.54596202973e-07, 8.17105444639e-07, 1.08338815608e-06, 1.06139282252e-06, 1.20403069559e-06, 5.8132934555e-07, 1.06693926227e-06, 5.93332345034e-07, 4.82330335672e-07, 3.60074949413e-07, 1.97286652792e-07, 1.78625668923e-07, 2.55572956576e-07, 1.50257207565e-07, 1.25254913996e-07, 3.05931820321e-07, 2.49773478345e-07, 1.62817016758e-07, 8.0959978277e-08, 6.51363194493e-08, 1.34424993803e-07, 1.86205156183e-07, 1.12642204897e-07, 1.05648673809e-07, 3.66887320524e-08, 2.42895588087e-08, 2.91481452308e-08, 1.93964524442e-08, 9.60044044263e-09],
        "stdev": [0.00211960193701, 0.00230626086704, 0.00204209773801, 0.00102892750874, 0.00126235815696, 0.00120170728769, 0.000860594620463, 0.000509812438395, 0.000409064668929, 0.000471868755994, 0.000625183864031, 0.000448760372819, 0.000220959525905, 0.000292279466521, 0.000209424310015, 0.000315956975101, 0.00013824935013, 8.31422221381e-05, 8.76478952705e-05, 9.49108871282e-05, 8.16086394479e-05, 3.29383437929e-05, 3.29108188453e-05, 2.55285121966e-05, 4.27165978181e-05, 2.50991706707e-05, 1.80876413651e-05, 9.73723672359e-06, 1.40850843309e-05, 1.05689587144e-05, 1.63164841069e-05, 1.63870045071e-05, 1.22006813399e-05, 1.13641435746e-05, 1.45657304529e-05, 1.61445404956e-05, 1.2291206076e-05, 1.43175175253e-05, 1.18468960864e-05, 5.34677201358e-06]
    },
    "melbands128": {
        "max": [0.00272318557836, 0.0168162249029, 0.0298417694867, 0.042491864413, 0.0318519435823, 0.0296269152313, 0.0394759699702, 0.0383860319853, 0.0206372458488, 0.0126719893888, 0.0108891204, 0.0152857946232, 0.0270801372826, 0.0230186656117, 0.0220303293318, 0.0257568024099, 0.0149246407673, 0.0137055907398, 0.012837276794, 0.0152094624937, 0.0141833182424, 0.00496718240902, 0.00754922209308, 0.00562710175291, 0.00487538659945, 0.0184009056538, 0.0127816777676, 0.011522360146, 0.0130220502615, 0.00941029470414, 0.0126262325794, 0.00560693303123, 0.00291109411046, 0.00678820675239, 0.00918766111135, 0.00612709484994, 0.0087093450129, 0.00306539074518, 0.00665990076959, 0.00590533483773, 0.0100352680311, 0.00327890878543, 0.00493217632174, 0.00441207783297, 0.0022018069867, 0.00175934890285, 0.00569446291775, 0.00266226707026, 0.00172331836075, 0.00109584559686, 0.00450331531465, 0.0024333121255, 0.00350085576065, 0.00198634550907, 0.00106805318501, 0.00114919443149, 0.00182962452527, 0.00116545439232, 0.000558446103241, 0.000570861215238, 0.000818544649519, 0.000540854642168, 0.00093298201682, 0.00131381384563, 0.000694290734828, 0.000291893229587, 0.000447127211373, 0.000233586979448, 0.000342757382896, 0.000335861783242, 0.000154361652676, 0.000128319079522, 8.37918269099e-05, 0.00050693214871, 0.000182144533028, 0.00019219519163, 0.000303913198877, 0.000237114392803, 0.0005510643241, 0.000688342668582, 0.000475687440485, 0.000423000339651, 0.000401261379011, 0.000178818721906, 0.000373942020815, 0.000227852957323, 0.000235051455093, 0.000215403910261, 0.00018828541215, 0.000301683292491, 0.000381210527848, 0.000184760196134, 0.000228293152759, 0.000132933244458, 0.000177622932824, 0.000334695010679, 0.000219166526222, 0.000263791764155, 0.000221040536417, 0.000126328275655, 0.000101904137409, 5.87014219491e-05, 5.18651686434e-05, 3.772816126e-05, 4.27491322625e-05, 4.24891804869e-05, 1.97556037165e-05, 9.00563009054e-07, 1.74452363666e-08, 1.6759519994e-08, 1.61324589243e-08, 1.55206940633e-08, 1.49680481343e-08, 1.44338159203e-08, 1.39525333509e-08, 1.35046320793e-08, 1.30790178687e-08, 1.26882628848e-08, 1.23404424457e-08, 1.20101306678e-08, 1.17327250138e-08, 1.14795621897e-08, 1.12498339533e-08, 1.10570308465e-08, 1.08964268719e-08, 1.07663504778e-08, 1.06712505499e-08, 1.06131112787e-08],
        "mean": [0.000185413882718, 0.00131905556191, 0.00261986511759, 0.00233158678748, 0.00155213358812, 0.00132345256861, 0.00146065489389, 0.00107053434476, 0.00103243580088, 0.000927612127271, 0.000762599171139, 0.000724768382497, 0.000945501204114, 0.00061292265309, 0.000584678724408, 0.000931638467591, 0.000690276559908, 0.000516128842719, 0.000465443881694, 0.000226580974413, 0.000210738304304, 0.000216106302105, 0.00027023741859, 9.72063426161e-05, 9.44259591051e-05, 0.000223422728595, 0.000291457108688, 0.000294010213111, 0.000181682888069, 0.000183536205441, 0.000242151974817, 0.000126912564156, 5.16517211508e-05, 0.000125104823383, 0.000108031417767, 0.000148006743984, 0.000155221205205, 7.2442315286e-05, 7.70350088715e-05, 0.000111849280074, 0.000136649628985, 6.77067582728e-05, 6.88590662321e-05, 7.4767449405e-05, 2.43862541538e-05, 3.2217190892e-05, 5.23011221958e-05, 3.66588610632e-05, 2.16410917346e-05, 2.00443810172e-05, 2.75399706879e-05, 2.53368089034e-05, 2.75395141216e-05, 2.02642131626e-05, 1.84853561223e-05, 1.19241740322e-05, 1.50311861944e-05, 1.9395034542e-05, 1.78359605343e-05, 1.62487740454e-05, 1.48312074089e-05, 1.69118520716e-05, 3.01968193526e-05, 2.50109969784e-05, 1.65153433045e-05, 1.66363206517e-05, 2.45841747528e-05, 1.65017972904e-05, 1.33079211082e-05, 1.17228128147e-05, 8.79420531419e-06, 8.63618060976e-06, 7.87703811511e-06, 1.07872201625e-05, 7.15311989552e-06, 8.83598113433e-06, 7.68378231442e-06, 7.18174260328e-06, 1.08322947199e-05, 1.08172034743e-05, 8.69600444275e-06, 7.18627416063e-06, 8.82821495907e-06, 6.93948322805e-06, 7.63570096751e-06, 6.91577497491e-06, 6.56338625049e-06, 6.42368968329e-06, 7.67892197473e-06, 6.68435586704e-06, 6.74213424645e-06, 5.8762034314e-06, 5.40600603927e-06, 5.35849630978e-06, 5.07111872139e-06, 5.09195251652e-06, 5.1921974773e-06, 4.48441960543e-06, 4.42694499725e-06, 3.4953627619e-06, 2.70279883807e-06, 2.32514730669e-06, 1.83857684988e-06, 1.65122241924e-06, 1.93288565242e-06, 2.06657023227e-06, 6.93333106483e-07, 2.8540323882e-08, 4.51546959546e-11, 3.04727527933e-11, 2.91037801498e-11, 2.90131686037e-11, 2.97650445957e-11, 2.97800985261e-11, 3.03297387205e-11, 2.97034341568e-11, 2.42839446468e-11, 2.26722685764e-11, 2.20458443168e-11, 2.14579690822e-11, 2.09418853786e-11, 2.04986236318e-11, 2.00971322917e-11, 1.97514105765e-11, 1.94225659861e-11, 1.91061749755e-11, 1.88941189083e-11, 1.87841617261e-11],
        "min": [6.88284707007e-10, 1.13955614722e-07, 2.93938512641e-07, 3.8347576492e-07, 3.53563876843e-07, 8.57960571921e-07, 6.54177483739e-07, 6.36278741695e-07, 2.2794674237e-07, 1.87488396364e-07, 1.9253145922e-07, 1.04848382421e-07, 2.66506134494e-07, 2.64855998466e-07, 5.97410348746e-07, 4.17045470158e-07, 8.29200587305e-07, 1.2508958207e-06, 1.09902339318e-06, 4.4423103418e-07, 2.97688899309e-07, 3.85275228609e-07, 1.53862018237e-07, 2.74376162679e-07, 2.3756047085e-07, 7.07370020336e-08, 3.42605432024e-07, 2.94188538419e-07, 3.67548693703e-07, 7.96608105702e-07, 6.86440728259e-07, 1.85698183941e-07, 1.42524100966e-07, 1.26263074662e-07, 4.33842643588e-07, 2.99461191844e-07, 4.49856003115e-07, 2.58219358784e-07, 3.7522522689e-07, 2.15895099132e-07, 5.09927303938e-07, 2.93048998401e-07, 2.71901598126e-07, 3.69565640312e-07, 9.62453867714e-08, 2.74308234793e-07, 3.07206789785e-07, 1.91824256035e-07, 1.59431436941e-07, 2.05586673019e-07, 1.61812536703e-07, 1.86875112718e-07, 5.30209121052e-08, 2.00076911483e-07, 1.58542860618e-07, 7.97233354888e-08, 5.72375746799e-08, 1.44536429048e-07, 1.06604368e-07, 1.84921006507e-07, 1.7655645479e-07, 2.49648508088e-07, 1.19867038961e-07, 7.61235412483e-08, 3.47785338306e-08, 6.96320441307e-08, 2.22533927285e-07, 2.01864367e-07, 2.81890351062e-07, 2.22464521471e-07, 1.71707924324e-07, 1.73906528289e-07, 1.27688494445e-07, 1.20185490005e-07, 1.23032762644e-07, 7.38038252734e-08, 6.24253857495e-08, 8.21680359309e-08, 5.78038488186e-08, 5.77072540864e-08, 7.68905579207e-08, 1.07725085741e-07, 1.45893153558e-07, 1.04570808901e-07, 1.06074210748e-07, 9.53791499114e-08, 9.70536291334e-08, 1.55293236048e-07, 8.5672638761e-08, 7.29279392431e-08, 1.46940370982e-08, 1.65911924199e-08, 2.31913599436e-08, 1.63904498862e-08, 1.5436762979e-08, 2.44622757606e-08, 1.78904855375e-08, 1.06285549251e-08, 1.19622738382e-08, 1.73336953679e-08, 5.79776981979e-09, 1.02359658527e-08, 1.00252153246e-08, 4.47019354866e-09, 4.82083972742e-09, 4.39003677855e-09, 9.10301167778e-10, 7.44597092317e-13, 1.73607615371e-13, 8.76481165749e-14, 1.06958272263e-13, 1.02178926127e-13, 8.30718415064e-14, 9.06405687811e-14, 1.01553734497e-13, 1.04414415482e-13, 8.84078847998e-14, 1.20174161421e-13, 1.06978316451e-13, 1.11233776096e-13, 1.12121500506e-13, 9.38547200027e-14, 1.09580923437e-13, 9.62469917675e-14, 5.75659921749e-14, 3.23418490611e-14, 4.09045000427e-15, 1.78683850155e-16],
        "stdev": [0.000315116951242, 0.0018270482542, 0.00344332237728, 0.0032876059413, 0.00267344689928, 0.00247351638973, 0.00283850892447, 0.00229584099725, 0.00166884961072, 0.00127356452867, 0.0010975797195, 0.00120237306692, 0.0020711813122, 0.00149326422252, 0.00150888354983, 0.00196277815849, 0.00133390375413, 0.00106026499998, 0.0010516186012, 0.000679824326653, 0.000613026379142, 0.000480538903503, 0.000676114170346, 0.000295272853691, 0.000309630238917, 0.000929313944653, 0.00090339378221, 0.000907668028958, 0.000730323255993, 0.000546605559066, 0.000713665329386, 0.000419806194259, 0.000156255366164, 0.000420063151978, 0.000411755492678, 0.000436681031715, 0.000453863554867, 0.000238994922256, 0.000269766285783, 0.000352091825334, 0.000584323250223, 0.000192216059077, 0.000201801434741, 0.000220634698053, 8.3899438323e-05, 8.72581804288e-05, 0.000195720931515, 0.000150928593939, 7.86243472248e-05, 6.92490793881e-05, 0.000164834826137, 0.000131760520162, 0.000151944026584, 8.10514684417e-05, 5.00194037159e-05, 4.3095464207e-05, 5.41336630704e-05, 5.45828224858e-05, 4.18647214246e-05, 3.94281305489e-05, 3.71042478946e-05, 3.68847031496e-05, 6.24186868663e-05, 7.33726628823e-05, 4.04575039283e-05, 2.87929906335e-05, 4.381317558e-05, 2.66095448751e-05, 2.52248464676e-05, 2.00461036002e-05, 1.29919762912e-05, 1.17047711683e-05, 1.02429958133e-05, 2.95041863865e-05, 1.12490624815e-05, 1.24361095004e-05, 1.30670996441e-05, 1.37965871545e-05, 1.96111250261e-05, 2.41818288487e-05, 1.87015539268e-05, 1.59734408953e-05, 1.65533911058e-05, 1.11079707494e-05, 1.57607173605e-05, 1.29425234263e-05, 1.10705877887e-05, 1.36228036354e-05, 1.57433751156e-05, 1.7640324586e-05, 2.01296170417e-05, 1.64583216247e-05, 1.45083395182e-05, 1.20623426483e-05, 1.31757142299e-05, 1.6033229258e-05, 1.54508288688e-05, 1.47618748088e-05, 1.47948194353e-05, 9.99554140435e-06, 7.09760752216e-06, 4.96607026435e-06, 3.84860732083e-06, 3.3423914374e-06, 3.46830393028e-06, 3.76973889615e-06, 1.59057640303e-06, 6.26456042596e-08, 6.10233141796e-10, 5.86712067818e-10, 5.66602154084e-10, 5.46549472347e-10, 5.2845738896e-10, 5.11391373692e-10, 4.95029184311e-10, 4.79826234301e-10, 4.64782878851e-10, 4.51618520358e-10, 4.39821179476e-10, 4.28479973724e-10, 4.18666490365e-10, 4.09923345268e-10, 4.02085420514e-10, 3.95493332528e-10, 3.89928478395e-10, 3.85401988101e-10, 3.82106069008e-10, 3.80059123062e-10]
    },
    "mfcc": {
        "mean": [-595.950439453, 97.4774093628, 18.165851593, 24.4947071075, -2.42302632332, 9.5076751709, 1.49919581413, 2.19930148125, -9.21125411987, 0.386337667704, 2.1385538578, -1.15438985825, -0.588562965393],
        "cov": [[906.408569336, -188.514144897, 14.4447250366, -65.6644592285, 39.7858009338, -28.6588153839, -0.919151961803, 6.37162399292, 30.194486618, 11.8710832596, 17.8025569916, 36.5457572937, 9.86493396759], [-188.514144897, 701.576049805, -224.958770752, 36.8329925537, -90.6585006714, -23.6434669495, 92.7157592773, 87.672668457, -44.0934371948, 14.2215204239, 51.4160232544, -10.7967281342, 30.641828537], [14.4447250366, -224.958770752, 496.348205566, 71.7250366211, 110.710784912, 38.4753837585, -7.76039075851, -27.0749530792, 68.1767883301, -30.2018604279, -25.8624916077, 35.2047233582, -11.7476787567], [-65.6644592285, 36.8329925537, 71.7250366211, 281.383178711, 110.200790405, -6.18834781647, -95.614654541, -39.5193328857, 15.5034046173, -10.4226884842, -17.6203308105, -1.6536462307, 4.94098377228], [39.7858009338, -90.6585006714, 110.710784912, 110.200790405, 213.835266113, 24.7391147614, -92.2331161499, -41.3316001892, 51.1203727722, -5.8318977356, -23.7142562866, 23.3332138062, 15.4333095551], [-28.6588153839, -23.6434669495, 38.4753837585, -6.18834781647, 24.7391147614, 128.457046509, 45.508731842, 7.85400772095, 5.3088593483, 19.9353199005, 16.5849590302, 10.0095272064, 1.66440594196], [-0.919151961803, 92.7157592773, -7.76039075851, -95.614654541, -92.2331161499, 45.508731842, 240.951416016, 79.2679290771, -37.0647354126, 23.3526268005, 47.7101860046, -4.1622877121, -3.36393880844], [6.37162399292, 87.672668457, -27.0749530792, -39.5193328857, -41.3316001892, 7.85400772095, 79.2679290771, 116.577423096, 18.6105194092, 11.024315834, 13.0000228882, 5.03205394745, 5.81300258636], [30.194486618, -44.0934371948, 68.1767883301, 15.5034046173, 51.1203727722, 5.3088593483, -37.0647354126, 18.6105194092, 127.945503235, 15.5125589371, -23.4846763611, 13.2510232925, -16.510175705], [11.8710832596, 14.2215204239, -30.2018604279, -10.4226884842, -5.8318977356, 19.9353199005, 23.3526268005, 11.024315834, 15.5125589371, 85.0714263916, 32.2287559509, -2.14031767845, -4.32428836823], [17.8025569916, 51.4160232544, -25.8624916077, -17.6203308105, -23.7142562866, 16.5849590302, 47.7101860046, 13.0000228882, -23.4846763611, 32.2287559509, 80.9326095581, 17.8651847839, 8.77276611328], [36.5457572937, -10.7967281342, 35.2047233582, -1.6536462307, 23.3332138062, 10.0095272064, -4.1622877121, 5.03205394745, 13.2510232925, -2.14031767845, 17.8651847839, 79.7438354492, 37.612575531], [9.86493396759, 30.641828537, -11.7476787567, 4.94098377228, 15.4333095551, 1.66440594196, -3.36393880844, 5.81300258636, -16.510175705, -4.32428836823, 8.77276611328, 37.612575531, 80.68384552]],
        "icov": [[0.0012805245351, 0.000423376011895, 0.000183220618055, 0.000265408220002, -0.000446836813353, 0.00059912604047, -0.000202114431886, -0.000206226875889, -0.000216040294617, -2.32519450947e-05, -0.000500822730828, -0.000379972014343, -4.12532535847e-05], [0.000423376011895, 0.00227856263518, 0.000956979289185, -0.000971310597379, 0.000284602370812, 0.000524819362909, -0.000719260657206, -0.00114287924953, -0.000251424673479, 0.000444391247584, -0.00107709027361, 0.000198640511371, -0.000734322413336], [0.000183220618055, 0.000956979289185, 0.00315039488487, -0.000857116829138, -0.000845978211146, -0.00020487549773, -0.00141667516436, 0.00051183270989, -0.00142266624607, 0.00142090511508, -6.16759934928e-05, -0.00115569389891, 0.000525950919837], [0.000265408220002, -0.000971310597379, -0.000857116829138, 0.00543932802975, -0.00238059065305, 0.000223363356781, 0.00165023677982, 0.000266906397883, 0.000712081440724, -0.000248410913628, -0.000181892435648, 0.000821860332508, 0.000147909857333], [-0.000446836813353, 0.000284602370812, -0.000845978211146, -0.00238059065305, 0.00853557977825, -0.00214766222052, 0.00171881902497, 0.00120561907534, -0.00212666485459, -6.38673955109e-05, 0.000594804063439, -0.000538616499398, -0.00188661774155], [0.00059912604047, 0.000524819362909, -0.00020487549773, 0.000223363356781, -0.00214766222052, 0.00982103589922, -0.00255051115528, 0.000200238500838, -5.46082301298e-05, -0.00167356862221, -0.000846871058457, -0.000759715388995, 0.000116740266094], [-0.000202114431886, -0.000719260657206, -0.00141667516436, 0.00165023677982, 0.00171881902497, -0.00255051115528, 0.00855190586299, -0.00443135667592, 0.00261873588897, -0.000847232935484, -0.00206662900746, 0.000874017132446, 0.000697916548233], [-0.000206226875889, -0.00114287924953, 0.00051183270989, 0.000266906397883, 0.00120561907534, 0.000200238500838, -0.00443135667592, 0.0138291111216, -0.00461964448914, 0.00048798971693, 0.000405706727179, -0.000249397795415, -0.00174541340675], [-0.000216040294617, -0.000251424673479, -0.00142266624607, 0.000712081440724, -0.00212666485459, -5.46082301298e-05, 0.00261873588897, -0.00461964448914, 0.013002930209, -0.00449450779706, 0.00436845701188, -0.00352808320895, 0.00431067124009], [-2.32519450947e-05, 0.000444391247584, 0.00142090511508, -0.000248410913628, -6.38673955109e-05, -0.00167356862221, -0.000847232935484, 0.00048798971693, -0.00449450779706, 0.016428725794, -0.00752054527402, 0.00266915746033, -0.000433344015619], [-0.000500822730828, -0.00107709027361, -6.16759934928e-05, -0.000181892435648, 0.000594804063439, -0.000846871058457, -0.00206662900746, 0.000405706727179, 0.00436845701188, -0.00752054527402, 0.0200660899282, -0.00620761001483, 0.00146361638326], [-0.000379972014343, 0.000198640511371, -0.00115569389891, 0.000821860332508, -0.000538616499398, -0.000759715388995, 0.000874017132446, -0.000249397795415, -0.00352808320895, 0.00266915746033, -0.00620761001483, 0.0200240258127, -0.00931305624545], [-4.12532535847e-05, -0.000734322413336, 0.000525950919837, 0.000147909857333, -0.00188661774155, 0.000116740266094, 0.000697916548233, -0.00174541340675, 0.00431067124009, -0.000433344015619, 0.00146361638326, -0.00931305624545, 0.0183000229299]]
    },
    "spectral_contrast_coeffs": {
        "max": [-0.453473389149, -0.456085085869, -0.467474937439, -0.5794916749, -0.639516115189, -0.642764687538],
        "mean": [-0.713629126549, -0.722909748554, -0.741710782051, -0.784766852856, -0.783789396286, -0.759426295757],
        "min": [-0.928646326065, -0.898950874805, -0.951241374016, -0.89096736908, -0.895721912384, -0.857893645763],
        "stdev": [0.0716204419732, 0.0778748765588, 0.0694046095014, 0.0510085374117, 0.0380323529243, 0.0321558564901]
    },
    "spectral_contrast_valleys": {
        "max": [-4.98035240173, -5.05026292801, -4.93537902832, -5.79050779343, -5.91371536255, -7.46658754349],
        "mean": [-6.2789478302, -6.53719091415, -7.19928693771, -7.45543622971, -7.13065481186, -9.29630756378],
        "min": [-9.40148162842, -8.2720489502, -8.51552677155, -9.07634925842, -8.96120262146, -11.0563926697],
        "stdev": [0.587429761887, 0.47979259491, 0.514609456062, 0.406725138426, 0.348769545555, 0.670027315617]
    }
},
"rhythm": {
    "beats_count": 75,
    "beats_loudness": {
        "max": 0.11260664463,
        "mean": 0.0532824508846,
        "min": 0.0132688609883,
        "stdev": 0.0197543688118
    },
    "bpm": 93.724281311,
    "bpm_histogram_first_peak_bpm": 94,
    "bpm_histogram_first_peak_weight": 0.256756782532,
    "bpm_histogram_second_peak_bpm": 0,
    "bpm_histogram_second_peak_spread": 0,
    "bpm_histogram_second_peak_weight": 0,
    "danceability": 1.48058569431,
    "onset_rate": 4.8603515625,
    "beats_loudness_band_ratio": {
        "max": [0.885155975819, 0.608101725578, 0.617220878601, 0.53405892849, 0.212391093373, 0.590211868286],
        "mean": [0.547796070576, 0.13548335433, 0.140261262655, 0.112805992365, 0.0343569628894, 0.0640040263534],
        "min": [0.0100861368701, 0.0219325087965, 0.00814882852137, 0.00542273605242, 0.00549043389037, 0.00834027584642],
        "stdev": [0.217113539577, 0.118456825614, 0.132043153048, 0.127435192466, 0.0360820256174, 0.0967578291893]
    },
    "beats_position": [0.66176867485, 1.3235373497, 1.97369611263, 2.63546490669, 3.29723358154, 3.95900225639, 4.62077093124, 5.27092981339, 5.90947818756, 6.57124710083, 7.20979595184, 7.84834432602, 8.48689365387, 9.12544155121, 9.77560043335, 10.4141492844, 11.0526981354, 11.6796369553, 12.3181858063, 12.9567346573, 13.5952835083, 14.2338323593, 14.8723802567, 15.5109291077, 16.1494789124, 16.7880268097, 17.426574707, 18.0651245117, 18.7036724091, 19.3422222137, 19.9807701111, 20.6193199158, 21.2578678131, 21.8964176178, 22.5349655151, 23.1735134125, 23.8120632172, 24.4506111145, 25.0891609192, 25.7277088165, 26.3778686523, 27.0164165497, 27.6549663544, 28.2819042206, 28.9204521179, 29.5590019226, 30.1975498199, 30.8360996246, 31.4630374908, 32.1015853882, 32.7401351929, 33.3786849976, 34.0172348022, 34.6673927307, 35.3059387207, 35.9444885254, 36.5830383301, 37.2215881348, 37.8601341248, 38.4986839294, 39.1256217957, 39.7641716003, 40.402721405, 41.041267395, 41.6798171997, 42.3183670044, 42.9569168091, 43.5838546753, 44.2107925415, 44.8493423462, 45.4878921509, 46.1264381409, 46.7649879456, 47.415145874, 48.0420837402],
