{
"metadata": {
    "version": {
        "essentia": "2.1-beta5",
        "essentia_git_sha": "Undefined",
        "extractor": "music 2.0"
    },
    "audio_properties": {
        "analysis": {
            "equal_loudness": 0,
            "length": 52.2448997498,
            "sample_rate": 44100,
            "start_time": 93.9943771362,
            "downmix": "mix"
        },
        "bit_rate": 192000,
        "length": 185.620330811,
        "lossless": 0,
        "number_channels": 2,
        "replay_gain": -12.9393978119,
        "sample_rate": 48000,
        "codec": "mp3",
        "md5_encoded": "aeb9d0a99532c7f883dbaf879ed9ab28"
    },
    "tags": {
        "file_name": "Portugal_A Cidade Até Ser Dia_Anabela.mp3",
        "encoding": ["Lavf58.29.100"]
    }
},
"lowlevel": {
    "average_loudness": 0.971375048161,
    "barkbands_crest": {
        "max": 22.9092102051,
        "mean": 6.98084068298,
        "min": 2.59348607063,
        "stdev": 2.74523997307
    },
    "barkbands_flatness_db": {
        "max": 0.210978969932,
        "mean": 0.116584710777,
        "min": 0.0523607395589,
        "stdev": 0.0230360161513
    },
    "barkbands_kurtosis": {
        "max": 16.9610214233,
        "mean": -0.318707615137,
        "min": -1.80370688438,
        "stdev": 1.38317525387
    },
    "barkbands_skewness": {
        "max": 3.90602755547,
        "mean": 0.401911228895,
        "min": -1.60327863693,
        "stdev": 0.690856516361
    },
    "barkbands_spread": {
        "max": 82.7850952148,
        "mean": 29.2088718414,
        "min": 6.11360263824,
        "stdev": 8.92476177216
    },
    "dissonance": {
        "max": 0.499980479479,
        "mean": 0.475604325533,
        "min": 0.405792295933,
        "stdev": 0.0148835852742
    },
    "dynamic_complexity": 1.56859433651,
    "erbbands_crest": {
        "max": 26.4480743408,
        "mean": 8.63094139099,
        "min": 2.55657958984,
        "stdev": 3.54300475121
    },
    "erbbands_flatness_db": {
        "max": 0.282423079014,
        "mean": 0.186980769038,
        "min": 0.0899306684732,
        "stdev": 0.0319462418556
    },
    "erbbands_kurtosis": {
        "max": 6.79708576202,
        "mean": -0.17038628459,
        "min": -1.69430887699,
        "stdev": 0.995260715485
    },
    "erbbands_skewness": {
        "max": 1.54762744904,
        "mean": -0.229770630598,
        "min": -2.21529388428,
        "stdev": 0.548815786839
    },
    "erbbands_spread": {
        "max": 87.5203094482,
        "mean": 32.6338920593,
        "min": 8.43700695038,
        "stdev": 10.7862586975
    },
    "hfc": {
        "max": 73.5837860107,
        "mean": 26.6084899902,
        "min": 1.12458992004,
        "stdev": 14.0365724564
    },
    "loudness_ebu128": {
        "integrated": -10.921995163,
        "loudness_range": 2.47583007812,
        "momentary": {
            "max": -8.6171541214,
            "mean": -11.1446228027,
            "min": -16.1198883057,
            "stdev": 1.44950520992
        },
        "short_term": {
            "max": -9.16348266602,
            "mean": -10.9352407455,
            "min": -12.8628835678,
            "stdev": 0.797163069248
        }
    },
    "melbands_crest": {
        "max": 25.5176696777,
        "mean": 10.1180305481,
        "min": 3.19296121597,
        "stdev": 4.25706768036
    },
    "melbands_flatness_db": {
        "max": 0.278827339411,
        "mean": 0.128396123648,
        "min": 0.0426303818822,
        "stdev": 0.0320422537625
    },
    "melbands_kurtosis": {
        "max": 43.7794494629,
        "mean": 2.30348181725,
        "min": -1.63126945496,
        "stdev": 3.88494634628
    },
    "melbands_skewness": {
        "max": 5.53769636154,
        "mean": 1.31715631485,
        "min": -0.781999528408,
        "stdev": 0.831506967545
    },
    "melbands_spread": {
        "max": 142.166656494,
        "mean": 43.2095184326,
        "min": 5.0419960022,
        "stdev": 15.5998477936
    },
    "pitch_salience": {
        "max": 0.799127459526,
        "mean": 0.579254090786,
        "min": 0.2378244102,
        "stdev": 0.0811995565891
    },
    "silence_rate_20dB": {
        "max": 1,
        "mean": 1,
        "min": 1,
        "stdev": 0
    },
    "silence_rate_30dB": {
        "max": 1,
        "mean": 1,
        "min": 1,
        "stdev": 0
    },
    "silence_rate_60dB": {
        "max": 1,
        "mean": 0.00621945783496,
        "min": 0,
        "stdev": 0.0786189213395
    },
    "spectral_centroid": {
        "max": 4123.69238281,
        "mean": 2129.51928711,
        "min": 504.472961426,
        "stdev": 494.620452881
    },
    "spectral_complexity": {
        "max": 47,
        "mean": 25.1052856445,
        "min": 5,
        "stdev": 7.42737150192
    },
    "spectral_decrease": {
        "max": -3.78554437797e-10,
        "mean": -4.42972902803e-09,
        "min": -1.17715694969e-08,
        "stdev": 1.82554804606e-09
    },
    "spectral_energy": {
        "max": 0.0473605506122,
        "mean": 0.0191322527826,
        "min": 0.00153075577691,
        "stdev": 0.00783534534276
    },
    "spectral_energyband_high": {
        "max": 0.0103501686826,
        "mean": 0.000939821766224,
        "min": 1.55198213179e-05,
        "stdev": 0.000870894175023
    },
    "spectral_energyband_low": {
        "max": 0.0307926479727,
        "mean": 0.0027238111943,
        "min": 2.90872740152e-05,
        "stdev": 0.00398296257481
    },
    "spectral_energyband_middle_high": {
        "max": 0.0386306382716,
        "mean": 0.00894273351878,
        "min": 0.000257287058048,
        "stdev": 0.00557316513732
    },
    "spectral_energyband_middle_low": {
        "max": 0.0267997197807,
        "mean": 0.00696554826573,
        "min": 0.000571006850805,
        "stdev": 0.00378978438675
    },
    "spectral_entropy": {
        "max": 8.47985839844,
        "mean": 7.60414361954,
        "min": 6.71451950073,
        "stdev": 0.250774979591
    },
    "spectral_flux": {
        "max": 0.184504315257,
        "mean": 0.0800166800618,
        "min": 0.0236863307655,
        "stdev": 0.0273197125643
    },
    "spectral_kurtosis": {
        "max": 17.4994792938,
        "mean": 3.59976625443,
        "min": -0.513211965561,
        "stdev": 1.96174454689
    },
    "spectral_rms": {
        "max": 0.0067974566482,
        "mean": 0.00421964237466,
        "min": 0.00122205575462,
        "stdev": 0.000927500950638
    },
    "spectral_rolloff": {
        "max": 8333.34960938,
        "mean": 2613.30834961,
        "min": 258.3984375,
        "stdev": 944.10723877
    },
    "spectral_skewness": {
        "max": 3.30661559105,
        "mean": 1.1362631321,
        "min": 0.0282875392586,
        "stdev": 0.234607115388
    },
    "spectral_spread": {
        "max": 8270162,
        "mean": 3547309.5,
        "min": 1894359.75,
        "stdev": 849989.375
    },
    "spectral_strongpeak": {
        "max": 14.4250507355,
        "mean": 1.59422039986,
        "min": 0.0228992756456,
        "stdev": 1.73121547699
    },
    "zerocrossingrate": {
        "max": 0.20654296875,
        "mean": 0.0834449008107,
        "min": 0.01416015625,
        "stdev": 0.0216992646456
    },
    "barkbands": {
        "max": [0.0026917681098, 0.0231366548687, 0.0160853732377, 0.00785820651799, 0.0103068584576, 0.0172462332994, 0.0135164083913, 0.0122759612277, 0.00965406093746, 0.020604731515, 0.010664219968, 0.00814460869879, 0.0163335166872, 0.0118783293292, 0.0128832934424, 0.0141894882545, 0.0120225185528, 0.00818121153861, 0.0143067296594, 0.00408532656729, 0.00391099834815, 0.00531034218147, 0.00297403312288, 0.00207401416264, 0.000681021192577, 5.57139283046e-05, 1.50207938532e-06],
        "mean": [0.00011895057105, 0.00144691590685, 0.000869311043061, 0.000633596268017, 0.00127387046814, 0.00141676294152, 0.00161362020299, 0.00083297706442, 0.000946733809542, 0.000966300198343, 0.000698443094734, 0.00077908555977, 0.000772188475821, 0.000752082152758, 0.000993364374153, 0.000766300479881, 0.000886550173163, 0.000818899367005, 0.0012869151542, 0.000626212568022, 0.000226621472393, 0.000152240201714, 0.000101713383629, 0.000117570416478, 3.29447102558e-05, 2.11552128349e-06, 1.72361569462e-09],
        "min": [4.4400923116e-07, 3.39245275427e-06, 7.95259154529e-07, 1.0240305528e-06, 2.00413651328e-05, 5.69477833778e-06, 5.05659045302e-06, 6.84154883857e-06, 1.25303477034e-05, 4.79576738144e-06, 3.09288407152e-06, 6.08413938608e-06, 3.0056162359e-06, 7.05351749275e-06, 1.17923946164e-05, 6.22624156676e-06, 7.78214962338e-06, 7.12236942491e-06, 1.22418568935e-05, 7.64025571698e-06, 3.22749110637e-06, 1.75407967618e-06, 1.02640592559e-06, 8.57948350586e-07, 2.09138732998e-07, 7.25621895903e-10, 8.43228091518e-12],
        "stdev": [0.000225892246817, 0.00307879201137, 0.00146746926475, 0.000843550427817, 0.00126421498135, 0.00169036956504, 0.00181605725084, 0.00105680164415, 0.00125468068291, 0.00148143304978, 0.00110945967026, 0.00102340767626, 0.00149341777433, 0.00119510863442, 0.00145677442197, 0.00123502279166, 0.00134466635063, 0.00104540621396, 0.00140489963815, 0.000535932602361, 0.000254537066212, 0.000250184035394, 0.000180968039786, 0.000203384523047, 5.92838296143e-05, 4.95879930895e-06, 3.66626515813e-08]
    },
    "erbbands": {
        "max": [1.06384110451, 6.1412987709, 18.1598567963, 19.5001850128, 46.9994316101, 50.9883003235, 104.480163574, 171.730194092, 199.992904663, 350.940551758, 298.038360596, 244.552734375, 454.589691162, 490.978485107, 390.75213623, 400.708099365, 612.272277832, 406.867126465, 909.918029785, 745.996276855, 929.335998535, 832.97845459, 423.690673828, 661.536315918, 623.913879395, 223.251068115, 162.469772339, 207.644668579, 217.351211548, 134.661529541, 75.4961395264, 53.2022781372, 32.7897033691, 8.42427635193, 4.33255195618, 0.570415973663, 0.0138767063618, 0.000934935116675, 0.000221802896704, 6.64425097057e-05],
        "mean": [0.0507125072181, 0.295014083385, 0.929944992065, 1.64361715317, 2.83315825462, 4.6395316124, 8.07188510895, 11.9038953781, 18.7700901031, 26.6776714325, 19.2340183258, 21.1849060059, 25.8610095978, 34.1926651001, 27.3083992004, 34.6226348877, 38.8537788391, 32.9719238281, 57.0831794739, 43.3933105469, 43.8867988586, 50.9136962891, 41.2750549316, 60.5197753906, 57.2367706299, 32.1717948914, 14.4164609909, 6.44629812241, 5.33447647095, 4.15751266479, 2.75368237495, 2.50659322739, 1.72287464142, 0.497891873121, 0.183048561215, 0.0280075278133, 0.000719231495168, 4.53109787486e-05, 1.8228245608e-05, 2.61253517237e-05],
        "min": [0.000283831323031, 0.000744713877793, 0.0021960339509, 0.016270538792, 0.00983934476972, 0.070154376328, 0.0437415018678, 0.0804309844971, 0.151146322489, 0.2622397542, 0.265136569738, 0.237775653601, 0.251897901297, 0.568642437458, 0.592637658119, 0.637447416782, 0.549566686153, 0.390845566988, 0.715445160866, 0.716621696949, 0.59749430418, 0.711768388748, 0.783635437489, 0.523164331913, 0.721702754498, 0.354350686073, 0.283801734447, 0.10109270364, 0.0600959584117, 0.0502983257174, 0.0229852367193, 0.0244351290166, 0.00820875074714, 0.00331970839761, 0.00102474098094, 0.000154010340339, 5.59562795388e-06, 7.52748860577e-07, 1.39945200317e-06, 2.2999927296e-06],
        "stdev": [0.122189708054, 0.628447055817, 1.6823631525, 1.98579216003, 3.89847064018, 4.94630908966, 9.74562168121, 15.8790140152, 22.4625415802, 35.0320243835, 24.5678863525, 31.1110210419, 40.1576194763, 51.415184021, 33.3341445923, 41.5276679993, 66.6031417847, 43.3961868286, 90.8348617554, 59.9294586182, 73.0628128052, 79.6160888672, 49.0616989136, 71.3656845093, 63.3369979858, 26.8255023956, 13.585278511, 10.2682085037, 9.60908508301, 6.40069150925, 4.9167766571, 3.97035074234, 3.14218711853, 0.828705430031, 0.364032417536, 0.0549196600914, 0.00135022017639, 7.00459131622e-05, 1.22579867821e-05, 1.10119408419e-05]
    },
    "gfcc": {
        "mean": [8.61584568024, 98.3497695923, -167.864440918, 50.236000061, -73.6673736572, 12.5743484497, -41.7158622742, 10.2725095749, -21.5367145538, -5.2694144249, 0.746145784855, -13.8579893112, 0.328961610794],
        "cov": [[1110.8840332, -401.766113281, 20.637966156, 58.5142707825, -59.2189941406, 94.5842208862, -82.4375228882, 118.053291321, -29.4926872253, 50.9874382019, -24.7708530426, 35.9537658691, -60.7512588501], [-401.766113281, 453.044158936, 20.5705566406, -5.40367460251, 101.67124939, -43.7949752808, 115.966575623, -59.0363807678, 47.2428283691, -28.6004047394, 48.1826515198, -31.6185836792, 47.3090515137], [20.637966156, 20.5705566406, 354.031097412, 78.9160995483, -59.0134849548, 100.883079529, -33.9532241821, 4.56145954132, -11.9877929688, 39.9762573242, -62.3909912109, 54.2023353577, 2.86039090157], [58.5142707825, -5.40367460251, 78.9160995483, 148.102142334, 64.9609222412, 27.319190979, 14.2289094925, 20.6075668335, 35.839176178, 5.1437921524, 3.55489206314, 14.6450052261, 6.00166702271], [-59.2189941406, 101.67124939, -59.0134849548, 64.9609222412, 198.743896484, 38.940158844, 65.9281158447, 5.479347229, 16.3526477814, 5.76714992523, 25.8684959412, -31.3777637482, 9.28556537628], [94.5842208862, -43.7949752808, 100.883079529, 27.319190979, 38.940158844, 172.059967041, 47.7437286377, -2.28919744492, -20.2551326752, 30.8000488281, -32.1036567688, 9.24919700623, -1.83106338978], [-82.4375228882, 115.966575623, -33.9532241821, 14.2289094925, 65.9281158447, 47.7437286377, 142.600662231, 21.7790546417, 16.4339618683, -4.43735647202, 32.2549667358, -19.6895999908, 8.56788730621], [118.053291321, -59.0363807678, 4.56145954132, 20.6075668335, 5.479347229, -2.28919744492, 21.7790546417, 114.801620483, 45.3598899841, 6.24192523956, 17.5131206512, 12.8819379807, -9.20097732544], [-29.4926872253, 47.2428283691, -11.9877929688, 35.839176178, 16.3526477814, -20.2551326752, 16.4339618683, 45.3598899841, 118.322349548, 17.549446106, 20.2897090912, 16.9953708649, 10.9851589203], [50.9874382019, -28.6004047394, 39.9762573242, 5.1437921524, 5.76714992523, 30.8000488281, -4.43735647202, 6.24192523956, 17.549446106, 79.7214889526, 12.9850072861, 6.15253353119, 1.13980972767], [-24.7708530426, 48.1826515198, -62.3909912109, 3.55489206314, 25.8684959412, -32.1036567688, 32.2549667358, 17.5131206512, 20.2897090912, 12.9850072861, 115.805107117, 5.14022874832, 13.0973949432], [35.9537658691, -31.6185836792, 54.2023353577, 14.6450052261, -31.3777637482, 9.24919700623, -19.6895999908, 12.8819379807, 16.9953708649, 6.15253353119, 5.14022874832, 79.8725585938, 17.7799301147], [-60.7512588501, 47.3090515137, 2.86039090157, 6.00166702271, 9.28556537628, -1.83106338978, 8.56788730621, -9.20097732544, 10.9851589203, 1.13980972767, 13.0973949432, 17.7799301147, 61.1701927185]],
        "icov": [[0.00171118217986, -0.000519125955179, 0.00192008283921, -0.00220988621004, 0.0016268651234, -0.00226359860972, 0.00206407811493, -0.00275852694176, 0.00180193723645, -0.00143027398735, 0.000290321011562, -0.000534359947778, 0.00100545142777], [-0.000519125955179, 0.0153516419232, -0.014089519158, 0.0130792781711, -0.0123340990394, 0.0133237205446, -0.0148105984554, 0.0143194459379, -0.011795536615, 0.00895216502249, -0.00466614216566, 0.00431831460446, -0.00481809815392], [0.00192008283921, -0.014089519158, 0.0201144274324, -0.0175619125366, 0.0152267897502, -0.0163572784513, 0.0154338739812, -0.0154583863914, 0.0133997425437, -0.0115459030494, 0.00646066339687, -0.0060748369433, 0.00448944885284], [-0.00220988621004, 0.0130792781711, -0.0175619125366, 0.0248844306916, -0.0170128084719, 0.0137280281633, -0.0135415336117, 0.0142175015062, -0.0147957270965, 0.0112929660827, -0.00524627137929, 0.00318694417365, -0.0042582442984], [0.0016268651234, -0.0123340990394, 0.0152267897502, -0.0170128084719, 0.0200270488858, -0.014480789192, 0.0112683316693, -0.0129028623924, 0.0107928402722, -0.0091188615188, 0.00337467319332, -0.000878629449289, 0.00288395420648], [-0.00226359860972, 0.0133237205446, -0.0163572784513, 0.0137280281633, -0.014480789192, 0.024526340887, -0.019425874576, 0.0151590984315, -0.00908072572201, 0.00489253690466, -0.000688232132234, 0.00159934978001, -0.00397920468822], [0.00206407811493, -0.0148105984554, 0.0154338739812, -0.0135415336117, 0.0112683316693, -0.019425874576, 0.0272034350783, -0.0176481232047, 0.0108164697886, -0.00641152588651, 0.0009867597837, -0.00124504847918, 0.00368213560432], [-0.00275852694176, 0.0143194459379, -0.0154583863914, 0.0142175015062, -0.0129028623924, 0.0151590984315, -0.0176481232047, 0.0276820603758, -0.0167980920523, 0.0100811263546, -0.00555789656937, 0.00280733616091, -0.00223539303988], [0.00180193723645, -0.011795536615, 0.0133997425437, -0.0147957270965, 0.0107928402722, -0.00908072572201, 0.0108164697886, -0.0167980920523, 0.0228986665606, -0.0119076687843, 0.00486217113212, -0.00604295870289, 0.00261052907445], [-0.00143027398735, 0.00895216502249, -0.0115459030494, 0.0112929660827, -0.0091188615188, 0.00489253690466, -0.00641152588651, 0.0100811263546, -0.0119076687843, 0.0228564944118, -0.00727990502492, 0.00450767204165, -0.00300605804659], [0.000290321011562, -0.00466614216566, 0.00646066339687, -0.00524627137929, 0.00337467319332, -0.000688232132234, 0.0009867597837, -0.00555789656937, 0.00486217113212, -0.00727990502492, 0.0140440799296, -0.00425378791988, 9.45423889789e-05], [-0.000534359947778, 0.00431831460446, -0.0060748369433, 0.00318694417365, -0.000878629449289, 0.00159934978001, -0.00124504847918, 0.00280733616091, -0.00604295870289, 0.00450767204165, -0.00425378791988, 0.0194585304707, -0.00686505995691], [0.00100545142777, -0.00481809815392, 0.00448944885284, -0.0042582442984, 0.00288395420648, -0.00397920468822, 0.00368213560432, -0.00223539303988, 0.00261052907445, -0.00300605804659, 9.45423889789e-05, -0.00686505995691, 0.0214340854436]]
    },
    "melbands": {
        "max": [0.00749355880544, 0.00783419143409, 0.00326287187636, 0.002134203678, 0.00335933989845, 0.00357429590076, 0.00294913584366, 0.00375826307572, 0.00257712439634, 0.00159630645066, 0.0023541871924, 0.0019856384024, 0.0013784354087, 0.00102031754795, 0.00132679427043, 0.00192613166291, 0.000820903282147, 0.00174380152021, 0.000933040457312, 0.000896231736988, 0.00123802770395, 0.0010031836573, 0.000798671215307, 0.000389731663745, 0.000655059353448, 0.000744131102692, 0.000256797036855, 0.000178689675522, 0.000112442350655, 7.83865325502e-05, 0.000144978126627, 0.000136227346957, 9.09847585717e-05, 7.1189191658e-05, 4.98307381349e-05, 5.00913738506e-05, 3.06431211357e-05, 3.84625018341e-05, 1.19773058032e-05, 6.0129641497e-06],
        "mean": [0.000422091165092, 0.00044420332415, 0.000321641186019, 0.000259356340393, 0.000267117487965, 0.00027110389783, 0.000301400868921, 0.000261038803728, 0.00015533703845, 0.00012995081488, 0.000127401610371, 0.000137912938953, 9.8727963632e-05, 8.52503144415e-05, 9.28367007873e-05, 7.29654566385e-05, 5.75143531023e-05, 9.24820924411e-05, 6.59679935779e-05, 4.52576314274e-05, 5.46915907762e-05, 5.19098284713e-05, 4.26478727604e-05, 3.88067965105e-05, 4.9278147344e-05, 5.34024147782e-05, 2.59514799836e-05, 2.02252213057e-05, 1.00509660115e-05, 4.82081668451e-06, 3.40916517416e-06, 2.97940437122e-06, 2.96765142593e-06, 2.05034643841e-06, 1.59233172781e-06, 1.35687525926e-06, 1.70373698438e-06, 1.53956750637e-06, 5.76762431592e-07, 3.50958458739e-07],
        "min": [4.36154141426e-06, 1.4909131778e-06, 5.10476684212e-06, 2.16200055547e-06, 1.68662188571e-06, 1.52265374709e-06, 1.62465107678e-06, 1.76569585619e-06, 1.82035137186e-06, 1.73495834588e-06, 1.05364904357e-06, 1.32883553761e-06, 5.48541891021e-07, 1.2686265336e-06, 8.19546812636e-07, 3.23548192682e-07, 4.99587713421e-07, 6.90631964062e-07, 9.59286580837e-07, 2.54993494764e-07, 4.40381597855e-07, 5.21645006302e-07, 4.62605072471e-07, 3.15088527714e-07, 3.60540923339e-07, 4.96915276926e-07, 3.23867226371e-07, 2.41646887389e-07, 7.79674209639e-08, 9.24137282254e-08, 4.32776552373e-08, 3.33207132996e-08, 2.49567673194e-08, 2.12095034868e-08, 1.11393498869e-08, 1.04393373945e-08, 1.07889759349e-08, 5.79009240553e-09, 3.6150769045e-09, 2.02476124755e-09],
        "stdev": [0.000929610803723, 0.000757749774493, 0.000352703762474, 0.00026419464848, 0.000294959725579, 0.000342313607689, 0.000342095154338, 0.000336596334819, 0.000200644513825, 0.000186465331353, 0.000208456505788, 0.000215256295633, 0.000137976880069, 0.000116327086289, 0.000144732941408, 0.00014370700228, 8.60458239913e-05, 0.000160177485668, 9.14628180908e-05, 7.40952527849e-05, 0.000105315775727, 8.8623179181e-05, 6.05552522757e-05, 5.07560689584e-05, 6.50537840556e-05, 6.71706657158e-05, 2.68239327852e-05, 1.90256450878e-05, 1.0452139577e-05, 5.98865744905e-06, 6.75130968375e-06, 6.10721144767e-06, 4.30186355516e-06, 3.50846494257e-06, 2.98562486023e-06, 2.58946420217e-06, 3.00713782053e-06, 3.30269608639e-06, 9.87003431874e-07, 6.35409492133e-07]
    },
    "melbands128": {
        "max": [0.00225381250493, 0.0100872842595, 0.0114051671699, 0.0127257369459, 0.0104153435677, 0.00642242189497, 0.0043436512351, 0.00508095463738, 0.0061126453802, 0.0031522824429, 0.00367635581642, 0.00448692496866, 0.00497484114021, 0.00624117720872, 0.0062235109508, 0.00433242600411, 0.00466123363003, 0.00545345060527, 0.00369412777945, 0.00649345340207, 0.00395041424781, 0.00459009967744, 0.00504398485646, 0.00309986178763, 0.00289047323167, 0.00346732069738, 0.00311170844361, 0.00392165826634, 0.0068734982051, 0.00357647193596, 0.00371410371736, 0.00315473158844, 0.00253928429447, 0.00186898384709, 0.00206022313796, 0.00190769636538, 0.00216954434291, 0.00222292519175, 0.00308880535886, 0.00228263717145, 0.0035537967924, 0.0020702269394, 0.00154092884623, 0.00240861717612, 0.00231764558703, 0.00377647136338, 0.00260900240391, 0.0019709309563, 0.00140324002132, 0.00261976523325, 0.00139392598066, 0.00156175717711, 0.00286683393642, 0.00155862804968, 0.0012688296847, 0.00189031625632, 0.00190469622612, 0.00196478748694, 0.00102806335781, 0.00091040879488, 0.000760325288866, 0.00102355307899, 0.00104888749775, 0.00160777184647, 0.00164488796145, 0.00132805574685, 0.00132435618434, 0.00064834090881, 0.000508918485139, 0.000262940768152, 0.000399150478188, 0.000305070541799, 0.000195763204829, 0.000254598853644, 0.000307097740006, 0.000116615454317, 8.6976615421e-05, 0.000177498906851, 0.000173888591235, 0.00021051891963, 0.00015284352412, 0.000135958893225, 0.000128372383188, 8.91813979251e-05, 5.18324413861e-05, 0.000120667238662, 4.9014306569e-05, 5.718824832e-05, 8.26745526865e-05, 6.86902712914e-05, 6.88595173415e-05, 6.43348757876e-05, 3.29449430865e-05, 3.45826192643e-05, 6.10096685705e-05, 0.000100110635685, 1.70449839061e-05, 1.95770953724e-05, 1.80049846676e-05, 1.48869467012e-05, 7.62251193009e-06, 8.68602455739e-06, 8.28695920063e-06, 1.07300293166e-05, 7.71960731072e-06, 2.9930290566e-06, 2.92783443001e-06, 2.85526107291e-06, 6.32070452866e-07, 9.82943415551e-09, 9.19160214607e-09, 8.66965876867e-09, 8.27279489357e-09, 7.95712473689e-09, 7.67492824849e-09, 7.39899075342e-09, 7.17808390505e-09, 6.98811009059e-09, 6.8036647427e-09, 6.62857324585e-09, 6.49129594521e-09, 6.35711527863e-09, 6.24102325375e-09, 6.14258688358e-09, 6.06213568233e-09, 5.99911809118e-09, 5.94851012892e-09, 5.91965676477e-09],
        "mean": [9.774469072e-05, 0.000427109975135, 0.000541073619388, 0.000451075145975, 0.000475949520478, 0.000405839353334, 0.000324275140883, 0.000320821680361, 0.000284116889816, 0.000235215309658, 0.000267224386334, 0.000247852382017, 0.000299651583191, 0.000252750876825, 0.000236133375438, 0.000320999941323, 0.000275974336546, 0.0003034005058, 0.000291931064567, 0.000405693019275, 0.000138211733429, 0.000137264534715, 0.000177440408152, 0.000142770571983, 0.000161536794621, 8.39864806039e-05, 0.000152653985424, 0.000123942852952, 0.000116841583804, 0.000154415989527, 0.00014600463328, 0.00010036599997, 0.00013767083874, 4.29286592407e-05, 7.88096876931e-05, 9.98197720037e-05, 9.64559076237e-05, 7.76828455855e-05, 0.000109019340016, 9.41052639973e-05, 4.72975189041e-05, 7.24580386304e-05, 5.20149114891e-05, 4.98764929944e-05, 7.88782781456e-05, 0.000103585371107, 0.000113896756375, 5.03945884702e-05, 4.50942534371e-05, 8.4462830273e-05, 3.12835836667e-05, 2.23503411689e-05, 7.15966743883e-05, 5.42050584045e-05, 4.72430074296e-05, 5.31158220838e-05, 5.58790488867e-05, 5.31649675395e-05, 3.45656335412e-05, 2.77255003311e-05, 3.37946767104e-05, 5.47590789211e-05, 4.42206619482e-05, 4.5078653784e-05, 6.15841636318e-05, 6.05394270679e-05, 4.78510773974e-05, 2.63168276433e-05, 2.08022829611e-05, 2.32235761359e-05, 2.43333761318e-05, 1.73859461938e-05, 1.02976900962e-05, 1.04119490061e-05, 7.09534924681e-06, 5.04650097355e-06, 3.74904038836e-06, 3.18790694109e-06, 3.29890144712e-06, 3.85146768167e-06, 3.00243664242e-06, 2.42987107413e-06, 3.14823660119e-06, 3.49545757672e-06, 2.29928468798e-06, 2.30331306739e-06, 1.90789728549e-06, 1.59461626481e-06, 1.65891276538e-06, 1.52791960772e-06, 1.38769405567e-06, 1.2646049754e-06, 1.37296274261e-06, 1.27228190649e-06, 2.22728226618e-06, 2.5720571557e-06, 1.06214042717e-06, 7.14195664386e-07, 6.24445362973e-07, 4.51265464108e-07, 4.15274939769e-07, 3.10405056325e-07, 3.13073030611e-07, 2.82692525388e-07, 1.94669084408e-07, 1.47765831571e-07, 1.35474209628e-07, 9.4971795761e-08, 1.64150684157e-08, 4.93803296864e-11, 1.05973459175e-11, 1.04054291225e-11, 1.08000604987e-11, 1.05112281726e-11, 1.01259833851e-11, 9.70381847792e-12, 8.41502909021e-12, 8.04733623488e-12, 7.82648945652e-12, 7.61695654466e-12, 7.44097838901e-12, 7.27982431281e-12, 7.1400997094e-12, 7.01814301118e-12, 6.90637694603e-12, 6.80558300686e-12, 6.73372121951e-12, 6.69669788372e-12],
        "min": [9.20641909374e-08, 8.42275596824e-07, 7.33359684091e-07, 5.7647542917e-07, 4.6650711738e-07, 4.68670350529e-07, 9.34160709676e-07, 4.8362966254e-07, 6.24040978892e-07, 8.05121260328e-07, 2.45356517325e-07, 1.73832518158e-06, 3.34507518573e-07, 5.78763206249e-07, 2.99003687587e-07, 2.8482122616e-07, 4.26622023042e-07, 7.79340325607e-07, 6.10689369296e-07, 4.18115860157e-07, 3.42124963026e-07, 3.53018350552e-07, 3.42849233448e-07, 5.73578802232e-07, 2.03216174555e-07, 1.95987752249e-07, 9.62835358109e-08, 9.31460135689e-08, 2.0320047156e-07, 1.78374307325e-07, 2.34619392359e-07, 2.81488041765e-07, 8.40888247922e-08, 6.47967723921e-08, 2.9169109439e-07, 1.86466721175e-07, 2.48126468705e-07, 3.55883571501e-07, 5.29671169147e-08, 4.09737417328e-08, 1.31723936647e-07, 1.84443507578e-07, 2.43882482209e-07, 1.07309958253e-07, 1.15741428885e-07, 1.28846664893e-07, 2.33150387885e-07, 1.08353091832e-07, 2.09478542956e-07, 1.18435352192e-07, 1.20758770095e-07, 9.99442519856e-08, 1.03587396438e-07, 2.29261019058e-07, 2.89270104759e-07, 1.3575423452e-07, 5.60687780649e-08, 1.23059805901e-07, 9.23984657675e-08, 1.02918917833e-07, 2.09204614521e-07, 2.46616593813e-07, 1.23005705177e-07, 1.09888553368e-07, 2.08086959219e-07, 1.53583513907e-07, 2.8380767958e-07, 1.4654061431e-07, 6.95127084782e-08, 6.45468958282e-08, 1.07080012413e-07, 5.95456555175e-08, 5.11857294327e-08, 4.56769697621e-08, 5.46119593992e-08, 2.48737599406e-08, 6.26429681461e-08, 6.25448404179e-09, 6.13020434415e-09, 2.20208047352e-08, 1.46079370822e-08, 4.42099956643e-09, 9.27540622087e-09, 1.89794029382e-08, 7.01865943142e-09, 1.12312008582e-08, 1.37835636238e-08, 5.25653298666e-09, 2.807065691e-09, 2.56350207728e-09, 4.33538005495e-09, 1.0426586261e-09, 8.05154698469e-09, 6.41774677845e-09, 3.57069218637e-09, 4.98075358735e-09, 1.6833329175e-09, 1.11072473441e-09, 6.71681099629e-10, 5.69054969812e-10, 1.11847664463e-09, 3.01554232973e-11, 3.75881437087e-10, 2.44377851288e-10, 1.83337248161e-10, 1.12964929078e-10, 3.43983702633e-10, 1.42192438379e-10, 3.82559462624e-13, 4.54966095451e-14, 3.45041717095e-14, 2.47135855346e-14, 2.48829565486e-14, 2.18257994956e-14, 2.79241944644e-14, 3.21723103345e-14, 3.08630752248e-14, 2.32622928353e-14, 2.3705994104e-14, 2.46171305047e-14, 2.70242287342e-14, 2.75574342805e-14, 3.0920795438e-14, 2.52759222379e-14, 2.13645324576e-14, 7.36018437495e-15, 1.23092299615e-15, 4.85689386787e-17],
        "stdev": [0.000209604972042, 0.00110611086711, 0.0012929715449, 0.00105832039844, 0.00100825366098, 0.000633801217191, 0.000463880540337, 0.000458333146526, 0.000497317581903, 0.000304700020934, 0.00034482817864, 0.000338378828019, 0.000436212227214, 0.000439270515926, 0.00043353921501, 0.000540935085155, 0.000414783717133, 0.000553325051442, 0.000419932242949, 0.000660249264911, 0.000220015906962, 0.000287437957013, 0.000304336543195, 0.000268456380581, 0.000355788099114, 0.000172354048118, 0.000266946095508, 0.000306687812554, 0.000346975110006, 0.000294582219794, 0.00033710183925, 0.000217242122744, 0.000242227950366, 0.000103777747427, 0.00017150847998, 0.000161959731486, 0.000183626718353, 0.000195605622139, 0.000262647256022, 0.000224343093578, 0.000209671750781, 0.000150637104525, 9.85240912996e-05, 0.000154766865307, 0.000206385782803, 0.00026294728741, 0.000264304835582, 0.000133302586619, 9.24345658859e-05, 0.000185270197107, 7.6717522461e-05, 6.27652843832e-05, 0.000183689960977, 0.000125572623801, 9.95562295429e-05, 0.000131621927721, 0.000160343770403, 0.000110354943899, 6.34976095171e-05, 6.1080638261e-05, 5.968143887e-05, 0.000102864134533, 9.48979795794e-05, 9.85945298453e-05, 0.000120226861327, 0.000107912470412, 9.56553267315e-05, 4.60163755633e-05, 3.45558073604e-05, 2.99790117424e-05, 3.37564306392e-05, 2.67097530013e-05, 1.59377595992e-05, 1.62956894201e-05, 1.33591656777e-05, 8.42247573019e-06, 5.81322137805e-06, 7.84896565165e-06, 7.09821506462e-06, 8.94229015103e-06, 7.03758587406e-06, 6.05599143455e-06, 5.89476485402e-06, 5.01659224028e-06, 3.87239015254e-06, 4.61733725388e-06, 3.44160775967e-06, 3.51091011908e-06, 3.38388485943e-06, 3.13770942739e-06, 3.1415063404e-06, 2.81627353615e-06, 2.15557838601e-06, 2.0779859824e-06, 5.51351149625e-06, 7.56518147682e-06, 1.77908373189e-06, 1.2151087958e-06, 1.29560908135e-06, 8.93243623068e-07, 7.37523350836e-07, 6.73220711178e-07, 6.57400505588e-07, 6.99673648796e-07, 4.7798948799e-07, 3.07892321416e-07, 2.50201338758e-07, 2.29920587458e-07, 4.16766035016e-08, 3.13776948868e-10, 2.211176936e-10, 2.09930572925e-10, 2.01394567689e-10, 1.9399336304e-10, 1.87438342625e-10, 1.81066592275e-10, 1.75325060026e-10, 1.70616049067e-10, 1.66150010417e-10, 1.61862356851e-10, 1.5842395451e-10, 1.55136528623e-10, 1.52313453516e-10, 1.49883105927e-10, 1.47886231039e-10, 1.46316778138e-10, 1.45062697965e-10, 1.44349865394e-10]
    },
    "mfcc": {
        "mean": [-608.401367188, 103.903251648, -25.9088993073, 24.870765686, -4.13841915131, -5.13425064087, 0.249200001359, 0.978755295277, -9.41154003143, 6.33968687057, -4.30985593796, -0.0576584637165, 0.479645550251],
        "cov": [[1183.44287109, -412.503692627, -22.8401088715, -54.105140686, 30.6810207367, -68.0392227173, -6.5094909668, 38.6070365906, -11.8402748108, 0.851388692856, 59.4822273254, 38.7570266724, -20.8188915253], [-412.503692627, 416.911346436, -48.123840332, 40.1975479126, -21.8502616882, 41.2333564758, 35.9576797485, -8.1754283905, 7.41452598572, 14.5392789841, -11.2245597839, -5.19125366211, -4.87304592133], [-22.8401088715, -48.123840332, 375.209686279, -14.3493127823, -1.72438061237, 63.8256034851, -44.9302711487, -3.87439322472, 43.8065948486, -50.6796875, -8.39981460571, 4.23227214813, 1.09663200378], [-54.105140686, 40.1975479126, -14.3493127823, 143.924911499, 50.555015564, -8.17611122131, -2.3747792244, 20.473575592, 7.76458311081, 15.603430748, -0.793824791908, 21.210817337, 15.3729286194], [30.6810207367, -21.8502616882, -1.72438061237, 50.555015564, 118.975624084, 26.5084114075, 10.1467094421, 3.74013543129, 12.0787181854, 12.5256910324, 3.51223468781, 5.82873344421, 11.9528627396], [-68.0392227173, 41.2333564758, 63.8256034851, -8.17611122131, 26.5084114075, 192.713226318, 48.3296508789, -6.9142332077, 38.6395111084, 0.603837490082, -3.43026375771, -25.5012741089, -3.87700390816], [-6.5094909668, 35.9576797485, -44.9302711487, -2.3747792244, 10.1467094421, 48.3296508789, 152.487045288, 17.0833435059, -9.08068275452, 38.077999115, 4.61170625687, -14.1675386429, -3.94021320343], [38.6070365906, -8.1754283905, -3.87439322472, 20.473575592, 3.74013543129, -6.9142332077, 17.0833435059, 106.827758789, 26.8927021027, 3.12602829933, 14.0711011887, 21.2404594421, -1.99610722065], [-11.8402748108, 7.41452598572, 43.8065948486, 7.76458311081, 12.0787181854, 38.6395111084, -9.08068275452, 26.8927021027, 94.2742767334, 11.0105104446, 5.573554039, 0.181704878807, 0.20982414484], [0.851388692856, 14.5392789841, -50.6796875, 15.603430748, 12.5256910324, 0.603837490082, 38.077999115, 3.12602829933, 11.0105104446, 95.7343063354, 20.5395450592, -1.21395111084, 7.01156234741], [59.4822273254, -11.2245597839, -8.39981460571, -0.793824791908, 3.51223468781, -3.43026375771, 4.61170625687, 14.0711011887, 5.573554039, 20.5395450592, 75.6809005737, 22.5075531006, 1.31943249702], [38.7570266724, -5.19125366211, 4.23227214813, 21.210817337, 5.82873344421, -25.5012741089, -14.1675386429, 21.2404594421, 0.181704878807, -1.21395111084, 22.5075531006, 86.5806655884, 16.5750541687], [-20.8188915253, -4.87304592133, 1.09663200378, 15.3729286194, 11.9528627396, -3.87700390816, -3.94021320343, -1.99610722065, 0.20982414484, 7.01156234741, 1.31943249702, 16.5750541687, 67.0144729614]],
        "icov": [[0.00142594799399, 0.00137087528128, 0.000212709113839, 0.000300167797832, -0.00027963714092, 0.000185757031431, -0.000245058559813, -0.000190420440049, -3.05182511511e-05, 8.28839620226e-05, -0.000702043878846, -0.000498582434375, 0.000639441306703], [0.00137087528128, 0.00410610949621, 0.00064985267818, -0.000994945527054, 0.0010066916002, -0.000588456576224, -0.000730070809368, 0.000375846371753, -0.00042617393774, 6.12072253716e-05, -0.000299190898659, -0.000695174501743, 0.000869496085215], [0.000212709113839, 0.00064985267818, 0.00342732993886, 1.74907563633e-05, 0.000313848169753, -0.00120064755902, 0.000671031128149, 0.000303253676975, -0.00136816606391, 0.00155965646263, -2.12957511394e-05, -0.000527241267264, -5.17894659424e-05], [0.000300167797832, -0.000994945527054, 1.74907563633e-05, 0.00962698739022, -0.00428854068741, 0.000803118280601, 0.000775481457822, -0.00181024544872, 0.000221640453674, -0.00131617020816, 0.00107231049333, -0.00158699031454, -0.00087631464703], [-0.00027963714092, 0.0010066916002, 0.000313848169753, -0.00428854068741, 0.011155994609, -0.00187470554374, -0.00044602577691, 0.000801808026154, -0.000783300900366, -0.000382803787943, -0.000151972941239, -0.000112949601316, -0.0010622034315], [0.000185757031431, -0.000588456576224, -0.00120064755902, 0.000803118280601, -0.00187470554374, 0.00765466690063, -0.00294502265751, 0.00123428925872, -0.0030767431017, 0.00112649402581, -0.00049566430971, 0.00148587569129, 2.51843121077e-05], [-0.000245058559813, -0.000730070809368, 0.000671031128149, 0.000775481457822, -0.00044602577691, -0.00294502265751, 0.00936277396977, -0.00265630241483, 0.00297280726954, -0.00365977548063, 0.000457902468042, 0.000977413030341, 0.00018530030502], [-0.000190420440049, 0.000375846371753, 0.000303253676975, -0.00181024544872, 0.000801808026154, 0.00123428925872, -0.00265630241483, 0.0120197534561, -0.00445226952434, 0.0016346918419, -0.0012646879768, -0.002360223094, 0.000960286532063], [-3.05182511511e-05, -0.00042617393774, -0.00136816606391, 0.000221640453674, -0.000783300900366, -0.0030767431017, 0.00297280726954, -0.00445226952434, 0.0145548805594, -0.00327773671597, -1.92253737623e-05, 0.000640170415863, 7.43722484913e-05], [8.28839620226e-05, 6.12072253716e-05, 0.00155965646263, -0.00131617020816, -0.000382803787943, 0.00112649402581, -0.00365977548063, 0.0016346918419, -0.00327773671597, 0.0142305446789, -0.00381272868253, 0.00103325850796, -0.0013855767902], [-0.000702043878846, -0.000299190898659, -2.12957511394e-05, 0.00107231049333, -0.000151972941239, -0.00049566430971, 0.000457902468042, -0.0012646879768, -1.92253737623e-05, -0.00381272868253, 0.016162013635, -0.00408436451107, 0.00059316662373], [-0.000498582434375, -0.000695174501743, -0.000527241267264, -0.00158699031454, -0.000112949601316, 0.00148587569129, 0.000977413030341, -0.002360223094, 0.000640170415863, 0.00103325850796, -0.00408436451107, 0.0150747150183, -0.003497694619], [0.000639441306703, 0.000869496085215, -5.17894659424e-05, -0.00087631464703, -0.0010622034315, 2.51843121077e-05, 0.00018530030502, 0.000960286532063, 7.43722484913e-05, -0.0013855767902, 0.00059316662373, -0.003497694619, 0.0166144724935]]
    },
    "spectral_contrast_coeffs": {
        "max": [-0.476299971342, -0.558475852013, -0.524606585503, -0.551418125629, -0.566671669483, -0.598650634289],
        "mean": [-0.711271464825, -0.742913067341, -0.730732619762, -0.745388090611, -0.735310554504, -0.725651800632],
        "min": [-0.900023579597, -0.893222630024, -0.914274156094, -0.868322610855, -0.865285933018, -0.827938973904],
        "stdev": [0.0676844641566, 0.0582492090762, 0.0552900619805, 0.0527975335717, 0.0498393177986, 0.0321888029575]
    },
    "spectral_contrast_valleys": {
        "max": [-5.49264526367, -5.36804580688, -5.86871147156, -6.23479032516, -5.87532901764, -8.14367675781],
        "mean": [-7.00479507446, -6.5660700798, -7.22676849365, -7.36520385742, -7.08435821533, -10.3919830322],
        "min": [-8.95837593079, -8.48407649994, -8.7402973175, -8.80962467194, -8.48232078552, -12.2694530487],
        "stdev": [0.537044286728, 0.489210993052, 0.44384893775, 0.408012390137, 0.448553115129, 0.721022844315]
    }
},
"rhythm": {
    "beats_count": 107,
    "beats_loudness": {
        "max": 0.042265817523,
        "mean": 0.0263839177787,
        "min": 0.0133184306324,
        "stdev": 0.0067588291131
    },
    "bpm": 124.173545837,
    "bpm_histogram_first_peak_bpm": 123,
    "bpm_histogram_first_peak_weight": 0.394230782986,
    "bpm_histogram_second_peak_bpm": 129,
    "bpm_histogram_second_peak_spread": 0,
    "bpm_histogram_second_peak_weight": 0.0188679248095,
    "danceability": 1.15776157379,
    "onset_rate": 2.73650121689,
    "beats_loudness_band_ratio": {
        "max": [0.748155593872, 0.561903476715, 0.633505821228, 0.511753022671, 0.506638944149, 0.453764617443],
        "mean": [0.227049142122, 0.162087902427, 0.194309681654, 0.153504177928, 0.183087602258, 0.119787476957],
        "min": [0.00885715056211, 0.00861624069512, 0.0190936289728, 0.0296577364206, 0.0296234395355, 0.0212024003267],
        "stdev": [0.189275428653, 0.103304713964, 0.119680210948, 0.0928575694561, 0.102062739432, 0.0641376525164]
    },
