{
"metadata": {
    "version": {
        "essentia": "2.1-beta5",
        "essentia_git_sha": "Undefined",
        "extractor": "music 2.0"
    },
    "audio_properties": {
        "analysis": {
            "equal_loudness": 0,
            "length": 12.7477550507,
            "sample_rate": 44100,
            "start_time": 0,
            "downmix": "mix"
        },
        "bit_rate": 192000,
        "length": 208.828659058,
        "lossless": 0,
        "number_channels": 2,
        "replay_gain": 18.1689968109,
        "sample_rate": 48000,
        "codec": "mp3",
        "md5_encoded": "753629b42cde0b5675d94b6a85235a56"
    },
    "tags": {
        "file_name": "France_Mama Corsica_Patrick Fiori.mp3",
        "encoding": ["Lavf58.29.100"]
    }
},
"lowlevel": {
    "average_loudness": 0.000115263144835,
    "barkbands_crest": {
        "max": 9.33447551727,
        "mean": 6.44300699234,
        "min": 3.13381743431,
        "stdev": 0.797510147095
    },
    "barkbands_flatness_db": {
        "max": 0.108615905046,
        "mean": 0.0755482912064,
        "min": 0.0376409143209,
        "stdev": 0.00859919935465
    },
    "barkbands_kurtosis": {
        "max": 5.59036159515,
        "mean": 3.05872130394,
        "min": -0.790723323822,
        "stdev": 0.993038952351
    },
    "barkbands_skewness": {
        "max": 0.33379560709,
        "mean": -1.71647584438,
        "min": -2.29283833504,
        "stdev": 0.418873518705
    },
    "barkbands_spread": {
        "max": 44.5367507935,
        "mean": 25.7026901245,
        "min": 11.0403184891,
        "stdev": 4.19692564011
    },
    "dissonance": {
        "max": 0.499998867512,
        "mean": 0.493098020554,
        "min": 0.44909209013,
        "stdev": 0.00523349782452
    },
    "dynamic_complexity": 15.761557579,
    "erbbands_crest": {
        "max": 11.9405031204,
        "mean": 3.78489923477,
        "min": 2.58956003189,
        "stdev": 1.24348723888
    },
    "erbbands_flatness_db": {
        "max": 0.228878125548,
        "mean": 0.107666559517,
        "min": 0.0830827504396,
        "stdev": 0.0282551329583
    },
    "erbbands_kurtosis": {
        "max": 3.25869369507,
        "mean": 0.219586640596,
        "min": -0.666228294373,
        "stdev": 0.483239740133
    },
    "erbbands_skewness": {
        "max": 0.765062212944,
        "mean": -0.559144675732,
        "min": -0.989397406578,
        "stdev": 0.26358538866
    },
    "erbbands_spread": {
        "max": 45.5231018066,
        "mean": 34.3016624451,
        "min": 9.67816829681,
        "stdev": 6.3661108017
    },
    "hfc": {
        "max": 385.786499023,
        "mean": 9.90629291534,
        "min": 1.04682088799e-16,
        "stdev": 43.1966400146
    },
    "loudness_ebu128": {
        "integrated": -35.9316825867,
        "loudness_range": 17.6602592468,
        "momentary": {
            "max": -33.0497207642,
            "mean": -274.384796143,
            "min": -300.691009521,
            "stdev": 77.5175323486
        },
        "short_term": {
            "max": -39.9358444214,
            "mean": -268.562805176,
            "min": -300.691009521,
            "stdev": 83.0032577515
        }
    },
    "melbands_crest": {
        "max": 11.3867340088,
        "mean": 2.610632658,
        "min": 1.51635205746,
        "stdev": 1.00133526325
    },
    "melbands_flatness_db": {
        "max": 0.094173386693,
        "mean": 0.0125363189727,
        "min": 0.00262841256335,
        "stdev": 0.0189871229231
    },
    "melbands_kurtosis": {
        "max": 2.12599897385,
        "mean": -1.0414301157,
        "min": -1.41786277294,
        "stdev": 0.500696957111
    },
    "melbands_skewness": {
        "max": 0.460936099291,
        "mean": -0.00777944130823,
        "min": -0.826555132866,
        "stdev": 0.151878431439
    },
    "melbands_spread": {
        "max": 165.273803711,
        "mean": 123.721817017,
        "min": 26.6098632812,
        "stdev": 27.4944324493
    },
    "pitch_salience": {
        "max": 0.906389951706,
        "mean": 0.789777696133,
        "min": 0.661263167858,
        "stdev": 0.0149417268112
    },
    "silence_rate_20dB": {
        "max": 1,
        "mean": 1,
        "min": 1,
        "stdev": 0
    },
    "silence_rate_30dB": {
        "max": 1,
        "mean": 0.983636379242,
        "min": 0,
        "stdev": 0.126869499683
    },
    "silence_rate_60dB": {
        "max": 1,
        "mean": 0.921818196774,
        "min": 0,
        "stdev": 0.268457472324
    },
    "spectral_centroid": {
        "max": 11796.6923828,
        "mean": 10212.6884766,
        "min": 2111.90576172,
        "stdev": 2511.87573242
    },
    "spectral_complexity": {
        "max": 65,
        "mean": 3.77272725105,
        "min": 0,
        "stdev": 13.2188959122
    },
    "spectral_decrease": {
        "max": 2.50686817504e-28,
        "mean": -1.03437591825e-09,
        "min": -3.70564556817e-08,
        "stdev": 4.45958781015e-09
    },
    "spectral_energy": {
        "max": 0.174851566553,
        "mean": 0.00480250408873,
        "min": 9.8057390623e-21,
        "stdev": 0.0207353197038
    },
    "spectral_energyband_high": {
        "max": 0.0173499882221,
        "mean": 0.00038107574801,
        "min": 6.93251508769e-21,
        "stdev": 0.00180566997733
    },
    "spectral_energyband_low": {
        "max": 0.00204008258879,
        "mean": 6.18421836407e-05,
        "min": 9.88358385011e-24,
        "stdev": 0.000245939183515
    },
    "spectral_energyband_middle_high": {
        "max": 0.145135939121,
        "mean": 0.00396276824176,
        "min": 1.08710232911e-21,
        "stdev": 0.0172215849161
    },
    "spectral_energyband_middle_low": {
        "max": 0.0192214567214,
        "mean": 0.000422654760769,
        "min": 1.24432811353e-22,
        "stdev": 0.00187680544332
    },
    "spectral_entropy": {
        "max": 9.82724571228,
        "mean": 9.63718414307,
        "min": 7.87319040298,
        "stdev": 0.508889257908
    },
    "spectral_flux": {
        "max": 0.312863379717,
        "mean": 0.0121729709208,
        "min": 6.0948100733e-11,
        "stdev": 0.045577481389
    },
    "spectral_kurtosis": {
        "max": 17.2150688171,
        "mean": -0.661287009716,
        "min": -1.26544630527,
        "stdev": 1.79484820366
    },
    "spectral_rms": {
        "max": 0.0130608920008,
        "mean": 0.000564218091313,
        "min": 3.09298788838e-12,
        "stdev": 0.00208974350244
    },
    "spectral_rolloff": {
        "max": 19724.4140625,
        "mean": 17291.9863281,
        "min": 2217.91992188,
        "stdev": 4527.47900391
    },
    "spectral_skewness": {
        "max": 3.32754468918,
        "mean": 0.14834779501,
        "min": -0.129681915045,
        "stdev": 0.462700158358
    },
    "spectral_spread": {
        "max": 43145412,
        "mean": 37076748,
        "min": 2946357.5,
        "stdev": 10756307
    },
    "spectral_strongpeak": {
        "max": 6.97515106201,
        "mean": 0.203832164407,
        "min": 0,
        "stdev": 0.833478629589
    },
    "zerocrossingrate": {
        "max": 0.69677734375,
        "mean": 0.465185552835,
        "min": 0.0556640625,
        "stdev": 0.11178612709
    },
    "barkbands": {
        "max": [0.0013285606401, 0.00126016931608, 0.00055529846577, 0.00150226172991, 0.00301445135847, 0.00353227881715, 0.00432639569044, 0.00552701484412, 0.00630334531888, 0.00883786566556, 0.00591979641467, 0.0311123449355, 0.0327043011785, 0.0333597399294, 0.0280609130859, 0.0377037115395, 0.0158889126033, 0.0113906469196, 0.00699168955907, 0.00803040247411, 0.00627881241962, 0.00382225145586, 0.00383754400536, 0.00210531055927, 0.00134556321427, 0.000356256758096, 2.91376159112e-06],
        "mean": [2.20881847781e-05, 2.62931698671e-05, 1.29242816911e-05, 1.8312373868e-05, 4.22825469286e-05, 4.77011926705e-05, 5.42615271115e-05, 9.02117826627e-05, 0.000119301934319, 0.000184827498742, 0.000170723214978, 0.000411531946156, 0.00048057778622, 0.000556265993509, 0.000633955351077, 0.000719630450476, 0.000387878681067, 0.000247409567237, 0.000138754199725, 0.000119927753985, 0.000113861686259, 7.85056472523e-05, 6.63278042339e-05, 3.96433679271e-05, 1.56835267262e-05, 3.61523757419e-06, 8.44247427523e-09],
        "min": [1.45749398507e-25, 1.1908563367e-24, 5.27860161057e-25, 2.12382482367e-25, 4.42756308323e-24, 8.23959062388e-24, 7.32119639144e-24, 5.4061288645e-24, 1.05561508807e-23, 4.18751270977e-24, 6.31847371709e-24, 2.29141925975e-23, 2.27101631907e-23, 1.8799964277e-23, 3.18882190351e-23, 4.0627504133e-23, 6.47948701205e-23, 7.3104345932e-23, 9.6583048971e-23, 1.40381054502e-22, 1.40999407856e-22, 2.91204279739e-22, 3.51267947114e-22, 5.42700002569e-22, 6.77054904439e-22, 1.25925141811e-21, 1.83730708097e-21],
        "stdev": [0.000102647434687, 0.000115550465125, 5.29183271283e-05, 9.8001670267e-05, 0.000216929474846, 0.000244862429099, 0.000283531058813, 0.000439260387793, 0.00059229019098, 0.000905604159925, 0.000756021239795, 0.00211690482683, 0.00252973963507, 0.00260280817747, 0.00295346509665, 0.00344423553906, 0.00173673871905, 0.00106747227255, 0.000649892841466, 0.0005925661535, 0.000559251580853, 0.000384553160984, 0.000327040761476, 0.000192400853848, 8.33120429888e-05, 2.09770241781e-05, 1.25722451116e-07]
    },
    "erbbands": {
        "max": [0.0531159490347, 0.215610593557, 0.521388173103, 2.4719119072, 8.66022205353, 7.89331388474, 16.843870163, 32.2700958252, 48.3081207275, 84.3057250977, 116.045089722, 127.70980835, 249.190368652, 395.139221191, 430.160644531, 1430.43603516, 1009.47320557, 1326.72717285, 1372.80664062, 2029.49279785, 1325.78320312, 857.791870117, 611.131896973, 357.262908936, 292.693237305, 467.577484131, 213.55317688, 274.985565186, 163.309768677, 148.690093994, 89.8003005981, 44.7661323547, 41.8776550293, 17.4794712067, 7.98277521133, 2.26516675949, 0.524868249893, 0.0221259146929, 0.000734586792532, 0.000275302911177],
        "mean": [0.00118642335292, 0.00462178047746, 0.0138544216752, 0.0385910607874, 0.107938811183, 0.134551361203, 0.241808250546, 0.444056123495, 0.70825445652, 1.16344964504, 2.16900038719, 2.4462044239, 4.94969749451, 6.37402009964, 9.40540027618, 17.5624313354, 20.7845840454, 27.733127594, 31.9756603241, 39.2618865967, 34.2898902893, 22.316576004, 14.4157333374, 9.95388317108, 5.94844293594, 5.96072626114, 4.75230503082, 4.24002599716, 2.94308543205, 2.56873369217, 1.61594808102, 0.977327883244, 0.594360172749, 0.215907171369, 0.0972301587462, 0.0272457189858, 0.00436159875244, 0.000172877116711, 1.05669223558e-05, 7.61133878768e-06],
        "min": [3.62641314505e-23, 4.0355690433e-22, 9.17002006539e-22, 1.20741661758e-21, 5.13171179411e-21, 1.42344454827e-20, 2.82610262935e-20, 7.04543784288e-20, 9.25636043456e-20, 1.57213843824e-19, 1.56629660441e-19, 2.71204527962e-19, 3.55976271883e-19, 4.50948574474e-19, 6.77961882939e-19, 1.08515673891e-18, 1.29823805112e-18, 1.20907966501e-18, 1.84203175569e-18, 2.65279241949e-18, 2.84200977782e-18, 3.4766169535e-18, 5.38447843067e-18, 3.23364174755e-18, 5.1879589287e-18, 7.39054527171e-18, 6.93282446616e-18, 8.2575356056e-18, 1.00630400994e-17, 1.07819626221e-17, 9.56675902884e-18, 1.00253769118e-17, 8.98681939266e-18, 7.34535225894e-18, 4.44780516121e-18, 3.81234474872e-18, 2.21366435937e-18, 9.19746775989e-19, 2.19479554241e-19, 2.42411304649e-20],
        "stdev": [0.0054953629151, 0.0203884299845, 0.0549781024456, 0.183927610517, 0.584823787212, 0.690887033939, 1.21962475777, 2.35106825829, 3.73598575592, 5.91505527496, 10.2969045639, 12.0684328079, 24.0458526611, 31.6650409698, 42.839931488, 93.5470123291, 101.225364685, 128.022293091, 148.677825928, 188.898178101, 154.657104492, 99.4688415527, 63.872833252, 41.8433837891, 27.7882823944, 30.8563289642, 21.9825706482, 22.4640083313, 14.7373161316, 12.6781196594, 7.89137935638, 4.56135940552, 3.18127036095, 1.1529276371, 0.514592289925, 0.145906940103, 0.0278880093247, 0.00119253119919, 5.37391606485e-05, 3.31165902026e-05]
    },
    "gfcc": {
        "mean": [-1145.75854492, 3.17249917984, -17.0168457031, 2.7196059227, -5.45405960083, 2.8413631916, -4.18299055099, 0.956478953362, -1.80761229992, 0.477454990149, -1.53980922699, 0.0508863143623, -0.785375654697],
        "cov": [[140627.46875, 4113.01953125, -19931.4296875, 3220.25512695, -6353.09472656, 3358.6237793, -4899.8984375, 1114.06396484, -2092.30932617, 561.27935791, -1782.86535645, 57.6796112061, -875.695678711], [4113.01953125, 196.014205933, -572.449584961, 109.399291992, -172.700775146, 100.695022583, -142.379928589, 30.2193584442, -59.637348175, 13.21144104, -52.012966156, -2.51818418503, -23.4125156403], [-19931.4296875, -572.449584961, 2835.52099609, -454.649810791, 903.915649414, -475.252075195, 696.165588379, -158.885452271, 296.619598389, -79.1560897827, 253.642364502, -8.68241691589, 125.025787354], [3220.25512695, 109.399291992, -454.649810791, 84.7150192261, -140.644226074, 78.9306182861, -111.204605103, 25.8179645538, -48.5143508911, 11.045173645, -41.9471092224, -0.920394361019, -21.6431598663], [-6353.09472656, -172.700775146, 903.915649414, -140.644226074, 296.11831665, -149.965484619, 223.439254761, -50.6900215149, 94.7763977051, -25.5358295441, 80.4052047729, -3.57768988609, 40.5078849792], [3358.6237793, 100.695022583, -475.252075195, 78.9306182861, -149.965484619, 83.6467819214, -115.613121033, 26.9458827972, -49.3446502686, 12.9207048416, -43.6001052856, 0.337841033936, -21.5700702667], [-4899.8984375, -142.379928589, 696.165588379, -111.204605103, 223.439254761, -115.613121033, 173.601135254, -37.9951286316, 74.0814361572, -19.0647926331, 62.2710189819, -2.13695716858, 31.0865001678], [1114.06396484, 30.2193584442, -158.885452271, 25.8179645538, -50.6900215149, 26.9458827972, -37.9951286316, 14.1175422668, -14.1541700363, 4.9795165062, -13.8140382767, 0.879208743572, -7.49580574036], [-2092.30932617, -59.637348175, 296.619598389, -48.5143508911, 94.7763977051, -49.3446502686, 74.0814361572, -14.1541700363, 35.9972839355, -6.91305303574, 27.8831577301, -0.318068265915, 14.0243225098], [561.27935791, 13.21144104, -79.1560897827, 11.045173645, -25.5358295441, 12.9207048416, -19.0647926331, 4.9795165062, -6.91305303574, 5.46621274948, -5.9070315361, 1.25707805157, -3.02323389053], [-1782.86535645, -52.012966156, 253.642364502, -41.9471092224, 80.4052047729, -43.6001052856, 62.2710189819, -13.8140382767, 27.8831577301, -5.9070315361, 25.6217021942, 0.75216460228, 12.1058950424], [57.6796112061, -2.51818418503, -8.68241691589, -0.920394361019, -3.57768988609, 0.337841033936, -2.13695716858, 0.879208743572, -0.318068265915, 1.25707805157, 0.75216460228, 2.54648256302, 0.744917631149], [-875.695678711, -23.4125156403, 125.025787354, -21.6431598663, 40.5078849792, -21.5700702667, 31.0865001678, -7.49580574036, 14.0243225098, -3.02323389053, 12.1058950424, 0.744917631149, 8.55430030823]],
        "icov": [[0.00402630260214, -0.00302120228298, 0.0161520317197, -0.00486756209284, 0.00819816533476, -0.0235363170505, 0.0127102294937, -0.00628853775561, 0.0152561953291, -0.0157697051764, -0.00698258914053, 0.00283403252251, -0.0153053551912], [-0.00302120228298, 0.0286488290876, -0.0177266933024, -0.0307694468647, -0.0195880047977, 0.00128875824157, 0.0384978204966, 0.00798057951033, -0.0235714670271, 0.0147130871192, -0.00905791018158, 0.0290064606816, -0.0323976911604], [0.0161520317197, -0.0177266933024, 0.136021122336, 0.0159541480243, -0.0136073185131, -0.00929112266749, -0.0763807818294, 0.0121153211221, 0.0411943681538, -0.0235794298351, -0.0634684711695, 0.0363202877343, -0.0027256316971], [-0.00486756209284, -0.0307694468647, 0.0159541480243, 0.1989030689, -0.063100464642, -0.013548033312, -0.05037156865, -0.0235915202647, 0.0251016002148, 0.0537178702652, -0.0211498197168, 0.0330489873886, 0.119469486177], [0.00819816533476, -0.0195880047977, -0.0136073185131, -0.063100464642, 0.21415142715, -0.0468840785325, -0.0873631685972, -0.00353974686004, 0.046683140099, -0.0473059006035, -0.00013728585327, 0.0155522730201, -0.0874888822436], [-0.0235363170505, 0.00128875824157, -0.00929112266749, -0.013548033312, -0.0468840785325, 0.525878846645, -0.226274847984, 0.0619499608874, -0.141710564494, 0.0753893479705, 0.158350467682, 0.00392743712291, 0.154801785946], [0.0127102294937, 0.0384978204966, -0.0763807818294, -0.05037156865, -0.0873631685972, -0.226274847984, 0.665881216526, -0.0813542306423, -0.0486274398863, -0.0694306120276, -0.0183660574257, 0.0507619529963, -0.175820440054], [-0.00628853775561, 0.00798057951033, 0.0121153211221, -0.0235915202647, -0.00353974686004, 0.0619499608874, -0.0813542306423, 0.307545244694, -0.191028237343, 0.0417318120599, 0.0555647797883, -0.105759248137, 0.13793939352], [0.0152561953291, -0.0235714670271, 0.0411943681538, 0.0251016002148, 0.046683140099, -0.141710564494, -0.0486274398863, -0.191028237343, 0.448413014412, -0.141701638699, -0.174489483237, 0.114092022181, -0.158619984984], [-0.0157697051764, 0.0147130871192, -0.0235794298351, 0.0537178702652, -0.0473059006035, 0.0753893479705, -0.0694306120276, 0.0417318120599, -0.141701638699, 0.473290979862, -0.0611185356975, -0.102213352919, 0.10444175452], [-0.00698258914053, -0.00905791018158, -0.0634684711695, -0.0211498197168, -0.00013728585327, 0.158350467682, -0.0183660574257, 0.0555647797883, -0.174489483237, -0.0611185356975, 0.642586290836, -0.32171908021, 0.032998546958], [0.00283403252251, 0.0290064606816, 0.0363202877343, 0.0330489873886, 0.0155522730201, 0.00392743712291, 0.0507619529963, -0.105759248137, 0.114092022181, -0.102213352919, -0.32171908021, 0.828814864159, -0.258658200502], [-0.0153053551912, -0.0323976911604, -0.0027256316971, 0.119469486177, -0.0874888822436, 0.154801785946, -0.175820440054, 0.13793939352, -0.158619984984, 0.10444175452, 0.032998546958, -0.258658200502, 0.640765666962]]
    },
    "melbands": {
        "max": [0.000421344826464, 0.000259903987171, 0.000591643387452, 0.000645244726911, 0.000460576207843, 0.000712047796696, 0.000772023922764, 0.000892794574611, 0.000884057721123, 0.00092175923055, 0.00126314803492, 0.00162086274941, 0.00110396626405, 0.0030218239408, 0.00234939856455, 0.00372049282305, 0.00225469679572, 0.00267799361609, 0.0018991753459, 0.00341894570738, 0.00154369790107, 0.000912483781576, 0.000874865974765, 0.000612933712546, 0.000286432536086, 0.000269021868007, 0.000203833420528, 0.000318256119499, 0.000119891788927, 0.000149829371367, 0.000171334060724, 9.4679016911e-05, 6.27946428722e-05, 9.29045127123e-05, 6.13587108091e-05, 4.27966879215e-05, 2.5242119591e-05, 3.46481429006e-05, 1.56779115059e-05, 1.53685159603e-05],
        "mean": [1.05647668533e-05, 6.83835924065e-06, 8.91054878593e-06, 9.00193117559e-06, 7.89524347056e-06, 9.93648063741e-06, 1.08635422293e-05, 1.43043544085e-05, 1.7506081349e-05, 1.63792192325e-05, 2.49674394581e-05, 2.53099060501e-05, 2.72072938969e-05, 4.20162177761e-05, 4.38866372861e-05, 5.13031409355e-05, 5.0774164265e-05, 5.14145867783e-05, 4.82330942759e-05, 5.30813522346e-05, 3.72674658138e-05, 2.3552636776e-05, 1.67352991411e-05, 1.08372787508e-05, 7.7762406363e-06, 4.83569465359e-06, 3.82190137316e-06, 3.90464902011e-06, 2.90500020128e-06, 2.77124740933e-06, 2.34504386754e-06, 1.70410055489e-06, 1.37407687362e-06, 1.47754371937e-06, 9.45093745486e-07, 7.14044631422e-07, 5.65674724839e-07, 4.78554625261e-07, 2.29839429267e-07, 1.69491784163e-07],
        "min": [7.0623512097e-25, 9.13844378563e-25, 6.15197269153e-25, 8.30455568601e-25, 8.82296943494e-25, 1.46886886628e-24, 1.50043907971e-24, 1.58071139606e-24, 1.32740273597e-24, 1.55862841831e-24, 1.37927753885e-24, 1.78451262485e-24, 1.57832233081e-24, 2.21662479353e-24, 2.28000207587e-24, 2.04456022782e-24, 1.75025752333e-24, 2.4194492153e-24, 2.8940916364e-24, 2.99638106061e-24, 2.96935409436e-24, 3.24001838461e-24, 2.81424412165e-24, 2.9923967214e-24, 1.83928244863e-24, 2.57198454323e-24, 4.33903119599e-24, 4.26528650641e-24, 3.85683760109e-24, 3.58652179014e-24, 4.42075008602e-24, 4.99355382221e-24, 4.68241643157e-24, 4.81639341227e-24, 4.58807813364e-24, 5.11874841445e-24, 4.90492884939e-24, 5.41497870057e-24, 5.03185144144e-24, 5.37167181459e-24],
        "stdev": [4.54055480077e-05, 2.7271480576e-05, 4.34022331319e-05, 4.69464066555e-05, 3.8408623368e-05, 5.15593856107e-05, 5.67937349842e-05, 7.18632873031e-05, 8.20109416964e-05, 8.16986139398e-05, 0.000121768738609, 0.000127875697217, 0.000121971235785, 0.00021382131672, 0.00021970445232, 0.00027046535979, 0.000236318897805, 0.000246237963438, 0.000222848480917, 0.000265756651061, 0.000168120866874, 0.000106020692328, 7.91652855696e-05, 4.91341415909e-05, 3.30578368448e-05, 2.35967418121e-05, 1.83449355973e-05, 2.05563792406e-05, 1.34908386826e-05, 1.3601145838e-05, 1.29242898765e-05, 8.68544520927e-06, 6.54273662803e-06, 7.55809605835e-06, 4.6632685553e-06, 3.572334208e-06, 2.67182531388e-06, 2.55375857705e-06, 1.30251726205e-06, 9.23516722651e-07]
    },
    "melbands128": {
        "max": [0.000777329376433, 0.000517656095326, 0.000469231541501, 0.000325514702126, 0.000229161902098, 0.000299669132801, 0.000380452809623, 0.000932130787987, 0.00105394562706, 0.000718189345207, 0.000488436722662, 0.000392483518226, 0.000671603018418, 0.000658299715724, 0.000796987325884, 0.000773537321948, 0.00067526276689, 0.000785746495239, 0.000860554981045, 0.00115395721514, 0.00141873420216, 0.00166456459556, 0.000834438309539, 0.00101243029349, 0.00105884484947, 0.00183177739382, 0.00142998062074, 0.00148723460734, 0.00121469341684, 0.00206064642407, 0.00189979211427, 0.000973379821517, 0.00115491868928, 0.00202892790549, 0.0021963797044, 0.00355293089524, 0.00671258289367, 0.00210921699181, 0.00317086698487, 0.00213919463567, 0.00656937621534, 0.0041650752537, 0.00360926054418, 0.00260915793478, 0.00536164222285, 0.00352436443791, 0.00226593133993, 0.00237627490424, 0.00294468738139, 0.00539949117228, 0.00542837381363, 0.00151794718113, 0.00249342806637, 0.00237394799478, 0.00131353747565, 0.000971782486886, 0.0010578520596, 0.00145758956205, 0.000853058358189, 0.0007533011958, 0.00081195961684, 0.000381796417059, 0.000469970924314, 0.000334081385517, 0.000374437629944, 0.000349555659341, 0.000204256328288, 0.000188873542356, 0.000143353594467, 0.000541252200492, 0.00039739231579, 0.000187067780644, 0.000156329915626, 0.000194382359041, 0.000187325189472, 0.000178663889528, 0.000204291107366, 0.000268651492661, 0.000225564755965, 0.000137183029437, 0.000108339903818, 9.83160425676e-05, 9.73619025899e-05, 6.14521050011e-05, 0.000100556775578, 0.000127041435917, 9.29226735025e-05, 9.42746773944e-05, 5.71089585719e-05, 4.68496327812e-05, 6.98826697771e-05, 4.15513532062e-05, 3.36974953825e-05, 2.24959749175e-05, 3.44882973877e-05, 2.91637152259e-05, 5.007155778e-05, 3.0855742807e-05, 1.634770706e-05, 1.56303667609e-05, 1.15069442472e-05, 1.3999064322e-05, 2.23083061428e-05, 1.23087374959e-05, 1.0302103874e-05, 4.4279240683e-06, 4.99809129906e-06, 4.35571200796e-06, 3.85387102142e-06, 5.19362083651e-06, 3.65901473742e-06, 1.23471056668e-06, 1.47281048157e-06, 1.28321835291e-06, 2.59842465766e-07, 3.82946581112e-08, 1.99133332046e-08, 1.46936027789e-08, 1.32926878393e-08, 1.26478925111e-08, 1.22447927353e-08, 1.1221069407e-08, 1.0655450744e-08, 1.01366781635e-08, 1.03974011623e-08, 9.75616831767e-09, 9.54003809284e-09, 9.41198585735e-09],
        "mean": [1.55454363266e-05, 1.18654652397e-05, 8.95592347661e-06, 7.15833994036e-06, 6.86122575644e-06, 6.27389454166e-06, 6.79635695633e-06, 1.03568036138e-05, 1.12581610665e-05, 9.86553186522e-06, 6.64955177854e-06, 6.66444020681e-06, 8.1678326751e-06, 9.35164371185e-06, 1.01423174783e-05, 9.84440521279e-06, 1.0838878552e-05, 1.14645454232e-05, 1.03326347016e-05, 1.20902432172e-05, 1.61775587912e-05, 2.07262910408e-05, 1.76642279257e-05, 1.50928544826e-05, 1.26572913359e-05, 1.62783107953e-05, 2.61080858763e-05, 2.51510773523e-05, 2.49876356975e-05, 2.73670211755e-05, 2.55170234595e-05, 2.08587134694e-05, 2.66630122496e-05, 2.98937920888e-05, 3.82343350793e-05, 4.12899607909e-05, 5.82875982218e-05, 4.18485069531e-05, 3.85887069569e-05, 4.054888268e-05, 6.07254005445e-05, 5.59353138669e-05, 5.01670765516e-05, 4.71970088256e-05, 5.11299222126e-05, 5.64239599044e-05, 4.5635515562e-05, 4.38609131379e-05, 4.78606561956e-05, 6.37078919681e-05, 5.59245636396e-05, 3.96429895773e-05, 4.30934342148e-05, 3.67275315512e-05, 2.33359878621e-05, 2.43690410571e-05, 1.98567649932e-05, 2.08503388421e-05, 1.44468231156e-05, 1.09270713438e-05, 1.18664584079e-05, 8.90331557457e-06, 9.98859377432e-06, 6.5862318479e-06, 6.17425030214e-06, 5.06787455379e-06, 3.83310862162e-06, 3.40997462445e-06, 3.66430731447e-06, 4.5957731345e-06, 4.51583309768e-06, 3.1428580769e-06, 2.95757445201e-06, 2.77079948319e-06, 3.01767568089e-06, 2.74896933661e-06, 2.75042839348e-06, 2.57407168647e-06, 2.4076923637e-06, 1.97144595404e-06, 1.75321088136e-06, 1.66480049302e-06, 1.41111615903e-06, 1.33360765631e-06, 1.27010912365e-06, 1.63267429798e-06, 1.58330078648e-06, 1.13878184038e-06, 8.13470819594e-07, 8.96665937944e-07, 8.58414693994e-07, 6.08280913639e-07, 5.59668819733e-07, 5.62646448543e-07, 5.83225073569e-07, 5.41025656275e-07, 4.69136324455e-07, 3.84586201108e-07, 2.01423830504e-07, 1.80404242656e-07, 1.50953027855e-07, 1.71756425971e-07, 1.83592149483e-07, 1.57365661835e-07, 1.05764762282e-07, 7.30330853571e-08, 6.003276809e-08, 5.37324744698e-08, 4.39109264505e-08, 4.21790637972e-08, 2.70857416496e-08, 1.64611719811e-08, 1.06991464577e-08, 4.95281504698e-09, 1.48404177835e-09, 3.84343973314e-10, 1.17431772639e-10, 3.3869067273e-11, 3.12908553235e-11, 2.96632718388e-11, 2.87752044414e-11, 2.67716734198e-11, 2.55781385655e-11, 2.44704846664e-11, 2.36638816181e-11, 1.98153368713e-11, 1.81539852595e-11, 1.7735658428e-11],
        "min": [4.73243789203e-26, 8.91470816502e-26, 5.04492510996e-26, 1.46803205743e-25, 2.13587270184e-25, 2.75231055337e-25, 8.88690636479e-26, 1.58054852093e-25, 1.25196071355e-25, 2.30047913003e-25, 1.88397018632e-25, 2.05706894868e-25, 1.04849166916e-25, 3.95726403166e-25, 4.59276791172e-25, 3.1721354246e-25, 5.24112381504e-25, 4.66375996977e-25, 8.32840985371e-25, 4.78179426879e-25, 3.66827963018e-25, 5.1400243875e-25, 2.26967115346e-25, 8.30252436918e-25, 2.91030977845e-25, 2.51448452115e-25, 3.96952440924e-25, 6.23712480283e-25, 4.92530976112e-25, 3.66235577782e-25, 4.89360051096e-25, 3.84183987616e-25, 7.8348220505e-25, 5.06389733799e-25, 5.12618924633e-25, 8.23358039125e-25, 9.28122563732e-25, 5.09612181293e-25, 7.41139208494e-25, 8.59489988648e-25, 6.25885200431e-25, 5.75316751216e-25, 4.25849106136e-25, 1.09129706147e-24, 6.48210358479e-25, 1.2117393584e-24, 1.43986205637e-24, 1.07476164943e-24, 9.62898806485e-25, 1.25096408641e-24, 9.46320500132e-25, 1.77859656249e-24, 1.59209722272e-24, 1.26984882483e-24, 8.6982061524e-25, 1.57276283358e-24, 1.28625880799e-24, 1.52617615978e-24, 1.194155353e-24, 1.24686230552e-24, 1.66708298771e-24, 1.44285884034e-24, 1.37469928598e-24, 1.02962628248e-24, 1.35950099317e-24, 1.48926841486e-24, 2.22905664975e-24, 1.51399131563e-24, 1.47073688891e-24, 1.81035472202e-24, 1.72430695777e-24, 1.56377415799e-24, 1.91320995672e-24, 1.91200221068e-24, 1.72466707278e-24, 2.54804202311e-24, 1.65448152639e-24, 2.74901025517e-24, 1.49305050986e-24, 1.98288353238e-24, 2.77386016255e-24, 2.800223894e-24, 2.6717504014e-24, 3.44231880552e-24, 1.77296922322e-24, 2.95660097453e-24, 3.45158555458e-24, 2.62243693128e-24, 2.30711206974e-24, 2.863964644e-24, 3.08517484968e-24, 2.82501483402e-24, 3.50969068227e-24, 2.03363174327e-24, 2.28231541048e-24, 3.77569497394e-24, 2.86825131416e-24, 3.50179063474e-24, 3.71527887823e-24, 3.12074222131e-24, 3.47218981256e-24, 4.06900805243e-24, 3.5530721156e-24, 3.59427905385e-24, 3.56917316111e-24, 3.97581715269e-24, 4.11737548111e-24, 3.70507062368e-24, 4.82406350685e-24, 4.11326985453e-24, 4.29612505135e-24, 4.76339379235e-24, 4.18147121852e-24, 4.01455298415e-24, 4.41393669438e-24, 3.42281934724e-24, 4.11823100077e-24, 4.22655659141e-24, 4.17434741012e-24, 4.04308016663e-24, 4.39274394616e-24, 4.97445392198e-24, 4.67778345148e-24, 4.41378878296e-24, 4.94145823689e-24, 4.96041732546e-24, 5.21114493127e-24, 4.82242622604e-24],
        "stdev": [6.903486792e-05, 5.7188080973e-05, 4.03419435315e-05, 3.23738131556e-05, 2.80675212707e-05, 2.68149942713e-05, 3.36328084813e-05, 5.91232274019e-05, 6.56494230498e-05, 5.59070831514e-05, 3.64027509931e-05, 3.74065639335e-05, 4.57830137748e-05, 4.9046746426e-05, 5.8016681578e-05, 5.67511633562e-05, 5.99419581704e-05, 6.52231683489e-05, 5.63814974157e-05, 7.22175682313e-05, 8.86429479579e-05, 0.00012006948964, 8.23118680273e-05, 7.94752850197e-05, 7.23210396245e-05, 0.000103156213299, 0.000139576222864, 0.000130103333504, 0.000124260026496, 0.000153843371663, 0.000143816796481, 0.000101830810308, 0.000123979189084, 0.000153356566443, 0.000202388153411, 0.000238559412537, 0.000374805676984, 0.000210202400922, 0.000229484649026, 0.000195189670194, 0.000401159661124, 0.000294883328024, 0.000257320527453, 0.000236250489252, 0.000302038970403, 0.000303629174596, 0.000218284563744, 0.000212832615944, 0.000244260678301, 0.000359976140317, 0.000342287035892, 0.000176951070898, 0.000212552229641, 0.000190535647562, 0.000111828514491, 0.000117558716738, 9.46292129811e-05, 0.000112598849228, 7.06047649146e-05, 5.43102360098e-05, 6.28037814749e-05, 3.85929124604e-05, 4.48710852652e-05, 3.28353198711e-05, 3.08806520479e-05, 2.73868208751e-05, 1.94455842575e-05, 1.63919776242e-05, 1.71901992871e-05, 3.00883875752e-05, 2.5522786018e-05, 1.60602867254e-05, 1.49031266119e-05, 1.43247580127e-05, 1.54914469022e-05, 1.38724262797e-05, 1.50406467583e-05, 1.69357172126e-05, 1.39549274536e-05, 1.06971774585e-05, 9.54234383244e-06, 8.52504581417e-06, 7.64618744142e-06, 6.21326080363e-06, 6.5807826104e-06, 9.19795456866e-06, 7.99645385996e-06, 6.21929575573e-06, 4.17210867454e-06, 4.53400025435e-06, 4.78905030832e-06, 3.16762270813e-06, 2.69567613032e-06, 2.70024474958e-06, 2.98530289911e-06, 2.79640357803e-06, 2.86963222607e-06, 2.39552400672e-06, 1.1600545804e-06, 1.04954915514e-06, 8.15722842162e-07, 8.89995703801e-07, 1.1677244629e-06, 9.00249517599e-07, 6.06925539159e-07, 3.77497542559e-07, 3.32147038762e-07, 3.20867258097e-07, 2.35335789966e-07, 2.68566537898e-07, 1.91210858702e-07, 9.33498185418e-08, 7.6658025705e-08, 5.94563296374e-08, 1.53791983593e-08, 3.0329720957e-09, 1.12472353653e-09, 6.26159624151e-10, 5.66550029113e-10, 5.39026934199e-10, 5.21928833486e-10, 4.78288186834e-10, 4.541512999e-10, 4.32051561194e-10, 4.43041381359e-10, 4.15618067739e-10, 4.064159842e-10, 4.00965732839e-10]
    },
    "mfcc": {
        "mean": [-1203.31787109, 5.81065988541, -4.97304487228, -0.145126730204, 0.334743142128, 1.13970589638, -0.601996779442, 0.395477324724, 0.132193490863, 0.292762070894, -0.123275242746, 0.305839300156, -0.0290941167623],
        "cov": [[39896.109375, 3611.98168945, -3194.97485352, -149.99772644, 178.15171814, 694.225891113, -400.661315918, 242.678253174, 69.7800216675, 177.150588989, -70.5743255615, 194.711700439, -26.2195777893], [3611.98168945, 357.588531494, -293.896850586, -5.00756502151, 22.6984195709, 67.7512512207, -35.0194549561, 23.1023902893, 6.6955780983, 16.9739341736, -7.73311042786, 16.9841785431, -2.32073426247], [-3194.97485352, -293.896850586, 261.869598389, 10.7392110825, -16.1776981354, -56.5198707581, 31.8987178802, -19.9980621338, -6.73874282837, -14.8449954987, 6.0297832489, -15.5745515823, 1.79500329494], [-149.99772644, -5.00756502151, 10.7392110825, 8.69294834137, 3.21036148071, -0.21704082191, 3.80749392509, 0.149294182658, 0.086481526494, -0.764607846737, 0.570856273174, -0.687902927399, -0.837136924267], [178.15171814, 22.6984195709, -16.1776981354, 3.21036148071, 5.55326128006, 5.33547115326, -0.44599801302, 2.43191885948, 0.86996948719, 1.31387913227, 0.00824639201164, 0.544980883598, -0.333427518606], [694.225891113, 67.7512512207, -56.5198707581, -0.21704082191, 5.33547115326, 17.929101944, -5.11063861847, 4.17791461945, 1.75883281231, 3.62041115761, -2.08993768692, 2.63471245766, -0.36767488718], [-400.661315918, -35.0194549561, 31.8987178802, 3.80749392509, -0.44599801302, -5.11063861847, 6.92196846008, -1.96082961559, -0.766847729683, -1.82534527779, 0.269369214773, -2.33724713326, -0.759637355804], [242.678253174, 23.1023902893, -19.9980621338, 0.149294182658, 2.43191885948, 4.17791461945, -1.96082961559, 5.05360126495, 2.01987838745, 1.37552475929, 0.326951563358, 2.06526041031, -0.510550439358], [69.7800216675, 6.6955780983, -6.73874282837, 0.086481526494, 0.86996948719, 1.75883281231, -0.766847729683, 2.01987838745, 3.59113526344, 1.63724005222, 0.258219957352, 1.29028785229, 0.433950096369], [177.150588989, 16.9739341736, -14.8449954987, -0.764607846737, 1.31387913227, 3.62041115761, -1.82534527779, 1.37552475929, 1.63724005222, 3.35826349258, 0.152470216155, 1.10770821571, 0.10074351728], [-70.5743255615, -7.73311042786, 6.0297832489, 0.570856273174, 0.00824639201164, -2.08993768692, 0.269369214773, 0.326951563358, 0.258219957352, 0.152470216155, 3.71188306808, 0.943597614765, 0.110880583525], [194.711700439, 16.9841785431, -15.5745515823, -0.687902927399, 0.544980883598, 2.63471245766, -2.33724713326, 2.06526041031, 1.29028785229, 1.10770821571, 0.943597614765, 3.42220211029, 0.694180011749], [-26.2195777893, -2.32073426247, 1.79500329494, -0.837136924267, -0.333427518606, -0.36767488718, -0.759637355804, -0.510550439358, 0.433950096369, 0.10074351728, 0.110880583525, 0.694180011749, 2.11603927612]],
        "icov": [[0.00167117011733, -0.00266613182612, 0.0151425022632, 0.0034377402626, 0.00761272897944, -0.00645715324208, 0.00611712643877, -0.00348147633485, 0.00648820074275, 0.000415135873482, -0.00189781887457, -0.00597907789052, 0.00844223797321], [-0.00266613182612, 0.0646706148982, 0.0231535322964, -0.0562804378569, -0.0390448532999, -0.0289403796196, 0.0613318048418, -0.0109130190685, 0.0323694944382, -0.0257663577795, 0.0373643785715, -0.0125900777057, 0.000949040811975], [0.0151425022632, 0.0231535322964, 0.217206373811, -0.0221130531281, 0.0825057029724, -0.0190956406295, 0.000767877267208, -0.0241030659527, 0.0727071911097, 0.00291300355457, -0.0280433427542, 0.00156830041669, 0.0100695583969], [0.0034377402626, -0.0562804378569, -0.0221130531281, 0.299600303173, -0.156854361296, 0.00594597542658, -0.138082191348, 0.056814044714, -0.0542639680207, 0.0819344297051, -0.0353226549923, -0.0802791267633, 0.0940259248018], [0.00761272897944, -0.0390448532999, 0.0825057029724, -0.156854361296, 0.540276944637, -0.0639616027474, -0.0740402787924, -0.178491085768, 0.0565014630556, -0.0632152557373, -0.105943202972, 0.181459084153, -0.138717472553], [-0.00645715324208, -0.0289403796196, -0.0190956406295, 0.00594597542658, -0.0639616027474, 0.301175475121, -0.197901681066, 0.0555705055594, -0.0723493248224, -0.0171749126166, 0.0129822865129, 0.0891032367945, -0.12283949554], [0.00611712643877, 0.0613318048418, 0.000767877267208, -0.138082191348, -0.0740402787924, -0.197901681066, 0.708427965641, -0.0438818186522, 0.0703494176269, -0.0262313280255, 0.121716499329, -0.115437589586, 0.30377420783], [-0.00348147633485, -0.0109130190685, -0.0241030659527, 0.056814044714, -0.178491085768, 0.0555705055594, -0.0438818186522, 0.491539150476, -0.232176527381, 0.0909707844257, -0.0194713585079, -0.15765504539, 0.168212726712], [0.00648820074275, 0.0323694944382, 0.0727071911097, -0.0542639680207, 0.0565014630556, -0.0723493248224, 0.0703494176269, -0.232176527381, 0.549440264702, -0.241228848696, 0.0560287237167, -0.105003468692, -0.0713622868061], [0.000415135873482, -0.0257663577795, 0.00291300355457, 0.0819344297051, -0.0632152557373, -0.0171749126166, -0.0262313280255, 0.0909707844257, -0.241228848696, 0.544183433056, -0.0898171812296, 0.0182087346911, 0.0287106502801], [-0.00189781887457, 0.0373643785715, -0.0280433427542, -0.0353226549923, -0.105943202972, 0.0129822865129, 0.121716499329, -0.0194713585079, 0.0560287237167, -0.0898171812296, 0.420055001974, -0.238778427243, 0.100944750011], [-0.00597907789052, -0.0125900777057, 0.00156830041669, -0.0802791267633, 0.181459084153, 0.0891032367945, -0.115437589586, -0.15765504539, -0.105003468692, 0.0182087346911, -0.238778427243, 0.781200885773, -0.379487395287], [0.00844223797321, 0.000949040811975, 0.0100695583969, 0.0940259248018, -0.138717472553, -0.12283949554, 0.30377420783, 0.168212726712, -0.0713622868061, 0.0287106502801, 0.100944750011, -0.379487395287, 0.84579205513]]
    },
    "spectral_contrast_coeffs": {
        "max": [-0.628146409988, -0.744536817074, -0.724176764488, -0.705625772476, -0.706137061119, -0.672607541084],
        "mean": [-0.944595396519, -0.951642632484, -0.948280572891, -0.946624875069, -0.943700730801, -0.939406096935],
        "min": [-0.98700350523, -0.981251001358, -0.977666079998, -0.974472284317, -0.970364809036, -0.964490532875],
        "stdev": [0.0598420575261, 0.0395371317863, 0.0426343567669, 0.0484440848231, 0.0526074320078, 0.0650020316243]
    },
    "spectral_contrast_valleys": {
        "max": [-6.7291765213, -4.80119228363, -4.89167690277, -4.59982204437, -5.15458679199, -7.70828056335],
        "mean": [-25.4161872864, -25.2816295624, -25.290353775, -25.2582054138, -25.3112106323, -25.5796909332],
        "min": [-28.2696685791, -28.1040420532, -27.9176826477, -27.715007782, -27.5951080322, -27.4087028503],
        "stdev": [5.67238759995, 5.96657800674, 6.05475664139, 6.15593004227, 6.01693105698, 5.19328165054]
    }
},
"rhythm": {
    "beats_count": 23,
    "beats_loudness": {
        "max": 0.0480914823711,
        "mean": 0.00222474406473,
        "min": 0,
        "stdev": 0.010010516271
    },
    "bpm": 111.33996582,
    "bpm_histogram_first_peak_bpm": 112,
    "bpm_histogram_first_peak_weight": 0.625,
    "bpm_histogram_second_peak_bpm": 99,
    "bpm_histogram_second_peak_spread": 0.5,
    "bpm_histogram_second_peak_weight": 0.136363640428,
    "danceability": 1.10492789745,
    "onset_rate": 0.54861664772,
    "beats_loudness_band_ratio": {
        "max": [0.0851741433144, 0.0401745811105, 0.0917673632503, 0.363208353519, 0.471089601517, 0.0789923965931],
        "mean": [0.00421208702028, 0.00282373814844, 0.00832306873053, 0.0291440710425, 0.0420450121164, 0.00675062043592],
        "min": [0, 0, 0, 0, 0, 0],
        "stdev": [0.0177359990776, 0.00934266857803, 0.0263199340552, 0.0930533707142, 0.132983252406, 0.0213950313628]
    },
    "beats_position": [0.522448956966, 1.05650794506, 1.59056687355, 2.12462592125, 2.65868473053, 3.1811337471, 3.70358276367, 4.22603178024, 4.78331041336, 5.34058952332, 5.94430828094, 6.54802703857, 7.1517457962, 7.73224496841, 8.31274318695, 8.893242836, 9.43891143799, 9.98458003998, 10.5302495956, 11.0875282288, 11.6331968307, 12.1672563553, 12.7013149261],
    "bpm_histogram": [0, 0, 0, 0, 0, 0, 0, 0, 0, 0, 0, 0, 0, 0, 0, 0, 0, 0, 0, 0, 0, 0, 0, 0, 0, 0, 0, 0, 0, 0, 0, 0, 0, 0, 0, 0, 0, 0, 0, 0, 0, 0, 0, 0, 0, 0, 0, 0, 0, 0, 0, 0, 0, 0, 0, 0, 0, 0, 0, 0, 0, 0, 0, 0, 0, 0, 0, 0, 0, 0, 0, 0, 0, 0, 0, 0, 0, 0, 0, 0, 0, 0, 0, 0, 0, 0, 0, 0, 0, 0, 0, 0, 0, 0, 0, 0, 0, 0, 0, 0.136363640428, 0, 0, 0, 0.136363640428, 0, 0, 0, 0, 0.136363640428, 0, 0.181818187237, 0, 0.272727280855, 0, 0, 0.136363640428, 0, 0, 0, 0, 0, 0, 0, 0, 0, 0, 0, 0, 0, 0, 0, 0, 0, 0, 0, 0, 0, 0, 0, 0, 0, 0, 0, 0, 0, 0, 0, 0, 0, 0, 0, 0, 0, 0, 0, 0, 0, 0, 0, 0, 0, 0, 0, 0, 0, 0, 0, 0, 0, 0, 0, 0, 0, 0, 0, 0, 0, 0, 0, 0, 0, 0, 0, 0, 0, 0, 0, 0, 0, 0, 0, 0, 0, 0, 0, 0, 0, 0, 0, 0, 0, 0, 0, 0, 0, 0, 0, 0, 0, 0, 0, 0, 0, 0, 0, 0, 0, 0, 0, 0, 0, 0, 0, 0, 0, 0, 0, 0, 0, 0, 0, 0, 0, 0, 0, 0, 0, 0, 0, 0, 0, 0, 0, 0, 0, 0, 0, 0, 0, 0]
},
"tonal": {
    "chords_changes_rate": 0.0181159414351,
    "chords_number_rate": 0.0108695654199,
    "chords_strength": {
