{
"metadata": {
    "version": {
        "essentia": "2.1-beta5",
        "essentia_git_sha": "Undefined",
        "extractor": "music 2.0"
    },
    "audio_properties": {
        "analysis": {
            "equal_loudness": 0,
            "length": 28.316734314,
            "sample_rate": 44100,
            "start_time": 178.735595703,
            "downmix": "mix"
        },
        "bit_rate": 192000,
        "length": 207.075561523,
        "lossless": 0,
        "number_channels": 2,
        "replay_gain": -8.03871154785,
        "sample_rate": 48000,
        "codec": "mp3",
        "md5_encoded": "ade49da1d229466dadde61bc98fdd25f"
    },
    "tags": {
        "file_name": "Malta_This Time_William Mangion.mp3",
        "encoding": ["Lavf58.29.100"]
    }
},
"lowlevel": {
    "average_loudness": 0.890202581882,
    "barkbands_crest": {
        "max": 21.1018047333,
        "mean": 6.22230625153,
        "min": 2.82483029366,
        "stdev": 2.81011557579
    },
    "barkbands_flatness_db": {
        "max": 0.195684239268,
        "mean": 0.100684091449,
        "min": 0.0259984303266,
        "stdev": 0.0196560956538
    },
    "barkbands_kurtosis": {
        "max": 14.3848800659,
        "mean": 0.839000046253,
        "min": -1.80332314968,
        "stdev": 1.55550467968
    },
    "barkbands_skewness": {
        "max": 3.59959173203,
        "mean": 0.506285011768,
        "min": -0.718019068241,
        "stdev": 0.61032563448
    },
    "barkbands_spread": {
        "max": 86.3314208984,
        "mean": 17.4974937439,
        "min": 5.49044179916,
        "stdev": 9.05662822723
    },
    "dissonance": {
        "max": 0.499999970198,
        "mean": 0.481026858091,
        "min": 0.390712171793,
        "stdev": 0.0183681063354
    },
    "dynamic_complexity": 2.40679311752,
    "erbbands_crest": {
        "max": 22.3266716003,
        "mean": 7.48443746567,
        "min": 3.18622779846,
        "stdev": 2.86387395859
    },
    "erbbands_flatness_db": {
        "max": 0.227686971426,
        "mean": 0.175243660808,
        "min": 0.0743892043829,
        "stdev": 0.0302328113467
    },
    "erbbands_kurtosis": {
        "max": 5.55832672119,
        "mean": 0.608856201172,
        "min": -1.59956276417,
        "stdev": 0.878059566021
    },
    "erbbands_skewness": {
        "max": 2.3010892868,
        "mean": 0.341306954622,
        "min": -1.24811148643,
        "stdev": 0.395797729492
    },
    "erbbands_spread": {
        "max": 90.5604934692,
        "mean": 23.2111110687,
        "min": 9.5888004303,
        "stdev": 12.7816257477
    },
    "hfc": {
        "max": 149.941177368,
        "mean": 28.5741519928,
        "min": 3.43451029039e-05,
        "stdev": 16.9768943787
    },
    "loudness_ebu128": {
        "integrated": -15.0295324326,
        "loudness_range": 4.55606365204,
        "momentary": {
            "max": -11.8282108307,
            "mean": -16.1264839172,
            "min": -46.8772125244,
            "stdev": 4.16908502579
        },
        "short_term": {
            "max": -13.1563720703,
            "mean": -15.4373664856,
            "min": -18.6634197235,
            "stdev": 1.6581184864
        }
    },
    "melbands_crest": {
        "max": 27.2233905792,
        "mean": 7.67368030548,
        "min": 2.97514057159,
        "stdev": 4.03918361664
    },
    "melbands_flatness_db": {
        "max": 0.28556779027,
        "mean": 0.126821011305,
        "min": 0.0550945773721,
        "stdev": 0.0359588339925
    },
    "melbands_kurtosis": {
        "max": 37.2922286987,
        "mean": 2.49918603897,
        "min": -1.33966588974,
        "stdev": 4.00510072708
    },
    "melbands_skewness": {
        "max": 5.27103710175,
        "mean": 0.890667796135,
        "min": -0.420379281044,
        "stdev": 0.896137654781
    },
    "melbands_spread": {
        "max": 115.511054993,
        "mean": 27.2317676544,
        "min": 5.70644569397,
        "stdev": 9.65421676636
    },
    "pitch_salience": {
        "max": 0.865557551384,
        "mean": 0.705684185028,
        "min": 0.314692825079,
        "stdev": 0.117585539818
    },
    "silence_rate_20dB": {
        "max": 1,
        "mean": 1,
        "min": 1,
        "stdev": 0
    },
    "silence_rate_30dB": {
        "max": 1,
        "mean": 1,
        "min": 1,
        "stdev": 0
    },
    "silence_rate_60dB": {
        "max": 1,
        "mean": 0.0417690426111,
        "min": 0,
        "stdev": 0.200060889125
    },
    "spectral_centroid": {
        "max": 3199.52294922,
        "mean": 1697.63293457,
        "min": 429.876068115,
        "stdev": 429.963775635
    },
    "spectral_complexity": {
        "max": 53,
        "mean": 29.013923645,
        "min": 0,
        "stdev": 8.92945766449
    },
    "spectral_decrease": {
        "max": -4.03174511531e-15,
        "mean": -5.78266634577e-09,
        "min": -2.23473950456e-08,
        "stdev": 3.81046261211e-09
    },
    "spectral_energy": {
        "max": 0.0906573534012,
        "mean": 0.0244168937206,
        "min": 1.83319226466e-08,
        "stdev": 0.0153861287981
    },
    "spectral_energyband_high": {
        "max": 0.0174828916788,
        "mean": 0.00091977667762,
        "min": 6.55962673068e-10,
        "stdev": 0.00157799129374
    },
    "spectral_energyband_low": {
        "max": 0.0350757315755,
        "mean": 0.00270216772333,
        "min": 2.18554091491e-10,
        "stdev": 0.00417649419978
    },
    "spectral_energyband_middle_high": {
        "max": 0.0347861982882,
        "mean": 0.0112600373104,
        "min": 1.44825591519e-08,
        "stdev": 0.00648066261783
    },
    "spectral_energyband_middle_low": {
        "max": 0.0629943832755,
        "mean": 0.010092950426,
        "min": 3.12896930588e-09,
        "stdev": 0.0113909272477
    },
    "spectral_entropy": {
        "max": 8.74196624756,
        "mean": 7.83799219131,
        "min": 6.95298957825,
        "stdev": 0.20315246284
    },
    "spectral_flux": {
        "max": 0.225789278746,
        "mean": 0.086544431746,
        "min": 0.000965834595263,
        "stdev": 0.0287785194814
    },
    "spectral_kurtosis": {
        "max": 18.9141082764,
        "mean": 5.27639245987,
        "min": -0.338512897491,
        "stdev": 2.1018280983
    },
    "spectral_rms": {
        "max": 0.00940458383411,
        "mean": 0.00461065210402,
        "min": 4.22904258812e-06,
        "stdev": 0.00160101964138
    },
    "spectral_rolloff": {
        "max": 8807.08007812,
        "mean": 1982.20007324,
        "min": 258.3984375,
        "stdev": 882.993408203
    },
    "spectral_skewness": {
        "max": 3.53730750084,
        "mean": 1.68275678158,
        "min": 0.239367112517,
        "stdev": 0.332243740559
    },
    "spectral_spread": {
        "max": 23638110,
        "mean": 3841646.75,
        "min": 2697850.25,
        "stdev": 1028562.1875
    },
    "spectral_strongpeak": {
        "max": 8.0013628006,
        "mean": 1.25706338882,
        "min": 0.000719558272976,
        "stdev": 1.02902853489
    },
    "zerocrossingrate": {
        "max": 0.2197265625,
        "mean": 0.0764314085245,
        "min": 0.02197265625,
        "stdev": 0.0233943108469
    },
    "barkbands": {
        "max": [0.00420444877818, 0.0273380447179, 0.0139196906239, 0.0143441464752, 0.051758710295, 0.0243521835655, 0.0223361533135, 0.0378196202219, 0.023305695504, 0.0205845274031, 0.0255319997668, 0.0127395065501, 0.00774970650673, 0.0197861175984, 0.011549458839, 0.0071879173629, 0.00471310969442, 0.00321521703154, 0.00250595575199, 0.0030539042782, 0.00272800610401, 0.0037540064659, 0.00824223645031, 0.00684495363384, 0.00152038270608, 0.0004273110535, 0.000136637696414],
        "mean": [0.000164673954714, 0.00155637611169, 0.00075143983122, 0.00060652452521, 0.00213352730498, 0.00125029543415, 0.00108209613245, 0.00288004660979, 0.0015360325342, 0.00145472213626, 0.00160221464466, 0.0014188552741, 0.00131157936994, 0.00157858442981, 0.00136081723031, 0.00123550626449, 0.000758696580306, 0.000424955680501, 0.000287478673272, 0.000256436062045, 0.000217626467929, 0.000206983691896, 0.000159644638188, 0.000107189312985, 3.89509514207e-05, 3.27880297846e-05, 2.86043155029e-06],
        "min": [1.69391445315e-11, 3.56177969063e-11, 8.65021249075e-11, 2.02057232057e-10, 3.73289787969e-10, 1.36463229605e-10, 5.0372928051e-10, 9.208168672e-10, 7.91230636565e-10, 5.39519207088e-10, 1.97678720615e-10, 8.63899285442e-10, 7.34817984238e-10, 2.86624657342e-09, 3.23586180073e-09, 4.63302951559e-09, 7.45333461616e-10, 2.45694353751e-10, 4.57311688518e-10, 9.63164062395e-11, 1.38901737334e-10, 1.33503499922e-10, 1.27938659666e-10, 7.28568247399e-11, 4.72442640564e-11, 8.04009775424e-11, 3.86866302882e-11],
        "stdev": [0.000318839855026, 0.00277155428194, 0.00151237007231, 0.00142160139512, 0.00441332627088, 0.00227777729742, 0.00209166761488, 0.00561660528183, 0.00233592838049, 0.00159343169071, 0.00176490261219, 0.00137823680416, 0.0011970079504, 0.00174530257937, 0.00146970059723, 0.00103325396776, 0.000645421387162, 0.000367648346582, 0.0002682506165, 0.000266551913228, 0.000235472994973, 0.000345411826856, 0.000571887241676, 0.000418168259785, 0.000104300546809, 3.93049922423e-05, 1.00880988612e-05]
    },
    "erbbands": {
        "max": [1.3156144619, 6.33310699463, 14.6099338531, 37.700340271, 164.181045532, 169.772705078, 188.299957275, 299.535736084, 211.350860596, 690.495788574, 997.195556641, 559.90222168, 788.715087891, 635.081054688, 1282.21533203, 551.606506348, 372.420898438, 875.875671387, 602.206787109, 693.174316406, 311.883026123, 266.566436768, 169.089447021, 145.703079224, 126.346977234, 133.738235474, 151.650985718, 129.687164307, 122.469497681, 225.442199707, 249.848892212, 143.531158447, 112.70728302, 23.96043396, 6.47860097885, 2.28416514397, 0.742828369141, 0.18415735662, 0.0277399923652, 0.000571425713133],
        "mean": [0.0482346974313, 0.33463126421, 0.773735582829, 1.59393489361, 4.09709739685, 7.46755647659, 9.44391822815, 10.5257406235, 14.6231012344, 39.5237045288, 52.4752655029, 36.5937805176, 43.2932052612, 46.5448150635, 70.8867416382, 60.8123512268, 61.8591384888, 79.6080322266, 70.090133667, 74.4174728394, 61.6960105896, 41.3648719788, 26.9264621735, 16.7376613617, 13.1502342224, 11.7022619247, 10.3429756165, 8.07038879395, 7.57678699493, 5.97849321365, 4.41373157501, 2.78757047653, 1.48280036449, 0.54979801178, 0.228122800589, 0.11704749614, 0.0649233683944, 0.011448177509, 0.000713995075785, 4.88551886519e-05],
        "min": [8.41674285823e-10, 9.77840741712e-09, 7.7258405895e-08, 4.21667635919e-07, 1.029510031e-06, 1.20692482142e-06, 1.2261879192e-06, 1.14446038424e-06, 3.69489816876e-06, 1.75046661752e-05, 1.59807404998e-05, 1.68824208231e-05, 2.00067352125e-05, 1.57120393851e-05, 8.94844833965e-06, 4.23316087108e-05, 3.9566817577e-05, 8.69605573826e-05, 0.000179571172339, 0.000327959394781, 0.000115587943583, 4.54239088867e-05, 1.59612282005e-05, 1.51095309775e-05, 2.05238866329e-05, 5.39621305506e-06, 5.28804503119e-06, 4.616199476e-06, 5.27518068338e-06, 3.36330276696e-06, 4.02530440624e-06, 1.65645406014e-06, 1.18013224437e-06, 5.58824638119e-07, 3.39633260182e-07, 2.62922526417e-07, 1.46022088643e-07, 4.54439046393e-08, 5.76447645173e-09, 5.50143153255e-10],
        "stdev": [0.0908405259252, 0.619373381138, 1.46770811081, 2.86918735504, 11.569111824, 14.8524208069, 17.4542636871, 20.4792842865, 24.2602367401, 82.7962112427, 100.766662598, 54.163192749, 48.951259613, 55.1290512085, 79.4818496704, 57.0304603577, 53.3946228027, 79.8545455933, 65.17993927, 77.3023757935, 50.1923103333, 34.7880210876, 22.4965362549, 13.5339851379, 12.6555900574, 11.9217996597, 11.1269388199, 9.19617080688, 11.9941177368, 14.4301700592, 16.8995018005, 11.0745391846, 5.90599012375, 1.6091748476, 0.549984872341, 0.220119357109, 0.0663689896464, 0.0131977889687, 0.00194402120542, 5.1839499065e-05]
    },
    "gfcc": {
        "mean": [22.7272720337, 59.0705871582, -157.012481689, 3.47245025635, -60.049446106, 11.9029359818, -36.9805259705, 3.99395751953, -21.1504745483, 5.63943338394, -22.4253177643, 5.90803098679, -14.563158989],
        "cov": [[4619.49365234, 523.403442383, 717.925415039, 448.309387207, -127.960357666, 23.2253284454, 175.013137817, 47.0443000793, 117.64604187, 91.7545394897, 167.410629272, -48.1703910828, 88.4469299316], [523.403442383, 1117.06396484, 784.095825195, 494.278015137, 34.8742256165, -44.5910797119, 184.262542725, -4.39723920822, 85.7967758179, 37.9130363464, 131.017379761, -116.809051514, 76.8386688232], [717.925415039, 784.095825195, 925.373168945, 557.38079834, -56.994430542, 17.3311786652, 148.768157959, 3.59947133064, 92.0372314453, 31.1153240204, 128.548355103, -108.47782135, 58.4420547485], [448.309387207, 494.278015137, 557.38079834, 398.154052734, -13.3823957443, 13.3298625946, 94.8031616211, 6.6652545929, 56.0559234619, 27.7092094421, 79.2665863037, -66.8889312744, 34.6219139099], [-127.960357666, 34.8742256165, -56.994430542, -13.3823957443, 93.6198196411, 25.0744056702, 8.55269908905, 3.1443002224, -2.78409671783, -3.22679924965, -9.82059383392, -2.84998130798, 1.65647792816], [23.2253284454, -44.5910797119, 17.3311786652, 13.3298625946, 25.0744056702, 89.9489212036, 24.1270122528, 13.5509958267, -2.4890806675, -1.33094847202, -0.207164153457, 0.928628265858, -1.01796102524], [175.013137817, 184.262542725, 148.768157959, 94.8031616211, 8.55269908905, 24.1270122528, 86.7861633301, 24.773267746, 27.4634857178, 18.3116512299, 32.0607833862, -20.9051704407, 13.3885278702], [47.0443000793, -4.39723920822, 3.59947133064, 6.6652545929, 3.1443002224, 13.5509958267, 24.773267746, 50.3327941895, 25.9842376709, 16.7222671509, 8.09531211853, 3.8207192421, 1.28201329708], [117.64604187, 85.7967758179, 92.0372314453, 56.0559234619, -2.78409671783, -2.4890806675, 27.4634857178, 25.9842376709, 66.9425735474, 33.8136672974, 16.6078052521, -13.142914772, 8.72587680817], [91.7545394897, 37.9130363464, 31.1153240204, 27.7092094421, -3.22679924965, -1.33094847202, 18.3116512299, 16.7222671509, 33.8136672974, 54.0132827759, 30.1753807068, 0.957113921642, 6.4699587822], [167.410629272, 131.017379761, 128.548355103, 79.2665863037, -9.82059383392, -0.207164153457, 32.0607833862, 8.09531211853, 16.6078052521, 30.1753807068, 63.0923538208, 3.40884637833, 15.1510419846], [-48.1703910828, -116.809051514, -108.47782135, -66.8889312744, -2.84998130798, 0.928628265858, -20.9051704407, 3.8207192421, -13.142914772, 0.957113921642, 3.40884637833, 50.3064041138, 5.5948472023], [88.4469299316, 76.8386688232, 58.4420547485, 34.6219139099, 1.65647792816, -1.01796102524, 13.3885278702, 1.28201329708, 8.72587680817, 6.4699587822, 15.1510419846, 5.5948472023, 37.4887313843]],
        "icov": [[0.000269281386863, 8.94561599125e-05, -1.04876689875e-05, -0.000171144027263, 0.000305340130581, -2.10402631637e-05, -0.000295319739962, 4.33645764133e-05, -0.000157856789883, 1.80357837962e-05, -0.000350399554009, 0.000133596156957, -0.000399032898713], [8.94561599125e-05, 0.00496772723272, -0.00278385262936, -0.000183204945643, -0.00455901073292, 0.00534086208791, -0.00525967683643, 0.00189257611055, 0.00021172814013, 0.000866468297318, -0.00276997708715, 0.00328039238229, -0.00329287629575], [-1.04876689875e-05, -0.00278385262936, 0.0139725767076, -0.0123760057613, 0.00846346281469, -0.00549937738106, 0.00133690272924, 0.00235342676751, -0.00724038761109, 0.00923425517976, -0.00895310658962, 0.00703577231616, -0.00304319756106], [-0.000171144027263, -0.000183204945643, -0.0123760057613, 0.0187105871737, -0.00514736538753, 0.00131302338559, 0.000298653874779, -0.0021515050903, 0.00434057973325, -0.00665382901207, 0.00352258351631, -0.00162459956482, 0.00197961577214], [0.000305340130581, -0.00455901073292, 0.00846346281469, -0.00514736538753, 0.0195626001805, -0.00940399710089, 0.00236622360535, 0.000115822898806, -0.00321267545223, 0.00310326856561, -0.000701337063219, 0.00270642270334, -0.00169319997076], [-2.10402631637e-05, 0.00534086208791, -0.00549937738106, 0.00131302338559, -0.00940399710089, 0.0201977193356, -0.0096998764202, -0.00145256076939, 0.00456085056067, -0.00136920646764, 0.00187215546612, -0.00141929136589, -0.000429038453149], [-0.000295319739962, -0.00525967683643, 0.00133690272924, 0.000298653874779, 0.00236622360535, -0.0096998764202, 0.0293202791363, -0.0115047497675, -0.00041610666085, -0.000614092394244, -0.00430321833119, 0.00435415375978, -3.63565704902e-05], [4.33645764133e-05, 0.00189257611055, 0.00235342676751, -0.0021515050903, 0.000115822898806, -0.00145256076939, -0.0115047497675, 0.0332068838179, -0.0133055448532, 0.0011113169603, -0.00169741164427, -0.00416615605354, 0.00147831242066], [-0.000157856789883, 0.00021172814013, -0.00724038761109, 0.00434057973325, -0.00321267545223, 0.00456085056067, -0.00041610666085, -0.0133055448532, 0.0350826010108, -0.0226003434509, 0.012591060251, -4.69098376925e-05, -0.00126059143804], [1.80357837962e-05, 0.000866468297318, 0.00923425517976, -0.00665382901207, 0.00310326856561, -0.00136920646764, -0.000614092394244, 0.0011113169603, -0.0226003434509, 0.0455548390746, -0.0272479914129, 0.0083531877026, -0.00289795757271], [-0.000350399554009, -0.00276997708715, -0.00895310658962, 0.00352258351631, -0.000701337063219, 0.00187215546612, -0.00430321833119, -0.00169741164427, 0.012591060251, -0.0272479914129, 0.0485371872783, -0.0231033358723, 0.00448843836784], [0.000133596156957, 0.00328039238229, 0.00703577231616, -0.00162459956482, 0.00270642270334, -0.00141929136589, 0.00435415375978, -0.00416615605354, -4.69098376925e-05, 0.0083531877026, -0.0231033358723, 0.0462326407433, -0.0170706864446], [-0.000399032898713, -0.00329287629575, -0.00304319756106, 0.00197961577214, -0.00169319997076, -0.000429038453149, -3.63565704902e-05, 0.00147831242066, -0.00126059143804, -0.00289795757271, 0.00448843836784, -0.0170706864446, 0.038834027946]]
    },
    "melbands": {
        "max": [0.00864661391824, 0.0062893726863, 0.00572827691212, 0.0134397745132, 0.00534449517727, 0.00577927054837, 0.00343735213391, 0.00839334633201, 0.00813014619052, 0.00329124624841, 0.00393798714504, 0.00263394485228, 0.00343674048781, 0.00164376955945, 0.00240482646041, 0.000803673465271, 0.00197142804973, 0.00103210879024, 0.000825747323688, 0.000637518824078, 0.000357295532012, 0.000329441041686, 0.000231232232181, 0.000160609197337, 0.000121720739116, 0.000107477659185, 9.35833522817e-05, 0.000102059064375, 0.000103966456663, 4.69551232527e-05, 8.63381792442e-05, 8.39430213091e-05, 7.82309944043e-05, 0.000147129117977, 0.0001697800908, 0.000156644207891, 8.62525994307e-05, 9.79708493105e-05, 3.67621796613e-05, 1.8832673959e-05],
        "mean": [0.000443835480837, 0.000424238096457, 0.000350319198333, 0.00041353769484, 0.000356056931196, 0.000239863366005, 0.000220720176003, 0.000498649431393, 0.000411016633734, 0.000218722881982, 0.000212683720747, 0.000179502021638, 0.000220575093408, 0.000173562279087, 0.000153120825416, 0.00012858887203, 0.000153242450324, 0.000113182424684, 0.000101067358628, 0.000100076409581, 6.50248184684e-05, 4.48519931524e-05, 3.11129770125e-05, 1.86262859643e-05, 1.30109301608e-05, 1.00187562566e-05, 7.97606662672e-06, 7.97650409368e-06, 7.25914378563e-06, 5.08084349349e-06, 4.45136856797e-06, 4.31710896009e-06, 3.86282272302e-06, 3.09798519993e-06, 2.58301861322e-06, 2.20062247536e-06, 1.49597451582e-06, 1.10646465146e-06, 7.18952151146e-07, 3.79908982495e-07],
        "min": [9.45852771106e-12, 3.42403050357e-11, 9.16710179988e-11, 8.19656217899e-11, 4.56250592862e-11, 2.58711472384e-11, 6.80975900669e-11, 2.07203601499e-10, 1.15731882411e-10, 1.15392778666e-10, 9.82636888525e-11, 6.34239882835e-11, 2.46208175375e-11, 6.77364692114e-11, 1.51549939265e-10, 4.80631506816e-11, 1.79605524897e-10, 3.22066234792e-10, 2.48733617036e-10, 4.95696705904e-10, 6.365580979e-11, 5.38104422132e-11, 1.97389448536e-11, 8.14725197029e-12, 1.22069594016e-11, 1.85302884148e-11, 9.03912708572e-12, 2.10789198596e-12, 3.01247655293e-12, 3.24225867508e-12, 2.25656689515e-12, 3.08738104526e-12, 2.44792857859e-12, 1.7709876534e-12, 2.72022920682e-12, 1.36875255054e-12, 9.86880499196e-13, 9.17250216753e-13, 7.02383572311e-13, 3.7698801871e-13],
        "stdev": [0.000787057564594, 0.000721811200492, 0.000653397873975, 0.000996178248897, 0.000624275940936, 0.000439867202658, 0.000390430010157, 0.00104318920057, 0.000791424594354, 0.000314364267979, 0.000244325143285, 0.000225637253607, 0.000234735038248, 0.000145224272273, 0.000185579527169, 0.00012236009934, 0.000169916820596, 0.000113794958452, 0.000113327543659, 8.9345179731e-05, 5.64297079109e-05, 4.01519537263e-05, 2.73413643299e-05, 1.61384778039e-05, 1.13486066766e-05, 1.07246232801e-05, 8.23995924293e-06, 9.0381154223e-06, 8.41576456878e-06, 5.41415511179e-06, 5.41112285646e-06, 6.69992550684e-06, 7.64064134273e-06, 8.60389445734e-06, 9.9526869235e-06, 9.57762313192e-06, 5.99603254159e-06, 4.71471048513e-06, 2.47752745963e-06, 1.05534491013e-06]
    },
    "melbands128": {
        "max": [0.00374499824829, 0.0131987463683, 0.0134448520839, 0.0110065517947, 0.00821101944894, 0.00689050927758, 0.00887934491038, 0.00794775225222, 0.0202993862331, 0.0227424371988, 0.0102039985359, 0.00923308357596, 0.00904943421483, 0.00457738293335, 0.010998818092, 0.00691746966913, 0.00592344999313, 0.00496759871021, 0.0092638740316, 0.0115791670978, 0.0155661478639, 0.0114890206605, 0.015329615213, 0.00902197230607, 0.00585484877229, 0.00640274491161, 0.0037618803326, 0.0076687769033, 0.00242147920653, 0.00399177614599, 0.00415655970573, 0.00275279325433, 0.00420969631523, 0.00956076662987, 0.00164134264924, 0.00160772993695, 0.00253630196676, 0.00501773273572, 0.00132620485965, 0.00145176390652, 0.0015031255316, 0.00142626266461, 0.0024881279096, 0.00428876979277, 0.00286287302151, 0.00128800456878, 0.00275255576707, 0.00138335768133, 0.00192349671852, 0.00157477892935, 0.000982931465842, 0.000881844258402, 0.000551691278815, 0.000438101880718, 0.000517084554303, 0.000405349564971, 0.000437501817942, 0.000369885849068, 0.000249092961894, 0.000276202277746, 0.000190127568203, 0.000141648575664, 0.000194434469449, 0.000149528408656, 0.000300757383229, 0.000201782851946, 0.000175702181878, 0.000135993439471, 0.000136513830512, 0.000130450236611, 8.18990447442e-05, 0.000256327213719, 0.000131982335006, 0.000163257471286, 0.000120165503176, 5.00082351209e-05, 5.66611961403e-05, 8.2456295786e-05, 8.36520848679e-05, 0.000110502696771, 0.000132460016175, 0.000115377806651, 8.64744142746e-05, 9.97605093289e-05, 0.000109927146696, 0.000174473912921, 0.000208962534089, 0.000181138355401, 0.000211060163565, 0.00016101518122, 0.000204670825042, 0.000173128559254, 0.000103330014099, 7.29612729629e-05, 0.000120827629871, 0.000118996693345, 8.908786549e-05, 7.40849063732e-05, 4.25829821324e-05, 2.9102075132e-05, 1.70277617144e-05, 2.70231794275e-05, 1.48937197082e-05, 1.8151862605e-05, 8.23075879453e-06, 5.98325323153e-06, 5.14826069775e-06, 7.43138025427e-06, 4.70191298518e-06, 5.3290109463e-06, 4.33648483522e-06, 2.78037782664e-06, 2.47038997259e-06, 2.2492113203e-06, 1.67298765064e-06, 1.51168160301e-06, 1.4419154013e-06, 2.08558435588e-06, 1.5436268086e-06, 1.82648943792e-06, 4.51073930208e-07, 3.80997363436e-07, 2.00985112997e-07, 6.22689988461e-09, 2.79281531235e-09, 2.97097235702e-09, 3.06164937847e-09, 3.10451442331e-09],
        "mean": [0.000141128562973, 0.000377930031391, 0.000590284937061, 0.000539571628906, 0.000383325677831, 0.000393254507799, 0.000296698417515, 0.000332189170877, 0.000434051995398, 0.000393690250348, 0.000403820944484, 0.000487212382723, 0.000313927565003, 0.000248028314672, 0.000227575714234, 0.000248514435953, 0.000236969644902, 0.000206600336242, 0.00021208130056, 0.000419614894781, 0.000751528132241, 0.000439981668023, 0.000425951002399, 0.000282533786958, 0.000206806056667, 0.000215229854803, 0.00017610102077, 0.000274323334452, 0.000160602794494, 0.000175709530595, 0.00019222238916, 0.000172751548234, 0.000192292471183, 0.000329470523866, 0.000151121625095, 0.000140885356814, 0.0001661045535, 0.000166196623468, 0.000138321542181, 0.000124909594888, 0.000137874536449, 0.000108321546577, 0.000152262669872, 0.000198668625671, 0.00011132468353, 0.000100449942693, 0.000105488856207, 9.60604374995e-05, 0.000107294057671, 9.38192461035e-05, 0.000106385989056, 0.000103186095657, 5.98780097789e-05, 5.53639220016e-05, 5.56636769034e-05, 4.29200881626e-05, 3.648672282e-05, 3.64310071745e-05, 2.7127292924e-05, 2.55978611676e-05, 1.72861346073e-05, 1.42055050674e-05, 1.59025003086e-05, 1.18156312965e-05, 9.82403435046e-06, 1.01113291748e-05, 1.02598178273e-05, 9.11023198569e-06, 7.17234343028e-06, 6.81876872477e-06, 6.19672300672e-06, 1.09398779387e-05, 8.54331574374e-06, 6.74730699757e-06, 5.03670844409e-06, 5.24485312781e-06, 5.02062812302e-06, 4.6982022468e-06, 4.4691646508e-06, 4.07784500567e-06, 4.13405678046e-06, 4.71206294606e-06, 4.1093812797e-06, 3.81708559871e-06, 3.61188176612e-06, 3.20378285323e-06, 2.97822407447e-06, 2.80524977825e-06, 2.42713713305e-06, 2.61925879386e-06, 2.29268766816e-06, 2.17030242311e-06, 1.90014384316e-06, 1.42832175243e-06, 1.3261752656e-06, 1.15404441203e-06, 1.08134031507e-06, 1.0062705087e-06, 7.64639594308e-07, 5.82259360726e-07, 3.79479502044e-07, 3.65145325532e-07, 3.40078400995e-07, 3.00277235965e-07, 2.43910449171e-07, 2.10452057559e-07, 1.9839991694e-07, 1.9755246683e-07, 1.98299531462e-07, 1.98987152089e-07, 2.03577315006e-07, 2.10211084095e-07, 2.19562068082e-07, 2.22709232389e-07, 1.98978938215e-07, 1.37642075515e-07, 3.20036050994e-08, 2.82962293596e-08, 2.53463827704e-08, 2.18906315297e-08, 1.49402783478e-08, 8.66507399166e-09, 3.01686831072e-09, 2.75367628005e-11, 5.56154428066e-12, 5.59977194822e-12, 5.60852015871e-12, 5.62033796239e-12],
        "min": [7.51958738332e-12, 6.36689312383e-12, 9.55044116707e-12, 1.65639134353e-11, 2.76462915061e-11, 4.8128202812e-11, 8.00090826925e-11, 1.08031521229e-10, 1.08596798221e-10, 8.33496882624e-11, 6.37962599415e-11, 5.65587854329e-11, 4.4663141241e-11, 2.67838633217e-11, 2.1374591333e-11, 2.66690107498e-11, 3.43307951511e-11, 5.65008352604e-11, 1.26297500236e-10, 2.23352364381e-10, 2.49681386677e-10, 1.70959968404e-10, 8.98714297426e-11, 6.76356123885e-11, 8.97893079332e-11, 1.48360546071e-10, 1.46904932663e-10, 9.33560728722e-11, 5.2869451872e-11, 7.24544799158e-11, 7.57921989059e-11, 2.86580238706e-11, 2.09293832265e-11, 1.76196661428e-11, 3.19000902083e-11, 7.86066420289e-11, 1.28512464559e-10, 1.93436780482e-10, 1.49922754766e-10, 5.50034948144e-11, 8.60219274285e-12, 4.78419630301e-11, 1.65017471909e-10, 2.05943123666e-10, 4.00980165738e-10, 4.22561569069e-10, 1.3638654095e-10, 7.55368406713e-11, 2.81943135505e-10, 7.62044927161e-10, 6.19244600042e-10, 1.40436134943e-10, 5.85733753167e-11, 2.04636134427e-11, 7.39841313213e-11, 7.40144265321e-11, 2.28932654084e-11, 1.50781748198e-11, 2.78189797587e-11, 8.66936036847e-12, 8.56648692954e-12, 5.4325272579e-12, 3.30356185116e-12, 1.74022653926e-11, 2.05487155069e-11, 2.0846911003e-11, 1.37761035218e-11, 1.73898135475e-11, 4.54909504163e-12, 3.90981561363e-12, 2.76091194178e-12, 8.1015505719e-13, 5.36472721715e-13, 4.86991263288e-12, 4.07585597217e-12, 1.8525235599e-12, 4.56329635537e-12, 2.74771785186e-12, 1.69881318214e-12, 1.79391755357e-12, 2.64769217835e-12, 3.90886715357e-12, 3.32208240951e-12, 2.00249972854e-12, 2.48143519621e-12, 7.22708188867e-13, 8.17531968771e-13, 5.01609951492e-12, 1.99537218346e-12, 2.60512336529e-12, 1.60810926207e-12, 1.19827715458e-12, 4.36875633326e-13, 6.93402529405e-13, 1.78034388447e-12, 1.02055711972e-12, 7.91690389461e-13, 4.50119732069e-13, 9.60243169701e-13, 7.29203047771e-13, 2.38300644408e-13, 4.01341530539e-13, 3.39289089445e-13, 6.07642842293e-13, 4.41315929113e-13, 2.82883091951e-13, 1.08938845358e-13, 2.77682743336e-13, 3.90926467629e-13, 8.86768577405e-13, 5.21175225372e-13, 1.98298544469e-13, 4.90688165013e-13, 6.64887036487e-13, 3.18149179961e-13, 6.24938035348e-13, 3.00099111143e-13, 1.27924065655e-13, 7.42379383878e-14, 7.93525604926e-14, 6.88563653794e-14, 6.29667284567e-14, 6.24338905228e-14, 5.44507506846e-14, 4.1577333888e-14, 1.94132768671e-14, 1.35889156915e-15, 7.20683557141e-17],
        "stdev": [0.000271335593425, 0.00077063794015, 0.00114501267672, 0.001048930455, 0.00079184648348, 0.000794870429672, 0.00059167452855, 0.00090002984507, 0.00135207816493, 0.00147332588676, 0.0008283360512, 0.000982023775578, 0.000683817255776, 0.000590523588471, 0.000650500587653, 0.000486412347527, 0.000459497532574, 0.000494553067256, 0.000635993783362, 0.00108763424214, 0.00182121735997, 0.00105603376869, 0.00120688683819, 0.000775727385189, 0.00044142632396, 0.000418089912273, 0.000236342646531, 0.000446265155915, 0.000202962793992, 0.00027449533809, 0.00034495050204, 0.000243004993536, 0.000258502404904, 0.000559610023629, 0.000160958865308, 0.000168124315678, 0.000206258380786, 0.000343510328094, 0.00016855209833, 0.000137220704346, 0.000182431103894, 0.000140112650115, 0.000217800872633, 0.000298063649097, 0.000178626098204, 0.000126824379549, 0.000156869005878, 0.000132277069497, 0.000187209763681, 0.000135098249302, 0.00011378214549, 0.000108846485091, 7.34764398658e-05, 6.18824342382e-05, 6.1856211687e-05, 4.79515401821e-05, 4.00144781452e-05, 3.84524500987e-05, 2.94577384921e-05, 2.9772751077e-05, 1.91339859157e-05, 1.52197662828e-05, 1.58700331667e-05, 1.22012079373e-05, 1.50952091644e-05, 1.38019349833e-05, 1.28223373395e-05, 1.17052404676e-05, 9.98136238195e-06, 9.13419899007e-06, 7.24957180864e-06, 1.87425957847e-05, 1.10407327156e-05, 9.87425028143e-06, 6.66311507302e-06, 6.03944909017e-06, 5.87914928474e-06, 6.52851167615e-06, 5.75539843339e-06, 5.96754489379e-06, 6.79296499584e-06, 8.77893216966e-06, 8.09107496025e-06, 8.06107073004e-06, 8.14241957414e-06, 8.58631574374e-06, 1.05454028017e-05, 1.04669397842e-05, 9.60316720011e-06, 1.12683328553e-05, 1.12906909635e-05, 1.01607156466e-05, 7.5853808994e-06, 5.84735062148e-06, 6.25086431683e-06, 5.18158549312e-06, 4.76279547001e-06, 4.03599642596e-06, 2.71162662102e-06, 1.95750976673e-06, 9.4371182513e-07, 1.20100730783e-06, 9.01671796782e-07, 8.84990186023e-07, 6.30797330814e-07, 4.96960240071e-07, 4.46955681355e-07, 4.52341822665e-07, 4.25185788799e-07, 3.96132890046e-07, 2.96574569347e-07, 2.32757329854e-07, 2.22408957029e-07, 2.34908910102e-07, 1.91952821638e-07, 1.39666710197e-07, 8.83394619677e-08, 1.25510325688e-07, 1.07098443891e-07, 9.70691473867e-08, 4.13294962698e-08, 2.7026549887e-08, 1.18404823723e-08, 2.48433440486e-10, 7.99550842201e-11, 8.50417999909e-11, 8.76310760067e-11, 8.88545140243e-11]
    },
    "mfcc": {
        "mean": [-610.620849609, 101.677444458, -40.9938316345, -4.12406826019, -10.1730222702, 4.97630357742, -10.0734424591, 0.56590628624, 0.013194328174, -0.650667965412, -3.25473403931, 0.00614622421563, -1.08849358559],
        "cov": [[4233.47070312, 204.644897461, 561.560424805, 306.111450195, -48.3918418884, 56.8793792725, 53.1059188843, 8.13368034363, 20.876001358, 86.569770813, 75.1678390503, 75.9768676758, 57.1688652039], [204.644897461, 663.123535156, 482.707183838, 381.154174805, 45.7938766479, 66.9932937622, 90.4435882568, -9.70463943481, 42.8449058533, 41.2675590515, 40.9295501709, 65.172164917, 35.7462043762], [561.560424805, 482.707183838, 1038.29199219, 563.350219727, 59.3475723267, 124.44908905, 102.611099243, 11.6873559952, 29.5577163696, 94.3478469849, 62.2949333191, 98.291015625, 44.2962722778], [306.111450195, 381.154174805, 563.350219727, 417.578491211, 49.7468414307, 65.6641616821, 61.6257171631, -7.87577009201, 26.1923847198, 54.9154663086, 42.0910491943, 63.7381286621, 34.3915519714], [-48.3918418884, 45.7938766479, 59.3475723267, 49.7468414307, 71.8605270386, 31.1970729828, 15.2047595978, 6.71346664429, 10.3995704651, 9.40211677551, 0.121371373534, 0.0454727597535, -2.21096754074], [56.8793792725, 66.9932937622, 124.44908905, 65.6641616821, 31.1970729828, 72.1348724365, 39.0628890991, 8.88613414764, 12.3712854385, 15.4140014648, 7.68180465698, 10.5406341553, 2.15907049179], [53.1059188843, 90.4435882568, 102.611099243, 61.6257171631, 15.2047595978, 39.0628890991, 78.4078292847, 21.4541664124, 2.4720158577, 12.9515724182, 11.9552717209, 13.6386604309, -1.85457980633], [8.13368034363, -9.70463943481, 11.6873559952, -7.87577009201, 6.71346664429, 8.88613414764, 21.4541664124, 45.7982978821, 12.3007497787, 0.461207717657, 1.69963383675, 0.0459453389049, -2.31711316109], [20.876001358, 42.8449058533, 29.5577163696, 26.1923847198, 10.3995704651, 12.3712854385, 2.4720158577, 12.3007497787, 54.4309158325, 25.1495075226, 6.29716157913, 10.3627901077, 9.95079231262], [86.569770813, 41.2675590515, 94.3478469849, 54.9154663086, 9.40211677551, 15.4140014648, 12.9515724182, 0.461207717657, 25.1495075226, 58.2157325745, 23.2158756256, 12.538403511, 7.70658445358], [75.1678390503, 40.9295501709, 62.2949333191, 42.0910491943, 0.121371373534, 7.68180465698, 11.9552717209, 1.69963383675, 6.29716157913, 23.2158756256, 46.8508110046, 24.7269668579, 9.75284099579], [75.9768676758, 65.172164917, 98.291015625, 63.7381286621, 0.0454727597535, 10.5406341553, 13.6386604309, 0.0459453389049, 10.3627901077, 12.538403511, 24.7269668579, 50.9909248352, 22.3527050018], [57.1688652039, 35.7462043762, 44.2962722778, 34.3915519714, -2.21096754074, 2.15907049179, -1.85457980633, -2.31711316109, 9.95079231262, 7.70658445358, 9.75284099579, 22.3527050018, 48.6471557617]],
        "icov": [[0.000266331393505, 4.91366372444e-05, -9.37867662287e-05, -0.000102176352812, 0.000359768397175, -0.000111185778223, 1.20761951621e-05, -7.92532955529e-05, 4.43011304014e-05, -0.000160446856171, -0.000151868676767, 3.50627633452e-05, -0.000142795281135], [4.91366372444e-05, 0.00378923048265, 0.000126083177747, -0.00331592233852, 7.62501222198e-05, 0.000740091549233, -0.00319299520925, 0.0023105982691, -0.00294997729361, 0.00220468756743, -0.000721323944163, 0.000254706887063, -0.00037199477083], [-9.37867662287e-05, 0.000126083177747, 0.00465167919174, -0.00588077167049, 0.00159495812841, -0.00341509678401, 0.00124185788445, -0.0030740282964, 0.00286856549792, -0.00305170053616, 0.00162336230278, -0.00215642596595, 0.000626446446404], [-0.000102176352812, -0.00331592233852, -0.00588077167049, 0.0141164055094, -0.0041213594377, 0.00263083679602, -0.000799297005869, 0.00401496654376, -0.00119302188978, 0.000271654571407, -0.00144628353883, -0.000773664738517, -0.00136514892802], [0.000359768397175, 7.62501222198e-05, 0.00159495812841, -0.0041213594377, 0.0195233225822, -0.00851162429899, 0.00191021186765, -0.00317647657357, -0.00024630210828, -0.00165711366571, 0.00153439899441, 0.00180065515451, 0.00134701351635], [-0.000111185778223, 0.000740091549233, -0.00341509678401, 0.00263083679602, -0.00851162429899, 0.0265666935593, -0.0115335425362, 0.0045771561563, -0.00597564550117, 0.00222546374425, -0.000767658406403, 0.00140054197982, -0.00057087285677], [1.20761951621e-05, -0.00319299520925, 0.00124185788445, -0.000799297005869, 0.00191021186765, -0.0115335425362, 0.0258580800146, -0.0134993549436, 0.00903364550322, -0.00565190473571, 0.000667415501084, -0.00417491653934, 0.00353986560367], [-7.92532955529e-05, 0.0023105982691, -0.0030740282964, 0.00401496654376, -0.00317647657357, 0.0045771561563, -0.0134993549436, 0.0333753190935, -0.0134494956583, 0.00843533501029, -0.00405898923054, 0.00345781003125, -0.000276751554338], [4.43011304014e-05, -0.00294997729361, 0.00286856549792, -0.00119302188978, -0.00024630210828, -0.00597564550117, 0.00903364550322, -0.0134494956583, 0.0322653390467, -0.0167329274118, 0.00660565588623, -0.00622404925525, -0.00210872967727], [-0.000160446856171, 0.00220468756743, -0.00305170053616, 0.000271654571407, -0.00165711366571, 0.00222546374425, -0.00565190473571, 0.00843533501029, -0.0167329274118, 0.0331334471703, -0.0146206207573, 0.00670793559402, -0.000809771940112], [-0.000151868676767, -0.000721323944163, 0.00162336230278, -0.00144628353883, 0.00153439899441, -0.000767658406403, 0.000667415501084, -0.00405898923054, 0.00660565588623, -0.0146206207573, 0.0359592325985, -0.015929820016, 0.00126407726202], [3.50627633452e-05, 0.000254706887063, -0.00215642596595, -0.000773664738517, 0.00180065515451, 0.00140054197982, -0.00417491653934, 0.00345781003125, -0.00622404925525, 0.00670793559402, -0.015929820016, 0.0375873632729, -0.0115594156086], [-0.000142795281135, -0.00037199477083, 0.000626446446404, -0.00136514892802, 0.00134701351635, -0.00057087285677, 0.00353986560367, -0.000276751554338, -0.00210872967727, -0.000809771940112, 0.00126407726202, -0.0115594156086, 0.027217945084]]
    },
    "spectral_contrast_coeffs": {
        "max": [-0.495893537998, -0.502764701843, -0.572327435017, -0.597364664078, -0.692767083645, -0.660107851028],
        "mean": [-0.7226344347, -0.786256730556, -0.785966694355, -0.796247720718, -0.796492516994, -0.744907617569],
        "min": [-0.966726064682, -0.955098330975, -0.93860065937, -0.913191556931, -0.918382108212, -0.945071458817],
        "stdev": [0.0588593631983, 0.0765998885036, 0.0569980554283, 0.0470769144595, 0.0260056052357, 0.0264268089086]
    },
    "spectral_contrast_valleys": {
        "max": [-5.34273767471, -4.8194270134, -5.36564016342, -5.39763784409, -5.6430850029, -7.69198274612],
        "mean": [-7.45689296722, -6.33513116837, -6.45020198822, -6.58687734604, -7.02459859848, -9.92703914642],
        "min": [-13.1683320999, -12.7291841507, -13.1215515137, -12.8691358566, -13.6757221222, -15.1070985794],
        "stdev": [1.17588603497, 0.663243412971, 0.66372781992, 0.717187523842, 0.61885291338, 0.685013473034]
    }
},
"rhythm": {
    "beats_count": 62,
    "beats_loudness": {
        "max": 0.0686620026827,
        "mean": 0.0292349811643,
        "min": 0.000526406802237,
        "stdev": 0.0161044970155
    },
    "bpm": 112.372650146,
    "bpm_histogram_first_peak_bpm": 112,
    "bpm_histogram_first_peak_weight": 0.479999959469,
    "bpm_histogram_second_peak_bpm": 185,
    "bpm_histogram_second_peak_spread": 0,
    "bpm_histogram_second_peak_weight": 0.147540986538,
    "danceability": 0.897244870663,
    "onset_rate": 0.882508337498,
    "beats_loudness_band_ratio": {
        "max": [0.646799087524, 0.595174133778, 0.713882029057, 0.549303710461, 0.527475774288, 0.311037689447],
        "mean": [0.148478969932, 0.122643485665, 0.226149886847, 0.271215438843, 0.228931829333, 0.0591510161757],
        "min": [0.00178595248144, 0.00234500132501, 0.030812645331, 0.0479145012796, 0.0208959002048, 0.0065070996061],
        "stdev": [0.171033754945, 0.14019612968, 0.162655979395, 0.146415472031, 0.169714033604, 0.045081615448]
    },
    "beats_position": [0.325079351664, 0.626938760281, 0.9287981987, 1.24226760864, 1.55573689938, 1.88081634045, 2.20589566231, 2.53097510338, 2.85605430603, 3.1811337471, 3.50621318817, 3.83129239082, 4.15637159348, 4.48145103455, 4.81814050674, 5.15482997894, 5.4915189743, 5.8282084465, 6.17650794983, 6.53641700745, 6.88471651077, 7.23301553726, 7.6858048439, 8.13859367371, 8.59138298035, 9.03256225586, 9.47374153137, 9.91492080688, 10.3560991287, 10.866938591, 11.3661680222, 11.8653964996, 12.3994560242, 12.933514595, 13.4675731659, 14.0016326904, 14.5473012924, 15.0929698944, 15.6386394501, 16.1843090057, 16.7183666229, 17.2524261475, 17.786485672, 18.3089332581, 18.8313827515, 19.3190021515, 19.8066215515, 20.2942390442, 20.7818584442, 21.3159179688, 21.8615875244, 22.3956451416, 22.9297046661, 23.4753742218, 24.009431839, 24.5434913635, 25.0775508881, 25.6000003815, 26.1108379364, 26.6332874298, 27.1557369232, 27.6781845093],
