{
"metadata": {
    "version": {
        "essentia": "2.1-beta5",
        "essentia_git_sha": "Undefined",
        "extractor": "music 2.0"
    },
    "audio_properties": {
        "analysis": {
            "equal_loudness": 0,
            "length": 48.7502937317,
            "sample_rate": 44100,
            "start_time": 29.0017242432,
            "downmix": "mix"
        },
        "bit_rate": 192000,
        "length": 183.460876465,
        "lossless": 0,
        "number_channels": 2,
        "replay_gain": -7.65551376343,
        "sample_rate": 48000,
        "codec": "mp3",
        "md5_encoded": "0c10d5856b5d85e942fe0b65ff434ebb"
    },
    "tags": {
        "file_name": "Sweden_Eloïse_Arvingarna.mp3",
        "encoding": ["Lavf58.29.100"]
    }
},
"lowlevel": {
    "average_loudness": 0.970596730709,
    "barkbands_crest": {
        "max": 24.08020401,
        "mean": 7.78914403915,
        "min": 2.93785834312,
        "stdev": 3.18514204025
    },
    "barkbands_flatness_db": {
        "max": 0.267563015223,
        "mean": 0.114502556622,
        "min": 0.0389723554254,
        "stdev": 0.0338908471167
    },
    "barkbands_kurtosis": {
        "max": 25.8053588867,
        "mean": 1.24131202698,
        "min": -1.79807364941,
        "stdev": 2.68567585945
    },
    "barkbands_skewness": {
        "max": 4.73729085922,
        "mean": 1.00869727135,
        "min": -0.713160037994,
        "stdev": 0.685287475586
    },
    "barkbands_spread": {
        "max": 84.7517471313,
        "mean": 24.8677864075,
        "min": 3.89589905739,
        "stdev": 10.7869729996
    },
    "dissonance": {
        "max": 0.499998837709,
        "mean": 0.464242041111,
        "min": 0.238195762038,
        "stdev": 0.0226961635053
    },
    "dynamic_complexity": 1.6057997942,
    "erbbands_crest": {
        "max": 29.2980136871,
        "mean": 8.66970252991,
        "min": 2.58696293831,
        "stdev": 4.00552892685
    },
    "erbbands_flatness_db": {
        "max": 0.26757261157,
        "mean": 0.155339837074,
        "min": 0.079109787941,
        "stdev": 0.0331947356462
    },
    "erbbands_kurtosis": {
        "max": 12.0673265457,
        "mean": 0.215311661363,
        "min": -1.63465499878,
        "stdev": 1.24277424812
    },
    "erbbands_skewness": {
        "max": 3.1406955719,
        "mean": 0.323461890221,
        "min": -1.64521992207,
        "stdev": 0.581889748573
    },
    "erbbands_spread": {
        "max": 103.788368225,
        "mean": 35.5861473083,
        "min": 9.49950695038,
        "stdev": 16.7027759552
    },
    "hfc": {
        "max": 155.34475708,
        "mean": 29.4193878174,
        "min": 0.506707787514,
        "stdev": 17.8350448608
    },
    "loudness_ebu128": {
        "integrated": -14.7277736664,
        "loudness_range": 2.38430976868,
        "momentary": {
            "max": -12.0786952972,
            "mean": -14.9567604065,
            "min": -20.8991146088,
            "stdev": 1.50078439713
        },
        "short_term": {
            "max": -13.1106586456,
            "mean": -14.7013406754,
            "min": -18.1451263428,
            "stdev": 0.921033918858
        }
    },
    "melbands_crest": {
        "max": 25.6132335663,
        "mean": 10.3610448837,
        "min": 3.8412001133,
        "stdev": 3.89483380318
    },
    "melbands_flatness_db": {
        "max": 0.366938263178,
        "mean": 0.15988227725,
        "min": 0.0449295900762,
        "stdev": 0.0446365140378
    },
    "melbands_kurtosis": {
        "max": 57.6449203491,
        "mean": 5.69999980927,
        "min": -1.31910002232,
        "stdev": 6.456407547
    },
    "melbands_skewness": {
        "max": 6.47808218002,
        "mean": 1.82454645634,
        "min": -0.130399510264,
        "stdev": 0.978672146797
    },
    "melbands_spread": {
        "max": 134.902862549,
        "mean": 28.2414112091,
        "min": 3.33767342567,
        "stdev": 13.442565918
    },
    "pitch_salience": {
        "max": 0.862301826477,
        "mean": 0.593946099281,
        "min": 0.178790614009,
        "stdev": 0.0823995172977
    },
    "silence_rate_20dB": {
        "max": 1,
        "mean": 1,
        "min": 1,
        "stdev": 0
    },
    "silence_rate_30dB": {
        "max": 1,
        "mean": 1,
        "min": 1,
        "stdev": 0
    },
    "silence_rate_60dB": {
        "max": 0,
        "mean": 0,
        "min": 0,
        "stdev": 0
    },
    "spectral_centroid": {
        "max": 3696.58544922,
        "mean": 1375.359375,
        "min": 308.044189453,
        "stdev": 441.097595215
    },
    "spectral_complexity": {
        "max": 50,
        "mean": 25.0085678101,
        "min": 2,
        "stdev": 8.2134103775
    },
    "spectral_decrease": {
        "max": -1.3603661253e-10,
        "mean": -7.82561748736e-09,
        "min": -2.60702091026e-08,
        "stdev": 3.60199425842e-09
    },
    "spectral_energy": {
        "max": 0.104362241924,
        "mean": 0.0322041064501,
        "min": 0.000559394829907,
        "stdev": 0.0146545488387
    },
    "spectral_energyband_high": {
        "max": 0.0173976570368,
        "mean": 0.00125305261463,
        "min": 7.14182669981e-06,
        "stdev": 0.00178374163806
    },
    "spectral_energyband_low": {
        "max": 0.0531446002424,
        "mean": 0.00732357986271,
        "min": 6.62818638375e-05,
        "stdev": 0.00706365890801
    },
    "spectral_energyband_middle_high": {
        "max": 0.0323194228113,
        "mean": 0.00859306845814,
        "min": 0.000137077848194,
        "stdev": 0.0056587709114
    },
    "spectral_energyband_middle_low": {
        "max": 0.0836051777005,
        "mean": 0.0160312242806,
        "min": 0.000361952814274,
        "stdev": 0.0096478080377
    },
    "spectral_entropy": {
        "max": 8.57714366913,
        "mean": 7.69612216949,
        "min": 6.57937049866,
        "stdev": 0.323331326246
    },
    "spectral_flux": {
        "max": 0.229441106319,
        "mean": 0.0972389355302,
        "min": 0.0292049758136,
        "stdev": 0.0329253897071
    },
    "spectral_kurtosis": {
        "max": 16.4992790222,
        "mean": 3.77863430977,
        "min": -0.697024822235,
        "stdev": 2.21583890915
    },
    "spectral_rms": {
        "max": 0.0100904321298,
        "mean": 0.00545802060515,
        "min": 0.000738749629818,
        "stdev": 0.00127618783154
    },
    "spectral_rolloff": {
        "max": 9022.41210938,
        "mean": 1626.21936035,
        "min": 86.1328125,
        "stdev": 1121.77709961
    },
    "spectral_skewness": {
        "max": 3.13516616821,
        "mean": 1.47063136101,
        "min": 0.21094712615,
        "stdev": 0.3679253757
    },
    "spectral_spread": {
        "max": 12347918,
        "mean": 4468111,
        "min": 2330369.25,
        "stdev": 1278839.5
    },
    "spectral_strongpeak": {
        "max": 9.32242202759,
        "mean": 1.26678538322,
        "min": 0,
        "stdev": 1.37019658089
    },
    "zerocrossingrate": {
        "max": 0.240234375,
        "mean": 0.0658040940762,
        "min": 0.00927734375,
        "stdev": 0.0276285037398
    },
    "barkbands": {
        "max": [0.00342118833214, 0.0500955805182, 0.0157750695944, 0.0184259861708, 0.0564304031432, 0.0322805307806, 0.0216596797109, 0.0305791683495, 0.0305996909738, 0.0234457887709, 0.0163714941591, 0.0212446060032, 0.0173620767891, 0.00943533238024, 0.0129239344969, 0.0133406035602, 0.00669375946745, 0.00464625051245, 0.00220678956248, 0.00207000807859, 0.00318714999594, 0.00470647215843, 0.00542930234224, 0.00519438460469, 0.00308233732358, 0.00103842304088, 6.94336995366e-06],
        "mean": [0.00022098683985, 0.00508011691272, 0.001375480555, 0.00136917643249, 0.00472583575174, 0.00239034905098, 0.00241865683347, 0.00239947531372, 0.00197827583179, 0.00163832551334, 0.00108532537706, 0.000940323690884, 0.000945184321608, 0.00108055549208, 0.00107917038258, 0.000662924372591, 0.000642155471724, 0.000427730410593, 0.000314288510708, 0.000319314014632, 0.000243412607233, 0.000266030576313, 0.000257064326433, 0.000210908372537, 9.48108718148e-05, 3.81503778044e-05, 8.25778343483e-08],
        "min": [1.68986559856e-07, 1.2098525076e-05, 2.84021012931e-07, 4.12619874623e-06, 3.92983783968e-05, 1.31342158056e-05, 1.38146351674e-05, 1.22421624837e-05, 2.84644056592e-06, 2.83131612377e-06, 8.1194239101e-06, 2.42173109655e-06, 1.40134227422e-06, 1.62985998031e-06, 8.47210776556e-06, 7.69649341237e-06, 8.73154203873e-06, 4.12786448578e-06, 5.64145693716e-06, 1.11624683541e-06, 1.72642182861e-06, 1.01614602954e-06, 5.52530195819e-07, 3.21868697029e-07, 5.60850139664e-07, 3.73218433936e-09, 2.78428564926e-11],
        "stdev": [0.000325021916069, 0.00629901979119, 0.00150680250954, 0.0017493130872, 0.00624041864648, 0.0025295112282, 0.00272821774706, 0.00289141852409, 0.00313337519765, 0.00227227434516, 0.00176267151255, 0.00136139837559, 0.00177713762969, 0.00138862640597, 0.00160025432706, 0.00116955931298, 0.000807076983619, 0.000484333984787, 0.000282371154753, 0.000311038485961, 0.000340863101883, 0.000408053718274, 0.00048833101755, 0.000428650673712, 0.000180344781256, 8.58592175064e-05, 3.4472040511e-07]
    },
    "erbbands": {
        "max": [1.70125424862, 11.7394752502, 21.9198513031, 33.7276573181, 188.160293579, 186.235366821, 146.113449097, 306.017059326, 278.402526855, 568.598205566, 680.741943359, 760.934082031, 1054.56530762, 657.814758301, 830.556152344, 666.807678223, 849.487426758, 524.812988281, 671.465270996, 764.010620117, 410.17980957, 401.92175293, 250.623748779, 122.463226318, 129.421737671, 118.56451416, 117.873176575, 127.621559143, 154.213256836, 230.285644531, 185.684524536, 129.214035034, 116.64012146, 34.2543716431, 24.0729465485, 7.69430971146, 1.73466897011, 0.143754318357, 0.00273543619551, 0.000223505645408],
        "mean": [0.139573216438, 1.14436173439, 1.76685595512, 3.45976281166, 10.6513767242, 16.3342456818, 16.7112197876, 18.7352771759, 26.610244751, 52.4085960388, 50.2633628845, 41.2455368042, 60.3167228699, 44.3313980103, 44.6854438782, 43.3994865417, 44.9953041077, 57.5170135498, 50.12474823, 58.8909683228, 33.4019088745, 31.3045768738, 25.8001308441, 16.1031856537, 17.6944904327, 14.8104448318, 10.6136245728, 9.48359775543, 9.15145492554, 8.83773994446, 7.33021497726, 4.97488737106, 3.1061000824, 1.18962609768, 0.657694637775, 0.249483942986, 0.0547244362533, 0.00329570216127, 9.66552761383e-05, 4.53103275504e-05],
        "min": [0.000186735851457, 0.00366212264635, 0.0111868930981, 0.0314470753074, 0.048524454236, 0.143063142896, 0.38855445385, 0.190415754914, 0.306019455194, 0.20467954874, 0.225662454963, 0.0764353126287, 0.125911727548, 0.395955681801, 0.330427795649, 0.310301065445, 0.085622318089, 0.051269069314, 0.581350624561, 0.317422300577, 0.724676609039, 0.55364382267, 0.387334048748, 0.169143840671, 0.261278629303, 0.0929862633348, 0.0845127627254, 0.0558728948236, 0.0420569851995, 0.0291858185083, 0.0112512344494, 0.00883626099676, 0.00833219569176, 0.0068274429068, 0.00181279040407, 0.000219787689275, 1.51966269186e-05, 1.19118715247e-06, 2.25656231123e-06, 4.94016467201e-06],
        "stdev": [0.17590790987, 1.48556172848, 1.86947154999, 3.48246908188, 19.1874370575, 19.4085121155, 17.6549472809, 23.7098388672, 28.3606243134, 65.8228149414, 62.9407730103, 64.4435424805, 95.4053497314, 59.6746559143, 75.267036438, 58.0792274475, 85.0478515625, 67.2665100098, 65.0428619385, 97.2392272949, 43.779586792, 35.3772201538, 28.4357891083, 14.2764911652, 16.1016426086, 14.0878229141, 13.5612459183, 13.6156816483, 14.1145744324, 14.6200351715, 14.5495500565, 10.2387981415, 6.51427936554, 2.22029995918, 1.31709778309, 0.519543290138, 0.136695444584, 0.0102031948045, 0.000208078141441, 2.55386312347e-05]
    },
    "gfcc": {
        "mean": [39.8156700134, 100.086097717, -131.676300049, 36.1625213623, -69.173538208, 21.4085712433, -42.6792221069, 12.3137903214, -19.2603149414, 4.35960531235, -12.8652095795, -2.02155303955, -7.45618677139],
        "cov": [[1776.49377441, -867.362609863, 121.57170105, 23.3830432892, -78.1840286255, 198.080932617, -86.3475494385, 67.9902267456, -129.750320435, 83.3030014038, -171.605270386, 49.8313903809, -158.787979126], [-867.362609863, 880.437316895, -170.784866333, -27.8393001556, 159.129302979, -87.2211837769, 128.632125854, -28.7014961243, 108.253799438, -86.4876556396, 168.347061157, -63.969783783, 118.977828979], [121.57170105, -170.784866333, 400.572662354, 90.7522735596, -24.9174385071, 21.3052310944, -57.8620262146, -3.08689427376, -52.1500511169, 40.1045799255, -75.4125289917, 29.004240036, -42.6540298462], [23.3830432892, -27.8393001556, 90.7522735596, 224.165374756, 15.8443431854, 17.2137355804, -19.0160598755, -3.89462018013, 29.1896095276, -25.9809932709, -16.1385478973, -24.2577514648, 21.3849029541], [-78.1840286255, 159.129302979, -24.9174385071, 15.8443431854, 195.652328491, -3.31607604027, 5.04965877533, 45.6436576843, 50.4313735962, 11.2702665329, 4.25598573685, 3.39069867134, 24.6636066437], [198.080932617, -87.2211837769, 21.3052310944, 17.2137355804, -3.31607604027, 139.106170654, 55.8946075439, 11.1755933762, -30.3773136139, 0.301842331886, -0.841824412346, 1.32976901531, -22.157995224], [-86.3475494385, 128.632125854, -57.8620262146, -19.0160598755, 5.04965877533, 55.8946075439, 152.517425537, 27.6248435974, -13.3737211227, -13.4066486359, 43.1874694824, -9.38786220551, -1.6767026186], [67.9902267456, -28.7014961243, -3.08689427376, -3.89462018013, 45.6436576843, 11.1755933762, 27.6248435974, 91.9016494751, 48.9778251648, 27.1254997253, -12.961315155, 8.18062400818, -3.29878664017], [-129.750320435, 108.253799438, -52.1500511169, 29.1896095276, 50.4313735962, -30.3773136139, -13.3737211227, 48.9778251648, 133.921569824, 20.0545310974, 20.0673160553, -12.3487758636, 30.8731594086], [83.3030014038, -86.4876556396, 40.1045799255, -25.9809932709, 11.2702665329, 0.301842331886, -13.4066486359, 27.1254997253, 20.0545310974, 85.1589584351, -0.803307175636, 20.8733291626, -22.5935268402], [-171.605270386, 168.347061157, -75.4125289917, -16.1385478973, 4.25598573685, -0.841824412346, 43.1874694824, -12.961315155, 20.0673160553, -0.803307175636, 102.182373047, 6.56932830811, 19.5040187836], [49.8313903809, -63.969783783, 29.004240036, -24.2577514648, 3.39069867134, 1.32976901531, -9.38786220551, 8.18062400818, -12.3487758636, 20.8733291626, 6.56932830811, 65.9849090576, 2.8628513813], [-158.787979126, 118.977828979, -42.6540298462, 21.3849029541, 24.6636066437, -22.157995224, -1.6767026186, -3.29878664017, 30.8731594086, -22.5935268402, 19.5040187836, 2.8628513813, 72.9526672363]],
        "icov": [[0.00138082448393, 0.000739505863748, 0.000568294140976, -0.000356275646482, -0.000117925934319, -0.00145250570495, 0.000986114493571, -0.00113022164442, 0.00093607569579, -0.000281687796814, 0.000496253196616, -0.000228041113587, 0.0011992896907], [0.000739505863748, 0.0081295594573, -0.00307041802444, 0.00387637969106, -0.00644251517951, 0.00400440115482, -0.00654517253861, 0.00566742802039, -0.00521282758564, 0.00634427648038, -0.00844274647534, 0.0067854905501, -0.00491839740425], [0.000568294140976, -0.00307041802444, 0.00591593142599, -0.00424634246156, 0.00297277187929, -0.0026676915586, 0.00406058738008, -0.00319929770194, 0.00457801483572, -0.00519118504599, 0.00603427691385, -0.00497246254236, 0.00411826372147], [-0.000356275646482, 0.00387637969106, -0.00424634246156, 0.00889486260712, -0.00366796692833, 0.00124361063354, -0.00337627949193, 0.00428015645593, -0.00577411893755, 0.00607906514779, -0.00481678079814, 0.00601212447509, -0.00507572665811], [-0.000117925934319, -0.00644251517951, 0.00297277187929, -0.00366796692833, 0.0115141617134, -0.00402026018128, 0.00609605014324, -0.00787105504423, 0.0039727804251, -0.00575946923345, 0.00698428461328, -0.00572325661778, 0.00262649659999], [-0.00145250570495, 0.00400440115482, -0.0026676915586, 0.00124361063354, -0.00402026018128, 0.0142069496214, -0.00911288708448, 0.00441022077575, -0.00263134203851, 0.00381922489032, -0.00534748379141, 0.0036203591153, -0.00236834143288], [0.000986114493571, -0.00654517253861, 0.00406058738008, -0.00337627949193, 0.00609605014324, -0.00911288708448, 0.0193051602691, -0.0139597030357, 0.0100747924298, -0.00406034989282, 0.00181918696035, -0.00300865480676, 0.00527895661071], [-0.00113022164442, 0.00566742802039, -0.00319929770194, 0.00428015645593, -0.00787105504423, 0.00441022077575, -0.0139597030357, 0.0286617521197, -0.0154574513435, 0.00212021707557, 0.000530850666109, 0.00060977099929, -0.00282019050792], [0.00093607569579, -0.00521282758564, 0.00457801483572, -0.00577411893755, 0.0039727804251, -0.00263134203851, 0.0100747924298, -0.0154574513435, 0.0212808381766, -0.00914076063782, 0.00198395503685, -1.73606040335e-05, -6.80259763612e-05], [-0.000281687796814, 0.00634427648038, -0.00519118504599, 0.00607906514779, -0.00575946923345, 0.00381922489032, -0.00406034989282, 0.00212021707557, -0.00914076063782, 0.0241342075169, -0.00991303380579, 0.00184576865286, 0.00125314970501], [0.000496253196616, -0.00844274647534, 0.00603427691385, -0.00481678079814, 0.00698428461328, -0.00534748379141, 0.00181918696035, 0.000530850666109, 0.00198395503685, -0.00991303380579, 0.0264915283769, -0.0124040497467, 0.00536435376853], [-0.000228041113587, 0.0067854905501, -0.00497246254236, 0.00601212447509, -0.00572325661778, 0.0036203591153, -0.00300865480676, 0.00060977099929, -1.73606040335e-05, 0.00184576865286, -0.0124040497467, 0.0271182283759, -0.0104084294289], [0.0011992896907, -0.00491839740425, 0.00411826372147, -0.00507572665811, 0.00262649659999, -0.00236834143288, 0.00527895661071, -0.00282019050792, -6.80259763612e-05, 0.00125314970501, 0.00536435376853, -0.0104084294289, 0.0260126683861]]
    },
    "melbands": {
        "max": [0.0133598940447, 0.0117345759645, 0.00700574973598, 0.0140910735354, 0.00523122539744, 0.00650831358507, 0.00446140253916, 0.00683150393888, 0.00508987391368, 0.00495807407424, 0.00513262534514, 0.00260806968436, 0.00222412287258, 0.00282113580033, 0.00201313570142, 0.00111152592581, 0.00108855462167, 0.000906593515538, 0.00120087026153, 0.00131040380802, 0.000637902412564, 0.000362695311196, 0.000381407473469, 0.000167635356775, 9.12517716642e-05, 0.000111355206172, 0.000116470109788, 7.97242755652e-05, 7.72362182033e-05, 0.00010972066957, 8.27701369417e-05, 9.79434917099e-05, 8.35753162391e-05, 0.000149019499077, 0.000122043507872, 0.000123440098832, 7.02245815773e-05, 0.000106568913907, 4.39576397184e-05, 2.75675447483e-05],
        "mean": [0.00137255666777, 0.00113993487321, 0.000784152478445, 0.00101209734567, 0.000622069928795, 0.000439249299234, 0.000432905537309, 0.000558034633286, 0.000383085891372, 0.000271114957286, 0.000297774357023, 0.000173231135705, 0.000153022105223, 0.000109228138172, 0.000110615219455, 9.34053532546e-05, 0.000107437328552, 7.73450665292e-05, 7.99523695605e-05, 6.31998191238e-05, 3.72830909328e-05, 3.36402299581e-05, 3.04629629682e-05, 1.80839670065e-05, 1.20752692965e-05, 1.24901080198e-05, 1.25212245621e-05, 9.04505759536e-06, 6.85396344124e-06, 5.80992718824e-06, 5.3012022363e-06, 5.03217415826e-06, 5.42778298041e-06, 4.61638228444e-06, 4.27188206231e-06, 3.69013469026e-06, 2.79864389086e-06, 2.31212516155e-06, 1.55042187089e-06, 8.39221399929e-07],
        "min": [2.56254725173e-06, 9.14635620575e-06, 5.85450197832e-06, 6.24517815595e-06, 1.05058761619e-05, 2.77595177067e-06, 4.07310744777e-06, 2.36671326093e-06, 1.65184189882e-06, 3.68078161728e-07, 6.5525938453e-07, 1.59028036251e-06, 1.09525899461e-06, 3.81616217737e-07, 3.73685338673e-07, 9.79890515396e-08, 5.91008273432e-08, 6.91812545028e-07, 4.38022453864e-07, 3.25319803096e-07, 4.37530729869e-07, 4.98566237184e-07, 1.8155003545e-07, 2.37327299146e-07, 1.01773800054e-07, 9.50933625177e-08, 1.18332522447e-07, 2.35410819727e-08, 3.38949242007e-08, 3.51758480122e-08, 1.78770545034e-08, 2.03378096586e-08, 7.52692930206e-09, 9.94703874824e-09, 6.29718455158e-09, 4.97225727258e-09, 3.43022277249e-09, 1.76282199948e-09, 3.75171849143e-09, 4.13197609461e-09],
        "stdev": [0.00170872337185, 0.00117415736895, 0.000885066401679, 0.0014832339948, 0.000630751717836, 0.000510740734171, 0.000451411586255, 0.000680170836858, 0.000493582570925, 0.000451379251899, 0.000473490537843, 0.000252497178735, 0.000253045378486, 0.000163467237144, 0.000193126092199, 0.000139973504702, 0.000133397785248, 0.000110942251922, 0.000127663253807, 0.000113872774818, 5.30820216227e-05, 4.06531726185e-05, 3.90925088141e-05, 1.92826992134e-05, 1.1384413483e-05, 1.22008050312e-05, 1.23023883134e-05, 9.4453444035e-06, 9.07494359126e-06, 8.60113505041e-06, 7.7860431702e-06, 7.83509312896e-06, 8.92738353286e-06, 8.19611159386e-06, 8.97255358723e-06, 7.55283281251e-06, 5.93323056819e-06, 5.25566747456e-06, 3.06393985738e-06, 1.61234038387e-06]
    },
    "melbands128": {
        "max": [0.00287047633901, 0.0141109125689, 0.023011310026, 0.0184153206646, 0.0143191665411, 0.00622929539531, 0.00661253836006, 0.00955821014941, 0.0245961416513, 0.0226114634424, 0.0140349362046, 0.0113560464233, 0.00706802215427, 0.00904936902225, 0.00973846018314, 0.00721537880599, 0.00514690484852, 0.0079665388912, 0.0067094466649, 0.0109129231423, 0.0121921831742, 0.00775801716372, 0.00843648146838, 0.00777439959347, 0.00709152501076, 0.00769835710526, 0.0148275326937, 0.00872467830777, 0.00357589218765, 0.00473363138735, 0.00530778011307, 0.00342450523749, 0.00381663953885, 0.00615170830861, 0.00678998837247, 0.00316864368506, 0.00287054781802, 0.00436080992222, 0.00494825374335, 0.00270800013095, 0.00135602161754, 0.00253242184408, 0.00219469168223, 0.00195689825341, 0.00248638051562, 0.00155281508341, 0.0030818246305, 0.00214372482151, 0.00240812590346, 0.002759674564, 0.0028266699519, 0.00125499803107, 0.00085405993741, 0.000926945649553, 0.00131602142937, 0.000389592780266, 0.00120929116383, 0.0010143177351, 0.000747698417399, 0.00054175342666, 0.000281643209746, 0.000391479727114, 0.000194907886907, 0.000126740458654, 0.000123534686281, 0.000144431382068, 0.000198967798497, 0.000164434910403, 0.000241712710704, 0.000153002285515, 0.000139294934343, 0.000134420319228, 0.000136632705107, 0.000119156546134, 8.50936339702e-05, 0.000119149124657, 0.000201075832592, 0.000104561826447, 0.000133972542244, 0.000106603518361, 0.000169577542692, 0.000149502579006, 0.000106799954665, 0.00011646180792, 0.000154816181748, 0.000122723300592, 0.000194627151359, 0.000223974071559, 0.000162933996762, 0.000175163921085, 0.000110856533865, 0.000145124402479, 0.00016156557831, 7.79020701884e-05, 0.000121589182527, 9.05830602278e-05, 0.000169239399838, 6.85264240019e-05, 8.68439674377e-05, 3.936923531e-05, 3.01211875922e-05, 2.05564374482e-05, 3.86661413359e-05, 4.3728035962e-05, 3.65267733287e-05, 1.72427662619e-05, 1.31214801513e-05, 1.1901630387e-05, 2.37312833633e-05, 9.85953829513e-06, 1.11514855234e-05, 7.23763605492e-06, 4.86270619149e-06, 6.03574380875e-06, 3.43000579051e-06, 8.03163459295e-07, 2.13839328467e-07, 1.48905714425e-08, 1.44500589272e-08, 1.40898901435e-08, 1.37200908412e-08, 1.34288917764e-08, 1.31802959658e-08, 1.29203101551e-08, 1.26963008995e-08, 1.25587087396e-08, 1.24523458211e-08, 1.23846168876e-08],
        "mean": [0.000190209218999, 0.000961148005445, 0.00204479624517, 0.00185536511708, 0.00102940388024, 0.000660993042402, 0.000663290382363, 0.000688525673468, 0.00117176526692, 0.00110923079774, 0.000892097421456, 0.000733195221983, 0.000563835201319, 0.000483282870846, 0.000355999975, 0.000499890535139, 0.000444716395577, 0.000341788603691, 0.000480007583974, 0.000753640488256, 0.000451951724244, 0.000409129977925, 0.000462650525151, 0.000232950260397, 0.000212841012399, 0.000270756165264, 0.000430459011113, 0.000333690928528, 0.000138304807479, 0.000218279485125, 0.000160108495038, 0.000133246081532, 0.00019011956465, 0.00014454581833, 7.65069489717e-05, 0.000118299773021, 0.00012802418496, 9.08409347176e-05, 0.000130426691612, 8.75700934557e-05, 6.34397438262e-05, 0.000135425434564, 0.000114530630526, 9.81524281087e-05, 7.08939987817e-05, 7.48309830669e-05, 8.59288193169e-05, 6.24025706202e-05, 8.48390336614e-05, 0.000105271406937, 5.41448316653e-05, 3.22507585224e-05, 2.88048140646e-05, 4.0364349843e-05, 5.45200273336e-05, 2.47437492362e-05, 2.31520662055e-05, 3.94716043957e-05, 3.09104216285e-05, 2.03860799957e-05, 1.75643563125e-05, 1.55083162099e-05, 1.43261277117e-05, 1.04726705104e-05, 9.48905380938e-06, 1.22370638564e-05, 1.54508197738e-05, 1.16472128866e-05, 1.26045924844e-05, 1.2626896023e-05, 8.54602876643e-06, 7.36523179512e-06, 8.19538490759e-06, 6.5418844315e-06, 5.7282841226e-06, 5.82943584959e-06, 5.89669207329e-06, 5.64978154216e-06, 5.27217071067e-06, 4.75349679618e-06, 5.33780621481e-06, 4.70727718493e-06, 5.22734353581e-06, 5.69167605136e-06, 5.55906808586e-06, 4.82512677991e-06, 4.22472476203e-06, 4.26641054219e-06, 4.14610531152e-06, 4.59405828224e-06, 3.86783312933e-06, 3.54380176759e-06, 3.13931286655e-06, 2.76177183878e-06, 2.64194068222e-06, 2.44411967287e-06, 2.15903287426e-06, 2.23093275054e-06, 1.82609699095e-06, 1.11991221274e-06, 6.28141606285e-07, 8.73681301528e-07, 8.96447772902e-07, 1.06454456272e-06, 6.92264279678e-07, 6.34998798432e-07, 5.04030197135e-07, 4.99501425111e-07, 4.51663282774e-07, 3.57243891358e-07, 2.85769829134e-07, 2.2775454056e-07, 1.33852111617e-07, 1.18798830329e-07, 5.74553951083e-08, 1.57559796321e-08, 3.29067861848e-09, 1.65257078855e-11, 1.44813432079e-11, 1.40890398306e-11, 1.37216618276e-11, 1.34230491305e-11, 1.31598629563e-11, 1.29053720835e-11, 1.26584463397e-11, 1.24405034885e-11, 1.22935368482e-11, 1.22202170258e-11],
        "min": [2.76837530677e-09, 3.771953061e-07, 1.50892321926e-06, 1.80484710199e-06, 1.90264836419e-06, 1.74298349975e-07, 9.59603653428e-07, 1.10546909582e-06, 1.67650432559e-06, 3.18162801705e-06, 1.20923175473e-06, 1.5887559357e-06, 1.61510445196e-06, 1.30964099299e-06, 1.36878077228e-06, 7.79159904596e-07, 1.09028633233e-06, 9.82097390079e-07, 1.07450364339e-06, 1.97533768187e-06, 1.31587978558e-06, 2.89908854256e-07, 9.40072126809e-08, 8.37579591462e-07, 4.50386863804e-07, 1.86101587474e-07, 6.96609845363e-08, 4.97562552937e-07, 5.90151898905e-07, 1.88591386063e-07, 1.22518514445e-07, 3.6044966123e-07, 6.37768437173e-07, 4.12571949937e-08, 1.61632158324e-07, 2.55181021203e-07, 1.25148005736e-07, 1.01793482088e-07, 2.05624971272e-07, 1.33187398887e-07, 8.22719812277e-08, 3.20332418369e-08, 2.42919568905e-08, 4.58071767184e-08, 1.73864719955e-07, 1.55919011036e-07, 1.25999946476e-07, 1.78666724082e-07, 2.97510382552e-07, 2.0960312952e-07, 2.13023866991e-07, 1.03903772697e-07, 1.99861091232e-07, 2.08673398561e-07, 2.3509093694e-07, 1.76352799031e-07, 1.38278892337e-07, 1.21463301639e-07, 4.48085195615e-08, 7.02913567352e-08, 1.61124418696e-07, 7.9847339407e-08, 7.92927110638e-08, 9.28856351834e-08, 3.06609422296e-08, 8.89056650522e-08, 6.35754133782e-08, 3.49865807436e-08, 2.51506797611e-08, 2.68601105802e-08, 2.26040715035e-08, 1.20825838223e-09, 2.96249580423e-09, 2.9840560245e-08, 1.12699209964e-08, 2.04776782198e-08, 1.21284404742e-08, 2.49543896658e-09, 1.73170466855e-09, 7.38313321591e-09, 2.43058249083e-08, 1.68332849881e-08, 7.08671521465e-09, 4.64079086271e-09, 4.29572738492e-10, 9.63742419202e-09, 7.55221929438e-09, 4.59985871615e-09, 1.17946896694e-09, 1.05687880669e-09, 1.22616383713e-09, 1.42782652368e-09, 2.17820828041e-09, 6.58169962975e-10, 6.36507235807e-11, 9.12349029658e-10, 1.1481516432e-10, 1.02184083417e-09, 1.36528754968e-09, 4.97443419789e-10, 2.33078645273e-09, 5.99288604852e-11, 1.53069878994e-09, 3.3428165791e-10, 1.88410703705e-10, 4.33482000295e-10, 3.77194192547e-10, 6.65029420421e-11, 4.03273595073e-12, 5.29089901231e-13, 1.03837965516e-13, 1.18504232577e-13, 1.26519874763e-13, 8.98882205648e-14, 8.49201690412e-14, 9.92880501123e-14, 1.06166831782e-13, 1.03704310493e-13, 1.00968929398e-13, 7.38710240439e-14, 1.00136716139e-13, 1.03581314533e-13, 5.71535006821e-14, 8.51631997345e-14, 7.31615356947e-14, 2.78026486246e-14, 3.19592222559e-15, 1.0419220597e-16],
        "stdev": [0.000286718946882, 0.00126630731393, 0.00290387589484, 0.00243537826464, 0.0012397011742, 0.000687978172209, 0.000727555481717, 0.000973446236458, 0.00239376956597, 0.00224474980496, 0.00116339861415, 0.00102329626679, 0.000745773781091, 0.000712802750058, 0.000726278638467, 0.00066438736394, 0.000580958789214, 0.000643816834781, 0.00069587060716, 0.00117151660379, 0.000806244905107, 0.000666868931148, 0.000776278902777, 0.000470375351142, 0.000530192337465, 0.00067953648977, 0.000960392702837, 0.000711714616045, 0.000247320276685, 0.000421520264354, 0.000335478573106, 0.000254044920439, 0.000390130531741, 0.000434301648056, 0.000227013195399, 0.000238909793552, 0.00021537579596, 0.000224033705308, 0.000431119377026, 0.000235094499658, 0.000124936879729, 0.000245327944867, 0.000195367421838, 0.000180640679901, 0.000196299704839, 0.000145243058796, 0.000202015362447, 0.000159552320838, 0.00020844489336, 0.000270204240223, 0.00014664491755, 8.0707250163e-05, 6.25579705229e-05, 8.0347264884e-05, 0.000102478006738, 3.76223797502e-05, 5.39129177923e-05, 7.2546339652e-05, 5.86517671763e-05, 3.64879597328e-05, 2.41395591729e-05, 2.32028178289e-05, 1.85638091352e-05, 1.25178512462e-05, 1.2268806131e-05, 1.48932058437e-05, 1.95028533199e-05, 1.48007511598e-05, 1.84419295692e-05, 1.55588168127e-05, 1.17786248666e-05, 1.07261776066e-05, 1.27547154989e-05, 1.01012337836e-05, 9.1656756922e-06, 9.12089672056e-06, 1.0470504094e-05, 9.03594263946e-06, 8.76318699738e-06, 7.76433444116e-06, 9.31161321205e-06, 8.06388652563e-06, 9.48200067796e-06, 1.0527147424e-05, 9.72260204435e-06, 8.16250303615e-06, 9.09712525754e-06, 1.0289734746e-05, 9.57926022238e-06, 1.03999773273e-05, 8.14561644802e-06, 8.0158106357e-06, 7.72241037339e-06, 6.08871278018e-06, 6.24190670351e-06, 5.74435398448e-06, 6.34441266811e-06, 4.52017957286e-06, 4.04045886171e-06, 2.3168640837e-06, 1.37211020501e-06, 1.69651002579e-06, 1.9967942535e-06, 2.35151901506e-06, 1.63342770065e-06, 1.29320358155e-06, 1.04508410459e-06, 1.05590845578e-06, 1.12165173505e-06, 8.37354093619e-07, 6.87237502461e-07, 5.9229313365e-07, 3.78195068151e-07, 4.5360533818e-07, 2.40772038751e-07, 5.33866462149e-08, 1.24364616383e-08, 3.3565519808e-10, 3.25727167461e-10, 3.17601500655e-10, 3.09328757053e-10, 3.02775110539e-10, 2.9716462624e-10, 2.91337204361e-10, 2.86342449751e-10, 2.83236795129e-10, 2.80836631728e-10, 2.79314266161e-10]
    },
    "mfcc": {
        "mean": [-592.98425293, 119.82359314, -2.76072192192, 15.2340269089, 0.430319219828, 4.71458768845, -6.109395504, 3.42734742165, -2.04715633392, 5.48165798187, 0.500436604023, 0.249958753586, -0.250226289034],
        "cov": [[1754.7434082, -764.647827148, 44.4103050232, -151.287689209, -6.76673078537, 70.2680740356, 29.0856838226, 30.1585502625, -15.2774953842, 83.8162307739, -40.2592735291, 14.3910894394, -108.517127991], [-764.647827148, 769.603942871, -208.87147522, 30.9477577209, 23.9850502014, -38.8135757446, 48.5306854248, 23.3188533783, -1.7636077404, -16.7714920044, 56.7371520996, -13.6905231476, 74.9290390015], [44.4103050232, -208.87147522, 381.736663818, 52.6196517944, -7.90673923492, 49.7185897827, 0.580322980881, -27.4262466431, -2.93182349205, -44.9375648499, -15.3275222778, 7.89821434021, -15.8023881912], [-151.287689209, 30.9477577209, 52.6196517944, 182.637329102, 77.01927948, -5.05636119843, -34.1340370178, -1.30014121532, 30.6848373413, 13.6586914062, -17.5485706329, -14.3785886765, 21.6029014587], [-6.76673078537, 23.9850502014, -7.90673923492, 77.01927948, 188.54800415, 1.77590358257, -60.8217658997, -5.83604049683, 43.8112220764, 27.943687439, -15.1302547455, -10.4365282059, 17.9880828857], [70.2680740356, -38.8135757446, 49.7185897827, -5.05636119843, 1.77590358257, 88.0418319702, 52.1904716492, 14.3552980423, -7.90362548828, -5.295814991, 4.94591093063, 2.55771303177, -13.6590013504], [29.0856838226, 48.5306854248, 0.580322980881, -34.1340370178, -60.8217658997, 52.1904716492, 151.50630188, 45.727268219, -22.6951503754, -12.8131837845, 31.0826072693, -5.4803814888, -14.0249214172], [30.1585502625, 23.3188533783, -27.4262466431, -1.30014121532, -5.83604049683, 14.3552980423, 45.727268219, 86.2688217163, 21.0091762543, 10.8001041412, 9.84351348877, 0.690912663937, -0.208138853312], [-15.2774953842, -1.7636077404, -2.93182349205, 30.6848373413, 43.8112220764, -7.90362548828, -22.6951503754, 21.0091762543, 91.2629776001, 37.3635597229, 5.93154239655, -4.8762755394, 2.7236571312], [83.8162307739, -16.7714920044, -44.9375648499, 13.6586914062, 27.943687439, -5.295814991, -12.8131837845, 10.8001041412, 37.3635597229, 88.09765625, 14.3326196671, 3.7664411068, -2.95830106735], [-40.2592735291, 56.7371520996, -15.3275222778, -17.5485706329, -15.1302547455, 4.94591093063, 31.0826072693, 9.84351348877, 5.93154239655, 14.3326196671, 75.7027816772, 26.5461902618, 5.12404727936], [14.3910894394, -13.6905231476, 7.89821434021, -14.3785886765, -10.4365282059, 2.55771303177, -5.4803814888, 0.690912663937, -4.8762755394, 3.7664411068, 26.5461902618, 74.967376709, 25.1183853149], [-108.517127991, 74.9290390015, -15.8023881912, 21.6029014587, 17.9880828857, -13.6590013504, -14.0249214172, -0.208138853312, 2.7236571312, -2.95830106735, 5.12404727936, 25.1183853149, 67.8899307251]],
        "icov": [[0.00135933351703, 0.00138764502481, 0.000350525340764, 0.000905950495508, -0.000715824018698, -9.9129130831e-05, -0.000648092885967, -0.000470612954814, 0.000656104763038, -0.0011189620709, 0.00034879220766, -0.000180114730028, 0.000434212619439], [0.00138764502481, 0.00352551694959, 0.00148710317444, 0.000321606785292, -0.00101816188544, 0.000436326721683, -0.00151084538084, -0.000314296514262, 0.00063408492133, 8.80118168425e-05, -0.00145100941882, 0.00114540581126, -0.00172059237957], [0.000350525340764, 0.00148710317444, 0.00426296750084, -0.00159238115884, 0.00038999383105, -0.00202751322649, -0.000307056499878, 0.00132806575857, -0.000993721652776, 0.00244868965819, -0.000475717853988, -0.000560113636311, 0.000237061845837], [0.000905950495508, 0.000321606785292, -0.00159238115884, 0.00851039029658, -0.00283289933577, 0.000444712961325, -6.38607934889e-06, -0.000900428392924, -0.000220069676288, -0.00216743117198, 0.00144482788164, 0.00150279107038, -0.00190023565665], [-0.000715824018698, -0.00101816188544, 0.00038999383105, -0.00283289933577, 0.00874077901244, -0.00332259992138, 0.00385430594906, 0.000345943059074, -0.00250113243237, -0.000388376793126, 4.22353623435e-05, 0.00136756512802, -0.00164113682695], [-9.9129130831e-05, 0.000436326721683, -0.00202751322649, 0.000444712961325, -0.00332259992138, 0.0177115183324, -0.00732475006953, -0.000329252914526, 0.000995279173367, -0.000264226429863, 0.00117335596588, -0.00234445347451, 0.00240356684662], [-0.000648092885967, -0.00151084538084, -0.000307056499878, -6.38607934889e-06, 0.00385430594906, -0.00732475006953, 0.0146888773888, -0.0059676123783, 0.00251777959056, 0.000960570003372, -0.00494252797216, 0.00364417815581, 4.89707781526e-05], [-0.000470612954814, -0.000314296514262, 0.00132806575857, -0.000900428392924, 0.000345943059074, -0.000329252914526, -0.0059676123783, 0.0166560206562, -0.0055507007055, 0.000349437264958, 0.00135139503982, -0.00151548499707, -0.00045273185242], [0.000656104763038, 0.00063408492133, -0.000993721652776, -0.000220069676288, -0.00250113243237, 0.000995279173367, 0.00251777959056, -0.0055507007055, 0.0170371774584, -0.00603687902912, -0.00217995652929, 0.00208926619962, -1.34762535708e-06], [-0.0011189620709, 8.80118168425e-05, 0.00244868965819, -0.00216743117198, -0.000388376793126, -0.000264226429863, 0.000960570003372, 0.000349437264958, -0.00603687902912, 0.01747575216, -0.00382632133551, -0.000734486500733, 0.00118743348867], [0.00034879220766, -0.00145100941882, -0.000475717853988, 0.00144482788164, 4.22353623435e-05, 0.00117335596588, -0.00494252797216, 0.00135139503982, -0.00217995652929, -0.00382632133551, 0.0201418045908, -0.00824786815792, 0.00224858359434], [-0.000180114730028, 0.00114540581126, -0.000560113636311, 0.00150279107038, 0.00136756512802, -0.00234445347451, 0.00364417815581, -0.00151548499707, 0.00208926619962, -0.000734486500733, -0.00824786815792, 0.0207266137004, -0.0094083789736], [0.000434212619439, -0.00172059237957, 0.000237061845837, -0.00190023565665, -0.00164113682695, 0.00240356684662, 4.89707781526e-05, -0.00045273185242, -1.34762535708e-06, 0.00118743348867, 0.00224858359434, -0.0094083789736, 0.0222728215158]]
    },
    "spectral_contrast_coeffs": {
        "max": [-0.454524993896, -0.537382006645, -0.519716620445, -0.628019034863, -0.600553333759, -0.63433599472],
        "mean": [-0.722297489643, -0.736746132374, -0.74081659317, -0.767206013203, -0.775499641895, -0.743008613586],
        "min": [-0.936075568199, -0.9013915658, -0.894425153732, -0.873196601868, -0.862880408764, -0.82018071413],
        "stdev": [0.0673560202122, 0.059265896678, 0.0572109147906, 0.046707380563, 0.039625570178, 0.0275887548923]
    },
    "spectral_contrast_valleys": {
        "max": [-5.11459064484, -4.8346953392, -5.57634305954, -6.03408002853, -6.00092506409, -7.49264097214],
        "mean": [-6.27088499069, -6.19204807281, -6.8933672905, -7.12085056305, -7.22240495682, -9.92341327667],
        "min": [-8.152384758, -8.2009305954, -8.99498462677, -8.94021129608, -9.25273895264, -12.6162528992],
        "stdev": [0.493442803621, 0.45151424408, 0.520949006081, 0.468428164721, 0.548386871815, 0.911015272141]
    }
},
"rhythm": {
    "beats_count": 110,
    "beats_loudness": {
        "max": 0.0974929183722,
        "mean": 0.0464683286846,
        "min": 0.00743506010622,
        "stdev": 0.0154217267409
    },
    "bpm": 136.205108643,
    "bpm_histogram_first_peak_bpm": 136,
    "bpm_histogram_first_peak_weight": 0.339805781841,
    "bpm_histogram_second_peak_bpm": 144,
    "bpm_histogram_second_peak_spread": 0,
    "bpm_histogram_second_peak_weight": 0.0366972461343,
    "danceability": 1.22051930428,
    "onset_rate": 3.2607421875,
    "beats_loudness_band_ratio": {
        "max": [0.724988520145, 0.609659135342, 0.608948886395, 0.573351025581, 0.355593174696, 0.18350866437],
        "mean": [0.38250759244, 0.236246094108, 0.204823687673, 0.114680670202, 0.0933571457863, 0.0593476481736],
        "min": [0.0874347239733, 0.0514906831086, 0.0308001302183, 0.0100339855999, 0.00740150874481, 0.00292382808402],
        "stdev": [0.161042228341, 0.143121540546, 0.131198093295, 0.0905959755182, 0.073739208281, 0.0455525629222]
    },
