{
"metadata": {
    "version": {
        "essentia": "2.1-beta5",
        "essentia_git_sha": "Undefined",
        "extractor": "music 2.0"
    },
    "audio_properties": {
        "analysis": {
            "equal_loudness": 0,
            "length": 12.7477550507,
            "sample_rate": 44100,
            "start_time": 0,
            "downmix": "mix"
        },
        "bit_rate": 192000,
        "length": 224.606628418,
        "lossless": 0,
        "number_channels": 2,
        "replay_gain": 17.6268482208,
        "sample_rate": 44100,
        "codec": "mp3",
        "md5_encoded": "126e3696736aaa0a36bc7b809ccdf7c9"
    },
    "tags": {
        "file_name": "Israel_Shiru_Lakahat Shiru.mp3",
        "encoding": ["Lavf58.29.100"]
    }
},
"lowlevel": {
    "average_loudness": 9.11909664865e-05,
    "barkbands_crest": {
        "max": 16.9198055267,
        "mean": 6.59983253479,
        "min": 3.56320762634,
        "stdev": 1.00655901432
    },
    "barkbands_flatness_db": {
        "max": 0.146168723702,
        "mean": 0.0769209414721,
        "min": 0.0570335760713,
        "stdev": 0.0105768386275
    },
    "barkbands_kurtosis": {
        "max": 7.64231300354,
        "mean": 3.13624811172,
        "min": 0.292138814926,
        "stdev": 0.922712445259
    },
    "barkbands_skewness": {
        "max": 1.11963868141,
        "mean": -1.7109400034,
        "min": -2.24305295944,
        "stdev": 0.450755178928
    },
    "barkbands_spread": {
        "max": 50.4880638123,
        "mean": 25.3992137909,
        "min": 6.7466802597,
        "stdev": 4.57419776917
    },
    "dissonance": {
        "max": 0.500000059605,
        "mean": 0.492919325829,
        "min": 0.426687985659,
        "stdev": 0.006534000393
    },
    "dynamic_complexity": 6.56658554077,
    "erbbands_crest": {
        "max": 17.8261070251,
        "mean": 3.93940329552,
        "min": 2.68980765343,
        "stdev": 1.83303570747
    },
    "erbbands_flatness_db": {
        "max": 0.259351670742,
        "mean": 0.108848430216,
        "min": 0.0793772563338,
        "stdev": 0.030646590516
    },
    "erbbands_kurtosis": {
        "max": 8.57925987244,
        "mean": 0.257065713406,
        "min": -0.673224687576,
        "stdev": 0.690416932106
    },
    "erbbands_skewness": {
        "max": 1.34531188011,
        "mean": -0.548258721828,
        "min": -0.982622623444,
        "stdev": 0.33058694005
    },
    "erbbands_spread": {
        "max": 44.9214668274,
        "mean": 34.2595672607,
        "min": 5.43234109879,
        "stdev": 6.592045784
    },
    "hfc": {
        "max": 959.989379883,
        "mean": 19.8593883514,
        "min": 1.05544738916e-16,
        "stdev": 101.275413513
    },
    "loudness_ebu128": {
        "integrated": -32.4986152649,
        "loudness_range": 17.7277832031,
        "momentary": {
            "max": -28.9993171692,
            "mean": -275.818145752,
            "min": -300.691009521,
            "stdev": 76.4253005981
        },
        "short_term": {
            "max": -36.617515564,
            "mean": -270.310241699,
            "min": -300.691009521,
            "stdev": 81.9237060547
        }
    },
    "melbands_crest": {
        "max": 15.8028154373,
        "mean": 2.74999403954,
        "min": 1.43772935867,
        "stdev": 1.57440769672
    },
    "melbands_flatness_db": {
        "max": 0.16040045023,
        "mean": 0.0136922644451,
        "min": 0.00190403847955,
        "stdev": 0.0231901295483
    },
    "melbands_kurtosis": {
        "max": 4.30520057678,
        "mean": -0.972661495209,
        "min": -1.43746638298,
        "stdev": 0.739620864391
    },
    "melbands_skewness": {
        "max": 0.711239993572,
        "mean": -0.0111145945266,
        "min": -1.34065139294,
        "stdev": 0.173495337367
    },
    "melbands_spread": {
        "max": 166.984436035,
        "mean": 123.228919983,
        "min": 17.0358352661,
        "stdev": 29.3604011536
    },
    "pitch_salience": {
        "max": 0.946914374828,
        "mean": 0.787889182568,
        "min": 0.569399178028,
        "stdev": 0.0238868799061
    },
    "silence_rate_20dB": {
        "max": 1,
        "mean": 0.990909099579,
        "min": 0,
        "stdev": 0.0949118733406
    },
    "silence_rate_30dB": {
        "max": 1,
        "mean": 0.965454518795,
        "min": 0,
        "stdev": 0.182625487447
    },
    "silence_rate_60dB": {
        "max": 1,
        "mean": 0.921818196774,
        "min": 0,
        "stdev": 0.268457472324
    },
    "spectral_centroid": {
        "max": 11929.1201172,
        "mean": 10246.2695312,
        "min": 1608.24829102,
        "stdev": 2534.81689453
    },
    "spectral_complexity": {
        "max": 61,
        "mean": 3.60181808472,
        "min": 0,
        "stdev": 12.8888835907
    },
    "spectral_decrease": {
        "max": 2.6774605495e-28,
        "mean": -1.96326355173e-09,
        "min": -9.31197376985e-08,
        "stdev": 9.93307480712e-09
    },
    "spectral_energy": {
        "max": 0.438479363918,
        "mean": 0.00921110808849,
        "min": 9.73805484711e-21,
        "stdev": 0.0466516949236
    },
    "spectral_energyband_high": {
        "max": 0.0385193787515,
        "mean": 0.000778614601586,
        "min": 6.81150034122e-21,
        "stdev": 0.00409182347357
    },
    "spectral_energyband_low": {
        "max": 0.00511424569413,
        "mean": 0.000126595448819,
        "min": 1.04827836611e-23,
        "stdev": 0.000590872601606
    },
    "spectral_energyband_middle_high": {
        "max": 0.380147874355,
        "mean": 0.00760215241462,
        "min": 1.06217755567e-21,
        "stdev": 0.0391964912415
    },
    "spectral_energyband_middle_low": {
        "max": 0.0309129729867,
        "mean": 0.000736023008358,
        "min": 1.50383217557e-22,
        "stdev": 0.00336276809685
    },
    "spectral_entropy": {
        "max": 9.82967758179,
        "mean": 9.63808917999,
        "min": 7.63720369339,
        "stdev": 0.513880431652
    },
    "spectral_flux": {
        "max": 0.402671456337,
        "mean": 0.015751702711,
        "min": 6.37833189043e-11,
        "stdev": 0.0629196986556
    },
    "spectral_kurtosis": {
        "max": 14.7011184692,
        "mean": -0.668507754803,
        "min": -1.26763415337,
        "stdev": 1.76116621494
    },
    "spectral_rms": {
        "max": 0.0206829570234,
        "mean": 0.000726087542716,
        "min": 3.08229483603e-12,
        "stdev": 0.00290847802535
    },
    "spectral_rolloff": {
        "max": 19789.0136719,
        "mean": 17343.1542969,
        "min": 1571.92382812,
        "stdev": 4544.2109375
    },
    "spectral_skewness": {
        "max": 3.09225940704,
        "mean": 0.147018626332,
        "min": -0.10755752027,
        "stdev": 0.483910113573
    },
    "spectral_spread": {
        "max": 43030180,
        "mean": 37144260,
        "min": 2828465,
        "stdev": 10598348
    },
    "spectral_strongpeak": {
        "max": 10.2738771439,
        "mean": 0.240404054523,
        "min": 0,
        "stdev": 1.01312851906
    },
    "zerocrossingrate": {
        "max": 0.53076171875,
        "mean": 0.462781429291,
        "min": 0,
        "stdev": 0.116770736873
    },
    "barkbands": {
        "max": [0.00391977559775, 0.00265427469276, 0.000710765249096, 0.00109928124584, 0.0034409807995, 0.00689937733114, 0.00695904251188, 0.00735798571259, 0.0147935720161, 0.0207855384797, 0.0540275797248, 0.0537708699703, 0.0489714592695, 0.0836564674973, 0.0750373229384, 0.0752515941858, 0.0641149058938, 0.0325788371265, 0.0399856232107, 0.00972015876323, 0.0119537906721, 0.0111287385225, 0.0107410382479, 0.004337052349, 0.00307144178078, 0.000705474871211, 1.04942591861e-05],
        "mean": [7.39129609428e-05, 5.60974585824e-05, 1.07924670374e-05, 1.89452111954e-05, 5.75101512368e-05, 7.2738257586e-05, 8.36374310893e-05, 0.000118296040455, 0.000301486259559, 0.000270101998467, 0.000473293825053, 0.000588733353652, 0.000785082869697, 0.00106395641342, 0.00111639651004, 0.00123224814888, 0.00115509727038, 0.000582726614084, 0.000291576259769, 0.000187237310456, 0.000223776471103, 0.000163171513123, 0.000149873143528, 7.76339220465e-05, 4.57175883639e-05, 1.09680186142e-05, 9.56094652338e-08],
        "min": [2.79506385621e-25, 5.75251867406e-25, 9.37770529818e-25, 3.60493853683e-25, 3.81456964492e-24, 4.63828281937e-24, 4.66599037537e-24, 4.79983522187e-24, 6.73635858214e-24, 9.52767820867e-24, 7.93575137991e-24, 1.64859149645e-23, 2.09127373073e-23, 2.44455924956e-23, 3.3216935323e-23, 4.47572225263e-23, 5.40841017136e-23, 6.28508454819e-23, 1.0028226388e-22, 1.53525181122e-22, 2.28094145144e-22, 2.82310270618e-22, 3.35910074845e-22, 5.07587286185e-22, 7.25373329082e-22, 1.2350614339e-21, 1.86503297957e-21],
        "stdev": [0.000363190105418, 0.000275608908851, 5.60660337214e-05, 9.5367024187e-05, 0.000312535703415, 0.000440202769823, 0.000523792172316, 0.000629428192042, 0.00138574186713, 0.0015370164765, 0.00309756095521, 0.00331522268243, 0.0042978823185, 0.00624024961144, 0.00614050915465, 0.00678856903687, 0.00629499554634, 0.00322565063834, 0.00203253142536, 0.000974296417553, 0.00117455981672, 0.000936178956181, 0.000849532196298, 0.00039981174632, 0.000256569910562, 6.10008391959e-05, 8.32449245536e-07]
    },
    "erbbands": {
        "max": [0.152495652437, 0.350626677275, 0.856206715107, 1.8660736084, 10.0349111557, 14.7840557098, 36.8572845459, 54.1184654236, 93.7411193848, 128.400314331, 164.111953735, 435.172149658, 768.566589355, 533.748291016, 2660.6784668, 1794.79956055, 2133.63500977, 4713.02734375, 4053.93139648, 2751.93994141, 4047.09667969, 2941.9440918, 1672.76220703, 2929.5859375, 935.184631348, 517.263671875, 532.599243164, 376.654571533, 351.792785645, 478.200653076, 283.357543945, 100.272468567, 69.7477035522, 40.6392402649, 13.06204319, 5.00200223923, 0.875945329666, 0.0348778106272, 0.00250881793909, 0.000787617871538],
        "mean": [0.00298285880126, 0.00821678154171, 0.0135579658672, 0.0392933152616, 0.108277671039, 0.19991004467, 0.361916333437, 0.667817056179, 1.1424561739, 1.70827102661, 3.14191198349, 6.72089099884, 9.0170507431, 9.63501739502, 24.159866333, 24.5449962616, 35.6796684265, 54.1269683838, 53.2588691711, 59.3943519592, 75.3126831055, 62.2537841797, 34.4623908997, 22.9068107605, 11.0888338089, 8.91782569885, 9.67844772339, 7.77373504639, 5.84135055542, 5.48455715179, 3.88693237305, 1.9461196661, 1.19229781628, 0.609670639038, 0.261771738529, 0.0872158259153, 0.0116209341213, 0.000426039216109, 3.70931593352e-05, 1.60089530254e-05],
        "min": [2.8432096347e-23, 3.80024893226e-22, 1.40671797077e-21, 2.72686409913e-21, 6.1827655275e-21, 1.58989784444e-20, 2.53133245598e-20, 3.83258885684e-20, 7.74326937962e-20, 1.1372372452e-19, 1.48135355656e-19, 2.1122611411e-19, 2.83226460792e-19, 5.61859432547e-19, 9.61053694238e-19, 9.05621426258e-19, 1.20423124925e-18, 1.254664141e-18, 1.77349115654e-18, 2.15926937588e-18, 3.01816202516e-18, 4.38204719764e-18, 4.24208865159e-18, 4.8853816373e-18, 5.78870463883e-18, 6.81973481436e-18, 8.08066950139e-18, 5.89490470331e-18, 1.01722420023e-17, 1.03244250371e-17, 9.41201669729e-18, 9.0512261567e-18, 9.31414468721e-18, 7.31535289967e-18, 6.10515002678e-18, 4.07283633132e-18, 2.23393566105e-18, 8.85252827457e-19, 2.46055910895e-19, 2.54129610495e-20],
        "stdev": [0.0152883511037, 0.0397328361869, 0.0696170404553, 0.183412864804, 0.656062483788, 1.08760905266, 2.22086143494, 3.84004163742, 7.22719907761, 9.87051391602, 15.0513982773, 31.6887702942, 51.8717193604, 49.3469390869, 159.847564697, 129.4559021, 196.321151733, 321.58203125, 309.259246826, 310.86907959, 413.418182373, 329.0597229, 187.488830566, 155.471832275, 62.4500350952, 46.9494552612, 50.7666168213, 41.1683616638, 32.6783561707, 32.0845069885, 22.2730922699, 10.1106595993, 6.27003002167, 3.43946695328, 1.37233841419, 0.470566689968, 0.0663225576282, 0.00262924446724, 0.000230259596719, 8.3286431618e-05]
    },
    "gfcc": {
        "mean": [-1147.59753418, 2.36212229729, -16.668088913, 1.91790926456, -5.29963445663, 3.2448964119, -3.74100708961, 1.29160130024, -1.77337908745, 0.639475226402, -1.45936989784, 0.357707411051, -0.546028912067],
        "cov": [[140813.75, 3228.0546875, -19683.1875, 2392.11669922, -6252.92236328, 3821.65112305, -4464.36035156, 1547.42980957, -2065.83129883, 746.637329102, -1719.78967285, 435.338989258, -595.134765625], [3228.0546875, 149.143005371, -443.963104248, 59.13671875, -134.170776367, 96.3838653564, -94.9289855957, 32.2290763855, -48.4986190796, 14.1651620865, -39.0982170105, 4.18667554855, -9.18912887573], [-19683.1875, -443.963104248, 2780.14648438, -327.071289062, 877.29486084, -541.803588867, 623.219299316, -214.545089722, 292.621887207, -103.777366638, 240.713226318, -60.1794891357, 86.1603088379], [2392.11669922, 59.13671875, -327.071289062, 49.1031112671, -105.791061401, 62.6492996216, -76.2640151978, 29.0028171539, -32.8246154785, 12.3386335373, -28.9333267212, 8.03979301453, -8.9581489563], [-6252.92236328, -134.170776367, 877.29486084, -105.791061401, 284.119445801, -169.232452393, 199.128250122, -69.3061218262, 92.6374511719, -34.1355323792, 75.9659194946, -19.559879303, 27.9129066467], [3821.65112305, 96.3838653564, -541.803588867, 62.6492996216, -169.232452393, 111.609062195, -119.352539062, 41.1050186157, -58.0146789551, 20.4415588379, -47.7852096558, 9.27685832977, -16.1868362427], [-4464.36035156, -94.9289855957, 623.219299316, -76.2640151978, 199.128250122, -119.352539062, 145.871780396, -48.3737373352, 64.9445953369, -23.5650997162, 54.6611251831, -15.0682506561, 17.848197937], [1547.42980957, 32.2290763855, -214.545089722, 29.0028171539, -69.3061218262, 41.1050186157, -48.3737373352, 21.4811458588, -21.2005252838, 8.82257461548, -19.4183731079, 4.49263763428, -7.10627269745], [-2065.83129883, -48.4986190796, 292.621887207, -32.8246154785, 92.6374511719, -58.0146789551, 64.9445953369, -21.2005252838, 35.2401008606, -9.92707538605, 25.5914402008, -6.00239562988, 9.14644622803], [746.637329102, 14.1651620865, -103.777366638, 12.3386335373, -34.1355323792, 20.4415588379, -23.5650997162, 8.82257461548, -9.92707538605, 6.55378341675, -8.90958118439, 2.18125748634, -3.30341029167], [-1719.78967285, -39.0982170105, 240.713226318, -28.9333267212, 75.9659194946, -47.7852096558, 54.6611251831, -19.4183731079, 25.5914402008, -8.90958118439, 24.1340560913, -3.68415999413, 7.73224306107], [435.338989258, 4.18667554855, -60.1794891357, 8.03979301453, -19.559879303, 9.27685832977, -15.0682506561, 4.49263763428, -6.00239562988, 2.18125748634, -3.68415999413, 4.71203994751, -1.04164671898], [-595.134765625, -9.18912887573, 86.1603088379, -8.9581489563, 27.9129066467, -16.1868362427, 17.848197937, -7.10627269745, 9.14644622803, -3.30341029167, 7.73224306107, -1.04164671898, 5.89500617981]],
        "icov": [[0.00209391419776, -0.00429802993312, 0.0078996270895, -0.00482925865799, 0.00454647652805, 0.00376499816775, 0.0131997568533, -0.00555046228692, 0.00352238398045, -0.0093068825081, 0.00757155893371, -0.00631457800046, 0.00232216482982], [-0.00429802993312, 0.0350791886449, -0.00707081193104, -0.0282636582851, -0.0188416410238, -0.0244298800826, -0.0484126470983, 0.0373476818204, -0.00139049033169, 0.028852622956, -0.0289267599583, 0.0569883435965, -0.0387619920075], [0.0078996270895, -0.00707081193104, 0.079920552671, -0.0425464585423, -0.0264954809099, 0.0992557555437, -0.00985905621201, 0.0111343478784, 0.00565055804327, -0.0545854121447, 0.0133805600926, 0.0535373054445, -0.0524430051446], [-0.00482925865799, -0.0282636582851, -0.0425464585423, 0.239753171802, 0.0445434898138, -0.0108618987724, 0.050359390676, -0.151791006327, -0.0539274811745, 0.0780473276973, 0.00158130121417, -0.0748065188527, -0.00949104316533], [0.00454647652805, -0.0188416410238, -0.0264954809099, 0.0445434898138, 0.253840297461, -0.0248552933335, -0.0670061483979, 0.019473945722, -0.0906042233109, 0.108067072928, 0.0800863802433, -0.0673140436411, -0.0750766694546], [0.00376499816775, -0.0244298800826, 0.0992557555437, -0.0108618987724, -0.0248552933335, 0.340294361115, -0.0449656024575, 0.0171613804996, 0.0667511150241, -0.11410947144, 0.0413099750876, 0.173163220286, -0.10737324506], [0.0131997568533, -0.0484126470983, -0.00985905621201, 0.050359390676, -0.0670061483979, -0.0449656024575, 0.436069875956, -0.147057145834, 0.0631265044212, -0.0555374622345, -0.108872443438, 0.0200147088617, 0.191276565194], [-0.00555046228692, 0.0373476818204, 0.0111343478784, -0.151791006327, 0.019473945722, 0.0171613804996, -0.147057145834, 0.406122505665, -0.0674671158195, -0.0415297262371, 0.0725495889783, 0.0583429411054, -0.00925410538912], [0.00352238398045, -0.00139049033169, 0.00565055804327, -0.0539274811745, -0.0906042233109, 0.0667511150241, 0.0631265044212, -0.0674671158195, 0.324912399054, -0.156741440296, -0.0512547343969, 0.0477848872542, 0.0124627426267], [-0.0093068825081, 0.028852622956, -0.0545854121447, 0.0780473276973, 0.108067072928, -0.11410947144, -0.0555374622345, -0.0415297262371, -0.156741440296, 0.567277908325, -0.0600574612617, 0.0207372885197, -0.0416148863733], [0.00757155893371, -0.0289267599583, 0.0133805600926, 0.00158130121417, 0.0800863802433, 0.0413099750876, -0.108872443438, 0.0725495889783, -0.0512547343969, -0.0600574612617, 0.532887995243, -0.298988193274, -0.0284831486642], [-0.00631457800046, 0.0569883435965, 0.0535373054445, -0.0748065188527, -0.0673140436411, 0.173163220286, 0.0200147088617, 0.0583429411054, 0.0477848872542, 0.0207372885197, -0.298988193274, 0.721282124519, -0.183780699968], [0.00232216482982, -0.0387619920075, -0.0524430051446, -0.00949104316533, -0.0750766694546, -0.10737324506, 0.191276565194, -0.00925410538912, 0.0124627426267, -0.0416148863733, -0.0284831486642, -0.183780699968, 0.528330147266]]
    },
    "melbands": {
        "max": [0.00117824575864, 0.000436391041148, 0.000483815209009, 0.000702244520653, 0.0012109701056, 0.00132670684252, 0.00132064393256, 0.00142964173574, 0.00114867219236, 0.00270679127425, 0.00389788066968, 0.00190606073011, 0.0081039397046, 0.00646287109703, 0.003934239503, 0.00567272026092, 0.00928910914809, 0.00752399722114, 0.00531200040132, 0.00412771571428, 0.00537679158151, 0.00366470124573, 0.00222742790356, 0.00159200152848, 0.00261554424651, 0.00103804247919, 0.000385016581276, 0.000366475986084, 0.000303023261949, 0.000302608212223, 0.00021802248375, 0.000221093650907, 0.000267870724201, 0.000251629244303, 0.000166212310432, 0.00011949306645, 6.5446816734e-05, 5.3696858231e-05, 4.33716340922e-05, 3.45478038071e-05],
        "mean": [2.6778125175e-05, 8.43111320137e-06, 8.85073859536e-06, 1.10052014861e-05, 1.21761013361e-05, 1.55496527441e-05, 1.71645260707e-05, 2.025658614e-05, 2.76631526503e-05, 4.42127347924e-05, 4.48332066298e-05, 3.60228550562e-05, 7.26609505364e-05, 6.96004717611e-05, 6.59787619952e-05, 8.5951469373e-05, 0.000101577177702, 8.22707588668e-05, 8.73680110089e-05, 7.58620008128e-05, 9.09090304049e-05, 6.88385771355e-05, 4.24586251029e-05, 2.44802358793e-05, 1.82891635632e-05, 9.30085479922e-06, 6.12518078924e-06, 5.80982759857e-06, 5.89021510677e-06, 5.61530077903e-06, 4.21337472289e-06, 3.31309774992e-06, 3.05272260448e-06, 3.08777225655e-06, 2.48698711403e-06, 1.45054605127e-06, 1.09969641926e-06, 8.89947841642e-07, 6.52381970667e-07, 4.62235931309e-07],
        "min": [2.95762787421e-25, 9.48592715361e-25, 5.73811999039e-25, 7.600042747e-25, 6.53905342569e-25, 8.8901872866e-25, 1.09857252838e-24, 1.24173658319e-24, 8.45020504709e-25, 1.05500492388e-24, 1.19643289304e-24, 1.77719022071e-24, 1.8492370844e-24, 2.08603636485e-24, 2.55319229874e-24, 2.68519811326e-24, 1.92943327567e-24, 2.20045925865e-24, 2.75127783584e-24, 2.48325327139e-24, 3.13900297076e-24, 3.25945867833e-24, 2.70102759339e-24, 3.5968921556e-24, 3.27092733538e-24, 2.95701808473e-24, 2.64496246e-24, 4.23694865055e-24, 3.97916783938e-24, 4.12458527536e-24, 2.75186257899e-24, 3.93048999393e-24, 3.36061924258e-24, 5.39828640382e-24, 4.28581266717e-24, 4.85076487077e-24, 4.91311604229e-24, 5.5603152783e-24, 5.87175046394e-24, 5.30386212004e-24],
        "stdev": [0.000129965847009, 4.08408450312e-05, 4.42104283138e-05, 5.99689519731e-05, 7.27984370315e-05, 9.08715664991e-05, 0.000105897692265, 0.000114050519187, 0.000126557992189, 0.000209167250432, 0.000263688503765, 0.000184692515177, 0.00047866080422, 0.000402575591579, 0.000356156902853, 0.000474660715554, 0.000618186430074, 0.000502344162669, 0.000470146391308, 0.000406394392485, 0.000506752869114, 0.000371273781639, 0.000229669094551, 0.000138254254125, 0.000132594606839, 5.7977365941e-05, 3.22593004967e-05, 3.15985598718e-05, 3.10118812195e-05, 2.96930611512e-05, 2.28711269301e-05, 1.91715862456e-05, 1.80908991751e-05, 1.79218004632e-05, 1.41405462273e-05, 8.39252425067e-06, 5.79190373173e-06, 4.64585764348e-06, 3.75687363885e-06, 2.60231740867e-06]
    },
    "melbands128": {
        "max": [0.00250659696758, 0.00162553309929, 0.000908988178708, 0.000636714335997, 0.000562474830076, 0.000358667224646, 0.000309436582029, 0.000679647026118, 0.00124920916278, 0.000977122457698, 0.000909502501599, 0.00136314134579, 0.00137487647589, 0.00109098840039, 0.000785622745752, 0.00206338660792, 0.00193459785078, 0.00193502986804, 0.00114997569472, 0.001886124257, 0.00125647801906, 0.00244888686575, 0.00130387488753, 0.00167673244141, 0.00449588010088, 0.00253738486208, 0.00531583838165, 0.00412578135729, 0.00426805717871, 0.00199974072166, 0.0027042478323, 0.00373146659695, 0.00854272954166, 0.0148748559877, 0.00831190682948, 0.00617260625586, 0.00334176165052, 0.00423033069819, 0.00424819393083, 0.00777652766556, 0.00809801183641, 0.00519791338593, 0.0161484982818, 0.0104226116091, 0.00700142793357, 0.0110200438648, 0.00498872809112, 0.00706109823659, 0.00710320053622, 0.00446754088625, 0.00488020759076, 0.00630949856713, 0.00739456480369, 0.00619842391461, 0.00762090133503, 0.00362214562483, 0.00349053251557, 0.00353324739262, 0.00210008258, 0.00212947232649, 0.00167942524422, 0.00184400600847, 0.00322953984141, 0.0027251325082, 0.00178568356205, 0.00117467017844, 0.000483192387037, 0.00036426531733, 0.000528303033207, 0.000335972377798, 0.000549196556676, 0.00032680563163, 0.000322689505992, 0.000368716719095, 0.000496368389577, 0.000502611335833, 0.00025996399927, 0.000278559658909, 0.000289126386633, 0.000295794190606, 0.000300979270833, 0.000264017580776, 0.000195972315851, 0.000323687214404, 0.000367667147657, 0.00027407813468, 0.000212355560507, 0.000196659209905, 0.000222367452807, 0.000158095761435, 0.000273089506663, 8.3728977188e-05, 5.6487355323e-05, 7.36057627364e-05, 8.17934705992e-05, 4.89545127493e-05, 6.34547250229e-05, 4.94736341352e-05, 4.39044524683e-05, 5.77068931307e-05, 2.90444913844e-05, 3.63584367733e-05, 2.63363690465e-05, 3.35314616677e-05, 1.55538891704e-05, 1.43269435284e-05, 1.19977476061e-05, 1.22257224575e-05, 9.6739613582e-06, 1.03592728919e-05, 6.40005828245e-06, 4.24778090746e-06, 1.68025337643e-06, 1.14526199013e-06, 9.92184709503e-07, 9.50746112949e-08, 7.45762491761e-08, 7.50646194092e-08, 6.48096474265e-08, 5.77180117034e-08, 4.64871021677e-08, 4.24423163281e-08, 3.25845306293e-08, 2.97846298736e-08, 2.46487079636e-08, 3.38310819359e-08, 2.55263206128e-08, 5.63601290082e-08],
        "mean": [5.19553104823e-05, 3.20886647387e-05, 1.80557635758e-05, 1.29705131258e-05, 7.5538296187e-06, 5.33618867848e-06, 7.0918918027e-06, 1.04682976598e-05, 1.07100322566e-05, 1.1006929526e-05, 1.0548949831e-05, 1.29982927319e-05, 1.26389022626e-05, 1.14665408546e-05, 1.21035200209e-05, 1.98124380404e-05, 2.20393703785e-05, 1.45328194776e-05, 1.39624271469e-05, 1.95783250092e-05, 2.20460005949e-05, 2.57525007328e-05, 2.5046774681e-05, 3.28267342411e-05, 4.87376055389e-05, 4.15611939388e-05, 4.97251203342e-05, 4.39309915237e-05, 4.63092765131e-05, 3.29643153236e-05, 3.02259049931e-05, 4.50376392109e-05, 7.47068334022e-05, 9.92275017779e-05, 7.19067102182e-05, 6.21910439804e-05, 6.00960775046e-05, 6.7044813477e-05, 6.333058991e-05, 8.52030061651e-05, 8.54640311445e-05, 9.30379828787e-05, 0.000119629134133, 9.35866846703e-05, 8.19449778646e-05, 8.29244891065e-05, 7.35899666324e-05, 0.000103111960925, 8.63541426952e-05, 7.01859462424e-05, 6.6774620791e-05, 8.73339085956e-05, 0.00010221436969, 8.14875093056e-05, 9.07584908418e-05, 6.53931128909e-05, 5.5390279158e-05, 5.17161170137e-05, 3.71768219338e-05, 2.55993818428e-05, 2.30781170103e-05, 2.42481710302e-05, 2.20850433834e-05, 1.64488847076e-05, 1.21465700431e-05, 9.69558641373e-06, 7.21281139704e-06, 6.23427013124e-06, 6.01116062171e-06, 5.22973732586e-06, 6.71401176078e-06, 5.07733420818e-06, 5.96174868406e-06, 5.64663969271e-06, 6.50711945127e-06, 6.38939627606e-06, 4.71079829367e-06, 4.44141232947e-06, 4.22918810727e-06, 3.91191588278e-06, 3.69374333786e-06, 2.69625797955e-06, 3.26345434587e-06, 3.07258642351e-06, 2.81931193058e-06, 3.25207588503e-06, 3.15910551762e-06, 2.94627602671e-06, 2.69585871138e-06, 1.86343822861e-06, 1.76729122359e-06, 1.26824920699e-06, 1.04085529529e-06, 1.1727436231e-06, 1.08736639959e-06, 9.58051259659e-07, 9.02069757558e-07, 6.91502918926e-07, 6.53025153952e-07, 6.59361887756e-07, 5.00989074226e-07, 4.05618010291e-07, 4.42234380671e-07, 4.06899459904e-07, 2.71726236178e-07, 2.25418219202e-07, 1.85541182418e-07, 1.72357928818e-07, 1.60902033031e-07, 1.33163453597e-07, 7.26082802771e-08, 4.50227233273e-08, 2.62049404398e-08, 5.69459901456e-09, 2.85649659482e-09, 7.30255023118e-10, 6.43173736492e-10, 6.747155612e-10, 5.7409710319e-10, 5.54527979091e-10, 4.44423609025e-10, 3.70826175322e-10, 2.6403484954e-10, 2.49671228136e-10, 1.92871094096e-10, 2.31256860883e-10, 1.99704114356e-10, 2.50338888508e-10],
        "min": [2.08767015741e-26, 1.94708287978e-25, 1.76450114653e-25, 1.46710231089e-25, 2.38014520678e-25, 4.72767002905e-25, 2.16260941659e-25, 9.26654875692e-26, 1.21556587614e-25, 2.42570143101e-25, 8.82054035965e-26, 2.13525665078e-25, 1.61035131615e-25, 2.23175701924e-25, 9.61679806845e-26, 2.67992023937e-25, 1.50852391791e-25, 1.09736369765e-25, 3.30200806062e-25, 2.82591694577e-25, 2.91332150147e-25, 3.82418664822e-25, 4.21183634831e-25, 4.70684459419e-25, 7.2139717548e-25, 4.21521661729e-25, 4.40280379625e-25, 5.75071514082e-25, 5.43579644404e-25, 2.39902363431e-25, 6.72088389219e-25, 3.90075693895e-25, 6.26220762138e-25, 7.38801419201e-25, 5.99827349794e-25, 6.87597394616e-25, 5.16708971212e-25, 5.9481256102e-25, 6.90680657464e-25, 7.33163726135e-25, 5.90057110268e-25, 1.05545210941e-24, 7.27087722227e-25, 8.2832386922e-25, 6.2072215511e-25, 9.66252944447e-25, 5.47834119177e-25, 1.15513385529e-24, 7.28134146218e-25, 1.18753572532e-24, 6.46570513872e-25, 1.25887961534e-24, 9.93924114242e-25, 1.30301677742e-24, 1.31213768581e-24, 1.34764401933e-24, 1.93002314641e-24, 1.57141683966e-24, 1.48218040102e-24, 1.15966359321e-24, 1.46927000205e-24, 1.45753510444e-24, 1.13890067558e-24, 1.53463146679e-24, 1.17179469621e-24, 1.19695107605e-24, 2.03892223893e-24, 1.55954438443e-24, 1.14291301936e-24, 1.73337294173e-24, 2.30268301019e-24, 2.30499240049e-24, 2.70570356641e-24, 1.7228229132e-24, 1.38127513187e-24, 2.5107509904e-24, 1.92917176828e-24, 2.21749944306e-24, 1.60821089e-24, 2.10012739277e-24, 2.43829806056e-24, 2.09383602984e-24, 2.34562721736e-24, 2.26399096051e-24, 2.79275022578e-24, 1.87131256797e-24, 3.62082185673e-24, 2.47069105591e-24, 2.3858147501e-24, 3.01648143369e-24, 2.72092128492e-24, 3.12523064264e-24, 3.50634748976e-24, 2.44100858663e-24, 3.13331015604e-24, 3.15958297127e-24, 3.61768652906e-24, 3.35478009416e-24, 3.34397822179e-24, 4.1000568288e-24, 4.06479790178e-24, 4.36593214171e-24, 4.25424679248e-24, 4.01143461699e-24, 4.16630655091e-24, 3.69375283628e-24, 3.5978234059e-24, 3.65109597169e-24, 3.47098561639e-24, 3.96483542002e-24, 3.81362616728e-24, 3.89180425514e-24, 4.16207865089e-24, 4.07326750689e-24, 3.78281483805e-24, 3.51979441275e-24, 4.23822660521e-24, 4.61807654171e-24, 4.94909204387e-24, 4.45585281858e-24, 5.57186420196e-24, 4.93154935506e-24, 3.61909977337e-24, 4.49317737788e-24, 5.10838514874e-24, 4.87849530374e-24, 4.87432735715e-24, 4.86672273802e-24],
        "stdev": [0.000252677564276, 0.000167486738064, 8.87717324076e-05, 6.4080581069e-05, 4.10684078815e-05, 2.69954198302e-05, 3.32685922331e-05, 5.61459455639e-05, 7.38465387258e-05, 7.24732017261e-05, 5.88645707467e-05, 8.33792073536e-05, 8.28076372272e-05, 7.12167020538e-05, 6.59946963424e-05, 0.000135093476274, 0.000151582949911, 0.000107440566353, 8.50856231409e-05, 0.000131574794068, 0.000120311575301, 0.000166252008057, 0.000126733444631, 0.000162116630236, 0.000266091665253, 0.000218217755901, 0.00032252407982, 0.00028660040698, 0.000295020028716, 0.000178011061507, 0.000184868709766, 0.000264064467046, 0.000509934674483, 0.000788218458183, 0.000479688926134, 0.000371642323444, 0.000326289184159, 0.000373418995878, 0.000355985568604, 0.000564785383176, 0.000551889184862, 0.000488580146339, 0.00085216370644, 0.0006297052023, 0.000506466138177, 0.000628660258371, 0.000418632291257, 0.000614261138253, 0.00051372643793, 0.000388206390198, 0.000369935180061, 0.000519884750247, 0.00061008753255, 0.000486971111968, 0.000558033119887, 0.000354932708433, 0.000304758053971, 0.000309732655296, 0.000208010489587, 0.000156843903824, 0.000135761787533, 0.000147956598084, 0.000170086976141, 0.000131810447783, 9.0477791673e-05, 6.3197563577e-05, 4.29234896728e-05, 3.4372376831e-05, 3.43057618011e-05, 2.80457661574e-05, 4.11585097027e-05, 2.8493876016e-05, 3.25212604366e-05, 3.10820360028e-05, 3.83908954973e-05, 3.71251371689e-05, 2.43008216785e-05, 2.4610581022e-05, 2.37943131651e-05, 2.37197400565e-05, 2.34028611885e-05, 1.62475971592e-05, 1.81514460564e-05, 2.00283247977e-05, 1.94372150872e-05, 2.0091618353e-05, 1.80286006071e-05, 1.64320372278e-05, 1.58859238581e-05, 1.1561906831e-05, 1.37051092679e-05, 6.76363788443e-06, 5.49449396203e-06, 6.57949067318e-06, 5.87410386288e-06, 4.99678026245e-06, 4.93986726724e-06, 3.73092416339e-06, 3.80532083e-06, 4.46541298516e-06, 2.95738686873e-06, 2.30702448789e-06, 2.42007490669e-06, 2.45263481702e-06, 1.43767465488e-06, 1.21198274883e-06, 1.00971988104e-06, 9.57136649049e-07, 9.11292431738e-07, 7.90917908944e-07, 4.540273153e-07, 2.73697594366e-07, 1.54191155843e-07, 5.86463748675e-08, 4.33651408116e-08, 6.54535670108e-09, 5.5765183582e-09, 5.88102100352e-09, 5.01849717338e-09, 4.90377516371e-09, 3.91061760752e-09, 3.35558891784e-09, 2.44033393493e-09, 2.36898656247e-09, 1.79453074622e-09, 2.15375384194e-09, 1.82099024748e-09, 2.76767075924e-09]
    },
    "mfcc": {
        "mean": [-1203.82421875, 5.40909528732, -4.9865231514, -0.885191977024, 0.16023015976, 1.13975095749, -0.248164445162, 0.658238172531, 0.331639736891, 0.306504040956, 0.104723393917, 0.31643307209, -0.207921952009],
        "cov": [[40879.8125, 3373.99291992, -3204.28930664, -514.643737793, 108.952224731, 676.536682129, -231.83543396, 419.208831787, 220.290344238, 178.66317749, 54.6663780212, 231.304794312, -98.5383377075], [3373.99291992, 323.480163574, -281.096618652, -53.9338607788, 7.52795219421, 69.0833435059, -8.63992881775, 36.6329498291, 17.9969387054, 19.5182170868, 6.13671445847, 15.8557767868, -15.6011781693], [-3204.28930664, -281.096618652, 266.975280762, 46.2070960999, -9.2861661911, -58.9353065491, 14.2563486099, -35.850402832, -17.3440933228, -14.232008934, -6.14708805084, -17.9561405182, 11.6635246277], [-514.643737793, -53.9338607788, 46.2070960999, 14.1269016266, -1.46857857704, -13.2524766922, -0.0989794284105, -5.05391836166, -2.58486199379, -3.77699232101, -0.401987850666, -1.62602484226, 2.55368828773], [108.952224731, 7.52795219421, -9.2861661911, -1.46857857704, 4.35171079636, 2.07308602333, -1.86931669712, 0.964854419231, 2.05074977875, -0.239822968841, -1.44366765022, 0.54968380928, 0.28369808197], [676.536682129, 69.0833435059, -58.9353065491, -13.2524766922, 2.07308602333, 17.9656448364, -0.761958479881, 7.32086896896, 3.88436174393, 4.76152181625, 1.22184038162, 2.27075409889, -3.47109222412], [-231.83543396, -8.63992881775, 14.2563486099, -0.0989794284105, -1.86931669712, -0.761958479881, 7.49421167374, -1.24282741547, -1.78863298893, 0.527034759521, 0.339559853077, -3.22861862183, -2.13153219223], [419.208831787, 36.6329498291, -35.850402832, -5.05391836166, 0.964854419231, 7.32086896896, -1.24282741547, 7.35635328293, 2.22289204597, 1.97195518017, 1.67167556286, 2.8885216713, -2.65369391441], [220.290344238, 17.9969387054, -17.3440933228, -2.58486199379, 2.05074977875, 3.88436174393, -1.78863298893, 2.22289204597, 4.89183473587, 2.32788419724, -0.239048495889, 1.50137495995, -0.302630186081], [178.66317749, 19.5182170868, -14.232008934, -3.77699232101, -0.239822968841, 4.76152181625, 0.527034759521, 1.97195518017, 2.32788419724, 4.76721811295, 1.49373090267, -0.040741506964, -1.20637428761], [54.6663780212, 6.13671445847, -6.14708805084, -0.401987850666, -1.44366765022, 1.22184038162, 0.339559853077, 1.67167556286, -0.239048495889, 1.49373090267, 4.44735574722, 0.827625393867, -1.13154733181], [231.304794312, 15.8557767868, -17.9561405182, -1.62602484226, 0.54968380928, 2.27075409889, -3.22861862183, 2.8885216713, 1.50137495995, -0.040741506964, 0.827625393867, 4.28231573105, -0.089666493237], [-98.5383377075, -15.6011781693, 11.6635246277, 2.55368828773, 0.28369808197, -3.47109222412, -2.13153219223, -2.65369391441, -0.302630186081, -1.20637428761, -1.13154733181, -0.089666493237, 4.04501533508]],
        "icov": [[0.000885379151441, -0.00310516729951, 0.00938625168055, -0.0051077217795, 0.0025117455516, 0.0050417711027, 0.00590622192249, -5.66686685488e-05, 0.00191125157289, -0.00643994053826, 0.00518319848925, 0.000701018550899, -0.00733485724777], [-0.00310516729951, 0.0906191840768, 0.0390948355198, 0.00808631256223, 0.0193048324436, -0.0951391011477, -0.0514143146574, 0.0439059771597, 0.0156085565686, -0.0471319444478, 0.0277037564665, -0.0310472100973, 0.0689223408699], [0.00938625168055, 0.0390948355198, 0.206977337599, -0.107985697687, 0.0435464903712, 0.0469494685531, -0.0127372257411, 0.132026731968, 0.0644343495369, -0.152141720057, 0.102777734399, 0.00116738514043, -0.0438340231776], [-0.0051077217795, 0.00808631256223, -0.107985697687, 0.328035056591, 0.0120589435101, 0.0949470028281, 0.0616599544883, -0.122678130865, -0.0903346389532, 0.13240866363, -0.0938277319074, 0.0471903420985, 0.0512062646449], [0.0025117455516, 0.0193048324436, 0.0435464903712, 0.0120589435101, 0.414732068777, -0.0527074150741, 0.098303347826, -0.0388037376106, -0.175010323524, 0.100754842162, 0.098734870553, 0.0982889309525, 0.00124958227389], [0.0050417711027, -0.0951391011477, 0.0469494685531, 0.0949470028281, -0.0527074150741, 0.45610165596, 0.0229134596884, -0.00235306494869, -0.000839892949443, -0.0508522279561, -0.0147170778364, 0.098214738071, -0.0509918369353], [0.00590622192249, -0.0514143146574, -0.0127372257411, 0.0616599544883, 0.098303347826, 0.0229134596884, 0.401952266693, -0.10984993726, -0.0144686559215, 0.0167836863548, 0.00582536216825, 0.200053602457, 0.105877697468], [-5.66686685488e-05, 0.0439059771597, 0.132026731968, -0.122678130865, -0.0388037376106, -0.00235306494869, -0.10984993726, 0.60105073452, 0.0492448359728, -0.0949346572161, -0.0128048174083, -0.146628215909, 0.170387908816], [0.00191125157289, 0.0156085565686, 0.0644343495369, -0.0903346389532, -0.175010323524, -0.000839892949443, -0.0144686559215, 0.0492448359728, 0.492198616266, -0.32472974062, 0.120620138943, -0.145649060607, -0.0152757195756], [-0.00643994053826, -0.0471319444478, -0.152141720057, 0.13240866363, 0.100754842162, -0.0508522279561, 0.0167836863548, -0.0949346572161, -0.32472974062, 0.624439299107, -0.232224807143, 0.190366476774, 0.0134893553331], [0.00518319848925, 0.0277037564665, 0.102777734399, -0.0938277319074, 0.098734870553, -0.0147170778364, 0.00582536216825, -0.0128048174083, 0.120620138943, -0.232224807143, 0.405979514122, -0.101548582315, 0.0221965853125], [0.000701018550899, -0.0310472100973, 0.00116738514043, 0.0471903420985, 0.0982889309525, 0.098214738071, 0.200053602457, -0.146628215909, -0.145649060607, 0.190366476774, -0.101548582315, 0.590570747852, -0.018654063344], [-0.00733485724777, 0.0689223408699, -0.0438340231776, 0.0512062646449, 0.00124958227389, -0.0509918369353, 0.105877697468, 0.170387908816, -0.0152757195756, 0.0134893553331, 0.0221965853125, -0.018654063344, 0.560833692551]]
    },
    "spectral_contrast_coeffs": {
        "max": [-0.633160293102, -0.653272032738, -0.658159077168, -0.71156257391, -0.63629668951, -0.67622256279],
        "mean": [-0.946386277676, -0.948319077492, -0.945029497147, -0.946332454681, -0.943632483482, -0.940526783466],
        "min": [-0.98586332798, -0.985134959221, -0.980243265629, -0.975685715675, -0.969724595547, -0.965492784977],
        "stdev": [0.0566281713545, 0.0505010075867, 0.0526345036924, 0.0496022850275, 0.0558581091464, 0.0623993724585]
    },
    "spectral_contrast_valleys": {
        "max": [-6.11407136917, -4.71543216705, -4.60073041916, -4.24345064163, -4.78399658203, -7.50028276443],
        "mean": [-25.4420127869, -25.3421287537, -25.3463954926, -25.2904644012, -25.351524353, -25.6008586884],
        "min": [-28.1795253754, -27.9392471313, -27.9564971924, -27.8097343445, -27.5930423737, -27.4371643066],
        "stdev": [5.60229682922, 5.88637065887, 6.01253318787, 6.12026309967, 5.97904157639, 5.21379041672]
    }
},
"rhythm": {
    "beats_count": 21,
    "beats_loudness": {
        "max": 0.0621759556234,
        "mean": 0.00310241966508,
        "min": 0,
        "stdev": 0.0132243903354
    },
    "bpm": 99.4123001099,
    "bpm_histogram_first_peak_bpm": 98,
    "bpm_histogram_first_peak_weight": 0.384615361691,
    "bpm_histogram_second_peak_bpm": 108,
    "bpm_histogram_second_peak_spread": 0.428571462631,
    "bpm_histogram_second_peak_weight": 0.20000000298,
    "danceability": 1.29660201073,
    "onset_rate": 0.626990437508,
    "beats_loudness_band_ratio": {
        "max": [0.0468144491315, 0.0323795825243, 0.0979726463556, 0.601538300514, 0.461932629347, 0.183760881424],
        "mean": [0.00322954775766, 0.00210451264866, 0.00847560819238, 0.037400085479, 0.0354084260762, 0.00991109199822],
        "min": [0, 0, 0, 0, 0, 0],
        "stdev": [0.0107211796567, 0.00722109153867, 0.0262701194733, 0.132067814469, 0.11262588203, 0.0392180941999]
    },
    "beats_position": [0.580498874187, 1.17260766029, 1.764716506, 2.35682535172, 2.96054410934, 3.50621318817, 4.05188179016, 4.60916090012, 5.16644001007, 5.72371864319, 6.28099775314, 6.82666635513, 7.4303855896, 8.0224943161, 8.6146030426, 9.22993183136, 9.84526062012, 10.4605894089, 11.0759181976, 11.6912469864, 12.294965744],
    "bpm_histogram": [0, 0, 0, 0, 0, 0, 0, 0, 0, 0, 0, 0, 0, 0, 0, 0, 0, 0, 0, 0, 0, 0, 0, 0, 0, 0, 0, 0, 0, 0, 0, 0, 0, 0, 0, 0, 0, 0, 0, 0, 0, 0, 0, 0, 0, 0, 0, 0, 0, 0, 0, 0, 0, 0, 0, 0, 0, 0, 0, 0, 0, 0, 0, 0, 0, 0, 0, 0, 0, 0, 0, 0, 0, 0, 0, 0, 0, 0, 0, 0, 0, 0, 0, 0, 0, 0, 0, 0, 0, 0, 0, 0, 0, 0, 0, 0, 0, 0, 0.25, 0.15000000596, 0, 0.25, 0, 0, 0, 0, 0, 0, 0.20000000298, 0, 0.15000000596, 0, 0, 0, 0, 0, 0, 0, 0, 0, 0, 0, 0, 0, 0, 0, 0, 0, 0, 0, 0, 0, 0, 0, 0, 0, 0, 0, 0, 0, 0, 0, 0, 0, 0, 0, 0, 0, 0, 0, 0, 0, 0, 0, 0, 0, 0, 0, 0, 0, 0, 0, 0, 0, 0, 0, 0, 0, 0, 0, 0, 0, 0, 0, 0, 0, 0, 0, 0, 0, 0, 0, 0, 0, 0, 0, 0, 0, 0, 0, 0, 0, 0, 0, 0, 0, 0, 0, 0, 0, 0, 0, 0, 0, 0, 0, 0, 0, 0, 0, 0, 0, 0, 0, 0, 0, 0, 0, 0, 0, 0, 0, 0, 0, 0, 0, 0, 0, 0, 0, 0, 0, 0, 0, 0, 0, 0, 0, 0, 0, 0, 0, 0, 0, 0, 0, 0, 0, 0, 0]
},
"tonal": {
    "chords_changes_rate": 0.0253623183817,
    "chords_number_rate": 0.0108695654199,
    "chords_strength": {
        "max": 0.703205704689,
        "mean": -0.773026645184,
        "min": -1,
        "stdev": 0.515157520771
    },
    "hpcp_crest": {
        "max": 22.5383586884,
