{
"metadata": {
    "version": {
        "essentia": "2.1-beta5",
        "essentia_git_sha": "Undefined",
        "extractor": "music 2.0"
    },
    "audio_properties": {
        "analysis": {
            "equal_loudness": 0,
            "length": 12.7477550507,
            "sample_rate": 44100,
            "start_time": 0,
            "downmix": "mix"
        },
        "bit_rate": 192000,
        "length": 184.993392944,
        "lossless": 0,
        "number_channels": 2,
        "replay_gain": -11.2034320831,
        "sample_rate": 48000,
        "codec": "mp3",
        "md5_encoded": "873a1270730207850fe01a282ccd8149"
    },
    "tags": {
        "file_name": "Germany_Viel Zu Weit_Münchener Freiheit.mp3",
        "encoding": ["Lavf58.29.100"]
    }
},
"lowlevel": {
    "average_loudness": 0.29157936573,
    "barkbands_crest": {
        "max": 23.8997535706,
        "mean": 7.96188640594,
        "min": 2.43558859825,
        "stdev": 3.43011641502
    },
    "barkbands_flatness_db": {
        "max": 0.277924388647,
        "mean": 0.103774830699,
        "min": 0.0462198629975,
        "stdev": 0.0291198249906
    },
    "barkbands_kurtosis": {
        "max": 122.143257141,
        "mean": 2.15898680687,
        "min": -1.76843988895,
        "stdev": 7.37761116028
    },
    "barkbands_skewness": {
        "max": 10.4058074951,
        "mean": 1.16889035702,
        "min": -2.24672317505,
        "stdev": 1.16091537476
    },
    "barkbands_spread": {
        "max": 115.365623474,
        "mean": 34.1753883362,
        "min": 2.67508196831,
        "stdev": 17.1109523773
    },
    "dissonance": {
        "max": 0.499966710806,
        "mean": 0.479237049818,
        "min": 0.28454041481,
        "stdev": 0.0178212933242
    },
    "dynamic_complexity": 17.3013439178,
    "erbbands_crest": {
        "max": 20.0367736816,
        "mean": 6.33078956604,
        "min": 2.55450105667,
        "stdev": 2.6396985054
    },
    "erbbands_flatness_db": {
        "max": 0.286099970341,
        "mean": 0.129148036242,
        "min": 0.0690968707204,
        "stdev": 0.0434367060661
    },
    "erbbands_kurtosis": {
        "max": 8.35897636414,
        "mean": -0.111332118511,
        "min": -1.57429122925,
        "stdev": 1.18584656715
    },
    "erbbands_skewness": {
        "max": 1.83625507355,
        "mean": 0.047134205699,
        "min": -1.70195686817,
        "stdev": 0.480317950249
    },
    "erbbands_spread": {
        "max": 116.500144958,
        "mean": 45.1842155457,
        "min": 5.06020784378,
        "stdev": 20.248046875
    },
    "hfc": {
        "max": 73.945350647,
        "mean": 12.7977933884,
        "min": 8.16740794107e-06,
        "stdev": 17.000289917
    },
    "loudness_ebu128": {
        "integrated": -11.0607891083,
        "loudness_range": 17.3378181458,
        "momentary": {
            "max": -8.73664093018,
            "mean": -26.9914264679,
            "min": -44.7852935791,
            "stdev": 14.5598649979
        },
        "short_term": {
            "max": -9.96492385864,
            "mean": -25.4469394684,
            "min": -42.0218429565,
            "stdev": 13.1070222855
        }
    },
    "melbands_crest": {
        "max": 30.9813632965,
        "mean": 13.12748909,
        "min": 3.19841384888,
        "stdev": 6.52420425415
    },
    "melbands_flatness_db": {
        "max": 0.380203217268,
        "mean": 0.150618180633,
        "min": 0.03643457219,
        "stdev": 0.0454479269683
    },
    "melbands_kurtosis": {
        "max": 382.290863037,
        "mean": 12.1407852173,
        "min": -1.54038727283,
        "stdev": 24.3458518982
    },
    "melbands_skewness": {
        "max": 15.2259483337,
        "mean": 2.52208995819,
        "min": -1.51564955711,
        "stdev": 1.82305145264
    },
    "melbands_spread": {
        "max": 84.6582946777,
        "mean": 30.7644634247,
        "min": 1.0639308691,
        "stdev": 14.6297426224
    },
    "pitch_salience": {
        "max": 0.976892352104,
        "mean": 0.601069271564,
        "min": 0.116938821971,
        "stdev": 0.122804962099
    },
    "silence_rate_20dB": {
        "max": 1,
        "mean": 1,
        "min": 1,
        "stdev": 0
    },
    "silence_rate_30dB": {
        "max": 1,
        "mean": 1,
        "min": 1,
        "stdev": 0
    },
    "silence_rate_60dB": {
        "max": 1,
        "mean": 0.578181803226,
        "min": 0,
        "stdev": 0.493850201368
    },
    "spectral_centroid": {
        "max": 3604.64331055,
        "mean": 1741.74621582,
        "min": 220.127929688,
        "stdev": 590.976806641
    },
    "spectral_complexity": {
        "max": 50,
        "mean": 13.4309091568,
        "min": 0,
        "stdev": 15.9817533493
    },
    "spectral_decrease": {
        "max": -8.06354401721e-16,
        "mean": -4.18302459337e-09,
        "min": -3.38629710939e-08,
        "stdev": 5.87249671113e-09
    },
    "spectral_energy": {
        "max": 0.133270680904,
        "mean": 0.0169484987855,
        "min": 3.78417741587e-09,
        "stdev": 0.0236186180264
    },
    "spectral_energyband_high": {
        "max": 0.00359671469778,
        "mean": 0.000322898151353,
        "min": 4.77013539779e-10,
        "stdev": 0.000547886593267
    },
    "spectral_energyband_low": {
        "max": 0.0822615027428,
        "mean": 0.00455880723894,
        "min": 6.59277103396e-13,
        "stdev": 0.00779855065048
    },
    "spectral_energyband_middle_high": {
        "max": 0.0217829886824,
        "mean": 0.00406963611022,
        "min": 2.99245761504e-09,
        "stdev": 0.00522662792355
    },
    "spectral_energyband_middle_low": {
        "max": 0.068641461432,
        "mean": 0.00845798198134,
        "min": 3.46202316814e-10,
        "stdev": 0.0131011223421
    },
    "spectral_entropy": {
        "max": 8.7318649292,
        "mean": 7.99920654297,
        "min": 7.06979608536,
        "stdev": 0.32414996624
    },
    "spectral_flux": {
        "max": 0.283107221127,
        "mean": 0.0436286441982,
        "min": 6.15156677668e-05,
        "stdev": 0.0499250665307
    },
    "spectral_kurtosis": {
        "max": 11.5711097717,
        "mean": 3.01663088799,
        "min": -1.13884305954,
        "stdev": 1.94391942024
    },
    "spectral_rms": {
        "max": 0.0114026386291,
        "mean": 0.00269340304658,
        "min": 1.9214267013e-06,
        "stdev": 0.00304642412812
    },
    "spectral_rolloff": {
        "max": 10228.2714844,
        "mean": 1857.33703613,
        "min": 129.19921875,
        "stdev": 1331.69018555
    },
    "spectral_skewness": {
        "max": 2.58857035637,
        "mean": 1.34428882599,
        "min": 0.391265958548,
        "stdev": 0.267593920231
    },
    "spectral_spread": {
        "max": 22559894,
        "mean": 5404196,
        "min": 1601442.625,
        "stdev": 2153608.75
    },
    "spectral_strongpeak": {
        "max": 5.92387008667,
        "mean": 0.403051584959,
        "min": 0,
        "stdev": 0.746050715446
    },
    "zerocrossingrate": {
        "max": 0.287109375,
        "mean": 0.0841787979007,
        "min": 0.009765625,
        "stdev": 0.0338688343763
    },
    "barkbands": {
        "max": [0.00286662089638, 0.0289061442018, 0.0506041944027, 0.0379420816898, 0.0214500539005, 0.0214590877295, 0.0290304496884, 0.0418244116008, 0.00862971693277, 0.0045727128163, 0.0051589445211, 0.00731418095529, 0.00616529723629, 0.00615355372429, 0.00840865261853, 0.00806235242635, 0.00904194358736, 0.00295236962847, 0.00196290155873, 0.00238543190062, 0.00164233834948, 0.000778971065301, 0.000611832481809, 0.000631704169791, 0.000333280971972, 0.00027195547591, 1.85225610494e-06],
        "mean": [0.000159683579113, 0.00304143340327, 0.000915556796826, 0.000961778801866, 0.00195136829279, 0.00219808751717, 0.00154931563884, 0.000987373641692, 0.000723565462977, 0.000301605148707, 0.000484282529214, 0.000459028815385, 0.000396621820983, 0.000551771372557, 0.000440457399236, 0.000578849110752, 0.000422228215029, 0.000215847336221, 0.000198145047761, 0.000158392358571, 0.000104544844362, 6.0262678744e-05, 3.93711598008e-05, 2.83276367554e-05, 1.24062407849e-05, 8.19572051114e-06, 6.62042154431e-09],
        "min": [1.52822124801e-14, 7.0827959925e-14, 3.01544352639e-13, 7.15490600794e-13, 3.57454907687e-12, 1.77033366265e-12, 7.27891184826e-12, 6.08994105145e-11, 2.09127978823e-10, 2.19754131559e-10, 3.62772395457e-10, 7.15027703713e-10, 2.79903128453e-10, 3.3419389478e-10, 4.51135684365e-10, 4.48449277712e-10, 6.57284851546e-11, 9.15453823858e-11, 4.6475916865e-11, 1.04312905536e-10, 7.70984942555e-11, 9.45720654566e-11, 9.27996499089e-11, 2.29779320571e-11, 5.36114971861e-11, 3.66406870123e-11, 3.24076117504e-12],
        "stdev": [0.000318702252116, 0.00491037266329, 0.00299114780501, 0.00291420612484, 0.00342864077538, 0.00423420546576, 0.00339706009254, 0.00336912064813, 0.00123656401411, 0.000564864836633, 0.000938035547733, 0.000818694068585, 0.000724467099644, 0.000875068188179, 0.000758714799304, 0.00111938884947, 0.000849300064147, 0.000338110694429, 0.000321259867633, 0.000261753419181, 0.000180692455615, 0.000115558032121, 7.88134348113e-05, 6.56599877402e-05, 2.92912573059e-05, 2.69341944659e-05, 7.99601380663e-08]
    },
    "erbbands": {
        "max": [1.5507106781, 5.67785835266, 40.23777771, 119.607070923, 102.095397949, 104.695625305, 148.894058228, 210.972122192, 273.256713867, 1034.9284668, 782.41809082, 197.430587769, 254.882156372, 194.791885376, 185.140960693, 220.500198364, 204.830307007, 367.209747314, 194.025085449, 348.90814209, 533.710266113, 635.670898438, 138.703262329, 116.022201538, 151.183044434, 61.0510292053, 48.7641448975, 73.7137374878, 31.0847225189, 21.0916557312, 16.9530925751, 14.3641700745, 12.0264854431, 4.18132638931, 1.97827267647, 1.02721524239, 0.685832798481, 0.0781125575304, 0.00131029135082, 0.00017196367844],
        "mean": [0.0849349200726, 0.679912507534, 1.15214061737, 2.30477309227, 4.73352193832, 6.92201280594, 10.2539339066, 19.5144119263, 19.9826335907, 28.6861724854, 19.3740100861, 12.0054674149, 15.9114274979, 16.7753334045, 15.8915147781, 17.3252868652, 17.8693180084, 27.4031009674, 20.7978172302, 26.7961750031, 32.7231369019, 26.6288356781, 13.5946769714, 10.1348876953, 10.4080238342, 6.64186239243, 4.73495912552, 3.83161354065, 2.37356734276, 1.50199043751, 1.05850863457, 0.683514356613, 0.424458831549, 0.176033094525, 0.074768230319, 0.034839309752, 0.0168769285083, 0.00152590777725, 3.72543254343e-05, 2.15659747482e-05],
        "min": [7.75540059689e-13, 2.47287884614e-11, 2.66235367086e-10, 1.4826396777e-09, 6.06647132528e-09, 1.33072060038e-08, 1.89819981955e-08, 1.22718928353e-08, 4.5576403096e-08, 4.50094233884e-07, 1.958150051e-06, 4.62142861579e-06, 6.41578435534e-06, 9.09895970835e-06, 2.03418021556e-05, 2.77688595816e-05, 1.40819965964e-05, 1.66796871781e-05, 1.99012920348e-05, 2.5904208087e-05, 2.03801610041e-05, 3.90679815609e-06, 3.76836828764e-06, 4.99123643749e-06, 1.4333886611e-06, 4.65012635686e-06, 4.29171223004e-06, 2.81286179415e-06, 2.90074217446e-06, 4.08821733799e-06, 2.31254875871e-06, 6.87647798259e-07, 4.20673501367e-07, 5.56091833914e-07, 4.40868149099e-07, 2.87420448331e-07, 3.50004505378e-08, 4.74259564953e-09, 6.6322403125e-10, 3.40340915173e-11],
        "stdev": [0.153069913387, 1.09784305096, 2.6545855999, 7.79341697693, 9.70400810242, 13.3326721191, 20.3456325531, 37.7536087036, 37.0459899902, 89.3747253418, 60.9297714233, 20.4008579254, 28.0528793335, 29.8970069885, 27.0660076141, 28.1950378418, 28.4023017883, 43.0869636536, 32.9709739685, 42.5629882812, 62.5556144714, 55.7495384216, 20.7739543915, 15.7363910675, 18.6000766754, 10.2927236557, 7.49861907959, 7.19424343109, 4.6148352623, 2.88865327835, 2.17373847961, 1.46639311314, 1.06377315521, 0.426878333092, 0.174799099565, 0.0873890891671, 0.0628248825669, 0.00730433734134, 0.000125721067889, 3.03169690596e-05]
    },
    "gfcc": {
        "mean": [-150.496444702, 75.2226409912, -122.924743652, 42.4117889404, -57.7555770874, 30.1881256104, -43.0401992798, 16.9549541473, -25.3917388916, 8.41485500336, -12.2782764435, 4.58993339539, -7.16965055466],
        "cov": [[31210.5605469, 4867.22949219, -3459.24194336, -766.71496582, 363.048461914, -2587.95532227, 366.219512939, -1126.06274414, 1134.96875, -18.6571826935, 81.169380188, -253.199249268, 364.16003418], [4867.22949219, 1272.13635254, -329.013305664, -104.74370575, 67.2280502319, -513.729187012, 90.9648895264, -200.039459229, 176.818008423, -15.5065231323, 34.9523620605, -77.1422576904, 55.049079895], [-3459.24194336, -329.013305664, 1050.94458008, 165.492279053, -58.3024482727, 251.552856445, -21.7640571594, 193.901290894, -221.54119873, 19.9906406403, -31.9121513367, 34.7418327332, -120.819099426], [-766.71496582, -104.74370575, 165.492279053, 151.933410645, -1.09053730965, 71.5898666382, -13.0258331299, 25.9865322113, -34.9633483887, -12.3082923889, -1.86788058281, -3.85028934479, -8.25877475739], [363.048461914, 67.2280502319, -58.3024482727, -1.09053730965, 97.2997055054, -8.48027706146, 13.3384447098, -12.4685773849, 13.4429206848, -0.18366728723, -8.75950717926, -13.2382593155, -7.65078735352], [-2587.95532227, -513.729187012, 251.552856445, 71.5898666382, -8.48027706146, 312.478149414, -18.6102237701, 110.580467224, -105.841072083, -11.8329057693, -1.17821526527, 18.578332901, -33.7050590515], [366.219512939, 90.9648895264, -21.7640571594, -13.0258331299, 13.3384447098, -18.6102237701, 57.3230743408, 1.22281348705, 10.7292995453, 1.47559010983, 5.33089971542, 1.29224967957, 1.40377628803], [-1126.06274414, -200.039459229, 193.901290894, 25.9865322113, -12.4685773849, 110.580467224, 1.22281348705, 91.0274505615, -39.0380020142, 8.37579631805, -2.56836509705, 13.8335428238, -24.8089122772], [1134.96875, 176.818008423, -221.54119873, -34.9633483887, 13.4429206848, -105.841072083, 10.7292995453, -39.0380020142, 109.021842957, 17.2424850464, 7.48991250992, -18.6864566803, 26.6245231628], [-18.6571826935, -15.5065231323, 19.9906406403, -12.3082923889, -0.18366728723, -11.8329057693, 1.47559010983, 8.37579631805, 17.2424850464, 45.1369094849, 11.795674324, 8.79221248627, -1.52097928524], [81.169380188, 34.9523620605, -31.9121513367, -1.86788058281, -8.75950717926, -1.17821526527, 5.33089971542, -2.56836509705, 7.48991250992, 11.795674324, 56.8437576294, 22.6521663666, 21.8989181519], [-253.199249268, -77.1422576904, 34.7418327332, -3.85028934479, -13.2382593155, 18.578332901, 1.29224967957, 13.8335428238, -18.6864566803, 8.79221248627, 22.6521663666, 59.8947868347, 14.1383047104], [364.16003418, 55.049079895, -120.819099426, -8.25877475739, -7.65078735352, -33.7050590515, 1.40377628803, -24.8089122772, 26.6245231628, -1.52097928524, 21.8989181519, 14.1383047104, 59.2709884644]],
        "icov": [[0.00017350683629, -0.000264013768174, 0.000311783718644, -3.2069208828e-05, -0.00014459869999, 0.00072033109609, -0.000304025044898, 8.54465542943e-05, -0.000110109314846, 9.19155791053e-05, 6.82535101078e-05, -0.000207288918318, 0.000320234394167], [-0.000264013768174, 0.00790425669402, -0.00496134068817, 0.00302772969007, -0.00404760055244, 0.00865870155394, -0.00681458273903, 0.0069759786129, -0.0056803044863, 0.00982650928199, -0.00999627821147, 0.00847291015089, -0.00345184816979], [0.000311783718644, -0.00496134068817, 0.00699319504201, -0.00451556779444, 0.00338374776766, -0.00261859083548, 0.00389497750439, -0.00969713181257, 0.00952706765383, -0.00909734331071, 0.00667720707133, -0.00518857175484, 0.00537236966193], [-3.2069208828e-05, 0.00302772969007, -0.00451556779444, 0.0108609907329, -0.00285930279642, 0.00138194940519, -0.00156053656247, 0.00570538779721, -0.00540861068293, 0.00768789090216, -0.00526252761483, 0.00486816465855, -0.00405451329425], [-0.00014459869999, -0.00404760055244, 0.00338374776766, -0.00285930279642, 0.0145196765661, -0.0069496575743, 0.0012584773358, -0.00253897742368, 0.00340764084831, -0.00737305078655, 0.00718113780022, -0.00367476558313, 0.00447989767417], [0.00072033109609, 0.00865870155394, -0.00261859083548, 0.00138194940519, -0.0069496575743, 0.0244832839817, -0.00863147992641, -0.0013558458304, -0.000230016361456, 0.0132663920522, -0.0138896023855, 0.0108724515885, -0.00196826341562], [-0.000304025044898, -0.00681458273903, 0.00389497750439, -0.00156053656247, 0.0012584773358, -0.00863147992641, 0.0271902158856, -0.0112450132146, 0.00514747062698, -0.00778090115637, 0.00676301913336, -0.00790191907436, 0.00269679166377], [8.54465542943e-05, 0.0069759786129, -0.00969713181257, 0.00570538779721, -0.00253897742368, -0.0013558458304, -0.0112450132146, 0.0392718203366, -0.015916004777, 0.00846109911799, -0.00791822932661, 0.00336412200704, -0.000880720559508], [-0.000110109314846, -0.0056803044863, 0.00952706765383, -0.00540861068293, 0.00340764084831, -0.000230016361456, 0.00514747062698, -0.015916004777, 0.0332454927266, -0.0198792312294, 0.00752592878416, 0.00126867822837, -0.000383290695027], [9.19155791053e-05, 0.00982650928199, -0.00909734331071, 0.00768789090216, -0.00737305078655, 0.0132663920522, -0.00778090115637, 0.00846109911799, -0.0198792312294, 0.0453318431973, -0.0196173265576, 0.00607269210741, -0.000953584210947], [6.82535101078e-05, -0.00999627821147, 0.00667720707133, -0.00526252761483, 0.00718113780022, -0.0138896023855, 0.00676301913336, -0.00791822932661, 0.00752592878416, -0.0196173265576, 0.0381752476096, -0.0178550649434, -0.00243306509219], [-0.000207288918318, 0.00847291015089, -0.00518857175484, 0.00486816465855, -0.00367476558313, 0.0108724515885, -0.00790191907436, 0.00336412200704, 0.00126867822837, 0.00607269210741, -0.0178550649434, 0.0341540165246, -0.0111544169486], [0.000320234394167, -0.00345184816979, 0.00537236966193, -0.00405451329425, 0.00447989767417, -0.00196826341562, 0.00269679166377, -0.000880720559508, -0.000383290695027, -0.000953584210947, -0.00243306509219, -0.0111544169486, 0.0312301777303]]
    },
    "melbands": {
        "max": [0.0104452380911, 0.0159471016377, 0.0180292073637, 0.00555532658473, 0.004102404695, 0.00438489764929, 0.00365079776384, 0.0101410755888, 0.00511028431356, 0.00134766928386, 0.00125520268921, 0.000729096005671, 0.000789960147813, 0.00104529527016, 0.000427143299021, 0.000723907898646, 0.000660483667161, 0.000407978717703, 0.000908590562176, 0.000540575187188, 0.000720777898096, 0.000734815606847, 0.000203546631383, 0.000130724074552, 9.29697271204e-05, 9.77524396149e-05, 0.000145188329043, 4.71958737762e-05, 3.70043162548e-05, 5.41774461453e-05, 4.12571062043e-05, 1.98940797418e-05, 1.43243250932e-05, 1.06403895188e-05, 1.05985964183e-05, 8.44283385959e-06, 8.58183648234e-06, 9.9242424767e-06, 6.28515863355e-06, 3.24845927935e-06],
        "mean": [0.000824035145342, 0.000713805900887, 0.000469600403449, 0.000410243315855, 0.000344456755556, 0.000435078487499, 0.000322455656715, 0.000304459681502, 0.000134172238177, 8.54057288961e-05, 7.84738949733e-05, 6.38276469545e-05, 5.86503592785e-05, 5.33515303687e-05, 3.87839136238e-05, 4.90400816489e-05, 4.78928959637e-05, 3.13581840601e-05, 4.00768622058e-05, 3.2974556234e-05, 3.79826415156e-05, 2.81700285996e-05, 1.54315857799e-05, 1.00808147181e-05, 7.90047852206e-06, 7.96852418716e-06, 6.72899022902e-06, 3.93936988985e-06, 3.19813239003e-06, 2.43155318458e-06, 2.05938749787e-06, 1.42358601352e-06, 9.90527496469e-07, 7.58991006933e-07, 6.11657526406e-07, 5.19902300766e-07, 3.82071505101e-07, 3.11771628958e-07, 2.26573845907e-07, 1.22325474194e-07],
        "min": [1.37426369248e-14, 1.1215399269e-13, 3.78804924711e-13, 7.07003411978e-13, 6.68704078655e-13, 2.7077778496e-13, 8.5739152323e-13, 6.2645682912e-12, 1.82189697356e-11, 3.06920808213e-11, 3.19733475806e-11, 3.43611597509e-11, 5.82053884257e-11, 8.21446036192e-11, 5.21734357106e-11, 2.52506609372e-11, 3.13890614889e-11, 2.97140125005e-11, 3.57717258592e-11, 3.44089375048e-11, 2.09520994304e-11, 4.06777563022e-12, 1.87513481305e-12, 4.64263870403e-12, 4.21314675855e-12, 8.41360564118e-13, 8.24836997749e-13, 4.05528085071e-12, 3.47001529073e-12, 1.72393783276e-12, 1.40790406677e-12, 1.11174058241e-12, 2.65376566208e-12, 2.24786573903e-12, 1.50555175965e-12, 7.28988429951e-13, 2.85684236684e-13, 3.0004771996e-13, 2.57050077838e-13, 5.3394490435e-13],
        "stdev": [0.00136978900991, 0.00130038801581, 0.00131199229509, 0.000756198365707, 0.00063480559038, 0.000820887158625, 0.000577776925638, 0.000924727180973, 0.000406645267503, 0.000145935380715, 0.000139242460136, 0.00011436992645, 0.000109125416202, 0.000109657390567, 6.82804675307e-05, 8.90032824827e-05, 7.67114470364e-05, 5.81339772907e-05, 7.51673069317e-05, 6.56664633425e-05, 7.73572464823e-05, 6.37404809822e-05, 2.55822542385e-05, 1.59232149599e-05, 1.27354178403e-05, 1.38380246426e-05, 1.33937583087e-05, 6.45475211059e-06, 5.16683940077e-06, 4.51279311164e-06, 4.01161423724e-06, 2.87667126031e-06, 1.93461164599e-06, 1.49271738792e-06, 1.2847265225e-06, 1.0775931969e-06, 8.62540559865e-07, 8.02925455901e-07, 6.0452254047e-07, 2.96639740327e-07]
    },
    "melbands128": {
        "max": [0.00273522431962, 0.0147828590125, 0.0131566850469, 0.00888047274202, 0.0137373078614, 0.0284053292125, 0.0282200686634, 0.0179032497108, 0.00997903756797, 0.00687383115292, 0.00719461916015, 0.00373762263916, 0.00508206570521, 0.00903763622046, 0.00539321172982, 0.00735127041116, 0.00550694577396, 0.00502143101767, 0.00586644001305, 0.0203666370362, 0.010531431064, 0.0151449292898, 0.00194558082148, 0.00286100781523, 0.0013464326039, 0.0023334689904, 0.00388613971882, 0.000691706023645, 0.00130122248083, 0.000820056302473, 0.00136122503318, 0.00118842162192, 0.00157691107597, 0.000312951771775, 0.00164098897949, 0.00126152753364, 0.000343393272487, 0.000917747092899, 0.000555390433874, 0.000264296249952, 0.00164568680339, 0.00126305909362, 0.00106208235957, 0.000585234258324, 0.000946221465711, 0.000639155798126, 0.000247171235969, 0.00158919754904, 0.000874662247952, 0.000843501940835, 0.000731648528017, 0.00110673741437, 0.00160207226872, 0.000564033107366, 0.000446642196039, 0.00125077308621, 0.000974106602371, 0.000286579190288, 0.000165361125255, 0.00026635028189, 0.000136549861054, 0.00014108105097, 0.000149904270074, 7.06434439053e-05, 0.000223480528803, 9.20860256883e-05, 0.000266253424343, 0.000363539380487, 0.000160594849149, 5.81024796702e-05, 6.06518588029e-05, 9.3483060482e-05, 7.3611154221e-05, 4.5937475079e-05, 3.40998594766e-05, 2.03772888199e-05, 0.000107291671156, 6.5577798523e-05, 6.1037047999e-05, 4.00672251999e-05, 2.54280585068e-05, 2.33083956118e-05, 2.73264722637e-05, 2.02251994779e-05, 2.07026550925e-05, 1.41556674862e-05, 1.45936328408e-05, 1.21384455269e-05, 1.30942225951e-05, 1.50601772475e-05, 1.05123353933e-05, 6.66498999635e-06, 1.39734602271e-05, 9.80227650871e-06, 8.90560386324e-06, 1.48664285007e-05, 1.02023423096e-05, 1.352716572e-05, 9.78654679784e-06, 5.28470809513e-06, 4.91837090522e-06, 3.07325262838e-06, 2.29300235333e-06, 3.51008930011e-06, 2.32430966207e-06, 1.72353861672e-06, 3.84169879908e-06, 2.32543879974e-06, 1.82656958714e-06, 9.99899953058e-07, 1.57326519457e-06, 2.1251189537e-06, 2.23423921852e-06, 4.15113527197e-06, 2.98303348245e-06, 3.28008951556e-07, 9.13430309168e-09, 8.82876793895e-09, 8.52405701579e-09, 8.2538491597e-09, 8.01903965453e-09, 7.79297337772e-09, 7.5870909555e-09, 7.43663264302e-09, 7.31364169226e-09, 7.19446280328e-09, 7.11577996526e-09, 7.06845115772e-09],
        "mean": [0.000136236980325, 0.00060423114337, 0.00119042233564, 0.00111241755076, 0.000662604405079, 0.000437440845417, 0.000450515508419, 0.000489740166813, 0.000501339382026, 0.000374607538106, 0.000404108664952, 0.000326848734403, 0.000356637174264, 0.000343283900293, 0.000350185669959, 0.00063621631125, 0.000332874944434, 0.000228232689551, 0.000324641063344, 0.000386237050407, 0.000231513331528, 0.00025994059979, 8.12535072328e-05, 8.8704371592e-05, 4.31500266131e-05, 8.58156709e-05, 0.000172645261046, 4.5034874347e-05, 4.52580825367e-05, 4.63763863081e-05, 7.79606707511e-05, 9.00812228792e-05, 5.97688886046e-05, 2.44872444455e-05, 6.727672735e-05, 6.21411381871e-05, 2.58919881162e-05, 5.67993702134e-05, 2.9987839298e-05, 2.26107276831e-05, 6.17102268734e-05, 6.96916540619e-05, 6.15430108155e-05, 2.14969040826e-05, 4.17175833718e-05, 3.11052026518e-05, 1.86207416846e-05, 5.36469779036e-05, 3.93479931518e-05, 3.12175070576e-05, 3.05462235701e-05, 3.37940655299e-05, 5.68353716517e-05, 2.91672004096e-05, 1.81952509593e-05, 3.5230852518e-05, 3.17294179695e-05, 1.40263591675e-05, 1.1458068002e-05, 1.30311382236e-05, 9.17395391298e-06, 9.3184371508e-06, 7.46174964661e-06, 6.63216496832e-06, 1.02758503999e-05, 7.19330682841e-06, 7.20609750715e-06, 8.80730840436e-06, 6.61064723317e-06, 3.97533767682e-06, 3.55971928911e-06, 4.3469863158e-06, 3.61406500815e-06, 3.14829890158e-06, 2.51834762821e-06, 1.9741653432e-06, 2.80763265437e-06, 2.56945099864e-06, 1.93328901332e-06, 1.60342290201e-06, 1.45825129039e-06, 1.42159365168e-06, 1.05195192646e-06, 9.7958150036e-07, 9.10451433356e-07, 8.07837182037e-07, 7.32734406483e-07, 6.11552309238e-07, 5.91567754782e-07, 5.91498974245e-07, 6.67815243105e-07, 4.19447474087e-07, 4.21900608671e-07, 4.10732212686e-07, 3.41743429999e-07, 3.22174344092e-07, 3.16416191026e-07, 2.7244269063e-07, 2.68233861789e-07, 1.77469132723e-07, 1.3407911581e-07, 1.16113128001e-07, 1.03232927984e-07, 8.55598898397e-08, 8.35749887074e-08, 7.28741866851e-08, 8.06744466786e-08, 6.29394918406e-08, 5.59257955501e-08, 5.47417648988e-08, 4.90954583654e-08, 5.51652021841e-08, 5.88685153957e-08, 6.26513170232e-08, 4.67395331327e-08, 3.71683950284e-09, 1.25029625542e-10, 2.00000901257e-11, 1.91865395099e-11, 1.84895015964e-11, 1.78316441474e-11, 1.72239011248e-11, 1.66293662868e-11, 1.6136871353e-11, 1.56387420375e-11, 1.51525667014e-11, 1.48928265553e-11, 1.47842276615e-11],
        "min": [6.40098563075e-15, 2.20360809305e-15, 1.26320335824e-14, 4.2934317939e-14, 9.37869573669e-14, 1.67090936898e-13, 2.56778241248e-13, 4.02397218194e-13, 6.13017015622e-13, 7.47587321909e-13, 7.60142057805e-13, 7.11920702511e-13, 6.86891624309e-13, 5.79433365438e-13, 2.90355711479e-13, 6.77045970828e-14, 1.3944876883e-13, 7.16583042903e-13, 1.96174586992e-12, 4.13769539465e-12, 8.28756334392e-12, 1.31415225924e-11, 1.8565399218e-11, 2.39977118038e-11, 2.95208961443e-11, 3.39932318405e-11, 3.31636003381e-11, 3.13610352964e-11, 3.14502174303e-11, 3.10432790585e-11, 3.41369120471e-11, 4.3143197348e-11, 5.48500932174e-11, 7.10856720709e-11, 8.51445580707e-11, 8.65542221229e-11, 7.75882691428e-11, 5.65981081446e-11, 3.4061281573e-11, 2.16551603038e-11, 2.27950991416e-11, 3.00109485873e-11, 3.41558170636e-11, 3.12416238712e-11, 2.65084013767e-11, 2.84088134961e-11, 3.42408983112e-11, 3.73011205257e-11, 3.58062260397e-11, 3.45109461841e-11, 3.57622716163e-11, 3.32815441872e-11, 2.53858409988e-11, 1.64348656212e-11, 7.88019389325e-12, 2.79704449706e-12, 6.06809741344e-13, 1.0236631421e-12, 2.53732668556e-12, 3.15182472135e-12, 4.0659693494e-12, 6.4123316032e-12, 6.44972790453e-12, 3.35493742162e-12, 9.49406026886e-13, 4.68594889454e-13, 9.56937654117e-13, 1.073950282e-12, 6.50070275388e-13, 4.82865646339e-13, 3.49636118668e-12, 6.60555204285e-12, 5.48577025819e-12, 2.73245532104e-12, 1.28774237367e-12, 1.23449297659e-12, 2.34397202169e-12, 2.08115707827e-12, 1.38221487207e-12, 6.30546396346e-13, 3.37658747534e-13, 1.43710412494e-12, 2.61494710434e-12, 2.95814154422e-12, 2.81128570943e-12, 1.51216766973e-12, 2.63014306515e-12, 2.41894048195e-12, 1.16215175504e-12, 1.03724201537e-12, 1.29350501664e-12, 2.92836691311e-13, 4.60074740891e-13, 3.75103539809e-13, 6.76092143967e-14, 2.94918115536e-13, 4.12612354223e-13, 2.58041580724e-13, 1.23241586207e-13, 2.27315507997e-13, 7.21564409785e-13, 6.06643858411e-13, 2.94159336646e-13, 3.58839612755e-13, 5.84631626964e-13, 7.62781819045e-13, 1.48109633282e-13, 2.48939540856e-13, 9.86101608355e-13, 5.48124967723e-13, 4.80548320049e-14, 1.79800276637e-14, 6.90003406517e-14, 3.43782653441e-14, 3.09316069665e-14, 3.00589326379e-14, 2.11536991808e-14, 2.62769322225e-14, 2.17644082417e-14, 2.61131143564e-14, 1.63079609089e-14, 1.52264760181e-14, 6.33265463587e-15, 4.40088546185e-15, 4.18376042429e-15, 3.30346152858e-15, 1.28985796043e-15, 4.6301156855e-17],
        "stdev": [0.000284783658572, 0.00124843290541, 0.0020949896425, 0.00181663082913, 0.00124518759549, 0.00166128086857, 0.00176962884143, 0.00134653982241, 0.00106519157998, 0.000823283975478, 0.000880475563463, 0.00065669149626, 0.000745769415516, 0.00101636128966, 0.000729814055376, 0.00138324906584, 0.000714087742381, 0.000541921181139, 0.00080086971866, 0.00165520620067, 0.000858572369907, 0.00113529444207, 0.000182598218089, 0.000228442542721, 9.61736514e-05, 0.000182064104592, 0.000373993883841, 8.09196062619e-05, 0.000137033261126, 0.000104936305434, 0.000182282805326, 0.000185674536624, 0.000166313315276, 4.35968504462e-05, 0.000158270719112, 0.000141380602145, 4.7901430662e-05, 0.00012699115905, 5.8523943153e-05, 3.97554431402e-05, 0.000170844316017, 0.000132975852466, 0.000118442134408, 5.52477686142e-05, 9.99120020424e-05, 6.67096610414e-05, 3.43841638824e-05, 0.000129197302158, 7.46862206142e-05, 7.36332585802e-05, 7.96580716269e-05, 0.000100931822089, 0.000152172855451, 5.89479241171e-05, 3.8874855818e-05, 0.000104850230855, 8.50430005812e-05, 3.10689756589e-05, 2.1459933123e-05, 2.58517193288e-05, 1.64059856615e-05, 1.7197256966e-05, 1.67831822182e-05, 1.14831836981e-05, 2.08917517739e-05, 1.29885638671e-05, 2.25470812438e-05, 2.51070614468e-05, 1.38111536216e-05, 7.58551686886e-06, 6.46089119982e-06, 9.16851058719e-06, 7.01749013388e-06, 5.54783673579e-06, 4.53032271253e-06, 3.37754886459e-06, 7.16474642104e-06, 5.44320619156e-06, 4.44878742201e-06, 3.52963706973e-06, 3.26926533489e-06, 3.13180612466e-06, 2.44653847403e-06, 2.08787787415e-06, 1.96096539185e-06, 1.71130204762e-06, 1.57994986694e-06, 1.3054690271e-06, 1.37168660785e-06, 1.33224921228e-06, 1.53626706378e-06, 8.62705974214e-07, 1.06100424091e-06, 9.95873278953e-07, 7.72599776155e-07, 9.29179634568e-07, 8.53531048506e-07, 8.31756722164e-07, 8.47900537337e-07, 4.5951603056e-07, 3.45207837427e-07, 2.97519363812e-07, 2.52480162999e-07, 2.37606144537e-07, 1.91351929857e-07, 1.8631301657e-07, 2.31314260191e-07, 1.61772035767e-07, 1.54315870304e-07, 1.34990671086e-07, 1.43850556356e-07, 1.92933896415e-07, 2.17406167735e-07, 3.0355172953e-07, 2.63922345312e-07, 2.27401351083e-08, 6.2114530186e-10, 3.77407383123e-10, 3.64214935988e-10, 3.52488815913e-10, 3.42265882303e-10, 3.32446431495e-10, 3.23515020328e-10, 3.16958070901e-10, 3.11585063306e-10, 3.0645258553e-10, 3.03097769105e-10, 3.01082075937e-10]
    },
    "mfcc": {
        "mean": [-786.466918945, 99.6993331909, -1.68725097179, 17.4683589935, 10.8648529053, 10.0045099258, 4.26643276215, 6.04561710358, 0.00724034383893, 3.17826461792, -2.56788301468, 6.33970451355, 1.68454360962],
        "cov": [[32928.4023438, 4375.11914062, -3779.453125, 928.820678711, -1268.08764648, -598.086242676, -1554.08227539, -911.035827637, -36.365398407, -67.625579834, 167.503250122, -320.997283936, 36.3405609131], [4375.11914062, 1114.05102539, -306.642578125, 244.360427856, -190.354171753, -134.328033447, -187.858566284, -148.726699829, -26.4800567627, -11.6735706329, 34.2123527527, -48.7860145569, -5.83204174042], [-3779.453125, -306.642578125, 874.986450195, 23.4089412689, 139.383834839, 16.9306430817, 236.822616577, 111.630653381, -16.3693656921, -4.11675357819, -10.8558359146, 26.3644351959, -8.06925582886], [928.820678711, 244.360427856, 23.4089412689, 176.345733643, -28.945066452, -28.4893760681, -44.0612983704, -37.5052947998, -9.05025672913, 0.475464522839, 3.63063240051, -18.1263198853, -4.86772823334], [-1268.08764648, -190.354171753, 139.383834839, -28.945066452, 122.071922302, 41.5152549744, 71.3502502441, 39.7329673767, 5.64407539368, 7.54739618301, -2.19682836533, 13.0234832764, -5.78274536133], [-598.086242676, -134.328033447, 16.9306430817, -28.4893760681, 41.5152549744, 65.0166397095, 39.8463134766, 24.0918960571, 4.59096050262, 2.7392706871, -8.86252212524, 7.19736623764, -1.36691963673], [-1554.08227539, -187.858566284, 236.822616577, -44.0612983704, 71.3502502441, 39.8463134766, 156.056503296, 69.4893264771, -5.86021661758, -6.87449455261, -4.3610162735, 11.1290588379, 2.36723256111], [-911.035827637, -148.726699829, 111.630653381, -37.5052947998, 39.7329673767, 24.0918960571, 69.4893264771, 78.1095809937, 5.45613193512, -3.93726205826, -7.10507440567, 11.1076383591, 1.92123258114], [-36.365398407, -26.4800567627, -16.3693656921, -9.05025672913, 5.64407539368, 4.59096050262, -5.86021661758, 5.45613193512, 42.9408302307, 19.2368202209, 1.48108172417, 1.94383859634, -2.85350418091], [-67.625579834, -11.6735706329, -4.11675357819, 0.475464522839, 7.54739618301, 2.7392706871, -6.87449455261, -3.93726205826, 19.2368202209, 42.7403640747, 14.6957015991, 4.04887104034, -4.05574178696], [167.503250122, 34.2123527527, -10.8558359146, 3.63063240051, -2.19682836533, -8.86252212524, -4.3610162735, -7.10507440567, 1.48108172417, 14.6957015991, 36.4640426636, 11.9584102631, 0.508767545223], [-320.997283936, -48.7860145569, 26.3644351959, -18.1263198853, 13.0234832764, 7.19736623764, 11.1290588379, 11.1076383591, 1.94383859634, 4.04887104034, 11.9584102631, 35.2033615112, 10.3600912094], [36.3405609131, -5.83204174042, -8.06925582886, -4.86772823334, -5.78274536133, -1.36691963673, 2.36723256111, 1.92123258114, -2.85350418091, -4.05574178696, 0.508767545223, 10.3600912094, 32.7482452393]],
        "icov": [[0.00018887258193, -0.000323550979374, 0.000526399817318, -0.000383932929253, 0.000423940509791, 0.000124360114569, 0.000304587418213, 1.1645593986e-05, -0.00017720714095, 0.000448871403933, -0.000664416293148, 0.000671588641126, -0.000299211096717], [-0.000323550979374, 0.00275085982867, -0.000330428767484, -0.00168429140467, 0.00061697937781, 0.0019532921724, -0.00120299437549, 0.00129704212304, 0.000451170140877, -6.4657528128e-05, -0.000198316804017, -0.000646193162538, 0.000957319745794], [0.000526399817318, -0.000330428767484, 0.00425390806049, -0.00315638328902, 0.000163335018442, 0.00372951035388, -0.0033530537039, -0.000317506346619, 0.000251465186011, 0.000366648571799, -0.00014093099162, -0.000300712767057, 0.000546177208889], [-0.000383932929253, -0.00168429140467, -0.00315638328902, 0.0108882235363, -0.00172541092616, -0.00251849531196, 0.00299301929772, 0.000708673207555, 0.0010811543325, -0.0015538521111, 0.00102520058863, 0.00202340446413, -0.000455210596556], [0.000423940509791, 0.00061697937781, 0.000163335018442, -0.00172541092616, 0.0158751737326, -0.00473445886746, -0.00195160356816, -1.40622096296e-05, -0.000977182295173, -0.000422260287451, -0.00246896222234, -0.00026703363983, 0.00215615215711], [0.000124360114569, 0.0019532921724, 0.00372951035388, -0.00251849531196, -0.00473445886746, 0.0276306178421, -0.00736239459366, 0.000175409863004, 0.000282053661067, -0.00289116124623, 0.00723132956773, -0.00479844026268, 0.00266584660858], [0.000304587418213, -0.00120299437549, -0.0033530537039, 0.00299301929772, -0.00195160356816, -0.00736239459366, 0.0201294403523, -0.00850855838507, 0.00189025013242, 0.00337405200116, -0.00623387144879, 0.00648792879656, -0.00391445821151], [1.1645593986e-05, 0.00129704212304, -0.000317506346619, 0.000708673207555, -1.40622096296e-05, 0.000175409863004, -0.00850855838507, 0.024984203279, -0.00466323876753, 0.00282093393616, 0.00277532497421, -0.00388261023909, 0.000527512806002], [-0.00017720714095, 0.000451170140877, 0.000251465186011, 0.0010811543325, -0.000977182295173, 0.000282053661067, 0.00189025013242, -0.00466323876753, 0.0318489894271, -0.0159690566361, 0.00535904057324, -0.00169499660842, 0.00172622594982], [0.000448871403933, -6.4657528128e-05, 0.000366648571799, -0.0015538521111, -0.000422260287451, -0.00289116124623, 0.00337405200116, 0.00282093393616, -0.0159690566361, 0.0381597690284, -0.0175133217126, 0.00382539862767, 0.00114149658475], [-0.000664416293148, -0.000198316804017, -0.00014093099162, 0.00102520058863, -0.00246896222234, 0.00723132956773, -0.00623387144879, 0.00277532497421, 0.00535904057324, -0.0175133217126, 0.0453609190881, -0.0203313585371, 0.00499853352085], [0.000671588641126, -0.000646193162538, -0.000300712767057, 0.00202340446413, -0.00026703363983, -0.00479844026268, 0.00648792879656, -0.00388261023909, -0.00169499660842, 0.00382539862767, -0.0203313585371, 0.0461540073156, -0.0150814689696], [-0.000299211096717, 0.000957319745794, 0.000546177208889, -0.000455210596556, 0.00215615215711, 0.00266584660858, -0.00391445821151, 0.000527512806002, 0.00172622594982, 0.00114149658475, 0.00499853352085, -0.0150814689696, 0.036834679544]]
    },
    "spectral_contrast_coeffs": {
        "max": [-0.56144952774, -0.608731746674, -0.653332829475, -0.675055861473, -0.672025680542, -0.658785402775],
        "mean": [-0.792784929276, -0.811202585697, -0.826729118824, -0.835854589939, -0.83902823925, -0.793931305408],
        "min": [-0.960908770561, -0.942339658737, -0.965755939484, -0.974044382572, -0.929270029068, -0.904732704163],
        "stdev": [0.0677437931299, 0.0800576731563, 0.0631360039115, 0.0566397346556, 0.0494155697525, 0.0638098046184]
    },
    "spectral_contrast_valleys": {
        "max": [-5.03657341003, -5.15862369537, -5.899122715, -5.62910175323, -6.00824737549, -8.41085243225],
        "mean": [-8.15093135834, -8.20483779907, -8.53227424622, -8.60396289825, -8.64016151428, -11.2509202957],
        "min": [-15.6449012756, -15.0949935913, -13.0258197784, -13.0927677155, -14.2376251221, -16.4263648987],
        "stdev": [1.80686020851, 1.94046676159, 1.75301980972, 1.86016571522, 1.67379772663, 1.10448658466]
    }
},
"rhythm": {
    "beats_count": 34,
    "beats_loudness": {
        "max": 0.0840105414391,
        "mean": 0.0185838360339,
        "min": 1.67326579685e-05,
        "stdev": 0.0262256469578
    },
    "bpm": 152.316467285,
    "bpm_histogram_first_peak_bpm": 152,
    "bpm_histogram_first_peak_weight": 0.230769217014,
    "bpm_histogram_second_peak_bpm": 172,
    "bpm_histogram_second_peak_spread": 0,
    "bpm_histogram_second_peak_weight": 0.181818187237,
    "danceability": 0.680291831493,
    "onset_rate": 2.66470932961,
    "beats_loudness_band_ratio": {
        "max": [0.911363482475, 0.507539451122, 0.373306661844, 0.401232600212, 0.690843939781, 0.37671944499],
        "mean": [0.420533448458, 0.146851316094, 0.121382191777, 0.124703168869, 0.137792155147, 0.0829588770866],
        "min": [0.0124049000442, 0.0167421363294, 0.0106212627143, 0.0223115254194, 0.0171591006219, 0.0133062303066],
        "stdev": [0.228119879961, 0.135789141059, 0.0998630672693, 0.0740100443363, 0.165115058422, 0.0699551105499]
    },
    "beats_position": [0.336689323187, 0.696598649025, 1.05650794506, 1.40480720997, 1.75310659409, 2.10140585899, 2.43809509277, 2.7863945961, 3.14630389214, 3.50621318817, 3.85451245308, 4.20281171799, 4.52789115906, 4.85297060013, 5.18965959549, 5.52634906769, 5.86303853989, 6.26938772202, 6.67573690414, 7.08208608627, 7.47682523727, 7.87156438828, 8.26630401611, 8.66104316711, 9.05578231812, 9.43891143799, 9.83365058899, 10.2167797089, 10.6115188599, 11.0062580109, 11.4009971619, 11.7841272354, 12.1672563553, 12.5619955063],
