{
"metadata": {
    "version": {
        "essentia": "2.1-beta5",
        "essentia_git_sha": "Undefined",
        "extractor": "music 2.0"
    },
    "audio_properties": {
        "analysis": {
            "equal_loudness": 0,
            "length": 45.2556915283,
            "sample_rate": 44100,
            "start_time": 64.9926528931,
            "downmix": "mix"
        },
        "bit_rate": 192000,
        "length": 173.766540527,
        "lossless": 0,
        "number_channels": 1,
        "replay_gain": -12.6620407104,
        "sample_rate": 48000,
        "codec": "mp3",
        "md5_encoded": "73d15531fc47622099a793d4e0b6c01d"
    },
    "tags": {
        "file_name": "Turkey_Esmer Yarim_Burak Aydos, Öztürk Baybora _ Serter.mp3",
        "encoding": ["Lavf58.29.100"]
    }
},
"lowlevel": {
    "average_loudness": 0.974285304546,
    "barkbands_crest": {
        "max": 22.5144557953,
        "mean": 7.6681303978,
        "min": 2.28225493431,
        "stdev": 3.1575729847
    },
    "barkbands_flatness_db": {
        "max": 0.270256996155,
        "mean": 0.147386133671,
        "min": 0.0698700770736,
        "stdev": 0.0310679469258
    },
    "barkbands_kurtosis": {
        "max": 33.284236908,
        "mean": 0.576460599899,
        "min": -1.88770055771,
        "stdev": 3.20498299599
    },
    "barkbands_skewness": {
        "max": 5.1643743515,
        "mean": 0.773169457912,
        "min": -2.22771954536,
        "stdev": 0.992701292038
    },
    "barkbands_spread": {
        "max": 97.8014373779,
        "mean": 35.1323280334,
        "min": 4.80673217773,
        "stdev": 13.5006361008
    },
    "dissonance": {
        "max": 0.500000119209,
        "mean": 0.478243678808,
        "min": 0.394620776176,
        "stdev": 0.0152832232416
    },
    "dynamic_complexity": 1.95813190937,
    "erbbands_crest": {
        "max": 24.6314315796,
        "mean": 8.03904914856,
        "min": 2.42947602272,
        "stdev": 3.62288379669
    },
    "erbbands_flatness_db": {
        "max": 0.33304387331,
        "mean": 0.193530380726,
        "min": 0.093580275774,
        "stdev": 0.0308863576502
    },
    "erbbands_kurtosis": {
        "max": 26.1766433716,
        "mean": -0.160348877311,
        "min": -1.71356451511,
        "stdev": 1.89043605328
    },
    "erbbands_skewness": {
        "max": 2.1586124897,
        "mean": -0.371193110943,
        "min": -4.14641618729,
        "stdev": 0.731757581234
    },
    "erbbands_spread": {
        "max": 100.746810913,
        "mean": 44.2654495239,
        "min": 6.55437517166,
        "stdev": 15.5244884491
    },
    "hfc": {
        "max": 178.280899048,
        "mean": 24.7693901062,
        "min": 0.576718688011,
        "stdev": 21.4157524109
    },
    "loudness_ebu128": {
        "integrated": -15.3751792908,
        "loudness_range": 2.22080039978,
        "momentary": {
            "max": -11.5606594086,
            "mean": -15.6784362793,
            "min": -21.1129837036,
            "stdev": 1.66064476967
        },
        "short_term": {
            "max": -13.4944553375,
            "mean": -15.4144763947,
            "min": -16.9874992371,
            "stdev": 0.711441636086
        }
    },
    "melbands_crest": {
        "max": 31.5695953369,
        "mean": 11.1798839569,
        "min": 2.89255142212,
        "stdev": 4.11850261688
    },
    "melbands_flatness_db": {
        "max": 0.346078306437,
        "mean": 0.14965133369,
        "min": 0.0387037023902,
        "stdev": 0.0479633100331
    },
    "melbands_kurtosis": {
        "max": 92.8311080933,
        "mean": 6.83150053024,
        "min": -1.8291695118,
        "stdev": 10.4124193192
    },
    "melbands_skewness": {
        "max": 8.60429668427,
        "mean": 2.08678221703,
        "min": -0.661159336567,
        "stdev": 1.26635658741
    },
    "melbands_spread": {
        "max": 177.64730835,
        "mean": 45.0099716187,
        "min": 3.25773787498,
        "stdev": 27.5251541138
    },
    "pitch_salience": {
        "max": 0.810387551785,
        "mean": 0.567764103413,
        "min": 0.221385776997,
        "stdev": 0.0865825787187
    },
    "silence_rate_20dB": {
        "max": 1,
        "mean": 1,
        "min": 1,
        "stdev": 0
    },
    "silence_rate_30dB": {
        "max": 1,
        "mean": 1,
        "min": 1,
        "stdev": 0
    },
    "silence_rate_60dB": {
        "max": 1,
        "mean": 0.0138461533934,
        "min": 0,
        "stdev": 0.116852976382
    },
    "spectral_centroid": {
        "max": 4439.57910156,
        "mean": 2206.67333984,
        "min": 706.614196777,
        "stdev": 742.528076172
    },
    "spectral_complexity": {
        "max": 48,
        "mean": 20.4025650024,
        "min": 1,
        "stdev": 8.89681148529
    },
    "spectral_decrease": {
        "max": -1.15524721733e-10,
        "mean": -3.93601462534e-09,
        "min": -1.0566518327e-08,
        "stdev": 1.84029069761e-09
    },
    "spectral_energy": {
        "max": 0.0503679029644,
        "mean": 0.0171020962298,
        "min": 0.000496572640259,
        "stdev": 0.00826903712004
    },
    "spectral_energyband_high": {
        "max": 0.0324844196439,
        "mean": 0.0021501656156,
        "min": 3.85954590456e-05,
        "stdev": 0.0031138334889
    },
    "spectral_energyband_low": {
        "max": 0.0298989787698,
        "mean": 0.00415451638401,
        "min": 2.71194694506e-05,
        "stdev": 0.0034543860238
    },
    "spectral_energyband_middle_high": {
        "max": 0.0378879159689,
        "mean": 0.00499256094918,
        "min": 9.05114866327e-05,
        "stdev": 0.0044430186972
    },
    "spectral_energyband_middle_low": {
        "max": 0.0298176556826,
        "mean": 0.00622871238738,
        "min": 0.000158663955517,
        "stdev": 0.00426744297147
    },
    "spectral_entropy": {
        "max": 8.52690029144,
        "mean": 7.66169548035,
        "min": 6.41324710846,
        "stdev": 0.274575412273
    },
    "spectral_flux": {
        "max": 0.212475568056,
        "mean": 0.075146317482,
        "min": 0.0155853768811,
        "stdev": 0.0289788506925
    },
    "spectral_kurtosis": {
        "max": 13.4773483276,
        "mean": 1.38714432716,
        "min": -1.1828327179,
        "stdev": 1.47215414047
    },
    "spectral_rms": {
        "max": 0.00700995139778,
        "mean": 0.00395468715578,
        "min": 0.000696032424457,
        "stdev": 0.00102247588802
    },
    "spectral_rolloff": {
        "max": 8720.94726562,
        "mean": 2718.83740234,
        "min": 64.599609375,
        "stdev": 1572.79748535
    },
    "spectral_skewness": {
        "max": 2.36343431473,
        "mean": 0.633444607258,
        "min": -0.430242449045,
        "stdev": 0.283728867769
    },
    "spectral_spread": {
        "max": 9155145,
        "mean": 3809564.5,
        "min": 1922806.75,
        "stdev": 759579.75
    },
    "spectral_strongpeak": {
        "max": 21.9722137451,
        "mean": 1.34556293488,
        "min": 0.0149753363803,
        "stdev": 2.38994979858
    },
    "zerocrossingrate": {
        "max": 0.25244140625,
        "mean": 0.0886017605662,
        "min": 0.01318359375,
        "stdev": 0.0348805077374
    },
    "barkbands": {
        "max": [0.00111037795432, 0.0183623321354, 0.0200136825442, 0.00829122308642, 0.0123991612345, 0.016698140651, 0.00910982303321, 0.0246092174202, 0.0205787029117, 0.00954851601273, 0.00748579483479, 0.0156108709052, 0.0168734695762, 0.014194781892, 0.0170548502356, 0.00632915552706, 0.0164129789919, 0.0150029389188, 0.0236047934741, 0.0295536387712, 0.0224984288216, 0.00846756063402, 0.00558247277513, 0.00547214969993, 0.000231130703469, 5.16076670465e-06, 5.49741889699e-06],
        "mean": [0.000119067190099, 0.00195061392151, 0.00173303647898, 0.000559070089366, 0.00118181365542, 0.00151830341201, 0.00100359530188, 0.00088249030523, 0.000986199243926, 0.000388572050724, 0.000377593649318, 0.000333250092808, 0.000346415559761, 0.000428991625085, 0.000583810557146, 0.000438638817286, 0.000608001486398, 0.000723611796275, 0.000486937700771, 0.000864278583322, 0.000840090156998, 0.000444711942691, 0.000179365291842, 0.000119419622933, 4.21715367338e-06, 5.46265566115e-09, 3.74182285157e-09],
        "min": [5.87857357459e-07, 6.94941718393e-06, 9.28214035412e-07, 7.50902813706e-07, 1.83420092981e-06, 4.9468862926e-06, 2.12125178223e-06, 1.13767259791e-06, 3.70551788365e-06, 3.34704026272e-07, 8.01484020485e-07, 1.25830172237e-06, 1.47267019202e-06, 2.51818801189e-06, 7.66566881794e-06, 1.83807935628e-06, 2.35597531173e-06, 3.91979710912e-06, 2.94061760542e-06, 7.4975937423e-06, 1.19970427477e-05, 6.41612359686e-06, 1.25783560634e-06, 6.14867701643e-07, 5.58976909204e-09, 1.63522684976e-11, 1.67478721863e-11],
        "stdev": [0.000127619074192, 0.00212976196781, 0.0018307750579, 0.000861988402903, 0.0013930296991, 0.0020462507382, 0.0011814776808, 0.00187296874356, 0.00192574702669, 0.000749381433707, 0.000609552662354, 0.0008645755006, 0.00103116978426, 0.000950292218477, 0.00104453298263, 0.000725950463675, 0.00116941763554, 0.00118786504027, 0.00110343052074, 0.00174845079891, 0.00144482031465, 0.000736072543077, 0.000374741648557, 0.000299287959933, 1.10984610728e-05, 1.17621709705e-07, 1.25350936742e-07]
    },
    "erbbands": {
        "max": [0.539198338985, 4.84562349319, 18.6700496674, 29.1420021057, 42.4067726135, 74.1342697144, 109.369010925, 194.020141602, 148.233901978, 292.208740234, 506.393157959, 598.537902832, 318.799285889, 305.774719238, 133.342926025, 776.548522949, 829.979003906, 519.598205566, 569.449279785, 617.003356934, 410.918670654, 991.369812012, 980.234069824, 807.522277832, 1063.80859375, 1598.95593262, 1409.31005859, 590.619628906, 304.194152832, 277.967285156, 177.051925659, 120.65209198, 76.0175704956, 8.43782711029, 0.277092337608, 0.0205870661885, 0.00955016072839, 0.00340718124062, 0.000781881506555, 9.33064948185e-05],
        "mean": [0.0540495254099, 0.45949152112, 1.66074323654, 2.34388780594, 1.58547151089, 4.58337116241, 10.1994600296, 13.0237998962, 15.1565828323, 13.0801486969, 22.8534393311, 19.3693027496, 17.8774929047, 14.3846063614, 11.9634208679, 14.6330490112, 16.6504516602, 20.6103534698, 23.9782676697, 30.863035202, 26.6549243927, 38.3435287476, 39.5192222595, 30.5524806976, 23.714641571, 45.6289710999, 40.1917800903, 27.2426719666, 14.9607725143, 9.47074127197, 5.10747146606, 3.35576367378, 1.50252974033, 0.163655728102, 0.0049368464388, 0.000374767143512, 6.95757553331e-05, 2.02828869078e-05, 1.58994553203e-05, 2.39266719291e-05],
        "min": [0.000280483887764, 0.00162759853993, 0.00317475362681, 0.0110277729109, 0.00634209951386, 0.00825705192983, 0.0484587401152, 0.0623393431306, 0.0885339602828, 0.0377756282687, 0.0825294330716, 0.085473112762, 0.0869293138385, 0.104267932475, 0.0887973979115, 0.0641549006104, 0.0609259009361, 0.145699381828, 0.267597675323, 0.318973779678, 0.12269730866, 0.135924085975, 0.228113681078, 0.265628635883, 0.252422183752, 0.38697630167, 0.520918488503, 0.542642891407, 0.282264083624, 0.104152619839, 0.0288389194757, 0.0232430100441, 0.00555293634534, 0.000458728987724, 2.07035063795e-05, 3.57207159141e-06, 1.24093151044e-06, 3.8030509586e-07, 4.20861880457e-07, 6.77427294704e-07],
        "stdev": [0.0589060820639, 0.522206902504, 1.75913846493, 2.74486637115, 2.54703640938, 5.99060106277, 13.3850574493, 19.8189964294, 18.7570667267, 18.9086666107, 43.6271438599, 43.8755950928, 31.0820827484, 22.6194992065, 16.1181945801, 41.0219917297, 50.7811012268, 40.3648681641, 40.5556488037, 56.1867980957, 38.2118721008, 71.824760437, 69.5382614136, 54.4566383362, 42.8580245972, 95.1678009033, 74.1115722656, 44.6296043396, 24.8812274933, 17.5793743134, 11.1756515503, 7.91970205307, 3.94773030281, 0.432906210423, 0.0127906026319, 0.000927899265662, 0.000241809058934, 8.14376107883e-05, 2.09739828279e-05, 1.31581573442e-05]
    },
    "gfcc": {
        "mean": [-19.9394111633, 117.688903809, -166.653564453, 81.3426208496, -78.7727508545, 7.49581718445, -22.4418048859, -10.5120353699, 6.46526479721, -15.5359306335, 6.3937125206, -16.4232311249, 5.81854867935],
        "cov": [[1839.4831543, -595.967956543, -292.908233643, -115.981002808, -188.679550171, 218.80090332, -45.3627052307, 157.816482544, -108.508872986, -7.25505924225, 5.09037828445, -5.40293931961, -49.5791091919], [-595.967956543, 740.281005859, 132.655593872, -12.2615213394, 190.544448853, -163.292556763, 33.6567993164, -124.612358093, 97.5922927856, -7.12509870529, 35.1057395935, 2.57355117798, 21.261844635], [-292.908233643, 132.655593872, 414.837890625, 127.30242157, -43.7417030334, 79.7080459595, -14.1339712143, -13.6552581787, 36.2227592468, 13.2090959549, -17.9975395203, 14.3940601349, 16.3027610779], [-115.981002808, -12.2615213394, 127.30242157, 237.257980347, 97.7061309814, -43.9587440491, 9.35465812683, -6.83605194092, 19.996471405, 6.92845201492, -8.30082893372, 19.3549461365, 5.47579097748], [-188.679550171, 190.544448853, -43.7417030334, 97.7061309814, 237.34161377, -71.4863967896, 23.9357662201, -23.580116272, 27.2794895172, -5.73689174652, 19.8238277435, 0.41123187542, -5.95302534103], [218.80090332, -163.292556763, 79.7080459595, -43.9587440491, -71.4863967896, 246.631057739, 31.0465221405, 55.3161964417, -35.3657951355, -0.0836899876595, -8.71530628204, -0.779478609562, -16.5952205658], [-45.3627052307, 33.6567993164, -14.1339712143, 9.35465812683, 23.9357662201, 31.0465221405, 148.107620239, 31.1921825409, -14.8524541855, 12.8025493622, 15.2142190933, -11.0399179459, -17.9193649292], [157.816482544, -124.612358093, -13.6552581787, -6.83605194092, -23.580116272, 55.3161964417, 31.1921825409, 119.311271667, -12.127530098, -8.74394321442, 9.44393920898, -12.3463411331, -17.9598693848], [-108.508872986, 97.5922927856, 36.2227592468, 19.996471405, 27.2794895172, -35.3657951355, -14.8524541855, -12.127530098, 129.90411377, 38.1594696045, -18.9606170654, 6.15393018723, 15.1753606796], [-7.25505924225, -7.12509870529, 13.2090959549, 6.92845201492, -5.73689174652, -0.0836899876595, 12.8025493622, -8.74394321442, 38.1594696045, 75.4460906982, 21.3777198792, -2.46277737617, 10.5176200867], [5.09037828445, 35.1057395935, -17.9975395203, -8.30082893372, 19.8238277435, -8.71530628204, 15.2142190933, 9.44393920898, -18.9606170654, 21.3777198792, 70.398109436, 19.4665489197, -15.6687440872], [-5.40293931961, 2.57355117798, 14.3940601349, 19.3549461365, 0.41123187542, -0.779478609562, -11.0399179459, -12.3463411331, 6.15393018723, -2.46277737617, 19.4665489197, 68.6572494507, 31.6671485901], [-49.5791091919, 21.261844635, 16.3027610779, 5.47579097748, -5.95302534103, -16.5952205658, -17.9193649292, -17.9598693848, 15.1753606796, 10.5176200867, -15.6687440872, 31.6671485901, 81.7928848267]],
        "icov": [[0.00104194006417, -0.00052761711413, 0.00168317719363, -0.00126625387929, 0.00128966476768, -0.00137339322828, 0.00114883843344, -0.0012294088956, 0.000705607642885, -0.00101423251908, 0.000640335201751, -0.000531530298758, 0.000642925326247], [-0.00052761711413, 0.00864185672253, -0.00774026894942, 0.0087089240551, -0.00781669467688, 0.00552746793255, -0.00552437454462, 0.00723059568554, -0.00663391593844, 0.00910328049213, -0.00887063145638, 0.00466021616012, -0.00411988701671], [0.00168317719363, -0.00774026894942, 0.0128748668358, -0.0127356173471, 0.0105398753658, -0.00881423056126, 0.00607772916555, -0.00526667525992, 0.003350361716, -0.00576706742868, 0.00437576835975, -0.00149393896572, 0.00200921227224], [-0.00126625387929, 0.0087089240551, -0.0127356173471, 0.0190910864621, -0.0137947611511, 0.00981887709349, -0.00624798610806, 0.00445196731016, -0.0024848296307, 0.00296669267118, -0.000245947594522, -0.00270561431535, -9.42244369071e-05], [0.00128966476768, -0.00781669467688, 0.0105398753658, -0.0137947611511, 0.0160578414798, -0.00693014962599, 0.00424956111237, -0.00389581220224, 0.00137360626832, -0.00191160209943, -9.31128524826e-05, 0.00127642543521, 0.000953546201345], [-0.00137339322828, 0.00552746793255, -0.00881423056126, 0.00981887709349, -0.00693014962599, 0.0118548795581, -0.00511995423585, 0.001510506263, -0.000375132542104, 0.00132259819657, 0.000851218472235, -0.00215827021748, 0.000839211512357], [0.00114883843344, -0.00552437454462, 0.00607772916555, -0.00624798610806, 0.00424956111237, -0.00511995423585, 0.0122448308393, -0.00716465897858, 0.00599200325087, -0.00891572330147, 0.00606483314186, -0.00309184822254, 0.00411282246932], [-0.0012294088956, 0.00723059568554, -0.00526667525992, 0.00445196731016, -0.00389581220224, 0.001510506263, -0.00716465897858, 0.0190659873188, -0.00988051947206, 0.014860493131, -0.0155885675922, 0.0105870133266, -0.00639620516449], [0.000705607642885, -0.00663391593844, 0.003350361716, -0.0024848296307, 0.00137360626832, -0.000375132542104, 0.00599200325087, -0.00988051947206, 0.0210262462497, -0.0212736073881, 0.0211725272238, -0.0132509246469, 0.00883846357465], [-0.00101423251908, 0.00910328049213, -0.00576706742868, 0.00296669267118, -0.00191160209943, 0.00132259819657, -0.00891572330147, 0.014860493131, -0.0212736073881, 0.0408646985888, -0.0326925776899, 0.0214546509087, -0.0164682995528], [0.000640335201751, -0.00887063145638, 0.00437576835975, -0.000245947594522, -9.31128524826e-05, 0.000851218472235, 0.00606483314186, -0.0155885675922, 0.0211725272238, -0.0326925776899, 0.0487381517887, -0.0286869872361, 0.0206288378686], [-0.000531530298758, 0.00466021616012, -0.00149393896572, -0.00270561431535, 0.00127642543521, -0.00215827021748, -0.00309184822254, 0.0105870133266, -0.0132509246469, 0.0214546509087, -0.0286869872361, 0.0358510836959, -0.0194283742458], [0.000642925326247, -0.00411988701671, 0.00200921227224, -9.42244369071e-05, 0.000953546201345, 0.000839211512357, 0.00411282246932, -0.00639620516449, 0.00883846357465, -0.0164682995528, 0.0206288378686, -0.0194283742458, 0.0249802842736]]
    },
    "melbands": {
        "max": [0.00414866767824, 0.00701256096363, 0.00413392949849, 0.00291145290248, 0.00295896735042, 0.00391301326454, 0.00201471010223, 0.00441080657765, 0.00369172845967, 0.00339494203217, 0.00163707113825, 0.00113110011443, 0.000729637220502, 0.00186588754877, 0.00110405590385, 0.00220208778046, 0.00101499212906, 0.00132267014123, 0.00184157560579, 0.000594810349867, 0.000579951039981, 0.0014469405869, 0.000884548353497, 0.00076550245285, 0.000754866225179, 0.000765331846196, 0.000471842562547, 0.00152118108235, 0.0010122070089, 0.000594972225372, 0.000250113138463, 0.00018254040333, 0.000154084569658, 0.00013246157323, 0.000117781099107, 8.04182782304e-05, 7.61076298659e-05, 6.61769518047e-05, 2.45765586442e-05, 2.07837706512e-06],
        "mean": [0.000523178314324, 0.000778928631917, 0.000375479983632, 0.000191883911612, 0.000339276855811, 0.000295682169963, 0.000220874295337, 0.000147705010022, 0.000187766607269, 0.00012422662985, 8.88446738827e-05, 5.77985156269e-05, 4.8614176194e-05, 3.28433670802e-05, 3.49804286088e-05, 4.06559847761e-05, 3.69728077203e-05, 3.6100485886e-05, 4.78281654068e-05, 3.24047505273e-05, 2.88339724648e-05, 4.50149418612e-05, 2.69507127086e-05, 3.93417867599e-05, 2.29823963309e-05, 1.65128440131e-05, 1.90995178855e-05, 3.35519835062e-05, 2.67499162874e-05, 1.99786300072e-05, 1.3914954252e-05, 9.12105861062e-06, 6.33976742392e-06, 4.54202881883e-06, 3.02898092741e-06, 2.38568350142e-06, 1.87726209333e-06, 1.2621329688e-06, 4.08339218438e-07, 3.45190258599e-08],
        "min": [3.94411745219e-06, 2.25721669267e-06, 1.74728870661e-06, 7.9776975781e-07, 1.79657865829e-06, 1.35862910611e-06, 1.37510323839e-06, 3.87639289556e-07, 6.0921416889e-07, 5.11317921337e-07, 3.50221171175e-07, 3.11776659601e-07, 1.58679128504e-07, 1.2537617522e-07, 1.32284313281e-07, 1.96877635972e-07, 1.84881827181e-07, 1.90331505223e-07, 5.80238179282e-07, 1.24439324622e-07, 9.3082235253e-08, 1.50887544237e-07, 1.06303971847e-07, 1.87056969025e-07, 1.71412736449e-07, 1.16862366895e-07, 1.40545665772e-07, 2.49332032354e-07, 3.49822272483e-07, 2.31216802149e-07, 2.44523391757e-07, 1.33173045924e-07, 4.36657785485e-08, 3.11729770885e-08, 1.44305376537e-08, 1.48869574446e-08, 1.001358374e-08, 3.49320394832e-09, 8.42600322848e-10, 4.45839649921e-11],
        "stdev": [0.000547496252693, 0.000754356093239, 0.000426801037975, 0.000241471454501, 0.00040017842548, 0.000410617474699, 0.000259376625763, 0.000253542675637, 0.000353195500793, 0.000270021933829, 0.000157986782142, 9.45033389144e-05, 7.42193224141e-05, 9.75002112682e-05, 7.4798706919e-05, 0.000122911369544, 8.1394748122e-05, 7.59778049542e-05, 9.52860282268e-05, 5.86023270444e-05, 4.62516909465e-05, 9.9592951301e-05, 5.74785190111e-05, 6.89535154379e-05, 4.92905201099e-05, 3.31698392984e-05, 3.1692587072e-05, 8.36643375806e-05, 5.12742735737e-05, 3.97204239562e-05, 2.21180198423e-05, 1.55116867973e-05, 1.1720362636e-05, 8.62827982928e-06, 7.00790815245e-06, 5.4271049521e-06, 4.69496399091e-06, 3.30211310029e-06, 1.21429923183e-06, 8.87031816887e-08]
    },
    "melbands128": {
        "max": [0.00081594765652, 0.00463134469464, 0.00697256065905, 0.00893411785364, 0.00864561926574, 0.0096851401031, 0.00723336357623, 0.00387156335637, 0.00516997138038, 0.00356542784721, 0.00581374019384, 0.00434073293582, 0.00494611263275, 0.00438207061961, 0.00582481687889, 0.00658350018784, 0.00332699366845, 0.00273440033197, 0.00214507523924, 0.00415659788996, 0.00971969403327, 0.0088203670457, 0.00638757599518, 0.004443959333, 0.00733733829111, 0.00338695640676, 0.00367203797214, 0.00275766360573, 0.00244248192757, 0.00123514758889, 0.00250513991341, 0.00185371609405, 0.00105822819751, 0.000651448906865, 0.000879452796653, 0.00392570346594, 0.00361316720955, 0.00121810589917, 0.00295816059224, 0.0035993643105, 0.00276878848672, 0.00146897777449, 0.00180335738696, 0.0018512288807, 0.00400985404849, 0.000933995004743, 0.0017764326185, 0.00393165834248, 0.00119246402755, 0.00199715583585, 0.000880773644894, 0.00126753735822, 0.000952736474574, 0.000985362450592, 0.00102604727726, 0.00303760659881, 0.000672698835842, 0.00137023755815, 0.00194373924751, 0.00144820706919, 0.00164707947988, 0.000536612176802, 0.00121495872736, 0.00143151381053, 0.00106236874126, 0.000292887561955, 0.00122834986541, 0.00112147256732, 0.000459733942989, 0.000931908143684, 0.00125852390192, 0.00366977066733, 0.000763562333304, 0.00213722628541, 0.00102936977055, 0.000708638865035, 0.00137813552283, 0.00041731444071, 0.000282210996374, 0.000527782191057, 0.000302954344079, 0.000197887929971, 0.000316741730785, 0.000151510917931, 0.000329422124196, 0.000246635667281, 0.000111474975711, 0.000135925511131, 0.000156242283992, 0.000160552110174, 7.92763603386e-05, 8.86710913619e-05, 0.000128036714159, 0.000100390781881, 7.41518160794e-05, 7.00336604496e-05, 8.42094159452e-05, 5.7294855651e-05, 2.63564561465e-05, 7.31776572138e-06, 2.99689668282e-06, 1.84522900781e-06, 7.37875041068e-08, 4.35366693807e-08, 4.16215151233e-08, 3.99362427572e-08, 3.82608291716e-08, 3.72532369397e-08, 3.53984361823e-08, 3.39077637079e-08, 3.25905986642e-08, 3.13714991762e-08, 3.0272996554e-08, 2.92295485593e-08, 2.82307510702e-08, 2.73156643971e-08, 2.64447717058e-08, 2.57158472294e-08, 2.49732483582e-08, 2.43387123788e-08, 2.37352306698e-08, 2.32511538911e-08, 2.2789715004e-08, 2.24109228952e-08, 2.20610374413e-08, 2.18225313375e-08, 2.16352180615e-08, 2.1514393822e-08],
        "mean": [8.87753922143e-05, 0.000385453138733, 0.000740720832255, 0.000727970618755, 0.000784650212154, 0.000883153523318, 0.000520305125974, 0.00022024718055, 0.000140057032695, 0.000121013814351, 0.000276149308775, 0.000350923422957, 0.000381268386263, 0.000302942033159, 0.000279161613435, 0.000296991376672, 0.0002883686102, 0.000202823677682, 0.000141620257637, 0.000135763300932, 0.000143564902828, 0.000213535269722, 0.000204634823604, 0.000155487665324, 0.000104986866063, 0.000114419919555, 0.000158624461619, 5.81590757065e-05, 7.28162049199e-05, 4.60612463939e-05, 5.36837978871e-05, 7.48655365896e-05, 6.15135213593e-05, 1.61060652317e-05, 2.345496614e-05, 4.05221253459e-05, 4.57214227936e-05, 3.53275863745e-05, 2.43690083153e-05, 4.16863840655e-05, 3.74145020032e-05, 5.10856007168e-05, 3.69841363863e-05, 2.5717950848e-05, 4.50329316664e-05, 3.31970368279e-05, 3.06801230181e-05, 5.68993091292e-05, 5.16217514814e-05, 3.93656882807e-05, 2.51658493653e-05, 2.98135109915e-05, 3.63447979908e-05, 2.0500694518e-05, 2.92683871521e-05, 7.73393549025e-05, 2.14434840018e-05, 2.01307084353e-05, 3.4293414501e-05, 3.26272238453e-05, 5.27879747096e-05, 2.90139378194e-05, 1.99241985683e-05, 2.48250235018e-05, 2.35154893744e-05, 1.37216638905e-05, 1.17154486361e-05, 2.14847514144e-05, 1.45188223541e-05, 2.70470682153e-05, 3.33244388457e-05, 4.67908757855e-05, 1.52295060616e-05, 3.44004110957e-05, 2.21892914851e-05, 1.22586643556e-05, 2.84025354631e-05, 1.59667688422e-05, 8.16075680632e-06, 1.65579876921e-05, 8.49391381053e-06, 6.96968982083e-06, 8.04894625617e-06, 4.32700517194e-06, 7.8871171354e-06, 4.72325791634e-06, 3.77427863896e-06, 3.3363996863e-06, 3.05397088596e-06, 2.61246964328e-06, 2.69382758233e-06, 1.95186180463e-06, 2.47785101237e-06, 1.86663044133e-06, 1.79740936801e-06, 1.19318428915e-06, 1.49658308146e-06, 6.96655263255e-07, 4.62198414652e-07, 2.17109842993e-07, 4.73524615074e-08, 4.47918946378e-09, 1.93225865863e-10, 5.2225408026e-11, 4.46554598854e-11, 5.96610746917e-11, 8.33223698371e-11, 1.14665395234e-10, 4.61122875994e-11, 2.33365323593e-11, 2.21675698631e-11, 2.1374867154e-11, 2.06169664674e-11, 1.98962357006e-11, 1.92296074897e-11, 1.86143964825e-11, 1.803055448e-11, 1.75163269306e-11, 1.70145043887e-11, 1.65762473192e-11, 1.6165095304e-11, 1.58300941799e-11, 1.55204581825e-11, 1.52540133302e-11, 1.49936590921e-11, 1.47822726282e-11, 1.463107413e-11, 1.4546061404e-11],
        "min": [2.69821693877e-08, 1.33761795951e-06, 9.50271726197e-07, 5.01393856212e-07, 1.34916376737e-06, 5.4018926221e-07, 6.28587031315e-07, 2.3331790544e-07, 2.37538529291e-07, 4.44974091351e-07, 1.43911080386e-07, 1.28578534486e-07, 1.51427144601e-07, 4.11460405303e-07, 5.5102020724e-07, 4.118128345e-07, 6.5380157821e-07, 1.29328270759e-07, 1.8262859669e-07, 7.55306999167e-08, 2.5362507472e-07, 1.58930276939e-07, 2.08356084386e-07, 1.07083806711e-07, 5.06679747048e-08, 6.78720724068e-08, 2.10842713955e-07, 6.96699160585e-08, 4.6995683789e-08, 4.28641833139e-08, 5.88031241477e-08, 1.28773919528e-07, 5.80270125283e-08, 2.54038159397e-08, 1.28353780937e-08, 5.52260743802e-08, 4.99324706027e-08, 3.5835032719e-08, 1.26021832969e-08, 3.96887855914e-08, 7.023307802e-08, 2.52771190645e-08, 2.09168664611e-08, 3.40425145851e-08, 4.65388616533e-08, 7.16686514579e-08, 9.78312684197e-08, 1.2117735082e-07, 1.36956515462e-07, 5.1665946188e-08, 7.30415052885e-08, 2.94236190967e-08, 4.93416116853e-08, 3.67968198134e-08, 5.01092287664e-08, 8.04280446687e-08, 1.0172144016e-07, 5.58398376427e-08, 1.77219181552e-08, 3.31691403233e-08, 7.37150571695e-08, 8.50051122825e-08, 4.1791523131e-08, 9.38624893365e-08, 3.3497450147e-08, 4.66896317164e-08, 5.86160133764e-08, 6.12097679209e-08, 8.64964846414e-08, 3.1662658273e-08, 7.17711330367e-08, 1.28155647872e-07, 9.43858751157e-08, 1.6872957076e-07, 1.86956881976e-07, 1.05376201986e-07, 2.07003495234e-07, 1.08965259926e-07, 8.87912179337e-08, 6.60661356733e-08, 8.3175699217e-08, 3.63579388818e-08, 3.56818894431e-08, 1.95518694568e-08, 4.26056061542e-08, 1.91366460456e-08, 1.77080572428e-08, 1.54463801749e-08, 6.12255890431e-09, 5.66979574401e-09, 1.69714127196e-08, 7.54289963822e-09, 9.35110922029e-09, 5.21209653215e-09, 4.12981293607e-09, 2.13238338098e-09, 2.25332685844e-09, 1.34746702685e-09, 8.26924861919e-10, 2.69851807566e-10, 4.4641005302e-12, 1.0651009019e-13, 7.51751362982e-14, 5.68277351988e-14, 5.03605607194e-14, 7.74148337123e-14, 9.07065153782e-14, 8.34734503199e-14, 1.03248850713e-13, 6.20130100157e-14, 5.57693505905e-14, 6.68419109667e-14, 6.74064550379e-14, 5.95150624204e-14, 5.23312641864e-14, 5.84808690731e-14, 5.82470812034e-14, 5.92833006535e-14, 6.66298410217e-14, 5.40566940169e-14, 6.22991784029e-14, 4.61508374648e-14, 5.39996649826e-14, 5.9204465603e-14, 4.72572522293e-14, 1.91554230973e-14, 2.43145614421e-15, 1.49868742201e-16],
        "stdev": [0.000100613928225, 0.000466784375021, 0.000865274225362, 0.000965540646575, 0.000937445322052, 0.000932427763473, 0.000638386467472, 0.000372702925233, 0.000301537744235, 0.000211574501009, 0.000438321643742, 0.000490538659506, 0.000596290628891, 0.000532445730641, 0.000541581248399, 0.000571046897676, 0.000434138404671, 0.000306637433823, 0.000220275280299, 0.000258607498836, 0.000446497142548, 0.000564197602216, 0.000505564326886, 0.000407081126468, 0.000450040970463, 0.000302492117044, 0.000404585851356, 0.000145011450513, 0.000200841444894, 0.000115542672575, 0.000141552198329, 0.000137934330269, 0.000115374234156, 3.16961013596e-05, 5.76818893023e-05, 0.000191048427951, 0.00016271698405, 7.77450259193e-05, 0.000115911294415, 0.000203323827009, 0.000148306819028, 0.000121500197565, 0.000115741146146, 0.000100071585621, 0.00018144659407, 8.03368529887e-05, 9.14224874577e-05, 0.000170156519744, 0.00011840150546, 0.000139954048791, 6.40191428829e-05, 7.89357800386e-05, 8.18904882181e-05, 5.54184189241e-05, 6.62347956677e-05, 0.000216722066398, 4.59260445496e-05, 6.43762832624e-05, 0.000109320659249, 0.000101474332041, 0.000132597153424, 5.60859807592e-05, 5.1911760238e-05, 8.38438354549e-05, 7.14186680852e-05, 2.91557844321e-05, 4.13534762629e-05, 5.93610129727e-05, 2.92641416308e-05, 6.52064700262e-05, 8.44901005621e-05, 0.000190645034309, 3.66952663171e-05, 8.60706204548e-05, 6.3118597609e-05, 3.72918148059e-05, 7.8859491623e-05, 2.95130084851e-05, 1.74596425495e-05, 3.22810883517e-05, 1.72181917151e-05, 1.40201027534e-05, 1.63514287124e-05, 1.04457267298e-05, 1.71925639734e-05, 1.1081172488e-05, 7.56113013267e-06, 8.08181812317e-06, 8.07792457636e-06, 7.16915383236e-06, 5.58615738555e-06, 5.42926591152e-06, 6.43412886348e-06, 5.27429665453e-06, 4.23387609771e-06, 3.46439514942e-06, 4.03471904065e-06, 2.43863814831e-06, 1.49709637753e-06, 5.03419528286e-07, 1.36262087835e-07, 5.4925788362e-08, 2.73377898097e-09, 1.03493502657e-09, 9.62182333808e-10, 9.74337499571e-10, 1.04340069917e-09, 8.81890449556e-10, 8.0714745998e-10, 7.72054142839e-10, 7.42284456123e-10, 7.14713122019e-10, 6.89767021278e-10, 6.66078470157e-10, 6.43443354154e-10, 6.22651930016e-10, 6.02881244927e-10, 5.86293458227e-10, 5.69393199257e-10, 5.54947199305e-10, 5.4121757076e-10, 5.30178512204e-10, 5.19679077549e-10, 5.11040265661e-10, 5.03080410663e-10, 4.97645091802e-10, 4.93383056632e-10, 4.906325346e-10]
    },
    "mfcc": {
        "mean": [-627.267578125, 99.8872146606, -12.2046022415, 49.379940033, -14.6722698212, 15.2865066528, -14.2115936279, 6.79540872574, -3.15037894249, 8.48258876801, -6.30104637146, 10.0121612549, -7.47382211685],
        "cov": [[2065.35888672, -626.65814209, -180.1353302, -368.28225708, -94.75, -99.6985015869, 105.817436218, 55.2769012451, -28.5784473419, -0.985480844975, 3.07930874825, 21.5424308777, 11.6572628021], [-626.65814209, 743.891906738, -62.9552230835, 129.761383057, 59.3087654114, 35.8225479126, -76.3216094971, -38.1993522644, -29.3162345886, -2.00689172745, 11.6377048492, -31.0434970856, 3.55277013779], [-180.1353302, -62.9552230835, 460.444213867, -54.0412902832, 3.38655662537, 62.3237380981, -12.761674881, 22.2868366241, 47.1041145325, -6.7337884903, 18.5986194611, -16.3360385895, -10.6229066849], [-368.28225708, 129.761383057, -54.0412902832, 390.146087646, 79.5789718628, 14.3145122528, -43.7012825012, -25.284406662, -3.68909668922, 4.65999746323, -34.2788963318, 17.1338825226, 42.1063728333], [-94.75, 59.3087654114, 3.38655662537, 79.5789718628, 165.179641724, 21.0123386383, -30.0093841553, 4.91497135162, -1.56049454212, -8.63685798645, -14.2420167923, -10.8035802841, 30.0682544708], [-99.6985015869, 35.8225479126, 62.3237380981, 14.3145122528, 21.0123386383, 132.13117981, -3.02255439758, 2.43487691879, 22.7415561676, 2.86339139938, -0.607960641384, 1.96568489075, 5.24637556076], [105.817436218, -76.3216094971, -12.761674881, -43.7012825012, -30.0093841553, -3.02255439758, 210.344619751, 46.3939819336, -12.8016281128, -12.6915025711, 26.4067935944, 36.3322868347, 6.90514802933], [55.2769012451, -38.1993522644, 22.2868366241, -25.284406662, 4.91497135162, 2.43487691879, 46.3939819336, 98.0333862305, 12.0637350082, -1.87751483917, 14.4889335632, 3.40461277962, 1.27349936962], [-28.5784473419, -29.3162345886, 47.1041145325, -3.68909668922, -1.56049454212, 22.7415561676, -12.8016281128, 12.0637350082, 100.966346741, 13.9411306381, -8.94651126862, 6.17043924332, -3.63636350632], [-0.985480844975, -2.00689172745, -6.7337884903, 4.65999746323, -8.63685798645, 2.86339139938, -12.6915025711, -1.87751483917, 13.9411306381, 91.0880203247, 31.4026947021, -3.22516703606, -18.3634681702], [3.07930874825, 11.6377048492, 18.5986194611, -34.2788963318, -14.2420167923, -0.607960641384, 26.4067935944, 14.4889335632, -8.94651126862, 31.4026947021, 90.8067855835, 17.7490844727, -9.37367534637], [21.5424308777, -31.0434970856, -16.3360385895, 17.1338825226, -10.8035802841, 1.96568489075, 36.3322868347, 3.40461277962, 6.17043924332, -3.22516703606, 17.7490844727, 94.013923645, 25.7671871185], [11.6572628021, 3.55277013779, -10.6229066849, 42.1063728333, 30.0682544708, 5.24637556076, 6.90514802933, 1.27349936962, -3.63636350632, -18.3634681702, -9.37367534637, 25.7671871185, 81.1351547241]],
        "icov": [[0.000862090440933, 0.00063477846561, 0.00045388576109, 0.000713537272532, 6.82216096948e-08, 0.000172698346432, 2.12046979868e-05, -0.000217447115574, 0.000243757487624, -0.000162372467457, 0.000113937385322, 5.12144069944e-05, -0.000501043978147], [0.00063477846561, 0.00207741092891, 0.000607871566899, 4.83806470584e-05, -0.000249755859841, -0.000419294374296, 0.000445879093604, 0.000189590777154, 0.000458474445622, 0.000334571959684, -0.000818038359284, 0.00064292276511, -0.000251360528637], [0.00045388576109, 0.000607871566899, 0.00283893384039, 0.000562486529816, -5.91734496993e-05, -0.00106610357761, 0.000347077962942, -0.000399466749514, -0.000910794071387, 0.000751676328946, -0.00101953360718, 0.000704294128809, -0.000156599970069], [0.000713537272532, 4.83806470584e-05, 0.000562486529816, 0.00393072515726, -0.00121116312221, 6.67815475026e-05, 0.000276792707155, 0.000192419378436, 0.000373595627025, -0.00112029945012, 0.00150927202776, -0.000984061509371, -0.0014028736623], [6.82216096948e-08, -0.000249755859841, -5.91734496993e-05, -0.00121116312221, 0.00761974975467, -0.00091719214106, 0.00086579186609, -0.00121947203297, 0.000270045595244, 0.000369350193068, 8.19688211777e-05, 0.00140475912485, -0.00252830283716], [0.000172698346432, -0.000419294374296, -0.00106610357761, 6.67815475026e-05, -0.00091719214106, 0.00873591937125, -0.000419983407483, 0.000170222134329, -0.00152008258738, -0.000487822660943, 0.00035522916005, -0.0003851003421, -0.000387794832932], [2.12046979868e-05, 0.000445879093604, 0.000347077962942, 0.000276792707155, 0.00086579186609, -0.000419983407483, 0.00631011463702, -0.00272747175768, 0.00106274220161, 0.00110058335122, -0.00122669711709, -0.00183265737724, -0.000171670952113], [-0.000217447115574, 0.000189590777154, -0.000399466749514, 0.000192419378436, -0.00121947203297, 0.000170222134329, -0.00272747175768, 0.0123927090317, -0.00202557584271, 0.000687549065333, -0.00188594451174, 0.00101681449451, -0.000126666505821], [0.000243757487624, 0.000458474445622, -0.000910794071387, 0.000373595627025, 0.000270045595244, -0.00152008258738, 0.00106274220161, -0.00202557584271, 0.0120285684243, -0.00269670202397, 0.00285169086419, -0.0019486049423, 0.000448390172096], [-0.000162372467457, 0.000334571959684, 0.000751676328946, -0.00112029945012, 0.000369350193068, -0.000487822660943, 0.00110058335122, 0.000687549065333, -0.00269670202397, 0.0144241051748, -0.00622767629102, 0.00124517641962, 0.00250752805732], [0.000113937385322, -0.000818038359284, -0.00101953360718, 0.00150927202776, 8.19688211777e-05, 0.00035522916005, -0.00122669711709, -0.00188594451174, 0.00285169086419, -0.00622767629102, 0.0158530492336, -0.00386074488051, 0.000959283206612], [5.12144069944e-05, 0.00064292276511, 0.000704294128809, -0.000984061509371, 0.00140475912485, -0.0003851003421, -0.00183265737724, 0.00101681449451, -0.0019486049423, 0.00124517641962, -0.00386074488051, 0.0141192907467, -0.00452389009297], [-0.000501043978147, -0.000251360528637, -0.000156599970069, -0.0014028736623, -0.00252830283716, -0.000387794832932, -0.000171670952113, -0.000126666505821, 0.000448390172096, 0.00250752805732, 0.000959283206612, -0.00452389009297, 0.0162294693291]]
    },
    "spectral_contrast_coeffs": {
        "max": [-0.456335157156, -0.478631496429, -0.529173433781, -0.595713734627, -0.530277907848, -0.498781859875],
        "mean": [-0.731000840664, -0.750596702099, -0.769146025181, -0.769904077053, -0.753378510475, -0.635722279549],
        "min": [-0.902790904045, -0.912434637547, -0.908918559551, -0.895914256573, -0.871948719025, -0.773449957371],
        "stdev": [0.0627490505576, 0.0655883848667, 0.0657363384962, 0.0572584271431, 0.0532846413553, 0.0367716811597]
    },
    "spectral_contrast_valleys": {
        "max": [-5.48495960236, -5.37763023376, -5.78302001953, -6.17243146896, -5.66944408417, -8.38728904724],
        "mean": [-6.80052947998, -6.72503757477, -7.54865598679, -7.63519477844, -7.25172042847, -10.8816213608],
        "min": [-8.71371459961, -8.71469974518, -9.46409606934, -9.09510803223, -8.72637939453, -12.8455600739],
        "stdev": [0.532300949097, 0.527769088745, 0.619307696819, 0.516663312912, 0.490599691868, 0.759129881859]
    }
},
"rhythm": {
    "beats_count": 76,
    "beats_loudness": {
        "max": 0.0330486409366,
        "mean": 0.0200351830572,
        "min": 0.00586044089869,
        "stdev": 0.00600747438148
    },
    "bpm": 102.163070679,
    "bpm_histogram_first_peak_bpm": 103,
    "bpm_histogram_first_peak_weight": 0.53623187542,
    "bpm_histogram_second_peak_bpm": 98,
    "bpm_histogram_second_peak_spread": 0.166666686535,
    "bpm_histogram_second_peak_weight": 0.0666666701436,
    "danceability": 1.3307300806,
    "onset_rate": 4.39610910416,
    "beats_loudness_band_ratio": {
        "max": [0.723224699497, 0.61420416832, 0.452076494694, 0.448661953211, 0.600641429424, 0.706894516945],
        "mean": [0.211812973022, 0.181576803327, 0.176115199924, 0.124328874052, 0.146555349231, 0.180260956287],
        "min": [0.0133115518838, 0.0100806588307, 0.0232618562877, 0.0119969109073, 0.0254542361945, 0.02911179699],
        "stdev": [0.153931647539, 0.127063319087, 0.105904862285, 0.0872016921639, 0.110430024564, 0.123594634235]
    },
