{
"metadata": {
    "version": {
        "essentia": "2.1-beta5",
        "essentia_git_sha": "Undefined",
        "extractor": "music 2.0"
    },
    "audio_properties": {
        "analysis": {
            "equal_loudness": 0,
            "length": 37.4770050049,
            "sample_rate": 44100,
            "start_time": 178.735595703,
            "downmix": "mix"
        },
        "bit_rate": 192000,
        "length": 216.235839844,
        "lossless": 0,
        "number_channels": 2,
        "replay_gain": 4.11813545227,
        "sample_rate": 48000,
        "codec": "mp3",
        "md5_encoded": "c4efeed380117216c4412b150b829084"
    },
    "tags": {
        "file_name": "Belgium_Iemand Als Jij_Barbara.mp3",
        "encoding": ["Lavf58.29.100"]
    }
},
"lowlevel": {
    "average_loudness": 0.67460256815,
    "barkbands_crest": {
        "max": 21.7260494232,
        "mean": 6.91756677628,
        "min": 2.79157519341,
        "stdev": 2.40209889412
    },
    "barkbands_flatness_db": {
        "max": 0.28962174058,
        "mean": 0.116445280612,
        "min": 0.058142144233,
        "stdev": 0.0373824611306
    },
    "barkbands_kurtosis": {
        "max": 43.0793151855,
        "mean": 2.0898976326,
        "min": -1.51501452923,
        "stdev": 2.64544963837
    },
    "barkbands_skewness": {
        "max": 5.6833024025,
        "mean": -0.00769249163568,
        "min": -2.27906727791,
        "stdev": 1.41618478298
    },
    "barkbands_spread": {
        "max": 58.2336959839,
        "mean": 20.3973121643,
        "min": 2.31162858009,
        "stdev": 7.0842962265
    },
    "dissonance": {
        "max": 0.500000059605,
        "mean": 0.474429637194,
        "min": 0.298737227917,
        "stdev": 0.0286997035146
    },
    "dynamic_complexity": 3.25688672066,
    "erbbands_crest": {
        "max": 26.0489234924,
        "mean": 6.33211994171,
        "min": 2.60162425041,
        "stdev": 3.1737704277
    },
    "erbbands_flatness_db": {
        "max": 0.310129135847,
        "mean": 0.161481186748,
        "min": 0.0836826190352,
        "stdev": 0.0513456016779
    },
    "erbbands_kurtosis": {
        "max": 9.82013702393,
        "mean": 0.321862101555,
        "min": -1.63667607307,
        "stdev": 1.18396520615
    },
    "erbbands_skewness": {
        "max": 2.81070017815,
        "mean": 0.092862136662,
        "min": -1.45887744427,
        "stdev": 0.649118423462
    },
    "erbbands_spread": {
        "max": 87.2057647705,
        "mean": 30.4593105316,
        "min": 8.98879528046,
        "stdev": 11.0702142715
    },
    "hfc": {
        "max": 99.9672851562,
        "mean": 20.494638443,
        "min": 1.05371196423e-16,
        "stdev": 20.1664047241
    },
    "loudness_ebu128": {
        "integrated": -25.7236461639,
        "loudness_range": 5.29303359985,
        "momentary": {
            "max": -23.830499649,
            "mean": -112.160682678,
            "min": -300.691009521,
            "stdev": 126.382591248
        },
        "short_term": {
            "max": -24.7366428375,
            "mean": -98.638999939,
            "min": -300.691009521,
            "stdev": 119.335632324
        }
    },
    "melbands_crest": {
        "max": 29.0482120514,
        "mean": 6.78557634354,
        "min": 1.46858847141,
        "stdev": 4.29301214218
    },
    "melbands_flatness_db": {
        "max": 0.33734190464,
        "mean": 0.108111433685,
        "min": 0.00222881534137,
        "stdev": 0.0843870416284
    },
    "melbands_kurtosis": {
        "max": 85.7895355225,
        "mean": 2.70734214783,
        "min": -1.42865908146,
        "stdev": 5.85979413986
    },
    "melbands_skewness": {
        "max": 7.73683691025,
        "mean": 0.949767053127,
        "min": -0.653903663158,
        "stdev": 1.07239329815
    },
    "melbands_spread": {
        "max": 164.465606689,
        "mean": 59.2831764221,
        "min": 2.09821486473,
        "stdev": 51.2410964966
    },
    "pitch_salience": {
        "max": 0.917937278748,
        "mean": 0.702334403992,
        "min": 0.237972781062,
        "stdev": 0.108929164708
    },
    "silence_rate_20dB": {
        "max": 1,
        "mean": 1,
        "min": 1,
        "stdev": 0
    },
    "silence_rate_30dB": {
        "max": 1,
        "mean": 0.995046436787,
        "min": 0,
        "stdev": 0.070206426084
    },
    "silence_rate_60dB": {
        "max": 1,
        "mean": 0.367182672024,
        "min": 0,
        "stdev": 0.482035726309
    },
    "spectral_centroid": {
        "max": 11999.0488281,
        "mean": 4536.52197266,
        "min": 338.613861084,
        "stdev": 4450.20947266
    },
    "spectral_complexity": {
        "max": 54,
        "mean": 18.373374939,
        "min": 0,
        "stdev": 15.6766166687
    },
    "spectral_decrease": {
        "max": 2.38898007721e-28,
        "mean": -5.73145486626e-09,
        "min": -6.90294683636e-08,
        "stdev": 5.95621463262e-09
    },
    "spectral_energy": {
        "max": 0.26899561286,
        "mean": 0.0234907977283,
        "min": 9.7749492027e-21,
        "stdev": 0.0237604249269
    },
    "spectral_energyband_high": {
        "max": 0.00731323193759,
        "mean": 0.000587276066653,
        "min": 6.99763617388e-21,
        "stdev": 0.000844236055855
    },
    "spectral_energyband_low": {
        "max": 0.0674536600709,
        "mean": 0.00472822226584,
        "min": 9.99842937614e-24,
        "stdev": 0.00805377122015
    },
    "spectral_energyband_middle_high": {
        "max": 0.0401913672686,
        "mean": 0.00754470610991,
        "min": 9.52896717583e-22,
        "stdev": 0.0085171777755
    },
    "spectral_energyband_middle_low": {
        "max": 0.256046622992,
        "mean": 0.0111181037501,
        "min": 1.38882673166e-22,
        "stdev": 0.0161312427372
    },
    "spectral_entropy": {
        "max": 9.8311252594,
        "mean": 8.32680892944,
        "min": 6.54562473297,
        "stdev": 1.04109799862
    },
    "spectral_flux": {
        "max": 0.319149255753,
        "mean": 0.0596858523786,
        "min": 6.32050314864e-11,
        "stdev": 0.0513332374394
    },
    "spectral_kurtosis": {
        "max": 16.4617824554,
        "mean": 2.45096135139,
        "min": -1.26883232594,
        "stdev": 2.94687819481
    },
    "spectral_rms": {
        "max": 0.0161998383701,
        "mean": 0.00372892757878,
        "min": 3.08812806056e-12,
        "stdev": 0.00300214323215
    },
    "spectral_rolloff": {
        "max": 19767.4804688,
        "mean": 7115.54248047,
        "min": 215.33203125,
        "stdev": 7969.82519531
    },
    "spectral_skewness": {
        "max": 2.44326496124,
        "mean": 1.00299727917,
        "min": -0.104567758739,
        "stdev": 0.723989903927
    },
    "spectral_spread": {
        "max": 42961032,
        "mean": 15304898,
        "min": 2268656,
        "stdev": 17169432
    },
    "spectral_strongpeak": {
        "max": 6.96060276031,
        "mean": 0.824920415878,
        "min": 0,
        "stdev": 1.00720262527
    },
    "zerocrossingrate": {
        "max": 0.77392578125,
        "mean": 0.205110177398,
        "min": 0.01416015625,
        "stdev": 0.203688845038
    },
    "barkbands": {
        "max": [0.00411317544058, 0.059584274888, 0.0296003427356, 0.014326767996, 0.145778730512, 0.126896694303, 0.0515656322241, 0.0831891596317, 0.0293473079801, 0.0329043343663, 0.0195765513927, 0.010137444362, 0.00683406833559, 0.00876695010811, 0.0109470449388, 0.0104517061263, 0.0069594392553, 0.00465244380757, 0.0040397583507, 0.00219015078619, 0.00205281679519, 0.00175703386776, 0.00227013742551, 0.00159043679014, 0.000585801200941, 0.000133070803713, 5.80579012421e-07],
        "mean": [0.000117926552775, 0.00324089732021, 0.000948008731939, 0.000730850850232, 0.0029544942081, 0.00298118381761, 0.00117187586147, 0.00170925643761, 0.00143243127968, 0.00161090958863, 0.000657474272884, 0.00096629926702, 0.000635591975879, 0.000651349546388, 0.00101736711804, 0.000781471375376, 0.000500448222738, 0.000381761172321, 0.000315602228511, 0.000229280252825, 0.000157357091666, 0.0001186852096, 9.23037587199e-05, 6.44885440124e-05, 1.96122109628e-05, 3.84941040465e-06, 1.95081639731e-09],
        "min": [5.5123023933e-26, 2.33852135554e-24, 1.61082685137e-25, 4.35908660399e-25, 4.37341369854e-24, 3.507956766e-24, 4.45860870415e-24, 4.7586732487e-24, 6.05102186566e-24, 4.88578713952e-24, 6.61592634318e-24, 1.85141268389e-23, 1.73366588522e-23, 2.58698272174e-23, 1.84396473254e-23, 4.08930189365e-23, 5.01807548457e-23, 8.12225703056e-23, 1.10556785896e-22, 1.58246469464e-22, 2.15224807175e-22, 2.87320080103e-22, 3.37419058472e-22, 5.3804403191e-22, 8.13054625474e-22, 1.03436229491e-21, 1.73586577848e-21],
        "stdev": [0.000297429302009, 0.00593892857432, 0.00226430082694, 0.00144865480252, 0.00769848003983, 0.00545716984197, 0.00287151499651, 0.00412902515382, 0.00238562049344, 0.00284307077527, 0.0013316195691, 0.00127405230887, 0.00105104071554, 0.00112354150042, 0.00151479383931, 0.00128288008273, 0.000841292261612, 0.000588440336287, 0.000412049150327, 0.000307014794089, 0.000226737713092, 0.000191298837308, 0.000173202046426, 0.00014105864102, 4.56257112091e-05, 1.05183635242e-05, 1.49859786802e-08]
    },
    "erbbands": {
        "max": [1.77047383785, 14.9078550339, 34.0145149231, 31.6812400818, 181.272018433, 383.507202148, 2141.52905273, 358.984954834, 847.000061035, 1329.11462402, 815.266479492, 640.214294434, 563.43737793, 1294.20800781, 909.372253418, 391.145141602, 325.641021729, 372.277679443, 547.532897949, 499.879302979, 654.335571289, 383.787719727, 242.620651245, 163.530929565, 202.924835205, 100.059089661, 91.1039352417, 86.5165710449, 64.2266235352, 65.6627960205, 56.1091842651, 36.1457138062, 25.1918678284, 6.53251171112, 4.93055915833, 1.33034527302, 0.153099283576, 0.00673774117604, 0.000170341096236, 0.000299886451103],
        "mean": [0.0967083498836, 0.699481129646, 1.22429811954, 2.00343537331, 5.08101892471, 9.08603096008, 23.999502182, 21.4874248505, 18.0817947388, 18.7962226868, 43.4011802673, 32.1261901855, 30.8845500946, 63.1265830994, 30.6268501282, 40.7032279968, 29.9034690857, 33.6757202148, 48.7112808228, 48.5385169983, 39.0154418945, 27.1395130157, 21.9298248291, 17.9710979462, 13.8148994446, 11.1403684616, 8.10802936554, 5.16720676422, 4.21702289581, 3.56261515617, 2.52965354919, 1.60445225239, 0.898437321186, 0.283851623535, 0.114850960672, 0.0332632809877, 0.00367041258141, 0.000115955634101, 1.91388353414e-05, 2.91904871119e-05],
        "min": [7.94992184612e-23, 4.65721112658e-22, 1.3732408849e-21, 2.47406308287e-21, 5.11422750625e-21, 1.77341093295e-20, 2.95269163611e-20, 3.08272022787e-20, 3.05190807317e-20, 1.01108864749e-19, 2.16180098799e-19, 2.32946571602e-19, 2.96483632771e-19, 4.01295843284e-19, 7.04251440565e-19, 1.16318323853e-18, 1.04699031526e-18, 1.67506059275e-18, 1.33317174954e-18, 2.29079915828e-18, 2.76664783375e-18, 3.24167698002e-18, 5.00034237165e-18, 4.46826423289e-18, 5.96756755704e-18, 7.40094954945e-18, 7.56327547286e-18, 7.8227330797e-18, 1.01248958384e-17, 9.29598062814e-18, 9.88025551792e-18, 8.97978174001e-18, 9.23433002991e-18, 7.77349184501e-18, 5.99251904663e-18, 3.49009255286e-18, 2.12104205105e-18, 9.20135550877e-19, 1.95323502211e-19, 2.49160145251e-20],
        "stdev": [0.179521277547, 1.36726844311, 2.69691586494, 3.70732402802, 13.2139425278, 22.4988632202, 75.1518859863, 34.2469558716, 39.8554382324, 66.7882614136, 84.2005462646, 53.1579704285, 43.9274673462, 108.805000305, 48.780506134, 54.5427398682, 46.469581604, 55.65026474, 71.1089706421, 76.0908813477, 65.1530838013, 46.1698722839, 32.4264221191, 24.4127540588, 18.1470623016, 14.7824077606, 10.6793832779, 8.23597145081, 6.91206121445, 6.09736967087, 4.90685749054, 3.52036976814, 1.94428706169, 0.622324824333, 0.30150604248, 0.0879749953747, 0.0119735272601, 0.000448311358923, 2.22305716306e-05, 2.84506731987e-05]
    },
    "gfcc": {
        "mean": [-394.405883789, 68.0757293701, -111.953056335, 22.1316928864, -49.9514427185, 10.9172515869, -27.3886318207, 3.68212103844, -12.2658243179, -1.79949724674, -5.52782726288, -3.09371399879, 0.913414061069],
        "cov": [[356760.875, 28377.3515625, -44867.5625, 9104.15429688, -20290.4628906, 4368.18701172, -11019.9960938, 1590.97827148, -5078.13964844, -689.06829834, -2245.81030273, -1197.80053711, 422.554168701], [28377.3515625, 3736.12475586, -2661.46557617, 1020.40289307, -1406.21557617, 157.184860229, -579.47845459, 125.439407349, -322.875488281, -78.3949050903, -31.6234779358, -119.577941895, 144.204650879], [-44867.5625, -2661.46557617, 6706.22851562, -847.675598145, 2684.35375977, -609.480895996, 1587.55407715, -164.670028687, 650.035095215, 118.154266357, 351.993255615, 185.377319336, -1.66974937916], [9104.15429688, 1020.40289307, -847.675598145, 450.922973633, -446.457214355, 127.196220398, -229.32963562, 33.7974395752, -108.725959778, -22.038318634, -12.964838028, -35.2948760986, 47.7324905396], [-20290.4628906, -1406.21557617, 2684.35375977, -446.457214355, 1277.63342285, -243.356079102, 681.876953125, -86.8227310181, 289.159667969, 54.76902771, 141.488388062, 79.1625366211, -5.44761514664], [4368.18701172, 157.184860229, -609.480895996, 127.196220398, -243.356079102, 179.145431519, -144.773986816, 26.2976284027, -63.4898872375, 6.97621822357, -39.5818443298, -3.89458155632, -4.27458572388], [-11019.9960938, -579.47845459, 1587.55407715, -229.32963562, 681.876953125, -144.773986816, 477.005950928, -2.80906772614, 173.170379639, 25.6947822571, 99.8122558594, 35.5912704468, 11.4711427689], [1590.97827148, 125.439407349, -164.670028687, 33.7974395752, -86.8227310181, 26.2976284027, -2.80906772614, 80.214515686, -12.3715991974, 12.4095125198, -9.4759645462, -1.24953532219, 3.56118917465], [-5078.13964844, -322.875488281, 650.035095215, -108.725959778, 289.159667969, -63.4898872375, 173.170379639, -12.3715991974, 125.07925415, 16.6805496216, 51.3227310181, 6.14891386032, 4.72947454453], [-689.06829834, -78.3949050903, 118.154266357, -22.038318634, 54.76902771, 6.97621822357, 25.6947822571, 12.4095125198, 16.6805496216, 52.7515296936, 6.63993883133, 20.4089221954, -7.22022867203], [-2245.81030273, -31.6234779358, 351.993255615, -12.964838028, 141.488388062, -39.5818443298, 99.8122558594, -9.4759645462, 51.3227310181, 6.63993883133, 67.2013702393, 8.35566520691, 21.4926929474], [-1197.80053711, -119.577941895, 185.377319336, -35.2948760986, 79.1625366211, -3.89458155632, 35.5912704468, -1.24953532219, 6.14891386032, 20.4089221954, 8.35566520691, 46.1370315552, 5.16988325119], [422.554168701, 144.204650879, -1.66974937916, 47.7324905396, -5.44761514664, -4.27458572388, 11.4711427689, 3.56118917465, 4.72947454453, -7.22022867203, 21.4926929474, 5.16988325119, 46.2729644775]],
        "icov": [[0.000569772149902, -0.00176690914668, 0.00129500136245, -0.00117290753406, 0.00216905842535, -0.00140373781323, 0.00156984454952, -0.00176733464468, 0.00231653591618, -0.00151409115642, 0.0016256456729, -0.000955041497946, 0.00031112373108], [-0.00176690914668, 0.00688355276361, -0.0036485940218, 0.000921950908378, -0.0052344026044, 0.00644971430302, -0.00735061056912, 0.00632936879992, -0.00651090918109, 0.00363015849143, -0.00507172010839, 0.00308832991868, -0.00184227945283], [0.00129500136245, -0.0036485940218, 0.00459427759051, -0.00437631784007, 0.0037771796342, -0.00132510263938, 0.000364789448213, -0.0026363034267, 0.00435393163934, -0.00373937026598, 0.00385829433799, -0.00447604013607, 0.00233917566948], [-0.00117290753406, 0.000921950908378, -0.00437631784007, 0.0131790749729, -0.00566274346784, -0.00396969588473, 0.00367266405374, 0.000972923473455, -0.00302870199084, 0.00443911273032, -0.00645879935473, 0.00630817562342, -0.00463643716648], [0.00216905842535, -0.0052344026044, 0.0037771796342, -0.00566274346784, 0.0175912063569, -0.00392656587064, -0.00129279459361, -0.00111469475087, 0.00730833271518, -0.00859674904495, 0.00757736712694, -0.00480040581897, -0.000474274216685], [-0.00140373781323, 0.00644971430302, -0.00132510263938, -0.00396969588473, -0.00392656587064, 0.0167538523674, -0.00884172320366, 0.00548086222261, -0.00604044832289, 0.00021670521528, -0.00120193779003, -0.00150419620331, 0.000998881994747], [0.00156984454952, -0.00735061056912, 0.000364789448213, 0.00367266405374, -0.00129279459361, -0.00884172320366, 0.0270872600377, -0.0173323974013, 0.00588673399761, 0.000907881418243, -0.00178444606718, 0.00245568715036, -0.00145901052747], [-0.00176733464468, 0.00632936879992, -0.0026363034267, 0.000972923473455, -0.00111469475087, 0.00548086222261, -0.0173323974013, 0.0274871978909, -0.00856272038072, -0.00295392237604, 0.000473057851195, 0.000939139863476, -0.00203863927163], [0.00231653591618, -0.00651090918109, 0.00435393163934, -0.00302870199084, 0.00730833271518, -0.00604044832289, 0.00588673399761, -0.00856272038072, 0.0331294164062, -0.0114285582677, -0.00197820365429, 0.0069797928445, -0.00311049818993], [-0.00151409115642, 0.00363015849143, -0.00373937026598, 0.00443911273032, -0.00859674904495, 0.00021670521528, 0.000907881418243, -0.00295392237604, -0.0114285582677, 0.0336548164487, -0.00786940380931, -0.0103306910023, 0.00803828705102], [0.0016256456729, -0.00507172010839, 0.00385829433799, -0.00645879935473, 0.00757736712694, -0.00120193779003, -0.00178444606718, 0.000473057851195, -0.00197820365429, -0.00786940380931, 0.0371456928551, -0.00509807374328, -0.00876024458557], [-0.000955041497946, 0.00308832991868, -0.00447604013607, 0.00630817562342, -0.00480040581897, -0.00150419620331, 0.00245568715036, 0.000939139863476, 0.0069797928445, -0.0103306910023, -0.00509807374328, 0.0399978868663, -0.0133832339197], [0.00031112373108, -0.00184227945283, 0.00233917566948, -0.00463643716648, -0.000474274216685, 0.000998881994747, -0.00145901052747, -0.00203863927163, -0.00311049818993, 0.00803828705102, -0.00876024458557, -0.0133832339197, 0.0370695106685]]
    },
    "melbands": {
        "max": [0.0157305113971, 0.0140931205824, 0.00692125363275, 0.0129589671269, 0.0612046681345, 0.00968840252608, 0.0121085001156, 0.0174463670701, 0.00579726742581, 0.00347212166525, 0.0026850386057, 0.00563762197271, 0.00295052840374, 0.00123650277965, 0.000695253605954, 0.000769104750361, 0.000727317936253, 0.000892573094461, 0.000812546059024, 0.000659717072267, 0.000761227100156, 0.00042393244803, 0.000286273570964, 0.000253558740951, 0.000164519238751, 0.000237009007833, 9.95955706458e-05, 7.71431368776e-05, 5.9156514908e-05, 6.27155168331e-05, 5.21363326698e-05, 3.7913559936e-05, 4.66750789201e-05, 4.29735191574e-05, 3.37580822816e-05, 2.87466500595e-05, 2.47816788033e-05, 1.98057659873e-05, 1.17268982649e-05, 5.62250579605e-06],
        "mean": [0.000887052563485, 0.000738104456104, 0.000412007299019, 0.00052853411762, 0.000739426584914, 0.000488349876832, 0.000276440754533, 0.000220781890675, 0.000344103231328, 0.000197978355573, 0.000154924651724, 0.000265664944891, 9.80731201707e-05, 0.000111132008897, 7.83353607403e-05, 6.55917683616e-05, 5.98477672611e-05, 7.23491466488e-05, 7.57784291636e-05, 5.78459766984e-05, 4.31465523434e-05, 2.85828937194e-05, 2.20048132178e-05, 1.91531144083e-05, 1.40049705806e-05, 1.13635169328e-05, 7.76543129177e-06, 7.39837332731e-06, 5.62121203984e-06, 3.63101025869e-06, 2.72566308013e-06, 2.36802111431e-06, 2.2456295028e-06, 1.85865906133e-06, 1.50466200921e-06, 1.21640550788e-06, 8.94033632903e-07, 7.00425914602e-07, 3.89610306684e-07, 1.89758907254e-07],
        "min": [8.01939232953e-25, 1.41348885858e-24, 4.77231166767e-25, 8.66515781085e-25, 9.98743364119e-25, 8.2827841111e-25, 6.10429295234e-25, 1.07486055286e-24, 1.55945829998e-24, 9.71769645972e-25, 1.15393251874e-24, 1.31766326202e-24, 1.58248159993e-24, 1.91546254904e-24, 1.93011287934e-24, 1.68934286752e-24, 2.70825651752e-24, 1.53544862808e-24, 2.22547482681e-24, 2.68032019185e-24, 2.70863615683e-24, 2.87038419683e-24, 2.51496015497e-24, 3.35080778508e-24, 2.87563524945e-24, 3.26351598718e-24, 4.01718738514e-24, 4.41954391769e-24, 3.78765647185e-24, 3.99363357623e-24, 4.1408965523e-24, 4.2207525473e-24, 4.79900691792e-24, 5.13780847722e-24, 4.59015204896e-24, 5.08481911249e-24, 4.48021205447e-24, 5.5919990877e-24, 5.11489877324e-24, 5.61282146572e-24],
        "stdev": [0.00160640885588, 0.00141032203101, 0.00074692175258, 0.00120530137792, 0.00232323491946, 0.000780329166446, 0.000591135467403, 0.00078227056656, 0.000650289352052, 0.000318604172207, 0.000226019401453, 0.00047129477025, 0.000179095193744, 0.000146558915731, 0.000114801361633, 0.00010454790754, 0.000104176644527, 0.000111227564048, 0.000116284027172, 9.61902478593e-05, 7.4085801316e-05, 5.22940135852e-05, 3.4529282857e-05, 3.06516776618e-05, 1.99466758204e-05, 1.64328157553e-05, 1.02528183561e-05, 1.04420823845e-05, 7.64603009884e-06, 5.75369904254e-06, 4.5289884838e-06, 3.88236685467e-06, 4.02855084758e-06, 3.21253287439e-06, 2.90001821668e-06, 2.7761191177e-06, 2.01930038202e-06, 1.54900362759e-06, 8.67418975758e-07, 4.47020624961e-07]
    },
    "melbands128": {
        "max": [0.00360452872701, 0.0145189613104, 0.0281934477389, 0.0259984992445, 0.0194789767265, 0.0111597636715, 0.00817865505815, 0.00743765896186, 0.0242533124983, 0.0190126691014, 0.0274524148554, 0.0697130039334, 0.107168391347, 0.0326662659645, 0.00833934545517, 0.00900166109204, 0.0160934701562, 0.0198499113321, 0.00904644373804, 0.0207008942962, 0.0351594015956, 0.013899887912, 0.00877195131034, 0.0111815547571, 0.00551153859124, 0.00366038200445, 0.00373964710161, 0.00521177984774, 0.00363608356565, 0.0106956223026, 0.00572373718023, 0.00280875922181, 0.00471991300583, 0.00442586326972, 0.00310348905623, 0.00176709145308, 0.00182748178486, 0.00118299457245, 0.0010756351985, 0.0012823761208, 0.00126453861594, 0.00160869501997, 0.00104962696787, 0.00151970144361, 0.00143687077798, 0.0011202035239, 0.00102662935387, 0.00116768968292, 0.00103035243228, 0.000951552065089, 0.00115908088628, 0.00110253144521, 0.00131737929769, 0.000641624967102, 0.00107697758358, 0.000568722491153, 0.000587755348533, 0.000423032994149, 0.000374467781512, 0.000307533133309, 0.000432931323303, 0.000467782054329, 0.00020565331215, 0.00035493329051, 0.000171855048393, 0.000442787917564, 0.000191662489669, 0.000121645512991, 9.93525682134e-05, 0.000105038467154, 0.000125801743707, 0.000134572168463, 9.29262605496e-05, 8.29478449305e-05, 7.91960264905e-05, 8.62447122927e-05, 6.73121685395e-05, 7.53587301006e-05, 5.79253282922e-05, 3.8952792238e-05, 4.88442346978e-05, 5.64629590372e-05, 5.97338403168e-05, 6.63382306811e-05, 6.63088867441e-05, 3.72361610061e-05, 6.40895159449e-05, 3.64644220099e-05, 3.97994444938e-05, 5.25489522261e-05, 3.50349182554e-05, 6.50106085232e-05, 2.42069381784e-05, 2.53028665611e-05, 4.31044609286e-05, 2.66061797447e-05, 2.05792021006e-05, 2.29258221225e-05, 1.32977529574e-05, 8.31631587062e-06, 5.57386556466e-06, 5.91241632719e-06, 8.35187529447e-06, 1.29974487209e-05, 7.14143970981e-06, 3.32948320647e-06, 4.39838549937e-06, 4.56818452221e-06, 1.96230848815e-06, 1.87959244613e-06, 2.23567644753e-06, 1.15880789053e-06, 9.52204572968e-07, 3.97537093022e-07, 2.59021732063e-07, 1.82084356481e-08, 3.66889474357e-09, 2.71780442596e-09, 2.63876609452e-09, 2.58362864436e-09, 2.50102161203e-09, 2.4519126729e-09, 2.43329689731e-09, 2.36297781342e-09, 2.32722463522e-09, 2.27569518785e-09, 2.28067387198e-09, 2.26462604225e-09],
        "mean": [0.000112059773528, 0.000728605315089, 0.00124956551008, 0.00113511108793, 0.000721818127204, 0.000428775616456, 0.000410633772844, 0.00032968306914, 0.000513741746545, 0.000640865764581, 0.000405037688324, 0.000624482578132, 0.000998085830361, 0.000665497092996, 0.000471500359708, 0.000450068706414, 0.000229579105508, 0.000321565981722, 0.000206831187825, 0.000198498339159, 0.000179453360033, 0.000397335155867, 0.000443360593636, 0.000178578324267, 0.000198034962523, 0.000192163701286, 0.000236959342146, 7.6254713349e-05, 0.000121220560686, 0.000410240230849, 0.000263698544586, 9.65496510617e-05, 0.000108476058813, 6.53347742627e-05, 0.000109942520794, 0.000122102239402, 0.000129726759042, 5.99861596129e-05, 6.61175727146e-05, 6.11481809756e-05, 5.99608429184e-05, 8.28551710583e-05, 5.79285224376e-05, 4.91559367219e-05, 5.68566210859e-05, 6.91091117915e-05, 0.000105221537524, 7.98494438641e-05, 5.73577890464e-05, 7.03843470546e-05, 5.84558620176e-05, 4.48393875558e-05, 5.0114653277e-05, 3.82790713047e-05, 3.65980959032e-05, 2.58560339716e-05, 2.33922492043e-05, 2.76753689832e-05, 1.9158644136e-05, 1.52237562361e-05, 2.46066010732e-05, 1.73159842234e-05, 1.15912052934e-05, 1.57587383001e-05, 1.25284868773e-05, 1.10461214717e-05, 1.18782445497e-05, 7.01449289409e-06, 7.76058186602e-06, 6.60195155433e-06, 8.34944239614e-06, 7.03351315678e-06, 6.38060873825e-06, 5.99884015173e-06, 3.66079052583e-06, 4.11414794144e-06, 3.27926068167e-06, 2.93195921586e-06, 2.71428939413e-06, 2.51886103797e-06, 2.23001279664e-06, 2.42198098022e-06, 2.32523916566e-06, 2.22033531827e-06, 2.24322207032e-06, 1.9096817141e-06, 1.76086177817e-06, 1.69342774825e-06, 1.47948117046e-06, 1.41788905239e-06, 1.20562742723e-06, 1.33267860747e-06, 9.36031028687e-07, 8.48957085964e-07, 8.90404919573e-07, 7.82745530614e-07, 6.69721146096e-07, 5.67657309603e-07, 4.16893300326e-07, 3.14677748747e-07, 1.62565370943e-07, 1.79885176976e-07, 1.89240694226e-07, 1.74333308678e-07, 1.25000525486e-07, 9.81239907105e-08, 8.20854992867e-08, 6.80271909914e-08, 5.39878044492e-08, 4.51864003992e-08, 3.50675293248e-08, 1.18288960849e-08, 3.47921647048e-09, 1.65508573513e-09, 7.12790271251e-10, 1.18455467657e-10, 2.89333158127e-11, 7.15878441596e-12, 7.23832235469e-12, 6.93194677007e-12, 6.59580333059e-12, 6.49542529138e-12, 6.4449296594e-12, 6.26564165135e-12, 5.78400868867e-12, 4.99067627502e-12, 4.58227119443e-12, 4.50115162157e-12],
        "min": [3.46763147227e-27, 2.33310197973e-25, 4.48242845779e-25, 3.29817814092e-25, 1.72829760788e-25, 4.81743303234e-26, 3.04264834435e-25, 2.15897671212e-25, 3.80790603825e-25, 4.31306741701e-25, 7.93939135669e-26, 7.57997215342e-26, 5.72668273986e-26, 3.04183606414e-25, 2.53217891777e-25, 1.43587660781e-25, 1.65021985327e-25, 1.45955044684e-25, 2.80232679996e-25, 1.53409102311e-25, 2.9615729183e-25, 4.25605742547e-25, 1.90288965928e-25, 7.24130529213e-25, 4.47966941678e-25, 3.62890265202e-25, 5.69913645661e-25, 5.83155612727e-25, 2.59324242177e-25, 5.37626456278e-25, 4.27431758327e-25, 3.87455566354e-25, 6.14634564808e-25, 4.23233095463e-25, 4.83476085516e-25, 1.84591898752e-25, 5.57632511177e-25, 6.15657963921e-25, 5.56333651696e-25, 7.45028144845e-25, 8.8310848415e-25, 7.76459568057e-25, 5.88605162468e-25, 6.54742028167e-25, 4.67099826161e-25, 1.05533486495e-24, 1.002124915e-24, 6.70563323874e-25, 1.40069471799e-24, 1.11663645704e-24, 5.91833723634e-25, 1.43181547792e-24, 1.30014591537e-24, 1.48593961906e-24, 1.36676393691e-24, 1.09439472103e-24, 1.61823376223e-24, 1.52840725564e-24, 1.05981510186e-24, 1.79128026255e-24, 1.63698143607e-24, 1.61854694001e-24, 2.17408546922e-24, 1.33611886011e-24, 1.78779527229e-24, 1.6309395504e-24, 2.15881371374e-24, 2.35277548045e-24, 1.55822649368e-24, 2.49600126362e-24, 1.90503854103e-24, 2.08986391796e-24, 2.45572774504e-24, 2.41318920959e-24, 2.34260134414e-24, 2.14886519165e-24, 1.93206412679e-24, 2.46120283415e-24, 2.05082969987e-24, 1.96448670442e-24, 2.09389440554e-24, 2.49738532008e-24, 1.36335270515e-24, 2.33952222282e-24, 3.01787120939e-24, 2.67380439799e-24, 2.65928206037e-24, 2.97365673895e-24, 3.59648392008e-24, 2.93471540922e-24, 3.6135047774e-24, 2.60752982676e-24, 3.08060576731e-24, 2.81851205636e-24, 3.29241038441e-24, 2.31253746062e-24, 3.81802919442e-24, 3.67128647213e-24, 3.16573214203e-24, 3.62908911901e-24, 3.85088249011e-24, 4.26880561491e-24, 3.12667859684e-24, 3.73357887351e-24, 4.0023863824e-24, 3.32123654518e-24, 3.73072240817e-24, 3.69314935768e-24, 3.23845979268e-24, 3.86305658603e-24, 4.39465535613e-24, 4.68619231429e-24, 3.66685544042e-24, 4.82368248703e-24, 4.26811693934e-24, 4.03847164122e-24, 4.48111963894e-24, 4.02635434329e-24, 4.35684446409e-24, 4.57158896857e-24, 4.25212870094e-24, 4.65210169028e-24, 5.08539024779e-24, 4.85144605216e-24, 5.15575979597e-24, 5.38396976168e-24, 4.96109850685e-24, 5.67104965572e-24],
        "stdev": [0.000283257453702, 0.00149375142064, 0.00242679798976, 0.00232159043662, 0.0016224461142, 0.000970169785433, 0.000844384310767, 0.000690957589541, 0.00162279349752, 0.00161464384291, 0.00114628940355, 0.00286887190305, 0.00356748467311, 0.00153652275912, 0.000903990701772, 0.000801586022135, 0.000668074237183, 0.00090186734451, 0.000579647079576, 0.000996830523945, 0.001203700318, 0.000864178233314, 0.000957726326305, 0.000587121641729, 0.000507534539793, 0.00038406951353, 0.000462201220216, 0.000190635750187, 0.000281797081698, 0.000857554725371, 0.000495451735333, 0.000237473490415, 0.000278317369521, 0.000169132399606, 0.000191467741388, 0.000181560026249, 0.000220410744078, 0.00013015337754, 0.000122218218166, 0.000119300231745, 0.000125114107504, 0.000139534036862, 0.000118073679914, 0.000121344157378, 0.000124473372125, 0.000124972648337, 0.000159587201779, 0.000150957581354, 0.00012442204752, 0.0001275758259, 0.000109753360448, 0.000100943703728, 9.66604711721e-05, 7.41254989407e-05, 7.55775545258e-05, 5.99412378506e-05, 4.86153148813e-05, 4.52537606179e-05, 3.70733541786e-05, 2.93739140034e-05, 4.65093398816e-05, 3.59799305443e-05, 1.99820060516e-05, 3.1478539313e-05, 1.92686420633e-05, 2.45462342718e-05, 1.91031940631e-05, 1.07986761577e-05, 1.25718997879e-05, 1.06406732812e-05, 1.42821390909e-05, 1.32497953018e-05, 1.06411644083e-05, 8.64118010213e-06, 6.44742249278e-06, 6.91158493282e-06, 6.07423271504e-06, 5.7170054788e-06, 5.09442952534e-06, 4.06504386774e-06, 3.92622223444e-06, 4.72955844089e-06, 4.46501371698e-06, 4.6293412197e-06, 4.2578853936e-06, 3.60855801773e-06, 3.40903147844e-06, 3.28339706357e-06, 3.08670632876e-06, 3.28004011863e-06, 2.74217541119e-06, 3.93635627916e-06, 2.22909488912e-06, 1.96141991182e-06, 2.29728721024e-06, 1.90000844214e-06, 1.48800131683e-06, 1.43832085087e-06, 1.02334036001e-06, 7.41417295558e-07, 4.14067443444e-07, 4.5459992748e-07, 5.21024219324e-07, 5.55123506274e-07, 3.58314650839e-07, 2.64725485977e-07, 2.47707760082e-07, 2.36252489572e-07, 1.5353634808e-07, 1.30137266297e-07, 1.32845343614e-07, 5.65447386691e-08, 3.66357042481e-08, 1.95279188375e-08, 1.03840314125e-08, 9.10847341995e-10, 2.00087071911e-10, 6.7973973672e-11, 6.60740004377e-11, 6.46645514912e-11, 6.25499652074e-11, 6.13194842125e-11, 6.08457520479e-11, 5.90947984991e-11, 5.81955837686e-11, 5.69096644809e-11, 5.70262309596e-11, 5.66256416756e-11]
    },
    "mfcc": {
        "mean": [-817.617004395, 78.7252731323, -19.3862495422, 7.36459159851, -5.83191919327, 1.9955265522, -5.71061992645, 1.4663361311, -2.66645240784, 2.26221013069, -3.98181724548, -1.42462408543, -0.540590286255],
        "cov": [[96897.2421875, 16766.078125, -3824.59228516, 1655.24597168, -1306.02441406, 341.718170166, -1124.69287109, 321.949127197, -552.648071289, 459.055023193, -832.808654785, -349.860839844, -129.203796387], [16766.078125, 4172.88720703, -104.99521637, 793.565856934, -196.382339478, 82.7261352539, -64.210319519, 109.974227905, -68.6807556152, 129.999237061, -75.9318771362, -102.325126648, 38.2685279846], [-3824.59228516, -104.99521637, 885.934814453, 292.87789917, 112.980026245, 41.4138450623, 149.254516602, 32.9791603088, 39.5544509888, 1.08011317253, 81.4261322021, 0.629504561424, 37.8025169373], [1655.24597168, 793.565856934, 292.87789917, 364.737670898, 40.7039642334, 36.1036491394, 60.7782402039, 33.3794212341, 3.90864491463, 36.5331611633, 10.1336507797, -23.3786468506, 19.9636631012], [-1306.02441406, -196.382339478, 112.980026245, 40.7039642334, 104.131401062, 47.6703796387, 26.8421936035, -5.45304250717, 6.2595000267, -7.83424949646, 11.8279094696, 10.0071468353, 1.52754974365], [341.718170166, 82.7261352539, 41.4138450623, 36.1036491394, 47.6703796387, 106.420875549, 21.0243587494, 7.07853078842, 2.30796265602, -4.80129289627, 6.84559249878, 7.76828956604, 4.02493953705], [-1124.69287109, -64.210319519, 149.254516602, 60.7782402039, 26.8421936035, 21.0243587494, 104.828132629, 30.7705383301, 24.4019622803, 16.426240921, 23.0967731476, 2.48529958725, 7.9825835228], [321.949127197, 109.974227905, 32.9791603088, 33.3794212341, -5.45304250717, 7.07853078842, 30.7705383301, 49.596736908, 19.2495613098, 15.7532577515, 4.36660766602, 0.385796904564, 2.85633397102], [-552.648071289, -68.6807556152, 39.5544509888, 3.90864491463, 6.2595000267, 2.30796265602, 24.4019622803, 19.2495613098, 44.7532424927, 18.7687587738, 15.6284952164, 3.96568346024, 2.26087474823], [459.055023193, 129.999237061, 1.08011317253, 36.5331611633, -7.83424949646, -4.80129289627, 16.426240921, 15.7532577515, 18.7687587738, 56.3133049011, 11.7582321167, 0.347498625517, 2.5873606205], [-832.808654785, -75.9318771362, 81.4261322021, 10.1336507797, 11.8279094696, 6.84559249878, 23.0967731476, 4.36660766602, 15.6284952164, 11.7582321167, 47.9723472595, 13.8804244995, 10.9418706894], [-349.860839844, -102.325126648, 0.629504561424, -23.3786468506, 10.0071468353, 7.76828956604, 2.48529958725, 0.385796904564, 3.96568346024, 0.347498625517, 13.8804244995, 37.1019515991, 10.7739925385], [-129.203796387, 38.2685279846, 37.8025169373, 19.9636631012, 1.52754974365, 4.02493953705, 7.9825835228, 2.85633397102, 2.26087474823, 2.5873606205, 10.9418706894, 10.7739925385, 29.6208992004]],
        "icov": [[8.98386279005e-05, -0.000353468145477, 0.000141295153298, 0.00018079864094, 0.000205021104193, -0.000320264400216, 0.000363420404028, -0.00025351633667, 0.000263754453044, -0.000293788907584, 0.000563103123568, -0.000391674577259, 0.00044579198584], [-0.000353468145477, 0.00254122260958, 0.000128674510051, -0.00386934936978, 0.00193020747975, -0.000341837410815, 4.41929951194e-05, -0.000470491417218, 0.000215177657083, 0.000363851286238, -0.00217884336598, 0.00229680910707, -0.00247969175689], [0.000141295153298, 0.000128674510051, 0.00312366965227, -0.00329387234524, 0.000533218670171, -0.000551688019186, -0.000459780800156, -0.000965996820014, 0.000205695308978, 0.00145959632937, -0.00212856288999, 0.000503853254486, -0.000592058117036], [0.00018079864094, -0.00386934936978, -0.00329387234524, 0.0142659535632, -0.00798112619668, 0.00260724546388, -0.00313529581763, 0.0012274995679, 0.000159598421305, -0.00272984593175, 0.00297651346773, 0.000776165281422, 4.74507623949e-06], [0.000205021104193, 0.00193020747975, 0.000533218670171, -0.00798112619668, 0.0224880427122, -0.0103457383811, 0.00241582281888, 0.00139661133289, 0.000848079274874, -0.000688972068019, 0.00230134511366, -0.00368671049364, 0.00304579781368], [-0.000320264400216, -0.000341837410815, -0.000551688019186, 0.00260724546388, -0.0103457383811, 0.0160510186106, -0.00450560264289, 0.000583665561862, -0.00187610439025, 0.00415774481371, -0.00321904523298, -0.000866733666044, -0.00121365895029], [0.000363420404028, 4.41929951194e-05, -0.000459780800156, -0.00313529581763, 0.00241582281888, -0.00450560264289, 0.0197500232607, -0.0102921593934, 0.000485559663502, -0.00411446997896, -0.000134926027386, 0.000529868004378, 0.000565089285374], [-0.00025351633667, -0.000470491417218, -0.000965996820014, 0.0012274995679, 0.00139661133289, 0.000583665561862, -0.0102921593934, 0.0339680165052, -0.0129855517298, -0.000103847698483, 0.00265875225887, -0.00274543161504, 0.000271018245257], [0.000263754453044, 0.000215177657083, 0.000205695308978, 0.000159598421305, 0.000848079274874, -0.00187610439025, 0.000485559663502, -0.0129855517298, 0.0369425453246, -0.010763771832, -0.00439401995391, 0.000874204153661, 0.00126058876049], [-0.000293788907584, 0.000363851286238, 0.00145959632937, -0.00272984593175, -0.000688972068019, 0.00415774481371, -0.00411446997896, -0.000103847698483, -0.010763771832, 0.0278368890285, -0.00822442304343, -2.64841655735e-05, 0.000252675934462], [0.000563103123568, -0.00217884336598, -0.00212856288999, 0.00297651346773, 0.00230134511366, -0.00321904523298, -0.000134926027386, 0.00265875225887, -0.00439401995391, -0.00822442304343, 0.0371770597994, -0.0114028323442, -0.00245150318369], [-0.000391674577259, 0.00229680910707, 0.000503853254486, 0.000776165281422, -0.00368671049364, -0.000866733666044, 0.000529868004378, -0.00274543161504, 0.000874204153661, -2.64841655735e-05, -0.0114028323442, 0.0400091037154, -0.0158168207854], [0.00044579198584, -0.00247969175689, -0.000592058117036, 4.74507623949e-06, 0.00304579781368, -0.00121365895029, 0.000565089285374, 0.000271018245257, 0.00126058876049, 0.000252675934462, -0.00245150318369, -0.0158168207854, 0.0460302233696]]
    },
    "spectral_contrast_coeffs": {
        "max": [-0.26873973012, -0.469560533762, -0.514252305031, -0.64021897316, -0.672276973724, -0.634676337242],
        "mean": [-0.787518620491, -0.819869995117, -0.809947907925, -0.838737547398, -0.837224841118, -0.807939350605],
        "min": [-0.983574330807, -0.983374238014, -0.976192891598, -0.97390627861, -0.971024572849, -0.965424418449],
        "stdev": [0.133913531899, 0.118846111, 0.120536908507, 0.0922801047564, 0.0890643820167, 0.106079407036]
    },
    "spectral_contrast_valleys": {
        "max": [-4.9542222023, -4.51606464386, -5.14353990555, -5.17028570175, -5.65530633926, -8.20122337341],
        "mean": [-13.4084997177, -12.9736995697, -13.309091568, -13.3784446716, -13.5176372528, -15.6059045792],
        "min": [-28.0008010864, -28.3895645142, -28.0115394592, -27.776714325, -27.5498352051, -27.4530715942],
        "stdev": [9.48742675781, 9.70090579987, 9.53032016754, 9.45874500275, 9.36996936798, 7.96061372757]
    }
},
"rhythm": {
    "beats_count": 68,
    "beats_loudness": {
        "max": 0.0825766846538,
        "mean": 0.0276045966893,
        "min": 0,
        "stdev": 0.023638388142
    },
    "bpm": 143.172866821,
    "bpm_histogram_first_peak_bpm": 144,
    "bpm_histogram_first_peak_weight": 0.555555582047,
    "bpm_histogram_second_peak_bpm": 101,
    "bpm_histogram_second_peak_spread": 0.615384638309,
    "bpm_histogram_second_peak_weight": 0.0746268630028,
    "danceability": 0.89874124527,
    "onset_rate": 1.28038871288,
    "beats_loudness_band_ratio": {
        "max": [0.645704448223, 0.819646120071, 0.786607861519, 0.531626880169, 0.552545130253, 0.347899317741],
        "mean": [0.171698302031, 0.191806554794, 0.129023477435, 0.122212857008, 0.0977648049593, 0.0373207628727],
        "min": [0, 0, 0, 0, 0, 0],
        "stdev": [0.197798326612, 0.222505927086, 0.149946883321, 0.135785460472, 0.148451805115, 0.0517243780196]
    },
    "beats_position": [0.417959183455, 0.859138309956, 1.28870749474, 1.71827661991, 2.13623571396, 2.56580495834, 2.99537420273, 3.41333317757, 3.8196823597, 4.22603178024, 4.63238096237, 5.0387301445, 5.45668935776, 5.87464857101, 6.29260778427, 6.71056699753, 7.14013576508, 7.55809497833, 7.98766422272, 8.40562343597, 8.84680271149, 9.287981987, 9.72916126251, 10.1703395844, 10.7043991089, 11.2384576797, 11.7725172043, 12.4226751328, 13.0612239838, 13.7694330215, 14.4776411057, 15.1858501434, 15.8940582275, 16.5558280945, 17.2292060852, 17.8909740448, 18.5527439117, 19.2261219025, 19.8182315826, 20.4103393555, 21.0024490356, 21.6061668396, 22.2911567688, 22.9413146973, 23.5914726257, 24.2416324615, 24.8801803589, 25.4955101013, 26.1224479675, 26.73777771, 27.3414955139, 27.9452152252, 28.537322998, 29.1294326782, 29.7099323273, 30.2788200378, 30.8477096558, 31.4049873352, 31.962266922, 32.5195465088, 33.0652160645, 33.6108856201, 34.1565513611, 34.6673927307, 35.1666221619, 35.6658477783, 36.1650772095, 36.6643066406],
