{
"metadata": {
    "version": {
        "essentia": "2.1-beta5",
        "essentia_git_sha": "Undefined",
        "extractor": "music 2.0"
    },
    "audio_properties": {
        "analysis": {
            "equal_loudness": 0,
            "length": 29.0133342743,
            "sample_rate": 44100,
            "start_time": 175.240997314,
            "downmix": "mix"
        },
        "bit_rate": 192000,
        "length": 204.277557373,
        "lossless": 0,
        "number_channels": 2,
        "replay_gain": -0.82495880127,
        "sample_rate": 48000,
        "codec": "mp3",
        "md5_encoded": "6ecf054cd400b82f860a37b1c803b850"
    },
    "tags": {
        "file_name": "Finland_Tule Luo_Katri-Helena.mp3",
        "encoding": ["Lavf58.29.100"]
    }
},
"lowlevel": {
    "average_loudness": 0.685246765614,
    "barkbands_crest": {
        "max": 22.2820262909,
        "mean": 6.98438882828,
        "min": 2.47355413437,
        "stdev": 3.02097034454
    },
    "barkbands_flatness_db": {
        "max": 0.27175244689,
        "mean": 0.0978366732597,
        "min": 0.048639472574,
        "stdev": 0.0324582457542
    },
    "barkbands_kurtosis": {
        "max": 17.9315090179,
        "mean": 1.58089578152,
        "min": -1.82626473904,
        "stdev": 2.17467308044
    },
    "barkbands_skewness": {
        "max": 3.18956184387,
        "mean": -0.368287593126,
        "min": -2.28173661232,
        "stdev": 1.18973553181
    },
    "barkbands_spread": {
        "max": 124.97063446,
        "mean": 25.0256443024,
        "min": 3.47120714188,
        "stdev": 10.5859107971
    },
    "dissonance": {
        "max": 0.49998909235,
        "mean": 0.481648653746,
        "min": 0.292380720377,
        "stdev": 0.0223739203066
    },
    "dynamic_complexity": 3.64105701447,
    "erbbands_crest": {
        "max": 29.4334468842,
        "mean": 7.05882072449,
        "min": 2.54335927963,
        "stdev": 4.43093109131
    },
    "erbbands_flatness_db": {
        "max": 0.339145809412,
        "mean": 0.152359381318,
        "min": 0.0738913938403,
        "stdev": 0.0518144182861
    },
    "erbbands_kurtosis": {
        "max": 17.7814006805,
        "mean": 0.555839061737,
        "min": -1.64678120613,
        "stdev": 1.58663642406
    },
    "erbbands_skewness": {
        "max": 3.80262732506,
        "mean": 0.0444856137037,
        "min": -1.95056355,
        "stdev": 0.704577445984
    },
    "erbbands_spread": {
        "max": 93.5136184692,
        "mean": 30.1382541656,
        "min": 4.20044803619,
        "stdev": 11.3221826553
    },
    "hfc": {
        "max": 120.298553467,
        "mean": 25.9559001923,
        "min": 1.01447528054e-16,
        "stdev": 25.4797382355
    },
    "loudness_ebu128": {
        "integrated": -21.0970439911,
        "loudness_range": 8.08408355713,
        "momentary": {
            "max": -19.3410568237,
            "mean": -116.550346375,
            "min": -300.691009521,
            "stdev": 131.042800903
        },
        "short_term": {
            "max": -20.232503891,
            "mean": -99.29637146,
            "min": -300.691009521,
            "stdev": 122.751968384
        }
    },
    "melbands_crest": {
        "max": 28.8779468536,
        "mean": 6.82251787186,
        "min": 1.40366351604,
        "stdev": 4.94333600998
    },
    "melbands_flatness_db": {
        "max": 0.288043051958,
        "mean": 0.0785784199834,
        "min": 0.00250857626088,
        "stdev": 0.0627118870616
    },
    "melbands_kurtosis": {
        "max": 32.2065391541,
        "mean": 1.28436720371,
        "min": -1.49091422558,
        "stdev": 3.44939160347
    },
    "melbands_skewness": {
        "max": 4.32796907425,
        "mean": 0.640727043152,
        "min": -0.891052305698,
        "stdev": 0.810860157013
    },
    "melbands_spread": {
        "max": 166.438964844,
        "mean": 69.4684524536,
        "min": 5.52250862122,
        "stdev": 47.9972877502
    },
    "pitch_salience": {
        "max": 0.848641335964,
        "mean": 0.684959352016,
        "min": 0.327704340219,
        "stdev": 0.122752606869
    },
    "silence_rate_20dB": {
        "max": 1,
        "mean": 1,
        "min": 1,
        "stdev": 0
    },
    "silence_rate_30dB": {
        "max": 1,
        "mean": 1,
        "min": 1,
        "stdev": 0
    },
    "silence_rate_60dB": {
        "max": 1,
        "mean": 0.396482825279,
        "min": 0,
        "stdev": 0.489164113998
    },
    "spectral_centroid": {
        "max": 11820.5419922,
        "mean": 5103.12402344,
        "min": 604.916564941,
        "stdev": 4314.14208984
    },
    "spectral_complexity": {
        "max": 61,
        "mean": 18.8257389069,
        "min": 0,
        "stdev": 16.4793567657
    },
    "spectral_decrease": {
        "max": 2.08463620145e-28,
        "mean": -4.42952252655e-09,
        "min": -2.37367903111e-08,
        "stdev": 4.33077795847e-09
    },
    "spectral_energy": {
        "max": 0.0949090123177,
        "mean": 0.0190723147243,
        "min": 9.65492885011e-21,
        "stdev": 0.0183954332024
    },
    "spectral_energyband_high": {
        "max": 0.0100758392364,
        "mean": 0.00123955006711,
        "min": 6.71589878036e-21,
        "stdev": 0.0016202328261
    },
    "spectral_energyband_low": {
        "max": 0.0380854643881,
        "mean": 0.0023416641634,
        "min": 1.21986413269e-23,
        "stdev": 0.00401952490211
    },
    "spectral_energyband_middle_high": {
        "max": 0.0524529106915,
        "mean": 0.00968638435006,
        "min": 1.05656046213e-21,
        "stdev": 0.0102256443352
    },
    "spectral_energyband_middle_low": {
        "max": 0.0582502298057,
        "mean": 0.00664167059585,
        "min": 1.35024840417e-22,
        "stdev": 0.00882977526635
    },
    "spectral_entropy": {
        "max": 9.82748317719,
        "mean": 8.50962257385,
        "min": 6.52309846878,
        "stdev": 0.960671186447
    },
    "spectral_flux": {
        "max": 0.246054276824,
        "mean": 0.0648266449571,
        "min": 6.37051106311e-11,
        "stdev": 0.0574725717306
    },
    "spectral_kurtosis": {
        "max": 10.2702789307,
        "mean": 1.70885694027,
        "min": -1.26905357838,
        "stdev": 2.39325141907
    },
    "spectral_rms": {
        "max": 0.00962258595973,
        "mean": 0.00330157740973,
        "min": 3.06911093761e-12,
        "stdev": 0.00277608493343
    },
    "spectral_rolloff": {
        "max": 19681.3476562,
        "mean": 8045.20849609,
        "min": 430.6640625,
        "stdev": 7808.93066406
    },
    "spectral_skewness": {
        "max": 2.12676000595,
        "mean": 0.862017035484,
        "min": -0.0920543447137,
        "stdev": 0.658252120018
    },
    "spectral_spread": {
        "max": 43173492,
        "mean": 16658537,
        "min": 2668019.25,
        "stdev": 17314718
    },
    "spectral_strongpeak": {
        "max": 22.3428859711,
        "mean": 1.19398665428,
        "min": 0,
        "stdev": 1.74928832054
    },
    "zerocrossingrate": {
        "max": 0.62744140625,
        "mean": 0.231974571943,
        "min": 0.02587890625,
        "stdev": 0.195994704962
    },
    "barkbands": {
        "max": [0.001446758979, 0.0308641269803, 0.0198677740991, 0.0115680471063, 0.0289620589465, 0.0303955636919, 0.0386494733393, 0.0175796244293, 0.0397946983576, 0.0381158106029, 0.0276889000088, 0.0290742199868, 0.0375747084618, 0.01863732934, 0.0167318116874, 0.0153812291101, 0.0148728247732, 0.0105944564566, 0.00562204420567, 0.00462632346898, 0.00402273004875, 0.00325173675083, 0.00474550249055, 0.00598358083516, 0.00142415356822, 0.0010553955799, 3.15315702437e-07],
        "mean": [7.60261827963e-05, 0.00136910111178, 0.000613994663581, 0.000582734995987, 0.00107144762296, 0.00115015928168, 0.00132579717319, 0.000439298513811, 0.00111928314436, 0.00252221594565, 0.000938797078561, 0.00128974963445, 0.00104405800812, 0.000995559967123, 0.000876625359524, 0.000581573520321, 0.000756384455599, 0.000450550141977, 0.000422098411946, 0.000415764225181, 0.000313084688969, 0.000228546341532, 0.000238465087023, 0.000182129704626, 4.88547848363e-05, 2.00235481316e-05, 1.55420210035e-09],
        "min": [1.08460769356e-25, 3.891373685e-25, 6.89690784939e-25, 6.82749795049e-25, 5.33178937381e-24, 7.03205125955e-24, 2.7113829705e-24, 3.57096505866e-24, 7.66590967436e-24, 1.19930263097e-23, 1.10340759492e-23, 1.7991433914e-23, 2.06840496863e-23, 2.09333912635e-23, 2.56137361463e-23, 4.53300049632e-23, 6.5460473087e-23, 5.38346070973e-23, 1.17368744963e-22, 1.49331407224e-22, 2.1809661428e-22, 2.9033423558e-22, 3.47759321e-22, 5.01148010253e-22, 7.22449419292e-22, 1.17346475104e-21, 1.89607507271e-21],
        "stdev": [0.000150784413563, 0.00263464124873, 0.0013720303541, 0.00122806814034, 0.00253968802281, 0.00279587274417, 0.00345612410456, 0.00112509098835, 0.00269243400544, 0.0049454299733, 0.0022572320886, 0.00277956598438, 0.00248906691559, 0.00174481666181, 0.0015074275434, 0.00121724477503, 0.0012856881367, 0.000759637157898, 0.000600602070335, 0.000535031780601, 0.000426773854997, 0.000341198930983, 0.000379760604119, 0.00042375701014, 0.00011899445235, 6.15854660282e-05, 1.05767314906e-08]
    },
    "erbbands": {
        "max": [0.800509154797, 7.26377391815, 21.7925128937, 21.0449752808, 100.032325745, 61.2943344116, 82.0992965698, 331.78036499, 563.469238281, 390.466552734, 224.807861328, 533.426940918, 1155.66064453, 1040.12268066, 1510.359375, 1360.35522461, 1994.2175293, 670.926879883, 1058.96252441, 499.0262146, 893.7265625, 610.340270996, 728.553955078, 419.465057373, 206.447372437, 183.84576416, 179.44380188, 170.797851562, 106.127174377, 156.843353271, 71.5456542969, 132.836349487, 58.0114746094, 12.8182792664, 11.1105928421, 4.38760375977, 2.67607831955, 0.16851298511, 0.00316686253063, 0.000202074865228],
        "mean": [0.0348276533186, 0.318686544895, 0.760094285011, 1.43196213245, 3.28591275215, 3.29482579231, 3.38128566742, 11.399430275, 21.4850406647, 11.8255290985, 10.9347400665, 21.0360908508, 75.243347168, 64.5753936768, 30.5136547089, 59.4224433899, 50.2680435181, 52.5766525269, 46.7730369568, 37.9539375305, 38.8657836914, 35.8289337158, 28.7678356171, 24.3171386719, 18.8809833527, 19.760931015, 13.1384344101, 12.3312931061, 8.58035087585, 9.18391036987, 5.29819822311, 4.41264533997, 2.14699482918, 0.641794741154, 0.319803982973, 0.122272759676, 0.0328194797039, 0.00202321331017, 5.78925828449e-05, 2.84256420855e-05],
        "min": [2.50486798131e-23, 3.13119567749e-22, 1.99052249851e-21, 4.18499752459e-21, 9.08016272459e-21, 1.35133176641e-20, 3.07254784504e-20, 5.92551801155e-20, 8.33633267566e-20, 1.20620485049e-19, 1.36682665259e-19, 2.2097292544e-19, 4.31087735322e-19, 5.61235273076e-19, 5.83025536856e-19, 8.29530736071e-19, 1.32786828104e-18, 1.66730670509e-18, 1.9656297032e-18, 2.72727052107e-18, 3.2687406753e-18, 4.11943885985e-18, 4.30467768623e-18, 5.80565439676e-18, 5.97449891698e-18, 7.54086466853e-18, 7.02869263121e-18, 7.75571573365e-18, 8.54230493918e-18, 1.04935900898e-17, 8.5485336092e-18, 9.61766289656e-18, 8.15764113893e-18, 6.77108914971e-18, 5.26962150749e-18, 3.96355253751e-18, 2.07107475858e-18, 8.26288136371e-19, 2.29946077327e-19, 2.49027780197e-20],
        "stdev": [0.081070356071, 0.604603290558, 1.47690832615, 2.78842973709, 8.80909347534, 6.61854743958, 6.98418664932, 29.9334697723, 54.5926017761, 29.2044315338, 20.2036266327, 40.1943778992, 143.537445068, 126.70841217, 75.706237793, 124.772438049, 114.647422791, 82.5037536621, 80.64453125, 62.1790885925, 68.6634063721, 58.7549171448, 51.0351486206, 34.152961731, 25.5635700226, 25.2042827606, 17.6565570831, 18.4692459106, 12.7139816284, 13.9446563721, 7.7768445015, 10.0706882477, 4.36382389069, 1.38727319241, 0.88053381443, 0.330471515656, 0.118725441396, 0.00815892219543, 0.000162836106028, 2.90896787192e-05]
    },
    "gfcc": {
        "mean": [-418.86038208, 40.2623558044, -106.824180603, 20.29296875, -46.7046318054, 18.037481308, -23.0725364685, 7.50410699844, -14.3092632294, 1.97888755798, -8.55014705658, 1.54104995728, -4.94662570953],
        "cov": [[381723.625, 18762.8066406, -46638.2578125, 9446.58105469, -20857.03125, 7988.32861328, -10164.4707031, 3292.64331055, -6570.77099609, 775.49206543, -3880.97631836, 688.963378906, -2350.32104492], [18762.8066406, 1477.50720215, -1900.13098145, 596.657104492, -995.264404297, 342.996887207, -385.525268555, 86.1147155762, -347.728393555, -6.57562494278, -105.449325562, 30.0373687744, -127.648925781], [-46638.2578125, -1900.13098145, 6654.42773438, -954.130371094, 2581.22900391, -1033.98547363, 1367.65319824, -464.678344727, 693.376953125, -146.999389648, 463.843414307, -54.4934768677, 208.826217651], [9446.58105469, 596.657104492, -954.130371094, 397.58001709, -449.821105957, 181.801971436, -231.872573853, 70.0994720459, -161.490737915, -3.23461103439, -128.53062439, 7.32817792892, -79.2022781372], [-20857.03125, -995.264404297, 2581.22900391, -449.821105957, 1245.4239502, -416.475067139, 572.273376465, -172.213668823, 372.060760498, -40.6779670715, 186.526779175, -48.6996765137, 114.311889648], [7988.32861328, 342.996887207, -1033.98547363, 181.801971436, -416.475067139, 230.955322266, -194.582702637, 77.9251785278, -143.266021729, 15.2463636398, -85.1945877075, 6.59129047394, -50.432800293], [-10164.4707031, -385.525268555, 1367.65319824, -231.872573853, 572.273376465, -194.582702637, 362.135009766, -88.4700927734, 155.239761353, -33.1111183167, 117.459350586, -22.8656616211, 51.3071174622], [3292.64331055, 86.1147155762, -464.678344727, 70.0994720459, -172.213668823, 77.9251785278, -88.4700927734, 79.2416305542, -34.5788497925, 16.5023345947, -54.5655174255, 0.51463830471, -13.2822904587], [-6570.77099609, -347.728393555, 693.376953125, -161.490737915, 372.060760498, -143.266021729, 155.239761353, -34.5788497925, 176.303359985, 6.23507165909, 65.7398910522, -16.9323539734, 52.7396202087], [775.49206543, -6.57562494278, -146.999389648, -3.23461103439, -40.6779670715, 15.2463636398, -33.1111183167, 16.5023345947, 6.23507165909, 50.1991004944, 5.7425775528, 6.59011173248, -0.720543086529], [-3880.97631836, -105.449325562, 463.843414307, -128.53062439, 186.526779175, -85.1945877075, 117.459350586, -54.5655174255, 65.7398910522, 5.7425775528, 128.660202026, 3.76279807091, 29.1035900116], [688.963378906, 30.0373687744, -54.4934768677, 7.32817792892, -48.6996765137, 6.59129047394, -22.8656616211, 0.51463830471, -16.9323539734, 6.59011173248, 3.76279807091, 37.7884063721, 0.961288273335], [-2350.32104492, -127.648925781, 208.826217651, -79.2022781372, 114.311889648, -50.432800293, 51.3071174622, -13.2822904587, 52.7396202087, -0.720543086529, 29.1035900116, 0.961288273335, 55.7538986206]],
        "icov": [[0.000360278703738, -0.00114047748502, 0.000655903364532, -0.000856353784911, 0.00153388362378, -0.00132249179296, 0.00106076162774, -0.00147493090481, 0.00143269170076, -0.0011737634195, 0.00106891291216, -0.000974190712441, 0.00132302171551], [-0.00114047748502, 0.00782001391053, -0.00158357422333, -0.00297430204228, -0.00177301117219, 0.00509223993868, -0.0070570865646, 0.00715420721099, -0.0038341304753, 0.00457000220194, -0.00712783820927, 0.00364357698709, -0.00468325661495], [0.000655903364532, -0.00158357422333, 0.00328601407818, -0.00248599401675, 0.00113491702359, 0.00158017117064, -0.00183561746962, -0.00101870659273, 0.00433398550376, -0.00156607513782, 0.00192886998411, -0.00345910410397, 0.00366672337987], [-0.000856353784911, -0.00297430204228, -0.00248599401675, 0.0156298298389, -0.00696127815172, 0.000571920303628, 0.0039343633689, 0.000315080484143, -0.00403803307563, 0.00295555312186, 0.00495116924867, 0.00182107719593, 0.00109153229278], [0.00153388362378, -0.00177301117219, 0.00113491702359, -0.00696127815172, 0.0174475312233, -0.00712252128869, -0.00099606171716, -0.00120293151122, -0.00204247911461, -0.00507221091539, 0.00445432029665, -0.00101557793096, 0.00443573063239], [-0.00132249179296, 0.00509223993868, 0.00158017117064, 0.000571920303628, -0.00712252128869, 0.0267054345459, -0.0107351019979, 0.00246921880171, 0.00385811342858, 0.00347575731575, -0.00384543230757, 0.00341214123182, -0.00162638770416], [0.00106076162774, -0.0070570865646, -0.00183561746962, 0.0039343633689, -0.00099606171716, -0.0107351019979, 0.024919571355, -0.0115595534444, 0.00462854653597, -0.00041113171028, 0.000381610356271, 0.000714015448466, 0.00307443225756], [-0.00147493090481, 0.00715420721099, -0.00101870659273, 0.000315080484143, -0.00120293151122, 0.00246921880171, -0.0115595534444, 0.0372775197029, -0.0134656401351, -0.000170305342181, 0.00331572513096, 0.00401903316379, -0.00637986510992], [0.00143269170076, -0.0038341304753, 0.00433398550376, -0.00403803307563, -0.00204247911461, 0.00385811342858, 0.00462854653597, -0.0134656401351, 0.031830009073, -0.00948395952582, 0.000283841654891, -0.000460188952275, -0.000513681210577], [-0.0011737634195, 0.00457000220194, -0.00156607513782, 0.00295555312186, -0.00507221091539, 0.00347575731575, -0.00041113171028, -0.000170305342181, -0.00948395952582, 0.031281247735, -0.00945118814707, -0.00119838269893, -0.000741963565815], [0.00106891291216, -0.00712783820927, 0.00192886998411, 0.00495116924867, 0.00445432029665, -0.00384543230757, 0.000381610356271, 0.00331572513096, 0.000283841654891, -0.00945118814707, 0.0238511115313, -0.00609658053145, 0.00364179047756], [-0.000974190712441, 0.00364357698709, -0.00345910410397, 0.00182107719593, -0.00101557793096, 0.00341214123182, 0.000714015448466, 0.00401903316379, -0.000460188952275, -0.00119838269893, -0.00609658053145, 0.0352920740843, -0.00871938280761], [0.00132302171551, -0.00468325661495, 0.00366672337987, 0.00109153229278, 0.00443573063239, -0.00162638770416, 0.00307443225756, -0.00637986510992, -0.000513681210577, -0.000741963565815, 0.00364179047756, -0.00871938280761, 0.0346136651933]]
    },
    "melbands": {
        "max": [0.00808994565159, 0.00954013783485, 0.00443939119577, 0.00726747047156, 0.00262572686188, 0.00667784363031, 0.00806731637567, 0.00414414238185, 0.0020439827349, 0.00491721462458, 0.00590898049995, 0.00492801517248, 0.0042116898112, 0.00412454875186, 0.00292943534441, 0.00351500906982, 0.00152912596241, 0.0016800374724, 0.00125085108448, 0.000627248256933, 0.00131261860952, 0.00077927816892, 0.000682453857735, 0.000379550125217, 0.000405286846217, 0.000166274170624, 0.000173322085175, 0.000168011785718, 0.000119095639093, 0.000101362507849, 0.000101429737697, 8.18568805698e-05, 8.35169485072e-05, 0.000146281920024, 5.48419156985e-05, 2.87531547656e-05, 0.000137074239319, 6.6247273935e-05, 1.45479843923e-05, 1.28443953145e-05],
        "mean": [0.000350115820765, 0.000410739739891, 0.00029910178273, 0.000248503667535, 0.000116346935101, 0.000265720445896, 0.000318088248605, 0.000114918875624, 8.95839330042e-05, 0.00015330723545, 0.000385894119972, 0.000271226395853, 0.000105036771856, 0.000131342807435, 0.000140321280924, 0.000101409510535, 9.93607100099e-05, 7.39258903195e-05, 6.66964770062e-05, 4.0406575863e-05, 4.91216196679e-05, 4.12333756685e-05, 2.87187122012e-05, 2.12470913539e-05, 2.00678532565e-05, 1.29300060507e-05, 1.40649299283e-05, 1.29603195091e-05, 8.35336686578e-06, 7.46337855162e-06, 6.82954942022e-06, 5.26111398358e-06, 3.54060784957e-06, 6.11366385783e-06, 3.4340844195e-06, 1.89554384633e-06, 3.29126055476e-06, 1.84764792266e-06, 7.30631427359e-07, 4.73464893957e-07],
        "min": [2.46841997467e-25, 1.01882618504e-24, 1.28730749996e-24, 8.48742153245e-25, 1.18306663108e-24, 1.44980860631e-24, 1.17666265825e-24, 1.0500495955e-24, 1.27263488434e-24, 1.13001366445e-24, 1.97830439204e-24, 1.82326541681e-24, 1.67703880676e-24, 1.86113823444e-24, 2.25842179973e-24, 2.20932033598e-24, 2.11537291862e-24, 2.43256915545e-24, 2.40431196061e-24, 2.98964221633e-24, 3.16231597988e-24, 3.47989540588e-24, 3.16643915861e-24, 2.43412715574e-24, 4.18437028235e-24, 4.25427203602e-24, 4.14161244357e-24, 4.47941924926e-24, 3.93376889429e-24, 4.29107318611e-24, 4.01874972416e-24, 3.73833333818e-24, 4.43264255859e-24, 5.68789104719e-24, 4.3447342659e-24, 5.3115771797e-24, 5.13213301743e-24, 4.62669405824e-24, 5.54023324624e-24, 4.98858991497e-24],
        "stdev": [0.000712317530997, 0.000725026067812, 0.000564851681702, 0.000611698720604, 0.000227061842452, 0.000658749777358, 0.000788180681411, 0.000301160849631, 0.000166407015058, 0.000336919736583, 0.000742802745663, 0.000557653082069, 0.000259916647337, 0.000302639236907, 0.00030687591061, 0.000229976940318, 0.000170098879607, 0.000133761976031, 0.000112550500489, 7.91102065705e-05, 8.88542781468e-05, 6.90646265866e-05, 5.75521225983e-05, 3.43718747899e-05, 3.02304033539e-05, 1.9868803065e-05, 1.98603629542e-05, 1.79119942914e-05, 1.2864895325e-05, 1.05699527921e-05, 1.09718612293e-05, 8.16343435872e-06, 6.11902123637e-06, 1.04569817267e-05, 5.29197950527e-06, 3.28388114212e-06, 9.39640722208e-06, 4.24780455432e-06, 1.54709800881e-06, 1.11655390356e-06]
    },
    "melbands128": {
        "max": [0.00119678711053, 0.00693202251568, 0.0136192962527, 0.0116815306246, 0.0120534766465, 0.00892205536366, 0.00493895541877, 0.00590241281316, 0.0132549116388, 0.0115311304107, 0.00313733378425, 0.00379569479264, 0.00391870038584, 0.00705744698644, 0.0115401865914, 0.0149282924831, 0.0173540860415, 0.0148601243272, 0.0142245581374, 0.00374466041103, 0.00717120012268, 0.00313167506829, 0.00206168275326, 0.00370805384591, 0.00183038506657, 0.00878241006285, 0.0128682898358, 0.0117090512067, 0.0121166110039, 0.0114986840636, 0.00848775170743, 0.00465816771612, 0.00373705592938, 0.00998970400542, 0.00530025037006, 0.00870414078236, 0.00859421305358, 0.00494096195325, 0.00790526811033, 0.00651805195957, 0.00431355694309, 0.00240295170806, 0.00211100862361, 0.00380097748712, 0.00236863526516, 0.00307791330852, 0.0041370363906, 0.00193246628623, 0.00139195006341, 0.000669574772473, 0.00092759745894, 0.00100555445533, 0.00212111044675, 0.00135377701372, 0.00202681007795, 0.000582381850109, 0.00110933172982, 0.00124983990099, 0.00164741312619, 0.00141783861909, 0.000382126570912, 0.0003712947655, 0.000778463669121, 0.000391520472476, 0.000331307877786, 0.000344062194927, 0.000366939260857, 0.00020842293452, 0.000303124717902, 0.000211566817597, 0.000249405682553, 0.000464593758807, 0.000312020711135, 0.000261403998593, 0.000103614787804, 0.000139481839142, 0.000127609688207, 0.000242697191425, 0.000165911522345, 0.000122429031762, 0.000159708346473, 8.52072407724e-05, 5.86265050515e-05, 9.86291634035e-05, 0.000109231550596, 5.58469764655e-05, 0.000367250235286, 0.000156679598149, 4.92099861731e-05, 3.82476864615e-05, 2.67429059022e-05, 4.80282069475e-05, 3.5969853343e-05, 4.62142379547e-05, 0.000464714219561, 3.40880469594e-05, 2.14503597817e-05, 3.01504969684e-05, 1.99578207685e-05, 1.20208178487e-05, 1.04642804217e-05, 2.23549268412e-05, 1.34021838676e-05, 2.72650759143e-05, 1.85670160135e-05, 1.20887298181e-05, 1.14238746391e-05, 9.96937797026e-06, 1.24046082419e-05, 6.12036456005e-06, 8.04985393188e-06, 1.85154531209e-05, 7.84353505878e-06, 4.98994950249e-06, 5.24359484189e-06, 5.46059368389e-07, 1.2620841261e-08, 5.6585747199e-10, 5.20833765005e-10, 4.68329430792e-10, 4.37685665489e-10, 3.96556426585e-10, 3.74980102524e-10, 3.4294805884e-10, 3.35791922046e-10, 3.14954534675e-10, 3.02507408012e-10, 2.97640939673e-10],
        "mean": [5.87721915508e-05, 0.000249329284998, 0.000466654048068, 0.00055551645346, 0.000436692207586, 0.000276965380181, 0.000282481138129, 0.000286496360786, 0.000364768959116, 0.000274442543741, 0.000167119447724, 0.000108085616375, 0.000106420222437, 0.00011414547771, 0.000196879234863, 0.000393131369492, 0.000433581066318, 0.000283794011921, 0.000229776356719, 9.73839778453e-05, 8.37623447296e-05, 7.51557236072e-05, 0.000103329773992, 8.41539658722e-05, 7.78135217843e-05, 0.000172726577148, 0.000348484056303, 0.000465528748464, 0.000364062609151, 0.000300170795526, 0.00025349232601, 0.000182680378202, 6.57290147501e-05, 8.36510880617e-05, 7.92194477981e-05, 0.000148289866047, 0.000218395303818, 0.000125714650494, 0.000119016600365, 9.55558643909e-05, 0.000115891787573, 7.50903782318e-05, 8.42098597786e-05, 0.000144691948663, 6.49790235911e-05, 5.83473847655e-05, 8.35698956507e-05, 7.28272934793e-05, 5.92995893385e-05, 3.90322384192e-05, 3.79730154236e-05, 4.32840570284e-05, 3.81645077141e-05, 5.11063190061e-05, 7.55042419769e-05, 2.98312515952e-05, 2.4851766284e-05, 3.34998658218e-05, 2.38754764723e-05, 3.3837484807e-05, 1.83485735761e-05, 1.35202635647e-05, 2.6158959372e-05, 2.07668890653e-05, 1.28140754896e-05, 1.2012615116e-05, 1.39359890454e-05, 1.32355080495e-05, 1.44807754623e-05, 1.39229914566e-05, 1.39180965562e-05, 1.25375581774e-05, 9.21224091144e-06, 8.00590260042e-06, 5.72609314986e-06, 9.68018048297e-06, 5.1260994951e-06, 9.42182032304e-06, 6.6680195232e-06, 5.01538033859e-06, 6.61289413983e-06, 4.98826693729e-06, 3.05966864289e-06, 3.1835977552e-06, 4.13887755712e-06, 4.06248818763e-06, 9.9619901448e-06, 4.87186662212e-06, 2.64516052084e-06, 2.27741270464e-06, 1.7383621298e-06, 1.85259546015e-06, 2.04971843232e-06, 1.8986897885e-06, 7.05019238012e-06, 1.36187895805e-06, 1.064679509e-06, 1.01950399767e-06, 8.26787129427e-07, 5.44217812148e-07, 3.80415798418e-07, 5.06549326929e-07, 5.21880281212e-07, 4.57409697674e-07, 3.57473766144e-07, 2.77717276731e-07, 2.49644898531e-07, 2.36251565866e-07, 2.58275264287e-07, 1.47241820514e-07, 1.17889669582e-07, 1.13315124395e-07, 1.03198551926e-07, 1.11963053939e-07, 3.69136756717e-08, 2.99314084629e-09, 4.04773055351e-11, 3.76424932891e-12, 3.62685033915e-12, 3.49165119561e-12, 3.37911447955e-12, 3.28187216986e-12, 3.22186331433e-12, 3.130408259e-12, 2.95555485468e-12, 2.68430893832e-12, 2.53439326817e-12, 2.49992040957e-12],
        "min": [2.38031182283e-26, 1.94854757262e-25, 1.70237588505e-25, 9.57792016808e-26, 3.2556969951e-25, 2.618502241e-25, 2.24668744446e-25, 2.03705998485e-25, 3.88248765994e-25, 1.45837233238e-25, 3.87696711272e-25, 1.30094170346e-25, 1.68683544848e-25, 3.45763922386e-25, 4.75970714952e-25, 2.81050580843e-25, 7.00242539104e-25, 4.55153908258e-25, 4.26199557593e-25, 4.46485312986e-25, 5.84842887596e-25, 2.91913146204e-25, 6.11954064756e-25, 7.96781660355e-25, 1.96298902734e-25, 4.05355485895e-25, 5.7378054321e-25, 7.568141212e-25, 9.0108662418e-25, 7.70549274243e-25, 4.21248962375e-25, 4.45176839263e-25, 4.37995591924e-25, 7.71895761201e-25, 5.27054684769e-25, 1.12188819991e-24, 6.04445785268e-25, 8.28955253767e-25, 6.27399911976e-25, 7.92293830665e-25, 7.82496128919e-25, 9.02945180473e-25, 7.98521542385e-25, 7.91949542184e-25, 8.97918756e-25, 9.16244290651e-25, 1.2163477852e-24, 6.84321058061e-25, 8.00108138881e-25, 1.13091089512e-24, 1.43534365832e-24, 1.40734905555e-24, 9.59398334826e-25, 1.37559858741e-24, 1.90180598626e-24, 1.39543262132e-24, 1.75933810121e-24, 8.49756529761e-25, 1.10888984295e-24, 1.61314265116e-24, 1.56677212525e-24, 1.46904537391e-24, 1.45624048509e-24, 1.99161503931e-24, 1.73962545326e-24, 1.4676049139e-24, 1.69475425611e-24, 2.18079039248e-24, 1.70329466149e-24, 1.04540468388e-24, 2.16593712771e-24, 1.80464277742e-24, 1.98673830119e-24, 2.61138597608e-24, 1.98998111116e-24, 1.59547394182e-24, 2.10118348031e-24, 1.75018218711e-24, 2.44356449596e-24, 2.43287799449e-24, 2.84464484879e-24, 1.51274087249e-24, 2.68491432054e-24, 1.79481771207e-24, 2.41498978461e-24, 2.15046125447e-24, 2.89424980301e-24, 1.7042468166e-24, 3.24546980789e-24, 2.65864229417e-24, 3.14881600599e-24, 3.28217294202e-24, 3.05424854396e-24, 2.89305665089e-24, 2.6243268448e-24, 4.19600834729e-24, 2.56208887482e-24, 3.49564383057e-24, 4.14044966259e-24, 3.67302985473e-24, 3.77893916442e-24, 3.23554988201e-24, 4.09370965396e-24, 3.43708195241e-24, 3.83718155391e-24, 4.4406743459e-24, 3.43276885541e-24, 4.3838838549e-24, 4.07636378594e-24, 3.87972048379e-24, 4.47380019303e-24, 3.49854289439e-24, 4.44386410497e-24, 4.39466758348e-24, 4.8495101875e-24, 4.09043154247e-24, 4.35306582035e-24, 4.11487913078e-24, 4.12938194409e-24, 5.09070756472e-24, 5.09003229978e-24, 4.02748675312e-24, 5.3209094042e-24, 4.89834817171e-24, 5.03079949542e-24, 4.99745552825e-24, 5.25635849405e-24, 4.67519322669e-24],
        "stdev": [0.000129287262098, 0.000678791955579, 0.00104093959089, 0.00105740432627, 0.000832545920275, 0.000650721194688, 0.000607517955359, 0.000620024977252, 0.00111155037303, 0.00086168810958, 0.000355269323336, 0.000252264231676, 0.000266857008683, 0.000345874112099, 0.000736268528271, 0.00111774879042, 0.00125531118829, 0.00101259211078, 0.000783354626037, 0.000259936059592, 0.000378242373699, 0.000196207387489, 0.000205899996217, 0.000245422736043, 0.000191567552974, 0.000501143978909, 0.00104113295674, 0.00107712636236, 0.00104082084727, 0.000922285893466, 0.000654436880723, 0.000476550922031, 0.000267214432824, 0.000425214442657, 0.000256268831436, 0.000475018634461, 0.000593307893723, 0.000384171929909, 0.000479510170408, 0.000343299034284, 0.000316045770887, 0.000192277890164, 0.000177936060936, 0.000315876561217, 0.000181211202289, 0.000151343876496, 0.000235295068705, 0.000147705781274, 0.000116272523883, 8.86393390829e-05, 8.78693972481e-05, 9.96743401629e-05, 0.000105813138362, 0.000107384927105, 0.000157328817295, 5.54202415515e-05, 6.91463355906e-05, 9.45153151406e-05, 6.34377865936e-05, 8.81766027305e-05, 3.73839538952e-05, 2.46584313572e-05, 4.64736513095e-05, 3.59236910299e-05, 2.59949738393e-05, 2.46752861131e-05, 2.78481202258e-05, 2.39745058934e-05, 2.75194652204e-05, 2.20091696974e-05, 2.32050970226e-05, 2.49102231464e-05, 1.84221007657e-05, 1.71700430656e-05, 9.58758664638e-06, 1.62681990332e-05, 9.13586518436e-06, 2.0708228476e-05, 1.18481430036e-05, 9.90757689578e-06, 1.1950897715e-05, 9.22655181057e-06, 5.87899512539e-06, 6.6400821197e-06, 7.58444639359e-06, 6.63885612084e-06, 2.28287681239e-05, 9.74594604486e-06, 4.29854753747e-06, 3.91860521631e-06, 3.12834254146e-06, 3.96893346988e-06, 4.2432761802e-06, 3.6647604702e-06, 2.84915968223e-05, 2.52901872955e-06, 2.11920860238e-06, 2.46695799433e-06, 1.82861947451e-06, 1.25127576212e-06, 9.54102461037e-07, 1.31235105982e-06, 1.32395302899e-06, 1.43699787714e-06, 1.15231023301e-06, 8.79965170952e-07, 7.20318610092e-07, 7.42702695788e-07, 7.24500068827e-07, 4.06288990007e-07, 3.77101230242e-07, 6.28235170552e-07, 3.7654004359e-07, 3.97878181957e-07, 2.22188972998e-07, 2.13652278092e-08, 4.07634204169e-10, 1.69357305957e-11, 1.56792478306e-11, 1.42428126584e-11, 1.33894353938e-11, 1.22835014729e-11, 1.16874617623e-11, 1.08388124864e-11, 1.06101542482e-11, 1.00371750841e-11, 9.6957511464e-12, 9.56111145117e-12]
    },
    "mfcc": {
        "mean": [-827.683837891, 54.9470596313, -19.4329357147, 3.02517580986, -6.09111595154, 5.90949630737, -1.18882584572, 5.34782505035, -1.40528595448, 3.74306559563, -2.49762439728, 1.01872181892, -1.41354823112],
        "cov": [[104931.101562, 13103.5371094, -3828.74829102, 1104.54284668, -1425.3190918, 1429.00744629, -163.620941162, 1329.89086914, -361.73526001, 845.761413574, -622.154663086, 183.362670898, -395.432556152], [13103.5371094, 2015.06225586, -252.101104736, 267.739776611, -205.086044312, 221.836425781, 43.9464569092, 181.663391113, -121.481811523, 103.890068054, -106.068336487, 29.6377067566, -24.2563476562], [-3828.74829102, -252.101104736, 786.084106445, 190.262176514, 31.2252693176, -21.0496883392, 101.193565369, -28.4464740753, -59.228061676, -76.6393585205, -33.375995636, -25.611246109, 8.37597084045], [1104.54284668, 267.739776611, 190.262176514, 216.120407104, 20.5113601685, 47.5700798035, 14.92192173, 33.585395813, -7.86713027954, -2.67454862595, -18.7751617432, -9.22118473053, -10.3385219574], [-1425.3190918, -205.086044312, 31.2252693176, 20.5113601685, 91.458694458, -3.58710479736, -16.0099258423, -16.1430072784, 26.1296024323, -7.40393352509, 17.7567329407, -4.17908334732, -0.218636140227], [1429.00744629, 221.836425781, -21.0496883392, 47.5700798035, -3.58710479736, 79.3944854736, 25.121963501, 31.4641990662, -8.88605308533, 15.4023370743, -10.0239448547, 1.14948272705, -12.2150411606], [-163.620941162, 43.9464569092, 101.193565369, 14.92192173, -16.0099258423, 25.121963501, 92.3395462036, 14.9183645248, -20.6357517242, -4.51326227188, -4.13989114761, -1.5392280817, 1.03801000118], [1329.89086914, 181.663391113, -28.4464740753, 33.585395813, -16.1430072784, 31.4641990662, 14.9183645248, 64.8411254883, 4.5941119194, 13.0241136551, -13.1069335938, -2.54179859161, -13.8429574966], [-361.73526001, -121.481811523, -59.228061676, -7.86713027954, 26.1296024323, -8.88605308533, -20.6357517242, 4.5941119194, 86.2263565063, 7.04689836502, 18.5796127319, -12.5030431747, -14.4962186813], [845.761413574, 103.890068054, -76.6393585205, -2.67454862595, -7.40393352509, 15.4023370743, -4.51326227188, 13.0241136551, 7.04689836502, 54.2008514404, 9.73062801361, -1.77692437172, -8.03044223785], [-622.154663086, -106.068336487, -33.375995636, -18.7751617432, 17.7567329407, -10.0239448547, -4.13989114761, -13.1069335938, 18.5796127319, 9.73062801361, 43.5458831787, 6.03736543655, 6.08636713028], [183.362670898, 29.6377067566, -25.611246109, -9.22118473053, -4.17908334732, 1.14948272705, -1.5392280817, -2.54179859161, -12.5030431747, -1.77692437172, 6.03736543655, 41.1117668152, 15.8083028793], [-395.432556152, -24.2563476562, 8.37597084045, -10.3385219574, -0.218636140227, -12.2150411606, 1.03801000118, -13.8429574966, -14.4962186813, -8.03044223785, 6.08636713028, 15.8083028793, 41.5922164917]],
        "icov": [[8.94068361958e-05, -0.000544520386029, 0.000191898419871, 6.79748045513e-05, 0.000153677727212, -4.68500511488e-05, 0.000215631211177, -0.000157094778842, -0.000206207652809, 8.91882227734e-05, 4.91680912091e-05, -7.92340215412e-05, 0.000408366118791], [-0.000544520386029, 0.00545286387205, 7.72677376517e-05, -0.00363418995403, 0.00274094729684, -0.00205006776378, -0.00131354283076, -0.000249494973104, 0.00298430770636, -0.00232612504624, 0.00192767521366, -0.000265134527581, -0.00314401113428], [0.000191898419871, 7.72677376517e-05, 0.00418864423409, -0.00478881690651, 0.00162267731503, 0.00140413560439, -0.0031881199684, 0.00093951477902, 0.00180477753747, 0.00136742077302, 0.00242695654742, 0.000566094706301, 0.000971534638666], [6.79748045513e-05, -0.00363418995403, -0.00478881690651, 0.0139846075326, -0.00680604344234, -0.00218900619075, 0.00391853228211, -0.0025961578358, -0.00319327344187, 0.00150475162081, -0.0028606581036, 0.00115332810674, 0.000484655698529], [0.000153677727212, 0.00274094729684, 0.00162267731503, -0.00680604344234, 0.0215792506933, -0.00674941018224, 0.00333611946553, 0.000933014554903, -0.00125096773263, -0.000404911726946, -0.00178836297709, -0.000491360144224, -0.000666198262479], [-4.68500511488e-05, -0.00205006776378, 0.00140413560439, -0.00218900619075, -0.00674941018224, 0.0251843966544, -0.00780034577474, -0.00230114930309, 0.00108463258948, -0.00127030734438, 0.000930108537432, -0.00149450579192, 0.0048863994889], [0.000215631211177, -0.00131354283076, -0.0031881199684, 0.00391853228211, 0.00333611946553, -0.00780034577474, 0.0182942785323, -0.00501962844282, 0.000971467059571, 0.000834573351312, -0.00444541173056, 0.00108781573363, -0.000763665360864], [-0.000157094778842, -0.000249494973104, 0.00093951477902, -0.0025961578358, 0.000933014554903, -0.00230114930309, -0.00501962844282, 0.0259297192097, -0.00419660750777, -0.00159849307965, 0.00495978724211, -0.000952333735768, 0.00347574451007], [-0.000206207652809, 0.00298430770636, 0.00180477753747, -0.00319327344187, -0.00125096773263, 0.00108463258948, 0.000971467059571, -0.00419660750777, 0.0191300529987, -0.000432887725765, -0.00517492275685, 0.00408519152552, 0.00330215296708], [8.91882227734e-05, -0.00232612504624, 0.00136742077302, 0.00150475162081, -0.000404911726946, -0.00127030734438, 0.000834573351312, -0.00159849307965, -0.000432887725765, 0.0268283430487, -0.0100474506617, 0.00341284251772, 0.00386413559318], [4.91680912091e-05, 0.00192767521366, 0.00242695654742, -0.0028606581036, -0.00178836297709, 0.000930108537432, -0.00444541173056, 0.00495978724211, -0.00517492275685, -0.0100474506617, 0.0369631797075, -0.0066201868467, -0.00421903701499], [-7.92340215412e-05, -0.000265134527581, 0.000566094706301, 0.00115332810674, -0.000491360144224, -0.00149450579192, 0.00108781573363, -0.000952333735768, 0.00408519152552, 0.00341284251772, -0.0066201868467, 0.0318872854114, -0.0105890119448], [0.000408366118791, -0.00314401113428, 0.000971534638666, 0.000484655698529, -0.000666198262479, 0.0048863994889, -0.000763665360864, 0.00347574451007, 0.00330215296708, 0.00386413559318, -0.00421903701499, -0.0105890119448, 0.0351631566882]]
    },
    "spectral_contrast_coeffs": {
        "max": [-0.51568287611, -0.42146807909, -0.437012791634, -0.580028235912, -0.623047292233, -0.618258059025],
        "mean": [-0.825876235962, -0.827530741692, -0.80688482523, -0.839098155499, -0.838622748852, -0.803838014603],
        "min": [-0.981016457081, -0.983252882957, -0.978737711906, -0.975600898266, -0.971390724182, -0.965476572514],
        "stdev": [0.110243491828, 0.12332957238, 0.132946163416, 0.0988536030054, 0.0934772863984, 0.118096522987]
    },
    "spectral_contrast_valleys": {
        "max": [-5.47502470016, -5.21078157425, -5.50207328796, -5.33374786377, -5.49382591248, -8.07112312317],
        "mean": [-14.1446247101, -13.778263092, -13.8218050003, -13.9037017822, -13.9077835083, -15.8103952408],
        "min": [-28.0423297882, -28.3822956085, -27.9561977386, -27.8429279327, -27.6778144836, -27.4383487701],
        "stdev": [9.50852108002, 9.75176048279, 9.75715065002, 9.66843700409, 9.6790304184, 8.31099510193]
    }
},
"rhythm": {
    "beats_count": 65,
    "beats_loudness": {
        "max": 0.0673700943589,
        "mean": 0.0261728297919,
        "min": 0,
        "stdev": 0.020002419129
    },
    "bpm": 178.205886841,
    "bpm_histogram_first_peak_bpm": 178,
    "bpm_histogram_first_peak_weight": 0,
    "bpm_histogram_second_peak_bpm": 185,
    "bpm_histogram_second_peak_spread": 0,
    "bpm_histogram_second_peak_weight": 0.1875,
    "danceability": 0.750214993954,
    "onset_rate": 1.61929690838,
    "beats_loudness_band_ratio": {
        "max": [0.445912361145, 0.771929860115, 0.648416757584, 0.843216836452, 0.659305751324, 0.25709220767],
        "mean": [0.123097114265, 0.105589866638, 0.148046299815, 0.226532697678, 0.142357170582, 0.080011934042],
        "min": [0, 0, 0, 0, 0, 0],
        "stdev": [0.12947101891, 0.155114352703, 0.137270241976, 0.196745410562, 0.171121478081, 0.0692818686366]
    },
    "beats_position": [0.290249437094, 0.592108845711, 0.905578196049, 1.24226760864, 1.5673469305, 1.90403628349, 2.2523355484, 2.58902478218, 2.92571425438, 3.25079369545, 3.5758728981, 3.9125623703, 4.2492518425, 4.58594083786, 4.91102027893, 5.24770975113, 5.5727891922, 5.90947818756, 6.24616765976, 6.58285713196, 6.91954612732, 7.25623559952, 7.59292507172, 7.91800451279, 8.24308395386, 8.57977294922, 8.90485286713, 9.24154186249, 9.56662082672, 9.89170074463, 10.2167797089, 10.5418596268, 10.8785486221, 11.2152376175, 11.5635375977, 11.8770065308, 12.3181858063, 12.7593650818, 13.2121543884, 13.7346029282, 14.2570514679, 14.7795009613, 15.3251695633, 15.870839119, 16.4397277832, 17.0086174011, 17.5775051117, 18.1463947296, 18.7152824402, 19.3190021515, 19.9227199554, 20.5264396667, 21.1417675018, 21.7570972443, 22.3724250793, 22.9877548218, 23.6030826569, 24.2184123993, 24.8337402344, 25.4142398834, 25.9947395325, 26.5752372742, 27.1557369232, 27.7362346649, 28.316734314],
