{
"metadata": {
    "version": {
        "essentia": "2.1-beta5",
        "essentia_git_sha": "Undefined",
        "extractor": "music 2.0"
    },
    "audio_properties": {
        "analysis": {
            "equal_loudness": 0,
            "length": 32.4963264465,
            "sample_rate": 44100,
            "start_time": 12.7477550507,
            "downmix": "mix"
        },
        "bit_rate": 192000,
        "length": 216.235839844,
        "lossless": 0,
        "number_channels": 2,
        "replay_gain": 4.31524848938,
        "sample_rate": 48000,
        "codec": "mp3",
        "md5_encoded": "c4efeed380117216c4412b150b829084"
    },
    "tags": {
        "file_name": "Belgium_Iemand Als Jij_Barbara.mp3",
        "encoding": ["Lavf58.29.100"]
    }
},
"lowlevel": {
    "average_loudness": 0.84996175766,
    "barkbands_crest": {
        "max": 24.1626529694,
        "mean": 10.4065055847,
        "min": 2.56713557243,
        "stdev": 4.33230066299
    },
    "barkbands_flatness_db": {
        "max": 0.341045349836,
        "mean": 0.194218307734,
        "min": 0.0689675807953,
        "stdev": 0.0505786128342
    },
    "barkbands_kurtosis": {
        "max": 54.1215515137,
        "mean": 6.36976861954,
        "min": -1.38029181957,
        "stdev": 7.2154750824
    },
    "barkbands_skewness": {
        "max": 6.00581693649,
        "mean": 1.72847855091,
        "min": -2.73759150505,
        "stdev": 1.20545947552
    },
    "barkbands_spread": {
        "max": 63.8475151062,
        "mean": 10.4773721695,
        "min": 1.38090217113,
        "stdev": 7.43155431747
    },
    "dissonance": {
        "max": 0.499983847141,
        "mean": 0.434551656246,
        "min": 0.1851580441,
        "stdev": 0.0413677208126
    },
    "dynamic_complexity": 3.77405548096,
    "erbbands_crest": {
        "max": 26.2427463531,
        "mean": 10.5856199265,
        "min": 3.34585642815,
        "stdev": 3.97603464127
    },
    "erbbands_flatness_db": {
        "max": 0.341849952936,
        "mean": 0.233413517475,
        "min": 0.0995908081532,
        "stdev": 0.0359013937414
    },
    "erbbands_kurtosis": {
        "max": 14.7490215302,
        "mean": 1.73462665081,
        "min": -1.7685880661,
        "stdev": 2.5893099308
    },
    "erbbands_skewness": {
        "max": 3.22432041168,
        "mean": 0.949851334095,
        "min": -1.66182684898,
        "stdev": 0.721488893032
    },
    "erbbands_spread": {
        "max": 106.289001465,
        "mean": 23.1773357391,
        "min": 4.53159618378,
        "stdev": 12.6720085144
    },
    "hfc": {
        "max": 130.956298828,
        "mean": 12.2598285675,
        "min": 0.324393302202,
        "stdev": 13.943444252
    },
    "loudness_ebu128": {
        "integrated": -29.1354961395,
        "loudness_range": 6.85845947266,
        "momentary": {
            "max": -23.9923114777,
            "mean": -30.2988586426,
            "min": -39.3622360229,
            "stdev": 3.39195966721
        },
        "short_term": {
            "max": -26.1745548248,
            "mean": -30.0207824707,
            "min": -35.2919540405,
            "stdev": 2.67945218086
        }
    },
    "melbands_crest": {
        "max": 29.1899757385,
        "mean": 12.1480150223,
        "min": 2.71366643906,
        "stdev": 4.90696763992
    },
    "melbands_flatness_db": {
        "max": 0.411054521799,
        "mean": 0.231872424483,
        "min": 0.0177708677948,
        "stdev": 0.0761248096824
    },
    "melbands_kurtosis": {
        "max": 96.6410522461,
        "mean": 9.68304252625,
        "min": -1.33484697342,
        "stdev": 10.0881738663
    },
    "melbands_skewness": {
        "max": 7.77274656296,
        "mean": 2.00371813774,
        "min": -1.95750129223,
        "stdev": 1.24357509613
    },
    "melbands_spread": {
        "max": 128.415771484,
        "mean": 15.3723773956,
        "min": 1.78605031967,
        "stdev": 14.1910390854
    },
    "pitch_salience": {
        "max": 0.881391942501,
        "mean": 0.606842875481,
        "min": 0.228189766407,
        "stdev": 0.122941449285
    },
    "silence_rate_20dB": {
        "max": 1,
        "mean": 1,
        "min": 1,
        "stdev": 0
    },
    "silence_rate_30dB": {
        "max": 1,
        "mean": 0.992862224579,
        "min": 0,
        "stdev": 0.0841810554266
    },
    "silence_rate_60dB": {
        "max": 1,
        "mean": 0.102069951594,
        "min": 0,
        "stdev": 0.302745252848
    },
    "spectral_centroid": {
        "max": 4675.24707031,
        "mean": 957.63848877,
        "min": 311.871276855,
        "stdev": 685.719055176
    },
    "spectral_complexity": {
        "max": 44,
        "mean": 13.0378303528,
        "min": 0,
        "stdev": 5.61499118805
    },
    "spectral_decrease": {
        "max": -7.8298131867e-11,
        "mean": -4.74566963504e-09,
        "min": -5.14964995091e-08,
        "stdev": 4.83760231873e-09
    },
    "spectral_energy": {
        "max": 0.201683863997,
        "mean": 0.019023289904,
        "min": 0.000367351982277,
        "stdev": 0.0192127879709
    },
    "spectral_energyband_high": {
        "max": 0.0132884690538,
        "mean": 0.000283950124867,
        "min": 1.27667124161e-06,
        "stdev": 0.00102952052839
    },
    "spectral_energyband_low": {
        "max": 0.0100308572873,
        "mean": 0.000598140526563,
        "min": 6.79503784795e-07,
        "stdev": 0.000868685310706
    },
    "spectral_energyband_middle_high": {
        "max": 0.0298732835799,
        "mean": 0.0026389004197,
        "min": 4.11922446801e-05,
        "stdev": 0.00356221455149
    },
    "spectral_energyband_middle_low": {
        "max": 0.194936349988,
        "mean": 0.0159917846322,
        "min": 2.75194961432e-05,
        "stdev": 0.0174666792154
    },
    "spectral_entropy": {
        "max": 8.46185207367,
        "mean": 7.05128335953,
        "min": 5.75800895691,
        "stdev": 0.532353162766
    },
    "spectral_flux": {
        "max": 0.337143808603,
        "mean": 0.0550228729844,
        "min": 0.0111616859213,
        "stdev": 0.0376660116017
    },
    "spectral_kurtosis": {
        "max": 46.2844314575,
        "mean": 8.26597118378,
        "min": -0.433740377426,
        "stdev": 6.2769317627
    },
    "spectral_rms": {
        "max": 0.0140272853896,
        "mean": 0.00387065438554,
        "min": 0.000598658632953,
        "stdev": 0.00189138238784
    },
    "spectral_rolloff": {
        "max": 8247.21679688,
        "mean": 1179.82299805,
        "min": 258.3984375,
        "stdev": 1176.78979492
    },
    "spectral_skewness": {
        "max": 4.93160009384,
        "mean": 2.02566623688,
        "min": 0.208435595036,
        "stdev": 0.680229187012
    },
    "spectral_spread": {
        "max": 12506597,
        "mean": 3276392.25,
        "min": 1466265.625,
        "stdev": 1244417.25
    },
    "spectral_strongpeak": {
        "max": 9.27980995178,
        "mean": 1.10921669006,
        "min": 0.0111520923674,
        "stdev": 1.02869486809
    },
    "zerocrossingrate": {
        "max": 0.25732421875,
        "mean": 0.0471447557211,
        "min": 0.00537109375,
        "stdev": 0.0344265699387
    },
    "barkbands": {
        "max": [5.23962662555e-05, 0.00130838376936, 0.00492683192715, 0.0231787450612, 0.0547140240669, 0.157649695873, 0.0323487855494, 0.118189230561, 0.0662710666656, 0.0233311094344, 0.0135899018496, 0.0167017187923, 0.00722823105752, 0.00728514976799, 0.0147456042469, 0.00388294109143, 0.00883869733661, 0.00489175040275, 0.00722626037896, 0.0114470440894, 0.00654352130368, 0.00377330137417, 0.00429326668382, 0.00296934624203, 0.00148869736586, 0.000688526255544, 1.21649668472e-06],
        "mean": [2.52163863479e-06, 5.68121540709e-05, 0.000337128411047, 0.000503381248564, 0.00440976442769, 0.00483913812786, 0.00140036793891, 0.00261493888684, 0.00163420301396, 0.000992808840238, 0.000385848048609, 0.000237371161347, 0.00016420285101, 0.000150509542436, 0.000288743904093, 0.000197427769308, 0.000212989703869, 0.000126567436382, 0.000121653880342, 0.000126064114738, 6.33076124359e-05, 5.31355617568e-05, 4.64790282422e-05, 4.07696024922e-05, 1.14603690236e-05, 5.67574033994e-06, 6.65522081889e-09],
        "min": [1.22666110602e-09, 8.01391237815e-08, 7.61755885037e-08, 3.15578745358e-08, 1.01685236586e-06, 1.52215170601e-06, 3.03464094031e-06, 1.39100302476e-06, 3.01820227833e-06, 3.01137379211e-06, 9.21295395528e-07, 4.24967220169e-06, 4.02118246257e-07, 1.34389551931e-06, 1.20294953376e-06, 5.84810095461e-07, 5.85962595778e-07, 6.27484155302e-07, 1.09568122753e-06, 3.45073971175e-07, 3.73258757236e-07, 1.44113172951e-07, 6.66932393756e-08, 3.72008379657e-08, 1.48238559206e-08, 3.79702602693e-10, 3.95417337762e-10],
        "stdev": [3.77943797503e-06, 0.000117981486255, 0.000515704217833, 0.00108927045949, 0.00600801361725, 0.00964070856571, 0.00266079767607, 0.00596463214606, 0.00411791866645, 0.00174485764001, 0.00128641165793, 0.000848289229907, 0.000401276629418, 0.000346276938217, 0.000824319315143, 0.000367147935322, 0.000656008603983, 0.000299270497635, 0.000417942996137, 0.000597936916165, 0.000280606996967, 0.000253427075222, 0.000242940906901, 0.000180814546184, 5.42459602002e-05, 3.92484471377e-05, 6.1853278055e-08]
    },
    "erbbands": {
        "max": [0.0119033819064, 0.384815812111, 3.68950653076, 28.8589172363, 104.315444946, 205.304534912, 773.9921875, 1996.40820312, 338.248168945, 776.723632812, 2689.00805664, 1032.38195801, 946.701293945, 451.06829834, 676.359313965, 830.684997559, 323.036407471, 329.005371094, 954.562683105, 232.905532837, 170.384292603, 312.208251953, 256.750274658, 209.18901062, 584.500854492, 475.042755127, 180.406036377, 349.779754639, 144.963012695, 148.461853027, 128.196411133, 85.5068130493, 41.7962150574, 7.87710189819, 14.8945684433, 5.59186840057, 0.700096905231, 0.0538770444691, 0.00103473104537, 0.000226589807426],
        "mean": [0.000789046986029, 0.0197989791632, 0.2618483603, 1.18896603584, 4.61371469498, 17.6477546692, 35.2652778625, 38.270111084, 18.8322181702, 35.2186393738, 58.2211799622, 41.3787231445, 39.8210601807, 19.135515213, 16.8240871429, 11.3241634369, 7.99812412262, 7.90202093124, 15.0336685181, 13.4489555359, 9.76243782043, 10.0371608734, 7.76554012299, 6.92099761963, 5.80196285248, 5.91071939468, 3.06977677345, 2.53096866608, 1.94150364399, 1.57328975201, 1.29770874977, 0.942623198032, 0.594101786613, 0.144017130136, 0.0821109563112, 0.0426768511534, 0.00560161611065, 0.000227286160225, 1.7432097593e-05, 2.28969165619e-05],
        "min": [2.51649953498e-06, 1.74845772563e-05, 0.000122843077406, 0.000218850080273, 0.000851342687383, 0.00278230197728, 0.006917856168, 0.0189496465027, 0.0464251078665, 0.038435459137, 0.0539047308266, 0.103519298136, 0.158789768815, 0.132951393723, 0.152511894703, 0.209778189659, 0.149853304029, 0.135438144207, 0.0820903331041, 0.0641408115625, 0.0376787260175, 0.0360410474241, 0.0403502173722, 0.0383851788938, 0.0480153374374, 0.0236162040383, 0.0139345666394, 0.0110178804025, 0.00725066429004, 0.00319598987699, 0.00206639920361, 0.00109662220348, 0.000587232643738, 0.000214124738704, 6.79205622873e-05, 9.12578707357e-06, 2.70338273367e-06, 6.26236214885e-07, 4.76094157875e-07, 5.5937880461e-07],
        "stdev": [0.00108237040695, 0.0368748493493, 0.383137345314, 1.91976463795, 7.60948610306, 28.5852394104, 58.3416976929, 91.5704727173, 33.9004859924, 61.4791488647, 145.489120483, 87.0487976074, 82.4019241333, 43.2093544006, 57.5374755859, 34.8775901794, 18.3903179169, 16.249420166, 51.9887542725, 21.2184391022, 17.7691516876, 25.7700157166, 19.0683917999, 17.1442241669, 29.3958377838, 26.176404953, 11.1176280975, 13.750629425, 9.03595924377, 8.18212985992, 6.7353272438, 4.44768238068, 2.46846079826, 0.485255807638, 0.510342478752, 0.295903861523, 0.0406168848276, 0.00228337850422, 5.35716208105e-05, 2.26052634389e-05]
    },
    "gfcc": {
        "mean": [-69.4900054932, 127.632553101, -153.133804321, 14.3345527649, -83.4047927856, -10.6973352432, -49.8352737427, -4.14002370834, -22.5444087982, -12.8799381256, -13.423122406, -16.0223579407, 2.06526947021],
        "cov": [[3106.86865234, -1011.5090332, 481.926605225, -71.9349441528, -535.384399414, 90.7112579346, -305.87487793, 410.940673828, -291.063232422, 157.481109619, -107.747596741, 91.6144332886, -109.847801208], [-1011.5090332, 2205.65795898, 411.374908447, -357.862670898, 292.57824707, -700.695251465, 200.020004272, -309.455169678, 51.3915328979, -247.162261963, 63.4991645813, -219.094680786, 147.606185913], [481.926605225, 411.374908447, 868.969360352, -169.957458496, -204.821609497, -197.039260864, -89.2549591064, 20.3865509033, -186.430160522, -29.0873470306, -57.5335083008, 59.270980835, 1.87458920479], [-71.9349441528, -357.862670898, -169.957458496, 372.082092285, 75.8524551392, 145.4712677, -9.06196403503, -17.4726543427, 86.7565841675, 12.1852445602, 43.1369857788, 16.6128101349, -29.6433448792], [-535.384399414, 292.57824707, -204.821609497, 75.8524551392, 253.587875366, -39.6402282715, 70.7418212891, -74.4438323975, 87.8143157959, -23.1060161591, 17.8209075928, -51.3586158752, 15.7788591385], [90.7112579346, -700.695251465, -197.039260864, 145.4712677, -39.6402282715, 430.000305176, 7.28624916077, 51.508430481, 39.6719932556, 88.7540664673, 4.17270421982, 67.870010376, -84.5279998779], [-305.87487793, 200.020004272, -89.2549591064, -9.06196403503, 70.7418212891, 7.28624916077, 145.906646729, -52.5846748352, 42.3981628418, -8.1257724762, 25.1725254059, -26.8279876709, 5.82138967514], [410.940673828, -309.455169678, 20.3865509033, -17.4726543427, -74.4438323975, 51.508430481, -52.5846748352, 178.251556396, -42.4428024292, 53.158821106, -38.9531288147, 33.5618171692, -10.065621376], [-291.063232422, 51.3915328979, -186.430160522, 86.7565841675, 87.8143157959, 39.6719932556, 42.3981628418, -42.4428024292, 167.301559448, -0.672924041748, 28.2273349762, -25.4315929413, -16.3372764587], [157.481109619, -247.162261963, -29.0873470306, 12.1852445602, -23.1060161591, 88.7540664673, -8.1257724762, 53.158821106, -0.672924041748, 111.443458557, -7.79328489304, 34.7214546204, -29.2584762573], [-107.747596741, 63.4991645813, -57.5335083008, 43.1369857788, 17.8209075928, 4.17270421982, 25.1725254059, -38.9531288147, 28.2273349762, -7.79328489304, 106.070549011, -8.83606529236, 22.8560848236], [91.6144332886, -219.094680786, 59.270980835, 16.6128101349, -51.3586158752, 67.870010376, -26.8279876709, 33.5618171692, -25.4315929413, 34.7214546204, -8.83606529236, 96.3929901123, -7.11674928665], [-109.847801208, 147.606185913, 1.87458920479, -29.6433448792, 15.7788591385, -84.5279998779, 5.82138967514, -10.065621376, -16.3372764587, -29.2584762573, 22.8560848236, -7.11674928665, 95.6671981812]],
        "icov": [[0.000800968729891, -0.000122025805467, 4.30169675383e-05, -0.00039757846389, 0.00126823736355, 0.000135734124342, 0.000668043387122, -0.00116238824558, 0.000697635230608, -0.000590867071878, -6.74237890053e-05, 0.000619030848611, 0.000732322456315], [-0.000122025805467, 0.0053376336582, -0.00362672843039, 0.00383301079273, -0.0056088808924, 0.00386628531851, -0.00374065479264, 0.00271199154668, -0.00329331774265, 0.00320562068373, -0.00253729010001, 0.00379470922053, -0.000956221949309], [4.30169675383e-05, -0.00362672843039, 0.00462062843144, -0.00254783476703, 0.00499881245196, -0.00139693333767, 0.00264111463912, -0.00118571473286, 0.00359066086821, -0.00187583814841, 0.00213051936589, -0.00395068805665, 0.00165746861603], [-0.00039757846389, 0.00383301079273, -0.00254783476703, 0.00691943848506, -0.00588879082352, 0.00140823668335, -0.00141909322701, 0.00234118313529, -0.00380654330365, 0.00321520934813, -0.00329554383643, 0.00163188716397, -0.000386306346627], [0.00126823736355, -0.0056088808924, 0.00499881245196, -0.00588879082352, 0.0147098563612, -0.00231535965577, 0.00277690822259, -0.00272350851446, 0.00311297224835, -0.00467983772978, 0.00411968072876, -0.00184782547876, 0.00123877311125], [0.000135734124342, 0.00386628531851, -0.00139693333767, 0.00140823668335, -0.00231535965577, 0.00764167262241, -0.00362391583622, 0.00140413956251, -0.00190962851048, 0.000766653800383, -0.00200012489222, 0.000389982014894, 0.00257150013931], [0.000668043387122, -0.00374065479264, 0.00264111463912, -0.00141909322701, 0.00277690822259, -0.00362391583622, 0.0124148149043, -0.000952945323661, 0.00185173423961, -0.00301482994109, 0.000341573293554, -0.00103594444226, 0.000766932789702], [-0.00116238824558, 0.00271199154668, -0.00118571473286, 0.00234118313529, -0.00272350851446, 0.00140413956251, -0.000952945323661, 0.0114837894216, -0.00152328866534, -0.000988931860775, 0.0014164338354, 0.000779144233093, -0.00265731173567], [0.000697635230608, -0.00329331774265, 0.00359066086821, -0.00380654330365, 0.00311297224835, -0.00190962851048, 0.00185173423961, -0.00152328866534, 0.0121760787442, -0.00256565562449, 0.000499146641232, -0.00122965942137, 0.00324276671745], [-0.000590867071878, 0.00320562068373, -0.00187583814841, 0.00321520934813, -0.00467983772978, 0.000766653800383, -0.00301482994109, -0.000988931860775, -0.00256565562449, 0.0154503602535, -0.00240077869967, -0.00141831149813, 0.00169243395794], [-6.74237890053e-05, -0.00253729010001, 0.00213051936589, -0.00329554383643, 0.00411968072876, -0.00200012489222, 0.000341573293554, 0.0014164338354, 0.000499146641232, -0.00240077869967, 0.0135443769395, -0.00126195221674, -0.00352277327329], [0.000619030848611, 0.00379470922053, -0.00395068805665, 0.00163188716397, -0.00184782547876, 0.000389982014894, -0.00103594444226, 0.000779144233093, -0.00122965942137, -0.00141831149813, -0.00126195221674, 0.0186098664999, -0.00272455508821], [0.000732322456315, -0.000956221949309, 0.00165746861603, -0.000386306346627, 0.00123877311125, 0.00257150013931, 0.000766932789702, -0.00265731173567, 0.00324276671745, 0.00169243395794, -0.00352277327329, -0.00272455508821, 0.0160688087344]]
    },
    "melbands": {
        "max": [0.000219737994485, 0.00132695119828, 0.00875953398645, 0.00827240385115, 0.0233309306204, 0.038503523916, 0.00553642958403, 0.0118173211813, 0.0196930151433, 0.00523748947307, 0.00458814296871, 0.00189268647227, 0.00183021754492, 0.00198886706494, 0.00121241190936, 0.000724495912436, 0.000687745166942, 0.00161393231247, 0.00045034402865, 0.0004108666908, 0.000312629708787, 0.000351624330506, 0.000432783534052, 0.000201373040909, 0.000166645157151, 0.000290607218631, 0.000546952185687, 0.000296193611575, 0.00013373431284, 0.000181188210263, 0.00018572130648, 9.960240277e-05, 6.88371728756e-05, 0.000104954888229, 7.77405512054e-05, 5.08099838044e-05, 7.88002435002e-05, 3.58106190106e-05, 1.49709758261e-05, 7.6410588008e-06],
        "mean": [1.08468120743e-05, 0.000108695341623, 0.00029223569436, 0.000729027669877, 0.00122810411267, 0.000857469858602, 0.000277960643871, 0.000408957479522, 0.000450889143394, 0.00024848128669, 0.000191068131244, 7.36880247132e-05, 5.57949097129e-05, 3.20824801747e-05, 2.21391619561e-05, 1.62215619639e-05, 1.36056032716e-05, 2.37874464801e-05, 1.73132339114e-05, 1.75483401108e-05, 1.09430102384e-05, 1.09492166303e-05, 9.09911159397e-06, 6.06559842709e-06, 5.59197133043e-06, 4.02104979003e-06, 4.34788171333e-06, 3.90894729208e-06, 2.05352739613e-06, 1.47684590956e-06, 1.43033844324e-06, 1.13238206723e-06, 9.41248515574e-07, 8.52191590184e-07, 7.83772236446e-07, 5.85691566357e-07, 5.88653620071e-07, 4.76622034284e-07, 2.36863257896e-07, 8.0598454133e-08],
        "min": [2.40528734707e-08, 7.59472413847e-08, 5.40559739193e-08, 1.72379031937e-07, 3.22148849818e-07, 4.82536961499e-07, 7.75977753165e-07, 3.98035638227e-07, 2.95015837537e-07, 5.8374814671e-07, 7.65824893278e-07, 3.20131505305e-07, 1.38336517352e-07, 4.70994763191e-07, 1.84347882737e-07, 5.03952684028e-08, 1.06429219215e-07, 9.73347624722e-08, 1.1988912263e-07, 4.48293349109e-08, 4.52045760824e-08, 4.02149993306e-08, 2.6671552078e-08, 3.71898991602e-08, 2.83202137297e-08, 2.40888695657e-08, 1.37327376137e-08, 1.03942605634e-08, 8.53897219599e-09, 7.51792406106e-09, 4.02789934739e-09, 3.27628901786e-09, 2.25635399254e-09, 1.20205334575e-09, 9.88353066056e-10, 3.71612712824e-10, 4.94199847711e-10, 4.28161422983e-10, 1.77885275954e-10, 1.01850444745e-10],
        "stdev": [1.98310081032e-05, 0.000154307330376, 0.000471628765808, 0.00101619085763, 0.00179861474317, 0.00191028148402, 0.000515863765031, 0.000791350728832, 0.00113372178748, 0.000558669038583, 0.00040843358147, 0.000183623691555, 0.000178808579221, 0.000109637978312, 6.0222861066e-05, 4.09977037634e-05, 3.00717965729e-05, 8.72013843036e-05, 3.09391907649e-05, 3.30803704855e-05, 2.42672140303e-05, 2.80281346932e-05, 2.88740666292e-05, 1.46343663801e-05, 1.46536312968e-05, 1.76803005161e-05, 2.69926422334e-05, 1.57286649483e-05, 7.33636488803e-06, 7.31000363885e-06, 7.89530167822e-06, 5.45634020455e-06, 4.52347558166e-06, 4.72371539217e-06, 4.1125572352e-06, 2.86998511001e-06, 3.23617496178e-06, 2.14979763768e-06, 8.41564713028e-07, 3.13948049779e-07]
    },
    "melbands128": {
        "max": [3.01025356748e-05, 6.0204154579e-05, 0.000282947294181, 0.000827601877972, 0.00153193378355, 0.00276752654463, 0.00558520620689, 0.0162277519703, 0.013478170149, 0.00758011173457, 0.0155627094209, 0.0255046598613, 0.0382615551353, 0.0368437021971, 0.0646101683378, 0.0408321283758, 0.00766642298549, 0.00857619848102, 0.0119608761743, 0.0104994140565, 0.0198179446161, 0.0508682504296, 0.0320262759924, 0.0271558091044, 0.0073653976433, 0.00797284021974, 0.0117743080482, 0.00652444968, 0.00436607003212, 0.00301929353736, 0.00332600297406, 0.00277229584754, 0.00298631447367, 0.00491786375642, 0.00348310545087, 0.00440496392548, 0.00420854240656, 0.00243968470022, 0.000794998602942, 0.00136418512557, 0.000870717107318, 0.000665778818075, 0.00078405282693, 0.000881605665199, 0.000714990892448, 0.00361450319178, 0.00125078426208, 0.000737141235732, 0.000465742748929, 0.000503786373883, 0.00088066176977, 0.000381712132366, 0.000234421808273, 0.000561451597605, 0.00116350420285, 0.000364797189832, 0.000535272061825, 0.00124345358927, 0.000281019776594, 0.000406868552091, 0.00037705237628, 0.000671299174428, 0.000209980498767, 0.000407045212341, 0.000331257557264, 0.000240656838287, 0.000447841826826, 0.000869072740898, 0.000789077137597, 0.000517711567227, 0.000368732580682, 0.000306543719489, 0.000220225017983, 0.000123367601191, 0.00012256015907, 0.000162765441928, 0.000244313996518, 0.000399345415644, 0.000118526535516, 0.000183232623385, 0.000190902472241, 9.12901159609e-05, 5.85682610108e-05, 7.23040720914e-05, 9.48979213717e-05, 0.000110636137833, 0.000139243013109, 7.30578394723e-05, 6.35456235614e-05, 0.000107723368274, 7.80015689088e-05, 3.36193843395e-05, 4.42761884187e-05, 0.000105137049104, 0.000110402448627, 6.05660716246e-05, 4.80406779388e-05, 2.99987332255e-05, 1.5931611415e-05, 1.09530019472e-05, 2.69365409622e-06, 6.0690626924e-06, 1.91046474356e-05, 1.85250155482e-05, 1.65305009432e-05, 2.03940653591e-05, 1.73320640897e-05, 9.74340855464e-06, 2.15237560042e-05, 9.77455238171e-06, 7.06332184564e-06, 2.94978099191e-06, 2.24920745495e-06, 2.50168068305e-06, 1.69863346855e-06, 1.17751937978e-07, 3.98003408009e-08, 4.9990207529e-09, 4.87385332093e-09, 4.72179140232e-09, 4.59464954972e-09, 4.5751704647e-09, 4.51412995872e-09, 4.354326677e-09, 4.31698810033e-09, 4.27650270751e-09, 4.24804147414e-09, 4.22713863912e-09],
        "mean": [1.68651013155e-06, 3.8107666569e-06, 9.8086802609e-06, 3.29063368554e-05, 7.96468593762e-05, 0.000198371300939, 0.000212639206438, 0.000280119507806, 0.000477004796267, 0.000515142339282, 0.00107798038516, 0.00128311756998, 0.00115595024545, 0.00134762562811, 0.00106010655873, 0.000473980820971, 0.00031992411823, 0.000208335273783, 0.000238906854065, 0.000465149088996, 0.000406190258218, 0.000495754298754, 0.000583923480008, 0.000214333515032, 0.000272008910542, 0.000231558136875, 0.000243212838541, 0.000251616467722, 6.27874978818e-05, 0.000105810031528, 6.23678497504e-05, 3.73559232685e-05, 6.97574869264e-05, 6.54050963931e-05, 1.89057391253e-05, 3.0216830055e-05, 3.77332762582e-05, 1.63962504303e-05, 1.87632995221e-05, 1.70813091245e-05, 1.45827098095e-05, 1.68392562045e-05, 1.24475418488e-05, 1.32699824462e-05, 1.31174065245e-05, 3.30817456415e-05, 2.84125890175e-05, 1.11360150186e-05, 1.34184374474e-05, 2.47386669798e-05, 1.92073021026e-05, 1.04170394479e-05, 7.20521074982e-06, 1.11755307444e-05, 1.89199163287e-05, 7.7555396274e-06, 7.11897519068e-06, 1.39858193506e-05, 7.38648441256e-06, 4.8147085181e-06, 7.35846151656e-06, 5.6679100453e-06, 5.13950135428e-06, 7.20866955817e-06, 3.20837079926e-06, 4.0595655264e-06, 4.05105765822e-06, 4.13738507632e-06, 4.91906303068e-06, 3.99813325203e-06, 4.15397971665e-06, 3.88980288335e-06, 2.43477938966e-06, 1.7576967366e-06, 1.45553417497e-06, 1.46296235926e-06, 1.40451709285e-06, 1.75898071575e-06, 1.30070327486e-06, 1.32218497129e-06, 1.23258246276e-06, 9.89181557998e-07, 1.01526927665e-06, 9.63581669566e-07, 8.64918490606e-07, 8.44521707677e-07, 8.79511503626e-07, 7.92711489339e-07, 8.05420370398e-07, 7.84211067639e-07, 6.04142314842e-07, 5.1445488225e-07, 5.55971610083e-07, 5.90034687775e-07, 6.20687842456e-07, 5.66869687191e-07, 4.52273411611e-07, 3.46962849562e-07, 2.77697608908e-07, 1.677777135e-07, 5.65793314422e-08, 7.04333942281e-08, 9.34154087417e-08, 1.00481429399e-07, 9.75727942887e-08, 8.44176781811e-08, 8.73480914265e-08, 9.01240753137e-08, 8.51609840424e-08, 6.37980193119e-08, 4.27333866071e-08, 2.05508747797e-08, 8.08514499795e-09, 5.00621766264e-09, 3.27606786144e-09, 6.32867702688e-10, 1.73089917399e-10, 1.26809300907e-11, 1.23172739369e-11, 1.12573778424e-11, 1.0923759293e-11, 1.08499277271e-11, 1.07030330779e-11, 1.03623385914e-11, 9.63265057996e-12, 8.44327299049e-12, 7.79796019423e-12, 7.67275305791e-12],
        "min": [4.69748351328e-10, 6.25100682328e-09, 1.11552775905e-08, 1.58101371994e-08, 4.24386996656e-08, 2.68917048629e-08, 1.89682971552e-08, 2.26159890815e-08, 2.47925289187e-08, 9.26462604411e-08, 2.36158719247e-08, 6.0211718278e-08, 7.53847970714e-08, 1.8291207482e-07, 2.32885994933e-07, 1.58856906296e-07, 3.20498088513e-07, 3.00469991998e-07, 2.46673778292e-07, 1.85333448144e-07, 1.26587380578e-07, 1.51250944214e-07, 6.30296597137e-08, 8.34996356502e-08, 1.43305143752e-07, 1.47291316921e-07, 1.6088804955e-07, 2.41381087562e-07, 3.18942113609e-07, 7.73071917592e-08, 2.43302480385e-08, 1.09449935337e-07, 8.22103345399e-08, 3.36600400885e-08, 5.27397432393e-08, 1.52707269052e-08, 6.76979681202e-08, 7.09797589593e-08, 1.28292496626e-08, 6.61562804538e-09, 8.39316172119e-09, 2.63822244051e-08, 3.24208428992e-08, 2.67639066465e-08, 3.32593970143e-08, 1.80854531351e-08, 1.26703891823e-08, 1.51288581662e-08, 4.20782306776e-08, 7.80307800596e-08, 2.08675938751e-08, 2.00724841193e-08, 8.09763989196e-09, 1.62361217804e-08, 2.45373357188e-08, 1.69297411645e-08, 1.90574169778e-08, 2.36456560998e-08, 2.05475814141e-08, 1.7817773923e-08, 5.10784659014e-09, 3.73562025757e-09, 1.27022676821e-08, 1.58627866398e-08, 8.54030979269e-09, 9.77170877547e-09, 2.2294171842e-08, 1.04399191514e-08, 3.31656857533e-09, 4.27391189106e-09, 5.72564085033e-09, 3.18775450481e-09, 1.04068398343e-08, 7.92291832141e-09, 3.93515353636e-09, 2.91048873891e-09, 2.65350430517e-09, 2.18882023617e-09, 9.06130670497e-10, 1.37393052491e-09, 1.31436161954e-09, 6.25363705264e-10, 6.44558184604e-10, 5.42967504291e-10, 3.88330145817e-10, 6.41737829543e-10, 4.1122605321e-10, 9.12412256859e-10, 9.04117780642e-10, 2.84575168985e-10, 1.53401857189e-11, 6.41239839005e-11, 1.40073661004e-10, 5.11232549349e-12, 4.11565660025e-12, 1.90666940569e-10, 2.8089533477e-10, 1.63675378806e-10, 9.80480488466e-11, 8.64197810535e-11, 3.70445930875e-11, 7.81271367045e-11, 7.35514982253e-11, 6.06285993632e-11, 4.64196840688e-11, 2.45153619627e-11, 2.77418235953e-12, 2.15996968575e-12, 1.83800392441e-12, 1.50797636097e-12, 1.21352255501e-12, 1.28717576962e-12, 1.2424422385e-12, 1.04596593973e-12, 1.09754956859e-12, 1.2882841495e-12, 1.17682686512e-12, 1.10324574996e-12, 1.31277009662e-12, 1.12534179024e-12, 1.20725499909e-12, 1.2309750658e-12, 1.22820330295e-12, 1.26572884118e-12, 8.05237007715e-13, 3.12891585471e-13, 5.07587136385e-14, 1.10890419433e-15],
        "stdev": [2.50356015385e-06, 5.53930976821e-06, 1.98688612727e-05, 7.59761824156e-05, 0.000149817307829, 0.000311736308504, 0.000402429141104, 0.000708918611053, 0.000980929704383, 0.000831726181787, 0.00208190828562, 0.00225195847452, 0.00247775833122, 0.00318852695636, 0.00301776407287, 0.00151541491505, 0.000600154511631, 0.000690207991283, 0.000682195997797, 0.000872251752298, 0.00115391029976, 0.00202266895212, 0.00155000737868, 0.00107970973477, 0.000725312216673, 0.000757943897042, 0.000951909343712, 0.000513134349603, 0.000179695751285, 0.000300124636851, 0.000201321265195, 0.000157764618052, 0.0002278102329, 0.000361745303962, 0.000115945607831, 0.00014792435104, 0.000139223935548, 8.2496459072e-05, 4.88539008074e-05, 5.90511226619e-05, 5.3578758525e-05, 4.66685050924e-05, 3.51294547727e-05, 3.30759430653e-05, 3.8480378862e-05, 0.000185248296475, 8.37000916363e-05, 3.23778767779e-05, 3.29223075823e-05, 4.55481786048e-05, 5.60893713555e-05, 2.50673219853e-05, 1.70979128598e-05, 3.60221929441e-05, 7.08919760655e-05, 2.06073145819e-05, 2.93227913062e-05, 6.42868326395e-05, 2.07458324439e-05, 1.50096639118e-05, 2.34482158703e-05, 2.26535430556e-05, 1.43680172187e-05, 2.52025347436e-05, 1.46273159771e-05, 1.87351870409e-05, 2.11449005292e-05, 3.35195836669e-05, 3.15998622682e-05, 2.30606838159e-05, 1.7204296455e-05, 1.48702692968e-05, 9.91064007394e-06, 6.08789787293e-06, 6.58400449538e-06, 7.16716340321e-06, 8.63600780576e-06, 1.33475396069e-05, 6.3685852183e-06, 7.66883840697e-06, 7.09487812856e-06, 5.02552211401e-06, 4.34992671217e-06, 4.88305704494e-06, 5.04964327774e-06, 4.94258529216e-06, 5.47939953321e-06, 3.88389480577e-06, 4.14834266849e-06, 4.95433459946e-06, 3.45399462276e-06, 2.43699605562e-06, 2.6456229989e-06, 3.73759598915e-06, 4.09751692132e-06, 3.12815609504e-06, 2.16038529288e-06, 1.35010270697e-06, 1.06009906631e-06, 6.08432287663e-07, 1.84237833878e-07, 2.78994775726e-07, 5.92041317304e-07, 5.97311441197e-07, 6.01323392857e-07, 6.81151618664e-07, 6.56760960283e-07, 5.77735363549e-07, 7.85359077327e-07, 4.96655673032e-07, 3.02118877471e-07, 1.59590456406e-07, 8.58356159483e-08, 8.46424583756e-08, 6.31170138377e-08, 5.98860383505e-09, 1.79659309651e-09, 1.49541712346e-10, 1.45823630948e-10, 1.41183009728e-10, 1.37556133151e-10, 1.36481853596e-10, 1.34453767564e-10, 1.30215865868e-10, 1.28859631299e-10, 1.2769184321e-10, 1.26791410704e-10, 1.2614402578e-10]
    },
    "mfcc": {
        "mean": [-697.500244141, 150.074188232, -19.4901943207, 12.2408180237, -14.906460762, -15.5002479553, -18.7994880676, -11.3025407791, -6.86509084702, -5.16246509552, -13.6135587692, -6.70350790024, -9.44116973877],
        "cov": [[2937.03613281, -1225.20874023, 360.436676025, -256.467681885, -48.0512619019, -278.113861084, 27.4674854279, 12.5137615204, -57.1552772522, 74.8886184692, 46.2364463806, 39.513469696, -9.20109462738], [-1225.20874023, 2470.74169922, 197.418197632, 339.058929443, -121.946739197, -308.522186279, -21.0087108612, -214.79498291, -1.54317033291, -120.401741028, -131.989379883, -180.405273438, -60.0362892151], [360.436676025, 197.418197632, 769.501342773, -13.6075429916, -69.1815261841, -158.714447021, 9.05072021484, -34.3526878357, -70.9906387329, -111.397354126, -59.9703178406, -1.71333968639, -59.3566741943], [-256.467681885, 339.058929443, -13.6075429916, 313.863586426, 53.7138290405, -41.4476966858, -25.9321651459, -37.5116958618, -4.46484661102, -21.7577838898, -26.0427761078, -31.9034690857, 5.15691566467], [-48.0512619019, -121.946739197, -69.1815261841, 53.7138290405, 146.217056274, 45.6141090393, -24.5723209381, 21.5602741241, 5.54838562012, 15.6754350662, 8.87548065186, 19.0735816956, 9.90819644928], [-278.113861084, -308.522186279, -158.714447021, -41.4476966858, 45.6141090393, 328.841125488, 1.64128661156, 77.3267288208, -5.02510881424, 62.8253288269, 52.6750335693, 40.9157867432, 45.0856399536], [27.4674854279, -21.0087108612, 9.05072021484, -25.9321651459, -24.5723209381, 1.64128661156, 127.400794983, -3.7740252018, -3.20787119865, -1.00814568996, -3.64831614494, -6.86189222336, -2.67921996117], [12.5137615204, -214.79498291, -34.3526878357, -37.5116958618, 21.5602741241, 77.3267288208, -3.7740252018, 100.846061707, 10.2664556503, 14.8516674042, 22.1894340515, 27.2970676422, 18.2196750641], [-57.1552772522, -1.54317033291, -70.9906387329, -4.46484661102, 5.54838562012, -5.02510881424, -3.20787119865, 10.2664556503, 87.7387313843, 17.4904212952, 6.4710726738, -8.94044589996, 2.29179286957], [74.8886184692, -120.401741028, -111.397354126, -21.7577838898, 15.6754350662, 62.8253288269, -1.00814568996, 14.8516674042, 17.4904212952, 105.205413818, 41.4592285156, 2.15140771866, 25.2312698364], [46.2364463806, -131.989379883, -59.9703178406, -26.0427761078, 8.87548065186, 52.6750335693, -3.64831614494, 22.1894340515, 6.4710726738, 41.4592285156, 88.2432327271, 16.6576862335, 17.7676353455], [39.513469696, -180.405273438, -1.71333968639, -31.9034690857, 19.0735816956, 40.9157867432, -6.86189222336, 27.2970676422, -8.94044589996, 2.15140771866, 16.6576862335, 91.3021240234, 17.3245773315], [-9.20109462738, -60.0362892151, -59.3566741943, 5.15691566467, 9.90819644928, 45.0856399536, -2.67921996117, 18.2196750641, 2.29179286957, 25.2312698364, 17.7676353455, 17.3245773315, 79.4485626221]],
        "icov": [[0.000737113121431, 0.000484657473862, -0.000344730709912, 0.000155888687004, 0.000142715391121, 0.00110052432865, 4.64124286736e-06, 9.40540921874e-05, 0.000499229994603, -0.000981436460279, -0.00012820585107, 0.000271706754575, -0.000213097839151], [0.000484657473862, 0.000989326275885, -0.000265440321527, -0.000482519855723, 0.000604027358349, 0.000837635598145, 0.000158025039127, 0.00081079028314, 0.000167821766809, -0.000362506078091, 0.000181620576768, 0.000872042728588, -0.000215038016904], [-0.000344730709912, -0.000265440321527, 0.00195517833345, 7.83217765274e-05, 0.000382030993933, 7.88338948041e-05, 5.89526962358e-06, -0.000369884684915, 0.000989354797639, 0.00153356662486, 0.000288181880023, -0.000444699020591, 0.00072473520413], [0.000155888687004, -0.000482519855723, 7.83217765274e-05, 0.00455613480881, -0.00225363532081, 0.000357659417205, 0.000439358409494, 0.000670990499202, 0.000501570582855, 0.000445514830062, 0.000251932768151, 0.000908420071937, -0.00105514319148], [0.000142715391121, 0.000604027358349, 0.000382030993933, -0.00225363532081, 0.00901421811432, -0.000340054364642, 0.00125062896404, -0.00080354209058, -0.00017694113194, -0.00075790239498, 0.000453267857665, -0.00124405231327, 0.000615618948359], [0.00110052432865, 0.000837635598145, 7.88338948041e-05, 0.000357659417205, -0.000340054364642, 0.00632300926372, -0.000274715916021, -0.0023378811311, 0.00209910585545, -0.00276623549871, -0.000924363615923, -0.000117058305477, -0.00117260846309], [4.64124286736e-06, 0.000158025039127, 5.89526962358e-06, 0.000439358409494, 0.00125062896404, -0.000274715916021, 0.00828065350652, 0.0004190026375, 0.000227713419008, 3.75616255042e-05, 0.000466805504402, 0.000760908063967, -9.8937553048e-06], [9.40540921874e-05, 0.00081079028314, -0.000369884684915, 0.000670990499202, -0.00080354209058, -0.0023378811311, 0.0004190026375, 0.014556738548, -0.00220198812895, 0.00118401017971, -0.000949429115281, -0.00111108610872, -0.00145140988752], [0.000499229994603, 0.000167821766809, 0.000989354797639, 0.000501570582855, -0.00017694113194, 0.00209910585545, 0.000227713419008, -0.00220198812895, 0.0135401394218, -0.00221575284377, -0.000138441406307, 0.00143395224586, 0.000266116519924], [-0.000981436460279, -0.000362506078091, 0.00153356662486, 0.000445514830062, -0.00075790239498, -0.00276623549871, 3.75616255042e-05, 0.00118401017971, -0.00221575284377, 0.0157345291227, -0.00452022487298, 0.00158355443273, -0.00214419723488], [-0.00012820585107, 0.000181620576768, 0.000288181880023, 0.000251932768151, 0.000453267857665, -0.000924363615923, 0.000466805504402, -0.000949429115281, -0.000138441406307, -0.00452022487298, 0.0152353895828, -0.00141986517701, -0.00063520425465], [0.000271706754575, 0.000872042728588, -0.000444699020591, 0.000908420071937, -0.00124405231327, -0.000117058305477, 0.000760908063967, -0.00111108610872, 0.00143395224586, 0.00158355443273, -0.00141986517701, 0.0144186774269, -0.00256960350089], [-0.000213097839151, -0.000215038016904, 0.00072473520413, -0.00105514319148, 0.000615618948359, -0.00117260846309, -9.8937553048e-06, -0.00145140988752, 0.000266116519924, -0.00214419723488, -0.00063520425465, -0.00256960350089, 0.0153063619509]]
    },
    "spectral_contrast_coeffs": {
        "max": [-0.266564071178, -0.360371589661, -0.526642739773, -0.621083259583, -0.640146493912, -0.544838905334],
        "mean": [-0.599699318409, -0.719655930996, -0.734785497189, -0.787273287773, -0.789876639843, -0.764730274677],
        "min": [-0.917618632317, -0.932027578354, -0.911986351013, -0.932403564453, -0.900045394897, -0.917770922184],
        "stdev": [0.103009469807, 0.0797202736139, 0.072094194591, 0.0488436333835, 0.0392980277538, 0.0320122763515]
    },
    "spectral_contrast_valleys": {
        "max": [-5.95913124084, -4.7608499527, -5.75478124619, -5.6918888092, -5.68551921844, -8.16078281403],
        "mean": [-7.7314953804, -6.66207361221, -7.68307590485, -8.06317520142, -8.2276802063, -11.3403463364],
        "min": [-10.5813980103, -8.67695045471, -9.41372585297, -9.76430225372, -10.2142181396, -13.3838586807],
        "stdev": [0.791150689125, 0.674525022507, 0.578352808952, 0.736997306347, 0.736105024815, 1.06126701832]
    }
},
"rhythm": {
    "beats_count": 76,
    "beats_loudness": {
        "max": 0.158388257027,
        "mean": 0.0230822451413,
        "min": 0.00136110105086,
        "stdev": 0.0232660043985
    },
    "bpm": 144.35168457,
    "bpm_histogram_first_peak_bpm": 144,
    "bpm_histogram_first_peak_weight": 0.36206895113,
    "bpm_histogram_second_peak_bpm": 126,
    "bpm_histogram_second_peak_spread": 0.33333337307,
    "bpm_histogram_second_peak_weight": 0.0799999982119,
    "danceability": 1.05538809299,
    "onset_rate": 2.64550757408,
    "beats_loudness_band_ratio": {
        "max": [0.548911511898, 0.921054542065, 0.767692565918, 0.438936561346, 0.613118827343, 0.833289444447],
        "mean": [0.114572174847, 0.403964817524, 0.342835426331, 0.102708958089, 0.0760557055473, 0.0533884838223],
        "min": [0.00134226947557, 0.00237205252051, 0.00797972176224, 0.00769526651129, 0.00098245521076, 0.000695180438925],
        "stdev": [0.115328490734, 0.237081870437, 0.197875782847, 0.0833039432764, 0.113672740757, 0.148762345314]
    },
