{
"metadata": {
    "version": {
        "essentia": "2.1-beta5",
        "essentia_git_sha": "Undefined",
        "extractor": "music 2.0"
    },
    "audio_properties": {
        "analysis": {
            "equal_loudness": 0,
            "length": 12.7477550507,
            "sample_rate": 44100,
            "start_time": 0,
            "downmix": "mix"
        },
        "bit_rate": 192000,
        "length": 204.010543823,
        "lossless": 0,
        "number_channels": 2,
        "replay_gain": 20.0581378937,
        "sample_rate": 48000,
        "codec": "mp3",
        "md5_encoded": "2b34e5aa18eb0b949e3393e42d77695a"
    },
    "tags": {
        "file_name": "Norway_Alle Mine Tankar_Silje Vige.mp3",
        "encoding": ["Lavf58.29.100"]
    }
},
"lowlevel": {
    "average_loudness": 9.02906103875e-05,
    "barkbands_crest": {
        "max": 14.2041282654,
        "mean": 6.55528879166,
        "min": 3.01018953323,
        "stdev": 0.945362389088
    },
    "barkbands_flatness_db": {
        "max": 0.124423190951,
        "mean": 0.0755808055401,
        "min": 0.0199047867209,
        "stdev": 0.00906398706138
    },
    "barkbands_kurtosis": {
        "max": 10.5102863312,
        "mean": 2.96021556854,
        "min": -1.24927127361,
        "stdev": 1.2421118021
    },
    "barkbands_skewness": {
        "max": 1.43223059177,
        "mean": -1.64925098419,
        "min": -3.01491737366,
        "stdev": 0.648201704025
    },
    "barkbands_spread": {
        "max": 63.4572525024,
        "mean": 26.6063690186,
        "min": 15.8838882446,
        "stdev": 3.96246552467
    },
    "dissonance": {
        "max": 0.499964177608,
        "mean": 0.492029190063,
        "min": 0.443363577127,
        "stdev": 0.0066196648404
    },
    "dynamic_complexity": 18.617773056,
    "erbbands_crest": {
        "max": 14.3108091354,
        "mean": 3.76552248001,
        "min": 2.58384084702,
        "stdev": 1.29147815704
    },
    "erbbands_flatness_db": {
        "max": 0.198139324784,
        "mean": 0.104328706861,
        "min": 0.0686508789659,
        "stdev": 0.0184521917254
    },
    "erbbands_kurtosis": {
        "max": 2.14111089706,
        "mean": 0.13973492384,
        "min": -0.638087034225,
        "stdev": 0.314431577921
    },
    "erbbands_skewness": {
        "max": 1.19635868073,
        "mean": -0.566546440125,
        "min": -1.00858223438,
        "stdev": 0.290328145027
    },
    "erbbands_spread": {
        "max": 55.2313842773,
        "mean": 35.4568405151,
        "min": 15.4009332657,
        "stdev": 4.34823560715
    },
    "hfc": {
        "max": 630.544311523,
        "mean": 13.2610740662,
        "min": 1.04199134435e-16,
        "stdev": 66.4866256714
    },
    "loudness_ebu128": {
        "integrated": -36.0188598633,
        "loudness_range": 18.0950737,
        "momentary": {
            "max": -32.4361000061,
            "mean": -274.797424316,
            "min": -300.691009521,
            "stdev": 76.3972167969
        },
        "short_term": {
            "max": -40.0799102783,
            "mean": -269.110748291,
            "min": -300.691009521,
            "stdev": 81.6987609863
        }
    },
    "melbands_crest": {
        "max": 17.4653320312,
        "mean": 2.99282264709,
        "min": 1.53712010384,
        "stdev": 2.1157078743
    },
    "melbands_flatness_db": {
        "max": 0.1872394979,
        "mean": 0.0163187645376,
        "min": 0.00277418852784,
        "stdev": 0.031585585326
    },
    "melbands_kurtosis": {
        "max": 6.9931640625,
        "mean": -0.972200512886,
        "min": -1.47942113876,
        "stdev": 0.842482566833
    },
    "melbands_skewness": {
        "max": 2.22379136086,
        "mean": 0.0929043516517,
        "min": -0.364020079374,
        "stdev": 0.343205571175
    },
    "melbands_spread": {
        "max": 171.079864502,
        "mean": 124.214248657,
        "min": 19.3204021454,
        "stdev": 28.1041507721
    },
    "pitch_salience": {
        "max": 0.909320294857,
        "mean": 0.780066668987,
        "min": 0.500682830811,
        "stdev": 0.0418341457844
    },
    "silence_rate_20dB": {
        "max": 1,
        "mean": 0.994545459747,
        "min": 0,
        "stdev": 0.0736531987786
    },
    "silence_rate_30dB": {
        "max": 1,
        "mean": 0.967272698879,
        "min": 0,
        "stdev": 0.177921876311
    },
    "silence_rate_60dB": {
        "max": 1,
        "mean": 0.927272737026,
        "min": 0,
        "stdev": 0.259688317776
    },
    "spectral_centroid": {
        "max": 11911.8662109,
        "mean": 10195.0205078,
        "min": 1000.62744141,
        "stdev": 2668.02978516
    },
    "spectral_complexity": {
        "max": 61,
        "mean": 3.34545445442,
        "min": 0,
        "stdev": 12.314245224
    },
    "spectral_decrease": {
        "max": 4.00474993705e-17,
        "mean": -2.15781303936e-09,
        "min": -9.52617398298e-08,
        "stdev": 1.06969020308e-08
    },
    "spectral_energy": {
        "max": 0.416076242924,
        "mean": 0.00934690516442,
        "min": 9.65007724194e-21,
        "stdev": 0.0463193692267
    },
    "spectral_energyband_high": {
        "max": 0.0314618349075,
        "mean": 0.000549747550394,
        "min": 6.78253447949e-21,
        "stdev": 0.00288321706466
    },
    "spectral_energyband_low": {
        "max": 0.0957402735949,
        "mean": 0.00124023843091,
        "min": 7.54737859019e-24,
        "stdev": 0.00757710821927
    },
    "spectral_energyband_middle_high": {
        "max": 0.28740260005,
        "mean": 0.0048282938078,
        "min": 1.07512497194e-21,
        "stdev": 0.0247825309634
    },
    "spectral_energyband_middle_low": {
        "max": 0.180426716805,
        "mean": 0.00315550155938,
        "min": 1.30189905618e-22,
        "stdev": 0.0163563173264
    },
    "spectral_entropy": {
        "max": 9.82838821411,
        "mean": 9.63476848602,
        "min": 7.63652038574,
        "stdev": 0.52394759655
    },
    "spectral_flux": {
        "max": 0.41161391139,
        "mean": 0.0142896128818,
        "min": 6.33127994476e-11,
        "stdev": 0.0574581064284
    },
    "spectral_kurtosis": {
        "max": 10.2830686569,
        "mean": -0.730080425739,
        "min": -1.28864002228,
        "stdev": 1.52579641342
    },
    "spectral_rms": {
        "max": 0.0201476551592,
        "mean": 0.000731653708499,
        "min": 3.06833985303e-12,
        "stdev": 0.00292978063226
    },
    "spectral_rolloff": {
        "max": 19896.6796875,
        "mean": 17287.2871094,
        "min": 990.52734375,
        "stdev": 4677.09277344
    },
    "spectral_skewness": {
        "max": 2.2445101738,
        "mean": 0.135725855827,
        "min": -0.0971128866076,
        "stdev": 0.438951730728
    },
    "spectral_spread": {
        "max": 43649036,
        "mean": 37221564,
        "min": 3194947.25,
        "stdev": 10503469
    },
    "spectral_strongpeak": {
        "max": 11.5326185226,
        "mean": 0.182895109057,
        "min": 0,
        "stdev": 0.886051654816
    },
    "zerocrossingrate": {
        "max": 0.798828125,
        "mean": 0.464177012444,
        "min": 0.03759765625,
        "stdev": 0.119801424444
    },
    "barkbands": {
        "max": [0.0016839466989, 0.0283825099468, 0.0646309256554, 0.0156949646771, 0.103534668684, 0.0118703367189, 0.00543147651479, 0.0096816373989, 0.017291283235, 0.132226213813, 0.0231652334332, 0.0172148216516, 0.0264833588153, 0.0814997851849, 0.0311815701425, 0.0473909005523, 0.0275879986584, 0.0275102593005, 0.0110848434269, 0.010312769562, 0.0139288241044, 0.00366988079622, 0.00350815965794, 0.00290406541899, 0.00162016309332, 0.00117619393859, 5.85828593103e-06],
        "mean": [4.31174012192e-05, 0.000347035267623, 0.000801233982202, 0.000141540891491, 0.00104868679773, 0.000134748144774, 7.65321819927e-05, 0.000143503246363, 0.000502099632286, 0.00148301175795, 0.000338679383276, 0.000295832636766, 0.000320035585901, 0.000807680364233, 0.000604924571235, 0.000601095496677, 0.000481287715957, 0.000397468917072, 0.000153619883349, 0.00016261372366, 0.000222012356971, 8.08113181847e-05, 6.9848370913e-05, 4.96691245644e-05, 2.98025224765e-05, 9.9990511444e-06, 1.83175536961e-08],
        "min": [1.71018918254e-25, 6.86747101168e-25, 6.96380830779e-26, 2.45515453899e-25, 5.70059210219e-24, 5.66215012142e-24, 3.26993494836e-24, 3.05520740439e-24, 8.77002306314e-24, 7.94078825679e-24, 7.63729374502e-24, 9.31833266822e-24, 1.83394572572e-23, 2.28378324396e-23, 2.89988802856e-23, 3.5506039276e-23, 5.26024063634e-23, 8.02353834579e-23, 1.00332776222e-22, 1.71469721989e-22, 2.04613895937e-22, 2.32621828086e-22, 3.92976474677e-22, 4.88304698383e-22, 8.26623840837e-22, 1.0651255983e-21, 1.69747720674e-21],
        "stdev": [0.000196910899831, 0.00207785423845, 0.00534461112693, 0.000876392819919, 0.00676414044574, 0.00074472790584, 0.000405377853895, 0.000729559862521, 0.00219869217835, 0.00910535361618, 0.00168269081041, 0.00152651057579, 0.0018440693384, 0.00512457778677, 0.00315594859421, 0.00358855095692, 0.00248126941733, 0.00224792025983, 0.000813731225207, 0.000932623166591, 0.0012617316097, 0.000412571884226, 0.000359271420166, 0.000256372964941, 0.00015685458493, 6.71649613651e-05, 2.61367631538e-07]
    },
    "erbbands": {
        "max": [0.318829357624, 9.19486236572, 69.9615097046, 36.0668182373, 329.368682861, 229.673721313, 90.2202987671, 68.7990875244, 71.6854095459, 85.8590087891, 259.843414307, 495.761291504, 4982.58642578, 1614.36364746, 602.953796387, 708.833312988, 1306.41516113, 2895.48120117, 3351.04760742, 1877.43408203, 2250.92260742, 1703.24072266, 1656.35925293, 954.863098145, 365.825134277, 542.326782227, 801.59185791, 257.451080322, 150.108108521, 124.994979858, 90.954246521, 81.957321167, 36.3103485107, 24.213060379, 12.8113794327, 7.87121152878, 1.50271117687, 0.072081759572, 0.0020322361961, 0.000584690598771],
        "mean": [0.00618270225823, 0.106659263372, 0.825583457947, 0.694372236729, 3.06864571571, 2.81688451767, 1.10523033142, 1.0095897913, 1.1786454916, 1.82603549957, 3.44207167625, 10.777009964, 55.7713394165, 18.1147499084, 13.2798366547, 12.8031873703, 14.8173732758, 32.9113960266, 41.0869369507, 32.1401634216, 30.6706886292, 27.7554264069, 22.8885879517, 12.0683851242, 7.40183401108, 7.64330720901, 11.367978096, 5.14121294022, 2.99048614502, 2.70888185501, 1.73174774647, 1.19936716557, 0.726973593235, 0.363381266594, 0.199556261301, 0.073959030211, 0.0117996940389, 0.000477515131934, 2.26951560762e-05, 1.38125233207e-05],
        "min": [3.78515846491e-23, 1.85454761712e-22, 6.1689745728e-22, 3.40190345764e-21, 1.09209384711e-20, 1.60165237175e-20, 1.94744682577e-20, 5.91035604941e-20, 9.31928367602e-20, 1.19222627362e-19, 1.49209139488e-19, 2.55936893505e-19, 4.04089490706e-19, 4.58692949561e-19, 6.94248397116e-19, 5.1360812626e-19, 1.01086134085e-18, 1.70929180804e-18, 2.0116234268e-18, 1.98139617927e-18, 2.83530527216e-18, 3.84587823716e-18, 4.36772291097e-18, 5.79967718965e-18, 5.98397675244e-18, 7.78536023244e-18, 7.26638546176e-18, 8.07659811841e-18, 8.63267607547e-18, 1.02640234816e-17, 1.0263228561e-17, 9.19345572712e-18, 8.71662249993e-18, 7.80361528138e-18, 5.85675141115e-18, 3.83741328436e-18, 1.91532843656e-18, 8.83809087096e-19, 2.2993061939e-19, 2.29006875134e-20],
        "stdev": [0.0309478491545, 0.666695773602, 5.66644382477, 3.63676285744, 21.1993293762, 16.6195659637, 6.39314508438, 5.10856676102, 5.74238491058, 8.97584915161, 17.9312667847, 50.354019165, 343.103027344, 98.280960083, 59.7030601501, 64.8181915283, 84.5420379639, 191.474472046, 243.852172852, 164.943252563, 182.211395264, 145.24017334, 128.965530396, 68.3494338989, 37.482460022, 42.85414505, 66.8847503662, 25.9694461823, 15.3080854416, 13.6248884201, 9.05923461914, 6.43151092529, 3.68634462357, 1.93374979496, 1.06947350502, 0.464720577002, 0.0837590023875, 0.00428357394412, 0.000138515926665, 6.82322061039e-05]
    },
    "gfcc": {
        "mean": [-1146.77050781, 5.98935365677, -13.565369606, 2.71140956879, -5.4067568779, 2.56514692307, -3.50998854637, 1.22689259052, -2.47295355797, -0.273180037737, -2.63829827309, -0.214741066098, -0.558489024639],
        "cov": [[142198.953125, 7653.40625, -16128.8964844, 3416.86547852, -6306.68896484, 3167.37841797, -4149.91992188, 1454.84765625, -2978.59130859, -401.628814697, -3179.16894531, -319.188903809, -615.66809082], [7653.40625, 547.957092285, -846.868164062, 194.128860474, -333.245513916, 174.774185181, -216.099655151, 71.1717529297, -158.907531738, -30.3877639771, -170.197509766, -18.7619838715, -28.7156620026], [-16128.8964844, -846.868164062, 1846.4152832, -378.872497559, 725.90411377, -357.625061035, 472.867156982, -168.054428101, 334.855529785, 41.3536376953, 357.855041504, 32.7627868652, 68.9268493652], [3416.86547852, 194.128860474, -378.872497559, 93.9940185547, -140.851577759, 82.4137573242, -95.6599884033, 34.4860534668, -72.1309509277, -13.2759056091, -77.4259109497, -10.6824607849, -12.9384860992], [-6306.68896484, -333.245513916, 725.90411377, -140.851577759, 296.035766602, -134.995010376, 188.376602173, -65.3942260742, 131.025817871, 13.8766508102, 138.540939331, 10.0686988831, 28.8379402161], [3167.37841797, 174.774185181, -357.625061035, 82.4137573242, -134.995010376, 79.5954208374, -87.5277023315, 34.6673736572, -63.9995574951, -10.5871152878, -70.5588607788, -9.66128635406, -11.6463327408], [-4149.91992188, -216.099655151, 472.867156982, -95.6599884033, 188.376602173, -87.5277023315, 127.211761475, -40.4728431702, 89.1832199097, 11.2239990234, 92.7447433472, 7.87432956696, 19.5480499268], [1454.84765625, 71.1717529297, -168.054428101, 34.4860534668, -65.3942260742, 34.6673736572, -40.4728431702, 19.4053859711, -27.7148952484, -2.14682030678, -31.5021209717, -2.72714781761, -5.00785779953], [-2978.59130859, -158.907531738, 334.855529785, -72.1309509277, 131.025817871, -63.9995574951, 89.1832199097, -27.7148952484, 67.5966339111, 11.1107711792, 68.0738983154, 7.23759460449, 14.2448749542], [-401.628814697, -30.3877639771, 41.3536376953, -13.2759056091, 13.8766508102, -10.5871152878, 11.2239990234, -2.14682030678, 11.1107711792, 6.04075527191, 10.6606712341, 2.86002588272, 1.85138177872], [-3179.16894531, -170.197509766, 357.855041504, -77.4259109497, 138.540939331, -70.5588607788, 92.7447433472, -31.5021209717, 68.0738983154, 10.6606712341, 73.9025650024, 8.72120571136, 14.4986047745], [-319.188903809, -18.7619838715, 32.7627868652, -10.6824607849, 10.0686988831, -9.66128635406, 7.87432956696, -2.72714781761, 7.23759460449, 2.86002588272, 8.72120571136, 5.64504384995, 2.01696372032], [-615.66809082, -28.7156620026, 68.9268493652, -12.9384860992, 28.8379402161, -11.6463327408, 19.5480499268, -5.00785779953, 14.2448749542, 1.85138177872, 14.4986047745, 2.01696372032, 7.04360818863]],
        "icov": [[0.00612717634067, -0.00689806696028, 0.027979509905, -0.024987116456, -0.000108918524347, -0.00596167193726, 0.015666205436, -0.0158232878894, 0.023513155058, -0.025319037959, 0.0333355516195, 0.000547477335203, 0.0139309633523], [-0.00689806696028, 0.0184340942651, -0.0340736210346, 0.00957964826375, 0.0203958619386, 0.00641078269109, -0.023730115965, 0.0371653921902, -0.0402304567397, 0.0466196909547, -0.0299595240504, -0.00388071779162, -0.0254967939109], [0.027979509905, -0.0340736210346, 0.211933389306, -0.105734445155, -0.0793424844742, 0.0521626211703, 0.00418714480475, -0.0318540073931, 0.0842979028821, -0.0748949795961, 0.0802084580064, 0.0207804050297, 0.0935499146581], [-0.024987116456, 0.00957964826375, -0.105734445155, 0.351755470037, -0.102920815349, -0.150643602014, -0.0167077872902, 0.0497412122786, 0.0143303927034, 0.0631498396397, -0.0872390940785, -0.018924580887, -0.0707467272878], [-0.000108918524347, 0.0203958619386, -0.0793424844742, -0.102920815349, 0.215463384986, 0.00446890154853, -0.0570248737931, 0.04280404374, -0.0364833772182, 0.0374428555369, 0.0461263284087, 0.0306320935488, -0.0648463591933], [-0.00596167193726, 0.00641078269109, 0.0521626211703, -0.150643602014, 0.00446890154853, 0.386355906725, -0.124942958355, -0.0903748124838, -0.123939521611, 0.159295558929, -0.0926460102201, 0.105087436736, -0.00971062202007], [0.015666205436, -0.023730115965, 0.00418714480475, -0.0167077872902, -0.0570248737931, -0.124942958355, 0.399449110031, -0.127315998077, -0.0545006878674, -0.0421515181661, 0.067393578589, 0.00365322059952, 0.0102519709617], [-0.0158232878894, 0.0371653921902, -0.0318540073931, 0.0497412122786, 0.04280404374, -0.0903748124838, -0.127315998077, 0.505884408951, -0.13166116178, -0.0368090756238, -0.0319347195327, -0.0325610004365, -0.0891451463103], [0.023513155058, -0.0402304567397, 0.0842979028821, 0.0143303927034, -0.0364833772182, -0.123939521611, -0.0545006878674, -0.13166116178, 0.557381272316, -0.334355652332, 0.0177805479616, 0.0218753460795, 0.0125028463081], [-0.025319037959, 0.0466196909547, -0.0748949795961, 0.0631498396397, 0.0374428555369, 0.159295558929, -0.0421515181661, -0.0368090756238, -0.334355652332, 0.634413063526, -0.208133071661, -0.0380873046815, -0.024450102821], [0.0333355516195, -0.0299595240504, 0.0802084580064, -0.0872390940785, 0.0461263284087, -0.0926460102201, 0.067393578589, -0.0319347195327, 0.0177805479616, -0.208133071661, 0.652937233448, -0.123347468674, 0.00478719826788], [0.000547477335203, -0.00388071779162, 0.0207804050297, -0.018924580887, 0.0306320935488, 0.105087436736, 0.00365322059952, -0.0325610004365, 0.0218753460795, -0.0380873046815, -0.123347468674, 0.350630760193, -0.0717607364058], [0.0139309633523, -0.0254967939109, 0.0935499146581, -0.0707467272878, -0.0648463591933, -0.00971062202007, 0.0102519709617, -0.0891451463103, 0.0125028463081, -0.024450102821, 0.00478719826788, -0.0717607364058, 0.359736382961]]
    },
    "melbands": {
        "max": [0.0051728147082, 0.0265564806759, 0.0119873890653, 0.0259417016059, 0.00260615092702, 0.00168087065686, 0.00118927785661, 0.000994146103039, 0.00203747418709, 0.00389557611197, 0.02453311719, 0.00685159675777, 0.0024351074826, 0.00224659801461, 0.00152779370546, 0.00340077211149, 0.00634228950366, 0.00659948913381, 0.00203758641146, 0.00276571884751, 0.00280094076879, 0.00166766007897, 0.0019432840636, 0.000970766879618, 0.000803567760158, 0.000225208117627, 0.000389348191675, 0.000384258193662, 0.000680954079144, 0.000166388665093, 0.000142521879752, 9.29814341362e-05, 8.07377509773e-05, 7.45917786844e-05, 5.82972606935e-05, 6.25242173555e-05, 4.60447299702e-05, 2.64588834398e-05, 2.62131634372e-05, 1.67032430909e-05],
        "mean": [7.85323718446e-05, 0.000313184864353, 0.000185708879144, 0.000257374194916, 4.24494210165e-05, 2.36512332776e-05, 1.78039790626e-05, 2.23405822908e-05, 2.75991242233e-05, 8.57601335156e-05, 0.0002757171751, 6.82584286551e-05, 4.56944580947e-05, 3.5365083022e-05, 2.87723232759e-05, 3.48388530256e-05, 6.61452431814e-05, 7.24813653505e-05, 4.2005085561e-05, 4.25807920692e-05, 3.49892907252e-05, 2.84832040052e-05, 2.66905644821e-05, 1.56911955855e-05, 9.20856109587e-06, 5.1614624681e-06, 5.2548016356e-06, 4.70032091471e-06, 8.82360473042e-06, 4.05982746088e-06, 2.50159496318e-06, 1.68552151081e-06, 1.47195157751e-06, 1.53866096753e-06, 1.04572586679e-06, 7.95437188117e-07, 6.9519205681e-07, 5.54525456664e-07, 3.60860866522e-07, 2.86219659529e-07],
        "min": [5.27132584783e-25, 4.29529832512e-25, 1.20684418066e-24, 1.01120440819e-24, 7.14027784815e-25, 1.32882929231e-24, 1.44916381112e-24, 9.11291526066e-25, 1.13267035076e-24, 1.36750418427e-24, 1.64561295488e-24, 1.46283013605e-24, 1.41617423971e-24, 1.20770620842e-24, 2.06503787363e-24, 2.65231779908e-24, 2.60087440451e-24, 2.8046354014e-24, 2.3111656315e-24, 2.62793470015e-24, 2.85760287523e-24, 3.32461681416e-24, 3.36074427704e-24, 4.21181317552e-24, 3.56096230238e-24, 3.39907463399e-24, 4.2215244477e-24, 4.83822079909e-24, 4.36358291394e-24, 4.07975785999e-24, 4.06214062382e-24, 4.74837545844e-24, 3.83136252144e-24, 4.63317376172e-24, 4.9445927757e-24, 5.21399035255e-24, 4.94831580474e-24, 5.16283666716e-24, 5.71045049692e-24, 6.09716983419e-24],
        "stdev": [0.000421978562372, 0.00208194926381, 0.00103960058186, 0.00168820947874, 0.000226544754696, 0.00011975288362, 8.87673450052e-05, 0.000109143016743, 0.000144692254253, 0.000400043994887, 0.00169039610773, 0.000387109874282, 0.000212916085729, 0.00018137920415, 0.000141038835864, 0.000211102058529, 0.000398281990783, 0.000452779728221, 0.000211460705032, 0.000233795857639, 0.000217828041059, 0.00014882357209, 0.000149545128806, 8.79963190528e-05, 5.36589504918e-05, 2.53491434705e-05, 2.99008315778e-05, 2.68455423793e-05, 5.56732557015e-05, 2.02589362743e-05, 1.28061392388e-05, 8.72269720276e-06, 7.62743320593e-06, 7.77855075285e-06, 5.58923193239e-06, 4.44187662652e-06, 3.71569922208e-06, 2.79684195448e-06, 1.99581404559e-06, 1.49405423144e-06]
    },
    "melbands128": {
        "max": [0.0014822462108, 0.00235079997219, 0.00424547307193, 0.0171318203211, 0.0383200421929, 0.0269235260785, 0.00644181948155, 0.0102008758113, 0.0400872677565, 0.0428080745041, 0.00528490263969, 0.00326850102283, 0.00354428542778, 0.00308115966618, 0.00125580595341, 0.00163322384469, 0.00131026585586, 0.00185465230606, 0.00150260934606, 0.00128686707467, 0.00176733208355, 0.0028292669449, 0.00220158929005, 0.00138486688957, 0.00319627835415, 0.00438505411148, 0.0203454867005, 0.0469474755228, 0.00905534625053, 0.00910343695432, 0.00467954482883, 0.00584449572489, 0.00206608348526, 0.00205633300357, 0.00185513601173, 0.00363631988876, 0.0021637827158, 0.00144221412484, 0.00127956375945, 0.00441994238645, 0.00332664162852, 0.00287896557711, 0.00414138194174, 0.0117688309401, 0.00837327726185, 0.00686677731574, 0.00361122633331, 0.00185562670231, 0.00324251316488, 0.00438290135935, 0.00420241849497, 0.00334190088324, 0.00388303212821, 0.00368941598572, 0.00264547998086, 0.00200753798708, 0.00195379182696, 0.00207099248655, 0.00265879090875, 0.00158573454246, 0.000922258011997, 0.00134633702692, 0.00134967756458, 0.000842942856252, 0.000327892194036, 0.000248393596848, 0.000226455900702, 0.000360073638149, 0.000488944351673, 0.000516749511007, 0.000442620454123, 0.00025774439564, 0.000792722974438, 0.00100226840004, 0.000353645387804, 0.000209783596802, 0.000219211404328, 0.000178625865374, 0.000151919157361, 0.000146394042531, 0.000143908211612, 9.09840964596e-05, 0.000187855854165, 8.2608559751e-05, 8.70835938258e-05, 0.000119222226203, 9.28674126044e-05, 8.66055052029e-05, 8.44233145472e-05, 4.07020634157e-05, 6.67489293846e-05, 6.91980385454e-05, 4.98170229548e-05, 4.82746036141e-05, 4.23553428845e-05, 3.56104865205e-05, 3.20523504342e-05, 2.24544019147e-05, 2.31971735047e-05, 3.5007866245e-05, 3.11104631692e-05, 1.16564515338e-05, 1.40759611895e-05, 2.26392494369e-05, 1.27163484649e-05, 1.14918948384e-05, 1.46500069604e-05, 1.64992470673e-05, 1.4967394236e-05, 1.43507886605e-05, 7.47580133975e-06, 5.45000057173e-06, 3.88757689507e-06, 3.01343197862e-06, 1.94146628019e-06, 9.61916697406e-08, 3.18939079591e-08, 2.89342541038e-08, 2.8494127946e-08, 2.65682054135e-08, 2.58104417838e-08, 2.44641604752e-08, 2.25617284855e-08, 2.24008278593e-08, 2.18884235181e-08, 2.15553495053e-08, 2.09719654976e-08, 2.07486969828e-08],
        "mean": [3.18347738357e-05, 3.72216054529e-05, 8.58637649799e-05, 0.000178648449946, 0.000427730963565, 0.000350790738594, 0.000117926487292, 7.69190301071e-05, 0.000355493015377, 0.000391161564039, 0.000101622390503, 4.00837707275e-05, 3.71213609469e-05, 2.75454221992e-05, 1.84056025319e-05, 2.74413650914e-05, 2.11670885619e-05, 1.50771402332e-05, 1.4620892216e-05, 1.89168422366e-05, 2.74926642305e-05, 2.83660574496e-05, 2.79433897958e-05, 2.42889491346e-05, 4.0299797547e-05, 6.34625757812e-05, 0.000290791911539, 0.000440813717432, 0.000104793914943, 8.02216309239e-05, 4.70273917017e-05, 5.77501814405e-05, 4.66072488052e-05, 4.09542044508e-05, 3.06281581288e-05, 3.82405851269e-05, 3.53616414941e-05, 2.52607314906e-05, 2.58028776443e-05, 3.3634405554e-05, 3.6382683902e-05, 3.52359711542e-05, 6.5131825977e-05, 7.97880711616e-05, 8.67131311679e-05, 7.85350057413e-05, 4.78840629512e-05, 3.68261971744e-05, 4.0830578655e-05, 4.54983310192e-05, 4.7694753448e-05, 3.40933256666e-05, 3.52978713636e-05, 3.52577226295e-05, 3.15477991535e-05, 2.77614180959e-05, 2.63071615336e-05, 2.78638035525e-05, 2.89956115012e-05, 2.00565555133e-05, 1.38800614877e-05, 1.31896067614e-05, 1.26690538309e-05, 7.27343467588e-06, 5.04825811731e-06, 5.1645606618e-06, 4.92651633976e-06, 5.59529735256e-06, 5.22043728779e-06, 5.15437795912e-06, 3.89376418752e-06, 3.77767332793e-06, 9.83923746389e-06, 1.12967682071e-05, 5.13840132044e-06, 4.1122998482e-06, 3.81028530683e-06, 2.95986592391e-06, 2.31679609897e-06, 2.07293260246e-06, 1.74140029685e-06, 1.41126270137e-06, 1.70924897702e-06, 1.39640940233e-06, 1.29462193854e-06, 1.78732000222e-06, 1.56812302521e-06, 1.25171959553e-06, 1.09473830889e-06, 8.10775077298e-07, 7.53641586471e-07, 8.35452397041e-07, 7.75183991664e-07, 7.03915645772e-07, 6.48249795177e-07, 5.90849140281e-07, 5.91909326886e-07, 4.08348370229e-07, 3.68189944311e-07, 3.248164262e-07, 2.95909529768e-07, 2.71563067145e-07, 2.83072438378e-07, 2.84713536303e-07, 2.35391141246e-07, 1.86434292004e-07, 1.52776081563e-07, 1.56849736754e-07, 1.37410111734e-07, 1.03486904379e-07, 6.94216168995e-08, 4.45568062446e-08, 3.05974801051e-08, 1.41177505242e-08, 6.25933571641e-09, 5.38152744589e-10, 1.95976374018e-10, 8.97661805999e-11, 8.43947967066e-11, 7.45805431301e-11, 7.0497441218e-11, 6.28307822437e-11, 5.75207138864e-11, 5.64690967597e-11, 5.16814334384e-11, 4.68456558267e-11, 4.32230154446e-11, 4.20575484161e-11],
        "min": [2.58902353164e-28, 6.74581214331e-26, 2.03522539021e-25, 9.36540781948e-26, 1.11993214534e-25, 4.78674788387e-26, 2.41968735269e-25, 8.35552965903e-26, 3.91443480097e-25, 1.63066201927e-25, 8.24245507644e-26, 2.07521472165e-25, 2.70907925014e-25, 4.78563454228e-25, 3.03226742788e-25, 2.73977777226e-25, 4.70245458325e-25, 3.42773178131e-25, 5.46105823541e-25, 2.42310262737e-25, 4.73692484658e-25, 4.51161581825e-25, 7.81913998874e-25, 4.00719325703e-25, 5.93107733996e-25, 4.57443034694e-25, 1.32453825877e-25, 5.17072192355e-25, 9.70669875263e-25, 5.1770199918e-25, 3.68124209396e-25, 5.20547075339e-25, 1.76310893029e-25, 1.03845235411e-24, 6.7613948579e-25, 2.79539616387e-25, 4.28708529702e-25, 4.97660149718e-25, 7.42768206263e-25, 9.6894187545e-25, 9.47973360943e-25, 1.05116721418e-24, 9.88368265494e-25, 9.19855794483e-25, 1.1160933263e-24, 4.92985902336e-25, 8.41974416931e-25, 1.63411708213e-24, 6.6880293146e-25, 1.25100274059e-24, 4.45773464627e-25, 1.52252619898e-24, 7.09874333541e-25, 1.24452057193e-24, 1.70880327719e-24, 8.58518013405e-25, 1.34084216478e-24, 1.31698494025e-24, 1.43451732652e-24, 1.52825254029e-24, 1.62174034756e-24, 1.4635987824e-24, 1.8533805763e-24, 1.58700167431e-24, 1.47664979582e-24, 1.53776896382e-24, 1.9192739305e-24, 1.2848263352e-24, 2.1346844308e-24, 1.79491730575e-24, 2.24863657185e-24, 2.44349665392e-24, 2.35951984676e-24, 1.96489198171e-24, 1.71161103037e-24, 1.72394270125e-24, 2.27308317409e-24, 1.97516847272e-24, 2.17426809052e-24, 2.80609794951e-24, 2.57379714837e-24, 2.61051783465e-24, 2.8158068551e-24, 2.62235055101e-24, 2.82086148135e-24, 2.3922985951e-24, 1.97765456787e-24, 2.59785287003e-24, 2.98992758676e-24, 2.56215316698e-24, 2.8219940884e-24, 3.34674515141e-24, 3.00170547729e-24, 2.65931341759e-24, 2.91365716179e-24, 2.03895103235e-24, 3.78485088804e-24, 3.33973888328e-24, 3.93823424144e-24, 2.57587914952e-24, 3.52036515361e-24, 2.77451925583e-24, 4.13115609227e-24, 3.55131808338e-24, 3.02945760394e-24, 4.12444880242e-24, 3.49028470401e-24, 4.46844067204e-24, 3.31382914128e-24, 3.41101956582e-24, 3.46699910781e-24, 4.572278433e-24, 4.84956422447e-24, 4.05244631216e-24, 4.22461954346e-24, 3.8806959103e-24, 4.87414158041e-24, 4.04258357869e-24, 4.85224004066e-24, 3.7237804322e-24, 5.44088094839e-24, 4.31518156424e-24, 4.84012037615e-24, 5.21746410155e-24, 4.27005162071e-24, 4.5688875144e-24, 5.2987881667e-24, 5.4118666443e-24],
        "stdev": [0.00014622049639, 0.00018802487466, 0.000429199979408, 0.0011848679278, 0.00304536055773, 0.00223734299652, 0.000611418101471, 0.000534242833965, 0.00253692246042, 0.00268199900165, 0.000531915691681, 0.000220706075197, 0.000239633314777, 0.00018712884048, 0.000104115075374, 0.000139710842632, 0.000104340120743, 9.98924078885e-05, 9.49942696025e-05, 0.00010628340533, 0.000146272184793, 0.000168329002918, 0.00015931368398, 0.000137048584293, 0.000229439348914, 0.000367063301383, 0.00164160993882, 0.00302375527099, 0.000626081135124, 0.000508177326992, 0.000271909520961, 0.000348471920006, 0.000219386391109, 0.000212000202737, 0.000161365416716, 0.000233681086684, 0.000189472164493, 0.000132425804622, 0.000126917962916, 0.000242789261392, 0.000226231146371, 0.000212734012166, 0.000360956852091, 0.000604127359111, 0.000624183681794, 0.000546905910596, 0.000275543046882, 0.000189913058421, 0.000238326450926, 0.000267009949312, 0.000292159587843, 0.000205997173907, 0.000246777111897, 0.000239541710471, 0.000186962657608, 0.000155304529471, 0.000152182081365, 0.000165129924426, 0.000184778953553, 0.000126552040456, 7.89367913967e-05, 8.22998772492e-05, 8.2647347881e-05, 4.75999804621e-05, 2.70479213214e-05, 2.68104322458e-05, 2.46825202339e-05, 3.20339895552e-05, 3.1923136703e-05, 3.37238561769e-05, 2.50349767157e-05, 2.08304936677e-05, 6.27424524282e-05, 7.95614541858e-05, 2.74625745078e-05, 2.1107851353e-05, 2.08096334973e-05, 1.50732576003e-05, 1.2293441614e-05, 1.16095152407e-05, 1.00411316453e-05, 7.41609073884e-06, 1.10229284473e-05, 7.50654180592e-06, 7.05189177097e-06, 9.85033875622e-06, 8.24562266644e-06, 7.05002685208e-06, 6.59461647956e-06, 4.32455590271e-06, 4.32832030128e-06, 5.13276108904e-06, 4.45674186267e-06, 3.9089609345e-06, 3.45994976669e-06, 3.12320571538e-06, 3.19223408951e-06, 2.18673312702e-06, 2.06375284506e-06, 2.05785590879e-06, 1.8355596012e-06, 1.39334349569e-06, 1.45708656873e-06, 1.67391135619e-06, 1.28333795146e-06, 1.03164882148e-06, 9.08457934656e-07, 1.00753345578e-06, 9.25690073927e-07, 7.44145268072e-07, 4.41462077561e-07, 3.17362008673e-07, 2.27056247581e-07, 1.77070234031e-07, 9.68680780034e-08, 5.63591218139e-09, 2.07788719564e-09, 1.30049315761e-09, 1.26351362706e-09, 1.1634634367e-09, 1.12149534104e-09, 1.05301745101e-09, 9.69553881625e-10, 9.60404644701e-10, 9.35561850213e-10, 9.2019725173e-10, 8.94933238627e-10, 8.85230888592e-10]
    },
    "mfcc": {
        "mean": [-1204.38525391, 8.75228691101, -2.29713201523, 0.688872098923, 0.171056076884, 0.935198962688, -0.0359934046865, 0.883756935596, 0.840205013752, 0.19244761765, -0.742934465408, -0.50526535511, -0.742424368858],
        "cov": [[40424.421875, 5425.36816406, -1576.55554199, 461.603057861, 157.302612305, 638.90447998, 22.1233978271, 594.690429688, 569.51739502, 151.460693359, -482.622558594, -358.237518311, -556.237548828], [5425.36816406, 832.10168457, -201.470718384, 64.9453277588, 11.1448850632, 85.1299209595, -6.60383653641, 80.3656539917, 75.3699798584, 15.2792186737, -68.9847106934, -44.9460716248, -61.8010940552], [-1576.55554199, -201.470718384, 67.7836151123, -15.8030281067, -6.03218746185, -23.8379116058, -0.726445198059, -22.7218551636, -22.8938484192, -6.23436880112, 18.4501934052, 14.1022043228, 22.0908088684], [461.603057861, 64.9453277588, -15.8030281067, 11.6047878265, 4.58437490463, 9.54476261139, 1.46663713455, 7.22733640671, 5.88957500458, 1.29759633541, -5.89848947525, -5.90863656998, -7.77468013763], [157.302612305, 11.1448850632, -6.03218746185, 4.58437490463, 7.42539739609, 5.24979400635, 2.92466187477, 2.92206811905, 2.84618639946, 1.04507052898, -2.20011091232, -2.71891331673, -4.38110923767], [638.90447998, 85.1299209595, -23.8379116058, 9.54476261139, 5.24979400635, 15.7133550644, 2.90242099762, 11.6880540848, 10.5854568481, 3.68025636673, -7.82102203369, -6.22773981094, -9.50666236877], [22.1233978271, -6.60383653641, -0.726445198059, 1.46663713455, 2.92466187477, 2.90242099762, 5.10898447037, 2.22636628151, 1.53870534897, 1.33443582058, -0.862683475018, -0.689066052437, -1.75527322292], [594.690429688, 80.3656539917, -22.7218551636, 7.22733640671, 2.92206811905, 11.6880540848, 2.22636628151, 12.9193515778, 10.0964708328, 2.82441997528, -7.15590620041, -5.29072475433, -7.33576059341], [569.51739502, 75.3699798584, -22.8938484192, 5.88957500458, 2.84618639946, 10.5854568481, 1.53870534897, 10.0964708328, 12.1327962875, 4.44158792496, -6.52660512924, -4.99945354462, -7.17053937912], [151.460693359, 15.2792186737, -6.23436880112, 1.29759633541, 1.04507052898, 3.68025636673, 1.33443582058, 2.82441997528, 4.44158792496, 4.09745025635, -0.142963439226, -1.03542673588, -2.36564350128], [-482.622558594, -68.9847106934, 18.4501934052, -5.89848947525, -2.20011091232, -7.82102203369, -0.862683475018, -7.15590620041, -6.52660512924, -0.142963439226, 9.43598175049, 5.02115774155, 5.61997127533], [-358.237518311, -44.9460716248, 14.1022043228, -5.90863656998, -2.71891331673, -6.22773981094, -0.689066052437, -5.29072475433, -4.99945354462, -1.03542673588, 5.02115774155, 5.93257474899, 6.45788621902], [-556.237548828, -61.8010940552, 22.0908088684, -7.77468013763, -4.38110923767, -9.50666236877, -1.75527322292, -7.33576059341, -7.17053937912, -2.36564350128, 5.61997127533, 6.45788621902, 12.7862997055]],
        "icov": [[0.00158052600455, -0.00454605929554, 0.0136057138443, -0.00111898605246, -0.00257343379781, 0.00202823826112, 0.002221445553, -0.00897220149636, 0.00324025354348, -0.0110514862463, 0.00932954996824, -0.00365045503713, 0.0158964656293], [-0.00454605929554, 0.0258745271713, -0.0276737492532, -0.0273803323507, 0.026566086337, -0.0191585272551, 0.0340866670012, 0.00713380519301, -0.0210993401706, 0.0278282426298, 0.0107078962028, -0.013119452633, -0.0426745973527], [0.0136057138443, -0.0276737492532, 0.231918975711, -0.0580609552562, -0.00520030315965, -0.00479275314137, -0.020263819024, -0.0324293449521, 0.0722271800041, -0.0613543912768, 0.0236382223666, -0.0469978377223, 0.0379058197141], [-0.00111898605246, -0.0273803323507, -0.0580609552562, 0.325304180384, -0.0940938442945, -0.061606246978, -0.0559326484799, 0.0140675241128, 0.0684100985527, 0.0211579538882, -0.0703317672014, 0.185505270958, 0.0189410969615], [-0.00257343379781, 0.026566086337, -0.00520030315965, -0.0940938442945, 0.286722511053, -0.0937624797225, -0.0679738968611, 0.0641253739595, -0.0679861754179, 0.0819522067904, -0.00415420345962, 0.00881822407246, -0.00137931108475], [0.00202823826112, -0.0191585272551, -0.00479275314137, -0.061606246978, -0.0937624797225, 0.367769420147, -0.0347636565566, -0.155260235071, -0.00746122701094, -0.135102584958, 0.0653612241149, -0.0404203273356, 0.0764233469963], [0.002221445553, 0.0340866670012, -0.020263819024, -0.0559326484799, -0.0679738968611, -0.0347636565566, 0.490039110184, -0.196821659803, 0.0346515215933, -0.196637332439, 0.244852483273, -0.134622439742, 0.111030384898], [-0.00897220149636, 0.00713380519301, -0.0324293449521, 0.0140675241128, 0.0641253739595, -0.155260235071, -0.196821659803, 0.481559634209, -0.184770449996, 0.227687999606, -0.173294574022, 0.0856029912829, -0.164015576243], [0.00324025354348, -0.0210993401706, 0.0722271800041, 0.0684100985527, -0.0679861754179, -0.00746122701094, 0.0346515215933, -0.184770449996, 0.56849449873, -0.41888999939, 0.122558057308, 0.0454100742936, -0.00979602243751], [-0.0110514862463, 0.0278282426298, -0.0613543912768, 0.0211579538882, 0.0819522067904, -0.135102584958, -0.196637332439, 0.227687999606, -0.41888999939, 0.835182666779, -0.396199226379, 0.0575209930539, -0.131433695555], [0.00932954996824, 0.0107078962028, 0.0236382223666, -0.0703317672014, -0.00415420345962, 0.0653612241149, 0.244852483273, -0.173294574022, 0.122558057308, -0.396199226379, 0.59755307436, -0.241510480642, 0.210136756301], [-0.00365045503713, -0.013119452633, -0.0469978377223, 0.185505270958, 0.00881822407246, -0.0404203273356, -0.134622439742, 0.0856029912829, 0.0454100742936, 0.0575209930539, -0.241510480642, 0.648985922337, -0.210140809417], [0.0158964656293, -0.0426745973527, 0.0379058197141, 0.0189410969615, -0.00137931108475, 0.0764233469963, 0.111030384898, -0.164015576243, -0.00979602243751, -0.131433695555, 0.210136756301, -0.210140809417, 0.470964819193]]
    },
    "spectral_contrast_coeffs": {
        "max": [-0.544173240662, -0.697811543941, -0.587208807468, -0.678906083107, -0.695646584034, -0.680346131325],
        "mean": [-0.94039285183, -0.949042499065, -0.94167548418, -0.947408676147, -0.94502133131, -0.941008746624],
        "min": [-0.981022775173, -0.984189033508, -0.980093955994, -0.973504424095, -0.968276143074, -0.966832458973],
        "stdev": [0.0758802890778, 0.0497496388853, 0.0635954663157, 0.046490047127, 0.0500853136182, 0.060788653791]
    },
    "spectral_contrast_valleys": {
        "max": [-4.73370409012, -5.0208106041, -4.59758710861, -4.55957460403, -4.98688840866, -7.78785800934],
        "mean": [-25.3380508423, -25.3069972992, -25.3460140228, -25.3292732239, -25.3706321716, -25.6270771027],
        "min": [-28.0879421234, -27.937292099, -27.9932537079, -27.7030410767, -27.522895813, -27.4352588654],
        "stdev": [5.8787984848, 5.92886447906, 5.99801111221, 5.9920539856, 5.90494966507, 5.12482881546]
    }
},
"rhythm": {
    "beats_count": 25,
    "beats_loudness": {
        "max": 0.139773756266,
        "mean": 0.00656949635595,
        "min": 0,
        "stdev": 0.0276088509709
    },
    "bpm": 112.373710632,
    "bpm_histogram_first_peak_bpm": 112,
    "bpm_histogram_first_peak_weight": 0.5,
    "bpm_histogram_second_peak_bpm": 136,
    "bpm_histogram_second_peak_spread": 0.428571403027,
    "bpm_histogram_second_peak_weight": 0.166666671634,
    "danceability": 1.2815747261,
    "onset_rate": 0.313495218754,
    "beats_loudness_band_ratio": {
        "max": [0.267549723387, 0.1730748564, 0.271543413401, 0.219176381826, 0.322601884604, 0.708167612553],
        "mean": [0.0216747038066, 0.0131810354069, 0.016536206007, 0.0204691458493, 0.0225999783725, 0.0342484861612],
        "min": [0, 0, 0, 0, 0, 0],
        "stdev": [0.0644794777036, 0.0425969064236, 0.055904738605, 0.0597170367837, 0.0705061778426, 0.139271765947]
    },
    "beats_position": [0.487619042397, 0.99845802784, 1.49768710136, 1.99691605568, 2.49614500999, 3.01859402657, 3.54104304314, 4.06349182129, 4.60916090012, 5.15482997894, 5.70049858093, 6.23455762863, 6.76861667633, 7.30267572403, 7.83673477173, 8.37079334259, 8.90485286713, 9.35764122009, 9.81043052673, 10.2516098022, 10.6927890778, 11.1339683533, 11.5751476288, 12.0047159195, 12.4226751328],
    "bpm_histogram": [0, 0, 0, 0, 0, 0, 0, 0, 0, 0, 0, 0, 0, 0, 0, 0, 0, 0, 0, 0, 0, 0, 0, 0, 0, 0, 0, 0, 0, 0, 0, 0, 0, 0, 0, 0, 0, 0, 0, 0, 0, 0, 0, 0, 0, 0, 0, 0, 0, 0, 0, 0, 0, 0, 0, 0, 0, 0, 0, 0, 0, 0, 0, 0, 0, 0, 0, 0, 0, 0, 0, 0, 0, 0, 0, 0, 0, 0, 0, 0, 0, 0, 0, 0, 0, 0, 0, 0, 0, 0, 0, 0, 0, 0, 0, 0, 0, 0, 0, 0, 0, 0, 0, 0, 0, 0, 0, 0, 0, 0, 0.125, 0, 0.25, 0, 0, 0.125, 0, 0.0416666679084, 0, 0, 0.125, 0, 0, 0, 0, 0, 0, 0, 0, 0, 0, 0, 0, 0.0833333358169, 0, 0, 0.166666671634, 0, 0, 0, 0.0416666679084, 0, 0, 0, 0.0416666679084, 0, 0, 0, 0, 0, 0, 0, 0, 0, 0, 0, 0, 0, 0, 0, 0, 0, 0, 0, 0, 0, 0, 0, 0, 0, 0, 0, 0, 0, 0, 0, 0, 0, 0, 0, 0, 0, 0, 0, 0, 0, 0, 0, 0, 0, 0, 0, 0, 0, 0, 0, 0, 0, 0, 0, 0, 0, 0, 0, 0, 0, 0, 0, 0, 0, 0, 0, 0, 0, 0, 0, 0, 0, 0, 0, 0, 0, 0, 0, 0, 0, 0, 0, 0, 0, 0, 0, 0, 0, 0, 0, 0, 0, 0, 0, 0, 0, 0, 0, 0, 0, 0, 0, 0, 0]
},
"tonal": {
    "chords_changes_rate": 0.0108695654199,
    "chords_number_rate": 0.0108695654199,
    "chords_strength": {
        "max": 0.684002399445,
        "mean": -0.744778394699,
        "min": -1,
        "stdev": 0.578694105148
