{
"metadata": {
    "version": {
        "essentia": "2.1-beta5",
        "essentia_git_sha": "Undefined",
        "extractor": "music 2.0"
    },
    "audio_properties": {
        "analysis": {
            "equal_loudness": 0,
            "length": 30.7432193756,
            "sample_rate": 44100,
            "start_time": 158.987030029,
            "downmix": "mix"
        },
        "bit_rate": 192000,
        "length": 189.753479004,
        "lossless": 0,
        "number_channels": 2,
        "replay_gain": -12.4863014221,
        "sample_rate": 48000,
        "codec": "mp3",
        "md5_encoded": "d1a0ff000f299e886e56d934bbf0a383"
    },
    "tags": {
        "file_name": "Iceland_þá Veistu Svarið_Inga.mp3",
        "encoding": ["Lavf58.29.100"]
    }
},
"lowlevel": {
    "average_loudness": 0.96436882019,
    "barkbands_crest": {
        "max": 26.1872177124,
        "mean": 6.30789852142,
        "min": 2.04699778557,
        "stdev": 2.5734834671
    },
    "barkbands_flatness_db": {
        "max": 0.288834869862,
        "mean": 0.0990344733,
        "min": 0.0327667966485,
        "stdev": 0.0261810235679
    },
    "barkbands_kurtosis": {
        "max": 38.6544647217,
        "mean": 0.410350680351,
        "min": -1.88464260101,
        "stdev": 1.83086335659
    },
    "barkbands_skewness": {
        "max": 6.31093645096,
        "mean": 0.315371841192,
        "min": -2.26403450966,
        "stdev": 0.873735547066
    },
    "barkbands_spread": {
        "max": 135.21383667,
        "mean": 28.2798843384,
        "min": 8.0921831131,
        "stdev": 14.3826704025
    },
    "dissonance": {
        "max": 0.5,
        "mean": 0.482121944427,
        "min": 0.405946463346,
        "stdev": 0.0154255619273
    },
    "dynamic_complexity": 1.64156103134,
    "erbbands_crest": {
        "max": 19.7934913635,
        "mean": 6.66573762894,
        "min": 2.68181085587,
        "stdev": 2.5167131424
    },
    "erbbands_flatness_db": {
        "max": 0.271528273821,
        "mean": 0.16320450604,
        "min": 0.0639805272222,
        "stdev": 0.0470196940005
    },
    "erbbands_kurtosis": {
        "max": 4.95538568497,
        "mean": -0.0866929516196,
        "min": -1.62762129307,
        "stdev": 0.879540503025
    },
    "erbbands_skewness": {
        "max": 1.5920958519,
        "mean": 0.00503230700269,
        "min": -1.28946018219,
        "stdev": 0.451808691025
    },
    "erbbands_spread": {
        "max": 87.7269515991,
        "mean": 33.7635917664,
        "min": 8.58461093903,
        "stdev": 16.0386600494
    },
    "hfc": {
        "max": 105.220245361,
        "mean": 35.7214431763,
        "min": 1.07843043704e-16,
        "stdev": 18.1997013092
    },
    "loudness_ebu128": {
        "integrated": -9.68443584442,
        "loudness_range": 2.08717346191,
        "momentary": {
            "max": -8.16112136841,
            "mean": -26.1141395569,
            "min": -300.691009521,
            "stdev": 64.6321029663
        },
        "short_term": {
            "max": -8.71927261353,
            "mean": -10.037194252,
            "min": -20.3297405243,
            "stdev": 1.48426187038
        }
    },
    "melbands_crest": {
        "max": 38.9281311035,
        "mean": 8.49482345581,
        "min": 1.56416463852,
        "stdev": 4.29357337952
    },
    "melbands_flatness_db": {
        "max": 0.253793925047,
        "mean": 0.103847302496,
        "min": 0.00348643539473,
        "stdev": 0.0399466119707
    },
    "melbands_kurtosis": {
        "max": 65.6334533691,
        "mean": 3.03567075729,
        "min": -1.37105596066,
        "stdev": 4.51180171967
    },
    "melbands_skewness": {
        "max": 7.89546442032,
        "mean": 1.22850835323,
        "min": -0.695820391178,
        "stdev": 1.06370437145
    },
    "melbands_spread": {
        "max": 153.264465332,
        "mean": 44.1765365601,
        "min": 11.7018518448,
        "stdev": 27.3605861664
    },
    "pitch_salience": {
        "max": 0.864342033863,
        "mean": 0.657300531864,
        "min": 0.0385644771159,
        "stdev": 0.101821474731
    },
    "silence_rate_20dB": {
        "max": 1,
        "mean": 1,
        "min": 1,
        "stdev": 0
    },
    "silence_rate_30dB": {
        "max": 1,
        "mean": 1,
        "min": 1,
        "stdev": 0
    },
    "silence_rate_60dB": {
        "max": 1,
        "mean": 0.0807547196746,
        "min": 0,
        "stdev": 0.272457808256
    },
    "spectral_centroid": {
        "max": 11816.0683594,
        "mean": 2711.4128418,
        "min": 742.859558105,
        "stdev": 2179.72094727
    },
    "spectral_complexity": {
        "max": 57,
        "mean": 30.8988685608,
        "min": 0,
        "stdev": 12.08086586
    },
    "spectral_decrease": {
        "max": 2.54416741953e-28,
        "mean": -5.51404388816e-09,
        "min": -1.15345661911e-08,
        "stdev": 2.27501861794e-09
    },
    "spectral_energy": {
        "max": 0.0475014895201,
        "mean": 0.0240513160825,
        "min": 9.89710374589e-21,
        "stdev": 0.00975224003196
    },
    "spectral_energyband_high": {
        "max": 0.0125796580687,
        "mean": 0.00185923615936,
        "min": 6.89077962526e-21,
        "stdev": 0.0015820452245
    },
    "spectral_energyband_low": {
        "max": 0.029053222388,
        "mean": 0.00356115726754,
        "min": 1.29145444313e-23,
        "stdev": 0.00464916648343
    },
    "spectral_energyband_middle_high": {
        "max": 0.0388079285622,
        "mean": 0.0118051338941,
        "min": 1.15319842213e-21,
        "stdev": 0.00807304680347
    },
    "spectral_energyband_middle_low": {
        "max": 0.0274884067476,
        "mean": 0.0073621943593,
        "min": 1.5507620788e-22,
        "stdev": 0.00559589173645
    },
    "spectral_entropy": {
        "max": 9.82647132874,
        "mean": 8.01548671722,
        "min": 7.34664297104,
        "stdev": 0.494157016277
    },
    "spectral_flux": {
        "max": 0.180468767881,
        "mean": 0.0818990916014,
        "min": 6.38238975559e-11,
        "stdev": 0.0307178292423
    },
    "spectral_kurtosis": {
        "max": 9.14102268219,
        "mean": 2.9704208374,
        "min": -1.25390100479,
        "stdev": 1.80363965034
    },
    "spectral_rms": {
        "max": 0.00680756336078,
        "mean": 0.00460541108623,
        "min": 3.1073639755e-12,
        "stdev": 0.00150162121281
    },
    "spectral_rolloff": {
        "max": 19509.0820312,
        "mean": 3731.15966797,
        "min": 21.533203125,
        "stdev": 4058.2277832
    },
    "spectral_skewness": {
        "max": 2.04879784584,
        "mean": 1.20035898685,
        "min": -0.097870349884,
        "stdev": 0.407369375229
    },
    "spectral_spread": {
        "max": 42561188,
        "mean": 6466127,
        "min": 2426120.5,
        "stdev": 8809504
    },
    "spectral_strongpeak": {
        "max": 11.47560215,
        "mean": 1.37784874439,
        "min": 0,
        "stdev": 1.45156025887
    },
    "zerocrossingrate": {
        "max": 0.681640625,
        "mean": 0.119286186993,
        "min": 0,
        "stdev": 0.104596212506
    },
    "barkbands": {
        "max": [0.00156408059411, 0.0195521786809, 0.0185381937772, 0.0110794175416, 0.0172638129443, 0.0204929746687, 0.0133456494659, 0.00855957251042, 0.0124847767875, 0.00962250027806, 0.0193907227367, 0.0120700644329, 0.0086156418547, 0.0165886245668, 0.0132210394368, 0.0119033940136, 0.0120966397226, 0.00647120457143, 0.00769339082763, 0.00472621060908, 0.00652266992256, 0.00367449363694, 0.00496251974255, 0.00322880432941, 0.00256426376291, 0.000726425787434, 3.66767608284e-07],
        "mean": [0.000159461298608, 0.0019311462529, 0.00119440164417, 0.000658849428874, 0.002113369992, 0.00120641721878, 0.00110838783439, 0.000727982143871, 0.00112857238855, 0.00117477844469, 0.00161568424664, 0.00121071760077, 0.0010646188166, 0.00107693532482, 0.00143987266347, 0.0013385002967, 0.000980491749942, 0.000856366415974, 0.00092922244221, 0.00070303195389, 0.000514105253387, 0.00036235229345, 0.000272860110272, 0.000157556016347, 0.000102482561488, 2.31514022744e-05, 6.21862294992e-09],
        "min": [7.08200666523e-25, 3.54840679221e-24, 4.13909794943e-25, 1.15811190381e-24, 8.32191062593e-24, 3.71325702773e-24, 4.68053657603e-24, 1.27433142832e-23, 1.45439129652e-23, 1.31037511417e-23, 1.01171734528e-23, 1.47540008238e-23, 2.25401305335e-23, 2.91247951079e-23, 5.83111781643e-23, 6.22236127098e-23, 6.60859577433e-23, 6.23461385856e-23, 1.50480859604e-22, 2.05832414668e-22, 1.85764436949e-22, 3.28064001173e-22, 4.09168090881e-22, 6.02501010817e-22, 8.82184286268e-22, 1.35900271549e-21, 2.02612478828e-21],
        "stdev": [0.000203777468414, 0.00265512126498, 0.00215224991553, 0.00104669190478, 0.00251901173033, 0.0017693071859, 0.00151878362522, 0.000862689514179, 0.00156499969307, 0.00128860026598, 0.00226173666306, 0.0018732502358, 0.00113196205348, 0.00140429812018, 0.001596623566, 0.00158628309146, 0.00104173866566, 0.000798314402346, 0.00102143094409, 0.000674807932228, 0.000544543610886, 0.000384994229535, 0.000336221768521, 0.000215122272493, 0.00015438713308, 5.24406896147e-05, 2.29609753433e-08]
    },
    "erbbands": {
        "max": [0.671137034893, 4.77073335648, 19.6018371582, 36.947681427, 74.8326950073, 84.1975097656, 90.3539505005, 193.440109253, 163.922698975, 232.864746094, 234.763000488, 368.078674316, 296.146148682, 729.163879395, 749.192993164, 560.453552246, 338.46194458, 843.912841797, 551.508911133, 568.718811035, 722.358398438, 851.722900391, 259.522399902, 446.08605957, 335.278076172, 255.030776978, 386.331268311, 127.416503906, 172.077301025, 118.058097839, 153.302001953, 84.6173477173, 36.1879119873, 40.3792114258, 11.5890398026, 4.8950343132, 1.34192442894, 0.0426110476255, 0.00120346888434, 0.000152803520905],
        "mean": [0.0514938049018, 0.442769020796, 1.30003929138, 1.91936469078, 3.86286854744, 7.92722225189, 8.0666103363, 12.3636569977, 14.259759903, 17.3422641754, 14.8052053452, 29.7210350037, 32.2036781311, 50.1357841492, 66.6982879639, 46.6152458191, 49.0402946472, 56.9691505432, 66.4909439087, 77.7291946411, 70.5510482788, 52.500541687, 47.0253677368, 52.1239280701, 37.1319236755, 33.8680114746, 30.1866264343, 13.8439369202, 11.7158937454, 12.7299880981, 7.23833370209, 3.92145037651, 2.29402518272, 1.5367500782, 0.49726074934, 0.167793601751, 0.0322644636035, 0.00104208406992, 5.24279312231e-05, 3.60234880645e-05],
        "min": [9.28876205942e-23, 1.50432985213e-22, 1.74754283838e-21, 7.87591861527e-21, 1.36478161008e-20, 3.05191195058e-20, 4.63476664291e-20, 2.73908258267e-20, 9.56489944928e-20, 1.37110149614e-19, 2.80224544801e-19, 3.25609204976e-19, 5.51148529289e-19, 6.39492142493e-19, 8.48160032538e-19, 1.02021272107e-18, 1.06258184262e-18, 1.35788997419e-18, 2.5751573831e-18, 2.81385006822e-18, 3.3262076008e-18, 3.80634231261e-18, 4.1346598103e-18, 5.93020339518e-18, 7.20569687458e-18, 1.02764427713e-17, 8.44209035361e-18, 8.44203493251e-18, 1.13730352822e-17, 1.02345138132e-17, 1.10235812519e-17, 1.14009154047e-17, 1.0906763497e-17, 7.90277769321e-18, 6.40198875268e-18, 4.54649359855e-18, 2.12574105731e-18, 9.38861679174e-19, 2.544885778e-19, 2.9285505638e-20],
        "stdev": [0.0749545544386, 0.636660516262, 2.30278253555, 3.00487589836, 5.40688753128, 10.4752378464, 11.0875329971, 18.4641742706, 18.483751297, 20.1599292755, 19.090171814, 43.3716316223, 36.5137710571, 60.5487442017, 88.8575897217, 63.1152000427, 50.770904541, 70.1269836426, 71.3617095947, 89.950088501, 79.5678787231, 57.5130195618, 41.8538970947, 56.9021034241, 33.4051208496, 33.3810424805, 35.3096237183, 12.6410417557, 13.3605585098, 13.4441823959, 9.60355567932, 5.95191335678, 2.84372901917, 2.36138725281, 0.746586024761, 0.337070018053, 0.0821765288711, 0.00263975863345, 7.80077389209e-05, 1.67191992659e-05]
    },
    "gfcc": {
        "mean": [-48.589138031, 60.6757621765, -149.274398804, 37.2486190796, -66.030960083, 21.9360294342, -37.5192375183, 13.050526619, -23.6584205627, 2.45862221718, -12.1389980316, 1.05980539322, -4.03550434113],
        "cov": [[109701.789062, 6220.32910156, -12004.8720703, 3568.10986328, -5713.36181641, 1768.8581543, -3325.11474609, 1056.99682617, -2279.29614258, 194.892837524, -1120.72521973, -3.81073451042, -443.326660156], [6220.32910156, 1081.13354492, -82.1176757812, 432.479309082, -328.431365967, -33.8252677917, -160.571899414, 9.93593978882, -201.495178223, -17.0209712982, -17.0260505676, -38.4054603577, -38.6148490906], [-12004.8720703, -82.1176757812, 2782.08520508, 81.085647583, 546.762084961, -389.553375244, 385.432403564, -101.434364319, 67.9663391113, 54.3449134827, 127.157241821, 6.71054363251, -71.838508606], [3568.10986328, 432.479309082, 81.085647583, 367.373504639, -193.509368896, -14.0124769211, -93.391784668, 43.2823677063, -115.041023254, 22.4449234009, -30.3683795929, -11.5823354721, -48.3383178711], [-5713.36181641, -328.431365967, 546.762084961, -193.509368896, 428.080963135, -60.0407562256, 189.374816895, -53.45703125, 106.398262024, -0.548474252224, 58.7919654846, -16.1766242981, 25.2344303131], [1768.8581543, -33.8252677917, -389.553375244, -14.0124769211, -60.0407562256, 133.627426147, -28.0180835724, 10.0894470215, -15.393787384, 2.38830518723, -18.3199901581, -3.88719773293, 4.12703895569], [-3325.11474609, -160.571899414, 385.432403564, -93.391784668, 189.374816895, -28.0180835724, 175.781234741, -2.86261439323, 63.081867218, 2.50489449501, 44.0804862976, -6.89607048035, 13.6136808395], [1056.99682617, 9.93593978882, -101.434364319, 43.2823677063, -53.45703125, 10.0894470215, -2.86261439323, 88.7587127686, 1.61060678959, 15.4291915894, -17.7689418793, 6.95889902115, -11.2106046677], [-2279.29614258, -201.495178223, 67.9663391113, -115.041023254, 106.398262024, -15.393787384, 63.081867218, 1.61060678959, 148.870956421, -5.69535112381, 9.91880226135, -0.647628903389, 23.9462909698], [194.892837524, -17.0209712982, 54.3449134827, 22.4449234009, -0.548474252224, 2.38830518723, 2.50489449501, 15.4291915894, -5.69535112381, 79.6186828613, 14.7003250122, -3.30642366409, -11.8852453232], [-1120.72521973, -17.0260505676, 127.157241821, -30.3683795929, 58.7919654846, -18.3199901581, 44.0804862976, -17.7689418793, 9.91880226135, 14.7003250122, 64.5894851685, 9.75163555145, 9.67894363403], [-3.81073451042, -38.4054603577, 6.71054363251, -11.5823354721, -16.1766242981, -3.88719773293, -6.89607048035, 6.95889902115, -0.647628903389, -3.30642366409, 9.75163555145, 45.3991317749, 5.64238786697], [-443.326660156, -38.6148490906, -71.838508606, -48.3383178711, 25.2344303131, 4.12703895569, 13.6136808395, -11.2106046677, 23.9462909698, -11.8852453232, 9.67894363403, 5.64238786697, 49.0304222107]],
        "icov": [[0.000565245514736, -0.00134225271177, 0.00142132991459, -0.00160750327632, 0.00157086725812, -0.00205140630715, 0.00192194269039, -0.00196720263921, 0.00243108300492, -0.00192800629884, 0.00216443301179, -0.00142741191667, 0.0010145152919], [-0.00134225271177, 0.00566803570837, -0.00329095614143, 0.0015304152621, -0.0027100390289, 0.00590473553166, -0.00441533094272, 0.00513494946063, -0.00457479059696, 0.00600072974339, -0.00709907151759, 0.0059457551688, -0.00328165758401], [0.00142132991459, -0.00329095614143, 0.00520542589948, -0.00551536213607, 0.00318437884562, -0.00175068620592, 0.00146414455958, -0.00250699464232, 0.00615142704919, -0.00589879089966, 0.00637041172013, -0.00557234184816, 0.00492719048634], [-0.00160750327632, 0.0015304152621, -0.00551536213607, 0.0128486361355, -0.00324351526797, 0.00365658826195, -0.00237733777612, 0.00151652318891, -0.00550915952772, 0.004529110156, -0.00524403806776, 0.00546534871683, -0.00218009017408], [0.00157086725812, -0.0027100390289, 0.00318437884562, -0.00324351526797, 0.0112646678463, -0.0054028024897, 0.00202977494337, -0.00382633670233, 0.00623336900026, -0.00492007192224, 0.00450422707945, -0.000458855472971, 0.00168256659526], [-0.00205140630715, 0.00590473553166, -0.00175068620592, 0.00365658826195, -0.0054028024897, 0.0237342882901, -0.013954911381, 0.0116490852088, -0.00710943248123, 0.00434655789286, -0.00485622370616, 0.00353161711246, -0.000459099479485], [0.00192194269039, -0.00441533094272, 0.00146414455958, -0.00237733777612, 0.00202977494337, -0.013954911381, 0.0267604198307, -0.0160363800824, 0.00707531301305, -0.00275684637018, -0.000827324052807, 0.00191210664343, -0.00144545116927], [-0.00196720263921, 0.00513494946063, -0.00250699464232, 0.00151652318891, -0.00382633670233, 0.0116490852088, -0.0160363800824, 0.0264305491, -0.0105342101306, 0.00175265222788, -0.000844765861984, -0.00194755964912, 0.00152408273425], [0.00243108300492, -0.00457479059696, 0.00615142704919, -0.00550915952772, 0.00623336900026, -0.00710943248123, 0.00707531301305, -0.0105342101306, 0.0214512180537, -0.00777291646227, 0.0097918016836, -0.0041871489957, 0.00116530572996], [-0.00192800629884, 0.00600072974339, -0.00589879089966, 0.004529110156, -0.00492007192224, 0.00434655789286, -0.00275684637018, 0.00175265222788, -0.00777291646227, 0.0232498012483, -0.0153297865763, 0.010028055869, -0.00224754563533], [0.00216443301179, -0.00709907151759, 0.00637041172013, -0.00524403806776, 0.00450422707945, -0.00485622370616, -0.000827324052807, -0.000844765861984, 0.0097918016836, -0.0153297865763, 0.0349742732942, -0.0157324001193, 0.00267845159397], [-0.00142741191667, 0.0059457551688, -0.00557234184816, 0.00546534871683, -0.000458855472971, 0.00353161711246, 0.00191210664343, -0.00194755964912, -0.0041871489957, 0.010028055869, -0.0157324001193, 0.0349868051708, -0.00848212372512], [0.0010145152919, -0.00328165758401, 0.00492719048634, -0.00218009017408, 0.00168256659526, -0.000459099479485, -0.00144545116927, 0.00152408273425, 0.00116530572996, -0.00224754563533, 0.00267845159397, -0.00848212372512, 0.0313099175692]]
    },
    "melbands": {
        "max": [0.00587719585747, 0.00802070181817, 0.0050072488375, 0.00335936178453, 0.00374448951334, 0.00411466322839, 0.00254248199053, 0.00215402874164, 0.00179654546082, 0.00245965458453, 0.00150032062083, 0.00271428516135, 0.0020243555773, 0.00164782523643, 0.000864059315063, 0.00115806551185, 0.00188274332322, 0.000853207020555, 0.00124103249982, 0.000846245558932, 0.00095606141258, 0.0010772603564, 0.000480930204503, 0.000337661389494, 0.000416292663431, 0.000280888663838, 0.000149271727423, 0.000183052310604, 0.000332350027747, 0.000153232482262, 7.83641371527e-05, 0.000114018701424, 7.64806100051e-05, 8.29809796414e-05, 0.000104272963654, 9.22375184018e-05, 3.85785315302e-05, 2.66406696028e-05, 2.59217031271e-05, 3.53902760253e-05],
        "mean": [0.000501442642417, 0.000654103758279, 0.000390119996155, 0.000416169845266, 0.000328130176058, 0.000256763596553, 0.00022903761419, 0.000183361989912, 0.000119138756418, 0.000191262603039, 0.000155543675646, 0.000192728868569, 0.000222146103624, 0.000158536684467, 9.41056350712e-05, 0.000111170433229, 0.000104881539301, 0.000101143348729, 0.000106518607936, 0.000102523365058, 7.83662326285e-05, 5.66197850276e-05, 4.42714917881e-05, 4.12032350141e-05, 4.29015126429e-05, 3.18496349792e-05, 2.02051669476e-05, 2.31532449106e-05, 2.13659895962e-05, 1.22721085063e-05, 6.63957007419e-06, 6.34356683804e-06, 7.40658424547e-06, 6.67234644425e-06, 4.54635892311e-06, 2.88717205876e-06, 2.16088574234e-06, 1.61111825037e-06, 1.50819835198e-06, 1.20194169995e-06],
        "min": [1.55705819068e-24, 8.46124515546e-25, 2.11392910595e-24, 1.6643485986e-24, 1.23431586726e-24, 6.28147406988e-25, 1.44886069132e-24, 1.84049374455e-24, 2.47056779639e-24, 2.12478205707e-24, 2.31150582777e-24, 1.92454608514e-24, 1.99407017166e-24, 2.17275880239e-24, 2.66315931172e-24, 2.57064466298e-24, 2.05395280019e-24, 2.78667363023e-24, 4.58945272377e-24, 3.68907173566e-24, 3.61892701283e-24, 3.37860408793e-24, 4.39762028985e-24, 3.11250868283e-24, 4.27688236729e-24, 4.74480231297e-24, 4.46317226449e-24, 5.49109155058e-24, 4.62105330834e-24, 4.25410795296e-24, 4.7712926566e-24, 6.28018240875e-24, 5.40353548428e-24, 5.42281366708e-24, 5.42163077015e-24, 6.68302527406e-24, 5.77347417236e-24, 7.10166665671e-24, 6.24272965956e-24, 6.71663232634e-24],
        "stdev": [0.000678123615216, 0.00101862696465, 0.000535345869139, 0.0005018300144, 0.000428746483522, 0.000376269570552, 0.000300465879263, 0.000203553427127, 0.000163167220308, 0.000282262975816, 0.000185427095857, 0.000235950064962, 0.000300607091049, 0.000244633847615, 0.000108094180177, 0.000118616255349, 0.000143718483741, 0.00011218713189, 0.000125496124383, 0.000118361102068, 9.23582192627e-05, 6.60496370983e-05, 4.5454242354e-05, 4.37528688053e-05, 5.3515232139e-05, 3.75498530047e-05, 1.77847014129e-05, 2.49663480645e-05, 2.79413761746e-05, 1.28605606733e-05, 7.3217188401e-06, 7.98885685072e-06, 8.1620128185e-06, 7.162392194e-06, 6.33982836007e-06, 5.09102483193e-06, 3.12957445203e-06, 2.05109472518e-06, 2.15471936826e-06, 1.88305637039e-06]
    },
    "melbands128": {
        "max": [0.00142840854824, 0.00558307487518, 0.00967991352081, 0.0110757835209, 0.0116978343576, 0.00945630669594, 0.00949416682124, 0.00725143495947, 0.00987768732011, 0.00534220878035, 0.00583175057545, 0.00734273530543, 0.00440869200975, 0.00733708124608, 0.006848547142, 0.00235310290009, 0.00271468725987, 0.00491171330214, 0.00497902277857, 0.00293268938549, 0.00187196652405, 0.00209719268605, 0.00291950302199, 0.0026208483614, 0.00367073784582, 0.00430919742212, 0.0028661545366, 0.00268166675232, 0.00209769490175, 0.00321038276888, 0.00592515710741, 0.00518418336287, 0.00358228920959, 0.0053646415472, 0.00390056404285, 0.00268584629521, 0.00309578957967, 0.000630922091659, 0.00158765434753, 0.00151175900828, 0.0024476388935, 0.00144235568587, 0.00184081622865, 0.00361451669596, 0.000969164713752, 0.00186631281395, 0.00184130575508, 0.0028351356741, 0.00144650612492, 0.00125381862745, 0.00114529160783, 0.00150815432426, 0.0019115130417, 0.000882474938408, 0.000928875000682, 0.00230533652939, 0.00113016460091, 0.000991844572127, 0.000626906869002, 0.000516543048434, 0.000498015549965, 0.000807272212114, 0.000870847143233, 0.000877194339409, 0.00112272670958, 0.000613144831732, 0.00071176525671, 0.000383459555451, 0.000219124121941, 0.000382241851185, 0.000435482506873, 0.000338727957569, 0.000440754374722, 0.000607958703768, 0.000225655458053, 0.000259009306319, 0.000131947846967, 8.36128820083e-05, 0.000106391962618, 0.00016725223395, 0.000104089449451, 0.000186900753761, 7.7648597653e-05, 0.000101257843198, 0.00012961711036, 0.000130199303385, 0.000122338562505, 0.000110577588202, 0.000128062005388, 7.9131743405e-05, 6.63330138195e-05, 0.000206212425837, 5.22625632584e-05, 5.32817430212e-05, 5.29815806658e-05, 3.86580904888e-05, 2.58054078586e-05, 1.90128721442e-05, 2.05873311643e-05, 5.06832511746e-05, 6.01547471888e-05, 3.31172886945e-05, 1.17481877169e-05, 1.69286995515e-05, 1.4330619706e-05, 8.6796026153e-06, 8.56926089909e-06, 5.79510424359e-06, 7.92531500338e-06, 1.48338003783e-05, 1.04898645077e-05, 7.94002517068e-06, 3.709168368e-06, 1.98377642846e-06, 3.97991186674e-07, 6.59527401581e-08, 1.52176120594e-08, 4.59896148941e-10, 4.18417606118e-10, 3.81809195371e-10, 3.49601819716e-10, 3.2105185177e-10, 2.9746480279e-10, 2.77536243987e-10, 2.63165156333e-10, 2.5293583894e-10, 2.45137160571e-10, 2.4038926405e-10],
        "mean": [0.000133954206831, 0.000398202479118, 0.000610404415056, 0.000783720577601, 0.000695406866726, 0.000580850930419, 0.000369030312868, 0.000345475797076, 0.00039157399442, 0.000381751102395, 0.000464575161459, 0.000473708030768, 0.000240710753133, 0.000201530929189, 0.000355985073838, 0.000223010487389, 0.000164916462381, 0.000261036329903, 0.000283138913801, 0.000168243335793, 0.000173086620634, 9.4152019301e-05, 0.000131959051942, 9.47307999013e-05, 0.000207616671105, 0.000248566328082, 0.000113875481475, 0.00019236204389, 0.000113815796794, 0.000175203385879, 0.000219650042709, 0.00023392897856, 0.000199520451133, 0.000256417260971, 0.000185414333828, 0.000123324804008, 0.000124632191728, 6.26336332061e-05, 0.000105828068627, 0.00011393128807, 0.000118696028949, 9.57470329013e-05, 0.000105163671833, 0.00011706987425, 8.10813944554e-05, 0.000102209603938, 0.000120813281683, 9.83625213848e-05, 0.000105338905996, 0.000108260050183, 0.000105427265225, 9.54673232627e-05, 8.01840797067e-05, 6.8395944254e-05, 7.74955042289e-05, 5.27420525032e-05, 4.15099384554e-05, 4.92725775985e-05, 4.42263080913e-05, 3.86265055567e-05, 4.27092090831e-05, 3.82511752832e-05, 4.70152117487e-05, 4.35007023043e-05, 3.91724497604e-05, 3.22750092892e-05, 2.82438795693e-05, 2.0380364731e-05, 1.60704294103e-05, 2.35691768466e-05, 2.11248006963e-05, 2.55440536421e-05, 2.47646476055e-05, 2.08447909245e-05, 1.66563095263e-05, 1.53358832904e-05, 8.64379308041e-06, 6.50310903438e-06, 6.93769379723e-06, 6.0245597524e-06, 6.31365446679e-06, 6.29270061836e-06, 6.44437704977e-06, 6.85694703861e-06, 9.5052191682e-06, 7.31966611056e-06, 5.45462489754e-06, 5.63134972253e-06, 5.03779529026e-06, 3.2408536299e-06, 2.99883117805e-06, 3.00634019368e-06, 2.42037594944e-06, 2.18825766751e-06, 1.94863559955e-06, 1.72253237452e-06, 1.52678353516e-06, 1.41811949561e-06, 1.42660326219e-06, 1.67299515397e-06, 1.55558541337e-06, 1.04983416804e-06, 9.01897237782e-07, 6.32922080968e-07, 5.33084801191e-07, 4.23766834956e-07, 3.38381596521e-07, 2.64417423068e-07, 3.18389822951e-07, 2.71878263902e-07, 2.06015911886e-07, 1.32661952534e-07, 8.78951667005e-08, 3.66228469773e-08, 1.72429504008e-09, 9.13527864466e-10, 2.35683861316e-10, 4.50498319204e-12, 4.05311461477e-12, 3.91324082513e-12, 3.78910965104e-12, 3.68263058936e-12, 3.58934908705e-12, 3.50071794469e-12, 3.3795973832e-12, 3.23516300554e-12, 3.14951190128e-12, 3.12091021429e-12],
        "min": [3.63883909468e-26, 3.27068214755e-25, 9.05918397225e-25, 6.60973117197e-26, 2.3263444e-25, 1.89367465457e-25, 6.17080132222e-25, 3.67375038056e-25, 9.64995795986e-25, 6.71077759792e-25, 3.58179360439e-25, 1.86759984342e-25, 4.17138898451e-25, 9.00838724641e-25, 3.54831582669e-25, 1.15202732104e-25, 5.22632774268e-25, 4.14470675047e-25, 7.8032819124e-25, 1.32086396654e-24, 2.28210927126e-25, 8.01020604429e-25, 6.36462937701e-25, 7.35446344468e-25, 1.02783961114e-24, 4.45202329331e-25, 4.6939274899e-25, 7.30809863801e-25, 1.0576228574e-24, 8.72534000931e-25, 5.84076952961e-25, 1.21618961859e-24, 8.54426389105e-25, 6.20684881432e-25, 1.39238347671e-24, 1.12186897142e-24, 1.67130992631e-25, 1.72578350817e-24, 1.11428851116e-24, 1.53840863141e-24, 1.05943033495e-24, 9.99435786779e-25, 8.84173939411e-25, 1.7767938181e-24, 1.41004419883e-24, 1.90169160143e-24, 1.50094247157e-24, 2.24793290792e-24, 2.12729891779e-24, 9.32150388906e-25, 8.70730664902e-25, 1.60624682356e-24, 1.23849140664e-24, 1.82894107381e-24, 1.46640673279e-24, 2.0653678147e-24, 1.91586822076e-24, 1.44050971117e-24, 2.11150000601e-24, 1.35858788667e-24, 1.74191137495e-24, 2.51383800033e-24, 3.50583157473e-24, 3.36413677336e-24, 1.79124910255e-24, 2.49696032127e-24, 3.47862139552e-24, 1.86512277088e-24, 2.72307645291e-24, 3.24126439041e-24, 3.628785802e-24, 2.50815583523e-24, 2.57744760221e-24, 3.27953400507e-24, 2.11757384055e-24, 2.81309554017e-24, 2.22074639455e-24, 2.8355110228e-24, 2.54199047389e-24, 4.07436875671e-24, 4.0977072066e-24, 4.62026523629e-24, 3.19374045125e-24, 4.56606851995e-24, 3.5814387649e-24, 3.17753271231e-24, 3.58072445135e-24, 2.99445840937e-24, 3.54682078736e-24, 3.47542808658e-24, 4.99793002808e-24, 3.56119935508e-24, 3.17617429383e-24, 3.80338083627e-24, 3.29276418853e-24, 5.6941471086e-24, 5.03969390213e-24, 4.27633568668e-24, 5.24086960461e-24, 5.29549940559e-24, 2.57449745964e-24, 4.90509253802e-24, 4.97411550065e-24, 4.60395238163e-24, 4.1722099915e-24, 5.11730598229e-24, 4.37488729071e-24, 5.90835715981e-24, 5.09566555551e-24, 5.02048671681e-24, 4.17115094573e-24, 4.6636269481e-24, 5.14429685816e-24, 5.74158328698e-24, 5.38376386898e-24, 4.9460162752e-24, 4.96191142801e-24, 5.21631749222e-24, 5.13958854185e-24, 5.43089791364e-24, 4.80463228503e-24, 4.86447093457e-24, 4.55713940337e-24, 6.36298322152e-24, 6.5274820195e-24, 6.37338119711e-24, 6.3036084222e-24, 5.33078199843e-24],
        "stdev": [0.000181673836778, 0.000623971223831, 0.000926520209759, 0.00121810846031, 0.00131392222829, 0.00102791085374, 0.000678667915054, 0.00056166521972, 0.000638050260022, 0.000571593525819, 0.000682722718921, 0.000749556056689, 0.000410420907428, 0.000492676510476, 0.000629860267509, 0.000320462975651, 0.000261508335825, 0.000454542168882, 0.00047587644076, 0.000225660915021, 0.000245151954005, 0.000135611815494, 0.000275155674899, 0.000198633322725, 0.000395812123315, 0.000452647072962, 0.000194439679035, 0.000303368084133, 0.00019074199372, 0.00027692707954, 0.0004001618654, 0.000486120639835, 0.000430907588452, 0.000508248689584, 0.000452202220913, 0.000249975098995, 0.000254177575698, 9.51887486735e-05, 0.000158851922606, 0.000151642656419, 0.000171837906237, 0.000145183948916, 0.000181639348739, 0.000214010520722, 0.000126359635033, 0.000149024548591, 0.000177587528015, 0.00016155114281, 0.000154647263116, 0.000172219253727, 0.000137948838528, 0.00013437808957, 0.000138805960887, 9.59469762165e-05, 9.62447011261e-05, 9.59514145507e-05, 6.47172346362e-05, 6.88524087309e-05, 5.4065229051e-05, 4.51252781204e-05, 7.00574091752e-05, 6.28530979156e-05, 7.20681418898e-05, 8.45015601953e-05, 0.000103959908301, 5.27455449628e-05, 3.97452240577e-05, 3.12954725814e-05, 1.82301919267e-05, 3.33372081514e-05, 3.47844325006e-05, 3.78522418032e-05, 3.87875552406e-05, 4.34853282059e-05, 2.40126009885e-05, 2.1776819267e-05, 1.00161014416e-05, 8.06332718639e-06, 9.07056528376e-06, 8.46797229315e-06, 8.91695162863e-06, 9.52024220169e-06, 8.66047139425e-06, 9.75523744273e-06, 1.34478077598e-05, 9.74875092652e-06, 7.11634675099e-06, 8.23322625365e-06, 8.39946278575e-06, 5.2634622989e-06, 4.81740971736e-06, 8.58162275108e-06, 4.20081914854e-06, 3.58315378435e-06, 2.87831744572e-06, 2.34534786614e-06, 2.13925022763e-06, 1.92196330318e-06, 1.98048360289e-06, 3.51429298462e-06, 3.0786482057e-06, 1.64767141086e-06, 1.28800445509e-06, 9.99044118544e-07, 9.18824127893e-07, 7.27624581032e-07, 6.16959027866e-07, 5.01082183746e-07, 6.84175347487e-07, 7.61033561503e-07, 5.36814297902e-07, 3.61515645864e-07, 2.65955634404e-07, 1.12563760979e-07, 1.40791733827e-08, 3.7586174173e-09, 9.41269617805e-10, 1.70418748557e-11, 1.43475396494e-11, 1.33967880192e-11, 1.25853997363e-11, 1.18802450516e-11, 1.1279290002e-11, 1.06318946702e-11, 9.46540242019e-12, 8.39117317297e-12, 8.0561789878e-12, 7.9336598055e-12]
    },
    "mfcc": {
        "mean": [-628.894226074, 77.8700942993, -24.4428749084, 11.9191637039, -4.0067858696, 3.78702759743, -0.584781646729, 4.99231481552, -1.09518420696, 1.69408738613, -3.27630758286, -2.05957841873, 1.98377525806],
        "cov": [[32398.2089844, 3775.88330078, -891.902832031, 764.056213379, -170.273529053, 188.295593262, 47.7117958069, 184.383041382, -84.3726654053, 73.0233001709, -182.522842407, -142.209243774, 136.025558472], [3775.88330078, 966.175720215, 265.897460938, 343.315338135, 3.07382130623, -3.96382451057, 71.332611084, -7.6766576767, -79.8984680176, -10.9476318359, -40.7537193298, -48.8609542847, 52.0804786682], [-891.902832031, 265.897460938, 1172.32092285, 526.712158203, 22.1467609406, -75.8493499756, 86.9465255737, -72.1684494019, -100.489555359, -39.4273109436, 18.6257591248, -37.9120368958, 67.5397109985], [764.056213379, 343.315338135, 526.712158203, 405.740234375, 42.7160606384, -49.8506698608, 64.0487136841, -30.2965297699, -45.9962120056, -7.9750919342, -0.994044840336, -27.3494815826, 60.3696403503], [-170.273529053, 3.07382130623, 22.1467609406, 42.7160606384, 77.1057128906, 11.9871273041, 9.60774230957, -12.4455986023, -2.08997344971, -1.25151705742, -3.52944922447, -1.82979214191, 4.8374505043], [188.295593262, -3.96382451057, -75.8493499756, -49.8506698608, 11.9871273041, 87.1985549927, 16.873134613, -6.67689037323, -0.227632805705, 6.29037666321, -6.1400384903, 5.40003061295, -10.6491775513], [47.7117958069, 71.332611084, 86.9465255737, 64.0487136841, 9.60774230957, 16.873134613, 131.318725586, -15.4206905365, -23.2748603821, 7.73169231415, -6.92369365692, -8.91253852844, 36.0788345337], [184.383041382, -7.6766576767, -72.1684494019, -30.2965297699, -12.4455986023, -6.67689037323, -15.4206905365, 84.6860809326, 25.6437473297, -8.87958049774, 4.41902780533, -6.58658361435, -0.961342871189], [-84.3726654053, -79.8984680176, -100.489555359, -45.9962120056, -2.08997344971, -0.227632805705, -23.2748603821, 25.6437473297, 74.4504241943, 28.2301883698, 4.80495834351, 16.7602176666, -16.4802951813], [73.0233001709, -10.9476318359, -39.4273109436, -7.9750919342, -1.25151705742, 6.29037666321, 7.73169231415, -8.87958049774, 28.2301883698, 57.187122345, 17.9833011627, 9.86404514313, -0.509698688984], [-182.522842407, -40.7537193298, 18.6257591248, -0.994044840336, -3.52944922447, -6.1400384903, -6.92369365692, 4.41902780533, 4.80495834351, 17.9833011627, 43.7654914856, 10.4554033279, 8.06961536407], [-142.209243774, -48.8609542847, -37.9120368958, -27.3494815826, -1.82979214191, 5.40003061295, -8.91253852844, -6.58658361435, 16.7602176666, 9.86404514313, 10.4554033279, 52.258266449, -1.66572773457], [136.025558472, 52.0804786682, 67.5397109985, 60.3696403503, 4.8374505043, -10.6491775513, 36.0788345337, -0.961342871189, -16.4802951813, -0.509698688984, 8.06961536407, -1.66572773457, 65.7028198242]],
        "icov": [[7.88894831203e-05, -0.000288989307592, 0.000199481626623, -0.000237237094552, 0.000271238415735, -0.000217016917304, 0.000127146340674, -5.98119659116e-05, -3.48376706825e-05, -3.96985014959e-05, 1.17325471365e-05, 2.56085404544e-05, -5.70087322558e-05], [-0.000288989307592, 0.00314458529465, 0.000102932754089, -0.00212627300061, 0.000443223805632, -0.00017966204905, -0.000250218290603, -0.000652496994007, 0.00236617494375, -0.00102107250132, 0.00172415771522, 0.000126336177345, 0.000396690273192], [0.000199481626623, 0.000102932754089, 0.00333829433657, -0.00504099205136, 0.0024714616593, -0.000798140943516, -7.34316199669e-05, 0.000857139006257, 0.00111399788875, 0.00155772850849, -0.00165079440922, 0.000396533956518, 0.000951451424044], [-0.000237237094552, -0.00212627300061, -0.00504099205136, 0.0128850433975, -0.00641598040238, 0.0042057489045, -0.00108592619654, 0.000400210177759, -0.00245419587009, -0.00127622217406, 0.00064599479083, 0.000448478589533, -0.00341788236983], [0.000271238415735, 0.000443223805632, 0.0024714616593, -0.00641598040238, 0.0174211394042, -0.0046211425215, 0.000522233720403, 0.00209572399035, -0.00089144933736, 0.00195414968766, 5.27088523086e-05, 0.000933723116759, -3.7251640606e-05], [-0.000217016917304, -0.00017966204905, -0.000798140943516, 0.0042057489045, -0.0046211425215, 0.0155472578481, -0.00333506031893, 0.000521208916325, 0.00122170371469, -0.00164237921126, 0.00108536228072, -0.00163149321452, 0.00236596330069], [0.000127146340674, -0.000250218290603, -7.34316199669e-05, -0.00108592619654, 0.000522233720403, -0.00333506031893, 0.0111521445215, -0.000442574732006, 0.00279982155189, -0.00443128263578, 0.00406227540225, 0.00064947665669, -0.00551554374397], [-5.98119659116e-05, -0.000652496994007, 0.000857139006257, 0.000400210177759, 0.00209572399035, 0.000521208916325, -0.000442574732006, 0.0179087501019, -0.0104050179943, 0.00975376460701, -0.00658642174676, 0.00501701049507, -0.00177064025775], [-3.48376706825e-05, 0.00236617494375, 0.00111399788875, -0.00245419587009, -0.00089144933736, 0.00122170371469, 0.00279982155189, -0.0104050179943, 0.0284819621593, -0.0165013112128, 0.00770010706037, -0.00679019745439, 0.00377861177549], [-3.96985014959e-05, -0.00102107250132, 0.00155772850849, -0.00127622217406, 0.00195414968766, -0.00164237921126, -0.00443128263578, 0.00975376460701, -0.0165013112128, 0.0334133207798, -0.0161964558065, 0.00236242474057, 0.000798173132353], [1.17325471365e-05, 0.00172415771522, -0.00165079440922, 0.00064599479083, 5.27088523086e-05, 0.00108536228072, 0.00406227540225, -0.00658642174676, 0.00770010706037, -0.0161964558065, 0.034866258502, -0.00601297756657, -0.00507153989747], [2.56085404544e-05, 0.000126336177345, 0.000396533956518, 0.000448478589533, 0.000933723116759, -0.00163149321452, 0.00064947665669, 0.00501701049507, -0.00679019745439, 0.00236242474057, -0.00601297756657, 0.0236634667963, -0.00193569413386], [-5.70087322558e-05, 0.000396690273192, 0.000951451424044, -0.00341788236983, -3.7251640606e-05, 0.00236596330069, -0.00551554374397, -0.00177064025775, 0.00377861177549, 0.000798173132353, -0.00507153989747, -0.00193569413386, 0.0221028383821]]
    },
    "spectral_contrast_coeffs": {
        "max": [-0.519828259945, -0.581157386303, -0.537610709667, -0.621655225754, -0.678212940693, -0.620842278004],
        "mean": [-0.754840612411, -0.787577867508, -0.764968752861, -0.796548426151, -0.783500790596, -0.75994515419],
        "min": [-0.982062458992, -0.97599285841, -0.977780342102, -0.971855163574, -0.968101739883, -0.966280400753],
        "stdev": [0.0779350101948, 0.0754441842437, 0.0745784044266, 0.0598108991981, 0.0586098656058, 0.0589531138539]
    },
    "spectral_contrast_valleys": {
        "max": [-5.4208574295, -5.26981210709, -5.51366901398, -5.39388847351, -5.73211669922, -7.75158548355],
        "mean": [-8.31531429291, -7.81286907196, -8.07960796356, -8.08533477783, -8.00841331482, -10.5937128067],
        "min": [-28.0682468414, -27.7790260315, -27.8088264465, -27.9195690155, -27.4621353149, -27.3631153107],
        "stdev": [5.07693910599, 5.10547637939, 5.04488992691, 5.06849098206, 5.04063892365, 4.38295412064]
    }
},
"rhythm": {
    "beats_count": 59,
    "beats_loudness": {
        "max": 0.0402680635452,
        "mean": 0.024212487042,
        "min": 0,
        "stdev": 0.00927997939289
    },
    "bpm": 102.929107666,
    "bpm_histogram_first_peak_bpm": 103,
    "bpm_histogram_first_peak_weight": 0.5,
    "bpm_histogram_second_peak_bpm": 140,
    "bpm_histogram_second_peak_spread": 0.473684191704,
    "bpm_histogram_second_peak_weight": 0.172413796186,
    "danceability": 0.88736385107,
    "onset_rate": 1.6257609129,
    "beats_loudness_band_ratio": {
        "max": [0.617601454258, 0.547186434269, 0.538950920105, 0.543557584286, 0.579313755035, 0.304639577866],
        "mean": [0.16292335093, 0.124072045088, 0.136639624834, 0.220732435584, 0.235546723008, 0.111163362861],
        "min": [0, 0, 0, 0, 0, 0],
        "stdev": [0.171416550875, 0.134763434529, 0.0970036461949, 0.145402640104, 0.181540831923, 0.0638716071844]
    },
    "beats_position": [0.545668900013, 1.10294783115, 1.67183673382, 2.2523355484, 2.83283448219, 3.42494320869, 4.01705217361, 4.59755086899, 5.17804956436, 5.75854873657, 6.33904743195, 6.8963265419, 7.47682523727, 8.05732440948, 8.63782310486, 9.22993183136, 9.82204055786, 10.4025392532, 10.9946479797, 11.5867567062, 12.1788663864, 12.7709751129, 13.3746938705, 14.0016326904, 14.6285715103, 15.1626300812, 15.696688652, 16.2307472229, 16.6951465607, 17.1595458984, 17.6239452362, 18.0535144806, 18.483083725, 18.9242630005, 19.3538322449, 19.7834014893, 20.2013607025, 20.6309299469, 21.0604991913, 21.4900684357, 21.9196376801, 22.3375968933, 22.7671642303, 23.1967334747, 23.614692688, 24.0674819946, 24.5202713013, 24.9614505768, 25.4026298523, 25.8438091278, 26.2849884033, 26.7493877411, 27.2021770477, 27.6433563232, 28.0961437225, 28.5489330292, 29.0365524292, 29.5241718292, 30.0117912292],
