{
"metadata": {
    "version": {
        "essentia": "2.1-beta5",
        "essentia_git_sha": "Undefined",
        "extractor": "music 2.0"
    },
    "audio_properties": {
        "analysis": {
            "equal_loudness": 0,
            "length": 45.8478012085,
            "sample_rate": 44100,
            "start_time": 178.735595703,
            "downmix": "mix"
        },
        "bit_rate": 192000,
        "length": 224.606628418,
        "lossless": 0,
        "number_channels": 2,
        "replay_gain": -1.49153137207,
        "sample_rate": 44100,
        "codec": "mp3",
        "md5_encoded": "126e3696736aaa0a36bc7b809ccdf7c9"
    },
    "tags": {
        "file_name": "Israel_Shiru_Lakahat Shiru.mp3",
        "encoding": ["Lavf58.29.100"]
    }
},
"lowlevel": {
    "average_loudness": 0.919422507286,
    "barkbands_crest": {
        "max": 18.8074989319,
        "mean": 6.22517633438,
        "min": 2.64313149452,
        "stdev": 2.08622956276
    },
    "barkbands_flatness_db": {
        "max": 0.17134347558,
        "mean": 0.0928824022412,
        "min": 0.0541472584009,
        "stdev": 0.0183863695711
    },
    "barkbands_kurtosis": {
        "max": 5.41848945618,
        "mean": 0.549551904202,
        "min": -1.72700417042,
        "stdev": 1.72762656212
    },
    "barkbands_skewness": {
        "max": 2.29588627815,
        "mean": -0.161562144756,
        "min": -2.20346474648,
        "stdev": 1.00154340267
    },
    "barkbands_spread": {
        "max": 89.4759750366,
        "mean": 29.2639217377,
        "min": 9.01285362244,
        "stdev": 11.616645813
    },
    "dissonance": {
        "max": 0.499999970198,
        "mean": 0.482338875532,
        "min": 0.409256607294,
        "stdev": 0.0151115590706
    },
    "dynamic_complexity": 2.01903796196,
    "erbbands_crest": {
        "max": 25.5605583191,
        "mean": 6.70184421539,
        "min": 2.53707242012,
        "stdev": 3.32794594765
    },
    "erbbands_flatness_db": {
        "max": 0.253548681736,
        "mean": 0.148737564683,
        "min": 0.0754387527704,
        "stdev": 0.0402383543551
    },
    "erbbands_kurtosis": {
        "max": 9.21161460876,
        "mean": 0.182249963284,
        "min": -1.60424518585,
        "stdev": 0.88150537014
    },
    "erbbands_skewness": {
        "max": 1.32790744305,
        "mean": -0.177574396133,
        "min": -2.21627497673,
        "stdev": 0.49331766367
    },
    "erbbands_spread": {
        "max": 104.777931213,
        "mean": 32.0066871643,
        "min": 7.65840435028,
        "stdev": 12.3557872772
    },
    "hfc": {
        "max": 108.724533081,
        "mean": 31.4102401733,
        "min": 1.03826042892e-16,
        "stdev": 22.5892963409
    },
    "loudness_ebu128": {
        "integrated": -20.5475692749,
        "loudness_range": 1.5774936676,
        "momentary": {
            "max": -18.9814662933,
            "mean": -80.7410736084,
            "min": -300.691009521,
            "stdev": 114.118865967
        },
        "short_term": {
            "max": -19.9472255707,
            "mean": -67.8945770264,
            "min": -300.691009521,
            "stdev": 103.391784668
        }
    },
    "melbands_crest": {
        "max": 28.5702190399,
        "mean": 7.40501451492,
        "min": 1.51502859592,
        "stdev": 4.36879444122
    },
    "melbands_flatness_db": {
        "max": 0.213520988822,
        "mean": 0.0865397229791,
        "min": 0.00261613726616,
        "stdev": 0.0506545379758
    },
    "melbands_kurtosis": {
        "max": 32.5488204956,
        "mean": 1.41374087334,
        "min": -1.68270385265,
        "stdev": 3.01835823059
    },
    "melbands_skewness": {
        "max": 5.34752988815,
        "mean": 0.908261656761,
        "min": -1.15784311295,
        "stdev": 0.911303520203
    },
    "melbands_spread": {
        "max": 166.192825317,
        "mean": 62.2021789551,
        "min": 14.1086759567,
        "stdev": 39.2631034851
    },
    "pitch_salience": {
        "max": 0.975637733936,
        "mean": 0.662905693054,
        "min": 0.319797068834,
        "stdev": 0.11499401927
    },
    "silence_rate_20dB": {
        "max": 1,
        "mean": 1,
        "min": 1,
        "stdev": 0
    },
    "silence_rate_30dB": {
        "max": 1,
        "mean": 1,
        "min": 1,
        "stdev": 0
    },
    "silence_rate_60dB": {
        "max": 1,
        "mean": 0.247975707054,
        "min": 0,
        "stdev": 0.431838959455
    },
    "spectral_centroid": {
        "max": 11880.8203125,
        "mean": 4079.53955078,
        "min": 962.787353516,
        "stdev": 3684.31884766
    },
    "spectral_complexity": {
        "max": 55,
        "mean": 24.8289470673,
        "min": 0,
        "stdev": 15.2926702499
    },
    "spectral_decrease": {
        "max": 1.93762009841e-28,
        "mean": -5.10656450459e-09,
        "min": -1.77344858798e-08,
        "stdev": 3.63674668158e-09
    },
    "spectral_energy": {
        "max": 0.0708034485579,
        "mean": 0.0221223849803,
        "min": 9.65444982852e-21,
        "stdev": 0.0153679577634
    },
    "spectral_energyband_high": {
        "max": 0.013202490285,
        "mean": 0.00149033998605,
        "min": 6.8003519822e-21,
        "stdev": 0.00173933955375
    },
    "spectral_energyband_low": {
        "max": 0.0421820282936,
        "mean": 0.00398959266022,
        "min": 1.41982751373e-23,
        "stdev": 0.00546520901844
    },
    "spectral_energyband_middle_high": {
        "max": 0.0349263846874,
        "mean": 0.0104854740202,
        "min": 1.10189585659e-21,
        "stdev": 0.00810336880386
    },
    "spectral_energyband_middle_low": {
        "max": 0.0478620827198,
        "mean": 0.00705612963066,
        "min": 1.28571705777e-22,
        "stdev": 0.00655502500013
    },
    "spectral_entropy": {
        "max": 9.82667160034,
        "mean": 8.30962753296,
        "min": 7.31321239471,
        "stdev": 0.811709225178
    },
    "spectral_flux": {
        "max": 0.191826909781,
        "mean": 0.0740419775248,
        "min": 6.36475108728e-11,
        "stdev": 0.0457241423428
    },
    "spectral_kurtosis": {
        "max": 8.16595840454,
        "mean": 2.29227280617,
        "min": -1.26685667038,
        "stdev": 2.18822002411
    },
    "spectral_rms": {
        "max": 0.00831122975796,
        "mean": 0.00398441916332,
        "min": 3.06903504346e-12,
        "stdev": 0.00238897232339
    },
    "spectral_rolloff": {
        "max": 19724.4140625,
        "mean": 6255.2734375,
        "min": 430.6640625,
        "stdev": 6691.23681641
    },
    "spectral_skewness": {
        "max": 2.04917669296,
        "mean": 1.00643646717,
        "min": -0.107224494219,
        "stdev": 0.572341144085
    },
    "spectral_spread": {
        "max": 51154216,
        "mean": 12171543,
        "min": 2450284,
        "stdev": 15023213
    },
    "spectral_strongpeak": {
        "max": 11.3423395157,
        "mean": 1.05944168568,
        "min": 0,
        "stdev": 1.41794872284
    },
    "zerocrossingrate": {
        "max": 0.5322265625,
        "mean": 0.18284650147,
        "min": 0.0361328125,
        "stdev": 0.169800490141
    },
    "barkbands": {
        "max": [0.00133271410596, 0.0364191941917, 0.0199539642781, 0.0132045987993, 0.0408236756921, 0.0153513560072, 0.0149524724111, 0.012529624626, 0.0136418286711, 0.0236331578344, 0.0211042203009, 0.0176878105849, 0.0167022757232, 0.0200333744287, 0.015974201262, 0.0114031387493, 0.0189140401781, 0.00587534857914, 0.00846030004323, 0.00540143623948, 0.00265073613264, 0.00521804764867, 0.00359622645192, 0.00655589066446, 0.00232653599232, 0.00106211868115, 7.2205507422e-06],
        "mean": [8.69117793627e-05, 0.00228532520123, 0.00110061408486, 0.00106251472607, 0.00193278805818, 0.000850830576383, 0.000884543347638, 0.000816346204374, 0.000850484473631, 0.00173213391099, 0.000698232091963, 0.000998877105303, 0.000952030415647, 0.00148001138587, 0.00123696483206, 0.000902556930669, 0.00105610152241, 0.000703603494912, 0.000718258263078, 0.000536291336175, 0.000337774079526, 0.000300060200971, 0.000269674375886, 0.000209004574572, 9.14216434467e-05, 2.90257248707e-05, 4.56347848399e-09],
        "min": [7.16708297193e-26, 8.93594220518e-25, 1.6843055469e-25, 3.98658870322e-25, 6.99759144862e-24, 5.46596120315e-24, 6.27095273616e-24, 5.49766315635e-24, 9.69570637034e-24, 1.24322151523e-23, 9.28306269715e-24, 1.84176885932e-23, 1.8174307649e-23, 2.02828918279e-23, 4.01540582167e-23, 4.53248552793e-23, 5.98758111946e-23, 7.5850149862e-23, 1.08251267325e-22, 1.33805677976e-22, 1.8799775897e-22, 2.76222460619e-22, 3.96270202459e-22, 5.21004737331e-22, 8.03704364449e-22, 1.3146781737e-21, 1.80873522056e-21],
        "stdev": [0.000119407290185, 0.00384125020355, 0.00185649329796, 0.00177735835314, 0.0028424912598, 0.0012330445461, 0.00137625134084, 0.00139294017572, 0.00124793732539, 0.00281798234209, 0.00129402487073, 0.00149311928544, 0.00161103683058, 0.00217161444016, 0.00159305660054, 0.00130523904227, 0.00149144174065, 0.000781273120083, 0.000740223564208, 0.000596923870035, 0.000340234371834, 0.000428605097113, 0.000393775000703, 0.00048423174303, 0.000202619790798, 7.98769833636e-05, 1.62378654522e-07]
    },
    "erbbands": {
        "max": [1.02328443527, 8.74904918671, 24.740530014, 28.1899929047, 145.782608032, 77.9169692993, 98.7569580078, 141.812744141, 265.83416748, 202.174865723, 278.315429688, 302.824310303, 870.051574707, 730.606994629, 545.637573242, 759.67376709, 781.171569824, 1177.859375, 1032.0802002, 715.946777344, 700.946533203, 1328.80358887, 439.017242432, 590.223510742, 273.230133057, 170.298538208, 121.329978943, 140.457092285, 178.224014282, 168.485748291, 99.7482376099, 106.118019104, 172.774459839, 31.4087047577, 14.0097723007, 6.61676359177, 2.51931142807, 0.0881705209613, 0.00198535458185, 0.000186208475498],
        "mean": [0.0511802211404, 0.561905622482, 1.36577796936, 2.5513586998, 5.35611248016, 5.94733572006, 6.81868219376, 7.40892457962, 13.5542869568, 13.4256191254, 17.7464752197, 18.9915714264, 50.9604301453, 36.4113273621, 28.0576305389, 42.2217102051, 44.9922714233, 60.2180671692, 74.5682373047, 60.6079483032, 51.6535682678, 62.8112564087, 42.9720649719, 40.0230255127, 30.1931324005, 23.2842292786, 15.2421751022, 13.0572805405, 10.5714569092, 10.1550102234, 7.20786237717, 4.9263458252, 3.10154414177, 1.29496073723, 0.521681189537, 0.186416342854, 0.046142462641, 0.00216581160203, 7.07427607267e-05, 3.41466329701e-05],
        "min": [4.62463300135e-23, 1.53764376371e-22, 6.00865885176e-22, 4.42244036566e-21, 6.89992950299e-21, 2.02215609849e-20, 3.34815214668e-20, 6.45753990203e-20, 3.61387228624e-20, 1.16672752651e-19, 1.56902668818e-19, 2.27902992913e-19, 3.36934625881e-19, 3.85874404931e-19, 6.4897855995e-19, 1.02554689865e-18, 1.3140465066e-18, 1.90327579465e-18, 1.92991328512e-18, 2.75838864213e-18, 2.93591400929e-18, 3.77183109668e-18, 3.79046954383e-18, 5.4646678008e-18, 5.87529142381e-18, 7.07025762981e-18, 7.93382674469e-18, 8.96740711804e-18, 8.10256828092e-18, 1.00150024125e-17, 9.79135428158e-18, 9.41824205858e-18, 8.86612960539e-18, 7.83703668685e-18, 5.75246792414e-18, 3.56520592916e-18, 2.14746364738e-18, 9.11503094004e-19, 2.40689163081e-19, 2.37806235082e-20],
        "stdev": [0.102643676102, 0.931692123413, 2.23155856133, 3.76147484779, 9.44859218597, 8.34136676788, 9.64086532593, 10.9937410355, 22.8513431549, 21.5842056274, 25.011100769, 27.4872131348, 91.8257217407, 57.3344497681, 40.935508728, 61.9837608337, 69.5529403687, 98.5078964233, 90.2621459961, 69.8936462402, 72.5664749146, 90.092376709, 48.0854721069, 41.7692947388, 32.6130905151, 24.1411151886, 14.8256645203, 13.9957637787, 14.4839553833, 14.8167533875, 11.0202541351, 10.0729131699, 8.30001735687, 2.89223909378, 1.18925750256, 0.469961345196, 0.147885918617, 0.00699449749663, 0.000163154545589, 2.6386067475e-05]
    },
    "gfcc": {
        "mean": [-241.456237793, 50.8726539612, -121.349365234, 31.5790271759, -50.5091285706, 18.760345459, -33.1690750122, 9.80798435211, -18.7199783325, 2.12216162682, -13.3387651443, -0.381951481104, -7.74697446823],
        "cov": [[296367.96875, 15134.3896484, -34177.7070312, 9310.25390625, -14491.0361328, 5310.19384766, -9512.99707031, 2833.84619141, -5445.82275391, 555.850891113, -3867.90551758, -155.618438721, -2307.02832031], [15134.3896484, 1487.24072266, -1444.20458984, 655.010742188, -649.889282227, 138.521362305, -392.859863281, 104.624435425, -309.224456787, -39.9070625305, -150.579269409, -87.7600326538, -154.644973755], [-34177.7070312, -1444.20458984, 4723.36425781, -847.032775879, 1720.6340332, -685.28314209, 1113.93200684, -313.625488281, 605.454223633, -97.9400253296, 419.003051758, -15.2197589874, 186.594726562], [9310.25390625, 655.010742188, -847.032775879, 449.64263916, -412.528076172, 129.737609863, -291.515136719, 89.6033477783, -164.758651733, -8.47043895721, -122.941612244, -24.7247390747, -92.9584197998], [-14491.0361328, -649.889282227, 1720.6340332, -412.528076172, 799.6171875, -250.219116211, 495.638000488, -126.877120972, 268.6980896, -23.5938510895, 198.048934937, 2.73225235939, 107.656661987], [5310.19384766, 138.521362305, -685.28314209, 129.737609863, -250.219116211, 215.365219116, -128.89956665, 61.0159721375, -101.629066467, 32.7249336243, -67.905418396, -5.49521207809, -32.2142219543], [-9512.99707031, -392.859863281, 1113.93200684, -291.515136719, 495.638000488, -128.89956665, 412.530212402, -77.7734222412, 157.029373169, -13.386387825, 138.845748901, -21.0960006714, 65.5176239014], [2833.84619141, 104.624435425, -313.625488281, 89.6033477783, -126.877120972, 61.0159721375, -77.7734222412, 91.6492614746, -14.3266763687, 13.6071023941, -43.2894554138, 6.92781448364, -14.2217082977], [-5445.82275391, -309.224456787, 605.454223633, -164.758651733, 268.6980896, -101.629066467, 157.029373169, -14.3266763687, 171.393676758, 10.9145059586, 69.7836532593, 19.809513092, 55.5630722046], [555.850891113, -39.9070625305, -97.9400253296, -8.47043895721, -23.5938510895, 32.7249336243, -13.386387825, 13.6071023941, 10.9145059586, 59.3022689819, 9.25824260712, 11.3513698578, -6.99230241776], [-3867.90551758, -150.579269409, 419.003051758, -122.941612244, 198.048934937, -67.905418396, 138.845748901, -43.2894554138, 69.7836532593, 9.25824260712, 97.4466018677, 9.52262496948, 32.8268203735], [-155.618438721, -87.7600326538, -15.2197589874, -24.7247390747, 2.73225235939, -5.49521207809, -21.0960006714, 6.92781448364, 19.809513092, 11.3513698578, 9.52262496948, 50.6253204346, 21.223772049], [-2307.02832031, -154.644973755, 186.594726562, -92.9584197998, 107.656661987, -32.2142219543, 65.5176239014, -14.2217082977, 55.5630722046, -6.99230241776, 32.8268203735, 21.223772049, 62.8147468567]],
        "icov": [[0.000517109874636, -0.00143055978697, 0.000916225893889, -0.00138315791264, 0.00177536322735, -0.00186842598487, 0.00190557993483, -0.00258239870891, 0.00257184682414, -0.00200879503973, 0.00197499385104, -0.00188687536865, 0.00123525748495], [-0.00143055978697, 0.00731059582904, -0.00165847677272, -0.000707944273017, -0.00438685202971, 0.00818530097604, -0.00706826848909, 0.00665137404576, -0.00535458372906, 0.00641573453322, -0.00811860430986, 0.00820442289114, -0.00314794364385], [0.000916225893889, -0.00165847677272, 0.00329616386443, -0.00406180555001, 0.00157329067588, -0.00119159696624, 0.00135296955705, -0.00354408216663, 0.00366385024972, -0.00254101259634, 0.00357946078293, -0.00343537144363, 0.00401047803462], [-0.00138315791264, -0.000707944273017, -0.00406180555001, 0.0160901527852, -0.00500020431355, 0.000216541971895, 0.000741656287573, 0.00374117936008, -0.00731151085347, 0.00638688821346, -0.00289021083154, 0.00337291345932, -0.000362060120096], [0.00177536322735, -0.00438685202971, 0.00157329067588, -0.00500020431355, 0.0173904877156, -0.00569892954081, 0.0010367060313, -0.00653613638133, 0.00477181514725, -0.00585168926045, 0.00390978623182, -0.00662996573374, 0.00236691441387], [-0.00186842598487, 0.00818530097604, -0.00119159696624, 0.000216541971895, -0.00569892954081, 0.0212012287229, -0.0124277882278, 0.00642329733819, -0.00361278140917, 0.0017787204124, -0.00552617758512, 0.00951914303005, -0.0064884996973], [0.00190557993483, -0.00706826848909, 0.00135296955705, 0.000741656287573, 0.0010367060313, -0.0124277882278, 0.0236609578133, -0.0135607169941, 0.0109775485471, -0.00657986849546, 0.00119323865511, 0.000592203054111, 0.0024981549941], [-0.00258239870891, 0.00665137404576, -0.00354408216663, 0.00374117936008, -0.00653613638133, 0.00642329733819, -0.0135607169941, 0.0351784005761, -0.0230266023427, 0.00948719866574, -0.0029445651453, 0.00415363069624, -0.00424056965858], [0.00257184682414, -0.00535458372906, 0.00366385024972, -0.00731151085347, 0.00477181514725, -0.00361278140917, 0.0109775485471, -0.0230266023427, 0.035705562681, -0.0178877580911, 0.00848801154643, -0.00719414884225, -0.00270308647305], [-0.00200879503973, 0.00641573453322, -0.00254101259634, 0.00638688821346, -0.00585168926045, 0.0017787204124, -0.00657986849546, 0.00948719866574, -0.0178877580911, 0.0359504595399, -0.0173111334443, 0.00312071829103, 0.00678622163832], [0.00197499385104, -0.00811860430986, 0.00357946078293, -0.00289021083154, 0.00390978623182, -0.00552617758512, 0.00119323865511, -0.0029445651453, 0.00848801154643, -0.0173111334443, 0.038757301867, -0.0157429501414, 0.00182246265467], [-0.00188687536865, 0.00820442289114, -0.00343537144363, 0.00337291345932, -0.00662996573374, 0.00951914303005, 0.000592203054111, 0.00415363069624, -0.00719414884225, 0.00312071829103, -0.0157429501414, 0.0418730974197, -0.0165473818779], [0.00123525748495, -0.00314794364385, 0.00401047803462, -0.000362060120096, 0.00236691441387, -0.0064884996973, 0.0024981549941, -0.00424056965858, -0.00270308647305, 0.00678622163832, 0.00182246265467, -0.0165473818779, 0.0379237011075]]
    },
    "melbands": {
        "max": [0.00933257397264, 0.00980985257775, 0.00511326501146, 0.00984856020659, 0.00320376339369, 0.00330269313417, 0.00347788305953, 0.00259802141227, 0.00214209849946, 0.00204192847013, 0.0044144843705, 0.00268641440198, 0.00201985077001, 0.00171882251743, 0.00133380491752, 0.00223046960309, 0.0024020508863, 0.0017627615016, 0.00107336579822, 0.000623580417596, 0.000945876934566, 0.00153547059745, 0.00076340517262, 0.000335531542078, 0.000606657529715, 0.000157291418873, 0.000280821433989, 0.000121274373669, 7.97490065452e-05, 7.15778878657e-05, 0.000103834237962, 0.000115507486043, 8.81525629666e-05, 9.39389210544e-05, 7.43916680221e-05, 6.51125810691e-05, 6.79691729601e-05, 0.000130465981783, 7.40349423722e-05, 2.29509041674e-05],
        "mean": [0.000563075533137, 0.000731899694074, 0.000521840702277, 0.000417729112087, 0.00024606497027, 0.000175292312633, 0.000193299594685, 0.000155682544573, 0.000145060344948, 0.000120337666885, 0.000263353751507, 0.000156853260705, 8.88618305908e-05, 9.66518491623e-05, 0.000119543379697, 9.38023003982e-05, 0.000117362709716, 0.000127232910017, 9.93678113446e-05, 6.60130317556e-05, 5.72989047214e-05, 6.84255501255e-05, 4.40063195128e-05, 3.26901463268e-05, 3.3242176869e-05, 2.42739733949e-05, 2.04336520255e-05, 1.46522033901e-05, 9.79249671218e-06, 8.78773334989e-06, 6.85126087774e-06, 6.12865414951e-06, 5.42922089153e-06, 5.67260713069e-06, 4.2163096623e-06, 3.53935683961e-06, 2.81833968074e-06, 2.34608387473e-06, 1.53976964157e-06, 9.4422176744e-07],
        "min": [6.28521327057e-25, 3.40547727562e-25, 1.18184192453e-24, 1.02562054541e-24, 1.08633216815e-24, 1.33943493554e-24, 5.85077820234e-25, 1.01002723051e-24, 1.0436046019e-24, 1.34142424552e-24, 1.69511831542e-24, 1.14549436946e-24, 2.26974175651e-24, 1.80998750727e-24, 2.23941202685e-24, 2.07629570761e-24, 2.6292552533e-24, 2.04016666701e-24, 3.03417637266e-24, 2.78871027187e-24, 2.93456769502e-24, 3.13251399817e-24, 3.1767619952e-24, 3.11945835019e-24, 2.48401215558e-24, 3.8731110127e-24, 3.44664215772e-24, 4.2068547903e-24, 3.8346997975e-24, 4.17047291978e-24, 4.9177789991e-24, 4.02737315715e-24, 5.06234249315e-24, 4.28997311958e-24, 4.85731281072e-24, 4.645484725e-24, 5.0522261409e-24, 4.97727804402e-24, 5.27252540944e-24, 5.786458034e-24],
        "stdev": [0.000998138799332, 0.00108218332753, 0.000724388228264, 0.000653277500533, 0.000324563588947, 0.000250619399594, 0.000312270334689, 0.000269111449597, 0.000203874369618, 0.000188710560906, 0.000471308041597, 0.000247411197051, 0.000141385651659, 0.000154204812134, 0.000174836808583, 0.000188543403056, 0.000207320277696, 0.00017133684014, 0.000130544882268, 8.66611735546e-05, 8.82222593646e-05, 0.000102342950413, 5.78281105845e-05, 3.85047460441e-05, 3.7706715375e-05, 2.56777584582e-05, 2.90326061076e-05, 1.63975419127e-05, 1.00524912341e-05, 9.09065238375e-06, 8.37095103634e-06, 8.63060358824e-06, 8.35810260469e-06, 8.22896436148e-06, 6.50759875498e-06, 6.29927353657e-06, 6.35270498606e-06, 6.46462103759e-06, 4.06085882787e-06, 2.05827882382e-06]
    },
    "melbands128": {
        "max": [0.00133143528365, 0.00716473627836, 0.0150969652459, 0.0148359518498, 0.0148581974208, 0.00781647395343, 0.00649474142119, 0.00647603068501, 0.0193782486022, 0.0139011107385, 0.00446429150179, 0.00429786508903, 0.00463390862569, 0.00294790137559, 0.00235466472805, 0.00736214686185, 0.00615291576833, 0.00417516147718, 0.00286044320092, 0.00294033950195, 0.00522236386314, 0.00370763684623, 0.00308374455199, 0.00283759809099, 0.00230032019317, 0.00360959023237, 0.00710697844625, 0.00899701472372, 0.00641161063686, 0.00390512612648, 0.00529143214226, 0.00512655638158, 0.00368662760593, 0.00249792798422, 0.00307156983763, 0.00286477268673, 0.00357204535976, 0.00278372154571, 0.00241277785972, 0.00337699474767, 0.0037880979944, 0.0015170967672, 0.0053400225006, 0.00442855712026, 0.00486816605553, 0.00399620598182, 0.00152208248619, 0.00242866273038, 0.00160285609309, 0.00153085589409, 0.00110824091826, 0.00131626799703, 0.00173601135612, 0.00127179489937, 0.00207148375921, 0.00265734782442, 0.00194826873485, 0.00178621988744, 0.000855337479152, 0.00102976139169, 0.000676821393427, 0.00060127011966, 0.00110639410559, 0.00097375921905, 0.000605976674706, 0.000283125555143, 0.000329378060997, 0.000618336140178, 0.000577678321861, 0.000226650503464, 0.000247720483458, 0.000312509044306, 0.000128416693769, 0.000120582619275, 9.91389679257e-05, 0.000133602879941, 9.8851895018e-05, 9.74509021034e-05, 0.00014682757319, 0.000119777963846, 0.00015747413272, 0.000116883325973, 0.000136447983095, 9.69461834757e-05, 0.000161354284501, 0.000119471929793, 0.000124996236991, 0.000172276544617, 6.88899672241e-05, 8.96566634765e-05, 6.34290627204e-05, 7.64860014897e-05, 8.77938509802e-05, 8.35902319523e-05, 7.43360142224e-05, 0.000163879405591, 0.000180369097507, 0.000222135291551, 0.000100808792922, 5.79825718887e-05, 2.9092963814e-05, 2.03634426725e-05, 2.73292298516e-05, 2.13398525375e-05, 2.09684912988e-05, 2.03390445677e-05, 2.01812090381e-05, 1.39762423714e-05, 1.52327093019e-05, 9.41934013099e-06, 1.6368656361e-05, 1.52054526552e-05, 1.0554020264e-05, 4.49684966952e-06, 1.96705809685e-06, 3.02156166754e-07, 3.47415713975e-08, 3.36419603286e-08, 3.26984590515e-08, 3.19633670642e-08, 3.12305168393e-08, 3.05452552141e-08, 2.9927367251e-08, 2.94384445709e-08, 2.90510762113e-08, 2.87406720645e-08, 2.85082322193e-08, 2.83653438515e-08],
        "mean": [6.70827575959e-05, 0.000318358594086, 0.00080105062807, 0.0009787583258, 0.00078565889271, 0.000490896054544, 0.000502184499055, 0.000528186385054, 0.000573951692786, 0.000440496398369, 0.000294877478154, 0.000293764896924, 0.000246559764491, 0.000167953316122, 0.000150187013787, 0.000162254480529, 0.000276750186458, 0.000184916556464, 0.00012149621034, 0.000132788030896, 0.000199400426936, 0.000148272374645, 0.000143451718031, 0.000142015967867, 9.37601944315e-05, 0.000120052449347, 0.00014655389532, 0.000326725130435, 0.000336582190357, 0.000153898959979, 0.000118620337162, 0.000100434903288, 7.04359699739e-05, 9.90353073576e-05, 8.76627455e-05, 8.42651061248e-05, 0.000123977195472, 0.000158070091857, 8.11989084468e-05, 9.0640016424e-05, 0.000111858607852, 6.86983476044e-05, 0.00011038541561, 0.00012847763719, 0.000183192809345, 0.000116569637612, 7.64765718486e-05, 0.0001252755319, 9.75679868134e-05, 6.0171536461e-05, 6.77659336361e-05, 6.34446696495e-05, 6.06482281e-05, 5.04723320773e-05, 5.75737540203e-05, 7.97131069703e-05, 7.41650292184e-05, 3.61811398761e-05, 3.87503059756e-05, 4.56158959423e-05, 3.03292254102e-05, 2.30242585531e-05, 3.53062605427e-05, 2.93505108857e-05, 4.42624186689e-05, 2.08817036764e-05, 1.51722888404e-05, 2.31864632951e-05, 2.43384019996e-05, 1.25095621115e-05, 1.23171275845e-05, 2.00446902454e-05, 1.03252887129e-05, 7.74040199758e-06, 8.13923907117e-06, 9.38106222748e-06, 8.36911203805e-06, 9.0188723334e-06, 5.91868592892e-06, 5.77479113417e-06, 6.6014758886e-06, 6.10104598309e-06, 5.2919749578e-06, 4.83514668304e-06, 6.29771147942e-06, 5.84979488849e-06, 5.84861618336e-06, 4.62995831185e-06, 3.97443818656e-06, 4.11210703533e-06, 3.52447500518e-06, 3.67710163118e-06, 3.00105989481e-06, 2.68238318313e-06, 2.83294730252e-06, 2.56547150457e-06, 2.17349088416e-06, 2.16749344872e-06, 1.54428448695e-06, 1.29058275888e-06, 1.02399371826e-06, 9.00063241716e-07, 8.12337418665e-07, 7.68398081163e-07, 5.61674994515e-07, 4.36492456402e-07, 4.1806902118e-07, 3.52705853857e-07, 3.17574574638e-07, 2.75396672578e-07, 2.31897729464e-07, 1.92145051869e-07, 1.45739321056e-07, 8.38245171053e-08, 3.62052858804e-08, 2.44464093413e-09, 2.23999187254e-11, 2.12537955985e-11, 2.06623208127e-11, 2.01956472379e-11, 1.97290916243e-11, 1.93144736316e-11, 1.89136536294e-11, 1.85884623666e-11, 1.83559972777e-11, 1.81737905974e-11, 1.80334688155e-11, 1.79328305677e-11],
        "min": [3.5072099104e-28, 1.91466821541e-25, 2.06831687259e-25, 1.0228061732e-25, 5.94723530671e-26, 6.76152033609e-26, 1.76454330128e-25, 1.02900661992e-25, 2.01358520995e-25, 3.58763068205e-25, 2.17225965065e-25, 1.67112318814e-25, 1.15145897141e-25, 2.54712758541e-25, 3.50626781481e-25, 1.30823977617e-25, 3.61149076621e-25, 8.67925783672e-26, 4.15010650336e-25, 3.29171416536e-25, 2.43686331979e-25, 5.18399155005e-25, 4.15043190849e-25, 5.1585345156e-25, 7.42672458271e-25, 5.18784858684e-25, 1.58659205828e-25, 8.49423531852e-25, 6.47606436152e-25, 8.55081045049e-25, 4.02009803536e-25, 5.8806740585e-25, 7.09577721841e-25, 3.84246159716e-25, 7.76760666403e-25, 6.10163350501e-25, 1.1848387085e-24, 1.1699138546e-24, 6.48054903577e-25, 8.51004803536e-25, 3.80252674643e-25, 9.26180388183e-25, 9.79826183789e-25, 4.67352163043e-25, 7.29583776739e-25, 1.0279038047e-24, 1.57730795429e-24, 8.71479195293e-25, 9.93888319678e-25, 1.23525461173e-24, 1.27185746191e-24, 9.42496595501e-25, 1.35188621746e-24, 8.92739686942e-25, 8.9369618079e-25, 1.77967631585e-24, 1.19094587241e-24, 2.03537335093e-24, 1.53239899042e-24, 1.50591762009e-24, 7.68566225839e-25, 1.25147576131e-24, 8.54590472173e-25, 1.29194965056e-24, 1.84719925946e-24, 1.38886259328e-24, 1.70882477365e-24, 2.77699292642e-24, 2.21535137481e-24, 1.89248835568e-24, 1.95361620115e-24, 1.5529785965e-24, 2.74318293966e-24, 2.19658003514e-24, 1.68075670821e-24, 1.48276622885e-24, 1.769508096e-24, 2.79063233147e-24, 2.41319039288e-24, 1.89978295247e-24, 2.48559835765e-24, 2.9564503021e-24, 2.41137798495e-24, 2.93034413373e-24, 2.57619272173e-24, 2.40337518828e-24, 2.76238065865e-24, 2.51745591366e-24, 3.18112774867e-24, 3.04735547737e-24, 2.81213648253e-24, 3.07024624869e-24, 2.93450300842e-24, 2.35071260919e-24, 4.31208646848e-24, 2.36685546432e-24, 2.30786740406e-24, 2.95256555657e-24, 3.24491661918e-24, 2.94066203994e-24, 3.52285045989e-24, 3.7561714554e-24, 4.3351768216e-24, 3.61924374049e-24, 3.76208041801e-24, 4.10144482956e-24, 3.85280770515e-24, 4.56020373355e-24, 4.22421170237e-24, 3.59569308702e-24, 4.36270096745e-24, 4.20924543328e-24, 4.71737006942e-24, 4.38404517696e-24, 4.78997091068e-24, 4.32419075021e-24, 5.34392994314e-24, 4.79215171665e-24, 4.60951976747e-24, 4.47324917369e-24, 5.29032290033e-24, 3.60937903487e-24, 4.77038507213e-24, 5.76349389862e-24, 3.74988660057e-24, 4.15405278004e-24, 5.52722059118e-24, 4.75740831023e-24],
        "stdev": [0.000102824546047, 0.000738568895031, 0.00161928881425, 0.00165410561021, 0.00136099627707, 0.000788074336015, 0.000820377201308, 0.000915658078156, 0.00118565082084, 0.000870724557899, 0.000492505554575, 0.000458359398181, 0.00041214650264, 0.000296340411296, 0.000274646474281, 0.000375884963432, 0.000540581298992, 0.000353465293301, 0.00024420680711, 0.000269115815172, 0.000459875009255, 0.000324759312207, 0.000255342660239, 0.00026818618062, 0.000188138248632, 0.000294933299301, 0.000399846845539, 0.000816991261672, 0.000641390972305, 0.000305682711769, 0.00035308508086, 0.000270263699349, 0.000169111124706, 0.000203568226425, 0.00021021500288, 0.000195277025341, 0.000274385791272, 0.000288260314846, 0.000152608612552, 0.000230220743106, 0.000297686900012, 0.000142845528899, 0.000349859241396, 0.000254746089922, 0.000339778111083, 0.000213584760786, 0.000156240639626, 0.000221932205022, 0.000152613705723, 0.000109647131467, 0.00010477273463, 0.000111509943963, 0.000132198358187, 9.50623580138e-05, 0.000111317800474, 0.000159329880262, 0.000148239763803, 8.87155110831e-05, 6.00172352279e-05, 6.9650093792e-05, 5.20709327247e-05, 3.70599154849e-05, 5.68501491216e-05, 4.33010682173e-05, 6.64778781356e-05, 2.77980670944e-05, 2.72130837402e-05, 5.21785550518e-05, 4.57401220046e-05, 2.07327648241e-05, 1.86968227354e-05, 2.89576346404e-05, 1.42358767334e-05, 1.08119274955e-05, 1.09112233986e-05, 1.30925473059e-05, 1.00200322777e-05, 1.09079956019e-05, 9.35964180826e-06, 9.70613473328e-06, 1.09241682367e-05, 8.84032579052e-06, 8.63694731379e-06, 8.61971420818e-06, 1.12117631943e-05, 9.45539431996e-06, 8.79157232703e-06, 8.08015374787e-06, 6.75089449942e-06, 7.35694584364e-06, 5.85040106671e-06, 7.61540559324e-06, 6.56492738926e-06, 6.51625896353e-06, 6.98522489984e-06, 7.50770232116e-06, 6.78795731801e-06, 7.70044061937e-06, 4.26390033681e-06, 3.56627992915e-06, 2.44733269028e-06, 1.85942599273e-06, 1.94007930077e-06, 1.8676239506e-06, 1.41412613175e-06, 1.13031057936e-06, 1.10673499876e-06, 9.3076965868e-07, 8.22649496968e-07, 7.86857810908e-07, 7.97987581791e-07, 7.08374159331e-07, 5.27388806404e-07, 3.02657014117e-07, 1.41508920137e-07, 1.41582789936e-08, 7.81279152484e-10, 7.56553153458e-10, 7.35339567015e-10, 7.18808235156e-10, 7.02325364532e-10, 6.86920131887e-10, 6.7301297868e-10, 6.62028987186e-10, 6.53310516796e-10, 6.46330822196e-10, 6.41103836685e-10, 6.37890462674e-10]
    },
    "mfcc": {
        "mean": [-729.755065918, 66.5159454346, -19.5115623474, 11.4452924728, 0.496569335461, 5.58551359177, -2.05601477623, 4.64146184921, -1.4027235508, 3.64010429382, -0.817111134529, -1.91183388233, -2.97241663933],
        "cov": [[82597.0390625, 10250.4267578, -2558.06201172, 1934.98669434, 109.705566406, 818.844665527, -257.343933105, 718.977111816, -240.923278809, 553.82409668, -126.502449036, -330.866943359, -485.204681396], [10250.4267578, 1760.41760254, -173.151184082, 463.45324707, 23.5850963593, 84.8316192627, 38.3236198425, 94.0455703735, -82.7651519775, 81.2787780762, 3.47393989563, -71.6951904297, -82.9851150513], [-2558.06201172, -173.151184082, 635.375732422, 167.019500732, 67.7968215942, -41.8744926453, 30.226764679, -13.0925750732, -14.012137413, -9.93508338928, 10.3257188797, -17.0888786316, -9.22761058807], [1934.98669434, 463.45324707, 167.019500732, 293.040924072, 62.0054473877, -8.34728336334, 2.56970834732, 27.7711544037, -26.3303184509, 12.9463996887, -0.315453350544, -18.8093929291, -15.9058170319], [109.705566406, 23.5850963593, 67.7968215942, 62.0054473877, 91.1969909668, -6.9262304306, -27.8183860779, 11.3196182251, 11.9456567764, -4.44215393066, -2.55609512329, 7.40874958038, 6.5658416748], [818.844665527, 84.8316192627, -41.8744926453, -8.34728336334, -6.9262304306, 87.7286071777, 46.3547782898, 6.09520959854, -6.96254062653, 17.5968952179, 5.10188055038, -3.92624902725, -7.54567146301], [-257.343933105, 38.3236198425, 30.226764679, 2.56970834732, -27.8183860779, 46.3547782898, 127.854934692, 12.5388364792, -18.5286026001, 23.851436615, 10.1186647415, -13.2244491577, -13.5327806473], [718.977111816, 94.0455703735, -13.0925750732, 27.7711544037, 11.3196182251, 6.09520959854, 12.5388364792, 56.1261749268, 23.0360603333, 9.95768165588, -1.67160308361, -0.781693458557, -5.14264822006], [-240.923278809, -82.7651519775, -14.012137413, -26.3303184509, 11.9456567764, -6.96254062653, -18.5286026001, 23.0360603333, 67.1771621704, 17.8425235748, -0.00237873313017, 9.9182138443, 8.61772251129], [553.82409668, 81.2787780762, -9.93508338928, 12.9463996887, -4.44215393066, 17.5968952179, 23.851436615, 9.95768165588, 17.8425235748, 58.1915054321, 19.9222717285, -2.26002502441, -5.84086799622], [-126.502449036, 3.47393989563, 10.3257188797, -0.315453350544, -2.55609512329, 5.10188055038, 10.1186647415, -1.67160308361, -0.00237873313017, 19.9222717285, 44.0775108337, 13.7334632874, -2.80321907997], [-330.866943359, -71.6951904297, -17.0888786316, -18.8093929291, 7.40874958038, -3.92624902725, -13.2244491577, -0.781693458557, 9.9182138443, -2.26002502441, 13.7334632874, 48.1736488342, 26.0535259247], [-485.204681396, -82.9851150513, -9.22761058807, -15.9058170319, 6.5658416748, -7.54567146301, -13.5327806473, -5.14264822006, 8.61772251129, -5.84086799622, -2.80321907997, 26.0535259247, 52.6307487488]],
        "icov": [[7.67469391576e-05, -0.000443906581495, 6.84129990987e-05, 0.000203669740586, -2.27092878049e-05, -0.000415429385612, 0.000498186098412, -0.000360388366971, 0.000132184533868, -0.000317883503158, 0.000363490660675, -0.000161251446116, 0.000159570787218], [-0.000443906581495, 0.00470397341996, 0.000963712227531, -0.00492016179487, 0.000991804525256, 0.00110105273779, -0.00194234959781, -7.5349562394e-05, 0.00167579203844, -0.000278463878203, -0.00197897269391, 0.00187647843268, 0.000194310385268], [6.84129990987e-05, 0.000963712227531, 0.00323869311251, -0.00347108230926, -0.00087781297043, 0.000212848361116, -0.000746090430766, 0.000257984123891, 0.000393202761188, -0.00025032722624, -0.000803236616775, 0.00132524815854, 0.000851462478749], [0.000203669740586, -0.00492016179487, -0.00347108230926, 0.0130036817864, -0.00460557360202, 0.0016783735482, 0.000925379106775, -0.001585124759, 0.00134797603823, -0.000693601381499, 0.0017105616862, -0.00108179997187, -0.0013316757977], [-2.27092878049e-05, 0.000991804525256, -0.00087781297043, -0.00460557360202, 0.0163676664233, -0.00275193876587, 0.00404783478007, -0.00263051665388, -0.00192645180505, 0.000905691296794, 0.00041653306107, -0.00188704510219, -0.000471735489555], [-0.000415429385612, 0.00110105273779, 0.000212848361116, 0.0016783735482, -0.00275193876587, 0.0188005045056, -0.00900658220053, 0.00337924459018, -0.000513708917424, -0.00013556216436, -0.00133530551102, -0.000268174131634, -0.000365432439139], [0.000498186098412, -0.00194234959781, -0.000746090430766, 0.000925379106775, 0.00404783478007, -0.00900658220053, 0.0171536281705, -0.00899630319327, 0.00756831048056, -0.00772054446861, 0.00208794255741, 0.000744470511563, 0.00106105848681], [-0.000360388366971, -7.5349562394e-05, 0.000257984123891, -0.001585124759, -0.00263051665388, 0.00337924459018, -0.00899630319327, 0.0311233755201, -0.0159499533474, 0.00629463605583, -0.000648179731797, -0.0015629028203, 0.00171487568878], [0.000132184533868, 0.00167579203844, 0.000393202761188, 0.00134797603823, -0.00192645180505, -0.000513708917424, 0.00756831048056, -0.0159499533474, 0.0303684622049, -0.0154873216525, 0.00540752708912, -0.00213309261017, -0.00045589695219], [-0.000317883503158, -0.000278463878203, -0.00025032722624, -0.000693601381499, 0.000905691296794, -0.00013556216436, -0.00772054446861, 0.00629463605583, -0.0154873216525, 0.0329068377614, -0.0154326381162, 0.00529461214319, -0.00238078413531], [0.000363490660675, -0.00197897269391, -0.000803236616775, 0.0017105616862, 0.00041653306107, -0.00133530551102, 0.00208794255741, -0.000648179731797, 0.00540752708912, -0.0154326381162, 0.0363575816154, -0.0163504146039, 0.00826918333769], [-0.000161251446116, 0.00187647843268, 0.00132524815854, -0.00108179997187, -0.00188704510219, -0.000268174131634, 0.000744470511563, -0.0015629028203, -0.00213309261017, 0.00529461214319, -0.0163504146039, 0.0373889692128, -0.0168292336166], [0.000159570787218, 0.000194310385268, 0.000851462478749, -0.0013316757977, -0.000471735489555, -0.000365432439139, 0.00106105848681, 0.00171487568878, -0.00045589695219, -0.00238078413531, 0.00826918333769, -0.0168292336166, 0.0295532010496]]
    },
    "spectral_contrast_coeffs": {
        "max": [-0.538547754288, -0.572561860085, -0.5550609231, -0.576374709606, -0.647123277187, -0.63005065918],
        "mean": [-0.782938361168, -0.810773551464, -0.789784491062, -0.801053881645, -0.801698625088, -0.788931548595],
        "min": [-0.98233217001, -0.983112454414, -0.97623115778, -0.974051833153, -0.968781173229, -0.964896559715],
        "stdev": [0.1098446697, 0.10028334707, 0.108099527657, 0.0973924696445, 0.091514877975, 0.0942120328546]
    },
    "spectral_contrast_valleys": {
        "max": [-5.30772829056, -5.35418176651, -5.45296239853, -5.41630363464, -5.8745136261, -7.71881628036],
        "mean": [-11.3081541061, -11.0758781433, -11.3099079132, -11.2739858627, -11.2486219406, -13.3192415237],
        "min": [-27.9471130371, -28.0042247772, -27.979631424, -27.7503089905, -27.6110916138, -27.4485778809],
        "stdev": [8.46168518066, 8.54846572876, 8.44434833527, 8.45267486572, 8.47068023682, 7.38424348831]
    }
},
"rhythm": {
    "beats_count": 94,
    "beats_loudness": {
        "max": 0.0670486688614,
        "mean": 0.0261450111866,
        "min": 0,
        "stdev": 0.0169464573264
    },
    "bpm": 131.688049316,
    "bpm_histogram_first_peak_bpm": 133,
    "bpm_histogram_first_peak_weight": 0.490196108818,
    "bpm_histogram_second_peak_bpm": 117,
    "bpm_histogram_second_peak_spread": 0.375,
    "bpm_histogram_second_peak_weight": 0.161290317774,
    "danceability": 0.810786962509,
    "onset_rate": 1.72265625,
    "beats_loudness_band_ratio": {
        "max": [0.778145074844, 0.51919978857, 0.591722905636, 0.655799150467, 0.684350252151, 0.349483281374],
        "mean": [0.193442955613, 0.0964799001813, 0.115708820522, 0.165677696466, 0.19815120101, 0.0915159285069],
        "min": [0, 0, 0, 0, 0, 0],
        "stdev": [0.191477060318, 0.105834215879, 0.106802135706, 0.139603704214, 0.169685423374, 0.073811635375]
    },
