{
"metadata": {
    "version": {
        "essentia": "2.1-beta5",
        "essentia_git_sha": "Undefined",
        "extractor": "music 2.0"
    },
    "audio_properties": {
        "analysis": {
            "equal_loudness": 0,
            "length": 48.7502937317,
            "sample_rate": 44100,
            "start_time": 12.7477550507,
            "downmix": "mix"
        },
        "bit_rate": 192000,
        "length": 217.071746826,
        "lossless": 0,
        "number_channels": 2,
        "replay_gain": -1.92763519287,
        "sample_rate": 48000,
        "codec": "mp3",
        "md5_encoded": "e3ddfc38ea73e39d67238819a030fa84"
    },
    "tags": {
        "file_name": "Luxembourg_Donne-moi Une Chance_Modern Times.mp3",
        "encoding": ["Lavf58.29.100"]
    }
},
"lowlevel": {
    "average_loudness": 0.946470737457,
    "barkbands_crest": {
        "max": 24.1636257172,
        "mean": 8.26421546936,
        "min": 2.20671439171,
        "stdev": 3.77998948097
    },
    "barkbands_flatness_db": {
        "max": 0.333310216665,
        "mean": 0.116859570146,
        "min": 0.0380277372897,
        "stdev": 0.0353563465178
    },
    "barkbands_kurtosis": {
        "max": 175.254058838,
        "mean": 1.52038931847,
        "min": -1.84614956379,
        "stdev": 6.89509439468
    },
    "barkbands_skewness": {
        "max": 11.7978868484,
        "mean": 0.768029093742,
        "min": -1.96594917774,
        "stdev": 1.11006999016
    },
    "barkbands_spread": {
        "max": 100.120727539,
        "mean": 27.6235923767,
        "min": 1.15885043144,
        "stdev": 14.4157505035
    },
    "dissonance": {
        "max": 0.5,
        "mean": 0.47347381711,
        "min": 0.349917382002,
        "stdev": 0.0199564117938
    },
    "dynamic_complexity": 3.58516740799,
    "erbbands_crest": {
        "max": 29.8336524963,
        "mean": 8.64089012146,
        "min": 2.33469605446,
        "stdev": 4.1944565773
    },
    "erbbands_flatness_db": {
        "max": 0.277451038361,
        "mean": 0.163416743279,
        "min": 0.0590828321874,
        "stdev": 0.0423738397658
    },
    "erbbands_kurtosis": {
        "max": 16.2856082916,
        "mean": 0.347632408142,
        "min": -1.72557139397,
        "stdev": 1.87116193771
    },
    "erbbands_skewness": {
        "max": 2.46885943413,
        "mean": -0.0192413199693,
        "min": -3.67296338081,
        "stdev": 0.65876853466
    },
    "erbbands_spread": {
        "max": 130.213973999,
        "mean": 35.4285354614,
        "min": 6.26111888885,
        "stdev": 18.5135002136
    },
    "hfc": {
        "max": 470.670715332,
        "mean": 26.5717468262,
        "min": 0.106610037386,
        "stdev": 26.2847728729
    },
    "loudness_ebu128": {
        "integrated": -21.0177459717,
        "loudness_range": 3.43655395508,
        "momentary": {
            "max": -17.7451858521,
            "mean": -23.0775432587,
            "min": -45.1492996216,
            "stdev": 6.11870718002
        },
        "short_term": {
            "max": -19.6600990295,
            "mean": -22.2336673737,
            "min": -43.5195159912,
            "stdev": 4.33840227127
        }
    },
    "melbands_crest": {
        "max": 32.486782074,
        "mean": 11.009636879,
        "min": 3.13165283203,
        "stdev": 4.89684963226
    },
    "melbands_flatness_db": {
        "max": 0.436135470867,
        "mean": 0.146123215556,
        "min": 0.037989910692,
        "stdev": 0.0533938184381
    },
    "melbands_kurtosis": {
        "max": 448.747406006,
        "mean": 6.95989513397,
        "min": -1.85094344616,
        "stdev": 17.1812877655
    },
    "melbands_skewness": {
        "max": 18.1463794708,
        "mean": 1.78120088577,
        "min": -1.10683715343,
        "stdev": 1.5554523468
    },
    "melbands_spread": {
        "max": 234.370758057,
        "mean": 34.6363220215,
        "min": 0.824109435081,
        "stdev": 20.2165794373
    },
    "pitch_salience": {
        "max": 0.875428617001,
        "mean": 0.596094548702,
        "min": 0.149675741792,
        "stdev": 0.124318994582
    },
    "silence_rate_20dB": {
        "max": 1,
        "mean": 1,
        "min": 1,
        "stdev": 0
    },
    "silence_rate_30dB": {
        "max": 1,
        "mean": 0.999048054218,
        "min": 0,
        "stdev": 0.0308392234147
    },
    "silence_rate_60dB": {
        "max": 1,
        "mean": 0.102332219481,
        "min": 0,
        "stdev": 0.303078949451
    },
    "spectral_centroid": {
        "max": 4878.00195312,
        "mean": 1818.65661621,
        "min": 329.877655029,
        "stdev": 632.752868652
    },
    "spectral_complexity": {
        "max": 59,
        "mean": 22.9543075562,
        "min": 0,
        "stdev": 10.5391340256
    },
    "spectral_decrease": {
        "max": -1.04107712035e-11,
        "mean": -5.68643976351e-09,
        "min": -3.77788111905e-08,
        "stdev": 3.78637876608e-09
    },
    "spectral_energy": {
        "max": 0.143750116229,
        "mean": 0.0238720700145,
        "min": 4.89915728394e-05,
        "stdev": 0.0153533723205
    },
    "spectral_energyband_high": {
        "max": 0.067350320518,
        "mean": 0.00123024487402,
        "min": 7.8585517258e-06,
        "stdev": 0.00319849117659
    },
    "spectral_energyband_low": {
        "max": 0.141798987985,
        "mean": 0.00547520350665,
        "min": 7.31839406853e-07,
        "stdev": 0.00944554060698
    },
    "spectral_energyband_middle_high": {
        "max": 0.0462705604732,
        "mean": 0.00796318426728,
        "min": 7.3521973718e-06,
        "stdev": 0.00640141218901
    },
    "spectral_energyband_middle_low": {
        "max": 0.0636584758759,
        "mean": 0.00998828560114,
        "min": 1.77883684955e-05,
        "stdev": 0.00905652251095
    },
    "spectral_entropy": {
        "max": 8.66492938995,
        "mean": 7.72313642502,
        "min": 6.33304834366,
        "stdev": 0.36372050643
    },
    "spectral_flux": {
        "max": 0.345450997353,
        "mean": 0.0775822550058,
        "min": 0.004379295744,
        "stdev": 0.0395901240408
    },
    "spectral_kurtosis": {
        "max": 17.2792396545,
        "mean": 3.71757888794,
        "min": -0.98917889595,
        "stdev": 1.80229175091
    },
    "spectral_rms": {
        "max": 0.0118424659595,
        "mean": 0.00447176024318,
        "min": 0.000218624467379,
        "stdev": 0.00181471451651
    },
    "spectral_rolloff": {
        "max": 11326.4648438,
        "mean": 2159.35400391,
        "min": 64.599609375,
        "stdev": 1301.36279297
    },
    "spectral_skewness": {
        "max": 3.17076349258,
        "mean": 1.36426591873,
        "min": -0.145259708166,
        "stdev": 0.319721102715
    },
    "spectral_spread": {
        "max": 13346854,
        "mean": 4282892.5,
        "min": 2389453.75,
        "stdev": 1410194.375
    },
    "spectral_strongpeak": {
        "max": 13.2656974792,
        "mean": 1.39743733406,
        "min": 0,
        "stdev": 1.87720024586
    },
    "zerocrossingrate": {
        "max": 0.31005859375,
        "mean": 0.0798882544041,
        "min": 0.0029296875,
        "stdev": 0.0342663116753
    },
    "barkbands": {
        "max": [0.0043594809249, 0.123805060983, 0.0676854327321, 0.0358853414655, 0.05864649266, 0.0193404536694, 0.0175439417362, 0.0223872046918, 0.0208987854421, 0.0245069079101, 0.025260232389, 0.0156143000349, 0.0162638332695, 0.0145914247259, 0.0187289882451, 0.0255179498345, 0.021387130022, 0.0114164780825, 0.0053914510645, 0.00657568033785, 0.00792210642248, 0.0144849829376, 0.0323237143457, 0.0193572677672, 0.00781874824315, 0.00107057648711, 1.28725753257e-06],
        "mean": [0.00017663530889, 0.00307806045748, 0.00174412014894, 0.00116775045171, 0.00378839299083, 0.0012631182326, 0.000964462757111, 0.00136797002051, 0.000930376292672, 0.000890701077878, 0.000577256316319, 0.000868962728418, 0.000637651130091, 0.00108757684939, 0.000869090144988, 0.000947022635955, 0.00101962662302, 0.000514563289471, 0.000507979653776, 0.000505979231093, 0.000271010707365, 0.000236394655076, 0.000216415224713, 0.000152384280227, 6.67134299874e-05, 2.18565000978e-05, 4.69453098617e-09],
        "min": [1.94439792267e-07, 5.65977813949e-07, 3.27934799316e-08, 1.53004549475e-07, 2.45139085564e-06, 2.9138317359e-07, 1.36351061997e-07, 5.49479977963e-07, 7.29511214104e-07, 2.73547556162e-07, 1.83765266115e-07, 2.47166411782e-07, 3.38296871405e-07, 3.23142387515e-07, 3.35646717531e-07, 3.82963122547e-07, 3.31172230972e-07, 4.02137828814e-07, 3.27854593252e-07, 5.84931001413e-07, 6.15900546563e-07, 6.35695585061e-07, 7.55694429699e-07, 7.75029434408e-07, 2.86404429062e-07, 2.17147800186e-07, 9.83190681647e-11],
        "stdev": [0.000294031808153, 0.00643412675709, 0.00360805215314, 0.00242745596915, 0.00615794071928, 0.00183915556408, 0.0015225072857, 0.00240036309697, 0.00203160662204, 0.00176418200135, 0.00135704944842, 0.00182192749344, 0.00116894184612, 0.00172341358848, 0.00176245032344, 0.00173942395486, 0.00186614936683, 0.000903248961549, 0.000676539668348, 0.000701974611729, 0.000494786188938, 0.000872133066878, 0.00114732375368, 0.000795656058472, 0.00029801693745, 6.43803941784e-05, 4.16227869948e-08]
    },
    "erbbands": {
        "max": [2.61405134201, 30.9282817841, 72.9661483765, 89.1810836792, 135.183120728, 282.057403564, 354.14932251, 198.708343506, 206.764770508, 439.961120605, 205.988967896, 536.518676758, 828.538696289, 485.637512207, 1430.16906738, 779.142944336, 903.249450684, 797.235534668, 722.558227539, 1674.52233887, 640.717468262, 1171.73828125, 814.956726074, 254.786209106, 433.65246582, 280.807739258, 276.449462891, 422.405029297, 545.429321289, 663.079833984, 934.033508301, 579.718688965, 243.000167847, 101.357048035, 42.3632507324, 7.57786464691, 1.83096182346, 0.0595122128725, 0.0016365974443, 0.000323501648381],
        "mean": [0.0745814070106, 0.729108691216, 2.06909489632, 2.95354604721, 5.88367176056, 15.0062608719, 14.3749647141, 10.9624729156, 12.6112756729, 28.9005622864, 17.7803726196, 24.1637153625, 31.7554149628, 16.0290908813, 29.6242675781, 40.6647377014, 32.4666404724, 52.5342483521, 42.0987434387, 61.3282585144, 49.8080635071, 50.4282493591, 30.4999256134, 26.8371639252, 25.2699222565, 23.9120845795, 14.4187698364, 9.5782623291, 8.22169971466, 7.71017742157, 5.84149932861, 3.77983689308, 2.21395540237, 0.95851701498, 0.378097295761, 0.150365293026, 0.0305091068149, 0.0014364910312, 5.3031151765e-05, 3.36601406161e-05],
        "min": [1.51443473442e-05, 0.000129368752823, 0.00017420486256, 0.000378304364858, 0.00430068699643, 0.0065141604282, 0.0031193990726, 0.00268549029715, 0.0053587811999, 0.0131023703143, 0.0181713048369, 0.0107046328485, 0.0209184791893, 0.00882999412715, 0.0142972879112, 0.0109754614532, 0.013448799029, 0.0134797384962, 0.0213470607996, 0.022676890716, 0.0190726481378, 0.0228686220944, 0.020191045478, 0.0250007342547, 0.0221257209778, 0.0272571258247, 0.0269415676594, 0.0246565584093, 0.0237040370703, 0.0268934331834, 0.0250512007624, 0.0173368323594, 0.0117046469823, 0.0037389320787, 0.00219740765169, 0.00128100684378, 0.000177788955625, 5.25155337527e-06, 5.12663575591e-07, 1.74060687641e-07],
        "stdev": [0.160808980465, 1.59063053131, 4.19756412506, 5.35868787766, 9.01366615295, 28.3594436646, 24.2631435394, 16.778339386, 19.0730686188, 45.8404655457, 26.6045017242, 52.2887992859, 61.7235527039, 31.6620578766, 65.1648788452, 85.6777267456, 53.0840759277, 82.641960144, 54.3054389954, 151.771286011, 60.1563873291, 92.8095245361, 50.9527931213, 31.036901474, 40.0574569702, 30.6576576233, 22.5222492218, 23.4396800995, 30.0931110382, 31.4303436279, 32.558506012, 22.9116611481, 10.4477729797, 4.51668167114, 1.51348257065, 0.446760565042, 0.0987804308534, 0.00447704037651, 0.000118274372653, 2.64103036898e-05]
    },
    "gfcc": {
        "mean": [2.8529586792, 80.2703552246, -142.056274414, 42.1496772766, -61.6281509399, 18.1816539764, -46.5291099548, 11.06254673, -23.9001197815, 4.52130699158, -15.5478820801, -2.76143312454, -7.56942749023],
        "cov": [[5752.9140625, 583.664001465, -450.922637939, 159.102401733, 13.0885601044, -340.773925781, 151.648544312, -96.3471832275, 30.6270980835, -79.4205856323, 88.7726898193, -111.075019836, -70.1832504272], [583.664001465, 1083.27429199, 260.672637939, 41.3199653625, 106.034263611, -260.159912109, 41.4486541748, -92.9155578613, -25.5405673981, -79.680770874, 46.4011993408, -162.944381714, 26.9171543121], [-450.922637939, 260.672637939, 1037.45373535, 231.129150391, -0.906306743622, -45.3955802917, -45.7127456665, 73.702507019, -66.6760864258, 42.7535514832, -78.2744827271, 13.9919700623, -71.4263763428], [159.102401733, 41.3199653625, 231.129150391, 284.766326904, 41.6660041809, -31.4130172729, 9.31870555878, 31.1760368347, 36.7237625122, -11.738161087, -7.18361759186, 26.6968021393, -7.29664468765], [13.0885601044, 106.034263611, -0.906306743622, 41.6660041809, 155.643768311, 34.0916786194, 43.3191871643, 15.1257324219, -2.45937681198, 20.2670593262, 5.28225946426, 6.0042848587, -2.20496058464], [-340.773925781, -260.159912109, -45.3955802917, -31.4130172729, 34.0916786194, 230.501983643, 88.2492218018, 44.0811462402, -13.4163475037, 51.0083656311, 3.58257746696, 32.5314598083, -20.3570747375], [151.648544312, 41.4486541748, -45.7127456665, 9.31870555878, 43.3191871643, 88.2492218018, 158.577102661, 38.9137077332, -20.6984901428, 37.9009933472, 25.3944816589, -9.17079639435, -23.2447662354], [-96.3471832275, -92.9155578613, 73.702507019, 31.1760368347, 15.1257324219, 44.0811462402, 38.9137077332, 106.773887634, 21.3903846741, 42.7992401123, -9.58754825592, 21.5210857391, -23.5905399323], [30.6270980835, -25.5405673981, -66.6760864258, 36.7237625122, -2.45937681198, -13.4163475037, -20.6984901428, 21.3903846741, 111.776229858, 15.1352624893, -9.15468215942, 8.35828399658, 5.0488576889], [-79.4205856323, -79.680770874, 42.7535514832, -11.738161087, 20.2670593262, 51.0083656311, 37.9009933472, 42.7992401123, 15.1352624893, 111.886871338, 7.60284566879, 29.8727245331, -28.3262386322], [88.7726898193, 46.4011993408, -78.2744827271, -7.18361759186, 5.28225946426, 3.58257746696, 25.3944816589, -9.58754825592, -9.15468215942, 7.60284566879, 87.206489563, 5.99101352692, 12.9021883011], [-111.075019836, -162.944381714, 13.9919700623, 26.6968021393, 6.0042848587, 32.5314598083, -9.17079639435, 21.5210857391, 8.35828399658, 29.8727245331, 5.99101352692, 97.692527771, 5.28548192978], [-70.1832504272, 26.9171543121, -71.4263763428, -7.29664468765, -2.20496058464, -20.3570747375, -23.2447662354, -23.5905399323, 5.0488576889, -28.3262386322, 12.9021883011, 5.28548192978, 74.234161377]],
        "icov": [[0.000248781812843, -6.96953939041e-05, 0.00021969730733, -0.000268191477517, 0.000101724297565, 0.000453926681075, -0.000369008455891, 0.000127484294353, 8.07089454611e-05, -8.69876475917e-06, -5.21638503415e-06, -4.22980228905e-05, 0.000493080355227], [-6.96953939041e-05, 0.00517068291083, -0.0031156744808, 0.00297187454998, -0.00489308172837, 0.00616319803521, -0.00600809091702, 0.00397652201355, -0.00379711622372, 0.00264633982442, -0.00364421866834, 0.00484375515953, -0.00216277944855], [0.00021969730733, -0.0031156744808, 0.00389059330337, -0.00383320404217, 0.00335728749633, -0.00314538809471, 0.00465574255213, -0.00339233037084, 0.00476768612862, -0.00307649024762, 0.00337552162819, -0.00223499163985, 0.00239534978755], [-0.000268191477517, 0.00297187454998, -0.00383320404217, 0.0082445377484, -0.0044964090921, 0.004103097599, -0.00534902745858, 0.00213752919808, -0.00609677983448, 0.00480257114395, -0.00303089921363, 0.000202537048608, -0.00145343935583], [0.000101724297565, -0.00489308172837, 0.00335728749633, -0.0044964090921, 0.0121333310381, -0.00629586074501, 0.00436844723299, -0.00370382983238, 0.00447829300538, -0.00398525735363, 0.00390399014577, -0.00419405661523, 0.00127830274869], [0.000453926681075, 0.00616319803521, -0.00314538809471, 0.004103097599, -0.00629586074501, 0.0151317138225, -0.0114592863247, 0.00414248742163, -0.00398217700422, 0.0024575018324, -0.00336154457182, 0.00334434933029, -0.00118328433018], [-0.000369008455891, -0.00600809091702, 0.00465574255213, -0.00534902745858, 0.00436844723299, -0.0114592863247, 0.0196730419993, -0.00832401122898, 0.00814373325557, -0.00590125098825, 0.00186865194701, -0.00160147889983, 0.00326932384633], [0.000127484294353, 0.00397652201355, -0.00339233037084, 0.00213752919808, -0.00370382983238, 0.00414248742163, -0.00832401122898, 0.0174050349742, -0.00656138919294, 1.13592850539e-05, -0.00154658511747, 0.00155459996313, 0.000183998025022], [8.07089454611e-05, -0.00379711622372, 0.00476768612862, -0.00609677983448, 0.00447829300538, -0.00398217700422, 0.00814373325557, -0.00656138919294, 0.0166357755661, -0.00625673215836, 0.00482672546059, -0.00184267188888, 0.000720539945178], [-8.69876475917e-06, 0.00264633982442, -0.00307649024762, 0.00480257114395, -0.00398525735363, 0.0024575018324, -0.00590125098825, 1.13592850539e-05, -0.00625673215836, 0.0164854824543, -0.00428473344073, -0.00199520331807, 0.00285827647895], [-5.21638503415e-06, -0.00364421866834, 0.00337552162819, -0.00303089921363, 0.00390399014577, -0.00336154457182, 0.00186865194701, -0.00154658511747, 0.00482672546059, -0.00428473344073, 0.0167104434222, -0.00441734911874, -0.00099890655838], [-4.22980228905e-05, 0.00484375515953, -0.00223499163985, 0.000202537048608, -0.00419405661523, 0.00334434933029, -0.00160147889983, 0.00155459996313, -0.00184267188888, -0.00199520331807, -0.00441734911874, 0.0184558071196, -0.00432408088818], [0.000493080355227, -0.00216277944855, 0.00239534978755, -0.00145343935583, 0.00127830274869, -0.00118328433018, 0.00326932384633, 0.000183998025022, 0.000720539945178, 0.00285827647895, -0.00099890655838, -0.00432408088818, 0.0192019771785]]
    },
    "melbands": {
        "max": [0.0317827686667, 0.0312097240239, 0.0144365988672, 0.00928369536996, 0.0134441005066, 0.00414881529287, 0.00327776256017, 0.00492221163586, 0.00208265637048, 0.00320607167669, 0.00428082002327, 0.00226365285926, 0.00380968279205, 0.00213585654274, 0.00140340591315, 0.00155539670959, 0.0017674388364, 0.00129506411031, 0.00143283524085, 0.00222747260705, 0.000796912470832, 0.00173457933124, 0.00105147704016, 0.000595988472924, 0.000235273546423, 0.000274386518868, 0.000419378309743, 0.000225479510846, 0.000222845759708, 0.000160264869919, 0.000281021930277, 0.000372289447114, 0.0003152526333, 0.000442358083092, 0.000602348882239, 0.000500495021697, 0.000307363952743, 0.000156066322234, 0.000123849240481, 8.25742536108e-05],
        "mean": [0.000761242117733, 0.00104702298995, 0.000604922475759, 0.000709861225914, 0.000616247707512, 0.000238893262576, 0.00019200470706, 0.000337220059009, 0.000133882989758, 0.00014926402946, 0.000155803762027, 6.09582748439e-05, 8.74203760759e-05, 9.61812838796e-05, 9.14911797736e-05, 6.24702879577e-05, 0.000106817024061, 7.01306271367e-05, 6.54393152217e-05, 8.31852157717e-05, 5.64238143852e-05, 5.71288910578e-05, 3.84309714718e-05, 2.24535797315e-05, 2.16148109757e-05, 1.77375077328e-05, 1.74110482476e-05, 1.57595386554e-05, 9.77986564976e-06, 7.10908580004e-06, 5.06037213199e-06, 4.82767518406e-06, 4.2250981096e-06, 4.29360079579e-06, 3.55497468263e-06, 2.71710428024e-06, 2.12513145925e-06, 1.61558500622e-06, 1.16875969525e-06, 6.95143739904e-07],
        "min": [1.57238176257e-07, 1.15081313368e-07, 2.3917388603e-07, 4.81794018015e-07, 1.59042286896e-07, 5.45376437344e-08, 6.43933262268e-08, 1.76579206368e-07, 1.19108264585e-07, 8.96594869459e-08, 1.03868721624e-07, 3.07742133998e-08, 3.94963954875e-08, 3.42023831479e-08, 1.79945853773e-08, 3.17905204383e-08, 2.38548132359e-08, 2.55890775236e-08, 2.09838670884e-08, 2.10692761016e-08, 2.08991277617e-08, 1.62165605389e-08, 1.13924025769e-08, 1.90129387789e-08, 1.84339850051e-08, 1.57768251796e-08, 1.41508254003e-08, 1.05993844812e-08, 1.31924666746e-08, 1.27684929296e-08, 1.24083827657e-08, 1.22908190292e-08, 9.4566638964e-09, 1.00884500753e-08, 9.79704495307e-09, 1.12594049639e-08, 1.10839799561e-08, 7.22125070851e-09, 5.23600007796e-09, 2.01000904809e-09],
        "stdev": [0.00160306890029, 0.00199086102657, 0.000995881971903, 0.00104778609239, 0.00110218569171, 0.000357602402801, 0.00029912343598, 0.000554759521037, 0.000203031871933, 0.000335694872774, 0.000312674790621, 0.000140477684909, 0.000202215465833, 0.000181725496077, 0.000174810062163, 0.000116435447126, 0.000179637194378, 0.000100719276816, 0.000139477298944, 0.000178397982381, 7.73611682234e-05, 0.000112218069262, 7.94617080828e-05, 3.63179133274e-05, 2.68111398327e-05, 2.83524132101e-05, 3.13703712891e-05, 2.1303892936e-05, 1.81996765605e-05, 1.25827118609e-05, 1.50343812493e-05, 1.82402454811e-05, 1.68747483258e-05, 1.81856394192e-05, 1.91278486454e-05, 1.87683563126e-05, 1.24165189845e-05, 7.32220632926e-06, 5.78178151045e-06, 3.45101830135e-06]
    },
    "melbands128": {
        "max": [0.0040705986321, 0.0182802267373, 0.0581997334957, 0.0488115698099, 0.0445526465774, 0.0308705456555, 0.0196079090238, 0.0191752556711, 0.0160848535597, 0.00721557671204, 0.019852668047, 0.0240758396685, 0.0146644301713, 0.00528769614175, 0.00631011929363, 0.00564931984991, 0.00437437323853, 0.006109084934, 0.00652876263484, 0.00712535250932, 0.0093223201111, 0.00299670291133, 0.00272069312632, 0.00435848906636, 0.00667747529224, 0.00700708758086, 0.00598938204348, 0.00763052795082, 0.00473742978647, 0.00540896877646, 0.00236046989448, 0.00303135626018, 0.00379448290914, 0.00994687993079, 0.00277868681587, 0.00302679743618, 0.0050192931667, 0.00244804890826, 0.00298210442998, 0.00455999094993, 0.00230801245198, 0.00324431248009, 0.00335654406808, 0.0037310984917, 0.00201434479095, 0.00254362728447, 0.00189970666543, 0.00230688112788, 0.0037606083788, 0.00636096764356, 0.00253963912837, 0.00293423561379, 0.00138198188506, 0.0013791481033, 0.00309759704396, 0.00293943751603, 0.00293276715092, 0.00197137985379, 0.00200010370463, 0.00209305272438, 0.000802832422778, 0.00121410994325, 0.000541692308616, 0.000401503260946, 0.000284021371044, 0.000535276427399, 0.000658010423649, 0.000875190889928, 0.000550230208319, 0.000734140630811, 0.00024075746478, 0.000457255431684, 0.000436220958363, 0.000301762629533, 0.000128063271404, 0.000183081589057, 0.000179518727236, 0.00037208822323, 0.000234416074818, 0.000517049978953, 0.000483098730911, 0.000280850683339, 0.00031102533103, 0.000413871166529, 0.000336461322149, 0.000488887832034, 0.000489685160574, 0.000780645408668, 0.000580148131121, 0.000513885403052, 0.000743337674066, 0.000492027553264, 0.000425146252383, 0.000451275904197, 0.000218578672502, 0.00012825068552, 0.000167496677022, 0.000327871734044, 0.000123399935546, 0.000119888900372, 0.000107090665551, 9.1264177172e-05, 6.84585393174e-05, 9.27017899812e-05, 5.80861233175e-05, 1.69396153069e-05, 1.44022296809e-05, 9.07739376999e-06, 3.39404978149e-05, 1.53589298861e-05, 1.34716083267e-05, 1.25343758555e-05, 6.59318857288e-06, 2.03812328436e-06, 1.22923393064e-06, 3.94751822341e-07, 5.66014257686e-08, 6.95540791629e-10, 6.68288646644e-10, 6.47761289052e-10, 6.27072671566e-10, 6.12729977867e-10, 5.91533211303e-10, 5.824283833e-10, 5.73062208797e-10, 5.66303337557e-10, 5.58787349725e-10, 5.55282875236e-10],
        "mean": [0.000148232895299, 0.000549272168428, 0.000932804658078, 0.00132450507954, 0.00118179933634, 0.00079021131387, 0.000549149699509, 0.000629595771898, 0.000562464876566, 0.000559750711545, 0.00091087911278, 0.00101813080255, 0.000434993824456, 0.000282390246866, 0.000272336532362, 0.000196286360733, 0.000173489883309, 0.000212560509681, 0.000174851826159, 0.000352591858245, 0.000478734931676, 0.000130082888063, 7.85459415056e-05, 0.000113037131086, 0.000196657056222, 0.000133738023578, 0.000122770870803, 0.000230361896683, 0.000101808807813, 6.75731571391e-05, 4.58771974081e-05, 4.08197302022e-05, 9.52490299824e-05, 0.000133543915581, 5.28107084392e-05, 8.96121418918e-05, 0.000161334406585, 6.96855640854e-05, 7.65170334489e-05, 6.9873247412e-05, 5.45359835087e-05, 5.82452594244e-05, 9.39388482948e-05, 0.000170487634023, 6.71111702104e-05, 5.63835528737e-05, 5.95914389123e-05, 4.29742467531e-05, 6.76189447404e-05, 0.000125653721625, 7.38825619919e-05, 6.63511382299e-05, 3.96519390051e-05, 5.06214091729e-05, 9.549731476e-05, 4.73141153634e-05, 3.68245746358e-05, 5.5136224546e-05, 3.31770861521e-05, 1.82925596164e-05, 2.18258901441e-05, 2.48471733357e-05, 2.62388330157e-05, 1.98395991902e-05, 1.4756767996e-05, 1.70301082107e-05, 2.05631949939e-05, 1.91578128579e-05, 1.430762768e-05, 1.846892701e-05, 1.54484769155e-05, 1.58483289852e-05, 1.32719978865e-05, 7.85184329288e-06, 6.12569874647e-06, 9.41255893849e-06, 6.04085380473e-06, 4.60839100924e-06, 5.03726005263e-06, 5.44912109035e-06, 5.37245023224e-06, 4.23767187385e-06, 4.1389589569e-06, 4.11739483752e-06, 4.51441155747e-06, 4.297898613e-06, 4.36848358731e-06, 3.99171631216e-06, 3.77787046091e-06, 2.90801176561e-06, 2.88181036012e-06, 2.69762335847e-06, 2.40433519139e-06, 2.24266227633e-06, 1.84107909718e-06, 1.70062264715e-06, 1.55887312303e-06, 1.52305722168e-06, 1.28316037262e-06, 9.36188655487e-07, 7.44193357605e-07, 6.68847008001e-07, 6.25783343366e-07, 5.03711191868e-07, 4.02401241217e-07, 3.53200732661e-07, 2.7352524512e-07, 2.52775265608e-07, 3.41036184182e-07, 2.07015077081e-07, 1.52213587512e-07, 1.18674172711e-07, 9.08124491161e-08, 5.26878345397e-08, 2.39695854276e-08, 2.07998640533e-09, 1.67401176254e-10, 4.83590988434e-12, 4.61457348028e-12, 4.47912757232e-12, 4.34411707995e-12, 4.25322884551e-12, 4.17915528572e-12, 4.08927058881e-12, 3.88555160269e-12, 3.57763081313e-12, 3.40383428908e-12, 3.36410521835e-12],
        "min": [6.22636449066e-08, 1.05403621831e-07, 2.19485926323e-07, 4.27655031388e-08, 5.46203757779e-08, 1.96265776964e-08, 6.19045259498e-09, 1.19265408216e-07, 1.26592496486e-07, 9.4182439625e-08, 8.71342606956e-08, 7.94627510459e-08, 2.90483175291e-08, 7.59683658202e-08, 2.40901982806e-08, 2.96656317289e-08, 2.04363850287e-08, 2.45365487928e-08, 1.87321589351e-08, 1.48419996293e-08, 5.37024291702e-08, 6.97129820537e-08, 1.47292595898e-08, 2.28475127706e-09, 1.0247302562e-08, 3.28716573961e-08, 3.54771785283e-08, 3.33722987023e-08, 1.91946636363e-08, 2.19417106706e-08, 1.54896628857e-08, 1.01843573574e-08, 8.03857602705e-09, 5.34939292862e-09, 1.89956814722e-08, 7.92231169555e-09, 6.76296574298e-09, 6.57358745215e-09, 1.21165903977e-08, 1.6525348201e-08, 1.12093330173e-08, 7.91179033399e-09, 1.47048622168e-08, 8.0535551561e-09, 8.33857782823e-09, 8.47396552928e-09, 7.49981854398e-09, 1.4313624952e-08, 1.75368644051e-08, 9.74046177049e-09, 1.68152922697e-08, 7.89127696521e-09, 1.04147090951e-08, 7.29723126369e-09, 1.01181738543e-08, 5.42335465425e-09, 1.12660387686e-08, 9.39424182889e-09, 6.21291418312e-09, 6.91041801559e-09, 8.79455175351e-09, 9.89049198097e-09, 1.01121653273e-08, 6.05530781073e-09, 7.05266778311e-09, 6.51231779614e-09, 9.80837633335e-09, 1.0981198173e-08, 8.46082937045e-09, 7.41661088099e-09, 8.78418404682e-09, 3.98559985015e-09, 7.70742669687e-09, 7.45994022111e-09, 6.91695234423e-09, 7.81351250367e-09, 6.7192602593e-09, 5.85430948163e-09, 5.94066040804e-09, 5.87373039096e-09, 6.46224496137e-09, 4.08884526237e-09, 8.52074144575e-09, 2.77328560117e-09, 6.25605434124e-09, 7.07750569262e-09, 3.2581806142e-09, 5.0483639491e-09, 8.90634321848e-09, 7.22220150351e-09, 4.04238820195e-09, 3.48864270805e-09, 7.40216821171e-09, 7.13347558801e-09, 5.8580806872e-09, 3.61430330109e-09, 3.64108720952e-09, 4.46466597026e-09, 3.00197378067e-09, 1.2509174252e-10, 6.88043899633e-10, 7.55345265502e-12, 1.59066051997e-10, 4.3325995569e-10, 3.35203892421e-10, 1.01274703901e-10, 4.40824349246e-10, 4.73802053147e-10, 3.0122226935e-10, 9.6461461041e-10, 2.9222256559e-11, 3.3915257755e-12, 4.03404550433e-13, 2.55221028773e-13, 2.59090329486e-13, 3.14954388524e-13, 3.0264061656e-13, 2.53462561269e-13, 2.55547482047e-13, 2.70878561552e-13, 3.09971422445e-13, 3.13169520698e-13, 2.26819228005e-13, 2.73570527126e-13, 1.94566734143e-13, 8.15208428648e-14, 1.15287342051e-14, 2.37524052627e-16],
        "stdev": [0.000268580246484, 0.00125417381059, 0.00245125964284, 0.00289918994531, 0.00251350528561, 0.00159830006305, 0.00115899066441, 0.0014250887325, 0.000974568654783, 0.000861901149619, 0.00195544702001, 0.00229254923761, 0.000856372294948, 0.000546935014427, 0.000548659241758, 0.000382285856176, 0.000336389988661, 0.000482989213197, 0.000367794127669, 0.000634597614408, 0.000966795894783, 0.000261310808128, 0.000236065068748, 0.000295520876534, 0.000534716469701, 0.00048602631432, 0.00038470356958, 0.00053501361981, 0.000290134630632, 0.000261664943537, 0.000132758359541, 0.000134567235364, 0.000282788736513, 0.000384172890335, 0.00013911066344, 0.000251320656389, 0.000453124375781, 0.000206964657991, 0.000183414769708, 0.000190843158634, 0.000139868192491, 0.000232901191339, 0.00021300726803, 0.000357334763976, 0.00015558632731, 0.000137851136969, 0.000106431616587, 0.000128548999783, 0.000216787826503, 0.000484787626192, 0.000161607924383, 0.00013901492639, 9.12517061806e-05, 9.83747886494e-05, 0.000261694367509, 0.000124783109641, 0.00014361187641, 0.000131594977574, 0.000103688107629, 6.47316337563e-05, 4.17449628003e-05, 6.66421037749e-05, 4.20745163865e-05, 3.10668365273e-05, 2.78869083559e-05, 3.92155852751e-05, 4.22265911766e-05, 4.7424215154e-05, 3.99118180212e-05, 3.63146573363e-05, 2.64842765318e-05, 2.79380183201e-05, 3.27414563799e-05, 2.01878210646e-05, 1.09003240141e-05, 1.7359991034e-05, 1.32164341267e-05, 1.44647265188e-05, 1.51569720401e-05, 1.99868791242e-05, 2.34312265093e-05, 1.5922178136e-05, 1.5857791368e-05, 1.87239893421e-05, 1.81145369424e-05, 1.95888660528e-05, 1.92408333533e-05, 2.20180481847e-05, 1.90470564121e-05, 1.8698779968e-05, 2.27335949603e-05, 2.01621569431e-05, 1.44218010973e-05, 1.50815176312e-05, 9.69375196291e-06, 7.00404871168e-06, 7.14692487236e-06, 9.36052128964e-06, 6.27560393696e-06, 5.15373403687e-06, 4.00321187044e-06, 3.39817802342e-06, 3.19532841786e-06, 2.69683914667e-06, 1.78264008355e-06, 1.04675814327e-06, 7.92325010934e-07, 6.78650224017e-07, 1.3871496094e-06, 6.97469772604e-07, 5.8944669945e-07, 4.82602558805e-07, 3.28704913954e-07, 1.80424336804e-07, 9.24051661855e-08, 1.31372130951e-08, 1.7800824148e-09, 2.22142044343e-11, 2.13443880626e-11, 2.06495046756e-11, 1.99946136037e-11, 1.9518222108e-11, 1.88690504194e-11, 1.85592183982e-11, 1.82737592419e-11, 1.80598851846e-11, 1.78337431628e-11, 1.77220287056e-11]
    },
    "mfcc": {
        "mean": [-627.813476562, 101.066734314, -16.3823261261, 21.7806987762, 6.31215143204, 4.92090749741, -4.36664485931, 0.215361937881, -1.49106192589, 4.41096353531, -4.61480140686, 1.4768768549, -0.812355160713],
        "cov": [[6139.12646484, 219.564254761, -626.976318359, 259.990325928, -215.319915771, -109.324661255, -45.4284133911, -34.9289703369, -99.8000183105, -18.752363205, 5.82931280136, -7.53558826447, 91.094039917], [219.564254761, 972.366821289, 169.284744263, 213.123748779, 29.3279399872, -79.1816635132, 61.5941238403, -110.825645447, -37.2433586121, 21.0825214386, -61.7784843445, -35.3062858582, -13.7901296616], [-626.976318359, 169.284744263, 815.22076416, 263.023132324, 98.8060379028, -35.2812042236, 8.31720924377, -2.31990146637, 11.2156333923, -2.64284801483, 2.19383859634, 1.08953523636, -40.0211830139], [259.990325928, 213.123748779, 263.023132324, 366.09173584, 78.8907623291, -39.8128242493, -22.3739376068, 8.57447338104, 20.4299945831, -28.8710403442, 5.16141366959, 16.5215950012, 8.98727989197], [-215.319915771, 29.3279399872, 98.8060379028, 78.8907623291, 135.86781311, -0.657738506794, -25.3904705048, 10.7077560425, 12.3159780502, -13.4700145721, -15.4964408875, 0.83302372694, 0.254225641489], [-109.324661255, -79.1816635132, -35.2812042236, -39.8128242493, -0.657738506794, 139.177398682, 55.7612838745, 31.3141593933, 20.5144023895, 3.89378976822, 45.4274902344, 2.26179480553, 10.4038724899], [-45.4284133911, 61.5941238403, 8.31720924377, -22.3739376068, -25.3904705048, 55.7612838745, 196.941741943, 23.8796157837, -12.0235500336, 27.8278255463, 16.9261379242, 10.4153842926, 19.136920929], [-34.9289703369, -110.825645447, -2.31990146637, 8.57447338104, 10.7077560425, 31.3141593933, 23.8796157837, 91.5335235596, 22.2897663116, 1.07059884071, 25.2747821808, 12.5948991776, 4.25585985184], [-99.8000183105, -37.2433586121, 11.2156333923, 20.4299945831, 12.3159780502, 20.5144023895, -12.0235500336, 22.2897663116, 101.927864075, 11.0643939972, 32.744808197, 7.83780241013, 4.59226799011], [-18.752363205, 21.0825214386, -2.64284801483, -28.8710403442, -13.4700145721, 3.89378976822, 27.8278255463, 1.07059884071, 11.0643939972, 96.2155761719, 14.5931224823, -2.76453661919, -8.98294258118], [5.82931280136, -61.7784843445, 2.19383859634, 5.16141366959, -15.4964408875, 45.4274902344, 16.9261379242, 25.2747821808, 32.744808197, 14.5931224823, 119.828346252, 22.5920410156, 20.0935611725], [-7.53558826447, -35.3062858582, 1.08953523636, 16.5215950012, 0.83302372694, 2.26179480553, 10.4153842926, 12.5948991776, 7.83780241013, -2.76453661919, 22.5920410156, 82.3164138794, 24.3012771606], [91.094039917, -13.7901296616, -40.0211830139, 8.98727989197, 0.254225641489, 10.4038724899, 19.136920929, 4.25585985184, 4.59226799011, -8.98294258118, 20.0935611725, 24.3012771606, 82.8938293457]],
        "icov": [[0.00023206298647, 1.75765217136e-06, 0.000266640097834, -0.000454724679003, 0.00041442309157, 9.0127447038e-05, 5.75240956096e-05, -1.38866826092e-05, 0.000249327626079, -7.98262990429e-05, -3.82623074984e-05, 0.000126937229652, -0.000152243635966], [1.75765217136e-06, 0.00166741886642, 8.4281040472e-05, -0.00114168098662, -0.000137135677505, 0.000479986541905, -0.00106632744428, 0.00207109935582, 6.81133096805e-05, -0.000477216177387, 0.000315466226311, 0.000575789134018, 0.000219191875658], [0.000266640097834, 8.4281040472e-05, 0.00207186304033, -0.00171273376327, -0.000325386150507, 0.000400579039706, -0.000465051416541, 0.000407486630138, 0.000319953571307, -0.000239002620219, -0.000394841248635, 0.000154843146447, 0.000950847228523], [-0.000454724679003, -0.00114168098662, -0.00171273376327, 0.00583238247782, -0.00218524038792, 0.000776841305196, 0.000573615310714, -0.00169687066227, -0.00114365376066, 0.00152960582636, -0.000676054798532, -0.000965681974776, -0.0006094823475], [0.00041442309157, -0.000137135677505, -0.000325386150507, -0.00218524038792, 0.0102528417483, -0.00132611289155, 0.00166992656887, -0.00148500606883, -0.000277765560895, 7.63544230722e-05, 0.00214152177796, 0.000139274605317, -0.00110896734986], [9.0127447038e-05, 0.000479986541905, 0.000400579039706, 0.000776841305196, -0.00132611289155, 0.0105576189235, -0.00311991851777, -0.00107136089355, -0.00117815786507, 0.00116508500651, -0.0034109482076, 0.00137530954089, 0.000159406263265], [5.75240956096e-05, -0.00106632744428, -0.000465051416541, 0.000573615310714, 0.00166992656887, -0.00311991851777, 0.00748708285391, -0.00276444712654, 0.00167536118533, -0.00185827177484, 0.000604165717959, -0.000836703635287, -0.00192276423331], [-1.38866826092e-05, 0.00207109935582, 0.000407486630138, -0.00169687066227, -0.00148500606883, -0.00107136089355, -0.00276444712654, 0.0156788062304, -0.00196818332188, 3.67941152035e-06, -0.00112133601215, -0.000667982385494, 0.00128984311596], [0.000249327626079, 6.81133096805e-05, 0.000319953571307, -0.00114365376066, -0.000277765560895, -0.00117815786507, 0.00167536118533, -0.00196818332188, 0.0121533563361, -0.00183268787805, -0.00236518215388, -4.81599272462e-05, -0.00040564846131], [-7.98262990429e-05, -0.000477216177387, -0.000239002620219, 0.00152960582636, 7.63544230722e-05, 0.00116508500651, -0.00185827177484, 3.67941152035e-06, -0.00183268787805, 0.012091207318, -0.00178850395605, 0.000229687386309, 0.00178747111931], [-3.82623074984e-05, 0.000315466226311, -0.000394841248635, -0.000676054798532, 0.00214152177796, -0.0034109482076, 0.000604165717959, -0.00112133601215, -0.00236518215388, -0.00178850395605, 0.0118570355698, -0.00205337954685, -0.00201814901084], [0.000126937229652, 0.000575789134018, 0.000154843146447, -0.000965681974776, 0.000139274605317, 0.00137530954089, -0.000836703635287, -0.000667982385494, -4.81599272462e-05, 0.000229687386309, -0.00205337954685, 0.0143763311207, -0.00349911954254], [-0.000152243635966, 0.000219191875658, 0.000950847228523, -0.0006094823475, -0.00110896734986, 0.000159406263265, -0.00192276423331, 0.00128984311596, -0.00040564846131, 0.00178747111931, -0.00201814901084, -0.00349911954254, 0.014884788543]]
    },
    "spectral_contrast_coeffs": {
        "max": [-0.402974009514, -0.526824712753, -0.562919914722, -0.558239281178, -0.590782165527, -0.576446056366],
        "mean": [-0.713936567307, -0.761428177357, -0.76494961977, -0.77239048481, -0.774018466473, -0.748612523079],
        "min": [-0.951694726944, -0.932887434959, -0.950790464878, -0.91695702076, -0.902878165245, -0.8711348176],
        "stdev": [0.0906423181295, 0.0776361525059, 0.0712712034583, 0.0614958368242, 0.0533075034618, 0.0453086569905]
    },
    "spectral_contrast_valleys": {
        "max": [-5.17963171005, -5.34718465805, -5.61656665802, -5.38486003876, -5.55783748627, -7.14093017578],
        "mean": [-6.98251056671, -6.82362985611, -7.37505245209, -7.29204273224, -7.26842498779, -10.1294803619],
        "min": [-10.5541400909, -10.2232666016, -10.1286535263, -10.0564479828, -9.82647895813, -11.9877281189],
        "stdev": [0.996990025043, 0.793596506119, 0.781885564327, 0.817338347435, 0.789801180363, 0.750103473663]
    }
},
"rhythm": {
    "beats_count": 117,
    "beats_loudness": {
        "max": 0.0793623775244,
        "mean": 0.0279374327511,
        "min": 9.67584201135e-05,
        "stdev": 0.0174943227321
    },
    "bpm": 142.291397095,
    "bpm_histogram_first_peak_bpm": 144,
    "bpm_histogram_first_peak_weight": 0.366336643696,
    "bpm_histogram_second_peak_bpm": 172,
    "bpm_histogram_second_peak_spread": 0,
    "bpm_histogram_second_peak_weight": 0.0948275849223,
    "danceability": 0.860614299774,
    "onset_rate": 2.37890625,
    "beats_loudness_band_ratio": {
        "max": [0.920827269554, 0.713156402111, 0.648398399353, 0.508621156216, 0.679859578609, 0.75897192955],
        "mean": [0.320866674185, 0.157687023282, 0.129685938358, 0.142089113593, 0.200248777866, 0.0898694470525],
        "min": [0.00284271570854, 0.00585824716836, 0.0110865458846, 0.00535153597593, 0.0116285942495, 0.00534407421947],
        "stdev": [0.247068166733, 0.154415592551, 0.119813852012, 0.128937259316, 0.181996658444, 0.0869589149952]
    },
