{
"metadata": {
    "version": {
        "essentia": "2.1-beta5",
        "essentia_git_sha": "Undefined",
        "extractor": "music 2.0"
    },
    "audio_properties": {
        "analysis": {
            "equal_loudness": 0,
            "length": 12.7477550507,
            "sample_rate": 44100,
            "start_time": 0,
            "downmix": "mix"
        },
        "bit_rate": 192000,
        "length": 220.93788147,
        "lossless": 0,
        "number_channels": 2,
        "replay_gain": 16.8607196808,
        "sample_rate": 48000,
        "codec": "mp3",
        "md5_encoded": "fdea83da5dec9f0a78d2b18764099c5e"
    },
    "tags": {
        "file_name": "Netherlands_Vrede_Ruth Jacott.mp3",
        "encoding": ["Lavf58.29.100"]
    }
},
"lowlevel": {
    "average_loudness": 7.64909709687e-05,
    "barkbands_crest": {
        "max": 9.77271842957,
        "mean": 6.44442844391,
        "min": 2.86758780479,
        "stdev": 0.817246794701
    },
    "barkbands_flatness_db": {
        "max": 0.127393677831,
        "mean": 0.0757296904922,
        "min": 0.0424112118781,
        "stdev": 0.00997013226151
    },
    "barkbands_kurtosis": {
        "max": 14.1419258118,
        "mean": 3.05498170853,
        "min": -1.52921426296,
        "stdev": 1.12145125866
    },
    "barkbands_skewness": {
        "max": 3.43919277191,
        "mean": -1.69165706635,
        "min": -2.25695085526,
        "stdev": 0.533786654472
    },
    "barkbands_spread": {
        "max": 52.6241760254,
        "mean": 26.1550159454,
        "min": 8.73647117615,
        "stdev": 4.67413663864
    },
    "dissonance": {
        "max": 0.499978780746,
        "mean": 0.492991447449,
        "min": 0.437543839216,
        "stdev": 0.00597672257572
    },
    "dynamic_complexity": 18.3648319244,
    "erbbands_crest": {
        "max": 11.0353002548,
        "mean": 3.78320169449,
        "min": 2.56710481644,
        "stdev": 1.17123675346
    },
    "erbbands_flatness_db": {
        "max": 0.240545615554,
        "mean": 0.106899470091,
        "min": 0.0815330669284,
        "stdev": 0.0269148126245
    },
    "erbbands_kurtosis": {
        "max": 4.43135070801,
        "mean": 0.227816700935,
        "min": -0.66458940506,
        "stdev": 0.567182064056
    },
    "erbbands_skewness": {
        "max": 1.14900517464,
        "mean": -0.570301115513,
        "min": -1.30304312706,
        "stdev": 0.269427418709
    },
    "erbbands_spread": {
        "max": 57.6664772034,
        "mean": 34.7103919983,
        "min": 8.20055007935,
        "stdev": 6.19545030594
    },
    "hfc": {
        "max": 466.631072998,
        "mean": 10.0654230118,
        "min": 1.05901187586e-16,
        "stdev": 49.920337677
    },
    "loudness_ebu128": {
        "integrated": -34.0421447754,
        "loudness_range": 20.8607978821,
        "momentary": {
            "max": -30.5399169922,
            "mean": -274.519470215,
            "min": -300.691009521,
            "stdev": 77.1473236084
        },
        "short_term": {
            "max": -38.2065887451,
            "mean": -268.762908936,
            "min": -300.691009521,
            "stdev": 82.5149154663
        }
    },
    "melbands_crest": {
        "max": 19.1669254303,
        "mean": 2.84337973595,
        "min": 1.61692285538,
        "stdev": 2.02049899101
    },
    "melbands_flatness_db": {
        "max": 0.229048490524,
        "mean": 0.0142860403284,
        "min": 0.00328527647071,
        "stdev": 0.0264815259725
    },
    "melbands_kurtosis": {
        "max": 35.5820960999,
        "mean": -0.900912880898,
        "min": -1.52486348152,
        "stdev": 1.89411866665
    },
    "melbands_skewness": {
        "max": 4.89471197128,
        "mean": 0.036957219243,
        "min": -1.01590788364,
        "stdev": 0.38445314765
    },
    "melbands_spread": {
        "max": 171.541183472,
        "mean": 123.616546631,
        "min": 7.19790363312,
        "stdev": 27.1743927002
    },
    "pitch_salience": {
        "max": 0.868440926075,
        "mean": 0.788811504841,
        "min": 0.574293971062,
        "stdev": 0.0230827685446
    },
    "silence_rate_20dB": {
        "max": 1,
        "mean": 1,
        "min": 1,
        "stdev": 0
    },
    "silence_rate_30dB": {
        "max": 1,
        "mean": 0.978181838989,
        "min": 0,
        "stdev": 0.14608950913
    },
    "silence_rate_60dB": {
        "max": 1,
        "mean": 0.936363637447,
        "min": 0,
        "stdev": 0.244104027748
    },
    "spectral_centroid": {
        "max": 11985.6416016,
        "mean": 10204.2460938,
        "min": 558.929504395,
        "stdev": 2556.38818359
    },
    "spectral_complexity": {
        "max": 63,
        "mean": 3.21818184853,
        "min": 0,
        "stdev": 12.4224033356
    },
    "spectral_decrease": {
        "max": 2.40288625437e-28,
        "mean": -1.09517506175e-09,
        "min": -4.88174727309e-08,
        "stdev": 5.51270940008e-09
    },
    "spectral_energy": {
        "max": 0.22657340765,
        "mean": 0.00504640676081,
        "min": 9.74898429408e-21,
        "stdev": 0.0253162942827
    },
    "spectral_energyband_high": {
        "max": 0.0125300297514,
        "mean": 0.000307296257233,
        "min": 6.858063178e-21,
        "stdev": 0.00146334001329
    },
    "spectral_energyband_low": {
        "max": 0.00500320689753,
        "mean": 0.000100064578874,
        "min": 1.16623018972e-23,
        "stdev": 0.000430836807936
    },
    "spectral_energyband_middle_high": {
        "max": 0.200462907553,
        "mean": 0.00416807597503,
        "min": 1.06539196823e-21,
        "stdev": 0.0213898029178
    },
    "spectral_energyband_middle_low": {
        "max": 0.050783097744,
        "mean": 0.000493933446705,
        "min": 1.3703256084e-22,
        "stdev": 0.00303943455219
    },
    "spectral_entropy": {
        "max": 9.83847522736,
        "mean": 9.63521289825,
        "min": 7.67752313614,
        "stdev": 0.515355527401
    },
    "spectral_flux": {
        "max": 0.308433413506,
        "mean": 0.0116422176361,
        "min": 6.346836251e-11,
        "stdev": 0.047649178654
    },
    "spectral_kurtosis": {
        "max": 9.37169742584,
        "mean": -0.689226925373,
        "min": -1.27459347248,
        "stdev": 1.6380879879
    },
    "spectral_rms": {
        "max": 0.0148676568642,
        "mean": 0.000525222916622,
        "min": 3.0840241385e-12,
        "stdev": 0.00215579778887
    },
    "spectral_rolloff": {
        "max": 19789.0136719,
        "mean": 17292.5429688,
        "min": 279.931640625,
        "stdev": 4579.96435547
    },
    "spectral_skewness": {
        "max": 2.22269010544,
        "mean": 0.143781632185,
        "min": -0.111656963825,
        "stdev": 0.450606971979
    },
    "spectral_spread": {
        "max": 42631704,
        "mean": 37064044,
        "min": 2239092,
        "stdev": 10707336
    },
    "spectral_strongpeak": {
        "max": 9.99981498718,
        "mean": 0.184771358967,
        "min": 0,
        "stdev": 0.90737247467
    },
    "zerocrossingrate": {
        "max": 0.7099609375,
        "mean": 0.465311616659,
        "min": 0.0439453125,
        "stdev": 0.114400453866
    },
    "barkbands": {
        "max": [0.00205791229382, 0.00222235079855, 0.0012987817172, 0.000436560483649, 0.00183584156912, 0.00153968553059, 0.00282422476448, 0.00450165988877, 0.0342498421669, 0.0152289969847, 0.0165192447603, 0.0236383154988, 0.0332099013031, 0.0412819162011, 0.0371102355421, 0.0379167124629, 0.0409044846892, 0.0300852060318, 0.00775063643232, 0.00380948162638, 0.00356065738015, 0.00414313282818, 0.00273533980362, 0.00266999425367, 0.000630158814602, 0.000165931822266, 2.90206799036e-06],
        "mean": [4.26909937232e-05, 4.28300299973e-05, 2.24490740948e-05, 9.39783240028e-06, 3.18654419971e-05, 3.37327583111e-05, 4.18814597651e-05, 5.0565602578e-05, 0.000242661568336, 0.000177476627869, 0.000203681527637, 0.000370983820176, 0.000491004553623, 0.000621653278358, 0.000623186584562, 0.0007149510202, 0.000567403738387, 0.000272155739367, 0.000134617526783, 8.610200166e-05, 8.51112999953e-05, 6.93369293003e-05, 5.63126377529e-05, 3.85806597478e-05, 1.24805801534e-05, 3.28700957652e-06, 7.90669840711e-09],
        "min": [2.70418837415e-26, 1.83002279933e-24, 3.67429001072e-25, 8.92570377671e-25, 1.94710750703e-24, 4.78357127659e-24, 7.3549714711e-24, 5.99109762472e-24, 4.66026127305e-24, 1.25646775201e-23, 1.29112769694e-23, 1.18223649303e-23, 2.03717885633e-23, 2.0580849325e-23, 3.48755185317e-23, 3.84742862041e-23, 6.25458276797e-23, 7.1731948838e-23, 9.13659205298e-23, 1.52686451586e-22, 2.17531815116e-22, 2.52458890441e-22, 2.84839598494e-22, 5.43740289222e-22, 7.78894146244e-22, 1.21585664672e-21, 1.83030472244e-21],
        "stdev": [0.000206787517527, 0.000199494650587, 0.00010782245954, 4.3038304284e-05, 0.000165554185514, 0.000174951681402, 0.000231342171901, 0.000292634882499, 0.00184838171117, 0.00108749663923, 0.00123674655333, 0.002204594668, 0.00280013936572, 0.00352065637708, 0.00327638699673, 0.00387803348713, 0.0033236683812, 0.00164578855038, 0.000675246643368, 0.000425812846515, 0.000400807504775, 0.000346218061168, 0.000282929831883, 0.000214415704249, 6.30127979093e-05, 1.73400076164e-05, 1.26846245507e-07]
    },
    "erbbands": {
        "max": [0.113462157547, 0.400435388088, 1.31928896904, 1.38831269741, 2.47890543938, 7.69126367569, 10.5539779663, 13.773434639, 34.2510070801, 55.8622970581, 143.940979004, 558.556213379, 1087.72314453, 391.242034912, 628.520751953, 1292.96057129, 1534.71777344, 2157.61254883, 2001.84887695, 1865.01159668, 2319.52075195, 2158.92993164, 1776.6595459, 635.463562012, 397.960601807, 214.736663818, 156.292831421, 138.967498779, 141.328964233, 136.67098999, 85.2923278809, 50.8639068604, 41.3222541809, 8.64554786682, 3.419485569, 1.54346108437, 0.231020852923, 0.00706629827619, 0.000672046851832, 0.000339544669259],
        "mean": [0.00181941769551, 0.00787785090506, 0.0272628702223, 0.0279906522483, 0.0527693368495, 0.120846696198, 0.209789440036, 0.282328754663, 0.481774449348, 0.802553057671, 1.57599806786, 4.54890489578, 7.64291524887, 5.9987616539, 9.82982349396, 16.2989215851, 22.4229888916, 29.9041118622, 32.6628837585, 35.9822921753, 39.9595947266, 31.0644950867, 17.0000362396, 9.38736057281, 5.4589343071, 4.23834323883, 3.45299959183, 3.15110492706, 2.37555336952, 2.39914059639, 1.44566094875, 0.881796061993, 0.591732561588, 0.184749171138, 0.0710617750883, 0.0259657688439, 0.0037471211981, 0.000107024432509, 9.34766831051e-06, 7.78594858275e-06],
        "min": [5.48927977374e-23, 5.10017533131e-22, 1.13938898916e-21, 6.44707275532e-21, 3.12273181844e-21, 5.94327654532e-21, 2.3106545626e-20, 3.49679327159e-20, 9.53705125073e-20, 9.37859317217e-20, 1.56780220238e-19, 1.80867913546e-19, 3.47246931482e-19, 3.75949297406e-19, 6.73597678028e-19, 9.2565036402e-19, 9.6950355099e-19, 1.2036871712e-18, 1.87394624488e-18, 2.68726661908e-18, 3.0320609342e-18, 4.48382639534e-18, 5.38868257614e-18, 4.23530080748e-18, 6.50203128469e-18, 7.1972654226e-18, 8.22817896566e-18, 8.8845178304e-18, 1.01845835371e-17, 8.52487210777e-18, 9.65882836692e-18, 9.40329407773e-18, 9.54897381849e-18, 6.49021335528e-18, 5.4459160299e-18, 3.45984979569e-18, 1.93823286093e-18, 8.57159705903e-19, 2.33066021652e-19, 2.54212183154e-20],
        "stdev": [0.00929919816554, 0.0366196557879, 0.131239160895, 0.11975555867, 0.235732764006, 0.686089038849, 1.08158028126, 1.48049557209, 2.66202688217, 4.24124479294, 9.42398738861, 31.8945274353, 57.9825248718, 34.7222862244, 56.5876541138, 98.0478286743, 128.332672119, 169.651763916, 177.188644409, 187.590255737, 219.593353271, 182.085998535, 100.859977722, 47.774810791, 28.1327800751, 21.272649765, 16.1529655457, 15.1643257141, 11.7760152817, 12.26795578, 7.42010641098, 4.62207221985, 3.44919991493, 0.944728434086, 0.358348250389, 0.140505507588, 0.0197000969201, 0.000584692636039, 4.96809479955e-05, 3.85627390642e-05]
    },
    "gfcc": {
        "mean": [-1148.69067383, 3.82872867584, -15.7990446091, 3.28982186317, -4.93601179123, 3.0511879921, -4.08624887466, 1.04252231121, -1.73238098621, 0.466789484024, -1.67295002937, 0.23401863873, -0.738354504108],
        "cov": [[134399.890625, 4635.36865234, -18271.6621094, 3773.05273438, -5610.16601562, 3559.66113281, -4624.03466797, 1238.03649902, -1898.2166748, 547.30871582, -1841.29260254, 278.43939209, -785.563537598], [4635.36865234, 260.503295898, -594.514160156, 152.87449646, -179.764099121, 125.612068176, -161.992614746, 32.8833351135, -71.767036438, 11.0864286423, -71.4901123047, 6.16498470306, -31.9515247345], [-18271.6621094, -594.514160156, 2511.89428711, -503.670928955, 765.479431152, -482.303833008, 625.374511719, -174.071350098, 252.522338867, -78.3192672729, 244.763977051, -39.0696525574, 102.61491394], [3773.05273438, 152.87449646, -503.670928955, 128.971862793, -152.348739624, 100.683547974, -134.186264038, 31.9119358063, -58.4653053284, 15.7585897446, -55.6347923279, 5.89039897919, -26.2719402313], [-5610.16601562, -179.764099121, 765.479431152, -152.348739624, 243.643295288, -146.797332764, 193.643890381, -52.3829612732, 80.4549484253, -24.6056671143, 76.7283477783, -12.0506229401, 31.9359779358], [3559.66113281, 125.612068176, -482.303833008, 100.683547974, -146.797332764, 99.2320022583, -120.713653564, 32.3746070862, -49.3406448364, 14.5042085648, -49.0727500916, 6.96961641312, -21.2233161926], [-4624.03466797, -161.992614746, 625.374511719, -134.186264038, 193.643890381, -120.713653564, 165.536956787, -39.8157844543, 69.0887298584, -18.3084812164, 65.742477417, -9.11584472656, 29.1026554108], [1238.03649902, 32.8833351135, -174.071350098, 31.9119358063, -52.3829612732, 32.3746070862, -39.8157844543, 16.4955787659, -14.1174516678, 6.13879680634, -14.7313137054, 3.08675050735, -5.65531587601], [-1898.2166748, -71.767036438, 252.522338867, -58.4653053284, 80.4549484253, -49.3406448364, 69.0887298584, -14.1174516678, 33.7343482971, -5.68774080276, 29.0224227905, -3.67642569542, 13.3908996582], [547.30871582, 11.0864286423, -78.3192672729, 15.7585897446, -24.6056671143, 14.5042085648, -18.3084812164, 6.13879680634, -5.68774080276, 6.80669164658, -5.32208681107, 1.43782913685, -1.97038209438], [-1841.29260254, -71.4901123047, 244.763977051, -55.6347923279, 76.7283477783, -49.0727500916, 65.742477417, -14.7313137054, 29.0224227905, -5.32208681107, 31.9298229218, -1.85976397991, 13.8133039474], [278.43939209, 6.16498470306, -39.0696525574, 5.89039897919, -12.0506229401, 6.96961641312, -9.11584472656, 3.08675050735, -3.67642569542, 1.43782913685, -1.85976397991, 3.12590312958, -0.223458096385], [-785.563537598, -31.9515247345, 102.61491394, -26.2719402313, 31.9359779358, -21.2233161926, 29.1026554108, -5.65531587601, 13.3908996582, -1.97038209438, 13.8133039474, -0.223458096385, 8.38741970062]],
        "icov": [[0.00389687367715, -0.0068365172483, 0.0148140629753, -0.000338706420735, 0.0124853467569, -0.0169335193932, 0.0147103751078, -0.00871563423425, 0.000138436953421, 0.00336727034301, 0.00210814108141, -0.0101346718147, 0.00615689624101], [-0.0068365172483, 0.0307884849608, -0.0282959733158, -0.0243699345738, -0.0148122385144, 0.0132308751345, -0.0193173307925, 0.0366963222623, -0.0194239038974, 0.0338467098773, 0.000446546648163, 0.0208392273635, -0.032738558948], [0.0148140629753, -0.0282959733158, 0.0858217552304, 0.0018030697247, 0.0232932027429, -0.021499466151, 0.00671837199479, 0.017426462844, 0.00819740071893, 0.00912629254162, 0.0121003864333, -0.0382445529103, 0.0488152503967], [-0.000338706420735, -0.0243699345738, 0.0018030697247, 0.127455890179, -0.0782913193107, -0.014303852804, 0.0368589647114, -0.0868315622211, 0.127408877015, -0.147340118885, 0.020405901596, 0.0177286509424, 0.0569177903235], [0.0124853467569, -0.0148122385144, 0.0232932027429, -0.0782913193107, 0.225267961621, -0.0381337441504, 0.00216880720109, 0.0645864903927, -0.154823169112, 0.159196615219, -0.0520858950913, -0.0321249589324, 0.0340421311557], [-0.0169335193932, 0.0132308751345, -0.021499466151, -0.014303852804, -0.0381337441504, 0.280348360538, -0.121712751687, 0.0846851244569, -0.0384144857526, -0.0199915412813, 0.0189372804016, 0.00815342087299, 0.0423087850213], [0.0147103751078, -0.0193173307925, 0.00671837199479, 0.0368589647114, 0.00216880720109, -0.121712751687, 0.328921496868, -0.134359449148, -0.0532951168716, 0.0212735645473, -0.0302810352296, 0.0184068754315, -0.0702358037233], [-0.00871563423425, 0.0366963222623, 0.017426462844, -0.0868315622211, 0.0645864903927, 0.0846851244569, -0.134359449148, 0.456574618816, -0.211171463132, 0.126188248396, -0.0291888471693, -0.0212344452739, -0.00498461676762], [0.000138436953421, -0.0194239038974, 0.00819740071893, 0.127408877015, -0.154823169112, -0.0384144857526, -0.0532951168716, -0.211171463132, 0.475920498371, -0.247185394168, -0.00198148051277, 0.0996888652444, -0.039373356849], [0.00336727034301, 0.0338467098773, 0.00912629254162, -0.147340118885, 0.159196615219, -0.0199915412813, 0.0212735645473, 0.126188248396, -0.247185394168, 0.507259249687, -0.113124452531, 0.0241334885359, -0.0735709294677], [0.00210814108141, 0.000446546648163, 0.0121003864333, 0.020405901596, -0.0520858950913, 0.0189372804016, -0.0302810352296, -0.0291888471693, -0.00198148051277, -0.113124452531, 0.323212146759, -0.144450291991, -0.112905927002], [-0.0101346718147, 0.0208392273635, -0.0382445529103, 0.0177286509424, -0.0321249589324, 0.00815342087299, 0.0184068754315, -0.0212344452739, 0.0996888652444, 0.0241334885359, -0.144450291991, 0.610029160976, -0.180969536304], [0.00615689624101, -0.032738558948, 0.0488152503967, 0.0569177903235, 0.0340421311557, 0.0423087850213, -0.0702358037233, -0.00498461676762, -0.039373356849, -0.0735709294677, -0.112905927002, -0.180969536304, 0.596706032753]]
    },
    "melbands": {
        "max": [0.000885890971404, 0.000569202005863, 0.000228124699788, 0.000354920310201, 0.00030700469506, 0.000308827409754, 0.000507253978867, 0.000561378779821, 0.00123505515512, 0.00464186957106, 0.0053564524278, 0.0015444860328, 0.00240564695559, 0.00244674738497, 0.00360479485244, 0.00303830183111, 0.00413896003738, 0.00366062228568, 0.00258278474212, 0.00255393306725, 0.00269316253252, 0.00258588697761, 0.00216486072168, 0.0011373157613, 0.000456297333585, 0.000344744854374, 0.000149839193909, 0.00014949128672, 0.000115857801575, 0.000110289009172, 7.17041184544e-05, 6.30034192e-05, 0.000112915084173, 6.15656244918e-05, 6.32968076388e-05, 2.9124890716e-05, 3.96010545956e-05, 4.45580189989e-05, 8.60190539242e-06, 7.9780102169e-06],
        "mean": [1.7043801563e-05, 1.26380227812e-05, 5.47439594811e-06, 6.22905781711e-06, 7.06165792508e-06, 6.48110471957e-06, 7.76507204137e-06, 8.95930043043e-06, 1.43025154102e-05, 3.33824391419e-05, 3.76609023078e-05, 2.24163268285e-05, 2.91618798656e-05, 4.16448601754e-05, 4.6447472414e-05, 5.00315545651e-05, 5.53661520826e-05, 5.22824120708e-05, 4.73086329293e-05, 4.82154682686e-05, 4.6437005949e-05, 3.48639805452e-05, 1.98364195967e-05, 1.18435154945e-05, 7.18660066923e-06, 4.51773530585e-06, 3.24233747051e-06, 2.66270353677e-06, 2.14928763853e-06, 1.95579104911e-06, 1.78629932179e-06, 1.25948440655e-06, 1.41392831665e-06, 1.29024908802e-06, 9.04402611468e-07, 5.66770950172e-07, 5.34761852578e-07, 5.08185337367e-07, 1.89557511021e-07, 1.47730034428e-07],
        "min": [6.63518155041e-25, 8.27727095945e-25, 1.19560616682e-24, 2.07187019793e-25, 7.6479803451e-25, 7.29840945394e-25, 1.66180057787e-24, 9.74954080231e-25, 1.25083846031e-24, 9.55626593623e-25, 1.48516387296e-24, 1.43461790628e-24, 1.97528542135e-24, 2.01025030047e-24, 1.68958386452e-24, 2.04480635242e-24, 1.58787809877e-24, 2.52790299584e-24, 2.63775384905e-24, 2.53652445668e-24, 2.61364665421e-24, 3.67681244277e-24, 3.69627679674e-24, 3.35192560098e-24, 2.68652793553e-24, 4.17455251396e-24, 3.03286074988e-24, 3.45785936536e-24, 4.18317436922e-24, 3.42982245992e-24, 4.75993148184e-24, 5.190241695e-24, 4.63635997091e-24, 4.24354392214e-24, 4.54797441737e-24, 4.25291756185e-24, 4.4471777152e-24, 6.00578148161e-24, 5.11277910398e-24, 4.53925750437e-24],
        "stdev": [8.01945570856e-05, 5.83846849622e-05, 2.25816147577e-05, 3.31285882567e-05, 3.54345029336e-05, 3.38260870194e-05, 4.23485580541e-05, 4.64843651571e-05, 8.57711493154e-05, 0.000250865181442, 0.000285524874926, 0.000129556414322, 0.000175628971192, 0.000244669878157, 0.000279804051388, 0.000284263689537, 0.000317629863275, 0.000289752206299, 0.000245660688961, 0.000260852888459, 0.000257765408605, 0.000209899590118, 0.000122986995848, 6.82510071783e-05, 3.62271239283e-05, 2.41296220338e-05, 1.62952856044e-05, 1.37419665407e-05, 1.03219454104e-05, 9.53572634899e-06, 8.7691933004e-06, 6.18316835244e-06, 7.68229801906e-06, 6.55291114526e-06, 4.80799917568e-06, 2.87517491415e-06, 2.99056273434e-06, 3.19582886732e-06, 9.4208792234e-07, 7.81194898991e-07]
    },
    "melbands128": {
        "max": [0.00149150425568, 0.00127870729193, 0.000839104061015, 0.000633003772236, 0.000836285878904, 0.000611423631199, 0.000308946997393, 0.000252810335951, 0.000227455297136, 0.000440908246674, 0.000459218368633, 0.000445867626695, 0.000463917385787, 0.000548911921214, 0.000395316223148, 0.000422749202698, 0.00051457103109, 0.00070461735595, 0.000991233857349, 0.000707973144017, 0.000386553641874, 0.000901016872376, 0.00189705449156, 0.00197291863151, 0.00216005835682, 0.00578447245061, 0.0116680013016, 0.00501086004078, 0.00121094798669, 0.00153103889897, 0.00187540845945, 0.00345399882644, 0.00274120992981, 0.00207316759042, 0.00322125037201, 0.00325859570876, 0.00538284098729, 0.00380856799893, 0.00488610938191, 0.00343623338267, 0.00285571161658, 0.00383409298956, 0.00674724113196, 0.00419691298157, 0.00421643909067, 0.00541462656111, 0.00402364088222, 0.00308315618895, 0.00442321319133, 0.00504802633077, 0.00268106302246, 0.0049809566699, 0.00409843120724, 0.00258956803009, 0.00345774763264, 0.00300079281442, 0.0018879842246, 0.00241408939473, 0.00227126921527, 0.00159162445925, 0.00109473522753, 0.000838633626699, 0.00058190128766, 0.000322037172737, 0.000326757435687, 0.000353257986717, 0.00044888490811, 0.000235607803916, 0.000230519915931, 0.000207672812394, 0.000215943786316, 0.000150030333316, 0.000111073670269, 0.000172451123944, 8.67553826538e-05, 0.000143975790706, 0.00012141771731, 0.000101268255094, 0.000114799942821, 9.0802415798e-05, 5.56335580768e-05, 5.75048361497e-05, 0.000119710864965, 0.000151375206769, 8.15893799881e-05, 9.51667898335e-05, 7.15662026778e-05, 5.35452454642e-05, 0.000104580693005, 3.68077526218e-05, 3.46967026417e-05, 2.62086541625e-05, 3.04883360513e-05, 2.63580641331e-05, 7.33234410291e-05, 8.65530164447e-05, 6.15527460468e-05, 1.67377729667e-05, 8.50561536936e-06, 6.90369688527e-06, 7.58858459449e-06, 1.20980739666e-05, 5.66995095141e-06, 4.73452973893e-06, 4.47767297374e-06, 3.58224997399e-06, 6.44360579827e-06, 4.49036770078e-06, 3.22523442264e-06, 2.16678813558e-06, 1.13721785056e-06, 8.75639386777e-07, 1.04325567918e-06, 2.65582940528e-07, 1.9187154976e-08, 1.74541874287e-08, 1.5823326649e-08, 1.47485286206e-08, 1.37603608508e-08, 1.33332465069e-08, 1.25267414219e-08, 1.1739869521e-08, 1.13255769207e-08, 1.0918161486e-08, 1.10521165553e-08, 1.04122177547e-08, 1.02082280407e-08, 1.01163131205e-08],
        "mean": [2.9753524359e-05, 1.92064908333e-05, 1.08064596134e-05, 1.43102188304e-05, 1.59746414283e-05, 9.3493517852e-06, 5.46324372408e-06, 4.50640482086e-06, 4.8965384849e-06, 6.59676970827e-06, 6.82967402099e-06, 6.76093395668e-06, 7.43088821764e-06, 7.1754570854e-06, 5.95324809183e-06, 6.39172549199e-06, 6.90363549438e-06, 7.79436140874e-06, 9.04279750102e-06, 9.53084781941e-06, 7.47572312321e-06, 1.09231868919e-05, 1.3521236724e-05, 2.00888553081e-05, 2.2680596885e-05, 3.77754586225e-05, 6.1759899836e-05, 3.73922557628e-05, 1.97821063921e-05, 1.7540929548e-05, 2.48849773925e-05, 2.8911361369e-05, 2.67626164714e-05, 3.09032184305e-05, 3.89514971175e-05, 4.99414236401e-05, 3.66198983102e-05, 4.76414643344e-05, 4.98707304359e-05, 5.04869422002e-05, 4.66149795102e-05, 5.28515374754e-05, 6.51249065413e-05, 4.87801225972e-05, 4.95274107379e-05, 6.01052233833e-05, 4.41073352704e-05, 4.63949218101e-05, 4.82142932015e-05, 5.12911028636e-05, 4.52410276921e-05, 4.85558120999e-05, 4.8729354603e-05, 4.65800367238e-05, 4.14347923652e-05, 3.52674651367e-05, 2.7951946322e-05, 2.1484815079e-05, 1.75492859853e-05, 1.48770268424e-05, 1.21042294268e-05, 9.12208906811e-06, 7.84294570622e-06, 6.6679522206e-06, 6.18954254605e-06, 4.32872820966e-06, 3.8293792386e-06, 3.05148773805e-06, 3.30804232362e-06, 3.15340366797e-06, 2.74824628832e-06, 2.44810598815e-06, 1.98840848498e-06, 2.27081727644e-06, 2.06666618396e-06, 1.94666904463e-06, 1.88341834928e-06, 1.92312677427e-06, 1.95663983504e-06, 1.4810545963e-06, 1.1291424471e-06, 1.22309609196e-06, 1.36736105105e-06, 1.44808620917e-06, 1.4106846038e-06, 1.4692033119e-06, 1.19417984479e-06, 1.07674748051e-06, 9.89740101431e-07, 6.66355560952e-07, 6.31375485227e-07, 5.18107412972e-07, 4.96801305871e-07, 4.88692421641e-07, 6.05336822446e-07, 6.05510024343e-07, 5.45051477729e-07, 2.86149429485e-07, 1.85376123341e-07, 1.30359538275e-07, 1.2580181874e-07, 1.78010310492e-07, 1.39955488976e-07, 9.29355721269e-08, 6.36127097664e-08, 6.30766052723e-08, 5.97994684881e-08, 5.35690674042e-08, 4.68942289444e-08, 3.8250153267e-08, 2.15980051621e-08, 1.64400120184e-08, 9.53327727871e-09, 1.45122835971e-09, 5.19186395265e-11, 4.40018715908e-11, 3.86586283818e-11, 3.50162121521e-11, 3.25551426095e-11, 3.24612593749e-11, 3.19168060037e-11, 3.24190951861e-11, 3.34592457907e-11, 3.42570867506e-11, 3.54417536985e-11, 3.43739307851e-11, 3.43442010942e-11, 3.49857018356e-11],
        "min": [1.03554595326e-26, 3.16400473386e-25, 1.75478558492e-25, 3.78309241848e-25, 1.94885596793e-25, 1.80261003078e-25, 9.61066036083e-26, 3.89679463853e-25, 1.83055197708e-25, 1.45941880568e-25, 7.59438612128e-26, 2.19644020955e-25, 4.02827581124e-25, 3.66319197038e-25, 2.9050751933e-25, 1.42644861066e-25, 3.74888987482e-25, 2.67640389188e-25, 2.76040944316e-25, 2.123557104e-25, 5.5155340113e-25, 1.45738563995e-25, 3.5993945703e-25, 3.01909887418e-25, 1.79584419267e-25, 9.41034762288e-26, 4.19618584099e-25, 8.81371412437e-25, 5.85952962801e-25, 3.81655121421e-25, 6.57631576359e-25, 6.67163136157e-25, 4.15285716273e-25, 1.43485343057e-25, 6.02100304581e-25, 4.07254200138e-25, 1.09193100982e-24, 7.53663410744e-25, 8.43464476574e-25, 6.82097850815e-25, 3.77807033274e-25, 1.0669679009e-24, 6.34073280804e-25, 4.45228411045e-25, 5.44727338413e-25, 1.00779347225e-24, 9.65829917786e-25, 1.0334668518e-24, 1.29709499582e-24, 9.46590290561e-25, 7.94466994548e-25, 9.22220010616e-25, 1.19035225458e-24, 6.72656862109e-25, 1.34619567071e-24, 1.66427602339e-24, 1.2865426007e-24, 1.92955476025e-24, 1.64138347714e-24, 1.29229398835e-24, 1.68960674149e-24, 1.79597181557e-24, 1.58697879734e-24, 1.857855587e-24, 1.84804708772e-24, 2.11445290959e-24, 1.13659611705e-24, 1.98051892181e-24, 1.60469109125e-24, 1.65139786912e-24, 2.16705435197e-24, 2.0289044943e-24, 2.12135051213e-24, 1.92714400132e-24, 2.08373091885e-24, 2.53870230442e-24, 1.58202090516e-24, 2.39081593103e-24, 2.42393487562e-24, 1.6912803099e-24, 2.81622021822e-24, 2.26855807072e-24, 2.80589876213e-24, 2.73818846406e-24, 2.67889117032e-24, 2.319132535e-24, 3.01497115949e-24, 3.05350050661e-24, 2.54146371202e-24, 2.74946030032e-24, 2.39624842165e-24, 2.97515636353e-24, 2.96873030259e-24, 3.29805113432e-24, 3.77830610354e-24, 3.92141730466e-24, 3.1652499508e-24, 3.89826936469e-24, 4.16845146371e-24, 3.44080774246e-24, 3.40275861442e-24, 3.56747198257e-24, 3.16773762366e-24, 3.59853338071e-24, 4.0720747492e-24, 2.35431119542e-24, 3.66193610382e-24, 4.00191779903e-24, 3.97891264288e-24, 3.90262190473e-24, 4.43377417956e-24, 4.7727484994e-24, 3.33032382838e-24, 4.18632231866e-24, 4.21737543377e-24, 4.02685724211e-24, 4.41377340017e-24, 4.72976346867e-24, 4.67143036017e-24, 4.43494287699e-24, 4.28679637672e-24, 4.65595448694e-24, 4.60182995137e-24, 4.82875722924e-24, 4.45578615983e-24, 5.15177486511e-24, 5.21197086864e-24, 3.27374416046e-24],
        "stdev": [0.000140126794577, 9.96727540041e-05, 5.74323021283e-05, 6.82098761899e-05, 7.92118808022e-05, 4.428901957e-05, 2.50128032349e-05, 2.22689195652e-05, 2.18983295781e-05, 3.96074865421e-05, 4.17201590608e-05, 3.64688457921e-05, 4.18660529249e-05, 4.04501115554e-05, 3.41810191458e-05, 3.72487411369e-05, 4.28004532296e-05, 4.85088785354e-05, 5.69143048779e-05, 5.44081740372e-05, 3.91626454075e-05, 6.60963560222e-05, 9.95717273327e-05, 0.000126554892631, 0.000148096965859, 0.000308195594698, 0.000587277114391, 0.000279047788354, 0.000108589985757, 0.000105857565359, 0.000153914676048, 0.000205484961043, 0.000175875335117, 0.000186141041922, 0.000244108887273, 0.000307930778945, 0.000287104136078, 0.000295208621537, 0.000323496729834, 0.000295042584185, 0.000272744277027, 0.000320530321915, 0.000420725642471, 0.000286617258098, 0.000296289246762, 0.000371102098143, 0.000273089419352, 0.000261377193965, 0.000285697373329, 0.000313185999403, 0.000246263138251, 0.000317629193887, 0.000305672088871, 0.000261200038949, 0.000254592043348, 0.00023487037106, 0.000162740470842, 0.0001475502213, 0.000118189447676, 9.27256405703e-05, 7.11620377842e-05, 5.34745013283e-05, 4.35509718955e-05, 3.42498933605e-05, 3.23300155287e-05, 2.55471786659e-05, 2.44700931944e-05, 1.6867672457e-05, 1.80101851583e-05, 1.79697544809e-05, 1.58729253599e-05, 1.30304815684e-05, 1.04776909211e-05, 1.19074511531e-05, 9.75741750153e-06, 1.00897595985e-05, 1.01893538158e-05, 9.60093348112e-06, 1.04142927739e-05, 8.06692696642e-06, 5.77815535507e-06, 6.07174706602e-06, 8.0520476331e-06, 8.88760769158e-06, 7.43002965464e-06, 8.22581841931e-06, 6.34117213849e-06, 5.67304914512e-06, 6.13930524196e-06, 3.54865278496e-06, 3.31056367031e-06, 2.6538793918e-06, 2.64586537924e-06, 2.6591922051e-06, 4.2597052925e-06, 4.5080455493e-06, 3.78615141017e-06, 1.50210144056e-06, 9.20423815387e-07, 6.83800067236e-07, 6.65587947424e-07, 1.03177580968e-06, 6.98026553891e-07, 4.6888152383e-07, 3.42664748132e-07, 3.33626388738e-07, 4.11845832105e-07, 3.30143762994e-07, 2.61616918351e-07, 2.01017158474e-07, 1.10655790309e-07, 8.75374652765e-08, 6.19920683675e-08, 1.44769236599e-08, 8.33087543395e-10, 7.50580653186e-10, 6.78179568059e-10, 6.31014684949e-10, 5.8883764531e-10, 5.71187985798e-10, 5.39896127805e-10, 5.1248100208e-10, 5.03205477287e-10, 4.96562124752e-10, 5.14296827347e-10, 5.032851913e-10, 5.06721054006e-10, 5.11813702531e-10]
    },
    "mfcc": {
        "mean": [-1206.53869629, 6.37919425964, -4.12226963043, 0.418494999409, 0.883358478546, 1.4736789465, -0.458254784346, 0.670832753181, 0.363038539886, 0.236260041595, -0.0628374442458, 0.327308446169, -0.029996663332],
        "cov": [[36628.8476562, 3599.49145508, -2726.00170898, 117.457710266, 456.821258545, 839.730773926, -297.054107666, 419.890075684, 219.864654541, 185.563400269, 3.64014077187, 208.167678833, -10.0138921738], [3599.49145508, 454.105773926, -236.824523926, 38.4507293701, 64.662612915, 100.179023743, -28.1964168549, 42.9664154053, 24.5079021454, 7.90385293961, -9.50733089447, 19.7317562103, -3.5995285511], [-2726.00170898, -236.824523926, 223.739059448, 0.889948964119, -28.1922740936, -55.6422309875, 22.6963748932, -31.9604644775, -16.0486927032, -16.6190357208, -4.79932165146, -15.0443029404, 0.219981342554], [117.457710266, 38.4507293701, 0.889948964119, 23.5176181793, 12.1464948654, 10.0089406967, 0.302630990744, 0.405360430479, 0.740895450115, -1.72817158699, -2.84226298332, 0.0991070047021, -0.225886270404], [456.821258545, 64.662612915, -28.1922740936, 12.1464948654, 17.2522010803, 16.5217475891, -3.27354359627, 5.77773571014, 2.9245197773, -0.32704025507, -1.72622215748, 2.64447140694, -0.704780638218], [839.730773926, 100.179023743, -55.6422309875, 10.0089406967, 16.5217475891, 28.6555404663, -5.81780147552, 9.27746295929, 6.18907546997, 2.51618242264, -1.77855992317, 5.0239572525, -0.432244241238], [-297.054107666, -28.1964168549, 22.6963748932, 0.302630990744, -3.27354359627, -5.81780147552, 5.15136194229, -2.58207201958, -2.29454660416, -1.93370354176, -0.426289200783, -1.82578456402, -0.0838890597224], [419.890075684, 42.9664154053, -31.9604644775, 0.405360430479, 5.77773571014, 9.27746295929, -2.58207201958, 9.08403968811, 3.28188610077, 1.91079866886, 0.369868576527, 1.74037492275, -0.809510707855], [219.864654541, 24.5079021454, -16.0486927032, 0.740895450115, 2.9245197773, 6.18907546997, -2.29454660416, 3.28188610077, 5.11635017395, 1.96629655361, -0.0538263730705, 1.78799068928, -0.169311493635], [185.563400269, 7.90385293961, -16.6190357208, -1.72817158699, -0.32704025507, 2.51618242264, -1.93370354176, 1.91079866886, 1.96629655361, 4.98819923401, 1.51181459427, 0.885171115398, 0.557863116264], [3.64014077187, -9.50733089447, -4.79932165146, -2.84226298332, -1.72622215748, -1.77855992317, -0.426289200783, 0.369868576527, -0.0538263730705, 1.51181459427, 3.63635158539, 0.165954127908, 0.519702613354], [208.167678833, 19.7317562103, -15.0443029404, 0.0991070047021, 2.64447140694, 5.0239572525, -1.82578456402, 1.74037492275, 1.78799068928, 0.885171115398, 0.165954127908, 3.09502887726, 0.826500475407], [-10.0138921738, -3.5995285511, 0.219981342554, -0.225886270404, -0.704780638218, -0.432244241238, -0.0838890597224, -0.809510707855, -0.169311493635, 0.557863116264, 0.519702613354, 0.826500475407, 1.79424369335]],
        "icov": [[0.00169846904464, -0.00510634621605, 0.0118365809321, -0.000126611528685, 0.00336767383851, -0.00615138281137, 0.005803915672, -0.00482738483697, 0.0098074125126, -0.0116606960073, 0.00509821204469, -0.0150224817917, 0.00569664686918], [-0.00510634621605, 0.035164821893, -0.0294843763113, -0.011749798432, -0.012860538438, -0.0136415679008, 0.0160898640752, -0.0140042984858, -0.0304854456335, 0.0517891608179, 0.0172238759696, 0.0307959169149, -0.00787511002272], [0.0118365809321, -0.0294843763113, 0.109077356756, -0.0098613249138, 0.020115332678, -0.0286030098796, 0.00715659186244, 0.000812110141851, 0.0428954698145, -0.0416358932853, 0.0611806362867, -0.0672462359071, 0.0242565628141], [-0.000126611528685, -0.011749798432, -0.0098613249138, 0.0979697033763, -0.0736144036055, 0.00193012412637, -0.0455483868718, 0.0457606352866, -0.00929660070688, -0.0190574470907, 0.000255485880189, 0.062162488699, -0.0443306416273], [0.00336767383851, -0.012860538438, 0.020115332678, -0.0736144036055, 0.217334970832, -0.0803174600005, 0.0602566860616, -0.0634048059583, 0.0498372428119, 0.0292933769524, -0.00635173171759, -0.0802602916956, 0.055898424238], [-0.00615138281137, -0.0136415679008, -0.0286030098796, 0.00193012412637, -0.0803174600005, 0.223451256752, -0.0936866179109, 0.0639695078135, -0.0851638242602, 0.0134837068617, -0.0156092718244, 0.0313653610647, -0.0333415791392], [0.005803915672, 0.0160898640752, 0.00715659186244, -0.0455483868718, 0.0602566860616, -0.0936866179109, 0.479409426451, -0.15355668962, 0.119559891522, 0.00492031825706, 0.062437184155, -0.0705063045025, 0.036438215524], [-0.00482738483697, -0.0140042984858, 0.000812110141851, 0.0457606352866, -0.0634048059583, 0.0639695078135, -0.15355668962, 0.347782194614, -0.125043869019, 0.0350760668516, -0.0735170766711, 0.140137657523, 0.0248952303082], [0.0098074125126, -0.0304854456335, 0.0428954698145, -0.00929660070688, 0.0498372428119, -0.0851638242602, 0.119559891522, -0.125043869019, 0.43166449666, -0.190909907222, 0.0460216328502, -0.254423230886, 0.139339953661], [-0.0116606960073, 0.0517891608179, -0.0416358932853, -0.0190574470907, 0.0292933769524, 0.0134837068617, 0.00492031825706, 0.0350760668516, -0.190909907222, 0.474174708128, -0.0914191529155, 0.212056830525, -0.164313986897], [0.00509821204469, 0.0172238759696, 0.0611806362867, 0.000255485880189, -0.00635173171759, -0.0156092718244, 0.062437184155, -0.0735170766711, 0.0460216328502, -0.0914191529155, 0.448733627796, -0.0570333264768, -0.0519034154713], [-0.0150224817917, 0.0307959169149, -0.0672462359071, 0.062162488699, -0.0802602916956, 0.0313653610647, -0.0705063045025, 0.140137657523, -0.254423230886, 0.212056830525, -0.0570333264768, 0.919691801071, -0.46709883213], [0.00569664686918, -0.00787511002272, 0.0242565628141, -0.0443306416273, 0.055898424238, -0.0333415791392, 0.036438215524, 0.0248952303082, 0.139339953661, -0.164313986897, -0.0519034154713, -0.46709883213, 0.886073470116]]
    },
    "spectral_contrast_coeffs": {
        "max": [-0.701675951481, -0.716425657272, -0.696312308311, -0.743222594261, -0.640593469143, -0.680225908756],
        "mean": [-0.946203529835, -0.951774656773, -0.947418093681, -0.947936892509, -0.944253504276, -0.940111279488],
        "min": [-0.986022889614, -0.984986782074, -0.977776825428, -0.973333537579, -0.9695789814, -0.96584045887],
        "stdev": [0.0545988678932, 0.0387860424817, 0.0420210249722, 0.0438555590808, 0.0528183095157, 0.0632791519165]
    },
    "spectral_contrast_valleys": {
        "max": [-6.00367927551, -5.25025558472, -4.79689788818, -4.58638858795, -5.35256624222, -8.09822750092],
        "mean": [-25.3850250244, -25.3411273956, -25.3638191223, -25.2920837402, -25.3487491608, -25.6109161377],
        "min": [-28.0997848511, -28.2761478424, -28.0120296478, -27.6913414001, -27.5849838257, -27.4179973602],
        "stdev": [5.68086957932, 5.86812829971, 5.93584442139, 6.05608129501, 5.91868782043, 5.10548067093]
    }
},
"rhythm": {
    "beats_count": 26,
    "beats_loudness": {
        "max": 0.0927187055349,
        "mean": 0.00558249745518,
        "min": 0,
        "stdev": 0.0200449004769
    },
    "bpm": 136.407577515,
    "bpm_histogram_first_peak_bpm": 136,
    "bpm_histogram_first_peak_weight": 0.111111104488,
    "bpm_histogram_second_peak_bpm": 120,
    "bpm_histogram_second_peak_spread": 0.461538434029,
    "bpm_histogram_second_peak_weight": 0.280000001192,
    "danceability": 1.39901769161,
    "onset_rate": 0.470242828131,
    "beats_loudness_band_ratio": {
        "max": [0.357677876949, 0.0601969920099, 0.0919710025191, 0.395707726479, 0.687802433968, 0.14003226161],
        "mean": [0.016183713451, 0.00371023965999, 0.0077099329792, 0.0280966795981, 0.0493359789252, 0.0125935031101],
        "min": [0, 0, 0, 0, 0, 0],
        "stdev": [0.0688201263547, 0.0126064969227, 0.0232204329222, 0.0872966349125, 0.151965603232, 0.035887606442]
    },
    "beats_position": [0.49922901392, 1.01006805897, 1.52090704441, 2.03174591064, 2.54258489609, 3.05342388153, 3.55265307426, 4.06349182129, 4.58594083786, 5.10838985443, 5.630838871, 6.13006782532, 6.62929677963, 7.12852573395, 7.6277551651, 8.12698364258, 8.62621307373, 9.06739234924, 9.50857162476, 9.94974994659, 10.3909292221, 10.8321084976, 11.2732877731, 11.7144670486, 12.1556463242, 12.5852155685],
    "bpm_histogram": [0, 0, 0, 0, 0, 0, 0, 0, 0, 0, 0, 0, 0, 0, 0, 0, 0, 0, 0, 0, 0, 0, 0, 0, 0, 0, 0, 0, 0, 0, 0, 0, 0, 0, 0, 0, 0, 0, 0, 0, 0, 0, 0, 0, 0, 0, 0, 0, 0, 0, 0, 0, 0, 0, 0, 0, 0, 0, 0, 0, 0, 0, 0, 0, 0, 0, 0, 0, 0, 0, 0, 0, 0, 0, 0, 0, 0, 0, 0, 0, 0, 0, 0, 0, 0, 0, 0, 0, 0, 0, 0, 0, 0, 0, 0, 0, 0, 0, 0, 0, 0, 0, 0, 0, 0, 0, 0, 0, 0, 0, 0, 0, 0, 0, 0, 0.119999997318, 0, 0.239999994636, 0, 0, 0.280000001192, 0, 0, 0, 0, 0, 0, 0, 0, 0, 0, 0, 0, 0, 0, 0, 0.319999992847, 0, 0, 0, 0.0399999991059, 0, 0, 0, 0, 0, 0, 0, 0, 0, 0, 0, 0, 0, 0, 0, 0, 0, 0, 0, 0, 0, 0, 0, 0, 0, 0, 0, 0, 0, 0, 0, 0, 0, 0, 0, 0, 0, 0, 0, 0, 0, 0, 0, 0, 0, 0, 0, 0, 0, 0, 0, 0, 0, 0, 0, 0, 0, 0, 0, 0, 0, 0, 0, 0, 0, 0, 0, 0, 0, 0, 0, 0, 0, 0, 0, 0, 0, 0, 0, 0, 0, 0, 0, 0, 0, 0, 0, 0, 0, 0, 0, 0, 0, 0, 0, 0, 0, 0, 0, 0, 0, 0, 0, 0, 0, 0, 0, 0, 0]
},
"tonal": {
    "chords_changes_rate": 0.0108695654199,
    "chords_number_rate": 0.00724637694657,
