{
"metadata": {
    "version": {
        "essentia": "2.1-beta5",
        "essentia_git_sha": "Undefined",
        "extractor": "music 2.0"
    },
    "audio_properties": {
        "analysis": {
            "equal_loudness": 0,
            "length": 12.7477550507,
            "sample_rate": 44100,
            "start_time": 0,
            "downmix": "mix"
        },
        "bit_rate": 192000,
        "length": 209.629745483,
        "lossless": 0,
        "number_channels": 2,
        "replay_gain": 34.9038543701,
        "sample_rate": 44100,
        "codec": "mp3",
        "md5_encoded": "74ff4ee091b736680476e5f5ede0d354"
    },
    "tags": {
        "file_name": "Austria_Maria Magdalena_Tony Wegas.mp3",
        "encoding": ["Lavf58.29.100"]
    }
},
"lowlevel": {
    "average_loudness": 6.50804431643e-05,
    "barkbands_crest": {
        "max": 17.6269283295,
        "mean": 6.58043336868,
        "min": 2.84064388275,
        "stdev": 1.22321093082
    },
    "barkbands_flatness_db": {
        "max": 0.128938183188,
        "mean": 0.0748305767775,
        "min": 0.0378321483731,
        "stdev": 0.00999875552952
    },
    "barkbands_kurtosis": {
        "max": 6.03449344635,
        "mean": 2.95694589615,
        "min": -1.65237808228,
        "stdev": 1.10795342922
    },
    "barkbands_skewness": {
        "max": 2.31329798698,
        "mean": -1.642172575,
        "min": -2.27809619904,
        "stdev": 0.66507089138
    },
    "barkbands_spread": {
        "max": 70.3760147095,
        "mean": 26.6104698181,
        "min": 11.184630394,
        "stdev": 5.09910583496
    },
    "dissonance": {
        "max": 0.49996817112,
        "mean": 0.492009162903,
        "min": 0.426015228033,
        "stdev": 0.00773620977998
    },
    "dynamic_complexity": 21.9083309174,
    "erbbands_crest": {
        "max": 15.5146007538,
        "mean": 3.78332352638,
        "min": 2.57718372345,
        "stdev": 1.28402626514
    },
    "erbbands_flatness_db": {
        "max": 0.22499153018,
        "mean": 0.103756651282,
        "min": 0.0807158127427,
        "stdev": 0.0175221320242
    },
    "erbbands_kurtosis": {
        "max": 4.28808355331,
        "mean": 0.126750096679,
        "min": -1.43672001362,
        "stdev": 0.475891947746
    },
    "erbbands_skewness": {
        "max": 0.735911726952,
        "mean": -0.576904058456,
        "min": -1.5997749567,
        "stdev": 0.245188638568
    },
    "erbbands_spread": {
        "max": 88.8988876343,
        "mean": 35.9801597595,
        "min": 10.865114212,
        "stdev": 6.27403306961
    },
    "hfc": {
        "max": 7261.13134766,
        "mean": 137.15007019,
        "min": 1.04380002439e-16,
        "stdev": 740.055847168
    },
    "loudness_ebu128": {
        "integrated": -28.4668388367,
        "loudness_range": 6.24743270874,
        "momentary": {
            "max": -26.4889278412,
            "mean": -275.028411865,
            "min": -300.691009521,
            "stdev": 75.8012237549
        },
        "short_term": {
            "max": -34.0632019043,
            "mean": -269.421051025,
            "min": -300.691009521,
            "stdev": 80.9960479736
        }
    },
    "melbands_crest": {
        "max": 28.872636795,
        "mean": 3.00762486458,
        "min": 1.43893933296,
        "stdev": 3.04555153847
    },
    "melbands_flatness_db": {
        "max": 0.189372956753,
        "mean": 0.0146359549835,
        "min": 0.00276439380832,
        "stdev": 0.0279429107904
    },
    "melbands_kurtosis": {
        "max": 21.0597705841,
        "mean": -0.764018833637,
        "min": -1.41264998913,
        "stdev": 2.19902467728
    },
    "melbands_skewness": {
        "max": 4.2085981369,
        "mean": 0.108594655991,
        "min": -0.402515888214,
        "stdev": 0.547209858894
    },
    "melbands_spread": {
        "max": 164.714431763,
        "mean": 123.561065674,
        "min": 13.7417621613,
        "stdev": 26.9274692535
    },
    "pitch_salience": {
        "max": 0.937153637409,
        "mean": 0.78415954113,
        "min": 0.335388958454,
        "stdev": 0.0440267138183
    },
    "silence_rate_20dB": {
        "max": 1,
        "mean": 0.959999978542,
        "min": 0,
        "stdev": 0.195959225297
    },
    "silence_rate_30dB": {
        "max": 1,
        "mean": 0.956363618374,
        "min": 0,
        "stdev": 0.204284638166
    },
    "silence_rate_60dB": {
        "max": 1,
        "mean": 0.927272737026,
        "min": 0,
        "stdev": 0.259688317776
    },
    "spectral_centroid": {
        "max": 11967.3789062,
        "mean": 10189.1318359,
        "min": 909.989440918,
        "stdev": 2605.2980957
    },
    "spectral_complexity": {
        "max": 65,
        "mean": 3.59818172455,
        "min": 0,
        "stdev": 13.1663608551
    },
    "spectral_decrease": {
        "max": 2.81014364115e-28,
        "mean": -2.08109494082e-08,
        "min": -7.60189834637e-07,
        "stdev": 1.07405369931e-07
    },
    "spectral_energy": {
        "max": 3.0886516571,
        "mean": 0.0909852981567,
        "min": 9.82217443021e-21,
        "stdev": 0.462875306606
    },
    "spectral_energyband_high": {
        "max": 0.655513882637,
        "mean": 0.0094198808074,
        "min": 6.81711289092e-21,
        "stdev": 0.0570650324225
    },
    "spectral_energyband_low": {
        "max": 0.761039733887,
        "mean": 0.00908029824495,
        "min": 1.21885486405e-23,
        "stdev": 0.06257340312
    },
    "spectral_energyband_middle_high": {
        "max": 1.30627679825,
        "mean": 0.0242338068783,
        "min": 1.10191130565e-21,
        "stdev": 0.129264369607
    },
    "spectral_energyband_middle_low": {
        "max": 2.48537683487,
        "mean": 0.0505765937269,
        "min": 1.26572290481e-22,
        "stdev": 0.298664063215
    },
    "spectral_entropy": {
        "max": 9.82628631592,
        "mean": 9.64045143127,
        "min": 7.73172903061,
        "stdev": 0.498200386763
    },
    "spectral_flux": {
        "max": 1.38557696342,
        "mean": 0.044137429446,
        "min": 6.30074326047e-11,
        "stdev": 0.204296678305
    },
    "spectral_kurtosis": {
        "max": 11.1603746414,
        "mean": -0.746170818806,
        "min": -1.27588784695,
        "stdev": 1.49676632881
    },
    "spectral_rms": {
        "max": 0.0548937022686,
        "mean": 0.00201313989237,
        "min": 3.09557891473e-12,
        "stdev": 0.00920398999006
    },
    "spectral_rolloff": {
        "max": 19810.546875,
        "mean": 17375.9375,
        "min": 645.99609375,
        "stdev": 4463.40429688
    },
    "spectral_skewness": {
        "max": 2.81531858444,
        "mean": 0.132007598877,
        "min": -0.124240875244,
        "stdev": 0.426576524973
    },
    "spectral_spread": {
        "max": 43404796,
        "mean": 37217896,
        "min": 2776197.5,
        "stdev": 10472984
    },
    "spectral_strongpeak": {
        "max": 18.2827453613,
        "mean": 0.39897403121,
        "min": 0,
        "stdev": 2.06455659866
    },
    "zerocrossingrate": {
        "max": 0.53173828125,
        "mean": 0.461603343487,
        "min": 0.001953125,
        "stdev": 0.120816044509
    },
    "barkbands": {
        "max": [0.0442742630839, 0.223338901997, 0.516834259033, 0.408654153347, 1.97995042801, 1.3273280859, 0.382266968489, 0.527474045753, 0.162195444107, 0.129762649536, 0.0867768451571, 0.084687396884, 0.088398873806, 0.0860826671124, 0.655804276466, 0.134986817837, 0.193564146757, 0.13014537096, 0.233787387609, 0.290124714375, 0.111116364598, 0.146735116839, 0.2288646698, 0.111264877021, 0.0414198450744, 0.0409591533244, 0.0248253401369],
        "mean": [0.000330325157847, 0.00106033426709, 0.00572093203664, 0.00253092870116, 0.0251463074237, 0.0137360831723, 0.00382116017863, 0.0028571956791, 0.00194541935343, 0.00222041434608, 0.00106902804691, 0.000923484796658, 0.00158006942365, 0.0014214781113, 0.00485072378069, 0.00288509018719, 0.00299895345233, 0.00201093987562, 0.00280931009911, 0.00264431699179, 0.00158946786541, 0.00176659331191, 0.00239182682708, 0.00146181229502, 0.000560453510843, 0.000368900276953, 0.000223632916459],
        "min": [1.03939018647e-25, 9.48871676299e-25, 1.61666121732e-25, 3.33474430907e-25, 5.68718107237e-24, 3.82677450642e-24, 8.73796927797e-24, 5.34243031856e-24, 1.14940678428e-23, 1.38073093618e-23, 1.04934593157e-23, 1.27286990572e-23, 2.0772802849e-23, 1.91234524684e-23, 3.89178437585e-23, 4.32066564636e-23, 6.18246131749e-23, 5.86710375766e-23, 9.53973910305e-23, 1.29451746381e-22, 2.13724431599e-22, 2.79307929122e-22, 2.95924798152e-22, 5.69155494322e-22, 7.65279492492e-22, 1.26711347094e-21, 1.80898220345e-21],
        "stdev": [0.00262432126328, 0.0109213590622, 0.0423253886402, 0.0218256264925, 0.172480031848, 0.104876980186, 0.0284041967243, 0.0285310354084, 0.0119128311053, 0.0134589867666, 0.00638200296089, 0.00543583836406, 0.00878448225558, 0.00782093778253, 0.0385386310518, 0.0154411075637, 0.0169190242887, 0.0115494811907, 0.0176606681198, 0.0180134549737, 0.00911533739418, 0.0109765632078, 0.0170483738184, 0.00917937234044, 0.0034126280807, 0.00257424800657, 0.00157854682766]
    },
    "erbbands": {
        "max": [3.5365562439, 58.5608520508, 370.94354248, 1370.15087891, 573.482666016, 5623.10449219, 21241.7265625, 14866.6425781, 10321.3496094, 7768.27490234, 8562.22167969, 4259.68896484, 3265.36572266, 3992.74829102, 2898.84179688, 4048.38867188, 3486.81567383, 6120.57128906, 9555.58398438, 43080.3125, 8791.30273438, 12004.7607422, 7995.72314453, 8341.23535156, 16499.4296875, 11464.1435547, 3664.86303711, 5006.98291016, 4237.67138672, 5669.86474609, 6676.24755859, 2881.21069336, 1558.43066406, 553.470336914, 274.09942627, 140.520401001, 94.5818099976, 18.1512393951, 4.25735139847, 0.319399565458],
        "mean": [0.0219211447984, 0.347690016031, 4.43184709549, 10.7439756393, 6.94399499893, 80.4971389771, 226.008560181, 82.5497665405, 62.7311706543, 61.1742897034, 52.8865394592, 46.5318908691, 61.7788696289, 60.6732673645, 40.366443634, 43.4551391602, 70.3243942261, 79.8192825317, 128.434631348, 282.638122559, 155.720657349, 173.032272339, 122.698608398, 106.989631653, 169.937149048, 119.716674805, 71.0430755615, 68.069519043, 59.7720375061, 65.7209625244, 67.8114471436, 39.3877754211, 18.5860424042, 7.61305999756, 3.3758187294, 1.46361160278, 0.739229798317, 0.193410009146, 0.0350721403956, 0.00275760842487],
        "min": [5.64321745969e-23, 3.02926449868e-22, 6.25386458901e-22, 2.93623873907e-21, 7.53093825561e-21, 1.10419217137e-20, 1.96170422067e-20, 4.19123272157e-20, 7.91917062935e-20, 1.66388194471e-19, 2.82409232197e-19, 2.2457051487e-19, 4.44426100248e-19, 5.66341924286e-19, 5.79245114662e-19, 9.00793896806e-19, 1.42270722661e-18, 1.47136747031e-18, 1.86297886393e-18, 3.11585267589e-18, 3.24405677865e-18, 3.99449984577e-18, 3.88213480418e-18, 5.54199305805e-18, 5.80733936367e-18, 6.71871993154e-18, 8.04425701082e-18, 9.0027831513e-18, 9.78490889025e-18, 1.02959576163e-17, 9.65163934022e-18, 9.27683139696e-18, 9.86175975942e-18, 8.03520517338e-18, 5.70490876123e-18, 3.65047542901e-18, 2.21790428039e-18, 7.78493278686e-19, 2.33878597357e-19, 2.60910472034e-20],
        "stdev": [0.190079316497, 3.1268632412, 32.0374107361, 83.4382781982, 47.5424385071, 534.720458984, 1740.78442383, 789.737365723, 531.762329102, 517.399780273, 493.089324951, 293.955322266, 360.923736572, 363.972137451, 225.049072266, 257.048187256, 383.262420654, 447.156036377, 758.369812012, 2343.94604492, 840.449523926, 992.988586426, 696.066833496, 660.880310059, 1115.79528809, 771.224914551, 406.456512451, 404.885253906, 356.43536377, 436.182342529, 497.877319336, 254.897277832, 115.760055542, 46.2750892639, 20.7677955627, 9.42369556427, 5.61010217667, 1.32049167156, 0.258194774389, 0.01945380494]
    },
    "gfcc": {
        "mean": [-1137.75183105, 2.75546336174, -13.1824893951, 1.954844594, -5.44426774979, 0.966375946999, -3.9256196022, -0.0609010867774, -1.53172850609, -0.211304828525, -1.51882696152, -0.172958850861, -0.670534491539],
        "cov": [[161280.015625, 3793.875, -16054.3720703, 2613.37036133, -6778.94970703, 1038.86755371, -4992.86816406, -190.68359375, -1987.88134766, -376.223083496, -1907.19580078, -247.219970703, -827.971801758], [3793.875, 256.568878174, -410.614227295, 72.4303131104, -152.028533936, 41.4198036194, -113.488121033, -1.24950993061, -33.9692840576, -13.8875808716, -47.4118270874, -8.16036987305, -12.9033231735], [-16054.3720703, -410.614227295, 1754.03186035, -260.859771729, 697.834106445, -156.953201294, 497.191436768, -1.44834554195, 179.471176147, 24.9952774048, 185.943130493, 28.2174167633, 76.1038665771], [2613.37036133, 72.4303131104, -260.859771729, 65.5503311157, -106.738212585, 27.4606781006, -79.3228302002, -2.12420535088, -28.7696380615, -8.26293945312, -28.7223720551, -11.0939064026, -15.3496999741], [-6778.94970703, -152.028533936, 697.834106445, -106.738212585, 300.757568359, -46.6840019226, 213.429794312, 7.48575162888, 84.6008758545, 16.2088985443, 78.0349349976, 10.4963521957, 31.4588069916], [1038.86755371, 41.4198036194, -156.953201294, 27.4606781006, -46.6840019226, 37.7433395386, -29.4372463226, 7.89277267456, -3.36929512024, 2.44732546806, -9.04023933411, -7.02357292175, -5.05325126648], [-4992.86816406, -113.488121033, 497.191436768, -79.3228302002, 213.429794312, -29.4372463226, 161.505126953, 10.1109828949, 65.6616592407, 15.0233926773, 59.3315544128, 6.29538488388, 22.7038593292], [-190.68359375, -1.24950993061, -1.44834554195, -2.12420535088, 7.48575162888, 7.89277267456, 10.1109828949, 10.6747789383, 9.20596408844, 6.43919897079, 3.72032094002, -0.626433491707, -0.873336195946], [-1987.88134766, -33.9692840576, 179.471176147, -28.7696380615, 84.6008758545, -3.36929512024, 65.6616592407, 9.20596408844, 33.9055252075, 10.4359102249, 25.4511528015, 1.80897271633, 8.89099693298], [-376.223083496, -13.8875808716, 24.9952774048, -8.26293945312, 16.2088985443, 2.44732546806, 15.0233926773, 6.43919897079, 10.4359102249, 8.94058895111, 6.51468753815, 1.0784381628, -0.348859518766], [-1907.19580078, -47.4118270874, 185.943130493, -28.7223720551, 78.0349349976, -9.04023933411, 59.3315544128, 3.72032094002, 25.4511528015, 6.51468753815, 26.8423576355, 1.97901952267, 10.3449440002], [-247.219970703, -8.16036987305, 28.2174167633, -11.0939064026, 10.4963521957, -7.02357292175, 6.29538488388, -0.626433491707, 1.80897271633, 1.0784381628, 1.97901952267, 5.87254905701, 3.31049799919], [-827.971801758, -12.9033231735, 76.1038665771, -15.3496999741, 31.4588069916, -5.05325126648, 22.7038593292, -0.873336195946, 8.89099693298, -0.348859518766, 10.3449440002, 3.31049799919, 9.83413696289]],
        "icov": [[0.000589796574786, -0.000820812245365, 0.00109360006172, -0.00373622123152, 0.00283622578718, 0.00196673884057, 0.00545014813542, -0.00074006349314, 0.00474877748638, -0.00549371726811, 0.00431283516809, -0.00214153411798, 0.00527048902586], [-0.000820812245365, 0.0101615991443, 0.00282563036308, 0.0016510321293, -0.00840115919709, 0.00217881472781, -0.00552680436522, 0.00341094774194, -0.0281356479973, 0.0254716277122, 0.0039243157953, 0.00288058887236, -0.0127640394494], [0.00109360006172, 0.00282563036308, 0.0424774251878, -0.0159307532012, -0.0455515645444, 0.0637306794524, -0.0262078363448, 0.0158908069134, 0.0199317280203, 0.0336151756346, -0.0557130277157, -0.00502519821748, 0.0260461680591], [-0.00373622123152, 0.0016510321293, -0.0159307532012, 0.107732512057, -0.0117245689034, -0.0426680184901, 0.0230907462537, -0.0012623075163, -0.0672505795956, 0.0798657909036, -0.0354815609753, 0.0794239267707, 0.015421545133], [0.00283622578718, -0.00840115919709, -0.0455515645444, -0.0117245689034, 0.149527475238, -0.0617768205702, -0.0175080783665, 0.0128779718652, -0.0214202664793, -0.0512505285442, 0.0982638821006, -0.0468641668558, 0.0234274920076], [0.00196673884057, 0.00217881472781, 0.0637306794524, -0.0426680184901, -0.0617768205702, 0.169011160731, -0.0208080243319, -0.0133968787268, 0.00422388873994, 0.0139466896653, -0.0653631314635, 0.0586816594005, -0.0143527910113], [0.00545014813542, -0.00552680436522, -0.0262078363448, 0.0230907462537, -0.0175080783665, -0.0208080243319, 0.299280822277, -0.074277125299, -0.0740934684873, -0.0395342223346, 0.0329901129007, 0.0604229047894, 0.0487899743021], [-0.00074006349314, 0.00341094774194, 0.0158908069134, -0.0012623075163, 0.0128779718652, -0.0133968787268, -0.074277125299, 0.25741019845, -0.0779991447926, -0.061552554369, 0.00664704851806, -0.0222358535975, 0.0323117263615], [0.00474877748638, -0.0281356479973, 0.0199317280203, -0.0672505795956, -0.0214202664793, 0.00422388873994, -0.0740934684873, -0.0779991447926, 0.440513283014, -0.232996985316, -0.0331161916256, -0.0130752893165, -0.0287847444415], [-0.00549371726811, 0.0254716277122, 0.0336151756346, 0.0798657909036, -0.0512505285442, 0.0139466896653, -0.0395342223346, -0.061552554369, -0.232996985316, 0.564661622047, -0.230743512511, -0.13578337431, 0.211444988847], [0.00431283516809, 0.0039243157953, -0.0557130277157, -0.0354815609753, 0.0982638821006, -0.0653631314635, 0.0329901129007, 0.00664704851806, -0.0331161916256, -0.230743512511, 0.46752294898, 0.0969252735376, -0.182151332498], [-0.00214153411798, 0.00288058887236, -0.00502519821748, 0.0794239267707, -0.0468641668558, 0.0586816594005, 0.0604229047894, -0.0222358535975, -0.0130752893165, -0.13578337431, 0.0969252735376, 0.470105826855, -0.2282769382], [0.00527048902586, -0.0127640394494, 0.0260461680591, 0.015421545133, 0.0234274920076, -0.0143527910113, 0.0487899743021, 0.0323117263615, -0.0287847444415, 0.211444988847, -0.182151332498, -0.2282769382, 0.461081057787]]
    },
    "melbands": {
        "max": [0.0499057173729, 0.137369826436, 0.184764012694, 0.168708786368, 0.620457410812, 0.296712934971, 0.140912950039, 0.0972463786602, 0.0620049908757, 0.0228299871087, 0.0159009043127, 0.0186486113816, 0.0109510179609, 0.00557699240744, 0.0127615658566, 0.00943160895258, 0.0104593392462, 0.00997289922088, 0.0522461570799, 0.0333422496915, 0.00839548464864, 0.0133197493851, 0.00783144682646, 0.00603636028245, 0.00728071667254, 0.010291159153, 0.014389959164, 0.00585986766964, 0.00250621698797, 0.0031872431282, 0.00284112407826, 0.00249928352423, 0.00246880180202, 0.00370892789215, 0.00474975351244, 0.00267486553639, 0.00174569559749, 0.00122318533249, 0.00065450463444, 0.00041342843906],
        "mean": [0.000255381135503, 0.00179098919034, 0.00156585359946, 0.00255040545017, 0.00768050085753, 0.00191766326316, 0.000931124901399, 0.000685671693645, 0.00038191783824, 0.000290736817988, 0.000317441095831, 0.000260431057541, 0.000140244039358, 9.4075789093e-05, 0.000147973536514, 0.000156814610818, 0.00014123712026, 0.000155758069013, 0.000402467238018, 0.00028053636197, 0.000160609735758, 0.000182131640031, 0.0001397561864, 9.01939201867e-05, 8.16984611447e-05, 0.000119612297567, 0.000119853510114, 6.9837726187e-05, 4.45797268185e-05, 3.74685805582e-05, 4.13103189203e-05, 3.61906677426e-05, 2.80857402686e-05, 4.10879329138e-05, 4.53722677776e-05, 2.53558209806e-05, 2.39290238824e-05, 1.42060171129e-05, 8.39449421619e-06, 5.69655185245e-06],
        "min": [5.55209722122e-25, 4.16408906291e-25, 9.10470617686e-25, 1.37845682768e-24, 8.50456545207e-25, 8.34387645783e-25, 1.44517720393e-24, 1.30972436309e-24, 1.54593623799e-24, 1.3526975609e-24, 1.60948194213e-24, 2.17560954849e-24, 1.52672570001e-24, 2.10602945285e-24, 1.549930931e-24, 2.03090149568e-24, 2.26120549265e-24, 2.21245684694e-24, 3.34516585188e-24, 2.80685781978e-24, 3.21248930838e-24, 3.76650198339e-24, 2.94189621283e-24, 2.71165591637e-24, 3.61103051517e-24, 3.63146082933e-24, 4.03563568627e-24, 3.70561020454e-24, 4.74738346585e-24, 3.79412592013e-24, 3.96858803135e-24, 5.48166071846e-24, 3.9440311858e-24, 4.93786970864e-24, 4.72440710313e-24, 5.33935652204e-24, 4.33929901426e-24, 5.7311103696e-24, 5.8996011982e-24, 6.06631985077e-24],
        "stdev": [0.00244750664569, 0.012560095638, 0.0116811227053, 0.0165445841849, 0.0563188269734, 0.0169951654971, 0.00761961517856, 0.00618391856551, 0.00346869789064, 0.00176989857573, 0.0018548569642, 0.00160806789063, 0.000809360237326, 0.000499423360452, 0.000900491140783, 0.000835767830722, 0.00079649919644, 0.000881047802977, 0.00318245333619, 0.00196196581237, 0.000864859786816, 0.00106816820335, 0.000791985949036, 0.000519462861121, 0.00052228756249, 0.000761708011851, 0.000867881462909, 0.000430501648225, 0.000261353998212, 0.000223744587856, 0.000251818593824, 0.000214730083826, 0.000184896125575, 0.000280865089735, 0.000351009424776, 0.000178787129698, 0.000154533103341, 8.96431229194e-05, 5.17896805832e-05, 3.528097659e-05]
    },
    "melbands128": {
        "max": [0.0130092045292, 0.0192821361125, 0.0762894898653, 0.108713768423, 0.132607072592, 0.298627316952, 0.349131554365, 0.118243955076, 0.0498951338232, 0.153493702412, 0.368063539267, 0.952880442142, 1.07515835762, 0.263520538807, 0.488756209612, 0.379572033882, 0.294637948275, 0.0930391997099, 0.111456684768, 0.0961245596409, 0.163352444768, 0.116114661098, 0.0333733633161, 0.0407845638692, 0.034021884203, 0.0236808545887, 0.0302657689899, 0.0268975645304, 0.0316115766764, 0.0446738637984, 0.0137967430055, 0.0126259764656, 0.012151453644, 0.0116614447907, 0.00494308071211, 0.00553225306794, 0.0171863995492, 0.0178699791431, 0.0184404850006, 0.0104082860053, 0.00825071241707, 0.0202069934458, 0.0141100743786, 0.00716470647603, 0.0064535336569, 0.0100946929306, 0.0203727763146, 0.0382126756012, 0.0931982249022, 0.088756762445, 0.0117703350261, 0.0151497302577, 0.00881882198155, 0.0101351421326, 0.00800970476121, 0.0186581183225, 0.0173602011055, 0.0128334062174, 0.00830077007413, 0.00778913544491, 0.00856160651892, 0.00562974484637, 0.00786317046732, 0.00636991066858, 0.00965158734471, 0.00918373744935, 0.011881897226, 0.0144116720185, 0.0188191309571, 0.00970209948719, 0.00574255501851, 0.00459090480581, 0.00544734299183, 0.00253151240759, 0.00376206682995, 0.002758376766, 0.00467858836055, 0.00355790019967, 0.00348121998832, 0.00549900624901, 0.00328275561333, 0.00246278382838, 0.00233847927302, 0.00235254550353, 0.00361809018068, 0.00258751097135, 0.00328269856982, 0.00791665539145, 0.00570714008063, 0.00354461558163, 0.00278740073554, 0.00353812985122, 0.00173402018845, 0.0019180693198, 0.00200890493579, 0.00155724585056, 0.000920990598388, 0.000924188178033, 0.00077896588482, 0.000551222998183, 0.000440649368102, 0.000467428966658, 0.000422564771725, 0.000303631124552, 0.000300619023619, 0.000305286288494, 0.000296222337056, 0.000161388103152, 0.000235560888541, 0.000203326679184, 0.000372636073735, 0.000291373376967, 0.00042469514301, 0.000307942129439, 0.00013389387459, 0.000163227363373, 0.000132197761559, 0.000123448888189, 0.000234261358855, 0.000158358059707, 0.000125202015624, 7.56070658099e-05, 8.32475925563e-05, 0.000101380835986, 6.91300811013e-05, 7.86860109656e-05, 0.000104738115624, 0.000172249448951],
        "mean": [0.000146971433423, 0.000145304496982, 0.000265124253929, 0.000527234165929, 0.00150173692964, 0.00326300761662, 0.00259610288776, 0.00075293862028, 0.00032766937511, 0.00111577473581, 0.00399573240429, 0.0105109959841, 0.0099309887737, 0.00257982057519, 0.00156330200844, 0.00174923089799, 0.00114115490578, 0.000756547029596, 0.00069532066118, 0.000663460348733, 0.000721634656657, 0.000622144085355, 0.000267700030236, 0.000233716506045, 0.00031311326893, 0.000313418568112, 0.000253289996181, 0.00030321412487, 0.000387793785194, 0.000339609046932, 0.000187403929885, 0.000163800330483, 0.000139407537063, 0.000132371962536, 8.17804175313e-05, 7.29674502509e-05, 0.000129231179017, 0.000144395715324, 0.000172454121639, 0.000154149078298, 0.000138357267133, 0.000181114664883, 0.000160322000738, 0.000109673143015, 0.000105714512756, 0.000136842601933, 0.000249492470175, 0.000343377119862, 0.000556242244784, 0.000414647278376, 0.000194865147932, 0.000205841919524, 0.0001674813102, 0.000145925398101, 0.000136226226459, 0.000206039956538, 0.000200570982997, 0.000153209155542, 0.00012118244922, 0.000106465711724, 9.02477404452e-05, 7.30585525162e-05, 8.22987203719e-05, 7.12707260391e-05, 0.000103062287963, 0.000114545946417, 0.00013937568292, 0.000134508125484, 0.000125492719235, 8.41578512336e-05, 7.69932958065e-05, 5.46075752936e-05, 4.93115221616e-05, 4.02156765631e-05, 4.50877705589e-05, 3.28837777488e-05, 3.82374528272e-05, 3.79737211915e-05, 3.66253989341e-05, 5.44430440641e-05, 3.54824005626e-05, 3.31065311912e-05, 2.65313119598e-05, 2.37818330788e-05, 3.28804999299e-05, 3.69095032511e-05, 3.61116071872e-05, 6.37144694338e-05, 5.00898786413e-05, 3.11807925755e-05, 2.67815121333e-05, 2.3235068511e-05, 2.3550570404e-05, 2.58337677224e-05, 2.40699482674e-05, 1.64409975696e-05, 1.24132247947e-05, 9.80021559371e-06, 9.19299873203e-06, 7.13196732249e-06, 6.12434178038e-06, 5.41713370694e-06, 5.20311596119e-06, 4.65843868369e-06, 3.42287285093e-06, 3.29119120579e-06, 2.94228857456e-06, 2.53486837209e-06, 2.32703564507e-06, 2.21903883357e-06, 2.66892584477e-06, 2.35172524299e-06, 2.72210013463e-06, 2.32096772379e-06, 1.51371273205e-06, 1.76296850896e-06, 1.35221137043e-06, 1.16480237011e-06, 1.4103002286e-06, 1.17484773909e-06, 1.03809952634e-06, 7.69955192936e-07, 6.90808633408e-07, 7.04487661096e-07, 6.70972951866e-07, 7.6780662539e-07, 7.16019087577e-07, 8.52679704622e-07],
        "min": [9.79729113839e-27, 1.58404132585e-25, 1.26166616788e-25, 2.96637658817e-25, 1.48569009249e-25, 7.45258714097e-26, 5.34003366052e-26, 9.88512664018e-26, 2.49526688342e-25, 4.13135059578e-25, 3.84403783986e-26, 2.86840992451e-25, 9.07585334273e-26, 4.57593855038e-25, 2.49079231646e-25, 2.86972682918e-25, 1.24611648684e-25, 2.9914719792e-25, 1.01279169494e-24, 3.77563472469e-25, 5.04256062266e-25, 2.43643413015e-25, 8.81608563747e-25, 2.98972095451e-25, 4.19923429535e-25, 1.68645433005e-25, 4.14596547665e-25, 3.48842673936e-25, 5.5080605403e-25, 3.78401439966e-25, 5.35476908919e-25, 3.40070170891e-25, 1.18635300096e-25, 6.7191626963e-25, 8.08022238001e-25, 7.60869063468e-25, 6.12477473967e-25, 5.13306170393e-25, 8.65811328297e-25, 1.27480356157e-24, 8.68717590479e-25, 1.31831959429e-24, 5.94785345319e-25, 7.31217359762e-25, 1.11855871385e-24, 1.11495302787e-24, 1.71794065305e-24, 8.792428685e-25, 8.01205395096e-25, 1.23141828254e-24, 1.39565291073e-24, 1.06240118512e-24, 1.28248933476e-24, 1.41189082361e-24, 1.11583024119e-24, 1.17617662133e-24, 9.17418707324e-25, 1.09378631206e-24, 1.24063819298e-24, 2.14016168928e-24, 1.18475015886e-24, 7.17165429761e-25, 1.81413592956e-24, 1.95662116955e-24, 1.54284636843e-24, 1.52933042011e-24, 2.25196043727e-24, 1.63013333455e-24, 1.75872160641e-24, 2.29355036749e-24, 2.55021513769e-24, 2.22466565274e-24, 1.97974209104e-24, 2.41396682923e-24, 1.58678000439e-24, 2.30532036941e-24, 2.42656809333e-24, 1.71009069819e-24, 1.44434505428e-24, 2.61273768924e-24, 2.91360746355e-24, 2.65384759759e-24, 2.09009347649e-24, 1.68747385882e-24, 3.08127807402e-24, 3.23074867733e-24, 2.36207871432e-24, 2.951187811e-24, 1.94195742861e-24, 2.23521114532e-24, 2.87526606254e-24, 2.73403491418e-24, 2.34118691654e-24, 3.7390886725e-24, 2.81743526123e-24, 2.93577701879e-24, 3.7239500373e-24, 3.50873971045e-24, 2.81799811348e-24, 3.9874031528e-24, 3.03306526207e-24, 4.22763969743e-24, 4.04808430578e-24, 3.49960194016e-24, 3.53798830624e-24, 4.6961189455e-24, 3.66729720253e-24, 3.85972443757e-24, 4.45151053373e-24, 3.92773608051e-24, 4.17748904868e-24, 5.07170193336e-24, 4.14385438626e-24, 4.47195110307e-24, 4.58053070693e-24, 4.09180652702e-24, 4.25601620749e-24, 4.64733499826e-24, 3.59337225824e-24, 4.39780054456e-24, 4.23305483312e-24, 4.15329547357e-24, 3.84095388676e-24, 5.07723460932e-24, 4.6569318856e-24, 4.88742442033e-24, 4.87879309873e-24, 5.0930232659e-24],
        "stdev": [0.00105954438914, 0.00116355437785, 0.00339104211889, 0.00557218771428, 0.0114018227905, 0.0244438946247, 0.0207291841507, 0.00636712275445, 0.00300045497715, 0.0106241814792, 0.0286689065397, 0.0789110660553, 0.0824440345168, 0.021671416238, 0.0221591275185, 0.0208863373846, 0.0134348003194, 0.00574569031596, 0.00668145576492, 0.00584525801241, 0.008186660707, 0.0065921167843, 0.00229579838924, 0.00208148453385, 0.00238665170036, 0.00207904027775, 0.00198371778242, 0.00210709543899, 0.00264020799659, 0.00280132773332, 0.00118329271208, 0.00101186241955, 0.000856883882079, 0.000829154218081, 0.000471187289804, 0.000435062014731, 0.000941717473324, 0.00100170937367, 0.00117766892072, 0.000922041537706, 0.000762523734011, 0.00124270049855, 0.00102186435834, 0.000591423420701, 0.000594024721067, 0.000820000190288, 0.00162501330487, 0.00256292498671, 0.00529025215656, 0.00420909561217, 0.00107597059105, 0.00117984309327, 0.000916464778129, 0.000819792679977, 0.000767664343584, 0.00136549898889, 0.00127804989461, 0.000947972526774, 0.00071424752241, 0.000660808524117, 0.000570195785258, 0.000443723081844, 0.000555953127332, 0.000464147742605, 0.000721705670003, 0.000748276012018, 0.000893753720447, 0.000934145820793, 0.00104278943036, 0.000627075438388, 0.000476436573081, 0.000329431844875, 0.000358280987712, 0.000238654305576, 0.000276209728327, 0.000200802052859, 0.000263641035417, 0.00023438000062, 0.00023533233616, 0.000368285895092, 0.000225291965762, 0.000201260452741, 0.000178149246494, 0.000165752673638, 0.000229984361795, 0.000232697377214, 0.000246752431849, 0.000534633814823, 0.000413173169363, 0.000241136338445, 0.000198661044124, 0.000183186217328, 0.000153247325215, 0.000173943932168, 0.000162277239724, 0.000109700056782, 7.63460557209e-05, 6.42804589006e-05, 6.05164823355e-05, 4.34909161413e-05, 3.72502763639e-05, 3.49569709215e-05, 3.35893637384e-05, 2.84891120828e-05, 2.1140289391e-05, 2.12109953281e-05, 2.07200009754e-05, 1.50726937136e-05, 1.53954242705e-05, 1.39573794513e-05, 2.20269848796e-05, 1.93362047867e-05, 2.335179488e-05, 1.78836780833e-05, 9.90807893686e-06, 1.27513212647e-05, 9.04768421606e-06, 7.94909738033e-06, 1.22049223137e-05, 8.85985173227e-06, 8.12006874185e-06, 5.44163822269e-06, 4.80798325952e-06, 5.50738741367e-06, 4.82099267174e-06, 5.46610453966e-06, 5.48945081391e-06, 8.20652621769e-06]
    },
    "mfcc": {
        "mean": [-1197.55493164, 6.5586476326, -2.23631834984, 0.674810230732, 0.148136898875, 0.559956252575, -1.06633126736, 0.00397091777995, -0.220845639706, 0.215443432331, -0.637255430222, -0.180105373263, -0.403796851635],
        "cov": [[49335.2890625, 4441.37744141, -1319.56713867, 636.007202148, 123.356018066, 292.260284424, -795.807617188, -69.8101272583, -271.631530762, 63.5249099731, -561.262145996, -248.153915405, -319.835327148], [4441.37744141, 521.002929688, -157.601577759, 43.0619354248, 7.2069478035, 36.3664970398, -77.4625854492, 3.57539582253, -8.54564189911, 8.52152919769, -42.3125686646, -12.9006290436, -27.3750839233], [-1319.56713867, -157.601577759, 88.4739685059, 3.19414615631, -2.57951545715, -21.2473640442, 22.6486644745, -6.68514919281, -6.24402475357, -11.6115312576, 7.25205993652, -8.25687503815, 5.6114115715], [636.007202148, 43.0619354248, 3.19414615631, 24.4195423126, 3.83482074738, -0.477639496326, -9.7406835556, -2.93235659599, -7.17262601852, -1.3535977602, -8.53309345245, -8.65239906311, -4.78750324249], [123.356018066, 7.2069478035, -2.57951545715, 3.83482074738, 7.49092721939, 4.52963018417, -0.434983432293, 1.34162151814, -0.189728721976, 0.689803898335, -1.2482932806, 0.250366836786, -1.67202830315], [292.260284424, 36.3664970398, -21.2473640442, -0.477639496326, 4.52963018417, 14.3587684631, -2.56104516983, 3.91579818726, 2.55689501762, 6.4963259697, 0.502396643162, 2.80463647842, -1.50789761543], [-795.807617188, -77.4625854492, 22.6486644745, -9.7406835556, -0.434983432293, -2.56104516983, 17.9828338623, 2.540361166, 5.05895853043, 1.29791915417, 11.7595033646, 4.75483989716, 5.24111223221], [-69.8101272583, 3.57539582253, -6.68514919281, -2.93235659599, 1.34162151814, 3.91579818726, 2.540361166, 5.22286319733, 4.97810602188, 3.10935521126, 4.17482757568, 3.82212996483, 1.01982975006], [-271.631530762, -8.54564189911, -6.24402475357, -7.17262601852, -0.189728721976, 2.55689501762, 5.05895853043, 4.97810602188, 9.10213184357, 4.23181056976, 8.38121986389, 6.93786144257, 3.52297115326], [63.5249099731, 8.52152919769, -11.6115312576, -1.3535977602, 0.689803898335, 6.4963259697, 1.29791915417, 3.10935521126, 4.23181056976, 10.1611509323, 7.2277007103, 5.60537290573, 2.86442732811], [-561.262145996, -42.3125686646, 7.25205993652, -8.53309345245, -1.2482932806, 0.502396643162, 11.7595033646, 4.17482757568, 8.38121986389, 7.2277007103, 16.0109272003, 9.50248241425, 7.38352108002], [-248.153915405, -12.9006290436, -8.25687503815, -8.65239906311, 0.250366836786, 2.80463647842, 4.75483989716, 3.82212996483, 6.93786144257, 5.60537290573, 9.50248241425, 10.6811361313, 4.92747211456], [-319.835327148, -27.3750839233, 5.6114115715, -4.78750324249, -1.67202830315, -1.50789761543, 5.24111223221, 1.01982975006, 3.52297115326, 2.86442732811, 7.38352108002, 4.92747211456, 6.54607534409]],
        "icov": [[0.000337672361638, -0.00149717926979, 0.0018905083416, -0.00332026393153, -0.00108805391937, 0.0016827477375, 0.000352392147761, -7.00721939211e-05, 0.00522446492687, -0.00545133790001, 0.00466391630471, -0.000886009715032, 0.00100695819128], [-0.00149717926979, 0.0180179122835, 0.00612057559192, 0.00384900276549, 0.010033544153, -0.0166064240038, 0.0310773421079, -0.010171844624, -0.0207419674844, 0.0396587066352, -0.0458085723221, 0.0193485114723, 0.00612054485828], [0.0018905083416, 0.00612057559192, 0.0919564440846, -0.0516644790769, -0.0224056392908, 0.033162407577, -0.0226880311966, 0.00518011441454, 0.0776547119021, 0.0436941608787, -0.0756576880813, 0.0823709815741, -0.0169522948563], [-0.00332026393153, 0.00384900276549, -0.0516644790769, 0.148669168353, -0.0602317117155, 0.0190100967884, 0.0485853888094, -0.0228291992098, -0.0265047736466, -0.0141720296815, -0.0551591329277, 0.0685570910573, -0.00838422495872], [-0.00108805391937, 0.010033544153, -0.0224056392908, -0.0602317117155, 0.253237277269, -0.108535803854, -0.0325362980366, -0.0325319953263, -0.0193050447851, 0.0493999607861, 0.0575659759343, -0.116557255387, 0.046333540231], [0.0016827477375, -0.0166064240038, 0.033162407577, 0.0190100967884, -0.108535803854, 0.224454656243, -0.0479165054858, -0.0654206797481, 0.0528594926, -0.155328884721, 0.06363029778, 0.0325030982494, 0.0140677290037], [0.000352392147761, 0.0310773421079, -0.0226880311966, 0.0485853888094, -0.0325362980366, -0.0479165054858, 0.366200357676, -0.0960400477052, 0.0213544685394, 0.0595002807677, -0.232416063547, 0.0831940323114, 0.0665752515197], [-7.00721939211e-05, -0.010171844624, 0.00518011441454, -0.0228291992098, -0.0325319953263, -0.0654206797481, -0.0960400477052, 0.546271383762, -0.269085377455, 0.00149031344336, 0.0200139638036, -0.0268952976912, 0.0431472174823], [0.00522446492687, -0.0207419674844, 0.0776547119021, -0.0265047736466, -0.0193050447851, 0.0528594926, 0.0213544685394, -0.269085377455, 0.54444360733, 0.00339529663324, -0.1439589113, -0.0169166177511, -0.00474567804486], [-0.00545133790001, 0.0396587066352, 0.0436941608787, -0.0141720296815, 0.0493999607861, -0.155328884721, 0.0595002807677, 0.00149031344336, 0.00339529663324, 0.486949026585, -0.388045668602, 0.0644107088447, -0.0450535900891], [0.00466391630471, -0.0458085723221, -0.0756576880813, -0.0551591329277, 0.0575659759343, 0.06363029778, -0.232416063547, 0.0200139638036, -0.1439589113, -0.388045668602, 0.752296090126, -0.295152753592, -0.105940453708], [-0.000886009715032, 0.0193485114723, 0.0823709815741, 0.0685570910573, -0.116557255387, 0.0325030982494, 0.0831940323114, -0.0268952976912, -0.0169166177511, 0.0644107088447, -0.295152753592, 0.472709864378, -0.109544679523], [0.00100695819128, 0.00612054485828, -0.0169522948563, -0.00838422495872, 0.046333540231, 0.0140677290037, 0.0665752515197, 0.0431472174823, -0.00474567804486, -0.0450535900891, -0.105940453708, -0.109544679523, 0.415228039026]]
    },
    "spectral_contrast_coeffs": {
        "max": [-0.161945998669, -0.478945195675, -0.502134382725, -0.54594451189, -0.595020294189, -0.634691059589],
        "mean": [-0.931517541409, -0.945532143116, -0.943232655525, -0.944447338581, -0.942004621029, -0.9379144907],
        "min": [-0.983552873135, -0.982064962387, -0.979464173317, -0.973958432674, -0.96944797039, -0.966200232506],
        "stdev": [0.119574338198, 0.0655039027333, 0.0587198473513, 0.0588420219719, 0.0613264068961, 0.0702169239521]
    },
    "spectral_contrast_valleys": {
        "max": [-3.9080080986, -3.20515656471, -4.24640703201, -3.80199837685, -3.685100317, -5.91038322449],
        "mean": [-25.3055458069, -25.2090625763, -25.2839679718, -25.2238693237, -25.2617835999, -25.5152854919],
        "min": [-28.2558288574, -28.0021018982, -27.9762210846, -27.7331504822, -27.5174427032, -27.456615448],
        "stdev": [5.94886684418, 6.18771696091, 6.13757324219, 6.21155023575, 6.16714906693, 5.43544197083]
    }
},
"rhythm": {
    "beats_count": 28,
    "beats_loudness": {
        "max": 2.74203181267,
        "mean": 0.0985924527049,
        "min": 0,
        "stdev": 0.508740246296
    },
    "bpm": 151.156860352,
    "bpm_histogram_first_peak_bpm": 152,
    "bpm_histogram_first_peak_weight": 0.33333337307,
    "bpm_histogram_second_peak_bpm": 126,
    "bpm_histogram_second_peak_spread": 0.54545456171,
    "bpm_histogram_second_peak_weight": 0.185185179114,
    "danceability": 1.93086516857,
    "onset_rate": 0.470242828131,
    "beats_loudness_band_ratio": {
        "max": [0.0635318234563, 0.472393155098, 0.192185461521, 0.451361656189, 0.376687258482, 0.182040557265],
        "mean": [0.00564795779064, 0.0198510549963, 0.0154630327597, 0.027062477544, 0.0274708326906, 0.013595550321],
        "min": [0, 0, 0, 0, 0, 0],
        "stdev": [0.016769817099, 0.0878518968821, 0.0462121143937, 0.0946278423071, 0.0878197327256, 0.0463649630547]
    },
    "beats_position": [0.46439909935, 0.940408170223, 1.4164172411, 1.89242625237, 2.36843538284, 2.8444442749, 3.33206343651, 3.8196823597, 4.3073015213, 4.82975053787, 5.35219955444, 5.87464857101, 6.33904743195, 6.80344676971, 7.26784563065, 7.6858048439, 8.09215450287, 8.498503685, 8.90485286713, 9.29959201813, 9.69433116913, 10.0890703201, 10.4838094711, 10.866938591, 11.261677742, 11.656416893, 12.0279359818, 12.3994560242],
    "bpm_histogram": [0, 0, 0, 0, 0, 0, 0, 0, 0, 0, 0, 0, 0, 0, 0, 0, 0, 0, 0, 0, 0, 0, 0, 0, 0, 0, 0, 0, 0, 0, 0, 0, 0, 0, 0, 0, 0, 0, 0, 0, 0, 0, 0, 0, 0, 0, 0, 0, 0, 0, 0, 0, 0, 0, 0, 0, 0, 0, 0, 0, 0, 0, 0, 0, 0, 0, 0, 0, 0, 0, 0, 0, 0, 0, 0, 0, 0, 0, 0, 0, 0, 0, 0, 0, 0, 0, 0, 0, 0, 0, 0, 0, 0, 0, 0, 0, 0, 0, 0, 0, 0, 0, 0, 0, 0, 0, 0, 0, 0, 0, 0, 0, 0, 0, 0, 0.111111111939, 0, 0, 0, 0, 0, 0, 0, 0.111111111939, 0, 0, 0.185185179114, 0, 0, 0.111111111939, 0, 0, 0, 0, 0, 0, 0, 0, 0, 0, 0, 0, 0, 0, 0.037037037313, 0, 0, 0, 0.111111111939, 0, 0, 0, 0.222222223878, 0, 0, 0, 0, 0.037037037313, 0, 0, 0, 0.074074074626, 0, 0, 0, 0, 0, 0, 0, 0, 0, 0, 0, 0, 0, 0, 0, 0, 0, 0, 0, 0, 0, 0, 0, 0, 0, 0, 0, 0, 0, 0, 0, 0, 0, 0, 0, 0, 0, 0, 0, 0, 0, 0, 0, 0, 0, 0, 0, 0, 0, 0, 0, 0, 0, 0, 0, 0, 0, 0, 0, 0, 0, 0, 0, 0, 0, 0, 0, 0, 0, 0, 0, 0, 0, 0, 0, 0, 0, 0, 0, 0, 0, 0, 0, 0, 0, 0, 0, 0]
},
"tonal": {
    "chords_changes_rate": 0.0326086953282,
    "chords_number_rate": 0.0144927538931,
    "chords_strength": {
        "max": 0.716234385967,
        "mean": -0.730246663094,
        "min": -1,
        "stdev": 0.597086489201
    },
    "hpcp_crest": {
        "max": 13.7735462189,
        "mean": 0.691200613976,
        "min": 0,
        "stdev": 2.33279514313
    },
    "hpcp_entropy": {
        "max": 4.23653459549,
        "mean": 0.32163643837,
