{
"metadata": {
    "version": {
        "essentia": "2.1-beta5",
        "essentia_git_sha": "Undefined",
        "extractor": "music 2.0"
    },
    "audio_properties": {
        "analysis": {
            "equal_loudness": 0,
            "length": 12.7477550507,
            "sample_rate": 44100,
            "start_time": 0,
            "downmix": "mix"
        },
        "bit_rate": 192000,
        "length": 212.950210571,
        "lossless": 0,
        "number_channels": 2,
        "replay_gain": 15.560956955,
        "sample_rate": 48000,
        "codec": "mp3",
        "md5_encoded": "c78cbdafe3639b980409302ac3f9ce48"
    },
    "tags": {
        "file_name": "Cyprus_Mi Stamatas_Kyriakos Zymboulakis _ Demos Van Beke.mp3",
        "encoding": ["Lavf58.29.100"]
    }
},
"lowlevel": {
    "average_loudness": 0.000111891400593,
    "barkbands_crest": {
        "max": 8.52376937866,
        "mean": 6.4244093895,
        "min": 3.29069113731,
        "stdev": 0.788954377174
    },
    "barkbands_flatness_db": {
        "max": 0.110991455615,
        "mean": 0.0761515498161,
        "min": 0.0514779537916,
        "stdev": 0.00836684089154
    },
    "barkbands_kurtosis": {
        "max": 5.96639251709,
        "mean": 3.04527974129,
        "min": -0.243577718735,
        "stdev": 0.955661177635
    },
    "barkbands_skewness": {
        "max": 0.534854888916,
        "mean": -1.6936237812,
        "min": -2.28509783745,
        "stdev": 0.483282864094
    },
    "barkbands_spread": {
        "max": 43.4756660461,
        "mean": 25.5020065308,
        "min": 10.9619045258,
        "stdev": 4.10126113892
    },
    "dissonance": {
        "max": 0.500000059605,
        "mean": 0.493372291327,
        "min": 0.462798953056,
        "stdev": 0.00522241974249
    },
    "dynamic_complexity": 16.0160217285,
    "erbbands_crest": {
        "max": 9.95418834686,
        "mean": 3.76704335213,
        "min": 2.59900474548,
        "stdev": 1.03455805779
    },
    "erbbands_flatness_db": {
        "max": 0.221758201718,
        "mean": 0.107781365514,
        "min": 0.0836583524942,
        "stdev": 0.0274020712823
    },
    "erbbands_kurtosis": {
        "max": 3.360476017,
        "mean": 0.178949892521,
        "min": -0.679325819016,
        "stdev": 0.387383550406
    },
    "erbbands_skewness": {
        "max": 1.06440722942,
        "mean": -0.546264886856,
        "min": -0.985294342041,
        "stdev": 0.321489870548
    },
    "erbbands_spread": {
        "max": 43.9008522034,
        "mean": 34.5702972412,
        "min": 10.4232349396,
        "stdev": 5.84272289276
    },
    "hfc": {
        "max": 366.240600586,
        "mean": 11.3403320312,
        "min": 1.06168320601e-16,
        "stdev": 49.510887146
    },
    "loudness_ebu128": {
        "integrated": -33.242149353,
        "loudness_range": 14.1672134399,
        "momentary": {
            "max": -30.3556690216,
            "mean": -274.150909424,
            "min": -300.691009521,
            "stdev": 78.2176132202
        },
        "short_term": {
            "max": -37.2899780273,
            "mean": -268.271972656,
            "min": -300.691009521,
            "stdev": 83.7666702271
        }
    },
    "melbands_crest": {
        "max": 7.75210046768,
        "mean": 2.60541582108,
        "min": 1.473082304,
        "stdev": 0.967773377895
    },
    "melbands_flatness_db": {
        "max": 0.0809019654989,
        "mean": 0.0116166798398,
        "min": 0.00162613205612,
        "stdev": 0.0157883353531
    },
    "melbands_kurtosis": {
        "max": 3.06821060181,
        "mean": -0.988258957863,
        "min": -1.45244324207,
        "stdev": 0.648956477642
    },
    "melbands_skewness": {
        "max": 0.767687737942,
        "mean": 0.011259120889,
        "min": -0.797332704067,
        "stdev": 0.154082342982
    },
    "melbands_spread": {
        "max": 167.67729187,
        "mean": 123.438064575,
        "min": 26.9096260071,
        "stdev": 28.3539943695
    },
    "pitch_salience": {
        "max": 0.875720620155,
        "mean": 0.792008221149,
        "min": 0.74996393919,
        "stdev": 0.013372820802
    },
    "silence_rate_20dB": {
        "max": 1,
        "mean": 1,
        "min": 1,
        "stdev": 0
    },
    "silence_rate_30dB": {
        "max": 1,
        "mean": 0.980000019073,
        "min": 0,
        "stdev": 0.139999985695
    },
    "silence_rate_60dB": {
        "max": 1,
        "mean": 0.925454556942,
        "min": 0,
        "stdev": 0.262656509876
    },
    "spectral_centroid": {
        "max": 11865.5322266,
        "mean": 10239.9042969,
        "min": 2237.65820312,
        "stdev": 2480.18261719
    },
    "spectral_complexity": {
        "max": 61,
        "mean": 3.72909092903,
        "min": 0,
        "stdev": 13.2755842209
    },
    "spectral_decrease": {
        "max": 2.38740394429e-28,
        "mean": -1.02021113779e-09,
        "min": -3.27806652933e-08,
        "stdev": 4.44788827991e-09
    },
    "spectral_energy": {
        "max": 0.156940892339,
        "mean": 0.00487911421806,
        "min": 9.89175049792e-21,
        "stdev": 0.0212434176356
    },
    "spectral_energyband_high": {
        "max": 0.0276159141213,
        "mean": 0.000571857148316,
        "min": 6.73688768061e-21,
        "stdev": 0.00259808497503
    },
    "spectral_energyband_low": {
        "max": 0.00222547468729,
        "mean": 5.19356653967e-05,
        "min": 7.81661602828e-24,
        "stdev": 0.000237600223045
    },
    "spectral_energyband_middle_high": {
        "max": 0.124712117016,
        "mean": 0.00387128745206,
        "min": 1.10768854426e-21,
        "stdev": 0.0168549548835
    },
    "spectral_energyband_middle_low": {
        "max": 0.0217843111604,
        "mean": 0.00040489967796,
        "min": 1.42903667594e-22,
        "stdev": 0.002003894886
    },
    "spectral_entropy": {
        "max": 9.83242988586,
        "mean": 9.64738750458,
        "min": 7.90900707245,
        "stdev": 0.47769510746
    },
    "spectral_flux": {
        "max": 0.249555572867,
        "mean": 0.011901714839,
        "min": 6.32300323211e-11,
        "stdev": 0.0447078421712
    },
    "spectral_kurtosis": {
        "max": 9.27258682251,
        "mean": -0.761458754539,
        "min": -1.2826256752,
        "stdev": 1.38804757595
    },
    "spectral_rms": {
        "max": 0.0123738870025,
        "mean": 0.000563870824408,
        "min": 3.10652350198e-12,
        "stdev": 0.00210764328949
    },
    "spectral_rolloff": {
        "max": 19745.9472656,
        "mean": 17380.7363281,
        "min": 2519.38476562,
        "stdev": 4392.83984375
    },
    "spectral_skewness": {
        "max": 2.79745554924,
        "mean": 0.136928036809,
        "min": -0.109664477408,
        "stdev": 0.431881904602
    },
    "spectral_spread": {
        "max": 43051908,
        "mean": 37083816,
        "min": 3152211.75,
        "stdev": 10583470
    },
    "spectral_strongpeak": {
        "max": 6.99327039719,
        "mean": 0.189978793263,
        "min": 0,
        "stdev": 0.783128798008
    },
    "zerocrossingrate": {
        "max": 0.71044921875,
        "mean": 0.467556804419,
        "min": 0.05712890625,
        "stdev": 0.108903929591
    },
    "barkbands": {
        "max": [0.00142450490966, 0.00109992630314, 0.000316924706567, 0.000452980282716, 0.00233398424461, 0.00234384811483, 0.00224919756874, 0.00908078439534, 0.0105837602168, 0.00942262914032, 0.00958564784378, 0.0107516143471, 0.0225389525294, 0.0324947573245, 0.0254911128432, 0.026662517339, 0.0174067411572, 0.0241069979966, 0.0125378780067, 0.0055516064167, 0.00880855228752, 0.00860286783427, 0.00747989397496, 0.00543962884694, 0.00132067908999, 0.000293392979074, 1.75554705493e-05],
        "mean": [2.7433190553e-05, 2.13850926229e-05, 7.04013200448e-06, 8.18112948764e-06, 3.06472538796e-05, 3.03522465401e-05, 3.86495412386e-05, 0.000100999837741, 0.000154771129019, 0.00015877909027, 0.000187291079783, 0.000292602198897, 0.000409568048781, 0.000518831890076, 0.00061386579182, 0.000672508496791, 0.000429112405982, 0.000347576482454, 0.000193519968889, 0.000132481320179, 0.000166018115124, 0.00013196816144, 0.000100572397059, 6.9352950959e-05, 2.90159168799e-05, 6.54924588162e-06, 3.4384594727e-08],
        "min": [2.74790205351e-26, 1.38352880887e-24, 6.80443017851e-25, 2.92517167138e-25, 6.25293002549e-24, 3.38588487966e-24, 7.98266020477e-24, 2.5131420278e-24, 1.20080249221e-23, 1.11313637981e-23, 1.12751194986e-23, 2.01444940707e-23, 1.89587730213e-23, 1.86394452823e-23, 3.62180304192e-23, 4.41234138097e-23, 6.48187631396e-23, 6.00806815271e-23, 6.54202222482e-23, 1.56524417662e-22, 2.08528072288e-22, 3.05042742796e-22, 3.10003377847e-22, 5.23419535226e-22, 7.66119547315e-22, 1.28388720339e-21, 1.8662408329e-21],
        "stdev": [0.00013367041538, 0.000104252212623, 3.45754742739e-05, 3.99648415623e-05, 0.000164749479154, 0.000163849224919, 0.000192627543584, 0.000667344371323, 0.000828005897347, 0.000746373727452, 0.00084343412891, 0.00128670234699, 0.00206379382871, 0.00269454554655, 0.00271188770421, 0.00308862212114, 0.001938401605, 0.00192862167023, 0.000996914575808, 0.00059555383632, 0.000784507603385, 0.000663821585476, 0.000499581976328, 0.000367131491657, 0.000135650421726, 3.03435426758e-05, 7.48040918097e-07]
    },
    "erbbands": {
        "max": [0.0653527528048, 0.186789900064, 0.332035064697, 0.952233076096, 3.15740919113, 9.90902614594, 22.879404068, 15.7628097534, 34.4798622131, 51.0436973572, 254.894195557, 218.946640015, 358.732696533, 271.564788818, 330.297271729, 455.308227539, 1122.09545898, 1168.18481445, 1540.39538574, 1548.96374512, 1346.06335449, 963.210205078, 1388.94848633, 653.613586426, 727.671875, 261.531951904, 271.830657959, 411.65335083, 329.337463379, 279.794891357, 196.166183472, 132.350509644, 78.0284881592, 18.220872879, 7.86497068405, 2.72354650497, 0.477177292109, 0.0230601187795, 0.00265155127272, 0.000370685302187],
        "mean": [0.00111827219371, 0.00323586608283, 0.00701302941889, 0.0210375580937, 0.0423697195947, 0.111309088767, 0.222477301955, 0.259986281395, 0.494444191456, 0.93487071991, 2.53472948074, 3.33974480629, 4.63617324829, 6.61910390854, 8.32324409485, 12.8527536392, 18.4257621765, 23.3295097351, 32.3963394165, 34.7939414978, 34.9230232239, 24.6044940948, 20.0260906219, 12.3386287689, 8.77773761749, 6.26723623276, 6.04523134232, 6.78029680252, 4.62108802795, 4.1523475647, 2.69770312309, 1.75200426579, 0.943966090679, 0.393780440092, 0.174792066216, 0.0514969862998, 0.00768922967836, 0.000284720648779, 1.87526911759e-05, 8.96102028491e-06],
        "min": [5.5834148611e-23, 2.01056196364e-22, 5.72509907595e-22, 2.65584490821e-21, 5.50002527096e-21, 2.09183669469e-20, 2.04664419891e-20, 3.86369084787e-20, 8.16732869052e-20, 1.12780001914e-19, 1.74426541793e-19, 3.71563379003e-19, 4.20945027597e-19, 5.89183948215e-19, 7.49790628418e-19, 9.57008781042e-19, 1.17727849956e-18, 1.474077314e-18, 1.81200675381e-18, 2.63994237547e-18, 3.57444429583e-18, 3.7379832796e-18, 4.16906514711e-18, 5.46385633662e-18, 5.27262582747e-18, 7.53521088904e-18, 7.42063065777e-18, 7.80590905322e-18, 8.39466312601e-18, 1.03522116882e-17, 9.47241328972e-18, 8.83905184803e-18, 9.19075084652e-18, 7.53614973903e-18, 5.86009446159e-18, 4.05050989941e-18, 2.04614146697e-18, 8.72892267564e-19, 2.38607227027e-19, 2.43048702241e-20],
        "stdev": [0.00555505836383, 0.0160150565207, 0.0337720476091, 0.100545167923, 0.221084237099, 0.655881524086, 1.3711681366, 1.35602211952, 2.59349370003, 4.7003030777, 17.1375713348, 17.1933765411, 24.2307224274, 29.6699790955, 35.5773658752, 56.8314704895, 92.1625442505, 112.944900513, 146.999847412, 158.891677856, 156.296554565, 112.133720398, 108.660255432, 60.317073822, 48.8672523499, 28.5564098358, 26.8908748627, 33.6750793457, 23.4359397888, 20.3202457428, 13.6751565933, 9.25709915161, 4.96278476715, 1.86977255344, 0.810064673424, 0.239100545645, 0.0360921733081, 0.00148010102566, 0.000128762869281, 3.97960466216e-05]
    },
    "gfcc": {
        "mean": [-1145.7220459, 1.01412606239, -17.3084526062, 2.2995223999, -6.09497404099, 3.18567228317, -4.17057466507, 1.23891484737, -1.86990439892, 0.646046459675, -1.7058391571, 0.390516906977, -0.571782469749],
        "cov": [[140978.296875, 1608.79052734, -20234.1875, 2783.01831055, -7041.66455078, 3757.58886719, -4855.91210938, 1463.17102051, -2137.62670898, 762.195495605, -1963.70080566, 450.326171875, -647.238769531], [1608.79052734, 73.2791290283, -216.200485229, 39.134475708, -68.3348312378, 44.2205276489, -53.6874198914, 13.1331787109, -20.2824420929, 6.87599754333, -19.6378231049, 1.99360430241, -5.12522602081], [-20234.1875, -216.200485229, 2924.37036133, -396.506378174, 1020.92498779, -541.984924316, 701.823120117, -209.657028198, 311.649993896, -108.897476196, 285.123901367, -64.5733108521, 94.5913543701], [2783.01831055, 39.134475708, -396.506378174, 61.6611175537, -136.230743408, 74.7247085571, -95.6340713501, 28.3470363617, -41.1580810547, 15.148733139, -38.268825531, 8.20081806183, -11.5360717773], [-7041.66455078, -68.3348312378, 1020.92498779, -136.230743408, 361.767852783, -188.315368652, 246.032989502, -73.1549606323, 109.294685364, -38.1001625061, 98.7234573364, -22.4416160583, 33.9381484985], [3757.58886719, 44.2205276489, -541.984924316, 74.7247085571, -188.315368652, 105.204048157, -128.776977539, 39.0201644897, -57.8915405273, 19.8015956879, -53.5141181946, 11.4757223129, -17.8331546783], [-4855.91210938, -53.6874198914, 701.823120117, -95.6340713501, 246.032989502, -128.776977539, 172.772155762, -49.0713310242, 75.6340789795, -25.0752449036, 67.9627609253, -15.7234706879, 22.3592662811], [1463.17102051, 13.1331787109, -209.657028198, 28.3470363617, -73.1549606323, 39.0201644897, -49.0713310242, 19.5090808868, -19.9290809631, 8.31130123138, -19.7082290649, 4.77267169952, -7.45215415955], [-2137.62670898, -20.2824420929, 311.649993896, -41.1580810547, 109.294685364, -57.8915405273, 75.6340789795, -19.9290809631, 37.3893928528, -10.7383508682, 31.9427394867, -6.71990823746, 10.3495292664], [762.195495605, 6.87599754333, -108.897476196, 15.148733139, -38.1001625061, 19.8015956879, -25.0752449036, 8.31130123138, -10.7383508682, 7.24137830734, -10.1203584671, 2.3726952076, -3.08600282669], [-1963.70080566, -19.6378231049, 285.123901367, -38.268825531, 98.7234573364, -53.5141181946, 67.9627609253, -19.7082290649, 31.9427394867, -10.1203584671, 30.7803821564, -5.35406112671, 9.71286678314], [450.326171875, 1.99360430241, -64.5733108521, 8.20081806183, -22.4416160583, 11.4757223129, -15.7234706879, 4.77267169952, -6.71990823746, 2.3726952076, -5.35406112671, 3.64356350899, -1.3728634119], [-647.238769531, -5.12522602081, 94.5913543701, -11.5360717773, 33.9381484985, -17.8331546783, 22.3592662811, -7.45215415955, 10.3495292664, -3.08600282669, 9.71286678314, -1.3728634119, 5.00135660172]],
        "icov": [[0.00179525872227, -0.00348928105086, 0.0104946652427, -0.00555894384161, -0.000949337903876, 0.000790287624113, 0.00103997043334, -0.0059169633314, -0.000425653153798, -0.00568379973993, 0.00222495757043, -0.0100528309122, 0.00353162316605], [-0.00348928105086, 0.0418723411858, -0.00297233113088, -0.00548761244863, -0.0439027622342, -0.0263205524534, 0.0199710354209, 0.0422327369452, -0.0239198785275, 0.0239062644541, -0.0488109402359, 0.0772809609771, -0.00712399883196], [0.0104946652427, -0.00297233113088, 0.155951336026, -0.00480125797912, -0.119171373546, 0.0562717579305, -0.0631128996611, 0.035572052002, -0.0299250055104, 0.0223908573389, -0.105318494141, 0.0353882610798, 0.0289573166519], [-0.00555894384161, -0.00548761244863, -0.00480125797912, 0.214369758964, -0.0403367951512, -0.0482981614769, 0.0435894876719, -0.0011437489884, -0.0179120022804, -0.00681111915037, -0.0248175468296, 0.103445343673, -0.125370770693], [-0.000949337903876, -0.0439027622342, -0.119171373546, -0.0403367951512, 0.332238554955, 0.0234696958214, -0.0986558645964, -0.0359281338751, -0.0151425665244, 0.0323989763856, 0.178012907505, -0.117648310959, -0.116953723133], [0.000790287624113, -0.0263205524534, 0.0562717579305, -0.0482981614769, 0.0234696958214, 0.282121509314, -0.110249824822, -0.0234795324504, 0.0389406904578, 0.0438589826226, 0.0505384504795, -0.0323376432061, 0.0436694398522], [0.00103997043334, 0.0199710354209, -0.0631128996611, 0.0435894876719, -0.0986558645964, -0.110249824822, 0.361550450325, -0.0395868569613, -0.0610800907016, -0.124697744846, 0.0320263281465, 0.0282632950693, 0.045268330723], [-0.0059169633314, 0.0422327369452, 0.035572052002, -0.0011437489884, -0.0359281338751, -0.0234795324504, -0.0395868569613, 0.435451507568, -0.243151322007, 0.020225526765, -0.0369127206504, 0.00317259458825, 0.176225826144], [-0.000425653153798, -0.0239198785275, -0.0299250055104, -0.0179120022804, -0.0151425665244, 0.0389406904578, -0.0610800907016, -0.243151322007, 0.498505085707, -0.03758732602, -0.187975227833, 0.0530407726765, -0.0777232572436], [-0.00568379973993, 0.0239062644541, 0.0223908573389, -0.00681111915037, 0.0323989763856, 0.0438589826226, -0.124697744846, 0.020225526765, -0.03758732602, 0.423016250134, -0.062515579164, 0.110642366111, -0.13552442193], [0.00222495757043, -0.0488109402359, -0.105318494141, -0.0248175468296, 0.178012907505, 0.0505384504795, 0.0320263281465, -0.0369127206504, -0.187975227833, -0.062515579164, 0.642297387123, -0.310696005821, -0.0356022268534], [-0.0100528309122, 0.0772809609771, 0.0353882610798, 0.103445343673, -0.117648310959, -0.0323376432061, 0.0282632950693, 0.00317259458825, 0.0530407726765, 0.110642366111, -0.310696005821, 0.818520069122, -0.30448320508], [0.00353162316605, -0.00712399883196, 0.0289573166519, -0.125370770693, -0.116953723133, 0.0436694398522, 0.045268330723, 0.176225826144, -0.0777232572436, -0.13552442193, -0.0356022268534, -0.30448320508, 0.885140180588]]
    },
    "melbands": {
        "max": [0.000508475233801, 0.000191152095795, 0.000168742539245, 0.00037748151226, 0.000748714781366, 0.000361092563253, 0.000477635592688, 0.000811582314782, 0.0020378457848, 0.00150140165351, 0.00183031358756, 0.0010687984759, 0.00123888708185, 0.00105638511013, 0.0020456367638, 0.00258392631076, 0.00210152822547, 0.0030510739889, 0.00207288633101, 0.0022663353011, 0.00159776362125, 0.000972122710664, 0.0012152150739, 0.00117702060379, 0.000500248745084, 0.000611198076513, 0.000282587017864, 0.000153535918798, 0.000176716639544, 0.000236920561292, 0.000212888829992, 0.000172963627847, 0.000181326729944, 0.000155376663315, 0.000121482087707, 0.000102204212453, 6.65539992042e-05, 6.92335743224e-05, 2.42987116508e-05, 1.55827328854e-05],
        "mean": [1.00829329313e-05, 4.00162434744e-06, 4.13793850385e-06, 5.11702273798e-06, 7.5952766565e-06, 6.00651992499e-06, 7.53179028834e-06, 1.2204270206e-05, 2.03659601539e-05, 2.25014136959e-05, 2.31002668443e-05, 2.59710268438e-05, 2.6655216061e-05, 2.9777900636e-05, 3.80914352718e-05, 4.19289826823e-05, 4.35561669292e-05, 5.28423406649e-05, 4.59479524579e-05, 4.63620490336e-05, 3.95914976252e-05, 2.58858144662e-05, 2.02208211704e-05, 1.60282052093e-05, 9.34320814849e-06, 6.92759658705e-06, 5.06676633449e-06, 3.94783683078e-06, 3.56887244379e-06, 4.19973230237e-06, 3.71416103917e-06, 2.49882987191e-06, 2.56332464232e-06, 2.21050345317e-06, 1.68290466718e-06, 1.12736347546e-06, 1.03786760519e-06, 7.29834027879e-07, 4.18170316152e-07, 3.05895838437e-07],
        "min": [5.45443377596e-25, 3.25793686703e-25, 5.88505963209e-25, 1.02879857018e-24, 6.31157453683e-25, 8.34811954343e-25, 1.17006502007e-24, 8.77854867737e-25, 9.71794790913e-25, 1.49175884874e-24, 1.64325149976e-24, 1.65304599676e-24, 2.00720095864e-24, 1.84943863836e-24, 2.35601750156e-24, 1.83291929936e-24, 1.82905605029e-24, 1.65765176116e-24, 2.91299372977e-24, 2.78427766244e-24, 2.37113109043e-24, 3.57507581283e-24, 3.18443978118e-24, 2.73570591879e-24, 3.74669092504e-24, 3.17980423728e-24, 3.11564992695e-24, 3.75762887592e-24, 3.85608423892e-24, 4.26554840823e-24, 4.20535989889e-24, 3.62653518183e-24, 3.99423113837e-24, 4.79435066643e-24, 4.62922511845e-24, 4.80262976163e-24, 4.7359485326e-24, 5.50002658362e-24, 5.11996562683e-24, 5.90302722111e-24],
        "stdev": [4.80382259411e-05, 1.86812358152e-05, 1.92581173906e-05, 2.84637571895e-05, 4.53174143331e-05, 3.10556097247e-05, 3.88083644793e-05, 6.42649101792e-05, 0.000133650260977, 0.000118235599075, 0.00012218883785, 0.000117477655294, 0.000116870920465, 0.000130184082082, 0.000181728304597, 0.000219891575398, 0.00021647689573, 0.000252388213994, 0.000205409553018, 0.000219679772272, 0.000179315320565, 0.000116870549391, 0.000108792257379, 9.01301609701e-05, 4.56609050161e-05, 4.03980520787e-05, 2.54198275798e-05, 1.78887257789e-05, 1.59808842e-05, 2.02997543965e-05, 1.848762804e-05, 1.26536851894e-05, 1.33391358759e-05, 1.07860378193e-05, 8.63461900735e-06, 6.20220134806e-06, 5.33302454642e-06, 4.07228026233e-06, 2.0137588308e-06, 1.46006971136e-06]
    },
    "melbands128": {
        "max": [0.000863250694238, 0.000725967402104, 0.000362953986041, 0.000305865309201, 0.000197628047317, 0.000186496807146, 0.000233811966609, 0.000238021908444, 0.00034819560824, 0.000433760840679, 0.000604321423452, 0.000670011620969, 0.000874645309523, 0.000766599958297, 0.000333389791194, 0.000581501750275, 0.00066233437974, 0.000605007400736, 0.000563244509976, 0.000535720435437, 0.000927474175114, 0.00244982913136, 0.00321521353908, 0.000821574300062, 0.000905591703486, 0.0025993201416, 0.0026480560191, 0.00163273455109, 0.00155359599739, 0.00156821880955, 0.00166212720796, 0.00170050584711, 0.00132851861417, 0.00110915035475, 0.00131846335717, 0.00194269779604, 0.0018992893165, 0.00255476729944, 0.00301362713799, 0.00459131971002, 0.00407272996381, 0.00409589381889, 0.00222739414312, 0.00275821308605, 0.00609147222713, 0.00234113400802, 0.00273494469002, 0.00162818585522, 0.00211367639713, 0.00258989306167, 0.00336910225451, 0.00209200708196, 0.00202025519684, 0.00221886951476, 0.00147106742952, 0.00110942090396, 0.00142330094241, 0.00136078998912, 0.00140344281681, 0.00161819509231, 0.00145277683623, 0.00159844593145, 0.000673515140079, 0.000431798485806, 0.000464096781798, 0.000603997206781, 0.000934031966608, 0.000395775248762, 0.000254404818406, 0.000313609780278, 0.000209327365155, 0.00014406608534, 0.000209480276681, 0.000188080215594, 0.000126548911794, 0.000204299387406, 0.000276234408375, 0.000439985655248, 0.000159720089869, 0.00027582605253, 0.000120477132441, 0.000256226689089, 0.000235430663452, 0.00021269278659, 0.000175947643584, 0.000118681149615, 0.000180619623279, 0.000171222840436, 0.000116895818792, 9.80442928267e-05, 0.00012576514564, 8.80116785993e-05, 0.000129269974423, 4.98335975863e-05, 5.45886177861e-05, 9.38651137403e-05, 7.20736497897e-05, 3.60562444257e-05, 2.23032639042e-05, 2.59456755884e-05, 2.02134742722e-05, 1.5230731151e-05, 1.72161708178e-05, 1.62126452778e-05, 1.06845991468e-05, 7.74575073592e-06, 7.38755670682e-06, 5.6408407545e-06, 5.87460908719e-06, 3.14951353175e-06, 2.62710932475e-06, 2.35619040723e-06, 1.18257048598e-06, 9.62544731919e-07, 4.14462192566e-07, 8.0731432206e-08, 8.22897234798e-08, 8.05103397283e-08, 7.93978784941e-08, 7.87739509178e-08, 7.61672040994e-08, 7.50223989598e-08, 7.28133855432e-08, 7.20250383779e-08, 7.10139502758e-08, 6.9735698105e-08, 6.87989185622e-08, 6.85151917423e-08],
        "mean": [1.92324023374e-05, 1.19148689919e-05, 7.04203694113e-06, 5.01841032019e-06, 3.2161008221e-06, 3.89993556382e-06, 4.321416327e-06, 3.98219117415e-06, 4.27558916272e-06, 3.98444808525e-06, 6.38305255052e-06, 8.42829558678e-06, 8.19780234451e-06, 6.34653861198e-06, 5.41883628102e-06, 5.60106082048e-06, 7.84062376624e-06, 7.90113608673e-06, 7.16906470188e-06, 9.00782470126e-06, 1.39773110277e-05, 2.33305909205e-05, 2.36949326791e-05, 1.36055141411e-05, 1.82707663043e-05, 2.79762043647e-05, 2.86775157292e-05, 2.06572713068e-05, 1.96792389033e-05, 2.49631248153e-05, 2.80375097645e-05, 2.85173646262e-05, 2.5790228392e-05, 2.58628751908e-05, 2.75465645245e-05, 2.89792096737e-05, 3.68653782061e-05, 4.0107883251e-05, 3.55381525878e-05, 4.29908359365e-05, 4.43382559752e-05, 3.96155119233e-05, 3.83678452636e-05, 4.66909477836e-05, 5.82128777751e-05, 5.33367638127e-05, 5.05036005052e-05, 3.95419629058e-05, 4.79540103697e-05, 5.02911461808e-05, 4.47819365945e-05, 4.43181270384e-05, 4.40149669885e-05, 3.66887761629e-05, 3.08558446704e-05, 2.37827316596e-05, 2.39385772147e-05, 2.03023209906e-05, 1.91018698388e-05, 1.87914793059e-05, 1.69814065885e-05, 1.39398080137e-05, 9.81737048278e-06, 8.10204983281e-06, 7.8360653788e-06, 6.73859176459e-06, 6.89766011419e-06, 5.83186874792e-06, 4.51758933195e-06, 4.01844908993e-06, 4.11036262449e-06, 3.75347508452e-06, 3.74016349269e-06, 3.41741633747e-06, 3.3785818232e-06, 4.29188912676e-06, 4.22200400862e-06, 5.08680932398e-06, 3.35800041285e-06, 2.9672232813e-06, 2.26850215768e-06, 2.48418496085e-06, 2.5949918836e-06, 2.56132761933e-06, 2.62807702711e-06, 2.1440450837e-06, 2.24114455705e-06, 1.96982887246e-06, 1.76101536908e-06, 1.35637287713e-06, 1.1595190017e-06, 9.82604092314e-07, 1.22398660096e-06, 1.03614570435e-06, 1.00810757431e-06, 7.88915997418e-07, 6.94410971391e-07, 5.8549875348e-07, 4.14995525944e-07, 3.41764575751e-07, 3.03862776718e-07, 3.00989540847e-07, 3.13096677473e-07, 2.52625738995e-07, 1.95006904846e-07, 1.44265115409e-07, 1.26714397197e-07, 1.0125273775e-07, 8.47845740282e-08, 7.27989899474e-08, 5.37011146662e-08, 2.81027414673e-08, 1.87410567065e-08, 6.12741457573e-09, 2.07355888016e-09, 6.0686528025e-10, 2.33696395568e-10, 1.50273821165e-10, 1.48114340237e-10, 1.46816739321e-10, 1.42301559425e-10, 1.39966316315e-10, 1.36004929541e-10, 1.34288094533e-10, 1.31652994062e-10, 1.28154237222e-10, 1.25718255251e-10, 1.25098570392e-10],
        "min": [6.71601893152e-27, 1.85932493905e-25, 1.56022438253e-25, 8.51376591216e-26, 1.5719729866e-25, 2.47497935309e-25, 2.9980801684e-25, 1.54768741059e-25, 1.15086535358e-25, 4.90836749407e-25, 3.4359926341e-25, 1.3434742485e-25, 4.99285659243e-26, 4.01807485366e-25, 2.47819617995e-25, 1.38457118995e-25, 3.18696157228e-25, 2.24262160605e-25, 5.86951216973e-25, 1.76126952853e-25, 2.01799987279e-25, 2.55791377917e-25, 3.55923070339e-25, 4.75433352764e-25, 4.15404932878e-25, 4.40541788407e-25, 5.31461360393e-25, 2.83905862889e-25, 3.57685952595e-25, 6.96752026813e-25, 3.92833255796e-25, 6.75113818702e-25, 8.3483562017e-25, 8.1031101931e-25, 8.17169967666e-25, 6.91900926677e-25, 6.29238845354e-25, 7.81745281248e-25, 7.89444119949e-25, 8.85916335935e-25, 1.13273355824e-24, 7.05618576869e-25, 5.19006479294e-25, 8.65368875937e-25, 9.74947769344e-25, 6.27249091632e-25, 2.42609314976e-25, 7.77280082006e-25, 1.05421113259e-24, 1.45573640297e-24, 4.78522137639e-25, 9.34535016815e-25, 1.15106096643e-24, 1.13770781928e-24, 1.21926795106e-24, 7.35371353378e-25, 9.41617114199e-25, 6.98397738573e-25, 1.0415179662e-24, 1.23304806918e-24, 1.09596475145e-24, 1.21156087862e-24, 1.44687069108e-24, 2.30475475614e-24, 1.01264003643e-24, 1.97662983755e-24, 1.32495460476e-24, 2.08144598324e-24, 1.97873333515e-24, 2.28034187771e-24, 2.07118862211e-24, 1.49822839563e-24, 2.21912784918e-24, 1.52171524997e-24, 1.89986834666e-24, 2.51435726802e-24, 2.13672541118e-24, 2.14891449545e-24, 2.31158333335e-24, 2.31312062604e-24, 2.68826106294e-24, 2.67318178952e-24, 2.52987140102e-24, 2.47192483436e-24, 2.7829054389e-24, 3.06884779552e-24, 2.68076195395e-24, 2.9770263583e-24, 2.66011490027e-24, 3.03031765954e-24, 3.16450822433e-24, 3.40179462639e-24, 3.27174183427e-24, 2.00692742112e-24, 3.7813507122e-24, 3.61653163669e-24, 2.57180902168e-24, 3.58362627619e-24, 3.12860361466e-24, 4.0510078243e-24, 4.31193342946e-24, 3.38248331143e-24, 3.09872550787e-24, 3.43335064032e-24, 3.64442891375e-24, 4.21033090588e-24, 3.5081808025e-24, 4.35899134904e-24, 4.10017042477e-24, 4.71178059548e-24, 4.33357425067e-24, 4.55090227462e-24, 3.99298394927e-24, 4.23979486069e-24, 4.23903518764e-24, 4.68901880292e-24, 4.63212221013e-24, 4.08056328697e-24, 4.64687982551e-24, 3.4302819714e-24, 4.88221478291e-24, 5.07433515106e-24, 5.04290811589e-24, 4.81590629066e-24, 4.87155214449e-24, 4.83567948368e-24, 5.38765926413e-24, 5.08441166583e-24],
        "stdev": [9.09575319383e-05, 5.98887236265e-05, 3.48761095665e-05, 2.54220849456e-05, 1.66890658875e-05, 1.93242685782e-05, 2.19271078095e-05, 2.02759347303e-05, 2.40550343733e-05, 2.68738931481e-05, 4.04411039199e-05, 4.79379632452e-05, 5.34668615728e-05, 4.32467531937e-05, 3.0678431358e-05, 3.37284545822e-05, 4.2940631829e-05, 4.66535711894e-05, 4.00702629122e-05, 4.77524481539e-05, 7.85424199421e-05, 0.000165335048223, 0.000186799705261, 7.23905395716e-05, 8.9696746727e-05, 0.000168803904671, 0.000179829265107, 0.000111714929517, 0.000102262230939, 0.000124580037664, 0.000134322050144, 0.0001463808876, 0.000125150327221, 0.000118499985547, 0.000133281544549, 0.000140849952004, 0.000182696574484, 0.0002054215729, 0.000194104984985, 0.000266932824161, 0.000258639018284, 0.000240454362938, 0.000199517948204, 0.000245367846219, 0.000404403079301, 0.000245412520599, 0.000244871072937, 0.000177616006113, 0.000231690224609, 0.00025505310623, 0.000238664186327, 0.000210777550819, 0.000213631006773, 0.000183079813723, 0.000146642632899, 0.000114817237773, 0.000125122664031, 0.000109785178211, 0.000114270689664, 0.000112830057333, 0.000105033410364, 8.89171933522e-05, 5.20978901477e-05, 4.01499855798e-05, 4.09362110076e-05, 4.17967712565e-05, 4.97157852806e-05, 3.26900808432e-05, 2.28480912483e-05, 2.16343050852e-05, 1.98788238777e-05, 1.68901115103e-05, 1.81662471732e-05, 1.61542320711e-05, 1.50845025928e-05, 2.11225760722e-05, 2.1561727408e-05, 2.94130641123e-05, 1.59789433383e-05, 1.63937402249e-05, 1.12453199108e-05, 1.43685556395e-05, 1.49751431309e-05, 1.4334833395e-05, 1.36269227369e-05, 1.04681057564e-05, 1.15062248369e-05, 1.05341277958e-05, 9.60327815847e-06, 7.12084283805e-06, 7.03814657754e-06, 5.37530604561e-06, 8.20235982246e-06, 5.06021024194e-06, 5.14285011377e-06, 5.03643332195e-06, 4.04360025641e-06, 2.88649334834e-06, 2.05013066079e-06, 1.79048208793e-06, 1.53271776071e-06, 1.45229762438e-06, 1.55508178068e-06, 1.27486293877e-06, 9.42874066823e-07, 6.8495450023e-07, 6.08412733527e-07, 5.13310226324e-07, 4.48044914947e-07, 3.44467991908e-07, 2.57992724073e-07, 1.47143381923e-07, 1.00247525836e-07, 4.93681966418e-08, 1.98338430124e-08, 4.62286520175e-09, 3.57048013377e-09, 3.42971073763e-09, 3.38232308827e-09, 3.35574723564e-09, 3.24469695556e-09, 3.19592818876e-09, 3.10182035612e-09, 3.06824432528e-09, 3.02519564954e-09, 2.97078273093e-09, 2.93090374193e-09, 2.91882051862e-09]
    },
    "mfcc": {
        "mean": [-1203.05737305, 3.97791290283, -4.97909545898, -0.877379357815, -0.106687404215, 1.02759134769, -0.62604445219, 0.51676017046, 0.320868492126, 0.298067480326, -0.110973440111, 0.151679635048, -0.0098792752251],
        "cov": [[40203.2929688, 2508.5222168, -3184.56640625, -535.317138672, -61.5908050537, 638.014099121, -407.479431152, 332.38861084, 211.942199707, 194.466583252, -52.1445999146, 111.061187744, -2.90603017807], [2508.5222168, 169.327941895, -202.540969849, -36.5640563965, -4.16441106796, 41.7485771179, -26.5199432373, 19.6349925995, 11.9601392746, 12.4234571457, -5.56658697128, 5.20410442352, -0.15632095933], [-3184.56640625, -202.540969849, 259.065551758, 43.9991531372, 5.40152215958, -52.2388267517, 31.8566703796, -26.8599643707, -17.2375259399, -14.9092311859, 4.94076824188, -8.20008563995, 0.772538781166], [-535.317138672, -36.5640563965, 43.9991531372, 12.9491281509, 1.90031397343, -9.11133480072, 4.9964466095, -5.92384624481, -2.43579864502, -2.53930091858, 1.1801404953, -1.76741492748, -0.515922605991], [-61.5908050537, -4.16441106796, 5.40152215958, 1.90031397343, 3.65026211739, -1.12676846981, -0.0319786369801, -0.191993832588, -0.337068498135, -1.11085748672, -0.468763172626, -0.0417027920485, -0.187288761139], [638.014099121, 41.7485771179, -52.2388267517, -9.11133480072, -1.12676846981, 15.1101732254, -4.99567270279, 4.46438503265, 4.40772008896, 2.65551328659, -2.49979496002, 1.07816112041, 0.567939817905], [-407.479431152, -26.5199432373, 31.8566703796, 4.9964466095, -0.0319786369801, -4.99567270279, 6.80867624283, -3.20918083191, -1.36814975739, -1.85258126259, 0.0238785222173, -1.32240390778, 0.116413876414], [332.38861084, 19.6349925995, -26.8599643707, -5.92384624481, -0.191993832588, 4.46438503265, -3.20918083191, 6.45623254776, 2.52286458015, 1.39991855621, 0.373668342829, 2.02521729469, -0.759819209576], [211.942199707, 11.9601392746, -17.2375259399, -2.43579864502, -0.337068498135, 4.40772008896, -1.36814975739, 2.52286458015, 4.25918865204, 1.75879192352, 0.125765860081, 1.35902714729, -0.321273475885], [194.466583252, 12.4234571457, -14.9092311859, -2.53930091858, -1.11085748672, 2.65551328659, -1.85258126259, 1.39991855621, 1.75879192352, 3.73795127869, 0.585431218147, 0.898370027542, 0.0650307238102], [-52.1445999146, -5.56658697128, 4.94076824188, 1.1801404953, -0.468763172626, -2.49979496002, 0.0238785222173, 0.373668342829, 0.125765860081, 0.585431218147, 2.78306341171, 0.855078160763, -0.381196409464], [111.061187744, 5.20410442352, -8.20008563995, -1.76741492748, -0.0417027920485, 1.07816112041, -1.32240390778, 2.02521729469, 1.35902714729, 0.898370027542, 0.855078160763, 3.03510928154, 0.372068673372], [-2.90603017807, -0.15632095933, 0.772538781166, -0.515922605991, -0.187288761139, 0.567939817905, 0.116413876414, -0.759819209576, -0.321273475885, 0.0650307238102, -0.381196409464, 0.372068673372, 2.07363843918]],
        "icov": [[0.00118434103206, -0.0023881229572, 0.0119608100504, -0.00298488326371, -0.00105071929283, -0.00153455673717, 0.00424929521978, -0.00275150756352, 0.000898722966667, -0.00337186106481, -0.00296718999743, -0.0024648339022, -0.00449851946905], [-0.0023881229572, 0.171897485852, 0.0657851099968, 0.0867605879903, -0.0052936556749, -0.0475906729698, 0.129354774952, 0.0408563688397, 0.0450658425689, -0.0927179902792, 0.108046486974, 0.0375323854387, 0.0499719083309], [0.0119608100504, 0.0657851099968, 0.212938815355, -0.0103149097413, -0.0331054590642, 0.0408479161561, 0.020775122568, 0.034674808383, 0.0397546738386, -0.0581321790814, 0.0144772855565, -0.00868910271674, -0.0506116934121], [-0.00298488326371, 0.0867605879903, -0.0103149097413, 0.31005448103, -0.091417118907, 0.00464159948751, 0.0595810227096, 0.185406655073, -0.0575323812664, -0.0137873049825, -0.0204790756106, 0.0333637520671, 0.120173245668], [-0.00105071929283, -0.0052936556749, -0.0331054590642, -0.091417118907, 0.380829930305, -0.00343007105403, 0.104417607188, -0.0889373347163, -0.0224561132491, 0.0764483213425, 0.136871993542, -0.0362693555653, 0.0103948712349], [-0.00153455673717, -0.0475906729698, 0.0408479161561, 0.00464159948751, -0.00343007105403, 0.388597726822, -0.158002376556, 0.0716762766242, -0.172143369913, 0.0800482407212, 0.108312770724, 0.0319765508175, -0.106416024268], [0.00424929521978, 0.129354774952, 0.020775122568, 0.0595810227096, 0.104417607188, -0.158002376556, 0.605860948563, -0.0436108931899, -0.0514049977064, -0.0841533690691, 0.158468037844, 0.0627918839455, 0.0380423925817], [-0.00275150756352, 0.0408563688397, 0.034674808383, 0.185406655073, -0.0889373347163, 0.0716762766242, -0.0436108931899, 0.500672459602, -0.0951326489449, 0.0687474012375, -0.0735452622175, -0.126956433058, 0.18303976953], [0.000898722966667, 0.0450658425689, 0.0397546738386, -0.0575323812664, -0.0224561132491, -0.172143369913, -0.0514049977064, -0.0951326489449, 0.523809075356, -0.165880948305, -0.0219519678503, -0.125045657158, 0.0934372022748], [-0.00337186106481, -0.0927179902792, -0.0581321790814, -0.0137873049825, 0.0764483213425, 0.0800482407212, -0.0841533690691, 0.0687474012375, -0.165880948305, 0.517650485039, -0.165306836367, -0.0192027613521, -0.0474695749581], [-0.00296718999743, 0.108046486974, 0.0144772855565, -0.0204790756106, 0.136871993542, 0.108312770724, 0.158468037844, -0.0735452622175, -0.0219519678503, -0.165306836367, 0.718575119972, -0.123472101986, 0.0963830277324], [-0.0024648339022, 0.0375323854387, -0.00868910271674, 0.0333637520671, -0.0362693555653, 0.0319765508175, 0.0627918839455, -0.126956433058, -0.125045657158, -0.0192027613521, -0.123472101986, 0.571879863739, -0.195245295763], [-0.00449851946905, 0.0499719083309, -0.0506116934121, 0.120173245668, 0.0103948712349, -0.106416024268, 0.0380423925817, 0.18303976953, 0.0934372022748, -0.0474695749581, 0.0963830277324, -0.195245295763, 0.692195415497]]
    },
    "spectral_contrast_coeffs": {
        "max": [-0.617835283279, -0.697459042072, -0.718892812729, -0.745701789856, -0.691916942596, -0.639938473701],
        "mean": [-0.945548117161, -0.951561033726, -0.948786854744, -0.947694778442, -0.944194674492, -0.939366340637],
        "min": [-0.981816470623, -0.985157489777, -0.980547249317, -0.97662115097, -0.97095477581, -0.966107726097],
        "stdev": [0.0569669604301, 0.0399725697935, 0.0399001464248, 0.0454046912491, 0.0514448955655, 0.0652139931917]
    },
    "spectral_contrast_valleys": {
        "max": [-5.64034891129, -5.23027992249, -5.0220451355, -4.72879219055, -5.09788227081, -7.48977565765],
        "mean": [-25.4437198639, -25.312002182, -25.2888183594, -25.2514457703, -25.3112354279, -25.5500125885],
        "min": [-28.2146129608, -28.2039527893, -28.1088466644, -27.8413963318, -27.651266098, -27.4230690002],
        "stdev": [5.57116174698, 5.92776250839, 6.07060861588, 6.15769290924, 6.04057025909, 5.29049301147]
    }
},
"rhythm": {
    "beats_count": 20,
    "beats_loudness": {
        "max": 0.0568059422076,
        "mean": 0.00285051227547,
        "min": 0,
        "stdev": 0.0123783042654
    },
    "bpm": 93.1318893433,
    "bpm_histogram_first_peak_bpm": 92,
    "bpm_histogram_first_peak_weight": 0.375,
    "bpm_histogram_second_peak_bpm": 99,
    "bpm_histogram_second_peak_spread": 0,
    "bpm_histogram_second_peak_weight": 0.368421047926,
    "danceability": 1.11675357819,
    "onset_rate": 0.391869038343,
    "beats_loudness_band_ratio": {
        "max": [0.0195872932673, 0.0163321327418, 0.122553616762, 0.30310356617, 0.465221822262, 0.226214021444],
        "mean": [0.00170942267869, 0.00104891287629, 0.00967848300934, 0.0281219445169, 0.0402096025646, 0.0214346982539],
        "min": [0, 0, 0, 0, 0, 0],
        "stdev": [0.00518851308152, 0.00364911393262, 0.0301572605968, 0.0846491903067, 0.122269354761, 0.0644135028124]
    },
    "beats_position": [0.557278871536, 1.1261677742, 1.69505667686, 2.26394557953, 2.83283448219, 3.43655323982, 4.04027223587, 4.65560102463, 5.27092981339, 5.88625860214, 6.48997735977, 7.0936961174, 7.73224496841, 8.37079334259, 9.02095222473, 9.67111110687, 10.321269989, 10.9714279175, 11.6215867996, 12.2485256195],
    "bpm_histogram": [0, 0, 0, 0, 0, 0, 0, 0, 0, 0, 0, 0, 0, 0, 0, 0, 0, 0, 0, 0, 0, 0, 0, 0, 0, 0, 0, 0, 0, 0, 0, 0, 0, 0, 0, 0, 0, 0, 0, 0, 0, 0, 0, 0, 0, 0, 0, 0, 0, 0, 0, 0, 0, 0, 0, 0, 0, 0, 0, 0, 0, 0, 0, 0, 0, 0, 0, 0, 0, 0, 0, 0, 0, 0, 0, 0, 0, 0, 0, 0, 0, 0, 0, 0, 0, 0, 0, 0, 0, 0, 0, 0, 0.263157904148, 0, 0.105263158679, 0, 0.0526315793395, 0, 0.157894730568, 0.210526317358, 0, 0, 0, 0, 0, 0.210526317358, 0, 0, 0, 0, 0, 0, 0, 0, 0, 0, 0, 0, 0, 0, 0, 0, 0, 0, 0, 0, 0, 0, 0, 0, 0, 0, 0, 0, 0, 0, 0, 0, 0, 0, 0, 0, 0, 0, 0, 0, 0, 0, 0, 0, 0, 0, 0, 0, 0, 0, 0, 0, 0, 0, 0, 0, 0, 0, 0, 0, 0, 0, 0, 0, 0, 0, 0, 0, 0, 0, 0, 0, 0, 0, 0, 0, 0, 0, 0, 0, 0, 0, 0, 0, 0, 0, 0, 0, 0, 0, 0, 0, 0, 0, 0, 0, 0, 0, 0, 0, 0, 0, 0, 0, 0, 0, 0, 0, 0, 0, 0, 0, 0, 0, 0, 0, 0, 0, 0, 0, 0, 0, 0, 0, 0, 0, 0, 0, 0, 0, 0, 0, 0, 0, 0, 0, 0, 0, 0, 0, 0, 0, 0, 0]
},
"tonal": {
    "chords_changes_rate": 0.0181159414351,
    "chords_number_rate": 0.0108695654199,
    "chords_strength": {
