{
"metadata": {
    "version": {
        "essentia": "2.1-beta5",
        "essentia_git_sha": "Undefined",
        "extractor": "music 2.0"
    },
    "audio_properties": {
        "analysis": {
            "equal_loudness": 0,
            "length": 12.7477550507,
            "sample_rate": 44100,
            "start_time": 0,
            "downmix": "mix"
        },
        "bit_rate": 192000,
        "length": 213.333328247,
        "lossless": 0,
        "number_channels": 2,
        "replay_gain": 10.4457759857,
        "sample_rate": 48000,
        "codec": "mp3",
        "md5_encoded": "15d7e682596790d62f77305ced06d4c4"
    },
    "tags": {
        "file_name": "Ireland_In Your Eyes_Niamh Kavanagh.mp3",
        "encoding": ["Lavf58.29.100"]
    }
},
"lowlevel": {
    "average_loudness": 0.000153925182531,
    "barkbands_crest": {
        "max": 10.4502048492,
        "mean": 6.50915431976,
        "min": 3.28945755959,
        "stdev": 0.728948235512
    },
    "barkbands_flatness_db": {
        "max": 0.165938809514,
        "mean": 0.0794968605042,
        "min": 0.0373633354902,
        "stdev": 0.0177630335093
    },
    "barkbands_kurtosis": {
        "max": 6.24606132507,
        "mean": 2.97655367851,
        "min": -0.539175271988,
        "stdev": 1.09911894798
    },
    "barkbands_skewness": {
        "max": 1.07724201679,
        "mean": -1.61941933632,
        "min": -2.33645415306,
        "stdev": 0.684170365334
    },
    "barkbands_spread": {
        "max": 40.5026664734,
        "mean": 25.2842464447,
        "min": 9.15820789337,
        "stdev": 4.98603773117
    },
    "dissonance": {
        "max": 0.499999970198,
        "mean": 0.492536246777,
        "min": 0.449736475945,
        "stdev": 0.00607748841867
    },
    "dynamic_complexity": 6.22508764267,
    "erbbands_crest": {
        "max": 13.7431602478,
        "mean": 3.81806278229,
        "min": 2.49833130836,
        "stdev": 1.34112286568
    },
    "erbbands_flatness_db": {
        "max": 0.262664020061,
        "mean": 0.111548222601,
        "min": 0.0769985169172,
        "stdev": 0.039805945009
    },
    "erbbands_kurtosis": {
        "max": 1.84980630875,
        "mean": 0.135466769338,
        "min": -0.831153869629,
        "stdev": 0.344311356544
    },
    "erbbands_skewness": {
        "max": 1.05353653431,
        "mean": -0.529986441135,
        "min": -0.995092570782,
        "stdev": 0.358750790358
    },
    "erbbands_spread": {
        "max": 46.0071525574,
        "mean": 34.5957374573,
        "min": 12.1722297668,
        "stdev": 6.28085136414
    },
    "hfc": {
        "max": 166.305084229,
        "mean": 6.74995946884,
        "min": 1.05644973354e-16,
        "stdev": 26.4703788757
    },
    "loudness_ebu128": {
        "integrated": -29.972530365,
        "loudness_range": 17.3602256775,
        "momentary": {
            "max": -27.2668247223,
            "mean": -271.610626221,
            "min": -300.691009521,
            "stdev": 82.1985855103
        },
        "short_term": {
            "max": -33.7255096436,
            "mean": -265.12121582,
            "min": -300.691009521,
            "stdev": 88.0295028687
        }
    },
    "melbands_crest": {
        "max": 15.2147121429,
        "mean": 2.94869446754,
        "min": 1.09625399113,
        "stdev": 2.01520562172
    },
    "melbands_flatness_db": {
        "max": 0.147588580847,
        "mean": 0.0169551447034,
        "min": 6.31634247839e-05,
        "stdev": 0.0314093455672
    },
    "melbands_kurtosis": {
        "max": 5.04192447662,
        "mean": -0.898582160473,
        "min": -1.41051566601,
        "stdev": 0.913410305977
    },
    "melbands_skewness": {
        "max": 1.83919155598,
        "mean": 0.0871239006519,
        "min": -0.45253932476,
        "stdev": 0.298731923103
    },
    "melbands_spread": {
        "max": 164.362823486,
        "mean": 121.686561584,
        "min": 15.4705085754,
        "stdev": 33.4315452576
    },
    "pitch_salience": {
        "max": 0.98788946867,
        "mean": 0.785982072353,
        "min": 0.607404172421,
        "stdev": 0.0249165482819
    },
    "silence_rate_20dB": {
        "max": 1,
        "mean": 1,
        "min": 1,
        "stdev": 0
    },
    "silence_rate_30dB": {
        "max": 1,
        "mean": 0.994545459747,
        "min": 0,
        "stdev": 0.0736531987786
    },
    "silence_rate_60dB": {
        "max": 1,
        "mean": 0.916363656521,
        "min": 0,
        "stdev": 0.276841580868
    },
    "spectral_centroid": {
        "max": 11849.6914062,
        "mean": 10102.0507812,
        "min": 1717.95007324,
        "stdev": 2704.01953125
    },
    "spectral_complexity": {
        "max": 56,
        "mean": 3.44363641739,
        "min": 0,
        "stdev": 11.6759061813
    },
    "spectral_decrease": {
        "max": 2.46371795537e-28,
        "mean": -9.58283563612e-10,
        "min": -2.72496869513e-08,
        "stdev": 3.8446930084e-09
    },
    "spectral_energy": {
        "max": 0.117883399129,
        "mean": 0.0042290231213,
        "min": 9.8947667991e-21,
        "stdev": 0.0168981608003
    },
    "spectral_energyband_high": {
        "max": 0.00488519063219,
        "mean": 0.000168371538166,
        "min": 6.98753229195e-21,
        "stdev": 0.000659803510644
    },
    "spectral_energyband_low": {
        "max": 0.00105469860137,
        "mean": 1.86422494153e-05,
        "min": 9.41919326812e-24,
        "stdev": 8.89039365575e-05
    },
    "spectral_energyband_middle_high": {
        "max": 0.0982183814049,
        "mean": 0.0032373003196,
        "min": 1.08284596383e-21,
        "stdev": 0.0129855386913
    },
    "spectral_energyband_middle_low": {
        "max": 0.0465575754642,
        "mean": 0.000933993200306,
        "min": 1.64562089871e-22,
        "stdev": 0.00466804020107
    },
    "spectral_entropy": {
        "max": 9.82572555542,
        "mean": 9.61113071442,
        "min": 7.72159719467,
        "stdev": 0.561289906502
    },
    "spectral_flux": {
        "max": 0.220145925879,
        "mean": 0.0114658772945,
        "min": 6.20436549359e-11,
        "stdev": 0.0404740013182
    },
    "spectral_kurtosis": {
        "max": 10.042599678,
        "mean": -0.605678081512,
        "min": -1.27636218071,
        "stdev": 1.80166924
    },
    "spectral_rms": {
        "max": 0.0107241878286,
        "mean": 0.000559038657229,
        "min": 3.10699708149e-12,
        "stdev": 0.00195278029423
    },
    "spectral_rolloff": {
        "max": 19745.9472656,
        "mean": 17147.6660156,
        "min": 1873.38867188,
        "stdev": 4837.90722656
    },
    "spectral_skewness": {
        "max": 2.86979913712,
        "mean": 0.164398983121,
        "min": -0.0984038487077,
        "stdev": 0.488908708096
    },
    "spectral_spread": {
        "max": 42791248,
        "mean": 36743044,
        "min": 2734894.5,
        "stdev": 11225958
    },
    "spectral_strongpeak": {
        "max": 7.41467523575,
        "mean": 0.183031409979,
        "min": 0,
        "stdev": 0.729947209358
    },
    "zerocrossingrate": {
        "max": 0.76708984375,
        "mean": 0.461138129234,
        "min": 0.03662109375,
        "stdev": 0.122368812561
    },
    "barkbands": {
        "max": [0.000617025245447, 0.000756191089749, 0.000277599028777, 0.000223364913836, 0.000225879601203, 0.000359792669769, 0.000432775501395, 0.00321159558371, 0.0264830216765, 0.0304076485336, 0.0242849681526, 0.0177477039397, 0.014328205958, 0.0179612245411, 0.0163864083588, 0.010808095336, 0.0105338515714, 0.00647627236322, 0.00213702325709, 0.00236519146711, 0.00174458755646, 0.00151915114839, 0.000731462903786, 0.000562739558518, 0.000224561677896, 5.06179385411e-05, 5.63165258427e-06],
        "mean": [1.01847999758e-05, 9.04849548533e-06, 2.09914674087e-06, 2.32611569118e-06, 5.41329154657e-06, 9.85083352134e-06, 1.47656382978e-05, 4.30225954915e-05, 0.000512705242727, 0.00070347590372, 0.000511422986165, 0.000256724626524, 0.000272380100796, 0.000498179579154, 0.000387233740184, 0.000290786672849, 0.000264577916823, 0.000154209716129, 8.23961599963e-05, 6.35121323285e-05, 5.17886292073e-05, 3.33823372785e-05, 2.6646130209e-05, 1.50908817886e-05, 6.49743014947e-06, 1.29101442781e-06, 1.05596820177e-08],
        "min": [1.23602843498e-25, 5.06462506218e-25, 1.82058595214e-25, 5.69598199906e-25, 1.30625268485e-24, 4.18516584857e-24, 2.72063256183e-24, 6.31582590547e-24, 7.90058317189e-24, 7.79339275209e-24, 1.0704427543e-23, 1.54379763607e-23, 1.98002698815e-23, 2.28668404328e-23, 3.02631340159e-23, 3.26009390857e-23, 5.29467094386e-23, 7.57279837068e-23, 1.04086839052e-22, 1.4479447252e-22, 2.32071417745e-22, 2.69300073647e-22, 3.08369085243e-22, 4.99808940954e-22, 7.43335073427e-22, 1.17673793057e-21, 1.88309645542e-21],
        "stdev": [4.87763609271e-05, 4.91681239509e-05, 1.55599791469e-05, 1.37738088597e-05, 2.47329589911e-05, 4.21149743488e-05, 6.03720109211e-05, 0.000232938400586, 0.00243217754178, 0.00336014479399, 0.0022894225549, 0.00134966301266, 0.00128825067077, 0.00213800906204, 0.00168064946774, 0.00120229332242, 0.0011542905122, 0.000669365341309, 0.00031629105797, 0.000262495479546, 0.000204182404559, 0.000140918025863, 0.000106944717118, 6.2972518208e-05, 2.71776698355e-05, 5.47277204532e-06, 2.39904750288e-07]
    },
    "erbbands": {
        "max": [0.0297578629106, 0.212394654751, 0.47906973958, 0.396359890699, 0.828310072422, 0.903791904449, 3.01328063011, 3.96930527687, 6.21978378296, 17.0860977173, 112.826004028, 636.69519043, 1402.76416016, 974.182678223, 830.944213867, 608.458251953, 582.641357422, 998.634338379, 808.954589844, 865.556518555, 539.148681641, 645.887756348, 343.743713379, 166.012268066, 113.153167725, 101.215644836, 94.6254730225, 57.9958152771, 59.3908119202, 35.1957588196, 23.0572605133, 14.949754715, 8.27085781097, 3.1274061203, 1.54611945152, 0.468725323677, 0.065927170217, 0.00495038507506, 0.000899733102415, 0.000159608665854],
        "mean": [0.000416762923123, 0.00150543544441, 0.00281957467087, 0.00498288264498, 0.0110668484122, 0.0181305948645, 0.0459133312106, 0.0962674096227, 0.15554086864, 0.434263378382, 1.75391101837, 11.6491384506, 23.7443809509, 20.0586299896, 17.4758872986, 9.76016998291, 11.8349914551, 25.2438755035, 22.4875106812, 18.1272449493, 16.1271381378, 14.8075885773, 9.24848651886, 5.33518028259, 3.52316975594, 2.95169591904, 2.3512775898, 1.86672055721, 1.2327798605, 1.06648409367, 0.665689110756, 0.395266860723, 0.196797266603, 0.0863833725452, 0.040822699666, 0.0109244287014, 0.00140635087155, 4.63534233859e-05, 6.20060063738e-06, 5.9809854065e-06],
        "min": [2.29277420724e-23, 2.99534373219e-22, 6.73221318119e-22, 3.01815304573e-21, 5.11358369478e-21, 7.72512940572e-21, 2.8138978379e-20, 4.03699100231e-20, 6.86857758063e-20, 1.37139023388e-19, 2.02990639308e-19, 2.11303442573e-19, 2.42106640458e-19, 4.97929589834e-19, 7.11660342215e-19, 7.20046816253e-19, 1.08910125306e-18, 1.35414873968e-18, 2.05550639227e-18, 2.12417003453e-18, 2.81386454388e-18, 3.18876182265e-18, 4.79102721277e-18, 4.08653940535e-18, 5.59152628749e-18, 6.78866880568e-18, 8.06880276832e-18, 8.56860183804e-18, 9.8237797616e-18, 9.15128936822e-18, 9.31014857768e-18, 9.97513065264e-18, 8.61411248816e-18, 6.45667242221e-18, 5.32171320656e-18, 3.9416016456e-18, 2.04405573105e-18, 8.60613133262e-19, 2.31985310182e-19, 2.461492886e-20],
        "stdev": [0.00207490986213, 0.0106282886118, 0.0231842491776, 0.0271089393646, 0.060369104147, 0.0842439606786, 0.227553576231, 0.415960878134, 0.667323887348, 1.89681744576, 8.39651298523, 54.4577102661, 125.337181091, 88.8844223022, 79.1222610474, 47.8085746765, 54.3067131042, 115.786552429, 92.217300415, 76.3403549194, 66.5912475586, 64.3844070435, 39.2976112366, 21.1620998383, 13.7436218262, 11.9250183105, 9.70680522919, 7.46583366394, 5.25513458252, 4.27793216705, 2.71328663826, 1.64413833618, 0.814253211021, 0.368438065052, 0.168404132128, 0.0465248040855, 0.0061640040949, 0.000261756766122, 4.21004951932e-05, 2.3762233468e-05]
    },
    "gfcc": {
        "mean": [-1139.07397461, 2.32664322853, -21.0024585724, 0.866110801697, -6.89875602722, 3.56156921387, -2.85500478745, 2.39737033844, -1.44668996334, 0.153903514147, -2.01324248314, -0.00737693253905, 0.00925179198384],
        "cov": [[142858.03125, 3156.06201172, -23593.0859375, 953.632995605, -7703.32519531, 4030.81958008, -3139.91333008, 2698.51513672, -1590.78503418, 117.21585083, -2236.96875, -34.9335517883, 58.2275886536], [3156.06201172, 137.791320801, -503.888671875, 24.7853355408, -156.734405518, 90.0438308716, -59.5579528809, 57.8392372131, -29.7129001617, -2.32025027275, -45.3185691833, -5.81464195251, 4.41946983337], [-23593.0859375, -503.888671875, 3918.67724609, -155.711288452, 1279.55212402, -665.849121094, 523.328979492, -445.188995361, 263.892089844, -21.8232917786, 369.983062744, 5.78505182266, -7.36696434021], [953.632995605, 24.7853355408, -155.711288452, 15.9358968735, -50.6475982666, 29.8287239075, -21.378490448, 20.1945858002, -11.1918973923, 0.955797195435, -17.4272670746, -1.27813220024, -1.07871091366], [-7703.32519531, -156.734405518, 1279.55212402, -50.6475982666, 424.02456665, -216.438873291, 171.20223999, -146.586349487, 87.0969619751, -7.33623886108, 120.750297546, 0.911845862865, -3.7185022831], [4030.81958008, 90.0438308716, -665.849121094, 29.8287239075, -216.438873291, 117.49597168, -88.0109024048, 76.8336105347, -44.4916114807, 3.63567709923, -63.7636909485, -1.29050469398, 1.31480801105], [-3139.91333008, -59.5579528809, 523.328979492, -21.378490448, 171.20223999, -88.0109024048, 74.8160934448, -58.5902442932, 36.023727417, -4.37154531479, 49.4682044983, -0.0944934636354, 0.265433251858], [2698.51513672, 57.8392372131, -445.188995361, 20.1945858002, -146.586349487, 76.8336105347, -58.5902442932, 54.5682258606, -29.1438007355, 2.77451944351, -43.4543685913, -0.43607082963, 1.44242191315], [-1590.78503418, -29.7129001617, 263.892089844, -11.1918973923, 87.0969619751, -44.4916114807, 36.023727417, -29.1438007355, 20.9807910919, -0.673168718815, 25.4205226898, 0.108684189618, -0.646656155586], [117.21585083, -2.32025027275, -21.8232917786, 0.955797195435, -7.33623886108, 3.63567709923, -4.37154531479, 2.77451944351, -0.673168718815, 4.15734958649, -1.75944590569, 1.26479935646, -0.0137916319072], [-2236.96875, -45.3185691833, 369.983062744, -17.4272670746, 120.750297546, -63.7636909485, 49.4682044983, -43.4543685913, 25.4205226898, -1.75944590569, 38.7601890564, 1.55841350555, 0.360629975796], [-34.9335517883, -5.81464195251, 5.78505182266, -1.27813220024, 0.911845862865, -1.29050469398, -0.0944934636354, -0.43607082963, 0.108684189618, 1.26479935646, 1.55841350555, 2.95032382011, 1.08829331398], [58.2275886536, 4.41946983337, -7.36696434021, -1.07871091366, -3.7185022831, 1.31480801105, 0.265433251858, 1.44242191315, -0.646656155586, -0.0137916319072, 0.360629975796, 1.08829331398, 3.33685970306]],
        "icov": [[0.00297508155927, -0.00793812796474, 0.00852228235453, 0.010989272967, 0.00576764950529, -0.0141032338142, 0.0082442117855, -0.0136386752129, 0.0121787944809, 0.00474211899564, 0.0117077743635, -0.0119142290205, 0.00319086899981], [-0.00793812796474, 0.0550448857248, 0.00365816242993, -0.0691401958466, -0.05451304093, 0.0444629453123, -0.0388976000249, 0.0499987639487, -0.0765974372625, 0.0177827216685, -0.0624326765537, 0.0769673064351, -0.0785710141063], [0.00852228235453, 0.00365816242993, 0.0911946967244, -0.0451095812023, -0.0778597965837, 0.0536332242191, -0.0387831963599, -0.00112832454033, -0.0183782055974, 0.0338194780052, -6.26635155641e-05, -0.0345759727061, -0.0632676109672], [0.010989272967, -0.0691401958466, -0.0451095812023, 0.308667570353, 0.0657322630286, -0.204192385077, 0.0974171385169, -0.198737889528, 0.196713909507, -0.0428024418652, 0.103425614536, -0.0249003786594, 0.166758149862], [0.00576764950529, -0.05451304093, -0.0778597965837, 0.0657322630286, 0.275710374117, -0.097361497581, 0.0148757081479, 0.059506688267, -0.00381754129194, -0.0193252377212, 0.0732633620501, -0.0626080855727, 0.15129108727], [-0.0141032338142, 0.0444629453123, 0.0536332242191, -0.204192385077, -0.097361497581, 0.442201316357, -0.108520403504, 0.0713718608022, -0.116909690201, -0.0123451733962, -0.0403569489717, 0.022042170167, -0.0908797755837], [0.0082442117855, -0.0388976000249, -0.0387831963599, 0.0974171385169, 0.0148757081479, -0.108520403504, 0.354416191578, -0.113546006382, -0.000671352667268, 0.0914995148778, 0.0431459918618, 0.0520425029099, -0.0876352488995], [-0.0136386752129, 0.0499987639487, -0.00112832454033, -0.198737889528, 0.059506688267, 0.0713718608022, -0.113546006382, 0.586955606937, -0.3016038239, 0.0050083626993, 0.129326477647, -0.0524068213999, -0.156778261065], [0.0121787944809, -0.0765974372625, -0.0183782055974, 0.196713909507, -0.00381754129194, -0.116909690201, -0.000671352667268, -0.3016038239, 0.615020155907, -0.160337209702, -0.0538302101195, 0.0199327431619, 0.20202703774], [0.00474211899564, 0.0177827216685, 0.0338194780052, -0.0428024418652, -0.0193252377212, -0.0123451733962, 0.0914995148778, 0.0050083626993, -0.160337209702, 0.393271297216, 0.0101600456983, -0.136181011796, -0.057717692107], [0.0117077743635, -0.0624326765537, -6.26635155641e-05, 0.103425614536, 0.0732633620501, -0.0403569489717, 0.0431459918618, 0.129326477647, -0.0538302101195, 0.0101600456983, 0.515816926956, -0.217400863767, -0.0453385002911], [-0.0119142290205, 0.0769673064351, -0.0345759727061, -0.0249003786594, -0.0626080855727, 0.022042170167, 0.0520425029099, -0.0524068213999, 0.0199327431619, -0.136181011796, -0.217400863767, 0.689143121243, -0.236325725913], [0.00319086899981, -0.0785710141063, -0.0632676109672, 0.166758149862, 0.15129108727, -0.0908797755837, -0.0876352488995, -0.156778261065, 0.20202703774, -0.057717692107, -0.0453385002911, -0.236325725913, 0.662327766418]]
    },
    "melbands": {
        "max": [0.000197954243049, 0.000262898858637, 8.25110109872e-05, 4.22264201916e-05, 8.30971112009e-05, 8.57538034325e-05, 8.9118759206e-05, 0.000254955404671, 0.00103245512582, 0.00462419074029, 0.00691700866446, 0.00410419981927, 0.00317197106779, 0.00222132075578, 0.000708568899427, 0.00148229079787, 0.00210508541204, 0.00141489575617, 0.00145721819717, 0.000882933149114, 0.000740928517189, 0.000704740930814, 0.000335503107635, 0.000356227421435, 0.000141492448165, 8.91358795343e-05, 8.6300955445e-05, 6.33305244264e-05, 6.21012586635e-05, 6.31238435744e-05, 3.66030290024e-05, 3.43593674188e-05, 2.35996303672e-05, 1.8062428353e-05, 1.60423860507e-05, 9.06547393242e-06, 8.73816770763e-06, 5.75515377932e-06, 6.00838347964e-06, 2.62603998635e-06],
        "mean": [3.80577807846e-06, 1.66225856901e-06, 1.07603545985e-06, 1.00409477e-06, 1.47656044192e-06, 2.09242443816e-06, 2.52211452789e-06, 5.27955353391e-06, 1.70250204974e-05, 8.33378508105e-05, 0.000117711300845, 7.89749174146e-05, 6.4941275923e-05, 3.35232543875e-05, 1.88665144378e-05, 3.12289703288e-05, 4.9399848649e-05, 3.56678356184e-05, 2.91962642223e-05, 2.01699731406e-05, 1.92173974938e-05, 1.64180801221e-05, 1.020828131e-05, 6.78642209095e-06, 4.06815252063e-06, 2.98328427562e-06, 2.13875182453e-06, 1.92796278498e-06, 1.46955881064e-06, 1.32235174988e-06, 9.87581756817e-07, 6.97978350672e-07, 6.12131998423e-07, 5.9219138393e-07, 4.1682619667e-07, 2.58074294379e-07, 2.37244350387e-07, 1.50546313193e-07, 8.8400717857e-08, 6.801544572e-08],
        "min": [3.39224438045e-25, 7.25867699534e-25, 7.89181133445e-25, 4.34294798899e-25, 1.25883987647e-24, 9.65149722471e-25, 1.01841469547e-24, 1.42464345039e-24, 1.61625786288e-24, 1.1664815208e-24, 1.12791529444e-24, 1.35285385397e-24, 1.90338607465e-24, 2.08540271233e-24, 1.94982039969e-24, 1.66229716581e-24, 2.2131557777e-24, 2.42048479246e-24, 2.26661865618e-24, 2.64732056246e-24, 3.01613689869e-24, 3.16682530602e-24, 3.62542643783e-24, 3.50818395794e-24, 2.63254164783e-24, 3.6084663228e-24, 3.31932789622e-24, 3.93289523083e-24, 4.05929638583e-24, 4.87097943147e-24, 3.91911501411e-24, 4.98256301765e-24, 5.10577362472e-24, 4.12049305941e-24, 4.39310524446e-24, 5.3518445846e-24, 4.95323080261e-24, 4.59011852237e-24, 5.3665907615e-24, 5.25941138576e-24],
        "stdev": [1.77291367436e-05, 1.27811645143e-05, 5.70685961065e-06, 4.49391245638e-06, 7.11183156454e-06, 8.97294194147e-06, 1.04972177724e-05, 2.43361246248e-05, 7.96680396888e-05, 0.000400539196562, 0.000618131482042, 0.000359069206752, 0.00029275851557, 0.000169270992046, 8.07560791145e-05, 0.000148462786456, 0.000231817772146, 0.000147761529661, 0.000131564156618, 8.41960209073e-05, 8.21103240014e-05, 7.21319083823e-05, 4.34776484326e-05, 2.97991682601e-05, 1.62423293659e-05, 1.15902785183e-05, 8.95401717571e-06, 7.89796195022e-06, 6.31654029348e-06, 5.5867330957e-06, 4.03686954087e-06, 3.02553348774e-06, 2.62101730186e-06, 2.37842414208e-06, 1.74408569364e-06, 1.05667834305e-06, 1.00576460227e-06, 6.17425598648e-07, 4.10821485275e-07, 2.93668335871e-07]
    },
    "melbands128": {
        "max": [0.000409793166909, 0.000343020161381, 0.00016157644859, 0.000443960481789, 0.000349303765688, 9.55981740844e-05, 0.000100604935142, 0.000142945122207, 9.38873490668e-05, 4.38690949522e-05, 5.79754050705e-05, 8.50156211527e-05, 0.000147462866153, 9.92702844087e-05, 0.000132064669742, 0.000123855716083, 0.000143968092743, 0.000140377756907, 0.000129166204715, 0.00026473539765, 0.000466713041533, 0.000644298270345, 0.00170620856807, 0.00111471361015, 0.00403901888058, 0.00704465107992, 0.0107639897615, 0.00944675505161, 0.00401230202988, 0.00679570436478, 0.00360391195863, 0.00549971358851, 0.00351978559047, 0.0032217130065, 0.0028840333689, 0.00275411875919, 0.0014485809952, 0.000739423790947, 0.000857756473124, 0.00194854091387, 0.00229609222151, 0.00245003215969, 0.00297208852135, 0.00281471735798, 0.00170835561585, 0.00261253141798, 0.00130389851984, 0.00191458524205, 0.00196700752713, 0.000724286714103, 0.00138940569013, 0.000897842808627, 0.000645094667561, 0.00114263000432, 0.000925061176531, 0.000852521334309, 0.00107550818939, 0.000334044307237, 0.000661621626932, 0.000389501801692, 0.00045898850658, 0.000283855595626, 0.000129072068376, 0.000137942828587, 0.000169644248672, 0.00013806008792, 6.81641759002e-05, 9.40755562624e-05, 0.000178826594492, 7.60978000471e-05, 8.36583494674e-05, 9.38207231229e-05, 9.53377675614e-05, 7.54014108679e-05, 0.000101663674286, 0.000114720976853, 5.25227442267e-05, 6.57164273434e-05, 4.18331546825e-05, 4.95687127113e-05, 4.35210531577e-05, 3.84485683753e-05, 5.31851073902e-05, 2.94222663797e-05, 2.68774474534e-05, 2.93255179713e-05, 1.8642305804e-05, 1.78340469574e-05, 2.12726754398e-05, 1.43683564602e-05, 1.20873864944e-05, 1.06565257738e-05, 1.45972471728e-05, 1.05460649138e-05, 1.22276542243e-05, 5.47786430616e-06, 6.3155416683e-06, 6.4753830884e-06, 8.25961797091e-06, 4.80741300635e-06, 4.09365293308e-06, 2.40803842644e-06, 3.24884558722e-06, 2.11526753446e-06, 2.30843170357e-06, 1.5008366745e-06, 2.02819433071e-06, 8.9833133643e-07, 7.82383949627e-07, 6.76312708947e-07, 6.47514184493e-07, 3.24212152236e-07, 2.23536616772e-07, 3.57278366891e-08, 3.12609635955e-08, 3.01150642201e-08, 2.8036900801e-08, 2.70712963157e-08, 2.61786468059e-08, 2.52294931613e-08, 2.43668356603e-08, 2.34299619706e-08, 2.31230572467e-08, 2.26411547288e-08, 2.2232962138e-08, 2.18002682573e-08, 2.15172288875e-08, 2.13589856912e-08],
        "mean": [6.58544922771e-06, 4.36336722487e-06, 2.68819189841e-06, 2.61053060058e-06, 1.72247416685e-06, 9.50854428083e-07, 8.82987535533e-07, 1.30983448798e-06, 1.09676398097e-06, 8.99005897281e-07, 9.38411290008e-07, 1.27088537738e-06, 1.55625548359e-06, 1.75198692887e-06, 2.37823473981e-06, 2.05767582884e-06, 2.01028524316e-06, 2.49868321589e-06, 3.12901920552e-06, 4.56534007753e-06, 6.02163845542e-06, 8.50186916068e-06, 1.3920776837e-05, 2.66994284175e-05, 7.12278124411e-05, 9.9881523056e-05, 0.000127457504277, 0.000147036640556, 7.74509462644e-05, 7.53982603783e-05, 7.66530720284e-05, 9.42050683079e-05, 5.88079274166e-05, 5.4934527725e-05, 3.92395850213e-05, 2.83301415038e-05, 2.20390993491e-05, 1.62288743013e-05, 1.65520395967e-05, 2.5933741199e-05, 3.5843509977e-05, 3.72462818632e-05, 6.24183012405e-05, 4.46448357252e-05, 3.35111035383e-05, 3.90242093999e-05, 3.15131292155e-05, 3.34953147103e-05, 2.65185390163e-05, 2.02791743504e-05, 2.22755716095e-05, 1.61174502864e-05, 1.46368856804e-05, 2.65607850451e-05, 1.75561090145e-05, 1.53185956151e-05, 1.60168874572e-05, 8.86061025085e-06, 1.00232573459e-05, 8.20737204776e-06, 7.16850672688e-06, 5.29309045305e-06, 3.96202131014e-06, 3.49816855305e-06, 4.58079284726e-06, 2.96652569887e-06, 2.12275381273e-06, 2.14199076254e-06, 2.31805415751e-06, 1.86460135865e-06, 1.98571092369e-06, 2.01589068638e-06, 1.48889853335e-06, 1.32839329581e-06, 1.49345282807e-06, 1.35232903631e-06, 1.22514347822e-06, 1.21994992242e-06, 9.12368761874e-07, 8.70692872468e-07, 6.61884712372e-07, 6.44139959149e-07, 6.96384915955e-07, 5.80060429911e-07, 5.61833132906e-07, 6.64334606881e-07, 5.8251663404e-07, 5.02918055645e-07, 4.39472245262e-07, 3.2132354022e-07, 2.87524898113e-07, 2.18395726392e-07, 2.53073551448e-07, 2.47013161925e-07, 2.34937687082e-07, 1.71978129515e-07, 1.32903920758e-07, 1.14719689748e-07, 9.29821482032e-08, 7.23124671254e-08, 6.57207266386e-08, 6.86751278067e-08, 7.02494844518e-08, 6.16391346853e-08, 4.74351402602e-08, 3.23325934914e-08, 2.78839333845e-08, 2.27719745283e-08, 1.77164949378e-08, 1.42400127245e-08, 8.8459488623e-09, 5.92631677065e-09, 3.21632098732e-09, 4.31768620857e-10, 9.50546308331e-11, 8.14409789607e-11, 5.61551811995e-11, 5.07412757644e-11, 4.92553532683e-11, 4.74364540703e-11, 4.5723369535e-11, 4.3976777081e-11, 4.3429034674e-11, 4.24244805952e-11, 4.14668056836e-11, 4.02328032001e-11, 3.94725432895e-11, 3.91509984154e-11],
        "min": [1.69889099956e-26, 1.32398543983e-25, 5.19533623268e-26, 1.38687688247e-25, 2.64013305354e-25, 9.50069869732e-26, 1.24192812847e-25, 2.40338455601e-25, 1.59732488068e-25, 2.69216138847e-25, 1.90988303446e-25, 7.64916758076e-26, 2.276924976e-25, 6.08668409782e-25, 1.76312618662e-25, 5.25708789457e-25, 1.0504459488e-25, 2.25399180341e-25, 2.90687897307e-25, 4.20105409885e-25, 4.22769688985e-25, 4.01986606095e-25, 7.11825087952e-25, 5.65357727414e-25, 2.46941418593e-25, 4.20742069939e-25, 3.37615950659e-25, 8.60000874692e-25, 4.77073789017e-25, 5.04381195327e-25, 4.08192352969e-25, 6.86370420085e-25, 6.09596060903e-25, 7.7407794768e-25, 1.12781274252e-24, 1.82093280442e-25, 8.48083059959e-25, 4.01010218161e-25, 5.25394280475e-25, 9.5573782301e-25, 1.02511528e-24, 8.47007349507e-25, 5.84655730346e-25, 1.17182546179e-24, 6.38060874072e-25, 1.03587958288e-24, 1.10886410636e-24, 9.23298186258e-25, 1.1471579785e-24, 1.21260621793e-24, 1.76688690842e-24, 1.24774178683e-24, 9.62732356834e-25, 1.19314442775e-24, 1.54850506492e-24, 1.58694241113e-24, 1.47199768585e-24, 1.55659956667e-24, 1.8853182017e-24, 1.6343926904e-24, 1.6043498103e-24, 1.51629883239e-24, 1.66160139049e-24, 1.64272296296e-24, 1.80170150954e-24, 1.78713775672e-24, 1.78524133511e-24, 1.90095362205e-24, 1.54898064944e-24, 1.72233362222e-24, 1.8412676171e-24, 1.87453348704e-24, 1.11826959633e-24, 1.73509956103e-24, 2.71019238218e-24, 2.37557947707e-24, 2.14254286592e-24, 1.7744804835e-24, 2.79617467097e-24, 2.38023119261e-24, 2.20044190371e-24, 2.43699249576e-24, 1.48027756991e-24, 2.60820154182e-24, 2.71414023658e-24, 2.50343213613e-24, 2.40494226047e-24, 3.90909332517e-24, 2.86004282201e-24, 2.42698461188e-24, 3.18334247566e-24, 3.39583675441e-24, 3.07936843898e-24, 2.69327644336e-24, 2.5870425174e-24, 2.55052161015e-24, 1.52402059736e-24, 2.95263892063e-24, 2.56022006333e-24, 3.42653251552e-24, 2.63670959442e-24, 3.98336181838e-24, 4.26766492204e-24, 3.8366762885e-24, 3.92225980811e-24, 3.41979524896e-24, 3.96438419159e-24, 4.2299770923e-24, 4.43388146465e-24, 3.43851018507e-24, 4.46687478315e-24, 3.80857311875e-24, 3.83672322573e-24, 3.76049283544e-24, 4.65633550675e-24, 4.84442164023e-24, 4.31717580461e-24, 4.09168780346e-24, 4.67276235181e-24, 5.03857924167e-24, 4.30332025167e-24, 4.72718626009e-24, 5.16613331688e-24, 4.64763318768e-24, 4.44113227966e-24, 4.55791367034e-24, 5.40468801006e-24, 4.959991735e-24],
        "stdev": [3.13977398037e-05, 2.26056617976e-05, 1.3610078895e-05, 2.10071266338e-05, 1.61339721672e-05, 6.42764416625e-06, 5.42858560948e-06, 8.40654865897e-06, 6.62009142616e-06, 4.46701733381e-06, 4.69006181447e-06, 7.01136195858e-06, 9.10953531275e-06, 8.52825905895e-06, 1.12784382509e-05, 9.46020918491e-06, 1.05170356619e-05, 1.14666654554e-05, 1.40478377944e-05, 2.15142335946e-05, 3.28417081619e-05, 4.89556550747e-05, 9.00780287338e-05, 0.000121451521409, 0.00032383625512, 0.000551093544345, 0.000780019850936, 0.0008862685645, 0.000369991525076, 0.00043689852464, 0.000352081493475, 0.000482637551613, 0.000287785369437, 0.000274513178738, 0.000223689436098, 0.000169425315107, 0.000115239396109, 7.23048287909e-05, 7.60640250519e-05, 0.000144880497828, 0.000191647312022, 0.000190143939108, 0.000319145241519, 0.000235276966123, 0.000147662329255, 0.000188204954611, 0.000141869008075, 0.000174280387, 0.00013353509712, 8.73099052114e-05, 0.000105042519863, 7.32327462174e-05, 6.38403071207e-05, 0.000129511623527, 8.51368095027e-05, 7.28187951609e-05, 8.27122930787e-05, 3.75518793589e-05, 5.38804779353e-05, 3.86252067983e-05, 3.52559945895e-05, 2.48930628004e-05, 1.65985657077e-05, 1.49521574713e-05, 1.86216311704e-05, 1.24583648358e-05, 8.81808773556e-06, 9.23514835449e-06, 1.14798194772e-05, 8.35979153635e-06, 8.6222862592e-06, 8.9383638624e-06, 7.42052452551e-06, 5.86987334827e-06, 6.91409104547e-06, 6.89170883561e-06, 5.42206862519e-06, 5.34651599082e-06, 3.81078416467e-06, 4.07717379858e-06, 2.96232565233e-06, 2.8687215945e-06, 3.58169586434e-06, 2.63474203166e-06, 2.39258929469e-06, 2.9015468499e-06, 2.42163832809e-06, 2.13874295696e-06, 1.9926267214e-06, 1.38331324706e-06, 1.22278800063e-06, 9.44254907154e-07, 1.17406057143e-06, 1.09169491225e-06, 1.05463323052e-06, 7.03148486991e-07, 5.84801284731e-07, 5.14900648341e-07, 5.04031902437e-07, 3.45392351164e-07, 3.24748498315e-07, 2.99655397384e-07, 3.17251959814e-07, 2.50090664622e-07, 2.05878279758e-07, 1.48416432921e-07, 1.40305857599e-07, 9.89536914631e-08, 8.01236623715e-08, 6.34908019492e-08, 4.34899476431e-08, 2.81894489973e-08, 1.64562408145e-08, 2.64347965739e-09, 1.37709310621e-09, 1.31768218559e-09, 1.19609666616e-09, 1.15322174032e-09, 1.1151949364e-09, 1.07475861544e-09, 1.03801056639e-09, 9.98100047056e-10, 9.85024839473e-10, 9.6449936926e-10, 9.47116718386e-10, 9.28698673519e-10, 9.16650144678e-10, 9.09910091718e-10]
    },
    "mfcc": {
        "mean": [-1200.91809082, 5.8703212738, -7.29885482788, -2.1738846302, -1.57804310322, 0.392431497574, -0.160644456744, 1.61212766171, 1.35563874245, 1.0985455513, -0.0275771338493, -0.216701820493, -0.508182346821],
        "cov": [[39109.203125, 3498.05712891, -4384.21337891, -1329.53063965, -989.161560059, 210.820495605, -97.671295166, 981.24029541, 806.33026123, 646.140075684, -38.1890296936, -134.365814209, -301.497650146], [3498.05712891, 327.002197266, -399.163391113, -118.103431702, -87.2759552002, 20.7678527832, -8.42327976227, 88.2816162109, 73.8956298828, 59.8593521118, -1.23847520351, -11.7384176254, -28.4968204498], [-4384.21337891, -399.163391113, 503.359008789, 152.01184082, 110.623313904, -25.2536487579, 12.1509313583, -109.679069519, -90.5509719849, -74.070640564, 2.82448077202, 14.4611711502, 34.3117523193], [-1329.53063965, -118.103431702, 152.01184082, 50.6903305054, 35.1164512634, -6.85028839111, 4.20684194565, -32.2081222534, -25.6846904755, -21.4668979645, 1.56556797028, 3.97897768021, 9.4258852005], [-989.161560059, -87.2759552002, 110.623313904, 35.1164512634, 30.823392868, -3.44874000549, 2.08959579468, -24.6967411041, -20.3301239014, -15.8660707474, 1.75413382053, 3.36609768867, 7.38018751144], [210.820495605, 20.7678527832, -25.2536487579, -6.85028839111, -3.44874000549, 5.18769025803, 0.0214755013585, 5.63795900345, 5.05730199814, 4.25936222076, 0.421294540167, -0.952380239964, -1.18670964241], [-97.671295166, -8.42327976227, 12.1509313583, 4.20684194565, 2.08959579468, 0.0214755013585, 3.16990971565, -1.64325380325, -1.45728719234, -2.12270259857, -0.609834134579, 0.06748495996, 0.72584861517], [981.24029541, 88.2816162109, -109.679069519, -32.2081222534, -24.6967411041, 5.63795900345, -1.64325380325, 27.8038234711, 21.3958187103, 16.809419632, -1.2101316452, -3.70146346092, -7.53100204468], [806.33026123, 73.8956298828, -90.5509719849, -25.6846904755, -20.3301239014, 5.05730199814, -1.45728719234, 21.3958187103, 20.5498218536, 14.8466892242, 0.195436149836, -3.06790351868, -7.03503084183], [646.140075684, 59.8593521118, -74.070640564, -21.4668979645, -15.8660707474, 4.25936222076, -2.12270259857, 16.809419632, 14.8466892242, 13.9747161865, 0.666085362434, -2.53181862831, -5.21074485779], [-38.1890296936, -1.23847520351, 2.82448077202, 1.56556797028, 1.75413382053, 0.421294540167, -0.609834134579, -1.2101316452, 0.195436149836, 0.666085362434, 2.38966655731, 0.287251502275, -0.347901344299], [-134.365814209, -11.7384176254, 14.4611711502, 3.97897768021, 3.36609768867, -0.952380239964, 0.06748495996, -3.70146346092, -3.06790351868, -2.53181862831, 0.287251502275, 2.38942980766, 1.55052506924], [-301.497650146, -28.4968204498, 34.3117523193, 9.4258852005, 7.38018751144, -1.18670964241, 0.72584861517, -7.53100204468, -7.03503084183, -5.21074485779, -0.347901344299, 1.55052506924, 5.10782146454]],
        "icov": [[0.00176637480035, -0.00393610168248, 0.00743799936026, 0.00489644845948, 0.00286982883699, 0.00182359153405, 0.00260853907093, -0.00771837495267, -0.00597866019234, 0.00130606535822, 0.00819698441774, 0.00402851821855, 0.000262725778157], [-0.00393610168248, 0.132583037019, 0.0813983008265, -0.0477062352002, 0.00019894244906, -0.0125426175073, -0.0490682125092, -0.00354464631528, 0.00139080767985, -0.0168571956456, -0.0587264411151, -0.0245061926544, 0.0352999381721], [0.00743799936026, 0.0813983008265, 0.177861630917, -0.107589654624, -0.00417787581682, 0.0498071201146, -0.0556770265102, 0.0135240685195, -0.00450863549486, 0.0375384055078, -0.0100376252085, 0.0265583582222, -0.0342745631933], [0.00489644845948, -0.0477062352002, -0.107589654624, 0.323269158602, -0.0796946883202, 0.0132696414366, -0.0276313200593, -0.0504258312285, -0.0913812592626, -0.013496145606, 0.00718457857147, 0.0299954991788, 0.0486092194915], [0.00286982883699, 0.00019894244906, -0.00417787581682, -0.0796946883202, 0.243652135134, -0.126180440187, 0.0608875788748, -0.0115969637409, 0.0627176910639, 0.00331118470058, -0.0420272536576, -0.0252498071641, 0.0330851376057], [0.00182359153405, -0.0125426175073, 0.0498071201146, 0.0132696414366, -0.126180440187, 0.385940611362, -0.116833798587, 0.0106660304591, -0.052262339741, -0.0135775944218, -0.0656134858727, 0.080803617835, -0.131921440363], [0.00260853907093, -0.0490682125092, -0.0556770265102, -0.0276313200593, 0.0608875788748, -0.116833798587, 0.491710215807, -0.0723347142339, -0.0608903579414, 0.0876971036196, 0.148019582033, 0.0103244045749, 0.0261220000684], [-0.00771837495267, -0.00354464631528, 0.0135240685195, -0.0504258312285, -0.0115969637409, 0.0106660304591, -0.0723347142339, 0.407732903957, -0.0950081720948, -0.0663384571671, 0.103269159794, 0.0277504939586, -0.0424018912017], [-0.00597866019234, 0.00139080767985, -0.00450863549486, -0.0913812592626, 0.0627176910639, -0.052262339741, -0.0608903579414, -0.0950081720948, 0.434346526861, -0.130989164114, -0.11355509609, -0.026933349669, 0.0846303850412], [0.00130606535822, -0.0168571956456, 0.0375384055078, -0.013496145606, 0.00331118470058, -0.0135775944218, 0.0876971036196, -0.0663384571671, -0.130989164114, 0.501506447792, -0.187502995133, 0.105723902583, -0.0760885253549], [0.00819698441774, -0.0587264411151, -0.0100376252085, 0.00718457857147, -0.0420272536576, -0.0656134858727, 0.148019582033, 0.103269159794, -0.11355509609, -0.187502995133, 0.750465452671, -0.103801481426, 0.122022360563], [0.00402851821855, -0.0245061926544, 0.0265583582222, 0.0299954991788, -0.0252498071641, 0.080803617835, 0.0103244045749, 0.0277504939586, -0.026933349669, 0.105723902583, -0.103801481426, 0.619773745537, -0.162434786558], [0.000262725778157, 0.0352999381721, -0.0342745631933, 0.0486092194915, 0.0330851376057, -0.131921440363, 0.0261220000684, -0.0424018912017, 0.0846303850412, -0.0760885253549, 0.122022360563, -0.162434786558, 0.500639379025]]
    },
    "spectral_contrast_coeffs": {
        "max": [-0.664278626442, -0.653845489025, -0.673760890961, -0.750327348709, -0.718468546867, -0.668495357037],
        "mean": [-0.946631848812, -0.943532407284, -0.942009031773, -0.945194780827, -0.943228304386, -0.937717080116],
        "min": [-0.984586238861, -0.981577336788, -0.97806596756, -0.974478006363, -0.969698548317, -0.966540753841],
        "stdev": [0.051008477807, 0.0622967854142, 0.0582179129124, 0.0493176952004, 0.0523234121501, 0.0669266209006]
    },
    "spectral_contrast_valleys": {
        "max": [-6.70684766769, -5.89448833466, -4.79516744614, -5.1694021225, -5.72631454468, -8.54169178009],
        "mean": [-25.3242359161, -25.1625595093, -25.1256923676, -25.0994663239, -25.1588554382, -25.4654693604],
        "min": [-28.0754833221, -28.3651256561, -27.8900432587, -27.7301635742, -27.6013813019, -27.4881687164],
        "stdev": [5.60280990601, 6.05668210983, 6.33335447311, 6.30215263367, 6.17689228058, 5.28129577637]
    }
},
"rhythm": {
    "beats_count": 17,
    "beats_loudness": {
        "max": 0.0491652935743,
        "mean": 0.00290498090908,
        "min": 0,
        "stdev": 0.0115651926026
    },
    "bpm": 83.6219329834,
    "bpm_histogram_first_peak_bpm": 83,
    "bpm_histogram_first_peak_weight": 0.066666662693,
    "bpm_histogram_second_peak_bpm": 88,
    "bpm_histogram_second_peak_spread": 0,
    "bpm_histogram_second_peak_weight": 0.0625,
    "danceability": 1.02040302753,
    "onset_rate": 0.391869038343,
    "beats_loudness_band_ratio": {
        "max": [0.0305948890746, 0.00567411677912, 0.253378689289, 0.417590796947, 0.389078825712, 0.0880368947983],
        "mean": [0.00200593960471, 0.000633719319012, 0.0203782375902, 0.0481201559305, 0.0395427457988, 0.00853434670717],
        "min": [0, 0, 0, 0, 0, 0],
        "stdev": [0.00719450507313, 0.00173831125721, 0.0622139014304, 0.131815239787, 0.1098055318, 0.0239689238369]
    },
    "beats_position": [0.708208620548, 1.42802715302, 2.14784574509, 2.86766433716, 3.58748292923, 4.3073015213, 5.02712011337, 5.75854873657, 6.47836732864, 7.19818592072, 7.91800451279, 8.62621307373, 9.34603118896, 10.0658502579, 10.7856683731, 11.505487442, 12.1904764175],
    "bpm_histogram": [0, 0, 0, 0, 0, 0, 0, 0, 0, 0, 0, 0, 0, 0, 0, 0, 0, 0, 0, 0, 0, 0, 0, 0, 0, 0, 0, 0, 0, 0, 0, 0, 0, 0, 0, 0, 0, 0, 0, 0, 0, 0, 0, 0, 0, 0, 0, 0, 0, 0, 0, 0, 0, 0, 0, 0, 0, 0, 0, 0, 0, 0, 0, 0, 0, 0, 0, 0, 0, 0, 0, 0, 0, 0, 0, 0, 0, 0, 0, 0, 0, 0, 0.0625, 0.8125, 0, 0.0625, 0, 0, 0.0625, 0, 0, 0, 0, 0, 0, 0, 0, 0, 0, 0, 0, 0, 0, 0, 0, 0, 0, 0, 0, 0, 0, 0, 0, 0, 0, 0, 0, 0, 0, 0, 0, 0, 0, 0, 0, 0, 0, 0, 0, 0, 0, 0, 0, 0, 0, 0, 0, 0, 0, 0, 0, 0, 0, 0, 0, 0, 0, 0, 0, 0, 0, 0, 0, 0, 0, 0, 0, 0, 0, 0, 0, 0, 0, 0, 0, 0, 0, 0, 0, 0, 0, 0, 0, 0, 0, 0, 0, 0, 0, 0, 0, 0, 0, 0, 0, 0, 0, 0, 0, 0, 0, 0, 0, 0, 0, 0, 0, 0, 0, 0, 0, 0, 0, 0, 0, 0, 0, 0, 0, 0, 0, 0, 0, 0, 0, 0, 0, 0, 0, 0, 0, 0, 0, 0, 0, 0, 0, 0, 0, 0, 0, 0, 0, 0, 0, 0, 0, 0, 0, 0, 0, 0, 0, 0, 0, 0, 0, 0, 0, 0]
},
"tonal": {
    "chords_changes_rate": 0.00724637694657,
    "chords_number_rate": 0.0108695654199,
    "chords_strength": {
        "max": 0.547448933125,
        "mean": -0.749828696251,
        "min": -1,
        "stdev": 0.545756936073
    },
