{
"metadata": {
    "version": {
        "essentia": "2.1-beta5",
        "essentia_git_sha": "Undefined",
        "extractor": "music 2.0"
    },
    "audio_properties": {
        "analysis": {
            "equal_loudness": 0,
            "length": 12.7477550507,
            "sample_rate": 44100,
            "start_time": 0,
            "downmix": "mix"
        },
        "bit_rate": 192000,
        "length": 216.235839844,
        "lossless": 0,
        "number_channels": 2,
        "replay_gain": 30.5100383759,
        "sample_rate": 48000,
        "codec": "mp3",
        "md5_encoded": "c4efeed380117216c4412b150b829084"
    },
    "tags": {
        "file_name": "Belgium_Iemand Als Jij_Barbara.mp3",
        "encoding": ["Lavf58.29.100"]
    }
},
"lowlevel": {
    "average_loudness": 6.03040825808e-05,
    "barkbands_crest": {
        "max": 18.1393871307,
        "mean": 6.72794103622,
        "min": 3.66681361198,
        "stdev": 1.33742403984
    },
    "barkbands_flatness_db": {
        "max": 0.262778699398,
        "mean": 0.0794846192002,
        "min": 0.0217239335179,
        "stdev": 0.0245594587177
    },
    "barkbands_kurtosis": {
        "max": 31.6074829102,
        "mean": 3.50611829758,
        "min": -1.38148236275,
        "stdev": 2.11951947212
    },
    "barkbands_skewness": {
        "max": 5.13427019119,
        "mean": -1.65320920944,
        "min": -2.30085682869,
        "stdev": 0.86960875988
    },
    "barkbands_spread": {
        "max": 72.6395568848,
        "mean": 25.7232322693,
        "min": 2.92694497108,
        "stdev": 5.65865325928
    },
    "dissonance": {
        "max": 0.499999254942,
        "mean": 0.489939421415,
        "min": 0.256290018559,
        "stdev": 0.0209223087877
    },
    "dynamic_complexity": 19.1290512085,
    "erbbands_crest": {
        "max": 25.1496353149,
        "mean": 3.79558205605,
        "min": 2.52770853043,
        "stdev": 1.74719929695
    },
    "erbbands_flatness_db": {
        "max": 0.304897755384,
        "mean": 0.105301432312,
        "min": 0.0799825340509,
        "stdev": 0.0260320827365
    },
    "erbbands_kurtosis": {
        "max": 12.4106607437,
        "mean": 0.239663913846,
        "min": -1.36331880093,
        "stdev": 1.04671931267
    },
    "erbbands_skewness": {
        "max": 2.64585065842,
        "mean": -0.552015841007,
        "min": -1.0702662468,
        "stdev": 0.434598296881
    },
    "erbbands_spread": {
        "max": 71.1221389771,
        "mean": 35.6610832214,
        "min": 6.44037055969,
        "stdev": 4.94429397583
    },
    "hfc": {
        "max": 2686.14990234,
        "mean": 18.0256175995,
        "min": 1.03475821238e-16,
        "stdev": 140.093566895
    },
    "loudness_ebu128": {
        "integrated": -42.7499847412,
        "loudness_range": 8.38090896606,
        "momentary": {
            "max": -39.5209732056,
            "mean": -283.112823486,
            "min": -300.691009521,
            "stdev": 63.4208755493
        },
        "short_term": {
            "max": -47.4771347046,
            "mean": -279.268341064,
            "min": -300.691009521,
            "stdev": 68.11769104
        }
    },
    "melbands_crest": {
        "max": 27.025396347,
        "mean": 2.86154437065,
        "min": 1.45528519154,
        "stdev": 2.54704213142
    },
    "melbands_flatness_db": {
        "max": 0.338212490082,
        "mean": 0.0169290881604,
        "min": 0.0028276485391,
        "stdev": 0.0476789921522
    },
    "melbands_kurtosis": {
        "max": 79.1335906982,
        "mean": -0.360222488642,
        "min": -1.41367208958,
        "stdev": 5.06065225601
    },
    "melbands_skewness": {
        "max": 7.3345656395,
        "mean": 0.112912945449,
        "min": -0.943364977837,
        "stdev": 0.673452496529
    },
    "melbands_spread": {
        "max": 160.311019897,
        "mean": 125.291801453,
        "min": 2.83138895035,
        "stdev": 26.9743976593
    },
    "pitch_salience": {
        "max": 0.978465378284,
        "mean": 0.787480592728,
        "min": 0.372408360243,
        "stdev": 0.0334132611752
    },
    "silence_rate_20dB": {
        "max": 1,
        "mean": 0.974545478821,
        "min": 0,
        "stdev": 0.157501131296
    },
    "silence_rate_30dB": {
        "max": 1,
        "mean": 0.958181798458,
        "min": 0,
        "stdev": 0.200173467398
    },
    "silence_rate_60dB": {
        "max": 1,
        "mean": 0.947272717953,
        "min": 0,
        "stdev": 0.223488494754
    },
    "spectral_centroid": {
        "max": 11853.3378906,
        "mean": 10436.5332031,
        "min": 392.855041504,
        "stdev": 2335.20532227
    },
    "spectral_complexity": {
        "max": 63,
        "mean": 2.12545466423,
        "min": 0,
        "stdev": 9.57519054413
    },
    "spectral_decrease": {
        "max": 2.26545767133e-28,
        "mean": -5.23063947711e-09,
        "min": -4.24204586125e-07,
        "stdev": 3.20919006924e-08
    },
    "spectral_energy": {
        "max": 1.67318487167,
        "mean": 0.0213765855879,
        "min": 9.59189510249e-21,
        "stdev": 0.12814630568
    },
    "spectral_energyband_high": {
        "max": 0.341422706842,
        "mean": 0.00110647047404,
        "min": 6.92728543214e-21,
        "stdev": 0.0157583151013
    },
    "spectral_energyband_low": {
        "max": 0.108798548579,
        "mean": 0.00158045429271,
        "min": 1.01167167023e-23,
        "stdev": 0.00956813711673
    },
    "spectral_energyband_middle_high": {
        "max": 0.22740238905,
        "mean": 0.00241811177693,
        "min": 1.02510215336e-21,
        "stdev": 0.0153275858611
    },
    "spectral_energyband_middle_low": {
        "max": 1.51404309273,
        "mean": 0.0166703741997,
        "min": 1.14376160098e-22,
        "stdev": 0.110914476216
    },
    "spectral_entropy": {
        "max": 9.82442951202,
        "mean": 9.6626329422,
        "min": 6.52470827103,
        "stdev": 0.554766178131
    },
    "spectral_flux": {
        "max": 0.917324066162,
        "mean": 0.0223646145314,
        "min": 6.23546006495e-11,
        "stdev": 0.107283137739
    },
    "spectral_kurtosis": {
        "max": 11.3637008667,
        "mean": -0.839347600937,
        "min": -1.27415430546,
        "stdev": 1.56291949749
    },
    "spectral_rms": {
        "max": 0.0404026657343,
        "mean": 0.000920512364246,
        "min": 3.05907599599e-12,
        "stdev": 0.00447301426902
    },
    "spectral_rolloff": {
        "max": 19875.1464844,
        "mean": 17785.4960938,
        "min": 279.931640625,
        "stdev": 3916.04199219
    },
    "spectral_skewness": {
        "max": 3.12132096291,
        "mean": 0.100623063743,
        "min": -0.0828375965357,
        "stdev": 0.411219239235
    },
    "spectral_spread": {
        "max": 43403584,
        "mean": 38306588,
        "min": 2350414.25,
        "stdev": 8836631
    },
    "spectral_strongpeak": {
        "max": 18.2852115631,
        "mean": 0.22774258256,
        "min": 0,
        "stdev": 1.33255720139
    },
    "zerocrossingrate": {
        "max": 0.7021484375,
        "mean": 0.475674718618,
        "min": 0.01611328125,
        "stdev": 0.101085439324
    },
    "barkbands": {
        "max": [0.00533619802445, 0.066723100841, 0.0635007172823, 0.113917909563, 0.402833044529, 0.727654337883, 0.342124938965, 0.105269141495, 0.215127170086, 0.132964387536, 0.0163087192923, 0.0130280666053, 0.0198263544589, 0.015122404322, 0.0171585641801, 0.0156754925847, 0.0191595871001, 0.0536920167506, 0.0678293481469, 0.0626192316413, 0.0536620207131, 0.182073801756, 0.0591379068792, 0.0546340942383, 0.00422729365528, 0.000313946715323, 0.000310794624966],
        "mean": [2.77177878161e-05, 0.000561096472666, 0.000796636333689, 0.000927690241951, 0.0046076583676, 0.00513052241877, 0.00299634458497, 0.000985550112091, 0.00164099584799, 0.000660616729874, 0.000152979337145, 0.000155660221935, 0.000184796081157, 0.000209957011975, 0.000223757873755, 0.000198721143533, 0.000181619252544, 0.000262674002443, 0.000257190375123, 0.000186308505363, 0.000148091974552, 0.000439236522652, 0.000246784184128, 0.000175783759914, 1.57667436724e-05, 1.25079623103e-06, 9.79622768682e-07],
        "min": [1.12877330393e-25, 1.86649124733e-24, 4.75683224456e-25, 6.71971736413e-25, 4.40636441855e-24, 4.42480719765e-24, 5.27727119665e-24, 5.95184587823e-24, 1.15129768387e-23, 1.11619171698e-23, 8.54250058971e-24, 1.98752069344e-23, 2.67380806619e-23, 2.38573972943e-23, 3.96292795436e-23, 4.84166536023e-23, 6.23895953552e-23, 1.02849343484e-22, 9.96272632043e-23, 1.30809281335e-22, 1.41523135766e-22, 2.58913034823e-22, 3.41829308425e-22, 5.40065181902e-22, 7.17022157238e-22, 1.23073246817e-21, 1.78238337882e-21],
        "stdev": [0.000314551347401, 0.00455896696076, 0.00500303413719, 0.00785911548883, 0.0346413478255, 0.0439950637519, 0.0255059804767, 0.00768248038366, 0.0141703626141, 0.00642722193152, 0.0012054607505, 0.0010164816631, 0.00135074707214, 0.00139989866875, 0.00143337075133, 0.00126918463502, 0.00125084887259, 0.0029352735728, 0.00309914606623, 0.00274347374216, 0.0023215203546, 0.00784421246499, 0.00319763622247, 0.00251630903222, 0.000200471389689, 1.54902045324e-05, 1.53868204507e-05]
    },
    "erbbands": {
        "max": [0.412820130587, 19.4694671631, 59.9286422729, 141.100738525, 699.456970215, 1110.54089355, 3657.14331055, 4868.49072266, 8647.87988281, 5746.92919922, 2613.24633789, 4762.62744141, 5608.359375, 1212.46313477, 512.835144043, 576.616210938, 760.617675781, 926.780761719, 862.503051758, 1009.88134766, 829.354736328, 1102.44775391, 3221.64990234, 4143.21289062, 2254.28295898, 3317.84594727, 2077.81787109, 2523.13037109, 5519.86767578, 5306.19726562, 1588.66174316, 1785.03979492, 440.191925049, 87.9494400024, 4.06283760071, 1.32666707039, 0.558144271374, 0.192794471979, 0.0445793271065, 0.00530678173527],
        "mean": [0.00417502364144, 0.170168086886, 0.866432547569, 1.81413495541, 7.21512126923, 12.1442327499, 40.8939094543, 39.4269371033, 51.4222183228, 29.8937397003, 20.7482089996, 35.4685935974, 36.8861274719, 11.6818504333, 5.52423667908, 6.32571125031, 7.98009586334, 11.3839454651, 10.9887742996, 11.5627908707, 10.8035516739, 10.0043754578, 14.5860691071, 14.8592357635, 10.5596857071, 9.4426279068, 6.01755952835, 6.86115121841, 13.6729984283, 13.6975412369, 6.88154125214, 5.72662115097, 1.53462707996, 0.344477117062, 0.0306091997772, 0.00711476057768, 0.00206657755189, 0.000618182122707, 0.000158755399752, 4.08421037719e-05],
        "min": [4.60676435522e-23, 2.70016485567e-22, 1.1645011707e-21, 3.8414142439e-21, 1.03112853571e-20, 1.24798193044e-20, 3.38802774521e-20, 5.4043212011e-20, 9.61532580114e-20, 1.12711837062e-19, 2.74962978172e-19, 3.14379788721e-19, 4.63148196039e-19, 4.19172741435e-19, 8.01962615712e-19, 1.10898946672e-18, 1.39333673139e-18, 1.74533165374e-18, 1.90144358959e-18, 2.57283486673e-18, 1.95229307018e-18, 3.75192499524e-18, 4.77135644422e-18, 3.84773443046e-18, 6.48348175945e-18, 6.96320391493e-18, 8.06647590926e-18, 7.34393778009e-18, 8.52588705839e-18, 9.12532747751e-18, 1.02624832713e-17, 9.04692399033e-18, 8.40105226906e-18, 7.1157095501e-18, 6.01858516209e-18, 3.88842633992e-18, 2.27231001723e-18, 9.18382548363e-19, 2.50900733592e-19, 2.64260311177e-20],
        "stdev": [0.0304950457066, 1.33913123608, 5.3672542572, 12.0378503799, 59.2110443115, 87.0180892944, 295.180786133, 329.606689453, 479.770751953, 301.281463623, 160.781097412, 306.535705566, 347.704437256, 92.4919509888, 37.7434959412, 41.427570343, 53.7340126038, 78.1888580322, 70.6565704346, 74.600227356, 66.2195739746, 68.3692321777, 166.321517944, 195.059280396, 106.631202698, 144.157913208, 90.7167129517, 108.973396301, 238.291397095, 230.877197266, 90.2930984497, 82.3438262939, 20.662612915, 4.35734796524, 0.252606600523, 0.0692115649581, 0.028153045103, 0.00928237847984, 0.002272259444, 0.000319119018968]
    },
    "gfcc": {
        "mean": [-1183.8873291, 4.90764474869, -8.52403354645, 2.03299927711, -4.51527833939, 0.307488113642, -2.77782320976, -0.333469301462, -0.796572208405, -0.661191821098, -0.596170425415, -0.501619577408, -0.416422754526],
        "cov": [[101115.96875, 6727.49267578, -10408.5234375, 2575.23925781, -5585.17626953, 318.986328125, -3428.43164062, -481.369537354, -948.171936035, -863.908203125, -677.14855957, -674.707336426, -494.132446289], [6727.49267578, 703.901123047, -602.682250977, 151.784805298, -377.928924561, -39.370803833, -238.432098389, -55.2679138184, -61.1047935486, -68.5589904785, -44.7198867798, -62.3325080872, -18.3433799744], [-10408.5234375, -602.682250977, 1125.89135742, -272.399139404, 571.857910156, -57.9570236206, 348.418212891, 40.2346611023, 95.3954544067, 83.0859909058, 70.4340515137, 63.9461021423, 55.0121955872], [2575.23925781, 151.784805298, -272.399139404, 99.9674682617, -136.140731812, 26.8147258759, -95.6517715454, -16.5841026306, -22.4226951599, -27.7017269135, -12.6155767441, -16.2727050781, -12.6842670441], [-5585.17626953, -377.928924561, 571.857910156, -136.140731812, 329.329437256, -12.8251867294, 182.928314209, 22.5668182373, 49.6675872803, 50.5893325806, 39.2101745605, 40.2578125, 26.9440231323], [318.986328125, -39.370803833, -57.9570236206, 26.8147258759, -12.8251867294, 42.3058853149, -4.37809562683, 7.74597835541, 0.185649320483, -2.68263173103, -1.20140337944, 3.29391098022, -4.04302835464], [-3428.43164062, -238.432098389, 348.418212891, -95.6517715454, 182.928314209, -4.37809562683, 133.013092041, 24.5544204712, 36.9078598022, 31.0867233276, 22.269618988, 22.0710220337, 14.2944488525], [-481.369537354, -55.2679138184, 40.2346611023, -16.5841026306, 22.5668182373, 7.74597835541, 24.5544204712, 12.2106103897, 8.27259922028, 5.94830513, 2.96140742302, 4.57962846756, 1.96588921547], [-948.171936035, -61.1047935486, 95.3954544067, -22.4226951599, 49.6675872803, 0.185649320483, 36.9078598022, 8.27259922028, 13.7241353989, 7.72497320175, 7.42039775848, 5.54812955856, 5.19590330124], [-863.908203125, -68.5589904785, 83.0859909058, -27.7017269135, 50.5893325806, -2.68263173103, 31.0867233276, 5.94830513, 7.72497320175, 12.0742530823, 4.87180614471, 7.87791919708, 3.67266511917], [-677.14855957, -44.7198867798, 70.4340515137, -12.6155767441, 39.2101745605, -1.20140337944, 22.269618988, 2.96140742302, 7.42039775848, 4.87180614471, 9.05496788025, 4.08961629868, 3.97151827812], [-674.707336426, -62.3325080872, 63.9461021423, -16.2727050781, 40.2578125, 3.29391098022, 22.0710220337, 4.57962846756, 5.54812955856, 7.87791919708, 4.08961629868, 8.034948349, 2.88459730148], [-494.132446289, -18.3433799744, 55.0121955872, -12.6842670441, 26.9440231323, -4.04302835464, 14.2944488525, 1.96588921547, 5.19590330124, 3.67266511917, 3.97151827812, 2.88459730148, 5.27594184875]],
        "icov": [[0.00218143383972, -0.00698633212596, 0.00866229087114, -0.00623559392989, 0.00653712078929, 0.00157156412024, 0.00621725805104, -0.0191400870681, 0.0191572699696, -0.00335279735737, -0.00578525243327, -0.00815813615918, 0.0250940620899], [-0.00698633212596, 0.0337855555117, -0.029390770942, 0.0315099954605, -0.0101774176583, -0.0109564438462, -0.00518822623417, 0.0943811237812, -0.0869178324938, 0.00796679593623, 0.0253954939544, 0.067141443491, -0.107949279249], [0.00866229087114, -0.029390770942, 0.0660365894437, -0.0231035165489, -0.00295109255239, 0.0317459255457, -0.0314564295113, -0.0582874007523, 0.0966829434037, 0.0665128231049, -0.0204719901085, -0.0843720585108, 0.0313643738627], [-0.00623559392989, 0.0315099954605, -0.0231035165489, 0.180251732469, -0.00179193250369, -0.0969004929066, 0.097923591733, 0.213696971536, -0.262241512537, 0.0957815274596, -0.0490891076624, 0.041379339993, -0.00432667927817], [0.00653712078929, -0.0101774176583, -0.00295109255239, -0.00179193250369, 0.0963105857372, -0.0329733230174, 0.0470175817609, 0.0249466728419, 0.00644436571747, -0.111806116998, -0.0559048913419, -0.0144197521731, 0.0709744468331], [0.00157156412024, -0.0109564438462, 0.0317459255457, -0.0969004929066, -0.0329733230174, 0.124071627855, -0.0942215099931, -0.136499226093, 0.133428066969, 0.0753161460161, 0.0359462164342, -0.125313639641, -0.02764781937], [0.00621725805104, -0.00518822623417, -0.0314564295113, 0.097923591733, 0.0470175817609, -0.0942215099931, 0.295208483934, -0.0350673086941, -0.234241038561, -0.111197866499, -0.0502640865743, 0.130046784878, 0.303423881531], [-0.0191400870681, 0.0943811237812, -0.0582874007523, 0.213696971536, 0.0249466728419, -0.136499226093, -0.0350673086941, 0.681002259254, -0.482863068581, 0.0354419313371, 0.0130115393549, 0.0719961225986, -0.331981539726], [0.0191572699696, -0.0869178324938, 0.0966829434037, -0.262241512537, 0.00644436571747, 0.133428066969, -0.234241038561, -0.482863068581, 0.904567122459, -0.0391693636775, -0.0580228082836, -0.0765665471554, -0.0406918413937], [-0.00335279735737, 0.00796679593623, 0.0665128231049, 0.0957815274596, -0.111806116998, 0.0753161460161, -0.111197866499, 0.0354419313371, -0.0391693636775, 0.684676170349, 0.0313476510346, -0.367097467184, -0.093722037971], [-0.00578525243327, 0.0253954939544, -0.0204719901085, -0.0490891076624, -0.0559048913419, 0.0359462164342, -0.0502640865743, 0.0130115393549, -0.0580228082836, 0.0313476510346, 0.332299739122, 0.0710220113397, -0.167362049222], [-0.00815813615918, 0.067141443491, -0.0843720585108, 0.041379339993, -0.0144197521731, -0.125313639641, 0.130046784878, 0.0719961225986, -0.0765665471554, -0.367097467184, 0.0710220113397, 0.87225574255, -0.152381747961], [0.0250940620899, -0.107949279249, 0.0313643738627, -0.00432667927817, 0.0709744468331, -0.02764781937, 0.303423881531, -0.331981539726, -0.0406918413937, -0.093722037971, -0.167362049222, -0.152381747961, 1.05961322784]]
    },
    "melbands": {
        "max": [0.0107002407312, 0.0292673390359, 0.0486676432192, 0.0553616285324, 0.0972462370992, 0.135436609387, 0.114524200559, 0.0538101904094, 0.0202537253499, 0.0292919334024, 0.027969809249, 0.00492637418211, 0.00190553674474, 0.00154044677038, 0.00182116695214, 0.002335205907, 0.00186294014566, 0.00134655507281, 0.00141980894841, 0.00139442121144, 0.00117507856339, 0.000708653067704, 0.00264806719497, 0.00281869247556, 0.00366043625399, 0.00158818787895, 0.00197753403336, 0.00208969204687, 0.00111576472409, 0.00147042633034, 0.00131177098956, 0.00307860667817, 0.00382531015202, 0.00236399681307, 0.00104788551107, 0.0011333830189, 0.001031263615, 0.000308946793666, 0.000157109112479, 3.71585410903e-05],
        "mean": [9.31206668611e-05, 0.000379218865419, 0.000511274614837, 0.000626144290436, 0.00130452634767, 0.000948493892793, 0.000737414404284, 0.000292582204565, 0.000157263610163, 0.000244202179601, 0.000179928203579, 4.58757822344e-05, 1.89804923139e-05, 1.67083562701e-05, 1.68006499734e-05, 1.88057583728e-05, 2.14851897908e-05, 1.68243259395e-05, 1.70492057805e-05, 1.39038802445e-05, 1.27465054902e-05, 9.59767749009e-06, 1.30392936626e-05, 1.24644893731e-05, 1.23525669551e-05, 8.26050563774e-06, 6.90103161105e-06, 5.80091545999e-06, 3.42563566846e-06, 3.90439845432e-06, 3.76933121515e-06, 7.71012673795e-06, 9.01785551832e-06, 6.64448361931e-06, 4.06342405768e-06, 3.75753302251e-06, 3.18650722875e-06, 1.07881692202e-06, 5.86325313634e-07, 1.70820214862e-07],
        "min": [6.98875936193e-25, 9.13392854302e-25, 6.77834353445e-25, 7.39096896914e-25, 1.28533426301e-24, 1.22613113954e-24, 1.46187127562e-24, 9.17591369255e-25, 2.06252811266e-24, 1.85229234268e-24, 2.28266073434e-24, 1.30321744391e-24, 2.25886474513e-24, 2.62519873331e-24, 1.83154608974e-24, 2.33599522571e-24, 2.29775677105e-24, 2.33566035425e-24, 2.70714087098e-24, 3.0975148036e-24, 1.66519149647e-24, 3.1021284566e-24, 3.08518747145e-24, 3.6491403855e-24, 2.38323576659e-24, 3.1660181041e-24, 3.62622082076e-24, 3.85999896116e-24, 4.075926757e-24, 3.84851709069e-24, 3.86925308844e-24, 3.93276861866e-24, 4.06620917394e-24, 4.00522864825e-24, 4.97976177258e-24, 4.21826802988e-24, 4.03768080816e-24, 5.28945712548e-24, 5.05395216856e-24, 5.89191572083e-24],
        "stdev": [0.000736277434044, 0.00238428171724, 0.00377187365666, 0.00462562125176, 0.00922335498035, 0.00829648971558, 0.00659057172015, 0.00287385261618, 0.00121632486116, 0.00212525133975, 0.00172268925235, 0.000363260129234, 0.000139147043228, 0.000109194174001, 0.000117993935419, 0.000140570336953, 0.000149643630721, 0.000109286920633, 0.000111857698357, 9.43755876506e-05, 8.08110125945e-05, 5.83550609008e-05, 0.000137408540468, 0.000147512138938, 0.000170342507772, 7.87973331171e-05, 8.79742729012e-05, 9.06289424165e-05, 4.91219252581e-05, 6.37516495772e-05, 5.69042058487e-05, 0.000132897373987, 0.000164788943948, 0.000104363098217, 5.42361813132e-05, 5.28141099494e-05, 4.70076738566e-05, 1.44926352732e-05, 7.70450878917e-06, 2.00705721909e-06]
    },
    "melbands128": {
        "max": [0.00165264506359, 0.00166905194055, 0.00781451910734, 0.043474521488, 0.0415544956923, 0.0394713692367, 0.0278431028128, 0.0825595483184, 0.0856579020619, 0.062250494957, 0.0530296675861, 0.147309422493, 0.181374937296, 0.188277631998, 0.094905950129, 0.245159253478, 0.284411668777, 0.0752163901925, 0.108148373663, 0.107324764132, 0.0439272075891, 0.023477640003, 0.0276321489364, 0.00948242656887, 0.0428932197392, 0.0420138128102, 0.0808962956071, 0.0480777062476, 0.0135550862178, 0.00737425731495, 0.00506586022675, 0.00379850971512, 0.00173210666981, 0.00112134206574, 0.00252764229663, 0.00120477657765, 0.00190444954205, 0.00209461478516, 0.00175754062366, 0.00177290616557, 0.00354332872666, 0.0035514854826, 0.00284190801904, 0.00202759751119, 0.001755022211, 0.00150625850074, 0.00218421290629, 0.00210153753869, 0.00140849652234, 0.00123567960691, 0.00209522387013, 0.000673477188684, 0.0011653569527, 0.00206705671735, 0.000805585354101, 0.000657676544506, 0.000735009787604, 0.00315353414044, 0.00284758675843, 0.00277724256739, 0.00371653074399, 0.0014957053354, 0.0043021212332, 0.00442611239851, 0.00185922475066, 0.00187894760165, 0.00109794083983, 0.001121666166, 0.00191917829216, 0.00363714830019, 0.00243518222123, 0.00124961440451, 0.000903951004148, 0.00128600106109, 0.00105542608071, 0.0015335676726, 0.00166158308275, 0.00118143833242, 0.00129329995252, 0.00124730041716, 0.00308352336287, 0.00407526362687, 0.00239123986103, 0.00348582677543, 0.00634487485513, 0.00167547899764, 0.00168295798358, 0.00183026131708, 0.000964423292316, 0.000679761869833, 0.000765862641856, 0.00145139673259, 0.00144623836968, 0.0011734883301, 0.000739440089092, 0.000237000684137, 0.000324416498188, 0.0002066775196, 0.00013440210023, 0.00015483579773, 7.43779091863e-05, 1.88637677638e-05, 6.1137470766e-06, 3.0409739793e-06, 2.18609375224e-06, 2.42545775109e-06, 2.30144587476e-06, 2.65593348558e-06, 2.15398654291e-06, 2.44672082772e-06, 1.7810780264e-06, 1.75757941179e-06, 1.74249362317e-06, 1.73258467839e-06, 1.7406285906e-06, 1.48993740368e-06, 1.44544560499e-06, 1.45669798712e-06, 1.44837463267e-06, 1.40997246945e-06, 1.35629852593e-06, 1.25526105421e-06, 1.26794304833e-06, 1.29838952034e-06, 1.26412919599e-06, 1.21994935398e-06, 1.17879392292e-06, 1.21794425922e-06],
        "mean": [9.37888125918e-06, 9.39597248362e-06, 6.69656947139e-05, 0.000360712845577, 0.000459468574263, 0.000374644703697, 0.000246911891736, 0.000608656147961, 0.000871471595019, 0.000383751874324, 0.000494292879011, 0.0014864745317, 0.00170188164338, 0.000889552931767, 0.000653205614071, 0.00117518508341, 0.0011967063183, 0.000513138074894, 0.000396291929064, 0.000346279644873, 0.000224496878218, 0.000176393048605, 0.00015253557649, 0.00012010444334, 0.000214229352423, 0.000306569651002, 0.000290597614367, 0.000180180169991, 7.68609461375e-05, 4.62973584945e-05, 4.09078456869e-05, 2.93489065371e-05, 1.31400065584e-05, 1.53742475959e-05, 1.87869300134e-05, 1.51946442202e-05, 1.69650866155e-05, 1.73462140083e-05, 1.64153989317e-05, 1.57879749167e-05, 2.11770220631e-05, 2.04438474611e-05, 2.35585084738e-05, 2.11043698073e-05, 1.55953712238e-05, 1.59267619892e-05, 1.89701349882e-05, 1.70973053173e-05, 1.64513712662e-05, 1.51898138938e-05, 1.49296765812e-05, 1.06785964817e-05, 1.19598525998e-05, 1.53375221998e-05, 1.09563734441e-05, 7.93266735855e-06, 8.16823649075e-06, 1.36710523293e-05, 1.46972424773e-05, 1.29105128508e-05, 1.34588899527e-05, 9.93246885628e-06, 1.52739212353e-05, 1.24927528304e-05, 7.31386307962e-06, 9.98108498607e-06, 7.59021486374e-06, 5.56939312446e-06, 6.38971687295e-06, 9.47799071582e-06, 6.22932338956e-06, 3.97272560804e-06, 3.38211862072e-06, 3.40963924828e-06, 3.33974890054e-06, 4.10080974689e-06, 4.20280684921e-06, 3.1034614949e-06, 3.6034225559e-06, 4.09652329836e-06, 8.2083606685e-06, 9.22119852476e-06, 6.37513221591e-06, 8.47751653055e-06, 1.36106637001e-05, 5.28259852217e-06, 5.7495353758e-06, 5.30985289515e-06, 4.2444448809e-06, 2.86043018605e-06, 2.68730082098e-06, 4.33141212852e-06, 4.99006955579e-06, 3.50933601112e-06, 2.0933396172e-06, 9.42235658385e-07, 1.05918627469e-06, 8.59763190419e-07, 5.62608704513e-07, 5.17702176239e-07, 2.65382652742e-07, 1.06128787536e-07, 4.19869579105e-08, 3.27211608919e-08, 1.9067149637e-08, 1.49517358494e-08, 1.50650780739e-08, 1.4353618738e-08, 1.07366604496e-08, 8.95106655463e-09, 7.10616143706e-09, 6.36765085105e-09, 5.73629410638e-09, 6.09473893576e-09, 5.46456346839e-09, 4.27371960043e-09, 4.47119985481e-09, 4.52520243499e-09, 4.40538627799e-09, 4.45660264248e-09, 4.62727900441e-09, 4.049621527e-09, 4.38112479628e-09, 3.78740372398e-09, 3.85036580397e-09, 3.62110363916e-09, 3.35557404085e-09, 3.71059449833e-09],
        "min": [5.55025214951e-26, 1.63951772249e-25, 1.49219079939e-25, 1.96525724896e-25, 3.0371208946e-25, 2.03186780098e-25, 2.15786885559e-25, 2.21428153152e-25, 3.35850603213e-25, 3.50409105175e-25, 1.38910750993e-25, 6.67631596276e-26, 8.65221038473e-26, 1.56532239613e-25, 1.08601051011e-25, 4.05357827825e-25, 1.93867448535e-25, 2.75128848546e-25, 5.00117402134e-25, 2.73092971113e-25, 6.32860752289e-25, 5.60040262571e-25, 4.83839503874e-25, 4.79769425337e-25, 4.62802309165e-25, 5.71628333446e-25, 8.02581760161e-25, 2.36522981921e-25, 7.92137143168e-25, 3.04648689221e-25, 5.06646212201e-25, 8.01397236208e-25, 7.61218380937e-25, 1.01259802959e-24, 8.97261240436e-25, 4.54926075368e-25, 8.4648334865e-25, 3.89764365008e-25, 6.45099288284e-25, 7.01440818819e-25, 9.17714924594e-25, 8.8964794384e-25, 6.51910165428e-25, 5.74624525771e-25, 4.67455553126e-25, 5.26053225849e-25, 8.89441262282e-25, 8.11142478704e-25, 6.61222471199e-25, 5.22689621557e-25, 1.03593076023e-24, 1.15906465057e-24, 1.06168174397e-24, 9.73363736646e-25, 9.98280499983e-25, 1.16809720654e-24, 1.46452668004e-24, 1.01068346417e-24, 9.92977481156e-25, 1.06064665986e-24, 1.97461015642e-24, 1.8001636252e-24, 1.24733246662e-24, 1.22028735656e-24, 1.53775476432e-24, 1.49135751575e-24, 1.48338104732e-24, 2.07263736516e-24, 1.34417194667e-24, 2.08984794353e-24, 1.99306575451e-24, 1.76551862918e-24, 2.13354511844e-24, 2.49618210998e-24, 2.9079479782e-24, 1.84668354165e-24, 2.37207121541e-24, 2.54179049765e-24, 1.75645895612e-24, 1.99269834254e-24, 1.90216038202e-24, 1.77446411463e-24, 1.6181207579e-24, 1.87540438948e-24, 2.63929114174e-24, 2.72895228336e-24, 1.95042703372e-24, 3.27735122695e-24, 2.96781897103e-24, 3.3776542994e-24, 2.58584522376e-24, 1.81508394315e-24, 2.93204472063e-24, 3.29360945299e-24, 2.73434750031e-24, 3.50387835512e-24, 3.44681925699e-24, 3.1489301936e-24, 3.14463740977e-24, 3.76369087755e-24, 3.65942949829e-24, 3.37557998965e-24, 4.04671168781e-24, 4.30749845345e-24, 3.23106086903e-24, 3.41079434603e-24, 3.85988773178e-24, 4.04279893772e-24, 3.62706135206e-24, 4.35557045372e-24, 4.11920642728e-24, 3.48448736521e-24, 5.01857727899e-24, 4.76598717258e-24, 3.53388189079e-24, 4.18962291269e-24, 5.40800990333e-24, 3.97836517341e-24, 5.06140808741e-24, 4.06942693757e-24, 4.85608810416e-24, 4.35238661111e-24, 5.13801515877e-24, 5.35771370974e-24, 5.01334160916e-24, 5.01855755746e-24, 5.11959446777e-24, 5.21173302707e-24],
        "stdev": [9.56998046604e-05, 8.74340694281e-05, 0.00054831529269, 0.00297715840861, 0.00318192550912, 0.00260180118494, 0.00181136489846, 0.00569271389395, 0.0074735074304, 0.00329336198047, 0.00373968016356, 0.0120255760849, 0.0128425750881, 0.00910542905331, 0.00558397267014, 0.0124205164611, 0.013810576871, 0.0047368616797, 0.00512067135423, 0.00477258814499, 0.00222729332745, 0.00150556140579, 0.00145919166971, 0.000768336991314, 0.00228518457152, 0.00292085297406, 0.00374665530398, 0.0022056074813, 0.00068378954893, 0.000423897494329, 0.000366515101632, 0.000259582331637, 9.90375992842e-05, 9.7186108178e-05, 0.000144615565659, 9.97732568067e-05, 0.000122343742987, 0.000134395420901, 0.000114923888759, 0.000107975341962, 0.000187354948139, 0.000180055998499, 0.0001792661933, 0.000157455870067, 0.000120816373965, 0.000113165777293, 0.000153659813805, 0.00012526048522, 0.000109921915282, 0.000108150015876, 0.000121044460684, 6.67957938276e-05, 8.09529810795e-05, 0.000115533039207, 6.73129761708e-05, 4.89345256938e-05, 5.22132067999e-05, 0.000155255009304, 0.000161029369337, 0.000151913191075, 0.000177126610652, 0.000104414189991, 0.00021439678676, 0.000194806605577, 8.78173159435e-05, 9.57201846177e-05, 6.08651207585e-05, 5.3692398069e-05, 8.60561267473e-05, 0.000157399510499, 0.000104673570604, 5.5023618188e-05, 4.27998020314e-05, 5.53905374545e-05, 4.65932607767e-05, 6.69818473398e-05, 7.18028168194e-05, 5.08114317199e-05, 5.58600659133e-05, 5.56305458304e-05, 0.000134160058224, 0.000174640284968, 0.0001050621795, 0.000150909574586, 0.0002713460417, 7.64475917094e-05, 7.94953448349e-05, 8.15575549495e-05, 5.4820706282e-05, 3.81026948162e-05, 3.5850382119e-05, 6.53375827824e-05, 6.96095521562e-05, 5.3114061302e-05, 3.29232934746e-05, 1.19221103887e-05, 1.48616218212e-05, 1.10314458652e-05, 6.87712645231e-06, 7.36131187296e-06, 3.58055899596e-06, 1.09088966838e-06, 3.70508303149e-07, 2.18944435915e-07, 1.37543082701e-07, 1.26132405853e-07, 1.26732260242e-07, 1.35598867246e-07, 1.1306290304e-07, 1.18083633538e-07, 9.40123570103e-08, 9.2411475805e-08, 8.4605055406e-08, 8.78652741676e-08, 8.3180204058e-08, 6.81963570059e-08, 6.94282391578e-08, 7.01439475392e-08, 6.90857930863e-08, 7.02768190308e-08, 7.17764763181e-08, 6.30025311921e-08, 6.83067682417e-08, 6.20355322667e-08, 6.16395112729e-08, 5.8548469184e-08, 5.56711761135e-08, 6.0290410886e-08]
    },
    "mfcc": {
        "mean": [-1223.21276855, 6.50468254089, -0.411827594042, 1.02363097668, -0.170006096363, 0.156829193234, -1.10233390331, 0.0487524084747, -0.665696561337, 0.167757362127, -0.481011807919, -0.287024438381, -0.240678936243],
        "cov": [[28847.1953125, 4432.25341797, -223.332275391, 714.647277832, -151.066665649, 74.0529174805, -770.640441895, 23.5193805695, -464.817779541, 117.889205933, -327.356079102, -208.591934204, -163.777374268], [4432.25341797, 879.931518555, 9.23960590363, 130.180770874, -38.0578460693, -21.7425327301, -139.824829102, -27.2246437073, -74.8135223389, 13.8611507416, -70.8235855103, -46.5534553528, -26.0824756622], [-223.332275391, 9.23960590363, 39.8762931824, 2.32495737076, -4.61708068848, -9.70999908447, 0.352496773005, -2.62448382378, -0.167735427618, -1.59475982189, -4.69941902161, -2.88841795921, -1.2505685091], [714.647277832, 130.180770874, 2.32495737076, 33.2585029602, 3.43729686737, -1.73196935654, -25.2511310577, -7.6448931694, -18.1542072296, -1.08027839661, -12.7220115662, -9.57569980621, -3.67372894287], [-151.066665649, -38.0578460693, -4.61708068848, 3.43729686737, 28.2950935364, 11.241355896, 5.51292657852, -0.392643243074, -2.3128221035, -5.98012685776, -1.03139054775, 3.476531744, -0.0846480131149], [74.0529174805, -21.7425327301, -9.70999908447, -1.73196935654, 11.241355896, 17.6582241058, 3.58478426933, 8.40536022186, 0.257053166628, -0.512316763401, 1.44010388851, 3.57800865173, -0.979761660099], [-770.640441895, -139.824829102, 0.352496773005, -25.2511310577, 5.51292657852, 3.58478426933, 27.3832988739, 4.98202371597, 14.899728775, -1.78047418594, 12.68521595, 9.31594467163, 3.98535370827], [23.5193805695, -27.2246437073, -2.62448382378, -7.6448931694, -0.392643243074, 8.40536022186, 4.98202371597, 13.0161342621, 4.27877187729, 4.39096832275, 4.29525756836, 4.18623828888, -0.771704912186], [-464.817779541, -74.8135223389, -0.167735427618, -18.1542072296, -2.3128221035, 0.257053166628, 14.899728775, 4.27877187729, 13.8857498169, 1.15945100784, 8.80694103241, 5.92261743546, 2.10906410217], [117.889205933, 13.8611507416, -1.59475982189, -1.08027839661, -5.98012685776, -0.512316763401, -1.78047418594, 4.39096832275, 1.15945100784, 4.96889543533, 1.39746665955, 0.23733754456, -0.68913435936], [-327.356079102, -70.8235855103, -4.69941902161, -12.7220115662, -1.03139054775, 1.44010388851, 12.68521595, 4.29525756836, 8.80694103241, 1.39746665955, 9.57884216309, 5.32447957993, 2.09618520737], [-208.591934204, -46.5534553528, -2.88841795921, -9.57569980621, 3.476531744, 3.57800865173, 9.31594467163, 4.18623828888, 5.92261743546, 0.23733754456, 5.32447957993, 5.60023164749, 0.629643023014], [-163.777374268, -26.0824756622, -1.2505685091, -3.67372894287, -0.0846480131149, -0.979761660099, 3.98535370827, -0.771704912186, 2.10906410217, -0.68913435936, 2.09618520737, 0.629643023014, 3.1999027729]],
        "icov": [[0.00128973193932, -0.0047035170719, 0.00582967000082, 0.000716006150469, 0.00316772586666, -0.00217580609024, 0.0098970150575, -0.0157488957047, 0.0214317701757, 0.00588536076248, -0.0129816848785, -0.00384652102366, 0.0104687232524], [-0.0047035170719, 0.0277501512319, -0.0183118265122, -0.0221291612834, 0.00225758180022, 0.00224960036576, -0.0177141632885, 0.0741894170642, -0.0890375524759, -0.0551513619721, 0.100370824337, -0.0170791540295, -0.0219856388867], [0.00582967000082, -0.0183118265122, 0.0790753737092, -0.0465944595635, 0.0331175364554, 0.0348827838898, -0.022044941783, -0.117643728852, 0.0595636069775, 0.0519211404026, 0.0476303659379, -0.0116980485618, 0.0801885426044], [0.000716006150469, -0.0221291612834, -0.0465944595635, 0.291570454836, -0.101943172514, -0.0231310669333, 0.184407487512, 0.0295315794647, 0.181874230504, 0.0416215695441, -0.299519598484, 0.157713711262, -0.00525779370219], [0.00316772586666, 0.00225758180022, 0.0331175364554, -0.101943172514, 0.133372217417, -0.048304464668, -0.040031015873, -0.0129386875778, 0.0299343336374, 0.0277102608234, 0.136575520039, -0.163418278098, 0.040837276727], [-0.00217580609024, 0.00224960036576, 0.0348827838898, -0.0231310669333, -0.048304464668, 0.198346599936, -0.0617335364223, -0.15996453166, -0.0444815456867, 0.130926892161, 0.0439889281988, 0.0398758426309, 0.0126646477729], [0.0098970150575, -0.0177141632885, -0.022044941783, 0.184407487512, -0.040031015873, -0.0617335364223, 0.517575204372, -0.049385804683, 0.184318482876, 0.0867076143622, -0.347247809172, -0.106775894761, 0.034441113472], [-0.0157488957047, 0.0741894170642, -0.117643728852, 0.0295315794647, -0.0129386875778, -0.15996453166, -0.049385804683, 0.560442268848, -0.227139666677, -0.417104721069, 0.182411119342, -0.110461741686, -0.103944137692], [0.0214317701757, -0.0890375524759, 0.0595636069775, 0.181874230504, 0.0299343336374, -0.0444815456867, 0.184318482876, -0.227139666677, 0.709246397018, 0.0826507359743, -0.445038229227, -0.0759304463863, 0.162898972631], [0.00588536076248, -0.0551513619721, 0.0519211404026, 0.0416215695441, 0.0277102608234, 0.130926892161, 0.0867076143622, -0.417104721069, 0.0826507359743, 0.766177594662, -0.338273525238, 0.120341733098, 0.060444932431], [-0.0129816848785, 0.100370824337, 0.0476303659379, -0.299519598484, 0.136575520039, 0.0439889281988, -0.347247809172, 0.182411119342, -0.445038229227, -0.338273525238, 1.08787429333, -0.346183538437, -0.102052725852], [-0.00384652102366, -0.0170791540295, -0.0116980485618, 0.157713711262, -0.163418278098, 0.0398758426309, -0.106775894761, -0.110461741686, -0.0759304463863, 0.120341733098, -0.346183538437, 0.888167917728, 0.082618124783], [0.0104687232524, -0.0219856388867, 0.0801885426044, -0.00525779370219, 0.040837276727, 0.0126646477729, 0.034441113472, -0.103944137692, 0.162898972631, 0.060444932431, -0.102052725852, 0.082618124783, 0.587657988071]]
    },
    "spectral_contrast_coeffs": {
        "max": [-0.276186853647, -0.503252208233, -0.499999523163, -0.699773728848, -0.684405565262, -0.518783330917],
        "mean": [-0.939850628376, -0.949491322041, -0.948980808258, -0.952606320381, -0.948877751827, -0.945560097694],
        "min": [-0.985421776772, -0.984153807163, -0.979129612446, -0.974755644798, -0.969511389732, -0.966118991375],
        "stdev": [0.0997286140919, 0.0642868727446, 0.0531836524606, 0.0374391935766, 0.0456350557506, 0.0583347789943]
    },
    "spectral_contrast_valleys": {
        "max": [-4.40799808502, -3.69208788872, -4.74686288834, -4.99208021164, -4.22439956665, -6.89057016373],
        "mean": [-25.9647884369, -25.875869751, -25.9667854309, -25.928155899, -25.9741630554, -26.1427116394],
        "min": [-28.2434883118, -27.9862823486, -27.9174423218, -27.7318382263, -27.5520992279, -27.4502944946],
        "stdev": [4.94193649292, 5.12438344955, 4.99604225159, 4.98841762543, 4.93486356735, 4.27127218246]
    }
},
"rhythm": {
    "beats_count": 33,
    "beats_loudness": {
        "max": 0.579821646214,
        "mean": 0.0204812642187,
        "min": 0,
        "stdev": 0.100238718092
    },
    "bpm": 155.289138794,
    "bpm_histogram_first_peak_bpm": 157,
    "bpm_histogram_first_peak_weight": 0,
    "bpm_histogram_second_peak_bpm": 172,
    "bpm_histogram_second_peak_spread": 0,
    "bpm_histogram_second_peak_weight": 0.28125,
    "danceability": 2.16633939743,
    "onset_rate": 0.391869038343,
    "beats_loudness_band_ratio": {
        "max": [0.409614443779, 0.163459643722, 0.823580205441, 0.189363434911, 0.127290934324, 0.546837508678],
        "mean": [0.0151957981288, 0.0106324851513, 0.0272464584559, 0.00956117734313, 0.00780149828643, 0.0241631492972],
        "min": [0, 0, 0, 0, 0, 0],
        "stdev": [0.0706655085087, 0.0375020056963, 0.141144707799, 0.0351622365415, 0.0300676357001, 0.101608589292]
    },
    "beats_position": [0.383129239082, 0.777868449688, 1.17260766029, 1.5673469305, 1.9620860815, 2.34521532059, 2.72834467888, 3.15791368484, 3.58748292923, 4.01705217361, 4.45823097229, 4.88780021667, 5.31736946106, 5.74693870544, 6.13006782532, 6.51319694519, 6.8963265419, 7.27945566177, 7.66258478165, 8.04571437836, 8.42884349823, 8.8119726181, 9.16027164459, 9.50857162476, 9.85687065125, 10.2051696777, 10.5534696579, 10.9017686844, 11.2500677109, 11.5983667374, 11.9466667175, 12.2601356506, 12.5619955063],
    "bpm_histogram": [0, 0, 0, 0, 0, 0, 0, 0, 0, 0, 0, 0, 0, 0, 0, 0, 0, 0, 0, 0, 0, 0, 0, 0, 0, 0, 0, 0, 0, 0, 0, 0, 0, 0, 0, 0, 0, 0, 0, 0, 0, 0, 0, 0, 0, 0, 0, 0, 0, 0, 0, 0, 0, 0, 0, 0, 0, 0, 0, 0, 0, 0, 0, 0, 0, 0, 0, 0, 0, 0, 0, 0, 0, 0, 0, 0, 0, 0, 0, 0, 0, 0, 0, 0, 0, 0, 0, 0, 0, 0, 0, 0, 0, 0, 0, 0, 0, 0, 0, 0, 0, 0, 0, 0, 0, 0, 0, 0, 0, 0, 0, 0, 0, 0, 0, 0, 0, 0, 0, 0, 0, 0, 0, 0, 0, 0, 0, 0, 0, 0, 0, 0, 0, 0, 0, 0, 0.03125, 0, 0, 0, 0.1875, 0, 0, 0, 0, 0, 0, 0, 0, 0, 0, 0, 0.125, 0, 0, 0, 0, 0.3125, 0, 0, 0, 0, 0, 0, 0, 0, 0, 0, 0, 0, 0, 0, 0.28125, 0, 0, 0, 0, 0, 0, 0, 0, 0, 0, 0, 0, 0, 0, 0, 0, 0, 0, 0.03125, 0, 0, 0, 0, 0, 0, 0, 0.03125, 0, 0, 0, 0, 0, 0, 0, 0, 0, 0, 0, 0, 0, 0, 0, 0, 0, 0, 0, 0, 0, 0, 0, 0, 0, 0, 0, 0, 0, 0, 0, 0, 0, 0, 0, 0, 0, 0, 0, 0, 0, 0, 0, 0, 0, 0, 0, 0, 0, 0]
},
"tonal": {
    "chords_changes_rate": 0.0362318828702,
    "chords_number_rate": 0.0144927538931,
    "chords_strength": {
        "max": 0.5169531703,
        "mean": -0.811745345592,
        "min": -1,
        "stdev": 0.471571624279
    },
    "hpcp_crest": {
        "max": 21.2373943329,
        "mean": 0.764578104019,
        "min": 0,
