{
"metadata": {
    "version": {
        "essentia": "2.1-beta5",
        "essentia_git_sha": "Undefined",
        "extractor": "music 2.0"
    },
    "audio_properties": {
        "analysis": {
            "equal_loudness": 0,
            "length": 30.870929718,
            "sample_rate": 44100,
            "start_time": 178.735595703,
            "downmix": "mix"
        },
        "bit_rate": 192000,
        "length": 209.629745483,
        "lossless": 0,
        "number_channels": 2,
        "replay_gain": -7.78652191162,
        "sample_rate": 44100,
        "codec": "mp3",
        "md5_encoded": "74ff4ee091b736680476e5f5ede0d354"
    },
    "tags": {
        "file_name": "Austria_Maria Magdalena_Tony Wegas.mp3",
        "encoding": ["Lavf58.29.100"]
    }
},
"lowlevel": {
    "average_loudness": 0.931929528713,
    "barkbands_crest": {
        "max": 22.4471092224,
        "mean": 8.45132541656,
        "min": 2.23595023155,
        "stdev": 3.78519678116
    },
    "barkbands_flatness_db": {
        "max": 0.273235291243,
        "mean": 0.127614155412,
        "min": 0.0250422470272,
        "stdev": 0.0423577651381
    },
    "barkbands_kurtosis": {
        "max": 26.2018318176,
        "mean": 1.98992931843,
        "min": -1.52056884766,
        "stdev": 2.69152402878
    },
    "barkbands_skewness": {
        "max": 4.62623596191,
        "mean": 0.814183473587,
        "min": -2.24512839317,
        "stdev": 1.09522604942
    },
    "barkbands_spread": {
        "max": 69.0097579956,
        "mean": 21.4202537537,
        "min": 2.56864237785,
        "stdev": 11.1267585754
    },
    "dissonance": {
        "max": 0.500000059605,
        "mean": 0.475007414818,
        "min": 0.353382974863,
        "stdev": 0.0215245243162
    },
    "dynamic_complexity": 3.4749610424,
    "erbbands_crest": {
        "max": 28.2987537384,
        "mean": 8.23895072937,
        "min": 2.49666333199,
        "stdev": 4.5816988945
    },
    "erbbands_flatness_db": {
        "max": 0.332064330578,
        "mean": 0.177436068654,
        "min": 0.081265732646,
        "stdev": 0.0607854835689
    },
    "erbbands_kurtosis": {
        "max": 16.2569789886,
        "mean": 0.474473416805,
        "min": -1.76151764393,
        "stdev": 2.11966776848
    },
    "erbbands_skewness": {
        "max": 3.28609061241,
        "mean": 0.458448678255,
        "min": -1.17867350578,
        "stdev": 0.721567630768
    },
    "erbbands_spread": {
        "max": 109.678092957,
        "mean": 33.5825462341,
        "min": 4.25966119766,
        "stdev": 16.7618198395
    },
    "hfc": {
        "max": 121.303367615,
        "mean": 26.0610675812,
        "min": 1.06958119268e-16,
        "stdev": 19.957490921
    },
    "loudness_ebu128": {
        "integrated": -14.7144613266,
        "loudness_range": 5.38880252838,
        "momentary": {
            "max": -11.8306970596,
            "mean": -40.9801597595,
            "min": -300.691009521,
            "stdev": 79.8101425171
        },
        "short_term": {
            "max": -13.3178787231,
            "mean": -17.6772994995,
            "min": -171.466812134,
            "stdev": 12.2527770996
        }
    },
    "melbands_crest": {
        "max": 29.5369205475,
        "mean": 10.5100946426,
        "min": 1.53361570835,
        "stdev": 4.91629171371
    },
    "melbands_flatness_db": {
        "max": 0.302717745304,
        "mean": 0.133905336261,
        "min": 0.00353487045504,
        "stdev": 0.0576116964221
    },
    "melbands_kurtosis": {
        "max": 52.2944908142,
        "mean": 5.67331361771,
        "min": -1.39840686321,
        "stdev": 5.99632167816
    },
    "melbands_skewness": {
        "max": 5.95175790787,
        "mean": 1.61996662617,
        "min": -1.17179381847,
        "stdev": 1.05442214012
    },
    "melbands_spread": {
        "max": 157.400268555,
        "mean": 35.720287323,
        "min": 3.49956393242,
        "stdev": 34.6664009094
    },
    "pitch_salience": {
        "max": 0.878727376461,
        "mean": 0.658414244652,
        "min": 0.320767313242,
        "stdev": 0.0990686863661
    },
    "silence_rate_20dB": {
        "max": 1,
        "mean": 1,
        "min": 1,
        "stdev": 0
    },
    "silence_rate_30dB": {
        "max": 1,
        "mean": 0.994740784168,
        "min": 0,
        "stdev": 0.0723294094205
    },
    "silence_rate_60dB": {
        "max": 1,
        "mean": 0.170548453927,
        "min": 0,
        "stdev": 0.376113772392
    },
    "spectral_centroid": {
        "max": 12061.4960938,
        "mean": 2521.55493164,
        "min": 425.106323242,
        "stdev": 2831.24902344
    },
    "spectral_complexity": {
        "max": 50,
        "mean": 23.1645374298,
        "min": 0,
        "stdev": 12.2521896362
    },
    "spectral_decrease": {
        "max": 1.89353086753e-28,
        "mean": -6.17447692974e-09,
        "min": -4.83656599215e-08,
        "stdev": 4.84027973258e-09
    },
    "spectral_energy": {
        "max": 0.192610263824,
        "mean": 0.0256677102298,
        "min": 9.87467374192e-21,
        "stdev": 0.019733723253
    },
    "spectral_energyband_high": {
        "max": 0.0151786282659,
        "mean": 0.00113528303336,
        "min": 7.17896967379e-21,
        "stdev": 0.00159393856302
    },
    "spectral_energyband_low": {
        "max": 0.036195769906,
        "mean": 0.00373882241547,
        "min": 1.50462359238e-23,
        "stdev": 0.00519019458443
    },
    "spectral_energyband_middle_high": {
        "max": 0.0537527725101,
        "mean": 0.00859550945461,
        "min": 1.12440219706e-21,
        "stdev": 0.00861268397421
    },
    "spectral_energyband_middle_low": {
        "max": 0.180425882339,
        "mean": 0.0128264082596,
        "min": 1.41391225601e-22,
        "stdev": 0.0151669969782
    },
    "spectral_entropy": {
        "max": 9.82368278503,
        "mean": 7.96228551865,
        "min": 6.68376016617,
        "stdev": 0.649756968021
    },
    "spectral_flux": {
        "max": 0.327562659979,
        "mean": 0.0801477432251,
        "min": 6.38532768327e-11,
        "stdev": 0.0463885366917
    },
    "spectral_kurtosis": {
        "max": 14.389957428,
        "mean": 2.91235327721,
        "min": -1.26971065998,
        "stdev": 2.24969100952
    },
    "spectral_rms": {
        "max": 0.0137081164867,
        "mean": 0.00443558534607,
        "min": 3.10384096897e-12,
        "stdev": 0.00231672846712
    },
    "spectral_rolloff": {
        "max": 19444.4824219,
        "mean": 3495.41918945,
        "min": 301.46484375,
        "stdev": 5142.04785156
    },
    "spectral_skewness": {
        "max": 2.64674973488,
        "mean": 1.21170270443,
        "min": -0.0969147086143,
        "stdev": 0.50443559885
    },
    "spectral_spread": {
        "max": 48150144,
        "mean": 7596698.5,
        "min": 1963178.125,
        "stdev": 10881839
    },
    "spectral_strongpeak": {
        "max": 9.7268075943,
        "mean": 1.4027107954,
        "min": 0,
        "stdev": 1.68951404095
    },
    "zerocrossingrate": {
        "max": 0.53369140625,
        "mean": 0.114520482719,
        "min": 0.017578125,
        "stdev": 0.129869759083
    },
    "barkbands": {
        "max": [0.00123143219389, 0.0306255314499, 0.0219736471772, 0.0123632904142, 0.0649929270148, 0.0695717707276, 0.0892777293921, 0.13600294292, 0.0399586334825, 0.0187810678035, 0.016545092687, 0.0399784632027, 0.0400843545794, 0.0073700803332, 0.00637525226921, 0.0137260314077, 0.00383094395511, 0.00659292982891, 0.00627116998658, 0.00544852856547, 0.00694092130288, 0.00338904606178, 0.00279124430381, 0.00178827752825, 0.00075483834371, 0.000247434945777, 5.13599934493e-06],
        "mean": [6.82656827848e-05, 0.00216163205914, 0.00110118743032, 0.000939286372159, 0.00308432709426, 0.00233989791013, 0.00222371518612, 0.00223908224143, 0.0016054342268, 0.000989334192127, 0.000921437283978, 0.00199296046048, 0.00158877961803, 0.000679097604007, 0.000636544486042, 0.000557774154004, 0.000436908710981, 0.000323561631376, 0.000456057663541, 0.000396445015213, 0.000278813648038, 0.000249452918069, 0.000220705071115, 0.000120949778648, 4.60567171103e-05, 1.00263414424e-05, 4.68404470766e-09],
        "min": [1.11176558607e-25, 1.81784515353e-24, 1.10990441668e-24, 6.97780307003e-25, 5.29946185391e-24, 8.546933988e-24, 3.17060197761e-24, 1.05677550246e-23, 1.16163034178e-23, 2.31657208972e-23, 1.58662489462e-23, 1.89147782486e-23, 2.4869430105e-23, 1.8455325147e-23, 3.39970935148e-23, 4.17199408027e-23, 5.54819695485e-23, 7.25665952301e-23, 1.18826534672e-22, 1.67534151731e-22, 2.49691591629e-22, 3.3803929247e-22, 3.8644369664e-22, 5.51880324021e-22, 8.94235960442e-22, 1.2130012984e-21, 1.94425733365e-21],
        "stdev": [0.000119500778965, 0.00368717126548, 0.00190476304851, 0.00140291894786, 0.00588496308774, 0.00387718621641, 0.0048057208769, 0.00605059973896, 0.0029459730722, 0.0016265133163, 0.00138537841849, 0.00409011449665, 0.00420268112794, 0.000903780630324, 0.000776461150963, 0.000912784656975, 0.000440815434558, 0.000461290008388, 0.000566766946577, 0.000540276523679, 0.000455794041045, 0.000356051692506, 0.000344155152561, 0.000211269420106, 8.65733527462e-05, 2.34730177908e-05, 1.40710781693e-07]
    },
    "erbbands": {
        "max": [1.09712016582, 7.20897817612, 22.6071186066, 22.2822093964, 166.333953857, 201.819976807, 597.35723877, 320.237945557, 1074.75915527, 1510.23474121, 1708.98693848, 864.947631836, 676.674743652, 409.061645508, 676.300354004, 1720.2989502, 2207.84619141, 422.762786865, 353.516418457, 512.243286133, 615.013977051, 256.77947998, 305.151824951, 297.838439941, 434.44329834, 210.684738159, 376.978607178, 151.42565918, 108.76197052, 110.511489868, 69.6239929199, 42.8401794434, 33.2736625671, 10.7050943375, 5.16420173645, 1.90847253799, 0.287289232016, 0.0104539869353, 0.000735186156817, 0.000219915164053],
        "mean": [0.0606572851539, 0.490935891867, 1.30914318562, 2.26399040222, 7.62650489807, 9.9710893631, 13.7033319473, 19.786863327, 30.8032646179, 42.4146385193, 39.694770813, 40.4359321594, 32.5329589844, 33.0133666992, 50.5933799744, 80.1735687256, 78.0337982178, 44.1276016235, 35.6909294128, 31.0405387878, 29.6463680267, 23.8616600037, 19.2387104034, 19.6010227203, 23.3879947662, 18.1626243591, 13.4459943771, 10.341925621, 9.00010967255, 8.17865276337, 5.82554960251, 3.18555688858, 1.66875231266, 0.628133177757, 0.275723278522, 0.0863001048565, 0.00931510981172, 0.000263545342023, 2.92998865916e-05, 3.38193094649e-05],
        "min": [7.57115501564e-23, 2.35104152474e-22, 3.09133025717e-21, 4.27632343409e-21, 8.2647031967e-21, 1.65679882297e-20, 5.41134189655e-20, 8.13786619731e-20, 9.34013121239e-20, 1.86860126225e-19, 2.84083885196e-19, 3.22254341358e-19, 4.69517693551e-19, 8.99206950801e-19, 9.40707842903e-19, 8.6612179425e-19, 1.67860206315e-18, 1.53354674035e-18, 1.38934031166e-18, 2.95435972336e-18, 3.67360174458e-18, 3.72953652478e-18, 4.65384178972e-18, 6.53573972183e-18, 5.77378767725e-18, 7.89993053754e-18, 8.83778543452e-18, 9.50185264772e-18, 1.03765812562e-17, 9.41398125125e-18, 1.13740891103e-17, 1.01228452577e-17, 8.66619756979e-18, 8.50554255122e-18, 6.03984329024e-18, 4.36465076218e-18, 2.10717002538e-18, 7.75092170501e-19, 2.55946819672e-19, 2.66943752939e-20],
        "stdev": [0.108084127307, 0.857576310635, 2.18099355698, 3.14811611176, 16.3669509888, 19.0368995667, 29.3064079285, 31.7231025696, 62.1327819824, 92.9060058594, 97.6952285767, 73.9985198975, 53.5305290222, 43.9193153381, 76.0532836914, 171.74357605, 223.134002686, 53.1002388, 44.3907051086, 38.7189445496, 41.7441902161, 23.0642261505, 24.574338913, 23.3042736053, 33.7142601013, 23.4551486969, 23.6639289856, 14.8117332458, 13.116361618, 12.0501194, 9.36974620819, 5.32470703125, 3.05456018448, 1.15507793427, 0.560414135456, 0.185399383307, 0.024799734354, 0.000822463422082, 4.01543111366e-05, 2.57345400314e-05]
    },
    "gfcc": {
        "mean": [-119.997802734, 78.1331787109, -146.290527344, 31.5819511414, -70.4610519409, 18.5685443878, -36.8846931458, 3.98044300079, -17.8687934875, -1.41120362282, -6.90016841888, -4.31975650787, -4.74249362946],
        "cov": [[149241.953125, 10279.2724609, -16814.9316406, 4510.33984375, -8934.56054688, 2203.609375, -4642.20263672, 693.446533203, -2342.72851562, 218.403213501, -1032.58398438, -505.939056396, -824.707336426], [10279.2724609, 2127.11157227, -409.913116455, 627.797912598, -549.206359863, -201.534332275, -362.806274414, -4.72525835037, 16.7332706451, -1.9642534256, 12.2241973877, -170.159561157, -45.7572898865], [-16814.9316406, -409.913116455, 3634.34936523, 96.2334442139, 1125.53674316, -423.702301025, 521.668212891, 63.2285003662, 322.224578857, 189.011611938, 36.8849067688, 53.8752822876, 1.12853050232], [4510.33984375, 627.797912598, 96.2334442139, 576.268981934, -206.111724854, 22.2077980042, -152.507736206, 54.7344741821, -14.8283290863, 40.1197509766, -22.5690670013, -32.5212211609, -23.3847446442], [-8934.56054688, -549.206359863, 1125.53674316, -206.111724854, 656.115112305, -111.296134949, 288.977996826, -23.7112503052, 144.036132812, 23.8166122437, 51.9536781311, 51.3386764526, 43.6793861389], [2203.609375, -201.534332275, -423.702301025, 22.2077980042, -111.296134949, 258.01953125, -11.1377477646, 56.0561485291, -80.8836593628, 17.7907485962, -51.1689834595, 35.5365257263, -8.02704620361], [-4642.20263672, -362.806274414, 521.668212891, -152.507736206, 288.977996826, -11.1377477646, 259.305969238, 35.4864006042, 81.7347717285, 21.6151752472, 30.8766441345, 20.541557312, 12.8248710632], [693.446533203, -4.72525835037, 63.2285003662, 54.7344741821, -23.7112503052, 56.0561485291, 35.4864006042, 116.252182007, 15.6698455811, 61.6960105896, -33.8866920471, 19.1241359711, -16.7353096008], [-2342.72851562, 16.7332706451, 322.224578857, -14.8283290863, 144.036132812, -80.8836593628, 81.7347717285, 15.6698455811, 143.094665527, 8.32623100281, 41.5683021545, -10.1954803467, 23.0874156952], [218.403213501, -1.9642534256, 189.011611938, 40.1197509766, 23.8166122437, 17.7907485962, 21.6151752472, 61.6960105896, 8.32623100281, 115.530380249, -10.929602623, 30.8803272247, -28.2976036072], [-1032.58398438, 12.2241973877, 36.8849067688, -22.5690670013, 51.9536781311, -51.1689834595, 30.8766441345, -33.8866920471, 41.5683021545, -10.929602623, 85.9481430054, -1.84648442268, 20.5057868958], [-505.939056396, -170.159561157, 53.8752822876, -32.5212211609, 51.3386764526, 35.5365257263, 20.541557312, 19.1241359711, -10.1954803467, 30.8803272247, -1.84648442268, 82.4029541016, 18.6571063995], [-824.707336426, -45.7572898865, 1.12853050232, -23.3847446442, 43.6793861389, -8.02704620361, 12.8248710632, -16.7353096008, 23.0874156952, -28.2976036072, 20.5057868958, 18.6571063995, 64.4273986816]],
        "icov": [[0.000281375396298, -0.000626372813713, 0.000769300153479, -0.000884460401721, 0.00114894169383, -0.000254311744357, 0.000603009539191, -0.00061861181166, 0.000915952550713, -0.00105930794962, 0.000796025327872, -0.000703683414031, 0.0008879803936], [-0.000626372813713, 0.0026108014863, -0.00158218061551, 0.000972497218754, -0.00201179785654, 0.00178566167597, -0.000935416552238, 0.00133571098559, -0.00248877238482, 0.00177194306161, -0.00179208815098, 0.00286827445962, -0.00225355359726], [0.000769300153479, -0.00158218061551, 0.00344573450275, -0.0037115952, 0.00140202452894, 0.00131979607977, 0.000268984586, -0.00148861622438, 0.00252146343701, -0.00416718609631, 0.00381955783814, -0.0020879865624, 0.00274506630376], [-0.000884460401721, 0.000972497218754, -0.0037115952, 0.00710940686986, -0.00256897835061, -0.00203358614817, 0.000970722176135, 7.72184939706e-05, -0.00284255412407, 0.00418821163476, -0.00456428248435, 0.00271664722823, -0.00314614945091], [0.00114894169383, -0.00201179785654, 0.00140202452894, -0.00256897835061, 0.0119570698589, -0.00198361929506, -0.000278496532701, 0.00115497387014, 0.00112459680531, -0.00434355391189, 0.00322030181997, -0.00450297398493, 0.00229143141769], [-0.000254311744357, 0.00178566167597, 0.00131979607977, -0.00203358614817, -0.00198361929506, 0.0104477973655, -0.00387647515163, -0.00162568676751, 0.00212607486174, -0.000676406954881, 0.00302349915728, -0.000513521721587, -0.00162504718173], [0.000603009539191, -0.000935416552238, 0.000268984586, 0.000970722176135, -0.000278496532701, -0.00387647515163, 0.0145435957238, -0.00814149249345, 0.00101026915945, 0.000159073533723, -0.00413959426805, 0.00144761533011, 0.00270432769321], [-0.00061861181166, 0.00133571098559, -0.00148861622438, 7.72184939706e-05, 0.00115497387014, -0.00162568676751, -0.00814149249345, 0.0229192432016, -0.00843848567456, -0.00575531553477, 0.00701860385016, -0.00171946035698, -0.00156725174747], [0.000915952550713, -0.00248877238482, 0.00252146343701, -0.00284255412407, 0.00112459680531, 0.00212607486174, 0.00101026915945, -0.00843848567456, 0.0179997291416, -0.00356899364851, -0.00226569408551, 0.00172579777427, -0.00180571060628], [-0.00105930794962, 0.00177194306161, -0.00416718609631, 0.00418821163476, -0.00434355391189, -0.000676406954881, 0.000159073533723, -0.00575531553477, -0.00356899364851, 0.0220298692584, -0.0069475332275, -0.00415766285732, 0.00499580008909], [0.000796025327872, -0.00179208815098, 0.00381955783814, -0.00456428248435, 0.00322030181997, 0.00302349915728, -0.00413959426805, 0.00701860385016, -0.00226569408551, -0.0069475332275, 0.0229213926941, -0.00411175470799, -0.000310400268063], [-0.000703683414031, 0.00286827445962, -0.0020879865624, 0.00271664722823, -0.00450297398493, -0.000513521721587, 0.00144761533011, -0.00171946035698, 0.00172579777427, -0.00415766285732, -0.00411175470799, 0.0235578138381, -0.0116515969858], [0.0008879803936, -0.00225355359726, 0.00274506630376, -0.00314614945091, 0.00229143141769, -0.00162504718173, 0.00270432769321, -0.00156725174747, -0.00180571060628, 0.00499580008909, -0.000310400268063, -0.0116515969858, 0.0277102962136]]
    },
    "melbands": {
        "max": [0.00910906679928, 0.00841202121228, 0.0064098443836, 0.0162738170475, 0.0157014187425, 0.00788087304682, 0.01834099181, 0.0235684029758, 0.0115037392825, 0.00468364125118, 0.00343415746465, 0.00194009940606, 0.00268298294395, 0.00565298274159, 0.00305103091523, 0.00390196335502, 0.000830582808703, 0.000638763711322, 0.000619634171017, 0.000997455674224, 0.000529366312549, 0.000273005280178, 0.000275202590274, 0.000412260502344, 0.000255916733295, 0.000310446048388, 0.000357265293133, 0.000183579526492, 0.000242584443185, 0.00018281461962, 8.76664853422e-05, 6.12769727013e-05, 6.14855525782e-05, 7.18068622518e-05, 4.56630950794e-05, 4.06883409596e-05, 2.36949290411e-05, 2.45877781708e-05, 1.46167903949e-05, 8.60821546667e-06],
        "mean": [0.000572267279495, 0.000662520935293, 0.000542494119145, 0.00067997694714, 0.000459614180727, 0.000458024936961, 0.000463851931272, 0.000486193108372, 0.000305402121739, 0.000252417521551, 0.000157982416567, 0.000127872175653, 0.000140840609674, 0.000232714490267, 0.000154325956828, 0.00016983000387, 7.07787039573e-05, 5.67887727811e-05, 4.62580755993e-05, 4.10247630498e-05, 3.29480171786e-05, 2.59907428699e-05, 1.98949746846e-05, 1.43742663568e-05, 1.58438670042e-05, 1.71116989804e-05, 1.44835830724e-05, 1.17034596769e-05, 9.25696895138e-06, 6.91299464961e-06, 5.65601112612e-06, 4.99539237353e-06, 4.81632514493e-06, 4.4934545258e-06, 3.51899507223e-06, 2.60117644757e-06, 1.68358371866e-06, 1.22320057017e-06, 8.45413239858e-07, 4.38149129423e-07],
        "min": [1.0999443575e-24, 1.53063184339e-24, 7.57684284082e-25, 8.93361900981e-25, 2.04387786314e-24, 1.78925565104e-24, 1.12241298962e-24, 1.65859444994e-24, 2.26014901068e-24, 1.92262225061e-24, 1.96042130975e-24, 2.85571769488e-24, 2.58705868905e-24, 2.06157082995e-24, 1.96002628765e-24, 3.3223752659e-24, 1.66820040918e-24, 1.7215289841e-24, 2.39966833089e-24, 3.33616494895e-24, 4.30781991427e-24, 3.50045903753e-24, 2.98481083772e-24, 3.50817567491e-24, 4.44065186337e-24, 3.20280150482e-24, 4.68007667013e-24, 4.3897809846e-24, 3.81877821785e-24, 5.49092115662e-24, 5.2074850111e-24, 5.60997801659e-24, 5.67677323602e-24, 4.22121442536e-24, 5.69345133328e-24, 5.77801722232e-24, 5.73534694709e-24, 5.21845806629e-24, 5.95375768263e-24, 5.74955551529e-24],
        "stdev": [0.00100506504532, 0.00100769917481, 0.000782162998803, 0.00140229577664, 0.000869994342793, 0.000714902358595, 0.000965587969404, 0.00116467825137, 0.000735134526622, 0.000462943251478, 0.000267838069703, 0.000181115494343, 0.000211196602322, 0.000479060923681, 0.000363860861398, 0.000434474728536, 8.93317264854e-05, 7.73409046815e-05, 5.86326386838e-05, 6.91227251082e-05, 4.37354792666e-05, 2.61501863861e-05, 2.65099479293e-05, 2.13876446651e-05, 2.04469743039e-05, 2.48539054155e-05, 2.24025479838e-05, 1.68049155036e-05, 1.77617439476e-05, 1.14451304398e-05, 8.57394479681e-06, 7.38781045584e-06, 7.23567336536e-06, 6.94426489645e-06, 5.79472089157e-06, 4.40459916717e-06, 2.91246692541e-06, 2.30786872635e-06, 1.54094175286e-06, 8.55272446643e-07]
    },
    "melbands128": {
        "max": [0.00115223787725, 0.00842667091638, 0.0144985923544, 0.011675555259, 0.011706482619, 0.0096702799201, 0.00503134727478, 0.00660900585353, 0.0182535462081, 0.0255826804787, 0.0132894488052, 0.0163975246251, 0.0245826784521, 0.0280334595591, 0.0112050967291, 0.0109323356301, 0.0209649093449, 0.0322195366025, 0.0251133665442, 0.0140060763806, 0.0537491366267, 0.025787319988, 0.0195941980928, 0.0150410654023, 0.00859623868018, 0.00840449426323, 0.00351305562072, 0.0065247900784, 0.0028510815464, 0.00391695694998, 0.00267851958051, 0.00201727263629, 0.00529822707176, 0.00465220864862, 0.0066693960689, 0.0124395145103, 0.0105128912255, 0.00541668524966, 0.00683881063014, 0.0115009313449, 0.00625514471903, 0.00175271858461, 0.00174495193642, 0.00149830419105, 0.00128766451962, 0.00105763936881, 0.00107969716191, 0.000999307143502, 0.00102172011975, 0.00111569301225, 0.00125227996614, 0.00266396836378, 0.000831807381473, 0.000505060015712, 0.000502245384268, 0.000355842814315, 0.000520694244187, 0.000292542710667, 0.000674843904562, 0.000431627879152, 0.000722229829989, 0.000433637498645, 0.000435144582298, 0.000237878470216, 0.00021851011843, 0.000318927020999, 0.000954748655204, 0.000399339973228, 0.000525403360371, 0.000156429698109, 0.000160661293194, 0.000446784863016, 0.00031283046701, 0.000224033501581, 0.000319425016642, 0.000309524912154, 8.72973105288e-05, 8.36104954942e-05, 0.000114015652798, 0.000202418581466, 6.69664077577e-05, 8.39627173264e-05, 0.000102963174868, 6.7641150963e-05, 6.67561107548e-05, 7.86894161138e-05, 8.77951970324e-05, 9.87036910374e-05, 6.2604820414e-05, 7.40661853342e-05, 7.2772418207e-05, 5.58871179237e-05, 4.56240377389e-05, 3.0516206607e-05, 4.89586382173e-05, 3.03920351143e-05, 2.25372878049e-05, 4.08708147006e-05, 1.46296742969e-05, 9.35528805712e-06, 6.30699696558e-06, 1.02888625406e-05, 1.45030917338e-05, 1.00910783658e-05, 5.05715343024e-06, 5.34263381269e-06, 4.50719608125e-06, 7.16749400453e-06, 6.81077744957e-06, 2.95607742373e-06, 2.01886200557e-06, 2.27203827308e-06, 1.68749545537e-06, 6.76131833188e-07, 2.9741374874e-07, 2.56438550394e-08, 2.48521327961e-08, 2.41169164639e-08, 2.34201458227e-08, 2.27687451115e-08, 2.21873595052e-08, 2.16890363447e-08, 2.12370707686e-08, 2.08503827537e-08, 2.05459720348e-08, 2.02999501653e-08, 2.0105034082e-08, 2.0015912483e-08],
        "mean": [6.39692661935e-05, 0.000447064870968, 0.000792376697063, 0.000806161377113, 0.000731619540602, 0.000484496500576, 0.000406240811571, 0.000502946611959, 0.000829096941743, 0.000820399960503, 0.000497238652315, 0.000392858288251, 0.000473149644677, 0.000506071664859, 0.0004403310013, 0.00041914312169, 0.000518103712238, 0.000479341048049, 0.0003981787886, 0.000454430148238, 0.000627365137916, 0.000324558408465, 0.000297686783597, 0.000205255128094, 0.000252117082709, 0.000324157706928, 0.000134215748403, 0.000178365269676, 0.000112950445327, 0.000128725732793, 0.000139256080729, 0.000117075032904, 0.000112614958198, 0.000175024018972, 0.000224474919378, 0.000263822992565, 0.000238391192397, 0.000108588770672, 0.000113020345452, 0.000235467188759, 0.000191625775187, 7.25802892703e-05, 6.23269661446e-05, 7.99945337349e-05, 5.11225189257e-05, 5.52764395252e-05, 5.92775977566e-05, 4.63508840767e-05, 4.10603606724e-05, 3.71244022972e-05, 4.34748217231e-05, 4.44408760814e-05, 3.06238798657e-05, 2.90206298814e-05, 3.41397608281e-05, 2.56754337897e-05, 1.93347987079e-05, 2.08195651794e-05, 1.99202640943e-05, 1.8767439542e-05, 1.28349938677e-05, 1.11631525215e-05, 1.81119830813e-05, 1.75427176146e-05, 1.1599759091e-05, 1.55971938511e-05, 2.47894367931e-05, 1.29657455545e-05, 1.32999903144e-05, 1.36647850013e-05, 9.29463749344e-06, 1.31721226353e-05, 1.23940717458e-05, 7.83353516454e-06, 5.72024009671e-06, 8.8691849669e-06, 5.95814299231e-06, 5.60928356208e-06, 6.08151140113e-06, 5.41032250112e-06, 4.34481489719e-06, 5.25582117916e-06, 5.30371789864e-06, 4.72766987514e-06, 4.23172787123e-06, 5.06898459207e-06, 4.1766124923e-06, 4.39448876932e-06, 3.19670971294e-06, 3.50635400537e-06, 2.38600705416e-06, 2.90561592919e-06, 1.90876903616e-06, 1.57860085892e-06, 1.60358581525e-06, 1.29618342726e-06, 1.07267317162e-06, 1.20346714994e-06, 9.60813054007e-07, 6.57225882605e-07, 3.50720995357e-07, 4.06208442882e-07, 5.11989128427e-07, 4.26284913146e-07, 2.66492918399e-07, 2.36293402622e-07, 2.2855375903e-07, 2.04307497143e-07, 1.39055927662e-07, 1.06216290874e-07, 6.76361864294e-08, 4.07171683037e-08, 1.05681055018e-08, 3.61054874887e-09, 7.48300421627e-10, 2.76342421168e-11, 2.26748151505e-11, 2.19842408167e-11, 2.13508117436e-11, 2.07616198539e-11, 2.0233361861e-11, 1.9783865518e-11, 1.93692301781e-11, 1.90150811763e-11, 1.87417945746e-11, 1.85189051594e-11, 1.83438212537e-11, 1.82594963455e-11],
        "min": [8.96354528025e-27, 2.76944510527e-25, 2.20979784335e-25, 1.11901620387e-25, 7.65543015027e-25, 6.03670828036e-25, 8.27966219407e-25, 2.47653365559e-25, 4.59403206132e-25, 4.84439087466e-25, 3.59711525532e-25, 3.34579797599e-25, 7.69290646669e-25, 6.84951062102e-25, 8.53407673854e-25, 2.80996420611e-25, 3.84116490705e-25, 5.1360209184e-25, 6.53358859177e-25, 1.07105893355e-24, 3.33763474473e-25, 8.67432240242e-25, 1.16866863766e-24, 9.14818523173e-25, 6.75537683527e-25, 7.09679484898e-25, 6.29299982074e-25, 8.42259097111e-25, 9.17901786021e-25, 8.53214994578e-25, 9.57575178666e-25, 9.30882393609e-25, 1.23495070307e-24, 9.88341345616e-25, 1.41349911378e-24, 1.13034084451e-24, 6.63555330111e-25, 1.12169295683e-24, 1.18970450117e-24, 6.2608103515e-25, 1.43751056062e-24, 1.60891968152e-24, 1.39593995749e-24, 1.09706166254e-24, 1.29588991218e-24, 1.21860964663e-24, 1.08618080546e-24, 1.0829470674e-24, 1.12279637602e-24, 2.07277837405e-24, 1.57832726119e-24, 1.89107649187e-24, 1.72072454319e-24, 2.33842136742e-24, 1.64484746398e-24, 2.11776711147e-24, 1.7211404701e-24, 1.9536311895e-24, 2.28854721441e-24, 2.53312821326e-24, 2.50317733406e-24, 1.20908424981e-24, 2.48835424322e-24, 2.7916586395e-24, 1.73180941941e-24, 1.65438232714e-24, 1.79840446539e-24, 2.35701107187e-24, 1.55461025668e-24, 1.75133668505e-24, 2.00483082605e-24, 2.84266303298e-24, 2.57646152608e-24, 2.66484234646e-24, 2.05764131657e-24, 2.98020882041e-24, 3.43333683526e-24, 2.61946489782e-24, 2.6174389058e-24, 1.94701599917e-24, 2.90991914439e-24, 2.85027356856e-24, 3.45223005394e-24, 3.66999747341e-24, 3.49463724405e-24, 3.7296905781e-24, 2.71808730212e-24, 3.57136382784e-24, 4.09636732635e-24, 3.6284891903e-24, 4.06951371227e-24, 3.5834140726e-24, 3.90381663458e-24, 4.79012828843e-24, 3.47956053443e-24, 4.23782270843e-24, 2.77346178779e-24, 4.65008930611e-24, 2.73447726793e-24, 4.72201488243e-24, 5.12575586588e-24, 4.58233562068e-24, 3.8336324687e-24, 5.01981224073e-24, 3.64126755367e-24, 4.62191829432e-24, 5.67749149387e-24, 4.8673688151e-24, 4.89303834896e-24, 4.30448027163e-24, 5.34721042122e-24, 4.7903144596e-24, 4.38583273577e-24, 4.48514874602e-24, 4.87093998842e-24, 3.65146555302e-24, 4.71858373192e-24, 5.32502134167e-24, 5.7590108021e-24, 5.58271971687e-24, 6.07426999097e-24, 6.26206109047e-24, 4.6242261069e-24, 5.10079630683e-24, 5.41699976221e-24, 6.04929465471e-24, 4.640632836e-24, 4.48589382514e-24],
        "stdev": [0.000113583388156, 0.000798797700554, 0.00163563434035, 0.00142794230487, 0.00127890671138, 0.00082457147073, 0.000641147140414, 0.000770685670432, 0.00198111403733, 0.00213062600233, 0.00109994527884, 0.000881091982592, 0.00126548996195, 0.00118328048848, 0.000907637702767, 0.000861623149831, 0.00116986955982, 0.00141977728345, 0.00123148260172, 0.00111560185906, 0.0021718244534, 0.0011166408658, 0.000949934124947, 0.000639564997982, 0.000603038526606, 0.000706060207449, 0.000270740565611, 0.000440028437879, 0.000240275228862, 0.000266487128101, 0.000238463791902, 0.000220255329623, 0.000296769838315, 0.000354495976353, 0.000621486047748, 0.000776755041443, 0.000697892624885, 0.000327003945131, 0.000486367294798, 0.00101348967291, 0.00047785078641, 0.000124083031551, 0.000107909596409, 0.000143305660458, 0.000102895930468, 0.000103932507045, 9.59888420766e-05, 7.7240045357e-05, 6.60631994833e-05, 6.82435493218e-05, 9.00471641216e-05, 0.000125182108604, 5.4879772506e-05, 4.18901800003e-05, 4.96560751344e-05, 3.06557449221e-05, 2.94262117677e-05, 3.34612595907e-05, 4.31041517004e-05, 3.27394409396e-05, 2.87468792521e-05, 1.94249114429e-05, 3.17787380482e-05, 2.57865394815e-05, 1.86819925148e-05, 2.60252763837e-05, 5.18585984537e-05, 2.85187561531e-05, 2.78716452158e-05, 2.0334346118e-05, 1.52566872202e-05, 2.94467117783e-05, 2.65147009486e-05, 1.72085692611e-05, 1.43539064084e-05, 1.83339871e-05, 8.9767991085e-06, 8.88473823579e-06, 1.07554296847e-05, 1.00608667708e-05, 6.7399632826e-06, 9.44641305978e-06, 9.32183138502e-06, 8.10153323982e-06, 6.71855468681e-06, 8.42511417432e-06, 7.82087772677e-06, 8.07704600447e-06, 5.59184672966e-06, 7.0887676884e-06, 4.59846523881e-06, 5.25409313923e-06, 3.87040790883e-06, 2.83786289401e-06, 3.35828804054e-06, 2.53572375186e-06, 2.19806224777e-06, 2.68297912953e-06, 1.8157404611e-06, 1.19277774502e-06, 7.0187388701e-07, 8.36118545067e-07, 1.18481705158e-06, 9.83135691968e-07, 5.84460735809e-07, 4.82821235437e-07, 4.85306372866e-07, 5.18443755482e-07, 3.63596512898e-07, 2.33399646277e-07, 1.4975783813e-07, 1.40727536291e-07, 7.19832229379e-08, 3.22993294333e-08, 1.10558442401e-08, 7.05858427263e-10, 6.80874634451e-10, 6.60731969138e-10, 6.41640629517e-10, 6.23796292398e-10, 6.07868644309e-10, 5.94211291283e-10, 5.81833525803e-10, 5.71237612768e-10, 5.62897617407e-10, 5.56158896714e-10, 5.50816892098e-10, 5.48375733711e-10]
    },
    "mfcc": {
        "mean": [-678.991027832, 91.0398101807, -20.7388267517, 7.51199913025, -9.29197883606, 5.11980104446, -6.97623872757, 2.41538929939, -6.64312458038, 2.33019661903, -3.77805829048, 0.974925160408, 0.833641111851],
        "cov": [[43072.7460938, 5979.20751953, -408.221954346, 1004.42919922, -651.281188965, 339.951446533, -418.177062988, 35.3779678345, -417.074188232, 294.093688965, -39.1564292908, 64.4086914062, -8.20632362366], [5979.20751953, 2052.82104492, 339.851348877, 534.532348633, 17.8116703033, -51.2369995117, -188.428085327, -74.774559021, -106.65687561, 123.4298172, 13.2091150284, -15.4211654663, 42.6969642639], [-408.221954346, 339.851348877, 1157.0871582, 616.270202637, 209.337997437, -11.3576841354, -1.29962861538, -55.9185905457, 49.4093093872, 125.321502686, 93.2126083374, -28.062461853, -16.4658508301], [1004.42919922, 534.532348633, 616.270202637, 554.74420166, 155.21786499, -8.168009758, -52.2413253784, -36.5339889526, -16.8256187439, 101.389625549, 37.9099693298, -31.6040992737, 20.0741004944], [-651.281188965, 17.8116703033, 209.337997437, 155.21786499, 166.423217773, 29.6276836395, -7.44089365005, -10.4175901413, 15.4867925644, 9.24973297119, 0.507050096989, -7.49127912521, 6.74001693726], [339.951446533, -51.2369995117, -11.3576841354, -8.168009758, 29.6276836395, 101.837440491, 46.9884033203, 26.0455760956, 15.799282074, -7.60572195053, 6.74547386169, 7.04020118713, -11.4504327774], [-418.177062988, -188.428085327, -1.29962861538, -52.2413253784, -7.44089365005, 46.9884033203, 120.829109192, 31.2043380737, 31.8035831451, -4.14590120316, 27.0860500336, 10.9376506805, -15.288479805], [35.3779678345, -74.774559021, -55.9185905457, -36.5339889526, -10.4175901413, 26.0455760956, 31.2043380737, 76.1178131104, 38.0693244934, 4.03061628342, 4.07545423508, 7.20085477829, -5.93175554276], [-417.074188232, -106.65687561, 49.4093093872, -16.8256187439, 15.4867925644, 15.799282074, 31.8035831451, 38.0693244934, 98.832649231, 23.5415878296, 28.0365009308, 16.1917552948, -19.6661949158], [294.093688965, 123.4298172, 125.321502686, 101.389625549, 9.24973297119, -7.60572195053, -4.14590120316, 4.03061628342, 23.5415878296, 97.8577651978, 44.8202095032, -4.1176109314, 2.64998006821], [-39.1564292908, 13.2091150284, 93.2126083374, 37.9099693298, 0.507050096989, 6.74547386169, 27.0860500336, 4.07545423508, 28.0365009308, 44.8202095032, 88.8169021606, 22.6289920807, -6.37644863129], [64.4086914062, -15.4211654663, -28.062461853, -31.6040992737, -7.49127912521, 7.04020118713, 10.9376506805, 7.20085477829, 16.1917552948, -4.1176109314, 22.6289920807, 56.40599823, 17.5698299408], [-8.20632362366, 42.6969642639, -16.4658508301, 20.0741004944, 6.74001693726, -11.4504327774, -15.288479805, -5.93175554276, -19.6661949158, 2.64998006821, -6.37644863129, 17.5698299408, 68.2611160278]],
        "icov": [[5.88178845646e-05, -0.000148988037836, 6.02521831752e-05, -0.000140509291668, 0.00035328863305, -0.000399238226237, 9.24259584281e-05, -6.30081194686e-05, 8.12359357951e-05, -6.21114159003e-05, 0.000113467707706, -0.000191489569261, 0.000155191635713], [-0.000148988037836, 0.00125173246488, 0.000131133565446, -0.00088975566905, -0.000115742252092, 0.000654859934002, 0.00067238061456, 0.000400998513214, 0.000162351250765, -0.000271549070021, -0.000162900527357, -0.0001644284348, -0.000116435723612], [6.02521831752e-05, 0.000131133565446, 0.00299378857017, -0.00357488449663, -0.000115972929052, 0.000387500273064, -0.000901186722331, 0.0017953182105, -0.00168834486976, 0.000230135119637, -0.000898055965081, -0.00017526857846, 0.0011951677734], [-0.000140509291668, -0.00088975566905, -0.00357488449663, 0.00891013815999, -0.00441706413403, 0.000803815142717, 0.000585189147387, -0.0019105769461, 0.00284291012213, -0.00293805100955, -0.000257886742475, 0.00229820143431, -0.00208946829662], [0.00035328863305, -0.000115742252092, -0.000115972929052, -0.00441706413403, 0.0132425324991, -0.00663120858371, 0.0024086588528, 0.00183827255387, -0.00289782672189, 0.00194958271459, 0.00178831629455, -0.000533081940375, -0.000941128237173], [-0.000399238226237, 0.000654859934002, 0.000387500273064, 0.000803815142717, -0.00663120858371, 0.017342293635, -0.00611269520596, -0.00305642932653, 0.000756135385018, 0.00101192854345, -0.000809058896266, -0.000495969201438, 0.00155929406174], [9.24259584281e-05, 0.00067238061456, -0.000901186722331, 0.000585189147387, 0.0024086588528, -0.00611269520596, 0.0141057120636, -0.00276787066832, -0.00045190055971, 0.00117753399536, -0.00357359391637, 0.000217501627048, 0.000290899944957], [-6.30081194686e-05, 0.000400998513214, 0.0017953182105, -0.0019105769461, 0.00183827255387, -0.00305642932653, -0.00276787066832, 0.0204436723143, -0.00851753540337, -0.000710957858246, 0.00177378801163, 0.000618569611106, -0.00122093234677], [8.12359357951e-05, 0.000162351250765, -0.00168834486976, 0.00284291012213, -0.00289782672189, 0.000756135385018, -0.00045190055971, -0.00851753540337, 0.0192108564079, -0.00546175660565, -0.000294441299047, -0.00611755531281, 0.005530343391], [-6.21114159003e-05, -0.000271549070021, 0.000230135119637, -0.00293805100955, 0.00194958271459, 0.00101192854345, 0.00117753399536, -0.000710957858246, -0.00546175660565, 0.019415108487, -0.00932090822607, 0.0062923328951, -0.00355643383227], [0.000113467707706, -0.000162900527357, -0.000898055965081, -0.000257886742475, 0.00178831629455, -0.000809058896266, -0.00357359391637, 0.00177378801163, -0.000294441299047, -0.00932090822607, 0.02113465406, -0.0102518433705, 0.00390621297993], [-0.000191489569261, -0.0001644284348, -0.00017526857846, 0.00229820143431, -0.000533081940375, -0.000495969201438, 0.000217501627048, 0.000618569611106, -0.00611755531281, 0.0062923328951, -0.0102518433705, 0.0287019964308, -0.0109184533358], [0.000155191635713, -0.000116435723612, 0.0011951677734, -0.00208946829662, -0.000941128237173, 0.00155929406174, 0.000290899944957, -0.00122093234677, 0.005530343391, -0.00355643383227, 0.00390621297993, -0.0109184533358, 0.0208640024066]]
    },
    "spectral_contrast_coeffs": {
        "max": [-0.271561831236, -0.39647346735, -0.591705262661, -0.639501988888, -0.644211769104, -0.621980845928],
        "mean": [-0.740872323513, -0.785642623901, -0.770508825779, -0.814425766468, -0.804219961166, -0.757441282272],
        "min": [-0.981112897396, -0.98035556078, -0.980986297131, -0.97672098875, -0.966827511787, -0.96451318264],
        "stdev": [0.107032097876, 0.0931582674384, 0.0811922997236, 0.0646298900247, 0.0616826079786, 0.0734494701028]
    },
    "spectral_contrast_valleys": {
        "max": [-5.26972484589, -4.7456908226, -5.56592798233, -5.66167259216, -5.94923353195, -8.03097820282],
        "mean": [-9.14190864563, -8.44825267792, -8.88672637939, -8.93740272522, -9.09508323669, -11.7011232376],
        "min": [-27.7734909058, -27.7808685303, -27.8492717743, -27.7182846069, -27.5219974518, -27.4221057892],
        "stdev": [6.07510614395, 6.20804071426, 6.07122135162, 6.04056119919, 5.99996232986, 5.18132162094]
    }
},
"rhythm": {
    "beats_count": 69,
    "beats_loudness": {
        "max": 0.079969316721,
        "mean": 0.0359033830464,
        "min": 0,
        "stdev": 0.020233117044
    },
    "bpm": 163.289825439,
    "bpm_histogram_first_peak_bpm": 161,
    "bpm_histogram_first_peak_weight": 0.222222208977,
    "bpm_histogram_second_peak_bpm": 167,
    "bpm_histogram_second_peak_spread": 0,
    "bpm_histogram_second_peak_weight": 0.161764711142,
    "danceability": 0.99268168211,
    "onset_rate": 2.49331831932,
    "beats_loudness_band_ratio": {
        "max": [0.712085127831, 0.834256112576, 0.73332208395, 0.851761758327, 0.331945866346, 0.268649071455],
        "mean": [0.250190645456, 0.22506403923, 0.218698501587, 0.20049393177, 0.0803244635463, 0.0654923468828],
        "min": [0, 0, 0, 0, 0, 0],
        "stdev": [0.20851868391, 0.186629027128, 0.177377969027, 0.231959924102, 0.0687409713864, 0.0507951118052]
    },
    "beats_position": [0.394739210606, 0.766258478165, 1.13777780533, 1.49768710136, 1.8575963974, 2.22911548615, 2.60063481331, 2.97215414047, 3.34367346764, 3.7151927948, 4.08671188354, 4.446621418, 4.80653047562, 5.16644001007, 5.52634906769, 5.89786815643, 6.26938772202, 6.62929677963, 6.98920631409, 7.36072540283, 7.74385452271, 8.12698364258, 8.498503685, 8.87002277374, 9.24154186249, 9.61306095123, 9.97297000885, 10.3444900513, 10.7276191711, 11.0991382599, 11.4590473175, 11.8189563751, 12.1904764175, 12.5619955063, 12.933514595, 13.3050336838, 13.6881628036, 14.0712919235, 14.4544210434, 14.8607711792, 15.2787294388, 15.696688652, 16.1030387878, 16.602268219, 17.1014957428, 17.600725174, 18.1115646362, 18.6224040985, 19.1448516846, 19.6440811157, 20.154920578, 20.6541500092, 21.1417675018, 21.6177768707, 22.0937862396, 22.5814056396, 23.0806350708, 23.5682544708, 24.1835823059, 24.8105201721, 25.4026298523, 25.9947395325, 26.5868473053, 27.1673469543, 27.747844696, 28.3515644073, 28.9552822113, 29.5590019226, 30.1627197266],
