{
"metadata": {
    "version": {
        "essentia": "2.1-beta5",
        "essentia_git_sha": "Undefined",
        "extractor": "music 2.0"
    },
    "audio_properties": {
        "analysis": {
            "equal_loudness": 0,
            "length": 12.7477550507,
            "sample_rate": 44100,
            "start_time": 0,
            "downmix": "mix"
        },
        "bit_rate": 192000,
        "length": 189.753479004,
        "lossless": 0,
        "number_channels": 2,
        "replay_gain": -11.4423217773,
        "sample_rate": 48000,
        "codec": "mp3",
        "md5_encoded": "d1a0ff000f299e886e56d934bbf0a383"
    },
    "tags": {
        "file_name": "Iceland_þá Veistu Svarið_Inga.mp3",
        "encoding": ["Lavf58.29.100"]
    }
},
"lowlevel": {
    "average_loudness": 0.55544757843,
    "barkbands_crest": {
        "max": 17.3818721771,
        "mean": 6.9243388176,
        "min": 2.58728504181,
        "stdev": 2.8387093544
    },
    "barkbands_flatness_db": {
        "max": 0.194794386625,
        "mean": 0.0894790515304,
        "min": 0.0331556238234,
        "stdev": 0.0305481553078
    },
    "barkbands_kurtosis": {
        "max": 10.0361328125,
        "mean": 0.982112824917,
        "min": -1.71828329563,
        "stdev": 2.05798840523
    },
    "barkbands_skewness": {
        "max": 2.9347474575,
        "mean": 0.246105015278,
        "min": -2.14063882828,
        "stdev": 1.24355745316
    },
    "barkbands_spread": {
        "max": 74.6158828735,
        "mean": 35.677520752,
        "min": 8.27782726288,
        "stdev": 15.9368877411
    },
    "dissonance": {
        "max": 0.499986737967,
        "mean": 0.483028948307,
        "min": 0.380337923765,
        "stdev": 0.017560461536
    },
    "dynamic_complexity": 9.79207706451,
    "erbbands_crest": {
        "max": 23.7868289948,
        "mean": 6.47890710831,
        "min": 2.49680066109,
        "stdev": 3.68665409088
    },
    "erbbands_flatness_db": {
        "max": 0.248714536428,
        "mean": 0.130079850554,
        "min": 0.0722113028169,
        "stdev": 0.0370593108237
    },
    "erbbands_kurtosis": {
        "max": 8.32680606842,
        "mean": 0.0960417166352,
        "min": -1.44010961056,
        "stdev": 1.29038882256
    },
    "erbbands_skewness": {
        "max": 2.2461309433,
        "mean": -0.164836198092,
        "min": -1.3430172205,
        "stdev": 0.543229579926
    },
    "erbbands_spread": {
        "max": 84.6688308716,
        "mean": 40.6680183411,
        "min": 6.66279745102,
        "stdev": 15.5387907028
    },
    "hfc": {
        "max": 147.212524414,
        "mean": 23.8433761597,
        "min": 1.049560444e-16,
        "stdev": 30.5507907867
    },
    "loudness_ebu128": {
        "integrated": -10.0551929474,
        "loudness_range": 19.9829883575,
        "momentary": {
            "max": -7.1538476944,
            "mean": -64.6168365479,
            "min": -300.691009521,
            "stdev": 103.621734619
        },
        "short_term": {
            "max": -8.89514350891,
            "mean": -18.662361145,
            "min": -34.9731216431,
            "stdev": 9.11725616455
        }
    },
    "melbands_crest": {
        "max": 25.1529350281,
        "mean": 9.35814666748,
        "min": 1.62249922752,
        "stdev": 5.22355270386
    },
    "melbands_flatness_db": {
        "max": 0.279312640429,
        "mean": 0.104502983391,
        "min": 0.00377599988133,
        "stdev": 0.0676443651319
    },
    "melbands_kurtosis": {
        "max": 40.8161315918,
        "mean": 4.47219514847,
        "min": -1.39415633678,
        "stdev": 5.89515304565
    },
    "melbands_skewness": {
        "max": 5.66329717636,
        "mean": 1.57315599918,
        "min": -1.15954566002,
        "stdev": 1.28833508492
    },
    "melbands_spread": {
        "max": 162.037582397,
        "mean": 58.2717056274,
        "min": 8.12734031677,
        "stdev": 40.1207008362
    },
    "pitch_salience": {
        "max": 0.906632602215,
        "mean": 0.651174843311,
        "min": 0.313850164413,
        "stdev": 0.127151235938
    },
    "silence_rate_20dB": {
        "max": 1,
        "mean": 1,
        "min": 1,
        "stdev": 0
    },
    "silence_rate_30dB": {
        "max": 1,
        "mean": 1,
        "min": 1,
        "stdev": 0
    },
    "silence_rate_60dB": {
        "max": 1,
        "mean": 0.507272720337,
        "min": 0,
        "stdev": 0.499946206808
    },
    "spectral_centroid": {
        "max": 11635.6523438,
        "mean": 3762.15966797,
        "min": 674.331115723,
        "stdev": 3482.53173828
    },
    "spectral_complexity": {
        "max": 56,
        "mean": 16.721818924,
        "min": 0,
        "stdev": 17.5912418365
    },
    "spectral_decrease": {
        "max": 2.0313813496e-28,
        "mean": -3.5559175604e-09,
        "min": -1.34465674151e-08,
        "stdev": 3.95664567776e-09
    },
    "spectral_energy": {
        "max": 0.058247949928,
        "mean": 0.0155835235491,
        "min": 1.01494495705e-20,
        "stdev": 0.0172683093697
    },
    "spectral_energyband_high": {
        "max": 0.0157855730504,
        "mean": 0.00214299419895,
        "min": 6.85656310535e-21,
        "stdev": 0.00317564909346
    },
    "spectral_energyband_low": {
        "max": 0.0276541505009,
        "mean": 0.00474276114255,
        "min": 1.0128753142e-23,
        "stdev": 0.00613956525922
    },
    "spectral_energyband_middle_high": {
        "max": 0.0213389638811,
        "mean": 0.00409327121451,
        "min": 1.14013276509e-21,
        "stdev": 0.00512103689834
    },
    "spectral_energyband_middle_low": {
        "max": 0.0316888429224,
        "mean": 0.0050119436346,
        "min": 1.46706280079e-22,
        "stdev": 0.00651134224609
    },
    "spectral_entropy": {
        "max": 9.82227230072,
        "mean": 8.30650520325,
        "min": 7.0700340271,
        "stdev": 0.744396209717
    },
    "spectral_flux": {
        "max": 0.162932112813,
        "mean": 0.0471158921719,
        "min": 6.47797440689e-11,
        "stdev": 0.0465427301824
    },
    "spectral_kurtosis": {
        "max": 11.597278595,
        "mean": 1.97225165367,
        "min": -1.26016783714,
        "stdev": 2.15228748322
    },
    "spectral_rms": {
        "max": 0.00753838662058,
        "mean": 0.00285188457929,
        "min": 3.1467287543e-12,
        "stdev": 0.00265898252837
    },
    "spectral_rolloff": {
        "max": 19573.6816406,
        "mean": 5692.67822266,
        "min": 236.865234375,
        "stdev": 6349.49609375
    },
    "spectral_skewness": {
        "max": 2.95201778412,
        "mean": 0.979701161385,
        "min": -0.079544082284,
        "stdev": 0.560899198055
    },
    "spectral_spread": {
        "max": 42591648,
        "mean": 11439298,
        "min": 2440020,
        "stdev": 13791032
    },
    "spectral_strongpeak": {
        "max": 7.85718107224,
        "mean": 0.282744914293,
        "min": 0,
        "stdev": 0.619866192341
    },
    "zerocrossingrate": {
        "max": 0.53173828125,
        "mean": 0.170365765691,
        "min": 0.01806640625,
        "stdev": 0.158976629376
    },
    "barkbands": {
        "max": [0.0019076197641, 0.016626495868, 0.0191809646785, 0.00698178401217, 0.0178963653743, 0.0238560196012, 0.0060011181049, 0.00404743291438, 0.00554559705779, 0.00876750517637, 0.0081485575065, 0.00733887031674, 0.00235311849974, 0.010051690042, 0.00302424747497, 0.00211555580609, 0.00202166149393, 0.00482437666506, 0.00522113824263, 0.00485323183239, 0.0035850785207, 0.00542369438335, 0.00342597789131, 0.00251910695806, 0.00325961480848, 0.000981971621513, 3.19920764014e-06],
        "mean": [0.000263864203589, 0.00303397444077, 0.00122857186943, 0.000576047750656, 0.00154836161528, 0.00125932425726, 0.000406375038438, 0.000436241884017, 0.000478391390061, 0.000786234391853, 0.000381391320843, 0.000361045560567, 0.000265351380222, 0.000317967351293, 0.000238621752942, 0.000252910453128, 0.000240061795921, 0.000490375387017, 0.000709321233444, 0.000586625479627, 0.000404440448619, 0.00051815767074, 0.000421692093369, 0.000171273451997, 0.000162724478287, 4.41240372311e-05, 5.46577894056e-08],
        "min": [7.44697760037e-26, 2.21037800124e-24, 1.61283696756e-25, 4.04514461562e-25, 9.08969947865e-24, 3.5985396916e-24, 8.14882586585e-24, 1.09632078409e-23, 9.45350082889e-24, 8.39363859259e-24, 1.76604263004e-23, 1.97731646208e-23, 2.45487802352e-23, 3.62047807114e-23, 5.18418844973e-23, 5.99836011487e-23, 7.05198798343e-23, 9.09108424508e-23, 1.25833525398e-22, 1.6544408685e-22, 2.42264813305e-22, 3.35405431058e-22, 4.15707962356e-22, 5.93192250187e-22, 8.9908383256e-22, 1.26599962459e-21, 1.9872527521e-21],
        "stdev": [0.000370541994926, 0.00393526535481, 0.00210437341593, 0.0010038689943, 0.00236995937303, 0.0027587171644, 0.000679860007949, 0.000697318464518, 0.000821717199869, 0.00131210964173, 0.000777092122007, 0.000691969646141, 0.000393122405512, 0.000740030489396, 0.000382602127502, 0.000383137725294, 0.000337400328135, 0.000766392040532, 0.00100990419742, 0.000868515344337, 0.000635371659882, 0.000832011573948, 0.000677981995977, 0.000336578057613, 0.000355814612703, 0.000117419891467, 2.82544959873e-07]
    },
    "erbbands": {
        "max": [0.47533211112, 4.05470657349, 20.5074462891, 15.303153038, 50.2817497253, 68.2830352783, 98.7631759644, 304.476837158, 80.6351776123, 65.4757080078, 104.138023376, 163.139328003, 231.882659912, 317.672149658, 357.364929199, 180.142318726, 97.4631881714, 512.487915039, 208.284561157, 100.248580933, 101.894477844, 107.457633972, 298.956451416, 225.420303345, 279.584259033, 273.454223633, 191.431518555, 159.082962036, 160.500656128, 198.173812866, 133.058074951, 51.2289924622, 43.7468643188, 23.8926925659, 35.8866844177, 9.11846733093, 1.75088214874, 0.165404260159, 0.00303613487631, 0.000218741348363],
        "mean": [0.0832382515073, 0.658197462559, 1.57908987999, 1.65357160568, 3.36680459976, 5.34885692596, 6.81663942337, 13.4130172729, 6.95931148529, 7.38825082779, 7.85167598724, 13.4458246231, 20.3109970093, 20.7782268524, 18.2860279083, 14.0026569366, 12.4224100113, 16.6017951965, 15.908041954, 12.0662193298, 12.6926956177, 13.5136270523, 27.0296516418, 29.6244182587, 34.7019500732, 28.2422580719, 22.8206634521, 13.0893945694, 14.2789916992, 20.972568512, 12.1775426865, 4.43000555038, 2.63346791267, 2.01410865784, 1.03969740868, 0.314862281084, 0.0660133287311, 0.00327436276712, 9.69689863268e-05, 2.8910661058e-05],
        "min": [1.27190037989e-22, 3.97517536701e-22, 5.6703326916e-22, 2.87643152091e-21, 1.23280583192e-20, 2.95741044301e-20, 3.72101802496e-20, 5.70473962865e-20, 1.38208710091e-19, 1.71179638169e-19, 2.6553304164e-19, 3.5637618786e-19, 4.96063005083e-19, 8.02234551338e-19, 1.20826861442e-18, 1.39013523223e-18, 1.12109773653e-18, 1.98276888549e-18, 2.21294553942e-18, 2.342983088e-18, 4.37101591699e-18, 4.14087689979e-18, 5.95635636461e-18, 6.83115693784e-18, 6.7582984559e-18, 7.85400877866e-18, 8.83814773962e-18, 1.01487310478e-17, 1.04822362087e-17, 1.1074175754e-17, 1.1878903376e-17, 9.37283480604e-18, 9.77220174168e-18, 6.81877528485e-18, 7.01058482042e-18, 3.98539506877e-18, 2.29332888339e-18, 8.90407300047e-19, 2.55899256787e-19, 2.63928647294e-20],
        "stdev": [0.104749381542, 0.905936598778, 2.49496245384, 2.73388433456, 5.56528663635, 8.67423248291, 13.1063165665, 31.6581077576, 10.7891302109, 11.775601387, 13.5591573715, 22.6512680054, 34.8741340637, 37.7025566101, 34.0646057129, 25.6664733887, 17.7358875275, 35.4647598267, 26.859872818, 17.7629127502, 17.1292705536, 17.8576011658, 43.4819450378, 41.2474632263, 53.3153533936, 43.2067871094, 34.0595588684, 22.1018447876, 24.3670883179, 32.7813339233, 20.5713176727, 8.32322883606, 5.30238580704, 3.67888879776, 3.0603685379, 0.841091215611, 0.191050335765, 0.0129840690643, 0.000279237341601, 3.69402259821e-05]
    },
    "gfcc": {
        "mean": [-276.5440979, 58.0074539185, -106.955436707, 42.0388450623, -56.7531471252, 23.507850647, -29.8035049438, 14.3618516922, -22.3037490845, 2.5946931839, -10.7537565231, 3.02838611603, -4.11900901794],
        "cov": [[240615.25, 12275.0869141, -22985.8652344, 10319.8847656, -13064.8115234, 4672.68261719, -6217.77441406, 3117.87646484, -5117.60351562, 809.74432373, -2371.2800293, 901.854003906, -1421.60827637], [12275.0869141, 1539.65112305, -1241.29504395, 481.355255127, -678.020568848, 271.806518555, -296.28213501, 223.002319336, -267.342773438, -64.7315750122, -61.0535850525, 32.4145965576, 13.3708620071], [-22985.8652344, -1241.29504395, 3300.7890625, -888.880615234, 1312.4395752, -541.690185547, 781.639099121, -223.103485107, 436.920806885, -59.0396537781, 215.909194946, -5.77409887314, 79.4344558716], [10319.8847656, 481.355255127, -888.880615234, 557.58404541, -558.829162598, 211.166015625, -275.755401611, 122.935096741, -228.565048218, 39.9249916077, -111.184623718, 29.025220871, -74.8853988647], [-13064.8115234, -678.020568848, 1312.4395752, -558.829162598, 786.368164062, -277.103546143, 384.441070557, -175.383239746, 302.283447266, -41.1541099548, 138.471191406, -48.0990791321, 59.4083747864], [4672.68261719, 271.806518555, -541.690185547, 211.166015625, -277.103546143, 203.40953064, -144.850921631, 89.9766998291, -125.507232666, 11.2549028397, -71.0634155273, 2.62943410873, -12.2963523865], [-6217.77441406, -296.28213501, 781.639099121, -275.755401611, 384.441070557, -144.850921631, 294.008880615, -43.2101325989, 151.54826355, -24.1064147949, 73.4719848633, -16.3974971771, 27.6450786591], [3117.87646484, 223.002319336, -223.103485107, 122.935096741, -175.383239746, 89.9766998291, -43.2101325989, 121.246658325, -66.8042144775, 8.56438064575, -40.205078125, 19.9520797729, -9.26575279236], [-5117.60351562, -267.342773438, 436.920806885, -228.565048218, 302.283447266, -125.507232666, 151.54826355, -66.8042144775, 179.301254272, -1.3160084486, 71.3391876221, -24.5209064484, 27.3293571472], [809.74432373, -64.7315750122, -59.0396537781, 39.9249916077, -41.1541099548, 11.2549028397, -24.1064147949, 8.56438064575, -1.3160084486, 48.5220718384, -6.05434846878, 6.48442459106, -14.2951145172], [-2371.2800293, -61.0535850525, 215.909194946, -111.184623718, 138.471191406, -71.0634155273, 73.4719848633, -40.205078125, 71.3391876221, -6.05434846878, 65.2766952515, -2.50502347946, 22.8239326477], [901.854003906, 32.4145965576, -5.77409887314, 29.025220871, -48.0990791321, 2.62943410873, -16.3974971771, 19.9520797729, -24.5209064484, 6.48442459106, -2.50502347946, 44.2200889587, 6.09118556976], [-1421.60827637, 13.3708620071, 79.4344558716, -74.8853988647, 59.4083747864, -12.2963523865, 27.6450786591, -9.26575279236, 27.3293571472, -14.2951145172, 22.8239326477, 6.09118556976, 57.2052726746]],
        "icov": [[0.00014224005281, -0.000254519050941, 0.000387817824958, -0.000772266241256, 0.000865992624313, 0.000265814713202, -0.00055108621018, -0.0001654701191, 0.000401112018153, -0.000651122420095, 0.000388560816646, -0.00116604100913, 0.0010569349397], [-0.000254519050941, 0.00245474139228, -0.000478207948618, 0.000584983499721, -0.000696991046425, -0.000442693941295, 0.00131584587507, -0.00230371928774, -6.21868093731e-05, 0.00514684664086, -0.00454295519739, 0.00311449798755, -0.00305256573483], [0.000387817824958, -0.000478207948618, 0.0025866238866, -0.00256950221956, -0.000164278913871, 0.00224340055138, -0.00307853450067, -0.00145652843639, 0.00307975290343, -0.00213559670374, 0.00141153216828, -0.00459092110395, 0.00261935056187], [-0.000772266241256, 0.000584983499721, -0.00256950221956, 0.0120445340872, -0.000249240896665, -0.00329597108066, 0.00312565569766, 0.00264879921451, -0.00185495847836, 0.00115136429667, -0.000863334047608, 0.00580844050273, -0.00062449258985], [0.000865992624313, -0.000696991046425, -0.000164278913871, -0.000249240896665, 0.0212120208889, -0.00138886191417, -0.00748167140409, 0.00591005664319, -0.00643449975178, 0.000741263851523, 0.00093492452288, -0.00390045181848, 0.00713249621913], [0.000265814713202, -0.000442693941295, 0.00224340055138, -0.00329597108066, -0.00138886191417, 0.0169343426824, 0.000274926773272, -0.00783212855458, 0.00707041053101, -0.00399853195995, 0.00598358502612, 0.00390505464748, -0.00421979743987], [-0.00055108621018, 0.00131584587507, -0.00307853450067, 0.00312565569766, -0.00748167140409, 0.000274926773272, 0.0170869715512, -0.00731286872178, -0.00282092485577, 0.00538593530655, -0.0059764040634, 0.0070117264986, -0.00291771185584], [-0.0001654701191, -0.00230371928774, -0.00145652843639, 0.00264879921451, 0.00591005664319, -0.00783212855458, -0.00731286872178, 0.0240452997386, -0.00605445215479, -0.00337276700884, 0.00899966806173, -0.00597026012838, 0.000618499703705], [0.000401112018153, -6.21868093731e-05, 0.00307975290343, -0.00185495847836, -0.00643449975178, 0.00707041053101, -0.00282092485577, -0.00605445215479, 0.0265065357089, -0.0098123094067, -0.00756964273751, 0.0035435820464, -0.000609967275523], [-0.000651122420095, 0.00514684664086, -0.00213559670374, 0.00115136429667, 0.000741263851523, -0.00399853195995, 0.00538593530655, -0.00337276700884, -0.0098123094067, 0.0380165539682, -0.00964074395597, 0.00144685036503, 0.000190416933037], [0.000388560816646, -0.00454295519739, 0.00141153216828, -0.000863334047608, 0.00093492452288, 0.00598358502612, -0.0059764040634, 0.00899966806173, -0.00756964273751, -0.00964074395597, 0.0439286753535, -0.00933611579239, -0.00303659564815], [-0.00116604100913, 0.00311449798755, -0.00459092110395, 0.00580844050273, -0.00390045181848, 0.00390505464748, 0.0070117264986, -0.00597026012838, 0.0035435820464, 0.00144685036503, -0.00933611579239, 0.0441536940634, -0.0175000652671], [0.0010569349397, -0.00305256573483, 0.00261935056187, -0.00062449258985, 0.00713249621913, -0.00421979743987, -0.00291771185584, 0.000618499703705, -0.000609967275523, 0.000190416933037, -0.00303659564815, -0.0175000652671, 0.0366154909134]]
    },
    "melbands": {
        "max": [0.00422089826316, 0.00744403759018, 0.00322743295692, 0.0043018120341, 0.00281744077802, 0.00582440337166, 0.0012862351723, 0.000784869713243, 0.000777123495936, 0.00107693311293, 0.00115381623618, 0.00118494243361, 0.000949368462898, 0.000955244584475, 0.000263222929789, 0.00029112509219, 0.00115908228327, 0.000460579263745, 0.000137193797855, 0.000206428943784, 0.000121569646581, 0.000125671722344, 0.000221401700401, 0.000300246087136, 0.000214230822166, 0.000291321950499, 0.000160462106578, 0.000253718550084, 0.000124287646031, 0.000109148604679, 0.000107723601104, 0.000102655671071, 0.00010933104204, 9.0809618996e-05, 0.000115357252071, 5.96273166593e-05, 3.28393980453e-05, 3.8353693526e-05, 2.27733326028e-05, 1.75175609911e-05],
        "mean": [0.000772452971432, 0.000857604434714, 0.000344761909219, 0.000309337832732, 0.000256298430031, 0.000270545075182, 0.000101949292002, 8.45449612825e-05, 5.78465514991e-05, 8.7808992248e-05, 0.000100895726064, 8.52755401866e-05, 5.42559973837e-05, 4.75762390124e-05, 2.40519621002e-05, 3.03961569443e-05, 3.13917989843e-05, 2.67036848527e-05, 1.47125310832e-05, 2.09776917472e-05, 1.33513658511e-05, 1.37121332955e-05, 1.96284290723e-05, 2.40335903072e-05, 2.30050154642e-05, 2.89885265374e-05, 1.54774315888e-05, 2.11046408367e-05, 1.58074399224e-05, 1.09721258923e-05, 6.24880522082e-06, 7.91285947344e-06, 1.03698002931e-05, 1.09192496893e-05, 8.15905059426e-06, 3.63042272511e-06, 2.25314420277e-06, 1.89243837667e-06, 1.71504427726e-06, 1.64041330208e-06],
        "min": [1.50070610913e-24, 6.15305885438e-25, 8.46630471209e-25, 1.8926751185e-24, 1.48079565431e-24, 1.56977876999e-24, 2.21802600771e-24, 2.10252769929e-24, 1.8439008348e-24, 1.80934517728e-24, 2.1723095461e-24, 2.78556409737e-24, 2.75861424226e-24, 2.53477003002e-24, 3.08554364215e-24, 1.87813779252e-24, 3.1535489742e-24, 3.06055430361e-24, 3.84146072989e-24, 3.67947879263e-24, 4.61874589019e-24, 3.78542991195e-24, 4.12988405406e-24, 3.93913196515e-24, 4.71452307041e-24, 4.22237957292e-24, 2.44809334642e-24, 4.46171642169e-24, 5.639478259e-24, 4.69751799031e-24, 5.07970729382e-24, 4.93891928807e-24, 5.70697595907e-24, 5.42901174721e-24, 5.88099236387e-24, 5.20067201389e-24, 5.49167530765e-24, 6.20454287529e-24, 6.08232702182e-24, 5.19767355359e-24],
        "stdev": [0.000982586410828, 0.0012241153745, 0.000530534423888, 0.000470139726531, 0.000451463361969, 0.00061961566098, 0.000160338749993, 0.000138394258101, 0.000103327605757, 0.000152754917508, 0.000177011403139, 0.000160788826179, 9.97550669126e-05, 8.76978883753e-05, 4.16555667471e-05, 4.69122569484e-05, 7.64856813475e-05, 4.9153859436e-05, 2.29619636229e-05, 3.43423926097e-05, 1.94835829461e-05, 2.02484716283e-05, 3.08274902636e-05, 3.86947649531e-05, 3.48294379364e-05, 4.90352285851e-05, 2.30680834648e-05, 3.48050816683e-05, 2.37881195062e-05, 1.76293724508e-05, 1.21332650451e-05, 1.5564262867e-05, 1.68108254002e-05, 1.65821184055e-05, 1.4578581613e-05, 7.17076818546e-06, 4.55061081084e-06, 4.19859861722e-06, 3.1669112559e-06, 2.96194252769e-06]
    },
    "melbands128": {
        "max": [0.00159033655655, 0.00417538778856, 0.00658900151029, 0.00886586681008, 0.0113935302943, 0.00789803173393, 0.00348445167765, 0.00452708546072, 0.00559882121161, 0.00571161322296, 0.00506716268137, 0.00412822561339, 0.00509068462998, 0.00355461519212, 0.0108051933348, 0.00473717227578, 0.00106538098771, 0.00226590479724, 0.00130465510301, 0.000817873107735, 0.00142371829133, 0.00093794678105, 0.00125624483917, 0.000368031993276, 0.00137727474794, 0.00205527525395, 0.000853088859003, 0.00230713956989, 0.00203806650825, 0.00230195838958, 0.0023399295751, 0.00176663312595, 0.00101080688182, 0.00270243431441, 0.00214321981184, 0.000720123236533, 0.000966044317465, 0.000443523487775, 0.00021010832279, 0.000428172876127, 0.000545207585674, 0.00046664007823, 0.00132291438058, 0.00201820698567, 0.00110486033373, 0.000698635587469, 0.000487014098326, 0.000252179830568, 0.00030591673567, 0.000199631016585, 0.000434202025644, 0.000335853284923, 0.000207898759982, 0.000180862421985, 0.000330859707901, 0.000198257534066, 0.000187877740245, 0.000194893553271, 0.000423106190283, 0.000637390010525, 0.000686467799824, 0.000201758623007, 0.000541051966138, 0.000250686367508, 0.000547537871171, 0.000444298406364, 0.000542127527297, 0.000260026979959, 0.00022768045892, 0.00018814500072, 0.000313275144435, 0.00051686191, 0.000178034126293, 0.000133907946292, 0.00019813333347, 0.000203972565942, 0.000119497955893, 0.000130274696858, 9.94603833533e-05, 0.000173992768396, 0.000178030692041, 0.000133207446197, 8.06886091596e-05, 0.00010816930444, 0.0003976241278, 0.000145687517943, 0.000121955337818, 7.89713521954e-05, 0.000251439050771, 8.88838767423e-05, 0.000140195756103, 5.6430893892e-05, 2.80701606243e-05, 4.84972006234e-05, 2.98745544569e-05, 5.67470451642e-05, 4.03562553402e-05, 2.47746193054e-05, 2.32140682783e-05, 5.65163936699e-05, 4.20913820562e-05, 1.59044502652e-05, 3.06952933897e-05, 6.06559478911e-05, 9.43240520428e-05, 3.42363491654e-05, 9.09942755243e-05, 1.44948526213e-05, 1.13242349471e-05, 1.59712417371e-05, 1.31412352857e-05, 6.02379759584e-06, 9.49008608586e-06, 6.42761460767e-06, 5.3252520047e-06, 6.26547034699e-07, 1.22824232562e-07, 3.42248607232e-09, 3.29100546814e-09, 3.17072523792e-09, 3.08062153564e-09, 2.99391267333e-09, 2.9242868127e-09, 2.8678484032e-09, 2.81822276627e-09, 2.77878364763e-09, 2.75231037961e-09, 2.73444289434e-09],
        "mean": [0.000237843210925, 0.000715339789167, 0.000783225288615, 0.00127265986521, 0.000972583948169, 0.000553519639652, 0.000301441526972, 0.000314415985486, 0.000356938136974, 0.000285769987386, 0.00029615292442, 0.000319136714097, 0.000214819534449, 0.000191490005818, 0.000427691964433, 0.000216769200051, 8.54887985042e-05, 0.000110409178887, 8.23950394988e-05, 7.07006693119e-05, 0.000105342209281, 5.98446677031e-05, 6.80030716467e-05, 2.27595264732e-05, 8.10809142422e-05, 0.000135488095111, 5.38621752639e-05, 0.000138453542604, 7.52689520596e-05, 0.000115076618386, 8.09224948171e-05, 4.12244480685e-05, 3.97907460865e-05, 8.59120700625e-05, 4.99260786455e-05, 3.53491741407e-05, 4.2947664042e-05, 1.76418725459e-05, 1.76705561898e-05, 2.84734778688e-05, 3.96853356506e-05, 2.15313812078e-05, 2.90402094834e-05, 4.18533163611e-05, 2.40611116169e-05, 2.73433015536e-05, 2.58497821051e-05, 1.25428132378e-05, 1.10898254206e-05, 1.27945022541e-05, 3.04967943521e-05, 1.96724759007e-05, 9.5999412224e-06, 1.07123887574e-05, 2.00010799745e-05, 1.30957350848e-05, 9.27240944293e-06, 1.2653500562e-05, 2.55349223153e-05, 3.15745492117e-05, 2.30535424635e-05, 1.51558087964e-05, 3.31112278218e-05, 2.16106127482e-05, 1.31614415295e-05, 3.58363504347e-05, 3.54751609848e-05, 1.72547333932e-05, 1.13210162453e-05, 1.14025679068e-05, 1.73615680978e-05, 3.33615789714e-05, 1.872881694e-05, 1.14713575385e-05, 1.16519813673e-05, 1.43886863953e-05, 9.21846549318e-06, 6.12892654317e-06, 5.64993251828e-06, 6.11939867667e-06, 8.88305021363e-06, 7.97798475105e-06, 6.70933150104e-06, 6.36349568595e-06, 2.02503142646e-05, 1.27171188069e-05, 6.78720607539e-06, 7.92057471699e-06, 1.14478007163e-05, 5.12913493367e-06, 4.11757946495e-06, 3.49260517396e-06, 2.44980878961e-06, 2.32402385336e-06, 1.84892166999e-06, 2.20028027798e-06, 1.86759746157e-06, 1.47628998093e-06, 1.61175444191e-06, 1.83097506579e-06, 2.17214369513e-06, 1.29097247736e-06, 1.59311537118e-06, 1.18422337891e-06, 1.54241593009e-06, 8.13103042674e-07, 8.49512900913e-07, 5.60187061183e-07, 5.16904037795e-07, 4.15006297771e-07, 3.92576168906e-07, 2.64012044227e-07, 1.84508337497e-07, 1.10620163696e-07, 5.09162028095e-08, 1.05005453221e-08, 2.1212083201e-09, 1.06956735135e-11, 9.39798412702e-12, 9.00268835174e-12, 8.68658530523e-12, 8.40089282861e-12, 8.13689306906e-12, 7.87512763334e-12, 7.47284786135e-12, 6.97911953923e-12, 6.71591818616e-12, 6.64439900669e-12],
        "min": [2.84302450383e-26, 4.59013508845e-25, 5.83890880395e-25, 3.63353770287e-25, 4.77575498389e-26, 5.69364117759e-26, 2.85322583119e-25, 2.64854921332e-25, 3.81135656515e-25, 3.82457319006e-25, 2.48879649837e-25, 7.22087182253e-25, 7.42267920538e-25, 3.49635355886e-25, 4.58147536786e-25, 8.01081050896e-25, 9.33064875911e-25, 1.06524207045e-24, 5.92351610818e-25, 1.69461719153e-24, 1.31261258008e-24, 2.58047002416e-25, 4.26856925246e-25, 7.38250597074e-25, 4.77108893327e-25, 3.53613408868e-25, 1.23328726659e-25, 9.84244002074e-25, 8.67041359663e-25, 5.0102582477e-25, 1.27619747879e-24, 1.53498359457e-24, 1.85286051975e-24, 5.10036736372e-25, 8.80320353889e-25, 1.61971139731e-24, 1.90534580236e-24, 9.16618112113e-25, 9.47746563433e-25, 1.77465955492e-24, 1.07469765309e-24, 1.66603735258e-24, 1.52626875233e-24, 1.91129026371e-24, 1.65425354559e-24, 1.28375032892e-24, 1.94035623819e-24, 2.64836087278e-24, 5.98287098877e-25, 1.16542474301e-24, 1.71660057559e-24, 2.24220479167e-24, 1.47143226979e-24, 1.23007682458e-24, 1.56474859843e-24, 1.81312835697e-24, 1.42246856088e-24, 1.77267793633e-24, 2.02969946887e-24, 2.0021037339e-24, 1.26676684388e-24, 1.86357581464e-24, 3.16316065269e-24, 1.3933988393e-24, 3.41097223416e-24, 2.59997135599e-24, 2.95221392182e-24, 7.12662513107e-25, 1.12870681775e-24, 2.19672005795e-24, 1.87102660589e-24, 3.35835994495e-24, 3.40737423958e-24, 2.56942666174e-24, 3.1699594504e-24, 2.83987362082e-24, 3.01815086059e-24, 2.75891637599e-24, 2.63565725398e-24, 3.26842447695e-24, 3.85322067384e-24, 3.18902306304e-24, 4.31397184604e-24, 2.4773419422e-24, 3.47444556032e-24, 2.26502219893e-24, 2.75257156773e-24, 3.36194807878e-24, 3.55880713439e-24, 3.31788270304e-24, 3.9509593567e-24, 2.76673162098e-24, 3.73200391271e-24, 4.34214443555e-24, 4.13758570308e-24, 3.40470867858e-24, 3.65985429989e-24, 3.8211503226e-24, 4.52742971838e-24, 4.63299705687e-24, 3.95422879072e-24, 3.55633287216e-24, 3.442837876e-24, 5.71859311919e-24, 4.79281514867e-24, 5.49056183048e-24, 5.10762113696e-24, 4.50342704762e-24, 4.7940252613e-24, 4.02014324695e-24, 5.07603909061e-24, 3.74342149102e-24, 4.87125434949e-24, 4.34067123781e-24, 5.98883911595e-24, 5.46662029644e-24, 5.80623517133e-24, 5.92506483936e-24, 5.84570582672e-24, 6.18456773388e-24, 6.53371480951e-24, 6.02192236459e-24, 5.24831132396e-24, 6.43604357426e-24, 5.98800450111e-24, 5.90270931016e-24, 5.0322356167e-24, 4.54482212919e-24],
        "stdev": [0.000331562710926, 0.000905182387214, 0.00114866334479, 0.0017651359085, 0.00150847795885, 0.000945592531934, 0.00055623287335, 0.000549166172277, 0.000659491401166, 0.000509992067236, 0.000539673608728, 0.000617826066446, 0.000520406523719, 0.000425861187978, 0.00109517469537, 0.000505232485011, 0.000145667028846, 0.000225866839173, 0.000149141022121, 0.000132554851007, 0.000216782762436, 0.000111693632789, 0.000164395038155, 4.20284668508e-05, 0.000150377803948, 0.000268258852884, 0.000101298603113, 0.000293690565741, 0.0001911711297, 0.000266028393526, 0.000185136552318, 0.000117612587928, 8.56883634697e-05, 0.00022162530513, 0.000133713707328, 7.8586374002e-05, 0.000103001009848, 4.51135128969e-05, 3.12149240926e-05, 4.85436612507e-05, 7.11164975655e-05, 5.07012628077e-05, 8.89552175067e-05, 0.000131267210236, 7.82146744314e-05, 6.21615472483e-05, 5.13135128131e-05, 2.59581483988e-05, 2.61288514594e-05, 2.61729201156e-05, 6.06449466432e-05, 3.5576060327e-05, 1.9998069547e-05, 2.11791175388e-05, 4.08507621614e-05, 2.50801076618e-05, 1.74650740519e-05, 2.24652976613e-05, 5.23430862813e-05, 7.11115571903e-05, 5.61441993341e-05, 2.62143748841e-05, 6.67056228849e-05, 3.66922176909e-05, 3.13177479256e-05, 7.14013149263e-05, 7.35855937819e-05, 3.60691155947e-05, 2.23577917495e-05, 2.24694904318e-05, 3.61529200745e-05, 6.28214620519e-05, 3.22368614434e-05, 2.10224588955e-05, 2.13671391975e-05, 2.87465081783e-05, 1.79671333171e-05, 1.37525912578e-05, 1.22120100059e-05, 1.46375350596e-05, 2.15086638491e-05, 1.54122262757e-05, 1.13013793452e-05, 1.35102918648e-05, 4.27731902164e-05, 2.25265175686e-05, 1.26633913169e-05, 1.44226487464e-05, 2.71213775704e-05, 1.08977937998e-05, 1.10910987132e-05, 7.43552527638e-06, 4.95386120747e-06, 5.49148171558e-06, 3.88143689634e-06, 5.62292143513e-06, 4.403812909e-06, 3.06194328914e-06, 3.21874949805e-06, 4.23643950853e-06, 4.56342104371e-06, 2.25259873332e-06, 3.27773682329e-06, 4.26676751886e-06, 6.73861359246e-06, 2.73784326055e-06, 4.67155041406e-06, 1.66953486769e-06, 1.32899072014e-06, 1.14934277917e-06, 1.15966452086e-06, 7.73311342073e-07, 6.41764586362e-07, 4.77867672544e-07, 3.3157422763e-07, 5.74588021607e-08, 1.07823874274e-08, 1.47248060967e-10, 1.41497188966e-10, 1.36256256278e-10, 1.32296423816e-10, 1.28500904362e-10, 1.25415275387e-10, 1.22831925187e-10, 1.20369034184e-10, 1.18408671756e-10, 1.17243340036e-10, 1.16482476442e-10]
    },
    "mfcc": {
        "mean": [-791.962219238, 71.3006744385, -0.453406274319, 18.9915065765, -0.829630851746, 6.78538560867, 3.90239310265, 8.45418453217, 0.063909471035, 2.29552650452, -0.918505609035, -2.83393216133, 0.422633230686],
        "cov": [[71421.890625, 6535.86865234, 479.84777832, 3113.09619141, -726.54876709, 695.370178223, 385.089141846, 859.703796387, -378.623474121, 222.612365723, 301.533233643, -649.223449707, 624.468200684], [6535.86865234, 1872.61499023, 113.01133728, 324.029571533, 1.73973870277, 34.3160018921, 119.509864807, 233.574737549, 34.3787879944, 7.54526519775, -21.6091518402, -27.6469230652, -24.4938087463], [479.84777832, 113.01133728, 602.451171875, 167.725128174, 2.26122713089, -31.0009746552, 93.4564590454, 61.7363243103, 16.7969589233, -3.01243853569, -21.4796123505, -28.2562389374, -1.33300971985], [3113.09619141, 324.029571533, 167.725128174, 243.119766235, -20.7009487152, 21.9482078552, 32.6991462708, 51.8217582703, -21.2991008759, 7.41075229645, 22.3908977509, -45.3138923645, 32.3676261902], [-726.54876709, 1.73973870277, 2.26122713089, -20.7009487152, 69.2303161621, 13.1649198532, -11.7215108871, -6.88086843491, 3.27916693687, -2.18060588837, -11.200173378, 9.59999370575, -17.6646785736], [695.370178223, 34.3160018921, -31.0009746552, 21.9482078552, 13.1649198532, 67.623664856, 7.88279104233, 0.0340497419238, -4.64337205887, 12.3008537292, -1.24111604691, -9.93416500092, -3.25903892517], [385.089141846, 119.509864807, 93.4564590454, 32.6991462708, -11.7215108871, 7.88279104233, 80.0473937988, 42.5967979431, 19.6683959961, 9.70990276337, -9.525806427, -6.70931100845, -11.3502454758], [859.703796387, 233.574737549, 61.7363243103, 51.8217582703, -6.88086843491, 0.0340497419238, 42.5967979431, 79.4046325684, 26.126291275, 5.50758743286, 0.938639998436, -5.58647108078, -0.395819991827], [-378.623474121, 34.3787879944, 16.7969589233, -21.2991008759, 3.27916693687, -4.64337205887, 19.6683959961, 26.126291275, 65.2750320435, 12.1593723297, -2.87362146378, 27.8233509064, -11.8467760086], [222.612365723, 7.54526519775, -3.01243853569, 7.41075229645, -2.18060588837, 12.3008537292, 9.70990276337, 5.50758743286, 12.1593723297, 44.1069297791, 9.39378166199, 1.12986981869, -4.99312877655], [301.533233643, -21.6091518402, -21.4796123505, 22.3908977509, -11.200173378, -1.24111604691, -9.525806427, 0.938639998436, -2.87362146378, 9.39378166199, 46.3606872559, 5.66159057617, 15.7543029785], [-649.223449707, -27.6469230652, -28.2562389374, -45.3138923645, 9.59999370575, -9.93416500092, -6.70931100845, -5.58647108078, 27.8233509064, 1.12986981869, 5.66159057617, 56.8473358154, -2.49005126953], [624.468200684, -24.4938087463, -1.33300971985, 32.3676261902, -17.6646785736, -3.25903892517, -11.3502454758, -0.395819991827, -11.8467760086, -4.99312877655, 15.7543029785, -2.49005126953, 46.5627174377]],
        "icov": [[6.32844457868e-05, -0.000118768984976, 0.000103265032521, -0.000591053802054, 0.000507572258357, -0.00043774821097, 0.000113136593427, -8.13038786873e-05, 0.000128708925331, -0.000170171493664, 0.000163769189385, -2.92136905955e-06, -0.000349644658854], [-0.000118768984976, 0.00146651943214, 0.000460113427835, -0.00089067366207, -0.00119166786317, 0.00112202565651, -0.000294979516184, -0.00305259856395, 0.000518910703249, 0.00049834366655, 0.00117674900685, -0.0013448583195, 0.00224060053006], [0.000103265032521, 0.000460113427835, 0.00344380969182, -0.00436119083315, -0.000840962980874, 0.00218688813038, -0.00303663010709, -0.000718902505469, -0.000264338072157, 5.31794830749e-05, 0.00245394650847, -0.000375296920538, 0.000163140066434], [-0.000591053802054, -0.00089067366207, -0.00436119083315, 0.0175839532167, -0.00353183457628, -3.92096044379e-05, 4.86274984723e-05, 0.00102507567499, 6.84286569594e-05, 0.000694863731042, -0.0077284979634, 0.00594425853342, -0.00318722939119], [0.000507572258357, -0.00119166786317, -0.000840962980874, -0.00353183457628, 0.0237989723682, -0.00952719710767, 0.0074117006734, -0.00192021112889, 0.00204058666714, -0.000171086576302, 0.00378143857233, -0.00420432537794, 0.00414576986805], [-0.00043774821097, 0.00112202565651, 0.00218688813038, -3.92096044379e-05, -0.00952719710767, 0.0233771167696, -0.00603830814362, 0.0028034595307, -0.000677421921864, -0.00367418723181, 0.00106803164817, 0.00225879345089, 0.00231772754341], [0.000113136593427, -0.000294979516184, -0.00303663010709, 4.86274984723e-05, 0.0074117006734, -0.00603830814362, 0.0246109049767, -0.0101687479764, -0.000817223568447, -0.0028086672537, 0.00353104784153, -0.000409830419812, 0.00478298263624], [-8.13038786873e-05, -0.00305259856395, -0.000718902505469, 0.00102507567499, -0.00192021112889, 0.0028034595307, -0.0101687479764, 0.0320869460702, -0.0122973555699, 0.00185004621744, -0.00523589551449, 0.00710867810994, -0.00476548122242], [0.000128708925331, 0.000518910703249, -0.000264338072157, 6.84286569594e-05, 0.00204058666714, -0.000677421921864, -0.000817223568447, -0.0122973555699, 0.0291274189949, -0.00675659347326, 0.0035041521769, -0.0144337015226, 0.0036434060894], [-0.000170171493664, 0.00049834366655, 5.31794830749e-05, 0.000694863731042, -0.000171086576302, -0.00367418723181, -0.0028086672537, 0.00185004621744, -0.00675659347326, 0.0288508813828, -0.00800613220781, 0.0018774777418, 0.00525587657467], [0.000163769189385, 0.00117674900685, 0.00245394650847, -0.0077284979634, 0.00378143857233, 0.00106803164817, 0.00353104784153, -0.00523589551449, 0.0035041521769, -0.00800613220781, 0.0322580337524, -0.00804078578949, -0.00512050045654], [-2.92136905955e-06, -0.0013448583195, -0.000375296920538, 0.00594425853342, -0.00420432537794, 0.00225879345089, -0.000409830419812, 0.00710867810994, -0.0144337015226, 0.0018774777418, -0.00804078578949, 0.0308020040393, -0.00539069669321], [-0.000349644658854, 0.00224060053006, 0.000163140066434, -0.00318722939119, 0.00414576986805, 0.00231772754341, 0.00478298263624, -0.00476548122242, 0.0036434060894, 0.00525587657467, -0.00512050045654, -0.00539069669321, 0.0353597290814]]
    },
    "spectral_contrast_coeffs": {
        "max": [-0.494313746691, -0.595625579357, -0.587489843369, -0.703127622604, -0.67185741663, -0.662442803383],
        "mean": [-0.8153013587, -0.827146351337, -0.811973571777, -0.846233427525, -0.831196129322, -0.801161825657],
        "min": [-0.982365608215, -0.980589926243, -0.978052139282, -0.971776485443, -0.968133032322, -0.96479344368],
        "stdev": [0.0890280008316, 0.0893977880478, 0.0930666178465, 0.0688319504261, 0.0787938311696, 0.0875749513507]
    },
    "spectral_contrast_valleys": {
        "max": [-5.28679466248, -5.31744480133, -5.75322151184, -6.16269397736, -5.63674640656, -7.95428752899],
        "mean": [-10.9625968933, -11.0335912704, -11.3549623489, -11.4885587692, -11.2524328232, -13.3405971527],
        "min": [-28.1691551208, -27.9662418365, -27.7853679657, -27.6053981781, -27.594997406, -27.4146728516],
        "stdev": [7.80367708206, 7.72083234787, 7.60005474091, 7.52123403549, 7.66959047318, 6.70628881454]
    }
},
"rhythm": {
    "beats_count": 22,
    "beats_loudness": {
        "max": 0.0523809231818,
        "mean": 0.0162823721766,
        "min": 0,
        "stdev": 0.0182519219816
    },
    "bpm": 100.918319702,
    "bpm_histogram_first_peak_bpm": 101,
    "bpm_histogram_first_peak_weight": 0.692307710648,
    "bpm_histogram_second_peak_bpm": 120,
    "bpm_histogram_second_peak_spread": 0.428571462631,
    "bpm_histogram_second_peak_weight": 0.190476194024,
    "danceability": 0.584419071674,
    "onset_rate": 2.42958807945,
    "beats_loudness_band_ratio": {
        "max": [0.688955724239, 0.338906079531, 0.185162708163, 0.278495877981, 0.638860285282, 0.372346490622],
        "mean": [0.320062607527, 0.117511756718, 0.0688687637448, 0.102358929813, 0.114130847156, 0.118012301624],
        "min": [0, 0, 0, 0, 0, 0],
        "stdev": [0.226358175278, 0.0912319496274, 0.0492892600596, 0.0867329761386, 0.15894715488, 0.0997051373124]
    },
    "beats_position": [0.487619042397, 0.986848056316, 1.48607707024, 1.98530614376, 2.48453521729, 2.99537420273, 3.50621318817, 4.01705217361, 4.63238096237, 5.24770975113, 5.87464857101, 6.47836732864, 7.08208608627, 7.6858048439, 8.27791404724, 8.87002277374, 9.45052146912, 10.0426301956, 10.623128891, 11.2152376175, 11.7957363129, 12.3762359619],
