{
"metadata": {
    "version": {
        "essentia": "2.1-beta5",
        "essentia_git_sha": "Undefined",
        "extractor": "music 2.0"
    },
    "audio_properties": {
        "analysis": {
            "equal_loudness": 0,
            "length": 12.7477550507,
            "sample_rate": 44100,
            "start_time": 0,
            "downmix": "mix"
        },
        "bit_rate": 192000,
        "length": 200.678451538,
        "lossless": 0,
        "number_channels": 2,
        "replay_gain": 18.9541912079,
        "sample_rate": 48000,
        "codec": "mp3",
        "md5_encoded": "8ad34cb34c0fc2527bbc910a4a9e435f"
    },
    "tags": {
        "file_name": "Croatia_Don_t Ever Cry_Put.mp3",
        "encoding": ["Lavf58.29.100"]
    }
},
"lowlevel": {
    "average_loudness": 0.000115319140605,
    "barkbands_crest": {
        "max": 11.1436033249,
        "mean": 6.44382047653,
        "min": 2.95980525017,
        "stdev": 0.766761660576
    },
    "barkbands_flatness_db": {
        "max": 0.111950129271,
        "mean": 0.0764467343688,
        "min": 0.0534894317389,
        "stdev": 0.00915745925158
    },
    "barkbands_kurtosis": {
        "max": 7.67714691162,
        "mean": 3.07814979553,
        "min": -0.103219747543,
        "stdev": 0.936146378517
    },
    "barkbands_skewness": {
        "max": 0.29695802927,
        "mean": -1.68824493885,
        "min": -2.60635638237,
        "stdev": 0.507972359657
    },
    "barkbands_spread": {
        "max": 38.6615905762,
        "mean": 25.4223232269,
        "min": 10.5488805771,
        "stdev": 4.5644197464
    },
    "dissonance": {
        "max": 0.499999940395,
        "mean": 0.493107527494,
        "min": 0.471711397171,
        "stdev": 0.0049674869515
    },
    "dynamic_complexity": 17.1488189697,
    "erbbands_crest": {
        "max": 12.1638507843,
        "mean": 3.76934170723,
        "min": 2.66764473915,
        "stdev": 1.17619967461
    },
    "erbbands_flatness_db": {
        "max": 0.229627430439,
        "mean": 0.108241729438,
        "min": 0.0803989693522,
        "stdev": 0.0299308169633
    },
    "erbbands_kurtosis": {
        "max": 2.54567480087,
        "mean": 0.201260983944,
        "min": -0.535575151443,
        "stdev": 0.437417834997
    },
    "erbbands_skewness": {
        "max": 1.12111747265,
        "mean": -0.537638485432,
        "min": -0.92409402132,
        "stdev": 0.340376406908
    },
    "erbbands_spread": {
        "max": 48.7508430481,
        "mean": 34.5198478699,
        "min": 11.2439060211,
        "stdev": 6.42307519913
    },
    "hfc": {
        "max": 357.217498779,
        "mean": 11.7419424057,
        "min": 1.05884366041e-16,
        "stdev": 50.1682052612
    },
    "loudness_ebu128": {
        "integrated": -36.2818832397,
        "loudness_range": 17.8528709412,
        "momentary": {
            "max": -33.3821868896,
            "mean": -274.48614502,
            "min": -300.691009521,
            "stdev": 77.2805404663
        },
        "short_term": {
            "max": -40.3506088257,
            "mean": -268.692443848,
            "min": -300.691009521,
            "stdev": 82.7414321899
        }
    },
    "melbands_crest": {
        "max": 10.913274765,
        "mean": 2.63376045227,
        "min": 1.58952236176,
        "stdev": 1.01977002621
    },
    "melbands_flatness_db": {
        "max": 0.0844192132354,
        "mean": 0.012190378271,
        "min": 0.0027303500101,
        "stdev": 0.0175672508776
    },
    "melbands_kurtosis": {
        "max": 2.98625183105,
        "mean": -0.958520948887,
        "min": -1.41710567474,
        "stdev": 0.731401085854
    },
    "melbands_skewness": {
        "max": 0.621123790741,
        "mean": 0.0136892423034,
        "min": -0.379549890757,
        "stdev": 0.143137142062
    },
    "melbands_spread": {
        "max": 162.943511963,
        "mean": 123.132659912,
        "min": 24.9814128876,
        "stdev": 29.9970321655
    },
    "pitch_salience": {
        "max": 0.895172476768,
        "mean": 0.791892290115,
        "min": 0.754884064198,
        "stdev": 0.0130518814549
    },
    "silence_rate_20dB": {
        "max": 1,
        "mean": 1,
        "min": 1,
        "stdev": 0
    },
    "silence_rate_30dB": {
        "max": 1,
        "mean": 0.976363658905,
        "min": 0,
        "stdev": 0.151913419366
    },
    "silence_rate_60dB": {
        "max": 1,
        "mean": 0.921818196774,
        "min": 0,
        "stdev": 0.268457472324
    },
    "spectral_centroid": {
        "max": 11823.5898438,
        "mean": 10236.9570312,
        "min": 2248.54296875,
        "stdev": 2479.92602539
    },
    "spectral_complexity": {
        "max": 69,
        "mean": 3.87818193436,
        "min": 0,
        "stdev": 13.5786523819
    },
    "spectral_decrease": {
        "max": 2.2159836607e-28,
        "mean": -1.13011500158e-09,
        "min": -3.32267617864e-08,
        "stdev": 4.81600981317e-09
    },
    "spectral_energy": {
        "max": 0.156709223986,
        "mean": 0.00533034512773,
        "min": 9.91672666722e-21,
        "stdev": 0.0227151624858
    },
    "spectral_energyband_high": {
        "max": 0.0199676193297,
        "mean": 0.000525234267116,
        "min": 6.86385990464e-21,
        "stdev": 0.00230703153647
    },
    "spectral_energyband_low": {
        "max": 0.00170679227449,
        "mean": 3.84480772482e-05,
        "min": 7.96280930896e-24,
        "stdev": 0.000175984736416
    },
    "spectral_energyband_middle_high": {
        "max": 0.127685695887,
        "mean": 0.00442142598331,
        "min": 1.08550128226e-21,
        "stdev": 0.018794413656
    },
    "spectral_energyband_middle_low": {
        "max": 0.0158433690667,
        "mean": 0.000376185082132,
        "min": 1.27184030024e-22,
        "stdev": 0.00171624915674
    },
    "spectral_entropy": {
        "max": 9.8284444809,
        "mean": 9.64556884766,
        "min": 7.97424697876,
        "stdev": 0.48837390542
    },
    "spectral_flux": {
        "max": 0.26147377491,
        "mean": 0.0125377783552,
        "min": 6.2431872172e-11,
        "stdev": 0.046213272959
    },
    "spectral_kurtosis": {
        "max": 7.73409366608,
        "mean": -0.732585370541,
        "min": -1.29110729694,
        "stdev": 1.48963153362
    },
    "spectral_rms": {
        "max": 0.0123647497967,
        "mean": 0.000595269724727,
        "min": 3.11044289283e-12,
        "stdev": 0.00220136065036
    },
    "spectral_rolloff": {
        "max": 19875.1464844,
        "mean": 17347.3046875,
        "min": 2433.25195312,
        "stdev": 4477.95117188
    },
    "spectral_skewness": {
        "max": 2.65333080292,
        "mean": 0.143601074815,
        "min": -0.0895013064146,
        "stdev": 0.451670318842
    },
    "spectral_spread": {
        "max": 43290580,
        "mean": 37200224,
        "min": 3240185.75,
        "stdev": 10582417
    },
    "spectral_strongpeak": {
        "max": 7.35817480087,
        "mean": 0.201327383518,
        "min": 0,
        "stdev": 0.816257536411
    },
    "zerocrossingrate": {
        "max": 0.55859375,
        "mean": 0.465227276087,
        "min": 0.06494140625,
        "stdev": 0.108300127089
    },
    "barkbands": {
        "max": [0.00094953191001, 0.000601595733315, 0.000397457362851, 0.000813854858279, 0.00190509832464, 0.00189496763051, 0.00307081430219, 0.00297991605476, 0.00584847573191, 0.012767569162, 0.00780931860209, 0.014694406651, 0.026900973171, 0.0311714708805, 0.0272526033223, 0.0307883229107, 0.0316198319197, 0.00926743075252, 0.00742318900302, 0.00633378978819, 0.00657035782933, 0.00537857180461, 0.00306553812698, 0.00248204823583, 0.00171834125649, 0.000271792523563, 4.84784141008e-05],
        "mean": [2.10477173823e-05, 1.47459049913e-05, 5.08282619194e-06, 9.88255123957e-06, 2.67470441031e-05, 3.11557669193e-05, 4.84878655698e-05, 7.68844402046e-05, 0.000127472172608, 0.000216964355786, 0.000203018294997, 0.000358938850695, 0.000541759538464, 0.000652561197057, 0.000745179248042, 0.000698760268278, 0.000547233445104, 0.000265477807261, 0.000151899905177, 0.00013684676378, 0.000155636240379, 0.000109063650598, 8.82622334757e-05, 6.10626884736e-05, 3.01743675664e-05, 5.88642342336e-06, 9.04986805494e-08],
        "min": [1.24035361141e-25, 2.22536990831e-24, 2.08125862878e-25, 6.46296298426e-26, 2.43400547394e-24, 3.39009266372e-24, 5.90889910726e-24, 5.92062197474e-24, 8.60029096191e-24, 1.32966860087e-23, 5.13816504234e-24, 1.7003256257e-23, 1.28701497061e-23, 2.51429960229e-23, 3.70965564104e-23, 4.53831047685e-23, 4.74326821517e-23, 6.42078566328e-23, 1.02709633062e-22, 1.31323239992e-22, 1.81412474351e-22, 2.45859393704e-22, 3.6754243789e-22, 4.85553555443e-22, 7.86619833431e-22, 1.14919600696e-21, 1.89422663908e-21],
        "stdev": [0.000102366022475, 6.49736539344e-05, 3.08836097247e-05, 6.18907724856e-05, 0.000143693192513, 0.000150555279106, 0.000240787601797, 0.000351116701495, 0.000617429555859, 0.00112998951226, 0.000934637500905, 0.00164495687932, 0.00259269075468, 0.00301940040663, 0.00328973587602, 0.00319196889177, 0.00260386033915, 0.00118267245125, 0.000704533711541, 0.000609899114352, 0.000714378082193, 0.000503066228703, 0.00038414640585, 0.000275154685369, 0.000145034136949, 2.75991387753e-05, 2.06518075174e-06]
    },
    "erbbands": {
        "max": [0.0335713066161, 0.0897902920842, 0.346679717302, 1.37427890301, 4.43018960953, 5.68104696274, 12.5300159454, 19.4988651276, 22.2594718933, 95.1525726318, 75.6884918213, 127.269561768, 311.926452637, 541.79876709, 321.325469971, 652.349609375, 1165.53112793, 1272.14526367, 1409.41711426, 1303.47924805, 1567.03063965, 1599.74475098, 651.049743652, 409.413787842, 331.22467041, 317.113983154, 283.738952637, 255.362335205, 199.446136475, 141.194061279, 81.7940368652, 73.9178466797, 35.8493347168, 21.9408359528, 10.5881099701, 2.02047109604, 0.431673407555, 0.0343300029635, 0.00711961882189, 0.000887817819603],
        "mean": [0.000808348413557, 0.00213292986155, 0.00537692988291, 0.0197767093778, 0.0521241240203, 0.0947598740458, 0.174870461226, 0.289041757584, 0.539485275745, 1.17681276798, 1.84296452999, 2.8429210186, 5.13413858414, 8.09179782867, 9.6210231781, 16.0357284546, 23.1360664368, 30.5800914764, 38.9993400574, 41.0074729919, 36.4301300049, 29.4006099701, 16.4331474304, 9.84021663666, 7.00671815872, 6.53458452225, 6.54887485504, 5.5668129921, 3.76987934113, 3.56399583817, 2.34541368484, 1.47572207451, 0.899065494537, 0.389919698238, 0.193182632327, 0.0477175153792, 0.007451353129, 0.000336712488206, 2.68585972663e-05, 1.02297044577e-05],
        "min": [3.21020918482e-23, 3.88457248323e-22, 6.71722053259e-22, 3.77746688176e-21, 1.15806731708e-20, 1.45066266783e-20, 2.21443116226e-20, 3.2031231515e-20, 7.30597517891e-20, 8.55865879103e-20, 2.48840795373e-19, 2.28903364466e-19, 2.90487607306e-19, 5.28018388013e-19, 6.33826937574e-19, 9.90292357542e-19, 7.44558711044e-19, 1.42442631472e-18, 2.21454551351e-18, 2.47969763848e-18, 3.66570465127e-18, 2.98985507742e-18, 4.36614837268e-18, 4.52748002499e-18, 5.84429365753e-18, 6.72784538806e-18, 8.66874032299e-18, 9.62054562099e-18, 9.25646703746e-18, 1.00648450075e-17, 9.01476651684e-18, 9.41849352149e-18, 8.19666586587e-18, 8.01574988537e-18, 5.35737006764e-18, 3.61813763014e-18, 2.02683672583e-18, 9.25844027681e-19, 2.26662170295e-19, 2.54934544473e-20],
        "stdev": [0.00365913752466, 0.00957859773189, 0.0288462899625, 0.116077266634, 0.314867883921, 0.489125400782, 0.952090382576, 1.42842078209, 2.45832133293, 6.30991172791, 8.32800292969, 13.8461513519, 25.9188785553, 42.7014389038, 42.7006530762, 73.258354187, 108.235626221, 139.593490601, 173.624511719, 178.502761841, 163.600982666, 137.956771851, 73.4686965942, 43.7440605164, 32.0048942566, 29.423412323, 29.5837192535, 25.9724617004, 17.5674037933, 15.712141037, 10.1722860336, 6.90236234665, 4.0175819397, 1.84927880764, 0.939745187759, 0.225472047925, 0.0366528704762, 0.0020783781074, 0.000309320195811, 5.30200486537e-05]
    },
    "gfcc": {
        "mean": [-1146.38024902, 1.04792177677, -17.6104736328, 1.96208631992, -5.90752983093, 3.00697135925, -4.28482913971, 1.1946669817, -1.6326738596, 0.82392758131, -1.4416154623, 0.455502778292, -0.423655152321],
        "cov": [[141149.078125, 1542.54711914, -20773.0332031, 2342.08618164, -6975.86132812, 3561.38818359, -5044.01025391, 1418.42492676, -1913.31872559, 978.225952148, -1686.31103516, 515.19934082, -495.793945312], [1542.54711914, 55.7599143982, -216.876022339, 29.2302150726, -73.0307769775, 37.4556846619, -51.4402656555, 14.7211990356, -17.8521327972, 9.59642410278, -14.698882103, 4.06922006607, -3.63169980049], [-20773.0332031, -216.876022339, 3078.48022461, -344.575561523, 1031.39465332, -525.446166992, 746.918945312, -210.532928467, 281.818450928, -143.911178589, 247.945358276, -79.3094100952, 71.8048934937], [2342.08618164, 29.2302150726, -344.575561523, 44.4364395142, -115.859741211, 59.6854553223, -84.923538208, 23.5370864868, -31.8211479187, 15.6812725067, -28.4298782349, 7.17785644531, -8.77887630463], [-6975.86132812, -73.0307769775, 1031.39465332, -115.859741211, 348.851776123, -176.15071106, 251.076248169, -70.4943313599, 94.9336471558, -48.3243560791, 83.515586853, -26.4758052826, 23.9985599518], [3561.38818359, 37.4556846619, -525.446166992, 59.6854553223, -176.15071106, 92.5597991943, -127.19393158, 36.2612609863, -48.5927467346, 24.7794914246, -43.2386665344, 12.6777563095, -13.0148077011], [-5044.01025391, -51.4402656555, 746.918945312, -84.923538208, 251.076248169, -127.19393158, 183.928955078, -50.5149688721, 68.8542633057, -34.8285331726, 60.8012313843, -18.8526268005, 17.5563297272], [1418.42492676, 14.7211990356, -210.532928467, 23.5370864868, -70.4943313599, 36.2612609863, -50.5149688721, 16.9166049957, -17.7393035889, 9.70944023132, -16.5308876038, 5.69313812256, -4.75563001633], [-1913.31872559, -17.8521327972, 281.818450928, -31.8211479187, 94.9336471558, -48.5927467346, 68.8542633057, -17.7393035889, 29.590133667, -12.6543588638, 23.8194961548, -6.49618673325, 6.91495084763], [978.225952148, 9.59642410278, -143.911178589, 15.6812725067, -48.3243560791, 24.7794914246, -34.8285331726, 9.70944023132, -12.6543588638, 9.16937446594, -11.368481636, 3.90730214119, -4.25476074219], [-1686.31103516, -14.698882103, 247.945358276, -28.4298782349, 83.515586853, -43.2386665344, 60.8012313843, -16.5308876038, 23.8194961548, -11.368481636, 23.0081691742, -5.43482303619, 6.48457622528], [515.19934082, 4.06922006607, -79.3094100952, 7.17785644531, -26.4758052826, 12.6777563095, -18.8526268005, 5.69313812256, -6.49618673325, 3.90730214119, -5.43482303619, 4.23078346252, -0.842001736164], [-495.793945312, -3.63169980049, 71.8048934937, -8.77887630463, 23.9985599518, -13.0148077011, 17.5563297272, -4.75563001633, 6.91495084763, -4.25476074219, 6.48457622528, -0.842001736164, 3.82483696938]],
        "icov": [[0.00198245164938, -0.00486158113927, 0.00859824754298, 0.00369591428898, 0.00673230551183, -0.00288715399802, 0.00204196665436, -0.00525206653401, 0.00620370870456, -0.00778016261756, 0.00654970575124, 0.0108178509399, 0.00286268559285], [-0.00486158113927, 0.0493255071342, -0.0113063491881, -0.0449309647083, -0.00214563100599, -0.00239620939828, -0.0388221889734, 0.0429541431367, -0.0415747947991, 0.0137816984206, -0.0528732165694, 0.0166813600808, -0.05349573493], [0.00859824754298, -0.0113063491881, 0.107818484306, 0.00702514499426, -0.0420081056654, 0.0593448765576, -0.0913578420877, 0.0352438800037, -0.0102039882913, -0.0222233682871, 0.0304939839989, 0.120466195047, -0.00695864856243], [0.00369591428898, -0.0449309647083, 0.00702514499426, 0.295709043741, 0.00671044457704, -0.04792733863, 0.151662752032, -0.045935664326, 0.00302802259102, 0.0388366729021, 0.0152227701619, 0.148543447256, 0.069428242743], [0.00673230551183, -0.00214563100599, -0.0420081056654, 0.00671044457704, 0.37465775013, -0.00596346566454, -0.109571799636, 0.0520962141454, -0.0511770658195, 0.0313815586269, -0.0222584195435, 0.0612565912306, 0.0499977990985], [-0.00288715399802, -0.00239620939828, 0.0593448765576, -0.04792733863, -0.00596346566454, 0.48819860816, -0.101838715374, -0.1186876297, 0.0706334486604, -0.0571728758514, 0.1101026088, 0.0669115558267, 0.0546312443912], [0.00204196665436, -0.0388221889734, -0.0913578420877, 0.151662752032, -0.109571799636, -0.101838715374, 0.538992285728, -0.115699447691, 0.0323293246329, 0.00759041681886, -0.0522455982864, -0.0190887339413, 0.0484816171229], [-0.00525206653401, 0.0429541431367, 0.0352438800037, -0.045935664326, 0.0520962141454, -0.1186876297, -0.115699447691, 0.640288472176, -0.300363779068, 0.139377862215, -0.0674431174994, -0.0364378616214, -0.00625161174685], [0.00620370870456, -0.0415747947991, -0.0102039882913, 0.00302802259102, -0.0511770658195, 0.0706334486604, 0.0323293246329, -0.300363779068, 0.47503939271, -0.149486362934, -0.0177241470665, -0.0515870600939, -0.00363391288556], [-0.00778016261756, 0.0137816984206, -0.0222233682871, 0.0388366729021, 0.0313815586269, -0.0571728758514, 0.00759041681886, 0.139377862215, -0.149486362934, 0.640575230122, -0.089786618948, -0.201421394944, 0.348658561707], [0.00654970575124, -0.0528732165694, 0.0304939839989, 0.0152227701619, -0.0222584195435, 0.1101026088, -0.0522455982864, -0.0674431174994, -0.0177241470665, -0.089786618948, 0.518557310104, -0.0977135002613, -0.0369718633592], [0.0108178509399, 0.0166813600808, 0.120466195047, 0.148543447256, 0.0612565912306, 0.0669115558267, -0.0190887339413, -0.0364378616214, -0.0515870600939, -0.201421394944, -0.0977135002613, 0.963693320751, -0.369849175215], [0.00286268559285, -0.05349573493, -0.00695864856243, 0.069428242743, 0.0499977990985, 0.0546312443912, 0.0484816171229, -0.00625161174685, -0.00363391288556, 0.348658561707, -0.0369718633592, -0.369849175215, 0.889282166958]]
    },
    "melbands": {
        "max": [0.000275831698673, 0.000125608989038, 0.000324263819493, 0.000327758403728, 0.000412897701608, 0.000411002518376, 0.000367117201677, 0.000964954262599, 0.000666457170155, 0.000899025937542, 0.00156809110194, 0.0023079754319, 0.00112582265865, 0.00146712979767, 0.00145850179251, 0.00326059595682, 0.00227061193436, 0.00241428217851, 0.00224425457418, 0.00207135290839, 0.00183609232772, 0.00175697356462, 0.00101642170921, 0.000499886227772, 0.000320906343404, 0.000301513122395, 0.000194999913219, 0.000202705035917, 0.000159494797117, 0.000208434445085, 0.000156678361236, 0.00011090758926, 0.000106711602712, 7.55076689529e-05, 4.84909942315e-05, 5.55989499844e-05, 4.43765493401e-05, 2.98624909192e-05, 1.7490809114e-05, 1.95832908503e-05],
        "mean": [7.28665236238e-06, 2.87951525024e-06, 4.49655408374e-06, 5.06169044456e-06, 5.96570134803e-06, 6.49434559818e-06, 8.67026665219e-06, 1.38533978316e-05, 1.54218323587e-05, 1.86732177099e-05, 2.57409246842e-05, 3.23556923831e-05, 2.92832701234e-05, 4.02181067329e-05, 4.30476829933e-05, 5.62999593967e-05, 5.68014584132e-05, 6.2116443587e-05, 5.98572732997e-05, 5.01572467329e-05, 4.11965920648e-05, 3.29135218635e-05, 1.93156465684e-05, 1.19369315144e-05, 7.45159923099e-06, 5.5682612583e-06, 4.47732418252e-06, 4.23282563133e-06, 4.06160734201e-06, 3.96276027459e-06, 2.93494372272e-06, 2.02862383958e-06, 2.18819923248e-06, 1.88990816241e-06, 1.43012641729e-06, 1.02663682355e-06, 8.58286909988e-07, 7.09775633823e-07, 3.92850154185e-07, 3.07014971668e-07],
        "min": [5.15474551807e-25, 9.84265991572e-25, 9.18893285571e-25, 7.80540789254e-25, 7.81015239784e-25, 7.84068772437e-25, 1.12463984535e-24, 8.69885301834e-25, 1.82268895671e-24, 1.39040530938e-24, 1.20865077074e-24, 1.67890722382e-24, 1.2709532301e-24, 1.54172598873e-24, 2.22088345913e-24, 1.52025437818e-24, 2.41590663819e-24, 2.75619618637e-24, 2.63534821772e-24, 2.0192460758e-24, 3.00062848494e-24, 2.82215896033e-24, 2.78953009557e-24, 2.94783909646e-24, 2.95237406059e-24, 3.89051012883e-24, 3.72672012237e-24, 3.21599342853e-24, 4.4182927843e-24, 3.96484843623e-24, 4.58583658538e-24, 5.1052320717e-24, 4.27080853275e-24, 4.86993616292e-24, 4.46066329238e-24, 4.58678164074e-24, 4.79751399866e-24, 4.80874185592e-24, 5.83373446805e-24, 5.64144607253e-24],
        "stdev": [3.21941224684e-05, 1.39353860504e-05, 2.59326352534e-05, 2.69210486294e-05, 3.13073142024e-05, 3.17140584229e-05, 3.98991833208e-05, 7.08516672603e-05, 7.02434044797e-05, 9.18743317015e-05, 0.000130468397401, 0.000174886474269, 0.000132246961584, 0.000186242337804, 0.000189437705558, 0.000277055834886, 0.000262192741502, 0.000278913707007, 0.000265858339844, 0.000223858151003, 0.000185880402569, 0.000156423062435, 9.00618833839e-05, 5.48110838281e-05, 3.32690469804e-05, 2.6765430448e-05, 2.01856619242e-05, 1.91669860214e-05, 1.81764444278e-05, 1.937957677e-05, 1.38852392411e-05, 9.66519928625e-06, 1.00029101304e-05, 8.35485752759e-06, 6.20677110419e-06, 4.83639087179e-06, 4.01756324209e-06, 3.18268439514e-06, 1.80309211828e-06, 1.52967561462e-06]
    },
    "melbands128": {
        "max": [0.000536475563422, 0.000357634678949, 0.000205118616577, 0.000138105984661, 0.000151366111822, 0.000199245434487, 0.000349090696545, 0.000502445443999, 0.00053390552057, 0.000339185789926, 0.000377621559892, 0.00055953435367, 0.000573182362132, 0.000351871713065, 0.00049884186592, 0.000524718314409, 0.000515041523613, 0.000510095269419, 0.000852924713399, 0.00154460105114, 0.00073416554369, 0.00100848032162, 0.00112413242459, 0.000789665675256, 0.000861004809849, 0.00134886661544, 0.00144753139466, 0.00217576767318, 0.00152748986147, 0.0032042437233, 0.00235937233083, 0.0014000905212, 0.00170849147253, 0.00184744317085, 0.00224947719835, 0.00234882696532, 0.00257803080603, 0.00141224265099, 0.002007011557, 0.00303477654234, 0.00493466155604, 0.00332253868692, 0.00247166957706, 0.00315717910416, 0.00390429887921, 0.00265642651357, 0.00423892540857, 0.00266161351465, 0.00320296082646, 0.00195007177535, 0.00255749654025, 0.00256211566739, 0.00226893299259, 0.00170227792114, 0.00174094014801, 0.00216128421016, 0.00223719119094, 0.00128074770328, 0.0007737246342, 0.000703041849192, 0.000834156700876, 0.000538206368219, 0.000368371314835, 0.000433033623267, 0.000444940204034, 0.000266042130534, 0.000305357563775, 0.000192853520275, 0.000292367010843, 0.000357678130968, 0.00025693065254, 0.000221178255742, 0.000176366331289, 0.000184864737093, 0.000155044792336, 0.000252833298873, 0.000274895312032, 0.000170130922925, 0.00013009981194, 0.000182857969776, 0.000145988407894, 8.71434167493e-05, 0.000221066569793, 0.000113008034532, 0.000113731657621, 6.52175585856e-05, 8.13492661109e-05, 8.034829807e-05, 6.50477522868e-05, 5.6961136579e-05, 4.2327461415e-05, 8.11712816358e-05, 5.64160254726e-05, 5.4226595239e-05, 3.84790218959e-05, 3.53607319994e-05, 3.10543837259e-05, 2.70153796009e-05, 1.26854265545e-05, 1.9389699446e-05, 1.57267004397e-05, 2.07228767977e-05, 2.35484312725e-05, 1.7748627215e-05, 1.32812092488e-05, 9.95593654807e-06, 8.7597509264e-06, 4.35543779531e-06, 5.31685054739e-06, 2.41423208536e-06, 2.08748406294e-06, 2.51289452535e-06, 1.46359138853e-06, 1.11634165023e-06, 4.31790908806e-07, 2.10058146877e-07, 2.16970519773e-07, 2.17172001271e-07, 2.15044707375e-07, 2.1218689028e-07, 2.11404710626e-07, 2.09523520311e-07, 2.03773609542e-07, 2.03913842256e-07, 2.01466207272e-07, 2.00267862738e-07, 1.99221418029e-07, 1.98468782742e-07],
        "mean": [1.49360894284e-05, 8.84048040461e-06, 4.54626297142e-06, 3.36392145073e-06, 2.55544455285e-06, 2.66442634711e-06, 3.46124556927e-06, 5.66851531403e-06, 5.29717362951e-06, 4.34999537902e-06, 5.41157714906e-06, 5.95360779698e-06, 5.93649474467e-06, 6.06830235483e-06, 6.62100683257e-06, 6.29280384601e-06, 7.65021377447e-06, 8.65568108566e-06, 1.03978245534e-05, 1.37340794026e-05, 1.52181191879e-05, 1.5152620108e-05, 1.56158130267e-05, 1.56077367137e-05, 1.65111596289e-05, 2.06964341487e-05, 2.17199012695e-05, 2.70541022473e-05, 2.71137851087e-05, 3.35849435942e-05, 3.40351070918e-05, 2.99165458273e-05, 2.84283814835e-05, 2.80725635093e-05, 3.60243902833e-05, 4.64926815766e-05, 4.30248765042e-05, 4.02513869631e-05, 4.35312686022e-05, 5.1008319133e-05, 6.42432933091e-05, 5.82680258958e-05, 5.18444248883e-05, 5.56560989935e-05, 6.80712400936e-05, 5.975078966e-05, 6.14218733972e-05, 6.19740603724e-05, 5.79446023039e-05, 5.58376195841e-05, 4.78278197988e-05, 4.79709087813e-05, 4.03417288908e-05, 3.94259623135e-05, 3.98952615797e-05, 3.37434757967e-05, 2.52555291809e-05, 2.36062714976e-05, 1.67540201801e-05, 1.23946892927e-05, 1.30813068608e-05, 9.96987637336e-06, 8.08656477602e-06, 6.71670522934e-06, 6.57939426674e-06, 5.6581343415e-06, 4.87599436383e-06, 4.48225773653e-06, 4.2228325583e-06, 4.79623940919e-06, 4.15988961322e-06, 4.06774051953e-06, 4.14678061134e-06, 3.9745000322e-06, 4.0920963329e-06, 3.84514896723e-06, 4.35364199802e-06, 3.1969821066e-06, 2.95821905638e-06, 2.34740036831e-06, 1.97995109374e-06, 1.85871158465e-06, 2.10185794458e-06, 2.30319233196e-06, 2.26354995903e-06, 1.90580374237e-06, 1.78044444965e-06, 1.74877334302e-06, 1.44317994e-06, 1.19407911825e-06, 1.10016469534e-06, 9.90830358205e-07, 8.81259097696e-07, 8.44516534926e-07, 8.73958413194e-07, 7.79649553806e-07, 7.05643572019e-07, 5.61353886042e-07, 3.52745786358e-07, 3.56883219865e-07, 2.9558799497e-07, 3.05437112047e-07, 3.00765094607e-07, 2.93029359e-07, 2.28448456596e-07, 1.74316696189e-07, 1.21042290857e-07, 9.14946838293e-08, 7.85605251963e-08, 5.84418664573e-08, 4.03971078811e-08, 3.08953538308e-08, 1.820129647e-08, 1.04423802938e-08, 3.17320547616e-09, 6.34458929838e-10, 4.34894731338e-10, 4.02160083013e-10, 3.97926247508e-10, 3.92772231406e-10, 3.91478460759e-10, 3.88169552057e-10, 3.77720771327e-10, 3.77267023177e-10, 3.71405739497e-10, 3.66280616948e-10, 3.62866181547e-10, 3.61274066218e-10],
        "min": [6.41741736034e-27, 1.27100936249e-25, 4.33890569315e-26, 2.33935000462e-25, 1.33631989639e-25, 1.01419760531e-25, 2.68041524959e-25, 3.43645313166e-26, 2.42247696206e-25, 1.77135708735e-25, 2.4156722972e-25, 3.79445300159e-25, 1.82480302998e-25, 3.19528553394e-25, 3.53649203431e-25, 5.74562033197e-26, 2.86204258441e-25, 1.98143752569e-25, 2.01367518939e-25, 4.02142800554e-25, 1.83405328691e-25, 2.1472364897e-25, 7.26778094322e-25, 1.26091995477e-25, 1.92128182802e-25, 3.26457513155e-25, 3.01839851361e-25, 6.00024269198e-25, 4.48895924001e-25, 1.00650526239e-24, 5.13286498175e-25, 4.61584160016e-25, 3.17452493359e-25, 5.05981350369e-25, 3.61600181799e-25, 5.43232101871e-25, 5.3156041174e-25, 9.88597133764e-25, 7.02656157651e-25, 6.95599451727e-25, 8.95648710138e-25, 1.20217747676e-24, 6.62388654136e-25, 9.64206442043e-25, 7.26574223082e-25, 7.71893394618e-25, 4.28984926842e-25, 8.90947986611e-25, 1.08948130088e-24, 1.47502701033e-24, 8.22485065926e-25, 1.34943729738e-24, 1.09095272369e-24, 9.99467735646e-25, 1.67105648009e-24, 1.54397325623e-24, 1.25707854729e-24, 1.53125178945e-24, 1.32744927877e-24, 8.86141851546e-25, 1.56246829737e-24, 9.33476759911e-25, 1.76682281348e-24, 2.02168917803e-24, 1.4879685693e-24, 2.16811891976e-24, 1.8837108976e-24, 2.3321444012e-24, 2.14332383822e-24, 1.97585537336e-24, 1.31180143385e-24, 1.73112468815e-24, 1.97785020537e-24, 2.60138361423e-24, 2.43801466228e-24, 2.49982171699e-24, 1.67008815333e-24, 2.36140581597e-24, 2.44204633315e-24, 1.74455248126e-24, 2.24362454409e-24, 3.24744472117e-24, 2.40602871915e-24, 2.66712136561e-24, 3.21572284923e-24, 3.40435329674e-24, 2.54420598974e-24, 2.88510887727e-24, 2.42767427353e-24, 2.23975360363e-24, 2.78629596307e-24, 3.01398370285e-24, 3.07132876307e-24, 3.34446889327e-24, 3.52120962921e-24, 3.57396194124e-24, 3.87382927055e-24, 3.39345360561e-24, 3.61525249874e-24, 3.0177106762e-24, 3.23403763566e-24, 3.37959647495e-24, 4.15766102982e-24, 4.12602889081e-24, 3.75476018324e-24, 3.38053245841e-24, 3.70214789403e-24, 4.46700573406e-24, 3.76618210029e-24, 4.09842112571e-24, 5.12958775772e-24, 3.79865713717e-24, 4.19850272547e-24, 4.02911772304e-24, 4.1333144157e-24, 3.69610758608e-24, 4.64330155245e-24, 3.99997996221e-24, 4.55902990852e-24, 4.80567831459e-24, 4.97155761916e-24, 4.28294910208e-24, 4.62774718755e-24, 4.10902736059e-24, 5.23173459533e-24, 4.5590283308e-24, 4.65994099552e-24, 5.55959228728e-24],
        "stdev": [6.82625395712e-05, 4.05489881814e-05, 2.09783829632e-05, 1.52282127601e-05, 1.29652753458e-05, 1.66711142811e-05, 2.22239559662e-05, 3.73486327589e-05, 3.5736735299e-05, 2.4961969757e-05, 2.96397793136e-05, 3.66242093151e-05, 3.93250193156e-05, 3.21042716678e-05, 3.53388386429e-05, 3.45616645063e-05, 4.06834151363e-05, 4.06854560424e-05, 6.0426104028e-05, 8.67623530212e-05, 7.7037831943e-05, 7.58852838771e-05, 8.08003969723e-05, 8.04871451692e-05, 8.58931744006e-05, 0.000111369103251, 0.000120047938253, 0.000153113942361, 0.000144046542118, 0.000203306975891, 0.000199471251108, 0.000147353828652, 0.000140651856782, 0.000141929660458, 0.00017775647575, 0.000238646578509, 0.000224113740842, 0.000179669164936, 0.000199048648938, 0.000265160866547, 0.000364679581253, 0.000302677217405, 0.000251198478509, 0.000280158303212, 0.000337404577294, 0.000277096842183, 0.000316162972013, 0.000291082804324, 0.0002942357969, 0.000249300006544, 0.000228649878409, 0.000245103554334, 0.00019769341452, 0.000186827877769, 0.00019079989579, 0.00017154244415, 0.000136449714773, 0.000117691379273, 8.10799465398e-05, 5.75587764615e-05, 6.83377656969e-05, 4.98133231304e-05, 3.62748542102e-05, 3.35162003466e-05, 3.46155175066e-05, 2.7741836675e-05, 2.45010305662e-05, 2.10043817788e-05, 2.0742900233e-05, 2.54260412476e-05, 2.05477990676e-05, 1.91260915017e-05, 1.94295153051e-05, 1.88030498975e-05, 1.92122279259e-05, 1.97999197553e-05, 2.33912960539e-05, 1.53653963935e-05, 1.40536285471e-05, 1.29891313918e-05, 9.85465430858e-06, 8.60953787196e-06, 1.2614199477e-05, 1.05202498162e-05, 1.04035334516e-05, 8.36323033582e-06, 8.44282203616e-06, 8.28398515296e-06, 6.54305540593e-06, 5.35769640919e-06, 4.8784286264e-06, 5.4889042076e-06, 4.56142743133e-06, 4.11938663092e-06, 4.10869279222e-06, 3.67997176909e-06, 3.30660509462e-06, 2.77791286862e-06, 1.5917306655e-06, 1.75094896804e-06, 1.44250600442e-06, 1.62022195127e-06, 1.62879393883e-06, 1.48907497532e-06, 1.18969194318e-06, 8.52686753205e-07, 6.5458135623e-07, 4.35087400774e-07, 4.17583180479e-07, 2.65928065346e-07, 1.91629098367e-07, 1.72208430627e-07, 1.07494436463e-07, 7.09411906996e-08, 2.78473795134e-08, 9.21870135784e-09, 9.24753784659e-09, 9.25154530762e-09, 9.16093068071e-09, 9.03918273565e-09, 9.00585561681e-09, 8.92571261346e-09, 8.6807574462e-09, 8.68675620325e-09, 8.58253468294e-09, 8.53159409786e-09, 8.48707681911e-09, 8.45502245994e-09]
    },
    "mfcc": {
        "mean": [-1202.77307129, 4.0185303688, -5.49591207504, -1.12343764305, -0.0897876545787, 0.861905097961, -0.840707242489, 0.30193567276, 0.246536925435, 0.309680938721, -0.111950643361, 0.389204502106, 0.119565762579],
        "cov": [[40543.125, 2558.63793945, -3502.87792969, -723.09552002, -61.9250411987, 554.247070312, -523.699768066, 184.444778442, 153.800888062, 204.904342651, -66.0860366821, 248.827331543, 61.6156425476], [2558.63793945, 169.951812744, -225.989654541, -46.0868759155, -4.27768135071, 35.891582489, -33.8265304565, 12.0926628113, 9.39674186707, 12.4209117889, -5.17360448837, 15.4345397949, 4.70394134521], [-3502.87792969, -225.989654541, 312.950134277, 64.4267501831, 4.87733888626, -47.7252235413, 46.8946762085, -17.1299285889, -13.8774738312, -17.0723686218, 6.09782457352, -23.225818634, -7.30670309067], [-723.09552002, -46.0868759155, 64.4267501831, 16.7806053162, 1.93384790421, -9.75486755371, 9.42498397827, -3.81202960014, -3.32047557831, -3.51505565643, 1.50206398964, -5.21831321716, -1.82038593292], [-61.9250411987, -4.27768135071, 4.87733888626, 1.93384790421, 2.44324874878, -0.73052328825, 0.282976001501, -0.125698104501, -0.250514447689, -0.151302054524, 0.224933668971, -0.550488173962, -0.34758913517], [554.247070312, 35.891582489, -47.7252235413, -9.75486755371, -0.73052328825, 10.6041460037, -6.52488136292, 1.82736885548, 2.16165041924, 3.10906004906, -0.74653506279, 2.71458673477, 0.818632125854], [-523.699768066, -33.8265304565, 46.8946762085, 9.42498397827, 0.282976001501, -6.52488136292, 9.95749855042, -2.62100934982, -2.55746197701, -2.78738427162, 0.595238566399, -3.67485451698, -1.01912820339], [184.444778442, 12.0926628113, -17.1299285889, -3.81202960014, -0.125698104501, 1.82736885548, -2.62100934982, 3.34168934822, 1.45740664005, 1.34090101719, -0.630892276764, 1.36792099476, 0.288150936365], [153.800888062, 9.39674186707, -13.8774738312, -3.32047557831, -0.250514447689, 2.16165041924, -2.55746197701, 1.45740664005, 2.66710734367, 1.08052110672, 0.019724894315, 1.00622320175, 0.229141041636], [204.904342651, 12.4209117889, -17.0723686218, -3.51505565643, -0.151302054524, 3.10906004906, -2.78738427162, 1.34090101719, 1.08052110672, 2.81497597694, 0.0781558007002, 1.32263255119, 0.310128837824], [-66.0860366821, -5.17360448837, 6.09782457352, 1.50206398964, 0.224933668971, -0.74653506279, 0.595238566399, -0.630892276764, 0.019724894315, 0.0781558007002, 2.44467067719, 0.495479077101, -0.253620684147], [248.827331543, 15.4345397949, -23.225818634, -5.21831321716, -0.550488173962, 2.71458673477, -3.67485451698, 1.36792099476, 1.00622320175, 1.32263255119, 0.495479077101, 3.89794564247, 0.897228717804], [61.6156425476, 4.70394134521, -7.30670309067, -1.82038593292, -0.34758913517, 0.818632125854, -1.01912820339, 0.288150936365, 0.229141041636, 0.310128837824, -0.253620684147, 0.897228717804, 1.99772155285]],
        "icov": [[0.0011766217649, -0.00242494395934, 0.010943684727, 0.00204726052471, 0.00378524838015, -0.00203612493351, 0.000152287684614, 0.00399207603186, 0.00147050246596, -0.00860377494246, -0.000965840183198, 0.0030389376916, 0.0119860153645], [-0.00242494395934, 0.214034423232, 0.12071878463, -0.0312246065587, 0.0918751209974, -0.0795158445835, 0.0487015023828, -0.0397853627801, 0.0789286121726, 0.0148265175521, 0.0358473919332, 0.0781953111291, 0.0211238432676], [0.010943684727, 0.12071878463, 0.246778935194, -0.0535023659468, 0.108640953898, 0.0153248952702, -0.0416992269456, 0.0588102824986, 0.0520095638931, -0.0867776423693, -0.0238978695124, 0.151095286012, 0.151537537575], [0.00204726052471, -0.0312246065587, -0.0535023659468, 0.35717767477, -0.125634044409, 0.0331949070096, 0.00940226204693, 0.0311690960079, 0.0790828317404, -0.0161894503981, -0.083915270865, 0.0947194397449, 0.0452515631914], [0.00378524838015, 0.0918751209974, 0.108640953898, -0.125634044409, 0.552337884903, -0.0610071904957, 0.0937945991755, -0.0568648651242, 0.0657940432429, -0.0331447049975, -0.01007529255, 0.0778019949794, 0.0883226320148], [-0.00203612493351, -0.0795158445835, 0.0153248952702, 0.0331949070096, -0.0610071904957, 0.471369773149, -0.125829264522, 0.174132227898, -0.084901496768, -0.128844559193, -0.0803417190909, 0.139812603593, -3.38478025697e-06], [0.000152287684614, 0.0487015023828, -0.0416992269456, 0.00940226204693, 0.0937945991755, -0.125829264522, 0.411757558584, -0.0749351531267, 0.128804251552, 0.0610833093524, 0.031368650496, 0.0198245104402, -0.00375108630396], [0.00399207603186, -0.0397853627801, 0.0588102824986, 0.0311690960079, -0.0568648651242, 0.174132227898, -0.0749351531267, 0.598354697227, -0.209624752402, -0.192161142826, 0.112392164767, -0.0308275241405, 0.0902601182461], [0.00147050246596, 0.0789286121726, 0.0520095638931, 0.0790828317404, 0.0657940432429, -0.084901496768, 0.128804251552, -0.209624752402, 0.657638192177, -0.0249456726015, -0.113863199949, 0.118080161512, 0.0342208333313], [-0.00860377494246, 0.0148265175521, -0.0867776423693, -0.0161894503981, -0.0331447049975, -0.128844559193, 0.0610833093524, -0.192161142826, -0.0249456726015, 0.701428294182, -0.101217955351, -0.0339650958776, -0.0994034260511], [-0.000965840183198, 0.0358473919332, -0.0238978695124, -0.083915270865, -0.01007529255, -0.0803417190909, 0.031368650496, 0.112392164767, -0.113863199949, -0.101217955351, 0.644782364368, -0.324425131083, 0.0688084214926], [0.0030389376916, 0.0781953111291, 0.151095286012, 0.0947194397449, 0.0778019949794, 0.139812603593, 0.0198245104402, -0.0308275241405, 0.118080161512, -0.0339650958776, -0.324425131083, 0.758880078793, -0.0583947859704], [0.0119860153645, 0.0211238432676, 0.151537537575, 0.0452515631914, 0.0883226320148, -3.38478025697e-06, -0.00375108630396, 0.0902601182461, 0.0342208333313, -0.0994034260511, 0.0688084214926, -0.0583947859704, 0.723537445068]]
    },
    "spectral_contrast_coeffs": {
        "max": [-0.602375566959, -0.776007890701, -0.733173370361, -0.72275364399, -0.719814836979, -0.681249320507],
        "mean": [-0.944649994373, -0.952639579773, -0.947853982449, -0.947028458118, -0.944021880627, -0.939956486225],
        "min": [-0.982789099216, -0.982869386673, -0.980537235737, -0.974589645863, -0.970431387424, -0.966096878052],
        "stdev": [0.0608363635838, 0.0364828407764, 0.043781299144, 0.0477592498064, 0.0519367009401, 0.0635058358312]
    },
    "spectral_contrast_valleys": {
        "max": [-6.73833703995, -5.30627584457, -4.73038101196, -4.58343267441, -5.16945934296, -7.65102386475],
        "mean": [-25.4629096985, -25.3309669495, -25.3217372894, -25.2579746246, -25.3221607208, -25.5735378265],
        "min": [-28.0502624512, -28.1603412628, -27.911863327, -27.6602420807, -27.5828227997, -27.4906921387],
        "stdev": [5.49824714661, 5.94628763199, 6.05207920074, 6.16517162323, 6.03189706802, 5.27324056625]
    }
},
"rhythm": {
    "beats_count": 25,
    "beats_loudness": {
        "max": 0.0372334755957,
        "mean": 0.00162061757874,
        "min": 0,
        "stdev": 0.00743319746107
    },
    "bpm": 113.345802307,
    "bpm_histogram_first_peak_bpm": 112,
    "bpm_histogram_first_peak_weight": 0.400000035763,
    "bpm_histogram_second_peak_bpm": 123,
    "bpm_histogram_second_peak_spread": 0.333333313465,
    "bpm_histogram_second_peak_weight": 0.25,
    "danceability": 1.1106313467,
    "onset_rate": 0.235121414065,
    "beats_loudness_band_ratio": {
        "max": [0.0175288952887, 0.0166754312813, 0.0649776682258, 0.36292886734, 0.564858794212, 0.199843361974],
        "mean": [0.00121111434419, 0.00113031698857, 0.00453259376809, 0.0269591007382, 0.037904176861, 0.0122746815905],
        "min": [0, 0, 0, 0, 0, 0],
        "stdev": [0.00410883687437, 0.0038549490273, 0.015340404585, 0.090134434402, 0.129662960768, 0.0434447526932]
    },
    "beats_position": [0.49922901392, 1.02167797089, 1.54412698746, 2.0549659729, 2.56580495834, 3.05342388153, 3.54104304314, 4.02866220474, 4.51628112793, 5.00390005112, 5.4915189743, 5.9675283432, 6.44353723526, 6.91954612732, 7.4303855896, 7.94122457504, 8.45206356049, 8.98612213135, 9.52018165588, 10.0542402267, 10.5882987976, 11.1223583221, 11.656416893, 12.1788663864, 12.7013149261],
    "bpm_histogram": [0, 0, 0, 0, 0, 0, 0, 0, 0, 0, 0, 0, 0, 0, 0, 0, 0, 0, 0, 0, 0, 0, 0, 0, 0, 0, 0, 0, 0, 0, 0, 0, 0, 0, 0, 0, 0, 0, 0, 0, 0, 0, 0, 0, 0, 0, 0, 0, 0, 0, 0, 0, 0, 0, 0, 0, 0, 0, 0, 0, 0, 0, 0, 0, 0, 0, 0, 0, 0, 0, 0, 0, 0, 0, 0, 0, 0, 0, 0, 0, 0, 0, 0, 0, 0, 0, 0, 0, 0, 0, 0, 0, 0, 0, 0, 0, 0, 0, 0, 0, 0, 0, 0, 0, 0, 0, 0, 0, 0, 0, 0, 0, 0.25, 0, 0, 0.166666671634, 0, 0.208333328366, 0, 0, 0, 0, 0, 0.25, 0, 0, 0.125, 0, 0, 0, 0, 0, 0, 0, 0, 0, 0, 0, 0, 0, 0, 0, 0, 0, 0, 0, 0, 0, 0, 0, 0, 0, 0, 0, 0, 0, 0, 0, 0, 0, 0, 0, 0, 0, 0, 0, 0, 0, 0, 0, 0, 0, 0, 0, 0, 0, 0, 0, 0, 0, 0, 0, 0, 0, 0, 0, 0, 0, 0, 0, 0, 0, 0, 0, 0, 0, 0, 0, 0, 0, 0, 0, 0, 0, 0, 0, 0, 0, 0, 0, 0, 0, 0, 0, 0, 0, 0, 0, 0, 0, 0, 0, 0, 0, 0, 0, 0, 0, 0, 0, 0, 0, 0, 0, 0, 0, 0, 0, 0, 0, 0, 0, 0, 0, 0, 0, 0, 0, 0, 0]
},
"tonal": {
    "chords_changes_rate": 0.0108695654199,
    "chords_number_rate": 0.00724637694657,
    "chords_strength": {
        "max": 0.617862701416,
