{
"metadata": {
    "version": {
        "essentia": "2.1-beta5",
        "essentia_git_sha": "Undefined",
        "extractor": "music 2.0"
    },
    "audio_properties": {
        "analysis": {
            "equal_loudness": 0,
            "length": 28.7463035583,
            "sample_rate": 44100,
            "start_time": 175.240997314,
            "downmix": "mix"
        },
        "bit_rate": 192000,
        "length": 204.010543823,
        "lossless": 0,
        "number_channels": 2,
        "replay_gain": -0.874975204468,
        "sample_rate": 48000,
        "codec": "mp3",
        "md5_encoded": "2b34e5aa18eb0b949e3393e42d77695a"
    },
    "tags": {
        "file_name": "Norway_Alle Mine Tankar_Silje Vige.mp3",
        "encoding": ["Lavf58.29.100"]
    }
},
"lowlevel": {
    "average_loudness": 0.536706626415,
    "barkbands_crest": {
        "max": 21.931022644,
        "mean": 7.34867143631,
        "min": 2.532310009,
        "stdev": 2.55526590347
    },
    "barkbands_flatness_db": {
        "max": 0.214053720236,
        "mean": 0.108554497361,
        "min": 0.053978767246,
        "stdev": 0.0354258455336
    },
    "barkbands_kurtosis": {
        "max": 21.1526451111,
        "mean": 2.06789445877,
        "min": -1.74306178093,
        "stdev": 2.22179174423
    },
    "barkbands_skewness": {
        "max": 3.9299633503,
        "mean": -0.0755536928773,
        "min": -2.173579216,
        "stdev": 1.48433613777
    },
    "barkbands_spread": {
        "max": 79.3287582397,
        "mean": 23.3842411041,
        "min": 5.95171403885,
        "stdev": 10.975903511
    },
    "dissonance": {
        "max": 0.499999910593,
        "mean": 0.477132499218,
        "min": 0.323427826166,
        "stdev": 0.0247493907809
    },
    "dynamic_complexity": 4.43435335159,
    "erbbands_crest": {
        "max": 21.5468864441,
        "mean": 6.51529216766,
        "min": 2.38192605972,
        "stdev": 3.3961315155
    },
    "erbbands_flatness_db": {
        "max": 0.264473348856,
        "mean": 0.150618776679,
        "min": 0.0816023051739,
        "stdev": 0.0454654768109
    },
    "erbbands_kurtosis": {
        "max": 6.46158790588,
        "mean": 0.0997888743877,
        "min": -1.69961869717,
        "stdev": 0.893743336201
    },
    "erbbands_skewness": {
        "max": 2.49337816238,
        "mean": -0.0612237341702,
        "min": -2.57552814484,
        "stdev": 0.634625852108
    },
    "erbbands_spread": {
        "max": 100.393554688,
        "mean": 33.0776863098,
        "min": 10.9712219238,
        "stdev": 11.248922348
    },
    "hfc": {
        "max": 339.647918701,
        "mean": 20.3691959381,
        "min": 1.04951941584e-16,
        "stdev": 36.4015045166
    },
    "loudness_ebu128": {
        "integrated": -21.8777542114,
        "loudness_range": 8.23637008667,
        "momentary": {
            "max": -18.7105083466,
            "mean": -116.956825256,
            "min": -300.691009521,
            "stdev": 129.714202881
        },
        "short_term": {
            "max": -20.0191307068,
            "mean": -99.4368057251,
            "min": -300.691009521,
            "stdev": 121.258834839
        }
    },
    "melbands_crest": {
        "max": 27.693239212,
        "mean": 7.97260808945,
        "min": 1.60903251171,
        "stdev": 5.31430578232
    },
    "melbands_flatness_db": {
        "max": 0.296243697405,
        "mean": 0.100018776953,
        "min": 0.00245317304507,
        "stdev": 0.0821548253298
    },
    "melbands_kurtosis": {
        "max": 47.0453872681,
        "mean": 3.09878206253,
        "min": -1.59161186218,
        "stdev": 6.06838750839
    },
    "melbands_skewness": {
        "max": 5.92755794525,
        "mean": 1.08479213715,
        "min": -0.380264222622,
        "stdev": 1.21144866943
    },
    "melbands_spread": {
        "max": 193.790664673,
        "mean": 66.4403457642,
        "min": 5.33226490021,
        "stdev": 53.7721939087
    },
    "pitch_salience": {
        "max": 0.965017020702,
        "mean": 0.675172686577,
        "min": 0.262422770262,
        "stdev": 0.119547612965
    },
    "silence_rate_20dB": {
        "max": 1,
        "mean": 1,
        "min": 1,
        "stdev": 0
    },
    "silence_rate_30dB": {
        "max": 1,
        "mean": 1,
        "min": 1,
        "stdev": 0
    },
    "silence_rate_60dB": {
        "max": 1,
        "mean": 0.406779646873,
        "min": 0,
        "stdev": 0.49123197794
    },
    "spectral_centroid": {
        "max": 11788.0097656,
        "mean": 4872.78027344,
        "min": 547.096679688,
        "stdev": 4453.81298828
    },
    "spectral_complexity": {
        "max": 55,
        "mean": 14.745762825,
        "min": 0,
        "stdev": 14.6944923401
    },
    "spectral_decrease": {
        "max": 2.04395020916e-28,
        "mean": -4.04785538421e-09,
        "min": -1.99439345039e-08,
        "stdev": 4.44284875556e-09
    },
    "spectral_energy": {
        "max": 0.0804055705667,
        "mean": 0.0171251166612,
        "min": 9.79117939104e-21,
        "stdev": 0.0185864660889
    },
    "spectral_energyband_high": {
        "max": 0.041190341115,
        "mean": 0.00117023277562,
        "min": 6.88256113351e-21,
        "stdev": 0.0041528926231
    },
    "spectral_energyband_low": {
        "max": 0.050343606621,
        "mean": 0.00283836619928,
        "min": 7.32975710999e-24,
        "stdev": 0.00589108839631
    },
    "spectral_energyband_middle_high": {
        "max": 0.0344764739275,
        "mean": 0.00581816164777,
        "min": 1.11703794701e-21,
        "stdev": 0.00718630990013
    },
    "spectral_energyband_middle_low": {
        "max": 0.0677498504519,
        "mean": 0.00806345045567,
        "min": 1.63057877275e-22,
        "stdev": 0.0111295245588
    },
    "spectral_entropy": {
        "max": 9.8286075592,
        "mean": 8.41106319427,
        "min": 6.78915309906,
        "stdev": 1.04046165943
    },
    "spectral_flux": {
        "max": 0.213850840926,
        "mean": 0.0491475947201,
        "min": 6.16652770513e-11,
        "stdev": 0.0451025478542
    },
    "spectral_kurtosis": {
        "max": 9.401679039,
        "mean": 2.05758833885,
        "min": -1.27213037014,
        "stdev": 2.66105604172
    },
    "spectral_rms": {
        "max": 0.00885688792914,
        "mean": 0.00305964727886,
        "min": 3.09069089766e-12,
        "stdev": 0.00271036243066
    },
    "spectral_rolloff": {
        "max": 19724.4140625,
        "mean": 7921.33837891,
        "min": 150.732421875,
        "stdev": 8047.19042969
    },
    "spectral_skewness": {
        "max": 2.30986523628,
        "mean": 0.932579159737,
        "min": -0.110912136734,
        "stdev": 0.720628917217
    },
    "spectral_spread": {
        "max": 43307324,
        "mean": 16601772,
        "min": 2811128.25,
        "stdev": 17247864
    },
    "spectral_strongpeak": {
        "max": 15.0144557953,
        "mean": 0.81348335743,
        "min": 0,
        "stdev": 1.20867908001
    },
    "zerocrossingrate": {
        "max": 0.87109375,
        "mean": 0.230010032654,
        "min": 0.02001953125,
        "stdev": 0.215180948377
    },
    "barkbands": {
        "max": [0.00208910228685, 0.0398567803204, 0.0249470286071, 0.00876280479133, 0.0250170826912, 0.0503458939493, 0.0275524705648, 0.0154680004343, 0.0153515581042, 0.0263996999711, 0.00920916441828, 0.0122416689992, 0.00830316357315, 0.0102655766532, 0.0100112371147, 0.0125227151439, 0.00514746131375, 0.00531525583938, 0.00691643590108, 0.00445498153567, 0.00676089338958, 0.0168266743422, 0.0109636643901, 0.0217649377882, 0.00867988821119, 0.00435526063666, 7.32436205908e-07],
        "mean": [8.60777072376e-05, 0.00150955561548, 0.0010265444871, 0.0005126275355, 0.0017075240612, 0.00228757993318, 0.00156585674267, 0.000363580969861, 0.000715016853064, 0.00166650291067, 0.000629778951406, 0.000672079215292, 0.000376559852157, 0.000638291588984, 0.000585184374359, 0.000547651492525, 0.000463113188744, 0.000228403572692, 0.000278746592812, 0.000241243062192, 0.000267062627245, 0.000237894579186, 0.000161884454428, 0.000241726855165, 7.65326258261e-05, 3.80894234695e-05, 1.9340802293e-09],
        "min": [3.87249106664e-25, 1.67650119806e-24, 5.81271073328e-25, 7.84548744994e-25, 4.92326907657e-24, 6.03351309787e-24, 3.05423513333e-24, 2.04653376059e-24, 9.6736261536e-24, 1.37780710212e-23, 1.10215796036e-23, 1.5853568796e-23, 2.01964610717e-23, 2.85276210917e-23, 3.67481638802e-23, 5.5733969587e-23, 5.1414388151e-23, 6.54154575283e-23, 7.49401514762e-23, 1.4650847163e-22, 1.79624107746e-22, 2.66007860478e-22, 3.39329742693e-22, 4.80034305897e-22, 7.88536980001e-22, 1.24535514732e-21, 1.82406249765e-21],
        "stdev": [0.000200978087378, 0.00367580563761, 0.00216153031215, 0.0010420527542, 0.0030775659252, 0.00553542980924, 0.00333578349091, 0.000883954460733, 0.00159967760555, 0.0032511621248, 0.00130059244111, 0.00140597345307, 0.000819500593934, 0.00108890701085, 0.000991363311186, 0.00105607975274, 0.000709619314875, 0.000474877597298, 0.000573201803491, 0.000402605975978, 0.000633664720226, 0.00121093529742, 0.000793915125541, 0.00154430989642, 0.000499756832141, 0.000282258872176, 2.43971527425e-08]
    },
    "erbbands": {
        "max": [0.70084887743, 10.4018220901, 30.0788230896, 18.4402732849, 53.9441337585, 98.8226013184, 175.249679565, 645.073913574, 560.860412598, 158.988204956, 546.461425781, 324.880218506, 848.485229492, 382.189147949, 438.644683838, 618.049133301, 394.704681396, 539.221496582, 429.92791748, 480.07989502, 467.299591064, 298.489868164, 328.554138184, 491.871856689, 261.172912598, 209.024215698, 268.5, 356.221099854, 602.973327637, 429.018951416, 389.662506104, 625.414978027, 349.797271729, 148.17199707, 44.4340858459, 18.6439418793, 8.55990505219, 0.847534000874, 0.014780163765, 0.000789289595559],
        "mean": [0.0280877817422, 0.383500128984, 1.19415426254, 1.52264225483, 3.56707429886, 5.18031692505, 6.88185548782, 23.021068573, 34.3512153625, 9.62298774719, 6.05441570282, 18.4387226105, 55.6011543274, 28.5955524445, 24.1070728302, 30.6068630219, 19.2874031067, 31.5956039429, 29.1426639557, 34.668056488, 27.2315998077, 22.6185321808, 15.183842659, 15.280166626, 10.7588720322, 11.0614852905, 12.2703819275, 9.20374965668, 9.03955554962, 5.36434316635, 5.03464174271, 5.1357922554, 3.62209749222, 1.15566718578, 0.47149425745, 0.211931794882, 0.062718629837, 0.00419281050563, 9.87617313513e-05, 2.79693540506e-05],
        "min": [3.76339347699e-23, 5.38021514664e-22, 1.11006769827e-21, 2.80258848563e-21, 9.17858913955e-21, 2.20240893216e-20, 3.82046710657e-20, 6.6023423919e-20, 6.2478450931e-20, 5.20686252601e-20, 1.23683056643e-19, 2.26251992109e-19, 4.06094679909e-19, 5.39825253884e-19, 8.15453156021e-19, 9.10508512715e-19, 9.75413653069e-19, 1.21752300771e-18, 1.90959959043e-18, 2.55997138103e-18, 3.15427087265e-18, 3.26395998495e-18, 4.96454985295e-18, 5.43256119891e-18, 5.94080454191e-18, 7.09784658478e-18, 7.13060128267e-18, 7.54117486126e-18, 9.39081357665e-18, 9.9076136895e-18, 9.89762631078e-18, 1.07271428814e-17, 8.7973859334e-18, 8.09488211867e-18, 5.83504660546e-18, 3.8384741435e-18, 2.21380684123e-18, 8.88810221079e-19, 2.34835128338e-19, 2.55228225902e-20],
        "stdev": [0.0707465261221, 0.932741880417, 2.53566336632, 2.97869801521, 6.52830028534, 10.587761879, 14.7742462158, 56.1172790527, 75.5467147827, 16.2624797821, 19.5507297516, 39.5696144104, 109.172691345, 52.8950119019, 48.7146453857, 67.1285171509, 36.1080627441, 54.6682052612, 53.9860496521, 51.7905883789, 45.3614006042, 36.1267585754, 30.07305336, 37.2087631226, 17.8433856964, 18.6341056824, 26.0607872009, 27.0971984863, 46.6052322388, 23.8140449524, 25.88240242, 34.0124359131, 22.9179210663, 7.83411836624, 2.99910759926, 1.44473004341, 0.50005787611, 0.039884917438, 0.000749284226913, 5.70720949327e-05]
    },
    "gfcc": {
        "mean": [-441.169494629, 50.3768081665, -99.8700866699, 21.4491996765, -44.1780319214, 12.355843544, -27.9391670227, 6.21023321152, -15.2476434708, 2.94487214088, -10.8374481201, 0.171422317624, 0.108861483634],
        "cov": [[367923.09375, 24274.59375, -42713.53125, 9702.37792969, -19353.5566406, 5211.30322266, -12295.9462891, 2481.13037109, -6748.93310547, 1227.66491699, -4766.41552734, -89.6726913452, 95.8058166504], [24274.59375, 2730.73535156, -2312.08300781, 833.468688965, -1103.1463623, 97.9699249268, -812.041015625, 39.9636650085, -458.056396484, 66.7540893555, -281.974578857, -150.074584961, 26.9565696716], [-42713.53125, -2312.08300781, 5882.53808594, -905.791381836, 2318.73486328, -776.829650879, 1389.24731445, -410.561950684, 759.47454834, -122.461074829, 560.54107666, -47.390171051, -14.0011329651], [9702.37792969, 833.468688965, -905.791381836, 488.289276123, -421.504394531, 92.6282119751, -313.098937988, 42.9611129761, -158.521575928, 17.9582633972, -149.505493164, -64.7862167358, -31.6336021423], [-19353.5566406, -1103.1463623, 2318.73486328, -421.504394531, 1144.57763672, -264.375946045, 676.141784668, -129.739379883, 372.115112305, -70.2489624023, 237.212799072, -40.0740127563, -33.20703125], [5211.30322266, 97.9699249268, -776.829650879, 92.6282119751, -264.375946045, 222.710998535, -129.026168823, 72.2511062622, -79.7848129272, 13.4728832245, -78.5099029541, 22.2266120911, -11.2382583618], [-12295.9462891, -812.041015625, 1389.24731445, -313.098937988, 676.141784668, -129.026168823, 484.882110596, -62.0656738281, 235.797454834, -43.4513015747, 160.112838745, -4.03880834579, -8.78609848022], [2481.13037109, 39.9636650085, -410.561950684, 42.9611129761, -129.739379883, 72.2511062622, -62.0656738281, 80.6003189087, -30.6392707825, 4.69000768661, -39.4981231689, 6.90827894211, -6.16795682907], [-6748.93310547, -458.056396484, 759.47454834, -158.521575928, 372.115112305, -79.7848129272, 235.797454834, -30.6392707825, 165.951416016, -16.5258178711, 77.3089370728, -4.18253850937, -16.0003032684], [1227.66491699, 66.7540893555, -122.461074829, 17.9582633972, -70.2489624023, 13.4728832245, -43.4513015747, 4.69000768661, -16.5258178711, 44.972038269, 0.289607584476, 9.33321285248, -2.21135807037], [-4766.41552734, -281.974578857, 560.54107666, -149.505493164, 237.212799072, -78.5099029541, 160.112838745, -39.4981231689, 77.3089370728, 0.289607584476, 102.192840576, 17.0099716187, 12.6613645554], [-89.6726913452, -150.074584961, -47.390171051, -64.7862167358, -40.0740127563, 22.2266120911, -4.03880834579, 6.90827894211, -4.18253850937, 9.33321285248, 17.0099716187, 55.843006134, 18.7313308716], [95.8058166504, 26.9565696716, -14.0011329651, -31.6336021423, -33.20703125, -11.2382583618, -8.78609848022, -6.16795682907, -16.0003032684, -2.21135807037, 12.6613645554, 18.7313308716, 42.3222923279]],
        "icov": [[0.000382399273803, -0.00112730707042, 0.000365690939361, -0.00113242736552, 0.00202987762168, -0.00178453570697, 0.00109999673441, -0.00132199912332, 0.00160100345965, -0.00148125004489, 0.00166400847957, -0.00147117825691, 0.000962633173913], [-0.00112730707042, 0.00510531384498, -0.000577061669901, 0.00190793257207, -0.00616046227515, 0.00630002375692, -0.00238570873626, 0.00531573500484, -0.00335161248222, 0.00321282679215, -0.00584153179079, 0.00873236823827, -0.00556246703491], [0.000365690939361, -0.000577061669901, 0.00218325806782, -0.0018241686048, 7.15257338015e-05, 0.000738283910323, -5.59413565497e-05, 0.00197694916278, 0.00134855962824, -0.0019576093182, 0.00132507656235, -0.00176771706901, 0.000220700880163], [-0.00113242736552, 0.00190793257207, -0.0018241686048, 0.0099940886721, -0.00521574215963, 0.00390599342063, -0.00198756111786, 0.00268157594837, -0.00458632176742, 0.00463983602822, -0.00144278374501, 0.00650013284758, 0.00120111345313], [0.00202987762168, -0.00616046227515, 7.15257338015e-05, -0.00521574215963, 0.0220555663109, -0.0102597801015, 0.000185407014214, -0.00692951586097, 0.00244111800566, -0.00375154148787, 0.00500732613727, -0.00235073198564, 0.00933268945664], [-0.00178453570697, 0.00630002375692, 0.000738283910323, 0.00390599342063, -0.0102597801015, 0.0210732743144, -0.00992484577, 0.00674946559593, -0.0048840707168, 0.00483327638358, -0.00243951543234, 0.00222404091619, -0.00218870560639], [0.00109999673441, -0.00238570873626, -5.59413565497e-05, -0.00198756111786, 0.000185407014214, -0.00992484577, 0.0218868982047, -0.00754372542724, 0.000282249209704, -0.000798506429419, -0.00342228310183, 0.00110725557897, -0.000921545841265], [-0.00132199912332, 0.00531573500484, 0.00197694916278, 0.00268157594837, -0.00692951586097, 0.00674946559593, -0.00754372542724, 0.0302874036133, -0.00876439455897, 0.00471324473619, -0.0030323411338, 0.0055328598246, -0.00314044463448], [0.00160100345965, -0.00335161248222, 0.00134855962824, -0.00458632176742, 0.00244111800566, -0.0048840707168, 0.000282249209704, -0.00876439455897, 0.0354491136968, -0.0119586102664, 0.0115607092157, -0.00716878008097, 0.00741962529719], [-0.00148125004489, 0.00321282679215, -0.0019576093182, 0.00463983602822, -0.00375154148787, 0.00483327638358, -0.000798506429419, 0.00471324473619, -0.0119586102664, 0.0378390029073, -0.0191966928542, 0.00149462069385, 0.00552572216839], [0.00166400847957, -0.00584153179079, 0.00132507656235, -0.00144278374501, 0.00500732613727, -0.00243951543234, -0.00342228310183, -0.0030323411338, 0.0115607092157, -0.0191966928542, 0.047157663852, -0.0188544951379, -0.00095310882898], [-0.00147117825691, 0.00873236823827, -0.00176771706901, 0.00650013284758, -0.00235073198564, 0.00222404091619, 0.00110725557897, 0.0055328598246, -0.00716878008097, 0.00149462069385, -0.0188544951379, 0.0530946440995, -0.0186661332846], [0.000962633173913, -0.00556246703491, 0.000220700880163, 0.00120111345313, 0.00933268945664, -0.00218870560639, -0.000921545841265, -0.00314044463448, 0.00741962529719, 0.00552572216839, -0.00095310882898, -0.0186661332846, 0.0436955615878]]
    },
    "melbands": {
        "max": [0.00937395729125, 0.0131499348208, 0.00341305136681, 0.00497095379978, 0.00525947101414, 0.0123479180038, 0.0072065461427, 0.00152748590335, 0.00511079840362, 0.00227043242194, 0.00443410640582, 0.00202908623032, 0.00124721950851, 0.00123709195759, 0.00115013029426, 0.000954981776886, 0.00122355460189, 0.000643948034849, 0.000667355838232, 0.0010589036392, 0.000387276522815, 0.000333813601173, 0.0003518841404, 0.000227126816753, 0.000482447358081, 0.000186870413017, 9.39560341067e-05, 0.000190272912732, 0.000189726575627, 0.000332053139573, 0.000301729916828, 0.000385011633625, 0.00039275540621, 0.000153176995809, 0.000251857039984, 0.000243593487539, 0.000426498998422, 0.000301401712932, 0.000256912258919, 0.000118882919196],
        "mean": [0.000334295298671, 0.000597214733716, 0.00032688115607, 0.000314722943585, 0.000261940964265, 0.000550051452592, 0.000462121679448, 9.17083234526e-05, 4.51503547083e-05, 0.000125308913994, 0.000280645879684, 0.000116317380161, 7.92401988292e-05, 7.10698805051e-05, 6.52159869787e-05, 3.77409596695e-05, 6.35264077573e-05, 4.66785786557e-05, 4.31672306149e-05, 5.01530557813e-05, 2.85868318315e-05, 2.52186382568e-05, 1.78840182343e-05, 1.07882660814e-05, 1.29061572807e-05, 7.78114190325e-06, 6.62838419885e-06, 7.75985517976e-06, 7.20007983546e-06, 8.35901300889e-06, 4.54777955383e-06, 5.53865129405e-06, 3.83153565053e-06, 2.53263692684e-06, 2.81421262116e-06, 2.99097882817e-06, 3.23983454109e-06, 2.7577682431e-06, 1.74127478658e-06, 7.23483992715e-07],
        "min": [5.87422857186e-25, 9.10581649859e-25, 6.836014197e-25, 1.10545109965e-24, 1.63886957465e-24, 1.34438533354e-24, 6.55143361152e-25, 5.69958610732e-25, 1.35250892453e-24, 1.49363653491e-24, 1.59957730043e-24, 1.83865451535e-24, 1.60641741473e-24, 2.30293800948e-24, 2.12923261308e-24, 1.43907132192e-24, 2.26661569796e-24, 1.9811533632e-24, 3.45950177376e-24, 3.39135917991e-24, 2.78733962605e-24, 2.62029320177e-24, 2.89621426388e-24, 3.08645694586e-24, 3.66401041357e-24, 3.29361359451e-24, 4.25510388985e-24, 3.88977964363e-24, 3.34526485392e-24, 4.18940439822e-24, 3.8626274457e-24, 4.06199823443e-24, 4.48353710319e-24, 5.00100855777e-24, 4.43638175929e-24, 4.3113808324e-24, 5.6914543319e-24, 5.03539737121e-24, 4.96763303616e-24, 6.00601853431e-24],
        "stdev": [0.000807105447166, 0.00127984210849, 0.000568024464883, 0.000571516342461, 0.000579453597311, 0.0012763843406, 0.000998969771899, 0.000178363989107, 0.00017309631221, 0.000272849487374, 0.000558880565222, 0.000228523756959, 0.000168155747815, 0.000138190967846, 0.000129925872898, 8.88655849849e-05, 0.000115307302622, 8.96215933608e-05, 6.95971830282e-05, 8.90151350177e-05, 4.67667960038e-05, 3.91176363337e-05, 3.71096612071e-05, 2.16900116357e-05, 3.48518915416e-05, 1.36690805448e-05, 1.01107498267e-05, 1.43809429574e-05, 1.45637504829e-05, 2.42574969889e-05, 1.91839462786e-05, 2.93015491479e-05, 2.04987463803e-05, 1.013052497e-05, 1.44032737808e-05, 1.72836462298e-05, 2.36118885368e-05, 1.78773589141e-05, 1.2376178347e-05, 5.10487825522e-06]
    },
    "melbands128": {
        "max": [0.00199481914751, 0.00595976645127, 0.0157333482057, 0.018025893718, 0.0179996006191, 0.0100722424686, 0.00429379846901, 0.00500624952838, 0.00610331771895, 0.00844160281122, 0.00588112697005, 0.0112627251074, 0.00406633783132, 0.0163025818765, 0.0221962947398, 0.0226885564625, 0.0186939761043, 0.00598662439734, 0.00207322649658, 0.00256942678243, 0.00188227638137, 0.00290066050366, 0.00694791972637, 0.00626643002033, 0.00248875841498, 0.00454741902649, 0.00365152256563, 0.00750150671229, 0.00761827360839, 0.00352099328302, 0.00288220494986, 0.00192578311544, 0.00227909418754, 0.00291692255996, 0.00160775356926, 0.00210264627822, 0.00363296712749, 0.00208959775046, 0.00198358297348, 0.00100178469438, 0.00160867394879, 0.000847499177326, 0.00155550707132, 0.0020211415831, 0.000831393117551, 0.00132036954165, 0.00127931113821, 0.000919701182283, 0.000864995876327, 0.000821016030386, 0.00183748838026, 0.00125275843311, 0.000448945938842, 0.000474055064842, 0.000682165147737, 0.000395387469325, 0.00031879809103, 0.000559663283639, 0.000495576008689, 0.000433107285062, 0.000266616174486, 0.000220079455175, 0.00100247585215, 0.000421525823185, 0.00010934144666, 0.000190849852515, 0.0005263609346, 0.00012552003318, 6.01779138378e-05, 0.000336374447215, 7.39663082641e-05, 0.000486369186547, 0.000322052306728, 0.000182739124284, 0.000157230912009, 0.000882386171725, 9.2610840511e-05, 0.0002562632435, 0.000400777207687, 0.00046007882338, 0.000513638369739, 0.000594694749452, 0.000420387164922, 0.000427886523539, 0.000496242078952, 0.000172207452124, 0.000113756832434, 0.000171645151568, 0.00034748390317, 0.000320811959682, 0.000244231458055, 0.000310428178636, 0.000499435816891, 0.000570624833927, 0.000530770048499, 0.000320291670505, 0.000256720726611, 0.000258803833276, 0.000329215254169, 0.00024172598205, 0.000113338886877, 0.000188573307241, 5.37798659934e-05, 7.22099939594e-05, 7.70512997406e-05, 4.82970790472e-05, 2.73151836154e-05, 5.55771766813e-05, 4.81183196825e-05, 4.3568561523e-05, 4.2277501052e-05, 3.31831979565e-05, 3.10151699523e-05, 3.21530642395e-05, 2.77048275166e-05, 3.23102108268e-06, 1.17758567342e-08, 3.36641470255e-09, 3.31503602347e-09, 3.27773719278e-09, 3.17335957511e-09, 3.11425751853e-09, 3.07573766456e-09, 3.06497294211e-09, 3.02098168703e-09, 2.98825963974e-09, 2.96960922519e-09, 2.95247448712e-09],
        "mean": [6.99123484083e-05, 0.000190356207895, 0.000361938553397, 0.00075789244147, 0.000683049089275, 0.000480688700918, 0.000285489601083, 0.000270164717222, 0.000403540412663, 0.000295439036563, 0.000242222260567, 0.000415757443989, 0.00020111532649, 0.000155075453222, 0.000379785895348, 0.000873789540492, 0.000977857969701, 0.000224036019063, 8.03142829682e-05, 9.37243312364e-05, 0.000113714850158, 4.0695475036e-05, 3.70249690604e-05, 3.91180874431e-05, 9.66010557022e-05, 0.00017639255384, 0.000155221539899, 0.000428306986578, 0.000244702561758, 9.0605506557e-05, 0.000106475985376, 7.76943052188e-05, 7.28416343918e-05, 9.77986128419e-05, 3.55698939529e-05, 7.09873856977e-05, 0.000113889109343, 7.12612454663e-05, 3.21010484186e-05, 3.26896188199e-05, 4.96838438266e-05, 2.61177665379e-05, 6.1745478888e-05, 9.59125391091e-05, 3.93287664338e-05, 4.58557005913e-05, 3.93330265069e-05, 4.17215451307e-05, 4.59981893073e-05, 4.36693590018e-05, 6.37127886876e-05, 4.4903557864e-05, 1.55918187374e-05, 2.82364489976e-05, 3.88749540434e-05, 1.95992452063e-05, 1.91552317119e-05, 2.35633870034e-05, 1.52083475768e-05, 1.30613771034e-05, 9.33006231207e-06, 7.2878165156e-06, 2.01837847271e-05, 1.18252410175e-05, 6.39968357063e-06, 7.68088739278e-06, 8.864447409e-06, 7.64999367675e-06, 4.60649698653e-06, 7.90821195551e-06, 4.66661822429e-06, 1.1865583474e-05, 8.18141234049e-06, 4.67578365715e-06, 5.507203241e-06, 1.58196435223e-05, 4.46580224889e-06, 3.59596083399e-06, 4.60292721982e-06, 5.30012357558e-06, 5.90032550463e-06, 5.78783283345e-06, 4.54941528005e-06, 3.56689747605e-06, 3.28876535605e-06, 2.83475810647e-06, 2.05944343179e-06, 2.32021648117e-06, 3.03016327052e-06, 3.03924048239e-06, 2.82129940388e-06, 3.01628142552e-06, 3.17873968925e-06, 3.15677198159e-06, 3.58240095011e-06, 2.83112194666e-06, 2.58606019088e-06, 2.51646338256e-06, 2.10764528674e-06, 1.14535669127e-06, 7.65878155562e-07, 6.64217509438e-07, 6.18841056621e-07, 6.62526474571e-07, 5.61613376249e-07, 4.30776026406e-07, 3.07370754626e-07, 3.90220805002e-07, 4.07661360668e-07, 3.46818865182e-07, 3.01767698829e-07, 2.37177587792e-07, 1.79735920369e-07, 1.6121609292e-07, 1.08053136216e-07, 1.0746917134e-08, 4.71118283274e-11, 5.6470600765e-12, 5.51759462772e-12, 5.4115132514e-12, 5.23637556926e-12, 5.14075153973e-12, 5.08652018075e-12, 5.01608954026e-12, 4.80830089286e-12, 4.54001810105e-12, 4.39014102849e-12, 4.34802280985e-12],
        "min": [3.16248235557e-26, 6.68477218188e-26, 7.3227591249e-26, 3.56815814364e-25, 3.99156789465e-25, 2.52696947757e-25, 1.17732596701e-25, 1.66332825632e-25, 8.00142725501e-26, 3.87726687986e-25, 4.60625398193e-25, 3.04750723449e-25, 4.69990508341e-25, 5.02360823941e-25, 5.54600918718e-25, 4.13572630862e-25, 2.28302065213e-25, 1.84617758598e-25, 2.79159631949e-25, 1.51917070516e-25, 4.09664885108e-25, 4.50263759507e-25, 4.42026079504e-25, 3.52997456412e-25, 6.29747956461e-25, 1.08749098017e-25, 5.45470741209e-25, 4.91182319787e-25, 8.96629067028e-25, 5.82384649104e-25, 7.0801942573e-25, 8.36112292937e-25, 4.49152550314e-25, 5.82988916557e-25, 4.08343986826e-25, 6.12310383366e-25, 6.20341381812e-25, 5.24040003515e-25, 8.9932381588e-25, 5.81957924658e-25, 2.29490977204e-25, 7.9058017826e-25, 1.05503273123e-24, 9.19708376102e-25, 7.00727787168e-25, 1.16673011059e-24, 5.68677500622e-25, 8.08053940349e-25, 9.07619378552e-25, 1.19291940518e-24, 1.27333450535e-24, 1.04081055518e-24, 1.50922649716e-24, 1.44426942224e-24, 1.43255030185e-24, 1.15088850172e-24, 1.27465269192e-24, 1.33004315203e-24, 1.37628045905e-24, 2.12327769932e-24, 9.96228968592e-25, 1.99728734365e-24, 1.60743612998e-24, 1.65573325144e-24, 1.59715332808e-24, 1.99195089684e-24, 1.77014904548e-24, 1.92280053318e-24, 1.40139236686e-24, 2.31804804847e-24, 1.9914336013e-24, 2.24271005708e-24, 2.3793890836e-24, 1.9507220677e-24, 1.22522611887e-24, 2.6391818845e-24, 2.84824481553e-24, 1.95945022197e-24, 2.75034185238e-24, 3.04073949818e-24, 2.46579183526e-24, 3.0599778435e-24, 3.1266535505e-24, 2.13045002267e-24, 1.95553372479e-24, 2.91793456283e-24, 2.3537526819e-24, 3.43540759513e-24, 3.220465481e-24, 2.98503447978e-24, 2.58817019407e-24, 2.62773748492e-24, 3.03970293495e-24, 3.34711631047e-24, 3.01808558235e-24, 2.40968292008e-24, 2.95037370655e-24, 3.43322442258e-24, 3.40895787784e-24, 3.47169322462e-24, 3.47188688997e-24, 4.20012383463e-24, 2.96796984068e-24, 4.14965093619e-24, 3.8283285624e-24, 4.19383700764e-24, 3.23608137705e-24, 4.3367478381e-24, 5.10490193342e-24, 4.65694135193e-24, 4.4825774539e-24, 3.39632979247e-24, 4.50667084366e-24, 4.62582039479e-24, 4.78408916377e-24, 5.0310621861e-24, 4.00099956493e-24, 4.37438439188e-24, 4.6399540212e-24, 5.17858114753e-24, 5.26637623869e-24, 5.17710479435e-24, 5.01205300487e-24, 4.57193922281e-24, 4.28325123581e-24, 4.36261379832e-24, 4.66476921869e-24, 4.70956271304e-24],
        "stdev": [0.000177338646608, 0.000526864198036, 0.00100216234569, 0.00190568855032, 0.00155733933207, 0.00103697134182, 0.000629161368124, 0.000573141616769, 0.000771955761593, 0.000765510951169, 0.000583653221838, 0.00105731678195, 0.000423413788667, 0.000750127190258, 0.00138421123847, 0.00231713848189, 0.00237652962096, 0.000501549395267, 0.000206216209335, 0.000203692703508, 0.000268275354756, 0.000129386011395, 0.000235811254242, 0.000207316916203, 0.000259036256466, 0.000496322871186, 0.000367030210327, 0.000995627138764, 0.000671376707032, 0.000258063140791, 0.000316312245559, 0.000222163740546, 0.000231884012464, 0.000270236982033, 0.00010052761354, 0.000204823591048, 0.000349018635461, 0.000174516113475, 9.76329974947e-05, 8.20997011033e-05, 0.000145237150718, 6.84830811224e-05, 0.000124478072394, 0.000199277506908, 9.27272121771e-05, 0.000129537133034, 0.00010499257769, 8.74444158399e-05, 8.6171530711e-05, 8.2156569988e-05, 0.000141907279612, 0.000105671453639, 4.13391571783e-05, 4.90069796797e-05, 7.04053527443e-05, 3.94650523958e-05, 3.88834632759e-05, 5.76368511247e-05, 3.88769913116e-05, 3.2634496165e-05, 2.23859915423e-05, 1.71136925928e-05, 7.2742717748e-05, 2.97223614325e-05, 1.16416849778e-05, 1.50932664837e-05, 2.15512882278e-05, 1.51941494551e-05, 7.53582207835e-06, 1.89809434232e-05, 8.32609748613e-06, 3.17371013807e-05, 1.85301541933e-05, 1.22026012832e-05, 1.14810827654e-05, 6.21057479293e-05, 9.83032077784e-06, 1.17644440252e-05, 2.16524604184e-05, 2.96978632832e-05, 3.11564763251e-05, 3.45526605088e-05, 2.59310581896e-05, 2.15211239265e-05, 1.79416474566e-05, 1.12516745503e-05, 7.97570464783e-06, 1.04569080577e-05, 1.70486691786e-05, 1.75608111022e-05, 1.66539066413e-05, 1.80096412805e-05, 2.17586948565e-05, 2.67072646238e-05, 2.88484570774e-05, 1.92580337171e-05, 1.65121819009e-05, 1.73238840944e-05, 1.64620705618e-05, 9.02006649994e-06, 5.29065073351e-06, 6.10376309851e-06, 3.71459827875e-06, 4.31266698797e-06, 3.97881331082e-06, 2.86184172182e-06, 1.84540419923e-06, 2.94520964417e-06, 3.1274560115e-06, 2.5733925213e-06, 2.48484661824e-06, 1.80850906872e-06, 1.45421461184e-06, 1.60845638675e-06, 1.18612661026e-06, 1.31626094912e-07, 4.76812422878e-10, 9.56852791445e-11, 9.42165373496e-11, 9.31506261015e-11, 9.01857685753e-11, 8.85050782662e-11, 8.74080322011e-11, 8.70986824331e-11, 8.58506113421e-11, 8.49235334832e-11, 8.4393922406e-11, 8.39080957493e-11]
    },
    "mfcc": {
        "mean": [-850.629638672, 65.424621582, -14.9343137741, 8.84338474274, -1.35516035557, 3.50177502632, -3.413002491, -0.534076154232, 2.05362296104, 0.945859670639, -6.27983045578, -1.43499982357, -0.379510402679],
        "cov": [[97883.4609375, 15060.4511719, -2926.23657227, 2218.2590332, -366.264038086, 836.371520996, -712.41784668, -194.075027466, 444.671661377, 200.403503418, -1484.63183594, -292.840606689, -116.705474854], [15060.4511719, 3138.11303711, -246.555755615, 653.225158691, 30.0849285126, 102.801971436, -99.5230941772, -163.44190979, 35.7999916077, 39.7706184387, -282.336181641, -66.2513580322, 17.929775238], [-2926.23657227, -246.555755615, 686.403198242, 201.494262695, 93.6535339355, -22.1261978149, 2.26581478119, -111.383407593, -53.7563476562, -40.8506736755, -12.0030174255, 2.13984060287, 3.51519083977], [2218.2590332, 653.225158691, 201.494262695, 387.152832031, 90.7930755615, 25.7252159119, -17.8309764862, -68.2283554077, 3.39557528496, 21.9702148438, -43.2508888245, -10.9251766205, -15.7853975296], [-366.264038086, 30.0849285126, 93.6535339355, 90.7930755615, 92.4872131348, 20.1579704285, 5.29196166992, -4.97576522827, 5.45438957214, 14.9388074875, 10.5442695618, 1.84700226784, -8.03215122223], [836.371520996, 102.801971436, -22.1261978149, 25.7252159119, 20.1579704285, 88.9950866699, 14.6264543533, 22.2507629395, 17.2924194336, 17.3316707611, 6.64281797409, 9.28269386292, -6.43070602417], [-712.41784668, -99.5230941772, 2.26581478119, -17.8309764862, 5.29196166992, 14.6264543533, 68.8042297363, 19.9171161652, 2.67984414101, 3.28000235558, 16.5044670105, 10.6471204758, 0.506674706936], [-194.075027466, -163.44190979, -111.383407593, -68.2283554077, -4.97576522827, 22.2507629395, 19.9171161652, 85.6755218506, 30.0491943359, 17.616230011, 32.099281311, 6.65977287292, -15.094991684], [444.671661377, 35.7999916077, -53.7563476562, 3.39557528496, 5.45438957214, 17.2924194336, 2.67984414101, 30.0491943359, 43.8009643555, 18.9414329529, 5.5325884819, 2.46823954582, -4.90811014175], [200.403503418, 39.7706184387, -40.8506736755, 21.9702148438, 14.9388074875, 17.3316707611, 3.28000235558, 17.616230011, 18.9414329529, 46.0006408691, 22.093503952, 2.75442314148, -9.32856941223], [-1484.63183594, -282.336181641, -12.0030174255, -43.2508888245, 10.5442695618, 6.64281797409, 16.5044670105, 32.099281311, 5.5325884819, 22.093503952, 72.247253418, 18.331451416, -8.51305389404], [-292.840606689, -66.2513580322, 2.13984060287, -10.9251766205, 1.84700226784, 9.28269386292, 10.6471204758, 6.65977287292, 2.46823954582, 2.75442314148, 18.331451416, 39.7743415833, 11.5389623642], [-116.705474854, 17.929775238, 3.51519083977, -15.7853975296, -8.03215122223, -6.43070602417, 0.506674706936, -15.094991684, -4.90811014175, -9.32856941223, -8.51305389404, 11.5389623642, 41.4472007751]],
        "icov": [[7.58439782658e-05, -0.000331090646796, 8.21975627332e-05, 5.02190741827e-05, 0.000289509596769, -0.000329453672748, 0.000398935662815, -0.000360273785191, -0.000108194872155, 6.14297459833e-05, 0.000483639683807, -0.000310358591378, 0.000424597237725], [-0.000331090646796, 0.00284725404344, 0.00095481344033, -0.00255730794743, -0.000719874107745, 0.000173407504917, -0.00144307478331, 0.00305743212812, 0.000477571127703, -0.00149309472181, 0.00178182683885, 0.00139710132498, -0.00250284420326], [8.21975627332e-05, 0.00095481344033, 0.00391105981544, -0.00295057659969, -0.00116069195792, -0.00125262199435, 1.39896010296e-05, 0.00356943625957, 0.000566281087231, 0.00181907496881, 0.00258732982911, -0.000551495992113, 0.00040492718108], [5.02190741827e-05, -0.00255730794743, -0.00295057659969, 0.00914541631937, -0.00415544910356, 0.00108035304584, 4.13812776969e-05, 0.000758461479563, -0.00166344165336, -0.00163647637237, -0.00242181518115, -0.00121335848235, 0.00389412138611], [0.000289509596769, -0.000719874107745, -0.00116069195792, -0.00415544910356, 0.0186928957701, -0.00394184887409, 0.00122876255773, -0.00251892325468, -0.00132113730069, -0.00262844655663, -5.64576475881e-05, 1.02032045106e-05, 0.000958483433351], [-0.000329453672748, 0.000173407504917, -0.00125262199435, 0.00108035304584, -0.00394184887409, 0.0167929790914, -0.00406651524827, -0.00266541936435, -0.0011218508007, -0.00194368779194, -0.00329657155089, -0.00219189655036, -0.000201600312721], [0.000398935662815, -0.00144307478331, 1.39896010296e-05, 4.13812776969e-05, 0.00122876255773, -0.00406651524827, 0.0191584005952, -0.00599006516859, 0.00139303435571, 0.00045680560288, 0.00188239908312, -0.00387424440123, 0.000686566112563], [-0.000360273785191, 0.00305743212812, 0.00356943625957, 0.000758461479563, -0.00251892325468, -0.00266541936435, -0.00599006516859, 0.0312039200217, -0.0134822158143, 0.00114682677668, -0.00526886386797, 0.00118305382784, 0.00543501414359], [-0.000108194872155, 0.000477571127703, 0.000566281087231, -0.00166344165336, -0.00132113730069, -0.0011218508007, 0.00139303435571, -0.0134822158143, 0.0381848178804, -0.0115529056638, 0.00529433600605, -0.00137406110298, -0.00315858609974], [6.14297459833e-05, -0.00149309472181, 0.00181907496881, -0.00163647637237, -0.00262844655663, -0.00194368779194, 0.00045680560288, 0.00114682677668, -0.0115529056638, 0.0395608618855, -0.0167975779623, 0.0025202750694, 0.00302662164904], [0.000483639683807, 0.00178182683885, 0.00258732982911, -0.00242181518115, -5.64576475881e-05, -0.00329657155089, 0.00188239908312, -0.00526886386797, 0.00529433600605, -0.0167975779623, 0.0405487678945, -0.0126252584159, 0.00567457918078], [-0.000310358591378, 0.00139710132498, -0.000551495992113, -0.00121335848235, 1.02032045106e-05, -0.00219189655036, -0.00387424440123, 0.00118305382784, -0.00137406110298, 0.0025202750694, -0.0126252584159, 0.0360122025013, -0.0139679824933], [0.000424597237725, -0.00250284420326, 0.00040492718108, 0.00389412138611, 0.000958483433351, -0.000201600312721, 0.000686566112563, 0.00543501414359, -0.00315858609974, 0.00302662164904, 0.00567457918078, -0.0139679824933, 0.0353410206735]]
    },
    "spectral_contrast_coeffs": {
        "max": [-0.39558917284, -0.460636556149, -0.476185441017, -0.643348038197, -0.673892736435, -0.640211760998],
        "mean": [-0.806533455849, -0.807587504387, -0.808573126793, -0.837525010109, -0.844188451767, -0.82658457756],
        "min": [-0.984535694122, -0.981532454491, -0.977255582809, -0.976061761379, -0.970151901245, -0.96498054266],
        "stdev": [0.126926094294, 0.142687514424, 0.129600763321, 0.0999854803085, 0.0889221131802, 0.101011775434]
    },
    "spectral_contrast_valleys": {
        "max": [-5.23647260666, -5.17826747894, -5.42916631699, -5.4721531868, -5.86209392548, -7.2014503479],
        "mean": [-14.1692886353, -13.9369621277, -14.1128492355, -14.1766738892, -14.1615180969, -15.9574775696],
        "min": [-28.2668800354, -27.9929580688, -28.0084342957, -27.7416534424, -27.6146755219, -27.443063736],
        "stdev": [9.50726985931, 9.61206150055, 9.5108795166, 9.44462108612, 9.45837974548, 8.17955970764]
    }
},
"rhythm": {
    "beats_count": 50,
    "beats_loudness": {
        "max": 0.0745161473751,
        "mean": 0.02009553276,
        "min": 0,
        "stdev": 0.0219028424472
    },
    "bpm": 109.059486389,
    "bpm_histogram_first_peak_bpm": 110,
    "bpm_histogram_first_peak_weight": 0.399999976158,
    "bpm_histogram_second_peak_bpm": 103,
    "bpm_histogram_second_peak_spread": 0.636363625526,
    "bpm_histogram_second_peak_weight": 0.163265302777,
    "danceability": 0.748468160629,
    "onset_rate": 0.695460736752,
    "beats_loudness_band_ratio": {
        "max": [0.624016165733, 0.770289540291, 0.555352509022, 0.665452897549, 0.521529436111, 0.727458119392],
        "mean": [0.144589409232, 0.148454919457, 0.116672717035, 0.146002098918, 0.1096277982, 0.0657354295254],
        "min": [0, 0, 0, 0, 0, 0],
        "stdev": [0.208153873682, 0.213846877217, 0.135614007711, 0.169909894466, 0.147251844406, 0.13354742527]
    },
    "beats_position": [0.557278871536, 1.11455774307, 1.67183673382, 2.22911548615, 2.79800438881, 3.34367346764, 3.88934230804, 4.43501138687, 4.98067998886, 5.52634906769, 6.06040811539, 6.59446716309, 7.14013576508, 7.6858048439, 8.23147392273, 8.77714252472, 9.29959201813, 9.82204055786, 10.3560991287, 10.9133787155, 11.4706573486, 12.051156044, 12.6316547394, 13.2121543884, 13.8042631149, 14.3963718414, 14.9768705368, 15.5573692322, 16.1378688812, 16.7183666229, 17.2872562408, 17.8329238892, 18.3785934448, 18.9242630005, 19.5047607422, 20.0736503601, 20.642539978, 21.1998176575, 21.7570972443, 22.3027667999, 22.8484344482, 23.3941040039, 23.9629936218, 24.5318813324, 25.1007709503, 25.6928787231, 26.2849884033, 26.8770961761, 27.4692058563, 28.0613155365],
