{
"metadata": {
    "version": {
        "essentia": "2.1-beta5",
        "essentia_git_sha": "Undefined",
        "extractor": "music 2.0"
    },
    "audio_properties": {
        "analysis": {
            "equal_loudness": 0,
            "length": 35.8283691406,
            "sample_rate": 44100,
            "start_time": 146.239273071,
            "downmix": "mix"
        },
        "bit_rate": 192000,
        "length": 182.090896606,
        "lossless": 0,
        "number_channels": 2,
        "replay_gain": -9.00378417969,
        "sample_rate": 48000,
        "codec": "mp3",
        "md5_encoded": "04b97deff36d83447d29ef2e521e1251"
    },
    "tags": {
        "file_name": "Greece_Ellada, Hora Tou Fotos_Kaiti Garbi.mp3",
        "encoding": ["Lavf58.29.100"]
    }
},
"lowlevel": {
    "average_loudness": 0.91330063343,
    "barkbands_crest": {
        "max": 21.3656234741,
        "mean": 8.00793457031,
        "min": 2.56668043137,
        "stdev": 3.15951633453
    },
    "barkbands_flatness_db": {
        "max": 0.230747774243,
        "mean": 0.123193472624,
        "min": 0.0270632989705,
        "stdev": 0.0264018699527
    },
    "barkbands_kurtosis": {
        "max": 19.6559791565,
        "mean": 1.86682701111,
        "min": -1.87254798412,
        "stdev": 2.83482789993
    },
    "barkbands_skewness": {
        "max": 3.99654603004,
        "mean": 1.17471718788,
        "min": -1.98841500282,
        "stdev": 0.900008499622
    },
    "barkbands_spread": {
        "max": 133.313842773,
        "mean": 21.3953666687,
        "min": 4.78434705734,
        "stdev": 9.95337581635
    },
    "dissonance": {
        "max": 0.499999940395,
        "mean": 0.474882930517,
        "min": 0.350410729647,
        "stdev": 0.0196980480105
    },
    "dynamic_complexity": 2.38372063637,
    "erbbands_crest": {
        "max": 23.1997051239,
        "mean": 7.45186328888,
        "min": 2.57006978989,
        "stdev": 2.91396951675
    },
    "erbbands_flatness_db": {
        "max": 0.290979504585,
        "mean": 0.168620437384,
        "min": 0.0821737125516,
        "stdev": 0.0422787740827
    },
    "erbbands_kurtosis": {
        "max": 6.73207378387,
        "mean": -0.266927182674,
        "min": -1.68748033047,
        "stdev": 0.989446699619
    },
    "erbbands_skewness": {
        "max": 2.30560517311,
        "mean": 0.339666575193,
        "min": -1.64598953724,
        "stdev": 0.470557153225
    },
    "erbbands_spread": {
        "max": 96.2004547119,
        "mean": 40.1161689758,
        "min": 9.73164367676,
        "stdev": 17.6762371063
    },
    "hfc": {
        "max": 103.219863892,
        "mean": 23.4826602936,
        "min": 1.17226607043e-16,
        "stdev": 14.2230234146
    },
    "loudness_ebu128": {
        "integrated": -14.1769838333,
        "loudness_range": 3.87178993225,
        "momentary": {
            "max": -11.8821058273,
            "mean": -14.9321098328,
            "min": -29.8664989471,
            "stdev": 2.89623832703
        },
        "short_term": {
            "max": -12.4036512375,
            "mean": -14.385216713,
            "min": -20.1205825806,
            "stdev": 1.45350539684
        }
    },
    "melbands_crest": {
        "max": 26.1495609283,
        "mean": 10.5474557877,
        "min": 1.9155023098,
        "stdev": 4.28770112991
    },
    "melbands_flatness_db": {
        "max": 0.277787595987,
        "mean": 0.144138246775,
        "min": 0.00361699587665,
        "stdev": 0.0462413094938
    },
    "melbands_kurtosis": {
        "max": 51.5341720581,
        "mean": 8.18463420868,
        "min": -1.40492510796,
        "stdev": 7.89409351349
    },
    "melbands_skewness": {
        "max": 6.4764957428,
        "mean": 2.12522053719,
        "min": -1.12040412426,
        "stdev": 1.27682077885
    },
    "melbands_spread": {
        "max": 171.583206177,
        "mean": 26.1009273529,
        "min": 4.74538230896,
        "stdev": 14.7007875443
    },
    "pitch_salience": {
        "max": 0.897318899632,
        "mean": 0.665378212929,
        "min": 0.344297975302,
        "stdev": 0.109760411084
    },
    "silence_rate_20dB": {
        "max": 1,
        "mean": 1,
        "min": 1,
        "stdev": 0
    },
    "silence_rate_30dB": {
        "max": 1,
        "mean": 1,
        "min": 1,
        "stdev": 0
    },
    "silence_rate_60dB": {
        "max": 1,
        "mean": 0.0906735733151,
        "min": 0,
        "stdev": 0.287144124508
    },
    "spectral_centroid": {
        "max": 11058.3935547,
        "mean": 1622.41381836,
        "min": 460.003570557,
        "stdev": 670.607788086
    },
    "spectral_complexity": {
        "max": 46,
        "mean": 23.9617881775,
        "min": 0,
        "stdev": 8.53075313568
    },
    "spectral_decrease": {
        "max": 1.41831258895e-29,
        "mean": -6.17122886126e-09,
        "min": -2.62494381786e-08,
        "stdev": 4.23175228192e-09
    },
    "spectral_energy": {
        "max": 0.10445484519,
        "mean": 0.025421584025,
        "min": 1.07212583637e-20,
        "stdev": 0.0167940147221
    },
    "spectral_energyband_high": {
        "max": 0.0140719637275,
        "mean": 0.00111674296204,
        "min": 7.61622267702e-21,
        "stdev": 0.00126230774913
    },
    "spectral_energyband_low": {
        "max": 0.0551933273673,
        "mean": 0.00385954650119,
        "min": 4.19454004048e-23,
        "stdev": 0.00589535757899
    },
    "spectral_energyband_middle_high": {
        "max": 0.0350370667875,
        "mean": 0.00603571999818,
        "min": 1.61351171027e-21,
        "stdev": 0.0050090206787
    },
    "spectral_energyband_middle_low": {
        "max": 0.0883779972792,
        "mean": 0.0154655333608,
        "min": 2.99183386914e-22,
        "stdev": 0.0140225552022
    },
    "spectral_entropy": {
        "max": 9.80265045166,
        "mean": 7.77326488495,
        "min": 6.80809736252,
        "stdev": 0.25946483016
    },
    "spectral_flux": {
        "max": 0.258358299732,
        "mean": 0.0911470428109,
        "min": 6.60859977852e-11,
        "stdev": 0.0403053238988
    },
    "spectral_kurtosis": {
        "max": 9.72139644623,
        "mean": 3.17395401001,
        "min": -1.25186491013,
        "stdev": 1.47941064835
    },
    "spectral_rms": {
        "max": 0.0100949080661,
        "mean": 0.00465545617044,
        "min": 3.23415578173e-12,
        "stdev": 0.00176871428266
    },
    "spectral_rolloff": {
        "max": 18884.6191406,
        "mean": 1930.76293945,
        "min": 215.33203125,
        "stdev": 1467.09240723
    },
    "spectral_skewness": {
        "max": 2.18506503105,
        "mean": 1.32224154472,
        "min": -0.0205906592309,
        "stdev": 0.2597848773
    },
    "spectral_spread": {
        "max": 41759980,
        "mean": 4412752.5,
        "min": 2379814,
        "stdev": 1715319.5
    },
    "spectral_strongpeak": {
        "max": 7.53882408142,
        "mean": 0.975389420986,
        "min": 0,
        "stdev": 0.805949866772
    },
    "zerocrossingrate": {
        "max": 0.5927734375,
        "mean": 0.0781129822135,
        "min": 0.02392578125,
        "stdev": 0.0382424108684
    },
    "barkbands": {
        "max": [0.000379433011403, 0.0263081882149, 0.0343922935426, 0.0224594250321, 0.0676915049553, 0.0605979450047, 0.0411351844668, 0.054289419204, 0.0222248528153, 0.0287424344569, 0.00783907715231, 0.00701505690813, 0.00884791649878, 0.0108965430409, 0.0111370384693, 0.0104855103418, 0.00550275715068, 0.00517279980704, 0.0074111064896, 0.00312102516182, 0.00558812730014, 0.00331357470714, 0.00509301619604, 0.00304448534735, 0.00142313179094, 0.000242989335675, 1.16602859634e-05],
        "mean": [2.70307955361e-05, 0.00132961058989, 0.00169800326694, 0.00135081238113, 0.00465682661161, 0.00387733546086, 0.00212525692768, 0.00138537550811, 0.00163056503516, 0.00125642656349, 0.000426890241215, 0.000523050781339, 0.000579448824283, 0.000578857550863, 0.000632544630207, 0.000652555609122, 0.000729416147806, 0.000339225836797, 0.000368466193322, 0.00036225040094, 0.000310188159347, 0.000177056077519, 0.000184698947123, 0.000143128287164, 5.98598999204e-05, 1.66870449902e-05, 4.15867944525e-08],
        "min": [1.05537054119e-23, 8.40537053198e-24, 1.02911488368e-23, 3.47345553988e-23, 5.17921326178e-23, 6.19567568428e-23, 1.06338694571e-23, 1.25284238395e-23, 8.3406881976e-23, 9.14548472419e-23, 5.2593362862e-23, 8.7232087438e-23, 7.93635848726e-23, 1.22542852086e-22, 1.07475583552e-22, 1.11513604754e-22, 1.99790017813e-22, 1.82650051961e-22, 1.9532827102e-22, 4.43232796087e-22, 3.30772911656e-22, 4.6983197412e-22, 5.89789924657e-22, 6.88771950128e-22, 1.12330733385e-21, 1.49888237e-21, 2.4502638688e-21],
        "stdev": [4.58498943772e-05, 0.00244364608079, 0.00325863296166, 0.00245860568248, 0.00679632090032, 0.00519258342683, 0.00378955318592, 0.00297390925698, 0.00274232076481, 0.0021221099887, 0.000626272696536, 0.000684822327457, 0.000890689669177, 0.000885127112269, 0.000903306819964, 0.000863902154379, 0.000812445592601, 0.000368760549463, 0.000461418210762, 0.00034977926407, 0.000396096787881, 0.000280133215711, 0.000381297926651, 0.000241637637373, 0.000103569575003, 2.67441682809e-05, 3.14106898713e-07]
    },
    "erbbands": {
        "max": [0.550074994564, 6.87551259995, 37.0630569458, 60.6336860657, 135.056564331, 264.1277771, 427.331787109, 678.238830566, 597.42010498, 784.821594238, 772.167236328, 683.82623291, 1042.50915527, 846.890319824, 261.488433838, 272.063232422, 388.413482666, 606.900756836, 401.678100586, 538.826293945, 388.679260254, 320.773101807, 286.464874268, 189.061950684, 402.028747559, 137.416290283, 362.08480835, 169.734893799, 129.198669434, 148.368560791, 146.412521362, 93.8718566895, 50.1594543457, 23.3438358307, 7.59064722061, 1.41874861717, 0.452403455973, 0.0370477698743, 0.00170440087095, 0.00018098957662],
        "mean": [0.0219117961824, 0.371937304735, 1.77559685707, 3.78517365456, 8.77166461945, 16.9625053406, 26.1139240265, 31.2547492981, 30.4779281616, 27.5034122467, 32.7575454712, 41.9586677551, 36.2004089355, 31.6724185944, 17.7348632812, 23.8463439941, 27.0822696686, 28.5101165771, 32.9612197876, 32.9415626526, 42.0367507935, 33.3972549438, 20.5893421173, 17.166425705, 19.4678916931, 16.2192802429, 16.9233627319, 9.36489772797, 6.41480112076, 5.77518558502, 5.35470724106, 3.51725649834, 1.98623907566, 0.782158017159, 0.376330256462, 0.114863522351, 0.02482836321, 0.00120894564316, 4.88125187985e-05, 3.42718158208e-05],
        "min": [1.85542596641e-22, 1.91959802138e-21, 1.26173098085e-20, 5.30644731694e-20, 1.88040176917e-19, 1.15688123378e-19, 1.46453296805e-19, 4.56870567274e-19, 2.84972122078e-19, 2.12721036272e-19, 3.99281503396e-19, 1.46809018072e-18, 3.06719646469e-18, 1.95297280585e-18, 3.32993012035e-18, 3.34313957434e-18, 3.71702376365e-18, 5.50771882937e-18, 6.17776159532e-18, 4.96893018789e-18, 8.58184086374e-18, 9.93400985002e-18, 1.05243107506e-17, 9.65703007627e-18, 1.11066905696e-17, 1.9964402785e-17, 1.44276958247e-17, 1.41018875794e-17, 1.59649001509e-17, 1.58494505528e-17, 1.58431292386e-17, 1.45159377981e-17, 1.30927594921e-17, 1.05919079502e-17, 8.88074588681e-18, 4.47582176856e-18, 2.78943500526e-18, 1.41218921153e-18, 3.50624516718e-19, 3.23590373756e-20],
        "stdev": [0.0419620983303, 0.674614071846, 3.34433627129, 6.75707483292, 14.3181037903, 26.7328014374, 37.4183731079, 44.3660011292, 51.7683296204, 53.5695495605, 57.2747154236, 70.9114151001, 62.9924964905, 54.2290115356, 22.4809551239, 30.4863605499, 39.7616653442, 42.0864295959, 46.004070282, 46.210811615, 48.4565353394, 33.7240638733, 19.9721164703, 18.1190605164, 26.8429985046, 15.4378232956, 22.0667667389, 11.543633461, 10.288643837, 10.2228727341, 11.3939332962, 6.44795560837, 3.34280157089, 1.40294289589, 0.636379241943, 0.173130378127, 0.0437035374343, 0.0025677846279, 7.53222921048e-05, 2.20154415729e-05]
    },
    "gfcc": {
        "mean": [7.91395759583, 77.813873291, -150.693191528, 35.1525421143, -79.3391799927, 11.1039352417, -49.8824081421, 6.51732683182, -23.6463928223, -1.41149675846, -15.2756738663, -4.72336387634, -4.62359285355],
        "cov": [[8055.421875, 957.704284668, 1012.07055664, 368.956420898, -333.091094971, -299.772247314, -263.872436523, 129.121917725, -332.44152832, 86.5291442871, -240.815338135, 98.2227325439, -124.49495697], [957.704284668, 1180.3112793, 679.329284668, 327.686065674, 145.928329468, -206.970046997, -1.77547419071, -69.5375595093, -1.15336060524, -51.7686843872, 59.5447540283, -83.7345504761, 26.6376953125], [1012.07055664, 679.329284668, 1687.70690918, 490.22265625, 123.789596558, -219.501342773, -91.1908493042, 30.9402999878, -177.591964722, 75.815574646, -96.1245574951, 124.859619141, -86.0718231201], [368.956420898, 327.686065674, 490.22265625, 365.35534668, 94.7408828735, -31.9878463745, -20.1970481873, -14.8009929657, -5.02419137955, -16.9617195129, 19.5000629425, 5.42082738876, 2.57679462433], [-333.091094971, 145.928329468, 123.789596558, 94.7408828735, 195.51020813, 51.2845573425, 35.3987121582, 20.113817215, 23.4791717529, -4.81229972839, -1.78590905666, -0.837867021561, 7.78728485107], [-299.772247314, -206.970046997, -219.501342773, -31.9878463745, 51.2845573425, 225.031021118, 84.2983398438, 30.0622291565, 34.7802314758, 3.36898684502, -0.914171218872, -18.5515670776, -5.73119211197], [-263.872436523, -1.77547419071, -91.1908493042, -20.1970481873, 35.3987121582, 84.2983398438, 128.810195923, 40.313583374, 25.3005485535, 2.00246238708, 15.2773523331, -40.3123970032, 0.373174965382], [129.121917725, -69.5375595093, 30.9402999878, -14.8009929657, 20.113817215, 30.0622291565, 40.313583374, 101.222129822, 16.388710022, 30.4446392059, -24.3521499634, 19.2579803467, -4.46948623657], [-332.44152832, -1.15336060524, -177.591964722, -5.02419137955, 23.4791717529, 34.7802314758, 25.3005485535, 16.388710022, 111.500968933, -1.92774891853, 42.1577911377, -21.9541683197, 25.4821624756], [86.5291442871, -51.7686843872, 75.815574646, -16.9617195129, -4.81229972839, 3.36898684502, 2.00246238708, 30.4446392059, -1.92774891853, 72.7700119019, -1.70834875107, 22.1286945343, -14.4910297394], [-240.815338135, 59.5447540283, -96.1245574951, 19.5000629425, -1.78590905666, -0.914171218872, 15.2773523331, -24.3521499634, 42.1577911377, -1.70834875107, 89.9989852905, -17.7748775482, 21.4324588776], [98.2227325439, -83.7345504761, 124.859619141, 5.42082738876, -0.837867021561, -18.5515670776, -40.3123970032, 19.2579803467, -21.9541683197, 22.1286945343, -17.7748775482, 102.34954071, -0.560247957706], [-124.49495697, 26.6376953125, -86.0718231201, 2.57679462433, 7.78728485107, -5.73119211197, 0.373174965382, -4.46948623657, 25.4821624756, -14.4910297394, 21.4324588776, -0.560247957706, 66.2462005615]],
        "icov": [[0.000411347136833, -0.000964160484727, 0.000641132181045, -0.000898430647794, 0.00136331713293, -0.000565413560253, 0.00104876805563, -0.00156885373872, 0.0013873927528, -0.000941417296417, 0.00110541027971, -0.000604742206633, 0.000605399603955], [-0.000964160484727, 0.00458809034899, -0.00258139916696, 0.00202974281274, -0.00447197211906, 0.0031616021879, -0.00332377804443, 0.00461356434971, -0.00403066771105, 0.00346504966728, -0.00378211145289, 0.00379607011564, -0.00239638471976], [0.000641132181045, -0.00258139916696, 0.00380155257881, -0.00429499568418, 0.00197430071421, 0.000267672090558, 0.0011577331461, -0.00302826822735, 0.0045474129729, -0.00436084764078, 0.00384361669421, -0.0034449165687, 0.00295364367776], [-0.000898430647794, 0.00202974281274, -0.00429499568418, 0.00916993338615, -0.0040486655198, -0.000800170062575, -0.000298058701446, 0.00330759980716, -0.00487365759909, 0.00577754108235, -0.00581245915964, 0.00303965620697, -0.00276538287289], [0.00136331713293, -0.00447197211906, 0.00197430071421, -0.0040486655198, 0.0123693868518, -0.0046477727592, 0.00262607540935, -0.00572991743684, 0.00301295449026, -0.00289365905337, 0.00531394034624, -0.00358796352521, 0.00128388847224], [-0.000565413560253, 0.0031616021879, 0.000267672090558, -0.000800170062575, -0.0046477727592, 0.0104343146086, -0.00705294823274, 0.00364111643285, -0.00259490171447, 0.000219114110223, 0.000222826041863, 0.000674094131682, 0.000759187794756], [0.00104876805563, -0.00332377804443, 0.0011577331461, -0.000298058701446, 0.00262607540935, -0.00705294823274, 0.0187285393476, -0.0117343999445, 0.00530565995723, -0.000875259051099, -0.00209917523898, 0.00417623156682, 0.00148929166608], [-0.00156885373872, 0.00461356434971, -0.00302826822735, 0.00330759980716, -0.00572991743684, 0.00364111643285, -0.0117343999445, 0.0242181383073, -0.0106858694926, -0.00180925207678, 0.00280665722676, -0.00119849969633, -0.00338154495694], [0.0013873927528, -0.00403066771105, 0.0045474129729, -0.00487365759909, 0.00301295449026, -0.00259490171447, 0.00530565995723, -0.0106858694926, 0.0208623334765, -0.00483414623886, -0.00163697602693, -0.00102546974085, 0.000435036694398], [-0.000941417296417, 0.00346504966728, -0.00436084764078, 0.00577754108235, -0.00289365905337, 0.000219114110223, -0.000875259051099, -0.00180925207678, -0.00483414623886, 0.0232617519796, -0.0083680069074, 0.00124908669386, 0.000854561279994], [0.00110541027971, -0.00378211145289, 0.00384361669421, -0.00581245915964, 0.00531394034624, 0.000222826041863, -0.00209917523898, 0.00280665722676, -0.00163697602693, -0.0083680069074, 0.0229663867503, -0.00436195544899, -0.000253967067692], [-0.000604742206633, 0.00379607011564, -0.0034449165687, 0.00303965620697, -0.00358796352521, 0.000674094131682, 0.00417623156682, -0.00119849969633, -0.00102546974085, 0.00124908669386, -0.00436195544899, 0.0181882344186, -0.00464858254418], [0.000605399603955, -0.00239638471976, 0.00295364367776, -0.00276538287289, 0.00128388847224, 0.000759187794756, 0.00148929166608, -0.00338154495694, 0.000435036694398, 0.000854561279994, -0.000253967067692, -0.00464858254418, 0.0208823271096]]
    },
    "melbands": {
        "max": [0.00579615030438, 0.0149164209142, 0.00923720933497, 0.0179163683206, 0.0111226793379, 0.0135976914316, 0.0091055566445, 0.0105529325083, 0.00539171881974, 0.004052716773, 0.00526890577748, 0.00364004890434, 0.000955549126957, 0.00110607990064, 0.00120757170953, 0.000624044332653, 0.00122246181127, 0.000729246356059, 0.000885243993253, 0.000932168331929, 0.000489776663017, 0.000460428826045, 0.000221668015001, 0.00027112045791, 0.000145913247252, 0.000376864132704, 0.000212359227589, 0.000110113971459, 0.000192537743715, 0.000145977974171, 9.48458327912e-05, 9.01885723579e-05, 8.43977177283e-05, 8.64648027346e-05, 0.00010565345292, 9.57726442721e-05, 4.46294980065e-05, 3.48502690031e-05, 2.78329061985e-05, 1.73402349901e-05],
        "mean": [0.000286155351205, 0.000792745733634, 0.000747383513954, 0.000993064488284, 0.000874724704772, 0.000702248187736, 0.000466519413749, 0.000297072372632, 0.000273436977295, 0.0002520850976, 0.000178099740879, 0.000133540088427, 5.70358024561e-05, 5.80052037549e-05, 6.26387918601e-05, 5.55799415451e-05, 5.29682911292e-05, 5.25508112332e-05, 4.61566269223e-05, 4.30848704127e-05, 5.38597705599e-05, 3.83249134757e-05, 2.49624918069e-05, 1.48702465594e-05, 1.34649171741e-05, 1.41630989674e-05, 1.14953654702e-05, 1.0988404938e-05, 1.1575737517e-05, 8.32671503304e-06, 4.42273494627e-06, 3.66032281818e-06, 3.16817522616e-06, 3.23372569255e-06, 3.33393541041e-06, 2.51086567005e-06, 1.9616982172e-06, 1.4514915847e-06, 1.02557271475e-06, 5.48667799194e-07],
        "min": [2.86215677202e-24, 6.37140312839e-24, 1.42338748522e-23, 1.36553652851e-23, 4.2192643612e-24, 1.09445220927e-23, 4.54665031434e-24, 2.51994851691e-24, 3.80248824016e-24, 1.10525368721e-23, 1.61865706499e-23, 7.34149693798e-24, 9.65283178014e-24, 8.66117051341e-24, 1.26458528849e-23, 8.59168764488e-24, 1.08201573821e-23, 9.07498485618e-24, 6.91820679801e-24, 7.03290086274e-24, 1.14422081269e-23, 1.07611908183e-23, 9.12017159769e-24, 8.58094967023e-24, 7.22673818665e-24, 8.40179147005e-24, 8.73057765129e-24, 1.33609892165e-23, 9.56635448113e-24, 9.90478290922e-24, 7.18265900585e-24, 8.93958634813e-24, 8.90911896225e-24, 9.14245770713e-24, 7.51202973302e-24, 1.10016529772e-23, 7.9889592591e-24, 9.74692000917e-24, 7.99406082258e-24, 9.27737974319e-24],
        "stdev": [0.000525266281329, 0.00135865074117, 0.0011187979253, 0.00158997997642, 0.00115837377962, 0.000961957557593, 0.000802355876658, 0.000609807961155, 0.000455084780697, 0.000442561780801, 0.00032106184517, 0.00023956169025, 7.70582773839e-05, 7.46637233533e-05, 9.5831186627e-05, 8.22454094305e-05, 8.38334890432e-05, 7.74503787397e-05, 6.75819755998e-05, 6.5051659476e-05, 6.75865230733e-05, 4.11288092437e-05, 2.75327711279e-05, 1.67886573763e-05, 1.55180605361e-05, 2.09964164242e-05, 1.48676972458e-05, 1.15925331556e-05, 1.54335994011e-05, 1.14867516459e-05, 6.08664549873e-06, 6.2746353251e-06, 5.50024697077e-06, 6.11618088442e-06, 7.69016969571e-06, 5.06688593305e-06, 3.52050119545e-06, 2.48311243922e-06, 1.88765409348e-06, 1.03553577446e-06]
    },
    "melbands128": {
        "max": [0.000354529940523, 0.00375110050663, 0.00803841743618, 0.0131724271923, 0.0202516783029, 0.0158234648407, 0.0144489603117, 0.0109401382506, 0.0119578316808, 0.0303669944406, 0.0138909993693, 0.0106225479394, 0.0206480715424, 0.0167930684984, 0.0228079017252, 0.0146708805114, 0.0130612310022, 0.0162460301071, 0.0167881119996, 0.014634758234, 0.0228127669543, 0.0122450357303, 0.00774889206514, 0.00594323175028, 0.0081955017522, 0.00639011571184, 0.00489895464852, 0.0104726096615, 0.00353023782372, 0.00593752833083, 0.00435315584764, 0.00148243876174, 0.00167398061603, 0.000970246386714, 0.000877558719367, 0.00194545008708, 0.00109090970363, 0.00155230215751, 0.00183107273187, 0.00143354129978, 0.000976977287792, 0.00126002938487, 0.00140526576433, 0.00137609965168, 0.00128595344722, 0.00123945798259, 0.000993282068521, 0.000902705243789, 0.00114223570563, 0.00109037978109, 0.00168284983374, 0.00165327091236, 0.000557427294552, 0.00136038090568, 0.000596884055994, 0.000960194389336, 0.000431723281508, 0.000471636129078, 0.000278552703094, 0.000357680371962, 0.000337595032761, 0.000466945260996, 0.000337280944223, 0.000271936150966, 0.000258418906014, 0.000507310614921, 0.000415164540755, 0.000456741370726, 0.000156703128596, 0.000168153521372, 8.51749573485e-05, 0.000267786905169, 0.000212467115489, 0.000263534369878, 0.000686157902237, 0.000223690498387, 0.000167976453668, 0.000138633302413, 0.000114662805572, 7.67376623116e-05, 0.000201939954422, 0.000115633112728, 8.73286044225e-05, 0.000110171320557, 0.000102956422779, 8.29269993119e-05, 0.000115293209092, 0.000176585177542, 0.000121490382298, 7.96720269136e-05, 9.40624231589e-05, 0.000149139887071, 7.41103503969e-05, 5.48089083168e-05, 4.47258244094e-05, 3.32296949637e-05, 4.61190211354e-05, 4.09468448197e-05, 3.36417579092e-05, 3.23676140397e-05, 1.95890734176e-05, 1.29358413687e-05, 1.77861202246e-05, 1.83279116754e-05, 9.10508606466e-06, 6.35070409771e-06, 7.42672864362e-06, 2.79786149804e-06, 3.94278868043e-06, 3.40504197993e-06, 4.00664748668e-06, 2.39675068769e-06, 1.35378354571e-06, 2.31443345911e-06, 8.049189546e-07, 1.89906444348e-07, 5.66114444212e-08, 5.4803642513e-08, 5.31679624771e-08, 5.16993168276e-08, 5.03849371114e-08, 4.92359824023e-08, 4.81780588757e-08, 4.73063117568e-08, 4.65634393265e-08, 4.59838922495e-08, 4.55597479743e-08, 4.52950317253e-08],
        "mean": [1.80797815119e-05, 0.00011039472156, 0.000368614535546, 0.000674311362673, 0.000887049245648, 0.000811774400063, 0.000799296598416, 0.000595372112002, 0.000809663091786, 0.00128684670199, 0.000893876189366, 0.000728667073417, 0.00090156798251, 0.00100206653588, 0.000815139559563, 0.000462831143523, 0.000414643989643, 0.000542783527635, 0.000455256726127, 0.000242499780143, 0.000270445307251, 0.000268776348094, 0.000277977494989, 0.000252749799984, 0.000323772401316, 0.000236440930166, 0.000135790367494, 0.000206581345992, 0.000160806623171, 0.000177149500814, 0.000116339921078, 6.16796969553e-05, 5.16471554874e-05, 5.74514378968e-05, 4.62727803097e-05, 6.1298313085e-05, 7.36488073017e-05, 5.31719269929e-05, 6.85876002535e-05, 5.92394608248e-05, 5.39087232028e-05, 4.56018497061e-05, 5.16651780345e-05, 6.03286171099e-05, 5.00982168887e-05, 5.0035680033e-05, 5.79653788009e-05, 4.40294970758e-05, 4.26046026405e-05, 4.42844648205e-05, 4.41664378741e-05, 4.19217576564e-05, 3.62405371561e-05, 7.64510114095e-05, 6.09070375504e-05, 2.70257223747e-05, 2.20933070523e-05, 3.6411362089e-05, 2.02725841518e-05, 1.56129881361e-05, 1.407158652e-05, 1.44857813211e-05, 1.61117059179e-05, 1.25612687043e-05, 1.04191958599e-05, 1.18772932183e-05, 2.08492219826e-05, 1.22341007227e-05, 8.94997447176e-06, 1.03004531411e-05, 8.38464075059e-06, 1.29570244098e-05, 1.56439400598e-05, 9.08975471248e-06, 1.01788245956e-05, 9.90021908365e-06, 7.24609981262e-06, 4.72480633107e-06, 4.11543214796e-06, 3.92600941268e-06, 3.56386931344e-06, 3.72610043087e-06, 3.39276539307e-06, 2.91286301035e-06, 3.2581619962e-06, 2.99825887851e-06, 3.35663730766e-06, 3.44854038303e-06, 3.81065660804e-06, 2.75305069408e-06, 2.49176491707e-06, 2.50402035817e-06, 2.49672643804e-06, 1.8845056502e-06, 1.77609126695e-06, 1.47036621456e-06, 1.37925462695e-06, 1.39155145007e-06, 1.192448849e-06, 8.10151391306e-07, 4.01055160637e-07, 5.67036465782e-07, 5.84907354551e-07, 6.62954391828e-07, 4.03783644742e-07, 2.87976689606e-07, 2.77136763316e-07, 2.07025664167e-07, 1.89815068552e-07, 1.58608500556e-07, 1.61736878113e-07, 1.09198097675e-07, 6.20150331088e-08, 3.5816370314e-08, 1.47249581417e-08, 5.92618221162e-09, 1.44105527511e-09, 4.02157473989e-11, 3.83893715428e-11, 3.73237898921e-11, 3.63726201935e-11, 3.55427458298e-11, 3.47852961713e-11, 3.41526008862e-11, 3.35905366022e-11, 3.31195904035e-11, 3.27866830907e-11, 3.25925501865e-11],
        "min": [1.89605479583e-24, 1.156130088e-24, 2.20741050373e-24, 2.24883220935e-24, 3.13102719258e-24, 3.0960615246e-24, 7.20751206867e-24, 2.17855724559e-23, 1.98235460114e-23, 1.31182993145e-23, 3.06327705702e-24, 2.68956524723e-24, 4.13093166134e-24, 7.13636233704e-24, 4.72438856489e-24, 1.51625503088e-23, 4.67587361922e-24, 1.64676824168e-24, 3.69998878173e-24, 1.25323807658e-24, 3.13648157409e-24, 2.90905159461e-24, 2.48512602718e-24, 6.35709910803e-24, 6.69895395346e-24, 1.33015943013e-23, 1.81290617429e-23, 9.10437702465e-24, 1.30075763756e-23, 9.80661705817e-24, 4.33997782907e-24, 3.79550406014e-24, 6.81276764942e-24, 4.15269081169e-24, 1.2454102887e-23, 2.36459202517e-24, 6.19945590574e-24, 1.38503243692e-23, 6.0369872413e-24, 6.10541816381e-24, 5.4796834386e-24, 8.35161123901e-24, 7.98234071611e-24, 5.87436750999e-24, 4.82775616475e-24, 9.63628305607e-24, 5.58734165292e-24, 4.70958953431e-24, 4.85916781713e-24, 6.9798452337e-24, 7.42825586033e-24, 5.81638071143e-24, 2.84536113449e-24, 1.63890018245e-23, 1.45190196705e-23, 7.42374752026e-24, 1.1882035158e-23, 7.04837200281e-24, 6.9793711283e-24, 7.36852725689e-24, 7.42746857715e-24, 5.86766337559e-24, 5.7606311224e-24, 7.08582475201e-24, 8.28810004753e-24, 9.53872383906e-24, 4.76400003196e-24, 7.8274029123e-24, 9.84648372174e-24, 9.40024167373e-24, 1.04447171781e-23, 1.21874040033e-23, 1.14358088872e-23, 7.3004501385e-24, 3.55816460718e-24, 9.18233383702e-24, 1.22437278831e-23, 5.32705147521e-24, 5.33973478085e-24, 8.6391825934e-24, 8.5492666497e-24, 5.52769233e-24, 1.02249050311e-23, 1.03834999941e-23, 5.29834916561e-24, 1.03855360441e-23, 7.29879589718e-24, 5.85895080132e-24, 6.20086047258e-24, 7.25690817197e-24, 9.8055994276e-24, 9.20775330197e-24, 8.99067298035e-24, 5.50492422655e-24, 5.09439036185e-24, 1.12214075372e-23, 8.18565225949e-24, 9.49378243329e-24, 7.55102628301e-24, 6.83877323802e-24, 8.62887375909e-24, 8.70603224423e-24, 1.12398755599e-23, 9.806192651e-24, 9.69804770951e-24, 9.72943332948e-24, 5.78416560421e-24, 6.80001255744e-24, 7.47926833963e-24, 6.61741176827e-24, 6.52691719509e-24, 5.37869228222e-24, 7.37832096503e-24, 1.00090340333e-23, 9.9473127672e-24, 1.06740224771e-23, 1.09807008315e-23, 9.11694988976e-24, 9.34826836185e-24, 7.27989400103e-24, 1.33973383493e-23, 1.0049983014e-23, 9.52136968801e-24, 9.08222107726e-24, 7.33542901989e-24, 7.39642768939e-24, 1.00372681539e-23, 9.63571507622e-24],
        "stdev": [3.34368669428e-05, 0.000241719812038, 0.000764720956795, 0.00130104785785, 0.00181948114187, 0.00156586186495, 0.00160122371744, 0.00105301127769, 0.0015394736547, 0.0024250538554, 0.00161422719248, 0.00124753057025, 0.00161182461306, 0.00157803983893, 0.00136946933344, 0.00101769145112, 0.000920988153666, 0.00116936827544, 0.00100304023363, 0.000659238314256, 0.000931364076678, 0.000664311053697, 0.00059497077018, 0.000518584856763, 0.000686830200721, 0.0006203345838, 0.000352360890247, 0.000520477886312, 0.000347144436091, 0.000414160720538, 0.000257450708887, 0.000115969814942, 0.000100707853562, 0.000100066914456, 7.66816665418e-05, 0.000103423277324, 0.000112348570838, 0.000125434642541, 0.000141425349284, 0.000106932195195, 0.000101908481156, 8.92291718628e-05, 0.000101126621303, 0.000124912621686, 9.412986401e-05, 0.000102548670839, 0.000101155477751, 8.15738239908e-05, 8.4312960098e-05, 8.22429865366e-05, 8.50142387208e-05, 8.79484432517e-05, 5.48791576875e-05, 0.000151957341586, 7.94168954599e-05, 4.8006313591e-05, 3.62605678674e-05, 5.36913285032e-05, 2.76630544249e-05, 2.33791215578e-05, 1.95529737539e-05, 2.33534319705e-05, 2.61334880634e-05, 1.76441262738e-05, 1.67895959748e-05, 2.38534266828e-05, 3.5123910493e-05, 2.4173881684e-05, 1.31486995087e-05, 1.42261060319e-05, 1.0055862731e-05, 2.12776812987e-05, 2.41985799221e-05, 1.72002983163e-05, 2.52895406447e-05, 1.5643390725e-05, 1.27281336972e-05, 8.06331263448e-06, 6.7502710408e-06, 6.71343059366e-06, 8.52767971082e-06, 7.76234992372e-06, 6.21956951363e-06, 6.14464715909e-06, 6.24210224487e-06, 5.21435276823e-06, 7.4557942753e-06, 8.93546803127e-06, 9.77138552116e-06, 6.12902431385e-06, 5.40135897609e-06, 6.00069506618e-06, 5.47219860891e-06, 3.54977964889e-06, 3.41804934578e-06, 2.6693203381e-06, 2.70557438853e-06, 2.73849218502e-06, 2.28259295909e-06, 1.82916130598e-06, 8.90285605237e-07, 1.06139555101e-06, 1.22612493669e-06, 1.47723505961e-06, 7.29079943085e-07, 4.91634750688e-07, 4.89151716465e-07, 3.29346192984e-07, 3.32445893036e-07, 2.70958111059e-07, 2.95687328844e-07, 2.14198365711e-07, 1.25387302319e-07, 1.20835196071e-07, 5.21348262339e-08, 1.43511265094e-08, 4.20475654295e-09, 1.39416234113e-09, 1.35256805756e-09, 1.31520017099e-09, 1.28176358416e-09, 1.25254251415e-09, 1.22562937577e-09, 1.2034320207e-09, 1.18454246412e-09, 1.16980647391e-09, 1.15902021314e-09, 1.15228793174e-09]
    },
    "mfcc": {
        "mean": [-615.128662109, 96.5183105469, -15.6159324646, 13.945848465, -6.24799776077, -2.80428647995, -12.4391384125, -2.37568211555, -5.06935358047, 0.955623567104, -9.82674694061, 0.68302500248, -4.45279693604],
        "cov": [[3862.4921875, 615.343444824, 720.974304199, 404.202636719, -2.89249706268, -187.662994385, 6.39324140549, -94.5590667725, 2.37897205353, -76.4074325562, -85.7484588623, 24.5608520508, -16.6548595428], [615.343444824, 974.268310547, 523.012817383, 441.127075195, 157.976974487, -35.9690551758, 29.6402359009, -55.7512969971, -27.2829647064, -6.10415935516, -53.2358779907, 7.99032211304, 20.082326889], [720.974304199, 523.012817383, 1193.29553223, 621.917297363, 219.575241089, -24.6908435822, 49.5117759705, -62.1227111816, -23.9144134521, -105.164260864, -51.9281921387, 40.4069671631, 24.0395393372], [404.202636719, 441.127075195, 621.917297363, 511.204437256, 192.558364868, -17.5368251801, 18.5310592651, -28.0128726959, -23.9633026123, -44.7835655212, -55.3849906921, 31.6576576233, 29.1965885162], [-2.89249706268, 157.976974487, 219.575241089, 192.558364868, 196.342956543, 50.389881134, 11.3496513367, 21.0971260071, 15.3047533035, -13.7140197754, -23.7971668243, 16.6352291107, 29.4124927521], [-187.662994385, -35.9690551758, -24.6908435822, -17.5368251801, 50.389881134, 137.27961731, 48.8681106567, 38.4626617432, 9.3178358078, 26.1334381104, 23.7665519714, -12.0435619354, 2.15602827072], [6.39324140549, 29.6402359009, 49.5117759705, 18.5310592651, 11.3496513367, 48.8681106567, 122.782897949, 25.3319778442, 28.3801193237, 34.6272277832, 16.9719657898, -5.30382490158, -14.380856514], [-94.5590667725, -55.7512969971, -62.1227111816, -28.0128726959, 21.0971260071, 38.4626617432, 25.3319778442, 92.8544540405, 36.515083313, 16.2626209259, 18.1052627563, 1.918440938, 7.28528261185], [2.37897205353, -27.2829647064, -23.9144134521, -23.9633026123, 15.3047533035, 9.3178358078, 28.3801193237, 36.515083313, 93.9552688599, 27.046579361, 12.6444425583, 11.6410093307, -12.6851491928], [-76.4074325562, -6.10415935516, -105.164260864, -44.7835655212, -13.7140197754, 26.1334381104, 34.6272277832, 16.2626209259, 27.046579361, 105.39553833, 24.3241405487, -2.36779594421, -2.9443936348], [-85.7484588623, -53.2358779907, -51.9281921387, -55.3849906921, -23.7971668243, 23.7665519714, 16.9719657898, 18.1052627563, 12.6444425583, 24.3241405487, 83.3103027344, 3.54100203514, -5.45916604996], [24.5608520508, 7.99032211304, 40.4069671631, 31.6576576233, 16.6352291107, -12.0435619354, -5.30382490158, 1.918440938, 11.6410093307, -2.36779594421, 3.54100203514, 87.4070968628, 19.7839031219], [-16.6548595428, 20.082326889, 24.0395393372, 29.1965885162, 29.4124927521, 2.15602827072, -14.380856514, 7.28528261185, -12.6851491928, -2.9443936348, -5.45916604996, 19.7839031219, 73.86302948]],
        "icov": [[0.000333675561706, -0.000143260636833, -0.000160861600307, -3.9934173401e-05, 0.000311709009111, 0.000254641490756, -3.18506426993e-05, 2.89152330879e-06, -0.000204218522413, 5.90591844229e-05, 0.000162710886798, -1.28268482058e-06, 2.39367727772e-05], [-0.000143260636833, 0.00185496208724, 0.000100497512904, -0.00147389667109, -0.000397129770136, 0.000360956240911, -0.000342603336321, 0.000667378015351, 0.000205128380912, -0.000694219314028, -2.24323557632e-05, 0.000420457770815, -7.839447062e-05], [-0.000160861600307, 0.000100497512904, 0.00279006548226, -0.0032223444432, 3.89779088437e-05, -0.000246254028752, -0.00110252969898, 0.00131610268727, -0.000684398924932, 0.00191982986871, -0.000951456546318, -5.8085697674e-06, -0.000160499694175], [-3.9934173401e-05, -0.00147389667109, -0.0032223444432, 0.0091587882489, -0.00463230721653, 0.0019539007917, -0.00028043371276, -0.00107683974784, 0.00249973125756, -0.00128374330234, 0.00157673249487, -0.00105449464172, 0.000436470290879], [0.000311709009111, -0.000397129770136, 3.89779088437e-05, -0.00463230721653, 0.0123966839164, -0.00547614507377, 0.0019963318482, -0.00128217332531, -0.00382034457289, 0.00121257302817, 0.00205252994783, -0.000299982377328, -0.00264049274847], [0.000254641490756, 0.000360956240911, -0.000246254028752, 0.0019539007917, -0.00547614507377, 0.0127329854295, -0.00418353034183, -0.00254550646059, 0.0030326093547, -0.00153917365242, -0.00219779321924, 0.0014482899569, 0.000421691074735], [-3.18506426993e-05, -0.000342603336321, -0.00110252969898, -0.00028043371276, 0.0019963318482, -0.00418353034183, 0.0121876588091, -0.00182714138646, -0.00222877995111, -0.00303109944798, -0.000114647678856, 0.000275403115666, 0.00185008859262], [2.89152330879e-06, 0.000667378015351, 0.00131610268727, -0.00107683974784, -0.00128217332531, -0.00254550646059, -0.00182714138646, 0.0161204598844, -0.00555425044149, 0.00129276991356, -0.00197940645739, 0.00062830618117, -0.00276128668338], [-0.000204218522413, 0.000205128380912, -0.000684398924932, 0.00249973125756, -0.00382034457289, 0.0030326093547, -0.00222877995111, -0.00555425044149, 0.016211418435, -0.00347338081338, -0.00021446084429, -0.00256792316213, 0.00399710563943], [5.90591844229e-05, -0.000694219314028, 0.00191982986871, -0.00128374330234, 0.00121257302817, -0.00153917365242, -0.00303109944798, 0.00129276991356, -0.00347338081338, 0.0136238019913, -0.00246636127122, 0.000209147110581, -0.00136263796594], [0.000162710886798, -2.24323557632e-05, -0.000951456546318, 0.00157673249487, 0.00205252994783, -0.00219779321924, -0.000114647678856, -0.00197940645739, -0.00021446084429, -0.00246636127122, 0.0151365092024, -0.00161098688841, 0.000564016809221], [-1.28268482058e-06, 0.000420457770815, -5.8085697674e-06, -0.00105449464172, -0.000299982377328, 0.0014482899569, 0.000275403115666, 0.00062830618117, -0.00256792316213, 0.000209147110581, -0.00161098688841, 0.0133069530129, -0.00374302035198], [2.39367727772e-05, -7.839447062e-05, -0.000160499694175, 0.000436470290879, -0.00264049274847, 0.000421691074735, 0.00185008859262, -0.00276128668338, 0.00399710563943, -0.00136263796594, 0.000564016809221, -0.00374302035198, 0.0167930722237]]
    },
    "spectral_contrast_coeffs": {
        "max": [-0.40554279089, -0.542979598045, -0.552544236183, -0.618075013161, -0.614385485649, -0.622832477093],
        "mean": [-0.676632761955, -0.770280599594, -0.781870365143, -0.803501605988, -0.788381874561, -0.746387302876],
        "min": [-0.97141879797, -0.960859894753, -0.966887831688, -0.966394782066, -0.962401509285, -0.960101664066],
        "stdev": [0.0893114134669, 0.0679984614253, 0.0576154142618, 0.0413537099957, 0.0365125611424, 0.0295726358891]
    },
    "spectral_contrast_valleys": {
        "max": [-5.13199615479, -4.62847423553, -5.41301631927, -5.28267765045, -5.86872005463, -7.65094947815],
        "mean": [-7.20260429382, -6.37871026993, -7.03198957443, -7.08972024918, -7.0981054306, -9.92414188385],
        "min": [-27.554233551, -27.4666690826, -27.2382411957, -27.0909767151, -27.2828655243, -27.4070644379],
        "stdev": [1.51018917561, 1.18030822277, 1.03467655182, 1.0266340971, 0.97301030159, 1.00059580803]
    }
},
"rhythm": {
    "beats_count": 69,
    "beats_loudness": {
        "max": 0.0832068100572,
        "mean": 0.0308613423258,
        "min": 0.00119385728613,
        "stdev": 0.0175107624382
    },
    "bpm": 115.383750916,
    "bpm_histogram_first_peak_bpm": 115,
    "bpm_histogram_first_peak_weight": 0.448979556561,
    "bpm_histogram_second_peak_bpm": 120,
    "bpm_histogram_second_peak_spread": 0.5,
    "bpm_histogram_second_peak_weight": 0.102941177785,
    "danceability": 1.1183719635,
    "onset_rate": 4.24107122421,
    "beats_loudness_band_ratio": {
        "max": [0.767032206059, 0.785526096821, 0.716532766819, 0.562004566193, 0.52622538805, 0.535064339638],
        "mean": [0.228592708707, 0.262694686651, 0.204406097531, 0.158307477832, 0.149611100554, 0.0756715089083],
        "min": [0.00119008275215, 0.0019643434789, 0.00692015094683, 0.00967542827129, 0.00811833888292, 0.00815112702549],
        "stdev": [0.195974722505, 0.21067532897, 0.14653429389, 0.140662804246, 0.135344490409, 0.0685348883271]
    },
