{
"metadata": {
    "version": {
        "essentia": "2.1-beta5",
        "essentia_git_sha": "Undefined",
        "extractor": "music 2.0"
    },
    "audio_properties": {
        "analysis": {
            "equal_loudness": 0,
            "length": 39.35779953,
            "sample_rate": 44100,
            "start_time": 146.239273071,
            "downmix": "mix"
        },
        "bit_rate": 192000,
        "length": 185.620330811,
        "lossless": 0,
        "number_channels": 2,
        "replay_gain": -12.0381813049,
        "sample_rate": 48000,
        "codec": "mp3",
        "md5_encoded": "aeb9d0a99532c7f883dbaf879ed9ab28"
    },
    "tags": {
        "file_name": "Portugal_A Cidade Até Ser Dia_Anabela.mp3",
        "encoding": ["Lavf58.29.100"]
    }
},
"lowlevel": {
    "average_loudness": 0.979397296906,
    "barkbands_crest": {
        "max": 26.8779907227,
        "mean": 6.83916664124,
        "min": 2.49051427841,
        "stdev": 3.07454514503
    },
    "barkbands_flatness_db": {
        "max": 0.581193983555,
        "mean": 0.122510738671,
        "min": 0.0561395511031,
        "stdev": 0.036762457341
    },
    "barkbands_kurtosis": {
        "max": 3307.24804688,
        "mean": 2.93342256546,
        "min": -1.6740500927,
        "stdev": 83.6006774902
    },
    "barkbands_skewness": {
        "max": 56.4524383545,
        "mean": 0.435126334429,
        "min": -1.03022456169,
        "stdev": 1.79681932926
    },
    "barkbands_spread": {
        "max": 64.7386779785,
        "mean": 23.8571357727,
        "min": 0.16648760438,
        "stdev": 8.94033145905
    },
    "dissonance": {
        "max": 0.499999165535,
        "mean": 0.476191192865,
        "min": 0.362835675478,
        "stdev": 0.0178888700902
    },
    "dynamic_complexity": 1.08247327805,
    "erbbands_crest": {
        "max": 24.6461391449,
        "mean": 8.41626358032,
        "min": 1.97004699707,
        "stdev": 3.68108010292
    },
    "erbbands_flatness_db": {
        "max": 0.329349309206,
        "mean": 0.200184181333,
        "min": 0.0310879405588,
        "stdev": 0.039970997721
    },
    "erbbands_kurtosis": {
        "max": 5.83377933502,
        "mean": -0.109544843435,
        "min": -1.66939878464,
        "stdev": 0.857068061829
    },
    "erbbands_skewness": {
        "max": 1.81258749962,
        "mean": 0.0388833843172,
        "min": -1.98987281322,
        "stdev": 0.454671114683
    },
    "erbbands_spread": {
        "max": 153.330093384,
        "mean": 28.0165214539,
        "min": 6.24909067154,
        "stdev": 11.0648899078
    },
    "hfc": {
        "max": 77.5838241577,
        "mean": 34.206615448,
        "min": 2.29802623153e-07,
        "stdev": 14.120549202
    },
    "loudness_ebu128": {
        "integrated": -10.5598621368,
        "loudness_range": 2.10559558868,
        "momentary": {
            "max": -8.53388118744,
            "mean": -10.7042016983,
            "min": -16.565776825,
            "stdev": 1.15977406502
        },
        "short_term": {
            "max": -9.17782783508,
            "mean": -10.6260690689,
            "min": -12.8381652832,
            "stdev": 0.786246657372
        }
    },
    "melbands_crest": {
        "max": 39.9852142334,
        "mean": 9.29074764252,
        "min": 3.5953412056,
        "stdev": 4.39867639542
    },
    "melbands_flatness_db": {
        "max": 0.564282953739,
        "mean": 0.126840695739,
        "min": 0.0531666614115,
        "stdev": 0.0391466021538
    },
    "melbands_kurtosis": {
        "max": 6448.43798828,
        "mean": 8.02733707428,
        "min": -1.60060989857,
        "stdev": 163.690887451
    },
    "melbands_skewness": {
        "max": 77.8619613647,
        "mean": 1.15348052979,
        "min": -0.807573676109,
        "stdev": 2.48924064636
    },
    "melbands_spread": {
        "max": 93.9821472168,
        "mean": 37.3221206665,
        "min": 0.151784002781,
        "stdev": 12.6099061966
    },
    "pitch_salience": {
        "max": 0.856682360172,
        "mean": 0.607517540455,
        "min": 0.00285698939115,
        "stdev": 0.0951647609472
    },
    "silence_rate_20dB": {
        "max": 1,
        "mean": 1,
        "min": 1,
        "stdev": 0
    },
    "silence_rate_30dB": {
        "max": 1,
        "mean": 1,
        "min": 1,
        "stdev": 0
    },
    "silence_rate_60dB": {
        "max": 1,
        "mean": 0.00707547180355,
        "min": 0,
        "stdev": 0.083817705512
    },
    "spectral_centroid": {
        "max": 4455.55029297,
        "mean": 2069.45605469,
        "min": 770.068054199,
        "stdev": 401.780883789
    },
    "spectral_complexity": {
        "max": 53,
        "mean": 29.4457550049,
        "min": 0,
        "stdev": 8.04553413391
    },
    "spectral_decrease": {
        "max": -1.64179787361e-16,
        "mean": -5.70233460451e-09,
        "min": -1.33273694303e-08,
        "stdev": 1.91346094525e-09
    },
    "spectral_energy": {
        "max": 0.052044134587,
        "mean": 0.0246245637536,
        "min": 6.61857180173e-10,
        "stdev": 0.00817671511322
    },
    "spectral_energyband_high": {
        "max": 0.00854381173849,
        "mean": 0.00103521172423,
        "min": 1.28021985374e-11,
        "stdev": 0.000844573078211
    },
    "spectral_energyband_low": {
        "max": 0.0366128273308,
        "mean": 0.00229264772497,
        "min": 2.82499607041e-10,
        "stdev": 0.00385159137659
    },
    "spectral_energyband_middle_high": {
        "max": 0.0373938679695,
        "mean": 0.0134081318974,
        "min": 3.37952192273e-12,
        "stdev": 0.00676472252235
    },
    "spectral_energyband_middle_low": {
        "max": 0.0362927466631,
        "mean": 0.00839982461184,
        "min": 2.42917312784e-13,
        "stdev": 0.00465345103294
    },
    "spectral_entropy": {
        "max": 8.90518569946,
        "mean": 7.63062620163,
        "min": 6.85997438431,
        "stdev": 0.286735534668
    },
    "spectral_flux": {
        "max": 0.167861610651,
        "mean": 0.091178022325,
        "min": 5.60242551728e-06,
        "stdev": 0.0258399005979
    },
    "spectral_kurtosis": {
        "max": 14.0003643036,
        "mean": 3.88283705711,
        "min": -0.000532150268555,
        "stdev": 1.99496543407
    },
    "spectral_rms": {
        "max": 0.00712564121932,
        "mean": 0.00481792213395,
        "min": 8.03563523277e-07,
        "stdev": 0.000900895975064
    },
    "spectral_rolloff": {
        "max": 6610.69335938,
        "mean": 2452.95239258,
        "min": 21.533203125,
        "stdev": 785.186706543
    },
    "spectral_skewness": {
        "max": 2.28455281258,
        "mean": 1.23900973797,
        "min": 0.244495838881,
        "stdev": 0.250507563353
    },
    "spectral_spread": {
        "max": 14851012,
        "mean": 3437332.25,
        "min": 1931381.875,
        "stdev": 1018162.8125
    },
    "spectral_strongpeak": {
        "max": 12.8718423843,
        "mean": 1.85544908047,
        "min": 0,
        "stdev": 1.57524621487
    },
    "zerocrossingrate": {
        "max": 0.16552734375,
        "mean": 0.0813549682498,
        "min": 0,
        "stdev": 0.0176945794374
    },
    "barkbands": {
        "max": [0.00262678647414, 0.0291851125658, 0.0143643505871, 0.00880588311702, 0.0126257883385, 0.0124371685088, 0.0170912425965, 0.0158293657005, 0.0165673848242, 0.0271338000894, 0.0131587060168, 0.0172789860517, 0.0118866441771, 0.0160570032895, 0.0143428826705, 0.022721869871, 0.0130628263578, 0.00887126289308, 0.011293489486, 0.00321779609658, 0.00284637953155, 0.00250019878149, 0.00234021572396, 0.00174732261803, 0.000577173253987, 0.000136958522489, 1.85044098089e-06],
        "mean": [0.00011529585754, 0.00126476632431, 0.000616227043793, 0.000571042241063, 0.00135062728077, 0.00132004520856, 0.00178222102113, 0.00136852019932, 0.00161929859314, 0.00187984085642, 0.00102837476879, 0.00207675970159, 0.000903550651856, 0.00145110406447, 0.00168713589665, 0.00109157525003, 0.00112224719487, 0.000760709750466, 0.00126639695372, 0.000610294286162, 0.000265632435912, 0.000183661657502, 0.000119394258945, 0.000125793725601, 4.10021712014e-05, 3.05601020045e-06, 1.87085480441e-09],
        "min": [5.96844906831e-10, 2.0120360239e-11, 1.42162304098e-15, 6.96121830427e-15, 1.72924351162e-14, 2.96055599469e-14, 2.2165576598e-14, 3.3610599384e-14, 6.1473158649e-14, 1.26575426572e-13, 8.86662027437e-14, 1.69935883399e-13, 2.03629932469e-13, 2.13209034846e-13, 2.13009162175e-13, 2.42888825372e-13, 3.34421509582e-13, 3.47220814384e-13, 5.88588693843e-13, 6.88922226558e-13, 7.09550419722e-13, 5.21341921456e-13, 1.06099157238e-12, 1.64209216971e-12, 1.35464328557e-12, 2.76843999114e-12, 3.95481087115e-12],
        "stdev": [0.000201377202757, 0.00297450460494, 0.00119811180048, 0.000808189099189, 0.00146649335511, 0.00155140331481, 0.002114654053, 0.00169131637085, 0.00191938946955, 0.00226784660481, 0.00146687275264, 0.00273458985612, 0.00114568485878, 0.00180563947652, 0.00199837097898, 0.00146508228499, 0.00129507016391, 0.000746250036173, 0.00109265442006, 0.00046173093142, 0.000261593668256, 0.000203592964681, 0.000161230942467, 0.000195309592527, 7.00733216945e-05, 8.10610981716e-06, 4.4914330033e-08]
    },
    "erbbands": {
        "max": [1.30731248856, 6.59122371674, 15.0442285538, 16.4553318024, 52.5301246643, 43.8034286499, 79.3260803223, 130.509811401, 237.172668457, 244.698928833, 373.158477783, 461.395294189, 493.207519531, 1074.41552734, 592.856445312, 840.261108398, 570.367980957, 715.058105469, 1025.81298828, 609.842590332, 1498.47253418, 703.807861328, 464.315734863, 639.056640625, 407.6144104, 172.911331177, 168.78805542, 102.459526062, 96.8073883057, 90.655708313, 63.6165390015, 38.2283210754, 28.1316261292, 8.81985664368, 4.33317089081, 1.06485998631, 0.0247879289091, 0.0011514024809, 0.0002694632567, 7.26741636754e-05],
        "mean": [0.0435388311744, 0.257068902254, 0.662028551102, 1.4967880249, 2.73534607887, 4.66058015823, 9.26246929169, 10.5474414825, 23.9709243774, 22.6845226288, 36.2012329102, 37.5271377563, 44.2644767761, 61.1398277283, 54.1402435303, 87.3779144287, 49.8963661194, 59.4604682922, 111.228309631, 55.9365310669, 66.1569213867, 58.186252594, 44.4350547791, 52.1159820557, 60.0665779114, 31.56965065, 15.9323062897, 7.8947467804, 6.31779336929, 4.97857618332, 3.19679713249, 2.71297383308, 1.87139248848, 0.61048167944, 0.229736000299, 0.0375220514834, 0.000955494004302, 5.72192730033e-05, 2.26958945859e-05, 3.32672098011e-05],
        "min": [3.79201781087e-09, 6.20756224201e-10, 1.72466346759e-10, 7.1887953923e-11, 6.98281571454e-11, 7.57826371101e-11, 1.19361173723e-10, 2.36732522474e-10, 2.68268685044e-10, 4.1708275722e-10, 8.25458146281e-10, 1.5783303553e-09, 2.45575360047e-09, 4.36041869278e-09, 4.79849093793e-09, 7.66178409606e-09, 1.21184031698e-08, 1.0192444222e-08, 1.27216344126e-08, 1.10920570506e-08, 1.32970523481e-08, 1.86025186366e-08, 2.11827888563e-08, 2.05744843385e-08, 2.63226311858e-08, 3.38098935515e-08, 2.62962096542e-08, 2.7524885482e-08, 1.60847726249e-08, 2.21332641104e-08, 3.1163690295e-08, 3.38339916084e-08, 2.3851523423e-08, 1.65178306588e-08, 9.43460687353e-09, 9.150876501e-09, 4.51746906549e-09, 2.33955299578e-09, 5.81853065729e-10, 6.04884406452e-11],
        "stdev": [0.114917337894, 0.613643944263, 1.43613612652, 1.98016798496, 4.65788316727, 5.10831069946, 10.381020546, 14.5846128464, 29.2174186707, 27.5657730103, 42.7550315857, 49.0086631775, 52.8652229309, 76.2675857544, 56.6544914246, 116.285087585, 53.5934371948, 67.2804794312, 133.839096069, 61.9175300598, 88.9495391846, 62.9584846497, 39.3923492432, 49.5608100891, 50.3976974487, 23.4992446899, 14.3294582367, 8.20855426788, 7.22638654709, 6.49872303009, 4.02683830261, 3.60489559174, 3.1117374897, 1.02281010151, 0.427188426256, 0.0784071013331, 0.00191331573296, 9.05628621695e-05, 1.41115169754e-05, 1.14802560347e-05]
    },
    "gfcc": {
        "mean": [14.3435630798, 93.3053894043, -179.602554321, 38.3942947388, -73.5744094849, 16.4090747833, -37.9348983765, 10.7497491837, -20.7135868073, -5.16974449158, -0.451597839594, -13.0201711655, 1.41315603256],
        "cov": [[7883.26660156, 717.135620117, -551.172241211, 273.164886475, -521.870361328, -37.7048988342, -420.011199951, -12.6831712723, -179.497360229, -113.035270691, -107.266616821, -112.879501343, -15.944524765], [717.135620117, 851.746398926, 118.075828552, 125.088432312, 64.3153152466, -191.992599487, 50.9562606812, -92.4403152466, -77.1207046509, -52.3703727722, 138.935653687, -85.7719116211, 11.9014368057], [-551.172241211, 118.075828552, 691.208190918, 200.595077515, -39.6554489136, -18.304769516, -72.2864608765, 29.007768631, -85.7164764404, 65.7100372314, 21.3583660126, 61.3500137329, -32.7284126282], [273.164886475, 125.088432312, 200.595077515, 195.874298096, 24.8536281586, -26.3929576874, -32.871055603, 4.38792800903, -25.7558555603, -2.03615617752, 13.5241565704, 10.8751182556, -0.406035900116], [-521.870361328, 64.3153152466, -39.6554489136, 24.8536281586, 226.295227051, 33.143825531, 78.0634918213, -2.53860497475, 27.9297332764, 2.5170135498, 28.2149562836, -25.2708072662, 9.32888031006], [-37.7048988342, -191.992599487, -18.304769516, -26.3929576874, 33.143825531, 164.935440063, 30.1269550323, 37.7763442993, 35.1317138672, 19.529127121, -36.8908996582, 26.4548931122, -0.531906604767], [-420.011199951, 50.9562606812, -72.2864608765, -32.871055603, 78.0634918213, 30.1269550323, 145.75138855, 19.870388031, 30.421503067, -8.10743141174, 38.9123840332, -13.7321014404, 8.33119773865], [-12.6831712723, -92.4403152466, 29.007768631, 4.38792800903, -2.53860497475, 37.7763442993, 19.870388031, 83.5947799683, 41.5527420044, 23.626947403, -4.87535142899, 17.0075893402, -0.1734161973], [-179.497360229, -77.1207046509, -85.7164764404, -25.7558555603, 27.9297332764, 35.1317138672, 30.421503067, 41.5527420044, 122.261161804, 28.8043441772, -6.70143222809, 25.2188816071, 22.2582912445], [-113.035270691, -52.3703727722, 65.7100372314, -2.03615617752, 2.5170135498, 19.529127121, -8.10743141174, 23.626947403, 28.8043441772, 78.6429443359, 18.5541210175, 15.1446151733, -0.0899777561426], [-107.266616821, 138.935653687, 21.3583660126, 13.5241565704, 28.2149562836, -36.8908996582, 38.9123840332, -4.87535142899, -6.70143222809, 18.5541210175, 99.6979980469, -13.5247087479, 6.05958127975], [-112.879501343, -85.7719116211, 61.3500137329, 10.8751182556, -25.2708072662, 26.4548931122, -13.7321014404, 17.0075893402, 25.2188816071, 15.1446151733, -13.5247087479, 92.7952957153, 27.3363113403], [-15.944524765, 11.9014368057, -32.7284126282, -0.406035900116, 9.32888031006, -0.531906604767, 8.33119773865, -0.1734161973, 22.2582912445, -0.0899777561426, 6.05958127975, 27.3363113403, 58.6726913452]],
        "icov": [[0.00159038719721, -0.00394755741581, 0.00512093259022, -0.00470633106306, 0.00415354827419, -0.00477823801339, 0.00506003806368, -0.00543678877875, 0.00439580669627, -0.00351322162896, 0.00232364423573, -0.000927381566726, 0.0011376964394], [-0.00394755741581, 0.0125835696235, -0.0134546523914, 0.0106584429741, -0.0103419329971, 0.0136497402564, -0.0136475404724, 0.0156361032277, -0.0115689346567, 0.0103785805404, -0.00814891513437, 0.00434783473611, -0.0040838662535], [0.00512093259022, -0.0134546523914, 0.0200060065836, -0.0177770517766, 0.0135864084587, -0.0155050922185, 0.0163673441857, -0.0192075315863, 0.0172901395708, -0.0150076551363, 0.00825163349509, -0.00606250343844, 0.00586591893807], [-0.00470633106306, 0.0106584429741, -0.0177770517766, 0.0231996774673, -0.0144310863689, 0.0141545711085, -0.0118982624263, 0.0140307089314, -0.0136989820749, 0.0135750733316, -0.00745000084862, 0.00253273523413, -0.00423579383641], [0.00415354827419, -0.0103419329971, 0.0135864084587, -0.0144310863689, 0.0174484737217, -0.0141063677147, 0.00995525438339, -0.0120191238821, 0.0100930267945, -0.0100574428216, 0.00569495512173, -0.000215661973925, 0.00202204170637], [-0.00477823801339, 0.0136497402564, -0.0155050922185, 0.0141545711085, -0.0141063677147, 0.0246494505554, -0.0181031767279, 0.0151063119993, -0.012848559767, 0.00884359702468, -0.00398793164641, 0.00139795965515, -0.00288833794184], [0.00506003806368, -0.0136475404724, 0.0163673441857, -0.0118982624263, 0.00995525438339, -0.0181031767279, 0.0289390403777, -0.0213121902198, 0.0123878829181, -0.00673757540062, 0.0021943168249, -0.00285187806003, 0.00366408727132], [-0.00543678877875, 0.0156361032277, -0.0192075315863, 0.0140307089314, -0.0120191238821, 0.0151063119993, -0.0213121902198, 0.0382605269551, -0.0213894881308, 0.01093828585, -0.00886219274253, 0.00485410867259, -0.00329416524619], [0.00439580669627, -0.0115689346567, 0.0172901395708, -0.0136989820749, 0.0100930267945, -0.012848559767, 0.0123878829181, -0.0213894881308, 0.0277973264456, -0.0167323853821, 0.00950573757291, -0.00678553758189, 0.00115642766468], [-0.00351322162896, 0.0103785805404, -0.0150076551363, 0.0135750733316, -0.0100574428216, 0.00884359702468, -0.00673757540062, 0.01093828585, -0.0167323853821, 0.030234279111, -0.0136647289619, 0.00378380715847, -0.00262680812739], [0.00232364423573, -0.00814891513437, 0.00825163349509, -0.00745000084862, 0.00569495512173, -0.00398793164641, 0.0021943168249, -0.00886219274253, 0.00950573757291, -0.0136647289619, 0.0216171853244, -0.00204498623498, 0.000649441964924], [-0.000927381566726, 0.00434783473611, -0.00606250343844, 0.00253273523413, -0.000215661973925, 0.00139795965515, -0.00285187806003, 0.00485410867259, -0.00678553758189, 0.00378380715847, -0.00204498623498, 0.0195925179869, -0.0103691089898], [0.0011376964394, -0.0040838662535, 0.00586591893807, -0.00423579383641, 0.00202204170637, -0.00288833794184, 0.00366408727132, -0.00329416524619, 0.00115642766468, -0.00262680812739, 0.000649441964924, -0.0103691089898, 0.0248676240444]]
    },
    "melbands": {
        "max": [0.00964857358485, 0.00653143040836, 0.00375205976889, 0.00310155889019, 0.00246493448503, 0.002794575179, 0.00377822155133, 0.00232498440892, 0.00295659573749, 0.00259814085439, 0.0025098323822, 0.00467196758837, 0.00204349122941, 0.0021507483907, 0.00209185830317, 0.00102959317155, 0.00131161196623, 0.00194665079471, 0.000911076844204, 0.000739853072446, 0.00177503074519, 0.000818337488454, 0.000828930584248, 0.000347571010934, 0.000611265713815, 0.00038222616422, 0.00020459877851, 0.000120027463709, 0.000137134091347, 6.84633196215e-05, 6.19896381977e-05, 7.60663824622e-05, 5.50887198187e-05, 6.01609717705e-05, 3.75210729544e-05, 2.2591331799e-05, 2.77790531982e-05, 3.22537016473e-05, 1.39330995808e-05, 6.66446476316e-06],
        "mean": [0.000369475805201, 0.000345618929714, 0.000286163645796, 0.000266150542302, 0.000294083321933, 0.000241632995312, 0.000371563713998, 0.000237810920225, 0.000302542146528, 0.000227828524658, 0.000220709509449, 0.000253116129898, 0.000167409874848, 0.000236154548475, 0.000161944029969, 9.11341048777e-05, 0.000108243060822, 0.000184134376468, 9.86223603832e-05, 6.21030194452e-05, 8.15126622911e-05, 5.79795741942e-05, 5.52520432393e-05, 3.47676759702e-05, 4.10253051086e-05, 5.51845223526e-05, 2.67223713308e-05, 1.94975982595e-05, 1.15647762868e-05, 5.15899728271e-06, 4.49879507869e-06, 3.64453671864e-06, 3.28392547999e-06, 2.53339339906e-06, 1.85549481557e-06, 1.56121836881e-06, 1.76425362497e-06, 1.61719322023e-06, 7.01875706e-07, 4.38279897708e-07],
        "min": [5.72125888332e-11, 1.87028749929e-15, 2.47480157298e-15, 3.14205431828e-15, 4.29697527153e-15, 5.97124261793e-15, 4.36066960807e-15, 5.26966555651e-15, 8.13649938847e-15, 9.35459290596e-15, 1.15755065174e-14, 1.81577809158e-14, 1.21008329632e-14, 2.48446062849e-14, 1.97942536521e-14, 2.25892692545e-14, 1.61242936727e-14, 1.91311539093e-14, 1.7387346852e-14, 1.39276746603e-14, 1.55763345066e-14, 1.8195346827e-14, 1.87858558462e-14, 1.14863342768e-14, 1.46030512986e-14, 2.2600824478e-14, 1.98852232965e-14, 1.8770683792e-14, 1.6945104174e-14, 1.55111332985e-14, 1.38090129677e-14, 8.34227841971e-15, 1.08414474365e-14, 1.21966916818e-14, 1.94771177404e-14, 1.12818164777e-14, 2.23201431702e-14, 1.69809082567e-14, 1.62553804916e-14, 1.3311428545e-14],
        "stdev": [0.000889673945494, 0.000692705332767, 0.00037123481161, 0.000322486041114, 0.000306806439767, 0.000313649768941, 0.000446751306299, 0.000278276042081, 0.000344784901245, 0.000294142635539, 0.00027183725615, 0.000332619005349, 0.000218312459765, 0.000312850461341, 0.000219848196139, 0.000104738282971, 0.000135380469146, 0.000235713814618, 0.00011151941726, 8.42775771162e-05, 0.000115790207929, 7.28905506548e-05, 7.13089393685e-05, 3.27559391735e-05, 4.60122610093e-05, 5.37055748282e-05, 2.19080829993e-05, 1.64749544638e-05, 1.15671209642e-05, 5.50461436433e-06, 5.15215970154e-06, 4.43423641627e-06, 4.0314830585e-06, 3.69874601347e-06, 2.34094886764e-06, 2.07746347769e-06, 2.77181538877e-06, 3.10995778818e-06, 1.18726063647e-06, 8.10121093764e-07]
    },
    "melbands128": {
        "max": [0.00244172965176, 0.0118286861107, 0.0125188883394, 0.0109318587929, 0.00867342017591, 0.00636803405359, 0.00394360302016, 0.00571282580495, 0.00689064152539, 0.00410680519417, 0.0032891058363, 0.00261485436931, 0.00400777580217, 0.00225773872808, 0.00274985702708, 0.00480713974684, 0.00356130534783, 0.00698097608984, 0.00377479637973, 0.00464471569285, 0.00406017526984, 0.00598625326529, 0.00560573814437, 0.00383238727227, 0.00582703156397, 0.00417561316863, 0.00506677338853, 0.00474480958655, 0.00447847601026, 0.00839400105178, 0.00486268848181, 0.00241604424082, 0.00404478283599, 0.00325855799019, 0.00318828597665, 0.00489654764533, 0.00502230320126, 0.00389414955862, 0.00323605863377, 0.00175084022339, 0.00149871816393, 0.00423484481871, 0.00248500634916, 0.00281270849518, 0.00264982553199, 0.00390974292532, 0.00355638470501, 0.00174864917062, 0.00098846538458, 0.00222309539095, 0.00117513968144, 0.00123693223577, 0.00463693682104, 0.00181444908958, 0.00243329652585, 0.001602639677, 0.00156879075803, 0.00157839420717, 0.00161399517674, 0.000443588069174, 0.000597395759542, 0.00118670763914, 0.00125474564265, 0.00119960249867, 0.00108657311648, 0.000746803882066, 0.000617468322162, 0.000650310190395, 0.000356663920684, 0.000241977657424, 0.000216058979277, 0.000243175032665, 0.000214835468796, 0.000184660457307, 0.000209318401176, 8.08874174254e-05, 6.73080940032e-05, 7.09693413228e-05, 8.50862852531e-05, 8.31256402307e-05, 0.000149093597429, 6.42099694232e-05, 7.06078571966e-05, 6.61413359921e-05, 6.23392115813e-05, 0.000116335999337, 6.16164543317e-05, 2.56420626101e-05, 2.93736447929e-05, 6.66498090141e-05, 2.28101835091e-05, 3.05373396259e-05, 3.43261599483e-05, 3.15482830047e-05, 6.3238076109e-05, 8.12514845165e-05, 2.27638774959e-05, 2.47268162639e-05, 2.06009881367e-05, 1.07149353425e-05, 1.10268047138e-05, 7.45427860238e-06, 1.09780594357e-05, 1.0387068869e-05, 6.1328087213e-06, 5.64589799978e-06, 2.92564300253e-06, 6.72353326081e-06, 1.04272896806e-06, 2.62210075874e-08, 1.13101448207e-08, 1.06971960179e-08, 1.83268085152e-08, 1.94633642536e-08, 1.73744023613e-08, 9.12191566727e-09, 8.85078232926e-09, 8.61090398985e-09, 8.38330738162e-09, 8.18243961476e-09, 7.99870569779e-09, 7.83813192129e-09, 7.68252572669e-09, 7.56411910885e-09, 7.45507211519e-09, 7.38099403819e-09, 7.3240489229e-09, 7.28839966158e-09],
        "mean": [9.2669390142e-05, 0.000361225160304, 0.00048195652198, 0.000398117816076, 0.000332989031449, 0.000302076950902, 0.000312260643113, 0.000266176473815, 0.000268822273938, 0.000284612382529, 0.000247991119977, 0.000255782768363, 0.000380644749384, 0.00024403964926, 0.000200838359888, 0.000262091460172, 0.000297354854411, 0.00050144380657, 0.000298359693261, 0.000264227273874, 0.000150339445099, 0.000287140224827, 0.00037614244502, 0.00022944349621, 0.000289144110866, 0.000151732179802, 0.000262022949755, 0.000193689164007, 0.000209222576814, 0.000361450191122, 0.000223967756028, 0.000123278718092, 0.000232227394008, 0.000103429898445, 0.000207058008527, 0.000288645416731, 0.000277977931546, 0.000130371685373, 0.000124234371469, 0.00010642100824, 5.13660997967e-05, 0.000123409176013, 0.000100066470623, 9.98604955385e-05, 0.000152493972564, 0.000207633376704, 0.000235453408095, 6.8254674261e-05, 5.54300058866e-05, 8.5075480456e-05, 4.83377589262e-05, 4.93482693855e-05, 0.000114015041618, 6.86450075591e-05, 7.24736091797e-05, 4.7558634833e-05, 4.93091138196e-05, 8.88125432539e-05, 4.1948434955e-05, 2.65250728262e-05, 3.42579041899e-05, 4.17499795731e-05, 3.39397192874e-05, 3.90084242099e-05, 5.58965984965e-05, 6.22921143076e-05, 5.50450240553e-05, 2.80542935798e-05, 1.96490036615e-05, 2.39229575527e-05, 2.17613869609e-05, 1.72008567461e-05, 1.18560283227e-05, 1.33270614242e-05, 6.72715987093e-06, 5.41846929991e-06, 4.29903502663e-06, 3.63348317478e-06, 4.64840513814e-06, 5.48251819055e-06, 3.55734368895e-06, 2.92371782962e-06, 3.4356235119e-06, 3.50570371666e-06, 3.02285616272e-06, 2.78758898276e-06, 2.39140831582e-06, 1.90126843336e-06, 1.90127161659e-06, 1.75949901404e-06, 1.57664624112e-06, 1.46202251017e-06, 1.60254660386e-06, 1.40053805353e-06, 2.1288701646e-06, 2.47861726166e-06, 1.30037324197e-06, 8.16798888081e-07, 7.79818606134e-07, 5.47733066014e-07, 5.12549149789e-07, 4.05418006721e-07, 3.78920191224e-07, 3.41277512916e-07, 2.35861136844e-07, 2.1280455087e-07, 1.6179602369e-07, 1.37422262014e-07, 2.26648424473e-08, 9.15081482811e-11, 1.2160393352e-11, 1.6467318828e-11, 2.6183253482e-11, 2.69427917476e-11, 2.45567004231e-11, 1.52884944288e-11, 9.19322604154e-12, 8.73933651141e-12, 8.50336034225e-12, 8.27655825819e-12, 8.0783244677e-12, 7.90879688128e-12, 7.75026657435e-12, 7.62003481147e-12, 7.49251268667e-12, 7.38364491076e-12, 7.30814627564e-12, 7.26803166262e-12],
        "min": [2.60815896658e-10, 5.35265373691e-11, 4.54286087914e-12, 9.87469527601e-16, 9.72697167122e-16, 5.97935962879e-16, 1.16044403158e-15, 1.78573857632e-15, 9.33137869749e-16, 2.51068442973e-15, 9.01732746801e-16, 3.1652596329e-15, 2.42206191355e-15, 8.79147566175e-16, 2.35910195458e-15, 1.62409409092e-15, 1.56871327689e-15, 4.97445001044e-15, 2.38266259953e-15, 2.38712942778e-15, 1.6959044854e-15, 4.32058631494e-15, 6.46769116942e-15, 5.21774582498e-15, 2.62859416884e-15, 3.30944348701e-15, 9.68105803856e-15, 9.90047684135e-15, 1.1910146365e-14, 1.5930250283e-14, 1.22651192384e-14, 7.05765512289e-15, 1.09790174456e-14, 1.33704921524e-14, 1.92105276727e-14, 2.54626523452e-14, 7.33736191922e-15, 1.35813991211e-14, 1.59614041548e-14, 2.07508536992e-14, 1.60653520381e-14, 1.88272859217e-14, 1.81722550148e-14, 1.34555325662e-14, 9.71435066855e-15, 7.74260196294e-15, 1.50542860784e-14, 1.17831083635e-14, 1.17941350384e-14, 1.39516075762e-14, 1.65586996019e-14, 8.11816027813e-15, 8.13536690542e-15, 9.21295205652e-15, 1.09845790639e-14, 1.84570850899e-14, 1.60148705685e-14, 1.48019498812e-14, 6.85805562052e-15, 1.51728283393e-14, 7.94068231172e-15, 7.37644063127e-15, 8.59335931407e-15, 1.44582357696e-14, 1.48556280531e-14, 1.30572771562e-14, 1.55770443202e-14, 5.65996393905e-15, 2.60142689996e-14, 1.02026956558e-14, 1.34345024322e-14, 1.38962480439e-14, 1.76679417624e-14, 1.1945703114e-14, 1.11895839071e-14, 1.66529879215e-14, 1.24563538669e-14, 1.62910321084e-14, 1.09544204559e-14, 9.69241166818e-15, 7.3593449653e-15, 8.61725919571e-15, 7.30715503025e-15, 5.09279618328e-15, 1.17646811618e-14, 7.49809573832e-15, 1.34999992549e-14, 1.65563008046e-14, 1.78205449122e-14, 7.60138462998e-15, 1.19907144448e-14, 1.01549357031e-14, 1.29917998153e-14, 1.85275192676e-14, 1.5960175957e-14, 2.26619040238e-14, 8.07399259213e-15, 1.15293889616e-14, 2.24387464176e-14, 1.32659394876e-14, 1.46873209124e-14, 1.42454102713e-14, 1.02413576277e-14, 7.36608395943e-15, 7.35778388358e-15, 1.36600054727e-14, 1.21764162541e-14, 1.80880599398e-14, 1.76333557131e-14, 8.30720532646e-15, 2.18046084254e-14, 7.37022510351e-15, 1.05713667461e-14, 1.59069907582e-14, 2.20049808453e-14, 1.85539924353e-14, 1.73323015689e-14, 1.69471336649e-14, 1.48373999041e-14, 1.24625609244e-14, 1.74554516891e-14, 2.06072866968e-14, 2.07007195131e-14, 1.67295546177e-14, 1.62268117644e-14, 4.16711580335e-15, 8.63080092319e-16, 2.27014358985e-17],
        "stdev": [0.000186247707461, 0.00102446053643, 0.00125534157269, 0.001021626289, 0.000886789697688, 0.000524896255229, 0.000461138697574, 0.000438801129349, 0.000588686845731, 0.000390537083149, 0.000325480097672, 0.000309503346216, 0.000494210748002, 0.000320209219353, 0.000359433965059, 0.000488007673994, 0.000421031698352, 0.000762008654419, 0.000424088328145, 0.000492103456054, 0.000260808097664, 0.000457976449979, 0.000591681920923, 0.000368849519873, 0.000563409470487, 0.000268672942184, 0.000394978647819, 0.000412243709434, 0.000352747010766, 0.000605377776083, 0.000363092665793, 0.000228948250879, 0.000399372860556, 0.000202470488148, 0.000356759381248, 0.000523685128428, 0.00054954062216, 0.000311943615088, 0.000221636757487, 0.000168653030414, 0.000100473902421, 0.000241876914515, 0.000160226249136, 0.000225632480578, 0.000303208973492, 0.000362149061402, 0.000379571312806, 0.000127322316985, 0.000103147678601, 0.000140120027936, 9.86818413367e-05, 9.31305767153e-05, 0.000232325008255, 0.000124660902657, 0.000153162938659, 9.39370365813e-05, 8.84550609044e-05, 0.000153993663844, 8.40484935907e-05, 3.72771464754e-05, 4.28972707596e-05, 6.13747688476e-05, 5.81702806812e-05, 6.93282490829e-05, 9.97004244709e-05, 8.87043497642e-05, 7.19156523701e-05, 4.27743216278e-05, 2.61976038018e-05, 3.04333079839e-05, 2.49147869908e-05, 2.30251607718e-05, 1.65084693435e-05, 1.91088365682e-05, 1.08896529127e-05, 6.92106414135e-06, 6.05279183219e-06, 5.54520556761e-06, 6.25786697128e-06, 7.40500809115e-06, 6.15689759798e-06, 4.25801135862e-06, 5.17332227901e-06, 4.78367155665e-06, 4.06425624533e-06, 5.29808221472e-06, 3.82972802981e-06, 2.71143903774e-06, 2.459740017e-06, 2.8516110433e-06, 2.50308926297e-06, 2.21409391088e-06, 2.11974042941e-06, 1.97347412723e-06, 4.96439270137e-06, 6.74205011819e-06, 2.04195839615e-06, 1.4412969449e-06, 1.61075899996e-06, 9.24208165998e-07, 1.0244831401e-06, 8.69398490977e-07, 8.22479307772e-07, 8.16550368654e-07, 5.28110149389e-07, 4.64728003635e-07, 3.06734875721e-07, 3.72936455051e-07, 7.03486335851e-08, 7.90075338486e-10, 2.74708034098e-10, 2.91731555579e-10, 5.11334918851e-10, 5.31986454888e-10, 4.82245632316e-10, 2.45881037753e-10, 2.14834622314e-10, 2.09005368568e-10, 2.03481745342e-10, 1.98605784596e-10, 1.94146726473e-10, 1.90248261589e-10, 1.86472115526e-10, 1.83597997916e-10, 1.80951212347e-10, 1.79153650248e-10, 1.77772171983e-10, 1.7690697518e-10]
    },
    "mfcc": {
        "mean": [-597.65222168, 103.311820984, -37.9767303467, 12.7694749832, -8.84890365601, -3.64808964729, 0.705803751945, 2.77122950554, -6.69204092026, 6.96781253815, -3.49885582924, -0.68578350544, -0.0723261013627],
        "cov": [[3979.48291016, 28.1226806641, -6.07140731812, 39.0709762573, 25.664850235, -31.1478443146, -96.3960571289, 17.8372783661, 3.5565290451, -24.1093826294, -18.2357330322, -29.1047821045, -76.9317626953], [28.1226806641, 658.953613281, 69.4779891968, 228.120330811, 4.2476978302, -36.3325195312, 108.15788269, -53.2278404236, -107.35836792, 11.3219623566, -37.008228302, -7.01673412323, 52.9029502869], [-6.07140731812, 69.4779891968, 591.14251709, 167.781463623, 43.155166626, -38.2356262207, -0.0877594649792, -56.0235557556, -74.0751724243, -52.6796150208, -27.6533088684, 9.85820102692, 17.7442798615], [39.0709762573, 228.120330811, 167.781463623, 266.346069336, 57.8018722534, -33.926071167, 39.2331047058, -32.979221344, -67.86328125, -7.49542760849, -33.8575782776, -5.76715660095, 25.5937957764], [25.664850235, 4.2476978302, 43.155166626, 57.8018722534, 125.404426575, 29.6059589386, 9.13819789886, -7.25426340103, 7.34205627441, 7.74206829071, 0.378547072411, -1.32545697689, 2.65097308159], [-31.1478443146, -36.3325195312, -38.2356262207, -33.926071167, 29.6059589386, 102.839332581, 9.48143291473, 27.9918041229, 33.1223831177, -5.27755451202, 8.37631988525, 0.967338502407, -5.24402809143], [-96.3960571289, 108.15788269, -0.0877594649792, 39.2331047058, 9.13819789886, 9.48143291473, 137.955978394, 3.59155011177, -38.9604110718, 33.3519554138, -4.8181438446, -9.99499225616, 15.4970569611], [17.8372783661, -53.2278404236, -56.0235557556, -32.979221344, -7.25426340103, 27.9918041229, 3.59155011177, 97.6912231445, 46.1245574951, -3.73094820976, 11.6997623444, 5.19014215469, -12.9519042969], [3.5565290451, -107.35836792, -74.0751724243, -67.86328125, 7.34205627441, 33.1223831177, -38.9604110718, 46.1245574951, 109.878967285, 11.9808692932, 22.2842445374, 10.594370842, -10.7238283157], [-24.1093826294, 11.3219623566, -52.6796150208, -7.49542760849, 7.74206829071, -5.27755451202, 33.3519554138, -3.73094820976, 11.9808692932, 78.7711715698, 21.7477321625, 10.0476570129, 4.82579803467], [-18.2357330322, -37.008228302, -27.6533088684, -33.8575782776, 0.378547072411, 8.37631988525, -4.8181438446, 11.6997623444, 22.2842445374, 21.7477321625, 67.5832519531, 25.8863315582, -0.244179710746], [-29.1047821045, -7.01673412323, 9.85820102692, -5.76715660095, -1.32545697689, 0.967338502407, -9.99499225616, 5.19014215469, 10.594370842, 10.0476570129, 25.8863315582, 64.9619827271, 17.1353549957], [-76.9317626953, 52.9029502869, 17.7442798615, 25.5937957764, 2.65097308159, -5.24402809143, 15.4970569611, -12.9519042969, -10.7238283157, 4.82579803467, -0.244179710746, 17.1353549957, 54.1725158691]],
        "icov": [[0.000266857154202, -6.26627588645e-05, 1.41315440487e-05, -2.56872826867e-05, -9.84934376902e-05, 8.51602235343e-05, 0.000236750507611, -0.000113494599645, 6.63262180751e-05, -3.97967232857e-05, 3.67334105249e-05, 3.30937764375e-05, 0.000372246227926], [-6.26627588645e-05, 0.00271325930953, 0.000430300075095, -0.00226032966748, 0.000995806767605, -0.000287849834422, -0.00128307112027, 0.000688769854605, 0.000683464342728, 7.18199225958e-05, 0.000108815467684, -7.75055596023e-05, -0.00120268261526], [1.41315440487e-05, 0.000430300075095, 0.00241851015016, -0.00148894242011, -0.000328442896716, 0.000392608897528, -0.000283696717815, 0.000896237499546, 0.00048835988855, 0.00170283368789, -0.000103095277154, -0.000899812497664, 8.9768160251e-05], [-2.56872826867e-05, -0.00226032966748, -0.00148894242011, 0.00829372368753, -0.00388792087324, 0.00205304543488, 0.000286801805487, -0.00136556057259, 0.00180093583185, -0.000277158484096, 0.00181250914466, 1.26289296531e-05, -0.000893946096767], [-9.84934376902e-05, 0.000995806767605, -0.000328442896716, -0.00388792087324, 0.0112235601991, -0.0042578401044, -0.000377812044462, 0.00198383652605, -0.00184732058551, -0.0015299571678, -0.00060300930636, 0.000615130062215, 2.63840611296e-05], [8.51602235343e-05, -0.000287849834422, 0.000392608897528, 0.00205304543488, -0.0042578401044, 0.0136327352375, -0.0027280554641, -0.00166145397816, -0.00305262603797, 0.00356229161844, -0.00049824436428, -0.000412885507103, 0.00042143301107], [0.000236750507611, -0.00128307112027, -0.000283696717815, 0.000286801805487, -0.000377812044462, -0.0027280554641, 0.0124015007168, -0.0040205558762, 0.00579209672287, -0.00671963719651, 0.000470621685963, 0.00282649230212, -0.00235463492572], [-0.000113494599645, 0.000688769854605, 0.000896237499546, -0.00136556057259, 0.00198383652605, -0.00166145397816, -0.0040205558762, 0.0154533619061, -0.0068508037366, 0.00383282569237, -0.000972969108261, -0.00190203834791, 0.00300436792895], [6.63262180751e-05, 0.000683464342728, 0.00048835988855, 0.00180093583185, -0.00184732058551, -0.00305262603797, 0.00579209672287, -0.0068508037366, 0.0177527144551, -0.00477848760784, -0.000896805548109, 0.000152387452545, -0.00119633437134], [-3.97967232857e-05, 7.18199225958e-05, 0.00170283368789, -0.000277158484096, -0.0015299571678, 0.00356229161844, -0.00671963719651, 0.00383282569237, -0.00477848760784, 0.0195028297603, -0.00484013743699, -0.00221028667875, 0.000698920281138], [3.67334105249e-05, 0.000108815467684, -0.000103095277154, 0.00181250914466, -0.00060300930636, -0.00049824436428, 0.000470621685963, -0.000972969108261, -0.000896805548109, -0.00484013743699, 0.0206798855215, -0.00736897625029, 0.00141511496622], [3.30937764375e-05, -7.75055596023e-05, -0.000899812497664, 1.26289296531e-05, 0.000615130062215, -0.000412885507103, 0.00282649230212, -0.00190203834791, 0.000152387452545, -0.00221028667875, -0.00736897625029, 0.0213719420135, -0.00748826656491], [0.000372246227926, -0.00120268261526, 8.9768160251e-05, -0.000893946096767, 2.63840611296e-05, 0.00042143301107, -0.00235463492572, 0.00300436792895, -0.00119633437134, 0.000698920281138, 0.00141511496622, -0.00748826656491, 0.024062929675]]
    },
    "spectral_contrast_coeffs": {
        "max": [-0.492014288902, -0.522244989872, -0.529624402523, -0.562686383724, -0.609943628311, -0.606846213341],
        "mean": [-0.71554595232, -0.738673508167, -0.720510363579, -0.746145665646, -0.738359630108, -0.724705398083],
        "min": [-0.953128635883, -0.971296846867, -0.956970930099, -0.951713323593, -0.948636472225, -0.930608034134],
        "stdev": [0.0679446607828, 0.0647725015879, 0.0600732155144, 0.053317502141, 0.0455289073288, 0.0363895185292]
    },
    "spectral_contrast_valleys": {
        "max": [-5.30712842941, -4.96301460266, -5.536008358, -5.36308288574, -5.68417692184, -8.13098716736],
        "mean": [-7.19540929794, -6.51461839676, -6.87186002731, -7.08247900009, -6.99771785736, -10.3292160034],
        "min": [-19.5510253906, -18.1708221436, -17.4649009705, -17.9088802338, -16.8986988068, -18.3736057281],
        "stdev": [1.12903237343, 1.01080167294, 0.943590521812, 0.983201861382, 0.886245191097, 0.996824264526]
    }
},
"rhythm": {
    "beats_count": 80,
    "beats_loudness": {
        "max": 0.0468042455614,
        "mean": 0.030121807009,
        "min": 0.0156159903854,
        "stdev": 0.00769509887323
    },
    "bpm": 124.166160583,
    "bpm_histogram_first_peak_bpm": 123,
    "bpm_histogram_first_peak_weight": 0.481481492519,
    "bpm_histogram_second_peak_bpm": 133,
    "bpm_histogram_second_peak_spread": 0.5,
    "bpm_histogram_second_peak_weight": 0.0886075943708,
    "danceability": 1.13770234585,
    "onset_rate": 2.08283400536,
    "beats_loudness_band_ratio": {
        "max": [0.560202360153, 0.340308308601, 0.59509062767, 0.57435053587, 0.491506427526, 0.221385702491],
        "mean": [0.146483212709, 0.116348788142, 0.232698395848, 0.235676318407, 0.2100045681, 0.095079921186],
        "min": [0.00274354917929, 0.00220848689787, 0.0529488176107, 0.05376489833, 0.0130000840873, 0.0173621810973],
        "stdev": [0.157753750682, 0.0845307186246, 0.120410896838, 0.115065142512, 0.124149754643, 0.0456616356969]
    },
