{
"metadata": {
    "version": {
        "essentia": "2.1-beta5",
        "essentia_git_sha": "Undefined",
        "extractor": "music 2.0"
    },
    "audio_properties": {
        "analysis": {
            "equal_loudness": 0,
            "length": 35.9909286499,
            "sample_rate": 44100,
            "start_time": 93.9943771362,
            "downmix": "mix"
        },
        "bit_rate": 192000,
        "length": 205.531433105,
        "lossless": 0,
        "number_channels": 2,
        "replay_gain": -1.65985870361,
        "sample_rate": 48000,
        "codec": "mp3",
        "md5_encoded": "416e6729750cfff9a9076a338cfae67f"
    },
    "tags": {
        "file_name": "Slovenia_Tih Dezeven Dan_1X Band.mp3",
        "encoding": ["Lavf58.29.100"]
    }
},
"lowlevel": {
    "average_loudness": 0.982576906681,
    "barkbands_crest": {
        "max": 24.3660831451,
        "mean": 9.32935714722,
        "min": 2.46280002594,
        "stdev": 3.77373814583
    },
    "barkbands_flatness_db": {
        "max": 0.264491915703,
        "mean": 0.13152872026,
        "min": 0.0544837191701,
        "stdev": 0.03609553352
    },
    "barkbands_kurtosis": {
        "max": 62.8921966553,
        "mean": 2.68212723732,
        "min": -1.85562837124,
        "stdev": 4.96767902374
    },
    "barkbands_skewness": {
        "max": 6.00419139862,
        "mean": 1.39281475544,
        "min": -1.73050355911,
        "stdev": 0.983771562576
    },
    "barkbands_spread": {
        "max": 93.8148880005,
        "mean": 27.0057125092,
        "min": 1.91681575775,
        "stdev": 14.7954978943
    },
    "dissonance": {
        "max": 0.499996572733,
        "mean": 0.46767321229,
        "min": 0.35946431756,
        "stdev": 0.0207332205027
    },
    "dynamic_complexity": 1.32706177235,
    "erbbands_crest": {
        "max": 24.5218162537,
        "mean": 8.46412086487,
        "min": 2.49944877625,
        "stdev": 3.72428870201
    },
    "erbbands_flatness_db": {
        "max": 0.279135704041,
        "mean": 0.148607671261,
        "min": 0.0734018459916,
        "stdev": 0.0297238342464
    },
    "erbbands_kurtosis": {
        "max": 32.8894844055,
        "mean": -0.0828440263867,
        "min": -1.73524427414,
        "stdev": 1.97937655449
    },
    "erbbands_skewness": {
        "max": 5.3989648819,
        "mean": 0.109797947109,
        "min": -3.51311802864,
        "stdev": 0.811367213726
    },
    "erbbands_spread": {
        "max": 121.735679626,
        "mean": 45.9937438965,
        "min": 6.93619966507,
        "stdev": 17.4818763733
    },
    "hfc": {
        "max": 335.026092529,
        "mean": 31.3000965118,
        "min": 2.42334866524,
        "stdev": 38.2896690369
    },
    "loudness_ebu128": {
        "integrated": -20.984621048,
        "loudness_range": 1.56209945679,
        "momentary": {
            "max": -18.6162033081,
            "mean": -21.1202983856,
            "min": -26.5709438324,
            "stdev": 1.12887132168
        },
        "short_term": {
            "max": -19.9155883789,
            "mean": -21.0189418793,
            "min": -22.4343948364,
            "stdev": 0.514166593552
        }
    },
    "melbands_crest": {
        "max": 28.7891540527,
        "mean": 12.5125198364,
        "min": 4.53654241562,
        "stdev": 4.21012496948
    },
    "melbands_flatness_db": {
        "max": 0.345756679773,
        "mean": 0.173738732934,
        "min": 0.042811833322,
        "stdev": 0.0554573349655
    },
    "melbands_kurtosis": {
        "max": 112.516448975,
        "mean": 11.1274576187,
        "min": -1.6204675436,
        "stdev": 12.2343578339
    },
    "melbands_skewness": {
        "max": 9.5786485672,
        "mean": 2.61348199844,
        "min": 0.180700242519,
        "stdev": 1.22046482563
    },
    "melbands_spread": {
        "max": 213.418838501,
        "mean": 29.7298698425,
        "min": 2.14810967445,
        "stdev": 28.150604248
    },
    "pitch_salience": {
        "max": 0.832350492477,
        "mean": 0.563514828682,
        "min": 0.193692997098,
        "stdev": 0.098708383739
    },
    "silence_rate_20dB": {
        "max": 1,
        "mean": 1,
        "min": 1,
        "stdev": 0
    },
    "silence_rate_30dB": {
        "max": 1,
        "mean": 1,
        "min": 1,
        "stdev": 0
    },
    "silence_rate_60dB": {
        "max": 1,
        "mean": 0.00451321713626,
        "min": 0,
        "stdev": 0.0670296624303
    },
    "spectral_centroid": {
        "max": 5106.89550781,
        "mean": 1489.5,
        "min": 432.984924316,
        "stdev": 724.931030273
    },
    "spectral_complexity": {
        "max": 54,
        "mean": 22.615732193,
        "min": 6,
        "stdev": 8.3275680542
    },
    "spectral_decrease": {
        "max": -4.24203755456e-10,
        "mean": -7.46408979069e-09,
        "min": -2.18810765062e-08,
        "stdev": 3.03859115647e-09
    },
    "spectral_energy": {
        "max": 0.0850105732679,
        "mean": 0.0310102365911,
        "min": 0.00183911272325,
        "stdev": 0.0123787755147
    },
    "spectral_energyband_high": {
        "max": 0.0469945333898,
        "mean": 0.00225713220425,
        "min": 4.25855541835e-05,
        "stdev": 0.00517135299742
    },
    "spectral_energyband_low": {
        "max": 0.0758268609643,
        "mean": 0.0087702088058,
        "min": 7.27638180251e-05,
        "stdev": 0.00977841485292
    },
    "spectral_energyband_middle_high": {
        "max": 0.0287474654615,
        "mean": 0.00555450608954,
        "min": 0.000259956374066,
        "stdev": 0.00454664835706
    },
    "spectral_energyband_middle_low": {
        "max": 0.0614238679409,
        "mean": 0.0153109822422,
        "min": 0.000749609200284,
        "stdev": 0.00804547779262
    },
    "spectral_entropy": {
        "max": 8.76904392242,
        "mean": 7.69036054611,
        "min": 6.6255698204,
        "stdev": 0.340894579887
    },
    "spectral_flux": {
        "max": 0.24387396872,
        "mean": 0.0924368947744,
        "min": 0.0254293102771,
        "stdev": 0.0359495989978
    },
    "spectral_kurtosis": {
        "max": 20.345457077,
        "mean": 2.94177079201,
        "min": -0.747622728348,
        "stdev": 2.02714037895
    },
    "spectral_rms": {
        "max": 0.00910698343068,
        "mean": 0.005387944635,
        "min": 0.00133949855808,
        "stdev": 0.00110630306881
    },
    "spectral_rolloff": {
        "max": 9754.54101562,
        "mean": 1822.37939453,
        "min": 107.666015625,
        "stdev": 1710.38439941
    },
    "spectral_skewness": {
        "max": 4.02651548386,
        "mean": 1.22590041161,
        "min": -0.0305420197546,
        "stdev": 0.377064824104
    },
    "spectral_spread": {
        "max": 10755090,
        "mean": 4653553,
        "min": 2472788,
        "stdev": 1210318.375
    },
    "spectral_strongpeak": {
        "max": 10.5856170654,
        "mean": 0.96943795681,
        "min": 0,
        "stdev": 1.15626037121
    },
    "zerocrossingrate": {
        "max": 0.3232421875,
        "mean": 0.0691964700818,
        "min": 0.01318359375,
        "stdev": 0.0435500927269
    },
    "barkbands": {
        "max": [0.00203566043638, 0.0663759484887, 0.037811242044, 0.0161109697074, 0.0531389974058, 0.0311712604016, 0.0246246159077, 0.0247169174254, 0.0193124655634, 0.00775991566479, 0.00654197949916, 0.0126326913014, 0.0153933642432, 0.0147323133424, 0.00560611858964, 0.0150046767667, 0.0121981287375, 0.00940705649555, 0.0108262682334, 0.00860107224435, 0.00803970731795, 0.0277338530868, 0.0155150108039, 0.0211632624269, 0.00770473992452, 0.0018032095395, 8.23536447569e-06],
        "mean": [0.000212099635974, 0.0057841478847, 0.00199252855964, 0.00149143708404, 0.00554988021031, 0.00392273301259, 0.00210777041502, 0.00110577372834, 0.000993417110294, 0.000728433020413, 0.000352725561243, 0.000505573349074, 0.000456586334622, 0.000562493281905, 0.000628828944173, 0.000502138282172, 0.000776641769335, 0.000423243473051, 0.000464110227767, 0.000432803586591, 0.00044236794929, 0.00056503014639, 0.00045491248602, 0.000349907728378, 0.000169364124304, 3.52663009835e-05, 8.56757953471e-09],
        "min": [3.22365508509e-07, 1.48599847307e-05, 1.52279812937e-06, 2.01008401746e-06, 7.81973503763e-05, 4.86291828565e-05, 9.99373605737e-06, 7.450911653e-06, 7.93005347077e-06, 7.79693255026e-06, 4.98850704389e-06, 5.40842438568e-06, 6.73484237268e-06, 5.93357208345e-06, 2.34746630667e-06, 4.03894637202e-06, 7.28656959836e-06, 7.81954258855e-06, 1.5510011508e-05, 1.77322963282e-05, 5.39188386028e-06, 4.50522611573e-06, 2.00884733204e-06, 1.5843310166e-06, 8.1497228166e-07, 2.3573355179e-07, 1.03692200659e-10],
        "stdev": [0.000225078547373, 0.00809854827821, 0.0028526969254, 0.00151280045975, 0.00583787634969, 0.00398610904813, 0.00330609711818, 0.00197382317856, 0.00206431979313, 0.00100298540201, 0.000508884899318, 0.000965781800915, 0.00098174973391, 0.00152304919902, 0.000743813405279, 0.000979562639259, 0.00131279299967, 0.000644291285425, 0.000642479280941, 0.000653199269436, 0.000742758391425, 0.00195968896151, 0.00129609927535, 0.00136822345667, 0.000569308758713, 0.000115154587547, 2.12004536593e-07]
    },
    "erbbands": {
        "max": [1.88877558708, 15.0368652344, 42.87758255, 50.7523117065, 108.800628662, 287.784515381, 391.332885742, 233.492935181, 427.269927979, 359.516906738, 686.78717041, 608.533630371, 379.801025391, 286.07598877, 263.594055176, 647.241577148, 462.316711426, 786.672790527, 329.995147705, 473.060302734, 807.204406738, 714.506103516, 463.00680542, 454.971740723, 421.263427734, 439.730651855, 207.845626831, 430.768371582, 843.356384277, 1151.76794434, 416.355194092, 460.673034668, 304.731323242, 117.610664368, 37.3494911194, 11.1877069473, 3.63983035088, 0.232158362865, 0.00454978318885, 0.000373786548153],
        "mean": [0.166090413928, 1.28690576553, 2.38337111473, 4.07422780991, 8.83220100403, 22.4569988251, 34.1300544739, 27.8054084778, 31.152967453, 19.0760879517, 28.7072505951, 28.4957809448, 13.9665880203, 26.1803646088, 18.1715812683, 23.6201667786, 21.1747283936, 31.2996578217, 36.6121559143, 24.5751476288, 32.2720565796, 38.9243774414, 26.3605155945, 22.161195755, 22.5866832733, 21.5275249481, 18.5269889832, 17.2283382416, 18.6596832275, 20.1714878082, 11.6147899628, 7.91208744049, 5.38236188889, 2.56676030159, 0.849714696407, 0.240295723081, 0.0524215064943, 0.002532111248, 8.98062426131e-05, 4.62833559141e-05],
        "min": [0.000667793327011, 0.00325461919419, 0.00578792439774, 0.0334176421165, 0.0970598161221, 0.263453364372, 0.210717916489, 0.488893985748, 0.339408874512, 0.240409687161, 0.422380000353, 0.368247032166, 0.390936791897, 0.288037419319, 0.727367401123, 0.295693457127, 0.353727579117, 0.396553248167, 0.16449098289, 0.188844427466, 0.370601683855, 0.38030821085, 0.700715601444, 0.583569645882, 0.966269671917, 0.810783147812, 0.597893416882, 0.233419552445, 0.200016990304, 0.1141051054, 0.0747386217117, 0.0372601114213, 0.0197256170213, 0.0092806853354, 0.00514426501468, 0.00236655166373, 0.000183662239579, 5.76853608436e-06, 1.70504119978e-06, 2.47616367233e-06],
        "stdev": [0.204699248075, 1.97611033916, 3.36912178993, 4.07642412186, 11.0060796738, 28.6614360809, 37.0393981934, 30.9021091461, 49.110332489, 23.329875946, 51.607093811, 58.8325309753, 22.7063655853, 36.2979278564, 24.0691680908, 47.7950782776, 37.5671691895, 80.7605895996, 42.0677757263, 33.8303794861, 56.1322746277, 69.7913589478, 38.8182106018, 32.6783638, 30.6468238831, 31.9830493927, 26.5138034821, 33.7517089844, 60.4945983887, 71.6933059692, 32.4233665466, 28.4104824066, 22.0351924896, 8.92115306854, 2.99315667152, 0.775123894215, 0.175687849522, 0.00967555120587, 0.000241745321546, 3.59296973329e-05]
    },
    "gfcc": {
        "mean": [32.5440101624, 94.461479187, -122.489570618, 51.6653404236, -67.0437088013, 14.211774826, -45.0776405334, 7.1873884201, -22.6742324829, 4.58009624481, -12.8279628754, 2.58017158508, -3.06858229637],
        "cov": [[1364.53369141, -925.604736328, 103.533378601, 111.442932129, -229.804656982, 157.483978271, -95.4779815674, 70.4438400269, -117.515380859, 19.9898815155, -96.3401794434, 70.792388916, -96.2762069702], [-925.604736328, 1176.9564209, -166.716156006, -206.135269165, 366.90447998, -125.005523682, 160.87878418, -48.2661056519, 147.812271118, 20.0008640289, 97.8475875854, -75.566116333, 73.3218154907], [103.533378601, -166.716156006, 447.367218018, 139.817642212, -48.7469520569, 54.0860786438, -10.2782526016, 43.4247741699, -30.2075099945, 10.7130241394, -19.5746021271, 11.5240926743, -40.9795646667], [111.442932129, -206.135269165, 139.817642212, 267.637878418, -21.6852340698, 9.62728309631, -39.137462616, 6.3454580307, 2.81466317177, -50.1902122498, -18.2499904633, 11.3399057388, 1.77543568611], [-229.804656982, 366.90447998, -48.7469520569, -21.6852340698, 305.863128662, -4.92027139664, 54.9867591858, 13.0635976791, 57.2111701965, 27.5095748901, -0.825659513474, -12.0660305023, 18.2536849976], [157.483978271, -125.005523682, 54.0860786438, 9.62728309631, -4.92027139664, 157.24659729, 52.8297424316, 17.171251297, -12.2943916321, 6.01958274841, -13.2831439972, -1.29079127312, -24.6476135254], [-95.4779815674, 160.87878418, -10.2782526016, -39.137462616, 54.9867591858, 52.8297424316, 131.326263428, 18.0896568298, 22.2891387939, 24.3368263245, 14.5441598892, -19.2184867859, -17.5044822693], [70.4438400269, -48.2661056519, 43.4247741699, 6.3454580307, 13.0635976791, 17.171251297, 18.0896568298, 90.6743164062, 28.7668590546, 15.1601333618, -8.58268451691, 4.93304729462, -9.41128063202], [-117.515380859, 147.812271118, -30.2075099945, 2.81466317177, 57.2111701965, -12.2943916321, 22.2891387939, 28.7668590546, 107.741020203, 14.8882160187, 12.4178352356, -2.60953855515, 12.9735736847], [19.9898815155, 20.0008640289, 10.7130241394, -50.1902122498, 27.5095748901, 6.01958274841, 24.3368263245, 15.1601333618, 14.8882160187, 90.1503219604, 25.6351642609, -2.96388316154, -24.5535488129], [-96.3401794434, 97.8475875854, -19.5746021271, -18.2499904633, -0.825659513474, -13.2831439972, 14.5441598892, -8.58268451691, 12.4178352356, 25.6351642609, 74.5809249878, 10.9237775803, 11.7829208374], [70.792388916, -75.566116333, 11.5240926743, 11.3399057388, -12.0660305023, -1.29079127312, -19.2184867859, 4.93304729462, -2.60953855515, -2.96388316154, 10.9237775803, 63.4040641785, 22.7617969513], [-96.2762069702, 73.3218154907, -40.9795646667, 1.77543568611, 18.2536849976, -24.6476135254, -17.5044822693, -9.41128063202, 12.9735736847, -24.5535488129, 11.7829208374, 22.7617969513, 79.1421356201]],
        "icov": [[0.00186335889157, 0.000865944195539, 0.000490938080475, -0.000256957428064, 0.000156442634761, -0.00106534431688, 0.000617429672275, -0.000894687022083, 0.000710933352821, -0.000962266814895, 0.00116147578228, -0.00148253445514, 0.00122516427655], [0.000865944195539, 0.00761930644512, -0.00232045841403, 0.00551085919142, -0.00659246416762, 0.0052754865028, -0.0060775782913, 0.00467542046681, -0.00574501371011, 0.00646069040522, -0.00732698757201, 0.00652870489284, -0.00279611931182], [0.000490938080475, -0.00232045841403, 0.00428217602894, -0.00389033486135, 0.00265698763542, -0.0028999154456, 0.00248730857857, -0.00340520730242, 0.00346940988675, -0.00400266423821, 0.00341328512877, -0.00340356724337, 0.00234101689421], [-0.000256957428064, 0.00551085919142, -0.00389033486135, 0.00998071860522, -0.00550633110106, 0.00423959689215, -0.00360288121738, 0.00432833004743, -0.00628679618239, 0.00908529665321, -0.00679689086974, 0.00546228885651, -0.00205806805752], [0.000156442634761, -0.00659246416762, 0.00265698763542, -0.00550633110106, 0.0103314463049, -0.00497485790402, 0.00414618011564, -0.00450002541766, 0.00415356410667, -0.00814074091613, 0.00889652222395, -0.00635456852615, 0.00154349650256], [-0.00106534431688, 0.0052754865028, -0.0028999154456, 0.00423959689215, -0.00497485790402, 0.0136990798637, -0.00958352256566, 0.00406890409067, -0.00407095998526, 0.00595955364406, -0.00507303141057, 0.00513385469094, -0.00220716022886], [0.000617429672275, -0.0060775782913, 0.00248730857857, -0.00360288121738, 0.00414618011564, -0.00958352256566, 0.0176710933447, -0.00619702553377, 0.00420023035258, -0.0060140285641, 0.00387213286012, -0.00386467855424, 0.00496170623228], [-0.000894687022083, 0.00467542046681, -0.00340520730242, 0.00432833004743, -0.00450002541766, 0.00406890409067, -0.00619702553377, 0.0182128176093, -0.00898717716336, 0.00356742902659, -0.0030405530706, 0.0034342254512, -0.0021350022871], [0.000710933352821, -0.00574501371011, 0.00346940988675, -0.00628679618239, 0.00415356410667, -0.00407095998526, 0.00420023035258, -0.00898717716336, 0.0181183647364, -0.00789138767868, 0.00561928469688, -0.00544233107939, 0.0010695484234], [-0.000962266814895, 0.00646069040522, -0.00400266423821, 0.00908529665321, -0.00814074091613, 0.00595955364406, -0.0060140285641, 0.00356742902659, -0.00789138767868, 0.0249358676374, -0.0146598480642, 0.0067589096725, 0.00266372156329], [0.00116147578228, -0.00732698757201, 0.00341328512877, -0.00679689086974, 0.00889652222395, -0.00507303141057, 0.00387213286012, -0.0030405530706, 0.00561928469688, -0.0146598480642, 0.0275625940412, -0.011940099299, 0.000845079252031], [-0.00148253445514, 0.00652870489284, -0.00340356724337, 0.00546228885651, -0.00635456852615, 0.00513385469094, -0.00386467855424, 0.0034342254512, -0.00544233107939, 0.0067589096725, -0.011940099299, 0.0282129216939, -0.0104663204402], [0.00122516427655, -0.00279611931182, 0.00234101689421, -0.00205806805752, 0.00154349650256, -0.00220716022886, 0.00496170623228, -0.0021350022871, 0.0010695484234, 0.00266372156329, 0.000845079252031, -0.0104663204402, 0.0213103238493]]
    },
    "melbands": {
        "max": [0.0184538979083, 0.0182867478579, 0.00735037215054, 0.013600083068, 0.0106535470113, 0.00446301558986, 0.00577609241009, 0.0031437415164, 0.00527619756758, 0.00385257182643, 0.0019130052533, 0.00125693553127, 0.000918500474654, 0.00125049089547, 0.000867178256158, 0.00188551330939, 0.00178656203207, 0.000576752412599, 0.000571570417378, 0.00100553606171, 0.000725889985915, 0.00104462623131, 0.000815181760117, 0.000427909544669, 0.000385650258977, 0.000443026074208, 0.000498151173815, 0.00029372566496, 0.000156122128828, 0.000193946485524, 0.000241361587541, 0.000374483846826, 0.000766144541558, 0.000543746515177, 0.000237048880081, 0.000257071427768, 0.0003142534988, 0.000250378041528, 0.000129749838379, 9.24341802602e-05],
        "mean": [0.00157710385974, 0.00140299554914, 0.00079954607645, 0.00113960565068, 0.00114832690451, 0.000630968308542, 0.000477285124362, 0.000196068227524, 0.000233062615735, 0.000164906552527, 6.35541364318e-05, 0.000108189626189, 5.09505953232e-05, 6.36901168036e-05, 4.10543325415e-05, 5.23574090039e-05, 5.89878545725e-05, 5.66063754377e-05, 3.86142964999e-05, 3.64253428415e-05, 3.81538047804e-05, 4.30012623838e-05, 3.18016209349e-05, 1.8446256945e-05, 1.78620684892e-05, 1.66295103554e-05, 1.4544080841e-05, 1.4267026927e-05, 1.11592744361e-05, 1.17182016766e-05, 9.23364950722e-06, 9.89881027635e-06, 1.21204675452e-05, 1.06984380182e-05, 6.85295208314e-06, 5.6227204368e-06, 4.42742384621e-06, 3.9712981561e-06, 3.05284788737e-06, 1.83341728643e-06],
        "min": [5.25330415257e-06, 4.72307965538e-06, 6.31331431578e-06, 1.61893312907e-05, 5.97090320298e-06, 9.16140288609e-06, 3.72432759832e-06, 1.00257227587e-06, 3.51162225343e-06, 1.71203100763e-06, 1.18857633424e-06, 6.06620801591e-07, 1.75345962816e-06, 8.46126852139e-07, 3.4553210071e-07, 5.79748302698e-07, 3.5859665104e-07, 1.76543750285e-07, 1.84965713856e-07, 2.34049394976e-07, 5.11885730248e-07, 2.45237004037e-07, 5.01515444284e-07, 3.93371124119e-07, 3.92859078602e-07, 5.52365065687e-07, 5.31359091838e-07, 4.05632363254e-07, 3.66377122418e-07, 1.07063108601e-07, 1.20772099876e-07, 1.01783463435e-07, 6.50680718195e-08, 3.92679240235e-08, 3.29003917443e-08, 1.91201738886e-08, 1.62262043801e-08, 1.16325562516e-08, 5.44944800396e-09, 6.50064357899e-09],
        "stdev": [0.00209224713035, 0.00186537124682, 0.000707568891812, 0.00143063231371, 0.00106302881613, 0.000670182402246, 0.000749562343117, 0.000239826593315, 0.000414351612562, 0.00035901289084, 0.000112397297926, 0.000155826608534, 7.34297573217e-05, 0.000104961982288, 6.97434225003e-05, 0.000114503171062, 0.000175558394403, 7.13057961548e-05, 5.17460466654e-05, 6.87526335241e-05, 6.33550516795e-05, 7.97682077973e-05, 6.13183074165e-05, 2.87684561044e-05, 2.85478909063e-05, 2.38764841924e-05, 2.63579222519e-05, 2.05872984225e-05, 1.58076036314e-05, 2.00213580683e-05, 1.98392972379e-05, 2.82179735223e-05, 5.23580929439e-05, 3.53272662323e-05, 1.98837533389e-05, 1.6525735191e-05, 1.80953556992e-05, 1.72138315975e-05, 1.13284058898e-05, 6.47104980089e-06]
    },
    "melbands128": {
        "max": [0.00161646341439, 0.0138605805114, 0.0316244438291, 0.0237866640091, 0.0245530754328, 0.0161931999028, 0.0124041391537, 0.00642715999857, 0.0118182878941, 0.0184095706791, 0.0204417984933, 0.00892825890332, 0.0193567238748, 0.012483805418, 0.00838876795024, 0.0068263169378, 0.0103271976113, 0.0102859474719, 0.00790404900908, 0.00492468336597, 0.00388235598803, 0.00767122395337, 0.00872979406267, 0.00394765846431, 0.0068394029513, 0.00598270865157, 0.00544562796131, 0.00226544332691, 0.000893264717888, 0.00245212507434, 0.00147927040234, 0.00195910735056, 0.00180415052455, 0.00162042363081, 0.00104218546767, 0.00218434166163, 0.00338375126012, 0.000373549846699, 0.000961023382843, 0.00198533851653, 0.00414160825312, 0.00277874409221, 0.00325981806964, 0.00311640417203, 0.00147188641131, 0.00114845333155, 0.0012732387986, 0.00136412424035, 0.000643358682282, 0.00160775403492, 0.00193532207049, 0.00348333804868, 0.000838360283524, 0.00135757774115, 0.0015300149098, 0.00205376558006, 0.00128344702534, 0.00211251433939, 0.00116769387387, 0.000635440228507, 0.000508950091898, 0.000514871266205, 0.000397676281864, 0.000487989513204, 0.000400676159188, 0.000566524395254, 0.000423788616899, 0.000312047020998, 0.00121522287372, 0.000731871114112, 0.000533060112502, 0.000234095714404, 0.000290716794552, 0.000143779776408, 0.000231694080867, 0.000289367628284, 0.000318147067446, 0.000414863083279, 0.000335105112754, 0.000255917140748, 0.00031463088817, 0.00057180278236, 0.000686781306285, 0.00108940876089, 0.000933105940931, 0.000871537311468, 0.000658729055431, 0.000421890435973, 0.000298742292216, 0.000250538316322, 0.000285884889308, 0.000270049087703, 0.000416838825913, 0.00046306187869, 0.000527006399352, 0.000312628486427, 0.000236488078372, 0.000212169703445, 0.000177871013875, 0.000145440499182, 0.000122495839605, 9.82633209787e-05, 9.00904269656e-05, 8.44521200634e-05, 5.30528923264e-05, 2.70098917099e-05, 2.57982246694e-05, 2.77936014754e-05, 2.38830925809e-05, 1.86373363249e-05, 1.60975396284e-05, 1.10678620331e-05, 1.60517920449e-05, 1.10647179099e-05, 5.67929691897e-06, 2.97593373944e-07, 4.06049132096e-08, 3.83335283516e-08, 3.73224899874e-08, 3.6379923074e-08, 3.56069023155e-08, 3.48419142426e-08, 3.41924213387e-08, 3.36665557654e-08, 3.31734462122e-08, 3.27999671867e-08, 3.25358335829e-08, 3.2364276592e-08],
        "mean": [0.000178656657226, 0.00118172285147, 0.00233407202177, 0.00204581976868, 0.00133197067771, 0.000944716506638, 0.000829669996165, 0.00070573965786, 0.000775631226134, 0.00127431796864, 0.00136070337612, 0.000973402464297, 0.00132448482327, 0.00102688139305, 0.00073096959386, 0.00031803236925, 0.000313429016387, 0.000703906815033, 0.0004384071799, 0.000110841254354, 0.000125051272335, 0.000227811120567, 0.000307429203531, 0.000134722300572, 0.000230911711697, 0.000162163953064, 4.49729304819e-05, 6.36931144982e-05, 3.88215630664e-05, 0.000162537020515, 0.00011775985331, 3.17624289892e-05, 3.69020781363e-05, 8.6233507318e-05, 3.76909665647e-05, 6.74211842124e-05, 9.27603177843e-05, 1.14498416224e-05, 3.6965138861e-05, 4.81259958178e-05, 6.05883506068e-05, 5.27111915289e-05, 5.24254173797e-05, 7.96023959992e-05, 3.08816197503e-05, 5.62825953239e-05, 8.72364907991e-05, 2.81438733509e-05, 2.38423017436e-05, 3.02394018945e-05, 3.74858063878e-05, 4.83534859086e-05, 2.56560506386e-05, 3.93246482417e-05, 5.50539043616e-05, 4.01425750169e-05, 3.57012431778e-05, 4.05030223192e-05, 2.69595657301e-05, 2.18610693992e-05, 1.79413182195e-05, 1.57965514518e-05, 1.78688114829e-05, 1.97898752958e-05, 1.55606921908e-05, 1.372200677e-05, 2.21767586481e-05, 1.32772674988e-05, 1.22373885461e-05, 1.6349438738e-05, 1.46641041283e-05, 1.32875566123e-05, 1.22818255477e-05, 9.9163453342e-06, 1.08703779915e-05, 1.25608385133e-05, 1.2439020793e-05, 9.22622166399e-06, 8.73093995324e-06, 9.1159454314e-06, 9.24273263081e-06, 1.03885613498e-05, 1.1004884982e-05, 1.23299041661e-05, 1.31328361022e-05, 1.19828691822e-05, 9.67024698184e-06, 8.68041297508e-06, 6.64755179969e-06, 5.54938060304e-06, 5.43916303286e-06, 6.20938681095e-06, 5.10888366989e-06, 4.08737741964e-06, 4.27207623943e-06, 4.0352852011e-06, 4.05119271818e-06, 3.61946968042e-06, 3.03882961816e-06, 2.94659253086e-06, 2.24047289521e-06, 1.58135821948e-06, 1.40634438139e-06, 1.29982174712e-06, 9.76810611064e-07, 6.32769285858e-07, 4.70575002964e-07, 4.15129562725e-07, 4.31549381119e-07, 3.55634853122e-07, 2.85492319563e-07, 2.06889652077e-07, 1.51445547658e-07, 9.0198334135e-08, 4.51569519555e-08, 3.80207332284e-09, 1.12053109846e-10, 3.05865263672e-11, 2.969632526e-11, 2.88882754523e-11, 2.81999996271e-11, 2.75897551333e-11, 2.70690431875e-11, 2.66105852631e-11, 2.60583030848e-11, 2.54764213198e-11, 2.51126099082e-11, 2.49548801762e-11],
        "min": [2.99873192944e-08, 1.91438607544e-06, 2.38017605625e-06, 3.33382013196e-06, 3.39724749665e-07, 7.64997821534e-07, 1.66417453329e-06, 1.20150400562e-06, 5.30821989742e-06, 9.02785268408e-06, 2.18354239223e-06, 2.98136114907e-06, 1.44592377183e-06, 1.59268529387e-06, 3.850682333e-06, 1.12369355065e-06, 1.48812114276e-06, 1.08717335934e-06, 2.75522722859e-07, 5.77717116812e-07, 6.04659135206e-07, 7.84510234553e-07, 1.95383407231e-07, 5.11836617534e-07, 2.95445204301e-07, 7.8444168139e-07, 4.28006018183e-07, 3.90562036046e-07, 6.35271589999e-07, 1.66679356539e-07, 4.24049517278e-07, 8.47648990998e-08, 6.51338751823e-08, 3.06449152276e-07, 2.02261048798e-07, 2.10646248888e-07, 1.39292723134e-07, 1.89536244477e-08, 4.04983069302e-08, 1.50188526504e-07, 8.2204998364e-08, 1.03719592914e-07, 2.34084737372e-07, 1.33184883566e-07, 1.06806226086e-07, 1.06345318329e-07, 1.5189516489e-07, 9.96067086589e-08, 8.30145339137e-08, 7.79264155426e-08, 1.58466676226e-07, 7.42085006777e-08, 1.71241595126e-07, 3.3448651493e-07, 3.88864748402e-07, 4.25426840422e-08, 1.18001779015e-07, 1.75670976432e-07, 1.01448044632e-07, 1.52842588363e-07, 2.80958829535e-07, 1.5011346477e-07, 2.72402303381e-07, 2.69290779897e-07, 2.20181263444e-07, 2.09765715908e-07, 3.48470706513e-07, 2.11557647845e-07, 7.54977804718e-08, 1.17112762155e-07, 1.10529697395e-07, 2.47387561103e-07, 1.69012011497e-07, 6.95562860642e-08, 9.44719431573e-08, 1.522419808e-07, 2.79379666068e-08, 1.75525443069e-08, 3.82973865953e-08, 5.17221820928e-08, 3.61859129328e-08, 6.17303896888e-08, 3.13533128349e-08, 3.53326505831e-08, 3.19317372544e-08, 3.28922951098e-08, 1.47516630022e-08, 1.01477821701e-08, 7.31052729463e-09, 1.42329579234e-08, 5.2984869825e-09, 3.59756069379e-09, 3.28496696511e-09, 2.11809680906e-09, 6.06378192103e-09, 9.85430737011e-10, 2.15942361215e-10, 1.1400845823e-09, 2.821427314e-09, 4.52214848901e-10, 4.17077067327e-10, 9.64664792491e-10, 1.0978450371e-09, 1.23891019665e-09, 3.93045068714e-10, 1.5737515735e-09, 8.15953971056e-11, 5.3180526649e-10, 7.6512393643e-11, 1.7183254819e-10, 1.46899450937e-10, 1.02947695941e-12, 6.08647897707e-13, 4.68949098303e-13, 2.81021408401e-13, 2.78043782659e-13, 3.50245684235e-13, 3.43875264635e-13, 3.10710360435e-13, 3.10975989968e-13, 2.96364197289e-13, 3.36557306546e-13, 2.9369993308e-13, 3.06594566358e-13, 2.58865303325e-13, 8.49430931409e-14, 1.32916367731e-14, 5.18542453002e-16],
        "stdev": [0.000204221825697, 0.0014111676719, 0.00350863742642, 0.00340381241404, 0.00210106698796, 0.00129962339997, 0.000986237428151, 0.000774471205659, 0.00122604949865, 0.001962517621, 0.00206978223287, 0.00105519453064, 0.00181709765457, 0.00134106446058, 0.00104983523488, 0.000557000050321, 0.000677249394357, 0.00135170458816, 0.000672201626003, 0.000204422758543, 0.000311322481139, 0.000499678601045, 0.000692725589033, 0.000360545876902, 0.000632408482488, 0.000404841965064, 0.000168053331436, 0.00017525308067, 6.97880532243e-05, 0.000267101539066, 0.000173704524059, 7.88283141446e-05, 9.56515650614e-05, 0.000149160201545, 7.29821331333e-05, 0.000158323702635, 0.000239307715674, 2.37059157371e-05, 8.80272054928e-05, 0.000115381881187, 0.000205447664484, 0.000174381319084, 0.000222963863052, 0.000311283190968, 9.14233314688e-05, 9.49203240452e-05, 0.000128851766931, 8.01139394753e-05, 5.75474186917e-05, 7.74605287006e-05, 8.18090047687e-05, 0.000178768954356, 5.96971440245e-05, 9.54341230681e-05, 0.000107956650027, 0.000126649072627, 0.000112347224785, 0.000116796873044, 6.18449776084e-05, 4.73082727694e-05, 3.36942903232e-05, 3.20537001244e-05, 3.39407160936e-05, 3.77778524125e-05, 2.73158693744e-05, 2.53618709394e-05, 3.77373107767e-05, 2.39771743509e-05, 4.59031507489e-05, 4.07230472774e-05, 2.69455485977e-05, 1.9262339265e-05, 2.1119689336e-05, 1.5894354874e-05, 2.12239228858e-05, 2.44281909545e-05, 2.51941110037e-05, 2.30101122725e-05, 2.23236274906e-05, 1.93479736481e-05, 2.32545207837e-05, 3.52307724825e-05, 4.47613456345e-05, 6.41174483462e-05, 5.62554596399e-05, 4.25970392826e-05, 3.32569798047e-05, 2.9091088436e-05, 2.0444562324e-05, 1.51642225319e-05, 1.66304744198e-05, 1.80093757081e-05, 2.04894859053e-05, 1.84670461749e-05, 2.1245696189e-05, 1.85012468137e-05, 1.81028135557e-05, 1.55068646563e-05, 1.31319611683e-05, 9.48443357629e-06, 7.61728779253e-06, 6.40252710582e-06, 5.67409324503e-06, 5.6796602621e-06, 3.77107858185e-06, 1.89808497453e-06, 1.33957519211e-06, 1.37396182254e-06, 1.66541315139e-06, 1.24335770124e-06, 9.72429461399e-07, 7.06924424776e-07, 5.75352771648e-07, 3.99833680831e-07, 2.23797016474e-07, 2.12374917652e-08, 1.64051960905e-09, 9.72980251923e-10, 9.47304346077e-10, 9.23369214423e-10, 9.03744690195e-10, 8.84324391492e-10, 8.67835692198e-10, 8.54488868551e-10, 8.41976099952e-10, 8.32502733417e-10, 8.25801871329e-10, 8.21447854182e-10]
    },
    "mfcc": {
        "mean": [-601.947753906, 109.759529114, 4.59736156464, 32.7934646606, 3.83268165588, 6.85171747208, -6.90599822998, -0.412156492472, -2.85115408897, -0.131559848785, -4.73872423172, -1.15619647503, 0.78336918354],
        "cov": [[1427.60375977, -962.486694336, 163.003417969, -124.355987549, -71.6979827881, -15.3966884613, -14.1216459274, 33.8299102783, -41.9282226562, -49.7869033813, 15.7077798843, -49.3138542175, -99.6630477905], [-962.486694336, 1285.68652344, -421.822753906, 17.0488185883, 70.3295898438, 46.0693702698, 44.2950553894, -41.077331543, 57.6460342407, 99.9443664551, 11.6823101044, 75.9086608887, 105.244171143], [163.003417969, -421.822753906, 511.313720703, 46.0117492676, -19.2873954773, -12.0633745193, 17.3986778259, 32.8151435852, -25.4397106171, -29.004327774, 10.1878404617, -8.09277057648, -23.5288562775], [-124.355987549, 17.0488185883, 46.0117492676, 211.808776855, 80.532081604, -7.72572088242, -23.6737823486, 13.270907402, 11.9821634293, -8.1851348877, -9.23941612244, -10.2220172882, 18.6188468933], [-71.6979827881, 70.3295898438, -19.2873954773, 80.532081604, 165.251968384, 15.4678487778, -11.5939693451, 16.38804245, 37.5138511658, -1.3187110424, -6.86119127274, -5.62532901764, 14.406999588], [-15.3966884613, 46.0693702698, -12.0633745193, -7.72572088242, 15.4678487778, 123.215736389, 44.4236907959, 20.0867481232, 6.95806217194, 24.4447002411, 19.2156257629, -5.91124248505, -8.50926017761], [-14.1216459274, 44.2950553894, 17.3986778259, -23.6737823486, -11.5939693451, 44.4236907959, 113.715309143, 8.42241573334, -0.440479457378, 17.1733398438, 15.9788122177, 13.6791124344, -2.69964408875], [33.8299102783, -41.077331543, 32.8151435852, 13.270907402, 16.38804245, 20.0867481232, 8.42241573334, 93.7121047974, 32.0103569031, 4.57602643967, 4.35030889511, -3.49873399734, -12.1040372849], [-41.9282226562, 57.6460342407, -25.4397106171, 11.9821634293, 37.5138511658, 6.95806217194, -0.440479457378, 32.0103569031, 82.8316650391, 27.9719829559, 3.30107474327, 10.8533353806, 8.73903369904], [-49.7869033813, 99.9443664551, -29.004327774, -8.1851348877, -1.3187110424, 24.4447002411, 17.1733398438, 4.57602643967, 27.9719829559, 78.9245300293, 33.7878036499, 16.0151290894, 5.90333795547], [15.7077798843, 11.6823101044, 10.1878404617, -9.23941612244, -6.86119127274, 19.2156257629, 15.9788122177, 4.35030889511, 3.30107474327, 33.7878036499, 75.5765609741, 29.4770030975, 6.29182386398], [-49.3138542175, 75.9086608887, -8.09277057648, -10.2220172882, -5.62532901764, -5.91124248505, 13.6791124344, -3.49873399734, 10.8533353806, 16.0151290894, 29.4770030975, 85.1386566162, 34.0128860474], [-99.6630477905, 105.244171143, -23.5288562775, 18.6188468933, 14.406999588, -8.50926017761, -2.69964408875, -12.1040372849, 8.73903369904, 5.90333795547, 6.29182386398, 34.0128860474, 72.9305725098]],
        "icov": [[0.00170985516161, 0.00150229444262, 0.000647657609079, 0.000773662352003, -0.000304136163322, 5.38643762411e-05, -0.000206870026886, -0.000260771776084, 0.00027794696507, -0.000403102225391, -0.000365306448657, -0.00013764439791, 0.000290571537334], [0.00150229444262, 0.00271832221188, 0.00157565018162, 0.000434180925367, -0.00058449030621, -0.000145273908856, -0.000755834393203, 4.3140949856e-05, 0.00031184105319, -0.00172145932447, 0.000371400674339, -0.000728025042918, -0.000985130784102], [0.000647657609079, 0.00157565018162, 0.00321794487536, -0.000604811299127, 6.78628130117e-05, 0.00031581602525, -0.00105229706969, -0.000833535101265, 0.00075398402987, -0.000272981502349, -0.00040112255374, -0.000476634595543, -0.000161350675626], [0.000773662352003, 0.000434180925367, -0.000604811299127, 0.00675073871389, -0.00311953900382, 0.000481649098219, 0.000875054276548, -0.000861492357217, 0.000749913859181, -0.000266896444373, -5.30690558662e-05, 0.0010246289894, -0.0014675478451], [-0.000304136163322, -0.00058449030621, 6.78628130117e-05, -0.00311953900382, 0.00886126793921, -0.00154011975974, 0.000599322898779, 0.000205408665352, -0.00397776160389, 0.00211951276287, -0.000218443674385, 0.000827072828542, -0.000689566135406], [5.38643762411e-05, -0.000145273908856, 0.00031581602525, 0.000481649098219, -0.00154011975974, 0.0109409913421, -0.00380678102374, -0.00204548006877, 0.00116452528164, -0.00213883724064, -0.00194595288485, 0.0021344947163, 0.000568568124436], [-0.000206870026886, -0.000755834393203, -0.00105229706969, 0.000875054276548, 0.000599322898779, -0.00380678102374, 0.0113247679546, -0.00045103370212, 0.000606053799856, -0.000605193839874, -6.96948263794e-05, -0.00177793786861, 0.000838493986521], [-0.000260771776084, 4.3140949856e-05, -0.000833535101265, -0.000861492357217, 0.000205408665352, -0.00204548006877, -0.00045103370212, 0.0140988593921, -0.00647617224604, 0.00178072135895, -0.000834513513837, 2.43255126406e-05, 0.00226894393563], [0.00027794696507, 0.00031184105319, 0.00075398402987, 0.000749913859181, -0.00397776160389, 0.00116452528164, 0.000606053799856, -0.00647617224604, 0.0191662497818, -0.00759059423581, 0.0029350023251, -0.00208883103915, -0.00111036316957], [-0.000403102225391, -0.00172145932447, -0.000272981502349, -0.000266896444373, 0.00211951276287, -0.00213883724064, -0.000605193839874, 0.00178072135895, -0.00759059423581, 0.0212617460638, -0.00849755387753, 0.000909789756406, 0.00101561821066], [-0.000365306448657, 0.000371400674339, -0.00040112255374, -5.30690558662e-05, -0.000218443674385, -0.00194595288485, -6.96948263794e-05, -0.000834513513837, 0.0029350023251, -0.00849755387753, 0.02004538849, -0.00654985103756, 0.000185468292329], [-0.00013764439791, -0.000728025042918, -0.000476634595543, 0.0010246289894, 0.000827072828542, 0.0021344947163, -0.00177793786861, 2.43255126406e-05, -0.00208883103915, 0.000909789756406, -0.00654985103756, 0.0181403402239, -0.00724742701277], [0.000290571537334, -0.000985130784102, -0.000161350675626, -0.0014675478451, -0.000689566135406, 0.000568568124436, 0.000838493986521, 0.00226894393563, -0.00111036316957, 0.00101561821066, 0.000185468292329, -0.00724742701277, 0.0198779851198]]
    },
    "spectral_contrast_coeffs": {
        "max": [-0.425950348377, -0.532142341137, -0.589725077152, -0.557571589947, -0.626443982124, -0.543987572193],
        "mean": [-0.693946480751, -0.729523062706, -0.756986021996, -0.765436291695, -0.781776666641, -0.732664465904],
        "min": [-0.877138972282, -0.906156778336, -0.893671512604, -0.894827127457, -0.858291387558, -0.852781772614],
        "stdev": [0.0756372958422, 0.0641592219472, 0.0510601699352, 0.0464855208993, 0.0366801321507, 0.0368203856051]
    },
    "spectral_contrast_valleys": {
        "max": [-4.90786552429, -5.18080568314, -6.0796661377, -6.27293014526, -5.44887447357, -6.93883466721],
        "mean": [-6.22772789001, -6.48682594299, -7.34724760056, -7.46890354156, -7.09742879868, -9.88570404053],
        "min": [-8.28721809387, -7.98504018784, -8.77934360504, -8.94385433197, -8.32967567444, -11.9241275787],
        "stdev": [0.525744974613, 0.399494498968, 0.401865065098, 0.406823664904, 0.502521812916, 0.975149869919]
    }
},
"rhythm": {
    "beats_count": 78,
    "beats_loudness": {
        "max": 0.0622292086482,
        "mean": 0.0402215123177,
        "min": 0.00587367173284,
        "stdev": 0.011629297398
    },
    "bpm": 131.802581787,
    "bpm_histogram_first_peak_bpm": 133,
    "bpm_histogram_first_peak_weight": 0.410958886147,
    "bpm_histogram_second_peak_bpm": 123,
    "bpm_histogram_second_peak_spread": 0.25,
    "bpm_histogram_second_peak_weight": 0.0389610379934,
    "danceability": 1.3243098259,
    "onset_rate": 3.38864970207,
    "beats_loudness_band_ratio": {
        "max": [0.887807309628, 0.618398308754, 0.516015172005, 0.411473184824, 0.269139170647, 0.697014689445],
        "mean": [0.431631088257, 0.249611616135, 0.105873070657, 0.0600295178592, 0.0665860921144, 0.125770717859],
        "min": [0.0362437330186, 0.0247312802821, 0.00828502234071, 0.00416375882924, 0.00557980313897, 0.00458891643211],
        "stdev": [0.258261263371, 0.157255426049, 0.0929269194603, 0.066767193377, 0.0503068231046, 0.127910301089]
    },
    "beats_position": [0.476009070873, 0.96362811327, 1.43963718414, 1.92725622654, 2.41487526894, 2.87927436829, 3.34367346764, 3.79646253586, 4.2492518425, 4.69043064117, 5.14321994781, 5.59600877762, 6.04879808426, 6.5015873909, 6.96598625183, 7.41877555847, 7.87156438828, 8.33596324921, 8.78875255585, 9.24154186249, 9.69433116913, 10.1471195221, 10.6115188599, 11.0759181976, 11.5287075043, 11.9814968109, 12.4226751328, 12.8754644394, 13.328253746, 13.7810430527, 14.2338323593, 14.6982307434, 15.15102005, 15.6038093567, 16.0682086945, 16.5209980011, 16.9737873077, 17.4381847382, 17.9025840759, 18.3669834137, 18.8197727203, 19.272562027, 19.7253513336, 20.1781406403, 20.642539978, 21.1069393158, 21.5713367462, 22.035736084, 22.5001354218, 22.9413146973, 23.3824939728, 23.8236732483, 24.2764625549, 24.7292518616, 25.1936511993, 25.6464385986, 26.1108379364, 26.563627243, 27.0164165497, 27.4692058563, 27.921995163, 28.3747844696, 28.8275737762, 29.2687530518, 29.7215423584, 30.1859397888, 30.6387290955, 31.0915184021, 31.5443077087, 31.9970970154, 32.4382743835, 32.9026756287, 33.3670730591, 33.8198623657, 34.2842636108, 34.7370529175, 35.2014503479, 35.6542396545],
