{
"metadata": {
    "version": {
        "essentia": "2.1-beta5",
        "essentia_git_sha": "Undefined",
        "extractor": "music 2.0"
    },
    "audio_properties": {
        "analysis": {
            "equal_loudness": 0,
            "length": 48.7502937317,
            "sample_rate": 44100,
            "start_time": 110.236732483,
            "downmix": "mix"
        },
        "bit_rate": 192000,
        "length": 189.753479004,
        "lossless": 0,
        "number_channels": 2,
        "replay_gain": -12.8958568573,
        "sample_rate": 48000,
        "codec": "mp3",
        "md5_encoded": "d1a0ff000f299e886e56d934bbf0a383"
    },
    "tags": {
        "file_name": "Iceland_þá Veistu Svarið_Inga.mp3",
        "encoding": ["Lavf58.29.100"]
    }
},
"lowlevel": {
    "average_loudness": 0.98071283102,
    "barkbands_crest": {
        "max": 16.2419128418,
        "mean": 5.91119146347,
        "min": 2.36203932762,
        "stdev": 2.25788664818
    },
    "barkbands_flatness_db": {
        "max": 0.155573099852,
        "mean": 0.0871637836099,
        "min": 0.0344075411558,
        "stdev": 0.0184502527118
    },
    "barkbands_kurtosis": {
        "max": 4.88510847092,
        "mean": -0.618341863155,
        "min": -1.77015388012,
        "stdev": 0.811713814735
    },
    "barkbands_skewness": {
        "max": 2.39150094986,
        "mean": 0.413619875908,
        "min": -1.16556692123,
        "stdev": 0.496618330479
    },
    "barkbands_spread": {
        "max": 80.6691741943,
        "mean": 38.6201972961,
        "min": 11.2597665787,
        "stdev": 10.4875020981
    },
    "dissonance": {
        "max": 0.500000119209,
        "mean": 0.479175031185,
        "min": 0.338616251945,
        "stdev": 0.0153303826228
    },
    "dynamic_complexity": 1.06462717056,
    "erbbands_crest": {
        "max": 23.1728458405,
        "mean": 7.32828569412,
        "min": 2.46797609329,
        "stdev": 3.22387218475
    },
    "erbbands_flatness_db": {
        "max": 0.25163885951,
        "mean": 0.146127179265,
        "min": 0.0696098953485,
        "stdev": 0.0275504477322
    },
    "erbbands_kurtosis": {
        "max": 5.85815811157,
        "mean": -0.271126747131,
        "min": -1.60361325741,
        "stdev": 0.79075884819
    },
    "erbbands_skewness": {
        "max": 1.45359587669,
        "mean": -0.112414941192,
        "min": -1.58766019344,
        "stdev": 0.490678787231
    },
    "erbbands_spread": {
        "max": 83.4818115234,
        "mean": 37.2529220581,
        "min": 8.50765037537,
        "stdev": 11.0595846176
    },
    "hfc": {
        "max": 103.218589783,
        "mean": 38.9944648743,
        "min": 1.27403712273,
        "stdev": 15.5531845093
    },
    "loudness_ebu128": {
        "integrated": -9.51159477234,
        "loudness_range": 1.25368785858,
        "momentary": {
            "max": -7.80742549896,
            "mean": -9.59385490417,
            "min": -12.3177776337,
            "stdev": 0.855201363564
        },
        "short_term": {
            "max": -8.55038166046,
            "mean": -9.57301712036,
            "min": -10.8657264709,
            "stdev": 0.42610090971
        }
    },
    "melbands_crest": {
        "max": 23.3102207184,
        "mean": 9.26185417175,
        "min": 3.5574464798,
        "stdev": 3.32743287086
    },
    "melbands_flatness_db": {
        "max": 0.224319443107,
        "mean": 0.111178480089,
        "min": 0.0306315645576,
        "stdev": 0.0287280362099
    },
    "melbands_kurtosis": {
        "max": 26.8993797302,
        "mean": 2.52972817421,
        "min": -1.45183551311,
        "stdev": 3.2052924633
    },
    "melbands_skewness": {
        "max": 4.93887805939,
        "mean": 1.46815872192,
        "min": -0.557282984257,
        "stdev": 0.7317019701
    },
    "melbands_spread": {
        "max": 129.012161255,
        "mean": 49.9313316345,
        "min": 13.690785408,
        "stdev": 16.2860374451
    },
    "pitch_salience": {
        "max": 0.875716388226,
        "mean": 0.58230227232,
        "min": 0.338200211525,
        "stdev": 0.0743307769299
    },
    "silence_rate_20dB": {
        "max": 1,
        "mean": 1,
        "min": 1,
        "stdev": 0
    },
    "silence_rate_30dB": {
        "max": 1,
        "mean": 1,
        "min": 1,
        "stdev": 0
    },
    "silence_rate_60dB": {
        "max": 0,
        "mean": 0,
        "min": 0,
        "stdev": 0
    },
    "spectral_centroid": {
        "max": 3640.34277344,
        "mean": 2358.21191406,
        "min": 831.531311035,
        "stdev": 463.814697266
    },
    "spectral_complexity": {
        "max": 54,
        "mean": 31.7629699707,
        "min": 0,
        "stdev": 6.63719701767
    },
    "spectral_decrease": {
        "max": -1.34529443141e-10,
        "mean": -6.04696159812e-09,
        "min": -1.26937305112e-08,
        "stdev": 1.60209567834e-09
    },
    "spectral_energy": {
        "max": 0.0506692416966,
        "mean": 0.0263595599681,
        "min": 0.000623305735644,
        "stdev": 0.00678666355088
    },
    "spectral_energyband_high": {
        "max": 0.0110930986702,
        "mean": 0.00285288295709,
        "min": 8.25876632007e-05,
        "stdev": 0.00186241988558
    },
    "spectral_energyband_low": {
        "max": 0.0347402989864,
        "mean": 0.0057628871873,
        "min": 2.13328421523e-05,
        "stdev": 0.00395200587809
    },
    "spectral_energyband_middle_high": {
        "max": 0.034925121814,
        "mean": 0.0110201546922,
        "min": 0.000473126652651,
        "stdev": 0.005871407222
    },
    "spectral_energyband_middle_low": {
        "max": 0.0307546760887,
        "mean": 0.00735216354951,
        "min": 4.73618783872e-05,
        "stdev": 0.00347164226696
    },
    "spectral_entropy": {
        "max": 8.46423244476,
        "mean": 7.87458562851,
        "min": 7.25669527054,
        "stdev": 0.196928560734
    },
    "spectral_flux": {
        "max": 0.169211640954,
        "mean": 0.0878709927201,
        "min": 0.0356593988836,
        "stdev": 0.0199078973383
    },
    "spectral_kurtosis": {
        "max": 13.589723587,
        "mean": 2.69666028023,
        "min": -0.446146011353,
        "stdev": 1.06361186504
    },
    "spectral_rms": {
        "max": 0.0070308893919,
        "mean": 0.00502520706505,
        "min": 0.00077980972128,
        "stdev": 0.000681117060594
    },
    "spectral_rolloff": {
        "max": 7795.01953125,
        "mean": 3067.90234375,
        "min": 516.796875,
        "stdev": 1194.97802734
    },
    "spectral_skewness": {
        "max": 3.01712083817,
        "mean": 1.11127376556,
        "min": 0.247746035457,
        "stdev": 0.20392818749
    },
    "spectral_spread": {
        "max": 9526715,
        "mean": 4503377.5,
        "min": 2875331,
        "stdev": 845811.6875
    },
    "spectral_strongpeak": {
        "max": 11.0678291321,
        "mean": 1.33397161961,
        "min": 0,
        "stdev": 1.66161394119
    },
    "zerocrossingrate": {
        "max": 0.22216796875,
        "mean": 0.0981886908412,
        "min": 0.02392578125,
        "stdev": 0.025644864887
    },
    "barkbands": {
        "max": [0.00167330005206, 0.0227779857814, 0.020526625216, 0.0108573110774, 0.0151671282947, 0.00870505813509, 0.00921481009573, 0.0140286860988, 0.0120766796172, 0.0185736212879, 0.0198272522539, 0.0163074824959, 0.016551412642, 0.0203183423728, 0.0157572254539, 0.0087804896757, 0.00879681948572, 0.00343550974503, 0.00691680330783, 0.00692917453125, 0.00639456324279, 0.0039301328361, 0.00328097608872, 0.00281822751276, 0.00176981149707, 0.00064565386856, 8.32972659737e-07],
        "mean": [0.000252247147728, 0.0033347834833, 0.00177169276867, 0.00101851264481, 0.0020098653622, 0.00113426463213, 0.000972634996288, 0.000820311717689, 0.00109926518053, 0.00192659802269, 0.00153276929632, 0.000972725218162, 0.00105905474629, 0.000698615680449, 0.00131662283093, 0.0007028990658, 0.000705617363565, 0.000692318426445, 0.00111028319225, 0.00117625750136, 0.000909363501705, 0.000401721714297, 0.000364004372386, 0.000189813828911, 0.000152288703248, 3.49940200977e-05, 9.58325507838e-09],
        "min": [4.26722806424e-07, 6.7519699769e-06, 1.35139555368e-06, 3.90913783122e-06, 1.99133319256e-05, 9.42456892972e-07, 6.35430637885e-07, 9.41916141528e-07, 1.41565742524e-05, 1.39708818097e-05, 2.73213445325e-05, 1.15387429105e-05, 1.28533638417e-05, 6.93911169947e-06, 2.72926281468e-05, 4.43154658569e-06, 8.34571608266e-07, 1.14232389024e-05, 4.77741014038e-05, 4.04859893024e-05, 2.84578472929e-05, 1.56229839376e-06, 1.25711517285e-06, 1.28275542011e-06, 2.11609517464e-06, 2.78246886865e-07, 9.80154499231e-12],
        "stdev": [0.000227501353947, 0.00265095289797, 0.00185730494559, 0.00112754455768, 0.00163022836205, 0.00106205139309, 0.00105997011997, 0.000969852786511, 0.00136084354017, 0.00253537367098, 0.00191466475371, 0.00137199216988, 0.00141986296512, 0.00158722128253, 0.00167503301054, 0.000875609053764, 0.000982470926829, 0.000516613596119, 0.000803966482636, 0.000926647626329, 0.000869007548317, 0.000439437484602, 0.000422867015004, 0.000238177060965, 0.000168560640304, 5.87840477237e-05, 3.61770702284e-08]
    },
    "erbbands": {
        "max": [0.763141691685, 5.74571228027, 21.6081447601, 32.6796646118, 71.3508682251, 60.8783111572, 108.454772949, 107.128829956, 130.97517395, 122.230453491, 383.784606934, 357.432647705, 538.440734863, 745.202209473, 850.150878906, 841.538269043, 605.547668457, 1122.47753906, 979.151916504, 406.020629883, 570.711730957, 344.319763184, 224.644378662, 317.990447998, 478.952148438, 437.017303467, 381.819061279, 136.77571106, 129.875869751, 209.817443848, 104.147026062, 98.0182571411, 22.2865257263, 31.2213077545, 6.34221458435, 4.07277345657, 0.968479335308, 0.0353290550411, 0.000877904007211, 0.000106240346213],
        "mean": [0.0918560102582, 0.746271491051, 2.0379114151, 2.76582360268, 4.81662511826, 7.35174465179, 7.63481283188, 11.1384468079, 11.3496437073, 17.1275978088, 17.3376617432, 29.2474384308, 30.1691131592, 88.4250640869, 58.5858154297, 39.1778869629, 46.7488975525, 45.7337799072, 67.5611572266, 39.6234321594, 45.9691200256, 33.7788772583, 39.114616394, 48.3089523315, 54.5974082947, 57.5334625244, 58.6673126221, 18.0519771576, 12.5645456314, 16.1609458923, 10.1586751938, 4.81062555313, 2.76459860802, 2.27101230621, 0.722667753696, 0.244739443064, 0.0491596721113, 0.00154740340076, 7.12092441972e-05, 4.1147639422e-05],
        "min": [0.000397294264985, 0.000966277963016, 0.00247697392479, 0.0126807317138, 0.0498736426234, 0.0705917179585, 0.0316930562258, 0.00437405565754, 0.00423161778599, 0.0186660662293, 0.0371518172324, 0.293760359287, 0.546804189682, 1.29147565365, 1.02683711052, 0.725399553776, 0.57410633564, 0.846959710121, 0.688997924328, 0.705006420612, 0.289211153984, 0.0849929228425, 0.392183482647, 0.933710455894, 1.75853526592, 1.85878431797, 1.36432003975, 0.331234902143, 0.0549023114145, 0.0298178922385, 0.0410557277501, 0.038457646966, 0.0196276605129, 0.0211725495756, 0.0151672754437, 0.00330295972526, 0.000151838365127, 9.84073085419e-06, 3.62682271771e-06, 1.14687372843e-06],
        "stdev": [0.0749545916915, 0.634483397007, 1.99845063686, 2.75156712532, 4.93890810013, 6.86167240143, 7.60051584244, 11.3340969086, 11.7624225616, 15.5933647156, 22.2596073151, 35.3031349182, 36.9379844666, 105.993247986, 70.3241119385, 58.8096618652, 57.0991668701, 83.7329406738, 94.7616271973, 39.1716041565, 57.8118934631, 39.9141464233, 30.7340126038, 35.4911193848, 44.9592933655, 48.5647201538, 53.8162841797, 15.5798559189, 14.0425739288, 18.6606731415, 11.8603057861, 6.76056289673, 2.94777059555, 2.65735650063, 0.76599830389, 0.370310127735, 0.0897271409631, 0.00287766358815, 8.14583836473e-05, 1.27521434479e-05]
    },
    "gfcc": {
        "mean": [57.0899810791, 73.6626663208, -140.518127441, 50.628200531, -67.5119857788, 25.3049716949, -34.2821769714, 16.5550804138, -31.2516059875, 5.97529411316, -13.9786214828, -1.81923043728, -4.2440199852],
        "cov": [[445.67086792, -248.085891724, 62.5407676697, 31.5354690552, -23.3718776703, 37.0167121887, -27.7771644592, 18.6877727509, -24.0403938293, 14.7249679565, -46.7260360718, 29.0544185638, -49.234828949], [-248.085891724, 442.194335938, -80.6380615234, -18.9722576141, 89.1323699951, -18.8526954651, 65.1625518799, -36.1257400513, 4.68268013, -16.6868648529, 59.9671020508, -74.002456665, 57.3625984192], [62.5407676697, -80.6380615234, 322.23638916, 67.7318267822, -19.1075210571, -1.09263205528, -77.4576644897, 51.0640220642, 51.0196075439, -3.1399037838, -58.2412490845, 74.7273483276, -69.4714889526], [31.5354690552, -18.9722576141, 67.7318267822, 170.218933105, 5.44693279266, -35.6720504761, -31.638299942, 10.146320343, 42.1456947327, -30.2210845947, -15.3984012604, 16.6573028564, -1.11387753487], [-23.3718776703, 89.1323699951, -19.1075210571, 5.44693279266, 125.577934265, 36.3660850525, 37.8965415955, -5.86155128479, -28.7413864136, 20.0129508972, 15.3797063828, -18.4924278259, 13.8437833786], [37.0167121887, -18.8526954651, -1.09263205528, -35.6720504761, 36.3660850525, 133.153106689, 66.5047683716, -15.9249105453, -26.6813564301, 13.7864246368, 10.9762029648, -16.0745124817, -5.8495965004], [-27.7771644592, 65.1625518799, -77.4576644897, -31.638299942, 37.8965415955, 66.5047683716, 107.882461548, -1.87747132778, -30.7053833008, 8.46100330353, 24.4127311707, -31.5829620361, 18.7078914642], [18.6877727509, -36.1257400513, 51.0640220642, 10.146320343, -5.86155128479, -15.9249105453, -1.87747132778, 81.1435470581, 45.1067695618, -1.70189642906, -15.4934024811, 20.0436172485, -13.0950250626], [-24.0403938293, 4.68268013, 51.0196075439, 42.1456947327, -28.7413864136, -26.6813564301, -30.7053833008, 45.1067695618, 97.4872283936, -2.00993418694, -13.8792047501, 20.0575332642, -12.6225261688], [14.7249679565, -16.6868648529, -3.1399037838, -30.2210845947, 20.0129508972, 13.7864246368, 8.46100330353, -1.70189642906, -2.00993418694, 63.7048149109, 24.8443317413, -5.90917730331, -2.18682050705], [-46.7260360718, 59.9671020508, -58.2412490845, -15.3984012604, 15.3797063828, 10.9762029648, 24.4127311707, -15.4934024811, -13.8792047501, 24.8443317413, 71.7981033325, -8.72349262238, 13.14290905], [29.0544185638, -74.002456665, 74.7273483276, 16.6573028564, -18.4924278259, -16.0745124817, -31.5829620361, 20.0436172485, 20.0575332642, -5.90917730331, -8.72349262238, 81.6096801758, -16.7733917236], [-49.234828949, 57.3625984192, -69.4714889526, -1.11387753487, 13.8437833786, -5.8495965004, 18.7078914642, -13.0950250626, -12.6225261688, -2.18682050705, 13.14290905, -16.7733917236, 75.2285308838]],
        "icov": [[0.00383283104748, 0.000648054468911, 0.00122706987895, -0.00213187769987, 0.00109431019519, -0.00237209466286, 0.00192431558389, -0.00234765652567, 0.00324726128019, -0.00275396252982, 0.00264224782586, -0.000732519023586, 0.00168275623582], [0.000648054468911, 0.0106841279194, -0.00666248286143, 0.00692922994494, -0.00973941478878, 0.0103439372033, -0.0103056905791, 0.0108793424442, -0.0119057660922, 0.0126214893535, -0.0108166448772, 0.00908635556698, -0.0044345445931], [0.00122706987895, -0.00666248286143, 0.0121205337346, -0.00792310759425, 0.0067145973444, -0.0111478660256, 0.0120747117326, -0.0113445948809, 0.010035305284, -0.0117227304727, 0.0117348348722, -0.00979940872639, 0.0069869523868], [-0.00213187769987, 0.00692922994494, -0.00792310759425, 0.0152167342603, -0.010062973015, 0.0112620349973, -0.00919518619776, 0.0118917226791, -0.0149371102452, 0.0155683383346, -0.0106437997892, 0.00722799217328, -0.00526873674244], [0.00109431019519, -0.00973941478878, 0.0067145973444, -0.010062973015, 0.020408295095, -0.0126442089677, 0.0089856851846, -0.0131704816595, 0.0163604877889, -0.0169380698353, 0.0112384743989, -0.00780061911792, 0.00347845442593], [-0.00237209466286, 0.0103439372033, -0.0111478660256, 0.0112620349973, -0.0126442089677, 0.026694631204, -0.0224012210965, 0.0182145852596, -0.0161984339356, 0.0150623302907, -0.0129768690094, 0.0102130109444, -0.00415970431641], [0.00192431558389, -0.0103056905791, 0.0120747117326, -0.00919518619776, 0.0089856851846, -0.0224012210965, 0.0334795303643, -0.0206033084542, 0.0183766428381, -0.0137343723327, 0.0100265564397, -0.00715286796913, 0.0041621606797], [-0.00234765652567, 0.0108793424442, -0.0113445948809, 0.0118917226791, -0.0131704816595, 0.0182145852596, -0.0206033084542, 0.0350728109479, -0.0254853460938, 0.0165465194732, -0.011416753754, 0.00786865781993, -0.00510982237756], [0.00324726128019, -0.0119057660922, 0.010035305284, -0.0149371102452, 0.0163604877889, -0.0161984339356, 0.0183766428381, -0.0254853460938, 0.0358791984618, -0.0210421793163, 0.0157519541681, -0.011406050995, 0.00708660110831], [-0.00275396252982, 0.0126214893535, -0.0117227304727, 0.0155683383346, -0.0169380698353, 0.0150623302907, -0.0137343723327, 0.0165465194732, -0.0210421793163, 0.0406141318381, -0.0241850223392, 0.0139318080619, -0.00645602494478], [0.00264224782586, -0.0108166448772, 0.0117348348722, -0.0106437997892, 0.0112384743989, -0.0129768690094, 0.0100265564397, -0.011416753754, 0.0157519541681, -0.0241850223392, 0.0343020223081, -0.013355795294, 0.00606767088175], [-0.000732519023586, 0.00908635556698, -0.00979940872639, 0.00722799217328, -0.00780061911792, 0.0102130109444, -0.00715286796913, 0.00786865781993, -0.011406050995, 0.0139318080619, -0.013355795294, 0.0252505447716, -0.0045176865533], [0.00168275623582, -0.0044345445931, 0.0069869523868, -0.00526873674244, 0.00347845442593, -0.00415970431641, 0.0041621606797, -0.00510982237756, 0.00708660110831, -0.00645602494478, 0.00606767088175, -0.0045176865533, 0.0201957318932]]
    },
    "melbands": {
        "max": [0.0064350659959, 0.00906242709607, 0.00445816339925, 0.00382237578742, 0.00298495288007, 0.00204502395354, 0.00204359460622, 0.0016473561991, 0.00281878956594, 0.0022643036209, 0.00276383222081, 0.00318939005956, 0.00268677785061, 0.00152604910545, 0.00120685028378, 0.00223779981025, 0.00247797206976, 0.00172640406527, 0.00112937320955, 0.000639604753815, 0.000830586941447, 0.000517569016665, 0.000392582180211, 0.000206451455597, 0.000304320943542, 0.000339944584994, 0.00019877871091, 0.000324347696733, 0.00028520799242, 0.000188771140529, 8.27885742183e-05, 9.02559040696e-05, 9.10482995096e-05, 0.000103285026853, 6.56059855828e-05, 9.29961170186e-05, 5.80013293074e-05, 1.85397475434e-05, 2.99600651488e-05, 2.1881869543e-05],
        "mean": [0.000868794042617, 0.00104508840013, 0.000554016616661, 0.000432429049397, 0.000294011842925, 0.000229674318689, 0.000189505939488, 0.00018589074898, 0.000136040791404, 0.000187463010661, 0.000146290942212, 0.000359428551747, 0.000190272301552, 0.000131607273943, 7.43637792766e-05, 0.000118220377772, 7.77520108386e-05, 9.81062330538e-05, 8.47844203236e-05, 4.41154115833e-05, 5.75677513552e-05, 3.84878730983e-05, 3.17113881465e-05, 3.39786602126e-05, 3.90524801333e-05, 4.21284057666e-05, 3.01310483337e-05, 4.07085972256e-05, 4.3038813601e-05, 2.12354916584e-05, 6.8292351898e-06, 6.81305118633e-06, 8.10812434793e-06, 8.56929909787e-06, 6.54743143969e-06, 3.75278182219e-06, 2.4785149435e-06, 1.84278246707e-06, 2.10087887353e-06, 1.81650989362e-06],
        "min": [4.44440502179e-06, 1.6306296402e-06, 3.28530768456e-06, 4.61703530164e-06, 1.52888435423e-06, 1.00975555029e-07, 8.23833161689e-08, 1.97259097945e-07, 3.58623850616e-07, 2.13663406612e-06, 2.75266847893e-06, 5.03156115883e-06, 4.39538598584e-06, 1.86216743714e-06, 1.20068546039e-06, 1.25437691167e-06, 9.21406751786e-07, 8.7566587581e-07, 2.07007019526e-06, 1.88852737892e-07, 3.2723323784e-07, 3.7150332588e-08, 2.31863850786e-07, 4.74101341297e-07, 5.68421967273e-07, 1.58284171903e-06, 1.15495754471e-06, 8.18111573153e-07, 8.56251006098e-07, 5.79643653964e-07, 5.08741777594e-08, 2.38457413815e-08, 3.14795478573e-08, 8.20151946357e-09, 1.84077766363e-08, 3.88660730266e-08, 1.53484389642e-08, 1.2617794809e-08, 1.71888885347e-08, 1.68063660766e-08],
        "stdev": [0.000682510202751, 0.000877538928762, 0.000494459760375, 0.000362696009688, 0.00026577123208, 0.000224239804083, 0.00019721800345, 0.000171259336639, 0.000180019938853, 0.000233472674154, 0.000194258536794, 0.000446161924629, 0.000221713533392, 0.000165378733072, 9.27988658077e-05, 0.000174775821506, 0.000180163420737, 0.000147503043991, 0.000106411425804, 4.95003841934e-05, 8.48017443786e-05, 5.72492899664e-05, 3.05107296299e-05, 2.77897597698e-05, 3.33951284119e-05, 3.85355233448e-05, 2.30185050896e-05, 3.64727675333e-05, 4.25815924245e-05, 2.25900021178e-05, 7.37856862543e-06, 8.67562539497e-06, 9.13243638934e-06, 1.02413741843e-05, 8.10264191387e-06, 5.84162626183e-06, 3.4516147025e-06, 2.15685622607e-06, 2.47398338615e-06, 2.04200182452e-06]
    },
    "melbands128": {
        "max": [0.00141312275082, 0.00567303225398, 0.0106680830941, 0.0102633219212, 0.0120378676802, 0.00946862995625, 0.00831404235214, 0.00548084080219, 0.00905068777502, 0.00405067298561, 0.00474555697292, 0.00490385619923, 0.00532697467133, 0.00302846403793, 0.00399299152195, 0.00220673438162, 0.00184394419193, 0.00335951033048, 0.00312541914172, 0.00151774589904, 0.00339708477259, 0.00401030760258, 0.00433217175305, 0.00370934512466, 0.0041691805236, 0.00365447835065, 0.00303047895432, 0.00486739259213, 0.00495901843533, 0.00579413678497, 0.00533244758844, 0.00513919489458, 0.00411017658189, 0.00638387305662, 0.00278246239759, 0.00242633046582, 0.00492016365752, 0.000842097913846, 0.00142730819061, 0.00169379485305, 0.00481882179156, 0.00216866168194, 0.00336665241048, 0.00497394707054, 0.00204747938551, 0.0034939753823, 0.00315215974115, 0.00273386272602, 0.00142584729474, 0.000803936796729, 0.00111335027032, 0.00186027865857, 0.00144182168879, 0.00169137644116, 0.00143615039997, 0.000607319641858, 0.000257252133451, 0.00106776959728, 0.000505411764607, 0.00042086240137, 0.000420022552134, 0.000543143076357, 0.000516873260494, 0.000660147692543, 0.000619074504357, 0.000418540876126, 0.00105477194302, 0.000350060901837, 0.000375370291295, 0.000545659102499, 0.000806189957075, 0.000730812374968, 0.000727700418793, 0.000667004031129, 0.000453721964732, 0.000406432664022, 0.000372516922653, 0.000122391284094, 0.00010295624088, 0.000158659793669, 0.000135837806738, 9.00298909983e-05, 0.000103943988506, 0.000138011848321, 0.000300707964925, 0.000236881809542, 8.61865628394e-05, 9.29797897697e-05, 0.000127144317958, 9.56972435233e-05, 7.81675989856e-05, 0.000221260663238, 0.00010735757678, 9.72772468231e-05, 2.1829684556e-05, 2.36329615291e-05, 2.70750242635e-05, 1.78302707354e-05, 1.92978113773e-05, 6.48006534902e-05, 4.5049306209e-05, 2.08694946195e-05, 1.54496228788e-05, 9.67303822108e-06, 1.09188331407e-05, 8.05704439699e-06, 7.30049077902e-06, 7.36660240364e-06, 1.09099737529e-05, 1.36835096782e-05, 6.10848701399e-06, 4.61436593469e-06, 3.75457602786e-06, 1.60810657235e-06, 1.36227822622e-06, 9.32212955718e-08, 2.41702498016e-08, 1.67559144337e-09, 1.6644821077e-09, 1.64550639781e-09, 1.63753111071e-09, 1.62552726835e-09, 1.6085136556e-09, 1.51552892458e-09, 1.10031894707e-09, 6.96392332689e-10, 6.78902822848e-10, 6.68771038548e-10],
        "mean": [0.000219777604798, 0.000733542779926, 0.00103039899841, 0.00133437640034, 0.00114261964336, 0.000830554927234, 0.000519565539435, 0.000551236618776, 0.000476270332001, 0.000409635948017, 0.000428787781857, 0.000360635691322, 0.000248742115218, 0.000203045245144, 0.000332061812514, 0.000179227150511, 0.000102058394987, 0.000216003696551, 0.000280922860838, 0.000164499288076, 0.000174301312654, 0.000127838196931, 0.000157380723977, 9.05326887732e-05, 0.000187177443877, 0.000274461199297, 8.46129260026e-05, 0.000135089430842, 0.000116905313917, 0.000449416373158, 0.000438996852608, 0.000220019675908, 0.000103924845462, 0.000272851961199, 0.000130128493765, 9.27111395868e-05, 0.000125605452922, 3.25426372001e-05, 8.2786398707e-05, 0.000106853003672, 0.000156083639013, 8.5767620476e-05, 6.91523819114e-05, 9.26162974793e-05, 3.4024084016e-05, 0.000101671146695, 0.000178915972356, 8.75284385984e-05, 5.05223324581e-05, 2.65461803792e-05, 4.75112392451e-05, 5.76317252126e-05, 4.57211353933e-05, 6.38576384517e-05, 7.21620599506e-05, 2.89146537398e-05, 1.49123616211e-05, 3.29976319335e-05, 3.23321328324e-05, 4.26911938121e-05, 3.35135846399e-05, 2.33602913795e-05, 4.85284108436e-05, 4.27899285569e-05, 2.69356260105e-05, 4.0948514652e-05, 5.95206984144e-05, 2.71525932476e-05, 2.17309625441e-05, 3.22812920786e-05, 3.96467730752e-05, 4.76392160635e-05, 4.66291967314e-05, 4.69039478048e-05, 3.0511404475e-05, 2.81952616206e-05, 1.38612604133e-05, 6.27081044513e-06, 6.71709267408e-06, 6.08588470641e-06, 6.61722742734e-06, 7.22046206647e-06, 6.38780420559e-06, 6.34845309833e-06, 1.1771685422e-05, 1.17134295579e-05, 5.78890103498e-06, 5.48996513317e-06, 9.3610942713e-06, 4.46246713182e-06, 3.47205605067e-06, 4.35759602624e-06, 3.0180867725e-06, 2.47587945523e-06, 2.00893350666e-06, 1.87731006918e-06, 1.78537629836e-06, 1.73632679434e-06, 1.86327793017e-06, 2.58722275248e-06, 2.3798370421e-06, 1.4313130805e-06, 1.56437272381e-06, 9.06357627173e-07, 7.71019529111e-07, 5.82876282351e-07, 4.14810699567e-07, 3.82845229296e-07, 4.68278557264e-07, 4.16071117115e-07, 3.32481874921e-07, 2.07571588362e-07, 1.30391939024e-07, 4.95627929809e-08, 3.45204353991e-09, 1.37839739622e-09, 3.75029840516e-10, 5.5107376995e-12, 4.87004143609e-12, 4.709236473e-12, 4.57694125655e-12, 4.46321105074e-12, 4.35366456428e-12, 4.22599932479e-12, 3.94102632473e-12, 3.52724316768e-12, 3.29807557133e-12, 3.24658854488e-12],
        "min": [2.8061810653e-08, 1.43151964949e-06, 2.19220100917e-06, 4.60086141629e-07, 1.23038603306e-06, 8.62353488174e-07, 2.09378504223e-06, 2.11880364986e-06, 3.44950558429e-06, 2.42984901888e-06, 2.31588069255e-06, 1.84081625321e-06, 6.83132782342e-07, 2.35381151015e-07, 3.87491603249e-08, 6.16514626017e-08, 4.41509655502e-08, 4.2246131926e-08, 1.7795125018e-07, 2.63207198259e-07, 1.61125910836e-07, 1.41748998317e-07, 2.28961042126e-07, 6.10536687873e-07, 1.36851554089e-06, 4.96063591982e-07, 1.97620508402e-07, 2.74729757166e-07, 7.16562453817e-07, 7.00160796896e-07, 2.52284053204e-06, 7.50954995965e-07, 9.5141069778e-07, 7.30321801257e-07, 3.99715190724e-07, 4.56991585907e-07, 3.99887227331e-07, 2.85134206024e-07, 2.64560185315e-07, 4.75038916647e-07, 5.88339162277e-07, 4.63305298126e-07, 2.68642452284e-07, 4.30549391695e-07, 2.7518339607e-07, 6.75544413298e-07, 5.5714104974e-07, 9.5451616744e-07, 2.3884652478e-07, 7.81460443022e-08, 8.91839491146e-08, 3.23284382375e-07, 2.79564318362e-07, 1.91236011915e-07, 2.63786699151e-08, 1.78408718909e-08, 3.47075399532e-08, 1.43865833024e-07, 3.00487613458e-07, 4.41320707978e-07, 1.3115851516e-07, 5.11956045557e-07, 3.13501516302e-07, 3.14426557679e-07, 1.82995734122e-07, 3.32191831376e-07, 4.14896021539e-07, 9.34099659844e-07, 5.81959227475e-07, 4.5508176072e-07, 5.02620537191e-07, 3.64263058827e-07, 2.6568937983e-07, 3.99913886895e-07, 3.66463098089e-07, 4.06205515446e-07, 1.60599483934e-07, 3.697803308e-08, 4.4410384703e-08, 6.43530526645e-08, 8.41617264769e-09, 1.62319100383e-08, 3.00218623295e-08, 3.9729588508e-08, 2.98890299177e-08, 5.57045964911e-09, 1.14791987027e-09, 7.84290055122e-09, 2.08089456777e-08, 2.69990749757e-08, 2.7337572206e-08, 5.3324864524e-08, 3.36807204349e-08, 8.44497893837e-09, 8.56800230764e-09, 1.13353904041e-08, 1.44975818017e-08, 1.24722667749e-08, 9.17598530492e-09, 3.03573628457e-08, 1.94371025941e-08, 1.42477141196e-08, 1.20859713348e-08, 1.52836818756e-08, 7.91852627913e-09, 7.96940735626e-09, 5.54487744608e-09, 6.47214104532e-09, 6.00456750988e-09, 1.75260683744e-09, 1.41321537805e-10, 8.81780068342e-14, 7.20783635143e-14, 4.81887987359e-14, 4.77778183499e-14, 4.56358753142e-14, 4.45881328279e-14, 3.27992604051e-14, 2.92275054257e-14, 3.2103063697e-14, 2.91380282532e-14, 3.17693428801e-14, 3.13558349478e-14, 2.86043161813e-14, 2.32028023233e-14, 7.37105688986e-15, 1.17913646054e-15, 9.11835599931e-17],
        "stdev": [0.000200375332497, 0.000627594534308, 0.00101365998853, 0.00120820233133, 0.00116542703472, 0.000862888991833, 0.000627536559477, 0.000621797109488, 0.000595977238845, 0.00043055700371, 0.000476173590869, 0.000433988665463, 0.000336364522809, 0.000244072041824, 0.000396750372602, 0.000202672512387, 0.000148453240399, 0.000301662716083, 0.000372766458895, 0.000174962900928, 0.000252889818512, 0.000243899557972, 0.000268136209343, 0.000209289166378, 0.00030461177812, 0.000405261700507, 0.000174920758582, 0.000305682362523, 0.000284861656837, 0.00073679164052, 0.000608669302892, 0.000437326700194, 0.000208223675145, 0.00047284446191, 0.000242406196776, 0.000187240555533, 0.000297153572319, 6.13948141108e-05, 0.00014409092546, 0.000158852242748, 0.000337211298756, 0.000159712944878, 0.000211205813685, 0.000311001145747, 0.000106681000034, 0.000219748224481, 0.000329665781464, 0.000175993234734, 9.43931518123e-05, 6.34415628156e-05, 6.61595258862e-05, 9.77047748165e-05, 9.93284775177e-05, 0.000153981658514, 0.000139012234285, 5.82421525905e-05, 2.06642525882e-05, 5.59119871468e-05, 4.03244848712e-05, 5.18937158631e-05, 4.80460876133e-05, 2.66264978563e-05, 5.93391741859e-05, 5.04141753481e-05, 4.18933705078e-05, 5.26884396095e-05, 8.12575672171e-05, 3.41356280842e-05, 2.5363820896e-05, 4.51001869806e-05, 6.13967131358e-05, 5.23518283444e-05, 6.31416987744e-05, 7.47050944483e-05, 4.64068943984e-05, 4.0335333324e-05, 2.45105420618e-05, 8.20388231659e-06, 8.96000528883e-06, 8.95859830052e-06, 1.02592612166e-05, 1.00170364021e-05, 8.74546458363e-06, 9.64319588093e-06, 1.93590876734e-05, 1.91381786863e-05, 7.99450299382e-06, 7.91446291259e-06, 1.46269521792e-05, 6.89591843184e-06, 5.54291136723e-06, 9.86185568763e-06, 5.4633082982e-06, 4.32324077337e-06, 2.52953805102e-06, 2.49467666436e-06, 2.39170685745e-06, 2.01083912543e-06, 2.01020316126e-06, 4.93981042382e-06, 3.51285370925e-06, 1.62029493822e-06, 1.76228888904e-06, 9.74395334197e-07, 1.00639442735e-06, 8.1627081272e-07, 5.79828338232e-07, 6.05387981523e-07, 7.98541748281e-07, 7.93118999809e-07, 6.41383110178e-07, 3.91209312056e-07, 2.91777439543e-07, 1.13363860521e-07, 3.25156648273e-08, 5.029073602e-09, 1.33485500431e-09, 4.47893354349e-11, 4.26427886058e-11, 4.15163702028e-11, 4.07525541091e-11, 4.00226518593e-11, 3.92176673081e-11, 3.70784514203e-11, 2.89495320077e-11, 1.81938370619e-11, 1.54262332075e-11, 1.51570977991e-11]
    },
    "mfcc": {
        "mean": [-571.890991211, 89.510848999, -10.3529319763, 24.3078937531, -3.43337607384, 6.36985826492, 10.2865200043, 3.5035905838, 0.910542666912, 5.47921609879, -4.82482004166, -3.46936488152, 3.34020256996],
        "cov": [[438.24911499, -221.69682312, -4.27343130112, -13.0316438675, -14.9458265305, 15.4083881378, 0.81373000145, 3.25621461868, -3.84955406189, -6.03650760651, -3.32758140564, -12.3814916611, 11.3757953644], [-221.69682312, 394.548919678, -112.71471405, -20.4109210968, 5.37876224518, 17.6087417603, 90.4378662109, -38.6138458252, -5.91744565964, 32.5969848633, -8.12806510925, 5.54124832153, -18.778470993], [-4.27343130112, -112.71471405, 294.970581055, 54.266330719, 50.5776443481, -26.5573730469, -130.740570068, 60.29347229, 20.1411380768, -32.7545890808, 38.8702583313, 19.0659179688, -11.5526428223], [-13.0316438675, -20.4109210968, 54.266330719, 171.943954468, 53.0730323792, -42.2192115784, -67.2263870239, 19.0834732056, 17.6277389526, -30.8706321716, -8.41588878632, 28.5612602234, 9.9074382782], [-14.9458265305, 5.37876224518, 50.5776443481, 53.0730323792, 94.8871002197, -0.820818901062, -25.7891960144, 8.52539730072, 14.9831094742, -9.92995738983, 3.15688824654, 20.1778564453, 3.49419283867], [15.4083881378, 17.6087417603, -26.5573730469, -42.2192115784, -0.820818901062, 123.615844727, 79.1372528076, -5.18477058411, -18.0272445679, 19.1132831573, 2.16376662254, -32.1479568481, -5.13028001785], [0.81373000145, 90.4378662109, -130.740570068, -67.2263870239, -25.7891960144, 79.1372528076, 191.812210083, -32.8882102966, -25.0215911865, 39.8708305359, -19.0003471375, -26.7210407257, -3.48737096786], [3.25621461868, -38.6138458252, 60.29347229, 19.0834732056, 8.52539730072, -5.18477058411, -32.8882102966, 95.6758499146, 22.8187332153, -12.5702390671, 19.3571796417, -2.24081301689, 9.57019710541], [-3.84955406189, -5.91744565964, 20.1411380768, 17.6277389526, 14.9831094742, -18.0272445679, -25.0215911865, 22.8187332153, 75.3616027832, 8.23621273041, -8.80929374695, 10.9591121674, -7.29590845108], [-6.03650760651, 32.5969848633, -32.7545890808, -30.8706321716, -9.92995738983, 19.1132831573, 39.8708305359, -12.5702390671, 8.23621273041, 72.9986495972, 15.0171337128, -10.5053005219, -8.25363922119], [-3.32758140564, -8.12806510925, 38.8702583313, -8.41588878632, 3.15688824654, 2.16376662254, -19.0003471375, 19.3571796417, -8.80929374695, 15.0171337128, 70.294090271, 5.90308046341, 2.00573849678], [-12.3814916611, 5.54124832153, 19.0659179688, 28.5612602234, 20.1778564453, -32.1479568481, -26.7210407257, -2.24081301689, 10.9591121674, -10.5053005219, 5.90308046341, 73.7173995972, 9.50101566315], [11.3757953644, -18.778470993, -11.5526428223, 9.9074382782, 3.49419283867, -5.13028001785, -3.48737096786, 9.57019710541, -7.29590845108, -8.25363922119, 2.00573849678, 9.50101566315, 61.533996582]],
        "icov": [[0.00344419246539, 0.00228109676391, 0.000661130412482, 7.42119809729e-05, -0.000111595138151, -0.000275681202766, -0.000512415776029, 0.000244743569056, -0.000132357687107, 2.18501845666e-05, -0.000142843928188, -3.74989540433e-05, 8.55052130646e-05], [0.00228109676391, 0.00469065830112, 0.00138765212614, -3.23171043419e-05, -0.00100350449793, 0.000249964214163, -0.00147073634434, 0.000454499619082, -3.99829041271e-05, -0.000461045710836, -0.000495146086905, -0.00063219916774, 0.00124643545132], [0.000661130412482, 0.00138765212614, 0.00655492674559, 6.47477136226e-05, -0.00230280309916, -0.0011358181946, 0.0032698342111, -0.00215569580905, 0.000291155680316, 0.00079210131662, -0.00196446035989, -0.000536986917723, 0.00236583617516], [7.42119809729e-05, -3.23171043419e-05, 6.47477136226e-05, 0.00857832748443, -0.00400582654402, 0.00138376932591, 0.0015711626038, -0.000964402745012, 7.55335495342e-05, 0.00118917541113, 0.00167271657847, -0.00099095760379, -0.000543783069588], [-0.000111595138151, -0.00100350449793, -0.00230280309916, -0.00400582654402, 0.0149026531726, -0.00262797717005, -2.23436909437e-05, 0.00113526603673, -0.00233961176127, 0.000507484422997, -0.000402483827202, -0.00239485222846, -0.0011425978737], [-0.000275681202766, 0.000249964214163, -0.0011358181946, 0.00138376932591, -0.00262797717005, 0.0131289316341, -0.00558513356373, -0.000510380894411, 0.00131900678389, -0.000251358636888, -0.000962094520219, 0.00391050055623, 0.000248126423685], [-0.000512415776029, -0.00147073634434, 0.0032698342111, 0.0015711626038, -2.23436909437e-05, -0.00558513356373, 0.0120976604521, -0.000719425268471, 0.00233665225096, -0.00345453270711, 0.00290259229951, -0.000587608898059, 0.0001497612393], [0.000244743569056, 0.000454499619082, -0.00215569580905, -0.000964402745012, 0.00113526603673, -0.000510380894411, -0.000719425268471, 0.0150259546936, -0.00593341561034, 0.00341738224961, -0.00484254956245, 0.00276425620541, -0.0031548126135], [-0.000132357687107, -3.99829041271e-05, 0.000291155680316, 7.55335495342e-05, -0.00233961176127, 0.00131900678389, 0.00233665225096, -0.00593341561034, 0.0185731071979, -0.0061738207005, 0.00595946609974, -0.00274069351144, 0.00295580062084], [2.18501845666e-05, -0.000461045710836, 0.00079210131662, 0.00118917541113, 0.000507484422997, -0.000251358636888, -0.00345453270711, 0.00341738224961, -0.0061738207005, 0.0200379900634, -0.00750539917499, 0.00223549455404, 0.000890645023901], [-0.000142843928188, -0.000495146086905, -0.00196446035989, 0.00167271657847, -0.000402483827202, -0.000962094520219, 0.00290259229951, -0.00484254956245, 0.00595946609974, -0.00750539917499, 0.020232308656, -0.00305663677864, -0.000390186905861], [-3.74989540433e-05, -0.00063219916774, -0.000536986917723, -0.00099095760379, -0.00239485222846, 0.00391050055623, -0.000587608898059, 0.00276425620541, -0.00274069351144, 0.00223549455404, -0.00305663677864, 0.017691059038, -0.00278547918424], [8.55052130646e-05, 0.00124643545132, 0.00236583617516, -0.000543783069588, -0.0011425978737, 0.000248126423685, 0.0001497612393, -0.0031548126135, 0.00295580062084, 0.000890645023901, -0.000390186905861, -0.00278547918424, 0.0186449177563]]
    },
    "spectral_contrast_coeffs": {
        "max": [-0.536393105984, -0.582428693771, -0.526650428772, -0.571766972542, -0.63695025444, -0.639511346817],
        "mean": [-0.757307529449, -0.769472062588, -0.719050943851, -0.754294395447, -0.755061089993, -0.749009668827],
        "min": [-0.880785048008, -0.899171829224, -0.955095589161, -0.867052972317, -0.852415800095, -0.835690796375],
        "stdev": [0.0523176267743, 0.0477627292275, 0.0582715049386, 0.0449913032353, 0.0373664423823, 0.0281380899251]
    },
    "spectral_contrast_valleys": {
        "max": [-5.32429695129, -5.3056602478, -5.67513847351, -6.07980966568, -5.8234500885, -8.14583301544],
        "mean": [-6.34455490112, -6.4198718071, -6.94725751877, -7.08991479874, -6.66830205917, -9.35300922394],
        "min": [-8.97651481628, -8.77272987366, -8.30317592621, -8.23316860199, -8.10950660706, -11.067782402],
        "stdev": [0.447801172733, 0.386546492577, 0.393095374107, 0.309772312641, 0.312139540911, 0.463248878717]
    }
},
"rhythm": {
    "beats_count": 83,
    "beats_loudness": {
        "max": 0.0403309240937,
        "mean": 0.0281140394509,
        "min": 0.0140496939421,
        "stdev": 0.0057671754621
    },
    "bpm": 103.477607727,
    "bpm_histogram_first_peak_bpm": 103,
    "bpm_histogram_first_peak_weight": 0.230769217014,
    "bpm_histogram_second_peak_bpm": 108,
    "bpm_histogram_second_peak_spread": 0,
    "bpm_histogram_second_peak_weight": 0.0487804859877,
    "danceability": 1.20211541653,
    "onset_rate": 3.03515625,
    "beats_loudness_band_ratio": {
        "max": [0.634701132774, 0.346061766148, 0.301659941673, 0.455062329769, 0.460130512714, 0.357784360647],
        "mean": [0.293765485287, 0.122249603271, 0.123527236283, 0.182763278484, 0.143692106009, 0.170180439949],
        "min": [0.0740458890796, 0.0190725587308, 0.0241166912019, 0.0139976572245, 0.0219905655831, 0.0315128713846],
        "stdev": [0.125291734934, 0.0676396116614, 0.0636185109615, 0.119065783918, 0.0865579545498, 0.0674307718873]
    },
