{
"metadata": {
    "version": {
        "essentia": "2.1-beta5",
        "essentia_git_sha": "Undefined",
        "extractor": "music 2.0"
    },
    "audio_properties": {
        "analysis": {
            "equal_loudness": 0,
            "length": 48.7502937317,
            "sample_rate": 44100,
            "start_time": 61.4980506897,
            "downmix": "mix"
        },
        "bit_rate": 192000,
        "length": 204.277557373,
        "lossless": 0,
        "number_channels": 2,
        "replay_gain": -1.43368911743,
        "sample_rate": 48000,
        "codec": "mp3",
        "md5_encoded": "6ecf054cd400b82f860a37b1c803b850"
    },
    "tags": {
        "file_name": "Finland_Tule Luo_Katri-Helena.mp3",
        "encoding": ["Lavf58.29.100"]
    }
},
"lowlevel": {
    "average_loudness": 0.983461081982,
    "barkbands_crest": {
        "max": 21.6257705688,
        "mean": 7.81783151627,
        "min": 2.71546530724,
        "stdev": 3.17979955673
    },
    "barkbands_flatness_db": {
        "max": 0.243452683091,
        "mean": 0.11095572263,
        "min": 0.0475264936686,
        "stdev": 0.0244832765311
    },
    "barkbands_kurtosis": {
        "max": 15.1792812347,
        "mean": 0.502556920052,
        "min": -1.87260568142,
        "stdev": 1.88705527782
    },
    "barkbands_skewness": {
        "max": 3.43373775482,
        "mean": 0.714982807636,
        "min": -1.2350846529,
        "stdev": 0.633678376675
    },
    "barkbands_spread": {
        "max": 104.417572021,
        "mean": 29.3800106049,
        "min": 5.63002204895,
        "stdev": 11.6441392899
    },
    "dissonance": {
        "max": 0.499752104282,
        "mean": 0.465693235397,
        "min": 0.344821840525,
        "stdev": 0.0229960586876
    },
    "dynamic_complexity": 1.16856253147,
    "erbbands_crest": {
        "max": 29.0275592804,
        "mean": 10.0449380875,
        "min": 2.38670420647,
        "stdev": 4.45641088486
    },
    "erbbands_flatness_db": {
        "max": 0.292457193136,
        "mean": 0.160034835339,
        "min": 0.0726206600666,
        "stdev": 0.0307430941612
    },
    "erbbands_kurtosis": {
        "max": 10.1567325592,
        "mean": 0.388605594635,
        "min": -1.62907361984,
        "stdev": 1.59164464474
    },
    "erbbands_skewness": {
        "max": 2.57773804665,
        "mean": 0.389616757631,
        "min": -2.16895985603,
        "stdev": 0.64713460207
    },
    "erbbands_spread": {
        "max": 103.549957275,
        "mean": 35.9260940552,
        "min": 7.9903345108,
        "stdev": 14.7784357071
    },
    "hfc": {
        "max": 202.866409302,
        "mean": 37.4842948914,
        "min": 0.617840647697,
        "stdev": 18.7997608185
    },
    "loudness_ebu128": {
        "integrated": -20.8696403503,
        "loudness_range": 0.915130615234,
        "momentary": {
            "max": -19.3342666626,
            "mean": -20.9545879364,
            "min": -25.983133316,
            "stdev": 0.919132471085
        },
        "short_term": {
            "max": -20.2473869324,
            "mean": -20.8842391968,
            "min": -22.8073177338,
            "stdev": 0.427514791489
        }
    },
    "melbands_crest": {
        "max": 28.0079860687,
        "mean": 10.2769899368,
        "min": 3.7248980999,
        "stdev": 3.70216059685
    },
    "melbands_flatness_db": {
        "max": 0.279437154531,
        "mean": 0.137980341911,
        "min": 0.0538144744933,
        "stdev": 0.0330506898463
    },
    "melbands_kurtosis": {
        "max": 36.0834388733,
        "mean": 4.12708234787,
        "min": -1.50507593155,
        "stdev": 4.78527784348
    },
    "melbands_skewness": {
        "max": 5.15535974503,
        "mean": 1.53378224373,
        "min": -0.520049393177,
        "stdev": 0.905290961266
    },
    "melbands_spread": {
        "max": 138.968353271,
        "mean": 36.7181472778,
        "min": 5.80194950104,
        "stdev": 15.0822763443
    },
    "pitch_salience": {
        "max": 0.829488217831,
        "mean": 0.558937609196,
        "min": 0.231498286128,
        "stdev": 0.0765735507011
    },
    "silence_rate_20dB": {
        "max": 1,
        "mean": 1,
        "min": 1,
        "stdev": 0
    },
    "silence_rate_30dB": {
        "max": 1,
        "mean": 1,
        "min": 1,
        "stdev": 0
    },
    "silence_rate_60dB": {
        "max": 0,
        "mean": 0,
        "min": 0,
        "stdev": 0
    },
    "spectral_centroid": {
        "max": 3880.80322266,
        "mean": 1743.96276855,
        "min": 515.845947266,
        "stdev": 466.035583496
    },
    "spectral_complexity": {
        "max": 53,
        "mean": 25.970489502,
        "min": 1,
        "stdev": 6.55348682404
    },
    "spectral_decrease": {
        "max": -1.06444728032e-10,
        "mean": -7.54396456415e-09,
        "min": -1.99767207221e-08,
        "stdev": 2.58074450699e-09
    },
    "spectral_energy": {
        "max": 0.0789622813463,
        "mean": 0.0318726487458,
        "min": 0.000457786489278,
        "stdev": 0.010567384772
    },
    "spectral_energyband_high": {
        "max": 0.0246224533767,
        "mean": 0.00196646270342,
        "min": 5.24949391547e-05,
        "stdev": 0.00203749840148
    },
    "spectral_energyband_low": {
        "max": 0.0397473983467,
        "mean": 0.00540131563321,
        "min": 3.87541549571e-05,
        "stdev": 0.00393133284524
    },
    "spectral_energyband_middle_high": {
        "max": 0.0405410341918,
        "mean": 0.0121381795034,
        "min": 0.00010845293582,
        "stdev": 0.00798851903528
    },
    "spectral_energyband_middle_low": {
        "max": 0.0634617805481,
        "mean": 0.0132673550397,
        "min": 0.000161882519023,
        "stdev": 0.00866069924086
    },
    "spectral_entropy": {
        "max": 8.69662284851,
        "mean": 7.74436855316,
        "min": 6.77637052536,
        "stdev": 0.239795744419
    },
    "spectral_flux": {
        "max": 0.215043440461,
        "mean": 0.104929722846,
        "min": 0.029543844983,
        "stdev": 0.0322492457926
    },
    "spectral_kurtosis": {
        "max": 9.71913528442,
        "mean": 2.54850482941,
        "min": -0.875274896622,
        "stdev": 1.19176602364
    },
    "spectral_rms": {
        "max": 0.00877703633159,
        "mean": 0.00549066253006,
        "min": 0.000668297056109,
        "stdev": 0.000973573478404
    },
    "spectral_rolloff": {
        "max": 9366.94335938,
        "mean": 2112.98413086,
        "min": 279.931640625,
        "stdev": 1274.43786621
    },
    "spectral_skewness": {
        "max": 2.55794978142,
        "mean": 1.18933105469,
        "min": 0.172120764852,
        "stdev": 0.228951469064
    },
    "spectral_spread": {
        "max": 11646191,
        "mean": 4509319,
        "min": 2690905,
        "stdev": 981216.5625
    },
    "spectral_strongpeak": {
        "max": 30.7928256989,
        "mean": 1.96970081329,
        "min": 0.00494464347139,
        "stdev": 2.20268917084
    },
    "zerocrossingrate": {
        "max": 0.2763671875,
        "mean": 0.0814228132367,
        "min": 0.0234375,
        "stdev": 0.0278190374374
    },
    "barkbands": {
        "max": [0.00142708374187, 0.037373483181, 0.0161755718291, 0.0176284089684, 0.0388009250164, 0.0392090938985, 0.0439539663494, 0.0267060380429, 0.0329448394477, 0.0375305786729, 0.0272134263068, 0.0335379391909, 0.0295643378049, 0.0235432311893, 0.025743689388, 0.0245431177318, 0.0209478642792, 0.0105865495279, 0.00887072924525, 0.0063573429361, 0.00816058460623, 0.00638895807788, 0.00838607549667, 0.0115311192349, 0.00398865295574, 0.00100596307311, 3.18154519618e-07],
        "mean": [0.000134758112836, 0.0031162451487, 0.00161139934789, 0.00124991009943, 0.00308144162409, 0.00266477512196, 0.0014828882413, 0.00194381503388, 0.00218244222924, 0.00259410380386, 0.00161691126414, 0.00214893580414, 0.00119392352644, 0.000794847728685, 0.00121338723693, 0.000633811752778, 0.000789334764704, 0.000563752138987, 0.00053891033167, 0.000690551183652, 0.000410531356465, 0.000275479134871, 0.000441197189502, 0.000399905489758, 7.23498596926e-05, 2.70082800853e-05, 2.63407651246e-09],
        "min": [5.58828162411e-07, 8.24999096949e-06, 1.47142213791e-06, 2.73907767223e-06, 1.03282236523e-05, 1.83705851668e-05, 1.22051869766e-05, 5.34632044946e-06, 8.69985342433e-06, 5.8239925238e-06, 7.06150467522e-06, 7.14474572305e-06, 6.72620944897e-06, 5.62060131415e-06, 4.62370280729e-06, 2.64912091552e-06, 1.5667964135e-06, 9.61519072007e-06, 8.15688781586e-06, 1.00573797681e-05, 1.42551216413e-05, 1.98747420654e-06, 2.03963668355e-06, 7.03620798959e-06, 9.66763877841e-08, 2.64026283503e-07, 1.09376029067e-10],
        "stdev": [0.000148538063513, 0.00301422458142, 0.00164160993882, 0.00146005651914, 0.00417106132954, 0.00401994260028, 0.0030208399985, 0.00305491779, 0.00372699764557, 0.003655357752, 0.00312416814268, 0.00370526942424, 0.00211391458288, 0.00153068138752, 0.00196136697195, 0.00146597705316, 0.00153311516624, 0.000682217592839, 0.00057000736706, 0.000742991978768, 0.000471842824481, 0.000351995724486, 0.000619083817583, 0.0008072417113, 0.000193179934286, 6.55105250189e-05, 1.27482566725e-08]
    },
    "erbbands": {
        "max": [1.16804683208, 7.98621559143, 18.5105514526, 27.0754470825, 136.808563232, 208.16456604, 473.934631348, 321.727508545, 613.930908203, 606.071777344, 814.234924316, 597.608886719, 1181.56884766, 1221.06079102, 976.02142334, 1661.55078125, 1244.23596191, 1083.15930176, 1514.07092285, 668.897338867, 1413.37121582, 808.158447266, 760.575134277, 553.402770996, 275.752716064, 282.106170654, 463.066802979, 298.961395264, 296.470428467, 208.188995361, 271.159362793, 213.279174805, 188.112045288, 82.8826293945, 16.5568733215, 5.17780160904, 1.81702673435, 0.0967273935676, 0.00208246498369, 0.000259808177361],
        "mean": [0.0852758139372, 0.721801817417, 1.82613742352, 3.15167450905, 7.61522579193, 9.97625160217, 17.9448661804, 20.1592082977, 22.7559566498, 21.6678466797, 54.3742828369, 45.2106132507, 65.2622833252, 97.7807540894, 56.02135849, 92.4616699219, 57.8468322754, 51.2269439697, 63.9490661621, 36.1824073792, 42.4491577148, 38.1253128052, 33.2824630737, 29.1202774048, 28.7303962708, 32.8186149597, 16.541973114, 17.999786377, 10.158531189, 14.0783519745, 10.3884439468, 10.1370592117, 4.29644680023, 1.02545630932, 0.450990825891, 0.168756529689, 0.0427037328482, 0.00248228968121, 8.00469497335e-05, 4.60575975012e-05],
        "min": [0.000508913421072, 0.00142045738176, 0.00279768719338, 0.017848463729, 0.0322087481618, 0.105024978518, 0.149326115847, 0.142899140716, 0.134780302644, 0.453919142485, 0.290469676256, 0.397276341915, 0.326577097178, 0.34493881464, 0.981398820877, 0.598927676678, 0.728159368038, 0.782693505287, 0.296876370907, 0.255882650614, 0.103631041944, 0.147036701441, 0.518757283688, 0.407883942127, 0.37356030941, 0.495477944613, 0.245621100068, 0.44701191783, 0.126457974315, 0.0545358136296, 0.0731240585446, 0.264024764299, 0.0746494010091, 0.0135377328843, 0.00549889868125, 0.00167409109417, 0.000202275783522, 8.05435411166e-06, 4.55856616099e-06, 5.25894256498e-06],
        "stdev": [0.0925764515996, 0.705204069614, 1.73969817162, 2.83058357239, 11.5383195877, 15.5035352707, 32.431022644, 30.8262405396, 41.0951271057, 41.1812515259, 86.2964706421, 71.7393569946, 106.026550293, 141.009033203, 94.6492156982, 160.350814819, 92.5148849487, 79.9580078125, 111.100746155, 54.5723075867, 87.1578979492, 66.2959671021, 41.9431991577, 31.9517230988, 27.9245891571, 34.8738098145, 18.1799182892, 22.9967060089, 13.9590320587, 17.5209980011, 16.6097393036, 18.9578971863, 9.52770709991, 3.1904258728, 1.05023634434, 0.385356158018, 0.110535778105, 0.00694869086146, 0.000151015949086, 2.02288119908e-05]
    },
    "gfcc": {
        "mean": [50.3145103455, 85.7153091431, -138.894485474, 43.5927696228, -72.5907058716, 25.59283638, -34.8052597046, 9.54387187958, -23.1244697571, -1.84208238125, -11.4576873779, -0.943094611168, -9.26947689056],
        "cov": [[692.678649902, -338.82043457, 145.85559082, 6.06024503708, 0.797890484333, 69.8215484619, -51.8938064575, 50.7498779297, -60.5630836487, 34.431968689, -81.1849365234, 40.516002655, -56.7316818237], [-338.82043457, 500.638397217, -127.532814026, -2.72300124168, 43.9900360107, -57.6876220703, 91.8302536011, -33.4524612427, 42.3640785217, -52.7078742981, 87.9286193848, -49.1610374451, 50.8830795288], [145.85559082, -127.532814026, 361.232543945, 38.5136146545, -22.2379627228, 2.6165895462, -92.1293640137, 31.0359973907, -16.634431839, 36.7075500488, -66.3223495483, 45.4543685913, -28.9505996704], [6.06024503708, -2.72300124168, 38.5136146545, 148.869903564, 38.6973762512, -19.501449585, -46.7020874023, -4.43466663361, 47.7148780823, 1.39283502102, -16.4104309082, -8.96913719177, 15.0460929871], [0.797890484333, 43.9900360107, -22.2379627228, 38.6973762512, 150.924713135, 32.5432624817, 10.0360450745, -1.58226490021, 1.81783771515, 22.333524704, -15.8182010651, 2.52901625633, -1.75204217434], [69.8215484619, -57.6876220703, 2.6165895462, -19.501449585, 32.5432624817, 167.509262085, 96.7000579834, -8.93346881866, -44.5213851929, -11.270945549, 19.8837547302, -3.53179931641, -6.40947055817], [-51.8938064575, 91.8302536011, -92.1293640137, -46.7020874023, 10.0360450745, 96.7000579834, 200.251190186, 19.3709049225, -47.7616119385, -30.169380188, 47.2407341003, -7.65991020203, 3.89493322372], [50.7498779297, -33.4524612427, 31.0359973907, -4.43466663361, -1.58226490021, -8.93346881866, 19.3709049225, 94.5251312256, 38.8034706116, 4.3761177063, -20.9199447632, 5.39267206192, -3.58286142349], [-60.5630836487, 42.3640785217, -16.634431839, 47.7148780823, 1.81783771515, -44.5213851929, -47.7616119385, 38.8034706116, 137.148208618, 21.1649894714, -6.7891831398, -14.2948436737, 11.8274469376], [34.431968689, -52.7078742981, 36.7075500488, 1.39283502102, 22.333524704, -11.270945549, -30.169380188, 4.3761177063, 21.1649894714, 89.7028121948, -5.88274240494, 2.86155295372, -15.7382268906], [-81.1849365234, 87.9286193848, -66.3223495483, -16.4104309082, -15.8182010651, 19.8837547302, 47.2407341003, -20.9199447632, -6.7891831398, -5.88274240494, 111.593383789, 10.1875982285, 14.693570137], [40.516002655, -49.1610374451, 45.4543685913, -8.96913719177, 2.52901625633, -3.53179931641, -7.65991020203, 5.39267206192, -14.2948436737, 2.86155295372, 10.1875982285, 90.7955780029, 13.9495134354], [-56.7316818237, 50.8830795288, -28.9505996704, 15.0460929871, -1.75204217434, -6.40947055817, 3.89493322372, -3.58286142349, 11.8274469376, -15.7382268906, 14.693570137, 13.9495134354, 68.3637771606]],
        "icov": [[0.00251721008681, 0.000625196262263, 0.000339339661878, -0.000768336525653, 0.000454808643553, -0.00156097230501, 0.00135524978396, -0.00210610008799, 0.00172382092569, -0.000597193196882, 0.000796637148596, -0.000844884780236, 0.00117955298629], [0.000625196262263, 0.00794177595526, -0.00375613290817, 0.00366503186524, -0.00658000633121, 0.00847778562456, -0.00764281256124, 0.00652922643349, -0.00578549178317, 0.00582353351638, -0.00552867446095, 0.00589344464242, -0.00405834941193], [0.000339339661878, -0.00375613290817, 0.00716698262841, -0.00426855357364, 0.00547866942361, -0.00684892106801, 0.00702455826104, -0.00669575016946, 0.00578727107495, -0.00494756968692, 0.00471446942538, -0.00566957937554, 0.00380230671726], [-0.000768336525653, 0.00366503186524, -0.00426855357364, 0.0122176278383, -0.00691310828552, 0.00573286600411, -0.00400117272511, 0.00661015277728, -0.0076063061133, 0.00537050701678, -0.00327913579531, 0.00508082518354, -0.00470701232553], [0.000454808643553, -0.00658000633121, 0.00547866942361, -0.00691310828552, 0.014935368672, -0.0104404147714, 0.0072721708566, -0.00712141022086, 0.00681213615462, -0.00852560810745, 0.00734760425985, -0.00714707607403, 0.00447074323893], [-0.00156097230501, 0.00847778562456, -0.00684892106801, 0.00573286600411, -0.0104404147714, 0.0211576130241, -0.0154573796317, 0.0119349444285, -0.0081396959722, 0.00796987209469, -0.00765549205244, 0.00853855255991, -0.00539913028479], [0.00135524978396, -0.00764281256124, 0.00702455826104, -0.00400117272511, 0.0072721708566, -0.0154573796317, 0.0204264204949, -0.0145711787045, 0.0112808579579, -0.00540466792881, 0.00332102482207, -0.00603363150731, 0.00479974877089], [-0.00210610008799, 0.00652922643349, -0.00669575016946, 0.00661015277728, -0.00712141022086, 0.0119349444285, -0.0145711787045, 0.0252606011927, -0.0146199371666, 0.00683127669618, -0.00233307736926, 0.00480050826445, -0.00418333848938], [0.00172382092569, -0.00578549178317, 0.00578727107495, -0.0076063061133, 0.00681213615462, -0.0081396959722, 0.0112808579579, -0.0146199371666, 0.0193742327392, -0.00827797781676, 0.00378058105707, -0.00374268065207, 0.00255754753016], [-0.000597193196882, 0.00582353351638, -0.00494756968692, 0.00537050701678, -0.00852560810745, 0.00796987209469, -0.00540466792881, 0.00683127669618, -0.00827797781676, 0.0189610179514, -0.00608677463606, 0.00502271344885, -0.000831952318549], [0.000796637148596, -0.00552867446095, 0.00471446942538, -0.00327913579531, 0.00734760425985, -0.00765549205244, 0.00332102482207, -0.00233307736926, 0.00378058105707, -0.00608677463606, 0.017056632787, -0.00762579124421, 0.00248801987618], [-0.000844884780236, 0.00589344464242, -0.00566957937554, 0.00508082518354, -0.00714707607403, 0.00853855255991, -0.00603363150731, 0.00480050826445, -0.00374268065207, 0.00502271344885, -0.00762579124421, 0.0189688634127, -0.00782180670649], [0.00117955298629, -0.00405834941193, 0.00380230671726, -0.00470701232553, 0.00447074323893, -0.00539913028479, 0.00479974877089, -0.00418333848938, 0.00255754753016, -0.000831952318549, 0.00248801987618, -0.00782180670649, 0.0208162087947]]
    },
    "melbands": {
        "max": [0.0109271081164, 0.00739767635241, 0.00633362261578, 0.00972707662731, 0.0125609170645, 0.00640271836892, 0.00851976964623, 0.00531489495188, 0.00716388458386, 0.00412730360404, 0.00620845099911, 0.0048073194921, 0.00321966735646, 0.00482484232634, 0.00333025748841, 0.0020162393339, 0.00250991643406, 0.00214720680378, 0.00113927444909, 0.00160541327205, 0.00229381280951, 0.0012461404549, 0.000643751933239, 0.000588918861467, 0.000541088636965, 0.000228948541917, 0.000311303330818, 0.00018897994596, 0.000279505358776, 0.000143964658491, 0.000178903297638, 0.0001855125156, 9.83810750768e-05, 0.000125278515043, 0.000178747228347, 0.000143867058796, 0.000217904220335, 0.000116208917461, 0.00015067368804, 4.44118741143e-05],
        "mean": [0.000833774800412, 0.000944802246522, 0.000678621814586, 0.000651564681903, 0.000573400466237, 0.000469794496894, 0.000343875377439, 0.000244539172854, 0.000465490535134, 0.000282062101178, 0.000326681009028, 0.000400622433517, 0.000189417798538, 0.000229195167776, 0.000187809433555, 0.00011659332813, 8.86910129339e-05, 9.15319469641e-05, 7.82109927968e-05, 3.91323046642e-05, 5.42296147614e-05, 4.3822277803e-05, 3.15234938171e-05, 2.72057895927e-05, 2.33028476941e-05, 1.81174036697e-05, 2.37392850977e-05, 2.16128337343e-05, 1.07406349343e-05, 9.22523304325e-06, 1.03979473352e-05, 5.54389998797e-06, 4.98975759911e-06, 9.8062600955e-06, 6.62114507577e-06, 4.1614125621e-06, 7.81305607234e-06, 3.80924097954e-06, 1.27974942643e-06, 6.86034411501e-07],
        "min": [5.84758481637e-06, 1.28606905037e-06, 6.10960660197e-06, 2.23154415835e-06, 3.78281265512e-06, 3.18943580169e-06, 2.36716664404e-06, 5.31277805749e-07, 7.20262335108e-07, 1.37137658385e-06, 1.5236219042e-06, 1.02884450826e-06, 8.5298410113e-07, 7.58287740155e-07, 1.34679009989e-06, 1.27578402953e-06, 9.01549356058e-07, 4.62309799332e-07, 4.14480780364e-07, 2.49884209325e-07, 8.36401810034e-08, 6.95522217597e-08, 4.80448420603e-07, 3.89453049365e-07, 3.32354545662e-07, 2.64271761807e-07, 2.68844615903e-07, 3.69026253111e-07, 1.58883651125e-07, 1.93356115119e-07, 1.75773180899e-07, 3.98578521299e-08, 3.81011844297e-08, 2.48937261915e-08, 3.2761747093e-08, 4.01625541713e-08, 1.12451409962e-07, 5.38981268505e-08, 3.20835358281e-09, 2.49964160481e-10],
        "stdev": [0.000827284588013, 0.000765137840062, 0.000657699303702, 0.000920930120628, 0.000942996819504, 0.000688729225658, 0.000618545571342, 0.000442518328782, 0.000767954741605, 0.000486623990582, 0.000542318914086, 0.000583537330385, 0.000347035413142, 0.000414825248299, 0.000335507909767, 0.000197230576305, 0.000160676892847, 0.000170419574715, 0.000117221345135, 8.29424461699e-05, 0.000131214823341, 9.10145317903e-05, 4.29310966865e-05, 3.38191566698e-05, 3.04634068016e-05, 1.97470380954e-05, 2.88831379294e-05, 2.37895892496e-05, 1.39263629535e-05, 1.04280443338e-05, 1.37991783049e-05, 8.06102343631e-06, 7.55517112339e-06, 1.30383168653e-05, 1.02656131276e-05, 9.18439127418e-06, 1.57599261001e-05, 7.92748505773e-06, 5.23258222529e-06, 1.93527284864e-06]
    },
    "melbands128": {
        "max": [0.00110544904601, 0.00771413743496, 0.0187328290194, 0.0115804746747, 0.0115746110678, 0.00749857118353, 0.00542073417455, 0.0106989871711, 0.019531859085, 0.0159254241735, 0.0164108686149, 0.0164654310793, 0.0235161539167, 0.0171481240541, 0.0115846507251, 0.00926943309605, 0.012035372667, 0.013429408893, 0.0164162497967, 0.00672182673588, 0.00759574212134, 0.00760288815945, 0.0139322364703, 0.0105927865952, 0.00672126375139, 0.00792565196753, 0.0147224795073, 0.00974063016474, 0.00930215790868, 0.00760963000357, 0.00946158636361, 0.00721691129729, 0.00613428791985, 0.006721990183, 0.00860762037337, 0.00853608641773, 0.0104958824813, 0.00652935821563, 0.00891779270023, 0.00296454527415, 0.00401108246297, 0.00270107155666, 0.0039002939593, 0.00540868891403, 0.00338782789186, 0.00421266723424, 0.00589467212558, 0.00178836972918, 0.00125133397523, 0.00209263083525, 0.00352569972165, 0.00135636760388, 0.00174355565105, 0.00537840137258, 0.00420038541779, 0.00146021647379, 0.000901231600437, 0.000758833426517, 0.001117785112, 0.00186268601101, 0.00118860893417, 0.000554944272153, 0.000399331678636, 0.00126931944396, 0.000564982357901, 0.000392427406041, 0.000569860741962, 0.000315510988003, 0.000608911039308, 0.000521316716913, 0.00039777031634, 0.0005296987365, 0.000384401268093, 0.000377564225346, 0.00062190805329, 0.000157470611157, 0.000140387564898, 0.000454773922684, 0.000161358140758, 7.52524792915e-05, 0.000144446981722, 0.000312535616104, 0.000219613313675, 0.000117188275908, 0.000115374794404, 0.000209730293136, 0.000275094847893, 0.000138474060805, 0.000191876853933, 0.000230486679357, 0.000162366544828, 0.000190843245946, 0.000240238266997, 0.000190705410205, 0.000729167833924, 0.000151036729221, 9.73012574832e-05, 0.000150974708959, 0.000224996736506, 0.000102120851807, 6.22991865384e-05, 3.59397781722e-05, 2.07494813367e-05, 1.99961468752e-05, 2.11744754779e-05, 2.3102715204e-05, 1.16602186608e-05, 1.08011754492e-05, 1.63922104548e-05, 1.09683496703e-05, 9.14872180147e-06, 9.88629381027e-06, 6.1158743847e-06, 4.34231560575e-06, 2.30421846936e-06, 2.91666538033e-07, 7.96159493888e-09, 1.45018619335e-09, 1.4309926577e-09, 1.40852052244e-09, 1.38848443854e-09, 1.35715960692e-09, 1.33607080954e-09, 1.31880706356e-09, 1.29814670125e-09, 1.28384880504e-09, 1.27274213391e-09, 1.26662147437e-09],
        "mean": [0.000103938153188, 0.000590397918131, 0.00122602796182, 0.00115252158139, 0.00098374823574, 0.000746046716813, 0.000593718606979, 0.000656876421999, 0.000810741272289, 0.000715523492545, 0.000504963740241, 0.0004714303941, 0.000695404945873, 0.000573917408474, 0.000414020556491, 0.000470544589916, 0.000387756968848, 0.000328038586304, 0.000292564334814, 0.000195554472157, 0.000226169009693, 0.000348733388819, 0.00064772652695, 0.000392345013097, 0.000205401782296, 0.00027204270009, 0.000337940815371, 0.000326179841068, 0.000296073383652, 0.000446570309578, 0.00045300644706, 0.000299094826914, 0.000123077246826, 0.000159064642503, 0.000172699423274, 0.000261084758677, 0.000317402766086, 0.000177025518497, 0.000130707398057, 9.74112408585e-05, 0.000129174135509, 0.000114038564789, 8.91052186489e-05, 8.91391537152e-05, 3.75157433155e-05, 8.46772018122e-05, 0.000180926988833, 7.15080532245e-05, 4.42494092567e-05, 2.80235126411e-05, 4.29507381341e-05, 4.60238443338e-05, 4.39421164629e-05, 5.53336212761e-05, 8.31731595099e-05, 3.22058804159e-05, 2.23385159188e-05, 3.73679868062e-05, 3.00500469166e-05, 3.23323220073e-05, 2.80781641777e-05, 2.10886519199e-05, 2.69177053269e-05, 2.66049100901e-05, 1.36640264827e-05, 1.4568887309e-05, 2.57707470155e-05, 1.73592179635e-05, 2.73579335044e-05, 2.49785516644e-05, 2.22638464038e-05, 2.0957300876e-05, 1.34397532747e-05, 8.7985981736e-06, 6.32921910437e-06, 1.07042596937e-05, 6.4884297899e-06, 1.58436523634e-05, 1.04992996057e-05, 6.7364358074e-06, 5.35627532372e-06, 5.44427848581e-06, 4.78343872601e-06, 4.8821702876e-06, 5.10780228069e-06, 5.6614130699e-06, 1.71116953425e-05, 8.41931978357e-06, 5.5012969824e-06, 4.90617867399e-06, 3.970929356e-06, 4.04475622418e-06, 4.25053985964e-06, 4.34470757682e-06, 1.78170939762e-05, 2.38052984969e-06, 1.72553609445e-06, 1.68917893006e-06, 1.50681432842e-06, 9.5766438335e-07, 6.44330384603e-07, 6.46370438062e-07, 7.22137940556e-07, 6.69967676004e-07, 4.77873015825e-07, 4.09574795412e-07, 3.35786182859e-07, 3.04191246414e-07, 3.27305173187e-07, 2.45408756427e-07, 1.91390782334e-07, 1.50743673544e-07, 1.34056946877e-07, 1.10429532185e-07, 4.97296177571e-08, 4.25203783294e-09, 5.93049914732e-11, 7.27404941836e-12, 7.07175117076e-12, 6.87766683882e-12, 6.70650687762e-12, 6.57354639472e-12, 6.45136158037e-12, 6.31802466247e-12, 6.06103361944e-12, 5.69210694204e-12, 5.4865226945e-12, 5.43278920115e-12],
        "min": [3.64728691693e-08, 1.35697405312e-06, 1.18747959732e-06, 1.90453761206e-06, 1.34344668368e-06, 5.37317362159e-07, 1.00901399946e-06, 7.32427565708e-07, 1.69857116816e-06, 9.37691254421e-07, 1.5913194602e-06, 6.95704102327e-07, 1.00902934719e-06, 8.04002809218e-07, 9.80293862085e-07, 6.72749365549e-07, 1.37005849865e-06, 1.084860628e-06, 4.87631552915e-07, 2.07536430707e-07, 4.06416319265e-07, 5.76813818043e-07, 2.63102720055e-07, 2.04157458938e-07, 2.60216324932e-07, 3.95034533085e-07, 8.02387432941e-07, 9.16523219985e-07, 3.9623387238e-07, 5.61074500638e-07, 6.44118472337e-07, 1.56791827521e-07, 4.04221367489e-07, 1.38210225487e-07, 8.02202251293e-08, 3.84210721904e-07, 2.17836600314e-07, 2.50638095167e-07, 2.56489016692e-07, 4.51508782362e-07, 3.58537846523e-07, 1.97661023549e-07, 2.78487220839e-07, 4.01845284159e-07, 1.75730662022e-07, 3.14967309123e-07, 2.33837241126e-07, 4.44588124537e-07, 4.43680249873e-07, 2.88276851279e-07, 2.50028477922e-07, 1.88965074699e-07, 9.7443113134e-08, 4.88972915491e-08, 1.34676430008e-08, 5.09111828251e-08, 1.20766074474e-07, 3.03920188571e-07, 3.62227439155e-07, 3.26255843675e-07, 3.88464997059e-07, 3.22676442011e-07, 1.71784208192e-07, 4.51346608088e-07, 1.37620986607e-07, 2.16963030653e-07, 1.16056945387e-07, 1.73551640614e-07, 2.61091429365e-07, 3.1522347399e-07, 2.24200448429e-07, 1.56302533583e-07, 7.98935033686e-08, 6.49132019248e-08, 7.22103123962e-08, 7.93409782318e-08, 6.25986658065e-08, 4.56671109816e-08, 6.06615415677e-08, 9.48700389358e-08, 9.69659019745e-09, 2.66601016818e-08, 5.59851223159e-08, 7.19252879477e-09, 2.23569305291e-08, 1.7674651076e-08, 1.9677685259e-08, 3.36580328053e-08, 3.62092471562e-08, 2.40427731057e-08, 1.86666948565e-09, 1.65685887232e-09, 5.75367886668e-09, 1.90708888681e-08, 7.10765490908e-08, 1.85147808196e-08, 4.90357265903e-09, 3.5954490496e-09, 1.0466016942e-09, 2.65891614282e-11, 5.96710398107e-12, 3.17908407932e-11, 1.37461986238e-11, 4.6706361001e-10, 1.60462441945e-12, 2.56173554591e-11, 5.8953944157e-12, 8.27806601045e-10, 9.57057988415e-10, 6.09305383925e-10, 2.49151220488e-11, 7.70872168182e-12, 9.47224178434e-13, 5.51777753263e-13, 3.31459279511e-13, 3.33103634736e-13, 4.01644565046e-13, 3.97884985593e-13, 3.73977758483e-13, 3.45534446325e-13, 3.32320759452e-13, 3.09043860381e-13, 3.13900408487e-13, 3.47945495116e-13, 2.3932681466e-13, 1.04608297935e-13, 1.30899260412e-14, 4.4526134463e-16],
        "stdev": [0.000126733371872, 0.000742601405364, 0.00135302741546, 0.00121166789904, 0.00100223429035, 0.000734952045605, 0.00059083144879, 0.000852777156979, 0.00146103277802, 0.0012718931539, 0.00104358454701, 0.00101648829877, 0.00143775716424, 0.00138947775122, 0.000863751862198, 0.00088432431221, 0.000858799787238, 0.000842160894535, 0.00085382378893, 0.000530008459464, 0.000603332999162, 0.000681947683915, 0.00127428537235, 0.000985925667919, 0.000523023656569, 0.000770542712416, 0.000997519004159, 0.000729799445253, 0.0006986768567, 0.000858696701471, 0.000874401244801, 0.000727498205379, 0.00040915783029, 0.000484396296088, 0.000483242532937, 0.000683143676724, 0.00073199608596, 0.000476631248603, 0.000430495507317, 0.000248061696766, 0.000304374698317, 0.000276250590105, 0.000216703483602, 0.000236712119658, 0.000157397545991, 0.000219898414798, 0.000403045094572, 0.000157158006914, 0.00010348566866, 0.000115182367153, 0.000128939165734, 0.000108483014628, 0.000124400306959, 0.000247855350608, 0.000242680398514, 9.51642359723e-05, 4.98335393786e-05, 6.34422176518e-05, 5.9932233853e-05, 7.23553530406e-05, 5.23004237039e-05, 3.40086735378e-05, 3.36342818628e-05, 6.0993617808e-05, 2.42730457103e-05, 2.02370702027e-05, 4.09186250181e-05, 2.36003943428e-05, 5.17542866874e-05, 4.48748505733e-05, 3.4060809412e-05, 3.27723537339e-05, 2.52244080912e-05, 1.55253783305e-05, 1.63565746334e-05, 1.59135615831e-05, 9.35998468776e-06, 3.25205000991e-05, 1.34694555527e-05, 7.75033367972e-06, 8.06104435469e-06, 1.19184478535e-05, 9.47456373979e-06, 8.49794287205e-06, 7.50403432903e-06, 9.57967768045e-06, 2.7491896617e-05, 1.18746374937e-05, 1.13504174806e-05, 1.11948320409e-05, 8.49607386044e-06, 1.01376690509e-05, 1.18394546007e-05, 9.4295173767e-06, 4.35534784629e-05, 6.89145099386e-06, 5.0612470659e-06, 5.71239979763e-06, 7.47943386159e-06, 3.99432883569e-06, 2.40993199441e-06, 1.73698686012e-06, 1.67007749496e-06, 1.67451980815e-06, 1.19736716897e-06, 1.07792516246e-06, 7.9215567439e-07, 7.69238113207e-07, 7.5283020351e-07, 6.42541408524e-07, 5.19727166193e-07, 4.41284214503e-07, 3.70715639519e-07, 3.21663094383e-07, 1.72022282641e-07, 1.70146545742e-08, 2.97004920657e-10, 4.76071890243e-11, 4.68288428868e-11, 4.59626399441e-11, 4.5290837053e-11, 4.42094000297e-11, 4.34279209816e-11, 4.28671993735e-11, 4.21959307773e-11, 4.16722975571e-11, 4.13178102843e-11, 4.11054627836e-11]
    },
    "mfcc": {
        "mean": [-580.039123535, 101.601951599, -5.26876401901, 18.2584018707, -6.53082275391, 9.25427532196, -0.19912520051, 10.7451066971, -6.32740497589, 7.14420080185, -6.84654426575, 2.76223278046, -4.36142873764],
        "cov": [[642.243347168, -257.375366211, 18.6031723022, -49.5950622559, 26.9797859192, 12.7276649475, 24.760433197, 13.9416799545, 20.7962303162, -3.08300852776, 0.211493566632, -9.94841480255, 21.1954650879], [-257.375366211, 388.725067139, -85.1551437378, 21.3903236389, -41.9592056274, -14.3599081039, 36.7870483398, 15.2887134552, -20.0968494415, 0.0545654073358, 6.26886224747, 9.88175678253, -2.23247170448], [18.6031723022, -85.1551437378, 302.59161377, 17.4690265656, 33.5859909058, -23.4428730011, -43.1910858154, -14.3896379471, 5.80622339249, -17.077419281, -0.6876989007, -9.01623916626, -14.520898819], [-49.5950622559, 21.3903236389, 17.4690265656, 159.857345581, 67.916809082, -28.5950164795, -84.6562576294, -27.6821556091, 27.4818572998, -3.40913915634, -1.80670678616, 1.06453728676, 5.74957609177], [26.9797859192, -41.9592056274, 33.5859909058, 67.916809082, 162.534866333, 9.91745662689, -75.6168060303, -34.0423049927, 29.1024894714, -0.787054181099, 3.03483653069, -0.167096063495, -0.250164240599], [12.7276649475, -14.3599081039, -23.4428730011, -28.5950164795, 9.91745662689, 131.192962646, 77.1098251343, 7.43267202377, -12.1876192093, 0.655678451061, 4.17343997955, -3.24807429314, -13.669552803], [24.760433197, 36.7870483398, -43.1910858154, -84.6562576294, -75.6168060303, 77.1098251343, 228.318984985, 51.5875968933, -28.6591339111, -6.47326946259, 3.62895226479, -12.6920337677, 0.875688254833], [13.9416799545, 15.2887134552, -14.3896379471, -27.6821556091, -34.0423049927, 7.43267202377, 51.5875968933, 117.387718201, 8.38832092285, 4.51012659073, -14.387005806, 5.30985021591, 6.02587556839], [20.7962303162, -20.0968494415, 5.80622339249, 27.4818572998, 29.1024894714, -12.1876192093, -28.6591339111, 8.38832092285, 106.180343628, 17.0490150452, 7.98517751694, -7.06329536438, -5.1415014267], [-3.08300852776, 0.0545654073358, -17.077419281, -3.40913915634, -0.787054181099, 0.655678451061, -6.47326946259, 4.51012659073, 17.0490150452, 100.841812134, 21.8477668762, 1.21829223633, -22.9784908295], [0.211493566632, 6.26886224747, -0.6876989007, -1.80670678616, 3.03483653069, 4.17343997955, 3.62895226479, -14.387005806, 7.98517751694, 21.8477668762, 77.4482040405, 3.37697982788, -3.90973997116], [-9.94841480255, 9.88175678253, -9.01623916626, 1.06453728676, -0.167096063495, -3.24807429314, -12.6920337677, 5.30985021591, -7.06329536438, 1.21829223633, 3.37697982788, 85.3455200195, 13.7020540237], [21.1954650879, -2.23247170448, -14.520898819, 5.74957609177, -0.250164240599, -13.669552803, 0.875688254833, 6.02587556839, -5.1415014267, -22.9784908295, -3.90973997116, 13.7020540237, 85.322265625]],
        "icov": [[0.0022667455487, 0.00153302121907, 0.000254990794929, 0.000495313142892, -0.000517558830325, 0.000404710619478, -0.000530192104634, -0.000251012039371, -0.000244229886448, 7.19815579941e-05, -0.000162550684763, 0.000115736023872, -0.000447841943242], [0.00153302121907, 0.00406223908067, 0.000986406463198, -0.000800767855253, 0.000225982992561, 0.000992338173091, -0.00104327872396, -0.000422227865783, 0.000422413286287, 0.000234019345953, -0.000520387955476, -0.000256583036389, 0.000253309408436], [0.000254990794929, 0.000986406463198, 0.00381415197626, -8.13162405393e-05, -0.000593265809584, 0.000864334171638, 0.0001127382493, -0.000137845883728, 0.000194236708921, 0.000911977898795, -0.000341701321304, 0.000238062086282, 0.000965810439084], [0.000495313142892, -0.000800767855253, -8.13162405393e-05, 0.00934065505862, -0.00288227852434, 0.000639706850052, 0.00206440943293, 0.000610193877947, -0.00139381107874, 0.000373658986064, 0.000361841928679, 0.000302169413771, -0.000772819854319], [-0.000517558830325, 0.000225982992561, -0.000593265809584, -0.00288227852434, 0.00956102646887, -0.00317384698428, 0.0026302926708, 0.00120222871192, -0.00148417439777, 0.00017564681184, -0.000112702713523, 4.75497436128e-05, -0.000419544230681], [0.000404710619478, 0.000992338173091, 0.000864334171638, 0.000639706850052, -0.00317384698428, 0.011212986894, -0.00463336100802, 0.000307142036036, 0.000836594495922, 0.00015085254563, -0.000269682932412, -0.000515991006978, 0.00200396450236], [-0.000530192104634, -0.00104327872396, 0.0001127382493, 0.00206440943293, 0.0026302926708, -0.00463336100802, 0.0085170743987, -0.00219230121002, 0.000605622015428, 0.000669468427077, -0.000877602025867, 0.00147145369556, -0.000742426665965], [-0.000251012039371, -0.000422227865783, -0.000137845883728, 0.000610193877947, 0.00120222871192, 0.000307142036036, -0.00219230121002, 0.0106114605442, -0.00205019325949, -0.000990682048723, 0.00255768443458, -0.00110575079452, -0.00078304449562], [-0.000244229886448, 0.000422413286287, 0.000194236708921, -0.00139381107874, -0.00148417439777, 0.000836594495922, 0.000605622015428, -0.00205019325949, 0.0111441472545, -0.00142064166721, -0.00123104394879, 0.00111481151544, 0.000520468398463], [7.19815579941e-05, 0.000234019345953, 0.000911977898795, 0.000373658986064, 0.00017564681184, 0.00015085254563, 0.000669468427077, -0.000990682048723, -0.00142064166721, 0.0118601955473, -0.00324953324161, -0.000437559792772, 0.00323592475615], [-0.000162550684763, -0.000520387955476, -0.000341701321304, 0.000361841928679, -0.000112702713523, -0.000269682932412, -0.000877602025867, 0.00255768443458, -0.00123104394879, -0.00324953324161, 0.0145553853363, -0.000864313857164, -0.000414489943068], [0.000115736023872, -0.000256583036389, 0.000238062086282, 0.000302169413771, 4.75497436128e-05, -0.000515991006978, 0.00147145369556, -0.00110575079452, 0.00111481151544, -0.000437559792772, -0.000864313857164, 0.0125254690647, -0.00213660299778], [-0.000447841943242, 0.000253309408436, 0.000965810439084, -0.000772819854319, -0.000419544230681, 0.00200396450236, -0.000742426665965, -0.00078304449562, 0.000520468398463, 0.00323592475615, -0.000414489943068, -0.00213660299778, 0.0136643173173]]
    },
    "spectral_contrast_coeffs": {
        "max": [-0.382817447186, -0.451669216156, -0.500824511051, -0.563491761684, -0.615338742733, -0.581076383591],
        "mean": [-0.728668630123, -0.732134759426, -0.715825438499, -0.750939011574, -0.762673020363, -0.715232372284],
        "min": [-0.94461196661, -0.933473825455, -0.8921225667, -0.897649228573, -0.875301063061, -0.828127145767],
        "stdev": [0.0665938183665, 0.0649728104472, 0.0652347281575, 0.0457935892045, 0.0350573882461, 0.0358962826431]
    },
    "spectral_contrast_valleys": {
        "max": [-5.34040212631, -5.06663990021, -5.36951065063, -6.08721494675, -5.80457687378, -7.33887004852],
        "mean": [-6.37313127518, -6.41576242447, -6.84024620056, -7.2487783432, -6.97397279739, -9.80983066559],
        "min": [-8.95652770996, -8.15590381622, -8.55158424377, -8.49917221069, -8.43247032166, -11.5853233337],
        "stdev": [0.441903293133, 0.419477850199, 0.472056239843, 0.344287544489, 0.348828613758, 0.674490630627]
    }
},
"rhythm": {
    "beats_count": 144,
    "beats_loudness": {
        "max": 0.0641320422292,
        "mean": 0.0363644212484,
        "min": 0.00828139204532,
        "stdev": 0.00874571036547
    },
    "bpm": 178.205886841,
    "bpm_histogram_first_peak_bpm": 178,
    "bpm_histogram_first_peak_weight": 0,
    "bpm_histogram_second_peak_bpm": 185,
    "bpm_histogram_second_peak_spread": 0,
    "bpm_histogram_second_peak_weight": 0.279720276594,
    "danceability": 1.26284098625,
    "onset_rate": 3.4453125,
    "beats_loudness_band_ratio": {
        "max": [0.749231994152, 0.62130934, 0.789905488491, 0.781873226166, 0.694787561893, 0.267617821693],
        "mean": [0.247129499912, 0.171752259135, 0.193552955985, 0.232652112842, 0.116018980742, 0.0964563339949],
        "min": [0.0221169553697, 0.0107887303457, 0.0289881657809, 0.0134539790452, 0.0208021011204, 0.0123826721683],
        "stdev": [0.125889062881, 0.132984295487, 0.145250335336, 0.189915955067, 0.105688750744, 0.0559547953308]
    },
