{
"metadata": {
    "version": {
        "essentia": "2.1-beta5",
        "essentia_git_sha": "Undefined",
        "extractor": "music 2.0"
    },
    "audio_properties": {
        "analysis": {
            "equal_loudness": 0,
            "length": 32.4963264465,
            "sample_rate": 44100,
            "start_time": 61.4980506897,
            "downmix": "mix"
        },
        "bit_rate": 192000,
        "length": 208.828659058,
        "lossless": 0,
        "number_channels": 2,
        "replay_gain": -3.03351402283,
        "sample_rate": 48000,
        "codec": "mp3",
        "md5_encoded": "753629b42cde0b5675d94b6a85235a56"
    },
    "tags": {
        "file_name": "France_Mama Corsica_Patrick Fiori.mp3",
        "encoding": ["Lavf58.29.100"]
    }
},
"lowlevel": {
    "average_loudness": 0.977701306343,
    "barkbands_crest": {
        "max": 21.4618606567,
        "mean": 7.46137666702,
        "min": 2.48933959007,
        "stdev": 3.07221746445
    },
    "barkbands_flatness_db": {
        "max": 0.196590080857,
        "mean": 0.105823196471,
        "min": 0.0485574565828,
        "stdev": 0.0228285659105
    },
    "barkbands_kurtosis": {
        "max": 14.7588691711,
        "mean": 0.170196309686,
        "min": -1.85983788967,
        "stdev": 1.98817920685
    },
    "barkbands_skewness": {
        "max": 3.58161211014,
        "mean": 0.743006706238,
        "min": -1.89707195759,
        "stdev": 0.783971726894
    },
    "barkbands_spread": {
        "max": 91.8969192505,
        "mean": 36.0254516602,
        "min": 9.05229282379,
        "stdev": 12.9921140671
    },
    "dissonance": {
        "max": 0.499999940395,
        "mean": 0.474233984947,
        "min": 0.340978115797,
        "stdev": 0.0166070964187
    },
    "dynamic_complexity": 1.58572232723,
    "erbbands_crest": {
        "max": 22.8923225403,
        "mean": 7.51888084412,
        "min": 1.9788312912,
        "stdev": 3.18984007835
    },
    "erbbands_flatness_db": {
        "max": 0.277094751596,
        "mean": 0.148675024509,
        "min": 0.0806201323867,
        "stdev": 0.0305642597377
    },
    "erbbands_kurtosis": {
        "max": 14.0122032166,
        "mean": -0.254623740911,
        "min": -1.6005628109,
        "stdev": 1.33933961391
    },
    "erbbands_skewness": {
        "max": 1.62119758129,
        "mean": -0.19360730052,
        "min": -2.60397434235,
        "stdev": 0.584187567234
    },
    "erbbands_spread": {
        "max": 102.617515564,
        "mean": 43.4607276917,
        "min": 7.82277345657,
        "stdev": 15.4485387802
    },
    "hfc": {
        "max": 208.684829712,
        "mean": 31.624994278,
        "min": 0.800571203232,
        "stdev": 23.7041110992
    },
    "loudness_ebu128": {
        "integrated": -20.6664295197,
        "loudness_range": 1.2686290741,
        "momentary": {
            "max": -18.0526618958,
            "mean": -20.8299560547,
            "min": -23.62591362,
            "stdev": 1.21520721912
        },
        "short_term": {
            "max": -19.7407054901,
            "mean": -20.6851463318,
            "min": -21.536397934,
            "stdev": 0.438921391964
        }
    },
    "melbands_crest": {
        "max": 27.2436523438,
        "mean": 11.122833252,
        "min": 3.3436191082,
        "stdev": 4.03686141968
    },
    "melbands_flatness_db": {
        "max": 0.256799817085,
        "mean": 0.130511686206,
        "min": 0.0346950106323,
        "stdev": 0.0397325195372
    },
    "melbands_kurtosis": {
        "max": 57.2868804932,
        "mean": 5.73701238632,
        "min": -1.70611536503,
        "stdev": 6.81670188904
    },
    "melbands_skewness": {
        "max": 6.36937189102,
        "mean": 2.00101900101,
        "min": -0.935158371925,
        "stdev": 1.0709528923
    },
    "melbands_spread": {
        "max": 226.836044312,
        "mean": 43.7115440369,
        "min": 6.36422920227,
        "stdev": 24.3200969696
    },
    "pitch_salience": {
        "max": 0.874185025692,
        "mean": 0.57420784235,
        "min": 0.291236937046,
        "stdev": 0.0857776403427
    },
    "silence_rate_20dB": {
        "max": 1,
        "mean": 1,
        "min": 1,
        "stdev": 0
    },
    "silence_rate_30dB": {
        "max": 1,
        "mean": 1,
        "min": 1,
        "stdev": 0
    },
    "silence_rate_60dB": {
        "max": 1,
        "mean": 0.00285510346293,
        "min": 0,
        "stdev": 0.0533564127982
    },
    "spectral_centroid": {
        "max": 4440.85888672,
        "mean": 2082.18676758,
        "min": 573.699462891,
        "stdev": 574.998535156
    },
    "spectral_complexity": {
        "max": 51,
        "mean": 24.319770813,
        "min": 1,
        "stdev": 7.56814575195
    },
    "spectral_decrease": {
        "max": -1.23659499307e-10,
        "mean": -5.34069677371e-09,
        "min": -1.50475774063e-08,
        "stdev": 2.26596097441e-09
    },
    "spectral_energy": {
        "max": 0.0592710673809,
        "mean": 0.0230255238712,
        "min": 0.000539336586371,
        "stdev": 0.00958139356226
    },
    "spectral_energyband_high": {
        "max": 0.0271946452558,
        "mean": 0.00208146544173,
        "min": 2.08242818189e-05,
        "stdev": 0.00289932591841
    },
    "spectral_energyband_low": {
        "max": 0.0432806275785,
        "mean": 0.00565689895302,
        "min": 1.60962154041e-05,
        "stdev": 0.00545214349404
    },
    "spectral_energyband_middle_high": {
        "max": 0.0282001812011,
        "mean": 0.00703347660601,
        "min": 0.000247376796324,
        "stdev": 0.00571161555126
    },
    "spectral_energyband_middle_low": {
        "max": 0.0444792546332,
        "mean": 0.0089455107227,
        "min": 6.43521634629e-05,
        "stdev": 0.00572166778147
    },
    "spectral_entropy": {
        "max": 8.60195159912,
        "mean": 7.83782577515,
        "min": 7.08560800552,
        "stdev": 0.255409061909
    },
    "spectral_flux": {
        "max": 0.189759075642,
        "mean": 0.088585190475,
        "min": 0.023044584319,
        "stdev": 0.029289342463
    },
    "spectral_kurtosis": {
        "max": 15.5780124664,
        "mean": 2.27418899536,
        "min": -0.469687700272,
        "stdev": 1.30176615715
    },
    "spectral_rms": {
        "max": 0.00760430376977,
        "mean": 0.00462994538248,
        "min": 0.000725384044927,
        "stdev": 0.0010136612691
    },
    "spectral_rolloff": {
        "max": 8893.21289062,
        "mean": 2778.88964844,
        "min": 150.732421875,
        "stdev": 1563.46252441
    },
    "spectral_skewness": {
        "max": 3.04120898247,
        "mean": 1.04520022869,
        "min": 0.208887174726,
        "stdev": 0.229832857847
    },
    "spectral_spread": {
        "max": 8932635,
        "mean": 4615283,
        "min": 2457478.25,
        "stdev": 1053976
    },
    "spectral_strongpeak": {
        "max": 12.7564716339,
        "mean": 1.00299692154,
        "min": 0.0323713757098,
        "stdev": 1.38911437988
    },
    "zerocrossingrate": {
        "max": 0.27783203125,
        "mean": 0.0919080525637,
        "min": 0.017578125,
        "stdev": 0.0346664749086
    },
    "barkbands": {
        "max": [0.00208434369415, 0.0399637259543, 0.0164472814649, 0.0122440326959, 0.0344229750335, 0.0194750241935, 0.0118648447096, 0.0196104478091, 0.0198689531535, 0.0110050868243, 0.0126761058345, 0.0104153668508, 0.00933906808496, 0.00983114447445, 0.0169616825879, 0.0104497168213, 0.0177676137537, 0.0119211347774, 0.0128881176934, 0.00537040503696, 0.00605934392661, 0.00526904407889, 0.0112869795412, 0.00826208107173, 0.00174480164424, 0.000627730216365, 3.58429531389e-07],
        "mean": [0.00017534532526, 0.00334181915969, 0.00160956196487, 0.00105497636832, 0.00295410654508, 0.00114649091847, 0.000955368857831, 0.00135004508775, 0.00125019322149, 0.000689324806444, 0.000540564011317, 0.00061523844488, 0.00082369602751, 0.000354270305252, 0.000571710581426, 0.000635672477074, 0.000803042203188, 0.000818195054308, 0.00100634281989, 0.000503099930938, 0.000381658697734, 0.000561854511034, 0.000442268123152, 0.000310829113005, 0.000108830798126, 2.1016188839e-05, 2.44402964533e-09],
        "min": [9.55999325924e-07, 5.90754416407e-06, 4.00084036301e-06, 3.98979045713e-06, 1.6113053789e-05, 2.37059612118e-06, 8.48418403621e-06, 1.62773324064e-06, 7.36016545488e-06, 4.39214318249e-06, 5.21901347383e-06, 3.10470522891e-06, 5.28299460711e-06, 2.7885516829e-06, 5.05006119056e-06, 5.69224721403e-06, 5.19568766322e-06, 7.71883151174e-06, 2.38693028223e-05, 9.94839683699e-06, 2.33748028222e-06, 7.27801807443e-06, 4.09921585742e-06, 5.08186928982e-07, 2.38083302406e-07, 1.96446563905e-07, 8.10387729144e-11],
        "stdev": [0.000223607348744, 0.00427150260657, 0.00188757630531, 0.00133199570701, 0.00395582756028, 0.00146833492909, 0.00139743147884, 0.00201500789262, 0.00190765433945, 0.00139516161289, 0.00121518084779, 0.00117234431673, 0.00130395765882, 0.000699758587871, 0.00113588571548, 0.000888895418029, 0.00142472796142, 0.000901696505025, 0.00134789745789, 0.00058936397545, 0.000499135116115, 0.000658018514514, 0.000946213840507, 0.00077324535232, 0.000195977205294, 5.17236294399e-05, 1.4580312957e-08]
    },
    "erbbands": {
        "max": [1.40534484386, 8.37843704224, 18.4067611694, 25.7147331238, 126.077468872, 159.002868652, 160.643188477, 232.750961304, 154.348709106, 306.274505615, 481.240936279, 492.844696045, 351.23928833, 360.881866455, 601.637329102, 488.068878174, 502.986114502, 495.257293701, 1029.2409668, 395.763793945, 371.333221436, 950.639648438, 749.101501465, 611.670654297, 654.80871582, 234.714675903, 363.519500732, 157.355789185, 207.246643066, 269.031951904, 314.520050049, 239.336639404, 114.494186401, 32.0923500061, 9.27401733398, 4.51268577576, 0.705001890659, 0.0325819216669, 0.000947092310525, 0.000189395912457],
        "mean": [0.109251201153, 0.706466317177, 1.74382889271, 3.05341982841, 8.64010047913, 7.97466087341, 7.45740842819, 10.0412349701, 13.801445961, 21.6244182587, 26.871843338, 32.0761451721, 22.2325077057, 20.6511516571, 26.2235794067, 26.8484210968, 38.1204795837, 23.8753452301, 28.7852058411, 29.1425685883, 36.4321174622, 44.7596473694, 48.5808677673, 44.3450088501, 47.3428726196, 23.8260955811, 16.8889083862, 16.4537029266, 18.5867538452, 17.0805644989, 12.3602828979, 8.31223106384, 3.95112657547, 1.67426288128, 0.525273084641, 0.156858935952, 0.0268283132464, 0.00124337070156, 5.541122664e-05, 3.54014664481e-05],
        "min": [0.000105407649244, 0.000965477782302, 0.00467253476381, 0.00957094598562, 0.0353764370084, 0.0608439557254, 0.0247581843287, 0.0248001534492, 0.130358442664, 0.0617089979351, 0.0332298725843, 0.180298507214, 0.252079218626, 0.13483889401, 0.545736014843, 0.294337302446, 0.304617106915, 0.144763067365, 0.25487729907, 0.140432268381, 0.430699586868, 0.285992890596, 0.451420992613, 0.823662340641, 1.00143420696, 0.536487817764, 0.110628955066, 0.106285832822, 0.23258626461, 0.215611308813, 0.10544488579, 0.0288443975151, 0.00634190160781, 0.00261614960618, 0.00153101829346, 0.000798675813712, 0.000211683262023, 6.21805838819e-06, 1.23162135424e-06, 1.71441047314e-06],
        "stdev": [0.141220256686, 0.946126520634, 2.04239249229, 3.20188808441, 12.915813446, 10.7650127411, 12.0235319138, 14.3917722702, 17.3287963867, 32.5447273254, 46.0605812073, 45.7410774231, 40.4320526123, 39.5677108765, 54.5972595215, 50.6493606567, 56.5018157959, 42.0334510803, 58.344493866, 39.8149719238, 49.0459518433, 84.0739364624, 54.0817642212, 58.3755874634, 60.8242378235, 26.8077888489, 24.5405883789, 18.3433742523, 23.2134399414, 24.6082820892, 28.6360816956, 21.3704490662, 9.37441730499, 3.07412743568, 1.05107462406, 0.374823719263, 0.0638279393315, 0.00319458683953, 9.37745062402e-05, 2.0877487259e-05]
    },
    "gfcc": {
        "mean": [33.9023208618, 78.4093704224, -136.45513916, 58.2515563965, -71.8145828247, 19.629404068, -41.0473632812, 13.61992836, -19.5280132294, -0.64389282465, -13.2547264099, -1.86401963234, -12.9590396881],
        "cov": [[941.257080078, -433.219726562, 130.617767334, 46.2607803345, -46.7279586792, 79.5934066772, -62.9268798828, 7.23646354675, -79.4402084351, 37.8969459534, -34.9662437439, 36.082649231, -29.1199111938], [-433.219726562, 671.86529541, -60.4980010986, -27.9235095978, 138.783538818, -60.1068458557, 138.963287354, 28.6048641205, 105.454864502, -24.8367080688, 76.1588592529, -0.544297575951, 28.7651367188], [130.617767334, -60.4980010986, 488.454772949, 142.471389771, -31.1119785309, 56.7584838867, -102.590911865, 21.3550624847, 40.1443595886, 75.7285308838, -61.8746604919, 4.05161190033, -4.12762117386], [46.2607803345, -27.9235095978, 142.471389771, 172.208343506, 55.5913238525, 24.8835353851, -37.1313018799, 6.82095003128, 41.7453956604, 19.7217445374, -13.793463707, -15.6818284988, 12.8197126389], [-46.7279586792, 138.783538818, -31.1119785309, 55.5913238525, 178.923797607, 24.501663208, 50.2993431091, 21.293340683, 28.7018890381, 0.343605816364, 11.9398117065, 4.47848272324, 8.0230884552], [79.5934066772, -60.1068458557, 56.7584838867, 24.8835353851, 24.501663208, 106.312858582, 42.9560394287, 5.50275278091, -26.2502174377, 6.31044101715, 2.36416125298, -3.47368049622, -2.23761415482], [-62.9268798828, 138.963287354, -102.590911865, -37.1313018799, 50.2993431091, 42.9560394287, 210.319091797, 36.0782165527, -28.378950119, -23.1210975647, 41.2433052063, 10.8303041458, -12.8811979294], [7.23646354675, 28.6048641205, 21.3550624847, 6.82095003128, 21.293340683, 5.50275278091, 36.0782165527, 86.0527801514, 60.8349342346, 12.7770967484, 5.6342716217, 1.81059503555, -0.521066188812], [-79.4402084351, 105.454864502, 40.1443595886, 41.7453956604, 28.7018890381, -26.2502174377, -28.378950119, 60.8349342346, 163.633544922, 40.587562561, -2.20419454575, -8.42196464539, 9.6473531723], [37.8969459534, -24.8367080688, 75.7285308838, 19.7217445374, 0.343605816364, 6.31044101715, -23.1210975647, 12.7770967484, 40.587562561, 77.6132278442, 6.83545875549, 3.62582373619, -2.27260518074], [-34.9662437439, 76.1588592529, -61.8746604919, -13.793463707, 11.9398117065, 2.36416125298, 41.2433052063, 5.6342716217, -2.20419454575, 6.83545875549, 89.9708175659, 26.5801258087, 0.31648132205], [36.082649231, -0.544297575951, 4.05161190033, -15.6818284988, 4.47848272324, -3.47368049622, 10.8303041458, 1.81059503555, -8.42196464539, 3.62582373619, 26.5801258087, 64.1844558716, 12.2352590561], [-29.1199111938, 28.7651367188, -4.12762117386, 12.8197126389, 8.0230884552, -2.23761415482, -12.8811979294, -0.521066188812, 9.6473531723, -2.27260518074, 0.31648132205, 12.2352590561, 62.6229248047]],
        "icov": [[0.00168804184068, 0.00093222502619, -0.000132856410346, -0.000212028229726, -0.000234796418226, -0.000447674130555, 0.000158116075909, -0.000716763606761, 0.000581342668738, -0.000389024819015, 0.000109764252556, -0.00104748527519, 0.000532458652742], [0.00093222502619, 0.00693202763796, -0.00509482063353, 0.00574877113104, -0.00617655320093, 0.00650110607967, -0.00602265074849, 0.00605151057243, -0.00633279513568, 0.00555001245812, -0.00731148803607, 0.00559364259243, -0.00430710054934], [-0.000132856410346, -0.00509482063353, 0.00873660948128, -0.00833138916641, 0.00661832140759, -0.00760778272524, 0.00614932877943, -0.00686889048666, 0.00578910764307, -0.00772874802351, 0.00891418475658, -0.00770935649052, 0.0049367165193], [-0.000212028229726, 0.00574877113104, -0.00833138916641, 0.0164178032428, -0.00951430294663, 0.00564133422449, -0.00469667231664, 0.00786760356277, -0.00814173743129, 0.00719468668103, -0.00898237805814, 0.00972293782979, -0.00646829837933], [-0.000234796418226, -0.00617655320093, 0.00661832140759, -0.00951430294663, 0.0137921953574, -0.00787979923189, 0.00410894444212, -0.00644890591502, 0.00500862626359, -0.0058699506335, 0.00795345008373, -0.00769387558103, 0.00433323625475], [-0.000447674130555, 0.00650110607967, -0.00760778272524, 0.00564133422449, -0.00787979923189, 0.0207124892622, -0.009696315974, 0.00629914645106, -0.00378333614208, 0.0048457114026, -0.00867010094225, 0.00926844216883, -0.00605147518218], [0.000158116075909, -0.00602265074849, 0.00614932877943, -0.00469667231664, 0.00410894444212, -0.009696315974, 0.0141964703798, -0.0109344087541, 0.00836309604347, -0.00434839073569, 0.00496636610478, -0.00642133457586, 0.00594633305445], [-0.000716763606761, 0.00605151057243, -0.00686889048666, 0.00786760356277, -0.00644890591502, 0.00629914645106, -0.0109344087541, 0.0268176775426, -0.0155913075432, 0.00723117450252, -0.00767299067229, 0.00630485219881, -0.00467977486551], [0.000581342668738, -0.00633279513568, 0.00578910764307, -0.00814173743129, 0.00500862626359, -0.00378333614208, 0.00836309604347, -0.0155913075432, 0.0192416030914, -0.0109449503943, 0.00765782780945, -0.00497778784484, 0.00361355696805], [-0.000389024819015, 0.00555001245812, -0.00772874802351, 0.00719468668103, -0.0058699506335, 0.0048457114026, -0.00434839073569, 0.00723117450252, -0.0109449503943, 0.024004932493, -0.0107112647966, 0.00596185494214, -0.00317500950769], [0.000109764252556, -0.00731148803607, 0.00891418475658, -0.00898237805814, 0.00795345008373, -0.00867010094225, 0.00496636610478, -0.00767299067229, 0.00765782780945, -0.0107112647966, 0.0247099976987, -0.0144052477553, 0.00658596912399], [-0.00104748527519, 0.00559364259243, -0.00770935649052, 0.00972293782979, -0.00769387558103, 0.00926844216883, -0.00642133457586, 0.00630485219881, -0.00497778784484, 0.00596185494214, -0.0144052477553, 0.0278852302581, -0.00989869330078], [0.000532458652742, -0.00430710054934, 0.0049367165193, -0.00646829837933, 0.00433323625475, -0.00605147518218, 0.00594633305445, -0.00467977486551, 0.00361355696805, -0.00317500950769, 0.00658596912399, -0.00989869330078, 0.0214857533574]]
    },
    "melbands": {
        "max": [0.0122152697295, 0.00791647285223, 0.00647497130558, 0.0086632007733, 0.00458817882463, 0.00458485074341, 0.00216786796227, 0.00326592288911, 0.0036646570079, 0.00266913836822, 0.00178415456321, 0.00165570515674, 0.00195552688092, 0.00147865270264, 0.00140294607263, 0.00120995054021, 0.00109914154746, 0.00154742458835, 0.000920383201446, 0.00103454093914, 0.000614256365225, 0.00125763425604, 0.000944627390709, 0.000565955240745, 0.000577715691179, 0.000604779634159, 0.000429595587775, 0.0001971708989, 0.000323907355778, 0.000110810520709, 0.000106596977275, 0.000130236556288, 0.000133423542138, 0.000191706363694, 0.000207931821933, 0.000201870148885, 0.00015570949472, 9.79237520369e-05, 6.23797386652e-05, 1.72503569047e-05],
        "mean": [0.000955782190431, 0.000904816319235, 0.00067879492417, 0.000651388720144, 0.000271587603493, 0.000228537552175, 0.000206156910281, 0.00025248946622, 0.000215777428821, 0.000196421722649, 0.000107085863419, 8.19844426587e-05, 8.02387730801e-05, 7.34321656637e-05, 6.88746440574e-05, 8.35691243992e-05, 3.84562081308e-05, 4.32588676631e-05, 3.81319841836e-05, 4.39294308308e-05, 4.10895809182e-05, 4.39760005975e-05, 5.22474583704e-05, 3.64866464224e-05, 3.53019058821e-05, 3.85596358683e-05, 2.33417722484e-05, 1.44886635098e-05, 1.08130816443e-05, 9.67635787674e-06, 9.59666795097e-06, 1.05546605482e-05, 1.11667595775e-05, 8.59293868416e-06, 7.14650741429e-06, 6.45391537546e-06, 4.42344116891e-06, 2.91011542686e-06, 2.09287554753e-06, 1.14383931304e-06],
        "min": [2.22161679631e-06, 2.59246985479e-06, 2.36148389376e-06, 3.71793066734e-06, 1.24355551634e-06, 6.36745824067e-07, 1.91440949493e-06, 5.78935498652e-07, 1.99632566478e-07, 1.29829720663e-06, 1.10992573354e-06, 4.70725552759e-07, 8.65803315264e-07, 4.47130730663e-07, 6.91126331276e-07, 3.3604041505e-07, 2.54388965004e-07, 3.24488098613e-07, 2.90596574359e-07, 1.6142742254e-07, 5.95907920342e-07, 2.76343541827e-07, 3.27947873302e-07, 3.26262892258e-07, 6.25414713795e-07, 8.21597325285e-07, 3.76430790539e-07, 2.67776442797e-07, 6.73553088859e-08, 3.74183208862e-08, 6.3173814624e-08, 1.18656160453e-07, 1.01861715507e-07, 8.60712958684e-08, 5.6520047309e-08, 4.17824672638e-08, 7.58706697468e-09, 5.32827693078e-09, 1.41426304001e-09, 2.3366155677e-09],
        "stdev": [0.00122236914467, 0.000959754979704, 0.000675747112837, 0.000946463027503, 0.000385208521038, 0.000303702079691, 0.000262394314632, 0.000363744213246, 0.000379443081329, 0.000290985160973, 0.000207869277801, 0.000164822980878, 0.00017527473392, 0.0001381932816, 0.000119456708489, 0.000141241020174, 7.95138912508e-05, 8.94951008377e-05, 7.76116648922e-05, 6.8736699177e-05, 5.89522860537e-05, 9.5178882475e-05, 7.1748640039e-05, 4.38874303654e-05, 5.32676349394e-05, 5.33985876245e-05, 3.16030746035e-05, 1.88077574421e-05, 1.94586973521e-05, 1.12836205517e-05, 1.10176724775e-05, 1.37534434543e-05, 1.41543350765e-05, 1.43365105032e-05, 1.7289959942e-05, 1.59831215569e-05, 1.18742264021e-05, 7.25819381842e-06, 4.46513831776e-06, 2.01387570087e-06]
    },
    "melbands128": {
        "max": [0.0020819758065, 0.010152593255, 0.0204432569444, 0.012063594535, 0.0102111781016, 0.00788776017725, 0.00569110084325, 0.00771984271705, 0.0169672630727, 0.0148549797013, 0.0103347022086, 0.00541578419507, 0.00807952322066, 0.0045645092614, 0.00772148836404, 0.00401520822197, 0.00501940678805, 0.00393284112215, 0.00343121238984, 0.00571123603731, 0.00600114604458, 0.00724792294204, 0.00652526319027, 0.00617424026132, 0.00508706411347, 0.00427183415741, 0.00426224712282, 0.00351796159521, 0.00304805953056, 0.00387068418786, 0.00265134102665, 0.00354856764898, 0.00330784334801, 0.00383750139736, 0.00181853480171, 0.00264495471492, 0.0026180066634, 0.00237784418277, 0.00155996996909, 0.00206778291613, 0.00256958859973, 0.00227912608534, 0.00160732946824, 0.0023671744857, 0.000978437252343, 0.00225315825082, 0.00317413220182, 0.00200551352464, 0.00132032262627, 0.00108287693001, 0.00221688090824, 0.00121062097605, 0.000861796084791, 0.00157955021132, 0.00105697475374, 0.00279104919173, 0.00265208422206, 0.0018582327757, 0.00112364441156, 0.00122647674289, 0.000792485312559, 0.000602436834015, 0.000938859011512, 0.000981338438578, 0.00157603935804, 0.000960436533205, 0.00115183682647, 0.00134526810143, 0.000347113993485, 0.000216281681787, 0.000326825364027, 0.000427755527198, 0.000347648456227, 0.000543401401956, 0.000150332693011, 0.000172867046786, 0.000131740351208, 9.54502029344e-05, 0.000184747055755, 0.000125947684865, 0.000274182297289, 0.00027415715158, 0.000154554407345, 0.000172099113115, 0.000198019552045, 0.000187460173038, 0.000261228473391, 0.000242682159296, 0.000297174992738, 0.000262585526798, 0.000189537648112, 0.000265283510089, 0.000302915170323, 0.000222847331315, 0.000133399662445, 0.000156441325089, 0.000115073846246, 9.60367542575e-05, 8.48878917168e-05, 4.15789108956e-05, 3.04060285998e-05, 1.82649982889e-05, 1.327267546e-05, 2.0271689209e-05, 1.75932036655e-05, 7.84249732533e-06, 8.62104025146e-06, 1.14730491987e-05, 1.4352760445e-05, 7.09319465386e-06, 5.38581161891e-06, 3.58256193067e-06, 2.32848015003e-06, 1.86120848866e-06, 8.96398319128e-07, 1.03011601027e-07, 1.11285869409e-08, 3.90939114414e-10, 3.77384151706e-10, 3.66359664827e-10, 3.59953761242e-10, 3.49547141232e-10, 3.45585393635e-10, 3.38453737259e-10, 3.33357036419e-10, 3.29108823527e-10, 3.27844140724e-10, 3.25868609874e-10],
        "mean": [0.000147605795064, 0.000852206721902, 0.00135103310458, 0.00106866331771, 0.000900380604435, 0.000768085767049, 0.000599452701863, 0.000509900273755, 0.00102385692298, 0.000772286264692, 0.000335863762302, 0.000333283853251, 0.000259405613178, 0.000184012940736, 0.000214478481212, 0.000267253199127, 0.000253511039773, 0.000186461475096, 0.000151501270011, 0.00025783124147, 0.000312221120112, 0.000215040694457, 0.000225390045671, 0.000165065124747, 0.000230481018662, 0.000222700677114, 9.60221368587e-05, 0.000115013448521, 8.06290045148e-05, 9.55422437983e-05, 8.20040950202e-05, 5.28547861904e-05, 7.92600985733e-05, 0.000110301618406, 6.44470856059e-05, 6.37472476228e-05, 8.56573678902e-05, 4.61432064185e-05, 7.43357959436e-05, 0.000106356077595, 8.93694523256e-05, 5.08223820361e-05, 3.33268435497e-05, 3.82235448342e-05, 2.45653536695e-05, 4.42874952569e-05, 6.94185509929e-05, 2.91206288239e-05, 2.54317674262e-05, 4.9139955081e-05, 4.05569116992e-05, 4.75297092635e-05, 4.84388074256e-05, 2.86150443571e-05, 4.70197519462e-05, 4.38395545643e-05, 4.06005128752e-05, 6.21944054728e-05, 5.12139886268e-05, 4.41030570073e-05, 3.70232191926e-05, 2.93175107799e-05, 3.24122374877e-05, 4.12491062889e-05, 3.29049653374e-05, 3.63339968317e-05, 4.79622322018e-05, 2.83808985841e-05, 1.74340657395e-05, 1.48186400111e-05, 1.38732175401e-05, 1.58837829076e-05, 1.28031788336e-05, 8.99448241398e-06, 9.0946778073e-06, 1.06382085505e-05, 9.18877776712e-06, 9.16712269827e-06, 7.92023729446e-06, 1.24116359075e-05, 1.18041061796e-05, 9.22781964618e-06, 9.01668408915e-06, 1.34650190375e-05, 1.03492729977e-05, 9.68163840298e-06, 7.43716054785e-06, 7.54116354074e-06, 6.97794075677e-06, 7.34626064514e-06, 6.11006635154e-06, 6.75834462527e-06, 6.1332293626e-06, 4.26068800152e-06, 3.38946347256e-06, 3.41437953466e-06, 2.7182093163e-06, 2.38151187659e-06, 2.12291456592e-06, 2.10383495869e-06, 1.4019254877e-06, 9.32728767111e-07, 8.40955465264e-07, 7.83031623541e-07, 5.50585241399e-07, 4.15596872472e-07, 3.72549180838e-07, 3.57972226084e-07, 2.57516347801e-07, 1.959621585e-07, 1.35948056368e-07, 9.88945956237e-08, 7.69560628555e-08, 4.48188721691e-08, 1.920677839e-08, 1.39431410862e-09, 6.31030019904e-11, 4.55759995716e-12, 4.40412506811e-12, 4.28132572797e-12, 4.1626663054e-12, 4.06910486209e-12, 4.00363292866e-12, 3.91727839402e-12, 3.75429765401e-12, 3.49644597129e-12, 3.35922717594e-12, 3.32441149262e-12],
        "min": [4.43304166708e-08, 4.93680431646e-07, 1.70280520706e-06, 2.77116328107e-07, 1.51975564222e-06, 1.43340173508e-06, 5.99120596689e-07, 2.22482140089e-06, 3.62563241652e-06, 1.08671315502e-06, 1.45350031744e-06, 1.38463519761e-06, 7.27843712411e-07, 1.55532163149e-07, 1.49325785515e-07, 4.83384326344e-07, 7.13628992344e-07, 8.17454349544e-07, 7.10297229034e-07, 2.4987647862e-07, 4.1296371478e-07, 3.46620652181e-07, 1.66622328379e-07, 5.39789617449e-08, 1.49277084915e-07, 4.52200708878e-07, 5.23253618212e-07, 3.50065249677e-07, 2.85667226763e-07, 2.68984052809e-07, 3.36545497248e-07, 8.10283822261e-08, 4.4511904207e-07, 3.7460657154e-07, 9.42153803862e-08, 4.7099042888e-08, 1.206457938e-07, 1.963285996e-07, 1.37534499345e-07, 3.47417113744e-07, 1.41548468946e-07, 5.06994837224e-08, 1.64923022794e-07, 1.64134661418e-07, 7.27061788552e-08, 1.68177066939e-07, 1.813772883e-07, 7.73308244106e-08, 1.78297554498e-07, 5.13901809995e-08, 8.16945870952e-08, 3.05066976125e-07, 2.77813995808e-07, 3.83160966066e-07, 1.57458245553e-07, 8.23547594564e-08, 1.59465372462e-07, 2.32860614346e-07, 2.09805506302e-07, 2.16158753119e-07, 1.73565595674e-07, 2.36876772419e-07, 3.65606751984e-07, 2.46079025601e-07, 2.4017214173e-07, 3.86047588563e-07, 3.14040562444e-07, 1.43506369454e-07, 9.08044199832e-08, 1.31779870571e-07, 1.58817059059e-07, 8.23992039045e-08, 7.05383200739e-08, 5.52071455218e-08, 3.27326894478e-08, 3.0641047033e-08, 3.80752211981e-08, 5.58757236035e-08, 4.38762128852e-08, 1.63863127511e-08, 1.19527442166e-07, 4.92413541053e-08, 6.8624089522e-08, 5.80461829713e-08, 7.93804346699e-08, 6.13960295937e-08, 4.12783762727e-08, 8.01341215606e-09, 4.45482797318e-08, 3.76942850266e-08, 5.00387953295e-09, 1.27762875834e-08, 1.8307014571e-08, 4.60971216754e-09, 3.62896845907e-09, 7.83496023615e-09, 3.48552231522e-09, 1.79617354323e-09, 5.55602064356e-10, 1.38297850949e-09, 2.01880889783e-09, 1.00514596646e-09, 3.71697089774e-10, 7.64802277065e-10, 8.28171531353e-10, 1.00389130342e-09, 4.25679630434e-10, 2.96476870831e-11, 3.70949077011e-10, 3.86511829487e-11, 7.57764614945e-11, 2.31975341713e-11, 9.28196213466e-13, 3.94919611336e-13, 3.09241347807e-13, 3.0458659683e-13, 2.50736036751e-13, 2.81644038603e-13, 2.34903378216e-13, 2.39247938951e-13, 2.74328032079e-13, 2.50631194401e-13, 2.66830990896e-13, 2.58976515363e-13, 1.64232017742e-13, 6.64399768925e-14, 1.01655812132e-14, 3.80429786955e-16],
        "stdev": [0.000204156298423, 0.0011441600509, 0.00195804238319, 0.00151356426068, 0.00117804179899, 0.00086904555792, 0.00072551262565, 0.000702098070178, 0.00166102324147, 0.00141288817395, 0.000545345013961, 0.000499953981489, 0.00056035479065, 0.000333102274453, 0.000455658853753, 0.000396173651097, 0.000394715403672, 0.00037051885738, 0.000310555216856, 0.000533685728442, 0.000527923926711, 0.000473837862955, 0.000602809246629, 0.000462260504719, 0.000420589931309, 0.000456710753497, 0.000273020064924, 0.000325752276694, 0.000255385995843, 0.000230773846852, 0.000212307742913, 0.000186601493624, 0.00024001802376, 0.000304966873955, 0.00015399120457, 0.000187810481293, 0.000228839446208, 0.000144315665239, 0.000146199483424, 0.000205257485504, 0.000225215830142, 0.000164252021932, 9.62753183558e-05, 0.000119752330647, 6.35968317511e-05, 0.000133220717544, 0.00018316002388, 0.000129594351165, 6.85961349518e-05, 7.95496525825e-05, 0.000119368392916, 8.65267284098e-05, 9.76058436208e-05, 7.65958538977e-05, 9.229517309e-05, 0.000156997179147, 0.000162254742463, 0.000107300525997, 9.19401572901e-05, 7.93809449533e-05, 6.47573979222e-05, 4.69328333565e-05, 5.82320499234e-05, 9.1246321972e-05, 8.15375533421e-05, 6.84097103658e-05, 8.08707918623e-05, 6.78189462633e-05, 3.10871218971e-05, 2.31284557231e-05, 2.24371160584e-05, 3.05848225253e-05, 2.47479401878e-05, 2.48014421231e-05, 1.37438573802e-05, 1.42715371112e-05, 1.20841759781e-05, 1.23731924759e-05, 1.37477700264e-05, 1.41915052154e-05, 1.89431975741e-05, 1.66265926964e-05, 1.45124231494e-05, 1.93105406652e-05, 1.56431124196e-05, 1.61405096151e-05, 1.56742171384e-05, 1.66115241882e-05, 2.06637778319e-05, 1.85031094588e-05, 1.4922765331e-05, 1.85591234185e-05, 1.79071885213e-05, 1.24528696688e-05, 9.80216191238e-06, 9.0696830739e-06, 7.42872862247e-06, 5.91829984842e-06, 5.45121565665e-06, 3.98469910579e-06, 2.63602669293e-06, 1.88166859516e-06, 1.5882359321e-06, 1.71712940755e-06, 1.30224179884e-06, 8.44839917136e-07, 8.53087954056e-07, 9.35210834996e-07, 7.79005063123e-07, 5.21758636296e-07, 3.51333682147e-07, 2.39261368051e-07, 1.91346032352e-07, 1.35312106408e-07, 6.88845460672e-08, 6.29920648976e-09, 4.49432741023e-10, 1.54832275473e-11, 1.49648106407e-11, 1.45276160893e-11, 1.42506362613e-11, 1.38707300854e-11, 1.36827485106e-11, 1.34163496285e-11, 1.32267521588e-11, 1.30771400653e-11, 1.3016751739e-11, 1.2944564691e-11]
    },
    "mfcc": {
        "mean": [-593.685852051, 88.0046844482, -1.37203633785, 30.8933486938, 0.277375757694, 5.14225530624, -6.12709522247, 9.09380817413, -3.09977698326, 2.69358706474, 4.16952991486, 0.500738501549, -0.421233832836],
        "cov": [[915.646789551, -401.048400879, 26.8300037384, -57.2258148193, -5.06928157806, 13.3077230453, 36.6609420776, -5.22292470932, -60.8591499329, 3.39273405075, -39.4427719116, -29.0525913239, -33.4382514954], [-401.048400879, 607.678222656, -142.567123413, 52.2861442566, -26.5706558228, -10.7037029266, 28.9890346527, 68.5218582153, 28.2087688446, -5.16703748703, 68.4798126221, 7.67524290085, 61.0676994324], [26.8300037384, -142.567123413, 479.187042236, 42.2739944458, 91.1082000732, 22.2825813293, -74.8267364502, -75.7486343384, 56.698299408, -2.34725570679, -19.845916748, 66.8738098145, 30.6396770477], [-57.2258148193, 52.2861442566, 42.2739944458, 141.719787598, 73.3687744141, 16.4596614838, -22.3207645416, 3.35139846802, 37.3222885132, 15.9864883423, 13.6590480804, 9.87904262543, 18.3514709473], [-5.06928157806, -26.5706558228, 91.1082000732, 73.3687744141, 193.314559937, 18.1235427856, -71.8719940186, -29.8800315857, 42.5364990234, 27.2209072113, -6.46542835236, 11.8740797043, 11.2332353592], [13.3077230453, -10.7037029266, 22.2825813293, 16.4596614838, 18.1235427856, 97.4647521973, 56.016204834, 3.41084337234, 3.52648186684, -3.64304280281, -3.03483700752, 2.51699256897, -10.8568286896], [36.6609420776, 28.9890346527, -74.8267364502, -22.3207645416, -71.8719940186, 56.016204834, 196.562255859, 60.1658744812, -39.9687805176, -15.0503740311, 7.78513622284, -21.202753067, -19.7961616516], [-5.22292470932, 68.5218582153, -75.7486343384, 3.35139846802, -29.8800315857, 3.41084337234, 60.1658744812, 111.146537781, 3.65929436684, 14.2348213196, 18.2444763184, -17.8250026703, 6.5910615921], [-60.8591499329, 28.2087688446, 56.698299408, 37.3222885132, 42.5364990234, 3.52648186684, -39.9687805176, 3.65929436684, 109.727310181, 39.1193237305, 8.67536449432, 8.92380332947, 12.9663000107], [3.39273405075, -5.16703748703, -2.34725570679, 15.9864883423, 27.2209072113, -3.64304280281, -15.0503740311, 14.2348213196, 39.1193237305, 93.4257736206, 19.2948646545, -6.02309513092, 1.27597868443], [-39.4427719116, 68.4798126221, -19.845916748, 13.6590480804, -6.46542835236, -3.03483700752, 7.78513622284, 18.2444763184, 8.67536449432, 19.2948646545, 98.3078231812, 23.1922187805, 14.9911022186], [-29.0525913239, 7.67524290085, 66.8738098145, 9.87904262543, 11.8740797043, 2.51699256897, -21.202753067, -17.8250026703, 8.92380332947, -6.02309513092, 23.1922187805, 83.9287719727, 28.6675167084], [-33.4382514954, 61.0676994324, 30.6396770477, 18.3514709473, 11.2332353592, -10.8568286896, -19.7961616516, 6.5910615921, 12.9663000107, 1.27597868443, 14.9911022186, 28.6675167084, 94.4131393433]],
        "icov": [[0.00164665153716, 0.00115717761219, 6.57865239191e-05, 0.000175082474016, -0.000154523033416, -4.64109725726e-05, -0.000239843415329, -0.000404750870075, 0.000590977666434, -0.000151300017023, -0.000121337048768, 0.000364361010725, -0.000400136399549], [0.00115717761219, 0.00308152195066, 0.000773597857915, -0.000668828783091, 0.000112936933874, 0.000129345877212, -0.000297814345686, -0.000870363146532, -0.000481978029711, 0.000802184978966, -0.00117829034571, 0.000262195302639, -0.00154180126265], [6.57865239191e-05, 0.000773597857915, 0.00317827565596, -0.000355274911271, -0.000584362307563, -0.000517500680871, 6.52492090012e-05, 0.00118002563249, -0.00144839717541, 0.000563848356251, 0.000474320549984, -0.00182730460074, -0.000827311305329], [0.000175082474016, -0.000668828783091, -0.000355274911271, 0.00991121679544, -0.00336318393238, -0.00115684454795, 0.000108552172605, -0.000788712117355, -0.00142449198756, 0.000129509135149, -0.000883192988113, 0.00025796922273, -0.000715839210898], [-0.000154523033416, 0.000112936933874, -0.000584362307563, -0.00336318393238, 0.00842739548534, -0.00253222952597, 0.00282791769132, 0.000610423157923, -0.000337159668561, -0.0015858898405, 0.000635943666566, 0.000326441222569, -0.000160322291777], [-4.64109725726e-05, 0.000129345877212, -0.000517500680871, -0.00115684454795, -0.00253222952597, 0.0148782618344, -0.00621560076252, 0.00141210027505, -0.00157857057638, 0.000744561781175, 0.000543702219147, -0.0012453548843, 0.0014015781926], [-0.000239843415329, -0.000297814345686, 6.52492090012e-05, 0.000108552172605, 0.00282791769132, -0.00621560076252, 0.0100539522246, -0.00421351986006, 0.00255224201828, 0.000258820684394, -0.000533901620656, 0.000907843641471, 0.000871522875968], [-0.000404750870075, -0.000870363146532, 0.00118002563249, -0.000788712117355, 0.000610423157923, 0.00141210027505, -0.00421351986006, 0.0135380523279, -0.00190742837731, -0.00160331570078, -0.000970260472968, 0.00168425613083, -0.00162257615011], [0.000590977666434, -0.000481978029711, -0.00144839717541, -0.00142449198756, -0.000337159668561, -0.00157857057638, 0.00255224201828, -0.00190742837731, 0.0137019194663, -0.00490129785612, 0.000315903918818, 3.72429385607e-05, -8.21122448542e-05], [-0.000151300017023, 0.000802184978966, 0.000563848356251, 0.000129509135149, -0.0015858898405, 0.000744561781175, 0.000258820684394, -0.00160331570078, -0.00490129785612, 0.0143299326301, -0.00312939076684, 0.00171106541529, 0.000116698582133], [-0.000121337048768, -0.00117829034571, 0.000474320549984, -0.000883192988113, 0.000635943666566, 0.000543702219147, -0.000533901620656, -0.000970260472968, 0.000315903918818, -0.00312939076684, 0.0131016336381, -0.00452443445101, -2.80535805359e-05], [0.000364361010725, 0.000262195302639, -0.00182730460074, 0.00025796922273, 0.000326441222569, -0.0012453548843, 0.000907843641471, 0.00168425613083, 3.72429385607e-05, 0.00171106541529, -0.00452443445101, 0.0167579706758, -0.00400516623631], [-0.000400136399549, -0.00154180126265, -0.000827311305329, -0.000715839210898, -0.000160322291777, 0.0014015781926, 0.000871522875968, -0.00162257615011, -8.21122448542e-05, 0.000116698582133, -2.80535805359e-05, -0.00400516623631, 0.013561449945]]
    },
    "spectral_contrast_coeffs": {
        "max": [-0.449591934681, -0.545346498489, -0.571404516697, -0.596260488033, -0.61412781477, -0.579491496086],
        "mean": [-0.731859028339, -0.755440115929, -0.761996805668, -0.761543631554, -0.754164874554, -0.721377849579],
        "min": [-0.879570007324, -0.920881152153, -0.907863557339, -0.876198709011, -0.859694957733, -0.817870497704],
        "stdev": [0.0648261457682, 0.0547013431787, 0.0619173757732, 0.0442184321582, 0.0453232675791, 0.0345163233578]
    },
    "spectral_contrast_valleys": {
        "max": [-5.07088470459, -5.28648042679, -5.72699117661, -6.30311393738, -5.81053066254, -7.46999979019],
        "mean": [-6.52345752716, -6.49693107605, -7.31158876419, -7.38012170792, -6.99915599823, -9.64682865143],
        "min": [-8.97677898407, -8.94992542267, -8.8597574234, -8.77424049377, -8.43570423126, -11.737446785],
        "stdev": [0.549970328808, 0.424458235502, 0.461528927088, 0.384559005499, 0.43231138587, 0.757259786129]
    }
},
"rhythm": {
    "beats_count": 70,
    "beats_loudness": {
        "max": 0.0561023131013,
        "mean": 0.0320260263979,
        "min": 0.0161469522864,
        "stdev": 0.00824457034469
    },
    "bpm": 129.117126465,
    "bpm_histogram_first_peak_bpm": 129,
    "bpm_histogram_first_peak_weight": 0.295081913471,
    "bpm_histogram_second_peak_bpm": 136,
    "bpm_histogram_second_peak_spread": 0.285714268684,
    "bpm_histogram_second_peak_weight": 0.0724637657404,
    "danceability": 1.31531524658,
    "onset_rate": 3.38378882408,
    "beats_loudness_band_ratio": {
        "max": [0.819011569023, 0.591511845589, 0.425192713737, 0.702453792095, 0.50458419323, 0.582144081593],
        "mean": [0.405103832483, 0.196266829967, 0.125208750367, 0.107320643961, 0.102108076215, 0.168198689818],
        "min": [0.00993470847607, 0.00980259291828, 0.0139728160575, 0.0075989603065, 0.013100175187, 0.0154654681683],
        "stdev": [0.208545163274, 0.154241696, 0.0816949978471, 0.141399607062, 0.102632001042, 0.121382862329]
    },
    "beats_position": [0.441179126501, 0.882358253002, 1.31192743778, 1.75310659409, 2.18267560005, 2.62385487556, 3.08825397491, 3.56426286697, 4.04027223587, 4.5046710968, 4.95746040344, 5.41024923325, 5.87464857101, 6.33904743195, 6.80344676971, 7.26784563065, 7.73224496841, 8.19664382935, 8.66104316711, 9.12544155121, 9.58984088898, 10.0542402267, 10.5186395645, 10.9714279175, 11.4242172241, 11.8886165619, 12.3530158997, 12.8174142838, 13.2585935593, 13.7346029282, 14.2106122971, 14.6750106812, 15.1394100189, 15.5921993256, 16.0565986633, 16.50938797, 16.9737873077, 17.4381847382, 17.9025840759, 18.3437633514, 18.8313827515, 19.3073921204, 19.7834014893, 20.247800827, 20.7121982574, 21.1765975952, 21.640996933, 22.1170063019, 22.5930156708, 23.0574150085, 23.5334243774, 23.9978218079, 24.4622211456, 24.9266204834, 25.4026298523, 25.8670291901, 26.3314285278, 26.7958278656, 27.2602272034, 27.7130146027, 28.1658039093, 28.6302032471, 29.0946025848, 29.5590019226, 30.0234012604, 30.4878005981, 30.9521980286, 31.4165973663, 31.8809967041, 32.3453979492],
