{
"metadata": {
    "version": {
        "essentia": "2.1-beta5",
        "essentia_git_sha": "Undefined",
        "extractor": "music 2.0"
    },
    "audio_properties": {
        "analysis": {
            "equal_loudness": 0,
            "length": 48.7502937317,
            "sample_rate": 44100,
            "start_time": 61.4980506897,
            "downmix": "mix"
        },
        "bit_rate": 192000,
        "length": 212.973434448,
        "lossless": 0,
        "number_channels": 2,
        "replay_gain": 3.67010307312,
        "sample_rate": 48000,
        "codec": "mp3",
        "md5_encoded": "cd1cb9248edaea3af2868a2a8265e160"
    },
    "tags": {
        "file_name": "Italy_Sole D_europa_Enrico Ruggeri.mp3",
        "encoding": ["Lavf58.29.100"]
    }
},
"lowlevel": {
    "average_loudness": 0.95560926199,
    "barkbands_crest": {
        "max": 23.4758377075,
        "mean": 9.21511554718,
        "min": 2.79540061951,
        "stdev": 3.67382216454
    },
    "barkbands_flatness_db": {
        "max": 0.292913168669,
        "mean": 0.133393391967,
        "min": 0.045421782881,
        "stdev": 0.0385669358075
    },
    "barkbands_kurtosis": {
        "max": 43.9316673279,
        "mean": 4.21292638779,
        "min": -1.89126443863,
        "stdev": 5.74517154694
    },
    "barkbands_skewness": {
        "max": 6.04457426071,
        "mean": 1.60536980629,
        "min": -3.53057193756,
        "stdev": 1.18738520145
    },
    "barkbands_spread": {
        "max": 99.1369934082,
        "mean": 24.2686290741,
        "min": 2.18109107018,
        "stdev": 15.6574258804
    },
    "dissonance": {
        "max": 0.499987393618,
        "mean": 0.462373316288,
        "min": 0.302887320518,
        "stdev": 0.0250516030937
    },
    "dynamic_complexity": 1.60495972633,
    "erbbands_crest": {
        "max": 29.1596279144,
        "mean": 8.96984577179,
        "min": 2.19196200371,
        "stdev": 4.40467500687
    },
    "erbbands_flatness_db": {
        "max": 0.257217735052,
        "mean": 0.151691094041,
        "min": 0.0558866411448,
        "stdev": 0.0321436077356
    },
    "erbbands_kurtosis": {
        "max": 25.2099342346,
        "mean": 0.524408817291,
        "min": -1.76162421703,
        "stdev": 2.71870160103
    },
    "erbbands_skewness": {
        "max": 3.47635483742,
        "mean": 0.361851036549,
        "min": -4.24395942688,
        "stdev": 1.03140211105
    },
    "erbbands_spread": {
        "max": 115.416282654,
        "mean": 45.6501045227,
        "min": 7.14065313339,
        "stdev": 17.5910663605
    },
    "hfc": {
        "max": 321.008422852,
        "mean": 29.8643074036,
        "min": 1.66268181801,
        "stdev": 44.1082267761
    },
    "loudness_ebu128": {
        "integrated": -27.2152500153,
        "loudness_range": 1.41637039185,
        "momentary": {
            "max": -23.9077644348,
            "mean": -27.4434604645,
            "min": -31.340341568,
            "stdev": 1.40190422535
        },
        "short_term": {
            "max": -26.1537189484,
            "mean": -27.2951374054,
            "min": -28.6859912872,
            "stdev": 0.488447278738
        }
    },
    "melbands_crest": {
        "max": 30.5907897949,
        "mean": 13.0137414932,
        "min": 3.09527659416,
        "stdev": 5.01978063583
    },
    "melbands_flatness_db": {
        "max": 0.390164941549,
        "mean": 0.178388312459,
        "min": 0.0384184382856,
        "stdev": 0.0598378367722
    },
    "melbands_kurtosis": {
        "max": 129.417221069,
        "mean": 13.7180957794,
        "min": -1.85012185574,
        "stdev": 14.8108615875
    },
    "melbands_skewness": {
        "max": 9.9849023819,
        "mean": 2.77489352226,
        "min": -1.19756913185,
        "stdev": 1.37431168556
    },
    "melbands_spread": {
        "max": 214.020523071,
        "mean": 29.0085258484,
        "min": 1.75640273094,
        "stdev": 34.6213684082
    },
    "pitch_salience": {
        "max": 0.825998723507,
        "mean": 0.58681589365,
        "min": 0.118128344417,
        "stdev": 0.10636202991
    },
    "silence_rate_20dB": {
        "max": 1,
        "mean": 1,
        "min": 1,
        "stdev": 0
    },
    "silence_rate_30dB": {
        "max": 1,
        "mean": 0.999524056911,
        "min": 0,
        "stdev": 0.0218115318567
    },
    "silence_rate_60dB": {
        "max": 0,
        "mean": 0,
        "min": 0,
        "stdev": 0
    },
    "spectral_centroid": {
        "max": 4829.90917969,
        "mean": 1445.28503418,
        "min": 238.091644287,
        "stdev": 896.048828125
    },
    "spectral_complexity": {
        "max": 50,
        "mean": 19.2060928345,
        "min": 1,
        "stdev": 7.62138795853
    },
    "spectral_decrease": {
        "max": -1.11309177153e-10,
        "mean": -5.97402483038e-09,
        "min": -4.35516191999e-08,
        "stdev": 2.83471557339e-09
    },
    "spectral_energy": {
        "max": 0.166643962264,
        "mean": 0.0252561233938,
        "min": 0.00068358524004,
        "stdev": 0.0120412837714
    },
    "spectral_energyband_high": {
        "max": 0.0504945851862,
        "mean": 0.00282885297202,
        "min": 7.73448755353e-06,
        "stdev": 0.00662607001141
    },
    "spectral_energyband_low": {
        "max": 0.14842402935,
        "mean": 0.00603189552203,
        "min": 4.37068956671e-05,
        "stdev": 0.00879376381636
    },
    "spectral_energyband_middle_high": {
        "max": 0.0181710552424,
        "mean": 0.00337169715203,
        "min": 4.31865119026e-05,
        "stdev": 0.00251139095053
    },
    "spectral_energyband_middle_low": {
        "max": 0.045226957649,
        "mean": 0.0139442104846,
        "min": 7.56642839406e-05,
        "stdev": 0.00728154601529
    },
    "spectral_entropy": {
        "max": 8.68062114716,
        "mean": 7.65779781342,
        "min": 6.35842847824,
        "stdev": 0.344169706106
    },
    "spectral_flux": {
        "max": 0.312127649784,
        "mean": 0.0795625448227,
        "min": 0.0224477704614,
        "stdev": 0.0352505296469
    },
    "spectral_kurtosis": {
        "max": 20.3118076324,
        "mean": 2.79208374023,
        "min": -0.297197580338,
        "stdev": 2.05864167213
    },
    "spectral_rms": {
        "max": 0.0127506656572,
        "mean": 0.00483303656802,
        "min": 0.000816647079773,
        "stdev": 0.00113220408093
    },
    "spectral_rolloff": {
        "max": 12661.5234375,
        "mean": 1832.64819336,
        "min": 107.666015625,
        "stdev": 1946.21557617
    },
    "spectral_skewness": {
        "max": 3.57664418221,
        "mean": 1.22735822201,
        "min": -0.116576813161,
        "stdev": 0.46835231781
    },
    "spectral_spread": {
        "max": 11843176,
        "mean": 4974776.5,
        "min": 2360282.25,
        "stdev": 1261492.375
    },
    "spectral_strongpeak": {
        "max": 17.4745960236,
        "mean": 1.03918397427,
        "min": 0,
        "stdev": 1.21865200996
    },
    "zerocrossingrate": {
        "max": 0.28857421875,
        "mean": 0.0725888982415,
        "min": 0.00927734375,
        "stdev": 0.0506309643388
    },
    "barkbands": {
        "max": [0.00104737991933, 0.0540365055203, 0.0912554711103, 0.025144726038, 0.040793184191, 0.0297342706472, 0.0286064185202, 0.0198166165501, 0.0191523749381, 0.00998879689723, 0.00850260443985, 0.00802954379469, 0.00626658042893, 0.00563833210617, 0.00602832809091, 0.00599374016747, 0.012933797203, 0.00256459275261, 0.00430348655209, 0.0135758435354, 0.0121549302712, 0.0221121739596, 0.0203172191978, 0.00938562396914, 0.00370933557861, 0.0066855228506, 1.18002972158e-05],
        "mean": [8.96463825484e-05, 0.00269985082559, 0.002416071482, 0.00186326936819, 0.00372003205121, 0.00249231630005, 0.00324969482608, 0.00147408118937, 0.000977263902314, 0.000353867246304, 0.000384105951525, 0.000409082189435, 0.000334854761604, 0.000272565201158, 0.000284121109871, 0.000271444849204, 0.000345342385117, 0.000262611778453, 0.000287858390948, 0.000552770041395, 0.000624052830972, 0.000819328764919, 0.000648450572044, 0.000255473132711, 8.75353216543e-05, 8.04041264928e-05, 3.68352992552e-08],
        "min": [4.86702674607e-07, 4.11702421843e-06, 5.46386786482e-07, 1.42526380387e-06, 1.75827080966e-05, 8.45254453452e-06, 3.96650284529e-06, 1.54884492076e-06, 4.89403691972e-06, 2.00980707632e-06, 1.20159552353e-06, 2.36459777625e-06, 3.06993842969e-06, 1.83232600648e-06, 3.1379606753e-06, 9.8430473372e-07, 1.87314014966e-06, 2.70553005066e-06, 2.58335376202e-06, 1.46993113503e-06, 2.20367928705e-06, 1.23401787278e-06, 6.63435343995e-07, 5.77453704409e-07, 4.41730833245e-07, 1.34378780103e-07, 3.57124801953e-10],
        "stdev": [9.43250342971e-05, 0.00441299797967, 0.00467408122495, 0.00227184337564, 0.00381220597774, 0.00298614986241, 0.00456295814365, 0.00258776219562, 0.00174446357414, 0.000602478918154, 0.000748525722884, 0.000664818508085, 0.000579297367949, 0.000458770547993, 0.000494770589285, 0.000512210594025, 0.000637673889287, 0.000320814171573, 0.000501020054799, 0.00110621936619, 0.00135466421489, 0.00235295458697, 0.00220982264727, 0.000699824595358, 0.000215327454498, 0.000339658377925, 3.59326861599e-07]
    },
    "erbbands": {
        "max": [1.31088125706, 16.5560379028, 95.9297866821, 111.393386841, 89.5597305298, 212.965255737, 194.720428467, 318.832427979, 458.172729492, 844.269226074, 555.645629883, 427.654022217, 343.05581665, 256.079101562, 359.371398926, 336.903594971, 316.327484131, 346.988372803, 391.681976318, 334.245544434, 422.458312988, 687.778381348, 171.170013428, 183.18208313, 338.045043945, 704.936950684, 478.59777832, 518.520202637, 940.327819824, 909.475585938, 611.717102051, 323.350311279, 89.7119140625, 22.0614967346, 40.27576828, 47.2172775269, 7.25368022919, 0.435676753521, 0.00903114955872, 0.000590030103922],
        "mean": [0.0368255749345, 0.750170350075, 2.69364857674, 4.76344776154, 10.1671228409, 13.0683870316, 12.1349525452, 22.1556167603, 40.1238174438, 50.5139923096, 28.7854347229, 22.4502048492, 16.7221946716, 11.6872997284, 15.6157331467, 17.8325767517, 17.195941925, 14.4464387894, 14.1754217148, 14.2880811691, 16.0807495117, 19.8601169586, 15.6032915115, 11.4957838058, 19.300743103, 25.533039093, 27.783821106, 23.7142391205, 30.2143783569, 23.4743270874, 17.7924900055, 8.96379756927, 2.63911056519, 0.956997334957, 0.697678923607, 0.526074528694, 0.100168682635, 0.00427525863051, 0.00012997322483, 4.24473946623e-05],
        "min": [0.000289116840577, 0.000736682559364, 0.00356940226629, 0.0149139845744, 0.0274015329778, 0.0780925378203, 0.109770812094, 0.0531165264547, 0.0553920269012, 0.0760567262769, 0.0971043035388, 0.1054751724, 0.0984637513757, 0.0283136125654, 0.0821287110448, 0.197045937181, 0.160307973623, 0.183245077729, 0.210106596351, 0.0789388716221, 0.0550491139293, 0.10673558712, 0.164183199406, 0.0904792845249, 0.142884910107, 0.0737267658114, 0.075094178319, 0.0746793299913, 0.0450872965157, 0.0340412035584, 0.0232739504427, 0.0190025102347, 0.00625030370429, 0.00419095112011, 0.00277825794183, 0.00165208033286, 0.000137933326187, 4.89235162604e-06, 2.43281215262e-06, 3.47478680851e-06],
        "stdev": [0.0679455623031, 1.23181033134, 4.97176361084, 5.81885957718, 11.4657611847, 17.2704296112, 12.5635404587, 28.9404067993, 63.5220375061, 78.3353805542, 53.6898002625, 40.09532547, 25.6069545746, 19.3519706726, 27.2324409485, 27.7534732819, 27.3043575287, 23.0225601196, 25.3478851318, 22.6883563995, 30.4192771912, 34.940952301, 18.359079361, 18.6541309357, 31.2102832794, 51.9051322937, 55.3657646179, 59.8587112427, 84.9715652466, 80.7849349976, 60.7580833435, 26.783788681, 6.56364679337, 2.0381155014, 2.12221908569, 2.31571865082, 0.370538234711, 0.014954960905, 0.00038568515447, 4.16869697801e-05]
    },
    "gfcc": {
        "mean": [17.5475215912, 87.0876083374, -118.375793457, 43.3190116882, -78.2437896729, 8.16762447357, -43.8082580566, 3.34439730644, -25.6616916656, 5.35920286179, -18.3884372711, -0.532789230347, -14.0667982101],
        "cov": [[1408.55603027, -1076.00341797, 6.94568109512, 144.424438477, -249.576965332, 22.0921459198, -94.5727844238, 28.7896652222, -80.9574813843, 57.1329116821, -96.2675704956, 109.908851624, -100.530906677], [-1076.00341797, 1687.77758789, -65.4793777466, -126.494194031, 419.742980957, 5.71936655045, 235.993087769, -6.0834941864, 174.349121094, -66.7841110229, 142.479187012, -182.028747559, 154.115112305], [6.94568109512, -65.4793777466, 478.432525635, 56.7054214478, 116.068992615, 122.529434204, -10.4549131393, 72.5022735596, -42.3299827576, 5.56944894791, -12.6126842499, 40.6517601013, -33.4706039429], [144.424438477, -126.494194031, 56.7054214478, 416.161468506, 30.2185897827, 38.677520752, 49.6834869385, -36.4350891113, 63.8498306274, -52.8880653381, 42.8339996338, -17.6095504761, 42.7832336426], [-249.576965332, 419.742980957, 116.068992615, 30.2185897827, 313.671325684, 79.6710510254, 47.2986183167, 37.4466400146, 35.9736213684, -7.40485715866, 18.8386135101, -41.9708824158, 35.8025474548], [22.0921459198, 5.71936655045, 122.529434204, 38.677520752, 79.6710510254, 165.203384399, 57.0400848389, 32.2073936462, -3.57041835785, -9.78563308716, 23.4064044952, -10.8460969925, -20.3796405792], [-94.5727844238, 235.993087769, -10.4549131393, 49.6834869385, 47.2986183167, 57.0400848389, 202.022033691, 27.8524971008, 37.310005188, -12.0188426971, 36.8663291931, -27.0365562439, 3.29636955261], [28.7896652222, -6.0834941864, 72.5022735596, -36.4350891113, 37.4466400146, 32.2073936462, 27.8524971008, 94.0928573608, 1.03083217144, 13.9382390976, -6.24399900436, 0.607082605362, -14.100227356], [-80.9574813843, 174.349121094, -42.3299827576, 63.8498306274, 35.9736213684, -3.57041835785, 37.310005188, 1.03083217144, 120.463050842, 12.4845838547, 35.4155006409, -30.3474617004, 28.2111110687], [57.1329116821, -66.7841110229, 5.56944894791, -52.8880653381, -7.40485715866, -9.78563308716, -12.0188426971, 13.9382390976, 12.4845838547, 78.7502441406, 1.55749905109, 12.6021871567, -22.3948936462], [-96.2675704956, 142.479187012, -12.6126842499, 42.8339996338, 18.8386135101, 23.4064044952, 36.8663291931, -6.24399900436, 35.4155006409, 1.55749905109, 90.7490921021, -13.5256357193, 13.3033027649], [109.908851624, -182.028747559, 40.6517601013, -17.6095504761, -41.9708824158, -10.8460969925, -27.0365562439, 0.607082605362, -30.3474617004, 12.6021871567, -13.5256357193, 87.1353530884, -2.04403352737], [-100.530906677, 154.115112305, -33.4706039429, 42.7832336426, 35.8025474548, -20.3796405792, 3.29636955261, -14.100227356, 28.2111110687, -22.3948936462, 13.3033027649, -2.04403352737, 86.185874939]],
        "icov": [[0.0015137703158, 0.000687865132932, 0.000437208131189, -0.000652912829537, 0.0002180517331, -0.000510392768774, 2.03062472792e-06, -0.000703135272488, 8.94057448022e-05, -0.000755661341827, 0.00078638800187, -0.000490748439915, 0.000344584230334], [0.000687865132932, 0.00507010892034, -0.00154808384832, 0.00464328797534, -0.00472763273865, 0.00363279506564, -0.0046641016379, 0.00352663057856, -0.00361285288818, 0.00423302967101, -0.00466090068221, 0.00538919819519, -0.00446197995916], [0.000437208131189, -0.00154808384832, 0.00442679552361, -0.00295849726535, 0.000633245334029, -0.00343413022347, 0.00270934519358, -0.00376025028527, 0.00237477407791, -0.00216563628055, 0.00237573892809, -0.00412787590176, 0.00286742136814], [-0.000652912829537, 0.00464328797534, -0.00295849726535, 0.00888533797115, -0.0047225849703, 0.00384406978264, -0.00535702845082, 0.00607291795313, -0.00588235631585, 0.00720467139035, -0.00610293075442, 0.00602760445327, -0.00567250652239], [0.0002180517331, -0.00472763273865, 0.000633245334029, -0.0047225849703, 0.00977743137628, -0.00559384888038, 0.00441059051082, -0.00458576297387, 0.00300836795941, -0.00524028064683, 0.00544791482389, -0.00329546676949, 0.00172963517252], [-0.000510392768774, 0.00363279506564, -0.00343413022347, 0.00384406978264, -0.00559384888038, 0.0132754053921, -0.00575747387484, 0.00250728079118, -0.00208261027001, 0.0054215695709, -0.00664655212313, 0.00520133087412, -0.00100025651045], [2.03062472792e-06, -0.0046641016379, 0.00270934519358, -0.00535702845082, 0.00441059051082, -0.00575747387484, 0.0112281991169, -0.00606917450204, 0.00250862143002, -0.00345882517286, 0.00339119322598, -0.00513931084424, 0.00507278554142], [-0.000703135272488, 0.00352663057856, -0.00376025028527, 0.00607291795313, -0.00458576297387, 0.00250728079118, -0.00606917450204, 0.0180366076529, -0.00441219611093, 0.00265525537543, -0.00277791172266, 0.00490223802626, -0.00324127310887], [8.94057448022e-05, -0.00361285288818, 0.00237477407791, -0.00588235631585, 0.00300836795941, -0.00208261027001, 0.00250862143002, -0.00441219611093, 0.0160928349942, -0.00842807069421, 0.00115882290993, -0.000949882552959, 0.000187988363905], [-0.000755661341827, 0.00423302967101, -0.00216563628055, 0.00720467139035, -0.00524028064683, 0.0054215695709, -0.00345882517286, 0.00265525537543, -0.00842807069421, 0.0223774015903, -0.00677234027535, 0.00211792136542, 0.000826227595098], [0.00078638800187, -0.00466090068221, 0.00237573892809, -0.00610293075442, 0.00544791482389, -0.00664655212313, 0.00339119322598, -0.00277791172266, 0.00115882290993, -0.00677234027535, 0.0197057574987, -0.00567876501009, 0.00346952374093], [-0.000490748439915, 0.00538919819519, -0.00412787590176, 0.00602760445327, -0.00329546676949, 0.00520133087412, -0.00513931084424, 0.00490223802626, -0.000949882552959, 0.00211792136542, -0.00567876501009, 0.0222004689276, -0.00894266553223], [0.000344584230334, -0.00446197995916, 0.00286742136814, -0.00567250652239, 0.00172963517252, -0.00100025651045, 0.00507278554142, -0.00324127310887, 0.000187988363905, 0.000826227595098, 0.00346952374093, -0.00894266553223, 0.0216391887516]]
    },
    "melbands": {
        "max": [0.0131831821054, 0.0392837636173, 0.0173664893955, 0.00990338716656, 0.00517804129049, 0.00669489149004, 0.00666775461286, 0.007956312038, 0.00438894331455, 0.00283079105429, 0.00173702160828, 0.00113947573118, 0.00130445312243, 0.000972208566964, 0.00126411311794, 0.000511190330144, 0.000601547479164, 0.000709712738171, 0.000443280994659, 0.000409887696151, 0.000644780229777, 0.00100302544888, 0.000244669208769, 0.000137666080263, 0.000164725570357, 0.000210441139643, 0.000488339574076, 0.000643667590339, 0.000432180298958, 0.000386597617762, 0.000317272439133, 0.000575416372158, 0.000535060302354, 0.000538961030543, 0.000422059820266, 0.000375362753402, 0.000170731625985, 6.69663932058e-05, 3.98479132855e-05, 1.56795595103e-05],
        "mean": [0.000551980163436, 0.00129897671286, 0.000994196278043, 0.000843385001644, 0.000462934374809, 0.000510807905812, 0.000633278803434, 0.000500094960444, 0.000213612569496, 0.000134869813337, 7.97396787675e-05, 4.36398295278e-05, 5.60576772841e-05, 4.5252723794e-05, 4.57205205748e-05, 3.10906325467e-05, 2.54748611042e-05, 2.16022945096e-05, 2.01824823307e-05, 1.73005646502e-05, 1.92893494386e-05, 2.06591867027e-05, 1.75026289071e-05, 1.18027510325e-05, 8.5743931777e-06, 1.18942271001e-05, 1.67537364177e-05, 1.68697206391e-05, 1.88781359611e-05, 1.31699898702e-05, 1.38093246278e-05, 1.70166440512e-05, 1.61815678439e-05, 1.19820979307e-05, 1.05381350295e-05, 8.71372230904e-06, 4.02120986109e-06, 1.87325963452e-06, 1.16796422844e-06, 6.60459932078e-07],
        "min": [3.44202749147e-06, 2.33846526498e-06, 8.55810321809e-06, 3.15469833367e-06, 4.08590221923e-06, 1.28856515857e-06, 7.90618628344e-07, 6.94621803632e-07, 9.47911871663e-07, 5.44621343579e-07, 4.78936215131e-07, 1.00329032193e-07, 2.09672663232e-07, 4.86835347147e-07, 4.49134944347e-07, 2.64506894609e-07, 1.97934411972e-07, 3.33491669835e-07, 1.91488780388e-07, 8.16924341507e-08, 6.01404011036e-08, 1.29624623924e-07, 5.46604077556e-08, 1.14597540346e-07, 5.81360524166e-08, 1.00419462967e-07, 6.33844763342e-08, 3.35772547544e-08, 3.73705617562e-08, 5.56798944729e-08, 2.70427680249e-08, 2.39610304931e-08, 2.40503332805e-08, 1.44758454113e-08, 1.20739525045e-08, 1.19919336683e-08, 8.15788059327e-09, 3.72753294897e-09, 3.42598371894e-09, 3.10859271657e-09],
        "stdev": [0.000904508342501, 0.00215417193249, 0.0010429918766, 0.000859797874, 0.000488247227622, 0.00065925513627, 0.000934709794819, 0.000768304220401, 0.000423472956754, 0.000249055796303, 0.000129844149342, 8.00972920842e-05, 0.00010439063044, 7.30084138922e-05, 8.19470005808e-05, 4.84875527036e-05, 4.48361170129e-05, 4.25439611718e-05, 3.40971855621e-05, 3.27583220496e-05, 3.94956296077e-05, 4.28037637903e-05, 2.39522742049e-05, 1.54940116772e-05, 1.5821569832e-05, 2.07450539165e-05, 3.08666603814e-05, 3.9439277316e-05, 4.0705606807e-05, 3.21483930747e-05, 3.58439974661e-05, 4.63542419311e-05, 5.14958119311e-05, 4.49278813903e-05, 3.81236495741e-05, 2.82250111923e-05, 1.18887328426e-05, 4.85618102175e-06, 2.70411192105e-06, 1.45394528772e-06]
    },
    "melbands128": {
        "max": [0.00104339444079, 0.00741838151589, 0.0243137590587, 0.0318357348442, 0.0515277683735, 0.042014669627, 0.0251669343561, 0.010382800363, 0.0122173558921, 0.0117856934667, 0.0153613919392, 0.00740284705535, 0.00953307002783, 0.00655790185556, 0.00635604048148, 0.0134494639933, 0.0110871335492, 0.0123907784, 0.00933994725347, 0.0165715385228, 0.00755089567974, 0.0066958158277, 0.00814974401146, 0.0063784122467, 0.00465731136501, 0.00540852546692, 0.0056327865459, 0.0018512501847, 0.00256489939056, 0.00232930923812, 0.00127316301223, 0.00186764250975, 0.00254029175267, 0.0020579607226, 0.0015397714451, 0.00206191977486, 0.00139417615719, 0.00285782106221, 0.00169519498013, 0.00101202283986, 0.000641249353066, 0.00142082839739, 0.00100611895323, 0.00107771821786, 0.00112213706598, 0.00169461907353, 0.00123086094391, 0.0006899353466, 0.000828945660032, 0.00111650780309, 0.000577636761591, 0.00112438481301, 0.000991350854747, 0.00111016514711, 0.00146794330794, 0.00164631498046, 0.000736964982934, 0.000656655058265, 0.000302069442114, 0.000339737598551, 0.000184685879503, 0.000234166203882, 0.000195009692106, 0.000245732750045, 0.000409691885579, 0.000271967204753, 0.000302023254335, 0.00057891610777, 0.000979373930022, 0.00032265635673, 0.000869109120686, 0.00136964593548, 0.000597274687607, 0.000668431923259, 0.000521067122463, 0.000529031618498, 0.000678130774759, 0.000569997238927, 0.000424864294473, 0.000364221952623, 0.000646309927106, 0.000814289844129, 0.00120358413551, 0.000573858211283, 0.000627693545539, 0.000749245635234, 0.000732109707315, 0.000729458930437, 0.000681238307152, 0.000399074575398, 0.000692294852342, 0.000435735739302, 0.000326485169353, 0.000176822577487, 0.00014392923913, 9.34492491069e-05, 8.04636802059e-05, 5.20786270499e-05, 6.98625299265e-05, 3.4024775232e-05, 1.79014787136e-05, 1.89697730093e-05, 2.25198873522e-05, 3.69327062799e-05, 6.66935593472e-05, 7.12941327947e-05, 4.30403451901e-05, 5.75818994548e-05, 9.62365593296e-05, 0.000184256525245, 4.02962577937e-05, 2.15423460759e-05, 2.19444737013e-05, 1.57638096425e-05, 1.14100048449e-05, 1.17197930649e-06, 2.08910094557e-07, 5.51357040024e-08, 5.41948210753e-08, 5.29248040948e-08, 5.15016331804e-08, 5.02183183926e-08, 4.90206701897e-08, 4.82270650082e-08, 4.73957193492e-08, 4.65866811794e-08, 4.6094232431e-08, 4.58071056642e-08],
        "mean": [6.33093877696e-05, 0.000158446608111, 0.000663582701236, 0.00146510009654, 0.0014602704905, 0.00115016242489, 0.00090922776144, 0.000977286952548, 0.00109605584294, 0.000824543065391, 0.000752393447328, 0.000516569649335, 0.000345174688846, 0.00045977983973, 0.000425103469752, 0.000619760947302, 0.000637644785456, 0.000635457225144, 0.000583819753956, 0.000722907134332, 0.000315766665153, 0.00024762400426, 0.000214907762711, 0.000157605521963, 0.000165716191987, 9.58031014306e-05, 0.000137886134326, 7.77007007855e-05, 3.50730224454e-05, 3.91690191464e-05, 4.11582950619e-05, 6.08984446444e-05, 7.44314384065e-05, 3.26830304402e-05, 4.43352582806e-05, 4.79792106489e-05, 5.12050828547e-05, 3.9430353354e-05, 5.19633322256e-05, 3.87017717003e-05, 1.57463291544e-05, 3.73909642803e-05, 2.83545850834e-05, 1.90234841284e-05, 1.72551699507e-05, 2.2902557248e-05, 2.73077366728e-05, 1.71336960193e-05, 1.70915009221e-05, 2.42938203883e-05, 1.3816406863e-05, 1.47613563968e-05, 2.21752798097e-05, 1.82114090421e-05, 1.97191784537e-05, 2.2221061954e-05, 2.03255167435e-05, 1.98206234927e-05, 1.62992128026e-05, 1.28435895022e-05, 1.25164579003e-05, 1.08242338683e-05, 6.9904663178e-06, 7.87018871051e-06, 1.08188050945e-05, 1.0423799722e-05, 1.36780454341e-05, 1.66314603121e-05, 1.79354537977e-05, 1.62094947882e-05, 1.65063902386e-05, 1.68788556039e-05, 1.90459668374e-05, 2.11267870327e-05, 1.65489946085e-05, 1.20273207358e-05, 1.20237782539e-05, 1.37549513965e-05, 1.3703554032e-05, 1.4080505025e-05, 1.65917572303e-05, 1.81190644071e-05, 1.86073575605e-05, 1.6914025764e-05, 1.33680186991e-05, 1.187322232e-05, 1.19181468108e-05, 1.1218767213e-05, 1.04385535451e-05, 1.01913428807e-05, 9.43370923778e-06, 8.66966820467e-06, 6.97376754033e-06, 3.71510168407e-06, 2.45688897849e-06, 1.99372334464e-06, 1.82802500603e-06, 1.56469957346e-06, 1.268450319e-06, 9.41348787364e-07, 6.33109436876e-07, 5.95387405156e-07, 6.83026826209e-07, 8.14113093384e-07, 8.29398402402e-07, 7.84561279943e-07, 6.89472699378e-07, 8.84638950538e-07, 9.67699747889e-07, 1.27638361391e-06, 6.64014294216e-07, 3.57581825483e-07, 2.1409027795e-07, 1.26404671619e-07, 7.53254099095e-08, 7.76105046896e-09, 1.15220943897e-09, 3.72338236632e-11, 3.23978344152e-11, 3.13133512175e-11, 3.04223070346e-11, 2.9712052263e-11, 2.9123502221e-11, 2.85433239544e-11, 2.75373005648e-11, 2.61440365884e-11, 2.53653712617e-11, 2.51337457791e-11],
        "min": [2.18533344309e-07, 1.05016499674e-06, 1.10999735625e-06, 4.67284195338e-07, 5.2796650607e-07, 2.39732855789e-07, 1.27572661768e-06, 6.74728539707e-07, 7.09259325049e-07, 2.32942647926e-06, 1.3446816638e-06, 1.33053163154e-06, 3.43327656083e-07, 1.26946986256e-06, 9.66640754996e-07, 2.25630259365e-07, 6.21436356596e-07, 1.30972395596e-07, 5.33870263553e-07, 7.78772289323e-07, 4.37901775285e-07, 1.27807410877e-07, 2.73344568313e-07, 6.39161385152e-07, 2.04059617204e-07, 1.85512845974e-07, 6.79902598222e-07, 3.42346538673e-07, 1.10784313279e-07, 7.32979401619e-08, 3.72874708887e-08, 1.42995276065e-07, 1.3666119969e-07, 2.22471641109e-07, 7.0608635383e-08, 1.77175408567e-07, 4.70058125757e-08, 3.35016778763e-07, 1.72930683107e-07, 1.12347862569e-07, 9.69889271119e-08, 9.52739114268e-08, 1.47489927826e-07, 5.39025819535e-08, 9.87520962781e-08, 2.09464943168e-08, 1.35876561558e-07, 9.61995212378e-08, 2.5428722239e-08, 6.09375803151e-08, 4.12443270648e-08, 3.9127098006e-08, 1.60429181051e-08, 7.31858378344e-08, 1.00486914789e-07, 4.4147903111e-08, 7.14199615004e-08, 4.48472690096e-08, 5.24958423398e-08, 4.62171492188e-08, 4.69215279963e-08, 4.79706443457e-08, 5.23516234807e-08, 4.25668034154e-08, 3.82691140999e-08, 2.36377992735e-08, 3.8538455982e-08, 3.339379262e-08, 4.86277222933e-08, 3.57517322414e-08, 3.65162584615e-08, 2.84888166391e-08, 2.67450968039e-08, 2.87395813814e-08, 3.78853926009e-08, 1.90335889272e-08, 4.29822044623e-08, 2.9812120772e-08, 1.2826394169e-08, 1.43576466272e-08, 9.02524455171e-09, 1.15622098562e-08, 1.44600553753e-08, 2.39242208266e-08, 1.17886784778e-08, 8.25289525608e-09, 5.27757704205e-09, 1.3203474758e-08, 8.71947669623e-09, 8.57485904504e-09, 7.72996511245e-09, 3.96127886049e-09, 7.70633423741e-09, 9.71419034101e-09, 1.91931759375e-09, 1.72186664926e-09, 2.13749173916e-09, 2.2716721837e-09, 2.28955632231e-09, 3.12184056384e-09, 7.29402538369e-10, 2.70114791645e-10, 2.0317023619e-09, 2.43668529798e-09, 1.76890047054e-09, 2.10543316115e-09, 1.94279548005e-09, 1.23788101991e-09, 1.92778751296e-10, 1.83709818191e-11, 1.48906942332e-10, 1.17076123102e-11, 1.19133663438e-12, 1.66583500466e-12, 1.33686854989e-12, 8.97863272446e-13, 1.16187853609e-12, 9.90309830667e-13, 8.09236141638e-13, 1.01784303642e-12, 9.78409519202e-13, 9.34478189274e-13, 1.04278640844e-12, 1.03923629684e-12, 7.5788832675e-13, 2.73932731967e-13, 4.62498352875e-14, 1.10755180035e-15],
        "stdev": [6.7097163992e-05, 0.000399097159971, 0.00127015891485, 0.0024603838101, 0.00280683860183, 0.00220441329293, 0.00127082807012, 0.00123984576203, 0.00151380884927, 0.00105203152634, 0.00128359510563, 0.000820792338345, 0.000512555299792, 0.000658813281916, 0.000651319045573, 0.00124521786347, 0.00126311439089, 0.00151497253682, 0.00105108693242, 0.00142662040889, 0.000699773721863, 0.000649522524327, 0.000648903893307, 0.000417808012571, 0.000391309993574, 0.000324902503053, 0.000327482790453, 0.000141095995787, 0.000115436538181, 0.000116217328468, 9.55550785875e-05, 0.000149531580973, 0.000173804830411, 0.000114884103823, 0.00010372743418, 0.000101207602711, 0.000112395187898, 0.000131597160362, 0.000118214935355, 8.95528719411e-05, 4.59109578514e-05, 8.346564573e-05, 6.41301448923e-05, 5.68945688428e-05, 5.45267284906e-05, 6.76491035847e-05, 7.40078103263e-05, 4.19935058744e-05, 4.54903201899e-05, 5.17510197824e-05, 3.87168001907e-05, 5.66504131712e-05, 5.74614641664e-05, 5.49066498934e-05, 5.84210611123e-05, 6.49252469884e-05, 4.5011885959e-05, 3.98589036195e-05, 2.83102453977e-05, 2.44182829192e-05, 1.96040946321e-05, 1.82883959496e-05, 1.62617416208e-05, 1.8326614736e-05, 2.56600833382e-05, 2.24327832257e-05, 2.67979121418e-05, 3.75807212549e-05, 4.49932231277e-05, 3.51548333128e-05, 4.74830594612e-05, 6.17305777268e-05, 5.24486713402e-05, 5.16637774126e-05, 3.97095573135e-05, 3.30016300722e-05, 3.58804682037e-05, 4.13256893808e-05, 3.77656760975e-05, 3.57506978617e-05, 4.69453116239e-05, 5.30058969161e-05, 6.60292935208e-05, 5.54012513021e-05, 4.91054124723e-05, 4.78984111396e-05, 5.01168578921e-05, 4.3910171371e-05, 4.14979804191e-05, 3.90403729398e-05, 3.54750809493e-05, 2.84696016024e-05, 2.2664979042e-05, 1.13908672574e-05, 8.25900315249e-06, 5.58112651561e-06, 4.87115312353e-06, 3.96907535105e-06, 3.35622166858e-06, 2.27002306019e-06, 1.50196444793e-06, 1.41979387536e-06, 1.64538687386e-06, 2.22369590119e-06, 2.99547127725e-06, 3.06931838168e-06, 2.45027763413e-06, 3.73982061319e-06, 4.61488252768e-06, 7.23649736756e-06, 2.85885607809e-06, 1.33025775995e-06, 7.5872077332e-07, 4.77960782064e-07, 3.25906825083e-07, 4.11531253519e-08, 8.92054874413e-09, 1.20564458417e-09, 1.18202703181e-09, 1.15427789549e-09, 1.12324127777e-09, 1.09524056491e-09, 1.06910880149e-09, 1.05180064658e-09, 1.03368302806e-09, 1.0160610131e-09, 1.00533337211e-09, 9.99073379582e-10]
    },
    "mfcc": {
        "mean": [-619.920471191, 108.533859253, 10.2582244873, 29.7045574188, -9.26498031616, 5.30111694336, -10.753282547, -2.50511407852, -6.31845378876, -1.67252194881, -3.40080428123, 4.25988960266, -2.18858242035],
        "cov": [[1526.06860352, -1113.78942871, 33.348487854, 26.840385437, -182.184844971, -12.7741556168, -115.507247925, -11.1292943954, -64.9113082886, -12.6819572449, -53.2354354858, 2.49725842476, 0.821290671825], [-1113.78942871, 1593.11694336, -224.096542358, -60.084564209, 164.450454712, 13.6120500565, 149.188781738, 5.49559020996, 137.909957886, 46.5421943665, 75.2898788452, 20.8498687744, 34.2527160645], [33.348487854, -224.096542358, 356.595367432, 34.3123855591, 67.7767486572, 36.8591880798, 50.6262321472, 58.9647216797, -11.6800374985, -9.69363594055, 7.21885824203, 2.77329468727, 11.7981309891], [26.840385437, -60.084564209, 34.3123855591, 256.672485352, 44.3377456665, 59.4186248779, -3.94475769997, 31.3575229645, 26.5629711151, 21.845457077, -34.0208244324, 10.4431028366, 28.290222168], [-182.184844971, 164.450454712, 67.7767486572, 44.3377456665, 284.399627686, 43.6082763672, 45.7069778442, 13.4253025055, 32.4390296936, 25.4031047821, -4.10777950287, -7.9702167511, 13.3493318558], [-12.7741556168, 13.6120500565, 36.8591880798, 59.4186248779, 43.6082763672, 134.733688354, 46.8619537354, 38.1832008362, 9.95460891724, 22.1357784271, 16.8505001068, 4.13660240173, 10.9768857956], [-115.507247925, 149.188781738, 50.6262321472, -3.94475769997, 45.7069778442, 46.8619537354, 165.319992065, 63.2958259583, 19.861410141, 19.3909835815, 40.4444160461, -5.00709581375, 8.65750789642], [-11.1292943954, 5.49559020996, 58.9647216797, 31.3575229645, 13.4253025055, 38.1832008362, 63.2958259583, 103.807785034, 23.5563755035, 8.83436965942, 13.6579036713, -2.71235823631, 10.1791095734], [-64.9113082886, 137.909957886, -11.6800374985, 26.5629711151, 32.4390296936, 9.95460891724, 19.861410141, 23.5563755035, 96.4946899414, 22.871843338, -2.2653324604, 3.92758464813, 9.54159164429], [-12.6819572449, 46.5421943665, -9.69363594055, 21.845457077, 25.4031047821, 22.1357784271, 19.3909835815, 8.83436965942, 22.871843338, 95.5649108887, 37.2544326782, -2.76167488098, 0.989700317383], [-53.2354354858, 75.2898788452, 7.21885824203, -34.0208244324, -4.10777950287, 16.8505001068, 40.4444160461, 13.6579036713, -2.2653324604, 37.2544326782, 103.957542419, 10.9864463806, -3.06507992744], [2.49725842476, 20.8498687744, 2.77329468727, 10.4431028366, -7.9702167511, 4.13660240173, -5.00709581375, -2.71235823631, 3.92758464813, -2.76167488098, 10.9864463806, 64.8551483154, 19.7853126526], [0.821290671825, 34.2527160645, 11.7981309891, 28.290222168, 13.3493318558, 10.9768857956, 8.65750789642, 10.1791095734, 9.54159164429, 0.989700317383, -3.06507992744, 19.7853126526, 76.7989425659]],
        "icov": [[0.00151600257959, 0.00120526272804, 0.000569298805203, 0.000208349010791, 0.00026288459776, -0.000130962274852, -0.000137664814247, 2.94215669783e-06, -0.000596889702138, -0.000295931065921, 0.000124500089441, -0.000297139282338, -0.00057032861514], [0.00120526272804, 0.00198039389215, 0.00123774283566, 0.000375958683435, -0.00038707832573, 3.55640258931e-05, -0.00102267577313, 0.000366734282579, -0.00166041229386, 8.61265216372e-05, -0.000490540987812, -0.000482921284856, -0.000785898359027], [0.000569298805203, 0.00123774283566, 0.00421613827348, -2.91829996968e-06, -0.00118125986774, -3.91018838855e-05, -0.00101331120823, -0.00156453787349, -5.22646041645e-06, 0.000789216486737, -0.000576582620852, -0.000585399975535, -0.000553955207579], [0.000208349010791, 0.000375958683435, -2.91829996968e-06, 0.00537619367242, -0.000379339442588, -0.0020509979222, 0.000831969664432, -0.00121363031212, -0.000813688733615, -0.00160686019808, 0.00236624199897, -0.000929964939132, -0.00126789580099], [0.00026288459776, -0.00038707832573, -0.00118125986774, -0.000379339442588, 0.00465632695705, -0.000975956674665, -0.000556088692974, 0.00107927597128, -0.000650986796245, -0.00103828497231, 0.00105577381328, 0.000777530134656, -0.000323121377733], [-0.000130962274852, 3.55640258931e-05, -3.91018838855e-05, -0.0020509979222, -0.000975956674665, 0.0100101074204, -0.00175945542287, -0.0018070488004, 0.000722912605852, -0.000852794561069, -0.00112694269046, -0.000512757222168, -6.78878132021e-05], [-0.000137664814247, -0.00102267577313, -0.00101331120823, 0.000831969664432, -0.000556088692974, -0.00175945542287, 0.0102990046144, -0.00492926407605, 0.000420173280872, -9.79901378741e-05, -0.00218796660192, 0.00131817627698, -0.000330594921252], [2.94215669783e-06, 0.000366734282579, -0.00156453787349, -0.00121363031212, 0.00107927597128, -0.0018070488004, -0.00492926407605, 0.0153458165005, -0.00348298694007, 0.000871060765348, -0.000865670153871, 0.00130199617706, -0.000832272111438], [-0.000596889702138, -0.00166041229386, -5.22646041645e-06, -0.000813688733615, -0.000650986796245, 0.000722912605852, 0.000420173280872, -0.00348298694007, 0.0143152978271, -0.00321483938023, 0.00235192431137, -0.000978043070063, 8.02958384156e-05], [-0.000295931065921, 8.61265216372e-05, 0.000789216486737, -0.00160686019808, -0.00103828497231, -0.000852794561069, -9.79901378741e-05, 0.000871060765348, -0.00321483938023, 0.0145075609908, -0.00625307671726, 0.00201232917607, 7.78539179009e-05], [0.000124500089441, -0.000490540987812, -0.000576582620852, 0.00236624199897, 0.00105577381328, -0.00112694269046, -0.00218796660192, -0.000865670153871, 0.00235192431137, -0.00625307671726, 0.0147265922278, -0.00342511897907, 0.0010318440618], [-0.000297139282338, -0.000482921284856, -0.000585399975535, -0.000929964939132, 0.000777530134656, -0.000512757222168, 0.00131817627698, 0.00130199617706, -0.000978043070063, 0.00201232917607, -0.00342511897907, 0.0181253682822, -0.0044426289387], [-0.00057032861514, -0.000785898359027, -0.000553955207579, -0.00126789580099, -0.000323121377733, -6.78878132021e-05, -0.000330594921252, -0.000832272111438, 8.02958384156e-05, 7.78539179009e-05, 0.0010318440618, -0.0044426289387, 0.015317959711]]
    },
    "spectral_contrast_coeffs": {
        "max": [-0.413915455341, -0.452430039644, -0.587390959263, -0.615765094757, -0.616559743881, -0.556077182293],
        "mean": [-0.675973832607, -0.714957892895, -0.762193262577, -0.785063683987, -0.784267306328, -0.72754740715],
        "min": [-0.85216319561, -0.921327829361, -0.921903252602, -0.898382008076, -0.871017217636, -0.840294122696],
        "stdev": [0.0709943175316, 0.0725633576512, 0.0541732832789, 0.0430967733264, 0.0411998145282, 0.051351852715]
    },
    "spectral_contrast_valleys": {
        "max": [-4.88831853867, -5.04347085953, -5.85340738297, -5.90565824509, -5.63427591324, -7.626557827],
        "mean": [-6.63896417618, -6.48672103882, -7.44373703003, -7.67573165894, -7.33310747147, -9.94256687164],
        "min": [-8.71548175812, -8.35664844513, -8.95715713501, -9.20788860321, -9.12861061096, -12.0152025223],
        "stdev": [0.668692409992, 0.426365435123, 0.410997152328, 0.389962941408, 0.549860298634, 0.818756759167]
    }
},
"rhythm": {
    "beats_count": 122,
    "beats_loudness": {
        "max": 0.0938142463565,
        "mean": 0.0301589872688,
        "min": 0.00471594091505,
        "stdev": 0.0136413043365
    },
    "bpm": 155.661743164,
    "bpm_histogram_first_peak_bpm": 157,
    "bpm_histogram_first_peak_weight": 0.204819262028,
    "bpm_histogram_second_peak_bpm": 152,
    "bpm_histogram_second_peak_spread": 0.291666686535,
    "bpm_histogram_second_peak_weight": 0.140495866537,
    "danceability": 1.30506527424,
    "onset_rate": 3.6708984375,
    "beats_loudness_band_ratio": {
        "max": [0.905356824398, 0.782596945763, 0.830783903599, 0.413467645645, 0.275930732489, 0.881809413433],
        "mean": [0.292076677084, 0.225986838341, 0.240110337734, 0.0696729198098, 0.0597590878606, 0.172653704882],
        "min": [0.00692589161918, 0.00619712145999, 0.00679301982746, 0.00391125725582, 0.00320350681432, 0.00177401374094],
        "stdev": [0.232501894236, 0.15684877336, 0.189342841506, 0.0631295219064, 0.0539324581623, 0.241301178932]
    },
