{
"metadata": {
    "version": {
        "essentia": "2.1-beta5",
        "essentia_git_sha": "Undefined",
        "extractor": "music 2.0"
    },
    "audio_properties": {
        "analysis": {
            "equal_loudness": 0,
            "length": 28.5721549988,
            "sample_rate": 44100,
            "start_time": 158.987030029,
            "downmix": "mix"
        },
        "bit_rate": 192000,
        "length": 187.58241272,
        "lossless": 0,
        "number_channels": 2,
        "replay_gain": -7.56739807129,
        "sample_rate": 48000,
        "codec": "mp3",
        "md5_encoded": "6454cc565dad45dfae865a487cd607e6"
    },
    "tags": {
        "file_name": "Denmark_Under Stjernerne På Himlen_Tommy Seebach Band.mp3",
        "encoding": ["Lavf58.29.100"]
    }
},
"lowlevel": {
    "average_loudness": 0.65599155426,
    "barkbands_crest": {
        "max": 17.6793498993,
        "mean": 6.68572378159,
        "min": 2.8124063015,
        "stdev": 2.19871068001
    },
    "barkbands_flatness_db": {
        "max": 0.225591406226,
        "mean": 0.104893065989,
        "min": 0.0262477528304,
        "stdev": 0.028372740373
    },
    "barkbands_kurtosis": {
        "max": 10.7385530472,
        "mean": 1.39331960678,
        "min": -1.67671096325,
        "stdev": 1.69669032097
    },
    "barkbands_skewness": {
        "max": 2.93582296371,
        "mean": -0.10412504524,
        "min": -2.18622589111,
        "stdev": 1.27002942562
    },
    "barkbands_spread": {
        "max": 98.4208602905,
        "mean": 23.6853523254,
        "min": 5.76338529587,
        "stdev": 8.59141159058
    },
    "dissonance": {
        "max": 0.5,
        "mean": 0.480313926935,
        "min": 0.324364095926,
        "stdev": 0.0207774080336
    },
    "dynamic_complexity": 3.63431668282,
    "erbbands_crest": {
        "max": 23.827413559,
        "mean": 6.4340262413,
        "min": 2.43023347855,
        "stdev": 3.23168635368
    },
    "erbbands_flatness_db": {
        "max": 0.326818645,
        "mean": 0.151564598083,
        "min": 0.0686188712716,
        "stdev": 0.0498576462269
    },
    "erbbands_kurtosis": {
        "max": 8.2095079422,
        "mean": 0.262284427881,
        "min": -1.59855258465,
        "stdev": 0.803714990616
    },
    "erbbands_skewness": {
        "max": 2.33395576477,
        "mean": -0.00901537016034,
        "min": -1.08745777607,
        "stdev": 0.531892836094
    },
    "erbbands_spread": {
        "max": 91.5857543945,
        "mean": 31.1840877533,
        "min": 8.00957202911,
        "stdev": 11.5709142685
    },
    "hfc": {
        "max": 87.8255386353,
        "mean": 22.4758167267,
        "min": 1.02353383469e-16,
        "stdev": 21.1821289062
    },
    "loudness_ebu128": {
        "integrated": -14.0771865845,
        "loudness_range": 4.82468795776,
        "momentary": {
            "max": -12.2665481567,
            "mean": -102.933731079,
            "min": -300.691009521,
            "stdev": 130.84828186
        },
        "short_term": {
            "max": -13.0142936707,
            "mean": -83.7228012085,
            "min": -300.691009521,
            "stdev": 120.172210693
        }
    },
    "melbands_crest": {
        "max": 26.8933906555,
        "mean": 7.20897245407,
        "min": 1.59926784039,
        "stdev": 4.5277633667
    },
    "melbands_flatness_db": {
        "max": 0.27573543787,
        "mean": 0.0960878506303,
        "min": 0.00239828065969,
        "stdev": 0.0681743621826
    },
    "melbands_kurtosis": {
        "max": 32.6388626099,
        "mean": 1.96561515331,
        "min": -1.42566847801,
        "stdev": 3.77882385254
    },
    "melbands_skewness": {
        "max": 5.02926206589,
        "mean": 0.927656173706,
        "min": -0.383702337742,
        "stdev": 0.956712186337
    },
    "melbands_spread": {
        "max": 168.93572998,
        "mean": 61.8432044983,
        "min": 6.51917171478,
        "stdev": 49.1835174561
    },
    "pitch_salience": {
        "max": 0.921565115452,
        "mean": 0.681506097317,
        "min": 0.294497311115,
        "stdev": 0.119326859713
    },
    "silence_rate_20dB": {
        "max": 1,
        "mean": 1,
        "min": 1,
        "stdev": 0
    },
    "silence_rate_30dB": {
        "max": 1,
        "mean": 1,
        "min": 1,
        "stdev": 0
    },
    "silence_rate_60dB": {
        "max": 1,
        "mean": 0.368506491184,
        "min": 0,
        "stdev": 0.482399433851
    },
    "spectral_centroid": {
        "max": 11947.1279297,
        "mean": 4592.2265625,
        "min": 566.851806641,
        "stdev": 4357.80175781
    },
    "spectral_complexity": {
        "max": 52,
        "mean": 18.6672077179,
        "min": 0,
        "stdev": 15.3624277115
    },
    "spectral_decrease": {
        "max": 1.9600177007e-28,
        "mean": -5.5190221282e-09,
        "min": -2.87586257031e-08,
        "stdev": 5.33419575177e-09
    },
    "spectral_energy": {
        "max": 0.111793041229,
        "mean": 0.0228687096387,
        "min": 9.83781008249e-21,
        "stdev": 0.0216843094677
    },
    "spectral_energyband_high": {
        "max": 0.00920492317528,
        "mean": 0.00083071552217,
        "min": 6.87015827108e-21,
        "stdev": 0.00116357998922
    },
    "spectral_energyband_low": {
        "max": 0.0781244039536,
        "mean": 0.00526306359097,
        "min": 8.10669201604e-24,
        "stdev": 0.00831853691489
    },
    "spectral_energyband_middle_high": {
        "max": 0.0460238829255,
        "mean": 0.00843201950192,
        "min": 1.1232104996e-21,
        "stdev": 0.00873643439263
    },
    "spectral_energyband_middle_low": {
        "max": 0.062198009342,
        "mean": 0.00895106140524,
        "min": 1.23694639494e-22,
        "stdev": 0.0110594583675
    },
    "spectral_entropy": {
        "max": 9.82620048523,
        "mean": 8.42751693726,
        "min": 7.10076713562,
        "stdev": 0.946047902107
    },
    "spectral_flux": {
        "max": 0.221391990781,
        "mean": 0.0657990127802,
        "min": 6.20615087099e-11,
        "stdev": 0.053907468915
    },
    "spectral_kurtosis": {
        "max": 11.8188552856,
        "mean": 1.9782845974,
        "min": -1.27676463127,
        "stdev": 2.51200389862
    },
    "spectral_rms": {
        "max": 0.010443485342,
        "mean": 0.00368278590031,
        "min": 3.09804178839e-12,
        "stdev": 0.00295770610683
    },
    "spectral_rolloff": {
        "max": 19681.3476562,
        "mean": 7215.35205078,
        "min": 301.46484375,
        "stdev": 7862.42675781
    },
    "spectral_skewness": {
        "max": 2.42146587372,
        "mean": 0.972957730293,
        "min": -0.105777002871,
        "stdev": 0.687353014946
    },
    "spectral_spread": {
        "max": 43095352,
        "mean": 15556204,
        "min": 2152858,
        "stdev": 16922494
    },
    "spectral_strongpeak": {
        "max": 10.4011230469,
        "mean": 0.76218855381,
        "min": 0,
        "stdev": 1.14769005775
    },
    "zerocrossingrate": {
        "max": 0.720703125,
        "mean": 0.209382295609,
        "min": 0.015625,
        "stdev": 0.200183078647
    },
    "barkbands": {
        "max": [0.00319737126119, 0.0645513013005, 0.0233492702246, 0.0135843325406, 0.0481439530849, 0.0356279946864, 0.0276899933815, 0.0344233587384, 0.0218798704445, 0.024171192199, 0.0126537447795, 0.0251004174352, 0.0155419977382, 0.0321946851909, 0.00795917864889, 0.0118553079665, 0.00724649475887, 0.00393013935536, 0.0024198924657, 0.00321573577821, 0.0021449434571, 0.00312011805363, 0.00416416767985, 0.00188741786405, 0.000583243847359, 0.00021895331156, 5.61333706628e-07],
        "mean": [0.0001902050426, 0.0033885538578, 0.00116348674055, 0.00104876502883, 0.00274165044539, 0.00144550844561, 0.0012305037817, 0.000955710245762, 0.00139246077742, 0.00125910516363, 0.000750527251512, 0.00118281145114, 0.00129410868976, 0.00106282753404, 0.000794782768935, 0.000807765871286, 0.00059094716562, 0.000346157146851, 0.00026442919625, 0.000236494684941, 0.000210800295463, 0.000205406235182, 0.000165355784702, 9.93302601273e-05, 3.393310908e-05, 7.07819890522e-06, 2.59199239849e-09],
        "min": [1.23047436117e-25, 1.38075852659e-24, 2.88067745114e-25, 3.75027876305e-25, 5.95826562827e-24, 6.00223910171e-24, 3.49813229229e-24, 3.62570253915e-24, 7.1525521294e-24, 1.10479559569e-23, 7.64031350457e-24, 1.23494281446e-23, 1.39742212853e-23, 2.08854442977e-23, 2.49187228676e-23, 3.71729970321e-23, 6.11280742391e-23, 5.30394794811e-23, 1.17367684734e-22, 1.32794585487e-22, 1.93931065828e-22, 2.63612777795e-22, 3.50179445283e-22, 5.48092479012e-22, 8.39581001112e-22, 1.26896362114e-21, 1.86384431134e-21],
        "stdev": [0.000399233598728, 0.00616008136421, 0.00214136042632, 0.00189928675536, 0.00528169050813, 0.00315298838541, 0.00224978663027, 0.00193592475262, 0.00205362099223, 0.00197300477885, 0.0014219682198, 0.00200854614377, 0.0020213148091, 0.00173707958311, 0.00124804070219, 0.00129126477987, 0.000923277984839, 0.000466215802589, 0.00032351075788, 0.000319313752698, 0.000274785008514, 0.000306326808641, 0.000321448460454, 0.00018221528444, 5.95810051891e-05, 1.37288861879e-05, 2.17779163592e-08]
    },
    "erbbands": {
        "max": [1.66404342651, 15.5740613937, 20.8170833588, 55.711315155, 134.524871826, 179.264022827, 217.579833984, 444.505187988, 423.570526123, 294.149291992, 932.78692627, 657.886352539, 498.004699707, 400.510284424, 570.632263184, 1228.64404297, 835.672180176, 1839.70092773, 650.503723145, 680.884399414, 653.547790527, 437.744873047, 208.607696533, 123.220169067, 101.299888611, 194.256835938, 92.3811569214, 100.764305115, 155.081954956, 120.643218994, 111.261329651, 61.6668891907, 22.4422569275, 6.87500953674, 3.76995563507, 1.40731346607, 0.291984826326, 0.0186085700989, 0.000440700008767, 0.000143011988257],
        "mean": [0.100300878286, 0.734086692333, 1.41878938675, 2.67779994011, 6.5119638443, 8.28114414215, 12.5984773636, 11.6500997543, 16.1834983826, 18.5127658844, 23.6356620789, 34.3003616333, 29.8400554657, 38.1401176453, 39.4773826599, 47.7928695679, 62.700138092, 49.8838157654, 49.7135009766, 42.0024337769, 44.0290870667, 33.1372871399, 21.9304008484, 14.7844963074, 12.0837993622, 12.1753349304, 9.16532325745, 7.9181804657, 7.33025407791, 6.06493234634, 4.45064640045, 2.56639647484, 1.38668513298, 0.458047986031, 0.219066426158, 0.0638846084476, 0.00635478971526, 0.000184845528565, 2.3457196221e-05, 2.96380167129e-05],
        "min": [4.47374789156e-23, 3.57145554081e-22, 5.72696003038e-22, 3.25412388497e-21, 9.61627673572e-21, 2.00532927381e-20, 3.05484230253e-20, 3.94620308333e-20, 9.67735529979e-20, 1.80321819245e-19, 2.00691012582e-19, 2.5056846548e-19, 3.50790263033e-19, 4.53099657657e-19, 6.01525327858e-19, 7.80595816707e-19, 1.14677859262e-18, 1.38504765787e-18, 1.52788127694e-18, 2.24292980264e-18, 2.98747072931e-18, 4.6022298554e-18, 3.47485216367e-18, 5.56023818082e-18, 5.89832881746e-18, 6.89294029857e-18, 9.02896920795e-18, 8.76568175488e-18, 8.68865056034e-18, 9.49990877328e-18, 9.30488357308e-18, 1.03576462648e-17, 8.11634662839e-18, 6.81831826756e-18, 6.00868794606e-18, 3.69883943866e-18, 2.10528715551e-18, 8.76751788905e-19, 2.38468906919e-19, 2.4586429903e-20],
        "stdev": [0.179519698024, 1.41634142399, 2.46502971649, 4.60899925232, 14.9116106033, 15.6406402588, 24.7638587952, 29.6485500336, 31.4808959961, 32.7808189392, 48.1809806824, 54.2002182007, 42.6551589966, 52.2250022888, 62.9854125977, 78.9580612183, 98.6276245117, 83.9042739868, 71.4293899536, 71.8458786011, 72.7875289917, 51.7275733948, 28.1875190735, 18.4153366089, 14.2251939774, 17.5395870209, 11.803155899, 10.5652151108, 11.5017814636, 10.070315361, 9.05649757385, 5.08730316162, 2.47377300262, 0.81539285183, 0.392074197531, 0.116582214832, 0.0151266036555, 0.000668130815029, 2.88497158181e-05, 2.77440922218e-05]
    },
    "gfcc": {
        "mean": [-383.905029297, 58.5891532898, -110.005706787, 22.5722808838, -50.0832061768, 18.0706596375, -28.2803649902, 4.62694692612, -13.8411073685, 0.0536977835, -8.73786067963, -2.27414751053, -4.11276531219],
        "cov": [[363706.25, 24794.3710938, -43699.0039062, 9662.2890625, -20271.9042969, 7581.80419922, -11339.390625, 1999.11047363, -5678.73144531, 139.398925781, -3578.09472656, -882.930053711, -1599.39147949], [24794.3710938, 2549.94921875, -2270.32739258, 940.772033691, -1232.8269043, 508.093109131, -608.483825684, 144.907653809, -319.18157959, 31.0706615448, -177.283355713, -84.9338226318, -86.9533843994], [-43699.0039062, -2270.32739258, 6521.56005859, -783.711975098, 2595.9465332, -852.369018555, 1549.22851562, -183.502258301, 701.337463379, 72.7978820801, 455.424346924, 129.51121521, 196.847610474], [9662.2890625, 940.772033691, -783.711975098, 453.988220215, -470.373535156, 226.560287476, -237.207809448, 69.0580368042, -132.761444092, 11.6965274811, -80.855430603, -39.5402412415, -42.6406555176], [-20271.9042969, -1232.8269043, 2595.9465332, -470.373535156, 1247.0970459, -392.737060547, 695.448852539, -78.677406311, 332.087463379, 2.49985527992, 209.606216431, 56.9764022827, 95.6749801636], [7581.80419922, 508.093109131, -852.369018555, 226.560287476, -392.737060547, 212.624099731, -207.747390747, 62.4716186523, -117.50491333, 3.02045583725, -76.6567687988, -16.4954833984, -34.1164360046], [-11339.390625, -608.483825684, 1549.22851562, -237.207809448, 695.448852539, -207.747390747, 444.300964355, -27.3208637238, 197.427658081, 4.03955841064, 123.731414795, 29.7431964874, 54.8405265808], [1999.11047363, 144.907653809, -183.502258301, 69.0580368042, -78.677406311, 62.4716186523, -27.3208637238, 67.7695465088, -13.5940580368, 7.7417383194, -25.1723155975, 3.77002620697, -4.69497394562], [-5678.73144531, -319.18157959, 701.337463379, -132.761444092, 332.087463379, -117.50491333, 197.427658081, -13.5940580368, 136.256484985, 9.78650283813, 64.330078125, 9.38013267517, 33.2126579285], [139.398925781, 31.0706615448, 72.7978820801, 11.6965274811, 2.49985527992, 3.02045583725, 4.03955841064, 7.7417383194, 9.78650283813, 50.7319259644, 8.14921283722, 11.8577890396, -0.462448745966], [-3578.09472656, -177.283355713, 455.424346924, -80.855430603, 209.606216431, -76.6567687988, 123.731414795, -25.1723155975, 64.330078125, 8.14921283722, 76.994392395, 18.3878707886, 22.6646118164], [-882.930053711, -84.9338226318, 129.51121521, -39.5402412415, 56.9764022827, -16.4954833984, 29.7431964874, 3.77002620697, 9.38013267517, 11.8577890396, 18.3878707886, 46.6767616272, 18.0275783539], [-1599.39147949, -86.9533843994, 196.847610474, -42.6406555176, 95.6749801636, -34.1164360046, 54.8405265808, -4.69497394562, 33.2126579285, -0.462448745966, 22.6646118164, 18.0275783539, 46.0590400696]],
        "icov": [[0.000457842368633, -0.00132862525061, 0.00104984350037, -0.00104005797766, 0.00157376087736, -0.00198150007054, 0.0010090013966, -0.0015181384515, 0.00189737032633, -0.00180685147643, 0.00136446871329, -0.00126216083299, 0.000283896923065], [-0.00132862525061, 0.00614447565749, -0.00258159637451, -0.00134046259336, -0.00314055639319, 0.00670682359487, -0.00513884425163, 0.00475561246276, -0.00541784055531, 0.00428516650572, -0.00502497050911, 0.00381403462961, -0.00171958107967], [0.00104984350037, -0.00258159637451, 0.00426304480061, -0.00507683586329, 0.00209088716656, -0.002031104872, -0.00176207756158, -0.00152640067972, 0.00493003660813, -0.00648993812501, 0.00430300505832, -0.00430040899664, 0.000702765071765], [-0.00104005797766, -0.00134046259336, -0.00507683586329, 0.0178956277668, -0.00338278408162, -0.00375319621526, 0.00457858806476, -0.000503521121573, -0.0036490901839, 0.00650110049173, -0.00415916927159, 0.00775180244818, 7.15318165021e-05], [0.00157376087736, -0.00314055639319, 0.00209088716656, -0.00338278408162, 0.0172860454768, -0.00580496201292, -0.00523070758209, -0.00491902604699, 0.00348157761618, -0.00390286254697, 0.00252365157939, -0.00484282942489, 0.000275527505437], [-0.00198150007054, 0.00670682359487, -0.002031104872, -0.00375319621526, -0.00580496201292, 0.0321938842535, -0.0108910109848, -0.000665629981086, -0.00112013553735, 0.00441567366943, -0.00352265057154, 0.003478246741, -0.000911443377845], [0.0010090013966, -0.00513884425163, -0.00176207756158, 0.00457858806476, -0.00523070758209, -0.0108910109848, 0.0332257859409, -0.0128221455961, -0.00133064424153, 0.0025928420946, -0.00380787858739, 0.00150727853179, 0.00130558363162], [-0.0015181384515, 0.00475561246276, -0.00152640067972, -0.000503521121573, -0.00491902604699, -0.000665629981086, -0.0128221455961, 0.035130571574, -0.0142169781029, 0.00248694908805, 0.00664100889117, -0.00557505944744, 8.1818921899e-05], [0.00189737032633, -0.00541784055531, 0.00493003660813, -0.0036490901839, 0.00348157761618, -0.00112013553735, -0.00133064424153, -0.0142169781029, 0.038113579154, -0.0145532097667, -6.22993538855e-05, 0.00511468574405, -0.00631784740835], [-0.00180685147643, 0.00428516650572, -0.00648993812501, 0.00650110049173, -0.00390286254697, 0.00441567366943, 0.0025928420946, 0.00248694908805, -0.0145532097667, 0.0339950881898, -0.00932548753917, -0.00190717144869, 0.00381761067547], [0.00136446871329, -0.00502497050911, 0.00430300505832, -0.00415916927159, 0.00252365157939, -0.00352265057154, -0.00380787858739, 0.00664100889117, -6.22993538855e-05, -0.00932548753917, 0.0371972844005, -0.0134785883129, -6.40236976324e-05], [-0.00126216083299, 0.00381403462961, -0.00430040899664, 0.00775180244818, -0.00484282942489, 0.003478246741, 0.00150727853179, -0.00557505944744, 0.00511468574405, -0.00190717144869, -0.0134785883129, 0.0395409949124, -0.0133503917605], [0.000283896923065, -0.00171958107967, 0.000702765071765, 7.15318165021e-05, 0.000275527505437, -0.000911443377845, 0.00130558363162, 8.1818921899e-05, -0.00631784740835, 0.00381761067547, -6.40236976324e-05, -0.0133503917605, 0.0324432440102]]
    },
    "melbands": {
        "max": [0.016306148842, 0.0132459774613, 0.00746694300324, 0.0116129303351, 0.00657482817769, 0.0086325481534, 0.00637989025563, 0.0027539273724, 0.00684239389375, 0.00374163291417, 0.00287581165321, 0.0020995924715, 0.00199785153382, 0.00280154147185, 0.00252808211371, 0.00145561539102, 0.00338327861391, 0.00131625391077, 0.000691882683896, 0.00111447100062, 0.000851437216625, 0.000401342054829, 0.00031958555337, 0.00014673685655, 0.000114199567179, 0.000108820953756, 9.78719181148e-05, 0.000145541634993, 7.35762660042e-05, 4.37216585851e-05, 6.47036067676e-05, 9.51577021624e-05, 6.53401366435e-05, 6.40578728053e-05, 6.83801190462e-05, 6.35824835626e-05, 3.0112973036e-05, 2.01681195904e-05, 1.04084383565e-05, 5.98768383497e-06],
        "mean": [0.000927430286538, 0.000829398923088, 0.000563915120438, 0.000563458830584, 0.000424156314693, 0.000259410153376, 0.000250457058428, 0.000204708470847, 0.00020314307767, 0.000204581985599, 0.000152794571477, 0.000164735640283, 0.000124002661323, 0.000138232731842, 0.000139892639709, 0.000116326278658, 8.86997513589e-05, 8.38660416775e-05, 5.65246991755e-05, 5.16545369464e-05, 5.12710248586e-05, 3.24720494973e-05, 2.96360212815e-05, 1.48086755871e-05, 1.15132525025e-05, 1.03166685221e-05, 7.79875426815e-06, 7.73257488618e-06, 5.94328548686e-06, 4.60146520709e-06, 4.61364061266e-06, 4.25634743806e-06, 3.7361419345e-06, 3.25701944348e-06, 2.62971070697e-06, 2.07726770896e-06, 1.36850133003e-06, 1.06107052034e-06, 6.13594465904e-07, 3.1495213193e-07],
        "min": [5.95520563682e-25, 7.98871648716e-25, 9.31650645523e-25, 1.20802125974e-24, 1.03789758768e-24, 1.01378763184e-24, 1.28448949159e-24, 1.66465704321e-24, 1.49305977898e-24, 1.34594382687e-24, 1.54975886072e-24, 1.71132546272e-24, 1.47365271603e-24, 1.34123925764e-24, 1.63401650236e-24, 3.18705406622e-24, 2.10287400923e-24, 2.04896562155e-24, 2.28465734129e-24, 1.92014641066e-24, 3.46380303785e-24, 3.49906393702e-24, 3.32824439103e-24, 1.94630523549e-24, 3.74606890822e-24, 3.39179108125e-24, 4.21427599927e-24, 4.05896900855e-24, 4.40974626525e-24, 5.04792566567e-24, 4.17120577157e-24, 3.60897868796e-24, 4.46163516901e-24, 4.2630792736e-24, 4.59794915014e-24, 5.72751829147e-24, 5.04805227785e-24, 4.91013927566e-24, 4.90344776304e-24, 5.73967463802e-24],
        "stdev": [0.00167131691705, 0.00141315988731, 0.000944031751715, 0.00118945946451, 0.000779471418355, 0.000616770412307, 0.000476960354717, 0.00034478129237, 0.000393199792597, 0.000316283549182, 0.000232230944675, 0.00023574095394, 0.000219767534873, 0.000253353791777, 0.000243976188358, 0.000170489263837, 0.000156116235303, 0.000130167798488, 9.22564868233e-05, 9.13254116313e-05, 9.13936164579e-05, 5.53132922505e-05, 4.58297508885e-05, 2.10943180718e-05, 1.5305389752e-05, 1.29646505229e-05, 1.03089923869e-05, 1.17340705401e-05, 8.27212807053e-06, 6.21919934929e-06, 6.40586813461e-06, 6.84485121383e-06, 6.16071110926e-06, 5.59912996323e-06, 5.36528750672e-06, 4.71008706882e-06, 2.62182561528e-06, 1.93160371964e-06, 1.12910799999e-06, 5.71001692151e-07]
    },
    "melbands128": {
        "max": [0.00273052742705, 0.0134974298999, 0.0264540556818, 0.026232983917, 0.012431290932, 0.0147090079263, 0.0141722485423, 0.00810783170164, 0.0163540374488, 0.0163805037737, 0.0100255263969, 0.0078076091595, 0.0106282792985, 0.0112380636856, 0.0132711566985, 0.010983758606, 0.00423456449062, 0.0119570093229, 0.00423826882616, 0.00555194914341, 0.00408652750775, 0.0104038054124, 0.0114966230467, 0.00429460592568, 0.0080644628033, 0.00244857184589, 0.00237921345979, 0.00147403369192, 0.0083912499249, 0.00369936018251, 0.00166073511355, 0.0023261338938, 0.00333152944222, 0.00206651818007, 0.0042659630999, 0.00460104551166, 0.00532638607547, 0.00437508011237, 0.00348111940548, 0.00253760814667, 0.00116193899885, 0.00399946281686, 0.00729011744261, 0.00143105036113, 0.0025003165938, 0.00258169230074, 0.00136256264523, 0.000787690398283, 0.00176904420368, 0.00216546515003, 0.00139395473525, 0.000731056963559, 0.00200297590345, 0.00100064091384, 0.000539241766091, 0.000522284884937, 0.00131338695064, 0.000636699434835, 0.000390472094296, 0.000211014732486, 0.000263446796453, 0.000217048320337, 0.000276816484984, 0.000211371545447, 0.000382023456041, 0.000180102477316, 0.000194417822058, 7.99479457783e-05, 0.000165208752151, 0.000184204938705, 0.000285589310806, 0.000120575467008, 6.64887775201e-05, 0.000163212273037, 5.43996138731e-05, 6.76647250657e-05, 5.11944672326e-05, 7.73549909354e-05, 8.18041953607e-05, 6.44242245471e-05, 7.26133075659e-05, 0.000220680405619, 6.39475256321e-05, 7.37585796742e-05, 8.78174396348e-05, 7.50631734263e-05, 7.95330633991e-05, 6.68366410537e-05, 7.99287518021e-05, 0.000103576334368, 8.31842262414e-05, 6.83593389113e-05, 5.36512707185e-05, 2.74475332844e-05, 4.63966352982e-05, 3.1261210097e-05, 1.63079876074e-05, 1.4854791516e-05, 1.61173884408e-05, 8.62718206918e-06, 4.92792742079e-06, 8.46040256874e-06, 5.99939266976e-06, 5.95237861489e-06, 4.65758375867e-06, 3.16600585393e-06, 7.24418168829e-06, 4.08064443036e-06, 3.13380201078e-06, 3.75857780455e-06, 1.4247090121e-06, 1.58720513355e-06, 7.44582280277e-07, 9.82304186437e-07, 2.75584994824e-07, 6.98897224538e-08, 1.99327967465e-08, 2.61005750346e-09, 2.53846899056e-09, 2.46712428265e-09, 2.42576403409e-09, 2.37191510877e-09, 2.34248953568e-09, 2.30875341067e-09, 2.28148722137e-09, 2.25347540628e-09, 2.2348984885e-09, 2.22497575919e-09],
        "mean": [0.000177591573447, 0.000768745259847, 0.00125645822845, 0.00121619564015, 0.000804136740044, 0.000552427722141, 0.000527401920408, 0.000519150926266, 0.000688553380314, 0.000667692162097, 0.000379099074053, 0.000449950661277, 0.000492130289786, 0.000312694755848, 0.000274355261354, 0.00021418275719, 0.000206753393286, 0.000309499970172, 0.000223738563363, 0.000201968476176, 0.000191207262105, 0.000223464536248, 0.00016532347945, 0.00022272010392, 0.00029624538729, 0.000150756881339, 0.000121547913295, 9.71918052528e-05, 0.000254699902143, 0.000216254702536, 0.000107564395876, 0.000103079946712, 0.000157604386914, 8.17299223854e-05, 0.000183669530088, 0.000139667550684, 9.45069696172e-05, 0.000123250298202, 0.000193595435121, 0.000146890743054, 7.09973537596e-05, 0.000117194678751, 9.31277390919e-05, 6.28986526863e-05, 0.000104227176053, 8.35946120787e-05, 7.35552239348e-05, 4.50299194199e-05, 5.3138966905e-05, 6.99710799381e-05, 4.29125029768e-05, 3.88788139389e-05, 7.48707752791e-05, 4.33097666246e-05, 3.08009803121e-05, 2.97582046187e-05, 3.3598014852e-05, 4.31029620813e-05, 2.27901582548e-05, 1.43514007505e-05, 1.60997788043e-05, 1.41337441164e-05, 9.75624698185e-06, 9.62010653893e-06, 1.66074551089e-05, 9.456673979e-06, 8.2908100012e-06, 6.85906206854e-06, 6.47410251986e-06, 1.06359093479e-05, 9.06633977138e-06, 5.80881396672e-06, 5.04261515744e-06, 7.25238123778e-06, 5.01076920045e-06, 4.49739172836e-06, 4.34054436482e-06, 4.57962232758e-06, 4.62999514639e-06, 4.76550530948e-06, 4.47607089882e-06, 3.926727004e-06, 3.86191641155e-06, 3.96823725168e-06, 3.37178721566e-06, 3.21178117701e-06, 3.50987579623e-06, 2.82554242403e-06, 2.3987113309e-06, 2.75331444755e-06, 2.21081472773e-06, 1.94642234419e-06, 1.68231861153e-06, 1.31823833271e-06, 1.2037481838e-06, 1.19128742426e-06, 1.01768671357e-06, 9.21398736864e-07, 6.81600397456e-07, 4.52617655355e-07, 2.54515782672e-07, 3.23386018408e-07, 3.14942894875e-07, 3.16016866009e-07, 2.66707388619e-07, 1.91722691056e-07, 1.66600671037e-07, 1.31579426466e-07, 1.10483654225e-07, 7.82832145774e-08, 5.66403066671e-08, 2.45806290877e-08, 3.40461636661e-09, 1.88580018268e-09, 6.88803070137e-10, 2.36996533509e-10, 6.34287553036e-11, 5.98417149167e-12, 5.80343368847e-12, 5.64211264514e-12, 5.51646662378e-12, 5.39799585239e-12, 5.30445088895e-12, 5.21220089658e-12, 5.11385638696e-12, 5.00197973319e-12, 4.93243597008e-12, 4.9032219257e-12],
        "min": [2.11943613777e-26, 8.7374566663e-26, 2.47540262627e-25, 2.14736591219e-25, 1.90431873011e-25, 1.85028262092e-25, 8.1409366898e-26, 1.004319033e-25, 3.07645349933e-25, 2.26505754976e-25, 5.4511106994e-25, 1.38796316858e-25, 4.02017001892e-25, 9.12495525022e-25, 5.10310027372e-25, 2.39859715639e-25, 6.19006924983e-25, 3.54351388245e-25, 6.45163826967e-25, 6.5780709791e-25, 1.97790774291e-25, 3.28555562688e-25, 2.02291521578e-25, 3.80877279917e-25, 6.21232548116e-25, 1.99985064855e-25, 7.54987365862e-25, 2.39873150926e-25, 7.41721338538e-25, 6.23422475292e-25, 2.33832670411e-25, 1.96771122268e-25, 6.59793745492e-25, 8.95237812214e-25, 7.18767409045e-25, 3.79073500153e-25, 9.76510897228e-25, 9.96011637412e-25, 8.25735074248e-25, 8.46925209365e-25, 7.48890802268e-25, 7.89045104242e-25, 8.22064652367e-25, 5.40483266743e-25, 1.22038379481e-24, 1.03371060982e-24, 1.16791103537e-24, 8.61204676433e-25, 9.72812027051e-25, 6.83159756201e-25, 8.52025392333e-25, 6.87902289356e-25, 1.29391864738e-24, 9.65661495983e-25, 6.72921081208e-25, 1.23379364134e-24, 1.51366038848e-24, 1.42337565231e-24, 6.13157422763e-25, 1.44792174963e-24, 1.18562185016e-24, 1.21450106182e-24, 1.46009801492e-24, 1.52340577889e-24, 1.75027685042e-24, 1.61422575719e-24, 1.77360701726e-24, 2.06306532694e-24, 2.19309642539e-24, 2.0062393372e-24, 2.3885631415e-24, 1.75256218046e-24, 2.42502370089e-24, 2.05296830178e-24, 2.15165302609e-24, 2.19931481869e-24, 2.24023441435e-24, 2.59234247939e-24, 2.48176764909e-24, 1.98575676101e-24, 1.61566010353e-24, 3.07280728562e-24, 2.5666167392e-24, 2.86206999732e-24, 2.33259148812e-24, 2.61860109513e-24, 2.57033483786e-24, 3.76470890255e-24, 2.88490101243e-24, 3.54976954942e-24, 3.04485656324e-24, 3.60023219267e-24, 3.67955965087e-24, 2.75154585133e-24, 3.6750552551e-24, 2.34983579029e-24, 3.53189711676e-24, 2.37582934876e-24, 3.9076611482e-24, 4.184956406e-24, 3.23413427112e-24, 3.26714100025e-24, 3.69685148191e-24, 3.34523487721e-24, 4.37329379168e-24, 4.00553827615e-24, 4.51349054619e-24, 4.77630310664e-24, 3.59807820797e-24, 4.88363749355e-24, 3.8527331578e-24, 3.76957380775e-24, 4.04925339764e-24, 4.51837004532e-24, 4.49456813965e-24, 4.77078896891e-24, 4.35280036866e-24, 4.36632223343e-24, 4.60751448305e-24, 4.70700207054e-24, 5.00640199978e-24, 5.11224977832e-24, 4.53249499426e-24, 5.20894124833e-24, 5.47401902287e-24, 5.59598599072e-24, 4.93473240881e-24, 5.15969660632e-24],
        "stdev": [0.000370593596017, 0.00139801797923, 0.00253279972821, 0.00241130776703, 0.00147804315202, 0.0010520091746, 0.00101414194796, 0.000987207284197, 0.00178959430195, 0.00167999998666, 0.000797129119746, 0.000920912774745, 0.00112303625792, 0.00077569129644, 0.000911508745048, 0.00057513237698, 0.000419473304646, 0.000777896202635, 0.000470765604405, 0.00052375474479, 0.000371183763491, 0.000533178972546, 0.0005597207346, 0.000442196906079, 0.000579985033255, 0.000291225296678, 0.000222441958613, 0.000174207030796, 0.000555207836442, 0.000388565735193, 0.00019400275778, 0.00021624341025, 0.000361678277841, 0.000169672639458, 0.000391806970583, 0.000315572193358, 0.000256926461589, 0.000339786114637, 0.000393172289478, 0.000285390240606, 0.000131210530526, 0.000228520279052, 0.000264180853264, 0.000138077928568, 0.000209820020245, 0.000166368947248, 0.000144910736708, 9.00930244825e-05, 0.000136488772114, 0.00014793506125, 0.000101216792245, 8.2858481619e-05, 0.000162897486007, 9.05933411559e-05, 6.67911881465e-05, 6.19376514805e-05, 9.47418811847e-05, 8.4691127995e-05, 3.92388319597e-05, 2.49597123911e-05, 2.81441607513e-05, 2.32645397773e-05, 1.95419033844e-05, 1.61002371897e-05, 2.91924716294e-05, 1.44598416227e-05, 1.4699095118e-05, 1.10324763227e-05, 1.16925639304e-05, 2.09615118365e-05, 1.76137800736e-05, 9.71872304945e-06, 7.68502923165e-06, 1.35869504447e-05, 7.1703066169e-06, 7.24296569388e-06, 6.54001223666e-06, 7.18347291695e-06, 7.69381222199e-06, 7.17128841643e-06, 8.09841003502e-06, 9.21587525227e-06, 6.6848510869e-06, 7.02383022144e-06, 6.46364878776e-06, 6.12258281762e-06, 6.42425220576e-06, 5.43813985132e-06, 5.45725742995e-06, 6.53421557217e-06, 5.53821746507e-06, 4.81790357298e-06, 3.65182927453e-06, 2.59009425463e-06, 2.56682869804e-06, 2.44671900873e-06, 1.91099911717e-06, 1.70037696989e-06, 1.39413168654e-06, 8.47014177907e-07, 5.12571034506e-07, 6.36232073248e-07, 5.56965005671e-07, 6.15524186287e-07, 4.99888699323e-07, 3.78008394364e-07, 3.7497815697e-07, 2.93458924716e-07, 2.09881250157e-07, 1.75988915885e-07, 1.1625284202e-07, 8.39161558019e-08, 2.68696283001e-08, 3.1312588078e-08, 1.00570991535e-08, 2.26297203199e-09, 6.37199903952e-10, 7.46234879445e-11, 7.25736207241e-11, 7.05351749231e-11, 6.93479856873e-11, 6.78074957294e-11, 6.69619221183e-11, 6.59961113536e-11, 6.52146947555e-11, 6.44140921158e-11, 6.38835581657e-11, 6.359903576e-11]
    },
    "mfcc": {
        "mean": [-809.324584961, 70.1559906006, -16.3049125671, 3.2364859581, -4.97447681427, 6.62153911591, -4.44231176376, 3.27745676041, -2.30610966682, 1.62840223312, -0.965485692024, 0.792362630367, -2.36304950714],
        "cov": [[100511.929688, 15247.4199219, -2791.09960938, 947.616394043, -986.162963867, 1547.66540527, -759.866699219, 762.471740723, -414.589477539, 411.779968262, -172.716064453, 159.475769043, -481.644866943], [15247.4199219, 2958.28271484, -18.4771499634, 425.469573975, -81.5788650513, 311.362579346, -41.1758880615, 154.866577148, -43.9034423828, 112.978393555, 39.4767150879, 42.0144805908, -68.0418777466], [-2791.09960938, -18.4771499634, 946.879455566, 335.364685059, 129.215393066, 68.912651062, 151.975158691, 9.94567584991, 41.5173721313, 55.0933837891, 65.0573120117, -3.84323835373, 24.1902065277], [947.616394043, 425.469573975, 335.364685059, 248.465499878, 61.2508506775, 74.9405899048, 57.4022598267, 33.7920227051, 16.2370681763, 43.5597496033, 39.8562507629, 6.31896543503, -6.3945145607], [-986.162963867, -81.5788650513, 129.215393066, 61.2508506775, 74.1498565674, 11.1076517105, 37.1799125671, 11.7570428848, 16.5103263855, 10.1803712845, 17.9092502594, -2.49561262131, 3.19233632088], [1547.66540527, 311.362579346, 68.912651062, 74.9405899048, 11.1076517105, 77.6405334473, 21.448392868, 21.7984886169, -1.95640671253, 16.9128093719, 13.6078443527, 8.68889522552, -6.62898206711], [-759.866699219, -41.1758880615, 151.975158691, 57.4022598267, 37.1799125671, 21.448392868, 83.2060470581, 28.5312271118, 17.9689159393, 8.72820472717, 19.0206108093, 5.77521753311, 6.03874588013], [762.471740723, 154.866577148, 9.94567584991, 33.7920227051, 11.7570428848, 21.7984886169, 28.5312271118, 65.6653671265, 22.6608276367, 10.97315979, 7.93728113174, 2.70169043541, -1.51781499386], [-414.589477539, -43.9034423828, 41.5173721313, 16.2370681763, 16.5103263855, -1.95640671253, 17.9689159393, 22.6608276367, 51.3441162109, 21.5220546722, 7.74947023392, -5.88700437546, 5.45510959625], [411.779968262, 112.978393555, 55.0933837891, 43.5597496033, 10.1803712845, 16.9128093719, 8.72820472717, 10.97315979, 21.5220546722, 48.8863449097, 19.9333553314, -5.97806119919, -8.67794418335], [-172.716064453, 39.4767150879, 65.0573120117, 39.8562507629, 17.9092502594, 13.6078443527, 19.0206108093, 7.93728113174, 7.74947023392, 19.9333553314, 47.8853149414, 14.0742635727, -2.99978232384], [159.475769043, 42.0144805908, -3.84323835373, 6.31896543503, -2.49561262131, 8.68889522552, 5.77521753311, 2.70169043541, -5.88700437546, -5.97806119919, 14.0742635727, 39.1335220337, 11.1449785233], [-481.644866943, -68.0418777466, 24.1902065277, -6.3945145607, 3.19233632088, -6.62898206711, 6.03874588013, -1.51781499386, 5.45510959625, -8.67794418335, -2.99978232384, 11.1449785233, 39.9501838684]],
        "icov": [[9.29472225835e-05, -0.000433306355262, 0.000103674261482, 0.000297886726912, 0.000212658982491, -0.000521698209923, 0.000255718332483, -0.000256747473031, 0.000138704461278, -0.000216096581426, 0.000410170934629, -5.77463761147e-05, 0.000196556691662], [-0.000433306355262, 0.00344008952379, 0.000247657852015, -0.00443296181038, 0.00152628740761, -0.00082056078827, 0.000508300901856, -0.00116086669732, 0.000981142628007, -0.000548650859855, -0.00135688122828, -8.47305200296e-05, -0.000934913929086], [0.000103674261482, 0.000247657852015, 0.00366465235129, -0.00517657259479, 0.0010035521118, -0.00133092154283, -0.00268711638637, 0.00168546987697, 0.000296468497254, -0.000894853379577, 3.33464085998e-05, 0.00157821096946, -0.00187929603271], [0.000297886726912, -0.00443296181038, -0.00517657259479, 0.0203468315303, -0.0083885807544, -0.00122530851513, 0.00040451445966, -0.000230082383496, -0.000826525327284, -0.0015693915775, -0.00034475105349, -0.00166073639411, 0.00303898612037], [0.000212658982491, 0.00152628740761, 0.0010035521118, -0.0083885807544, 0.0265521537513, -0.00547121651471, -0.00194387102965, -0.00356873846613, -0.000889224291313, 0.000497220375109, -0.00305357971229, 0.00361975166015, -0.000667983840685], [-0.000521698209923, -0.00082056078827, -0.00133092154283, -0.00122530851513, -0.00547121651471, 0.0319704599679, -0.0082917958498, 0.00274359690957, 0.00124640169088, -0.00019417986914, -0.00190712697804, -0.00260748015717, 0.000394069473259], [0.000255718332483, 0.000508300901856, -0.00268711638637, 0.00040451445966, -0.00194387102965, -0.0082917958498, 0.0267559383065, -0.0125029524788, 0.000496434920933, 0.000639990437776, -0.00109981140122, -0.0029176203534, 0.000703198311385], [-0.000256747473031, -0.00116086669732, 0.00168546987697, -0.000230082383496, -0.00356873846613, 0.00274359690957, -0.0125029524788, 0.0300832483917, -0.0140000674874, 0.0054298969917, -0.001686506439, 0.000634012743831, 0.000430988962762], [0.000138704461278, 0.000981142628007, 0.000296468497254, -0.000826525327284, -0.000889224291313, 0.00124640169088, 0.000496434920933, -0.0140000674874, 0.0359623432159, -0.017913678661, 0.00247523374856, 0.00279305013828, -0.00669268053025], [-0.000216096581426, -0.000548650859855, -0.000894853379577, -0.0015693915775, 0.000497220375109, -0.00019417986914, 0.000639990437776, 0.0054298969917, -0.017913678661, 0.0406887531281, -0.0155307799578, 0.009103378281, 0.00436719832942], [0.000410170934629, -0.00135688122828, 3.33464085998e-05, -0.00034475105349, -0.00305357971229, -0.00190712697804, -0.00109981140122, -0.001686506439, 0.00247523374856, -0.0155307799578, 0.0375884845853, -0.0170018132776, 0.00644233403727], [-5.77463761147e-05, -8.47305200296e-05, 0.00157821096946, -0.00166073639411, 0.00361975166015, -0.00260748015717, -0.0029176203534, 0.000634012743831, 0.00279305013828, 0.009103378281, -0.0170018132776, 0.0391009896994, -0.0129074212164], [0.000196556691662, -0.000934913929086, -0.00187929603271, 0.00303898612037, -0.000667983840685, 0.000394069473259, 0.000703198311385, 0.000430988962762, -0.00669268053025, 0.00436719832942, 0.00644233403727, -0.0129074212164, 0.0334088392556]]
    },
    "spectral_contrast_coeffs": {
        "max": [-0.431999385357, -0.542594671249, -0.601981878281, -0.627555727959, -0.674914419651, -0.627764940262],
        "mean": [-0.802896499634, -0.837455451488, -0.818696081638, -0.831378281116, -0.837652921677, -0.807354986668],
        "min": [-0.983805060387, -0.981176257133, -0.977528691292, -0.974057555199, -0.968538999557, -0.96660387516],
        "stdev": [0.121091850102, 0.0997167229652, 0.109010413289, 0.0975735709071, 0.0876324549317, 0.105637945235]
    },
    "spectral_contrast_valleys": {
        "max": [-4.95362138748, -5.017993927, -5.30233716965, -5.30451965332, -6.01192474365, -8.22042560577],
        "mean": [-13.3049240112, -12.8804330826, -13.2051343918, -13.2524871826, -13.4489078522, -15.3121213913],
        "min": [-28.2064342499, -28.0310459137, -27.9032592773, -27.693365097, -27.628736496, -27.4946422577],
        "stdev": [9.49186515808, 9.72673606873, 9.53978919983, 9.47826766968, 9.35915660858, 8.11779117584]
    }
},
"rhythm": {
    "beats_count": 56,
    "beats_loudness": {
        "max": 0.0766539871693,
        "mean": 0.0209939442575,
        "min": 0,
        "stdev": 0.0224837958813
    },
    "bpm": 96.7662124634,
    "bpm_histogram_first_peak_bpm": 98,
    "bpm_histogram_first_peak_weight": 0.368421077728,
    "bpm_histogram_second_peak_bpm": 157,
    "bpm_histogram_second_peak_spread": 0.399999976158,
    "bpm_histogram_second_peak_weight": 0.163636356592,
    "danceability": 0.756946623325,
    "onset_rate": 1.50435042381,
    "beats_loudness_band_ratio": {
        "max": [0.643791377544, 0.38911563158, 0.372934728861, 0.482700914145, 0.52832120657, 0.743552923203],
        "mean": [0.139367699623, 0.0650541931391, 0.104310043156, 0.151791602373, 0.122303307056, 0.0588160417974],
        "min": [0, 0, 0, 0, 0, 0],
        "stdev": [0.183464691043, 0.0954956784844, 0.109617710114, 0.157631650567, 0.165049299598, 0.105551235378]
    },
    "beats_position": [0.603718817234, 1.21904754639, 1.83437633514, 2.4497051239, 3.07664394379, 3.7151927948, 4.3653512001, 5.00390005112, 5.630838871, 6.26938772202, 6.88471651077, 7.50004529953, 8.11537361145, 8.71909236908, 9.33442115784, 9.93814086914, 10.5650787354, 11.1804075241, 11.7957363129, 12.4110651016, 13.0380039215, 13.5256233215, 14.0132427216, 14.512471199, 15.0000905991, 15.4877090454, 15.9521083832, 16.4281177521, 16.9157371521, 17.391746521, 17.8329238892, 18.2741031647, 18.7152824402, 19.1680717468, 19.5860309601, 20.0272102356, 20.4683895111, 20.8979587555, 21.3275279999, 21.7570972443, 22.1866664886, 22.5697956085, 22.9529247284, 23.3360538483, 23.7191829681, 24.102312088, 24.4854412079, 24.8685703278, 25.2516994476, 25.6348285675, 26.0063495636, 26.3778686523, 26.7493877411, 27.1209068298, 27.4924259186, 27.8639450073],
