{
"metadata": {
    "version": {
        "essentia": "2.1-beta5",
        "essentia_git_sha": "Undefined",
        "extractor": "music 2.0"
    },
    "audio_properties": {
        "analysis": {
            "equal_loudness": 0,
            "length": 26.9815864563,
            "sample_rate": 44100,
            "start_time": 191.4949646,
            "downmix": "mix"
        },
        "bit_rate": 192000,
        "length": 218.499786377,
        "lossless": 0,
        "number_channels": 2,
        "replay_gain": -1.40733146667,
        "sample_rate": 48000,
        "codec": "mp3",
        "md5_encoded": "3a93662fabce02b5a0933156ec44e570"
    },
    "tags": {
        "file_name": "BosniaHerzegovina_Sva Bol Svijeta_Fazla.mp3",
        "encoding": ["Lavf58.29.100"]
    }
},
"lowlevel": {
    "average_loudness": 0.531373143196,
    "barkbands_crest": {
        "max": 21.5025882721,
        "mean": 6.38656568527,
        "min": 2.86267662048,
        "stdev": 2.22810316086
    },
    "barkbands_flatness_db": {
        "max": 0.185569703579,
        "mean": 0.0914139226079,
        "min": 0.0485675670207,
        "stdev": 0.0199892427772
    },
    "barkbands_kurtosis": {
        "max": 15.4417152405,
        "mean": 1.59371006489,
        "min": -1.70736932755,
        "stdev": 1.98104083538
    },
    "barkbands_skewness": {
        "max": 3.8454618454,
        "mean": -0.397051215172,
        "min": -2.19282007217,
        "stdev": 1.26483404636
    },
    "barkbands_spread": {
        "max": 86.0739212036,
        "mean": 25.086391449,
        "min": 8.60752773285,
        "stdev": 9.26431560516
    },
    "dissonance": {
        "max": 0.499999970198,
        "mean": 0.487200498581,
        "min": 0.39695122838,
        "stdev": 0.0129759069532
    },
    "dynamic_complexity": 4.14991140366,
    "erbbands_crest": {
        "max": 23.5092754364,
        "mean": 5.88924026489,
        "min": 2.35921168327,
        "stdev": 2.86991453171
    },
    "erbbands_flatness_db": {
        "max": 0.246012419462,
        "mean": 0.141408547759,
        "min": 0.0612345710397,
        "stdev": 0.0479179993272
    },
    "erbbands_kurtosis": {
        "max": 7.93836307526,
        "mean": 0.314392477274,
        "min": -1.46469151974,
        "stdev": 0.886600077152
    },
    "erbbands_skewness": {
        "max": 1.75492250919,
        "mean": -0.151398688555,
        "min": -2.13804388046,
        "stdev": 0.559288024902
    },
    "erbbands_spread": {
        "max": 100.692863464,
        "mean": 31.243768692,
        "min": 8.76644802094,
        "stdev": 12.967549324
    },
    "hfc": {
        "max": 92.0609893799,
        "mean": 20.8079624176,
        "min": 1.07111597667e-16,
        "stdev": 22.596660614
    },
    "loudness_ebu128": {
        "integrated": -21.0758991241,
        "loudness_range": 9.06319236755,
        "momentary": {
            "max": -18.6524868011,
            "mean": -124.988044739,
            "min": -300.691009521,
            "stdev": 133.476745605
        },
        "short_term": {
            "max": -19.8464050293,
            "mean": -107.008811951,
            "min": -300.691009521,
            "stdev": 126.209640503
        }
    },
    "melbands_crest": {
        "max": 27.8004245758,
        "mean": 6.48003149033,
        "min": 1.55431592464,
        "stdev": 4.88891410828
    },
    "melbands_flatness_db": {
        "max": 0.268298625946,
        "mean": 0.075267650187,
        "min": 0.0030463130679,
        "stdev": 0.0629820600152
    },
    "melbands_kurtosis": {
        "max": 63.9153594971,
        "mean": 1.73173522949,
        "min": -1.48572254181,
        "stdev": 5.72570753098
    },
    "melbands_skewness": {
        "max": 6.94003725052,
        "mean": 0.738468229771,
        "min": -0.702565550804,
        "stdev": 1.10249769688
    },
    "melbands_spread": {
        "max": 167.351913452,
        "mean": 70.888420105,
        "min": 6.63379430771,
        "stdev": 48.407081604
    },
    "pitch_salience": {
        "max": 0.883342981339,
        "mean": 0.715242922306,
        "min": 0.236153572798,
        "stdev": 0.110943458974
    },
    "silence_rate_20dB": {
        "max": 1,
        "mean": 1,
        "min": 1,
        "stdev": 0
    },
    "silence_rate_30dB": {
        "max": 1,
        "mean": 1,
        "min": 1,
        "stdev": 0
    },
    "silence_rate_60dB": {
        "max": 1,
        "mean": 0.44625967741,
        "min": 0,
        "stdev": 0.49710392952
    },
    "spectral_centroid": {
        "max": 12019.0742188,
        "mean": 5423.65283203,
        "min": 554.041809082,
        "stdev": 4375.72802734
    },
    "spectral_complexity": {
        "max": 58,
        "mean": 18.7738609314,
        "min": 0,
        "stdev": 17.5534477234
    },
    "spectral_decrease": {
        "max": 2.302484156e-28,
        "mean": -3.73642095042e-09,
        "min": -2.30852084115e-08,
        "stdev": 4.26793622665e-09
    },
    "spectral_energy": {
        "max": 0.0910001546144,
        "mean": 0.0159894488752,
        "min": 9.88782058222e-21,
        "stdev": 0.0177714824677
    },
    "spectral_energyband_high": {
        "max": 0.00859001558274,
        "mean": 0.000877244863659,
        "min": 6.81835446963e-21,
        "stdev": 0.00114412442781
    },
    "spectral_energyband_low": {
        "max": 0.0672881156206,
        "mean": 0.00318997260183,
        "min": 9.15124088445e-24,
        "stdev": 0.00675935391337
    },
    "spectral_energyband_middle_high": {
        "max": 0.0339850895107,
        "mean": 0.0069288071245,
        "min": 1.11463960791e-21,
        "stdev": 0.00820562615991
    },
    "spectral_energyband_middle_low": {
        "max": 0.0695419758558,
        "mean": 0.00570764858276,
        "min": 1.20151543314e-22,
        "stdev": 0.00890911649913
    },
    "spectral_entropy": {
        "max": 9.82472705841,
        "mean": 8.62575531006,
        "min": 7.45223999023,
        "stdev": 0.923256397247
    },
    "spectral_flux": {
        "max": 0.22168391943,
        "mean": 0.0572604499757,
        "min": 6.19028509008e-11,
        "stdev": 0.0539433024824
    },
    "spectral_kurtosis": {
        "max": 9.61643695831,
        "mean": 2.17393279076,
        "min": -1.28897166252,
        "stdev": 2.85417604446
    },
    "spectral_rms": {
        "max": 0.0094223478809,
        "mean": 0.00289085390978,
        "min": 3.1059063741e-12,
        "stdev": 0.00269118603319
    },
    "spectral_rolloff": {
        "max": 19810.546875,
        "mean": 8599.26953125,
        "min": 193.798828125,
        "stdev": 7947.17822266
    },
    "spectral_skewness": {
        "max": 2.29864215851,
        "mean": 0.95573592186,
        "min": -0.123824365437,
        "stdev": 0.764490127563
    },
    "spectral_spread": {
        "max": 42975316,
        "mean": 17871592,
        "min": 2450291.5,
        "stdev": 17521492
    },
    "spectral_strongpeak": {
        "max": 7.3770236969,
        "mean": 0.634437918663,
        "min": 0,
        "stdev": 0.951790928841
    },
    "zerocrossingrate": {
        "max": 0.70947265625,
        "mean": 0.24723573029,
        "min": 0.0380859375,
        "stdev": 0.198298811913
    },
    "barkbands": {
        "max": [0.0027333330363, 0.0589377209544, 0.0238661058247, 0.0415321774781, 0.0371962562203, 0.0220780298114, 0.00866888277233, 0.0157869569957, 0.0249458141625, 0.0208215955645, 0.0164949353784, 0.0165640544146, 0.0136010814458, 0.00720653822646, 0.00830431841314, 0.0103106191382, 0.00931207928807, 0.00703047495335, 0.00532275810838, 0.00409054150805, 0.00237772939727, 0.00234052538872, 0.00117454736028, 0.00256491662003, 0.00155218492728, 0.000914082163945, 1.29096963519e-06],
        "mean": [0.000135881346068, 0.00177579838783, 0.000677862612065, 0.00138054776471, 0.00138283113483, 0.000921998464037, 0.000287855276838, 0.000473354302812, 0.00105979572982, 0.000717134389561, 0.000718950061128, 0.000673273287248, 0.000778252724558, 0.000664674735162, 0.00080073607387, 0.000882781052496, 0.000677488686051, 0.000526176823769, 0.00040277527296, 0.000359342666343, 0.000196080000023, 0.000141114796861, 0.000120188640722, 9.07108988031e-05, 8.72677046573e-05, 5.65843329241e-05, 1.45559235776e-08],
        "min": [2.10332430089e-25, 1.61112267421e-24, 5.4402204746e-25, 7.75024876589e-25, 3.64684953343e-24, 2.96764956315e-24, 3.9972430093e-24, 3.75939316334e-24, 7.6093877905e-24, 1.21865189014e-23, 8.68070823145e-24, 1.29538249712e-23, 2.57437246463e-23, 3.34018159202e-23, 3.68767387414e-23, 2.69371639108e-23, 4.43386371528e-23, 8.86436309656e-23, 1.19267514229e-22, 1.4675258937e-22, 2.11458318208e-22, 2.82320191333e-22, 3.18142276687e-22, 5.06197477353e-22, 8.38112836304e-22, 1.22611845229e-21, 1.83952588795e-21],
        "stdev": [0.000339778285706, 0.00515036797151, 0.00174174632411, 0.00344988564029, 0.00285940850154, 0.00216837134212, 0.000784630130511, 0.00111991062295, 0.00217286450788, 0.00149466632865, 0.00160338263959, 0.00134692736901, 0.00130823929794, 0.00109240389429, 0.00127918797079, 0.0014538995456, 0.00110185239464, 0.000785990327131, 0.000583095068578, 0.000505739881191, 0.000310275907395, 0.000232484337175, 0.00017583288718, 0.000163666089065, 0.000159468283528, 0.000118288167869, 7.49879234263e-08]
    },
    "erbbands": {
        "max": [2.03703188896, 12.0276069641, 26.9282608032, 53.725528717, 172.996368408, 76.4181747437, 138.870422363, 245.38873291, 212.418746948, 139.640594482, 468.956848145, 766.911376953, 810.638549805, 276.940612793, 1105.06152344, 350.364105225, 697.931518555, 356.579284668, 498.603515625, 473.549835205, 426.109283447, 597.914672852, 463.530639648, 251.301513672, 311.999572754, 247.745101929, 113.90234375, 84.9482955933, 85.6273574829, 47.7380828857, 33.5774154663, 44.5941734314, 48.745174408, 20.9899559021, 11.4623193741, 5.07233142853, 1.63772118092, 0.103499367833, 0.00209658732638, 0.000163313758094],
        "mean": [0.0631818398833, 0.353467732668, 0.775404751301, 2.79198670387, 4.86948299408, 4.49975395203, 4.93330430984, 8.53077697754, 5.488945961, 4.75864171982, 13.4169149399, 27.5392379761, 21.2975158691, 22.1782436371, 36.0380821228, 26.0825157166, 35.5331344604, 33.1482810974, 42.8950920105, 47.2737808228, 45.0347747803, 36.5426254272, 30.2466316223, 23.3905620575, 18.8160362244, 17.6024265289, 10.3094577789, 6.37221384048, 5.01814842224, 4.55123233795, 3.22493052483, 2.15910029411, 1.37017786503, 0.946508944035, 0.638438224792, 0.315256357193, 0.0961984619498, 0.00526740215719, 0.000122798606753, 2.78356183117e-05],
        "min": [4.39965302663e-23, 3.13823433625e-22, 1.00527930312e-21, 1.97384358083e-21, 7.27160986343e-21, 1.17961100995e-20, 3.25908708981e-20, 4.52925910954e-20, 5.57329739814e-20, 1.54082512841e-19, 2.08326484172e-19, 3.97241417512e-19, 3.6653194953e-19, 5.33038392054e-19, 6.87904852396e-19, 9.38405282271e-19, 1.33655491825e-18, 1.44709044312e-18, 1.76462047165e-18, 3.04914117987e-18, 3.11508980857e-18, 3.8820615987e-18, 4.21373744968e-18, 4.98463131668e-18, 6.26890779983e-18, 7.12377952416e-18, 8.42245556741e-18, 9.31069203534e-18, 9.19436066271e-18, 6.34371553289e-18, 1.08350146779e-17, 9.37776811121e-18, 8.26290566214e-18, 7.91806812684e-18, 5.62377847316e-18, 4.01248151152e-18, 2.18994867762e-18, 9.6175886571e-19, 2.35664351052e-19, 2.62970507189e-20],
        "stdev": [0.171386897564, 1.10779094696, 1.99381244183, 6.24268722534, 12.801858902, 8.82811355591, 10.9872598648, 21.411485672, 17.1037654877, 10.5500688553, 31.3903865814, 61.4998321533, 47.8288536072, 38.5206947327, 87.4642028809, 42.2293777466, 60.5501098633, 52.0229454041, 65.8627624512, 77.1951751709, 69.1810379028, 59.5179290771, 45.8397407532, 33.741027832, 26.6309947968, 25.7209529877, 15.1525917053, 10.8743638992, 8.39799976349, 6.83048915863, 4.71828222275, 3.5574195385, 2.71705532074, 1.81574475765, 1.17809581757, 0.633934795856, 0.207932963967, 0.0117931645364, 0.000245912728133, 3.22358682752e-05]
    },
    "gfcc": {
        "mean": [-463.582336426, 31.5108394623, -96.7721099854, 17.3026313782, -35.7700805664, 15.1618156433, -26.434337616, 10.9167852402, -17.8807449341, 3.3827290535, -12.3093194962, 1.89643061161, -5.87910079956],
        "cov": [[392709.6875, 15975.1201172, -45511.609375, 8552.40234375, -17129.0136719, 7136.81933594, -12786.4326172, 5430.79003906, -8915.46875, 1685.79211426, -6105.703125, 902.506896973, -2986.01904297], [15975.1201172, 1339.77563477, -1291.63769531, 444.517303467, -534.49029541, 174.495941162, -451.273925781, 225.606948853, -476.482421875, 2.73323297501, -284.216278076, -26.4256801605, -178.015167236], [-45511.609375, -1291.63769531, 6803.1328125, -828.175231934, 2301.10205078, -1032.7454834, 1500.28942871, -564.168762207, 835.627929688, -176.819015503, 604.601745605, -107.195556641, 217.887924194], [8552.40234375, 444.517303467, -828.175231934, 288.035064697, -331.475036621, 113.959083557, -301.124206543, 114.266159058, -197.740280151, 29.9346294403, -144.658721924, 16.8087711334, -72.3547058105], [-17129.0136719, -534.49029541, 2301.10205078, -331.475036621, 879.233398438, -351.738983154, 572.83026123, -199.437561035, 351.063537598, -65.2557220459, 251.464126587, -36.3547172546, 106.487846375], [7136.81933594, 174.495941162, -1032.7454834, 113.959083557, -351.738983154, 239.640792847, -194.796905518, 89.006439209, -149.58732605, 28.4712104797, -94.5257034302, 16.1615505219, -39.1685218811], [-12786.4326172, -451.273925781, 1500.28942871, -301.124206543, 572.83026123, -194.796905518, 510.115753174, -164.553100586, 265.225189209, -65.8145675659, 201.972396851, -44.6173095703, 88.8909835815], [5430.79003906, 225.606948853, -564.168762207, 114.266159058, -199.437561035, 89.006439209, -164.553100586, 132.385421753, -105.562850952, 45.1893424988, -76.7392425537, 21.1723747253, -42.7041435242], [-8915.46875, -476.482421875, 835.627929688, -197.740280151, 351.063537598, -149.58732605, 265.225189209, -105.562850952, 293.0496521, -10.8945913315, 165.653244019, -6.4093337059, 98.9706802368], [1685.79211426, 2.73323297501, -176.819015503, 29.9346294403, -65.2557220459, 28.4712104797, -65.8145675659, 45.1893424988, -10.8945913315, 59.6403884888, -4.43522071838, 26.3749485016, -6.46398591995], [-6105.703125, -284.216278076, 604.601745605, -144.658721924, 251.464126587, -94.5257034302, 201.972396851, -76.7392425537, 165.653244019, -4.43522071838, 143.281692505, 5.86252164841, 64.7325439453], [902.506896973, -26.4256801605, -107.195556641, 16.8087711334, -36.3547172546, 16.1615505219, -44.6173095703, 21.1723747253, -6.4093337059, 26.3749485016, 5.86252164841, 46.0600204468, 11.1745815277], [-2986.01904297, -178.015167236, 217.887924194, -72.3547058105, 106.487846375, -39.1685218811, 88.8909835815, -42.7041435242, 98.9706802368, -6.46398591995, 64.7325439453, 11.1745815277, 63.240398407]],
        "icov": [[0.000363838655176, -0.000830005737953, 0.000560046581086, -0.00104000826832, 0.00153857679106, -0.00100848299917, 0.00112251949031, -0.0022179230582, 0.00192376587074, -0.00185364822391, 0.00180139637087, -0.00129729870241, 0.000617820594925], [-0.000830005737953, 0.00499256094918, -0.0010585328564, -0.000672868802212, -0.00384790170938, 0.0041687306948, -0.00317373173311, 0.00219941907562, 0.000282596418401, 0.00558551121503, -0.00596802122891, 0.00644757598639, -0.00215392047539], [0.000560046581086, -0.0010585328564, 0.00303366500884, -0.00220555602573, -0.00179752055556, 0.00139426928945, -0.000320468505379, -0.00150051375385, 0.00396038359031, -0.00463287392631, 0.00442545348778, -0.00338313961402, 0.0032123986166], [-0.00104000826832, -0.000672868802212, -0.00220555602573, 0.0168652851135, -0.00423184363171, 0.00097917963285, 0.00304665416479, 0.00654111104086, -0.00820989347994, 0.00543689075857, -0.00195222732145, 0.00121265731286, -0.00105010217521], [0.00153857679106, -0.00384790170938, -0.00179752055556, -0.00423184363171, 0.0227412395179, -0.00360387424007, 0.0014724698849, -0.0132228601724, 0.00506042642519, -0.00461233733222, 0.00394572503865, -0.00547613715753, 0.000180950301001], [-0.00100848299917, 0.0041687306948, 0.00139426928945, 0.00097917963285, -0.00360387424007, 0.0197614040226, -0.010128390044, 0.00493618380278, 0.000931491551455, 0.00203663459979, -0.00368813448586, 0.00302584073506, -0.00169799814466], [0.00112251949031, -0.00317373173311, -0.000320468505379, 0.00304665416479, 0.0014724698849, -0.010128390044, 0.0208519734442, -0.00837565213442, 0.00520354649052, 0.000587411341257, -0.00297311251052, 0.00405590748414, -0.000816740037408], [-0.0022179230582, 0.00219941907562, -0.00150051375385, 0.00654111104086, -0.0132228601724, 0.00493618380278, -0.00837565213442, 0.0366203039885, -0.0156074305996, -0.00179311202373, -0.00263953767717, 0.000225373063586, 0.00284947361797], [0.00192376587074, 0.000282596418401, 0.00396038359031, -0.00820989347994, 0.00506042642519, 0.000931491551455, 0.00520354649052, -0.0156074305996, 0.0334711633623, -0.0136210331693, -0.000656547548715, 0.00585542945191, -0.0113427089527], [-0.00185364822391, 0.00558551121503, -0.00463287392631, 0.00543689075857, -0.00461233733222, 0.00203663459979, 0.000587411341257, -0.00179311202373, -0.0136210331693, 0.0463198274374, -0.0198565907776, -0.00313878012821, 0.0043039820157], [0.00180139637087, -0.00596802122891, 0.00442545348778, -0.00195222732145, 0.00394572503865, -0.00368813448586, -0.00297311251052, -0.00263953767717, -0.000656547548715, -0.0198565907776, 0.0456295199692, -0.0194912701845, -1.9750026695e-05], [-0.00129729870241, 0.00644757598639, -0.00338313961402, 0.00121265731286, -0.00547613715753, 0.00302584073506, 0.00405590748414, 0.000225373063586, 0.00585542945191, -0.00313878012821, -0.0194912701845, 0.0516709499061, -0.0231788847595], [0.000617820594925, -0.00215392047539, 0.0032123986166, -0.00105010217521, 0.000180950301001, -0.00169799814466, -0.000816740037408, 0.00284947361797, -0.0113427089527, 0.0043039820157, -1.9750026695e-05, -0.0231788847595, 0.0506746992469]]
    },
    "melbands": {
        "max": [0.0175028927624, 0.0113383391872, 0.0152750555426, 0.00966729875654, 0.00371289229952, 0.00492504285648, 0.00287487125024, 0.00125271535944, 0.00404033204541, 0.00441549392417, 0.00401773257181, 0.00111729546916, 0.00272929226048, 0.00240092608146, 0.000896120094694, 0.00136570760515, 0.000791411614046, 0.000729281746317, 0.000708545267116, 0.00097921222914, 0.000579962448683, 0.000737982103601, 0.000453966058558, 0.000362968421541, 0.000225356736337, 0.000343914405676, 0.000135499169119, 0.000208828292671, 7.99046538305e-05, 6.39272329863e-05, 4.92211329401e-05, 5.0654518418e-05, 3.90117202187e-05, 2.50627872447e-05, 1.84730542969e-05, 2.98057420878e-05, 2.76160608337e-05, 2.92865770462e-05, 3.42775638273e-05, 1.3755819964e-05],
        "mean": [0.000529365264811, 0.000431776803453, 0.000556760176551, 0.000344929489074, 0.000172661806573, 0.000185979428352, 7.7753320511e-05, 5.75723788643e-05, 0.000119649099361, 0.000171479390701, 0.000104089907836, 8.84282853804e-05, 0.000111530964205, 8.5641608166e-05, 6.13970551058e-05, 8.2509162894e-05, 5.78667240916e-05, 6.88866639393e-05, 5.95763012825e-05, 6.64888502797e-05, 4.956002158e-05, 4.02240366384e-05, 2.97792976198e-05, 2.40541394305e-05, 1.85069311556e-05, 1.46183501784e-05, 1.25047308757e-05, 1.15154107334e-05, 7.00017108102e-06, 4.52169933851e-06, 3.34015294357e-06, 2.77881918009e-06, 2.76021273748e-06, 2.45493311013e-06, 1.94953099708e-06, 1.48596996041e-06, 1.2558338085e-06, 1.01837474631e-06, 7.60700515912e-07, 8.20266791379e-07],
        "min": [5.42458130715e-25, 9.46272774047e-25, 9.94022130209e-25, 9.43276680329e-25, 1.02764170566e-24, 1.07182255091e-24, 7.34417176809e-25, 1.55718214045e-24, 1.65218101078e-24, 1.49493569021e-24, 1.63886494009e-24, 2.05490732188e-24, 1.70988736929e-24, 1.00335770738e-24, 1.87664566212e-24, 2.46202265785e-24, 2.37322078297e-24, 1.96017834059e-24, 2.92688557031e-24, 2.92088864971e-24, 2.88014773104e-24, 2.97094601566e-24, 3.57614590265e-24, 2.95221569676e-24, 3.39613573269e-24, 3.43707998025e-24, 4.0482322172e-24, 4.12972036542e-24, 4.61683250806e-24, 3.43900085656e-24, 4.57905987577e-24, 4.22186799662e-24, 4.4676707438e-24, 3.08084439774e-24, 5.42738590489e-24, 4.88751947807e-24, 4.78255009615e-24, 5.02190824416e-24, 5.49168674613e-24, 6.22013352779e-24],
        "stdev": [0.00148788769729, 0.00106069236062, 0.00129260751419, 0.000739092414733, 0.000355711759767, 0.000460695009679, 0.000234313047258, 0.000123237172375, 0.000270738237305, 0.000376428681193, 0.000240303561441, 0.000156326103024, 0.000255982100498, 0.000182407195098, 9.85178921837e-05, 0.000140343719977, 9.79367905529e-05, 0.000110249151476, 9.57555239438e-05, 0.000118960160762, 7.82611678005e-05, 7.08949446562e-05, 4.60306364403e-05, 3.79950542992e-05, 2.80287458736e-05, 2.28269218496e-05, 1.83570646186e-05, 1.78383907041e-05, 1.08138692667e-05, 7.51277184463e-06, 6.09769313087e-06, 4.74018179375e-06, 4.55280633105e-06, 3.71699820789e-06, 2.90310595119e-06, 2.38130064645e-06, 2.14196870729e-06, 1.90352079699e-06, 1.81276982403e-06, 1.54672397912e-06]
    },
    "melbands128": {
        "max": [0.002556508407, 0.0154584161937, 0.0273558758199, 0.017620716244, 0.0151678808033, 0.0102590806782, 0.011853701435, 0.028373548761, 0.0207997318357, 0.0105188237503, 0.00486630108207, 0.0030831459444, 0.00675011752173, 0.00518343504518, 0.00898940395564, 0.0087190233171, 0.00619738548994, 0.00160494796, 0.0019923793152, 0.00228881975636, 0.0015696703922, 0.00442145625129, 0.00777164101601, 0.00315086916089, 0.00940526090562, 0.00400196667761, 0.0026029185392, 0.00791636481881, 0.00290144979954, 0.00174036668614, 0.0017078507226, 0.00193575874437, 0.00521705904976, 0.00782386120409, 0.00471912091598, 0.00174815044738, 0.00174446415622, 0.000763578922488, 0.000944400439039, 0.00308457063511, 0.00119882309809, 0.00208444125019, 0.00125506194308, 0.00114586250857, 0.00179560575634, 0.00120646867435, 0.00192231731489, 0.000969766522758, 0.000785774376709, 0.00169189809822, 0.00180839537643, 0.00139918853529, 0.00100499286782, 0.000747570709791, 0.00134216423612, 0.00137947162148, 0.000569141528104, 0.000669836939778, 0.000791229074821, 0.000853403122164, 0.000527334399521, 0.000622191582806, 0.000500023365021, 0.00037356314715, 0.000302128930343, 0.000673362170346, 0.000192727995454, 0.000286220631097, 0.000229237644817, 0.000234139602981, 0.000370661640773, 0.00015554028505, 0.000156701877131, 0.000164238372236, 0.000112535017252, 7.50413237256e-05, 7.02849501977e-05, 6.92929606885e-05, 5.9097965277e-05, 8.27111143735e-05, 4.82057730551e-05, 4.51207488368e-05, 7.0667010732e-05, 6.53380993754e-05, 3.84351515095e-05, 3.09952847601e-05, 3.41951417795e-05, 3.04545137624e-05, 2.31989852182e-05, 1.71305091499e-05, 2.94541059702e-05, 3.28158130287e-05, 4.00377866754e-05, 3.38379541063e-05, 2.27557611652e-05, 2.40055906033e-05, 2.37128497247e-05, 6.50045622024e-05, 3.26245826727e-05, 3.07442714984e-05, 2.41697071033e-05, 1.2908505596e-05, 2.44626990025e-05, 1.75635123014e-05, 1.19524202091e-05, 8.83609027369e-06, 1.57603699336e-05, 1.08360891318e-05, 1.10575265353e-05, 9.86054146779e-06, 7.9845849541e-06, 7.12823566573e-06, 7.13907456884e-06, 6.01930378252e-06, 2.31126887229e-06, 2.27061462965e-07, 4.1532874917e-08, 5.60306870345e-11, 6.31923888217e-11, 9.46583506023e-11, 1.21272811238e-10, 1.46706355397e-10, 1.62826960248e-10, 1.77686171332e-10, 1.90080520768e-10, 2.0583990068e-10, 2.13736195409e-10, 2.17508316913e-10],
        "mean": [0.000116333918413, 0.000518930784892, 0.000722480239347, 0.000523541530129, 0.000386004190659, 0.000327445799485, 0.000538619351573, 0.000730911095161, 0.000445466459496, 0.000379214674467, 0.000226529809879, 0.000155299465405, 0.000166114768945, 0.000165733217727, 0.000224506016821, 0.000181770199561, 0.00011866564455, 4.70114355267e-05, 4.2969972128e-05, 4.44351207989e-05, 6.46880289423e-05, 9.67910673353e-05, 0.000130658270791, 0.000119357944641, 0.000226178133744, 0.000174818414962, 9.27202127059e-05, 9.85133519862e-05, 0.000108874482976, 0.000106978615804, 7.34151471988e-05, 6.57184136799e-05, 0.000118781470519, 0.00014854031906, 9.88065585261e-05, 6.54668474454e-05, 6.45006584818e-05, 4.97072069265e-05, 6.29760324955e-05, 9.6319745353e-05, 8.66036425577e-05, 6.58659773762e-05, 5.51909470232e-05, 4.92698818562e-05, 7.1556205512e-05, 7.21030883142e-05, 7.01639582985e-05, 5.45964976482e-05, 5.28168675373e-05, 7.46063815313e-05, 6.99509037076e-05, 5.71045165998e-05, 5.27122574567e-05, 4.14353162341e-05, 5.40723049198e-05, 4.02216574003e-05, 2.86008016701e-05, 3.14203025482e-05, 2.89293511742e-05, 3.01885393128e-05, 2.2097481633e-05, 2.24651830649e-05, 1.91897306649e-05, 1.71384799614e-05, 1.74578690348e-05, 1.46860793393e-05, 1.29164354803e-05, 1.26818149511e-05, 1.19334008559e-05, 1.30478329083e-05, 1.30352582346e-05, 9.9478284028e-06, 7.82621464168e-06, 7.17044849807e-06, 4.99567840961e-06, 4.79457321489e-06, 4.16989496443e-06, 3.71477017325e-06, 3.32020022142e-06, 2.8609194942e-06, 2.79140272141e-06, 2.7145824788e-06, 2.749352916e-06, 2.89699005407e-06, 2.64391769633e-06, 2.48994433605e-06, 2.40005306296e-06, 2.36060145653e-06, 1.9054347149e-06, 1.67845894339e-06, 1.63115669238e-06, 1.36470089274e-06, 1.37920744692e-06, 1.25460996969e-06, 1.17184913506e-06, 1.1933972246e-06, 9.618850072e-07, 8.34227819269e-07, 7.22976551515e-07, 7.73787007802e-07, 6.97635357483e-07, 8.54337031342e-07, 9.39458061566e-07, 8.18227476884e-07, 7.3198981454e-07, 5.92019034684e-07, 6.61530464185e-07, 6.09945800534e-07, 5.25725965872e-07, 5.47950207874e-07, 3.99041539367e-07, 3.54474707365e-07, 3.48573109932e-07, 2.29589204537e-07, 1.05390689953e-07, 5.96575500111e-09, 5.84814363602e-10, 2.96032599476e-12, 2.64640024304e-12, 2.5959852757e-12, 2.52481455881e-12, 2.49359604146e-12, 2.47284484556e-12, 2.41992580488e-12, 2.29612097565e-12, 2.09905725614e-12, 1.98842938642e-12, 1.96667291827e-12],
        "min": [3.67872618235e-26, 9.55491870971e-26, 1.61716843023e-25, 1.29752310077e-25, 9.41982073302e-26, 2.14045401155e-25, 1.19920046362e-25, 2.22029314465e-25, 2.3316522013e-25, 2.75000264219e-25, 1.68997375903e-25, 4.64563145313e-25, 4.47314652317e-25, 1.47203725215e-25, 2.37852878148e-25, 1.77802986453e-25, 2.55074968956e-25, 1.56081479561e-25, 4.82396381456e-25, 8.106593014e-25, 2.85070566712e-25, 2.15417821915e-25, 3.63097834227e-25, 6.23656964196e-25, 4.50860434174e-25, 6.82327409338e-25, 8.92438243469e-25, 2.80508732009e-25, 9.13049601201e-25, 6.42641641438e-25, 2.34243346468e-25, 7.09856732082e-25, 9.27167647606e-25, 7.10410956172e-25, 4.79310111075e-25, 6.22880626458e-25, 5.15381071789e-25, 6.09809250562e-25, 7.4809193269e-25, 3.54059706925e-25, 1.47497701627e-24, 9.99591389593e-25, 7.86390537993e-25, 7.9462659097e-25, 7.84707306036e-25, 7.85189891695e-25, 1.3156022643e-24, 1.22748127498e-24, 1.61713606228e-24, 9.53751175428e-25, 7.88952314478e-25, 1.13043393009e-24, 1.27038436278e-24, 1.4854376077e-24, 1.78249235207e-24, 1.35147019194e-24, 1.70869914755e-24, 1.14577904964e-24, 7.76081802291e-25, 1.7692594076e-24, 1.52567789551e-24, 1.08405354342e-24, 1.15395322634e-24, 2.24054502833e-24, 1.48815543073e-24, 2.08968662147e-24, 2.07349643469e-24, 1.77993663995e-24, 1.82057362619e-24, 2.10296255886e-24, 1.8743346941e-24, 1.77561447105e-24, 2.31591122149e-24, 2.72911971909e-24, 2.19785483437e-24, 2.21449309415e-24, 2.66110018754e-24, 2.28907713173e-24, 1.93266898589e-24, 2.21110690871e-24, 2.6887126858e-24, 2.34219350306e-24, 2.99490076313e-24, 3.47746413657e-24, 2.68623664864e-24, 2.44763403215e-24, 2.22937396905e-24, 3.30540923441e-24, 3.81656861846e-24, 2.82346038361e-24, 2.80905499462e-24, 3.29073011069e-24, 2.1968139324e-24, 3.04519182912e-24, 3.16324979397e-24, 3.49537837887e-24, 3.53450390762e-24, 3.16796323788e-24, 3.0778753225e-24, 3.65815864337e-24, 4.33912112613e-24, 2.86965134505e-24, 2.55371334137e-24, 3.80604994715e-24, 3.68156138542e-24, 4.04913270193e-24, 3.30967973292e-24, 4.15669112534e-24, 3.53331430537e-24, 3.90170169849e-24, 4.05430920719e-24, 4.24305995598e-24, 3.98567278641e-24, 5.01713208581e-24, 3.73143396071e-24, 4.57406441409e-24, 3.97499318747e-24, 5.37622117544e-24, 5.14647214211e-24, 4.52674301497e-24, 5.21767630513e-24, 5.02611208392e-24, 4.69377957848e-24, 5.22543593543e-24, 4.79432739503e-24, 4.57330671319e-24, 5.62374442825e-24, 5.06029579353e-24],
        "stdev": [0.000308721879264, 0.00138002913445, 0.00231205578893, 0.0017136776587, 0.00113934662659, 0.000805615331046, 0.00124862033408, 0.00201938394457, 0.0013706588652, 0.000854373385664, 0.000476797722513, 0.000339894701028, 0.000452138541732, 0.000417931674747, 0.000619245984126, 0.000657119555399, 0.000488993304316, 0.000134279005579, 0.00014536913659, 0.000135082984343, 0.000164740340551, 0.000260429980699, 0.000433506531408, 0.000274964811979, 0.000657744763885, 0.000419046322349, 0.000233796425164, 0.000389147404348, 0.000258375366684, 0.000220165369683, 0.000175617722562, 0.000164375800523, 0.000299993756926, 0.000522264745086, 0.000299153820379, 0.000129509906401, 0.00013391529501, 0.000104244048998, 0.000126155471662, 0.000222570655751, 0.000164235054399, 0.000144705569255, 0.000121855016914, 0.000103350314021, 0.000154312205268, 0.000138334406074, 0.000151811647811, 0.00011427870777, 0.000106135950773, 0.000166392273968, 0.000169144172105, 0.000113947811769, 0.00011691331747, 7.97566244728e-05, 0.000112449371954, 9.61962578003e-05, 5.62689419894e-05, 6.13246302237e-05, 5.1041955885e-05, 6.18193153059e-05, 4.43135286332e-05, 4.7497342166e-05, 3.58312645403e-05, 3.31323572027e-05, 3.25666296703e-05, 3.14601420541e-05, 2.04917141673e-05, 2.22839425987e-05, 2.17173273995e-05, 2.40584431594e-05, 2.62556277448e-05, 1.71598112502e-05, 1.33623580041e-05, 1.4315009139e-05, 9.37142522162e-06, 8.66462232807e-06, 7.90930243966e-06, 7.58974920245e-06, 6.65827337798e-06, 6.12126177657e-06, 4.95528729516e-06, 5.01719387103e-06, 5.38548511031e-06, 5.23854077983e-06, 4.28757630289e-06, 4.13712723457e-06, 4.03210378863e-06, 3.81651261705e-06, 3.17609328704e-06, 2.60598676505e-06, 2.81609618469e-06, 2.3832608349e-06, 2.55058148468e-06, 2.33771129388e-06, 2.04237335311e-06, 2.16731359615e-06, 1.87771161109e-06, 2.50394714385e-06, 1.8303910565e-06, 1.81749794592e-06, 1.52745485593e-06, 1.63765230354e-06, 1.98474890567e-06, 1.664255592e-06, 1.41778753004e-06, 1.09819507088e-06, 1.37786071264e-06, 1.25818962715e-06, 1.17574199976e-06, 1.17720753678e-06, 8.63446928179e-07, 7.98736550678e-07, 8.21382116101e-07, 5.4537770211e-07, 2.6655462193e-07, 1.88647639732e-08, 2.63311727977e-09, 5.78241057467e-12, 5.49063919331e-12, 5.71000885463e-12, 5.99597151443e-12, 6.37056640079e-12, 6.62490938844e-12, 6.88157950762e-12, 7.09493705106e-12, 7.39773260011e-12, 7.55080199755e-12, 7.62661635234e-12]
    },
    "mfcc": {
        "mean": [-856.223999023, 51.4436950684, -21.6591377258, 4.30200242996, 1.99920880795, 2.43396115303, 0.756605446339, 4.07934999466, 0.26275074482, 2.67652368546, -1.9768563509, -1.40803062916, -0.509681880474],
        "cov": [[105009.78125, 13172.4072266, -4776.86035156, 1397.98339844, 571.163024902, 502.157714844, 324.792572021, 1007.18780518, 50.7017440796, 734.194641113, -515.746582031, -455.890167236, -144.763259888], [13172.4072266, 2351.81665039, -232.05632019, 446.642333984, 186.93510437, 26.6493301392, 182.908325195, 153.053909302, -29.9700717926, 106.291252136, -89.657951355, -122.652824402, -42.5595245361], [-4776.86035156, -232.05632019, 907.821655273, 250.924209595, 139.860305786, -68.5340118408, 88.0548706055, -70.1390914917, -34.1074562073, -39.5784873962, 0.631908297539, -52.1161575317, -9.9765663147], [1397.98339844, 446.642333984, 250.924209595, 281.145263672, 128.589126587, -41.8720397949, 32.0920257568, 0.880680382252, -16.7499542236, 11.2716121674, -31.2874698639, -40.9048728943, 2.17987346649], [571.163024902, 186.93510437, 139.860305786, 128.589126587, 132.562759399, -24.9872322083, -0.540265440941, -5.76477527618, -3.29119825363, 11.9372119904, -16.0864830017, -13.3314828873, 17.2316932678], [502.157714844, 26.6493301392, -68.5340118408, -41.8720397949, -24.9872322083, 65.7865219116, 20.6440143585, 14.172659874, 3.46424794197, -8.96496009827, -0.602260112762, 3.13762044907, -12.3562870026], [324.792572021, 182.908325195, 88.0548706055, 32.0920257568, -0.540265440941, 20.6440143585, 120.550476074, 31.4046726227, -8.71356678009, 5.75603342056, 2.25948405266, -19.9656162262, -17.8433322906], [1007.18780518, 153.053909302, -70.1390914917, 0.880680382252, -5.76477527618, 14.172659874, 31.4046726227, 48.952331543, 10.0641393661, 9.85476970673, -3.69351744652, -3.40460681915, -6.54301166534], [50.7017440796, -29.9700717926, -34.1074562073, -16.7499542236, -3.29119825363, 3.46424794197, -8.71356678009, 10.0641393661, 34.006275177, 11.7444829941, 2.53342890739, 3.68602800369, 2.20582008362], [734.194641113, 106.291252136, -39.5784873962, 11.2716121674, 11.9372119904, -8.96496009827, 5.75603342056, 9.85476970673, 11.7444829941, 47.0510787964, 12.2512989044, -2.28500509262, 2.12339425087], [-515.746582031, -89.657951355, 0.631908297539, -31.2874698639, -16.0864830017, -0.602260112762, 2.25948405266, -3.69351744652, 2.53342890739, 12.2512989044, 39.1525001526, 12.7631464005, -1.57651674747], [-455.890167236, -122.652824402, -52.1161575317, -40.9048728943, -13.3314828873, 3.13762044907, -19.9656162262, -3.40460681915, 3.68602800369, -2.28500509262, 12.7631464005, 38.1941642761, 19.0971374512], [-144.763259888, -42.5595245361, -9.9765663147, 2.17987346649, 17.2316932678, -12.3562870026, -17.8433322906, -6.54301166534, 2.20582008362, 2.12339425087, -1.57651674747, 19.0971374512, 41.4268264771]],
        "icov": [[6.31737639196e-05, -0.000343822524883, 0.000201386355911, 2.55020677287e-05, -3.667828787e-05, -0.000237158848904, 0.000243068570853, 4.71409884995e-06, -8.04484880064e-05, -8.7286120106e-05, 1.83479605766e-05, 0.000124181620777, -8.31416982692e-05], [-0.000343822524883, 0.00362067110837, 0.000404663733207, -0.00318137276918, -0.000623095897026, 0.000373143382603, -0.0029763749335, -0.00180522748269, 0.00243511795998, -0.00148580095265, 0.000727603386622, 0.00176200212445, 0.000748362799641], [0.000201386355911, 0.000404663733207, 0.00473610311747, -0.00405634660274, -0.00243762135506, 0.000456218665931, -0.00390129932202, 0.0033852159977, -0.000527204945683, 0.00219497829676, -0.00204850523733, 0.00377460080199, 0.000575361191295], [2.55020677287e-05, -0.00318137276918, -0.00405634660274, 0.014513682574, -0.00453881267458, 0.00363169214688, 0.00295371306129, -0.000111322966404, -8.26352479635e-05, 0.000619803264271, 0.00290089100599, -0.00113113364205, -8.95576304174e-05], [-3.667828787e-05, -0.000623095897026, -0.00243762135506, -0.00453881267458, 0.016707405448, -0.00118199642748, 0.00343615119345, -0.00036028001341, -0.000766146462411, -0.00397533038631, 0.00239581638016, -0.000737616675906, -0.00631971424446], [-0.000237158848904, 0.000373143382603, 0.000456218665931, 0.00363169214688, -0.00118199642748, 0.0237765498459, -0.00616671331227, 0.00109479227103, -0.0041867243126, 0.00798561517149, 0.000797664921265, -0.00546566769481, 0.0069371634163], [0.000243068570853, -0.0029763749335, -0.00390129932202, 0.00295371306129, 0.00343615119345, -0.00616671331227, 0.0192324258387, -0.012076344341, 0.00517243612558, -0.00338947819546, -0.00237611262128, 0.00279682152905, -0.00167690834496], [4.71409884995e-06, -0.00180522748269, 0.0033852159977, -0.000111322966404, -0.00036028001341, 0.00109479227103, -0.012076344341, 0.0409468188882, -0.0143881738186, 0.00268345908262, 0.00215732678771, -0.00520995724946, 0.00383745087311], [-8.04484880064e-05, 0.00243511795998, -0.000527204945683, -8.26352479635e-05, -0.000766146462411, -0.0041867243126, 0.00517243612558, -0.0143881738186, 0.0414432249963, -0.0139339677989, 0.00331863760948, 0.00224672211334, -0.00127864023671], [-8.7286120106e-05, -0.00148580095265, 0.00219497829676, 0.000619803264271, -0.00397533038631, 0.00798561517149, -0.00338947819546, 0.00268345908262, -0.0139339677989, 0.0386608578265, -0.0182188488543, 0.00539277959615, -0.00275513250381], [1.83479605766e-05, 0.000727603386622, -0.00204850523733, 0.00290089100599, 0.00239581638016, 0.000797664921265, -0.00237611262128, 0.00215732678771, 0.00331863760948, -0.0182188488543, 0.0427921637893, -0.0177734084427, 0.00930317584425], [0.000124181620777, 0.00176200212445, 0.00377460080199, -0.00113113364205, -0.000737616675906, -0.00546566769481, 0.00279682152905, -0.00520995724946, 0.00224672211334, 0.00539277959615, -0.0177734084427, 0.0570449829102, -0.0250982735306], [-8.31416982692e-05, 0.000748362799641, 0.000575361191295, -8.95576304174e-05, -0.00631971424446, 0.0069371634163, -0.00167690834496, 0.00383745087311, -0.00127864023671, -0.00275513250381, 0.00930317584425, -0.0250982735306, 0.0414754375815]]
    },
    "spectral_contrast_coeffs": {
        "max": [-0.470240950584, -0.561226963997, -0.592636466026, -0.630717992783, -0.667208790779, -0.66729170084],
        "mean": [-0.826977014542, -0.849653542042, -0.848451972008, -0.85153645277, -0.849547863007, -0.840656638145],
        "min": [-0.981836616993, -0.982162475586, -0.976290225983, -0.972920835018, -0.97072404623, -0.96607542038],
        "stdev": [0.11808912456, 0.106032118201, 0.0998069122434, 0.0947474166751, 0.0908674374223, 0.0971484705806]
    },
    "spectral_contrast_valleys": {
        "max": [-5.01052379608, -5.20014762878, -5.26464080811, -5.377805233, -5.50893449783, -7.89718103409],
        "mean": [-14.792011261, -14.4745121002, -14.4892969131, -14.4657268524, -14.5090236664, -16.2348594666],
        "min": [-28.0839920044, -28.1572380066, -27.9451904297, -27.796049118, -27.610874176, -27.4264640808],
        "stdev": [9.68950176239, 9.90495014191, 9.90815353394, 9.92301750183, 9.89034557343, 8.56060409546]
    }
},
"rhythm": {
    "beats_count": 47,
    "beats_loudness": {
        "max": 0.0743890628219,
        "mean": 0.018331002444,
        "min": 0,
        "stdev": 0.0211295913905
    },
    "bpm": 102.658943176,
    "bpm_histogram_first_peak_bpm": 101,
    "bpm_histogram_first_peak_weight": 0.590909123421,
    "bpm_histogram_second_peak_bpm": 110,
    "bpm_histogram_second_peak_spread": 0.4375,
    "bpm_histogram_second_peak_weight": 0.195652171969,
    "danceability": 0.768185675144,
    "onset_rate": 1.70413315296,
    "beats_loudness_band_ratio": {
        "max": [0.797896504402, 0.454518854618, 0.213205188513, 0.502539336681, 0.606850683689, 0.253323435783],
        "mean": [0.168154165149, 0.0555999130011, 0.0473053194582, 0.130415648222, 0.162232667208, 0.0758041739464],
        "min": [0, 0, 0, 0, 0, 0],
        "stdev": [0.256435394287, 0.101472981274, 0.0524273104966, 0.153509169817, 0.195454165339, 0.0777945891023]
    },
    "beats_position": [0.603718817234, 1.21904754639, 1.8111563921, 2.40326523781, 2.99537420273, 3.5758728981, 4.1679816246, 4.76009082794, 5.35219955444, 5.93269824982, 6.51319694519, 7.10530614853, 7.69741487503, 8.28952407837, 8.893242836, 9.47374153137, 10.0542402267, 10.5999088287, 11.1339683533, 11.6680269241, 12.2369155884, 12.7941951752, 13.3514738083, 13.9203624725, 14.4892511368, 15.0581407547, 15.6270294189, 16.1959171295, 16.7299766541, 17.2756462097, 17.8213157654, 18.3321533203, 18.8429927826, 19.3886623383, 19.9343299866, 20.4799995422, 21.0256690979, 21.5713367462, 22.1170063019, 22.6278457642, 23.1386852264, 23.6495227814, 24.1835823059, 24.7176418304, 25.2400894165, 25.7625389099, 26.2849884033],
