{
"metadata": {
    "version": {
        "essentia": "2.1-beta5",
        "essentia_git_sha": "Undefined",
        "extractor": "music 2.0"
    },
    "audio_properties": {
        "analysis": {
            "equal_loudness": 0,
            "length": 30.4878005981,
            "sample_rate": 44100,
            "start_time": 211.243530273,
            "downmix": "mix"
        },
        "bit_rate": 192000,
        "length": 241.754562378,
        "lossless": 0,
        "number_channels": 2,
        "replay_gain": -8.08840370178,
        "sample_rate": 48000,
        "codec": "mp3",
        "md5_encoded": "c6eb436797005230f385acaf4b981b44"
    },
    "tags": {
        "file_name": "Spain_Hombres_Eva Santamaria.mp3",
        "encoding": ["Lavf58.29.100"]
    }
},
"lowlevel": {
    "average_loudness": 0.940517961979,
    "barkbands_crest": {
        "max": 26.8945789337,
        "mean": 8.01760292053,
        "min": 2.2013425827,
        "stdev": 3.81001377106
    },
    "barkbands_flatness_db": {
        "max": 0.536477804184,
        "mean": 0.126517340541,
        "min": 0.0378588214517,
        "stdev": 0.0423924066126
    },
    "barkbands_kurtosis": {
        "max": 1158.17382812,
        "mean": 3.85810637474,
        "min": -1.765224576,
        "stdev": 40.8540687561
    },
    "barkbands_skewness": {
        "max": 33.7166213989,
        "mean": 0.842161417007,
        "min": -2.98851513863,
        "stdev": 1.77989423275
    },
    "barkbands_spread": {
        "max": 100.897407532,
        "mean": 21.8919219971,
        "min": 0.486755788326,
        "stdev": 11.2473897934
    },
    "dissonance": {
        "max": 0.500000119209,
        "mean": 0.476602554321,
        "min": 0.315057277679,
        "stdev": 0.0232483558357
    },
    "dynamic_complexity": 3.29018330574,
    "erbbands_crest": {
        "max": 27.2236251831,
        "mean": 8.29480075836,
        "min": 2.82600879669,
        "stdev": 3.62755894661
    },
    "erbbands_flatness_db": {
        "max": 0.311582893133,
        "mean": 0.178843721747,
        "min": 0.0554019473493,
        "stdev": 0.0462363697588
    },
    "erbbands_kurtosis": {
        "max": 9.54010677338,
        "mean": 0.684987962246,
        "min": -1.67912220955,
        "stdev": 1.55701386929
    },
    "erbbands_skewness": {
        "max": 2.74518203735,
        "mean": 0.350987881422,
        "min": -1.73152410984,
        "stdev": 0.608599424362
    },
    "erbbands_spread": {
        "max": 124.136817932,
        "mean": 29.5378761292,
        "min": 6.15827608109,
        "stdev": 15.3739528656
    },
    "hfc": {
        "max": 187.073501587,
        "mean": 22.4428539276,
        "min": 1.0912956102e-16,
        "stdev": 17.8224468231
    },
    "loudness_ebu128": {
        "integrated": -15.5579223633,
        "loudness_range": 3.86867713928,
        "momentary": {
            "max": -12.9472732544,
            "mean": -17.70104599,
            "min": -210.787887573,
            "stdev": 14.016207695
        },
        "short_term": {
            "max": -13.4908237457,
            "mean": -15.787604332,
            "min": -19.7276096344,
            "stdev": 1.43258595467
        }
    },
    "melbands_crest": {
        "max": 39.9682426453,
        "mean": 10.700006485,
        "min": 1.62199270725,
        "stdev": 5.34498023987
    },
    "melbands_flatness_db": {
        "max": 0.505505025387,
        "mean": 0.143209069967,
        "min": 0.00451731495559,
        "stdev": 0.0595902018249
    },
    "melbands_kurtosis": {
        "max": 2054.67529297,
        "mean": 8.94402503967,
        "min": -1.73020291328,
        "stdev": 69.0600662231
    },
    "melbands_skewness": {
        "max": 44.0135574341,
        "mean": 1.61733841896,
        "min": -1.62570738792,
        "stdev": 2.18712162971
    },
    "melbands_spread": {
        "max": 163.944213867,
        "mean": 32.8568344116,
        "min": 0.465070039034,
        "stdev": 23.5405426025
    },
    "pitch_salience": {
        "max": 0.883533120155,
        "mean": 0.65863353014,
        "min": 0.00404156604782,
        "stdev": 0.13712567091
    },
    "silence_rate_20dB": {
        "max": 1,
        "mean": 1,
        "min": 1,
        "stdev": 0
    },
    "silence_rate_30dB": {
        "max": 1,
        "mean": 0.997716903687,
        "min": 0,
        "stdev": 0.0477273762226
    },
    "silence_rate_60dB": {
        "max": 1,
        "mean": 0.114916287363,
        "min": 0,
        "stdev": 0.318920850754
    },
    "spectral_centroid": {
        "max": 11754.2490234,
        "mean": 1827.01049805,
        "min": 448.268707275,
        "stdev": 1298.66809082
    },
    "spectral_complexity": {
        "max": 49,
        "mean": 22.2245044708,
        "min": 0,
        "stdev": 9.16999530792
    },
    "spectral_decrease": {
        "max": 1.43436485392e-28,
        "mean": -5.67834179677e-09,
        "min": -3.31489466987e-08,
        "stdev": 4.65111416048e-09
    },
    "spectral_energy": {
        "max": 0.1316100806,
        "mean": 0.0234669875354,
        "min": 1.01640593249e-20,
        "stdev": 0.0185737125576
    },
    "spectral_energyband_high": {
        "max": 0.0231007188559,
        "mean": 0.000926499487832,
        "min": 7.17784441735e-21,
        "stdev": 0.00160337646957
    },
    "spectral_energyband_low": {
        "max": 0.0473577715456,
        "mean": 0.00531270680949,
        "min": 1.09228552391e-23,
        "stdev": 0.0076284231618
    },
    "spectral_energyband_middle_high": {
        "max": 0.0326714552939,
        "mean": 0.00748844724149,
        "min": 1.30529403583e-21,
        "stdev": 0.00634057959542
    },
    "spectral_energyband_middle_low": {
        "max": 0.111580699682,
        "mean": 0.0102843362838,
        "min": 2.11847220324e-22,
        "stdev": 0.0133586451411
    },
    "spectral_entropy": {
        "max": 9.81289482117,
        "mean": 7.8529381752,
        "min": 6.5115032196,
        "stdev": 0.375211387873
    },
    "spectral_flux": {
        "max": 0.261210411787,
        "mean": 0.0889634788036,
        "min": 6.45765871332e-11,
        "stdev": 0.0425878576934
    },
    "spectral_kurtosis": {
        "max": 15.5395450592,
        "mean": 3.33691859245,
        "min": -1.237865448,
        "stdev": 1.86257231236
    },
    "spectral_rms": {
        "max": 0.0113313756883,
        "mean": 0.00434533692896,
        "min": 3.14899278528e-12,
        "stdev": 0.00200315541588
    },
    "spectral_rolloff": {
        "max": 19229.1503906,
        "mean": 2257.87133789,
        "min": 21.533203125,
        "stdev": 2504.87573242
    },
    "spectral_skewness": {
        "max": 3.07774353027,
        "mean": 1.37009680271,
        "min": -0.067163862288,
        "stdev": 0.355839520693
    },
    "spectral_spread": {
        "max": 52617564,
        "mean": 4683731,
        "min": 2186172.25,
        "stdev": 4607386.5
    },
    "spectral_strongpeak": {
        "max": 6.34055042267,
        "mean": 0.9392182827,
        "min": 0,
        "stdev": 1.03373098373
    },
    "zerocrossingrate": {
        "max": 0.57373046875,
        "mean": 0.0850746482611,
        "min": 0,
        "stdev": 0.0646420866251
    },
    "barkbands": {
        "max": [0.0030353423208, 0.0388116501272, 0.013894116506, 0.010361161083, 0.0519300810993, 0.051327817142, 0.0702795311809, 0.0671305209398, 0.0361577197909, 0.0190671719611, 0.0232280418277, 0.012850173749, 0.0153983402997, 0.0147014884278, 0.0147344311699, 0.00552883557975, 0.0060544423759, 0.0118312649429, 0.00990668404847, 0.0105592738837, 0.00351264351048, 0.00773791316897, 0.00902848038822, 0.00431353366002, 0.00240202900022, 0.0021923664026, 3.25148243974e-06],
        "mean": [0.00017085376021, 0.00378432893194, 0.00102636148222, 0.000747981481254, 0.00278998445719, 0.00163363339379, 0.00170030037407, 0.00174551364034, 0.0012639031047, 0.00151693914086, 0.00100816390477, 0.000794401450548, 0.00080619455548, 0.000915870885365, 0.000973741640337, 0.000469996972242, 0.000394410046283, 0.000314020784572, 0.000336260622134, 0.000279003288597, 0.000179964583367, 0.000197160319658, 0.000210533951758, 0.000128567422507, 5.90034724155e-05, 1.99007736228e-05, 2.74680420631e-08],
        "min": [8.11357196782e-25, 4.47660498798e-24, 1.30322267011e-24, 2.02817874226e-24, 1.25954549283e-23, 1.64831681508e-23, 7.22896435213e-24, 2.17431333169e-23, 1.5212423673e-23, 2.24411348008e-23, 2.15961779966e-23, 2.88178493296e-23, 4.43900677283e-23, 3.87807081787e-23, 5.41523350264e-23, 5.92943386659e-23, 1.01259088251e-22, 1.19833651302e-22, 1.99273951319e-22, 2.00937160409e-22, 2.00186227936e-22, 3.52091315951e-22, 5.17667085774e-22, 6.87800881286e-22, 9.58905288083e-22, 1.44133465142e-21, 1.95752534299e-21],
        "stdev": [0.000354448129656, 0.00620022276416, 0.00165693601593, 0.00115994154476, 0.0052523734048, 0.00330645032227, 0.00428726244718, 0.00476259971038, 0.00272691971622, 0.00219335104339, 0.0020489313174, 0.00122800678946, 0.00130488967989, 0.00142177194357, 0.0016133505851, 0.000523835013155, 0.000526196556166, 0.00058073818218, 0.00072475662455, 0.00060730293626, 0.000268351257546, 0.000439188384917, 0.000510934798513, 0.000277606217423, 0.00018021534197, 8.91823437996e-05, 1.55419556336e-07]
    },
    "erbbands": {
        "max": [1.46776139736, 9.43144607544, 16.9864521027, 25.5690383911, 125.024612427, 296.219055176, 412.564300537, 584.736633301, 854.695068359, 871.553894043, 1841.04211426, 812.330871582, 518.516906738, 846.857788086, 800.67199707, 583.172302246, 750.196899414, 600.928100586, 931.940856934, 321.076049805, 301.4168396, 291.821594238, 637.801086426, 622.046081543, 546.905212402, 586.586975098, 155.645141602, 165.095901489, 210.426086426, 433.324645996, 192.425170898, 69.7233581543, 84.9652481079, 28.8329257965, 19.6362533569, 16.5421829224, 1.78967106342, 0.113322496414, 0.00224524363875, 0.000217925407924],
        "mean": [0.105705119669, 0.842249393463, 1.41741168499, 1.91320824623, 6.88349628448, 8.43916893005, 11.1720581055, 13.0464220047, 22.2407970428, 29.0547466278, 39.3298110962, 27.9564838409, 40.4947891235, 50.5735359192, 34.8698959351, 33.375667572, 37.9184074402, 40.3629379272, 63.9061203003, 31.968919754, 25.8477783203, 22.9705314636, 17.8344249725, 16.7376422882, 17.1160411835, 12.5218410492, 8.01740455627, 7.25579404831, 6.80574131012, 7.20551681519, 5.68526172638, 3.2323372364, 1.84884738922, 0.764798164368, 0.378189861774, 0.143223151565, 0.0259055066854, 0.00124996644445, 4.85064847453e-05, 3.20421931974e-05],
        "min": [1.2360968233e-22, 1.17288808741e-21, 2.65492967809e-21, 7.91813713826e-21, 3.38705871604e-20, 5.15163820348e-20, 1.31772133402e-19, 1.55913580525e-19, 1.54393894643e-19, 3.54016939506e-19, 5.80800679502e-19, 3.3471349084e-19, 9.79674460404e-19, 5.55174469029e-19, 1.24968802923e-18, 1.65381797424e-18, 1.87691747764e-18, 2.41016214786e-18, 2.91487446362e-18, 2.7657710223e-18, 3.31316937319e-18, 5.65315620621e-18, 6.34706809591e-18, 9.76765472985e-18, 1.01649272442e-17, 1.05094413519e-17, 1.03815302778e-17, 1.18114385253e-17, 1.30690152726e-17, 1.27811696543e-17, 1.38263561989e-17, 1.36647069092e-17, 9.62344488904e-18, 9.4441137866e-18, 7.02193621996e-18, 4.6190232762e-18, 2.7729432986e-18, 1.01273014865e-18, 2.76513347284e-19, 2.72052950314e-20],
        "stdev": [0.189678043127, 1.4226000309, 2.15583157539, 2.69637036324, 14.3173408508, 16.5955581665, 25.8973045349, 30.0031509399, 55.0398330688, 67.5199737549, 114.324241638, 60.705821991, 58.2872276306, 81.4442062378, 63.4995956421, 51.1518096924, 60.4603767395, 57.1468467712, 109.348587036, 35.0511436462, 28.3666362762, 28.8389320374, 30.9681129456, 31.3329086304, 39.1406822205, 28.4049434662, 11.6112327576, 12.7503881454, 14.2800531387, 19.0013027191, 12.9179077148, 6.51888370514, 4.64065027237, 2.28842449188, 1.19116973877, 0.624451935291, 0.111698761582, 0.00614472851157, 0.000142161690746, 2.60617362073e-05]
    },
    "gfcc": {
        "mean": [-27.148607254, 79.1681442261, -154.688400269, 33.868850708, -70.7665023804, 24.7887859344, -39.8710212708, 8.2819852829, -17.3214225769, -0.914293289185, -11.3348798752, -4.96478700638, -4.79446983337],
        "cov": [[34185.3203125, 3452.90869141, -2127.83007812, 817.71484375, -1428.96166992, 482.333221436, -955.328063965, 162.109939575, -755.487548828, 39.1349143982, -447.442596436, -40.4078788757, -275.794067383], [3452.90869141, 1959.13903809, 573.51348877, 238.260543823, 14.9606618881, -274.531311035, -62.8688430786, -128.718460083, -4.35543394089, -49.0821914673, 122.116203308, -84.9458312988, -9.59962654114], [-2127.83007812, 573.51348877, 1841.07519531, 273.049133301, 463.617950439, -38.8139686584, 182.480911255, 68.7718963623, -63.5882415771, 139.185211182, 32.4843673706, 170.616333008, -48.05103302], [817.71484375, 238.260543823, 273.049133301, 488.266174316, 67.5237197876, 36.8376960754, -16.9332580566, -37.9475898743, 30.3512382507, -24.855512619, 70.7998046875, -33.7583351135, 13.5312423706], [-1428.96166992, 14.9606618881, 463.617950439, 67.5237197876, 350.419647217, 94.0636367798, 153.149658203, 46.8935623169, -15.0473909378, 101.261268616, 4.4307141304, 97.4743499756, 8.32171154022], [482.333221436, -274.531311035, -38.8139686584, 36.8376960754, 94.0636367798, 302.334228516, 114.350250244, 72.681022644, -55.5384063721, 59.6275939941, -64.2843933105, 62.2652435303, 2.35519981384], [-955.328063965, -62.8688430786, 182.480911255, -16.9332580566, 153.149658203, 114.350250244, 259.566345215, 91.6558761597, 7.67262554169, 52.3452606201, 14.3031082153, 49.3406982422, -3.71331238747], [162.109939575, -128.718460083, 68.7718963623, -37.9475898743, 46.8935623169, 72.681022644, 91.6558761597, 151.526031494, 4.26659059525, 61.7750396729, -35.4862632751, 66.9298629761, -20.6175441742], [-755.487548828, -4.35543394089, -63.5882415771, 30.3512382507, -15.0473909378, -55.5384063721, 7.67262554169, 4.26659059525, 129.153305054, -15.4066562653, 51.9323005676, -47.6180419922, 15.2166185379], [39.1349143982, -49.0821914673, 139.185211182, -24.855512619, 101.261268616, 59.6275939941, 52.3452606201, 61.7750396729, -15.4066562653, 125.508888245, -16.7199611664, 75.7436599731, -15.7235937119], [-447.442596436, 122.116203308, 32.4843673706, 70.7998046875, 4.4307141304, -64.2843933105, 14.3031082153, -35.4862632751, 51.9323005676, -16.7199611664, 115.155334473, -23.7305393219, 15.4405021667], [-40.4078788757, -84.9458312988, 170.616333008, -33.7583351135, 97.4743499756, 62.2652435303, 49.3406982422, 66.9298629761, -47.6180419922, 75.7436599731, -23.7305393219, 128.85345459, 0.428377091885], [-275.794067383, -9.59962654114, -48.05103302, 13.5312423706, 8.32171154022, 2.35519981384, -3.71331238747, -20.6175441742, 15.2166185379, -15.7235937119, 15.4405021667, 0.428377091885, 54.0459899902]],
        "icov": [[0.000278284511296, -0.000769384263549, 0.000525966344867, -0.000772049417719, 0.00103436631616, -0.000722925644368, 0.00070319121005, -0.00111800990999, 0.00134480185807, -0.000813324237242, 0.000450940977316, -0.000384530372685, 0.000697353680152], [-0.000769384263549, 0.002863913076, -0.0016656339867, 0.00187462673057, -0.00273844553158, 0.00263677793555, -0.00209573656321, 0.00322035769932, -0.00309302099049, 0.00194382492919, -0.00156886840705, 0.00170292891562, -0.00210532872006], [0.000525966344867, -0.0016656339867, 0.00222787843086, -0.00214604265057, 0.000668380176648, -0.000386542495107, 0.00087055232143, -0.00210968824103, 0.00288511253893, -0.00142483843956, 0.00127229327336, -0.00187190738507, 0.0024996411521], [-0.000772049417719, 0.00187462673057, -0.00214604265057, 0.00552468793467, -0.00340745970607, -0.000257364357822, -0.000122079232824, 0.00251106265932, -0.00430033961311, 0.00332479411736, -0.00377454329282, 0.0024956765119, -0.00217591784894], [0.00103436631616, -0.00273844553158, 0.000668380176648, -0.00340745970607, 0.0111980224028, -0.00333315134048, -0.00049128360115, -0.0014182185987, 0.00381925608963, -0.00632037827745, 0.00273072673008, -0.00356601085514, 0.000419553747633], [-0.000722925644368, 0.00263677793555, -0.000386542495107, -0.000257364357822, -0.00333315134048, 0.00946722179651, -0.00518278544769, 0.00251782941632, -0.000670618901495, 0.000162619369803, 0.0023986401502, 0.000688517931849, -0.00324947293848], [0.00070319121005, -0.00209573656321, 0.00087055232143, -0.000122079232824, -0.00049128360115, -0.00518278544769, 0.0105616571382, -0.00780300982296, 0.00344761577435, -0.00035845671664, -0.0033881184645, 0.00139343983028, 0.00195306248497], [-0.00111800990999, 0.00322035769932, -0.00210968824103, 0.00251106265932, -0.0014182185987, 0.00251782941632, -0.00780300982296, 0.0198486410081, -0.0111838262528, 0.00106441834942, 0.00345092942007, -0.00637196842581, 0.00202998402528], [0.00134480185807, -0.00309302099049, 0.00288511253893, -0.00430033961311, 0.00381925608963, -0.000670618901495, 0.00344761577435, -0.0111838262528, 0.0212420914322, -0.00616034353152, -0.00302745099179, 0.00627872254699, -0.00159134867135], [-0.000813324237242, 0.00194382492919, -0.00142483843956, 0.00332479411736, -0.00632037827745, 0.000162619369803, -0.00035845671664, 0.00106441834942, -0.00616034353152, 0.018567442894, -0.00226501119323, -0.00554793747142, 0.00327055691741], [0.000450940977316, -0.00156886840705, 0.00127229327336, -0.00377454329282, 0.00273072673008, 0.0023986401502, -0.0033881184645, 0.00345092942007, -0.00302745099179, -0.00226501119323, 0.0170002989471, -0.00394288962707, 2.51609362749e-05], [-0.000384530372685, 0.00170292891562, -0.00187190738507, 0.0024956765119, -0.00356601085514, 0.000688517931849, 0.00139343983028, -0.00637196842581, 0.00627872254699, -0.00554793747142, -0.00394288962707, 0.02191898413, -0.00819395855069], [0.000697353680152, -0.00210532872006, 0.0024996411521, -0.00217591784894, 0.000419553747633, -0.00324947293848, 0.00195306248497, 0.00202998402528, -0.00159134867135, 0.00327055691741, 2.51609362749e-05, -0.00819395855069, 0.0268974192441]]
    },
    "melbands": {
        "max": [0.0110776852816, 0.00986135471612, 0.00474025448784, 0.0111645823345, 0.0138174612075, 0.0119405351579, 0.0127113815397, 0.0092868860811, 0.0142651181668, 0.00465696956962, 0.00262191100046, 0.00325621431693, 0.0032806720119, 0.001717229723, 0.00136909575667, 0.00129393022507, 0.00128338346258, 0.00144773372449, 0.00079574965639, 0.000405423925258, 0.000323597923853, 0.00033393886406, 0.000334543641657, 0.000654590083286, 0.000561373250093, 0.000463238800876, 0.000354746502126, 0.00045622716425, 0.000112700945465, 5.16828549735e-05, 0.000137746814289, 0.000131232576678, 0.000204915224458, 0.000245168572292, 0.0001235933305, 5.93177792325e-05, 4.13692105212e-05, 5.91343487031e-05, 5.43441456102e-05, 2.67160939984e-05],
        "mean": [0.0010156595381, 0.000864558503963, 0.000463784730528, 0.000608328613453, 0.000370016088709, 0.000304565182887, 0.000349957408616, 0.000337225239491, 0.000309357681544, 0.00017028558068, 0.000204028518056, 0.00020858985954, 0.000122418263345, 9.17590150493e-05, 8.51585064083e-05, 7.87662283983e-05, 7.40583709558e-05, 0.000106983432488, 6.14600867266e-05, 3.36606863129e-05, 2.86153517663e-05, 2.4299186407e-05, 1.79735652637e-05, 1.45074354805e-05, 1.33534913402e-05, 1.27877210616e-05, 1.12992220238e-05, 7.71978920966e-06, 5.39932261745e-06, 3.94462540498e-06, 4.29285682912e-06, 3.70052953258e-06, 4.03429339713e-06, 4.03276590077e-06, 3.43418105331e-06, 2.57491251432e-06, 1.74014962795e-06, 1.34522190365e-06, 9.86911231848e-07, 5.41264341791e-07],
        "min": [1.52714823363e-24, 1.739344816e-24, 2.56292605345e-24, 2.91484281973e-24, 4.05836316338e-24, 4.12545538894e-24, 2.11160236071e-24, 4.56085414937e-24, 4.4449006682e-24, 1.72150906536e-24, 4.87091474487e-24, 1.90470347236e-24, 3.28262200109e-24, 3.1936621568e-24, 3.01168851205e-24, 4.39721481534e-24, 4.3288470017e-24, 4.39778831722e-24, 5.20528606133e-24, 3.50258383438e-24, 3.52745149112e-24, 4.26299447105e-24, 5.97180208698e-24, 5.60182395585e-24, 7.83651267803e-24, 6.39365097807e-24, 4.17861159774e-24, 6.3304896464e-24, 6.24737131712e-24, 4.38504150828e-24, 5.98877166834e-24, 6.97883549174e-24, 6.47670225417e-24, 6.99254826086e-24, 6.86194523825e-24, 8.30671006514e-24, 6.64462904722e-24, 6.00761163891e-24, 7.69418008262e-24, 6.69923163249e-24],
        "stdev": [0.00169194943737, 0.00130996876396, 0.000642746279482, 0.0012166032102, 0.000786747317761, 0.000660493678879, 0.0008604961331, 0.000800193112809, 0.000918452686165, 0.0003586805542, 0.000300624582451, 0.000331879389705, 0.000242503389018, 0.00015064618492, 0.000123128425912, 0.000130339263706, 0.000117423936899, 0.000188386504306, 9.09316586331e-05, 3.89318738598e-05, 3.44816653524e-05, 3.26268418576e-05, 2.6604755476e-05, 3.02631178783e-05, 2.63351357717e-05, 3.0802195397e-05, 2.7066693292e-05, 1.87101904885e-05, 8.12044163467e-06, 5.24127881363e-06, 8.93160722626e-06, 8.26761242934e-06, 9.38290213526e-06, 1.13654323286e-05, 8.2163433035e-06, 5.39529082744e-06, 3.55073120772e-06, 3.36101811627e-06, 2.95564609587e-06, 1.72080081029e-06]
    },
    "melbands128": {
        "max": [0.00250916532241, 0.0123191485181, 0.0168738774955, 0.0177385155112, 0.0126682007685, 0.00584122072905, 0.00640771398321, 0.00523447897285, 0.01585249044, 0.0185377318412, 0.022676538676, 0.020104188472, 0.0189971383661, 0.00776558881626, 0.015084458515, 0.0173950642347, 0.0240885298699, 0.0181343406439, 0.026067931205, 0.0143084926531, 0.0177189204842, 0.015031516552, 0.0249729789793, 0.0143172824755, 0.00849489029497, 0.00609000306576, 0.00765991769731, 0.00509675731882, 0.006437048316, 0.00406583398581, 0.00718789827079, 0.00440548546612, 0.0050321011804, 0.00296895508654, 0.0020698250737, 0.00374179356731, 0.002505723387, 0.00137470569462, 0.0026349471882, 0.00261371210217, 0.00166847906075, 0.00373356044292, 0.00250163651071, 0.00308225350454, 0.00230666063726, 0.00254657422192, 0.00369468075223, 0.0009674775647, 0.000849883072078, 0.000764401629567, 0.000521733192727, 0.000730975880288, 0.000517143693287, 0.000416695547756, 0.00107466767076, 0.000499459449202, 0.000597105361521, 0.000536801235285, 0.000662650272716, 0.00114131579176, 0.000721402873751, 0.000746571633499, 0.000729442748707, 0.000661398808006, 0.000485230440972, 0.00056815467542, 0.000743358570617, 0.000688149593771, 0.000592352298554, 0.000365539657651, 0.000706267368514, 0.000320211605867, 0.000197579953237, 0.000105245620944, 7.61609771871e-05, 5.97273829044e-05, 4.58842951048e-05, 9.00346421986e-05, 0.000257243227679, 0.000218166416744, 0.000199100395548, 0.000129351596115, 0.000121398610645, 0.000223663053475, 0.000315304176183, 0.000285262649413, 0.000239924775087, 0.000182149800821, 0.000160090930876, 0.000106492138002, 6.84737169649e-05, 7.84819130786e-05, 6.69345099595e-05, 5.20319663337e-05, 3.64031511708e-05, 7.19618037692e-05, 8.27918047435e-05, 5.943803626e-05, 6.94028931321e-05, 4.9297545047e-05, 2.1603083951e-05, 2.90356492769e-05, 3.55153169949e-05, 3.78536824428e-05, 4.08886335208e-05, 2.20445544983e-05, 2.41973630182e-05, 2.58459422184e-05, 4.31794251199e-05, 3.44430882251e-05, 1.80163606274e-05, 8.38179767015e-06, 4.2899946493e-06, 6.69420342092e-06, 3.81244876735e-06, 5.83119401654e-07, 2.16317999957e-07, 1.48596086547e-08, 1.45750327363e-08, 1.4256850811e-08, 1.39741924698e-08, 1.37748497053e-08, 1.35357165476e-08, 1.33458950557e-08, 1.31772663892e-08, 1.30511184082e-08, 1.29572859109e-08, 1.28943700162e-08],
        "mean": [0.000151881336933, 0.000765914679505, 0.0014368260745, 0.00139816838782, 0.000881077779923, 0.000439068535343, 0.000345667416696, 0.000387780048186, 0.000755865417887, 0.000784277450293, 0.000377915595891, 0.000354853313183, 0.000428919796832, 0.000312452641083, 0.000241430403548, 0.000345437700162, 0.000345786451362, 0.000348617439158, 0.000375163916033, 0.000280949228909, 0.000356835575076, 0.000388739310438, 0.000315227778628, 0.000227729862672, 0.000151065571117, 0.000157913862495, 0.000171322011738, 0.000207742283237, 0.000243684873567, 0.000198862398975, 0.000228178440011, 0.000162340147654, 0.000101098434243, 0.000112954876386, 8.55191756273e-05, 9.43000777625e-05, 8.23869922897e-05, 8.84507098817e-05, 7.8566125012e-05, 9.21958417166e-05, 7.88566248957e-05, 6.15533717792e-05, 6.65071056574e-05, 8.08416371001e-05, 9.94803558569e-05, 0.000117537718324, 0.00011495227227, 6.24054664513e-05, 4.06353719882e-05, 3.17808953696e-05, 3.31282317347e-05, 3.53181203536e-05, 3.09798306262e-05, 2.48932865361e-05, 2.46358304139e-05, 2.42468777287e-05, 2.61711593339e-05, 1.63271724887e-05, 1.70428320416e-05, 1.6523836166e-05, 1.42605640576e-05, 1.23077143144e-05, 1.49418501678e-05, 1.25584338093e-05, 1.3094152564e-05, 1.26136574181e-05, 1.30705011543e-05, 1.25021069834e-05, 1.16308874567e-05, 8.35160608403e-06, 7.52799314796e-06, 7.72096427681e-06, 6.43893372398e-06, 5.04338731844e-06, 3.98768816012e-06, 3.94492280975e-06, 3.74252363144e-06, 4.40518488176e-06, 4.60186038254e-06, 3.8455923459e-06, 3.88304533772e-06, 3.33325760948e-06, 3.93311574953e-06, 4.31111448052e-06, 3.85901785194e-06, 4.119973255e-06, 4.14914711655e-06, 3.78436152459e-06, 3.40067231264e-06, 3.28042006004e-06, 2.75803358818e-06, 2.48752394327e-06, 2.0261525151e-06, 1.70557859747e-06, 1.59577007253e-06, 1.43750571624e-06, 1.23206484659e-06, 1.28207557282e-06, 1.17437366498e-06, 7.90460376265e-07, 4.25611574428e-07, 5.62978527796e-07, 5.34203309144e-07, 5.83469272897e-07, 4.0433261006e-07, 3.41568238582e-07, 3.2229385738e-07, 2.64384169668e-07, 2.57100680301e-07, 2.25630330419e-07, 1.62367868484e-07, 1.05914331527e-07, 5.53738033204e-08, 3.93339227855e-08, 1.8145502878e-08, 4.69701300077e-09, 1.13863241058e-09, 1.53478861564e-11, 1.48856846988e-11, 1.4864918324e-11, 1.45959112852e-11, 1.41830791903e-11, 1.38798833538e-11, 1.322933256e-11, 1.30063199794e-11, 1.28090940632e-11, 1.26773678361e-11, 1.26083310459e-11],
        "min": [6.71783297264e-25, 8.38107617989e-25, 8.59554083597e-25, 2.01199368307e-24, 1.37275425081e-24, 4.42850784277e-25, 1.389351194e-24, 5.39909518346e-25, 2.36166337906e-24, 8.99076409379e-25, 1.53833408405e-24, 2.86764818069e-25, 1.79749057003e-24, 1.03230387361e-24, 9.10762200398e-25, 7.16870642302e-25, 2.61140372545e-24, 9.42371758263e-25, 8.18964527618e-25, 2.26172042161e-24, 2.32881363324e-24, 3.24072757056e-24, 1.80382985626e-24, 1.62582930946e-24, 9.9831037809e-25, 6.93406615626e-25, 1.62918867362e-24, 1.8597311038e-24, 3.45103374637e-24, 1.23979292852e-24, 1.29906152745e-24, 7.93356229089e-25, 2.71139066189e-24, 2.08988521721e-24, 1.86671784763e-24, 1.49295426883e-24, 2.07465724351e-24, 9.64019383401e-25, 2.37666948563e-24, 2.90165799577e-24, 2.64234975268e-24, 2.10084643948e-24, 7.14550355861e-25, 1.88427473593e-24, 1.81091027732e-24, 3.13283427569e-24, 2.66668275895e-24, 3.89170683082e-24, 2.63778481184e-24, 1.86481314297e-24, 2.59105841105e-24, 1.94498882386e-24, 7.77167866542e-25, 1.97746031087e-24, 2.6796965973e-24, 2.22419489999e-24, 3.98222861969e-24, 3.93544009611e-24, 2.81930486157e-24, 3.70204060895e-24, 2.92806511458e-24, 3.81325421936e-24, 3.86941243835e-24, 5.12857880462e-24, 4.22773593846e-24, 2.44791190841e-24, 3.94739173326e-24, 2.6634699257e-24, 2.28528862723e-24, 4.72167922212e-24, 3.59459972581e-24, 4.47019667642e-24, 2.63097812552e-24, 4.02573350976e-24, 4.17925767482e-24, 4.0030533643e-24, 4.679272032e-24, 3.75494004353e-24, 4.9164604181e-24, 3.99887831796e-24, 3.44171217149e-24, 5.30045818524e-24, 4.95498601813e-24, 5.23790782634e-24, 4.6823986822e-24, 5.39747229936e-24, 8.0401673759e-24, 3.96989320172e-24, 5.17141789608e-24, 6.16898142011e-24, 6.38788282713e-24, 5.21034502631e-24, 7.48250976909e-24, 5.83683035268e-24, 4.27676443258e-24, 6.51356927415e-24, 3.46693718222e-24, 6.17274152562e-24, 3.95631335567e-24, 5.45591387623e-24, 5.69615002643e-24, 4.87017794879e-24, 6.31711727077e-24, 5.76669904048e-24, 5.22942165515e-24, 5.44402179809e-24, 5.52246494321e-24, 5.73218164271e-24, 6.09812120044e-24, 5.87580126469e-24, 6.11876490147e-24, 6.21009527277e-24, 5.54468084402e-24, 5.20313168219e-24, 6.34744739485e-24, 6.00386612733e-24, 5.78735141898e-24, 7.07647517256e-24, 5.72371164317e-24, 8.15158845674e-24, 6.11861501789e-24, 5.93387917668e-24, 6.46878524613e-24, 6.29021435289e-24, 5.75214850108e-24, 7.26400397581e-24, 7.7015535655e-24, 7.42674124739e-24],
        "stdev": [0.000322669598972, 0.00154147169087, 0.00256279925816, 0.00247053406201, 0.00141362834256, 0.000730286876205, 0.000591126095969, 0.000599685881753, 0.00174536078703, 0.00188119011, 0.00096256355755, 0.000909604190383, 0.00120942061767, 0.000738381175324, 0.000704592384864, 0.000993759487756, 0.000988212530501, 0.00116208079271, 0.00119416834787, 0.000796556239948, 0.00107595033478, 0.00124505371787, 0.00133706070483, 0.000764481723309, 0.000449503801065, 0.000409232510719, 0.000357820768841, 0.000410787353758, 0.00049339531688, 0.000360373756848, 0.000541177694686, 0.000402892503189, 0.000285459769657, 0.000269080133876, 0.000161249496159, 0.000227905460633, 0.00017218782159, 0.000151712767547, 0.000167032892932, 0.000217575245188, 0.000160476876772, 0.00015642955259, 0.000136556918733, 0.000186255114386, 0.000202832889045, 0.000264932139544, 0.000294825789751, 0.000110959568701, 6.96672505001e-05, 5.48373172933e-05, 4.52618260169e-05, 5.57361963729e-05, 4.44707329734e-05, 3.81232639484e-05, 5.84724657529e-05, 3.85186867788e-05, 4.34747562394e-05, 2.81454540527e-05, 3.67895809177e-05, 4.27214799856e-05, 3.28854948748e-05, 2.93560660793e-05, 3.27606358042e-05, 2.94572510029e-05, 3.04313944071e-05, 3.22681953548e-05, 4.16478214902e-05, 3.37636447512e-05, 3.24316279148e-05, 2.35050156334e-05, 2.53481448453e-05, 1.5788271412e-05, 1.15736365842e-05, 8.13535552879e-06, 5.7750266933e-06, 6.11332006883e-06, 5.23716198586e-06, 7.55559267418e-06, 1.21673174363e-05, 1.10649316412e-05, 1.02859794424e-05, 7.49511082176e-06, 8.31174111227e-06, 1.06137667899e-05, 1.18478765216e-05, 1.21482889881e-05, 1.30202124637e-05, 1.02484764284e-05, 9.15416057978e-06, 7.64259038988e-06, 6.21122944722e-06, 5.54178450329e-06, 4.89068179377e-06, 3.76644516109e-06, 3.27259817823e-06, 3.4781917293e-06, 3.80954179491e-06, 3.55972611032e-06, 3.59071350431e-06, 2.83142503577e-06, 1.4448598904e-06, 1.81370694463e-06, 1.81351413175e-06, 1.91874551092e-06, 1.59052262916e-06, 1.12717009415e-06, 1.11644249046e-06, 1.0465005289e-06, 1.41763189276e-06, 1.30607236315e-06, 8.13121403098e-07, 4.60719888906e-07, 2.51314389743e-07, 2.5806133408e-07, 1.46631165876e-07, 2.59407801906e-08, 7.40494421336e-09, 4.09727640704e-10, 4.01981947729e-10, 3.93544724586e-10, 3.85810994263e-10, 3.80077469497e-10, 3.73434422274e-10, 3.67987390559e-10, 3.6333841491e-10, 3.59861002108e-10, 3.57275653506e-10, 3.55541401875e-10]
    },
    "mfcc": {
        "mean": [-637.331970215, 96.5413742065, -21.6795082092, 6.36276102066, -4.68793344498, 7.39103078842, -6.37359809875, 5.34146356583, -2.80244088173, 6.39592170715, -3.05490970612, -0.427815139294, -2.59181928635],
        "cov": [[11676.9414062, 1987.93103027, 360.7762146, 320.682678223, 37.0791969299, 184.869720459, 120.910453796, 103.719665527, -47.8844070435, 70.1863479614, -2.73453593254, -112.52784729, -45.2595672607], [1987.93103027, 1802.64758301, 573.90625, 405.867248535, 99.5214614868, -20.2468338013, 40.7970962524, -50.8186759949, -77.4737930298, -20.6472587585, -6.37434625626, 45.8392601013, 77.5003662109], [360.7762146, 573.90625, 972.131164551, 453.635620117, 228.042785645, 66.4670639038, 116.501213074, 17.4670238495, -30.3746013641, -9.29063224792, 19.964673996, 8.81045722961, 47.054233551], [320.682678223, 405.867248535, 453.635620117, 472.150604248, 177.212158203, 49.5735664368, 34.8837928772, -0.651767492294, -56.6386680603, 24.6946868896, 6.08869552612, 17.5702781677, 55.4063148499], [37.0791969299, 99.5214614868, 228.042785645, 177.212158203, 206.152923584, 81.5869827271, 31.0006217957, -8.21283149719, -1.57378256321, -9.10227489471, 1.73085570335, 2.34680652618, 14.5260438919], [184.869720459, -20.2468338013, 66.4670639038, 49.5735664368, 81.5869827271, 213.049606323, 138.694656372, 42.744720459, 37.0529251099, 16.9343299866, 26.4450378418, -22.541721344, -12.6944007874], [120.910453796, 40.7970962524, 116.501213074, 34.8837928772, 31.0006217957, 138.694656372, 231.544906616, 89.7105789185, 55.4949798584, 17.9601039886, 50.0392532349, -17.535572052, 12.0177183151], [103.719665527, -50.8186759949, 17.4670238495, -0.651767492294, -8.21283149719, 42.744720459, 89.7105789185, 114.820770264, 55.572845459, 20.8189849854, 30.3561058044, 1.36860525608, 1.00244665146], [-47.8844070435, -77.4737930298, -30.3746013641, -56.6386680603, -1.57378256321, 37.0529251099, 55.4949798584, 55.572845459, 113.4949646, 22.2825107574, 32.2930908203, 4.16377258301, -9.4580450058], [70.1863479614, -20.6472587585, -9.29063224792, 24.6946868896, -9.10227489471, 16.9343299866, 17.9601039886, 20.8189849854, 22.2825107574, 82.8708877563, 29.8871650696, -1.11166119576, 1.43026816845], [-2.73453593254, -6.37434625626, 19.964673996, 6.08869552612, 1.73085570335, 26.4450378418, 50.0392532349, 30.3561058044, 32.2930908203, 29.8871650696, 73.9412994385, 22.4652347565, 9.5778427124], [-112.52784729, 45.8392601013, 8.81045722961, 17.5702781677, 2.34680652618, -22.541721344, -17.535572052, 1.36860525608, 4.16377258301, -1.11166119576, 22.4652347565, 74.818862915, 34.7174873352], [-45.2595672607, 77.5003662109, 47.054233551, 55.4063148499, 14.5260438919, -12.6944007874, 12.0177183151, 1.00244665146, -9.4580450058, 1.43026816845, 9.5778427124, 34.7174873352, 66.113861084]],
        "icov": [[0.000119322154205, -0.0001687144686, 3.05382345687e-05, 3.27712696162e-05, 2.00783051696e-05, -0.000167747217347, 0.000156768233865, -0.000267547467956, 9.59083699854e-05, -8.70440053404e-05, -4.54861328762e-05, 0.000238280772464, 6.62654056214e-05], [-0.0001687144686, 0.00102540699299, -0.000325185945258, -0.000603329681326, 0.000414638547227, 0.000404121819884, -0.000589768227655, 0.000970092136413, -0.000203866089578, 0.000343355844961, 0.000260658009211, -0.000719068048056, -0.000198219378944], [3.05382345687e-05, -0.000325185945258, 0.00233920663595, -0.00170010142028, -0.00118084123824, 0.000963726895861, -0.00128611712717, 4.6057972213e-05, -0.000139583004056, 0.000768134079408, -0.000385536113754, 0.000172530213604, 0.000768247875385], [3.27712696162e-05, -0.000603329681326, -0.00170010142028, 0.0062124482356, -0.00311573781073, -0.000590523879509, 0.00105149880983, -0.00183114479296, 0.00305924750865, -0.00313911098056, 0.000424030673457, 0.000180114380782, -0.00250928569585], [2.00783051696e-05, 0.000414638547227, -0.00118084123824, -0.00311573781073, 0.0102644693106, -0.00421655690297, 0.00183011323679, 0.00194254645612, -0.00249453843571, 0.0026943963021, -5.79836450925e-05, 5.38416315976e-05, -0.000882745545823], [-0.000167747217347, 0.000404121819884, 0.000963726895861, -0.000590523879509, -0.00421655690297, 0.0109122376889, -0.00717994337901, 0.00162910250947, -0.000318216829328, -0.00120631814934, 0.000548673328012, -0.0006887508207, 0.00378527981229], [0.000156768233865, -0.000589768227655, -0.00128611712717, 0.00105149880983, 0.00183011323679, -0.00717994337901, 0.0131921377033, -0.00638402672485, -0.000734593486413, 0.00184422684833, -0.00498338416219, 0.00567766372114, -0.00565356062725], [-0.000267547467956, 0.000970092136413, 4.6057972213e-05, -0.00183114479296, 0.00194254645612, 0.00162910250947, -0.00638402672485, 0.0166641045362, -0.00567296426743, -0.00054119998822, 0.00029930769233, -0.00236243871041, 0.00137259915937], [9.59083699854e-05, -0.000203866089578, -0.000139583004056, 0.00305924750865, -0.00249453843571, -0.000318216829328, -0.000734593486413, -0.00567296426743, 0.0148500837386, -0.00289677339606, -0.00231208070181, -0.00157340825535, 0.00189496495295], [-8.70440053404e-05, 0.000343355844961, 0.000768134079408, -0.00313911098056, 0.0026943963021, -0.00120631814934, 0.00184422684833, -0.00054119998822, -0.00289677339606, 0.0168959926814, -0.00701194629073, 0.00329106301069, -0.00102099892683], [-4.54861328762e-05, 0.000260658009211, -0.000385536113754, 0.000424030673457, -5.79836450925e-05, 0.000548673328012, -0.00498338416219, 0.00029930769233, -0.00231208070181, -0.00701194629073, 0.0230177640915, -0.0090228561312, 0.00182617013343], [0.000238280772464, -0.000719068048056, 0.000172530213604, 0.000180114380782, 5.38416315976e-05, -0.0006887508207, 0.00567766372114, -0.00236243871041, -0.00157340825535, 0.00329106301069, -0.0090228561312, 0.0235776249319, -0.0117781627923], [6.62654056214e-05, -0.000198219378944, 0.000768247875385, -0.00250928569585, -0.000882745545823, 0.00378527981229, -0.00565356062725, 0.00137259915937, 0.00189496495295, -0.00102099892683, 0.00182617013343, -0.0117781627923, 0.0251003969461]]
    },
    "spectral_contrast_coeffs": {
        "max": [-0.401725590229, -0.522940397263, -0.546367943287, -0.618202865124, -0.663437843323, -0.606834769249],
        "mean": [-0.739893019199, -0.787975490093, -0.782409667969, -0.804074108601, -0.802673697472, -0.745943188667],
        "min": [-0.97601723671, -0.972948014736, -0.969615757465, -0.968488872051, -0.96529173851, -0.962902963161],
        "stdev": [0.0880369469523, 0.0716616362333, 0.069933027029, 0.0535924844444, 0.0396409593523, 0.0442612692714]
    },
    "spectral_contrast_valleys": {
        "max": [-5.1776471138, -4.60778045654, -5.24512767792, -5.77539300919, -5.68182182312, -7.81123304367],
        "mean": [-7.57489728928, -6.9402384758, -7.23081207275, -7.30931854248, -7.5290760994, -10.3626794815],
        "min": [-27.7991161346, -27.6143321991, -27.6095714569, -27.5508918762, -27.3908138275, -27.3232879639],
        "stdev": [2.87000703812, 2.73412680626, 2.64767360687, 2.62019371986, 2.56115913391, 2.27835988998]
    }
},
"rhythm": {
    "beats_count": 60,
    "beats_loudness": {
        "max": 0.0697650015354,
        "mean": 0.0276975538582,
        "min": 7.16491754815e-08,
        "stdev": 0.018880084157
    },
    "bpm": 128.760574341,
    "bpm_histogram_first_peak_bpm": 129,
    "bpm_histogram_first_peak_weight": 0.285714268684,
    "bpm_histogram_second_peak_bpm": 136,
    "bpm_histogram_second_peak_spread": 0.25,
    "bpm_histogram_second_peak_weight": 0.152542367578,
    "danceability": 1.10381233692,
    "onset_rate": 3.37711453438,
    "beats_loudness_band_ratio": {
        "max": [0.998346745968, 0.680936872959, 0.762806773186, 0.669990360737, 0.497596859932, 0.879059672356],
        "mean": [0.230558127165, 0.142520055175, 0.224719420075, 0.220434337854, 0.15161536634, 0.0849877744913],
        "min": [0.000768978847191, 5.18587557963e-06, 4.01214820158e-05, 8.05450545158e-05, 0.000121937002405, 0.00141968892422],
        "stdev": [0.202932849526, 0.14542208612, 0.200284704566, 0.158120557666, 0.132135510445, 0.133363068104]
    },
    "beats_position": [0.580498874187, 1.16099774837, 1.74149656296, 2.32199549675, 2.90249419212, 3.48299312592, 4.06349182129, 4.65560102463, 5.23609972, 5.8282084465, 6.420317173, 7.01242637634, 7.59292507172, 8.18503379822, 8.77714252472, 9.24154186249, 9.70594120026, 10.1703395844, 10.6347389221, 11.0991382599, 11.5635375977, 12.0279359818, 12.4923353195, 12.9567346573, 13.4443531036, 13.9435825348, 14.4428119659, 14.9536504745, 15.4644899368, 15.9753284454, 16.4165077209, 16.8576869965, 17.298866272, 17.7400455475, 18.181224823, 18.6224040985, 19.0635814667, 19.4815406799, 19.8994998932, 20.3290691376, 20.758638382, 21.1882076263, 21.6293869019, 22.0705661774, 22.5465755463, 23.010974884, 23.4637641907, 23.974603653, 24.4854412079, 24.984670639, 25.4722900391, 25.9715194702, 26.470746994, 26.958366394, 27.4459857941, 27.9336051941, 28.409614563, 28.8856239319, 29.3732414246, 29.8608608246],
