{
"metadata": {
    "version": {
        "essentia": "2.1-beta5",
        "essentia_git_sha": "Undefined",
        "extractor": "music 2.0"
    },
    "audio_properties": {
        "analysis": {
            "equal_loudness": 0,
            "length": 21.4552383423,
            "sample_rate": 44100,
            "start_time": 191.4949646,
            "downmix": "mix"
        },
        "bit_rate": 192000,
        "length": 212.973434448,
        "lossless": 0,
        "number_channels": 2,
        "replay_gain": 5.86226463318,
        "sample_rate": 48000,
        "codec": "mp3",
        "md5_encoded": "cd1cb9248edaea3af2868a2a8265e160"
    },
    "tags": {
        "file_name": "Italy_Sole D_europa_Enrico Ruggeri.mp3",
        "encoding": ["Lavf58.29.100"]
    }
},
"lowlevel": {
    "average_loudness": 0.237613365054,
    "barkbands_crest": {
        "max": 20.1940193176,
        "mean": 7.13339281082,
        "min": 3.09390115738,
        "stdev": 2.52374434471
    },
    "barkbands_flatness_db": {
        "max": 0.226536273956,
        "mean": 0.104539901018,
        "min": 0.0546428188682,
        "stdev": 0.0403707437217
    },
    "barkbands_kurtosis": {
        "max": 5.83601570129,
        "mean": 1.76327681541,
        "min": -1.40113413334,
        "stdev": 1.71404409409
    },
    "barkbands_skewness": {
        "max": 1.810303092,
        "mean": -0.737992346287,
        "min": -2.24169564247,
        "stdev": 1.15573513508
    },
    "barkbands_spread": {
        "max": 45.5336532593,
        "mean": 22.3752403259,
        "min": 7.38527297974,
        "stdev": 5.97452163696
    },
    "dissonance": {
        "max": 0.499998897314,
        "mean": 0.478724002838,
        "min": 0.365093410015,
        "stdev": 0.025932315737
    },
    "dynamic_complexity": 4.7684135437,
    "erbbands_crest": {
        "max": 23.6258201599,
        "mean": 6.79600143433,
        "min": 2.59429264069,
        "stdev": 4.50791740417
    },
    "erbbands_flatness_db": {
        "max": 0.301346480846,
        "mean": 0.162540718913,
        "min": 0.0849646031857,
        "stdev": 0.0664730966091
    },
    "erbbands_kurtosis": {
        "max": 4.05741453171,
        "mean": 0.0347724743187,
        "min": -1.51249575615,
        "stdev": 0.749633669853
    },
    "erbbands_skewness": {
        "max": 1.93254411221,
        "mean": -0.204672455788,
        "min": -1.18540632725,
        "stdev": 0.540871858597
    },
    "erbbands_spread": {
        "max": 45.0541229248,
        "mean": 29.7092075348,
        "min": 8.45338726044,
        "stdev": 8.32995510101
    },
    "hfc": {
        "max": 88.7463531494,
        "mean": 16.3343334198,
        "min": 1.02468017467e-16,
        "stdev": 20.0116519928
    },
    "loudness_ebu128": {
        "integrated": -28.0079898834,
        "loudness_range": 11.3003330231,
        "momentary": {
            "max": -26.0739421844,
            "mean": -161.861160278,
            "min": -300.691009521,
            "stdev": 134.577041626
        },
        "short_term": {
            "max": -27.0987796783,
            "mean": -143.866958618,
            "min": -300.691009521,
            "stdev": 131.565444946
        }
    },
    "melbands_crest": {
        "max": 20.7443084717,
        "mean": 5.73029088974,
        "min": 1.52887797356,
        "stdev": 4.39452314377
    },
    "melbands_flatness_db": {
        "max": 0.257533699274,
        "mean": 0.0793034434319,
        "min": 0.00307551817968,
        "stdev": 0.0834974348545
    },
    "melbands_kurtosis": {
        "max": 10.4513063431,
        "mean": 0.19303008914,
        "min": -1.43500697613,
        "stdev": 1.83823573589
    },
    "melbands_skewness": {
        "max": 2.65991091728,
        "mean": 0.395326316357,
        "min": -0.729556560516,
        "stdev": 0.580200612545
    },
    "melbands_spread": {
        "max": 162.532806396,
        "mean": 81.0102386475,
        "min": 10.0003833771,
        "stdev": 50.9586296082
    },
    "pitch_salience": {
        "max": 0.849519968033,
        "mean": 0.697337388992,
        "min": 0.285895287991,
        "stdev": 0.133538141847
    },
    "silence_rate_20dB": {
        "max": 1,
        "mean": 1,
        "min": 1,
        "stdev": 0
    },
    "silence_rate_30dB": {
        "max": 1,
        "mean": 1,
        "min": 1,
        "stdev": 0
    },
    "silence_rate_60dB": {
        "max": 1,
        "mean": 0.557837843895,
        "min": 0,
        "stdev": 0.496644943953
    },
    "spectral_centroid": {
        "max": 11852.7714844,
        "mean": 6426.23583984,
        "min": 157.400222778,
        "stdev": 4557.31787109
    },
    "spectral_complexity": {
        "max": 53,
        "mean": 11.5567569733,
        "min": 0,
        "stdev": 13.8311862946
    },
    "spectral_decrease": {
        "max": 2.76226117088e-28,
        "mean": -3.17146353623e-09,
        "min": -1.4857922892e-08,
        "stdev": 4.0214866992e-09
    },
    "spectral_energy": {
        "max": 0.0613969378173,
        "mean": 0.0134514039382,
        "min": 9.79687514349e-21,
        "stdev": 0.016912214458
    },
    "spectral_energyband_high": {
        "max": 0.00412866100669,
        "mean": 0.000361634592991,
        "min": 6.75088876261e-21,
        "stdev": 0.000538951018825
    },
    "spectral_energyband_low": {
        "max": 0.00544480374083,
        "mean": 0.000622607185505,
        "min": 7.06846744551e-24,
        "stdev": 0.00103073974606
    },
    "spectral_energyband_middle_high": {
        "max": 0.0484589971602,
        "mean": 0.0053432341665,
        "min": 1.07124655308e-21,
        "stdev": 0.00743332272395
    },
    "spectral_energyband_middle_low": {
        "max": 0.0514702908695,
        "mean": 0.00719924084842,
        "min": 1.51415590357e-22,
        "stdev": 0.0107030300424
    },
    "spectral_entropy": {
        "max": 9.82820034027,
        "mean": 8.58983612061,
        "min": 6.4809794426,
        "stdev": 1.24975347519
    },
    "spectral_flux": {
        "max": 0.19197897613,
        "mean": 0.0351776741445,
        "min": 6.23474952222e-11,
        "stdev": 0.040946289897
    },
    "spectral_kurtosis": {
        "max": 16.9536399841,
        "mean": 1.91912126541,
        "min": -1.27720892429,
        "stdev": 3.5429930687
    },
    "spectral_rms": {
        "max": 0.00773947359994,
        "mean": 0.00239657005295,
        "min": 3.09158970126e-12,
        "stdev": 0.00271656736732
    },
    "spectral_rolloff": {
        "max": 20047.4121094,
        "mean": 10431.2841797,
        "min": 753.662109375,
        "stdev": 8247.37207031
    },
    "spectral_skewness": {
        "max": 2.36074233055,
        "mean": 0.680831372738,
        "min": -0.103491142392,
        "stdev": 0.704372942448
    },
    "spectral_spread": {
        "max": 42941120,
        "mean": 21601532,
        "min": 2321662,
        "stdev": 18697962
    },
    "spectral_strongpeak": {
        "max": 12.9614772797,
        "mean": 1.28271591663,
        "min": 0,
        "stdev": 1.87890958786
    },
    "zerocrossingrate": {
        "max": 0.82373046875,
        "mean": 0.287766039371,
        "min": 0.0390625,
        "stdev": 0.21216827631
    },
    "barkbands": {
        "max": [0.000319792103255, 0.00347061944194, 0.0027077042032, 0.00250215874985, 0.00573954498395, 0.0213185809553, 0.014299296774, 0.00874200463295, 0.0422797054052, 0.0153439762071, 0.00360181438737, 0.0157467816025, 0.0124912327155, 0.0405102744699, 0.0208122935146, 0.0102976225317, 0.00477582262829, 0.00550736719742, 0.00357292639092, 0.00336392712779, 0.00209979480132, 0.00105581525713, 0.000536102161277, 0.000440342962975, 0.000195327855181, 0.000118059746455, 9.0541868758e-07],
        "mean": [4.24213030783e-05, 0.000333723815857, 0.000213840568904, 0.000151629094034, 0.000334305019351, 0.00144101306796, 0.000928595254663, 0.000615913420916, 0.00312342238612, 0.00103363208473, 0.000130298518343, 0.000557865947485, 0.000382589903893, 0.000808939978015, 0.00100699183531, 0.00086177123012, 0.000375068804715, 0.000267675088253, 0.000224315241212, 0.000343231193256, 0.000180344795808, 4.68422149424e-05, 2.29273136938e-05, 1.53840956045e-05, 6.93019137543e-06, 1.74283309207e-06, 1.9538499707e-09],
        "min": [1.58336241243e-25, 1.55177163932e-24, 2.53178202213e-25, 4.98320771423e-25, 4.4403686623e-24, 5.76215638496e-24, 3.94742683757e-24, 5.06104363367e-24, 1.07520668531e-23, 1.0046631144e-23, 6.46085561631e-24, 1.76744049156e-23, 1.42783366306e-23, 2.10250032582e-23, 4.72917505732e-23, 3.59283922493e-23, 5.71867610736e-23, 7.57416972648e-23, 1.0074104645e-22, 1.33506668138e-22, 2.15298619313e-22, 2.89322751817e-22, 3.43223257199e-22, 5.03181226661e-22, 8.07775088668e-22, 1.12201143102e-21, 1.88387213919e-21],
        "stdev": [5.98053520662e-05, 0.000572251679841, 0.000436577422079, 0.000315994402627, 0.000739156268537, 0.00300607294776, 0.00197424553335, 0.00118129060138, 0.00640750862658, 0.0020813907031, 0.000323064159602, 0.00133488501888, 0.000995568232611, 0.00274271005765, 0.00212772237137, 0.00147365231533, 0.000654750154354, 0.000485863914946, 0.000431250198744, 0.000536916952115, 0.000286527676508, 9.72650086624e-05, 6.51888549328e-05, 4.61143499706e-05, 1.92125698959e-05, 6.20006176177e-06, 2.97809990002e-08]
    },
    "erbbands": {
        "max": [0.0658789873123, 0.909541130066, 2.75845170021, 4.99024820328, 13.2084846497, 29.916841507, 38.1738777161, 235.120941162, 255.313827515, 138.715530396, 207.396835327, 467.416107178, 1124.13525391, 438.957427979, 165.56741333, 603.636535645, 677.630004883, 538.973449707, 1771.9699707, 770.315979004, 709.841430664, 224.232376099, 232.870742798, 226.671234131, 179.606750488, 159.275466919, 103.174797058, 76.1110534668, 42.4430427551, 27.155330658, 15.3867835999, 10.7400884628, 5.92491674423, 2.80242919922, 1.75005185604, 0.667036533356, 0.168013766408, 0.0119036082178, 0.000260395405348, 8.1991085608e-05],
        "mean": [0.00617001298815, 0.085650190711, 0.259190112352, 0.347615540028, 1.03317677975, 1.03289985657, 1.27517473698, 16.7834091187, 16.1095485687, 12.2094717026, 13.5447664261, 36.386920929, 97.2485275269, 16.9123287201, 9.84925174713, 22.8292293549, 19.2935848236, 21.1233444214, 53.2887191772, 44.0894203186, 54.8137359619, 23.3780708313, 16.1967468262, 13.9287385941, 17.0535507202, 12.2559261322, 9.33972454071, 4.17072677612, 1.88082277775, 1.05808317661, 0.583821773529, 0.389013320208, 0.208167359233, 0.0898540019989, 0.0437902957201, 0.0139764221385, 0.00192419602536, 7.63402422308e-05, 1.10971532195e-05, 1.72067757376e-05],
        "min": [3.60744892889e-23, 5.50886485499e-22, 1.1091346967e-21, 4.27265483961e-21, 7.52415925199e-21, 1.10156223785e-20, 2.1483058271e-20, 4.94702150803e-20, 6.15529650725e-20, 1.64566497193e-19, 1.54924401759e-19, 2.11186719634e-19, 4.21313484861e-19, 5.27913594569e-19, 7.80725477268e-19, 8.13082197891e-19, 1.2106629921e-18, 1.34302595218e-18, 2.05128177409e-18, 2.12265753478e-18, 2.52423407664e-18, 4.02947056053e-18, 4.52135020306e-18, 5.85029733442e-18, 5.80292221919e-18, 7.19235196976e-18, 7.70784513724e-18, 8.88820622875e-18, 8.87943480554e-18, 7.91027194956e-18, 1.00307990807e-17, 1.04898702586e-17, 8.42487837943e-18, 7.36669930901e-18, 5.45763593841e-18, 3.75110608643e-18, 2.21859849172e-18, 8.93030599962e-19, 2.47219934963e-19, 2.55634853028e-20],
        "stdev": [0.0107050882652, 0.14954444766, 0.470038354397, 0.751720309258, 2.09864997864, 3.15499663353, 2.50846099854, 34.4373626709, 32.9460220337, 21.7276611328, 25.2615451813, 73.4556427002, 190.322311401, 45.0875587463, 18.2129802704, 55.9906692505, 51.9289131165, 44.0410995483, 139.058517456, 86.5659332275, 96.6291351318, 34.9372940063, 26.6553630829, 24.2079086304, 25.6927642822, 18.4605560303, 15.2660827637, 6.99427890778, 3.71677231789, 2.73526358604, 1.66807341576, 1.16858816147, 0.617457449436, 0.254789113998, 0.129672423005, 0.0436691604555, 0.00770652899519, 0.000471423671115, 1.7031437892e-05, 2.1241065042e-05]
    },
    "gfcc": {
        "mean": [-634.573486328, 46.8374786377, -93.5597839355, 14.0115232468, -30.8011169434, 0.617594897747, -15.0681991577, 7.35034275055, -6.55582809448, 4.96470355988, -8.38055229187, -3.55919027328, 1.09705805779],
        "cov": [[393905.5625, 30279.8515625, -57653.3867188, 8864.99414062, -19024.578125, 54.6243858337, -9159.82128906, 4616.93798828, -4055.44018555, 3090.72387695, -5233.83886719, -2379.6105957, 730.053710938], [30279.8515625, 3252.2253418, -4178.69091797, 743.619567871, -1314.43603516, -446.464874268, -493.352233887, 341.179962158, -251.713775635, 263.382781982, -398.981536865, -312.858337402, 155.133499146], [-57653.3867188, -4178.69091797, 8670.33105469, -1261.88000488, 2826.44775391, -113.605415344, 1394.06542969, -652.919799805, 602.978149414, -452.257446289, 756.17755127, 299.103363037, -94.6458435059], [8864.99414062, 743.619567871, -1261.88000488, 241.527496338, -413.141967773, -30.2921485901, -198.135971069, 105.5989151, -83.1539154053, 59.5672302246, -135.916748047, -75.0340042114, 19.8623600006], [-19024.578125, -1314.43603516, 2826.44775391, -413.141967773, 980.400146484, -69.3998947144, 480.430511475, -229.501220703, 196.636138916, -142.837387085, 242.625762939, 90.9634399414, -26.1559944153], [54.6243858337, -446.464874268, -113.605415344, -30.2921485901, -69.3998947144, 272.266174316, -105.310447693, -5.64022397995, -41.3035202026, -6.19352340698, 15.5466880798, 60.6007041931, -64.8373641968], [-9159.82128906, -493.352233887, 1394.06542969, -198.135971069, 480.430511475, -105.310447693, 304.284729004, -101.016174316, 106.712173462, -68.5684509277, 113.745574951, 22.7551059723, 6.84429740906], [4616.93798828, 341.179962158, -652.919799805, 105.5989151, -229.501220703, -5.64022397995, -101.016174316, 98.7655715942, -30.2660865784, 23.0858726501, -73.6147842407, -32.7801933289, 18.448141098], [-4055.44018555, -251.713775635, 602.978149414, -83.1539154053, 196.636138916, -41.3035202026, 106.712173462, -30.2660865784, 84.0775604248, -29.6877326965, 50.2067947388, 10.5017061234, 8.59168720245], [3090.72387695, 263.382781982, -452.257446289, 59.5672302246, -142.837387085, -6.19352340698, -68.5684509277, 23.0858726501, -29.6877326965, 60.6431770325, -10.5425109863, -14.8450403214, 0.424006730318], [-5233.83886719, -398.981536865, 756.17755127, -135.916748047, 242.625762939, 15.5466880798, 113.745574951, -73.6147842407, 50.2067947388, -10.5425109863, 131.482666016, 52.37758255, -14.9678239822], [-2379.6105957, -312.858337402, 299.103363037, -75.0340042114, 90.9634399414, 60.6007041931, 22.7551059723, -32.7801933289, 10.5017061234, -14.8450403214, 52.37758255, 61.6031684875, -11.5566120148], [730.053710938, 155.133499146, -94.6458435059, 19.8623600006, -26.1559944153, -64.8373641968, 6.84429740906, 18.448141098, 8.59168720245, 0.424006730318, -14.9678239822, -11.5566120148, 41.4014320374]],
        "icov": [[0.00109252845868, -0.00377035024576, 0.00252327299677, -0.00197466346435, 0.00366277783178, -0.00306979683228, 0.00197575753555, -0.00469330325723, 0.00315035064705, -0.00448700413108, 0.00420580245554, -0.00219694431871, 0.00114890327677], [-0.00377035024576, 0.0194649137557, -0.0068187629804, 0.0011701497715, -0.0112807564437, 0.0189346615225, -0.00950987357646, 0.0156224537641, -0.00569194881245, 0.0122687434778, -0.0192897710949, 0.0166677068919, -0.00672962889075], [0.00252327299677, -0.0068187629804, 0.00968020409346, -0.00437034387141, 0.00285357632674, -0.00455769337714, 0.00292049930431, -0.0114354724064, 0.00619116565213, -0.0052084363997, 0.00419590482488, -0.00142180477269, 0.00444869045168], [-0.00197466346435, 0.0011701497715, -0.00437034387141, 0.0390576906502, -0.00617664167657, 0.00289661576971, 0.00556684983894, 0.00747007224709, -0.008095911704, 0.0126273371279, 0.00104322051629, 0.0107502797619, 0.00302080949768], [0.00366277783178, -0.0112807564437, 0.00285357632674, -0.00617664167657, 0.036210168153, -0.0072068287991, -0.000783455907367, -0.00634516775608, 0.0102509167045, -0.0178972147405, 0.0179118905216, -0.00714010652155, 0.00425402633846], [-0.00306979683228, 0.0189346615225, -0.00455769337714, 0.00289661576971, -0.0072068287991, 0.0316955633461, -0.00321048824117, 0.0107947122306, -0.00117169308942, 0.0146922403947, -0.0189973432571, 0.0111188851297, 0.00850663892925], [0.00197575753555, -0.00950987357646, 0.00292049930431, 0.00556684983894, -0.000783455907367, -0.00321048824117, 0.027988543734, -0.0110085019842, 0.00547685008496, -0.0053548598662, 0.00776057504117, 0.000168586324435, 0.00132672779728], [-0.00469330325723, 0.0156224537641, -0.0114354724064, 0.00747007224709, -0.00634516775608, 0.0107947122306, -0.0110085019842, 0.0503079257905, -0.0226877313107, 0.0225911382586, -0.0126446178183, 0.0103656211868, -0.0104060489684], [0.00315035064705, -0.00569194881245, 0.00619116565213, -0.008095911704, 0.0102509167045, -0.00117169308942, 0.00547685008496, -0.0226877313107, 0.0445332229137, -0.0184406135231, 0.0061765066348, 0.00609780382365, -0.00745878275484], [-0.00448700413108, 0.0122687434778, -0.0052084363997, 0.0126273371279, -0.0178972147405, 0.0146922403947, -0.0053548598662, 0.0225911382586, -0.0184406135231, 0.0722524151206, -0.0409914217889, 0.0128257926553, 0.00955373980105], [0.00420580245554, -0.0192897710949, 0.00419590482488, 0.00104322051629, 0.0179118905216, -0.0189973432571, 0.00776057504117, -0.0126446178183, 0.0061765066348, -0.0409914217889, 0.0552493818104, -0.0290948618203, 0.0041155712679], [-0.00219694431871, 0.0166677068919, -0.00142180477269, 0.0107502797619, -0.00714010652155, 0.0111188851297, 0.000168586324435, 0.0103656211868, 0.00609780382365, 0.0128257926553, -0.0290948618203, 0.0645292252302, -0.0177704039961], [0.00114890327677, -0.00672962889075, 0.00444869045168, 0.00302080949768, 0.00425402633846, 0.00850663892925, 0.00132672779728, -0.0104060489684, -0.00745878275484, 0.00955373980105, 0.0041155712679, -0.0177704039961, 0.0562361143529]]
    },
    "melbands": {
        "max": [0.000801304762717, 0.00131937186234, 0.000916672172025, 0.00115830102004, 0.00124577851966, 0.0048602046445, 0.00332012050785, 0.00132591789588, 0.00143869710155, 0.0046858433634, 0.00551059190184, 0.00181664072443, 0.000377406802727, 0.00230668415315, 0.00097722816281, 0.000988671556115, 0.00135135988239, 0.0040333182551, 0.00232517113909, 0.000376617419533, 0.000947298016399, 0.000216927728616, 0.000311448791763, 0.000372215494281, 0.000230447752983, 0.000184664022527, 0.000190408536582, 8.26365649118e-05, 8.53864185046e-05, 3.46368324244e-05, 5.19221612194e-05, 3.19714272337e-05, 1.84037453437e-05, 1.61892221513e-05, 1.10372993731e-05, 6.9550610533e-06, 6.42050827082e-06, 5.37422374691e-06, 2.18784612116e-06, 2.45381534114e-06],
        "mean": [7.66689772718e-05, 0.000129457417643, 8.65004767547e-05, 7.06158825778e-05, 4.03357735195e-05, 0.000348465197021, 0.000247874384513, 0.000138861403684, 8.67574635777e-05, 0.00035058913636, 0.000482291041408, 6.10472197877e-05, 2.2239610189e-05, 6.76091804053e-05, 4.83592084493e-05, 3.61901657016e-05, 3.99255513912e-05, 8.6415122496e-05, 9.78928874247e-05, 2.70035016001e-05, 7.20055977581e-05, 1.86871729966e-05, 2.05156848097e-05, 1.46473257701e-05, 1.07726764327e-05, 1.03898637462e-05, 1.63706827152e-05, 5.8540667851e-06, 6.48661398372e-06, 3.30323200615e-06, 2.09126051232e-06, 1.12706823074e-06, 7.04516367023e-07, 5.34566254373e-07, 3.5267365206e-07, 2.5115937774e-07, 2.32838175407e-07, 1.63745497161e-07, 9.19233755781e-08, 6.96969166825e-08],
        "min": [7.56595606729e-25, 8.85430890655e-25, 1.53664868273e-24, 8.1090241847e-25, 8.13649922395e-25, 1.23879176543e-24, 9.2304693406e-25, 1.28661192185e-24, 1.20479235345e-24, 1.44603597763e-24, 1.77787081045e-24, 1.76071919944e-24, 1.16211103417e-24, 1.82381190021e-24, 1.67294343537e-24, 2.73970090763e-24, 1.82764162269e-24, 2.53097225641e-24, 3.507565491e-24, 1.66426892365e-24, 2.6717606566e-24, 3.20388579414e-24, 3.40537723819e-24, 2.86899343506e-24, 3.97159438026e-24, 3.7098424433e-24, 3.77738668616e-24, 3.42157097486e-24, 4.12455490421e-24, 3.84843544358e-24, 4.59971619857e-24, 4.02376214635e-24, 4.15486806779e-24, 4.19215357847e-24, 4.25672263243e-24, 4.88952397363e-24, 4.83414712137e-24, 5.08690959389e-24, 5.04786531782e-24, 5.18290765517e-24],
        "stdev": [0.000127360443003, 0.000224210889428, 0.000167291655089, 0.000155998583068, 9.54445131356e-05, 0.000701970187947, 0.000469507620437, 0.000235167710343, 0.000167696111021, 0.000712145527359, 0.00093821977498, 0.000204538169783, 4.69932856504e-05, 0.000170020881342, 0.000120706987218, 8.40403881739e-05, 9.66299558058e-05, 0.000297744001728, 0.000229989600484, 4.68703110528e-05, 0.000132084271172, 3.21335392073e-05, 4.02148689318e-05, 2.93255307042e-05, 2.04347888939e-05, 1.81405885087e-05, 2.90333700832e-05, 1.06467277874e-05, 1.16364117275e-05, 5.26729354533e-06, 3.84221266359e-06, 2.30679370361e-06, 1.65626670423e-06, 1.49265338223e-06, 1.02911155864e-06, 7.49272373923e-07, 7.1706460858e-07, 5.02399245761e-07, 2.63666890987e-07, 2.01318954396e-07]
    },
    "melbands128": {
        "max": [0.000226478266995, 0.000469528255053, 0.00120558950584, 0.00191061687656, 0.00192838581279, 0.00151409837417, 0.00115835107863, 0.00173142109998, 0.00173554837238, 0.00102159113158, 0.0023328778334, 0.00131947046611, 0.00136833824217, 0.00130210933276, 0.00448904791847, 0.00986819621176, 0.00601074052975, 0.00428344449028, 0.00214858655818, 0.00245270947926, 0.00161673477851, 0.00340968929231, 0.00152243894991, 0.000987378647551, 0.00185621681157, 0.00735441688448, 0.0170506052673, 0.00430450635031, 0.00546092772856, 0.00330026797019, 0.00267228204757, 0.000642508559395, 0.000639261852484, 0.000664586143102, 0.00181324919686, 0.00443748943508, 0.00230614864267, 0.00142733822577, 0.00254337862134, 0.00253260391764, 0.000622652529273, 0.0013741167495, 0.00074736494571, 0.000504590629134, 0.0105169136077, 0.00428689550608, 0.000537692569196, 0.00476362090558, 0.00216123252176, 0.000950032030232, 0.000545021437574, 0.000360163889127, 0.00229449779727, 0.000737391645089, 0.000236940628383, 0.00045586421038, 0.000333952659275, 0.000858457235154, 0.000204061332624, 0.00023213600798, 0.000441731419414, 0.000742237374652, 0.000281586835627, 0.000334059877787, 0.000389340013498, 0.00031231623143, 0.000242748792516, 0.000303434819216, 0.000313842814649, 0.000345785432728, 0.00016521566431, 0.000115088652819, 6.01208485023e-05, 0.00019711573259, 9.05028500711e-05, 4.76444074593e-05, 4.39611867478e-05, 4.60969167762e-05, 7.41284602555e-05, 4.51365340268e-05, 5.3029780247e-05, 2.1744372134e-05, 1.83314059541e-05, 2.73939513136e-05, 1.34368874569e-05, 2.28781482292e-05, 1.67066064023e-05, 1.21141838463e-05, 1.7524786017e-05, 6.29584656053e-06, 9.0548355729e-06, 9.2511800176e-06, 8.99333463167e-06, 9.31594058784e-06, 8.34331240185e-06, 9.18101522984e-06, 4.6274531087e-06, 2.98555460176e-06, 2.74935428024e-06, 2.85231317321e-06, 3.34715878125e-06, 2.87469651994e-06, 2.6323361908e-06, 2.5236372494e-06, 2.79058531305e-06, 2.28693943427e-06, 8.93533751878e-07, 8.96762855973e-07, 1.10745656912e-06, 1.46235640841e-06, 1.51343920152e-06, 3.58249138799e-07, 2.85459634597e-07, 4.46130457021e-07, 3.98910685817e-07, 5.43993117219e-09, 4.37670566455e-09, 4.30741353696e-09, 4.16197476483e-09, 4.01195343613e-09, 3.89087784214e-09, 3.83772880141e-09, 3.74029340833e-09, 3.70942188077e-09, 3.59365404101e-09, 3.52035356421e-09, 3.49376239051e-09, 3.47633744013e-09],
        "mean": [3.05946341541e-05, 4.12511253671e-05, 8.23980008136e-05, 0.000168157479493, 0.000152258726303, 9.615374438e-05, 5.40125729458e-05, 9.39471501624e-05, 0.000127698571305, 4.58954527858e-05, 6.0837581259e-05, 5.22253685631e-05, 2.27115779126e-05, 2.95446570817e-05, 0.000340839585988, 0.000622945604846, 0.00027194278664, 0.000198031470063, 0.000176990841283, 0.000115832088341, 0.000117160241643, 0.000213959108805, 4.97547480336e-05, 1.64173252415e-05, 4.05154969485e-05, 0.000372037407942, 0.00132379785646, 0.000295991019811, 8.99350343389e-05, 8.71082083904e-05, 4.48148639407e-05, 1.85434473678e-05, 2.02450064535e-05, 1.7416819901e-05, 6.29340283922e-05, 0.000100425881101, 4.26834594691e-05, 4.69638689538e-05, 4.92003309773e-05, 4.47251150035e-05, 2.62260964519e-05, 3.69990157196e-05, 2.59458120127e-05, 1.76237954292e-05, 0.00014791819558, 8.40630818857e-05, 2.95533973258e-05, 0.000164905824931, 8.58467828948e-05, 2.16129483306e-05, 1.67513680935e-05, 2.06109179999e-05, 0.000132814413519, 5.8776447986e-05, 1.01805153463e-05, 1.49495654114e-05, 2.27070740948e-05, 3.93115878978e-05, 9.51701531449e-06, 7.48968932385e-06, 1.65022356668e-05, 2.12735758396e-05, 7.10691165295e-06, 5.92989454162e-06, 1.84018554137e-05, 9.41433154367e-06, 4.19701154897e-06, 2.08437249967e-05, 2.16265179915e-05, 5.71567852603e-06, 6.68252050673e-06, 5.53516929358e-06, 2.61907825916e-06, 1.11632207336e-05, 4.82136147184e-06, 2.36427922573e-06, 3.2905891203e-06, 2.24763266488e-06, 2.23939173338e-06, 1.49905508806e-06, 1.25574615595e-06, 9.11934876058e-07, 8.0627950183e-07, 7.25483971564e-07, 5.63845503621e-07, 6.20771402282e-07, 4.99327541092e-07, 4.26727012837e-07, 3.60187840442e-07, 2.8550292086e-07, 2.51042024502e-07, 2.47989618174e-07, 2.42338018097e-07, 2.39425673954e-07, 2.25586077818e-07, 1.96095371052e-07, 1.56327232048e-07, 1.07047256392e-07, 9.39555704349e-08, 8.38449594198e-08, 6.84956518171e-08, 7.00547460042e-08, 6.69912978424e-08, 6.01631171548e-08, 5.14869071822e-08, 4.19967243204e-08, 2.9723372208e-08, 2.5140369786e-08, 2.47349554172e-08, 2.24658656123e-08, 1.34860753676e-08, 6.26723517527e-09, 3.73921915653e-09, 2.04932049108e-09, 9.49557654728e-10, 5.62969462714e-11, 1.38440647834e-11, 8.79207730925e-12, 8.59456863317e-12, 8.29160438226e-12, 8.03868950572e-12, 7.96302954131e-12, 7.82986175896e-12, 7.68845577481e-12, 7.06087618929e-12, 6.16565782804e-12, 5.69652484905e-12, 5.60841173849e-12],
        "min": [6.60285267466e-26, 2.04024390142e-25, 2.7729308844e-25, 2.59171646896e-25, 7.32354182282e-26, 1.48096629478e-25, 1.74439579376e-25, 2.25068524362e-25, 3.88547670321e-25, 2.99185506978e-25, 2.12541265276e-25, 3.18020547166e-25, 1.65074654118e-25, 3.32972616764e-25, 1.63683214415e-25, 3.16692647744e-25, 2.74456319973e-25, 5.7691705417e-25, 2.9041179599e-25, 2.09527496143e-25, 2.66232050605e-25, 3.51002008101e-25, 3.60955115446e-25, 5.93758149812e-25, 2.62447761584e-25, 2.57817443893e-25, 4.7081905881e-25, 7.80566821664e-25, 8.01946036879e-25, 7.8861635834e-25, 6.82926302677e-25, 7.1661312852e-25, 8.15560642115e-25, 2.78637430682e-25, 1.00298132212e-24, 6.20936035023e-25, 3.88315621956e-25, 3.71790662321e-25, 7.71668076222e-25, 7.44918936914e-25, 9.90498288546e-25, 1.33492659546e-24, 5.94958204464e-25, 9.05693769082e-25, 6.95141567275e-25, 6.82112543349e-25, 1.19478723059e-24, 7.99054861661e-25, 1.00112818924e-24, 1.12844964909e-24, 1.37171295441e-24, 1.40865925491e-24, 1.40567962866e-24, 1.43286269077e-24, 1.46735435195e-24, 6.57041212579e-25, 1.39769487719e-24, 8.58266761207e-25, 1.37071977853e-24, 1.75103810119e-24, 1.67974716347e-24, 1.47294037463e-24, 2.09542183747e-24, 1.65334990543e-24, 1.14693206846e-24, 1.85406037719e-24, 1.74836051007e-24, 1.74836958197e-24, 1.97892778937e-24, 1.84793999985e-24, 1.95273602959e-24, 1.68790418244e-24, 2.52175283901e-24, 2.60026816491e-24, 1.99373293362e-24, 2.08024513973e-24, 2.42061988489e-24, 2.08652111988e-24, 2.30583194571e-24, 2.23022337503e-24, 3.00110318199e-24, 2.33192983103e-24, 2.57638303442e-24, 2.47179348902e-24, 2.50680510815e-24, 2.82389267938e-24, 2.57487749338e-24, 2.61042198805e-24, 2.36567986436e-24, 3.0311771235e-24, 2.76512885283e-24, 2.9676734262e-24, 3.19168132707e-24, 2.97524609646e-24, 3.61588871506e-24, 3.42834058471e-24, 3.06991768812e-24, 3.07373084452e-24, 2.60145263956e-24, 3.03778245307e-24, 3.79076852812e-24, 3.66593286759e-24, 3.67272022682e-24, 3.64265318785e-24, 3.34237249542e-24, 3.05350602864e-24, 3.75809430386e-24, 4.83595124626e-24, 4.11302767424e-24, 3.68616083892e-24, 3.67455748387e-24, 4.3317910306e-24, 4.95867749273e-24, 4.31740575756e-24, 4.51467896514e-24, 4.40764907853e-24, 4.16852956094e-24, 4.86895560882e-24, 4.40584140377e-24, 5.5816760539e-24, 4.17823688881e-24, 5.33563940946e-24, 5.36427427146e-24, 4.23592194808e-24, 4.57055950509e-24, 5.06273495145e-24, 4.95078375608e-24, 4.66130414716e-24],
        "stdev": [4.21714394179e-05, 7.32643529773e-05, 0.00016836389841, 0.000306801259285, 0.000283926085103, 0.000225405980018, 0.000156011403305, 0.000203845032956, 0.000268416741164, 0.000108246109448, 0.000227942757192, 0.000157543545356, 7.22728727851e-05, 6.8720895797e-05, 0.000727948674466, 0.00133133132476, 0.000672708498314, 0.000563435663935, 0.000371363392333, 0.000302344240481, 0.000221753260121, 0.000428241124609, 0.000156140260515, 5.70061820326e-05, 0.000174483604496, 0.000927710905671, 0.0028180941008, 0.000655579264276, 0.000401027646149, 0.000329276284901, 0.0001958553039, 5.14770545124e-05, 6.11164941802e-05, 4.93700208608e-05, 0.000153246437549, 0.000300138402963, 0.000173263513716, 0.000152291191625, 0.000174321103259, 0.000177538502612, 6.3590654463e-05, 9.27206419874e-05, 6.26749606454e-05, 4.80503185827e-05, 0.00066236872226, 0.000331031711539, 6.0320529883e-05, 0.000427288527135, 0.000224103379878, 6.45035324851e-05, 4.80417511426e-05, 4.60617629869e-05, 0.00027857880923, 0.000111513953016, 2.9168162655e-05, 4.01268407586e-05, 4.41884985776e-05, 9.48723172769e-05, 2.28149910981e-05, 2.12698832911e-05, 3.77883297915e-05, 5.28660966665e-05, 2.14025239984e-05, 2.13736166188e-05, 4.5696797315e-05, 2.15428208321e-05, 1.45135982166e-05, 4.30838481407e-05, 4.28239691246e-05, 1.97748613573e-05, 1.48125373016e-05, 1.26680824906e-05, 6.24686663286e-06, 2.46640101977e-05, 9.95187201625e-06, 5.0982130233e-06, 5.99108807364e-06, 5.16249519933e-06, 4.90860929858e-06, 3.2291984553e-06, 3.05155890601e-06, 2.1428436412e-06, 1.77730294126e-06, 1.84689531579e-06, 1.57503973242e-06, 1.9014589725e-06, 1.41055045333e-06, 1.25054850741e-06, 1.21202276659e-06, 8.46583532166e-07, 7.87684541592e-07, 7.99724716671e-07, 7.69971109094e-07, 7.77168224886e-07, 7.67502228882e-07, 6.38054757474e-07, 4.99496934481e-07, 3.09558174649e-07, 2.89310605694e-07, 2.52155729186e-07, 2.17957349946e-07, 2.16802490627e-07, 1.91542753214e-07, 1.79267686917e-07, 1.72741081883e-07, 1.56804333074e-07, 8.40378078237e-08, 7.51404343191e-08, 8.2722579009e-08, 8.82840609506e-08, 6.17005611048e-08, 2.13692867845e-08, 1.48852699056e-08, 1.97050127326e-08, 1.42985774332e-08, 4.15893042227e-10, 1.52844098489e-10, 1.41570893897e-10, 1.3679506139e-10, 1.31863783781e-10, 1.27882496259e-10, 1.26130550449e-10, 1.22930124413e-10, 1.21915283424e-10, 1.18114046321e-10, 1.1571382047e-10, 1.1484502932e-10, 1.14273583651e-10]
    },
    "mfcc": {
        "mean": [-948.832885742, 58.4952354431, -29.054151535, 12.0114431381, -7.23542356491, -2.0543949604, -4.35015153885, -2.94623160362, 5.10279989243, 4.87882375717, 1.12303292751, 1.00270485878, 0.0801967456937],
        "cov": [[101780.492188, 18947.2167969, -8916.34277344, 4097.80810547, -2376.39306641, -762.713867188, -1310.14794922, -986.82232666, 1672.60839844, 1563.23144531, 396.002685547, 305.851226807, -11.5785179138], [18947.2167969, 4283.25683594, -1650.41455078, 1193.17822266, -548.803222656, -294.009002686, -245.144378662, -328.825592041, 380.482849121, 330.572845459, 117.798736572, 43.4611358643, -3.81800436974], [-8916.34277344, -1650.41455078, 928.266174316, -337.816070557, 216.63885498, 41.2614936829, 117.376480103, 82.1845016479, -142.621154785, -118.702209473, -36.6786727905, -27.2350234985, 2.68716025352], [4097.80810547, 1193.17822266, -337.816070557, 492.218536377, -157.025436401, -141.785430908, -69.9386444092, -117.190200806, 139.11315918, 97.5393600464, 43.549495697, -21.0317192078, -21.1904964447], [-2376.39306641, -548.803222656, 216.63885498, -157.025436401, 110.703643799, 37.5864105225, 20.8266162872, 43.3701286316, -46.6479454041, -37.3587265015, -22.9660167694, -4.90128326416, 5.74916601181], [-762.713867188, -294.009002686, 41.2614936829, -141.785430908, 37.5864105225, 85.0624389648, 32.1235694885, 29.056470871, -44.4175949097, -39.6855316162, -6.26828289032, 7.53914546967, -3.5451104641], [-1310.14794922, -245.144378662, 117.376480103, -69.9386444092, 20.8266162872, 32.1235694885, 70.8534927368, 11.9117898941, -38.2275848389, -38.8879928589, 0.569784700871, 0.541430354118, -5.354159832], [-986.82232666, -328.825592041, 82.1845016479, -117.190200806, 43.3701286316, 29.056470871, 11.9117898941, 62.6007537842, -14.7529411316, -19.7155609131, -14.816701889, -7.44044351578, -4.15890264511], [1672.60839844, 380.482849121, -142.621154785, 139.11315918, -46.6479454041, -44.4175949097, -38.2275848389, -14.7529411316, 81.7768630981, 48.7469596863, 3.74750161171, -15.3852987289, -8.29896354675], [1563.23144531, 330.572845459, -118.702209473, 97.5393600464, -37.3587265015, -39.6855316162, -38.8879928589, -19.7155609131, 48.7469596863, 73.462387085, 11.7411317825, -6.73733377457, 6.52932262421], [396.002685547, 117.798736572, -36.6786727905, 43.549495697, -22.9660167694, -6.26828289032, 0.569784700871, -14.816701889, 3.74750161171, 11.7411317825, 29.2527999878, 4.12591409683, -5.82343053818], [305.851226807, 43.4611358643, -27.2350234985, -21.0317192078, -4.90128326416, 7.53914546967, 0.541430354118, -7.44044351578, -15.3852987289, -6.73733377457, 4.12591409683, 33.705493927, 14.4329166412], [-11.5785179138, -3.81800436974, 2.68716025352, -21.1904964447, 5.74916601181, -3.5451104641, -5.354159832, -4.15890264511, -8.29896354675, 6.52932262421, -5.82343053818, 14.4329166412, 35.6692810059]],
        "icov": [[0.000216607077164, -0.00107256462798, 0.000477981084259, 0.00083569122944, 5.8830778471e-06, -0.00059118802892, 0.000507743447088, -0.00119107053615, 8.40020293253e-05, -0.000682721962221, 0.000418946874561, -0.000216695552808, 0.000594199635088], [-0.00107256462798, 0.00940875988454, 0.00164908135775, -0.00926313735545, 0.00271878670901, 0.00340599217452, -0.00404615467414, 0.0093522714451, -0.000685765116941, -0.000787995872088, 0.000675233546644, -0.00449284818023, -0.00267209042795], [0.000477981084259, 0.00164908135775, 0.00838390737772, -0.00181456643622, -0.00224628788419, 0.00433071982116, -0.00378546467982, 0.00153618829791, 0.00172508694232, -0.00389785971493, 0.00214428734034, -0.00263820681721, 0.00155789603014], [0.00083569122944, -0.00926313735545, -0.00181456643622, 0.0250044129789, -0.000778183690272, 0.00946280919015, 0.00291295116767, 0.00793206132948, -0.0130235683173, 0.00694240676239, -0.00977766513824, 0.0120787899941, 0.00591444363818], [5.8830778471e-06, 0.00271878670901, -0.00224628788419, -0.000778183690272, 0.0286628119648, -0.00481959572062, 0.00560856750235, -0.00153970567044, 0.00162426917814, -0.00286639947444, 0.0086934985593, -0.00125051860232, -0.00160875334404], [-0.00059118802892, 0.00340599217452, 0.00433071982116, 0.00946280919015, -0.00481959572062, 0.0369171760976, -0.00936908368021, 0.00998409558088, -0.00136206590105, 0.00901190098375, -0.00803052261472, 0.00386762269773, 0.00482922839001], [0.000507743447088, -0.00404615467414, -0.00378546467982, 0.00291295116767, 0.00560856750235, -0.00936908368021, 0.028262225911, -0.00495663704351, 0.00419665453956, 0.00700568221509, -0.00407914118841, 0.00415098760277, 0.000925083470065], [-0.00119107053615, 0.0093522714451, 0.00153618829791, 0.00793206132948, -0.00153970567044, 0.00998409558088, -0.00495663704351, 0.0537847653031, -0.0196650531143, 0.00523345731199, -0.00267720245756, 0.00515258358791, 0.00392321962863], [8.40020293253e-05, -0.000685765116941, 0.00172508694232, -0.0130235683173, 0.00162426917814, -0.00136206590105, 0.00419665453956, -0.0196650531143, 0.0470732487738, -0.0151077536866, 0.0143940364942, 0.00437559047714, 0.00432397983968], [-0.000682721962221, -0.000787995872088, -0.00389785971493, 0.00694240676239, -0.00286639947444, 0.00901190098375, 0.00700568221509, 0.00523345731199, -0.0151077536866, 0.0406885445118, -0.0201095491648, 0.01663053222, -0.0138439759612], [0.000418946874561, 0.000675233546644, 0.00214428734034, -0.00977766513824, 0.0086934985593, -0.00803052261472, -0.00407914118841, -0.00267720245756, 0.0143940364942, -0.0201095491648, 0.0584879182279, -0.0174287185073, 0.0147452941164], [-0.000216695552808, -0.00449284818023, -0.00263820681721, 0.0120787899941, -0.00125051860232, 0.00386762269773, 0.00415098760277, 0.00515258358791, 0.00437559047714, 0.01663053222, -0.0174287185073, 0.0589085482061, -0.0200747959316], [0.000594199635088, -0.00267209042795, 0.00155789603014, 0.00591444363818, -0.00160875334404, 0.00482922839001, 0.000925083470065, 0.00392321962863, 0.00432397983968, -0.0138439759612, 0.0147452941164, -0.0200747959316, 0.046744491905]]
    },
    "spectral_contrast_coeffs": {
        "max": [-0.591716349125, -0.49011567235, -0.429583489895, -0.537053108215, -0.609914362431, -0.601906657219],
        "mean": [-0.858473539352, -0.836005210876, -0.818958878517, -0.839847445488, -0.849048137665, -0.837279558182],
        "min": [-0.987637341022, -0.984846651554, -0.980544745922, -0.977160453796, -0.968496263027, -0.965689837933],
        "stdev": [0.109686933458, 0.149356648326, 0.165811270475, 0.137057244778, 0.119593933225, 0.126035049558]
    },
    "spectral_contrast_valleys": {
        "max": [-6.074198246, -5.29927539825, -5.66833543777, -5.68103027344, -5.90331077576, -8.80428504944],
        "mean": [-17.3889522552, -16.9731464386, -17.1926364899, -17.1491298676, -17.229221344, -18.9288444519],
        "min": [-28.0621318817, -28.1283226013, -27.806760788, -27.7630844116, -27.6012458801, -27.4362640381],
        "stdev": [9.74290752411, 10.1438293457, 9.96174240112, 9.99425792694, 9.93326377869, 8.24754714966]
    }
},
"rhythm": {
    "beats_count": 46,
    "beats_loudness": {
        "max": 0.0526414588094,
        "mean": 0.0157740730792,
        "min": 0,
        "stdev": 0.0180071536452
    },
    "bpm": 138.46661377,
    "bpm_histogram_first_peak_bpm": 140,
    "bpm_histogram_first_peak_weight": 0.5,
    "bpm_histogram_second_peak_bpm": 133,
    "bpm_histogram_second_peak_spread": 0,
    "bpm_histogram_second_peak_weight": 0.111111111939,
    "danceability": 0.627640068531,
    "onset_rate": 0.83850222826,
    "beats_loudness_band_ratio": {
        "max": [0.153823852539, 0.440711289644, 0.666857421398, 0.448302477598, 0.566737949848, 0.170982539654],
        "mean": [0.0305677130818, 0.0755034908652, 0.162657678127, 0.102239362895, 0.167795345187, 0.0407096408308],
        "min": [0, 0, 0, 0, 0, 0],
        "stdev": [0.0429336763918, 0.116370454431, 0.192315623164, 0.146607980132, 0.178264588118, 0.0447208434343]
    },
    "beats_position": [0.371519267559, 0.766258478165, 1.13777780533, 1.50929701328, 1.89242625237, 2.27555561066, 2.6470746994, 3.03020405769, 3.41333317757, 3.78485250473, 4.15637159348, 4.57433080673, 5.00390005112, 5.4334692955, 5.87464857101, 6.31582736969, 6.7570066452, 7.18657588959, 7.61614513397, 8.04571437836, 8.47528362274, 8.92807197571, 9.36925125122, 9.81043052673, 10.2632198334, 10.774058342, 11.2965078354, 11.8189563751, 12.2717456818, 12.7245349884, 13.177324295, 13.6649427414, 14.1525621414, 14.6401815414, 15.15102005, 15.6618595123, 16.1726989746, 16.6719264984, 17.1711559296, 17.6703853607, 18.1928348541, 18.7152824402, 19.2493419647, 19.7834014893, 20.3174591064, 20.851518631],
