{
"metadata": {
    "version": {
        "essentia": "2.1-beta5",
        "essentia_git_sha": "Undefined",
        "extractor": "music 2.0"
    },
    "audio_properties": {
        "analysis": {
            "equal_loudness": 0,
            "length": 24.4390029907,
            "sample_rate": 44100,
            "start_time": 158.998641968,
            "downmix": "mix"
        },
        "bit_rate": 192000,
        "length": 183.460876465,
        "lossless": 0,
        "number_channels": 2,
        "replay_gain": -7.94918632507,
        "sample_rate": 48000,
        "codec": "mp3",
        "md5_encoded": "0c10d5856b5d85e942fe0b65ff434ebb"
    },
    "tags": {
        "file_name": "Sweden_Eloïse_Arvingarna.mp3",
        "encoding": ["Lavf58.29.100"]
    }
},
"lowlevel": {
    "average_loudness": 0.954641640186,
    "barkbands_crest": {
        "max": 19.1541461945,
        "mean": 6.77213668823,
        "min": 2.74635863304,
        "stdev": 2.54720544815
    },
    "barkbands_flatness_db": {
        "max": 0.179650470614,
        "mean": 0.108667701483,
        "min": 0.0291583612561,
        "stdev": 0.0234099756926
    },
    "barkbands_kurtosis": {
        "max": 6.66804885864,
        "mean": 0.192908376455,
        "min": -1.68541097641,
        "stdev": 1.22748410702
    },
    "barkbands_skewness": {
        "max": 2.36300826073,
        "mean": 0.52622705698,
        "min": -1.49716114998,
        "stdev": 0.58190369606
    },
    "barkbands_spread": {
        "max": 70.6965255737,
        "mean": 24.3580169678,
        "min": 7.02025699615,
        "stdev": 9.48768138885
    },
    "dissonance": {
        "max": 0.499995410442,
        "mean": 0.475347042084,
        "min": 0.311477929354,
        "stdev": 0.0187016427517
    },
    "dynamic_complexity": 1.30014383793,
    "erbbands_crest": {
        "max": 25.44298172,
        "mean": 9.16671562195,
        "min": 2.51096940041,
        "stdev": 4.47381353378
    },
    "erbbands_flatness_db": {
        "max": 0.26546266675,
        "mean": 0.172392144799,
        "min": 0.0714264214039,
        "stdev": 0.0376300700009
    },
    "erbbands_kurtosis": {
        "max": 10.0749588013,
        "mean": 0.393896430731,
        "min": -1.37481415272,
        "stdev": 1.07150673866
    },
    "erbbands_skewness": {
        "max": 1.81019556522,
        "mean": 0.104770034552,
        "min": -2.18446683884,
        "stdev": 0.50422334671
    },
    "erbbands_spread": {
        "max": 90.2691802979,
        "mean": 27.963476181,
        "min": 7.89138841629,
        "stdev": 12.8810653687
    },
    "hfc": {
        "max": 116.80657959,
        "mean": 34.9740028381,
        "min": 3.23044469042e-06,
        "stdev": 15.7745761871
    },
    "loudness_ebu128": {
        "integrated": -14.0264148712,
        "loudness_range": 2.22166824341,
        "momentary": {
            "max": -11.8976917267,
            "mean": -14.1674032211,
            "min": -17.430141449,
            "stdev": 1.13155210018
        },
        "short_term": {
            "max": -12.5039596558,
            "mean": -14.0802230835,
            "min": -15.172700882,
            "stdev": 0.659823179245
        }
    },
    "melbands_crest": {
        "max": 25.1855373383,
        "mean": 8.61539554596,
        "min": 3.41686105728,
        "stdev": 3.4689745903
    },
    "melbands_flatness_db": {
        "max": 0.234572455287,
        "mean": 0.133121773601,
        "min": 0.0459388680756,
        "stdev": 0.0349696241319
    },
    "melbands_kurtosis": {
        "max": 30.6622047424,
        "mean": 2.60272932053,
        "min": -1.65294539928,
        "stdev": 3.63964748383
    },
    "melbands_skewness": {
        "max": 5.06472969055,
        "mean": 1.20472609997,
        "min": -0.772931337357,
        "stdev": 0.856975853443
    },
    "melbands_spread": {
        "max": 155.39692688,
        "mean": 33.5586090088,
        "min": 9.67328834534,
        "stdev": 12.2822465897
    },
    "pitch_salience": {
        "max": 0.875658392906,
        "mean": 0.629672765732,
        "min": 0.352216094732,
        "stdev": 0.110722668469
    },
    "silence_rate_20dB": {
        "max": 1,
        "mean": 1,
        "min": 1,
        "stdev": 0
    },
    "silence_rate_30dB": {
        "max": 1,
        "mean": 1,
        "min": 1,
        "stdev": 0
    },
    "silence_rate_60dB": {
        "max": 1,
        "mean": 0.000948766595684,
        "min": 0,
        "stdev": 0.0307874400169
    },
    "spectral_centroid": {
        "max": 4084.72314453,
        "mean": 1713.88269043,
        "min": 617.316162109,
        "stdev": 434.938476562
    },
    "spectral_complexity": {
        "max": 50,
        "mean": 29.9316883087,
        "min": 0,
        "stdev": 7.62641572952
    },
    "spectral_decrease": {
        "max": -1.5151251022e-15,
        "mean": -7.21335613463e-09,
        "min": -1.96372500483e-08,
        "stdev": 3.12887227238e-09
    },
    "spectral_energy": {
        "max": 0.0814032107592,
        "mean": 0.0303971432149,
        "min": 6.01145311308e-09,
        "stdev": 0.0126522863284
    },
    "spectral_energyband_high": {
        "max": 0.0172968003899,
        "mean": 0.00115560169797,
        "min": 1.61626143025e-10,
        "stdev": 0.00138088094536
    },
    "spectral_energyband_low": {
        "max": 0.0422837361693,
        "mean": 0.00519928662106,
        "min": 3.04254710315e-09,
        "stdev": 0.00562500488013
    },
    "spectral_energyband_middle_high": {
        "max": 0.0331654623151,
        "mean": 0.0127835050225,
        "min": 6.9163946792e-10,
        "stdev": 0.00653659226373
    },
    "spectral_energyband_middle_low": {
        "max": 0.0552387051284,
        "mean": 0.0120536144823,
        "min": 1.66066482787e-09,
        "stdev": 0.00877123326063
    },
    "spectral_entropy": {
        "max": 8.45171546936,
        "mean": 7.77091693878,
        "min": 6.99710321426,
        "stdev": 0.251088410616
    },
    "spectral_flux": {
        "max": 0.204764440656,
        "mean": 0.0998640656471,
        "min": 0.0344666652381,
        "stdev": 0.029548233375
    },
    "spectral_kurtosis": {
        "max": 9.85807132721,
        "mean": 3.96354436874,
        "min": 0.179034471512,
        "stdev": 1.66559636593
    },
    "spectral_rms": {
        "max": 0.00891166459769,
        "mean": 0.00533048529178,
        "min": 2.42174155574e-06,
        "stdev": 0.00111429544631
    },
    "spectral_rolloff": {
        "max": 7708.88671875,
        "mean": 1974.67932129,
        "min": 430.6640625,
        "stdev": 780.41583252
    },
    "spectral_skewness": {
        "max": 2.4835100174,
        "mean": 1.47900533676,
        "min": 0.382406800985,
        "stdev": 0.263740956783
    },
    "spectral_spread": {
        "max": 10732405,
        "mean": 4046353.25,
        "min": 2580701.75,
        "stdev": 1012995.25
    },
    "spectral_strongpeak": {
        "max": 11.5541267395,
        "mean": 1.73870527744,
        "min": 0,
        "stdev": 1.98572897911
    },
    "zerocrossingrate": {
        "max": 0.2099609375,
        "mean": 0.0766671076417,
        "min": 0.02392578125,
        "stdev": 0.0224412381649
    },
    "barkbands": {
        "max": [0.00341379549354, 0.0350275933743, 0.00756865367293, 0.00908251851797, 0.04129909724, 0.0220901723951, 0.0174344517291, 0.0276282206178, 0.0275988858193, 0.0203365236521, 0.0124730532989, 0.0209061615169, 0.00901123974472, 0.0131068173796, 0.0242382772267, 0.0163808558136, 0.00711012817919, 0.00466583296657, 0.00338071188889, 0.00401036534458, 0.00425842404366, 0.00628363806754, 0.00552054448053, 0.00217081187293, 0.00109765771776, 0.00057149323402, 4.90045385959e-06],
        "mean": [0.000177106514457, 0.00367803755216, 0.000987827312201, 0.000746139790863, 0.00312951044179, 0.00193166662939, 0.00187818193808, 0.00183313991874, 0.00174172711559, 0.00169645412825, 0.000995182897896, 0.00148317229468, 0.00112714536954, 0.0016490155831, 0.00237461947836, 0.00156178255565, 0.00100416026544, 0.000577690952923, 0.000423360295827, 0.000424693513196, 0.000258052197751, 0.000259203254245, 0.000195905871806, 0.000154817476869, 7.82881761552e-05, 3.02014723275e-05, 5.99160188131e-08],
        "min": [1.36981470611e-09, 1.35413591451e-09, 7.73449082558e-10, 5.24607801644e-10, 7.40796590737e-10, 1.70687963763e-10, 5.82651288328e-11, 9.01798150044e-11, 6.93867255319e-11, 4.17317673473e-11, 2.90940709025e-11, 8.24527529586e-11, 6.81247142031e-11, 4.14044666608e-11, 9.8322384956e-11, 1.77295428339e-10, 3.93814217348e-11, 5.71538441574e-11, 4.11613521045e-11, 4.06019835808e-11, 3.3829827828e-11, 3.25537929946e-11, 1.78217614277e-11, 2.39099729599e-11, 1.63535105596e-11, 9.38044607268e-12, 8.17347318299e-12],
        "stdev": [0.000289919116767, 0.00485726399347, 0.0011831833981, 0.000941699836403, 0.00426303874701, 0.00224382476881, 0.00225501507521, 0.00260490668006, 0.00277376058511, 0.00224374933168, 0.00135673978366, 0.00221830280498, 0.00138046860229, 0.00159450690262, 0.0031899549067, 0.00213647424243, 0.000864792731591, 0.000471537787234, 0.000308258895529, 0.000411484128563, 0.000321531231748, 0.000411017506849, 0.000321851926856, 0.000228680379223, 0.00012670349679, 6.64302788209e-05, 2.65642171371e-07]
    },
    "erbbands": {
        "max": [0.996559739113, 8.11723518372, 9.64050006866, 20.4102420807, 98.9242630005, 124.981422424, 121.310302734, 197.022979736, 158.846252441, 515.169433594, 524.651611328, 704.996520996, 703.526000977, 809.129394531, 531.297485352, 1079.74462891, 460.577087402, 785.538574219, 612.871704102, 1616.20947266, 363.493591309, 302.739624023, 285.850097656, 196.939788818, 153.251434326, 141.548873901, 141.194046021, 185.619155884, 313.328063965, 153.413116455, 156.081222534, 74.0867080688, 34.5966644287, 14.1248903275, 7.15864276886, 2.98307323456, 1.10083270073, 0.0890809893608, 0.00166358693969, 0.000142278237035],
        "mean": [0.107746489346, 0.803920209408, 1.27203321457, 2.02401924133, 6.267786026, 10.77942276, 13.3685512543, 15.2437257767, 21.520690918, 41.479019165, 36.6131591797, 37.9886932373, 59.3718566895, 43.0518836975, 44.4528388977, 66.7636947632, 54.348323822, 82.8768615723, 83.8638000488, 157.801223755, 69.0435714722, 51.001121521, 35.2079734802, 20.7554759979, 24.3500785828, 19.8638458252, 11.6553630829, 10.1399230957, 9.25382423401, 7.75720500946, 5.31136417389, 3.59453082085, 2.30560016632, 0.971549630165, 0.54164659977, 0.199584722519, 0.0438759364188, 0.00249477219768, 7.88326651673e-05, 4.2851872422e-05],
        "min": [5.34472164304e-08, 2.62892427827e-07, 8.29760267607e-07, 1.44115904277e-06, 2.37177960116e-06, 2.2821272978e-06, 1.89980755749e-06, 1.14370516258e-06, 6.86497173774e-07, 1.41168061418e-06, 1.89163006326e-06, 1.41785517371e-06, 1.49102697833e-06, 1.56148746555e-06, 1.76550111064e-06, 3.22086566484e-06, 3.33743219016e-06, 2.58413274423e-06, 1.86982697414e-06, 1.06999950731e-05, 6.49431103739e-06, 2.84485554403e-06, 3.41780332747e-06, 1.55763541443e-06, 2.62882917923e-06, 1.86120564649e-06, 1.1796093986e-06, 1.66930021805e-06, 1.03009460872e-06, 8.99463827864e-07, 5.44806368907e-07, 5.29904696123e-07, 3.82905028573e-07, 2.2190668858e-07, 9.14197926249e-08, 3.99709314536e-08, 1.80895671775e-08, 6.20679063701e-09, 1.34988609179e-09, 9.84131318105e-11],
        "stdev": [0.137498855591, 1.13397073746, 1.44534230232, 2.22860050201, 11.672504425, 14.4762268066, 16.495267868, 20.3881340027, 25.121723175, 57.1714668274, 46.0951385498, 62.2671279907, 82.28956604, 60.3054618835, 55.1644935608, 107.726631165, 60.4540405273, 78.7564849854, 75.8408126831, 238.878463745, 64.4174194336, 40.7114028931, 27.4628562927, 14.9096899033, 18.5212879181, 17.332239151, 13.4790382385, 13.3499612808, 17.2160453796, 10.7613315582, 8.91966533661, 5.49017572403, 3.44894766808, 1.45640933514, 0.967794656754, 0.379191666842, 0.114219099283, 0.00782941374928, 0.000161609626957, 2.07436260098e-05]
    },
    "gfcc": {
        "mean": [42.0320854187, 83.2990875244, -153.336120605, 31.6243438721, -66.3104782104, 22.2882823944, -45.9311408997, 12.1674795151, -18.7199363708, 6.44609689713, -14.024728775, -1.95475780964, -5.56775379181],
        "cov": [[1565.76074219, -37.1362991333, 452.156646729, 154.09286499, -7.9490776062, 41.0960235596, -4.56390857697, 82.0006027222, -28.4538803101, 57.6917533875, -95.2976760864, 19.5016040802, -55.5753631592], [-37.1362991333, 1166.95861816, 519.460205078, 277.46307373, 193.168487549, -65.8761291504, 154.313171387, 60.590423584, 107.907432556, 10.6631135941, 176.963882446, -57.8717269897, 57.2242393494], [452.156646729, 519.460205078, 1035.02709961, 354.067657471, 90.0979232788, -32.0274009705, 42.937915802, 68.5051956177, -6.21447563171, 108.112014771, -4.82750749588, 20.4810085297, -63.2711753845], [154.09286499, 277.46307373, 354.067657471, 272.933258057, 74.7650527954, -10.6521673203, 19.5700187683, 33.2866859436, 49.8661766052, 14.6642398834, 7.2571439743, -16.4546470642, 17.7726669312], [-7.9490776062, 193.168487549, 90.0979232788, 74.7650527954, 137.908828735, 10.5813093185, 27.4937839508, 39.6035079956, 37.9800453186, 8.42793178558, 14.9789619446, 0.339343994856, 14.5374889374], [41.0960235596, -65.8761291504, -32.0274009705, -10.6521673203, 10.5813093185, 112.914337158, 56.8699188232, 0.427562952042, -35.8697280884, -15.4190607071, -5.37773132324, 10.0776462555, -5.24493026733], [-4.56390857697, 154.313171387, 42.937915802, 19.5700187683, 27.4937839508, 56.8699188232, 138.837783813, 35.2375450134, -22.3696784973, -4.12965250015, 31.4273166656, 0.637990534306, -11.0630464554], [82.0006027222, 60.590423584, 68.5051956177, 33.2866859436, 39.6035079956, 0.427562952042, 35.2375450134, 80.2837524414, 45.4277572632, 15.489027977, -5.33150005341, -0.193142622709, -3.19410514832], [-28.4538803101, 107.907432556, -6.21447563171, 49.8661766052, 37.9800453186, -35.8697280884, -22.3696784973, 45.4277572632, 119.450546265, 19.4411678314, 14.7690095901, -16.3462371826, 26.7316436768], [57.6917533875, 10.6631135941, 108.112014771, 14.6642398834, 8.42793178558, -15.4190607071, -4.12965250015, 15.489027977, 19.4411678314, 65.5802993774, 11.5214166641, 14.5819530487, -17.5316123962], [-95.2976760864, 176.963882446, -4.82750749588, 7.2571439743, 14.9789619446, -5.37773132324, 31.4273166656, -5.33150005341, 14.7690095901, 11.5214166641, 89.4342346191, 9.58411121368, 8.87767124176], [19.5016040802, -57.8717269897, 20.4810085297, -16.4546470642, 0.339343994856, 10.0776462555, 0.637990534306, -0.193142622709, -16.3462371826, 14.5819530487, 9.58411121368, 57.9524726868, 1.48377621174], [-55.5753631592, 57.2242393494, -63.2711753845, 17.7726669312, 14.5374889374, -5.24493026733, -11.0630464554, -3.19410514832, 26.7316436768, -17.5316123962, 8.87767124176, 1.48377621174, 68.1455688477]],
        "icov": [[0.000923800689634, -0.000572798657231, 0.000257729378063, -0.000710702501237, 0.000950868241489, -0.0010130504379, 0.00123683072161, -0.00174358207732, 0.00111837149598, -0.00112365814857, 0.00140319636557, -0.000673847272992, 0.000601374951657], [-0.000572798657231, 0.00835623592138, -0.00625301524997, 0.00406224420294, -0.00685226498172, 0.00631721457466, -0.00927921105176, 0.00632876995951, -0.00686693144962, 0.00925761461258, -0.0129732405767, 0.00902497395873, -0.00704216584563], [0.000257729378063, -0.00625301524997, 0.00789234880358, -0.00733363069594, 0.00487831886858, -0.003537398763, 0.00699410354719, -0.00632786005735, 0.00816251151264, -0.0106794107705, 0.00993119366467, -0.00755000114441, 0.00714863929898], [-0.000710702501237, 0.00406224420294, -0.00733363069594, 0.0128436563537, -0.00544999353588, 0.00240348256193, -0.00593345891684, 0.0064873364754, -0.00888540036976, 0.00894197635353, -0.00641547096893, 0.00671879434958, -0.00698565645143], [0.000950868241489, -0.00685226498172, 0.00487831886858, -0.00544999353588, 0.0160442851484, -0.00704858964309, 0.00781630445272, -0.00947081949562, 0.00483122933656, -0.0077207214199, 0.00945023912936, -0.00779008446261, 0.00439714500681], [-0.0010130504379, 0.00631721457466, -0.003537398763, 0.00240348256193, -0.00704858964309, 0.0187353026122, -0.0136963212863, 0.00754747726023, -0.00360244326293, 0.00798993557692, -0.00676573673263, 0.00375378527679, -0.00469790864736], [0.00123683072161, -0.00927921105176, 0.00699410354719, -0.00593345891684, 0.00781630445272, -0.0136963212863, 0.0265277475119, -0.0191673208028, 0.0152361467481, -0.00983787421137, 0.00655121309683, -0.00638211052865, 0.00830648746341], [-0.00174358207732, 0.00632876995951, -0.00632786005735, 0.0064873364754, -0.00947081949562, 0.00754747726023, -0.0191673208028, 0.0353523790836, -0.0211534462869, 0.00833376962692, -0.00195170519873, 0.00238037458621, -0.00251262122765], [0.00111837149598, -0.00686693144962, 0.00816251151264, -0.00888540036976, 0.00483122933656, -0.00360244326293, 0.0152361467481, -0.0211534462869, 0.0288896597922, -0.0160158798099, 0.00564742460847, -0.00105164584238, 0.000582771666814], [-0.00112365814857, 0.00925761461258, -0.0106794107705, 0.00894197635353, -0.0077207214199, 0.00798993557692, -0.00983787421137, 0.00833376962692, -0.0160158798099, 0.0370863340795, -0.01744585298, 0.0038117680233, -0.0018689975841], [0.00140319636557, -0.0129732405767, 0.00993119366467, -0.00641547096893, 0.00945023912936, -0.00676573673263, 0.00655121309683, -0.00195170519873, 0.00564742460847, -0.01744585298, 0.0372424349189, -0.0181539654732, 0.0102077163756], [-0.000673847272992, 0.00902497395873, -0.00755000114441, 0.00671879434958, -0.00779008446261, 0.00375378527679, -0.00638211052865, 0.00238037458621, -0.00105164584238, 0.0038117680233, -0.0181539654732, 0.0326163321733, -0.0128161301836], [0.000601374951657, -0.00704216584563, 0.00714863929898, -0.00698565645143, 0.00439714500681, -0.00469790864736, 0.00830648746341, -0.00251262122765, 0.000582771666814, -0.0018689975841, 0.0102077163756, -0.0128161301836, 0.0277085825801]]
    },
    "melbands": {
        "max": [0.00979969929904, 0.0066201845184, 0.00442206580192, 0.00993605516851, 0.00384497107007, 0.0042155017145, 0.00263208383694, 0.00565569289029, 0.00344907096587, 0.00501739000902, 0.00344142806716, 0.00350165693089, 0.00206348672509, 0.00202364218421, 0.00162754883058, 0.0012136308942, 0.00146815844346, 0.00126344244927, 0.00209552142769, 0.00149138970301, 0.000534790975507, 0.000433291192167, 0.000295193865895, 0.000189880171092, 0.000189933052752, 0.000139568728628, 0.000198018751689, 9.77431991487e-05, 0.000141626063851, 0.000105842977064, 0.000107953652332, 0.000184947319212, 0.000107990737888, 9.2851172667e-05, 0.000101470257505, 8.65955880727e-05, 3.23157764797e-05, 2.54759961535e-05, 1.98700945475e-05, 9.60426586971e-06],
        "mean": [0.00101378350519, 0.000801085901912, 0.000458068621811, 0.000626847904641, 0.000483277166495, 0.000359513767762, 0.000346964836353, 0.000447137776064, 0.000280411652057, 0.000247935648076, 0.000293322198559, 0.000169081278727, 0.000148381135659, 0.000159107235959, 0.000137779017678, 0.000127932988107, 0.000154369045049, 0.000124322250485, 0.000189405836863, 0.000165408113389, 7.17046787031e-05, 5.63073772355e-05, 4.15477843489e-05, 2.39407909248e-05, 1.54822391778e-05, 1.6535001123e-05, 1.78702102858e-05, 1.18730704344e-05, 7.5380189628e-06, 6.11438417764e-06, 5.73256693315e-06, 5.37219921171e-06, 4.75840442959e-06, 4.05960736316e-06, 3.11536336994e-06, 2.58258910435e-06, 2.04060097531e-06, 1.69244128756e-06, 1.18358479995e-06, 7.1752549502e-07],
        "min": [4.92912044514e-10, 4.0302280957e-10, 2.77647127511e-10, 1.73713265994e-10, 7.11231837314e-11, 2.62689175967e-11, 1.16164170297e-11, 1.76863645257e-11, 1.37719280424e-11, 9.3779610813e-12, 7.49817482409e-12, 6.37396689249e-12, 4.57750113855e-12, 8.88059070725e-12, 9.34760862464e-12, 5.46692378867e-12, 4.76931298274e-12, 1.90289342443e-12, 8.71561243315e-12, 1.7065009128e-11, 5.13522514442e-12, 2.98534222516e-12, 2.49489101253e-12, 2.7003273749e-12, 9.73166425916e-13, 1.81169087978e-12, 1.59922433369e-12, 1.19376307884e-12, 8.2801663746e-13, 6.62540714565e-13, 1.08163011967e-12, 5.84892811267e-13, 5.71051398442e-13, 4.06680575717e-13, 2.97935721233e-13, 3.41254964824e-13, 3.22089414601e-13, 2.61526016771e-13, 2.56393349477e-13, 1.64033025986e-13],
        "stdev": [0.00132324476726, 0.000913338677492, 0.000554492813535, 0.00096045009559, 0.000587796268519, 0.000452800450148, 0.00039405177813, 0.000620867998805, 0.000349814508809, 0.000424273952376, 0.000410801265389, 0.000260583357885, 0.000205539618037, 0.000235095169046, 0.000171845182194, 0.000151823755004, 0.000149062921992, 0.000133718844154, 0.000261731474893, 0.000238437816733, 7.41744152037e-05, 5.08185621584e-05, 3.47847962985e-05, 2.02746541618e-05, 1.28733536258e-05, 1.2907295968e-05, 1.81191517186e-05, 1.10031305667e-05, 1.01677987914e-05, 7.54582333684e-06, 7.84117764852e-06, 1.03869269878e-05, 7.69758116803e-06, 5.80438972975e-06, 5.69913709114e-06, 4.43389899374e-06, 3.09386041408e-06, 2.55358554568e-06, 1.84140935744e-06, 1.12226996407e-06]
    },
    "melbands128": {
        "max": [0.00296243000776, 0.00694794207811, 0.0173628255725, 0.0131711596623, 0.00680823018774, 0.00372685771435, 0.00425798725337, 0.00439853174612, 0.0109917866066, 0.0158946868032, 0.0069779381156, 0.00833714567125, 0.00571831408888, 0.00776822306216, 0.00599022395909, 0.00676892418414, 0.0049758059904, 0.00406907545403, 0.00473119830713, 0.00993134547025, 0.00775360129774, 0.00961016025394, 0.00390703603625, 0.00361162936315, 0.00581923080608, 0.00952766183764, 0.00828803889453, 0.00676490459591, 0.00302751432173, 0.00607739575207, 0.00390715803951, 0.00205719633959, 0.00412476621568, 0.00229680165648, 0.00211494369432, 0.00337204989046, 0.00613302271813, 0.00216687330976, 0.00212784390897, 0.00235863006674, 0.00238037761301, 0.0027430113405, 0.00326411775313, 0.0018074947875, 0.0027541576419, 0.00233348179609, 0.00174472224899, 0.0024800170213, 0.00513048889115, 0.0048521864228, 0.00158578541595, 0.00102320546284, 0.00102257682011, 0.00137022312265, 0.00127457641065, 0.000785730488133, 0.000335742486641, 0.000486829230795, 0.000670904468279, 0.000339075399097, 0.000294271128951, 0.000266549555818, 0.000317862752127, 0.000192254476133, 0.000202658819035, 0.000155053436174, 0.000160000607138, 0.000195391112356, 0.00043818881386, 0.000178968970431, 0.000159399933182, 0.000137448660098, 0.000434422312537, 0.00012605311349, 0.000117007752124, 0.000137011549668, 0.000122771190945, 0.000159820498084, 0.00013066190877, 0.000174562970642, 0.000199745059945, 0.000313972734148, 0.000213836348848, 0.00020536503871, 7.67597084632e-05, 6.25125321676e-05, 0.000141529089888, 0.000135697147925, 0.000151514323079, 0.000117554533063, 7.78136090958e-05, 0.000104965591163, 4.30099680671e-05, 4.066045949e-05, 4.15176546085e-05, 3.32749805239e-05, 3.11680960294e-05, 4.21285621997e-05, 2.84639772872e-05, 2.10348061955e-05, 1.01395207821e-05, 1.18850593935e-05, 1.50521173055e-05, 1.79620474228e-05, 1.15345928862e-05, 1.18083471534e-05, 6.69678047416e-06, 8.919978427e-06, 7.0353476076e-06, 6.23682490186e-06, 5.60308853892e-06, 4.4863650146e-06, 5.0202534112e-06, 5.00718851981e-06, 2.59842704509e-06, 6.79775155277e-07, 1.32915900508e-07, 5.44512701595e-09, 6.69583188895e-09, 3.32362004585e-09, 5.23267473795e-09, 4.48971615441e-09, 2.85371748454e-09, 1.31275268433e-09, 1.27807386896e-09, 1.24119126088e-09, 1.21877929971e-09, 1.20544840776e-09],
        "mean": [0.000152662978508, 0.000784861913417, 0.00147261365782, 0.00128823379055, 0.000750057166442, 0.000459278089693, 0.000388402258977, 0.000368625449482, 0.000699427793734, 0.000651227775961, 0.00058803812135, 0.000583485874813, 0.000480649818201, 0.000340277387295, 0.000270798569545, 0.000455098110251, 0.000396279181587, 0.000237869870034, 0.000381101883249, 0.000580356048886, 0.000394460483221, 0.000312940974254, 0.000296854937915, 0.000195191372768, 0.000233368496993, 0.000235776562477, 0.00035658836714, 0.000362234626664, 0.000164344339282, 0.00020176693215, 0.000152686756337, 0.000131909793708, 0.0001942471863, 0.000112394620373, 0.000108500418719, 0.000183034484508, 0.000241357978666, 0.000109466003778, 0.000100308076071, 0.000114846188808, 0.000112871057354, 0.000185896686162, 0.000159966613865, 0.000144867153722, 0.000120672448247, 0.000119799340609, 0.000128392493934, 0.000126432016259, 0.000238631153479, 0.000324953725794, 0.000119358883239, 6.42027152935e-05, 5.80018204346e-05, 8.34882084746e-05, 8.424911357e-05, 4.67918143841e-05, 3.8437978219e-05, 4.88198929816e-05, 4.30318323197e-05, 2.85993119178e-05, 2.32439670071e-05, 1.93459618458e-05, 1.78774444066e-05, 1.37026700031e-05, 1.26684863062e-05, 1.54709523486e-05, 2.04451062018e-05, 1.85788248928e-05, 1.70215425896e-05, 1.72822437889e-05, 1.22237152027e-05, 8.74951456353e-06, 9.33760748012e-06, 6.95537437423e-06, 6.07652509643e-06, 6.21921617494e-06, 6.07748370385e-06, 5.94052971792e-06, 5.71922191739e-06, 5.48624393559e-06, 5.69518715565e-06, 5.22030268257e-06, 4.68409689347e-06, 4.82580117023e-06, 4.71157864013e-06, 4.47369393441e-06, 3.83939004678e-06, 3.25053383676e-06, 3.13293958243e-06, 3.03937235913e-06, 2.53285384133e-06, 2.67973268819e-06, 2.22171024689e-06, 2.01779926101e-06, 1.95709594664e-06, 1.73879061549e-06, 1.54096449023e-06, 1.78708023668e-06, 1.29447380459e-06, 8.97453446669e-07, 5.6544013205e-07, 7.59046201892e-07, 7.44746671444e-07, 8.07434332728e-07, 5.86183659834e-07, 5.54455084512e-07, 4.12415829487e-07, 4.20758482278e-07, 3.5174306845e-07, 2.64339377054e-07, 2.28257334811e-07, 1.77123524736e-07, 1.20670790693e-07, 9.2152220077e-08, 3.78353384178e-08, 1.16237535153e-08, 2.44224374057e-09, 1.24471726329e-11, 1.24051810491e-11, 8.94797170387e-12, 1.05519403978e-11, 9.66953860732e-12, 7.97293481236e-12, 5.27538386239e-12, 5.01028515551e-12, 4.85898951283e-12, 4.7678788001e-12, 4.72869833568e-12],
        "min": [6.44066355804e-10, 5.13767306476e-10, 4.38869801611e-10, 4.33592772797e-10, 4.30007224272e-10, 3.70267760896e-10, 2.90871771114e-10, 2.57337151588e-10, 2.47495857142e-10, 1.90268731326e-10, 1.14386472516e-10, 8.23451029586e-11, 7.01499414113e-11, 4.21593419897e-11, 2.44029414731e-11, 2.13913955993e-11, 8.53371366627e-12, 8.19646781003e-12, 1.7957307516e-11, 1.29639987981e-11, 1.98849513244e-11, 2.59165362781e-11, 8.95267280449e-12, 7.67832498971e-12, 8.31317046451e-12, 9.63931972436e-12, 1.37720850349e-11, 3.7072233304e-12, 6.60991573975e-12, 7.46680321739e-12, 6.79142029072e-12, 3.61644850351e-12, 3.15532994698e-12, 5.02839480124e-12, 1.10248624466e-11, 9.62324490927e-12, 5.76036744346e-12, 1.17516846948e-11, 9.30175901581e-12, 7.41979134383e-12, 4.33361116089e-12, 2.60464870158e-12, 7.82193407267e-12, 3.65334238556e-12, 1.11645642818e-12, 1.49551313174e-12, 2.69810324256e-12, 4.11224700125e-12, 1.25550299324e-11, 2.13370536517e-11, 1.79392976168e-11, 1.42211546358e-11, 5.70822382417e-12, 1.3911016436e-12, 1.94081035965e-12, 4.97855012424e-12, 1.9888255539e-12, 7.08520048187e-13, 3.48385708303e-12, 4.61446766215e-12, 2.73684048514e-12, 8.79189570539e-13, 1.99570741877e-12, 5.2304541991e-13, 2.83948916897e-13, 1.80962861883e-12, 3.05507138684e-12, 1.68114231303e-12, 1.11840940155e-12, 1.79432271992e-12, 6.07527266341e-13, 1.42113881427e-12, 1.48297715254e-12, 3.14417979499e-13, 6.2139052584e-13, 6.49481933079e-13, 5.16592031739e-13, 1.21633248178e-12, 1.33573176391e-12, 7.49980210314e-13, 7.15591702647e-13, 4.79177353178e-13, 3.30592188824e-13, 5.19239978704e-13, 9.39837617453e-13, 4.05456619884e-13, 2.82328115964e-13, 2.46886061941e-13, 3.70065469154e-13, 2.03625798948e-13, 3.98660976193e-13, 3.57245456091e-13, 2.85244863753e-13, 3.6714397798e-13, 2.81525399781e-13, 3.14781485383e-13, 2.40331002712e-13, 2.35498903364e-13, 2.93730317846e-13, 2.55530514283e-13, 1.60826037275e-13, 1.80284647345e-13, 1.19719623212e-13, 7.87654717924e-14, 1.14066999661e-13, 1.09538185542e-13, 6.54495514317e-14, 7.84057538404e-14, 7.01210330035e-14, 6.32561020166e-14, 4.30434022301e-14, 5.50398620994e-14, 8.78453329501e-14, 3.2962714047e-14, 4.01557957621e-14, 5.39756227994e-14, 4.57328470341e-14, 5.48713635293e-14, 4.85286622356e-14, 3.62988583419e-14, 5.34129049312e-14, 2.75095887774e-14, 2.69534489671e-14, 2.29759550415e-14, 2.46757062212e-14, 1.87172410953e-14, 3.80003671149e-15, 1.28361159537e-16],
        "stdev": [0.000255504972301, 0.00101097603329, 0.002216411056, 0.00184535421431, 0.000931074842811, 0.000550065713469, 0.000474492233479, 0.000498308159877, 0.00144447560888, 0.00137714552693, 0.000873599841725, 0.000926305598114, 0.000681868055835, 0.000546428374946, 0.000527794472873, 0.000707314757165, 0.000597499543801, 0.000448974751635, 0.000573361641727, 0.000970378518105, 0.000809302786365, 0.000625131768174, 0.000467262667371, 0.000361572107067, 0.000558562809601, 0.000637662597001, 0.000772595929448, 0.000658147735521, 0.000256748229731, 0.000471445935545, 0.000300339685054, 0.000193557978491, 0.000367467029719, 0.000212711413042, 0.000204875948839, 0.00034641881939, 0.000559229345527, 0.000162487864145, 0.000164316152222, 0.000225094059715, 0.000209352278034, 0.000295660283882, 0.000233857892454, 0.00018040111172, 0.000211742561078, 0.000184473115951, 0.00019568199059, 0.000225609401241, 0.000545444025192, 0.000682287092786, 0.000207464487175, 0.000108066895336, 8.91928357305e-05, 0.000122169425595, 0.000104814826045, 6.66689520585e-05, 4.92997060064e-05, 6.09491689829e-05, 5.10123827553e-05, 3.73721886717e-05, 2.77936233033e-05, 2.11812239286e-05, 2.03226463782e-05, 1.44827818076e-05, 1.60240979312e-05, 1.60175350175e-05, 2.14249903365e-05, 2.49998083746e-05, 2.91803862638e-05, 1.98145371542e-05, 1.42346552821e-05, 1.15693583211e-05, 1.90667360584e-05, 1.05569897642e-05, 8.20886089059e-06, 8.28690008348e-06, 9.05368688109e-06, 9.18817386264e-06, 8.4910170699e-06, 8.78157152329e-06, 9.56514395511e-06, 1.50340592882e-05, 9.84389043879e-06, 9.62825015449e-06, 6.41844371785e-06, 6.22090192337e-06, 6.95196877132e-06, 6.27018471278e-06, 6.94629261488e-06, 5.66584367334e-06, 4.1473526835e-06, 5.5623136177e-06, 3.56808868673e-06, 3.13752298098e-06, 3.45596436091e-06, 2.78982520285e-06, 2.40310373556e-06, 3.29554018208e-06, 2.13952534978e-06, 1.44316641126e-06, 9.03328043478e-07, 1.27122393678e-06, 1.36423773256e-06, 1.6664425857e-06, 1.17504589525e-06, 1.06412437617e-06, 7.88210741121e-07, 8.92131311048e-07, 7.00712348589e-07, 5.63879666515e-07, 5.23676078501e-07, 4.8928779961e-07, 3.84143675092e-07, 3.6168367501e-07, 1.69561076291e-07, 4.21286436847e-08, 9.16745257484e-09, 1.77185530137e-10, 2.12692335966e-10, 1.13443261729e-10, 1.67510741389e-10, 1.44903283816e-10, 9.73012781458e-11, 4.09180779537e-11, 3.96338309394e-11, 3.85032422612e-11, 3.78149733749e-11, 3.74050582175e-11]
    },
    "mfcc": {
        "mean": [-584.356506348, 105.013908386, -23.9935264587, 8.27257061005, 1.33149337769, 4.68871831894, -8.34755706787, 0.549462735653, -0.715445876122, 5.8881521225, -0.857285916805, -0.394153535366, 0.884340584278],
        "cov": [[1120.42272949, -132.905044556, 147.446685791, 36.2982711792, 21.6626663208, 15.4682245255, -0.647867143154, 26.9268569946, 50.9716644287, 37.6773719788, -24.1908493042, -33.5696983337, -15.0448732376], [-132.905044556, 893.750854492, 354.997070312, 317.452026367, 125.141281128, 1.14332234859, 115.349273682, 36.925819397, -17.4596500397, 89.3830184937, 101.081642151, 4.52352523804, 71.0816802979], [147.446685791, 354.997070312, 797.210144043, 381.63079834, 125.40737915, 49.9999923706, 71.9608459473, -13.5003042221, 6.07020902634, 59.1105155945, 53.7225189209, 8.72170352936, 29.1431827545], [36.2982711792, 317.452026367, 381.63079834, 347.440155029, 137.868560791, 4.74398899078, 12.272362709, 6.10343122482, 29.9989452362, 76.5791778564, 26.4151859283, -3.38760352135, 45.1279983521], [21.6626663208, 125.141281128, 125.40737915, 137.868560791, 158.755371094, 5.11075353622, -33.6398887634, 1.4327378273, 32.854724884, 44.149597168, -4.22222089767, -6.83293533325, 31.1778392792], [15.4682245255, 1.14332234859, 49.9999923706, 4.74398899078, 5.11075353622, 82.4990997314, 57.1610679626, 16.2566375732, -1.59736740589, -17.9442310333, 5.8812494278, 2.72730398178, -9.75144195557], [-0.647867143154, 115.349273682, 71.9608459473, 12.272362709, -33.6398887634, 57.1610679626, 151.561477661, 49.9650230408, -15.8172969818, -13.555264473, 39.0321044922, -3.48575305939, -13.6279144287], [26.9268569946, 36.925819397, -13.5003042221, 6.10343122482, 1.4327378273, 16.2566375732, 49.9650230408, 79.560295105, 25.2619895935, 7.48160743713, 15.4744329453, -1.00753629208, -3.63105511665], [50.9716644287, -17.4596500397, 6.07020902634, 29.9989452362, 32.854724884, -1.59736740589, -15.8172969818, 25.2619895935, 79.8395767212, 37.404712677, -7.26393270493, -6.38378477097, 1.02738213539], [37.6773719788, 89.3830184937, 59.1105155945, 76.5791778564, 44.149597168, -17.9442310333, -13.555264473, 7.48160743713, 37.404712677, 84.179977417, 18.687374115, -7.60802602768, 7.74907398224], [-24.1908493042, 101.081642151, 53.7225189209, 26.4151859283, -4.22222089767, 5.8812494278, 39.0321044922, 15.4744329453, -7.26393270493, 18.687374115, 77.2067947388, 23.6267623901, 5.75799179077], [-33.5696983337, 4.52352523804, 8.72170352936, -3.38760352135, -6.83293533325, 2.72730398178, -3.48575305939, -1.00753629208, -6.38378477097, -7.60802602768, 23.6267623901, 63.218536377, 26.3556194305], [-15.0448732376, 71.0816802979, 29.1431827545, 45.1279983521, 31.1778392792, -9.75144195557, -13.6279144287, -3.63105511665, 1.02738213539, 7.74907398224, 5.75799179077, 26.3556194305, 63.3897476196]],
        "icov": [[0.00103237282019, 0.000297939201118, -0.000418432697188, 0.000245049101068, 4.30019354098e-05, -8.00721245469e-05, 2.72269753623e-05, -0.000524782924913, -0.000152132328367, -0.000600379251409, 0.000224699877435, 0.000554006837774, -0.000303716980852], [0.000297939201118, 0.00251841987483, -1.88472422451e-05, -0.00142280431464, -0.00089261145331, 0.00117987813428, -0.00206216191873, -0.000223143142648, 0.0014583034208, -0.00117351009976, -0.00148508034181, 0.000904835935216, -0.00168879888952], [-0.000418432697188, -1.88472422451e-05, 0.00338908866979, -0.00393619714305, 1.44549621837e-05, -0.000864849134814, -0.00128933333326, 0.00214515323751, -1.60779291036e-05, 0.000791285710875, -0.000800174893811, -0.00103802874219, 0.0012792670168], [0.000245049101068, -0.00142280431464, -0.00393619714305, 0.0108862258494, -0.00355200166814, 0.000658967357595, 0.000565506459679, -0.00122529244982, -0.000529086275492, -0.00324243516661, 0.00125482166186, 0.00111151451711, -0.00255816569552], [4.30019354098e-05, -0.00089261145331, 1.44549621837e-05, -0.00355200166814, 0.0130216814578, -0.00504656555131, 0.00552659248933, -0.00156539911404, -0.00171344459523, -0.00155316782184, 0.00066934491042, 0.00264510046691, -0.00349220400676], [-8.00721245469e-05, 0.00117987813428, -0.000864849134814, 0.000658967357595, -0.00504656555131, 0.0207571107894, -0.00994445662946, 0.00143686553929, -0.00191843358334, 0.00410518888384, 0.00132839730941, -0.00339673412964, 0.00302692130208], [2.72269753623e-05, -0.00206216191873, -0.00128933333326, 0.000565506459679, 0.00552659248933, -0.00994445662946, 0.0183196458966, -0.00894567370415, 0.00264694192447, 0.00149307865649, -0.00444396166131, 0.00434789946303, 5.75853337068e-05], [-0.000524782924913, -0.000223143142648, 0.00214515323751, -0.00122529244982, -0.00156539911404, 0.00143686553929, -0.00894567370415, 0.0215647555888, -0.00847566779703, 0.00181176874321, -0.00183220719919, -0.00135928706732, 0.000962247431744], [-0.000152132328367, 0.0014583034208, -1.60779291036e-05, -0.000529086275492, -0.00171344459523, -0.00191843358334, 0.00264694192447, -0.00847566779703, 0.0218592248857, -0.00980812497437, 0.00323325581849, -0.000532745732926, 0.000116395494842], [-0.000600379251409, -0.00117351009976, 0.000791285710875, -0.00324243516661, -0.00155316782184, 0.00410518888384, 0.00149307865649, 0.00181176874321, -0.00980812497437, 0.0237027574331, -0.00737032620236, 0.00322860223241, 0.0015267028939], [0.000224699877435, -0.00148508034181, -0.000800174893811, 0.00125482166186, 0.00066934491042, 0.00132839730941, -0.00444396166131, -0.00183220719919, 0.00323325581849, -0.00737032620236, 0.022604059428, -0.010119468905, 0.00301069533452], [0.000554006837774, 0.000904835935216, -0.00103802874219, 0.00111151451711, 0.00264510046691, -0.00339673412964, 0.00434789946303, -0.00135928706732, -0.000532745732926, 0.00322860223241, -0.010119468905, 0.0262468680739, -0.0125433802605], [-0.000303716980852, -0.00168879888952, 0.0012792670168, -0.00255816569552, -0.00349220400676, 0.00302692130208, 5.75853337068e-05, 0.000962247431744, 0.000116395494842, 0.0015267028939, 0.00301069533452, -0.0125433802605, 0.0258340537548]]
    },
    "spectral_contrast_coeffs": {
        "max": [-0.479540646076, -0.571102201939, -0.478742778301, -0.601423501968, -0.626209616661, -0.611510336399],
        "mean": [-0.730477869511, -0.759657144547, -0.757344722748, -0.758307874203, -0.766735732555, -0.738736152649],
        "min": [-0.935308456421, -0.926722109318, -0.891314864159, -0.906449139118, -0.912072360516, -0.888922691345],
        "stdev": [0.060216024518, 0.0628850534558, 0.0614615939558, 0.0558421760798, 0.0386301465333, 0.0256604775786]
    },
    "spectral_contrast_valleys": {
        "max": [-5.15545034409, -5.04492235184, -5.41221427917, -5.36621809006, -5.99636650085, -8.11950016022],
        "mean": [-6.71365308762, -6.23657083511, -6.67447853088, -6.74086141586, -6.98825407028, -9.80018424988],
        "min": [-13.5137681961, -14.6578550339, -15.4120559692, -14.6565246582, -14.7602148056, -16.8716754913],
        "stdev": [0.969716966152, 0.487000733614, 0.578589200974, 0.603722751141, 0.501394510269, 0.707419037819]
    }
},
"rhythm": {
    "beats_count": 56,
    "beats_loudness": {
        "max": 0.0664522275329,
        "mean": 0.0399876050651,
        "min": 0.0165067501366,
        "stdev": 0.0143838822842
    },
    "bpm": 140.009719849,
    "bpm_histogram_first_peak_bpm": 140,
    "bpm_histogram_first_peak_weight": 0.319999992847,
    "bpm_histogram_second_peak_bpm": 133,
    "bpm_histogram_second_peak_spread": 0,
    "bpm_histogram_second_peak_weight": 0.0909090936184,
    "danceability": 1.01526916027,
    "onset_rate": 2.37212872505,
    "beats_loudness_band_ratio": {
        "max": [0.665976881981, 0.418156713247, 0.461282879114, 0.451388090849, 0.470290482044, 0.200513675809],
        "mean": [0.293882340193, 0.157473489642, 0.172722831368, 0.186637327075, 0.192710801959, 0.0673356056213],
        "min": [0.00107182504144, 0.00430640857667, 0.0507396049798, 0.0185409355909, 0.0129333287477, 0.00756677752361],
        "stdev": [0.186044216156, 0.124196201563, 0.0968699678779, 0.145764574409, 0.139712691307, 0.0403739698231]
    },
    "beats_position": [0.46439909935, 0.917188167572, 1.34675729275, 1.78793644905, 2.22911548615, 2.68190479279, 3.11147379875, 3.52943301201, 3.95900225639, 4.38857126236, 4.81814050674, 5.24770975113, 5.66566896439, 6.09523820877, 6.52480697632, 6.9543762207, 7.38394546509, 7.81351470947, 8.24308395386, 8.66104316711, 9.10222244263, 9.54340076447, 9.98458003998, 10.4141492844, 10.8437185287, 11.2732877731, 11.7028570175, 12.1324262619, 12.5619955063, 12.9915647507, 13.4211339951, 13.8507022858, 14.2802715302, 14.7098407745, 15.1394100189, 15.5689792633, 15.9985485077, 16.4397277832, 16.8925170898, 17.3453063965, 17.7980957031, 18.2276649475, 18.6456241608, 19.0635814667, 19.4815406799, 19.9111099243, 20.3290691376, 20.758638382, 21.1882076263, 21.6177768707, 22.0473461151, 22.4769153595, 22.8948745728, 23.312833786, 23.7424030304, 24.1603622437],
