{
"metadata": {
    "version": {
        "essentia": "2.1-beta5",
        "essentia_git_sha": "Undefined",
        "extractor": "music 2.0"
    },
    "audio_properties": {
        "analysis": {
            "equal_loudness": 0,
            "length": 45.6736526489,
            "sample_rate": 44100,
            "start_time": 175.240997314,
            "downmix": "mix"
        },
        "bit_rate": 192000,
        "length": 220.93788147,
        "lossless": 0,
        "number_channels": 2,
        "replay_gain": -1.15608787537,
        "sample_rate": 48000,
        "codec": "mp3",
        "md5_encoded": "fdea83da5dec9f0a78d2b18764099c5e"
    },
    "tags": {
        "file_name": "Netherlands_Vrede_Ruth Jacott.mp3",
        "encoding": ["Lavf58.29.100"]
    }
},
"lowlevel": {
    "average_loudness": 0.839693725109,
    "barkbands_crest": {
        "max": 21.1779651642,
        "mean": 7.90049219131,
        "min": 2.5858297348,
        "stdev": 3.3223721981
    },
    "barkbands_flatness_db": {
        "max": 0.236845672131,
        "mean": 0.113710433245,
        "min": 0.0467292927206,
        "stdev": 0.0331288464367
    },
    "barkbands_kurtosis": {
        "max": 45.9658966064,
        "mean": 1.41419303417,
        "min": -1.87960588932,
        "stdev": 2.91786789894
    },
    "barkbands_skewness": {
        "max": 6.48072338104,
        "mean": 0.00127428723499,
        "min": -2.43073534966,
        "stdev": 1.23878777027
    },
    "barkbands_spread": {
        "max": 89.0806045532,
        "mean": 21.8511734009,
        "min": 4.24695158005,
        "stdev": 10.8184328079
    },
    "dissonance": {
        "max": 0.499999880791,
        "mean": 0.47338861227,
        "min": 0.334048211575,
        "stdev": 0.0258502159268
    },
    "dynamic_complexity": 2.97558665276,
    "erbbands_crest": {
        "max": 28.6875095367,
        "mean": 8.03689670563,
        "min": 2.48172712326,
        "stdev": 4.46440505981
    },
    "erbbands_flatness_db": {
        "max": 0.287600457668,
        "mean": 0.169992133975,
        "min": 0.0702514871955,
        "stdev": 0.0499934963882
    },
    "erbbands_kurtosis": {
        "max": 10.1807346344,
        "mean": 0.338524341583,
        "min": -1.76623392105,
        "stdev": 1.24041748047
    },
    "erbbands_skewness": {
        "max": 2.16699075699,
        "mean": 0.0290094483644,
        "min": -2.7021651268,
        "stdev": 0.63435035944
    },
    "erbbands_spread": {
        "max": 151.538330078,
        "mean": 29.8488998413,
        "min": 5.32233762741,
        "stdev": 14.4012050629
    },
    "hfc": {
        "max": 387.596191406,
        "mean": 26.2666435242,
        "min": 1.06115705297e-16,
        "stdev": 30.2776737213
    },
    "loudness_ebu128": {
        "integrated": -21.4207134247,
        "loudness_range": 2.32253074646,
        "momentary": {
            "max": -18.6392822266,
            "mean": -84.4926300049,
            "min": -300.691009521,
            "stdev": 115.520812988
        },
        "short_term": {
            "max": -20.208946228,
            "mean": -71.9351959229,
            "min": -300.691009521,
            "stdev": 105.432929993
        }
    },
    "melbands_crest": {
        "max": 29.3174877167,
        "mean": 8.60942649841,
        "min": 1.49646282196,
        "stdev": 5.31058120728
    },
    "melbands_flatness_db": {
        "max": 0.322896271944,
        "mean": 0.10844694823,
        "min": 0.00283898157068,
        "stdev": 0.0682632029057
    },
    "melbands_kurtosis": {
        "max": 247.687011719,
        "mean": 2.78875637054,
        "min": -1.76404762268,
        "stdev": 12.6090860367
    },
    "melbands_skewness": {
        "max": 13.6366987228,
        "mean": 0.916414678097,
        "min": -1.10264253616,
        "stdev": 1.21968436241
    },
    "melbands_spread": {
        "max": 257.793029785,
        "mean": 55.0205039978,
        "min": 2.35859537125,
        "stdev": 45.7383308411
    },
    "pitch_salience": {
        "max": 0.956309199333,
        "mean": 0.657104849815,
        "min": 0.22404243052,
        "stdev": 0.119747340679
    },
    "silence_rate_20dB": {
        "max": 1,
        "mean": 1,
        "min": 1,
        "stdev": 0
    },
    "silence_rate_30dB": {
        "max": 1,
        "mean": 1,
        "min": 1,
        "stdev": 0
    },
    "silence_rate_60dB": {
        "max": 1,
        "mean": 0.266260176897,
        "min": 0,
        "stdev": 0.442000031471
    },
    "spectral_centroid": {
        "max": 11841.140625,
        "mean": 3880.88134766,
        "min": 380.311859131,
        "stdev": 3927.24829102
    },
    "spectral_complexity": {
        "max": 61,
        "mean": 17.8846549988,
        "min": 0,
        "stdev": 12.5979623795
    },
    "spectral_decrease": {
        "max": 2.20151101939e-28,
        "mean": -4.52259785177e-09,
        "min": -2.28788685774e-08,
        "stdev": 3.71405284305e-09
    },
    "spectral_energy": {
        "max": 0.0900696516037,
        "mean": 0.01945178397,
        "min": 9.73507166547e-21,
        "stdev": 0.0158214867115
    },
    "spectral_energyband_high": {
        "max": 0.044115062803,
        "mean": 0.00106175313704,
        "min": 6.97558987185e-21,
        "stdev": 0.00308784586377
    },
    "spectral_energyband_low": {
        "max": 0.0748318731785,
        "mean": 0.00147770997137,
        "min": 6.73069219426e-24,
        "stdev": 0.00431664101779
    },
    "spectral_energyband_middle_high": {
        "max": 0.0451341159642,
        "mean": 0.00929873157293,
        "min": 1.11136612545e-21,
        "stdev": 0.00929517112672
    },
    "spectral_energyband_middle_low": {
        "max": 0.0647610351443,
        "mean": 0.00840409379452,
        "min": 8.51289085341e-23,
        "stdev": 0.00891025923193
    },
    "spectral_entropy": {
        "max": 9.83408927917,
        "mean": 8.12388420105,
        "min": 6.74934673309,
        "stdev": 0.969657659531
    },
    "spectral_flux": {
        "max": 0.250693321228,
        "mean": 0.0703855901957,
        "min": 6.31062146983e-11,
        "stdev": 0.0510136187077
    },
    "spectral_kurtosis": {
        "max": 14.7617549896,
        "mean": 3.11281132698,
        "min": -1.29148709774,
        "stdev": 3.01042604446
    },
    "spectral_rms": {
        "max": 0.00937405135483,
        "mean": 0.00364419445395,
        "min": 3.08182277441e-12,
        "stdev": 0.00238686916418
    },
    "spectral_rolloff": {
        "max": 19659.8144531,
        "mean": 6089.32470703,
        "min": 107.666015625,
        "stdev": 7026.26904297
    },
    "spectral_skewness": {
        "max": 2.63565278053,
        "mean": 1.16951096058,
        "min": -0.0960472077131,
        "stdev": 0.703302443027
    },
    "spectral_spread": {
        "max": 43405416,
        "mean": 12347410,
        "min": 2270763.75,
        "stdev": 15397392
    },
    "spectral_strongpeak": {
        "max": 14.7861318588,
        "mean": 1.6217508316,
        "min": 0,
        "stdev": 1.98559010029
    },
    "zerocrossingrate": {
        "max": 0.81103515625,
        "mean": 0.178686618805,
        "min": 0.0126953125,
        "stdev": 0.179771438241
    },
    "barkbands": {
        "max": [0.0035296799615, 0.0416833758354, 0.0294058769941, 0.0385354720056, 0.0292506441474, 0.0331015139818, 0.0351900607347, 0.0128854969516, 0.0374295152724, 0.0320413894951, 0.0321752279997, 0.0266836807132, 0.0264431219548, 0.0235605202615, 0.0320051386952, 0.0142258973792, 0.0269375201315, 0.00963058322668, 0.0115620261058, 0.00496468367055, 0.00518436357379, 0.00486918492243, 0.0142345800996, 0.0238679368049, 0.0113881342113, 0.00314609892666, 1.50484027017e-07],
        "mean": [6.7914093961e-05, 0.000425769685535, 0.000601702486165, 0.000677582516801, 0.00108321593143, 0.00170152052306, 0.00206680619158, 0.000479479058413, 0.00173261528835, 0.00151294108946, 0.00133118301164, 0.00116295996122, 0.00110838573892, 0.00124872953165, 0.000836667895783, 0.000410455686506, 0.000744701363146, 0.000517813954502, 0.000548171577975, 0.00026034124312, 0.000181133800652, 0.000167738078744, 0.000233924278291, 0.0002438234078, 7.61557021178e-05, 3.00683677779e-05, 9.47202982715e-10],
        "min": [8.36444995024e-26, 1.69272431979e-24, 1.67048914119e-25, 6.2702835849e-25, 6.00783528097e-24, 3.94903177508e-24, 5.95017783184e-24, 4.90031756296e-24, 9.85598712906e-24, 9.5868640758e-24, 1.22889564342e-23, 1.55700979406e-23, 2.26258181827e-23, 3.14594952212e-23, 4.33212306215e-23, 4.85744604932e-23, 4.5655697232e-23, 4.8502355451e-23, 1.26038010767e-22, 1.207567574e-22, 1.54776125191e-22, 2.80671282715e-22, 3.41275641665e-22, 5.48269234342e-22, 7.89392938259e-22, 1.24310513932e-21, 1.81696179025e-21],
        "stdev": [0.000143692130223, 0.0021733136382, 0.0021059862338, 0.00179334660061, 0.00231795059517, 0.00294290669262, 0.00385262072086, 0.00108430662658, 0.00367972161621, 0.00330343376845, 0.00307603902183, 0.00236527947709, 0.00235223164782, 0.00234630424529, 0.00185428233817, 0.000845212081913, 0.00196340656839, 0.000936662370805, 0.00108933926094, 0.000495692482218, 0.000421424716478, 0.000398206233513, 0.000795881380327, 0.00126263743732, 0.000433211767813, 0.000162035634276, 4.03396693827e-09]
    },
    "erbbands": {
        "max": [1.44157242775, 9.68706989288, 39.7637252808, 103.195884705, 85.8351516724, 145.068710327, 157.930374146, 365.233734131, 452.546936035, 788.481872559, 451.499389648, 856.814758301, 1180.16149902, 1096.96496582, 1185.70593262, 979.484680176, 1180.05114746, 1035.10412598, 1963.19152832, 1054.03894043, 1409.91027832, 790.172058105, 564.384765625, 789.316955566, 386.85635376, 332.131408691, 242.559738159, 177.455245972, 160.001251221, 299.154968262, 436.862762451, 724.649536133, 478.445343018, 166.944244385, 55.2216949463, 21.8359680176, 4.54945325851, 0.201586052775, 0.00468609109521, 0.000442591903266],
        "mean": [0.0122872963548, 0.102815575898, 0.581641018391, 1.72736895084, 2.15312552452, 4.32995510101, 7.14267539978, 16.5991325378, 25.9685153961, 24.9482250214, 16.4192733765, 37.3826446533, 53.7206306458, 40.5280380249, 55.5345687866, 43.7545433044, 45.0244369507, 62.3044624329, 53.3244552612, 37.2465705872, 30.2516689301, 37.8892173767, 28.6360931396, 35.2884063721, 17.8960857391, 11.7369623184, 8.47804832458, 6.82216596603, 5.95657300949, 6.68232584, 6.52362203598, 6.11502933502, 3.16220283508, 1.03261065483, 0.466756731272, 0.188984423876, 0.0459620840847, 0.00230325292796, 6.91561072017e-05, 3.00583087665e-05],
        "min": [4.3819879066e-23, 2.25813415738e-22, 1.29813688386e-21, 4.31263133155e-21, 5.38190767611e-21, 1.74774296924e-20, 1.81293320256e-20, 3.30245461837e-20, 7.05463893473e-20, 1.07976531785e-19, 1.66889142805e-19, 3.45949343594e-19, 3.29591433391e-19, 5.19994684372e-19, 8.16555529284e-19, 9.6186639919e-19, 1.22234402312e-18, 1.69595600221e-18, 2.06414008992e-18, 3.2435509577e-18, 3.03408649273e-18, 3.11168430599e-18, 3.16286176369e-18, 5.86561382423e-18, 6.36160786313e-18, 6.49715877729e-18, 7.61381951701e-18, 7.23186638762e-18, 9.70083838869e-18, 1.14790988619e-17, 1.00110873667e-17, 9.10591106699e-18, 9.20949972228e-18, 7.11109057356e-18, 5.70909222718e-18, 3.87353502094e-18, 2.3213727877e-18, 8.90122749916e-19, 2.3772478041e-19, 2.53842229856e-20],
        "stdev": [0.0662163794041, 0.513307094574, 2.11473011971, 4.46463251114, 5.67078113556, 9.40200138092, 14.0735015869, 30.157081604, 46.5717124939, 57.8651237488, 38.3768005371, 80.8257751465, 110.260116577, 76.7316818237, 127.877410889, 79.4649124146, 82.5474700928, 115.939682007, 97.1117324829, 72.6542434692, 73.9400787354, 72.5264968872, 48.2468261719, 69.4576644897, 29.773475647, 24.8786048889, 20.8106212616, 15.3883056641, 13.9742393494, 17.7727909088, 23.7123413086, 32.0439376831, 16.8547515869, 5.87463235855, 2.62514257431, 1.04639863968, 0.233054608107, 0.0119985099882, 0.000282043649349, 3.64613479178e-05]
    },
    "gfcc": {
        "mean": [-280.739501953, 54.4003601074, -123.969917297, 16.0522537231, -55.2608566284, 12.4138183594, -35.875328064, 6.42839431763, -19.3836746216, -0.179118797183, -9.1104221344, 1.02374327183, -8.89351654053],
        "cov": [[291506.28125, 16359.171875, -35769.8242188, 4826.17675781, -16280.4033203, 3527.15820312, -10576.2089844, 1855.0949707, -5734.14306641, -108.670478821, -2659.56298828, 280.828582764, -2701.07348633], [16359.171875, 1836.7331543, -1862.80114746, 142.645080566, -865.572998047, -7.02222633362, -590.24786377, -25.4874019623, -364.754455566, -90.0869369507, -90.1632461548, -93.9278335571, -231.025299072], [-35769.8242188, -1862.80114746, 5186.19580078, -419.98147583, 1996.26745605, -504.649719238, 1240.35888672, -269.916015625, 678.442749023, 15.2446336746, 298.232330322, -38.801815033, 261.604187012], [4826.17675781, 142.645080566, -419.98147583, 283.65335083, -264.13394165, 81.960647583, -188.060272217, 54.5176277161, -78.0471954346, 12.6173877716, -68.5673828125, 15.6773633957, -36.2020645142], [-16280.4033203, -865.572998047, 1996.26745605, -264.13394165, 1011.39550781, -180.575668335, 601.399230957, -104.088394165, 311.906768799, -0.265673905611, 138.262908936, -22.1359176636, 139.239822388], [3527.15820312, -7.02222633362, -504.649719238, 81.960647583, -180.575668335, 209.318893433, -72.7423248291, 44.2805328369, -73.6846084595, 25.7769317627, -51.2376747131, 5.46943378448, -12.5734558105], [-10576.2089844, -590.24786377, 1240.35888672, -188.060272217, 601.399230957, -72.7423248291, 493.238677979, -43.0531539917, 196.56477356, 1.8929759264, 85.2663879395, -23.1250972748, 94.2703094482], [1855.0949707, -25.4874019623, -269.916015625, 54.5176277161, -104.088394165, 44.2805328369, -43.0531539917, 101.327613831, -6.82069587708, 3.16568732262, -43.5300979614, 9.61878204346, -2.36118602753], [-5734.14306641, -364.754455566, 678.442749023, -78.0471954346, 311.906768799, -73.6846084595, 196.56477356, -6.82069587708, 179.7371521, 18.1285324097, 37.0534057617, -6.24796724319, 65.1239929199], [-108.670478821, -90.0869369507, 15.2446336746, 12.6173877716, -0.265673905611, 25.7769317627, 1.8929759264, 3.16568732262, 18.1285324097, 68.0300674438, 9.95312786102, 5.29514026642, -0.0155079253018], [-2659.56298828, -90.1632461548, 298.232330322, -68.5673828125, 138.262908936, -51.2376747131, 85.2663879395, -43.5300979614, 37.0534057617, 9.95312786102, 144.120361328, 21.0525169373, 14.8632993698], [280.828582764, -93.9278335571, -38.801815033, 15.6773633957, -22.1359176636, 5.46943378448, -23.1250972748, 9.61878204346, -6.24796724319, 5.29514026642, 21.0525169373, 79.5779571533, 25.9637050629], [-2701.07348633, -231.025299072, 261.604187012, -36.2020645142, 139.239822388, -12.5734558105, 94.2703094482, -2.36118602753, 65.1239929199, -0.0155079253018, 14.8632993698, 25.9637050629, 89.5572128296]],
        "icov": [[0.000281529006315, -0.000720352458302, 0.00052560021868, -0.000661178957671, 0.0011372246081, -0.000982241937891, 0.00122468930203, -0.000955006515142, 0.000953806389589, -0.00038856753963, 0.000710316002369, -0.0010488916887, 0.00110237370245], [-0.000720352458302, 0.00382567523047, -0.000869685492944, 0.00153978890739, -0.00227325223386, 0.00425579072908, -0.00298049394041, 0.00399282434955, -0.00128645112272, 0.00237406929955, -0.00209369766526, 0.00481933075935, -0.00143367459532], [0.00052560021868, -0.000869685492944, 0.00229928200133, -0.00230238121003, 0.000880041974597, -0.000213938517845, 0.00111937173642, -3.97738549509e-05, 0.00116229604464, -0.000717920542229, 0.00144016346894, -0.00188792182598, 0.00284707196988], [-0.000661178957671, 0.00153978890739, -0.00230238121003, 0.00790019985288, -0.00152678694576, 0.00015762563271, -0.000295573758194, -0.000318086211337, -0.00175586517435, 0.000419346324634, -0.00070234015584, 0.00181979686022, -0.00248574651778], [0.0011372246081, -0.00227325223386, 0.000880041974597, -0.00152678694576, 0.0119455391541, -0.00375666213222, 0.00166604248807, -0.00209808791988, 0.00154452049173, -7.22351032891e-05, 0.00230946578085, -0.00337583804503, 0.00381039385684], [-0.000982241937891, 0.00425579072908, -0.000213938517845, 0.00015762563271, -0.00375666213222, 0.0140049597248, -0.00740683730692, 0.00425230385736, 0.000861083215568, -0.00172055466101, -0.00117041240446, 0.00557144731283, -0.00428942544386], [0.00122468930203, -0.00298049394041, 0.00111937173642, -0.000295573758194, 0.00166604248807, -0.00740683730692, 0.0154114598408, -0.00724382745102, 0.00413237372413, -0.000657923228573, 0.00169611780439, -0.00200437800959, 0.00310998642817], [-0.000955006515142, 0.00399282434955, -3.97738549509e-05, -0.000318086211337, -0.00209808791988, 0.00425230385736, -0.00724382745102, 0.020701834932, -0.00822532363236, 0.00339975627139, 0.000577564525884, 0.00200347183272, -0.00118059606757], [0.000953806389589, -0.00128645112272, 0.00116229604464, -0.00175586517435, 0.00154452049173, 0.000861083215568, 0.00413237372413, -0.00822532363236, 0.0220669396222, -0.00645453855395, 0.00232402910478, 0.000853732984979, -0.00218451232649], [-0.00038856753963, 0.00237406929955, -0.000717920542229, 0.000419346324634, -7.22351032891e-05, -0.00172055466101, -0.000657923228573, 0.00339975627139, -0.00645453855395, 0.0198955144733, -0.00329042598605, 0.00158924562857, 0.00210686936043], [0.000710316002369, -0.00209369766526, 0.00144016346894, -0.00070234015584, 0.00230946578085, -0.00117041240446, 0.00169611780439, 0.000577564525884, 0.00232402910478, -0.00329042598605, 0.0121974693611, -0.00725033972412, 0.00439355010167], [-0.0010488916887, 0.00481933075935, -0.00188792182598, 0.00181979686022, -0.00337583804503, 0.00557144731283, -0.00200437800959, 0.00200347183272, 0.000853732984979, 0.00158924562857, -0.00725033972412, 0.024047004059, -0.0111476136371], [0.00110237370245, -0.00143367459532, 0.00284707196988, -0.00248574651778, 0.00381039385684, -0.00428942544386, 0.00310998642817, -0.00118059606757, -0.00218451232649, 0.00210686936043, 0.00439355010167, -0.0111476136371, 0.0256545655429]]
    },
    "melbands": {
        "max": [0.0109127284959, 0.0159253980964, 0.0167772751302, 0.00605721352622, 0.00570867583156, 0.00742150656879, 0.00600254209712, 0.0070743910037, 0.00484898826107, 0.00639629503712, 0.0059242490679, 0.00494764046744, 0.00465766619891, 0.00278479116969, 0.00391301512718, 0.0035670180805, 0.00240546558052, 0.00299515761435, 0.00165513448883, 0.00113778805826, 0.00241448264569, 0.00125578744337, 0.000471534207463, 0.00065420701867, 0.000814168772195, 0.000213724619243, 0.000213946797885, 0.000233021361055, 0.000249713833909, 0.000157696631504, 9.02790634427e-05, 9.94231668301e-05, 0.000116030838399, 0.000156672147568, 0.00024555643904, 0.000392433197703, 0.000575484707952, 0.000415225396864, 0.000172673288034, 0.000135121284984],
        "mean": [0.000116603936476, 0.000254929909715, 0.000300526095089, 0.0002230318496, 0.000245828530751, 0.000377575837774, 0.000403701560572, 0.000224300121772, 0.000156829148182, 0.000243410177063, 0.000270951102721, 0.00016112945741, 0.000184514792636, 0.000129624255351, 0.000106465638964, 0.00011747834651, 0.000114780028525, 9.20467427932e-05, 6.59325669403e-05, 3.28289534082e-05, 3.83982442145e-05, 4.56747984572e-05, 2.28758726735e-05, 2.57958381553e-05, 3.05300236505e-05, 1.47857299453e-05, 1.00780680441e-05, 7.26072539692e-06, 5.70724932913e-06, 4.34144794781e-06, 3.80155461244e-06, 3.36397715728e-06, 3.22214555126e-06, 3.97624717152e-06, 3.90355808122e-06, 3.47897093889e-06, 3.98228712584e-06, 2.63985702986e-06, 1.08076096694e-06, 7.93306810465e-07],
        "min": [6.05844090526e-25, 5.81990120043e-25, 9.97751864569e-25, 1.40114841162e-24, 5.74081197823e-25, 8.09456091304e-25, 1.02489015882e-24, 1.1933794097e-24, 9.18720327818e-25, 1.6118557232e-24, 1.5109251119e-24, 1.55417697483e-24, 2.0710434717e-24, 2.05326511069e-24, 2.26843106411e-24, 1.93652671293e-24, 2.76898914367e-24, 2.6784440834e-24, 3.21208817261e-24, 3.76745650508e-24, 2.22801495893e-24, 2.7202436534e-24, 3.91287394106e-24, 2.07858932069e-24, 4.21347136115e-24, 3.93927396011e-24, 3.3960931342e-24, 3.59002985458e-24, 4.53630519243e-24, 3.00514136097e-24, 3.74412870482e-24, 4.90068832759e-24, 4.96558949198e-24, 5.085434424e-24, 4.36965911506e-24, 4.60888473444e-24, 4.91538204524e-24, 5.70556626463e-24, 4.934382549e-24, 5.42357215684e-24],
        "stdev": [0.000576302176341, 0.000890707131475, 0.000748407677747, 0.000508230994456, 0.000459355709609, 0.000644487969112, 0.000692465226166, 0.000525733747054, 0.000410233100411, 0.000535332423169, 0.000563964364119, 0.000329140370013, 0.000429585837992, 0.000276861188468, 0.00024422199931, 0.000275559141301, 0.000225344032515, 0.000176454050234, 0.00014914413623, 6.81256060489e-05, 0.000121952565678, 0.00010387092334, 3.86240171792e-05, 5.03304145241e-05, 6.68677384965e-05, 2.54321857938e-05, 1.80557453859e-05, 1.72423006006e-05, 1.60182480613e-05, 1.01191271824e-05, 8.92113257578e-06, 8.33861940919e-06, 7.93626713858e-06, 1.12349134724e-05, 1.40188603837e-05, 1.63771201187e-05, 2.29126635531e-05, 1.46997626871e-05, 5.71161262997e-06, 4.92194294566e-06]
    },
    "melbands128": {
        "max": [0.00263874093071, 0.0123336305842, 0.0158542525023, 0.0192541740835, 0.0254281759262, 0.0176790058613, 0.0234728753567, 0.0165484230965, 0.00875009316951, 0.0108658000827, 0.0101888617501, 0.00771992094815, 0.00773386843503, 0.00739523489028, 0.0119417337701, 0.00791848171502, 0.0105545083061, 0.00814734399319, 0.0136897042394, 0.0135247781873, 0.00534533290192, 0.00275468011387, 0.00762432441115, 0.010657761246, 0.0101094469428, 0.0150418952107, 0.0139452926815, 0.0116721102968, 0.00686180591583, 0.0103863328695, 0.00536160171032, 0.00788805168122, 0.0084082800895, 0.00847480725497, 0.00668397592381, 0.00355734396726, 0.00626264465973, 0.00847211759537, 0.00311990943737, 0.00422387151048, 0.00728785293177, 0.00500997575, 0.00464570289478, 0.00677510397509, 0.003161969129, 0.00484304269776, 0.00535844406113, 0.00398001912981, 0.00239546666853, 0.00267614983022, 0.00147185660899, 0.0024873833172, 0.00146087678149, 0.00646326784045, 0.00441885692999, 0.00118102878332, 0.00100897217635, 0.000760071445256, 0.00125798035879, 0.00135045114439, 0.00118517386727, 0.00121369061526, 0.00135824666359, 0.00185827200767, 0.000763488584198, 0.000431615975685, 0.000562663131859, 0.000554191938136, 0.000213700041058, 0.00071287911851, 0.000569710216951, 0.000258595624473, 0.000561806256883, 0.000207577497349, 0.000226095464313, 0.000168656304595, 0.000212336890399, 0.000118776013551, 0.000139819996548, 9.78272364591e-05, 0.00012987772061, 0.000161080621183, 8.3291248302e-05, 0.000144874677062, 0.00028061089688, 0.000180413029739, 0.000215554304305, 0.00036670017289, 0.000353226787411, 0.000156138281454, 0.000261221342953, 0.000679735268932, 0.000292326993076, 0.000691985769663, 0.000771632534452, 0.000474490778288, 0.000491844723001, 0.000310060742777, 0.000124998317915, 0.000133923604153, 0.000128489671624, 0.000109681481263, 0.00017929324531, 0.000152068663738, 4.8345515097e-05, 3.64425650332e-05, 5.81582316954e-05, 7.19190065865e-05, 7.6948403148e-05, 4.75575398013e-05, 2.24899777095e-05, 2.01268285309e-05, 1.87069799722e-05, 1.17044382932e-05, 3.90127934224e-06, 5.8154415683e-07, 4.92262186569e-09, 5.84207890397e-11, 5.64752758447e-11, 5.50235239316e-11, 5.3702441799e-11, 5.25388933748e-11, 5.14377533622e-11, 5.07289245333e-11, 4.98751318023e-11, 4.87473429678e-11, 4.81000621277e-11, 4.78044166752e-11],
        "mean": [4.85853925056e-05, 9.76860901574e-05, 0.000138395625982, 0.000165600562468, 0.000256989704212, 0.00030394498026, 0.000377085700165, 0.000302452477627, 0.000183016294613, 0.000210723374039, 0.000255872029811, 0.000234807404922, 0.000218544053496, 0.000287654751446, 0.000369007088011, 0.000405769329518, 0.000495173735544, 0.000318965670886, 0.000422746903496, 0.000320371327689, 9.00822415133e-05, 4.94578125654e-05, 0.000166971512954, 0.000269436975941, 0.000219886365812, 0.000262138957623, 0.000232399790548, 0.000324592139805, 0.000256075261859, 0.000133050023578, 0.000127916835481, 0.000209025878576, 0.000156668378622, 0.000218411849346, 0.000156858455739, 8.20423883852e-05, 0.000112194094982, 0.000148263410665, 6.64015533403e-05, 6.49288631394e-05, 0.000162485448527, 0.000143553697853, 8.57125996845e-05, 0.000128161918838, 0.000117750721984, 8.40667053126e-05, 5.87239519518e-05, 7.51736806706e-05, 6.89253938617e-05, 3.65674168279e-05, 2.86115118797e-05, 2.87087277684e-05, 2.35652842093e-05, 4.43011413154e-05, 7.02687248122e-05, 4.32622255175e-05, 3.32402669301e-05, 1.51847134475e-05, 2.23915958486e-05, 3.03085726046e-05, 2.47858715738e-05, 2.19006342377e-05, 3.3420179534e-05, 3.57558274118e-05, 2.17216238525e-05, 1.27934818011e-05, 1.16895262181e-05, 1.09402471935e-05, 1.00993374872e-05, 8.12353846413e-06, 6.21936669631e-06, 7.99119152362e-06, 7.19636591384e-06, 4.74791931993e-06, 4.49537628811e-06, 4.76052946397e-06, 4.04667025578e-06, 3.82243342756e-06, 4.15327713199e-06, 3.2397049381e-06, 3.44065915669e-06, 3.54117059942e-06, 2.82310156763e-06, 3.20476192428e-06, 3.41070244758e-06, 3.73995726477e-06, 3.94652988689e-06, 5.05235811943e-06, 3.79317611987e-06, 3.27004636347e-06, 3.27317661686e-06, 3.73963644051e-06, 3.48694788954e-06, 3.98487236453e-06, 4.41321708422e-06, 3.53584528057e-06, 2.14404167309e-06, 1.56106136728e-06, 1.03454374312e-06, 8.80443224105e-07, 7.60944658396e-07, 7.53199799419e-07, 8.69195446285e-07, 7.47308661175e-07, 4.6729670089e-07, 3.43650015111e-07, 3.8076183273e-07, 3.42773972761e-07, 3.64203089021e-07, 3.07909317598e-07, 1.92508323948e-07, 1.84174510309e-07, 1.51782572289e-07, 8.94828886544e-08, 4.14371079671e-08, 3.7009693088e-09, 1.21192708646e-11, 3.53187726461e-12, 3.44569858757e-12, 3.33534328628e-12, 3.23543600765e-12, 3.17708446357e-12, 3.12573469712e-12, 3.04697348082e-12, 2.8698983294e-12, 2.59439583532e-12, 2.44337471263e-12, 2.41068536661e-12],
        "min": [2.44244694507e-26, 4.20621324917e-25, 1.12642804511e-25, 8.74379220544e-26, 1.27819489926e-25, 9.12634968513e-26, 6.326530107e-26, 2.45235260366e-25, 1.27897155747e-25, 1.9485933019e-25, 9.67486131257e-26, 1.16773908834e-25, 3.15803576851e-26, 1.79021505381e-25, 1.55822782488e-25, 2.20883025614e-25, 4.32453055204e-25, 1.35412732199e-25, 5.49980708308e-25, 6.09782774418e-25, 5.70352498843e-25, 6.42436093868e-25, 3.03377316613e-25, 3.75760629478e-25, 3.98010180139e-25, 6.29129242992e-25, 5.3970194932e-25, 4.12115333599e-25, 2.35627181059e-25, 8.87615147894e-25, 6.85311127801e-25, 1.10366216034e-24, 8.77452647283e-25, 5.89424838252e-25, 1.05702273147e-24, 4.86498852593e-25, 7.43673867886e-25, 5.14157548525e-25, 4.64689116539e-25, 3.72253427849e-25, 1.2212475975e-24, 9.53510967283e-25, 1.07284067452e-24, 5.75834687704e-25, 1.01582289297e-24, 1.16610740352e-24, 5.81741727466e-25, 1.10982405147e-24, 8.29529445898e-25, 1.54505932048e-24, 1.1780854675e-24, 1.60044741401e-24, 6.05350559422e-25, 8.67324166298e-25, 1.32746988776e-24, 1.30178635162e-24, 1.17802857091e-24, 1.84186320709e-24, 1.91014700704e-24, 1.4739411433e-24, 8.30087170558e-25, 1.71048710079e-24, 1.71353900642e-24, 1.66863270496e-24, 1.76557858261e-24, 1.82257437466e-24, 2.52384332041e-24, 2.61690169153e-24, 2.04893485597e-24, 2.35232267429e-24, 1.30397100329e-24, 1.70636609142e-24, 1.28167720246e-24, 1.30635395487e-24, 2.33917788503e-24, 1.11157275889e-24, 2.84194516955e-24, 2.16777142653e-24, 1.47669318317e-24, 2.34232031245e-24, 3.36403974347e-24, 1.87640525676e-24, 2.61785522714e-24, 2.95591269339e-24, 3.5144794624e-24, 2.37893154427e-24, 2.53471974014e-24, 2.74698840467e-24, 2.47031259989e-24, 3.39756435979e-24, 2.75840401083e-24, 2.86792295081e-24, 2.65133724497e-24, 3.45422981633e-24, 3.17014049398e-24, 3.78926338151e-24, 3.0769012765e-24, 3.892942187e-24, 2.86787147763e-24, 3.80923102875e-24, 3.25066465417e-24, 3.34656923543e-24, 4.25413674638e-24, 3.57849355271e-24, 3.71155229931e-24, 3.98346673688e-24, 3.58802417573e-24, 4.1409730718e-24, 4.23770950689e-24, 4.0400217529e-24, 4.66018475354e-24, 3.76335640053e-24, 3.95083550554e-24, 4.298477829e-24, 4.7610915018e-24, 4.43925360741e-24, 3.38352776327e-24, 3.98800426481e-24, 4.14936142424e-24, 4.18435766058e-24, 4.79860538772e-24, 4.29872158702e-24, 4.4121534743e-24, 4.8862001082e-24, 5.21101240264e-24, 5.18937986446e-24, 5.3683211279e-24, 4.64639546492e-24],
        "stdev": [0.000110593464342, 0.000545455550309, 0.000806618947536, 0.000942035578191, 0.00112499971874, 0.00102725543547, 0.00101077219006, 0.000829833035823, 0.000577995204367, 0.000642566999886, 0.0006065723137, 0.000532090954948, 0.000530064222403, 0.000660096819047, 0.000867769005708, 0.000889691989869, 0.00107896095142, 0.000771810067818, 0.0012328051962, 0.000857152102981, 0.000272481498541, 0.000145991507452, 0.000546520750504, 0.000835356768221, 0.00067799637327, 0.000844747642986, 0.000785971235018, 0.000922519597225, 0.000650273286738, 0.000514729239512, 0.000347652297933, 0.000671772868372, 0.000568756426219, 0.00071124144597, 0.000520161178429, 0.000236368126934, 0.000332686671754, 0.000436315574916, 0.000205459524295, 0.000193108789972, 0.000494762207381, 0.000460800190922, 0.000280874693999, 0.00040577998152, 0.000266451592324, 0.000245698989602, 0.000263269786956, 0.000235490122577, 0.000188149322639, 0.000130452142912, 7.23519115127e-05, 7.87895769463e-05, 6.13724259892e-05, 0.000246208743192, 0.00030802571564, 8.74194374774e-05, 6.7660213972e-05, 3.74633164029e-05, 7.0998146839e-05, 7.14344932931e-05, 7.20329699107e-05, 7.43470882298e-05, 9.40088575589e-05, 0.000122059165733, 5.73240868107e-05, 2.85547703243e-05, 3.23449130519e-05, 3.0223864087e-05, 1.89460733964e-05, 3.22564228554e-05, 2.48267278948e-05, 1.86787419807e-05, 2.74382691714e-05, 1.58002367243e-05, 1.32601589939e-05, 1.08954300231e-05, 1.15815528261e-05, 9.33368573897e-06, 1.07327214209e-05, 8.65238689585e-06, 9.78227762971e-06, 1.0077490515e-05, 6.83883536112e-06, 9.05542492546e-06, 1.07815239971e-05, 1.08360891318e-05, 1.19501710287e-05, 1.94001495402e-05, 1.63989025168e-05, 1.15300899779e-05, 1.41879108924e-05, 2.2802831154e-05, 1.77131769306e-05, 2.42215865001e-05, 2.9261706004e-05, 2.12028407987e-05, 1.35017007779e-05, 9.46896852838e-06, 4.84317661176e-06, 5.06750257045e-06, 4.90419097332e-06, 4.84613292429e-06, 6.20700393483e-06, 5.41545523447e-06, 2.64312893705e-06, 1.70067869476e-06, 2.47188199864e-06, 2.12712529901e-06, 2.80537074104e-06, 1.92707648239e-06, 8.78676530647e-07, 9.55988184614e-07, 8.34088211832e-07, 5.28442456016e-07, 2.45988331926e-07, 2.92643189681e-08, 1.26723437299e-10, 5.68386960761e-12, 5.48440893394e-12, 5.31135812415e-12, 5.15764471062e-12, 5.03330059923e-12, 4.91902699129e-12, 4.81468684366e-12, 4.71432701904e-12, 4.61076359384e-12, 4.54630387156e-12, 4.51617259214e-12]
    },
    "mfcc": {
        "mean": [-764.45300293, 75.4603424072, -22.7248630524, 2.02158308029, -4.12487649918, -0.532383441925, -6.15540838242, 2.93384933472, -8.654753685, 1.46832942963, -3.00352549553, -1.59616994858, -4.50227022171],
        "cov": [[77403.7578125, 11381.2597656, -3096.1262207, 412.795288086, -630.818847656, -126.606590271, -933.377075195, 450.000701904, -1374.46398926, 213.513046265, -480.494689941, -236.221130371, -694.310058594], [11381.2597656, 2623.95874023, -446.753204346, 103.512008667, -122.190658569, -99.6978759766, -140.389282227, -5.92025470734, -355.356384277, 16.0100040436, -65.6454315186, -70.2927093506, -176.585372925], [-3096.1262207, -446.753204346, 705.820922852, 160.201553345, 96.8277816772, 12.2989358902, 13.3390550613, -59.5840911865, 13.2896223068, -27.3293952942, -0.69981688261, 20.7841205597, 24.8457584381], [412.795288086, 103.512008667, 160.201553345, 186.660171509, 51.5830574036, -22.0231952667, -37.8322792053, -1.93440294266, -21.5702819824, -6.90886545181, -18.1524372101, -6.96534347534, -6.5524687767], [-630.818847656, -122.190658569, 96.8277816772, 51.5830574036, 117.092796326, 4.38300943375, -15.9220161438, -9.3732213974, 8.84562206268, -6.75494098663, -6.80328655243, -2.22971749306, 7.63571119308], [-126.606590271, -99.6978759766, 12.2989358902, -22.0231952667, 4.38300943375, 113.638244629, 43.9206466675, 0.258223593235, 34.8606910706, -4.80251073837, 10.6434173584, 7.42840957642, 9.74824047089], [-933.377075195, -140.389282227, 13.3390550613, -37.8322792053, -15.9220161438, 43.9206466675, 121.227470398, 10.2987909317, 17.6375312805, -8.64941978455, 29.7151546478, 6.74585533142, 17.4832191467], [450.000701904, -5.92025470734, -59.5840911865, -1.93440294266, -9.3732213974, 0.258223593235, 10.2987909317, 81.4931716919, 22.4374160767, 4.58266878128, -7.80523777008, -10.644493103, -7.27310991287], [-1374.46398926, -355.356384277, 13.2896223068, -21.5702819824, 8.84562206268, 34.8606910706, 17.6375312805, 22.4374160767, 181.537338257, 18.1010284424, 5.32991170883, 2.58728790283, 21.167131424], [213.513046265, 16.0100040436, -27.3293952942, -6.90886545181, -6.75494098663, -4.80251073837, -8.64941978455, 4.58266878128, 18.1010284424, 59.2201728821, 14.7162256241, -4.48997735977, -11.062046051], [-480.494689941, -65.6454315186, -0.69981688261, -18.1524372101, -6.80328655243, 10.6434173584, 29.7151546478, -7.80523777008, 5.32991170883, 14.7162256241, 70.2074356079, 12.7018842697, 4.74497461319], [-236.221130371, -70.2927093506, 20.7841205597, -6.96534347534, -2.22971749306, 7.42840957642, 6.74585533142, -10.644493103, 2.58728790283, -4.48997735977, 12.7018842697, 63.5717468262, 22.4791946411], [-694.310058594, -176.585372925, 24.8457584381, -6.5524687767, 7.63571119308, 9.74824047089, 17.4832191467, -7.27310991287, 21.167131424, -11.062046051, 4.74497461319, 22.4791946411, 69.8771057129]],
        "icov": [[5.09325000166e-05, -0.000195881380932, 8.54789541336e-05, -6.9738503953e-05, 4.57799033029e-05, -0.000248851720244, 0.000227188545978, -0.000280291424133, 6.88897343935e-05, -0.000134426227305, 0.00011132810323, -0.000102890808193, -9.87796520349e-05], [-0.000195881380932, 0.0015738158254, 0.000244076669333, -0.000606022425927, 0.000497212749906, 0.000770304526668, -0.000618837715592, 0.00141117058229, 0.000999519019388, 0.000277032522717, -7.49312721382e-06, 0.000508294673637, 0.00160523992963], [8.54789541336e-05, 0.000244076669333, 0.00269416091032, -0.00254311808385, -0.000370960537111, -0.000541521993, -0.000375242670998, 0.00134024582803, 0.000526808318682, 0.000104866732727, 0.000540928391274, -0.000603645981755, 0.000633663032204], [-6.9738503953e-05, -0.000606022425927, -0.00254311808385, 0.00917938444763, -0.00281386822462, 0.00118053692859, 0.00145487661939, -0.00173084484413, -0.000407827406889, 0.000462263124064, -7.11909815436e-05, 0.000590928946622, -0.000849320087582], [4.57799033029e-05, 0.000497212749906, -0.000370960537111, -0.00281386822462, 0.0112486323342, -0.00137931795325, 0.00190107501112, 0.000491131038871, 0.000454281427665, 0.000417169154389, 0.000309116701828, 0.00102595426142, -0.000304473855067], [-0.000248851720244, 0.000770304526668, -0.000541521993, 0.00118053692859, -0.00137931795325, 0.0122560122982, -0.00489329453558, 0.00205898657441, -0.0024901793804, 0.0015480122529, -0.000499948801007, -0.000357133103535, 0.000805012707133], [0.000227188545978, -0.000618837715592, -0.000375242670998, 0.00145487661939, 0.00190107501112, -0.00489329453558, 0.0134658180177, -0.00388076133095, 0.00092343299184, 0.00185025297105, -0.00429743528366, 0.000757412111852, -0.00227344734594], [-0.000280291424133, 0.00141117058229, 0.00134024582803, -0.00173084484413, 0.000491131038871, 0.00205898657441, -0.00388076133095, 0.0166029762477, -0.00215079402551, 0.00021875348466, 0.00182932894677, 0.00170842534862, 0.00251278141513], [6.88897343935e-05, 0.000999519019388, 0.000526808318682, -0.000407827406889, 0.000454281427665, -0.0024901793804, 0.00092343299184, -0.00215079402551, 0.00888376962394, -0.00322994869202, 0.00106772908475, 0.000392859074054, -0.000573616358452], [-0.000134426227305, 0.000277032522717, 0.000104866732727, 0.000462263124064, 0.000417169154389, 0.0015480122529, 0.00185025297105, 0.00021875348466, -0.00322994869202, 0.0209730882198, -0.0060755959712, 0.00127362238709, 0.00297020445578], [0.00011132810323, -7.49312721382e-06, 0.000540928391274, -7.11909815436e-05, 0.000309116701828, -0.000499948801007, -0.00429743528366, 0.00182932894677, 0.00106772908475, -0.0060755959712, 0.0188808329403, -0.00345187424682, 0.000732929387596], [-0.000102890808193, 0.000508294673637, -0.000603645981755, 0.000590928946622, 0.00102595426142, -0.000357133103535, 0.000757412111852, 0.00170842534862, 0.000392859074054, 0.00127362238709, -0.00345187424682, 0.019119951874, -0.00537555804476], [-9.87796520349e-05, 0.00160523992963, 0.000633663032204, -0.000849320087582, -0.000304473855067, 0.000805012707133, -0.00227344734594, 0.00251278141513, -0.000573616358452, 0.00297020445578, 0.000732929387596, -0.00537555804476, 0.0201557911932]]
    },
    "spectral_contrast_coeffs": {
        "max": [-0.425422042608, -0.499410778284, -0.504486560822, -0.562689065933, -0.586189091206, -0.586750328541],
        "mean": [-0.760819017887, -0.778274774551, -0.775928854942, -0.806759417057, -0.79895067215, -0.790964961052],
        "min": [-0.982317388058, -0.983107686043, -0.988641262054, -0.975729882717, -0.970627963543, -0.965537190437],
        "stdev": [0.126880288124, 0.125927343965, 0.123837254941, 0.100626111031, 0.100610472262, 0.0970462486148]
    },
    "spectral_contrast_valleys": {
        "max": [-5.20368623734, -4.59190702438, -5.4045920372, -5.44638347626, -5.41236400604, -6.93178510666],
        "mean": [-11.9923820496, -11.4114837646, -11.659658432, -11.7359771729, -11.8768987656, -14.0346422195],
        "min": [-28.1411476135, -28.1116542816, -27.8283443451, -27.7296047211, -27.5623989105, -27.4292373657],
        "stdev": [8.34953308105, 8.63319206238, 8.50680160522, 8.44980716705, 8.37984085083, 7.23276138306]
    }
},
"rhythm": {
    "beats_count": 73,
    "beats_loudness": {
        "max": 0.0638825520873,
        "mean": 0.021471939981,
        "min": 0,
        "stdev": 0.0163962673396
    },
    "bpm": 98.7196807861,
    "bpm_histogram_first_peak_bpm": 98,
    "bpm_histogram_first_peak_weight": 0.350000023842,
    "bpm_histogram_second_peak_bpm": 103,
    "bpm_histogram_second_peak_spread": 0.333333313465,
    "bpm_histogram_second_peak_weight": 0.0833333358169,
    "danceability": 0.898983180523,
    "onset_rate": 1.79488956928,
    "beats_loudness_band_ratio": {
        "max": [0.853927433491, 0.658921539783, 0.777129232883, 0.805904984474, 0.48329603672, 0.687151253223],
        "mean": [0.0757943838835, 0.106875240803, 0.210131272674, 0.229606106877, 0.15573041141, 0.0827679261565],
        "min": [0, 0, 0, 0, 0, 0],
        "stdev": [0.131161883473, 0.13352355361, 0.189644128084, 0.216400504112, 0.144974827766, 0.116590753198]
    },
    "beats_position": [0.626938760281, 1.23065757751, 1.84598636627, 2.46131515503, 3.09986400604, 3.73841261864, 4.38857126236, 5.02712011337, 5.66566896439, 6.26938772202, 6.86149644852, 7.45360517502, 8.04571437836, 8.63782310486, 9.22993183136, 9.82204055786, 10.4257593155, 11.0294780731, 11.6331968307, 12.2369155884, 12.840634346, 13.4559631348, 14.0712919235, 14.6866207123, 15.2787294388, 15.8592290878, 16.4397277832, 17.0202255249, 17.600725174, 18.181224823, 18.7617225647, 19.3538322449, 19.9459400177, 20.5380496979, 21.0837192535, 21.6293869019, 22.1750564575, 22.6626758575, 23.1502952576, 23.6263027191, 24.1835823059, 24.7524719238, 25.3097496033, 25.8786392212, 26.4475269318, 27.0628566742, 27.6781845093, 28.2935142517, 28.9088420868, 29.5241718292, 30.1394996643, 30.7432193756, 31.3469390869, 31.962266922, 32.5775947571, 33.1813163757, 33.7850341797, 34.3887519836, 34.9924697876, 35.6658477783, 36.3392295837, 37.0126075745, 37.7208137512, 38.4290237427, 39.1836738586, 39.9383201599, 40.6697502136, 41.4011802673, 42.0861663818, 42.771156311, 43.4561424255, 44.1411323547, 44.8261222839],
