{
"metadata": {
    "version": {
        "essentia": "2.1-beta5",
        "essentia_git_sha": "Undefined",
        "extractor": "music 2.0"
    },
    "audio_properties": {
        "analysis": {
            "equal_loudness": 0,
            "length": 32.4963264465,
            "sample_rate": 44100,
            "start_time": 77.7520217896,
            "downmix": "mix"
        },
        "bit_rate": 192000,
        "length": 183.460876465,
        "lossless": 0,
        "number_channels": 2,
        "replay_gain": -7.53295898438,
        "sample_rate": 48000,
        "codec": "mp3",
        "md5_encoded": "0c10d5856b5d85e942fe0b65ff434ebb"
    },
    "tags": {
        "file_name": "Sweden_Eloïse_Arvingarna.mp3",
        "encoding": ["Lavf58.29.100"]
    }
},
"lowlevel": {
    "average_loudness": 0.945904910564,
    "barkbands_crest": {
        "max": 23.406578064,
        "mean": 9.17280292511,
        "min": 2.89491248131,
        "stdev": 3.54900074005
    },
    "barkbands_flatness_db": {
        "max": 0.304642647505,
        "mean": 0.146691918373,
        "min": 0.0340030752122,
        "stdev": 0.0407297126949
    },
    "barkbands_kurtosis": {
        "max": 32.212184906,
        "mean": 4.2165760994,
        "min": -1.78958797455,
        "stdev": 5.041036129
    },
    "barkbands_skewness": {
        "max": 4.7398982048,
        "mean": 1.5215446949,
        "min": -0.688608169556,
        "stdev": 0.824699163437
    },
    "barkbands_spread": {
        "max": 91.8516235352,
        "mean": 18.7597904205,
        "min": 2.55549049377,
        "stdev": 14.029589653
    },
    "dissonance": {
        "max": 0.498531579971,
        "mean": 0.451680332422,
        "min": 0.29028069973,
        "stdev": 0.0290308259428
    },
    "dynamic_complexity": 2.00724244118,
    "erbbands_crest": {
        "max": 26.1962928772,
        "mean": 9.50343132019,
        "min": 2.7548327446,
        "stdev": 4.30414295197
    },
    "erbbands_flatness_db": {
        "max": 0.264916867018,
        "mean": 0.166958332062,
        "min": 0.0660446062684,
        "stdev": 0.0353220030665
    },
    "erbbands_kurtosis": {
        "max": 17.8365039825,
        "mean": 1.11056613922,
        "min": -1.69181275368,
        "stdev": 2.23823451996
    },
    "erbbands_skewness": {
        "max": 3.29573249817,
        "mean": 0.783629119396,
        "min": -1.81589949131,
        "stdev": 0.744496703148
    },
    "erbbands_spread": {
        "max": 126.02469635,
        "mean": 34.9214744568,
        "min": 6.42579698563,
        "stdev": 18.7819461823
    },
    "hfc": {
        "max": 216.198959351,
        "mean": 23.7597446442,
        "min": 1.11404275894,
        "stdev": 22.0838298798
    },
    "loudness_ebu128": {
        "integrated": -15.2427558899,
        "loudness_range": 4.07895469666,
        "momentary": {
            "max": -11.6899547577,
            "mean": -15.6537284851,
            "min": -21.3076229095,
            "stdev": 1.9528080225
        },
        "short_term": {
            "max": -13.1951847076,
            "mean": -15.5271854401,
            "min": -18.5147342682,
            "stdev": 1.51419425011
        }
    },
    "melbands_crest": {
        "max": 27.5033168793,
        "mean": 11.5260305405,
        "min": 3.82726240158,
        "stdev": 3.99348020554
    },
    "melbands_flatness_db": {
        "max": 0.393465042114,
        "mean": 0.199587330222,
        "min": 0.0553501211107,
        "stdev": 0.053755030036
    },
    "melbands_kurtosis": {
        "max": 68.9225540161,
        "mean": 9.58147621155,
        "min": -1.36761152744,
        "stdev": 8.65510368347
    },
    "melbands_skewness": {
        "max": 6.73738765717,
        "mean": 2.15725803375,
        "min": -0.694654881954,
        "stdev": 1.04660153389
    },
    "melbands_spread": {
        "max": 138.738510132,
        "mean": 19.3794212341,
        "min": 2.25137472153,
        "stdev": 13.7898855209
    },
    "pitch_salience": {
        "max": 0.811134517193,
        "mean": 0.59783834219,
        "min": 0.231481194496,
        "stdev": 0.0933221876621
    },
    "silence_rate_20dB": {
        "max": 1,
        "mean": 1,
        "min": 1,
        "stdev": 0
    },
    "silence_rate_30dB": {
        "max": 1,
        "mean": 1,
        "min": 1,
        "stdev": 0
    },
    "silence_rate_60dB": {
        "max": 1,
        "mean": 0.000713775865734,
        "min": 0,
        "stdev": 0.026707470417
    },
    "spectral_centroid": {
        "max": 3896.7668457,
        "mean": 1049.9074707,
        "min": 317.723083496,
        "stdev": 538.115600586
    },
    "spectral_complexity": {
        "max": 51,
        "mean": 18.8907928467,
        "min": 1,
        "stdev": 8.29119205475
    },
    "spectral_decrease": {
        "max": -1.93169161222e-10,
        "mean": -7.85381359947e-09,
        "min": -3.13396846252e-08,
        "stdev": 4.38437242067e-09
    },
    "spectral_energy": {
        "max": 0.125350505114,
        "mean": 0.0317972078919,
        "min": 0.000849543779623,
        "stdev": 0.0176538806409
    },
    "spectral_energyband_high": {
        "max": 0.0269974321127,
        "mean": 0.00112814677414,
        "min": 1.41046830322e-05,
        "stdev": 0.00244922726415
    },
    "spectral_energyband_low": {
        "max": 0.0655612647533,
        "mean": 0.00812477525324,
        "min": 3.87985637644e-05,
        "stdev": 0.0093295937404
    },
    "spectral_energyband_middle_high": {
        "max": 0.0387358702719,
        "mean": 0.00578223634511,
        "min": 0.00013125310943,
        "stdev": 0.00604309467599
    },
    "spectral_energyband_middle_low": {
        "max": 0.100959099829,
        "mean": 0.0178893934935,
        "min": 0.000442145625129,
        "stdev": 0.0108023053035
    },
    "spectral_entropy": {
        "max": 8.59240150452,
        "mean": 7.45525360107,
        "min": 6.48528528214,
        "stdev": 0.402323663235
    },
    "spectral_flux": {
        "max": 0.246809080243,
        "mean": 0.0932628959417,
        "min": 0.0199714954942,
        "stdev": 0.0366168804467
    },
    "spectral_kurtosis": {
        "max": 14.5255622864,
        "mean": 4.30429792404,
        "min": -1.055991292,
        "stdev": 2.63511300087
    },
    "spectral_rms": {
        "max": 0.0110586248338,
        "mean": 0.00535277090967,
        "min": 0.000910397269763,
        "stdev": 0.00153930915985
    },
    "spectral_rolloff": {
        "max": 9000.87890625,
        "mean": 1254.10522461,
        "min": 86.1328125,
        "stdev": 1360.97607422
    },
    "spectral_skewness": {
        "max": 2.98407554626,
        "mean": 1.60216331482,
        "min": 0.126033768058,
        "stdev": 0.488915205002
    },
    "spectral_spread": {
        "max": 13804663,
        "mean": 4402867,
        "min": 2251151.75,
        "stdev": 1521193.5
    },
    "spectral_strongpeak": {
        "max": 9.12772274017,
        "mean": 1.09031200409,
        "min": 0,
        "stdev": 1.19344997406
    },
    "zerocrossingrate": {
        "max": 0.23291015625,
        "mean": 0.0528880730271,
        "min": 0.00537109375,
        "stdev": 0.0329007543623
    },
    "barkbands": {
        "max": [0.00193810625933, 0.0631286948919, 0.0231358483434, 0.0314008370042, 0.0681584402919, 0.0480409562588, 0.028774747625, 0.0398055166006, 0.0382588803768, 0.0225203596056, 0.0333759076893, 0.0130808651447, 0.00981738232076, 0.0123075218871, 0.0277483835816, 0.0124738365412, 0.00925056729466, 0.00636539328843, 0.00617172848433, 0.00811417214572, 0.00742252590135, 0.0081341387704, 0.00645116204396, 0.0124528277665, 0.00199095811695, 0.00123074220028, 1.03162628875e-05],
        "mean": [0.000155033529154, 0.00555827887729, 0.0014728755923, 0.00191224890295, 0.00501017691568, 0.00356706604362, 0.0026854777243, 0.00245698238723, 0.0018748883158, 0.00117656262591, 0.00104813196231, 0.000833172176499, 0.000545722199604, 0.00065447203815, 0.000501425820403, 0.000311722542392, 0.000309782568365, 0.000241922534769, 0.000220753921894, 0.000290334806778, 0.000205948192161, 0.000236907493672, 0.000213554638322, 0.000194311185624, 8.35165556055e-05, 3.58578618034e-05, 9.07106141312e-08],
        "min": [6.58828938072e-08, 7.10581889507e-06, 1.79458186267e-06, 4.02109890274e-06, 5.53638747078e-05, 4.30318286817e-05, 2.90111711365e-05, 4.93169682159e-06, 1.19586084111e-05, 9.20192451304e-06, 3.98632346332e-06, 4.57161922895e-06, 2.60372735283e-06, 4.6439399739e-06, 3.52545407623e-06, 3.26704594045e-06, 2.41260363509e-06, 2.84650877802e-06, 1.50863047566e-06, 1.44718865158e-06, 1.64417963333e-06, 2.81469829133e-06, 1.24917562516e-06, 5.24609902186e-07, 4.60524177015e-07, 1.11159828009e-08, 2.75973428138e-11],
        "stdev": [0.000234590974287, 0.00803035311401, 0.00194306380581, 0.00314199947752, 0.00537589285523, 0.00370251573622, 0.00341177405789, 0.00443921750411, 0.00285082636401, 0.00191344786435, 0.00273266341537, 0.00143520766869, 0.000908676709514, 0.00114710058551, 0.00152145884931, 0.000837540486827, 0.000626797089353, 0.00037676320062, 0.000409090018366, 0.000599530641921, 0.000563593232073, 0.000532842590474, 0.000559830688871, 0.000695781141985, 0.000230450823437, 0.000121275515994, 5.26325834471e-07]
    },
    "erbbands": {
        "max": [1.64641869068, 14.7927646637, 21.0664367676, 97.7232437134, 254.606658936, 175.403411865, 202.096725464, 543.609436035, 441.056365967, 832.443359375, 1112.24560547, 793.612854004, 369.564880371, 1039.46960449, 1422.88427734, 673.828796387, 419.388977051, 699.3359375, 1386.52331543, 592.394592285, 404.108032227, 429.148864746, 310.117492676, 143.392227173, 381.776916504, 332.542175293, 522.742858887, 266.788208008, 241.230819702, 374.99911499, 187.981491089, 392.865539551, 113.719932556, 29.5263996124, 18.8679294586, 7.90371322632, 2.37155508995, 0.214451491833, 0.0039294604212, 0.000248718162766],
        "mean": [0.135634228587, 1.31360888481, 1.94043576717, 4.5178027153, 10.4299755096, 19.2725028992, 21.9000415802, 28.8794498444, 35.9133529663, 45.1076545715, 59.381149292, 44.2284507751, 35.1263427734, 43.9185447693, 37.3601455688, 38.9147911072, 27.811674118, 37.8762779236, 27.8595428467, 22.393497467, 14.6241121292, 15.898604393, 13.2591371536, 11.079246521, 12.2232713699, 13.6728200912, 10.3807048798, 7.33074188232, 8.51206111908, 7.5416059494, 5.96903181076, 4.5458984375, 2.80882406235, 1.04994368553, 0.560880482197, 0.223811298609, 0.0538886189461, 0.0034952792339, 9.65272338362e-05, 4.36031878053e-05],
        "min": [0.000182854913874, 0.00211551180109, 0.00440137740225, 0.015679365024, 0.0616377219558, 0.160941809416, 0.115831457078, 0.472333908081, 0.741429388523, 0.410621702671, 0.091435752809, 0.245659649372, 0.192206770182, 0.258624881506, 0.212638497353, 0.245398789644, 0.166463896632, 0.293456315994, 0.326179742813, 0.207182794809, 0.193850070238, 0.183155894279, 0.239668443799, 0.151196762919, 0.0943932756782, 0.0600570961833, 0.0512217096984, 0.0776210725307, 0.103825598955, 0.0563952103257, 0.029050193727, 0.011400253512, 0.00979270879179, 0.00656587304547, 0.00147970300168, 0.000231616751989, 1.67344751389e-05, 1.30065041049e-06, 1.90077037132e-06, 3.20972981172e-06],
        "stdev": [0.21482026577, 1.90042388439, 2.34106445312, 6.89390993118, 15.7306623459, 21.7871437073, 22.0936374664, 35.126914978, 45.2215156555, 71.3432693481, 114.47706604, 69.6547012329, 46.3736381531, 79.8291320801, 98.2708892822, 65.5362319946, 42.4524116516, 65.2459716797, 76.3225708008, 52.7368659973, 29.1438827515, 28.7377109528, 19.2397651672, 14.1512622833, 24.7442417145, 27.7979774475, 31.9874763489, 17.4438457489, 18.9441146851, 19.4720115662, 16.0401268005, 18.0356578827, 8.95936107635, 2.78585076332, 1.68634498119, 0.679400444031, 0.213904485106, 0.0162590723485, 0.000320362276398, 3.10810974042e-05]
    },
    "gfcc": {
        "mean": [12.6586475372, 115.518600464, -121.012321472, 35.4099655151, -76.2810974121, 16.4085960388, -41.4649810791, 7.86652469635, -19.4489059448, 1.48197627068, -8.88164806366, -2.01568579674, -5.77357959747],
        "cov": [[2453.92260742, -1045.21496582, -162.580474854, 41.4750823975, -54.9396972656, 253.99899292, 48.0824203491, 52.8832092285, -226.652770996, 138.151931763, -144.517593384, 36.5106506348, -164.710845947], [-1045.21496582, 1111.67907715, -94.1002044678, 1.25998568535, 170.706314087, -146.458694458, 120.686988831, -27.043340683, 165.475662231, -128.423980713, 163.134902954, -110.865447998, 117.737724304], [-162.580474854, -94.1002044678, 533.627929688, 113.800567627, -16.4136314392, 55.582901001, -66.062171936, 17.9012413025, -4.32199668884, 12.4733800888, -39.164188385, 77.695930481, -4.6356754303], [41.4750823975, 1.25998568535, 113.800567627, 291.540100098, 58.3123092651, 15.2399082184, 7.55087614059, -1.81536269188, 41.2303733826, -2.27589559555, 3.34813976288, -20.3887062073, 27.9892044067], [-54.9396972656, 170.706314087, -16.4136314392, 58.3123092651, 194.844558716, -6.06378269196, 15.2661790848, 32.0293769836, 49.9833717346, 14.6837043762, 9.1313457489, -14.1459207535, 28.2223682404], [253.99899292, -146.458694458, 55.582901001, 15.2399082184, -6.06378269196, 158.810424805, 32.8085479736, 1.21196293831, -30.6045036316, 7.2450761795, -11.0432767868, 18.7577781677, -20.4901771545], [48.0824203491, 120.686988831, -66.062171936, 7.55087614059, 15.2661790848, 32.8085479736, 172.325027466, 27.4672431946, -18.3238391876, -3.7011961937, 47.9705352783, -7.16424512863, 1.58432936668], [52.8832092285, -27.043340683, 17.9012413025, -1.81536269188, 32.0293769836, 1.21196293831, 27.4672431946, 94.3840179443, 42.3586959839, 20.7141246796, -8.18754768372, 14.0913600922, 4.27486371994], [-226.652770996, 165.475662231, -4.32199668884, 41.2303733826, 49.9833717346, -30.6045036316, -18.3238391876, 42.3586959839, 151.200271606, 5.63587808609, 18.6387577057, -21.8975944519, 37.3344573975], [138.151931763, -128.423980713, 12.4733800888, -2.27589559555, 14.6837043762, 7.2450761795, -3.7011961937, 20.7141246796, 5.63587808609, 90.1031112671, -7.4031624794, 18.1697006226, -14.9441318512], [-144.517593384, 163.134902954, -39.164188385, 3.34813976288, 9.1313457489, -11.0432767868, 47.9705352783, -8.18754768372, 18.6387577057, -7.4031624794, 87.1561584473, -4.81372499466, 21.5985832214], [36.5106506348, -110.865447998, 77.695930481, -20.3887062073, -14.1459207535, 18.7577781677, -7.16424512863, 14.0913600922, -21.8975944519, 18.1697006226, -4.81372499466, 84.7321624756, 3.98204374313], [-164.710845947, 117.737724304, -4.6356754303, 27.9892044067, 28.2223682404, -20.4901771545, 1.58432936668, 4.27486371994, 37.3344573975, -14.9441318512, 21.5985832214, 3.98204374313, 69.4551391602]],
        "icov": [[0.00100151693914, 0.000693112437148, 0.00058510818053, -0.000431470631156, -0.000326768436935, -0.00084135151701, -0.000216533240746, -0.000644922023639, 0.000817594991531, -0.00035365120857, 0.000261946785031, 0.000323500396917, 0.000726677884813], [0.000693112437148, 0.00542188994586, -0.00155147875194, 0.00242772465572, -0.00422349479049, 0.00291214510798, -0.00442181387916, 0.00388633925468, -0.00380293978378, 0.00502843642607, -0.00421004230157, 0.00422598654404, -0.00199915282428], [0.00058510818053, -0.00155147875194, 0.00393592519686, -0.00273750093766, 0.00173768261448, -0.00257685477845, 0.00276083126664, -0.0028205444105, 0.00219434779137, -0.00185952382162, 0.00210576062091, -0.00399641226977, 0.00202242354862], [-0.000431470631156, 0.00242772465572, -0.00273750093766, 0.00633922033012, -0.00312016531825, 0.00192854343913, -0.00321413436905, 0.00397317716852, -0.00364939821884, 0.00267362082377, -0.00197301246226, 0.00404375744984, -0.00329169817269], [-0.000326768436935, -0.00422349479049, 0.00173768261448, -0.00312016531825, 0.00973822176456, -0.00274730240926, 0.00339407357387, -0.00497656315565, 0.00255407206714, -0.00536011857912, 0.00349216489121, -0.00236095371656, -0.000257498002611], [-0.00084135151701, 0.00291214510798, -0.00257685477845, 0.00192854343913, -0.00274730240926, 0.01077502314, -0.00508229667321, 0.00446481490508, -0.00343560148031, 0.00392641639337, -0.0019479439361, 0.00116720004007, -0.000514312880114], [-0.000216533240746, -0.00442181387916, 0.00276083126664, -0.00321413436905, 0.00339407357387, -0.00508229667321, 0.0135398469865, -0.00910116359591, 0.0071164984256, -0.00378066184931, -0.00251380028203, -0.00223906640895, 0.00210579438135], [-0.000644922023639, 0.00388633925468, -0.0028205444105, 0.00397317716852, -0.00497656315565, 0.00446481490508, -0.00910116359591, 0.0215098708868, -0.0109106879681, 0.00278330384754, 0.00128786906134, -0.000529345066752, -0.00159012700897], [0.000817594991531, -0.00380293978378, 0.00219434779137, -0.00364939821884, 0.00255407206714, -0.00343560148031, 0.0071164984256, -0.0109106879681, 0.0161439739168, -0.00584239931777, 0.000471935316455, 0.000915194570553, -0.00167377816979], [-0.00035365120857, 0.00502843642607, -0.00185952382162, 0.00267362082377, -0.00536011857912, 0.00392641639337, -0.00378066184931, 0.00278330384754, -0.00584239931777, 0.0189646705985, -0.00499503267929, 0.000606119108852, 0.00142661330756], [0.000261946785031, -0.00421004230157, 0.00210576062091, -0.00197301246226, 0.00349216489121, -0.0019479439361, -0.00251380028203, 0.00128786906134, 0.000471935316455, -0.00499503267929, 0.0211323872209, -0.00500192912295, -0.000935284188017], [0.000323500396917, 0.00422598654404, -0.00399641226977, 0.00404375744984, -0.00236095371656, 0.00116720004007, -0.00223906640895, -0.000529345066752, 0.000915194570553, 0.000606119108852, -0.00500192912295, 0.0212235990912, -0.00692839408293], [0.000726677884813, -0.00199915282428, 0.00202242354862, -0.00329169817269, -0.000257498002611, -0.000514312880114, 0.00210579438135, -0.00159012700897, -0.00167377816979, 0.00142661330756, -0.000935284188017, -0.00692839408293, 0.0228689201176]]
    },
    "melbands": {
        "max": [0.0163439810276, 0.0107800951228, 0.013131708838, 0.0176658835262, 0.00646484689787, 0.0107489032671, 0.00660380953923, 0.00873769912869, 0.00872222986072, 0.00475510349497, 0.00185626780149, 0.00392708880827, 0.00541663775221, 0.00139112398028, 0.00150221656077, 0.00100882141851, 0.00127048243303, 0.00180823518895, 0.00169517239556, 0.00126811722293, 0.000640875834506, 0.000624568376224, 0.000582100299653, 0.000108191896288, 0.000134405287099, 0.000299845065456, 0.000146976832184, 0.0002842960821, 0.00051331857685, 0.000173037260538, 0.000128490486532, 0.000143208410009, 0.000203063711524, 0.000219860827201, 0.000119677933981, 0.000232992257224, 0.000215442269109, 8.7790460384e-05, 5.36971783731e-05, 2.47146599577e-05],
        "mean": [0.00144290819298, 0.00129854376428, 0.000931088812649, 0.00105959596112, 0.000813254795503, 0.000676660332829, 0.000553674937692, 0.000474398897495, 0.000479166337755, 0.000261559092905, 0.000168965038029, 0.000172302417923, 0.000141919357702, 8.56839396874e-05, 8.7064167019e-05, 5.87786344113e-05, 6.92792818882e-05, 4.13233901781e-05, 3.55715455953e-05, 2.68869971478e-05, 1.59829814947e-05, 1.69450395333e-05, 1.5579709725e-05, 1.01469386209e-05, 8.6613554231e-06, 8.50433571031e-06, 9.16061071621e-06, 9.11343067855e-06, 7.56802637625e-06, 4.36822483607e-06, 4.12353483625e-06, 4.95665562994e-06, 4.46515741714e-06, 4.05653781854e-06, 3.49189190274e-06, 3.04907098325e-06, 2.64717141363e-06, 2.11488782043e-06, 1.37151096169e-06, 7.36841286653e-07],
        "min": [2.99139537674e-06, 2.73582713817e-06, 6.8063436629e-06, 1.05814106064e-05, 6.03681473876e-06, 1.0606977412e-05, 7.61123737902e-06, 3.52914616997e-06, 6.50384265555e-07, 1.70309408531e-06, 9.02282579318e-07, 7.91068373474e-07, 7.91940522049e-07, 4.47525650316e-07, 1.88453768146e-07, 4.68273867682e-07, 4.81132531149e-07, 3.74400030978e-07, 2.52716063187e-07, 2.096867604e-07, 1.52002087361e-07, 1.07389254822e-07, 1.76406587116e-07, 1.31778207901e-07, 8.65233147351e-08, 4.94919909499e-08, 7.3072222051e-08, 2.31201422451e-08, 1.96541432018e-08, 2.56570338308e-08, 3.62867602632e-08, 5.48961587299e-08, 1.90146280943e-08, 3.30523768355e-08, 1.45974112797e-08, 5.46793854639e-09, 5.49151302209e-09, 5.65608493375e-09, 5.85518433738e-09, 3.65846419825e-09],
        "stdev": [0.00215115514584, 0.00151968409773, 0.00124373065773, 0.00123016990256, 0.000753015803639, 0.000768564816099, 0.000668387161568, 0.000732817163225, 0.000919050304219, 0.000425602658652, 0.000232909034821, 0.000328538415488, 0.000408841093304, 0.000142106189742, 0.000157824411872, 9.54244605964e-05, 0.000123516307212, 0.00011141646246, 0.000105042316136, 8.23665614007e-05, 3.42876628565e-05, 3.55799711542e-05, 3.11251496896e-05, 1.32201957967e-05, 1.16495657494e-05, 1.91713643289e-05, 1.53949786181e-05, 2.10316829907e-05, 2.79472697002e-05, 1.13608275569e-05, 9.65555682342e-06, 1.10454921014e-05, 1.11763729365e-05, 1.08607964648e-05, 9.32587499847e-06, 1.09033317131e-05, 1.07261503217e-05, 6.9203269959e-06, 4.19429125031e-06, 1.97347208086e-06]
    },
    "melbands128": {
        "max": [0.00164719938766, 0.0128797367215, 0.0267573744059, 0.024488447234, 0.0139935221523, 0.0149573953822, 0.0250437632203, 0.0168914794922, 0.0303849857301, 0.0256784874946, 0.0137544609606, 0.00971229095012, 0.00950792431831, 0.0129813430831, 0.0202700998634, 0.0106484107673, 0.0100334603339, 0.0113434707746, 0.010369152762, 0.0150144528598, 0.011232977733, 0.0142678879201, 0.0152918873355, 0.0146940918639, 0.00800139922649, 0.00673348410055, 0.0044404361397, 0.00358977750875, 0.00207204674371, 0.00721575831994, 0.00867351982743, 0.00694945408031, 0.0103643294424, 0.00412199879065, 0.00174429733306, 0.00233909860253, 0.00313993892632, 0.003348746337, 0.00168477313127, 0.0020611693617, 0.00105437415186, 0.00305146956816, 0.0026524476707, 0.00168743531685, 0.0011786930263, 0.0024433536455, 0.00673397444189, 0.00251785269938, 0.00227523688227, 0.00176891672891, 0.00255160569213, 0.000369279441657, 0.000399365235353, 0.00150568585377, 0.00108949874993, 0.000885115005076, 0.000351701950422, 0.00053513556486, 0.000995352049358, 0.000167322854395, 0.000172406507772, 0.00031957833562, 0.000216359519982, 0.000246557610808, 0.000227585798712, 0.000349662499502, 0.000687238643877, 0.000174381537363, 0.000248539348831, 0.000349504931364, 0.000354184390744, 0.000707594153937, 0.000669107888825, 0.000730079424102, 0.000242858863203, 0.000207680568565, 0.000218499611947, 0.000330547103658, 0.000154124980327, 0.000136001428473, 0.00016025948571, 0.000218148823478, 0.000147108279634, 0.000285629823338, 0.000204259180464, 0.000306262110826, 0.000272806792054, 0.000181072260602, 0.000146774109453, 0.000118370990094, 0.000130161526613, 0.000310971663566, 0.000400330492994, 0.000271162134595, 0.000128396044602, 0.000118005780678, 0.000118852425658, 9.07887806534e-05, 6.93293768563e-05, 6.2850631366e-05, 1.89543425222e-05, 3.97492440243e-05, 3.15687102557e-05, 3.64178085874e-05, 2.36684572883e-05, 2.49090280704e-05, 1.52339644046e-05, 1.88074591279e-05, 2.54502047028e-05, 1.68559381564e-05, 1.55705492944e-05, 9.07687444851e-06, 1.32332625071e-05, 1.58502825798e-05, 4.68881080451e-06, 1.08341771465e-06, 2.83867024109e-07, 1.84080111154e-08, 1.78911108151e-08, 1.7440404676e-08, 1.70184293324e-08, 1.66518994149e-08, 1.63460214253e-08, 1.60670996507e-08, 1.58395145888e-08, 1.5679646026e-08, 1.55496344689e-08, 1.54636534688e-08],
        "mean": [0.000127414183225, 0.000824818445835, 0.00225290469825, 0.00216885050759, 0.00113548140507, 0.000722874014173, 0.000897014688235, 0.000950303277932, 0.00107072468381, 0.00101909367368, 0.0011604714673, 0.000903590000235, 0.000689542561304, 0.000769876758568, 0.000577579485252, 0.000727849197574, 0.000678746029735, 0.00043890462257, 0.000494884967338, 0.000599056191277, 0.000341363134794, 0.000441966200015, 0.000634747790173, 0.00032704876503, 0.000283109373413, 0.000219270412344, 0.000224526273087, 0.000171094972757, 9.16046774364e-05, 0.000209405843634, 0.000180380011443, 0.000144723278936, 0.000198596331757, 8.56406040839e-05, 4.22464763687e-05, 0.000100268967799, 0.000136419315822, 8.6982960056e-05, 5.78409526497e-05, 5.54012476641e-05, 3.68932924175e-05, 0.00010242521239, 8.4539737145e-05, 4.84654592583e-05, 2.86307167698e-05, 3.80194032914e-05, 6.2312137743e-05, 3.57911630999e-05, 2.16617409023e-05, 3.21406514558e-05, 3.57194185199e-05, 1.16127430374e-05, 1.16100718515e-05, 1.75299592229e-05, 2.613131619e-05, 1.38433142638e-05, 1.21319490063e-05, 1.97773024411e-05, 1.63474105648e-05, 8.49606658448e-06, 9.88644023892e-06, 1.12468251245e-05, 9.37650656851e-06, 7.86678629083e-06, 7.35782532502e-06, 8.14420582174e-06, 1.03133361335e-05, 7.61966339269e-06, 9.75207512965e-06, 9.89221734926e-06, 8.18714670459e-06, 9.64283390203e-06, 9.21249102248e-06, 7.81707603892e-06, 4.4291159611e-06, 4.60272212877e-06, 4.16932698499e-06, 3.86878809877e-06, 4.14617124989e-06, 4.13553470935e-06, 5.41611461813e-06, 5.18345404998e-06, 4.24825202572e-06, 4.52714493804e-06, 4.53261236544e-06, 4.19589423473e-06, 3.82690495826e-06, 3.78386289412e-06, 3.39872008226e-06, 3.52671918336e-06, 2.9504737995e-06, 2.94117194244e-06, 3.15361216963e-06, 2.61381887867e-06, 2.37020617533e-06, 2.36130608755e-06, 1.9974118004e-06, 1.90162620584e-06, 1.57998840677e-06, 1.05988738142e-06, 5.32673084308e-07, 7.77912532612e-07, 7.84768815265e-07, 8.49604816722e-07, 5.73948739202e-07, 6.01535646183e-07, 4.01156881935e-07, 4.37583992152e-07, 4.13951539713e-07, 3.3894937701e-07, 2.65778567154e-07, 1.87651338024e-07, 1.47197084743e-07, 1.51291175143e-07, 5.93148214989e-08, 1.54999835189e-08, 3.64194341351e-09, 2.52719147692e-11, 2.29330842511e-11, 2.24062556703e-11, 2.19117328448e-11, 2.14730230125e-11, 2.10978214066e-11, 2.0751362434e-11, 2.04238084778e-11, 2.0143119811e-11, 1.99393383749e-11, 1.98289561854e-11],
        "min": [2.34093917584e-08, 6.1322097622e-08, 2.03645959118e-06, 1.11852841655e-06, 9.41218729622e-07, 6.55436906527e-07, 8.09873654362e-07, 1.66856113992e-06, 1.3751014194e-06, 3.19849323205e-06, 2.67054065262e-06, 6.31170223642e-07, 7.18686237633e-07, 4.80954440718e-06, 3.75157469534e-06, 3.16404748446e-06, 3.99717782784e-06, 1.02424019133e-06, 1.27143744066e-06, 1.88598528439e-06, 1.5870793959e-06, 6.18280182607e-07, 2.92552385872e-07, 9.21197113257e-07, 5.52990627511e-07, 4.15054898895e-07, 4.82725226902e-07, 2.70036565553e-07, 2.92598144824e-07, 3.89902282905e-07, 3.41792855352e-07, 3.21145705584e-07, 2.04028026474e-07, 7.25076461094e-08, 1.98908139737e-07, 6.55790870496e-08, 9.87142243503e-08, 1.43752686199e-07, 7.15950321251e-08, 1.09489519673e-07, 1.44358708098e-07, 1.78297185016e-07, 2.58857994595e-07, 7.32398603986e-08, 6.21005327162e-08, 3.0156087405e-08, 7.21476496324e-08, 9.77159828608e-08, 7.02976592493e-08, 1.25828307773e-07, 4.6530278297e-08, 4.56035422758e-08, 7.31917850771e-08, 4.49871428998e-08, 3.19927622172e-08, 2.20585807398e-08, 5.7872323822e-08, 1.14651875549e-07, 7.33333465064e-08, 4.41515730643e-08, 6.45947864086e-08, 5.37173434623e-08, 5.72924498954e-08, 4.50128716523e-08, 2.63228265851e-08, 1.1511044562e-08, 2.67503956763e-08, 5.13542808278e-08, 3.00593470115e-08, 3.02030720434e-08, 1.54184167656e-08, 3.10619663324e-09, 6.82248879613e-09, 6.52237730492e-09, 9.89128423612e-09, 1.19225900264e-08, 2.50975826788e-08, 9.16753606361e-09, 2.25040253099e-09, 4.90938178999e-09, 2.88759149925e-08, 2.6638577566e-08, 1.42959759586e-08, 9.33361388178e-09, 2.17106133071e-09, 7.35507565963e-09, 1.05658157779e-08, 4.64644678289e-09, 4.06727851399e-09, 1.5352223659e-10, 1.51603818388e-09, 2.37872699316e-09, 2.93459745393e-09, 7.48463846456e-10, 1.07531472615e-09, 9.55604262387e-10, 1.47675249806e-09, 5.68703417692e-10, 7.50818462958e-10, 8.97445728842e-10, 8.43805469941e-10, 8.13123318677e-11, 4.59709326162e-10, 3.30338950638e-10, 2.02940400595e-10, 3.92033600027e-10, 2.03412384159e-10, 3.99328244083e-11, 6.19979692584e-11, 9.08637043644e-13, 2.63715183588e-13, 1.35126244504e-13, 1.2707071723e-13, 9.90595002944e-14, 9.8841609539e-14, 1.0582762558e-13, 1.05338880793e-13, 1.01550400576e-13, 1.10194642853e-13, 9.35193762708e-14, 1.0592053493e-13, 6.88772701526e-14, 9.44530437479e-14, 1.08346545711e-13, 7.46765184954e-14, 3.24341553235e-14, 3.02269848217e-15, 1.6256939244e-16],
        "stdev": [0.000197911416763, 0.00142102956306, 0.00367465731688, 0.00316729978658, 0.00155776413158, 0.000985203310847, 0.00158290669788, 0.00154427217785, 0.00191480619833, 0.00170717155561, 0.00155668437947, 0.00119562959298, 0.000966218707617, 0.00108600175008, 0.00105276005343, 0.00103415874764, 0.00106376886833, 0.000910427537747, 0.000912707822863, 0.00124953396153, 0.000730593397748, 0.00112152006477, 0.00156131549738, 0.000742770149373, 0.000682904501446, 0.000533235317562, 0.000438291725004, 0.000335863413056, 0.000182724266779, 0.000532074132934, 0.000449544430012, 0.000401655765017, 0.000777766108513, 0.000265611568466, 0.000115514230856, 0.000215536274482, 0.000290315801976, 0.000283266010229, 0.000138155737659, 0.000145904778037, 7.97113607405e-05, 0.000247222837061, 0.000203074363526, 0.000116300652735, 9.33376140893e-05, 0.000137170805829, 0.000309344788548, 0.000146572332596, 9.59763638093e-05, 0.000100522396679, 0.00015437840193, 2.6718733352e-05, 2.66200077021e-05, 6.75096380292e-05, 7.2429953434e-05, 4.22590346716e-05, 2.70463151537e-05, 4.68670295959e-05, 4.50794468634e-05, 1.44872255987e-05, 1.60692088684e-05, 2.19656667468e-05, 1.52985976456e-05, 1.38537743624e-05, 1.35259788294e-05, 1.94574040506e-05, 3.66264175682e-05, 1.47057789945e-05, 2.00200920517e-05, 2.20697602344e-05, 1.96223518287e-05, 3.92256661144e-05, 3.57476164936e-05, 3.53256800736e-05, 1.22801702673e-05, 1.27385010273e-05, 1.21339271573e-05, 1.20052427519e-05, 1.0894163097e-05, 1.011808763e-05, 1.22542478493e-05, 1.37796550916e-05, 1.02767507997e-05, 1.34099764182e-05, 1.14300273708e-05, 1.3741915609e-05, 1.10399241748e-05, 1.12908155643e-05, 9.9395365396e-06, 1.01003406598e-05, 9.20544061955e-06, 1.22781157188e-05, 1.61790012498e-05, 1.22124592963e-05, 8.76416652318e-06, 8.22533456812e-06, 7.29591465642e-06, 6.14262125964e-06, 5.23559947396e-06, 3.37984465659e-06, 1.37054541938e-06, 2.30787009059e-06, 2.42588157562e-06, 2.79965661321e-06, 1.83839233614e-06, 2.05774358619e-06, 1.22953042592e-06, 1.3598746591e-06, 1.410574896e-06, 1.13661940304e-06, 9.47661703776e-07, 7.1484913633e-07, 7.35847606848e-07, 8.9320258212e-07, 3.36674332857e-07, 7.54392175395e-08, 1.8357576792e-08, 5.09639552781e-10, 4.96129415328e-10, 4.84152995472e-10, 4.72860473e-10, 4.62946098123e-10, 4.54664417227e-10, 4.47066689224e-10, 4.40801783963e-10, 4.36438579721e-10, 4.32863717093e-10, 4.30516788885e-10]
    },
    "mfcc": {
        "mean": [-622.748413086, 133.945495605, 10.3356103897, 17.9060745239, -4.81029033661, 2.83813691139, -7.48047924042, 2.76121115685, -6.3679394722, 1.8821003437, 1.76390206814, -1.87061488628, -0.240854859352],
        "cov": [[2588.4597168, -962.767944336, -239.385284424, -146.581756592, -133.983917236, 147.102783203, 190.804000854, -18.1883335114, -12.5111074448, 91.7890319824, -80.8270721436, 76.4276428223, -15.8856935501], [-962.767944336, 938.539123535, -143.20803833, 66.6870117188, 39.0498924255, -81.042427063, -1.9545352459, 45.7844085693, 10.4086122513, -12.3711509705, 73.787940979, -26.4283180237, 49.9929733276], [-239.385284424, -143.20803833, 488.902770996, 38.812713623, 49.1098365784, 48.6019477844, -28.9968166351, 32.7523727417, -2.74663114548, -43.7713699341, -6.5550775528, -11.3583192825, -30.5758457184], [-146.581756592, 66.6870117188, 38.812713623, 262.35723877, 75.7883453369, 7.65929698944, -1.73790717125, 0.56334489584, 42.3898506165, 17.9753894806, 2.61400675774, 16.7272319794, 18.3224849701], [-133.983917236, 39.0498924255, 49.1098365784, 75.7883453369, 209.476989746, 15.8204460144, -64.3581619263, -4.42683649063, 45.4457702637, 24.6239871979, -5.85675859451, -2.95611047745, 4.61955118179], [147.102783203, -81.042427063, 48.6019477844, 7.65929698944, 15.8204460144, 117.390258789, 48.7109375, 9.07005023956, -1.95208966732, -0.686877906322, 1.71954679489, 10.2686634064, -12.3298425674], [190.804000854, -1.9545352459, -28.9968166351, -1.73790717125, -64.3581619263, 48.7109375, 164.919021606, 30.224603653, -16.0044593811, -12.5623044968, 16.1093349457, 9.0578250885, 2.62236213684], [-18.1883335114, 45.7844085693, 32.7523727417, 0.56334489584, -4.42683649063, 9.07005023956, 30.224603653, 98.0899810791, 17.312040329, 1.55673670769, 13.0255451202, -0.880192875862, 4.43130016327], [-12.5111074448, 10.4086122513, -2.74663114548, 42.3898506165, 45.4457702637, -1.95208966732, -16.0044593811, 17.312040329, 92.8423080444, 30.0686912537, 5.69484472275, 7.83773994446, 18.4153156281], [91.7890319824, -12.3711509705, -43.7713699341, 17.9753894806, 24.6239871979, -0.686877906322, -12.5623044968, 1.55673670769, 30.0686912537, 89.2789611816, 12.954580307, 13.6993513107, 2.89125990868], [-80.8270721436, 73.787940979, -6.5550775528, 2.61400675774, -5.85675859451, 1.71954679489, 16.1093349457, 13.0255451202, 5.69484472275, 12.954580307, 76.2590026855, 8.81808948517, 7.76877641678], [76.4276428223, -26.4283180237, -11.3583192825, 16.7272319794, -2.95611047745, 10.2686634064, 9.0578250885, -0.880192875862, 7.83773994446, 13.6993513107, 8.81808948517, 71.8181991577, 17.0528087616], [-15.8856935501, 49.9929733276, -30.5758457184, 18.3224849701, 4.61955118179, -12.3298425674, 2.62236213684, 4.43130016327, 18.4153156281, 2.89125990868, 7.76877641678, 17.0528087616, 58.7755088806]],
        "icov": [[0.000990564469248, 0.00102677475661, 0.0006815919769, 0.000266525399638, 2.93725461233e-05, -0.000466231751489, -0.000893821648788, -0.000270681397524, 0.000105532097223, -0.000786484743003, 0.00054998457199, -0.000298137136269, -0.000354532705387], [0.00102677475661, 0.00255380640738, 0.00120848347433, -0.00014722236665, -0.000476317101857, 0.000377349148039, -0.000922397011891, -0.00109381554648, 0.000530840363353, -0.000138157833135, -0.000888327660505, 0.000453273940366, -0.00115352589637], [0.0006815919769, 0.00120848347433, 0.00321831624024, -0.000410359440139, -0.000441318581579, -0.00121770158876, 0.000405613594921, -0.00160450511612, 0.000264667236479, 0.00125229463447, -0.00028161960654, 1.90076491435e-06, 0.000732706743293], [0.000266525399638, -0.00014722236665, -0.000410359440139, 0.00484111905098, -0.00140939233825, 3.44656727975e-05, -0.00121026334818, 0.000727261416614, -0.00140624935739, -0.000702007557265, 0.00066535215592, -0.00105629686732, -0.00071454216959], [2.93725461233e-05, -0.000476317101857, -0.000441318581579, -0.00140939233825, 0.00722835632041, -0.00245283544064, 0.0029467290733, 0.000348545407178, -0.00216614967212, -0.00111437158193, 0.000716052192729, 0.000739741837606, -0.000193328829482], [-0.000466231751489, 0.000377349148039, -0.00121770158876, 3.44656727975e-05, -0.00245283544064, 0.01227887813, -0.00412076152861, 0.000108361178718, 0.000183058727998, 0.000304633198539, -0.000711211992893, -0.001436010818, 0.00229143095203], [-0.000893821648788, -0.000922397011891, 0.000405613594921, -0.00121026334818, 0.0029467290733, -0.00412076152861, 0.010354959406, -0.00246004015207, 0.000839092186652, 0.00184729171451, -0.00178419309668, 0.000206811921089, -0.000419250456616], [-0.000270681397524, -0.00109381554648, -0.00160450511612, 0.000727261416614, 0.000348545407178, 0.000108361178718, -0.00246004015207, 0.0126085979864, -0.00308488751762, -0.000386324158171, -0.000747358892113, 0.000451007392257, -9.62197082117e-05], [0.000105532097223, 0.000530840363353, 0.000264667236479, -0.00140624935739, -0.00216614967212, 0.000183058727998, 0.000839092186652, -0.00308488751762, 0.0152031909674, -0.003844096791, -0.000250670913374, 0.000262459216174, -0.00406045978889], [-0.000786484743003, -0.000138157833135, 0.00125229463447, -0.000702007557265, -0.00111437158193, 0.000304633198539, 0.00184729171451, -0.000386324158171, -0.003844096791, 0.0153028555214, -0.00332089629956, -0.00181512325071, 0.00229066773318], [0.00054998457199, -0.000888327660505, -0.00028161960654, 0.00066535215592, 0.000716052192729, -0.000711211992893, -0.00178419309668, -0.000747358892113, -0.000250670913374, -0.00332089629956, 0.0159689038992, -0.00186334305909, -0.000847408839036], [-0.000298137136269, 0.000453273940366, 1.90076491435e-06, -0.00105629686732, 0.000739741837606, -0.001436010818, 0.000206811921089, 0.000451007392257, 0.000262459216174, -0.00181512325071, -0.00186334305909, 0.016629345715, -0.00510986475274], [-0.000354532705387, -0.00115352589637, 0.000732706743293, -0.00071454216959, -0.000193328829482, 0.00229143095203, -0.000419250456616, -9.62197082117e-05, -0.00406045978889, 0.00229066773318, -0.000847408839036, -0.00510986475274, 0.0217790715396]]
    },
    "spectral_contrast_coeffs": {
        "max": [-0.429279834032, -0.498845279217, -0.535626709461, -0.573811590672, -0.634127616882, -0.634658277035],
        "mean": [-0.695708990097, -0.730516850948, -0.74826002121, -0.786355853081, -0.779646098614, -0.739337384701],
        "min": [-0.864824652672, -0.881215691566, -0.907999157906, -0.88411796093, -0.88998657465, -0.83656334877],
        "stdev": [0.066273406148, 0.0614752098918, 0.0595598742366, 0.0488688573241, 0.040362495929, 0.0336932316422]
    },
    "spectral_contrast_valleys": {
        "max": [-4.85570287704, -4.94207763672, -5.40179824829, -6.21714162827, -5.870616436, -7.56113910675],
        "mean": [-6.33552646637, -6.16760826111, -7.13162946701, -7.56170606613, -7.67148303986, -10.3746023178],
        "min": [-8.60724830627, -8.09918498993, -8.87610912323, -9.16084003448, -9.37460613251, -12.6330461502],
        "stdev": [0.582017302513, 0.433906048536, 0.583721101284, 0.542257130146, 0.704640388489, 0.963271856308]
    }
},
"rhythm": {
    "beats_count": 72,
    "beats_loudness": {
        "max": 0.0873129591346,
        "mean": 0.0462920404971,
        "min": 0.00937812775373,
        "stdev": 0.0202219691128
    },
    "bpm": 134.571548462,
    "bpm_histogram_first_peak_bpm": 136,
    "bpm_histogram_first_peak_weight": 0.5,
    "bpm_histogram_second_peak_bpm": 129,
    "bpm_histogram_second_peak_spread": 0,
    "bpm_histogram_second_peak_weight": 0.0281690135598,
    "danceability": 1.21887516975,
    "onset_rate": 3.41455054283,
    "beats_loudness_band_ratio": {
        "max": [0.812906265259, 0.774146795273, 0.691781282425, 0.656781077385, 0.383838951588, 0.300620108843],
        "mean": [0.36059731245, 0.258749127388, 0.24199424684, 0.0939578637481, 0.0612580701709, 0.0493205264211],
        "min": [0.00906069204211, 0.0469132103026, 0.0221910048276, 0.00872215628624, 0.00337768997997, 0.00318742217496],
        "stdev": [0.212002798915, 0.169377744198, 0.142830982804, 0.10240957886, 0.0754023715854, 0.0559465661645]
    },
    "beats_position": [0.476009070873, 0.96362811327, 1.42802715302, 1.88081634045, 2.33360528946, 2.77478456497, 3.22757363319, 3.66875267029, 4.1099319458, 4.55111122131, 5.00390005112, 5.44507932663, 5.88625860214, 6.33904743195, 6.79183673859, 7.24462556839, 7.6858048439, 8.12698364258, 8.57977294922, 9.02095222473, 9.47374153137, 9.91492080688, 10.3677091599, 10.8204984665, 11.2732877731, 11.7260770798, 12.1788663864, 12.6316547394, 13.084444046, 13.5256233215, 13.966802597, 14.4195919037, 14.8607711792, 15.301949501, 15.7431287766, 16.1959171295, 16.6487064362, 17.1131057739, 17.5658950806, 18.0186843872, 18.4598636627, 18.9010429382, 19.3422222137, 19.7834014893, 20.2245807648, 20.6657600403, 21.1069393158, 21.548116684, 22.0009059906, 22.4536952972, 22.8948745728, 23.3360538483, 23.7888431549, 24.2416324615, 24.6828117371, 25.1239910126, 25.5767803192, 26.0295696259, 26.4823570251, 26.9351463318, 27.3763256073, 27.8291149139, 28.2819042206, 28.7230834961, 29.1642627716, 29.6054420471, 30.0466213226, 30.4878005981, 30.9173698425, 31.3469390869, 31.7881164551, 32.2176856995],
