{
"metadata": {
    "version": {
        "essentia": "2.1-beta5",
        "essentia_git_sha": "Undefined",
        "extractor": "music 2.0"
    },
    "audio_properties": {
        "analysis": {
            "equal_loudness": 0,
            "length": 32.4963264465,
            "sample_rate": 44100,
            "start_time": 110.248344421,
            "downmix": "mix"
        },
        "bit_rate": 192000,
        "length": 282.9815979,
        "lossless": 0,
        "number_channels": 2,
        "replay_gain": -3.16194725037,
        "sample_rate": 44100,
        "codec": "mp3",
        "md5_encoded": "e657d779016504f7b2ae80a960b73c3c"
    },
    "tags": {
        "file_name": "Italy_Nel Blu Dipinto Di Blu_Domenico Modugno.mp3",
        "encoding": ["Lavf58.29.100"]
    }
},
"lowlevel": {
    "average_loudness": 0.0249956343323,
    "barkbands_crest": {
        "max": 26.006319046,
        "mean": 13.3005456924,
        "min": 3.6514005661,
        "stdev": 5.32966375351
    },
    "barkbands_flatness_db": {
        "max": 0.376534610987,
        "mean": 0.223236128688,
        "min": 0.0830584764481,
        "stdev": 0.0555982105434
    },
    "barkbands_kurtosis": {
        "max": 181.577377319,
        "mean": 14.9183969498,
        "min": -1.91235506535,
        "stdev": 19.4401893616
    },
    "barkbands_skewness": {
        "max": 12.0951118469,
        "mean": 2.02096176147,
        "min": -2.60834670067,
        "stdev": 1.61464190483
    },
    "barkbands_spread": {
        "max": 97.3180389404,
        "mean": 8.23530673981,
        "min": 0.57297617197,
        "stdev": 10.8594427109
    },
    "dissonance": {
        "max": 0.5,
        "mean": 0.390041261911,
        "min": 0.157822728157,
        "stdev": 0.0665884539485
    },
    "dynamic_complexity": 9.43929290771,
    "erbbands_crest": {
        "max": 33.0514297485,
        "mean": 14.3624019623,
        "min": 3.68069243431,
        "stdev": 6.35065364838
    },
    "erbbands_flatness_db": {
        "max": 0.417965978384,
        "mean": 0.236822634935,
        "min": 0.0969441756606,
        "stdev": 0.0612572133541
    },
    "erbbands_kurtosis": {
        "max": 92.4192504883,
        "mean": 10.1323394775,
        "min": -1.77872288227,
        "stdev": 13.5990486145
    },
    "erbbands_skewness": {
        "max": 8.05236339569,
        "mean": 1.87379527092,
        "min": -6.0748128891,
        "stdev": 1.58705723286
    },
    "erbbands_spread": {
        "max": 154.105621338,
        "mean": 18.5678539276,
        "min": 1.36265206337,
        "stdev": 16.910900116
    },
    "hfc": {
        "max": 102.246086121,
        "mean": 5.98325252533,
        "min": 0.00477918749675,
        "stdev": 14.1789360046
    },
    "loudness_ebu128": {
        "integrated": -24.3863067627,
        "loudness_range": 17.2655124664,
        "momentary": {
            "max": -14.1648216248,
            "mean": -31.3304386139,
            "min": -53.3768463135,
            "stdev": 7.11448144913
        },
        "short_term": {
            "max": -19.2900981903,
            "mean": -29.4950485229,
            "min": -37.3339080811,
            "stdev": 5.50579023361
        }
    },
    "melbands_crest": {
        "max": 33.92786026,
        "mean": 15.9587755203,
        "min": 4.32343435287,
        "stdev": 6.09382629395
    },
    "melbands_flatness_db": {
        "max": 0.467831462622,
        "mean": 0.285951912403,
        "min": 0.0871066749096,
        "stdev": 0.0639772340655
    },
    "melbands_kurtosis": {
        "max": 278.130310059,
        "mean": 16.8443527222,
        "min": -1.92672133446,
        "stdev": 24.6723461151
    },
    "melbands_skewness": {
        "max": 11.7342863083,
        "mean": 1.9001955986,
        "min": -1.73990249634,
        "stdev": 1.70273017883
    },
    "melbands_spread": {
        "max": 250.020523071,
        "mean": 11.3950376511,
        "min": 0.818644225597,
        "stdev": 24.3835659027
    },
    "pitch_salience": {
        "max": 0.867252528667,
        "mean": 0.544724285603,
        "min": 0.0784832239151,
        "stdev": 0.151156201959
    },
    "silence_rate_20dB": {
        "max": 1,
        "mean": 1,
        "min": 1,
        "stdev": 0
    },
    "silence_rate_30dB": {
        "max": 1,
        "mean": 0.980728030205,
        "min": 0,
        "stdev": 0.137480944395
    },
    "silence_rate_60dB": {
        "max": 1,
        "mean": 0.643112063408,
        "min": 0,
        "stdev": 0.479083359241
    },
    "spectral_centroid": {
        "max": 5736.01806641,
        "mean": 669.655395508,
        "min": 238.320755005,
        "stdev": 575.969116211
    },
    "spectral_complexity": {
        "max": 18,
        "mean": 5.13990020752,
        "min": 0,
        "stdev": 3.55749320984
    },
    "spectral_decrease": {
        "max": -1.35898887629e-12,
        "mean": -2.51430454234e-09,
        "min": -4.28133226649e-08,
        "stdev": 5.82836356955e-09
    },
    "spectral_energy": {
        "max": 0.170861542225,
        "mean": 0.0100322542712,
        "min": 5.56262557438e-06,
        "stdev": 0.0232751853764
    },
    "spectral_energyband_high": {
        "max": 0.00162282923702,
        "mean": 3.15067809424e-05,
        "min": 2.12998671145e-07,
        "stdev": 9.14710399229e-05
    },
    "spectral_energyband_low": {
        "max": 0.0155232641846,
        "mean": 0.000626661116257,
        "min": 1.46195020534e-06,
        "stdev": 0.00124331179541
    },
    "spectral_energyband_middle_high": {
        "max": 0.0319331362844,
        "mean": 0.0011111642234,
        "min": 2.70319475248e-07,
        "stdev": 0.00295313843526
    },
    "spectral_energyband_middle_low": {
        "max": 0.167473956943,
        "mean": 0.00858602672815,
        "min": 3.41950340044e-06,
        "stdev": 0.0220325477421
    },
    "spectral_entropy": {
        "max": 8.52889156342,
        "mean": 6.68052053452,
        "min": 5.0387468338,
        "stdev": 0.607051253319
    },
    "spectral_flux": {
        "max": 0.183376908302,
        "mean": 0.0259526520967,
        "min": 0.00116808735766,
        "stdev": 0.0260322596878
    },
    "spectral_kurtosis": {
        "max": 32.1681976318,
        "mean": 8.65952587128,
        "min": -1.39785921574,
        "stdev": 5.4159245491
    },
    "spectral_rms": {
        "max": 0.0129110105336,
        "mean": 0.00215836358257,
        "min": 7.36678484827e-05,
        "stdev": 0.00226473622024
    },
    "spectral_rolloff": {
        "max": 8419.48242188,
        "mean": 802.153381348,
        "min": 86.1328125,
        "stdev": 1094.89709473
    },
    "spectral_skewness": {
        "max": 4.93328094482,
        "mean": 2.39841580391,
        "min": -0.880076110363,
        "stdev": 0.784722507
    },
    "spectral_spread": {
        "max": 11340896,
        "mean": 4028375.5,
        "min": 1762884.875,
        "stdev": 1348146.375
    },
    "spectral_strongpeak": {
        "max": 9.7033033371,
        "mean": 0.989875674248,
        "min": 0,
        "stdev": 1.6928845644
    },
    "zerocrossingrate": {
        "max": 0.29248046875,
        "mean": 0.0346874855459,
        "min": 0.0029296875,
        "stdev": 0.0329811759293
    },
    "barkbands": {
        "max": [0.000104250459117, 0.00583512568846, 0.0136141711846, 0.00607416778803, 0.0112864933908, 0.00579611118883, 0.0376791991293, 0.162231877446, 0.0394815206528, 0.042006470263, 0.00788787286729, 0.00458913343027, 0.00627478398383, 0.00201123696752, 0.00414092233405, 0.000451446889201, 0.000626605004072, 0.000389420165448, 0.000224876959692, 7.4716299423e-05, 0.000101269703009, 0.000667486747261, 0.000697834533639, 0.000384076236514, 2.83730132651e-05, 1.95174402506e-06, 2.39219986042e-08],
        "mean": [4.61191348222e-06, 0.000286965456326, 0.00029932562029, 7.7845499618e-05, 0.000438082643086, 0.000306391826598, 0.000972334761173, 0.00553327705711, 0.000760784430895, 0.000708609702997, 0.000241665926296, 0.000167028789292, 8.97666977835e-05, 2.88669762085e-05, 2.96329108096e-05, 1.16248465929e-05, 2.00111917366e-05, 1.6348576537e-05, 6.64609069645e-06, 2.26561292038e-06, 5.33035108674e-06, 9.32993134484e-06, 9.41444068303e-06, 4.64277036372e-06, 1.35611821861e-06, 1.05401191774e-07, 4.47330394948e-10],
        "min": [6.8505383588e-09, 2.3440227892e-07, 9.26728702666e-08, 1.1163378133e-07, 2.82246475081e-07, 3.48688047325e-07, 2.31497494951e-07, 5.64313893392e-08, 5.11860029917e-08, 3.36157484071e-08, 1.76670447161e-08, 4.49882087139e-09, 1.05303854525e-08, 8.0923001633e-09, 7.88926168838e-09, 5.64505464595e-09, 9.31783539215e-09, 9.05651376115e-09, 3.65726093854e-09, 1.02686836811e-08, 1.87620443626e-08, 2.92668467239e-08, 2.7575950412e-08, 2.69336517533e-08, 2.47917792962e-08, 1.04357369968e-10, 8.14817172068e-11],
        "stdev": [6.6786979005e-06, 0.000643973704427, 0.000852962723002, 0.000265682581812, 0.000727281207219, 0.000570186180994, 0.00311786774546, 0.0203204508871, 0.00262541393749, 0.00308949430473, 0.000708049570676, 0.000468412326882, 0.000416842434788, 0.000107977357402, 0.000199830217753, 3.07465561491e-05, 5.18592496519e-05, 4.2477495299e-05, 1.73660355358e-05, 5.69400936001e-06, 1.06621264422e-05, 3.4734406654e-05, 3.34347241733e-05, 2.00974918698e-05, 2.79198548014e-06, 1.70845098069e-07, 1.32506838835e-09]
    },
    "erbbands": {
        "max": [0.073043115437, 1.78548264503, 13.757183075, 9.1690454483, 46.4995307922, 23.9298191071, 35.4363327026, 58.94373703, 328.796386719, 1312.50866699, 4454.16943359, 763.679504395, 1589.40576172, 253.022872925, 384.972961426, 218.346420288, 312.100463867, 111.383964539, 88.3738555908, 153.186157227, 19.5052757263, 24.4366645813, 24.9206562042, 12.6827745438, 8.58503913879, 3.41932678223, 3.38479948044, 5.65457201004, 22.2136363983, 22.7336673737, 19.0156135559, 11.6859731674, 2.78959083557, 0.620373129845, 0.141128435731, 0.0265174135566, 0.000835273822304, 4.19786556449e-05, 8.49747011671e-05, 0.000194812222617],
        "mean": [0.00324171897955, 0.0838970318437, 0.341592818499, 0.292523831129, 0.542823851109, 1.81366896629, 2.05664682388, 2.96289372444, 9.86998939514, 43.9844779968, 121.726043701, 27.2120056152, 27.1965332031, 9.43438243866, 11.9934434891, 6.80908536911, 4.45714950562, 1.97972500324, 1.14636480808, 1.24659156799, 0.605655491352, 0.988592207432, 1.1110086441, 0.524837315083, 0.200587555766, 0.113945230842, 0.141273573041, 0.266032367945, 0.318472087383, 0.327331662178, 0.266609877348, 0.143826082349, 0.0521180443466, 0.0222396440804, 0.00614160345867, 0.00126348924823, 4.10970642406e-05, 2.77005551652e-06, 5.23939479535e-06, 1.1514111975e-05],
        "min": [3.88904891224e-06, 6.40683720121e-05, 0.000236198306084, 0.000650453846902, 0.000299066159641, 0.00131668220274, 0.00406521977857, 0.00204725470394, 0.00333918491378, 0.00576115073636, 0.00397049449384, 0.00167305162176, 0.00121622951701, 0.00125087029301, 0.00062801328022, 0.000361563346814, 0.000681117991917, 0.000736472837161, 0.000506256183144, 0.000524129252881, 0.00038062382373, 0.000677546660881, 0.000480730028357, 0.000455615198007, 0.000274713180261, 0.000702966121025, 0.000746956386138, 0.000854299520142, 0.000985210412182, 0.000968285545241, 0.000782979710493, 0.000508852652274, 0.000475078588352, 0.000259110674961, 0.000170380997588, 4.40267904196e-05, 2.12580835068e-06, 1.53555276938e-07, 3.16494173092e-08, 1.09713989005e-08],
        "stdev": [0.00837377086282, 0.181018456817, 0.884370446205, 0.69493162632, 1.79855549335, 2.95606732368, 3.42884588242, 5.81372928619, 28.0767440796, 139.234710693, 524.01739502, 81.7751846313, 117.57585144, 22.4184570312, 37.0290794373, 17.6943397522, 19.8211479187, 6.3058218956, 4.74353408813, 7.62714958191, 1.43313062191, 2.38647818565, 2.66614294052, 1.27934360504, 0.58202457428, 0.28400683403, 0.291692405939, 0.537215232849, 1.24040353298, 1.23307001591, 0.94012606144, 0.636704385281, 0.182730585337, 0.0520494654775, 0.0116347000003, 0.00202266685665, 6.21358994977e-05, 4.29206920671e-06, 1.16635246741e-05, 2.6586383683e-05]
    },
    "gfcc": {
        "mean": [-187.279983521, 132.886276245, -108.078567505, 16.5971984863, -90.8961410522, 13.936709404, -42.1581306458, 4.97565984726, -12.3534612656, -5.73115205765, -8.48375701904, -5.9629650116, -2.48906517029],
        "cov": [[7743.97021484, 168.871948242, -2007.9453125, -778.518920898, -108.494911194, -2.66391277313, 764.531311035, 321.461151123, 648.317993164, -411.443939209, 260.815704346, -40.1915016174, -148.22505188], [168.871948242, 547.168823242, 66.3388290405, -212.48991394, 90.3040771484, -145.675735474, 33.2793579102, -27.592962265, -37.2197418213, -43.6349372864, 15.4550447464, -37.5409584045, -19.950712204], [-2007.9453125, 66.3388290405, 1326.94104004, 470.447845459, -83.5289764404, 94.4414749146, -256.623474121, -183.932800293, -138.005508423, 34.3067131042, -164.069091797, -57.0692176819, -21.3244857788], [-778.518920898, -212.48991394, 470.447845459, 536.543823242, 101.029411316, 107.748291016, -132.010803223, -44.9956054688, -12.3771152496, 76.5125808716, -80.2014007568, -25.9900531769, 37.0095558167], [-108.494911194, 90.3040771484, -83.5289764404, 101.029411316, 312.965545654, 48.2292633057, -3.33829879761, 84.5382461548, -42.3325881958, 89.611366272, 26.8115577698, -19.5626277924, 43.0240516663], [-2.66391277313, -145.675735474, 94.4414749146, 107.748291016, 48.2292633057, 308.080291748, 76.1775665283, 41.2737617493, -11.9729452133, 11.309753418, -12.1812372208, -21.6341533661, -4.84242486954], [764.531311035, 33.2793579102, -256.623474121, -132.010803223, -3.33829879761, 76.1775665283, 308.399200439, 108.482269287, 46.1779403687, -60.9887123108, 65.5467910767, 8.99028396606, -45.5017280579], [321.461151123, -27.592962265, -183.932800293, -44.9956054688, 84.5382461548, 41.2737617493, 108.482269287, 192.593414307, 27.9650802612, 29.8280944824, 52.9438514709, 8.03781700134, -0.516180336475], [648.317993164, -37.2197418213, -138.005508423, -12.3771152496, -42.3325881958, -11.9729452133, 46.1779403687, 27.9650802612, 185.439163208, -17.3177013397, 6.71600580215, 4.880402565, -11.2174806595], [-411.443939209, -43.6349372864, 34.3067131042, 76.5125808716, 89.611366272, 11.309753418, -60.9887123108, 29.8280944824, -17.3177013397, 158.314727783, 31.5396099091, -7.26799106598, 29.3939208984], [260.815704346, 15.4550447464, -164.069091797, -80.2014007568, 26.8115577698, -12.1812372208, 65.5467910767, 52.9438514709, 6.71600580215, 31.5396099091, 106.718826294, 23.480506897, 3.91645789146], [-40.1915016174, -37.5409584045, -57.0692176819, -25.9900531769, -19.5626277924, -21.6341533661, 8.99028396606, 8.03781700134, 4.880402565, -7.26799106598, 23.480506897, 74.7420120239, 31.756729126], [-148.22505188, -19.950712204, -21.3244857788, 37.0095558167, 43.0240516663, -4.84242486954, -45.5017280579, -0.516180336475, -11.2174806595, 29.3939208984, 3.91645789146, 31.756729126, 98.9576339722]],
        "icov": [[0.000466401339509, -0.000435646681581, 0.000680303666741, -0.00035648982157, 0.000362724735169, -0.00035480450606, -5.36027691851e-05, -0.000167029065778, -0.00103566981852, 0.00101108371746, -0.000730920000933, 0.000824015936814, 3.68800720025e-05], [-0.000435646681581, 0.00722996611148, -0.00384978461079, 0.00565697671846, -0.00646661547944, 0.00393881462514, -0.00228183646686, 0.00253338343464, -0.000571368087549, 0.00141319877002, -0.000377277232474, 0.00282542011701, -0.00154825171921], [0.000680303666741, -0.00384978461079, 0.00418858462945, -0.00432489579543, 0.0043075797148, -0.00247707311064, 0.00154379860032, -0.00104878121056, 0.000378513534088, 0.0001091951126, 0.000241987989284, -0.000292317359708, 0.00156799599063], [-0.00035648982157, 0.00565697671846, -0.00432489579543, 0.00832411553711, -0.00658509507775, 0.00222707912326, -0.00147722708061, 0.00233208830468, -0.00181580684148, 0.000137637165608, 0.00108523189556, 0.00172024371568, -0.00197541853413], [0.000362724735169, -0.00646661547944, 0.0043075797148, -0.00658509507775, 0.0113653736189, -0.00362498941831, 0.00211387989111, -0.00426564784721, 0.00239624851383, -0.00283077964559, 1.71370484168e-05, -0.000208054028917, -0.000359826284694], [-0.00035480450606, 0.00393881462514, -0.00247707311064, 0.00222707912326, -0.00362498941831, 0.00646746112034, -0.00305108563043, 0.000851778720971, 0.000402706849854, 0.000114015165309, 0.000773678882979, 0.00217469083145, -0.0013267241884], [-5.36027691851e-05, -0.00228183646686, 0.00154379860032, -0.00147722708061, 0.00211387989111, -0.00305108563043, 0.00757825607434, -0.00321233132854, 0.00016103676171, 0.00211548409425, -0.00260953698307, -0.0015532290563, 0.00273587438278], [-0.000167029065778, 0.00253338343464, -0.00104878121056, 0.00233208830468, -0.00426564784721, 0.000851778720971, -0.00321233132854, 0.00949690490961, -0.00116945256013, -0.0012331121834, -0.000942021841183, -2.09296867979e-05, -9.11703973543e-05], [-0.00103566981852, -0.000571368087549, 0.000378513534088, -0.00181580684148, 0.00239624851383, 0.000402706849854, 0.00016103676171, -0.00116945256013, 0.00951653067023, -0.00284799607471, 0.00248271622695, -0.00231599225663, 0.00070969882654], [0.00101108371746, 0.00141319877002, 0.0001091951126, 0.000137637165608, -0.00283077964559, 0.000114015165309, 0.00211548409425, -0.0012331121834, -0.00284799607471, 0.0135700060055, -0.00725119560957, 0.00506900018081, -0.00171928713098], [-0.000730920000933, -0.000377277232474, 0.000241987989284, 0.00108523189556, 1.71370484168e-05, 0.000773678882979, -0.00260953698307, -0.000942021841183, 0.00248271622695, -0.00725119560957, 0.0178899951279, -0.00631198938936, 0.00105385307688], [0.000824015936814, 0.00282542011701, -0.000292317359708, 0.00172024371568, -0.000208054028917, 0.00217469083145, -0.0015532290563, -2.09296867979e-05, -0.00231599225663, 0.00506900018081, -0.00631198938936, 0.0224702414125, -0.00814925972372], [3.68800720025e-05, -0.00154825171921, 0.00156799599063, -0.00197541853413, -0.000359826284694, -0.0013267241884, 0.00273587438278, -9.11703973543e-05, 0.00070969882654, -0.00171928713098, 0.00105385307688, -0.00814925972372, 0.0154387736693]]
    },
    "melbands": {
        "max": [0.00106212962419, 0.0046593490988, 0.0029806625098, 0.00236996263266, 0.00127438385971, 0.00128334877081, 0.00636042095721, 0.0175599567592, 0.033409498632, 0.00316392444074, 0.00797826517373, 0.00122823601123, 0.0012495474657, 0.00072718312731, 0.00062931550201, 0.000393170572352, 0.000188716847333, 6.0867965658e-05, 0.000461731833639, 4.25774560426e-05, 1.65803012351e-05, 2.21200971282e-05, 4.36007212556e-05, 1.44266250572e-05, 1.20173872347e-05, 1.14145868793e-05, 3.29935755872e-06, 2.36399296227e-06, 2.03299305213e-06, 2.64075174528e-06, 3.76375010092e-06, 1.09198972496e-05, 2.15953350562e-05, 1.27157381939e-05, 1.36701401061e-05, 6.10742426943e-06, 8.05079798738e-06, 2.19721687245e-06, 1.35445532123e-06, 2.91998588864e-07],
        "mean": [5.57863895665e-05, 0.000153566870722, 5.76453458052e-05, 8.12109065009e-05, 8.00117268227e-05, 6.44686006126e-05, 0.000164364450029, 0.000598278827965, 0.000911605951842, 0.000119695912872, 0.00013283547014, 3.56466262019e-05, 3.39880934916e-05, 2.56037583313e-05, 1.33698968057e-05, 6.73919566907e-06, 3.37691858476e-06, 1.43890747495e-06, 2.72446072813e-06, 1.03542436136e-06, 5.95632116074e-07, 8.79661342879e-07, 1.42436533679e-06, 7.7141788779e-07, 3.85869583397e-07, 1.84989346508e-07, 7.54268327796e-08, 7.43197503539e-08, 7.55041469347e-08, 1.21057922797e-07, 1.61916659636e-07, 1.63360482475e-07, 2.11997829069e-07, 1.70931357957e-07, 1.61655592024e-07, 1.2267787497e-07, 7.32486071797e-08, 3.4700804008e-08, 2.89118560204e-08, 1.50706522817e-08],
        "min": [8.60257216573e-08, 1.8105075128e-07, 1.31025615246e-07, 4.4224300666e-08, 1.53759955879e-07, 4.60515323653e-08, 4.25844071117e-08, 6.31650181049e-08, 3.07639460573e-08, 8.71755911902e-09, 4.94244201121e-09, 4.76046269071e-09, 2.18526485796e-09, 1.17333309735e-09, 1.73689285177e-09, 1.17256404586e-09, 9.69128666206e-10, 6.38470221137e-10, 5.24656484924e-10, 5.12191788982e-10, 2.21267545952e-10, 5.82071169042e-10, 2.71609901237e-10, 3.31315169744e-10, 2.79785656448e-11, 5.40219848022e-11, 5.4702013752e-11, 1.85984380674e-10, 2.15367071399e-10, 4.35412650379e-10, 4.76376271763e-10, 5.04210950769e-10, 4.42420544644e-10, 5.16368947601e-10, 4.73036720905e-10, 3.25178911575e-10, 3.14670289825e-10, 3.61462582088e-10, 2.83550682934e-10, 2.03271302568e-10],
        "stdev": [0.000132163317176, 0.000339032529155, 0.000149056242662, 0.000135621943627, 0.00012951863755, 0.000128359097289, 0.00050710933283, 0.0019071190618, 0.00399308279157, 0.000354978925316, 0.000590837211348, 9.14597840165e-05, 0.000104268801806, 6.98223302606e-05, 4.73636719107e-05, 2.6353953217e-05, 1.1303739484e-05, 4.8196257012e-06, 2.20504516619e-05, 2.84327666122e-06, 1.2818105688e-06, 2.04120374292e-06, 4.22762468588e-06, 1.80229505986e-06, 1.00145280157e-06, 6.67022106882e-07, 2.09659233974e-07, 1.88040587545e-07, 1.6142824677e-07, 2.53363310776e-07, 3.34075934916e-07, 5.9478742287e-07, 9.40656207149e-07, 6.54705843317e-07, 6.02254829118e-07, 4.72367560178e-07, 3.68076484847e-07, 1.30692271227e-07, 8.38293416905e-08, 3.23907798361e-08]
    },
    "melbands128": {
        "max": [5.45014372619e-05, 0.000225475581829, 0.00183005502913, 0.00372405466624, 0.00706546613947, 0.0057446276769, 0.00166679301765, 0.00404881173745, 0.00598579039797, 0.00180737860501, 0.00162885384634, 0.00219697179273, 0.00145971309394, 0.00107715185732, 0.00183345121332, 0.00298896338791, 0.00340757635422, 0.00968458782881, 0.0152345309034, 0.017839871347, 0.0399408005178, 0.042012590915, 0.0574856214225, 0.0163208004087, 0.00608406914398, 0.00583732221276, 0.00786317326128, 0.0163700394332, 0.00480959424749, 0.00287403096445, 0.00122835021466, 0.000975198461674, 0.00254392810166, 0.00303032854572, 0.00126550276764, 0.000942022888921, 0.00138300447725, 0.000656254764181, 0.00190706772264, 0.000670087058097, 0.000364246312529, 0.000543772592209, 0.000246307405178, 0.000340773520293, 0.000187245561392, 2.87501479761e-05, 8.8476925157e-05, 0.000962826830801, 0.000325250963215, 7.61974297347e-05, 7.58676978876e-05, 5.73486431676e-05, 9.14529027796e-06, 1.1903257473e-05, 3.54595213139e-05, 2.57168558164e-05, 6.77361167618e-05, 0.000123888574308, 4.75105080113e-05, 2.21746195166e-05, 2.91063242912e-05, 2.06792283279e-05, 3.04195218632e-05, 1.98984016606e-05, 1.87067198567e-05, 2.05145170185e-05, 4.17954697696e-06, 5.198771305e-06, 5.3329331422e-06, 2.87390776066e-06, 3.34132960234e-06, 3.20233107232e-06, 2.31745207202e-06, 2.89783315566e-06, 1.64469281572e-06, 3.75044419343e-06, 2.67091832029e-06, 3.13840268973e-06, 5.28204736838e-06, 5.7428665059e-06, 7.98200471763e-06, 1.48763774632e-05, 2.85770947812e-05, 3.05780667986e-05, 9.67143660091e-06, 1.09510610855e-05, 1.18358711916e-05, 2.22628368647e-05, 1.53040018631e-05, 8.98504367797e-06, 4.72916372019e-06, 6.90335673426e-06, 7.05156708136e-06, 9.88568081084e-06, 8.57861869008e-06, 2.74439980785e-06, 1.23877237002e-06, 1.8460142428e-06, 1.7116071831e-06, 9.01954820165e-07, 4.52754420621e-07, 3.14209216867e-07, 2.19779465738e-07, 6.81858580265e-07, 2.15720447727e-07, 2.54573564007e-07, 1.48129799982e-07, 7.28038500597e-08, 5.18996259302e-08, 8.12176814691e-09, 1.33322783369e-10, 1.29427982221e-10, 1.2814170558e-10, 1.23843782451e-10, 1.20738197218e-10, 1.17039614111e-10, 1.14302581289e-10, 1.1178766246e-10, 1.0828533209e-10, 1.05500254366e-10, 1.02721831041e-10, 1.00591188157e-10, 9.94052826164e-11, 9.76971975541e-11, 9.80858727573e-11, 9.53249354452e-11, 9.44657893576e-11, 9.38210134582e-11],
        "mean": [2.86428326035e-06, 8.46847069624e-06, 6.85604754835e-05, 0.000162223106599, 0.000193898376892, 0.000131081353175, 5.51559132873e-05, 3.97419353249e-05, 4.9775440857e-05, 7.12285327609e-05, 0.000113083762699, 0.000111124274554, 7.02591933077e-05, 4.2263949581e-05, 6.01389292569e-05, 7.7391458035e-05, 9.13034455152e-05, 0.000177716894541, 0.000262665911578, 0.000415820715716, 0.000774792570155, 0.0010912201833, 0.00133388570976, 0.000152902619448, 8.15358071122e-05, 0.000118868294521, 9.5293034974e-05, 0.00021584238857, 6.45534601063e-05, 3.93601076212e-05, 2.87377879431e-05, 1.75279128598e-05, 2.16692351387e-05, 7.0464629971e-05, 2.25561216212e-05, 1.68238384504e-05, 1.87772020581e-05, 7.37183881938e-06, 1.90573045984e-05, 7.2551579251e-06, 3.94594917452e-06, 4.70238592243e-06, 3.36048515237e-06, 3.43668625646e-06, 9.63855086411e-07, 8.85156453023e-07, 1.73126238678e-06, 4.52994754596e-06, 2.01266198019e-06, 6.44606927835e-07, 1.33592141083e-06, 1.06677680378e-06, 3.38548233003e-07, 4.74557992902e-07, 8.91423098892e-07, 6.71942530062e-07, 8.09545724678e-07, 2.4347461931e-06, 1.04494688458e-06, 7.62456636494e-07, 1.09936104309e-06, 4.09844460592e-07, 4.73229817999e-07, 4.00218482355e-07, 1.95560971861e-07, 2.28984347928e-07, 1.30270592535e-07, 9.2165571175e-08, 5.19421377021e-08, 7.13215513315e-08, 6.59324825847e-08, 9.74067475568e-08, 5.75802516778e-08, 8.2139706592e-08, 6.96528843491e-08, 1.1382746834e-07, 1.30330562342e-07, 1.83578904966e-07, 1.64504285749e-07, 1.50508824959e-07, 1.44181370842e-07, 1.67195778999e-07, 2.09730117717e-07, 2.40725398726e-07, 1.88235617316e-07, 1.71238653479e-07, 1.63932114106e-07, 1.71234788127e-07, 1.64993764429e-07, 1.56710527222e-07, 1.3164417112e-07, 1.16758862134e-07, 1.00362264277e-07, 8.04393494036e-08, 5.22124103952e-08, 3.30940004289e-08, 3.0519100136e-08, 3.69346651041e-08, 3.10697672035e-08, 2.37848691853e-08, 2.09874979618e-08, 1.27342296707e-08, 9.18512998993e-09, 9.4716119392e-09, 5.97220006782e-09, 4.87443330144e-09, 4.44687442425e-09, 3.59574503506e-09, 2.16513185158e-09, 2.13883369349e-10, 2.48826415201e-12, 2.379062225e-12, 2.31928972555e-12, 2.26432045856e-12, 2.20499443357e-12, 2.15927471216e-12, 2.11061875442e-12, 2.03519991658e-12, 1.98958774802e-12, 1.96840807543e-12, 1.93332676257e-12, 1.90740890964e-12, 1.87775901599e-12, 1.83921736348e-12, 1.83205924389e-12, 1.82252065002e-12, 1.81462646558e-12, 1.80035869025e-12],
        "min": [3.24624327419e-09, 6.72235778154e-09, 3.29630367446e-08, 4.66082212824e-08, 3.08713410391e-08, 4.8028127253e-08, 4.48585630863e-08, 3.1425997804e-08, 1.20192718001e-08, 1.57098334341e-08, 2.24442118224e-08, 2.92724289253e-09, 2.85199153183e-09, 4.9321030815e-08, 1.44648995004e-08, 1.29025483631e-08, 3.00124511909e-08, 1.86631368138e-08, 2.78345080318e-09, 5.44351266285e-08, 6.61977628269e-09, 9.36747568403e-10, 5.28433563574e-09, 2.96437741021e-09, 2.45282971711e-09, 3.74595199304e-09, 2.1592931887e-09, 5.54985724044e-10, 2.44117437376e-09, 2.17174545014e-09, 9.25837517762e-10, 5.53356915844e-10, 7.99659449768e-10, 4.83608264545e-10, 7.25656534861e-10, 2.6167815137e-10, 1.65644747918e-10, 4.51680137736e-10, 7.05805025536e-10, 6.89874046778e-10, 1.01449815215e-09, 5.68735392115e-10, 3.47297440806e-10, 3.54907714328e-10, 1.04057221173e-10, 5.99677339036e-12, 1.77196257667e-10, 1.87324097206e-11, 1.18452973125e-11, 4.57791964059e-11, 3.96641663958e-10, 1.46918519017e-10, 1.04593261135e-11, 3.84053934488e-11, 2.04999683895e-10, 2.06197808827e-10, 2.85911173209e-11, 9.49005631024e-12, 4.99216605554e-11, 5.71389741078e-11, 6.03188636192e-12, 2.55917466038e-12, 3.23140364293e-12, 8.88391790688e-12, 7.14799920642e-12, 5.26872556e-12, 2.92085799991e-12, 7.22567405215e-12, 6.21000776843e-12, 1.61394387438e-11, 3.0252241684e-11, 2.74655048704e-10, 2.64489541379e-10, 9.47355301845e-12, 4.52233528403e-11, 2.28251612056e-10, 3.41650152613e-10, 2.68667338377e-10, 1.16301072939e-10, 1.31555072391e-10, 1.78222409053e-10, 2.6811006193e-10, 1.68349709173e-10, 2.67767363837e-10, 2.81024287174e-10, 2.9336136298e-10, 2.80659051555e-10, 1.8306417493e-10, 1.54328050339e-10, 3.792822445e-10, 1.42235598299e-11, 2.18463677704e-10, 2.43194103744e-10, 2.34349623041e-10, 7.17695000652e-11, 1.61078844707e-10, 1.72243899699e-10, 3.67942794288e-11, 3.50497200707e-11, 2.57687010619e-10, 1.24204715957e-10, 2.03845731961e-10, 2.64088140245e-10, 1.19676421551e-10, 1.31772093237e-10, 4.1958273661e-11, 2.07927737528e-11, 2.34992776106e-12, 3.60303963314e-13, 2.76451387823e-13, 2.10215186729e-13, 1.78321997468e-13, 1.99882075952e-13, 2.30453161979e-13, 2.1629162491e-13, 2.30778341315e-13, 2.37827037794e-13, 1.68617059876e-13, 1.96729121166e-13, 1.68276457764e-13, 1.708832186e-13, 2.196017348e-13, 2.57988861394e-13, 2.16598359257e-13, 2.38257195006e-13, 2.48860692253e-13, 2.68455044436e-13, 2.41790176206e-13],
        "stdev": [3.88567059417e-06, 2.35569586948e-05, 0.000203898482141, 0.000354809395503, 0.000483772309963, 0.000374870374799, 0.000133954410558, 0.000166007186635, 0.000230003250181, 0.000132134824526, 0.000200801136089, 0.000241583489696, 0.000143324636156, 7.81680064392e-05, 0.000153299843078, 0.000213659310248, 0.000269935408141, 0.000717108254321, 0.00110388419125, 0.00162177032325, 0.0034032613039, 0.00514048757032, 0.00667593069375, 0.000842286914121, 0.000398426287575, 0.000558473810088, 0.000463646341814, 0.00116722844541, 0.000306993490085, 0.000147361366544, 8.74314282555e-05, 7.01835306245e-05, 0.000114929840493, 0.000258904503426, 9.49287496042e-05, 7.23460470908e-05, 7.3928902566e-05, 3.75735398848e-05, 0.000118596552056, 3.98049996875e-05, 1.95078446268e-05, 2.73792957159e-05, 1.42095541378e-05, 1.72473537532e-05, 6.45227873974e-06, 2.33778564507e-06, 6.68584880259e-06, 4.45387086074e-05, 1.62481028383e-05, 2.68333224085e-06, 4.20416290581e-06, 4.01879196943e-06, 9.17809245493e-07, 1.15633349651e-06, 2.60739534497e-06, 2.24650648306e-06, 2.96856751447e-06, 8.89509374247e-06, 4.04867296311e-06, 2.06442473427e-06, 3.12356587528e-06, 1.79230039521e-06, 1.46915806454e-06, 1.18200136967e-06, 9.55683617576e-07, 1.00174111139e-06, 3.9886833747e-07, 2.78947169363e-07, 2.35393500247e-07, 2.36452819991e-07, 2.05317647328e-07, 2.81239948663e-07, 1.37741835715e-07, 2.10979081317e-07, 1.57846571369e-07, 2.90230417477e-07, 2.83824761027e-07, 3.81979617714e-07, 3.90493738678e-07, 3.65424568827e-07, 4.31302566994e-07, 7.54854056595e-07, 1.21739321912e-06, 1.16740079648e-06, 6.28782004242e-07, 6.44065664801e-07, 6.94532673151e-07, 8.30919759665e-07, 6.34447360426e-07, 5.54978896616e-07, 4.45787151193e-07, 5.2677239637e-07, 5.00933879266e-07, 4.30240532978e-07, 3.23476484709e-07, 1.4517559066e-07, 1.00082509391e-07, 1.22780249967e-07, 1.02223069121e-07, 6.99375775071e-08, 4.96218106605e-08, 2.99502964651e-08, 1.74873964198e-08, 2.94399740142e-08, 1.27932509031e-08, 1.10299565037e-08, 8.16833889417e-09, 6.20865181489e-09, 3.84523479724e-09, 5.18596499077e-10, 7.69898034214e-12, 7.40759190099e-12, 7.21206384544e-12, 6.97171834152e-12, 6.75713781803e-12, 6.54438395836e-12, 6.36288331052e-12, 6.19008707139e-12, 6.01350089516e-12, 5.86028144414e-12, 5.71416351736e-12, 5.58937401571e-12, 5.50483313447e-12, 5.40246189798e-12, 5.36867729092e-12, 5.26650945076e-12, 5.21734261696e-12, 5.19422265616e-12]
    },
    "mfcc": {
        "mean": [-828.971984863, 155.318283081, 28.7587947845, 2.18217611313, -12.9021148682, -2.29225802422, -16.0205860138, 3.25895214081, -1.06631839275, -6.65859222412, 1.75973808765, 4.11280918121, -2.47350621223],
        "cov": [[8890.40332031, 21.4678688049, -1957.97595215, -775.645812988, -713.988830566, -268.704376221, -97.4069442749, 800.103210449, 174.03767395, 134.294067383, 488.985839844, 238.373153687, -92.4331054688], [21.4678688049, 795.533569336, -147.667572021, -77.1603927612, -72.9563598633, -149.337295532, 43.3896942139, -40.5550346375, -58.9394493103, -54.8227348328, -12.9171571732, -11.9616098404, 12.5055065155], [-1957.97595215, -147.667572021, 1285.78601074, 259.63293457, 186.157806396, 225.002304077, -97.6905212402, -131.198654175, -21.6987857819, -80.0913925171, -91.2884292603, -37.4247398376, -102.342758179], [-775.645812988, -77.1603927612, 259.63293457, 383.891479492, 204.349578857, 46.6594047546, -6.40227270126, -118.828605652, 27.1937351227, -2.40526723862, -46.2877922058, -18.2429351807, 53.5635604858], [-713.988830566, -72.9563598633, 186.157806396, 204.349578857, 353.212646484, 86.4716033936, 25.2593669891, -128.736862183, 37.7408409119, 52.9308662415, -59.9776382446, -34.3547554016, 33.7218017578], [-268.704376221, -149.337295532, 225.002304077, 46.6594047546, 86.4716033936, 226.752456665, 29.2207565308, -0.774313509464, 24.9937553406, 15.0243034363, 7.01573801041, -2.92227268219, -62.7059059143], [-97.4069442749, 43.3896942139, -97.6905212402, -6.40227270126, 25.2593669891, 29.2207565308, 286.1199646, 54.6817893982, -3.03866386414, 85.3320846558, 1.65918338299, 7.08514642715, 36.1853981018], [800.103210449, -40.5550346375, -131.198654175, -118.828605652, -128.736862183, -0.774313509464, 54.6817893982, 253.83732605, 48.145450592, 5.17755794525, 66.5782089233, 42.7323303223, -36.6939468384], [174.03767395, -58.9394493103, -21.6987857819, 27.1937351227, 37.7408409119, 24.9937553406, -3.03866386414, 48.145450592, 96.7316207886, 37.6170082092, 17.8012065887, 9.21340751648, -0.130295097828], [134.294067383, -54.8227348328, -80.0913925171, -2.40526723862, 52.9308662415, 15.0243034363, 85.3320846558, 5.17755794525, 37.6170082092, 137.803924561, 44.5615577698, 3.15346121788, 26.6241798401], [488.985839844, -12.9171571732, -91.2884292603, -46.2877922058, -59.9776382446, 7.01573801041, 1.65918338299, 66.5782089233, 17.8012065887, 44.5615577698, 149.237319946, 38.2600212097, -28.1773300171], [238.373153687, -11.9616098404, -37.4247398376, -18.2429351807, -34.3547554016, -2.92227268219, 7.08514642715, 42.7323303223, 9.21340751648, 3.15346121788, 38.2600212097, 76.528213501, 16.952419281], [-92.4331054688, 12.5055065155, -102.342758179, 53.5635604858, 33.7218017578, -62.7059059143, 36.1853981018, -36.6939468384, -0.130295097828, 26.6241798401, -28.1773300171, 16.952419281, 139.942672729]],
        "icov": [[0.000286899332423, -2.62437388301e-05, 0.000368345470633, 3.64268344129e-05, 8.19494962343e-05, -7.088536222e-05, 0.000428507919423, -0.000625807850156, 3.89573287976e-05, -0.000315950921504, -0.000195181579329, -0.000298576487694, 0.000177893773071], [-2.62437388301e-05, 0.0016705095768, -4.26794140367e-05, 0.000381533638574, -0.000114225636935, 0.00125594588462, -0.000976031529717, 0.000820753630251, -0.000200642141863, 0.0012894772226, -0.000476525223348, 0.000173050124431, 0.000351594469976], [0.000368345470633, -4.26794140367e-05, 0.0017532488564, -0.000752499501687, 4.46335907327e-05, -0.00108992587775, 0.000962240446825, -0.000770396960434, 0.000726576545276, -0.000377123447834, 0.000445923884399, -0.000698163756169, 0.00111415493302], [3.64268344129e-05, 0.000381533638574, -0.000752499501687, 0.00500117242336, -0.00200033071451, 0.000470591825433, -0.000810902216472, 0.00142488465644, -0.00218982598744, 0.00234887003899, -0.00138223543763, 0.000466770405183, -0.00198216340505], [8.19494962343e-05, -0.000114225636935, 4.46335907327e-05, -0.00200033071451, 0.00602528778836, -0.00162564986385, -1.45840931509e-05, 0.00174094294198, -0.00188586802687, -0.00231495988555, 0.00160978303757, 0.00049577979371, -0.000154725144967], [-7.088536222e-05, 0.00125594588462, -0.00108992587775, 0.000470591825433, -0.00162564986385, 0.00811376422644, -0.00217992067337, 0.000910337723326, -0.00163995299954, 0.00107665720861, -0.000839814601932, -0.000916844466701, 0.00342908408493], [0.000428507919423, -0.000976031529717, 0.000962240446825, -0.000810902216472, -1.45840931509e-05, -0.00217992067337, 0.00691270921379, -0.00399788375944, 0.00374392280355, -0.00558670191094, 0.00187409250066, -0.000665483355988, -0.000900329148863], [-0.000625807850156, 0.000820753630251, -0.000770396960434, 0.00142488465644, 0.00174094294198, 0.000910337723326, -0.00399788375944, 0.00988086499274, -0.00597856193781, 0.00377365062013, -0.00149717309978, -0.00123051856644, 0.00114159320947], [3.89573287976e-05, -0.000200642141863, 0.000726576545276, -0.00218982598744, -0.00188586802687, -0.00163995299954, 0.00374392280355, -0.00597856193781, 0.0173868145794, -0.00622530188411, 0.0016381876776, -0.000946248590481, 0.000242117035668], [-0.000315950921504, 0.0012894772226, -0.000377123447834, 0.00234887003899, -0.00231495988555, 0.00107665720861, -0.00558670191094, 0.00377365062013, -0.00622530188411, 0.0161760188639, -0.00627248547971, 0.00279205595143, -0.0027089191135], [-0.000195181579329, -0.000476525223348, 0.000445923884399, -0.00138223543763, 0.00160978303757, -0.000839814601932, 0.00187409250066, -0.00149717309978, 0.0016381876776, -0.00627248547971, 0.0120493872091, -0.00492877326906, 0.00334552582353], [-0.000298576487694, 0.000173050124431, -0.000698163756169, 0.000466770405183, 0.00049577979371, -0.000916844466701, -0.000665483355988, -0.00123051856644, -0.000946248590481, 0.00279205595143, -0.00492877326906, 0.0183746386319, -0.0053331265226], [0.000177893773071, 0.000351594469976, 0.00111415493302, -0.00198216340505, -0.000154725144967, 0.00342908408493, -0.000900329148863, 0.00114159320947, 0.000242117035668, -0.0027089191135, 0.00334552582353, -0.0053331265226, 0.0127465426922]]
    },
    "spectral_contrast_coeffs": {
        "max": [-0.475358247757, -0.37282165885, -0.468021601439, -0.531797587872, -0.622792422771, -0.662091135979],
        "mean": [-0.714234411716, -0.720103561878, -0.743203520775, -0.807558000088, -0.810505747795, -0.80393153429],
        "min": [-0.94336771965, -0.926715195179, -0.931314885616, -0.935123085976, -0.925494492054, -0.910149991512],
        "stdev": [0.0760320052505, 0.107509039342, 0.0926257744431, 0.0674005076289, 0.0576810538769, 0.0469291061163]
    },
    "spectral_contrast_valleys": {
        "max": [-6.00658798218, -5.44984579086, -5.90474033356, -7.26222419739, -7.40510845184, -9.45757293701],
        "mean": [-8.2301492691, -7.80980873108, -9.08461761475, -9.8490896225, -10.1502389908, -11.9813947678],
        "min": [-10.4381418228, -10.5613031387, -11.7921772003, -12.3100166321, -12.9512834549, -14.329744339],
        "stdev": [0.739601910114, 0.917391598225, 1.00122380257, 0.9106772542, 0.910701155663, 0.726318180561]
    }
},
"rhythm": {
    "beats_count": 70,
    "beats_loudness": {
        "max": 0.135670050979,
        "mean": 0.0123229492456,
        "min": 2.97852311633e-05,
        "stdev": 0.026702998206
    },
    "bpm": 137.315582275,
    "bpm_histogram_first_peak_bpm": 136,
    "bpm_histogram_first_peak_weight": 0.483870983124,
    "bpm_histogram_second_peak_bpm": 148,
    "bpm_histogram_second_peak_spread": 0.400000035763,
    "bpm_histogram_second_peak_weight": 0.130434781313,
    "danceability": 0.888513684273,
    "onset_rate": 2.83007788658,
    "beats_loudness_band_ratio": {
        "max": [0.825959980488, 0.852257966995, 0.956797719002, 0.523715078831, 0.215887501836, 0.849838197231],
        "mean": [0.256476014853, 0.230459049344, 0.435243368149, 0.0833142250776, 0.0168994758278, 0.0359283164144],
        "min": [0.00305098621175, 0.00737776001915, 0.00644147023559, 0.00134929758497, 0.000220333997277, 0.000671925663482],
        "stdev": [0.253958255053, 0.22597053647, 0.28377777338, 0.111457079649, 0.0324349552393, 0.145562469959]
    },
