{
"metadata": {
    "version": {
        "essentia": "2.1-beta5",
        "essentia_git_sha": "Undefined",
        "extractor": "music 2.0"
    },
    "audio_properties": {
        "analysis": {
            "equal_loudness": 0,
            "length": 26.4707489014,
            "sample_rate": 44100,
            "start_time": 256.487609863,
            "downmix": "mix"
        },
        "bit_rate": 192000,
        "length": 282.9815979,
        "lossless": 0,
        "number_channels": 2,
        "replay_gain": -0.355422973633,
        "sample_rate": 44100,
        "codec": "mp3",
        "md5_encoded": "e657d779016504f7b2ae80a960b73c3c"
    },
    "tags": {
        "file_name": "Italy_Nel Blu Dipinto Di Blu_Domenico Modugno.mp3",
        "encoding": ["Lavf58.29.100"]
    }
},
"lowlevel": {
    "average_loudness": 0.808860003948,
    "barkbands_crest": {
        "max": 24.1143894196,
        "mean": 8.51334476471,
        "min": 2.78611087799,
        "stdev": 4.46256780624
    },
    "barkbands_flatness_db": {
        "max": 0.339542925358,
        "mean": 0.164574921131,
        "min": 0.0454838201404,
        "stdev": 0.0565621033311
    },
    "barkbands_kurtosis": {
        "max": 43.4875640869,
        "mean": 2.2481200695,
        "min": -1.38721549511,
        "stdev": 4.30154371262
    },
    "barkbands_skewness": {
        "max": 5.51553821564,
        "mean": 0.826485931873,
        "min": -1.95353484154,
        "stdev": 1.09633350372
    },
    "barkbands_spread": {
        "max": 54.1048469543,
        "mean": 13.5272808075,
        "min": 1.66623842716,
        "stdev": 7.19221067429
    },
    "dissonance": {
        "max": 0.500000059605,
        "mean": 0.454981833696,
        "min": 0.18773008883,
        "stdev": 0.0514939315617
    },
    "dynamic_complexity": 5.65530347824,
    "erbbands_crest": {
        "max": 24.392156601,
        "mean": 8.45966243744,
        "min": 2.28273296356,
        "stdev": 3.6828687191
    },
    "erbbands_flatness_db": {
        "max": 0.392582625151,
        "mean": 0.229123324156,
        "min": 0.0681536048651,
        "stdev": 0.0555032268167
    },
    "erbbands_kurtosis": {
        "max": 13.8467826843,
        "mean": 0.62941378355,
        "min": -1.82233214378,
        "stdev": 1.70356607437
    },
    "erbbands_skewness": {
        "max": 2.90040636063,
        "mean": 0.299340009689,
        "min": -1.17646920681,
        "stdev": 0.594585239887
    },
    "erbbands_spread": {
        "max": 104.139190674,
        "mean": 23.1118354797,
        "min": 3.01508903503,
        "stdev": 16.6477584839
    },
    "hfc": {
        "max": 104.25969696,
        "mean": 12.1284704208,
        "min": 1.16655971534e-16,
        "stdev": 15.1345882416
    },
    "loudness_ebu128": {
        "integrated": -25.4484577179,
        "loudness_range": 5.96578407288,
        "momentary": {
            "max": -20.5387630463,
            "mean": -28.0096645355,
            "min": -57.1535415649,
            "stdev": 6.15245914459
        },
        "short_term": {
            "max": -22.2961082458,
            "mean": -26.1194381714,
            "min": -29.9060001373,
            "stdev": 1.83000469208
        }
    },
    "melbands_crest": {
        "max": 28.4284534454,
        "mean": 10.3473939896,
        "min": 1.00071072578,
        "stdev": 5.10382127762
    },
    "melbands_flatness_db": {
        "max": 0.398651868105,
        "mean": 0.206617340446,
        "min": -2.6748784876e-07,
        "stdev": 0.0773322805762
    },
    "melbands_kurtosis": {
        "max": 103.580322266,
        "mean": 5.47907161713,
        "min": -1.38127017021,
        "stdev": 10.6886110306
    },
    "melbands_skewness": {
        "max": 8.15995693207,
        "mean": 1.3387387991,
        "min": -0.860664486885,
        "stdev": 1.45259654522
    },
    "melbands_spread": {
        "max": 143.543365479,
        "mean": 20.4540519714,
        "min": 2.49707007408,
        "stdev": 12.8720254898
    },
    "pitch_salience": {
        "max": 0.996095240116,
        "mean": 0.693967461586,
        "min": 0.265569716692,
        "stdev": 0.10730997473
    },
    "silence_rate_20dB": {
        "max": 1,
        "mean": 1,
        "min": 1,
        "stdev": 0
    },
    "silence_rate_30dB": {
        "max": 1,
        "mean": 0.99737071991,
        "min": 0,
        "stdev": 0.0512089841068
    },
    "silence_rate_60dB": {
        "max": 1,
        "mean": 0.31551271677,
        "min": 0,
        "stdev": 0.464719325304
    },
    "spectral_centroid": {
        "max": 11297.3808594,
        "mean": 1166.21203613,
        "min": 320.056793213,
        "stdev": 809.219177246
    },
    "spectral_complexity": {
        "max": 48,
        "mean": 15.3716039658,
        "min": 0,
        "stdev": 9.25490951538
    },
    "spectral_decrease": {
        "max": 7.02471969415e-28,
        "mean": -3.75761199933e-09,
        "min": -3.39176509101e-08,
        "stdev": 4.59755655768e-09
    },
    "spectral_energy": {
        "max": 0.137469425797,
        "mean": 0.0152821755037,
        "min": 1.0516445536e-20,
        "stdev": 0.0186263043433
    },
    "spectral_energyband_high": {
        "max": 0.00279875774868,
        "mean": 0.000131448556203,
        "min": 7.45258308741e-21,
        "stdev": 0.000353507813998
    },
    "spectral_energyband_low": {
        "max": 0.0218117404729,
        "mean": 0.000674745126162,
        "min": 3.30050220404e-23,
        "stdev": 0.00123556610197
    },
    "spectral_energyband_middle_high": {
        "max": 0.0462989807129,
        "mean": 0.00482183974236,
        "min": 1.48158155225e-21,
        "stdev": 0.00638564210385
    },
    "spectral_energyband_middle_low": {
        "max": 0.108171202242,
        "mean": 0.0101320864633,
        "min": 2.29112091256e-22,
        "stdev": 0.0141347162426
    },
    "spectral_entropy": {
        "max": 9.80604934692,
        "mean": 7.33705091476,
        "min": 5.73729753494,
        "stdev": 0.537036895752
    },
    "spectral_flux": {
        "max": 0.233588397503,
        "mean": 0.0625046119094,
        "min": 6.44232514557e-11,
        "stdev": 0.0433850549161
    },
    "spectral_kurtosis": {
        "max": 55.8559684753,
        "mean": 10.9236459732,
        "min": -1.2050075531,
        "stdev": 9.14304065704
    },
    "spectral_rms": {
        "max": 0.0115808686242,
        "mean": 0.00321671948768,
        "min": 3.20311529037e-12,
        "stdev": 0.00213591963984
    },
    "spectral_rolloff": {
        "max": 19056.8847656,
        "mean": 1440.38464355,
        "min": 172.265625,
        "stdev": 1483.24243164
    },
    "spectral_skewness": {
        "max": 5.61795091629,
        "mean": 2.1817317009,
        "min": -0.023495638743,
        "stdev": 0.843039035797
    },
    "spectral_spread": {
        "max": 40856616,
        "mean": 3013442.5,
        "min": 1021540.4375,
        "stdev": 2849958.5
    },
    "spectral_strongpeak": {
        "max": 7.71705341339,
        "mean": 0.905440986156,
        "min": 0,
        "stdev": 1.04985904694
    },
    "zerocrossingrate": {
        "max": 0.5146484375,
        "mean": 0.0531601756811,
        "min": 0.01318359375,
        "stdev": 0.0401897281408
    },
    "barkbands": {
        "max": [0.000148884762893, 0.00101241935045, 0.0169338807464, 0.00935437530279, 0.0279334746301, 0.0206498969346, 0.0413523316383, 0.0652538836002, 0.0878025144339, 0.026962602511, 0.010871630162, 0.0333349630237, 0.0110376589, 0.0147805819288, 0.0045241387561, 0.00488197105005, 0.00358968880028, 0.00145225902088, 0.00232544331811, 0.000844942522235, 0.00074527686229, 0.000810682598967, 0.000504652562086, 0.000598116370384, 0.000321498606354, 8.16193423816e-05, 3.26475060319e-08],
        "mean": [1.19137221191e-05, 7.14607595e-05, 0.000318918406265, 0.000670578563586, 0.00210802513175, 0.00143474875949, 0.00184034928679, 0.00177924428135, 0.00194493681192, 0.00122574181296, 0.000593317032326, 0.000709129322786, 0.000720851472579, 0.000631060160231, 0.000335413817083, 0.000249105069088, 0.000246885290835, 0.000103781596408, 0.00011968670151, 5.18588312843e-05, 3.65816813428e-05, 3.0329605579e-05, 1.82883850357e-05, 1.96792152565e-05, 9.2544760264e-06, 1.0571770872e-06, 6.86936452166e-10],
        "min": [8.46447909074e-24, 1.33412992484e-23, 4.9631274571e-24, 6.46143976781e-24, 3.67219721204e-24, 2.12980169734e-23, 2.93661297469e-23, 3.44896929739e-23, 4.25527381049e-23, 3.30581439337e-23, 3.55945210706e-23, 5.05864944082e-23, 8.99592237636e-23, 4.31431310727e-23, 1.26956699244e-22, 3.71559071494e-23, 1.06106297726e-22, 1.1019420018e-22, 2.89388864671e-22, 2.47072320988e-22, 4.58603593053e-22, 4.87407037782e-22, 5.19855600495e-22, 6.46336635546e-22, 1.00508745215e-21, 1.31770487522e-21, 2.33631933552e-21],
        "stdev": [1.4963713511e-05, 0.000101121979242, 0.000907979672775, 0.00121410225984, 0.00397852854803, 0.00258778827265, 0.00433866120875, 0.00548773771152, 0.00642345007509, 0.00285704480484, 0.0010755652329, 0.0020634252578, 0.00121443974786, 0.00122924719471, 0.000499639776535, 0.000391468842281, 0.000415357673774, 0.000158906725119, 0.000252140976954, 0.000104862207081, 9.31827235036e-05, 8.93855540198e-05, 4.9975085858e-05, 6.63542377879e-05, 3.48204739566e-05, 4.90664888275e-06, 1.44173317729e-09]
    },
    "erbbands": {
        "max": [0.0120107522234, 0.55189293623, 13.4990215302, 23.7126121521, 75.1775665283, 164.895599365, 205.475814819, 219.491668701, 338.796813965, 1105.76965332, 1744.4230957, 1931.68408203, 832.106994629, 782.988098145, 408.967224121, 1400.46398926, 603.272644043, 507.668640137, 443.933288574, 417.138977051, 252.964614868, 138.971435547, 74.7232055664, 115.182411194, 86.2655029297, 51.449256897, 34.0204353333, 24.751783371, 27.5503864288, 19.3485717773, 16.7913475037, 13.1653079987, 9.5211763382, 4.26639413834, 2.17020487785, 0.854426145554, 0.0283725075424, 0.000869073846843, 9.99362528091e-05, 0.000159840958077],
        "mean": [0.00134707184043, 0.0239798724651, 0.282682478428, 1.37577235699, 3.40007996559, 8.52244567871, 11.4283189774, 12.1309652328, 18.4805622101, 38.8859329224, 39.0176887512, 48.6495170593, 37.4809799194, 29.4296665192, 24.5434341431, 32.5957107544, 34.9061737061, 33.7870597839, 19.845911026, 19.7601013184, 13.6876125336, 11.4544963837, 6.25517416, 6.86563825607, 4.666410923, 2.54986619949, 1.61253166199, 1.20684182644, 1.02403104305, 0.777990341187, 0.583988308907, 0.436173915863, 0.260825425386, 0.137934491038, 0.0541566126049, 0.0139949088916, 0.000469782185974, 1.84337768587e-05, 9.7616466519e-06, 1.82948951988e-05],
        "min": [2.29447729483e-22, 2.06092655463e-21, 6.70547743556e-21, 2.69348522076e-20, 1.34094846868e-20, 1.47935775715e-20, 1.14735844623e-19, 1.96562463672e-19, 3.04289012429e-19, 5.43431761354e-19, 8.97613904339e-19, 7.93601267285e-19, 8.59181438718e-19, 1.44643304132e-18, 1.49271638154e-18, 2.8422453175e-18, 4.04231915698e-18, 3.30862773803e-18, 4.65818117922e-18, 5.66087876441e-18, 3.42523332103e-18, 5.8922043722e-18, 6.20572071361e-18, 1.10124424377e-17, 1.25319674327e-17, 1.16804056716e-17, 1.51383465413e-17, 2.0751016806e-17, 1.56420465947e-17, 1.5721105209e-17, 1.40441966947e-17, 1.3279186977e-17, 1.13547430101e-17, 9.575319521e-18, 8.18622188345e-18, 4.43468235438e-18, 2.73914407838e-18, 1.12375743239e-18, 3.40910572893e-19, 3.41495732091e-20],
        "stdev": [0.00151740084402, 0.0426328293979, 0.77953261137, 2.26620006561, 6.76039123535, 18.7643566132, 21.3480129242, 23.4853172302, 36.3893280029, 97.3916702271, 115.46282959, 160.494949341, 82.3408737183, 61.1282196045, 42.2084007263, 88.9384231567, 60.6052894592, 57.9703521729, 31.8089885712, 34.1064033508, 19.7416877747, 17.0278587341, 8.98818683624, 13.7381916046, 9.481798172, 5.32267141342, 3.88067817688, 3.00102162361, 2.91575860977, 2.21545791626, 1.70816087723, 1.42027258873, 0.90411490202, 0.496248275042, 0.217781916261, 0.0610235147178, 0.00207863026299, 6.88079671818e-05, 1.33379389808e-05, 2.21920072363e-05]
    },
    "gfcc": {
        "mean": [-103.056686401, 133.06892395, -162.763763428, 8.61783981323, -63.8900985718, 8.75725650787, -45.5928878784, 0.868433475494, -21.9123382568, -7.44067621231, -7.66170787811, -13.3091583252, -2.46100950241],
        "cov": [[16680.4042969, 932.778503418, -2534.35327148, -305.828735352, -941.457763672, -310.16494751, -456.500976562, -283.859619141, -153.297195435, -390.562194824, 36.6714096069, -329.455108643, -65.0817718506], [932.778503418, 1443.09985352, 63.291885376, -481.984863281, 178.273452759, -554.081298828, -4.98974084854, -151.547912598, -50.0452690125, -193.145477295, 51.0751686096, -181.897567749, -53.5109863281], [-2534.35327148, 63.291885376, 987.02557373, 155.062973022, 44.939125061, -109.077270508, -46.4792137146, 12.9681863785, -93.1191940308, 2.3625266552, -51.6553039551, 35.2158851624, -39.4841575623], [-305.828735352, -481.984863281, 155.062973022, 522.140136719, -19.9942646027, 162.987182617, -115.788352966, -5.44512605667, -47.5960350037, 40.8770141602, -24.1862735748, 86.098739624, 25.6947650909], [-941.457763672, 178.273452759, 44.939125061, -19.9942646027, 239.690795898, -69.5572509766, 0.58062595129, -26.8396682739, 6.78603601456, -11.9846973419, 17.7383842468, -5.09814119339, 11.0782060623], [-310.16494751, -554.081298828, -109.077270508, 162.987182617, -69.5572509766, 441.560424805, 64.9763031006, 77.5047988892, 27.5901889801, 120.207962036, -49.1669960022, 85.4728775024, 43.3306465149], [-456.500976562, -4.98974084854, -46.4792137146, -115.788352966, 0.58062595129, 64.9763031006, 166.309768677, 56.5249328613, 35.561870575, 16.2199726105, 6.90624237061, -12.5227966309, 0.687715351582], [-283.859619141, -151.547912598, 12.9681863785, -5.44512605667, -26.8396682739, 77.5047988892, 56.5249328613, 121.977340698, 40.5220451355, 52.8744277954, -7.50679063797, 18.5344524384, -7.21577072144], [-153.297195435, -50.0452690125, -93.1191940308, -47.5960350037, 6.78603601456, 27.5901889801, 35.561870575, 40.5220451355, 106.026298523, 36.7644958496, 11.7056789398, -5.8405995369, 2.82101225853], [-390.562194824, -193.145477295, 2.3625266552, 40.8770141602, -11.9846973419, 120.207962036, 16.2199726105, 52.8744277954, 36.7644958496, 99.9744873047, 1.93846905231, 33.2633209229, 5.05076980591], [36.6714096069, 51.0751686096, -51.6553039551, -24.1862735748, 17.7383842468, -49.1669960022, 6.90624237061, -7.50679063797, 11.7056789398, 1.93846905231, 58.0102233887, 4.82049179077, -5.55202627182], [-329.455108643, -181.897567749, 35.2158851624, 86.098739624, -5.09814119339, 85.4728775024, -12.5227966309, 18.5344524384, -5.8405995369, 33.2633209229, 4.82049179077, 72.3786087036, 30.1256313324], [-65.0817718506, -53.5109863281, -39.4841575623, 25.6947650909, 11.0782060623, 43.3306465149, 0.687715351582, -7.21577072144, 2.82101225853, 5.05076980591, -5.55202627182, 30.1256313324, 52.0654754639]],
        "icov": [[0.000446351798018, -0.000604515371379, 0.00125418184325, -0.000327275221935, 0.00181040249299, -0.000263110065134, 0.00147640379146, -0.000699044030625, 0.00082005612785, 0.000764632422943, -5.41871850146e-05, 0.000810507743154, 0.000173294887645], [-0.000604515371379, 0.00315463589504, -0.00203280337155, 0.00192473258357, -0.00338652729988, 0.00149826018605, -0.00165884383023, 0.00163592759054, -0.000193241095985, -0.000298205501167, -0.000944054336287, 0.00196205545217, -0.00147912313696], [0.00125418184325, -0.00203280337155, 0.00532674696296, -0.0017359474441, 0.00485497666523, 0.000901817693375, 0.00293179810978, -0.00183669477701, 0.00320905307308, 0.000541956105735, 0.00344253238291, -0.00119395880029, 0.00312943384051], [-0.000327275221935, 0.00192473258357, -0.0017359474441, 0.00464400695637, -0.00203939666972, -0.00107837293763, 0.00205599190667, 0.000585441594012, 0.000438319257228, 0.000846823677421, -0.00179453846067, 0.000217261025682, -0.00107684661634], [0.00181040249299, -0.00338652729988, 0.00485497666523, -0.00203939666972, 0.0124705657363, -0.000723407545593, 0.00526027800515, -0.0020253311377, 0.00224239379168, 0.00223210989498, -0.000816006213427, 0.00249803881161, -0.000801271817181], [-0.000263110065134, 0.00149826018605, 0.000901817693375, -0.00107837293763, -0.000723407545593, 0.00893690437078, -0.00575395394117, 0.00244349846616, 0.000488250661874, -0.00715719489381, 0.00875771325082, -0.0064368438907, 0.000884190958459], [0.00147640379146, -0.00165884383023, 0.00293179810978, 0.00205599190667, 0.00526027800515, -0.00575395394117, 0.017048612237, -0.00781334284693, 0.00240542273968, 0.00671950401738, -0.00740500399843, 0.00988469459116, -0.00358056230471], [-0.000699044030625, 0.00163592759054, -0.00183669477701, 0.000585441594012, -0.0020253311377, 0.00244349846616, -0.00781334284693, 0.0168223045766, -0.00484010996297, -0.00661992840469, 0.00582630885765, -0.00779137015343, 0.00599163630977], [0.00082005612785, -0.000193241095985, 0.00320905307308, 0.000438319257228, 0.00224239379168, 0.000488250661874, 0.00240542273968, -0.00484010996297, 0.0163570903242, -0.00369832781143, -0.002577240346, 0.0070073553361, -0.00339912227355], [0.000764632422943, -0.000298205501167, 0.000541956105735, 0.000846823677421, 0.00223210989498, -0.00715719489381, 0.00671950401738, -0.00661992840469, -0.00369832781143, 0.0243047755212, -0.00785349309444, 0.00144665001426, 0.00128581142053], [-5.41871850146e-05, -0.000944054336287, 0.00344253238291, -0.00179453846067, -0.000816006213427, 0.00875771325082, -0.00740500399843, 0.00582630885765, -0.002577240346, -0.00785349309444, 0.0332095585763, -0.0190083347261, 0.0116899581626], [0.000810507743154, 0.00196205545217, -0.00119395880029, 0.000217261025682, 0.00249803881161, -0.0064368438907, 0.00988469459116, -0.00779137015343, 0.0070073553361, 0.00144665001426, -0.0190083347261, 0.0449493527412, -0.0229230765253], [0.000173294887645, -0.00147912313696, 0.00312943384051, -0.00107684661634, -0.000801271817181, 0.000884190958459, -0.00358056230471, 0.00599163630977, -0.00339912227355, 0.00128581142053, 0.0116899581626, -0.0229230765253, 0.0356895215809]]
    },
    "melbands": {
        "max": [0.000200520124054, 0.00496719544753, 0.00430297339335, 0.0071265315637, 0.00618706597015, 0.00453930022195, 0.00591981457546, 0.0105638736859, 0.0125409280881, 0.0103319035843, 0.00431349920109, 0.00300543801859, 0.00119710201398, 0.00486509827897, 0.00294522219338, 0.00110051967204, 0.00118875119369, 0.00103041343391, 0.000326275418047, 0.000518173619639, 0.000307858776068, 0.000187772209756, 0.000181219016667, 7.94262523414e-05, 0.000105370061647, 9.46248546825e-05, 5.23312883161e-05, 3.05167232e-05, 1.36320104502e-05, 3.05974463117e-05, 1.34632837216e-05, 2.1081930754e-05, 1.47786849993e-05, 9.41764028539e-06, 9.84403231996e-06, 8.56480073708e-06, 7.64218293625e-06, 7.3991127465e-06, 5.2246668929e-06, 3.76728939955e-06],
        "mean": [1.65381916304e-05, 0.000115789727715, 0.000298942206427, 0.000402708101319, 0.000425612641266, 0.000271764205536, 0.000309786119033, 0.000431184947956, 0.000330643670168, 0.000284582929453, 0.000185521814274, 0.000126479106257, 7.66510638641e-05, 8.11529898783e-05, 8.75882324181e-05, 6.4364168793e-05, 6.48038476356e-05, 3.36255325237e-05, 2.50414086622e-05, 2.2615548005e-05, 1.60333111126e-05, 1.32487803057e-05, 7.87413500802e-06, 4.45248224423e-06, 5.70662996324e-06, 4.09731910622e-06, 2.53575149145e-06, 1.39786482123e-06, 8.03590864962e-07, 1.10830046651e-06, 6.20393791451e-07, 6.40797281903e-07, 4.90918750984e-07, 3.75798435925e-07, 3.45670514434e-07, 2.88626551992e-07, 2.46425457817e-07, 1.91553098716e-07, 1.54779627337e-07, 1.0643395143e-07],
        "min": [3.8328424245e-24, 4.29108383574e-24, 3.8636001112e-24, 9.33949879239e-25, 3.54413313826e-24, 4.27278857362e-24, 5.52301162382e-24, 6.40891504216e-24, 6.86461553241e-24, 5.29706568891e-24, 4.22099630532e-24, 5.63074556878e-24, 5.22946464807e-24, 5.03559182542e-24, 7.21979147752e-24, 5.76852288689e-24, 4.78990977396e-24, 6.90998607852e-24, 8.79962191316e-24, 5.50416415907e-24, 3.71881179179e-24, 5.85153787539e-24, 6.41372748811e-24, 4.82924237869e-24, 8.54547222874e-24, 9.89865582657e-24, 5.86699994357e-24, 8.23440780774e-24, 8.8973097145e-24, 1.16989642077e-23, 1.0613123993e-23, 8.0248926622e-24, 9.43348663886e-24, 7.91237822015e-24, 8.16121334864e-24, 7.75319476694e-24, 8.05851075853e-24, 7.33871778101e-24, 8.07593275162e-24, 7.87222125577e-24],
        "stdev": [1.93714768102e-05, 0.000278589315712, 0.000483024865389, 0.000764960073866, 0.000767434947193, 0.000499051122461, 0.000651130336337, 0.00108569918666, 0.000993959489278, 0.000913069816306, 0.000421502802055, 0.000275382335531, 0.00013046922686, 0.000240677734837, 0.000189447775483, 0.000103569735074, 0.000122030854982, 6.33180970908e-05, 3.69001718354e-05, 4.12049848819e-05, 2.43846170633e-05, 2.12028771784e-05, 1.30363250719e-05, 7.08592733645e-06, 1.197140773e-05, 9.42165115703e-06, 5.12507040185e-06, 3.08217749989e-06, 1.6862099983e-06, 3.17297758556e-06, 1.53460212005e-06, 1.90150956314e-06, 1.51401116e-06, 1.00135571302e-06, 1.00058821317e-06, 8.96207893675e-07, 8.22797915134e-07, 6.64704145947e-07, 5.59854527182e-07, 3.90706276221e-07]
    },
    "melbands128": {
        "max": [7.19803938409e-05, 9.79286123766e-05, 0.000256582861766, 0.000657869328279, 0.00508525874466, 0.00916885677725, 0.00562466261908, 0.00593507802114, 0.00906106736511, 0.00871608033776, 0.0125930272043, 0.0116617511958, 0.0102561702952, 0.00803806167096, 0.00791697669774, 0.00470635714009, 0.00475676031783, 0.00929962191731, 0.0176686439663, 0.0215248372406, 0.0184599198401, 0.020853376016, 0.0186169371009, 0.0334827452898, 0.0200782995671, 0.0106639415026, 0.00643989350647, 0.00616006506607, 0.00975540839136, 0.00437102932483, 0.00653143785894, 0.00226636393927, 0.00180297065526, 0.00218265224248, 0.0031812407542, 0.0108159333467, 0.00680469395593, 0.00415423791856, 0.00157661049161, 0.00238631712273, 0.000667995249387, 0.00106743746437, 0.00144478154834, 0.00328523525968, 0.00309494626708, 0.000569801719394, 0.000813215505332, 0.000322568404954, 0.000415290414821, 0.0011947095627, 0.000456436799141, 0.000267733150395, 0.000485372467665, 0.000305885972921, 0.000543380156159, 0.000230629724683, 0.000135153037263, 0.000483101321151, 0.000122809666209, 6.25483517069e-05, 9.65144135989e-05, 0.000129342573928, 0.000270043325145, 0.00012890623475, 0.000164957280504, 0.000165829449543, 0.000124108642922, 0.000120124132081, 6.34928801446e-05, 7.14856869308e-05, 4.02450568799e-05, 2.24168834393e-05, 9.00343547983e-06, 1.03503507489e-05, 2.422468242e-05, 7.70183178247e-05, 9.72674206423e-06, 1.86387351278e-05, 1.50503337863e-05, 1.81567920663e-05, 5.29745411768e-05, 2.17067135964e-05, 9.56637722993e-06, 2.68072544714e-05, 2.15231229959e-05, 1.05986600829e-05, 9.34944364417e-06, 1.00175202533e-05, 1.11241470222e-05, 1.43473871503e-05, 1.12430961963e-05, 5.99643635724e-06, 1.67931211763e-05, 1.05339640868e-05, 5.09178744323e-06, 1.61279494932e-05, 6.53619281366e-06, 4.97492328577e-06, 8.96503843251e-06, 5.6469516494e-06, 4.33323612015e-06, 8.2371661847e-06, 2.66467145593e-06, 5.19543436894e-06, 3.21687411997e-06, 2.38591610469e-06, 2.76180662695e-06, 2.26224983635e-06, 2.72769057119e-06, 5.2433347264e-07, 1.84752380061e-10, 1.74963571409e-10, 1.69156619267e-10, 1.70883654449e-10, 1.6905873923e-10, 1.58299331976e-10, 1.56722149147e-10, 1.50523801756e-10, 1.48450515769e-10, 1.5226563066e-10, 1.4361647982e-10, 1.36126374062e-10, 1.30201086024e-10, 1.35356503783e-10, 1.23809296149e-10, 1.34016409081e-10, 1.30062113857e-10, 1.24490348585e-10],
        "mean": [7.20020170775e-06, 7.61256887927e-06, 1.89133988897e-05, 3.61789097951e-05, 0.000103029575257, 0.000171822815901, 0.000254076905549, 0.000368889624951, 0.000329173286445, 0.000316780555295, 0.000535644881893, 0.000506886746734, 0.000376176467398, 0.000357675802661, 0.000303987006191, 0.000184390606591, 0.000232384947594, 0.000298920320347, 0.000455256667919, 0.000455306755612, 0.000439351366367, 0.000329667411279, 0.000267370633082, 0.000383539387258, 0.000398159143515, 0.000206170880119, 0.00012788407912, 0.000192274077563, 0.000243111964664, 0.000132003289764, 9.88272222457e-05, 7.75681328378e-05, 6.67089552735e-05, 9.4550785434e-05, 5.70253723708e-05, 8.78295177245e-05, 9.83260761132e-05, 7.3535447882e-05, 0.000101504367194, 7.69167018007e-05, 4.84565316583e-05, 5.91884891037e-05, 6.53923634673e-05, 7.51189509174e-05, 4.10651264247e-05, 2.60814395006e-05, 2.3666971174e-05, 2.13272214751e-05, 2.43257090915e-05, 3.76175630663e-05, 1.98004072445e-05, 1.29701775222e-05, 1.16545406854e-05, 1.92217812582e-05, 2.23512888624e-05, 9.65142498899e-06, 8.64290086611e-06, 1.10562177724e-05, 6.39988411422e-06, 4.47292768513e-06, 3.83404585591e-06, 3.6288715819e-06, 8.29558757687e-06, 4.68264306619e-06, 5.28002328792e-06, 4.54415658169e-06, 2.92674803859e-06, 2.92375580102e-06, 2.16712237489e-06, 2.57889814748e-06, 1.42806823078e-06, 9.3051011163e-07, 6.0101950794e-07, 5.68870518691e-07, 1.06905008579e-06, 2.01596299121e-06, 4.84047461669e-07, 5.10318329816e-07, 6.28604766462e-07, 6.5193393084e-07, 9.99319127004e-07, 4.21877928147e-07, 3.80683758294e-07, 5.11617997745e-07, 6.1376482563e-07, 3.5851800817e-07, 3.61243621683e-07, 2.55747153233e-07, 3.60558999546e-07, 4.11874879092e-07, 2.3951406547e-07, 2.11977308595e-07, 4.55789489706e-07, 1.7540325814e-07, 1.4772275847e-07, 3.39159981877e-07, 1.29745970412e-07, 1.15041714821e-07, 2.55843389141e-07, 8.4190759253e-08, 9.44338225395e-08, 1.59669824029e-07, 5.16419902397e-08, 7.87345584286e-08, 6.62237695792e-08, 3.36051861893e-08, 6.0007380398e-08, 1.92851317138e-08, 3.86787206708e-08, 4.8703028277e-09, 3.87216430794e-12, 3.61507763828e-12, 3.53578581344e-12, 3.45250911193e-12, 3.3671043384e-12, 3.29677431188e-12, 3.22461393525e-12, 3.10092728405e-12, 3.04637608542e-12, 3.02969303291e-12, 2.97327050133e-12, 2.93309343827e-12, 2.8743923474e-12, 2.82343874843e-12, 2.8194337056e-12, 2.83651726239e-12, 2.81924418706e-12, 2.7836190384e-12],
        "min": [4.70752824077e-24, 2.07334181795e-24, 1.52540662597e-24, 2.70305121883e-24, 3.47214997509e-24, 1.72004277015e-24, 5.46884409533e-24, 2.9271768572e-24, 5.30549585098e-25, 1.3508221427e-24, 4.91729739952e-25, 7.55376126377e-25, 1.27860005329e-24, 5.33893448146e-24, 4.57531633634e-24, 2.73480878672e-24, 4.01833596662e-24, 2.82206390259e-24, 4.65744346189e-24, 4.26272744164e-24, 4.02140463554e-24, 5.97951832992e-24, 4.15395062255e-24, 6.28527332261e-24, 3.31650101317e-24, 1.86642439137e-24, 1.11975866989e-24, 2.4344557163e-24, 4.14477617023e-24, 3.36375812013e-24, 3.47824313672e-24, 1.73611758603e-24, 3.78909890402e-24, 3.42079710231e-24, 3.6854208874e-24, 1.97067393772e-24, 4.64366087859e-24, 4.66014057733e-24, 7.66092644002e-24, 3.6510170856e-24, 4.72389986556e-24, 1.66555397806e-24, 1.80733160982e-24, 1.91659574773e-24, 5.15506678167e-24, 1.09856951099e-23, 4.04000479239e-24, 8.18016494303e-24, 8.45810036146e-24, 3.69214158788e-24, 2.24254912946e-24, 3.84009797268e-24, 2.59275485643e-24, 3.54403571394e-24, 5.06709340795e-24, 6.72730719211e-24, 2.1186741043e-24, 5.86865260716e-24, 3.42222217953e-24, 6.3748756941e-24, 3.1798367778e-24, 4.84955633587e-24, 7.84387748344e-24, 7.63550618621e-24, 8.00804417098e-24, 4.93812608843e-24, 5.19262523823e-24, 6.93869509344e-24, 2.95553818168e-24, 4.03940841355e-24, 8.37799942515e-24, 7.29322180602e-24, 5.4304687733e-24, 6.42041032327e-24, 4.55441349451e-24, 7.65439151628e-24, 1.06014551625e-23, 1.01413551949e-23, 7.965304476e-24, 7.02284525278e-24, 6.45873160832e-24, 5.69601000362e-24, 6.8721199662e-24, 9.37265520788e-24, 7.37746662867e-24, 5.77906404074e-24, 7.27747614235e-24, 4.10894019146e-24, 4.98554648959e-24, 4.6334857562e-24, 6.91445576441e-24, 6.01443449688e-24, 4.3001797964e-24, 7.12569614874e-24, 6.79214209219e-24, 6.08244574539e-24, 6.82068465746e-24, 6.92259759781e-24, 7.04608982822e-24, 6.11703769051e-24, 7.99214704602e-24, 6.75873541058e-24, 6.94040455502e-24, 8.03254697956e-24, 5.93409177469e-24, 6.02861111621e-24, 5.30481506402e-24, 9.66227286746e-24, 5.93149997219e-24, 6.39366517757e-24, 5.03691908389e-24, 6.61925454734e-24, 8.6490678094e-24, 7.72506793137e-24, 6.64097583237e-24, 7.06504931121e-24, 6.01858706068e-24, 8.90433925402e-24, 8.664978345e-24, 7.41040314919e-24, 7.00454446864e-24, 9.18662208491e-24, 7.86582990471e-24, 9.67770614221e-24, 8.34504239425e-24, 8.03263769856e-24, 7.92129155951e-24, 5.48601128635e-24],
        "stdev": [8.52253833727e-06, 1.08701842692e-05, 2.32498532569e-05, 6.17864425294e-05, 0.000333795615006, 0.000464600947453, 0.00047377703595, 0.000708298292011, 0.000827706302516, 0.000817646330688, 0.00133748387452, 0.00131774588954, 0.000885368324816, 0.000832694058772, 0.00077970843995, 0.000397898984374, 0.00052436668193, 0.00079735275358, 0.00147717213258, 0.00146056874655, 0.00166206073482, 0.00135503429919, 0.00116667943075, 0.00192395539489, 0.00162238359917, 0.000813411432318, 0.000440368428826, 0.00055582949426, 0.000765620381571, 0.000365819054423, 0.000317262340104, 0.000204935771762, 0.000148030143464, 0.0002037579834, 0.000181497787707, 0.000433542823885, 0.000375026924303, 0.000229446013691, 0.000214070576476, 0.000184075310244, 7.84358198871e-05, 0.000104516133433, 0.000129044303321, 0.000204879339435, 0.000134530419018, 4.73717082059e-05, 4.75730666949e-05, 3.39469152095e-05, 4.2649324314e-05, 9.10818562261e-05, 3.96732830268e-05, 2.2179176085e-05, 2.31150243053e-05, 3.34094074788e-05, 4.9378919357e-05, 2.00022932404e-05, 1.45280509969e-05, 2.54297137872e-05, 1.13777796287e-05, 7.24040955902e-06, 7.0515520747e-06, 7.11274697096e-06, 2.31454978348e-05, 9.8427217381e-06, 1.25146425489e-05, 1.35495647555e-05, 7.29295788915e-06, 7.32895477995e-06, 4.69235237688e-06, 6.63589798933e-06, 3.62727723768e-06, 2.09521613215e-06, 1.07077721623e-06, 1.14122929062e-06, 2.79999335362e-06, 6.9051770879e-06, 1.05816798168e-06, 1.3785528381e-06, 1.65353367265e-06, 1.74723061264e-06, 3.66172048416e-06, 1.35764128117e-06, 9.48136005263e-07, 1.9363105821e-06, 2.06931485991e-06, 1.03637626125e-06, 9.26317227368e-07, 7.13892006843e-07, 1.07333084998e-06, 1.36142489282e-06, 8.11815141333e-07, 6.13182749021e-07, 1.65949006714e-06, 7.39073414024e-07, 4.53469795048e-07, 1.30858859393e-06, 4.93519848987e-07, 3.83361623335e-07, 9.94795982479e-07, 3.18534091548e-07, 3.28362744995e-07, 6.78210312799e-07, 1.72557506062e-07, 3.65950626247e-07, 2.85898323682e-07, 1.50254408027e-07, 2.6106124551e-07, 1.16478496182e-07, 1.81320956472e-07, 3.14982955274e-08, 8.59364922973e-12, 8.08813172687e-12, 7.78337030244e-12, 7.65409697429e-12, 7.46594019246e-12, 7.12302179046e-12, 6.95234841919e-12, 6.69684663626e-12, 6.55004175898e-12, 6.54167258557e-12, 6.29159701768e-12, 6.05938172901e-12, 5.88412391728e-12, 5.92099936789e-12, 5.65384458001e-12, 5.80829481733e-12, 5.702386046e-12, 5.57254589695e-12]
    },
    "mfcc": {
        "mean": [-724.853393555, 159.082199097, -36.7983856201, -1.03492999077, -2.83507299423, -3.09404373169, -7.6674413681, -2.96714091301, -7.81897068024, -1.88500440121, -3.4947206974, -3.48961639404, -3.27780413628],
        "cov": [[11556.0839844, 11.6053314209, -1260.86767578, -447.043243408, -524.452392578, -278.420837402, -352.455444336, -107.971870422, -329.476165771, -48.1781005859, -114.522743225, -121.653564453, -150.233306885], [11.6053314209, 2075.34277344, -175.32484436, 53.3179512024, -49.1268501282, -382.171905518, -54.7784957886, -113.033599854, -164.658401489, -58.0302696228, -17.6010799408, -104.418746948, -5.00843334198], [-1260.86767578, -175.32484436, 726.680358887, 196.76133728, 63.0497741699, 10.1528768539, 19.5399208069, -10.2246408463, 9.60077953339, -62.1732673645, -27.7066574097, -3.46480989456, -23.0296936035], [-447.043243408, 53.3179512024, 196.76133728, 343.192504883, 149.832901001, -54.4560661316, -26.5782928467, -31.6982555389, -92.1860961914, -58.4417076111, -38.9937286377, -54.8812141418, -16.0873889923], [-524.452392578, -49.1268501282, 63.0497741699, 149.832901001, 205.924926758, 43.6476173401, -20.3584308624, -22.4579143524, -23.6105861664, -35.6510848999, -16.8602390289, -15.6785154343, -10.0114946365], [-278.420837402, -382.171905518, 10.1528768539, -54.4560661316, 43.6476173401, 224.770217896, 51.4064712524, 20.9444293976, 70.9214401245, 4.79733705521, -4.6922082901, 35.4995346069, -11.0617160797], [-352.455444336, -54.7784957886, 19.5399208069, -26.5782928467, -20.3584308624, 51.4064712524, 103.51990509, 38.2444610596, 26.0000782013, 11.0494766235, 4.47124147415, 8.82125091553, 5.1810092926], [-107.971870422, -113.033599854, -10.2246408463, -31.6982555389, -22.4579143524, 20.9444293976, 38.2444610596, 69.1676330566, 40.123134613, 17.4742145538, 11.1086597443, 11.8002433777, 9.06775474548], [-329.476165771, -164.658401489, 9.60077953339, -92.1860961914, -23.6105861664, 70.9214401245, 26.0000782013, 40.123134613, 119.468048096, 47.6263961792, 18.1596317291, 34.1803474426, 9.64652061462], [-48.1781005859, -58.0302696228, -62.1732673645, -58.4417076111, -35.6510848999, 4.79733705521, 11.0494766235, 17.4742145538, 47.6263961792, 84.2314453125, 40.5565872192, 20.4448165894, 15.1096134186], [-114.522743225, -17.6010799408, -27.7066574097, -38.9937286377, -16.8602390289, -4.6922082901, 4.47124147415, 11.1086597443, 18.1596317291, 40.5565872192, 68.8474502563, 34.6698799133, 8.60908126831], [-121.653564453, -104.418746948, -3.46480989456, -54.8812141418, -15.6785154343, 35.4995346069, 8.82125091553, 11.8002433777, 34.1803474426, 20.4448165894, 34.6698799133, 67.8279495239, 20.4960384369], [-150.233306885, -5.00843334198, -23.0296936035, -16.0873889923, -10.0114946365, -11.0617160797, 5.1810092926, 9.06775474548, 9.64652061462, 15.1096134186, 8.60908126831, 20.4960384369, 53.8914604187]],
        "icov": [[0.000195663422346, 0.000105131570308, 0.000290308147669, 0.00014063945855, 0.000494675361551, 6.85286649968e-05, 0.000607964990195, -0.00012644045637, 0.000657080498058, -4.51282357972e-05, 0.000474583270261, -9.19631565921e-05, 0.000644249841571], [0.000105131570308, 0.00093143095728, 0.000420587224653, 0.000287257891614, 7.07443323336e-05, 0.00170530250762, -0.000656640273519, 0.00146130123176, -8.77890706761e-05, 0.000818093132693, -0.000106191298983, 0.000557341147214, 0.000416881928686], [0.000290308147669, 0.000420587224653, 0.00255922484212, -0.00156477745622, 0.00137189286761, 0.000876467558555, -0.000196231412701, 0.00127570726909, -0.001453980105, 0.00215028692037, 0.000282178662019, -0.000865069800057, 0.00165520247538], [0.00014063945855, 0.000287257891614, -0.00156477745622, 0.00778600340709, -0.00461667217314, 0.00171198055614, 0.000301235064398, -0.00141513848212, 0.00515418825671, -0.00159207603429, 0.00179878319614, 0.00205073086545, 0.000233702798141], [0.000494675361551, 7.07443323336e-05, 0.00137189286761, -0.00461667217314, 0.0106877526268, -0.00351102137938, 0.00347374775447, 0.00105942122173, -0.000255202583503, 0.00260945642367, -0.00116986350622, 0.00077593117021, 0.000552134646568], [6.85286649968e-05, 0.00170530250762, 0.000876467558555, 0.00171198055614, -0.00351102137938, 0.0116073042154, -0.00562499510124, 0.00395734515041, -0.00445172516629, 0.0021757024806, 0.00279283057898, -0.00371183967218, 0.00399267813191], [0.000607964990195, -0.000656640273519, -0.000196231412701, 0.000301235064398, 0.00347374775447, -0.00562499510124, 0.0173237007111, -0.00940859038383, 0.00482945656404, -0.00220699096099, 0.0013255571248, 0.00092592719011, 0.000238633248955], [-0.00012644045637, 0.00146130123176, 0.00127570726909, -0.00141513848212, 0.00105942122173, 0.00395734515041, -0.00940859038383, 0.0256817061454, -0.0098191704601, 0.00431488128379, -0.0039011084009, 0.00216479110532, -0.00215380149893], [0.000657080498058, -8.77890706761e-05, -0.001453980105, 0.00515418825671, -0.000255202583503, -0.00445172516629, 0.00482945656404, -0.0098191704601, 0.0235772803426, -0.0116411913186, 0.00667374068871, -0.00404318980873, 0.00248269177973], [-4.51282357972e-05, 0.000818093132693, 0.00215028692037, -0.00159207603429, 0.00260945642367, 0.0021757024806, -0.00220699096099, 0.00431488128379, -0.0116411913186, 0.0261303000152, -0.0142616843805, 0.0055716522038, -0.00427179224789], [0.000474583270261, -0.000106191298983, 0.000282178662019, 0.00179878319614, -0.00116986350622, 0.00279283057898, 0.0013255571248, -0.0039011084009, 0.00667374068871, -0.0142616843805, 0.0306375771761, -0.0158449839801, 0.00679140491411], [-9.19631565921e-05, 0.000557341147214, -0.000865069800057, 0.00205073086545, 0.00077593117021, -0.00371183967218, 0.00092592719011, 0.00216479110532, -0.00404318980873, 0.0055716522038, -0.0158449839801, 0.0304314494133, -0.0109139783308], [0.000644249841571, 0.000416881928686, 0.00165520247538, 0.000233702798141, 0.000552134646568, 0.00399267813191, 0.000238633248955, -0.00215380149893, 0.00248269177973, -0.00427179224789, 0.00679140491411, -0.0109139783308, 0.0262483675033]]
    },
    "spectral_contrast_coeffs": {
        "max": [-0.387743830681, -0.429314732552, -0.502973735332, -0.620174646378, -0.587528347969, -0.700898528099],
        "mean": [-0.684855997562, -0.77702331543, -0.800287723541, -0.820453584194, -0.791897058487, -0.79351568222],
        "min": [-0.98443120718, -0.991187512875, -0.970837831497, -0.963146269321, -0.969871163368, -0.963322520256],
        "stdev": [0.11399666965, 0.101567156613, 0.067525960505, 0.0490290224552, 0.0513896346092, 0.0375303402543]
    },
    "spectral_contrast_valleys": {
        "max": [-5.66959476471, -4.73560762405, -5.37780761719, -5.82533502579, -6.31680202484, -8.70205307007],
        "mean": [-7.94636964798, -6.95660066605, -7.32422733307, -7.61102676392, -8.54980373383, -11.6640701294],
        "min": [-27.4183120728, -27.5811843872, -27.4331283569, -27.2199573517, -27.3810253143, -27.2845745087],
        "stdev": [1.56301128864, 1.74314200878, 1.76984882355, 1.77249979973, 1.68831002712, 1.48655235767]
    }
},
"rhythm": {
    "beats_count": 58,
    "beats_loudness": {
        "max": 0.0969893932343,
        "mean": 0.0257920287549,
        "min": 8.62246724864e-06,
        "stdev": 0.0234422124922
    },
    "bpm": 109.71333313,
    "bpm_histogram_first_peak_bpm": 110,
    "bpm_histogram_first_peak_weight": 0.333333313465,
    "bpm_histogram_second_peak_bpm": 148,
    "bpm_histogram_second_peak_spread": 0.5,
    "bpm_histogram_second_peak_weight": 0.192982450128,
    "danceability": 1.1321297884,
    "onset_rate": 2.79431295395,
    "beats_loudness_band_ratio": {
        "max": [0.831073880196, 0.868968963623, 0.828151106834, 0.666265070438, 0.476137578487, 0.103898264468],
        "mean": [0.134111106396, 0.221593156457, 0.343227595091, 0.227493301034, 0.0996032059193, 0.0181538872421],
        "min": [0.00561622017995, 0.00933318492025, 0.0145327048376, 0.0169541910291, 0.00175298308022, 0.000269201002084],
        "stdev": [0.171827942133, 0.207641556859, 0.241737291217, 0.165312036872, 0.103907555342, 0.0221576895565]
    },
    "beats_position": [0.371519267559, 0.754648506641, 1.13777780533, 1.52090704441, 1.88081634045, 2.24072551727, 2.60063481331, 2.97215414047, 3.34367346764, 3.70358276367, 4.07510185242, 4.446621418, 4.81814050674, 5.18965959549, 5.56117916107, 5.9675283432, 6.38548755646, 6.79183673859, 7.19818592072, 7.61614513397, 8.03410434723, 8.45206356049, 8.87002277374, 9.26476192474, 9.65950107574, 10.0658502579, 10.47219944, 10.866938591, 11.261677742, 11.6680269241, 12.0627660751, 12.4691152573, 12.8754644394, 13.2818136215, 13.6881628036, 14.1061220169, 14.512471199, 15.0581407547, 15.5921993256, 16.1378688812, 16.6835365295, 17.2292060852, 17.7748756409, 18.3205432892, 18.8546028137, 19.458322525, 20.062040329, 20.6657600403, 21.2114276886, 21.7570972443, 22.3143768311, 22.8716545105, 23.4173240662, 23.974603653, 24.5202713013, 25.0659408569, 25.6116104126, 26.168888092],
