{
"metadata": {
    "version": {
        "essentia": "2.1-beta5",
        "essentia_git_sha": "Undefined",
        "extractor": "music 2.0"
    },
    "audio_properties": {
        "analysis": {
            "equal_loudness": 0,
            "length": 48.7502937317,
            "sample_rate": 44100,
            "start_time": 61.4980506897,
            "downmix": "mix"
        },
        "bit_rate": 192000,
        "length": 179.199996948,
        "lossless": 0,
        "number_channels": 2,
        "replay_gain": -7.16928291321,
        "sample_rate": 48000,
        "codec": "mp3",
        "md5_encoded": "506108a1c92af5cfd99361d8b8411651"
    },
    "tags": {
        "file_name": "Netherlands_Heel De Wereld_Corry Brokken.mp3",
        "encoding": ["Lavf58.29.100"]
    }
},
"lowlevel": {
    "average_loudness": 0.545415222645,
    "barkbands_crest": {
        "max": 25.9971065521,
        "mean": 12.8462123871,
        "min": 2.92457151413,
        "stdev": 4.85482883453
    },
    "barkbands_flatness_db": {
        "max": 0.419589906931,
        "mean": 0.250344187021,
        "min": 0.0557251647115,
        "stdev": 0.049944460392
    },
    "barkbands_kurtosis": {
        "max": 131.396759033,
        "mean": 7.35743808746,
        "min": -1.87433087826,
        "stdev": 10.3205966949
    },
    "barkbands_skewness": {
        "max": 10.4691963196,
        "mean": 1.62859129906,
        "min": -5.0183801651,
        "stdev": 1.31708920002
    },
    "barkbands_spread": {
        "max": 73.0229797363,
        "mean": 9.54625415802,
        "min": 0.880712330341,
        "stdev": 7.77045440674
    },
    "dissonance": {
        "max": 0.49981713295,
        "mean": 0.415649235249,
        "min": 0.199717625976,
        "stdev": 0.049893245101
    },
    "dynamic_complexity": 4.8017950058,
    "erbbands_crest": {
        "max": 32.2660102844,
        "mean": 14.1230154037,
        "min": 2.98735833168,
        "stdev": 6.20703935623
    },
    "erbbands_flatness_db": {
        "max": 0.448258727789,
        "mean": 0.285332888365,
        "min": 0.12105153501,
        "stdev": 0.0449819862843
    },
    "erbbands_kurtosis": {
        "max": 74.4607162476,
        "mean": 4.32706642151,
        "min": -1.86936497688,
        "stdev": 7.26784181595
    },
    "erbbands_skewness": {
        "max": 6.52460384369,
        "mean": 1.24873054028,
        "min": -6.61022090912,
        "stdev": 1.21746635437
    },
    "erbbands_spread": {
        "max": 109.455970764,
        "mean": 19.0282745361,
        "min": 2.01924681664,
        "stdev": 12.5345897675
    },
    "hfc": {
        "max": 110.495849609,
        "mean": 12.452498436,
        "min": 0.00686790980399,
        "stdev": 16.1951389313
    },
    "loudness_ebu128": {
        "integrated": -18.9207344055,
        "loudness_range": 9.76116943359,
        "momentary": {
            "max": -12.5151033401,
            "mean": -21.5431041718,
            "min": -44.926612854,
            "stdev": 5.09386444092
        },
        "short_term": {
            "max": -14.3408527374,
            "mean": -20.3639202118,
            "min": -27.6930866241,
            "stdev": 3.48134946823
        }
    },
    "melbands_crest": {
        "max": 33.04479599,
        "mean": 15.8308134079,
        "min": 4.66992044449,
        "stdev": 6.18118190765
    },
    "melbands_flatness_db": {
        "max": 0.45267817378,
        "mean": 0.2683570683,
        "min": 0.0724996104836,
        "stdev": 0.0624652281404
    },
    "melbands_kurtosis": {
        "max": 179.486602783,
        "mean": 10.7629079819,
        "min": -1.9119938612,
        "stdev": 14.6826200485
    },
    "melbands_skewness": {
        "max": 9.68061256409,
        "mean": 1.84169661999,
        "min": -1.37830030918,
        "stdev": 1.38224816322
    },
    "melbands_spread": {
        "max": 247.93699646,
        "mean": 13.8629693985,
        "min": 1.16668152809,
        "stdev": 15.7988986969
    },
    "pitch_salience": {
        "max": 0.845257043839,
        "mean": 0.537115395069,
        "min": 0.124751754105,
        "stdev": 0.112982548773
    },
    "silence_rate_20dB": {
        "max": 1,
        "mean": 1,
        "min": 1,
        "stdev": 0
    },
    "silence_rate_30dB": {
        "max": 1,
        "mean": 0.99714422226,
        "min": 0,
        "stdev": 0.0533627979457
    },
    "silence_rate_60dB": {
        "max": 1,
        "mean": 0.230366498232,
        "min": 0,
        "stdev": 0.421068996191
    },
    "spectral_centroid": {
        "max": 6419.1484375,
        "mean": 970.930114746,
        "min": 300.349639893,
        "stdev": 580.223022461
    },
    "spectral_complexity": {
        "max": 25,
        "mean": 9.64921474457,
        "min": 0,
        "stdev": 4.77791166306
    },
    "spectral_decrease": {
        "max": -1.45859095201e-12,
        "mean": -3.51893292283e-09,
        "min": -3.67413939273e-08,
        "stdev": 4.06982092471e-09
    },
    "spectral_energy": {
        "max": 0.145122751594,
        "mean": 0.0144107630476,
        "min": 6.39667814539e-06,
        "stdev": 0.0167108308524
    },
    "spectral_energyband_high": {
        "max": 0.0177018679678,
        "mean": 0.000105190083559,
        "min": 1.85086676652e-07,
        "stdev": 0.0005567962653
    },
    "spectral_energyband_low": {
        "max": 0.0159729495645,
        "mean": 0.00034453891567,
        "min": 1.5491318095e-07,
        "stdev": 0.000979006872512
    },
    "spectral_energyband_middle_high": {
        "max": 0.0788569226861,
        "mean": 0.00513615831733,
        "min": 7.07758999852e-07,
        "stdev": 0.00908822007477
    },
    "spectral_energyband_middle_low": {
        "max": 0.143819659948,
        "mean": 0.00981314014643,
        "min": 2.90137700176e-06,
        "stdev": 0.0127691952512
    },
    "spectral_entropy": {
        "max": 8.42309379578,
        "mean": 6.7023692131,
        "min": 5.3375287056,
        "stdev": 0.458180218935
    },
    "spectral_flux": {
        "max": 0.265464305878,
        "mean": 0.0489793121815,
        "min": 0.00160109717399,
        "stdev": 0.0341442935169
    },
    "spectral_kurtosis": {
        "max": 52.5388069153,
        "mean": 10.3558721542,
        "min": -1.29075264931,
        "stdev": 7.71446704865
    },
    "spectral_rms": {
        "max": 0.0118988733739,
        "mean": 0.00323731196113,
        "min": 7.8997858509e-05,
        "stdev": 0.00189184956253
    },
    "spectral_rolloff": {
        "max": 9668.40820312,
        "mean": 1159.3314209,
        "min": 150.732421875,
        "stdev": 949.460266113
    },
    "spectral_skewness": {
        "max": 5.62125396729,
        "mean": 2.2214448452,
        "min": -0.904396414757,
        "stdev": 0.874990642071
    },
    "spectral_spread": {
        "max": 14751767,
        "mean": 2868521.75,
        "min": 1262930.375,
        "stdev": 973130
    },
    "spectral_strongpeak": {
        "max": 10.6722707748,
        "mean": 1.55267679691,
        "min": 0.00109847926069,
        "stdev": 1.66767072678
    },
    "zerocrossingrate": {
        "max": 0.34130859375,
        "mean": 0.0410825572908,
        "min": 0.00927734375,
        "stdev": 0.0252712927759
    },
    "barkbands": {
        "max": [1.83910906344e-05, 0.00607774825767, 0.0122946696356, 0.00111085583922, 0.0213324092329, 0.0391981415451, 0.139732524753, 0.0242576040328, 0.0671812444925, 0.102143697441, 0.0511143729091, 0.0177791006863, 0.00630650762469, 0.012438358739, 0.00578496186063, 0.0100507671013, 0.00451352167875, 0.00761740934104, 0.0078734299168, 0.00248708971776, 0.000887960544787, 0.0135284569114, 0.00307077658363, 0.000894279684871, 0.000271889410214, 3.95168945033e-06, 4.22570292358e-06],
        "mean": [9.54149754762e-07, 0.000155260655447, 0.000160889860126, 6.55356125208e-05, 0.000846873328555, 0.00110671424773, 0.00293293013237, 0.000889586401172, 0.00192080426496, 0.00326661905274, 0.000902110361494, 0.000376386771677, 0.000176430403371, 0.000264935020823, 0.000132140106871, 0.000271244411124, 0.000201712362468, 0.000330964277964, 0.000254656915786, 6.29571077297e-05, 6.65984816806e-06, 3.78751174139e-05, 2.49220720434e-05, 1.69760169229e-05, 4.60188266516e-06, 2.56614218763e-09, 2.71484279502e-09],
        "min": [2.52740606221e-09, 4.12453502463e-08, 2.83379737454e-08, 2.31479369006e-08, 2.0890149699e-07, 3.92033570051e-07, 3.90851852217e-07, 1.12080535075e-07, 2.86628903723e-07, 1.07791350956e-07, 6.69112054652e-08, 2.45901752294e-08, 1.51101353651e-08, 3.5762941053e-08, 5.65514177708e-08, 2.88845338758e-08, 3.43820865112e-08, 3.58921283805e-08, 3.26959188612e-08, 3.23128155344e-08, 3.23432089999e-08, 1.58827635488e-08, 2.28188667961e-08, 2.60902695004e-08, 2.09623660652e-08, 2.05162276057e-11, 2.89160639877e-11],
        "stdev": [1.48351443841e-06, 0.000446522142738, 0.000726484751794, 0.000121434735775, 0.00184324884322, 0.00227328413166, 0.00642912415788, 0.00222470634617, 0.00612324476242, 0.00945825129747, 0.00426418334246, 0.00120164791588, 0.000470078695798, 0.000851461489219, 0.000401537778089, 0.000893070129678, 0.000541114713997, 0.000795562111307, 0.000694748770911, 0.000176132496563, 3.16163313983e-05, 0.000393762544263, 0.00011700320465, 5.16541513207e-05, 1.65438395925e-05, 8.63903864001e-08, 9.2373035443e-08]
    },
    "erbbands": {
        "max": [0.0874076262116, 1.6190340519, 13.3734703064, 7.28125572205, 5.18226575851, 71.93384552, 186.606918335, 469.986175537, 735.646362305, 2363.50268555, 787.645263672, 1890.44470215, 3961.99438477, 940.059997559, 2683.01293945, 898.079223633, 270.501251221, 469.231445312, 677.476318359, 222.48600769, 694.458190918, 320.590026855, 309.6668396, 340.032928467, 222.499526978, 111.369400024, 19.0537452698, 127.430801392, 528.250061035, 252.158615112, 59.0332641602, 34.6297454834, 9.39256191254, 5.34112930298, 0.333703607321, 0.0157506261021, 0.00731532415375, 0.00261205434799, 0.000601299514528, 0.000163606368005],
        "mean": [0.0019390557427, 0.045334700495, 0.183198362589, 0.195613846183, 0.560549199581, 3.26459240913, 6.08141136169, 12.2314138412, 39.5826683044, 31.857334137, 18.8085803986, 47.3052139282, 119.417945862, 37.6893119812, 39.3031578064, 18.5709056854, 8.65895843506, 10.5707712173, 11.9357614517, 9.4162902832, 13.0913629532, 12.4767923355, 16.4040737152, 17.1485843658, 8.65315437317, 2.65110707283, 0.547268271446, 0.366616934538, 1.14073503017, 1.33950734138, 0.624031662941, 0.462412625551, 0.218942090869, 0.0979295223951, 0.00610022619367, 0.000209851263207, 2.55392442341e-05, 6.13370730207e-06, 8.72902728588e-06, 1.7316218873e-05],
        "min": [2.43981480708e-06, 1.85189728654e-05, 6.73711620038e-05, 7.196614024e-05, 0.000115648268547, 0.00060958560789, 0.00201266771182, 0.00239436514676, 0.00506024807692, 0.00717424042523, 0.0100573329255, 0.00536146387458, 0.00377951352857, 0.00328252394684, 0.00146397796925, 0.000978762865998, 0.000784592295531, 0.00209117215127, 0.00205429294147, 0.00392750184983, 0.00153566757217, 0.00218592933379, 0.00148081465159, 0.00266896188259, 0.00158619403373, 0.00157309800852, 0.00170016498305, 0.000997912720777, 0.000601774838287, 0.000674661016092, 0.000706481572706, 0.00062467972748, 0.000434077432146, 0.000339409249136, 7.49283935875e-05, 2.54465453509e-06, 2.37802012748e-07, 4.91020486493e-08, 1.56983048782e-08, 1.01937258634e-08],
        "stdev": [0.00617513712496, 0.126044765115, 0.732571780682, 0.442670732737, 0.697313725948, 6.93569278717, 14.2571792603, 24.574426651, 68.8350753784, 102.733291626, 45.0098228455, 155.883300781, 375.955993652, 77.2337036133, 205.245285034, 56.3985862732, 19.5767993927, 32.7921905518, 39.8231277466, 19.4073200226, 47.9777565002, 34.4400482178, 36.9661064148, 39.1177482605, 23.051607132, 6.53809213638, 1.27884805202, 4.10776042938, 14.5799102783, 8.78153705597, 2.31300735474, 1.60740447044, 0.616540133953, 0.318937778473, 0.0184708107263, 0.000645698746666, 0.000165743913385, 5.77006212552e-05, 1.62641372299e-05, 2.0047842554e-05]
    },
    "gfcc": {
        "mean": [-129.240402222, 138.885223389, -165.195617676, 6.11011552811, -90.5894165039, -9.61869335175, -43.7699699402, 0.167301461101, -6.45169210434, -25.8461761475, 10.8229951859, -17.6933441162, 4.49893951416],
        "cov": [[5726.98632812, -1354.28918457, -1293.06005859, 380.028656006, 71.9461288452, 156.373321533, 99.3737030029, 550.884521484, 66.8579483032, -385.852478027, 432.17489624, 107.453071594, -213.93649292], [-1354.28918457, 1337.52441406, 515.475280762, -111.102287292, 347.313049316, -220.355926514, 150.699478149, -195.239868164, 56.1276092529, 126.424537659, -115.771789551, -101.430633545, 59.2473449707], [-1293.06005859, 515.475280762, 950.875976562, 129.073028564, -27.522769928, 20.1951675415, -13.4730854034, -11.978430748, 49.6681556702, 125.03477478, -105.609771729, -32.0647697449, 52.5472297668], [380.028656006, -111.102287292, 129.073028564, 486.442260742, 113.029701233, 3.45398974419, -47.9075088501, 122.56362915, 127.361907959, 63.5029449463, -8.04467201233, 54.8437080383, -27.3762512207], [71.9461288452, 347.313049316, -27.522769928, 113.029701233, 362.340484619, -72.1669998169, -0.748136818409, 56.2228469849, 72.7430267334, 33.2525901794, -0.274876713753, 5.01406002045, -5.50971317291], [156.373321533, -220.355926514, 20.1951675415, 3.45398974419, -72.1669998169, 409.751190186, 138.052520752, -26.2992324829, -63.3202438354, 52.6511993408, -17.8209781647, -41.2369041443, -13.7296056747], [99.3737030029, 150.699478149, -13.4730854034, -47.9075088501, -0.748136818409, 138.052520752, 321.69039917, -52.8699188232, -81.4905166626, 40.8496742249, 0.643577814102, -71.3477935791, -9.21844768524], [550.884521484, -195.239868164, -11.978430748, 122.56362915, 56.2228469849, -26.2992324829, -52.8699188232, 324.118591309, 118.538864136, -49.5083580017, 96.9223175049, 55.4689712524, -12.7949409485], [66.8579483032, 56.1276092529, 49.6681556702, 127.361907959, 72.7430267334, -63.3202438354, -81.4905166626, 118.538864136, 285.39730835, 52.2197036743, 9.84872817993, 87.250289917, -13.11216259], [-385.852478027, 126.424537659, 125.03477478, 63.5029449463, 33.2525901794, 52.6511993408, 40.8496742249, -49.5083580017, 52.2197036743, 219.554016113, -27.711681366, -26.5351104736, 23.4248943329], [432.17489624, -115.771789551, -105.609771729, -8.04467201233, -0.274876713753, -17.8209781647, 0.643577814102, 96.9223175049, 9.84872817993, -27.711681366, 168.252456665, 44.6661453247, -42.8777580261], [107.453071594, -101.430633545, -32.0647697449, 54.8437080383, 5.01406002045, -41.2369041443, -71.3477935791, 55.4689712524, 87.250289917, -26.5351104736, 44.6661453247, 136.886032104, 5.05308818817], [-213.93649292, 59.2473449707, 52.5472297668, -27.3762512207, -5.50971317291, -13.7296056747, -9.21844768524, -12.7949409485, -13.11216259, 23.4248943329, -42.8777580261, 5.05308818817, 103.085647583]],
        "icov": [[0.000496136955917, 0.000234225182794, 0.000462906667963, -0.000517487118486, -0.000143823315739, -0.000133207853651, -0.000345097243553, -0.000151505417307, -0.000337473553373, 0.000769326346926, -0.00081686367048, 0.000582455657423, -0.000139521784149], [0.000234225182794, 0.00548814749345, -0.00314171239734, 0.00216195266694, -0.00578979961574, 0.00292997504584, -0.00346386036836, 0.00382182840258, -0.00306197186001, 0.00115004612599, -0.00132979115006, 0.00268823304214, -0.00158285477664], [0.000462906667963, -0.00314171239734, 0.00381094659679, -0.00228143064305, 0.00373455137014, -0.00192290358245, 0.00179364474025, -0.002778315451, 0.00144217303023, -0.000370720110368, 0.000495060230605, -0.00071049167309, 0.000485346041387], [-0.000517487118486, 0.00216195266694, -0.00228143064305, 0.00464959954843, -0.00307753658853, 0.00133174925577, -0.000941739301197, 0.000585267902352, -0.000836935010739, -0.00156348140445, 0.00174341478851, -0.000982467201538, 0.00110467209015], [-0.000143823315739, -0.00578979961574, 0.00373455137014, -0.00307753658853, 0.00945695862174, -0.00240662880242, 0.00320092309266, -0.00448640156537, 0.00271375314333, -0.00151815149002, 0.00152181950398, -0.00223617115989, 0.00165526731871], [-0.000133207853651, 0.00292997504584, -0.00192290358245, 0.00133174925577, -0.00240662880242, 0.00493035512045, -0.00297851115465, 0.00159310607705, -0.000718550698366, -0.00079176510917, 0.000559727137443, 0.000784647651017, 0.000115718954476], [-0.000345097243553, -0.00346386036836, 0.00179364474025, -0.000941739301197, 0.00320092309266, -0.00297851115465, 0.00650494312868, -0.00194165285211, 0.00246727024205, -0.00147551158443, 0.000332524097757, -0.000340686907293, 0.00102945626713], [-0.000151505417307, 0.00382182840258, -0.002778315451, 0.000585267902352, -0.00448640156537, 0.00159310607705, -0.00194165285211, 0.00874050334096, -0.00472973752767, 0.00288921198808, -0.00455742375925, 0.00334235024638, -0.00337330414914], [-0.000337473553373, -0.00306197186001, 0.00144217303023, -0.000836935010739, 0.00271375314333, -0.000718550698366, 0.00246727024205, -0.00472973752767, 0.00874726008624, -0.00391537323594, 0.00365052302368, -0.00610279804096, 0.00360489217564], [0.000769326346926, 0.00115004612599, -0.000370720110368, -0.00156348140445, -0.00151815149002, -0.00079176510917, -0.00147551158443, 0.00288921198808, -0.00391537323594, 0.00859440024942, -0.00354356341995, 0.00410765781999, -0.00337680685334], [-0.00081686367048, -0.00132979115006, 0.000495060230605, 0.00174341478851, 0.00152181950398, 0.000559727137443, 0.000332524097757, -0.00455742375925, 0.00365052302368, -0.00354356341995, 0.0124645214528, -0.00608328497037, 0.00565190939233], [0.000582455657423, 0.00268823304214, -0.00071049167309, -0.000982467201538, -0.00223617115989, 0.000784647651017, -0.000340686907293, 0.00334235024638, -0.00610279804096, 0.00410765781999, -0.00608328497037, 0.0147028900683, -0.00482629938051], [-0.000139521784149, -0.00158285477664, 0.000485346041387, 0.00110467209015, 0.00165526731871, 0.000115718954476, 0.00102945626713, -0.00337330414914, 0.00360489217564, -0.00337680685334, 0.00565190939233, -0.00482629938051, 0.0139573756605]]
    },
    "melbands": {
        "max": [0.00135137431789, 0.0047936369665, 0.00113347091246, 0.00226216251031, 0.00625464273617, 0.00916680041701, 0.018140045926, 0.0206128749996, 0.00734579795972, 0.0129855331033, 0.0196947529912, 0.00348117761314, 0.00691865570843, 0.00390135147609, 0.00102987245191, 0.000516565865837, 0.00112374778837, 0.00140819768421, 0.000365871790564, 0.000654476170894, 0.000845293572638, 0.000349669047864, 0.000203082730877, 0.0005689903046, 0.000315251585562, 0.000315661396598, 0.000157817426953, 4.8050613259e-05, 1.21382408906e-05, 2.85284368147e-05, 0.000103553502413, 0.000363495550118, 0.000192343606614, 0.000119483411254, 3.76868811145e-05, 3.05419234792e-05, 1.90614027815e-05, 7.33732667868e-06, 5.22292157257e-06, 4.38413508164e-06],
        "mean": [3.15207507811e-05, 8.19961569505e-05, 4.21904587711e-05, 0.000123867765069, 0.000220955582336, 0.000285744841676, 0.000594659184571, 0.000310904841172, 0.000145816709846, 0.000323701242451, 0.000598817481659, 0.000154370209202, 0.000120072887512, 6.63320170133e-05, 3.15571342071e-05, 1.42826384035e-05, 2.09283771255e-05, 2.25264429901e-05, 8.36254912429e-06, 2.04421430681e-05, 1.21998500617e-05, 1.30587632157e-05, 9.04931039258e-06, 2.0405082978e-05, 1.33229568746e-05, 9.44934618019e-06, 3.52328606823e-06, 1.20909783163e-06, 4.0268110979e-07, 1.30774097329e-07, 2.32734095107e-07, 6.08629136423e-07, 8.54159793562e-07, 6.61200658669e-07, 3.32321491214e-07, 3.44348109138e-07, 2.56475686911e-07, 1.37914440757e-07, 1.53518584511e-07, 5.68293572201e-08],
        "min": [1.62312012719e-08, 1.67826748054e-08, 1.54000083796e-08, 3.38452856852e-08, 6.10409358615e-08, 6.54097789266e-08, 8.45931324989e-08, 7.73983401814e-08, 4.91665410607e-08, 3.11943431086e-08, 1.5416736332e-08, 1.19571019752e-08, 6.88699985929e-09, 2.54846788117e-09, 2.20571072518e-09, 1.63706903589e-09, 3.70846686693e-09, 1.78354409019e-09, 4.32188507205e-09, 3.0198883394e-09, 1.40013278749e-09, 2.2257902188e-09, 1.25596322231e-09, 1.78863757139e-09, 1.85223403282e-09, 1.04969732906e-09, 9.5535368505e-10, 9.66571711558e-10, 8.68662197728e-10, 4.14983575281e-10, 4.0433825732e-10, 3.13114090211e-10, 3.16817877488e-10, 3.41448841423e-10, 3.63546276416e-10, 3.56953300251e-10, 3.32856159302e-10, 2.81041523387e-10, 2.57822846406e-10, 2.57025095651e-10],
        "stdev": [9.47093722061e-05, 0.000270267686574, 7.7725853771e-05, 0.000220653004362, 0.000502255395986, 0.000519484456163, 0.001083130599, 0.000952078204136, 0.000413976289565, 0.00106641137972, 0.0018669036217, 0.000355348631274, 0.000600792758632, 0.000265926646534, 8.21968496894e-05, 3.90194363717e-05, 7.28190643713e-05, 8.30484932521e-05, 2.42720107053e-05, 5.91874522797e-05, 4.96146967635e-05, 3.70283378288e-05, 2.23701554205e-05, 5.28132077307e-05, 3.17113117489e-05, 2.84970192297e-05, 1.0847636986e-05, 2.92194067697e-06, 1.06715958736e-06, 7.35022297249e-07, 3.24927373185e-06, 9.76001319941e-06, 6.31739339951e-06, 4.32129172623e-06, 1.37313395498e-06, 1.17195168059e-06, 9.29549457851e-07, 4.15509873619e-07, 4.95396704991e-07, 2.14557019262e-07]
    },
    "melbands128": {
        "max": [6.01974988967e-06, 0.000285034679109, 0.00224469252862, 0.00297103519551, 0.0073539908044, 0.00526566477492, 0.00151622353587, 0.0007474970771, 0.000619657454081, 0.00163764308672, 0.00455331103876, 0.0101540312171, 0.00939008593559, 0.0119634009898, 0.0181879010051, 0.00779230659828, 0.00772442296147, 0.0129374135286, 0.0594318546355, 0.0367167070508, 0.0091002471745, 0.00997901894152, 0.0133215896785, 0.0163325164467, 0.0146836191416, 0.0242326091975, 0.0251767076552, 0.0395563691854, 0.0137569047511, 0.00654616346583, 0.0066727460362, 0.00659513100982, 0.0137241194025, 0.0210361070931, 0.00393018592149, 0.0036473707296, 0.00372947356664, 0.0014506893931, 0.00160692213103, 0.000775173713919, 0.000932310416829, 0.00127402390353, 0.00184788508341, 0.00339584541507, 0.00165804999415, 0.00281256134622, 0.00038584304275, 0.000811415840872, 0.000415783084463, 0.000466878089355, 0.00147931941319, 0.00150158698671, 0.00229250569828, 0.000622450839728, 0.000533858838025, 0.000615326920524, 0.000724951678421, 0.000514350133017, 0.00042137366836, 0.00050208036555, 0.000992412096821, 0.000933370087296, 0.000435927300714, 0.000390124769183, 0.00118342589121, 0.000569125113543, 0.000353588286089, 0.000241561356233, 0.000321891508065, 0.000197679662961, 8.02761060186e-05, 4.33727400377e-05, 2.90096795652e-05, 1.68565711647e-05, 1.17889767353e-05, 3.15092438541e-05, 3.60524427379e-05, 2.66520110017e-05, 5.6847678934e-05, 0.000219633991946, 0.000601154519245, 0.000313750089845, 0.000155434696353, 0.000268383242656, 0.000229073833907, 0.000115498427476, 0.000159701347002, 4.54874461866e-05, 4.67177560495e-05, 1.63124223036e-05, 2.73673122138e-05, 4.26912811236e-05, 4.3186439143e-05, 2.38138509303e-05, 1.26218510559e-05, 7.03141813574e-06, 7.64516062191e-06, 1.20621079986e-05, 9.75438160822e-06, 1.05815415736e-05, 8.07782453194e-06, 4.01112174586e-06, 1.22606741115e-06, 3.24015616116e-07, 9.03166323951e-08, 3.09202405901e-08, 2.93699908838e-08, 2.82757621761e-08, 2.71412243791e-08, 2.60002472885e-08, 2.49962521792e-08, 2.4086546091e-08, 2.31990462396e-08, 2.23665992394e-08, 2.16194777636e-08, 2.09627497583e-08, 2.03074517202e-08, 1.97056788664e-08, 1.91921039061e-08, 1.87132460638e-08, 1.82500592416e-08, 1.78704624432e-08, 1.75208203501e-08, 1.72265313125e-08, 1.69941163364e-08, 1.67909384174e-08, 1.66467035712e-08, 1.65552567211e-08],
        "mean": [4.74130899875e-07, 4.7981084208e-06, 4.36352456745e-05, 8.37908737594e-05, 0.000102595913631, 6.998758181e-05, 3.50592199538e-05, 3.55731899617e-05, 4.5396740461e-05, 8.66540794959e-05, 0.000190397142433, 0.000290054886136, 0.000199021727894, 0.000168147307704, 0.000252304773312, 0.000267213006737, 0.00067290768493, 0.000675179238897, 0.000496985216159, 0.000340179540217, 0.000238355292822, 0.000158526163432, 0.000110219451017, 0.000155485642608, 0.000280519307125, 0.000365266576409, 0.000467909907456, 0.000887831847649, 0.000434668996604, 0.000184575663297, 5.9747875639e-05, 6.5095598984e-05, 0.00011484753486, 0.00021097419085, 3.43180690834e-05, 5.31616278749e-05, 5.06586111442e-05, 2.79731739283e-05, 2.54042788583e-05, 1.17728986879e-05, 1.59483424795e-05, 8.62685010361e-06, 1.96208384295e-05, 2.77525759884e-05, 2.70739365078e-05, 2.84954512608e-05, 6.36814911559e-06, 8.71405791258e-06, 7.8259363363e-06, 9.10859398573e-06, 2.46549898293e-05, 3.14816061291e-05, 1.18170173664e-05, 5.39939946975e-06, 8.00658654043e-06, 1.55816323968e-05, 1.69521081261e-05, 7.55934206609e-06, 4.96847223985e-06, 1.29267500597e-05, 2.71664739557e-05, 2.28407716349e-05, 8.84718519956e-06, 1.0702066902e-05, 1.94354506675e-05, 9.78638854576e-06, 4.05029550166e-06, 3.1736501569e-06, 4.45516980108e-06, 2.30244472732e-06, 8.44610099193e-07, 9.41368114127e-07, 6.28257680546e-07, 2.69630305638e-07, 1.57833000003e-07, 1.36944166229e-07, 1.09104121293e-07, 1.20533528047e-07, 1.67260154171e-07, 3.96571010697e-07, 7.08578738795e-07, 6.02727482146e-07, 6.39431902982e-07, 9.19263641208e-07, 1.01739487945e-06, 8.15129681087e-07, 5.53823497285e-07, 3.15156597708e-07, 3.17688147788e-07, 3.18187403536e-07, 3.70540334416e-07, 3.45560778214e-07, 3.23607054042e-07, 2.75556885754e-07, 2.13485293443e-07, 1.25250039673e-07, 1.1022277846e-07, 1.67298992437e-07, 1.70260719301e-07, 1.53268103986e-07, 8.61862687884e-08, 4.2150031021e-08, 1.38096352131e-08, 6.70367361622e-09, 1.08321540626e-09, 5.0175901628e-11, 4.67950331262e-11, 2.03326071258e-11, 1.75125452334e-11, 1.67796384426e-11, 1.61282376343e-11, 1.55366934596e-11, 1.4964231243e-11, 1.44223027618e-11, 1.39380304173e-11, 1.35180330471e-11, 1.31057517269e-11, 1.26779645809e-11, 1.23467208679e-11, 1.20407069731e-11, 1.17360747856e-11, 1.14902445197e-11, 1.12712686406e-11, 1.10740193057e-11, 1.08783589775e-11, 1.06717369316e-11, 1.05375994389e-11, 1.04738943213e-11],
        "min": [7.11928294095e-11, 1.58450008669e-09, 3.076904731e-09, 5.25282439767e-09, 6.62769128468e-09, 1.21751986271e-08, 8.15270695398e-09, 7.93371945917e-09, 5.5066338156e-09, 2.83979106896e-09, 2.19492548581e-08, 4.66907970065e-08, 3.33298437738e-08, 3.70119721538e-08, 1.45421852338e-08, 1.95167153549e-08, 1.09637827705e-08, 4.52729835843e-08, 2.71950852948e-08, 3.11491703542e-08, 1.95128340152e-08, 1.31198998332e-08, 9.23967480304e-09, 1.78865970923e-08, 1.49568144536e-08, 3.13918091521e-09, 1.63310120982e-09, 4.36887681587e-09, 4.02610611516e-09, 3.34482552766e-09, 3.49889317519e-09, 6.33759089652e-09, 4.56105242463e-09, 9.84492931622e-10, 1.2150188633e-09, 7.54727891294e-10, 1.45865119983e-09, 3.23582494133e-09, 7.98493882126e-10, 5.68118774247e-10, 7.03783475942e-10, 2.41271314039e-09, 1.12439280109e-09, 1.60231838908e-09, 1.35415667568e-09, 7.7797307485e-10, 1.1069707373e-09, 2.87695267609e-09, 3.33067506908e-09, 1.28654709108e-09, 1.60480773115e-09, 1.38781242054e-09, 1.62808877491e-09, 9.60640345049e-10, 1.82708947971e-09, 2.24931362425e-09, 1.10548437071e-09, 8.00145782964e-10, 6.8823086119e-10, 5.65688440535e-10, 6.54346521411e-10, 9.0066709646e-10, 7.94719456909e-10, 6.90755286303e-10, 7.65069063657e-10, 6.42225550518e-10, 3.14437087479e-10, 4.46385761688e-10, 5.6063004239e-10, 3.43525596858e-10, 3.26851462562e-10, 4.54139226225e-10, 6.90580703733e-10, 5.66077240638e-10, 2.36364761097e-10, 3.39555494833e-10, 3.1456229288e-10, 1.9312564048e-10, 3.06031783248e-10, 2.70679784142e-10, 2.19425727588e-10, 2.6231802841e-10, 2.62494886938e-10, 2.10282347091e-10, 2.56844850943e-10, 1.77414083424e-10, 1.89077462021e-10, 1.6110178469e-10, 2.15111053969e-10, 2.52289245051e-10, 1.67211272606e-10, 2.21428819724e-10, 1.45623735293e-10, 1.56273285978e-10, 1.79285267188e-10, 2.07813349862e-10, 1.30923993868e-10, 1.88320942174e-10, 1.31683400295e-10, 1.91112958792e-10, 1.60013724493e-10, 1.82745069077e-10, 1.59840654601e-10, 9.79762868059e-11, 3.14487178703e-13, 1.02612430814e-13, 7.23577759667e-14, 9.24904074227e-14, 7.3147454619e-14, 7.87568591614e-14, 6.98048389924e-14, 9.41102529023e-14, 7.99121104575e-14, 8.33417536372e-14, 7.17431891889e-14, 8.91598332165e-14, 7.59419586135e-14, 8.63001618952e-14, 7.73137996224e-14, 7.29571974665e-14, 7.49996785054e-14, 7.42265949226e-14, 8.7489314838e-14, 8.19525721699e-14, 6.75975727758e-14, 1.94574818226e-14, 3.55742572309e-15, 1.26456513311e-16],
        "stdev": [6.85121904098e-07, 1.75016484718e-05, 0.000151279789861, 0.000236631734879, 0.0003841809812, 0.000319633283652, 8.81668238435e-05, 7.66890007071e-05, 6.7491120717e-05, 0.000148825332872, 0.000432814558735, 0.00082533119712, 0.000601676583756, 0.000512844359037, 0.000834770326037, 0.00059448130196, 0.00122083362658, 0.00149302498903, 0.0020990811754, 0.0015213903971, 0.000683164456859, 0.00053011556156, 0.000522389716934, 0.000804735755082, 0.00120263209101, 0.00177802494727, 0.00200557638891, 0.00346206570975, 0.00116554915439, 0.000627923815046, 0.000284320558421, 0.000311200419674, 0.000723737117369, 0.00141761580016, 0.000189859158127, 0.000245191302383, 0.000225342577323, 9.27551736822e-05, 9.58652162808e-05, 4.0020167944e-05, 5.95409983362e-05, 4.79296832054e-05, 9.23119441723e-05, 0.000151052387082, 0.000115245740744, 0.000153594999574, 2.45834144152e-05, 4.60918017779e-05, 2.49107724812e-05, 3.31961782649e-05, 8.93432443263e-05, 0.000137192691909, 9.92637797026e-05, 3.02229655063e-05, 3.43533574778e-05, 5.84623958275e-05, 6.83718317305e-05, 3.41329796356e-05, 1.80521146831e-05, 3.95621063944e-05, 8.26142495498e-05, 8.54488607729e-05, 2.6737792723e-05, 3.68126493413e-05, 7.96782624093e-05, 3.73671464331e-05, 1.8070835722e-05, 1.34840011015e-05, 1.7993588699e-05, 8.43472480483e-06, 2.88256774184e-06, 2.7038238386e-06, 2.02793921744e-06, 1.00427882899e-06, 5.66053756756e-07, 7.70077406287e-07, 9.23077550397e-07, 9.51757670009e-07, 1.91753929357e-06, 6.8962417572e-06, 1.49063844219e-05, 9.19193462323e-06, 4.95279573443e-06, 7.82910046837e-06, 6.53266988593e-06, 4.52217000202e-06, 5.22185337104e-06, 1.75062564267e-06, 1.47308594478e-06, 9.38373148074e-07, 1.13121950562e-06, 1.44483510667e-06, 1.45591070577e-06, 1.10958603727e-06, 7.9102591144e-07, 4.11108089793e-07, 3.6531571368e-07, 6.38077779058e-07, 6.45070201699e-07, 7.25335496554e-07, 3.5575320112e-07, 2.27880377679e-07, 5.72039660085e-08, 1.87600832646e-08, 3.80201425898e-09, 7.08629654955e-10, 6.68768929124e-10, 6.1829746878e-10, 5.93369131607e-10, 5.68414593172e-10, 5.46466816242e-10, 5.26553634028e-10, 5.07157704721e-10, 4.88955431699e-10, 4.72614392066e-10, 4.58252324975e-10, 4.43931669203e-10, 4.3076994749e-10, 4.19540735486e-10, 4.09067918428e-10, 3.98943655888e-10, 3.90644017134e-10, 3.8299510785e-10, 3.76558506598e-10, 3.71477820726e-10, 3.67041785854e-10, 3.63890334532e-10, 3.61892460443e-10]
    },
    "mfcc": {
        "mean": [-753.607971191, 154.629653931, -18.4934139252, -1.60792577267, -14.5413722992, -28.6606273651, -18.4023551941, 3.16470956802, -18.4995727539, 0.960718274117, -7.05494976044, -6.7320766449, -0.521659970284],
        "cov": [[6355.28320312, -1771.30627441, -1119.25854492, 26.5372123718, 275.63961792, -441.825469971, 174.790710449, 785.042602539, -545.618408203, 443.232177734, 186.543746948, -410.520355225, 205.831695557], [-1771.30627441, 1645.49914551, 128.65397644, 171.878128052, -66.9581298828, 166.117645264, 17.0827255249, -292.235778809, 251.743392944, -101.800628662, -40.0860061646, 205.186264038, -94.7720489502], [-1119.25854492, 128.65397644, 865.71105957, 25.4609222412, -26.3454494476, 103.247138977, -9.07048892975, -71.4911880493, 156.785324097, -49.3674621582, 33.9259719849, 135.807174683, -43.3706512451], [26.5372123718, 171.878128052, 25.4609222412, 480.668884277, 173.886291504, -68.9212112427, -90.2918930054, 8.41192531586, 84.0569458008, 0.156359910965, 65.3840179443, 85.7261886597, 77.721321106], [275.63961792, -66.9581298828, -26.3454494476, 173.886291504, 404.445709229, -170.187423706, -115.723136902, 121.985038757, 9.39642524719, 22.2192058563, 48.2144889832, 13.2591333389, 103.38066864], [-441.825469971, 166.117645264, 103.247138977, -68.9212112427, -170.187423706, 508.078643799, 117.849945068, -161.523010254, 130.45463562, -8.41136074066, 4.48208713531, 19.4448451996, -78.0140457153], [174.790710449, 17.0827255249, -9.07048892975, -90.2918930054, -115.723136902, 117.849945068, 400.574249268, -18.6819877625, -35.2607879639, 70.9414367676, -32.5107002258, -59.7243423462, -66.3710479736], [785.042602539, -292.235778809, -71.4911880493, 8.41192531586, 121.985038757, -161.523010254, -18.6819877625, 341.192169189, -106.419403076, 72.5992431641, 66.9949493408, -80.9451828003, 79.3477020264], [-545.618408203, 251.743392944, 156.785324097, 84.0569458008, 9.39642524719, 130.45463562, -35.2607879639, -106.419403076, 310.54901123, -22.6276378632, -0.578088521957, 133.167831421, -13.357462883], [443.232177734, -101.800628662, -49.3674621582, 0.156359910965, 22.2192058563, -8.41136074066, 70.9414367676, 72.5992431641, -22.6276378632, 187.044769287, 54.4125175476, -26.9887714386, 15.5112781525], [186.543746948, -40.0860061646, 33.9259719849, 65.3840179443, 48.2144889832, 4.48208713531, -32.5107002258, 66.9949493408, -0.578088521957, 54.4125175476, 194.548858643, 16.8496131897, 52.0843162537], [-410.520355225, 205.186264038, 135.807174683, 85.7261886597, 13.2591333389, 19.4448451996, -59.7243423462, -80.9451828003, 133.167831421, -26.9887714386, 16.8496131897, 205.199859619, 27.8752040863], [205.831695557, -94.7720489502, -43.3706512451, 77.721321106, 103.38066864, -78.0140457153, -66.3710479736, 79.3477020264, -13.357462883, 15.5112781525, 52.0843162537, 27.8752040863, 170.940063477]],
        "icov": [[0.000434005167335, 0.000331010756781, 0.000448401813628, -0.000198250854737, -1.99552159756e-05, 9.09698701435e-06, -0.000179339156603, -0.000511964608449, 0.000133180394187, -0.0004339859006, -0.000119234900922, -8.43409288791e-05, 0.000148936567712], [0.000331010756781, 0.00109878042713, 0.000425932463259, -0.000416419352405, -1.19098176583e-05, -4.12896770285e-06, -0.000292418699246, -1.23322943182e-05, -0.000176297529833, -6.6295513534e-05, -0.000141615702887, -0.000588850234635, 0.00053692527581], [0.000448401813628, 0.000425932463259, 0.0018761852989, -0.000147026905324, -5.7503759308e-05, -9.65367653407e-05, -0.000305363413645, -0.000673634465784, -0.000255607650615, -2.93936973321e-05, -0.00052633904852, -0.000943560851738, 0.000720866257325], [-0.000198250854737, -0.000416419352405, -0.000147026905324, 0.00299936835654, -0.000972906826064, 0.000231168553, 0.000149723957293, 0.000441161944764, -0.000494761974551, 0.000219560388359, -0.000624193984549, -0.000387737003621, -0.000651101290714], [-1.99552159756e-05, -1.19098176583e-05, -5.7503759308e-05, -0.000972906826064, 0.00389573955908, 0.000791802536696, 0.000522550544702, -0.000716555456165, -0.000651126552839, -0.000241872257902, 2.98682934954e-05, 0.000501484319102, -0.00113380770199], [9.09698701435e-06, -4.12896770285e-06, -9.65367653407e-05, 0.000231168553, 0.000791802536696, 0.00312455790117, -0.000666455423925, 0.0010085728718, -0.00140974670649, 6.66474661557e-05, -0.000920544378459, 0.00083109154366, 0.000106109429908], [-0.000179339156603, -0.000292418699246, -0.000305363413645, 0.000149723957293, 0.000522550544702, -0.000666455423925, 0.00346408691257, 8.90743685886e-05, 0.000388213054975, -0.00138256512582, 0.000774112762883, 0.000592196010984, 0.000415098184021], [-0.000511964608449, -1.23322943182e-05, -0.000673634465784, 0.000441161944764, -0.000716555456165, 0.0010085728718, 8.90743685886e-05, 0.00571804214269, 0.000107130559627, -0.000444661214715, -0.000982243567705, 0.00162537267897, -0.00140490429476], [0.000133180394187, -0.000176297529833, -0.000255607650615, -0.000494761974551, -0.000651126552839, -0.00140974670649, 0.000388213054975, 0.000107130559627, 0.00571510987356, -0.000559452280868, 0.000536881503649, -0.002749835141, 0.000535582774319], [-0.0004339859006, -6.6295513534e-05, -2.93936973321e-05, 0.000219560388359, -0.000241872257902, 6.66474661557e-05, -0.00138256512582, -0.000444661214715, -0.000559452280868, 0.00752139603719, -0.00180635915603, 5.24430070072e-05, 4.04377788072e-05], [-0.000119234900922, -0.000141615702887, -0.00052633904852, -0.000624193984549, 2.98682934954e-05, -0.000920544378459, 0.000774112762883, -0.000982243567705, 0.000536881503649, -0.00180635915603, 0.00690356828272, -0.000544316659216, -0.0012752043549], [-8.43409288791e-05, -0.000588850234635, -0.000943560851738, -0.000387737003621, 0.000501484319102, 0.00083109154366, 0.000592196010984, 0.00162537267897, -0.002749835141, 5.24430070072e-05, -0.000544316659216, 0.00892337970436, -0.00224546971731], [0.000148936567712, 0.00053692527581, 0.000720866257325, -0.000651101290714, -0.00113380770199, 0.000106109429908, 0.000415098184021, -0.00140490429476, 0.000535582774319, 4.04377788072e-05, -0.0012752043549, -0.00224546971731, 0.00878761056811]]
    },
    "spectral_contrast_coeffs": {
        "max": [-0.331630587578, -0.397345423698, -0.424674272537, -0.554612398148, -0.534709870815, -0.607418894768],
        "mean": [-0.656330347061, -0.683885455132, -0.684030950069, -0.755190193653, -0.754472374916, -0.796243906021],
        "min": [-0.894766747952, -0.904628574848, -0.916706860065, -0.928914904594, -0.90521723032, -0.891028165817],
        "stdev": [0.0889103785157, 0.0859721079469, 0.0878329128027, 0.0656989663839, 0.0818146690726, 0.0433570481837]
    },
    "spectral_contrast_valleys": {
        "max": [-6.24999427795, -5.41886091232, -5.52151727676, -6.93433761597, -6.82495212555, -8.75276660919],
        "mean": [-8.45502758026, -7.17866563797, -8.29253196716, -8.93884658813, -8.99777984619, -11.7990751266],
        "min": [-11.2123155594, -9.88304042816, -11.2425661087, -11.295381546, -11.1104059219, -13.2693719864],
        "stdev": [0.852292597294, 0.742251038551, 0.777447760105, 0.776078402996, 0.845324993134, 0.873512983322]
    }
},
"rhythm": {
    "beats_count": 92,
    "beats_loudness": {
        "max": 0.120103560388,
        "mean": 0.0166563428938,
        "min": 0.000278964929748,
        "stdev": 0.018595399335
    },
    "bpm": 106.023757935,
    "bpm_histogram_first_peak_bpm": 105,
    "bpm_histogram_first_peak_weight": 0.5,
    "bpm_histogram_second_peak_bpm": 112,
    "bpm_histogram_second_peak_spread": 0.434782624245,
    "bpm_histogram_second_peak_weight": 0.142857149243,
    "danceability": 0.892366826534,
    "onset_rate": 2.0302734375,
    "beats_loudness_band_ratio": {
        "max": [0.570367515087, 0.882621467113, 0.912316679955, 0.738447844982, 0.372415184975, 0.969869494438],
        "mean": [0.0481467954814, 0.251095801592, 0.500370025635, 0.179338574409, 0.0566004216671, 0.0298088937998],
        "min": [0.00017516304797, 0.00336758513004, 0.00284048379399, 0.000326614506776, 0.000489657977596, 0.000339537917171],
        "stdev": [0.0881804674864, 0.225706547499, 0.235047966242, 0.1959862113, 0.0733409002423, 0.106489568949]
    },
