{
"metadata": {
    "version": {
        "essentia": "2.1-beta5",
        "essentia_git_sha": "Undefined",
        "extractor": "music 2.0"
    },
    "audio_properties": {
        "analysis": {
            "equal_loudness": 0,
            "length": 38.5799560547,
            "sample_rate": 44100,
            "start_time": 175.252609253,
            "downmix": "mix"
        },
        "bit_rate": 192000,
        "length": 213.855789185,
        "lossless": 0,
        "number_channels": 2,
        "replay_gain": -5.39494132996,
        "sample_rate": 44100,
        "codec": "mp3",
        "md5_encoded": "76fd31f2480dd9429a5ee5836a9667fc"
    },
    "tags": {
        "file_name": "Austria_Die Ganze Welt Braucht Liebe_Liane Augustin.mp3",
        "encoding": ["Lavf58.29.100"]
    }
},
"lowlevel": {
    "average_loudness": 0.787601232529,
    "barkbands_crest": {
        "max": 26.7210845947,
        "mean": 10.2680282593,
        "min": 2.56913471222,
        "stdev": 5.49176597595
    },
    "barkbands_flatness_db": {
        "max": 0.411643564701,
        "mean": 0.183579772711,
        "min": 0.0363171733916,
        "stdev": 0.0684200823307
    },
    "barkbands_kurtosis": {
        "max": 326.743255615,
        "mean": 7.52257490158,
        "min": -1.90815448761,
        "stdev": 22.6826534271
    },
    "barkbands_skewness": {
        "max": 16.3642711639,
        "mean": 1.19244074821,
        "min": -2.72215247154,
        "stdev": 1.89852654934
    },
    "barkbands_spread": {
        "max": 95.5667724609,
        "mean": 13.0259218216,
        "min": 0.486913949251,
        "stdev": 11.9762010574
    },
    "dissonance": {
        "max": 0.500000119209,
        "mean": 0.429798364639,
        "min": 0.138535305858,
        "stdev": 0.0658897981048
    },
    "dynamic_complexity": 5.35658884048,
    "erbbands_crest": {
        "max": 32.1801338196,
        "mean": 11.3151283264,
        "min": 3.03367304802,
        "stdev": 6.0012550354
    },
    "erbbands_flatness_db": {
        "max": 0.398287892342,
        "mean": 0.240645110607,
        "min": 0.072315081954,
        "stdev": 0.0540019869804
    },
    "erbbands_kurtosis": {
        "max": 74.0202407837,
        "mean": 3.26658344269,
        "min": -1.83850574493,
        "stdev": 6.73837852478
    },
    "erbbands_skewness": {
        "max": 8.03515338898,
        "mean": 0.76613843441,
        "min": -6.16994571686,
        "stdev": 1.19431245327
    },
    "erbbands_spread": {
        "max": 172.67364502,
        "mean": 20.3535518646,
        "min": 2.77355670929,
        "stdev": 15.7691831589
    },
    "hfc": {
        "max": 242.418151855,
        "mean": 15.9572200775,
        "min": 1.17670650831e-16,
        "stdev": 19.8631248474
    },
    "loudness_ebu128": {
        "integrated": -19.6478443146,
        "loudness_range": 7.07492446899,
        "momentary": {
            "max": -13.535990715,
            "mean": -22.0195484161,
            "min": -47.9049453735,
            "stdev": 5.25239944458
        },
        "short_term": {
            "max": -16.3286514282,
            "mean": -20.6498126984,
            "min": -29.1687107086,
            "stdev": 2.75618171692
        }
    },
    "melbands_crest": {
        "max": 33.8960571289,
        "mean": 12.0869007111,
        "min": 2.36558675766,
        "stdev": 6.2290263176
    },
    "melbands_flatness_db": {
        "max": 0.470653474331,
        "mean": 0.213180035353,
        "min": 0.0053028347902,
        "stdev": 0.0867142826319
    },
    "melbands_kurtosis": {
        "max": 353.139129639,
        "mean": 11.1498641968,
        "min": -1.94420814514,
        "stdev": 31.8013286591
    },
    "melbands_skewness": {
        "max": 12.3212327957,
        "mean": 1.50817131996,
        "min": -0.885348081589,
        "stdev": 1.96517372131
    },
    "melbands_spread": {
        "max": 295.851654053,
        "mean": 21.6046504974,
        "min": 0.538842916489,
        "stdev": 26.1695690155
    },
    "pitch_salience": {
        "max": 0.884875714779,
        "mean": 0.641991257668,
        "min": 0.0722037926316,
        "stdev": 0.15246526897
    },
    "silence_rate_20dB": {
        "max": 1,
        "mean": 1,
        "min": 1,
        "stdev": 0
    },
    "silence_rate_30dB": {
        "max": 1,
        "mean": 0.990980148315,
        "min": 0,
        "stdev": 0.0945428833365
    },
    "silence_rate_60dB": {
        "max": 1,
        "mean": 0.214672282338,
        "min": 0,
        "stdev": 0.410592854023
    },
    "spectral_centroid": {
        "max": 10995.5986328,
        "mean": 1200.5489502,
        "min": 254.896118164,
        "stdev": 864.990478516
    },
    "spectral_complexity": {
        "max": 40,
        "mean": 14.3144922256,
        "min": 0,
        "stdev": 9.26878833771
    },
    "spectral_decrease": {
        "max": 3.73942801067e-29,
        "mean": -4.60517046719e-09,
        "min": -7.7900068618e-08,
        "stdev": 5.90380855314e-09
    },
    "spectral_energy": {
        "max": 0.316001027822,
        "mean": 0.0188283436,
        "min": 1.075562998e-20,
        "stdev": 0.0240231435746
    },
    "spectral_energyband_high": {
        "max": 0.00288472836837,
        "mean": 0.000149759973283,
        "min": 7.66164087032e-21,
        "stdev": 0.000298917671898
    },
    "spectral_energyband_low": {
        "max": 0.00583835039288,
        "mean": 0.000378559605451,
        "min": 1.92584155252e-23,
        "stdev": 0.000608074013144
    },
    "spectral_energyband_middle_high": {
        "max": 0.110873691738,
        "mean": 0.00779581535608,
        "min": 1.40071848795e-21,
        "stdev": 0.01141334977
    },
    "spectral_energyband_middle_low": {
        "max": 0.256672292948,
        "mean": 0.0108855469152,
        "min": 3.04527193795e-22,
        "stdev": 0.016915909946
    },
    "spectral_entropy": {
        "max": 9.8084602356,
        "mean": 7.12874603271,
        "min": 4.86089038849,
        "stdev": 0.72065526247
    },
    "spectral_flux": {
        "max": 0.385447710752,
        "mean": 0.0651894807816,
        "min": 6.65033167424e-11,
        "stdev": 0.0507419444621
    },
    "spectral_kurtosis": {
        "max": 39.2665748596,
        "mean": 8.04445266724,
        "min": -1.63978266716,
        "stdev": 5.42199707031
    },
    "spectral_rms": {
        "max": 0.0175582934171,
        "mean": 0.00360442162491,
        "min": 3.23933588287e-12,
        "stdev": 0.00231889192946
    },
    "spectral_rolloff": {
        "max": 19444.4824219,
        "mean": 1587.80078125,
        "min": 215.33203125,
        "stdev": 1733.49108887
    },
    "spectral_skewness": {
        "max": 4.99346351624,
        "mean": 2.05936789513,
        "min": -0.664654552937,
        "stdev": 0.714781403542
    },
    "spectral_spread": {
        "max": 41631648,
        "mean": 3571673,
        "min": 1321254.25,
        "stdev": 2729306
    },
    "spectral_strongpeak": {
        "max": 13.6501483917,
        "mean": 1.48817408085,
        "min": 0,
        "stdev": 1.68026065826
    },
    "zerocrossingrate": {
        "max": 0.49755859375,
        "mean": 0.057943392545,
        "min": 0.01123046875,
        "stdev": 0.048357937485
    },
    "barkbands": {
        "max": [0.000129417981952, 0.0014249230735, 0.00501558557153, 0.00872841663659, 0.0312080867589, 0.0574694722891, 0.0422215871513, 0.0541397705674, 0.239377513528, 0.0899473950267, 0.068692818284, 0.0336923375726, 0.0219612773508, 0.0165787823498, 0.00830583460629, 0.00571387913078, 0.0056154737249, 0.00350280478597, 0.00363934854977, 0.00199756445363, 0.00104589271359, 0.000549859309103, 0.000535019964445, 0.00122596346773, 0.000908171175979, 3.2304556953e-05, 5.16697355124e-07],
        "mean": [7.39253346183e-06, 6.3300220063e-05, 0.000167047153809, 0.000441112584667, 0.00136210292112, 0.00200737034902, 0.00204402534291, 0.00197228020988, 0.0026231741067, 0.00147990998812, 0.00299429660663, 0.000680579105392, 0.00126211601309, 0.000524437462445, 0.000311570998747, 0.000237007217947, 0.000188503341633, 0.000161661082529, 0.00011535592057, 5.92748438066e-05, 3.49882393493e-05, 2.25768471864e-05, 2.98216273222e-05, 2.5424769774e-05, 1.21663488244e-05, 8.43507962145e-07, 9.91187909527e-10],
        "min": [2.94385830711e-25, 8.57587887233e-24, 3.4683512154e-24, 8.09959857878e-24, 3.2609348343e-23, 3.81529579139e-23, 2.32232730334e-23, 2.70526121266e-23, 3.04658870457e-23, 3.07709206251e-23, 4.45692527498e-23, 7.23290471235e-23, 3.72420381385e-23, 9.39839479258e-23, 9.64486586272e-23, 1.25897353712e-22, 1.21639385468e-22, 1.21737317816e-22, 2.40938163832e-22, 2.61975380235e-22, 3.57907353902e-22, 4.03814287555e-22, 6.36127891909e-22, 6.82185554793e-22, 1.0170167456e-21, 1.57598636694e-21, 2.19684428461e-21],
        "stdev": [8.97880363482e-06, 0.000113422946015, 0.000385927385651, 0.000995375914499, 0.00273380568251, 0.00457579595968, 0.00381520786323, 0.00500993989408, 0.0106950588524, 0.00427119201049, 0.00704545574263, 0.00213531474583, 0.0022568050772, 0.00102599861566, 0.000500309106428, 0.000408687221352, 0.000322950363625, 0.000278616818832, 0.000221236390644, 0.000134129091748, 9.43543418543e-05, 4.88564328407e-05, 5.64392830711e-05, 8.50221986184e-05, 5.20289431734e-05, 2.62553930952e-06, 1.27959607354e-08]
    },
    "erbbands": {
        "max": [0.0209116265178, 0.435942649841, 4.32228803635, 15.9959964752, 63.0555229187, 134.081878662, 186.970291138, 739.368164062, 527.038574219, 827.631103516, 1491.71252441, 7432.79638672, 3211.81176758, 1425.77209473, 1822.00683594, 1526.06689453, 1230.96850586, 695.734191895, 343.603485107, 474.062255859, 374.444122314, 215.179855347, 172.750869751, 106.171218872, 178.496307373, 82.3143386841, 80.5345077515, 38.8910293579, 22.4631633759, 17.3715267181, 15.5538930893, 19.4620552063, 24.7537231445, 13.1843299866, 4.00410175323, 0.435374289751, 0.0135864522308, 0.000636924756691, 0.000168731756276, 0.000368333247025],
        "mean": [0.00096609123284, 0.0197969879955, 0.160329297185, 0.808384597301, 2.57731509209, 4.78476285934, 10.6648521423, 19.1534824371, 22.5883102417, 37.0726852417, 49.6973800659, 67.0098571777, 45.3412208557, 102.336837769, 65.6066665649, 30.7244110107, 50.9274406433, 42.4167671204, 19.782623291, 14.0635318756, 12.3799467087, 9.8017539978, 10.3091812134, 6.10191297531, 5.20663833618, 2.81929063797, 1.62489926815, 1.1715720892, 0.80933880806, 0.804277837276, 0.904185473919, 0.615587770939, 0.380643486977, 0.18564453721, 0.0593999437988, 0.0101134171709, 0.000300270301523, 1.6320935174e-05, 1.1768168406e-05, 2.26102838496e-05],
        "min": [1.4950230605e-22, 1.10827520434e-21, 6.00605462627e-21, 2.26895512776e-20, 3.84103999314e-20, 1.36468567652e-19, 1.07669195413e-19, 4.24488074805e-19, 2.95222130638e-19, 6.00401809791e-19, 8.34077282609e-19, 7.41870322354e-19, 6.61475449548e-19, 1.03657931667e-18, 2.31559038163e-18, 3.10311078574e-18, 2.25663701258e-18, 4.29174926684e-18, 5.19194221694e-18, 5.43417709624e-18, 5.90217231217e-18, 7.03700248764e-18, 7.85235028153e-18, 1.11814991298e-17, 1.09659780484e-17, 1.12201838855e-17, 1.19134381666e-17, 1.42666834641e-17, 1.43190737754e-17, 1.580369423e-17, 1.74624841802e-17, 1.42590436239e-17, 1.10490633778e-17, 9.40559363984e-18, 8.24107388423e-18, 5.64289213558e-18, 3.05989638899e-18, 1.07719316096e-18, 2.60932314772e-19, 3.00202358924e-20],
        "stdev": [0.00133378279861, 0.0363232977688, 0.356242805719, 1.53641569614, 6.06492376328, 11.6744241714, 20.9965877533, 53.6839828491, 41.4018783569, 71.031288147, 132.044570923, 299.380310059, 154.797424316, 210.943984985, 131.314178467, 96.1024856567, 97.9979934692, 65.364151001, 30.1357841492, 23.1683082581, 20.7158107758, 15.7435951233, 17.0130310059, 10.0261545181, 11.3848562241, 6.09894037247, 4.57276248932, 2.91398787498, 1.79810976982, 1.63637948036, 1.74830913544, 1.54198133945, 1.53717184067, 0.7956366539, 0.238951832056, 0.0315956249833, 0.000932230672333, 4.46709855169e-05, 1.41622340379e-05, 2.82069413515e-05]
    },
    "gfcc": {
        "mean": [-88.49974823, 116.422164917, -158.693618774, 8.00534248352, -79.747833252, 11.8475666046, -48.9688873291, 1.3119546175, -18.7845344543, -11.7679414749, -3.09907126427, -9.28437709808, -4.22020101547],
        "cov": [[12187.0654297, 729.263793945, -2635.12133789, -534.03125, -350.319946289, -12.8977050781, 120.785820007, -85.3281784058, -191.616424561, -162.001541138, 249.650772095, -358.371612549, -69.1227798462], [729.263793945, 1072.49353027, -29.6706676483, -313.863220215, 73.4847335815, -462.477661133, 20.2715873718, -98.8044891357, -36.6451568604, -210.075942993, 35.595287323, -102.966362, -62.445022583], [-2635.12133789, -29.6706676483, 1326.57434082, 155.691421509, -135.942749023, -60.6187019348, -215.843093872, 12.4126853943, 8.32808971405, -49.3972892761, -51.2563743591, 137.914871216, -45.1319961548], [-534.03125, -313.863220215, 155.691421509, 448.639404297, 75.9833755493, 83.1556472778, -80.4782943726, 25.8648471832, -62.1955566406, 89.4649963379, -108.458602905, -5.48083209991, 60.64894104], [-350.319946289, 73.4847335815, -135.942749023, 75.9833755493, 265.002227783, -39.095161438, 28.4088287354, 9.44864463806, -53.9216995239, 19.2924728394, -22.8753948212, -41.3994560242, 25.7794094086], [-12.8977050781, -462.477661133, -60.6187019348, 83.1556472778, -39.095161438, 488.678894043, 59.2814254761, 33.3439598083, 3.69415998459, 74.3886184692, 9.99665641785, 36.2722358704, -17.1664581299], [120.785820007, 20.2715873718, -215.843093872, -80.4782943726, 28.4088287354, 59.2814254761, 191.05406189, 29.0906105042, -22.5945053101, -0.480925291777, 20.4995422363, -51.5583839417, -6.94004440308], [-85.3281784058, -98.8044891357, 12.4126853943, 25.8648471832, 9.44864463806, 33.3439598083, 29.0906105042, 116.20803833, 2.4809486866, 48.570892334, -26.4536743164, -16.2049541473, -2.86301708221], [-191.616424561, -36.6451568604, 8.32808971405, -62.1955566406, -53.9216995239, 3.69415998459, -22.5945053101, 2.4809486866, 155.45262146, 14.68724823, 18.7397823334, 37.8128509521, -9.21200370789], [-162.001541138, -210.075942993, -49.3972892761, 89.4649963379, 19.2924728394, 74.3886184692, -0.480925291777, 48.570892334, 14.68724823, 133.491470337, -27.3281650543, -4.50253725052, 24.9360160828], [249.650772095, 35.595287323, -51.2563743591, -108.458602905, -22.8753948212, 9.99665641785, 20.4995422363, -26.4536743164, 18.7397823334, -27.3281650543, 174.123931885, 64.840385437, -40.4587287903], [-358.371612549, -102.966362, 137.914871216, -5.48083209991, -41.3994560242, 36.2722358704, -51.5583839417, -16.2049541473, 37.8128509521, -4.50253725052, 64.840385437, 150.798828125, 16.3825531006], [-69.1227798462, -62.445022583, -45.1319961548, 60.64894104, 25.7794094086, -17.1664581299, -6.94004440308, -2.86301708221, -9.21200370789, 24.9360160828, -40.4587287903, 16.3825531006, 88.8681106567]],
        "icov": [[0.000369991961634, -0.000429123960203, 0.000977473915555, -0.000175778390258, 0.00117242406122, -0.000333010888426, 0.00114748044871, -0.000672435911838, 0.00073356059147, 0.000358925637556, -0.00055487989448, 0.000484232004965, -0.000100414115877], [-0.000429123960203, 0.003535639029, -0.00128723529633, 0.00160650594626, -0.00237052189186, 0.00245993374847, -0.00148064352106, 0.00192360661458, -0.000497701752465, 0.00178771652281, 0.00085673329886, 0.000766857527196, 0.00120514456648], [0.000977473915555, -0.00128723529633, 0.00385359721258, -0.00101717375219, 0.00363223091699, -0.000701399461832, 0.00376306148246, -0.00238280766644, 0.00223104818724, 0.00142632960342, -0.000543505244423, -0.00033220712794, 0.00117983960081], [-0.000175778390258, 0.00160650594626, -0.00101717375219, 0.0048503135331, -0.00200976897031, 0.000243318048888, 0.00105161499232, 0.000957541982643, 0.00126456015278, -0.00109592138324, 0.00155551172793, 0.000736673770007, -0.00108065432869], [0.00117242406122, -0.00237052189186, 0.00363223091699, -0.00200976897031, 0.00882795266807, -0.00105661607813, 0.00314628938213, -0.00272853393108, 0.00330544030294, 0.000159946299391, -0.00203276681714, 0.0013947681291, -0.0010295236716], [-0.000333010888426, 0.00245993374847, -0.000701399461832, 0.000243318048888, -0.00105661607813, 0.00458793574944, -0.00267806858756, 0.0015712765744, -0.000201969771297, -0.000244895840297, 0.00123911071569, -0.00140110019129, 0.0028516673483], [0.00114748044871, -0.00148064352106, 0.00376306148246, 0.00105161499232, 0.00314628938213, -0.00267806858756, 0.0123277949169, -0.00476195244119, 0.00331022497267, 0.00206398125738, -0.0033783162944, 0.00444351369515, -0.00216837436892], [-0.000672435911838, 0.00192360661458, -0.00238280766644, 0.000957541982643, -0.00272853393108, 0.0015712765744, -0.00476195244119, 0.0132570210844, -0.0013471909333, -0.00441093370318, 0.00295379455201, -0.000758143316489, 0.00269784382544], [0.00073356059147, -0.000497701752465, 0.00223104818724, 0.00126456015278, 0.00330544030294, -0.000201969771297, 0.00331022497267, -0.0013471909333, 0.00974609330297, -0.00114520650823, -0.000168189872056, -0.001181986765, 0.00118105357978], [0.000358925637556, 0.00178771652281, 0.00142632960342, -0.00109592138324, 0.000159946299391, -0.000244895840297, 0.00206398125738, -0.00441093370318, -0.00114520650823, 0.0141054894775, -0.0010896816384, 0.00246827304363, -0.00209474889562], [-0.00055487989448, 0.00085673329886, -0.000543505244423, 0.00155551172793, -0.00203276681714, 0.00123911071569, -0.0033783162944, 0.00295379455201, -0.000168189872056, -0.0010896816384, 0.0119476728141, -0.00772330584005, 0.00664465688169], [0.000484232004965, 0.000766857527196, -0.00033220712794, 0.000736673770007, 0.0013947681291, -0.00140110019129, 0.00444351369515, -0.000758143316489, -0.001181986765, 0.00246827304363, -0.00772330584005, 0.0152732022107, -0.00725548155606], [-0.000100414115877, 0.00120514456648, 0.00117983960081, -0.00108065432869, -0.0010295236716, 0.0028516673483, -0.00216837436892, 0.00269784382544, 0.00118105357978, -0.00209474889562, 0.00664465688169, -0.00725548155606, 0.0191979389638]]
    },
    "melbands": {
        "max": [0.000305141293211, 0.00153831543867, 0.00375776132569, 0.00425560120493, 0.00634957617149, 0.0140899857506, 0.00726901041344, 0.00896255392581, 0.0147463576868, 0.0421053133905, 0.0163722932339, 0.00595957646146, 0.00929149519652, 0.00314892479219, 0.00312701612711, 0.00248415651731, 0.00145357660949, 0.000793595507275, 0.000715658126865, 0.000498004432302, 0.000482264877064, 0.000308975431835, 0.000263561611064, 8.23929876788e-05, 7.38244489185e-05, 0.000192312319996, 0.000113697024062, 5.44897120562e-05, 7.32240296202e-05, 2.84539710265e-05, 1.95622851606e-05, 1.37757588163e-05, 8.52205903357e-06, 1.03083575596e-05, 1.02174572021e-05, 6.42154191155e-06, 1.44176419781e-05, 1.80272672878e-05, 1.89827314898e-05, 9.80865843303e-06],
        "mean": [1.3646988009e-05, 6.73885151627e-05, 0.000200684167794, 0.000247751304414, 0.000353607378202, 0.000407259241911, 0.000375636096578, 0.000402493809815, 0.000419146555942, 0.000403289217502, 0.00021096834098, 0.000395802140702, 0.000308807793772, 8.24991293484e-05, 7.48903257772e-05, 0.000140445074067, 6.82774407323e-05, 3.12768534059e-05, 2.09773716051e-05, 1.85448279808e-05, 1.34785323098e-05, 9.98125688056e-06, 1.09693883132e-05, 6.92905405231e-06, 4.66300753033e-06, 4.36009850091e-06, 2.77780850411e-06, 1.64153220794e-06, 1.00062106867e-06, 9.40060772336e-07, 5.97927453327e-07, 4.67976406071e-07, 3.9532724827e-07, 4.50114299611e-07, 5.43015971743e-07, 4.61931790596e-07, 3.44322899082e-07, 2.70913147915e-07, 2.22242491077e-07, 1.34835161703e-07],
        "min": [1.97968963179e-24, 3.087834297e-24, 5.97556692565e-24, 7.17857270636e-24, 3.9925465259e-24, 8.33948486917e-24, 4.83950979781e-24, 6.8178550134e-24, 6.46273941615e-24, 4.11939693718e-24, 3.37223009182e-24, 3.87641042344e-24, 7.21853955526e-24, 8.39220286575e-24, 6.52823301508e-24, 3.57175391956e-24, 8.58875860433e-24, 8.23947545019e-24, 7.69700026036e-24, 7.28349515106e-24, 4.96836431022e-24, 6.41473565234e-24, 4.69323999762e-24, 6.38239511624e-24, 7.47680236044e-24, 8.45759075732e-24, 7.27320130511e-24, 7.52622291843e-24, 6.24195065941e-24, 9.81224084757e-24, 6.90573806254e-24, 7.07496529279e-24, 8.45080813126e-24, 8.37861394779e-24, 7.5397589827e-24, 9.79127450243e-24, 7.71801472601e-24, 7.91309687243e-24, 6.15784428185e-24, 7.45455332747e-24],
        "stdev": [2.13070961763e-05, 0.000130671280203, 0.000409071159083, 0.000462949625216, 0.000685916398652, 0.00104775186628, 0.000658215314616, 0.000777938053943, 0.00121173798107, 0.00175391871016, 0.000771807564888, 0.000804392504506, 0.000703972240444, 0.000215446707443, 0.000224119357881, 0.000256153201917, 0.000115861483209, 5.29696735612e-05, 3.40956030414e-05, 3.33382777171e-05, 2.3944881832e-05, 1.75361292349e-05, 2.1022706278e-05, 1.09393504317e-05, 8.17807631392e-06, 1.00123870652e-05, 6.86194061927e-06, 3.80276514989e-06, 3.10616837851e-06, 2.61388413492e-06, 1.5153715367e-06, 1.09290238015e-06, 8.20698801363e-07, 9.40113181969e-07, 1.12766485927e-06, 8.99498957097e-07, 1.03915488125e-06, 1.10391670205e-06, 1.02667945612e-06, 5.83991379699e-07]
    },
    "melbands128": {
        "max": [7.50316539779e-05, 8.83690227056e-05, 0.000466819270514, 0.000874724064488, 0.00241678254679, 0.0025394319091, 0.0033332190942, 0.00583171285689, 0.00852149818093, 0.00397482281551, 0.00981510803103, 0.0137910414487, 0.00771548599005, 0.0107858749107, 0.0264210999012, 0.0120343714952, 0.00961465574801, 0.0103674093261, 0.0172982271761, 0.0144411763176, 0.0201295483857, 0.0142211643979, 0.0248149298131, 0.0430683232844, 0.0951873958111, 0.0328545197845, 0.0398862957954, 0.0282280556858, 0.0152688296512, 0.00798336323351, 0.0101296696812, 0.017241070047, 0.0141017427668, 0.00382069125772, 0.00223624752834, 0.00653868913651, 0.0077318684198, 0.00551859894767, 0.00482154870406, 0.00603600544855, 0.00312278000638, 0.00265341252089, 0.00258129881695, 0.00399828050286, 0.00139085017145, 0.000677928212099, 0.000841963046696, 0.000749040569644, 0.000959533033893, 0.000937116099522, 0.000564716174267, 0.000376659125322, 0.000402087433031, 0.000621716142632, 0.000829463475384, 0.000223509632633, 0.000214733780012, 0.00031023460906, 0.000459503411548, 0.000254470010987, 0.000121587785543, 9.07988651306e-05, 0.000167203950696, 0.000145541722304, 0.000161813266459, 0.000282696273644, 0.000175788271008, 0.000155233748956, 0.000153413624503, 0.000135218258947, 7.83883733675e-05, 6.08309310337e-05, 0.000114186652354, 8.42696899781e-05, 7.86189120845e-05, 3.58409597538e-05, 2.02400387934e-05, 4.44315337518e-05, 2.4455572202e-05, 2.06164204428e-05, 2.02913270186e-05, 3.15116521961e-05, 1.09924803837e-05, 1.13327814688e-05, 1.46653655975e-05, 1.20017330119e-05, 1.50040759763e-05, 1.89787369891e-05, 1.2311633327e-05, 1.35593909363e-05, 1.47318614836e-05, 8.37011884869e-06, 1.14549129648e-05, 2.07312405109e-05, 1.40643669511e-05, 2.39955479628e-05, 2.4597353331e-05, 3.34449359798e-05, 2.15356649278e-05, 1.72174404725e-05, 1.19358937809e-05, 9.02955252968e-06, 1.20769609566e-05, 7.06181890564e-06, 5.0909516176e-06, 2.29841975852e-06, 1.05476635781e-06, 1.05168953723e-06, 7.61644287195e-07, 9.29551404738e-08, 3.67748143049e-09, 3.77993059075e-09, 3.42396311304e-09, 3.53827833699e-09, 3.58419005586e-09, 3.28418248152e-09, 2.36139885423e-09, 2.32761765417e-09, 2.28247976075e-09, 2.26470509013e-09, 2.23368346042e-09, 2.19925344602e-09, 2.18167484078e-09, 2.16723461399e-09, 2.1523498539e-09, 2.12876227756e-09, 2.12641615427e-09, 2.11548889517e-09],
        "mean": [4.49872914032e-06, 4.4953599172e-06, 1.5802179405e-05, 3.39553334925e-05, 6.51600348647e-05, 8.65811307449e-05, 0.000129818537971, 0.000264977978077, 0.000276043196209, 0.000190149599803, 0.000268352974672, 0.000333715986926, 0.000367154221749, 0.00037812825758, 0.000518603425007, 0.000356526841642, 0.000257117877482, 0.000383659615181, 0.000520302681252, 0.000413613714045, 0.000331878371071, 0.000397754687583, 0.000439161114627, 0.000402163568651, 0.000528293196112, 0.000375894480385, 0.000198881840333, 0.000216489337618, 0.000177896334208, 0.000222890535952, 0.000495181535371, 0.000728651764803, 0.000202891867957, 0.000149756742758, 7.19444506103e-05, 6.65854895487e-05, 8.77067504916e-05, 6.63960017846e-05, 7.1391761594e-05, 0.000107799271063, 0.000201489136089, 0.000116566225188, 5.98902406637e-05, 5.28484270035e-05, 2.7618061722e-05, 3.12836091325e-05, 2.99268722301e-05, 2.03637628147e-05, 1.74038177647e-05, 1.70961047843e-05, 2.09510235436e-05, 1.77499568963e-05, 1.30643256853e-05, 1.18441012091e-05, 1.37246661325e-05, 8.02937756816e-06, 7.81098242442e-06, 1.27699968289e-05, 1.01349442048e-05, 1.25346005007e-05, 5.68332461626e-06, 3.89281785829e-06, 5.53747759113e-06, 4.62428852188e-06, 4.11453447668e-06, 4.62719299321e-06, 4.43856470156e-06, 2.94828805636e-06, 2.51526489592e-06, 2.45011415245e-06, 1.28260330712e-06, 1.7696957002e-06, 1.0385231235e-06, 7.8484487176e-07, 8.75385467225e-07, 1.25304927678e-06, 8.39185531731e-07, 5.26230394371e-07, 6.85367524511e-07, 5.11811322212e-07, 4.19870104906e-07, 5.31605792276e-07, 3.57648730187e-07, 3.10629644673e-07, 5.1872871154e-07, 4.29817049508e-07, 4.21887307311e-07, 4.90903175887e-07, 6.17564921868e-07, 4.89054855279e-07, 5.43654152807e-07, 4.27924902624e-07, 3.89856666061e-07, 3.30586516384e-07, 3.62262994713e-07, 2.38971580302e-07, 2.77440960872e-07, 2.60687357923e-07, 2.38837628785e-07, 1.87668021567e-07, 1.65316635048e-07, 1.09899239931e-07, 1.34269924956e-07, 8.05628488365e-08, 6.33858405763e-08, 4.45720793607e-08, 3.50807347616e-08, 2.93377837579e-08, 1.5534048714e-08, 1.32367694583e-09, 7.70308556525e-12, 7.4782463208e-12, 7.0994291175e-12, 7.03607311303e-12, 6.94878789925e-12, 6.65426307805e-12, 5.591897171e-12, 4.44868924684e-12, 4.33179447173e-12, 4.25771180465e-12, 4.17733903024e-12, 4.10439217335e-12, 4.03992854794e-12, 3.98158459328e-12, 3.94428587014e-12, 3.91274252581e-12, 3.88912253096e-12, 3.86350500203e-12],
        "min": [1.51808441905e-25, 8.43997056292e-25, 1.00033321467e-24, 1.00929891468e-24, 5.56707916892e-25, 1.24209364135e-24, 2.7013670008e-24, 5.28366649201e-24, 2.4002073201e-24, 3.71438943756e-24, 4.04804683489e-24, 4.85417511647e-24, 2.53956452939e-24, 1.13013327548e-24, 1.17655858778e-23, 2.42069107958e-24, 1.87513440184e-24, 4.11933303945e-24, 6.15505723627e-24, 5.31967010372e-24, 3.84226221257e-24, 8.36185538672e-24, 3.7116221135e-24, 3.28635607418e-24, 2.77548087728e-24, 7.14413389886e-25, 1.30048749214e-24, 2.03814323879e-24, 3.33462390917e-24, 3.88517427366e-24, 2.11118781431e-24, 5.02672897315e-24, 5.4023869028e-24, 6.14187655384e-24, 5.69440348839e-24, 8.38310098862e-24, 4.6343574475e-24, 4.72830525929e-24, 2.79159375569e-24, 4.5626523578e-24, 3.34504515616e-24, 2.21926570263e-24, 5.07377269323e-24, 9.4235359474e-24, 4.15667100939e-24, 4.61693624327e-24, 8.81717091286e-24, 3.0404251371e-24, 6.16222561532e-24, 5.91591247513e-24, 4.35033281174e-24, 6.01662358589e-24, 4.57819804523e-24, 2.56436888005e-24, 2.32812061894e-24, 3.07574500363e-24, 2.61418347406e-24, 2.03313890242e-24, 3.50822300656e-24, 5.51251306846e-24, 6.69329860963e-24, 2.66803072502e-24, 7.39764805721e-24, 7.13448563695e-24, 7.90836055156e-24, 4.79657367646e-24, 5.42461739754e-24, 7.72548839423e-24, 5.39030549804e-24, 4.46779775041e-24, 6.23692364329e-24, 4.89903132526e-24, 7.89021280643e-24, 3.70214710517e-24, 6.11819455503e-24, 7.78298452131e-24, 7.05535105524e-24, 3.63305945595e-24, 6.63997397902e-24, 3.27341106394e-24, 6.75318735183e-24, 8.48875470738e-24, 5.35198934058e-24, 3.25006295052e-24, 6.23338875758e-24, 8.22698068231e-24, 6.61130559043e-24, 7.75694343396e-24, 5.03128937804e-24, 8.48147509895e-24, 1.08335064864e-23, 7.95344000798e-24, 8.91897577926e-24, 6.50710258688e-24, 4.85507284018e-24, 5.93270732381e-24, 5.84198279768e-24, 5.7688597305e-24, 6.14306418393e-24, 5.04610734129e-24, 7.6785243491e-24, 7.24980605724e-24, 6.17658603924e-24, 7.86247330156e-24, 9.70440435068e-24, 7.80797800137e-24, 9.49147580401e-24, 7.31992316994e-24, 6.13068892848e-24, 9.54081510932e-24, 1.00199684343e-23, 8.94939820007e-24, 8.09717362036e-24, 6.81189595812e-24, 8.59419622255e-24, 5.69356059051e-24, 8.00299625005e-24, 9.09211339302e-24, 7.17735076082e-24, 7.85637619562e-24, 5.58183185392e-24, 7.16894150357e-24, 6.95222721341e-24, 8.90750731942e-24, 6.78970766744e-24, 8.74238689904e-24, 7.53169603539e-24, 1.06551197921e-23],
        "stdev": [4.82078121422e-06, 6.08839491179e-06, 2.75907787e-05, 6.8307032052e-05, 0.000173908774741, 0.000192174527911, 0.000275771773886, 0.000648504763376, 0.000795721251052, 0.000405938946642, 0.000804937502835, 0.00105096248444, 0.000868613715284, 0.00096024008235, 0.0018860938726, 0.000960423669312, 0.000695839058608, 0.000878569844645, 0.00115940743126, 0.00101605791133, 0.00109703617636, 0.00120299262926, 0.0015916217817, 0.0021376258228, 0.00342241581529, 0.00151030928828, 0.00115680182353, 0.00112671230454, 0.000804173643701, 0.000653965980746, 0.00130814802833, 0.00204976485111, 0.00071829877561, 0.000414891197579, 0.000188037127373, 0.000281777989585, 0.000416555587435, 0.000314212811645, 0.000220937901759, 0.000338333804393, 0.000412454130128, 0.000279841886368, 0.000140310105053, 0.000161195843248, 7.20405660104e-05, 5.84043264098e-05, 5.99017148488e-05, 4.07443476433e-05, 3.57878197974e-05, 3.89632295992e-05, 4.26761871495e-05, 3.70267152903e-05, 2.85463902401e-05, 2.67119030468e-05, 3.29399699694e-05, 1.65832861967e-05, 1.47632745211e-05, 2.95844565699e-05, 2.76594910247e-05, 2.51589954132e-05, 1.22217970784e-05, 7.63212392485e-06, 1.50262494572e-05, 1.01021087175e-05, 9.54155348154e-06, 1.30470161821e-05, 1.1919404642e-05, 8.93256037671e-06, 8.00615907792e-06, 7.10483527655e-06, 3.42843691215e-06, 5.24731512996e-06, 3.77601691071e-06, 3.13369014293e-06, 3.70399084204e-06, 3.94096969103e-06, 2.39349628828e-06, 1.61117702646e-06, 2.11959672924e-06, 1.38185941978e-06, 1.01670855202e-06, 1.65605831626e-06, 8.10181177258e-07, 6.420691534e-07, 1.35432992465e-06, 9.50283947532e-07, 1.05209085177e-06, 1.32736261094e-06, 1.46853312799e-06, 1.02567366866e-06, 1.19920025554e-06, 9.37559150316e-07, 1.03040588328e-06, 1.17520232834e-06, 1.23443203393e-06, 1.07891526113e-06, 1.24369182686e-06, 1.29371414914e-06, 1.17694162327e-06, 9.66469542618e-07, 6.78061383041e-07, 4.95162225889e-07, 6.44075839773e-07, 4.04837521728e-07, 2.78277525467e-07, 1.46962776171e-07, 1.07163536711e-07, 9.69038254084e-08, 5.52783419039e-08, 6.36106722851e-09, 1.10029443889e-10, 1.11390993651e-10, 1.03724182021e-10, 1.0564150249e-10, 1.0641375281e-10, 9.99085744691e-11, 7.18866771665e-11, 5.75111798462e-11, 5.6385916769e-11, 5.59299065395e-11, 5.51536559479e-11, 5.42980486962e-11, 5.38548441953e-11, 5.34893900006e-11, 5.31158519945e-11, 5.25324957146e-11, 5.24687723824e-11, 5.21994045211e-11]
    },
    "mfcc": {
        "mean": [-713.791687012, 139.915405273, -21.7653694153, -7.55455303192, -7.50099420547, -6.67684173584, -14.5312805176, 2.79143023491, -15.3006849289, -1.33936309814, -2.33640003204, -4.34826564789, -6.20236635208],
        "cov": [[9419.91503906, 230.921401978, -2125.46313477, -543.318237305, -567.697265625, -124.0364151, 337.358917236, -163.480895996, -2.13083291054, 55.2879753113, -70.7556610107, 190.034729004, 42.042137146], [230.921401978, 1403.40368652, -111.324317932, 97.8225402832, -107.276191711, -343.339172363, -102.846626282, 11.7124814987, -182.142425537, -86.3792495728, -10.6054906845, -106.762016296, -19.328950882], [-2125.46313477, -111.324317932, 1228.26477051, 51.6234474182, 149.986755371, -7.89968633652, -186.570419312, 109.70149231, -139.65675354, -52.5549240112, 64.8806686401, -90.5748825073, -84.2074203491], [-543.318237305, 97.8225402832, 51.6234474182, 411.496002197, 105.243370056, -85.6582489014, 6.02327013016, -105.416259766, 53.7259483337, -50.835609436, -105.186462402, 0.919236242771, 35.5090751648], [-567.697265625, -107.276191711, 149.986755371, 105.243370056, 223.846191406, 50.0174102783, -24.9502239227, -4.65776348114, -8.91449069977, -21.5937309265, -18.3199558258, -2.92648291588, 6.76356363297], [-124.0364151, -343.339172363, -7.89968633652, -85.6582489014, 50.0174102783, 250.792816162, 51.3997573853, 23.184173584, 48.7389144897, 22.3915576935, 9.96238040924, 8.46391296387, -13.5333051682], [337.358917236, -102.846626282, -186.570419312, 6.02327013016, -24.9502239227, 51.3997573853, 281.457855225, -26.358663559, 69.6462631226, 23.3452148438, -59.8234519958, 78.2660140991, 44.5147171021], [-163.480895996, 11.7124814987, 109.70149231, -105.416259766, -4.65776348114, 23.184173584, -26.358663559, 152.887664795, -77.4736633301, -6.03331232071, 50.8271560669, -18.1283073425, -22.1354751587], [-2.13083291054, -182.142425537, -139.65675354, 53.7259483337, -8.91449069977, 48.7389144897, 69.6462631226, -77.4736633301, 246.990737915, 49.0620079041, -59.6587867737, 25.3591403961, 37.1324958801], [55.2879753113, -86.3792495728, -52.5549240112, -50.835609436, -21.5937309265, 22.3915576935, 23.3452148438, -6.03331232071, 49.0620079041, 123.032028198, 36.2947769165, -4.23994398117, 8.26429367065], [-70.7556610107, -10.6054906845, 64.8806686401, -105.186462402, -18.3199558258, 9.96238040924, -59.8234519958, 50.8271560669, -59.6587867737, 36.2947769165, 120.707054138, -15.9833936691, -33.195892334], [190.034729004, -106.762016296, -90.5748825073, 0.919236242771, -2.92648291588, 8.46391296387, 78.2660140991, -18.1283073425, 25.3591403961, -4.23994398117, -15.9833936691, 131.990783691, 57.7967681885], [42.042137146, -19.328950882, -84.2074203491, 35.5090751648, 6.76356363297, -13.5333051682, 44.5147171021, -22.1354751587, 37.1324958801, 8.26429367065, -33.195892334, 57.7967681885, 96.0145263672]],
        "icov": [[0.000228984848945, 6.97908835718e-05, 0.000367963541066, 0.000315522309393, 0.00019916112069, 0.000224595292821, -2.78238439932e-05, 0.00022265635198, 0.000276056292932, 1.94509466382e-05, 0.00031150309951, -0.000120188007713, 0.000273278186796], [6.97908835718e-05, 0.00137412827462, 0.000389219319914, -3.51137059624e-05, 0.000329831265844, 0.00163100776263, -0.000111875742732, -0.000117970652354, 0.000749070197344, 0.000576358928811, 0.000137026130687, 0.00120313826483, -0.000184426884516], [0.000367963541066, 0.000389219319914, 0.00174959946889, 0.000214571322431, -0.000234926774283, 0.000723824661691, 0.000328425172484, -0.000358647550456, 0.000733477936592, 0.000258435844444, 0.000281813176116, 0.000178390837391, 0.000940090219956], [0.000315522309393, -3.51137059624e-05, 0.000214571322431, 0.00514709344134, -0.00187459867448, 0.00189794087783, -0.000175484761712, 0.00243353750557, -0.000191881117644, 0.000836282910313, 0.00267115840688, 0.00033137697028, -9.23581392271e-05], [0.00019916112069, 0.000329831265844, -0.000234926774283, -0.00187459867448, 0.00678391102701, -0.00188295880798, 0.000665998435579, -1.84582477232e-05, 0.00116227206308, 0.000128882660647, 0.000454330292996, -9.14625634323e-05, -0.000838327396195], [0.000224595292821, 0.00163100776263, 0.000723824661691, 0.00189794087783, -0.00188295880798, 0.00778194051236, -0.00128079997376, -0.000584354100283, -0.000652490591165, 0.000747049169149, 0.000218566361582, 0.00117798044812, 0.00140601303428], [-2.78238439932e-05, -0.000111875742732, 0.000328425172484, -0.000175484761712, 0.000665998435579, -0.00128079997376, 0.00557884154841, -0.000601088744588, 1.45503790918e-05, -0.00179861986544, 0.0031376213301, -0.00298159779049, 0.000418868323322], [0.00022265635198, -0.000117970652354, -0.000358647550456, 0.00243353750557, -1.84582477232e-05, -0.000584354100283, -0.000601088744588, 0.0103433597833, 0.00215394957922, 0.00106227851938, -0.00151425704826, 0.000896549550816, -0.000741251045838], [0.000276056292932, 0.000749070197344, 0.000733477936592, -0.000191881117644, 0.00116227206308, -0.000652490591165, 1.45503790918e-05, 0.00215394957922, 0.00732340989634, -0.00280875200406, 0.00335239106789, 0.000189021651749, -0.000485064898385], [1.94509466382e-05, 0.000576358928811, 0.000258435844444, 0.000836282910313, 0.000128882660647, 0.000747049169149, -0.00179861986544, 0.00106227851938, -0.00280875200406, 0.0125313131139, -0.00625482667238, 0.00323191634379, -0.00290048494935], [0.00031150309951, 0.000137026130687, 0.000281813176116, 0.00267115840688, 0.000454330292996, 0.000218566361582, 0.0031376213301, -0.00151425704826, 0.00335239106789, -0.00625482667238, 0.0172312930226, -0.00286259874701, 0.00426805019379], [-0.000120188007713, 0.00120313826483, 0.000178390837391, 0.00033137697028, -9.14625634323e-05, 0.00117798044812, -0.00298159779049, 0.000896549550816, 0.000189021651749, 0.00323191634379, -0.00286259874701, 0.0136458100751, -0.00746495556086], [0.000273278186796, -0.000184426884516, 0.000940090219956, -9.23581392271e-05, -0.000838327396195, 0.00140601303428, 0.000418868323322, -0.000741251045838, -0.000485064898385, -0.00290048494935, 0.00426805019379, -0.00746495556086, 0.0174155589193]]
    },
    "spectral_contrast_coeffs": {
        "max": [-0.382816463709, -0.358404874802, -0.338475942612, -0.36890822649, -0.518816590309, -0.58449614048],
        "mean": [-0.674352288246, -0.737069785595, -0.734348416328, -0.767048358917, -0.762202203274, -0.785871446133],
        "min": [-0.970329284668, -0.977297186852, -0.969637870789, -0.968646764755, -0.965372562408, -0.962990522385],
        "stdev": [0.107585385442, 0.110037080944, 0.114793226123, 0.0985205620527, 0.0728318765759, 0.0417463034391]
    },
    "spectral_contrast_valleys": {
        "max": [-5.6030292511, -4.53480911255, -4.663377285, -5.67915439606, -6.60678958893, -8.88006210327],
        "mean": [-8.05933570862, -7.03847455978, -7.73054456711, -8.20313072205, -8.78768157959, -11.2197542191],
        "min": [-27.6513881683, -27.4780845642, -27.2633342743, -27.3855876923, -27.4529151917, -27.3622970581],
        "stdev": [1.27875828743, 1.54071164131, 1.70647966862, 1.84368598461, 1.67643344402, 1.23195827007]
    }
},
"rhythm": {
    "beats_count": 66,
    "beats_loudness": {
        "max": 0.164033815265,
        "mean": 0.0221552588046,
        "min": 2.9516453651e-05,
        "stdev": 0.0234813522547
    },
    "bpm": 100.639480591,
    "bpm_histogram_first_peak_bpm": 99,
    "bpm_histogram_first_peak_weight": 0.514285683632,
    "bpm_histogram_second_peak_bpm": 105,
    "bpm_histogram_second_peak_spread": 0.400000035763,
    "bpm_histogram_second_peak_weight": 0.13846154511,
    "danceability": 1.0225789547,
    "onset_rate": 2.69488954544,
    "beats_loudness_band_ratio": {
        "max": [0.517200052738, 0.967305481434, 0.846442401409, 0.918002486229, 0.413908541203, 0.908685684204],
        "mean": [0.0818541273475, 0.26488122344, 0.323342740536, 0.264603227377, 0.0741863697767, 0.0288266614079],
        "min": [0.00117462256458, 0.0120866987854, 0.00390889681876, 0.000740657851566, 0.000862067448907, 0.000169767386978],
        "stdev": [0.112824752927, 0.262699663639, 0.212635546923, 0.236029222608, 0.094545841217, 0.111013457179]
    },
