{
"metadata": {
    "version": {
        "essentia": "2.1-beta5",
        "essentia_git_sha": "Undefined",
        "extractor": "music 2.0"
    },
    "audio_properties": {
        "analysis": {
            "equal_loudness": 0,
            "length": 12.7477550507,
            "sample_rate": 44100,
            "start_time": 0,
            "downmix": "mix"
        },
        "bit_rate": 192000,
        "length": 200.446273804,
        "lossless": 0,
        "number_channels": 2,
        "replay_gain": -1.02876853943,
        "sample_rate": 48000,
        "codec": "mp3",
        "md5_encoded": "0475fc2228dfb0ee31c6b7abdd58f052"
    },
    "tags": {
        "file_name": "France_Dors Mon Amour_André Claveau.mp3",
        "encoding": ["Lavf58.29.100"]
    }
},
"lowlevel": {
    "average_loudness": 0.946664392948,
    "barkbands_crest": {
        "max": 20.4446277618,
        "mean": 7.50553798676,
        "min": 3.15126132965,
        "stdev": 2.67313432693
    },
    "barkbands_flatness_db": {
        "max": 0.313729077578,
        "mean": 0.18086874485,
        "min": 0.0339338369668,
        "stdev": 0.0557552538812
    },
    "barkbands_kurtosis": {
        "max": 33.8191757202,
        "mean": 0.996695697308,
        "min": -1.70530545712,
        "stdev": 2.65400028229
    },
    "barkbands_skewness": {
        "max": 3.33084201813,
        "mean": 0.861070454121,
        "min": -5.32654237747,
        "stdev": 0.626858949661
    },
    "barkbands_spread": {
        "max": 69.9438781738,
        "mean": 16.3415164948,
        "min": 1.52569687366,
        "stdev": 12.6867160797
    },
    "dissonance": {
        "max": 0.499999970198,
        "mean": 0.460782587528,
        "min": 0.34866631031,
        "stdev": 0.0256319474429
    },
    "dynamic_complexity": 8.81911754608,
    "erbbands_crest": {
        "max": 19.4765701294,
        "mean": 7.11370849609,
        "min": 2.20955252647,
        "stdev": 2.77340078354
    },
    "erbbands_flatness_db": {
        "max": 0.348923951387,
        "mean": 0.240009963512,
        "min": 0.0781589746475,
        "stdev": 0.0651215240359
    },
    "erbbands_kurtosis": {
        "max": 34.6740455627,
        "mean": 0.0464598760009,
        "min": -1.55538213253,
        "stdev": 1.82117044926
    },
    "erbbands_skewness": {
        "max": 2.55697727203,
        "mean": 0.303493320942,
        "min": -3.66297101974,
        "stdev": 0.440120458603
    },
    "erbbands_spread": {
        "max": 92.1272506714,
        "mean": 25.3653964996,
        "min": 2.07892560959,
        "stdev": 17.022600174
    },
    "hfc": {
        "max": 83.0140991211,
        "mean": 17.3346920013,
        "min": 0.000338773243129,
        "stdev": 14.1531009674
    },
    "loudness_ebu128": {
        "integrated": -22.8444499969,
        "loudness_range": 5.97567939758,
        "momentary": {
            "max": -19.3036346436,
            "mean": -29.1337013245,
            "min": -63.7886810303,
            "stdev": 13.6365070343
        },
        "short_term": {
            "max": -21.8679599762,
            "mean": -23.7612991333,
            "min": -30.666059494,
            "stdev": 2.3087413311
        }
    },
    "melbands_crest": {
        "max": 24.8057975769,
        "mean": 9.64098548889,
        "min": 3.82896566391,
        "stdev": 3.77767062187
    },
    "melbands_flatness_db": {
        "max": 0.389064222574,
        "mean": 0.207111984491,
        "min": 0.058204587549,
        "stdev": 0.0561581552029
    },
    "melbands_kurtosis": {
        "max": 66.9998092651,
        "mean": 3.85107326508,
        "min": -1.4188529253,
        "stdev": 6.44985580444
    },
    "melbands_skewness": {
        "max": 5.57776546478,
        "mean": 1.40285694599,
        "min": -3.03835868835,
        "stdev": 0.996551930904
    },
    "melbands_spread": {
        "max": 95.4198379517,
        "mean": 20.5048522949,
        "min": 2.49289751053,
        "stdev": 10.0126543045
    },
    "pitch_salience": {
        "max": 0.912671089172,
        "mean": 0.645926594734,
        "min": 0.343900889158,
        "stdev": 0.0730466395617
    },
    "silence_rate_20dB": {
        "max": 1,
        "mean": 1,
        "min": 1,
        "stdev": 0
    },
    "silence_rate_30dB": {
        "max": 1,
        "mean": 1,
        "min": 1,
        "stdev": 0
    },
    "silence_rate_60dB": {
        "max": 1,
        "mean": 0.198181822896,
        "min": 0,
        "stdev": 0.39863011241
    },
    "spectral_centroid": {
        "max": 3304.22998047,
        "mean": 1164.14465332,
        "min": 351.433776855,
        "stdev": 454.607757568
    },
    "spectral_complexity": {
        "max": 39,
        "mean": 19.0036373138,
        "min": 0,
        "stdev": 10.3649768829
    },
    "spectral_decrease": {
        "max": -3.75276659791e-14,
        "mean": -5.30262456166e-09,
        "min": -2.54310545955e-08,
        "stdev": 4.16029299899e-09
    },
    "spectral_energy": {
        "max": 0.100157126784,
        "mean": 0.0215856228024,
        "min": 1.72365915319e-07,
        "stdev": 0.0169035904109
    },
    "spectral_energyband_high": {
        "max": 0.00125917349942,
        "mean": 7.9339457443e-05,
        "min": 1.7758505777e-08,
        "stdev": 0.000108114974864
    },
    "spectral_energyband_low": {
        "max": 0.0108255306259,
        "mean": 0.000993160414509,
        "min": 1.12983080669e-08,
        "stdev": 0.0018080023583
    },
    "spectral_energyband_middle_high": {
        "max": 0.0410416722298,
        "mean": 0.00805111322552,
        "min": 1.11087310017e-07,
        "stdev": 0.00728457281366
    },
    "spectral_energyband_middle_low": {
        "max": 0.0901661813259,
        "mean": 0.0126791670918,
        "min": 3.58868632588e-08,
        "stdev": 0.0108372364193
    },
    "spectral_entropy": {
        "max": 8.47508430481,
        "mean": 7.34847545624,
        "min": 5.97386074066,
        "stdev": 0.465439260006
    },
    "spectral_flux": {
        "max": 0.182903632522,
        "mean": 0.0629245117307,
        "min": 0.00041516975034,
        "stdev": 0.036853197962
    },
    "spectral_kurtosis": {
        "max": 51.3614807129,
        "mean": 8.75899982452,
        "min": 0.326723814011,
        "stdev": 7.53628015518
    },
    "spectral_rms": {
        "max": 0.00988505315036,
        "mean": 0.00399900460616,
        "min": 1.2967724615e-05,
        "stdev": 0.00225102365948
    },
    "spectral_rolloff": {
        "max": 6266.16210938,
        "mean": 1444.72058105,
        "min": 322.998046875,
        "stdev": 730.761779785
    },
    "spectral_skewness": {
        "max": 5.45478868484,
        "mean": 1.80746686459,
        "min": 0.784825026989,
        "stdev": 0.72794675827
    },
    "spectral_spread": {
        "max": 8682849,
        "mean": 2827408.75,
        "min": 1082168,
        "stdev": 1682447
    },
    "spectral_strongpeak": {
        "max": 7.7546005249,
        "mean": 1.20620262623,
        "min": 0,
        "stdev": 1.04686021805
    },
    "zerocrossingrate": {
        "max": 0.20166015625,
        "mean": 0.0542782321572,
        "min": 0.015625,
        "stdev": 0.0259583480656
    },
    "barkbands": {
        "max": [8.35444152472e-05, 0.00242392346263, 0.00915913656354, 0.00977138150483, 0.0150015177205, 0.06394649297, 0.0250175315887, 0.0358038432896, 0.0150807546452, 0.0221619904041, 0.0124088050798, 0.0149598438293, 0.0143273761496, 0.00868131313473, 0.0084204049781, 0.00306926271878, 0.00245588505641, 0.00246926257387, 0.00342972413637, 0.000522410846315, 0.000516263360623, 0.000339059974067, 3.60900994565e-05, 2.97079986922e-05, 8.64681442181e-06, 2.30898962172e-07, 1.63362486205e-07],
        "mean": [2.13596672438e-06, 0.000177594702109, 0.00065293564694, 0.000661159458105, 0.00180339219514, 0.00229642051272, 0.00291166850366, 0.00218609860167, 0.00269717699848, 0.00206142058596, 0.000862852903083, 0.00143843016122, 0.00123575830366, 0.000908461632207, 0.000545901304577, 0.000381174788345, 0.000271148106549, 0.000210799029446, 0.00015328907466, 7.25821955712e-05, 3.55503361789e-05, 1.44728592204e-05, 3.86085548598e-06, 1.07562698304e-06, 2.80822860077e-07, 1.21379062357e-09, 1.15165832426e-09],
        "min": [8.5401624661e-10, 3.66885899439e-09, 4.64597427197e-09, 5.09211961486e-09, 1.80469807987e-08, 6.71451871881e-09, 1.47455891941e-09, 8.25080892497e-10, 2.53056287036e-09, 3.15300763276e-09, 4.34803659743e-09, 7.23385795709e-09, 2.37251196467e-09, 4.86797668842e-09, 5.15270448531e-09, 5.49759016089e-10, 1.0164029618e-09, 1.58170809783e-09, 1.15559553038e-08, 1.32147803811e-08, 4.54901005753e-09, 3.90221271962e-10, 6.43388509136e-10, 1.6235010003e-09, 1.1314178483e-09, 9.42699598938e-11, 1.01570883648e-10],
        "stdev": [4.56753878098e-06, 0.00033536736737, 0.00142430246342, 0.00110211176798, 0.00225701509044, 0.00400872295722, 0.00363502069376, 0.00354137341492, 0.00273506855592, 0.00274868449196, 0.00146463001147, 0.00207123206928, 0.00140790012665, 0.00115030503366, 0.000672409310937, 0.00042856921209, 0.000355419877451, 0.000264622882241, 0.000236970357946, 8.8187858637e-05, 5.0242371799e-05, 2.38127449848e-05, 5.11195912622e-06, 2.10837993109e-06, 5.6939938986e-07, 9.85741088755e-09, 7.01040114848e-09]
    },
    "erbbands": {
        "max": [0.0231579467654, 0.883577883244, 9.368516922, 13.8164596558, 51.9439849854, 52.1885299683, 294.401763916, 470.260498047, 425.304046631, 280.784759521, 694.957092285, 377.834289551, 269.534393311, 815.791748047, 403.352478027, 334.520324707, 755.073791504, 363.478546143, 484.921630859, 347.122680664, 200.695755005, 142.169937134, 121.878768921, 89.0703811646, 211.526611328, 45.0823173523, 23.1524772644, 19.7414627075, 12.6605300903, 2.16025686264, 1.14414405823, 0.842304050922, 0.417332321405, 0.156655788422, 0.0222811587155, 0.00151530758012, 0.000446768797701, 0.000129950829432, 5.15607935085e-05, 0.000112549685582],
        "mean": [0.00146100111306, 0.0659234523773, 0.704221069813, 1.24446868896, 4.61335468292, 6.19773387909, 11.0859136581, 21.5812282562, 45.1528968811, 32.7606735229, 50.2909545898, 55.7170791626, 57.7238731384, 61.7314338684, 52.6762199402, 43.0166511536, 59.2832107544, 37.5076560974, 42.1810302734, 25.5178394318, 22.8725719452, 15.3343782425, 13.0327596664, 9.09260559082, 6.18227529526, 3.788885355, 1.9728962183, 0.98258048296, 0.550210952759, 0.229997783899, 0.0935492739081, 0.0331766158342, 0.0135681517422, 0.00519668124616, 0.000961199984886, 4.43619574071e-05, 1.23253375932e-05, 3.74768183065e-06, 1.16086966955e-05, 2.53932594205e-05],
        "min": [1.20796542546e-07, 8.11813379187e-07, 4.48087121185e-06, 1.22630935948e-05, 3.59268851753e-05, 6.19363563601e-05, 7.47327212594e-05, 4.4737214921e-05, 2.75371203315e-05, 1.03918273453e-05, 2.61786608462e-05, 5.96562931605e-05, 0.000177570647793, 0.00021702349477, 0.000235003986745, 0.000395671348087, 0.000156226742547, 0.000180891845957, 0.00037505623186, 0.000158707101946, 4.03381709475e-05, 4.67689424113e-05, 6.79058648529e-05, 0.00038133765338, 0.000619237194769, 0.000664891384076, 0.000457688933238, 3.7821206206e-05, 1.32118229885e-05, 1.11649978862e-05, 2.12970553548e-05, 3.38367754011e-05, 2.50605626206e-05, 1.49211200551e-05, 6.93680203767e-06, 4.40826539716e-07, 2.17814857706e-07, 6.88578083441e-08, 1.74575625067e-08, 1.45569001297e-09],
        "stdev": [0.00259420159273, 0.1286200881, 1.50632822514, 1.81308686733, 6.71912479401, 8.14999961853, 20.6051044464, 30.2331466675, 56.8619117737, 39.9397583008, 71.8193359375, 60.4368934631, 55.0952796936, 87.9619979858, 66.5446395874, 52.5095596313, 69.6087036133, 43.1020011902, 49.2317276001, 34.1723747253, 26.0212841034, 19.0245513916, 15.7578268051, 11.3183460236, 11.7712154388, 4.9210190773, 2.70874214172, 1.51969015598, 0.858715832233, 0.287104159594, 0.131151244044, 0.0598270632327, 0.0275475066155, 0.0108633674681, 0.00172982458025, 7.93803919805e-05, 2.06492804864e-05, 6.08108666711e-06, 9.14179327083e-06, 1.98680208996e-05]
    },
    "gfcc": {
        "mean": [-116.501663208, 152.058837891, -181.087966919, 13.2460861206, -67.7444763184, -7.92140436172, -30.573633194, -13.517288208, -11.067984581, -17.2718238831, -1.23436141014, -19.0558605194, 0.645434260368],
        "cov": [[22884.0097656, 5424.67529297, -5132.69824219, -2049.14770508, 34.1954231262, -2657.72436523, 927.67565918, -1682.49707031, 586.778198242, -1037.46411133, 251.812179565, -642.449462891, 88.354675293], [5424.67529297, 2016.30505371, -829.796569824, -625.494018555, 194.028656006, -686.762329102, 231.293212891, -465.629394531, 111.189048767, -302.888519287, 44.4284973145, -183.514022827, 39.4091873169], [-5132.69824219, -829.796569824, 1606.20373535, 528.620361328, 109.181549072, 648.294433594, -207.273132324, 361.52935791, -157.837432861, 209.008026123, -78.421546936, 123.600921631, -22.7274799347], [-2049.14770508, -625.494018555, 528.620361328, 409.7918396, 36.7382583618, 323.16809082, -69.1399230957, 179.093536377, -68.740852356, 89.7876281738, -37.6594314575, 49.2527999878, -27.2883167267], [34.1954231262, 194.028656006, 109.181549072, 36.7382583618, 137.85975647, 36.9292488098, 35.9116172791, 0.0583982914686, -13.2086639404, -15.1680011749, -8.78354072571, -12.0251312256, -6.50514936447], [-2657.72436523, -686.762329102, 648.294433594, 323.16809082, 36.9292488098, 435.487304688, -62.8345413208, 233.081192017, -65.8853149414, 128.211502075, -35.0828819275, 77.5599517822, -20.1590423584], [927.67565918, 231.293212891, -207.273132324, -69.1399230957, 35.9116172791, -62.8345413208, 108.817672729, -41.3567504883, 30.1779727936, -39.7300605774, 5.95423460007, -23.3696212769, -5.76018333435], [-1682.49707031, -465.629394531, 361.52935791, 179.093536377, 0.0583982914686, 233.081192017, -41.3567504883, 191.534179688, -16.6908874512, 87.0122528076, -12.0320749283, 56.6676750183, 0.129224821925], [586.778198242, 111.189048767, -157.837432861, -68.740852356, -13.2086639404, -65.8853149414, 30.1779727936, -16.6908874512, 68.4973068237, 0.469737410545, 15.6355962753, -3.37496209145, 2.52649688721], [-1037.46411133, -302.888519287, 209.008026123, 89.7876281738, -15.1680011749, 128.211502075, -39.7300605774, 87.0122528076, 0.469737410545, 101.845809937, 12.9239311218, 42.5076293945, -8.06050682068], [251.812179565, 44.4284973145, -78.421546936, -37.6594314575, -8.78354072571, -35.0828819275, 5.95423460007, -12.0320749283, 15.6355962753, 12.9239311218, 46.4399528503, 14.2619628906, 4.95251512527], [-642.449462891, -183.514022827, 123.600921631, 49.2527999878, -12.0251312256, 77.5599517822, -23.3696212769, 56.6676750183, -3.37496209145, 42.5076293945, 14.2619628906, 52.9444770813, 8.50180149078], [88.354675293, 39.4091873169, -22.7274799347, -27.2883167267, -6.50514936447, -20.1590423584, -5.76018333435, 0.129224821925, 2.52649688721, -8.06050682068, 4.95251512527, 8.50180149078, 40.1640205383]],
        "icov": [[0.00121679902077, -0.0029371639248, 0.00275193271227, -0.00267252651975, 0.00266557722352, -0.000630859285593, -0.000834344245959, 0.000970950815827, -0.00127373682335, 0.000203173185582, -0.000774623826146, 0.000732509652153, 3.13120779083e-07], [-0.0029371639248, 0.0187189597636, -0.0138462837785, 0.0133557962254, -0.0181124657393, 0.00849831849337, -0.00771457329392, 0.0107239568606, -0.00989875290543, 0.0130853094161, -0.0104923369363, 0.010701848194, -0.0081985918805], [0.00275193271227, -0.0138462837785, 0.0133511777967, -0.0101681919768, 0.0108271744102, -0.00742955133319, 0.00728820962831, -0.00701075419784, 0.00711103901267, -0.00933585315943, 0.0081952335313, -0.00738893216476, 0.00550373410806], [-0.00267252651975, 0.0133557962254, -0.0101681919768, 0.0167208556086, -0.0138383163139, 0.00209369580261, -0.00203593145125, 0.00362140918151, -0.00294155580923, 0.00793881807476, -0.00459745200351, 0.00606865482405, -0.00205247849226], [0.00266557722352, -0.0181124657393, 0.0108271744102, -0.0138383163139, 0.0292211100459, -0.00913184694946, 0.00138788647018, -0.00855148863047, 0.00958395376801, -0.01050361339, 0.0073090842925, -0.0070912190713, 0.00689773634076], [-0.000630859285593, 0.00849831849337, -0.00742955133319, 0.00209369580261, -0.00913184694946, 0.0194379594177, -0.00979370996356, -0.000338412151905, -0.00169084733352, 0.00223601888865, -0.00173002388328, 0.00164273823611, -0.00243800622411], [-0.000834344245959, -0.00771457329392, 0.00728820962831, -0.00203593145125, 0.00138788647018, -0.00979370996356, 0.0279449336231, -0.0129162706435, 0.00669562956318, -0.00641377037391, 0.00995268020779, -0.00998315680772, 0.0106819914654], [0.000970950815827, 0.0107239568606, -0.00701075419784, 0.00362140918151, -0.00855148863047, -0.000338412151905, -0.0129162706435, 0.0353903919458, -0.0218051075935, 0.0128787690774, -0.0136114042252, 0.0111756557599, -0.0144171779975], [-0.00127373682335, -0.00989875290543, 0.00711103901267, -0.00294155580923, 0.00958395376801, -0.00169084733352, 0.00669562956318, -0.0218051075935, 0.0421419367194, -0.0241049360484, 0.0165987163782, -0.0167673695832, 0.0102880951017], [0.000203173185582, 0.0130853094161, -0.00933585315943, 0.00793881807476, -0.01050361339, 0.00223601888865, -0.00641377037391, 0.0128787690774, -0.0241049360484, 0.0436394773424, -0.0261095557362, 0.0109833935276, -0.00354670151137], [-0.000774623826146, -0.0104923369363, 0.0081952335313, -0.00459745200351, 0.0073090842925, -0.00173002388328, 0.00995268020779, -0.0136114042252, 0.0165987163782, -0.0261095557362, 0.051292065531, -0.030739877373, 0.00919784326106], [0.000732509652153, 0.010701848194, -0.00738893216476, 0.00606865482405, -0.0070912190713, 0.00164273823611, -0.00998315680772, 0.0111756557599, -0.0167673695832, 0.0109833935276, -0.030739877373, 0.0575492419302, -0.0190942212939], [3.13120779083e-07, -0.0081985918805, 0.00550373410806, -0.00205247849226, 0.00689773634076, -0.00243800622411, 0.0106819914654, -0.0144171779975, 0.0102880951017, -0.00354670151137, 0.00919784326106, -0.0190942212939, 0.037682171911]]
    },
    "melbands": {
        "max": [0.00033652302227, 0.00321307918057, 0.00404440192506, 0.00385321839713, 0.00831932574511, 0.0111630493775, 0.00587586918846, 0.00465494999662, 0.00477012712508, 0.00213947589509, 0.00148144003469, 0.0036035371013, 0.0018836989766, 0.00202594953589, 0.00089029740775, 0.00131271174178, 0.000653379131109, 0.000959898228757, 0.000381940422812, 0.000293322751531, 0.000248641881626, 0.000148821985931, 0.000163934673765, 0.000181145165698, 7.88451434346e-05, 0.000130416388856, 9.86996892607e-05, 2.05603701033e-05, 1.48956814883e-05, 1.13295545816e-05, 1.22755100165e-05, 8.68323695613e-06, 3.17873991662e-06, 7.59379076953e-07, 6.91193633884e-07, 5.20504613633e-07, 4.9446725825e-07, 2.79814003079e-07, 2.13626748291e-07, 1.0599492839e-07],
        "mean": [2.78535444522e-05, 0.000256067112787, 0.000335819349857, 0.000405782921007, 0.000362995226169, 0.000510066398419, 0.000637296412606, 0.000405918370234, 0.000404561636969, 0.000351549213519, 0.000300709711155, 0.000273606390692, 0.000161680698511, 0.000179743219633, 0.000111930123239, 0.000109116524982, 6.6146334575e-05, 7.80232148827e-05, 3.501079118e-05, 2.71187200269e-05, 2.55440972978e-05, 1.49816542034e-05, 1.408944172e-05, 1.0637350897e-05, 6.89405214871e-06, 5.82032180318e-06, 3.30669126924e-06, 2.16128205466e-06, 1.38476195843e-06, 7.32565638373e-07, 5.15125520906e-07, 3.52186191321e-07, 1.91034047248e-07, 1.04004215018e-07, 5.84823283134e-08, 2.95784801096e-08, 1.64917359768e-08, 1.02111705758e-08, 5.99199756479e-09, 3.79226205993e-09],
        "min": [1.07487407863e-09, 1.94490956673e-09, 2.76501466168e-09, 3.72889052969e-09, 2.74011613399e-09, 1.04363906406e-09, 3.85873916153e-10, 1.11176561013e-10, 2.24569182694e-10, 3.88178433841e-10, 8.4672652223e-10, 7.40251027143e-10, 6.19727380524e-10, 6.13067763222e-10, 8.20870205143e-10, 1.3736586868e-10, 3.91053522897e-10, 5.66649838163e-10, 3.33111094264e-10, 8.39115721352e-11, 4.79934599007e-11, 5.62053736886e-11, 3.83941142768e-11, 7.12605460751e-11, 2.3489735157e-10, 4.83688866737e-10, 3.71629199636e-10, 4.15861900471e-10, 3.50946716132e-10, 5.86823575843e-11, 6.18134276403e-12, 5.43758180843e-12, 1.00920591328e-11, 4.53653607735e-12, 1.21208971679e-11, 1.22554293103e-11, 2.67329353099e-11, 1.72166898793e-11, 1.73634301381e-11, 1.02679253988e-11],
        "stdev": [4.91681275889e-05, 0.00052652467275, 0.000480833667098, 0.000533111800905, 0.000599020393565, 0.000718384282663, 0.00077891087858, 0.000537708983757, 0.000531751778908, 0.000365148414858, 0.000295168050798, 0.000394151575165, 0.000234174993238, 0.000278355495539, 0.000124224316096, 0.000123402438476, 7.75911466917e-05, 9.57958618528e-05, 4.11641594837e-05, 3.39243342751e-05, 3.03413435176e-05, 2.01020066015e-05, 1.86709203263e-05, 1.52948232426e-05, 8.83602751856e-06, 8.8890283223e-06, 5.83741120863e-06, 2.84353745883e-06, 1.89560591934e-06, 1.10920518637e-06, 8.7212578137e-07, 5.66216840525e-07, 2.96745582773e-07, 1.26522607502e-07, 8.51720471928e-08, 4.62454394778e-08, 3.4511096203e-08, 1.95239788781e-08, 1.36520394989e-08, 8.03116773085e-09]
    },
    "melbands128": {
        "max": [3.9983260649e-05, 0.000138560804771, 0.000222107613808, 0.00171184178907, 0.00484907673672, 0.00385177507997, 0.00163661129773, 0.00653690239415, 0.00625988142565, 0.00531885679811, 0.00354879675433, 0.00242298841476, 0.00625072885305, 0.0256230551749, 0.0120677016675, 0.00447883876041, 0.00740986131132, 0.0090597961098, 0.0022169421427, 0.00536309275776, 0.00892449356616, 0.0128521695733, 0.00344505161047, 0.00490535562858, 0.00443035969511, 0.00226710480638, 0.00406256271526, 0.000960466451943, 0.00417073164135, 0.00691389571875, 0.00303179235198, 0.00236953562126, 0.00359775219113, 0.000489772879519, 0.00500168604776, 0.00130284775514, 0.00153862754814, 0.00101581041235, 0.00204029143788, 0.00304634938948, 0.000576415157411, 0.0017325632507, 0.000560231914278, 0.000347691238858, 0.00226357602514, 0.000915245036595, 0.00158040982205, 0.000435020745499, 0.000649856927339, 0.00087992392946, 0.000183328142157, 0.000237745261984, 0.000596098892856, 0.000218044617213, 0.000272948906058, 0.000278672785498, 0.000111300425488, 0.000455401168438, 0.000163453849382, 9.91332926787e-05, 0.000374534167349, 9.16570279514e-05, 5.24886454514e-05, 0.000111136141641, 0.000190876133274, 6.65313855279e-05, 0.000317574973451, 0.000186337900232, 2.15423715417e-05, 4.60956071038e-05, 2.45716837526e-05, 2.05467313208e-05, 1.80567349162e-05, 2.10886992136e-05, 1.86494180525e-05, 1.75855820999e-05, 9.38215271162e-06, 9.55033556238e-06, 1.04187547549e-05, 2.16309435928e-05, 6.17927798885e-06, 4.45214436695e-06, 8.43545967655e-06, 2.8233419016e-06, 1.24774999222e-06, 1.03608419977e-06, 1.10761959604e-06, 1.40201325394e-06, 7.85038537288e-07, 7.0568881938e-07, 7.88523720985e-07, 7.83483528721e-07, 5.2989150845e-07, 6.71752729886e-07, 3.9140905983e-07, 1.5816597454e-07, 3.85508599265e-07, 3.02212782799e-07, 2.62924032768e-07, 1.84142621151e-07, 1.33581181672e-07, 1.14943297547e-07, 1.08357845363e-07, 5.38217221902e-08, 5.81816728129e-09, 2.8686095721e-09, 2.33378560921e-09, 2.0879331597e-09, 1.84227455513e-09, 1.65855018608e-09, 1.49432011209e-09, 1.35994127071e-09, 1.24173415994e-09, 1.13682929737e-09, 1.04009356683e-09, 9.61671853261e-10, 8.99978591651e-10, 8.27267643277e-10, 7.77124087303e-10, 7.44071526615e-10, 7.07435887648e-10, 6.7250954805e-10, 6.38971986433e-10, 6.20718643152e-10, 6.00788641059e-10, 5.90907045517e-10, 5.7540094911e-10, 5.68300018156e-10],
        "mean": [1.26496718167e-06, 5.22877098774e-06, 1.2961554603e-05, 0.000117167292046, 0.000367249973351, 0.000272431818303, 0.000170280021848, 0.000428399274824, 0.000470862869406, 0.000457701040432, 0.000322945066728, 0.000254699611105, 0.000305013119942, 0.000609211798292, 0.000447236059699, 0.000395199051127, 0.000836806895677, 0.000760286638979, 0.000285488989903, 0.000271301454632, 0.000514927203767, 0.00070352217881, 0.000184405085747, 0.000396873016143, 0.000430683110608, 0.000251649238635, 0.000421168311732, 0.000131203487399, 0.000424777565058, 0.000399798271246, 0.000149029307067, 0.000151383152115, 0.000192489198525, 6.5646978328e-05, 0.0003781344858, 0.00012613760191, 2.63305373664e-05, 8.8243476057e-05, 0.000208021112485, 0.000137399023515, 5.87828326388e-05, 0.000110269502329, 4.66420133307e-05, 2.91850356007e-05, 0.000149536979734, 6.46167682135e-05, 4.31318803749e-05, 2.68060884991e-05, 3.39053658536e-05, 4.75641027151e-05, 1.13367968879e-05, 2.19700050366e-05, 4.46921440016e-05, 1.72406671481e-05, 9.82178789855e-06, 1.73811458808e-05, 1.3118959032e-05, 2.07104039873e-05, 1.14592348837e-05, 9.1724223239e-06, 1.34183774207e-05, 9.180901543e-06, 4.41176234744e-06, 6.39151585347e-06, 1.14086215035e-05, 4.06625622418e-06, 4.51610640084e-06, 3.2728005408e-06, 2.53950634033e-06, 4.4254165914e-06, 2.0021122964e-06, 1.2446674873e-06, 1.34480853831e-06, 1.70207533756e-06, 9.9977046375e-07, 7.00954558397e-07, 6.80946527609e-07, 5.23312166933e-07, 4.68717075819e-07, 5.4226040902e-07, 4.27634404332e-07, 2.30504852539e-07, 2.47411094279e-07, 2.0764670694e-07, 1.33228041932e-07, 9.34994019985e-08, 1.15847200277e-07, 7.54416547011e-08, 5.674028003e-08, 4.13060199378e-08, 3.87921978984e-08, 2.43895890151e-08, 1.97150189507e-08, 1.60194328913e-08, 1.50849164271e-08, 1.11689164584e-08, 9.82741887867e-09, 7.67760610643e-09, 5.98670180096e-09, 5.11926856461e-09, 4.6067545334e-09, 3.35111560723e-09, 3.29384830522e-09, 2.26940710668e-09, 4.33526409216e-10, 1.16471988304e-11, 1.00636643116e-11, 9.32980429025e-12, 8.70214924426e-12, 8.19005453734e-12, 7.71356589713e-12, 7.33451233775e-12, 6.96559086452e-12, 6.63205384707e-12, 6.28705160849e-12, 6.11205660736e-12, 5.97886410519e-12, 5.60786269851e-12, 5.4371290456e-12, 5.29391461224e-12, 5.0869135293e-12, 4.97876132682e-12, 4.76965862639e-12, 4.51648224029e-12, 4.26016470365e-12, 3.88440798624e-12, 3.6611781315e-12, 3.61015666146e-12],
        "min": [4.33068941819e-10, 9.49784251247e-10, 1.05259934102e-09, 1.36437805498e-09, 2.02174499364e-09, 2.35397834558e-09, 1.81104664598e-09, 2.70660382995e-09, 2.93805513252e-09, 1.39763223217e-09, 9.36488442349e-10, 1.10103404172e-09, 1.92056393011e-09, 1.90259896726e-09, 9.49139433715e-10, 5.75777980849e-10, 4.62706678528e-10, 4.19098811211e-10, 2.12748693662e-10, 3.99058910916e-11, 8.43634745396e-11, 2.21391238675e-10, 2.38772751571e-10, 2.24103374746e-10, 3.54595630636e-10, 4.8225934357e-10, 4.16509021717e-10, 2.9708796534e-10, 2.56746013338e-10, 3.79481251978e-10, 4.1558362307e-10, 2.41098363496e-10, 2.87481344285e-10, 3.7871539238e-10, 3.10152820093e-10, 2.20053100741e-10, 5.28988519655e-10, 3.24474946911e-10, 4.1466721723e-10, 1.89197837952e-10, 7.57962928533e-11, 4.99786219355e-11, 1.20551318927e-10, 4.70113004081e-10, 1.92369925545e-10, 1.76686679176e-10, 2.13183345976e-10, 3.33941319042e-10, 3.09031022994e-10, 1.54981014133e-10, 3.98834229531e-11, 2.52902455922e-11, 1.58682754436e-11, 5.21348554605e-11, 1.34449881783e-10, 3.55182896983e-11, 1.9188740874e-11, 3.81021360296e-11, 5.38484951074e-11, 2.47534596987e-11, 1.30309582569e-11, 7.53289722266e-11, 1.92027269086e-10, 1.48087542229e-10, 1.86056212104e-10, 2.3497739865e-10, 2.62596444589e-10, 1.58119170535e-10, 1.96966859489e-10, 2.26606913789e-10, 2.48528059243e-10, 2.00717470422e-10, 2.41185016403e-10, 2.22508289571e-10, 1.53259738234e-10, 6.65330152083e-11, 1.20813550136e-11, 6.10746132487e-12, 4.99857316996e-12, 6.64218810162e-12, 5.41949558147e-12, 3.82881963981e-12, 8.49606669739e-12, 1.62799877745e-11, 4.9486348179e-12, 2.63760953183e-12, 2.31476643409e-12, 1.21203949655e-11, 1.34731618223e-11, 1.0045343897e-11, 1.78495551673e-11, 9.66541516961e-12, 7.52743527233e-12, 3.56907801924e-11, 3.04921435323e-11, 2.44260237037e-11, 8.7863249662e-12, 1.47905663411e-11, 2.32542474859e-11, 1.51188887798e-11, 1.1925379087e-11, 8.83299509924e-12, 7.66526252194e-12, 2.17225820665e-11, 8.71384041312e-12, 3.7923147695e-13, 3.70289519533e-13, 3.24038511952e-13, 3.42172687753e-13, 2.98540028419e-13, 4.48875962442e-13, 4.92251530336e-13, 3.93823997935e-13, 4.22982178797e-13, 4.29642215902e-13, 3.48254194579e-13, 3.94145084409e-13, 5.12999094159e-13, 3.85300542556e-13, 4.36616915582e-13, 4.11190721229e-13, 4.23486549647e-13, 3.3174575283e-13, 3.67904789749e-13, 2.76399644275e-13, 1.08661641967e-13, 1.1339591748e-14, 3.1510573256e-16],
        "stdev": [2.55164991358e-06, 1.52735701704e-05, 2.45759165409e-05, 0.00023241242161, 0.000805916497484, 0.0005860197125, 0.000261611305177, 0.000720279116649, 0.000764240685385, 0.000699090480339, 0.000498393201269, 0.000374904921046, 0.000577376806177, 0.00156023714226, 0.000727253849618, 0.000588989933021, 0.00123420881573, 0.00104151119012, 0.000366452819435, 0.000557420018595, 0.000868363422342, 0.0013012716081, 0.000342389743309, 0.000586892769206, 0.000645244610496, 0.000335687684128, 0.000610624265391, 0.000151702741277, 0.00063636736013, 0.000723283621483, 0.00032414944144, 0.000276849488728, 0.000394544971641, 8.51793083712e-05, 0.00063698127633, 0.000205228818231, 7.61902920203e-05, 0.000136505492264, 0.000280357780866, 0.000212051410927, 7.6234988228e-05, 0.000187089462997, 6.76184135955e-05, 3.97317344323e-05, 0.000230216144701, 8.77994243638e-05, 8.55541074998e-05, 4.57347632619e-05, 6.27636181889e-05, 8.53438104969e-05, 1.97125318664e-05, 3.02809494315e-05, 6.33521267446e-05, 2.68583589786e-05, 1.85708631761e-05, 3.33292555297e-05, 1.62624855875e-05, 3.9382452087e-05, 1.86662582564e-05, 1.39801250043e-05, 2.62434241449e-05, 1.24516191136e-05, 6.80120183461e-06, 1.01694904515e-05, 1.96442160814e-05, 6.46986063657e-06, 1.6091591533e-05, 1.01727982837e-05, 3.62070818483e-06, 6.71071165925e-06, 3.06365313918e-06, 2.31896274272e-06, 2.05271089726e-06, 2.60816591435e-06, 1.9309493382e-06, 1.31605281695e-06, 1.07414609829e-06, 9.21076093618e-07, 8.69392351888e-07, 1.31276249249e-06, 6.31155501196e-07, 3.79051584787e-07, 5.64441279494e-07, 3.42258118735e-07, 1.7554290821e-07, 1.25640525539e-07, 1.6198939079e-07, 1.40449884611e-07, 9.09230237767e-08, 7.27299465098e-08, 6.69068001002e-08, 5.27765315894e-08, 4.05788647129e-08, 4.16184313679e-08, 2.96455517912e-08, 1.9473391788e-08, 2.32205312756e-08, 1.84892936517e-08, 1.59094426522e-08, 1.10353548521e-08, 9.44518863122e-09, 8.45606518141e-09, 7.23143989134e-09, 3.8588510165e-09, 6.18476547753e-10, 1.22206231246e-10, 9.94849411184e-11, 8.90268414544e-11, 7.85790946201e-11, 7.07689462587e-11, 6.37853728169e-11, 5.80722518684e-11, 5.3051729676e-11, 4.85920192972e-11, 4.44846624814e-11, 4.11482826979e-11, 3.8518788853e-11, 3.54439047556e-11, 3.33125818597e-11, 3.19046490616e-11, 3.03511105137e-11, 2.88666642673e-11, 2.74555048835e-11, 2.66947661892e-11, 2.58553126825e-11, 2.54471391875e-11, 2.47981774004e-11, 2.44979089098e-11]
    },
    "mfcc": {
        "mean": [-732.355895996, 168.736572266, -48.6622848511, 10.5344724655, -18.8781604767, -3.53153848648, -10.9237880707, -4.16943788528, -8.7084980011, -2.65860748291, -3.40860199928, -4.57878541946, -4.75131416321],
        "cov": [[25841.5546875, 5398.60009766, -5338.49658203, 3.46588754654, -2334.6628418, -671.972290039, -1119.03222656, -415.401428223, -720.185546875, -327.498291016, -321.521759033, -385.454559326, -275.52432251], [5398.60009766, 2153.28515625, -942.493652344, 8.13139915466, -385.330078125, -139.23336792, -212.900100708, -114.508735657, -152.268768311, -111.754386902, -99.9226074219, -121.856201172, -71.5088195801], [-5338.49658203, -942.493652344, 1373.17272949, 72.2916641235, 564.151855469, 190.673858643, 261.388793945, 100.42552948, 163.205963135, 62.9844818115, 59.0053367615, 79.0616531372, 47.5987205505], [3.46588754654, 8.13139915466, 72.2916641235, 126.252151489, 62.4385948181, 36.778049469, 31.9856910706, 15.4426050186, 3.65516996384, 9.27285194397, -5.15975570679, -6.8505449295, -7.94702291489], [-2334.6628418, -385.330078125, 564.151855469, 62.4385948181, 320.615570068, 103.872116089, 139.101104736, 59.7438812256, 78.4764938354, 37.3534889221, 25.2215080261, 31.7783584595, 22.9613285065], [-671.972290039, -139.23336792, 190.673858643, 36.778049469, 103.872116089, 111.508834839, 78.8302764893, 35.8090438843, 33.9872703552, 20.7188587189, 16.072473526, 17.5133094788, 13.9833135605], [-1119.03222656, -212.900100708, 261.388793945, 31.9856910706, 139.101104736, 78.8302764893, 129.367858887, 56.475063324, 46.5976295471, 26.1512451172, 15.8968439102, 20.430896759, 16.8393478394], [-415.401428223, -114.508735657, 100.42552948, 15.4426050186, 59.7438812256, 35.8090438843, 56.475063324, 78.5439529419, 42.4822044373, 19.0280818939, 12.6070156097, 7.85697460175, 8.0628862381], [-720.185546875, -152.268768311, 163.205963135, 3.65516996384, 78.4764938354, 33.9872703552, 46.5976295471, 42.4822044373, 76.1715240479, 31.2587909698, 12.4454898834, 19.3156223297, 11.431977272], [-327.498291016, -111.754386902, 62.9844818115, 9.27285194397, 37.3534889221, 20.7188587189, 26.1512451172, 19.0280818939, 31.2587909698, 45.5358276367, 19.6408367157, 10.5409965515, 6.39997816086], [-321.521759033, -99.9226074219, 59.0053367615, -5.15975570679, 25.2215080261, 16.072473526, 15.8968439102, 12.6070156097, 12.4454898834, 19.6408367157, 44.5641403198, 28.0201244354, 13.5142765045], [-385.454559326, -121.856201172, 79.0616531372, -6.8505449295, 31.7783584595, 17.5133094788, 20.430896759, 7.85697460175, 19.3156223297, 10.5409965515, 28.0201244354, 57.9166374207, 32.0649681091], [-275.52432251, -71.5088195801, 47.5987205505, -7.94702291489, 22.9613285065, 13.9833135605, 16.8393478394, 8.0628862381, 11.431977272, 6.39997816086, 13.5142765045, 32.0649681091, 50.2085876465]],
        "icov": [[0.000536359264515, -0.000582329579629, 0.00114896160085, -0.00113544147462, 0.00130918051582, -0.000868245202582, 0.000982862664387, -0.00088810606394, 0.000618717458565, -0.000440091185737, 0.000768212485127, -0.000840803259052, 0.000546482158825], [-0.000582329579629, 0.00140833749902, -0.000758830574341, 0.000861281703692, -0.00149558472913, 0.000804066483397, -0.000955906521995, 0.00139680691063, -0.00103006826248, 0.00170841661748, -0.000789612880908, 0.00172502442729, -0.000650121597573], [0.00114896160085, -0.000758830574341, 0.00574221415445, -0.00201849662699, -0.00193088047672, -0.00202879821882, 0.00106369389687, -0.000260517233983, -0.000958431162871, 0.00149797287304, 0.000514145707712, -0.0017997630639, 0.00163249019533], [-0.00113544147462, 0.000861281703692, -0.00201849662699, 0.0128580853343, -0.00581587431952, -0.000762874260545, -0.00166515214369, 0.000139080715599, 0.00237804348581, -0.00254986272193, 0.00166470499244, 0.000700628850609, 0.0012409358751], [0.00130918051582, -0.00149558472913, -0.00193088047672, -0.00581587431952, 0.0177069026977, -0.00311565771699, -0.00161343824584, -0.00219339737669, 7.78360390541e-06, -0.00224616774358, 0.00179798353929, -0.000834691978525, -3.87968575524e-05], [-0.000868245202582, 0.000804066483397, -0.00202879821882, -0.000762874260545, -0.00311565771699, 0.0186647232622, -0.00949575938284, 0.00172202533577, -0.00213952944614, 0.000582703796681, -0.00383680639789, 0.00142704532482, -0.00214770250022], [0.000982862664387, -0.000955906521995, 0.00106369389687, -0.00166515214369, -0.00161343824584, -0.00949575938284, 0.0245820730925, -0.010923428461, 0.0040335743688, -0.00446599023417, 0.00509236287326, -0.00371808628552, 0.000306954316329], [-0.00088810606394, 0.00139680691063, -0.000260517233983, 0.000139080715599, -0.00219339737669, 0.00172202533577, -0.010923428461, 0.0261279307306, -0.0138275902718, 0.00542340008542, -0.00820518285036, 0.00751178665087, -0.00275561842136], [0.000618717458565, -0.00103006826248, -0.000958431162871, 0.00237804348581, 7.78360390541e-06, -0.00213952944614, 0.0040335743688, -0.0138275902718, 0.0328209102154, -0.01828010194, 0.0112616177648, -0.0100450487807, 0.00291431532241], [-0.000440091185737, 0.00170841661748, 0.00149797287304, -0.00254986272193, -0.00224616774358, 0.000582703796681, -0.00446599023417, 0.00542340008542, -0.01828010194, 0.0422967262566, -0.019065817818, 0.00905067101121, -0.00219127023593], [0.000768212485127, -0.000789612880908, 0.000514145707712, 0.00166470499244, 0.00179798353929, -0.00383680639789, 0.00509236287326, -0.00820518285036, 0.0112616177648, -0.019065817818, 0.0441302619874, -0.0217450037599, 0.0045981942676], [-0.000840803259052, 0.00172502442729, -0.0017997630639, 0.000700628850609, -0.000834691978525, 0.00142704532482, -0.00371808628552, 0.00751178665087, -0.0100450487807, 0.00905067101121, -0.0217450037599, 0.0412856452167, -0.0196950957179], [0.000546482158825, -0.000650121597573, 0.00163249019533, 0.0012409358751, -3.87968575524e-05, -0.00214770250022, 0.000306954316329, -0.00275561842136, 0.00291431532241, -0.00219127023593, 0.0045981942676, -0.0196950957179, 0.0325501710176]]
    },
    "spectral_contrast_coeffs": {
        "max": [-0.441615104675, -0.583029866219, -0.564847826958, -0.640815019608, -0.691775679588, -0.647193014622],
        "mean": [-0.691136002541, -0.776989936829, -0.730002224445, -0.782759189606, -0.789238870144, -0.746355772018],
        "min": [-0.907031536102, -0.943435311317, -0.93853366375, -0.934794843197, -0.920051038265, -0.910059571266],
        "stdev": [0.0943070799112, 0.072980299592, 0.0927798002958, 0.0660743787885, 0.0548532493412, 0.0699634552002]
    },
    "spectral_contrast_valleys": {
        "max": [-5.63649463654, -4.66749286652, -5.89180994034, -6.14345645905, -6.44290828705, -10.1481742859],
        "mean": [-7.837911129, -6.73052501678, -7.63107442856, -7.86263942719, -8.43595027924, -12.1764421463],
        "min": [-12.3024749756, -12.3675422668, -12.1274909973, -12.8198900223, -12.2107334137, -14.9219264984],
        "stdev": [1.45459830761, 1.83625459671, 1.6514172554, 1.63139474392, 1.41762852669, 0.576794981956]
    }
},
"rhythm": {
    "beats_count": 31,
    "beats_loudness": {
        "max": 0.0614635460079,
        "mean": 0.0234330222011,
        "min": 1.15208592888e-06,
        "stdev": 0.0161643028259
    },
    "bpm": 152.045532227,
    "bpm_histogram_first_peak_bpm": 152,
    "bpm_histogram_first_peak_weight": 0.214285671711,
    "bpm_histogram_second_peak_bpm": 136,
    "bpm_histogram_second_peak_spread": 0.5,
    "bpm_histogram_second_peak_weight": 0.166666671634,
    "danceability": 0.868052899837,
    "onset_rate": 1.09723329544,
    "beats_loudness_band_ratio": {
        "max": [0.694848358631, 0.570776700974, 0.568622946739, 0.451745808125, 0.203944504261, 0.205635100603],
        "mean": [0.171578615904, 0.183289721608, 0.325876384974, 0.240679576993, 0.0920700877905, 0.0305571220815],
        "min": [0.00267692888156, 0.0314013771713, 0.0410162955523, 0.0170650202781, 0.00760606490076, 0.00112308422104],
        "stdev": [0.182849109173, 0.122404307127, 0.146646276116, 0.128742843866, 0.0471199564636, 0.0483947359025]
    },
    "beats_position": [0.383129239082, 0.789478421211, 1.19582760334, 1.59056687355, 1.98530614376, 2.39165520668, 2.7863945961, 3.1811337471, 3.5758728981, 3.97061228752, 4.35374164581, 4.74848079681, 5.13160991669, 5.52634906769, 5.92108821869, 6.31582736969, 6.6989569664, 7.0936961174, 7.52326536179, 7.94122457504, 8.35918331146, 8.77714252472, 9.2067117691, 9.64789104462, 10.077460289, 10.5186395645, 10.95981884, 11.3893871307, 11.8189563751, 12.2601356506, 12.7013149261],
