{
"metadata": {
    "version": {
        "essentia": "2.1-beta5",
        "essentia_git_sha": "Undefined",
        "extractor": "music 2.0"
    },
    "audio_properties": {
        "analysis": {
            "equal_loudness": 0,
            "length": 48.7502937317,
            "sample_rate": 44100,
            "start_time": 45.2440834045,
            "downmix": "mix"
        },
        "bit_rate": 192000,
        "length": 204.765182495,
        "lossless": 0,
        "number_channels": 2,
        "replay_gain": -4.46088218689,
        "sample_rate": 48000,
        "codec": "mp3",
        "md5_encoded": "1ed4e69ad451023ad6fab3a0ad3f563b"
    },
    "tags": {
        "file_name": "Belgium_Ma Petite Chatte_Fud Leclerc.mp3",
        "encoding": ["Lavf58.29.100"]
    }
},
"lowlevel": {
    "average_loudness": 0.525745630264,
    "barkbands_crest": {
        "max": 25.1815452576,
        "mean": 12.260720253,
        "min": 3.19777441025,
        "stdev": 4.59181118011
    },
    "barkbands_flatness_db": {
        "max": 0.369257420301,
        "mean": 0.232689082623,
        "min": 0.0694553107023,
        "stdev": 0.0480122901499
    },
    "barkbands_kurtosis": {
        "max": 82.0475997925,
        "mean": 6.65726947784,
        "min": -1.8775575161,
        "stdev": 8.1377286911
    },
    "barkbands_skewness": {
        "max": 7.84498739243,
        "mean": 1.53986513615,
        "min": -7.04413986206,
        "stdev": 1.27719783783
    },
    "barkbands_spread": {
        "max": 82.9856262207,
        "mean": 10.7141466141,
        "min": 1.15738224983,
        "stdev": 11.6492767334
    },
    "dissonance": {
        "max": 0.49991607666,
        "mean": 0.410153985023,
        "min": 0.210717558861,
        "stdev": 0.0581706091762
    },
    "dynamic_complexity": 5.81112957001,
    "erbbands_crest": {
        "max": 30.7876968384,
        "mean": 13.215546608,
        "min": 3.16303300858,
        "stdev": 5.32049798965
    },
    "erbbands_flatness_db": {
        "max": 0.418588519096,
        "mean": 0.263756543398,
        "min": 0.116905249655,
        "stdev": 0.0558558814228
    },
    "erbbands_kurtosis": {
        "max": 33.7153778076,
        "mean": 3.06805181503,
        "min": -1.90811049938,
        "stdev": 4.51169300079
    },
    "erbbands_skewness": {
        "max": 4.69944953918,
        "mean": 1.12625133991,
        "min": -4.48097085953,
        "stdev": 1.05736017227
    },
    "erbbands_spread": {
        "max": 126.23412323,
        "mean": 22.0348892212,
        "min": 2.54673838615,
        "stdev": 18.048500061
    },
    "hfc": {
        "max": 113.223884583,
        "mean": 9.94432544708,
        "min": 0.00363345746882,
        "stdev": 15.5075893402
    },
    "loudness_ebu128": {
        "integrated": -22.1570339203,
        "loudness_range": 8.03072166443,
        "momentary": {
            "max": -14.8674068451,
            "mean": -24.7571372986,
            "min": -49.7174453735,
            "stdev": 5.13153457642
        },
        "short_term": {
            "max": -17.7132492065,
            "mean": -23.2711772919,
            "min": -30.1203556061,
            "stdev": 2.80161046982
        }
    },
    "melbands_crest": {
        "max": 32.6459236145,
        "mean": 14.773563385,
        "min": 3.8521425724,
        "stdev": 5.57279253006
    },
    "melbands_flatness_db": {
        "max": 0.442249149084,
        "mean": 0.262698411942,
        "min": 0.0393321663141,
        "stdev": 0.0634706914425
    },
    "melbands_kurtosis": {
        "max": 137.376220703,
        "mean": 10.4516611099,
        "min": -1.8496286869,
        "stdev": 12.0240240097
    },
    "melbands_skewness": {
        "max": 8.43167209625,
        "mean": 1.878693223,
        "min": -3.22896957397,
        "stdev": 1.40342259407
    },
    "melbands_spread": {
        "max": 251.274978638,
        "mean": 15.6202907562,
        "min": 1.18480801582,
        "stdev": 25.9047451019
    },
    "pitch_salience": {
        "max": 0.855894327164,
        "mean": 0.592691659927,
        "min": 0.153000473976,
        "stdev": 0.116543360054
    },
    "silence_rate_20dB": {
        "max": 1,
        "mean": 1,
        "min": 1,
        "stdev": 0
    },
    "silence_rate_30dB": {
        "max": 1,
        "mean": 0.993336498737,
        "min": 0,
        "stdev": 0.0813578218222
    },
    "silence_rate_60dB": {
        "max": 1,
        "mean": 0.307948589325,
        "min": 0,
        "stdev": 0.461642295122
    },
    "spectral_centroid": {
        "max": 6458.99707031,
        "mean": 883.023925781,
        "min": 264.183441162,
        "stdev": 702.815124512
    },
    "spectral_complexity": {
        "max": 27,
        "mean": 8.79247951508,
        "min": 0,
        "stdev": 5.15158367157
    },
    "spectral_decrease": {
        "max": -1.30667850672e-12,
        "mean": -3.4182292552e-09,
        "min": -4.50827926102e-08,
        "stdev": 4.92732787905e-09
    },
    "spectral_energy": {
        "max": 0.180422469974,
        "mean": 0.0138031663373,
        "min": 5.28292594026e-06,
        "stdev": 0.0199387427419
    },
    "spectral_energyband_high": {
        "max": 0.00529901077971,
        "mean": 0.000111892957648,
        "min": 1.62358276157e-07,
        "stdev": 0.000398483534809
    },
    "spectral_energyband_low": {
        "max": 0.0184742640704,
        "mean": 0.000689034524839,
        "min": 2.75983438769e-07,
        "stdev": 0.00131835159846
    },
    "spectral_energyband_middle_high": {
        "max": 0.0576736591756,
        "mean": 0.00255660736002,
        "min": 5.1837588444e-07,
        "stdev": 0.00575286103413
    },
    "spectral_energyband_middle_low": {
        "max": 0.165312841535,
        "mean": 0.0107386931777,
        "min": 3.96329824071e-06,
        "stdev": 0.0163769703358
    },
    "spectral_entropy": {
        "max": 8.89825725555,
        "mean": 6.90376377106,
        "min": 5.69940567017,
        "stdev": 0.528031945229
    },
    "spectral_flux": {
        "max": 0.335697025061,
        "mean": 0.0529302880168,
        "min": 0.00135603989474,
        "stdev": 0.0429242551327
    },
    "spectral_kurtosis": {
        "max": 70.1653671265,
        "mean": 10.3564023972,
        "min": -1.425303936,
        "stdev": 8.75294971466
    },
    "spectral_rms": {
        "max": 0.0132673252374,
        "mean": 0.00301042175852,
        "min": 7.17918810551e-05,
        "stdev": 0.00209853728302
    },
    "spectral_rolloff": {
        "max": 9776.07421875,
        "mean": 1145.67700195,
        "min": 86.1328125,
        "stdev": 1515.7833252
    },
    "spectral_skewness": {
        "max": 6.34165811539,
        "mean": 2.23369717598,
        "min": -0.429163604975,
        "stdev": 0.957210242748
    },
    "spectral_spread": {
        "max": 29895698,
        "mean": 3153519,
        "min": 1003145.375,
        "stdev": 1681514.75
    },
    "spectral_strongpeak": {
        "max": 9.06429386139,
        "mean": 1.24077892303,
        "min": 0,
        "stdev": 1.43818902969
    },
    "zerocrossingrate": {
        "max": 0.36474609375,
        "mean": 0.0433264188468,
        "min": 0.0029296875,
        "stdev": 0.0449872091413
    },
    "barkbands": {
        "max": [3.5781886254e-05, 0.00726975966245, 0.0141552938148, 0.0019679213874, 0.0145412730053, 0.0366540662944, 0.108245581388, 0.12565150857, 0.101480104029, 0.0583625212312, 0.0075392681174, 0.0392449721694, 0.0199643149972, 0.0177675876766, 0.00865238066763, 0.00342898722738, 0.00767977489159, 0.00212202919647, 0.000683090707753, 0.00327568082139, 0.000492659397423, 0.000645696301945, 0.000909953436349, 0.00302854855545, 0.00106869579758, 1.66067411556e-06, 1.76464584456e-06],
        "mean": [1.46824584135e-06, 0.000316312245559, 0.000301725493046, 0.000151980406372, 0.000555612088647, 0.0015050402144, 0.0023781452328, 0.00193582789507, 0.00376094947569, 0.00087817304302, 0.000224004121264, 0.000407182960771, 0.000509494508151, 0.000252511003055, 0.000140815027407, 8.21736612124e-05, 0.000191307612113, 7.03047189745e-05, 2.26953943638e-05, 8.08837648947e-06, 2.31984122365e-05, 2.75961356238e-05, 1.89976162801e-05, 3.15225515806e-05, 8.04462979431e-06, 1.26655796961e-09, 1.32510658002e-09],
        "min": [1.7086795312e-09, 2.20530864681e-08, 1.85033766087e-08, 4.9340101782e-08, 2.36121962871e-07, 4.33525968901e-07, 2.4811191679e-07, 1.15864935424e-07, 1.22664161495e-07, 2.96351920781e-08, 1.05759525582e-08, 2.11904680469e-08, 1.95661655766e-08, 1.50607064597e-08, 5.47973648679e-08, 1.10941922316e-08, 1.01401420594e-08, 1.04126405276e-08, 1.25460459799e-08, 1.14155493947e-08, 1.90384845666e-08, 2.20334044343e-08, 2.29691448084e-08, 3.16497796859e-08, 9.51169809582e-09, 4.1996534722e-11, 5.16383290294e-11],
        "stdev": [2.19218895836e-06, 0.000716395617928, 0.000895156117622, 0.000209417426959, 0.000890494382475, 0.00270740152337, 0.00634925439954, 0.00714964279905, 0.0104663847014, 0.00357344094664, 0.000540370936505, 0.00172346946783, 0.00159959052689, 0.00102956558112, 0.000539755041245, 0.000189141515875, 0.000545213290025, 0.000191838029423, 5.26336298208e-05, 8.21812500362e-05, 5.60047956242e-05, 6.80615412421e-05, 7.27350561647e-05, 0.000211778082303, 5.57203384233e-05, 3.62251597608e-08, 3.84924767616e-08]
    },
    "erbbands": {
        "max": [0.108611442149, 1.91507136822, 14.196559906, 8.6210603714, 11.909324646, 42.8296432495, 162.000183105, 468.229858398, 648.261047363, 3384.53051758, 1910.91271973, 2786.80639648, 1991.99108887, 615.018493652, 255.434646606, 2009.79711914, 790.698242188, 1056.4654541, 964.09777832, 176.240737915, 324.086730957, 296.58895874, 155.949829102, 74.7692947388, 62.8308753967, 140.652297974, 15.1932544708, 29.2161445618, 24.8366775513, 27.9847145081, 34.4963111877, 56.8076820374, 63.0187911987, 22.3747234344, 1.92138922215, 0.0537766553462, 0.00334268668666, 0.00109597155824, 0.000255596911302, 0.000207183795283],
        "mean": [0.0036807730794, 0.0915786102414, 0.345155656338, 0.428926587105, 0.819593012333, 2.03695249557, 6.5210852623, 13.7816514969, 24.5955371857, 50.092830658, 47.1016731262, 88.3657226562, 45.9513282776, 14.0056915283, 9.57469081879, 20.2298660278, 23.1201400757, 15.5959796906, 9.91876125336, 5.01966571808, 7.04494714737, 9.63109207153, 4.27340173721, 2.48543810844, 0.612403810024, 0.370076298714, 0.512323796749, 1.22234320641, 1.09148895741, 0.596128761768, 0.560819029808, 0.595064342022, 0.535885035992, 0.168733716011, 0.0173351000994, 0.000496608146932, 3.80470482924e-05, 6.60209798298e-06, 8.20190871309e-06, 1.63281656569e-05],
        "min": [1.77817878466e-06, 5.6389776546e-06, 7.20989482943e-05, 0.000181944240467, 0.000347388442606, 0.000778398418333, 0.00094645092031, 0.00452154036611, 0.00258335727267, 0.00565424980596, 0.00377101986669, 0.00283113494515, 0.00255306717008, 0.00157490198035, 0.000689137261361, 0.0011719414033, 0.00125168636441, 0.00115269154776, 0.00162970006932, 0.00163478776813, 0.000757213914767, 0.000540651555639, 0.000603907275945, 0.000657474971376, 0.000632060284261, 0.000505547039211, 0.000718224036973, 0.000706132152118, 0.000748110644054, 0.000818065309431, 0.000585133675486, 0.000531348399818, 0.000494222913403, 0.000191833809367, 2.69215197477e-05, 2.64656137006e-06, 3.20996775827e-07, 8.25760650969e-08, 2.59918273571e-08, 8.08817546272e-09],
        "stdev": [0.00997937098145, 0.197774112225, 0.900771975517, 0.669382989407, 1.04702579975, 3.13481664658, 13.0724811554, 27.8539485931, 51.8134841919, 187.943862915, 126.303482056, 256.219512939, 151.828277588, 43.0091438293, 23.7595005035, 86.4736022949, 66.0194015503, 55.7049598694, 41.1007537842, 13.2716169357, 18.717168808, 25.0502510071, 11.6295080185, 6.0426068306, 1.84060037136, 3.55618572235, 1.26640021801, 2.85814332962, 2.664965868, 1.81289243698, 2.23984670639, 3.53137683868, 3.87963724136, 1.16129100323, 0.111181624234, 0.00310774962418, 0.000206987650017, 3.63477338396e-05, 1.29159170683e-05, 2.31904014072e-05]
    },
    "gfcc": {
        "mean": [-137.343658447, 149.123901367, -149.480239868, 17.044380188, -85.0740890503, -0.460110574961, -43.2743339539, -9.01607704163, 4.63577413559, -17.5868682861, -0.50028026104, -16.6671829224, -0.462340384722],
        "cov": [[5608.05859375, -144.671554565, -1037.09997559, -391.52520752, -123.509620667, 138.91003418, 431.16229248, -6.26817512512, 373.122558594, -226.659729004, 58.5690879822, 102.713844299, -206.039016724], [-144.671554565, 1526.90319824, -92.7792129517, -525.836547852, 461.282714844, -273.63470459, 243.967590332, -45.7779426575, 84.4440078735, -98.827507019, 126.248466492, -23.6351089478, -5.94528341293], [-1037.09997559, -92.7792129517, 826.463989258, 422.102661133, -43.5350837708, 152.16078186, -104.967102051, 20.0112552643, -124.264923096, 149.485015869, -11.745475769, -1.45266389847, 130.606582642], [-391.52520752, -525.836547852, 422.102661133, 867.675048828, -2.43102645874, 153.14831543, -125.215118408, 6.63313627243, -58.8367729187, 159.226867676, -42.7803535461, -9.63044834137, 128.498565674], [-123.509620667, 461.282714844, -43.5350837708, -2.43102645874, 359.247009277, -78.4504318237, 4.76609420776, 32.9458427429, 65.7707519531, 4.01382637024, 72.7163391113, -22.563287735, 2.76134443283], [138.91003418, -273.63470459, 152.16078186, 153.14831543, -78.4504318237, 356.782165527, 159.977920532, 57.6914100647, -86.0872650146, 66.560508728, -16.2701129913, -8.15586090088, 21.5760555267], [431.16229248, 243.967590332, -104.967102051, -125.215118408, 4.76609420776, 159.977920532, 452.909240723, 53.8143692017, -57.7568969727, -41.6400909424, -2.35387945175, 25.2283878326, 10.8376579285], [-6.26817512512, -45.7779426575, 20.0112552643, 6.63313627243, 32.9458427429, 57.6914100647, 53.8143692017, 164.605422974, 6.52825450897, -17.9543266296, 18.3614425659, 15.7268447876, 4.07806921005], [373.122558594, 84.4440078735, -124.264923096, -58.8367729187, 65.7707519531, -86.0872650146, -57.7568969727, 6.52825450897, 239.502593994, 16.8412704468, 8.86791133881, 4.91416454315, -66.1515960693], [-226.659729004, -98.827507019, 149.485015869, 159.226867676, 4.01382637024, 66.560508728, -41.6400909424, -17.9543266296, 16.8412704468, 165.251754761, 14.2336854935, -25.7369632721, 37.3336105347], [58.5690879822, 126.248466492, -11.745475769, -42.7803535461, 72.7163391113, -16.2701129913, -2.35387945175, 18.3614425659, 8.86791133881, 14.2336854935, 100.981582642, 25.2772140503, -7.27094316483], [102.713844299, -23.6351089478, -1.45266389847, -9.63044834137, -22.563287735, -8.15586090088, 25.2283878326, 15.7268447876, 4.91416454315, -25.7369632721, 25.2772140503, 88.1257171631, 17.6656208038], [-206.039016724, -5.94528341293, 130.606582642, 128.498565674, 2.76134443283, 21.5760555267, 10.8376579285, 4.07806921005, -66.1515960693, 37.3336105347, -7.27094316483, 17.6656208038, 113.291633606]],
        "icov": [[0.000343846215401, 9.67770247371e-05, 0.00031567827682, -8.12098442111e-05, 0.000217755863559, -0.000371435220586, -0.000289896968752, 0.000362356804544, -0.000816423154902, 0.000678203243297, -0.000698312825989, 0.000171886931639, -0.000333101954311], [9.67770247371e-05, 0.00437742192298, -0.00224681408145, 0.00246269116178, -0.00437778700143, 0.00262260437012, -0.00367498863488, 0.00297635304742, -0.00188012840226, 0.00233369460329, -0.0029046558775, 0.00305169774219, -0.00247479509562], [0.00031567827682, -0.00224681408145, 0.00361657026224, -0.00184207072016, 0.00257229432464, -0.00227139354683, 0.00227766879834, -0.00158994097728, 0.000909300986677, -0.00162002141587, 0.00100010959432, -0.00184319633991, 1.85000521924e-06], [-8.12098442111e-05, 0.00246269116178, -0.00184207072016, 0.00346351601183, -0.00307948770933, 0.000820136221591, -0.00124509993475, 0.00151735323016, -0.000763892545365, 0.000110772016342, -0.000135919850436, 0.00109174137469, -0.00250141811557], [0.000217755863559, -0.00437778700143, 0.00257229432464, -0.00307948770933, 0.00909460987896, -0.00202549225651, 0.002746300539, -0.00330186542124, -0.000480531161884, -0.000551753095351, -0.0018542209873, 0.000536918698344, 0.000412430003053], [-0.000371435220586, 0.00262260437012, -0.00227139354683, 0.000820136221591, -0.00202549225651, 0.00771558145061, -0.00413954397663, -0.000411207118304, 0.00150470389053, -0.00193850439973, -0.000533404760063, 0.00187843618914, 0.00133146275766], [-0.000289896968752, -0.00367498863488, 0.00227766879834, -0.00124509993475, 0.002746300539, -0.00413954397663, 0.00677808374166, -0.00294915563427, 0.00248857308179, -0.00188497954514, 0.00363076897338, -0.00380063522607, 0.0011454669293], [0.000362356804544, 0.00297635304742, -0.00158994097728, 0.00151735323016, -0.00330186542124, -0.000411207118304, -0.00294915563427, 0.00977489165962, -0.00330893113278, 0.00448328768834, -0.00405944185331, 0.00198416714557, -0.00296326284297], [-0.000816423154902, -0.00188012840226, 0.000909300986677, -0.000763892545365, -0.000480531161884, 0.00150470389053, 0.00248857308179, -0.00330893113278, 0.0100769614801, -0.00660371175036, 0.00573356915265, -0.0052837850526, 0.00709291407838], [0.000678203243297, 0.00233369460329, -0.00162002141587, 0.000110772016342, -0.000551753095351, -0.00193850439973, -0.00188497954514, 0.00448328768834, -0.00660371175036, 0.0146531164646, -0.00810920726508, 0.00759446620941, -0.00688987923786], [-0.000698312825989, -0.0029046558775, 0.00100010959432, -0.000135919850436, -0.0018542209873, -0.000533404760063, 0.00363076897338, -0.00405944185331, 0.00573356915265, -0.00810920726508, 0.0197918396443, -0.0104595692828, 0.00644567748532], [0.000171886931639, 0.00305169774219, -0.00184319633991, 0.00109174137469, 0.000536918698344, 0.00187843618914, -0.00380063522607, 0.00198416714557, -0.0052837850526, 0.00759446620941, -0.0104595692828, 0.020243184641, -0.00813500024378], [-0.000333101954311, -0.00247479509562, 1.85000521924e-06, -0.00250141811557, 0.000412430003053, 0.00133146275766, 0.0011454669293, -0.00296326284297, 0.00709291407838, -0.00688987923786, 0.00644567748532, -0.00813500024378, 0.0187538377941]]
    },
    "melbands": {
        "max": [0.00165002967697, 0.00522296829149, 0.00139657163527, 0.00136195332743, 0.00525608519092, 0.00903957337141, 0.00878056604415, 0.0364656038582, 0.0213827118278, 0.0189498662949, 0.0102405846119, 0.00338505068794, 0.0007472395082, 0.00365488068201, 0.00335027743131, 0.00179797073361, 0.00217887852341, 0.00191449664999, 0.000397364143282, 0.00024207754177, 0.000536915787961, 0.000431048014434, 0.000178257818334, 0.000108761858428, 6.19731581537e-05, 1.72845921043e-05, 0.000159362039994, 6.46138796583e-05, 7.38030985303e-06, 2.17203578359e-05, 2.18904260691e-05, 1.80600090971e-05, 1.68229598785e-05, 1.55057405209e-05, 2.06196946237e-05, 3.62311511708e-05, 3.19424361805e-05, 5.38786844118e-05, 4.21914628532e-05, 1.05916187749e-05],
        "mean": [6.23327505309e-05, 0.00016029906692, 8.60660875333e-05, 9.59284880082e-05, 0.000202048642677, 0.000310764909955, 0.000413510308135, 0.000525253359228, 0.000431845837738, 0.000549696502276, 0.000215122709051, 5.74353398406e-05, 2.8786034818e-05, 3.95423594455e-05, 5.78909421165e-05, 4.78672263853e-05, 2.64513200818e-05, 1.68210171978e-05, 9.5645800684e-06, 4.70702434541e-06, 9.65061281022e-06, 1.17074205264e-05, 4.7016096687e-06, 3.39511780112e-06, 1.92077413885e-06, 5.30284864908e-07, 3.45849855421e-07, 1.95854070739e-07, 2.18631868165e-07, 5.46795376977e-07, 7.73358124206e-07, 6.71938323649e-07, 4.18707912786e-07, 2.95569890341e-07, 3.10168246642e-07, 3.45782098066e-07, 3.71786200049e-07, 4.17027621324e-07, 2.70803241165e-07, 9.76224114879e-08],
        "min": [1.31660211622e-08, 4.49643877687e-08, 5.56950396913e-08, 7.54931477331e-08, 3.75873057123e-08, 1.10600673509e-07, 3.33069252179e-08, 5.37500710607e-08, 2.47947475884e-08, 1.49357326507e-08, 1.21545689069e-08, 5.99440364013e-09, 1.81518933218e-09, 2.61862576068e-09, 3.33732286251e-09, 2.40918107686e-09, 1.91740112676e-09, 1.9029824383e-09, 4.11678913181e-09, 5.82143833139e-10, 8.42076464114e-10, 5.10659847741e-10, 5.06304720371e-10, 4.49723008833e-10, 4.71760575049e-10, 4.18920814704e-10, 4.62824112368e-10, 3.07797010102e-10, 3.15141801543e-10, 3.83977238894e-10, 3.37124855809e-10, 3.83965359507e-10, 3.86844611899e-10, 4.30160490561e-10, 2.91831642185e-10, 3.51318280023e-10, 2.80647283191e-10, 2.88446044827e-10, 2.09870690271e-10, 1.14264042672e-10],
        "stdev": [0.000152082095155, 0.000348083907738, 0.000115250491945, 0.000122033052321, 0.000380774174118, 0.000588660419453, 0.000903279753402, 0.00202890136279, 0.00128625030629, 0.00161196896806, 0.000760274764616, 0.00020854784816, 6.79153745295e-05, 0.000154839639436, 0.000214233165025, 0.000152642358444, 0.000107688210846, 7.86561795394e-05, 3.0975046684e-05, 1.08562599053e-05, 2.95787885989e-05, 3.26682820742e-05, 1.29379195641e-05, 9.5227815109e-06, 4.80572271044e-06, 1.14387898975e-06, 3.96791301682e-06, 1.65865378676e-06, 5.52217784389e-07, 1.49766981394e-06, 1.83376357654e-06, 1.65997187196e-06, 1.19550441013e-06, 9.93578851194e-07, 1.18050536457e-06, 1.75549757842e-06, 2.38041616285e-06, 3.140286708e-06, 2.00969566322e-06, 6.35271589999e-07]
    },
    "melbands128": {
        "max": [2.66516890406e-05, 0.000451280124253, 0.00282590393908, 0.00346666341648, 0.0072741121985, 0.00629272311926, 0.00179656234104, 0.00116540468298, 0.00145217799582, 0.00103087234311, 0.002694968367, 0.00680199172348, 0.00774371996522, 0.00914672855288, 0.0135764144361, 0.0121936379001, 0.0157821867615, 0.014029474929, 0.0274208448827, 0.0651212632656, 0.047394476831, 0.0106076365337, 0.0308808516711, 0.0419885925949, 0.03293177858, 0.0360743328929, 0.0243605449796, 0.0175331328064, 0.0159671381116, 0.00609831698239, 0.00195586425252, 0.00205281283706, 0.000892528041732, 0.00184865866322, 0.000978934345767, 0.00435787253082, 0.0114012453705, 0.00673912139609, 0.00489779841155, 0.00325313070789, 0.00381984468549, 0.00442651938647, 0.00432481151074, 0.00271015567705, 0.00305232824758, 0.00404277443886, 0.00115097220987, 0.000992244808003, 0.000616688455921, 0.000165437260875, 0.000472416140838, 0.000268949166639, 0.000378688477213, 0.00148909434211, 0.001002856181, 0.000766234938055, 0.000418089388404, 0.000250791141298, 0.000191954357433, 0.000239632252487, 0.000170171057107, 0.000121212229715, 0.000144338438986, 7.63237694628e-05, 6.07308465987e-05, 1.69161721715e-05, 9.50591402216e-06, 5.26120629729e-06, 0.000294452300295, 0.000267968571279, 4.34235653302e-06, 7.09911773811e-06, 6.82402833263e-06, 8.40168195282e-06, 1.26493832795e-05, 2.6614547096e-05, 4.45632394985e-05, 2.35777879425e-05, 3.43618266925e-05, 2.0777584723e-05, 1.52429793161e-05, 3.79919583793e-05, 2.0545143343e-05, 2.396427044e-05, 1.7496120563e-05, 1.44228915815e-05, 1.72508644027e-05, 1.52139409693e-05, 2.2915264708e-05, 2.61328968918e-05, 3.01678137475e-05, 4.68844118586e-05, 6.40236903564e-05, 3.26206973114e-05, 5.15329375048e-05, 6.81928941049e-05, 6.97143113939e-05, 6.89210282871e-05, 5.46846895304e-05, 3.96951727453e-05, 1.668416553e-05, 8.77760794538e-06, 6.33735544397e-06, 4.27745999332e-06, 5.76893228299e-07, 1.3643522756e-08, 1.23924479567e-08, 1.18939889049e-08, 1.13987992378e-08, 1.0949383622e-08, 1.05219122304e-08, 1.014877693e-08, 9.74100444751e-09, 9.36264754614e-09, 9.07232866609e-09, 8.78443273677e-09, 8.5183069487e-09, 8.2545117408e-09, 8.03277711015e-09, 7.83006015581e-09, 7.63016849703e-09, 7.42625028138e-09, 7.28819093965e-09, 7.17382153681e-09, 7.0984595979e-09, 6.99877178434e-09, 6.92837165417e-09, 6.89236800966e-09],
        "mean": [7.18973637959e-07, 8.84671680978e-06, 8.15505773062e-05, 0.00017551095516, 0.000193587737158, 0.00013508561824, 8.14078521216e-05, 7.92919963715e-05, 7.82911520218e-05, 8.59632345964e-05, 0.000110275992483, 0.000143086610478, 0.000219444729737, 0.000282704189885, 0.00031049005338, 0.000324467808241, 0.000339638907462, 0.000366719992599, 0.00059669878101, 0.000642157974653, 0.000467604317237, 0.000232375052292, 0.000413114466937, 0.000644603627734, 0.000647733570077, 0.00053477397887, 0.000266681716312, 0.000214414016227, 0.000136208473123, 6.2915001763e-05, 3.55212287104e-05, 2.8492850106e-05, 2.44643706537e-05, 3.76496027457e-05, 1.75883469637e-05, 4.1662955482e-05, 7.39101596992e-05, 5.58900210308e-05, 5.26372459717e-05, 5.00408023072e-05, 5.44960421394e-05, 3.19843238685e-05, 2.56394778262e-05, 2.46030558628e-05, 1.92038205569e-05, 1.66105182871e-05, 1.20674485515e-05, 1.1716158042e-05, 7.83085852163e-06, 3.82114831154e-06, 4.46666945209e-06, 5.0862054195e-06, 5.9384733504e-06, 1.255566076e-05, 1.67147081811e-05, 1.09952125058e-05, 9.33695628191e-06, 4.62539492219e-06, 3.49297761204e-06, 3.51680478161e-06, 3.6581684526e-06, 3.11221333504e-06, 2.47607454185e-06, 1.61131254117e-06, 9.29736870603e-07, 5.10108179697e-07, 2.79126197711e-07, 1.89647920479e-07, 4.93050833938e-07, 3.93443116309e-07, 1.12982682765e-07, 1.48842772774e-07, 1.61337680993e-07, 1.96250041995e-07, 3.0366211945e-07, 5.27206907464e-07, 6.57664827486e-07, 7.0834721555e-07, 8.60310308326e-07, 7.71522820742e-07, 6.349882824e-07, 7.2245472893e-07, 5.12850419909e-07, 3.94126431047e-07, 3.27246510778e-07, 2.95588279187e-07, 2.83884816099e-07, 2.92175002414e-07, 3.15243227078e-07, 3.08688697714e-07, 3.49552124135e-07, 3.50580734221e-07, 3.60566360769e-07, 3.36396851708e-07, 4.00980837867e-07, 4.57834005374e-07, 4.29887165865e-07, 3.50737877852e-07, 3.04228933601e-07, 2.1662431493e-07, 1.33117367795e-07, 7.57541513963e-08, 5.74256340258e-08, 3.4892696732e-08, 4.37976321876e-09, 5.18586146248e-11, 2.50382336392e-11, 1.04318324812e-11, 8.57999001708e-12, 8.24633417107e-12, 7.93451936099e-12, 7.66765644034e-12, 7.37313769067e-12, 7.10104197665e-12, 6.88577537003e-12, 6.69521686356e-12, 6.50911139224e-12, 6.2176457559e-12, 6.04841654192e-12, 5.90028156541e-12, 5.74331728009e-12, 5.61319350376e-12, 5.51258344528e-12, 5.40298665183e-12, 5.25772351004e-12, 5.04436509924e-12, 4.91758933921e-12, 4.88062194826e-12],
        "min": [1.27039503917e-10, 1.75526215784e-09, 2.59962185112e-09, 4.42005632095e-09, 1.44926985968e-08, 6.55474519107e-09, 9.14954867426e-09, 1.81828418988e-08, 3.44273098918e-09, 1.68986193927e-08, 1.6373453704e-08, 2.16544542297e-08, 1.75905245925e-08, 3.40260442044e-08, 4.7629317379e-08, 1.92242595176e-08, 1.95444389561e-08, 1.49580365871e-08, 4.61503724125e-08, 3.4513341518e-08, 1.07158202312e-08, 1.89034139453e-08, 1.42513005841e-08, 1.53483874499e-08, 6.04228533874e-09, 7.65850582951e-09, 3.51302364976e-09, 1.72706970947e-09, 5.54858026192e-09, 4.12748279999e-09, 1.16717768783e-09, 1.65073854586e-09, 1.81024339962e-09, 9.56119738937e-10, 1.38143463335e-09, 1.6052684737e-09, 1.75763603671e-09, 1.06326691895e-09, 6.56849186154e-10, 1.66028657489e-09, 8.71758165655e-10, 1.05092146097e-09, 1.24901888832e-09, 9.28708443482e-10, 1.11864562058e-09, 1.25545052132e-09, 5.08137198985e-10, 2.48562304073e-09, 1.31119615165e-09, 3.53938656161e-10, 6.3375793502e-10, 6.02485117351e-10, 4.43252573534e-10, 4.67487604183e-10, 4.01991440135e-10, 3.3337416161e-10, 2.51597964684e-10, 4.5016429473e-10, 4.13504563923e-10, 2.19128160062e-10, 3.04472391743e-10, 2.00088556834e-10, 5.82584480657e-10, 4.32222979629e-10, 1.95694863092e-10, 2.14367135154e-10, 2.23192755944e-10, 3.23539722791e-10, 3.14031273208e-10, 1.18893339618e-10, 2.46384690428e-10, 1.6518195145e-10, 1.30798094578e-10, 1.96271096597e-10, 3.45862227746e-10, 1.79119802324e-10, 1.37821087876e-10, 2.36196562309e-10, 2.38943254072e-10, 1.30695745892e-10, 2.98763791484e-10, 2.43282310963e-10, 1.75338049635e-10, 2.8332750035e-10, 2.41374420451e-10, 2.5856006225e-10, 2.68356392663e-10, 2.1552866436e-10, 2.071900429e-10, 2.23350213324e-10, 2.93748025904e-10, 1.62308874674e-10, 2.3287363704e-10, 1.33894700882e-10, 2.65395566634e-10, 1.75766512456e-10, 2.31863181432e-10, 1.40522968262e-10, 1.40189831965e-10, 1.81603759808e-10, 6.6709165969e-11, 1.49450493647e-10, 4.12617093271e-11, 2.16907117268e-11, 1.30632137052e-11, 2.29335214014e-13, 9.81856130146e-14, 1.48222051495e-13, 1.71248526969e-13, 1.37730606542e-13, 1.57900019557e-13, 1.41075356692e-13, 1.42570064912e-13, 1.37633733078e-13, 1.46971492051e-13, 1.52653673664e-13, 1.53531755451e-13, 1.47011417796e-13, 1.72684878007e-13, 1.68856261981e-13, 1.52152514763e-13, 1.65440794744e-13, 1.51783926682e-13, 1.4703926824e-13, 1.17532177567e-13, 4.74930086035e-14, 4.93150628704e-15, 1.8492955347e-16],
        "stdev": [1.15093791919e-06, 3.01060335914e-05, 0.000241679692408, 0.000379014294595, 0.000478423695313, 0.000402758043492, 0.000141806784086, 0.000116325674753, 0.000124276455608, 0.000132310815388, 0.000195677901502, 0.00036929428461, 0.000565884925891, 0.000623407133389, 0.000781774171628, 0.000913560565095, 0.000915733806323, 0.0010725952452, 0.0020858310163, 0.00306281563826, 0.0025816061534, 0.000728596234694, 0.00173736305442, 0.00264854682609, 0.00239646830596, 0.00219935900532, 0.00141520542093, 0.00101666979026, 0.000798764755018, 0.000316133198794, 0.000119874857774, 0.000101261859527, 7.15245550964e-05, 0.000135558555485, 6.14790478721e-05, 0.000204189040232, 0.000461619463749, 0.000306241039652, 0.000243714923272, 0.000201750401175, 0.00024230183044, 0.000190517079318, 0.000159929768415, 0.000136039525387, 0.000123295438243, 0.000132561588543, 6.31780130789e-05, 5.32791746082e-05, 3.24679203914e-05, 1.19260557767e-05, 1.41333384818e-05, 1.5024136701e-05, 1.62082633324e-05, 5.69281728531e-05, 6.86625426169e-05, 4.34951107309e-05, 2.97022761515e-05, 1.46503098222e-05, 1.1605004147e-05, 1.19418173199e-05, 1.17135314213e-05, 9.23653169593e-06, 7.37012305763e-06, 4.66545134259e-06, 2.62731987277e-06, 1.28705312363e-06, 6.31885768598e-07, 4.29837342608e-07, 7.21641345081e-06, 6.83550615577e-06, 2.98224279049e-07, 4.18003168079e-07, 4.37341384441e-07, 5.85323846281e-07, 9.06469040274e-07, 1.65760525306e-06, 2.29869124269e-06, 1.90206435491e-06, 2.37570088757e-06, 1.9002955014e-06, 1.59230603458e-06, 2.27425903176e-06, 1.49557104123e-06, 1.3404502397e-06, 1.12424697818e-06, 1.03537502127e-06, 1.02541298475e-06, 1.11194242436e-06, 1.23345773773e-06, 1.26986356008e-06, 1.80208439815e-06, 1.9425544906e-06, 2.25475514526e-06, 2.14049987335e-06, 2.8918782391e-06, 3.58348233931e-06, 3.46475621882e-06, 2.73046089205e-06, 2.44345915235e-06, 1.66472761975e-06, 9.31726617637e-07, 4.58394765701e-07, 3.84175223189e-07, 2.31170204756e-07, 3.08203702559e-08, 5.04126185241e-10, 3.77720521527e-10, 2.61527383083e-10, 2.48643355905e-10, 2.38840308642e-10, 2.29514809935e-10, 2.2137496003e-10, 2.12480283368e-10, 2.0422796787e-10, 1.97894076126e-10, 1.91613849787e-10, 1.85808507469e-10, 1.80056303201e-10, 1.75220615795e-10, 1.70798264421e-10, 1.66436919802e-10, 1.61990018621e-10, 1.58978233356e-10, 1.56484117331e-10, 1.54841861555e-10, 1.52669391018e-10, 1.5113599261e-10, 1.5035100942e-10]
    },
    "mfcc": {
        "mean": [-762.229919434, 162.076919556, -6.08411502838, 3.36038804054, -11.2257289886, -5.42842531204, -29.9364681244, 0.125740289688, -4.73103189468, -6.21830034256, 5.04711294174, 3.34149646759, -7.96616363525],
        "cov": [[6164.90966797, -273.450561523, -935.264404297, -486.02822876, -464.478424072, 133.471878052, -193.410003662, 530.234008789, 42.5885543823, -87.3942260742, 319.433624268, 248.334442139, -294.335784912], [-273.450561523, 2062.32543945, -616.455505371, -204.16394043, -35.5397491455, -192.213592529, 46.9351158142, 108.132514954, -75.5949325562, -15.3420219421, 88.7478637695, 28.6513900757, 52.6976585388], [-935.264404297, -616.455505371, 941.057983398, 233.502685547, 92.8842315674, 168.628417969, 132.530197144, -155.690567017, 72.3361053467, 38.0797843933, -121.84903717, -61.5164794922, 103.662376404], [-486.02822876, -204.16394043, 233.502685547, 526.629150391, 220.148284912, 79.9275741577, 19.1889533997, -116.967201233, 45.160358429, 50.1428184509, -69.564453125, -95.5970535278, 94.8242874146], [-464.478424072, -35.5397491455, 92.8842315674, 220.148284912, 449.581726074, -50.2177124023, -117.088088989, -110.719848633, -45.4007873535, 76.9474334717, 0.520231902599, -42.2721939087, 66.0216751099], [133.471878052, -192.213592529, 168.628417969, 79.9275741577, -50.2177124023, 277.907592773, 122.540237427, -29.8494300842, 63.3294258118, 61.1985931396, 4.94228172302, -12.1901578903, 26.193063736], [-193.410003662, 46.9351158142, 132.530197144, 19.1889533997, -117.088088989, 122.540237427, 441.842468262, 62.9980430603, 72.2539291382, 32.5579376221, -64.7088928223, 0.294704377651, 30.7496738434], [530.234008789, 108.132514954, -155.690567017, -116.967201233, -110.719848633, -29.8494300842, 62.9980430603, 275.86529541, 38.3022003174, -47.0662651062, 62.571018219, 75.838142395, -67.8433074951], [42.5885543823, -75.5949325562, 72.3361053467, 45.160358429, -45.4007873535, 63.3294258118, 72.2539291382, 38.3022003174, 140.234710693, 36.3394241333, -2.27886962891, 5.76212787628, 2.74811887741], [-87.3942260742, -15.3420219421, 38.0797843933, 50.1428184509, 76.9474334717, 61.1985931396, 32.5579376221, -47.0662651062, 36.3394241333, 150.076675415, 24.3960456848, -21.9575805664, 30.6883392334], [319.433624268, 88.7478637695, -121.84903717, -69.564453125, 0.520231902599, 4.94228172302, -64.7088928223, 62.571018219, -2.27886962891, 24.3960456848, 149.634140015, 58.5828590393, -32.9268417358], [248.334442139, 28.6513900757, -61.5164794922, -95.5970535278, -42.2721939087, -12.1901578903, 0.294704377651, 75.838142395, 5.76212787628, -21.9575805664, 58.5828590393, 137.776184082, -14.4925270081], [-294.335784912, 52.6976585388, 103.662376404, 94.8242874146, 66.0216751099, 26.193063736, 30.7496738434, -67.8433074951, 2.74811887741, 30.6883392334, -32.9268417358, -14.4925270081, 139.866210938]],
        "icov": [[0.000279969157418, 0.000114867900265, 0.000274127174634, 4.64967233711e-05, 0.000119846190501, -0.00034670997411, 0.000181165363756, -0.000371706293663, 2.55371451203e-05, -7.10676260951e-07, -0.000120554977912, -0.000107200248749, 5.95919373154e-05], [0.000114867900265, 0.000769019243307, 0.00056602654513, 0.000193129046238, 9.06308650883e-06, 0.00024253387528, -0.00029268511571, -0.000172904139617, 8.35476239445e-05, 0.000109734246507, -0.000516028318089, 0.000290669297101, -0.000784764590207], [0.000274127174634, 0.00056602654513, 0.00211235089228, 1.78017799044e-05, -0.000270866235951, -0.000843485060614, -0.000272614241112, 0.000230166187976, -0.000613413110841, 0.000522722897585, 0.000387100793887, -7.74272775743e-05, -0.000776167027652], [4.64967233711e-05, 0.000193129046238, 1.78017799044e-05, 0.0034661104437, -0.00170856202021, -0.000842910259962, -9.56057338044e-05, 0.000123093792354, -0.00147826096509, 0.000963314261753, 0.000277311773971, 0.00158905959688, -0.00124530971516], [0.000119846190501, 9.06308650883e-06, -0.000270866235951, -0.00170856202021, 0.00420180382207, 0.00115034659393, 0.000874534773175, -4.56363341073e-05, 0.00171001674607, -0.00242937123403, -0.000441323645646, -0.000428940868005, -0.000454245193396], [-0.00034670997411, 0.00024253387528, -0.000843485060614, -0.000842910259962, 0.00115034659393, 0.00629972293973, -0.00153829168994, 0.00131313933525, -0.000758758804295, -0.00144829181954, -0.00193264591508, 0.000378647586331, -0.000455069181044], [0.000181165363756, -0.00029268511571, -0.000272614241112, -9.56057338044e-05, 0.000874534773175, -0.00153829168994, 0.00387421809137, -0.00180157856084, -0.000122351106256, -0.00144863454625, 0.00241463491693, -0.000618722580839, -0.000267376512056], [-0.000371706293663, -0.000172904139617, 0.000230166187976, 0.000123093792354, -4.56363341073e-05, 0.00131313933525, -0.00180157856084, 0.00705533474684, -0.00231031165458, 0.00214673485607, -0.00213837367482, -0.00137221219484, 0.00155161810108], [2.55371451203e-05, 8.35476239445e-05, -0.000613413110841, -0.00147826096509, 0.00171001674607, -0.000758758804295, -0.000122351106256, -0.00231031165458, 0.0104971695691, -0.00348008982837, 0.000816977408249, -0.000935289892368, 0.000373015296645], [-7.10676260951e-07, 0.000109734246507, 0.000522722897585, 0.000963314261753, -0.00242937123403, -0.00144829181954, -0.00144863454625, 0.00214673485607, -0.00348008982837, 0.0110570983961, -0.00363978976384, 0.00214706012048, -0.00129768252373], [-0.000120554977912, -0.000516028318089, 0.000387100793887, 0.000277311773971, -0.000441323645646, -0.00193264591508, 0.00241463491693, -0.00213837367482, 0.000816977408249, -0.00363978976384, 0.0122837498784, -0.00410133926198, 0.00171736767516], [-0.000107200248749, 0.000290669297101, -7.74272775743e-05, 0.00158905959688, -0.000428940868005, 0.000378647586331, -0.000618722580839, -0.00137221219484, -0.000935289892368, 0.00214706012048, -0.00410133926198, 0.0110293058679, -0.00202847504988], [5.95919373154e-05, -0.000784764590207, -0.000776167027652, -0.00124530971516, -0.000454245193396, -0.000455069181044, -0.000267376512056, 0.00155161810108, 0.000373015296645, -0.00129768252373, 0.00171736767516, -0.00202847504988, 0.010572867468]]
    },
    "spectral_contrast_coeffs": {
        "max": [-0.390864014626, -0.313498228788, -0.458904594183, -0.588684201241, -0.547513306141, -0.60411542654],
        "mean": [-0.68950265646, -0.701099514961, -0.75201100111, -0.783626377583, -0.775201618671, -0.766957104206],
        "min": [-0.86941921711, -0.917643487453, -0.918693959713, -0.910477280617, -0.914881646633, -0.911967039108],
        "stdev": [0.079011708498, 0.101940795779, 0.0788155421615, 0.0611747950315, 0.0742782130837, 0.0586217306554]
    },
    "spectral_contrast_valleys": {
        "max": [-6.08645248413, -5.09845781326, -5.98540401459, -6.40663433075, -7.4588727951, -8.02117061615],
        "mean": [-8.0035905838, -7.09603691101, -8.28066825867, -8.64412879944, -9.29250431061, -11.8195781708],
        "min": [-11.0482330322, -10.2188653946, -11.4400177002, -11.652841568, -11.7785310745, -13.3408966064],
        "stdev": [0.883004009724, 0.786724746227, 0.933786451817, 0.793199896812, 0.734579563141, 0.902942597866]
    }
},
"rhythm": {
    "beats_count": 109,
    "beats_loudness": {
        "max": 0.111613377929,
        "mean": 0.0203446410596,
        "min": 3.24185639329e-05,
        "stdev": 0.0223390907049
    },
    "bpm": 150.839599609,
    "bpm_histogram_first_peak_bpm": 152,
    "bpm_histogram_first_peak_weight": 0.342857122421,
    "bpm_histogram_second_peak_bpm": 144,
    "bpm_histogram_second_peak_spread": 0.483870983124,
    "bpm_histogram_second_peak_weight": 0.148148149252,
    "danceability": 1.07775735855,
    "onset_rate": 3.6298828125,
    "beats_loudness_band_ratio": {
        "max": [0.888384819031, 0.828950285912, 0.915614068508, 0.563630580902, 0.290669739246, 0.918273568153],
        "mean": [0.129820719361, 0.214942246675, 0.535337030888, 0.108832895756, 0.0441427826881, 0.0247878860682],
        "min": [0.00102422921918, 0.00406917184591, 0.00861157849431, 0.00076813751366, 0.00132673315238, 0.000147845494212],
        "stdev": [0.170664817095, 0.213139221072, 0.253575861454, 0.122216671705, 0.0590238049626, 0.103993691504]
    },
