{
"metadata": {
    "version": {
        "essentia": "2.1-beta5",
        "essentia_git_sha": "Undefined",
        "extractor": "music 2.0"
    },
    "audio_properties": {
        "analysis": {
            "equal_loudness": 0,
            "length": 12.7477550507,
            "sample_rate": 44100,
            "start_time": 0,
            "downmix": "mix"
        },
        "bit_rate": 192000,
        "length": 176.204650879,
        "lossless": 0,
        "number_channels": 2,
        "replay_gain": -0.233057022095,
        "sample_rate": 48000,
        "codec": "mp3",
        "md5_encoded": "7de7157139d642243b347202e31d1228"
    },
    "tags": {
        "file_name": "Luxembourg_Un Grand Amour_Solange Berry.mp3",
        "encoding": ["Lavf58.29.100"]
    }
},
"lowlevel": {
    "average_loudness": 0.656237244606,
    "barkbands_crest": {
        "max": 24.5093040466,
        "mean": 10.3934364319,
        "min": 3.74803137779,
        "stdev": 4.4113483429
    },
    "barkbands_flatness_db": {
        "max": 0.393610417843,
        "mean": 0.231545254588,
        "min": 0.10873221606,
        "stdev": 0.058071218431
    },
    "barkbands_kurtosis": {
        "max": 34.8180847168,
        "mean": 3.65949368477,
        "min": -1.51651477814,
        "stdev": 4.17812204361
    },
    "barkbands_skewness": {
        "max": 5.1922287941,
        "mean": 1.14877855778,
        "min": -1.53373098373,
        "stdev": 0.895883858204
    },
    "barkbands_spread": {
        "max": 28.2409934998,
        "mean": 7.92232608795,
        "min": 0.776150465012,
        "stdev": 4.43479013443
    },
    "dissonance": {
        "max": 0.498741805553,
        "mean": 0.43477550149,
        "min": 0.221725061536,
        "stdev": 0.0446449033916
    },
    "dynamic_complexity": 4.02662563324,
    "erbbands_crest": {
        "max": 30.2719898224,
        "mean": 11.2668561935,
        "min": 3.12828350067,
        "stdev": 4.99558830261
    },
    "erbbands_flatness_db": {
        "max": 0.42689332366,
        "mean": 0.278226524591,
        "min": 0.149806931615,
        "stdev": 0.0552411563694
    },
    "erbbands_kurtosis": {
        "max": 31.2548065186,
        "mean": 2.02748394012,
        "min": -1.65193390846,
        "stdev": 3.15507268906
    },
    "erbbands_skewness": {
        "max": 2.40678977966,
        "mean": 0.797442793846,
        "min": -1.92448675632,
        "stdev": 0.69152456522
    },
    "erbbands_spread": {
        "max": 59.3487014771,
        "mean": 15.4638566971,
        "min": 1.15675532818,
        "stdev": 8.82243061066
    },
    "hfc": {
        "max": 563.997802734,
        "mean": 16.6761856079,
        "min": 0.0486714653671,
        "stdev": 45.0447540283
    },
    "loudness_ebu128": {
        "integrated": -24.3233127594,
        "loudness_range": 7.28572463989,
        "momentary": {
            "max": -14.5676021576,
            "mean": -26.9630832672,
            "min": -36.543838501,
            "stdev": 4.54462099075
        },
        "short_term": {
            "max": -22.3909168243,
            "mean": -25.6803131104,
            "min": -30.3796253204,
            "stdev": 2.52908372879
        }
    },
    "melbands_crest": {
        "max": 31.9108142853,
        "mean": 12.2488632202,
        "min": 3.77568006516,
        "stdev": 4.94841718674
    },
    "melbands_flatness_db": {
        "max": 0.472364574671,
        "mean": 0.251201957464,
        "min": 0.102243438363,
        "stdev": 0.0868726074696
    },
    "melbands_kurtosis": {
        "max": 31.5185623169,
        "mean": 5.05991220474,
        "min": -1.47976183891,
        "stdev": 5.19366931915
    },
    "melbands_skewness": {
        "max": 4.63846349716,
        "mean": 1.25701594353,
        "min": -1.6398614645,
        "stdev": 1.00453901291
    },
    "melbands_spread": {
        "max": 33.5406990051,
        "mean": 12.0347957611,
        "min": 1.59855735302,
        "stdev": 5.90374183655
    },
    "pitch_salience": {
        "max": 0.897730946541,
        "mean": 0.63390481472,
        "min": 0.236802965403,
        "stdev": 0.124657593668
    },
    "silence_rate_20dB": {
        "max": 1,
        "mean": 0.990909099579,
        "min": 0,
        "stdev": 0.0949111431837
    },
    "silence_rate_30dB": {
        "max": 1,
        "mean": 0.981818199158,
        "min": 0,
        "stdev": 0.133609741926
    },
    "silence_rate_60dB": {
        "max": 1,
        "mean": 0.156363636255,
        "min": 0,
        "stdev": 0.363199353218
    },
    "spectral_centroid": {
        "max": 2016.75598145,
        "mean": 877.806762695,
        "min": 264.754364014,
        "stdev": 351.68560791
    },
    "spectral_complexity": {
        "max": 49,
        "mean": 13.8472728729,
        "min": 0,
        "stdev": 8.47382831573
    },
    "spectral_decrease": {
        "max": -7.56365543114e-12,
        "mean": -5.43296208022e-09,
        "min": -1.69871199773e-07,
        "stdev": 1.3092644302e-08
    },
    "spectral_energy": {
        "max": 0.692287683487,
        "mean": 0.022017814219,
        "min": 3.296149589e-05,
        "stdev": 0.0534583106637
    },
    "spectral_energyband_high": {
        "max": 0.00241015851498,
        "mean": 0.000195748027181,
        "min": 2.34377253605e-07,
        "stdev": 0.000404268706916
    },
    "spectral_energyband_low": {
        "max": 0.0234689600766,
        "mean": 0.000468284531962,
        "min": 3.62980415503e-07,
        "stdev": 0.00133240234572
    },
    "spectral_energyband_middle_high": {
        "max": 0.347414076328,
        "mean": 0.00697825150564,
        "min": 2.98617287626e-05,
        "stdev": 0.0249977335334
    },
    "spectral_energyband_middle_low": {
        "max": 0.451589763165,
        "mean": 0.0150309437886,
        "min": 2.57181841334e-06,
        "stdev": 0.0348526127636
    },
    "spectral_entropy": {
        "max": 8.06538295746,
        "mean": 6.90826272964,
        "min": 5.25983858109,
        "stdev": 0.657640874386
    },
    "spectral_flux": {
        "max": 0.667871594429,
        "mean": 0.0578198619187,
        "min": 0.00551893701777,
        "stdev": 0.0703526288271
    },
    "spectral_kurtosis": {
        "max": 97.1640319824,
        "mean": 17.4029140472,
        "min": 0.875555276871,
        "stdev": 18.8447322845
    },
    "spectral_rms": {
        "max": 0.0259885098785,
        "mean": 0.00378815643489,
        "min": 0.000179325288627,
        "stdev": 0.00267033162527
    },
    "spectral_rolloff": {
        "max": 2756.25,
        "mean": 1039.9375,
        "min": 258.3984375,
        "stdev": 410.519836426
    },
    "spectral_skewness": {
        "max": 8.10255718231,
        "mean": 2.81696152687,
        "min": 1.00620603561,
        "stdev": 1.53969991207
    },
    "spectral_spread": {
        "max": 10963985,
        "mean": 2684168.5,
        "min": 841767.4375,
        "stdev": 1228108.625
    },
    "spectral_strongpeak": {
        "max": 14.949092865,
        "mean": 1.35533022881,
        "min": 0.0136900199577,
        "stdev": 1.33148479462
    },
    "zerocrossingrate": {
        "max": 0.173828125,
        "mean": 0.0419895239174,
        "min": 0.01123046875,
        "stdev": 0.0169374682009
    },
    "barkbands": {
        "max": [9.33090341277e-05, 0.00168151699472, 0.0129795549437, 0.0200615786016, 0.0619844608009, 0.0191622637212, 0.046296890825, 0.176608130336, 0.326512724161, 0.144670426846, 0.100868284702, 0.112384356558, 0.134611189365, 0.0131496302783, 0.00378891290165, 0.005819237791, 0.00352395535447, 0.00542646180838, 0.00587638048455, 0.00434523681179, 0.000854245619848, 0.000643172534183, 0.000634729978628, 0.000403632031521, 0.000172027415829, 1.86049953754e-06, 1.00922420643e-06],
        "mean": [1.67740574852e-06, 5.662590047e-05, 0.000194877618924, 0.000495592714287, 0.00236762268469, 0.00201822747476, 0.00287114153616, 0.00205465150066, 0.00455973343924, 0.00240110466257, 0.00174403842539, 0.00114546727855, 0.000760893686675, 0.000341366947396, 0.000190544102225, 0.000210065147257, 0.000119926349726, 0.000114651607873, 0.000113014255476, 8.58245184645e-05, 6.54775212752e-05, 3.88246953662e-05, 2.94842066069e-05, 2.54809456237e-05, 1.15039720185e-05, 8.62596660767e-09, 4.67640592916e-09],
        "min": [4.7893924382e-09, 1.15057574135e-07, 4.06868849723e-08, 9.50834930791e-08, 1.11161887162e-06, 5.28201837824e-07, 3.41695709949e-07, 1.23591206602e-07, 2.6587426305e-07, 9.02607339981e-08, 4.01242459702e-07, 1.7507747998e-06, 4.76279183204e-06, 3.21032644024e-07, 3.9348404357e-07, 9.3098762477e-08, 6.20998008571e-08, 1.06132887367e-07, 4.28430375621e-08, 5.02347639042e-08, 3.8450110651e-08, 5.2413511753e-08, 1.56480766123e-08, 7.86931408925e-09, 2.54209786554e-09, 6.50957204806e-11, 5.89151782915e-11],
        "stdev": [4.90398633701e-06, 0.000154232388013, 0.000686645798851, 0.00151804287452, 0.00522542465478, 0.00271791685373, 0.00496340496466, 0.0104079414159, 0.0209455490112, 0.0106481006369, 0.00677812332287, 0.00693690264598, 0.00611801771447, 0.000728299550246, 0.000327937799739, 0.000510854821187, 0.000290892028715, 0.000313474069117, 0.000392818154069, 0.000282670516754, 0.000133877125336, 8.1486919953e-05, 6.83244870743e-05, 5.5616881582e-05, 2.53463567788e-05, 9.74821503519e-08, 4.90869958014e-08]
    },
    "erbbands": {
        "max": [0.0166918765754, 0.677081525326, 10.5689229965, 45.9484138489, 114.60887146, 364.093719482, 228.972366333, 216.556915283, 668.23638916, 1322.54602051, 6121.65332031, 9349.41210938, 4695.29736328, 3238.87280273, 5773.63134766, 2890.39111328, 3859.54858398, 2768.99243164, 154.8465271, 255.291290283, 165.93157959, 201.984970093, 362.265289307, 111.050430298, 374.608551025, 175.475601196, 45.2354202271, 23.7371177673, 24.9304180145, 20.3831386566, 18.4655227661, 10.0772047043, 5.65551805496, 2.80380129814, 0.670141994953, 0.0162876937538, 0.0029196285177, 0.000585640664212, 0.00055615848396, 0.000820070505142],
        "mean": [0.000578737410251, 0.0192772597075, 0.188935056329, 1.0173869133, 3.73086237907, 10.1786422729, 10.579164505, 20.914188385, 39.108921051, 36.0934944153, 68.1148300171, 98.9677810669, 77.0991668701, 82.8880386353, 57.1455802917, 37.0265884399, 32.2260742188, 25.8492698669, 12.6928663254, 10.1670732498, 9.90665435791, 7.19092845917, 6.83639574051, 4.55776071548, 6.94559001923, 3.70881772041, 3.13701224327, 1.91237723827, 1.28970623016, 1.28691482544, 0.822169780731, 0.568852126598, 0.404086768627, 0.202192828059, 0.0390835031867, 0.00103308737744, 7.16203940101e-05, 1.16370019896e-05, 1.3379705706e-05, 2.60897650151e-05],
        "min": [3.30269358528e-06, 2.7278181733e-05, 0.000118238975119, 0.000446399993962, 0.00150842336006, 0.00440420303494, 0.00423433212563, 0.00468896375969, 0.00630817469209, 0.00195008527953, 0.00488422019407, 0.00632533617318, 0.00169466924854, 0.00770116271451, 0.0397054590285, 0.0794613063335, 0.273315936327, 0.0914457514882, 0.0489098578691, 0.0309069491923, 0.0052163945511, 0.00998132582754, 0.00678237713873, 0.00414995616302, 0.00247103581205, 0.00297980895266, 0.00189614994451, 0.00193557073362, 0.00197360804304, 0.00069599255221, 0.000435399793787, 0.000206026175874, 0.00013637614029, 5.70931842958e-05, 5.9019694163e-06, 4.2526343691e-07, 1.27527869154e-07, 5.41143378996e-08, 3.06973113595e-08, 4.27810995518e-08],
        "stdev": [0.00125417986419, 0.0529731810093, 0.593495130539, 3.02759695053, 7.98139858246, 26.6399688721, 20.1847915649, 27.8373756409, 60.8214302063, 88.5113372803, 354.087738037, 505.286590576, 389.661407471, 240.487472534, 310.778533936, 181.957778931, 186.882049561, 134.843002319, 20.9362850189, 22.6465854645, 19.1129608154, 17.1023235321, 19.7376651764, 11.1676168442, 26.9132709503, 12.0588083267, 6.38598489761, 4.01400184631, 2.74177956581, 2.82267379761, 1.90247797966, 1.27676749229, 0.87302595377, 0.443740874529, 0.08804436028, 0.00224764435552, 0.000201730785193, 3.83447477361e-05, 3.57969438483e-05, 6.32675510133e-05]
    },
    "gfcc": {
        "mean": [-101.903617859, 142.269836426, -170.374435425, -10.8234529495, -90.3850250244, 0.565380275249, -43.0609321594, -10.3699884415, -15.9862680435, -19.9191665649, -0.139462858438, -20.0519599915, 6.68586015701],
        "cov": [[7671.45703125, -1859.12280273, -689.758483887, 1334.7701416, -1020.50317383, -88.3448486328, -175.530792236, 321.665771484, -237.551681519, 74.6100006104, -149.652313232, -140.296722412, -245.553527832], [-1859.12280273, 1718.43054199, 1046.26306152, -502.740936279, 574.588928223, -216.319885254, 11.1704683304, -242.611083984, 72.9869766235, -128.831298828, 56.0926628113, -55.0101089478, -45.1748085022], [-689.758483887, 1046.26306152, 1224.22436523, -193.110702515, 108.482780457, -67.1422729492, -132.576339722, -114.550140381, -37.5136108398, -37.6135482788, -4.00269556046, -46.0411949158, -37.614364624], [1334.7701416, -502.740936279, -193.110702515, 537.848388672, -131.623199463, 75.3133850098, -47.2792739868, 71.8113632202, -22.2443809509, 51.859992981, -31.1049461365, -12.2757911682, -43.9621276855], [-1020.50317383, 574.588928223, 108.482780457, -131.623199463, 451.905029297, -24.964925766, 56.7636032104, -99.4952545166, 80.223991394, -45.8877639771, 22.7326927185, -13.5247926712, -32.7030448914], [-88.3448486328, -216.319885254, -67.1422729492, 75.3133850098, -24.964925766, 178.392440796, 19.3017139435, 47.7035675049, 3.90983819962, 44.4899482727, -12.3853158951, 7.64987754822, 22.7449607849], [-175.530792236, 11.1704683304, -132.576339722, -47.2792739868, 56.7636032104, 19.3017139435, 133.600784302, 42.9567680359, 20.6079616547, -20.4654808044, 1.54083013535, -5.82931613922, 4.71022701263], [321.665771484, -242.611083984, -114.550140381, 71.8113632202, -99.4952545166, 47.7035675049, 42.9567680359, 121.997833252, 11.2163734436, 30.4852581024, -9.5004196167, -4.64732265472, -5.62486410141], [-237.551681519, 72.9869766235, -37.5136108398, -22.2443809509, 80.223991394, 3.90983819962, 20.6079616547, 11.2163734436, 71.7633666992, 23.5781326294, 14.1742734909, 3.38760566711, 4.23050928116], [74.6100006104, -128.831298828, -37.6135482788, 51.859992981, -45.8877639771, 44.4899482727, -20.4654808044, 30.4852581024, 23.5781326294, 71.646270752, 17.0875358582, 8.61339187622, 3.95029354095], [-149.652313232, 56.0926628113, -4.00269556046, -31.1049461365, 22.7326927185, -12.3853158951, 1.54083013535, -9.5004196167, 14.1742734909, 17.0875358582, 57.3699951172, 38.5344314575, 14.3541259766], [-140.296722412, -55.0101089478, -46.0411949158, -12.2757911682, -13.5247926712, 7.64987754822, -5.82931613922, -4.64732265472, 3.38760566711, 8.61339187622, 38.5344314575, 80.2101593018, 54.2439880371], [-245.553527832, -45.1748085022, -37.614364624, -43.9621276855, -32.7030448914, 22.7449607849, 4.71022701263, -5.62486410141, 4.23050928116, 3.95029354095, 14.3541259766, 54.2439880371, 89.2654190063]],
        "icov": [[0.000451751024229, -0.000353259500116, 0.000368865614291, -0.000961238110904, 0.000964862352703, 0.000451305095339, 0.000209934732993, -0.000446093879873, 0.000510256388225, 8.0961639469e-05, 0.000350897869794, -0.000101120356703, 0.000922507664654], [-0.000353259500116, 0.0163724198937, -0.0120409093797, 0.00397469149902, -0.0107978153974, 0.00767734879628, -0.00773817067966, 0.00854352768511, -0.0105983447284, 0.00896047987044, -0.0148284016177, 0.0121069541201, -0.00563462357968], [0.000368865614291, -0.0120409093797, 0.0100218933076, -0.00267245713621, 0.00766782369465, -0.00560028944165, 0.00727530708537, -0.00660472502932, 0.00865921936929, -0.00617200601846, 0.0103452885523, -0.00781939551234, 0.00421481393278], [-0.000961238110904, 0.00397469149902, -0.00267245713621, 0.00547200394794, -0.00401966786012, -8.7354950665e-05, -0.000558847154025, 0.00159393507056, -0.00232222769409, 0.00055781978881, -0.00198162603192, 0.00120069610421, -0.000709986372385], [0.000964862352703, -0.0107978153974, 0.00766782369465, -0.00401966786012, 0.0147937731817, -0.00640267133713, 0.00221798336133, 0.000356535398168, -0.00159134890418, -0.000475791137433, 0.00842405669391, -0.0091212503612, 0.00968231912702], [0.000451305095339, 0.00767734879628, -0.00560028944165, -8.7354950665e-05, -0.00640267133713, 0.0139296464622, -0.00555304903537, 0.00100967008621, 0.000415281072492, -0.00433642184362, -0.00172990572173, 0.00501058297232, -0.00540880765766], [0.000209934732993, -0.00773817067966, 0.00727530708537, -0.000558847154025, 0.00221798336133, -0.00555304903537, 0.019367640838, -0.0130421137437, 0.00490874424577, 0.00415357667953, 0.00136527279392, -0.00010477246542, -0.000736769055948], [-0.000446093879873, 0.00854352768511, -0.00660472502932, 0.00159393507056, 0.000356535398168, 0.00100967008621, -0.0130421137437, 0.024459367618, -0.0137108433992, 0.0017077854136, -0.00400714948773, 0.00220152060501, 0.0030820092652], [0.000510256388225, -0.0105983447284, 0.00865921936929, -0.00232222769409, -0.00159134890418, 0.000415281072492, 0.00490874424577, -0.0137108433992, 0.0381798557937, -0.0216969978064, 0.0103475097567, -0.00484109669924, -0.00283796549775], [8.0961639469e-05, 0.00896047987044, -0.00617200601846, 0.00055781978881, -0.000475791137433, -0.00433642184362, 0.00415357667953, 0.0017077854136, -0.0216969978064, 0.0406419448555, -0.0241210572422, 0.0125686740503, -0.00127874396276], [0.000350897869794, -0.0148284016177, 0.0103452885523, -0.00198162603192, 0.00842405669391, -0.00172990572173, 0.00136527279392, -0.00400714948773, 0.0103475097567, -0.0241210572422, 0.0525441095233, -0.0344051085413, 0.0130815841258], [-0.000101120356703, 0.0121069541201, -0.00781939551234, 0.00120069610421, -0.0091212503612, 0.00501058297232, -0.00010477246542, 0.00220152060501, -0.00484109669924, 0.0125686740503, -0.0344051085413, 0.0460995808244, -0.0241365414113], [0.000922507664654, -0.00563462357968, 0.00421481393278, -0.000709986372385, 0.00968231912702, -0.00540880765766, -0.000736769055948, 0.0030820092652, -0.00283796549775, -0.00127874396276, 0.0130815841258, -0.0241365414113, 0.0302280839533]]
    },
    "melbands": {
        "max": [0.000282194843749, 0.00427747471258, 0.0101506309584, 0.0132780373096, 0.00837494805455, 0.00567043805495, 0.00891000311822, 0.0133136045188, 0.0587300360203, 0.0511209741235, 0.0241745151579, 0.0131740914658, 0.0156195443124, 0.0163848083466, 0.00282243615948, 0.0144610451534, 0.00359820923768, 0.000339034508215, 0.000349043402821, 0.000553102989215, 0.000216858141357, 0.00024620842305, 0.000368661247194, 0.000204590571229, 8.27809490147e-05, 0.000293271965347, 0.000404633523431, 6.56147967675e-05, 2.52637946687e-05, 2.65672879323e-05, 1.30759699459e-05, 1.38184132084e-05, 1.3532995581e-05, 1.12958441605e-05, 1.19703081509e-05, 6.19350612396e-06, 6.38474784864e-06, 4.18151057602e-06, 3.90542118112e-06, 2.4379360184e-06],
        "mean": [9.98137693387e-06, 7.97076354502e-05, 0.000237878484768, 0.000524291361216, 0.000388535059756, 0.000457391317468, 0.00059157476062, 0.000383489270462, 0.000672166643199, 0.000583937915508, 0.000378219061531, 0.000339570309734, 0.000199864283786, 0.000149394123582, 6.39038844383e-05, 7.85327647463e-05, 4.34221619798e-05, 2.02497030841e-05, 1.35423688334e-05, 1.56496334967e-05, 1.01989589893e-05, 7.51225934437e-06, 5.99436680204e-06, 5.53816880711e-06, 3.34529840984e-06, 4.35050060332e-06, 5.1643801271e-06, 1.76129196916e-06, 1.80325707788e-06, 1.96142900677e-06, 8.27950657367e-07, 6.54275368106e-07, 8.36753144995e-07, 6.49883816095e-07, 4.85451607801e-07, 3.703225957e-07, 3.42926398389e-07, 3.04237602222e-07, 2.0855900118e-07, 1.64962543181e-07],
        "min": [3.27900693264e-08, 6.06900343314e-08, 1.08754960593e-07, 2.20939412543e-07, 1.67787291616e-07, 1.0672142281e-07, 8.97854235404e-08, 1.68440283943e-08, 4.69843826068e-08, 3.62687231359e-08, 6.99070135113e-09, 2.65580997194e-08, 8.79092851847e-08, 2.14701827872e-07, 2.10414967228e-07, 3.54908195277e-07, 1.08075433047e-07, 6.1887512004e-08, 2.5185665109e-08, 9.80500836079e-09, 3.95367516504e-09, 3.16952464274e-09, 4.33432401081e-09, 5.27255883398e-09, 2.51957543718e-09, 1.26989574412e-09, 1.74385395013e-09, 1.5020779065e-09, 1.17682896761e-09, 7.02262692442e-10, 9.36284938469e-10, 1.099029312e-09, 8.71243077682e-10, 2.02620420442e-10, 2.29634200544e-10, 2.55407750505e-10, 8.19809498065e-11, 1.01007688325e-10, 7.47268705248e-11, 3.79501464975e-11],
        "stdev": [2.51201981882e-05, 0.000237112719333, 0.000632064708043, 0.00119021185674, 0.000735097099096, 0.000615196302533, 0.000932019320317, 0.000951846537646, 0.00342642865144, 0.00282230437733, 0.00194484496024, 0.000966605904978, 0.000950060260948, 0.000992609770037, 0.000191220504348, 0.000655232288409, 0.000186635530554, 3.57892749889e-05, 2.60878623521e-05, 4.52400636277e-05, 2.03169220185e-05, 1.83105585165e-05, 1.94201948034e-05, 1.37509050546e-05, 8.63621062308e-06, 1.68545921042e-05, 2.25633484661e-05, 5.27124484506e-06, 3.86426518162e-06, 4.04650972996e-06, 1.84646955859e-06, 1.42003455039e-06, 1.82583210062e-06, 1.47843945797e-06, 1.15117120458e-06, 8.24406470201e-07, 7.88832153376e-07, 6.57226223666e-07, 4.71405712688e-07, 3.63167686146e-07]
    },
    "melbands128": {
        "max": [2.90833268082e-05, 4.204920333e-05, 0.000223231720156, 0.00105997023638, 0.00350810657255, 0.00733791803941, 0.0087368581444, 0.0107401506975, 0.0132522946224, 0.0116758653894, 0.0281745363027, 0.013845436275, 0.00981915555894, 0.00687520997599, 0.00472108041868, 0.0089008975774, 0.0173497665673, 0.0114684291184, 0.0168688930571, 0.0222746022046, 0.00994108431041, 0.0534898601472, 0.104719802737, 0.0896506607533, 0.113819159567, 0.0365857370198, 0.0394043326378, 0.038708858192, 0.0346903242171, 0.0161043312401, 0.0224302019924, 0.0268509276211, 0.0105713885278, 0.0335468202829, 0.0323030874133, 0.0172636844218, 0.00252902158536, 0.00461301347241, 0.00397606240585, 0.00673998333514, 0.0306837949902, 0.0124060781673, 0.00111261953134, 0.000335554679623, 0.00103789160494, 0.000406963808928, 0.000283567351289, 0.000823673268314, 0.000196638909983, 0.00036531072692, 0.00109199795406, 0.000107450847281, 0.000528348260559, 0.000120429773233, 0.000192694715224, 0.000340192840667, 0.000218484652578, 0.000255889928667, 0.000573246739805, 0.000459195376607, 0.000121177814435, 0.000159404560691, 5.98452279519e-05, 0.000112889036245, 0.000171839434188, 0.000344860862242, 0.000375207571778, 0.000772488070652, 0.000393363268813, 0.000293182325549, 4.69014594273e-05, 4.0998798795e-05, 5.95474557485e-05, 3.28703899868e-05, 5.22037080373e-05, 3.95442802983e-05, 2.81449247268e-05, 2.20120109589e-05, 1.50112682604e-05, 1.00270608527e-05, 1.40837328217e-05, 1.41085720315e-05, 1.89273323485e-05, 1.51186632138e-05, 1.46590764416e-05, 1.45382064147e-05, 1.35190875881e-05, 1.19724772958e-05, 1.60329163919e-05, 1.09742259156e-05, 6.55153507978e-06, 5.9383619373e-06, 7.08114157533e-06, 8.34283309814e-06, 7.39946472095e-06, 7.19302124708e-06, 3.71639339392e-06, 5.17607259098e-06, 3.75974695999e-06, 4.29408555647e-06, 3.11924827656e-06, 3.11275061904e-06, 2.64289133156e-06, 2.37283893512e-06, 3.10020908501e-07, 1.52597987579e-08, 1.88247728516e-08, 2.15714397456e-08, 2.15680309168e-08, 1.94807050491e-08, 1.61784488029e-08, 1.13683240599e-08, 7.07972613867e-09, 4.8943671338e-09, 3.42249584229e-09, 2.58802934638e-09, 3.40339934013e-09, 5.27541610396e-09, 6.84957290886e-09, 7.51717177394e-09, 6.87271173305e-09, 5.37947686396e-09, 3.4936822324e-09, 2.0767465525e-09, 1.58443203002e-09, 2.0849697524e-09, 3.28341043243e-09, 4.44342473926e-09],
        "mean": [8.55703774505e-07, 1.77476306362e-06, 8.62728575157e-06, 3.47628338204e-05, 7.5189404015e-05, 0.000101103214547, 0.000187066732906, 0.00026622050791, 0.000304331857478, 0.000632396317087, 0.000639367557596, 0.00034404580947, 0.000334889919031, 0.000376700860215, 0.000551646517124, 0.000355697033228, 0.000588146387599, 0.000706962135155, 0.000540972920135, 0.000330581882736, 0.000354788906407, 0.000355175056029, 0.000676949042827, 0.00107931240927, 0.000716278562322, 0.000359216879588, 0.000333462492563, 0.000393182592234, 0.000433275738033, 0.000275789469015, 0.000381753488909, 0.000316760968417, 0.00011215172708, 0.000181946335942, 0.000227021519095, 0.000119926524349, 5.11413818458e-05, 7.88391262176e-05, 5.26324656676e-05, 6.29296264378e-05, 0.00010765868501, 6.73070244375e-05, 4.34358116763e-05, 2.72688685072e-05, 2.5394037948e-05, 1.96675537154e-05, 1.50187925101e-05, 1.63645145221e-05, 1.07578316602e-05, 1.00488914541e-05, 2.34773124248e-05, 1.04401651697e-05, 1.37168144647e-05, 7.89665682532e-06, 6.73741487844e-06, 8.70636722539e-06, 7.06539412931e-06, 5.06874675921e-06, 5.52106985197e-06, 8.07327432994e-06, 5.78385288463e-06, 3.57623730451e-06, 3.51362996298e-06, 3.18398519994e-06, 3.36929178957e-06, 3.31542673848e-06, 5.34068885827e-06, 7.48240745452e-06, 4.473379704e-06, 3.56573059435e-06, 1.25583335375e-06, 9.85308588497e-07, 1.89971046893e-06, 1.63371976214e-06, 2.11149063034e-06, 2.75031902675e-06, 1.43261422636e-06, 9.53939206738e-07, 8.30147200759e-07, 6.32087619579e-07, 5.48596858607e-07, 6.96298855019e-07, 7.82974382219e-07, 8.8332865289e-07, 8.93399032975e-07, 6.90860247232e-07, 5.89425724229e-07, 4.79412619825e-07, 4.9784125622e-07, 4.77363300888e-07, 4.0771192289e-07, 3.15848950549e-07, 3.53194707259e-07, 3.26302171061e-07, 3.60630110663e-07, 3.40390329256e-07, 2.68658652658e-07, 3.05442426907e-07, 1.78020883368e-07, 1.9998491041e-07, 1.59428381608e-07, 1.72715488134e-07, 1.49939680227e-07, 9.69547855334e-08, 1.18532588189e-08, 1.54844179145e-10, 9.60784715676e-11, 8.18200646124e-11, 8.00207400342e-11, 7.43402769898e-11, 6.62486315806e-11, 5.46901968157e-11, 4.28303573163e-11, 3.31652726115e-11, 2.62079802305e-11, 2.32868186539e-11, 2.33568633184e-11, 2.45485177325e-11, 2.67103266588e-11, 2.72895889913e-11, 2.54194651439e-11, 2.2028741678e-11, 1.74911283374e-11, 1.36436964157e-11, 1.17943372083e-11, 1.20772046877e-11, 1.42701189407e-11, 1.6778663528e-11],
        "min": [1.35369171428e-09, 3.68858610322e-09, 6.66090649304e-09, 3.97592252455e-08, 1.45795642226e-08, 2.48570621864e-08, 6.33741814582e-09, 3.23146025494e-08, 4.52865833722e-08, 7.99340540425e-08, 1.35378002142e-07, 1.9054394329e-07, 1.46573398752e-07, 8.17936793851e-08, 7.76519684109e-08, 1.30226567308e-07, 1.28396607124e-07, 7.83405980087e-08, 4.09766514053e-08, 1.2572350272e-08, 4.13682821332e-09, 2.51881004942e-08, 5.79590917482e-08, 6.35595682752e-08, 4.82036242033e-08, 2.52347263086e-08, 6.7796994685e-09, 1.25326449218e-09, 8.7164444551e-09, 2.24532072934e-08, 3.16142347856e-08, 3.88711640653e-08, 4.11133953548e-08, 1.44428881299e-07, 2.79592654806e-07, 9.19773484043e-08, 6.91853827561e-08, 7.53202229475e-08, 2.15662883107e-08, 1.05347780277e-07, 9.9221708183e-08, 7.56161924187e-08, 1.40561606798e-08, 1.47087924063e-08, 2.11159552066e-08, 2.14203215165e-08, 2.65030983826e-08, 8.99811780641e-09, 8.22555623614e-09, 3.41167094575e-09, 1.34349527059e-08, 6.53004805784e-09, 1.82793513659e-09, 3.95579524692e-09, 2.04282901706e-09, 1.85341786363e-09, 9.93162996288e-10, 1.7130039609e-09, 2.69979261169e-09, 2.86287216156e-09, 1.25625454483e-09, 1.12173204059e-09, 1.57694557412e-09, 1.78246917226e-09, 1.5333354586e-09, 6.44895747914e-10, 8.35120639309e-10, 6.15774931045e-10, 6.93472557156e-10, 5.1808696222e-10, 6.48740949849e-10, 1.01033803546e-09, 8.40995939555e-10, 5.53175671936e-10, 6.10922812339e-10, 4.87886731015e-10, 3.59086982371e-10, 3.34611366393e-10, 4.83119100281e-10, 2.44978731745e-10, 6.43259390198e-10, 5.89543802665e-10, 5.20348319988e-10, 7.45643990996e-10, 1.91373777936e-10, 2.19348872399e-10, 2.15700124429e-10, 1.50852802472e-10, 2.51593856859e-10, 2.14156040124e-10, 3.8831990401e-10, 2.61993732265e-10, 6.36973876422e-11, 8.29795676616e-11, 5.30207752703e-11, 1.40717298924e-10, 7.43899108979e-11, 1.21036902723e-10, 6.69385241681e-11, 6.17998152652e-11, 6.51818807262e-11, 2.57528651182e-11, 1.84059434361e-11, 1.05939259101e-11, 2.06923497434e-12, 1.52269771228e-13, 1.02698577452e-13, 4.94231825604e-13, 5.48589710984e-13, 4.53021924444e-13, 2.1180648381e-13, 2.1168807538e-13, 2.84075931181e-13, 4.21897515838e-13, 3.38047461117e-13, 4.71957271441e-13, 2.00559675204e-13, 2.28977074931e-13, 5.23072308124e-13, 2.54331982991e-13, 2.41124259231e-13, 2.90726237572e-13, 3.71376486421e-13, 1.72062640828e-13, 1.61438557292e-13, 4.60213566203e-14, 6.09456510934e-15, 4.0445749116e-16],
        "stdev": [1.90526509414e-06, 3.65097594113e-06, 2.17570905079e-05, 0.000100233606645, 0.000241756730247, 0.000377076503355, 0.000603030319326, 0.000819030043203, 0.000828125281259, 0.00147212808952, 0.00194422341883, 0.00100909441244, 0.000854429614265, 0.000749492610339, 0.00080905581126, 0.000633527059108, 0.00118758308236, 0.0011940561235, 0.0014189685462, 0.00130734802224, 0.000763926422223, 0.00235524284653, 0.0050482028164, 0.00581852439791, 0.00526844291016, 0.00166397157591, 0.00219573173672, 0.0029249174986, 0.00224571465515, 0.000799190835096, 0.00114320067223, 0.00161599612329, 0.000666148553137, 0.00147589261178, 0.00183704693336, 0.00102630734909, 0.000181654526386, 0.000259543565335, 0.000228770251852, 0.00032403296791, 0.00132391485386, 0.00066084478749, 8.48228373798e-05, 4.9717426009e-05, 7.24120764062e-05, 3.93479785998e-05, 2.90888765448e-05, 4.77242392662e-05, 2.08655856113e-05, 2.64719328698e-05, 9.17223951546e-05, 1.65221499628e-05, 3.88193220715e-05, 1.815066571e-05, 1.73156313394e-05, 2.2688842364e-05, 2.25530911848e-05, 1.6159914594e-05, 2.68097883236e-05, 2.5489309337e-05, 1.3993822904e-05, 9.45824103837e-06, 8.20860623207e-06, 9.70794371824e-06, 1.24028047139e-05, 1.72289001057e-05, 2.1823156203e-05, 4.04441379942e-05, 2.10886391869e-05, 1.75364257302e-05, 3.39308758157e-06, 2.84120528704e-06, 5.13340364705e-06, 3.55484166903e-06, 4.89578815177e-06, 5.87098020333e-06, 3.1634010611e-06, 2.45065461968e-06, 1.97824147108e-06, 1.41398390952e-06, 1.35583661631e-06, 1.55364682541e-06, 1.79567985015e-06, 2.09092513614e-06, 2.02020783036e-06, 1.62697483574e-06, 1.47526543515e-06, 1.16553087537e-06, 1.26180793814e-06, 1.21124048746e-06, 9.71528038463e-07, 7.08155482698e-07, 8.37142579257e-07, 8.19167382815e-07, 8.69107338985e-07, 7.74295529027e-07, 5.91144100781e-07, 7.1484515729e-07, 4.15352758409e-07, 4.94867094858e-07, 3.62048780289e-07, 3.9786675643e-07, 3.35569751542e-07, 2.44859080567e-07, 2.90616348764e-08, 8.64048776972e-10, 9.44260669655e-10, 1.02513486588e-09, 1.02488850739e-09, 9.41298705648e-10, 8.10052858125e-10, 6.24698015539e-10, 4.50334269875e-10, 3.21218524002e-10, 2.36494795969e-10, 1.98175045818e-10, 2.06882441733e-10, 2.58081472859e-10, 3.15278969598e-10, 3.39909322911e-10, 3.13286507847e-10, 2.53307957943e-10, 1.77556733205e-10, 1.2102086e-10, 9.87258885754e-11, 1.11396995794e-10, 1.5525354613e-10, 2.02085584378e-10]
    },
    "mfcc": {
        "mean": [-723.363952637, 165.376617432, -26.604675293, -20.1524524689, -23.5400066376, -13.7680921555, -14.3713951111, -8.13255405426, -10.8103675842, -5.96022987366, -8.91633796692, -7.88917446136, -6.00812339783],
        "cov": [[9244.17871094, -3225.88574219, -194.180923462, 736.173522949, -589.366821289, -332.262420654, -112.219764709, 29.6050567627, 4.96583652496, 132.812683105, -55.1117172241, 60.5676956177, 88.4473190308], [-3225.88574219, 2527.48510742, 549.153503418, -83.2899017334, 416.059814453, 53.7776527405, 3.97825098038, -51.7681121826, -113.283111572, -72.5043716431, -0.253599643707, -61.3226890564, -4.77686357498], [-194.180923462, 549.153503418, 953.478393555, 34.9093513489, 84.6824569702, -51.7367553711, -9.8926448822, -108.505584717, -21.0475540161, -63.7069320679, -34.2954826355, 6.53625488281, 3.66392827034], [736.173522949, -83.2899017334, 34.9093513489, 267.627380371, 67.6831588745, 15.2864170074, -17.6869010925, 8.77121925354, -21.3782634735, 11.2856092453, 7.07767820358, 8.48938751221, 22.2710971832], [-589.366821289, 416.059814453, 84.6824569702, 67.6831588745, 237.369125366, 101.558906555, -14.3397874832, -18.7153377533, -20.540397644, -9.94027805328, 20.294260025, 18.3245391846, 13.103553772], [-332.262420654, 53.7776527405, -51.7367553711, 15.2864170074, 101.558906555, 136.124465942, 24.5183563232, 7.84873580933, 11.91776371, 7.86737060547, 7.12954950333, 9.32618045807, -1.64895510674], [-112.219764709, 3.97825098038, -9.8926448822, -17.6869010925, -14.3397874832, 24.5183563232, 77.0927505493, 47.011592865, 17.4824104309, 23.8861370087, 11.3913049698, -2.4834253788, -16.5812397003], [29.6050567627, -51.7681121826, -108.505584717, 8.77121925354, -18.7153377533, 7.84873580933, 47.011592865, 86.6537017822, 28.8270130157, 23.2348461151, 9.93778610229, -2.95424175262, -2.9375243187], [4.96583652496, -113.283111572, -21.0475540161, -21.3782634735, -20.540397644, 11.91776371, 17.4824104309, 28.8270130157, 75.7073516846, 35.2990493774, 13.1644525528, 4.0263543129, -11.0216140747], [132.812683105, -72.5043716431, -63.7069320679, 11.2856092453, -9.94027805328, 7.86737060547, 23.8861370087, 23.2348461151, 35.2990493774, 78.4884643555, 45.4686698914, 5.78863716125, -12.593662262], [-55.1117172241, -0.253599643707, -34.2954826355, 7.07767820358, 20.294260025, 7.12954950333, 11.3913049698, 9.93778610229, 13.1644525528, 45.4686698914, 85.3539733887, 26.4884128571, -18.4855575562], [60.5676956177, -61.3226890564, 6.53625488281, 8.48938751221, 18.3245391846, 9.32618045807, -2.4834253788, -2.95424175262, 4.0263543129, 5.78863716125, 26.4884128571, 53.1384010315, 26.711479187], [88.4473190308, -4.77686357498, 3.66392827034, 22.2710971832, 13.103553772, -1.64895510674, -16.5812397003, -2.9375243187, -11.0216140747, -12.593662262, -18.4855575562, 26.711479187, 74.581489563]],
        "icov": [[0.000394421484089, 0.000453416694654, -0.000204965574085, -0.000887108733878, 0.00027693141601, 0.00051066611195, 0.000468914600788, -0.000322939129546, 0.00074397563003, -0.00102267425973, 0.000631288683508, -0.000234435632592, 6.81203746353e-05], [0.000453416694654, 0.0014761852799, -0.000655917625409, -6.67803979013e-05, -0.00194331153762, 0.0015334590571, 9.31328904699e-05, -0.00097954494413, 0.00193481775932, -0.0012471730588, 0.000144461300806, 0.00183816452045, -0.000580747844651], [-0.000204965574085, -0.000655917625409, 0.00209420430474, -0.000516313535627, -0.000643162697088, 0.00163077481557, -0.00338999903761, 0.00416689598933, -0.00278319744393, 0.00223939679563, 0.000324767752318, -0.000992475426756, 0.000214650091948], [-0.000887108733878, -6.67803979013e-05, -0.000516313535627, 0.00768220098689, -0.00376529479399, -0.000739602604881, 0.00152345863171, -0.00308545958251, 0.00209825998172, -0.000604109256528, -0.00130474346224, 0.00230934773572, -0.00130094308406], [0.00027693141601, -0.00194331153762, -0.000643162697088, -0.00376529479399, 0.0148225063458, -0.0101927490905, 0.00629427284002, -0.00127424183302, 0.00105430162512, 0.00015727437858, -0.00192482897546, -0.00436054775491, 0.000489688944072], [0.00051066611195, 0.0015334590571, 0.00163077481557, -0.000739602604881, -0.0101927490905, 0.0178665090352, -0.00956199318171, 0.00493560358882, -0.00322611676529, -8.9870300144e-05, 0.00339719909243, -0.000301061605569, 0.000345634995028], [0.000468914600788, 9.31328904699e-05, -0.00338999903761, 0.00152345863171, 0.00629427284002, -0.00956199318171, 0.0317853428423, -0.0198970306665, 0.00816854741424, -0.00966674555093, 0.00265682372265, -0.00420583598316, 0.00586684187874], [-0.000322939129546, -0.00097954494413, 0.00416689598933, -0.00308545958251, -0.00127424183302, 0.00493560358882, -0.0198970306665, 0.0292865093797, -0.0120730493218, 0.00612870138139, -0.00249710073695, 0.00320062157698, -0.00441468693316], [0.00074397563003, 0.00193481775932, -0.00278319744393, 0.00209825998172, 0.00105430162512, -0.00322611676529, 0.00816854741424, -0.0120730493218, 0.0258256997913, -0.0141118187457, 0.00494234869257, -0.00345375621691, 0.00373135437258], [-0.00102267425973, -0.0012471730588, 0.00223939679563, -0.000604109256528, 0.00015727437858, -8.9870300144e-05, -0.00966674555093, 0.00612870138139, -0.0141118187457, 0.0313295684755, -0.0171346254647, 0.00791306607425, -0.0046102842316], [0.000631288683508, 0.000144461300806, 0.000324767752318, -0.00130474346224, -0.00192482897546, 0.00339719909243, 0.00265682372265, -0.00249710073695, 0.00494234869257, -0.0171346254647, 0.0300072934479, -0.0203913692385, 0.013117659837], [-0.000234435632592, 0.00183816452045, -0.000992475426756, 0.00230934773572, -0.00436054775491, -0.000301061605569, -0.00420583598316, 0.00320062157698, -0.00345375621691, 0.00791306607425, -0.0203913692385, 0.041875321418, -0.0195206925273], [6.81203746353e-05, -0.000580747844651, 0.000214650091948, -0.00130094308406, 0.000489688944072, 0.000345634995028, 0.00586684187874, -0.00441468693316, 0.00373135437258, -0.0046102842316, 0.013117659837, -0.0195206925273, 0.0247357804328]]
    },
    "spectral_contrast_coeffs": {
        "max": [-0.337875336409, -0.327502608299, -0.416959017515, -0.566988229752, -0.600593626499, -0.695441961288],
        "mean": [-0.630208432674, -0.728955209255, -0.712656795979, -0.785619914532, -0.809732973576, -0.805071115494],
        "min": [-0.870226264, -0.924082815647, -0.889597713947, -0.8824685812, -0.893058657646, -0.932023823261],
        "stdev": [0.0864690095186, 0.0837784335017, 0.0758649706841, 0.0473183691502, 0.0383646450937, 0.0425729565322]
    },
    "spectral_contrast_valleys": {
        "max": [-5.54332542419, -4.48624658585, -4.74625730515, -6.02129840851, -5.89938783646, -8.56465816498],
        "mean": [-8.22374820709, -6.5676612854, -7.39173316956, -8.03989028931, -8.6951341629, -11.3863105774],
        "min": [-10.7146463394, -9.86519813538, -10.1207427979, -10.5674152374, -10.9147996902, -14.1917171478],
        "stdev": [0.990619063377, 0.904592335224, 0.705757915974, 0.950961709023, 1.27286016941, 1.23015403748]
    }
},
"rhythm": {
    "beats_count": 29,
    "beats_loudness": {
        "max": 0.632818043232,
        "mean": 0.0404585525393,
        "min": 0.00142074690666,
        "stdev": 0.113669320941
    },
    "bpm": 140.128631592,
    "bpm_histogram_first_peak_bpm": 140,
    "bpm_histogram_first_peak_weight": 0.333333313465,
    "bpm_histogram_second_peak_bpm": 152,
    "bpm_histogram_second_peak_spread": 0,
    "bpm_histogram_second_peak_weight": 0.214285716414,
    "danceability": 1.01244747639,
    "onset_rate": 2.19446659088,
    "beats_loudness_band_ratio": {
        "max": [0.370953798294, 0.807642519474, 0.895819365978, 0.746040284634, 0.345995366573, 0.103684052825],
        "mean": [0.0541401393712, 0.232288658619, 0.433665722609, 0.251153260469, 0.0537516362965, 0.017018655315],
        "min": [0.00135117280297, 0.00641983281821, 0.0332776866853, 0.0220672171563, 0.00115249911323, 4.58304348285e-05],
        "stdev": [0.0911783799529, 0.203767463565, 0.204215794802, 0.164495646954, 0.0683660060167, 0.0236312076449]
    },
    "beats_position": [0.325079351664, 0.673378646374, 1.05650794506, 1.45124709606, 1.84598636627, 2.24072551727, 2.63546490669, 3.03020405769, 3.42494320869, 3.80807256699, 4.19120168686, 4.65560102463, 5.13160991669, 5.60761880875, 6.06040811539, 6.51319694519, 6.97759628296, 7.44199514389, 7.89478445053, 8.33596324921, 8.78875255585, 9.2067117691, 9.62467098236, 10.0542402267, 10.4838094711, 10.9133787155, 11.3429479599, 11.7725172043, 12.202085495],
