{
"metadata": {
    "version": {
        "essentia": "2.1-beta5",
        "essentia_git_sha": "Undefined",
        "extractor": "music 2.0"
    },
    "audio_properties": {
        "analysis": {
            "equal_loudness": 0,
            "length": 12.7477550507,
            "sample_rate": 44100,
            "start_time": 0,
            "downmix": "mix"
        },
        "bit_rate": 192000,
        "length": 203.383590698,
        "lossless": 0,
        "number_channels": 2,
        "replay_gain": -2.28760147095,
        "sample_rate": 48000,
        "codec": "mp3",
        "md5_encoded": "4644c0136a5ab2d3fc29233f2fd48d9e"
    },
    "tags": {
        "file_name": "Switzerland_Giorgio_Lys Assia.mp3",
        "encoding": ["Lavf58.29.100"]
    }
},
"lowlevel": {
    "average_loudness": 0.0615624077618,
    "barkbands_crest": {
        "max": 25.054567337,
        "mean": 9.41270160675,
        "min": 2.56785511971,
        "stdev": 4.96215438843
    },
    "barkbands_flatness_db": {
        "max": 0.372022747993,
        "mean": 0.154616862535,
        "min": 0.0341105982661,
        "stdev": 0.0748048871756
    },
    "barkbands_kurtosis": {
        "max": 51.0337181091,
        "mean": 2.09928798676,
        "min": -1.86838567257,
        "stdev": 6.04133081436
    },
    "barkbands_skewness": {
        "max": 6.64700078964,
        "mean": 0.929794311523,
        "min": -1.80936217308,
        "stdev": 0.829880774021
    },
    "barkbands_spread": {
        "max": 77.3734741211,
        "mean": 25.3016815186,
        "min": 1.07822573185,
        "stdev": 18.7243309021
    },
    "dissonance": {
        "max": 0.499971717596,
        "mean": 0.458286643028,
        "min": 0.253921836615,
        "stdev": 0.0495280325413
    },
    "dynamic_complexity": 15.0634183884,
    "erbbands_crest": {
        "max": 31.8104438782,
        "mean": 9.71129131317,
        "min": 2.0304017067,
        "stdev": 6.89881372452
    },
    "erbbands_flatness_db": {
        "max": 0.404302090406,
        "mean": 0.202142819762,
        "min": 0.0831450894475,
        "stdev": 0.0770056769252
    },
    "erbbands_kurtosis": {
        "max": 40.1102638245,
        "mean": 1.43430638313,
        "min": -1.86089920998,
        "stdev": 5.19221305847
    },
    "erbbands_skewness": {
        "max": 4.8671207428,
        "mean": 0.391065597534,
        "min": -2.91670536995,
        "stdev": 0.917112708092
    },
    "erbbands_spread": {
        "max": 85.716506958,
        "mean": 32.0429420471,
        "min": 2.61510300636,
        "stdev": 19.6583003998
    },
    "hfc": {
        "max": 115.042762756,
        "mean": 7.35515594482,
        "min": 1.20772009027e-16,
        "stdev": 17.0643157959
    },
    "loudness_ebu128": {
        "integrated": -24.4591884613,
        "loudness_range": 18.5834159851,
        "momentary": {
            "max": -15.2588434219,
            "mean": -37.4357032776,
            "min": -63.1399841309,
            "stdev": 14.9519834518
        },
        "short_term": {
            "max": -21.1744098663,
            "mean": -33.4231262207,
            "min": -60.4940948486,
            "stdev": 10.620300293
        }
    },
    "melbands_crest": {
        "max": 28.4146595001,
        "mean": 13.1966924667,
        "min": 3.45997285843,
        "stdev": 5.38697767258
    },
    "melbands_flatness_db": {
        "max": 0.379244983196,
        "mean": 0.181486859918,
        "min": 0.00828485284001,
        "stdev": 0.0716944336891
    },
    "melbands_kurtosis": {
        "max": 121.901664734,
        "mean": 6.18230342865,
        "min": -1.44311821461,
        "stdev": 8.51065158844
    },
    "melbands_skewness": {
        "max": 9.36613845825,
        "mean": 1.73047542572,
        "min": -1.21938455105,
        "stdev": 1.17020261288
    },
    "melbands_spread": {
        "max": 158.009262085,
        "mean": 27.7500667572,
        "min": 1.82746732235,
        "stdev": 18.1270446777
    },
    "pitch_salience": {
        "max": 0.81414347887,
        "mean": 0.583148598671,
        "min": 0.132086440921,
        "stdev": 0.117898516357
    },
    "silence_rate_20dB": {
        "max": 1,
        "mean": 1,
        "min": 1,
        "stdev": 0
    },
    "silence_rate_30dB": {
        "max": 1,
        "mean": 0.970909118652,
        "min": 0,
        "stdev": 0.168061286211
    },
    "silence_rate_60dB": {
        "max": 1,
        "mean": 0.565454542637,
        "min": 0,
        "stdev": 0.495697587729
    },
    "spectral_centroid": {
        "max": 11072.1367188,
        "mean": 1493.38818359,
        "min": 331.585479736,
        "stdev": 775.764709473
    },
    "spectral_complexity": {
        "max": 24,
        "mean": 6.89090919495,
        "min": 0,
        "stdev": 6.20871686935
    },
    "spectral_decrease": {
        "max": 1.79458648747e-29,
        "mean": -2.35380936964e-09,
        "min": -3.98592945317e-08,
        "stdev": 6.00777205761e-09
    },
    "spectral_energy": {
        "max": 0.160872876644,
        "mean": 0.00955095421523,
        "min": 1.08866419797e-20,
        "stdev": 0.0241878163069
    },
    "spectral_energyband_high": {
        "max": 0.00597576471046,
        "mean": 6.76101481076e-05,
        "min": 7.72856899073e-21,
        "stdev": 0.000364815379726
    },
    "spectral_energyband_low": {
        "max": 0.00494007160887,
        "mean": 0.000457591348095,
        "min": 1.27141153857e-22,
        "stdev": 0.000790602876805
    },
    "spectral_energyband_middle_high": {
        "max": 0.0588159374893,
        "mean": 0.00245074694976,
        "min": 1.65237748605e-21,
        "stdev": 0.00581440655515
    },
    "spectral_energyband_middle_low": {
        "max": 0.149690508842,
        "mean": 0.00727431708947,
        "min": 3.78167397163e-22,
        "stdev": 0.0220825709403
    },
    "spectral_entropy": {
        "max": 9.8085193634,
        "mean": 7.53461360931,
        "min": 5.67533731461,
        "stdev": 0.656376838684
    },
    "spectral_flux": {
        "max": 0.295115292072,
        "mean": 0.0307313259691,
        "min": 1.04339072104e-10,
        "stdev": 0.0360579676926
    },
    "spectral_kurtosis": {
        "max": 23.5401039124,
        "mean": 5.01251029968,
        "min": -1.21816909313,
        "stdev": 4.33030843735
    },
    "spectral_rms": {
        "max": 0.0125279342756,
        "mean": 0.00195471406914,
        "min": 3.259005045e-12,
        "stdev": 0.00234458921477
    },
    "spectral_rolloff": {
        "max": 18820.0195312,
        "mean": 2008.85095215,
        "min": 150.732421875,
        "stdev": 1742.40270996
    },
    "spectral_skewness": {
        "max": 3.47286987305,
        "mean": 1.50636935234,
        "min": -0.162999257445,
        "stdev": 0.60717445612
    },
    "spectral_spread": {
        "max": 40589244,
        "mean": 3988160.25,
        "min": 2001009.5,
        "stdev": 2323333.75
    },
    "spectral_strongpeak": {
        "max": 9.49161434174,
        "mean": 0.874528110027,
        "min": 0,
        "stdev": 1.73575854301
    },
    "zerocrossingrate": {
        "max": 0.72216796875,
        "mean": 0.0705273449421,
        "min": 0.0087890625,
        "stdev": 0.0517016202211
    },
    "barkbands": {
        "max": [4.06712024414e-05, 0.00211063399911, 0.00432660616934, 0.00376158487052, 0.0164385549724, 0.0118593294173, 0.0118973013014, 0.0786546841264, 0.14218993485, 0.0590343289077, 0.0179671328515, 0.00931819435209, 0.00701882923022, 0.00630083121359, 0.00773703306913, 0.00589075544849, 0.00405794475228, 0.00278365984559, 0.00324366427958, 0.00341856433079, 0.00267043430358, 0.00117743748706, 0.000342703686329, 0.000116841998533, 5.04361414642e-05, 5.46168394067e-06, 5.91127400185e-06],
        "mean": [9.47724743128e-07, 9.00893719518e-05, 0.000306063215248, 0.000131296794279, 0.00032224325696, 0.000651259440929, 0.000357267970685, 0.00103031098843, 0.00366467726417, 0.00158682186157, 0.000399167503929, 0.0001398940949, 0.000182876116014, 0.000155881847604, 0.00010866511002, 0.000113257774501, 9.07118737814e-05, 5.78542312724e-05, 7.11824250175e-05, 4.25032812927e-05, 2.50728244282e-05, 1.20920649351e-05, 6.20426135356e-06, 3.48290359398e-06, 1.10894188765e-06, 1.03297566056e-08, 1.11269988778e-08],
        "min": [3.26652975138e-23, 5.3619731642e-24, 5.24579564653e-23, 9.84428169541e-23, 3.06949312318e-23, 1.98153450134e-23, 4.0474013889e-23, 2.26730520183e-23, 1.19105172965e-22, 9.44344884769e-23, 6.94065699051e-23, 2.29721016144e-22, 7.31139763459e-23, 1.54488639034e-22, 1.65324066397e-22, 9.96775041776e-23, 1.15763469819e-22, 1.91593475329e-22, 2.5657414428e-22, 3.36966492126e-22, 3.77659825124e-22, 4.32099987095e-22, 7.27211665292e-22, 9.31242599331e-22, 1.30066881182e-21, 1.61813935767e-21, 2.43049392904e-21],
        "stdev": [2.6161178539e-06, 0.000218118584598, 0.000606220215559, 0.000337721139658, 0.00119604158681, 0.00153778539971, 0.00115232553799, 0.00604555662721, 0.018826359883, 0.00612468784675, 0.00154301302973, 0.000563022156712, 0.000554094731342, 0.000409338361351, 0.000487463636091, 0.000473668740597, 0.000277149578324, 0.000231473604799, 0.000253370846622, 0.000164097495144, 0.000177542402525, 7.80158516136e-05, 2.57551691902e-05, 1.0648946045e-05, 3.69919689547e-06, 2.32659687072e-07, 2.51813531804e-07]
    },
    "erbbands": {
        "max": [0.0148569913581, 0.626731812954, 3.2806763649, 5.9637503624, 28.0579967499, 78.8207092285, 96.5317459106, 104.192199707, 242.722259521, 1395.59033203, 1664, 3758.05444336, 1830.95349121, 851.537536621, 670.526611328, 437.583251953, 393.8203125, 122.434402466, 342.496276855, 367.45993042, 76.6494522095, 186.47819519, 105.758796692, 233.87197876, 221.622512817, 164.952270508, 145.075408936, 101.905265808, 42.6775627136, 21.9092903137, 8.70648384094, 2.77746987343, 2.54986095428, 1.04611098766, 0.144567444921, 0.0216127056628, 0.0101477736607, 0.00364696490578, 0.000853721459862, 0.000186224759091],
        "mean": [0.000702860183083, 0.0305502805859, 0.275060772896, 0.449376314878, 0.834737360477, 0.971552312374, 2.06632423401, 5.75194644928, 7.17312765121, 13.6869344711, 33.9307250977, 98.9760742188, 59.7189331055, 16.9336395264, 14.7584486008, 7.61236524582, 9.0449962616, 7.96058511734, 6.37663078308, 8.03618240356, 4.55232810974, 4.08089113235, 2.81190347672, 4.47013044357, 2.6437754631, 2.35355591774, 1.3609443903, 0.724900186062, 0.43727850914, 0.28456351161, 0.176446929574, 0.07960473001, 0.0592124462128, 0.0221838578582, 0.00275552808307, 0.00012287440768, 2.73273381026e-05, 8.64748017193e-06, 6.69901646688e-06, 1.13658679766e-05],
        "min": [4.6805452535e-22, 1.2397727889e-21, 3.9461507383e-20, 2.29128616087e-19, 1.83891064814e-19, 7.91835637343e-20, 2.31811266211e-19, 1.38927762688e-19, 4.73205678312e-19, 5.03055679788e-19, 6.59847816597e-19, 2.21748862213e-18, 4.3305684394e-18, 2.07072527477e-18, 6.01745523337e-18, 7.24407061038e-18, 4.03106660552e-18, 8.15448296335e-18, 8.43063555649e-18, 6.4073765936e-18, 6.21563281889e-18, 6.79113587186e-18, 1.08950216682e-17, 1.00143456311e-17, 1.57462002144e-17, 1.59590949974e-17, 1.43950883649e-17, 1.63144617147e-17, 1.33885022037e-17, 1.89765109056e-17, 2.38828268299e-17, 1.4117306226e-17, 1.776260185e-17, 1.25731163595e-17, 1.06166505767e-17, 5.01402393898e-18, 3.13307002675e-18, 1.31691186024e-18, 3.23256677465e-19, 3.70608418373e-20],
        "stdev": [0.00147178885527, 0.066595159471, 0.501829743385, 0.85894548893, 2.29963445663, 4.95440864563, 7.62291479111, 13.6473064423, 22.5281028748, 86.1219024658, 157.999588013, 503.14453125, 222.72694397, 58.407371521, 56.0830917358, 25.3509693146, 28.7446346283, 14.3199691772, 26.1478404999, 32.815246582, 9.52692985535, 12.7316703796, 8.79966259003, 14.2322340012, 13.088133812, 8.29673194885, 9.38471412659, 5.3797416687, 2.84149575233, 1.57319295406, 0.652289867401, 0.238056868315, 0.205943703651, 0.074469409883, 0.00950260367244, 0.000954191433266, 0.000432426284533, 0.000155338871991, 3.82134203392e-05, 2.82942655758e-05]
    },
    "gfcc": {
        "mean": [-213.420257568, 117.485305786, -156.593261719, 35.8536605835, -73.7293930054, 16.0532512665, -34.8937530518, 3.19399929047, -13.6338262558, -15.7840061188, -2.52525949478, -22.1258716583, 0.807724952698],
        "cov": [[25752.0292969, 4865.95605469, -4477.6171875, -2145.18139648, -346.734130859, -1966.27954102, 971.398681641, -785.293518066, 515.924377441, -1494.08239746, 329.937530518, -1298.97387695, 119.051071167], [4865.95605469, 1580.87548828, -774.057678223, -518.273498535, 110.180984497, -439.094390869, 205.817855835, -183.749816895, 168.483947754, -316.852416992, 84.0753250122, -297.369598389, -13.1519489288], [-4477.6171875, -774.057678223, 1184.95483398, 351.043945312, -55.2902488708, 373.371307373, -178.6847229, 173.358703613, -124.566993713, 283.070648193, -29.26039505, 224.71987915, 1.31102311611], [-2145.18139648, -518.273498535, 351.043945312, 538.604309082, 126.66230011, 282.482910156, -111.515953064, 77.6356811523, -24.0766906738, 145.68409729, -119.828552246, 123.714477539, -32.1791191101], [-346.734130859, 110.180984497, -55.2902488708, 126.66230011, 275.988983154, 76.7847976685, 45.2244796753, 19.7639198303, 56.1740150452, -12.733631134, -42.6722068787, 3.09967041016, -33.0217628479], [-1966.27954102, -439.094390869, 373.371307373, 282.482910156, 76.7847976685, 307.756439209, -34.9046516418, 108.465293884, -38.0508041382, 125.33228302, -50.7983055115, 112.630195618, -14.9540338516], [971.398681641, 205.817855835, -178.6847229, -111.515953064, 45.2244796753, -34.9046516418, 197.319442749, 26.4495334625, 43.2678222656, -72.4448852539, 31.2893619537, -46.9928512573, 5.22627687454], [-785.293518066, -183.749816895, 173.358703613, 77.6356811523, 19.7639198303, 108.465293884, 26.4495334625, 135.520446777, 18.1269321442, 47.4139289856, -1.09510016441, 44.8541030884, -0.601683437824], [515.924377441, 168.483947754, -124.566993713, -24.0766906738, 56.1740150452, -38.0508041382, 43.2678222656, 18.1269321442, 120.513504028, -1.46292090416, -6.51964473724, -40.7216758728, -16.3477630615], [-1494.08239746, -316.852416992, 283.070648193, 145.68409729, -12.733631134, 125.33228302, -72.4448852539, 47.4139289856, -1.46292090416, 171.13684082, 1.96313786507, 85.4221878052, -12.002081871], [329.937530518, 84.0753250122, -29.26039505, -119.828552246, -42.6722068787, -50.7983055115, 31.2893619537, -1.09510016441, -6.51964473724, 1.96313786507, 91.9324569702, 13.0663709641, 18.5942459106], [-1298.97387695, -297.369598389, 224.71987915, 123.714477539, 3.09967041016, 112.630195618, -46.9928512573, 44.8541030884, -40.7216758728, 85.4221878052, 13.0663709641, 136.968109131, 29.513174057], [119.051071167, -13.1519489288, 1.31102311611, -32.1791191101, -33.0217628479, -14.9540338516, 5.22627687454, -0.601683437824, -16.3477630615, -12.002081871, 18.5942459106, 29.513174057, 64.7484436035]],
        "icov": [[0.000415968243033, -0.000620311126113, 0.000857881270349, -0.000569216441363, 0.00117512233555, -0.000184848075151, -0.000419621297624, 0.000176196597749, -0.000352587347152, 0.000870827934705, -0.000855182472151, 0.00124504754785, -0.000848483585287], [-0.000620311126113, 0.00337594631128, -0.00184911268298, 0.00113188347314, -0.00313972868025, 0.00088065903401, 0.000539633503649, 0.00185618468095, -0.00215422408655, 0.00139253854286, -0.00156784546562, 0.000855460646562, 0.000776620465331], [0.000857881270349, -0.00184911268298, 0.00420166039839, -0.000836149731185, 0.00292607140727, -0.00150516594294, 1.44748337334e-05, -0.00198349449784, 0.00176088977605, -0.00108516169712, -0.000365645100828, 0.00139216356911, -0.00161463906989], [-0.000569216441363, 0.00113188347314, -0.000836149731185, 0.00707641243935, -0.00313675380312, -0.00218787766062, 0.0017666517524, -0.000415453774622, 0.000762345036492, -0.00302058039233, 0.00699414964765, -0.00437419489026, 0.00217664428055], [0.00117512233555, -0.00313972868025, 0.00292607140727, -0.00313675380312, 0.010264839977, -0.0029543552082, -0.00233817356639, 0.000968129665125, -0.00320414500311, 0.00397975742817, -0.000985245686024, -2.20726669795e-05, 0.000555610284209], [-0.000184848075151, 0.00088065903401, -0.00150516594294, -0.00218787766062, -0.0029543552082, 0.0125498417765, -0.00244218413718, -0.00432478031144, 0.00401678774506, -0.0036906725727, 0.00326126092114, -0.00218705297448, 0.00140093127266], [-0.000419621297624, 0.000539633503649, 1.44748337334e-05, 0.0017666517524, -0.00233817356639, -0.00244218413718, 0.00971543416381, -0.00312892650254, -0.00122783274855, 0.0020862990059, -0.0026262239553, 0.00063394481549, -0.000268961419351], [0.000176196597749, 0.00185618468095, -0.00198349449784, -0.000415453774622, 0.000968129665125, -0.00432478031144, -0.00312892650254, 0.0164942909032, -0.00856242328882, 0.00538149056956, -0.00496644992381, 0.00105461676139, -0.000431271153502], [-0.000352587347152, -0.00215422408655, 0.00176088977605, 0.000762345036492, -0.00320414500311, 0.00401678774506, -0.00122783274855, -0.00856242328882, 0.019579982385, -0.0117860008031, 0.0073804743588, -9.72232883214e-05, 0.000550744531211], [0.000870827934705, 0.00139253854286, -0.00108516169712, -0.00302058039233, 0.00397975742817, -0.0036906725727, 0.0020862990059, 0.00538149056956, -0.0117860008031, 0.022700574249, -0.0114302402362, 0.000576256716158, 0.00251335999928], [-0.000855182472151, -0.00156784546562, -0.000365645100828, 0.00699414964765, -0.000985245686024, 0.00326126092114, -0.0026262239553, -0.00496644992381, 0.0073804743588, -0.0114302402362, 0.0286580622196, -0.013150610961, 0.00266285147518], [0.00124504754785, 0.000855460646562, 0.00139216356911, -0.00437419489026, -2.20726669795e-05, -0.00218705297448, 0.00063394481549, 0.00105461676139, -9.72232883214e-05, 0.000576256716158, -0.013150610961, 0.0281543880701, -0.0138496253639], [-0.000848483585287, 0.000776620465331, -0.00161463906989, 0.00217664428055, 0.000555610284209, 0.00140093127266, -0.000268961419351, -0.000431271153502, 0.000550744531211, 0.00251335999928, 0.00266285147518, -0.0138496253639, 0.0250543616712]]
    },
    "melbands": {
        "max": [0.000351159716956, 0.00117419997696, 0.00121326663066, 0.00244770455174, 0.00295672309585, 0.00269219302572, 0.00308590149507, 0.0178340524435, 0.018707819283, 0.0214801765978, 0.00962031353265, 0.00344613427296, 0.00268811243586, 0.00120749801863, 0.000490066071507, 0.000690933025908, 0.000251572433626, 0.000626461056527, 0.000556025886908, 0.000556156621315, 0.000124151600176, 0.000277984509012, 0.000139627722092, 0.000150518986629, 0.00022449514654, 0.000140438525705, 8.78257342265e-05, 0.000139788302477, 0.000108678359538, 5.66012713534e-05, 6.62753809593e-05, 2.99906150758e-05, 1.66166173585e-05, 1.09109141704e-05, 5.29895623913e-06, 2.97366773339e-06, 1.37818574331e-06, 1.8054611246e-06, 1.6229778339e-06, 6.58475016735e-07],
        "mean": [1.47237497004e-05, 0.000109490072646, 9.11689348868e-05, 6.24186432105e-05, 7.00498785591e-05, 0.000139775147545, 9.58982273005e-05, 0.000172912084963, 0.000405484985095, 0.000545170332771, 0.00027709081769, 6.4821113483e-05, 5.70360352867e-05, 1.88353624253e-05, 1.96395794774e-05, 1.6021042029e-05, 1.55325396918e-05, 1.03383308669e-05, 9.00613395061e-06, 1.05492681541e-05, 4.84519023303e-06, 4.90175261803e-06, 3.05337312057e-06, 2.64341542788e-06, 3.89090655517e-06, 1.71361750745e-06, 1.69767383795e-06, 1.48281901602e-06, 9.00325858311e-07, 5.73161571538e-07, 3.67667723822e-07, 2.66255852921e-07, 1.87263921703e-07, 1.36823501862e-07, 1.06856212767e-07, 7.15996577583e-08, 3.96515247303e-08, 4.51929693668e-08, 3.1938938605e-08, 1.41127420861e-08],
        "min": [4.72586294593e-24, 1.64464529865e-23, 3.84409426314e-23, 7.83566149711e-24, 6.87930885563e-24, 3.66979236957e-24, 7.26176597743e-24, 5.30211873744e-24, 5.75226367478e-24, 1.65181493988e-23, 2.19525411773e-23, 7.75500914702e-24, 1.54733977931e-23, 2.6764883e-23, 9.3142148143e-24, 9.77341153609e-24, 1.58901861415e-23, 1.24984747352e-23, 1.13599228347e-23, 7.26051326631e-24, 7.07163156661e-24, 6.55154306597e-24, 9.35619878054e-24, 8.78293908274e-24, 7.80662904922e-24, 9.92822391102e-24, 1.42761499081e-23, 8.83378669011e-24, 1.00510629646e-23, 7.19515535145e-24, 9.87988409247e-24, 7.49919102179e-24, 8.25956615972e-24, 1.08192012827e-23, 1.43989960615e-23, 9.09347417808e-24, 8.33396284284e-24, 1.07979541031e-23, 1.47784302683e-23, 9.81859906646e-24],
        "stdev": [3.51238813892e-05, 0.000193889150978, 0.000167974765645, 0.000198095993255, 0.00027225643862, 0.000335677294061, 0.000300674728351, 0.00112139061093, 0.00193826039322, 0.00275855511427, 0.00112202996388, 0.000248245341936, 0.000226633972488, 7.14380876161e-05, 5.28039017809e-05, 4.71348248539e-05, 2.92011918646e-05, 4.36638438259e-05, 3.89625856769e-05, 4.38211645815e-05, 1.05632407212e-05, 1.81567193067e-05, 1.05547496787e-05, 1.04922237369e-05, 1.30030903165e-05, 8.20661989565e-06, 6.20923992756e-06, 6.51343316349e-06, 6.72618170938e-06, 4.03504918722e-06, 3.13303416988e-06, 1.80193569577e-06, 1.15942305001e-06, 7.37164100428e-07, 3.99083717184e-07, 2.64018410689e-07, 1.10543801668e-07, 1.66426161741e-07, 1.16760681124e-07, 4.86852478332e-08]
    },
    "melbands128": {
        "max": [9.93213234324e-06, 2.15794952965e-05, 0.000303931272356, 0.00134003069252, 0.00169507600367, 0.00243631494232, 0.00121693406254, 0.00215824740008, 0.00398353068158, 0.0027602459304, 0.00538158230484, 0.00663876719773, 0.00480601657182, 0.00328425411135, 0.00325960037299, 0.00618765223771, 0.00793691072613, 0.00243497639894, 0.00199047056958, 0.0174740999937, 0.0307931322604, 0.0192500595003, 0.0289247129112, 0.0544045343995, 0.0479249320924, 0.00961993075907, 0.00689070811495, 0.0179049633443, 0.0156944096088, 0.00340479565784, 0.00599252944812, 0.00161462079268, 0.00473966449499, 0.00204384815879, 0.00145604775753, 0.00263551948592, 0.001157670049, 0.000679380376823, 0.00130211841315, 0.00210547819734, 0.000216058877413, 0.000734125904273, 0.000529946177267, 0.000381604826543, 0.00164111761842, 0.000445457466412, 0.00168841821142, 0.000715581176337, 0.000123797915876, 0.00123632559553, 0.000585282454267, 0.00030067237094, 5.54336766072e-05, 0.000104562946944, 0.000658894539811, 0.000287310656859, 0.000134748319397, 0.000116358969535, 0.000272305944236, 7.78599060141e-05, 0.00011572670337, 0.000376062758733, 0.000521873240359, 0.000157932765433, 1.50220857904e-05, 2.88655846816e-05, 0.000452217209386, 0.000154729073984, 3.01329710055e-05, 5.61518099857e-05, 9.00729428395e-05, 0.00029527436709, 0.000103398771898, 0.000206467171665, 9.08744477783e-05, 8.06103635114e-05, 6.24549866188e-05, 0.0001126214338, 4.87170364067e-05, 6.6733591666e-05, 2.74423473456e-05, 3.64016777894e-05, 2.28853023145e-05, 1.89040983969e-05, 1.76510329766e-05, 1.19465612443e-05, 9.13842904993e-06, 7.31366844775e-06, 4.75456909044e-06, 4.69057067676e-06, 4.91427545057e-06, 3.83914129998e-06, 1.45920625982e-06, 1.8124470671e-06, 1.08343613192e-06, 2.23854226533e-06, 2.54280939771e-06, 1.71005967786e-06, 2.18280297304e-06, 1.20271840842e-06, 8.58588123265e-07, 6.03279886491e-07, 6.29987255252e-07, 3.14418628022e-07, 5.37016937585e-08, 4.2181969917e-08, 4.01264443894e-08, 3.88037761923e-08, 3.71857105108e-08, 3.58412464152e-08, 3.45484956199e-08, 3.33527623297e-08, 3.21517674706e-08, 3.10903551792e-08, 3.01251894541e-08, 2.91694739474e-08, 2.83737726647e-08, 2.75915237324e-08, 2.68089763722e-08, 2.6191878888e-08, 2.55453258546e-08, 2.49654643625e-08, 2.45080631345e-08, 2.41620519148e-08, 2.37589290464e-08, 2.34899406593e-08, 2.32979182613e-08, 2.31844552445e-08],
        "mean": [4.89380454383e-07, 1.39261157983e-06, 1.05717253973e-05, 5.80042942602e-05, 0.00012165793305, 0.000157755857799, 8.82205786183e-05, 6.83647449478e-05, 0.000100404773548, 4.90307575092e-05, 4.93019178975e-05, 6.49687281111e-05, 4.93410370837e-05, 0.000115112110507, 0.000101719859231, 0.000184900753084, 0.000198800451471, 3.85291714338e-05, 2.58966028923e-05, 0.000150033069076, 0.000281671935227, 0.000147692771861, 0.000182385527296, 0.00092744990252, 0.0010549275903, 0.000107178697363, 0.000139746131026, 0.000498312467244, 0.000185525233974, 4.33196692029e-05, 3.82135331165e-05, 5.23170019733e-05, 8.67016278789e-05, 3.68886539945e-05, 8.50123251439e-06, 2.09515383176e-05, 2.37251006183e-05, 9.1929878181e-06, 2.90031366603e-05, 2.26449701586e-05, 1.12646730486e-05, 8.9105196821e-06, 1.40452029882e-05, 2.34499402723e-05, 1.00486404335e-05, 5.4799947975e-06, 1.42081553349e-05, 5.53199743081e-06, 5.60815260542e-06, 1.97321478481e-05, 9.27293876885e-06, 6.08578875472e-06, 1.82552287242e-06, 4.53958682556e-06, 1.08725289465e-05, 3.18940078614e-06, 1.94624112737e-06, 4.34033836427e-06, 3.17443459608e-06, 1.36061441935e-06, 1.55596626428e-06, 4.09212407249e-06, 6.24642370894e-06, 3.19735067933e-06, 1.30769865336e-06, 8.95711139037e-07, 3.13895134241e-06, 1.47769173964e-06, 9.02995452634e-07, 2.59667331193e-06, 1.58710770393e-06, 1.00656927771e-06, 8.20247635147e-07, 1.02253318346e-06, 7.91719969584e-07, 5.92960304857e-07, 4.4304906055e-07, 4.58617364529e-07, 3.10383001079e-07, 3.6647824686e-07, 2.91012128173e-07, 2.0960878544e-07, 2.22715158316e-07, 1.54076928993e-07, 2.05554286481e-07, 1.64512556466e-07, 1.05621268176e-07, 9.94104070173e-08, 1.13792218315e-07, 1.08704909962e-07, 8.35404065924e-08, 6.30851246797e-08, 4.46643966256e-08, 3.55044633693e-08, 3.52165585582e-08, 5.3407564593e-08, 4.73033381354e-08, 3.48240121184e-08, 3.80035487524e-08, 2.65477559935e-08, 1.82014776584e-08, 1.21099725803e-08, 9.33374089129e-09, 5.71157743323e-09, 8.43557945718e-10, 1.25463403555e-10, 1.2173087538e-10, 7.69036848092e-11, 6.99300894969e-11, 6.74181474536e-11, 6.50702755567e-11, 6.28692514715e-11, 6.065038749e-11, 5.86653017831e-11, 5.69005328965e-11, 5.50460892146e-11, 5.34601217461e-11, 5.19530148069e-11, 5.05086181213e-11, 4.93449725525e-11, 4.81195916446e-11, 4.7043608592e-11, 4.62012407498e-11, 4.55366647167e-11, 4.46499226481e-11, 4.39032248056e-11, 4.34161422092e-11, 4.31863191042e-11],
        "min": [1.5443096068e-23, 5.61024938474e-24, 1.46281120339e-24, 6.15920802514e-25, 9.76778459125e-24, 3.13811140016e-23, 4.98924956046e-23, 4.65294458815e-23, 1.40828837195e-23, 4.44917392772e-24, 3.22459201239e-24, 5.85431900451e-24, 1.12173165046e-23, 3.44932546808e-24, 1.88967212225e-24, 2.81526885197e-24, 9.30892707965e-24, 6.32893243498e-24, 7.75172038591e-24, 5.50835261605e-24, 3.44605800622e-24, 6.75825183884e-24, 3.55375369143e-24, 8.25352427405e-24, 9.23953493012e-24, 2.2284467025e-23, 3.07322096428e-23, 2.26911090444e-23, 1.57248582507e-23, 4.91355346566e-24, 6.51121570764e-24, 8.70113736231e-24, 1.14614216231e-23, 2.1274295926e-23, 3.48644208365e-23, 3.05375471704e-23, 1.32591046752e-23, 9.12262732169e-24, 3.25595278325e-24, 1.02344242157e-23, 8.92663877409e-24, 1.41137124037e-23, 1.72138900073e-23, 1.87129608078e-23, 6.54371046604e-24, 1.15587086831e-23, 2.08169617048e-23, 9.07971723275e-24, 1.00196457902e-23, 6.56420310021e-24, 6.90232545027e-24, 7.23765602158e-24, 9.01441296043e-24, 4.41060060161e-24, 8.8114698151e-24, 5.34342349444e-24, 7.12699066949e-24, 5.95414146346e-24, 1.31686578281e-23, 1.08913875776e-23, 8.60034775989e-24, 6.96317029189e-24, 5.47860269916e-24, 9.68981200166e-24, 8.95957371689e-24, 8.07034367211e-24, 1.2137520384e-23, 1.17611075144e-23, 1.67158032317e-23, 1.64130952143e-23, 8.15930193867e-24, 4.17604306664e-24, 8.46608757813e-24, 1.51870397068e-23, 6.09334661981e-24, 3.83152660451e-24, 9.03039054921e-24, 1.29802959877e-23, 7.79743250878e-24, 9.19959332477e-24, 1.04545645288e-23, 3.73156136174e-24, 7.80626775092e-24, 7.58530860023e-24, 9.76294966276e-24, 1.41853378185e-23, 8.72727705726e-24, 8.165510274e-24, 1.49029566953e-23, 2.13913518403e-23, 9.54693588109e-24, 5.02408747241e-24, 8.54369098082e-24, 8.68595021216e-24, 9.10158761249e-24, 6.63760897402e-24, 1.28952567822e-23, 1.1899486339e-23, 2.2350844937e-23, 1.10158911276e-23, 4.23097736792e-24, 7.70251439809e-24, 1.98507664458e-23, 1.52683965097e-23, 1.22207467872e-23, 9.65904405977e-24, 9.5417861971e-24, 8.73866268671e-24, 4.63373937498e-24, 1.21130633293e-23, 1.02336858419e-23, 6.63046899397e-24, 1.20686804371e-23, 1.1213355634e-23, 8.22243211033e-24, 1.17346491197e-23, 8.52203438239e-24, 1.23768607826e-23, 1.22500450812e-23, 7.25741935384e-24, 8.40077462834e-24, 1.29876678929e-23, 1.3359143282e-23, 7.84118667889e-24, 1.28946888023e-23, 9.48785414359e-24, 9.81419801147e-24, 1.34800867029e-23],
        "stdev": [1.02309309113e-06, 2.48254355029e-06, 2.84281577478e-05, 0.000142076969496, 0.000227414086112, 0.000333806325216, 0.000186612262041, 0.000206821030588, 0.000309358816594, 0.000165003933944, 0.000326343841152, 0.000452117237728, 0.000291943695629, 0.000404810736654, 0.000317466037814, 0.000604895874858, 0.000714764057193, 0.000166185680428, 0.00015281594824, 0.0010758691933, 0.00196224777028, 0.00120768323541, 0.00159687036648, 0.00538086425513, 0.00581630226225, 0.000722610682715, 0.000666322011966, 0.00210529332981, 0.000958764750976, 0.000220919915591, 0.000310430157697, 0.000202692754101, 0.000394507602323, 0.000161609845236, 6.57973068883e-05, 0.000129258274683, 8.74268516782e-05, 4.29727515439e-05, 0.000104433194792, 0.000120839664305, 2.33010014199e-05, 4.09855128964e-05, 3.75413874281e-05, 4.38314855273e-05, 8.99341030163e-05, 2.74803842331e-05, 9.94557267404e-05, 3.87141299143e-05, 1.369813981e-05, 0.000110636763566, 3.92948386434e-05, 2.0519750251e-05, 5.10259678776e-06, 9.15557939152e-06, 4.35602196376e-05, 1.95489701582e-05, 6.86356997903e-06, 1.03895390566e-05, 2.03286144824e-05, 4.33840114056e-06, 6.9617826739e-06, 2.66943461611e-05, 2.76107966783e-05, 9.64250557445e-06, 2.22269500227e-06, 2.24466361942e-06, 2.48466512858e-05, 9.24772302824e-06, 2.90319962915e-06, 6.0358988776e-06, 5.88202419749e-06, 1.26264258142e-05, 5.28799455424e-06, 9.62399462878e-06, 5.73179522689e-06, 4.76606601296e-06, 3.50130926563e-06, 5.04744684804e-06, 2.40183271671e-06, 3.29862223225e-06, 1.68802159806e-06, 1.7112616888e-06, 1.53497126121e-06, 1.04119089883e-06, 1.20688025618e-06, 8.90861656444e-07, 5.50082120299e-07, 5.70937174871e-07, 4.06886414339e-07, 3.29265446908e-07, 3.65611185771e-07, 2.8405807484e-07, 1.16400528327e-07, 1.18358833845e-07, 1.13058554518e-07, 1.94101275497e-07, 2.04085779387e-07, 1.36403031092e-07, 1.52849253254e-07, 9.2422965281e-08, 6.50944258496e-08, 4.66992560177e-08, 3.86874496883e-08, 2.03396872678e-08, 3.35198380164e-09, 1.80083847834e-09, 1.71436564944e-09, 1.6529499991e-09, 1.58407231776e-09, 1.52679868748e-09, 1.47172529719e-09, 1.42078626642e-09, 1.36962330366e-09, 1.32440780565e-09, 1.28329058491e-09, 1.24258048295e-09, 1.20868837161e-09, 1.17536691491e-09, 1.1420300261e-09, 1.11574249839e-09, 1.08820030764e-09, 1.06349828943e-09, 1.04401265411e-09, 1.02927344425e-09, 1.01210639869e-09, 1.00065811193e-09, 9.92483428774e-10, 9.87650738971e-10]
    },
    "mfcc": {
        "mean": [-831.662963867, 124.743522644, -16.4526691437, 11.2131128311, -4.18905353546, -0.674570143223, -1.62049257755, 3.4164378643, -1.90690279007, 4.51806640625, -2.20549297333, -3.30523705482, -4.88839626312],
        "cov": [[25245.8808594, 4589.36425781, -4005.47216797, -469.131317139, -1630.88977051, -1072.03979492, -514.950866699, 87.8189544678, -390.806304932, 286.343841553, -463.249755859, -489.295776367, -375.82321167], [4589.36425781, 1605.45214844, -737.436279297, -123.420722961, -236.576568604, -236.761886597, -97.4693832397, 18.3617935181, -84.4977722168, 60.1491775513, -45.0891227722, -65.4733734131, -64.6569671631], [-4005.47216797, -737.436279297, 1055.60522461, 41.3589363098, 207.258041382, 110.84148407, 109.553062439, -66.6872558594, 49.1222572327, -64.6122817993, 42.1917762756, 109.227035522, 51.7520675659], [-469.131317139, -123.420722961, 41.3589363098, 173.146240234, 96.5624771118, 90.2657165527, -15.727183342, 22.6390399933, 60.4571647644, -8.70394897461, 23.5816135406, 10.9503526688, 12.6683149338], [-1630.88977051, -236.576568604, 207.258041382, 96.5624771118, 249.735824585, 127.849853516, 15.5283222198, 30.4397563934, 60.9016113281, -4.84760332108, 42.135055542, 24.0161724091, 23.0214385986], [-1072.03979492, -236.761886597, 110.84148407, 90.2657165527, 127.849853516, 196.228790283, 31.895488739, 29.2093238831, 62.9593811035, -9.14909076691, 38.4421920776, 17.6364421844, 22.1507301331], [-514.950866699, -97.4693832397, 109.553062439, -15.727183342, 15.5283222198, 31.895488739, 144.003448486, 55.5756111145, 1.75109243393, 2.43718242645, -0.820031285286, -3.46061587334, 15.2509145737], [87.8189544678, 18.3617935181, -66.6872558594, 22.6390399933, 30.4397563934, 29.2093238831, 55.5756111145, 132.318664551, 57.7627410889, 32.2053642273, 10.2982769012, -16.6239719391, 3.82334041595], [-390.806304932, -84.4977722168, 49.1222572327, 60.4571647644, 60.9016113281, 62.9593811035, 1.75109243393, 57.7627410889, 110.419197083, 39.1539154053, 27.7749824524, 16.4458961487, 7.64174985886], [286.343841553, 60.1491775513, -64.6122817993, -8.70394897461, -4.84760332108, -9.14909076691, 2.43718242645, 32.2053642273, 39.1539154053, 83.1681060791, 27.5877075195, 5.98047018051, -0.562682509422], [-463.249755859, -45.0891227722, 42.1917762756, 23.5816135406, 42.135055542, 38.4421920776, -0.820031285286, 10.2982769012, 27.7749824524, 27.5877075195, 79.5054397583, 41.1575584412, 15.7218046188], [-489.295776367, -65.4733734131, 109.227035522, 10.9503526688, 24.0161724091, 17.6364421844, -3.46061587334, -16.6239719391, 16.4458961487, 5.98047018051, 41.1575584412, 79.3383789062, 29.0672569275], [-375.82321167, -64.6569671631, 51.7520675659, 12.6683149338, 23.0214385986, 22.1507301331, 15.2509145737, 3.82334041595, 7.64174985886, -0.562682509422, 15.7218046188, 29.0672569275, 66.6748809814]],
        "icov": [[0.000266650371486, -0.000347310706275, 0.000474324770039, -0.000358302786481, 0.000921552360523, 2.32899401453e-05, 0.000272146484349, -0.000212795290281, 0.000238521010033, -0.000595382764004, 0.00087312515825, -0.000133694513352, 0.000310194824124], [-0.000347310706275, 0.00152064952999, 3.1178991776e-05, 0.000628505309578, -0.00122834101785, 0.000786724151112, -0.000280281790765, 0.000135595211759, -0.000160315408721, 0.00063426658744, -0.00116821029224, -0.00020520023827, -1.89240799955e-05], [0.000474324770039, 3.1178991776e-05, 0.00322224199772, -6.50529636914e-06, 4.29307365266e-05, 0.00123693724163, -0.00193671521265, 0.00204170076177, -0.00189465109725, 0.000806903175544, 0.00151786080096, -0.0022295799572, 0.000942226557527], [-0.000358302786481, 0.000628505309578, -6.50529636914e-06, 0.0102313859388, -0.00324813998304, -0.00180400593672, 0.000919723184779, 0.000513413804583, -0.00480740144849, 0.00413395324722, -0.00207553477958, 0.000582842447329, -0.00104685756378], [0.000921552360523, -0.00122834101785, 4.29307365266e-05, -0.00324813998304, 0.0111229177564, -0.0033521335572, 0.00279268273152, -0.00303707807325, 0.0017967026215, -0.0026317210868, 0.00155639601871, 0.000770965358242, 0.000464405165985], [2.32899401453e-05, 0.000786724151112, 0.00123693724163, -0.00180400593672, -0.0033521335572, 0.0112037677318, -0.00345386262052, 0.00227564084344, -0.00516669685021, 0.00387714593671, -0.00343383220024, 0.000976268027443, -0.000619335332885], [0.000272146484349, -0.000280281790765, -0.00193671521265, 0.000919723184779, 0.00279268273152, -0.00345386262052, 0.0133383246139, -0.00882823299617, 0.00646872678772, -0.00323238526471, 0.00236154836603, 0.000857130042277, -0.00147001771256], [-0.000212795290281, 0.000135595211759, 0.00204170076177, 0.000513413804583, -0.00303707807325, 0.00227564084344, -0.00882823299617, 0.017564740032, -0.0108384732157, 0.00150646385737, -0.00258943578228, 0.00350974383764, -0.00111008167733], [0.000238521010033, -0.000160315408721, -0.00189465109725, -0.00480740144849, 0.0017967026215, -0.00516669685021, 0.00646872678772, -0.0108384732157, 0.0243482533842, -0.0115817440674, 0.00374275213107, -0.00345591502264, 0.00154675426893], [-0.000595382764004, 0.00063426658744, 0.000806903175544, 0.00413395324722, -0.0026317210868, 0.00387714593671, -0.00323238526471, 0.00150646385737, -0.0115817440674, 0.0231418460608, -0.0100451502949, 0.00135957705788, -0.000580451160204], [0.00087312515825, -0.00116821029224, 0.00151786080096, -0.00207553477958, 0.00155639601871, -0.00343383220024, 0.00236154836603, -0.00258943578228, 0.00374275213107, -0.0100451502949, 0.0258439742029, -0.0115591846406, 0.00164816563483], [-0.000133694513352, -0.00020520023827, -0.0022295799572, 0.000582842447329, 0.000770965358242, 0.000976268027443, 0.000857130042277, 0.00350974383764, -0.00345591502264, 0.00135957705788, -0.0115591846406, 0.024398714304, -0.00782415084541], [0.000310194824124, -1.89240799955e-05, 0.000942226557527, -0.00104685756378, 0.000464405165985, -0.000619335332885, -0.00147001771256, -0.00111008167733, 0.00154675426893, -0.000580451160204, 0.00164816563483, -0.00782415084541, 0.019481299445]]
    },
    "spectral_contrast_coeffs": {
        "max": [-0.475573778152, -0.337535440922, -0.461648672819, -0.602017581463, -0.64754986763, -0.621542811394],
        "mean": [-0.759128987789, -0.786153256893, -0.786751866341, -0.827014327049, -0.821366548538, -0.806162297726],
        "min": [-0.966354310513, -0.957054615021, -0.964870393276, -0.969891369343, -0.955734372139, -0.961777508259],
        "stdev": [0.0888489633799, 0.119759716094, 0.101120337844, 0.0627124011517, 0.0600703619421, 0.05182896927]
    },
    "spectral_contrast_valleys": {
        "max": [-6.48813152313, -5.59204387665, -5.85777139664, -6.80790567398, -6.92688560486, -9.22741127014],
        "mean": [-8.76373195648, -8.31497383118, -8.86240959167, -9.10353279114, -9.28045368195, -12.0661687851],
        "min": [-27.1556854248, -27.6627864838, -27.358259201, -27.077665329, -27.2915153503, -27.1832618713],
        "stdev": [1.54814434052, 1.82867765427, 1.7965836525, 1.72978973389, 1.56963074207, 1.03746449947]
    }
},
"rhythm": {
    "beats_count": 32,
    "beats_loudness": {
        "max": 0.153227508068,
        "mean": 0.0143139921129,
        "min": 1.10276243959e-06,
        "stdev": 0.0351734533906
    },
    "bpm": 162.801452637,
    "bpm_histogram_first_peak_bpm": 161,
    "bpm_histogram_first_peak_weight": 0.470588207245,
    "bpm_histogram_second_peak_bpm": 152,
    "bpm_histogram_second_peak_spread": 0.272727251053,
    "bpm_histogram_second_peak_weight": 0.258064508438,
    "danceability": 0.903216719627,
    "onset_rate": 2.97820472717,
    "beats_loudness_band_ratio": {
        "max": [0.834460020065, 0.482490926981, 0.921537578106, 0.517507076263, 0.312501192093, 0.248462840915],
        "mean": [0.309706062078, 0.115912348032, 0.308457285166, 0.199145644903, 0.0965818464756, 0.0585901215672],
        "min": [0.00128167169169, 0.0214263945818, 0.0341610014439, 0.00456639472395, 0.00146182707977, 0.00112264743075],
        "stdev": [0.203548684716, 0.11370703578, 0.241394966841, 0.133932635188, 0.0748730674386, 0.0742583349347]
    },
    "beats_position": [0.394739210606, 0.801088392735, 1.19582760334, 1.59056687355, 1.98530614376, 2.38004541397, 2.77478456497, 3.15791368484, 3.54104304314, 3.92417216301, 4.3073015213, 4.67882061005, 5.05034017563, 5.42185926437, 5.78176879883, 6.15328788757, 6.52480697632, 6.8963265419, 7.26784563065, 7.6277551651, 7.98766422272, 8.35918331146, 8.73070240021, 9.11383247375, 9.50857162476, 9.90331077576, 10.3096599579, 10.71600914, 11.110748291, 11.4938774109, 11.8770065308, 12.2601356506],
