{
"metadata": {
    "version": {
        "essentia": "2.1-beta5",
        "essentia_git_sha": "Undefined",
        "extractor": "music 2.0"
    },
    "audio_properties": {
        "analysis": {
            "equal_loudness": 0,
            "length": 48.7502937317,
            "sample_rate": 44100,
            "start_time": 45.2440834045,
            "downmix": "mix"
        },
        "bit_rate": 192000,
        "length": 164.931350708,
        "lossless": 0,
        "number_channels": 2,
        "replay_gain": -6.44412612915,
        "sample_rate": 48000,
        "codec": "mp3",
        "md5_encoded": "013fa81af63313f02836f91ea6716fcc"
    },
    "tags": {
        "file_name": "Sweden_Lilla Stjärna_Alice Babs.mp3",
        "encoding": ["Lavf58.29.100"]
    }
},
"lowlevel": {
    "average_loudness": 0.524370014668,
    "barkbands_crest": {
        "max": 26.466217041,
        "mean": 13.330119133,
        "min": 3.83507156372,
        "stdev": 4.9501490593
    },
    "barkbands_flatness_db": {
        "max": 0.455568820238,
        "mean": 0.266007125378,
        "min": 0.133452653885,
        "stdev": 0.0514147616923
    },
    "barkbands_kurtosis": {
        "max": 298.515014648,
        "mean": 8.29383468628,
        "min": -1.9170974493,
        "stdev": 15.6209955215
    },
    "barkbands_skewness": {
        "max": 11.1431179047,
        "mean": 1.54376673698,
        "min": -2.71071720123,
        "stdev": 1.53386461735
    },
    "barkbands_spread": {
        "max": 94.7514266968,
        "mean": 8.6839389801,
        "min": 0.197613537312,
        "stdev": 10.4739532471
    },
    "dissonance": {
        "max": 0.499962598085,
        "mean": 0.406879127026,
        "min": 0.159798845649,
        "stdev": 0.0549144931138
    },
    "dynamic_complexity": 4.28649568558,
    "erbbands_crest": {
        "max": 32.4962654114,
        "mean": 14.5812339783,
        "min": 3.54790401459,
        "stdev": 5.67753601074
    },
    "erbbands_flatness_db": {
        "max": 0.451706498861,
        "mean": 0.29210677743,
        "min": 0.11665225774,
        "stdev": 0.0531222708523
    },
    "erbbands_kurtosis": {
        "max": 108.008903503,
        "mean": 4.05246973038,
        "min": -1.92159724236,
        "stdev": 7.47464895248
    },
    "erbbands_skewness": {
        "max": 7.81633663177,
        "mean": 1.11571931839,
        "min": -3.5465760231,
        "stdev": 1.20676243305
    },
    "erbbands_spread": {
        "max": 138.700942993,
        "mean": 17.54596138,
        "min": 0.999489426613,
        "stdev": 17.1352176666
    },
    "hfc": {
        "max": 229.863937378,
        "mean": 11.6610183716,
        "min": 0.0677641034126,
        "stdev": 20.6824817657
    },
    "loudness_ebu128": {
        "integrated": -19.9295883179,
        "loudness_range": 6.62754440308,
        "momentary": {
            "max": -11.9754009247,
            "mean": -21.9531555176,
            "min": -33.3253097534,
            "stdev": 4.06486797333
        },
        "short_term": {
            "max": -15.2118988037,
            "mean": -20.5188808441,
            "min": -25.2330303192,
            "stdev": 2.3015024662
        }
    },
    "melbands_crest": {
        "max": 32.5905189514,
        "mean": 15.8837013245,
        "min": 4.35801315308,
        "stdev": 5.57659196854
    },
    "melbands_flatness_db": {
        "max": 0.525562524796,
        "mean": 0.293413937092,
        "min": 0.0796296671033,
        "stdev": 0.0650426372886
    },
    "melbands_kurtosis": {
        "max": 142.338943481,
        "mean": 10.887430191,
        "min": -1.72555828094,
        "stdev": 16.7965507507
    },
    "melbands_skewness": {
        "max": 9.26271915436,
        "mean": 1.72420918941,
        "min": -1.76054406166,
        "stdev": 1.57621705532
    },
    "melbands_spread": {
        "max": 220.707107544,
        "mean": 12.6888418198,
        "min": 0.394597351551,
        "stdev": 19.6606788635
    },
    "pitch_salience": {
        "max": 0.836591184139,
        "mean": 0.521702051163,
        "min": 0.0790281295776,
        "stdev": 0.142416715622
    },
    "silence_rate_20dB": {
        "max": 1,
        "mean": 1,
        "min": 1,
        "stdev": 0
    },
    "silence_rate_30dB": {
        "max": 1,
        "mean": 0.992384552956,
        "min": 0,
        "stdev": 0.0869339704514
    },
    "silence_rate_60dB": {
        "max": 1,
        "mean": 0.189909562469,
        "min": 0,
        "stdev": 0.392232954502
    },
    "spectral_centroid": {
        "max": 5284.51611328,
        "mean": 780.151123047,
        "min": 245.817886353,
        "stdev": 461.970703125
    },
    "spectral_complexity": {
        "max": 23,
        "mean": 8.50214195251,
        "min": 1,
        "stdev": 3.50108718872
    },
    "spectral_decrease": {
        "max": -6.02400976324e-11,
        "mean": -3.70329700239e-09,
        "min": -4.47046346608e-08,
        "stdev": 4.7886721255e-09
    },
    "spectral_energy": {
        "max": 0.189574852586,
        "mean": 0.0150348059833,
        "min": 0.000235487124883,
        "stdev": 0.019684413448
    },
    "spectral_energyband_high": {
        "max": 0.0217055138201,
        "mean": 0.000121313751151,
        "min": 2.99051578168e-07,
        "stdev": 0.000898329308257
    },
    "spectral_energyband_low": {
        "max": 0.0186537615955,
        "mean": 0.000636525277514,
        "min": 7.10267954673e-07,
        "stdev": 0.00147771486081
    },
    "spectral_energyband_middle_high": {
        "max": 0.175225451589,
        "mean": 0.0045390012674,
        "min": 2.60806314145e-06,
        "stdev": 0.0125579060987
    },
    "spectral_energyband_middle_low": {
        "max": 0.141249895096,
        "mean": 0.0100115854293,
        "min": 0.00014942191774,
        "stdev": 0.0129982167855
    },
    "spectral_entropy": {
        "max": 8.41484642029,
        "mean": 6.51731538773,
        "min": 4.345682621,
        "stdev": 0.557950735092
    },
    "spectral_flux": {
        "max": 0.304891139269,
        "mean": 0.050152067095,
        "min": 0.0071240994148,
        "stdev": 0.0381145402789
    },
    "spectral_kurtosis": {
        "max": 85.73097229,
        "mean": 14.2189788818,
        "min": -1.62657129765,
        "stdev": 10.2747764587
    },
    "spectral_rms": {
        "max": 0.0135996714234,
        "mean": 0.00330313667655,
        "min": 0.000479315698612,
        "stdev": 0.00193839997519
    },
    "spectral_rolloff": {
        "max": 10034.4726562,
        "mean": 1066.33081055,
        "min": 129.19921875,
        "stdev": 1283.37902832
    },
    "spectral_skewness": {
        "max": 7.6339097023,
        "mean": 2.67218089104,
        "min": -0.432378381491,
        "stdev": 1.01629734039
    },
    "spectral_spread": {
        "max": 14338806,
        "mean": 2837978.25,
        "min": 1156409,
        "stdev": 1696742.625
    },
    "spectral_strongpeak": {
        "max": 18.0604381561,
        "mean": 1.51968705654,
        "min": 0.0207866691053,
        "stdev": 1.79269301891
    },
    "zerocrossingrate": {
        "max": 0.3447265625,
        "mean": 0.0390948057175,
        "min": 0.0048828125,
        "stdev": 0.0358282215893
    },
    "barkbands": {
        "max": [8.72716191225e-05, 0.015051221475, 0.0158748179674, 0.00260301725939, 0.0201904550195, 0.0377870164812, 0.139156788588, 0.0405212417245, 0.0657736063004, 0.0936444476247, 0.0470288135111, 0.0720834508538, 0.0657608509064, 0.0218046437949, 0.0660081356764, 0.0234369076788, 0.00803093146533, 0.00116121722385, 0.000517936830875, 0.000204376294278, 0.000149509927724, 0.00126934063155, 0.0055803055875, 0.0176782961935, 0.00216940743849, 6.22403661055e-07, 6.49094090477e-07],
        "mean": [2.2873373382e-06, 0.000397279829485, 0.000197692512302, 8.70848380146e-05, 0.00100598775316, 0.00211536535062, 0.0028388237115, 0.00102720444556, 0.00239393138327, 0.00119532796089, 0.000761785602663, 0.000857106118929, 0.000792434613686, 0.000410090258811, 0.000600596249569, 9.70508262981e-05, 6.66654668748e-05, 3.94650814997e-05, 2.34360595641e-05, 9.69870961853e-06, 5.11654343427e-06, 1.36605785883e-05, 3.1001665775e-05, 5.41674926353e-05, 1.15374959933e-05, 1.23192667179e-09, 1.28700472501e-09],
        "min": [8.37878655346e-10, 5.02727708351e-08, 1.21875373793e-07, 8.73639791621e-08, 5.93403001403e-07, 2.78670063381e-06, 1.35905895604e-06, 4.76740893873e-07, 8.65878007517e-07, 9.05463153344e-08, 1.54706967237e-07, 1.23607051705e-07, 1.66254807255e-07, 1.13633227272e-07, 9.05671058149e-08, 4.84618816188e-08, 5.09703923512e-08, 4.19343386682e-08, 5.22185885643e-08, 3.36248540123e-08, 3.51506450613e-08, 3.44989601331e-08, 3.59849323672e-08, 5.24209085029e-08, 3.27255058608e-08, 2.88020735734e-11, 3.56632223752e-11],
        "stdev": [5.35047820449e-06, 0.00113673717715, 0.000694736023434, 0.000203029005206, 0.0019151965389, 0.00339132361114, 0.0102254748344, 0.00340612232685, 0.00622148253024, 0.0045245657675, 0.00298820668831, 0.00425222748891, 0.00391053827479, 0.0019091659924, 0.00366301485337, 0.000747314537875, 0.000286302325549, 8.22704969323e-05, 4.24941972597e-05, 1.72940635821e-05, 1.04576538433e-05, 7.30387546355e-05, 0.000231552374316, 0.000658244942315, 0.000105856583104, 2.0755443586e-08, 2.16930935437e-08]
    },
    "erbbands": {
        "max": [0.265659213066, 3.87739801407, 15.4622459412, 9.65970993042, 23.3895015717, 88.497467041, 200.568664551, 387.412628174, 1961.99572754, 1166.92053223, 1162.265625, 2003.29968262, 1627.98571777, 3526.06689453, 2094.24707031, 3691.58740234, 3283.04541016, 1294.82714844, 4148.42236328, 2660.49267578, 490.711395264, 194.046401978, 55.3516082764, 51.5457992554, 21.8203697205, 9.10779380798, 7.44922924042, 9.83427429199, 33.3051109314, 75.9297866821, 190.402175903, 443.067779541, 219.678390503, 53.733455658, 9.99787139893, 0.243195772171, 0.0112463980913, 0.00128118915018, 0.000303086562781, 0.000234141771216],
        "mean": [0.00598302623257, 0.108040750027, 0.258160948753, 0.250992417336, 0.713135063648, 4.07053756714, 10.1877307892, 19.6643371582, 36.378162384, 30.126077652, 30.4517345428, 56.3877677917, 46.0510215759, 32.4147415161, 38.3165397644, 37.2280082703, 36.2657356262, 29.9301605225, 30.3857555389, 16.5962467194, 5.69804096222, 3.02417755127, 2.31390547752, 1.72679769993, 0.769281446934, 0.465420812368, 0.309254467487, 0.195541232824, 0.458226054907, 0.624032199383, 1.03733849525, 1.04059767723, 0.874959588051, 0.253978848457, 0.0287860687822, 0.000800733629148, 5.71552263864e-05, 9.33775845624e-06, 9.44725525187e-06, 1.80183633347e-05],
        "min": [2.85030637315e-06, 3.86126848753e-05, 0.000250085635344, 0.000842388661113, 0.0032442570664, 0.00729069765657, 0.00361072877422, 0.0332935675979, 0.0478308536112, 0.0512410700321, 0.0261084362864, 0.0579200647771, 0.0282977223396, 0.0111051276326, 0.0107285007834, 0.00937464553863, 0.00681271590292, 0.0116124087945, 0.00743386428803, 0.00284210056998, 0.00306655024178, 0.00255718431436, 0.00265520182438, 0.00190153100993, 0.00257384032011, 0.0016179085942, 0.0019707728643, 0.00120731152128, 0.00146816880442, 0.00106408901047, 0.000991721288301, 0.000981317250989, 0.000841304892674, 0.000580658088438, 0.000111393143015, 4.00213002649e-06, 3.63069517562e-07, 6.78733442783e-08, 1.25420186237e-07, 2.64393861471e-07],
        "stdev": [0.019394453615, 0.298435509205, 0.741303801537, 0.575762748718, 1.06839513779, 8.04941368103, 17.2294464111, 34.7966880798, 125.115844727, 91.2991714478, 97.4171295166, 144.683868408, 141.472488403, 141.573577881, 145.144775391, 187.248794556, 189.12878418, 111.078140259, 197.031448364, 120.226173401, 23.4596443176, 9.63588237762, 4.61377382278, 3.45440673828, 1.50048232079, 0.784196257591, 0.605221271515, 0.585994243622, 2.35440063477, 3.95469641685, 8.2506685257, 12.5725860596, 10.9434528351, 2.49543428421, 0.30992808938, 0.00821109861135, 0.00049181462964, 6.94419140927e-05, 1.89353468159e-05, 2.39820656134e-05]
    },
    "gfcc": {
        "mean": [-135.06729126, 153.20463562, -152.749084473, 3.94143748283, -84.7444152832, -5.84010219574, -41.465965271, -7.29401779175, -6.37293052673, -18.1678848267, 11.2148284912, -18.2446918488, 8.34795665741],
        "cov": [[3126.6550293, -531.223022461, -724.806213379, -221.946350098, 200.706588745, 479.930267334, 84.4100570679, 41.9777107239, 116.548736572, -46.3884773254, 78.3794555664, -74.819519043, -80.3956222534], [-531.223022461, 1032.78979492, 155.147369385, -114.182006836, 341.192871094, -260.705749512, 254.576370239, 8.65097999573, 31.7347812653, 16.662733078, 82.1659011841, -53.011631012, 39.800075531], [-724.806213379, 155.147369385, 1129.11486816, 425.14831543, -142.226043701, 68.4601287842, -48.1061553955, 94.1029663086, 37.0688514709, 59.7432556152, 21.7845535278, 104.243927002, -25.1326522827], [-221.946350098, -114.182006836, 425.14831543, 686.742675781, 62.7389945984, 60.2448272705, -123.506225586, 85.5084686279, 70.1620254517, 54.1620864868, -39.2332267761, 56.2800140381, 14.9427337646], [200.706588745, 341.192871094, -142.226043701, 62.7389945984, 482.345306396, 38.618347168, 56.5542068481, 57.0757637024, 69.4385528564, 42.0913963318, 55.1215400696, -45.0625724792, 17.5986251831], [479.930267334, -260.705749512, 68.4601287842, 60.2448272705, 38.618347168, 457.159790039, 64.8157958984, -3.372797966, -16.1894187927, 9.57470989227, 0.572159826756, 12.9342260361, -54.2430076599], [84.4100570679, 254.576370239, -48.1061553955, -123.506225586, 56.5542068481, 64.8157958984, 302.203094482, 17.4318351746, -22.5403213501, 7.56637716293, 22.3145465851, -12.7597846985, -25.1878509521], [41.9777107239, 8.65097999573, 94.1029663086, 85.5084686279, 57.0757637024, -3.372797966, 17.4318351746, 185.386962891, 75.8952407837, 17.4018917084, 0.840911328793, 6.41439628601, 17.0871372223], [116.548736572, 31.7347812653, 37.0688514709, 70.1620254517, 69.4385528564, -16.1894187927, -22.5403213501, 75.8952407837, 167.891235352, 69.600692749, 1.25881016254, 1.88297450542, 14.0012378693], [-46.3884773254, 16.662733078, 59.7432556152, 54.1620864868, 42.0913963318, 9.57470989227, 7.56637716293, 17.4018917084, 69.600692749, 150.907836914, 53.1601829529, 10.2609586716, -5.09679555893], [78.3794555664, 82.1659011841, 21.7845535278, -39.2332267761, 55.1215400696, 0.572159826756, 22.3145465851, 0.840911328793, 1.25881016254, 53.1601829529, 165.908432007, 46.3975944519, -7.19030857086], [-74.819519043, -53.011631012, 104.243927002, 56.2800140381, -45.0625724792, 12.9342260361, -12.7597846985, 6.41439628601, 1.88297450542, 10.2609586716, 46.3975944519, 107.09098053, 40.3720550537], [-80.3956222534, 39.800075531, -25.1326522827, 14.9427337646, 17.5986251831, -54.2430076599, -25.1878509521, 17.0871372223, 14.0012378693, -5.09679555893, -7.19030857086, 40.3720550537, 120.977424622]],
        "icov": [[0.000643182022031, 0.00052907911595, 0.000217569497181, 5.03392548126e-05, -0.000270048883976, -0.000411294517107, -0.000449312821729, 0.000140101794386, -0.00102702854201, 0.000885758781806, -0.000911811715923, 0.000713975809049, -0.000102396625152], [0.00052907911595, 0.00634143361822, -0.00284236297011, 0.00124473776668, -0.00490314746276, 0.0039886161685, -0.00567458942533, 0.00335606606677, -0.00223193806596, 0.00267997640185, -0.00246969400905, 0.00409830268472, -0.00277595967054], [0.000217569497181, -0.00284236297011, 0.00302270124666, -0.00142399745528, 0.00284324493259, -0.00238565332256, 0.002427223837, -0.00213444558904, 0.000447006255854, -0.000927949149627, 0.000351198832504, -0.00234181270935, 0.00191863498185], [5.03392548126e-05, 0.00124473776668, -0.00142399745528, 0.00283373170532, -0.00188877305482, 0.000670457899105, -6.04323977313e-05, 8.49942953209e-05, -0.000167187172337, -0.000390269677155, 0.00118129840121, -0.000756380963139, -0.000145571670146], [-0.000270048883976, -0.00490314746276, 0.00284324493259, -0.00188877305482, 0.00701650371775, -0.00368184247054, 0.00368471303955, -0.00294179352932, 0.00043339538388, -0.00155408389401, -0.000447410333436, -0.000319747749018, 0.00073320575757], [-0.000411294517107, 0.0039886161685, -0.00238565332256, 0.000670457899105, -0.00368184247054, 0.00598754407838, -0.00409336294979, 0.00237907748669, 6.16977195023e-06, 0.000652419752441, -3.30081602442e-05, 0.000853791949339, -0.000392093497794], [-0.000449312821729, -0.00567458942533, 0.002427223837, -6.04323977313e-05, 0.00368471303955, -0.00409336294979, 0.00921405572444, -0.00404607271776, 0.00307930912822, -0.00313888071105, 0.00254368921742, -0.00414764555171, 0.00324518606067], [0.000140101794386, 0.00335606606677, -0.00213444558904, 8.49942953209e-05, -0.00294179352932, 0.00237907748669, -0.00404607271776, 0.0093269655481, -0.00453427433968, 0.00268960697576, -0.0016535599716, 0.00270443223417, -0.00249273679219], [-0.00102702854201, -0.00223193806596, 0.000447006255854, -0.000167187172337, 0.00043339538388, 6.16977195023e-06, 0.00307930912822, -0.00453427433968, 0.012009864673, -0.00660093175247, 0.00384480739012, -0.00294447108172, 0.000929636007641], [0.000885758781806, 0.00267997640185, -0.000927949149627, -0.000390269677155, -0.00155408389401, 0.000652419752441, -0.00313888071105, 0.00268960697576, -0.00660093175247, 0.0121125783771, -0.00570922158659, 0.00368528347462, -0.0012473372044], [-0.000911811715923, -0.00246969400905, 0.000351198832504, 0.00118129840121, -0.000447410333436, -3.30081602442e-05, 0.00254368921742, -0.0016535599716, 0.00384480739012, -0.00570922158659, 0.0121892588213, -0.00889705028385, 0.00395509367809], [0.000713975809049, 0.00409830268472, -0.00234181270935, -0.000756380963139, -0.000319747749018, 0.000853791949339, -0.00414764555171, 0.00270443223417, -0.00294447108172, 0.00368528347462, -0.00889705028385, 0.0205899793655, -0.00898705422878], [-0.000102396625152, -0.00277595967054, 0.00191863498185, -0.000145571670146, 0.00073320575757, -0.000392093497794, 0.00324518606067, -0.00249273679219, 0.000929636007641, -0.0012473372044, 0.00395509367809, -0.00898705422878, 0.0133471079171]]
    },
    "melbands": {
        "max": [0.00361078674905, 0.00539125967771, 0.00158043915872, 0.00266425823793, 0.00604230398312, 0.00883884634823, 0.0311561916023, 0.0104882847518, 0.00979502592236, 0.0128469532356, 0.00798734184355, 0.0156115181744, 0.00764513714239, 0.00753550883383, 0.00608403235674, 0.00460890168324, 0.00264871981926, 0.0065077515319, 0.00466471165419, 0.00218394445255, 0.000807766104117, 0.000321286730468, 5.29649369128e-05, 5.00534115417e-05, 4.42445743829e-05, 1.32775476231e-05, 1.08345775516e-05, 8.52633002069e-06, 7.43965938454e-06, 4.03028025175e-06, 7.38671087674e-06, 1.54044573719e-05, 3.32505078404e-05, 5.56957347726e-05, 0.000125977603602, 8.16336396383e-05, 0.000388402986573, 0.00019379609148, 0.000118666488561, 3.15964934998e-05],
        "mean": [8.67345443112e-05, 0.000137866605655, 5.30742108822e-05, 0.00015470845392, 0.000334790005581, 0.000432697212091, 0.000596135214437, 0.000288543407805, 0.000256509229075, 0.000375238218112, 0.000221984402742, 0.000125609294628, 0.000112836736662, 0.000116961979074, 6.59892175463e-05, 8.19671986392e-05, 5.15355459356e-05, 4.46581398137e-05, 3.47583663824e-05, 1.09589482236e-05, 6.39724839857e-06, 3.68913265447e-06, 2.05229389394e-06, 1.71217220668e-06, 1.4319219872e-06, 5.86500618738e-07, 3.54684232207e-07, 3.12278615411e-07, 2.18236891669e-07, 1.37367237585e-07, 1.02003909319e-07, 2.40999185053e-07, 3.02583487155e-07, 3.54009728198e-07, 6.35214689737e-07, 4.8897771876e-07, 7.31158763756e-07, 6.72134603974e-07, 4.0294446535e-07, 1.58697503139e-07],
        "min": [1.70003833233e-08, 1.31510063284e-07, 1.58577591947e-07, 1.67221784864e-07, 1.29990439746e-07, 7.57151553898e-07, 3.14013220759e-07, 1.02613071817e-07, 1.62817030969e-07, 1.80330360422e-07, 1.22510002143e-07, 1.58977755405e-08, 1.59281459133e-08, 1.40201379395e-08, 1.94777314277e-08, 1.86761894838e-08, 1.59223016993e-08, 9.57782120281e-09, 5.69480818058e-09, 2.81861844975e-09, 3.38155325963e-09, 2.66776933877e-09, 2.20651941163e-09, 1.57279134161e-09, 1.44120027024e-09, 1.76793923945e-09, 9.96836169165e-10, 1.01659569651e-09, 7.98026644766e-10, 9.17504350273e-10, 5.62094315537e-10, 8.43807523854e-10, 3.79637321579e-10, 5.30908927932e-10, 4.80870288033e-10, 4.91231444411e-10, 5.5308474467e-10, 5.65482549675e-10, 4.51851278616e-10, 3.81768422431e-10],
        "stdev": [0.000264820235316, 0.000333139818395, 0.000100995959656, 0.000266908056801, 0.000552365730982, 0.000776572851464, 0.00206938013434, 0.000815847015474, 0.00082626810763, 0.00100795482285, 0.000702802324668, 0.000618674093857, 0.000457976711914, 0.000532589503564, 0.0003580537159, 0.000342377054039, 0.000225297320867, 0.000310386181809, 0.000212146042031, 9.01788007468e-05, 3.33451971528e-05, 1.41362470458e-05, 4.28766543337e-06, 3.40004362442e-06, 3.11560688715e-06, 1.14209808544e-06, 6.88858449394e-07, 6.03428645718e-07, 4.95462415984e-07, 3.01205716369e-07, 3.9146792119e-07, 1.22473375086e-06, 1.74967840394e-06, 2.41610496232e-06, 5.347557817e-06, 3.48945036421e-06, 1.06145362224e-05, 8.80188690644e-06, 4.78032370665e-06, 1.50551386469e-06]
    },
    "melbands128": {
        "max": [7.78635730967e-05, 0.000844260153826, 0.00637213140726, 0.0066376584582, 0.00766512518749, 0.0070897648111, 0.00189759861678, 0.00144755747169, 0.00290656485595, 0.00231093959883, 0.00568012706935, 0.00882867723703, 0.00999835506082, 0.00676534790546, 0.0113925822079, 0.0196631364524, 0.0206037033349, 0.0588302463293, 0.045541241765, 0.0128901181743, 0.00408655637875, 0.0118574360386, 0.0187862496823, 0.0129076503217, 0.0193726886064, 0.0197300147265, 0.0255075730383, 0.0136355506256, 0.00519786169752, 0.0316594727337, 0.0127523243427, 0.00572638586164, 0.0152422506362, 0.0131718050689, 0.0152170890942, 0.0125813987106, 0.0178490560502, 0.00392846670002, 0.018544504419, 0.0126182939857, 0.00786478351802, 0.00569265522063, 0.00594468368217, 0.00474852044135, 0.00129818217829, 0.0138820521533, 0.0092270411551, 0.00719836028293, 0.00923987664282, 0.00611241534352, 0.00185083679389, 0.000335848802933, 0.000407437968533, 0.00220915558748, 0.000954131071921, 0.00021315808408, 8.05303134257e-05, 8.12004727777e-05, 0.000134695728775, 0.000111022905912, 6.68948923703e-05, 9.97328024823e-05, 0.00011086082668, 8.05517411209e-05, 1.93367632164e-05, 1.52723059728e-05, 3.23222993757e-05, 1.9792429157e-05, 8.98874441191e-06, 8.72678265296e-06, 1.48836434164e-05, 9.65593335422e-06, 2.18475488509e-05, 4.33959849033e-06, 6.46112675895e-06, 9.50870798988e-06, 3.61754882761e-06, 4.67555628347e-06, 9.34231593419e-06, 1.08529693534e-05, 2.46175659413e-05, 2.46955114562e-05, 5.02010516357e-05, 3.08897688228e-05, 5.0047878176e-05, 4.07686202379e-05, 7.67404344515e-05, 0.000143067329191, 0.000166805839399, 0.00014959461987, 0.000112640838779, 5.29360913788e-05, 0.000149846469867, 0.000412543857237, 0.000609585025813, 0.000299375125905, 0.000159146336955, 0.000309695664328, 0.000135903173941, 4.36743684986e-05, 4.77832909382e-05, 3.7067438825e-05, 3.61336351489e-05, 3.14623066515e-05, 2.45307319346e-06, 1.5951998833e-08, 4.75930184152e-09, 4.52503856607e-09, 4.31534408207e-09, 4.12338607703e-09, 3.94527077674e-09, 3.77865738699e-09, 3.63262930847e-09, 3.49065332195e-09, 3.36598526829e-09, 3.24932480922e-09, 3.14874903928e-09, 3.04279801355e-09, 2.95971180897e-09, 2.87582890834e-09, 2.80368528394e-09, 2.74120370847e-09, 2.68174815687e-09, 2.63314792193e-09, 2.5982995755e-09, 2.56519649966e-09, 2.54096921282e-09, 2.52655163457e-09],
        "mean": [1.56122405315e-06, 2.02302144316e-05, 0.000130840911879, 0.000198047258891, 0.000159086528583, 8.33919839351e-05, 4.56051566289e-05, 4.55950212199e-05, 5.53056379431e-05, 0.000117719035188, 0.0002390602167, 0.000323354674038, 0.000359493744327, 0.000343135150615, 0.000456485227915, 0.000477474386571, 0.00043418907444, 0.000694283342455, 0.000764897791669, 0.000233546103118, 0.000114352842502, 0.000177256646566, 0.000343744206475, 0.000233325365116, 0.000321925763274, 0.000526450865436, 0.000280577136436, 0.000232185440836, 8.26172909001e-05, 0.000174912129296, 0.000124043508549, 6.668621063e-05, 0.00010860565817, 0.000164311379194, 9.2399197456e-05, 0.000136831324198, 0.000103993392258, 2.27954733418e-05, 7.965273835e-05, 8.59457431943e-05, 0.000102278980194, 4.20310607296e-05, 6.15312092123e-05, 5.47242125322e-05, 9.4372944659e-06, 5.83382789046e-05, 6.94647314958e-05, 2.44132916123e-05, 2.97659389616e-05, 2.01114635274e-05, 5.51914126845e-06, 5.60314265385e-06, 4.4712851377e-06, 8.80505103851e-06, 7.16596150596e-06, 2.33621949519e-06, 1.39237420171e-06, 1.63031086231e-06, 2.30435443882e-06, 2.99362613987e-06, 1.15460591132e-06, 1.13242947464e-06, 2.29729175771e-06, 1.33972298499e-06, 4.51576141813e-07, 4.94754885949e-07, 8.31713293792e-07, 3.35096444815e-07, 2.63485929963e-07, 2.93461681622e-07, 2.78262831443e-07, 3.65487835552e-07, 3.23554047554e-07, 1.51772084678e-07, 1.34215298431e-07, 2.07681765119e-07, 9.34520301143e-08, 6.77447218322e-08, 9.22972418493e-08, 1.41358370342e-07, 2.13492128864e-07, 2.76763131524e-07, 3.27787120113e-07, 2.73395357908e-07, 3.27355252239e-07, 3.10724175279e-07, 3.4276214933e-07, 4.7632119049e-07, 7.31222201011e-07, 7.00692339706e-07, 5.09333062837e-07, 3.75897229787e-07, 5.30622514816e-07, 7.18660487564e-07, 9.38196876632e-07, 6.94242089594e-07, 5.84684528349e-07, 6.98406040556e-07, 4.20374789201e-07, 2.60935621554e-07, 1.88178020721e-07, 1.58128017347e-07, 9.66871951391e-08, 5.87360098336e-08, 6.19056805817e-09, 5.39358210871e-11, 2.06420106702e-11, 9.29062729527e-12, 8.46925047454e-12, 8.11178207938e-12, 7.78151935249e-12, 7.47270821611e-12, 7.19735816085e-12, 6.92213300568e-12, 6.68939296317e-12, 6.47595692349e-12, 6.29077952924e-12, 6.04128812948e-12, 5.87392981477e-12, 5.7104403671e-12, 5.56684039144e-12, 5.45010564457e-12, 5.34075908498e-12, 5.24632941257e-12, 5.12168519401e-12, 4.96805417985e-12, 4.87519356482e-12, 4.84032171982e-12],
        "min": [2.11891372504e-11, 2.78562106715e-09, 2.53015119966e-09, 2.05521928365e-08, 2.80213452442e-08, 5.66084175091e-08, 1.92600921878e-08, 3.29542793054e-08, 1.46246449617e-07, 8.03867123977e-08, 5.62665150028e-08, 6.43136601752e-08, 3.87802217006e-08, 2.17177870354e-07, 2.02589362175e-07, 6.76488411955e-08, 4.02850410808e-08, 6.19846218797e-08, 8.10155995623e-08, 3.73973030321e-08, 6.97863384858e-08, 2.56251855291e-08, 2.58641126294e-08, 5.04204145102e-08, 4.18822736492e-08, 4.59429543298e-08, 1.94294589306e-08, 1.60022395335e-08, 4.16363077349e-09, 8.39086222726e-09, 5.13278219927e-09, 4.35218128203e-09, 1.02605577368e-08, 4.02672295508e-09, 8.10524625194e-09, 5.90483706375e-09, 4.94120655503e-09, 2.99813773808e-09, 3.29969229718e-09, 6.59386545365e-09, 5.52083356808e-09, 3.36413430446e-09, 3.51283846456e-09, 3.81580589348e-09, 1.5937373643e-09, 4.33648272846e-09, 4.57260140863e-09, 4.47723857988e-09, 1.26825405733e-09, 1.36119526761e-09, 1.13649456512e-09, 1.54884816084e-09, 1.44575684757e-09, 1.51095791434e-09, 1.83374837537e-09, 1.04650732524e-09, 1.41927158914e-09, 2.32971975045e-09, 8.38771496703e-10, 1.25440058341e-09, 5.72384528663e-10, 1.72235758988e-09, 1.49727286125e-09, 1.4676060367e-09, 4.34558111717e-10, 7.72685304629e-10, 1.30544808297e-09, 4.20099566245e-10, 5.04284447533e-10, 5.27919541415e-10, 6.43312181303e-10, 4.31090135811e-10, 6.69544142351e-10, 4.86084894558e-10, 4.5109418978e-10, 7.31085803007e-10, 5.55092527499e-10, 3.78406694868e-10, 3.86688708831e-10, 5.30979926694e-10, 4.47419629124e-10, 3.20169807333e-10, 3.79589470967e-10, 2.84871543021e-10, 3.70882546896e-10, 2.29945201768e-10, 3.78954728708e-10, 3.50254436565e-10, 2.90416107829e-10, 3.78537035051e-10, 2.78993855796e-10, 3.21291299121e-10, 3.74200281872e-10, 3.21851795215e-10, 1.91506699387e-10, 2.75698380792e-10, 2.72722650019e-10, 2.06716060935e-10, 2.57135535087e-10, 2.29048682798e-10, 2.12163550617e-10, 3.17241344305e-10, 2.9218172326e-10, 1.68966701741e-10, 8.88964943324e-12, 1.3393654946e-13, 9.45698462032e-14, 5.65270452787e-14, 1.04294997389e-13, 1.04075649737e-13, 9.78762494772e-14, 1.00451209308e-13, 1.2657938391e-13, 9.14267983152e-14, 8.5521542105e-14, 1.03787929585e-13, 1.03967270177e-13, 1.10801606334e-13, 9.78206028007e-14, 1.13545118945e-13, 1.06154695494e-13, 1.17014701422e-13, 9.16426494153e-14, 8.33559431332e-14, 9.14287498792e-14, 3.14020795586e-14, 4.75057750841e-15, 1.27654681119e-16],
        "stdev": [4.38042297901e-06, 6.8020352046e-05, 0.000459062575828, 0.000536278646905, 0.000424149475293, 0.000305852241581, 0.00012308175792, 0.000106075764052, 0.000111425630166, 0.000199292961042, 0.000527330266777, 0.000819492037408, 0.000772958213929, 0.000611114257481, 0.000912454852369, 0.00136623624712, 0.00159961380996, 0.00339430104941, 0.00315367034636, 0.000709802145138, 0.000320195395034, 0.000786267162766, 0.00139547430445, 0.000878467806615, 0.0010884385556, 0.00185531948227, 0.00132529565599, 0.00102838093881, 0.000360313453712, 0.00118083041161, 0.000613219744992, 0.000321877363604, 0.000704466481693, 0.000789070152678, 0.00064762175316, 0.000903243140783, 0.000740110175684, 0.000151988380821, 0.000803905830253, 0.000631647184491, 0.000458931666799, 0.000264130329015, 0.000371037691366, 0.000304553104797, 6.37895573163e-05, 0.000590446928982, 0.000509134028107, 0.000215829117224, 0.000335576129146, 0.000231880039792, 5.39442735317e-05, 1.89964193851e-05, 2.15000836761e-05, 8.26955438242e-05, 3.30296061293e-05, 1.08397616714e-05, 5.29973658558e-06, 4.32467550127e-06, 7.69766211306e-06, 7.65502772992e-06, 3.70658790416e-06, 3.73455623048e-06, 6.25783422947e-06, 3.93790696762e-06, 1.14541796847e-06, 1.07143250716e-06, 2.33054925047e-06, 1.00836132333e-06, 6.49632283967e-07, 6.29529210983e-07, 8.24555172585e-07, 7.84612723237e-07, 1.17606521144e-06, 4.08745279401e-07, 3.57174400278e-07, 5.15558951975e-07, 2.57272404269e-07, 2.24721063091e-07, 3.7944118958e-07, 6.59810950765e-07, 1.16178443932e-06, 1.5081835727e-06, 2.10581379179e-06, 1.62074468335e-06, 2.28271824199e-06, 2.02988849196e-06, 2.49895060733e-06, 4.45466821475e-06, 6.42858958599e-06, 6.23805635769e-06, 3.77694732379e-06, 2.41281463786e-06, 5.2493523981e-06, 1.06491606857e-05, 1.65716246556e-05, 1.04238488348e-05, 7.56934650781e-06, 1.07464993562e-05, 5.06856440552e-06, 2.33873265643e-06, 1.94428912437e-06, 1.5907614852e-06, 1.04914397525e-06, 7.99237568572e-07, 7.41661878578e-08, 5.29277677241e-10, 1.99764829678e-10, 1.50828655121e-10, 1.43810102715e-10, 1.37455269389e-10, 1.31540250914e-10, 1.26009647161e-10, 1.21274809639e-10, 1.16480561307e-10, 1.12451263579e-10, 1.08443441726e-10, 1.05106666426e-10, 1.01684077825e-10, 9.8899166634e-11, 9.605411605e-11, 9.36990415812e-11, 9.16342557389e-11, 8.958958575e-11, 8.80684761229e-11, 8.69158425787e-11, 8.57968349144e-11, 8.50399889396e-11, 8.45474038003e-11]
    },
    "mfcc": {
        "mean": [-764.133789062, 170.695495605, -10.2553768158, -1.04722452164, -14.121427536, -17.5953369141, -15.8852329254, -6.06017065048, -13.988530159, -0.585356652737, -5.50781774521, 0.133729711175, -7.16747379303],
        "cov": [[3490.88427734, -637.27532959, -805.165222168, -531.74005127, 114.860031128, 204.697479248, 84.7099304199, 183.654922485, -56.717754364, 316.440155029, -39.3041114807, -40.5920906067, -5.47612142563], [-637.27532959, 1266.90234375, -258.249908447, 131.198532104, -79.3365859985, -96.6573638916, 173.518737793, -35.0238952637, 17.4354572296, 63.2117271423, 41.3958778381, 16.398317337, -2.14880204201], [-805.165222168, -258.249908447, 1191.2088623, 214.452224731, 39.8980445862, 78.8230819702, -49.9243049622, 68.4538421631, 13.239109993, -114.839515686, 70.0024337769, 67.1388320923, 73.763420105], [-531.74005127, 131.198532104, 214.452224731, 548.000854492, 172.29637146, -52.2368240356, -34.5246162415, -22.3891143799, 102.635185242, -49.802154541, 29.3954124451, 66.8589248657, 84.3532409668], [114.860031128, -79.3365859985, 39.8980445862, 172.29637146, 464.72946167, 49.192199707, -8.89585590363, 26.4114265442, 63.1505432129, 41.7795639038, 8.63450050354, 72.3615646362, 30.271074295], [204.697479248, -96.6573638916, 78.8230819702, -52.2368240356, 49.192199707, 308.506256104, 93.7264328003, 58.0377388, 0.400063514709, 38.3285903931, 41.6690330505, -0.268738240004, 4.35568284988], [84.7099304199, 173.518737793, -49.9243049622, -34.5246162415, -8.89585590363, 93.7264328003, 247.891204834, 74.6168212891, -22.8196220398, 28.6905021667, 22.2416915894, 32.6691474915, 1.98972046375], [183.654922485, -35.0238952637, 68.4538421631, -22.3891143799, 26.4114265442, 58.0377388, 74.6168212891, 165.03036499, 37.4648475647, 15.9372415543, -2.29124808311, 10.5104608536, 18.0633792877], [-56.717754364, 17.4354572296, 13.239109993, 102.635185242, 63.1505432129, 0.400063514709, -22.8196220398, 37.4648475647, 190.362945557, 39.818447113, 10.4118719101, -5.09552097321, 27.7740039825], [316.440155029, 63.2117271423, -114.839515686, -49.802154541, 41.7795639038, 38.3285903931, 28.6905021667, 15.9372415543, 39.818447113, 153.512374878, 42.5197257996, -5.02034425735, -11.1321086884], [-39.3041114807, 41.3958778381, 70.0024337769, 29.3954124451, 8.63450050354, 41.6690330505, 22.2416915894, -2.29124808311, 10.4118719101, 42.5197257996, 166.352981567, 47.0975990295, 3.89074325562], [-40.5920906067, 16.398317337, 67.1388320923, 66.8589248657, 72.3615646362, -0.268738240004, 32.6691474915, 10.5104608536, -5.09552097321, -5.02034425735, 47.0975990295, 147.839126587, 56.8435287476], [-5.47612142563, -2.14880204201, 73.763420105, 84.3532409668, 30.271074295, 4.35568284988, 1.98972046375, 18.0633792877, 27.7740039825, -11.1321086884, 3.89074325562, 56.8435287476, 136.046569824]],
        "icov": [[0.000662545324303, 0.000411163986428, 0.000447886821348, 0.000216993808863, -9.80297627393e-05, -0.000109716420411, 3.30151124217e-05, -0.000716421112884, 0.000499365269206, -0.00120169541333, 0.000122428886243, 3.35650474881e-05, -0.000442058400949], [0.000411163986428, 0.00136948912404, 0.000450927385828, -0.00032946508145, 0.000225055395276, 0.000439347233623, -0.0010438458994, -3.92037727579e-05, 0.000245838164119, -0.0012042314047, -9.37027216423e-05, 0.000119685806567, -0.000241753237788], [0.000447886821348, 0.000450927385828, 0.00146600196604, -0.000310440169415, 6.64295002935e-05, -0.000422942393925, 0.00041136451182, -0.00116350362077, 0.000508883094881, -7.97480424808e-06, -0.00051825545961, -0.00013305239554, -0.000464123120764], [0.000216993808863, -0.00032946508145, -0.000310440169415, 0.0032599195838, -0.00117716856766, 0.000408481428167, -4.35557449237e-05, 0.000676582625601, -0.00140422291588, 0.00107105681673, -0.000474426196888, -7.03433615854e-05, -0.00127248070203], [-9.80297627393e-05, 0.000225055395276, 6.64295002935e-05, -0.00117716856766, 0.0030787771102, -0.000626633001957, 0.000399374112021, -0.000266833550995, -0.000304647925077, -0.0010996555211, 0.000808332930319, -0.00170985329896, 0.000721593853086], [-0.000109716420411, 0.000439347233623, -0.000422942393925, 0.000408481428167, -0.000626633001957, 0.00457769073546, -0.00202391901985, -0.000142688877531, -3.23960739479e-05, -0.000398168951506, -0.00110685219988, 0.00122596102301, -0.000486565812025], [3.30151124217e-05, -0.0010438458994, 0.00041136451182, -4.35557449237e-05, 0.000399374112021, -0.00202391901985, 0.0069349934347, -0.00314433244057, 0.00136442412622, -0.00031806100742, 9.34901690925e-05, -0.0017356936587, 0.000498769106343], [-0.000716421112884, -3.92037727579e-05, -0.00116350362077, 0.000676582625601, -0.000266833550995, -0.000142688877531, -0.00314433244057, 0.00953132659197, -0.00287358625792, 0.00107029336505, 0.000723102537449, 9.10526523512e-06, -0.000323959102388], [0.000499365269206, 0.000245838164119, 0.000508883094881, -0.00140422291588, -0.000304647925077, -3.23960739479e-05, 0.00136442412622, -0.00287358625792, 0.00781993567944, -0.00311763281934, -0.000132417073473, 0.00128497241531, -0.00133551552426], [-0.00120169541333, -0.0012042314047, -7.97480424808e-06, 0.00107105681673, -0.0010996555211, -0.000398168951506, -0.00031806100742, 0.00107029336505, -0.00311763281934, 0.0119135705754, -0.00306196371093, 0.000842794252094, 0.000739547249395], [0.000122428886243, -9.37027216423e-05, -0.00051825545961, -0.000474426196888, 0.000808332930319, -0.00110685219988, 9.34901690925e-05, 0.000723102537449, -0.000132417073473, -0.00306196371093, 0.0082611842081, -0.00317968125455, 0.00120557879563], [3.35650474881e-05, 0.000119685806567, -0.00013305239554, -7.03433615854e-05, -0.00170985329896, 0.00122596102301, -0.0017356936587, 9.10526523512e-06, 0.00128497241531, 0.000842794252094, -0.00317968125455, 0.010738494806, -0.00410485919565], [-0.000442058400949, -0.000241753237788, -0.000464123120764, -0.00127248070203, 0.000721593853086, -0.000486565812025, 0.000498769106343, -0.000323959102388, -0.00133551552426, 0.000739547249395, 0.00120557879563, -0.00410485919565, 0.0102739650756]]
    },
    "spectral_contrast_coeffs": {
        "max": [-0.353430151939, -0.362666398287, -0.428875386715, -0.504319489002, -0.639047861099, -0.683334589005],
        "mean": [-0.6478048563, -0.693472385406, -0.700096011162, -0.745993256569, -0.787145555019, -0.807407140732],
        "min": [-0.876491308212, -0.940607726574, -0.89142537117, -0.916991949081, -0.909137248993, -0.947942912579],
        "stdev": [0.0921380668879, 0.0853398814797, 0.083477370441, 0.0743791908026, 0.0443809553981, 0.0327658541501]
    },
    "spectral_contrast_valleys": {
        "max": [-6.1077837944, -5.13288068771, -6.42829704285, -6.95865774155, -7.68960618973, -8.13219738007],
        "mean": [-8.15688514709, -7.0446972847, -8.33318901062, -9.05689811707, -9.24146938324, -11.8960618973],
        "min": [-10.1300506592, -9.31283473969, -10.4895391464, -11.005109787, -10.9978609085, -12.9750089645],
        "stdev": [0.801042973995, 0.61931604147, 0.703910708427, 0.67314606905, 0.592281699181, 0.787622630596]
    }
},
"rhythm": {
    "beats_count": 107,
    "beats_loudness": {
        "max": 0.128087490797,
        "mean": 0.01788934879,
        "min": 0.00114522792865,
        "stdev": 0.0226309057325
    },
    "bpm": 164.814224243,
    "bpm_histogram_first_peak_bpm": 167,
    "bpm_histogram_first_peak_weight": 0,
    "bpm_histogram_second_peak_bpm": 123,
    "bpm_histogram_second_peak_spread": 0.586206912994,
    "bpm_histogram_second_peak_weight": 0.113207548857,
    "danceability": 0.978335559368,
    "onset_rate": 2.6455078125,
    "beats_loudness_band_ratio": {
        "max": [0.700531184673, 0.954096198082, 0.979102253914, 0.749908745289, 0.522041141987, 0.755760371685],
        "mean": [0.0986339971423, 0.34055224061, 0.386026263237, 0.144212514162, 0.0399957820773, 0.0316237173975],
        "min": [0.00090020056814, 0.00404227804393, 0.008625051938, 0.00254196953028, 0.000386758038076, 0.000196971508558],
        "stdev": [0.175939083099, 0.267906010151, 0.254810541868, 0.1702786237, 0.0759896188974, 0.124768041074]
    },
