{
"metadata": {
    "version": {
        "essentia": "2.1-beta5",
        "essentia_git_sha": "Undefined",
        "extractor": "music 2.0"
    },
    "audio_properties": {
        "analysis": {
            "equal_loudness": 0,
            "length": 28.1193656921,
            "sample_rate": 44100,
            "start_time": 175.240997314,
            "downmix": "mix"
        },
        "bit_rate": 192000,
        "length": 203.383590698,
        "lossless": 0,
        "number_channels": 2,
        "replay_gain": -4.08301544189,
        "sample_rate": 48000,
        "codec": "mp3",
        "md5_encoded": "4644c0136a5ab2d3fc29233f2fd48d9e"
    },
    "tags": {
        "file_name": "Switzerland_Giorgio_Lys Assia.mp3",
        "encoding": ["Lavf58.29.100"]
    }
},
"lowlevel": {
    "average_loudness": 0.446167051792,
    "barkbands_crest": {
        "max": 26.843214035,
        "mean": 12.7304773331,
        "min": 3.12196111679,
        "stdev": 5.47422266006
    },
    "barkbands_flatness_db": {
        "max": 0.464289098978,
        "mean": 0.241412073374,
        "min": 0.0718094930053,
        "stdev": 0.062811024487
    },
    "barkbands_kurtosis": {
        "max": 446.457733154,
        "mean": 6.03855323792,
        "min": -1.83103907108,
        "stdev": 15.5458431244
    },
    "barkbands_skewness": {
        "max": 20.9608631134,
        "mean": 0.745402574539,
        "min": -1.73122596741,
        "stdev": 1.16700768471
    },
    "barkbands_spread": {
        "max": 96.2870407104,
        "mean": 8.63901805878,
        "min": 0.784385442734,
        "stdev": 9.21823692322
    },
    "dissonance": {
        "max": 0.499999910593,
        "mean": 0.409082084894,
        "min": 0.215216338634,
        "stdev": 0.0658469349146
    },
    "dynamic_complexity": 6.46978807449,
    "erbbands_crest": {
        "max": 33.054271698,
        "mean": 16.3439292908,
        "min": 3.41657972336,
        "stdev": 7.72681522369
    },
    "erbbands_flatness_db": {
        "max": 0.437841773033,
        "mean": 0.290658950806,
        "min": 0.0459752827883,
        "stdev": 0.0625596269965
    },
    "erbbands_kurtosis": {
        "max": 63.9973602295,
        "mean": 6.6118683815,
        "min": -1.62494885921,
        "stdev": 8.98725509644
    },
    "erbbands_skewness": {
        "max": 6.55741977692,
        "mean": 1.08659720421,
        "min": -3.30743598938,
        "stdev": 1.09176301956
    },
    "erbbands_spread": {
        "max": 90.0508804321,
        "mean": 12.8083171844,
        "min": 1.08501648903,
        "stdev": 12.2093725204
    },
    "hfc": {
        "max": 177.788543701,
        "mean": 17.2182121277,
        "min": 1.5521422938e-06,
        "stdev": 22.6984424591
    },
    "loudness_ebu128": {
        "integrated": -20.2407493591,
        "loudness_range": 11.7600059509,
        "momentary": {
            "max": -13.4053382874,
            "mean": -25.2472667694,
            "min": -42.2849960327,
            "stdev": 7.25913238525
        },
        "short_term": {
            "max": -17.2472362518,
            "mean": -23.393491745,
            "min": -38.7409744263,
            "stdev": 5.17851734161
        }
    },
    "melbands_crest": {
        "max": 39.9094657898,
        "mean": 15.4103851318,
        "min": 3.83502197266,
        "stdev": 7.17224693298
    },
    "melbands_flatness_db": {
        "max": 0.432573616505,
        "mean": 0.251269102097,
        "min": 0.0602970570326,
        "stdev": 0.0712417662144
    },
    "melbands_kurtosis": {
        "max": 717.23034668,
        "mean": 6.30677223206,
        "min": -1.78066861629,
        "stdev": 23.0397281647
    },
    "melbands_skewness": {
        "max": 25.8840885162,
        "mean": 0.690102159977,
        "min": -1.70318257809,
        "stdev": 1.32700455189
    },
    "melbands_spread": {
        "max": 175.953491211,
        "mean": 13.8802585602,
        "min": 1.23422896862,
        "stdev": 13.3686466217
    },
    "pitch_salience": {
        "max": 0.86778897047,
        "mean": 0.588967502117,
        "min": 0.00687750801444,
        "stdev": 0.126819506288
    },
    "silence_rate_20dB": {
        "max": 1,
        "mean": 1,
        "min": 1,
        "stdev": 0
    },
    "silence_rate_30dB": {
        "max": 1,
        "mean": 0.990099012852,
        "min": 0,
        "stdev": 0.0990103036165
    },
    "silence_rate_60dB": {
        "max": 1,
        "mean": 0.316831678152,
        "min": 0,
        "stdev": 0.46524271369
    },
    "spectral_centroid": {
        "max": 4765.32470703,
        "mean": 1026.40856934,
        "min": 446.847412109,
        "stdev": 541.276550293
    },
    "spectral_complexity": {
        "max": 47,
        "mean": 9.83828353882,
        "min": 0,
        "stdev": 9.66033744812
    },
    "spectral_decrease": {
        "max": -1.10403690478e-16,
        "mean": -4.2077710205e-09,
        "min": -4.93137903845e-08,
        "stdev": 5.35158140025e-09
    },
    "spectral_energy": {
        "max": 0.202247619629,
        "mean": 0.0174428485334,
        "min": 5.57472845664e-10,
        "stdev": 0.0221727490425
    },
    "spectral_energyband_high": {
        "max": 0.00352543080226,
        "mean": 9.20314560062e-05,
        "min": 1.07007916417e-10,
        "stdev": 0.000202124952921
    },
    "spectral_energyband_low": {
        "max": 0.0108829960227,
        "mean": 0.000200545444386,
        "min": 2.08391109924e-10,
        "stdev": 0.000547533622012
    },
    "spectral_energyband_middle_high": {
        "max": 0.19249497354,
        "mean": 0.0113169718534,
        "min": 8.07639111838e-12,
        "stdev": 0.0190728195012
    },
    "spectral_energyband_middle_low": {
        "max": 0.114808753133,
        "mean": 0.00759781710804,
        "min": 1.72290003445e-12,
        "stdev": 0.0107333995402
    },
    "spectral_entropy": {
        "max": 8.80938148499,
        "mean": 6.8038020134,
        "min": 5.32981729507,
        "stdev": 0.662352263927
    },
    "spectral_flux": {
        "max": 0.341237187386,
        "mean": 0.0550318732858,
        "min": 3.57223798346e-05,
        "stdev": 0.0456238798797
    },
    "spectral_kurtosis": {
        "max": 37.4598808289,
        "mean": 10.3674869537,
        "min": -1.03041768074,
        "stdev": 6.05750417709
    },
    "spectral_rms": {
        "max": 0.0140468766913,
        "mean": 0.00338379573077,
        "min": 7.37479467716e-07,
        "stdev": 0.00235951831564
    },
    "spectral_rolloff": {
        "max": 10465.1367188,
        "mean": 1228.17565918,
        "min": 21.533203125,
        "stdev": 882.829956055
    },
    "spectral_skewness": {
        "max": 4.72625303268,
        "mean": 2.42953491211,
        "min": -0.419800072908,
        "stdev": 0.74017137289
    },
    "spectral_spread": {
        "max": 10985556,
        "mean": 3094454.25,
        "min": 1556265,
        "stdev": 1002096.0625
    },
    "spectral_strongpeak": {
        "max": 14.6906013489,
        "mean": 2.10549998283,
        "min": 0,
        "stdev": 2.31634902954
    },
    "zerocrossingrate": {
        "max": 0.2158203125,
        "mean": 0.0456760525703,
        "min": 0,
        "stdev": 0.0231994707137
    },
    "barkbands": {
        "max": [2.99748335237e-05, 0.00291777355596, 0.00972504075617, 0.00178875192069, 0.00485348608345, 0.0243760831654, 0.0216906946152, 0.056717954576, 0.107196398079, 0.186761260033, 0.0338265486062, 0.00887700542808, 0.0262161809951, 0.0549244396389, 0.0316629484296, 0.0103063555434, 0.00377225317061, 0.00192630512174, 0.00110290967859, 0.000785635435022, 0.00115213589743, 0.00205975305289, 0.000402390927775, 0.000359562371159, 7.55388682592e-05, 3.71894017803e-08, 2.91783450734e-08],
        "mean": [9.31949216465e-07, 8.03284056019e-05, 9.67382366071e-05, 5.96747049713e-05, 0.000245221803198, 0.000842523237225, 0.00103336735629, 0.000451707222965, 0.00176259782165, 0.00763287069276, 0.000718946626876, 0.000771872699261, 0.00107853300869, 0.00126495561562, 0.000686380488332, 0.000250072625931, 0.000149863830302, 0.000114173606562, 9.14724805625e-05, 3.25907749357e-05, 1.98771886062e-05, 1.54250519699e-05, 1.35636437335e-05, 2.51113433478e-05, 4.05547007176e-06, 7.91392729127e-10, 7.00429991785e-10],
        "min": [3.68408359375e-10, 9.62494320356e-12, 6.59865093339e-14, 3.82807189268e-14, 1.31813315688e-13, 1.25274058705e-13, 3.38029625992e-13, 1.99089605479e-13, 4.1906116164e-13, 4.12596958552e-13, 3.66932721187e-13, 3.27384983272e-13, 7.42684342844e-13, 1.12786982445e-12, 1.99087274444e-13, 3.90530489891e-13, 2.69206288121e-13, 1.02648781402e-12, 1.85095341831e-12, 1.56766375055e-12, 3.73792446648e-12, 5.47344418053e-12, 4.8041583732e-12, 4.91819692611e-12, 9.45841061722e-12, 3.17640878877e-11, 4.79053498259e-11],
        "stdev": [2.05398077924e-06, 0.000227843003813, 0.000427974882768, 0.000149465820868, 0.00045156176202, 0.0016601702664, 0.00196320936084, 0.00199798913673, 0.00549041805789, 0.0161006562412, 0.00226961169392, 0.00135630101431, 0.00288863200694, 0.00415380718186, 0.00230900617316, 0.000780871196184, 0.000438969582319, 0.000225180629059, 0.000140842137625, 6.76861600368e-05, 6.6544933361e-05, 8.09277116787e-05, 2.72527977359e-05, 4.73190048069e-05, 7.63390926295e-06, 1.93825111516e-09, 1.67866942569e-09]
    },
    "erbbands": {
        "max": [0.0474729239941, 0.762704491615, 7.85632371902, 8.98305416107, 11.9454374313, 26.7697029114, 56.0219421387, 315.396759033, 345.239624023, 233.938354492, 2122.77905273, 2675.89233398, 2296.57348633, 5934.96386719, 725.757202148, 382.731781006, 1175.48510742, 1931.4107666, 1966.11071777, 547.482971191, 481.53817749, 194.411483765, 125.768104553, 80.7976455688, 34.8244056702, 33.7237243652, 26.1164703369, 61.9341506958, 76.654586792, 27.6744365692, 9.35858345032, 8.2947101593, 7.44191455841, 1.39874851704, 0.122018873692, 0.00339875905775, 0.000232827529544, 4.4581174734e-05, 0.000110689703433, 0.000239201515797],
        "mean": [0.00137345434632, 0.0224819313735, 0.0940791219473, 0.16637994349, 0.456051617861, 0.808824360371, 2.26475167274, 8.39657688141, 17.8984146118, 8.47114086151, 13.8681659698, 41.0339317322, 188.116790771, 156.701416016, 33.4138031006, 39.5175437927, 53.2759170532, 60.6619110107, 52.2162590027, 20.8344364166, 12.8250255585, 8.23165893555, 5.90919542313, 6.81047916412, 2.98105478287, 1.60173285007, 0.903924524784, 0.756578326225, 0.578124403954, 0.414254814386, 0.392214566469, 0.409405201674, 0.462506681681, 0.101901121438, 0.00690286094323, 0.000246603391133, 2.60584274656e-05, 5.76576712774e-06, 1.02397607407e-05, 2.10754842556e-05],
        "min": [4.6090429251e-09, 6.74084565944e-10, 2.84879925205e-10, 2.42702968833e-10, 3.1313693305e-10, 5.034539452e-10, 3.84251686025e-10, 1.24867416407e-09, 5.64156232841e-09, 5.15606402018e-09, 3.99791932892e-09, 1.16202540923e-08, 2.17816413794e-08, 1.38388580595e-08, 1.37655771226e-08, 1.20274199489e-08, 2.75613274425e-08, 5.39361550977e-08, 1.50220014206e-08, 1.27543966499e-08, 2.36827961686e-08, 1.61979460955e-08, 5.22966239203e-08, 6.66567245844e-08, 9.5601720318e-08, 9.85470478554e-08, 1.73989576524e-07, 9.58852552913e-08, 2.01556233037e-07, 1.4630153089e-07, 1.3062680182e-07, 9.69353024516e-08, 1.06854393778e-07, 1.27738530864e-07, 5.30934123333e-08, 8.60036735162e-08, 6.09703292298e-08, 2.94106285992e-08, 8.01963118136e-09, 5.55819446024e-10],
        "stdev": [0.00382111477666, 0.0609207712114, 0.348989486694, 0.505872428417, 1.09155750275, 1.677110672, 4.93569993973, 19.1239910126, 29.0013561249, 17.0133876801, 72.3186340332, 129.804229736, 340.5730896, 499.537780762, 74.7659072876, 62.0969429016, 137.425506592, 183.713775635, 152.704086304, 54.5281906128, 39.2157821655, 24.4646949768, 13.3235521317, 10.3033876419, 4.79733324051, 3.18401455879, 2.34693479538, 3.24075579643, 3.05089139938, 1.39556241035, 0.726025879383, 0.78638535738, 0.903195977211, 0.180325448513, 0.0121016800404, 0.000390423781937, 3.56194796041e-05, 7.5793304859e-06, 1.27924722619e-05, 2.66752140305e-05]
    },
    "gfcc": {
        "mean": [-134.157531738, 128.694778442, -165.119064331, -2.57065081596, -86.0170440674, 16.0703868866, -36.3023948669, 4.78249740601, -14.3144931793, -19.7055664062, 18.4885253906, -21.5736122131, 8.21798706055],
        "cov": [[11305.6757812, -740.647277832, -2687.72900391, -736.515197754, 53.5948371887, 280.629211426, -408.244750977, -87.332069397, -224.992492676, -737.881652832, 125.177398682, -526.061706543, -0.755844831467], [-740.647277832, 1092.79797363, 505.956787109, -102.528305054, 11.6419038773, -176.100021362, 75.3165512085, 42.6497650146, -32.7702178955, -40.9118499756, 113.282203674, -38.8295669556, 16.9322738647], [-2687.72900391, 505.956787109, 1184.5645752, 222.517837524, -130.360809326, -17.7763977051, 87.3994140625, 117.178703308, 47.7137947083, 150.061813354, 10.1177072525, 51.9600791931, 3.9508254528], [-736.515197754, -102.528305054, 222.517837524, 564.245849609, 20.0878009796, 38.250995636, -97.1153106689, -103.267723083, 103.515892029, 181.859024048, -243.724456787, 25.6650772095, -1.64144980907], [53.5948371887, 11.6419038773, -130.360809326, 20.0878009796, 275.379272461, 48.629573822, -19.9095020294, 16.6533298492, 0.308775097132, 0.6670820117, -18.2449073792, -9.70486164093, 4.21342325211], [280.629211426, -176.100021362, -17.7763977051, 38.250995636, 48.629573822, 207.723968506, 21.1757965088, 24.7019615173, 6.41875982285, 22.3801383972, 7.57876348495, -7.38847017288, -7.70392084122], [-408.244750977, 75.3165512085, 87.3994140625, -97.1153106689, -19.9095020294, 21.1757965088, 234.087356567, 58.9410476685, -29.9794616699, -2.37952423096, 114.074874878, 66.994102478, 7.08905410767], [-87.332069397, 42.6497650146, 117.178703308, -103.267723083, 16.6533298492, 24.7019615173, 58.9410476685, 151.416061401, 3.79130315781, -41.7318077087, 95.277923584, -4.22883319855, 5.0684928894], [-224.992492676, -32.7702178955, 47.7137947083, 103.515892029, 0.308775097132, 6.41875982285, -29.9794616699, 3.79130315781, 152.183654785, 86.9232635498, -54.2592124939, 31.104101181, 20.6421871185], [-737.881652832, -40.9118499756, 150.061813354, 181.859024048, 0.6670820117, 22.3801383972, -2.37952423096, -41.7318077087, 86.9232635498, 182.336334229, -63.8018760681, 44.3985099792, 4.22144460678], [125.177398682, 113.282203674, 10.1177072525, -243.724456787, -18.2449073792, 7.57876348495, 114.074874878, 95.277923584, -54.2592124939, -63.8018760681, 252.626785278, 48.3033905029, -6.40558767319], [-526.061706543, -38.8295669556, 51.9600791931, 25.6650772095, -9.70486164093, -7.38847017288, 66.994102478, -4.22883319855, 31.104101181, 44.3985099792, 48.3033905029, 140.187545776, 28.829334259], [-0.755844831467, 16.9322738647, 3.9508254528, -1.64144980907, 4.21342325211, -7.70392084122, 7.08905410767, 5.0684928894, 20.6421871185, 4.22144460678, -6.40558767319, 28.829334259, 66.3516769409]],
        "icov": [[0.000516859232448, -0.000309286580887, 0.00126660382375, -0.000494609121233, 0.000786452321336, -0.00104245648254, 0.000515685882419, -0.000162694574101, -0.000302231637761, 0.00111201929394, -0.000801672809757, 0.00139446638059, -0.000876488978975], [-0.000309286580887, 0.00236900965683, -0.00218372652307, 0.000273905490758, -0.00180787150748, 0.0024834331125, -0.00118811731227, 0.00253826682456, -0.000992268207483, 0.0006185095408, -0.00156761822291, 0.0016173326876, -0.0007197856321], [0.00126660382375, -0.00218372652307, 0.00548249715939, -0.00198953715153, 0.00357206328772, -0.00328960642219, 0.00165289035067, -0.00409579882398, 0.000878857506905, 0.000508482102305, -0.000700210744981, 0.00182248710189, -0.00144169840496], [-0.000494609121233, 0.000273905490758, -0.00198953715153, 0.00547253480181, -0.0010964719113, -2.52992213063e-05, 0.000287431728793, 0.000744332151953, 0.000253587262705, -0.00317138666287, 0.00496632466093, -0.00346580101177, 0.00226563145407], [0.000786452321336, -0.00180787150748, 0.00357206328772, -0.0010964719113, 0.00633809529245, -0.00339679303579, 0.00174466671888, -0.00369576434605, 0.00118154229131, 7.12219043635e-05, 0.00056557188509, 0.000355996162398, -0.000942658341955], [-0.00104245648254, 0.0024834331125, -0.00328960642219, -2.52992213063e-05, -0.00339679303579, 0.00930812116712, -0.00250336062163, 0.000962993653957, -9.38076336752e-05, -0.00222262251191, -0.00085989566287, 0.000296332349535, 0.000998792937025], [0.000515685882419, -0.00118811731227, 0.00165289035067, 0.000287431728793, 0.00174466671888, -0.00250336062163, 0.00767085701227, -0.00303672230802, 0.00224653305486, -0.000819608336315, -0.00084359763423, -0.0027097503189, -0.000322105828673], [-0.000162694574101, 0.00253826682456, -0.00409579882398, 0.000744332151953, -0.00369576434605, 0.000962993653957, -0.00303672230802, 0.0170293599367, -0.00640813726932, 0.00573164364323, -0.0065880259499, 0.00561766466126, -0.00246511702426], [-0.000302231637761, -0.000992268207483, 0.000878857506905, 0.000253587262705, 0.00118154229131, -9.38076336752e-05, 0.00224653305486, -0.00640813726932, 0.0127773387358, -0.00734805315733, 0.00407226802781, -0.00474079465494, -0.00068730552448], [0.00111201929394, 0.0006185095408, 0.000508482102305, -0.00317138666287, 7.12219043635e-05, -0.00222262251191, -0.000819608336315, 0.00573164364323, -0.00734805315733, 0.0157532058656, -0.00393239175901, 0.00348894298077, -0.00147856061812], [-0.000801672809757, -0.00156761822291, -0.000700210744981, 0.00496632466093, 0.00056557188509, -0.00085989566287, -0.00084359763423, -0.0065880259499, 0.00407226802781, -0.00393239175901, 0.0147063024342, -0.00978484936059, 0.00566757284105], [0.00139446638059, 0.0016173326876, 0.00182248710189, -0.00346580101177, 0.000355996162398, 0.000296332349535, -0.0027097503189, 0.00561766466126, -0.00474079465494, 0.00348894298077, -0.00978484936059, 0.0194154307246, -0.00884650740772], [-0.000876488978975, -0.0007197856321, -0.00144169840496, 0.00226563145407, -0.000942658341955, 0.000998792937025, -0.000322105828673, -0.00246511702426, -0.00068730552448, -0.00147856061812, 0.00566757284105, -0.00884650740772, 0.0204841308296]]
    },
    "melbands": {
        "max": [0.000675590359606, 0.00278412154876, 0.00135605712421, 0.00100636936259, 0.00160826544743, 0.00601666094735, 0.00504964031279, 0.0030713903252, 0.0201583839953, 0.0154811311513, 0.0111812222749, 0.0276340823621, 0.00396409025416, 0.00114079145715, 0.00286935712211, 0.00167715095449, 0.00469935266301, 0.00295322434977, 0.0011373932939, 0.000749601284042, 0.000505838776007, 0.000236997919274, 0.00014484237181, 8.69415525813e-05, 7.75127336965e-05, 3.85853454645e-05, 2.56693328993e-05, 2.33774753724e-05, 1.54098161147e-05, 2.90799725917e-05, 4.21104559791e-05, 5.27449556103e-05, 2.18729583139e-05, 1.3137922906e-05, 6.67976883051e-06, 4.41696056441e-06, 6.35375090496e-06, 7.34762352295e-06, 2.851554882e-06, 1.00210593246e-06],
        "mean": [1.83102911251e-05, 4.27082122769e-05, 3.80176497856e-05, 4.34153807873e-05, 7.31264080969e-05, 0.000195046886802, 0.000258642365225, 8.6034538981e-05, 0.000133022971568, 0.000275634229183, 0.000963685743045, 0.000679750577547, 0.000103587757621, 8.66048940225e-05, 0.000121043180116, 9.08859074116e-05, 0.000122109122458, 9.22053368413e-05, 3.88088265026e-05, 2.02954815904e-05, 1.38905716085e-05, 9.01120529306e-06, 5.91979051023e-06, 5.15343845109e-06, 5.7845622905e-06, 2.55710119745e-06, 1.40236056723e-06, 9.52628511186e-07, 5.79520076371e-07, 4.63453488919e-07, 4.31066354167e-07, 3.48004704165e-07, 2.48841729444e-07, 2.23183306503e-07, 2.25128786724e-07, 2.18079463821e-07, 2.64242686399e-07, 3.77436634835e-07, 1.92557934042e-07, 4.99735115511e-08],
        "min": [4.66744871919e-11, 2.10547233809e-14, 2.57258898564e-14, 1.96328837112e-14, 1.42676448862e-14, 3.43442789941e-14, 8.64715268248e-14, 5.68569442829e-14, 2.68526384939e-14, 7.74113303841e-14, 1.12209483513e-13, 5.79472179876e-14, 5.18546455232e-14, 3.10922586234e-14, 2.84942594964e-14, 1.23133924931e-13, 8.60353522908e-14, 1.64030369691e-14, 1.40996477596e-14, 2.15131460823e-14, 2.9058915376e-14, 1.38234896078e-14, 3.40536619899e-14, 5.05838453806e-14, 4.91685210884e-14, 9.04118902141e-14, 4.55962443366e-14, 5.79254119714e-14, 1.31144986364e-13, 4.03274961168e-14, 6.01229271447e-14, 8.29074900096e-14, 1.62636045039e-13, 5.88332415554e-14, 6.42358616385e-14, 9.96657929255e-14, 4.19976180839e-14, 5.51539100036e-14, 1.20614035795e-13, 1.04126437832e-13],
        "stdev": [5.28961027157e-05, 0.000131383028929, 9.32577022468e-05, 8.65980036906e-05, 0.000147596467286, 0.000384116719943, 0.000440171483206, 0.000193015133846, 0.000727901933715, 0.000798737455625, 0.00174042501021, 0.00227089086547, 0.000303365581203, 0.00015329629241, 0.000277764338534, 0.000212685510633, 0.000420469732489, 0.000271401630016, 0.000108747248305, 6.04561828368e-05, 4.40659896412e-05, 2.77196704701e-05, 1.55601956067e-05, 9.71132431005e-06, 8.93025480764e-06, 4.29852252637e-06, 2.65034418589e-06, 2.05282594834e-06, 1.4798807797e-06, 1.66686959346e-06, 2.02583441933e-06, 2.01149646273e-06, 1.06681341094e-06, 6.81548442572e-07, 4.52771047321e-07, 3.73601011461e-07, 5.92291939938e-07, 7.92527032445e-07, 3.58287707058e-07, 1.0520035687e-07]
    },
    "melbands128": {
        "max": [2.95175923384e-05, 0.000139809402754, 0.00115076999646, 0.00135221192613, 0.00306227640249, 0.0051316684112, 0.00200928281993, 0.00101283600088, 0.00156099779997, 0.00117116724141, 0.00200948538259, 0.00140848115552, 0.00225150305778, 0.00474585499614, 0.0108114723116, 0.0055544860661, 0.00430536735803, 0.00847410969436, 0.00629155524075, 0.00265793129802, 0.00582570582628, 0.00885544158518, 0.0300199240446, 0.0295485518873, 0.0294015966356, 0.0124628134072, 0.0214616376907, 0.0219836067408, 0.0184732507914, 0.0665421560407, 0.0159690733999, 0.0112682329491, 0.00648766011, 0.00475968234241, 0.00136003165971, 0.00192650360987, 0.00185605150182, 0.00170111120678, 0.00815851800144, 0.00345836300403, 0.00205318839289, 0.00198780070059, 0.00459805224091, 0.0137494886294, 0.0048506911844, 0.00656461576, 0.00586721580476, 0.0015060484875, 0.00143046153244, 0.00102367496584, 0.00123974226881, 0.0010606268188, 0.00100157421548, 0.000575768877752, 0.000436444417574, 0.000304030545522, 0.000274985010037, 0.000142344273627, 0.000176304543857, 0.000134093759698, 9.17239885894e-05, 0.000104480881419, 0.00017119711265, 0.00011050789908, 6.1598540924e-05, 5.19471541338e-05, 3.24486318277e-05, 3.83304759453e-05, 2.7995551136e-05, 2.26630818361e-05, 2.98996674246e-05, 2.88303763227e-05, 1.57510003191e-05, 1.7479642338e-05, 1.98402703973e-05, 2.48914875556e-05, 4.99977250001e-05, 3.31170995196e-05, 4.02789264626e-05, 7.30985630071e-05, 6.98674484738e-05, 3.55128358933e-05, 4.06972794735e-05, 1.97320678126e-05, 1.80511469807e-05, 1.32728837343e-05, 1.11385506898e-05, 1.51040121636e-05, 5.78708113608e-06, 4.78207175547e-06, 4.0057766455e-06, 5.40571454621e-06, 9.5536788649e-06, 7.35607454772e-06, 9.59699355008e-06, 1.14375625344e-05, 1.03317925095e-05, 6.80122639096e-06, 4.15419935962e-06, 2.66788333647e-06, 3.04653099192e-06, 9.76271167019e-07, 5.32734418357e-07, 2.17333706587e-07, 3.96723685014e-08, 9.25055942957e-09, 7.57941975849e-09, 9.14755549086e-10, 2.19713983118e-10, 2.61049848405e-10, 2.29156332798e-10, 2.64128302563e-10, 1.91441765218e-10, 1.75076619868e-10, 2.19654849865e-10, 2.73018774255e-10, 1.29664959325e-10, 1.31004623816e-10, 1.31633634548e-10, 1.27396301841e-10, 1.28166463553e-10, 1.22470422692e-10, 1.24118298972e-10, 1.22322929563e-10, 1.2193243637e-10, 1.20068774367e-10, 1.18803564209e-10, 1.18477672117e-10],
        "mean": [5.33326897312e-07, 5.33456204721e-06, 2.85438527499e-05, 3.8021538785e-05, 4.48411155958e-05, 4.88161131216e-05, 2.99265266221e-05, 3.38214595104e-05, 5.19775421708e-05, 3.6669025576e-05, 4.09993081121e-05, 6.12641888438e-05, 5.95282472204e-05, 0.000114321301226, 0.000162195035955, 0.000252583267866, 0.000326618930558, 0.000298107246635, 0.000133870475111, 6.19226048002e-05, 8.36707695271e-05, 7.47066587792e-05, 0.00012467544002, 0.000200158494408, 0.000242491165409, 0.000179455033503, 0.000633921823464, 0.00140785844997, 0.000688731204718, 0.00122109090444, 0.000445740442956, 0.000106029037852, 0.000116512324894, 7.70701299189e-05, 5.37295491085e-05, 0.00010212338384, 0.000125658989418, 6.94218979334e-05, 0.000187658428331, 0.000121982637211, 5.60519401915e-05, 5.84412919125e-05, 0.000107514119009, 0.000199421367142, 8.10164783616e-05, 8.66952977958e-05, 8.09301054687e-05, 3.12533702527e-05, 2.63822130364e-05, 2.53363377851e-05, 1.88227822946e-05, 1.64232551469e-05, 1.42787566801e-05, 1.32377026603e-05, 1.18821972137e-05, 8.33937610878e-06, 6.92581579642e-06, 6.36949516775e-06, 5.80505729886e-06, 4.6936615945e-06, 4.21546519647e-06, 5.73819761485e-06, 8.30227418191e-06, 5.28193777427e-06, 2.74658941635e-06, 2.7882770155e-06, 2.28366616284e-06, 1.36405117246e-06, 1.23217625969e-06, 1.36162520903e-06, 1.00580098206e-06, 7.38275161893e-07, 6.445368399e-07, 5.59773695841e-07, 4.90554498356e-07, 4.6233654416e-07, 4.52903719861e-07, 4.43942099082e-07, 4.31116660593e-07, 4.23988296916e-07, 3.66015427744e-07, 3.27318275595e-07, 2.74140830925e-07, 2.38578252265e-07, 2.34135058008e-07, 2.06515707646e-07, 2.33176933762e-07, 2.26867669539e-07, 2.26339210485e-07, 2.18905441329e-07, 2.24615533284e-07, 2.09793768136e-07, 2.25510049745e-07, 2.2184750037e-07, 3.05292303437e-07, 4.13911948272e-07, 3.9263110807e-07, 3.42846647072e-07, 2.01464587235e-07, 1.19670431786e-07, 7.5451396242e-08, 3.82422200573e-08, 1.8891928022e-08, 8.97878749129e-09, 1.07076980616e-09, 2.00335414924e-10, 1.78902268e-10, 1.69869587147e-11, 4.54839204495e-12, 4.41243482724e-12, 4.24290247034e-12, 4.15909841289e-12, 3.9868863419e-12, 3.8287021123e-12, 3.75842672956e-12, 3.69846687998e-12, 3.45349790432e-12, 3.27656283182e-12, 3.20189643029e-12, 3.12220757061e-12, 3.04262539642e-12, 2.982746862e-12, 2.95101855279e-12, 2.88871053813e-12, 2.75922318847e-12, 2.56669446981e-12, 2.45797110963e-12, 2.4328887429e-12],
        "min": [1.45308071131e-10, 5.55449297668e-11, 2.16815627951e-12, 1.2317092333e-14, 7.65435891753e-15, 3.4226195825e-14, 2.60579775937e-14, 2.02455511123e-14, 1.89838209985e-14, 1.5931048188e-14, 9.9835123282e-15, 1.35169975121e-14, 1.24861702737e-14, 1.05030111873e-14, 1.0404590194e-14, 4.60851483656e-14, 1.11279055089e-13, 2.10015110771e-14, 2.43045753472e-14, 4.12521850447e-14, 3.85934434909e-14, 1.8390321953e-14, 1.12578589978e-14, 1.09030784008e-14, 2.6104698237e-14, 1.13298693344e-13, 5.98670418794e-14, 4.7397795324e-14, 5.20025306996e-14, 3.29282533586e-14, 2.94657046429e-14, 7.98998996306e-14, 5.63718451259e-14, 2.77538967963e-14, 4.59210984126e-14, 1.51212389506e-14, 3.68051129938e-14, 4.0511807098e-14, 1.60783150303e-14, 1.10275295636e-14, 7.3372636634e-14, 6.29559474214e-14, 5.80202051226e-14, 1.3252093887e-14, 1.65114266931e-14, 1.34162260023e-14, 2.65491093194e-14, 9.21527800899e-15, 7.02203781098e-15, 2.6770862545e-14, 1.13956297537e-14, 3.57886836215e-14, 2.60769884012e-14, 3.21775585506e-14, 2.55130491115e-14, 7.49295763646e-15, 6.24901648507e-15, 2.02800524583e-14, 5.05498658069e-14, 5.05847906694e-14, 6.25703780238e-14, 3.60564137954e-14, 3.71771942387e-14, 6.21137256213e-14, 4.91913469322e-14, 1.18783008061e-13, 9.01654307315e-14, 1.85913584468e-14, 3.37939142544e-14, 7.57329041059e-14, 8.66103047029e-14, 2.31704355003e-14, 4.69677465323e-14, 8.47979591276e-14, 8.95540491264e-14, 1.68536923783e-14, 1.73406787248e-14, 5.35646762947e-14, 8.83036861948e-14, 4.72774725998e-14, 2.42699012065e-14, 7.25710995204e-14, 2.13339681207e-13, 1.80518496202e-13, 7.11958568272e-14, 1.83887634124e-14, 8.34891170413e-14, 8.26389263552e-14, 3.36212042365e-14, 8.97200472553e-14, 9.04911589454e-14, 1.26505929213e-13, 4.7601459314e-14, 4.20957688737e-14, 3.63676408053e-14, 3.56042777726e-14, 5.43770215487e-14, 8.76751877479e-14, 1.02203605279e-13, 1.42042763185e-13, 1.20579273562e-13, 1.05735265107e-13, 8.45536680494e-14, 2.79757618303e-14, 6.57564484092e-14, 4.89574472542e-14, 4.93326591329e-14, 7.24610258948e-14, 1.50033902403e-13, 1.3796430632e-13, 1.60246490556e-13, 1.56301160166e-13, 7.42849927621e-14, 1.93056196572e-13, 1.70421009661e-13, 1.70649762767e-13, 1.60478292981e-13, 1.70934298075e-13, 1.6882740865e-13, 1.84921617407e-13, 1.75756585392e-13, 1.58041602808e-13, 9.55573781995e-14, 1.58112699366e-13, 1.27796983608e-13, 5.20972764169e-14, 7.2364159207e-15, 1.81492624643e-16],
        "stdev": [1.45530680129e-06, 1.27497050926e-05, 9.17936631595e-05, 0.000107572668639, 0.000144502482726, 0.000229109049542, 0.000107682739326, 8.56593469507e-05, 0.000141253884067, 9.84276848612e-05, 0.000110754852358, 0.000129780964926, 0.000183291151188, 0.000320292339893, 0.000651501934044, 0.000437005335698, 0.000456468114862, 0.000775622553192, 0.000418350420659, 0.000172322688741, 0.000278405932477, 0.000348268717062, 0.000982478144579, 0.0012300851522, 0.00128147203941, 0.000740972580388, 0.00170750077814, 0.00318414322101, 0.00152408855502, 0.00506862672046, 0.00154888443649, 0.000538503285497, 0.000445078709163, 0.000273537327303, 0.000158197755809, 0.000207515826332, 0.000258720567217, 0.000175310458872, 0.000743252923712, 0.000376112293452, 0.000169448321685, 0.000179366004886, 0.000374270399334, 0.00101273646578, 0.000305559398839, 0.000394945265725, 0.00035763453343, 0.000106410581793, 9.56007133937e-05, 8.06038879091e-05, 6.74653419992e-05, 5.87511785852e-05, 5.2065232012e-05, 4.5594486437e-05, 3.77546966774e-05, 3.0210132536e-05, 2.53115031228e-05, 1.77008460014e-05, 1.72731815837e-05, 1.3654880604e-05, 1.06401448647e-05, 1.16864448501e-05, 1.54963618115e-05, 1.06148136183e-05, 6.09250855632e-06, 5.565695119e-06, 4.11339806305e-06, 3.28026180796e-06, 2.73641990134e-06, 2.74396484201e-06, 2.43409749601e-06, 2.01434318114e-06, 1.74504020833e-06, 1.49373374825e-06, 1.49107427205e-06, 1.59123965204e-06, 2.18625496018e-06, 1.94276071852e-06, 2.0067245714e-06, 2.66169990937e-06, 2.46654485636e-06, 1.69879945133e-06, 1.52530583364e-06, 9.58077293944e-07, 9.48453134697e-07, 6.89588830483e-07, 6.90981039497e-07, 6.68357074574e-07, 4.65996862431e-07, 4.02058304871e-07, 3.84748375382e-07, 3.92577049979e-07, 5.29592341536e-07, 5.70045529003e-07, 8.04777641861e-07, 1.02683100067e-06, 9.19351975881e-07, 7.73655926878e-07, 4.11739875972e-07, 2.36385432117e-07, 2.07564880839e-07, 8.71068195352e-08, 4.17756673698e-08, 2.06043146989e-08, 2.78368084139e-09, 6.07796812879e-10, 5.32809463216e-10, 5.0618936126e-11, 1.16958031801e-11, 1.21223855606e-11, 1.13596484649e-11, 1.17894444207e-11, 1.04120089287e-11, 9.9141328827e-12, 1.04046883956e-11, 1.12494232679e-11, 8.51892254655e-12, 7.77281624481e-12, 7.61470140415e-12, 7.4023278826e-12, 7.27434692344e-12, 7.07828327201e-12, 6.99516226194e-12, 6.87755278075e-12, 6.80121757524e-12, 6.71576206104e-12, 6.65354446885e-12, 6.62241138663e-12]
    },
    "mfcc": {
        "mean": [-756.740844727, 145.931732178, -17.5766067505, -21.9292201996, -10.7214384079, -18.1696033478, 2.94160795212, 0.900254845619, -16.5748786926, 7.12791347504, -4.94955348969, -3.95322418213, -4.66301059723],
        "cov": [[10688.8662109, -1297.5682373, -2403.85229492, -1077.44897461, 272.447265625, -238.168746948, 44.8899383545, 164.464385986, -290.035308838, 239.860336304, -313.273376465, -484.246734619, -554.758483887], [-1297.5682373, 1195.41125488, 349.318359375, 48.5428123474, -1.28193771839, -229.553268433, 173.85345459, 36.5004196167, -94.1247787476, 17.8648357391, 21.1350765228, 3.55905866623, 36.257194519], [-2403.85229492, 349.318359375, 1106.32092285, 255.038085938, -57.8429450989, 6.94997024536, 10.2268600464, -29.7377815247, 67.2700653076, 29.1929683685, 73.0437545776, 132.07119751, 82.5221481323], [-1077.44897461, 48.5428123474, 255.038085938, 392.728515625, -0.84831649065, 163.840133667, -132.393676758, -94.3762893677, 141.452362061, -59.5712203979, 15.3888168335, 81.9398651123, 67.2911758423], [272.447265625, -1.28193771839, -57.8429450989, -0.84831649065, 275.742706299, 6.56632518768, -3.31953430176, 2.52661919594, 26.4752960205, 52.0528945923, -11.7824382782, -40.1152877808, -68.8821258545], [-238.168746948, -229.553268433, 6.94997024536, 163.840133667, 6.56632518768, 323.172637939, -102.535499573, -80.6153488159, 143.115341187, -52.2219924927, 21.9854259491, 67.3921585083, 23.0842418671], [44.8899383545, 173.85345459, 10.2268600464, -132.393676758, -3.31953430176, -102.535499573, 292.319976807, 112.388183594, -119.802940369, 40.0627174377, 8.95043087006, -55.8749427795, -13.0441255569], [164.464385986, 36.5004196167, -29.7377815247, -94.3762893677, 2.52661919594, -80.6153488159, 112.388183594, 161.932174683, -70.124710083, 21.0052165985, 8.55796051025, -44.161857605, 10.8081960678], [-290.035308838, -94.1247787476, 67.2700653076, 141.452362061, 26.4752960205, 143.115341187, -119.802940369, -70.124710083, 200.548309326, -2.26080608368, 12.2253236771, 59.4517555237, 0.439286202192], [239.860336304, 17.8648357391, 29.1929683685, -59.5712203979, 52.0528945923, -52.2219924927, 40.0627174377, 21.0052165985, -2.26080608368, 137.884155273, 4.45962524414, -6.24383306503, -40.2806091309], [-313.273376465, 21.1350765228, 73.0437545776, 15.3888168335, -11.7824382782, 21.9854259491, 8.95043087006, 8.55796051025, 12.2253236771, 4.45962524414, 86.4509658813, 43.024105072, 36.7230987549], [-484.246734619, 3.55905866623, 132.07119751, 81.9398651123, -40.1152877808, 67.3921585083, -55.8749427795, -44.161857605, 59.4517555237, -6.24383306503, 43.024105072, 128.019882202, 54.5995101929], [-554.758483887, 36.257194519, 82.5221481323, 67.2911758423, -68.8821258545, 23.0842418671, -13.0441255569, 10.8081960678, 0.439286202192, -40.2806091309, 36.7230987549, 54.5995101929, 134.92010498]],
        "icov": [[0.000303831300698, 0.000148587641888, 0.000466187280836, 0.000304461456835, 3.33864118147e-05, -3.16948571708e-05, 0.000181366180186, -0.000131913941004, 0.000171422259882, -0.000407661194913, 0.000339370628353, 6.90691376803e-05, 0.000580344523769], [0.000148587641888, 0.00132533174474, -8.00608722784e-06, -0.000381529709557, -0.000193579151528, 0.00110754952766, -0.00074523180956, 0.000359367724741, 7.40921313991e-05, 9.77824311121e-05, 2.78780353256e-05, -0.00017087602464, 0.000151332380483], [0.000466187280836, -8.00608722784e-06, 0.00208683894016, -0.000529230455868, 0.000307477923343, 0.000290381954983, -3.28428359353e-05, -0.000283736444544, 0.000198485853616, -0.00117605703417, 3.07614900521e-05, -0.000805254676379, 0.000999153242446], [0.000304461456835, -0.000381529709557, -0.000529230455868, 0.00589385116473, -0.000611264316831, -0.0016236162046, 0.00112530204933, 0.000825195631478, -0.00170802068897, 0.000838939740788, 0.00137643120252, 0.000400460179662, -0.00153371598572], [3.33864118147e-05, -0.000193579151528, 0.000307477923343, -0.000611264316831, 0.0046829204075, -0.000382544269087, 0.000353280309355, -0.000498823821545, -0.000401504774345, -0.00165416719392, -0.000585322850384, 0.00131914915983, 0.00196942011826], [-3.16948571708e-05, 0.00110754952766, 0.000290381954983, -0.0016236162046, -0.000382544269087, 0.00653780577704, -0.00124879309442, 0.0011906796135, -0.00294608576223, 0.00190364546143, -0.00111157703213, -0.00130813755095, 8.40615903144e-05], [0.000181366180186, -0.00074523180956, -3.28428359353e-05, 0.00112530204933, 0.000353280309355, -0.00124879309442, 0.00657818233594, -0.00298484251834, 0.00252403668128, -0.00139984406997, -0.000633402727544, 0.00120452104602, 0.000932776136324], [-0.000131913941004, 0.000359367724741, -0.000283736444544, 0.000825195631478, -0.000498823821545, 0.0011906796135, -0.00298484251834, 0.0102999499068, -0.00016310843057, -0.000227792639635, -0.00148315203842, 0.00264320266433, -0.00318250572309], [0.000171422259882, 7.40921313991e-05, 0.000198485853616, -0.00170802068897, -0.000401504774345, -0.00294608576223, 0.00252403668128, -0.00016310843057, 0.0105393119156, -0.00204606773332, -0.000184837088455, -0.00182979158126, 0.00211719470099], [-0.000407661194913, 9.77824311121e-05, -0.00117605703417, 0.000838939740788, -0.00165416719392, 0.00190364546143, -0.00139984406997, -0.000227792639635, -0.00204606773332, 0.01074005384, -0.00121157779358, -0.00188718899153, 0.00161770882551], [0.000339370628353, 2.78780353256e-05, 3.07614900521e-05, 0.00137643120252, -0.000585322850384, -0.00111157703213, -0.000633402727544, -0.00148315203842, -0.000184837088455, -0.00121157779358, 0.0162322390825, -0.00444236723706, -0.002349994611], [6.90691376803e-05, -0.00017087602464, -0.000805254676379, 0.000400460179662, 0.00131914915983, -0.00130813755095, 0.00120452104602, 0.00264320266433, -0.00182979158126, -0.00188718899153, -0.00444236723706, 0.0151755148545, -0.00406483979896], [0.000580344523769, 0.000151332380483, 0.000999153242446, -0.00153371598572, 0.00196942011826, 8.40615903144e-05, 0.000932776136324, -0.00318250572309, 0.00211719470099, 0.00161770882551, -0.002349994611, -0.00406483979896, 0.0140080591664]]
    },
    "spectral_contrast_coeffs": {
        "max": [-0.505704760551, -0.413722008467, -0.420889019966, -0.514736771584, -0.632866322994, -0.650730311871],
        "mean": [-0.733196675777, -0.712626338005, -0.679852366447, -0.775094509125, -0.788234114647, -0.81878143549],
        "min": [-0.943942368031, -0.959530889988, -0.951828718185, -0.935581982136, -0.932565927505, -0.918987452984],
        "stdev": [0.073124229908, 0.0908776298165, 0.121612161398, 0.0808445960283, 0.0604016557336, 0.0402725078166]
    },
    "spectral_contrast_valleys": {
        "max": [-6.66579437256, -5.44365549088, -5.13786458969, -5.29544639587, -6.39110040665, -9.16700744629],
        "mean": [-8.41953086853, -7.46781635284, -7.95297813416, -8.58728027344, -9.03476905823, -11.5333995819],
        "min": [-18.1304187775, -17.310710907, -17.2306194305, -17.3931827545, -16.2456474304, -17.6474933624],
        "stdev": [0.918644964695, 1.00022470951, 1.19936680794, 1.34180617332, 1.16803097725, 0.976969480515]
    }
},
"rhythm": {
    "beats_count": 68,
    "beats_loudness": {
        "max": 0.112579926848,
        "mean": 0.0185390710831,
        "min": 0.000164220327861,
        "stdev": 0.0208707097918
    },
    "bpm": 154.558029175,
    "bpm_histogram_first_peak_bpm": 157,
    "bpm_histogram_first_peak_weight": 0.464285731316,
    "bpm_histogram_second_peak_bpm": 152,
    "bpm_histogram_second_peak_spread": 0,
    "bpm_histogram_second_peak_weight": 0.179104477167,
    "danceability": 0.747334301472,
    "onset_rate": 2.55945611,
    "beats_loudness_band_ratio": {
        "max": [0.343623608351, 0.632442474365, 0.909441292286, 0.957954525948, 0.491453975439, 0.142474800348],
        "mean": [0.0521131157875, 0.172982096672, 0.453445315361, 0.377645403147, 0.0927916392684, 0.0116752479225],
        "min": [0.000556860701181, 0.000583594490308, 0.0345791429281, 0.00235061929561, 0.00182982278056, 0.000790696532931],
        "stdev": [0.0762406289577, 0.178929269314, 0.257164984941, 0.238676577806, 0.133974000812, 0.020403271541]
    },
