{
"metadata": {
    "version": {
        "essentia": "2.1-beta5",
        "essentia_git_sha": "Undefined",
        "extractor": "music 2.0"
    },
    "audio_properties": {
        "analysis": {
            "equal_loudness": 0,
            "length": 12.7477550507,
            "sample_rate": 44100,
            "start_time": 0,
            "downmix": "mix"
        },
        "bit_rate": 192000,
        "length": 197.532150269,
        "lossless": 0,
        "number_channels": 2,
        "replay_gain": -0.762159347534,
        "sample_rate": 44100,
        "codec": "mp3",
        "md5_encoded": "d4837ae863e424c06cbe2a25fa1ee9dc"
    },
    "tags": {
        "file_name": "Germany_Für Zwei Groschen Musik_Margot Hielscher.mp3",
        "encoding": ["Lavf58.29.100"]
    }
},
"lowlevel": {
    "average_loudness": 0.843281447887,
    "barkbands_crest": {
        "max": 24.7492389679,
        "mean": 8.70214748383,
        "min": 2.81648159027,
        "stdev": 4.23321533203
    },
    "barkbands_flatness_db": {
        "max": 0.33165755868,
        "mean": 0.16413782537,
        "min": 0.0557688958943,
        "stdev": 0.0623105950654
    },
    "barkbands_kurtosis": {
        "max": 61.524559021,
        "mean": 3.51684737206,
        "min": -1.75116896629,
        "stdev": 5.78078889847
    },
    "barkbands_skewness": {
        "max": 6.7272233963,
        "mean": 0.875557720661,
        "min": -2.12815928459,
        "stdev": 1.25157737732
    },
    "barkbands_spread": {
        "max": 69.2430877686,
        "mean": 14.3720741272,
        "min": 1.18924295902,
        "stdev": 11.2641954422
    },
    "dissonance": {
        "max": 0.499771505594,
        "mean": 0.448714107275,
        "min": 0.186137869954,
        "stdev": 0.0552547462285
    },
    "dynamic_complexity": 7.83104419708,
    "erbbands_crest": {
        "max": 25.486661911,
        "mean": 9.37866020203,
        "min": 2.9603600502,
        "stdev": 3.81096363068
    },
    "erbbands_flatness_db": {
        "max": 0.366318255663,
        "mean": 0.222395628691,
        "min": 0.0899504423141,
        "stdev": 0.0498666763306
    },
    "erbbands_kurtosis": {
        "max": 17.4905166626,
        "mean": 1.41810834408,
        "min": -1.85643088818,
        "stdev": 2.33229732513
    },
    "erbbands_skewness": {
        "max": 3.15789890289,
        "mean": 0.439369946718,
        "min": -2.40786647797,
        "stdev": 0.780827522278
    },
    "erbbands_spread": {
        "max": 96.5612716675,
        "mean": 22.3440723419,
        "min": 3.50950193405,
        "stdev": 14.5560531616
    },
    "hfc": {
        "max": 222.17868042,
        "mean": 7.43788719177,
        "min": 1.12230025862e-16,
        "stdev": 20.6979217529
    },
    "loudness_ebu128": {
        "integrated": -26.5294284821,
        "loudness_range": 6.7108039856,
        "momentary": {
            "max": -19.0747489929,
            "mean": -31.430934906,
            "min": -43.6327056885,
            "stdev": 6.19708967209
        },
        "short_term": {
            "max": -24.2379722595,
            "mean": -28.0120067596,
            "min": -35.8102645874,
            "stdev": 2.61090540886
        }
    },
    "melbands_crest": {
        "max": 27.4944915771,
        "mean": 10.2946310043,
        "min": 1.76402676105,
        "stdev": 5.20774698257
    },
    "melbands_flatness_db": {
        "max": 0.401371687651,
        "mean": 0.211702913046,
        "min": 0.00203713797964,
        "stdev": 0.0875260606408
    },
    "melbands_kurtosis": {
        "max": 65.6156234741,
        "mean": 5.60540342331,
        "min": -1.69496762753,
        "stdev": 8.29181194305
    },
    "melbands_skewness": {
        "max": 6.19076395035,
        "mean": 1.34161162376,
        "min": -0.955103993416,
        "stdev": 1.3480130434
    },
    "melbands_spread": {
        "max": 137.215301514,
        "mean": 22.908367157,
        "min": 1.3959594965,
        "stdev": 20.6169986725
    },
    "pitch_salience": {
        "max": 0.906597137451,
        "mean": 0.694422781467,
        "min": 0.280290931463,
        "stdev": 0.110225193202
    },
    "silence_rate_20dB": {
        "max": 1,
        "mean": 1,
        "min": 1,
        "stdev": 0
    },
    "silence_rate_30dB": {
        "max": 1,
        "mean": 0.985454559326,
        "min": 0,
        "stdev": 0.119724154472
    },
    "silence_rate_60dB": {
        "max": 1,
        "mean": 0.669090926647,
        "min": 0,
        "stdev": 0.470539480448
    },
    "spectral_centroid": {
        "max": 11331.5146484,
        "mean": 1232.21398926,
        "min": 289.017364502,
        "stdev": 1012.03485107
    },
    "spectral_complexity": {
        "max": 30,
        "mean": 5.93272733688,
        "min": 0,
        "stdev": 5.16536045074
    },
    "spectral_decrease": {
        "max": 1.77668986397e-19,
        "mean": -2.44389464221e-09,
        "min": -5.49773417902e-08,
        "stdev": 5.91508708681e-09
    },
    "spectral_energy": {
        "max": 0.227649584413,
        "mean": 0.00989846326411,
        "min": 1.05507993808e-20,
        "stdev": 0.0241646301001
    },
    "spectral_energyband_high": {
        "max": 0.00117863819469,
        "mean": 3.34345204465e-05,
        "min": 7.58436572212e-21,
        "stdev": 9.72061825451e-05
    },
    "spectral_energyband_low": {
        "max": 0.00413357513025,
        "mean": 0.000380410958314,
        "min": 4.17085370294e-23,
        "stdev": 0.000608669186477
    },
    "spectral_energyband_middle_high": {
        "max": 0.110172405839,
        "mean": 0.00315447105095,
        "min": 1.59755273861e-21,
        "stdev": 0.0110621824861
    },
    "spectral_energyband_middle_low": {
        "max": 0.121339030564,
        "mean": 0.00671127671376,
        "min": 2.48558635907e-22,
        "stdev": 0.0154236685485
    },
    "spectral_entropy": {
        "max": 9.80140113831,
        "mean": 7.25258016586,
        "min": 5.86374282837,
        "stdev": 0.602953135967
    },
    "spectral_flux": {
        "max": 0.366312325001,
        "mean": 0.0466623827815,
        "min": 6.72483319031e-11,
        "stdev": 0.0552902556956
    },
    "spectral_kurtosis": {
        "max": 44.8180274963,
        "mean": 10.212556839,
        "min": -1.20606195927,
        "stdev": 7.25960254669
    },
    "spectral_rms": {
        "max": 0.0149029241875,
        "mean": 0.00210184557363,
        "min": 3.20834266272e-12,
        "stdev": 0.00228894711472
    },
    "spectral_rolloff": {
        "max": 19143.0175781,
        "mean": 1611.4666748,
        "min": 258.3984375,
        "stdev": 1970.36645508
    },
    "spectral_skewness": {
        "max": 5.44793653488,
        "mean": 2.20671510696,
        "min": -0.0203560572118,
        "stdev": 0.857207894325
    },
    "spectral_spread": {
        "max": 40363300,
        "mean": 3208145.25,
        "min": 1235760.625,
        "stdev": 2894371.5
    },
    "spectral_strongpeak": {
        "max": 8.73123073578,
        "mean": 0.65144854784,
        "min": 0,
        "stdev": 1.19366586208
    },
    "zerocrossingrate": {
        "max": 0.5205078125,
        "mean": 0.0553284808993,
        "min": 0.009765625,
        "stdev": 0.0516603961587
    },
    "barkbands": {
        "max": [0.000126572311274, 0.000833702157252, 0.00250269426033, 0.00621345918626, 0.0382394865155, 0.0316886231303, 0.032890368253, 0.0439877584577, 0.0936611294746, 0.0613506101072, 0.0310631617904, 0.0484091117978, 0.0837862417102, 0.0125686218962, 0.00255732820369, 0.0027868275065, 0.00218033697456, 0.00101718259975, 0.000806015683338, 0.000423529942054, 0.00034214896732, 9.91676133708e-05, 0.000451475585578, 0.000174968983629, 2.67210853053e-05, 1.08643143903e-06, 2.1928261873e-08],
        "mean": [9.31944032345e-06, 6.16003089817e-05, 0.000148720311699, 0.000421932607424, 0.00102814531419, 0.00104198092595, 0.000631924311165, 0.00126429577358, 0.00194469327107, 0.000908207264729, 0.000419438671088, 0.00072680041194, 0.00071272009518, 0.000145919839269, 7.3117451393e-05, 0.000115865579573, 0.000102730533399, 4.69790320494e-05, 4.3830514187e-05, 2.5413084586e-05, 1.10000592031e-05, 3.19346236211e-06, 6.39035306449e-06, 3.13910300065e-06, 1.02910848909e-06, 8.33206428297e-08, 5.41816147503e-10],
        "min": [5.07876697163e-24, 2.22973270355e-23, 9.17685046487e-24, 1.70674612516e-24, 1.56244883223e-23, 3.60320738157e-23, 2.47817497932e-23, 4.11170617445e-23, 6.79154460894e-23, 5.90988589336e-23, 3.69537031668e-23, 1.78070644986e-23, 1.14749764623e-22, 5.66728592146e-23, 8.83002051037e-23, 1.43237412555e-22, 8.79593667056e-23, 2.11096338338e-22, 2.29427989028e-22, 2.54852433267e-22, 3.57036325245e-22, 3.53437604904e-22, 3.91729695794e-22, 8.49089387727e-22, 1.11530654247e-21, 1.42285879695e-21, 2.14985089386e-21],
        "stdev": [1.43199231388e-05, 9.33105111471e-05, 0.000293775112368, 0.000964726146776, 0.00293879816309, 0.0027603819035, 0.00232661375776, 0.00476784165949, 0.00911947432905, 0.00451693078503, 0.00205823802389, 0.00336546753533, 0.00460035772994, 0.000697346345987, 0.000193961255718, 0.000325785571476, 0.000251397548709, 0.000120569959108, 0.00010543053213, 5.89103947277e-05, 3.5451441363e-05, 8.24290509627e-06, 2.76431164821e-05, 1.25705446408e-05, 2.42766327574e-06, 8.03533524163e-08, 1.41287792577e-09]
    },
    "erbbands": {
        "max": [0.0165207553655, 0.257758408785, 2.00580668449, 10.561466217, 44.7385025024, 227.046432495, 139.295928955, 314.705749512, 169.977584839, 651.160888672, 1158.14416504, 2103.96044922, 2169.59375, 1334.05981445, 750.415405273, 2464.32324219, 4264.74365234, 760.666381836, 212.208251953, 155.794952393, 175.161468506, 115.360229492, 56.3741874695, 56.268737793, 51.7077674866, 19.3838233948, 19.5905990601, 10.2170095444, 3.96058773994, 5.38667631149, 15.8421316147, 7.57575559616, 1.08151531219, 0.313809841871, 0.20192322135, 0.0100114643574, 0.000279792264337, 3.58326069545e-05, 0.000122937490232, 0.000271199824056],
        "mean": [0.000915238109883, 0.0189208835363, 0.143892899156, 0.810664951801, 2.20004916191, 3.9950594902, 6.26275539398, 8.55716609955, 6.50388383865, 16.4562969208, 31.6660289764, 38.5557441711, 47.536365509, 20.7731571198, 16.1044216156, 34.3380966187, 33.0031204224, 12.2003622055, 4.50237846375, 4.70550203323, 7.33184862137, 5.33246183395, 2.82923412323, 2.1205098629, 2.17921733856, 1.21141302586, 0.595440268517, 0.30036431551, 0.118667021394, 0.167951464653, 0.174674808979, 0.101700738072, 0.0310004111379, 0.0135580198839, 0.00626908196136, 0.00106322730426, 3.60058256774e-05, 2.80871790892e-06, 5.36351080882e-06, 1.15819930215e-05],
        "min": [6.61278898025e-22, 3.4773263352e-21, 8.57147895962e-21, 7.4115229404e-21, 2.03842021416e-20, 8.48930292784e-20, 1.11639410322e-19, 2.81913208172e-19, 2.38349560267e-19, 7.84140130535e-19, 9.83027540415e-19, 1.47675014135e-18, 1.63302358422e-18, 2.15711519077e-18, 1.65030421439e-18, 1.17727384667e-18, 6.7114556314e-18, 3.86062149081e-18, 4.51830741918e-18, 5.13107537233e-18, 7.0905070112e-18, 5.16626280841e-18, 1.0731803217e-17, 1.1709768929e-17, 1.0966324637e-17, 1.15848869904e-17, 1.40847914105e-17, 1.11415570596e-17, 1.21017805746e-17, 1.42242987295e-17, 1.15878267903e-17, 1.88272660164e-17, 1.25474952672e-17, 1.15136030467e-17, 8.66247856576e-18, 5.26129469385e-18, 2.52869754322e-18, 1.03521529584e-18, 3.14544682006e-19, 3.12503762479e-20],
        "stdev": [0.00125549093354, 0.0283276252449, 0.255999624729, 1.65136015415, 5.59688901901, 15.1804475784, 17.6651916504, 25.139043808, 16.2783107758, 58.2297325134, 120.515388489, 167.188018799, 218.344604492, 87.9466247559, 65.3134765625, 161.646514893, 220.584152222, 58.8289375305, 13.7071228027, 12.548789978, 20.3832130432, 12.5572414398, 6.951836586, 5.31578683853, 5.43681764603, 2.74909520149, 1.88487493992, 1.00971579552, 0.325504720211, 0.493265360594, 0.872053384781, 0.499161094427, 0.0839693322778, 0.0326307378709, 0.0149138942361, 0.00108736939728, 3.72055947082e-05, 4.32003980677e-06, 1.27128305394e-05, 2.83442113869e-05]
    },
    "gfcc": {
        "mean": [-160.325500488, 128.984680176, -147.647323608, 16.1455307007, -67.7697677612, 8.27023124695, -45.8769836426, 6.38593816757, -22.9448337555, -7.92251873016, -7.25946712494, -10.0604820251, -1.13985097408],
        "cov": [[14204.4609375, 1718.08508301, -2053.13134766, 25.6645088196, -396.836181641, -383.380432129, -199.868713379, -146.343017578, -138.474853516, -578.96685791, 140.359085083, -361.699127197, -206.779510498], [1718.08508301, 1310.09558105, 317.416381836, -509.788299561, 21.2795352936, -467.778503418, -68.0111694336, 27.0778064728, -92.8572998047, -257.851806641, 33.3668022156, -73.301361084, -93.2061004639], [-2053.13134766, 317.416381836, 1066.32946777, 6.91815567017, -70.3970184326, -267.626495361, -42.0293807983, 57.7150421143, -78.6734924316, -28.9144744873, -35.6429405212, 4.68360280991, 5.3461356163], [25.6645088196, -509.788299561, 6.91815567017, 708.958190918, -12.6681728363, 85.1252441406, -99.5575256348, -49.3432006836, 6.32159328461, 77.1395721436, -34.6130332947, 8.32089805603, 62.5271873474], [-396.836181641, 21.2795352936, -70.3970184326, -12.6681728363, 269.639099121, 8.09822750092, -20.9423427582, -25.539440155, 34.5741920471, -32.3212585449, -4.64604282379, 15.6393585205, -5.08665704727], [-383.380432129, -467.778503418, -267.626495361, 85.1252441406, 8.09822750092, 431.205047607, 54.8750495911, -1.11677575111, 38.3419837952, 158.584533691, -35.5223236084, 54.0025024414, 45.5409812927], [-199.868713379, -68.0111694336, -42.0293807983, -99.5575256348, -20.9423427582, 54.8750495911, 198.120849609, 71.2824630737, 2.07162284851, -9.63623523712, 21.2652950287, -11.1054725647, -21.5060501099], [-146.343017578, 27.0778064728, 57.7150421143, -49.3432006836, -25.539440155, -1.11677575111, 71.2824630737, 131.628112793, 19.0005149841, 15.2073945999, -2.46002936363, 0.143121391535, -9.19285869598], [-138.474853516, -92.8572998047, -78.6734924316, 6.32159328461, 34.5741920471, 38.3419837952, 2.07162284851, 19.0005149841, 81.2066116333, 29.9603900909, -3.87292909622, 4.89420318604, -0.0624219067395], [-578.96685791, -257.851806641, -28.9144744873, 77.1395721436, -32.3212585449, 158.584533691, -9.63623523712, 15.2073945999, 29.9603900909, 168.385528564, -7.95525789261, 24.5495319366, 24.9459075928], [140.359085083, 33.3668022156, -35.6429405212, -34.6130332947, -4.64604282379, -35.5223236084, 21.2652950287, -2.46002936363, -3.87292909622, -7.95525789261, 69.0032730103, -6.05882263184, -29.6395969391], [-361.699127197, -73.301361084, 4.68360280991, 8.32089805603, 15.6393585205, 54.0025024414, -11.1054725647, 0.143121391535, 4.89420318604, 24.5495319366, -6.05882263184, 76.7931137085, 33.4341239929], [-206.779510498, -93.2061004639, 5.3461356163, 62.5271873474, -5.08665704727, 45.5409812927, -21.5060501099, -9.19285869598, -0.0624219067395, 24.9459075928, -29.6395969391, 33.4341239929, 72.8103256226]],
        "icov": [[0.000609845039435, -0.00152322940994, 0.00164651556406, -0.00117289857008, 0.00148381455801, -0.000600107596256, 0.000451758387499, -0.000291494186968, 0.000149744315422, 0.00125614914577, -0.000266116840066, 0.00111432687845, 0.00019375255215], [-0.00152322940994, 0.00628339871764, -0.004292442929, 0.00449856789783, -0.00393844209611, 0.00257209199481, 0.000805864285212, -0.000603335036431, 0.00133687385824, -0.00143266888335, 0.000667755492032, -0.00190301507246, 8.51452277857e-05], [0.00164651556406, -0.004292442929, 0.00589969567955, -0.00336633250117, 0.00406145025045, -0.000307133072056, 0.000938761862926, -0.00128295517061, 0.00167096604127, 0.00219376361929, 0.000751852872781, 0.00207952526398, 0.000831040204503], [-0.00117289857008, 0.00449856789783, -0.00336633250117, 0.00496381660923, -0.00296687777154, 0.00153055752162, 0.0010928689735, -3.34553988068e-05, 0.000725221820176, -0.00174508965574, 0.000419270072598, -0.00075918098446, -0.00131609360687], [0.00148381455801, -0.00393844209611, 0.00406145025045, -0.00296687777154, 0.0080905770883, -0.00198637624271, 0.00131541746669, 0.00028447425575, -0.00219602929428, 0.00458595482633, -0.00026612408692, 0.00129509344697, 0.00137792457826], [-0.000600107596256, 0.00257209199481, -0.000307133072056, 0.00153055752162, -0.00198637624271, 0.00729341758415, -0.00260822102427, 0.00121641310398, 0.00130740529858, -0.00595047743991, 0.00431640865281, -0.00366202206351, 0.000457577669295], [0.000451758387499, 0.000805864285212, 0.000938761862926, 0.0010928689735, 0.00131541746669, -0.00260822102427, 0.0104331430048, -0.00601772638038, 0.00202611926943, 0.00518022011966, -0.0037552814465, 0.0035414583981, 0.000424270343501], [-0.000291494186968, -0.000603335036431, -0.00128295517061, -3.34553988068e-05, 0.00028447425575, 0.00121641310398, -0.00601772638038, 0.0124309314415, -0.00427050050348, -0.00359307718463, 0.00273030484095, -0.00249912193976, 0.0010602469556], [0.000149744315422, 0.00133687385824, 0.00167096604127, 0.000725221820176, -0.00219602929428, 0.00130740529858, 0.00202611926943, -0.00427050050348, 0.0177098605782, -0.00202833325602, 0.00148951332085, 0.000606365560088, 0.00151728047058], [0.00125614914577, -0.00143266888335, 0.00219376361929, -0.00174508965574, 0.00458595482633, -0.00595047743991, 0.00518022011966, -0.00359307718463, -0.00202833325602, 0.0160888228565, -0.00434383377433, 0.00357318692841, -0.00073340930976], [-0.000266116840066, 0.000667755492032, 0.000751852872781, 0.000419270072598, -0.00026612408692, 0.00431640865281, -0.0037552814465, 0.00273030484095, 0.00148951332085, -0.00434383377433, 0.021712269634, -0.00509015051648, 0.00886644050479], [0.00111432687845, -0.00190301507246, 0.00207952526398, -0.00075918098446, 0.00129509344697, -0.00366202206351, 0.0035414583981, -0.00249912193976, 0.000606365560088, 0.00357318692841, -0.00509015051648, 0.0214990470558, -0.00882872659713], [0.00019375255215, 8.51452277857e-05, 0.000831040204503, -0.00131609360687, 0.00137792457826, 0.000457577669295, 0.000424270343501, 0.0010602469556, 0.00151728047058, -0.00073340930976, 0.00886644050479, -0.00882872659713, 0.0234480369836]]
    },
    "melbands": {
        "max": [0.000187157580513, 0.000685915816575, 0.00242528924718, 0.00769708584994, 0.00629717297852, 0.00655358610675, 0.00412281183526, 0.00826561544091, 0.0110318632796, 0.0117594124749, 0.0108230337501, 0.00467534130439, 0.00222772103734, 0.00494476594031, 0.00744162360206, 0.00566429691389, 0.00132636213675, 0.000446400808869, 0.000227405325859, 0.000141468728543, 0.000220676636673, 0.000146955761011, 7.49335013097e-05, 5.28126220161e-05, 4.97398759762e-05, 3.44865038642e-05, 3.38653335348e-05, 1.28070059873e-05, 1.37682691275e-05, 8.68630559125e-06, 6.65263542032e-06, 2.52237578025e-06, 1.56776820859e-06, 4.482091299e-06, 9.91578781395e-06, 7.22902950656e-06, 3.46658703165e-06, 8.01733676781e-07, 2.1178136933e-07, 3.03012711811e-07],
        "mean": [1.32387067424e-05, 6.30024587736e-05, 0.000185316457646, 0.000210948463064, 0.000217166074435, 0.000189777929336, 0.000112583322334, 0.000197057888727, 0.000257693376625, 0.000264380505541, 0.000236908148509, 8.39165077196e-05, 5.06162177771e-05, 7.72071798565e-05, 9.19543308555e-05, 5.63997928111e-05, 1.87142941286e-05, 7.28592522137e-06, 5.90625450059e-06, 6.29857004242e-06, 9.34419222176e-06, 5.93934237259e-06, 3.76552816306e-06, 1.74480965143e-06, 1.70677913047e-06, 1.56549140229e-06, 1.41265491038e-06, 6.43113878596e-07, 3.92750735045e-07, 2.47517931484e-07, 1.48816184264e-07, 6.50916263112e-08, 5.68130396061e-08, 1.10436822354e-07, 1.11817989534e-07, 7.37571781428e-08, 5.72513698671e-08, 2.33251196136e-08, 1.18870193688e-08, 1.10223057348e-08],
        "min": [7.02191834122e-24, 4.15965290361e-24, 2.47623793136e-24, 3.66667321355e-24, 4.11801406402e-24, 7.22869929486e-24, 4.1024387943e-24, 9.01635986915e-24, 9.43948040402e-24, 8.74341320708e-24, 8.20268297757e-24, 8.62957190099e-24, 6.51669474105e-24, 2.23191429838e-24, 7.35718107049e-24, 9.82703830043e-24, 5.15680109237e-24, 7.18326011786e-24, 6.182437415e-24, 9.24204981869e-24, 7.50864473088e-24, 5.53322303381e-24, 7.0657032769e-24, 9.93050293017e-24, 9.60857352792e-24, 8.67712206977e-24, 5.76983989017e-24, 7.34501841306e-24, 8.14289205412e-24, 9.62570522019e-24, 5.64110331247e-24, 5.31796379758e-24, 9.39444985697e-24, 7.49967774897e-24, 6.2009578969e-24, 7.64705510987e-24, 1.07259886893e-23, 8.08167565901e-24, 1.07909624289e-23, 8.01607635272e-24],
        "stdev": [1.80444931175e-05, 9.98271934805e-05, 0.000383409234928, 0.000579996441957, 0.000595911755227, 0.000531658355612, 0.00031896942528, 0.000690058222972, 0.00102796696592, 0.00119346182328, 0.00110506732017, 0.000344602100085, 0.000214925370528, 0.00035371305421, 0.000467544974526, 0.000351067865267, 9.16916324059e-05, 2.65677244897e-05, 1.66497429746e-05, 1.64014963957e-05, 2.62108878815e-05, 1.48498411363e-05, 9.59579574555e-06, 4.57926989839e-06, 4.59878538095e-06, 4.20691458203e-06, 3.44067484548e-06, 1.65463961821e-06, 1.28869760374e-06, 8.34955187656e-07, 5.2781172144e-07, 1.87774091387e-07, 1.51654532488e-07, 3.46196685541e-07, 5.63106141271e-07, 4.32349310131e-07, 2.51484379987e-07, 6.24879206157e-08, 2.37169466288e-08, 2.84169168197e-08]
    },
    "melbands128": {
        "max": [6.77366842865e-05, 7.93524450273e-05, 0.000338549405569, 0.00053686730098, 0.00102409860119, 0.00149898207746, 0.00250542908907, 0.00432584853843, 0.00629309145734, 0.00447147339582, 0.0177258234471, 0.0129062822089, 0.00632970314473, 0.00965670123696, 0.0109925102443, 0.0083415908739, 0.0039858231321, 0.00256664445624, 0.0127733126283, 0.00827015936375, 0.0141887702048, 0.0150201134384, 0.0186936464161, 0.0327547267079, 0.0187219120562, 0.0250238776207, 0.0358663238585, 0.0182633176446, 0.0167102590203, 0.00220115855336, 0.0100708678365, 0.00642280979082, 0.00188446440734, 0.00326662207954, 0.00726529443637, 0.00770019926131, 0.0120117496699, 0.00603735866025, 0.0216594804078, 0.010810286738, 0.00854785367846, 0.0031985368114, 0.00264730257913, 0.00133804220241, 0.00132129446138, 0.000307482114295, 9.70730252448e-05, 0.000250453711487, 0.000587090384215, 0.000319184997352, 0.000172632106114, 0.000202176481253, 0.000519874738529, 0.000318357109791, 0.000235967294429, 0.000181537441676, 0.000119540643936, 0.000100588214991, 9.68052045209e-05, 5.30345096195e-05, 7.27888182155e-05, 6.43839885015e-05, 6.01488536631e-05, 5.79914885748e-05, 5.5495343986e-05, 4.91739046993e-05, 4.82408395328e-05, 5.88505790802e-05, 3.51730923285e-05, 2.18581208173e-05, 2.04473872145e-05, 1.75822460733e-05, 1.56771184265e-05, 2.10101898119e-05, 1.67137877725e-05, 1.04784503492e-05, 1.15926532089e-05, 9.50878893491e-06, 8.12180223875e-06, 3.15481975122e-06, 3.57176213583e-06, 1.92675906874e-06, 1.83265944997e-06, 2.13708358388e-06, 2.04056595976e-06, 3.17755325341e-06, 5.09325354869e-06, 8.38125288283e-06, 1.16185547085e-05, 1.31553106257e-05, 6.53429378872e-06, 8.266554687e-06, 7.51840116209e-06, 4.02826981372e-06, 2.47375714935e-06, 9.26222639919e-07, 7.40250868603e-07, 2.77882747923e-07, 2.31306728438e-07, 3.02328516e-07, 3.16549858326e-07, 3.48175035469e-07, 4.72484600778e-07, 5.09920766945e-07, 2.79987943941e-07, 9.75213723109e-08, 4.45524115378e-08, 4.91624909671e-08, 1.78796817352e-08, 4.99793406661e-09, 1.29141086713e-10, 1.24533203194e-10, 1.2046912079e-10, 1.15953732727e-10, 1.11921819035e-10, 1.08730080495e-10, 1.0570241904e-10, 1.02116766432e-10, 9.97614491016e-11, 9.67752544767e-11, 9.45320557943e-11, 9.26366830467e-11, 9.10176864433e-11, 8.94971319276e-11, 8.84008630186e-11, 8.68758884276e-11, 8.61608007163e-11, 8.58542612003e-11],
        "mean": [4.91450555273e-06, 4.2973501877e-06, 1.48836033986e-05, 3.34277610818e-05, 5.68782743358e-05, 7.84658041084e-05, 0.000143886281876, 0.000237437081523, 0.000231222235016, 0.000166685233125, 0.00024937823764, 0.000201934599318, 0.00020299848984, 0.000249892676948, 0.00020823511295, 0.000167365171365, 7.70453043515e-05, 8.07890246506e-05, 0.000184363190783, 0.000172403713805, 0.000208050070796, 0.000268780248007, 0.000300978892483, 0.000195295302547, 0.000193529194803, 0.000314567325404, 0.000374268827727, 0.000214542771573, 0.000164675439009, 5.61213200854e-05, 8.25948663987e-05, 7.41392505006e-05, 3.13081000058e-05, 5.28052805748e-05, 4.91464052175e-05, 9.46505824686e-05, 0.000112426489068, 6.69766886858e-05, 0.000120830103697, 5.73300640099e-05, 5.27679476363e-05, 3.28919595631e-05, 1.63124623214e-05, 1.28833144117e-05, 9.52287336986e-06, 6.44109650239e-06, 4.04662114306e-06, 5.88719740335e-06, 6.40402276986e-06, 6.83060352458e-06, 5.69007625018e-06, 5.56171789867e-06, 1.06328434413e-05, 1.0664223737e-05, 8.47509090818e-06, 4.99219959238e-06, 4.13475527239e-06, 4.39818586528e-06, 4.00189037464e-06, 1.78278025942e-06, 1.47563787323e-06, 1.75518789547e-06, 1.77814365543e-06, 1.77763047304e-06, 1.38612892897e-06, 1.41283294397e-06, 1.80711185749e-06, 1.7131221739e-06, 1.31956414862e-06, 1.06057177618e-06, 6.70706810979e-07, 3.92989278453e-07, 3.94172047891e-07, 4.18865965912e-07, 3.65283710835e-07, 2.52330892181e-07, 1.95401455017e-07, 1.83437762757e-07, 1.58745180556e-07, 1.00581758034e-07, 6.91219099735e-08, 4.92474612201e-08, 4.90806222331e-08, 5.14637719107e-08, 6.22180138521e-08, 1.08468739768e-07, 1.27061511535e-07, 1.20105298151e-07, 1.27732718624e-07, 9.18973626085e-08, 6.72942022106e-08, 8.05524607017e-08, 6.31844585541e-08, 6.56119851783e-08, 4.6431051004e-08, 2.9296202797e-08, 1.85701480859e-08, 1.36414906038e-08, 1.07394058091e-08, 1.22026539984e-08, 1.09938849135e-08, 1.13726796869e-08, 1.01015347198e-08, 9.80021752639e-09, 7.52327178333e-09, 5.15246689758e-09, 3.49982043346e-09, 2.55411691796e-09, 1.91982296727e-09, 1.99613936491e-10, 2.90780290471e-12, 2.81662562197e-12, 2.77791570129e-12, 2.67704326588e-12, 2.6129042506e-12, 2.60020022007e-12, 2.51201988898e-12, 2.43779063776e-12, 2.39582117166e-12, 2.38945647123e-12, 2.34531101137e-12, 2.32355064009e-12, 2.29628382281e-12, 2.22832017595e-12, 2.23234256601e-12, 2.23738150402e-12, 2.23668674727e-12, 2.23730235727e-12],
        "min": [3.37120378378e-24, 6.01854249004e-24, 5.89307613522e-24, 3.41664256635e-24, 3.48711466646e-24, 4.22226676581e-24, 7.45338758827e-25, 1.14873086854e-24, 1.41146266935e-24, 3.57932816754e-24, 6.21379818586e-24, 2.11702735716e-24, 1.11937232526e-24, 5.90292664134e-24, 2.31024739741e-24, 5.73962967295e-24, 2.94667848485e-24, 9.37593923583e-25, 8.13519671599e-24, 7.80504974969e-24, 3.9031472861e-24, 4.83992276649e-24, 7.30957568145e-24, 7.95136057064e-24, 6.58291685303e-24, 4.30705905793e-24, 4.88435259596e-24, 7.56351631772e-24, 5.978635989e-24, 5.89919256825e-24, 7.22672162057e-24, 4.79800743115e-24, 5.77578119608e-24, 5.1086825493e-24, 2.43225420273e-24, 1.30920598286e-24, 1.69539382509e-24, 2.91059500097e-24, 1.05343183663e-23, 1.19463312661e-23, 5.14163405818e-24, 4.14259023666e-24, 3.18644171294e-24, 5.74738654223e-24, 5.2164389768e-24, 7.77541303434e-24, 4.8396017001e-24, 5.31084630007e-24, 4.18147161296e-24, 4.37521111811e-24, 6.37688965599e-24, 1.02872786852e-23, 7.13178378835e-24, 8.00148715914e-24, 5.42239635966e-24, 3.54710438286e-24, 1.81211900944e-24, 3.37221668118e-24, 8.94712391408e-24, 1.46364589712e-23, 5.84093203495e-24, 9.96605925775e-24, 1.01218237878e-23, 6.14960384083e-24, 1.0259773472e-23, 9.9400063375e-24, 7.94504100593e-24, 3.35944147325e-24, 3.86786982085e-24, 8.25950541744e-24, 6.42794946694e-24, 6.25956276798e-24, 7.68208053406e-24, 9.35416904143e-24, 4.15868260469e-24, 1.2478552053e-23, 6.65223445521e-24, 4.09285452874e-24, 3.87959742149e-24, 4.83738105665e-24, 3.91755425281e-24, 2.78951037404e-24, 8.96929958299e-24, 9.68785483775e-24, 6.27924129769e-24, 7.43747606659e-24, 6.2320666267e-24, 6.52672274088e-24, 6.19565438504e-24, 5.44016071839e-24, 6.49767136032e-24, 9.19501083177e-24, 9.36473188895e-24, 9.2182656624e-24, 7.63222373599e-24, 9.21163923079e-24, 7.09464500579e-24, 5.60528705522e-24, 1.10645188804e-23, 1.02854800823e-23, 8.33922533393e-24, 6.95563035935e-24, 8.0632715341e-24, 9.43601730465e-24, 9.74989874795e-24, 6.89318176351e-24, 1.29826917583e-23, 6.28381314107e-24, 7.62843247048e-24, 6.98700809072e-24, 6.4480082276e-24, 7.5729621382e-24, 6.58538440994e-24, 1.0005439983e-23, 6.23103124676e-24, 6.8143903363e-24, 5.56872295783e-24, 5.31064790155e-24, 1.10958335029e-23, 1.22211932824e-23, 8.48749647424e-24, 7.20829146324e-24, 5.22319123172e-24, 7.51037312512e-24, 6.53061813603e-24, 7.03969453286e-24, 8.04238644163e-24, 8.07355039169e-24],
        "stdev": [6.74357579555e-06, 6.61789090373e-06, 2.48922551691e-05, 5.59994587093e-05, 0.000119124182675, 0.000158931507031, 0.000339573045494, 0.000585575122386, 0.000732813903596, 0.000494451378472, 0.00114678952377, 0.00086867675418, 0.000702821940649, 0.00086192029994, 0.0007300543366, 0.000685596896801, 0.000285985559458, 0.000263979687588, 0.00084698246792, 0.000741635623854, 0.00109622965101, 0.00117563758977, 0.00148012198042, 0.00154291233048, 0.00126239808742, 0.00172915507574, 0.00262582534924, 0.0012402565917, 0.00109432591125, 0.000217278997297, 0.000529190700036, 0.000463776726974, 0.000150721491082, 0.000280345615465, 0.000359476049198, 0.000515829888172, 0.000722439959645, 0.000345226493664, 0.00109178829007, 0.000519425258972, 0.000443705474027, 0.000214235886233, 0.000122223238577, 6.90318192937e-05, 6.02653635724e-05, 2.55082813965e-05, 8.54401696415e-06, 1.90536175069e-05, 2.90863754344e-05, 2.21839745791e-05, 1.5490446458e-05, 1.68214228324e-05, 4.52882995887e-05, 3.28442729369e-05, 2.49641016126e-05, 1.38881241583e-05, 1.15521206681e-05, 1.2287187019e-05, 1.16048249765e-05, 5.11207144882e-06, 4.37878179582e-06, 5.60451917408e-06, 5.65873506275e-06, 5.27718566445e-06, 4.04364573114e-06, 4.45491286882e-06, 5.28324153493e-06, 5.20705498275e-06, 3.47377226717e-06, 2.73779005511e-06, 1.99377632271e-06, 1.36048799959e-06, 1.38507391512e-06, 1.53693747507e-06, 1.49855111431e-06, 8.81116420715e-07, 7.74498971623e-07, 7.79710376264e-07, 5.8484698684e-07, 2.86017581175e-07, 2.35693434547e-07, 1.35898957865e-07, 1.36041407472e-07, 1.70682127987e-07, 1.74207045234e-07, 3.12834458782e-07, 3.87764515608e-07, 5.52647634322e-07, 7.12427720373e-07, 5.95126266489e-07, 3.98953545755e-07, 5.07357242441e-07, 3.90727933564e-07, 2.72681887736e-07, 1.81476451644e-07, 8.49909653766e-08, 4.77196380189e-08, 2.69550390897e-08, 2.04768468848e-08, 2.94514350685e-08, 2.75971014929e-08, 3.10677243931e-08, 3.01119627011e-08, 3.11184464863e-08, 1.98687732933e-08, 9.04066688179e-09, 4.22879375961e-09, 3.05265435152e-09, 2.01841365843e-09, 3.81046721953e-10, 8.40907638661e-12, 8.05929108172e-12, 7.77720249312e-12, 7.50475809969e-12, 7.2426565613e-12, 7.01547066967e-12, 6.80481625909e-12, 6.60335588293e-12, 6.42905563855e-12, 6.24831566695e-12, 6.0957272216e-12, 5.97871275057e-12, 5.85879478612e-12, 5.76435513905e-12, 5.68660916966e-12, 5.61622926984e-12, 5.56019293108e-12, 5.53037867237e-12]
    },
    "mfcc": {
        "mean": [-785.447753906, 153.840072632, -20.4896278381, 5.62472677231, -2.26896953583, -6.91543245316, -6.47319078445, 0.599421918392, -7.73363018036, -0.550204396248, -6.33798408508, -1.860881567, -0.493495881557],
        "cov": [[6960.79394531, 473.308349609, -1173.74450684, 107.072891235, -102.1118927, -100.537635803, -31.156129837, 263.111633301, -341.497833252, 41.5313072205, -39.5616378784, -5.65446233749, -10.6556081772], [473.308349609, 2009.32470703, 189.377655029, -147.092056274, -46.598285675, -542.505493164, -37.1018867493, 97.8172302246, -177.051330566, -132.818771362, 40.3307991028, -161.582809448, 70.6636810303], [-1173.74450684, 189.377655029, 828.894348145, 252.22253418, -54.7421073914, -159.364547729, -4.47176456451, -84.1451416016, 8.0173740387, -19.2280597687, -72.9749145508, -5.96434020996, -15.1156616211], [107.072891235, -147.092056274, 252.22253418, 511.115844727, 112.680938721, -79.7448272705, -53.8127822876, -44.1280937195, -36.5566558838, -26.1028442383, -81.4076385498, 1.40680682659, -29.8616199493], [-102.1118927, -46.598285675, -54.7421073914, 112.680938721, 238.51512146, 76.7666397095, -64.4605941772, -35.2299728394, 5.35110855103, -37.6091308594, -10.6359701157, -16.287021637, -24.0576267242], [-100.537635803, -542.505493164, -159.364547729, -79.7448272705, 76.7666397095, 340.205993652, 23.0845661163, -45.8547554016, 82.1189651489, 14.1610975266, 2.69016861916, 43.513835907, -27.4333438873], [-31.156129837, -37.1018867493, -4.47176456451, -53.8127822876, -64.4605941772, 23.0845661163, 126.089164734, 43.5728721619, 12.0936374664, 30.8918876648, 11.9958648682, 18.0962543488, 11.1383094788], [263.111633301, 97.8172302246, -84.1451416016, -44.1280937195, -35.2299728394, -45.8547554016, 43.5728721619, 129.750961304, 10.2084503174, -2.73109054565, 17.3615856171, -8.87996482849, 21.0438137054], [-341.497833252, -177.051330566, 8.0173740387, -36.5566558838, 5.35110855103, 82.1189651489, 12.0936374664, 10.2084503174, 133.753128052, 31.5938854218, -1.93651723862, 13.1771154404, -6.90237808228], [41.5313072205, -132.818771362, -19.2280597687, -26.1028442383, -37.6091308594, 14.1610975266, 30.8918876648, -2.73109054565, 31.5938854218, 112.292205811, 29.3241252899, 18.4720687866, -1.28075540066], [-39.5616378784, 40.3307991028, -72.9749145508, -81.4076385498, -10.6359701157, 2.69016861916, 11.9958648682, 17.3615856171, -1.93651723862, 29.3241252899, 89.0163116455, 21.0522251129, 0.992533922195], [-5.65446233749, -161.582809448, -5.96434020996, 1.40680682659, -16.287021637, 43.513835907, 18.0962543488, -8.87996482849, 13.1771154404, 18.4720687866, 21.0522251129, 78.1585464478, 6.38137149811], [-10.6556081772, 70.6636810303, -15.1156616211, -29.8616199493, -24.0576267242, -27.4333438873, 11.1383094788, 21.0438137054, -6.90237808228, -1.28075540066, 0.992533922195, 6.38137149811, 59.4884757996]],
        "icov": [[0.000423885911005, -0.000438379211118, 0.000773027481046, -0.000622081279289, 0.000743505253922, -0.000774365384132, 0.000685440492816, -0.00100884679705, 0.00113659130875, -0.0010471456917, 0.00122634973377, -0.000835046637803, 0.000831374258269], [-0.000438379211118, 0.00193418248091, -0.00110544543713, 0.00163832539693, -0.00168510898948, 0.00310917338356, -0.0012373275822, 0.00115466245916, -0.000791200203821, 0.00243164785206, -0.00221811374649, 0.00246940529905, -0.00152633024845], [0.000773027481046, -0.00110544543713, 0.00350367487408, -0.00223107822239, 0.00227308669128, -0.000650626025163, 0.000361844577128, 0.000169657971128, 0.000584287918173, -0.00132268283051, 0.00274607539177, -0.00183147995267, 0.00190331030171], [-0.000622081279289, 0.00163832539693, -0.00223107822239, 0.0053035672754, -0.00402833614498, 0.00370040838607, -0.000879343308043, 0.000807176460512, -0.000214141939068, 0.00128350337036, 0.000955229566898, -5.14360654051e-05, -1.33350567921e-05], [0.000743505253922, -0.00168510898948, 0.00227308669128, -0.00402833614498, 0.00916471704841, -0.00492865499109, 0.00384660437703, -0.00112084951252, 0.0010593496263, -0.000612890638877, 0.000383471953683, 0.000160774652613, 0.00188607466407], [-0.000774365384132, 0.00310917338356, -0.000650626025163, 0.00370040838607, -0.00492865499109, 0.0111446185037, -0.00466488720849, 0.00511565385386, -0.00469818571582, 0.00477092294022, -0.00209018634632, 0.000948511995375, -0.000439067167463], [0.000685440492816, -0.0012373275822, 0.000361844577128, -0.000879343308043, 0.00384660437703, -0.00466488720849, 0.013566378504, -0.0068693603389, 0.00348407798447, -0.00509080337361, 0.0029829214327, -0.00326799391769, 0.0011327995453], [-0.00100884679705, 0.00115466245916, 0.000169657971128, 0.000807176460512, -0.00112084951252, 0.00511565385386, -0.0068693603389, 0.015431040898, -0.00655501615256, 0.00573057634756, -0.00542841106653, 0.00414362875745, -0.00436176499352], [0.00113659130875, -0.000791200203821, 0.000584287918173, -0.000214141939068, 0.0010593496263, -0.00469818571582, 0.00348407798447, -0.00655501615256, 0.0142661752179, -0.00637591676787, 0.00525760091841, -0.00276636355557, 0.00283972895704], [-0.0010471456917, 0.00243164785206, -0.00132268283051, 0.00128350337036, -0.000612890638877, 0.00477092294022, -0.00509080337361, 0.00573057634756, -0.00637591676787, 0.0163641441613, -0.00847192760557, 0.00356820691377, -0.00251842662692], [0.00122634973377, -0.00221811374649, 0.00274607539177, 0.000955229566898, 0.000383471953683, -0.00209018634632, 0.0029829214327, -0.00542841106653, 0.00525760091841, -0.00847192760557, 0.0217828061432, -0.0095832766965, 0.00567688420415], [-0.000835046637803, 0.00246940529905, -0.00183147995267, -5.14360654051e-05, 0.000160774652613, 0.000948511995375, -0.00326799391769, 0.00414362875745, -0.00276636355557, 0.00356820691377, -0.0095832766965, 0.0211502835155, -0.00627860892564], [0.000831374258269, -0.00152633024845, 0.00190331030171, -1.33350567921e-05, 0.00188607466407, -0.000439067167463, 0.0011327995453, -0.00436176499352, 0.00283972895704, -0.00251842662692, 0.00567688420415, -0.00627860892564, 0.0219940692186]]
    },
    "spectral_contrast_coeffs": {
        "max": [-0.41125369072, -0.469054698944, -0.425122737885, -0.522326171398, -0.573924362659, -0.688626945019],
        "mean": [-0.713713407516, -0.789246380329, -0.804669559002, -0.825864732265, -0.79992878437, -0.814440786839],
        "min": [-0.965350031853, -0.983653664589, -0.959658265114, -0.964405357838, -0.960010349751, -0.961643099785],
        "stdev": [0.103323854506, 0.0941017493606, 0.0832059308887, 0.0570920035243, 0.0635221600533, 0.0393479429185]
    },
    "spectral_contrast_valleys": {
        "max": [-6.62256002426, -5.16145706177, -5.152302742, -6.38756036758, -6.66279697418, -9.79035282135],
        "mean": [-8.26170921326, -7.56750535965, -8.10273742676, -8.52868175507, -9.15235042572, -11.9793176651],
        "min": [-28.0587711334, -27.360704422, -27.493024826, -27.4927368164, -27.339717865, -27.2305240631],
        "stdev": [1.67890381813, 1.69948983192, 1.73913455009, 1.76697099209, 1.70409286022, 1.34402573109]
    }
},
"rhythm": {
    "beats_count": 17,
    "beats_loudness": {
        "max": 0.0977589562535,
        "mean": 0.0132852112874,
        "min": 0.000274196325336,
        "stdev": 0.0261651296169
    },
    "bpm": 85.9413604736,
    "bpm_histogram_first_peak_bpm": 86,
    "bpm_histogram_first_peak_weight": 0.214285731316,
    "bpm_histogram_second_peak_bpm": 78,
    "bpm_histogram_second_peak_spread": 0.5,
    "bpm_histogram_second_peak_weight": 0.0625,
    "danceability": 1.22390222549,
    "onset_rate": 3.84031653404,
    "beats_loudness_band_ratio": {
        "max": [0.796874344349, 0.59713113308, 0.663815438747, 0.522838950157, 0.293088138103, 0.0510401315987],
        "mean": [0.180316254497, 0.226386353374, 0.297153711319, 0.254964083433, 0.0822572112083, 0.011501789093],
        "min": [0.0150127606466, 0.0394211448729, 0.103647768497, 0.0181153472513, 0.00250967452303, 0.000966216321103],
        "stdev": [0.205784767866, 0.200020730495, 0.186531022191, 0.180574908853, 0.102241553366, 0.0132835935801]
    },
    "beats_position": [0.766258478165, 1.53251695633, 2.28716540337, 2.99537420273, 3.70358276367, 4.41179132462, 5.11999988556, 5.81659841537, 6.5015873909, 7.19818592072, 7.8831744194, 8.56816291809, 9.26476192474, 9.97297000885, 10.6695690155, 11.3661680222, 12.0627660751],
