{
"metadata": {
    "version": {
        "essentia": "2.1-beta5",
        "essentia_git_sha": "Undefined",
        "extractor": "music 2.0"
    },
    "audio_properties": {
        "analysis": {
            "equal_loudness": 0,
            "length": 32.4963264465,
            "sample_rate": 44100,
            "start_time": 61.4980506897,
            "downmix": "mix"
        },
        "bit_rate": 192000,
        "length": 203.383590698,
        "lossless": 0,
        "number_channels": 2,
        "replay_gain": -4.01148986816,
        "sample_rate": 48000,
        "codec": "mp3",
        "md5_encoded": "4644c0136a5ab2d3fc29233f2fd48d9e"
    },
    "tags": {
        "file_name": "Switzerland_Giorgio_Lys Assia.mp3",
        "encoding": ["Lavf58.29.100"]
    }
},
"lowlevel": {
    "average_loudness": 0.706634521484,
    "barkbands_crest": {
        "max": 25.7838668823,
        "mean": 12.5400733948,
        "min": 3.06336927414,
        "stdev": 5.06882095337
    },
    "barkbands_flatness_db": {
        "max": 0.368580132723,
        "mean": 0.215377062559,
        "min": 0.0949776470661,
        "stdev": 0.0474258847535
    },
    "barkbands_kurtosis": {
        "max": 79.7981338501,
        "mean": 4.23705816269,
        "min": -1.81824553013,
        "stdev": 6.17110967636
    },
    "barkbands_skewness": {
        "max": 8.11110687256,
        "mean": 1.34935891628,
        "min": -1.63785982132,
        "stdev": 1.05512416363
    },
    "barkbands_spread": {
        "max": 76.2894515991,
        "mean": 12.7330989838,
        "min": 1.1937969923,
        "stdev": 10.5645494461
    },
    "dissonance": {
        "max": 0.499094367027,
        "mean": 0.428207963705,
        "min": 0.241051495075,
        "stdev": 0.0456205457449
    },
    "dynamic_complexity": 4.01967382431,
    "erbbands_crest": {
        "max": 31.5062599182,
        "mean": 14.4840812683,
        "min": 3.18081593513,
        "stdev": 6.29137849808
    },
    "erbbands_flatness_db": {
        "max": 0.391107469797,
        "mean": 0.257878184319,
        "min": 0.127942174673,
        "stdev": 0.0501331575215
    },
    "erbbands_kurtosis": {
        "max": 35.0678863525,
        "mean": 2.01464152336,
        "min": -1.83578360081,
        "stdev": 3.71606993675
    },
    "erbbands_skewness": {
        "max": 4.93379735947,
        "mean": 0.864052534103,
        "min": -2.41113948822,
        "stdev": 0.873616635799
    },
    "erbbands_spread": {
        "max": 106.180679321,
        "mean": 23.469499588,
        "min": 3.13118982315,
        "stdev": 16.2973823547
    },
    "hfc": {
        "max": 199.719299316,
        "mean": 15.0890703201,
        "min": 0.267530977726,
        "stdev": 20.5438079834
    },
    "loudness_ebu128": {
        "integrated": -21.4504718781,
        "loudness_range": 4.65205955505,
        "momentary": {
            "max": -14.3136749268,
            "mean": -22.799161911,
            "min": -34.0267105103,
            "stdev": 3.51823282242
        },
        "short_term": {
            "max": -18.442243576,
            "mean": -21.7660255432,
            "min": -28.1583919525,
            "stdev": 2.01092529297
        }
    },
    "melbands_crest": {
        "max": 31.9529647827,
        "mean": 15.4983901978,
        "min": 3.98111486435,
        "stdev": 6.27747249603
    },
    "melbands_flatness_db": {
        "max": 0.376033008099,
        "mean": 0.227329552174,
        "min": 0.0586040057242,
        "stdev": 0.0533786043525
    },
    "melbands_kurtosis": {
        "max": 119.059555054,
        "mean": 8.26358985901,
        "min": -1.72179937363,
        "stdev": 10.8078613281
    },
    "melbands_skewness": {
        "max": 8.43823623657,
        "mean": 1.76472270489,
        "min": -0.944467961788,
        "stdev": 1.33547914028
    },
    "melbands_spread": {
        "max": 171.753219604,
        "mean": 17.5059394836,
        "min": 1.21774053574,
        "stdev": 16.5530395508
    },
    "pitch_salience": {
        "max": 0.805353581905,
        "mean": 0.544912934303,
        "min": 0.128848984838,
        "stdev": 0.11620862782
    },
    "silence_rate_20dB": {
        "max": 1,
        "mean": 1,
        "min": 1,
        "stdev": 0
    },
    "silence_rate_30dB": {
        "max": 1,
        "mean": 0.990007162094,
        "min": 0,
        "stdev": 0.0994644165039
    },
    "silence_rate_60dB": {
        "max": 1,
        "mean": 0.185581728816,
        "min": 0,
        "stdev": 0.388767808676
    },
    "spectral_centroid": {
        "max": 4652.11669922,
        "mean": 1043.83288574,
        "min": 348.037414551,
        "stdev": 488.403900146
    },
    "spectral_complexity": {
        "max": 27,
        "mean": 10.7159175873,
        "min": 0,
        "stdev": 4.33574438095
    },
    "spectral_decrease": {
        "max": -6.3031545261e-11,
        "mean": -4.29338653518e-09,
        "min": -5.54197541192e-08,
        "stdev": 5.21303356038e-09
    },
    "spectral_energy": {
        "max": 0.227282166481,
        "mean": 0.0175728555769,
        "min": 0.000278927647742,
        "stdev": 0.0214532315731
    },
    "spectral_energyband_high": {
        "max": 0.00694617815316,
        "mean": 0.000148494247696,
        "min": 1.46195452544e-06,
        "stdev": 0.000374207185814
    },
    "spectral_energyband_low": {
        "max": 0.00492571713403,
        "mean": 0.000376414012862,
        "min": 1.65058509083e-06,
        "stdev": 0.000549481366761
    },
    "spectral_energyband_middle_high": {
        "max": 0.160039171576,
        "mean": 0.00625517359003,
        "min": 4.84564334329e-05,
        "stdev": 0.0127413263544
    },
    "spectral_energyband_middle_low": {
        "max": 0.18944004178,
        "mean": 0.0119356568903,
        "min": 7.39665847505e-05,
        "stdev": 0.0158804506063
    },
    "spectral_entropy": {
        "max": 8.40116405487,
        "mean": 7.03097343445,
        "min": 5.8069934845,
        "stdev": 0.470916032791
    },
    "spectral_flux": {
        "max": 0.474042087793,
        "mean": 0.064998857677,
        "min": 0.00982220098376,
        "stdev": 0.0463320910931
    },
    "spectral_kurtosis": {
        "max": 23.3746623993,
        "mean": 7.31064081192,
        "min": -1.24107122421,
        "stdev": 4.3167090416
    },
    "spectral_rms": {
        "max": 0.0148908933625,
        "mean": 0.00361166615039,
        "min": 0.000521655601915,
        "stdev": 0.00202487106435
    },
    "spectral_rolloff": {
        "max": 8419.48242188,
        "mean": 1351.67468262,
        "min": 236.865234375,
        "stdev": 1236.39868164
    },
    "spectral_skewness": {
        "max": 3.73682427406,
        "mean": 1.95879566669,
        "min": -0.21102155745,
        "stdev": 0.57663500309
    },
    "spectral_spread": {
        "max": 22651848,
        "mean": 3384927,
        "min": 1866654.5,
        "stdev": 1325587
    },
    "spectral_strongpeak": {
        "max": 12.9034872055,
        "mean": 1.7487039566,
        "min": 0.0364466235042,
        "stdev": 1.78551638126
    },
    "zerocrossingrate": {
        "max": 0.24365234375,
        "mean": 0.0487608611584,
        "min": 0.0068359375,
        "stdev": 0.03007745184
    },
    "barkbands": {
        "max": [4.99338457303e-05, 0.0019638678059, 0.00454954057932, 0.00452895043418, 0.0242856480181, 0.0409577302635, 0.0255515500903, 0.0273422263563, 0.171420246363, 0.187173262239, 0.0142131987959, 0.00915979314595, 0.043393753469, 0.0269121509045, 0.0245671179146, 0.0314768962562, 0.00902291480452, 0.0044378391467, 0.00397615320981, 0.00108660117257, 0.000681768520735, 0.00175049086101, 0.00446335971355, 0.0013996232301, 0.000207836506888, 3.13085280368e-07, 3.27015953872e-07],
        "mean": [1.67776067883e-06, 8.66403570399e-05, 0.000191309445654, 0.000283553992631, 0.00108818663284, 0.00233716145158, 0.0011489453027, 0.000964930048212, 0.00393557548523, 0.00386433745734, 0.000620758335572, 0.000272915727692, 0.00069273711415, 0.000557555060368, 0.000446607766207, 0.000347021967173, 0.000187944329809, 0.000215358682908, 0.000157658956596, 4.24206482421e-05, 1.02197345768e-05, 2.15237050725e-05, 4.97595829074e-05, 4.11215551139e-05, 6.92617231834e-06, 1.20250442937e-09, 1.11602349584e-09],
        "min": [2.2160979718e-09, 7.77871704827e-08, 1.72787395059e-07, 2.50640312061e-07, 4.32674414697e-06, 5.55143469683e-06, 7.10786991931e-07, 1.91090657609e-06, 2.4001994916e-06, 1.78448851784e-06, 5.28327916527e-07, 2.53039985409e-07, 1.44612124586e-06, 6.44089027446e-07, 9.70517817223e-07, 7.11715415491e-07, 1.03698789644e-06, 7.60172667924e-07, 1.70158159563e-07, 9.04366913801e-07, 1.90539736877e-07, 1.24544072833e-07, 1.19121445152e-07, 9.43579578916e-08, 5.39692592838e-08, 4.07901594446e-11, 5.51911710778e-11],
        "stdev": [2.95777385872e-06, 0.000177086971235, 0.000372325186618, 0.000599786697421, 0.00212294468656, 0.00443147821352, 0.00226929900236, 0.00276775169186, 0.0106213735417, 0.0124786505476, 0.00165907095652, 0.000667961954605, 0.00261635845527, 0.0020264829509, 0.00142537814099, 0.00172543153167, 0.00059354439145, 0.000490982958581, 0.000386419356801, 7.11482935003e-05, 3.04289351334e-05, 0.000109010194137, 0.000187116223969, 0.000113218491606, 1.64784432855e-05, 1.1956289292e-08, 1.24412586899e-08]
    },
    "erbbands": {
        "max": [0.0392508916557, 0.526152789593, 3.71348619461, 7.79930782318, 51.601890564, 88.9080657959, 268.804016113, 489.910614014, 526.833679199, 413.568634033, 1728.66784668, 3808.66943359, 6861.40625, 3710.62939453, 546.05291748, 461.064117432, 2313.01293945, 1408.15063477, 1413.22631836, 3500.42749023, 430.859588623, 586.321472168, 93.3497238159, 357.312347412, 90.8142700195, 38.8697547913, 35.2030448914, 39.1708488464, 62.3740959167, 102.123435974, 127.707832336, 50.3426971436, 14.9661750793, 3.77100205421, 0.646425902843, 0.0169651173055, 0.000758259440772, 0.000206854529097, 0.000127380990307, 0.000269857846433],
        "mean": [0.00110681762453, 0.0269524473697, 0.187906771898, 0.588556170464, 2.0870206356, 3.52178859711, 8.8245382309, 22.8308181763, 20.9318065643, 17.8734321594, 28.7950897217, 100.15296936, 128.024291992, 63.857624054, 25.2845478058, 15.9896974564, 34.6525344849, 23.5408248901, 34.1738548279, 25.6493873596, 10.9803113937, 9.91415882111, 8.43735599518, 15.714430809, 3.78999519348, 2.16411828995, 0.657017290592, 0.456256389618, 0.70990806818, 0.996378302574, 1.55979323387, 1.0341489315, 0.587392270565, 0.15703304112, 0.012579861097, 0.000414592213929, 3.81716017728e-05, 7.6815194916e-06, 1.06387587948e-05, 2.11453279917e-05],
        "min": [7.99384815764e-06, 7.88487741374e-05, 0.000819353037514, 0.00423575425521, 0.00941292475909, 0.0148937124759, 0.0327928438783, 0.104543343186, 0.0509659871459, 0.028378225863, 0.0637089386582, 0.108791358769, 0.286633193493, 0.133119925857, 0.0365621112287, 0.0183764416724, 0.0692714527249, 0.0404074974358, 0.136849164963, 0.066108815372, 0.0706248432398, 0.0629552677274, 0.0454892665148, 0.0163374487311, 0.02144622989, 0.0445104539394, 0.0179506763816, 0.0093286531046, 0.00450633419678, 0.00409886287525, 0.00311801140197, 0.00204980978742, 0.00164315290749, 0.000980800599791, 0.0001601541735, 5.2567329476e-06, 6.74911177612e-07, 1.3920255526e-07, 2.37873805986e-07, 4.39955329057e-07],
        "stdev": [0.00297410157509, 0.0489254705608, 0.325888156891, 1.08329677582, 4.41375303268, 7.36170625687, 20.0274410248, 48.3556671143, 43.9750061035, 44.1679229736, 82.2039260864, 266.598937988, 434.957092285, 272.794799805, 60.7175521851, 33.554775238, 131.425048828, 78.9551010132, 104.07434845, 129.990859985, 34.1659088135, 33.0969467163, 13.9392299652, 38.9340896606, 7.31829977036, 3.54664587975, 1.31938374043, 1.85801851749, 3.74365925789, 4.42775917053, 5.69081926346, 3.22066473961, 1.49938011169, 0.351773381233, 0.0326476208866, 0.000960891193245, 7.16950162314e-05, 1.44535051732e-05, 1.25583601402e-05, 2.56346520473e-05]
    },
    "gfcc": {
        "mean": [-88.4841461182, 129.874847412, -167.164276123, 13.4890813828, -85.7171401978, 5.39043951035, -48.0033798218, -0.929344892502, -12.0326108932, -26.3282833099, 10.1026735306, -25.659734726, 2.54468393326],
        "cov": [[2508.79516602, -566.659240723, -305.135467529, -259.082061768, -66.7908172607, 58.0965118408, -214.330688477, 254.201675415, 50.5790290833, -283.28338623, 123.988616943, -134.882339478, -53.0888328552], [-566.659240723, 930.385742188, 46.6530265808, -70.2136917114, 286.884460449, -181.030029297, 195.567321777, -133.301132202, -18.0827083588, -7.14733457565, -0.504677891731, -76.1822128296, 67.2653274536], [-305.135467529, 46.6530265808, 494.116607666, 284.079650879, -109.954956055, 71.5709991455, -30.860452652, -45.6520843506, 14.3093929291, 35.0415840149, -94.9505004883, 57.7102470398, -3.36476564407], [-259.082061768, -70.2136917114, 284.079650879, 464.372467041, -43.7655982971, -14.4542245865, -98.8613510132, -84.2821502686, 62.5835647583, 51.1283378601, -103.178146362, 102.104049683, 12.6667089462], [-66.7908172607, 286.884460449, -109.954956055, -43.7655982971, 262.958557129, -24.7914333344, 54.5987281799, 21.6009731293, -16.9545345306, 9.68211460114, 15.7497310638, -46.3073539734, 34.4021492004], [58.0965118408, -181.030029297, 71.5709991455, -14.4542245865, -24.7914333344, 299.884918213, 59.4533576965, 45.5310707092, -15.9557542801, 60.2988014221, -38.466999054, -17.2047538757, -33.9593772888], [-214.330688477, 195.567321777, -30.860452652, -98.8613510132, 54.5987281799, 59.4533576965, 267.181884766, 13.5960760117, -65.6616439819, 3.93762111664, 36.9049453735, -26.5018024445, -16.2108612061], [254.201675415, -133.301132202, -45.6520843506, -84.2821502686, 21.6009731293, 45.5310707092, 13.5960760117, 203.321762085, 17.4803733826, -28.3916797638, 60.6027641296, -20.1161193848, -13.6390028], [50.5790290833, -18.0827083588, 14.3093929291, 62.5835647583, -16.9545345306, -15.9557542801, -65.6616439819, 17.4803733826, 196.151428223, 27.9273109436, -37.0846176147, 16.3604831696, -3.54677248001], [-283.28338623, -7.14733457565, 35.0415840149, 51.1283378601, 9.68211460114, 60.2988014221, 3.93762111664, -28.3916797638, 27.9273109436, 172.854904175, -27.0954933167, 13.6135892868, 13.3615474701], [123.988616943, -0.504677891731, -94.9505004883, -103.178146362, 15.7497310638, -38.466999054, 36.9049453735, 60.6027641296, -37.0846176147, -27.0954933167, 175.163421631, 29.4958362579, -11.2320070267], [-134.882339478, -76.1822128296, 57.7102470398, 102.104049683, -46.3073539734, -17.2047538757, -26.5018024445, -20.1161193848, 16.3604831696, 13.6135892868, 29.4958362579, 122.386672974, 26.0300884247], [-53.0888328552, 67.2653274536, -3.36476564407, 12.6667089462, 34.4021492004, -33.9593772888, -16.2108612061, -13.6390028, -3.54677248001, 13.3615474701, -11.2320070267, 26.0300884247, 85.9140167236]],
        "icov": [[0.000887906935532, 0.000654961157124, 4.02568293794e-05, -1.20334834719e-05, -0.00023723677441, -0.000371622823877, 0.000440452393377, 8.79095532582e-05, -0.000643855950329, 0.00149687519297, -0.00103740708437, 0.00168966606725, -0.000822547648568], [0.000654961157124, 0.00733904819936, -0.00500654056668, 0.00294175371528, -0.00756500288844, 0.00405738735572, -0.00428718794137, 0.00572412461042, -0.00345064862631, 0.00165765744168, -0.00236748810858, 0.00446688709781, -0.00330146518536], [4.02568293794e-05, -0.00500654056668, 0.00749191036448, -0.0045395148918, 0.00678362231702, -0.00391310360283, 0.00289234076627, -0.00444340147078, 0.00261444761418, -0.000234952225583, 0.0017425219994, -0.00195667170919, 0.00144976982847], [-1.20334834719e-05, 0.00294175371528, -0.0045395148918, 0.0066843777895, -0.00466653052717, 0.00269994209521, -0.000903137843125, 0.00292320037261, -0.00158475735225, -0.000413201982155, 0.00187015533447, -0.00311259832233, 0.000941902573686], [-0.00023723677441, -0.00756500288844, 0.00678362231702, -0.00466653052717, 0.0135656725615, -0.0044010123238, 0.003600893775, -0.00663320813328, 0.00341009953991, -0.00142748991493, 0.00101486034691, -0.000583680404816, -0.000142904827953], [-0.000371622823877, 0.00405738735572, -0.00391310360283, 0.00269994209521, -0.0044010123238, 0.00781669188291, -0.00391813227907, 0.00170650018845, -0.000704016129021, -0.00228979694657, 0.00158181251027, 0.000361149344826, 0.000850394251756], [0.000440452393377, -0.00428718794137, 0.00289234076627, -0.000903137843125, 0.003600893775, -0.00391813227907, 0.00820381939411, -0.00336145865731, 0.00277441972867, 0.000144565943629, 1.52897137013e-05, -0.00168082502205, 0.00250220671296], [8.79095532582e-05, 0.00572412461042, -0.00444340147078, 0.00292320037261, -0.00663320813328, 0.00170650018845, -0.00336145865731, 0.0115527883172, -0.00424754060805, 0.00202866550535, -0.00453843781725, 0.00426571723074, -0.00287852529436], [-0.000643855950329, -0.00345064862631, 0.00261444761418, -0.00158475735225, 0.00341009953991, -0.000704016129021, 0.00277441972867, -0.00424754060805, 0.00826050899923, -0.00267489813268, 0.00358091644011, -0.00404502823949, 0.00329598342068], [0.00149687519297, 0.00165765744168, -0.000234952225583, -0.000413201982155, -0.00142748991493, -0.00228979694657, 0.000144565943629, 0.00202866550535, -0.00267489813268, 0.00975146424025, -0.00232564937323, 0.00315192737617, -0.00319132534787], [-0.00103740708437, -0.00236748810858, 0.0017425219994, 0.00187015533447, 0.00101486034691, 0.00158181251027, 1.52897137013e-05, -0.00453843781725, 0.00358091644011, -0.00232564937323, 0.0126781677827, -0.0095977736637, 0.00558126391843], [0.00168966606725, 0.00446688709781, -0.00195667170919, -0.00311259832233, -0.000583680404816, 0.000361149344826, -0.00168082502205, 0.00426571723074, -0.00404502823949, 0.00315192737617, -0.0095977736637, 0.0210501886904, -0.00962411984801], [-0.000822547648568, -0.00330146518536, 0.00144976982847, 0.000941902573686, -0.000142904827953, 0.000850394251756, 0.00250220671296, -0.00287852529436, 0.00329598342068, -0.00319132534787, 0.00558126391843, -0.00962411984801, 0.0183205008507]]
    },
    "melbands": {
        "max": [0.000488112738822, 0.00128769921139, 0.00207274314016, 0.00329976528883, 0.00861119478941, 0.00939833279699, 0.00677298847586, 0.00528600206599, 0.0225398596376, 0.0205479077995, 0.0349223464727, 0.0161051694304, 0.00208040280268, 0.00121535104699, 0.0031911872793, 0.00456110062078, 0.00298541854136, 0.00278219790198, 0.00260924687609, 0.00386642850935, 0.000450533028925, 0.00082948297495, 0.000174424028955, 0.000208925368497, 0.000330204551574, 8.00960915512e-05, 5.28277269041e-05, 2.39842574956e-05, 2.80906315311e-05, 1.05110984805e-05, 3.24696156895e-05, 3.84917984775e-05, 3.53486320819e-05, 7.70270780777e-05, 8.38357809698e-05, 3.41296872648e-05, 3.50365771737e-05, 1.21324073916e-05, 6.94492837283e-06, 1.99946703106e-06],
        "mean": [1.7040538296e-05, 7.8059725638e-05, 0.000150433494127, 0.000191103274119, 0.000297701801173, 0.000505556177814, 0.00029271573294, 0.000195998494746, 0.000312005460728, 0.00061776698567, 0.000622176623438, 0.000262143701548, 8.77268685144e-05, 3.69503832189e-05, 5.65793525311e-05, 6.57386553939e-05, 4.23645833507e-05, 6.08299524174e-05, 2.81728916889e-05, 3.30401380779e-05, 9.57791507972e-06, 1.14736139949e-05, 7.17883312973e-06, 9.62719877862e-06, 1.37683819048e-05, 3.04440345644e-06, 1.67392738604e-06, 1.32820821364e-06, 4.78823210415e-07, 1.84715347018e-07, 2.95310599085e-07, 3.88137777918e-07, 4.44530371624e-07, 6.00360010594e-07, 9.29900636493e-07, 8.13864687643e-07, 5.50014021883e-07, 4.44239788067e-07, 2.71673769703e-07, 8.3804494011e-08],
        "min": [3.47925066535e-08, 3.63291150052e-07, 1.09186578356e-06, 7.55853989176e-07, 4.72235029747e-07, 2.38467146119e-06, 6.35996741494e-07, 3.03471324514e-07, 4.22251304144e-07, 3.85351370369e-07, 8.46666182497e-07, 3.9881047087e-07, 9.57454986406e-08, 4.82340567487e-08, 1.0680971485e-07, 1.23738075786e-07, 3.67960382164e-08, 1.70967183521e-07, 8.2789384237e-08, 6.31474179613e-08, 3.72234651991e-08, 5.92253499576e-08, 3.65276271452e-08, 1.9191286782e-08, 9.61561319457e-09, 5.05742026036e-09, 1.81277020062e-08, 2.55884842204e-08, 5.93502846868e-09, 2.25523000275e-09, 2.91758861515e-09, 2.49502596361e-09, 1.51741852417e-09, 2.13427342466e-09, 1.87936177731e-09, 1.02834385451e-09, 1.13537268476e-09, 9.75626801569e-10, 8.52147852282e-10, 3.11116132856e-10],
        "stdev": [3.90744207834e-05, 0.000122837547679, 0.000256578903645, 0.000333037576638, 0.000634500116576, 0.00100890279282, 0.000600880885031, 0.000523584079929, 0.000965280865785, 0.001596140326, 0.00216801278293, 0.00120624213014, 0.000225953699555, 8.80164589034e-05, 0.000167334001162, 0.000259095657384, 0.000160043127835, 0.000202754919883, 0.000102716890979, 0.000176483823452, 2.85437399725e-05, 4.39948562416e-05, 1.45733465615e-05, 2.13008224819e-05, 3.53106115654e-05, 6.88346472089e-06, 3.00489477922e-06, 2.26220208788e-06, 1.08154006284e-06, 5.22907896539e-07, 1.38424991292e-06, 2.15526620195e-06, 2.25470398618e-06, 2.88487831313e-06, 3.6978267417e-06, 2.40511030825e-06, 1.85534634056e-06, 1.21061020764e-06, 6.74904697462e-07, 1.91019339013e-07]
    },
    "melbands128": {
        "max": [1.6111345758e-05, 0.000166051962879, 0.000859131687321, 0.00104741076939, 0.00145894533489, 0.00237249303609, 0.0015296114143, 0.002645727247, 0.00697125261649, 0.00426960922778, 0.0062349056825, 0.0113932080567, 0.0129351671785, 0.0151254869998, 0.0180864129215, 0.0183100085706, 0.0176457650959, 0.00832868553698, 0.00610706117004, 0.00719077605754, 0.00942882988602, 0.00899234414101, 0.0154702058062, 0.0598853006959, 0.0333715416491, 0.0197156313807, 0.0582953579724, 0.0684298276901, 0.0276773609221, 0.0312361884862, 0.017061015591, 0.00276631908491, 0.00417188880965, 0.00375233893283, 0.000861977227032, 0.0024814940989, 0.00170349702239, 0.000894346681889, 0.00833034329116, 0.0111945131794, 0.00650553684682, 0.00401708064601, 0.00627695536241, 0.00302462582476, 0.00724236154929, 0.00514838751405, 0.00300613814034, 0.00116307614371, 0.0026815617457, 0.0121981240809, 0.00362462899648, 0.00142438884359, 0.000882603053469, 0.000966298044659, 0.00101023935713, 0.00187694106717, 0.000827605370432, 0.000396481802454, 0.000171990453964, 0.000148258754052, 0.000186090925126, 0.000677674659528, 0.00093455525348, 0.000343334599165, 0.000141336568049, 0.000162343785632, 0.00014936561638, 5.05645366502e-05, 0.000129777588882, 5.46675109945e-05, 4.08101004723e-05, 3.53735485987e-05, 2.10458583751e-05, 4.98258377775e-05, 1.212591269e-05, 1.07967116492e-05, 8.1501175373e-06, 1.79866492545e-05, 2.2851056201e-05, 7.24574492779e-05, 3.82113212254e-05, 5.89896881138e-05, 3.77267242584e-05, 4.73001709906e-05, 5.12587939738e-05, 3.65462583432e-05, 0.00012594506552, 0.000100205528724, 8.40463981149e-05, 0.000117051073175, 4.72392384836e-05, 3.07711561618e-05, 5.67970528209e-05, 7.44150966057e-05, 1.626960875e-05, 1.7678257791e-05, 2.29723300436e-05, 1.55598681886e-05, 1.05491599243e-05, 5.74556270294e-06, 4.33668583355e-06, 1.65726055457e-06, 1.68932911038e-06, 1.81546556632e-06, 4.77025366763e-07, 9.74051772573e-09, 9.60568868891e-09, 2.27160423805e-09, 2.1685184759e-09, 2.07497397042e-09, 1.98893235215e-09, 1.90240467823e-09, 1.82514325875e-09, 1.75970549243e-09, 1.69916969384e-09, 1.63653324226e-09, 1.57811086421e-09, 1.53737178543e-09, 1.49518164516e-09, 1.45105094607e-09, 1.41556943944e-09, 1.38109745862e-09, 1.34980782107e-09, 1.32576194467e-09, 1.30640276375e-09, 1.29200772303e-09, 1.27984611797e-09, 1.27281929441e-09],
        "mean": [8.0259309243e-07, 3.8492398744e-06, 2.03667204914e-05, 4.82778523292e-05, 8.54991085362e-05, 9.48425295064e-05, 9.66136867646e-05, 0.000167279184097, 0.000241911810008, 0.000149171653902, 0.000180095259566, 0.000279026076896, 0.000239501910983, 0.000425600475864, 0.000587375543546, 0.000502637354657, 0.000456981360912, 0.000226481162827, 0.000129741427372, 0.000209404068301, 0.000236499268794, 0.000125663340441, 0.000193314306671, 0.000607841880992, 0.000902299012523, 0.000387774198316, 0.000556428567506, 0.000936005497351, 0.000329287751811, 0.000396920891944, 0.000197023808141, 6.62551392452e-05, 0.000118228410429, 7.79163601692e-05, 1.53277251229e-05, 3.87199615943e-05, 4.69958940812e-05, 2.21095651796e-05, 9.30560490815e-05, 0.000107611056592, 4.75311207992e-05, 2.54549449892e-05, 3.88753796869e-05, 4.57381502201e-05, 7.04114791006e-05, 7.05155689502e-05, 4.76631175843e-05, 1.20558770504e-05, 1.86537072295e-05, 6.07194197073e-05, 3.45152548107e-05, 1.01975747384e-05, 6.1445512074e-06, 9.87802832242e-06, 1.54749104695e-05, 1.33318444568e-05, 5.7348502196e-06, 8.50061678648e-06, 7.34589775675e-06, 5.36163997822e-06, 5.29754379386e-06, 1.36656371978e-05, 2.73921050393e-05, 8.04759110906e-06, 3.71711871594e-06, 3.26418830809e-06, 2.55476288658e-06, 1.45466106005e-06, 1.47327887134e-06, 1.89923082416e-06, 1.59410319611e-06, 9.10224173367e-07, 7.00155737832e-07, 3.98555954462e-07, 2.07571758892e-07, 1.86152718129e-07, 1.54402854946e-07, 2.1198104605e-07, 3.01702840488e-07, 4.02081525408e-07, 3.81914247782e-07, 3.92704151864e-07, 3.85014772064e-07, 4.73440053383e-07, 4.66720990744e-07, 4.6364687023e-07, 6.98003645994e-07, 7.67825099501e-07, 9.91844785858e-07, 9.96078938442e-07, 9.21324556202e-07, 7.16066267614e-07, 7.266773423e-07, 5.688251008e-07, 4.29316287409e-07, 4.35473111793e-07, 4.78902848045e-07, 4.0708161464e-07, 2.9036979754e-07, 2.06577084327e-07, 1.20657659863e-07, 6.31043519661e-08, 3.47158604086e-08, 2.14281232758e-08, 2.58617993687e-09, 2.83176759819e-10, 2.1707152742e-10, 2.20318121386e-11, 7.26392990896e-12, 6.95253273356e-12, 6.6867058765e-12, 6.43516533463e-12, 6.18435034086e-12, 5.95077199322e-12, 5.75014645274e-12, 5.56234181978e-12, 5.3972022164e-12, 5.24410636443e-12, 5.11990753613e-12, 4.98270999114e-12, 4.85391848243e-12, 4.74779243698e-12, 4.66809316896e-12, 4.57184377162e-12, 4.42116352209e-12, 4.2064333787e-12, 4.08099378943e-12, 4.04618959865e-12],
        "min": [1.63819846577e-10, 6.99969859852e-09, 2.00128305039e-08, 2.08484252084e-09, 1.69276134443e-07, 1.01326193658e-07, 6.51457341405e-08, 7.91394256794e-08, 2.45179222702e-07, 1.27565101593e-07, 2.52701255476e-07, 1.73829846517e-07, 1.49714523445e-07, 2.55286863649e-07, 7.81624578394e-07, 1.61692071288e-07, 1.73777905843e-07, 2.96231714714e-08, 6.48138893666e-08, 6.16829680666e-08, 2.39765597598e-07, 7.74587221031e-08, 8.48452330615e-08, 1.21950108678e-07, 1.65166241572e-07, 1.68477257034e-07, 2.60679485109e-07, 3.99363273118e-07, 2.52122902111e-07, 7.20659940612e-08, 3.26716609322e-08, 2.04917949276e-08, 3.86080358794e-08, 6.68379414037e-08, 3.2730564925e-08, 8.03702171481e-09, 2.24471978783e-08, 2.96863529314e-08, 5.39012816603e-08, 1.71333226717e-07, 5.59694193214e-08, 2.51664147299e-08, 9.63662127873e-09, 2.74636526854e-08, 2.57652246205e-08, 4.46858194891e-08, 3.05384695309e-08, 2.9906658483e-08, 5.62561623951e-08, 1.58288528951e-08, 2.04730365994e-08, 2.01810781419e-08, 9.82548886697e-09, 2.13179127684e-08, 2.40407107555e-08, 8.64086224794e-09, 2.11275068551e-08, 3.17514086134e-08, 2.02614707234e-08, 1.50766741314e-08, 1.87339299629e-08, 1.10167643896e-08, 7.06128311379e-09, 1.08676578847e-08, 6.75504763237e-09, 2.49552001286e-09, 3.03603431284e-09, 1.62572733053e-09, 4.6554720079e-09, 8.59928661612e-09, 1.41356961691e-08, 8.9793878999e-09, 3.8095038235e-09, 1.44389711298e-09, 1.4648218194e-09, 9.40467481669e-10, 1.49529477689e-09, 1.35339295326e-09, 1.31047994678e-09, 1.47286893792e-09, 1.55621338038e-09, 1.16040022036e-09, 9.6382812842e-10, 1.0595689881e-09, 8.29880941744e-10, 1.02744757147e-09, 1.470728761e-09, 1.03929365114e-09, 7.26408988516e-10, 8.80539696713e-10, 8.62120985712e-10, 1.00420460836e-09, 8.01933575101e-10, 5.06725328364e-10, 6.36048269609e-10, 5.75976821793e-10, 6.44004516381e-10, 5.22569432171e-10, 6.15703044105e-10, 4.04734412651e-10, 5.61664152687e-11, 5.04657773903e-12, 6.46153052938e-12, 1.41507064313e-12, 3.92529623172e-13, 1.73114926799e-13, 2.34772623434e-13, 1.2510221266e-13, 1.62376188884e-13, 1.70436852565e-13, 1.88399846396e-13, 1.47418644132e-13, 1.8526270741e-13, 1.54450061139e-13, 2.07438368783e-13, 1.62180178683e-13, 1.75118952542e-13, 1.80040647647e-13, 1.77365012868e-13, 1.84255171884e-13, 2.02565422118e-13, 1.91595288354e-13, 2.03061878293e-13, 1.86822183158e-13, 1.12473500294e-13, 4.53181159862e-14, 6.90741646552e-15, 2.43761920888e-16],
        "stdev": [1.26502618514e-06, 1.27337852973e-05, 6.4701307565e-05, 9.30260284804e-05, 0.000149737577885, 0.000194254665985, 0.000202695577173, 0.000349554233253, 0.000597274745815, 0.000350592163159, 0.000465117656859, 0.000826236908324, 0.00086158560589, 0.00103364221286, 0.00160629267339, 0.00125702458899, 0.0013205728028, 0.000591606134549, 0.000387009553378, 0.000667676911689, 0.000793360872194, 0.000579411862418, 0.000888562295586, 0.00244276574813, 0.00287377019413, 0.0013727163896, 0.0027358236257, 0.00378828588873, 0.00135353743099, 0.00237747910433, 0.00114608439617, 0.000231094614719, 0.000374191586161, 0.00030261190841, 4.95149106428e-05, 0.000150712061441, 0.000129079940962, 7.24801575416e-05, 0.000403271376854, 0.000529854325578, 0.000256777508184, 0.000160214287462, 0.000248595722951, 0.000187125566299, 0.000376227224478, 0.000297791295452, 0.000185079596122, 5.58983483643e-05, 0.000114298498374, 0.00043143320363, 0.000201843780815, 5.76846177864e-05, 3.31925330102e-05, 4.27584527642e-05, 6.5445972723e-05, 7.98400651547e-05, 3.25962500938e-05, 2.27960263146e-05, 1.75300992851e-05, 1.39943986142e-05, 1.41859090945e-05, 5.12151891598e-05, 8.85872941581e-05, 2.54119040619e-05, 9.99117855827e-06, 1.0409297829e-05, 8.34315051179e-06, 3.5115619994e-06, 4.69788619739e-06, 4.08426467402e-06, 3.65140249414e-06, 1.94077938431e-06, 1.64313905771e-06, 1.58386558269e-06, 5.91482546497e-07, 5.58008878215e-07, 5.01556144172e-07, 9.39824531088e-07, 1.37905874453e-06, 2.4086632493e-06, 2.30666137213e-06, 2.43426916313e-06, 2.21859545491e-06, 2.63068523054e-06, 2.51413689512e-06, 2.03763397622e-06, 4.21001323048e-06, 3.80927690458e-06, 4.30528370998e-06, 4.43014823759e-06, 2.99053340314e-06, 2.09183258448e-06, 3.04862282974e-06, 2.72200168183e-06, 1.25551082419e-06, 1.32575951284e-06, 1.59902901942e-06, 1.22229948829e-06, 8.25385484404e-07, 5.39494806162e-07, 3.02323513779e-07, 1.57821745006e-07, 1.02780219891e-07, 7.99901584969e-08, 1.51651047275e-08, 8.46381909003e-10, 6.51295961607e-10, 1.06938805033e-10, 8.26989379754e-11, 7.90786533478e-11, 7.57805276863e-11, 7.25160487214e-11, 6.95635840597e-11, 6.7015767935e-11, 6.46925846226e-11, 6.22791401783e-11, 6.01006605594e-11, 5.84947368321e-11, 5.68773743381e-11, 5.52022975941e-11, 5.3845410769e-11, 5.25332867485e-11, 5.13566342231e-11, 5.04228776788e-11, 4.97006706623e-11, 4.91495212585e-11, 4.86921371279e-11, 4.84246080734e-11]
    },
    "mfcc": {
        "mean": [-708.49029541, 141.2109375, -18.6866474152, -7.12845516205, -4.12468338013, -19.1720027924, -10.468993187, 0.251616984606, -19.2782764435, 6.46287107468, -8.68996334076, -5.10747098923, -8.94345855713],
        "cov": [[2556.67456055, -561.015197754, -224.460952759, -363.45300293, 234.75038147, -391.577362061, -78.5587768555, 167.558502197, -189.773101807, 253.840911865, -129.217391968, -97.1442108154, -76.7685623169], [-561.015197754, 1035.20947266, -283.071777344, 109.651527405, -31.2833824158, 22.8304805756, 174.160415649, -76.1879501343, 41.1203422546, 12.2257938385, -29.6110916138, -20.5569553375, -4.09729766846], [-224.460952759, -283.071777344, 624.527770996, 127.785903931, -26.1154747009, 144.803634644, -108.807983398, 37.9783859253, 58.6783981323, -69.3294906616, -36.7544517517, 77.9337081909, 31.666967392], [-363.45300293, 109.651527405, 127.785903931, 403.880187988, 24.6548690796, 70.3671417236, -106.920257568, -36.5924110413, 37.6540985107, -105.545822144, -66.0483551025, 60.6879463196, 53.4439506531], [234.75038147, -31.2833824158, -26.1154747009, 24.6548690796, 233.851470947, -64.3296661377, -50.8000946045, 12.1814413071, 18.4491462708, 45.4966773987, -44.2463722229, 2.54054355621, 27.5464763641], [-391.577362061, 22.8304805756, 144.803634644, 70.3671417236, -64.3296661377, 331.092803955, -10.1242952347, -55.9573898315, 107.399330139, -55.0214271545, 51.0343017578, 28.6919898987, -4.07565498352], [-78.5587768555, 174.160415649, -108.807983398, -106.920257568, -50.8000946045, -10.1242952347, 344.890808105, 32.3783340454, -22.5517024994, 11.8800477982, 71.78175354, -63.7347488403, -44.8363265991], [167.558502197, -76.1879501343, 37.9783859253, -36.5924110413, 12.1814413071, -55.9573898315, 32.3783340454, 177.150161743, -38.976776123, 32.7865104675, 1.88921487331, -21.7462100983, -4.53669500351], [-189.773101807, 41.1203422546, 58.6783981323, 37.6540985107, 18.4491462708, 107.399330139, -22.5517024994, -38.976776123, 200.644348145, 6.16609144211, 24.1213340759, 21.5069980621, 6.50177049637], [253.840911865, 12.2257938385, -69.3294906616, -105.545822144, 45.4966773987, -55.0214271545, 11.8800477982, 32.7865104675, 6.16609144211, 159.702194214, 17.6103401184, -2.07982778549, -16.1145801544], [-129.217391968, -29.6110916138, -36.7544517517, -66.0483551025, -44.2463722229, 51.0343017578, 71.78175354, 1.88921487331, 24.1213340759, 17.6103401184, 160.60975647, 1.13767814636, -10.3832941055], [-97.1442108154, -20.5569553375, 77.9337081909, 60.6879463196, 2.54054355621, 28.6919898987, -63.7347488403, -21.7462100983, 21.5069980621, -2.07982778549, 1.13767814636, 159.567047119, 47.9368934631], [-76.7685623169, -4.09729766846, 31.666967392, 53.4439506531, 27.5464763641, -4.07565498352, -44.8363265991, -4.53669500351, 6.50177049637, -16.1145801544, -10.3832941055, 47.9368934631, 99.5699462891]],
        "icov": [[0.000817625841592, 0.000461464660475, 0.000281703629298, 0.000320417952025, -0.000436358095612, 0.000271686119959, 6.10289171163e-05, -0.000241843212279, 0.000301045074593, -0.000789887504652, 0.000777693872806, 5.81688764214e-05, 0.000441707030404], [0.000461464660475, 0.00178510369733, 0.000935774878599, -0.000628857698757, 0.000173482490936, -0.000115631337394, -0.00095560104819, 0.000263604772044, -0.000216841915972, -0.0010903646471, 0.00131575821433, -2.45021637966e-05, -1.51524918692e-05], [0.000281703629298, 0.000935774878599, 0.00273397471756, -0.000422949000495, 0.000260109402006, -0.000940774974879, -1.95971952053e-05, -0.0010767626809, -0.000449110259069, 7.65573422541e-05, 0.00130915245973, -0.000825963914394, 2.07460961974e-05], [0.000320417952025, -0.000628857698757, -0.000422949000495, 0.00431312248111, -0.000914168311283, -0.000188965437701, 0.00101293250918, -0.000323141954141, -0.000103633043182, 0.00223895278759, 0.000924147199839, -0.000738399627153, -0.000451816915302], [-0.000436358095612, 0.000173482490936, 0.000260109402006, -0.000914168311283, 0.00583947403356, 0.000654015922919, 0.000121514283819, 2.34024864767e-05, -0.00128610432148, -0.00148824520875, 0.000950645131525, 0.000490911887027, -0.00174839212559], [0.000271686119959, -0.000115631337394, -0.000940774974879, -0.000188965437701, 0.000654015922919, 0.00501587055624, 0.000165185701917, 0.000859374529682, -0.00185300328303, 0.000701570592355, -0.00133635371458, -3.60407284461e-05, 0.000855791731738], [6.10289171163e-05, -0.00095560104819, -1.95971952053e-05, 0.00101293250918, 0.000121514283819, 0.000165185701917, 0.00446571176872, -0.000950823596213, 0.000357308395905, 0.000811613397673, -0.00180825055577, 0.000861006497871, 0.000915936427191], [-0.000241843212279, 0.000263604772044, -0.0010767626809, -0.000323141954141, 2.34024864767e-05, 0.000859374529682, -0.000950823596213, 0.00718409195542, 0.000931467628106, -0.00145885441452, -0.000474955828395, 0.00100805948023, -0.000563618901651], [0.000301045074593, -0.000216841915972, -0.000449110259069, -0.000103633043182, -0.00128610432148, -0.00185300328303, 0.000357308395905, 0.000931467628106, 0.00691904406995, -0.00138548272662, -0.000758985755965, 5.5206946854e-05, 0.000123177131172], [-0.000789887504652, -0.0010903646471, 7.65573422541e-05, 0.00223895278759, -0.00148824520875, 0.000701570592355, 0.000811613397673, -0.00145885441452, -0.00138548272662, 0.0103600118309, -0.00171818013769, -0.00150552485138, 0.00117227050941], [0.000777693872806, 0.00131575821433, 0.00130915245973, 0.000924147199839, 0.000950645131525, -0.00133635371458, -0.00180825055577, -0.000474955828395, -0.000758985755965, -0.00171818013769, 0.00956674013287, -0.000824020884465, -0.000246406416409], [5.81688764214e-05, -2.45021637966e-05, -0.000825963914394, -0.000738399627153, 0.000490911887027, -3.60407284461e-05, 0.000861006497871, 0.00100805948023, 5.5206946854e-05, -0.00150552485138, -0.000824020884465, 0.00846669916064, -0.00341017940082], [0.000441707030404, -1.51524918692e-05, 2.07460961974e-05, -0.000451816915302, -0.00174839212559, 0.000855791731738, 0.000915936427191, -0.000563618901651, 0.000123177131172, 0.00117227050941, -0.000246406416409, -0.00341017940082, 0.0133223123848]]
    },
    "spectral_contrast_coeffs": {
        "max": [-0.397394269705, -0.328858822584, -0.41665533185, -0.554046332836, -0.54427331686, -0.666210651398],
        "mean": [-0.672487854958, -0.696863234043, -0.708415567875, -0.762212693691, -0.76563090086, -0.804388582706],
        "min": [-0.880005121231, -0.891431868076, -0.89525026083, -0.888160705566, -0.889828681946, -0.921269059181],
        "stdev": [0.0764759108424, 0.090988650918, 0.0940867587924, 0.0648059993982, 0.0617541968822, 0.0324176028371]
    },
    "spectral_contrast_valleys": {
        "max": [-6.17400503159, -5.34008836746, -5.9206404686, -6.12284374237, -6.9232339859, -8.65006542206],
        "mean": [-7.91817426682, -6.99753093719, -7.82347869873, -8.16435432434, -8.50948238373, -11.1406259537],
        "min": [-9.71105766296, -8.90819168091, -10.0699901581, -9.63279724121, -10.3586320877, -12.7411546707],
        "stdev": [0.58941167593, 0.547130167484, 0.484547674656, 0.53468811512, 0.502254724503, 0.752370774746]
    }
},
"rhythm": {
    "beats_count": 80,
    "beats_loudness": {
        "max": 0.198802769184,
        "mean": 0.0228182263672,
        "min": 0.000485100026708,
        "stdev": 0.025395648554
    },
    "bpm": 153.088577271,
    "bpm_histogram_first_peak_bpm": 152,
    "bpm_histogram_first_peak_weight": 0.100000023842,
    "bpm_histogram_second_peak_bpm": 161,
    "bpm_histogram_second_peak_spread": 0.481481492519,
    "bpm_histogram_second_peak_weight": 0.177215188742,
    "danceability": 1.11605405807,
    "onset_rate": 4.09130859375,
    "beats_loudness_band_ratio": {
        "max": [0.515822947025, 0.878478825092, 0.837455809116, 0.826385200024, 0.568755030632, 0.794536173344],
        "mean": [0.0841710865498, 0.251620531082, 0.399633795023, 0.214924886823, 0.102042615414, 0.0338007993996],
        "min": [0.00104503578041, 0.00280743674375, 0.0191509090364, 0.00637671910226, 0.00171413971111, 0.00123328110203],
        "stdev": [0.106498278677, 0.229938030243, 0.251617580652, 0.206783086061, 0.126679748297, 0.111759409308]
    },
