{
"metadata": {
    "version": {
        "essentia": "2.1-beta5",
        "essentia_git_sha": "Undefined",
        "extractor": "music 2.0"
    },
    "audio_properties": {
        "analysis": {
            "equal_loudness": 0,
            "length": 22.2679367065,
            "sample_rate": 44100,
            "start_time": 175.240997314,
            "downmix": "mix"
        },
        "bit_rate": 192000,
        "length": 197.532150269,
        "lossless": 0,
        "number_channels": 2,
        "replay_gain": -6.27675819397,
        "sample_rate": 44100,
        "codec": "mp3",
        "md5_encoded": "d4837ae863e424c06cbe2a25fa1ee9dc"
    },
    "tags": {
        "file_name": "Germany_Für Zwei Groschen Musik_Margot Hielscher.mp3",
        "encoding": ["Lavf58.29.100"]
    }
},
"lowlevel": {
    "average_loudness": 0.116403214633,
    "barkbands_crest": {
        "max": 24.5035743713,
        "mean": 7.91315937042,
        "min": 2.57714509964,
        "stdev": 3.93959832191
    },
    "barkbands_flatness_db": {
        "max": 0.314791977406,
        "mean": 0.146750882268,
        "min": 0.0608971305192,
        "stdev": 0.0475542880595
    },
    "barkbands_kurtosis": {
        "max": 27.3228282928,
        "mean": 1.82717585564,
        "min": -1.59239184856,
        "stdev": 3.13270306587
    },
    "barkbands_skewness": {
        "max": 4.2289557457,
        "mean": 0.659030020237,
        "min": -2.40427851677,
        "stdev": 0.978948235512
    },
    "barkbands_spread": {
        "max": 77.4028167725,
        "mean": 15.1695642471,
        "min": 1.46789348125,
        "stdev": 7.97850465775
    },
    "dissonance": {
        "max": 0.499999880791,
        "mean": 0.459517121315,
        "min": 0.247411832213,
        "stdev": 0.0437548719347
    },
    "dynamic_complexity": 7.30959510803,
    "erbbands_crest": {
        "max": 25.7463607788,
        "mean": 8.57808017731,
        "min": 3.01731133461,
        "stdev": 3.62389326096
    },
    "erbbands_flatness_db": {
        "max": 0.387140423059,
        "mean": 0.217008620501,
        "min": 0.0808261409402,
        "stdev": 0.0428988523781
    },
    "erbbands_kurtosis": {
        "max": 27.6347846985,
        "mean": 0.810913443565,
        "min": -1.83328402042,
        "stdev": 2.19651913643
    },
    "erbbands_skewness": {
        "max": 3.60412502289,
        "mean": 0.324393481016,
        "min": -3.76768279076,
        "stdev": 0.62538677454
    },
    "erbbands_spread": {
        "max": 76.3135604858,
        "mean": 22.7453479767,
        "min": 2.85736370087,
        "stdev": 11.9181156158
    },
    "hfc": {
        "max": 269.740631104,
        "mean": 9.66566753387,
        "min": 1.09690561529e-16,
        "stdev": 23.2397670746
    },
    "loudness_ebu128": {
        "integrated": -19.9866065979,
        "loudness_range": 16.5049724579,
        "momentary": {
            "max": -12.2917098999,
            "mean": -25.735578537,
            "min": -45.6733474731,
            "stdev": 7.24733781815
        },
        "short_term": {
            "max": -15.8599052429,
            "mean": -23.70561409,
            "min": -35.8450775146,
            "stdev": 4.93895483017
        }
    },
    "melbands_crest": {
        "max": 26.6682300568,
        "mean": 9.75346851349,
        "min": 2.01616406441,
        "stdev": 4.9944357872
    },
    "melbands_flatness_db": {
        "max": 0.374768614769,
        "mean": 0.175219729543,
        "min": 0.00439085625112,
        "stdev": 0.0684691295028
    },
    "melbands_kurtosis": {
        "max": 44.3148422241,
        "mean": 3.7749812603,
        "min": -1.3759868145,
        "stdev": 5.76173877716
    },
    "melbands_skewness": {
        "max": 6.10608959198,
        "mean": 1.12340545654,
        "min": -1.12971627712,
        "stdev": 1.16944622993
    },
    "melbands_spread": {
        "max": 152.576065063,
        "mean": 24.993265152,
        "min": 2.66289997101,
        "stdev": 16.509929657
    },
    "pitch_salience": {
        "max": 0.859936892986,
        "mean": 0.693758845329,
        "min": 0.267065316439,
        "stdev": 0.114194944501
    },
    "silence_rate_20dB": {
        "max": 1,
        "mean": 0.998958349228,
        "min": 0,
        "stdev": 0.032257873565
    },
    "silence_rate_30dB": {
        "max": 1,
        "mean": 0.979166686535,
        "min": 0,
        "stdev": 0.142828658223
    },
    "silence_rate_60dB": {
        "max": 1,
        "mean": 0.573958337307,
        "min": 0,
        "stdev": 0.494501829147
    },
    "spectral_centroid": {
        "max": 11113.1806641,
        "mean": 1426.48254395,
        "min": 299.310516357,
        "stdev": 962.169555664
    },
    "spectral_complexity": {
        "max": 40,
        "mean": 11.0906248093,
        "min": 0,
        "stdev": 8.18976593018
    },
    "spectral_decrease": {
        "max": 1.793428492e-28,
        "mean": -2.92870372398e-09,
        "min": -9.7069751348e-08,
        "stdev": 7.51983453284e-09
    },
    "spectral_energy": {
        "max": 0.390830010176,
        "mean": 0.0119303138927,
        "min": 1.02521411355e-20,
        "stdev": 0.0304528772831
    },
    "spectral_energyband_high": {
        "max": 0.00194846082013,
        "mean": 6.32110750303e-05,
        "min": 7.32181908038e-21,
        "stdev": 0.000152348846314
    },
    "spectral_energyband_low": {
        "max": 0.0119216693565,
        "mean": 0.000325774250086,
        "min": 3.14296447245e-23,
        "stdev": 0.000731954409275
    },
    "spectral_energyband_middle_high": {
        "max": 0.108036264777,
        "mean": 0.00399666884914,
        "min": 1.38205997117e-21,
        "stdev": 0.0106761362404
    },
    "spectral_energyband_middle_low": {
        "max": 0.334090143442,
        "mean": 0.00790191814303,
        "min": 2.59563510593e-22,
        "stdev": 0.0221601556987
    },
    "spectral_entropy": {
        "max": 9.81483745575,
        "mean": 7.47576665878,
        "min": 5.98755264282,
        "stdev": 0.469936877489
    },
    "spectral_flux": {
        "max": 0.422842085361,
        "mean": 0.0518440753222,
        "min": 6.61270968538e-11,
        "stdev": 0.0579877272248
    },
    "spectral_kurtosis": {
        "max": 46.3139076233,
        "mean": 7.10551738739,
        "min": -1.22426509857,
        "stdev": 4.50556373596
    },
    "spectral_rms": {
        "max": 0.0195268429816,
        "mean": 0.0023466499988,
        "min": 3.16260797932e-12,
        "stdev": 0.00247640348971
    },
    "spectral_rolloff": {
        "max": 19336.8164062,
        "mean": 1765.67626953,
        "min": 258.3984375,
        "stdev": 1706.36572266
    },
    "spectral_skewness": {
        "max": 5.62315320969,
        "mean": 1.83767473698,
        "min": -0.0156225832179,
        "stdev": 0.556193590164
    },
    "spectral_spread": {
        "max": 41217952,
        "mean": 3298496.25,
        "min": 1312968,
        "stdev": 3051857
    },
    "spectral_strongpeak": {
        "max": 14.0664634705,
        "mean": 0.740318238735,
        "min": 0,
        "stdev": 1.25009262562
    },
    "zerocrossingrate": {
        "max": 0.52197265625,
        "mean": 0.0627273544669,
        "min": 0.013671875,
        "stdev": 0.0453835316002
    },
    "barkbands": {
        "max": [6.27389890724e-05, 0.000458008260466, 0.00432322127745, 0.0134478900582, 0.0224545449018, 0.0309612285346, 0.0495658405125, 0.0821514949203, 0.294496625662, 0.0397088341415, 0.0603836812079, 0.0562804564834, 0.030681412667, 0.0086367065087, 0.00434894906357, 0.00316003826447, 0.00222129863687, 0.00191749923397, 0.00194356439169, 0.00150686840061, 0.000764712807722, 0.000150406078319, 0.000976721174084, 0.000201158414711, 4.18776107836e-05, 1.84108421308e-06, 1.82537041837e-06],
        "mean": [4.81333563584e-06, 3.37220080837e-05, 0.000112457542855, 0.000410697772168, 0.00089077296434, 0.000809064309578, 0.00132638344076, 0.00150602706708, 0.00262443604879, 0.000998209347017, 0.000811988662463, 0.000767643854488, 0.0005894144997, 0.000291756965453, 0.000180498915142, 0.000172378015122, 0.000128195169964, 8.8145287009e-05, 8.65378679009e-05, 4.74644439237e-05, 2.18294135266e-05, 8.12241250969e-06, 1.31466085804e-05, 4.66065785076e-06, 1.84172085937e-06, 1.13055797613e-07, 2.32878938355e-09],
        "min": [7.52320473661e-25, 8.41408113409e-24, 5.86240167335e-24, 9.21159426572e-24, 2.80032179164e-23, 1.20234376864e-23, 2.49286877585e-23, 1.99658975395e-23, 3.01097920777e-23, 1.70718666454e-23, 5.84374984611e-24, 5.23902690442e-23, 6.32547170218e-23, 3.74332390893e-23, 9.0499744945e-23, 9.00180159891e-23, 8.3951562032e-23, 1.34041465345e-22, 1.95296527257e-22, 1.68465323143e-22, 3.87586547832e-22, 3.31608877024e-22, 4.59255431974e-22, 6.39066644905e-22, 9.48041777272e-22, 1.35940095772e-21, 2.09441727202e-21],
        "stdev": [6.44274450678e-06, 3.71202113456e-05, 0.000275298167253, 0.00124909623992, 0.00237121339887, 0.00226292479783, 0.00505272019655, 0.00613215984777, 0.0142164612189, 0.00394865730777, 0.0037893850822, 0.00352954212576, 0.00235721864738, 0.000638688681647, 0.00029289117083, 0.000276255770586, 0.000218302302528, 0.000171904059243, 0.000200758106075, 0.000128447936731, 6.08383998042e-05, 1.17002973639e-05, 5.2631701692e-05, 1.23937079479e-05, 3.61863089893e-06, 1.23506083582e-07, 5.88885846753e-08]
    },
    "erbbands": {
        "max": [0.00607473310083, 0.140769585967, 2.60037279129, 31.0227546692, 74.0179595947, 104.360809326, 188.117492676, 307.604736328, 786.03717041, 1410.70922852, 2157.85522461, 8261.69335938, 1931.3840332, 1668.45910645, 1688.4552002, 2047.55932617, 1729.18188477, 518.391845703, 203.03793335, 170.693862915, 159.346847534, 96.6527938843, 101.427459717, 79.7356185913, 98.4176864624, 64.9683151245, 45.7564125061, 16.8337268829, 3.75395822525, 12.0747156143, 30.2266521454, 11.8604917526, 1.26026582718, 0.644590854645, 0.216855943203, 0.0163038577884, 0.00339683354832, 0.00115823058877, 0.000264579051873, 0.000450052844826],
        "mean": [0.000636108045001, 0.0102403461933, 0.0977199375629, 0.795123398304, 1.57147634029, 3.40338683128, 6.05856370926, 6.89263439178, 11.3220739365, 29.5579967499, 41.1309814453, 66.4252243042, 35.9724311829, 31.0894870758, 28.5925483704, 34.7598190308, 28.9649085999, 17.1630554199, 10.9752702713, 10.0577764511, 9.24869251251, 7.07804107666, 5.28853130341, 3.68286776543, 4.34268712997, 2.16214823723, 1.18944871426, 0.577912390232, 0.29776981473, 0.338473021984, 0.366698861122, 0.158367395401, 0.0547050572932, 0.0257712733001, 0.010659406893, 0.00158538599499, 5.17373664479e-05, 5.13385020895e-06, 6.91333343639e-06, 1.41240298035e-05],
        "min": [1.88130969178e-22, 9.69311183838e-22, 5.07274124813e-21, 2.21523168568e-20, 2.72869694234e-20, 8.48795875935e-20, 8.8633107031e-20, 7.02892266496e-20, 2.79664517677e-19, 3.20312870912e-19, 5.44022523408e-19, 9.0426588403e-19, 7.18961917181e-19, 6.8126419474e-19, 5.55369476858e-19, 2.83533587784e-18, 2.53767886352e-18, 2.91427144895e-18, 4.07240991972e-18, 4.31977290523e-18, 6.83145596364e-18, 6.06293445063e-18, 6.4440736343e-18, 1.04872464417e-17, 9.53065673101e-18, 8.19345805945e-18, 1.44099660354e-17, 1.16315283964e-17, 1.0800469134e-17, 1.54567862617e-17, 1.27224348678e-17, 1.16437673608e-17, 1.21754509344e-17, 9.43446224321e-18, 7.27532314828e-18, 4.94432983647e-18, 2.57742944145e-18, 1.02247981633e-18, 2.74887756435e-19, 2.89308390257e-20],
        "stdev": [0.000646398577373, 0.0111907552928, 0.189685672522, 2.17353963852, 5.00170040131, 10.3282594681, 14.8244113922, 22.3491630554, 42.6664924622, 121.78364563, 174.70602417, 378.094390869, 142.921096802, 133.289352417, 123.045158386, 150.219207764, 120.24331665, 37.634929657, 17.6992473602, 15.726439476, 15.018456459, 10.8339014053, 9.87512969971, 7.4166932106, 9.92731761932, 5.37991142273, 3.38946795464, 1.32903420925, 0.398105829954, 0.882228195667, 1.54650986195, 0.626285672188, 0.0978269353509, 0.0512984097004, 0.0206794552505, 0.00179249397479, 0.000120136020996, 3.76441967092e-05, 1.77940291906e-05, 3.53675823135e-05]
    },
    "gfcc": {
        "mean": [-133.605682373, 115.732192993, -167.449462891, 18.6484851837, -67.7862167358, 12.7369976044, -45.0907402039, 4.40914678574, -22.464307785, -7.2632894516, -7.19857645035, -11.1847705841, -0.714531838894],
        "cov": [[15975.1650391, 1120.08825684, -2715.36083984, -232.885299683, -891.511230469, -173.422042847, -200.783035278, -456.953155518, 47.0148086548, -516.861450195, 177.118301392, -489.647094727, -164.241485596], [1120.08825684, 994.512329102, 262.078643799, -240.416763306, 5.79243469238, -432.296783447, -115.015693665, -30.5191478729, -112.738540649, -173.625610352, 10.9874944687, -79.7950439453, -61.7705535889], [-2715.36083984, 262.078643799, 962.684753418, 65.5454330444, 83.907081604, -206.870498657, -45.05727005, 60.4177436829, -120.823745728, 2.48436951637, -42.0424003601, 47.7739372253, -10.5408649445], [-232.885299683, -240.416763306, 65.5454330444, 395.411621094, 33.8078384399, 98.3320159912, -71.0576171875, -30.8174877167, -48.2098808289, 42.9925537109, 0.222154140472, 36.1704711914, 26.1149559021], [-891.511230469, 5.79243469238, 83.907081604, 33.8078384399, 225.932281494, 6.41460371017, -35.6860351562, 16.2719039917, -3.93791079521, 16.9160842896, -12.5801105499, 42.4956130981, 22.7978363037], [-173.422042847, -432.296783447, -206.870498657, 98.3320159912, 6.41460371017, 390.093811035, 75.1790618896, 22.5249404907, 41.9457588196, 110.98576355, -43.3273582458, 60.2037277222, 49.7819900513], [-200.783035278, -115.015693665, -45.05727005, -71.0576171875, -35.6860351562, 75.1790618896, 166.160598755, 49.5485992432, 26.5460624695, 6.44901895523, 8.69158363342, -10.0739212036, -6.06754493713], [-456.953155518, -30.5191478729, 60.4177436829, -30.8174877167, 16.2719039917, 22.5249404907, 49.5485992432, 138.773361206, 26.039100647, 51.7385749817, -15.3096895218, 26.6174964905, 6.66449737549], [47.0148086548, -112.738540649, -120.823745728, -48.2098808289, -3.93791079521, 41.9457588196, 26.5460624695, 26.039100647, 102.476333618, 34.7505645752, 11.1471405029, -5.05813646317, 0.121746644378], [-516.861450195, -173.625610352, 2.48436951637, 42.9925537109, 16.9160842896, 110.98576355, 6.44901895523, 51.7385749817, 34.7505645752, 128.727981567, -5.9983420372, 38.6661834717, 19.991897583], [177.118301392, 10.9874944687, -42.0424003601, 0.222154140472, -12.5801105499, -43.3273582458, 8.69158363342, -15.3096895218, 11.1471405029, -5.9983420372, 70.837310791, -8.16908168793, -24.2953739166], [-489.647094727, -79.7950439453, 47.7739372253, 36.1704711914, 42.4956130981, 60.2037277222, -10.0739212036, 26.6174964905, -5.05813646317, 38.6661834717, -8.16908168793, 76.2337722778, 39.4733848572], [-164.241485596, -61.7705535889, -10.5408649445, 26.1149559021, 22.7978363037, 49.7819900513, -6.06754493713, 6.66449737549, 0.121746644378, 19.991897583, -24.2953739166, 39.4733848572, 67.0633087158]],
        "icov": [[0.000646314874757, -0.00142036855686, 0.0019386705244, -0.000885590503458, 0.00187708879821, -0.000648698536679, 0.000739701732527, -0.000190351391211, -5.41510416951e-05, 0.00100373581517, -0.000278580439044, 0.00103942863643, -0.00015841863933], [-0.00142036855686, 0.00617526378483, -0.00444711185992, 0.00382113829255, -0.00440612109378, 0.00295608327724, 0.000443070894107, -0.000740288756788, 0.00293111824431, -0.000862306973431, 0.000196280670934, -0.000677118543535, 0.00016092635633], [0.0019386705244, -0.00444711185992, 0.00774036161602, -0.00331677147187, 0.00531500577927, -5.66685594094e-05, 0.00102240440901, -0.000529238895979, 0.00120649288874, 0.001594690606, 0.001554532093, 0.000744979886804, 0.00118740554899], [-0.000885590503458, 0.00382113829255, -0.00331677147187, 0.00616490095854, -0.00288056372665, -0.000295706791803, 0.00257493765093, -0.000556402548682, 0.00369104091078, -0.000856827013195, -0.0024785771966, 0.000909771304578, -0.00126896402799], [0.00187708879821, -0.00440612109378, 0.00531500577927, -0.00288056372665, 0.0106972614303, -0.00202829670161, 0.0029620542191, -0.000804363458883, -0.00115947832819, 0.00325943599455, -0.000436986942077, 0.00032993440982, -0.000609161099419], [-0.000648698536679, 0.00295608327724, -5.66685594094e-05, -0.000295706791803, -0.00202829670161, 0.00942749343812, -0.00500421551988, 0.0027988543734, 0.000782927963883, -0.00556631013751, 0.00718193687499, -0.00633986201137, 0.00219218665734], [0.000739701732527, 0.000443070894107, 0.00102240440901, 0.00257493765093, 0.0029620542191, -0.00500421551988, 0.0135433450341, -0.00628418987617, 0.00195983308367, 0.00578066240996, -0.00673341006041, 0.00747601315379, -0.00263125961646], [-0.000190351391211, -0.000740288756788, -0.000529238895979, -0.000556402548682, -0.000804363458883, 0.0027988543734, -0.00628418987617, 0.0130957495421, -0.00337887881324, -0.00611816719174, 0.00578214786947, -0.00672081019729, 0.003191862721], [-5.41510416951e-05, 0.00293111824431, 0.00120649288874, 0.00369104091078, -0.00115947832819, 0.000782927963883, 0.00195983308367, -0.00337887881324, 0.0177440196276, -0.00292491330765, -0.00332690356299, 0.00477716047317, -0.00153180514462], [0.00100373581517, -0.000862306973431, 0.001594690606, -0.000856827013195, 0.00325943599455, -0.00556631013751, 0.00578066240996, -0.00611816719174, -0.00292491330765, 0.017788765952, -0.00464138528332, 0.00145960960072, -0.00143501535058], [-0.000278580439044, 0.000196280670934, 0.001554532093, -0.0024785771966, -0.000436986942077, 0.00718193687499, -0.00673341006041, 0.00578214786947, -0.00332690356299, -0.00464138528332, 0.0247650332749, -0.0105963340029, 0.0109399445355], [0.00103942863643, -0.000677118543535, 0.000744979886804, 0.000909771304578, 0.00032993440982, -0.00633986201137, 0.00747601315379, -0.00672081019729, 0.00477716047317, 0.00145960960072, -0.0105963340029, 0.0331623181701, -0.016178837046], [-0.00015841863933, 0.00016092635633, 0.00118740554899, -0.00126896402799, -0.000609161099419, 0.00219218665734, -0.00263125961646, 0.003191862721, -0.00153180514462, -0.00143501535058, 0.0109399445355, -0.016178837046, 0.0272935274988]]
    },
    "melbands": {
        "max": [7.16650029062e-05, 0.0011269657407, 0.00550590734929, 0.00587082933635, 0.005652312655, 0.00642421422526, 0.0106137124822, 0.0154226217419, 0.0231093913317, 0.0446398854256, 0.00966659095138, 0.00699427211657, 0.00676040863618, 0.0032813588623, 0.00920966919512, 0.00298271072097, 0.000968297419604, 0.000349836191162, 0.000260248023551, 0.000240430730628, 0.00018524294137, 0.000133497596835, 0.000119862590509, 8.98009675439e-05, 7.22268960089e-05, 0.000100065910374, 7.67548772274e-05, 3.15194629366e-05, 3.43825558957e-05, 1.67339621839e-05, 7.44204589864e-06, 2.2846304546e-06, 4.05989794672e-06, 7.89866135165e-06, 1.65589353855e-05, 1.820525722e-05, 3.26603299072e-06, 8.08683239484e-07, 3.62695516287e-07, 7.30757165002e-07],
        "mean": [7.91285765445e-06, 4.51925407106e-05, 0.000163374803378, 0.000162593089044, 0.000214891304495, 0.000152470049215, 0.000200093956664, 0.000315987446811, 0.000372871407308, 0.000393621681724, 0.000169747989275, 0.000125748818391, 0.000106064035208, 7.87082099123e-05, 8.72596428962e-05, 5.24296265212e-05, 2.92909080599e-05, 1.84464679478e-05, 1.36543358167e-05, 1.24744810819e-05, 1.06129409687e-05, 7.58377109378e-06, 6.05640934737e-06, 3.52418237526e-06, 2.77968183582e-06, 3.84718532587e-06, 2.45143428401e-06, 1.10114967811e-06, 8.0005389691e-07, 4.88516377573e-07, 2.79403423065e-07, 1.69897674596e-07, 1.41353297067e-07, 2.09290590192e-07, 2.29255860518e-07, 1.61073174354e-07, 7.23013471315e-08, 4.0435239157e-08, 2.44207036815e-08, 2.08487787035e-08],
        "min": [2.31147289282e-24, 2.29438419346e-24, 3.89488554584e-24, 3.62723174601e-24, 4.02502471823e-24, 1.9607536174e-24, 5.18988710203e-24, 2.73982949196e-24, 4.91454230281e-24, 5.44622311444e-24, 3.65614507591e-24, 2.83774211865e-24, 1.11664681084e-24, 5.90181513633e-24, 6.92835707128e-24, 7.18215886804e-24, 4.16983315359e-24, 6.29652445127e-24, 5.53102211188e-24, 5.59063435834e-24, 8.44921778767e-24, 4.75736571175e-24, 3.80214114136e-24, 5.63129343268e-24, 8.24234374844e-24, 4.86188465409e-24, 6.53241476674e-24, 4.72838059551e-24, 8.87232806735e-24, 7.53209283243e-24, 5.33725026343e-24, 6.01804314109e-24, 6.41884285665e-24, 7.87965153663e-24, 6.37324314645e-24, 7.66739352172e-24, 7.46978938699e-24, 7.95485522445e-24, 8.36339682093e-24, 7.7316351984e-24],
        "stdev": [7.5984621617e-06, 8.63541208673e-05, 0.000446540856501, 0.000444473698735, 0.000516201544087, 0.000466970494017, 0.000727551057935, 0.00123286258895, 0.00171780760866, 0.00214293156751, 0.000683179649059, 0.000543789123185, 0.000485070893774, 0.000326344306814, 0.000443617813289, 0.000200719980057, 6.53300085105e-05, 3.31889241352e-05, 2.07369921554e-05, 2.09109475691e-05, 1.81889572559e-05, 1.27966013679e-05, 1.13255891847e-05, 7.06575974618e-06, 5.96682502874e-06, 9.64235277934e-06, 6.89207490723e-06, 2.66377287517e-06, 2.45172668656e-06, 1.33926664603e-06, 5.78957497055e-07, 2.23302521363e-07, 2.39059232854e-07, 6.22402637873e-07, 9.10002768251e-07, 8.57414875099e-07, 2.17622456944e-07, 6.88829970841e-08, 3.72646624669e-08, 4.8683922671e-08]
    },
    "melbands128": {
        "max": [3.69539338863e-05, 5.27011688973e-05, 8.39420536067e-05, 0.000306086614728, 0.000428990868386, 0.00284448754974, 0.00751933269203, 0.00904305372387, 0.00912799313664, 0.0101605132222, 0.00756361102685, 0.00938888452947, 0.0093472097069, 0.0103907668963, 0.0111321676522, 0.00715158833191, 0.0150303430855, 0.0151293063536, 0.0180655289441, 0.0261757764965, 0.0172039028257, 0.0302555449307, 0.0369928404689, 0.071181088686, 0.0989883616567, 0.0254281647503, 0.0204100981355, 0.0111674759537, 0.0113637177274, 0.0122206714004, 0.0110162012279, 0.0183198787272, 0.0130301145837, 0.0125999674201, 0.0053320992738, 0.0071217645891, 0.00972335599363, 0.0195755567402, 0.0054666348733, 0.0088615398854, 0.00292074610479, 0.00142284797039, 0.00213818834163, 0.00215629744343, 0.000900360872038, 0.000505981442984, 0.000612600531895, 0.000155508081662, 0.00038036541082, 0.000491978076752, 0.000271725468338, 0.000649334397167, 0.000218891131226, 0.000273840792943, 0.000356331525836, 0.000144762321725, 0.000143316588947, 0.000169607621501, 0.000233978338656, 0.000126058701426, 0.000125889651827, 6.07016809226e-05, 8.15994862933e-05, 0.000116959563456, 0.000121830089483, 0.000148182967678, 0.000111616711365, 7.15958231012e-05, 0.000124462894746, 0.000136327580549, 1.93961641344e-05, 2.52812860708e-05, 3.12751799356e-05, 4.48361679446e-05, 3.43186802638e-05, 1.81576342584e-05, 1.64877747011e-05, 1.3795477571e-05, 8.68321603775e-06, 6.40522603135e-06, 3.70664611182e-06, 2.19023968384e-06, 2.08709980143e-06, 4.40992062067e-06, 5.26556868863e-06, 7.85316842666e-06, 1.03012444015e-05, 1.73824973899e-05, 1.31517153932e-05, 1.98208181246e-05, 2.86144349957e-05, 1.45266894833e-05, 7.89046134742e-06, 4.51067580798e-06, 2.13563953366e-06, 1.31807689741e-06, 6.95909022852e-07, 5.53314066565e-07, 4.18090365883e-07, 4.00210609541e-07, 5.87115096096e-07, 9.89899604065e-07, 7.69677910739e-07, 6.62675006424e-07, 2.68462741815e-07, 1.68954485957e-07, 1.04650673904e-07, 3.22823368037e-08, 2.03133616594e-08, 1.27174741849e-08, 1.17347420669e-08, 1.10829612154e-08, 1.05735917799e-08, 1.0075171808e-08, 9.66060120788e-09, 9.28078236484e-09, 8.92376927908e-09, 8.61457660761e-09, 8.37403213438e-09, 8.10215095015e-09, 7.85512188628e-09, 7.69721797411e-09, 7.52707673968e-09, 7.37882288604e-09, 7.26384596916e-09, 7.16296266745e-09, 7.09119074571e-09, 7.05696434622e-09],
        "mean": [2.91881906378e-06, 3.41923532687e-06, 9.92122841126e-06, 1.65787187143e-05, 2.80725853372e-05, 6.61150261294e-05, 0.000151280517457, 0.000221924376092, 0.000148009130498, 0.000112438152428, 0.000204313299037, 0.000238964246819, 0.000199246482225, 0.00021408815519, 0.000179357230081, 9.35932694119e-05, 0.000114542097435, 0.000194757900317, 0.000322515290463, 0.000400254124543, 0.000242544439971, 0.000276795646641, 0.000373811286408, 0.000467403733637, 0.000562656030525, 0.000304910878185, 0.000166400088347, 0.00017139861302, 0.000158525406732, 0.000116694631288, 0.000106055987999, 0.000153901564772, 0.000111671943159, 7.92874052422e-05, 4.71814200864e-05, 9.10780727281e-05, 0.000108893334982, 9.56774092629e-05, 6.31855218671e-05, 6.75935298204e-05, 4.84386764583e-05, 3.55500706064e-05, 2.85919941234e-05, 2.73065652436e-05, 2.41000143433e-05, 1.58458606165e-05, 1.33809544423e-05, 1.28316651171e-05, 1.41762902786e-05, 1.46393085743e-05, 1.15998946058e-05, 1.1286494555e-05, 1.07089572339e-05, 1.06134093585e-05, 9.87771272776e-06, 6.90237675371e-06, 6.20294031251e-06, 5.93997037868e-06, 6.8500235102e-06, 4.63690912511e-06, 3.29723820869e-06, 2.76261948784e-06, 2.09248378269e-06, 2.60748856817e-06, 4.09320909966e-06, 4.7032058319e-06, 3.23860081153e-06, 2.21059099204e-06, 2.63304241344e-06, 2.2946505851e-06, 8.61822570641e-07, 6.46270507332e-07, 7.81779419867e-07, 9.11264521619e-07, 7.28184829768e-07, 4.85255782223e-07, 4.0269907231e-07, 3.44397790286e-07, 2.68111278956e-07, 2.10804330436e-07, 1.83370673312e-07, 1.5336044612e-07, 1.29226108925e-07, 1.30558177602e-07, 1.52214198579e-07, 2.00843302878e-07, 2.21519869115e-07, 2.48201246222e-07, 2.49438301125e-07, 1.94873152282e-07, 1.99317796046e-07, 1.54226000859e-07, 9.10443915814e-08, 7.40668539834e-08, 5.68309772575e-08, 4.74141259588e-08, 3.6931105285e-08, 3.06063121513e-08, 2.41701112458e-08, 2.11796091776e-08, 2.21020037827e-08, 2.21592344474e-08, 1.72568093149e-08, 1.57197757034e-08, 1.21777565809e-08, 9.37092092812e-09, 6.54310516879e-09, 4.14428757978e-09, 1.90206139727e-09, 1.06535287536e-10, 1.4764526407e-11, 1.39882879585e-11, 1.33757995999e-11, 1.27753007825e-11, 1.22777352521e-11, 1.18178487829e-11, 1.13601775556e-11, 1.09445386781e-11, 1.06443690667e-11, 1.03212820235e-11, 1.00249886517e-11, 9.83484561151e-12, 9.62180682351e-12, 9.429190935e-12, 9.29232645691e-12, 9.17607483053e-12, 9.08787888693e-12, 9.04076900149e-12],
        "min": [1.92088641149e-25, 4.55056188114e-25, 2.79874142714e-24, 1.16869289513e-24, 1.78901287909e-24, 3.25278747887e-24, 3.00093180196e-24, 4.28294831322e-24, 2.4918005793e-24, 1.48609384136e-24, 2.98394092135e-24, 2.83490695256e-24, 2.27885408604e-24, 1.74312898176e-24, 2.73738752372e-25, 2.74464943209e-24, 4.50099459502e-24, 2.69572427874e-24, 3.78481499487e-24, 2.74045998903e-24, 1.70570719535e-24, 1.655851975e-24, 3.1728878993e-24, 2.93765214116e-24, 5.50415982034e-24, 1.04167159686e-24, 5.34659313756e-24, 8.60005410642e-25, 1.93970385022e-24, 1.50484427622e-24, 2.42986158761e-24, 3.2890581693e-25, 2.83784871348e-25, 1.08486952142e-24, 2.52813866804e-24, 5.26607568268e-24, 3.68442968367e-24, 2.62012655491e-24, 1.61606400031e-24, 2.09675422354e-24, 2.10117164739e-24, 5.2040073178e-24, 2.43792887365e-24, 1.91844385161e-24, 2.63451932212e-24, 7.49740188526e-24, 4.71365216797e-24, 5.17381721653e-24, 4.64504138517e-24, 3.62222090154e-24, 5.53408801979e-24, 2.43510159617e-24, 2.67138358108e-24, 5.56139917319e-24, 1.87060200151e-24, 2.83617465203e-24, 6.15741080278e-24, 2.28587731468e-24, 3.18818884263e-24, 2.0519932697e-24, 4.4292686005e-24, 6.00054620621e-24, 3.33685323009e-24, 3.88902075944e-24, 5.51817866748e-24, 3.36183448281e-24, 4.47720018353e-24, 7.38408201622e-24, 7.02883744022e-24, 4.84581437416e-24, 2.84606677057e-24, 6.41715863861e-24, 5.33800914762e-24, 5.7527444855e-24, 5.89358968367e-24, 6.21593244904e-24, 4.8331799779e-24, 3.83767774742e-24, 4.50674578545e-24, 3.11703161683e-24, 7.66515236789e-24, 3.17896883358e-24, 4.55876840113e-24, 4.94730251291e-24, 6.00538586786e-24, 6.07494249489e-24, 5.37380055575e-24, 5.71859233033e-24, 4.68430851445e-24, 4.01345843964e-24, 5.05044804842e-24, 3.70798428144e-24, 3.49115600088e-24, 5.57960687174e-24, 5.32210216189e-24, 4.49305747102e-24, 6.36002933186e-24, 6.03471729404e-24, 7.33893550662e-24, 5.7112803786e-24, 6.80488377353e-24, 6.41502989746e-24, 7.4118073216e-24, 6.41069274021e-24, 6.36848237089e-24, 5.53561328235e-24, 7.74008863186e-24, 5.89965799618e-24, 7.80830301206e-24, 7.43124248772e-24, 6.87416706025e-24, 8.35982880306e-24, 8.51009418373e-24, 5.26336555104e-24, 5.28910411023e-24, 6.61076167084e-24, 6.70993647498e-24, 5.75135372372e-24, 5.75089145123e-24, 7.57826565007e-24, 6.78079906123e-24, 7.07438153572e-24, 7.05720014521e-24, 5.31826593131e-24, 7.54257521613e-24, 6.1179440917e-24, 9.22441719974e-24, 7.80288905967e-24],
        "stdev": [3.80032452085e-06, 5.11213329446e-06, 9.59718090598e-06, 2.19562462007e-05, 4.93933766847e-05, 0.000177447756869, 0.000442163349362, 0.00072342902422, 0.000576185877435, 0.00051850033924, 0.000712329056114, 0.000836919934954, 0.000606409797911, 0.000694960588589, 0.000762938347179, 0.000364042585716, 0.000610211165622, 0.000954765186179, 0.00146357819904, 0.00209229951724, 0.00117515877355, 0.00146533770021, 0.00219576060772, 0.00356697547249, 0.00419920450076, 0.00171713065356, 0.000978223863058, 0.000870177987963, 0.000785474956501, 0.000722146069165, 0.000652664457448, 0.000948929984588, 0.000662679492962, 0.000544010021258, 0.000276320031844, 0.000492211955134, 0.000570933974814, 0.000819632492494, 0.000314651580993, 0.000424086640123, 0.000190388542251, 9.53125490923e-05, 8.81976084202e-05, 9.18715668377e-05, 7.04980921e-05, 2.8747072065e-05, 2.88642531814e-05, 1.80867918971e-05, 2.72541710729e-05, 3.14008284477e-05, 2.06534386962e-05, 2.98546146951e-05, 1.93776140804e-05, 2.24148989219e-05, 2.5159728466e-05, 1.23444342535e-05, 1.1273608834e-05, 1.16655410238e-05, 1.69917748281e-05, 1.04463215393e-05, 8.13927817944e-06, 5.69792018723e-06, 4.54944802186e-06, 6.998157005e-06, 1.07376317828e-05, 1.37238212119e-05, 9.1977244665e-06, 6.16370198259e-06, 8.93882952369e-06, 8.45113117975e-06, 1.88685396552e-06, 1.65269170793e-06, 2.48963829108e-06, 3.19159335049e-06, 2.46216632149e-06, 1.3100295746e-06, 1.18313198527e-06, 9.25650226691e-07, 5.61912770536e-07, 3.48291081309e-07, 2.71595808954e-07, 2.18542041353e-07, 1.70172711478e-07, 2.34343517036e-07, 3.22775548511e-07, 5.90845104398e-07, 7.06539765361e-07, 9.97688403004e-07, 9.00257134617e-07, 9.51981121489e-07, 1.24550717828e-06, 8.11389043065e-07, 3.67632850384e-07, 2.46493613076e-07, 1.28067085825e-07, 9.30120478415e-08, 6.13021242657e-08, 4.72341348257e-08, 3.80416622647e-08, 3.59961802587e-08, 4.58748736776e-08, 6.10592820749e-08, 4.55107027619e-08, 3.86320202495e-08, 2.43662920951e-08, 1.52914161333e-08, 9.08621355933e-09, 4.50314807665e-09, 2.29966978793e-09, 4.35905367357e-10, 3.78570341741e-10, 3.575434393e-10, 3.41112832425e-10, 3.25034360538e-10, 3.11660613983e-10, 2.99406915927e-10, 2.87889934114e-10, 2.7791538515e-10, 2.7015478743e-10, 2.61384108802e-10, 2.5341512222e-10, 2.48321335716e-10, 2.42831338371e-10, 2.38049774337e-10, 2.34340463701e-10, 2.3108542857e-10, 2.28770086208e-10, 2.27666038799e-10]
    },
    "mfcc": {
        "mean": [-750.666931152, 136.713439941, -36.3773460388, 2.2998278141, -3.88475108147, -2.61149263382, -5.99309253693, -0.0878631919622, -7.25679063797, -0.097195930779, -6.69231891632, -2.78293466568, -0.629379153252],
        "cov": [[9636.359375, 197.582733154, -1259.19689941, -476.27230835, -570.132385254, 14.5048332214, -334.332397461, 17.9193725586, -364.897949219, 40.0810546875, 118.3748703, -8.88070297241, -234.462890625], [197.582733154, 1411.30151367, 192.802581787, 121.114715576, 16.3900241852, -409.095245361, -64.4882202148, -33.0028266907, -139.913803101, -100.271484375, -41.1489028931, -157.247467041, 40.5883789062], [-1259.19689941, 192.802581787, 586.688415527, 217.07019043, 17.0345077515, -90.106300354, 40.7270202637, -33.2733078003, -31.279548645, -34.0461235046, -76.8957901001, -20.1806297302, 20.8069057465], [-476.27230835, 121.114715576, 217.07019043, 337.707641602, 126.716941833, -88.5706329346, 6.54443454742, -39.372592926, -80.6211929321, -48.0264358521, -54.2291641235, -29.8835506439, -5.28521156311], [-570.132385254, 16.3900241852, 17.0345077515, 126.716941833, 235.508743286, 39.6321640015, -16.6502418518, -28.0664081573, -2.6932053566, -40.5608787537, -21.6765651703, -22.3788032532, 3.64110207558], [14.5048332214, -409.095245361, -90.106300354, -88.5706329346, 39.6321640015, 268.09765625, 43.1051254272, -0.420113265514, 71.395324707, 3.37866234779, -1.0839561224, 49.7428855896, -26.6934814453], [-334.332397461, -64.4882202148, 40.7270202637, 6.54443454742, -16.6502418518, 43.1051254272, 108.161727905, 38.0724220276, 24.0846996307, 11.189491272, -8.50796031952, 16.2625102997, 5.107629776], [17.9193725586, -33.0028266907, -33.2733078003, -39.372592926, -28.0664081573, -0.420113265514, 38.0724220276, 84.0242538452, 28.4031276703, 8.55107116699, 8.81381225586, 8.74532699585, 2.13561105728], [-364.897949219, -139.913803101, -31.279548645, -80.6211929321, -2.6932053566, 71.395324707, 24.0846996307, 28.4031276703, 146.792495728, 38.1060295105, -5.43611717224, 26.2775669098, 16.0951747894], [40.0810546875, -100.271484375, -34.0461235046, -48.0264358521, -40.5608787537, 3.37866234779, 11.189491272, 8.55107116699, 38.1060295105, 86.456199646, 36.0876960754, 22.2971038818, 10.8367843628], [118.3748703, -41.1489028931, -76.8957901001, -54.2291641235, -21.6765651703, -1.0839561224, -8.50796031952, 8.81381225586, -5.43611717224, 36.0876960754, 87.72605896, 28.9237136841, -3.60106539726], [-8.88070297241, -157.247467041, -20.1806297302, -29.8835506439, -22.3788032532, 49.7428855896, 16.2625102997, 8.74532699585, 26.2775669098, 22.2971038818, 28.9237136841, 72.9734191895, 12.0576572418], [-234.462890625, 40.5883789062, 20.8069057465, -5.28521156311, 3.64110207558, -26.6934814453, 5.107629776, 2.13561105728, 16.0951747894, 10.8367843628, -3.60106539726, 12.0576572418, 60.8652420044]],
        "icov": [[0.000392127607483, -0.000409629807109, 0.000886131078005, -0.000404372432968, 0.00117813749239, -0.00101271411404, 0.00146612548269, -0.000757367350161, 0.00129253102932, -0.00100009341259, 0.00104585348163, -0.000656819436699, 0.000862846325617], [-0.000409629807109, 0.00223869201727, -0.00117317552213, 0.00133807654493, -0.0017637598794, 0.00384660181589, -0.00246573821642, 0.00178109761328, -0.00141647132114, 0.00305175315589, -0.00167828530539, 0.00264645344578, -0.00140902434941], [0.000886131078005, -0.00117317552213, 0.00472107855603, -0.00268838903867, 0.00355686084367, -0.00210341927595, 0.0022490164265, -0.000663493468892, 0.0023277963046, -0.00206362525932, 0.00356661318801, -0.0019652871415, 0.0013999924995], [-0.000404372432968, 0.00133807654493, -0.00268838903867, 0.00874194595963, -0.00632150424644, 0.0058292481117, -0.00435636052862, 0.00276446621865, 0.00159921008162, 0.00112516840454, 0.00236941943876, -0.00184307864401, 0.00231345999055], [0.00117813749239, -0.0017637598794, 0.00355686084367, -0.00632150424644, 0.0119499433786, -0.00740187382326, 0.00669551035389, -0.00226131407544, 0.00163868267555, -0.000603477528784, 0.000191185899894, 0.0019424384227, -0.0011932856869], [-0.00101271411404, 0.00384660181589, -0.00210341927595, 0.0058292481117, -0.00740187382326, 0.0154891870916, -0.00951138325036, 0.00682425452396, -0.00521108787507, 0.00644143484533, -0.000511356629431, -0.00196374487132, 0.00314345071092], [0.00146612548269, -0.00246573821642, 0.0022490164265, -0.00435636052862, 0.00669551035389, -0.00951138325036, 0.0207391213626, -0.0109490323812, 0.00525279017165, -0.00690501509234, 0.0049792053178, -0.00298069207929, 0.000942267011851], [-0.000757367350161, 0.00178109761328, -0.000663493468892, 0.00276446621865, -0.00226131407544, 0.00682425452396, -0.0109490323812, 0.0197471734136, -0.00603493349627, 0.00571275688708, -0.00371407740749, 0.00135437771678, -0.000193577245227], [0.00129253102932, -0.00141647132114, 0.0023277963046, 0.00159921008162, 0.00163868267555, -0.00521108787507, 0.00525279017165, -0.00603493349627, 0.0163117982447, -0.00925980322063, 0.00848018471152, -0.00462733674794, 0.00140784459654], [-0.00100009341259, 0.00305175315589, -0.00206362525932, 0.00112516840454, -0.000603477528784, 0.00644143484533, -0.00690501509234, 0.00571275688708, -0.00925980322063, 0.0236363019794, -0.0115185659379, 0.0041443365626, -0.00510652502999], [0.00104585348163, -0.00167828530539, 0.00356661318801, 0.00236941943876, 0.000191185899894, -0.000511356629431, 0.0049792053178, -0.00371407740749, 0.00848018471152, -0.0115185659379, 0.0242516752332, -0.0121358102188, 0.00725857215002], [-0.000656819436699, 0.00264645344578, -0.0019652871415, -0.00184307864401, 0.0019424384227, -0.00196374487132, -0.00298069207929, 0.00135437771678, -0.00462733674794, 0.0041443365626, -0.0121358102188, 0.0273616872728, -0.0102107161656], [0.000862846325617, -0.00140902434941, 0.0013999924995, 0.00231345999055, -0.0011932856869, 0.00314345071092, 0.000942267011851, -0.000193577245227, 0.00140784459654, -0.00510652502999, 0.00725857215002, -0.0102107161656, 0.0247823372483]]
    },
    "spectral_contrast_coeffs": {
        "max": [-0.409819185734, -0.348545074463, -0.450848817825, -0.58106136322, -0.57067066431, -0.690348029137],
        "mean": [-0.717358708382, -0.787009060383, -0.79900854826, -0.821411907673, -0.797867715359, -0.797571122646],
        "min": [-0.97684264183, -0.981841444969, -0.970391213894, -0.969121217728, -0.963800728321, -0.962052166462],
        "stdev": [0.109699144959, 0.102520652115, 0.078979164362, 0.0489224605262, 0.0525042749941, 0.0400766022503]
    },
    "spectral_contrast_valleys": {
        "max": [-6.66786003113, -5.05983734131, -5.23889112473, -5.89898586273, -6.42607307434, -9.58402824402],
        "mean": [-8.393242836, -7.52691888809, -7.80530834198, -8.04432868958, -8.65832233429, -11.6347064972],
        "min": [-27.5578193665, -27.4819526672, -27.3648052216, -27.7209873199, -27.2182197571, -27.331905365],
        "stdev": [1.64382219315, 1.80020081997, 1.9150762558, 2.00236964226, 1.81478869915, 1.48634922504]
    }
},
"rhythm": {
    "beats_count": 36,
    "beats_loudness": {
        "max": 0.0881422311068,
        "mean": 0.01762371324,
        "min": 4.51163032267e-05,
        "stdev": 0.0256229527295
    },
    "bpm": 101.965507507,
    "bpm_histogram_first_peak_bpm": 103,
    "bpm_histogram_first_peak_weight": 0.629629611969,
    "bpm_histogram_second_peak_bpm": 89,
    "bpm_histogram_second_peak_spread": 0.5,
    "bpm_histogram_second_peak_weight": 0.0857142880559,
    "danceability": 1.12553036213,
    "onset_rate": 2.87258982658,
    "beats_loudness_band_ratio": {
        "max": [0.645011544228, 0.660766661167, 0.918460905552, 0.65444880724, 0.442542493343, 0.343105524778],
        "mean": [0.0955027341843, 0.153512835503, 0.333632737398, 0.300846993923, 0.136735498905, 0.0326743796468],
        "min": [0.00493948580697, 0.00436402810737, 0.0340829789639, 0.0390241667628, 0.00391222815961, 0.00203414959833],
        "stdev": [0.128826603293, 0.15904147923, 0.235641956329, 0.189214989543, 0.137269839644, 0.0656360834837]
    },
    "beats_position": [0.568888902664, 1.13777780533, 1.71827661991, 2.29877543449, 2.87927436829, 3.48299312592, 4.07510185242, 4.66721057892, 5.27092981339, 5.86303853989, 6.39709758759, 6.93115615845, 7.51165533066, 8.09215450287, 8.67265319824, 9.26476192474, 9.84526062012, 10.4257593155, 10.9946479797, 11.5635375977, 12.1672563553, 12.7477550507, 13.328253746, 13.9319725037, 14.5356912613, 15.1394100189, 15.7431287766, 16.3352375031, 16.9273471832, 17.5310649872, 18.2044448853, 18.8662128448, 19.5279808044, 20.2013607025, 20.8747386932, 21.5365066528],
