{
"metadata": {
    "version": {
        "essentia": "2.1-beta5",
        "essentia_git_sha": "Undefined",
        "extractor": "music 2.0"
    },
    "audio_properties": {
        "analysis": {
            "equal_loudness": 0,
            "length": 12.7477550507,
            "sample_rate": 44100,
            "start_time": 0,
            "downmix": "mix"
        },
        "bit_rate": 192000,
        "length": 196.731079102,
        "lossless": 0,
        "number_channels": 2,
        "replay_gain": 0.248550415039,
        "sample_rate": 48000,
        "codec": "mp3",
        "md5_encoded": "f2e636bafffc63e49b96c46eaa63d4a6"
    },
    "tags": {
        "file_name": "Denmark_Jeg Rev Et Blad Ud Af Min Dagbog_Raquel Rastenni.mp3",
        "encoding": ["Lavf58.29.100"]
    }
},
"lowlevel": {
    "average_loudness": 0.810198128223,
    "barkbands_crest": {
        "max": 25.8668613434,
        "mean": 9.56975078583,
        "min": 3.10623455048,
        "stdev": 4.7482085228
    },
    "barkbands_flatness_db": {
        "max": 0.35920342803,
        "mean": 0.191071629524,
        "min": 0.0422070659697,
        "stdev": 0.0648654401302
    },
    "barkbands_kurtosis": {
        "max": 92.2511138916,
        "mean": 2.54959774017,
        "min": -1.39499187469,
        "stdev": 7.4123249054
    },
    "barkbands_skewness": {
        "max": 8.84946346283,
        "mean": 1.16159892082,
        "min": -1.2881128788,
        "stdev": 1.11126279831
    },
    "barkbands_spread": {
        "max": 65.3556671143,
        "mean": 16.2033233643,
        "min": 1.45101082325,
        "stdev": 10.5184583664
    },
    "dissonance": {
        "max": 0.499908655882,
        "mean": 0.465502887964,
        "min": 0.297217041254,
        "stdev": 0.0264198612422
    },
    "dynamic_complexity": 7.89650344849,
    "erbbands_crest": {
        "max": 22.9580688477,
        "mean": 8.04341411591,
        "min": 1.91763603687,
        "stdev": 3.5659224987
    },
    "erbbands_flatness_db": {
        "max": 0.371406018734,
        "mean": 0.234772562981,
        "min": 0.0777881294489,
        "stdev": 0.0639912560582
    },
    "erbbands_kurtosis": {
        "max": 9.37826061249,
        "mean": -0.0647006705403,
        "min": -1.597702384,
        "stdev": 1.44202077389
    },
    "erbbands_skewness": {
        "max": 2.33094286919,
        "mean": 0.241931989789,
        "min": -0.884494006634,
        "stdev": 0.453395068645
    },
    "erbbands_spread": {
        "max": 89.5923080444,
        "mean": 29.0190200806,
        "min": 3.71241164207,
        "stdev": 17.6053466797
    },
    "hfc": {
        "max": 70.8288879395,
        "mean": 14.5743398666,
        "min": 0.00469656055793,
        "stdev": 13.6737241745
    },
    "loudness_ebu128": {
        "integrated": -24.1508541107,
        "loudness_range": 11.8865661621,
        "momentary": {
            "max": -19.4161872864,
            "mean": -30.3528327942,
            "min": -61.3593292236,
            "stdev": 11.5101194382
        },
        "short_term": {
            "max": -23.0459728241,
            "mean": -26.3103637695,
            "min": -38.6142044067,
            "stdev": 4.5345749855
        }
    },
    "melbands_crest": {
        "max": 29.1292095184,
        "mean": 12.2680883408,
        "min": 3.41283631325,
        "stdev": 5.18424129486
    },
    "melbands_flatness_db": {
        "max": 0.464285433292,
        "mean": 0.221167340875,
        "min": 0.0802641436458,
        "stdev": 0.0765750557184
    },
    "melbands_kurtosis": {
        "max": 136.745864868,
        "mean": 7.51653957367,
        "min": -1.02943706512,
        "stdev": 13.7236318588
    },
    "melbands_skewness": {
        "max": 9.34897994995,
        "mean": 1.86924266815,
        "min": -0.831494987011,
        "stdev": 1.5157135725
    },
    "melbands_spread": {
        "max": 56.0877456665,
        "mean": 19.6053237915,
        "min": 1.16602647305,
        "stdev": 10.0859870911
    },
    "pitch_salience": {
        "max": 0.906470000744,
        "mean": 0.577667295933,
        "min": 0.0893718898296,
        "stdev": 0.139301717281
    },
    "silence_rate_20dB": {
        "max": 1,
        "mean": 1,
        "min": 1,
        "stdev": 0
    },
    "silence_rate_30dB": {
        "max": 1,
        "mean": 0.969090938568,
        "min": 0,
        "stdev": 0.17307151854
    },
    "silence_rate_60dB": {
        "max": 1,
        "mean": 0.221818178892,
        "min": 0,
        "stdev": 0.415468305349
    },
    "spectral_centroid": {
        "max": 2434.17333984,
        "mean": 1233.015625,
        "min": 437.007110596,
        "stdev": 439.228485107
    },
    "spectral_complexity": {
        "max": 34,
        "mean": 16.478181839,
        "min": 0,
        "stdev": 10.1915578842
    },
    "spectral_decrease": {
        "max": -5.7115006084e-13,
        "mean": -6.06648642432e-09,
        "min": -5.17718703463e-08,
        "stdev": 7.68365993054e-09
    },
    "spectral_energy": {
        "max": 0.198480248451,
        "mean": 0.0242182537913,
        "min": 2.66683809969e-06,
        "stdev": 0.0297595150769
    },
    "spectral_energyband_high": {
        "max": 0.000530109973624,
        "mean": 7.86742457421e-05,
        "min": 6.39367812028e-08,
        "stdev": 8.67212365847e-05
    },
    "spectral_energyband_low": {
        "max": 0.176556780934,
        "mean": 0.00854421313852,
        "min": 6.19437159344e-08,
        "stdev": 0.0252478010952
    },
    "spectral_energyband_middle_high": {
        "max": 0.0314127616584,
        "mean": 0.00526790786535,
        "min": 4.37838878042e-07,
        "stdev": 0.00539848906919
    },
    "spectral_energyband_middle_low": {
        "max": 0.0874071493745,
        "mean": 0.0107735842466,
        "min": 7.94722666342e-07,
        "stdev": 0.0111621776596
    },
    "spectral_entropy": {
        "max": 8.44074344635,
        "mean": 7.27225542068,
        "min": 5.78871059418,
        "stdev": 0.530741333961
    },
    "spectral_flux": {
        "max": 0.272412151098,
        "mean": 0.0575994849205,
        "min": 0.00111108878627,
        "stdev": 0.0402176529169
    },
    "spectral_kurtosis": {
        "max": 78.9359893799,
        "mean": 10.1396465302,
        "min": 0.341636657715,
        "stdev": 13.4949617386
    },
    "spectral_rms": {
        "max": 0.0139154326171,
        "mean": 0.00400399090722,
        "min": 5.10077770741e-05,
        "stdev": 0.00275601400062
    },
    "spectral_rolloff": {
        "max": 5555.56640625,
        "mean": 1347.93969727,
        "min": 86.1328125,
        "stdev": 747.82611084
    },
    "spectral_skewness": {
        "max": 7.3488073349,
        "mean": 1.91898083687,
        "min": 0.672614693642,
        "stdev": 1.30033588409
    },
    "spectral_spread": {
        "max": 8501098,
        "mean": 2853916.75,
        "min": 1114295.625,
        "stdev": 1423806.75
    },
    "spectral_strongpeak": {
        "max": 5.70316123962,
        "mean": 0.944522678852,
        "min": 0,
        "stdev": 0.903282225132
    },
    "zerocrossingrate": {
        "max": 0.19287109375,
        "mean": 0.0509082041681,
        "min": 0.00439453125,
        "stdev": 0.0247326735407
    },
    "barkbands": {
        "max": [0.000482590083266, 0.171635866165, 0.0997906550765, 0.00788705609739, 0.0158724226058, 0.0539304502308, 0.0420311465859, 0.0246407352388, 0.0225859023631, 0.0150915989652, 0.00807362981141, 0.00732736475766, 0.00831763166934, 0.00533705251291, 0.0104653369635, 0.00605886150151, 0.00470741512254, 0.00230833888054, 0.0027043975424, 0.00314638344571, 0.000337893347023, 0.000140039308462, 9.35712014325e-05, 5.82654647587e-05, 2.84427314909e-05, 4.62800335299e-06, 5.034149126e-06],
        "mean": [4.96126767757e-06, 0.00651837512851, 0.00187480624299, 0.000470726750791, 0.00133142166305, 0.0016990264412, 0.00344788748771, 0.00198840699159, 0.00127371272538, 0.00134389777668, 0.00055596313905, 0.000580885505769, 0.000426085112849, 0.000457384041511, 0.000551609962713, 0.000607610214502, 0.00041597004747, 0.00019532731676, 0.000246262643486, 0.000179355658474, 2.57484716712e-05, 1.36792214107e-05, 5.86425267102e-06, 2.40553845288e-06, 8.7306915475e-07, 9.41394606713e-09, 1.02144115388e-08],
        "min": [1.99493407904e-10, 9.2496819093e-09, 2.50847573824e-08, 1.10984075263e-08, 5.80527377281e-08, 4.18314343165e-08, 3.83240710278e-08, 3.16455377458e-08, 3.6341756271e-08, 1.96300291577e-08, 8.95488661001e-09, 1.22742855879e-08, 1.80010193418e-08, 1.91293931806e-08, 1.73833640815e-08, 1.61691566802e-08, 2.66333231025e-08, 1.82821242589e-08, 2.53731755606e-08, 8.44607850325e-09, 1.67734395262e-08, 1.05247073279e-08, 2.3624814105e-08, 8.09067568497e-09, 1.05727748778e-09, 5.52885619232e-11, 3.83455107944e-11],
        "stdev": [2.23603474296e-05, 0.0226240865886, 0.00887710507959, 0.000853583449498, 0.00187189388089, 0.00394098181278, 0.00499154394493, 0.00321960775182, 0.00240586092696, 0.00195164827164, 0.000908564252313, 0.00093184056459, 0.00089630036382, 0.000725863268599, 0.000994715141132, 0.000789251935203, 0.000581347907428, 0.000262849440333, 0.000345206615748, 0.00036585945054, 3.57575445378e-05, 1.92212155525e-05, 9.03561431187e-06, 5.71940699956e-06, 2.57876627074e-06, 1.97122872692e-07, 2.14422897216e-07]
    },
    "erbbands": {
        "max": [2.87688684464, 44.8037452698, 107.295196533, 48.3838119507, 44.170753479, 68.1168518066, 117.747825623, 584.956237793, 457.184112549, 428.931365967, 312.631378174, 338.0078125, 599.82220459, 300.860900879, 538.778137207, 265.344482422, 229.626876831, 384.666992188, 567.640991211, 298.96661377, 367.226867676, 333.571624756, 128.315597534, 125.056175232, 177.729675293, 76.9463806152, 19.5205554962, 6.02182769775, 3.51400136948, 2.73842930794, 2.56607460976, 1.30795955658, 1.02465867996, 0.541994333267, 0.106216296554, 0.0190217215568, 0.00866223406047, 0.00310476310551, 0.000730622676201, 0.000217066815821],
        "mean": [0.101050645113, 1.74972987175, 2.83510947227, 1.53260207176, 3.41343355179, 4.21617984772, 7.90409612656, 15.6469726562, 47.2234764099, 47.8466758728, 31.56001091, 27.7533435822, 45.4749107361, 34.1204490662, 25.9260730743, 21.0493106842, 17.7060489655, 26.8818645477, 27.1457252502, 21.5763092041, 38.180770874, 23.2676639557, 11.6878957748, 12.2032203674, 15.3878107071, 6.15305995941, 1.7055914402, 0.69209510088, 0.459670454264, 0.326162517071, 0.154260516167, 0.0661776810884, 0.0336080938578, 0.0156644787639, 0.00293226423673, 0.000125663937069, 3.06015463138e-05, 9.43244140217e-06, 1.38849973155e-05, 2.80822823697e-05],
        "min": [1.56471685386e-07, 2.81115944745e-06, 2.46402396442e-05, 9.86737431958e-05, 0.000136693124659, 0.000190330989426, 0.000364834471839, 0.000443604716565, 0.00056058622431, 0.000777837762143, 0.0007373985718, 0.00101692311, 0.000857608160004, 0.000931780959945, 0.000817712396383, 0.000872405769769, 0.000940395111684, 0.00112797168549, 0.00123097805772, 0.000887705828063, 0.000918183592148, 0.00173711101525, 0.00104279024526, 0.00119908177294, 0.00141387723852, 0.000419588002842, 0.00056949298596, 0.000540472450666, 0.000177904774318, 0.000845629081596, 0.000553957128432, 0.000323953106999, 2.99401672237e-05, 1.41760801853e-05, 6.13061502008e-06, 3.80570895686e-07, 9.9014343391e-08, 3.32611769238e-08, 8.76118555482e-09, 6.02031047237e-09],
        "stdev": [0.384558618069, 5.88831329346, 9.82353496552, 4.50690937042, 5.55301761627, 6.55717945099, 14.5420808792, 40.7545700073, 65.0042419434, 67.6493148804, 43.1610183716, 45.0116386414, 72.0323944092, 44.0832901001, 44.8120193481, 32.2917556763, 27.782831192, 46.0523338318, 48.3226318359, 28.9031219482, 49.8864402771, 35.0776176453, 14.9582576752, 15.6701526642, 24.1559028625, 9.30379867554, 2.24390864372, 0.925982058048, 0.59635668993, 0.410895645618, 0.255353420973, 0.12873609364, 0.0908338353038, 0.0470886044204, 0.0086175724864, 0.000834194128402, 0.00036875193473, 0.000132151428261, 3.36976991093e-05, 3.32463787345e-05]
    },
    "gfcc": {
        "mean": [-112.637107849, 145.309371948, -171.830825806, 20.3723697662, -67.7505111694, -1.91508436203, -34.1715354919, -2.93117856979, -5.82099676132, -14.9213066101, 2.20683503151, -18.774723053, 3.77225279808],
        "cov": [[16796.7929688, 3181.90722656, -3016.53149414, 268.69732666, 870.768981934, -1942.20788574, 1136.3951416, -277.493743896, 699.107910156, -570.131225586, 473.383636475, -493.692779541, -150.483200073], [3181.90722656, 1321.80651855, -175.580703735, -356.00402832, 149.301605225, -437.927856445, 280.478179932, -142.19543457, 168.936798096, -120.749305725, 127.897956848, -144.125305176, 21.8202457428], [-3016.53149414, -175.580703735, 1333.14819336, 131.647354126, -14.9515953064, 450.645111084, -75.4348144531, 135.735610962, -79.5712738037, 176.175750732, -28.1948928833, 86.8850631714, 44.7856369019], [268.69732666, -356.00402832, 131.647354126, 1031.48291016, 493.994140625, 238.801483154, 230.354919434, 270.321594238, 95.5747299194, 94.0032501221, 40.7061042786, 79.4569320679, -67.6283874512], [870.768981934, 149.301605225, -14.9515953064, 493.994140625, 471.042022705, 117.248840332, 246.776382446, 150.531814575, 148.407730103, 40.8921775818, 67.8533477783, 41.941822052, -11.3899555206], [-1942.20788574, -437.927856445, 450.645111084, 238.801483154, 117.248840332, 484.936187744, -28.993724823, 162.470153809, -8.69758224487, 107.599433899, -31.0477333069, 98.8461227417, 26.1789131165], [1136.3951416, 280.478179932, -75.4348144531, 230.354919434, 246.776382446, -28.993724823, 250.179367065, 80.9953689575, 116.799842834, -4.3452630043, 60.1953277588, -3.99130177498, -13.0195026398], [-277.493743896, -142.19543457, 135.735610962, 270.321594238, 150.531814575, 162.470153809, 80.9953689575, 150.616287231, 60.6093597412, 56.8847465515, 14.9756002426, 41.7442131042, -0.155350536108], [699.107910156, 168.936798096, -79.5712738037, 95.5747299194, 148.407730103, -8.69758224487, 116.799842834, 60.6093597412, 127.061462402, 23.7479534149, 46.8414382935, -4.21372890472, -0.821704149246], [-570.131225586, -120.749305725, 176.175750732, 94.0032501221, 40.8921775818, 107.599433899, -4.3452630043, 56.8847465515, 23.7479534149, 89.428352356, 22.9755268097, 38.3491897583, 11.459895134], [473.383636475, 127.897956848, -28.1948928833, 40.7061042786, 67.8533477783, -31.0477333069, 60.1953277588, 14.9756002426, 46.8414382935, 22.9755268097, 69.8252029419, 16.8516216278, 9.53233528137], [-493.692779541, -144.125305176, 86.8850631714, 79.4569320679, 41.941822052, 98.8461227417, -3.99130177498, 41.7442131042, -4.21372890472, 38.3491897583, 16.8516216278, 77.7013168335, 30.4698314667], [-150.483200073, 21.8202457428, 44.7856369019, -67.6283874512, -11.3899555206, 26.1789131165, -13.0195026398, -0.155350536108, -0.821704149246, 11.459895134, 9.53233528137, 30.4698314667, 52.6159934998]],
        "icov": [[0.000640163139906, -0.00104075518902, 0.000923468673136, -0.00110920169391, 0.000479307607748, 0.000617770536337, -5.45081566088e-05, -0.000189547150512, -0.000695567170624, 0.00134927919134, -0.00168650120031, 0.00132003892213, -0.000930514244828], [-0.00104075518902, 0.0114586371928, -0.0057516139932, 0.00579124782234, -0.00699034286663, 0.00331388413906, -0.00549255684018, 0.00682207988575, -0.00520789436996, 0.00864709448069, -0.00915496516973, 0.0107043879107, -0.0063952980563], [0.000923468673136, -0.0057516139932, 0.00470040924847, -0.00312857492827, 0.00350342318416, -0.00194886664394, 0.00139609829057, -0.00359376892447, 0.00400376133621, -0.00571385351941, 0.00288433092646, -0.00232540280558, 0.00119827466551], [-0.00110920169391, 0.00579124782234, -0.00312857492827, 0.00806652009487, -0.00762160634622, 0.00216214591637, -0.00212411163375, -0.00324925128371, 0.00346632115543, -0.000259835185716, -0.00117044663057, 0.000959975062869, 0.00396303506568], [0.000479307607748, -0.00699034286663, 0.00350342318416, -0.00762160634622, 0.0147626316175, -0.00533411931247, -0.00134240020998, 0.00104493647814, -0.00376516696997, -0.00335004250519, 0.00500428630039, -0.00806000176817, 0.00144390540663], [0.000617770536337, 0.00331388413906, -0.00194886664394, 0.00216214591637, -0.00533411931247, 0.00949192699045, -0.000317150959745, -0.00401834677905, -0.00130778132007, 0.00367023097351, -0.00235279672779, 0.00286605302244, -0.00319056399167], [-5.45081566088e-05, -0.00549255684018, 0.00139609829057, -0.00212411163375, -0.00134240020998, -0.000317150959745, 0.017078846693, -0.0086263762787, -0.000877960701473, 0.000818292319309, 0.00160233350471, -0.00618958519772, 0.00537335500121], [-0.000189547150512, 0.00682207988575, -0.00359376892447, -0.00324925128371, 0.00104493647814, -0.00401834677905, -0.0086263762787, 0.0332074649632, -0.0165995489806, 0.00543890474364, -0.00413594068959, 0.00559714855626, -0.00823548622429], [-0.000695567170624, -0.00520789436996, 0.00400376133621, 0.00346632115543, -0.00376516696997, -0.00130778132007, -0.000877960701473, -0.0165995489806, 0.033408973366, -0.0194289311767, 0.00479917088524, -0.00129880022723, 0.00542328739539], [0.00134927919134, 0.00864709448069, -0.00571385351941, -0.000259835185716, -0.00335004250519, 0.00367023097351, 0.000818292319309, 0.00543890474364, -0.0194289311767, 0.0449932068586, -0.0274810250849, 0.0119903460145, -0.0095982234925], [-0.00168650120031, -0.00915496516973, 0.00288433092646, -0.00117044663057, 0.00500428630039, -0.00235279672779, 0.00160233350471, -0.00413594068959, 0.00479917088524, -0.0274810250849, 0.0491011962295, -0.0283627528697, 0.0112415477633], [0.00132003892213, 0.0107043879107, -0.00232540280558, 0.000959975062869, -0.00806000176817, 0.00286605302244, -0.00618958519772, 0.00559714855626, -0.00129880022723, 0.0119903460145, -0.0283627528697, 0.0519182868302, -0.0296956282109], [-0.000930514244828, -0.0063952980563, 0.00119827466551, 0.00396303506568, 0.00144390540663, -0.00319056399167, 0.00537335500121, -0.00823548622429, 0.00542328739539, -0.0095982234925, 0.0112415477633, -0.0296956282109, 0.0436109304428]]
    },
    "melbands": {
        "max": [0.0402215495706, 0.0385433211923, 0.00810288079083, 0.00258674169891, 0.00402968097478, 0.0124076260254, 0.00733369030058, 0.00508904317394, 0.00209430861287, 0.00272980635054, 0.00297446525656, 0.00136519805528, 0.00132909009699, 0.00103260041215, 0.000955427705776, 0.000875795492902, 0.00062055978924, 0.000764525204431, 0.000798687513452, 0.000257579813479, 0.000424809462857, 0.000354597432306, 0.000236623294768, 0.000119539792649, 0.000113134759886, 0.00013557447528, 0.000197968576686, 1.52315742525e-05, 1.68737224158e-05, 4.84927704747e-06, 5.30309989699e-06, 2.68493499789e-06, 1.47494381508e-06, 1.7257317495e-06, 1.74790534402e-06, 8.32879266e-07, 8.45472754918e-07, 7.37097877845e-07, 6.52981213989e-07, 4.24508527885e-07],
        "mean": [0.00147242529783, 0.00177524425089, 0.000340313155903, 0.000277713465039, 0.000248826399911, 0.000353810522938, 0.000748442893382, 0.000531566969585, 0.000220557514695, 0.00018949432706, 0.000225333918934, 0.000139100229717, 7.2089555033e-05, 7.93464714661e-05, 4.08622436225e-05, 4.34581052104e-05, 4.95139938721e-05, 3.87476720789e-05, 4.10891625506e-05, 2.98047398246e-05, 4.62032185169e-05, 2.47945790761e-05, 1.473077009e-05, 8.40844222694e-06, 9.95921254798e-06, 9.32317016122e-06, 1.1711435036e-05, 2.27374289352e-06, 1.21540290365e-06, 4.81342965486e-07, 3.76527708568e-07, 2.8351439596e-07, 2.02553721351e-07, 1.60757764434e-07, 9.62011341699e-08, 5.49835199593e-08, 3.40329791015e-08, 2.50656544409e-08, 1.72150116384e-08, 1.20236327561e-08],
        "min": [1.95432248162e-09, 1.06339390626e-08, 1.70162728352e-08, 1.34264315221e-08, 1.31901156664e-08, 1.01085939619e-08, 8.32134627871e-09, 5.88811932545e-09, 4.43543513029e-09, 6.34579233605e-09, 3.96349753018e-09, 3.3291434054e-09, 2.09153361297e-09, 1.9790238337e-09, 1.83066306558e-09, 1.51969858919e-09, 1.93967841788e-09, 1.94903093664e-09, 1.23825705245e-09, 1.11310471951e-09, 9.77539715841e-10, 1.40697986595e-09, 1.14631037995e-09, 9.67158575449e-10, 8.17146295073e-10, 1.07149888962e-09, 5.40508970914e-10, 2.13201276078e-10, 2.35906877366e-10, 6.16667772402e-10, 1.95240976164e-10, 2.96437561997e-11, 3.19797410775e-10, 5.57704937787e-10, 3.55184520684e-10, 3.23398169355e-10, 1.25270877005e-10, 1.79511492476e-11, 9.39347558071e-12, 1.20457394059e-11],
        "stdev": [0.00537032168359, 0.00509110093117, 0.000806495780125, 0.000368078181054, 0.000458724825876, 0.000870874966495, 0.00104030326474, 0.000768466154113, 0.000295465637464, 0.000333865347784, 0.000359653582564, 0.000186831282917, 0.00011738089961, 0.000126941085909, 8.50110736792e-05, 9.00959130377e-05, 8.49009375088e-05, 6.89868102199e-05, 7.44136559661e-05, 3.95492534153e-05, 6.38317724224e-05, 3.96858013119e-05, 2.42877413257e-05, 1.21600987768e-05, 1.3645947547e-05, 1.64962584677e-05, 2.35964362219e-05, 2.77421531791e-06, 1.70599889771e-06, 5.94212565375e-07, 6.33103695691e-07, 3.9720768541e-07, 2.63150695901e-07, 2.13984549191e-07, 1.67478518165e-07, 9.50480867346e-08, 7.36418286351e-08, 6.88280934469e-08, 5.18955118878e-08, 3.70124269011e-08]
    },
    "melbands128": {
        "max": [0.000419100542786, 0.00833569467068, 0.0711432099342, 0.078381896019, 0.0584068782628, 0.0406066663563, 0.00885604135692, 0.00524520175532, 0.00578657630831, 0.00361962616444, 0.00446311570704, 0.00577236805111, 0.00508825527504, 0.00435049226508, 0.0106582362205, 0.0247612725943, 0.00842273235321, 0.0122036412358, 0.0115855755284, 0.00453134207055, 0.0097869951278, 0.00385572039522, 0.00143674144056, 0.00178716378286, 0.00173161947168, 0.00323087675497, 0.00798110105097, 0.00525694945827, 0.00265929545276, 0.00291624455713, 0.00169856159482, 0.00150307069998, 0.000355726311682, 0.00405935570598, 0.00161690509412, 0.0013053577859, 0.00114413187839, 0.00194818456657, 0.000595105753746, 0.000369177374523, 0.000731693464331, 0.00265336385928, 0.00107525859494, 0.00120673154015, 0.0005340341595, 0.000705519050825, 0.00274292845279, 0.00136321526952, 0.000830795615911, 0.00028386793565, 0.000407633488066, 0.000540216453373, 0.00099191069603, 0.000664976250846, 0.000284188048681, 0.0005077784881, 0.00062760268338, 0.000557952735107, 0.000323718268191, 0.000133494249894, 0.000115907532745, 0.000332492287271, 0.000237987667788, 8.7762993644e-05, 0.000151846747031, 0.000227315802476, 0.000376496347599, 0.000417376577388, 0.000354353018338, 3.39565885952e-05, 3.10363939207e-05, 1.82004278031e-05, 1.01788700704e-05, 3.25470464304e-05, 1.32148070406e-05, 4.90320417157e-06, 8.85590634425e-06, 3.95295865019e-06, 7.51858624426e-06, 1.2326484466e-05, 5.20643652635e-06, 2.61662785306e-06, 4.40854137196e-06, 3.05646858578e-06, 2.75202592093e-06, 1.98503994397e-06, 1.65079052294e-06, 2.10915163734e-06, 2.25898088502e-06, 1.48216713569e-06, 8.66357538598e-07, 1.11371889489e-06, 9.15156704195e-07, 7.14259783763e-07, 1.00000568182e-06, 1.14154204311e-06, 8.89740590537e-07, 5.72769238261e-07, 9.71626604951e-07, 4.72232841275e-07, 4.7053902108e-07, 5.33640672984e-07, 3.15353958058e-07, 2.9341859431e-07, 5.94687321609e-08, 3.46078081748e-08, 3.36376579924e-08, 3.25130713463e-08, 3.14003827384e-08, 3.02774942895e-08, 2.92306499006e-08, 2.83091647901e-08, 2.74114508869e-08, 2.64524011584e-08, 2.56277541411e-08, 2.48915998924e-08, 2.40882869207e-08, 2.33994761345e-08, 2.2862588267e-08, 2.22631193481e-08, 2.17498019595e-08, 2.12511004349e-08, 2.0873581974e-08, 2.05527417307e-08, 2.03284749034e-08, 2.00849221699e-08, 1.98957081921e-08, 1.97960687842e-08],
        "mean": [3.587076435e-06, 0.000284112524241, 0.00242980360053, 0.00311869196594, 0.00191231793724, 0.000754689797759, 0.000238600376179, 0.000286188471364, 0.000377398129785, 0.000280600215774, 0.000213658451685, 0.00021550047677, 0.000298303173622, 0.00024717769702, 0.000252897472819, 0.000487783545395, 0.000543071946595, 0.000994388363324, 0.000791628437582, 0.000373412301997, 0.000612899253611, 0.000330946990289, 0.000162220734637, 0.000101371668279, 0.000136805101647, 0.000242574897129, 0.000256031838944, 0.00026440405054, 0.000149442857946, 0.000162600423209, 0.000148847495439, 6.48611967335e-05, 2.55570375884e-05, 0.000128837433294, 9.51240726863e-05, 6.76918280078e-05, 3.72765825887e-05, 4.86973185616e-05, 3.47554196196e-05, 3.01034469885e-05, 4.16692455474e-05, 7.18905721442e-05, 4.45793812105e-05, 5.26974035893e-05, 2.21889840759e-05, 2.9548209568e-05, 6.93392721587e-05, 4.67352401756e-05, 2.99066978187e-05, 1.19658952826e-05, 2.72714096354e-05, 4.79542577523e-05, 6.34092066321e-05, 3.70129746443e-05, 2.6492154575e-05, 2.70040836767e-05, 1.90090559045e-05, 1.9809247533e-05, 1.0868319805e-05, 9.48394063016e-06, 5.43908527106e-06, 9.93557114271e-06, 1.4113121324e-05, 8.32058140077e-06, 6.21732260697e-06, 8.08970798971e-06, 1.12928019007e-05, 1.62374508363e-05, 1.30972175612e-05, 3.11515145768e-06, 2.26518704949e-06, 1.69794918747e-06, 1.23923246065e-06, 1.48776041442e-06, 5.97906307576e-07, 5.24058236806e-07, 3.90872429534e-07, 2.9958167147e-07, 3.92514778014e-07, 4.82523944356e-07, 2.48376380796e-07, 2.52367925668e-07, 1.96138884689e-07, 1.67655414884e-07, 2.50056558571e-07, 1.95712800632e-07, 1.19728795767e-07, 1.13643061184e-07, 1.04871681117e-07, 7.30073708155e-08, 6.52265086387e-08, 4.75313122195e-08, 4.24712709446e-08, 3.26062874478e-08, 3.0671706952e-08, 2.82579382116e-08, 2.46086759859e-08, 1.92120257481e-08, 1.83320736369e-08, 1.54525174878e-08, 1.32947244325e-08, 1.20630900824e-08, 9.5471968109e-09, 7.3725070493e-09, 1.16839993236e-09, 7.43293968042e-11, 6.84330508927e-11, 6.60339907754e-11, 6.38002636832e-11, 6.15745024413e-11, 5.95023683103e-11, 5.76019301701e-11, 5.57521043221e-11, 5.37962174807e-11, 5.21818595278e-11, 5.07307806874e-11, 4.93401292045e-11, 4.76553622952e-11, 4.65368125979e-11, 4.53452241034e-11, 4.42981831772e-11, 4.33137900546e-11, 4.24145302214e-11, 4.15603350346e-11, 4.08466940827e-11, 3.99389028793e-11, 3.93402567467e-11, 3.91098854691e-11],
        "min": [1.77565795401e-10, 8.50796766372e-10, 2.28388685741e-09, 4.79905670758e-09, 9.02700403316e-09, 1.50995234094e-08, 1.44642422484e-08, 4.1075747248e-09, 8.94377194527e-09, 4.51358994624e-09, 9.941920176e-09, 8.91998119812e-09, 1.27413741779e-08, 5.13635622923e-09, 5.08490582973e-09, 2.73267986017e-09, 3.83111453672e-09, 2.45780285013e-09, 5.07808151085e-09, 4.62503901844e-09, 3.68873620538e-09, 1.87920168315e-09, 1.61439728252e-09, 1.03161579279e-09, 2.34620012307e-09, 2.35208608146e-09, 1.5982718482e-09, 1.92343763139e-09, 2.0910673193e-09, 1.44708134364e-09, 1.51669632409e-09, 1.06099506958e-09, 2.67477290317e-10, 9.43387479246e-10, 4.12311629283e-10, 8.45229219948e-10, 5.37707045556e-10, 4.98300900542e-10, 1.12158016208e-09, 1.43214462511e-09, 6.99443614138e-10, 4.43002523554e-10, 1.01602892766e-09, 1.05293884722e-09, 6.88140433525e-10, 1.33497279897e-09, 5.61795776566e-10, 9.24501697419e-10, 4.50093518012e-10, 7.00506375129e-10, 6.16970419198e-10, 8.16289535965e-10, 1.11351861065e-09, 8.94877727475e-10, 6.34876096139e-10, 6.74987399307e-10, 7.52505169288e-10, 5.63446289625e-10, 6.08976924443e-10, 2.28948041081e-10, 8.82858730566e-10, 6.39102826216e-10, 3.40324018966e-10, 6.92333523844e-10, 4.78224904121e-10, 8.5593393484e-10, 5.45262113238e-10, 5.67067115487e-10, 3.67461200357e-10, 2.33501440405e-10, 1.63181468338e-10, 2.76405731636e-10, 2.01851174664e-10, 1.67614436219e-10, 2.21591106575e-10, 5.9260207852e-10, 5.19106702068e-10, 3.39361483359e-10, 1.56099508319e-10, 6.48018930183e-11, 2.44382881986e-11, 2.52475262918e-11, 1.59168372926e-11, 3.16899728681e-10, 3.37798011785e-10, 2.74257200283e-10, 5.96042659673e-10, 4.46399583964e-10, 2.3895355139e-10, 5.92219953632e-11, 2.59007704173e-10, 4.61194110679e-10, 2.95176466603e-10, 5.2303134046e-11, 7.03580180228e-11, 1.82826601081e-11, 9.12239467993e-12, 6.00519200339e-12, 7.86890518023e-12, 1.16053043911e-11, 1.36028211264e-11, 5.5819840937e-12, 2.19725921485e-11, 1.52749826676e-11, 5.53258567432e-12, 4.03520885326e-13, 3.21148842112e-13, 5.00563349451e-13, 2.89569014383e-13, 3.8145970215e-13, 5.64233826762e-13, 3.19328385349e-13, 1.54298733621e-13, 2.52774987356e-13, 2.99752220658e-13, 2.93376136102e-13, 2.52188406876e-13, 1.76860154126e-13, 1.83745339365e-13, 1.89979976195e-13, 2.04598585795e-13, 1.25598465547e-13, 1.23445904106e-13, 1.90362631799e-13, 1.03131187672e-13, 6.1422641604e-14, 1.8346667569e-14, 4.91321408115e-16],
        "stdev": [1.88766771316e-05, 0.00110863335431, 0.00952859781682, 0.0101879788563, 0.00582493515685, 0.00367903290316, 0.000831665354781, 0.000541841844097, 0.000706975464709, 0.000403487763833, 0.000387324835174, 0.000552802637685, 0.000601387524512, 0.000515416788403, 0.000761263712775, 0.00169770792127, 0.000930365349632, 0.0015993246343, 0.00141939090099, 0.000652907183394, 0.00118747947272, 0.00059305789182, 0.000218919289182, 0.000196726366994, 0.000265140115516, 0.000461632211227, 0.000666750769597, 0.000556696788408, 0.000280463078525, 0.000294399418635, 0.000221058478928, 0.00017674472474, 3.63622202713e-05, 0.00032181624556, 0.00018589393585, 0.000141361058922, 7.28964587324e-05, 0.000159468589118, 7.23309494788e-05, 4.56397574453e-05, 8.78233768162e-05, 0.00025023901253, 9.17935831239e-05, 0.000121053060866, 5.04008967255e-05, 6.72697788104e-05, 0.000201168601052, 0.000104376114905, 7.38164962968e-05, 2.81202228507e-05, 4.8890713515e-05, 8.02255817689e-05, 0.000118187446787, 6.90645319992e-05, 4.12305125792e-05, 6.22890001978e-05, 5.35244944331e-05, 4.45198129455e-05, 2.12703434954e-05, 1.59495302796e-05, 9.78668231255e-06, 2.46636973316e-05, 2.38832708419e-05, 1.28310484797e-05, 1.53105847858e-05, 2.12965642277e-05, 2.78989209619e-05, 3.87559884985e-05, 3.74038863811e-05, 5.23282733411e-06, 3.61426964446e-06, 2.50491689258e-06, 1.72109321284e-06, 2.85974510916e-06, 1.2633516917e-06, 6.79746506194e-07, 6.76609431594e-07, 4.59678034304e-07, 8.11824975244e-07, 1.21669791042e-06, 4.17464889324e-07, 3.68784782268e-07, 3.42542534781e-07, 3.28980348741e-07, 3.73961029254e-07, 2.90775830081e-07, 1.91507453451e-07, 1.96030867983e-07, 2.10801175626e-07, 1.55747613917e-07, 1.08329508919e-07, 9.43340339177e-08, 8.86299744707e-08, 6.48014335525e-08, 8.04556137268e-08, 8.65538112294e-08, 6.88124615067e-08, 5.36628768089e-08, 6.20209945623e-08, 4.64781848564e-08, 4.12499758795e-08, 4.32483204804e-08, 2.4847587099e-08, 2.26752234767e-08, 3.92255694592e-09, 1.47422818397e-09, 1.43275291631e-09, 1.38485167778e-09, 1.33745636788e-09, 1.28962551749e-09, 1.24503451993e-09, 1.20578547147e-09, 1.16754927948e-09, 1.12670006658e-09, 1.09157294315e-09, 1.06021524893e-09, 1.02598929352e-09, 9.96662308239e-10, 9.73795377668e-10, 9.48260581168e-10, 9.26396792611e-10, 9.05154118325e-10, 8.89080198352e-10, 8.75423455948e-10, 8.65881755185e-10, 8.55525594812e-10, 8.47475423171e-10, 8.43232650372e-10]
    },
    "mfcc": {
        "mean": [-731.188720703, 159.163162231, -37.1200218201, 10.9371833801, -9.44835662842, -7.10368347168, -11.454785347, -0.894514024258, -4.49903964996, 3.44917082787, -3.74243474007, -2.53360390663, 3.59039473534],
        "cov": [[18582.6464844, 2510.67797852, -3528.91601562, 1738.7052002, -809.918640137, -608.035461426, -304.640411377, 345.184570312, -188.146072388, 388.548370361, -20.0707168579, -11.8453407288, 559.098388672], [2510.67797852, 1588.72497559, -191.535934448, -171.336273193, -332.016693115, -210.322128296, -112.351409912, -121.346122742, -110.802566528, 19.8841304779, -8.38841724396, -54.5904502869, -7.70492172241], [-3528.91601562, -191.535934448, 1180.97814941, -213.772583008, 205.39906311, 137.060287476, 138.833404541, -63.1903381348, 55.1180267334, -19.9557228088, 51.5383682251, -2.78942298889, -99.1806488037], [1738.7052002, -171.336273193, -213.772583008, 826.156738281, 225.817993164, 136.741394043, 175.850280762, 234.334014893, 113.98550415, 159.816604614, 93.7836151123, 69.7330627441, 178.941696167], [-809.918640137, -332.016693115, 205.39906311, 225.817993164, 334.51361084, 211.486923218, 153.608352661, 142.253646851, 133.053146362, 75.1098632812, 73.5518569946, 69.2317886353, 58.1480751038], [-608.035461426, -210.322128296, 137.060287476, 136.741394043, 211.486923218, 197.338180542, 127.64654541, 114.531112671, 102.670074463, 51.1074142456, 54.7804260254, 50.634552002, 41.7581329346], [-304.640411377, -112.351409912, 138.833404541, 175.850280762, 153.608352661, 127.64654541, 146.085235596, 112.222602844, 80.5127105713, 51.7456741333, 48.5440101624, 37.4927825928, 45.5588989258], [345.184570312, -121.346122742, -63.1903381348, 234.334014893, 142.253646851, 114.531112671, 112.222602844, 178.741821289, 106.717292786, 69.7236709595, 47.4040794373, 46.7538566589, 72.3912506104], [-188.146072388, -110.802566528, 55.1180267334, 113.98550415, 133.053146362, 102.670074463, 80.5127105713, 106.717292786, 126.682403564, 66.2725601196, 45.8258743286, 45.1808242798, 45.0090713501], [388.548370361, 19.8841304779, -19.9557228088, 159.816604614, 75.1098632812, 51.1074142456, 51.7456741333, 69.7236709595, 66.2725601196, 103.172485352, 53.5488586426, 27.9368209839, 54.6031417847], [-20.0707168579, -8.38841724396, 51.5383682251, 93.7836151123, 73.5518569946, 54.7804260254, 48.5440101624, 47.4040794373, 45.8258743286, 53.5488586426, 68.6588363647, 34.6787147522, 29.9860897064], [-11.8453407288, -54.5904502869, -2.78942298889, 69.7330627441, 69.2317886353, 50.634552002, 37.4927825928, 46.7538566589, 45.1808242798, 27.9368209839, 34.6787147522, 66.7785491943, 44.5216941833], [559.098388672, -7.70492172241, -99.1806488037, 178.941696167, 58.1480751038, 41.7581329346, 45.5588989258, 72.3912506104, 45.0090713501, 54.6031417847, 29.9860897064, 44.5216941833, 101.709960938]],
        "icov": [[0.000385803257814, -0.000469698716188, 0.000709608604666, -0.000693022739142, 0.000279101775959, 0.000346422253642, 0.00043422228191, -0.000634800700936, 0.000461687915958, -0.000648282584734, 0.000306578760501, 6.15088138147e-05, -0.000263181311311], [-0.000469698716188, 0.00148421071935, -0.000836302235257, 0.0010791036766, 0.000653420691378, -0.000115915878268, -0.00113732146565, 0.00094569765497, -0.000263106980128, -0.000129153544549, -0.00103477016091, 0.000193210144062, -0.000103007601865], [0.000709608604666, -0.000836302235257, 0.00323602883145, -0.000704525271431, -0.00078223622404, 0.00146399368532, -0.00302837486379, 0.00197412702255, -0.000496174383443, -0.000551696226466, -0.000900083745364, 0.000978417228907, 0.00058139214525], [-0.000693022739142, 0.0010791036766, -0.000704525271431, 0.00452025700361, -0.0020673237741, 0.00117080844939, -0.00333312922157, -0.000535118218977, 0.00135877018329, -0.000959939090535, -0.00151431001723, 0.00139565661084, -0.00242369319312], [0.000279101775959, 0.000653420691378, -0.00078223622404, -0.0020673237741, 0.0133107304573, -0.00877915602177, 0.000799096305855, -0.00096328870859, -0.00173695967533, -0.00166307284962, -2.23985466619e-06, -0.00270833587274, 0.00055950548267], [0.000346422253642, -0.000115915878268, 0.00146399368532, 0.00117080844939, -0.00877915602177, 0.0222896877676, -0.00955358147621, -0.0011198859429, -0.00279078842141, 0.00137970806099, -0.00252560689114, 2.51509900409e-05, -0.000373220886104], [0.00043422228191, -0.00113732146565, -0.00302837486379, -0.00333312922157, 0.000799096305855, -0.00955358147621, 0.0298639237881, -0.0128317261115, 0.0034508863464, -0.00029754175921, -3.80212804885e-05, 0.000105068218545, -0.00174277415499], [-0.000634800700936, 0.00094569765497, 0.00197412702255, -0.000535118218977, -0.00096328870859, -0.0011198859429, -0.0128317261115, 0.0254152882844, -0.0132281649858, 0.00336511805654, -0.00149733480066, 0.00163234432694, -0.00112917926162], [0.000461687915958, -0.000263106980128, -0.000496174383443, 0.00135877018329, -0.00173695967533, -0.00279078842141, 0.0034508863464, -0.0132281649858, 0.0273931771517, -0.0119577562436, 0.00317806820385, -0.00584270479158, 0.000493903935421], [-0.000648282584734, -0.000129153544549, -0.000551696226466, -0.000959939090535, -0.00166307284962, 0.00137970806099, -0.00029754175921, 0.00336511805654, -0.0119577562436, 0.0288847442716, -0.0155349597335, 0.00733419554308, -0.00601841975003], [0.000306578760501, -0.00103477016091, -0.000900083745364, -0.00151431001723, -2.23985466619e-06, -0.00252560689114, -3.80212804885e-05, -0.00149733480066, 0.00317806820385, -0.0155349597335, 0.0349892117083, -0.013071430847, 0.00448364205658], [6.15088138147e-05, 0.000193210144062, 0.000978417228907, 0.00139565661084, -0.00270833587274, 2.51509900409e-05, 0.000105068218545, 0.00163234432694, -0.00584270479158, 0.00733419554308, -0.013071430847, 0.0315127819777, -0.0127879185602], [-0.000263181311311, -0.000103007601865, 0.00058139214525, -0.00242369319312, 0.00055950548267, -0.000373220886104, -0.00174277415499, -0.00112917926162, 0.000493903935421, -0.00601841975003, 0.00448364205658, -0.0127879185602, 0.0248077269644]]
    },
    "spectral_contrast_coeffs": {
        "max": [-0.389268904924, -0.534482240677, -0.584175229073, -0.635991811752, -0.650455236435, -0.674316644669],
        "mean": [-0.681245923042, -0.754225552082, -0.749755680561, -0.772208094597, -0.781045734882, -0.777697503567],
        "min": [-0.919081807137, -0.94946449995, -0.935548782349, -0.928655683994, -0.911418139935, -0.894258201122],
        "stdev": [0.111034408212, 0.0861171782017, 0.0813805833459, 0.0712451636791, 0.064166739583, 0.0601818449795]
    },
    "spectral_contrast_valleys": {
        "max": [-5.51403856277, -4.5465669632, -5.87543964386, -6.52675533295, -6.79692220688, -9.57573032379],
        "mean": [-7.97477960587, -6.8807258606, -7.66884231567, -8.06153297424, -8.48108291626, -11.7839632034],
        "min": [-11.4756851196, -10.8814458847, -11.461596489, -11.6238746643, -11.3930873871, -14.6707391739],
        "stdev": [1.29098820686, 1.42579114437, 1.2439455986, 1.23619484901, 1.35843503475, 0.630920231342]
    }
},
"rhythm": {
    "beats_count": 26,
    "beats_loudness": {
        "max": 0.19007922709,
        "mean": 0.0373329184949,
        "min": 2.79257938018e-06,
        "stdev": 0.0444764047861
    },
    "bpm": 140.657562256,
    "bpm_histogram_first_peak_bpm": 140,
    "bpm_histogram_first_peak_weight": 0.375,
    "bpm_histogram_second_peak_bpm": 101,
    "bpm_histogram_second_peak_spread": 0.25,
    "bpm_histogram_second_peak_weight": 0.119999997318,
    "danceability": 0.850445628166,
    "onset_rate": 1.48910236359,
    "beats_loudness_band_ratio": {
        "max": [0.927419424057, 0.754190385342, 0.60297036171, 0.430484682322, 0.448026895523, 0.226259037852],
        "mean": [0.302788078785, 0.1835141927, 0.291316151619, 0.144277319312, 0.0918859317899, 0.0277461092919],
        "min": [0.0043263216503, 0.0113322883844, 0.0283368434757, 0.00552196195349, 0.00394206587225, 0.000134737274493],
        "stdev": [0.320244759321, 0.168285042048, 0.186959907413, 0.108179949224, 0.0952870771289, 0.0480108931661]
    },
    "beats_position": [0.568888902664, 1.16099774837, 1.74149656296, 2.33360528946, 2.92571425438, 3.45977306366, 3.99383211136, 4.5046710968, 5.02712011337, 5.52634906769, 5.94430828094, 6.37387752533, 6.79183673859, 7.20979595184, 7.6277551651, 8.05732440948, 8.48689365387, 8.91646194458, 9.33442115784, 9.76399040222, 10.1935596466, 10.6347389221, 11.0643081665, 11.4938774109, 11.9234466553, 12.3530158997],
