{
"metadata": {
    "version": {
        "essentia": "2.1-beta5",
        "essentia_git_sha": "Undefined",
        "extractor": "music 2.0"
    },
    "audio_properties": {
        "analysis": {
            "equal_loudness": 0,
            "length": 48.7502937317,
            "sample_rate": 44100,
            "start_time": 93.9943771362,
            "downmix": "mix"
        },
        "bit_rate": 192000,
        "length": 198.321640015,
        "lossless": 0,
        "number_channels": 2,
        "replay_gain": -12.7838783264,
        "sample_rate": 48000,
        "codec": "mp3",
        "md5_encoded": "31f894a343f165bfca368af0b21fea0b"
    },
    "tags": {
        "file_name": "Slovenia_For A Thousand Years_Darja Svajger.mp3",
        "encoding": ["Lavf58.29.100"]
    }
},
"lowlevel": {
    "average_loudness": 0.977627515793,
    "barkbands_crest": {
        "max": 24.7622680664,
        "mean": 7.83291530609,
        "min": 2.79691457748,
        "stdev": 2.87047934532
    },
    "barkbands_flatness_db": {
        "max": 0.29667070508,
        "mean": 0.174437209964,
        "min": 0.0686108395457,
        "stdev": 0.0316148400307
    },
    "barkbands_kurtosis": {
        "max": 48.3762397766,
        "mean": 0.876288592815,
        "min": -1.76356649399,
        "stdev": 3.00134181976
    },
    "barkbands_skewness": {
        "max": 6.61589574814,
        "mean": 0.822214901447,
        "min": -1.97526955605,
        "stdev": 0.737786412239
    },
    "barkbands_spread": {
        "max": 71.8006896973,
        "mean": 20.7501811981,
        "min": 2.6576166153,
        "stdev": 10.0590276718
    },
    "dissonance": {
        "max": 0.499947041273,
        "mean": 0.456098526716,
        "min": 0.259069353342,
        "stdev": 0.0257396772504
    },
    "dynamic_complexity": 1.28155577183,
    "erbbands_crest": {
        "max": 25.1158752441,
        "mean": 9.81708240509,
        "min": 2.76356101036,
        "stdev": 3.80022406578
    },
    "erbbands_flatness_db": {
        "max": 0.29332074523,
        "mean": 0.214754655957,
        "min": 0.113677829504,
        "stdev": 0.0365050472319
    },
    "erbbands_kurtosis": {
        "max": 9.85954856873,
        "mean": 0.318245947361,
        "min": -1.58413863182,
        "stdev": 1.31032526493
    },
    "erbbands_skewness": {
        "max": 2.87597036362,
        "mean": 0.179771006107,
        "min": -3.01011681557,
        "stdev": 0.559523284435
    },
    "erbbands_spread": {
        "max": 113.360198975,
        "mean": 29.021314621,
        "min": 6.28229141235,
        "stdev": 14.48823452
    },
    "hfc": {
        "max": 96.6139678955,
        "mean": 26.580619812,
        "min": 0.830094814301,
        "stdev": 13.8045358658
    },
    "loudness_ebu128": {
        "integrated": -9.27276039124,
        "loudness_range": 1.20796871185,
        "momentary": {
            "max": -7.01814985275,
            "mean": -9.40369510651,
            "min": -16.538766861,
            "stdev": 1.14880907536
        },
        "short_term": {
            "max": -8.47783565521,
            "mean": -9.32104969025,
            "min": -11.6451148987,
            "stdev": 0.585449755192
        }
    },
    "melbands_crest": {
        "max": 28.9703502655,
        "mean": 10.252989769,
        "min": 4.31766653061,
        "stdev": 3.6296775341
    },
    "melbands_flatness_db": {
        "max": 0.334942311049,
        "mean": 0.187299907207,
        "min": 0.0598937980831,
        "stdev": 0.0447983145714
    },
    "melbands_kurtosis": {
        "max": 145.232589722,
        "mean": 4.04786300659,
        "min": -1.77352070808,
        "stdev": 7.49625205994
    },
    "melbands_skewness": {
        "max": 10.1002988815,
        "mean": 1.53513991833,
        "min": -0.773045837879,
        "stdev": 0.964432001114
    },
    "melbands_spread": {
        "max": 186.655914307,
        "mean": 27.3555698395,
        "min": 2.5602273941,
        "stdev": 14.3015995026
    },
    "pitch_salience": {
        "max": 0.844691157341,
        "mean": 0.556369721889,
        "min": 0.184317871928,
        "stdev": 0.0825381726027
    },
    "silence_rate_20dB": {
        "max": 1,
        "mean": 1,
        "min": 1,
        "stdev": 0
    },
    "silence_rate_30dB": {
        "max": 1,
        "mean": 1,
        "min": 1,
        "stdev": 0
    },
    "silence_rate_60dB": {
        "max": 1,
        "mean": 0.00285578286275,
        "min": 0,
        "stdev": 0.0533628463745
    },
    "spectral_centroid": {
        "max": 4506.90869141,
        "mean": 1319.50463867,
        "min": 335.27456665,
        "stdev": 497.587036133
    },
    "spectral_complexity": {
        "max": 51,
        "mean": 20.8338890076,
        "min": 2,
        "stdev": 5.32642555237
    },
    "spectral_decrease": {
        "max": -1.95768914968e-10,
        "mean": -7.51858575399e-09,
        "min": -1.98887768477e-08,
        "stdev": 2.88826984551e-09
    },
    "spectral_energy": {
        "max": 0.0784853473306,
        "mean": 0.0307878647,
        "min": 0.000885620713234,
        "stdev": 0.0116768553853
    },
    "spectral_energyband_high": {
        "max": 0.0108598694205,
        "mean": 0.000533339858521,
        "min": 6.15806175119e-06,
        "stdev": 0.00101114367135
    },
    "spectral_energyband_low": {
        "max": 0.0549565292895,
        "mean": 0.00500491820276,
        "min": 1.74741617229e-05,
        "stdev": 0.00509077031165
    },
    "spectral_energyband_middle_high": {
        "max": 0.0663421675563,
        "mean": 0.0114259216934,
        "min": 7.59208851377e-05,
        "stdev": 0.008350959979
    },
    "spectral_energyband_middle_low": {
        "max": 0.0621763132513,
        "mean": 0.0147204063833,
        "min": 0.000241012196057,
        "stdev": 0.00806512497365
    },
    "spectral_entropy": {
        "max": 8.73381710052,
        "mean": 7.25805854797,
        "min": 6.30457162857,
        "stdev": 0.375755757093
    },
    "spectral_flux": {
        "max": 0.244651332498,
        "mean": 0.084119848907,
        "min": 0.020839381963,
        "stdev": 0.0289985910058
    },
    "spectral_kurtosis": {
        "max": 33.3345947266,
        "mean": 5.3892326355,
        "min": -1.08124601841,
        "stdev": 4.34830284119
    },
    "spectral_rms": {
        "max": 0.00875048991293,
        "mean": 0.0053765643388,
        "min": 0.000929526868276,
        "stdev": 0.00106274976861
    },
    "spectral_rolloff": {
        "max": 8613.28125,
        "mean": 1580.70349121,
        "min": 215.33203125,
        "stdev": 1042.72802734
    },
    "spectral_skewness": {
        "max": 4.03913450241,
        "mean": 1.5270036459,
        "min": -0.170912876725,
        "stdev": 0.528915286064
    },
    "spectral_spread": {
        "max": 23487806,
        "mean": 3303525.5,
        "min": 1361750,
        "stdev": 1341005.75
    },
    "spectral_strongpeak": {
        "max": 9.85332870483,
        "mean": 1.73048460484,
        "min": 0.0484390817583,
        "stdev": 1.688326478
    },
    "zerocrossingrate": {
        "max": 0.248046875,
        "mean": 0.0567926168442,
        "min": 0.01513671875,
        "stdev": 0.0256416518241
    },
    "barkbands": {
        "max": [0.000723598175682, 0.0240788534284, 0.0347570180893, 0.0239164866507, 0.0434866771102, 0.0423367582262, 0.030581805855, 0.0220676921308, 0.0384244732559, 0.039158500731, 0.0244900453836, 0.0545941106975, 0.0165337845683, 0.0183483045548, 0.0222726035863, 0.00784652866423, 0.00989076215774, 0.00956051237881, 0.00675326865166, 0.00280957203358, 0.00331564084627, 0.00161569158081, 0.00419982615858, 0.005577694159, 0.00119899038691, 1.91728413483e-05, 2.03349954973e-05],
        "mean": [2.88575884042e-05, 0.00227911164984, 0.00207101460546, 0.00149432965554, 0.00439491868019, 0.00365265179425, 0.00190339796245, 0.000992949586362, 0.00180771178566, 0.00289399945177, 0.00139291305095, 0.00175449496601, 0.00118672009557, 0.00131792598404, 0.000827432842925, 0.000502940558363, 0.000507261778694, 0.000472949701361, 0.000594116514549, 0.000257490813965, 9.32664843276e-05, 8.32765217638e-05, 0.000122052158986, 0.000128886094899, 2.71778899332e-05, 1.2008135819e-08, 1.15160210257e-08],
        "min": [5.76728673707e-08, 2.01219995688e-06, 5.90822537561e-07, 2.83636336462e-06, 3.96147443098e-05, 2.84010329779e-05, 6.17186651652e-06, 4.41729116574e-06, 5.60149055673e-06, 3.15341935675e-06, 8.67889411893e-07, 1.3094041833e-06, 1.74658680407e-06, 2.0083778054e-06, 3.42748239746e-06, 1.25618453239e-06, 2.92364939014e-06, 5.82581469644e-06, 2.7738103654e-06, 3.20179492519e-06, 2.24042400987e-06, 3.16230256203e-07, 5.36024458597e-07, 3.60707645086e-07, 4.76549537609e-08, 7.93808248301e-12, 9.44847325379e-12],
        "stdev": [5.04104573338e-05, 0.00254987133667, 0.00299081369303, 0.00193368445616, 0.00384955317713, 0.00372784980573, 0.00269829691388, 0.00198255409487, 0.00287483562715, 0.00406216457486, 0.00256929337047, 0.00357611943036, 0.0018127982039, 0.00227466342039, 0.00194383575581, 0.000877707323525, 0.000849685282446, 0.000807831936982, 0.000681472243741, 0.000330792216118, 0.000201275193831, 0.000177245834493, 0.00031062195194, 0.000417090661358, 8.78318387549e-05, 4.19240990368e-07, 4.44293192459e-07]
    },
    "erbbands": {
        "max": [0.397285163403, 6.92918300629, 35.1572418213, 53.2692985535, 98.6895599365, 161.091720581, 311.401367188, 542.35760498, 553.104675293, 339.932220459, 853.701049805, 1079.05224609, 1421.14709473, 1505.39453125, 1244.03308105, 1192.58300781, 791.299560547, 996.483764648, 1402.07006836, 540.89050293, 466.356414795, 515.383544922, 484.032287598, 430.754394531, 291.37600708, 141.788742065, 153.71446228, 100.436264038, 69.434967041, 56.8141326904, 135.732757568, 111.9451828, 88.1702651978, 28.1914348602, 1.84609603882, 0.0768451020122, 0.0354614704847, 0.0126120550558, 0.00289309723303, 0.000319999904605],
        "mean": [0.0322882458568, 0.634814202785, 2.35860323906, 3.72162175179, 9.33061218262, 13.9208059311, 28.4235992432, 27.9132156372, 32.3204498291, 17.8952598572, 25.7013664246, 43.4176559448, 57.1084365845, 94.9674530029, 60.5569915771, 71.6570739746, 62.2530288696, 49.3350028992, 74.105682373, 26.1843395233, 27.8164234161, 27.0127391815, 26.4691810608, 29.8890666962, 27.352394104, 13.2294149399, 4.75464439392, 3.27542281151, 3.01643013954, 2.9385740757, 3.60257124901, 3.16064858437, 1.77733230591, 0.634017050266, 0.028762537986, 0.00103799067438, 0.000122650817502, 2.67784416792e-05, 2.19632038352e-05, 3.79783632525e-05],
        "min": [0.000125051519717, 0.001132991747, 0.00577443698421, 0.0238954555243, 0.11106043309, 0.0958532914519, 0.215723738074, 0.217537343502, 0.123189464211, 0.0972847640514, 0.143462881446, 0.301887661219, 0.210529431701, 0.0963695272803, 0.0392177924514, 0.0497276596725, 0.0823451131582, 0.168748319149, 0.146186992526, 0.268541634083, 0.122079670429, 0.199424862862, 0.277631342411, 0.369622349739, 0.208093062043, 0.165903568268, 0.130210265517, 0.0594901926816, 0.016452614218, 0.0164390653372, 0.0114029385149, 0.00812150165439, 0.00510499393567, 0.00163791887462, 6.44622705295e-05, 7.06757646185e-06, 2.09136032936e-06, 5.60758451229e-07, 7.8099668599e-07, 1.15570128401e-06],
        "stdev": [0.0399680137634, 0.704016625881, 3.01628780365, 4.60971832275, 9.19074344635, 14.1150951385, 32.9194717407, 32.8431510925, 44.0890464783, 28.6468505859, 40.3222236633, 68.3272476196, 90.2317962646, 126.032867432, 107.306617737, 119.335388184, 84.5866622925, 79.819732666, 125.625602722, 39.4866523743, 48.6640625, 44.0368347168, 42.7035369873, 36.8353805542, 31.5845088959, 17.5911121368, 8.61781787872, 7.41062355042, 6.70728302002, 6.48804712296, 9.72547721863, 9.78962421417, 6.22824382782, 2.06910943985, 0.10477180779, 0.0036703706719, 0.000820536282845, 0.000278720166534, 6.39665668132e-05, 1.54933059093e-05]
    },
    "gfcc": {
        "mean": [-1.06672263145, 144.587020874, -163.892959595, 41.5982475281, -69.6888275146, 13.7730293274, -36.373588562, -6.2700920105, -14.5100650787, -26.8724937439, 13.057808876, -21.6204833984, 6.31178760529],
        "cov": [[1104.61657715, -520.292419434, 82.2611618042, 313.691223145, -69.5656204224, 289.65057373, -21.5643520355, 186.726928711, -43.9633789062, 61.6811676025, 27.5292472839, 17.4900875092, -14.021522522], [-520.292419434, 799.284667969, -170.994125366, -291.228820801, 259.371948242, -252.493087769, 137.280441284, -154.101821899, 47.3401527405, -60.0137138367, 56.7760696411, -49.3684539795, -22.7763671875], [82.2611618042, -170.994125366, 373.456481934, 112.919952393, -132.861968994, 141.187728882, -77.4806900024, 77.1308670044, 0.316253483295, 3.10716795921, -60.3375511169, 20.9913482666, 7.0740942955], [313.691223145, -291.228820801, 112.919952393, 316.372375488, -35.3205490112, 112.428459167, -0.905707359314, 106.225234985, 5.68248939514, 24.3756732941, -15.940568924, 21.5030555725, 11.365439415], [-69.5656204224, 259.371948242, -132.861968994, -35.3205490112, 252.0574646, -59.4783782959, 58.0219078064, -3.32051348686, 0.915784478188, -15.7762441635, 62.0834007263, -27.6026477814, -12.4571447372], [289.65057373, -252.493087769, 141.187728882, 112.428459167, -59.4783782959, 270.05291748, 10.193693161, 49.5332679749, -21.5483150482, 36.9725570679, -9.1032037735, 2.83908629417, -3.7224187851], [-21.5643520355, 137.280441284, -77.4806900024, -0.905707359314, 58.0219078064, 10.193693161, 155.167572021, -23.5242176056, 0.701287984848, 6.79773950577, 18.2664432526, -13.2095661163, -8.9465045929], [186.726928711, -154.101821899, 77.1308670044, 106.225234985, -3.32051348686, 49.5332679749, -23.5242176056, 196.649276733, 14.3010625839, -2.75001907349, 6.1050157547, -8.85044288635, 15.5527095795], [-43.9633789062, 47.3401527405, 0.316253483295, 5.68248939514, 0.915784478188, -21.5483150482, 0.701287984848, 14.3010625839, 78.4726791382, 9.83620357513, -20.75715065, -5.76629447937, -7.51640748978], [61.6811676025, -60.0137138367, 3.10716795921, 24.3756732941, -15.7762441635, 36.9725570679, 6.79773950577, -2.75001907349, 9.83620357513, 69.93384552, 14.2523508072, -1.69881606102, -8.83820152283], [27.5292472839, 56.7760696411, -60.3375511169, -15.940568924, 62.0834007263, -9.1032037735, 18.2664432526, 6.1050157547, -20.75715065, 14.2523508072, 110.35584259, 5.54864883423, -13.8170852661], [17.4900875092, -49.3684539795, 20.9913482666, 21.5030555725, -27.6026477814, 2.83908629417, -13.2095661163, -8.85044288635, -5.76629447937, -1.69881606102, 5.54864883423, 59.0417633057, 19.115655899], [-14.021522522, -22.7763671875, 7.0740942955, 11.365439415, -12.4571447372, -3.7224187851, -8.9465045929, 15.5527095795, -7.51640748978, -8.83820152283, -13.8170852661, 19.115655899, 55.2588996887]],
        "icov": [[0.00203929515556, -0.000636336451862, 0.00157860026229, -0.00163933949079, 0.000830999517348, -0.00216928496957, 0.00117614271585, -0.00178968592081, 0.00163433002308, -0.000814504397567, 0.000378510827431, -0.00105513667222, 0.00167726911604], [-0.000636336451862, 0.0120927421376, -0.00756106013432, 0.00733303464949, -0.00918881874532, 0.00811296608299, -0.00986186414957, 0.00723948981613, -0.00917974114418, 0.00554776424542, -0.00537237152457, 0.00575899844989, -0.0045734285377], [0.00157860026229, -0.00756106013432, 0.0103053115308, -0.00578336650506, 0.00716628460214, -0.0080786421895, 0.00822679884732, -0.00648749340326, 0.00641466025263, -0.00293463934213, 0.00505321193486, -0.00524882460013, 0.00486587407067], [-0.00163933949079, 0.00733303464949, -0.00578336650506, 0.0100435903296, -0.00613540364429, 0.00493010785431, -0.0070267166011, 0.00282215606421, -0.00611230591312, 0.00221986486576, -0.00212285271846, 0.0014690408716, -0.00321712112054], [0.000830999517348, -0.00918881874532, 0.00716628460214, -0.00613540364429, 0.0131874028593, -0.00604084692895, 0.00636431016028, -0.00585041334853, 0.0063157803379, -0.0021648730617, 0.000891394156497, -0.00186788581777, 0.00339276040904], [-0.00216928496957, 0.00811296608299, -0.0080786421895, 0.00493010785431, -0.00604084692895, 0.012966430746, -0.00864558853209, 0.00552137056366, -0.00483175972477, 0.00141491892282, -0.00355184730142, 0.00504712946713, -0.00369332986884], [0.00117614271585, -0.00986186414957, 0.00822679884732, -0.0070267166011, 0.00636431016028, -0.00864558853209, 0.0163733754307, -0.00527228508145, 0.00728105474263, -0.00465478841215, 0.00425304519013, -0.003901849268, 0.00427186163142], [-0.00178968592081, 0.00723948981613, -0.00648749340326, 0.00282215606421, -0.00585041334853, 0.00552137056366, -0.00527228508145, 0.0132064400241, -0.00880126096308, 0.0056628016755, -0.00623139319941, 0.00792323797941, -0.00732805486768], [0.00163433002308, -0.00917974114418, 0.00641466025263, -0.00611230591312, 0.0063157803379, -0.00483175972477, 0.00728105474263, -0.00880126096308, 0.0236076414585, -0.00887174252421, 0.00916885584593, -0.00612969091162, 0.00802647694945], [-0.000814504397567, 0.00554776424542, -0.00293463934213, 0.00221986486576, -0.0021648730617, 0.00141491892282, -0.00465478841215, 0.0056628016755, -0.00887174252421, 0.0211192928255, -0.00703934207559, 0.00490080891177, -0.00202541402541], [0.000378510827431, -0.00537237152457, 0.00505321193486, -0.00212285271846, 0.000891394156497, -0.00355184730142, 0.00425304519013, -0.00623139319941, 0.00916885584593, -0.00703934207559, 0.0170007739216, -0.00829678308219, 0.00731779821217], [-0.00105513667222, 0.00575899844989, -0.00524882460013, 0.0014690408716, -0.00186788581777, 0.00504712946713, -0.003901849268, 0.00792323797941, -0.00612969091162, 0.00490080891177, -0.00829678308219, 0.0267524570227, -0.0118459640071], [0.00167726911604, -0.0045734285377, 0.00486587407067, -0.00321712112054, 0.00339276040904, -0.00369332986884, 0.00427186163142, -0.00732805486768, 0.00802647694945, -0.00202541402541, 0.00731779821217, -0.0118459640071, 0.0266415495425]]
    },
    "melbands": {
        "max": [0.00481939222664, 0.0135154379532, 0.00965195149183, 0.0072112265043, 0.0117784291506, 0.0104014724493, 0.00712581910193, 0.00430577713996, 0.00859898515046, 0.00589598529041, 0.0069355503656, 0.00660203816369, 0.00389525177889, 0.00752864638343, 0.00391333596781, 0.00220096926205, 0.00213189143687, 0.00222291215323, 0.00177325471304, 0.000795002561063, 0.000628172245342, 0.000410528096836, 0.000815927167423, 0.000360788428225, 0.000421737990109, 0.00025649939198, 0.000128703308292, 9.3900882348e-05, 8.73330136528e-05, 7.67732926761e-05, 6.37706034468e-05, 4.90078818984e-05, 2.71758090093e-05, 4.03899939556e-05, 8.50139986142e-05, 8.12447615317e-05, 7.63977950555e-05, 7.91680940893e-05, 3.34332107741e-05, 2.46877298196e-05],
        "mean": [0.000468507234473, 0.00110747443978, 0.000815638282802, 0.000864429690409, 0.000921252241824, 0.000652275979519, 0.000459716713522, 0.000191818020539, 0.000231139085372, 0.000262442801613, 0.000293168413918, 0.000405186234275, 0.000202462382731, 0.000177559122676, 0.000201449511223, 9.19423473533e-05, 9.6439041954e-05, 0.000135405658511, 4.59527364001e-05, 3.17164303851e-05, 3.09785282298e-05, 2.42203277594e-05, 3.35984586854e-05, 2.01199691219e-05, 2.42473142862e-05, 2.37648600887e-05, 1.35943100759e-05, 7.20500565876e-06, 2.91432934318e-06, 2.01942498279e-06, 1.91388221538e-06, 1.7513483499e-06, 1.48844537762e-06, 1.75480556663e-06, 2.12055260818e-06, 2.00318186216e-06, 1.90277535239e-06, 1.37184213145e-06, 8.35039656977e-07, 4.13782714759e-07],
        "min": [9.90432795334e-07, 2.57803731074e-06, 9.00233862922e-06, 8.74321631272e-06, 7.38311973691e-06, 4.88595469506e-06, 1.9093206447e-06, 9.88621764009e-07, 1.4055790416e-06, 1.00258694147e-06, 9.9287183275e-07, 3.70604226418e-07, 1.38061324151e-07, 1.30651812924e-07, 9.20563607565e-08, 2.46924201974e-07, 2.76370030861e-07, 1.19442006508e-07, 3.31597874492e-07, 1.31653962399e-07, 1.09016582428e-07, 2.16200703562e-07, 9.3628912623e-08, 3.84690480359e-07, 2.51413041497e-07, 1.05834885744e-07, 1.00715197959e-07, 3.67723913541e-08, 7.80781732601e-08, 1.70281051481e-08, 1.65556635068e-08, 4.66891014739e-09, 3.8361900323e-09, 8.94011265018e-09, 5.58203527845e-09, 5.68396174572e-09, 3.74731801145e-09, 2.46930143e-09, 2.03363370588e-09, 7.14605763452e-10],
        "stdev": [0.000532333855517, 0.00123051647097, 0.000827290758025, 0.00082034280058, 0.000997185590677, 0.000703705940396, 0.000608888454735, 0.000353017938323, 0.000349503214238, 0.000414090289269, 0.000473342137411, 0.000557192659471, 0.000371567992261, 0.000418916315539, 0.000335922261002, 0.000134378686198, 0.000176994974026, 0.000225776733714, 0.000106525236333, 5.70773154323e-05, 5.8860045101e-05, 3.98650081479e-05, 7.10481835995e-05, 2.88884384645e-05, 3.24279644701e-05, 2.9144126529e-05, 1.61848420248e-05, 1.08750027721e-05, 5.5901482483e-06, 4.50720381195e-06, 4.56138832305e-06, 3.97771464122e-06, 3.29807107846e-06, 4.16878492615e-06, 5.83239761909e-06, 5.83570590607e-06, 6.18491776549e-06, 5.15323381478e-06, 2.56317707681e-06, 1.51657025071e-06]
    },
    "melbands128": {
        "max": [0.000598968879785, 0.00300460867584, 0.00564906513318, 0.01370037999, 0.0190103892237, 0.0191125217825, 0.0120379552245, 0.0125483870506, 0.0118579026312, 0.0134968971834, 0.0125745590776, 0.0198715589941, 0.0138405989856, 0.0148127693683, 0.0173516310751, 0.0114468410611, 0.0140707259998, 0.0101207979023, 0.0060299821198, 0.00428216625005, 0.00753105990589, 0.00890205614269, 0.0129389921203, 0.0117750521749, 0.0128875048831, 0.00660410104319, 0.0183313786983, 0.013739939779, 0.00894214306027, 0.012614544481, 0.00646801665425, 0.00574387144297, 0.00766551494598, 0.00863254070282, 0.017942417413, 0.00532619515434, 0.00575970904902, 0.00852865818888, 0.00493846321478, 0.00249325903133, 0.00360436597839, 0.00353446905501, 0.00410196837038, 0.00374168576673, 0.00522508891299, 0.00425478676334, 0.00486658886075, 0.00416881637648, 0.000705786282197, 0.00130944314878, 0.00149421871174, 0.00161547889002, 0.00146487879101, 0.000768292753492, 0.000536983890925, 0.000769191712607, 0.0012409503106, 0.00200628326274, 0.00176111003384, 0.000944634550251, 0.000398524396587, 0.00112148514017, 0.000757003785111, 0.000444089295343, 0.000423118210165, 0.000589361879975, 0.000599705381319, 0.000187285841093, 0.000234912120504, 0.00031902192859, 0.000200379392481, 8.17563268356e-05, 0.000108831416583, 0.0001181886837, 0.000217073393287, 7.41926633054e-05, 5.55940241611e-05, 5.59623404115e-05, 7.95995438239e-05, 8.27461553854e-05, 7.87600365584e-05, 5.11571633979e-05, 4.57566129626e-05, 3.69517765648e-05, 4.69493461424e-05, 3.73606926587e-05, 6.54036630294e-05, 9.42954575294e-05, 0.000130727639771, 9.34198687901e-05, 8.98401776794e-05, 7.68986792536e-05, 0.000118584655866, 0.000113473404781, 8.44347596285e-05, 0.000122709941934, 0.000155541289132, 6.84974947944e-05, 3.81961544917e-05, 3.22593332385e-05, 3.85966231988e-05, 4.31661464972e-05, 2.63529182121e-06, 1.66545490288e-07, 1.58275270223e-07, 1.50398392407e-07, 1.44404836533e-07, 1.37930356914e-07, 1.31917090584e-07, 1.26456612293e-07, 1.21388765706e-07, 1.16704121922e-07, 1.12343030878e-07, 1.08339534677e-07, 1.04597035033e-07, 1.01143953657e-07, 9.80020473662e-08, 9.50514902343e-08, 9.24395635593e-08, 9.00145806781e-08, 8.78493509049e-08, 8.59500133288e-08, 8.42848564275e-08, 8.28089170568e-08, 8.16145799831e-08, 8.06541819998e-08, 7.99449111355e-08, 7.95153241029e-08],
        "mean": [2.34053932218e-05, 0.000138752002385, 0.000588110240642, 0.00121465243865, 0.00130408070982, 0.00094342342345, 0.000678907439578, 0.000814093102235, 0.000943768303841, 0.000987002509646, 0.000663779501338, 0.000831566692796, 0.00106243544724, 0.000951712252572, 0.000627186440397, 0.000475703098346, 0.000578429317102, 0.000518451386597, 0.000244764232775, 0.000146763020894, 0.000193697982468, 0.000216413172893, 0.000184641059604, 0.000301299092826, 0.00035524670966, 0.000188921956578, 0.000213339008042, 0.000254944636254, 0.00037093021092, 0.000601327978075, 0.00032784594805, 0.000203093557502, 0.000237533138716, 0.000143759083585, 0.000203058414627, 0.000156025635079, 0.000192402207176, 0.000227112424909, 0.000215524385567, 0.000109428881842, 5.48920361325e-05, 7.09975938662e-05, 6.67293570586e-05, 0.000107776235382, 0.000201182177989, 0.000119166666991, 0.000112632333185, 3.58194956789e-05, 1.98255293071e-05, 3.66707790818e-05, 2.82016299025e-05, 3.184777961e-05, 4.52732820122e-05, 2.30536006711e-05, 1.84317432286e-05, 2.09931513382e-05, 2.56560215348e-05, 5.38765525562e-05, 2.65879934886e-05, 1.8267386622e-05, 1.60833933478e-05, 2.37169715547e-05, 2.87006569124e-05, 2.14756564674e-05, 2.35870556935e-05, 2.44836464844e-05, 2.69877600658e-05, 1.17194294944e-05, 1.12136849566e-05, 1.4148482478e-05, 8.00708221504e-06, 3.50142818206e-06, 2.49539357355e-06, 3.22325149682e-06, 2.87767397822e-06, 1.93592973119e-06, 1.71256112935e-06, 1.71547935679e-06, 1.90728883354e-06, 2.2344113404e-06, 1.75275749825e-06, 1.55856650963e-06, 1.664105298e-06, 1.57450847382e-06, 1.1921499663e-06, 1.46177399074e-06, 2.08752544495e-06, 2.11505698644e-06, 2.1516407287e-06, 2.12758459384e-06, 1.90651485354e-06, 1.97914869204e-06, 2.13009730032e-06, 1.97264807866e-06, 1.76830417331e-06, 1.50721632508e-06, 1.3642900285e-06, 1.04280820779e-06, 8.09446760286e-07, 7.48404488604e-07, 7.06635603365e-07, 3.8648414602e-07, 1.11595523933e-08, 1.85533810537e-10, 1.12050729806e-10, 1.24471766227e-10, 1.26557916924e-10, 9.08712757819e-11, 8.33221686092e-11, 7.93167961866e-11, 7.68550847963e-11, 7.29731344795e-11, 6.93391039031e-11, 6.64457308619e-11, 6.43644026965e-11, 6.11785275217e-11, 5.70327847449e-11, 5.38412370243e-11, 5.23644426431e-11, 5.07866318444e-11, 4.95482162244e-11, 4.85804799166e-11, 4.75647576881e-11, 4.6650704133e-11, 4.59334029146e-11, 4.5327065018e-11, 4.48957988841e-11, 4.46476015881e-11],
        "min": [3.94176052909e-10, 1.79428724323e-07, 4.35434117207e-07, 6.71421844345e-07, 7.35544006147e-07, 4.00570513648e-07, 1.27390876514e-06, 7.11791301455e-07, 2.44934517468e-06, 1.93712207874e-06, 1.50815606048e-06, 2.17924070967e-06, 3.89389833799e-06, 4.56337647847e-06, 1.66087284015e-06, 1.54301983457e-06, 1.18260845738e-06, 4.12573371023e-07, 7.13620579518e-07, 2.61337163465e-07, 3.61032618912e-07, 2.92131772994e-07, 2.33121141946e-07, 3.15327099543e-07, 4.38598675601e-07, 2.28119830581e-07, 2.8039394806e-07, 4.13255861531e-07, 1.30293130951e-07, 3.93786393715e-07, 2.18577326905e-07, 9.17226685715e-08, 3.08826635376e-08, 8.45897574209e-08, 1.62571879514e-07, 9.37232229603e-08, 4.90886620241e-08, 3.10604875153e-08, 3.90834173913e-08, 5.81814063594e-09, 6.08049361972e-08, 7.32653404611e-08, 1.86837510796e-07, 5.83296433376e-08, 9.02502961253e-08, 2.39763284782e-08, 8.58044728602e-08, 8.73227961051e-08, 7.00159645817e-08, 8.95359093533e-08, 1.59173456638e-08, 6.10311161608e-08, 9.76662661856e-08, 2.15002913251e-08, 8.0499511057e-08, 8.3642618165e-08, 8.24341910288e-08, 6.17372748479e-08, 3.57859200051e-08, 5.44369136435e-08, 1.33655277068e-07, 7.20389508047e-08, 3.18377431086e-08, 3.12418393378e-08, 4.46791865727e-08, 1.82071033805e-08, 4.22695762836e-08, 7.67908190369e-08, 7.65199175135e-08, 5.1832804715e-09, 2.76212368533e-08, 9.58565582465e-09, 1.44715661676e-08, 2.80852159307e-08, 4.62740601392e-09, 3.61559537865e-09, 5.40134292848e-09, 1.37146927148e-09, 7.09481973171e-10, 9.48109368792e-10, 9.67080415748e-10, 1.04962127878e-09, 1.42530143243e-09, 3.03716740646e-09, 1.97335883745e-10, 5.73974923146e-10, 2.80007039777e-09, 2.18688445131e-09, 3.30075189403e-10, 2.77995315656e-09, 2.76206768568e-09, 1.58628710167e-09, 1.76564951548e-09, 6.10734629536e-10, 6.85703049896e-10, 5.95257121372e-10, 2.94997998251e-10, 6.29173435573e-10, 8.09758649023e-10, 2.28063179453e-10, 7.54468376662e-10, 8.16373878221e-13, 1.39534285276e-13, 5.58134606783e-14, 3.54983342797e-14, 2.85471753387e-14, 2.84373253298e-14, 4.19114748332e-14, 2.93658055772e-14, 3.23870975611e-14, 2.9226821023e-14, 3.70302272461e-14, 3.10690363681e-14, 3.26913992296e-14, 2.60939138136e-14, 3.41815809056e-14, 3.02105515354e-14, 3.18879884791e-14, 3.3542548757e-14, 2.79548384224e-14, 3.91046685322e-14, 3.40254083589e-14, 2.8622151307e-14, 2.27773512264e-14, 2.47073479839e-14, 9.19605713736e-15, 1.23099393516e-15, 7.74480406332e-17],
        "stdev": [4.31462322013e-05, 0.000220295158215, 0.000808732700534, 0.00142785033677, 0.00164140400011, 0.00141741370317, 0.00102287798654, 0.00103144347668, 0.00105546135455, 0.00129854271654, 0.000893667689525, 0.00121472321916, 0.00151215866208, 0.00129913946148, 0.000978076364845, 0.000825606111903, 0.000998637871817, 0.00087645027088, 0.000478754227515, 0.000331836286932, 0.000578638864681, 0.000505903561134, 0.000422510085627, 0.000634454074316, 0.000739992305171, 0.000446512422059, 0.000674101116601, 0.000698740012012, 0.000801977002993, 0.00107771588955, 0.000584498804528, 0.000447114201961, 0.000623681407887, 0.000441424141172, 0.000908966059797, 0.00041378455353, 0.000486602977617, 0.000629173649941, 0.000440965726739, 0.000199701113161, 0.000158125752932, 0.000172473839484, 0.000243608868914, 0.000303301523672, 0.000475792214274, 0.00030223763315, 0.000354910298483, 0.000178840389708, 4.63275209768e-05, 9.36686410569e-05, 8.2065242168e-05, 9.78704119916e-05, 0.000121739671158, 5.44474933122e-05, 4.07036568504e-05, 5.80561682e-05, 7.67352903495e-05, 0.000137528972118, 9.83376303338e-05, 5.35680883331e-05, 2.94974961434e-05, 5.71943019168e-05, 6.63145110593e-05, 3.96634095523e-05, 4.02488403779e-05, 4.61302952317e-05, 4.89375452162e-05, 2.01912662305e-05, 2.24377563427e-05, 2.69284100796e-05, 1.79460184881e-05, 6.55925759929e-06, 5.36875359103e-06, 7.2749417086e-06, 8.18217995402e-06, 4.42822511104e-06, 4.23414303441e-06, 4.4172379603e-06, 5.08609127792e-06, 5.15491001352e-06, 4.55223789686e-06, 3.94079688704e-06, 4.22527728006e-06, 3.71306805391e-06, 2.63202468886e-06, 3.75280387743e-06, 5.55314636586e-06, 6.29888108961e-06, 6.69636892781e-06, 6.43885778118e-06, 5.57779321753e-06, 6.26814244242e-06, 7.07152730683e-06, 6.96556026014e-06, 6.17700470684e-06, 6.11972973275e-06, 6.01195233685e-06, 4.09191216022e-06, 2.56808698396e-06, 2.16319608626e-06, 2.60238743977e-06, 1.76874380031e-06, 8.05737201404e-08, 3.6683398541e-09, 3.49304629665e-09, 3.3065725713e-09, 3.17816239992e-09, 3.01857827623e-09, 2.88580803698e-09, 2.76573919322e-09, 2.65657962295e-09, 2.55217513789e-09, 2.45566189605e-09, 2.36791430908e-09, 2.28660002044e-09, 2.21028351177e-09, 2.14138107246e-09, 2.07677053332e-09, 2.01971439573e-09, 1.96672056418e-09, 1.91940863203e-09, 1.87790449857e-09, 1.84146764504e-09, 1.80921799764e-09, 1.7831239818e-09, 1.76214121073e-09, 1.74664271935e-09, 1.73725156483e-09]
    },
    "mfcc": {
        "mean": [-616.176391602, 142.451782227, -17.0668544769, 14.2586917877, 2.59736776352, -2.32174062729, 3.00368022919, 5.40160179138, -15.6956748962, 3.53760123253, -8.81044197083, -5.51889562607, -5.17117166519],
        "cov": [[1216.47570801, -702.021057129, 156.691177368, 43.5266189575, 75.8130722046, 71.5961914062, 131.487838745, 103.851074219, 11.3653469086, 106.346763611, 59.3186035156, -38.0833778381, 59.4997215271], [-702.021057129, 1068.56274414, -433.136688232, -12.7437934875, -42.7454719543, -49.7281455994, -16.6460323334, -66.8730163574, -63.9606933594, -51.6763343811, -16.882484436, 40.1739006042, 7.3868188858], [156.691177368, -433.136688232, 553.51574707, -63.6747627258, 19.5446510315, 48.9115142822, -35.0922164917, 37.0295181274, 86.6557617188, -16.0066757202, -1.90822124481, 22.7833499908, -29.0719013214], [43.5266189575, -12.7437934875, -63.6747627258, 203.695419312, 25.2832813263, -26.9744358063, 10.4326210022, 23.8148803711, 24.2332572937, 5.36640882492, 2.59751439095, 21.8987751007, 27.1155872345], [75.8130722046, -42.7454719543, 19.5446510315, 25.2832813263, 192.495544434, -57.6370391846, 33.3325233459, 42.5279884338, -8.75625514984, 46.2683029175, -17.0519371033, 1.27617442608, 31.3546695709], [71.5961914062, -49.7281455994, 48.9115142822, -26.9744358063, -57.6370391846, 210.715484619, 29.1277942657, -8.78164291382, 5.04085636139, -18.4701385498, 41.1706733704, -22.7457733154, -13.2149791718], [131.487838745, -16.6460323334, -35.0922164917, 10.4326210022, 33.3325233459, 29.1277942657, 167.022384644, 39.1859207153, -33.2865371704, 46.4922332764, 13.5834054947, -14.7933578491, 27.0291805267], [103.851074219, -66.8730163574, 37.0295181274, 23.8148803711, 42.5279884338, -8.78164291382, 39.1859207153, 93.2966156006, 23.9785861969, 31.5557765961, -7.00715208054, 1.67405200005, 18.4803123474], [11.3653469086, -63.9606933594, 86.6557617188, 24.2332572937, -8.75625514984, 5.04085636139, -33.2865371704, 23.9785861969, 134.998001099, -3.77637004852, 3.67542266846, 5.01474952698, -19.0847873688], [106.346763611, -51.6763343811, -16.0066757202, 5.36640882492, 46.2683029175, -18.4701385498, 46.4922332764, 31.5557765961, -3.77637004852, 122.361312866, 22.9660072327, -20.1910552979, 7.31297588348], [59.3186035156, -16.882484436, -1.90822124481, 2.59751439095, -17.0519371033, 41.1706733704, 13.5834054947, -7.00715208054, 3.67542266846, 22.9660072327, 85.263168335, 0.648366451263, -0.969354808331], [-38.0833778381, 40.1739006042, 22.7833499908, 21.8987751007, 1.27617442608, -22.7457733154, -14.7933578491, 1.67405200005, 5.01474952698, -20.1910552979, 0.648366451263, 88.1145477295, 21.3999671936], [59.4997215271, 7.3868188858, -29.0719013214, 27.1155872345, 31.3546695709, -13.2149791718, 27.0291805267, 18.4803123474, -19.0847873688, 7.31297588348, -0.969354808331, 21.3999671936, 80.1098175049]],
        "icov": [[0.00172952597495, 0.00122941250447, 0.000468972109957, 7.66898228903e-05, -0.000142990844324, -0.0003227260313, -0.000601079897024, -0.00073832977796, -4.626584996e-06, -0.000312326854328, -0.000715027214028, 2.26033189392e-05, -0.000865119276568], [0.00122941250447, 0.00246509746648, 0.00174833380152, 0.000666795240249, -0.000205242686206, -0.000213378196349, -0.000440916483058, -0.000199954622076, -0.000232512349612, 0.000305869267322, -0.000298954604659, -0.00118340447079, -0.000262426852714], [0.000468972109957, 0.00174833380152, 0.0037769426126, 0.00155626353808, -0.000789299607277, -0.000809519377071, 0.000217273976887, -0.000905026507098, -0.00152032263577, 0.000631500326563, 0.000101005163742, -0.00205983011983, 0.000776852073614], [7.66898228903e-05, 0.000666795240249, 0.00155626353808, 0.00618870928884, -0.000574772013351, 0.000335718068527, -0.000221687994781, -0.000926629756577, -0.001811815775, 0.00057050952455, -0.000469059566967, -0.0016229043249, -0.00113538571168], [-0.000142990844324, -0.000205242686206, -0.000789299607277, -0.000574772013351, 0.00714272120968, 0.00161144929007, -0.000450231687864, -0.00156306265853, 0.000737461145036, -0.00190554757137, 0.00110909366049, 0.000590567302424, -0.00177878024988], [-0.0003227260313, -0.000213378196349, -0.000809519377071, 0.000335718068527, 0.00161144929007, 0.00668544461951, -0.00162800285034, 0.000112827845442, -0.000105780309241, 0.0019406696083, -0.00301547488198, 0.0019631315954, 8.40845459606e-05], [-0.000601079897024, -0.000440916483058, 0.000217273976887, -0.000221687994781, -0.000450231687864, -0.00162800285034, 0.00884198397398, -0.00303382938728, 0.00223911646754, -0.00196586595848, -0.000206486802199, 0.000792337581515, -0.00123606028501], [-0.00073832977796, -0.000199954622076, -0.000905026507098, -0.000926629756577, -0.00156306265853, 0.000112827845442, -0.00303382938728, 0.0163560397923, -0.00345698627643, -0.00255822949111, 0.00276126642711, -0.000455522153061, -0.00200203317218], [-4.626584996e-06, -0.000232512349612, -0.00152032263577, -0.001811815775, 0.000737461145036, -0.000105780309241, 0.00223911646754, -0.00345698627643, 0.0101361069828, -8.5741179646e-05, -0.000854823621921, 0.000233219427173, 0.00217226194218], [-0.000312326854328, 0.000305869267322, 0.000631500326563, 0.00057050952455, -0.00190554757137, 0.0019406696083, -0.00196586595848, -0.00255822949111, -8.5741179646e-05, 0.012177140452, -0.00422583054751, 0.0023095572833, 0.000759098678827], [-0.000715027214028, -0.000298954604659, 0.000101005163742, -0.000469059566967, 0.00110909366049, -0.00301547488198, -0.000206486802199, 0.00276126642711, -0.000854823621921, -0.00422583054751, 0.0153133831918, -0.0020367235411, 0.000166697078384], [2.26033189392e-05, -0.00118340447079, -0.00205983011983, -0.0016229043249, 0.000590567302424, 0.0019631315954, 0.000792337581515, -0.000455522153061, 0.000233219427173, 0.0023095572833, -0.0020367235411, 0.0150688644499, -0.00438072578982], [-0.000865119276568, -0.000262426852714, 0.000776852073614, -0.00113538571168, -0.00177878024988, 8.40845459606e-05, -0.00123606028501, -0.00200203317218, 0.00217226194218, 0.000759098678827, 0.000166697078384, -0.00438072578982, 0.0170252677053]]
    },
    "spectral_contrast_coeffs": {
        "max": [-0.405721247196, -0.49254322052, -0.48317566514, -0.538307785988, -0.532096028328, -0.596003115177],
        "mean": [-0.681975543499, -0.73219949007, -0.681560575962, -0.733602821827, -0.730695426464, -0.721430182457],
        "min": [-0.875636160374, -0.909174025059, -0.891210079193, -0.89527207613, -0.86250180006, -0.910835027695],
        "stdev": [0.0705154687166, 0.0620527938008, 0.0620406791568, 0.0566101633012, 0.0568196997046, 0.0357788614929]
    },
    "spectral_contrast_valleys": {
        "max": [-5.03384780884, -4.82611989975, -5.85183238983, -5.69217586517, -5.5601940155, -7.91823577881],
        "mean": [-6.41008234024, -6.38263225555, -7.15290927887, -7.49062585831, -7.71151781082, -11.1087274551],
        "min": [-8.66041946411, -8.28770256042, -9.39158821106, -9.55153656006, -9.61881637573, -13.1464452744],
        "stdev": [0.521525084972, 0.445865929127, 0.467054575682, 0.415039807558, 0.559605777264, 1.00408506393]
    }
},
"rhythm": {
    "beats_count": 107,
    "beats_loudness": {
        "max": 0.0722573101521,
        "mean": 0.0331510752439,
        "min": 0.00404556794092,
        "stdev": 0.01336953789
    },
    "bpm": 129.065155029,
    "bpm_histogram_first_peak_bpm": 129,
    "bpm_histogram_first_peak_weight": 0.292682945728,
    "bpm_histogram_second_peak_bpm": 167,
    "bpm_histogram_second_peak_spread": 0,
    "bpm_histogram_second_peak_weight": 0.0471698120236,
    "danceability": 1.12237942219,
    "onset_rate": 2.296875,
    "beats_loudness_band_ratio": {
        "max": [0.851270735264, 0.670863032341, 0.611351668835, 0.691444218159, 0.390307992697, 0.656298935413],
        "mean": [0.232684284449, 0.256165325642, 0.167545735836, 0.23428401351, 0.102257691324, 0.0582716278732],
        "min": [0.0204418897629, 0.0288763232529, 0.0163552965969, 0.00860419217497, 0.00843651872128, 0.00135749147739],
        "stdev": [0.172976180911, 0.149791702628, 0.11846793443, 0.143529072404, 0.081620067358, 0.0787501484156]
    },
