{
"metadata": {
    "version": {
        "essentia": "2.1-beta5",
        "essentia_git_sha": "Undefined",
        "extractor": "music 2.0"
    },
    "audio_properties": {
        "analysis": {
            "equal_loudness": 0,
            "length": 12.7477550507,
            "sample_rate": 44100,
            "start_time": 0,
            "downmix": "mix"
        },
        "bit_rate": 192000,
        "length": 199.970245361,
        "lossless": 0,
        "number_channels": 2,
        "replay_gain": -12.0544109344,
        "sample_rate": 48000,
        "codec": "mp3",
        "md5_encoded": "41c716b4524bd8b21a9ad9119021e1e0"
    },
    "tags": {
        "file_name": "Lithuania_Strazdas_Aiste Smilgeviciute.mp3",
        "encoding": ["Lavf58.29.100"]
    }
},
"lowlevel": {
    "average_loudness": 0.633090019226,
    "barkbands_crest": {
        "max": 25.9288482666,
        "mean": 8.42673969269,
        "min": 2.5512804985,
        "stdev": 5.83119821548
    },
    "barkbands_flatness_db": {
        "max": 0.288295120001,
        "mean": 0.137819245458,
        "min": 0.0678351223469,
        "stdev": 0.0470632091165
    },
    "barkbands_kurtosis": {
        "max": 52.9129142761,
        "mean": 1.95406377316,
        "min": -1.34743762016,
        "stdev": 4.78801012039
    },
    "barkbands_skewness": {
        "max": 6.86957788467,
        "mean": 0.737770676613,
        "min": -2.01153945923,
        "stdev": 1.00007653236
    },
    "barkbands_spread": {
        "max": 52.108089447,
        "mean": 17.0346679688,
        "min": 3.66240239143,
        "stdev": 7.68062925339
    },
    "dissonance": {
        "max": 0.499951273203,
        "mean": 0.472580015659,
        "min": 0.233450248837,
        "stdev": 0.0434511490166
    },
    "dynamic_complexity": 3.79848623276,
    "erbbands_crest": {
        "max": 22.9124298096,
        "mean": 8.26756095886,
        "min": 3.49520850182,
        "stdev": 4.11175537109
    },
    "erbbands_flatness_db": {
        "max": 0.302912920713,
        "mean": 0.197267949581,
        "min": 0.0936385691166,
        "stdev": 0.0335263907909
    },
    "erbbands_kurtosis": {
        "max": 12.9736614227,
        "mean": 1.63612771034,
        "min": -1.21023929119,
        "stdev": 2.35938668251
    },
    "erbbands_skewness": {
        "max": 2.3053252697,
        "mean": 0.527965724468,
        "min": -0.947063922882,
        "stdev": 0.508841574192
    },
    "erbbands_spread": {
        "max": 68.2736358643,
        "mean": 22.7437095642,
        "min": 6.63241434097,
        "stdev": 10.5718612671
    },
    "hfc": {
        "max": 90.0047683716,
        "mean": 23.4822177887,
        "min": 1.2341931786e-16,
        "stdev": 18.1148490906
    },
    "loudness_ebu128": {
        "integrated": -12.0276594162,
        "loudness_range": 4.99017047882,
        "momentary": {
            "max": -7.57706451416,
            "mean": -13.2951002121,
            "min": -25.2396678925,
            "stdev": 3.51167702675
        },
        "short_term": {
            "max": -9.93690872192,
            "mean": -13.3375825882,
            "min": -17.6213970184,
            "stdev": 1.69182908535
        }
    },
    "melbands_crest": {
        "max": 27.0395374298,
        "mean": 10.000128746,
        "min": 2.35053324699,
        "stdev": 6.74037837982
    },
    "melbands_flatness_db": {
        "max": 0.358909934759,
        "mean": 0.127157002687,
        "min": 0.0062219472602,
        "stdev": 0.077372930944
    },
    "melbands_kurtosis": {
        "max": 126.72315979,
        "mean": 5.61017847061,
        "min": -1.38136601448,
        "stdev": 13.1691045761
    },
    "melbands_skewness": {
        "max": 10.0203943253,
        "mean": 1.23587989807,
        "min": -0.554057240486,
        "stdev": 1.52540183067
    },
    "melbands_spread": {
        "max": 149.566955566,
        "mean": 28.5302944183,
        "min": 2.21927165985,
        "stdev": 13.2629680634
    },
    "pitch_salience": {
        "max": 0.864682674408,
        "mean": 0.673059642315,
        "min": 0.0779256299138,
        "stdev": 0.185890778899
    },
    "silence_rate_20dB": {
        "max": 1,
        "mean": 1,
        "min": 1,
        "stdev": 0
    },
    "silence_rate_30dB": {
        "max": 1,
        "mean": 1,
        "min": 1,
        "stdev": 0
    },
    "silence_rate_60dB": {
        "max": 1,
        "mean": 0.107272729278,
        "min": 0,
        "stdev": 0.309460222721
    },
    "spectral_centroid": {
        "max": 10906.7626953,
        "mean": 1953.36914062,
        "min": 601.957092285,
        "stdev": 761.796020508
    },
    "spectral_complexity": {
        "max": 54,
        "mean": 22.5745449066,
        "min": 0,
        "stdev": 11.1425933838
    },
    "spectral_decrease": {
        "max": 1.30968833452e-28,
        "mean": -4.34083125e-09,
        "min": -2.48592559871e-08,
        "stdev": 4.81387329998e-09
    },
    "spectral_energy": {
        "max": 0.101988345385,
        "mean": 0.0185132212937,
        "min": 1.0700185453e-20,
        "stdev": 0.0193230472505
    },
    "spectral_energyband_high": {
        "max": 0.00366147258319,
        "mean": 0.000855798076373,
        "min": 7.72007827254e-21,
        "stdev": 0.000712900480721
    },
    "spectral_energyband_low": {
        "max": 0.0559870935977,
        "mean": 0.00312879751436,
        "min": 5.89633263192e-23,
        "stdev": 0.007575399708
    },
    "spectral_energyband_middle_high": {
        "max": 0.0725370422006,
        "mean": 0.010099847801,
        "min": 1.30078311461e-21,
        "stdev": 0.0118290772662
    },
    "spectral_energyband_middle_low": {
        "max": 0.0596823245287,
        "mean": 0.00491319503635,
        "min": 4.23368041559e-22,
        "stdev": 0.0091179991141
    },
    "spectral_entropy": {
        "max": 9.80396652222,
        "mean": 7.89013957977,
        "min": 6.28845739365,
        "stdev": 0.485419631004
    },
    "spectral_flux": {
        "max": 0.195420473814,
        "mean": 0.0633256062865,
        "min": 1.0344169965e-10,
        "stdev": 0.0288404840976
    },
    "spectral_kurtosis": {
        "max": 12.0087480545,
        "mean": 3.61429190636,
        "min": -1.22359025478,
        "stdev": 1.25024664402
    },
    "spectral_rms": {
        "max": 0.00997500959784,
        "mean": 0.0037663273979,
        "min": 3.23097581675e-12,
        "stdev": 0.00196886737831
    },
    "spectral_rolloff": {
        "max": 19336.8164062,
        "mean": 2429.13916016,
        "min": 86.1328125,
        "stdev": 1426.97241211
    },
    "spectral_skewness": {
        "max": 3.29846310616,
        "mean": 1.61476898193,
        "min": 0.0151566369459,
        "stdev": 0.29007807374
    },
    "spectral_spread": {
        "max": 42171580,
        "mean": 4754390.5,
        "min": 3251268,
        "stdev": 1739455
    },
    "spectral_strongpeak": {
        "max": 8.30075836182,
        "mean": 1.327242136,
        "min": 3.88918452998e-09,
        "stdev": 1.54410076141
    },
    "zerocrossingrate": {
        "max": 0.49560546875,
        "mean": 0.0959011018276,
        "min": 0.0107421875,
        "stdev": 0.0473283827305
    },
    "barkbands": {
        "max": [0.00127191003412, 0.0517378225923, 0.00477347010747, 0.00324749923311, 0.00594897801057, 0.0276749916375, 0.0217790436, 0.00245521590114, 0.0319819524884, 0.0639054402709, 0.0214527416974, 0.02995217219, 0.0222187768668, 0.0100661152974, 0.00818436872214, 0.00560015719384, 0.00741878617555, 0.00233454979025, 0.00195057876408, 0.000795673695393, 0.000929405447096, 0.000851811724715, 0.000866014393978, 0.00157042988576, 0.000645494495984, 0.0002953625808, 9.0941102826e-06],
        "mean": [1.83870997716e-05, 0.00274776318111, 0.000216540574911, 0.000192620354937, 0.000207980148843, 0.00145099801011, 0.00129340740386, 0.00012604042422, 0.000945897074416, 0.00312554766424, 0.000840575143229, 0.000859168241732, 0.00146074674558, 0.000924772350118, 0.00102272385266, 0.00092736852821, 0.000636684300844, 0.000380660727387, 0.000208936166018, 0.000153333385242, 0.000182616582606, 0.00015341443941, 0.000142975433846, 0.000164944372955, 0.000106335355667, 2.2762305889e-05, 2.01653662657e-08],
        "min": [3.00877576149e-23, 3.27386426453e-23, 6.5786305773e-24, 2.53066199742e-23, 8.0291462002e-23, 9.23311581116e-23, 8.78777921771e-23, 3.07859342259e-23, 1.00216889399e-22, 3.10939402331e-23, 4.93128185233e-23, 4.32754987771e-23, 8.24822233991e-23, 9.27857313197e-23, 1.03489311626e-22, 1.75131992964e-22, 8.6576531404e-23, 1.29044908724e-22, 3.38276177933e-22, 2.9549565782e-22, 3.55897336316e-22, 5.1194790732e-22, 8.44660205113e-22, 8.2590808525e-22, 1.0275613799e-21, 1.63814901017e-21, 2.59047562744e-21],
        "stdev": [7.22595941625e-05, 0.00709640514106, 0.000641846330836, 0.00044338015141, 0.000579347077291, 0.00427052984014, 0.00358407502063, 0.000170806306414, 0.00274528563023, 0.00861477199942, 0.00247134058736, 0.00253140856512, 0.00303757586516, 0.00121749122627, 0.00100037187804, 0.000993357039988, 0.000717707094736, 0.000375907577109, 0.000205155680305, 0.000134953617817, 0.000170599087141, 0.000158138660481, 0.000142392033013, 0.000145894824527, 9.71681147348e-05, 3.34849755745e-05, 3.87453695794e-07]
    },
    "erbbands": {
        "max": [1.30313491821, 12.2283411026, 8.87607955933, 8.91625022888, 19.3516693115, 14.6486024857, 139.704971313, 345.325744629, 501.121520996, 65.1443786621, 106.950248718, 947.484924316, 2193.65649414, 1683.14123535, 785.112182617, 1546.03735352, 1018.12176514, 552.297424316, 472.97253418, 305.260528564, 341.82019043, 371.402160645, 164.586303711, 131.658309937, 53.4367790222, 35.2517814636, 44.8690032959, 35.1723937988, 31.3076114655, 26.9992275238, 24.3372592926, 27.0324821472, 26.2549724579, 8.85280132294, 4.89844083786, 2.07445454597, 0.511584341526, 0.0140466438606, 0.00130488967989, 0.000164788623806],
        "mean": [0.0630938410759, 0.666728079319, 0.473420858383, 0.566982805729, 0.585216879845, 0.605248868465, 3.67756915092, 15.014213562, 24.0479011536, 5.90652275085, 5.53849172592, 21.126991272, 56.8074836731, 92.7001419067, 33.8952026367, 46.1674995422, 68.7214431763, 46.2642784119, 51.7419013977, 52.2623329163, 49.7257423401, 35.547039032, 22.6596660614, 14.3263311386, 8.86188220978, 7.3441824913, 7.54901027679, 6.78489160538, 5.47787237167, 4.84193992615, 3.99073648453, 3.59519195557, 2.58526015282, 1.44871866703, 0.613206982613, 0.199477523565, 0.0198276471347, 0.000552289711777, 4.07255720347e-05, 2.74760550383e-05],
        "min": [1.28689815293e-21, 6.08769428312e-21, 8.13518319176e-21, 4.60546247724e-20, 2.81494939126e-19, 2.11155519415e-19, 1.14728555094e-19, 1.04410190396e-18, 1.47072764611e-18, 8.03512441987e-19, 1.12416554262e-18, 1.99965908642e-18, 1.30425382552e-18, 1.5412074668e-18, 1.75506343365e-18, 2.19089559262e-18, 3.40089104997e-18, 4.7959369433e-18, 3.72659796565e-18, 1.01384450569e-17, 7.5428540379e-18, 5.5131145285e-18, 7.05332027958e-18, 1.07392255086e-17, 2.00013397081e-17, 1.30909372132e-17, 1.77996446522e-17, 1.22394151568e-17, 1.60590068348e-17, 1.8709584685e-17, 2.39541562684e-17, 1.73108768631e-17, 1.52983894462e-17, 1.13698961317e-17, 7.97876829455e-18, 4.60444504509e-18, 3.0501213889e-18, 1.55870502509e-18, 3.40201136271e-19, 3.89382348662e-20],
        "stdev": [0.166929990053, 1.71379685402, 1.18397045135, 1.26796364784, 1.89506018162, 1.44329035282, 11.2811479568, 45.4469718933, 64.1795730591, 11.8497037888, 10.4931669235, 63.9191093445, 177.364517212, 265.331756592, 73.1889877319, 129.268157959, 143.645004272, 60.8664512634, 48.5159301758, 53.533531189, 52.6573028564, 38.6505012512, 23.3203353882, 14.1936998367, 7.86911821365, 6.39964580536, 6.82973051071, 6.6523938179, 5.66466236115, 4.93968296051, 3.89653611183, 3.15371179581, 2.3413541317, 1.30688595772, 0.640521585941, 0.255759268999, 0.03949746117, 0.00108206481673, 6.68705542921e-05, 2.40350582317e-05]
    },
    "gfcc": {
        "mean": [-23.5622806549, 39.1542320251, -173.975509644, 15.1367349625, -75.4571151733, 32.7872047424, -50.9369544983, 15.7633275986, -21.7741775513, 6.34825181961, -7.67626857758, 2.17590880394, 1.98141932487],
        "cov": [[5765.73144531, -514.282531738, -457.543182373, -304.505157471, -49.2154121399, 335.79385376, -61.109210968, 239.939498901, -247.000518799, -73.9276046753, -173.967727661, -112.895477295, -206.252914429], [-514.282531738, 2639.23291016, 1527.92126465, 451.385162354, 145.248672485, 163.362243652, 393.419891357, 88.4524154663, 171.022827148, -122.6379776, 789.734313965, -159.374450684, 359.142211914], [-457.543182373, 1527.92126465, 1153.77880859, 330.223937988, 185.304199219, 125.636230469, 278.474975586, 108.574180603, 108.790756226, -42.5558013916, 461.712860107, -72.4324111938, 192.307739258], [-304.505157471, 451.385162354, 330.223937988, 351.9921875, 145.164916992, 20.1939144135, 90.4956207275, 34.742389679, 132.290740967, 69.1061553955, 105.162498474, 65.9198226929, 109.596809387], [-49.2154121399, 145.248672485, 185.304199219, 145.164916992, 196.984420776, 82.6034164429, 96.6014328003, 64.9232025146, 67.920753479, 32.661151886, 36.1629219055, 17.9528236389, 22.6334228516], [335.79385376, 163.362243652, 125.636230469, 20.1939144135, 82.6034164429, 191.738815308, 134.274658203, 54.3894538879, 34.0969848633, 0.569669783115, 91.7285079956, -50.521774292, -1.94115364552], [-61.109210968, 393.419891357, 278.474975586, 90.4956207275, 96.6014328003, 134.274658203, 189.247360229, 72.6174545288, 79.93019104, 6.24523210526, 140.671783447, -33.6264457703, 47.4329452515], [239.939498901, 88.4524154663, 108.574180603, 34.742389679, 64.9232025146, 54.3894538879, 72.6174545288, 102.825088501, 46.4741325378, 20.1583595276, 37.0376815796, -0.609499156475, 10.9872350693], [-247.000518799, 171.022827148, 108.790756226, 132.290740967, 67.920753479, 34.0969848633, 79.93019104, 46.4741325378, 135.427566528, 69.7374343872, 59.5953483582, 37.5808982849, 53.3075485229], [-73.9276046753, -122.6379776, -42.5558013916, 69.1061553955, 32.661151886, 0.569669783115, 6.24523210526, 20.1583595276, 69.7374343872, 105.869979858, -7.74799442291, 66.7174224854, 8.89333820343], [-173.967727661, 789.734313965, 461.712860107, 105.162498474, 36.1629219055, 91.7285079956, 140.671783447, 37.0376815796, 59.5953483582, -7.74799442291, 329.271331787, -47.4735717773, 103.775222778], [-112.895477295, -159.374450684, -72.4324111938, 65.9198226929, 17.9528236389, -50.521774292, -33.6264457703, -0.609499156475, 37.5808982849, 66.7174224854, -47.4735717773, 100.498977661, 22.1732082367], [-206.252914429, 359.142211914, 192.307739258, 109.596809387, 22.6334228516, -1.94115364552, 47.4329452515, 10.9872350693, 53.3075485229, 8.89333820343, 103.775222778, 22.1732082367, 97.6418762207]],
        "icov": [[0.000492982915603, -0.00101003609598, 0.000761425471865, -0.000257853156654, 0.0006028774078, -0.00208081002347, 0.00140010309406, -0.00242940871976, 0.0017572279321, -0.000698764284607, 0.00103165884502, -0.000999153126031, 0.00119302701205], [-0.00101003609598, 0.00831489823759, -0.00504408078268, -0.00156392983627, -0.000274439051282, 0.00586719205603, -0.00356655218638, 0.00612781196833, -0.00582805555314, 0.00621036021039, -0.00807363446802, 0.00781751517206, -0.0103822154924], [0.000761425471865, -0.00504408078268, 0.00705696037039, -0.00162574299611, -0.00110664649401, -0.00155787868425, -0.000194126987481, -0.00605010613799, 0.00638999370858, -0.00258098146878, 0.00110956910066, -0.00300803687423, 0.0053382050246], [-0.000257853156654, -0.00156392983627, -0.00162574299611, 0.0104642715305, -0.00490334769711, 0.000241513756919, 0.00113062374294, 0.00420734612271, -0.00493296701461, -0.00301847327501, 0.00340585364029, -0.00325635727495, -0.0031293516513], [0.0006028774078, -0.000274439051282, -0.00110664649401, -0.00490334769711, 0.0131874904037, -0.00635150773451, 0.000255171646131, -0.00590703776106, 0.00152407609858, 0.00114834785927, 0.00285804318264, -0.00374746718444, 0.0042005428113], [-0.00208081002347, 0.00586719205603, -0.00155787868425, 0.000241513756919, -0.00635150773451, 0.0248711518943, -0.0170881319791, 0.00997878424823, -0.00443981448188, 0.00104142609052, -0.0092958342284, 0.0112080564722, -0.00437002815306], [0.00140010309406, -0.00356655218638, -0.000194126987481, 0.00113062374294, 0.000255171646131, -0.0170881319791, 0.027300382033, -0.0104254391044, -0.00419761845842, 0.000735789188184, 0.00325341639109, -0.00235303188674, 0.00200250861235], [-0.00242940871976, 0.00612781196833, -0.00605010613799, 0.00420734612271, -0.00590703776106, 0.00997878424823, -0.0104254391044, 0.0285133030266, -0.0127493552864, 0.00272016390227, -0.00457404926419, 0.00487917102873, -0.00658767297864], [0.0017572279321, -0.00582805555314, 0.00638999370858, -0.00493296701461, 0.00152407609858, -0.00443981448188, -0.00419761845842, -0.0127493552864, 0.0316775590181, -0.0172596052289, 0.00562910502777, -0.00106898928061, -0.000329960108502], [-0.000698764284607, 0.00621036021039, -0.00258098146878, -0.00301847327501, 0.00114834785927, 0.00104142609052, 0.000735789188184, 0.00272016390227, -0.0172596052289, 0.0343038253486, -0.0108135808259, -0.0125180864707, 0.00387759460136], [0.00103165884502, -0.00807363446802, 0.00110956910066, 0.00340585364029, 0.00285804318264, -0.0092958342284, 0.00325341639109, -0.00457404926419, 0.00562910502777, -0.0108135808259, 0.0192034486681, -0.00355598074384, 0.00226359558292], [-0.000999153126031, 0.00781751517206, -0.00300803687423, -0.00325635727495, -0.00374746718444, 0.0112080564722, -0.00235303188674, 0.00487917102873, -0.00106898928061, -0.0125180864707, -0.00355598074384, 0.038824878633, -0.0229131430387], [0.00119302701205, -0.0103822154924, 0.0053382050246, -0.0031293516513, 0.0042005428113, -0.00437002815306, 0.00200250861235, -0.00658767297864, -0.000329960108502, 0.00387759460136, 0.00226359558292, -0.0229131430387, 0.0452801957726]]
    },
    "melbands": {
        "max": [0.0141712613404, 0.00739443674684, 0.00123988802079, 0.00152015639469, 0.0039164959453, 0.00664807250723, 0.00664916448295, 0.000477327936096, 0.00188102351967, 0.00530897267163, 0.0113352900371, 0.00760021107271, 0.0034753093496, 0.00317512149923, 0.00230926088989, 0.00126391917001, 0.00125260732602, 0.000662844162434, 0.000522210786585, 0.000360892328899, 0.000396728311898, 0.000398864765884, 0.000350490998244, 0.000113233407319, 0.000113210902782, 6.11745199421e-05, 3.85040148103e-05, 2.69289521384e-05, 2.43076428887e-05, 2.87245675281e-05, 2.18571713049e-05, 2.03005874937e-05, 1.69474751601e-05, 1.81559516932e-05, 1.46357870108e-05, 1.25429778564e-05, 1.82687945198e-05, 2.09034315048e-05, 1.06769921331e-05, 7.95043706603e-06],
        "mean": [0.000720231095329, 0.000470393511932, 8.89661241672e-05, 4.31681582995e-05, 0.000104741819086, 0.000325376575347, 0.000345332431607, 4.56296220364e-05, 6.16659090156e-05, 0.000137173090479, 0.000298899307381, 0.000403538666433, 0.000120386357594, 9.31434406084e-05, 0.000162077092682, 0.000113287795102, 8.52270968608e-05, 8.15411985968e-05, 7.6359603554e-05, 6.52218805044e-05, 5.65051959711e-05, 3.86396895919e-05, 2.5407080102e-05, 1.71110150404e-05, 1.10128539745e-05, 7.16022623237e-06, 5.27008933204e-06, 4.71895646115e-06, 4.63033074993e-06, 4.43823682872e-06, 3.77838250643e-06, 3.11820872412e-06, 2.84021598418e-06, 2.62143271357e-06, 2.28953172154e-06, 2.13832731788e-06, 2.26563042816e-06, 1.93592882169e-06, 1.43484976434e-06, 1.15147906854e-06],
        "min": [1.17272661704e-23, 5.79159233521e-24, 1.54708939486e-23, 1.89754479631e-23, 4.45290366208e-24, 2.36544407383e-23, 2.13246078968e-23, 8.06920061266e-24, 9.86566566351e-24, 1.34246376698e-23, 6.18703726294e-24, 5.93046064795e-24, 6.75089413318e-24, 4.50930090592e-24, 6.0667671349e-24, 9.12673570929e-24, 9.21881865389e-24, 6.22833413133e-24, 8.20673298946e-24, 1.45408506072e-23, 7.91868595194e-24, 5.03971204593e-24, 5.32419619317e-24, 6.79658811225e-24, 8.30348756834e-24, 1.62679542741e-23, 1.20592196282e-23, 7.41281785242e-24, 1.20700443776e-23, 8.09321511634e-24, 6.77141634963e-24, 9.54979629073e-24, 9.8418980733e-24, 9.90195799832e-24, 1.36413377605e-23, 1.35916900106e-23, 1.00416731532e-23, 9.66693345768e-24, 1.17065356947e-23, 9.01566724927e-24],
        "stdev": [0.00187641091179, 0.00113659899216, 0.000191688261111, 0.000143454089994, 0.000326394947479, 0.000957367068622, 0.00090899609495, 7.85302836448e-05, 0.000166613055626, 0.000390692992369, 0.000906504981685, 0.00119962007739, 0.000352072354872, 0.00028017204022, 0.000329872913426, 0.000180517672561, 0.000128994259285, 7.83879586379e-05, 7.821078907e-05, 7.07576982677e-05, 6.15000244579e-05, 4.30961699749e-05, 3.04225868604e-05, 1.82008097909e-05, 1.18631460282e-05, 6.99396105119e-06, 4.90921229357e-06, 4.38198912889e-06, 4.16978537032e-06, 4.38636243416e-06, 3.90244622395e-06, 3.38349741469e-06, 2.95219479085e-06, 2.77677258964e-06, 2.35077709476e-06, 2.03679064725e-06, 2.03741160476e-06, 1.81710493052e-06, 1.30144735522e-06, 1.08234735308e-06]
    },
    "melbands128": {
        "max": [0.000748280843254, 0.00655258540064, 0.026160787791, 0.0178963728249, 0.00722755398601, 0.00177900667768, 0.00218951841816, 0.00107715046033, 0.00244921026751, 0.00260862102732, 0.00036427154555, 0.000415377202444, 0.00351661932655, 0.0110855009407, 0.0115789063275, 0.0134892966598, 0.0160018652678, 0.00868174899369, 0.00222151563503, 0.000320092658512, 0.000729008577764, 0.000664015300572, 0.000449016166385, 0.00511224940419, 0.0118682049215, 0.00190898682922, 0.0163377728313, 0.020856693387, 0.011098511517, 0.016967587173, 0.00582911074162, 0.00462983036414, 0.00729068787768, 0.000845210393891, 0.000501468894072, 0.00597931444645, 0.00733319856226, 0.00114794867113, 0.00693459995091, 0.002628789749, 0.00063119927654, 0.00129874504637, 0.00173406885006, 0.00192731874995, 0.0010196196381, 0.0006510692765, 0.00192617613357, 0.000570969190449, 0.000855738820974, 0.000626705179457, 0.000445361016318, 0.000692358880769, 0.000457596761407, 0.000561703520361, 0.000447815691587, 0.000434971618233, 0.000290271476842, 0.000639501959085, 0.000264246948063, 0.000180332528544, 0.000251375080552, 0.000124677011627, 0.000176750938408, 0.000117816613056, 0.000162728974828, 6.91408786224e-05, 4.31025437138e-05, 7.52382402425e-05, 3.481166641e-05, 3.47960958607e-05, 4.02741134167e-05, 3.51672424586e-05, 3.75435665774e-05, 3.00577685266e-05, 4.88265468448e-05, 4.05712671636e-05, 3.58530087397e-05, 3.03885808535e-05, 2.72637262242e-05, 3.52594761353e-05, 2.95949885185e-05, 2.51467554335e-05, 1.99328951567e-05, 2.5983861633e-05, 2.02559604077e-05, 2.02507071663e-05, 2.54289279837e-05, 2.23547212954e-05, 1.80214465217e-05, 1.75484892679e-05, 1.97242279683e-05, 1.52744341904e-05, 1.69506838574e-05, 2.28528406296e-05, 1.36701837619e-05, 2.22189628403e-05, 2.16708267544e-05, 2.16298813029e-05, 1.0717864825e-05, 9.08505444386e-06, 9.66890456766e-06, 9.53576090978e-06, 5.00765827383e-06, 6.49843377687e-06, 7.58629630582e-06, 5.95767778577e-06, 4.43638828074e-06, 5.71001555727e-06, 4.90597085445e-06, 3.57211024493e-06, 2.02540081773e-06, 2.60280512521e-06, 2.55175359598e-06, 1.75084991838e-07, 5.05405886031e-08, 5.87861208601e-08, 4.4007741451e-08, 4.26065476233e-08, 4.13869081228e-08, 4.03037851981e-08, 3.92768342294e-08, 3.83884888322e-08, 3.76557345305e-08, 3.69608166295e-08, 3.64200722913e-08, 3.59711549436e-08, 3.56595748485e-08, 3.54572975425e-08],
        "mean": [1.48634935613e-05, 0.000304159795633, 0.00128011091147, 0.00104373181239, 0.000347179273376, 9.83679565252e-05, 0.000132404733449, 6.54864561511e-05, 5.71613200009e-05, 5.65485643165e-05, 1.99928654183e-05, 2.99001694657e-05, 8.63115856191e-05, 0.000248205789831, 0.000345936277881, 0.000372257462004, 0.0003476132988, 0.000488047604449, 0.000130142958369, 2.18363165914e-05, 2.37850836129e-05, 2.70732798526e-05, 3.31307710439e-05, 0.000135787238833, 0.000156953523401, 8.76556077856e-05, 0.000220466827159, 0.000307263602735, 0.000272144534392, 0.000760452472605, 0.000240802255576, 0.000161999618285, 0.000156645808602, 5.81082349527e-05, 5.60411353945e-05, 0.000123121339129, 0.000131626002258, 9.28032386582e-05, 0.000293268822134, 0.000129258143716, 6.9750523835e-05, 7.41969852243e-05, 8.68096467457e-05, 9.08812726266e-05, 8.22736328701e-05, 7.76669912739e-05, 8.63428649609e-05, 7.46260557207e-05, 7.60680923122e-05, 6.76309136907e-05, 6.07983347436e-05, 6.81625970174e-05, 5.7341207139e-05, 5.49231772311e-05, 4.62435273221e-05, 3.67913344235e-05, 3.30317016051e-05, 2.81424654531e-05, 2.3208453058e-05, 1.82958574442e-05, 1.85299340956e-05, 1.41887794598e-05, 1.32265649881e-05, 9.57260726864e-06, 8.38485539134e-06, 7.53230415285e-06, 6.14883947492e-06, 5.41130430065e-06, 5.14429211762e-06, 4.93433071824e-06, 4.80010066894e-06, 4.58496833744e-06, 4.39507357441e-06, 4.63545302409e-06, 4.90571346745e-06, 4.63177957499e-06, 4.1234670789e-06, 4.0633340177e-06, 3.78658364752e-06, 3.45840248883e-06, 3.2175812521e-06, 2.9575296594e-06, 2.89337140202e-06, 2.81682696368e-06, 2.84749512502e-06, 2.66172128249e-06, 2.61234913523e-06, 2.38879988501e-06, 2.22013250095e-06, 2.24956147576e-06, 2.25375879381e-06, 2.02191131393e-06, 2.08629217013e-06, 2.35553648054e-06, 2.32802972278e-06, 2.18134550778e-06, 1.85156454791e-06, 1.58453860877e-06, 1.47114735682e-06, 1.31105514356e-06, 1.31827835048e-06, 1.17611102723e-06, 8.95188293271e-07, 7.63579237173e-07, 6.51033758459e-07, 6.15153396666e-07, 5.5485691064e-07, 4.62444631921e-07, 3.36056615424e-07, 2.19443109017e-07, 1.62104029755e-07, 6.92931934054e-08, 2.83693495362e-08, 3.55776874628e-09, 9.59988755156e-10, 8.00103427956e-10, 2.29041674515e-10, 8.09754138742e-11, 7.82764894569e-11, 7.62205160099e-11, 7.42746350535e-11, 7.25921683875e-11, 7.12017181326e-11, 6.98863814041e-11, 6.88463730469e-11, 6.79713854645e-11, 6.73672229112e-11, 6.69828428834e-11],
        "min": [1.31877608838e-23, 1.18881393637e-23, 1.19818497284e-23, 9.84547792408e-24, 4.14910070571e-24, 3.79083794788e-24, 5.94456232549e-24, 1.62345428593e-23, 3.58298319678e-23, 1.94124185289e-23, 1.03152927137e-23, 4.78397122907e-24, 1.36778097584e-24, 5.00989349814e-24, 1.9627051804e-23, 3.68030275784e-23, 3.58993874115e-23, 1.20490109792e-23, 1.44562926067e-23, 7.80162214905e-24, 4.13879502684e-24, 9.71631299491e-24, 7.93074053544e-24, 1.61397706879e-23, 1.01182865355e-23, 1.62591884517e-23, 1.12198826691e-23, 3.32574054652e-24, 4.09186332501e-24, 4.25298145958e-24, 6.19213961527e-24, 9.58818068466e-24, 8.28173788433e-24, 4.17543958804e-24, 1.30883916254e-24, 7.17976467519e-24, 5.37525482083e-24, 6.57014598384e-24, 6.49620526233e-24, 4.05852803531e-24, 1.58084491077e-23, 6.21371851091e-24, 4.99953969876e-24, 1.68020541277e-23, 6.78249905648e-24, 3.46353443071e-24, 5.95729769594e-24, 2.24600848174e-24, 8.83454162999e-24, 2.58123681668e-23, 1.24706800101e-23, 8.26331009358e-24, 1.01607367185e-23, 6.61858086013e-24, 4.33335810279e-24, 2.98547604468e-24, 9.90343790137e-24, 2.51695202876e-24, 5.22759307557e-24, 6.84402231848e-24, 7.43334243545e-24, 7.13016110147e-24, 3.67537316605e-24, 3.50046100968e-24, 2.47059954804e-23, 1.59147907131e-23, 9.87589482287e-24, 2.18482947864e-23, 8.09739371255e-24, 6.62610264886e-24, 9.8040800815e-24, 4.79739882496e-24, 9.47067275307e-24, 1.69342987698e-23, 1.08293996765e-23, 7.50847039262e-24, 5.91155954066e-24, 8.77176407915e-24, 1.81927989431e-24, 1.18858571891e-23, 1.24340934301e-23, 7.10919633405e-24, 6.97124901642e-24, 1.03214205852e-23, 1.19313689413e-23, 1.07835021713e-23, 7.87591943569e-24, 1.10258063204e-23, 1.60940325326e-23, 1.23778239818e-23, 1.71371480407e-23, 1.39346173124e-23, 7.31257256403e-24, 1.07867286124e-23, 9.77442364463e-24, 1.10630989308e-23, 6.44027147428e-24, 1.35438045759e-23, 1.29065516926e-23, 1.12539882815e-23, 8.7281440154e-24, 8.9615892565e-24, 7.90160474676e-24, 8.81903104687e-24, 1.09497364633e-23, 8.96051877225e-24, 6.11866511056e-24, 7.35816004688e-24, 7.79713747481e-24, 6.21619119541e-24, 1.39027015779e-23, 7.57674788169e-24, 6.63708832583e-24, 1.29720910455e-23, 1.27081310868e-23, 1.4258512556e-23, 1.03180994808e-23, 1.31708129961e-23, 1.38983202444e-23, 1.0339269352e-23, 9.0172102612e-24, 9.21701926217e-24, 9.55363409903e-24, 1.32066998564e-23, 1.28080332207e-23, 9.69047858912e-24, 1.31928876908e-23, 1.32328576952e-23],
        "stdev": [5.51990706299e-05, 0.000836623832583, 0.00338569562882, 0.00267141358927, 0.000894160591997, 0.000255591934547, 0.000310375762638, 0.000147930069943, 0.000223631839617, 0.000229936995311, 4.37291346316e-05, 4.88296464027e-05, 0.000239876404521, 0.00100205442868, 0.00117038877215, 0.00153070641682, 0.00124612310901, 0.00144988868851, 0.000356901437044, 2.87277052848e-05, 4.45381483587e-05, 4.60588635178e-05, 5.05058415001e-05, 0.000512883125339, 0.000734052795451, 0.000200978494831, 0.000990654691122, 0.00155521382112, 0.000784026866313, 0.00266513088718, 0.000766319979448, 0.000576745020226, 0.000624553358648, 9.05672641238e-05, 7.3871386121e-05, 0.000515730120242, 0.000563441368286, 0.000131972221425, 0.000901633116882, 0.000281815766357, 9.65436483966e-05, 0.000116263356176, 0.00016637450608, 0.000181940689799, 0.000113974296255, 8.69119903655e-05, 0.000119527670904, 9.4500996056e-05, 0.000102494210296, 8.64689864102e-05, 7.56376975914e-05, 9.24461492104e-05, 7.05012280378e-05, 7.09508676664e-05, 5.86591959291e-05, 4.76833847642e-05, 4.30690415669e-05, 4.3903644837e-05, 3.00850751955e-05, 2.3057391445e-05, 3.06981928588e-05, 1.54453919095e-05, 1.91348881344e-05, 1.16275050459e-05, 1.16660185085e-05, 8.73212593433e-06, 6.32359297015e-06, 6.31371221971e-06, 5.68583345739e-06, 4.99630596096e-06, 5.24350161868e-06, 5.19252216691e-06, 4.48249056717e-06, 4.76611330669e-06, 5.60897888136e-06, 5.20798676007e-06, 4.53272832601e-06, 4.56508223579e-06, 4.30305135524e-06, 4.14417718275e-06, 4.05995660913e-06, 3.46543288288e-06, 3.17089802593e-06, 3.35697404807e-06, 3.24997222378e-06, 3.05078265228e-06, 3.22652931573e-06, 2.83529811895e-06, 2.48345781984e-06, 2.47563548328e-06, 2.47836328526e-06, 2.18775403482e-06, 2.05020114663e-06, 2.29338593272e-06, 2.22986909648e-06, 2.25779763241e-06, 1.85617750503e-06, 1.71210444933e-06, 1.45034243815e-06, 1.25736289647e-06, 1.40042845942e-06, 1.20641595913e-06, 8.55096516261e-07, 8.63238199145e-07, 7.9461506175e-07, 7.90916999449e-07, 6.64505023451e-07, 6.25887878414e-07, 5.12880717451e-07, 3.54588081564e-07, 2.66280920869e-07, 2.0698081471e-07, 1.37921219334e-07, 1.28549251244e-08, 4.16060341735e-09, 3.93447807667e-09, 1.97345917385e-09, 1.81496728757e-09, 1.76302294985e-09, 1.71688374628e-09, 1.6731374064e-09, 1.63529523256e-09, 1.60408097916e-09, 1.57447865856e-09, 1.55144430636e-09, 1.53232238009e-09, 1.51905010792e-09, 1.51043355601e-09]
    },
    "mfcc": {
        "mean": [-643.360412598, 66.6808242798, -37.3577804565, -18.113325119, -1.26468920708, -0.416043877602, -5.43005418777, -0.335616677999, -0.714315414429, 0.881524085999, -3.08916068077, 2.55584979057, -0.731238305569],
        "cov": [[3524.82104492, -710.029785156, -535.276855469, -478.84362793, -6.32105779648, -55.7528343201, 91.3901519775, 99.806350708, 74.2851257324, 50.9355583191, 3.39412021637, -104.740692139, -154.175140381], [-710.029785156, 1748.47705078, 1285.21887207, 411.41595459, 285.794555664, -44.959941864, 463.11315918, 84.3658752441, -99.3335342407, 158.308654785, 48.7672996521, 114.729522705, 35.6723747253], [-535.276855469, 1285.21887207, 1126.89294434, 339.114593506, 233.734863281, -16.3497772217, 392.994628906, 73.4140777588, -82.7175369263, 139.745544434, 58.6002693176, 96.865486145, 36.1158638], [-478.84362793, 411.41595459, 339.114593506, 363.801849365, 139.232513428, 70.4694900513, 36.3972473145, 28.8697872162, 52.3623161316, 10.3595838547, 23.1097831726, 73.4768218994, 87.00025177], [-6.32105779648, 285.794555664, 233.734863281, 139.232513428, 160.213577271, 35.9958000183, 113.146514893, 45.8634147644, 18.1055831909, 41.0601654053, 28.6513996124, 45.45054245, 25.5685024261], [-55.7528343201, -44.959941864, -16.3497772217, 70.4694900513, 35.9958000183, 141.361160278, 7.07610607147, 35.4066238403, 56.2480125427, 29.3770980835, 33.2539787292, 27.1190490723, 49.716381073], [91.3901519775, 463.11315918, 392.994628906, 36.3972473145, 113.146514893, 7.07610607147, 271.884765625, 74.9548721313, -32.856174469, 100.396347046, 45.650718689, 32.981426239, -13.6791038513], [99.806350708, 84.3658752441, 73.4140777588, 28.8697872162, 45.8634147644, 35.4066238403, 74.9548721313, 81.7498092651, 47.7542114258, 47.4220352173, 31.4629039764, 16.3362693787, 6.66536998749], [74.2851257324, -99.3335342407, -82.7175369263, 52.3623161316, 18.1055831909, 56.2480125427, -32.856174469, 47.7542114258, 112.005950928, 25.3577442169, 24.5047416687, 19.5397701263, 31.9523067474], [50.9355583191, 158.308654785, 139.745544434, 10.3595838547, 41.0601654053, 29.3770980835, 100.396347046, 47.4220352173, 25.3577442169, 96.3892288208, 48.9070587158, 26.223279953, 14.9959440231], [3.39412021637, 48.7672996521, 58.6002693176, 23.1097831726, 28.6513996124, 33.2539787292, 45.650718689, 31.4629039764, 24.5047416687, 48.9070587158, 68.3510055542, 42.0169258118, 29.2574996948], [-104.740692139, 114.729522705, 96.865486145, 73.4768218994, 45.45054245, 27.1190490723, 32.981426239, 16.3362693787, 19.5397701263, 26.223279953, 42.0169258118, 68.5807037354, 48.8477973938], [-154.175140381, 35.6723747253, 36.1158638, 87.00025177, 25.5685024261, 49.716381073, -13.6791038513, 6.66536998749, 31.9523067474, 14.9959440231, 29.2574996948, 48.8477973938, 83.6985473633]],
        "icov": [[0.000453186425148, 0.00019327456539, 3.95928800572e-05, 0.000592717668042, -0.00066971546039, 0.000289023533696, -0.000475708890008, -8.02173090051e-05, -0.000635218049865, 0.000117076051538, 7.30118972569e-06, 0.000296980317216, 0.000126422688481], [0.00019327456539, 0.00412821164355, -0.00350573263131, -0.00112537120003, -0.000354710587999, 0.00143930420745, -0.0012515517883, -0.000322906882502, 0.0005155793624, -0.0015987836523, 0.00258101359941, -0.00153835222591, 0.000438863033196], [3.95928800572e-05, -0.00350573263131, 0.00767126260325, -0.00373263983056, 0.0010203657439, 0.000922070874367, -0.00393866887316, 0.000522216898389, 0.00293040717952, -0.00222064158879, -0.00106026988942, 0.000529934302904, -6.73732138239e-05], [0.000592717668042, -0.00112537120003, -0.00373263983056, 0.0125681469217, -0.00649515399709, -0.00272011593916, 0.00466993683949, 0.000313597498462, -0.00666459696367, 0.0065956255421, -6.25851535005e-05, 5.4684242059e-05, -0.0041912314482], [-0.00066971546039, -0.000354710587999, 0.0010203657439, -0.00649515399709, 0.0163352973759, -0.000972636509687, -0.005994127132, -0.000714967376553, 0.000187755227671, 0.000364826526493, 0.00126814376563, -0.00475917384028, 0.00209070486017], [0.000289023533696, 0.00143930420745, 0.000922070874367, -0.00272011593916, -0.000972636509687, 0.012616744265, -0.00279773515649, -0.00155007245485, -0.00144261564128, -0.00212454120629, -0.00159623473883, 0.00316197797656, -0.00553847011179], [-0.000475708890008, -0.0012515517883, -0.00393866887316, 0.00466993683949, -0.005994127132, -0.00279773515649, 0.0212407484651, -0.0115402908996, 0.00868414342403, -0.00774973770604, 0.000271166092716, -0.0031172640156, 0.00418369239196], [-8.02173090051e-05, -0.000322906882502, 0.000522216898389, 0.000313597498462, -0.000714967376553, -0.00155007245485, -0.0115402908996, 0.034017894417, -0.0174165852368, 0.00188605859876, -0.0057873185724, 0.00443219626322, 0.00172985321842], [-0.000635218049865, 0.0005155793624, 0.00293040717952, -0.00666459696367, 0.000187755227671, -0.00144261564128, 0.00868414342403, -0.0174165852368, 0.028396492824, -0.012142716907, 0.00305095803924, -0.00412495061755, 0.000554971804377], [0.000117076051538, -0.0015987836523, -0.00222064158879, 0.0065956255421, 0.000364826526493, -0.00212454120629, -0.00774973770604, 0.00188605859876, -0.012142716907, 0.0329296775162, -0.0150286424905, 0.00647834967822, -0.0050586159341], [7.30118972569e-06, 0.00258101359941, -0.00106026988942, -6.25851535005e-05, 0.00126814376563, -0.00159623473883, 0.000271166092716, -0.0057873185724, 0.00305095803924, -0.0150286424905, 0.0387613847852, -0.0211678873748, 0.000834395643324], [0.000296980317216, -0.00153835222591, 0.000529934302904, 5.4684242059e-05, -0.00475917384028, 0.00316197797656, -0.0031172640156, 0.00443219626322, -0.00412495061755, 0.00647834967822, -0.0211678873748, 0.0436641387641, -0.0180392432958], [0.000126422688481, 0.000438863033196, -6.73732138239e-05, -0.0041912314482, 0.00209070486017, -0.00553847011179, 0.00418369239196, 0.00172985321842, 0.000554971804377, -0.0050586159341, 0.000834395643324, -0.0180392432958, 0.0305070281029]]
    },
    "spectral_contrast_coeffs": {
        "max": [-0.489704787731, -0.405508756638, -0.405041635036, -0.506694376469, -0.685332298279, -0.728883683681],
        "mean": [-0.721640348434, -0.773735046387, -0.781490147114, -0.801751494408, -0.805674016476, -0.795094609261],
        "min": [-0.974816203117, -0.947534263134, -0.970166265965, -0.964379549026, -0.960638046265, -0.959321916103],
        "stdev": [0.0561900474131, 0.101356841624, 0.101218625903, 0.0716703534126, 0.0337247475982, 0.0271370485425]
    },
    "spectral_contrast_valleys": {
        "max": [-5.42437458038, -5.61409091949, -5.67948865891, -5.34558725357, -5.99976873398, -8.28696537018],
        "mean": [-8.52271652222, -7.19241428375, -7.00020217896, -6.91055297852, -7.2964849472, -9.499958992],
        "min": [-26.8213424683, -27.4580917358, -26.8765258789, -27.1054267883, -27.2492961884, -27.2567100525],
        "stdev": [1.31196129322, 1.00036263466, 1.08647501469, 1.27144491673, 1.11543524265, 1.04060208797]
    }
},
"rhythm": {
    "beats_count": 20,
    "beats_loudness": {
        "max": 0.0726298540831,
        "mean": 0.024487119168,
        "min": 0.00634855777025,
        "stdev": 0.0219365824014
    },
    "bpm": 100.245765686,
    "bpm_histogram_first_peak_bpm": 101,
    "bpm_histogram_first_peak_weight": 0.428571403027,
    "bpm_histogram_second_peak_bpm": 92,
    "bpm_histogram_second_peak_spread": 0.200000047684,
    "bpm_histogram_second_peak_weight": 0.210526317358,
    "danceability": 0.968637406826,
    "onset_rate": 3.05657839775,
    "beats_loudness_band_ratio": {
        "max": [0.858437180519, 0.421564161777, 0.62550342083, 0.710933685303, 0.60096257925, 0.223907470703],
        "mean": [0.196947604418, 0.0656951442361, 0.131184220314, 0.285859316587, 0.280719280243, 0.0822365358472],
        "min": [0.000682224519551, 0.00191062584054, 0.0303089395165, 0.0424991697073, 0.00592931546271, 0.00229204492643],
        "stdev": [0.306118041277, 0.104298435152, 0.152149423957, 0.1602473557, 0.205188587308, 0.0635609775782]
    },
    "beats_position": [0.592108845711, 1.20743763447, 1.8575963974, 2.49614500999, 3.14630389214, 3.79646253586, 4.446621418, 5.06195020676, 5.67727899551, 6.29260778427, 6.8963265419, 7.4884352684, 8.08054447174, 8.67265319824, 9.26476192474, 9.85687065125, 10.4489793777, 11.0294780731, 11.6215867996, 12.2136955261],
