{
"metadata": {
    "version": {
        "essentia": "2.1-beta5",
        "essentia_git_sha": "Undefined",
        "extractor": "music 2.0"
    },
    "audio_properties": {
        "analysis": {
            "equal_loudness": 0,
            "length": 52.2448997498,
            "sample_rate": 44100,
            "start_time": 110.248344421,
            "downmix": "mix"
        },
        "bit_rate": 192000,
        "length": 190.287536621,
        "lossless": 0,
        "number_channels": 2,
        "replay_gain": -12.0132637024,
        "sample_rate": 48000,
        "codec": "mp3",
        "md5_encoded": "61d9aa05013e4a8c771c235427c205ed"
    },
    "tags": {
        "file_name": "Portugal_Como Tudo Começou_Rui Bandeira.mp3",
        "encoding": ["Lavf58.29.100"]
    }
},
"lowlevel": {
    "average_loudness": 0.981402218342,
    "barkbands_crest": {
        "max": 21.1396198273,
        "mean": 6.97497749329,
        "min": 2.15778875351,
        "stdev": 2.9385035038
    },
    "barkbands_flatness_db": {
        "max": 0.249683350325,
        "mean": 0.11568056047,
        "min": 0.035533528775,
        "stdev": 0.0354001447558
    },
    "barkbands_kurtosis": {
        "max": 25.9278831482,
        "mean": 0.814098954201,
        "min": -1.78175055981,
        "stdev": 2.84366393089
    },
    "barkbands_skewness": {
        "max": 4.39474153519,
        "mean": 0.75788551569,
        "min": -2.03386759758,
        "stdev": 0.800536692142
    },
    "barkbands_spread": {
        "max": 86.1580123901,
        "mean": 26.3756122589,
        "min": 3.19567513466,
        "stdev": 13.9877443314
    },
    "dissonance": {
        "max": 0.499777287245,
        "mean": 0.47184279561,
        "min": 0.356778115034,
        "stdev": 0.020433658734
    },
    "dynamic_complexity": 1.27893269062,
    "erbbands_crest": {
        "max": 28.8463687897,
        "mean": 8.63318729401,
        "min": 2.81476759911,
        "stdev": 3.86279058456
    },
    "erbbands_flatness_db": {
        "max": 0.298523545265,
        "mean": 0.171459510922,
        "min": 0.0685309022665,
        "stdev": 0.0451198518276
    },
    "erbbands_kurtosis": {
        "max": 13.320142746,
        "mean": 0.414679735899,
        "min": -1.57875776291,
        "stdev": 1.3937138319
    },
    "erbbands_skewness": {
        "max": 2.70053815842,
        "mean": 0.179475009441,
        "min": -2.62900614738,
        "stdev": 0.68733716011
    },
    "erbbands_spread": {
        "max": 118.258773804,
        "mean": 32.4484024048,
        "min": 5.56240224838,
        "stdev": 15.2312755585
    },
    "hfc": {
        "max": 143.63168335,
        "mean": 31.4306697845,
        "min": 4.76431322098,
        "stdev": 18.4816055298
    },
    "loudness_ebu128": {
        "integrated": -10.7419071198,
        "loudness_range": 1.34934997559,
        "momentary": {
            "max": -8.80929470062,
            "mean": -10.8103427887,
            "min": -13.1917705536,
            "stdev": 0.776540637016
        },
        "short_term": {
            "max": -9.80606842041,
            "mean": -10.7983827591,
            "min": -11.8289737701,
            "stdev": 0.432338804007
        }
    },
    "melbands_crest": {
        "max": 29.4890193939,
        "mean": 9.79536724091,
        "min": 3.04568576813,
        "stdev": 3.71997046471
    },
    "melbands_flatness_db": {
        "max": 0.293844997883,
        "mean": 0.142711177468,
        "min": 0.0425731912255,
        "stdev": 0.0443073362112
    },
    "melbands_kurtosis": {
        "max": 57.3384017944,
        "mean": 4.18107271194,
        "min": -1.68557333946,
        "stdev": 5.97930526733
    },
    "melbands_skewness": {
        "max": 6.65670824051,
        "mean": 1.53165829182,
        "min": -1.1026955843,
        "stdev": 0.965399622917
    },
    "melbands_spread": {
        "max": 173.22517395,
        "mean": 34.4028625488,
        "min": 3.54158043861,
        "stdev": 17.6192569733
    },
    "pitch_salience": {
        "max": 0.822204113007,
        "mean": 0.619225740433,
        "min": 0.335946261883,
        "stdev": 0.0796323046088
    },
    "silence_rate_20dB": {
        "max": 1,
        "mean": 1,
        "min": 1,
        "stdev": 0
    },
    "silence_rate_30dB": {
        "max": 1,
        "mean": 1,
        "min": 1,
        "stdev": 0
    },
    "silence_rate_60dB": {
        "max": 0,
        "mean": 0,
        "min": 0,
        "stdev": 0
    },
    "spectral_centroid": {
        "max": 4241.03320312,
        "mean": 1655.36901855,
        "min": 385.460601807,
        "stdev": 572.910522461
    },
    "spectral_complexity": {
        "max": 58,
        "mean": 26.1883602142,
        "min": 8,
        "stdev": 8.11966705322
    },
    "spectral_decrease": {
        "max": -8.13824063695e-10,
        "mean": -6.10060668649e-09,
        "min": -2.9616369801e-08,
        "stdev": 3.04805269913e-09
    },
    "spectral_energy": {
        "max": 0.116288289428,
        "mean": 0.0258759465069,
        "min": 0.00357847101986,
        "stdev": 0.0122120976448
    },
    "spectral_energyband_high": {
        "max": 0.0164770521224,
        "mean": 0.00130494963378,
        "min": 9.34367199079e-06,
        "stdev": 0.00182801380288
    },
    "spectral_energyband_low": {
        "max": 0.088159494102,
        "mean": 0.00321551784873,
        "min": 1.87252644537e-05,
        "stdev": 0.00520323775709
    },
    "spectral_energyband_middle_high": {
        "max": 0.063235424459,
        "mean": 0.010127143003,
        "min": 0.000886707101017,
        "stdev": 0.00682477094233
    },
    "spectral_energyband_middle_low": {
        "max": 0.0850451365113,
        "mean": 0.0120425652713,
        "min": 0.00125595217105,
        "stdev": 0.00963226519525
    },
    "spectral_entropy": {
        "max": 8.61585998535,
        "mean": 7.69362068176,
        "min": 6.53920841217,
        "stdev": 0.346740812063
    },
    "spectral_flux": {
        "max": 0.300812155008,
        "mean": 0.0931982696056,
        "min": 0.0346989743412,
        "stdev": 0.035564403981
    },
    "spectral_kurtosis": {
        "max": 16.7847232819,
        "mean": 4.0369310379,
        "min": -1.14486646652,
        "stdev": 2.34872150421
    },
    "spectral_rms": {
        "max": 0.0106513844803,
        "mean": 0.00490777939558,
        "min": 0.00186847290024,
        "stdev": 0.00107633962762
    },
    "spectral_rolloff": {
        "max": 10529.7363281,
        "mean": 2318.68383789,
        "min": 215.33203125,
        "stdev": 1689.45849609
    },
    "spectral_skewness": {
        "max": 2.75610232353,
        "mean": 1.45069384575,
        "min": 0.0943448841572,
        "stdev": 0.393452078104
    },
    "spectral_spread": {
        "max": 13118750,
        "mean": 4460952,
        "min": 1734037.125,
        "stdev": 1805693.875
    },
    "spectral_strongpeak": {
        "max": 11.6692352295,
        "mean": 1.53098368645,
        "min": 0.0412086769938,
        "stdev": 1.545820117
    },
    "zerocrossingrate": {
        "max": 0.28564453125,
        "mean": 0.083590015769,
        "min": 0.0224609375,
        "stdev": 0.0397793911397
    },
    "barkbands": {
        "max": [0.000539725762792, 0.0210532322526, 0.0554968342185, 0.0259999334812, 0.0566444806755, 0.0394461303949, 0.0426249802113, 0.0443421602249, 0.0385707616806, 0.040104161948, 0.0196496825665, 0.0169456172734, 0.0117110656574, 0.0219989307225, 0.0558434948325, 0.016131946817, 0.00696606980637, 0.0113919600844, 0.0061173918657, 0.00743877980858, 0.00210556597449, 0.00420474121347, 0.010091342032, 0.00728281401098, 0.00378173962235, 0.00320381880738, 4.12106146541e-06],
        "mean": [3.79424818675e-05, 0.000892262440175, 0.00169487204403, 0.0011608810164, 0.00305460905656, 0.00260498840362, 0.00196960032918, 0.0012897249544, 0.00152711744886, 0.00195594807155, 0.00108311907388, 0.00120430288371, 0.000941031146795, 0.00129591336008, 0.00136026751716, 0.000567982613575, 0.000495609478094, 0.000565513211768, 0.000549650401808, 0.000506243377458, 0.00019874642021, 0.000195082378923, 0.000225439405767, 0.00022236967925, 0.000177824069397, 9.88957399386e-05, 2.08221209164e-08],
        "min": [7.68630741277e-08, 3.0405697089e-06, 4.70056966151e-06, 1.29766306145e-06, 3.59411642421e-05, 3.05854628095e-05, 1.65289311553e-05, 9.34114541451e-06, 9.06896730157e-06, 2.13472303585e-05, 5.50115782971e-06, 1.29123400257e-05, 1.88782523765e-05, 9.35486514209e-06, 1.3940016288e-05, 4.66400160803e-06, 9.00874601939e-06, 9.93380581349e-06, 7.49961827751e-06, 4.54681912743e-06, 1.9743363282e-06, 1.41747079851e-06, 7.47040871829e-07, 3.89124835465e-07, 3.53357791028e-07, 3.78417540359e-11, 1.10706409318e-11],
        "stdev": [4.95055501233e-05, 0.00120897998568, 0.00321303843521, 0.0020081140101, 0.00393607048318, 0.00355729856528, 0.00306262937374, 0.00238087191246, 0.00272058672272, 0.00316773937084, 0.00194057275075, 0.00159225054085, 0.00111270917114, 0.00166800280567, 0.00223752274178, 0.00100327003747, 0.000618769961875, 0.000730473373551, 0.000664595223498, 0.000572212098632, 0.000256416766206, 0.00033202819759, 0.000497114669997, 0.000565709662624, 0.000411274959333, 0.000248015887337, 1.37688530799e-07]
    },
    "erbbands": {
        "max": [0.167509391904, 6.92889595032, 50.2995910645, 92.6019058228, 129.903427124, 255.872467041, 400.47064209, 419.695556641, 568.25994873, 961.458190918, 1547.93847656, 967.550048828, 658.982177734, 2043.65344238, 725.90802002, 662.841369629, 513.007568359, 1295.28161621, 1668.08435059, 1555.04663086, 492.214172363, 428.244262695, 755.633483887, 227.172546387, 414.74420166, 289.971893311, 123.42300415, 103.799812317, 146.674240112, 364.39050293, 206.959640503, 144.821395874, 124.397323608, 55.7403678894, 27.4684638977, 16.9812316895, 5.45611953735, 0.263266056776, 0.00571722025052, 0.000424682191806],
        "mean": [0.0136546203867, 0.262774586678, 1.66244637966, 3.24551606178, 5.97854614258, 9.9812746048, 20.7761726379, 20.2760620117, 24.941608429, 29.5160484314, 30.4861755371, 34.5451965332, 44.3875999451, 66.9004745483, 46.2428283691, 50.0632858276, 44.8205833435, 63.903377533, 75.2246017456, 53.0054130554, 29.9858779907, 26.2009220123, 29.8655567169, 28.9292869568, 29.6665019989, 25.6608581543, 10.4991264343, 7.02104663849, 6.70519113541, 6.87392711639, 6.46198749542, 5.13374757767, 3.36133337021, 2.15404105186, 1.1582672596, 0.637818932533, 0.152229264379, 0.00469268206507, 0.000151581407408, 4.4422045903e-05],
        "min": [8.96398560144e-05, 0.00110545684583, 0.00628734380007, 0.0190061163157, 0.0299200676382, 0.166486516595, 0.257030904293, 0.297797888517, 0.359566628933, 0.204065233469, 0.659388422966, 0.508251368999, 0.745187103748, 1.41587424278, 1.50377321243, 0.802086770535, 1.23319888115, 1.08289980888, 1.10354721546, 0.851581811905, 0.361234128475, 0.696536123753, 0.828308284283, 0.358828961849, 0.468922972679, 0.25765016675, 0.147795543075, 0.0498094931245, 0.0483873263001, 0.0379215106368, 0.0239023063332, 0.011522013694, 0.00567103968933, 0.00649687740952, 0.00127367826644, 6.78605065332e-05, 7.24959772924e-06, 1.63668846653e-06, 3.99974078391e-06, 7.50909157432e-06],
        "stdev": [0.0162090584636, 0.367797881365, 2.8625664711, 6.11703252792, 8.95834922791, 14.6333045959, 27.9675827026, 30.864528656, 40.0055809021, 51.1601257324, 60.4049491882, 64.7331848145, 63.8460884094, 125.389823914, 65.2603759766, 59.1406326294, 49.9726486206, 82.1965789795, 101.983543396, 83.5829162598, 45.4835548401, 33.6620674133, 39.6673469543, 30.8635501862, 36.0543632507, 28.5197963715, 13.5426540375, 9.7987947464, 11.1420297623, 15.3213672638, 13.7408781052, 11.8506536484, 9.2385969162, 5.58899831772, 2.58928823471, 1.48802709579, 0.431139498949, 0.0143926907331, 0.000366186897736, 3.3724703826e-05]
    },
    "gfcc": {
        "mean": [30.8003101349, 90.9872131348, -146.680038452, 29.4155826569, -69.6273345947, 18.1810760498, -46.851940155, 6.89295101166, -30.2677211761, -0.924924433231, -10.2566833496, -7.73214244843, -8.57804393768],
        "cov": [[1199.16369629, -968.090759277, 496.299041748, -12.5253353119, -95.1332168579, 115.818603516, -91.3047790527, 163.31729126, -147.55809021, 179.304962158, -235.671829224, 161.25819397, -192.310852051], [-968.090759277, 1301.11291504, -567.272094727, 73.1569519043, 152.273300171, -206.973449707, 129.46673584, -180.916946411, 184.493713379, -238.1484375, 258.315429688, -211.743606567, 199.975479126], [496.299041748, -567.272094727, 980.263671875, -70.2247772217, -19.2285804749, 157.125015259, -199.494735718, 118.771682739, -161.239181519, 172.171310425, -213.086395264, 204.407775879, -202.583007812], [-12.5253353119, 73.1569519043, -70.2247772217, 249.608612061, 89.7913665771, 12.400554657, 39.9477310181, -35.1776275635, 49.4211349487, -36.6989860535, -6.43500041962, -55.0964775085, 39.3314857483], [-95.1332168579, 152.273300171, -19.2285804749, 89.7913665771, 325.828613281, 20.3171386719, 22.7856693268, -0.500528216362, -16.464389801, 4.51103448868, -62.2798538208, -24.2141094208, 2.57947874069], [115.818603516, -206.973449707, 157.125015259, 12.400554657, 20.3171386719, 217.88949585, 40.4392929077, 41.6500549316, -44.5015029907, 18.7218780518, -53.0136184692, 2.39401721954, -41.7244987488], [-91.3047790527, 129.46673584, -199.494735718, 39.9477310181, 22.7856693268, 40.4392929077, 183.833114624, -2.37967395782, 10.9306306839, -54.555015564, 32.8410758972, -61.3540077209, 28.136133194], [163.31729126, -180.916946411, 118.771682739, -35.1776275635, -0.500528216362, 41.6500549316, -2.37967395782, 118.409072876, -22.9833374023, 29.4766693115, -47.8469009399, 24.3203258514, -50.8088951111], [-147.55809021, 184.493713379, -161.239181519, 49.4211349487, -16.464389801, -44.5015029907, 10.9306306839, -22.9833374023, 130.388519287, -33.3339958191, 58.2625541687, -52.8363990784, 44.3873786926], [179.304962158, -238.1484375, 172.171310425, -36.6989860535, 4.51103448868, 18.7218780518, -54.555015564, 29.4766693115, -33.3339958191, 125.561431885, -56.2817649841, 60.4296035767, -51.543762207], [-235.671829224, 258.315429688, -213.086395264, -6.43500041962, -62.2798538208, -53.0136184692, 32.8410758972, -47.8469009399, 58.2625541687, -56.2817649841, 151.41468811, -51.2782592773, 63.6313056946], [161.25819397, -211.743606567, 204.407775879, -55.0964775085, -24.2141094208, 2.39401721954, -61.3540077209, 24.3203258514, -52.8363990784, 60.4296035767, -51.2782592773, 123.967849731, -42.5465316772], [-192.310852051, 199.975479126, -202.583007812, 39.3314857483, 2.57947874069, -41.7244987488, 28.136133194, -50.8088951111, 44.3873786926, -51.543762207, 63.6313056946, -42.5465316772, 106.100418091]],
        "icov": [[0.00247300066985, 0.00143919186667, -3.25326509483e-05, -0.000829816737678, 0.00042294326704, 0.000831383455079, -0.00028114952147, -0.000696664326824, 0.000416088936618, -4.52543390566e-05, 0.00087730231462, 1.86892120837e-05, 0.00135824678], [0.00143919186667, 0.00501229567453, -0.00213653012179, 0.00181041914038, -0.00320219597779, 0.00357040204108, -0.00248259748332, 0.00269456766546, -0.00277688237838, 0.00425005191937, -0.00351272663102, 0.00334772723727, -0.00148281722795], [-3.25326509483e-05, -0.00213653012179, 0.00451683020219, -0.00201792037115, 0.00214585871436, -0.00332552334294, 0.00382523098961, -0.0021099599544, 0.00272499280982, -0.00244775996543, 0.00296646612696, -0.00414273887873, 0.00418597646058], [-0.000829816737678, 0.00181041914038, -0.00201792037115, 0.00745629938319, -0.003291325178, 0.00121240527369, -0.002310275333, 0.0035256317351, -0.00427047209814, 0.00307133351453, -0.000770130660385, 0.00345789454877, -0.003548377892], [0.00042294326704, -0.00320219597779, 0.00214585871436, -0.003291325178, 0.00688029266894, -0.00233003939502, 0.00185656745452, -0.00264920573682, 0.00349781429395, -0.00401470996439, 0.00556597998366, -0.00182891683653, 0.00178963143844], [0.000831383455079, 0.00357040204108, -0.00332552334294, 0.00121240527369, -0.00233003939502, 0.00941974949092, -0.00471334578469, 0.001264411374, -0.00115309853572, 0.00278650480323, -0.00197427161038, 0.0046304888092, -0.00152816588525], [-0.00028114952147, -0.00248259748332, 0.00382523098961, -0.002310275333, 0.00185656745452, -0.00471334578469, 0.0109173776582, -0.00308051961474, 0.0036268401891, -0.00071627215948, 0.00162837468088, -0.00124579807743, 0.00271928263828], [-0.000696664326824, 0.00269456766546, -0.0021099599544, 0.0035256317351, -0.00264920573682, 0.001264411374, -0.00308051961474, 0.0142661733553, -0.00382309453562, 0.00305023207329, -0.00102282559965, 0.00258386135101, 0.00126403500326], [0.000416088936618, -0.00277688237838, 0.00272499280982, -0.00427047209814, 0.00349781429395, -0.00115309853572, 0.0036268401891, -0.00382309453562, 0.0145813720301, -0.00382490688935, 0.00064303696854, 0.000344897358445, 0.00123730429914], [-4.52543390566e-05, 0.00425005191937, -0.00244775996543, 0.00307133351453, -0.00401470996439, 0.00278650480323, -0.00071627215948, 0.00305023207329, -0.00382490688935, 0.0170007254928, -0.00251458678395, 8.81990199559e-05, 0.000342011218891], [0.00087730231462, -0.00351272663102, 0.00296646612696, -0.000770130660385, 0.00556597998366, -0.00197427161038, 0.00162837468088, -0.00102282559965, 0.00064303696854, -0.00251458678395, 0.0173970088363, -0.00163340149447, -0.000252040015766], [1.86892120837e-05, 0.00334772723727, -0.00414273887873, 0.00345789454877, -0.00182891683653, 0.0046304888092, -0.00124579807743, 0.00258386135101, 0.000344897358445, 8.81990199559e-05, -0.00163340149447, 0.0187359619886, -0.00364316720515], [0.00135824678, -0.00148281722795, 0.00418597646058, -0.003548377892, 0.00178963143844, -0.00152816588525, 0.00271928263828, 0.00126403500326, 0.00123730429914, 0.000342011218891, -0.000252040015766, -0.00364316720515, 0.0215680636466]]
    },
    "melbands": {
        "max": [0.00350699061528, 0.0205734353513, 0.014305761084, 0.0126838386059, 0.0141323665157, 0.00834774971008, 0.00803633965552, 0.00868331175297, 0.0146855078638, 0.00567419361323, 0.00404182262719, 0.00828154943883, 0.00312383193523, 0.00202861009166, 0.00205999822356, 0.00173626176547, 0.00221494073048, 0.00217661540955, 0.00549877202138, 0.00151624844875, 0.000697950192261, 0.000428061786806, 0.000662023492623, 0.000370442605345, 0.000208131517866, 0.000305462715914, 0.000376453564968, 0.000183706200914, 9.98762916424e-05, 5.85264933761e-05, 7.2432361776e-05, 9.1493675427e-05, 0.000138369869092, 0.000259390857536, 0.000165821722476, 8.66086411406e-05, 0.000110809145554, 0.000105388906377, 8.3856517449e-05, 4.55285662611e-05],
        "mean": [0.000185243232409, 0.000696944654919, 0.000634921423625, 0.000569630065002, 0.000687348132487, 0.000457728980109, 0.000389393826481, 0.000312812044285, 0.000249332806561, 0.000212448590901, 0.000221017544391, 0.000276826642221, 0.000159246512339, 0.000142841425259, 0.000104076032585, 0.000103738500911, 0.000116144074127, 0.000120602730021, 8.1867670815e-05, 5.39852335351e-05, 3.16804544127e-05, 2.49356489803e-05, 2.90413991024e-05, 2.88588889816e-05, 2.22925373237e-05, 2.21172940655e-05, 2.06344539038e-05, 1.55601574079e-05, 6.82583095113e-06, 4.58041859019e-06, 3.82967618862e-06, 3.74656133317e-06, 3.85551584259e-06, 3.7717009036e-06, 3.69359850083e-06, 3.64700713362e-06, 2.91984861178e-06, 2.30271734836e-06, 2.28398789659e-06, 1.64244181633e-06],
        "min": [1.11740450848e-06, 3.52281745108e-06, 3.05227285935e-06, 8.12731832411e-06, 1.03792199297e-05, 5.45461853108e-06, 5.52353503736e-06, 1.45514968608e-06, 4.69519682156e-06, 1.85579835943e-06, 3.39630537383e-06, 4.87105853608e-06, 2.22237872549e-06, 1.2011232684e-06, 2.22202811528e-06, 2.5622348403e-06, 1.20392496683e-06, 1.34610263558e-06, 1.05380138393e-06, 5.16905402037e-07, 3.43302787087e-07, 5.07361619384e-07, 5.89294359088e-07, 4.35337454974e-07, 1.95349940668e-07, 2.99993018871e-07, 1.61662072173e-07, 8.22154220259e-08, 2.74478164641e-08, 3.0172515153e-08, 7.36375227461e-09, 1.50680072863e-08, 2.35963391049e-08, 1.67671192486e-08, 1.2058857024e-08, 1.02163557614e-08, 4.20918144783e-09, 2.18165774335e-09, 4.20644941102e-09, 2.66173216801e-09],
        "stdev": [0.000233413797105, 0.00114312698133, 0.00104308582377, 0.00078540033428, 0.000919721380342, 0.00066519464599, 0.000602325832006, 0.000521268986631, 0.000528849603143, 0.000382452970371, 0.000330750975991, 0.000524911447428, 0.000256748113316, 0.000199863585294, 0.000127688195789, 0.000126138082123, 0.000154114037286, 0.000159106144565, 0.000176456727786, 9.70550245256e-05, 5.26161893504e-05, 3.65804153262e-05, 4.14714704675e-05, 3.56447417289e-05, 2.59071421169e-05, 2.78020343103e-05, 2.55289069173e-05, 1.8916785848e-05, 1.00515399026e-05, 6.17391788182e-06, 5.86729129282e-06, 6.44468400424e-06, 7.47060948925e-06, 9.39566780289e-06, 8.57715895108e-06, 7.48738239054e-06, 7.55604196456e-06, 6.51186428513e-06, 7.02631086824e-06, 4.14179612562e-06]
    },
    "melbands128": {
        "max": [0.000358619174222, 0.00124113331549, 0.00368513772264, 0.0134418141097, 0.0246604066342, 0.0315958447754, 0.0214411448687, 0.0154874417931, 0.0146380737424, 0.0150244059041, 0.0166506022215, 0.0213743299246, 0.0166417974979, 0.0127732986584, 0.0150873791426, 0.00706998165697, 0.00880527961999, 0.0141737693921, 0.0155466692522, 0.0180311985314, 0.00710503198206, 0.00952603016049, 0.0250674895942, 0.0147183910012, 0.0111994361505, 0.00509896874428, 0.00800180155784, 0.00566529668868, 0.0124284410849, 0.0133259324357, 0.0154241919518, 0.00440977560356, 0.00620845239609, 0.00400637555867, 0.00536073092371, 0.0034427579958, 0.00299003254622, 0.00382314110175, 0.00288005033508, 0.00241613504477, 0.0015657688491, 0.00710791163146, 0.00221869233064, 0.00293975439854, 0.00380020355806, 0.00291612441652, 0.00827310420573, 0.013831179589, 0.00116838945542, 0.00249383505434, 0.00215762550943, 0.00194119475782, 0.0014458153164, 0.00101713370532, 0.000998347764835, 0.000873046112247, 0.00071283231955, 0.000506931275595, 0.00174123700708, 0.00123880128376, 0.000472274929052, 0.000852181459777, 0.000518815009855, 0.000477856898215, 0.000834296806715, 0.000334245210979, 0.000686231185682, 0.000748931313865, 0.000349219248164, 0.000406104052672, 0.00031551081338, 0.000385800609365, 0.000189681508346, 0.000146907972521, 0.000107052859676, 0.000115076283691, 6.7325818236e-05, 8.0700556282e-05, 9.44697094383e-05, 8.7967091531e-05, 0.000111642511911, 9.0044188255e-05, 9.17766592465e-05, 0.000236794527154, 0.000127156425151, 0.000336615106789, 0.00027420144761, 0.000249799515586, 0.000243864997174, 0.000131429595058, 0.000149481304106, 0.000112730805995, 0.000111205547, 0.000144315956277, 0.00018074233958, 0.000119215481391, 0.000125029764604, 0.000104601640487, 0.00012514401169, 0.000113810870971, 6.85063641868e-05, 6.5354463004e-05, 7.34104978619e-05, 3.96674186049e-05, 3.96596624341e-05, 3.82672442356e-05, 4.64066688437e-05, 2.54672886513e-05, 3.5206139728e-05, 3.96244322474e-05, 5.24316928932e-05, 2.5461158657e-05, 2.03768777283e-05, 1.24224288811e-05, 2.51862775258e-06, 1.46806553403e-06, 1.21688429999e-07, 3.95333366043e-09, 3.80013887025e-09, 3.6768204037e-09, 3.56271123714e-09, 3.45789930023e-09, 3.36883410057e-09, 3.29058802429e-09, 3.23001869695e-09, 3.18137582944e-09, 3.14486037212e-09, 3.12230197252e-09],
        "mean": [2.42428104684e-05, 7.02326578903e-05, 0.00021212354477, 0.000476367480587, 0.000790504738688, 0.000830712262541, 0.000657512107864, 0.000566741160583, 0.000605081731919, 0.000581392843742, 0.000504079391249, 0.000666117121, 0.000757094530854, 0.0006992626586, 0.000494577805512, 0.000301832478726, 0.000297265884001, 0.000494092761073, 0.000358165591024, 0.000360041944077, 0.00024680554634, 0.000290111929644, 0.000222400922212, 0.000241308778641, 0.000264778645942, 0.000139403098729, 0.000246235460509, 0.000210101046832, 0.000196724824491, 0.000377842079615, 0.00026341326884, 0.000161989184562, 0.000202973445994, 9.06698624021e-05, 0.000147585815284, 0.000166790487128, 0.000133146124426, 7.1696791565e-05, 0.000129128617118, 8.06672105682e-05, 6.08403424849e-05, 0.000198986686883, 0.000109722117486, 7.03252662788e-05, 0.000127882609377, 0.000125671169371, 0.000139957483043, 6.09856469964e-05, 6.30195063422e-05, 9.5287374279e-05, 4.16194707213e-05, 2.8455591746e-05, 4.01789802709e-05, 2.93203447654e-05, 2.31643698498e-05, 2.13623134186e-05, 2.46155213972e-05, 4.26079241151e-05, 2.42632631853e-05, 1.94594576897e-05, 3.21225707012e-05, 3.39797370543e-05, 2.12258000829e-05, 1.86951001524e-05, 2.43893337029e-05, 1.95158063434e-05, 2.462962766e-05, 2.07608300116e-05, 1.5743993572e-05, 2.68613166554e-05, 1.73799780896e-05, 9.78704247245e-06, 7.45646320865e-06, 6.75496767144e-06, 5.41273084309e-06, 4.46678359367e-06, 4.39642053607e-06, 4.000798981e-06, 3.65531604984e-06, 3.71423720935e-06, 4.00441922466e-06, 3.49185302184e-06, 3.69821123059e-06, 3.96610948883e-06, 3.95601546188e-06, 3.82642201657e-06, 3.70506722902e-06, 3.66370954907e-06, 3.70381144421e-06, 3.7708120999e-06, 3.54653593604e-06, 3.85205839848e-06, 3.35167351295e-06, 2.93614675684e-06, 2.61650666289e-06, 2.4780529202e-06, 2.08460505746e-06, 2.24361156143e-06, 2.53829239227e-06, 2.16063199332e-06, 1.91274170902e-06, 1.5289122075e-06, 1.38580094244e-06, 1.12420582354e-06, 1.45318199429e-06, 1.23333916235e-06, 1.29031070628e-06, 9.80022491603e-07, 1.22558810745e-06, 1.08821654976e-06, 1.05438527953e-06, 6.44625060886e-07, 4.54789415016e-07, 1.67025973496e-07, 6.68077504429e-09, 3.68373198611e-09, 8.44240399811e-10, 6.67553165523e-12, 5.83598664186e-12, 5.64438036241e-12, 5.52713213739e-12, 5.46790347375e-12, 5.40788030676e-12, 5.2653909878e-12, 4.9883101122e-12, 4.70410125783e-12, 4.5680629418e-12, 4.52706015036e-12],
        "min": [1.27388277704e-08, 2.00770372771e-07, 1.11501961442e-07, 8.96991494415e-08, 1.59040234848e-06, 2.07414359465e-06, 1.70738292127e-06, 6.7203643539e-07, 2.6920969276e-07, 4.51773621535e-06, 1.96544601749e-06, 1.14968293019e-06, 1.00691499938e-06, 1.4722349988e-06, 1.35046730065e-06, 2.23993737336e-07, 9.33040951168e-07, 2.40168958499e-07, 1.61848049629e-06, 1.1643412563e-06, 5.20916273672e-07, 8.79593301306e-07, 1.00633474176e-06, 4.40336947349e-07, 3.88211645941e-07, 1.85146902254e-07, 2.10357370634e-07, 1.41803889164e-06, 1.20107290513e-06, 9.48932381561e-07, 8.11709526261e-07, 6.92273147251e-07, 2.33230267099e-07, 5.20696914919e-07, 3.58132865586e-07, 4.10423353969e-07, 1.37572527592e-07, 5.65424556953e-07, 2.99740321452e-07, 2.35449462593e-07, 6.25233781193e-07, 5.01919714679e-07, 1.87229645121e-07, 4.61268257368e-07, 2.68562700967e-07, 1.89948465845e-07, 4.13625400597e-07, 1.11850823714e-07, 2.95744086998e-07, 2.99043193763e-07, 4.8078653947e-08, 7.90819214558e-08, 1.94525881625e-07, 1.96704164068e-07, 1.77411820346e-07, 1.27664947058e-07, 2.02711675001e-07, 3.39512126857e-07, 1.10939637921e-07, 2.38504298977e-07, 1.90885145912e-07, 1.8719804018e-07, 7.30058218323e-08, 1.52884084059e-07, 1.60248674774e-07, 8.64565805614e-08, 4.79795083663e-08, 1.17522866105e-07, 6.67892621209e-08, 8.16158873818e-08, 5.061552244e-08, 3.31071845494e-08, 9.7798196208e-09, 1.14303422283e-09, 9.76582548162e-09, 1.31548523186e-08, 8.70574723422e-09, 3.85200066289e-10, 3.07784964182e-10, 2.53709298015e-09, 4.60235183297e-09, 6.85638323894e-10, 1.37539934997e-09, 1.20677654536e-08, 2.48241871503e-08, 2.60909760463e-09, 3.98654353972e-09, 5.20008214266e-09, 5.71108005332e-09, 3.3427757784e-10, 2.09990869138e-09, 2.84863954647e-09, 5.96251981122e-09, 1.16396758898e-09, 8.16632816925e-10, 6.07798533725e-10, 9.86049131235e-10, 1.7834776711e-10, 2.7792190771e-10, 1.5209760118e-09, 1.14280884755e-09, 2.44344162958e-11, 1.92462348142e-11, 4.13408127176e-11, 2.5264345737e-12, 1.57748154817e-11, 1.43895780708e-11, 4.79877693572e-13, 1.30321670339e-13, 9.59826768304e-14, 5.04068358234e-14, 3.67067623042e-14, 3.49428229678e-14, 4.0400771243e-14, 3.89000389246e-14, 3.21211427682e-14, 4.112789143e-14, 4.12770573201e-14, 3.47767875695e-14, 3.97814241401e-14, 3.77347045483e-14, 3.60932766693e-14, 3.41833528985e-14, 3.80982104317e-14, 2.38891565085e-14, 7.80964207962e-15, 1.63892309673e-15, 5.8707330796e-17],
        "stdev": [3.00418232655e-05, 9.53818307607e-05, 0.000300204294035, 0.000708710984327, 0.00127550121397, 0.00168802950066, 0.00139326485805, 0.000917918107007, 0.00101021490991, 0.000993828638457, 0.000897630525287, 0.00116899679415, 0.00111685390584, 0.00114258029498, 0.000940886035096, 0.000559440639336, 0.000572775839828, 0.00097073422512, 0.000677572970744, 0.000867599272169, 0.000548195443116, 0.000630552473012, 0.000746049918234, 0.000677379313856, 0.000679663498886, 0.000330384762492, 0.000520079105627, 0.000415595422965, 0.000511210877448, 0.000732243759558, 0.000805368239526, 0.000340433733072, 0.00041100976523, 0.000232145859627, 0.000338453246513, 0.000268987554591, 0.00023127408349, 0.000174532673554, 0.000214579893509, 0.000140925039886, 0.000111635483336, 0.000388797896449, 0.000192020714167, 0.000142272838275, 0.00027463020524, 0.000207577671972, 0.000300334650092, 0.000382863072446, 0.000107988678792, 0.000189688842511, 0.00013325062173, 8.54768368299e-05, 9.24828927964e-05, 6.13775555394e-05, 5.30712641194e-05, 5.11862672283e-05, 4.77866415167e-05, 5.73931974941e-05, 7.54431966925e-05, 4.71085113531e-05, 4.75837259728e-05, 5.45043767488e-05, 3.12032643706e-05, 3.19848659274e-05, 5.24621827935e-05, 3.20810140693e-05, 4.51351879747e-05, 4.43738499598e-05, 2.75687561953e-05, 3.77856522391e-05, 2.49849908869e-05, 2.02275023184e-05, 1.38900386446e-05, 1.1543544133e-05, 9.17731631489e-06, 7.27742826712e-06, 6.72403666613e-06, 7.29577641323e-06, 6.42712302579e-06, 7.07036497261e-06, 8.13138012745e-06, 6.60189061819e-06, 7.02905072103e-06, 9.11193365027e-06, 8.30223871162e-06, 1.14815156849e-05, 9.62911599345e-06, 1.05587741928e-05, 1.02592321127e-05, 8.38014693727e-06, 7.73926876718e-06, 8.61435364641e-06, 8.42219287733e-06, 8.18899206934e-06, 8.27831536299e-06, 7.6838705354e-06, 6.20103901383e-06, 6.9184889071e-06, 8.81867708813e-06, 7.18934688848e-06, 5.40520841241e-06, 4.04023512601e-06, 3.74384080715e-06, 2.78939160125e-06, 3.59340128853e-06, 3.01107615996e-06, 3.21198785969e-06, 2.34003641708e-06, 3.01737054542e-06, 2.74879971585e-06, 2.93537323159e-06, 1.88217984487e-06, 1.60268598393e-06, 6.89144997068e-07, 5.63839037682e-08, 3.37843815146e-08, 4.99401098253e-09, 8.38906097367e-11, 8.04938199428e-11, 7.7877267135e-11, 7.55172174793e-11, 7.36082375608e-11, 7.21401618997e-11, 7.03676006353e-11, 6.84647338822e-11, 6.71910305172e-11, 6.6403930965e-11, 6.59279644766e-11]
    },
    "mfcc": {
        "mean": [-598.60748291, 113.702293396, -17.1549320221, 9.10153388977, -1.03478348255, 0.749324977398, -0.596680283546, -0.501884520054, -12.0071763992, 3.71251487732, -3.53529214859, -6.56801509857, -2.80411291122],
        "cov": [[963.33001709, -654.658630371, 126.661399841, -22.9461784363, -81.2595977783, -13.6027908325, 7.60836696625, 4.51885318756, 62.120464325, 32.3784217834, 7.73914670944, 12.7928962708, -22.827999115], [-654.658630371, 899.385986328, -310.372344971, 95.4244613647, 41.1160850525, -43.6948471069, -15.0178022385, 1.31790721416, -69.3285522461, -24.3433914185, 0.0146763455123, -10.3189849854, -1.20391798019], [126.661399841, -310.372344971, 722.145690918, -123.354942322, 54.0325775146, 15.1733036041, -40.6799049377, 9.85176563263, -30.6780147552, -33.6158485413, 19.8459205627, 22.1036701202, -9.68538188934], [-22.9461784363, 95.4244613647, -123.354942322, 259.740447998, 69.7157516479, 34.5549697876, -22.0819988251, -14.6830730438, 43.913444519, -12.2574682236, -30.7718677521, 14.9275760651, 15.5817155838], [-81.2595977783, 41.1160850525, 54.0325775146, 69.7157516479, 242.494781494, 52.865650177, -3.06272816658, -1.48936915398, 38.4424095154, 7.39051151276, -16.625579834, -7.79245853424, 10.9268293381], [-13.6027908325, -43.6948471069, 15.1733036041, 34.5549697876, 52.865650177, 167.461898804, 55.1852989197, 11.5330600739, 47.5173072815, 0.461416006088, -6.95736217499, -1.33909142017, -4.4256029129], [7.60836696625, -15.0178022385, -40.6799049377, -22.0819988251, -3.06272816658, 55.1852989197, 170.393875122, 45.4971733093, 26.247844696, 21.9417152405, -2.19914507866, -22.3941345215, 4.46215200424], [4.51885318756, 1.31790721416, 9.85176563263, -14.6830730438, -1.48936915398, 11.5330600739, 45.4971733093, 108.624961853, 16.9616355896, 14.5427026749, 11.2041330338, -10.4391031265, -13.925330162], [62.120464325, -69.3285522461, -30.6780147552, 43.913444519, 38.4424095154, 47.5173072815, 26.247844696, 16.9616355896, 111.842514038, 13.8134040833, -5.65978527069, 1.72974956036, -2.27372860909], [32.3784217834, -24.3433914185, -33.6158485413, -12.2574682236, 7.39051151276, 0.461416006088, 21.9417152405, 14.5427026749, 13.8134040833, 99.7667312622, 11.4726438522, -15.9179830551, 2.2694272995], [7.73914670944, 0.0146763455123, 19.8459205627, -30.7718677521, -16.625579834, -6.95736217499, -2.19914507866, 11.2041330338, -5.65978527069, 11.4726438522, 71.5373764038, 8.24294471741, -14.3012905121], [12.7928962708, -10.3189849854, 22.1036701202, 14.9275760651, -7.79245853424, -1.33909142017, -22.3941345215, -10.4391031265, 1.72974956036, -15.9179830551, 8.24294471741, 69.7420196533, 7.46173715591], [-22.827999115, -1.20391798019, -9.68538188934, 15.5817155838, 10.9268293381, -4.4256029129, 4.46215200424, -13.925330162, -2.27372860909, 2.2694272995, -14.3012905121, 7.46173715591, 68.1692886353]],
        "icov": [[0.00234502111562, 0.00183569220826, 0.000207820092328, -0.000646628963295, 0.000418970012106, 0.000806427327916, -0.000208692421438, -2.0336407033e-05, -0.000232882899581, -0.000319955666782, -0.000158654031111, -0.000247803982347, 0.000986458966509], [0.00183569220826, 0.00302303140052, 0.000929429603275, -0.000879634404555, -0.000339068792528, 0.000871212629136, -0.000169090388226, -0.000416203954956, 0.00126263790298, 0.000304707500618, -0.000506578013301, -0.000140142903547, 0.000979215838015], [0.000207820092328, 0.000929429603275, 0.00212084571831, 0.0008467194275, -0.000981808290817, -0.000242325681029, 0.000558977655601, -0.000584754394367, 0.00100308621768, 0.000814949860796, -0.000336572207743, -0.000594771991018, 0.000180217510206], [-0.000646628963295, -0.000879634404555, 0.0008467194275, 0.00574299367145, -0.00130630191416, -0.00105984718539, 0.00125627079979, 6.47218039376e-05, -0.00161647249479, 0.00067510351073, 0.00163283140864, -0.00115845852997, -0.000959934899583], [0.000418970012106, -0.000339068792528, -0.000981808290817, -0.00130630191416, 0.00557142496109, -0.00114463130012, 0.000501594913658, 0.000227135620662, -0.00167003762908, -0.000905152410269, 0.000578001141548, 0.00109914259519, -0.000685001490638], [0.000806427327916, 0.000871212629136, -0.000242325681029, -0.00105984718539, -0.00114463130012, 0.00843362882733, -0.00289072724991, 0.000545391638298, -0.00217866152525, 0.000526237301528, 4.5270735427e-06, -0.000513916485943, 0.00149189506192], [-0.000208692421438, -0.000169090388226, 0.000558977655601, 0.00125627079979, 0.000501594913658, -0.00289072724991, 0.00839307997376, -0.00296594644897, -0.000751260493416, -0.000683058286086, 0.000443548837211, 0.00182307185605, -0.00181274523493], [-2.0336407033e-05, -0.000416203954956, -0.000584754394367, 6.47218039376e-05, 0.000227135620662, 0.000545391638298, -0.00296594644897, 0.0112896366045, -0.00168262561783, -0.000863832654431, -0.00122576148715, 0.000659149896819, 0.00203063688241], [-0.000232882899581, 0.00126263790298, 0.00100308621768, -0.00161647249479, -0.00167003762908, -0.00217866152525, -0.000751260493416, -0.00168262561783, 0.0128529006615, -0.000929241476115, 0.00016646028962, -0.00111118855421, 0.000904202577658], [-0.000319955666782, 0.000304707500618, 0.000814949860796, 0.00067510351073, -0.000905152410269, 0.000526237301528, -0.000683058286086, -0.000863832654431, -0.000929241476115, 0.0117174861953, -0.00243014586158, 0.00238344725221, -0.00128457939718], [-0.000158654031111, -0.000506578013301, -0.000336572207743, 0.00163283140864, 0.000578001141548, 4.5270735427e-06, 0.000443548837211, -0.00122576148715, 0.00016646028962, -0.00243014586158, 0.0164980813861, -0.00309815676883, 0.00303182331845], [-0.000247803982347, -0.000140142903547, -0.000594771991018, -0.00115845852997, 0.00109914259519, -0.000513916485943, 0.00182307185605, 0.000659149896819, -0.00111118855421, 0.00238344725221, -0.00309815676883, 0.0168241262436, -0.00270732375793], [0.000986458966509, 0.000979215838015, 0.000180217510206, -0.000959934899583, -0.000685001490638, 0.00149189506192, -0.00181274523493, 0.00203063688241, 0.000904202577658, -0.00128457939718, 0.00303182331845, -0.00270732375793, 0.0170074477792]]
    },
    "spectral_contrast_coeffs": {
        "max": [-0.409068197012, -0.514294326305, -0.530806899071, -0.562007308006, -0.610991954803, -0.554635226727],
        "mean": [-0.698178529739, -0.757677316666, -0.742011129856, -0.756557822227, -0.762779176235, -0.75422257185],
        "min": [-0.858404397964, -0.927380204201, -0.883591115475, -0.874168157578, -0.861191630363, -0.851712465286],
        "stdev": [0.0688037201762, 0.0613457523286, 0.055007930845, 0.0441468283534, 0.040572732687, 0.0488615147769]
    },
    "spectral_contrast_valleys": {
        "max": [-4.82763290405, -4.55529403687, -5.28625774384, -5.71068954468, -5.88129043579, -7.72237968445],
        "mean": [-6.62069034576, -6.31730508804, -6.82846832275, -7.08995676041, -7.17101955414, -9.97196292877],
        "min": [-8.62909412384, -8.05151939392, -8.32188415527, -8.57522964478, -8.73018169403, -12.341506958],
        "stdev": [0.548696875572, 0.481547415257, 0.467140346766, 0.428918033838, 0.542958021164, 0.942419350147]
    }
},
"rhythm": {
    "beats_count": 110,
    "beats_loudness": {
        "max": 0.0838645845652,
        "mean": 0.0276674199849,
        "min": 0.0111567266285,
        "stdev": 0.011868336238
    },
    "bpm": 128.005950928,
    "bpm_histogram_first_peak_bpm": 129,
    "bpm_histogram_first_peak_weight": 0.378640770912,
    "bpm_histogram_second_peak_bpm": 117,
    "bpm_histogram_second_peak_spread": 0.5,
    "bpm_histogram_second_peak_weight": 0.0275229364634,
    "danceability": 1.39311277866,
    "onset_rate": 3.54022884369,
    "beats_loudness_band_ratio": {
        "max": [0.724328637123, 0.584699273109, 0.569887638092, 0.630381464958, 0.323287308216, 0.400332421064],
        "mean": [0.212663978338, 0.196725845337, 0.160439386964, 0.196638077497, 0.124696038663, 0.146409600973],
        "min": [0.00272054271773, 0.0204768516123, 0.018634185195, 0.0319582931697, 0.00858376827091, 0.0128537155688],
        "stdev": [0.178661689162, 0.123273186386, 0.117540568113, 0.12717717886, 0.0771256387234, 0.0923864543438]
    },
