{
"metadata": {
    "version": {
        "essentia": "2.1-beta5",
        "essentia_git_sha": "Undefined",
        "extractor": "music 2.0"
    },
    "audio_properties": {
        "analysis": {
            "equal_loudness": 0,
            "length": 32.4963264465,
            "sample_rate": 44100,
            "start_time": 126.490699768,
            "downmix": "mix"
        },
        "bit_rate": 192000,
        "length": 189.161376953,
        "lossless": 0,
        "number_channels": 2,
        "replay_gain": -12.0758934021,
        "sample_rate": 48000,
        "codec": "mp3",
        "md5_encoded": "955909d3acf4d1565dbb54f1d22d4df9"
    },
    "tags": {
        "file_name": "Belgium_Like The Wind_Venessa Chinitor.mp3",
        "encoding": ["Lavf58.29.100"]
    }
},
"lowlevel": {
    "average_loudness": 0.964487850666,
    "barkbands_crest": {
        "max": 22.908493042,
        "mean": 8.84352111816,
        "min": 2.8319978714,
        "stdev": 3.39439129829
    },
    "barkbands_flatness_db": {
        "max": 0.271953225136,
        "mean": 0.160887598991,
        "min": 0.0574988946319,
        "stdev": 0.0311884600669
    },
    "barkbands_kurtosis": {
        "max": 34.284866333,
        "mean": 2.67865753174,
        "min": -1.78067553043,
        "stdev": 4.21718788147
    },
    "barkbands_skewness": {
        "max": 5.01499891281,
        "mean": 1.34783637524,
        "min": -0.738864481449,
        "stdev": 0.826456844807
    },
    "barkbands_spread": {
        "max": 78.3349456787,
        "mean": 22.1051673889,
        "min": 3.99959540367,
        "stdev": 9.55239677429
    },
    "dissonance": {
        "max": 0.499724596739,
        "mean": 0.462104648352,
        "min": 0.293224573135,
        "stdev": 0.0257538128644
    },
    "dynamic_complexity": 1.2526422739,
    "erbbands_crest": {
        "max": 28.7420921326,
        "mean": 10.0702037811,
        "min": 2.37458395958,
        "stdev": 5.01853752136
    },
    "erbbands_flatness_db": {
        "max": 0.301026254892,
        "mean": 0.174936205149,
        "min": 0.111377082765,
        "stdev": 0.0291052237153
    },
    "erbbands_kurtosis": {
        "max": 29.5703086853,
        "mean": 0.703858315945,
        "min": -1.73691558838,
        "stdev": 2.75456953049
    },
    "erbbands_skewness": {
        "max": 3.65037560463,
        "mean": 0.477219760418,
        "min": -1.36270952225,
        "stdev": 0.682948291302
    },
    "erbbands_spread": {
        "max": 105.320045471,
        "mean": 38.574092865,
        "min": 4.33372592926,
        "stdev": 15.9607086182
    },
    "hfc": {
        "max": 91.0404586792,
        "mean": 27.2588748932,
        "min": 0.860270917416,
        "stdev": 12.2737026215
    },
    "loudness_ebu128": {
        "integrated": -9.44094181061,
        "loudness_range": 2.09088039398,
        "momentary": {
            "max": -7.39866161346,
            "mean": -9.58270645142,
            "min": -15.0214271545,
            "stdev": 1.19885241985
        },
        "short_term": {
            "max": -8.54673957825,
            "mean": -9.51223373413,
            "min": -11.5223789215,
            "stdev": 0.748055160046
        }
    },
    "melbands_crest": {
        "max": 29.2715263367,
        "mean": 11.5560235977,
        "min": 4.78386688232,
        "stdev": 3.78895354271
    },
    "melbands_flatness_db": {
        "max": 0.302995294333,
        "mean": 0.180383116007,
        "min": 0.0464499145746,
        "stdev": 0.0433039478958
    },
    "melbands_kurtosis": {
        "max": 103.990684509,
        "mean": 9.70870876312,
        "min": -1.55243194103,
        "stdev": 11.4794254303
    },
    "melbands_skewness": {
        "max": 8.28770256042,
        "mean": 2.28326106071,
        "min": -0.748142302036,
        "stdev": 1.18495619297
    },
    "melbands_spread": {
        "max": 113.266166687,
        "mean": 22.8186092377,
        "min": 3.39510726929,
        "stdev": 11.4175577164
    },
    "pitch_salience": {
        "max": 0.836416721344,
        "mean": 0.561035394669,
        "min": 0.291760146618,
        "stdev": 0.0855538919568
    },
    "silence_rate_20dB": {
        "max": 1,
        "mean": 1,
        "min": 1,
        "stdev": 0
    },
    "silence_rate_30dB": {
        "max": 1,
        "mean": 1,
        "min": 1,
        "stdev": 0
    },
    "silence_rate_60dB": {
        "max": 0,
        "mean": 0,
        "min": 0,
        "stdev": 0
    },
    "spectral_centroid": {
        "max": 3448.70629883,
        "mean": 1211.60168457,
        "min": 387.054992676,
        "stdev": 475.417755127
    },
    "spectral_complexity": {
        "max": 54,
        "mean": 23.4796581268,
        "min": 1,
        "stdev": 8.31798267365
    },
    "spectral_decrease": {
        "max": -1.87164658771e-10,
        "mean": -1.01072332725e-08,
        "min": -3.26729860944e-08,
        "stdev": 4.02955535606e-09
    },
    "spectral_energy": {
        "max": 0.126637354493,
        "mean": 0.0406195111573,
        "min": 0.000784432049841,
        "stdev": 0.0157322939485
    },
    "spectral_energyband_high": {
        "max": 0.0102964909747,
        "mean": 0.00104184355587,
        "min": 5.06502437929e-05,
        "stdev": 0.00113383401185
    },
    "spectral_energyband_low": {
        "max": 0.100491218269,
        "mean": 0.01240266487,
        "min": 4.87952420372e-05,
        "stdev": 0.0096151791513
    },
    "spectral_energyband_middle_high": {
        "max": 0.0473173744977,
        "mean": 0.00758671620861,
        "min": 0.000243383765337,
        "stdev": 0.00532586826012
    },
    "spectral_energyband_middle_low": {
        "max": 0.0980147793889,
        "mean": 0.0208855420351,
        "min": 0.00047147271107,
        "stdev": 0.0126231247559
    },
    "spectral_entropy": {
        "max": 8.72556018829,
        "mean": 7.60597085953,
        "min": 6.44290113449,
        "stdev": 0.276241779327
    },
    "spectral_flux": {
        "max": 0.274221360683,
        "mean": 0.0925879329443,
        "min": 0.03631009534,
        "stdev": 0.0296465046704
    },
    "spectral_kurtosis": {
        "max": 12.9327955246,
        "mean": 2.41763305664,
        "min": -1.13631725311,
        "stdev": 1.60741889477
    },
    "spectral_rms": {
        "max": 0.0111152436584,
        "mean": 0.00617545982823,
        "min": 0.000874813995324,
        "stdev": 0.0012216726318
    },
    "spectral_rolloff": {
        "max": 7041.35742188,
        "mean": 1244.26806641,
        "min": 107.666015625,
        "stdev": 924.055603027
    },
    "spectral_skewness": {
        "max": 2.96453070641,
        "mean": 1.25457906723,
        "min": 0.240118384361,
        "stdev": 0.313369125128
    },
    "spectral_spread": {
        "max": 23240846,
        "mean": 4350870,
        "min": 2815885.5,
        "stdev": 937016.6875
    },
    "spectral_strongpeak": {
        "max": 11.2674608231,
        "mean": 1.31055104733,
        "min": 0,
        "stdev": 1.55557990074
    },
    "zerocrossingrate": {
        "max": 0.1826171875,
        "mean": 0.0555866919458,
        "min": 0.01318359375,
        "stdev": 0.0226186402142
    },
    "barkbands": {
        "max": [0.00686920434237, 0.0818823203444, 0.0201544035226, 0.0319427400827, 0.0585148483515, 0.071552619338, 0.0220883283764, 0.0278222374618, 0.0503998883069, 0.0568889155984, 0.014633173123, 0.0255083348602, 0.0446000993252, 0.0184957236052, 0.00424793548882, 0.00532436138019, 0.00605290476233, 0.00341481924988, 0.00234762229957, 0.00334135792218, 0.00347746070474, 0.00286795734428, 0.00265167583711, 0.00248149083927, 0.00049984420184, 3.47086916008e-06, 3.60984040526e-06],
        "mean": [0.000384085695259, 0.00867818947881, 0.00255002686754, 0.00185066612903, 0.00588731793687, 0.00522889336571, 0.00216581299901, 0.00168413575739, 0.00291114323772, 0.00185202306602, 0.000722133903764, 0.0010802031029, 0.00180696335156, 0.000676958356053, 0.000364135805285, 0.00041634021909, 0.000473388499813, 0.000349180802004, 0.000292995275231, 0.000371015601559, 0.000232531951042, 0.000197099026991, 0.000206077485927, 0.000203630741453, 3.4542834328e-05, 8.30563173793e-09, 6.37641406342e-09],
        "min": [4.64687531121e-07, 4.22624543717e-06, 6.31975854049e-06, 5.77360697207e-06, 0.000107135070721, 2.81607935904e-05, 3.43283354596e-05, 1.37840352181e-05, 1.27135117509e-05, 4.45848081654e-06, 4.93015204484e-06, 8.86084671947e-06, 1.3591712559e-05, 7.93585604697e-06, 4.56940688309e-06, 9.97170172923e-06, 1.02597041405e-05, 1.44224040923e-05, 1.17182262329e-05, 5.97285270487e-06, 8.18664557301e-06, 4.70756367577e-06, 6.59736861053e-06, 2.84886914415e-06, 5.93911750002e-07, 1.00153201704e-11, 1.17166536889e-11],
        "stdev": [0.000651053094771, 0.0080071426928, 0.0024727890268, 0.00286603858694, 0.00524144200608, 0.00588910793886, 0.00277541717514, 0.00300898239948, 0.00606750836596, 0.00386920082383, 0.00145204842556, 0.00216623698361, 0.00307874847203, 0.00136175588705, 0.000391752371797, 0.000617000157945, 0.000526967109181, 0.000348924251739, 0.000269679847406, 0.000435247435234, 0.000296106969472, 0.000250216398854, 0.000251110584941, 0.000255352322711, 4.64926815766e-05, 1.08551517997e-07, 1.11655694468e-07]
    },
    "erbbands": {
        "max": [3.11712551117, 15.9742431641, 21.6487979889, 63.5521430969, 165.215438843, 219.596557617, 485.136901855, 626.313049316, 469.579162598, 522.816162109, 1194.29760742, 984.477172852, 2247.80053711, 594.213439941, 644.588439941, 913.28527832, 2023.43408203, 1017.98101807, 187.689804077, 178.871673584, 357.063751221, 298.773223877, 193.139328003, 174.897186279, 142.444091797, 141.895950317, 145.268218994, 120.439163208, 96.2169876099, 87.2918167114, 86.2713394165, 74.1411590576, 30.3595561981, 10.2673940659, 0.526710569859, 0.0160587448627, 0.00641892058775, 0.00226055155508, 0.000520495639648, 0.000142936303746],
        "mean": [0.222872704268, 2.00835061073, 3.40267682076, 4.69975805283, 11.3332271576, 21.4592628479, 39.2919387817, 38.0299072266, 36.276184082, 27.0597171783, 50.1026649475, 66.423210144, 69.6516494751, 31.0444316864, 31.4122409821, 47.9818496704, 89.1084289551, 48.5194396973, 20.2350711823, 19.7183856964, 27.5712127686, 23.4752445221, 21.4411029816, 17.4828910828, 16.4055976868, 15.8408918381, 10.809551239, 8.38844108582, 6.71829223633, 6.69862222672, 5.95555639267, 4.77823877335, 2.91378688812, 0.833504736423, 0.0361976474524, 0.00135135790333, 0.000155494795763, 3.15904180752e-05, 2.75644724752e-05, 4.92423023388e-05],
        "min": [8.98775688256e-05, 0.00139327114448, 0.00848921388388, 0.0399206988513, 0.20591455698, 0.340114891529, 0.390083730221, 0.414039313793, 0.665582597256, 0.891878247261, 0.526880979538, 0.431735634804, 0.390219181776, 0.39927905798, 0.496376186609, 0.528632462025, 0.772677540779, 0.796833276749, 0.419249564409, 0.527347207069, 0.851656556129, 0.642813444138, 0.782143712044, 0.646723926067, 0.500478863716, 0.420971691608, 0.361075013876, 0.163718938828, 0.135676771402, 0.230273172259, 0.193874597549, 0.0848512500525, 0.0350475050509, 0.0206839777529, 0.000758008391131, 5.39156171726e-05, 1.26793274831e-05, 2.43007116296e-06, 4.7110588639e-06, 7.85561314842e-06],
        "stdev": [0.27506762743, 1.78818929195, 2.69583797455, 5.79197502136, 12.5200710297, 22.063035965, 46.8903121948, 48.6979408264, 44.7761764526, 41.2891654968, 115.513046265, 125.634597778, 149.9921875, 44.4127044678, 62.3959770203, 82.6839752197, 144.651290894, 78.2087249756, 20.7912712097, 18.1336402893, 39.5391387939, 27.4843940735, 22.2448139191, 16.7487297058, 19.2125778198, 17.1965084076, 13.6804285049, 10.3797903061, 8.25991725922, 8.21216773987, 7.3913269043, 6.24456119537, 3.6327214241, 1.06546962261, 0.0482742190361, 0.00168435461819, 0.000249673670623, 7.47220256017e-05, 1.87379700947e-05, 1.80037695827e-05]
    },
    "gfcc": {
        "mean": [26.2831115723, 130.060745239, -142.511734009, 60.5284461975, -79.6335906982, 25.4700469971, -36.8805541992, -2.60216212273, -5.22045516968, -16.1450099945, 12.9089708328, -17.6258811951, 7.55919599533],
        "cov": [[775.333679199, -186.426422119, -99.1273117065, 46.31016922, -54.5515670776, 52.3823165894, -5.64623165131, 46.4624786377, -52.7481460571, 44.28358078, -18.4989852905, 24.071598053, 16.596370697], [-186.426422119, 396.853271484, 41.1876029968, -91.7097473145, 126.644073486, 4.82183551788, 102.766563416, -37.6097145081, 21.3564071655, -33.4657211304, 41.3564186096, -28.6560211182, 14.7282047272], [-99.1273117065, 41.1876029968, 297.615081787, 73.9810409546, -5.26581811905, 53.9075012207, -30.0399131775, -22.748418808, -2.44575953484, 9.19384479523, -13.2674703598, -0.386551290751, -11.1919746399], [46.31016922, -91.7097473145, 73.9810409546, 143.000289917, 17.6802387238, 9.06076431274, -45.1127891541, -12.8834428787, -0.673116743565, 14.2025499344, 7.55570173264, 18.1719932556, -12.1283187866], [-54.5515670776, 126.644073486, -5.26581811905, 17.6802387238, 134.586959839, 40.1130027771, 33.1539840698, -29.3656387329, -5.61778688431, -9.53849029541, 34.214302063, 6.00111865997, -1.49059605598], [52.3823165894, 4.82183551788, 53.9075012207, 9.06076431274, 40.1130027771, 115.239074707, 31.7490158081, -17.0255012512, -30.8361492157, 12.8784627914, -2.42143559456, 9.70319747925, 0.0712225809693], [-5.64623165131, 102.766563416, -30.0399131775, -45.1127891541, 33.1539840698, 31.7490158081, 106.155334473, 29.1582756042, 2.5356156826, -11.85587883, -1.08273863792, -11.7537307739, 15.8040933609], [46.4624786377, -37.6097145081, -22.748418808, -12.8834428787, -29.3656387329, -17.0255012512, 29.1582756042, 114.070602417, 53.2344512939, -5.99596118927, -9.65455245972, -7.80176877975, 16.7189559937], [-52.7481460571, 21.3564071655, -2.44575953484, -0.673116743565, -5.61778688431, -30.8361492157, 2.5356156826, 53.2344512939, 84.9334259033, 9.38053607941, 12.2996778488, -5.52674055099, 0.935881257057], [44.28358078, -33.4657211304, 9.19384479523, 14.2025499344, -9.53849029541, 12.8784627914, -11.85587883, -5.99596118927, 9.38053607941, 63.5934829712, 19.2307167053, 4.50119495392, -7.14112091064], [-18.4989852905, 41.3564186096, -13.2674703598, 7.55570173264, 34.214302063, -2.42143559456, -1.08273863792, -9.65455245972, 12.2996778488, 19.2307167053, 70.6894226074, 29.2772712708, -2.48943471909], [24.071598053, -28.6560211182, -0.386551290751, 18.1719932556, 6.00111865997, 9.70319747925, -11.7537307739, -7.80176877975, -5.52674055099, 4.50119495392, 29.2772712708, 53.2357215881, 19.2401390076], [16.596370697, 14.7282047272, -11.1919746399, -12.1283187866, -1.49059605598, 0.0712225809693, 15.8040933609, 16.7189559937, 0.935881257057, -7.14112091064, -2.48943471909, 19.2401390076, 59.5048446655]],
        "icov": [[0.00217736139894, -0.00179823581129, 0.00213647261262, -0.00246681063436, 0.00224651698954, -0.00223866221495, 0.00170700706076, -0.00307558081113, 0.00299059925601, -0.00211497792043, 0.00139994290657, -0.00145129545126, 0.00043355289381], [-0.00179823581129, 0.0190868917853, -0.0102413855493, 0.0136870052665, -0.0150463674217, 0.0103172175586, -0.0145135708153, 0.0138180404902, -0.00988179259002, 0.00716107478365, -0.0112092755735, 0.0120908189565, -0.00713979220018], [0.00213647261262, -0.0102413855493, 0.0109109384939, -0.0104541247711, 0.0102166356519, -0.00973428040743, 0.00887739565223, -0.00690672826022, 0.0045122904703, -0.00336943916045, 0.00587268499658, -0.00483773043379, 0.00304535776377], [-0.00246681063436, 0.0136870052665, -0.0104541247711, 0.0212616864592, -0.0153274275362, 0.00943807978183, -0.00646716589108, 0.00865295808762, -0.00723860319704, 0.00322733959183, -0.00532233528793, 0.00375937041827, -0.00237825629301], [0.00224651698954, -0.0150463674217, 0.0102166356519, -0.0153274275362, 0.0265719257295, -0.0146094439551, 0.00777829764411, -0.00605547474697, 0.00510619906709, 0.000303487759084, -0.000395164359361, -0.00381363276392, 0.00338645884767], [-0.00223866221495, 0.0103172175586, -0.00973428040743, 0.00943807978183, -0.0146094439551, 0.0230711959302, -0.0132945086807, 0.00655990606174, -0.000320324732456, -0.00243833730929, 0.000226579330047, -0.00103479798418, -0.000485746568302], [0.00170700706076, -0.0145135708153, 0.00887739565223, -0.00646716589108, 0.00777829764411, -0.0132945086807, 0.0280036311597, -0.0159238018095, 0.00898091681302, -0.00391667941585, 0.00645332317799, -0.00377894029953, 0.00159558199812], [-0.00307558081113, 0.0138180404902, -0.00690672826022, 0.00865295808762, -0.00605547474697, 0.00655990606174, -0.0159238018095, 0.028943605721, -0.0203322246671, 0.00973618775606, -0.00802796427161, 0.0105631239712, -0.00842334609479], [0.00299059925601, -0.00988179259002, 0.0045122904703, -0.00723860319704, 0.00510619906709, -0.000320324732456, 0.00898091681302, -0.0203322246671, 0.0291834305972, -0.0100695276633, 0.00299171148799, -0.00508827250451, 0.00454377382994], [-0.00211497792043, 0.00716107478365, -0.00336943916045, 0.00322733959183, 0.000303487759084, -0.00243833730929, -0.00391667941585, 0.00973618775606, -0.0100695276633, 0.0262032020837, -0.0146426502615, 0.0107620190829, -0.00363266421482], [0.00139994290657, -0.0112092755735, 0.00587268499658, -0.00532233528793, -0.000395164359361, 0.000226579330047, 0.00645332317799, -0.00802796427161, 0.00299171148799, -0.0146426502615, 0.0373045690358, -0.0277371294796, 0.0116600301117], [-0.00145129545126, 0.0120908189565, -0.00483773043379, 0.00375937041827, -0.00381363276392, -0.00103479798418, -0.00377894029953, 0.0105631239712, -0.00508827250451, 0.0107620190829, -0.0277371294796, 0.0469161719084, -0.019748641178], [0.00043355289381, -0.00713979220018, 0.00304535776377, -0.00237825629301, 0.00338645884767, -0.000485746568302, 0.00159558199812, -0.00842334609479, 0.00454377382994, -0.00363266421482, 0.0116600301117, -0.019748641178, 0.0269338618964]]
    },
    "melbands": {
        "max": [0.0253344066441, 0.0121970754117, 0.0105104362592, 0.0149568999186, 0.0135382739827, 0.0121685052291, 0.00620439881459, 0.00650977948681, 0.0126604652032, 0.00617019506171, 0.0110602919012, 0.00221786927432, 0.00177080358844, 0.00131006829906, 0.0042819371447, 0.0060748285614, 0.00230833282694, 0.000254937796853, 0.000316731457133, 0.000235831437749, 0.000459436530946, 0.000223310125875, 0.000376984447939, 0.000136188478791, 0.000157369373483, 0.000130689862999, 0.000152528344188, 0.000101131990959, 8.98221333046e-05, 8.87595451786e-05, 6.87225183356e-05, 5.64491929254e-05, 4.6047680371e-05, 4.26416336268e-05, 5.01844333485e-05, 5.2846269682e-05, 4.89154444949e-05, 2.87616421701e-05, 1.63369786605e-05, 7.44771250538e-06],
        "mean": [0.00227379333228, 0.00208746572025, 0.000996493501589, 0.00118048687, 0.00127321225591, 0.000892565993126, 0.000526731077116, 0.000290568481432, 0.000456827110611, 0.000411278684624, 0.00033775519114, 0.000121112585475, 9.10763410502e-05, 0.000101825753518, 0.000166914280271, 0.000192626641365, 7.85464217188e-05, 3.07386435452e-05, 2.71034750767e-05, 2.69441188721e-05, 3.35452095896e-05, 2.39624187088e-05, 2.3133092327e-05, 1.61479274539e-05, 1.39919056892e-05, 1.04394730442e-05, 1.33398762046e-05, 1.00781917354e-05, 6.81148912918e-06, 5.86731630392e-06, 4.50592915513e-06, 3.86655301554e-06, 3.64430411537e-06, 3.64203128811e-06, 3.52486040356e-06, 3.13064606416e-06, 2.86331646748e-06, 2.27827922572e-06, 1.30736134452e-06, 4.77638764096e-07],
        "min": [9.8066072951e-07, 3.76075172426e-06, 1.44499772432e-05, 2.00743925234e-05, 1.50792620843e-05, 9.42917267821e-06, 9.26940811041e-06, 7.63716889196e-06, 3.69500867237e-06, 1.83111546903e-06, 1.43420584209e-06, 1.34721483391e-06, 1.3398481542e-06, 7.92663058746e-07, 1.59994681326e-06, 7.6362806567e-07, 1.15129410005e-06, 5.59046327453e-07, 4.2525479671e-07, 5.23189498836e-07, 9.53068365561e-07, 7.38530275157e-07, 4.86512305997e-07, 7.5984888781e-07, 5.09337837684e-07, 3.59175800213e-07, 2.68488378197e-07, 1.80803169769e-07, 2.29486943226e-07, 1.40636061019e-07, 5.14490992032e-08, 5.36549329411e-08, 1.01502820371e-07, 1.30646469643e-07, 1.32077616399e-07, 7.11813967769e-08, 3.91955303769e-08, 2.26478746868e-08, 2.35469403975e-08, 4.41542713503e-09],
        "stdev": [0.0023023202084, 0.00150514999405, 0.00106553093065, 0.0011648084037, 0.00137137400452, 0.0010475111194, 0.000638153986074, 0.000482629257021, 0.00121026486158, 0.000749117403757, 0.000739679671824, 0.000188144869753, 0.000178446847713, 0.000139538242365, 0.000351386959665, 0.000374064664356, 0.000167016900377, 3.33240786858e-05, 3.10798859573e-05, 2.89269864879e-05, 5.02328766743e-05, 2.46853833232e-05, 3.38866084348e-05, 1.62343094416e-05, 1.4719263163e-05, 1.13254800453e-05, 1.88589565369e-05, 1.19272472148e-05, 8.96009078133e-06, 7.51331072024e-06, 5.82610846322e-06, 4.78062747788e-06, 4.86842509417e-06, 4.41221072833e-06, 4.37741664427e-06, 4.23505252911e-06, 3.87511045119e-06, 2.99798875858e-06, 1.64743062214e-06, 6.63409480239e-07]
    },
    "melbands128": {
        "max": [0.00592766236514, 0.0266110617667, 0.0387268103659, 0.0229730252177, 0.012298066169, 0.00994045380503, 0.0154681857675, 0.0146781243384, 0.0188436750323, 0.0211533345282, 0.014352992177, 0.016312584281, 0.0180292278528, 0.0238284505904, 0.0232397355139, 0.0104466304183, 0.0149941630661, 0.00889945123345, 0.00559463258833, 0.00694156251848, 0.0109016606584, 0.00991229806095, 0.0188003145158, 0.0207229293883, 0.00988372787833, 0.00823208969086, 0.00861293636262, 0.0215707253665, 0.00562428170815, 0.00417087692767, 0.00497719133273, 0.00187688460574, 0.00148694054224, 0.00461418787017, 0.00280435476452, 0.00231223576702, 0.00262354826555, 0.0096748508513, 0.00591676309705, 0.00739077385515, 0.00933321472257, 0.00069327687379, 0.00325629953295, 0.00320532172918, 0.000610193121247, 0.000361853773938, 0.000557275430765, 0.000626805820502, 0.000345856824424, 0.000513550941832, 0.000378579774406, 0.00046182560618, 0.00109872582834, 0.000541525834706, 0.000344277796103, 0.000387420761399, 0.000620770966634, 0.000853145786095, 0.000471198640298, 0.000401613186114, 0.000268735922873, 0.00012852261716, 0.000425161997555, 0.000153508895892, 0.000138446455821, 0.00026991579216, 0.000108809224912, 0.000341360049788, 0.00022334913956, 0.000115301983897, 0.000152531574713, 0.000192582883756, 0.000105811872345, 0.000136035072501, 0.000118032206956, 0.000131165084895, 8.69878567755e-05, 0.000148269347847, 8.21855574031e-05, 9.07952635316e-05, 7.04019985278e-05, 5.64568654227e-05, 5.07542354171e-05, 5.57333842153e-05, 6.75938135828e-05, 6.7520821176e-05, 4.24622412538e-05, 3.83922342735e-05, 5.51630691916e-05, 6.36650729575e-05, 5.40253895451e-05, 5.35853432666e-05, 7.1398622822e-05, 7.19084346201e-05, 4.21279692091e-05, 6.02549444011e-05, 2.58974214375e-05, 3.23279928125e-05, 2.26917418331e-05, 1.29300842673e-05, 1.16284909382e-05, 9.14013889997e-06, 6.81165374772e-07, 3.17168158404e-08, 2.97452764642e-08, 2.81047398687e-08, 2.66217092815e-08, 2.52994674099e-08, 2.41228725884e-08, 2.30333601081e-08, 2.20179749988e-08, 2.10966462078e-08, 2.02429806251e-08, 1.94485476612e-08, 1.875131872e-08, 1.81034973679e-08, 1.75016605652e-08, 1.69618239454e-08, 1.64586992923e-08, 1.60183191156e-08, 1.55843373761e-08, 1.52323380576e-08, 1.49134908867e-08, 1.46569982817e-08, 1.44251455225e-08, 1.42500491407e-08, 1.41209470783e-08, 1.4040828944e-08],
        "mean": [0.000317738828016, 0.00149445328861, 0.00332490424626, 0.00336561538279, 0.00207785400562, 0.00114222068805, 0.000881924526766, 0.000965004379395, 0.00113620224874, 0.00123239052482, 0.00122065935284, 0.00106095487718, 0.00155565910973, 0.00117920082994, 0.000833836209495, 0.00077265209984, 0.000696043251082, 0.000471193809062, 0.000351510156179, 0.000258525338722, 0.000286731752567, 0.000284155685222, 0.000533273327164, 0.000579323852435, 0.000404890510254, 0.000384577928344, 0.000294016790576, 0.000486099917907, 0.000194261039724, 0.000123445905047, 0.000115993447253, 6.81081801304e-05, 6.47154665785e-05, 0.00015013635857, 7.41628609831e-05, 8.98864964256e-05, 0.000120663447888, 0.00019585879636, 0.00017437202041, 0.00021616241429, 0.000252224766882, 3.86341598642e-05, 9.01807943592e-05, 9.74200083874e-05, 2.62543417193e-05, 2.35984807659e-05, 2.66891474894e-05, 3.03258566419e-05, 2.48298783845e-05, 2.44963393925e-05, 2.80679505522e-05, 2.45079118031e-05, 4.0747319872e-05, 3.48436988133e-05, 2.75777838397e-05, 1.87591613212e-05, 2.30730311159e-05, 2.87505699816e-05, 1.99399455596e-05, 2.11769147427e-05, 1.53222790686e-05, 1.05637191155e-05, 1.98925299628e-05, 1.23607196656e-05, 1.0724463209e-05, 9.86786017165e-06, 8.40628854348e-06, 1.76618359546e-05, 1.30556345539e-05, 1.00748702607e-05, 9.92464629235e-06, 1.16410346891e-05, 6.67352333039e-06, 6.00754447078e-06, 6.11713358012e-06, 7.05472575646e-06, 4.87579654873e-06, 5.0644730436e-06, 4.40145504399e-06, 3.99667578677e-06, 4.41494285042e-06, 3.40120163855e-06, 3.3404307942e-06, 3.48344678969e-06, 4.29393730883e-06, 3.76792763745e-06, 3.29777344632e-06, 3.51289759237e-06, 3.97165968025e-06, 2.89210220217e-06, 3.5070256672e-06, 2.96616758533e-06, 3.12978568218e-06, 2.83091640085e-06, 2.69085671789e-06, 2.70134069069e-06, 2.19177354666e-06, 1.74223964677e-06, 1.4407441995e-06, 1.00215368093e-06, 7.85050360719e-07, 4.48167980949e-07, 1.85361752614e-08, 1.48983186898e-10, 5.46185527361e-11, 8.02677715961e-11, 8.42961603298e-11, 6.28219420928e-11, 5.77213415953e-11, 5.40654847281e-11, 5.15224668485e-11, 4.97277913292e-11, 4.83780099314e-11, 4.55823781498e-11, 4.53186377314e-11, 4.39021839715e-11, 3.47021612834e-11, 3.00305474932e-11, 2.87321503395e-11, 2.79169378586e-11, 2.71509811162e-11, 2.65106617214e-11, 2.59245905992e-11, 2.54079361717e-11, 2.48930008551e-11, 2.44034653596e-11, 2.40911839089e-11, 2.39447749822e-11],
        "min": [2.3300565033e-08, 4.80799144498e-07, 9.70849328041e-07, 6.23649384579e-07, 1.79819505775e-06, 2.66005054073e-06, 9.84347252597e-07, 1.96905011762e-06, 7.74399268266e-06, 1.408488788e-05, 4.20481956098e-06, 2.45037608693e-06, 4.69527458336e-06, 4.41174825028e-06, 1.70404814526e-06, 1.72640716301e-06, 1.80119423021e-06, 2.10253710975e-06, 2.13330167753e-06, 1.14597173706e-06, 6.99096688095e-07, 6.13290580986e-07, 7.91083664353e-07, 1.59746355166e-06, 1.8400942281e-06, 9.41704456636e-07, 6.40881296476e-07, 3.11883269433e-07, 3.96517009449e-07, 5.24933057022e-07, 3.1575601156e-07, 3.46716888089e-07, 2.63599361006e-07, 1.08871795135e-07, 1.45965429965e-07, 1.82873947097e-07, 3.79201594569e-07, 4.16248155943e-07, 1.78333237955e-07, 1.37195939942e-07, 3.86519189988e-07, 2.28834650784e-07, 6.46923297154e-07, 3.10863640607e-07, 9.95149633809e-08, 7.33155545163e-08, 2.01641938702e-07, 4.1684515395e-08, 2.27891163718e-07, 1.52169249645e-07, 2.48574792749e-07, 2.59194536056e-07, 2.76188814041e-07, 3.91221391283e-07, 3.58446698101e-07, 1.13556616554e-07, 8.63309637111e-08, 1.54631976557e-07, 3.51602864157e-07, 3.43721836771e-07, 1.71104446167e-07, 2.16831210764e-07, 3.01980946915e-07, 3.31413218646e-07, 3.03900890231e-07, 1.78658851269e-07, 2.0413453683e-07, 1.38268845262e-07, 1.96782863782e-07, 1.91420213014e-07, 9.2014204256e-08, 1.36316486987e-07, 1.7694917176e-07, 1.25676137941e-07, 5.84353943012e-09, 1.67270268747e-08, 1.05655850291e-07, 3.18425463774e-08, 3.15779011828e-08, 3.7186129731e-08, 3.4924416692e-09, 5.23357179816e-09, 1.1551346546e-08, 5.86233284139e-08, 2.3885602829e-08, 1.07867617061e-08, 6.10865669159e-08, 4.92076743797e-08, 4.99014660704e-08, 4.08513223249e-08, 8.34643465453e-09, 2.34134631683e-08, 3.55400651131e-08, 2.42107791593e-08, 1.94678762e-08, 1.93363778322e-08, 1.64971449834e-08, 2.98530089538e-08, 1.02150359282e-08, 2.51167797671e-09, 3.76680109326e-09, 4.99104577112e-12, 1.73361284638e-13, 5.46805676638e-14, 4.03140994437e-14, 4.40659099108e-14, 4.20244114301e-14, 4.36649312899e-14, 4.49656520243e-14, 3.92646730559e-14, 5.20728852562e-14, 3.75772987217e-14, 5.04287909174e-14, 4.30632837874e-14, 3.84566951038e-14, 4.00144395158e-14, 3.9931508214e-14, 3.90722542753e-14, 5.32896684137e-14, 3.65823907625e-14, 3.47551780649e-14, 3.5112917348e-14, 4.17037925189e-14, 4.0879673507e-14, 3.1092915921e-14, 1.11287728707e-14, 2.00472496879e-15, 5.75032072871e-17],
        "stdev": [0.000575337384362, 0.00238807010464, 0.00365510606207, 0.00303021376021, 0.00168832484633, 0.00116671738215, 0.0012787982123, 0.00145973800682, 0.00148359814193, 0.00163667462766, 0.00147900008596, 0.00141587748658, 0.00215100497007, 0.00171840854455, 0.00157205935102, 0.00110647804104, 0.00106159877032, 0.000855659192894, 0.000565818278119, 0.00057850923622, 0.000779515306931, 0.000598273647483, 0.00175603479147, 0.00210728216916, 0.00101472716779, 0.000901705410797, 0.00064271595329, 0.00139937549829, 0.000500425463542, 0.000228155113291, 0.000283850909909, 0.000140373420436, 0.00013829569798, 0.000437311013229, 0.000178123038495, 0.000161455740454, 0.000244405906415, 0.000712839886546, 0.000441403099103, 0.000441649142886, 0.000604708387982, 6.11690411461e-05, 0.000231933125178, 0.000249328819336, 4.04777383665e-05, 3.5672706872e-05, 4.11739092669e-05, 5.4063872085e-05, 3.08462840621e-05, 3.49762194674e-05, 4.50042316515e-05, 4.08773194067e-05, 0.000113486850751, 4.24081954407e-05, 3.14483877446e-05, 3.15606193908e-05, 4.91472346766e-05, 6.90989472787e-05, 3.08194612444e-05, 3.29730391968e-05, 2.47534699156e-05, 1.31401284307e-05, 3.18082638842e-05, 1.50541918629e-05, 1.55224188347e-05, 1.46359725477e-05, 1.01019313661e-05, 3.58090546797e-05, 2.0748389943e-05, 1.17435129141e-05, 1.44379364428e-05, 1.91044364328e-05, 9.62066678767e-06, 1.0056969586e-05, 9.58044347499e-06, 9.82786787063e-06, 6.59401985104e-06, 8.26599352877e-06, 6.07455149293e-06, 6.32923820376e-06, 5.85615225646e-06, 4.5073329602e-06, 4.90580487167e-06, 5.3599524108e-06, 5.88947114011e-06, 5.93514459979e-06, 4.27229815614e-06, 4.62716207039e-06, 5.20457706443e-06, 4.48356013294e-06, 5.10284962729e-06, 4.40552548753e-06, 4.54785094917e-06, 4.44555644208e-06, 3.82028338208e-06, 4.59593820779e-06, 2.84037946585e-06, 2.41042084781e-06, 1.99060468731e-06, 1.41598366099e-06, 1.1391030057e-06, 7.44259693874e-07, 4.57201245752e-08, 9.98348848036e-10, 9.13609465858e-10, 9.30243437836e-10, 8.6731261062e-10, 7.91318510718e-10, 7.54202200692e-10, 7.25952020719e-10, 6.95824953212e-10, 6.60365206961e-10, 6.32779328935e-10, 6.06977579309e-10, 5.88053383765e-10, 5.67700775278e-10, 5.42053013586e-10, 5.24241761113e-10, 5.08852848746e-10, 4.95256502475e-10, 4.82061668361e-10, 4.71279903991e-10, 4.61558041787e-10, 4.53494714003e-10, 4.46490427963e-10, 4.41092246062e-10, 4.37075847737e-10, 4.34625058165e-10]
    },
    "mfcc": {
        "mean": [-589.211730957, 119.066383362, 10.86095047, 20.7013607025, 3.28530621529, 7.22541570663, -2.06184768677, 4.3544383049, -7.40627288818, 3.63072061539, -2.04403018951, 6.67093658447, -3.67852759361],
        "cov": [[907.661437988, -277.055053711, -113.466819763, -27.2749862671, -60.3876342773, -30.3732700348, 25.849981308, -20.6855659485, 17.3703975677, 7.90105724335, -26.5637531281, -34.1427650452, 27.7073574066], [-277.055053711, 458.924499512, -47.1702804565, -33.9938316345, 10.0562953949, 36.349407196, 72.5808181763, 34.261428833, 12.9352626801, 0.437343358994, 30.4245624542, 10.8461122513, -19.4110527039], [-113.466819763, -47.1702804565, 288.836547852, 30.0808506012, 42.9840240479, 45.9397888184, -16.4415378571, -16.5890769958, 6.7494187355, -26.8749637604, 32.1466598511, 5.19610452652, -18.7565116882], [-27.2749862671, -33.9938316345, 30.0808506012, 104.95199585, 43.318561554, 0.740981638432, -23.993976593, -5.6264705658, -18.3164196014, -1.95343804359, 0.901152253151, 8.50537490845, 2.24070668221], [-60.3876342773, 10.0562953949, 42.9840240479, 43.318561554, 106.162277222, 41.4465637207, -1.99821066856, 8.4521188736, -24.4886169434, -7.74911832809, -1.57567632198, 18.0344219208, 12.0338516235], [-30.3732700348, 36.349407196, 45.9397888184, 0.740981638432, 41.4465637207, 135.942764282, 59.2353553772, -19.1355323792, -14.9074668884, -58.4052047729, 30.4740066528, -1.08704423904, -13.8167324066], [25.849981308, 72.5808181763, -16.4415378571, -23.993976593, -1.99821066856, 59.2353553772, 105.221954346, 17.6885967255, 8.78887557983, -19.8161773682, 6.40503644943, -11.8058395386, -2.05648183823], [-20.6855659485, 34.261428833, -16.5890769958, -5.6264705658, 8.4521188736, -19.1355323792, 17.6885967255, 80.8632736206, 20.3922519684, 27.6739425659, -24.6274700165, 7.02452230453, 19.6443901062], [17.3703975677, 12.9352626801, 6.7494187355, -18.3164196014, -24.4886169434, -14.9074668884, 8.78887557983, 20.3922519684, 78.5839309692, 28.4044647217, 6.27643537521, -26.5908946991, -19.918926239], [7.90105724335, 0.437343358994, -26.8749637604, -1.95343804359, -7.74911832809, -58.4052047729, -19.8161773682, 27.6739425659, 28.4044647217, 102.850204468, -7.16914844513, -7.5318031311, 6.07791137695], [-26.5637531281, 30.4245624542, 32.1466598511, 0.901152253151, -1.57567632198, 30.4740066528, 6.40503644943, -24.6274700165, 6.27643537521, -7.16914844513, 81.8357849121, 18.7922744751, -22.9479637146], [-34.1427650452, 10.8461122513, 5.19610452652, 8.50537490845, 18.0344219208, -1.08704423904, -11.8058395386, 7.02452230453, -26.5908946991, -7.5318031311, 18.7922744751, 83.2816696167, 46.2802886963], [27.7073574066, -19.4110527039, -18.7565116882, 2.24070668221, 12.0338516235, -13.8167324066, -2.05648183823, 19.6443901062, -19.918926239, 6.07791137695, -22.9479637146, 46.2802886963, 88.9183349609]],
        "icov": [[0.00168317009229, 0.00122947909404, 0.00071895000292, 0.000203780728043, 0.000121334836876, 0.000406886509154, -0.00129634328187, 0.00053947273409, -0.000464983691927, 8.6680163804e-05, -0.000356473203283, 0.000540129723959, -0.000695139460731], [0.00122947909404, 0.00365763693117, 0.00102989457082, 0.000842361012474, -0.000696612638421, 0.000515573716257, -0.00261706137098, -0.000618727877736, -0.000326008972479, -3.82323406711e-07, -0.00119911530055, -0.000539983564522, 0.000760514696594], [0.00071895000292, 0.00102989457082, 0.00465756515041, -0.000333280477207, -0.00141680380329, -0.000987091683783, 0.000703413039446, 5.50179029233e-05, -0.00169813644607, 0.000966696999967, -0.00141398538835, 4.72278697998e-05, 0.000198161884327], [0.000203780728043, 0.000842361012474, -0.000333280477207, 0.0126923499629, -0.00542085105553, 0.00160843296908, 0.00124971545301, 0.000202032635571, 0.0014860033989, 0.000355824013241, -0.00108795962296, 0.000565790163819, 0.000431380380178], [0.000121334836876, -0.000696612638421, -0.00141680380329, -0.00542085105553, 0.0165836811066, -0.00763699458912, 0.00296572688967, -0.00330968038179, 0.00334442150779, -0.00294789206237, 0.00260953884572, -0.0017460512463, -0.000450460327556], [0.000406886509154, 0.000515573716257, -0.000987091683783, 0.00160843296908, -0.00763699458912, 0.018705572933, -0.00959785003215, 0.00291874143295, 0.000454131513834, 0.00683424063027, -0.00513328891248, 0.00223288894631, -4.20166652475e-05], [-0.00129634328187, -0.00261706137098, 0.000703413039446, 0.00124971545301, 0.00296572688967, -0.00959785003215, 0.0190303772688, -0.00593832228333, -0.000121743702039, 0.000733505410608, -0.000780285743531, 0.00356465531513, -0.00232528499328], [0.00053947273409, -0.000618727877736, 5.50179029233e-05, 0.000202032635571, -0.00330968038179, 0.00291874143295, -0.00593832228333, 0.0206873882562, -0.00641315290704, -0.00337493466213, 0.00700818467885, -0.00498531619087, -0.000905447872356], [-0.000464983691927, -0.000326008972479, -0.00169813644607, 0.0014860033989, 0.00334442150779, 0.000454131513834, -0.000121743702039, -0.00641315290704, 0.0202031694353, -0.00368014047854, -0.004304359667, 0.00600538495928, 0.00125081848819], [8.6680163804e-05, -3.82323406711e-07, 0.000966696999967, 0.000355824013241, -0.00294789206237, 0.00683424063027, 0.000733505410608, -0.00337493466213, -0.00368014047854, 0.015822108835, -0.00378906121477, 0.00343246292323, -0.00227897451259], [-0.000356473203283, -0.00119911530055, -0.00141398538835, -0.00108795962296, 0.00260953884572, -0.00513328891248, -0.000780285743531, 0.00700818467885, -0.004304359667, -0.00378906121477, 0.022579587996, -0.0127168372273, 0.00860226154327], [0.000540129723959, -0.000539983564522, 4.72278697998e-05, 0.000565790163819, -0.0017460512463, 0.00223288894631, 0.00356465531513, -0.00498531619087, 0.00600538495928, 0.00343246292323, -0.0127168372273, 0.0268091037869, -0.0146482950076], [-0.000695139460731, 0.000760514696594, 0.000198161884327, 0.000431380380178, -0.000450460327556, -4.20166652475e-05, -0.00232528499328, -0.000905447872356, 0.00125081848819, -0.00227897451259, 0.00860226154327, -0.0146482950076, 0.0221407264471]]
    },
    "spectral_contrast_coeffs": {
        "max": [-0.463738143444, -0.508000612259, -0.470867663622, -0.594310879707, -0.6604834795, -0.627827703953],
        "mean": [-0.710120022297, -0.730424165726, -0.733538985252, -0.77029889822, -0.791064500809, -0.722810447216],
        "min": [-0.872392177582, -0.899666726589, -0.893263161182, -0.878702998161, -0.899377942085, -0.891796112061],
        "stdev": [0.0605400279164, 0.0635957196355, 0.0624196343124, 0.0492904223502, 0.0343085043132, 0.0283518582582]
    },
    "spectral_contrast_valleys": {
        "max": [-4.69593906403, -4.871322155, -5.82309150696, -6.09997272491, -5.56478214264, -8.34726142883],
        "mean": [-6.00842380524, -6.19301080704, -7.07192897797, -7.25459003448, -7.13744878769, -10.0514678955],
        "min": [-8.36341285706, -7.54502534866, -8.80105400085, -8.48904418945, -8.3451795578, -11.8867292404],
        "stdev": [0.482125461102, 0.40807762742, 0.463857382536, 0.429887890816, 0.451481491327, 0.644541680813]
    }
},
"rhythm": {
    "beats_count": 85,
    "beats_loudness": {
        "max": 0.106073476374,
        "mean": 0.046522423625,
        "min": 0.00674587860703,
        "stdev": 0.0179129466414
    },
    "bpm": 161.498962402,
    "bpm_histogram_first_peak_bpm": 161,
    "bpm_histogram_first_peak_weight": 0.35526317358,
    "bpm_histogram_second_peak_bpm": 152,
    "bpm_histogram_second_peak_spread": 0.375,
    "bpm_histogram_second_peak_weight": 0.0595238097012,
    "danceability": 1.07799494267,
    "onset_rate": 3.26074194908,
    "beats_loudness_band_ratio": {
        "max": [0.845817923546, 0.792403638363, 0.71497887373, 0.389469921589, 0.250236302614, 0.325374782085],
        "mean": [0.371104598045, 0.274594724178, 0.200862765312, 0.114295139909, 0.0504212789237, 0.0500530302525],
        "min": [0.0173413492739, 0.0775728970766, 0.0182248651981, 0.00581514043733, 0.00675972457975, 0.0136600108817],
        "stdev": [0.186791568995, 0.148370847106, 0.136849746108, 0.0897302255034, 0.044710624963, 0.0495670959353]
    },
