{
"metadata": {
    "version": {
        "essentia": "2.1-beta5",
        "essentia_git_sha": "Undefined",
        "extractor": "music 2.0"
    },
    "audio_properties": {
        "analysis": {
            "equal_loudness": 0,
            "length": 12.7477550507,
            "sample_rate": 44100,
            "start_time": 0,
            "downmix": "mix"
        },
        "bit_rate": 192000,
        "length": 179.559906006,
        "lossless": 0,
        "number_channels": 2,
        "replay_gain": 1.71013832092,
        "sample_rate": 44100,
        "codec": "mp3",
        "md5_encoded": "2503ca3c343d110b1e3c5a533584f7c9"
    },
    "tags": {
        "file_name": "France_Je Veux Donner Ma Voix_Nayah.mp3",
        "encoding": ["Lavf58.29.100"]
    }
},
"lowlevel": {
    "average_loudness": 0.734753668308,
    "barkbands_crest": {
        "max": 25.9835014343,
        "mean": 13.5377578735,
        "min": 2.81402802467,
        "stdev": 4.6319360733
    },
    "barkbands_flatness_db": {
        "max": 0.481601566076,
        "mean": 0.216859102249,
        "min": 0.0562871620059,
        "stdev": 0.0764593183994
    },
    "barkbands_kurtosis": {
        "max": 721.651977539,
        "mean": 36.0138931274,
        "min": -1.73456060886,
        "stdev": 81.4592819214
    },
    "barkbands_skewness": {
        "max": 20.6283531189,
        "mean": 3.62156438828,
        "min": -2.08405995369,
        "stdev": 3.65421295166
    },
    "barkbands_spread": {
        "max": 101.081260681,
        "mean": 20.857383728,
        "min": 0.241600826383,
        "stdev": 17.1426296234
    },
    "dissonance": {
        "max": 0.499637931585,
        "mean": 0.456610649824,
        "min": 0.304473280907,
        "stdev": 0.037455432117
    },
    "dynamic_complexity": 3.33867621422,
    "erbbands_crest": {
        "max": 29.0501232147,
        "mean": 12.1814022064,
        "min": 2.82961726189,
        "stdev": 6.23159980774
    },
    "erbbands_flatness_db": {
        "max": 0.276908874512,
        "mean": 0.150077775121,
        "min": 0.0648171082139,
        "stdev": 0.0454863905907
    },
    "erbbands_kurtosis": {
        "max": 69.5083847046,
        "mean": 1.54100525379,
        "min": -1.87518823147,
        "stdev": 6.13969230652
    },
    "erbbands_skewness": {
        "max": 7.17345619202,
        "mean": 0.443063229322,
        "min": -2.51540803909,
        "stdev": 1.29397702217
    },
    "erbbands_spread": {
        "max": 192.682174683,
        "mean": 57.2986907959,
        "min": 6.94401454926,
        "stdev": 35.1859741211
    },
    "hfc": {
        "max": 1085.01989746,
        "mean": 30.4917793274,
        "min": 1.13116789948e-16,
        "stdev": 86.5560302734
    },
    "loudness_ebu128": {
        "integrated": -24.6529541016,
        "loudness_range": 4.92563819885,
        "momentary": {
            "max": -19.1230583191,
            "mean": -25.7736358643,
            "min": -33.038520813,
            "stdev": 3.24945759773
        },
        "short_term": {
            "max": -21.9191703796,
            "mean": -25.7708969116,
            "min": -27.6518154144,
            "stdev": 1.4875330925
        }
    },
    "melbands_crest": {
        "max": 28.3412303925,
        "mean": 17.3954143524,
        "min": 1.68116343021,
        "stdev": 4.69466400146
    },
    "melbands_flatness_db": {
        "max": 0.591678619385,
        "mean": 0.289272636175,
        "min": 0.00537432869896,
        "stdev": 0.0993971079588
    },
    "melbands_kurtosis": {
        "max": 643.14239502,
        "mean": 82.1571121216,
        "min": -1.38682186604,
        "stdev": 122.086502075
    },
    "melbands_skewness": {
        "max": 17.8576793671,
        "mean": 5.48445701599,
        "min": -0.508523106575,
        "stdev": 4.0012845993
    },
    "melbands_spread": {
        "max": 150.831970215,
        "mean": 16.5305633545,
        "min": 0.332591027021,
        "stdev": 17.82396698
    },
    "pitch_salience": {
        "max": 0.9081402421,
        "mean": 0.421261966228,
        "min": 0.12594203651,
        "stdev": 0.107126116753
    },
    "silence_rate_20dB": {
        "max": 1,
        "mean": 0.996363639832,
        "min": 0,
        "stdev": 0.0601925998926
    },
    "silence_rate_30dB": {
        "max": 1,
        "mean": 0.8836363554,
        "min": 0,
        "stdev": 0.320662409067
    },
    "silence_rate_60dB": {
        "max": 1,
        "mean": 0.0109090907499,
        "min": 0,
        "stdev": 0.103876285255
    },
    "spectral_centroid": {
        "max": 11740.5205078,
        "mean": 1136.67028809,
        "min": 109.330581665,
        "stdev": 916.468505859
    },
    "spectral_complexity": {
        "max": 62,
        "mean": 11.6000003815,
        "min": 0,
        "stdev": 10.9426622391
    },
    "spectral_decrease": {
        "max": 4.52678435317e-20,
        "mean": -1.09477129584e-08,
        "min": -1.06400904087e-07,
        "stdev": 1.335856048e-08
    },
    "spectral_energy": {
        "max": 0.411491394043,
        "mean": 0.0440848991275,
        "min": 1.05828542452e-20,
        "stdev": 0.0541858449578
    },
    "spectral_energyband_high": {
        "max": 0.112148851156,
        "mean": 0.00236785155721,
        "min": 7.62359540891e-21,
        "stdev": 0.00888122990727
    },
    "spectral_energyband_low": {
        "max": 0.371101945639,
        "mean": 0.0341499522328,
        "min": 6.72475270273e-23,
        "stdev": 0.0477635972202
    },
    "spectral_energyband_middle_high": {
        "max": 0.0353704579175,
        "mean": 0.00295129884034,
        "min": 1.35714670879e-21,
        "stdev": 0.00455833785236
    },
    "spectral_energyband_middle_low": {
        "max": 0.0639888048172,
        "mean": 0.00701284082606,
        "min": 2.14680934913e-22,
        "stdev": 0.00796495843679
    },
    "spectral_entropy": {
        "max": 9.8034362793,
        "mean": 7.42027378082,
        "min": 5.15368318558,
        "stdev": 0.674819529057
    },
    "spectral_flux": {
        "max": 0.467249631882,
        "mean": 0.0832038894296,
        "min": 6.84223858127e-11,
        "stdev": 0.0742238759995
    },
    "spectral_kurtosis": {
        "max": 11.9410324097,
        "mean": 2.45738315582,
        "min": -1.18725025654,
        "stdev": 2.09516334534
    },
    "spectral_rms": {
        "max": 0.0200363416225,
        "mean": 0.00573322968557,
        "min": 3.21321268204e-12,
        "stdev": 0.00318428850733
    },
    "spectral_rolloff": {
        "max": 19896.6796875,
        "mean": 1179.11877441,
        "min": 86.1328125,
        "stdev": 2241.61865234
    },
    "spectral_skewness": {
        "max": 3.33123111725,
        "mean": 1.36365664005,
        "min": -0.0806743875146,
        "stdev": 0.462366908789
    },
    "spectral_spread": {
        "max": 40220088,
        "mean": 7001653.5,
        "min": 2934673,
        "stdev": 3169039
    },
    "spectral_strongpeak": {
        "max": 5.88838577271,
        "mean": 0.763395607471,
        "min": 0,
        "stdev": 0.948670685291
    },
    "zerocrossingrate": {
        "max": 0.51025390625,
        "mean": 0.0533398427069,
        "min": 0.00390625,
        "stdev": 0.0530855953693
    },
    "barkbands": {
        "max": [0.00851089693606, 0.33405059576, 0.167606472969, 0.0411170274019, 0.0185065940022, 0.00603744573891, 0.0141070112586, 0.0183311868459, 0.0476594306529, 0.0145348906517, 0.00354561954737, 0.00694925198331, 0.00598773453385, 0.00800253450871, 0.00737103726715, 0.0125115700066, 0.00451427372172, 0.00274351518601, 0.00277958600782, 0.00583856040612, 0.00364924967289, 0.0132705690339, 0.0406664423645, 0.0148469069973, 0.0134478826076, 0.0250011011958, 1.49175903061e-05],
        "mean": [0.000390305940527, 0.0203519780189, 0.0111097497866, 0.00269670365378, 0.000978897674941, 0.000195702697965, 0.000125308477436, 0.000742297037505, 0.00208760215901, 0.000263482303126, 0.000125566715724, 0.00028325378662, 0.000416478287661, 0.000248278171057, 0.000534640043043, 0.000407222949434, 0.00033420213731, 0.000208138051676, 0.000152801570948, 0.000141054217238, 0.000161648844369, 0.000304525252432, 0.000771090446506, 0.000419407064328, 0.000247162999585, 0.000387363543268, 5.63384006114e-08],
        "min": [9.39291473365e-24, 5.2736418054e-23, 2.47791110534e-24, 3.73048535547e-24, 1.56216058245e-23, 1.01645477056e-23, 2.86102779374e-23, 3.9483595867e-23, 4.03477361907e-23, 6.81675218585e-23, 3.49412779768e-23, 1.09965190704e-22, 3.89173988409e-23, 5.97461224618e-23, 7.32545324266e-23, 1.916190218e-22, 1.49503694445e-22, 1.6423887147e-22, 2.35677256766e-22, 2.62893563842e-22, 4.70866858654e-22, 5.42440296937e-22, 5.27070257277e-22, 6.79598292972e-22, 1.24911431566e-21, 1.53537959407e-21, 2.41289069358e-21],
        "stdev": [0.000823965470772, 0.0370360203087, 0.0158278886229, 0.004025189206, 0.00164101435803, 0.000510576704983, 0.000683948514052, 0.00210338109173, 0.00502948183566, 0.00121750810649, 0.000328396738041, 0.000613253447227, 0.000789095356595, 0.00070168543607, 0.00102641026024, 0.000974979600869, 0.000615084951278, 0.000393069174606, 0.000286560563836, 0.000417946721427, 0.000382491300115, 0.0010091853328, 0.00316506996751, 0.00138755480293, 0.000909941911232, 0.00224694982171, 7.27430176539e-07]
    },
    "erbbands": {
        "max": [12.7992324829, 64.464515686, 168.322631836, 112.558158875, 107.491287231, 42.3144111633, 43.4786872864, 35.5216903687, 195.407226562, 106.930976868, 503.454345703, 1390.09655762, 694.768371582, 155.520004272, 115.91091156, 307.566131592, 228.068069458, 417.319335938, 410.889648438, 508.220916748, 431.158905029, 268.81729126, 177.182128906, 122.906509399, 242.914047241, 224.672637939, 143.555114746, 201.597946167, 433.985046387, 549.097717285, 944.238769531, 796.407409668, 205.885574341, 78.7430648804, 157.19203186, 201.259368896, 13.2472009659, 0.770033121109, 0.0219696927816, 0.00234242761508],
        "mean": [0.582832872868, 4.69954109192, 10.6554689407, 14.4048080444, 4.87962245941, 2.1894659996, 1.90304553509, 1.45298111439, 1.69780778885, 3.71539282799, 26.7097682953, 58.9439430237, 14.4740161896, 4.30704259872, 6.16284132004, 13.4987955093, 19.4536075592, 14.8693780899, 22.4595832825, 27.0439071655, 19.1149711609, 16.776184082, 15.59907341, 7.24790334702, 7.84434843063, 6.78722238541, 6.24182081223, 7.48153209686, 10.3549356461, 11.7506685257, 21.3778896332, 15.4935922623, 5.21180534363, 2.58859848976, 2.30707478523, 2.78312659264, 0.290192365646, 0.012848816812, 0.000380607176339, 8.25688111945e-05],
        "min": [1.20028248772e-21, 9.83538104723e-21, 6.3275714101e-21, 1.45144525823e-20, 3.48807330159e-20, 3.19925446655e-20, 1.36433955313e-19, 1.00087703821e-19, 2.19388977964e-19, 5.51603943915e-19, 8.85825339839e-19, 6.53558865797e-19, 1.56326858053e-18, 1.6913313388e-18, 2.25882304414e-18, 3.85115275434e-18, 1.83284446742e-18, 3.2858285724e-18, 3.3560861917e-18, 4.43196175735e-18, 8.11020563952e-18, 7.43466791276e-18, 9.42286434384e-18, 1.03973501071e-17, 1.12578454188e-17, 1.25066821758e-17, 2.36848328784e-17, 1.42782540665e-17, 2.01532514276e-17, 1.41098599461e-17, 1.68033254567e-17, 1.1455343889e-17, 1.24873046427e-17, 1.05462723958e-17, 1.0447137281e-17, 6.04621423532e-18, 3.14152774172e-18, 1.24256900269e-18, 3.10611748386e-19, 3.69542680164e-20],
        "stdev": [1.19936215878, 8.04368114471, 15.6739282608, 18.3845348358, 8.22078704834, 3.40252542496, 3.97971057892, 3.49438166618, 9.1494808197, 8.53919792175, 60.802318573, 142.554229736, 56.6518592834, 11.9623632431, 14.8218622208, 26.6864070892, 34.5836219788, 38.3421592712, 49.9372024536, 49.0321578979, 41.6422805786, 32.2706947327, 25.6932849884, 12.4136209488, 19.0051364899, 18.414812088, 15.2048549652, 19.1497211456, 34.654296875, 41.5819778442, 83.8370666504, 61.6275634766, 16.798078537, 7.66392421722, 10.9277381897, 16.8751106262, 1.23985815048, 0.0584881193936, 0.00171415519435, 0.000193634725292]
    },
    "gfcc": {
        "mean": [-36.1272697449, 75.266456604, -79.9267120361, 62.4759864807, -42.5137786865, 41.3529968262, -35.2170257568, 20.6031341553, -14.0400524139, 2.01422524452, -27.1943283081, -10.1147937775, -18.9155387878],
        "cov": [[16266.6396484, -489.103820801, -1871.58935547, 80.6075820923, -297.48336792, 679.498352051, -292.6378479, 448.032562256, -221.300109863, 33.1257171631, -413.561431885, 73.3571929932, -315.433166504], [-489.103820801, 1230.86889648, -335.959472656, 68.7375564575, 174.961090088, -133.978561401, 84.6241607666, -174.164901733, 104.932685852, -51.2120285034, 132.950775146, -250.492340088, 72.7521209717], [-1871.58935547, -335.959472656, 1827.05957031, 252.237304688, -148.772766113, 198.652191162, -2.18564033508, -77.0782470703, -35.2244987488, 10.4334259033, 56.1235618591, 277.68182373, 58.0668258667], [80.6075820923, 68.7375564575, 252.237304688, 308.177276611, 33.4955749512, 1.84947013855, 36.0724411011, 0.650613307953, -0.42980876565, -58.7547340393, 9.66203594208, 50.2362709045, 82.0886917114], [-297.48336792, 174.961090088, -148.772766113, 33.4955749512, 322.825622559, 74.6003494263, 28.7058830261, -31.806476593, 19.2142238617, 1.43806409836, 81.3571472168, -0.379300832748, 26.4480304718], [679.498352051, -133.978561401, 198.652191162, 1.84947013855, 74.6003494263, 295.668762207, 14.1868963242, -58.5085258484, -2.83582043648, 29.6088676453, 55.6683349609, 95.7353668213, -0.238799795508], [-292.6378479, 84.6241607666, -2.18564033508, 36.0724411011, 28.7058830261, 14.1868963242, 135.019500732, -4.48922586441, 35.2671546936, -22.1623573303, 3.82420945168, -19.0410022736, 47.4349746704], [448.032562256, -174.164901733, -77.0782470703, 0.650613307953, -31.806476593, -58.5085258484, -4.48922586441, 176.968338013, 23.6320037842, -35.1867027283, -105.595230103, -0.403824865818, -23.5563144684], [-221.300109863, 104.932685852, -35.2244987488, -0.42980876565, 19.2142238617, -2.83582043648, 35.2671546936, 23.6320037842, 113.610710144, -17.7784461975, 1.50835132599, -34.2640800476, 28.2463626862], [33.1257171631, -51.2120285034, 10.4334259033, -58.7547340393, 1.43806409836, 29.6088676453, -22.1623573303, -35.1867027283, -17.7784461975, 77.5082550049, 36.2703742981, 9.21166610718, -31.8955993652], [-413.561431885, 132.950775146, 56.1235618591, 9.66203594208, 81.3571472168, 55.6683349609, 3.82420945168, -105.595230103, 1.50835132599, 36.2703742981, 167.095214844, 32.643371582, 18.6074733734], [73.3571929932, -250.492340088, 277.68182373, 50.2362709045, -0.379300832748, 95.7353668213, -19.0410022736, -0.403824865818, -34.2640800476, 9.21166610718, 32.643371582, 166.425796509, 34.6353340149], [-315.433166504, 72.7521209717, 58.0668258667, 82.0886917114, 26.4480304718, -0.238799795508, 47.4349746704, -23.5563144684, 28.2463626862, -31.8955993652, 18.6074733734, 34.6353340149, 105.149398804]],
        "icov": [[0.000239845379838, -0.00039982580347, 0.000498348032124, -0.000646129134111, 0.000717935035937, -0.00126449018717, 0.000410829059547, -0.000903378706425, 0.000493573606946, -0.000584331632126, 0.000465498829726, -0.000624826527201, 0.000467791134724], [-0.00039982580347, 0.00296316063032, -0.000902607687749, 0.000682783487719, -0.00190032355022, 0.002619397128, -0.000476768211229, 0.00316553469747, -0.00160961376969, 0.00246298057027, -0.0022587957792, 0.00474012643099, -0.00185815652367], [0.000498348032124, -0.000902607687749, 0.00199559237808, -0.00214560818858, 0.00205622985959, -0.00273594819009, 0.000579652551096, -0.00109205045737, 0.000390624831198, -0.00137935928069, 0.00130197848193, -0.00311967800371, 0.00193679518998], [-0.000646129134111, 0.000682783487719, -0.00214560818858, 0.00718518905342, -0.00250291987322, 0.00343341589905, -0.00109171087388, 0.00111341231968, 0.00044649807387, 0.00425101444125, -0.00180092756636, 0.00177808606531, -0.0045533827506], [0.000717935035937, -0.00190032355022, 0.00205622985959, -0.00250291987322, 0.00674746092409, -0.00544134853408, 0.00103337236214, -0.00436609564349, 0.00194093456957, -0.00209065107629, -0.00075470097363, -0.00210281019099, 0.000803807808552], [-0.00126449018717, 0.002619397128, -0.00273594819009, 0.00343341589905, -0.00544134853408, 0.0126659739763, -0.00386672560126, 0.00837215967476, -0.00504013057798, 0.00319210323505, -0.0012802684214, -0.00088025390869, 0.00108090997674], [0.000410829059547, -0.000476768211229, 0.000579652551096, -0.00109171087388, 0.00103337236214, -0.00386672560126, 0.0110162803903, -0.00286016659811, 0.000447182537755, -0.000464235519757, 4.47714264737e-05, 0.00310954265296, -0.00507776532322], [-0.000903378706425, 0.00316553469747, -0.00109205045737, 0.00111341231968, -0.00436609564349, 0.00837215967476, -0.00286016659811, 0.0188763700426, -0.00843063183129, 0.00619209744036, 0.00553556857631, -0.00277756154537, 0.00554825877771], [0.000493573606946, -0.00160961376969, 0.000390624831198, 0.00044649807387, 0.00194093456957, -0.00504013057798, 0.000447182537755, -0.00843063183129, 0.0152142262086, -0.00125374412164, -0.00231201061979, 0.00442749401554, -0.00607658457011], [-0.000584331632126, 0.00246298057027, -0.00137935928069, 0.00425101444125, -0.00209065107629, 0.00319210323505, -0.000464235519757, 0.00619209744036, -0.00125374412164, 0.0231220591813, -0.00508605828509, 0.00177662854549, 0.00378109863959], [0.000465498829726, -0.0022587957792, 0.00130197848193, -0.00180092756636, -0.00075470097363, -0.0012802684214, 4.47714264737e-05, 0.00553556857631, -0.00231201061979, -0.00508605828509, 0.015212235041, -0.00854391604662, 0.00425367709249], [-0.000624826527201, 0.00474012643099, -0.00311967800371, 0.00177808606531, -0.00210281019099, -0.00088025390869, 0.00310954265296, -0.00277756154537, 0.00442749401554, 0.00177662854549, -0.00854391604662, 0.0242226403207, -0.0134347314015], [0.000467791134724, -0.00185815652367, 0.00193679518998, -0.0045533827506, 0.000803807808552, 0.00108090997674, -0.00507776532322, 0.00554825877771, -0.00607658457011, 0.00378109863959, 0.00425367709249, -0.0134347314015, 0.0244701970369]]
    },
    "melbands": {
        "max": [0.106127403677, 0.0641638189554, 0.0171543788165, 0.00454289093614, 0.00125748361461, 0.000866803573444, 0.00301819574088, 0.00107285450213, 0.00380175327882, 0.00774158583954, 0.00328742549755, 0.000636819342617, 0.000435972760897, 0.000699273368809, 0.000537980289664, 0.000743843789678, 0.000838926469442, 0.000598983489908, 0.000603065709583, 0.00126260076649, 0.000531566853169, 0.000299047504086, 0.000264276692178, 0.000133042936795, 0.000100280405604, 0.000124452199088, 0.00022519887716, 0.000134922040161, 0.000107041778392, 8.60694854055e-05, 0.000125803242554, 0.000258452637354, 0.000241678542807, 0.000299456354696, 0.00040851419908, 0.00117233069614, 0.000230217076023, 0.000154135574121, 7.63393909438e-05, 5.71671553189e-05],
        "mean": [0.00568291172385, 0.00574473617598, 0.00212665554136, 0.000224659481319, 6.88335931045e-05, 3.35367840307e-05, 2.57980263996e-05, 5.01683280163e-05, 0.000273684738204, 0.000331496499712, 5.80306950724e-05, 1.53966975631e-05, 1.79702365131e-05, 2.88259652734e-05, 4.05050523113e-05, 4.07611223636e-05, 2.5335844839e-05, 3.17237900163e-05, 3.79501070711e-05, 3.544748688e-05, 1.9429880922e-05, 1.59765259014e-05, 1.98653178813e-05, 9.51410220296e-06, 5.17111493537e-06, 6.43384055365e-06, 4.57141186416e-06, 4.47338106824e-06, 3.75632271243e-06, 3.9330702748e-06, 4.51489358966e-06, 6.11132645645e-06, 5.47574563825e-06, 6.7440651037e-06, 9.42857604969e-06, 1.93293817574e-05, 5.69194980926e-06, 3.78267623091e-06, 2.62130151896e-06, 2.01066745831e-06],
        "min": [1.40648661364e-23, 6.59189724558e-24, 3.26612553905e-24, 2.32188447627e-24, 4.2004200519e-24, 2.37883313388e-24, 3.80786196065e-24, 6.4757260388e-24, 6.59717748605e-24, 4.81384696927e-24, 8.1979868886e-24, 6.5062415452e-24, 5.45715909317e-24, 1.41192218083e-23, 5.54369240131e-24, 3.51884146877e-24, 6.43044857829e-24, 4.80969953306e-24, 5.45359344188e-24, 1.15852948733e-23, 8.62758160492e-24, 6.81689102537e-24, 9.93119160574e-24, 7.41227196067e-24, 7.71015924912e-24, 8.17640680968e-24, 8.76184809758e-24, 7.60606668609e-24, 1.48677592995e-23, 1.02595983449e-23, 8.30467480401e-24, 1.19145961807e-23, 9.12534810295e-24, 7.3071491453e-24, 1.04341756298e-23, 7.54873148664e-24, 6.56204398791e-24, 7.69391186991e-24, 1.05218196541e-23, 7.87979510932e-24],
        "stdev": [0.0108122192323, 0.00779038853943, 0.0026497549843, 0.000417227303842, 0.000121148099424, 8.24396265671e-05, 0.000142488366691, 0.000107192405267, 0.000558273866773, 0.000804626790341, 0.000260327855358, 4.59609073005e-05, 4.6422926971e-05, 6.45729160169e-05, 7.39226379665e-05, 8.8378219516e-05, 7.20191237633e-05, 7.26850776118e-05, 7.50605322537e-05, 8.30213393783e-05, 4.55797962786e-05, 3.46921915479e-05, 3.4034379496e-05, 1.75261047843e-05, 9.84146936389e-06, 1.28417186716e-05, 1.54065655806e-05, 1.15039738375e-05, 9.90906028164e-06, 8.7834750957e-06, 1.22661831483e-05, 2.10653543036e-05, 1.86162251339e-05, 2.36392970692e-05, 3.36266202794e-05, 8.71231022757e-05, 1.99919340957e-05, 1.23716017697e-05, 7.82516326581e-06, 5.90737545281e-06]
    },
    "melbands128": {
        "max": [0.00839611887932, 0.0956257209182, 0.178677693009, 0.0983652174473, 0.0861033722758, 0.0758097022772, 0.0270756334066, 0.0167094599456, 0.0118165034801, 0.00591614330187, 0.00155747286044, 0.000965472485404, 0.00178941572085, 0.00233412929811, 0.000889991410077, 0.000867656897753, 0.00235251756385, 0.00449353363365, 0.00273127597757, 0.00139207625762, 0.00100485072471, 0.0045936089009, 0.006308269687, 0.00901971012354, 0.0170617476106, 0.00375953852199, 0.00497894501314, 0.00554535724223, 0.00100505817682, 0.000758619629778, 0.0005874314229, 0.000734303321224, 0.00044482058729, 0.000530046003405, 0.000691357417963, 0.000849231262691, 0.00126502546482, 0.00104263122194, 0.000702332064975, 0.000620900362264, 0.00108101172373, 0.00154319615103, 0.00124581065029, 0.000882667081896, 0.000734946806915, 0.000764665193856, 0.00141080608591, 0.000921229890082, 0.00120015139692, 0.000626125722192, 0.0027746593114, 0.000652806600556, 0.000561725755688, 0.000775522901677, 0.000343067134963, 0.000348471308826, 0.000367905799067, 0.000768906553276, 0.000230282821576, 0.000361936574336, 0.000122252080473, 9.11565221031e-05, 0.000159955525305, 8.19685519673e-05, 0.000126925602672, 0.000126545695821, 0.000158868017024, 0.000325192377204, 0.000183620984899, 0.000228154778597, 0.000151623069542, 0.000123339646962, 0.000145681377035, 0.000105443701614, 0.00014362357615, 7.97640605015e-05, 0.000136015820317, 9.1554800747e-05, 0.000179522321559, 0.00018155152793, 0.00021798851958, 0.000437795824837, 0.000205549149541, 0.000151647574967, 0.000419220275944, 0.000368911743863, 0.000266718678176, 0.000312119955197, 0.00019123563834, 0.000933768751565, 0.00145214470103, 0.00173911894672, 0.000322067586239, 0.000157637783559, 0.000203775023692, 0.000154928085976, 0.00014144735178, 0.000163290693308, 0.00010076869512, 4.97712935612e-05, 7.189266762e-05, 5.36637708137e-05, 7.53914064262e-05, 0.000139258059789, 9.57229276537e-05, 0.000204073978239, 0.000288001465378, 0.000789378362242, 0.000635842152406, 7.9544937762e-05, 4.83192998217e-05, 4.41645388491e-05, 3.42972816725e-05, 1.64291341207e-05, 1.05002882265e-05, 6.77464549881e-06, 9.61907062447e-07, 7.27642002207e-10, 6.66964039553e-10, 6.37632169287e-10, 6.22882689871e-10, 5.90151316704e-10, 5.78961545372e-10, 5.51168943819e-10, 5.44338518704e-10, 5.65980873279e-10, 5.44436273842e-10, 5.36142796825e-10],
        "mean": [0.000326775625581, 0.00372079014778, 0.00945278815925, 0.00676228199154, 0.00497525371611, 0.00582149112597, 0.00337299262173, 0.000762670941185, 0.000464963814011, 0.000223199123866, 7.43235214031e-05, 8.8723092631e-05, 6.35193064227e-05, 5.37084379175e-05, 3.09770803142e-05, 2.5077659302e-05, 2.37113636103e-05, 2.80053991446e-05, 2.57392202911e-05, 3.07658665406e-05, 4.39570903836e-05, 0.000150464926264, 0.000264113681624, 0.000395541719627, 0.00061032618396, 0.000177243840881, 4.90064667247e-05, 7.98178225523e-05, 2.45080627792e-05, 1.27694129333e-05, 1.2754445379e-05, 1.77564543264e-05, 1.60664130817e-05, 2.20946567424e-05, 1.79326398211e-05, 3.41567356372e-05, 4.17880255554e-05, 3.37521923939e-05, 4.88927180413e-05, 4.38718343503e-05, 4.36480295321e-05, 2.66106781055e-05, 2.4570417736e-05, 2.74733683909e-05, 1.70844396052e-05, 2.83215485979e-05, 5.88759576203e-05, 3.04579225485e-05, 3.26395056618e-05, 4.11034634453e-05, 3.93560694647e-05, 2.85635960608e-05, 1.7974198272e-05, 1.7355181626e-05, 1.60807176144e-05, 1.31821007017e-05, 1.3899843907e-05, 3.24009270116e-05, 1.37676006489e-05, 1.59473020176e-05, 9.30457554205e-06, 5.18757724421e-06, 4.60150340587e-06, 5.064877314e-06, 6.56977408653e-06, 6.59424676996e-06, 6.58354792904e-06, 4.78491301692e-06, 3.66675249097e-06, 4.90910088047e-06, 4.39129007646e-06, 4.72053397971e-06, 3.86606825487e-06, 3.28699366037e-06, 3.98469182983e-06, 3.770880312e-06, 4.46683907285e-06, 3.18155071e-06, 4.71242174171e-06, 5.58352394364e-06, 5.87946078667e-06, 6.78845390212e-06, 5.23523476659e-06, 4.714518127e-06, 6.23771256869e-06, 7.01458293406e-06, 6.00925204708e-06, 8.14619852463e-06, 6.95636344972e-06, 1.13742198664e-05, 2.23650113185e-05, 2.53476027865e-05, 8.38301639305e-06, 3.45543526237e-06, 5.09183155373e-06, 4.02686828238e-06, 3.45894227394e-06, 3.42803036801e-06, 2.71832823273e-06, 2.11913220483e-06, 2.07104631045e-06, 1.88783315025e-06, 2.16309626921e-06, 1.92847960534e-06, 1.82956648587e-06, 2.351422836e-06, 3.31292835654e-06, 1.01589967016e-05, 7.09134474164e-06, 1.52997210989e-06, 9.74683757704e-07, 1.03457341538e-06, 8.66516927545e-07, 3.38717484283e-07, 1.78726168087e-07, 4.03263342719e-08, 3.83066067755e-09, 9.69550134622e-12, 6.885000816e-12, 6.58307089396e-12, 6.41443322069e-12, 6.26872989282e-12, 6.11792734528e-12, 5.92928353985e-12, 5.84613217211e-12, 5.94372207702e-12, 5.876837645e-12, 5.81641549161e-12],
        "min": [3.45501315521e-24, 6.28374056587e-24, 2.22257426415e-23, 1.47166671926e-23, 4.58472468593e-24, 1.10175282112e-24, 2.464690191e-24, 2.57165322165e-24, 2.01486592563e-24, 2.391305222e-24, 4.8439200233e-25, 4.77176045111e-24, 6.32322542076e-24, 1.52799379391e-24, 2.08679939056e-24, 1.79372020933e-24, 4.14034908283e-24, 1.48472990086e-24, 5.39301760183e-24, 4.12411669198e-24, 8.07524170947e-24, 7.44058181198e-24, 4.89710571579e-24, 3.37553344686e-24, 2.55453020684e-24, 4.34628753302e-24, 7.12640375698e-24, 3.12748126281e-24, 6.1982158164e-24, 5.13391189877e-24, 8.57315887993e-24, 5.22103093613e-24, 1.55859637083e-24, 4.66320964068e-24, 1.46287265566e-23, 7.23963211815e-24, 8.99267037616e-24, 3.75537312817e-24, 6.48488313619e-24, 2.30507424481e-24, 2.1816480815e-24, 5.2844798076e-24, 2.23620846272e-24, 6.22032758757e-24, 4.03204913016e-24, 3.86145874827e-24, 7.07709363951e-24, 6.06503716293e-24, 5.2141528579e-24, 1.3903303676e-24, 5.07293058422e-24, 5.49345616114e-24, 1.00604259547e-23, 5.13386101725e-24, 4.5309776203e-24, 3.20124587112e-24, 7.48265728608e-24, 1.26327570051e-23, 8.93073059561e-24, 8.89843857445e-24, 4.97012347004e-24, 8.2927093618e-24, 5.11510151049e-24, 8.30626751417e-24, 9.11748710403e-24, 7.72201740625e-24, 6.03989695475e-24, 8.82843269114e-24, 9.68564366063e-24, 4.88657994473e-24, 7.03603579598e-24, 8.05088720674e-24, 7.57551804754e-24, 1.7455901489e-23, 1.60302641724e-23, 8.75976234934e-24, 4.13392538848e-24, 5.57602347108e-24, 9.64846070187e-24, 1.03393442938e-23, 1.10647295063e-23, 1.37707046381e-23, 1.04494866311e-23, 6.27229695515e-24, 6.68397742917e-24, 5.90476626497e-24, 7.10209500818e-24, 4.65711135145e-24, 1.49054920943e-23, 7.42898713439e-24, 5.05078883633e-24, 8.22514815843e-24, 6.47579388084e-24, 6.13178702286e-24, 5.77807599246e-24, 6.13636004953e-24, 7.11007670282e-24, 1.08655657935e-23, 1.15458052853e-23, 8.92054797904e-24, 1.08925629803e-23, 5.32666848324e-24, 7.78936956147e-24, 1.14935124847e-23, 1.41128730557e-23, 1.12968778601e-23, 8.60055207487e-24, 5.73025130008e-24, 1.0724799087e-23, 1.28616142311e-23, 9.84354758145e-24, 5.77272909324e-24, 1.34138255423e-23, 7.02909303115e-24, 8.03842241558e-24, 7.95877665201e-24, 1.0063968729e-23, 9.63186070184e-24, 7.25275876361e-24, 7.21003957901e-24, 1.08571178821e-23, 1.1678591086e-23, 7.18408289978e-24, 1.12605476599e-23, 1.06337613831e-23, 1.02952745793e-23, 5.68667817355e-24, 9.71026006518e-24],
        "stdev": [0.000754154229071, 0.00850144866854, 0.0182453002781, 0.0115426070988, 0.00827649049461, 0.0078690983355, 0.00439828028902, 0.00140859186649, 0.000933470379096, 0.000460958865006, 0.000124132391647, 0.000113772068289, 0.000151489046402, 0.000182294024853, 7.92257851572e-05, 6.60101068206e-05, 0.000110348897579, 0.000206541444641, 0.000141935204738, 9.31586764636e-05, 0.000120687196613, 0.000476800050819, 0.000814891885966, 0.0010344395414, 0.00171269185375, 0.000540097185876, 0.000290542957373, 0.000450597493909, 8.33337398944e-05, 5.02042748849e-05, 4.22680532211e-05, 6.15109311184e-05, 4.61681993329e-05, 6.33942690911e-05, 5.81574022362e-05, 8.71383963386e-05, 9.66274092207e-05, 0.000109013642941, 0.000105375358544, 8.81215091795e-05, 0.000129492385895, 0.000102489269921, 8.29736527521e-05, 8.21917346912e-05, 5.48589268874e-05, 7.54547290853e-05, 0.00017742216005, 9.62640551734e-05, 9.11203387659e-05, 8.46194889164e-05, 0.000151787884533, 7.58092864999e-05, 5.28199052496e-05, 5.29584758624e-05, 4.12637200498e-05, 3.86971769331e-05, 3.79075900128e-05, 7.7763608715e-05, 2.96057460218e-05, 4.29632018495e-05, 1.95615630219e-05, 1.16460441859e-05, 1.28107176351e-05, 1.02066724139e-05, 1.45753092511e-05, 1.54395511345e-05, 1.55296511366e-05, 1.99272672035e-05, 1.42569069794e-05, 1.58465154527e-05, 1.21964885693e-05, 1.12280431495e-05, 1.21615585158e-05, 9.89481213765e-06, 1.03466618384e-05, 8.28292650112e-06, 1.16064911708e-05, 8.62835986482e-06, 1.36329545057e-05, 1.71450647031e-05, 2.02205264941e-05, 2.83178997051e-05, 1.63261756825e-05, 1.46074207805e-05, 2.72579527518e-05, 2.8750329875e-05, 1.95280881599e-05, 2.7247449907e-05, 2.19218218263e-05, 5.33070779056e-05, 9.7845448181e-05, 0.000131938664708, 2.90662937914e-05, 1.23077443277e-05, 1.79173966899e-05, 1.36350672619e-05, 1.08612630356e-05, 1.22970150187e-05, 8.22758829599e-06, 5.86964006288e-06, 6.58251019559e-06, 5.42109819435e-06, 7.13092958904e-06, 7.47980357119e-06, 7.55878681957e-06, 1.24850348584e-05, 1.86215038411e-05, 6.8078712502e-05, 4.58944814454e-05, 6.0881943682e-06, 3.45302373717e-06, 3.93946083932e-06, 3.48145499629e-06, 1.42742226217e-06, 7.80588152338e-07, 4.15760979422e-07, 5.04106942856e-08, 4.46209874605e-11, 2.97245596192e-11, 2.83113480576e-11, 2.75830122631e-11, 2.61767239829e-11, 2.56627219475e-11, 2.44912128772e-11, 2.41480186541e-11, 2.50038861144e-11, 2.40975260579e-11, 2.37410369142e-11]
    },
    "mfcc": {
        "mean": [-689.94720459, 94.0559234619, 36.7927894592, 36.8965797424, 27.8844203949, 24.2157859802, 2.84313344955, 16.2928619385, 12.4233398438, 15.743598938, 7.52138137817, 5.55462312698, -3.87333059311],
        "cov": [[10759.7167969, -887.235778809, -1517.23376465, -678.129272461, -72.2028579712, 77.1217346191, 81.0965957642, 253.596511841, 107.310623169, 137.368392944, -28.8011474609, 61.1672210693, -168.700088501], [-887.235778809, 842.246398926, -97.3185653687, 164.651657104, 73.4297332764, 83.6831665039, 6.28295707703, -105.446022034, -22.6486301422, 11.0051517487, 68.4352035522, 59.8437576294, 58.1686668396], [-1517.23376465, -97.3185653687, 1353.31262207, 82.5635528564, 68.6462860107, 121.442420959, 14.0877408981, 91.677947998, -35.804145813, -73.5346298218, -54.6127624512, -63.5295410156, 47.9794387817], [-678.129272461, 164.651657104, 82.5635528564, 360.399291992, -14.8534173965, -88.9413833618, -13.7951822281, -8.71273040771, 53.5603065491, 4.88009691238, 2.71354532242, -23.2163257599, -42.1353492737], [-72.2028579712, 73.4297332764, 68.6462860107, -14.8534173965, 228.473068237, 105.298522949, 55.2780723572, 40.7802429199, -30.7371501923, -27.1824970245, 9.07523441315, 23.6677742004, 49.5601348877], [77.1217346191, 83.6831665039, 121.442420959, -88.9413833618, 105.298522949, 275.426330566, 104.137161255, 44.6610603333, -23.2990245819, -31.9337253571, -17.7246379852, 13.5508384705, 52.8679924011], [81.0965957642, 6.28295707703, 14.0877408981, -13.7951822281, 55.2780723572, 104.137161255, 118.127563477, 28.0221309662, -17.3370323181, -27.7417411804, -7.32825708389, 4.34265804291, 19.9486217499], [253.596511841, -105.446022034, 91.677947998, -8.71273040771, 40.7802429199, 44.6610603333, 28.0221309662, 140.311538696, 58.2105827332, 2.32066273689, -24.1511974335, -24.0028858185, -28.4426441193], [107.310623169, -22.6486301422, -35.804145813, 53.5603065491, -30.7371501923, -23.2990245819, -17.3370323181, 58.2105827332, 115.212127686, 39.3410491943, -6.3188662529, -28.7449111938, -53.291885376], [137.368392944, 11.0051517487, -73.5346298218, 4.88009691238, -27.1824970245, -31.9337253571, -27.7417411804, 2.32066273689, 39.3410491943, 94.5076065063, 33.6190643311, 5.05364179611, -31.9932556152], [-28.8011474609, 68.4352035522, -54.6127624512, 2.71354532242, 9.07523441315, -17.7246379852, -7.32825708389, -24.1511974335, -6.3188662529, 33.6190643311, 70.7342529297, 30.4407367706, -11.4683895111], [61.1672210693, 59.8437576294, -63.5295410156, -23.2163257599, 23.6677742004, 13.5508384705, 4.34265804291, -24.0028858185, -28.7449111938, 5.05364179611, 30.4407367706, 73.522026062, 36.8328933716], [-168.700088501, 58.1686668396, 47.9794387817, -42.1353492737, 49.5601348877, 52.8679924011, 19.9486217499, -28.4426441193, -53.291885376, -31.9932556152, -11.4683895111, 36.8328933716, 122.893531799]],
        "icov": [[0.000149789644638, 0.000113222464279, 0.000175531269633, 0.000159851260833, 3.28415226249e-05, -8.68112474564e-05, -1.96012588276e-05, -0.000269953015959, 7.02395482222e-05, -0.000133139110403, 0.000148586812429, -0.000208951358218, 0.000175401830347], [0.000113222464279, 0.00209551258013, 0.000358508375939, -0.00120234722272, -0.000326474226313, -0.00161095883232, 0.000891905510798, 0.00119921239093, -0.000375366362277, 3.02815624309e-05, -0.00152600393631, -0.000330603332259, -0.000629398738965], [0.000175531269633, 0.000358508375939, 0.00122633948922, -0.000487441342557, 0.000159108196385, -0.000925710832234, 0.000925972999539, -0.00126662827097, 0.00107087788638, 0.000191866332898, -0.000365912128473, 0.000915693410207, -0.000478292291518], [0.000159851260833, -0.00120234722272, -0.000487441342557, 0.00481132697314, -0.00056127703283, 0.00263556791469, -0.00205781962723, 0.000675501883961, -0.00253889011219, 0.000479937472846, 0.0013419756433, -0.000331935327267, 0.00146006408613], [3.28415226249e-05, -0.000326474226313, 0.000159108196385, -0.00056127703283, 0.00677145645022, -0.00153551017866, -0.000350966496626, -0.00358845572919, 0.00207799091004, 0.00095280847745, -0.00262241903692, -2.01898565138e-05, -0.00198821839876], [-8.68112474564e-05, -0.00161095883232, -0.000925710832234, 0.00263556791469, -0.00153551017866, 0.00854356586933, -0.0061006275937, -0.000643052277155, -0.0011376288021, -0.000412625056924, 0.00254537188448, -0.000763678282965, -0.000440641277237], [-1.96012588276e-05, 0.000891905510798, 0.000925972999539, -0.00205781962723, -0.000350966496626, -0.0061006275937, 0.0151048805565, -0.0024688441772, 0.00265261111781, 0.00260298792273, -0.0023765345104, 0.00106581836008, -0.000486713281134], [-0.000269953015959, 0.00119921239093, -0.00126662827097, 0.000675501883961, -0.00358845572919, -0.000643052277155, -0.0024688441772, 0.0155140347779, -0.00855700392276, 0.000247183692409, 0.0029931650497, -0.000965083367191, 0.00242528086528], [7.02395482222e-05, -0.000375366362277, 0.00107087788638, -0.00253889011219, 0.00207799091004, -0.0011376288021, 0.00265261111781, -0.00855700392276, 0.0189098399132, -0.00575802894309, 0.00160975381732, 0.00299112754874, 0.00218073371798], [-0.000133139110403, 3.02815624309e-05, 0.000191866332898, 0.000479937472846, 0.00095280847745, -0.000412625056924, 0.00260298792273, 0.000247183692409, -0.00575802894309, 0.0174056123942, -0.00844399258494, -0.000159714385518, 0.000614696764387], [0.000148586812429, -0.00152600393631, -0.000365912128473, 0.0013419756433, -0.00262241903692, 0.00254537188448, -0.0023765345104, 0.0029931650497, 0.00160975381732, -0.00844399258494, 0.0269023161381, -0.0105946687981, 0.00675599835813], [-0.000208951358218, -0.000330603332259, 0.000915693410207, -0.000331935327267, -2.01898565138e-05, -0.000763678282965, 0.00106581836008, -0.000965083367191, 0.00299112754874, -0.000159714385518, -0.0105946687981, 0.0238449126482, -0.00754119642079], [0.000175401830347, -0.000629398738965, -0.000478292291518, 0.00146006408613, -0.00198821839876, -0.000440641277237, -0.000486713281134, 0.00242528086528, 0.00218073371798, 0.000614696764387, 0.00675599835813, -0.00754119642079, 0.0149911800399]]
    },
    "spectral_contrast_coeffs": {
        "max": [-0.49711176753, -0.433157891035, -0.541457355022, -0.492313355207, -0.58389621973, -0.712204098701],
        "mean": [-0.702889084816, -0.746131181717, -0.783282697201, -0.767377316952, -0.791534841061, -0.798306047916],
        "min": [-0.971574425697, -0.970732212067, -0.96099627018, -0.959704697132, -0.961507976055, -0.960763454437],
        "stdev": [0.0681124702096, 0.113248281181, 0.087235018611, 0.0928288772702, 0.0721317902207, 0.0385287851095]
    },
    "spectral_contrast_valleys": {
        "max": [-4.99153661728, -5.16652917862, -5.65685129166, -5.37688589096, -5.49415636063, -6.92589664459],
        "mean": [-6.67383003235, -7.73263120651, -8.61833953857, -8.57090187073, -8.40516090393, -9.93509483337],
        "min": [-27.1055603027, -27.8964862823, -27.7508869171, -27.6313323975, -27.2793445587, -27.3204536438],
        "stdev": [1.53069508076, 1.53361618519, 1.71957802773, 1.80004668236, 1.66719603539, 1.55752372742]
    }
},
"rhythm": {
    "beats_count": 17,
    "beats_loudness": {
        "max": 0.206841975451,
        "mean": 0.101122647524,
        "min": 0.00671638455242,
        "stdev": 0.0700267925858
    },
    "bpm": 83.751663208,
    "bpm_histogram_first_peak_bpm": 85,
    "bpm_histogram_first_peak_weight": 0.0769230723381,
    "bpm_histogram_second_peak_bpm": 80,
    "bpm_histogram_second_peak_spread": 0,
    "bpm_histogram_second_peak_weight": 0.1875,
    "danceability": 1.03307914734,
    "onset_rate": 4.07543802261,
    "beats_loudness_band_ratio": {
        "max": [0.991231322289, 0.0871520489454, 0.64057636261, 0.0504607260227, 0.142912238836, 0.396057099104],
        "mean": [0.721600949764, 0.0179194826633, 0.12244925648, 0.0149049479514, 0.0213240645826, 0.113589897752],
        "min": [0.167332813144, 0.00169841747265, 0.00150243204553, 0.000221821552259, 0.000301196152577, 0.00234014727175],
        "stdev": [0.278646826744, 0.0225888453424, 0.180116802454, 0.0129030123353, 0.0320754013956, 0.121366515756]
    },
    "beats_position": [0.743038535118, 1.49768710136, 2.2523355484, 3.00698399544, 3.73841261864, 4.446621418, 5.15482997894, 5.86303853989, 6.57124710083, 7.27945566177, 7.98766422272, 8.6958732605, 9.4040813446, 10.1006803513, 10.8088884354, 11.5170974731, 12.2136955261],
