{
"metadata": {
    "version": {
        "essentia": "2.1-beta5",
        "essentia_git_sha": "Undefined",
        "extractor": "music 2.0"
    },
    "audio_properties": {
        "analysis": {
            "equal_loudness": 0,
            "length": 81.2466201782,
            "sample_rate": 44100,
            "start_time": 61.4980506897,
            "downmix": "mix"
        },
        "bit_rate": 192000,
        "length": 197.17225647,
        "lossless": 0,
        "number_channels": 2,
        "replay_gain": -11.8484115601,
        "sample_rate": 48000,
        "codec": "mp3",
        "md5_encoded": "0efe7fca5a619254f555e5392e381adf"
    },
    "tags": {
        "file_name": "Spain_No Quiero Escuchar_Lydia.mp3",
        "encoding": ["Lavf58.29.100"]
    }
},
"lowlevel": {
    "average_loudness": 0.951476156712,
    "barkbands_crest": {
        "max": 24.5827064514,
        "mean": 11.9854841232,
        "min": 2.38510894775,
        "stdev": 4.10125684738
    },
    "barkbands_flatness_db": {
        "max": 0.345086634159,
        "mean": 0.192226365209,
        "min": 0.0505413636565,
        "stdev": 0.0430302247405
    },
    "barkbands_kurtosis": {
        "max": 83.4067993164,
        "mean": 5.62800645828,
        "min": -1.88007938862,
        "stdev": 8.09051990509
    },
    "barkbands_skewness": {
        "max": 8.1892156601,
        "mean": 1.65504086018,
        "min": -1.98920369148,
        "stdev": 1.33489024639
    },
    "barkbands_spread": {
        "max": 97.7265396118,
        "mean": 18.2898330688,
        "min": 1.42961144447,
        "stdev": 11.6657180786
    },
    "dissonance": {
        "max": 0.499836176634,
        "mean": 0.454488217831,
        "min": 0.26432955265,
        "stdev": 0.0335298106074
    },
    "dynamic_complexity": 2.61905097961,
    "erbbands_crest": {
        "max": 31.7477664948,
        "mean": 11.1371669769,
        "min": 2.39507198334,
        "stdev": 5.62502241135
    },
    "erbbands_flatness_db": {
        "max": 0.346969425678,
        "mean": 0.185774192214,
        "min": 0.098263554275,
        "stdev": 0.0468107946217
    },
    "erbbands_kurtosis": {
        "max": 44.8366584778,
        "mean": 2.03377628326,
        "min": -1.89009845257,
        "stdev": 4.25984334946
    },
    "erbbands_skewness": {
        "max": 4.91913890839,
        "mean": 0.823289453983,
        "min": -2.36063408852,
        "stdev": 0.811745047569
    },
    "erbbands_spread": {
        "max": 139.24420166,
        "mean": 36.9742202759,
        "min": 2.27209568024,
        "stdev": 22.5032329559
    },
    "hfc": {
        "max": 103.245994568,
        "mean": 19.4402828217,
        "min": 0.906116187572,
        "stdev": 15.4868373871
    },
    "loudness_ebu128": {
        "integrated": -11.3295612335,
        "loudness_range": 1.93815040588,
        "momentary": {
            "max": -7.70459938049,
            "mean": -11.6801452637,
            "min": -18.5980567932,
            "stdev": 1.85093307495
        },
        "short_term": {
            "max": -9.56171703339,
            "mean": -11.4342212677,
            "min": -13.5234489441,
            "stdev": 0.703549802303
        }
    },
    "melbands_crest": {
        "max": 32.72996521,
        "mean": 16.3495235443,
        "min": 3.46950173378,
        "stdev": 5.55591392517
    },
    "melbands_flatness_db": {
        "max": 0.422744810581,
        "mean": 0.224758774042,
        "min": 0.0288870707154,
        "stdev": 0.0587235093117
    },
    "melbands_kurtosis": {
        "max": 222.507629395,
        "mean": 15.5753993988,
        "min": -1.60868489742,
        "stdev": 20.8307571411
    },
    "melbands_skewness": {
        "max": 12.422580719,
        "mean": 2.60228037834,
        "min": -1.61130070686,
        "stdev": 1.90497326851
    },
    "melbands_spread": {
        "max": 178.937774658,
        "mean": 18.6193161011,
        "min": 1.1056419611,
        "stdev": 12.6117982864
    },
    "pitch_salience": {
        "max": 0.827425003052,
        "mean": 0.489571392536,
        "min": 0.170119911432,
        "stdev": 0.102383203804
    },
    "silence_rate_20dB": {
        "max": 1,
        "mean": 1,
        "min": 1,
        "stdev": 0
    },
    "silence_rate_30dB": {
        "max": 1,
        "mean": 0.99685716629,
        "min": 0,
        "stdev": 0.0559723712504
    },
    "silence_rate_60dB": {
        "max": 1,
        "mean": 0.00771428551525,
        "min": 0,
        "stdev": 0.0874907001853
    },
    "spectral_centroid": {
        "max": 3429.98632812,
        "mean": 1099.59851074,
        "min": 241.03288269,
        "stdev": 455.463195801
    },
    "spectral_complexity": {
        "max": 52,
        "mean": 16.1060009003,
        "min": 2,
        "stdev": 6.98716688156
    },
    "spectral_decrease": {
        "max": -3.57790269634e-10,
        "mean": -8.89423379391e-09,
        "min": -4.71381724765e-08,
        "stdev": 5.17312237491e-09
    },
    "spectral_energy": {
        "max": 0.180393159389,
        "mean": 0.0353322252631,
        "min": 0.00143838662189,
        "stdev": 0.0204563979059
    },
    "spectral_energyband_high": {
        "max": 0.00982876773924,
        "mean": 0.000601554464083,
        "min": 7.28681789042e-06,
        "stdev": 0.000917533005122
    },
    "spectral_energyband_low": {
        "max": 0.163140565157,
        "mean": 0.0155200585723,
        "min": 3.0877898098e-05,
        "stdev": 0.0124394632876
    },
    "spectral_energyband_middle_high": {
        "max": 0.101826578379,
        "mean": 0.00766224088147,
        "min": 4.72502979392e-05,
        "stdev": 0.0117009831592
    },
    "spectral_energyband_middle_low": {
        "max": 0.129263147712,
        "mean": 0.0126233007759,
        "min": 0.000528656528331,
        "stdev": 0.0119839375839
    },
    "spectral_entropy": {
        "max": 8.58073329926,
        "mean": 7.47020959854,
        "min": 5.97470903397,
        "stdev": 0.419983804226
    },
    "spectral_flux": {
        "max": 0.300258487463,
        "mean": 0.0828959494829,
        "min": 0.0131501099095,
        "stdev": 0.042539935559
    },
    "spectral_kurtosis": {
        "max": 19.0584754944,
        "mean": 3.28010439873,
        "min": -1.35003900528,
        "stdev": 2.64552021027
    },
    "spectral_rms": {
        "max": 0.0132662476972,
        "mean": 0.00562115479261,
        "min": 0.00118461134844,
        "stdev": 0.0016950131394
    },
    "spectral_rolloff": {
        "max": 9280.81054688,
        "mean": 933.785339355,
        "min": 64.599609375,
        "stdev": 1079.32653809
    },
    "spectral_skewness": {
        "max": 3.18645787239,
        "mean": 1.38902390003,
        "min": -0.00899869203568,
        "stdev": 0.438064098358
    },
    "spectral_spread": {
        "max": 13551054,
        "mean": 4305316.5,
        "min": 1971303,
        "stdev": 1316876.75
    },
    "spectral_strongpeak": {
        "max": 10.2489356995,
        "mean": 1.22066712379,
        "min": 0,
        "stdev": 1.66355884075
    },
    "zerocrossingrate": {
        "max": 0.28857421875,
        "mean": 0.0444419644773,
        "min": 0.0029296875,
        "stdev": 0.0264154411852
    },
    "barkbands": {
        "max": [0.0166633725166, 0.153010219336, 0.0514917373657, 0.0233193039894, 0.0448681674898, 0.0607635229826, 0.0538352243602, 0.0887279435992, 0.114138886333, 0.0930276811123, 0.0843659341335, 0.0158297792077, 0.0235456041992, 0.0139139620587, 0.0145839573815, 0.00940312165767, 0.0142203522846, 0.00703802937642, 0.016197193414, 0.00179513392504, 0.00259263580665, 0.00167732185218, 0.00181094976142, 0.00611586216837, 0.00489474041387, 6.34565935798e-07, 6.11977043263e-07],
        "mean": [0.00110302213579, 0.0115972487256, 0.00212344620377, 0.00136672088411, 0.00226584193297, 0.00290790852159, 0.00256694597192, 0.00150595896412, 0.00131270976271, 0.0033659117762, 0.0017441464588, 0.000664777529892, 0.000558954838198, 0.000463523494545, 0.00030362297548, 0.000196021181182, 0.000236237072386, 0.000166572091985, 0.000206013079151, 0.000163177901413, 0.000115712733532, 9.67850064626e-05, 0.000105342151073, 0.000147088256199, 4.85257405671e-05, 2.12961648316e-09, 1.43561496024e-09],
        "min": [4.52115962446e-08, 1.98312750399e-06, 8.19902368221e-07, 1.78966649855e-06, 4.33331479144e-05, 2.07833818422e-05, 3.98317979489e-06, 8.08423101262e-06, 6.06100820733e-06, 2.26137535719e-06, 8.82966276095e-07, 4.29332567364e-06, 1.84399380032e-06, 1.8449873096e-06, 9.56661551754e-07, 4.8679567044e-07, 1.47103662584e-06, 1.50201242377e-06, 9.1152890036e-07, 1.44644957345e-06, 1.42757107824e-06, 1.12189320589e-06, 5.86630051203e-07, 3.7935407704e-07, 7.71650263687e-08, 7.0236217016e-12, 1.09319072891e-11],
        "stdev": [0.00138806889299, 0.00985095370561, 0.00357347168028, 0.00213587051257, 0.00338840810582, 0.00561624532565, 0.00492574600503, 0.00435722386464, 0.00468620657921, 0.0086186947301, 0.00503389304504, 0.00146909896284, 0.00152678426821, 0.000935420102905, 0.000722135475371, 0.000419464311562, 0.000582913751714, 0.000285247544525, 0.000447135884315, 0.000201613846002, 0.000172235639184, 0.000151152504259, 0.000178513088031, 0.000407753948821, 0.00018229696434, 1.49634757918e-08, 1.13067519791e-08]
    },
    "erbbands": {
        "max": [5.05216836929, 32.6457824707, 59.1377487183, 68.466178894, 99.3952865601, 249.583969116, 492.915618896, 514.670043945, 926.233337402, 928.362121582, 1823.06750488, 2914.5480957, 2736.21679688, 2545.56225586, 1759.60864258, 630.50592041, 1040.89367676, 805.125, 460.862182617, 464.332977295, 592.799560547, 934.325744629, 173.61756897, 1106.24829102, 301.447296143, 96.4269866943, 90.3276748657, 118.720069885, 51.7517051697, 49.2641029358, 59.5795135498, 201.564041138, 104.783477783, 97.287322998, 5.44101762772, 0.148434966803, 0.0100152334198, 0.00126666435972, 0.000258873362327, 0.000199206799152],
        "mean": [0.426711320877, 2.17883491516, 3.00934290886, 3.70024323463, 5.03798818588, 7.94704008102, 16.7806129456, 24.0820140839, 33.8268547058, 37.6145973206, 35.0988693237, 26.9632167816, 84.4649734497, 95.7050552368, 44.0614585876, 27.3857574463, 26.7300071716, 23.2336769104, 19.0376968384, 14.5247821808, 11.0730285645, 14.3525905609, 9.0777349472, 10.9633808136, 9.07366943359, 7.34423446655, 5.88489437103, 4.04092311859, 3.40993118286, 3.02890229225, 3.11551260948, 3.03166460991, 2.4167072773, 1.10031366348, 0.0502679646015, 0.00164260482416, 0.000150484251208, 2.52233494393e-05, 2.25952153414e-05, 4.19260468334e-05],
        "min": [3.76408825105e-05, 0.000987202161923, 0.00327208731323, 0.0125697152689, 0.0967557057738, 0.103580906987, 0.154156208038, 0.27312323451, 0.148212045431, 0.0908459797502, 0.223529711366, 0.166724786162, 0.112771503627, 0.160000771284, 0.14548151195, 0.162606865168, 0.103541731834, 0.0931725129485, 0.150257959962, 0.0579800494015, 0.0588459968567, 0.116048663855, 0.0868669003248, 0.121030315757, 0.105290897191, 0.0661358162761, 0.0524936839938, 0.0413452982903, 0.0369435511529, 0.0302567761391, 0.0183419845998, 0.0105095393956, 0.00483333319426, 0.00205057696439, 6.90976448823e-05, 8.63750938151e-06, 2.23653592002e-06, 3.2896886637e-07, 1.22728215501e-06, 1.87082036973e-06],
        "stdev": [0.405381947756, 2.14682722092, 4.28360128403, 5.80808782578, 6.52134609222, 14.1198549271, 35.9366378784, 47.5279083252, 75.6922225952, 76.1670608521, 104.172485352, 104.005737305, 205.556045532, 219.649902344, 115.74634552, 58.9716072083, 66.4673156738, 45.6845970154, 38.6310691833, 29.2294254303, 20.8261356354, 37.3739280701, 14.1081361771, 27.2364330292, 15.5225725174, 8.95634269714, 8.24422073364, 6.28864049911, 5.21695232391, 4.70277547836, 5.60373878479, 8.49574756622, 6.65062141418, 3.79450821877, 0.195194900036, 0.00565700652078, 0.000423792283982, 6.12126968917e-05, 1.70277635334e-05, 2.38107531914e-05]
    },
    "gfcc": {
        "mean": [-13.9127931595, 134.002441406, -133.490447998, 56.6230163574, -75.0263900757, 26.9563274384, -27.5563602448, 5.65001344681, -3.28800106049, -13.3078842163, 13.6449432373, -16.9991912842, 12.3722057343],
        "cov": [[1754.33056641, -466.232574463, -191.41645813, -2.15908575058, -130.926727295, 218.223724365, -49.1585464478, 145.171234131, -57.8308525085, 110.589752197, -5.2761259079, 42.5040283203, -10.1125555038], [-466.232574463, 660.387329102, -13.9037771225, -109.413505554, 233.214797974, -149.377990723, 209.729202271, -41.6302680969, 80.5300369263, -67.5453720093, 87.9684677124, -32.4656448364, 38.0178146362], [-191.41645813, -13.9037771225, 543.087158203, 226.111312866, -48.1654815674, 29.0006542206, -74.0386734009, 17.6026954651, 47.4698524475, 13.2309684753, -13.6021375656, 11.6409187317, -29.3116722107], [-2.15908575058, -109.413505554, 226.111312866, 348.46270752, 34.5884017944, -54.7151412964, -99.5295181274, -4.22912359238, 65.0738449097, 13.2039833069, -29.625541687, 20.4838123322, -45.6621131897], [-130.926727295, 233.214797974, -48.1654815674, 34.5884017944, 252.811660767, 4.11694908142, 100.006950378, -11.2929039001, 39.1702423096, -14.9790468216, 37.0128746033, -13.2160987854, 20.0403862], [218.223724365, -149.377990723, 29.0006542206, -54.7151412964, 4.11694908142, 287.469482422, 61.5288925171, 14.4736623764, -48.7964096069, 42.8290672302, -16.9350357056, -11.7531919479, 11.739402771], [-49.1585464478, 209.729202271, -74.0386734009, -99.5295181274, 100.006950378, 61.5288925171, 231.682754517, 35.8671035767, 9.11269378662, -16.6230583191, 47.2817573547, -14.8945989609, 28.7539787292], [145.171234131, -41.6302680969, 17.6026954651, -4.22912359238, -11.2929039001, 14.4736623764, 35.8671035767, 121.229286194, 36.0981674194, 11.9777927399, 12.2679357529, 22.6608581543, 16.8863220215], [-57.8308525085, 80.5300369263, 47.4698524475, 65.0738449097, 39.1702423096, -48.7964096069, 9.11269378662, 36.0981674194, 119.058509827, 16.5470638275, 15.4897117615, 20.6597442627, -3.52445006371], [110.589752197, -67.5453720093, 13.2309684753, 13.2039833069, -14.9790468216, 42.8290672302, -16.6230583191, 11.9777927399, 16.5470638275, 97.6901779175, 30.2206954956, -1.8598690033, -11.7064962387], [-5.2761259079, 87.9684677124, -13.6021375656, -29.625541687, 37.0128746033, -16.9350357056, 47.2817573547, 12.2679357529, 15.4897117615, 30.2206954956, 99.0079116821, 31.1111335754, 12.8444347382], [42.5040283203, -32.4656448364, 11.6409187317, 20.4838123322, -13.2160987854, -11.7531919479, -14.8945989609, 22.6608581543, 20.6597442627, -1.8598690033, 31.1111335754, 81.9699020386, 38.4874000549], [-10.1125555038, 38.0178146362, -29.3116722107, -45.6621131897, 20.0403862, 11.739402771, 28.7539787292, 16.8863220215, -3.52445006371, -11.7064962387, 12.8444347382, 38.4874000549, 81.2657928467]],
        "icov": [[0.000970361346845, -0.000383954116842, 0.000901353603695, -0.000829038908705, 0.000650146161206, -0.0010676010279, 0.000598454615101, -0.00159078021534, 0.00079703173833, -0.000562731176615, -0.000112911584438, -0.000464261393063, 0.00046357413521], [-0.000383954116842, 0.0112134041265, -0.00476282089949, 0.0067791887559, -0.00721548637375, 0.00768269924447, -0.00710732210428, 0.00729968724772, -0.00664975354448, 0.00313515379094, -0.00307409022935, 0.00460529373959, -0.00306687667035], [0.000901353603695, -0.00476282089949, 0.00567324319854, -0.00583823025227, 0.00491914199665, -0.00525643164292, 0.00381307094358, -0.00432406459004, 0.00200903881341, -1.15977627502e-05, -0.00105005747173, -0.00012048001372, 0.000510241021402], [-0.000829038908705, 0.0067791887559, -0.00583823025227, 0.0112950289622, -0.0078958151862, 0.00667138770223, -0.00335240550339, 0.00525176431984, -0.00469245994464, -0.000272589124506, 0.00276939128526, -0.00227751256898, 0.00244256434962], [0.000650146161206, -0.00721548637375, 0.00491914199665, -0.0078958151862, 0.0123371165246, -0.00675662886351, 0.00285867531784, -0.00348741211928, 0.00135193171445, 0.000915110635106, -0.00289678643458, 0.00230254372582, -0.00200113700703], [-0.0010676010279, 0.00768269924447, -0.00525643164292, 0.00667138770223, -0.00675662886351, 0.0120456991717, -0.00784130953252, 0.00570451561362, -0.00127981929109, -0.00299318879843, 0.00332361296751, -6.5967979026e-05, -0.00133986852597], [0.000598454615101, -0.00710732210428, 0.00381307094358, -0.00335240550339, 0.00285867531784, -0.00784130953252, 0.0136165358126, -0.00758371409029, 0.00236920500174, 0.00230351346545, -0.00379540422, 0.00186744576786, 0.00022683617135], [-0.00159078021534, 0.00729968724772, -0.00432406459004, 0.00525176431984, -0.00348741211928, 0.00570451561362, -0.00758371409029, 0.0174577794969, -0.00853202212602, 0.00156779843383, -0.00094492000062, 0.00139001931529, -0.0037831007503], [0.00079703173833, -0.00664975354448, 0.00200903881341, -0.00469245994464, 0.00135193171445, -0.00127981929109, 0.00236920500174, -0.00853202212602, 0.0184266660362, -0.00727023277432, 0.00539626786485, -0.00855805724859, 0.00503620924428], [-0.000562731176615, 0.00313515379094, -1.15977627502e-05, -0.000272589124506, 0.000915110635106, -0.00299318879843, 0.00230351346545, 0.00156779843383, -0.00727023277432, 0.0197279304266, -0.0126098319888, 0.00962502881885, -0.00266698398627], [-0.000112911584438, -0.00307409022935, -0.00105005747173, 0.00276939128526, -0.00289678643458, 0.00332361296751, -0.00379540422, -0.00094492000062, 0.00539626786485, -0.0126098319888, 0.0242935977876, -0.0160690825433, 0.00656305626035], [-0.000464261393063, 0.00460529373959, -0.00012048001372, -0.00227751256898, 0.00230254372582, -6.5967979026e-05, 0.00186744576786, 0.00139001931529, -0.00855805724859, 0.00962502881885, -0.0160690825433, 0.0313007496297, -0.016312116757], [0.00046357413521, -0.00306687667035, 0.000510241021402, 0.00244256434962, -0.00200113700703, -0.00133986852597, 0.00022683617135, -0.0037831007503, 0.00503620924428, -0.00266698398627, 0.00656305626035, -0.016312116757, 0.0232694055885]]
    },
    "melbands": {
        "max": [0.0428391471505, 0.0253779422492, 0.00930580869317, 0.0104693025351, 0.013931681402, 0.0128770507872, 0.0122303636745, 0.0112473312765, 0.011952875182, 0.0156507752836, 0.0136528452858, 0.0105838254094, 0.00865295901895, 0.00145841133781, 0.00284758373164, 0.00282234395854, 0.00136658502743, 0.000947151565924, 0.00132587493863, 0.000875099445693, 0.000939125893638, 0.00131883122958, 0.000207908335142, 0.000326207024045, 0.00112005858682, 0.000399122422095, 9.20635284274e-05, 6.51891314192e-05, 7.1051879786e-05, 7.20507814549e-05, 6.51278896839e-05, 3.56688833563e-05, 4.01396609959e-05, 2.68821295322e-05, 3.13274831569e-05, 8.98166981642e-05, 0.000115559501864, 8.0391211668e-05, 8.59821739141e-05, 7.93795770733e-05],
        "mean": [0.00349349877797, 0.00199016230181, 0.000670306093525, 0.000442944496172, 0.000544099661056, 0.000568792631384, 0.000515362538863, 0.000392746413127, 0.000275675061857, 0.000166682802956, 0.000449518469395, 0.000419210904511, 0.000197037676116, 6.01005631324e-05, 7.85562515375e-05, 5.62404602533e-05, 4.07653169532e-05, 3.21784173138e-05, 2.4955959816e-05, 1.45051417348e-05, 1.21591674542e-05, 1.60643739946e-05, 8.63175773702e-06, 8.07238484413e-06, 9.03450381884e-06, 7.57097723181e-06, 5.47935633222e-06, 4.81178631162e-06, 4.01456463806e-06, 2.7028763725e-06, 2.22875200961e-06, 1.96339237846e-06, 1.78151015007e-06, 1.62252592872e-06, 1.77854644789e-06, 1.84116686341e-06, 1.85312615031e-06, 1.78252628302e-06, 1.42033388784e-06, 7.35925027584e-07],
        "min": [5.25700556864e-07, 2.37365566136e-06, 5.27417569174e-06, 1.09000502562e-05, 2.06178651752e-06, 5.90335821471e-06, 1.39154565204e-06, 1.288287649e-06, 1.5541220364e-06, 9.58013629315e-07, 3.15683877261e-07, 5.84048450492e-07, 3.09894261363e-07, 3.61540060112e-07, 2.99290093153e-07, 1.95013640791e-07, 1.54317149281e-07, 2.13332796761e-07, 7.79714852683e-08, 6.65496244778e-08, 4.00040178761e-08, 9.51063796606e-08, 6.05701373502e-08, 9.44395566194e-08, 9.1801403812e-08, 3.9064449453e-08, 5.21270528964e-08, 2.92052728668e-08, 2.40328024148e-08, 2.37144650583e-08, 1.55138462077e-08, 1.91511446701e-08, 1.42515848012e-08, 6.75197675548e-09, 7.81820919116e-09, 8.48867465209e-09, 4.80050799112e-09, 3.05049474569e-09, 2.79849388107e-09, 9.22669052272e-10],
        "stdev": [0.00299270031974, 0.00220119557343, 0.000892792129889, 0.000635066244286, 0.00105982262176, 0.00109576992691, 0.00106162414886, 0.000820481276605, 0.000876349920873, 0.000634608091787, 0.00111575878691, 0.000989044783637, 0.000573309836909, 0.00012625787349, 0.000216573433136, 0.000173193329829, 8.38649721118e-05, 7.15358182788e-05, 6.32794908597e-05, 3.35778713634e-05, 2.77981635008e-05, 4.60894261778e-05, 1.56947098731e-05, 1.44877158164e-05, 2.57505180343e-05, 1.60122672241e-05, 7.4487479651e-06, 6.31084003544e-06, 5.86717351325e-06, 4.52853282695e-06, 3.64235233974e-06, 3.01949103232e-06, 3.05865933115e-06, 2.49767026617e-06, 3.05749495055e-06, 4.46748663308e-06, 5.5710252127e-06, 5.08061157234e-06, 4.32163960795e-06, 2.90918615065e-06]
    },
    "melbands128": {
        "max": [0.0150133287534, 0.0487340688705, 0.0674502849579, 0.0500618033111, 0.0339580625296, 0.021714521572, 0.0173340551555, 0.0084932455793, 0.0101391868666, 0.0160375423729, 0.0196532960981, 0.0175699647516, 0.02304623276, 0.0268408227712, 0.0189379677176, 0.0290543157607, 0.0257278904319, 0.0174258816987, 0.0194381736219, 0.0159025453031, 0.020684523508, 0.0341471731663, 0.0188583321869, 0.0352521426976, 0.0313038900495, 0.0309851281345, 0.0193851683289, 0.0263707749546, 0.027461675927, 0.0198708381504, 0.0211129616946, 0.0287399888039, 0.0161562711, 0.00744449347258, 0.00258539780043, 0.0028565437533, 0.00300504500046, 0.00566354347393, 0.00623566750437, 0.00338963512331, 0.00557440612465, 0.00375211867504, 0.00214888295159, 0.0019917874597, 0.00199332390912, 0.00158432184253, 0.00175532558933, 0.00294667412527, 0.00128222652711, 0.00106072821654, 0.00126202090178, 0.000537976855412, 0.000917603494599, 0.00169146212284, 0.000709745509084, 0.00304811727256, 0.00107937830035, 0.000391736393794, 0.000401703582611, 0.000245654460741, 0.000394378294004, 0.000693629146554, 0.00167937751394, 0.00144864618778, 0.000289804011118, 0.000907196721528, 0.000405197846703, 0.000274311460089, 0.000151805666974, 9.48420492932e-05, 0.000169649312738, 0.000142276170664, 0.000113622569188, 0.000176531408215, 0.000144534700667, 0.000162082695169, 9.33198680286e-05, 9.09602458705e-05, 7.30577885406e-05, 5.19074965268e-05, 4.16077891714e-05, 5.69837175135e-05, 4.63100986963e-05, 6.24650347163e-05, 5.34343125764e-05, 2.71087974397e-05, 3.78048171115e-05, 2.72490651696e-05, 4.96758548252e-05, 4.81741299154e-05, 5.47835043108e-05, 7.50212857383e-05, 0.000298387138173, 0.000114381480671, 0.000104736551293, 0.00011561280553, 7.80641712481e-05, 6.66079795337e-05, 0.000104263352114, 0.000133819557959, 0.000109547589091, 9.73155620159e-05, 6.14970031165e-06, 2.00687164664e-08, 1.56572479426e-08, 3.59110785553e-08, 5.31555599537e-08, 4.91325780061e-09, 4.58281235183e-09, 4.29130775359e-09, 4.41761294212e-09, 3.81874976085e-09, 3.62604191118e-09, 3.45265638302e-09, 3.29317861869e-09, 3.14949111235e-09, 3.02606428804e-09, 2.91092372429e-09, 2.81445999839e-09, 2.72481148755e-09, 2.64232391523e-09, 2.571331148e-09, 2.51630871695e-09, 2.45351472472e-09, 2.41626629816e-09, 2.38158515131e-09, 2.35411246052e-09, 2.33935937288e-09],
        "mean": [0.00102404446807, 0.00369288516231, 0.0043959566392, 0.00341938901693, 0.00188583182171, 0.000921115744859, 0.000760815630201, 0.000630190595984, 0.000494323088787, 0.000393332098611, 0.00043882348109, 0.000479894632008, 0.000597917533014, 0.000615242635831, 0.000456572597614, 0.000611772411503, 0.000671607092954, 0.000398520991439, 0.000455103931017, 0.000474082597066, 0.000304636894725, 0.00034381923615, 0.000266492075752, 0.000240464112721, 0.000125061138533, 0.000134529327624, 0.000253473990597, 0.000404860911658, 0.000783356372267, 0.000404372869525, 0.000323580781696, 0.000364063627785, 0.000206047960091, 6.33444724372e-05, 5.94311895838e-05, 5.29059143446e-05, 6.62656893837e-05, 0.000121724704513, 4.60689225292e-05, 4.77911780763e-05, 6.62881575408e-05, 5.46258634131e-05, 3.60826707038e-05, 3.25890468957e-05, 5.07012482558e-05, 2.51751098403e-05, 2.01427574211e-05, 3.51007874997e-05, 1.9848044758e-05, 1.68093974935e-05, 1.4639433175e-05, 1.08448030005e-05, 1.36313565235e-05, 1.17777062769e-05, 1.13838787001e-05, 2.12260456465e-05, 1.5897967387e-05, 6.92582625561e-06, 7.81724247645e-06, 7.4428512562e-06, 8.33021113067e-06, 7.81732069299e-06, 9.08959191293e-06, 8.95420544111e-06, 9.97686311166e-06, 7.97447773948e-06, 5.71764167034e-06, 5.99690201852e-06, 5.67390679862e-06, 4.34694902651e-06, 4.41206429969e-06, 5.64472702536e-06, 4.61120043838e-06, 3.52079405275e-06, 3.63869185094e-06, 2.66916390501e-06, 2.33805553762e-06, 2.3745189992e-06, 2.195168463e-06, 2.09706718124e-06, 2.17225033339e-06, 1.77882952812e-06, 1.74101785433e-06, 1.83851227575e-06, 1.84096757039e-06, 1.42752890042e-06, 1.722717343e-06, 1.63219078786e-06, 1.90065497918e-06, 1.67784071436e-06, 1.87321597878e-06, 1.84049793006e-06, 1.8934694026e-06, 1.85673422948e-06, 1.84207146958e-06, 1.82099893209e-06, 1.8433876221e-06, 1.61391972142e-06, 1.43240526995e-06, 1.27716202769e-06, 1.32044590373e-06, 6.6810230237e-07, 2.33670025551e-08, 2.14577036695e-10, 3.78939553347e-11, 8.47306391716e-11, 9.66730723251e-11, 2.26500467687e-11, 1.50712463343e-11, 1.39798407225e-11, 1.29654984665e-11, 1.2206269849e-11, 1.11983556109e-11, 1.09225996303e-11, 1.01284770501e-11, 9.64766721373e-12, 7.88710850103e-12, 6.96645172105e-12, 6.61481980302e-12, 6.2803889693e-12, 6.05304001366e-12, 5.90927133615e-12, 5.77803560206e-12, 5.66446282241e-12, 5.55012329498e-12, 5.43219766044e-12, 5.3581071871e-12, 5.32444487805e-12],
        "min": [7.2693667752e-10, 2.96199402783e-08, 3.4963201756e-07, 6.80434368405e-07, 6.08587072293e-07, 3.64749581649e-07, 7.77405961827e-09, 6.47068645776e-07, 3.23995664075e-06, 9.87460225588e-07, 1.72514978658e-06, 6.10558799963e-07, 1.08950985123e-06, 5.90424406255e-07, 3.2439112374e-07, 5.13357065302e-07, 1.99204279738e-07, 2.2204901029e-07, 4.67109771307e-07, 1.75204093011e-07, 2.22761656232e-07, 2.42373346282e-07, 4.12023268836e-07, 2.23760395102e-07, 1.02180855777e-07, 1.57116758714e-07, 6.99049920172e-08, 1.84030852779e-07, 1.2633901747e-07, 1.75917691081e-07, 6.61609576014e-08, 1.56617602443e-07, 5.29078576506e-08, 7.98202819396e-08, 9.75748832843e-08, 5.75762015842e-08, 1.44608085506e-08, 5.79597170258e-09, 3.90203780398e-08, 3.96690964521e-08, 1.47436711728e-08, 2.20062119638e-08, 2.67610253957e-08, 5.56111814376e-08, 2.90188957308e-08, 4.07876967756e-08, 3.61876502097e-08, 4.58570070805e-08, 4.98344903122e-08, 3.81292792895e-08, 5.05766717396e-09, 2.63211941132e-08, 1.91613587219e-08, 7.43255545999e-09, 6.23224272189e-09, 6.73665567774e-08, 1.91140259176e-08, 1.54881618641e-08, 1.33460362761e-08, 2.23330598459e-08, 8.84573747584e-09, 2.32572947567e-08, 1.57949813229e-08, 8.1599909052e-09, 1.53735459918e-08, 3.05729130901e-08, 1.60750968092e-08, 5.12233384597e-08, 2.57359697997e-08, 3.52342865995e-09, 1.73747611854e-08, 1.11490630061e-08, 1.47190162281e-08, 1.57319313132e-08, 1.29728547904e-08, 2.87857004899e-09, 5.43689626653e-09, 3.527680148e-09, 1.11032172345e-09, 2.53446152954e-09, 6.75286981888e-09, 1.33686683945e-09, 2.65126653964e-09, 3.60168450619e-09, 1.22853982543e-09, 2.36640373963e-09, 1.76988279588e-09, 8.09257105772e-10, 5.49597978239e-10, 1.4341671184e-09, 7.52693074535e-10, 7.08845815378e-10, 4.14770306989e-09, 3.46219664049e-10, 1.42070022413e-10, 2.44126519e-09, 1.13770171062e-09, 2.76062284144e-09, 3.15956261154e-10, 7.67955143921e-11, 9.56583035006e-10, 4.24285216336e-12, 1.10154080139e-13, 5.34686159822e-14, 4.21393707417e-14, 3.52612802509e-14, 3.92574936046e-14, 3.55881570415e-14, 2.58344693159e-14, 2.91699376784e-14, 3.04496587721e-14, 3.54973212283e-14, 3.76952870231e-14, 3.48057120506e-14, 2.76744722109e-14, 2.80662588304e-14, 3.50945231805e-14, 3.31919550439e-14, 3.61252979028e-14, 2.91201931275e-14, 3.63455637386e-14, 3.83944957804e-14, 3.28955985444e-14, 3.14420493493e-14, 2.39366225408e-14, 8.18991159206e-15, 1.33653551093e-15, 4.17135172248e-17],
        "stdev": [0.00128003302962, 0.00392748694867, 0.00429327366874, 0.00376809248701, 0.0026845545508, 0.00159138080198, 0.00139075901825, 0.000916599645279, 0.000748069782276, 0.000769638339989, 0.000980968005024, 0.00114379241131, 0.00151649455074, 0.00168762111571, 0.00114744435996, 0.00174852204509, 0.00197692704387, 0.00110122130718, 0.00118037569337, 0.00118798750918, 0.000982114695944, 0.00135989987757, 0.00115257385187, 0.00130209326744, 0.000941973878071, 0.000740709656384, 0.000967034080531, 0.00136052432936, 0.00245589483529, 0.00141690787859, 0.00113870401401, 0.00129667809233, 0.000821417721454, 0.000252679048572, 0.000161358650075, 0.000183975498658, 0.00021449464839, 0.000426265585702, 0.000181966999662, 0.000192746607354, 0.000292316282867, 0.000172259446117, 0.000112710462417, 0.000105283994344, 0.000142120101373, 8.11531135696e-05, 7.27906444808e-05, 0.000122724522953, 5.39597422176e-05, 5.39207831025e-05, 4.96160355397e-05, 2.82215132756e-05, 3.33254647558e-05, 4.69205115223e-05, 3.51166454493e-05, 8.82538224687e-05, 5.43489222764e-05, 1.73283006006e-05, 1.94719195861e-05, 1.58577695402e-05, 1.9491852072e-05, 2.1173089408e-05, 4.28605853813e-05, 3.23266649502e-05, 2.09523841477e-05, 2.88424089376e-05, 1.46934698932e-05, 1.09939801405e-05, 1.05950875877e-05, 6.67886206429e-06, 7.61823594075e-06, 1.0524323443e-05, 8.75102523423e-06, 7.21059905118e-06, 6.69883092996e-06, 6.48332797937e-06, 4.49958452009e-06, 4.62529669676e-06, 3.93552227251e-06, 3.78431514036e-06, 3.56105442734e-06, 3.12783140544e-06, 3.14744465868e-06, 3.64070342584e-06, 3.56650093636e-06, 2.38735515268e-06, 3.03736828755e-06, 2.7105013487e-06, 3.53303471456e-06, 3.59291720997e-06, 4.0667760004e-06, 5.05189200339e-06, 7.29114390197e-06, 5.84688132221e-06, 5.69929579797e-06, 6.19268121227e-06, 5.29155067852e-06, 4.40433677795e-06, 4.64334925709e-06, 4.98822828376e-06, 4.50788911621e-06, 3.4901570416e-06, 1.26769890585e-07, 8.39151359511e-10, 4.37699765321e-10, 8.99849639246e-10, 1.10127051922e-09, 1.47087023117e-10, 1.16819331986e-10, 1.117046039e-10, 1.1119571236e-10, 9.81968534264e-11, 8.03302563357e-11, 7.88380610794e-11, 7.24566656674e-11, 6.76664765886e-11, 6.00274205342e-11, 5.60745026801e-11, 5.29474623867e-11, 5.01824484744e-11, 4.85719242604e-11, 4.73033903714e-11, 4.62516795696e-11, 4.5145578248e-11, 4.4412421657e-11, 4.37709729573e-11, 4.32846258835e-11, 4.30151469999e-11]
    },
    "mfcc": {
        "mean": [-634.485168457, 127.118057251, 14.828420639, 20.4612789154, 2.01587700844, 5.14696216583, 5.90931129456, 6.96326494217, 0.203668370843, 7.12889909744, -0.643472015858, 3.28699398041, 2.3896958828],
        "cov": [[1939.35986328, -563.062744141, -149.517425537, -204.346130371, -39.4414825439, -8.68377494812, 37.8866195679, -17.1885185242, 24.0714626312, 28.4141311646, 22.4802379608, 11.033115387, 46.8170013428], [-563.062744141, 765.169189453, -211.852325439, 46.0678863525, -41.8413314819, -12.9079885483, 112.045379639, 57.6771278381, 4.70928812027, 44.4805488586, -3.34959149361, 0.416122078896, 18.5094089508], [-149.517425537, -211.852325439, 561.532836914, 80.6994934082, 71.2036895752, 22.5956745148, -80.034286499, -7.48399829865, 10.8919801712, -30.4080696106, 38.9344596863, 49.6723937988, -20.5962142944], [-204.346130371, 46.0678863525, 80.6994934082, 370.198242188, 108.508850098, -42.8064842224, -104.700531006, 18.0728168488, -5.75998067856, -28.5912666321, 34.2852325439, 54.8433113098, 8.29831981659], [-39.4414825439, -41.8413314819, 71.2036895752, 108.508850098, 164.772155762, 36.1644058228, -39.9607505798, 1.71415805817, 11.324921608, -5.4495100975, 14.7923460007, 22.2361698151, -0.669162869453], [-8.68377494812, -12.9079885483, 22.5956745148, -42.8064842224, 36.1644058228, 182.457870483, 68.9666976929, -2.47236514091, 14.2216663361, 21.8495845795, 9.47095298767, -2.46826028824, -6.11035060883], [37.8866195679, 112.045379639, -80.034286499, -104.700531006, -39.9607505798, 68.9666976929, 209.109588623, 34.3881988525, 10.4230680466, 45.0468978882, -13.3841981888, -14.4618320465, 15.4567699432], [-17.1885185242, 57.6771278381, -7.48399829865, 18.0728168488, 1.71415805817, -2.47236514091, 34.3881988525, 117.721191406, 40.8236274719, 12.76608181, -11.7929801941, 0.197861731052, 16.7197494507], [24.0714626312, 4.70928812027, 10.8919801712, -5.75998067856, 11.324921608, 14.2216663361, 10.4230680466, 40.8236274719, 92.9368133545, 23.1624755859, 5.85973167419, -7.49268579483, 2.45963191986], [28.4141311646, 44.4805488586, -30.4080696106, -28.5912666321, -5.4495100975, 21.8495845795, 45.0468978882, 12.76608181, 23.1624755859, 89.2969436646, 19.7041873932, 4.01856422424, 4.76837062836], [22.4802379608, -3.34959149361, 38.9344596863, 34.2852325439, 14.7923460007, 9.47095298767, -13.3841981888, -11.7929801941, 5.85973167419, 19.7041873932, 86.1613769531, 42.1318321228, 11.6114234924], [11.033115387, 0.416122078896, 49.6723937988, 54.8433113098, 22.2361698151, -2.46826028824, -14.4618320465, 0.197861731052, -7.49268579483, 4.01856422424, 42.1318321228, 82.0354385376, 32.46068573], [46.8170013428, 18.5094089508, -20.5962142944, 8.29831981659, -0.669162869453, -6.11035060883, 15.4567699432, 16.7197494507, 2.45963191986, 4.76837062836, 11.6114234924, 32.46068573, 77.4178771973]],
        "icov": [[0.000839700805955, 0.000802244932856, 0.000473382533528, 0.000295158533845, -4.21124968852e-05, 0.000273840007139, -0.000321860949043, -8.58489656821e-05, -0.000223623064812, -0.000141629207064, -0.000339581427397, -0.000365666754078, -0.000281165237539], [0.000802244932856, 0.00247413455509, 0.0010045390809, -0.000368391250959, 0.000334075826686, 0.000467954203486, -0.00120919675101, -0.000560785701964, -8.77383354236e-05, -0.000529457640368, -0.000402907840908, -0.000525507726707, -5.14122402819e-05], [0.000473382533528, 0.0010045390809, 0.00261878524907, 2.5015868232e-05, -0.000361373415217, -0.00018735404592, 0.000118541254778, -0.000375526986318, -0.00051954027731, 0.000561670633033, -0.000620388309471, -0.00170844397508, 0.000998400035314], [0.000295158533845, -0.000368391250959, 2.5015868232e-05, 0.00467978930101, -0.00262098480016, 0.000915985379834, 0.00150707154535, -0.00126288109459, 0.000508323835675, 0.000771040038671, -0.000921932747588, -0.00179729796946, 0.000264337053522], [-4.21124968852e-05, 0.000334075826686, -0.000361373415217, -0.00262098480016, 0.00896281190217, -0.00264198682271, 0.00104016519617, 0.000181771145435, -0.00104009860661, -0.000323391344864, 0.00070183299249, -0.000805584830232, 3.7886598875e-05], [0.000273840007139, 0.000467954203486, -0.00018735404592, 0.000915985379834, -0.00264198682271, 0.00765062961727, -0.0031046748627, 0.000836713821627, -0.000759460090194, -0.00027994820266, -0.00110945827328, 6.65252518957e-05, 0.000774532789364], [-0.000321860949043, -0.00120919675101, 0.000118541254778, 0.00150707154535, 0.00104016519617, -0.0031046748627, 0.00850211922079, -0.00207363627851, 0.00111840828322, -0.00241860793903, 0.00110594497528, 0.000263608526438, -0.00129492545966], [-8.58489656821e-05, -0.000560785701964, -0.000375526986318, -0.00126288109459, 0.000181771145435, 0.000836713821627, -0.00207363627851, 0.0119396708906, -0.00525494012982, -0.000199893343961, 0.0027450111229, -0.000453494809335, -0.00191780424211], [-0.000223623064812, -8.77383354236e-05, -0.00051954027731, 0.000508323835675, -0.00104009860661, -0.000759460090194, 0.00111840828322, -0.00525494012982, 0.0144862635061, -0.00303000374697, -0.00196122727357, 0.00314814224839, -0.000493279134389], [-0.000141629207064, -0.000529457640368, 0.000561670633033, 0.000771040038671, -0.000323391344864, -0.00027994820266, -0.00241860793903, -0.000199893343961, -0.00303000374697, 0.0148776518181, -0.00393228419125, -0.00046043630573, 0.000742924457882], [-0.000339581427397, -0.000402907840908, -0.000620388309471, -0.000921932747588, 0.00070183299249, -0.00110945827328, 0.00110594497528, 0.0027450111229, -0.00196122727357, -0.00393228419125, 0.0179439987987, -0.00838315393776, 0.000468507729238], [-0.000365666754078, -0.000525507726707, -0.00170844397508, -0.00179729796946, -0.000805584830232, 6.65252518957e-05, 0.000263608526438, -0.000453494809335, 0.00314814224839, -0.00046043630573, -0.00838315393776, 0.0225888621062, -0.00815714430064], [-0.000281165237539, -5.14122402819e-05, 0.000998400035314, 0.000264337053522, 3.7886598875e-05, 0.000774532789364, -0.00129492545966, -0.00191780424211, -0.000493279134389, 0.000742924457882, 0.000468507729238, -0.00815714430064, 0.0173905622214]]
    },
    "spectral_contrast_coeffs": {
        "max": [-0.43903106451, -0.416532337666, -0.439628303051, -0.57202911377, -0.586873888969, -0.605115294456],
        "mean": [-0.753934800625, -0.725333750248, -0.724771499634, -0.793851971626, -0.797728538513, -0.73736679554],
        "min": [-0.90776181221, -0.911594152451, -0.902931511402, -0.896993637085, -0.886275827885, -0.833784520626],
        "stdev": [0.0705550163984, 0.0798003897071, 0.0864273458719, 0.0520935356617, 0.0433250926435, 0.0342698507011]
    },
    "spectral_contrast_valleys": {
        "max": [-4.92815303802, -5.03911399841, -5.42836475372, -5.77857160568, -6.0365524292, -7.95840167999],
        "mean": [-6.27336788177, -6.62349128723, -7.32243585587, -7.70041513443, -7.62757301331, -10.5760593414],
        "min": [-8.98900222778, -8.64601898193, -9.14594554901, -9.66779613495, -9.66354465485, -13.1877775192],
        "stdev": [0.534083425999, 0.496395885944, 0.547979235649, 0.556978702545, 0.545811414719, 0.978560268879]
    }
},
"rhythm": {
    "beats_count": 118,
    "beats_loudness": {
        "max": 0.105745114386,
        "mean": 0.0415418036282,
        "min": 0.00741121312603,
        "stdev": 0.0200711619109
    },
    "bpm": 87.9975662231,
    "bpm_histogram_first_peak_bpm": 88,
    "bpm_histogram_first_peak_weight": 0.0940170288086,
    "bpm_histogram_second_peak_bpm": 0,
    "bpm_histogram_second_peak_spread": 0,
    "bpm_histogram_second_peak_weight": 0,
    "danceability": 1.15009021759,
    "onset_rate": 3.10122418404,
    "beats_loudness_band_ratio": {
        "max": [0.883971333504, 0.754289090633, 0.721405804157, 0.759582936764, 0.26770851016, 0.271078497171],
        "mean": [0.410249471664, 0.151171177626, 0.180571243167, 0.186244696379, 0.0583410412073, 0.0518763363361],
        "min": [0.0189718101174, 0.0111946398392, 0.00891881622374, 0.00473873782903, 0.00188520143274, 0.00398299423978],
        "stdev": [0.21975441277, 0.140171483159, 0.151839584112, 0.190927356482, 0.0513316951692, 0.0520762875676]
    },
