{
"metadata": {
    "version": {
        "essentia": "2.1-beta5",
        "essentia_git_sha": "Undefined",
        "extractor": "music 2.0"
    },
    "audio_properties": {
        "analysis": {
            "equal_loudness": 0,
            "length": 12.7477550507,
            "sample_rate": 44100,
            "start_time": 0,
            "downmix": "mix"
        },
        "bit_rate": 192000,
        "length": 196.48727417,
        "lossless": 0,
        "number_channels": 2,
        "replay_gain": -11.2083721161,
        "sample_rate": 48000,
        "codec": "mp3",
        "md5_encoded": "3a4541592a2244bed37af3b657c8ebeb"
    },
    "tags": {
        "file_name": "Ireland_When You Need Me_The Mullan_s.mp3",
        "encoding": ["Lavf58.29.100"]
    }
},
"lowlevel": {
    "average_loudness": 0.923148036003,
    "barkbands_crest": {
        "max": 22.2403335571,
        "mean": 8.27568721771,
        "min": 2.50022172928,
        "stdev": 3.74716806412
    },
    "barkbands_flatness_db": {
        "max": 0.334608882666,
        "mean": 0.18259306252,
        "min": 0.0818077027798,
        "stdev": 0.0545709729195
    },
    "barkbands_kurtosis": {
        "max": 84.8818893433,
        "mean": 4.19336080551,
        "min": -1.53976809978,
        "stdev": 6.96216678619
    },
    "barkbands_skewness": {
        "max": 7.92999172211,
        "mean": 1.2714329958,
        "min": -2.95908522606,
        "stdev": 1.27424550056
    },
    "barkbands_spread": {
        "max": 60.5008506775,
        "mean": 17.5587081909,
        "min": 2.60807180405,
        "stdev": 11.7352190018
    },
    "dissonance": {
        "max": 0.499901115894,
        "mean": 0.468640476465,
        "min": 0.203315138817,
        "stdev": 0.0369410477579
    },
    "dynamic_complexity": 3.51195049286,
    "erbbands_crest": {
        "max": 19.5981731415,
        "mean": 7.74663066864,
        "min": 2.68938779831,
        "stdev": 3.18324875832
    },
    "erbbands_flatness_db": {
        "max": 0.325981765985,
        "mean": 0.205874294043,
        "min": 0.115276664495,
        "stdev": 0.0392550490797
    },
    "erbbands_kurtosis": {
        "max": 9.63737487793,
        "mean": 0.760286688805,
        "min": -1.75490343571,
        "stdev": 1.52233600616
    },
    "erbbands_skewness": {
        "max": 2.50030064583,
        "mean": 0.328085303307,
        "min": -2.6398897171,
        "stdev": 0.814296245575
    },
    "erbbands_spread": {
        "max": 95.8925170898,
        "mean": 29.1580753326,
        "min": 9.27921581268,
        "stdev": 13.3102731705
    },
    "hfc": {
        "max": 109.825653076,
        "mean": 18.8294715881,
        "min": 0.203591048717,
        "stdev": 20.2114067078
    },
    "loudness_ebu128": {
        "integrated": -12.3766613007,
        "loudness_range": 3.71183109283,
        "momentary": {
            "max": -9.34422969818,
            "mean": -13.9805364609,
            "min": -29.4107875824,
            "stdev": 4.37122154236
        },
        "short_term": {
            "max": -10.1612358093,
            "mean": -12.2741565704,
            "min": -15.0630760193,
            "stdev": 1.24832177162
        }
    },
    "melbands_crest": {
        "max": 27.6202850342,
        "mean": 11.1791687012,
        "min": 3.07795476913,
        "stdev": 4.76349306107
    },
    "melbands_flatness_db": {
        "max": 0.428438991308,
        "mean": 0.194096088409,
        "min": 0.049799375236,
        "stdev": 0.101281858981
    },
    "melbands_kurtosis": {
        "max": 188.421325684,
        "mean": 10.6125812531,
        "min": -1.69230556488,
        "stdev": 14.7078380585
    },
    "melbands_skewness": {
        "max": 9.7245759964,
        "mean": 2.1355047226,
        "min": -1.19372463226,
        "stdev": 1.55705571175
    },
    "melbands_spread": {
        "max": 140.453353882,
        "mean": 25.1453475952,
        "min": 1.54384732246,
        "stdev": 20.9145011902
    },
    "pitch_salience": {
        "max": 0.903274416924,
        "mean": 0.649880409241,
        "min": 0.288171768188,
        "stdev": 0.109343573451
    },
    "silence_rate_20dB": {
        "max": 1,
        "mean": 1,
        "min": 1,
        "stdev": 0
    },
    "silence_rate_30dB": {
        "max": 1,
        "mean": 0.996363639832,
        "min": 0,
        "stdev": 0.0601925365627
    },
    "silence_rate_60dB": {
        "max": 1,
        "mean": 0.116363637149,
        "min": 0,
        "stdev": 0.320662766695
    },
    "spectral_centroid": {
        "max": 4536.08398438,
        "mean": 1501.08618164,
        "min": 240.748596191,
        "stdev": 919.74822998
    },
    "spectral_complexity": {
        "max": 54,
        "mean": 21.2363643646,
        "min": 0,
        "stdev": 14.6668024063
    },
    "spectral_decrease": {
        "max": -3.44340840563e-11,
        "mean": -5.60197932487e-09,
        "min": -5.08058484172e-08,
        "stdev": 5.30672261689e-09
    },
    "spectral_energy": {
        "max": 0.19365735352,
        "mean": 0.022851055488,
        "min": 0.000148428691318,
        "stdev": 0.020568324253
    },
    "spectral_energyband_high": {
        "max": 0.00892282091081,
        "mean": 0.000739257957321,
        "min": 1.28199485516e-06,
        "stdev": 0.00116078986321
    },
    "spectral_energyband_low": {
        "max": 0.180887445807,
        "mean": 0.00989608746022,
        "min": 3.12506108457e-06,
        "stdev": 0.0169109590352
    },
    "spectral_energyband_middle_high": {
        "max": 0.0504132509232,
        "mean": 0.00631318707019,
        "min": 7.07609651727e-05,
        "stdev": 0.00821146089584
    },
    "spectral_energyband_middle_low": {
        "max": 0.0683782100677,
        "mean": 0.00706695625558,
        "min": 4.60881274194e-05,
        "stdev": 0.00831907894462
    },
    "spectral_entropy": {
        "max": 8.26542282104,
        "mean": 7.49585485458,
        "min": 5.97341299057,
        "stdev": 0.582458138466
    },
    "spectral_flux": {
        "max": 0.377621859312,
        "mean": 0.0775240063667,
        "min": 0.009248114191,
        "stdev": 0.0449300557375
    },
    "spectral_kurtosis": {
        "max": 39.6483917236,
        "mean": 5.00497245789,
        "min": -1.00816571712,
        "stdev": 5.1423459053
    },
    "spectral_rms": {
        "max": 0.0137453265488,
        "mean": 0.00427785003558,
        "min": 0.000380537094316,
        "stdev": 0.00199843407609
    },
    "spectral_rolloff": {
        "max": 6438.42773438,
        "mean": 1681.703125,
        "min": 107.666015625,
        "stdev": 1344.07055664
    },
    "spectral_skewness": {
        "max": 4.74983549118,
        "mean": 1.53356206417,
        "min": -0.528713524342,
        "stdev": 0.683216869831
    },
    "spectral_spread": {
        "max": 8215141,
        "mean": 3383883.25,
        "min": 1459968.25,
        "stdev": 850728.125
    },
    "spectral_strongpeak": {
        "max": 8.81466197968,
        "mean": 0.773817360401,
        "min": 0.00905366241932,
        "stdev": 1.03128385544
    },
    "zerocrossingrate": {
        "max": 0.2265625,
        "mean": 0.0621946007013,
        "min": 0.009765625,
        "stdev": 0.0398633033037
    },
    "barkbands": {
        "max": [0.00834383629262, 0.159518554807, 0.0256735980511, 0.00993043277413, 0.0498146601021, 0.0283893197775, 0.0301492363214, 0.0320306830108, 0.0102491993457, 0.0145960114896, 0.0059571438469, 0.00515621853992, 0.00544054759666, 0.00901217199862, 0.00993596762419, 0.0152463419363, 0.00715454760939, 0.0088112205267, 0.00483398651704, 0.00534973293543, 0.00190139422193, 0.00287871435285, 0.00247265165672, 0.00183939479757, 0.000275567901554, 3.33503862748e-07, 2.14802696519e-07],
        "mean": [0.000246098265052, 0.00504817534238, 0.00362286902964, 0.00131133233663, 0.00229172571562, 0.00112420658115, 0.000520155648701, 0.000856510945596, 0.000647675420623, 0.000971825909801, 0.000465416786028, 0.000561090710107, 0.000605289475061, 0.000873679760844, 0.000725232064724, 0.000737869355362, 0.000517451378983, 0.000482939329231, 0.000390320841689, 0.000297951191897, 0.000171539286384, 0.000152028529556, 0.000125556034618, 8.36987383082e-05, 2.0423609385e-05, 2.04966665862e-09, 1.18628096235e-09],
        "min": [2.54583820691e-08, 1.55882247554e-07, 2.42051470423e-07, 9.38981656873e-07, 8.02083661711e-07, 3.27006796397e-06, 1.52255904595e-06, 3.19441755892e-06, 2.1235305212e-06, 3.31844080392e-06, 1.03840329757e-06, 4.35433184975e-06, 2.9199866276e-06, 2.0207585294e-06, 9.28365693653e-07, 1.01153977994e-06, 9.90697230918e-07, 7.04766478066e-07, 1.4849638319e-06, 2.6793992447e-07, 3.05660364575e-07, 3.65669620805e-07, 4.48782699891e-08, 1.00373114265e-08, 3.531463455e-10, 9.49775588038e-12, 1.27779722567e-11],
        "stdev": [0.000831102137454, 0.0127702336758, 0.00523544242606, 0.00179918971844, 0.00437436625361, 0.00214543077163, 0.0019723023288, 0.00218830932863, 0.00107256323099, 0.00184194813482, 0.000701115524862, 0.000766120792832, 0.000822702655569, 0.00139939761721, 0.00114299613051, 0.00137691956479, 0.000843861373141, 0.00107319268864, 0.000676280586049, 0.000616739213001, 0.000271592463832, 0.000250890210737, 0.000212026017834, 0.000140235919389, 3.43057436112e-05, 1.69854370569e-08, 1.03151176489e-08]
    },
    "erbbands": {
        "max": [4.59550380707, 34.8723335266, 28.9047851562, 36.6806411743, 79.8310852051, 224.098175049, 185.18862915, 324.756774902, 476.813842773, 642.596008301, 469.519073486, 258.388671875, 432.925628662, 269.629577637, 281.950653076, 243.761016846, 192.085403442, 395.772033691, 604.130981445, 410.485198975, 843.249511719, 430.421112061, 583.315246582, 510.65826416, 268.878234863, 211.216278076, 298.754333496, 60.259021759, 141.212753296, 74.0460510254, 67.7254714966, 50.3668060303, 21.6069107056, 6.49690055847, 0.396629035473, 0.0116824842989, 0.00112645630725, 0.000325867033098, 9.30565947783e-05, 0.000211769875023],
        "mean": [0.150381997228, 1.12753248215, 3.1204688549, 5.97144079208, 5.19614362717, 7.77662992477, 9.31743431091, 8.55630397797, 8.03214836121, 15.3874235153, 13.2386302948, 15.2399110794, 28.7103271484, 20.6338272095, 22.9479408264, 23.6805858612, 28.3817596436, 38.6470870972, 44.5467796326, 38.4633293152, 39.0732192993, 29.3041667938, 24.8229866028, 24.0302047729, 16.4887065887, 13.7738933563, 9.74069213867, 6.18074083328, 5.74988174438, 4.27850437164, 3.47837710381, 2.23801898956, 1.15471720695, 0.463611871004, 0.0216614231467, 0.000749335740693, 7.9778212239e-05, 1.62470314535e-05, 1.56414735102e-05, 2.82602995867e-05],
        "min": [4.62361913378e-06, 4.7397104936e-05, 0.000724216341041, 0.00457820855081, 0.0145278461277, 0.00755050359294, 0.0163643527776, 0.0245407149196, 0.0188492387533, 0.0451711006463, 0.111319191754, 0.0764922574162, 0.151911452413, 0.0428303182125, 0.162677109241, 0.20466940105, 0.264723211527, 0.195792168379, 0.0972238183022, 0.0876372233033, 0.0454974770546, 0.0690514221787, 0.0490903928876, 0.0712426975369, 0.0548743456602, 0.0163179077208, 0.00919353030622, 0.00957603286952, 0.0124406814575, 0.00498881936073, 0.000416543509346, 0.000168294805917, 0.000155723464559, 0.000155726549565, 1.5024723325e-05, 1.29834370455e-06, 2.94904765497e-07, 9.94406477162e-08, 1.13285388181e-07, 1.97031980065e-07],
        "stdev": [0.421245932579, 2.74401116371, 4.65506458282, 8.02292251587, 8.50673294067, 18.3143386841, 18.7295608521, 20.3743495941, 27.17927742, 42.2972831726, 33.7348213196, 24.3286895752, 54.7218170166, 35.0377464294, 32.8441581726, 30.0931282043, 37.0229225159, 58.2714691162, 72.2109298706, 58.6885375977, 72.3934173584, 48.2253303528, 52.6042785645, 47.0795211792, 29.3841667175, 27.5299854279, 21.3835220337, 9.21926593781, 10.5261993408, 6.85907459259, 5.88665676117, 3.9673871994, 1.90162539482, 0.767878055573, 0.0386528782547, 0.00123143871315, 0.00012062911992, 2.55689374171e-05, 1.28752362798e-05, 2.36273972405e-05]
    },
    "gfcc": {
        "mean": [-51.391834259, 123.420608521, -163.442474365, 51.1072425842, -70.0619430542, 20.6534996033, -32.8382377625, -7.5469493866, -4.17534351349, -21.8108081818, 4.80595827103, -20.4965515137, 1.0368694067],
        "cov": [[4999.32861328, -1894.55090332, -884.74005127, -43.6550064087, -195.119598389, 619.843688965, -238.249023438, 432.249328613, -151.170318604, 228.611526489, -172.312103271, -155.663955688, 371.781738281], [-1894.55090332, 3216.421875, 2341.62304688, 392.857849121, 676.813842773, -501.643371582, 314.513671875, -275.687011719, 260.349456787, -23.2938194275, 335.024719238, 7.85415506363, -111.783988953], [-884.74005127, 2341.62304688, 2214.01489258, 516.818786621, 515.199768066, -128.287033081, 210.756759644, -153.374923706, 154.075363159, 46.0575942993, 263.37298584, -4.173579216, -11.9269800186], [-43.6550064087, 392.857849121, 516.818786621, 462.004638672, 216.788421631, 83.6166992188, 57.9797973633, -38.6990737915, 27.0587711334, 21.8623104095, 57.2060012817, 11.9161949158, -3.441665411], [-195.119598389, 676.813842773, 515.199768066, 216.788421631, 304.529998779, -22.5140457153, 64.9349441528, -31.8963317871, 50.8831748962, 12.4224529266, 68.8274536133, -9.76802349091, 0.0189831834286], [619.843688965, -501.643371582, -128.287033081, 83.6166992188, -22.5140457153, 378.880554199, -51.0975799561, 107.573532104, -44.8833503723, 44.1827278137, -39.8521270752, -22.359582901, 58.9529647827], [-238.249023438, 314.513671875, 210.756759644, 57.9797973633, 64.9349441528, -51.0975799561, 141.385528564, -40.173210144, 28.2756652832, -3.53882598877, 31.1929931641, -3.17488622665, -34.6717338562], [432.249328613, -275.687011719, -153.374923706, -38.6990737915, -31.8963317871, 107.573532104, -40.173210144, 132.198074341, -7.2357134819, 24.0178413391, -20.8849601746, -18.4010906219, 43.2680015564], [-151.170318604, 260.349456787, 154.075363159, 27.0587711334, 50.8831748962, -44.8833503723, 28.2756652832, -7.2357134819, 78.660118103, 11.7233753204, 24.7288150787, 4.95771884918, -21.9174613953], [228.611526489, -23.2938194275, 46.0575942993, 21.8623104095, 12.4224529266, 44.1827278137, -3.53882598877, 24.0178413391, 11.7233753204, 81.6761703491, 24.1422023773, -9.67945861816, 24.6951885223], [-172.312103271, 335.024719238, 263.37298584, 57.2060012817, 68.8274536133, -39.8521270752, 31.1929931641, -20.8849601746, 24.7288150787, 24.1422023773, 84.7151031494, 18.3049201965, -6.02346038818], [-155.663955688, 7.85415506363, -4.173579216, 11.9161949158, -9.76802349091, -22.359582901, -3.17488622665, -18.4010906219, 4.95771884918, -9.67945861816, 18.3049201965, 58.0010452271, 1.92262518406], [371.781738281, -111.783988953, -11.9269800186, -3.441665411, 0.0189831834286, 58.9529647827, -34.6717338562, 43.2680015564, -21.9174613953, 24.6951885223, -6.02346038818, 1.92262518406, 101.921829224]],
        "icov": [[0.000480450718896, 0.000583552231546, -0.000307077862089, 1.7255619241e-05, -0.000331598857883, 0.00018428445037, -7.43416676414e-05, -0.00042271494749, -0.000369766785298, -0.000337292935001, -0.000232876118389, 0.00114818138536, -0.00113346229773], [0.000583552231546, 0.00937975663692, -0.00675504747778, 0.00397006142884, -0.00770889827982, 0.00465414533392, -0.00192851154134, 0.00286246696487, -0.00833729747683, 0.0058672609739, -0.0079965563491, 0.00453583337367, -0.000832124846056], [-0.000307077862089, -0.00675504747778, 0.00614735437557, -0.00353248557076, 0.00497524952516, -0.00348748662509, 0.00100457470398, -0.00125146808568, 0.00477109430358, -0.00354338879697, 0.00288749253377, -0.00147661403753, -0.000716134614777], [1.7255619241e-05, 0.00397006142884, -0.00353248557076, 0.0060939528048, -0.00573962414637, 0.000458246679045, -0.00112926599104, 0.00241549499333, -0.00284210103564, 0.00196540239267, -0.0023805918172, -0.000800366397016, 0.00119713239837], [-0.000331598857883, -0.00770889827982, 0.00497524952516, -0.00573962414637, 0.0135281533003, -0.00345797999762, 0.00106347084511, -0.00257217464969, 0.00461693480611, -0.00347915431485, 0.00420958502218, -0.000381687073968, -0.00131371826865], [0.00018428445037, 0.00465414533392, -0.00348748662509, 0.000458246679045, -0.00345797999762, 0.00708266533911, -0.000645925523713, -0.00178650126327, -0.00182406185195, 0.000932384806219, -0.00172953738365, 0.00193159969058, -0.000274563091807], [-7.43416676414e-05, -0.00192851154134, 0.00100457470398, -0.00112926599104, 0.00106347084511, -0.000645925523713, 0.0098921218887, 0.000517828215379, 0.000631274364423, -0.000988454092294, 0.000567805196624, 0.000532297242898, 0.002152929781], [-0.00042271494749, 0.00286246696487, -0.00125146808568, 0.00241549499333, -0.00257217464969, -0.00178650126327, 0.000517828215379, 0.0150684891269, -0.00678853690624, 0.0029887012206, -0.00519136991352, 0.00440021790564, -0.00314419693314], [-0.000369766785298, -0.00833729747683, 0.00477109430358, -0.00284210103564, 0.00461693480611, -0.00182406185195, 0.000631274364423, -0.00678853690624, 0.0269171688706, -0.0106561798602, 0.0102268084884, -0.00848495028913, 0.00595265859738], [-0.000337292935001, 0.0058672609739, -0.00354338879697, 0.00196540239267, -0.00347915431485, 0.000932384806219, -0.000988454092294, 0.0029887012206, -0.0106561798602, 0.0237233303487, -0.0155394598842, 0.00821376685053, -0.00393950613216], [-0.000232876118389, -0.0079965563491, 0.00288749253377, -0.0023805918172, 0.00420958502218, -0.00172953738365, 0.000567805196624, -0.00519136991352, 0.0102268084884, -0.0155394598842, 0.034837462008, -0.015014918521, 0.00403968524188], [0.00114818138536, 0.00453583337367, -0.00147661403753, -0.000800366397016, -0.000381687073968, 0.00193159969058, 0.000532297242898, 0.00440021790564, -0.00848495028913, 0.00821376685053, -0.015014918521, 0.0289541613311, -0.00746575649828], [-0.00113346229773, -0.000832124846056, -0.000716134614777, 0.00119713239837, -0.00131371826865, -0.000274563091807, 0.002152929781, -0.00314419693314, 0.00595265859738, -0.00393950613216, 0.00403968524188, -0.00746575649828, 0.0178303513676]]
    },
    "melbands": {
        "max": [0.0444091036916, 0.0242441296577, 0.00561909656972, 0.00761759467423, 0.00940561387688, 0.00659264950082, 0.00674305995926, 0.00732963532209, 0.00330162839964, 0.00142135575879, 0.00226077483967, 0.00115264556371, 0.000924401858356, 0.000634525844362, 0.00057846220443, 0.000587861868553, 0.000788601581007, 0.00100078945979, 0.000827139243484, 0.000830476055853, 0.000901370192878, 0.000391049834434, 0.000547199801076, 0.000424814323196, 0.000448908365797, 0.000239380024141, 0.000220882400754, 0.000189486963791, 0.000306485308101, 6.14812888671e-05, 2.91087180813e-05, 7.82015558798e-05, 5.52418787265e-05, 4.3901232857e-05, 3.79613957193e-05, 5.05112766405e-05, 2.92541135423e-05, 1.81582054211e-05, 7.81677408668e-06, 4.97432483826e-06],
        "mean": [0.00140994763933, 0.00164070026949, 0.000957710552029, 0.000494869775139, 0.000324369466398, 0.000196505774511, 0.000116646806418, 0.000182953896001, 0.000101135170553, 9.63513739407e-05, 0.000147621482029, 8.83645698195e-05, 6.99010342942e-05, 6.46040643915e-05, 6.22468432994e-05, 6.10042843618e-05, 7.44617718738e-05, 7.58095047786e-05, 5.21017973369e-05, 5.25815630681e-05, 4.34345092799e-05, 3.17325539072e-05, 2.22723556362e-05, 2.31185476878e-05, 1.93065498024e-05, 1.42312646858e-05, 8.97058635019e-06, 9.60630586633e-06, 7.04154308551e-06, 4.17159981225e-06, 3.29367230734e-06, 3.28613577949e-06, 2.79643040813e-06, 2.23544248001e-06, 1.997824711e-06, 1.83905331141e-06, 1.18269088034e-06, 8.46958130296e-07, 6.32390310784e-07, 2.98974242696e-07],
        "min": [4.60118769752e-08, 3.51803805643e-07, 1.10858286462e-06, 7.50965909901e-07, 7.77997172463e-07, 6.97273321748e-07, 3.20054709846e-07, 6.2129959133e-07, 7.51781954023e-07, 3.32618924404e-07, 7.53231688577e-07, 1.53363544086e-07, 4.05793628033e-07, 4.46746582838e-07, 6.39866414076e-07, 2.37644528056e-07, 2.33072569245e-07, 1.14725196454e-07, 7.73759865069e-08, 7.57770450832e-08, 3.14924371025e-08, 6.79740779219e-08, 4.67193608245e-08, 2.85479142548e-08, 4.54560584728e-08, 4.03767863588e-08, 8.77727401871e-09, 7.74528619019e-09, 5.70207880912e-09, 4.4765711138e-09, 5.36039967969e-09, 8.15631917561e-09, 5.4609086142e-09, 1.90083948581e-09, 1.21347099036e-10, 1.30329124229e-11, 1.61133439924e-10, 4.62178247063e-11, 2.07111272577e-11, 4.10052243896e-12],
        "stdev": [0.00366673129611, 0.00261198915541, 0.00123030692339, 0.000961610581726, 0.000684941594955, 0.000425174337579, 0.000411762885051, 0.000488510529976, 0.000237926928094, 0.00015687746054, 0.000285266374703, 0.000157793503604, 0.000106659223093, 8.61377557158e-05, 8.41928485897e-05, 8.47968331072e-05, 0.000116798946692, 0.000128071449581, 8.18789267214e-05, 9.17780635064e-05, 8.06658426882e-05, 5.21374058735e-05, 4.72365500173e-05, 5.26598741999e-05, 3.93470472773e-05, 2.76902865153e-05, 1.81445338967e-05, 2.2786511181e-05, 1.9917380996e-05, 6.86767043589e-06, 4.92607478009e-06, 6.05394188824e-06, 4.76330615129e-06, 3.77106039195e-06, 3.37204232892e-06, 3.76578418582e-06, 2.07980178857e-06, 1.46475781548e-06, 1.03693275832e-06, 5.27650854565e-07]
    },
    "melbands128": {
        "max": [0.00833882577717, 0.0321604795754, 0.0709635168314, 0.0537659451365, 0.0165568049997, 0.0134898470715, 0.00896887853742, 0.00669146096334, 0.00883582048118, 0.0115337343886, 0.0163232088089, 0.0208053719252, 0.00675960304216, 0.00499285990372, 0.0068506905809, 0.0123685887083, 0.00772001128644, 0.00994166452438, 0.00755727291107, 0.00974290259182, 0.00842937547714, 0.00579558964819, 0.00378202041611, 0.00321409804747, 0.00268843537197, 0.00256046280265, 0.0027081752196, 0.00328056886792, 0.00365060498007, 0.0018642754294, 0.00110459036659, 0.000749239930883, 0.00147617480252, 0.00115644559264, 0.00107511668466, 0.000583249668125, 0.0011856299825, 0.000779530906584, 0.000855470716488, 0.000720116426237, 0.000757076253649, 0.0008433398325, 0.00145247904584, 0.00107086263597, 0.00136807467788, 0.00105309125502, 0.00125502515584, 0.000672669324558, 0.00127734523267, 0.000856352446135, 0.000941221660469, 0.00203879363835, 0.00120757799596, 0.000433730339864, 0.000552055949811, 0.000425781239755, 0.000501021335367, 0.00060281495098, 0.00111669115722, 0.000979950884357, 0.000739332463127, 0.00110863219015, 0.000748304533772, 0.000502215698361, 0.000449847168056, 0.000374293507775, 0.000138473682455, 0.000586807087529, 0.000118197298434, 0.000256210449152, 0.000324192893459, 0.000314157106914, 0.000580557680223, 0.000344350992236, 5.10853606102e-05, 0.000107299812953, 6.81655874359e-05, 4.2868698074e-05, 4.13885973103e-05, 3.68565270037e-05, 5.98178594373e-05, 0.000160073643201, 0.000110958586447, 3.35940821969e-05, 3.60806661774e-05, 4.6362671128e-05, 5.94530756644e-05, 2.55619597738e-05, 4.1198785766e-05, 4.57348178315e-05, 5.0759754231e-05, 7.52357955207e-05, 3.55114898412e-05, 2.14779247472e-05, 3.41963968822e-05, 2.69366137218e-05, 1.2024287571e-05, 8.86149791768e-06, 9.68849781202e-06, 7.90168087406e-06, 6.02706904829e-06, 7.99436656962e-06, 6.90663000569e-07, 1.17644756159e-08, 2.51296317089e-09, 2.95663715733e-09, 3.64423313748e-09, 1.38829037155e-09, 1.34862365719e-09, 1.30368349449e-09, 1.25524124428e-09, 1.83231707584e-09, 3.29420091205e-09, 3.93348376093e-09, 2.78892975381e-09, 2.07902606242e-09, 2.64423749563e-09, 9.99346494446e-10, 9.73059410825e-10, 9.5021690516e-10, 9.28642329701e-10, 9.11818509586e-10, 8.92888041282e-10, 8.74633476755e-10, 8.63834725973e-10, 8.54903370318e-10, 8.48588643798e-10, 8.43346781298e-10],
        "mean": [0.000226823060075, 0.00108415109571, 0.00208492390811, 0.00172863481566, 0.00127532437909, 0.00207062973641, 0.00137817161158, 0.000457641261164, 0.00048024073476, 0.000643291859888, 0.000385485502193, 0.00034000215237, 0.000352759932866, 0.000241352594458, 0.000192172956304, 0.000178778282134, 0.000146340084029, 0.000100990255305, 8.08720724308e-05, 0.000187498575542, 0.000253340782365, 0.000110452412628, 7.96449312475e-05, 8.51874792716e-05, 9.70320834313e-05, 9.95708323899e-05, 0.00010196918447, 0.000165283519891, 0.000186492878129, 9.87233070191e-05, 5.97154830757e-05, 4.50187326351e-05, 7.3222690844e-05, 8.98907019291e-05, 6.17905388935e-05, 5.93925724388e-05, 6.29966307315e-05, 6.20191785856e-05, 6.10939459875e-05, 6.5063170041e-05, 5.90228482906e-05, 5.78139370191e-05, 7.31827531126e-05, 7.82687056926e-05, 9.46763175307e-05, 7.33382039471e-05, 6.07555011811e-05, 4.96259563079e-05, 4.94413325214e-05, 5.18135420862e-05, 5.22106311109e-05, 5.5871620134e-05, 4.67557838419e-05, 3.69722874893e-05, 3.68054243154e-05, 3.30442999257e-05, 2.64662430709e-05, 2.16962489503e-05, 2.18780478463e-05, 2.13336334127e-05, 2.13654311665e-05, 2.86152862827e-05, 1.80601527973e-05, 1.70481071109e-05, 1.96283999685e-05, 1.49406814671e-05, 9.66715651884e-06, 1.19504447866e-05, 7.30984584152e-06, 7.86818691267e-06, 9.20824004425e-06, 1.08178228402e-05, 1.02397671071e-05, 5.65007258047e-06, 4.41743259216e-06, 4.46784270025e-06, 3.9885071601e-06, 3.48844332621e-06, 3.23830181514e-06, 2.98191753245e-06, 3.14638259624e-06, 3.62392552233e-06, 3.28858800458e-06, 2.67952918875e-06, 2.41545603785e-06, 2.25022154154e-06, 2.26774250223e-06, 1.99379269361e-06, 1.96868995772e-06, 2.02772116609e-06, 1.95519851331e-06, 1.8934244963e-06, 1.41513271501e-06, 1.16887804325e-06, 1.03644561023e-06, 9.62589751907e-07, 7.87699320881e-07, 7.06097921466e-07, 6.83667053636e-07, 5.67453071199e-07, 4.87046690978e-07, 2.88813339466e-07, 1.7770398486e-08, 2.12670672739e-10, 2.17238883132e-11, 7.17907538972e-11, 8.98766894242e-11, 2.26546489901e-11, 1.27761013574e-11, 1.13640546626e-11, 1.03111460342e-11, 1.100898539e-11, 1.26796941002e-11, 1.34361905282e-11, 1.08956142719e-11, 9.24447150774e-12, 9.95934931747e-12, 6.32492105565e-12, 5.02558324816e-12, 4.840428839e-12, 4.70724891358e-12, 4.58194463274e-12, 4.39799715743e-12, 4.20709517571e-12, 4.02606984209e-12, 3.80163782399e-12, 3.67753744124e-12, 3.64393020966e-12],
        "min": [6.05462480152e-09, 7.07243863474e-09, 2.91954087572e-08, 7.3379261778e-08, 1.05862078215e-07, 1.55795262913e-07, 5.96333336489e-07, 3.6552654592e-07, 4.79906645978e-07, 1.56280179908e-07, 2.27706777878e-07, 1.0825487351e-07, 1.46142326685e-07, 6.69514633955e-07, 1.61200830462e-07, 7.49190789406e-08, 1.19517650887e-07, 1.05028171049e-07, 2.28761692256e-07, 9.08123496401e-08, 8.36626838918e-07, 3.10952060545e-07, 2.06013183401e-07, 1.27009442963e-07, 1.90062692695e-07, 6.81678287151e-08, 1.83411316357e-07, 1.52956502575e-07, 1.15934660982e-07, 5.99530523004e-08, 8.01996122846e-08, 4.04688123012e-08, 1.04610833773e-07, 2.43621514073e-07, 2.20354749558e-07, 1.1473444772e-07, 6.83816310243e-08, 5.84789283664e-08, 1.48875187733e-07, 1.38585335208e-07, 3.97530506291e-08, 5.38559135066e-08, 1.18123324455e-07, 2.06767190036e-08, 6.8195177505e-08, 1.7076834169e-08, 1.37982940629e-08, 7.47800754652e-09, 5.18018872242e-08, 4.73600287876e-08, 2.53699621311e-08, 4.26958983724e-08, 8.9060092634e-09, 1.522718307e-08, 2.92223827358e-08, 1.31847901486e-08, 2.06266257408e-08, 8.25293078321e-09, 5.05134067907e-08, 7.47852979543e-09, 6.70095046118e-09, 6.64475052758e-09, 8.50406145503e-09, 3.21942081882e-08, 2.68565862882e-08, 5.8328515351e-09, 1.14146958552e-08, 5.46339951057e-09, 2.44431008767e-09, 5.31755839361e-09, 5.33099919764e-09, 2.82387802031e-09, 2.47326759073e-09, 1.05875441747e-09, 2.14823647759e-09, 1.66054991979e-09, 1.07320308196e-09, 1.33337607622e-09, 1.6136718628e-09, 4.71761696375e-09, 2.58556509536e-10, 7.9280759735e-10, 4.64992178095e-09, 1.04046604665e-09, 9.23045750945e-10, 1.25814725305e-09, 1.11124220936e-09, 2.0658429134e-10, 3.03817179748e-11, 6.32446525706e-12, 7.73497585427e-12, 2.08058154039e-11, 1.35195830225e-11, 1.71357390083e-11, 4.71701115667e-11, 8.87453045079e-12, 4.39004822078e-12, 5.62392667158e-12, 4.77914713012e-12, 1.71004887767e-12, 3.95219924496e-12, 2.2793594269e-13, 1.10290926782e-13, 5.6264617531e-14, 4.06911849593e-14, 2.42912701537e-14, 4.0205025317e-14, 3.98803101545e-14, 3.78992762737e-14, 5.08519075915e-14, 3.66160755687e-14, 3.99899568754e-14, 4.86521969088e-14, 4.4773162093e-14, 3.73484914057e-14, 3.14172346721e-14, 4.63770325311e-14, 3.9691750456e-14, 4.24340636685e-14, 4.9782128696e-14, 3.69027589519e-14, 4.17170163973e-14, 3.4819193427e-14, 4.60776639825e-14, 3.59045780574e-14, 1.47991140149e-14, 2.05578305606e-15, 7.10559528188e-17],
        "stdev": [0.000798877736088, 0.00345682259649, 0.00554631277919, 0.00426398357376, 0.00225336407311, 0.00293952552602, 0.0019156181952, 0.000690560787916, 0.000874039309565, 0.00143615144771, 0.00114313804079, 0.0011123905424, 0.000796283304226, 0.000435743335402, 0.000528017000761, 0.000616905337665, 0.000411142798839, 0.000567806360777, 0.000406910199672, 0.000587556743994, 0.000634246796835, 0.000402961712098, 0.000251667428529, 0.000193970321561, 0.000194947628188, 0.000209801612073, 0.000239679895458, 0.000365057610907, 0.000435593334259, 0.000198092908249, 0.00012430458446, 8.21764115244e-05, 0.000148394785356, 0.000139165858855, 0.000118861571536, 8.85767803993e-05, 9.82754354482e-05, 0.000108510372229, 0.000100259676401, 9.72237394308e-05, 9.43881532294e-05, 9.96547387331e-05, 0.000142611272167, 0.000134979156428, 0.000194308478967, 0.000139686861075, 0.000113972382678, 8.21852518129e-05, 9.4835741038e-05, 9.15258933674e-05, 0.000102306919871, 0.00013956001203, 0.00010284021846, 6.38061901554e-05, 6.52819289826e-05, 6.09973067185e-05, 4.88554869662e-05, 4.83882249682e-05, 6.64580365992e-05, 6.94664922776e-05, 5.72930111957e-05, 9.55356663326e-05, 4.812665793e-05, 3.89926317439e-05, 4.77350113215e-05, 3.88825537811e-05, 1.85447097465e-05, 4.10441753047e-05, 1.38188588608e-05, 1.96436212718e-05, 2.65209000645e-05, 3.38963400282e-05, 3.89528177038e-05, 1.9002267436e-05, 7.52907953938e-06, 8.78401897353e-06, 6.93412039254e-06, 5.60804301131e-06, 5.46849742022e-06, 4.61194031232e-06, 5.34024820809e-06, 1.03747534013e-05, 7.21175229046e-06, 4.52977747045e-06, 4.07116658607e-06, 4.10657139582e-06, 4.48869286629e-06, 3.19972082252e-06, 3.66025074072e-06, 3.83420047001e-06, 3.98363545173e-06, 4.73479121865e-06, 2.76668356491e-06, 1.99249825528e-06, 2.16659032048e-06, 1.85129977126e-06, 1.3931793319e-06, 1.21109167139e-06, 1.22085577914e-06, 9.8786745184e-07, 8.33918022636e-07, 6.23823950718e-07, 4.62035885107e-08, 7.79378339644e-10, 1.49985884823e-10, 2.58069288162e-10, 3.11865561153e-10, 1.05790758098e-10, 7.99700861087e-11, 7.53741236093e-11, 7.27365945252e-11, 9.65528143548e-11, 1.49961140727e-10, 1.74699407718e-10, 1.27831009666e-10, 9.96113330709e-11, 1.20975826579e-10, 5.82672035621e-11, 4.41030302556e-11, 4.25647919688e-11, 4.1192615291e-11, 4.01383093429e-11, 3.90047542875e-11, 3.7904599598e-11, 3.71491240547e-11, 3.65938598867e-11, 3.62983948454e-11, 3.60739181582e-11]
    },
    "mfcc": {
        "mean": [-663.230102539, 119.64200592, -16.9457244873, 16.390914917, 0.394226372242, 10.7455883026, -5.58732223511, 7.89097213745, -5.82172679901, 2.27832365036, -0.843690633774, 0.232892900705, -3.4201271534],
        "cov": [[6069.45800781, -2751.69995117, -1145.89135742, -1025.6776123, -8.66830539703, -163.607192993, 178.176086426, -178.06072998, 435.606658936, 280.684387207, -299.125061035, -158.346588135, -56.3254241943], [-2751.69995117, 3113.05322266, 1575.80541992, 1070.37695312, 386.096252441, 119.637184143, 53.4473800659, 2.42511940002, -166.50920105, -37.1071624756, 177.489334106, 211.067337036, 185.449981689], [-1145.89135742, 1575.80541992, 1438.37036133, 638.93737793, 406.051605225, 229.281784058, 171.701660156, 6.49493932724, -22.0989837646, 12.3275880814, 73.9539794922, 176.66078186, 114.275726318], [-1025.6776123, 1070.37695312, 638.93737793, 741.64251709, 183.524169922, 173.822113037, 28.6886425018, 38.561882019, -99.984954834, 9.71374320984, 40.1771011353, 82.0573806763, 94.4421615601], [-8.66830539703, 386.096252441, 406.051605225, 183.524169922, 362.322418213, 96.6433334351, 108.571052551, -0.259893476963, 54.3698616028, 23.0731086731, 22.0971088409, 32.1107940674, 53.2786102295], [-163.607192993, 119.637184143, 229.281784058, 173.822113037, 96.6433334351, 217.698364258, 65.6599121094, 35.0667190552, -3.78590869904, 24.5190029144, 14.9771528244, 35.7062835693, 5.66619205475], [178.176086426, 53.4473800659, 171.701660156, 28.6886425018, 108.571052551, 65.6599121094, 148.784240723, -1.89450144768, 46.411113739, 31.4697132111, -2.50586724281, 21.5524997711, 15.6885194778], [-178.06072998, 2.42511940002, 6.49493932724, 38.561882019, -0.259893476963, 35.0667190552, -1.89450144768, 98.8964920044, -8.88222408295, -8.65014743805, 29.117307663, -9.31655883789, -15.9991588593], [435.606658936, -166.50920105, -22.0989837646, -99.984954834, 54.3698616028, -3.78590869904, 46.411113739, -8.88222408295, 110.373504639, 34.197227478, -26.6769962311, -0.824013650417, -9.7842130661], [280.684387207, -37.1071624756, 12.3275880814, 9.71374320984, 23.0731086731, 24.5190029144, 31.4697132111, -8.65014743805, 34.197227478, 87.6890487671, 0.77064281702, 4.44778013229, 11.9397525787], [-299.125061035, 177.489334106, 73.9539794922, 40.1771011353, 22.0971088409, 14.9771528244, -2.50586724281, 29.117307663, -26.6769962311, 0.77064281702, 93.388961792, 14.5449552536, 7.6316447258], [-158.346588135, 211.067337036, 176.66078186, 82.0573806763, 32.1107940674, 35.7062835693, 21.5524997711, -9.31655883789, -0.824013650417, 4.44778013229, 14.5449552536, 76.0873184204, 31.2054805756], [-56.3254241943, 185.449981689, 114.275726318, 94.4421615601, 53.2786102295, 5.66619205475, 15.6885194778, -15.9991588593, -9.7842130661, 11.9397525787, 7.6316447258, 31.2054805756, 70.1194000244]],
        "icov": [[0.000488739751745, 0.000388404965634, -3.12202610075e-05, 5.00000605825e-05, -0.000237707790802, 0.000309193244902, -0.000207723962376, 0.000377617659979, -0.000643538427539, -0.00101976271253, 0.00055078038713, 0.000128333602333, -0.000396056595491], [0.000388404965634, 0.00165411143098, -0.00107671355363, -0.00121558993123, -0.000182131392648, 0.00155978091061, 0.000108125037514, 0.000822150788736, -0.000331166113028, -0.000418487557909, -0.00101835071109, -0.000234317805734, -0.000254843587754], [-3.12202610075e-05, -0.00107671355363, 0.00277449074201, -0.000127291685203, -0.00122888491023, -0.00100413570181, -0.00121861009393, -9.16693243198e-05, 0.000128525687614, 0.000268984527793, 0.000613850890659, -0.00250125466846, 0.000757441332098], [5.00000605825e-05, -0.00121558993123, -0.000127291685203, 0.00459758238867, -0.000642806175165, -0.00249023758806, 0.000913117721211, -0.0018057981506, 0.00272564985789, -0.00157577742357, 0.00266370503232, 0.000401580706239, -0.00247645960189], [-0.000237707790802, -0.000182131392648, -0.00122888491023, -0.000642806175165, 0.00621276022866, -0.00138100667391, -0.00142293702811, 0.000644088082481, -0.00406056828797, 0.00212060543709, -0.0021303484682, 0.00366186816245, -0.00330989458598], [0.000309193244902, 0.00155978091061, -0.00100413570181, -0.00249023758806, -0.00138100667391, 0.00932613760233, -0.00229587499052, -0.00153210829012, 0.00152154860552, -0.00241048424505, -0.000190892242244, -0.00331839127466, 0.00369374640286], [-0.000207723962376, 0.000108125037514, -0.00121861009393, 0.000913117721211, -0.00142293702811, -0.00229587499052, 0.0112889958546, -0.000182505478733, -0.00223211455159, -0.00125069671776, 0.000225094641792, 4.36209993495e-05, -0.00113981729373], [0.000377617659979, 0.000822150788736, -9.16693243198e-05, -0.0018057981506, 0.000644088082481, -0.00153210829012, -0.000182505478733, 0.0140969809145, -0.00261985440738, 0.00168378336821, -0.00519807403907, 0.00283246347681, 0.00225519831292], [-0.000643538427539, -0.000331166113028, 0.000128525687614, 0.00272564985789, -0.00406056828797, 0.00152154860552, -0.00223211455159, -0.00261985440738, 0.0195042844862, -0.00524007482454, 0.00472811004147, -0.00456902571023, 0.00447495793924], [-0.00101976271253, -0.000418487557909, 0.000268984527793, -0.00157577742357, 0.00212060543709, -0.00241048424505, -0.00125069671776, 0.00168378336821, -0.00524007482454, 0.0177387762815, -0.00437339907512, 0.00183000555262, -0.00287094828673], [0.00055078038713, -0.00101835071109, 0.000613850890659, 0.00266370503232, -0.0021303484682, -0.000190892242244, 0.000225094641792, -0.00519807403907, 0.00472811004147, -0.00437339907512, 0.0167851131409, -0.00285563291982, -0.000206210184842], [0.000128333602333, -0.000234317805734, -0.00250125466846, 0.000401580706239, 0.00366186816245, -0.00331839127466, 4.36209993495e-05, 0.00283246347681, -0.00456902571023, 0.00183000555262, -0.00285563291982, 0.0237993076444, -0.00884925574064], [-0.000396056595491, -0.000254843587754, 0.000757441332098, -0.00247645960189, -0.00330989458598, 0.00369374640286, -0.00113981729373, 0.00225519831292, 0.00447495793924, -0.00287094828673, -0.000206210184842, -0.00884925574064, 0.0247782990336]]
    },
    "spectral_contrast_coeffs": {
        "max": [-0.452881425619, -0.598855495453, -0.619442462921, -0.656408786774, -0.640413045883, -0.339462190866],
        "mean": [-0.733813405037, -0.796910405159, -0.79615688324, -0.816691696644, -0.791556596756, -0.726755261421],
        "min": [-0.907817006111, -0.921286702156, -0.893006026745, -0.89183229208, -0.883722066879, -0.843520522118],
        "stdev": [0.0549579374492, 0.0600106082857, 0.0472391098738, 0.0364222638309, 0.0388387218118, 0.0533285625279]
    },
    "spectral_contrast_valleys": {
        "max": [-4.63445854187, -4.69478845596, -5.35965681076, -5.32497024536, -5.81924724579, -8.17493724823],
        "mean": [-7.0327091217, -6.7893280983, -7.24270009995, -7.34781980515, -7.71075820923, -10.9447011948],
        "min": [-9.99181175232, -8.95022583008, -9.35291385651, -9.85838699341, -10.1233520508, -14.5879392624],
        "stdev": [1.26520216465, 0.660444736481, 0.927950263023, 1.16313564777, 1.12761175632, 1.52337551117]
    }
},
"rhythm": {
    "beats_count": 28,
    "beats_loudness": {
        "max": 0.128964304924,
        "mean": 0.0290867052972,
        "min": 0.000354410265572,
        "stdev": 0.0276548117399
    },
    "bpm": 156.2212677,
    "bpm_histogram_first_peak_bpm": 157,
    "bpm_histogram_first_peak_weight": 0.0833333730698,
    "bpm_histogram_second_peak_bpm": 123,
    "bpm_histogram_second_peak_spread": 0.200000047684,
    "bpm_histogram_second_peak_weight": 0.148148149252,
    "danceability": 1.05431163311,
    "onset_rate": 3.99706411362,
    "beats_loudness_band_ratio": {
        "max": [0.932694733143, 0.513028979301, 0.251005649567, 0.563485145569, 0.5065549016, 0.810507774353],
        "mean": [0.430468082428, 0.123524866998, 0.0954286679626, 0.14933142066, 0.144955843687, 0.0907653421164],
        "min": [0.000833392550703, 0.00353212188929, 0.00614763097838, 0.00847274530679, 0.0014077759115, 0.000875924830325],
        "stdev": [0.33447933197, 0.138342902064, 0.0667897462845, 0.161371126771, 0.167447149754, 0.152260407805]
    },
    "beats_position": [0.510838985443, 1.03328800201, 1.54412698746, 2.06657600403, 2.57741498947, 3.06503391266, 3.55265307426, 4.04027223587, 4.52789115906, 5.02712011337, 5.53795909882, 5.94430828094, 6.32743740082, 6.73378658295, 7.12852573395, 7.51165533066, 7.89478445053, 8.27791404724, 8.64943313599, 9.03256225586, 9.41569137573, 9.79882049561, 10.1819496155, 10.5650787354, 10.9482088089, 11.3313379288, 11.7376871109, 12.144036293],
