{
"metadata": {
    "version": {
        "essentia": "2.1-beta5",
        "essentia_git_sha": "Undefined",
        "extractor": "music 2.0"
    },
    "audio_properties": {
        "analysis": {
            "equal_loudness": 0,
            "length": 27.7710666656,
            "sample_rate": 44100,
            "start_time": 162.493240356,
            "downmix": "mix"
        },
        "bit_rate": 192000,
        "length": 190.287536621,
        "lossless": 0,
        "number_channels": 2,
        "replay_gain": -12.1284637451,
        "sample_rate": 48000,
        "codec": "mp3",
        "md5_encoded": "61d9aa05013e4a8c771c235427c205ed"
    },
    "tags": {
        "file_name": "Portugal_Como Tudo Começou_Rui Bandeira.mp3",
        "encoding": ["Lavf58.29.100"]
    }
},
"lowlevel": {
    "average_loudness": 0.977165699005,
    "barkbands_crest": {
        "max": 26.9141960144,
        "mean": 7.28663873672,
        "min": 2.36223006248,
        "stdev": 3.25841975212
    },
    "barkbands_flatness_db": {
        "max": 0.767038285732,
        "mean": 0.121715202928,
        "min": 0.0338402837515,
        "stdev": 0.0455607883632
    },
    "barkbands_kurtosis": {
        "max": 40882.6171875,
        "mean": 56.6761512756,
        "min": -1.65118396282,
        "stdev": 1393.18017578
    },
    "barkbands_skewness": {
        "max": 162.885635376,
        "mean": 0.844593405724,
        "min": -2.54408359528,
        "stdev": 6.31786441803
    },
    "barkbands_spread": {
        "max": 67.8005905151,
        "mean": 22.2648277283,
        "min": 0.00862232409418,
        "stdev": 10.701335907
    },
    "dissonance": {
        "max": 0.499784350395,
        "mean": 0.472361832857,
        "min": 0.350156009197,
        "stdev": 0.0246313717216
    },
    "dynamic_complexity": 1.19580805302,
    "erbbands_crest": {
        "max": 31.3708305359,
        "mean": 8.5834274292,
        "min": 2.16065168381,
        "stdev": 3.51934289932
    },
    "erbbands_flatness_db": {
        "max": 0.323883801699,
        "mean": 0.192261397839,
        "min": 0.0620705448091,
        "stdev": 0.0446190088987
    },
    "erbbands_kurtosis": {
        "max": 12.9368133545,
        "mean": 0.70065253973,
        "min": -1.76145100594,
        "stdev": 1.66342890263
    },
    "erbbands_skewness": {
        "max": 2.77331447601,
        "mean": 0.29183074832,
        "min": -3.17145419121,
        "stdev": 0.839599370956
    },
    "erbbands_spread": {
        "max": 126.119804382,
        "mean": 27.468006134,
        "min": 5.89282178879,
        "stdev": 12.2972326279
    },
    "hfc": {
        "max": 208.169250488,
        "mean": 34.4965782166,
        "min": 9.72632278717e-06,
        "stdev": 17.9513339996
    },
    "loudness_ebu128": {
        "integrated": -10.3986215591,
        "loudness_range": 1.04349517822,
        "momentary": {
            "max": -8.57520484924,
            "mean": -10.4611330032,
            "min": -13.4561405182,
            "stdev": 0.745545685291
        },
        "short_term": {
            "max": -9.63383674622,
            "mean": -10.3984489441,
            "min": -11.3569498062,
            "stdev": 0.362948536873
        }
    },
    "melbands_crest": {
        "max": 39.9980430603,
        "mean": 8.99413585663,
        "min": 3.10176157951,
        "stdev": 4.15409421921
    },
    "melbands_flatness_db": {
        "max": 0.761906504631,
        "mean": 0.131936341524,
        "min": 0.0306386388838,
        "stdev": 0.0498546808958
    },
    "melbands_kurtosis": {
        "max": 140617.96875,
        "mean": 170.686767578,
        "min": -1.76696133614,
        "stdev": 4413.81298828
    },
    "melbands_skewness": {
        "max": 355.870788574,
        "mean": 1.65380132198,
        "min": -1.16143786907,
        "stdev": 12.3111543655
    },
    "melbands_spread": {
        "max": 153.005340576,
        "mean": 35.1612548828,
        "min": 0.00591853586957,
        "stdev": 17.7449512482
    },
    "pitch_salience": {
        "max": 0.869920670986,
        "mean": 0.625253975391,
        "min": 0.000924904539715,
        "stdev": 0.0858104676008
    },
    "silence_rate_20dB": {
        "max": 1,
        "mean": 1,
        "min": 1,
        "stdev": 0
    },
    "silence_rate_30dB": {
        "max": 1,
        "mean": 1,
        "min": 1,
        "stdev": 0
    },
    "silence_rate_60dB": {
        "max": 1,
        "mean": 0.00334168761037,
        "min": 0,
        "stdev": 0.0577106662095
    },
    "spectral_centroid": {
        "max": 4312.42626953,
        "mean": 1794.62695312,
        "min": 456.042114258,
        "stdev": 535.797058105
    },
    "spectral_complexity": {
        "max": 53,
        "mean": 28.5806179047,
        "min": 0,
        "stdev": 9.14121723175
    },
    "spectral_decrease": {
        "max": -7.97439778056e-14,
        "mean": -5.97007598913e-09,
        "min": -2.48187976837e-08,
        "stdev": 2.92349633391e-09
    },
    "spectral_energy": {
        "max": 0.100988872349,
        "mean": 0.0256613977253,
        "min": 3.02009510733e-07,
        "stdev": 0.0117692798376
    },
    "spectral_energyband_high": {
        "max": 0.0361036099494,
        "mean": 0.00139119301457,
        "min": 3.83009006455e-11,
        "stdev": 0.002341510728
    },
    "spectral_energyband_low": {
        "max": 0.0426478087902,
        "mean": 0.00159683940001,
        "min": 1.42379406043e-07,
        "stdev": 0.00326688517816
    },
    "spectral_energyband_middle_high": {
        "max": 0.0408538728952,
        "mean": 0.012775329873,
        "min": 9.74542061632e-12,
        "stdev": 0.00686866464093
    },
    "spectral_energyband_middle_low": {
        "max": 0.0792455896735,
        "mean": 0.01053547021,
        "min": 4.96646300474e-12,
        "stdev": 0.00980361457914
    },
    "spectral_entropy": {
        "max": 8.73046779633,
        "mean": 7.72265148163,
        "min": 6.54524946213,
        "stdev": 0.316278934479
    },
    "spectral_flux": {
        "max": 0.268899649382,
        "mean": 0.0930062308908,
        "min": 0.000809350574855,
        "stdev": 0.0350662730634
    },
    "spectral_kurtosis": {
        "max": 29.0082435608,
        "mean": 4.01907253265,
        "min": -0.665431976318,
        "stdev": 2.69885158539
    },
    "spectral_rms": {
        "max": 0.00992601271719,
        "mean": 0.00488323532045,
        "min": 1.71651809069e-05,
        "stdev": 0.00109064835124
    },
    "spectral_rolloff": {
        "max": 10142.1386719,
        "mean": 2379.50976562,
        "min": 21.533203125,
        "stdev": 1416.11499023
    },
    "spectral_skewness": {
        "max": 3.40519285202,
        "mean": 1.38458955288,
        "min": -0.0152789289132,
        "stdev": 0.408314824104
    },
    "spectral_spread": {
        "max": 19244994,
        "mean": 4082839.5,
        "min": 1761595.625,
        "stdev": 1558726.625
    },
    "spectral_strongpeak": {
        "max": 10.3974332809,
        "mean": 2.175542593,
        "min": 0,
        "stdev": 1.61116278172
    },
    "zerocrossingrate": {
        "max": 0.29052734375,
        "mean": 0.0856915265322,
        "min": 0,
        "stdev": 0.0361252613366
    },
    "barkbands": {
        "max": [0.000427575141657, 0.0138230044395, 0.0240612216294, 0.0258577857167, 0.0540016740561, 0.0492136217654, 0.031096348539, 0.0269337054342, 0.0342975221574, 0.026585675776, 0.0192310493439, 0.0211213454604, 0.0117903379723, 0.0147034730762, 0.0128146791831, 0.0109990602359, 0.0111502762884, 0.00918403733522, 0.00927462242544, 0.0215941872448, 0.0122996838763, 0.00971763767302, 0.00577244255692, 0.00705906935036, 0.00332164717838, 0.00121339852922, 1.53831547323e-06],
        "mean": [2.99768234981e-05, 0.0004371512332, 0.000821918598376, 0.00067807326559, 0.00224878825247, 0.0017439450603, 0.00131921644788, 0.000995155074634, 0.00296169193462, 0.00237949076109, 0.00219577248208, 0.00116808188614, 0.00106373219751, 0.00210948823951, 0.00120461382903, 0.000710162916221, 0.000678719137795, 0.000686143059283, 0.00052664836403, 0.000565283058677, 0.000275228667306, 0.000272164383205, 0.000231180005358, 0.000196969893295, 0.000108148255094, 5.36573206773e-05, 1.42320493168e-08],
        "min": [3.81360614199e-08, 6.15109163604e-09, 7.2395269033e-13, 1.40951204701e-12, 1.37005088264e-12, 8.7068644395e-13, 2.90291770656e-13, 4.80621835733e-13, 4.16212799902e-13, 4.23929093869e-13, 4.54677257216e-13, 4.6112191756e-13, 5.01097861122e-13, 3.87095981354e-13, 5.67761983261e-13, 1.11143407845e-12, 1.30624666899e-12, 1.41088258698e-12, 1.96129982914e-12, 2.01214045426e-12, 1.95457907672e-12, 2.36653600362e-12, 2.74213052438e-12, 3.8572625996e-12, 5.15318907338e-12, 6.27911524859e-12, 1.11660828153e-11],
        "stdev": [3.90612003685e-05, 0.000876283505931, 0.00184024125338, 0.00151921552606, 0.00403922749683, 0.00389987532981, 0.00234740506858, 0.00223553669639, 0.00398358562961, 0.00345563655719, 0.00272485450841, 0.00163953518495, 0.00129870895762, 0.00198307982646, 0.00129665108398, 0.00111320510041, 0.000993384630419, 0.000712952867616, 0.00063234748086, 0.0010209234897, 0.000636544253211, 0.000525666691829, 0.00041934082401, 0.000468902377179, 0.000267173483735, 0.000143816650962, 8.27501054346e-08]
    },
    "erbbands": {
        "max": [0.183082044125, 3.64601182938, 19.4658203125, 70.5338516235, 67.2232055664, 179.536590576, 448.745178223, 322.952911377, 554.306640625, 550.210327148, 661.390197754, 978.876220703, 812.60736084, 1018.14642334, 930.233642578, 618.855957031, 591.654968262, 861.024230957, 729.702880859, 719.323364258, 683.855407715, 576.397216797, 427.288482666, 516.099914551, 811.352355957, 1183.04199219, 796.29888916, 276.497528076, 225.932800293, 363.254516602, 180.599319458, 143.708709717, 98.3140640259, 47.6963424683, 14.771648407, 7.78312063217, 2.25671005249, 0.0805635377765, 0.00201661046594, 0.000208159093745],
        "mean": [0.0071951309219, 0.125271394849, 0.76037633419, 1.81720817089, 4.18426942825, 8.28586959839, 12.8116035461, 13.9049100876, 15.4687566757, 23.8503856659, 29.0910778046, 65.9018554688, 78.6894073486, 72.0438232422, 77.4203720093, 44.2034683228, 50.7471656799, 75.7376174927, 81.0684814453, 75.2878036499, 36.9143333435, 38.0300979614, 38.2988090515, 30.41954422, 27.5148487091, 27.89478302, 15.0658874512, 8.97301483154, 9.4899187088, 8.35309410095, 6.6097202301, 4.78288269043, 2.83197712898, 1.41719067097, 0.670271217823, 0.357247650623, 0.0789186432958, 0.00242765201256, 9.01024613995e-05, 3.99012933485e-05],
        "min": [3.09614165417e-06, 3.8457793039e-07, 4.97513177322e-08, 2.11182218379e-08, 1.29465513865e-08, 9.88458292994e-09, 8.91217943888e-09, 8.43688940932e-09, 8.90018991839e-09, 8.13260747634e-09, 1.3298396162e-08, 1.22130154878e-08, 1.69612963674e-08, 2.10489634611e-08, 1.7463179347e-08, 2.15633608747e-08, 1.82992696551e-08, 2.3746457245e-08, 2.88925239289e-08, 3.70120005755e-08, 7.66192442825e-08, 7.05283227376e-08, 7.71395818333e-08, 9.50025764723e-08, 7.93492844764e-08, 9.80728174227e-08, 8.19608132474e-08, 8.35008435729e-08, 8.35650268982e-08, 8.48791401609e-08, 7.00981530599e-08, 6.06893877375e-08, 7.47481294638e-08, 5.20935898862e-08, 4.10931662032e-08, 2.12024815482e-08, 1.43436347244e-08, 5.35494759646e-09, 2.52307730264e-09, 8.70235106198e-10],
        "stdev": [0.0120548056439, 0.253221392632, 1.63659858704, 4.19379091263, 6.89597606659, 16.4391021729, 33.5749511719, 26.8053417206, 33.7704238892, 43.3092575073, 48.5726852417, 89.4192810059, 110.538398743, 95.2918624878, 87.9362564087, 56.6318435669, 58.763999939, 72.7337188721, 78.5908660889, 92.7239303589, 53.5983467102, 52.1204948425, 38.4841041565, 31.5638904572, 38.5299034119, 50.6264877319, 40.6997947693, 16.4800415039, 17.0060653687, 17.458152771, 12.2660179138, 10.5567159653, 7.03182983398, 3.83254599571, 1.56288802624, 0.872361004353, 0.249898120761, 0.00822893995792, 0.000210620841244, 2.23957194976e-05]
    },
    "gfcc": {
        "mean": [22.1923522949, 84.5869445801, -166.705551147, 26.2990341187, -73.7083282471, 19.7920227051, -41.5727615356, 6.38987064362, -24.6291351318, -6.04659795761, -13.6699857712, -10.9370079041, -5.84428358078],
        "cov": [[3441.08447266, -526.268737793, 140.136871338, -19.2080993652, -262.075317383, 83.081413269, -216.914138794, 49.6009750366, -269.429382324, 158.395568848, -205.026123047, 98.8779296875, -200.613113403], [-526.268737793, 1245.19604492, -389.636016846, 120.898910522, 197.236022949, -350.581207275, 40.9263076782, -165.493484497, 145.079437256, -226.250183105, 180.88822937, -173.094818115, 154.713562012], [140.136871338, -389.636016846, 863.676330566, -45.8821868896, 56.4832763672, 75.6250686646, -229.18371582, 100.701454163, -162.962036133, 201.267608643, -139.488357544, 160.928070068, -164.062423706], [-19.2080993652, 120.898910522, -45.8821868896, 280.461761475, 80.5448226929, -75.1182632446, 30.1891746521, -62.5968780518, 18.5733776093, -44.3839912415, 14.4948196411, -36.2174339294, 36.8076210022], [-262.075317383, 197.236022949, 56.4832763672, 80.5448226929, 288.449920654, -78.9923934937, -36.5527496338, 7.73383140564, 4.56177473068, 33.9197006226, -33.3713226318, -10.0321645737, -1.71128177643], [83.081413269, -350.581207275, 75.6250686646, -75.1182632446, -78.9923934937, 395.657409668, 134.420211792, 71.3450698853, 25.0069484711, -4.10408496857, -57.7311401367, -15.5227985382, -31.3384399414], [-216.914138794, 40.9263076782, -229.18371582, 30.1891746521, -36.5527496338, 134.420211792, 290.892425537, 17.9985752106, 82.5369415283, -97.3532180786, 21.0672264099, -71.4410247803, 42.3663825989], [49.6009750366, -165.493484497, 100.701454163, -62.5968780518, 7.73383140564, 71.3450698853, 17.9985752106, 133.079162598, -6.57124042511, 44.8353691101, -48.2101516724, 21.4684410095, -48.0577964783], [-269.429382324, 145.079437256, -162.962036133, 18.5733776093, 4.56177473068, 25.0069484711, 82.5369415283, -6.57124042511, 144.770050049, -50.1365432739, 43.1179885864, -59.6017456055, 46.4469146729], [158.395568848, -226.250183105, 201.267608643, -44.3839912415, 33.9197006226, -4.10408496857, -97.3532180786, 44.8353691101, -50.1365432739, 166.209442139, -51.5592803955, 68.1884231567, -63.5157241821], [-205.026123047, 180.88822937, -139.488357544, 14.4948196411, -33.3713226318, -57.7311401367, 21.0672264099, -48.2101516724, 43.1179885864, -51.5592803955, 126.578872681, -24.3033447266, 38.1410446167], [98.8779296875, -173.094818115, 160.928070068, -36.2174339294, -10.0321645737, -15.5227985382, -71.4410247803, 21.4684410095, -59.6017456055, 68.1884231567, -24.3033447266, 103.529121399, -31.0077152252], [-200.613113403, 154.713562012, -164.062423706, 36.8076210022, -1.71128177643, -31.3384399414, 42.3663825989, -48.0577964783, 46.4469146729, -63.5157241821, 38.1410446167, -31.0077152252, 100.76612854]],
        "icov": [[0.000595688936301, -0.000524603994563, 0.000733981956728, -0.000714720401447, 0.00107523717452, -0.000636985350866, 0.000685107312165, -0.00026590647758, 0.000932329974603, -0.000693642126862, 0.00126796634868, -0.000614771037363, 0.00131671864074], [-0.000524603994563, 0.00378694105893, -0.00158397562336, 0.00207667169161, -0.00325817847624, 0.00323660578579, -0.00103466864675, 0.00169090833515, -0.00194300233852, 0.00364145473577, -0.0031630534213, 0.0041679488495, -0.00233286665753], [0.000733981956728, -0.00158397562336, 0.00406115688384, -0.00200714566745, 0.00159034971148, -0.00259464140981, 0.00256273709238, -0.00130625534803, 0.0020700939931, -0.00205854931846, 0.00288872327656, -0.00408982066438, 0.00415452755988], [-0.000714720401447, 0.00207667169161, -0.00200714566745, 0.00644318573177, -0.00348396413028, 0.00288124987856, -0.00229399162345, 0.00314408354461, -0.00165859900881, 0.00273930933326, -0.00197149533778, 0.00337027618662, -0.00265747960657], [0.00107523717452, -0.00325817847624, 0.00159034971148, -0.00348396413028, 0.00810526683927, -0.00191329442896, 0.00165146030486, -0.00226340955123, 0.00177652062848, -0.0044814767316, 0.00506672076881, -0.00212792423554, 0.00255764275789], [-0.000636985350866, 0.00323660578579, -0.00259464140981, 0.00288124987856, -0.00191329442896, 0.00722786830738, -0.00352877681144, 0.00111847370863, -0.00276935636066, 0.00317746773362, -0.00127794721629, 0.00468273740262, -0.00207798276097], [0.000685107312165, -0.00103466864675, 0.00256273709238, -0.00229399162345, 0.00165146030486, -0.00352877681144, 0.00796393491328, -0.00271003576927, 0.000197845074581, 0.000869331299327, 0.00170763162896, -0.00101528759114, 0.00175075302832], [-0.00026590647758, 0.00169090833515, -0.00130625534803, 0.00314408354461, -0.00226340955123, 0.00111847370863, -0.00271003576927, 0.0130308857188, -0.00278174201958, 0.000672468740959, 0.00120904669166, 0.000637930352241, 0.00270751374774], [0.000932329974603, -0.00194300233852, 0.0020700939931, -0.00165859900881, 0.00177652062848, -0.00276935636066, 0.000197845074581, -0.00278174201958, 0.0134362578392, -0.0033247161191, -0.000379462813726, 0.00209154910408, -0.000927003740799], [-0.000693642126862, 0.00364145473577, -0.00205854931846, 0.00273930933326, -0.0044814767316, 0.00317746773362, 0.000869331299327, 0.000672468740959, -0.0033247161191, 0.0154078146443, -0.00160942156799, -0.000672131311148, 0.00118993979413], [0.00126796634868, -0.0031630534213, 0.00288872327656, -0.00197149533778, 0.00506672076881, -0.00127794721629, 0.00170763162896, 0.00120904669166, -0.000379462813726, -0.00160942156799, 0.0162070170045, -0.00462163612247, 0.00395526690409], [-0.000614771037363, 0.0041679488495, -0.00408982066438, 0.00337027618662, -0.00212792423554, 0.00468273740262, -0.00101528759114, 0.000637930352241, 0.00209154910408, -0.000672131311148, -0.00462163612247, 0.0232226867229, -0.00585422571748], [0.00131671864074, -0.00233286665753, 0.00415452755988, -0.00265747960657, 0.00255764275789, -0.00207798276097, 0.00175075302832, 0.00270751374774, -0.000927003740799, 0.00118993979413, 0.00395526690409, -0.00585422571748, 0.0216932706535]]
    },
    "melbands": {
        "max": [0.00284461583942, 0.00782805122435, 0.0117807146162, 0.00621332973242, 0.0154365003109, 0.00748236104846, 0.00733676785603, 0.00573815684766, 0.00487198354676, 0.00561604695395, 0.00398562476039, 0.00403651688248, 0.0025816434063, 0.00286736269481, 0.00167939986568, 0.0013116983464, 0.00161026360001, 0.00140927999746, 0.00133049557917, 0.000926211010665, 0.000847341085318, 0.000493835017551, 0.000867698399816, 0.000421683449531, 0.000449467392173, 0.00034079424222, 0.000682480866089, 0.000898722501006, 0.000636058801319, 0.000210657730349, 0.000144810590427, 0.000133634108352, 0.000202422146685, 0.00018150806136, 0.000131408247398, 7.54420325393e-05, 0.000106482686533, 8.65291585797e-05, 7.16214126442e-05, 3.95660681534e-05],
        "mean": [9.43462073337e-05, 0.000328532594722, 0.000380495999707, 0.000436844973592, 0.000454007793451, 0.000321909959894, 0.000238491702476, 0.00025095345336, 0.000284518842818, 0.000410248001572, 0.000395946379285, 0.000297091872199, 0.000313234719215, 0.000121676959679, 0.00012760903337, 0.000107873987872, 0.000149595172843, 0.000156527545187, 8.59470528667e-05, 7.65742443036e-05, 3.79701268685e-05, 3.76615316782e-05, 3.59502446372e-05, 3.80456331186e-05, 2.25144522119e-05, 2.04768148251e-05, 2.02630762942e-05, 1.76712583198e-05, 1.02040548882e-05, 6.27020926913e-06, 4.72489637104e-06, 5.10744621351e-06, 5.69736084799e-06, 4.17162118538e-06, 3.92084120904e-06, 3.39243388225e-06, 2.7360194963e-06, 2.16334410652e-06, 1.46385286826e-06, 1.08737083337e-06],
        "min": [3.16272128487e-08, 6.30614592663e-13, 5.87826553926e-13, 2.50098552979e-13, 1.83832143301e-13, 1.39131097593e-13, 1.06361886529e-13, 7.54732580144e-14, 9.33754348799e-14, 5.99725957372e-14, 8.22223216704e-14, 6.79254693941e-14, 5.14367804534e-14, 5.99537238431e-14, 5.94600323839e-14, 3.54857473701e-14, 4.19880533879e-14, 4.177014908e-14, 3.37360043059e-14, 6.60360099393e-14, 9.07607254868e-14, 7.69573003955e-14, 6.63952400004e-14, 6.01936984415e-14, 7.75760816804e-14, 6.98169752805e-14, 4.33834622415e-14, 7.6066479233e-14, 4.65403743647e-14, 6.67798607211e-14, 3.40435687453e-14, 5.09464974548e-14, 3.81061996465e-14, 3.77389159961e-14, 4.27973357708e-14, 2.76791478328e-14, 3.87545084999e-14, 4.88097585895e-14, 4.84618821581e-14, 4.22288411379e-14],
        "stdev": [0.00017498555826, 0.000680774159264, 0.000745560450014, 0.000703124969732, 0.00106799218338, 0.000628572888672, 0.000480714486912, 0.000477006222354, 0.000421841454227, 0.000573498546146, 0.00056835077703, 0.000405303027947, 0.000367193861166, 0.00018698607164, 0.000169805876794, 0.000123759789858, 0.000143825731357, 0.00017138660769, 9.47606094996e-05, 0.00010282198491, 6.52702146908e-05, 5.38273416169e-05, 5.83857945458e-05, 4.37426133431e-05, 2.61250224867e-05, 2.50550492638e-05, 3.27192465193e-05, 3.74705305148e-05, 3.21748630085e-05, 1.24274392874e-05, 8.60982163431e-06, 9.4198367151e-06, 1.14194617709e-05, 8.88791146281e-06, 8.01813985163e-06, 6.31028160569e-06, 6.82969539412e-06, 5.56903478355e-06, 4.05088167099e-06, 3.04666014017e-06]
    },
    "melbands128": {
        "max": [0.000208154306165, 0.000632509065326, 0.00389977009036, 0.00732347602025, 0.00802379194647, 0.013500796631, 0.0157897863537, 0.0112361833453, 0.00680825999007, 0.0065254541114, 0.0135440621525, 0.0252652317286, 0.0227805990726, 0.0205220859498, 0.00820398982614, 0.0121749937534, 0.012066158466, 0.00934994593263, 0.00672541186213, 0.00975322257727, 0.0106259742752, 0.0103278625757, 0.00562569545582, 0.00815715827048, 0.0123578365892, 0.0115220602602, 0.0105539718643, 0.00665281852707, 0.0085517577827, 0.00434466591105, 0.00796920899302, 0.00540052959695, 0.00473310565576, 0.00631615379825, 0.00488764233887, 0.00309108849615, 0.00189419207163, 0.00325736496598, 0.00273271859623, 0.00285406922922, 0.00156558793969, 0.00272395415232, 0.00337854563259, 0.00213731080294, 0.00399149162695, 0.00234087253921, 0.00118096219376, 0.00208985176869, 0.00161044846755, 0.00250615063123, 0.0012904467294, 0.00103832734749, 0.00219323812053, 0.000794266408775, 0.000737242284231, 0.000743119744584, 0.001439992222, 0.00231678923592, 0.000519556750078, 0.000406365230447, 0.000744837976526, 0.00057638407452, 0.000457469926914, 0.00065875245491, 0.000524632283486, 0.000237147542066, 0.00046876448323, 0.00156730762683, 0.000457835703855, 0.000588628696278, 0.00135379168205, 0.00091973808594, 0.000846643233672, 0.000948524277192, 0.000341256672982, 0.000250367535045, 0.000185802346095, 0.000197487184778, 0.000112449000881, 0.000162299824296, 0.00018265991821, 0.000139543757541, 0.000108195679786, 0.000213429302676, 0.000348894536728, 0.000180790360901, 0.000128254352603, 0.00016235903604, 0.000176137502422, 0.000105996230559, 6.74850307405e-05, 8.09957564343e-05, 0.000107072963146, 0.000115076276415, 0.000133450579597, 0.000130115353386, 7.38848611945e-05, 5.19158129464e-05, 0.000112981113489, 9.16821954888e-05, 6.46996631986e-05, 4.76988316223e-05, 3.10840150632e-05, 2.48883352469e-05, 2.72906308965e-05, 1.93824253074e-05, 1.54403587658e-05, 1.4606131117e-05, 1.94805415958e-05, 1.70308576344e-05, 1.71268457052e-05, 1.13234591481e-05, 1.33917010317e-05, 4.96584516441e-06, 2.54816228562e-07, 1.35920586786e-07, 5.01719767954e-08, 3.86753828963e-09, 3.71147867995e-09, 3.58713703186e-09, 3.47592155059e-09, 3.36129835077e-09, 3.28489169199e-09, 3.21259263636e-09, 3.15062975709e-09, 3.10243963852e-09, 3.06584446719e-09, 3.04404612628e-09],
        "mean": [1.90044011106e-05, 3.94073576899e-05, 0.000110021981527, 0.000227150085266, 0.000335128919687, 0.000429753563367, 0.000355064199539, 0.000350756046828, 0.000441615033196, 0.000395674374886, 0.000482690898934, 0.00048023177078, 0.000407629500842, 0.000498043023981, 0.000314180448186, 0.000226970398217, 0.000260053086095, 0.00021893986559, 0.000218068540562, 0.000332040246576, 0.00020981709531, 0.000200426293304, 0.000198547510081, 0.000481091730762, 0.000531504687387, 0.000288715178613, 0.000401437107939, 0.000364842882846, 0.000510712736286, 0.000229913843214, 0.00020642922027, 0.000409588043112, 0.00043211306911, 0.000130433982122, 0.00016994640464, 9.00889572222e-05, 9.28616209421e-05, 0.000149019164382, 0.000146720616613, 8.70595467859e-05, 6.29558999208e-05, 0.000199876260012, 9.96380549623e-05, 0.000100228375231, 0.000354581046849, 9.74608337856e-05, 5.60997723369e-05, 5.69660005567e-05, 9.96122325887e-05, 0.000168995713466, 4.11876972066e-05, 3.07407244691e-05, 5.1097234973e-05, 3.3807617001e-05, 2.72181659966e-05, 4.08291962231e-05, 3.83686710848e-05, 5.20151697856e-05, 2.65289272647e-05, 2.40522913373e-05, 5.02539987792e-05, 3.84769627999e-05, 1.94138556253e-05, 1.88554440683e-05, 2.54006918112e-05, 1.93309206225e-05, 1.88176090887e-05, 2.01098609978e-05, 1.76554531208e-05, 2.53682210314e-05, 1.93252890313e-05, 1.36625367304e-05, 1.11444314825e-05, 1.039239487e-05, 8.11198879092e-06, 6.20647688265e-06, 5.56161739951e-06, 5.17833768754e-06, 4.39905034e-06, 4.49173785455e-06, 4.81563620269e-06, 5.41907502338e-06, 5.83611790717e-06, 5.92351671003e-06, 5.66943754166e-06, 3.92047104469e-06, 3.93359687223e-06, 3.94169228457e-06, 4.24070321969e-06, 3.59086402568e-06, 3.37717165166e-06, 3.45302510141e-06, 3.17664580507e-06, 2.63394440481e-06, 2.38849384004e-06, 2.8695878882e-06, 1.88134981727e-06, 1.62335572895e-06, 1.56230555604e-06, 1.29545594518e-06, 1.32416823817e-06, 1.06012657852e-06, 8.13352983187e-07, 6.67907386287e-07, 7.74030354478e-07, 7.25395921108e-07, 7.54883956233e-07, 5.65730886137e-07, 6.66485334477e-07, 6.09174207966e-07, 5.82285906603e-07, 3.21822057003e-07, 2.19470379648e-07, 8.40435774307e-08, 3.98008515035e-09, 1.89039139897e-09, 5.11626074839e-10, 8.76098846248e-12, 7.62791999703e-12, 7.36834985388e-12, 7.16242516685e-12, 6.933532741e-12, 6.75614078571e-12, 6.58007155707e-12, 6.29585099332e-12, 5.94000673301e-12, 5.74603038761e-12, 5.68953694921e-12],
        "min": [1.1568630498e-09, 3.73043462787e-08, 1.38808964323e-09, 8.4549863855e-13, 6.38187961678e-13, 2.92113447146e-13, 1.05256797202e-12, 3.2590914017e-13, 4.03078503734e-13, 1.00634060004e-13, 2.89429667299e-13, 1.87889254936e-13, 1.70831922284e-13, 1.61291119349e-13, 5.35518047821e-14, 2.20097811504e-13, 1.20658501636e-13, 7.23254599657e-14, 8.62025023845e-14, 5.68111096361e-14, 6.3939169714e-14, 1.04769437483e-13, 7.38090280084e-14, 6.01025170388e-14, 6.62754763179e-14, 2.17652298636e-14, 4.58054750271e-14, 7.74775886893e-14, 6.38135784449e-14, 3.6545666802e-14, 5.58938745981e-14, 5.71648102661e-14, 3.10318041879e-14, 5.96309500801e-14, 6.79943839947e-14, 6.8221117774e-14, 2.69095218385e-14, 7.54024392837e-14, 4.91716009002e-14, 1.36750055791e-14, 4.17105687825e-14, 5.01827244581e-14, 4.42075304315e-14, 3.09409853153e-14, 2.26585616318e-14, 6.29874705995e-14, 1.73048390667e-14, 1.98837918109e-14, 3.63051941483e-14, 2.91312418253e-14, 5.4075670943e-14, 1.34186715559e-13, 5.32488956357e-14, 9.83635848012e-14, 7.69511339957e-14, 6.16719064597e-14, 5.8350676721e-14, 2.46652436702e-14, 3.30910497029e-14, 6.7516928463e-14, 5.60390628216e-14, 5.02193772678e-14, 5.10197522522e-14, 7.30762564176e-14, 6.04303526707e-14, 5.68249569307e-14, 4.05730814614e-14, 3.06018096063e-14, 3.36010956743e-14, 2.91159410221e-14, 6.28517826977e-14, 1.23328037778e-13, 6.49364053197e-14, 2.02813196196e-14, 2.41962669383e-14, 1.04398708103e-13, 5.4641519445e-14, 2.83100620176e-14, 2.66263485598e-14, 4.20072878121e-14, 4.54676240776e-14, 4.55974911691e-14, 2.78613886655e-14, 2.08262294671e-14, 4.16141832094e-14, 4.12730491602e-14, 3.09526642056e-14, 4.19746838199e-14, 4.81729592198e-14, 3.52480902539e-14, 2.33407907666e-14, 2.88100570961e-14, 2.49338412059e-14, 3.37503835372e-14, 2.16674771793e-14, 3.32648337586e-14, 6.65826036883e-14, 5.60218646646e-14, 4.48721429751e-14, 5.6500495878e-14, 1.84743069638e-14, 4.58752840945e-14, 5.45774735898e-14, 3.32676425199e-14, 4.12073871661e-14, 3.74452496733e-14, 3.97022265595e-14, 4.17319682229e-14, 1.68629978823e-14, 2.57140703587e-14, 4.4629271524e-14, 5.19758389973e-14, 3.03217229157e-14, 3.43711468792e-14, 3.05646146955e-14, 3.36307519918e-14, 3.94493397909e-14, 3.29545723663e-14, 4.02253879891e-14, 3.11884070273e-14, 3.85981428297e-14, 3.90867859726e-14, 3.94946729943e-14, 3.80567837443e-14, 3.0926965226e-14, 1.20116319235e-14, 1.20312316306e-15, 5.14053343817e-17],
        "stdev": [2.2431177058e-05, 6.13475058344e-05, 0.000226140327868, 0.000489740225021, 0.000706500257365, 0.000977210584097, 0.000933379284106, 0.000724793353584, 0.000791284546722, 0.000705567537807, 0.00109472917393, 0.00143784144893, 0.00139054120518, 0.00144749379251, 0.000636310782284, 0.000617624958977, 0.000691334193107, 0.000597196805757, 0.000448208564194, 0.000691002060194, 0.000609652022831, 0.000583304441534, 0.000442973541794, 0.000737324880902, 0.000900646788068, 0.00080125691602, 0.000917441851925, 0.000689583248459, 0.000999525655061, 0.00041481453809, 0.000552397803403, 0.000594743411057, 0.000584101886488, 0.000329242058797, 0.000309664930683, 0.000201119444682, 0.000178537040483, 0.000276543811196, 0.000240626119194, 0.000185335127753, 0.000118707459478, 0.000299025850836, 0.000188829013496, 0.000195292610442, 0.000468511134386, 0.000151207728777, 9.13411640795e-05, 0.000116946859634, 0.000137190509122, 0.000281377433566, 9.61977493716e-05, 6.18636695435e-05, 0.000129675929202, 6.21623767074e-05, 5.59062427783e-05, 7.88203033153e-05, 8.61499720486e-05, 0.000129140651552, 4.3765805458e-05, 3.5059707443e-05, 7.15697970008e-05, 5.37735759281e-05, 3.21091392834e-05, 3.02162388834e-05, 4.20213509642e-05, 2.61807763309e-05, 3.24071806972e-05, 5.41759363841e-05, 3.38969039149e-05, 3.87189102184e-05, 4.74348053103e-05, 4.43184289907e-05, 3.86924039049e-05, 4.16448674514e-05, 1.8478704078e-05, 1.36475209729e-05, 1.04258506326e-05, 1.05661447378e-05, 8.26316954772e-06, 9.16375665838e-06, 1.13284459076e-05, 1.08855338112e-05, 1.09606744445e-05, 1.36366734296e-05, 1.49331071952e-05, 9.69106895354e-06, 8.1727421275e-06, 9.04944226932e-06, 9.79691139946e-06, 7.45838042349e-06, 6.10857705396e-06, 7.41870144338e-06, 7.88095530879e-06, 6.91578725309e-06, 7.09004189048e-06, 7.8373013821e-06, 5.22041273143e-06, 4.15778640672e-06, 5.03127057527e-06, 4.20861624661e-06, 4.1649564082e-06, 3.10953896587e-06, 2.38806069319e-06, 1.76023229415e-06, 2.01016018764e-06, 1.76741730229e-06, 1.87671594176e-06, 1.40726865538e-06, 1.73427883965e-06, 1.63666857134e-06, 1.79143751211e-06, 1.05275375972e-06, 1.00221484445e-06, 4.08273081121e-07, 1.58466875178e-08, 7.91013654577e-09, 2.72600719775e-09, 1.1262119709e-10, 1.07717418318e-10, 1.04083068553e-10, 1.00877084463e-10, 9.75148156668e-11, 9.52622078443e-11, 9.31318841491e-11, 9.11952943716e-11, 8.96759541624e-11, 8.86041170989e-11, 8.79747108495e-11]
    },
    "mfcc": {
        "mean": [-598.575683594, 104.987960815, -31.3555698395, 2.78122544289, -9.50527381897, 2.01987481117, -3.83107924461, 3.42345690727, -6.60196495056, 6.10502099991, -4.53998327255, -7.56843519211, -7.22658205032],
        "cov": [[2267.62792969, -314.293334961, 85.9809341431, -13.1187152863, -143.288452148, 19.4142608643, 21.5343170166, -38.3684463501, -42.811958313, -31.740694046, -35.0832862854, -9.03081703186, -47.6051597595], [-314.293334961, 937.049987793, -250.555282593, 229.961074829, 130.417739868, -140.775115967, -78.1989059448, -69.2592926025, -61.5696182251, -65.0335998535, -2.81290960312, -17.1637935638, 6.71916007996], [85.9809341431, -250.555282593, 586.169616699, -126.549255371, 71.8999252319, 27.2114830017, 7.24818897247, -13.9865274429, -45.5212440491, -3.35963964462, -2.65365600586, 0.603188633919, 9.20091915131], [-13.1187152863, 229.961074829, -126.549255371, 461.228271484, 111.246643066, -60.2164230347, -50.5668640137, -101.008171082, -21.5116195679, -93.3795776367, -30.9473247528, 23.2953262329, 35.0952072144], [-143.288452148, 130.417739868, 71.8999252319, 111.246643066, 284.29598999, -26.2544231415, -40.3039588928, -92.4063262939, -19.629945755, -23.8341274261, 1.57152664661, -12.1687250137, 37.526386261], [19.4142608643, -140.775115967, 27.2114830017, -60.2164230347, -26.2544231415, 190.507843018, 52.3494873047, 68.9983520508, 55.0789604187, 63.3987312317, -9.29738140106, -9.43097305298, -42.3980751038], [21.5343170166, -78.1989059448, 7.24818897247, -50.5668640137, -40.3039588928, 52.3494873047, 130.852005005, 61.1959190369, 36.2759895325, 22.430437088, 18.0590496063, -6.7937836647, -23.1784305573], [-38.3684463501, -69.2592926025, -13.9865274429, -101.008171082, -92.4063262939, 68.9983520508, 61.1959190369, 185.343338013, 55.6958236694, 72.9616394043, -3.99531674385, 0.729869961739, -48.7324790955], [-42.811958313, -61.5696182251, -45.5212440491, -21.5116195679, -19.629945755, 55.0789604187, 36.2759895325, 55.6958236694, 137.8409729, 51.6650733948, 3.63707065582, 1.01640999317, -22.5751094818], [-31.740694046, -65.0335998535, -3.35963964462, -93.3795776367, -23.8341274261, 63.3987312317, 22.430437088, 72.9616394043, 51.6650733948, 134.733078003, 17.8552017212, -3.91668891907, -27.7857189178], [-35.0832862854, -2.81290960312, -2.65365600586, -30.9473247528, 1.57152664661, -9.29738140106, 18.0590496063, -3.99531674385, 3.63707065582, 17.8552017212, 77.2089614868, 16.6401309967, 2.78192853928], [-9.03081703186, -17.1637935638, 0.603188633919, 23.2953262329, -12.1687250137, -9.43097305298, -6.7937836647, 0.729869961739, 1.01640999317, -3.91668891907, 16.6401309967, 69.8761672974, 17.8743667603], [-47.6051597595, 6.71916007996, 9.20091915131, 35.0952072144, 37.526386261, -42.3980751038, -23.1784305573, -48.7324790955, -22.5751094818, -27.7857189178, 2.78192853928, 17.8743667603, 82.1531829834]],
        "icov": [[0.000505917763803, 0.000179488502908, -3.60043086403e-05, -9.50095054577e-05, 0.000271633878583, 6.121196202e-05, -0.000110101762402, 0.000334193231538, 0.000189936763491, -1.60947201948e-05, 0.000217604552745, 1.64290431712e-05, 0.000433598121163], [0.000179488502908, 0.00171420618426, 0.000674416602124, -0.000459919101559, -0.000707873958163, 0.000925378699321, 0.000360153819202, -0.000343118997989, 0.000656914140563, 0.000104800485133, -0.000175522844074, 0.00043719165842, 0.000910529284738], [-3.60043086403e-05, 0.000674416602124, 0.00238739303313, 0.000721408403479, -0.00122693344019, -7.19855452189e-05, -0.000124109777971, -9.23355546547e-05, 0.00101691088639, 0.000366655993275, 0.000383153936127, -0.000491530867293, 0.000279341562418], [-9.50095054577e-05, -0.000459919101559, 0.000721408403479, 0.00351029378362, -0.00112794653978, -0.000164616692928, -5.48823190911e-05, 0.000881447980646, -0.000486461649416, 0.00157065049279, 0.00148104131222, -0.00181343045551, 8.17996988189e-05], [0.000271633878583, -0.000707873958163, -0.00122693344019, -0.00112794653978, 0.00556117203087, -0.000617374840658, 0.000372136652004, 0.00211639842018, -0.000603301916271, -0.000972673471551, -0.000605265377089, 0.0016271622153, -0.00149218935985], [6.121196202e-05, 0.000925378699321, -7.19855452189e-05, -0.000164616692928, -0.000617374840658, 0.00827137008309, -0.00189095537644, -0.000518429733347, -0.00102933554444, -0.00238806172274, 0.00195210159291, -0.000132857458084, 0.00262014009058], [-0.000110101762402, 0.000360153819202, -0.000124109777971, -5.48823190911e-05, 0.000372136652004, -0.00189095537644, 0.0108546642587, -0.00308938603848, -0.00139610189945, 0.00203611701727, -0.00384159828536, 0.00203484296799, 2.04843327083e-05], [0.000334193231538, -0.000343118997989, -9.23355546547e-05, 0.000881447980646, 0.00211639842018, -0.000518429733347, -0.00308938603848, 0.0106451390311, -0.0011987099424, -0.00349015300162, 0.00285792630166, -0.00204854994081, 0.00290328427218], [0.000189936763491, 0.000656914140563, 0.00101691088639, -0.000486461649416, -0.000603301916271, -0.00102933554444, -0.00139610189945, -0.0011987099424, 0.0100967362523, -0.00244122929871, 0.000290454510832, -0.00060058926465, 0.000859334890265], [-1.60947201948e-05, 0.000104800485133, 0.000366655993275, 0.00157065049279, -0.000972673471551, -0.00238806172274, 0.00203611701727, -0.00349015300162, -0.00244122929871, 0.0125622488558, -0.003226892557, 0.000609373499174, 0.000540704058949], [0.000217604552745, -0.000175522844074, 0.000383153936127, 0.00148104131222, -0.000605265377089, 0.00195210159291, -0.00384159828536, 0.00285792630166, 0.000290454510832, -0.003226892557, 0.016758017242, -0.005164608825, 0.000904846820049], [1.64290431712e-05, 0.00043719165842, -0.000491530867293, -0.00181343045551, 0.0016271622153, -0.000132857458084, 0.00203484296799, -0.00204854994081, -0.00060058926465, 0.000609373499174, -0.005164608825, 0.0178935509175, -0.00432662339881], [0.000433598121163, 0.000910529284738, 0.000279341562418, 8.17996988189e-05, -0.00149218935985, 0.00262014009058, 2.04843327083e-05, 0.00290328427218, 0.000859334890265, 0.000540704058949, 0.000904846820049, -0.00432662339881, 0.0173744801432]]
    },
    "spectral_contrast_coeffs": {
        "max": [-0.339605093002, -0.51405787468, -0.473110049963, -0.579629182816, -0.626235723495, -0.461064189672],
        "mean": [-0.704458892345, -0.757918894291, -0.732574462891, -0.758885145187, -0.770023584366, -0.732250392437],
        "min": [-0.952036142349, -0.944791793823, -0.945290863514, -0.936684668064, -0.935275733471, -0.912800192833],
        "stdev": [0.0795168802142, 0.0639578327537, 0.0668778568506, 0.0504786036909, 0.038751102984, 0.0561748445034]
    },
    "spectral_contrast_valleys": {
        "max": [-4.90638923645, -4.65374755859, -5.22131872177, -5.61837434769, -5.81036615372, -7.69394540787],
        "mean": [-7.07971334457, -6.38752031326, -6.73589229584, -6.92132663727, -7.04338312149, -10.0787782669],
        "min": [-16.8505802155, -17.7489700317, -17.5517272949, -17.2812843323, -16.3474407196, -17.9433307648],
        "stdev": [0.789269506931, 0.742192387581, 0.720024347305, 0.669175744057, 0.722593128681, 0.977819263935]
    }
},
"rhythm": {
    "beats_count": 57,
    "beats_loudness": {
        "max": 0.0760002359748,
        "mean": 0.0268272124231,
        "min": 0.0140246925876,
        "stdev": 0.0109700672328
    },
    "bpm": 128.124954224,
    "bpm_histogram_first_peak_bpm": 129,
    "bpm_histogram_first_peak_weight": 0.340909063816,
    "bpm_histogram_second_peak_bpm": 112,
    "bpm_histogram_second_peak_spread": 0.428571403027,
    "bpm_histogram_second_peak_weight": 0.0714285746217,
    "danceability": 1.47296464443,
    "onset_rate": 3.27542257309,
    "beats_loudness_band_ratio": {
        "max": [0.667175292969, 0.839625477791, 0.699639379978, 0.739219427109, 0.418509632349, 0.554345369339],
        "mean": [0.142301291227, 0.140807509422, 0.195952534676, 0.261058151722, 0.16465087235, 0.141255691648],
        "min": [0.00193148420658, 0.00205393717624, 0.0595970973372, 0.0148970633745, 0.0166425220668, 0.00384809891693],
        "stdev": [0.148790508509, 0.148898363113, 0.122931942344, 0.16867120564, 0.0967564880848, 0.110277399421]
    },
    "beats_position": [0.476009070873, 0.952018141747, 1.4164172411, 1.88081634045, 2.35682535172, 2.83283448219, 3.29723358154, 3.76163268089, 4.22603178024, 4.69043064117, 5.15482997894, 5.61922883987, 6.08362817764, 6.54802703857, 7.02403593063, 7.50004529953, 7.97605419159, 8.45206356049, 8.91646194458, 9.38086128235, 9.84526062012, 10.3096599579, 10.7856683731, 11.261677742, 11.7260770798, 12.1904764175, 12.6664848328, 13.1424942017, 13.6068935394, 14.0712919235, 14.5356912613, 15.0000905991, 15.4644899368, 15.9288883209, 16.4048976898, 16.8809070587, 17.3453063965, 17.8097057343, 18.2741031647, 18.7385025024, 19.2029018402, 19.667301178, 20.1317005157, 20.6193199158, 21.0953292847, 21.5713367462, 22.0589561462, 22.5697956085, 23.0806350708, 23.5914726257, 24.1255321503, 24.6595916748, 25.1936511993, 25.7160987854, 26.2385482788, 26.7726078033, 27.3182754517],
