{
"metadata": {
    "version": {
        "essentia": "2.1-beta5",
        "essentia_git_sha": "Undefined",
        "extractor": "music 2.0"
    },
    "audio_properties": {
        "analysis": {
            "equal_loudness": 0,
            "length": 32.4963264465,
            "sample_rate": 44100,
            "start_time": 29.0017242432,
            "downmix": "mix"
        },
        "bit_rate": 192000,
        "length": 189.811523438,
        "lossless": 0,
        "number_channels": 2,
        "replay_gain": -13.3700141907,
        "sample_rate": 48000,
        "codec": "mp3",
        "md5_encoded": "7be64e93837038bf48a4ae93ee6389fd"
    },
    "tags": {
        "file_name": "Netherlands_One Good Reason_Marlayne.mp3",
        "encoding": ["Lavf58.29.100"]
    }
},
"lowlevel": {
    "average_loudness": 0.967895567417,
    "barkbands_crest": {
        "max": 24.6763210297,
        "mean": 9.10886955261,
        "min": 2.24958729744,
        "stdev": 4.3552441597
    },
    "barkbands_flatness_db": {
        "max": 0.292225182056,
        "mean": 0.145385608077,
        "min": 0.079606205225,
        "stdev": 0.033703789115
    },
    "barkbands_kurtosis": {
        "max": 59.6059837341,
        "mean": 1.57721781731,
        "min": -1.862429142,
        "stdev": 4.91480827332
    },
    "barkbands_skewness": {
        "max": 7.08102416992,
        "mean": 1.04231321812,
        "min": -3.1056728363,
        "stdev": 1.04002094269
    },
    "barkbands_spread": {
        "max": 91.7328033447,
        "mean": 29.8272571564,
        "min": 2.43264007568,
        "stdev": 14.3884468079
    },
    "dissonance": {
        "max": 0.499999970198,
        "mean": 0.469238847494,
        "min": 0.278943538666,
        "stdev": 0.0239276103675
    },
    "dynamic_complexity": 2.05897498131,
    "erbbands_crest": {
        "max": 24.4329032898,
        "mean": 8.12888908386,
        "min": 2.24075388908,
        "stdev": 3.90993118286
    },
    "erbbands_flatness_db": {
        "max": 0.25841447711,
        "mean": 0.174150362611,
        "min": 0.098062954843,
        "stdev": 0.0301860366017
    },
    "erbbands_kurtosis": {
        "max": 19.9757156372,
        "mean": -0.0567246861756,
        "min": -1.79464280605,
        "stdev": 1.80924332142
    },
    "erbbands_skewness": {
        "max": 2.90785336494,
        "mean": 0.158976018429,
        "min": -3.88731074333,
        "stdev": 0.766663968563
    },
    "erbbands_spread": {
        "max": 125.253807068,
        "mean": 45.3178215027,
        "min": 11.482298851,
        "stdev": 17.5863609314
    },
    "hfc": {
        "max": 126.87789917,
        "mean": 25.6577224731,
        "min": 0.521311223507,
        "stdev": 18.482925415
    },
    "loudness_ebu128": {
        "integrated": -10.3327445984,
        "loudness_range": 2.06058883667,
        "momentary": {
            "max": -7.44368743896,
            "mean": -10.5651130676,
            "min": -15.7746582031,
            "stdev": 1.47199261189
        },
        "short_term": {
            "max": -8.97809505463,
            "mean": -10.3946218491,
            "min": -11.8623933792,
            "stdev": 0.662904024124
        }
    },
    "melbands_crest": {
        "max": 29.5840454102,
        "mean": 12.1471853256,
        "min": 3.31645536423,
        "stdev": 5.13647270203
    },
    "melbands_flatness_db": {
        "max": 0.341129332781,
        "mean": 0.133629158139,
        "min": 0.0284331124276,
        "stdev": 0.048315435648
    },
    "melbands_kurtosis": {
        "max": 190.704269409,
        "mean": 9.11017990112,
        "min": -1.87832319736,
        "stdev": 15.690281868
    },
    "melbands_skewness": {
        "max": 11.4923830032,
        "mean": 2.23911762238,
        "min": -0.44886469841,
        "stdev": 1.45114350319
    },
    "melbands_spread": {
        "max": 245.404602051,
        "mean": 38.5038375854,
        "min": 1.98252332211,
        "stdev": 31.0138607025
    },
    "pitch_salience": {
        "max": 0.833432853222,
        "mean": 0.58955514431,
        "min": 0.16472864151,
        "stdev": 0.104470349848
    },
    "silence_rate_20dB": {
        "max": 1,
        "mean": 1,
        "min": 1,
        "stdev": 0
    },
    "silence_rate_30dB": {
        "max": 1,
        "mean": 1,
        "min": 1,
        "stdev": 0
    },
    "silence_rate_60dB": {
        "max": 1,
        "mean": 0.00999286212027,
        "min": 0,
        "stdev": 0.0994647890329
    },
    "spectral_centroid": {
        "max": 5412.68896484,
        "mean": 1790.63110352,
        "min": 343.178161621,
        "stdev": 726.809326172
    },
    "spectral_complexity": {
        "max": 59,
        "mean": 21.631690979,
        "min": 1,
        "stdev": 9.33048534393
    },
    "spectral_decrease": {
        "max": -1.08842032609e-10,
        "mean": -5.07928810123e-09,
        "min": -2.89980395252e-08,
        "stdev": 3.77087161496e-09
    },
    "spectral_energy": {
        "max": 0.11136803776,
        "mean": 0.0214976370335,
        "min": 0.000458077556686,
        "stdev": 0.0149736506864
    },
    "spectral_energyband_high": {
        "max": 0.0154985012487,
        "mean": 0.00173763441853,
        "min": 2.04095231311e-05,
        "stdev": 0.00202091829851
    },
    "spectral_energyband_low": {
        "max": 0.103134274483,
        "mean": 0.00359790236689,
        "min": 2.84041161649e-05,
        "stdev": 0.00951254367828
    },
    "spectral_energyband_middle_high": {
        "max": 0.0330513417721,
        "mean": 0.00562235247344,
        "min": 0.000115180322609,
        "stdev": 0.00532379141077
    },
    "spectral_energyband_middle_low": {
        "max": 0.0701644867659,
        "mean": 0.0109179066494,
        "min": 0.000264756468823,
        "stdev": 0.00992634426802
    },
    "spectral_entropy": {
        "max": 8.58062744141,
        "mean": 7.77573060989,
        "min": 6.53176736832,
        "stdev": 0.323928356171
    },
    "spectral_flux": {
        "max": 0.292313694954,
        "mean": 0.0896240398288,
        "min": 0.0151697956026,
        "stdev": 0.0429143048823
    },
    "spectral_kurtosis": {
        "max": 11.4709091187,
        "mean": 1.78108739853,
        "min": -1.34406936169,
        "stdev": 1.4504185915
    },
    "spectral_rms": {
        "max": 0.0104236146435,
        "mean": 0.00432878825814,
        "min": 0.000668509455863,
        "stdev": 0.00149495096412
    },
    "spectral_rolloff": {
        "max": 9603.80859375,
        "mean": 2579.13037109,
        "min": 86.1328125,
        "stdev": 1987.47265625
    },
    "spectral_skewness": {
        "max": 2.53184199333,
        "mean": 1.0243383646,
        "min": -0.356954306364,
        "stdev": 0.334314793348
    },
    "spectral_spread": {
        "max": 16050353,
        "mean": 4705823,
        "min": 2748321.25,
        "stdev": 1284245.375
    },
    "spectral_strongpeak": {
        "max": 10.6630935669,
        "mean": 1.17626857758,
        "min": 0.0291675068438,
        "stdev": 1.24021482468
    },
    "zerocrossingrate": {
        "max": 0.32763671875,
        "mean": 0.090793825686,
        "min": 0.01513671875,
        "stdev": 0.0465192496777
    },
    "barkbands": {
        "max": [0.00149387458805, 0.097568564117, 0.030870936811, 0.0115894088522, 0.0643031597137, 0.0546183660626, 0.0364073514938, 0.0394245497882, 0.0459540337324, 0.0299408156425, 0.0142752984539, 0.019454004243, 0.0182607527822, 0.0173069238663, 0.011047590524, 0.00809075124562, 0.00876279640943, 0.005953643471, 0.00642996001989, 0.00841705221683, 0.00581083958969, 0.00664648879319, 0.00494260620326, 0.00545504316688, 0.00305934459902, 4.73304879733e-07, 3.38377020626e-07],
        "mean": [5.76631100557e-05, 0.00227750488557, 0.00101741193794, 0.000502600742038, 0.0033177966252, 0.0024785886053, 0.00166540837381, 0.0013414969435, 0.0013766590273, 0.00082751037553, 0.000507057586219, 0.000752113526687, 0.000562705390621, 0.000602935033385, 0.000467744714115, 0.000490564969368, 0.000454309105407, 0.000473888969282, 0.000344653759385, 0.00063861720264, 0.00031147361733, 0.000245791219641, 0.000326194363879, 0.000358655437594, 9.82957499218e-05, 3.5064593451e-09, 1.49657453097e-09],
        "min": [9.22495502209e-09, 6.06859771324e-07, 2.36152641264e-06, 3.85135308534e-07, 2.2849868401e-05, 1.21587277135e-06, 4.7029407142e-06, 2.90125808533e-06, 9.3278777058e-06, 2.78172751678e-06, 2.43362637775e-06, 4.11453220295e-06, 1.0121809737e-06, 1.40660131365e-06, 1.39120641052e-06, 1.04262517198e-05, 7.00118380337e-06, 8.03830153018e-06, 6.76139643474e-06, 7.39975030228e-06, 7.70955239204e-07, 5.47012632524e-06, 3.32094828082e-06, 2.33954074247e-06, 4.18554805037e-07, 6.45044868214e-12, 8.28951664256e-12],
        "stdev": [0.000163917167811, 0.00753376819193, 0.00248999428004, 0.000792754057329, 0.0057628354989, 0.00483660725877, 0.00308130402118, 0.00320316501893, 0.00294975819997, 0.00172673212364, 0.000973601825535, 0.00165570783429, 0.00131656078156, 0.00136488233693, 0.000833171769045, 0.000840810243972, 0.000714486755896, 0.000607255962677, 0.000488556397613, 0.00106554885861, 0.000491580169182, 0.000454087828984, 0.000483076611999, 0.000611673924141, 0.000216487882426, 2.44590161458e-08, 1.09000701798e-08]
    },
    "erbbands": {
        "max": [2.20993614197, 23.4932804108, 42.4095191956, 30.3914051056, 44.0784111023, 327.585845947, 482.05480957, 548.810852051, 645.88079834, 444.129394531, 875.584594727, 1218.29724121, 1334.34960938, 360.14630127, 404.223907471, 841.92767334, 842.061401367, 971.851257324, 924.820983887, 414.077880859, 532.729553223, 460.426086426, 378.976135254, 281.902618408, 207.092056274, 460.234863281, 367.472045898, 127.467773438, 196.180419922, 174.328613281, 161.785842896, 126.361740112, 98.2945251465, 63.2073135376, 3.49209523201, 0.100313417614, 0.00740430504084, 0.0010449141264, 0.000236401392613, 0.000123597521451],
        "mean": [0.0563099347055, 0.541172981262, 1.21817278862, 1.50129759312, 3.5566868782, 13.1246166229, 20.6967754364, 20.4691295624, 22.6274166107, 25.2902107239, 33.576259613, 30.636177063, 27.7281799316, 23.3895626068, 19.1700305939, 30.6147670746, 27.1654396057, 23.8554668427, 33.0829391479, 23.3257751465, 28.5097618103, 27.514125824, 26.0550842285, 21.9133548737, 17.7564105988, 28.6497516632, 20.9505271912, 8.74778938293, 8.91151714325, 8.07742118835, 9.88301563263, 8.645362854, 5.24427986145, 2.22794032097, 0.110315807164, 0.0035265260376, 0.000313528929837, 5.4014075431e-05, 2.42993155553e-05, 3.0442219213e-05],
        "min": [3.52647475665e-05, 0.00035733889672, 0.00410943059251, 0.0341419763863, 0.0543241538107, 0.0919112712145, 0.0670269951224, 0.0159284006804, 0.0610000044107, 0.156002238393, 0.251706570387, 0.285080730915, 0.219420865178, 0.0498911775649, 0.219737678766, 0.209504380822, 0.0591848827899, 0.0410290583968, 0.0742113515735, 0.488259464502, 0.602793991566, 0.935944616795, 0.629514336586, 0.365966439247, 0.380204230547, 0.396267771721, 0.0562173910439, 0.083269149065, 0.203887626529, 0.150796860456, 0.0739583224058, 0.0599481388927, 0.039862845093, 0.0114516345784, 0.00057285244111, 2.96191265079e-05, 5.51657831238e-06, 1.35003608648e-06, 1.00308795936e-06, 7.0762479254e-07],
        "stdev": [0.184147745371, 1.82903516293, 3.29209828377, 2.45907950401, 4.539021492, 25.7433128357, 37.0668945312, 44.3243484497, 48.4658699036, 43.8422355652, 72.9070358276, 71.4934844971, 62.7213401794, 34.6086654663, 31.7482852936, 70.0219039917, 57.1156387329, 47.2683563232, 73.3454818726, 33.3977088928, 47.5571670532, 39.5559272766, 33.1132469177, 27.6674194336, 22.445186615, 48.9556999207, 36.1575775146, 12.4183769226, 16.1634368896, 13.962679863, 14.8436880112, 14.2742567062, 9.37901210785, 4.65899038315, 0.239924684167, 0.00715854205191, 0.000571544456761, 8.89221410034e-05, 2.24587965931e-05, 1.92398019863e-05]
    },
    "gfcc": {
        "mean": [2.85892772675, 94.9821777344, -155.263442993, 57.0088233948, -89.5519638062, 20.6615810394, -47.9526672363, 0.430280566216, -12.1263465881, -18.0288219452, 5.85723352432, -19.3474407196, 6.80775403976],
        "cov": [[1295.42736816, -170.410751343, -62.9375686646, 37.5943603516, 11.4096517563, 48.8538398743, 38.1731300354, 107.57144165, 59.3608970642, 162.071472168, 89.3546218872, 19.397403717, 35.8473167419], [-170.410751343, 691.128601074, -113.153121948, -65.0620651245, 161.302902222, -105.792289734, 140.926727295, -16.734128952, 61.6693153381, -32.6451797485, 76.0299301147, -62.9670982361, 37.6655044556], [-62.9375686646, -113.153121948, 538.647521973, 175.646179199, -37.6479415894, 146.186569214, -68.7246856689, -0.876644432545, 17.0484313965, -19.5625686646, -93.1669540405, 56.5526008606, -30.1118526459], [37.5943603516, -65.0620651245, 175.646179199, 257.358581543, 92.1211929321, 53.0594406128, 4.63712882996, -11.4277973175, 16.5479202271, 15.8820924759, -8.62559509277, 29.6501426697, -4.1189866066], [11.4096517563, 161.302902222, -37.6479415894, 92.1211929321, 206.976257324, 65.8585281372, 94.114730835, 21.5468616486, 1.92971658707, 26.5881271362, 50.8939056396, -20.0089683533, 29.6367931366], [48.8538398743, -105.792289734, 146.186569214, 53.0594406128, 65.8585281372, 240.954711914, 77.9014129639, 14.7240972519, -29.2619056702, 22.7218170166, -27.0625114441, 6.9419875145, -15.4110040665], [38.1731300354, 140.926727295, -68.7246856689, 4.63712882996, 94.114730835, 77.9014129639, 177.007492065, 35.595085144, -6.49315023422, 10.6939239502, 37.7841110229, -35.7467460632, 15.572095871], [107.57144165, -16.734128952, -0.876644432545, -11.4277973175, 21.5468616486, 14.7240972519, 35.595085144, 128.636032104, 41.2494468689, 18.8481445312, 7.17802667618, 3.89328122139, 9.65059757233], [59.3608970642, 61.6693153381, 17.0484313965, 16.5479202271, 1.92971658707, -29.2619056702, -6.49315023422, 41.2494468689, 110.554092407, 29.617433548, 16.4186477661, 6.5743060112, -7.40496587753], [162.071472168, -32.6451797485, -19.5625686646, 15.8820924759, 26.5881271362, 22.7218170166, 10.6939239502, 18.8481445312, 29.617433548, 108.940834045, 50.4067192078, -6.08650255203, 0.842633903027], [89.3546218872, 76.0299301147, -93.1669540405, -8.62559509277, 50.8939056396, -27.0625114441, 37.7841110229, 7.17802667618, 16.4186477661, 50.4067192078, 104.308425903, 7.45970487595, 13.3790578842], [19.397403717, -62.9670982361, 56.5526008606, 29.6501426697, -20.0089683533, 6.9419875145, -35.7467460632, 3.89328122139, 6.5743060112, -6.08650255203, 7.45970487595, 73.1268615723, 17.2406673431], [35.8473167419, 37.6655044556, -30.1118526459, -4.1189866066, 29.6367931366, -15.4110040665, 15.572095871, 9.65059757233, -7.40496587753, 0.842633903027, 13.3790578842, 17.2406673431, 58.9424057007]],
        "icov": [[0.00110659806523, -6.14799064351e-05, 0.000428452360211, -0.000813236634713, 0.0011773792794, -0.000825043360237, 0.000376194453565, -0.00090894458117, -0.00010343555914, -0.00100913841743, -0.00083237758372, 0.000579995452426, -0.00120922399219], [-6.14799064351e-05, 0.00704988092184, -0.00441022077575, 0.00754882162437, -0.0102810934186, 0.00885091070086, -0.00815377850085, 0.00573066575453, -0.00477932859212, 0.00130993023049, 0.00144447176717, -0.00159383623395, 0.00202546571381], [0.000428452360211, -0.00441022077575, 0.00730760255828, -0.00822772830725, 0.00919506791979, -0.00946980156004, 0.00744466669858, -0.00447181705385, 0.0015004981542, 0.000428871484473, -0.000851684133522, 0.00169928744435, -0.00273940805346], [-0.000813236634713, 0.00754882162437, -0.00822772830725, 0.017834847793, -0.0189148504287, 0.0141016114503, -0.0115678682923, 0.00898345652968, -0.00458990875632, -0.001945961616, 0.00706884730607, -0.00916183926165, 0.00802309531718], [0.0011773792794, -0.0102810934186, 0.00919506791979, -0.0189148504287, 0.0300727114081, -0.0201542787254, 0.0134389074519, -0.0110505232587, 0.00516203697771, 0.00190976064187, -0.0118125891313, 0.0127339381725, -0.0133242243901], [-0.000825043360237, 0.00885091070086, -0.00946980156004, 0.0141016114503, -0.0201542787254, 0.024495722726, -0.0183928068727, 0.00877869315445, -0.00138628284913, -0.00545523921028, 0.01141721569, -0.0121320718899, 0.0118146566674], [0.000376194453565, -0.00815377850085, 0.00744466669858, -0.0115678682923, 0.0134389074519, -0.0183928068727, 0.0236701481044, -0.0101020671427, 0.00397095968947, 0.00452497135848, -0.0104423714802, 0.0125648668036, -0.00905987527221], [-0.00090894458117, 0.00573066575453, -0.00447181705385, 0.00898345652968, -0.0110505232587, 0.00877869315445, -0.0101020671427, 0.0158464126289, -0.00748039223254, -0.000544985057786, 0.00506596267223, -0.00514616630971, 0.00258335354738], [-0.00010343555914, -0.00477932859212, 0.0015004981542, -0.00458990875632, 0.00516203697771, -0.00138628284913, 0.00397095968947, -0.00748039223254, 0.0165045820177, -0.00521813938394, 0.000367548171198, -0.00228801951744, 0.00351439602673], [-0.00100913841743, 0.00130993023049, 0.000428871484473, -0.001945961616, 0.00190976064187, -0.00545523921028, 0.00452497135848, -0.000544985057786, -0.00521813938394, 0.0195503309369, -0.012548214756, 0.00957661960274, -0.00452097691596], [-0.00083237758372, 0.00144447176717, -0.000851684133522, 0.00706884730607, -0.0118125891313, 0.01141721569, -0.0104423714802, 0.00506596267223, 0.000367548171198, -0.012548214756, 0.0272146631032, -0.0164957717061, 0.00936926994473], [0.000579995452426, -0.00159383623395, 0.00169928744435, -0.00916183926165, 0.0127339381725, -0.0121320718899, 0.0125648668036, -0.00514616630971, -0.00228801951744, 0.00957661960274, -0.0164957717061, 0.0323668345809, -0.0173054672778], [-0.00120922399219, 0.00202546571381, -0.00273940805346, 0.00802309531718, -0.0133242243901, 0.0118146566674, -0.00905987527221, 0.00258335354738, 0.00351439602673, -0.00452097691596, 0.00936926994473, -0.0173054672778, 0.0307684801519]]
    },
    "melbands": {
        "max": [0.025034185499, 0.0222739838064, 0.00454554194584, 0.0108724581078, 0.0159260202199, 0.0111166173592, 0.00860123429447, 0.00560452463105, 0.00601674802601, 0.00665345275775, 0.0066007040441, 0.00130368757527, 0.00146909570321, 0.00276023824699, 0.00190299178939, 0.00249611539766, 0.00195650290698, 0.00202511996031, 0.000725433113985, 0.000637076853309, 0.000727832666598, 0.000518621585798, 0.000385610677768, 0.000306632689899, 0.000265009497525, 0.000325854838593, 0.000268262345344, 0.000354912597686, 0.000362054153811, 8.14680970507e-05, 0.000102240985143, 0.00014625408221, 8.1026366388e-05, 0.000103461177787, 0.000101645375253, 8.68373899721e-05, 7.94432125986e-05, 6.96918868925e-05, 7.61495175539e-05, 4.98015542689e-05],
        "mean": [0.000581489293836, 0.000660441000946, 0.00030503506423, 0.000574197794776, 0.000746693229303, 0.000464048498543, 0.000342385086697, 0.00027913635131, 0.000278010091279, 0.000183551688679, 0.00013937271433, 9.86564264167e-05, 6.25031607342e-05, 7.93477229308e-05, 7.44410281186e-05, 5.48882089788e-05, 4.32411470683e-05, 5.87309259572e-05, 3.43831488863e-05, 3.10310897476e-05, 3.21898332913e-05, 2.85914520646e-05, 2.43792892434e-05, 2.16532789636e-05, 1.75696750375e-05, 1.25084334286e-05, 1.53075598064e-05, 2.05681662919e-05, 1.63409040397e-05, 6.07836545896e-06, 4.64358754471e-06, 5.16328373124e-06, 4.58983140561e-06, 4.3685631681e-06, 5.4990314311e-06, 6.06815274296e-06, 4.96280017614e-06, 3.81806512451e-06, 2.93497168968e-06, 1.50841583491e-06],
        "min": [2.01952673251e-07, 2.51803521678e-06, 7.83933592174e-06, 4.10812435803e-06, 3.29773183694e-06, 3.07530626742e-07, 7.49971889036e-07, 1.30795956466e-06, 1.23959262055e-06, 1.49170773511e-06, 1.02962076198e-06, 1.70086309481e-07, 5.21343395121e-07, 5.33242769052e-07, 2.35218834632e-07, 6.02754184342e-08, 8.92143887654e-08, 1.30974768808e-07, 1.32991203827e-07, 7.78802757395e-07, 5.07343997924e-07, 4.88679688715e-07, 5.16339639489e-07, 3.66116239547e-07, 2.38280534859e-07, 1.80744137879e-07, 2.96563939628e-07, 2.54987895687e-07, 2.59850931883e-08, 1.79518355736e-08, 4.0446728633e-08, 9.97576918849e-08, 1.21976304612e-08, 7.29636866481e-08, 3.4907237989e-08, 4.5350475375e-08, 2.47361793271e-08, 2.86850951881e-08, 7.28848226217e-09, 8.14623835055e-09],
        "stdev": [0.00190988823306, 0.00185871717986, 0.000419013522333, 0.000941589940339, 0.00132389122155, 0.000944912317209, 0.000679034739733, 0.000512221246026, 0.00057700969046, 0.000423333316576, 0.000316695979564, 0.000148964725668, 0.000113203488581, 0.000192925857846, 0.000167403690284, 0.000157571397722, 9.25381755223e-05, 0.000148652092321, 6.20585124125e-05, 5.67913157283e-05, 6.03342487011e-05, 4.41897864221e-05, 3.33946227329e-05, 3.07069494738e-05, 2.40715180553e-05, 1.87662881217e-05, 2.63253768935e-05, 3.7562338548e-05, 3.08705275529e-05, 8.91850686457e-06, 7.98760447651e-06, 1.01929363154e-05, 8.27353778732e-06, 7.51615652916e-06, 8.35895571072e-06, 9.36383003136e-06, 8.68023380463e-06, 6.74381317367e-06, 5.98903670834e-06, 3.34292985826e-06]
    },
    "melbands128": {
        "max": [0.00142026750837, 0.0119322696701, 0.0426110178232, 0.0383115410805, 0.027476914227, 0.0121018989012, 0.00718510709703, 0.00462214276195, 0.00583172542974, 0.0108740078285, 0.0232486631721, 0.0293678306043, 0.0225198119879, 0.0241318978369, 0.0192742887884, 0.0123106557876, 0.0158029198647, 0.0118091171607, 0.00594673817977, 0.00657266518101, 0.0123404692858, 0.0150447320193, 0.0117506263778, 0.0123621961102, 0.0135833108798, 0.00732402037829, 0.00818023364991, 0.0106625966728, 0.0035442202352, 0.00222029513679, 0.00229440140538, 0.00369283882901, 0.00182235962711, 0.0030546344351, 0.00432442175224, 0.00615886459127, 0.00300116278231, 0.0032656271942, 0.00188255787361, 0.00321737257764, 0.00474150665104, 0.0011389227584, 0.00468301447108, 0.00164870813023, 0.00310222385451, 0.0036868613679, 0.00250428984873, 0.00135220377706, 0.00125265493989, 0.00132579670753, 0.00144496187568, 0.00126812944654, 0.00146457692608, 0.00140040821861, 0.000850977841765, 0.000828705844469, 0.0010319147259, 0.000768764235545, 0.000609731767327, 0.000689854903612, 0.000598550774157, 0.000894634053111, 0.000563425011933, 0.000453305488918, 0.000781337847002, 0.000452874257462, 0.000218836416025, 0.000223421840928, 0.000580586958677, 0.000527484924532, 0.000724656158127, 0.000639095611405, 0.000452882755781, 0.000579692889005, 0.000378417898901, 0.000130711006932, 8.56666229083e-05, 8.54210156831e-05, 0.000101131052361, 0.000144750083564, 0.000293526099995, 0.000169928593095, 9.61405821727e-05, 0.000119930176879, 0.00017949139874, 0.00012420717394, 0.000129088017275, 8.56609767652e-05, 0.000143030221807, 0.000133352164994, 0.000112778187031, 9.56855656113e-05, 0.000118631127407, 0.00011818119674, 8.30161661725e-05, 7.55682631279e-05, 7.62228228268e-05, 7.80552363722e-05, 7.54926441004e-05, 9.94268411887e-05, 5.94494340476e-05, 6.46812768537e-05, 5.11952703164e-06, 1.53677515158e-08, 8.56478798994e-09, 1.31384929603e-08, 1.39310518676e-08, 4.42596936878e-09, 4.44821690593e-09, 3.3884974826e-09, 3.65611141362e-09, 3.80249609577e-09, 2.92027935167e-09, 2.63540589351e-09, 2.29113661376e-09, 2.31801533523e-09, 1.86275905811e-09, 1.71125058568e-09, 1.61814894817e-09, 1.53019097393e-09, 1.45773471072e-09, 1.39492051243e-09, 1.33743716102e-09, 1.29213761912e-09, 1.25848087507e-09, 1.23211196801e-09, 1.21068921555e-09, 1.19766363493e-09],
        "mean": [5.04932395415e-05, 0.000368744367734, 0.000850741751492, 0.000908757327124, 0.00069885677658, 0.00046289927559, 0.00029066199204, 0.000250612851232, 0.000308975606458, 0.000522014859598, 0.000779295805842, 0.000906436354853, 0.000722725410014, 0.000589567935094, 0.000466512574349, 0.000386890402297, 0.000387230829801, 0.000321884028381, 0.000306170491967, 0.000280546199065, 0.000253035133937, 0.000313694617944, 0.000264715781668, 0.000285300338874, 0.000195104017621, 0.000152793043526, 0.000128319530631, 0.000128150975797, 0.000175138004124, 8.78944701981e-05, 8.37153638713e-05, 9.29324232857e-05, 4.76240056742e-05, 5.0092672609e-05, 7.84799631219e-05, 8.88421345735e-05, 7.61260307627e-05, 9.66905499808e-05, 5.23944981978e-05, 5.36382140126e-05, 6.96895658621e-05, 2.79999730992e-05, 3.47431996488e-05, 4.86196186102e-05, 7.85735828686e-05, 6.3489897002e-05, 3.21821135003e-05, 3.98419433623e-05, 3.13413256663e-05, 2.50965094892e-05, 3.14885655825e-05, 3.48751309502e-05, 4.01346951548e-05, 2.88341434498e-05, 2.14233841689e-05, 3.37913224939e-05, 2.91501073661e-05, 2.07236153074e-05, 2.47945263254e-05, 2.69897227554e-05, 1.93091036635e-05, 2.09287627513e-05, 1.75493769348e-05, 1.5753421394e-05, 1.96034816327e-05, 1.17255176519e-05, 8.38846608531e-06, 1.25285996546e-05, 1.90600367205e-05, 1.52182419697e-05, 1.93416017282e-05, 2.53253510891e-05, 2.10485832213e-05, 1.52245766003e-05, 1.0276602552e-05, 5.77476521357e-06, 4.28948351328e-06, 4.79370464745e-06, 4.68205325888e-06, 4.39982750322e-06, 5.51706853003e-06, 5.4751872085e-06, 4.42541568191e-06, 4.64312961412e-06, 4.64449522042e-06, 4.0441850615e-06, 4.36780919699e-06, 4.70097984362e-06, 5.53090148969e-06, 6.11580935583e-06, 6.21161461822e-06, 6.01394140176e-06, 5.83364317208e-06, 5.1479096328e-06, 4.2955216486e-06, 4.09381664213e-06, 3.75512354367e-06, 3.39889265888e-06, 3.11088069793e-06, 2.6419668302e-06, 2.21778941523e-06, 1.67850737398e-06, 8.53559072311e-08, 3.5819272548e-10, 2.24480278116e-11, 4.61066358703e-11, 5.74267439157e-11, 2.89725934216e-11, 2.4972666296e-11, 1.98182598804e-11, 1.90790907378e-11, 1.99453006194e-11, 2.32217162166e-11, 2.18422918641e-11, 1.89444172155e-11, 1.81283252298e-11, 1.54627369936e-11, 7.71126825588e-12, 6.0346523785e-12, 5.82056538384e-12, 5.62172183804e-12, 5.4558536508e-12, 5.28757896842e-12, 5.07949671907e-12, 4.59162569078e-12, 3.90712202175e-12, 3.54144036145e-12, 3.46961044964e-12],
        "min": [4.77043071712e-10, 1.41297162859e-09, 1.98419911612e-07, 1.30740815507e-07, 9.70028850134e-07, 1.30322541736e-06, 9.61876935435e-07, 2.25218457217e-07, 9.32658565489e-07, 2.23312804337e-06, 2.65266180577e-06, 1.27817952489e-06, 6.87539454702e-07, 4.451481459e-07, 1.68233810882e-07, 1.90962026636e-07, 1.92556314005e-07, 2.18726015078e-07, 6.25675113497e-07, 2.84221812308e-07, 4.21718311827e-07, 2.80518747786e-07, 1.36365983394e-07, 1.61317288416e-07, 7.22974107248e-07, 2.63224535502e-07, 2.16431828903e-07, 5.43265173292e-07, 2.66289021056e-07, 2.34014748912e-07, 4.82243827093e-08, 9.45175031575e-08, 1.56901009518e-07, 7.78518725042e-08, 1.02924900602e-07, 2.61876689223e-08, 2.26704273132e-07, 1.933079119e-07, 1.65427948673e-07, 4.44998669025e-08, 1.34641826577e-08, 2.62782862137e-09, 2.08722550354e-08, 5.83640193952e-08, 1.10844894152e-07, 8.49839594252e-08, 3.3881644157e-08, 2.3741872468e-08, 1.50489299244e-07, 1.53599216901e-07, 1.67205513435e-07, 1.93066640009e-07, 2.91805406505e-07, 1.25065284351e-07, 8.59390212327e-08, 4.31046203175e-07, 1.51474566223e-07, 6.99436881746e-08, 2.83095545228e-07, 5.47385070604e-08, 1.50202481564e-07, 1.42627229138e-07, 3.60139438271e-08, 7.92731142951e-08, 1.85827644827e-07, 2.94495734465e-08, 5.48752332463e-08, 1.82005067018e-07, 1.00962161298e-07, 7.58728617711e-08, 1.28538303557e-07, 1.03941587781e-07, 3.23896927057e-08, 2.01568841618e-08, 9.59387591593e-09, 1.9821241537e-08, 1.29224231316e-08, 9.5297956193e-09, 7.87214382569e-09, 2.10921839994e-08, 6.21501641263e-08, 1.48106460429e-08, 6.85079193374e-09, 2.43979325631e-09, 2.33432939645e-09, 4.90322715763e-09, 1.83388220165e-08, 1.2243118519e-08, 8.85431994391e-09, 3.2896188884e-08, 5.70771092612e-08, 3.79559139674e-08, 1.67695581865e-08, 1.84293877936e-08, 1.70099436758e-08, 1.80064319011e-08, 1.12247322548e-08, 4.50684156661e-09, 4.11883815943e-09, 3.08132830362e-09, 5.58822810248e-09, 7.35208213754e-11, 5.08355835725e-13, 1.02920500085e-13, 2.44808903374e-14, 2.90741213114e-14, 2.9614535108e-14, 2.94234173701e-14, 3.76503366786e-14, 2.97644091177e-14, 2.75844512434e-14, 3.50893122338e-14, 2.75245643199e-14, 1.9813301729e-14, 2.48240606538e-14, 3.5129010974e-14, 2.48312536575e-14, 3.22788704674e-14, 3.20243031854e-14, 2.28273820744e-14, 2.34940986479e-14, 2.80521201564e-14, 3.00912655796e-14, 2.98867071228e-14, 2.1073956111e-14, 8.51570248643e-15, 1.36201140325e-15, 4.65263187264e-17],
        "stdev": [0.000152144799358, 0.0012280002702, 0.00300163403153, 0.0031752793584, 0.00212530139834, 0.00104489573278, 0.000527336902451, 0.000382729398552, 0.000460645300336, 0.000964655831922, 0.00176308106165, 0.0022699481342, 0.00148781877942, 0.00157741713338, 0.00135695678182, 0.000975202128757, 0.00104988133535, 0.000916457152925, 0.000609523383901, 0.000668731809128, 0.000719052390195, 0.0010375486454, 0.000708360748831, 0.000812775280792, 0.000706272548996, 0.000448941369541, 0.000434515997767, 0.000473300780868, 0.000369818037143, 0.000208175231819, 0.000184125252417, 0.000236044594203, 0.000134405840072, 0.000139005365781, 0.000215353327803, 0.000325656932546, 0.000271205906756, 0.000276068138191, 0.000141944605275, 0.000168639453477, 0.000267306313617, 6.60515433992e-05, 0.0001565876737, 0.000132270841277, 0.000228310949751, 0.000229908677284, 0.000106929102913, 9.52376649366e-05, 7.13506451575e-05, 6.1613987782e-05, 9.50395333348e-05, 7.93000945123e-05, 9.74947179202e-05, 9.05287597561e-05, 5.13388222316e-05, 6.279261288e-05, 6.60810619593e-05, 4.77301364299e-05, 4.20947908424e-05, 5.36659244972e-05, 3.64792358596e-05, 5.3391293477e-05, 3.44199761457e-05, 3.2102852856e-05, 4.8745823733e-05, 2.25853746088e-05, 1.4743286556e-05, 2.21590089495e-05, 4.77697212773e-05, 3.73501279682e-05, 5.19549830642e-05, 5.87322829233e-05, 5.13324412168e-05, 4.20168835262e-05, 2.29770175793e-05, 1.05923500087e-05, 7.05318916516e-06, 7.98944074631e-06, 8.6209129222e-06, 1.00176112028e-05, 1.38265413625e-05, 1.05632134364e-05, 8.67279595695e-06, 9.25659151108e-06, 1.01434252429e-05, 8.02386693977e-06, 8.09686207504e-06, 7.01097951605e-06, 9.32865623327e-06, 1.02352860267e-05, 1.02290250652e-05, 9.68493714026e-06, 1.101509406e-05, 1.01049390651e-05, 7.89827845438e-06, 7.71099894337e-06, 6.80938410369e-06, 6.66164442009e-06, 6.26507790003e-06, 6.63138507662e-06, 4.91957462145e-06, 4.20801416112e-06, 3.33392591756e-07, 1.10762121697e-09, 2.72570216397e-10, 4.22950563461e-10, 4.66894745088e-10, 2.00136004991e-10, 2.0065794859e-10, 1.5953659227e-10, 1.60223195822e-10, 1.59481400308e-10, 1.65985045153e-10, 1.58039512033e-10, 1.3334623683e-10, 1.29559044049e-10, 1.07695380391e-10, 5.71156906493e-11, 5.09198030962e-11, 4.85415908857e-11, 4.64871405259e-11, 4.47576940787e-11, 4.30870131241e-11, 4.11797020095e-11, 3.73057140735e-11, 3.36402156131e-11, 3.25481204488e-11, 3.21900180122e-11]
    },
    "mfcc": {
        "mean": [-608.577148438, 87.5949401855, 2.3645067215, 13.5762290955, 0.739872336388, -3.34152674675, -6.02042913437, 0.0356619209051, -8.49162197113, 2.34910774231, -9.18492507935, 1.35505199432, -4.76151227951],
        "cov": [[1373.7253418, -161.043777466, -172.957229614, -3.50489878654, -31.1070365906, -45.214050293, 39.3943901062, -62.8550071716, 12.1316490173, 116.15486908, 32.5929870605, 103.651351929, 85.0584182739], [-161.043777466, 659.609130859, -213.742492676, 29.0529689789, -34.3984222412, -41.8580589294, 58.4742355347, 3.68908596039, -6.81228256226, 76.3903274536, 5.66957187653, 4.05509138107, -1.22333884239], [-172.957229614, -213.742492676, 547.640869141, 20.3297386169, 85.1801605225, 109.756103516, -92.3302841187, 59.1538467407, 52.0192756653, -100.918930054, 54.2055587769, -41.9155082703, -12.6162929535], [-3.50489878654, 29.0529689789, 20.3297386169, 216.838775635, 74.9077911377, 18.0356769562, -2.12901234627, 3.79621934891, 4.98473501205, -1.58427214622, -2.24080514908, 26.0596179962, 15.293759346], [-31.1070365906, -34.3984222412, 85.1801605225, 74.9077911377, 142.782348633, 53.80210495, 7.94501256943, 21.9606113434, 22.8300056458, -2.61163139343, 13.5123338699, 6.24274682999, 12.0859880447], [-45.214050293, -41.8580589294, 109.756103516, 18.0356769562, 53.80210495, 203.009460449, 86.1628646851, 21.7743339539, 23.2772865295, -9.30023384094, 26.6008148193, -7.8336019516, -8.89018440247], [39.3943901062, 58.4742355347, -92.3302841187, -2.12901234627, 7.94501256943, 86.1628646851, 221.56854248, 31.1251525879, 19.4288673401, 60.2452774048, -12.0232057571, 16.8852882385, -7.8568353653], [-62.8550071716, 3.68908596039, 59.1538467407, 3.79621934891, 21.9606113434, 21.7743339539, 31.1251525879, 114.953117371, 43.9340286255, -7.70377779007, 10.4195795059, -16.6421203613, -7.53781938553], [12.1316490173, -6.81228256226, 52.0192756653, 4.98473501205, 22.8300056458, 23.2772865295, 19.4288673401, 43.9340286255, 93.2325820923, 18.9226169586, 14.2035560608, -7.53915119171, 4.68848609924], [116.15486908, 76.3903274536, -100.918930054, -1.58427214622, -2.61163139343, -9.30023384094, 60.2452774048, -7.70377779007, 18.9226169586, 124.6847229, 20.1295604706, 26.0009899139, 8.86919403076], [32.5929870605, 5.66957187653, 54.2055587769, -2.24080514908, 13.5123338699, 26.6008148193, -12.0232057571, 10.4195795059, 14.2035560608, 20.1295604706, 92.0728607178, 16.0874633789, 11.4887800217], [103.651351929, 4.05509138107, -41.9155082703, 26.0596179962, 6.24274682999, -7.8336019516, 16.8852882385, -16.6421203613, -7.53915119171, 26.0009899139, 16.0874633789, 88.1081008911, 31.522354126], [85.0584182739, -1.22333884239, -12.6162929535, 15.293759346, 12.0859880447, -8.89018440247, -7.8568353653, -7.53781938553, 4.68848609924, 8.86919403076, 11.4887800217, 31.522354126, 65.4778213501]],
        "icov": [[0.000987011822872, 0.000426899205195, 0.00024681573268, -5.81634994887e-05, 0.000272529898211, 8.34290403873e-05, -7.30803658371e-05, 0.000311371753924, -0.000268778356258, -0.000677572679706, -0.00025577886845, -0.00045798564679, -0.000848564261105], [0.000426899205195, 0.00205524615012, 0.000768332392909, -0.000552143203095, 0.000447257683845, 0.000198162422748, -0.000204039766686, -0.000244736700552, 3.18281345244e-05, -0.000889366434421, -0.000710225082003, 0.000414525449742, -0.000304216868244], [0.00024681573268, 0.000768332392909, 0.00370206055231, -2.27199461733e-06, -0.000943655322772, -0.00166367099155, 0.0016647730954, -0.000863711815327, -0.0014078739332, 0.0016579600051, -0.00165021815337, 0.000413085828768, 0.000423117278842], [-5.81634994887e-05, -0.000552143203095, -2.27199461733e-06, 0.00608954718336, -0.00329358456656, -0.000216867105337, 0.000527299474925, -5.04481649841e-05, 3.43072497344e-05, 0.000341347709764, 0.00108013884164, -0.00188033829909, -5.45702896488e-05], [0.000272529898211, 0.000447257683845, -0.000943655322772, -0.00329358456656, 0.0105475410819, -0.00190591637511, 0.000230754812947, -0.000933699076995, -0.000694849994034, -0.00119879003614, 9.1760091891e-05, -1.78305617737e-05, -0.00183904205915], [8.34290403873e-05, 0.000198162422748, -0.00166367099155, -0.000216867105337, -0.00190591637511, 0.00898935925215, -0.00514069246128, 0.00171971158125, -0.000461529678432, 0.0019305011956, -0.00286427652463, 0.00114375981502, 0.000502362439875], [-7.30803658371e-05, -0.000204039766686, 0.0016647730954, 0.000527299474925, 0.000230754812947, -0.00514069246128, 0.00903702713549, -0.0031011744868, -0.000128898318508, -0.00352691696025, 0.00304708024487, -0.00201478274539, 0.001197807258], [0.000311371753924, -0.000244736700552, -0.000863711815327, -5.04481649841e-05, -0.000933699076995, 0.00171971158125, -0.0031011744868, 0.0125425485894, -0.00513914274052, 0.00227091833949, -0.0018014407251, 0.00143616099376, 0.000598989950959], [-0.000268778356258, 3.18281345244e-05, -0.0014078739332, 3.43072497344e-05, -0.000694849994034, -0.000461529678432, -0.000128898318508, -0.00513914274052, 0.0152726331726, -0.0037859659642, 0.000123199541122, 0.00179114495404, -0.00193569995463], [-0.000677572679706, -0.000889366434421, 0.0016579600051, 0.000341347709764, -0.00119879003614, 0.0019305011956, -0.00352691696025, 0.00227091833949, -0.0037859659642, 0.0139201646671, -0.00416385522112, -0.00118138990365, 0.00110981299076], [-0.00025577886845, -0.000710225082003, -0.00165021815337, 0.00108013884164, 9.1760091891e-05, -0.00286427652463, 0.00304708024487, -0.0018014407251, 0.000123199541122, -0.00416385522112, 0.0149715077132, -0.00305757671595, -0.00109858764336], [-0.00045798564679, 0.000414525449742, 0.000413085828768, -0.00188033829909, -1.78305617737e-05, 0.00114375981502, -0.00201478274539, 0.00143616099376, 0.00179114495404, -0.00118138990365, -0.00305757671595, 0.0166818853468, -0.00625911308452], [-0.000848564261105, -0.000304216868244, 0.000423117278842, -5.45702896488e-05, -0.00183904205915, 0.000502362439875, 0.001197807258, 0.000598989950959, -0.00193569995463, 0.00110981299076, -0.00109858764336, -0.00625911308452, 0.0202778987586]]
    },
    "spectral_contrast_coeffs": {
        "max": [-0.367445379496, -0.482340365648, -0.439767926931, -0.540639877319, -0.592893123627, -0.631030440331],
        "mean": [-0.691681325436, -0.735494792461, -0.755087018013, -0.78421664238, -0.775090873241, -0.736401319504],
        "min": [-0.903936326504, -0.897843599319, -0.909237205982, -0.891272604465, -0.862293839455, -0.869118213654],
        "stdev": [0.0811576992273, 0.0727968886495, 0.0605828277767, 0.0499622002244, 0.0424367748201, 0.0299415271729]
    },
    "spectral_contrast_valleys": {
        "max": [-5.15534114838, -4.96214580536, -5.58957195282, -5.70726680756, -5.70820951462, -7.67630243301],
        "mean": [-6.89041185379, -6.6568775177, -7.28703689575, -7.37108135223, -7.19353723526, -9.88746356964],
        "min": [-9.1107006073, -8.25248908997, -8.71157646179, -8.93874454498, -8.70060157776, -11.8220129013],
        "stdev": [0.608700215816, 0.542925953865, 0.501811385155, 0.489668637514, 0.510657191277, 0.775064110756]
    }
},
"rhythm": {
    "beats_count": 50,
    "beats_loudness": {
        "max": 0.0716382339597,
        "mean": 0.0286737736315,
        "min": 0.00944143440574,
        "stdev": 0.0127046043053
    },
    "bpm": 95.0235824585,
    "bpm_histogram_first_peak_bpm": 96,
    "bpm_histogram_first_peak_weight": 0.369565248489,
    "bpm_histogram_second_peak_bpm": 91,
    "bpm_histogram_second_peak_spread": 0,
    "bpm_histogram_second_peak_weight": 0.0408163256943,
    "danceability": 1.51462686062,
    "onset_rate": 4.18359327316,
    "beats_loudness_band_ratio": {
        "max": [0.794251561165, 0.913378119469, 0.586164832115, 0.463647246361, 0.307844221592, 0.655842363834],
        "mean": [0.175580114126, 0.234030872583, 0.206480100751, 0.11951598525, 0.144426062703, 0.149638950825],
        "min": [0.00668703718111, 0.0152546772733, 0.00764608290046, 0.00218822294846, 0.0136835705489, 0.0195722393692],
        "stdev": [0.215573832393, 0.179469615221, 0.130203008652, 0.0937730669975, 0.0848488733172, 0.109974108636]
    },
    "beats_position": [0.696598649025, 1.39319729805, 2.02013611794, 2.6470746994, 3.27401351929, 3.90095233917, 4.53950119019, 5.17804956436, 5.80498838425, 6.43192720413, 7.07047605515, 7.69741487503, 8.33596324921, 8.96290206909, 9.58984088898, 10.2167797089, 10.8553285599, 11.4938774109, 12.1208162308, 12.7477550507, 13.3746938705, 14.0016326904, 14.6401815414, 15.2787294388, 15.9056682587, 16.5326080322, 17.1595458984, 17.786485672, 18.4250335693, 19.0635814667, 19.6905212402, 20.3174591064, 20.9676189423, 21.5945568085, 22.221496582, 22.8484344482, 23.4869842529, 24.1139221191, 24.7408618927, 25.37940979, 26.0063495636, 26.6332874298, 27.2602272034, 27.8871650696, 28.5257129669, 29.1642627716, 29.8028106689, 30.4413604736, 31.1031284332, 31.7648983002],
