{
"metadata": {
    "version": {
        "essentia": "2.1-beta5",
        "essentia_git_sha": "Undefined",
        "extractor": "music 2.0"
    },
    "audio_properties": {
        "analysis": {
            "equal_loudness": 0,
            "length": 32.4963264465,
            "sample_rate": 44100,
            "start_time": 29.0017242432,
            "downmix": "mix"
        },
        "bit_rate": 192000,
        "length": 184.052978516,
        "lossless": 0,
        "number_channels": 1,
        "replay_gain": -10.0760059357,
        "sample_rate": 48000,
        "codec": "mp3",
        "md5_encoded": "a30a8556f731eacfcf1877906194647f"
    },
    "tags": {
        "file_name": "Sweden_Take Me To Your Heaven_Charlotte Nilsson.mp3",
        "encoding": ["Lavf58.29.100"]
    }
},
"lowlevel": {
    "average_loudness": 0.982637524605,
    "barkbands_crest": {
        "max": 25.0155849457,
        "mean": 9.60307502747,
        "min": 2.63422298431,
        "stdev": 4.1672539711
    },
    "barkbands_flatness_db": {
        "max": 0.297086387873,
        "mean": 0.160094901919,
        "min": 0.0697608068585,
        "stdev": 0.0315831787884
    },
    "barkbands_kurtosis": {
        "max": 34.1265602112,
        "mean": 1.52862608433,
        "min": -1.71903586388,
        "stdev": 3.63150715828
    },
    "barkbands_skewness": {
        "max": 5.51531505585,
        "mean": 0.992792904377,
        "min": -0.988107264042,
        "stdev": 0.82892537117
    },
    "barkbands_spread": {
        "max": 71.3527374268,
        "mean": 20.2907390594,
        "min": 2.8294172287,
        "stdev": 10.0131483078
    },
    "dissonance": {
        "max": 0.499841958284,
        "mean": 0.466904342175,
        "min": 0.368718236685,
        "stdev": 0.0232729315758
    },
    "dynamic_complexity": 1.08555924892,
    "erbbands_crest": {
        "max": 30.9354705811,
        "mean": 10.1871070862,
        "min": 2.68465995789,
        "stdev": 4.85265398026
    },
    "erbbands_flatness_db": {
        "max": 0.336549788713,
        "mean": 0.222188025713,
        "min": 0.115011908114,
        "stdev": 0.0339145921171
    },
    "erbbands_kurtosis": {
        "max": 17.5409698486,
        "mean": 0.310355216265,
        "min": -1.75780832767,
        "stdev": 1.7809419632
    },
    "erbbands_skewness": {
        "max": 4.00493764877,
        "mean": 0.37629109621,
        "min": -1.57602274418,
        "stdev": 0.80928003788
    },
    "erbbands_spread": {
        "max": 100.020240784,
        "mean": 31.8662815094,
        "min": 6.40630149841,
        "stdev": 14.4823913574
    },
    "hfc": {
        "max": 90.1347122192,
        "mean": 29.9112491608,
        "min": 0.317813664675,
        "stdev": 12.7884263992
    },
    "loudness_ebu128": {
        "integrated": -16.1040687561,
        "loudness_range": 0.646514892578,
        "momentary": {
            "max": -14.3834915161,
            "mean": -16.1525402069,
            "min": -18.5948562622,
            "stdev": 0.662563920021
        },
        "short_term": {
            "max": -15.3555164337,
            "mean": -16.1068572998,
            "min": -16.5502681732,
            "stdev": 0.218965113163
        }
    },
    "melbands_crest": {
        "max": 31.349899292,
        "mean": 11.9887542725,
        "min": 3.59727334976,
        "stdev": 4.87397766113
    },
    "melbands_flatness_db": {
        "max": 0.343110412359,
        "mean": 0.15653039515,
        "min": 0.037887390703,
        "stdev": 0.0386365056038
    },
    "melbands_kurtosis": {
        "max": 89.8637313843,
        "mean": 5.897793293,
        "min": -1.42721378803,
        "stdev": 8.17637729645
    },
    "melbands_skewness": {
        "max": 7.92008781433,
        "mean": 1.7022343874,
        "min": -0.414723843336,
        "stdev": 1.15508830547
    },
    "melbands_spread": {
        "max": 129.619781494,
        "mean": 27.618888855,
        "min": 2.71998810768,
        "stdev": 14.4070463181
    },
    "pitch_salience": {
        "max": 0.859967708588,
        "mean": 0.583072245121,
        "min": 0.156088635325,
        "stdev": 0.0965146198869
    },
    "silence_rate_20dB": {
        "max": 1,
        "mean": 1,
        "min": 1,
        "stdev": 0
    },
    "silence_rate_30dB": {
        "max": 1,
        "mean": 1,
        "min": 1,
        "stdev": 0
    },
    "silence_rate_60dB": {
        "max": 0,
        "mean": 0,
        "min": 0,
        "stdev": 0
    },
    "spectral_centroid": {
        "max": 3334.62158203,
        "mean": 1614.10974121,
        "min": 422.817962646,
        "stdev": 455.215118408
    },
    "spectral_complexity": {
        "max": 47,
        "mean": 26.8800849915,
        "min": 1,
        "stdev": 6.62214374542
    },
    "spectral_decrease": {
        "max": -1.4007274507e-10,
        "mean": -6.8223049432e-09,
        "min": -2.56239136576e-08,
        "stdev": 2.79503731271e-09
    },
    "spectral_energy": {
        "max": 0.0996198430657,
        "mean": 0.0284620150924,
        "min": 0.000557492661756,
        "stdev": 0.0112172923982
    },
    "spectral_energyband_high": {
        "max": 0.0104550607502,
        "mean": 0.000795259897131,
        "min": 1.35968630275e-05,
        "stdev": 0.000989114050753
    },
    "spectral_energyband_low": {
        "max": 0.0325357988477,
        "mean": 0.00172906275839,
        "min": 1.87694586202e-05,
        "stdev": 0.00300135836005
    },
    "spectral_energyband_middle_high": {
        "max": 0.0612196102738,
        "mean": 0.0114862471819,
        "min": 7.89016776253e-05,
        "stdev": 0.00911749340594
    },
    "spectral_energyband_middle_low": {
        "max": 0.0942040234804,
        "mean": 0.0150273889303,
        "min": 0.000382425321732,
        "stdev": 0.0106968209147
    },
    "spectral_entropy": {
        "max": 8.43787288666,
        "mean": 7.56581258774,
        "min": 6.61114740372,
        "stdev": 0.245739758015
    },
    "spectral_flux": {
        "max": 0.232908785343,
        "mean": 0.100053951144,
        "min": 0.0393303781748,
        "stdev": 0.0305997934192
    },
    "spectral_kurtosis": {
        "max": 13.0488452911,
        "mean": 2.809019804,
        "min": -0.816041707993,
        "stdev": 1.79082357883
    },
    "spectral_rms": {
        "max": 0.0098585030064,
        "mean": 0.00517052365467,
        "min": 0.000737492577173,
        "stdev": 0.00101661449298
    },
    "spectral_rolloff": {
        "max": 7751.953125,
        "mean": 1880.59619141,
        "min": 279.931640625,
        "stdev": 1010.85736084
    },
    "spectral_skewness": {
        "max": 2.76590585709,
        "mean": 1.0832452774,
        "min": 0.233831986785,
        "stdev": 0.286792188883
    },
    "spectral_spread": {
        "max": 19657464,
        "mean": 3396954.75,
        "min": 2321077,
        "stdev": 758359.4375
    },
    "spectral_strongpeak": {
        "max": 10.2925949097,
        "mean": 1.89803266525,
        "min": 0.0178096462041,
        "stdev": 1.46868395805
    },
    "zerocrossingrate": {
        "max": 0.220703125,
        "mean": 0.0671754404902,
        "min": 0.01416015625,
        "stdev": 0.0215956680477
    },
    "barkbands": {
        "max": [0.000211136211874, 0.0140117034316, 0.0175408646464, 0.00854552630335, 0.0857285410166, 0.0451914072037, 0.0469870045781, 0.0323558375239, 0.0690529197454, 0.0411889031529, 0.0550870634615, 0.0166105236858, 0.0358928591013, 0.0158205740154, 0.0182584002614, 0.0100695891306, 0.00964192859828, 0.00462848180905, 0.00446561072022, 0.00425977585837, 0.00233349413611, 0.00281185051426, 0.0048880293034, 0.00240602088161, 0.00048987189075, 2.53827329288e-06, 2.65049220616e-06],
        "mean": [2.01726161322e-05, 0.000466238328954, 0.000870206218679, 0.000864973815624, 0.00326058152132, 0.00351888453588, 0.00261344807222, 0.00127953209449, 0.00304087623954, 0.00197880947962, 0.00294314860366, 0.000671602319926, 0.00101964117493, 0.0010638666572, 0.000851451535709, 0.000693265523296, 0.000905721972231, 0.000673026021104, 0.000646178959869, 0.000443955184892, 0.000200830720132, 0.000174659886397, 0.000151208776515, 0.000103007529106, 6.71337875247e-06, 7.5436785707e-09, 3.0646567506e-09],
        "min": [2.0348648988e-08, 1.52745553805e-06, 1.41544683174e-06, 4.09016774938e-06, 3.34985816153e-05, 9.36328797252e-06, 1.73277258e-05, 6.00453404331e-06, 4.50237303085e-06, 2.39157589021e-06, 5.62876766708e-06, 1.43164725159e-05, 2.88600881504e-06, 4.73537875223e-06, 2.05124115382e-06, 1.38399036587e-05, 5.71564260099e-06, 4.30279806096e-06, 5.39377560926e-06, 2.99523685499e-06, 7.14316229278e-06, 1.47538105466e-06, 1.02638909993e-06, 1.62880871812e-06, 9.51042764541e-08, 8.23575721509e-11, 3.3200525662e-11],
        "stdev": [2.43316735578e-05, 0.00119752134196, 0.00160277402028, 0.00110320886597, 0.00482016662136, 0.00509686628357, 0.00434703426436, 0.00284773856401, 0.0052894372493, 0.00398212717846, 0.00622103782371, 0.00128273817245, 0.00209513423033, 0.00155249680392, 0.00140418251976, 0.000984050682746, 0.000935557764024, 0.000537232903298, 0.000589452276472, 0.000426867045462, 0.000230039280723, 0.000237643689616, 0.000313111639116, 0.000243267175392, 2.3454964321e-05, 7.09624572437e-08, 7.10036545115e-08]
    },
    "erbbands": {
        "max": [0.186142683029, 4.02204418182, 19.1559886932, 20.9265365601, 68.7006607056, 295.857391357, 575.250854492, 458.030059814, 745.236328125, 580.413024902, 666.566589355, 1992.50354004, 1485.20703125, 1906.53430176, 1887.44140625, 795.712524414, 1892.50585938, 1212.703125, 1026.69592285, 784.136657715, 662.731933594, 453.324279785, 224.900588989, 272.668426514, 235.405471802, 263.443847656, 97.2284011841, 112.66028595, 111.780426025, 131.56993103, 119.033935547, 69.8850479126, 30.5843143463, 9.62761116028, 0.615514457226, 0.0274107828736, 0.00466341199353, 0.00165176496375, 0.000380278215744, 0.000110551947728],
        "mean": [0.00653814617544, 0.138959094882, 0.85801678896, 2.08174800873, 5.18748140335, 11.5310440063, 22.3678207397, 29.9725646973, 40.2446708679, 31.6121635437, 33.7988243103, 66.7900009155, 61.1879730225, 85.511932373, 97.4442062378, 29.9455184937, 45.9086608887, 58.6569366455, 41.43542099, 47.6768951416, 38.6047668457, 51.1526184082, 38.2351570129, 33.8529548645, 33.255191803, 21.635597229, 9.34180355072, 7.78374004364, 6.63256835938, 4.53783035278, 4.30311584473, 2.97902059555, 1.19985103607, 0.187827199697, 0.006434768904, 0.00041240916471, 6.347548333e-05, 1.68045426108e-05, 1.95434695343e-05, 3.57995340892e-05],
        "min": [9.48985834839e-05, 0.000553735822905, 0.00333794858307, 0.0187221970409, 0.03613974154, 0.118068680167, 0.333260655403, 0.0914841741323, 0.179621696472, 0.319831341505, 0.162147387862, 0.121439158916, 0.106675975025, 0.160089820623, 0.692187070847, 0.960549473763, 0.187179893255, 0.169225856662, 0.197504147887, 0.145532816648, 0.912473738194, 0.380288243294, 0.255775302649, 0.258199125528, 0.22356878221, 0.152612954378, 0.416548490524, 0.0940411016345, 0.0672985985875, 0.0290472749621, 0.031100384891, 0.0479607544839, 0.0190994441509, 0.00603743968531, 0.000222571427003, 2.50954581134e-05, 7.95078631199e-06, 1.97117151401e-06, 3.51446919922e-06, 2.80866674984e-06],
        "stdev": [0.016168711707, 0.345297276974, 1.6564874649, 2.67994070053, 6.62403774261, 18.5011291504, 36.518119812, 45.0292892456, 73.6753158569, 53.3905982971, 61.881729126, 125.674942017, 118.25629425, 149.758331299, 198.345367432, 56.3581085205, 98.092880249, 93.0432815552, 68.7333450317, 69.2833557129, 49.2385139465, 52.3339538574, 28.956287384, 28.1292705536, 28.906036377, 21.8831138611, 9.06488704681, 9.82650375366, 8.67868328094, 8.37307929993, 8.96895217896, 6.68554592133, 2.98497867584, 0.56331372261, 0.0250088926405, 0.00128935696557, 0.000164390585269, 4.88190453325e-05, 1.2980082829e-05, 1.3369322005e-05]
    },
    "gfcc": {
        "mean": [0.178817108274, 120.354263306, -185.807067871, 49.6764526367, -84.9830474854, 1.05621135235, -37.8433418274, -14.2675609589, -6.68917655945, -30.9713535309, 7.32045888901, -21.0363483429, 2.24725389481],
        "cov": [[549.417480469, -135.214538574, 71.0606384277, 128.685897827, -21.4374294281, 107.229919434, -12.6489629745, 60.0998840332, 0.527345299721, 21.4583377838, -31.0903606415, -15.3964776993, -9.93702030182], [-135.214538574, 349.45803833, 83.2606964111, 9.01117515564, 71.2884674072, -110.255279541, 30.8340435028, -28.4049224854, 27.0220222473, -17.6565570831, 10.4327716827, -30.4477977753, -10.3258228302], [71.0606384277, 83.2606964111, 395.686065674, 216.116546631, -12.2112779617, -37.7217559814, -140.797973633, 14.339928627, 44.3921737671, 43.8770866394, -22.4624881744, 26.5964317322, -1.63777279854], [128.685897827, 9.01117515564, 216.116546631, 315.640625, 78.243019104, -41.8467254639, -119.318336487, -21.3499832153, 52.3014297485, 50.2035827637, -41.8961372375, 23.1335716248, 7.46557569504], [-21.4374294281, 71.2884674072, -12.2112779617, 78.243019104, 153.661636353, 28.5667552948, 14.4778957367, -25.9887981415, -14.3493690491, -11.2400331497, 1.62717688084, -3.7367875576, 6.49153804779], [107.229919434, -110.255279541, -37.7217559814, -41.8467254639, 28.5667552948, 244.687149048, 130.753829956, 30.7250270844, -79.0321578979, -41.0586776733, -18.630437851, -14.9719028473, -17.0512466431], [-12.6489629745, 30.8340435028, -140.797973633, -119.318336487, 14.4778957367, 130.753829956, 245.453186035, 39.7193450928, -56.3047561646, -60.6410675049, -15.8270702362, -43.4971885681, -26.6696796417], [60.0998840332, -28.4049224854, 14.339928627, -21.3499832153, -25.9887981415, 30.7250270844, 39.7193450928, 116.378112793, 32.6689300537, -13.5970983505, -28.2594051361, -19.4580993652, 0.882129192352], [0.527345299721, 27.0220222473, 44.3921737671, 52.3014297485, -14.3493690491, -79.0321578979, -56.3047561646, 32.6689300537, 122.62702179, 52.299571991, -17.2673149109, -1.92830359936, 4.52150535583], [21.4583377838, -17.6565570831, 43.8770866394, 50.2035827637, -11.2400331497, -41.0586776733, -60.6410675049, -13.5970983505, 52.299571991, 99.0432281494, 41.2650794983, 3.88494777679, -5.79596757889], [-31.0903606415, 10.4327716827, -22.4624881744, -41.8961372375, 1.62717688084, -18.630437851, -15.8270702362, -28.2594051361, -17.2673149109, 41.2650794983, 100.5887146, 31.3231811523, -1.02604269981], [-15.3964776993, -30.4477977753, 26.5964317322, 23.1335716248, -3.7367875576, -14.9719028473, -43.4971885681, -19.4580993652, -1.92830359936, 3.88494777679, 31.3231811523, 70.5727157593, 31.3734989166], [-9.93702030182, -10.3258228302, -1.63777279854, 7.46557569504, 6.49153804779, -17.0512466431, -26.6696796417, 0.882129192352, 4.52150535583, -5.79596757889, -1.02604269981, 31.3734989166, 57.3286705017]],
        "icov": [[0.00301888119429, -0.000394544069422, 0.00130838295445, -0.00318324868567, 0.00252357521094, -0.00240783649497, 0.00116918585263, -0.00171019916888, 0.000340214639436, 0.000435769412434, -0.00153283064719, 0.00181154324673, -0.000529151293449], [-0.000394544069422, 0.0116157736629, -0.00837203301489, 0.00487901829183, -0.00817285850644, 0.00861563067883, -0.00786398444325, 0.00589606678113, -0.00551583757624, 0.00660141045228, -0.00495414948091, 0.00726062711328, -0.00207150657661], [0.00130838295445, -0.00837203301489, 0.0116490181535, -0.00855160038918, 0.0088492706418, -0.00764377741143, 0.00793793797493, -0.00639354949817, 0.00430852919817, -0.00349249248393, 0.00182159454562, -0.00455194525421, 0.00251168105751], [-0.00318324868567, 0.00487901829183, -0.00855160038918, 0.0160120688379, -0.0127495359629, 0.0072008180432, -0.00338647142053, 0.00397984310985, -0.000449048966402, -0.00618321634829, 0.00975343957543, -0.00600652489811, 0.00281829270534], [0.00252357521094, -0.00817285850644, 0.0088492706418, -0.0127495359629, 0.0194841790944, -0.010292802006, 0.00561159849167, -0.0022048316896, 0.000674929120578, 0.00347462715581, -0.00617437344044, 0.00373649806716, -0.00360198365524], [-0.00240783649497, 0.00861563067883, -0.00764377741143, 0.0072008180432, -0.010292802006, 0.0163508467376, -0.00990619231015, 0.00204912316985, 0.00284464959987, -0.00102817662992, 0.00304168695584, -0.000801481772214, 0.00153187557589], [0.00116918585263, -0.00786398444325, 0.00793793797493, -0.00338647142053, 0.00561159849167, -0.00990619231015, 0.0147271733731, -0.00628569629043, 0.00361035694368, -0.00116751727182, 0.00179167033639, -0.00158697669394, 0.00331784738228], [-0.00171019916888, 0.00589606678113, -0.00639354949817, 0.00397984310985, -0.0022048316896, 0.00204912316985, -0.00628569629043, 0.0180566720665, -0.0113631077111, 0.00874381326139, -0.00454365508631, 0.00816736370325, -0.00504899350926], [0.000340214639436, -0.00551583757624, 0.00430852919817, -0.000449048966402, 0.000674929120578, 0.00284464959987, 0.00361035694368, -0.0113631077111, 0.024658806622, -0.0194121282548, 0.0149371260777, -0.0107723083347, 0.00412624934688], [0.000435769412434, 0.00660141045228, -0.00349249248393, -0.00618321634829, 0.00347462715581, -0.00102817662992, -0.00116751727182, 0.00874381326139, -0.0194121282548, 0.0364331230521, -0.0262557994574, 0.0194100737572, -0.00528471218422], [-0.00153283064719, -0.00495414948091, 0.00182159454562, 0.00975343957543, -0.00617437344044, 0.00304168695584, 0.00179167033639, -0.00454365508631, 0.0149371260777, -0.0262557994574, 0.0352128408849, -0.0245743282139, 0.0103772580624], [0.00181154324673, 0.00726062711328, -0.00455194525421, -0.00600652489811, 0.00373649806716, -0.000801481772214, -0.00158697669394, 0.00816736370325, -0.0107723083347, 0.0194100737572, -0.0245743282139, 0.0407557822764, -0.0191832259297], [-0.000529151293449, -0.00207150657661, 0.00251168105751, 0.00281829270534, -0.00360198365524, 0.00153187557589, 0.00331784738228, -0.00504899350926, 0.00412624934688, -0.00528471218422, 0.0103772580624, -0.0191832259297, 0.0289920084178]]
    },
    "melbands": {
        "max": [0.00265825935639, 0.00807803403586, 0.00429633678868, 0.0087725026533, 0.0205291844904, 0.00970920640975, 0.00982173997909, 0.00548716075718, 0.00588035723194, 0.0108789177611, 0.00754724396393, 0.00735184689984, 0.00856685452163, 0.00209709373303, 0.00298096379265, 0.00424514943734, 0.00203505228274, 0.00142233457882, 0.000912037328817, 0.000911755021662, 0.000960698525887, 0.00058676849585, 0.00049003190361, 0.000223558352445, 0.000248316006036, 0.000209722609725, 0.000163128584973, 0.000171345091076, 6.15423996351e-05, 6.0079702962e-05, 7.61390620028e-05, 6.2919978518e-05, 5.33192251169e-05, 9.42333208513e-05, 7.60203474783e-05, 6.43967650831e-05, 5.07747972733e-05, 2.45630471909e-05, 1.24725183923e-05, 6.05273953624e-06],
        "mean": [9.49337263592e-05, 0.00036446726881, 0.000450615159934, 0.000572497607209, 0.000766507640947, 0.000694343878422, 0.000590773357544, 0.000328395690303, 0.000307771959342, 0.00042591340025, 0.000302469474263, 0.000333256582962, 0.000418134499341, 8.62208617036e-05, 7.86421151133e-05, 0.000109927081212, 0.000106326529931, 6.44470419502e-05, 6.46913249511e-05, 5.1811173762e-05, 4.3684951379e-05, 5.11185571668e-05, 4.4818585593e-05, 3.26004883391e-05, 2.61067416432e-05, 2.60443521256e-05, 2.07738248719e-05, 1.24299613162e-05, 6.10954384683e-06, 4.20822107117e-06, 4.65769562652e-06, 4.10656184613e-06, 2.70498230748e-06, 2.47147590926e-06, 2.53261168837e-06, 2.27670284403e-06, 1.64735024555e-06, 9.54247411755e-07, 4.1357557734e-07, 6.03080891892e-08],
        "min": [8.84057044459e-07, 1.89691024843e-06, 4.33218747276e-06, 9.10565995582e-06, 1.06708839667e-05, 2.07217840398e-06, 3.00623628391e-06, 3.38333597938e-06, 1.02317744677e-06, 6.5119854753e-07, 5.07282891249e-07, 5.42068960385e-07, 1.51062317855e-06, 5.48226921637e-07, 1.09399559278e-06, 1.49049341758e-07, 3.55868735369e-07, 3.73943692011e-07, 1.40366552159e-07, 4.03743996458e-07, 1.15324587568e-06, 3.41412885518e-07, 3.53525791752e-07, 1.54099296878e-07, 2.16957687371e-07, 1.97251992518e-07, 1.28641659103e-07, 7.65655485679e-08, 2.74405095979e-07, 1.1981630621e-07, 3.07371408326e-08, 4.63410891882e-08, 1.45831648979e-08, 1.69657177196e-08, 1.40024880579e-08, 2.52860896666e-08, 2.94733819572e-08, 1.21622472093e-08, 8.61174331845e-09, 9.45679867748e-10],
        "stdev": [0.000238403430558, 0.00070750672603, 0.000527948257513, 0.000744458229747, 0.00124743941706, 0.00104422168806, 0.00103982759174, 0.000581711297855, 0.000540996028576, 0.000789176148828, 0.000608382571954, 0.000610224029515, 0.000898060912732, 0.000159643896041, 0.000166460522451, 0.000219769819523, 0.000170603947481, 0.000110915214464, 9.87248786259e-05, 8.00623893156e-05, 6.20721402811e-05, 5.5829386838e-05, 4.38750212197e-05, 2.70597738563e-05, 2.48884371103e-05, 2.4595985451e-05, 2.00558788492e-05, 1.40687789099e-05, 6.22745164947e-06, 5.50787672182e-06, 6.30994509265e-06, 5.22048594576e-06, 4.46738067694e-06, 5.00083115185e-06, 5.3618414313e-06, 5.03743467561e-06, 3.8369653339e-06, 2.40441113419e-06, 1.15214902507e-06, 2.48925800861e-07]
    },
    "melbands128": {
        "max": [0.000181344687007, 0.00115698797163, 0.00321847829036, 0.00803027395159, 0.0103974249214, 0.00781674310565, 0.0047567486763, 0.00539458403364, 0.00850096531212, 0.00755542237312, 0.0159389097244, 0.0392630025744, 0.0272155124694, 0.0187151022255, 0.015664961189, 0.0204591657966, 0.0244974680245, 0.0120482631028, 0.00891112815589, 0.0109739471227, 0.0120685510337, 0.010973000899, 0.00898639671504, 0.0148441996425, 0.024502184242, 0.0099603170529, 0.0142155205831, 0.0150303766131, 0.00760869961232, 0.00805416330695, 0.0163376759738, 0.00987647473812, 0.0168019179255, 0.00319656683132, 0.00261180894449, 0.00462487339973, 0.00339701049961, 0.00536078214645, 0.00476243020967, 0.00988996680826, 0.00327671086416, 0.00730982702225, 0.00288925692439, 0.00176494033076, 0.00195129762869, 0.00186131126247, 0.00451754638925, 0.00173905619886, 0.00187284254935, 0.00283250561915, 0.00121169944759, 0.00144601427019, 0.00161403301172, 0.001098812907, 0.0010206005536, 0.00114452897105, 0.00122929539066, 0.00128016422968, 0.000644774350803, 0.000366772525012, 0.000402727164328, 0.000493966042995, 0.000631560978945, 0.000541106739547, 0.000339531892678, 0.000457635935163, 0.000377912132535, 0.00039743699017, 0.00030217130552, 0.000439986528363, 0.000424463185482, 0.000100404824479, 9.48609813349e-05, 8.5776016931e-05, 6.45370382699e-05, 9.26159773371e-05, 8.61824883032e-05, 9.92418135866e-05, 0.000111063607619, 9.54217321123e-05, 5.53771933482e-05, 9.33251649258e-05, 5.58468491363e-05, 6.360833504e-05, 5.42719353689e-05, 8.07868054835e-05, 0.000121990487969, 0.000101668971183, 0.000108734762762, 7.98490145826e-05, 6.58698627376e-05, 8.16874089651e-05, 5.91143179918e-05, 6.354276411e-05, 5.83752007515e-05, 3.50575392076e-05, 2.99289386021e-05, 3.41842969647e-05, 1.52274869833e-05, 1.8769320377e-05, 9.00981376617e-06, 3.60948229172e-06, 1.81283178335e-06, 3.11414964926e-07, 1.02040765171e-07, 2.23753943374e-07, 7.29116251819e-08, 2.00735215117e-08, 1.66798095336e-08, 1.64196016783e-08, 1.5828295119e-08, 1.52425272404e-08, 1.46596041972e-08, 1.41245388718e-08, 1.36423867758e-08, 1.32066153569e-08, 1.27871384592e-08, 1.24068666452e-08, 1.20548451221e-08, 1.17282885626e-08, 1.14507940907e-08, 1.12078106795e-08, 1.09779794144e-08, 1.07832311969e-08, 1.06204183226e-08, 1.05111732651e-08, 1.04075521534e-08, 1.034906294e-08],
        "mean": [1.24859516291e-05, 2.92967670248e-05, 0.00010986362031, 0.000254526617937, 0.000402903358918, 0.000430463755038, 0.000391640409362, 0.000462753116153, 0.000536294828635, 0.000488067918923, 0.000647729379125, 0.00081957882503, 0.000764448661357, 0.000765843025874, 0.000618737423792, 0.000708502309863, 0.000762083276641, 0.00057168857893, 0.000371732778149, 0.000368223671103, 0.000282788096229, 0.000276894570561, 0.000219054345507, 0.000455181521829, 0.000508468132466, 0.000354122952558, 0.000413592235418, 0.000229962184676, 0.00028734432999, 0.000333559815772, 0.000266161019681, 0.00048589828657, 0.000665190047584, 0.000136071204906, 9.82495694188e-05, 8.53340970934e-05, 5.06000833411e-05, 6.32326409686e-05, 0.000108954365714, 0.00010834922432, 7.86948075984e-05, 0.000168047612533, 0.000113509464427, 7.491697761e-05, 7.35749054002e-05, 5.45100374438e-05, 6.90454544383e-05, 5.32625199412e-05, 6.51863520034e-05, 8.87291753315e-05, 3.49644251401e-05, 3.21847910527e-05, 5.68865907553e-05, 3.98729971494e-05, 3.77665892302e-05, 4.91640676046e-05, 6.55003677821e-05, 6.06814210187e-05, 3.23795356962e-05, 2.47579009738e-05, 3.48241519532e-05, 3.6717603507e-05, 2.80505882984e-05, 2.11693713936e-05, 2.58990257862e-05, 2.7520727599e-05, 2.53987873293e-05, 2.36999730987e-05, 1.74399992829e-05, 2.08022411243e-05, 1.3726297766e-05, 7.76455453888e-06, 6.53726556266e-06, 6.60183377477e-06, 4.35857509729e-06, 4.16351031163e-06, 4.08053892897e-06, 4.32327487943e-06, 4.90428465127e-06, 4.88380328534e-06, 4.44214583695e-06, 3.75435570277e-06, 3.11987787427e-06, 2.60790397988e-06, 2.38866050495e-06, 2.27975192502e-06, 2.58704199041e-06, 2.67331574832e-06, 2.57354668065e-06, 2.33805758398e-06, 2.50309426519e-06, 2.22018138629e-06, 2.01134525923e-06, 1.6798597926e-06, 1.45302408328e-06, 1.13010514724e-06, 8.67903224844e-07, 6.56301665458e-07, 4.64420935486e-07, 2.78626515637e-07, 1.1027365332e-07, 1.48852086213e-08, 4.88590146119e-09, 4.34134866945e-10, 1.81771542263e-10, 5.45592071521e-10, 2.99244323765e-10, 2.19101459198e-10, 4.73949698931e-11, 1.93300549178e-11, 1.84047586199e-11, 1.77560067344e-11, 1.70767237156e-11, 1.64077015863e-11, 1.58383254428e-11, 1.5328197045e-11, 1.48413538403e-11, 1.43664333901e-11, 1.39626591539e-11, 1.35837816689e-11, 1.32545129386e-11, 1.29667812945e-11, 1.27067774705e-11, 1.24740903371e-11, 1.2241325141e-11, 1.20257050845e-11, 1.18673751381e-11, 1.17946286418e-11],
        "min": [1.17859400017e-09, 8.38114004864e-08, 1.08009579947e-07, 3.21851445051e-07, 4.18439356054e-07, 4.77623643746e-07, 3.17367039315e-07, 1.3491652453e-06, 1.30229045681e-06, 1.7766504925e-06, 1.43099168781e-06, 1.42983139995e-06, 8.11158145098e-07, 1.99892042474e-06, 7.95091750661e-07, 3.39037569574e-07, 2.08333904084e-06, 4.80324047203e-07, 1.67172299825e-06, 7.02708518929e-07, 5.14002351792e-07, 1.54426899712e-07, 6.59623879073e-07, 1.63287623423e-07, 1.4100868384e-07, 3.59509130021e-07, 1.97235038968e-07, 3.02909967331e-07, 1.40435489016e-07, 1.93700671502e-07, 1.35551019298e-07, 2.59565496208e-07, 1.07886201306e-07, 7.27911384502e-08, 1.37201709549e-07, 1.8633612342e-07, 3.98753492448e-08, 1.87291618658e-07, 2.25282263955e-07, 1.35666894607e-07, 4.95122449706e-08, 8.35322850889e-08, 2.46012660909e-07, 4.28372459282e-07, 2.03009705046e-07, 9.04229011667e-08, 9.12274629172e-08, 1.49475610556e-07, 1.23109018091e-07, 6.09615611324e-08, 1.22174085959e-07, 1.77829704739e-07, 2.88107401047e-07, 5.09991139097e-07, 2.12973560565e-07, 3.98789893552e-07, 2.44590836473e-07, 4.96796701555e-07, 3.66330539237e-07, 1.20263464964e-07, 1.83434536893e-07, 1.3279506561e-07, 1.04891974217e-07, 2.49509724881e-07, 9.89625732473e-08, 1.19871742754e-07, 1.59323377602e-07, 1.33941540525e-07, 1.64911938327e-07, 3.76611239972e-08, 6.27639522577e-08, 9.70703339931e-08, 1.42899210687e-07, 1.36262201522e-07, 1.40057835551e-07, 9.90991964045e-08, 7.23013613424e-08, 4.50138237795e-08, 1.47429162212e-08, 2.58803627418e-08, 5.64739934816e-08, 5.7568101397e-08, 1.96008489439e-08, 8.1139610586e-09, 1.05564854636e-08, 1.75648651179e-08, 2.37292603344e-08, 6.87513601605e-09, 7.84141640509e-09, 2.33996306775e-08, 2.49385223583e-08, 1.73274408155e-08, 3.98310007199e-08, 3.06579330811e-08, 1.00788293267e-08, 9.03614516545e-09, 1.40387603764e-08, 8.08694888832e-09, 5.78777159532e-09, 3.73176023416e-09, 9.8103351831e-11, 1.23491137021e-12, 1.69366948309e-13, 1.18040031417e-13, 1.15970994201e-13, 1.094910363e-13, 1.65260397055e-13, 8.05754063731e-13, 4.36013909439e-13, 1.03108893765e-13, 9.12668175084e-14, 9.24804259865e-14, 9.80304569074e-14, 9.69988995267e-14, 9.92232825851e-14, 1.13235809618e-13, 9.80593305665e-14, 9.80170331293e-14, 9.42538351512e-14, 7.76299733047e-14, 1.18767910545e-13, 9.03798520399e-14, 9.89756440326e-14, 1.05651158124e-13, 6.29940232464e-14, 3.00851974355e-14, 3.87710231013e-15, 1.37318638833e-16],
        "stdev": [1.38864779728e-05, 7.37598311389e-05, 0.000320417631883, 0.000675525108818, 0.000874936114997, 0.000764187891036, 0.000572667457163, 0.000617086014245, 0.000788800360169, 0.000786519376561, 0.00115881196689, 0.00191876932513, 0.00148347753566, 0.00147170817945, 0.00111038598698, 0.0016735206591, 0.00183418416418, 0.00128438044339, 0.000708305102307, 0.000855595048051, 0.000756703782827, 0.00086905900389, 0.000564734393265, 0.000973300309852, 0.00132619880605, 0.000916833698284, 0.00117669883184, 0.000764287950005, 0.000783017487265, 0.000852852070238, 0.000873653742019, 0.00112571520731, 0.00163948477712, 0.000319532467984, 0.000207193297683, 0.000267516181339, 0.000192661507754, 0.000210420403164, 0.000304357876303, 0.000417020084569, 0.000184174059541, 0.000460830167867, 0.000231903002714, 0.000164838231285, 0.000158112627105, 0.000133462715894, 0.000242806345341, 0.000134248024551, 0.000128560175654, 0.000191790662939, 8.50056239869e-05, 7.8308126831e-05, 0.000108232568891, 7.08088336978e-05, 6.89303778927e-05, 7.45899160393e-05, 9.86650920822e-05, 8.29040218377e-05, 4.38633469457e-05, 3.13239070238e-05, 4.19803109253e-05, 4.31910048064e-05, 4.34575740655e-05, 3.52906354237e-05, 3.42542334693e-05, 3.89386441384e-05, 3.55774100171e-05, 3.32154959324e-05, 2.56019775406e-05, 3.39935868396e-05, 2.3155409508e-05, 1.02502153823e-05, 8.04141927802e-06, 8.42760891828e-06, 5.7712409216e-06, 6.72545547786e-06, 6.15666749582e-06, 6.77418120176e-06, 7.8674793258e-06, 8.17097952677e-06, 5.45050124856e-06, 5.94388393438e-06, 5.03239152749e-06, 4.89528974867e-06, 4.57458372694e-06, 5.00536407344e-06, 5.40956671102e-06, 6.35264132143e-06, 5.79979860049e-06, 5.1681813602e-06, 5.4860106502e-06, 5.54174857825e-06, 4.74136504636e-06, 3.98905831389e-06, 3.76803791369e-06, 2.95477957479e-06, 2.28863677876e-06, 1.90791229215e-06, 1.29289060169e-06, 9.50361140895e-07, 4.41715769739e-07, 1.49624696633e-07, 6.49246700846e-08, 8.57504023344e-09, 2.9473530283e-09, 7.68567431919e-09, 2.80245782136e-09, 9.67898539095e-10, 4.58862697839e-10, 4.40027431159e-10, 4.24154433798e-10, 4.08442335509e-10, 3.92792742776e-10, 3.78454101391e-10, 3.65516006351e-10, 3.53824497479e-10, 3.42576883527e-10, 3.32379457291e-10, 3.229523593e-10, 3.14191034301e-10, 3.06759562196e-10, 3.00242081197e-10, 2.94075930274e-10, 2.888538575e-10, 2.84494844349e-10, 2.81564493942e-10, 2.78790129871e-10, 2.77224049272e-10]
    },
    "mfcc": {
        "mean": [-603.600036621, 112.144035339, -29.9673480988, 22.817117691, -13.1477422714, -3.06168031693, -15.8480072021, 6.03692531586, -17.8838787079, 2.13991832733, -12.3721561432, -1.54451394081, -10.7199659348],
        "cov": [[600.39251709, -224.83416748, 43.2153358459, -8.69884872437, 11.2705974579, 43.5734024048, 30.6703357697, 33.0283241272, 46.9582748413, 52.4600067139, 13.3354120255, -20.1333045959, 1.33869171143], [-224.83416748, 362.083557129, -41.3913993835, 33.718662262, -30.8036670685, -44.4805488586, 17.3171958923, -1.57748782635, -24.4506416321, 5.49434232712, 16.1876029968, -0.398191481829, -23.2969665527], [43.2153358459, -41.3913993835, 383.617156982, 126.39125061, 107.245254517, -11.0752477646, -81.3477172852, -43.7907714844, 37.6988639832, -66.738067627, 20.5039482117, 73.3639526367, 14.6621446609], [-8.69884872437, 33.718662262, 126.39125061, 327.139831543, 157.950698853, 0.860682725906, -136.531173706, -88.1542434692, 24.6734962463, -39.4272956848, -13.9133310318, 66.9688262939, 35.6213684082], [11.2705974579, -30.8036670685, 107.245254517, 157.950698853, 221.643127441, 19.4645061493, -80.4278259277, -54.4383659363, 6.51876163483, -32.6714248657, -27.0109577179, 27.0620613098, 37.5582923889], [43.5734024048, -44.4805488586, -11.0752477646, 0.860682725906, 19.4645061493, 156.987533569, 81.4760818481, 22.4939785004, -0.159437209368, -7.01722860336, 9.79390239716, -15.3904771805, -26.4853134155], [30.6703357697, 17.3171958923, -81.3477172852, -136.531173706, -80.4278259277, 81.4760818481, 242.46723938, 105.985298157, -14.4764728546, 21.498550415, 13.4934148788, -56.5591926575, -37.1973648071], [33.0283241272, -1.57748782635, -43.7907714844, -88.1542434692, -54.4383659363, 22.4939785004, 105.985298157, 142.643310547, 49.3472213745, 17.9004707336, -4.06285238266, -40.3399391174, -38.9172744751], [46.9582748413, -24.4506416321, 37.6988639832, 24.6734962463, 6.51876163483, -0.159437209368, -14.4764728546, 49.3472213745, 130.766540527, 23.2806243896, 8.64338874817, 2.64673662186, -35.1010398865], [52.4600067139, 5.49434232712, -66.738067627, -39.4272956848, -32.6714248657, -7.01722860336, 21.498550415, 17.9004707336, 23.2806243896, 117.115989685, 31.9865074158, -24.2514533997, -22.7040882111], [13.3354120255, 16.1876029968, 20.5039482117, -13.9133310318, -27.0109577179, 9.79390239716, 13.4934148788, -4.06285238266, 8.64338874817, 31.9865074158, 82.6916885376, 28.2842445374, -20.0994091034], [-20.1333045959, -0.398191481829, 73.3639526367, 66.9688262939, 27.0620613098, -15.3904771805, -56.5591926575, -40.3399391174, 2.64673662186, -24.2514533997, 28.2842445374, 95.1163253784, 27.9562644958], [1.33869171143, -23.2969665527, 14.6621446609, 35.6213684082, 37.5582923889, -26.4853134155, -37.1973648071, -38.9172744751, -35.1010398865, -22.7040882111, -20.0994091034, 27.9562644958, 92.0415878296]],
        "icov": [[0.0024667289108, 0.00156161515042, -0.000400701013859, -0.000556959304959, 0.00022241215629, -6.48942586849e-05, -0.000410538603319, -0.000331026065396, -0.000207825461985, -0.00117812526878, -0.000463525560917, 0.000755003187805, -0.000476948131109], [0.00156161515042, 0.00446477578953, 0.000268393516308, -0.00179083494004, 0.000472036103019, 0.00184588041157, -0.00128115736879, -0.000315993936965, 0.000970095512457, -0.000334286218276, -0.00120050529949, 0.000531757599674, 0.00130869995337], [-0.000400701013859, 0.000268393516308, 0.00415874412283, -0.000365963351214, -0.00151052756701, 0.000918960024137, -0.000136928676511, 0.000355821277481, -0.00112623465247, 0.00262950919569, -0.00190754781943, -0.00133315927815, 0.000736333895475], [-0.000556959304959, -0.00179083494004, -0.000365963351214, 0.0068860524334, -0.00305100739934, -0.00164068641607, 0.00184396631084, 0.00184940348845, -0.00185332261026, 0.000251061865129, 0.00153816607781, -0.00245739077218, -0.000314390257699], [0.00022241215629, 0.000472036103019, -0.00151052756701, -0.00305100739934, 0.00840444397181, -0.00196892605163, 0.000921513244975, 0.000368353183148, -2.13434086618e-05, -0.000677772273775, 0.00192918255925, 0.00121422449593, -0.00205309619196], [-6.48942586849e-05, 0.00184588041157, 0.000918960024137, -0.00164068641607, -0.00196892605163, 0.0103709911928, -0.0048210429959, 0.00113168882672, 0.000224861491006, 0.00191515940242, -0.00198979210109, 0.000402743607992, 0.00327593670227], [-0.000410538603319, -0.00128115736879, -0.000136928676511, 0.00184396631084, 0.000921513244975, -0.0048210429959, 0.0104975048453, -0.00628075702116, 0.00288642477244, -0.000136440110509, -0.00166423700284, 0.00194673414808, -0.00107426429167], [-0.000331026065396, -0.000315993936965, 0.000355821277481, 0.00184940348845, 0.000368353183148, 0.00113168882672, -0.00628075702116, 0.0159684289247, -0.0071154339239, 0.00100945506711, 0.00257746293209, 0.000741213851143, 0.00141444883775], [-0.000207825461985, 0.000970095512457, -0.00112623465247, -0.00185332261026, -2.13434086618e-05, 0.000224861491006, 0.00288642477244, -0.0071154339239, 0.0132442712784, -0.00284294574521, 0.000227456490393, -0.00153296720237, 0.00424144836143], [-0.00117812526878, -0.000334286218276, 0.00262950919569, 0.000251061865129, -0.000677772273775, 0.00191515940242, -0.000136440110509, 0.00100945506711, -0.00284294574521, 0.0138568906114, -0.00715865893289, 0.00409275433049, 0.000143372832099], [-0.000463525560917, -0.00120050529949, -0.00190754781943, 0.00153816607781, 0.00192918255925, -0.00198979210109, -0.00166423700284, 0.00257746293209, 0.000227456490393, -0.00715865893289, 0.0217304266989, -0.010131187737, 0.00461234012619], [0.000755003187805, 0.000531757599674, -0.00133315927815, -0.00245739077218, 0.00121422449593, 0.000402743607992, 0.00194673414808, 0.000741213851143, -0.00153296720237, 0.00409275433049, -0.010131187737, 0.0204887967557, -0.0060029970482], [-0.000476948131109, 0.00130869995337, 0.000736333895475, -0.000314390257699, -0.00205309619196, 0.00327593670227, -0.00107426429167, 0.00141444883775, 0.00424144836143, 0.000143372832099, 0.00461234012619, -0.0060029970482, 0.0176349934191]]
    },
    "spectral_contrast_coeffs": {
        "max": [-0.409403502941, -0.387434482574, -0.456782311201, -0.563968718052, -0.65022778511, -0.606842637062],
        "mean": [-0.670020997524, -0.714882016182, -0.704034924507, -0.749356210232, -0.755004167557, -0.696615517139],
        "min": [-0.867115855217, -0.92392629385, -0.891828000546, -0.872549831867, -0.906214058399, -0.876545846462],
        "stdev": [0.0647715255618, 0.0826653316617, 0.0844992697239, 0.0506464876235, 0.0366178229451, 0.0311003047973]
    },
    "spectral_contrast_valleys": {
        "max": [-5.1073102951, -4.86807441711, -5.36140775681, -6.32159900665, -6.03773021698, -8.28836917877],
        "mean": [-6.91211700439, -6.44314193726, -7.17988109589, -7.20549440384, -6.9855799675, -10.5013561249],
        "min": [-9.00518798828, -8.25332641602, -8.68721294403, -8.95750331879, -8.35031890869, -11.7083034515],
        "stdev": [0.612258791924, 0.493715465069, 0.489634305239, 0.364706903696, 0.350718230009, 0.520800292492]
    }
},
"rhythm": {
    "beats_count": 78,
    "beats_loudness": {
        "max": 0.0657689347863,
        "mean": 0.0315931104124,
        "min": 0.0137765277177,
        "stdev": 0.0106561211869
    },
    "bpm": 144.24105835,
    "bpm_histogram_first_peak_bpm": 144,
    "bpm_histogram_first_peak_weight": 0.273972630501,
    "bpm_histogram_second_peak_bpm": 152,
    "bpm_histogram_second_peak_spread": 0,
    "bpm_histogram_second_peak_weight": 0.0259740259498,
    "danceability": 1.5664857626,
    "onset_rate": 2.58398413658,
    "beats_loudness_band_ratio": {
        "max": [0.702475249767, 0.667103827, 0.801118433475, 0.831066727638, 0.295165926218, 0.224606737494],
        "mean": [0.160281285644, 0.212151944637, 0.267577409744, 0.227543562651, 0.120985142887, 0.0660503134131],
        "min": [0.0169234070927, 0.0151666030288, 0.0247165933251, 0.0100294612348, 0.0163614563644, 0.0162751227617],
        "stdev": [0.152882769704, 0.166791588068, 0.193695306778, 0.218551650643, 0.0724952369928, 0.0394031219184]
    },
