{
"metadata": {
    "version": {
        "essentia": "2.1-beta5",
        "essentia_git_sha": "Undefined",
        "extractor": "music 2.0"
    },
    "audio_properties": {
        "analysis": {
            "equal_loudness": 0,
            "length": 48.7502937317,
            "sample_rate": 44100,
            "start_time": 77.7404098511,
            "downmix": "mix"
        },
        "bit_rate": 192000,
        "length": 203.178314209,
        "lossless": 0,
        "number_channels": 2,
        "replay_gain": -7.65956687927,
        "sample_rate": 48000,
        "codec": "mp3",
        "md5_encoded": "c2a3133578acf1351000ba3a155a286b"
    },
    "tags": {
        "file_name": "Israel_Yom Huledeth_Eden.mp3",
        "encoding": ["Lavf58.29.100"]
    }
},
"lowlevel": {
    "average_loudness": 0.970481395721,
    "barkbands_crest": {
        "max": 25.2517642975,
        "mean": 10.2330293655,
        "min": 2.63900709152,
        "stdev": 4.51581001282
    },
    "barkbands_flatness_db": {
        "max": 0.243268415332,
        "mean": 0.1065999493,
        "min": 0.0369171872735,
        "stdev": 0.0337418727577
    },
    "barkbands_kurtosis": {
        "max": 31.0250816345,
        "mean": 1.43404769897,
        "min": -1.84167551994,
        "stdev": 3.02020525932
    },
    "barkbands_skewness": {
        "max": 5.564412117,
        "mean": 1.09615421295,
        "min": -1.55283689499,
        "stdev": 0.746277689934
    },
    "barkbands_spread": {
        "max": 98.5033721924,
        "mean": 29.1759147644,
        "min": 4.88012933731,
        "stdev": 13.3703737259
    },
    "dissonance": {
        "max": 0.499999850988,
        "mean": 0.46945425868,
        "min": 0.357621997595,
        "stdev": 0.0231070462614
    },
    "dynamic_complexity": 2.21608233452,
    "erbbands_crest": {
        "max": 28.5513000488,
        "mean": 9.36913394928,
        "min": 2.75145483017,
        "stdev": 5.27207994461
    },
    "erbbands_flatness_db": {
        "max": 0.273673504591,
        "mean": 0.148702532053,
        "min": 0.0628794580698,
        "stdev": 0.033382948488
    },
    "erbbands_kurtosis": {
        "max": 22.1070327759,
        "mean": 0.291791170835,
        "min": -1.58386552334,
        "stdev": 1.90924155712
    },
    "erbbands_skewness": {
        "max": 4.52614736557,
        "mean": 0.528821289539,
        "min": -2.20979762077,
        "stdev": 0.754842698574
    },
    "erbbands_spread": {
        "max": 113.026451111,
        "mean": 38.8140792847,
        "min": 8.56861686707,
        "stdev": 13.6290235519
    },
    "hfc": {
        "max": 90.4542160034,
        "mean": 26.6907329559,
        "min": 0.260442763567,
        "stdev": 15.9565572739
    },
    "loudness_ebu128": {
        "integrated": -15.2525815964,
        "loudness_range": 1.5076789856,
        "momentary": {
            "max": -12.2421855927,
            "mean": -15.4554386139,
            "min": -21.9331493378,
            "stdev": 1.37182343006
        },
        "short_term": {
            "max": -13.8412685394,
            "mean": -15.3024606705,
            "min": -17.2106838226,
            "stdev": 0.541288554668
        }
    },
    "melbands_crest": {
        "max": 31.6486568451,
        "mean": 14.6109418869,
        "min": 3.03343296051,
        "stdev": 5.3861246109
    },
    "melbands_flatness_db": {
        "max": 0.294080376625,
        "mean": 0.142735570669,
        "min": 0.0212483182549,
        "stdev": 0.0433322452009
    },
    "melbands_kurtosis": {
        "max": 125.213973999,
        "mean": 7.37605619431,
        "min": -1.39144015312,
        "stdev": 8.79043388367
    },
    "melbands_skewness": {
        "max": 10.1392612457,
        "mean": 2.03608679771,
        "min": -0.504660248756,
        "stdev": 1.10278737545
    },
    "melbands_spread": {
        "max": 166.274047852,
        "mean": 32.0267295837,
        "min": 3.53052663803,
        "stdev": 17.1641235352
    },
    "pitch_salience": {
        "max": 0.826008379459,
        "mean": 0.543975293636,
        "min": 0.157618969679,
        "stdev": 0.105276279151
    },
    "silence_rate_20dB": {
        "max": 1,
        "mean": 1,
        "min": 1,
        "stdev": 0
    },
    "silence_rate_30dB": {
        "max": 1,
        "mean": 0.999524056911,
        "min": 0,
        "stdev": 0.0218115672469
    },
    "silence_rate_60dB": {
        "max": 1,
        "mean": 0.0038077107165,
        "min": 0,
        "stdev": 0.0615889430046
    },
    "spectral_centroid": {
        "max": 4470.00390625,
        "mean": 1716.97338867,
        "min": 538.739624023,
        "stdev": 540.216674805
    },
    "spectral_complexity": {
        "max": 54,
        "mean": 23.6344604492,
        "min": 0,
        "stdev": 8.58247375488
    },
    "spectral_decrease": {
        "max": -5.56464457846e-11,
        "mean": -6.3280145568e-09,
        "min": -3.20344106797e-08,
        "stdev": 3.93836963042e-09
    },
    "spectral_energy": {
        "max": 0.128859788179,
        "mean": 0.0263043269515,
        "min": 0.000233645259868,
        "stdev": 0.0158770885319
    },
    "spectral_energyband_high": {
        "max": 0.00911844149232,
        "mean": 0.00136635568924,
        "min": 1.28926785692e-05,
        "stdev": 0.00120619835798
    },
    "spectral_energyband_low": {
        "max": 0.0328918397427,
        "mean": 0.00563127314672,
        "min": 5.69345820622e-06,
        "stdev": 0.00593531737104
    },
    "spectral_energyband_middle_high": {
        "max": 0.0545288696885,
        "mean": 0.00677165668458,
        "min": 6.76000563544e-05,
        "stdev": 0.00612540263683
    },
    "spectral_energyband_middle_low": {
        "max": 0.120221160352,
        "mean": 0.0130755677819,
        "min": 0.000107036808913,
        "stdev": 0.01292880252
    },
    "spectral_entropy": {
        "max": 8.7557258606,
        "mean": 7.91517972946,
        "min": 7.00948572159,
        "stdev": 0.23241327703
    },
    "spectral_flux": {
        "max": 0.275589615107,
        "mean": 0.098630823195,
        "min": 0.0247851125896,
        "stdev": 0.0402877815068
    },
    "spectral_kurtosis": {
        "max": 9.24417877197,
        "mean": 2.41618132591,
        "min": -0.648723602295,
        "stdev": 1.19015312195
    },
    "spectral_rms": {
        "max": 0.0112123526633,
        "mean": 0.00483940215781,
        "min": 0.000477437541122,
        "stdev": 0.00149766018149
    },
    "spectral_rolloff": {
        "max": 10206.7382812,
        "mean": 2011.15917969,
        "min": 86.1328125,
        "stdev": 1458.9173584
    },
    "spectral_skewness": {
        "max": 2.14661550522,
        "mean": 1.22415006161,
        "min": 0.156515076756,
        "stdev": 0.246166139841
    },
    "spectral_spread": {
        "max": 10516301,
        "mean": 5043303,
        "min": 2975661,
        "stdev": 957011.25
    },
    "spectral_strongpeak": {
        "max": 7.89401721954,
        "mean": 1.21006238461,
        "min": 0,
        "stdev": 1.28899514675
    },
    "zerocrossingrate": {
        "max": 0.32568359375,
        "mean": 0.0792800486088,
        "min": 0.01123046875,
        "stdev": 0.0333052128553
    },
    "barkbands": {
        "max": [0.00235482538119, 0.0312228947878, 0.0193577110767, 0.0317163392901, 0.0525010749698, 0.0234958827496, 0.0487312339246, 0.108177118003, 0.0643289908767, 0.0446449294686, 0.0336260721087, 0.00992537289858, 0.0141961015761, 0.00805389229208, 0.00678796553984, 0.0127454521134, 0.00629734247923, 0.0027504847385, 0.00403719535097, 0.00408223737031, 0.0036753132008, 0.0045282621868, 0.00203137425706, 0.00357099669054, 0.00217580818571, 0.000982786994427, 4.52252379546e-06],
        "mean": [0.000200673894142, 0.00409766100347, 0.00105167692527, 0.00069745403016, 0.00239252159372, 0.00107180781197, 0.00179720087908, 0.00391082465649, 0.00272342725657, 0.00158888252918, 0.000840058724862, 0.000804214738309, 0.00068872916745, 0.000568997464143, 0.000599159859121, 0.000490167585667, 0.000440676551079, 0.00034937687451, 0.000426948245149, 0.000327366316924, 0.000293001212412, 0.000342159328284, 0.000264545233222, 0.000208300014492, 9.41322141443e-05, 3.43057326972e-05, 6.96173430015e-08],
        "min": [6.58897363337e-08, 1.25856706745e-06, 2.12839779579e-07, 1.17751611128e-07, 1.87229943549e-05, 5.84201006859e-06, 5.5683303799e-06, 6.62852926325e-06, 1.25157503135e-05, 1.55506904775e-06, 4.83392386741e-06, 7.22927507013e-06, 4.58242993773e-06, 6.21365188636e-06, 7.01263752489e-06, 5.17346688866e-06, 7.07069284545e-06, 2.20944957618e-06, 4.36065965914e-06, 2.60636193161e-06, 2.3961538318e-06, 2.04935986403e-06, 2.83502117782e-06, 3.34271521751e-06, 9.54653955887e-07, 2.12963556123e-07, 3.24918356109e-11],
        "stdev": [0.000232049802435, 0.00484244758263, 0.00230483151972, 0.00203756964765, 0.00458456156775, 0.0020470386371, 0.00441711675376, 0.00781994592398, 0.00598973734304, 0.00355206569657, 0.00177320290823, 0.00116393039934, 0.0012409921037, 0.000838370528072, 0.000719667470548, 0.000905309570953, 0.000540962268133, 0.000341624137945, 0.000417303177528, 0.000328143651132, 0.000293690536637, 0.000369293877156, 0.000278762541711, 0.000287260336336, 0.000147066588397, 6.08246227785e-05, 2.49367445804e-07]
    },
    "erbbands": {
        "max": [0.920949816704, 8.0994348526, 18.9597854614, 50.0833206177, 151.01272583, 176.395721436, 344.881164551, 243.740692139, 736.829711914, 690.661437988, 2720.70117188, 1254.46911621, 1670.36999512, 1520.61657715, 489.826019287, 493.317352295, 606.920288086, 541.758422852, 244.267837524, 557.367675781, 647.907226562, 334.538452148, 164.824081421, 191.882278442, 256.260070801, 204.677963257, 152.209884644, 122.502998352, 174.402862549, 126.874275208, 62.0943450928, 80.6210327148, 61.0436096191, 33.2626609802, 11.8917579651, 6.63169622421, 1.60612511635, 0.11672680825, 0.00228735641576, 0.000158457827638],
        "mean": [0.138455078006, 0.827246844769, 1.32336592674, 1.80441737175, 4.4757938385, 8.81158828735, 10.7952136993, 8.26377677917, 18.1284503937, 49.3448371887, 87.7433624268, 61.4937362671, 50.5229454041, 50.8542098999, 31.7628917694, 33.5756263733, 30.8949260712, 34.0193977356, 28.7534790039, 30.4003372192, 26.438577652, 22.7857303619, 19.4322605133, 19.6092281342, 23.9989128113, 14.4357919693, 10.7723722458, 12.9362125397, 12.7541246414, 9.03631019592, 7.13816022873, 5.40994930267, 2.8480887413, 1.3474676609, 0.527770221233, 0.225713908672, 0.0483625493944, 0.00222623790614, 7.62394629419e-05, 3.79608864023e-05],
        "min": [3.8000420318e-05, 0.000242989335675, 0.000881843618117, 0.00212682457641, 0.00769783370197, 0.0685465931892, 0.0619546547532, 0.0537511892617, 0.100879073143, 0.255133509636, 0.18954347074, 0.307600289583, 0.0849996656179, 0.10009867698, 0.316220402718, 0.287864357233, 0.203496649861, 0.671772778034, 0.801088273525, 0.200671687722, 0.351924300194, 0.382494002581, 0.121886625886, 0.162896722555, 0.218893051147, 0.146816805005, 0.0893852338195, 0.0866547003388, 0.070928633213, 0.0660559907556, 0.0724883005023, 0.0905362963676, 0.0514187291265, 0.016308164224, 0.00328499916941, 0.000906483677682, 0.000233379367273, 7.7613403846e-06, 3.88590069633e-06, 2.53746293311e-06],
        "stdev": [0.155207440257, 1.12373816967, 2.50235962868, 4.56078577042, 11.9459552765, 16.0246868134, 21.0462245941, 16.7371520996, 50.5647163391, 90.770980835, 173.510223389, 125.761169434, 115.677558899, 112.40586853, 47.4412193298, 45.9098587036, 50.3939399719, 51.0932655334, 31.3488445282, 45.439201355, 41.0679016113, 27.2213878632, 19.3307590485, 18.439868927, 22.7467041016, 16.1230373383, 10.8500623703, 13.3916225433, 14.2006874084, 9.20524501801, 7.66041231155, 6.62875556946, 4.28086233139, 2.0631172657, 0.879280567169, 0.377186864614, 0.093096524477, 0.00599043443799, 0.000130859509227, 2.15036343434e-05]
    },
    "gfcc": {
        "mean": [33.1704063416, 69.8130645752, -132.904388428, 37.2077636719, -75.1827545166, 26.4903430939, -36.7778282166, 19.4555187225, -18.7238063812, 8.07896232605, -14.0404472351, 2.36950540543, -9.06329536438],
        "cov": [[1167.37109375, -93.0171813965, 16.561712265, -82.7585067749, -28.6988887787, -36.5318107605, -31.6054382324, -28.9748096466, -88.6347427368, -25.7004127502, -106.952453613, -28.6911792755, -69.1416854858], [-93.0171813965, 569.965148926, 70.7326889038, 83.3744735718, 164.084442139, 14.6335630417, 85.3375930786, 32.5082893372, 65.3735733032, -39.5708618164, 45.0908851624, -42.3557853699, 18.3051986694], [16.561712265, 70.7326889038, 371.476623535, 155.577453613, 66.6550598145, 53.5504493713, -9.4882478714, 22.0760440826, 10.0014152527, 27.3986949921, -0.395779252052, 36.3708534241, -16.5285682678], [-82.7585067749, 83.3744735718, 155.577453613, 224.547103882, 121.31678772, 57.8524017334, -2.7233338356, -0.871253192425, 12.3243770599, -0.431332916021, 10.7793445587, 20.4731941223, 27.5050983429], [-28.6988887787, 164.084442139, 66.6550598145, 121.31678772, 249.990356445, 110.222808838, 35.5212898254, 40.2306404114, 5.30574655533, -10.4651622772, 4.64612102509, 15.0560684204, 16.7534446716], [-36.5318107605, 14.6335630417, 53.5504493713, 57.8524017334, 110.222808838, 202.90234375, 131.702148438, 31.0528774261, -36.50390625, -6.96612119675, 15.4347352982, 11.4039783478, 12.3799791336], [-31.6054382324, 85.3375930786, -9.4882478714, -2.7233338356, 35.5212898254, 131.702148438, 215.360183716, 72.3909225464, -7.32028913498, -1.47536158562, 28.6307563782, -2.03058075905, 3.68293166161], [-28.9748096466, 32.5082893372, 22.0760440826, -0.871253192425, 40.2306404114, 31.0528774261, 72.3909225464, 121.100845337, 60.1102027893, 21.5758743286, 20.5005111694, 0.352253496647, 4.96263217926], [-88.6347427368, 65.3735733032, 10.0014152527, 12.3243770599, 5.30574655533, -36.50390625, -7.32028913498, 60.1102027893, 140.091308594, 55.5303230286, 12.9755544662, -9.27821445465, 4.45710134506], [-25.7004127502, -39.5708618164, 27.3986949921, -0.431332916021, -10.4651622772, -6.96612119675, -1.47536158562, 21.5758743286, 55.5303230286, 77.4356536865, 26.3360862732, 14.0021505356, -6.08346700668], [-106.952453613, 45.0908851624, -0.395779252052, 10.7793445587, 4.64612102509, 15.4347352982, 28.6307563782, 20.5005111694, 12.9755544662, 26.3360862732, 89.8020858765, 33.7067756653, 19.9128704071], [-28.6911792755, -42.3557853699, 36.3708534241, 20.4731941223, 15.0560684204, 11.4039783478, -2.03058075905, 0.352253496647, -9.27821445465, 14.0021505356, 33.7067756653, 82.7193984985, 30.0202007294], [-69.1416854858, 18.3051986694, -16.5285682678, 27.5050983429, 16.7534446716, 12.3799791336, 3.68293166161, 4.96263217926, 4.45710134506, -6.08346700668, 19.9128704071, 30.0202007294, 73.5895690918]],
        "icov": [[0.00109015707858, -0.000228805103689, -1.27373741634e-05, 0.000249771372182, 4.56759917142e-05, 0.000167155463714, 0.00015026750043, -0.000552337034605, 0.00121495011263, -0.000846097595058, 0.00151310942601, -0.000365315849194, 0.000572231248952], [-0.000228805103689, 0.00761805055663, -0.00445250514895, 0.00326092238538, -0.00851011928171, 0.00778274331242, -0.00825190637261, 0.00809816271067, -0.00745930336416, 0.00908325146884, -0.00824116170406, 0.00744229927659, -0.00343715026975], [-1.27373741634e-05, -0.00445250514895, 0.00765142869204, -0.00601849146187, 0.00631161546335, -0.00610513053834, 0.00625639269128, -0.00702910963446, 0.00500929262489, -0.0066059678793, 0.00597091671079, -0.00691143376753, 0.00516895530745], [0.000249771372182, 0.00326092238538, -0.00601849146187, 0.0114665180445, -0.00769336055964, 0.00349090527743, -0.00397796789184, 0.00699806073681, -0.00508545851335, 0.00515656918287, -0.00465729739517, 0.00471687689424, -0.00525234034285], [4.56759917142e-05, -0.00851011928171, 0.00631161546335, -0.00769336055964, 0.0175088681281, -0.013629806228, 0.0119401486591, -0.0124573083594, 0.0075670951046, -0.00828547310084, 0.00957894511521, -0.00972612481564, 0.00523470295593], [0.000167155463714, 0.00778274331242, -0.00610513053834, 0.00349090527743, -0.013629806228, 0.0216486863792, -0.0165489409119, 0.0100268013775, -0.00344505580142, 0.00624246662483, -0.00748575804755, 0.00854158122092, -0.00557599496096], [0.00015026750043, -0.00825190637261, 0.00625639269128, -0.00397796789184, 0.0119401486591, -0.0165489409119, 0.0205472577363, -0.0150784747675, 0.00870389770716, -0.00850319117308, 0.00686243968084, -0.00749864289537, 0.00511206546798], [-0.000552337034605, 0.00809816271067, -0.00702910963446, 0.00699806073681, -0.0124573083594, 0.0100268013775, -0.0150784747675, 0.0256613958627, -0.0157231539488, 0.0112847564742, -0.0107312873006, 0.00828566495329, -0.00514545384794], [0.00121495011263, -0.00745930336416, 0.00500929262489, -0.00508545851335, 0.0075670951046, -0.00344505580142, 0.00870389770716, -0.0157231539488, 0.0242903493345, -0.0201903060079, 0.0103038400412, -0.00336434389465, 0.000948436150793], [-0.000846097595058, 0.00908325146884, -0.0066059678793, 0.00515656918287, -0.00828547310084, 0.00624246662483, -0.00850319117308, 0.0112847564742, -0.0201903060079, 0.0348900184035, -0.0158436428756, 0.00443716766313, 0.000619421771262], [0.00151310942601, -0.00824116170406, 0.00597091671079, -0.00465729739517, 0.00957894511521, -0.00748575804755, 0.00686243968084, -0.0107312873006, 0.0103038400412, -0.0158436428756, 0.0263852067292, -0.0134607665241, 0.00242996495217], [-0.000365315849194, 0.00744229927659, -0.00691143376753, 0.00471687689424, -0.00972612481564, 0.00854158122092, -0.00749864289537, 0.00828566495329, -0.00336434389465, 0.00443716766313, -0.0134607665241, 0.026562128216, -0.0115387979895], [0.000572231248952, -0.00343715026975, 0.00516895530745, -0.00525234034285, 0.00523470295593, -0.00557599496096, 0.00511206546798, -0.00514545384794, 0.000948436150793, 0.000619421771262, 0.00242996495217, -0.0115387979895, 0.0219864547253]]
    },
    "melbands": {
        "max": [0.00852540135384, 0.00836737081409, 0.012104629539, 0.0131351696327, 0.0119306864217, 0.00482526188716, 0.00979367084801, 0.0101912626997, 0.0206206422299, 0.00969945359975, 0.00822623446584, 0.00670486222953, 0.00236587179825, 0.00125383550767, 0.00223894277588, 0.00173165090382, 0.000908674963284, 0.000424968049629, 0.000717721995898, 0.00124643475283, 0.000672586844303, 0.000380827928893, 0.000191507933778, 0.000152468332089, 0.000175901965122, 0.000232396792853, 0.000161112489877, 0.000137984214234, 9.11641400307e-05, 0.000164221637533, 9.91417982732e-05, 0.000115215101687, 9.13454205147e-05, 6.09911403444e-05, 3.88184380427e-05, 4.0745260776e-05, 5.41697372682e-05, 5.24499846506e-05, 2.66557763098e-05, 3.17021949741e-05],
        "mean": [0.001184764551, 0.000812428072095, 0.000389961787732, 0.000477958732517, 0.000395228824345, 0.000189717684407, 0.00030417877133, 0.000624349107966, 0.000695263443049, 0.000373060698621, 0.000247560994467, 0.000207869394217, 0.000106662824692, 9.27074434003e-05, 7.00198943377e-05, 7.27547158021e-05, 6.13349329797e-05, 4.27917293564e-05, 4.65128396172e-05, 3.93684058508e-05, 2.87791117444e-05, 2.56501170952e-05, 1.76996800292e-05, 1.67812613654e-05, 1.5409930711e-05, 1.67051730386e-05, 1.60574163601e-05, 8.0739864643e-06, 6.06835556027e-06, 7.35194225854e-06, 7.64090782468e-06, 8.00376346888e-06, 5.27543352291e-06, 4.94746336699e-06, 4.12605550082e-06, 3.88864600609e-06, 3.07299114866e-06, 2.11452538679e-06, 1.47203525103e-06, 1.02003446045e-06],
        "min": [5.91359935243e-07, 3.67452912542e-07, 8.26293899081e-07, 3.46219508174e-06, 2.02391856874e-06, 9.52212019456e-07, 1.26629743136e-06, 2.24892755796e-06, 1.70618250195e-06, 1.85587521173e-06, 3.58248200882e-07, 3.51069246562e-07, 8.53652750266e-07, 1.10612779736e-06, 3.99493131908e-07, 5.75334695441e-07, 6.7798254122e-07, 1.08283450118e-06, 3.82525826126e-07, 3.12573831707e-07, 4.06749876447e-07, 4.54150580254e-07, 1.29041652031e-07, 1.36078725177e-07, 1.21704005096e-07, 1.99386235522e-07, 1.25044422816e-07, 8.71937615443e-08, 3.76114321909e-08, 7.46129629192e-08, 3.84485616678e-08, 4.27769855094e-08, 3.61248382319e-08, 3.54098759203e-08, 3.02407698882e-08, 7.75086590465e-08, 4.44667485056e-08, 4.04417939137e-08, 2.07339088121e-08, 6.28945295844e-09],
        "stdev": [0.00134029088076, 0.00118496001232, 0.000920513237361, 0.00100995413959, 0.000709944928531, 0.000381233403459, 0.00079361355165, 0.00116603530478, 0.0013791192323, 0.000814633502159, 0.000593259115703, 0.000473078107461, 0.000184841803275, 0.000134602509206, 0.000110723085527, 0.000139158364618, 9.51239271672e-05, 5.08491357323e-05, 6.15894678049e-05, 7.63348434702e-05, 4.32491506217e-05, 3.30629882228e-05, 1.99263031391e-05, 1.71069877979e-05, 1.59303235705e-05, 1.77883466677e-05, 1.53237724589e-05, 1.07778250822e-05, 6.68901202516e-06, 8.06067964731e-06, 8.7130765678e-06, 9.50006051426e-06, 5.99898476139e-06, 5.21508673046e-06, 4.63964806841e-06, 4.46288277089e-06, 4.18466743213e-06, 3.44326940649e-06, 2.01877719519e-06, 1.75735885932e-06]
    },
    "melbands128": {
        "max": [0.00153085589409, 0.00714220013469, 0.0142883770168, 0.0142162339762, 0.0119929974899, 0.0106060020626, 0.0118141574785, 0.0190857220441, 0.0166420042515, 0.0164196975529, 0.00988284684718, 0.0185710452497, 0.0156016321853, 0.0108942184597, 0.00786170363426, 0.00630536256358, 0.0165258776397, 0.017145300284, 0.0149147175252, 0.0123034315184, 0.0223016086966, 0.0258084759116, 0.0328967012465, 0.0217518974096, 0.0148685341701, 0.0220308788121, 0.0232446864247, 0.0127254538238, 0.0132168065757, 0.0124345310032, 0.00991361122578, 0.00798188522458, 0.00297537771985, 0.00307585694827, 0.00283020525239, 0.00255134399049, 0.00261538708583, 0.00352652277797, 0.00228341063485, 0.00293718534522, 0.00360094895586, 0.00331305456348, 0.00187014671974, 0.00172094837762, 0.000644916959573, 0.000813814171124, 0.000988286803477, 0.00107182329521, 0.00139301712625, 0.00154759525321, 0.00258090905845, 0.00124552787747, 0.00150479166768, 0.000593472272158, 0.000944176572375, 0.000657310127281, 0.000430196028901, 0.000380932295229, 0.000379395263735, 0.000259682186879, 0.000245619390626, 0.000227480268222, 0.000250165554462, 0.000310206552967, 0.000238115753746, 0.000264114496531, 0.000424213998485, 0.000334127631504, 0.000203621762921, 0.000357997545507, 0.000325963133946, 0.000176004134119, 0.000131310967845, 0.000177552210516, 0.000250353332376, 0.000213430044823, 0.000221822599997, 9.52668779064e-05, 0.000223204580834, 0.000242852751398, 0.000170408864506, 0.000133241133881, 0.000199023954337, 0.000129377775011, 0.000118122319691, 6.37060584268e-05, 7.93057261035e-05, 5.80130617891e-05, 4.86808057758e-05, 6.01665233262e-05, 5.33857055416e-05, 5.71865239181e-05, 7.55822184146e-05, 5.55614678888e-05, 6.5734871896e-05, 7.17315633665e-05, 5.26246330992e-05, 5.28984382981e-05, 4.01069555664e-05, 2.28829176194e-05, 3.35916229233e-05, 3.77211690648e-05, 3.89537090086e-05, 1.88200447155e-05, 1.25613132695e-05, 1.55262732733e-05, 2.10090711334e-05, 2.16960415855e-05, 1.45172325574e-05, 9.90618627839e-06, 7.21884771337e-06, 7.82812094258e-06, 5.40410701433e-06, 5.98022779741e-06, 2.47182720159e-06, 6.78768287798e-07, 1.68300502423e-07, 7.56321894002e-10, 7.2628525416e-10, 7.0479599934e-10, 6.8756689231e-10, 6.81292189331e-10, 6.68734900788e-10, 6.6098859719e-10, 6.52957299341e-10, 6.44047759568e-10, 6.41256714395e-10, 6.38197994451e-10],
        "mean": [0.000179646071047, 0.00110731727909, 0.0016540029319, 0.00126904551871, 0.000770946382545, 0.000478652422316, 0.000330980488798, 0.000375568808522, 0.000452449050499, 0.000477182184113, 0.000511116988491, 0.000472612999147, 0.000400777847972, 0.000252376892604, 0.000176625908352, 0.00014310113329, 0.000205522010219, 0.000316001533065, 0.000461642543087, 0.000473943364341, 0.000792743463535, 0.000858346116729, 0.00072883249959, 0.000487000914291, 0.000332101073582, 0.000395248091081, 0.000287955394015, 0.000237824788201, 0.000187622572412, 0.000233874408877, 0.000229122015298, 0.000128643092467, 8.54822210385e-05, 0.000107247600681, 8.48139388836e-05, 8.9155320893e-05, 0.000107693536847, 5.78651161049e-05, 5.97250727878e-05, 6.38988058199e-05, 8.15159437479e-05, 7.70109472796e-05, 5.93043259869e-05, 6.1335565988e-05, 3.60109370376e-05, 3.86658903153e-05, 5.02779621456e-05, 5.42148154636e-05, 4.04031343351e-05, 3.39600737789e-05, 4.68901998829e-05, 3.58089600923e-05, 2.57910414803e-05, 2.57125684584e-05, 3.58222387149e-05, 2.49635013461e-05, 1.80805054697e-05, 1.83098527486e-05, 1.67300167959e-05, 1.87327732419e-05, 1.6488473193e-05, 1.47457976709e-05, 1.82973162737e-05, 1.49316865645e-05, 1.26063659991e-05, 1.51966614794e-05, 2.15855343413e-05, 1.82202784345e-05, 1.64588254847e-05, 9.26425218495e-06, 8.36985236674e-06, 7.48459206079e-06, 5.66459402762e-06, 5.38837275599e-06, 6.78949436406e-06, 7.84471285442e-06, 7.29195971871e-06, 7.37919799576e-06, 7.13837971489e-06, 8.22136098577e-06, 9.85107271845e-06, 6.95816834195e-06, 6.06551611781e-06, 4.81489223603e-06, 5.10229483552e-06, 4.76585682918e-06, 5.24017559655e-06, 4.6137629397e-06, 4.06768731409e-06, 3.71698502022e-06, 3.95854158342e-06, 3.99266673412e-06, 3.53183349944e-06, 3.19503192259e-06, 2.69507881967e-06, 2.51457345257e-06, 1.89489412605e-06, 1.73861985786e-06, 1.54885856318e-06, 1.29202794596e-06, 1.16648448056e-06, 1.02091644294e-06, 7.89763078046e-07, 6.44042302156e-07, 5.87865031321e-07, 4.93141556035e-07, 4.34929262383e-07, 4.0392691858e-07, 4.19639491156e-07, 3.31866090164e-07, 3.73650863139e-07, 2.12368348684e-07, 1.12206521408e-07, 4.93277454439e-08, 2.329444726e-08, 1.46235494825e-08, 3.12475778586e-09, 6.38755281307e-12, 4.85500398564e-12, 4.71635881391e-12, 4.58838522732e-12, 4.48371721695e-12, 4.3901657483e-12, 4.30727675749e-12, 4.20508636592e-12, 4.0818784984e-12, 4.00690505081e-12, 3.97836017602e-12],
        "min": [3.31916361063e-08, 1.85175039746e-07, 3.54480846454e-07, 2.54875317296e-07, 1.32756227345e-07, 9.33762436262e-08, 9.89592408018e-08, 5.60081439005e-08, 1.41096549555e-07, 1.04122193534e-06, 1.51094809553e-06, 4.37336098003e-07, 9.44367798184e-07, 5.50071149519e-07, 3.73100959905e-07, 1.5452279456e-07, 3.27030932112e-07, 3.5721615177e-07, 3.65620252296e-07, 5.13032922811e-08, 5.73326133235e-07, 4.26360543315e-07, 4.68690473099e-07, 7.20990669834e-07, 1.05063463707e-06, 1.96015491838e-07, 3.85121126101e-07, 1.59315490578e-07, 1.28727037918e-07, 2.92144960667e-07, 1.37235446118e-07, 2.31640015613e-07, 2.92543631986e-07, 2.16757470639e-07, 4.44470060756e-07, 1.13168781013e-07, 2.18760220605e-07, 1.05585684196e-07, 1.54756634174e-07, 2.97409826544e-07, 2.62858236511e-07, 3.83043925467e-07, 2.23543366928e-07, 3.15496492931e-07, 9.63625907957e-08, 1.79828646196e-07, 5.42955262972e-07, 2.37390139546e-07, 9.0802487307e-08, 6.0879834507e-08, 2.58863536828e-07, 9.72283089595e-08, 1.26847368165e-07, 1.85673314945e-07, 2.049743415e-07, 2.26240302936e-07, 9.51691703222e-08, 1.24350918895e-07, 3.19996580345e-08, 3.64698813371e-08, 1.81843589075e-07, 1.8779608979e-07, 6.36869117443e-08, 6.31890415548e-08, 1.631515687e-07, 2.23424137857e-07, 1.65450472878e-07, 9.43636209172e-08, 1.36401951067e-07, 1.09464352249e-07, 1.10215701454e-07, 4.4096186258e-08, 4.63133087436e-09, 4.55750708284e-08, 6.81576466377e-08, 7.09008247668e-08, 8.65200462385e-08, 5.45227756277e-08, 2.42167370601e-08, 3.09025125489e-08, 4.82207411778e-08, 5.03270491947e-08, 2.29174137445e-08, 3.93983299318e-08, 3.77527875628e-08, 4.18334096253e-08, 2.44062867694e-08, 3.26321725197e-08, 2.55041676667e-08, 1.94125888697e-08, 1.68122280542e-08, 9.0108251527e-08, 3.90690075847e-08, 5.24626067033e-08, 8.73682903801e-09, 2.41066580031e-08, 4.37804636988e-09, 2.16985647228e-08, 1.51135068904e-08, 8.95500296139e-09, 3.8102734301e-09, 2.58257970565e-09, 1.06348252427e-09, 8.8271812082e-10, 3.06923797488e-09, 1.28636756802e-09, 6.03772809527e-10, 7.01469715647e-10, 7.25980109362e-11, 3.52425241767e-11, 5.13908776645e-11, 1.96657447271e-11, 2.88336683089e-13, 1.32079419559e-13, 1.53413618072e-13, 1.21122648586e-13, 1.21412862403e-13, 1.17009551462e-13, 9.3942675904e-14, 1.09723658653e-13, 1.0211332512e-13, 9.93492939826e-14, 8.92559070815e-14, 9.26981608878e-14, 5.99744592097e-14, 2.38150191028e-14, 3.87915255338e-15, 1.83446226726e-16],
        "stdev": [0.000210258556763, 0.00128462142311, 0.00215525901876, 0.00195682584308, 0.00149214174598, 0.00108807720244, 0.000959677563515, 0.00110701634549, 0.00135002378374, 0.00121931126341, 0.000939783756621, 0.000992678222246, 0.0009100434836, 0.000645189837087, 0.000470123108244, 0.000366586027667, 0.000949126202613, 0.00105398858432, 0.00134985905606, 0.00112097675446, 0.00202961289324, 0.00222449353896, 0.00187994621228, 0.00159961008467, 0.00098495092243, 0.00127871986479, 0.00108240765985, 0.000756199762691, 0.000643207633402, 0.000684268423356, 0.000661847821902, 0.000390746514313, 0.000207049539313, 0.00021420547273, 0.000205508316867, 0.000168407088495, 0.000190864127944, 0.000143747020047, 0.000141917174915, 0.000155883797561, 0.000212118742638, 0.00022096686007, 0.000122032877698, 0.000125552498503, 6.77685166011e-05, 6.46023690933e-05, 8.29475102364e-05, 8.80149746081e-05, 7.62898125686e-05, 9.07293579075e-05, 0.000130498345243, 7.39861570764e-05, 7.08450534148e-05, 3.98325209972e-05, 6.56191259623e-05, 4.56641173514e-05, 2.95990739687e-05, 2.85809201159e-05, 2.24876785069e-05, 2.5991765142e-05, 2.24988270929e-05, 1.97617500817e-05, 2.2179012376e-05, 2.22723010666e-05, 1.86404649867e-05, 2.02450773941e-05, 2.85372334474e-05, 2.16161661228e-05, 1.90927858057e-05, 1.74189826794e-05, 1.78156569746e-05, 9.69795837591e-06, 8.23256141302e-06, 8.08518962003e-06, 9.6076500995e-06, 1.0290424143e-05, 9.86846316664e-06, 9.1239116955e-06, 1.09699540189e-05, 1.32481764012e-05, 1.33362982524e-05, 9.76524643193e-06, 9.10869039217e-06, 6.79800405123e-06, 6.51511209071e-06, 5.61193382964e-06, 6.39873132968e-06, 5.83559449296e-06, 5.22845675732e-06, 4.90045522383e-06, 4.75767046737e-06, 5.28822693013e-06, 4.752541372e-06, 4.54890187029e-06, 4.51983532912e-06, 4.46426793133e-06, 3.4148542909e-06, 2.9672414712e-06, 2.25890084948e-06, 1.82845292329e-06, 1.95268717107e-06, 2.02831938623e-06, 1.78524794592e-06, 1.18019022466e-06, 1.00825695881e-06, 8.84234452769e-07, 9.03162515442e-07, 9.0469228553e-07, 7.31591171643e-07, 5.93456604747e-07, 5.92544097344e-07, 4.2551650381e-07, 2.8104088301e-07, 2.28737093266e-07, 1.05541417383e-07, 4.3583867182e-08, 9.98675364627e-09, 2.90900602218e-11, 2.76831196855e-11, 2.69930102575e-11, 2.63041706472e-11, 2.56894765877e-11, 2.5128074968e-11, 2.47417225596e-11, 2.44364285751e-11, 2.4155616743e-11, 2.39534538038e-11, 2.38203467368e-11]
    },
    "mfcc": {
        "mean": [-598.851135254, 91.051902771, -1.34700977802, 11.6413516998, -5.74674034119, 4.50303030014, -2.99354219437, 7.87324285507, 1.46768772602, 8.13422584534, 3.3692548275, 1.62760531902, -0.200321882963],
        "cov": [[1149.01049805, -50.7058525085, -84.0072097778, -66.4529342651, -72.9708099365, -37.119304657, -13.7745504379, -40.5687561035, -20.0550575256, -18.2282581329, -46.8279876709, -71.9483261108, -66.7567443848], [-50.7058525085, 466.777679443, -19.1065387726, 73.6480712891, 75.8560714722, 11.0017824173, 48.2790908813, 63.7392997742, 42.4150428772, 27.1779212952, 24.549741745, 40.6156082153, 23.0936946869], [-84.0072097778, -19.1065387726, 308.503662109, 86.7358322144, 34.6465606689, 35.9076881409, 0.201668411493, 0.672256827354, 0.420515716076, -8.25773429871, 8.77442455292, 22.4803848267, 32.1236000061], [-66.4529342651, 73.6480712891, 86.7358322144, 179.49508667, 114.566734314, 25.4026088715, -19.1861362457, 6.78133821487, 19.0917301178, -4.84457778931, -6.92695522308, 10.6422510147, 35.0320968628], [-72.9708099365, 75.8560714722, 34.6465606689, 114.566734314, 244.213531494, 54.8339538574, -5.60157155991, 16.2254772186, 25.3552875519, 1.48053050041, -14.6203279495, 4.09382295609, 28.0327301025], [-37.119304657, 11.0017824173, 35.9076881409, 25.4026088715, 54.8339538574, 167.445114136, 103.239181519, 46.5549545288, 16.9426822662, -2.56886601448, 1.74424016476, -4.55478858948, -12.6117048264], [-13.7745504379, 48.2790908813, 0.201668411493, -19.1861362457, -5.60157155991, 103.239181519, 231.422912598, 109.572097778, 14.7018203735, 10.6280422211, 12.1177225113, -1.31859922409, -20.4069271088], [-40.5687561035, 63.7392997742, 0.672256827354, 6.78133821487, 16.2254772186, 46.5549545288, 109.572097778, 118.212593079, 46.6903572083, 18.5542545319, 15.0134592056, 12.0817155838, 6.11238527298], [-20.0550575256, 42.4150428772, 0.420515716076, 19.0917301178, 25.3552875519, 16.9426822662, 14.7018203735, 46.6903572083, 97.1920547485, 46.7960968018, 21.5531711578, 16.3349514008, 6.02204942703], [-18.2282581329, 27.1779212952, -8.25773429871, -4.84457778931, 1.48053050041, -2.56886601448, 10.6280422211, 18.5542545319, 46.7960968018, 87.9645080566, 45.1633224487, 9.74045085907, -5.31018352509], [-46.8279876709, 24.549741745, 8.77442455292, -6.92695522308, -14.6203279495, 1.74424016476, 12.1177225113, 15.0134592056, 21.5531711578, 45.1633224487, 85.0967178345, 38.7640991211, 7.42806577682], [-71.9483261108, 40.6156082153, 22.4803848267, 10.6422510147, 4.09382295609, -4.55478858948, -1.31859922409, 12.0817155838, 16.3349514008, 9.74045085907, 38.7640991211, 86.6297988892, 46.4065132141], [-66.7567443848, 23.0936946869, 32.1236000061, 35.0320968628, 28.0327301025, -12.6117048264, -20.4069271088, 6.11238527298, 6.02204942703, -5.31018352509, 7.42806577682, 46.4065132141, 88.8276748657]],
        "icov": [[0.000967565632891, -2.60229699052e-05, 0.000122914934764, 0.000102413891, 0.00016203582345, 0.000173331194674, -0.000150811290951, 0.000372340437025, -0.000260666507529, 0.000134902249556, 0.000274690566584, 0.000453969929367, 0.00032788189128], [-2.60229699052e-05, 0.00269972067326, 0.000521334935911, -0.0011690602405, -0.000460117706098, 0.00054610404186, -0.000387531210436, -0.00101726618595, -8.60011368786e-06, -0.000367044558516, -8.01385613158e-05, -0.00121453928296, 0.000374652678147], [0.000122914934764, 0.000521334935911, 0.00410858634859, -0.00230225874111, 0.000564391841181, -0.000823372043669, -5.40814216947e-05, 0.000164003431564, 0.000319792830851, 0.000147447775817, -0.000450264575193, -0.000561855034903, -0.000621427258011], [0.000102413891, -0.0011690602405, -0.00230225874111, 0.0101279681548, -0.00359639548697, -0.000375451956643, 0.000959457887802, 0.000150836247485, -0.00124894129112, 0.000998756964691, 4.10792454204e-05, 0.00132917694282, -0.00204256060533], [0.00016203582345, -0.000460117706098, 0.000564391841181, -0.00359639548697, 0.00670890277252, -0.00234900298528, 0.0011302473722, -0.000472892890684, -0.000216120635741, -0.000935422373004, 0.00148833368439, 0.000324261956848, -0.00103802909143], [0.000173331194674, 0.00054610404186, -0.000823372043669, -0.000375451956643, -0.00234900298528, 0.0101510956883, -0.00517508108169, 0.00144150480628, -0.00214657536708, 0.00214142398909, -0.00100350449793, 0.000308902439428, 0.00152466248255], [-0.000150811290951, -0.000387531210436, -5.40814216947e-05, 0.000959457887802, 0.0011302473722, -0.00517508108169, 0.0116754015908, -0.0104437842965, 0.0045114159584, -0.00170469807927, 0.000451909028925, -0.000554600555915, 0.0017822412774], [0.000372340437025, -0.00101726618595, 0.000164003431564, 0.000150836247485, -0.000472892890684, 0.00144150480628, -0.0104437842965, 0.0218458231539, -0.00950762536377, 0.00248234206811, -0.0011867483845, 0.001190520823, -0.00285292556509], [-0.000260666507529, -8.60011368786e-06, 0.000319792830851, -0.00124894129112, -0.000216120635741, -0.00214657536708, 0.0045114159584, -0.00950762536377, 0.0194624904543, -0.00984846707433, 0.00236915145069, -0.00308474409394, 0.00114260718692], [0.000134902249556, -0.000367044558516, 0.000147447775817, 0.000998756964691, -0.000935422373004, 0.00214142398909, -0.00170469807927, 0.00248234206811, -0.00984846707433, 0.0218951441348, -0.0111320130527, 0.00394529849291, 0.000632715935353], [0.000274690566584, -8.01385613158e-05, -0.000450264575193, 4.10792454204e-05, 0.00148833368439, -0.00100350449793, 0.000451909028925, -0.0011867483845, 0.00236915145069, -0.0111320130527, 0.0220204330981, -0.00994875561446, 0.0024772551842], [0.000453969929367, -0.00121453928296, -0.000561855034903, 0.00132917694282, 0.000324261956848, 0.000308902439428, -0.000554600555915, 0.001190520823, -0.00308474409394, 0.00394529849291, -0.00994875561446, 0.0224513337016, -0.0103842802346], [0.00032788189128, 0.000374652678147, -0.000621427258011, -0.00204256060533, -0.00103802909143, 0.00152466248255, 0.0017822412774, -0.00285292556509, 0.00114260718692, 0.000632715935353, 0.0024772551842, -0.0103842802346, 0.0187651589513]]
    },
    "spectral_contrast_coeffs": {
        "max": [-0.446934610605, -0.404786527157, -0.519064962864, -0.622903525829, -0.635891675949, -0.617109656334],
        "mean": [-0.736909389496, -0.734478354454, -0.76225489378, -0.790038406849, -0.787172913551, -0.743144273758],
        "min": [-0.90802615881, -0.916294574738, -0.918769717216, -0.891658782959, -0.865223050117, -0.845285654068],
        "stdev": [0.086519099772, 0.0832538530231, 0.0620917417109, 0.0407294519246, 0.0290015470237, 0.0318469032645]
    },
    "spectral_contrast_valleys": {
        "max": [-5.40344429016, -5.12626266479, -5.19012546539, -5.81505346298, -5.89707279205, -7.82040452957],
        "mean": [-6.79320144653, -6.47685432434, -6.92450523376, -7.18702793121, -7.06946468353, -9.51328659058],
        "min": [-9.68321037292, -8.00084972382, -8.7335319519, -8.73431873322, -9.03807449341, -11.2456130981],
        "stdev": [0.672217607498, 0.521494269371, 0.539642333984, 0.449394285679, 0.394274801016, 0.509117782116]
    }
},
"rhythm": {
    "beats_count": 103,
    "beats_loudness": {
        "max": 0.0913909524679,
        "mean": 0.0377853959799,
        "min": 0.00420014420524,
        "stdev": 0.0139080891386
    },
    "bpm": 127.029304504,
    "bpm_histogram_first_peak_bpm": 126,
    "bpm_histogram_first_peak_weight": 0.370000064373,
    "bpm_histogram_second_peak_bpm": 133,
    "bpm_histogram_second_peak_spread": 0,
    "bpm_histogram_second_peak_weight": 0.0196078438312,
    "danceability": 1.34501445293,
    "onset_rate": 4.2861328125,
    "beats_loudness_band_ratio": {
        "max": [0.839237391949, 0.48265337944, 0.795535326004, 0.692330956459, 0.253240972757, 0.177743151784],
        "mean": [0.429704904556, 0.0796434283257, 0.229449376464, 0.150593459606, 0.0718517825007, 0.0563414022326],
        "min": [0.000729261955712, 0.0081878118217, 0.0151925999671, 0.00737285753712, 0.00454517733306, 0.00750293815508],
        "stdev": [0.189995065331, 0.0703972503543, 0.200279891491, 0.118069916964, 0.0509110577404, 0.0328780040145]
    },
