{
"metadata": {
    "version": {
        "essentia": "2.1-beta5",
        "essentia_git_sha": "Undefined",
        "extractor": "music 2.0"
    },
    "audio_properties": {
        "analysis": {
            "equal_loudness": 0,
            "length": 12.7477550507,
            "sample_rate": 44100,
            "start_time": 0,
            "downmix": "mix"
        },
        "bit_rate": 192000,
        "length": 198.321640015,
        "lossless": 0,
        "number_channels": 2,
        "replay_gain": -10.3191490173,
        "sample_rate": 48000,
        "codec": "mp3",
        "md5_encoded": "0fc229cc91e11ef9d5c1e40934c22545"
    },
    "tags": {
        "file_name": "Austria_Reflection_Bobbie Singer.mp3",
        "encoding": ["Lavf58.29.100"]
    }
},
"lowlevel": {
    "average_loudness": 0.930399000645,
    "barkbands_crest": {
        "max": 24.374879837,
        "mean": 8.91869735718,
        "min": 3.01142883301,
        "stdev": 4.02579545975
    },
    "barkbands_flatness_db": {
        "max": 0.299202084541,
        "mean": 0.163132160902,
        "min": 0.0493042580783,
        "stdev": 0.0308120436966
    },
    "barkbands_kurtosis": {
        "max": 55.2425689697,
        "mean": 3.36772751808,
        "min": -1.24039375782,
        "stdev": 6.70145130157
    },
    "barkbands_skewness": {
        "max": 6.5509724617,
        "mean": 1.20102381706,
        "min": -1.65103912354,
        "stdev": 1.391102314
    },
    "barkbands_spread": {
        "max": 54.3960418701,
        "mean": 16.7978534698,
        "min": 3.14490962029,
        "stdev": 8.07137680054
    },
    "dissonance": {
        "max": 0.499999970198,
        "mean": 0.485078394413,
        "min": 0.360991477966,
        "stdev": 0.0138219930232
    },
    "dynamic_complexity": 1.67390453815,
    "erbbands_crest": {
        "max": 21.9163627625,
        "mean": 7.76339054108,
        "min": 2.61271882057,
        "stdev": 3.34371066093
    },
    "erbbands_flatness_db": {
        "max": 0.299342483282,
        "mean": 0.203667715192,
        "min": 0.0927805677056,
        "stdev": 0.0538979098201
    },
    "erbbands_kurtosis": {
        "max": 4.24357795715,
        "mean": 0.13264785707,
        "min": -1.54670536518,
        "stdev": 1.0196917057
    },
    "erbbands_skewness": {
        "max": 2.05343842506,
        "mean": 0.248413860798,
        "min": -1.56066787243,
        "stdev": 0.512945175171
    },
    "erbbands_spread": {
        "max": 108.864707947,
        "mean": 33.9091262817,
        "min": 9.01639270782,
        "stdev": 20.8657093048
    },
    "hfc": {
        "max": 132.390838623,
        "mean": 26.8770542145,
        "min": 0.022579472512,
        "stdev": 19.0179691315
    },
    "loudness_ebu128": {
        "integrated": -12.3536500931,
        "loudness_range": 2.24623966217,
        "momentary": {
            "max": -9.56142807007,
            "mean": -12.6663608551,
            "min": -19.8277931213,
            "stdev": 1.77866947651
        },
        "short_term": {
            "max": -11.1328105927,
            "mean": -12.1800737381,
            "min": -13.9290485382,
            "stdev": 0.731437861919
        }
    },
    "melbands_crest": {
        "max": 27.7939414978,
        "mean": 11.7516908646,
        "min": 3.11401391029,
        "stdev": 5.2200217247
    },
    "melbands_flatness_db": {
        "max": 0.357109993696,
        "mean": 0.142364308238,
        "min": 0.0435080528259,
        "stdev": 0.0629846900702
    },
    "melbands_kurtosis": {
        "max": 135.552505493,
        "mean": 12.6481561661,
        "min": -1.13699007034,
        "stdev": 20.9798908234
    },
    "melbands_skewness": {
        "max": 9.32881259918,
        "mean": 2.2317712307,
        "min": -0.886700868607,
        "stdev": 2.09858727455
    },
    "melbands_spread": {
        "max": 64.7397918701,
        "mean": 23.5063762665,
        "min": 1.98544359207,
        "stdev": 11.4737863541
    },
    "pitch_salience": {
        "max": 0.854319870472,
        "mean": 0.647389769554,
        "min": 0.209136664867,
        "stdev": 0.128106847405
    },
    "silence_rate_20dB": {
        "max": 1,
        "mean": 1,
        "min": 1,
        "stdev": 0
    },
    "silence_rate_30dB": {
        "max": 1,
        "mean": 0.983636379242,
        "min": 0,
        "stdev": 0.126869812608
    },
    "silence_rate_60dB": {
        "max": 1,
        "mean": 0.0109090907499,
        "min": 0,
        "stdev": 0.103876285255
    },
    "spectral_centroid": {
        "max": 2971.72045898,
        "mean": 1763.96875,
        "min": 416.529846191,
        "stdev": 599.051208496
    },
    "spectral_complexity": {
        "max": 55,
        "mean": 26.9454536438,
        "min": 0,
        "stdev": 9.23337650299
    },
    "spectral_decrease": {
        "max": -3.40852281296e-12,
        "mean": -6.51987752676e-09,
        "min": -4.15960386135e-08,
        "stdev": 6.12647621523e-09
    },
    "spectral_energy": {
        "max": 0.161075159907,
        "mean": 0.0270453672856,
        "min": 1.49125735334e-05,
        "stdev": 0.0235350374132
    },
    "spectral_energyband_high": {
        "max": 0.0102349389344,
        "mean": 0.00106154428795,
        "min": 8.31598811146e-07,
        "stdev": 0.00110696733464
    },
    "spectral_energyband_low": {
        "max": 0.134381428361,
        "mean": 0.0108702983707,
        "min": 3.32306058226e-07,
        "stdev": 0.0211917944252
    },
    "spectral_energyband_middle_high": {
        "max": 0.0505637899041,
        "mean": 0.00939296558499,
        "min": 1.01816076494e-05,
        "stdev": 0.00772335287184
    },
    "spectral_energyband_middle_low": {
        "max": 0.0610773451626,
        "mean": 0.00688874488696,
        "min": 4.43443241238e-06,
        "stdev": 0.00797504559159
    },
    "spectral_entropy": {
        "max": 8.35769557953,
        "mean": 7.85419225693,
        "min": 7.18074798584,
        "stdev": 0.205826506019
    },
    "spectral_flux": {
        "max": 0.293403178453,
        "mean": 0.0945946201682,
        "min": 0.00386168016121,
        "stdev": 0.0425030551851
    },
    "spectral_kurtosis": {
        "max": 10.2375173569,
        "mean": 2.63428425789,
        "min": -0.0464162826538,
        "stdev": 1.72809457779
    },
    "spectral_rms": {
        "max": 0.0125358086079,
        "mean": 0.00478933984414,
        "min": 0.000120618620713,
        "stdev": 0.0018568621017
    },
    "spectral_rolloff": {
        "max": 6309.22851562,
        "mean": 1891.35803223,
        "min": 86.1328125,
        "stdev": 1108.58691406
    },
    "spectral_skewness": {
        "max": 2.27918767929,
        "mean": 1.24594962597,
        "min": 0.658010303974,
        "stdev": 0.251112699509
    },
    "spectral_spread": {
        "max": 8080910.5,
        "mean": 3931022,
        "min": 2275742,
        "stdev": 848244.3125
    },
    "spectral_strongpeak": {
        "max": 13.6135005951,
        "mean": 1.58045554161,
        "min": 0.0068451766856,
        "stdev": 2.07828187943
    },
    "zerocrossingrate": {
        "max": 0.169921875,
        "mean": 0.0777041912079,
        "min": 0.01171875,
        "stdev": 0.0308615118265
    },
    "barkbands": {
        "max": [0.00177434203215, 0.116185963154, 0.0834871828556, 0.0437217503786, 0.0352002643049, 0.0123681882396, 0.00968930032104, 0.00533301476389, 0.0109649011865, 0.0262241605669, 0.0185892600566, 0.00412912014872, 0.00703517301008, 0.00683306995779, 0.00733024440706, 0.0141578260809, 0.00984144769609, 0.0213307403028, 0.00460304087028, 0.00194950588048, 0.00329132168554, 0.00197835708968, 0.00206817639992, 0.00191396498121, 0.00063902803231, 6.32247929389e-06, 6.34274510958e-06],
        "mean": [6.82826066623e-05, 0.00541871320456, 0.00445487722754, 0.00160966382828, 0.00174880900886, 0.000542041438166, 0.000777848588768, 0.000387887062971, 0.00141488166992, 0.00151319464203, 0.000889242277481, 0.000609238340985, 0.000902048486751, 0.000963163678534, 0.001152129611, 0.00117929058615, 0.000873440876603, 0.00106700125616, 0.000296597165288, 0.00024754536571, 0.00026278392761, 0.000253206730122, 0.000190395890968, 0.000167017555214, 5.60409098398e-05, 1.39832474488e-08, 1.26138308687e-08],
        "min": [3.2567758268e-08, 1.85247017725e-07, 1.10206926252e-07, 1.79981025639e-08, 9.24434360172e-08, 5.8884232601e-08, 1.31288715011e-07, 2.7190250762e-07, 2.21654136112e-06, 3.45751118402e-06, 2.17218357079e-07, 1.1961732298e-06, 1.45497631365e-06, 1.32540503728e-06, 1.63904621786e-06, 4.30018673114e-07, 5.62598870602e-07, 2.97533489402e-07, 2.07597025792e-07, 2.16326441205e-07, 4.13999771354e-07, 2.28288755011e-07, 1.01107950456e-07, 2.74792686383e-08, 2.00213321477e-08, 4.03687933775e-12, 5.89152728339e-12],
        "stdev": [0.000169726714375, 0.0141201019287, 0.00931482482702, 0.00408295635134, 0.00337256421335, 0.00121419248171, 0.00133909878787, 0.000505980860908, 0.00159889110364, 0.00259639928117, 0.00150410656352, 0.000650511356071, 0.000948314380366, 0.00102372700348, 0.00105092767626, 0.00184534233995, 0.0012080532033, 0.00262559461407, 0.000376906886231, 0.000224821647862, 0.00030336814234, 0.000263902242295, 0.000222932460019, 0.000218350920477, 8.62742599566e-05, 2.70130271929e-07, 2.70176286676e-07]
    },
    "erbbands": {
        "max": [2.99465227127, 28.3756065369, 73.6264572144, 121.802810669, 117.615791321, 89.1645431519, 114.189842224, 85.7953567505, 130.60244751, 217.701766968, 133.472503662, 345.403656006, 629.127380371, 809.141906738, 251.388214111, 172.287338257, 293.659576416, 359.736846924, 482.179321289, 665.492004395, 633.746826172, 547.460083008, 1132.78515625, 674.960327148, 94.9409484863, 103.102012634, 134.930007935, 106.46824646, 77.0189590454, 70.2297363281, 59.9005966187, 46.0743141174, 29.8739585876, 14.3240680695, 0.723170399666, 0.0273178387433, 0.0116791939363, 0.00402793334797, 0.000909891910851, 0.000183333802852],
        "mean": [0.133376777172, 1.32768106461, 4.21063184738, 6.32696437836, 6.15110826492, 5.30660057068, 4.56950235367, 4.09200286865, 6.28073358536, 16.496055603, 9.93846797943, 33.8880500793, 44.4733695984, 45.9512443542, 29.2360916138, 25.7406330109, 41.5995826721, 43.824382782, 61.7957611084, 70.0254898071, 54.2237319946, 49.3072319031, 50.0743713379, 37.3140525818, 13.2529001236, 12.1472082138, 11.1613531113, 10.1598567963, 9.39196681976, 6.66887378693, 5.23957300186, 3.91664862633, 2.59600615501, 1.2190413475, 0.0561377331614, 0.00189898489043, 0.000192798586795, 3.85378480132e-05, 2.32717047766e-05, 3.50553600583e-05],
        "min": [5.06065953232e-06, 4.26323094871e-05, 0.000125335529447, 0.000103376121842, 5.13777886226e-05, 0.00038702294114, 0.000712303735781, 0.000379431206966, 0.000966226449236, 0.00468459213153, 0.0095015950501, 0.0468433611095, 0.124979808927, 0.039100214839, 0.0205412376672, 0.0498019754887, 0.0525439605117, 0.077258951962, 0.0648508816957, 0.0781693384051, 0.0198386274278, 0.0341545008123, 0.0216665100306, 0.00849518179893, 0.00917553994805, 0.0114690009505, 0.0146545320749, 0.0171815827489, 0.00842887721956, 0.00452461326495, 0.00201546843164, 0.000580192427151, 0.000569264229853, 0.000418731855461, 1.60670351761e-05, 5.70448719373e-07, 6.68721185093e-08, 1.61834332602e-08, 1.26230634834e-08, 2.01011172152e-08],
        "stdev": [0.371169358492, 3.34598636627, 8.41922950745, 14.4177846909, 12.4965171814, 10.059044838, 11.0857477188, 8.28684711456, 11.5339460373, 28.7890663147, 11.8734931946, 44.8850746155, 68.4996414185, 73.3253097534, 30.7122936249, 25.6685943604, 43.1402130127, 45.5949172974, 59.1550979614, 85.3158035278, 75.3359375, 64.57056427, 114.029472351, 89.5899810791, 12.507645607, 11.3588466644, 12.5598449707, 11.082326889, 10.0959444046, 7.50080251694, 5.96978664398, 4.82982635498, 3.69155406952, 1.84406208992, 0.08699323982, 0.00293201883323, 0.000540360691957, 0.000174217799213, 4.12443914684e-05, 2.73170007858e-05]
    },
    "gfcc": {
        "mean": [-8.92673206329, 80.0917510986, -187.902313232, 43.5791740417, -80.4375991821, 30.0628223419, -37.3794746399, 2.5182158947, -3.81514334679, -18.806936264, -2.55499315262, -21.3826980591, 7.21423816681],
        "cov": [[1768.8470459, 272.089996338, 832.661499023, 511.929199219, 82.866897583, 39.277671814, -147.716705322, -37.3580245972, -88.4571609497, 107.826133728, 74.0165557861, 6.58621358871, -78.0917129517], [272.089996338, 1657.06774902, 1668.35095215, 978.950500488, 477.185028076, 0.71787405014, 151.220672607, -145.053695679, 18.0478649139, 30.7773475647, 79.7214050293, -100.198005676, -37.1818313599], [832.661499023, 1668.35095215, 2186.52294922, 1258.32287598, 492.043548584, 73.0107116699, 81.4396286011, -128.552429199, -33.3003768921, 103.979782104, 95.5774002075, -89.5764083862, -61.6252365112], [511.929199219, 978.950500488, 1258.32287598, 801.631408691, 328.786621094, 20.218624115, 34.8908462524, -89.9162521362, -12.9114265442, 67.9198684692, 87.4571609497, -41.7099533081, -51.9762458801], [82.866897583, 477.185028076, 492.043548584, 328.786621094, 220.89125061, 16.2057819366, 44.997756958, -39.6916122437, 13.9393310547, 13.4934644699, 45.6671867371, -21.6024703979, -17.4715938568], [39.277671814, 0.71787405014, 73.0107116699, 20.218624115, 16.2057819366, 83.803352356, 22.2699737549, 8.83329772949, 0.41116771102, 14.2688207626, -13.8215684891, -4.70900249481, 13.9735088348], [-147.716705322, 151.220672607, 81.4396286011, 34.8908462524, 44.997756958, 22.2699737549, 101.043228149, 21.5378475189, 27.5599517822, -16.8842887878, -3.23142290115, -15.5337905884, 16.0889816284], [-37.3580245972, -145.053695679, -128.552429199, -89.9162521362, -39.6916122437, 8.83329772949, 21.5378475189, 67.9047317505, 15.5387353897, -3.64047288895, -6.69760274887, 7.85796689987, 9.19889545441], [-88.4571609497, 18.0478649139, -33.3003768921, -12.9114265442, 13.9393310547, 0.41116771102, 27.5599517822, 15.5387353897, 63.2306251526, 18.1056747437, 5.42798852921, -1.2019469738, 8.22685718536], [107.826133728, 30.7773475647, 103.979782104, 67.9198684692, 13.4934644699, 14.2688207626, -16.8842887878, -3.64047288895, 18.1056747437, 62.819644928, 28.7750797272, 7.26238298416, -5.95732307434], [74.0165557861, 79.7214050293, 95.5774002075, 87.4571609497, 45.6671867371, -13.8215684891, -3.23142290115, -6.69760274887, 5.42798852921, 28.7750797272, 64.5335006714, 24.5386257172, -14.5717277527], [6.58621358871, -100.198005676, -89.5764083862, -41.7099533081, -21.6024703979, -4.70900249481, -15.5337905884, 7.85796689987, -1.2019469738, 7.26238298416, 24.5386257172, 47.0191078186, 16.078578949], [-78.0917129517, -37.1818313599, -61.6252365112, -51.9762458801, -17.4715938568, 13.9735088348, 16.0889816284, 9.19889545441, 8.22685718536, -5.95732307434, -14.5717277527, 16.078578949, 50.6043243408]],
        "icov": [[0.00107576011214, 0.000357008830179, -0.000452643813333, -0.000680660828948, 0.000635158794466, -0.000551961478777, 0.00145168835297, -0.000661312835291, 0.000432525150245, 1.69516192727e-06, -0.000678505399264, 0.00020877897623, 0.000370617723092], [0.000357008830179, 0.00963128637522, -0.00776994321495, 0.00390491075814, -0.00548937916756, 0.00714081292972, -0.00727386213839, 0.00975549127907, -0.00369584280998, 0.00351125793532, -0.00433162832633, 0.00605007121339, -0.00330698606558], [-0.000452643813333, -0.00776994321495, 0.0130284456536, -0.0143663464114, 0.00592959718779, -0.007100392133, 0.00365518615581, -0.00862473621964, 0.00554527901113, -0.0049282675609, 0.00655643036589, -0.00236861989833, 0.000274949270533], [-0.000680660828948, 0.00390491075814, -0.0143663464114, 0.0259093698114, -0.011878054589, 0.00727006280795, -0.00236108363606, 0.00753524061292, -0.00234694918618, -0.000547985371668, -0.0058490568772, -0.000708538515028, 0.00306573975831], [0.000635158794466, -0.00548937916756, 0.00592959718779, -0.011878054589, 0.0219142977148, -0.0103019112721, 0.00459578819573, -0.00302601326257, -0.00428003584966, 0.00835398677737, -0.00942259002477, 0.00381777877919, -0.000779610185418], [-0.000551961478777, 0.00714081292972, -0.007100392133, 0.00727006280795, -0.0103019112721, 0.0251214895397, -0.0127419922501, 0.00593700213358, 0.00378879276104, -0.0107771214098, 0.00941562000662, -0.00130686862394, -0.00306456862018], [0.00145168835297, -0.00727386213839, 0.00365518615581, -0.00236108363606, 0.00459578819573, -0.0127419922501, 0.030201330781, -0.0151532161981, -0.00644560437649, 0.0116202589124, -0.00969489198178, 0.00752071896568, -0.00558588746935], [-0.000661312835291, 0.00975549127907, -0.00862473621964, 0.00753524061292, -0.00302601326257, 0.00593700213358, -0.0151532161981, 0.0326276905835, -0.00811563245952, 0.00370962615125, -0.00430348701775, 0.00147024169564, -0.000363919098163], [0.000432525150245, -0.00369584280998, 0.00554527901113, -0.00234694918618, -0.00428003584966, 0.00378879276104, -0.00644560437649, -0.00811563245952, 0.0308149270713, -0.0205062348396, 0.00891425833106, -0.00221827230416, -0.000857065489981], [1.69516192727e-06, 0.00351125793532, -0.0049282675609, -0.000547985371668, 0.00835398677737, -0.0107771214098, 0.0116202589124, 0.00370962615125, -0.0205062348396, 0.0433234795928, -0.0272888038307, 0.0126389516518, -0.00593030406162], [-0.000678505399264, -0.00433162832633, 0.00655643036589, -0.0058490568772, -0.00942259002477, 0.00941562000662, -0.00969489198178, -0.00430348701775, 0.00891425833106, -0.0272888038307, 0.0598175153136, -0.0418737716973, 0.0216259807348], [0.00020877897623, 0.00605007121339, -0.00236861989833, -0.000708538515028, 0.00381777877919, -0.00130686862394, 0.00752071896568, 0.00147024169564, -0.00221827230416, 0.0126389516518, -0.0418737716973, 0.0629696771502, -0.0300407279283], [0.000370617723092, -0.00330698606558, 0.000274949270533, 0.00306573975831, -0.000779610185418, -0.00306456862018, -0.00558588746935, -0.000363919098163, -0.000857065489981, -0.00593030406162, 0.0216259807348, -0.0300407279283, 0.0390194877982]]
    },
    "melbands": {
        "max": [0.0312984660268, 0.0305782016367, 0.0180867016315, 0.0086423419416, 0.0037773149088, 0.00194558897056, 0.00185546069406, 0.00195105816238, 0.00116302340757, 0.00202648970298, 0.00326595944352, 0.00306588294916, 0.00132421241142, 0.000507686811034, 0.000603964610491, 0.000688588886987, 0.000661512545776, 0.000871903612278, 0.000642754603177, 0.00112446548883, 0.000824140792247, 0.000610524497461, 0.000809612392914, 0.00158941058908, 0.00057536480017, 7.62534255045e-05, 5.70174597669e-05, 7.38484741305e-05, 8.24671151349e-05, 6.49305511615e-05, 6.52687594993e-05, 4.20751530328e-05, 4.36298578279e-05, 4.22410412284e-05, 3.70953457605e-05, 3.16086297971e-05, 2.96300477203e-05, 2.43530394073e-05, 1.81888062798e-05, 1.12440693556e-05],
        "mean": [0.00138850929216, 0.00207040482201, 0.00109200016595, 0.00042113562813, 0.000165895515238, 9.70628025243e-05, 0.00010902852955, 0.00015936345153, 8.67029812071e-05, 0.000223000824917, 0.000224659146625, 0.000192726845853, 0.000111231420306, 6.65078187012e-05, 8.17968902993e-05, 8.86929265107e-05, 7.96592721599e-05, 0.000100161254522, 8.65255569806e-05, 9.32958282647e-05, 5.79155384912e-05, 5.35856961505e-05, 3.85247112717e-05, 5.45001894352e-05, 2.77115159406e-05, 1.03667216536e-05, 7.80657774158e-06, 8.0124291344e-06, 7.08975039743e-06, 6.21420485913e-06, 5.76043339606e-06, 5.62912237001e-06, 4.21695449404e-06, 3.52751135324e-06, 3.09308961732e-06, 2.65766743723e-06, 2.28999897445e-06, 1.88419892311e-06, 1.56731573497e-06, 8.09346659025e-07],
        "min": [5.00294063954e-08, 6.16119706365e-08, 1.54357451265e-08, 1.41593980985e-08, 2.50234677424e-08, 8.93848461914e-09, 1.76410264174e-08, 5.43780238615e-08, 9.90244828358e-08, 3.26484979496e-07, 6.38671508568e-07, 1.80957627549e-07, 4.45209593636e-08, 1.10941137166e-07, 1.46730371853e-07, 1.46174286897e-07, 1.36308642595e-07, 9.26459406969e-08, 1.42208492093e-07, 5.72306220192e-08, 1.62973066153e-08, 3.70248010029e-08, 2.90870190156e-08, 9.25407839247e-09, 6.58112675467e-09, 8.58219362243e-09, 8.18694889659e-09, 6.16725426283e-09, 8.54692316921e-09, 6.33763530544e-09, 1.31305446516e-08, 6.15712192342e-09, 1.42060085917e-09, 2.86109091974e-09, 1.12440523559e-09, 7.37346128599e-10, 1.63416224996e-10, 3.28715360487e-10, 6.28115448542e-10, 2.42820291652e-10],
        "stdev": [0.00373882940039, 0.00401789043099, 0.00227875448763, 0.000815755629446, 0.000371050089598, 0.000200902533834, 0.000184600765351, 0.000265278416919, 0.00010834637942, 0.000283952947939, 0.000356749893399, 0.000309611175908, 0.000141611308209, 7.59238319006e-05, 8.39855856611e-05, 9.24521591514e-05, 8.49957796163e-05, 0.000100695702713, 8.74560282682e-05, 0.000149416737258, 8.85598492459e-05, 7.71695413277e-05, 6.5268985054e-05, 0.000156624562806, 7.11085813236e-05, 1.0353597645e-05, 7.44135104469e-06, 7.85980773799e-06, 7.87307999417e-06, 7.24449319023e-06, 6.57415785099e-06, 6.16561874267e-06, 4.67585005026e-06, 4.2352694436e-06, 3.62487799066e-06, 3.25381870425e-06, 2.99530302073e-06, 2.79154596683e-06, 2.28890758081e-06, 1.29574971197e-06]
    },
    "melbands128": {
        "max": [0.00171810074244, 0.0229606591165, 0.0530548281968, 0.0534500516951, 0.0325030013919, 0.0436503998935, 0.0297986194491, 0.0171336960047, 0.0138485897332, 0.0118072079495, 0.00336383539252, 0.00441113067791, 0.00509083457291, 0.00459972396493, 0.00191404914949, 0.00221833400428, 0.00332161365077, 0.00130654568784, 0.00261821621098, 0.00391682283953, 0.00156981404871, 0.000921191822272, 0.00170150701888, 0.00104326067958, 0.00389526761137, 0.00235665496439, 0.00143122323789, 0.00498802075163, 0.00613416964188, 0.00430044764653, 0.00601780042052, 0.00398380262777, 0.00129081495106, 0.000924742023926, 0.00118615524843, 0.000514537852723, 0.000730062252842, 0.000629623304121, 0.00125375494827, 0.000759258109611, 0.000807754520793, 0.0013173626503, 0.000957235519309, 0.000560509855859, 0.000911675335374, 0.00105665868614, 0.000820172601379, 0.000801637594122, 0.000697355775628, 0.0013168893056, 0.00182628829498, 0.00144473114051, 0.00102416356094, 0.00112442602403, 0.00174867955502, 0.000873045413755, 0.000552517478354, 0.00056280544959, 0.00113995815627, 0.00209672702476, 0.00285982294008, 0.00203569885343, 0.00159916025586, 0.000211262551602, 0.000125378108351, 0.000150671039592, 8.94970071386e-05, 8.57822960825e-05, 6.16741453996e-05, 8.2885955635e-05, 9.61726618698e-05, 8.25062743388e-05, 4.50149382232e-05, 0.00010189130262, 0.000121262986795, 0.000101843601442, 8.10987039586e-05, 6.63414539304e-05, 9.23552724998e-05, 6.47256238153e-05, 5.20371577295e-05, 4.7266115871e-05, 5.71316377318e-05, 4.57060341432e-05, 5.964814045e-05, 4.91603750561e-05, 6.31359507679e-05, 4.78723086417e-05, 4.05680511903e-05, 2.86980812234e-05, 4.03006342822e-05, 4.02503064834e-05, 2.93398443318e-05, 2.28717763093e-05, 4.59040966234e-05, 3.95981551264e-05, 3.0697479815e-05, 2.84726284008e-05, 1.76112407644e-05, 2.53025955317e-05, 2.1761183234e-05, 1.06308516479e-05, 8.23729294552e-07, 6.20076434643e-08, 5.78465808587e-08, 5.38964961549e-08, 5.04256121303e-08, 4.73764281139e-08, 4.46868213544e-08, 4.23049790754e-08, 4.01812698669e-08, 3.82503699825e-08, 3.65418451054e-08, 3.49594841964e-08, 3.35185497136e-08, 3.2216682655e-08, 3.10589634012e-08, 2.99816633742e-08, 2.90224928534e-08, 2.81464007656e-08, 2.73817235552e-08, 2.67149236066e-08, 2.6154877375e-08, 2.56476493377e-08, 2.51905429849e-08, 2.48587621599e-08, 2.46236222523e-08, 2.44749536193e-08],
        "mean": [5.91934876866e-05, 0.000824973394629, 0.00214107823558, 0.00212563225068, 0.0019607830327, 0.00234143761918, 0.00135012553073, 0.000728131097276, 0.000622465333436, 0.00046147897956, 0.000260613538558, 0.000172674524947, 0.000163672360941, 0.000125873135403, 7.77291788836e-05, 9.03943364392e-05, 0.000104782106064, 6.87368956278e-05, 0.000147171289427, 0.000281212298432, 8.44542810228e-05, 5.62807144888e-05, 6.87197098159e-05, 0.000127652529045, 0.000251520017628, 0.000251321995165, 0.000190664897673, 0.000218888366362, 0.00026793719735, 0.000199173024157, 0.000173245134647, 0.000162534168339, 0.000112874600745, 6.48824934615e-05, 8.01825735834e-05, 5.75041449338e-05, 6.17162004346e-05, 7.17981092748e-05, 0.000110309425509, 9.33872943278e-05, 7.95199666754e-05, 8.8092929218e-05, 7.40047544241e-05, 7.04228441464e-05, 0.000107419647975, 0.000107048661448, 9.58406089921e-05, 7.59664326324e-05, 7.63956850278e-05, 0.000122072102386, 0.000101657540654, 6.0853890318e-05, 5.55421756872e-05, 5.86134992773e-05, 5.77793143748e-05, 5.76496204303e-05, 4.49762155768e-05, 3.99853379349e-05, 3.38217214448e-05, 3.93768204958e-05, 5.88807743043e-05, 6.6923093982e-05, 3.98462070734e-05, 1.305733349e-05, 1.3102916455e-05, 1.04255359474e-05, 8.93162450666e-06, 7.43044529372e-06, 7.28160330254e-06, 8.74491706782e-06, 7.95274445409e-06, 8.31934812595e-06, 6.50160745863e-06, 7.53848735258e-06, 6.60228033666e-06, 6.20803575657e-06, 6.04373690294e-06, 5.94813400312e-06, 5.47093759451e-06, 6.0813968048e-06, 5.61279239264e-06, 5.71207920075e-06, 4.84162046632e-06, 4.01706483899e-06, 3.82879670724e-06, 3.38850145454e-06, 3.69296026292e-06, 3.29658018927e-06, 3.13817713504e-06, 2.77941148852e-06, 2.85435839942e-06, 2.53617713497e-06, 2.48774563261e-06, 2.34031654145e-06, 2.16704506784e-06, 1.9954554773e-06, 1.90720004412e-06, 1.6003152723e-06, 1.5524437913e-06, 1.58140051099e-06, 1.37925871968e-06, 7.31862201064e-07, 4.32452686994e-08, 5.14427445086e-10, 1.87824575337e-10, 2.91873303304e-10, 3.33029825939e-10, 1.2464546062e-10, 9.97949153869e-11, 9.22974197071e-11, 8.7096461987e-11, 8.34745883527e-11, 7.81027048591e-11, 7.44028380573e-11, 7.16260800671e-11, 6.83912718125e-11, 6.548529774e-11, 5.95643395718e-11, 5.72673852783e-11, 5.5533862231e-11, 5.40156148976e-11, 5.26918994548e-11, 5.1568804782e-11, 5.05415882757e-11, 4.958061392e-11, 4.88232093643e-11, 4.83087597702e-11, 4.80113865331e-11],
        "min": [8.40512104361e-09, 2.94228463815e-09, 3.75206070657e-08, 7.39886587553e-08, 2.33245707193e-08, 4.99116694641e-08, 2.31549144303e-08, 4.812061416e-09, 1.92259941301e-09, 1.14629177261e-08, 2.36193393732e-08, 2.98857791847e-08, 2.73777978066e-08, 1.74625629512e-08, 7.82526932142e-09, 3.92957844042e-09, 7.47267847601e-09, 1.64133417968e-08, 3.29112737063e-08, 5.77728016538e-08, 6.69655406682e-08, 4.36173124285e-08, 6.34808685618e-08, 1.95183133656e-07, 2.85938824618e-07, 3.21248450064e-07, 5.67177835364e-07, 3.10521130586e-07, 6.18217029569e-07, 2.35094091749e-07, 3.82723293058e-08, 8.88066153948e-09, 3.64828309785e-08, 7.00391282749e-08, 1.08827116208e-07, 1.13197778262e-07, 1.22923026424e-07, 2.18649006456e-07, 1.10575008705e-07, 3.18058894777e-08, 1.68134860701e-07, 3.03718081796e-07, 1.08159731838e-07, 6.10686967661e-08, 1.38482818102e-07, 4.01520132698e-08, 1.22746499187e-07, 1.70227238527e-07, 1.49369512314e-07, 9.40137780958e-08, 4.44170815683e-08, 2.0027272285e-08, 8.8288851785e-09, 2.01967260693e-08, 2.07200905322e-08, 5.17524725296e-08, 3.59372869241e-08, 2.45667557408e-08, 3.49210473871e-08, 2.21039293535e-08, 5.72662361975e-09, 8.20283618808e-10, 2.36283126398e-09, 5.92396576238e-09, 1.80445258735e-08, 8.79117756369e-09, 4.29825020021e-09, 1.89851556698e-09, 8.22550827451e-09, 2.06420391891e-08, 2.5073181309e-09, 1.83452120162e-09, 4.19991597056e-09, 8.774940774e-09, 1.64952496107e-08, 6.24228269075e-09, 7.25494275766e-10, 7.2542221119e-09, 1.82944539517e-08, 1.50998928916e-08, 9.24230914023e-09, 8.15891187944e-10, 1.65547808795e-09, 9.39774036368e-10, 1.71505543101e-09, 3.84300191669e-09, 3.28610161304e-09, 8.45962910834e-10, 1.2320751086e-09, 1.0902475589e-09, 6.57332577259e-10, 9.54776258055e-10, 2.93213509028e-10, 5.7481595872e-11, 7.61127064153e-11, 2.9049043726e-10, 4.13945100419e-10, 2.47056819447e-10, 8.6094725793e-10, 6.73460620604e-10, 4.32525459892e-10, 9.87279563658e-11, 3.00743436231e-12, 1.12616350707e-13, 7.46887360986e-14, 1.52165081344e-14, 2.93349701897e-14, 2.55389581553e-14, 2.24158053772e-14, 2.45906725836e-14, 1.77944546034e-14, 2.82955489551e-14, 3.63969616978e-14, 3.25173170183e-14, 1.8077807453e-14, 2.32914883669e-14, 3.10587127306e-14, 2.95002432584e-14, 3.67362797083e-14, 2.30180373324e-14, 1.61297807522e-14, 3.46460768332e-14, 2.35911703177e-14, 2.62714908828e-14, 2.26280244e-14, 5.17166638561e-15, 1.07215175238e-15, 7.97354994293e-17],
        "stdev": [0.000156031324877, 0.00239222124219, 0.00618743756786, 0.00551487412304, 0.0040740435943, 0.00500058289617, 0.00332848657854, 0.00174043350853, 0.00139378174208, 0.00105523969978, 0.000527663098183, 0.000386129890103, 0.000448727805633, 0.000335488701239, 0.000166983605595, 0.000203832343686, 0.000268752803095, 0.000118297932204, 0.000263502297457, 0.000540674023796, 0.000122422003187, 9.09145455807e-05, 0.000130545755383, 0.000166964455275, 0.000438738527009, 0.000354943069397, 0.000221350375796, 0.000463660282549, 0.000628372887149, 0.000348271249095, 0.000438540882897, 0.000355009397026, 0.000155012021423, 9.71834524535e-05, 0.000126103885123, 7.40223113098e-05, 8.19306078483e-05, 8.49256393849e-05, 0.000156687194249, 0.000112842659291, 0.00010201047553, 0.000131775217596, 9.95906520984e-05, 8.41274813865e-05, 0.000133223875309, 0.000129470747197, 0.000111272718641, 0.000109400629299, 8.45915565151e-05, 0.000187256344361, 0.000228292105021, 0.000112421024824, 9.42219048738e-05, 0.000113303969556, 0.000147472033859, 9.3843540526e-05, 6.84178376105e-05, 6.15785538685e-05, 8.40948559926e-05, 0.000144140343764, 0.000234279723372, 0.000232177932048, 0.000161245319759, 1.64634675457e-05, 1.47902728713e-05, 1.47042319441e-05, 1.07214636955e-05, 8.08173717814e-06, 8.10117853689e-06, 1.04055488919e-05, 9.25478070712e-06, 9.96763083094e-06, 6.55384565107e-06, 1.00454990388e-05, 1.00021252365e-05, 8.88194517756e-06, 6.94921436661e-06, 7.41303847462e-06, 7.6987544162e-06, 7.39031611374e-06, 6.63779837851e-06, 6.84178121446e-06, 6.13428528595e-06, 4.75175147585e-06, 4.75351725981e-06, 4.25593634645e-06, 5.41069448445e-06, 4.68194321002e-06, 3.94903645429e-06, 3.29377894559e-06, 3.77969536203e-06, 3.64048378287e-06, 3.10772634293e-06, 3.05513503918e-06, 3.5459074752e-06, 3.26583085553e-06, 3.09570714307e-06, 2.54259020949e-06, 2.32166348724e-06, 2.53345001511e-06, 2.32823208535e-06, 1.26341660689e-06, 8.36386178094e-08, 2.83304468773e-09, 2.61564148119e-09, 2.4108071095e-09, 2.31905894488e-09, 2.02633532176e-09, 1.91550930673e-09, 1.81108328334e-09, 1.71829073192e-09, 1.63620261784e-09, 1.55984847261e-09, 1.49147494355e-09, 1.42997702568e-09, 1.3742929017e-09, 1.32439459399e-09, 1.27710708675e-09, 1.23623711268e-09, 1.19891818695e-09, 1.16634524261e-09, 1.13794118572e-09, 1.11408537951e-09, 1.09247932922e-09, 1.07300934804e-09, 1.05888009472e-09, 1.0488662161e-09, 1.04253372601e-09]
    },
    "mfcc": {
        "mean": [-611.37689209, 77.8327102661, -32.3474159241, -2.84846496582, -4.10864782333, 4.91141462326, -7.23648309708, 6.33523702621, 5.28246736526, 4.30083847046, -2.35023570061, -2.03571033478, -6.26512956619],
        "cov": [[1516.29284668, -223.870422363, 280.959259033, 98.1126708984, 122.970275879, 1.71285068989, -0.842226028442, -93.2772750854, -95.5423355103, -62.2622795105, 15.400806427, 67.7854232788, 44.0611801147], [-223.870422363, 1021.05407715, 1001.67779541, 818.191101074, 382.447998047, 288.834228516, 189.360443115, 8.53720474243, 28.8003978729, 27.3452777863, 32.8118476868, 23.9859199524, 80.5091552734], [280.959259033, 1001.67779541, 1616.55688477, 1103.68652344, 561.236816406, 384.124572754, 259.501251221, -45.842880249, 10.2346286774, 9.57124137878, 54.3450508118, 66.6887588501, 127.130012512], [98.1126708984, 818.191101074, 1103.68652344, 916.465148926, 448.921844482, 280.673034668, 185.876159668, -24.0587100983, -25.396987915, -3.9235830307, 65.8311462402, 58.2243804932, 95.5439987183], [122.970275879, 382.447998047, 561.236816406, 448.921844482, 290.526824951, 165.90687561, 95.6973800659, -22.0795669556, -19.0977230072, -7.39141178131, 35.6647262573, 36.6462402344, 51.8456954956], [1.71285068989, 288.834228516, 384.124572754, 280.673034668, 165.90687561, 165.08114624, 74.2206420898, -12.577876091, 10.4914131165, 12.450340271, 10.1619567871, 19.0412445068, 38.5694656372], [-0.842226028442, 189.360443115, 259.501251221, 185.876159668, 95.6973800659, 74.2206420898, 97.6566162109, 19.9819641113, 7.6387386322, 6.92899036407, 9.02449131012, 1.27831590176, 17.4618339539], [-93.2772750854, 8.53720474243, -45.842880249, -24.0587100983, -22.0795669556, -12.577876091, 19.9819641113, 60.5329208374, 24.8272094727, 9.18105316162, -0.446428865194, -12.0457057953, -12.0109682083], [-95.5423355103, 28.8003978729, 10.2346286774, -25.396987915, -19.0977230072, 10.4914131165, 7.6387386322, 24.8272094727, 74.4331436157, 33.7152938843, -17.3165187836, -9.16431808472, -0.896014750004], [-62.2622795105, 27.3452777863, 9.57124137878, -3.9235830307, -7.39141178131, 12.450340271, 6.92899036407, 9.18105316162, 33.7152938843, 54.6795043945, 8.45512294769, -2.65574789047, -0.959960579872], [15.400806427, 32.8118476868, 54.3450508118, 65.8311462402, 35.6647262573, 10.1619567871, 9.02449131012, -0.446428865194, -17.3165187836, 8.45512294769, 56.7028503418, 23.624250412, 3.26553368568], [67.7854232788, 23.9859199524, 66.6887588501, 58.2243804932, 36.6462402344, 19.0412445068, 1.27831590176, -12.0457057953, -9.16431808472, -2.65574789047, 23.624250412, 52.0370903015, 24.3888187408], [44.0611801147, 80.5091552734, 127.130012512, 95.5439987183, 51.8456954956, 38.5694656372, 17.4618339539, -12.0109682083, -0.896014750004, -0.959960579872, 3.26553368568, 24.3888187408, 56.3770294189]],
        "icov": [[0.00108166213613, 0.000854604528286, -0.000746236182749, 0.000267241557594, -0.00073525350308, 0.000632584909908, -0.000114080656203, 0.000442627293523, 0.000896219862625, -3.86566061934e-05, 0.000613930227701, -0.00081483181566, -0.000132385699544], [0.000854604528286, 0.00521889934316, -0.000253386417171, -0.00444692280143, 0.000861137348693, -0.00183244247455, -0.000283221597783, -0.000736991001759, -0.000758667534683, -0.000949495122768, 0.00154161441606, 0.000849574862514, -0.000105648905446], [-0.000746236182749, -0.000253386417171, 0.00536066060886, -0.00511541496962, 6.25943866908e-05, -0.00142800435424, -0.00347493775189, 0.00343241752125, -0.00403068866581, 0.000605139648542, 0.000450828258181, 0.000421541539254, -9.22063281905e-06], [0.000267241557594, -0.00444692280143, -0.00511541496962, 0.0144874909893, -0.00719395373017, 0.0021493639797, 0.000717976596206, -0.00216801883653, 0.00494028208777, 0.00070429535117, -0.00354657857679, -0.000857207691297, -0.00174784101546], [-0.00073525350308, 0.000861137348693, 6.25943866908e-05, -0.00719395373017, 0.0190167315304, -0.00821334216744, -0.00075411843136, 0.000890843744855, 9.66508960119e-05, 0.00292029813863, -0.00261016911827, -0.000442014978034, 0.000343379098922], [0.000632584909908, -0.00183244247455, -0.00142800435424, 0.0021493639797, -0.00821334216744, 0.0203898306936, -0.00463390955701, 0.00411590514705, -0.00133418745827, -0.00362950796261, 0.00321486196481, -0.00225861719809, -0.00167620414868], [-0.000114080656203, -0.000283221597783, -0.00347493775189, 0.000717976596206, -0.00075411843136, -0.00463390955701, 0.0256121698767, -0.013090361841, 0.00408642599359, -0.00174753693864, -0.000204077688977, 0.0038610259071, -0.00136854825541], [0.000442627293523, -0.000736991001759, 0.00343241752125, -0.00216801883653, 0.000890843744855, 0.00411590514705, -0.013090361841, 0.0296999327838, -0.0120220314711, 0.00423628184944, -0.00464283209294, 0.0017585712485, 0.00277681089938], [0.000896219862625, -0.000758667534683, -0.00403068866581, 0.00494028208777, 9.66508960119e-05, -0.00133418745827, 0.00408642599359, -0.0120220314711, 0.0304861180484, -0.0164470802993, 0.0111698945984, -0.00386953051202, -0.000671927700751], [-3.86566061934e-05, -0.000949495122768, 0.000605139648542, 0.00070429535117, 0.00292029813863, -0.00362950796261, -0.00174753693864, 0.00423628184944, -0.0164470802993, 0.0317762009799, -0.0132202040404, 0.00429494772106, -0.000743326963857], [0.000613930227701, 0.00154161441606, 0.000450828258181, -0.00354657857679, -0.00261016911827, 0.00321486196481, -0.000204077688977, -0.00464283209294, 0.0111698945984, -0.0132202040404, 0.0325487852097, -0.0148639483377, 0.00608488265425], [-0.00081483181566, 0.000849574862514, 0.000421541539254, -0.000857207691297, -0.000442014978034, -0.00225861719809, 0.0038610259071, 0.0017585712485, -0.00386953051202, 0.00429494772106, -0.0148639483377, 0.0340390689671, -0.0127965593711], [-0.000132385699544, -0.000105648905446, -9.22063281905e-06, -0.00174784101546, 0.000343379098922, -0.00167620414868, -0.00136854825541, 0.00277681089938, -0.000671927700751, -0.000743326963857, 0.00608488265425, -0.0127965593711, 0.0279814451933]]
    },
    "spectral_contrast_coeffs": {
        "max": [-0.533392250538, -0.575914144516, -0.607950806618, -0.700483083725, -0.637187719345, -0.632934868336],
        "mean": [-0.737524449825, -0.781501471996, -0.782376766205, -0.811828434467, -0.795001685619, -0.730166196823],
        "min": [-0.878711998463, -0.927286982536, -0.90404099226, -0.892588555813, -0.88229238987, -0.847646176815],
        "stdev": [0.053696513176, 0.0555339790881, 0.0483290627599, 0.0317997559905, 0.0387151688337, 0.029410911724]
    },
    "spectral_contrast_valleys": {
        "max": [-4.87727975845, -4.81205511093, -5.31434726715, -5.05670404434, -5.7593164444, -8.1745672226],
        "mean": [-7.56954622269, -6.71747875214, -6.71678638458, -6.63253259659, -6.9657664299, -9.83406448364],
        "min": [-11.2088069916, -10.0833911896, -9.5225019455, -9.62901306152, -10.2065153122, -13.5730228424],
        "stdev": [1.4461517334, 0.483335405588, 0.574800312519, 0.606075167656, 0.455854147673, 0.733403325081]
    }
},
"rhythm": {
    "beats_count": 27,
    "beats_loudness": {
        "max": 0.172225534916,
        "mean": 0.0383180342615,
        "min": 0.00497298780829,
        "stdev": 0.0387822054327
    },
    "bpm": 161.499038696,
    "bpm_histogram_first_peak_bpm": 161,
    "bpm_histogram_first_peak_weight": 0.199999988079,
    "bpm_histogram_second_peak_bpm": 112,
    "bpm_histogram_second_peak_spread": 0.5,
    "bpm_histogram_second_peak_weight": 0.230769231915,
    "danceability": 0.941910326481,
    "onset_rate": 3.29169988632,
    "beats_loudness_band_ratio": {
        "max": [0.916655421257, 0.307173252106, 0.378092825413, 0.579340100288, 0.688151776791, 0.193196937442],
        "mean": [0.254375576973, 0.0649306252599, 0.140023335814, 0.251069486141, 0.241746604443, 0.0828464031219],
        "min": [0.00073653308209, 0.00267145549878, 0.0162916816771, 0.00826622731984, 0.0075514651835, 0.0133821191266],
        "stdev": [0.34917140007, 0.0933749377728, 0.106144376099, 0.184660941362, 0.191513836384, 0.0455379746854]
    },
    "beats_position": [0.348299324512, 0.719818592072, 1.09133780003, 1.46285712719, 1.83437633514, 2.20589566231, 2.57741498947, 2.94893407822, 3.32045340538, 3.70358276367, 4.08671188354, 4.59755086899, 5.0967798233, 5.59600877762, 6.11845779419, 6.64090681076, 7.16335582733, 7.6858048439, 8.19664382935, 8.73070240021, 9.26476192474, 9.78721046448, 10.3096599579, 10.8437185287, 11.3777770996, 11.9118366241, 12.445895195],
