{
"metadata": {
    "version": {
        "essentia": "2.1-beta5",
        "essentia_git_sha": "Undefined",
        "extractor": "music 2.0"
    },
    "audio_properties": {
        "analysis": {
            "equal_loudness": 0,
            "length": 12.7477550507,
            "sample_rate": 44100,
            "start_time": 0,
            "downmix": "mix"
        },
        "bit_rate": 192000,
        "length": 193.77053833,
        "lossless": 0,
        "number_channels": 2,
        "replay_gain": -11.6464920044,
        "sample_rate": 48000,
        "codec": "mp3",
        "md5_encoded": "156daaab0ee9f16fd8e64746e146fd6c"
    },
    "tags": {
        "file_name": "United KingdomUK_Say It Again_Precious.mp3",
        "encoding": ["Lavf58.29.100"]
    }
},
"lowlevel": {
    "average_loudness": 0.973241984844,
    "barkbands_crest": {
        "max": 21.311258316,
        "mean": 7.02640628815,
        "min": 2.95148992538,
        "stdev": 3.25783514977
    },
    "barkbands_flatness_db": {
        "max": 0.244149282575,
        "mean": 0.148868441582,
        "min": 0.0819743424654,
        "stdev": 0.0259105172008
    },
    "barkbands_kurtosis": {
        "max": 21.4257411957,
        "mean": 0.506407558918,
        "min": -1.80794048309,
        "stdev": 2.09141254425
    },
    "barkbands_skewness": {
        "max": 4.41041374207,
        "mean": 0.621982693672,
        "min": -2.82426214218,
        "stdev": 0.696834206581
    },
    "barkbands_spread": {
        "max": 97.0992660522,
        "mean": 22.1452846527,
        "min": 5.23276996613,
        "stdev": 13.7367277145
    },
    "dissonance": {
        "max": 0.499989926815,
        "mean": 0.486576765776,
        "min": 0.333363890648,
        "stdev": 0.0148984212428
    },
    "dynamic_complexity": 2.2859609127,
    "erbbands_crest": {
        "max": 23.4747409821,
        "mean": 6.98820829391,
        "min": 2.70930933952,
        "stdev": 2.60953807831
    },
    "erbbands_flatness_db": {
        "max": 0.286485791206,
        "mean": 0.210602119565,
        "min": 0.100799277425,
        "stdev": 0.0438491515815
    },
    "erbbands_kurtosis": {
        "max": 7.1543712616,
        "mean": 0.303271919489,
        "min": -1.61565065384,
        "stdev": 1.01147902012
    },
    "erbbands_skewness": {
        "max": 1.97084867954,
        "mean": 0.274180561304,
        "min": -2.22725558281,
        "stdev": 0.531578719616
    },
    "erbbands_spread": {
        "max": 121.19846344,
        "mean": 28.4396839142,
        "min": 6.27864408493,
        "stdev": 15.751329422
    },
    "hfc": {
        "max": 123.501449585,
        "mean": 29.1827049255,
        "min": 0.908877968788,
        "stdev": 20.634595871
    },
    "loudness_ebu128": {
        "integrated": -11.9012012482,
        "loudness_range": 3.18898868561,
        "momentary": {
            "max": -9.15414714813,
            "mean": -12.3430938721,
            "min": -17.3935928345,
            "stdev": 2.05345249176
        },
        "short_term": {
            "max": -10.4962339401,
            "mean": -11.9043273926,
            "min": -14.562207222,
            "stdev": 1.06119716167
        }
    },
    "melbands_crest": {
        "max": 32.1561927795,
        "mean": 9.76258182526,
        "min": 3.65714859962,
        "stdev": 5.26828527451
    },
    "melbands_flatness_db": {
        "max": 0.290162742138,
        "mean": 0.110031165183,
        "min": 0.0350853838027,
        "stdev": 0.0406578481197
    },
    "melbands_kurtosis": {
        "max": 64.9160842896,
        "mean": 4.05976724625,
        "min": -1.57993936539,
        "stdev": 7.2532992363
    },
    "melbands_skewness": {
        "max": 7.02279663086,
        "mean": 1.37397956848,
        "min": -1.16303277016,
        "stdev": 1.10434854031
    },
    "melbands_spread": {
        "max": 218.186752319,
        "mean": 33.2327041626,
        "min": 4.47082281113,
        "stdev": 20.6598186493
    },
    "pitch_salience": {
        "max": 0.900487065315,
        "mean": 0.687714636326,
        "min": 0.212384879589,
        "stdev": 0.111005038023
    },
    "silence_rate_20dB": {
        "max": 1,
        "mean": 1,
        "min": 1,
        "stdev": 0
    },
    "silence_rate_30dB": {
        "max": 1,
        "mean": 0.998181819916,
        "min": 0,
        "stdev": 0.0426010414958
    },
    "silence_rate_60dB": {
        "max": 1,
        "mean": 0.0254545453936,
        "min": 0,
        "stdev": 0.157501235604
    },
    "spectral_centroid": {
        "max": 4213.59326172,
        "mean": 2098.14648438,
        "min": 605.107971191,
        "stdev": 497.262817383
    },
    "spectral_complexity": {
        "max": 56,
        "mean": 29.6109085083,
        "min": 3,
        "stdev": 11.6138420105
    },
    "spectral_decrease": {
        "max": -4.16270906634e-10,
        "mean": -4.24402069044e-09,
        "min": -3.1649456389e-08,
        "stdev": 3.33889849102e-09
    },
    "spectral_energy": {
        "max": 0.125909209251,
        "mean": 0.0186648759991,
        "min": 0.00180699629709,
        "stdev": 0.0139188719913
    },
    "spectral_energyband_high": {
        "max": 0.0178854651749,
        "mean": 0.00147833197843,
        "min": 3.46052979694e-06,
        "stdev": 0.00180189218372
    },
    "spectral_energyband_low": {
        "max": 0.0346354022622,
        "mean": 0.00243866513483,
        "min": 2.50148627856e-06,
        "stdev": 0.0053586200811
    },
    "spectral_energyband_middle_high": {
        "max": 0.0422913581133,
        "mean": 0.00999138690531,
        "min": 0.000210198501009,
        "stdev": 0.00733277481049
    },
    "spectral_energyband_middle_low": {
        "max": 0.108924135566,
        "mean": 0.00510653248057,
        "min": 0.000298618979286,
        "stdev": 0.00933597050607
    },
    "spectral_entropy": {
        "max": 8.52526569366,
        "mean": 7.9497089386,
        "min": 7.00478458405,
        "stdev": 0.205654665828
    },
    "spectral_flux": {
        "max": 0.253638863564,
        "mean": 0.0837851986289,
        "min": 0.0222429987043,
        "stdev": 0.0389001742005
    },
    "spectral_kurtosis": {
        "max": 13.0052127838,
        "mean": 2.43815088272,
        "min": -1.13736963272,
        "stdev": 1.43953669071
    },
    "spectral_rms": {
        "max": 0.0110832415521,
        "mean": 0.00402090046555,
        "min": 0.00132775120437,
        "stdev": 0.00142899516504
    },
    "spectral_rolloff": {
        "max": 9345.41015625,
        "mean": 2634.95898438,
        "min": 86.1328125,
        "stdev": 1320.70507812
    },
    "spectral_skewness": {
        "max": 2.83010411263,
        "mean": 1.17469620705,
        "min": 0.0929678753018,
        "stdev": 0.307757139206
    },
    "spectral_spread": {
        "max": 11690084,
        "mean": 3889395,
        "min": 2272163,
        "stdev": 1097030.875
    },
    "spectral_strongpeak": {
        "max": 8.24120903015,
        "mean": 1.12829351425,
        "min": 0.0339506305754,
        "stdev": 0.997137010098
    },
    "zerocrossingrate": {
        "max": 0.31103515625,
        "mean": 0.0956711620092,
        "min": 0.02490234375,
        "stdev": 0.0322131849825
    },
    "barkbands": {
        "max": [0.0026777246967, 0.0311518646777, 0.0186445377767, 0.0298672094941, 0.0305761992931, 0.0864902436733, 0.0284747667611, 0.0107842264697, 0.0612037926912, 0.0123303886503, 0.00804876722395, 0.0132619822398, 0.013214726001, 0.00725927390158, 0.0098086502403, 0.00755795510486, 0.00682974653319, 0.00718134874478, 0.00337856030092, 0.0044760578312, 0.00330454693176, 0.00884109549224, 0.00453606620431, 0.00707767438143, 0.00104382715654, 1.11331773951e-05, 1.21581824715e-05],
        "mean": [0.000109957538371, 0.00140849431045, 0.000730707251932, 0.000420781463617, 0.000859045248944, 0.000975310162175, 0.000679986376781, 0.000432152592111, 0.00147015834227, 0.000977261341177, 0.00118534336798, 0.000969807151705, 0.0012757407967, 0.0011279520113, 0.00130778783932, 0.00122397614177, 0.000812501937617, 0.000568415562157, 0.000419045361923, 0.000435713474872, 0.000342154031387, 0.000338473328156, 0.000274817663012, 0.000248192518484, 7.10567837814e-05, 2.25315464064e-08, 2.28260788049e-08],
        "min": [2.37886688126e-09, 1.21928820818e-07, 7.07546163881e-08, 1.94123202846e-07, 1.69133943473e-06, 4.76762397739e-06, 5.62571040064e-06, 4.74760281577e-06, 1.75702061824e-05, 1.1020319107e-05, 5.06205651618e-06, 3.07044751935e-06, 1.37758106575e-05, 7.98419478087e-06, 1.89660586329e-05, 8.76627564139e-06, 1.64002995007e-05, 4.14363421442e-06, 3.09174060931e-06, 8.01359590241e-07, 1.5712506638e-06, 7.89965781678e-07, 4.92981257594e-07, 2.01502146524e-07, 2.08063170248e-07, 8.81552122967e-12, 1.13399619556e-11],
        "stdev": [0.000333222444169, 0.00372654153034, 0.00183419068344, 0.00188737758435, 0.00255672773346, 0.00461397506297, 0.00198546377942, 0.000837762665469, 0.00317976949736, 0.00139894022141, 0.00132365035824, 0.00111922842916, 0.00161405932158, 0.00115241727326, 0.00130850658752, 0.00121559237596, 0.000834492733702, 0.000712670793291, 0.000473412917927, 0.000585336645599, 0.000400581746362, 0.000619417754933, 0.000402573292376, 0.000601703126449, 0.000129057822051, 4.74471704592e-07, 5.17931255217e-07]
    },
    "erbbands": {
        "max": [1.2601736784, 5.391477108, 20.9554290771, 61.7910881042, 116.118774414, 122.523406982, 243.980316162, 889.600158691, 507.569122314, 291.984161377, 547.980895996, 1271.99829102, 420.277832031, 280.332702637, 353.473968506, 661.179260254, 611.60760498, 515.961608887, 445.648101807, 437.116119385, 416.562316895, 337.383361816, 429.603088379, 175.54385376, 265.603668213, 191.471923828, 152.43812561, 219.987228394, 358.328033447, 263.806152344, 97.4133377075, 198.371017456, 80.0216369629, 24.7857055664, 1.46848642826, 0.0442891679704, 0.0208148974925, 0.00750004593283, 0.00174449372571, 0.00021877438121],
        "mean": [0.0525612235069, 0.267645388842, 0.797183096409, 1.16575586796, 2.22087454796, 3.0555434227, 4.81531381607, 8.87253952026, 9.24144554138, 9.37593078613, 15.3612442017, 31.3390808105, 30.121509552, 36.4587936401, 48.6238937378, 43.8297080994, 56.5323257446, 58.0878143311, 62.3108444214, 72.9404220581, 61.9351844788, 46.5927734375, 33.947845459, 23.4683876038, 21.139831543, 20.2318344116, 15.1121768951, 13.2988901138, 12.5435476303, 9.70453262329, 7.51574468613, 5.79819250107, 3.7102200985, 1.64688193798, 0.0869073867798, 0.00279433722608, 0.000275016675005, 5.56260274607e-05, 2.39557884925e-05, 2.74347930826e-05],
        "min": [8.66452774062e-06, 6.5956133767e-05, 0.000397971161874, 0.0011908437591, 0.00470841862261, 0.00829132180661, 0.0184817388654, 0.0299652144313, 0.153391882777, 0.300348967314, 0.256634861231, 0.594219923019, 0.926719129086, 0.988150775433, 0.182480975986, 0.223069146276, 0.756857454777, 0.545550227165, 0.789408266544, 1.14281821251, 0.788347482681, 0.996721386909, 0.238352194428, 0.161463901401, 0.167941451073, 0.0458087548614, 0.0648796856403, 0.0548173710704, 0.0224345140159, 0.0176985301077, 0.0114392004907, 0.0046083945781, 0.00325151463039, 0.00457089627162, 0.000376962736482, 1.07558653326e-05, 1.32976560963e-06, 2.58591143165e-07, 9.05983085886e-07, 2.05153310162e-06],
        "stdev": [0.158059388399, 0.703782856464, 1.97567772865, 3.93376135826, 8.46844100952, 8.33364772797, 19.2127094269, 45.537940979, 32.4416275024, 21.6710548401, 32.7203521729, 67.3770980835, 40.0774345398, 38.2391090393, 55.3510131836, 51.8577079773, 69.255279541, 60.0343933105, 64.7912902832, 68.803855896, 60.3418960571, 44.8726387024, 42.4464797974, 22.5724658966, 28.110080719, 27.0934658051, 18.4467277527, 16.781545639, 24.1511650085, 18.2122821808, 10.2125997543, 15.4484987259, 7.61058855057, 3.05319738388, 0.178769528866, 0.00552617060021, 0.00096991751343, 0.000324412278133, 7.59751346777e-05, 2.10946600419e-05]
    },
    "gfcc": {
        "mean": [-13.311870575, 67.5923461914, -199.632583618, 36.8093910217, -87.4686355591, 28.2457714081, -40.7880821228, -0.337553948164, -8.72957420349, -17.7076034546, -0.9243029356, -18.1282043457, 7.70435380936],
        "cov": [[1874.74572754, -131.318222046, 317.812408447, 305.740478516, 33.1068305969, 56.6481170654, -31.8820858002, 90.8436965942, -25.4572353363, 70.3179550171, 10.8720273972, -19.662191391, -56.2789115906], [-131.318222046, 1301.27770996, 920.945068359, 539.872558594, 256.227233887, -171.755615234, 88.2344360352, -42.4482383728, 23.2577762604, 24.9375114441, 141.370040894, 31.175151825, 36.8017234802], [317.812408447, 920.945068359, 1463.9519043, 771.54083252, 172.439483643, 21.3020839691, 24.8469924927, 64.0660858154, -39.2458229065, 88.7880477905, 115.276473999, 79.9373168945, 6.21884632111], [305.740478516, 539.872558594, 771.54083252, 583.188720703, 180.325012207, 19.7106304169, 85.0620269775, 28.705488205, -9.00309562683, 45.6037483215, 60.8366622925, 31.397605896, -6.30789661407], [33.1068305969, 256.227233887, 172.439483643, 180.325012207, 165.877304077, 36.9353790283, 67.2818145752, 11.1966733932, 18.2659950256, 13.8447084427, 35.5681762695, 7.33978366852, 15.3619346619], [56.6481170654, -171.755615234, 21.3020839691, 19.7106304169, 36.9353790283, 169.943313599, 46.0458488464, 50.6994171143, -5.71050453186, 18.9434528351, -7.30523824692, 11.4352769852, 5.30014371872], [-31.8820858002, 88.2344360352, 24.8469924927, 85.0620269775, 67.2818145752, 46.0458488464, 127.614356995, 30.6503448486, 25.8767280579, 9.03944969177, 19.591468811, 2.92793011665, 3.9516055584], [90.8436965942, -42.4482383728, 64.0660858154, 28.705488205, 11.1966733932, 50.6994171143, 30.6503448486, 91.081237793, 25.7030277252, 28.0078697205, 10.3055782318, 3.34957551956, 3.63402867317], [-25.4572353363, 23.2577762604, -39.2458229065, -9.00309562683, 18.2659950256, -5.71050453186, 25.8767280579, 25.7030277252, 67.4864807129, 27.0212402344, 20.7354736328, 2.86272192001, 0.12788566947], [70.3179550171, 24.9375114441, 88.7880477905, 45.6037483215, 13.8447084427, 18.9434528351, 9.03944969177, 28.0078697205, 27.0212402344, 66.5389480591, 40.4434661865, 14.6935806274, 1.44255161285], [10.8720273972, 141.370040894, 115.276473999, 60.8366622925, 35.5681762695, -7.30523824692, 19.591468811, 10.3055782318, 20.7354736328, 40.4434661865, 67.9649276733, 24.7086009979, 5.47001171112], [-19.662191391, 31.175151825, 79.9373168945, 31.397605896, 7.33978366852, 11.4352769852, 2.92793011665, 3.34957551956, 2.86272192001, 14.6935806274, 24.7086009979, 42.0204467773, 15.2386884689], [-56.2789115906, 36.8017234802, 6.21884632111, -6.30789661407, 15.3619346619, 5.30014371872, 3.9516055584, 3.63402867317, 0.12788566947, 1.44255161285, 5.47001171112, 15.2386884689, 39.2785301208]],
        "icov": [[0.000769386126194, 0.000334743584972, 0.000187666038983, -0.00092721771216, -0.000127656807308, 0.000241227302467, 0.000677661737427, -0.000807890435681, 0.000555002363399, -0.000442421034677, -0.000465138466097, 0.000643578241579, 0.000463612988824], [0.000334743584972, 0.00705275405198, -0.00572220003232, 0.00321988807991, -0.00724100926891, 0.00790038146079, -0.00471936026588, 0.00412377761677, -0.00227127783, 0.00392326479778, -0.00621044589207, 0.00665836269036, -0.00470116781071], [0.000187666038983, -0.00572220003232, 0.00849923491478, -0.00846473779529, 0.00768376328051, -0.00690715899691, 0.0070852660574, -0.00584026705474, 0.00358097697608, -0.00297739356756, 0.00187566922978, -0.00639355089515, 0.00299659394659], [-0.00092721771216, 0.00321988807991, -0.00846473779529, 0.0142722800374, -0.0106405932456, 0.00652879709378, -0.00866133812815, 0.00435963505879, 3.54094554496e-05, -0.00135725468863, 0.00357895717025, 0.000446176738478, 0.00241367798299], [-0.000127656807308, -0.00724100926891, 0.00768376328051, -0.0106405932456, 0.0232132058591, -0.0131800333038, 0.00452861888334, -0.00165285670664, -0.00278865266591, 0.00196249689907, -0.00337219424546, 0.000881395593751, -0.00386213208549], [0.000241227302467, 0.00790038146079, -0.00690715899691, 0.00652879709378, -0.0131800333038, 0.0199100971222, -0.00928173400462, -0.000529365963303, 0.00372348818928, -0.00236665504053, 0.0014432920143, 0.000451122847153, -0.00176482403185], [0.000677661737427, -0.00471936026588, 0.0070852660574, -0.00866133812815, 0.00452861888334, -0.00928173400462, 0.0188166964799, -0.00673270784318, -0.00185460352805, 0.00218760198914, -0.00242507318035, -0.00224820408039, 0.00222678482533], [-0.000807890435681, 0.00412377761677, -0.00584026705474, 0.00435963505879, -0.00165285670664, -0.000529365963303, -0.00673270784318, 0.0221699085087, -0.00953128002584, -5.12403166795e-05, -0.00254900497384, 0.0081983897835, -0.00684522930533], [0.000555002363399, -0.00227127783, 0.00358097697608, 3.54094554496e-05, -0.00278865266591, 0.00372348818928, -0.00185460352805, -0.00953128002584, 0.0276600103825, -0.0127301467583, 0.00323765468784, -0.0061661535874, 0.00633745780215], [-0.000442421034677, 0.00392326479778, -0.00297739356756, -0.00135725468863, 0.00196249689907, -0.00236665504053, 0.00218760198914, -5.12403166795e-05, -0.0127301467583, 0.0373473055661, -0.0245247781277, 0.00802686065435, -0.0057488209568], [-0.000465138466097, -0.00621044589207, 0.00187566922978, 0.00357895717025, -0.00337219424546, 0.0014432920143, -0.00242507318035, -0.00254900497384, 0.00323765468784, -0.0245247781277, 0.0456788241863, -0.0236882418394, 0.010753124021], [0.000643578241579, 0.00665836269036, -0.00639355089515, 0.000446176738478, 0.000881395593751, 0.000451122847153, -0.00224820408039, 0.0081983897835, -0.0061661535874, 0.00802686065435, -0.0236882418394, 0.0494999922812, -0.0213504713029], [0.000463612988824, -0.00470116781071, 0.00299659394659, 0.00241367798299, -0.00386213208549, -0.00176482403185, 0.00222678482533, -0.00684522930533, 0.00633745780215, -0.0057488209568, 0.010753124021, -0.0213504713029, 0.0395755283535]]
    },
    "melbands": {
        "max": [0.00972955580801, 0.00845601130277, 0.0123376734555, 0.00609431462362, 0.00770525354892, 0.0183410998434, 0.00698178634048, 0.00326197268441, 0.00760902743787, 0.00693446118385, 0.00214263400994, 0.001156047103, 0.00128939968999, 0.00116894312669, 0.00134783412796, 0.000962666294072, 0.000878273858689, 0.000841747620143, 0.000728677259758, 0.000545423477888, 0.000489138823468, 0.00040515625733, 0.0005056236987, 0.000253079575486, 0.000135947600938, 0.000159431219799, 0.000212961400393, 0.000132040600874, 0.000106749168481, 8.50072756293e-05, 0.000154376175487, 0.000200173424673, 0.000191315761185, 0.000150054140249, 4.86802855448e-05, 0.000110914617835, 0.000145299040014, 5.95239689574e-05, 3.16410623782e-05, 2.15726613533e-05],
        "mean": [0.000414205424022, 0.000387565494748, 0.000235681756749, 0.000192890191101, 0.000161506890436, 0.000198016947252, 0.000139435433084, 9.43966151681e-05, 0.000155202360475, 0.000198071735213, 0.000149639483425, 0.000143054596265, 0.000164642784512, 0.000108863947389, 0.000135731053888, 0.000117580413644, 0.00010549819126, 9.68274034676e-05, 0.000101965946669, 9.26636057557e-05, 6.75942719681e-05, 5.01692993566e-05, 3.62441278412e-05, 2.43775157287e-05, 1.8399397959e-05, 1.51698041009e-05, 1.57489503181e-05, 1.26879585878e-05, 9.53683138505e-06, 8.23855953058e-06, 7.54728489483e-06, 7.31996169634e-06, 6.00247358307e-06, 5.17598846272e-06, 4.46475632998e-06, 3.73571469936e-06, 3.47566606251e-06, 2.79934715763e-06, 1.91285221263e-06, 1.2073265907e-06],
        "min": [6.75645992487e-08, 1.75979465666e-07, 4.93348750297e-07, 3.8578050976e-07, 6.82570316712e-07, 5.13571251304e-07, 2.01945226763e-06, 3.17197304867e-06, 1.17499121188e-06, 3.54636540578e-06, 1.72780426055e-06, 3.55996326107e-06, 5.68669179302e-07, 3.65793937362e-07, 8.66933646648e-07, 1.04211369489e-06, 6.83037910676e-07, 5.61422382361e-07, 1.72107786511e-06, 1.26448355786e-06, 3.62897765172e-07, 9.51930417159e-07, 2.11719452636e-07, 2.06919395396e-07, 1.12814234399e-07, 1.49093352775e-07, 6.52938751955e-08, 2.00529459704e-08, 3.24785354167e-08, 4.16444585483e-08, 3.38283498991e-08, 1.62646696111e-08, 6.78201361737e-09, 1.17999814364e-08, 8.81561401656e-09, 3.88699961107e-09, 1.89053994681e-09, 2.89842660983e-09, 1.10765085992e-09, 5.04667330148e-09],
        "stdev": [0.00114741025027, 0.000905399559997, 0.00080035981955, 0.000562586006708, 0.000613925396465, 0.000956189294811, 0.000457736081444, 0.000223654104047, 0.000408396561397, 0.000378715572879, 0.000206809898373, 0.000160897427122, 0.000188205987797, 0.000115621056466, 0.000178983522346, 0.000134296366014, 0.000111024237412, 0.000107520172605, 9.98476389213e-05, 9.30657843128e-05, 6.97968498571e-05, 5.21092042618e-05, 4.63869801024e-05, 2.76725004369e-05, 1.83996744454e-05, 1.98212110263e-05, 2.33179980569e-05, 1.72122581716e-05, 1.20318873087e-05, 1.00105553429e-05, 1.04683012978e-05, 1.39180801852e-05, 1.26826344058e-05, 9.81059201877e-06, 5.85625093663e-06, 7.30806550564e-06, 1.0847466001e-05, 5.89682667851e-06, 3.47637660525e-06, 2.5014021503e-06]
    },
    "melbands128": {
        "max": [0.00247027142905, 0.0118576446548, 0.012981931679, 0.0100043769926, 0.011846399866, 0.00764040090144, 0.0126364612952, 0.0148587469012, 0.0127425137907, 0.00786290038377, 0.00748248491436, 0.0124802794307, 0.00776446564123, 0.0272498130798, 0.0328713878989, 0.00453222868964, 0.0106017990038, 0.00817926693708, 0.00269656907767, 0.00451272074133, 0.00406156433746, 0.00158060761169, 0.00441691465676, 0.0229368302971, 0.00988317187876, 0.00164530717302, 0.00162751483731, 0.00361811975017, 0.00289474846795, 0.00171317812055, 0.00131829048041, 0.00173257151619, 0.00211677420884, 0.00173852778971, 0.00102060951758, 0.00124675501138, 0.00368398381397, 0.00184914038982, 0.00384095520712, 0.000943334831391, 0.0012832111679, 0.0023838088382, 0.00121660158038, 0.00119278475177, 0.00086029083468, 0.00172664865386, 0.00114022090565, 0.000993830035441, 0.000718891154975, 0.000892183161341, 0.00094355456531, 0.000779532187153, 0.000685627048369, 0.000675523886457, 0.000791299389675, 0.000618742371444, 0.000390627596062, 0.000369920366211, 0.00112668424845, 0.000407643092331, 0.000444684992544, 0.000167375386809, 0.000231399797485, 0.000122231838759, 0.000196434484678, 0.000231525758863, 0.000226995602134, 0.00032622020808, 0.000202477662242, 0.000273141107755, 0.000144101650221, 0.0001770840463, 0.00013755755208, 0.000118278599984, 0.000193690531887, 0.000120134973258, 7.85290176282e-05, 0.000123433666886, 0.00017606196343, 0.000191106984857, 0.000142331045936, 0.000346537883161, 0.000204260431929, 0.000224909570534, 0.000112630259537, 0.000242324371357, 0.000113853711809, 0.000144581936183, 3.82375001209e-05, 5.83588262089e-05, 9.90339394775e-05, 0.000101035671833, 0.000188230420463, 0.000206276090466, 0.000123314355733, 6.37622433715e-05, 5.742891517e-05, 4.77944086015e-05, 4.9580266932e-05, 2.47616135312e-05, 3.49041001755e-05, 3.05089724861e-05, 2.17362457988e-06, 8.5227981117e-08, 8.42185343686e-08, 8.24734769367e-08, 8.02597810434e-08, 7.78131834522e-08, 7.53145528165e-08, 7.28418427798e-08, 7.03974265548e-08, 6.80860452462e-08, 6.58557439692e-08, 6.37540367165e-08, 6.18054301071e-08, 5.99784257815e-08, 5.82242272174e-08, 5.66007187786e-08, 5.51573826613e-08, 5.37432356396e-08, 5.25270777985e-08, 5.14701881116e-08, 5.04863848505e-08, 4.96678076445e-08, 4.8962075283e-08, 4.84335593853e-08, 4.80277719817e-08, 4.77794230846e-08],
        "mean": [0.000105046674435, 0.000473272200907, 0.000478400092106, 0.000428209808888, 0.000422295241151, 0.000340561731718, 0.000223574155825, 0.000219624795136, 0.000227191718295, 0.000204783864319, 0.000172956468305, 0.000112458859803, 0.000142208213219, 0.000237359752646, 0.000234793667914, 0.00014387833653, 0.000161275645951, 0.000127937964862, 0.000132449582452, 0.000103709120594, 7.7121258073e-05, 6.23903251835e-05, 0.000153439075802, 0.000270569988061, 0.000209454068681, 0.000173209380591, 0.000165311968885, 0.000139627387398, 0.000143252429552, 0.000147694925545, 0.000134857808007, 0.000152666398208, 0.000179686438059, 0.000175830980879, 0.000100190765806, 8.83949105628e-05, 0.000117679795949, 0.000140372183523, 0.000158351642312, 0.000105518745841, 0.000109960768896, 0.000129545034724, 0.000101177458419, 9.83752615866e-05, 9.8347380117e-05, 9.51865658863e-05, 9.67518935795e-05, 0.000104159829789, 0.000103516715171, 9.76866213023e-05, 9.720979142e-05, 8.0811791122e-05, 7.12799228495e-05, 6.29526839475e-05, 5.54758371436e-05, 5.19106761203e-05, 4.42013188149e-05, 3.2991196349e-05, 3.76425705326e-05, 3.35620425176e-05, 2.19968424062e-05, 1.81992145372e-05, 2.2440974135e-05, 1.71954197867e-05, 1.42433018482e-05, 1.63007807714e-05, 1.46515867527e-05, 1.4222910977e-05, 1.73391636054e-05, 1.60917206813e-05, 1.25718925119e-05, 1.09294705908e-05, 1.0651679986e-05, 8.72318378242e-06, 9.10755534278e-06, 8.89820330485e-06, 7.2908715083e-06, 7.74192267272e-06, 7.57126554163e-06, 7.66046377976e-06, 6.65734796712e-06, 8.56308815855e-06, 5.85078987569e-06, 6.04155184192e-06, 5.520850209e-06, 5.3503304116e-06, 4.79843856738e-06, 5.28213240614e-06, 4.45808336735e-06, 3.90789500671e-06, 4.01205124945e-06, 3.46398223883e-06, 3.62487048733e-06, 3.83842552765e-06, 3.02492253468e-06, 3.14197541229e-06, 2.80320728052e-06, 2.23971960622e-06, 2.06593585972e-06, 1.51344556798e-06, 1.84112332136e-06, 1.42361761846e-06, 6.78685978528e-08, 8.33458302374e-10, 1.81302403646e-10, 3.43868850061e-10, 3.81593867615e-10, 1.75276806957e-10, 1.50681078726e-10, 1.4659122527e-10, 1.40201378285e-10, 1.36739591872e-10, 1.30613381222e-10, 1.27025126528e-10, 1.21608001447e-10, 1.1914777498e-10, 1.13810461055e-10, 1.06231246022e-10, 1.03077324454e-10, 1.00419159099e-10, 9.81269510092e-11, 9.61370080765e-11, 9.42879663235e-11, 9.27241269877e-11, 9.13021949711e-11, 9.01447735902e-11, 8.92997967239e-11, 8.882398983e-11],
        "min": [1.33633559773e-09, 2.00264143047e-08, 2.90219368537e-08, 1.61312190272e-08, 3.10281329519e-08, 2.58020662613e-08, 4.68067042902e-08, 1.03112157035e-07, 1.7223675286e-07, 2.7703424621e-07, 1.56421634756e-07, 2.93949113939e-07, 1.43266390751e-07, 3.82205456617e-07, 1.56401000595e-07, 2.04815535199e-07, 4.06504341299e-07, 6.67035919832e-07, 6.77712023389e-07, 5.49637945824e-07, 2.46364663781e-07, 2.87181762815e-07, 4.28344549164e-07, 9.34223749027e-07, 1.05655135485e-06, 1.8627542886e-06, 1.25359781578e-06, 1.79002995537e-06, 6.87901433594e-07, 6.46964281259e-07, 1.32873174152e-06, 9.58210989666e-07, 1.8359709486e-07, 4.43898187541e-07, 4.27006625614e-07, 2.25274050081e-07, 2.23828763524e-07, 3.51430287537e-07, 3.59246485004e-07, 1.76918732109e-07, 9.74641807261e-08, 6.47959481626e-08, 2.05402983511e-07, 3.56491398179e-07, 4.81908045913e-07, 1.48850261894e-07, 2.31545101315e-07, 1.49514744407e-06, 1.54384827056e-06, 4.86905321395e-07, 4.18757906573e-07, 1.51575903828e-07, 2.2934352728e-07, 9.77587717443e-08, 2.88414952365e-07, 2.73316885568e-07, 2.86633593305e-07, 1.77218282715e-07, 1.62690383831e-07, 1.22456526697e-07, 4.51098429721e-08, 2.54059784766e-07, 1.15317803306e-07, 5.19767482388e-08, 4.29109121569e-08, 8.89826239359e-08, 9.15626756637e-08, 6.18096862581e-08, 4.7361190525e-08, 4.79975881262e-08, 1.23925030238e-08, 1.1131519706e-08, 1.39843390201e-08, 2.32000640921e-08, 4.71870116314e-08, 2.6896952221e-08, 1.84971735706e-08, 2.37607764575e-08, 3.27649267717e-08, 3.79051172672e-08, 1.6480889542e-08, 3.19593507214e-09, 1.25339982837e-09, 8.64581473081e-09, 6.8122996133e-09, 6.49457065904e-09, 1.02177395434e-08, 1.39013502931e-08, 4.48355885752e-09, 9.60244439518e-10, 7.57439000409e-10, 8.86824036428e-09, 2.27745777792e-09, 1.9315010702e-10, 1.82407353111e-10, 2.7302093919e-09, 1.37165456771e-09, 2.67227379114e-10, 2.4293692058e-10, 6.54604495609e-11, 4.77910155894e-09, 6.67674138199e-10, 3.55809023737e-12, 1.98478576239e-13, 5.00706450585e-14, 5.78103848971e-14, 5.95093093726e-14, 5.70498509544e-14, 3.08600902807e-14, 5.1519782906e-14, 3.09396470033e-14, 5.01925195471e-14, 5.00486493069e-14, 4.50899625797e-14, 4.30823216999e-14, 4.230972262e-14, 4.81027605172e-14, 4.99548793715e-14, 4.48801423542e-14, 4.4353853679e-14, 4.07643719941e-14, 4.21629182577e-14, 4.44396784454e-14, 4.695102949e-14, 3.45252628299e-14, 1.29392837726e-14, 1.73740433525e-15, 6.52112666641e-17],
        "stdev": [0.000324011256453, 0.00151166180149, 0.00138896075077, 0.00120046955999, 0.00109950383194, 0.000841524393763, 0.000790895195678, 0.000985435442999, 0.000936302298214, 0.000646406435408, 0.000480811810121, 0.000609325710684, 0.000585094618145, 0.00142529001459, 0.0015993808629, 0.000470636208775, 0.000667315616738, 0.000518330954947, 0.000282732682535, 0.000314059929224, 0.000251659803325, 0.000105940453068, 0.000338870420819, 0.00112033821642, 0.000564130430575, 0.000218439716264, 0.000244127906626, 0.000298117403872, 0.000298508472042, 0.000233754122746, 0.000161286909133, 0.000196776396479, 0.000274572696071, 0.000249400123721, 0.000113748967124, 0.000126325248857, 0.000220903355512, 0.000209784542676, 0.000328214169713, 0.000144645688124, 0.000154881199705, 0.000196569424588, 0.000134413901833, 0.000127587860334, 0.000126734681544, 0.00014386944531, 0.000126246115542, 0.000128913161461, 0.000112100373372, 0.000122604978969, 0.000121206845506, 9.89641266642e-05, 8.17551990622e-05, 8.16124593257e-05, 7.87706230767e-05, 6.6020336817e-05, 4.66467536171e-05, 4.03833219025e-05, 8.43731468194e-05, 5.1114577218e-05, 2.97792194033e-05, 2.11656661122e-05, 2.95676618407e-05, 1.88148042071e-05, 1.75996065082e-05, 2.43303293246e-05, 2.36053492699e-05, 2.64839309239e-05, 2.70917043963e-05, 2.98541235679e-05, 1.8100028683e-05, 1.64394587046e-05, 1.64474713529e-05, 1.11390163511e-05, 1.5026109395e-05, 1.23904274005e-05, 9.20055299503e-06, 1.095681273e-05, 1.2136796613e-05, 1.26913910208e-05, 1.05307817648e-05, 2.21345671889e-05, 1.15815737445e-05, 1.53893706738e-05, 9.60236957326e-06, 1.35104255605e-05, 8.79103754414e-06, 1.06169391074e-05, 5.48901971342e-06, 5.74727255298e-06, 7.46807199903e-06, 6.31272405371e-06, 1.14237436719e-05, 1.44650948641e-05, 9.55996347329e-06, 6.8656008807e-06, 5.90624767938e-06, 4.84745123686e-06, 4.35113724961e-06, 2.4606633815e-06, 3.75827994503e-06, 3.42843713952e-06, 1.86093444654e-07, 4.28315249934e-09, 3.58954377333e-09, 3.60530338916e-09, 3.54181395323e-09, 3.31669203213e-09, 3.21000603876e-09, 3.10486791832e-09, 3.00054536773e-09, 2.90206947362e-09, 2.80652523443e-09, 2.71724354128e-09, 2.63350652396e-09, 2.55597099041e-09, 2.48103160239e-09, 2.41116482336e-09, 2.34967223456e-09, 2.28943086711e-09, 2.23762319784e-09, 2.19260054557e-09, 2.15069095866e-09, 2.11582062981e-09, 2.08575934302e-09, 2.06325023733e-09, 2.0459673955e-09, 2.03538830235e-09]
    },
    "mfcc": {
        "mean": [-612.295898438, 68.0598068237, -40.6945266724, -9.88748645782, -10.4319820404, 2.49899625778, -8.34623432159, 3.1296005249, 0.0240336991847, 0.864407598972, -6.19730043411, -2.38030219078, -2.34979915619],
        "cov": [[1899.26745605, -430.174285889, -55.6569633484, 15.8176784515, 41.6077308655, -17.6057929993, 27.6042976379, -14.1761207581, 6.58502388, 62.4548339844, 58.5164985657, 46.8038520813, -75.8136672974], [-430.174285889, 946.234924316, 538.600402832, 532.984130859, 184.112762451, 46.5083808899, 61.7543830872, -11.2108764648, -54.0774688721, -13.674413681, 6.53793048859, -4.00172996521, 113.660385132], [-55.6569633484, 538.600402832, 1200.69165039, 672.752624512, 303.301147461, 114.874107361, 153.234695435, 30.2096710205, -21.3240222931, -15.0444164276, 18.2162017822, 38.5888214111, 146.323226929], [15.8176784515, 532.984130859, 672.752624512, 675.812744141, 212.490524292, 115.470275879, 111.496658325, 35.205783844, -27.5607032776, 23.5416984558, 22.7818279266, -1.1872369051, 100.989990234], [41.6077308655, 184.112762451, 303.301147461, 212.490524292, 179.04510498, 61.7174339294, 63.826587677, 15.5129337311, 4.95657634735, 8.70697021484, 8.65712833405, 11.5956554413, 41.844833374], [-17.6057929993, 46.5083808899, 114.874107361, 115.470275879, 61.7174339294, 126.1849823, 72.0333175659, 37.9937477112, 11.3764944077, 11.7313642502, 12.4387674332, -4.03610420227, 27.7495727539], [27.6042976379, 61.7543830872, 153.234695435, 111.496658325, 63.826587677, 72.0333175659, 120.386054993, 48.5283737183, 23.0134162903, 21.3461475372, 13.0117835999, 6.25154495239, 31.2911434174], [-14.1761207581, -11.2108764648, 30.2096710205, 35.205783844, 15.5129337311, 37.9937477112, 48.5283737183, 73.5051651001, 32.6051254272, 20.494386673, 8.28739833832, -1.45804560184, 9.35174179077], [6.58502388, -54.0774688721, -21.3240222931, -27.5607032776, 4.95657634735, 11.3764944077, 23.0134162903, 32.6051254272, 60.9211578369, 25.8770999908, 4.83988285065, 2.42253684998, -0.239675879478], [62.4548339844, -13.674413681, -15.0444164276, 23.5416984558, 8.70697021484, 11.7313642502, 21.3461475372, 20.494386673, 25.8770999908, 67.9126358032, 29.550321579, 18.4026622772, 8.97605419159], [58.5164985657, 6.53793048859, 18.2162017822, 22.7818279266, 8.65712833405, 12.4387674332, 13.0117835999, 8.28739833832, 4.83988285065, 29.550321579, 55.5839653015, 32.5557899475, 11.713098526], [46.8038520813, -4.00172996521, 38.5888214111, -1.1872369051, 11.5956554413, -4.03610420227, 6.25154495239, -1.45804560184, 2.42253684998, 18.4026622772, 32.5557899475, 79.6319961548, 22.5805015564], [-75.8136672974, 113.660385132, 146.323226929, 100.989990234, 41.844833374, 27.7495727539, 31.2911434174, 9.35174179077, -0.239675879478, 8.97605419159, 11.713098526, 22.5805015564, 63.7495079041]],
        "icov": [[0.000795192259829, 0.000668249966111, 0.000159418894327, -0.000678665586747, -0.000572011049371, 0.000590993673541, -0.000588998023886, 0.00059318728745, 0.000261163164396, -0.000231344587519, -0.000593744276557, -0.00036156445276, 0.00105446542148], [0.000668249966111, 0.0028692164924, 0.000478149508126, -0.00232066912577, -0.00128608488012, 0.00171309290454, -0.000657693424728, 0.00103716051672, 0.000773900712375, 0.000800175941549, -0.000829673663247, 0.00040699460078, -0.00157434458379], [0.000159418894327, 0.000478149508126, 0.00278403889388, -0.00234134215862, -0.00207196408883, 0.00130639772397, -0.00129121949431, 0.000511767459102, -0.000550814787857, 0.00249562156387, -0.000277796818409, -0.000856287020724, -0.00199303077534], [-0.000678665586747, -0.00232066912577, -0.00234134215862, 0.00648003537208, -0.000378204073058, -0.0025434026029, 0.00100437866058, -0.00202782195993, 0.00269828457385, -0.00346794910729, 0.000312863179715, 0.00211635231972, -0.000709776708391], [-0.000572011049371, -0.00128608488012, -0.00207196408883, -0.000378204073058, 0.0123104359955, -0.00332742184401, -0.00113022560254, 0.00161338807084, -0.00257740495726, -0.000674722832628, 0.00155239773449, -0.00122499617282, 0.000887577945832], [0.000590993673541, 0.00171309290454, 0.00130639772397, -0.0025434026029, -0.00332742184401, 0.0151616623625, -0.00637342361733, -0.00213173171505, 0.000956178817432, 0.00224957289174, -0.00336983962916, 0.0024177194573, -0.0028457599692], [-0.000588998023886, -0.000657693424728, -0.00129121949431, 0.00100437866058, -0.00113022560254, -0.00637342361733, 0.01787244156, -0.00702640367672, -0.00145818968304, -0.00198531639762, 0.000783713010605, 9.40951213124e-05, -0.002284205053], [0.00059318728745, 0.00103716051672, 0.000511767459102, -0.00202782195993, 0.00161338807084, -0.00213173171505, -0.00702640367672, 0.0246666800231, -0.00984827801585, -0.000559566542506, -0.00139592972118, 0.000925241271034, 0.000563846493606], [0.000261163164396, 0.000773900712375, -0.000550814787857, 0.00269828457385, -0.00257740495726, 0.000956178817432, -0.00145818968304, -0.00984827801585, 0.0277762059122, -0.00962258409709, 0.00298750121146, 0.000702730263583, 1.80216648005e-05], [-0.000231344587519, 0.000800175941549, 0.00249562156387, -0.00346794910729, -0.000674722832628, 0.00224957289174, -0.00198531639762, -0.000559566542506, -0.00962258409709, 0.0265180505812, -0.0110352998599, -0.00128438090906, -0.00270333280787], [-0.000593744276557, -0.000829673663247, -0.000277796818409, 0.000312863179715, 0.00155239773449, -0.00336983962916, 0.000783713010605, -0.00139592972118, 0.00298750121146, -0.0110352998599, 0.0307237394154, -0.0103576164693, 0.000771794875618], [-0.00036156445276, 0.00040699460078, -0.000856287020724, 0.00211635231972, -0.00122499617282, 0.0024177194573, 9.40951213124e-05, 0.000925241271034, 0.000702730263583, -0.00128438090906, -0.0103576164693, 0.0203532800078, -0.00809582229704], [0.00105446542148, -0.00157434458379, -0.00199303077534, -0.000709776708391, 0.000887577945832, -0.0028457599692, -0.002284205053, 0.000563846493606, 1.80216648005e-05, -0.00270333280787, 0.000771794875618, -0.00809582229704, 0.0302474219352]]
    },
    "spectral_contrast_coeffs": {
        "max": [-0.456371545792, -0.539568722248, -0.633691310883, -0.671169996262, -0.696451961994, -0.390351086855],
        "mean": [-0.725076854229, -0.787329554558, -0.791536569595, -0.80768185854, -0.797586858273, -0.72534763813],
        "min": [-0.870705425739, -0.897765994072, -0.889452755451, -0.890490472317, -0.855318367481, -0.802722394466],
        "stdev": [0.0672121122479, 0.0565049946308, 0.0403103530407, 0.0308948140591, 0.0272500514984, 0.0406538955867]
    },
    "spectral_contrast_valleys": {
        "max": [-5.41221857071, -4.82170772552, -5.39965724945, -5.35988283157, -5.64437198639, -8.01927280426],
        "mean": [-8.03135108948, -6.74418210983, -6.60247945786, -6.59412527084, -6.90139722824, -9.8078956604],
        "min": [-10.0158205032, -8.07280635834, -8.67233562469, -8.76451015472, -9.03596019745, -12.9297447205],
        "stdev": [1.13126850128, 0.516711652279, 0.578158438206, 0.712964653969, 0.629588663578, 0.868306875229]
    }
},
"rhythm": {
    "beats_count": 20,
    "beats_loudness": {
        "max": 0.0395991690457,
        "mean": 0.0226883422583,
        "min": 0.00797034800053,
        "stdev": 0.0108426809311
    },
    "bpm": 89.5718841553,
    "bpm_histogram_first_peak_bpm": 89,
    "bpm_histogram_first_peak_weight": 0.300000011921,
    "bpm_histogram_second_peak_bpm": 108,
    "bpm_histogram_second_peak_spread": 0.625,
    "bpm_histogram_second_peak_weight": 0.157894730568,
    "danceability": 1.22676169872,
    "onset_rate": 3.60519504547,
    "beats_loudness_band_ratio": {
        "max": [0.79267179966, 0.5379357934, 0.299538969994, 0.627982914448, 0.56512773037, 0.281453371048],
        "mean": [0.17216232419, 0.0773751139641, 0.114999271929, 0.261498063803, 0.275546759367, 0.135076358914],
        "min": [0.000593868317083, 0.00555733824149, 0.028762280941, 0.0225731153041, 0.01324644126, 0.06291256845],
        "stdev": [0.245503127575, 0.125332772732, 0.0634825825691, 0.181233242154, 0.141300022602, 0.0584713071585]
    },
    "beats_position": [0.53405892849, 1.07972788811, 1.62539684772, 2.15945577621, 2.69351458549, 3.27401351929, 3.84290242195, 4.40018129349, 4.95746040344, 5.51473903656, 6.18811798096, 6.86149644852, 7.52326536179, 8.18503379822, 8.85841274261, 9.52018165588, 10.1935596466, 10.866938591, 11.5403175354, 12.2136955261],
