{
"metadata": {
    "version": {
        "essentia": "2.1-beta5",
        "essentia_git_sha": "Undefined",
        "extractor": "music 2.0"
    },
    "audio_properties": {
        "analysis": {
            "equal_loudness": 0,
            "length": 48.7502937317,
            "sample_rate": 44100,
            "start_time": 61.4980506897,
            "downmix": "mix"
        },
        "bit_rate": 192000,
        "length": 190.287536621,
        "lossless": 0,
        "number_channels": 2,
        "replay_gain": -11.7591953278,
        "sample_rate": 48000,
        "codec": "mp3",
        "md5_encoded": "61d9aa05013e4a8c771c235427c205ed"
    },
    "tags": {
        "file_name": "Portugal_Como Tudo Começou_Rui Bandeira.mp3",
        "encoding": ["Lavf58.29.100"]
    }
},
"lowlevel": {
    "average_loudness": 0.979246735573,
    "barkbands_crest": {
        "max": 22.8655014038,
        "mean": 7.24445152283,
        "min": 2.46185445786,
        "stdev": 3.00453710556
    },
    "barkbands_flatness_db": {
        "max": 0.239377975464,
        "mean": 0.114623129368,
        "min": 0.0306567046791,
        "stdev": 0.0343974716961
    },
    "barkbands_kurtosis": {
        "max": 31.6904258728,
        "mean": 1.12905502319,
        "min": -1.86345648766,
        "stdev": 2.98221921921
    },
    "barkbands_skewness": {
        "max": 4.95101737976,
        "mean": 0.97492313385,
        "min": -3.36470890045,
        "stdev": 0.767713487148
    },
    "barkbands_spread": {
        "max": 91.872505188,
        "mean": 26.611328125,
        "min": 4.53068113327,
        "stdev": 14.1032962799
    },
    "dissonance": {
        "max": 0.499965280294,
        "mean": 0.471883505583,
        "min": 0.365600436926,
        "stdev": 0.0195068903267
    },
    "dynamic_complexity": 1.58290731907,
    "erbbands_crest": {
        "max": 29.1278362274,
        "mean": 8.30513572693,
        "min": 2.14360928535,
        "stdev": 4.07225990295
    },
    "erbbands_flatness_db": {
        "max": 0.295960426331,
        "mean": 0.158822387457,
        "min": 0.053248334676,
        "stdev": 0.043716173619
    },
    "erbbands_kurtosis": {
        "max": 17.8625030518,
        "mean": 0.236923396587,
        "min": -1.58390855789,
        "stdev": 1.47407066822
    },
    "erbbands_skewness": {
        "max": 3.11516666412,
        "mean": 0.19653993845,
        "min": -3.57004928589,
        "stdev": 0.679309487343
    },
    "erbbands_spread": {
        "max": 115.551124573,
        "mean": 36.6837997437,
        "min": 6.03136014938,
        "stdev": 16.5877170563
    },
    "hfc": {
        "max": 297.1434021,
        "mean": 29.4021625519,
        "min": 0.275675743818,
        "stdev": 24.8362350464
    },
    "loudness_ebu128": {
        "integrated": -11.244093895,
        "loudness_range": 1.52444171906,
        "momentary": {
            "max": -8.97415828705,
            "mean": -11.3611907959,
            "min": -15.0759849548,
            "stdev": 1.02636814117
        },
        "short_term": {
            "max": -10.1842479706,
            "mean": -11.2574491501,
            "min": -13.0639801025,
            "stdev": 0.554370045662
        }
    },
    "melbands_crest": {
        "max": 27.8803043365,
        "mean": 10.2708072662,
        "min": 3.76024723053,
        "stdev": 3.72814393044
    },
    "melbands_flatness_db": {
        "max": 0.29686498642,
        "mean": 0.149895370007,
        "min": 0.0389432087541,
        "stdev": 0.0439238026738
    },
    "melbands_kurtosis": {
        "max": 92.4462585449,
        "mean": 5.77716493607,
        "min": -1.84232807159,
        "stdev": 8.17911720276
    },
    "melbands_skewness": {
        "max": 8.40807437897,
        "mean": 1.8379753828,
        "min": -0.821308374405,
        "stdev": 1.04425275326
    },
    "melbands_spread": {
        "max": 255.361480713,
        "mean": 31.2760219574,
        "min": 3.74986815453,
        "stdev": 19.7882118225
    },
    "pitch_salience": {
        "max": 0.882069468498,
        "mean": 0.627520501614,
        "min": 0.296719461679,
        "stdev": 0.0831241160631
    },
    "silence_rate_20dB": {
        "max": 1,
        "mean": 1,
        "min": 1,
        "stdev": 0
    },
    "silence_rate_30dB": {
        "max": 1,
        "mean": 0.999524056911,
        "min": 0,
        "stdev": 0.0218116156757
    },
    "silence_rate_60dB": {
        "max": 1,
        "mean": 0.000475963839563,
        "min": 0,
        "stdev": 0.0218114033341
    },
    "spectral_centroid": {
        "max": 4992.32519531,
        "mean": 1521.54626465,
        "min": 374.027618408,
        "stdev": 551.747253418
    },
    "spectral_complexity": {
        "max": 54,
        "mean": 24.7981910706,
        "min": 0,
        "stdev": 8.13758659363
    },
    "spectral_decrease": {
        "max": -3.44658988849e-11,
        "mean": -5.92999116478e-09,
        "min": -3.71615591632e-08,
        "stdev": 3.44686656994e-09
    },
    "spectral_energy": {
        "max": 0.144630074501,
        "mean": 0.0250480044633,
        "min": 0.000155087254825,
        "stdev": 0.0141464108601
    },
    "spectral_energyband_high": {
        "max": 0.0325586386025,
        "mean": 0.00137737195473,
        "min": 6.08037817074e-06,
        "stdev": 0.00248608947732
    },
    "spectral_energyband_low": {
        "max": 0.0879209637642,
        "mean": 0.00381085206755,
        "min": 7.70727183408e-06,
        "stdev": 0.00583921326324
    },
    "spectral_energyband_middle_high": {
        "max": 0.0856270119548,
        "mean": 0.00833606533706,
        "min": 9.55431969487e-05,
        "stdev": 0.00687393732369
    },
    "spectral_energyband_middle_low": {
        "max": 0.0985040441155,
        "mean": 0.012549540028,
        "min": 4.08621453971e-05,
        "stdev": 0.00967014394701
    },
    "spectral_entropy": {
        "max": 8.68757247925,
        "mean": 7.71734237671,
        "min": 6.59176778793,
        "stdev": 0.3343937397
    },
    "spectral_flux": {
        "max": 0.314331918955,
        "mean": 0.0906033441424,
        "min": 0.024785252288,
        "stdev": 0.039392683655
    },
    "spectral_kurtosis": {
        "max": 24.5413093567,
        "mean": 4.11478471756,
        "min": -1.2491080761,
        "stdev": 2.50233435631
    },
    "spectral_rms": {
        "max": 0.0118786580861,
        "mean": 0.00478162197396,
        "min": 0.000388978951378,
        "stdev": 0.00125427765306
    },
    "spectral_rolloff": {
        "max": 11218.7988281,
        "mean": 2149.8894043,
        "min": 193.798828125,
        "stdev": 1758.92944336
    },
    "spectral_skewness": {
        "max": 3.71581506729,
        "mean": 1.52591061592,
        "min": -0.195123851299,
        "stdev": 0.382801711559
    },
    "spectral_spread": {
        "max": 13069243,
        "mean": 4719729.5,
        "min": 1711554.5,
        "stdev": 1784337.25
    },
    "spectral_strongpeak": {
        "max": 12.817820549,
        "mean": 1.16315960884,
        "min": 0.0381675921381,
        "stdev": 1.31100296974
    },
    "zerocrossingrate": {
        "max": 0.353515625,
        "mean": 0.0809336081147,
        "min": 0.017578125,
        "stdev": 0.0433857366443
    },
    "barkbands": {
        "max": [0.000649282243103, 0.0246838144958, 0.0615156851709, 0.0447555482388, 0.0652055889368, 0.0296635758132, 0.0235541239381, 0.0361123904586, 0.0615164153278, 0.0800899714231, 0.021978598088, 0.0178629457951, 0.0217981263995, 0.0190752726048, 0.0146910408512, 0.015190766193, 0.00874588731676, 0.00679651647806, 0.0117102740332, 0.00531037244946, 0.00418792665005, 0.0198663361371, 0.00726090511307, 0.0186703223735, 0.00792367663234, 0.00372729147784, 7.00248801877e-06],
        "mean": [4.34075882367e-05, 0.00102026748937, 0.00195017980877, 0.00157570757437, 0.00369452359155, 0.00219896435738, 0.00160586228594, 0.00143710593693, 0.00161070481408, 0.00207444280386, 0.000858209037688, 0.000938881305046, 0.00075297569856, 0.000773772306275, 0.00100110704079, 0.000425331207225, 0.000550642900635, 0.000530221499503, 0.000404110818636, 0.000375453266315, 0.000160918469192, 0.000209976889892, 0.000216606233153, 0.000274117424851, 0.000224360977882, 0.000140151561936, 3.17445660869e-08],
        "min": [9.14592046541e-09, 3.69539520761e-06, 1.71608803612e-06, 1.18786692838e-06, 5.64435276829e-06, 1.23344182157e-06, 5.13851091455e-06, 1.33723760882e-05, 9.32976854529e-06, 8.09864377516e-06, 2.46552895078e-06, 1.2888931451e-05, 5.12145561515e-06, 3.29804606736e-06, 3.12510883305e-06, 6.1444743551e-06, 5.62342347621e-06, 3.07765776597e-06, 4.25101575274e-07, 7.71518784859e-07, 1.39651137943e-06, 9.05022034203e-07, 4.01751890422e-07, 6.26446876595e-07, 2.46915902835e-07, 4.0317374439e-11, 1.3196344191e-11],
        "stdev": [5.47449926671e-05, 0.00145920785144, 0.00352569716051, 0.00252832379192, 0.00451351050287, 0.00285352743231, 0.00194707023911, 0.00275568454526, 0.0031919979956, 0.00390331656672, 0.00181062938645, 0.00138438341673, 0.00115878228098, 0.00119655393064, 0.00127199059352, 0.00101319537498, 0.000663282582536, 0.000555287697352, 0.000578052829951, 0.00052811705973, 0.000263793801423, 0.00071721104905, 0.00042922529974, 0.000927399436478, 0.000559271953534, 0.000367929314962, 2.18667850049e-07]
    },
    "erbbands": {
        "max": [0.303755700588, 7.06069850922, 59.0348510742, 120.505645752, 158.145095825, 310.381164551, 304.464538574, 229.698730469, 381.0105896, 432.20513916, 954.942260742, 1755.11169434, 2490.95092773, 1984.76245117, 796.431762695, 654.61340332, 852.989318848, 1183.48608398, 898.305969238, 874.306945801, 446.311218262, 426.395996094, 271.301818848, 395.735839844, 784.976257324, 285.878173828, 121.752006531, 311.487701416, 532.572998047, 565.152160645, 139.064620972, 262.022766113, 382.495269775, 126.217048645, 51.3922920227, 24.3022823334, 6.90182256699, 0.278505980968, 0.00611800374463, 0.000634677882772],
        "mean": [0.0160645172, 0.3001537323, 1.93180418015, 4.17061948776, 8.60746574402, 11.7951097488, 19.2172470093, 15.8846158981, 22.2779254913, 23.6155910492, 35.1053657532, 37.828704834, 44.2742385864, 68.4362716675, 38.1282844543, 39.718132019, 35.8149032593, 42.7280502319, 59.8433494568, 30.2541408539, 23.29337883, 25.2138671875, 26.322561264, 26.7967529297, 22.7141609192, 19.0710964203, 8.26791095734, 6.02864408493, 6.76272249222, 7.49167776108, 6.12666845322, 5.52696800232, 4.57523107529, 2.84269237518, 1.43063938618, 0.865112304688, 0.230182677507, 0.00736066838726, 0.000216940228711, 4.78906404169e-05],
        "min": [2.95495992759e-05, 0.00077102042269, 0.00194651214406, 0.00398955401033, 0.0122290290892, 0.0212892703712, 0.0104576135054, 0.0133085865527, 0.0554581061006, 0.146295964718, 0.348624736071, 0.3104801476, 0.137127712369, 0.591276824474, 0.502622544765, 0.432317048311, 0.271087139845, 0.182493075728, 0.208965465426, 0.317441225052, 0.402033120394, 0.343584060669, 0.235356688499, 0.0579035803676, 0.0213571041822, 0.0443977452815, 0.0363881997764, 0.0490126758814, 0.0244656484574, 0.0156049532816, 0.011796830222, 0.0139296837151, 0.00666381372139, 0.00219835224561, 0.0012995734578, 6.27139015705e-05, 5.78011440666e-06, 1.08669917154e-06, 1.92075617633e-06, 6.14136126842e-07],
        "stdev": [0.0204872172326, 0.436364620924, 3.20556783676, 7.0349354744, 13.2323083878, 15.5843753815, 24.4637947083, 22.9193954468, 27.5997543335, 33.5600090027, 64.5319747925, 80.8026046753, 94.5817565918, 121.310035706, 66.3703460693, 52.0687065125, 51.4760894775, 65.4945907593, 76.5198287964, 46.0284538269, 37.4193229675, 29.1068630219, 24.3836650848, 29.1426963806, 34.4819755554, 26.6231079102, 12.3917808533, 12.47660923, 20.4355449677, 23.9779453278, 11.7342796326, 14.2374830246, 17.5334014893, 8.59833717346, 3.25416994095, 2.07397556305, 0.685380876064, 0.0224950183183, 0.000562269124202, 5.02217844769e-05]
    },
    "gfcc": {
        "mean": [28.6571788788, 91.584197998, -135.994918823, 29.8714542389, -69.1361541748, 17.5998916626, -50.1198120117, 10.7656784058, -31.3170261383, -3.21530270576, -13.0410842896, -6.23171758652, -9.97789478302],
        "cov": [[1844.24987793, -1241.38146973, 434.4637146, -106.829742432, -118.564971924, 69.4121398926, -93.3055877686, 140.584197998, -237.272247314, 209.640884399, -236.641036987, 223.726867676, -220.476455688], [-1241.38146973, 1397.85314941, -556.96673584, 61.577507019, 168.05116272, -134.664428711, 116.697113037, -132.555587769, 231.841278076, -246.011581421, 256.620635986, -225.637710571, 196.575637817], [434.4637146, -556.96673584, 810.951965332, 78.0680847168, 27.5832595825, 90.700340271, -95.4031906128, 84.3626403809, -117.789222717, 145.161514282, -227.836166382, 136.60017395, -179.512542725], [-106.829742432, 61.577507019, 78.0680847168, 257.955078125, 25.4274482727, 13.1563835144, 0.75760447979, -32.8086280823, 41.6707420349, -15.8323583603, 0.946944117546, -46.3208618164, 32.5346450806], [-118.564971924, 168.05116272, 27.5832595825, 25.4274482727, 294.405578613, 0.0337265469134, -12.1406726837, 9.27792835236, -18.592048645, 19.7859458923, -20.9790706635, 11.4529190063, -9.8558921814], [69.4121398926, -134.664428711, 90.700340271, 13.1563835144, 0.0337265469134, 154.951400757, 42.6106185913, 5.93329143524, -27.9874572754, 13.2743940353, -24.0108890533, 1.02642560005, -20.7808208466], [-93.3055877686, 116.697113037, -95.4031906128, 0.75760447979, -12.1406726837, 42.6106185913, 146.082717896, 4.92770671844, 2.04251217842, -33.530330658, 30.9322624207, -34.2141723633, 15.5557756424], [140.584197998, -132.555587769, 84.3626403809, -32.8086280823, 9.27792835236, 5.93329143524, 4.92770671844, 106.601333618, -16.0007839203, 26.5930461884, -36.6668891907, 20.0895671844, -41.9842605591], [-237.272247314, 231.841278076, -117.789222717, 41.6707420349, -18.592048645, -27.9874572754, 2.04251217842, -16.0007839203, 120.623535156, -40.2138175964, 54.9146728516, -60.0998306274, 44.6568031311], [209.640884399, -246.011581421, 145.161514282, -15.8323583603, 19.7859458923, 13.2743940353, -33.530330658, 26.5930461884, -40.2138175964, 117.237792969, -52.9516067505, 57.0768814087, -52.1859970093], [-236.641036987, 256.620635986, -227.836166382, 0.946944117546, -20.9790706635, -24.0108890533, 30.9322624207, -36.6668891907, 54.9146728516, -52.9516067505, 139.984298706, -51.11170578, 63.9088554382], [223.726867676, -225.637710571, 136.60017395, -46.3208618164, 11.4529190063, 1.02642560005, -34.2141723633, 20.0895671844, -60.0998306274, 57.0768814087, -51.11170578, 121.131874084, -39.3776931763], [-220.476455688, 196.575637817, -179.512542725, 32.5346450806, -9.8558921814, -20.7808208466, 15.5557756424, -41.9842605591, 44.6568031311, -52.1859970093, 63.9088554382, -39.3776931763, 109.801116943]],
        "icov": [[0.00153759762179, 0.00131804437842, 0.000450966530479, -0.000132886314532, -9.04998232727e-05, 0.000488299818244, -0.000111228750029, -0.000181306604645, 0.000404794467613, 0.00043369884952, 0.000223376773647, -0.000430159270763, 0.00129235023633], [0.00131804437842, 0.00507012056187, -0.000865302688908, 0.00146715715528, -0.00345974997617, 0.00329745421186, -0.00285690557212, 0.00269671948627, -0.00378563068807, 0.00444719567895, -0.00294705387205, 0.00226035527885, -0.000351167982444], [0.000450966530479, -0.000865302688908, 0.00447200005874, -0.00268705631606, 0.0014179374557, -0.00220726034604, 0.00233200192451, -0.00180726929102, 0.00182904780377, -0.00163485249504, 0.00415746215731, -0.00284602050669, 0.00428881449625], [-0.000132886314532, 0.00146715715528, -0.00268705631606, 0.00651932833716, -0.00203360291198, 0.00127685500775, -0.00176801381167, 0.00284692575224, -0.00326970312744, 0.00138512707781, -0.00147500750609, 0.00361934863031, -0.00367540540174], [-9.04998232727e-05, -0.00345974997617, 0.0014179374557, -0.00203360291198, 0.0064645037055, -0.00248317047954, 0.00267978128977, -0.00281814998016, 0.00415091123432, -0.00395369855687, 0.00312476488762, -0.002336245263, 0.0013621582184], [0.000488299818244, 0.00329745421186, -0.00220726034604, 0.00127685500775, -0.00248317047954, 0.0106042725965, -0.00524799246341, 0.00282819196582, -0.00162497861311, 0.0024479306303, -0.00229814299382, 0.00315440888517, -0.00100770045538], [-0.000111228750029, -0.00285690557212, 0.00233200192451, -0.00176801381167, 0.00267978128977, -0.00524799246341, 0.0114588839933, -0.00392615934834, 0.00454181991518, -0.00125013419893, 0.00146397051867, -0.000695444061421, 0.00180760479998], [-0.000181306604645, 0.00269671948627, -0.00180726929102, 0.00284692575224, -0.00281814998016, 0.00282819196582, -0.00392615934834, 0.0141928084195, -0.00446328707039, 0.00204224768095, -0.000861591601279, 0.00215878756717, 0.00133674091194], [0.000404794467613, -0.00378563068807, 0.00182904780377, -0.00326970312744, 0.00415091123432, -0.00162497861311, 0.00454181991518, -0.00446328707039, 0.0179712437093, -0.00371198146604, 0.000792327802628, 0.00163477787282, 0.000316158111673], [0.00043369884952, 0.00444719567895, -0.00163485249504, 0.00138512707781, -0.00395369855687, 0.0024479306303, -0.00125013419893, 0.00204224768095, -0.00371198146604, 0.0178959425539, -0.00256174313836, -0.00119750935119, 0.00196907389909], [0.000223376773647, -0.00294705387205, 0.00415746215731, -0.00147500750609, 0.00312476488762, -0.00229814299382, 0.00146397051867, -0.000861591601279, 0.000792327802628, -0.00256174313836, 0.0172173958272, -0.00201428472064, -1.6070491256e-05], [-0.000430159270763, 0.00226035527885, -0.00284602050669, 0.00361934863031, -0.002336245263, 0.00315440888517, -0.000695444061421, 0.00215878756717, 0.00163477787282, -0.00119750935119, -0.00201428472064, 0.0169430542737, -0.00330990110524], [0.00129235023633, -0.000351167982444, 0.00428881449625, -0.00367540540174, 0.0013621582184, -0.00100770045538, 0.00180760479998, 0.00133674091194, 0.000316158111673, 0.00196907389909, -1.6070491256e-05, -0.00330990110524, 0.0202480275184]]
    },
    "melbands": {
        "max": [0.00469442363828, 0.0224603563547, 0.0192157663405, 0.0119017371908, 0.0117918876931, 0.00534266931936, 0.00555390119553, 0.00480028940365, 0.00815813057125, 0.0113904541358, 0.0131278345361, 0.00872115138918, 0.00321253528818, 0.00242565781809, 0.0029348009266, 0.00149378029164, 0.00202714675106, 0.00132572231814, 0.000956223753747, 0.00157761399169, 0.000415742950281, 0.000607936875895, 0.000295201898552, 0.000325089582475, 0.000368277018424, 0.000624639797024, 0.000278070016066, 0.000160549607244, 0.000120173797768, 8.52410012158e-05, 0.000226750707952, 0.000294164085062, 0.000410926237237, 0.000283880974166, 9.0688256023e-05, 0.000107221523649, 0.000223720169743, 0.000301157211652, 0.000205666918191, 8.73346871231e-05],
        "mean": [0.000213515595533, 0.000808676879387, 0.000840402441099, 0.000758182024583, 0.000636872078758, 0.000367712927982, 0.000342065759469, 0.000267563533271, 0.000283117522486, 0.000233051454416, 0.00022091154824, 0.000287552073132, 0.000128509986098, 0.000112574605737, 8.31381767057e-05, 7.79271504143e-05, 7.51557163312e-05, 9.33330375119e-05, 5.21561341884e-05, 3.51605413016e-05, 2.63097335846e-05, 2.39622895606e-05, 2.96163070743e-05, 2.60181222984e-05, 2.07273023989e-05, 1.6455855075e-05, 1.51820277097e-05, 1.17047002277e-05, 5.4556185205e-06, 3.66425479115e-06, 3.41438226314e-06, 3.55679208042e-06, 4.53928714705e-06, 3.92995434595e-06, 3.40225346918e-06, 3.5684724935e-06, 3.29847603098e-06, 3.21096172229e-06, 3.0368832995e-06, 2.16082685256e-06],
        "min": [6.33984825527e-07, 1.01635475858e-06, 9.15079340302e-07, 1.27099713154e-06, 4.98230406265e-07, 3.06377103243e-07, 8.95981315807e-07, 1.86819443115e-06, 3.01824184135e-06, 1.38674658956e-06, 6.00070052315e-07, 2.07556172427e-06, 1.18386947179e-06, 1.13398562007e-06, 4.154038038e-07, 6.35508683899e-07, 2.19499426635e-07, 3.86359090498e-07, 2.24976560048e-07, 4.88167074764e-07, 2.67475030569e-07, 3.33231270133e-07, 1.45769021742e-07, 1.71214864508e-07, 3.16207255935e-08, 1.57942512402e-08, 1.40017153427e-08, 3.21162225703e-08, 2.08441921501e-08, 2.47249722918e-08, 4.43528413996e-09, 1.37079529949e-08, 4.90007456833e-09, 8.93595952789e-09, 6.85987888716e-09, 4.59607463199e-09, 8.19803336327e-09, 4.20850865268e-09, 1.63473223846e-09, 1.66608682406e-09],
        "stdev": [0.000290082010906, 0.00128627801314, 0.00123397435527, 0.00101965793874, 0.000800079433247, 0.000511275662575, 0.000414602545789, 0.00041033650632, 0.000516552769113, 0.000501560920384, 0.000488529040013, 0.000521309790201, 0.000250060984399, 0.000170760831679, 0.000135449925438, 0.000111207751615, 0.000122745463159, 0.000120775046526, 6.4226485847e-05, 9.43499035202e-05, 4.017500396e-05, 3.51127637259e-05, 3.05317698803e-05, 2.80640979327e-05, 2.42196674662e-05, 2.59346234088e-05, 2.3352651624e-05, 1.75207078428e-05, 9.24930373003e-06, 6.00855264565e-06, 8.18097942101e-06, 1.02177646113e-05, 1.73332045961e-05, 1.14323001981e-05, 6.61696640236e-06, 7.34882496545e-06, 9.98463656288e-06, 1.34077463372e-05, 1.05479448393e-05, 6.53964707453e-06]
    },
    "melbands128": {
        "max": [0.000464781071059, 0.00160098273773, 0.00579347414896, 0.0141413994133, 0.0288818627596, 0.0291612446308, 0.0275616422296, 0.0190911013633, 0.0220547616482, 0.0217551644892, 0.0210857205093, 0.0239165108651, 0.0140660852194, 0.00887209270149, 0.00576068460941, 0.00612893560901, 0.00634682131931, 0.0100727695972, 0.00688094925135, 0.00803309120238, 0.00966563075781, 0.0126122338697, 0.0113722328097, 0.0116586387157, 0.01605649665, 0.0145926177502, 0.0061203208752, 0.0198178719729, 0.0214692670852, 0.0167828146368, 0.00834358204156, 0.00479721883312, 0.00582503434271, 0.00400642305613, 0.0036043797154, 0.00268032518215, 0.00353606184945, 0.00363231613301, 0.00576226273552, 0.00164159596898, 0.00180720083881, 0.00582405691966, 0.00272533600219, 0.00273224036209, 0.00284105259925, 0.00193933933042, 0.0027931635268, 0.00211657094769, 0.00122950866353, 0.00242680450901, 0.00331649323925, 0.001004919759, 0.000756823108532, 0.00109942327254, 0.00181985425297, 0.000876278849319, 0.000635324628092, 0.000731602602173, 0.000490629114211, 0.000333924137522, 0.000663441373035, 0.000698656018358, 0.000506682961714, 0.000440037634689, 0.000949705136009, 0.000446429417934, 0.00155686296057, 0.000485802214826, 0.000496328924783, 0.000640556449071, 0.000279881409369, 0.000279635947663, 0.000318292179145, 0.00015352491755, 9.76145165623e-05, 8.05891686468e-05, 0.000127644976601, 0.000146113918163, 0.000172233063495, 0.000394257280277, 0.000351540365955, 0.000242747497396, 0.000375123228878, 0.000557335850317, 0.000602176587563, 0.000324084452586, 0.000303529639496, 0.000181015988346, 6.18839039817e-05, 0.000153268512804, 9.89583131741e-05, 0.000148640931002, 0.000115029019071, 0.000267880881438, 0.000316001794999, 0.000403066485887, 0.0002639501472, 0.000325834233081, 0.000289787887596, 0.000151949148858, 0.000135979382321, 0.000120095988677, 7.82573624747e-05, 6.01514948357e-05, 5.11874532094e-05, 6.4528445364e-05, 6.94916379871e-05, 3.52891656803e-05, 5.97368598392e-05, 4.40041440015e-05, 6.8519540946e-05, 3.44970794686e-05, 3.71391688532e-05, 1.47269220179e-05, 1.55553311743e-06, 5.40687494777e-07, 2.33169231478e-07, 5.78175463062e-09, 6.54556231439e-09, 5.79074299623e-09, 6.03524563658e-09, 5.68084201902e-09, 6.3733733846e-09, 4.94958518615e-09, 4.48305081946e-09, 1.41214351324e-09, 2.13660325543e-10, 1.86298018678e-10],
        "mean": [2.79908726952e-05, 8.49575808388e-05, 0.000245417788392, 0.000539918488357, 0.000917863508221, 0.000948935106862, 0.000838526815642, 0.000773654377554, 0.00088839000091, 0.000852752709761, 0.000585617846809, 0.000619445228949, 0.000758697104175, 0.000517615873832, 0.000335846241796, 0.000310912553687, 0.000294870784273, 0.000426158192568, 0.000277293234831, 0.000251781690167, 0.0002430681634, 0.000359912606655, 0.000266446644673, 0.000233505503275, 0.000280559062958, 0.000189801052329, 0.000232417296502, 0.000205893971724, 0.00018698493659, 0.000437443901319, 0.000259475229541, 0.000125448059407, 0.000158815731993, 8.25741080916e-05, 0.000113578789751, 0.000129325766466, 0.000109596338007, 5.25324940099e-05, 0.000103470432805, 7.19225572539e-05, 5.0871502026e-05, 0.000120098295156, 7.8400298662e-05, 5.48858588445e-05, 5.29445569555e-05, 0.000112947978778, 0.000141278578667, 2.60519791482e-05, 2.98524082609e-05, 4.55377739854e-05, 3.77004689653e-05, 2.20487836486e-05, 2.50821667578e-05, 2.93189477816e-05, 2.86341928586e-05, 1.46804904944e-05, 2.02141163754e-05, 5.71045202378e-05, 1.73550706677e-05, 1.34973288368e-05, 2.59119988186e-05, 3.63261860912e-05, 2.86895246973e-05, 1.32125023811e-05, 1.38659825097e-05, 1.49254174175e-05, 2.12152426684e-05, 1.44847281263e-05, 1.17761364891e-05, 1.88329831872e-05, 1.33280182126e-05, 7.52557571104e-06, 6.52088692732e-06, 5.29718590769e-06, 3.8674274947e-06, 3.83020096706e-06, 3.47604850504e-06, 3.26474787471e-06, 3.37663050232e-06, 3.59914224646e-06, 3.49072297468e-06, 3.3247497413e-06, 4.16656712332e-06, 4.83006169816e-06, 4.78148558614e-06, 4.18987610828e-06, 3.63705817108e-06, 3.40050269187e-06, 3.22031132782e-06, 3.64692573385e-06, 3.47037780557e-06, 3.66466815649e-06, 3.4163381315e-06, 3.32895569954e-06, 3.09594634018e-06, 3.42522321262e-06, 3.06660672322e-06, 3.15253259942e-06, 3.36443144988e-06, 2.73754540103e-06, 2.67845553026e-06, 2.08421738535e-06, 1.54779468176e-06, 1.28220040096e-06, 1.74475553649e-06, 1.61622028827e-06, 1.66647748756e-06, 1.24828329717e-06, 1.6806950498e-06, 1.55904501753e-06, 1.47856565036e-06, 9.08841968794e-07, 8.01530632089e-07, 2.80518406726e-07, 1.14944498364e-08, 5.06021491375e-09, 1.27749688605e-09, 1.35780154481e-11, 1.02795350357e-11, 9.56834091126e-12, 8.86234922254e-12, 8.41965559772e-12, 8.71673913605e-12, 7.93406052663e-12, 6.85112036547e-12, 4.3221927773e-12, 3.33825220071e-12, 3.16229160913e-12],
        "min": [4.06908240436e-09, 7.53128617248e-08, 2.19027185722e-07, 4.77810658595e-07, 1.04149671643e-06, 8.1327124235e-07, 2.78228242223e-07, 8.53699930303e-07, 1.23953714137e-06, 1.10728103664e-06, 9.41739074278e-07, 7.85158817962e-07, 3.16713851589e-07, 8.52522603623e-08, 1.84603109687e-07, 3.94246256974e-07, 5.19156401424e-07, 9.52080995376e-07, 8.41058863443e-07, 4.88829016376e-07, 5.54839971301e-07, 8.86312477633e-07, 1.39043447689e-06, 4.64937556899e-07, 1.97217588038e-07, 3.05259845845e-07, 5.84581187013e-07, 3.79743369194e-07, 6.20032267307e-07, 4.24980896696e-07, 3.37463234246e-07, 1.50950256739e-07, 2.40850710043e-07, 1.12330340585e-07, 2.60956937836e-07, 7.09845437541e-07, 1.42441777484e-07, 1.0742854073e-07, 1.22478098774e-07, 2.03976526336e-07, 4.81016115828e-08, 1.02136077373e-07, 7.84850584523e-08, 3.26915198912e-07, 6.24269986815e-08, 8.60908357936e-08, 1.81249788511e-07, 4.06470910264e-08, 1.82506269653e-07, 9.71204983102e-08, 3.59132883432e-08, 1.87167970012e-07, 2.53507295156e-07, 1.26365691244e-07, 6.9580707418e-08, 5.81811541167e-08, 1.2622679435e-07, 5.69554821084e-08, 1.12134003416e-07, 8.3243634208e-08, 7.56149418635e-08, 5.7541374332e-08, 2.4993742187e-08, 1.03857331624e-08, 1.57212891594e-08, 1.57964770153e-08, 2.10351434049e-08, 4.19646850602e-09, 6.96436819325e-09, 2.67627413564e-08, 1.75931909041e-08, 1.12436575606e-08, 6.6540062349e-09, 2.35335839704e-09, 1.1305163472e-09, 2.31786074778e-08, 5.4066391364e-09, 2.31355867797e-09, 8.81580641821e-10, 1.73468728271e-09, 6.48460307673e-09, 1.72796299491e-09, 9.66588808993e-10, 1.39636058272e-09, 1.01129993269e-08, 9.45484224246e-09, 5.23353493875e-09, 3.29697047441e-09, 2.10786876842e-09, 1.89532098349e-10, 3.62220115013e-10, 3.02950375897e-09, 2.96383317888e-09, 2.31910868287e-09, 2.8826246945e-10, 2.32368679853e-09, 1.05020958596e-09, 7.90404575124e-10, 6.08873784724e-10, 7.10371039769e-10, 2.34453428893e-10, 1.62870949366e-11, 3.51801747456e-12, 2.31247573174e-11, 1.1036418307e-11, 3.5060884751e-10, 1.63001730169e-11, 8.74039393379e-13, 1.09677268352e-13, 4.7411317358e-14, 5.47467514302e-14, 4.39301915157e-14, 4.26399299441e-14, 5.31726389536e-14, 4.08254871153e-14, 4.92062343833e-14, 4.25402782119e-14, 3.85776378561e-14, 3.26612617973e-14, 3.52991629524e-14, 4.47305021256e-14, 4.15931158059e-14, 3.45156507e-14, 3.57603554516e-14, 2.51027327993e-14, 1.25488625703e-14, 1.60448601935e-15, 7.72062259616e-17],
        "stdev": [3.49027395714e-05, 0.000114230169856, 0.000384271814255, 0.000831270241179, 0.0014658307191, 0.00182607653551, 0.00160344666801, 0.00119320524391, 0.00161041121464, 0.00143639184535, 0.000922145380173, 0.00106181926094, 0.00105125864502, 0.000825404480565, 0.00060923746787, 0.000568763643969, 0.000458745198557, 0.000650472939014, 0.000441430369392, 0.000491064216476, 0.000621397572104, 0.000843967194669, 0.000650340633001, 0.000608277565334, 0.000809169432614, 0.000575359968934, 0.000541913264897, 0.000717551913112, 0.000701316690538, 0.000839023443405, 0.000639509991743, 0.00031006327481, 0.000387969281292, 0.000237205560552, 0.000283193920041, 0.000208771220059, 0.000181982512004, 0.000164143290021, 0.000230458099395, 0.000138594143209, 0.000112234440167, 0.000259305990767, 0.000179038441274, 0.000116996045108, 0.000131237116875, 0.000171018531546, 0.000224867471843, 7.51440238673e-05, 4.94227460877e-05, 9.72793932306e-05, 0.000176402769284, 6.39910722384e-05, 4.6764867875e-05, 5.76984057261e-05, 8.00982452347e-05, 3.79263474315e-05, 2.9406764952e-05, 7.04895865056e-05, 2.61520472122e-05, 2.258121458e-05, 3.87139953091e-05, 4.85001146444e-05, 4.18082090619e-05, 2.05027681659e-05, 3.53920186171e-05, 2.54367205343e-05, 5.03728442709e-05, 3.44694453815e-05, 2.66056431428e-05, 3.34864635079e-05, 2.39697819779e-05, 1.74124434125e-05, 1.49496690938e-05, 9.93982575892e-06, 7.25344534658e-06, 6.73200929668e-06, 6.75485762258e-06, 7.00848841007e-06, 8.26840914669e-06, 1.14948625196e-05, 1.0954316167e-05, 9.51685251493e-06, 1.43188881339e-05, 2.08186702366e-05, 2.01450839086e-05, 1.33332259793e-05, 1.01462064777e-05, 8.03660805104e-06, 6.42508075543e-06, 8.11203881312e-06, 7.29728935767e-06, 8.4862285803e-06, 8.31711804494e-06, 1.02735320979e-05, 1.19742599054e-05, 1.64721059264e-05, 1.27217545014e-05, 1.32610921355e-05, 1.32305585794e-05, 9.07816229301e-06, 8.61344960867e-06, 6.8820722845e-06, 4.79289201394e-06, 3.28900569002e-06, 4.25936468673e-06, 3.90265267924e-06, 4.15200929638e-06, 3.01465843222e-06, 4.33210880146e-06, 4.02418390877e-06, 4.54771043223e-06, 2.82538053398e-06, 2.92820391223e-06, 1.01337013803e-06, 6.15457693698e-08, 2.63923602972e-08, 8.12685829743e-09, 1.75377254386e-10, 1.55001372848e-10, 1.38447101006e-10, 1.38837094599e-10, 1.30614297156e-10, 1.46088016684e-10, 1.17646309361e-10, 1.0224569108e-10, 3.28150770446e-11, 8.06971503509e-12, 6.47825890154e-12]
    },
    "mfcc": {
        "mean": [-604.383544922, 115.692718506, -8.8709154129, 10.6523199081, 3.372787714, -3.04862427711, -1.73949420452, 2.4271030426, -10.1647167206, 1.6669344902, -3.35380196571, -6.6082906723, -4.9569735527],
        "cov": [[1545.35070801, -804.032897949, 112.434104919, -127.669242859, -130.265930176, -44.6590080261, 24.7044734955, -17.9559764862, -39.6147270203, 6.16780138016, -33.2610969543, -33.7099990845, 8.5555896759], [-804.032897949, 951.389587402, -380.302703857, 64.7415084839, 79.0128860474, -36.8700637817, -17.7714385986, 45.0122795105, -23.7952213287, -4.77966356277, 23.3043060303, 23.0388298035, -5.2535367012], [112.434104919, -380.302703857, 597.025268555, 40.9747047424, 5.29733800888, 64.6759033203, -24.0205669403, 2.3489420414, 47.6913146973, -10.4070806503, 17.7242031097, 22.9973297119, -26.3088798523], [-127.669242859, 64.7415084839, 40.9747047424, 238.811828613, 87.4917755127, 26.6513786316, -25.7898616791, -10.4819755554, 27.2241153717, 4.97807407379, -23.7770633698, 3.82274317741, 26.9905834198], [-130.265930176, 79.0128860474, 5.29733800888, 87.4917755127, 233.308395386, 30.977771759, -11.1726932526, -13.9026985168, 26.2248001099, -10.0233545303, -0.85527163744, 1.64295375347, 11.2986764908], [-44.6590080261, -36.8700637817, 64.6759033203, 26.6513786316, 30.977771759, 150.619247437, 36.9552001953, -2.01269173622, 22.2654838562, -15.5993995667, 3.71260619164, 2.64623856544, -5.68688297272], [24.7044734955, -17.7714385986, -24.0205669403, -25.7898616791, -11.1726932526, 36.9552001953, 140.983551025, 27.5006408691, 6.72977685928, 8.04951763153, 9.33051109314, -14.4224271774, 5.63807249069], [-17.9559764862, 45.0122795105, 2.3489420414, -10.4819755554, -13.9026985168, -2.01269173622, 27.5006408691, 88.6864700317, 8.62731838226, 4.43637180328, 12.761677742, -1.90351486206, -11.0031023026], [-39.6147270203, -23.7952213287, 47.6913146973, 27.2241153717, 26.2248001099, 22.2654838562, 6.72977685928, 8.62731838226, 80.6560668945, 11.3668642044, -4.23843431473, -0.841446876526, -0.0865166932344], [6.16780138016, -4.77966356277, -10.4070806503, 4.97807407379, -10.0233545303, -15.5993995667, 8.04951763153, 4.43637180328, 11.3668642044, 84.5972976685, 11.3170442581, -11.0078783035, 0.879067182541], [-33.2610969543, 23.3043060303, 17.7242031097, -23.7770633698, -0.85527163744, 3.71260619164, 9.33051109314, 12.761677742, -4.23843431473, 11.3170442581, 73.0376739502, 12.1325826645, -11.9666433334], [-33.7099990845, 23.0388298035, 22.9973297119, 3.82274317741, 1.64295375347, 2.64623856544, -14.4224271774, -1.90351486206, -0.841446876526, -11.0078783035, 12.1325826645, 65.4756622314, 8.95960903168], [8.5555896759, -5.2535367012, -26.3088798523, 26.9905834198, 11.2986764908, -5.68688297272, 5.63807249069, -11.0031023026, -0.0865166932344, 0.879067182541, -11.9666433334, 8.95960903168, 61.0599975586]],
        "icov": [[0.00139789946843, 0.001443880843, 0.000555560050998, 9.59765311563e-05, 8.06170792202e-05, 0.000391913519707, -4.65994980914e-06, -0.000515706546139, 0.000679906632286, 2.32285874517e-05, 0.00020759383915, -6.31560906186e-05, 0.000104971935798], [0.001443880843, 0.0032407680992, 0.00183896406088, -0.000618361344095, -0.000367559638107, 0.00048061623238, 0.000341141945682, -0.00154862261843, 0.000840533350129, 0.000249416887527, -0.000491028069519, -0.000978493015282, 0.00098936771974], [0.000555560050998, 0.00183896406088, 0.0030847240705, -0.000806073890999, -5.64465835851e-06, -0.00050795415882, 0.000704023987055, -0.000894463446457, -0.000674743962009, 0.000413734058384, -0.000909218331799, -0.00122189125977, 0.00148753938265], [9.59765311563e-05, -0.000618361344095, -0.000806073890999, 0.00592964654788, -0.00160355621483, -0.000909215305001, 0.00107260502409, -1.34078882184e-05, -0.000729581806809, -0.00103427190334, 0.0018978335429, 0.000335987308063, -0.00258798361756], [8.06170792202e-05, -0.000367559638107, -5.64465835851e-06, -0.00160355621483, 0.00542312301695, -0.000643193081487, 0.000213485604036, 0.000946517975535, -0.00139709911309, 0.00090840406483, -0.000869948475156, 0.00059835833963, -0.000522437505424], [0.000391913519707, 0.00048061623238, -0.00050795415882, -0.000909215305001, -0.000643193081487, 0.00857860408723, -0.00287939421833, 0.00100627017673, -0.00137688033283, 0.00188100291416, -0.000444047327619, -0.000494637526572, 0.00149120308924], [-4.65994980914e-06, 0.000341141945682, 0.000704023987055, 0.00107260502409, 0.000213485604036, -0.00287939421833, 0.00923471525311, -0.0029849356506, -0.000343636085745, -0.000708147534169, -0.00107047939673, 0.00202053645626, -0.00233562081121], [-0.000515706546139, -0.00154862261843, -0.000894463446457, -1.34078882184e-05, 0.000946517975535, 0.00100627017673, -0.0029849356506, 0.0137215647846, -0.00208135810681, 0.000198476016521, -0.00147507584188, 0.000292877230095, 0.00188851740677], [0.000679906632286, 0.000840533350129, -0.000674743962009, -0.000729581806809, -0.00139709911309, -0.00137688033283, -0.000343636085745, -0.00208135810681, 0.0151767004281, -0.0026484047994, 0.00181823398452, -0.000334439682774, 0.000260823522694], [2.32285874517e-05, 0.000249416887527, 0.000413734058384, -0.00103427190334, 0.00090840406483, 0.00188100291416, -0.000708147534169, 0.000198476016521, -0.0026484047994, 0.0135827492923, -0.0032841314096, 0.00250978115946, -0.000449298735475], [0.00020759383915, -0.000491028069519, -0.000909218331799, 0.0018978335429, -0.000869948475156, -0.000444047327619, -0.00107047939673, -0.00147507584188, 0.00181823398452, -0.0032841314096, 0.0168434698135, -0.00374972610734, 0.0025517414324], [-6.31560906186e-05, -0.000978493015282, -0.00122189125977, 0.000335987308063, 0.00059835833963, -0.000494637526572, 0.00202053645626, 0.000292877230095, -0.000334439682774, 0.00250978115946, -0.00374972610734, 0.0181782264262, -0.00447977241129], [0.000104971935798, 0.00098936771974, 0.00148753938265, -0.00258798361756, -0.000522437505424, 0.00149120308924, -0.00233562081121, 0.00188851740677, 0.000260823522694, -0.000449298735475, 0.0025517414324, -0.00447977241129, 0.0201884657145]]
    },
    "spectral_contrast_coeffs": {
        "max": [-0.452057927847, -0.448753654957, -0.531064629555, -0.630408704281, -0.567621827126, -0.587760448456],
        "mean": [-0.694163203239, -0.769519090652, -0.75119137764, -0.777756631374, -0.765939712524, -0.774639070034],
        "min": [-0.852721452713, -0.919803857803, -0.91699141264, -0.889929234982, -0.874339818954, -0.860648274422],
        "stdev": [0.0643405392766, 0.0569232553244, 0.0549337416887, 0.040549941361, 0.0393972545862, 0.0353637635708]
    },
    "spectral_contrast_valleys": {
        "max": [-4.65917730331, -4.59399557114, -5.26399230957, -5.7661948204, -5.62486457825, -7.39249038696],
        "mean": [-6.51765537262, -6.25899553299, -6.88686609268, -7.14681625366, -7.25200414658, -9.84166431427],
        "min": [-8.97106933594, -7.88587522507, -8.57905864716, -8.94535732269, -9.62906074524, -12.5850896835],
        "stdev": [0.522456467152, 0.471476316452, 0.540262341499, 0.454477667809, 0.546073019505, 0.931586384773]
    }
},
"rhythm": {
    "beats_count": 103,
    "beats_loudness": {
        "max": 0.0854182243347,
        "mean": 0.03265113011,
        "min": 0.0110585717484,
        "stdev": 0.0129352211952
    },
    "bpm": 127.933815002,
    "bpm_histogram_first_peak_bpm": 129,
    "bpm_histogram_first_peak_weight": 0.422680437565,
    "bpm_histogram_second_peak_bpm": 117,
    "bpm_histogram_second_peak_spread": 0,
    "bpm_histogram_second_peak_weight": 0.0392156876624,
    "danceability": 1.4523485899,
    "onset_rate": 3.7119140625,
    "beats_loudness_band_ratio": {
        "max": [0.827679395676, 0.620512187481, 0.520008563995, 0.61537784338, 0.393829196692, 0.36538669467],
        "mean": [0.245147913694, 0.218665227294, 0.16013237834, 0.16813378036, 0.11040058732, 0.148343786597],
        "min": [0.0163230393082, 0.0338166542351, 0.0211598370224, 0.0128224417567, 0.00653667002916, 0.011954003945],
        "stdev": [0.186940938234, 0.122026227415, 0.102193213999, 0.111552931368, 0.0647679939866, 0.0966513156891]
    },
