{
"metadata": {
    "version": {
        "essentia": "2.1-beta5",
        "essentia_git_sha": "Undefined",
        "extractor": "music 2.0"
    },
    "audio_properties": {
        "analysis": {
            "equal_loudness": 0,
            "length": 34.8067131042,
            "sample_rate": 44100,
            "start_time": 158.987030029,
            "downmix": "mix"
        },
        "bit_rate": 192000,
        "length": 193.816955566,
        "lossless": 0,
        "number_channels": 2,
        "replay_gain": -12.1047763824,
        "sample_rate": 44100,
        "codec": "mp3",
        "md5_encoded": "f734d682795921286a2dde648f8626a4"
    },
    "tags": {
        "file_name": "Iceland_All Out Of Luck_Selma Björnsdóttir.mp3",
        "encoding": ["Lavf58.29.100"]
    }
},
"lowlevel": {
    "average_loudness": 0.972231805325,
    "barkbands_crest": {
        "max": 23.1109466553,
        "mean": 8.78348636627,
        "min": 2.53099226952,
        "stdev": 3.5911128521
    },
    "barkbands_flatness_db": {
        "max": 0.301321715117,
        "mean": 0.147006899118,
        "min": 0.0826293081045,
        "stdev": 0.0329337902367
    },
    "barkbands_kurtosis": {
        "max": 14.7798805237,
        "mean": 1.15285372734,
        "min": -1.48548996449,
        "stdev": 2.19597458839
    },
    "barkbands_skewness": {
        "max": 3.57220387459,
        "mean": 1.03928625584,
        "min": -1.42029666901,
        "stdev": 0.645401835442
    },
    "barkbands_spread": {
        "max": 68.1135177612,
        "mean": 25.9984397888,
        "min": 2.67173171043,
        "stdev": 12.004693985
    },
    "dissonance": {
        "max": 0.499993979931,
        "mean": 0.469746410847,
        "min": 0.213271051645,
        "stdev": 0.0248069539666
    },
    "dynamic_complexity": 1.84760153294,
    "erbbands_crest": {
        "max": 24.8955402374,
        "mean": 8.3953666687,
        "min": 2.46387910843,
        "stdev": 3.97673726082
    },
    "erbbands_flatness_db": {
        "max": 0.359867632389,
        "mean": 0.186569586396,
        "min": 0.111582517624,
        "stdev": 0.0477888472378
    },
    "erbbands_kurtosis": {
        "max": 10.5311727524,
        "mean": 0.103231832385,
        "min": -1.65154862404,
        "stdev": 1.36043548584
    },
    "erbbands_skewness": {
        "max": 2.53173089027,
        "mean": 0.511735737324,
        "min": -1.14559102058,
        "stdev": 0.551066815853
    },
    "erbbands_spread": {
        "max": 95.7132797241,
        "mean": 36.7380027771,
        "min": 4.78422021866,
        "stdev": 15.7891283035
    },
    "hfc": {
        "max": 99.3397827148,
        "mean": 29.394323349,
        "min": 2.96895194054,
        "stdev": 15.4520301819
    },
    "loudness_ebu128": {
        "integrated": -10.4484882355,
        "loudness_range": 2.98056030273,
        "momentary": {
            "max": -7.98662948608,
            "mean": -10.7083940506,
            "min": -16.6225891113,
            "stdev": 1.629956007
        },
        "short_term": {
            "max": -9.50953197479,
            "mean": -10.5333538055,
            "min": -13.818728447,
            "stdev": 1.10861837864
        }
    },
    "melbands_crest": {
        "max": 27.4743747711,
        "mean": 12.4351501465,
        "min": 3.31434130669,
        "stdev": 4.69775772095
    },
    "melbands_flatness_db": {
        "max": 0.302367985249,
        "mean": 0.137394294143,
        "min": 0.0473234988749,
        "stdev": 0.0389639697969
    },
    "melbands_kurtosis": {
        "max": 60.2514877319,
        "mean": 6.41399335861,
        "min": -1.1181602478,
        "stdev": 6.49673843384
    },
    "melbands_skewness": {
        "max": 7.21698045731,
        "mean": 1.92044389248,
        "min": -0.349642068148,
        "stdev": 0.982431769371
    },
    "melbands_spread": {
        "max": 93.536239624,
        "mean": 29.5168781281,
        "min": 4.88678073883,
        "stdev": 13.2740774155
    },
    "pitch_salience": {
        "max": 0.863130092621,
        "mean": 0.599299252033,
        "min": 0.178790733218,
        "stdev": 0.116971045732
    },
    "silence_rate_20dB": {
        "max": 1,
        "mean": 1,
        "min": 1,
        "stdev": 0
    },
    "silence_rate_30dB": {
        "max": 1,
        "mean": 0.998666644096,
        "min": 0,
        "stdev": 0.0364905633032
    },
    "silence_rate_60dB": {
        "max": 1,
        "mean": 0.00733333313838,
        "min": 0,
        "stdev": 0.0853204280138
    },
    "spectral_centroid": {
        "max": 3595.67651367,
        "mean": 1683.32519531,
        "min": 601.176025391,
        "stdev": 469.38873291
    },
    "spectral_complexity": {
        "max": 50,
        "mean": 26.8093338013,
        "min": 6,
        "stdev": 7.52593231201
    },
    "spectral_decrease": {
        "max": -4.04740463367e-10,
        "mean": -7.10254610681e-09,
        "min": -3.38843264558e-08,
        "stdev": 4.53962378799e-09
    },
    "spectral_energy": {
        "max": 0.136897668242,
        "mean": 0.0294729005545,
        "min": 0.00181537400931,
        "stdev": 0.0181764513254
    },
    "spectral_energyband_high": {
        "max": 0.00711266184226,
        "mean": 0.00142173620407,
        "min": 4.89226113132e-05,
        "stdev": 0.00119004154112
    },
    "spectral_energyband_low": {
        "max": 0.0777260363102,
        "mean": 0.00666523212567,
        "min": 7.81926019044e-07,
        "stdev": 0.00837666355073
    },
    "spectral_energyband_middle_high": {
        "max": 0.0566860921681,
        "mean": 0.00889942608774,
        "min": 0.000889430288225,
        "stdev": 0.00711015984416
    },
    "spectral_energyband_middle_low": {
        "max": 0.10935588181,
        "mean": 0.0133170513436,
        "min": 0.000183062045835,
        "stdev": 0.0136426249519
    },
    "spectral_entropy": {
        "max": 8.36779689789,
        "mean": 7.85841226578,
        "min": 6.4916267395,
        "stdev": 0.245803162456
    },
    "spectral_flux": {
        "max": 0.324691742659,
        "mean": 0.0998476669192,
        "min": 0.0276782568544,
        "stdev": 0.0431867130101
    },
    "spectral_kurtosis": {
        "max": 15.7042293549,
        "mean": 2.15145039558,
        "min": -0.310660362244,
        "stdev": 1.85836005211
    },
    "spectral_rms": {
        "max": 0.0115567594767,
        "mean": 0.00511422613636,
        "min": 0.00133082550019,
        "stdev": 0.00161207397468
    },
    "spectral_rolloff": {
        "max": 6158.49609375,
        "mean": 1901.33569336,
        "min": 86.1328125,
        "stdev": 989.754882812
    },
    "spectral_skewness": {
        "max": 3.36094307899,
        "mean": 1.12899684906,
        "min": 0.131309986115,
        "stdev": 0.316330999136
    },
    "spectral_spread": {
        "max": 7624643.5,
        "mean": 4312140,
        "min": 1927380.875,
        "stdev": 934871.75
    },
    "spectral_strongpeak": {
        "max": 8.01133441925,
        "mean": 1.21129906178,
        "min": 0,
        "stdev": 1.1508295536
    },
    "zerocrossingrate": {
        "max": 0.169921875,
        "mean": 0.0767158195376,
        "min": 0.01953125,
        "stdev": 0.0229498390108
    },
    "barkbands": {
        "max": [0.00208676676266, 0.0411757677794, 0.0499081984162, 0.0375279411674, 0.0552997216582, 0.0701222717762, 0.0546232797205, 0.0566931664944, 0.0714077651501, 0.0391936935484, 0.0289579872042, 0.0163415744901, 0.0129895638674, 0.0118637885898, 0.00613796105608, 0.0042047072202, 0.00945649389178, 0.0041722599417, 0.00523861730471, 0.00214725593105, 0.00165849504992, 0.00236942991614, 0.00251727830619, 0.00217145541683, 0.000738409813493, 8.52621610647e-07, 9.52435755153e-07],
        "mean": [0.000148665450979, 0.0041995854117, 0.00184580124915, 0.00102280732244, 0.00218018027954, 0.00221140612848, 0.00273692444898, 0.00146310729906, 0.0028598960489, 0.00241999095306, 0.00114724982996, 0.00123090657871, 0.00106358306948, 0.000825854192954, 0.000576319755055, 0.000543263333384, 0.000550988013856, 0.000444312259788, 0.000402949401177, 0.000340443046298, 0.000275651953416, 0.000311305688228, 0.000327655783622, 0.000269738084171, 7.42754273233e-05, 2.13529549598e-09, 2.02866012877e-09],
        "min": [1.30565569467e-09, 2.05412050036e-07, 1.76866521429e-08, 1.62162592687e-07, 2.44292118623e-06, 4.27743361797e-06, 4.13848601966e-06, 1.12884090413e-05, 4.40175645053e-05, 2.83544341073e-05, 8.99382484931e-06, 1.52258717208e-05, 5.82430038776e-06, 1.19045762403e-05, 2.19198154809e-05, 2.61949608102e-05, 2.16952394112e-05, 3.09784554702e-05, 1.76499452209e-05, 1.46482489072e-05, 1.05421468106e-05, 9.67156211118e-06, 7.44242151995e-06, 3.70864904653e-06, 6.93652339123e-07, 9.15885423058e-12, 1.26758221974e-11],
        "stdev": [0.000235216721194, 0.00585203198716, 0.00386126874946, 0.00309761776589, 0.00502826180309, 0.0047748722136, 0.00562021322548, 0.00450889952481, 0.00452866917476, 0.00413180748001, 0.00226666172966, 0.00175199226942, 0.00136360723991, 0.00113734288607, 0.000612380681559, 0.000516590545885, 0.000653810158838, 0.000368840061128, 0.000338807702065, 0.000281934044324, 0.000215965119423, 0.000300837185932, 0.000323325017234, 0.000296752463328, 8.86777997948e-05, 2.6644471518e-08, 2.83618053487e-08]
    },
    "erbbands": {
        "max": [1.12501966953, 11.0209026337, 46.4016647339, 107.711959839, 230.109481812, 213.256759644, 827.30480957, 538.432983398, 894.073913574, 665.575134277, 1409.82421875, 2184.88037109, 1725.25219727, 1301.36523438, 1135.59875488, 700.397766113, 684.684936523, 639.566650391, 437.004730225, 334.701171875, 269.135131836, 341.07208252, 245.774612427, 205.37361145, 238.067611694, 126.264892578, 80.5836257935, 95.4615325928, 86.0604400635, 83.7374649048, 77.310043335, 50.908744812, 32.1343193054, 15.3183822632, 0.795090675354, 0.0239280611277, 0.00191474077292, 0.000595247664023, 0.000147012702655, 0.000158421855303],
        "mean": [0.114492818713, 0.955031573772, 2.15413498878, 2.89609646797, 4.85319519043, 7.69619989395, 11.2094583511, 20.9523277283, 41.7894210815, 32.6666030884, 34.6127738953, 58.3425102234, 84.6057891846, 67.0381011963, 44.533454895, 47.865776062, 51.5841369629, 40.700881958, 35.4231071472, 29.7827987671, 31.7441043854, 30.6421413422, 25.7522583008, 21.6803188324, 20.0634384155, 15.9416370392, 11.9789400101, 11.1697769165, 10.9889917374, 10.2950763702, 9.00831985474, 6.85263299942, 3.68130469322, 1.64124035835, 0.077714048326, 0.00253663863987, 0.000235330560827, 4.25011676271e-05, 2.5715033189e-05, 3.86736974178e-05],
        "min": [6.89094986228e-06, 1.56481837621e-05, 6.72083042446e-05, 0.000521652109455, 0.00278505845927, 0.00637466553599, 0.0106291593984, 0.0332948900759, 0.035042565316, 0.0957954674959, 0.315899848938, 1.16081762314, 1.14398264885, 1.39467585087, 0.397460639477, 0.868748188019, 1.15585887432, 1.24288868904, 1.35655355453, 1.40888297558, 1.79460930824, 2.28202366829, 1.91342520714, 1.61079311371, 0.913790881634, 0.665328204632, 0.491118222475, 0.42836523056, 0.357622951269, 0.213525950909, 0.196794688702, 0.106891982257, 0.0291352346539, 0.0158529412001, 0.000735911191441, 3.36016637448e-05, 4.97407245348e-06, 1.28282795231e-06, 1.55178338446e-06, 2.60996353063e-06],
        "stdev": [0.163197532296, 1.41677558422, 3.95305991173, 7.38956165314, 16.2687416077, 16.7373104095, 30.8612289429, 42.0320510864, 93.2137298584, 63.3320732117, 87.4775238037, 98.5350875854, 142.299789429, 123.3411026, 72.5226821899, 66.7380828857, 62.3641700745, 53.2503471375, 44.9344673157, 26.2095222473, 31.8417205811, 32.2424468994, 21.1170730591, 17.448841095, 16.8179206848, 13.2013292313, 9.33039283752, 9.84939479828, 10.73209095, 10.2341060638, 8.99216938019, 7.49362850189, 4.0764503479, 1.89161539078, 0.0913949683309, 0.00284957140684, 0.000245071481913, 4.30338586739e-05, 1.59574810823e-05, 2.23651059059e-05]
    },
    "gfcc": {
        "mean": [15.2772951126, 96.3002319336, -170.330184937, 48.4432830811, -86.9563369751, 29.4073963165, -34.2118606567, 5.36706924438, -5.07980155945, -15.7021722794, 6.79213953018, -16.1368198395, 6.43002462387],
        "cov": [[1903.06274414, 338.077178955, 1026.14746094, 591.540771484, 69.2459030151, 201.927322388, -92.4330368042, 111.087463379, -4.65863132477, 182.356369019, 124.331817627, 47.0872993469, -61.6163063049], [338.077178955, 707.648254395, 473.362915039, 174.717758179, 101.842933655, -132.510681152, -50.5543289185, -73.9538574219, 6.12863922119, 33.5649871826, 98.5558624268, -49.11561203, -54.5592384338], [1026.14746094, 473.362915039, 1078.87011719, 639.167114258, 94.8526535034, 116.191856384, -99.4842071533, 74.3527603149, 15.9763870239, 188.730300903, 145.86050415, 52.8442573547, -66.1160507202], [591.540771484, 174.717758179, 639.167114258, 550.061523438, 131.762435913, 140.986328125, -29.2610435486, 60.6351928711, 17.5056648254, 127.904693604, 86.9304580688, 61.0714683533, -31.399684906], [69.2459030151, 101.842933655, 94.8526535034, 131.762435913, 135.583633423, 67.3881149292, 24.4102191925, 11.4948635101, 5.63970947266, 22.3480052948, 24.1829223633, -2.12263894081, -8.17509555817], [201.927322388, -132.510681152, 116.191856384, 140.986328125, 67.3881149292, 211.045532227, 68.4088745117, 76.0063705444, 0.968023180962, 51.2303581238, 17.2201881409, 34.167301178, 7.67953968048], [-92.4330368042, -50.5543289185, -99.4842071533, -29.2610435486, 24.4102191925, 68.4088745117, 150.950286865, 66.2352523804, 29.0679283142, 1.56498396397, 11.6047039032, 4.82890033722, 14.4546737671], [111.087463379, -73.9538574219, 74.3527603149, 60.6351928711, 11.4948635101, 76.0063705444, 66.2352523804, 149.906433105, 64.1337432861, 64.5782165527, 34.7466468811, 31.152431488, 14.4584970474], [-4.65863132477, 6.12863922119, 15.9763870239, 17.5056648254, 5.63970947266, 0.968023180962, 29.0679283142, 64.1337432861, 90.0453109741, 60.7320556641, 38.4408073425, 13.8067073822, -1.84685814381], [182.356369019, 33.5649871826, 188.730300903, 127.904693604, 22.3480052948, 51.2303581238, 1.56498396397, 64.5782165527, 60.7320556641, 145.222793579, 103.331138611, 35.0258331299, -12.4840984344], [124.331817627, 98.5558624268, 145.86050415, 86.9304580688, 24.1829223633, 17.2201881409, 11.6047039032, 34.7466468811, 38.4408073425, 103.331138611, 128.809082031, 49.5793914795, -3.98965477943], [47.0872993469, -49.11561203, 52.8442573547, 61.0714683533, -2.12263894081, 34.167301178, 4.82890033722, 31.152431488, 13.8067073822, 35.0258331299, 49.5793914795, 77.4793701172, 35.0224952698], [-61.6163063049, -54.5592384338, -66.1160507202, -31.399684906, -8.17509555817, 7.67953968048, 14.4546737671, 14.4584970474, -1.84685814381, -12.4840984344, -3.98965477943, 35.0224952698, 63.3055267334]],
        "icov": [[0.00120726809837, -0.000290944619337, -0.000816486834083, -0.000115744544019, 0.000819502805825, -0.00120270031039, 0.000723204459064, -0.000643822306301, 0.000316297955578, 0.000275099708233, -0.000349998474121, 0.00054550752975, -1.25692258734e-05], [-0.000290944619337, 0.0144740883261, -0.0132893826813, 0.00899653229862, -0.0152194555849, 0.0126800816506, -0.00733937462792, 0.00834706053138, -0.00533036515117, 0.00758821191266, -0.0103226806968, 0.00888668280095, -0.00518612656742], [-0.000816486834083, -0.0132893826813, 0.0178500246257, -0.0141158234328, 0.0164577960968, -0.0112738572061, 0.00884668249637, -0.00927370321006, 0.0057720663026, -0.00583196152002, 0.00505617214367, -0.00407113181427, 0.00457321992144], [-0.000115744544019, 0.00899653229862, -0.0141158234328, 0.0168765708804, -0.0168186631054, 0.00811180192977, -0.00651787314564, 0.00670634536073, -0.00274593080394, -0.000569182157051, 0.00193459098227, -0.00508952140808, 0.000815073377453], [0.000819502805825, -0.0152194555849, 0.0164577960968, -0.0168186631054, 0.0317045673728, -0.0189250614494, 0.0093193128705, -0.00785716995597, 0.00206943787634, -0.000422589801019, -4.67719437438e-05, 0.00316646764986, 0.000806209049188], [-0.00120270031039, 0.0126800816506, -0.0112738572061, 0.00811180192977, -0.0189250614494, 0.0242318548262, -0.0127771273255, 0.004441564437, 0.00337194465101, -0.00350504997186, 0.0013634756906, -0.00149754760787, -0.00115219457075], [0.000723204459064, -0.00733937462792, 0.00884668249637, -0.00651787314564, 0.0093193128705, -0.0127771273255, 0.0181589927524, -0.00952819455415, -0.00135817506816, 0.00559262838215, -0.0053906836547, 0.00387889007106, -0.000253942213021], [-0.000643822306301, 0.00834706053138, -0.00927370321006, 0.00670634536073, -0.00785716995597, 0.004441564437, -0.00952819455415, 0.0210065860301, -0.011809181422, 0.000519732071552, -0.00154806289356, 0.00200314819813, -0.00541526405141], [0.000316297955578, -0.00533036515117, 0.0057720663026, -0.00274593080394, 0.00206943787634, 0.00337194465101, -0.00135817506816, -0.011809181422, 0.0281954724342, -0.0169913563877, 0.0102970758453, -0.0086556058377, 0.00615499448031], [0.000275099708233, 0.00758821191266, -0.00583196152002, -0.000569182157051, -0.000422589801019, -0.00350504997186, 0.00559262838215, 0.000519732071552, -0.0169913563877, 0.0396893359721, -0.0336014889181, 0.0193934626877, -0.00610615313053], [-0.000349998474121, -0.0103226806968, 0.00505617214367, 0.00193459098227, -4.67719437438e-05, 0.0013634756906, -0.0053906836547, -0.00154806289356, 0.0102970758453, -0.0336014889181, 0.0470963008702, -0.0339989550412, 0.0138674397022], [0.00054550752975, 0.00888668280095, -0.00407113181427, -0.00508952140808, 0.00316646764986, -0.00149754760787, 0.00387889007106, 0.00200314819813, -0.0086556058377, 0.0193934626877, -0.0339989550412, 0.0510495901108, -0.0261519290507], [-1.25692258734e-05, -0.00518612656742, 0.00457321992144, 0.000815073377453, 0.000806209049188, -0.00115219457075, -0.000253942213021, -0.00541526405141, 0.00615499448031, -0.00610615313053, 0.0138674397022, -0.0261519290507, 0.0323511511087]]
    },
    "melbands": {
        "max": [0.0104896239936, 0.0188140328974, 0.0170389376581, 0.0122933741659, 0.0226575676352, 0.0118879219517, 0.0129976645112, 0.0101463496685, 0.0107529563829, 0.0124492142349, 0.00856576208025, 0.00547296274453, 0.00460051791742, 0.00176107359584, 0.00198181555606, 0.00144901743624, 0.00137170613743, 0.000951052294113, 0.000463371077785, 0.000256510829786, 0.000405472936109, 0.000434216111898, 0.000693415408023, 0.000253292353591, 0.000163524411619, 0.000256618513959, 0.000114430200483, 9.17243814911e-05, 7.38273738534e-05, 3.96260984417e-05, 5.70166848775e-05, 5.04853014718e-05, 5.56958802918e-05, 4.42562413809e-05, 4.9729955208e-05, 4.48907703685e-05, 3.90562054235e-05, 2.48444448516e-05, 1.90536484297e-05, 1.15667880891e-05],
        "mean": [0.00110679573845, 0.00116978830192, 0.000566072121728, 0.000439225754235, 0.000394108559703, 0.000477810535813, 0.000615836994257, 0.000346534885466, 0.000294014287647, 0.000390254921513, 0.000421320321038, 0.000276566366665, 0.000156568334205, 0.000129697757075, 0.000135047594085, 9.36147043831e-05, 7.42724078009e-05, 6.03437583777e-05, 4.25830185122e-05, 3.46155029547e-05, 3.76627504011e-05, 3.1029980164e-05, 2.87376187771e-05, 2.07153007068e-05, 1.70016082848e-05, 1.56632067956e-05, 1.29857389766e-05, 9.94046968117e-06, 7.78170215199e-06, 6.24812037131e-06, 6.68466100251e-06, 6.57031114315e-06, 5.39247821507e-06, 5.96455220148e-06, 5.40076280231e-06, 4.41067686552e-06, 4.21908453063e-06, 2.72548004432e-06, 2.0091067654e-06, 1.12531199647e-06],
        "min": [7.347090758e-08, 4.79407944454e-08, 1.53607743414e-07, 3.66087334669e-07, 3.6152573557e-07, 8.01929900263e-07, 6.01588908467e-07, 8.42788267619e-07, 2.08173401006e-06, 7.6382948464e-06, 1.48183789861e-06, 4.31169564763e-06, 1.43023305554e-06, 1.4895856566e-06, 1.95419420379e-06, 1.68555106939e-06, 1.34653532768e-06, 1.02883018371e-06, 1.58164880304e-06, 1.89287027297e-06, 1.79394976385e-06, 1.53093776589e-06, 1.50283415223e-06, 1.24384655464e-06, 1.0118121736e-06, 5.47361764802e-07, 3.80161168323e-07, 3.65130887303e-07, 1.97678531322e-07, 1.71343927491e-07, 1.82228305334e-07, 1.39876760841e-07, 1.22044795603e-07, 9.31509944735e-08, 9.76054437274e-08, 5.6574581464e-08, 5.30617789707e-08, 1.65739173497e-08, 1.35696209824e-08, 1.04893169706e-08],
        "stdev": [0.00152676308062, 0.00178196118213, 0.00147560017649, 0.00112717214506, 0.000938754761592, 0.000944625237025, 0.00132649310399, 0.000781041628215, 0.000679094810039, 0.000635191914625, 0.000714682450052, 0.000522697926499, 0.000287838891381, 0.000193155225134, 0.000198451205506, 0.000121886303532, 0.000107628613478, 8.77555721672e-05, 4.40394578618e-05, 3.0251334465e-05, 4.35243346146e-05, 3.58551151294e-05, 3.60350386472e-05, 1.91492399608e-05, 1.46002548718e-05, 1.45403128045e-05, 1.12449588414e-05, 9.19570811675e-06, 6.82866084389e-06, 5.21483480043e-06, 6.26117571301e-06, 6.54878522255e-06, 5.74859723201e-06, 6.11160658082e-06, 5.47936588191e-06, 4.67213249067e-06, 4.9888058129e-06, 3.13959390041e-06, 2.29544889407e-06, 1.3437073676e-06]
    },
    "melbands128": {
        "max": [0.00149018678349, 0.00992646999657, 0.0189326144755, 0.0217925570905, 0.0238344743848, 0.0236783511937, 0.0250494237989, 0.0218169707805, 0.0281047243625, 0.0158792547882, 0.0124020799994, 0.0128689352423, 0.0387343280017, 0.0300833657384, 0.0131352264434, 0.0265864860266, 0.0208502616733, 0.0239548142999, 0.0116631332785, 0.0117739327252, 0.0235442947596, 0.0155831389129, 0.0155107360333, 0.010832327418, 0.0270142387599, 0.00716125033796, 0.0186329279095, 0.0130363851786, 0.00987006071955, 0.00759286200628, 0.00619188090786, 0.00834067631513, 0.00881083682179, 0.00250625610352, 0.00467025348917, 0.00309343868867, 0.00437109591439, 0.00414734985679, 0.00352834095247, 0.00340294931084, 0.00191250490025, 0.00286990893073, 0.00159354624338, 0.00275110872462, 0.00188290199731, 0.00108835101128, 0.000820606481284, 0.000623158994131, 0.0007310094079, 0.000581369968131, 0.00033790562884, 0.000354029180016, 0.000747878861148, 0.000692872738, 0.000814367900603, 0.000809604302049, 0.000733275839593, 0.0019972755108, 0.000272097968264, 0.000196250301087, 0.000307584472466, 0.000489581143484, 0.000239518805756, 0.00022643529519, 0.000325496745063, 0.00033903052099, 0.000242684225668, 0.000245554809226, 0.000162557291333, 0.000125579215819, 0.000213899023947, 0.000168411585037, 0.000181126204552, 9.12187388167e-05, 6.82768368279e-05, 3.95579954784e-05, 5.84836925555e-05, 0.000134208443342, 6.33365125395e-05, 0.00011543254368, 6.8854453275e-05, 6.96453862474e-05, 8.9055763965e-05, 8.22754591354e-05, 9.17043871596e-05, 5.34912833245e-05, 5.18008928339e-05, 8.77965358086e-05, 5.50153199583e-05, 5.04856470798e-05, 6.37849952909e-05, 3.91127250623e-05, 4.29041574534e-05, 6.18454068899e-05, 3.83807164326e-05, 3.46272427123e-05, 2.70008313237e-05, 1.90227783605e-05, 2.1451338398e-05, 2.37042222579e-05, 1.90893861145e-05, 1.22405735965e-05, 9.30544842959e-07, 1.24056009909e-08, 6.85493306563e-09, 6.84794621009e-09, 6.51056142331e-09, 5.53903545253e-09, 5.84238479817e-09, 5.5443334368e-09, 5.86553783322e-09, 5.40727906895e-09, 4.66293714751e-09, 4.94759655467e-09, 4.77114125985e-09, 4.90211160553e-09, 4.62472282692e-09, 4.44609682404e-09, 4.31006208501e-09, 4.20373069687e-09, 4.10382661187e-09, 4.01976452125e-09, 3.95277144349e-09, 3.89664167599e-09, 3.8340992603e-09, 3.78087694486e-09, 3.75883901782e-09, 3.73804587284e-09],
        "mean": [0.000132331129862, 0.000822654401418, 0.00155610789079, 0.00158883153927, 0.00120969139971, 0.000861653243192, 0.000562992121559, 0.000525214476511, 0.000494897481985, 0.000399675482186, 0.000437931972556, 0.00043277736404, 0.000371794856619, 0.000362694117939, 0.000399045267841, 0.000583442917559, 0.000696927134413, 0.000721529475413, 0.000353749463102, 0.000358946883352, 0.000343112071278, 0.00031962787034, 0.000221313777729, 0.000346773827914, 0.00039775139885, 0.000321166560752, 0.000593512202613, 0.000409034226323, 0.000326450826833, 0.000321039173286, 0.000244790571742, 0.000212746643228, 0.000155689253006, 9.63843049249e-05, 0.000167143007275, 0.000116260824143, 0.000110581946501, 0.000146104648593, 0.00015494498075, 0.000104037753772, 7.14937123121e-05, 8.84233522811e-05, 6.98984076735e-05, 6.63219252601e-05, 8.37445040816e-05, 5.4078453104e-05, 4.4023636292e-05, 4.11321088905e-05, 4.19225289079e-05, 4.3846819608e-05, 2.85176611214e-05, 2.98331306112e-05, 4.76554196212e-05, 3.54679505108e-05, 2.82851851807e-05, 3.2439831557e-05, 2.76069295069e-05, 3.9366321289e-05, 2.49473359872e-05, 1.93108244275e-05, 2.08854035009e-05, 2.18668446905e-05, 1.6232024791e-05, 1.51688609549e-05, 1.90987902897e-05, 1.51077611008e-05, 1.41869977597e-05, 1.48073768287e-05, 1.19687874758e-05, 1.16623887152e-05, 1.02412286651e-05, 9.14375323191e-06, 8.29603504826e-06, 7.72891326051e-06, 6.89563967171e-06, 6.04536899118e-06, 6.22010156803e-06, 5.95802066528e-06, 6.46038370178e-06, 7.86177679402e-06, 7.19455874787e-06, 5.79715788263e-06, 5.47400168216e-06, 5.27322117705e-06, 5.39111351827e-06, 5.55516044187e-06, 6.38953088128e-06, 6.57282907923e-06, 4.94924233863e-06, 4.99943735122e-06, 4.7711314437e-06, 4.13836551161e-06, 3.95768984163e-06, 4.66865776616e-06, 4.15326485381e-06, 3.10248447022e-06, 2.46475951826e-06, 2.03762738238e-06, 2.01570287572e-06, 2.01571197067e-06, 1.83195243153e-06, 1.12213353987e-06, 4.07868014918e-08, 9.79601399997e-11, 2.31290681052e-11, 1.86555545317e-11, 1.76092092297e-11, 1.6552535384e-11, 1.5882545279e-11, 1.53027677335e-11, 1.39890390938e-11, 1.29936313445e-11, 1.13393149037e-11, 1.11758527779e-11, 1.08040781183e-11, 1.05026673122e-11, 9.93732526822e-12, 9.46497307613e-12, 9.20036095919e-12, 8.95979037491e-12, 8.74564570069e-12, 8.56255517878e-12, 8.39866544367e-12, 8.25426966361e-12, 8.13114419546e-12, 8.03105065089e-12, 7.96830136596e-12, 7.91581904191e-12],
        "min": [6.30776930688e-10, 9.41873334881e-09, 2.91056991841e-08, 7.13463510493e-09, 3.76270747893e-09, 1.00644861334e-08, 1.88246680466e-08, 5.06159736346e-08, 1.23414736208e-07, 1.47209362922e-07, 8.09598645901e-08, 7.59863993949e-08, 2.41774330334e-07, 2.60753211023e-07, 3.39511046832e-07, 4.48558914456e-08, 2.85257556243e-07, 3.34340541031e-07, 5.54534267394e-07, 3.68311958709e-07, 3.27786750631e-07, 2.00155781727e-07, 9.18745001854e-07, 2.84475106582e-07, 5.06655908339e-07, 3.23288736581e-06, 2.73090932978e-07, 1.34802587581e-06, 3.86186599144e-07, 9.14084353099e-07, 1.77123467893e-07, 2.75049842458e-07, 1.538456047e-07, 8.93638159027e-08, 2.1568109787e-07, 2.22171507858e-07, 5.7605685555e-08, 5.09422989126e-07, 9.83763754903e-08, 3.30120514036e-07, 7.64898913985e-07, 5.20082323874e-07, 2.27940645914e-07, 1.46354693698e-07, 1.67408671814e-07, 1.05691874808e-07, 3.62733402426e-07, 9.19087668194e-08, 6.340891332e-07, 2.95552524676e-07, 1.39511541875e-07, 9.9097542261e-07, 1.04233879483e-06, 4.07380866818e-07, 2.72052830042e-07, 1.17349316042e-07, 3.94037471096e-07, 8.86825091584e-07, 4.60631213173e-07, 3.46387423633e-07, 5.97159271365e-07, 3.89926100297e-07, 3.09410154387e-07, 6.40922849016e-07, 4.9233375421e-07, 1.48826799773e-07, 3.21351365073e-07, 3.72240918978e-07, 2.87532316179e-07, 1.47718736798e-07, 1.32044263523e-07, 1.10661858344e-07, 3.0507919746e-08, 1.22533407421e-07, 2.52919751809e-09, 1.38436710984e-08, 1.05081895185e-07, 1.35446015292e-07, 1.11967260352e-07, 9.43804963072e-08, 4.93541669755e-08, 5.12692555077e-09, 6.89353374383e-09, 6.507697492e-08, 6.1643319782e-08, 2.13738573507e-08, 4.54308448639e-08, 6.3688652574e-08, 5.97011222681e-08, 4.90965490485e-08, 1.62619944177e-08, 1.10045439428e-08, 6.73177646959e-09, 9.80780434645e-09, 1.11378621881e-08, 1.37800784117e-08, 2.97762126067e-09, 1.42995826291e-09, 1.53113355328e-09, 1.76848793387e-08, 1.55322883444e-08, 6.7156641359e-10, 1.15239848913e-11, 7.56093524921e-14, 4.46397679563e-14, 4.37259583196e-14, 4.09727217703e-14, 5.02902163272e-14, 4.48650516152e-14, 4.36253714631e-14, 3.70297800127e-14, 3.83781311039e-14, 3.47885003411e-14, 3.87436563138e-14, 3.50326592822e-14, 4.05192203303e-14, 4.26266552438e-14, 4.17597068579e-14, 4.17008855019e-14, 3.60342859067e-14, 3.99557299681e-14, 3.67227407337e-14, 3.9840757104e-14, 4.43917804263e-14, 3.85911192325e-14, 3.26277531739e-14, 2.92255199804e-14, 3.8998332016e-14],
        "stdev": [0.00020782208594, 0.00125707942061, 0.00243148882873, 0.00255103898235, 0.00219701114111, 0.00188948318828, 0.00153431552462, 0.00169982679654, 0.00189666380174, 0.00122780213133, 0.000994944013655, 0.000964683946222, 0.00132982176729, 0.00121460063383, 0.000857877079397, 0.00174407765735, 0.00167373334989, 0.00211562705226, 0.00079137715511, 0.000886015419383, 0.00140944984742, 0.00115127919707, 0.000832128396723, 0.000804432667792, 0.00101972173434, 0.000646630302072, 0.00140986591578, 0.000919088255614, 0.000754402892198, 0.000758229987696, 0.00058325426653, 0.000498212990351, 0.000374352879589, 0.000216550164623, 0.000316960882628, 0.000251960242167, 0.000272935722023, 0.000333563424647, 0.000274223479209, 0.00019444913778, 0.000144374876982, 0.000183603784535, 0.000130879911012, 0.000161377291079, 0.000165230259881, 9.90239714156e-05, 8.50877768244e-05, 5.85959460295e-05, 5.20954927197e-05, 5.07971017214e-05, 3.68975524907e-05, 3.69417648471e-05, 6.74012335367e-05, 5.84869376326e-05, 5.69163748878e-05, 4.82871655549e-05, 4.57659043605e-05, 8.53031961014e-05, 2.88290520984e-05, 2.10901853279e-05, 2.62331577687e-05, 2.89679737762e-05, 1.97655554075e-05, 1.68660317286e-05, 2.28839562624e-05, 1.87679179362e-05, 1.68626374943e-05, 1.74675733433e-05, 1.39120429594e-05, 1.28291667352e-05, 1.30275921038e-05, 1.24862335724e-05, 1.05611752588e-05, 8.10187430034e-06, 7.19989839126e-06, 5.65125083085e-06, 6.43704788672e-06, 7.7909016909e-06, 6.96707411407e-06, 8.58675957716e-06, 7.89635942056e-06, 7.21424248695e-06, 6.59982379148e-06, 6.50520905765e-06, 6.53298457109e-06, 6.30571275906e-06, 7.33991737434e-06, 7.62992567616e-06, 5.57518478672e-06, 5.65254640605e-06, 5.56354598302e-06, 4.90918318974e-06, 4.56796669823e-06, 6.24314816378e-06, 5.51245011593e-06, 4.05036871598e-06, 3.09575375468e-06, 2.31030094255e-06, 2.42848227572e-06, 2.67247332886e-06, 2.32551451518e-06, 1.4605979004e-06, 8.33347897355e-08, 6.84946377394e-10, 2.09994271971e-10, 2.23296769963e-10, 2.23957852263e-10, 2.09086858938e-10, 1.98117730554e-10, 1.93134994109e-10, 1.81903866969e-10, 1.66590796713e-10, 1.41592862435e-10, 1.46521281219e-10, 1.41795186703e-10, 1.43788314588e-10, 1.36535296957e-10, 1.31715943708e-10, 1.28090454909e-10, 1.25076088375e-10, 1.22317087015e-10, 1.19988893821e-10, 1.18058840481e-10, 1.16325851729e-10, 1.14589115974e-10, 1.13143855396e-10, 1.12454649759e-10, 1.11785074253e-10]
    },
    "mfcc": {
        "mean": [-591.440368652, 90.4436798096, -12.342382431, 3.79471516609, -7.54590177536, 2.12015080452, -3.08887720108, 8.53459453583, -1.84055352211, 4.70107746124, -0.326703220606, 1.56166911125, -1.66927230358],
        "cov": [[1473.69946289, 26.7497844696, 752.231140137, 317.682159424, 273.319244385, 117.752655029, 109.004951477, 1.52793753147, -18.1323795319, 40.6371421814, 82.6561431885, 132.915481567, 60.8996086121], [26.7497844696, 622.301879883, 172.60395813, 149.783508301, 53.1411056519, -54.6280555725, -30.4027423859, -95.949005127, -100.892623901, -5.09733867645, 4.81799554825, 1.2496817112, 22.8703041077], [752.231140137, 172.60395813, 981.608337402, 492.53302002, 322.561431885, 122.190177917, 84.813117981, -34.7564811707, -54.1817474365, 29.478055954, 109.583366394, 171.668212891, 101.948677063], [317.682159424, 149.783508301, 492.53302002, 404.03314209, 217.672302246, 87.6723403931, 45.0185127258, -18.5060138702, -38.3618812561, 16.8145122528, 64.6113815308, 94.7316665649, 56.8270339966], [273.319244385, 53.1411056519, 322.561431885, 217.672302246, 232.096725464, 90.4121704102, 43.2452278137, -14.0729961395, -17.3306770325, 11.3831357956, 44.7520179749, 64.5532684326, 31.3964805603], [117.752655029, -54.6280555725, 122.190177917, 87.6723403931, 90.4121704102, 141.31010437, 72.9502410889, 21.4737815857, 0.984710097313, 9.59091663361, 18.8092460632, 20.8610877991, 8.48661994934], [109.004951477, -30.4027423859, 84.813117981, 45.0185127258, 43.2452278137, 72.9502410889, 128.848770142, 52.7233924866, 23.5032806396, 30.5165405273, 28.063211441, 36.5884971619, 22.4587802887], [1.52793753147, -95.949005127, -34.7564811707, -18.5060138702, -14.0729961395, 21.4737815857, 52.7233924866, 104.124435425, 62.9865570068, 12.650560379, 0.40205103159, 2.96829938889, -3.68072724342], [-18.1323795319, -100.892623901, -54.1817474365, -38.3618812561, -17.3306770325, 0.984710097313, 23.5032806396, 62.9865570068, 99.5661239624, 33.110332489, 4.2818069458, 4.82752227783, -10.2227401733], [40.6371421814, -5.09733867645, 29.478055954, 16.8145122528, 11.3831357956, 9.59091663361, 30.5165405273, 12.650560379, 33.110332489, 86.5662994385, 47.7032775879, 40.0152854919, 24.6671772003], [82.6561431885, 4.81799554825, 109.583366394, 64.6113815308, 44.7520179749, 18.8092460632, 28.063211441, 0.40205103159, 4.2818069458, 47.7032775879, 90.5377731323, 75.9510421753, 41.8922996521], [132.915481567, 1.2496817112, 171.668212891, 94.7316665649, 64.5532684326, 20.8610877991, 36.5884971619, 2.96829938889, 4.82752227783, 40.0152854919, 75.9510421753, 131.633041382, 74.1726989746], [60.8996086121, 22.8703041077, 101.948677063, 56.8270339966, 31.3964805603, 8.48661994934, 22.4587802887, -3.68072724342, -10.2227401733, 24.6671772003, 41.8922996521, 74.1726989746, 87.7090759277]],
        "icov": [[0.00121334928554, 0.000152467866428, -0.00108007481322, 0.000562230881769, -0.000516488042194, 0.000170161423739, -0.000379813543987, -0.000143381141243, 0.000263241119683, -0.000388388405554, 0.000270764256129, -0.000177007255843, 0.000428857369116], [0.000152467866428, 0.00249532959424, -0.00010669335461, -0.00111764750909, -0.000183778407518, 0.00196328992024, -0.00101500796154, 0.00117475353181, 0.00173066940624, -0.000908948597498, 0.000371848291252, 0.00092693726765, -0.000227500902838], [-0.00108007481322, -0.00010669335461, 0.00406497297809, -0.00318227801472, -0.000917926605325, 0.000233808197663, -0.000495122803841, 0.00076316180639, -9.14699048735e-05, 0.000773058156483, -0.000297500315355, -0.00114058004692, -0.000542019726709], [0.000562230881769, -0.00111764750909, -0.00318227801472, 0.00865092221648, -0.00352252530865, -0.00147870613728, 0.00134857441299, -0.00201502279378, 0.00108891830314, -0.000339669175446, -0.000432843458839, -0.000665205996484, -3.91358371417e-05], [-0.000516488042194, -0.000183778407518, -0.000917926605325, -0.00352252530865, 0.0114605100825, -0.00435122661293, 0.000351469672751, 0.00215664459392, -0.00172911491245, 0.0010980674997, -0.000668203283567, -0.0012242825469, 0.000918985926546], [0.000170161423739, 0.00196328992024, 0.000233808197663, -0.00147870613728, -0.00435122661293, 0.0145749347284, -0.00730081228539, 0.000382594385883, 0.00220011733472, -0.000186300792848, -0.000206766868359, 0.00210508774035, 0.000716410868336], [-0.000379813543987, -0.00101500796154, -0.000495122803841, 0.00134857441299, 0.000351469672751, -0.00730081228539, 0.0161642506719, -0.00806024670601, 0.00160871399567, -0.00322887883522, -4.00636490667e-05, -0.00167086580768, -0.00113880075514], [-0.000143381141243, 0.00117475353181, 0.00076316180639, -0.00201502279378, 0.00215664459392, 0.000382594385883, -0.00806024670601, 0.0216663386673, -0.012177221477, 0.00419340189546, -0.00026226733462, 0.00114653538913, -0.00106711965054], [0.000263241119683, 0.00173066940624, -9.14699048735e-05, 0.00108891830314, -0.00172911491245, 0.00220011733472, 0.00160871399567, -0.012177221477, 0.0228384137154, -0.00945216137916, 0.00331902480684, -0.0030899415724, 0.00459788041189], [-0.000388388405554, -0.000908948597498, 0.000773058156483, -0.000339669175446, 0.0010980674997, -0.000186300792848, -0.00322887883522, 0.00419340189546, -0.00945216137916, 0.0214710067958, -0.0105903632939, 0.00148512865417, -0.00288190925494], [0.000270764256129, 0.000371848291252, -0.000297500315355, -0.000432843458839, -0.000668203283567, -0.000206766868359, -4.00636490667e-05, -0.00026226733462, 0.00331902480684, -0.0105903632939, 0.0271436013281, -0.0127851720899, 0.00181245186832], [-0.000177007255843, 0.00092693726765, -0.00114058004692, -0.000665205996484, -0.0012242825469, 0.00210508774035, -0.00167086580768, 0.00114653538913, -0.0030899415724, 0.00148512865417, -0.0127851720899, 0.0251225028187, -0.0135680800304], [0.000428857369116, -0.000227500902838, -0.000542019726709, -3.91358371417e-05, 0.000918985926546, 0.000716410868336, -0.00113880075514, -0.00106711965054, 0.00459788041189, -0.00288190925494, 0.00181245186832, -0.0135680800304, 0.0236215945333]]
    },
    "spectral_contrast_coeffs": {
        "max": [-0.367673993111, -0.396432489157, -0.53066599369, -0.621823310852, -0.666389346123, -0.536734879017],
        "mean": [-0.730515360832, -0.734927415848, -0.736411273479, -0.79520046711, -0.791324794292, -0.727446913719],
        "min": [-0.897019922733, -0.929901480675, -0.874570786953, -0.883346378803, -0.863384306431, -0.806003928185],
        "stdev": [0.0851374268532, 0.08119751513, 0.0643859878182, 0.0412518531084, 0.0274045299739, 0.0324071459472]
    },
    "spectral_contrast_valleys": {
        "max": [-5.14993047714, -4.57870006561, -4.90183353424, -5.83743572235, -5.90814495087, -8.11951446533],
        "mean": [-7.04009628296, -6.47770786285, -6.79706430435, -6.90678834915, -6.92804050446, -9.7227230072],
        "min": [-10.7699728012, -8.44951343536, -8.52645492554, -8.18204402924, -8.06830883026, -12.4288434982],
        "stdev": [1.11030232906, 0.530029654503, 0.556299209595, 0.409998297691, 0.361067831516, 0.713500797749]
    }
},
"rhythm": {
    "beats_count": 74,
    "beats_loudness": {
        "max": 0.0893546119332,
        "mean": 0.0407647453249,
        "min": 0.00417747441679,
        "stdev": 0.0197865143418
    },
    "bpm": 132.05619812,
    "bpm_histogram_first_peak_bpm": 133,
    "bpm_histogram_first_peak_weight": 0.245614051819,
    "bpm_histogram_second_peak_bpm": 112,
    "bpm_histogram_second_peak_spread": 0.444444417953,
    "bpm_histogram_second_peak_weight": 0.0684931501746,
    "danceability": 1.29167342186,
    "onset_rate": 4.16447401047,
    "beats_loudness_band_ratio": {
        "max": [0.798306405544, 0.564593553543, 0.772953569889, 0.787535607815, 0.360639423132, 0.202077761292],
        "mean": [0.399979501963, 0.125223696232, 0.201084375381, 0.165438890457, 0.0795415565372, 0.0641002878547],
        "min": [0.000188544363482, 0.0010997800855, 0.023653626442, 0.0220750961453, 0.00996985193342, 0.00310956430621],
        "stdev": [0.266485214233, 0.118089489639, 0.173225909472, 0.175160124898, 0.0676396936178, 0.0389670319855]
    },
    "beats_position": [0.417959183455, 0.859138309956, 1.30031740665, 1.75310659409, 2.20589566231, 2.65868473053, 3.11147379875, 3.5758728981, 4.02866220474, 4.48145103455, 4.93424034119, 5.38702917099, 5.83981847763, 6.29260778427, 6.7570066452, 7.20979595184, 7.66258478165, 8.11537361145, 8.56816291809, 9.02095222473, 9.47374153137, 9.92653083801, 10.379319191, 10.8437185287, 11.2965078354, 11.749297142, 12.202085495, 12.6548748016, 13.1076641083, 13.5604534149, 14.0248527527, 14.4776411057, 14.9304304123, 15.3832197189, 15.8360090256, 16.3004074097, 16.7531967163, 17.2059860229, 17.6587753296, 18.1115646362, 18.575963974, 19.0287532806, 19.4815406799, 19.9343299866, 20.3871192932, 20.8399085999, 21.2926979065, 21.7454872131, 22.2098865509, 22.6626758575, 23.1154651642, 23.5798625946, 24.0442619324, 24.5086612701, 24.9730606079, 25.4258499146, 25.8786392212, 26.3198184967, 26.7958278656, 27.2718353271, 27.7594547272, 28.2354640961, 28.7230834961, 29.2223129272, 29.7099323273, 30.2323799133, 30.7548294067, 31.2772789001, 31.8113365173, 32.3453979492, 32.8794555664, 33.4135131836, 33.9475746155, 34.4932403564],
