{
"metadata": {
    "version": {
        "essentia": "2.1-beta5",
        "essentia_git_sha": "Undefined",
        "extractor": "music 2.0"
    },
    "audio_properties": {
        "analysis": {
            "equal_loudness": 0,
            "length": 12.7477550507,
            "sample_rate": 44100,
            "start_time": 0,
            "downmix": "mix"
        },
        "bit_rate": 192000,
        "length": 198.321640015,
        "lossless": 0,
        "number_channels": 2,
        "replay_gain": -11.6901111603,
        "sample_rate": 48000,
        "codec": "mp3",
        "md5_encoded": "31f894a343f165bfca368af0b21fea0b"
    },
    "tags": {
        "file_name": "Slovenia_For A Thousand Years_Darja Svajger.mp3",
        "encoding": ["Lavf58.29.100"]
    }
},
"lowlevel": {
    "average_loudness": 0.938588321209,
    "barkbands_crest": {
        "max": 21.0348930359,
        "mean": 8.4211101532,
        "min": 3.38601088524,
        "stdev": 3.77079868317
    },
    "barkbands_flatness_db": {
        "max": 0.297000527382,
        "mean": 0.188546925783,
        "min": 0.0825832113624,
        "stdev": 0.0401332229376
    },
    "barkbands_kurtosis": {
        "max": 21.8894252777,
        "mean": 2.22648525238,
        "min": -1.30219078064,
        "stdev": 3.33616614342
    },
    "barkbands_skewness": {
        "max": 3.77121424675,
        "mean": 0.884888887405,
        "min": -0.560502231121,
        "stdev": 0.805450797081
    },
    "barkbands_spread": {
        "max": 46.0368041992,
        "mean": 12.4880895615,
        "min": 3.29728388786,
        "stdev": 5.84668016434
    },
    "dissonance": {
        "max": 0.499999791384,
        "mean": 0.456247001886,
        "min": 0.323596775532,
        "stdev": 0.0376000218093
    },
    "dynamic_complexity": 2.15601801872,
    "erbbands_crest": {
        "max": 27.0936927795,
        "mean": 8.37375640869,
        "min": 3.15222835541,
        "stdev": 3.37689161301
    },
    "erbbands_flatness_db": {
        "max": 0.307967305183,
        "mean": 0.235620588064,
        "min": 0.120298556983,
        "stdev": 0.0313845425844
    },
    "erbbands_kurtosis": {
        "max": 7.81032466888,
        "mean": 0.561062693596,
        "min": -1.28013145924,
        "stdev": 1.1970334053
    },
    "erbbands_skewness": {
        "max": 2.62604260445,
        "mean": 0.572322309017,
        "min": -0.56208896637,
        "stdev": 0.483884006739
    },
    "erbbands_spread": {
        "max": 59.7684745789,
        "mean": 22.2737522125,
        "min": 7.58913564682,
        "stdev": 8.77366733551
    },
    "hfc": {
        "max": 87.8761520386,
        "mean": 21.341129303,
        "min": 0.0976460874081,
        "stdev": 10.3418540955
    },
    "loudness_ebu128": {
        "integrated": -10.3304367065,
        "loudness_range": 3.63994598389,
        "momentary": {
            "max": -8.03316688538,
            "mean": -10.9240789413,
            "min": -19.5149898529,
            "stdev": 2.63966202736
        },
        "short_term": {
            "max": -9.10607147217,
            "mean": -10.2641630173,
            "min": -14.1455001831,
            "stdev": 1.35841715336
        }
    },
    "melbands_crest": {
        "max": 24.6285820007,
        "mean": 9.46452999115,
        "min": 3.42903470993,
        "stdev": 4.29640007019
    },
    "melbands_flatness_db": {
        "max": 0.333539426327,
        "mean": 0.186148762703,
        "min": 0.0462230555713,
        "stdev": 0.0777004361153
    },
    "melbands_kurtosis": {
        "max": 34.2848243713,
        "mean": 4.44344520569,
        "min": -0.790699958801,
        "stdev": 5.67778539658
    },
    "melbands_skewness": {
        "max": 4.72599697113,
        "mean": 1.27416789532,
        "min": -0.484828025103,
        "stdev": 0.953837454319
    },
    "melbands_spread": {
        "max": 51.7825012207,
        "mean": 20.2476463318,
        "min": 3.51020693779,
        "stdev": 10.1887369156
    },
    "pitch_salience": {
        "max": 0.865597724915,
        "mean": 0.635002434254,
        "min": 0.300321131945,
        "stdev": 0.124160960317
    },
    "silence_rate_20dB": {
        "max": 1,
        "mean": 1,
        "min": 1,
        "stdev": 0
    },
    "silence_rate_30dB": {
        "max": 1,
        "mean": 1,
        "min": 1,
        "stdev": 0
    },
    "silence_rate_60dB": {
        "max": 1,
        "mean": 0.0436363629997,
        "min": 0,
        "stdev": 0.204283252358
    },
    "spectral_centroid": {
        "max": 3052.5925293,
        "mean": 1280.42529297,
        "min": 334.30255127,
        "stdev": 712.989929199
    },
    "spectral_complexity": {
        "max": 50,
        "mean": 21.9072723389,
        "min": 0,
        "stdev": 7.19069242477
    },
    "spectral_decrease": {
        "max": -1.82422167649e-11,
        "mean": -7.32814120497e-09,
        "min": -2.39153994386e-08,
        "stdev": 4.81200146396e-09
    },
    "spectral_energy": {
        "max": 0.0925221070647,
        "mean": 0.0295938048512,
        "min": 7.7706958109e-05,
        "stdev": 0.0186125282198
    },
    "spectral_energyband_high": {
        "max": 0.00477084191516,
        "mean": 0.000368381239241,
        "min": 6.31255670669e-06,
        "stdev": 0.000623059109785
    },
    "spectral_energyband_low": {
        "max": 0.0222282726318,
        "mean": 0.00311850733124,
        "min": 2.05806327358e-06,
        "stdev": 0.00377893238328
    },
    "spectral_energyband_middle_high": {
        "max": 0.0342934653163,
        "mean": 0.00786041747779,
        "min": 2.34950330196e-05,
        "stdev": 0.00467294827104
    },
    "spectral_energyband_middle_low": {
        "max": 0.0836195871234,
        "mean": 0.0187307614833,
        "min": 4.33746645285e-05,
        "stdev": 0.0167585611343
    },
    "spectral_entropy": {
        "max": 8.27657794952,
        "mean": 7.27467489243,
        "min": 6.1725320816,
        "stdev": 0.583821773529
    },
    "spectral_flux": {
        "max": 0.148966014385,
        "mean": 0.0692442059517,
        "min": 0.00881515536457,
        "stdev": 0.0204509776086
    },
    "spectral_kurtosis": {
        "max": 24.1614933014,
        "mean": 6.74893379211,
        "min": 0.359702825546,
        "stdev": 4.9508934021
    },
    "spectral_rms": {
        "max": 0.00950081460178,
        "mean": 0.00505653489381,
        "min": 0.000275339203654,
        "stdev": 0.00181754212826
    },
    "spectral_rolloff": {
        "max": 5167.96875,
        "mean": 1512.53295898,
        "min": 236.865234375,
        "stdev": 964.659606934
    },
    "spectral_skewness": {
        "max": 3.90116810799,
        "mean": 1.78345716,
        "min": 0.798528075218,
        "stdev": 0.521230041981
    },
    "spectral_spread": {
        "max": 7833990.5,
        "mean": 2891179.75,
        "min": 1831690.625,
        "stdev": 777581.625
    },
    "spectral_strongpeak": {
        "max": 5.15788221359,
        "mean": 1.45126926899,
        "min": 0.0122163621709,
        "stdev": 1.01814067364
    },
    "zerocrossingrate": {
        "max": 0.1416015625,
        "mean": 0.0587428994477,
        "min": 0.01318359375,
        "stdev": 0.0341693721712
    },
    "barkbands": {
        "max": [0.000426514627179, 0.0185139738023, 0.00970297213644, 0.00516746612266, 0.0720812231302, 0.0312952771783, 0.069118745625, 0.036354739219, 0.0185914300382, 0.0188388656825, 0.00421475619078, 0.0152416685596, 0.00605599442497, 0.00994918774813, 0.00629670778289, 0.0083275558427, 0.00798336416483, 0.00500079337507, 0.00122413493227, 0.000621394137852, 0.00124839472119, 0.00104636221658, 0.00138604314998, 0.00111778907012, 0.00022687028104, 6.76871707128e-07, 1.030266219e-07],
        "mean": [9.98937684926e-06, 0.00145712087397, 0.00128913356457, 0.000737095251679, 0.00534822791815, 0.00386015721597, 0.00363097735681, 0.00359006016515, 0.0013566595735, 0.00210954085924, 0.00043041841127, 0.00168644916266, 0.000543428235687, 0.000919903162867, 0.000508818193339, 0.000682488665916, 0.00054402614478, 0.000290279189358, 0.000182668751222, 9.68394015217e-05, 9.55655777943e-05, 7.82999122748e-05, 7.66263838159e-05, 5.55865954084e-05, 1.34527863338e-05, 3.27066729255e-09, 1.50778034502e-09],
        "min": [9.37375865817e-09, 1.8160424986e-07, 2.06716876505e-07, 6.30551255654e-07, 4.0231134335e-06, 2.35773404711e-06, 1.75380330347e-06, 3.67637721865e-06, 1.43769520946e-05, 3.99436339649e-06, 4.88633850182e-06, 6.81333494867e-06, 1.47194793954e-06, 7.84494091022e-07, 1.04292189462e-06, 1.62924345659e-06, 2.14681722355e-06, 7.89922353306e-07, 9.36702008403e-07, 6.42634006454e-07, 2.11035580833e-06, 6.81076073761e-07, 1.70391570009e-06, 1.16055241506e-06, 1.29546720018e-07, 8.85041345766e-12, 1.26434895539e-11],
        "stdev": [2.54983224295e-05, 0.0027480807621, 0.00177435250953, 0.00091486191377, 0.00974308606237, 0.00491981254891, 0.00724743353203, 0.00631894916296, 0.00189862598199, 0.00243561645038, 0.000507375632878, 0.00222466117702, 0.000630854337942, 0.000830735254567, 0.000778785557486, 0.000828001881018, 0.000628559442703, 0.000389425724279, 0.000156749141752, 9.55206487561e-05, 0.000152131178766, 0.000140151329106, 0.000161237869179, 0.000122745666886, 2.95084755635e-05, 3.02635143612e-08, 6.57411902694e-09]
    },
    "erbbands": {
        "max": [0.40982183814, 4.53167963028, 7.22653579712, 15.0141057968, 217.792739868, 165.488952637, 132.240570068, 378.790039062, 1242.80859375, 521.12890625, 668.571960449, 295.737518311, 426.386260986, 262.725646973, 304.484466553, 469.898956299, 238.850967407, 492.490875244, 271.913146973, 455.899017334, 426.038360596, 445.761260986, 309.806732178, 103.873558044, 46.7863578796, 27.254655838, 34.7799568176, 58.3297080994, 43.0270843506, 47.8647232056, 28.8187675476, 33.1372413635, 14.4134254456, 5.56052160263, 0.353753656149, 0.0103276548907, 0.00151553982869, 0.00029212993104, 7.11017273716e-05, 0.000103699167084],
        "mean": [0.0297865960747, 0.38840508461, 1.314422369, 2.42177939415, 14.2186326981, 14.1815223694, 17.720199585, 38.0480232239, 68.9472885132, 39.1682548523, 70.5821380615, 28.4512443542, 53.2857971191, 38.909576416, 36.3516693115, 51.1202659607, 31.8546733856, 31.9761390686, 42.0929832458, 31.3630390167, 35.4055976868, 34.5606918335, 18.5314750671, 11.6241397858, 6.16001272202, 4.50411224365, 3.63375854492, 3.83838248253, 2.90033531189, 2.69047617912, 2.00899672508, 1.44840836525, 0.749690949917, 0.315586864948, 0.0160083565861, 0.000544959388208, 6.08343434578e-05, 1.21926659631e-05, 1.74423657882e-05, 3.51483213308e-05],
        "min": [3.15725515065e-06, 3.18031779898e-05, 0.000253798032645, 0.00234876037575, 0.00382965104654, 0.0109030576423, 0.0276675019413, 0.0249036736786, 0.0358950644732, 0.0511010810733, 0.124315284193, 0.32323461771, 0.239550039172, 0.0769475698471, 0.298213005066, 0.244292870164, 0.0818110853434, 0.0388679504395, 0.0595482885838, 0.0450277924538, 0.122395455837, 0.0977152660489, 0.041506420821, 0.0355955436826, 0.0503397248685, 0.0311779417098, 0.0427825972438, 0.0972421094775, 0.0258729029447, 0.0296404194087, 0.0446114353836, 0.031359963119, 0.013922829181, 0.00454495241866, 0.000165245335666, 1.04085511339e-05, 1.0875079397e-06, 2.26256801739e-07, 9.85650743246e-08, 1.11527391766e-07],
        "stdev": [0.0615832582116, 0.676971971989, 1.62027740479, 2.77553081512, 29.6765403748, 22.4727210999, 21.684633255, 48.7636642456, 129.469650269, 63.1902503967, 114.119422913, 33.4458732605, 56.7865180969, 39.4815979004, 42.2441139221, 57.911365509, 30.5017986298, 33.0761985779, 38.8582191467, 42.4011192322, 42.3717422485, 36.6427116394, 23.2928447723, 11.3664321899, 5.65948343277, 4.58350419998, 4.76351213455, 6.85702705383, 5.22068357468, 5.79428243637, 4.00285291672, 3.32064676285, 1.56816256046, 0.703535854816, 0.0388343557715, 0.00121814035811, 0.00011725492368, 2.12004124478e-05, 9.52003574639e-06, 2.03782001336e-05]
    },
    "gfcc": {
        "mean": [-26.451259613, 133.057876587, -182.907043457, 28.6327095032, -74.0031433105, 7.78627681732, -37.4481773376, -7.79558420181, -2.96442770958, -22.9193325043, 5.70094823837, -18.3042201996, 5.49070978165],
        "cov": [[1173.44689941, 604.327270508, 515.586364746, 151.340805054, 52.9529304504, -59.2354469299, 37.808467865, -35.8668823242, 15.950676918, -27.4418411255, 35.3088912964, 47.9776649475, 39.7412147522], [604.327270508, 3679.92382812, 1645.4432373, 32.1564865112, 628.78125, -879.143981934, 551.46105957, -238.864807129, 99.4191055298, -243.545928955, 378.572845459, 68.4285964966, 42.1181259155], [515.586364746, 1645.4432373, 1060.25927734, 206.850280762, 262.473724365, -299.770629883, 183.922546387, -107.325126648, 14.8785476685, -112.241088867, 140.920822144, 49.8681755066, 77.6798858643], [151.340805054, 32.1564865112, 206.850280762, 195.674911499, 37.4439125061, 74.8417053223, -22.9258213043, -4.51443099976, -20.278383255, -22.2291545868, -26.2846221924, 2.29281067848, 45.5069618225], [52.9529304504, 628.78125, 262.473724365, 37.4439125061, 181.481552124, -125.134605408, 101.157981873, -47.2268371582, 6.85605430603, -59.2281646729, 54.1266555786, 2.81871390343, 10.7678279877], [-59.2354469299, -879.143981934, -299.770629883, 74.8417053223, -125.134605408, 321.995849609, -118.241485596, 65.5539855957, -32.4596138, 53.8433647156, -107.043083191, -10.6446084976, 23.6463832855], [37.808467865, 551.46105957, 183.922546387, -22.9258213043, 101.157981873, -118.241485596, 151.23739624, -11.0678653717, 25.9829311371, -39.7327384949, 57.2698440552, 5.31419563293, -9.89240169525], [-35.8668823242, -238.864807129, -107.325126648, -4.51443099976, -47.2268371582, 65.5539855957, -11.0678653717, 67.9629516602, 16.7706031799, 23.0485286713, -24.5990543365, -4.45982694626, -7.69520378113], [15.950676918, 99.4191055298, 14.8785476685, -20.278383255, 6.85605430603, -32.4596138, 25.9829311371, 16.7706031799, 50.8677062988, 16.6962757111, 12.5800542831, 4.53386163712, -10.1943292618], [-27.4418411255, -243.545928955, -112.241088867, -22.2291545868, -59.2281646729, 53.8433647156, -39.7327384949, 23.0485286713, 16.6962757111, 64.5834579468, 3.63770747185, 9.47345066071, -5.9716963768], [35.3088912964, 378.572845459, 140.920822144, -26.2846221924, 54.1266555786, -107.043083191, 57.2698440552, -24.5990543365, 12.5800542831, 3.63770747185, 100.25365448, 38.1925163269, 4.41642379761], [47.9776649475, 68.4285964966, 49.8681755066, 2.29281067848, 2.81871390343, -10.6446084976, 5.31419563293, -4.45982694626, 4.53386163712, 9.47345066071, 38.1925163269, 51.1837425232, 28.0702114105], [39.7412147522, 42.1181259155, 77.6798858643, 45.5069618225, 10.7678279877, 23.6463832855, -9.89240169525, -7.69520378113, -10.1943292618, -5.9716963768, 4.41642379761, 28.0702114105, 62.6580848694]],
        "icov": [[0.00127387233078, -0.000890238326974, -3.82435136999e-05, -0.000746636651456, 0.00118754198775, -0.000871879805345, 0.000869895564392, -0.000138562274515, 0.00021270486468, -0.000442477030447, 0.00136371189728, -0.00201899395324, 0.00142620701808], [-0.000890238326974, 0.0163102932274, -0.0143912862986, 0.00952911283821, -0.0119590600953, 0.0110423145816, -0.0150154465809, 0.00909078121185, -0.0126309022307, 0.00832071434706, -0.0120284501463, 0.0109648462385, -0.008170790039], [-3.82435136999e-05, -0.0143912862986, 0.0170166920871, -0.0134095288813, 0.0104309255257, -0.00644451798871, 0.0109906783327, -0.00667915120721, 0.0106447376311, -0.00679289083928, 0.0085545796901, -0.00877089705318, 0.00430583069101], [-0.000746636651456, 0.00952911283821, -0.0134095288813, 0.0210288595408, -0.0108925914392, -0.00076530885417, -0.00344659504481, 0.00291663734242, -0.00732662063092, 0.00746300490573, -0.00581840984523, 0.00823616236448, -0.00636577187106], [0.00118754198775, -0.0119590600953, 0.0104309255257, -0.0108925914392, 0.024656271562, -0.00791698507965, 0.00539185293019, -0.000589136383496, 0.00442839320749, 0.00211601075716, 0.00275211711414, -0.003494722303, 0.0040881652385], [-0.000871879805345, 0.0110423145816, -0.00644451798871, -0.00076530885417, -0.00791698507965, 0.0213335994631, -0.0129392007366, 0.00135039549787, 0.000348900357494, -0.0051943953149, 0.0014618820278, 0.00347018172033, -0.00898759160191], [0.000869895564392, -0.0150154465809, 0.0109906783327, -0.00344659504481, 0.00539185293019, -0.0129392007366, 0.0320875532925, -0.0139850210398, 0.00466358708218, 0.00279137957841, 0.00338635407388, -0.00776807544753, 0.00999010261148], [-0.000138562274515, 0.00909078121185, -0.00667915120721, 0.00291663734242, -0.000589136383496, 0.00135039549787, -0.0139850210398, 0.0326590128243, -0.0187836848199, 0.00570282945409, -0.00641699787229, 0.00616362411529, -0.00328757450916], [0.00021270486468, -0.0126309022307, 0.0106447376311, -0.00732662063092, 0.00442839320749, 0.000348900357494, 0.00466358708218, -0.0187836848199, 0.0489150546491, -0.0289705935866, 0.0220113322139, -0.0158489197493, 0.00876257382333], [-0.000442477030447, 0.00832071434706, -0.00679289083928, 0.00746300490573, 0.00211601075716, -0.0051943953149, 0.00279137957841, 0.00570282945409, -0.0289705935866, 0.0508060120046, -0.0286634732038, 0.0102389138192, -0.00201139925048], [0.00136371189728, -0.0120284501463, 0.0085545796901, -0.00581840984523, 0.00275211711414, 0.0014618820278, 0.00338635407388, -0.00641699787229, 0.0220113322139, -0.0286634732038, 0.0483738593757, -0.0333097241819, 0.0119248600677], [-0.00201899395324, 0.0109648462385, -0.00877089705318, 0.00823616236448, -0.003494722303, 0.00347018172033, -0.00776807544753, 0.00616362411529, -0.0158489197493, 0.0102389138192, -0.0333097241819, 0.0562946498394, -0.0268508289009], [0.00142620701808, -0.008170790039, 0.00430583069101, -0.00636577187106, 0.0040881652385, -0.00898759160191, 0.00999010261148, -0.00328757450916, 0.00876257382333, -0.00201139925048, 0.0119248600677, -0.0268508289009, 0.0361176207662]]
    },
    "melbands": {
        "max": [0.00482029095292, 0.00329569913447, 0.00689211720601, 0.0176741108298, 0.0035479334183, 0.00747899059206, 0.0158706828952, 0.00630549760535, 0.00434171548113, 0.00160525750834, 0.00242104008794, 0.00146686995868, 0.000599183316808, 0.00206269882619, 0.00174299057107, 0.000560408574529, 0.000951750786044, 0.000556658953428, 0.000489342375658, 0.000617371464614, 0.000491112528834, 0.000522705900948, 0.000301998952636, 0.000253907666774, 7.86371092545e-05, 5.80296400585e-05, 2.61521927314e-05, 2.12590221054e-05, 2.22460985242e-05, 3.36650919053e-05, 4.73111613246e-05, 2.56643470493e-05, 2.42890837399e-05, 3.4620949009e-05, 1.59141454787e-05, 2.66533843387e-05, 2.42499809247e-05, 1.06742400021e-05, 7.57772977522e-06, 5.18551223649e-06],
        "mean": [0.000358249846613, 0.000622675346676, 0.000714843452442, 0.00122223154176, 0.00056450208649, 0.000906644680072, 0.000906899687834, 0.00054705212824, 0.000525035022292, 0.000158044640557, 0.000288619718049, 0.000192671883269, 8.8092914666e-05, 0.00016564001271, 0.000129098334583, 4.68752004963e-05, 6.38437923044e-05, 7.87311364547e-05, 3.95038296119e-05, 4.72829306091e-05, 3.68129403796e-05, 3.84102786484e-05, 2.05478245334e-05, 1.29995823954e-05, 9.15918280953e-06, 6.1879977693e-06, 3.32521972268e-06, 2.89440822598e-06, 2.30226419262e-06, 2.13290309148e-06, 2.23966912927e-06, 1.63945651366e-06, 1.44690534398e-06, 1.54273982389e-06, 1.16776413961e-06, 1.02381363831e-06, 8.40451036765e-07, 5.62672141768e-07, 3.73237014628e-07, 2.26801091685e-07],
        "min": [5.0003553298e-08, 1.51204929466e-07, 6.35904029878e-07, 5.06982246407e-07, 9.93394337456e-07, 5.09716699071e-07, 4.60358194232e-07, 5.54672055841e-07, 1.17264380606e-06, 2.13371231439e-06, 1.15130387712e-06, 2.54089712826e-07, 8.48597323966e-07, 8.8491748329e-07, 3.89444039683e-07, 8.7102044688e-08, 6.77000855376e-08, 9.43415443544e-08, 7.05247700239e-08, 7.07498131192e-08, 1.77460137252e-07, 1.15932259348e-07, 6.59351613308e-08, 2.26656755586e-08, 2.72182187899e-08, 4.41821299546e-08, 2.59085215504e-08, 1.89890911884e-08, 1.617586598e-08, 6.57730510056e-08, 4.42965415459e-08, 7.85254172797e-09, 2.16322497693e-08, 1.35345867847e-08, 1.70295511026e-08, 1.61272861732e-08, 1.44177176864e-08, 8.47478887067e-09, 4.98763563783e-09, 1.79924874999e-09],
        "stdev": [0.000722200551536, 0.000701962446328, 0.0010433314601, 0.0023830938153, 0.00065894483123, 0.00110225414392, 0.00166177260689, 0.000957274576649, 0.000793907965999, 0.000191276252735, 0.000318677863106, 0.000208468336496, 8.80977750057e-05, 0.000248746277066, 0.000166130179423, 6.39465506538e-05, 6.36181503069e-05, 7.27332953829e-05, 5.72469871258e-05, 5.88825678278e-05, 4.93164698128e-05, 4.16157417931e-05, 2.68313578999e-05, 1.89679794858e-05, 8.86025190994e-06, 5.64750780541e-06, 3.52686470251e-06, 3.14736621476e-06, 2.86218846668e-06, 3.43184410667e-06, 4.53602388006e-06, 2.95439576803e-06, 2.76447258329e-06, 3.63178264706e-06, 2.3170739496e-06, 2.23613733397e-06, 2.09700237974e-06, 1.20231084111e-06, 7.66585060319e-07, 5.64667573144e-07]
    },
    "melbands128": {
        "max": [0.00023656252597, 0.00187861407176, 0.00872982945293, 0.0071259252727, 0.0033440948464, 0.00547734741122, 0.00303397001699, 0.00350111327134, 0.0262216664851, 0.0288536269218, 0.00463024247438, 0.0053084557876, 0.00537062622607, 0.0072161029093, 0.0103072952479, 0.0104302903637, 0.0332333482802, 0.0154158473015, 0.00195053289644, 0.00665433658287, 0.0106820864603, 0.0131456349045, 0.00454802718014, 0.00759816309437, 0.00242287921719, 0.00111658370588, 0.00165277777705, 0.0015350303147, 0.00680707627907, 0.00226134085096, 0.000969050452113, 0.000581564905588, 0.00064303126419, 0.00126733316574, 0.00469939457253, 0.00143168459181, 0.00120250647888, 0.00384581997059, 0.000767004617956, 0.000796157168224, 0.000618827703875, 0.00104686652776, 0.0013067079708, 0.000576381862629, 0.00161008711439, 0.000748241902329, 0.000718512455933, 0.000405759055866, 0.000441457610577, 0.00113690493163, 0.00071397429565, 0.000616415345576, 0.000650856003631, 0.00045440212125, 0.000741873402148, 0.00071033713175, 0.000579775252845, 0.000398327916628, 0.000321713916492, 0.000173370193806, 0.000441143842181, 0.000137639755849, 0.00013311622024, 5.54192301934e-05, 0.00016567138664, 6.42543964204e-05, 4.65725024696e-05, 3.89936685679e-05, 3.58178513125e-05, 2.17671513383e-05, 3.3780321246e-05, 2.63553574769e-05, 3.19821556332e-05, 2.57504707406e-05, 3.64943152817e-05, 4.95017411595e-05, 2.7564161428e-05, 3.38156714861e-05, 8.98584912647e-05, 3.95956376451e-05, 2.40382378252e-05, 4.29898573202e-05, 3.60471603926e-05, 1.86844008567e-05, 2.7063086236e-05, 3.20444742101e-05, 5.45007242181e-05, 2.60869892372e-05, 1.72368127096e-05, 1.21077537187e-05, 2.92740078294e-05, 5.63956054975e-05, 1.41634927786e-05, 2.8699862014e-05, 3.54409312422e-05, 1.57294452947e-05, 7.77419427322e-06, 9.21029550227e-06, 9.53108792601e-06, 4.69472070108e-06, 7.83434461482e-06, 7.40534824217e-06, 4.09725856798e-07, 4.41395853201e-09, 1.59077595541e-09, 4.87228790647e-09, 2.71205480296e-09, 6.76686173762e-09, 7.56818518965e-09, 6.42077502278e-09, 3.36320327143e-09, 2.36570008028e-09, 3.53899709538e-09, 2.68126809644e-09, 3.19230619716e-09, 2.08666284252e-09, 9.72391167586e-10, 6.80032974376e-10, 6.0368859911e-10, 5.46600653628e-10, 4.81649164996e-10, 4.12582579212e-10, 3.5157224354e-10, 3.08387176906e-10, 2.81502543498e-10, 2.76957679013e-10, 2.73790823346e-10, 2.71841327226e-10],
        "mean": [6.93168385624e-06, 0.000134482019348, 0.000599726045039, 0.00061687536072, 0.000647315115202, 0.000630336347967, 0.000429756328231, 0.000370412832126, 0.00163646799047, 0.001837200718, 0.000462369498564, 0.00046514873975, 0.000562989036553, 0.000751606072299, 0.000705827900674, 0.000937627453823, 0.00163072685245, 0.000865537498612, 0.000113653513836, 0.000225451920414, 0.000954674615059, 0.00102516787592, 0.000282633060124, 0.000337480567396, 0.000149282044731, 0.000102594531199, 0.000121529847092, 0.00020339502953, 0.000641816412099, 0.000212413506233, 6.24972599326e-05, 5.17317566846e-05, 5.63391477044e-05, 9.2690665042e-05, 0.000309940485749, 9.82510464382e-05, 7.91452766862e-05, 0.000236674764892, 6.39559075353e-05, 4.66877390863e-05, 3.97525000153e-05, 5.32918747922e-05, 4.59860275441e-05, 5.31901860086e-05, 0.000159025599714, 5.45467264601e-05, 3.85626590287e-05, 4.43196258857e-05, 3.65008454537e-05, 3.66588610632e-05, 5.73355173401e-05, 4.2661165935e-05, 5.3203326388e-05, 2.45934224949e-05, 2.18976856559e-05, 5.79931256652e-05, 3.25601904478e-05, 1.82446765393e-05, 2.07739376492e-05, 1.5105154489e-05, 1.52518277901e-05, 7.68159043218e-06, 7.79079982749e-06, 7.74630734668e-06, 1.59115461429e-05, 4.11147311752e-06, 2.68166468231e-06, 3.36143489221e-06, 3.71426381207e-06, 3.06053789245e-06, 2.49887784776e-06, 3.45256034961e-06, 2.23731672122e-06, 2.22336484512e-06, 2.05078367799e-06, 2.014733127e-06, 2.15694421968e-06, 2.46597437581e-06, 2.48043147622e-06, 1.77131971668e-06, 1.61940226917e-06, 1.5990187876e-06, 1.57694205427e-06, 1.31126137148e-06, 1.5421334183e-06, 1.39882274652e-06, 1.83925158126e-06, 1.22592109619e-06, 1.14329759526e-06, 1.02075409814e-06, 1.13322801099e-06, 1.02281228465e-06, 8.82572862793e-07, 8.98789267012e-07, 7.60018167512e-07, 6.50743572805e-07, 5.12316489676e-07, 4.45944664307e-07, 3.99236711246e-07, 2.9616509778e-07, 3.65948238823e-07, 2.49376768124e-07, 1.05236601655e-08, 1.23773949423e-10, 1.70695124702e-11, 5.88364426624e-11, 6.3767907621e-11, 3.37919275895e-11, 3.03181715844e-11, 2.71003931102e-11, 2.04758762029e-11, 1.46572597809e-11, 1.67753051034e-11, 1.45740780555e-11, 1.45076112582e-11, 1.16178689932e-11, 8.65674545936e-12, 7.75150863636e-12, 7.36212826813e-12, 7.01776093834e-12, 6.68642008081e-12, 6.37035953502e-12, 6.0879994622e-12, 5.75500628056e-12, 5.20471079429e-12, 4.54058925875e-12, 4.22078561338e-12, 4.15957372712e-12],
        "min": [2.62654809013e-09, 2.56749359551e-08, 3.60793128706e-09, 4.51194246409e-08, 5.32313713109e-08, 1.0550702001e-07, 1.05357884195e-07, 1.71107870983e-07, 2.62163695197e-07, 9.10623469963e-08, 1.40779150115e-07, 3.21530592373e-07, 2.59916305367e-07, 2.32319564475e-07, 2.74993624316e-07, 9.57109165256e-08, 3.68482119484e-07, 4.30075246527e-08, 1.81940478683e-07, 1.84724896712e-07, 5.15159626957e-07, 5.21556785316e-07, 3.67645213828e-07, 1.45753563174e-06, 5.16078387136e-07, 1.85348753234e-07, 4.4594986548e-07, 1.06789480014e-06, 5.55547728709e-07, 2.392857823e-07, 1.13392744083e-07, 2.99544382187e-07, 3.98933195811e-07, 5.00889370869e-07, 2.622275872e-07, 2.34686723388e-07, 5.58010469831e-07, 4.07828537163e-07, 2.97422616313e-07, 9.46243616795e-08, 3.64343009096e-08, 6.59293490912e-08, 7.92448986431e-08, 6.20201277002e-08, 5.80435006725e-08, 1.30131468268e-07, 8.7559520523e-08, 1.01345278836e-07, 4.59016220589e-08, 1.97293168469e-08, 9.91861597299e-08, 9.53139576154e-08, 6.63261445766e-08, 3.73722386371e-08, 1.0419246621e-07, 4.36477485266e-08, 7.34471043984e-08, 7.99900092829e-08, 7.04555205289e-08, 1.51780206181e-08, 1.21614274207e-08, 3.8275651093e-08, 1.77290662151e-08, 1.33266349067e-08, 5.16956752961e-08, 4.94034964049e-08, 2.61702908233e-08, 4.12443164066e-08, 1.57394772771e-08, 8.65222915536e-09, 2.14050448477e-08, 8.10799427597e-09, 2.50734597529e-08, 1.40440263863e-08, 1.12332774194e-08, 7.81473552536e-09, 3.34463301499e-08, 7.59665468308e-08, 1.06387121335e-08, 5.92483795359e-09, 2.75131539773e-09, 4.62564830883e-09, 2.33042634079e-08, 5.58148638419e-09, 9.89693305087e-09, 1.51702905793e-09, 1.61216604511e-08, 8.9894713895e-09, 1.23858368006e-09, 1.6234362743e-09, 2.85531287503e-09, 4.7130956915e-09, 1.88127113887e-09, 1.44233613941e-09, 4.33647606712e-09, 6.53671616835e-10, 5.85956505539e-10, 2.66852295816e-09, 1.32907918005e-09, 6.6450522862e-10, 1.81860160264e-09, 1.27851689739e-12, 1.60244254389e-13, 9.05067307991e-14, 5.26275427588e-14, 4.8505148601e-14, 4.68481895259e-14, 3.18877445336e-14, 3.88915448782e-14, 4.53685754329e-14, 3.54576766982e-14, 5.49623789135e-14, 3.93655241867e-14, 4.03727208999e-14, 3.12064183359e-14, 4.54729231158e-14, 3.15947998829e-14, 4.36034875199e-14, 3.41933038416e-14, 4.53670812668e-14, 3.83199501048e-14, 4.41622344976e-14, 5.12595371152e-14, 3.7709476519e-14, 3.23540869931e-14, 9.32984260324e-15, 1.45883436302e-15, 1.27441242052e-16],
        "stdev": [1.48677572724e-05, 0.000271348515525, 0.00134253303986, 0.00105390453245, 0.000802230497357, 0.0009073051624, 0.000550365075469, 0.000521027424838, 0.00358604127541, 0.00398480193689, 0.000632281822618, 0.000708611332811, 0.000769105623476, 0.00121084135026, 0.00112831720617, 0.00150995457079, 0.00336649338715, 0.00173150352202, 0.000189203405171, 0.000651186157484, 0.00180318381172, 0.00215526437387, 0.000528213684447, 0.000718413153663, 0.000259086547885, 0.000151734944666, 0.00021908027702, 0.000243441638304, 0.000855624966789, 0.000298154744087, 9.93804933387e-05, 6.61019585095e-05, 7.66327939346e-05, 0.000153435568791, 0.000595598772634, 0.000154622321134, 0.000111514578748, 0.000373722083168, 8.75647456269e-05, 7.6329903095e-05, 6.60875593894e-05, 8.99846781977e-05, 8.14612722024e-05, 6.06519497524e-05, 0.00019140423683, 7.11739485268e-05, 7.62004419812e-05, 6.07773326919e-05, 6.31451184745e-05, 7.7746270108e-05, 7.3418894317e-05, 5.87852955505e-05, 7.33339038561e-05, 4.50673505838e-05, 4.82160576212e-05, 6.29462592769e-05, 4.15303802583e-05, 3.57523058483e-05, 2.95597019431e-05, 1.95977372641e-05, 2.78477327811e-05, 1.4528972315e-05, 1.42923272506e-05, 7.6247765719e-06, 1.68895548995e-05, 6.54232280795e-06, 4.69154701932e-06, 4.27153690907e-06, 4.10490474678e-06, 3.69168333236e-06, 4.00364342568e-06, 3.45698481397e-06, 3.3679518765e-06, 3.10329642161e-06, 3.34804121849e-06, 4.12628696722e-06, 3.55715974365e-06, 4.07498964705e-06, 6.88807222105e-06, 3.66190351997e-06, 2.8275690056e-06, 3.4441425214e-06, 3.13876853397e-06, 2.48398396252e-06, 3.4280581076e-06, 3.32720583174e-06, 5.15236206411e-06, 2.58736440628e-06, 2.48863898378e-06, 1.95720804186e-06, 2.56956832345e-06, 3.0356688967e-06, 1.99282430913e-06, 2.39597807195e-06, 2.26425140681e-06, 1.61406694588e-06, 1.01019986687e-06, 9.4762452818e-07, 9.27648784455e-07, 5.91358968904e-07, 8.91266211056e-07, 7.34305444894e-07, 3.00219227256e-08, 3.83808207438e-10, 8.70394173402e-11, 2.59071819553e-10, 2.18590479051e-10, 3.05806879819e-10, 3.35449584776e-10, 2.86570545072e-10, 1.65692307097e-10, 1.08693186396e-10, 1.56824789266e-10, 1.22109308776e-10, 1.4112019886e-10, 9.44960013016e-11, 4.98320724962e-11, 3.90646751058e-11, 3.58037592629e-11, 3.32058061603e-11, 3.04422251296e-11, 2.77362507961e-11, 2.53595599381e-11, 2.24490547679e-11, 1.76900039756e-11, 1.3655124774e-11, 1.29218667017e-11, 1.28260986901e-11]
    },
    "mfcc": {
        "mean": [-635.83581543, 135.60597229, -35.1966896057, 4.96323633194, -7.07808971405, -3.72329354286, -11.6447572708, 3.43380093575, -6.62356901169, -2.09857678413, -5.22210597992, 0.480950534344, -3.86055231094],
        "cov": [[1021.91259766, -188.168319702, 179.93347168, -5.33236551285, 50.3646812439, 70.5963516235, -33.7503738403, 8.2124042511, 32.926700592, -0.747396171093, -6.06299161911, -11.0216121674, -11.891992569], [-188.168319702, 3627.64672852, 984.641174316, 1119.59033203, 0.0555075295269, -210.952880859, 244.589569092, 151.760620117, -246.699401855, -100.170837402, -63.1463241577, 35.229549408, 166.709777832], [179.93347168, 984.641174316, 660.25378418, 423.671600342, 112.842765808, 31.9324302673, 87.9135513306, 49.8178596497, -39.6529312134, -34.9256362915, -48.7868804932, -42.8823814392, -8.47567653656], [-5.33236551285, 1119.59033203, 423.671600342, 463.020355225, 67.2341308594, -30.5970897675, 89.3167953491, 57.9779396057, -67.6089553833, -32.7767715454, -38.9377174377, -19.7758522034, 17.1801757812], [50.3646812439, 0.0555075295269, 112.842765808, 67.2341308594, 113.875991821, 60.0425758362, 20.446603775, 5.80200099945, 14.7789955139, -6.68143129349, -24.1515617371, -35.5969848633, -38.6384353638], [70.5963516235, -210.952880859, 31.9324302673, -30.5970897675, 60.0425758362, 104.366607666, 18.19257164, 3.9571647644, 33.7492256165, 4.65962171555, -15.1694097519, -28.7775421143, -35.1198196411], [-33.7503738403, 244.589569092, 87.9135513306, 89.3167953491, 20.446603775, 18.19257164, 79.5202484131, 33.6492843628, -12.8076763153, -4.00773668289, -12.1964797974, -15.7961740494, -5.37976074219], [8.2124042511, 151.760620117, 49.8178596497, 57.9779396057, 5.80200099945, 3.9571647644, 33.6492843628, 60.4739646912, 15.047164917, 4.7373623848, -3.51941132545, -4.58688306808, 3.38736987114], [32.926700592, -246.699401855, -39.6529312134, -67.6089553833, 14.7789955139, 33.7492256165, -12.8076763153, 15.047164917, 75.8719940186, 26.5406589508, -0.247250303626, -9.62193202972, -21.8577613831], [-0.747396171093, -100.170837402, -34.9256362915, -32.7767715454, -6.68143129349, 4.65962171555, -4.00773668289, 4.7373623848, 26.5406589508, 48.4889907837, 18.295583725, -4.43151855469, -9.61524772644], [-6.06299161911, -63.1463241577, -48.7868804932, -38.9377174377, -24.1515617371, -15.1694097519, -12.1964797974, -3.51941132545, -0.247250303626, 18.295583725, 50.6879119873, 22.9354820251, 12.2350034714], [-11.0216121674, 35.229549408, -42.8823814392, -19.7758522034, -35.5969848633, -28.7775421143, -15.7961740494, -4.58688306808, -9.62193202972, -4.43151855469, 22.9354820251, 61.8029518127, 46.9796257019], [-11.891992569, 166.709777832, -8.47567653656, 17.1801757812, -38.6384353638, -35.1198196411, -5.37976074219, 3.38736987114, -21.8577613831, -9.61524772644, 12.2350034714, 46.9796257019, 79.6734085083]],
        "icov": [[0.00121374276932, 0.000178088637767, -0.000777676177677, 0.000162750628078, 0.000147037731949, -0.000640141777694, 0.00107934034895, -0.000767963298131, 0.000299813924357, -2.44471102633e-05, -5.1875202189e-05, -9.79931719485e-05, -0.000269582145847], [0.000178088637767, 0.00197883718647, -0.000657402095385, -0.00373866944574, 0.00162167183589, 0.00143558357377, -0.00163867825177, -0.000366507709259, 0.00098339933902, 8.67327762535e-05, 0.000260515022092, -0.000274024816463, -0.00165171129629], [-0.000777676177677, -0.000657402095385, 0.00499290134758, -0.00324840703979, -0.00119648757391, -0.00194756954443, -2.85075893771e-05, 0.00132871384267, -0.00144249957521, 0.00107238057535, -0.000603789638262, 0.00110389944166, 0.000169425824424], [0.000162750628078, -0.00373866944574, -0.00324840703979, 0.0159302707762, -0.00655449833721, 0.00192129460629, 0.000987102277577, -0.00388126401231, 0.0029331878759, -0.00186181149911, 0.0020701980684, -9.3897266197e-05, 0.00228384905495], [0.000147037731949, 0.00162167183589, -0.00119648757391, -0.00655449833721, 0.0198169406503, -0.00786209478974, 3.51578273694e-06, 0.00209883623756, -0.00208244798705, 0.0029416566249, 0.000586731301155, 0.00175392453093, 0.002630058676], [-0.000640141777694, 0.00143558357377, -0.00194756954443, 0.00192129460629, -0.00786209478974, 0.0218274518847, -0.00869010295719, 0.00171749317087, -0.00464766053483, 0.000748337537516, 0.00146857241634, 0.00116738933139, -0.000670592475217], [0.00107934034895, -0.00163867825177, -2.85075893771e-05, 0.000987102277577, 3.51578273694e-06, -0.00869010295719, 0.0260987784714, -0.0125234024599, 0.00759109715, -0.0024406677112, 0.00110112084076, 0.001972544007, 0.0022956430912], [-0.000767963298131, -0.000366507709259, 0.00132871384267, -0.00388126401231, 0.00209883623756, 0.00171749317087, -0.0125234024599, 0.0304573234171, -0.0143710533157, 0.00210029026493, -0.00268625584431, 0.00228258268908, -0.00335760391317], [0.000299813924357, 0.00098339933902, -0.00144249957521, 0.0029331878759, -0.00208244798705, -0.00464766053483, 0.00759109715, -0.0143710533157, 0.029867824167, -0.0134666105732, 0.00679014110938, -0.00452535273507, 0.00346057792194], [-2.44471102633e-05, 8.67327762535e-05, 0.00107238057535, -0.00186181149911, 0.0029416566249, 0.000748337537516, -0.0024406677112, 0.00210029026493, -0.0134666105732, 0.0338945798576, -0.0147816920653, 0.00737440446392, 0.00015043161693], [-5.1875202189e-05, 0.000260515022092, -0.000603789638262, 0.0020701980684, 0.000586731301155, 0.00146857241634, 0.00110112084076, -0.00268625584431, 0.00679014110938, -0.0147816920653, 0.032416973263, -0.0129809239879, 0.00281201861799], [-9.79931719485e-05, -0.000274024816463, 0.00110389944166, -9.3897266197e-05, 0.00175392453093, 0.00116738933139, 0.001972544007, 0.00228258268908, -0.00452535273507, 0.00737440446392, -0.0129809239879, 0.0382063835859, -0.0187888685614], [-0.000269582145847, -0.00165171129629, 0.000169425824424, 0.00228384905495, 0.002630058676, -0.000670592475217, 0.0022956430912, -0.00335760391317, 0.00346057792194, 0.00015043161693, 0.00281201861799, -0.0187888685614, 0.0283848699182]]
    },
    "spectral_contrast_coeffs": {
        "max": [-0.51469874382, -0.430885285139, -0.502049803734, -0.595721185207, -0.634458601475, -0.642813324928],
        "mean": [-0.691618323326, -0.714334964752, -0.721324205399, -0.769556999207, -0.749931395054, -0.722577989101],
        "min": [-0.830720245838, -0.927209913731, -0.911445438862, -0.906943440437, -0.878842711449, -0.853779792786],
        "stdev": [0.06314432621, 0.0988012105227, 0.0931401774287, 0.0638926550746, 0.0533610470593, 0.0309754069895]
    },
    "spectral_contrast_valleys": {
        "max": [-5.32958650589, -4.96280479431, -5.85747146606, -5.48538208008, -6.1575512886, -8.70049762726],
        "mean": [-7.1972284317, -6.44068050385, -7.03661155701, -7.24498748779, -7.79893112183, -11.1292495728],
        "min": [-9.95709896088, -8.45935916901, -8.50653839111, -9.43128585815, -9.62497806549, -12.8191251755],
        "stdev": [1.2709633112, 0.555470824242, 0.462103009224, 0.797618448734, 0.725298643112, 1.15559411049]
    }
},
"rhythm": {
    "beats_count": 29,
    "beats_loudness": {
        "max": 0.0579387098551,
        "mean": 0.0260509178042,
        "min": 0.00190691871103,
        "stdev": 0.0162815637887
    },
    "bpm": 114.843765259,
    "bpm_histogram_first_peak_bpm": 115,
    "bpm_histogram_first_peak_weight": 0,
    "bpm_histogram_second_peak_bpm": 167,
    "bpm_histogram_second_peak_spread": 0,
    "bpm_histogram_second_peak_weight": 0.321428567171,
    "danceability": 0.867394268513,
    "onset_rate": 1.3323546648,
    "beats_loudness_band_ratio": {
        "max": [0.53644323349, 0.782497525215, 0.681840479374, 0.413081526756, 0.483074873686, 0.264726668596],
        "mean": [0.153722390532, 0.213857829571, 0.251354515553, 0.209747090936, 0.187417253852, 0.0513041503727],
        "min": [0.00162543635815, 0.00786662008613, 0.0476397611201, 0.0386905968189, 0.0216777194291, 0.002996457275],
        "stdev": [0.173998579383, 0.202356129885, 0.181370928884, 0.108889117837, 0.176837846637, 0.0616927668452]
    },
    "beats_position": [0.336689323187, 0.696598649025, 1.05650794506, 1.4164172411, 1.764716506, 2.12462592125, 2.48453521729, 2.8444442749, 3.20435357094, 3.56426286697, 3.92417216301, 4.23764181137, 4.57433080673, 4.92263031006, 5.25931978226, 5.60761880875, 6.08362817764, 6.5596370697, 7.03564596176, 7.55809497833, 8.08054447174, 8.60299301147, 9.12544155121, 9.64789104462, 10.1703395844, 10.6927890778, 11.2152376175, 11.7376871109, 12.2601356506],
