{
"metadata": {
    "version": {
        "essentia": "2.1-beta5",
        "essentia_git_sha": "Undefined",
        "extractor": "music 2.0"
    },
    "audio_properties": {
        "analysis": {
            "equal_loudness": 0,
            "length": 12.7477550507,
            "sample_rate": 44100,
            "start_time": 0,
            "downmix": "mix"
        },
        "bit_rate": 192000,
        "length": 197.17225647,
        "lossless": 0,
        "number_channels": 2,
        "replay_gain": -11.3801040649,
        "sample_rate": 48000,
        "codec": "mp3",
        "md5_encoded": "0efe7fca5a619254f555e5392e381adf"
    },
    "tags": {
        "file_name": "Spain_No Quiero Escuchar_Lydia.mp3",
        "encoding": ["Lavf58.29.100"]
    }
},
"lowlevel": {
    "average_loudness": 0.968169569969,
    "barkbands_crest": {
        "max": 23.3491477966,
        "mean": 11.9548873901,
        "min": 3.16237974167,
        "stdev": 6.20790624619
    },
    "barkbands_flatness_db": {
        "max": 0.331451237202,
        "mean": 0.18742915988,
        "min": 0.0976784676313,
        "stdev": 0.0510828495026
    },
    "barkbands_kurtosis": {
        "max": 98.066078186,
        "mean": 8.20017528534,
        "min": -1.38094377518,
        "stdev": 14.0321712494
    },
    "barkbands_skewness": {
        "max": 9.11949729919,
        "mean": 1.9117411375,
        "min": -0.752181947231,
        "stdev": 1.84228658676
    },
    "barkbands_spread": {
        "max": 51.9410247803,
        "mean": 15.3886137009,
        "min": 1.92959988117,
        "stdev": 8.86801815033
    },
    "dissonance": {
        "max": 0.499999850988,
        "mean": 0.477435290813,
        "min": 0.362750977278,
        "stdev": 0.0230886247009
    },
    "dynamic_complexity": 1.89788007736,
    "erbbands_crest": {
        "max": 20.0737094879,
        "mean": 7.27685642242,
        "min": 2.69354319572,
        "stdev": 2.9609234333
    },
    "erbbands_flatness_db": {
        "max": 0.27696236968,
        "mean": 0.190969482064,
        "min": 0.100315146148,
        "stdev": 0.0490771345794
    },
    "erbbands_kurtosis": {
        "max": 4.54824352264,
        "mean": 0.320580422878,
        "min": -1.686378479,
        "stdev": 1.00596916676
    },
    "erbbands_skewness": {
        "max": 1.95099592209,
        "mean": 0.386680930853,
        "min": -1.16590487957,
        "stdev": 0.480485767126
    },
    "erbbands_spread": {
        "max": 120.667312622,
        "mean": 35.1011619568,
        "min": 10.5407342911,
        "stdev": 20.144695282
    },
    "hfc": {
        "max": 125.814758301,
        "mean": 28.2218112946,
        "min": 0.0677846521139,
        "stdev": 22.2655200958
    },
    "loudness_ebu128": {
        "integrated": -10.9438390732,
        "loudness_range": 2.1061258316,
        "momentary": {
            "max": -8.18306541443,
            "mean": -11.2159490585,
            "min": -18.9234542847,
            "stdev": 1.63772141933
        },
        "short_term": {
            "max": -9.84859275818,
            "mean": -10.8557453156,
            "min": -12.1953468323,
            "stdev": 0.7982249856
        }
    },
    "melbands_crest": {
        "max": 33.9221153259,
        "mean": 15.6765785217,
        "min": 3.76985001564,
        "stdev": 7.79059171677
    },
    "melbands_flatness_db": {
        "max": 0.409173280001,
        "mean": 0.185052022338,
        "min": 0.0574581995606,
        "stdev": 0.0973119586706
    },
    "melbands_kurtosis": {
        "max": 332.123046875,
        "mean": 22.4764194489,
        "min": -0.583102464676,
        "stdev": 34.8319129944
    },
    "melbands_skewness": {
        "max": 14.1978664398,
        "mean": 2.99794578552,
        "min": -0.490283489227,
        "stdev": 2.56068086624
    },
    "melbands_spread": {
        "max": 60.9879455566,
        "mean": 19.8140544891,
        "min": 1.3719727993,
        "stdev": 12.7589578629
    },
    "pitch_salience": {
        "max": 0.859672784805,
        "mean": 0.545481801033,
        "min": 0.162304610014,
        "stdev": 0.202313795686
    },
    "silence_rate_20dB": {
        "max": 1,
        "mean": 1,
        "min": 1,
        "stdev": 0
    },
    "silence_rate_30dB": {
        "max": 1,
        "mean": 0.996363639832,
        "min": 0,
        "stdev": 0.0601925365627
    },
    "silence_rate_60dB": {
        "max": 1,
        "mean": 0.0163636356592,
        "min": 0,
        "stdev": 0.126870319247
    },
    "spectral_centroid": {
        "max": 2800.31884766,
        "mean": 1624.21362305,
        "min": 328.445068359,
        "stdev": 658.164611816
    },
    "spectral_complexity": {
        "max": 54,
        "mean": 26.2018184662,
        "min": 0,
        "stdev": 13.7788162231
    },
    "spectral_decrease": {
        "max": -7.57096642323e-12,
        "mean": -8.93923690626e-09,
        "min": -2.88450436869e-08,
        "stdev": 4.91367968536e-09
    },
    "spectral_energy": {
        "max": 0.11216789484,
        "mean": 0.0362985692918,
        "min": 3.47228487954e-05,
        "stdev": 0.0183437708765
    },
    "spectral_energyband_high": {
        "max": 0.00605735043064,
        "mean": 0.00113444833551,
        "min": 1.15930595257e-06,
        "stdev": 0.00105240475386
    },
    "spectral_energyband_low": {
        "max": 0.0893336161971,
        "mean": 0.0201281383634,
        "min": 5.16817273422e-08,
        "stdev": 0.0210267622024
    },
    "spectral_energyband_middle_high": {
        "max": 0.0550794750452,
        "mean": 0.0095314476639,
        "min": 2.98287795886e-05,
        "stdev": 0.00937369745225
    },
    "spectral_energyband_middle_low": {
        "max": 0.0294547826052,
        "mean": 0.00618575140834,
        "min": 4.37080461779e-06,
        "stdev": 0.00424600439146
    },
    "spectral_entropy": {
        "max": 8.237159729,
        "mean": 7.80303955078,
        "min": 6.66413068771,
        "stdev": 0.315885454416
    },
    "spectral_flux": {
        "max": 0.21768142283,
        "mean": 0.0870241671801,
        "min": 0.00589260971174,
        "stdev": 0.0337114259601
    },
    "spectral_kurtosis": {
        "max": 12.5085105896,
        "mean": 2.59108448029,
        "min": -0.0686187744141,
        "stdev": 1.55683732033
    },
    "spectral_rms": {
        "max": 0.0104609793052,
        "mean": 0.00573783088475,
        "min": 0.000184054195415,
        "stdev": 0.00157814484555
    },
    "spectral_rolloff": {
        "max": 5038.76953125,
        "mean": 1504.89794922,
        "min": 64.599609375,
        "stdev": 1214.16833496
    },
    "spectral_skewness": {
        "max": 2.61578965187,
        "mean": 1.2898888588,
        "min": 0.570298969746,
        "stdev": 0.267873376608
    },
    "spectral_spread": {
        "max": 7136317.5,
        "mean": 4043523.25,
        "min": 2417538.5,
        "stdev": 791488.875
    },
    "spectral_strongpeak": {
        "max": 5.01834392548,
        "mean": 0.887948691845,
        "min": 0.0248663444072,
        "stdev": 0.733587563038
    },
    "zerocrossingrate": {
        "max": 0.1396484375,
        "mean": 0.0637269169092,
        "min": 0.00390625,
        "stdev": 0.0383403748274
    },
    "barkbands": {
        "max": [0.0120900506154, 0.0748210251331, 0.02804232575, 0.0146267889068, 0.0127095598727, 0.00793586112559, 0.00810052268207, 0.0098894527182, 0.0167023539543, 0.0134425358847, 0.0057584354654, 0.00697203958407, 0.00782945938408, 0.0099122626707, 0.0124321263283, 0.0164766050875, 0.00868636090308, 0.00714730657637, 0.00381206674501, 0.00152278272435, 0.00216862093657, 0.00201175431721, 0.00111925892998, 0.00110913428944, 0.000973680755123, 1.3383059013e-05, 1.35129703267e-05],
        "mean": [0.000685138162225, 0.0165691748261, 0.0024757438805, 0.000747958722059, 0.000973792281002, 0.000628666661214, 0.000459527800558, 0.000730344443582, 0.00185002933722, 0.00160583981778, 0.000630161026493, 0.000878138351254, 0.00102013465948, 0.00122014398221, 0.00141771615017, 0.00127539306413, 0.000923480663914, 0.000611800176557, 0.000343721883837, 0.000251143355854, 0.000286297407001, 0.000255002145423, 0.000218034445425, 0.000190660881344, 5.04530835315e-05, 2.77740870303e-08, 2.5946079063e-08],
        "min": [9.48661149636e-10, 3.591603015e-09, 2.10875121809e-08, 6.97392792404e-08, 4.70408281217e-07, 6.130028396e-07, 4.20408241553e-07, 1.37380922638e-07, 1.48134847677e-06, 2.78974948742e-06, 6.16565898781e-07, 6.91768832439e-07, 8.65685763074e-07, 4.79789241581e-06, 2.86422914542e-06, 4.72164401799e-06, 4.73544196211e-06, 4.02276964451e-06, 9.17749161999e-07, 6.18130400198e-07, 2.1518279425e-07, 2.28757286891e-07, 1.5716939572e-07, 3.34317178385e-08, 1.40207490062e-08, 1.0193576018e-11, 1.45455496606e-11],
        "stdev": [0.00136045308318, 0.0176229234785, 0.00350263109431, 0.00126500520855, 0.00141442322638, 0.00109395303298, 0.000873813580256, 0.00114578765351, 0.00214742077515, 0.00218200474046, 0.000750936451368, 0.000994931557216, 0.00121972698253, 0.00153677281924, 0.00189214444254, 0.00173556513619, 0.00119729025755, 0.000852297409438, 0.000429652282037, 0.000249638775131, 0.000301395339193, 0.000268721429165, 0.000213404404349, 0.000189216269064, 6.56160264043e-05, 5.70244992559e-07, 5.75619594656e-07]
    },
    "erbbands": {
        "max": [3.15201067924, 19.4709339142, 31.9581565857, 24.7729091644, 50.9747886658, 38.5179862976, 88.147819519, 88.8385391235, 46.1674423218, 169.177703857, 189.647888184, 255.661605835, 573.535827637, 466.258850098, 244.120300293, 330.999816895, 363.83895874, 371.448547363, 635.408691406, 859.612854004, 544.081970215, 454.819793701, 268.801086426, 331.99508667, 61.1416091919, 77.8067474365, 69.1416244507, 104.196678162, 85.9026489258, 47.528678894, 33.6570091248, 25.0402736664, 23.4596843719, 20.1182041168, 1.04141426086, 0.0555784329772, 0.0245797783136, 0.00853589270264, 0.0019304555608, 0.000212178667425],
        "mean": [0.59769564867, 3.20182657242, 3.29203748703, 2.93776202202, 2.93985629082, 2.73284626007, 4.33463764191, 5.82994127274, 4.19035768509, 12.8782444, 18.9322395325, 34.0519065857, 65.8389587402, 33.0249710083, 28.4396343231, 36.4330787659, 45.9235954285, 59.4056129456, 72.0653839111, 72.5398406982, 67.4092941284, 52.5461997986, 34.7939949036, 25.3051109314, 13.580160141, 11.9207954407, 11.4908771515, 11.1272411346, 9.14279747009, 7.60499286652, 6.14648103714, 4.60843896866, 2.74131846428, 1.13739228249, 0.0527933761477, 0.00187327689491, 0.000218897854211, 4.81590832351e-05, 2.95153258776e-05, 4.54117798654e-05],
        "min": [7.33973735123e-08, 1.23496647575e-06, 1.80060142156e-05, 0.000139180599945, 0.000653806549963, 0.00179614231456, 0.00330051896162, 0.00544684473425, 0.00623883213848, 0.00537497969344, 0.00560575956479, 0.0340564139187, 0.0907521098852, 0.0382111892104, 0.0388675071299, 0.0239095762372, 0.0475995726883, 0.370796084404, 0.182306751609, 0.163172096014, 0.28531011939, 0.280083417892, 0.239050000906, 0.106352813542, 0.0341681092978, 0.0278458930552, 0.0185965746641, 0.00727650430053, 0.00831046327949, 0.00625011557713, 0.0046245357953, 0.000984175596386, 0.00051097443793, 0.000238330481807, 1.04230948637e-05, 4.95036942993e-07, 9.70793365695e-08, 3.20400488363e-08, 2.99367783896e-08, 4.85457753996e-08],
        "stdev": [0.648648560047, 3.74427366257, 4.44149923325, 3.94906115532, 5.56738853455, 3.95390629768, 7.90989780426, 11.0708389282, 5.96907711029, 20.1614875793, 26.2092971802, 38.1048049927, 88.1905136108, 44.1986045837, 32.5630989075, 41.8742256165, 53.9824752808, 70.4727706909, 94.3816299438, 94.1134567261, 85.0990753174, 68.1787261963, 42.8075256348, 37.3450965881, 12.7757873535, 11.9776802063, 11.4178380966, 12.436252594, 10.0374717712, 7.70678281784, 5.9259223938, 4.55264663696, 2.87775278091, 1.40095424652, 0.0692575573921, 0.00312391668558, 0.00105550070293, 0.000363752857083, 8.19943888928e-05, 2.12646427826e-05]
    },
    "gfcc": {
        "mean": [-5.70629692078, 91.5210647583, -169.817077637, 50.0221939087, -74.1608810425, 35.4656219482, -29.9727210999, 7.11591005325, 2.25359654427, -16.1975269318, 2.89026498795, -19.5777950287, 9.16765785217],
        "cov": [[1875.54418945, -606.328430176, -426.451019287, -63.8694419861, -176.072189331, 124.220802307, -175.910018921, 95.071723938, -96.8929367065, 62.1454620361, -72.8842926025, 46.0095214844, -16.1483955383], [-606.328430176, 2392.12011719, 2435.89624023, 1083.41503906, 647.981384277, 35.1319084167, 529.026489258, 95.1626358032, 316.616577148, 94.2152557373, 366.658569336, -14.400595665, 32.8162002563], [-426.451019287, 2435.89624023, 2957.46850586, 1357.12109375, 618.348266602, 29.65209198, 515.333740234, 113.811050415, 296.162475586, 152.686676025, 424.133972168, -13.3425722122, 30.0231246948], [-63.8694419861, 1083.41503906, 1357.12109375, 736.262207031, 333.397247314, 25.1690349579, 220.891845703, 62.8293113708, 137.695510864, 73.8329925537, 200.914306641, 1.20779633522, 10.8100309372], [-176.072189331, 647.981384277, 618.348266602, 333.397247314, 308.115264893, 53.2896537781, 144.994369507, 32.7302703857, 93.8600845337, 20.3532829285, 91.6047210693, 3.44953227043, 4.95770025253], [124.220802307, 35.1319084167, 29.65209198, 25.1690349579, 53.2896537781, 100.8776474, 38.8857688904, 33.9333648682, -7.38507413864, 1.11061811447, -8.38742446899, -2.30098581314, 1.94814431667], [-175.910018921, 529.026489258, 515.333740234, 220.891845703, 144.994369507, 38.8857688904, 186.838150024, 48.546005249, 78.7642669678, 15.2587108612, 79.8049240112, -4.55238246918, 7.21408843994], [95.071723938, 95.1626358032, 113.811050415, 62.8293113708, 32.7302703857, 33.9333648682, 48.546005249, 85.0397415161, 34.9085197449, 17.6689109802, 17.2964611053, 5.07324314117, -1.18427574635], [-96.8929367065, 316.616577148, 296.162475586, 137.695510864, 93.8600845337, -7.38507413864, 78.7642669678, 34.9085197449, 101.687255859, 36.6311302185, 56.8013916016, -0.0158295631409, -6.28644657135], [62.1454620361, 94.2152557373, 152.686676025, 73.8329925537, 20.3532829285, 1.11061811447, 15.2587108612, 17.6689109802, 36.6311302185, 58.1991271973, 37.9041175842, 6.25014972687, -4.00235652924], [-72.8842926025, 366.658569336, 424.133972168, 200.914306641, 91.6047210693, -8.38742446899, 79.8049240112, 17.2964611053, 56.8013916016, 37.9041175842, 104.718902588, 19.1745281219, 6.93364095688], [46.0095214844, -14.400595665, -13.3425722122, 1.20779633522, 3.44953227043, -2.30098581314, -4.55238246918, 5.07324314117, -0.0158295631409, 6.25014972687, 19.1745281219, 41.944934845, 16.0164756775], [-16.1483955383, 32.8162002563, 30.0231246948, 10.8100309372, 4.95770025253, 1.94814431667, 7.21408843994, -1.18427574635, -6.28644657135, -4.00235652924, 6.93364095688, 16.0164756775, 34.857460022]],
        "icov": [[0.00105388800148, -0.000635963282548, 0.000689246400725, -0.00145491911098, 0.00144395697862, -0.00176120351534, 0.00141799869016, -0.00108735857066, 0.000803226896096, -0.00146685005166, 0.000987613457255, -0.0016801932361, 0.00105915823951], [-0.000635963282548, 0.00771886110306, -0.0055867228657, 0.00436918996274, -0.0059428983368, 0.0022834171541, -0.0048484611325, 0.00218636961654, -0.00565657392144, 0.00533465761691, -0.00378854037262, 0.00358079071157, -0.00360853364691], [0.000689246400725, -0.0055867228657, 0.00758797116578, -0.00825846195221, 0.00488081900403, -0.00114698836114, 0.000541072455235, -0.00101536745206, 0.00449659954756, -0.0054038031958, -2.70495693258e-05, 0.000149216139107, 0.000955125375185], [-0.00145491911098, 0.00436918996274, -0.00825846195221, 0.0152433421463, -0.00858371891081, 0.0031348222401, 5.96885220148e-05, -0.000689725216944, -0.00187730579637, 0.00403954694048, -0.005241622217, 0.0034888854716, -0.00182686792687], [0.00144395697862, -0.0059428983368, 0.00488081900403, -0.00858371891081, 0.0155786452815, -0.00923602376133, 0.00371141568758, 0.0013020056067, -0.00281172129326, -5.11894722877e-05, 0.0035761455074, -0.00655555631965, 0.00408637477085], [-0.00176120351534, 0.0022834171541, -0.00114698836114, 0.0031348222401, -0.00923602376133, 0.0223000831902, -0.00974177476019, -0.00494692893699, 0.00915274489671, -0.00466549443081, 0.00372298178263, 0.00367887271568, -0.00235045817681], [0.00141799869016, -0.0048484611325, 0.000541072455235, 5.96885220148e-05, 0.00371141568758, -0.00974177476019, 0.0228189919144, -0.00589166861027, -0.00438387272879, 0.0051032435149, -0.00435133045539, 0.000411528453697, 0.000302506552543], [-0.00108735857066, 0.00218636961654, -0.00101536745206, -0.000689725216944, 0.0013020056067, -0.00494692893699, -0.00589166861027, 0.0206877905875, -0.00948946271092, 0.00115078757517, 0.00182050024159, -0.00285242358223, -9.08728834474e-05], [0.000803226896096, -0.00565657392144, 0.00449659954756, -0.00187730579637, -0.00281172129326, 0.00915274489671, -0.00438387272879, -0.00948946271092, 0.0333941318095, -0.0180211029947, 0.00194652064238, -0.00071154802572, 0.00677300430834], [-0.00146685005166, 0.00533465761691, -0.0054038031958, 0.00403954694048, -5.11894722877e-05, -0.00466549443081, 0.0051032435149, 0.00115078757517, -0.0180211029947, 0.0380076542497, -0.0144500192255, 0.00284394179471, -0.000367662927601], [0.000987613457255, -0.00378854037262, -2.70495693258e-05, -0.005241622217, 0.0035761455074, 0.00372298178263, -0.00435133045539, 0.00182050024159, 0.00194652064238, -0.0144500192255, 0.0417023263872, -0.0224690195173, 0.00663963146508], [-0.0016801932361, 0.00358079071157, 0.000149216139107, 0.0034888854716, -0.00655555631965, 0.00367887271568, 0.000411528453697, -0.00285242358223, -0.00071154802572, 0.00284394179471, -0.0224690195173, 0.0459579080343, -0.0212646257132], [0.00105915823951, -0.00360853364691, 0.000955125375185, -0.00182686792687, 0.00408637477085, -0.00235045817681, 0.000302506552543, -9.08728834474e-05, 0.00677300430834, -0.000367662927601, 0.00663963146508, -0.0212646257132, 0.0414338558912]]
    },
    "melbands": {
        "max": [0.022796407342, 0.0162933785468, 0.00557233346626, 0.0020787245594, 0.00323581672274, 0.00182117184158, 0.000942315149587, 0.00154424482025, 0.00167758401949, 0.00218165735714, 0.00279209576547, 0.00202047615312, 0.000819320208393, 0.000917768687941, 0.000860421452671, 0.000784675532486, 0.000836165854707, 0.00104066065978, 0.000962021003943, 0.001437460538, 0.000575999554712, 0.000479267037008, 0.000313763390295, 0.000459632079583, 0.00028895563446, 8.20774148451e-05, 6.18247722741e-05, 5.72135213588e-05, 5.36064217158e-05, 5.00987516716e-05, 7.03206678736e-05, 5.01688118675e-05, 3.59588302672e-05, 2.32289767155e-05, 2.47731222771e-05, 2.1299765649e-05, 1.89630809473e-05, 1.51325784827e-05, 2.77764593193e-05, 1.34256351885e-05],
        "mean": [0.00497561506927, 0.00249313865788, 0.000515109742992, 0.000186333985766, 0.000153821340064, 0.000124197060359, 7.35148933018e-05, 0.000151275278768, 0.0001589312742, 0.000248224183451, 0.000329619768308, 0.000133029680001, 9.20405072975e-05, 9.46374202613e-05, 9.91647102637e-05, 0.000102500984212, 0.000111117791675, 0.000114048802061, 0.000106529136247, 9.10617090994e-05, 7.54581633373e-05, 5.70307529415e-05, 3.70786146959e-05, 2.82935925497e-05, 2.00042086362e-05, 1.09111197162e-05, 8.41891869641e-06, 7.72479779698e-06, 7.05681804902e-06, 6.99430120221e-06, 6.23924825049e-06, 5.24535789737e-06, 4.68755479233e-06, 4.02604018745e-06, 3.61510501534e-06, 3.25680389324e-06, 2.6083719149e-06, 1.96671498998e-06, 1.58709372045e-06, 7.27603094219e-07],
        "min": [8.24763812801e-10, 7.66446373035e-09, 3.71759121265e-08, 8.7400621851e-08, 1.11388487767e-07, 1.23395579976e-07, 9.29354939672e-08, 5.05781407867e-08, 6.23137736966e-08, 2.28364456234e-07, 4.66483754735e-07, 1.72351846572e-07, 1.09581065999e-07, 1.00397940628e-07, 3.44868595903e-08, 1.56770141757e-07, 4.54834349739e-07, 3.0020831332e-07, 2.48056664987e-07, 2.63822016677e-07, 3.09503974449e-07, 2.60490281789e-07, 2.83867308326e-07, 1.89392579841e-07, 7.51233457663e-08, 2.24165326301e-08, 1.52326631309e-08, 2.1711603182e-08, 1.64984079731e-08, 5.39164002333e-09, 3.19532089676e-09, 4.60354154797e-09, 4.69899497091e-09, 3.0953861696e-09, 3.35653349559e-09, 9.55021395299e-10, 4.1681583185e-10, 3.71378566788e-10, 3.96107591172e-10, 1.1893404317e-10],
        "stdev": [0.00517915282398, 0.00301889958791, 0.000672597321682, 0.000270178832579, 0.000269564479822, 0.000228028889978, 0.000111224246211, 0.000216278465814, 0.000225808427786, 0.000288238166831, 0.000437172915554, 0.000191779530724, 0.000108753563836, 0.00011434705084, 0.000117827345093, 0.000125587641378, 0.000135892405524, 0.000151556843775, 0.000142817822052, 0.000128127867356, 9.58100936259e-05, 7.56924127927e-05, 4.90887796332e-05, 4.48264254373e-05, 3.20984618156e-05, 1.16429473564e-05, 8.48653144203e-06, 8.15656221675e-06, 7.28937311578e-06, 7.39750839784e-06, 7.44927092455e-06, 5.93572622165e-06, 5.13286295245e-06, 4.11333712691e-06, 3.59917180504e-06, 3.27115390064e-06, 2.7057758416e-06, 2.10630491893e-06, 1.9528190478e-06, 9.45337774283e-07]
    },
    "melbands128": {
        "max": [0.0118448082358, 0.0295852348208, 0.035338781774, 0.0353773012757, 0.019411303103, 0.0109052918851, 0.00391902774572, 0.00916104204953, 0.00611022021621, 0.00175030482933, 0.00193770369515, 0.00536616239697, 0.00372301787138, 0.00305316061713, 0.00209318567067, 0.00330069102347, 0.000886062043719, 0.000681333825924, 0.0020346082747, 0.00297579774633, 0.00234160898253, 0.00366879720241, 0.00247738370672, 0.00281025609002, 0.00242389296181, 0.00379315507598, 0.00468116300181, 0.0048788539134, 0.00235220906325, 0.00358317699283, 0.00273201754317, 0.00104925141204, 0.00122678175103, 0.00101413438097, 0.00133054738399, 0.00193737668451, 0.00085877161473, 0.00147814571392, 0.00117422617041, 0.00128410675097, 0.00103507668246, 0.00113969377708, 0.00111252383795, 0.00181737786625, 0.00136496941559, 0.00129909196403, 0.00142862170469, 0.00128070614301, 0.00149751757272, 0.00150022434536, 0.00177416624501, 0.00116802344564, 0.000748500169721, 0.00106869521551, 0.000913528259844, 0.000699864351191, 0.00058619317133, 0.000507040356752, 0.000433386216173, 0.00027383962879, 0.000592572556343, 0.000827187031973, 0.00078541750554, 0.000419515068643, 0.000235161423916, 0.000105259539851, 7.40623872844e-05, 5.78561230213e-05, 6.88794243615e-05, 9.7594318504e-05, 8.42694280436e-05, 6.13896190771e-05, 6.9011170126e-05, 6.02071813773e-05, 6.16063334746e-05, 4.87154029543e-05, 6.58893986838e-05, 9.44769562921e-05, 0.000113557864097, 5.31499681529e-05, 5.27817974216e-05, 6.95893686498e-05, 4.45463811047e-05, 4.75010419905e-05, 4.17361698055e-05, 2.53594880633e-05, 3.29405265802e-05, 4.19087082264e-05, 3.13882046612e-05, 2.28453500313e-05, 2.82736946247e-05, 2.98102440865e-05, 2.38584289036e-05, 2.5391984309e-05, 2.04031130124e-05, 2.86213544314e-05, 1.50725854837e-05, 1.59494356922e-05, 3.68321416317e-05, 2.94267829304e-05, 1.65499513969e-05, 1.58389466378e-05, 1.58664056471e-06, 1.25092483927e-07, 1.20445847074e-07, 1.12541066244e-07, 1.05401724682e-07, 9.97898368382e-08, 9.3927191358e-08, 8.95066563089e-08, 8.49817212156e-08, 8.10639804172e-08, 7.74521140556e-08, 7.41821324368e-08, 7.12107919298e-08, 6.85025156599e-08, 6.60468231217e-08, 6.37653485569e-08, 6.17519546608e-08, 5.9981758227e-08, 5.83569352841e-08, 5.69402587303e-08, 5.57095312104e-08, 5.4677823158e-08, 5.3770776276e-08, 5.30629868933e-08, 5.25522985129e-08, 5.2241411197e-08],
        "mean": [0.000662523030769, 0.00478783715516, 0.00725812651217, 0.00458799954504, 0.00197357800789, 0.00117812189274, 0.000597674632445, 0.000346972577972, 0.000334324227879, 0.000119088646898, 0.000143850018503, 0.000192894061911, 0.000154791981913, 0.000107103973278, 0.00013434853463, 0.000148265200551, 5.71696655243e-05, 3.89736378565e-05, 0.000104586972157, 0.000166259211255, 0.000156275578775, 0.000186499441043, 0.000129623906105, 0.000180952731171, 0.000156792186317, 0.000265908078291, 0.000488349818625, 0.000352111295797, 0.000193570464035, 0.000159427640028, 0.000101844052551, 9.60456236498e-05, 9.84667640296e-05, 7.63398493291e-05, 0.00010215020302, 9.40442623687e-05, 9.42382976064e-05, 0.00010111136362, 0.00010194582137, 9.80750555755e-05, 0.000101681820524, 0.000110915498226, 0.000108914107841, 0.000112229063234, 0.000114837181172, 0.000112389781862, 0.000118570947961, 0.000107827690954, 0.000104380036646, 9.091055108e-05, 9.15517448448e-05, 8.89252696652e-05, 7.9166078649e-05, 7.18537412467e-05, 6.04934975854e-05, 5.95389501541e-05, 5.08673583681e-05, 3.95250499423e-05, 3.40682563547e-05, 2.75925667665e-05, 2.94530145766e-05, 2.72910347121e-05, 2.31872836594e-05, 1.75712357304e-05, 1.56397527462e-05, 1.00451270555e-05, 8.78780610947e-06, 8.48011404742e-06, 8.41905421112e-06, 8.23507070891e-06, 7.81067410571e-06, 7.34683908377e-06, 7.34607419872e-06, 6.79267350279e-06, 7.07815888745e-06, 6.99903739587e-06, 7.07388517185e-06, 6.73112117511e-06, 6.13676502326e-06, 5.76890488446e-06, 5.45424063603e-06, 4.98114241054e-06, 4.73774707643e-06, 4.8397369028e-06, 4.57030228063e-06, 3.88445687349e-06, 4.05343462262e-06, 3.78743311558e-06, 3.83286533179e-06, 3.14610633723e-06, 3.33711795975e-06, 3.33591219714e-06, 3.12002566716e-06, 2.66432584795e-06, 2.24950167649e-06, 2.05778337659e-06, 1.90093476249e-06, 1.85531541774e-06, 1.68717747329e-06, 1.40451481911e-06, 1.20087474897e-06, 6.92485400577e-07, 4.30973408072e-08, 5.82238035562e-10, 2.37801223157e-10, 3.23118198864e-10, 3.62793878272e-10, 2.14740905613e-10, 1.91174756581e-10, 1.82343543043e-10, 1.70730429794e-10, 1.65130395469e-10, 1.6172341244e-10, 1.57081875285e-10, 1.49907850022e-10, 1.46366946341e-10, 1.33726058005e-10, 1.22477916698e-10, 1.17630877261e-10, 1.14260233219e-10, 1.11171696848e-10, 1.08488676376e-10, 1.06133296596e-10, 1.04161672343e-10, 1.02385371015e-10, 1.00953252702e-10, 9.99391819301e-11, 9.93426660378e-11],
        "min": [4.58823451455e-10, 4.86416851242e-10, 7.51324891191e-10, 1.86990778417e-09, 3.81331899391e-09, 1.22098562372e-08, 2.33960193441e-08, 3.96826678184e-08, 6.34724131032e-08, 8.89021976036e-08, 1.03161909237e-07, 1.0779972115e-07, 8.70405187925e-08, 1.17093129859e-07, 1.20919750657e-07, 1.31409521487e-07, 1.20088103017e-07, 7.86716896073e-08, 6.83521506062e-08, 7.09253242803e-08, 3.3134785582e-08, 1.37125617528e-08, 3.48992799104e-08, 1.38365180646e-07, 2.39724357698e-07, 2.09462186262e-07, 6.27404048714e-08, 3.34314961492e-07, 2.14792265751e-07, 1.38273804851e-07, 4.21248174121e-08, 3.72323327724e-08, 4.82866404639e-08, 1.54515134909e-07, 1.3544132571e-07, 8.56605453237e-08, 4.07294926674e-08, 1.2312312947e-08, 4.28138342556e-08, 7.07579559389e-08, 1.1172322445e-07, 2.32537146871e-07, 7.02503939465e-08, 5.172338291e-08, 2.23995272108e-07, 6.29073042546e-08, 1.68763421016e-07, 7.81764200042e-08, 1.24657944411e-07, 6.70142057402e-08, 1.53927857127e-07, 1.23818580278e-07, 1.02197240892e-07, 1.1412665657e-07, 1.15941048762e-07, 7.72919790393e-08, 2.24953367933e-07, 1.917701411e-07, 1.76958707243e-07, 7.73341781724e-08, 6.17103594891e-08, 9.27492891378e-08, 2.79396221714e-08, 5.34854969203e-08, 9.57941193036e-09, 1.72437921719e-08, 3.43210686538e-08, 2.55756056333e-08, 6.10275652235e-09, 6.91870516434e-09, 1.81771238061e-08, 2.73652780436e-08, 3.14434913662e-08, 1.02213437714e-08, 2.91976753886e-09, 5.14015541242e-09, 7.95108423546e-09, 3.70276431738e-09, 1.50216605821e-09, 3.50713680319e-09, 4.80595963026e-09, 3.67070862595e-09, 6.96110324938e-09, 4.91373874922e-09, 2.99919689084e-09, 2.83227774567e-09, 3.20846593738e-09, 3.76098707733e-09, 4.07039735251e-09, 2.6650888163e-09, 7.67022501069e-10, 7.18845205583e-10, 6.95514867921e-10, 3.21017656901e-10, 1.61220245487e-10, 7.22036985756e-10, 3.3926267351e-10, 4.01408663253e-11, 5.51495848988e-10, 5.12813291831e-10, 1.2083510581e-10, 8.94813216579e-12, 1.84737641851e-13, 6.40253434579e-14, 4.87395903801e-14, 4.29666068349e-14, 6.35570494346e-14, 6.37200185736e-14, 4.60877673915e-14, 4.19680363053e-14, 5.66615371701e-14, 5.62830862374e-14, 4.99382775258e-14, 4.36192863784e-14, 4.22331000195e-14, 3.78891999698e-14, 4.26474312679e-14, 5.31611802918e-14, 5.67728644044e-14, 4.60006415826e-14, 5.01133422953e-14, 4.55970541001e-14, 4.02223928806e-14, 4.61618251762e-14, 3.59800656337e-14, 1.03181428584e-14, 2.03162948805e-15, 1.3519573604e-16],
        "stdev": [0.00132918707095, 0.00593537464738, 0.00776877719909, 0.00593237159774, 0.00284377206117, 0.00161661941092, 0.000897493562661, 0.000701738288626, 0.00070530717494, 0.000180938033736, 0.000246567622526, 0.000402381323511, 0.000323211628711, 0.000260829838226, 0.000267853291007, 0.000361786136637, 9.84200451057e-05, 7.5231284427e-05, 0.000232592297834, 0.000360226811608, 0.000287225964712, 0.000400472606998, 0.000271424854873, 0.000359533849405, 0.000267618743237, 0.000449463550467, 0.00075687665958, 0.000652524759062, 0.000298246828606, 0.000323248910718, 0.000203092378797, 0.00012733861513, 0.000151805201313, 0.000122822471894, 0.000145804631757, 0.000150974708959, 0.000135233582114, 0.000141264812555, 0.000148234204971, 0.000144281497342, 0.000147716782521, 0.000155036032083, 0.00015925297339, 0.000163251534104, 0.000180767587153, 0.000174361164682, 0.000199113579583, 0.000164182216395, 0.000162059499417, 0.000133788023959, 0.00015794414503, 0.000136052258313, 0.000111462424684, 0.000107762520202, 9.12468822207e-05, 8.84865803528e-05, 7.99331101007e-05, 5.75048907194e-05, 5.58032297704e-05, 3.57080498361e-05, 5.92006545048e-05, 6.64483013679e-05, 6.16995603195e-05, 3.34145697707e-05, 2.48942415055e-05, 1.2223142221e-05, 1.05984790935e-05, 8.97305289982e-06, 1.00733313957e-05, 1.03382290035e-05, 9.46645013755e-06, 8.71871179697e-06, 8.94959339348e-06, 8.05175841379e-06, 7.97250777396e-06, 8.49720163387e-06, 8.44551777845e-06, 9.08277525014e-06, 9.14173324418e-06, 7.04655985828e-06, 6.29517126072e-06, 6.83511098032e-06, 5.69001804251e-06, 5.87141221331e-06, 5.81197309657e-06, 4.39946325059e-06, 4.56688667327e-06, 4.40062694906e-06, 4.19314255851e-06, 3.50263076143e-06, 3.9328983803e-06, 3.70464204025e-06, 3.52127722181e-06, 3.11846179102e-06, 2.72860529549e-06, 2.61389186562e-06, 2.14804299503e-06, 2.16247894969e-06, 2.3734730803e-06, 2.00034696718e-06, 1.48773278852e-06, 1.06523850718e-06, 9.33527743996e-08, 5.38568878383e-09, 5.13207210062e-09, 4.7993315988e-09, 4.51096537901e-09, 4.25143920069e-09, 4.00198807426e-09, 3.81383680192e-09, 3.62054097813e-09, 3.45399819857e-09, 3.30077409849e-09, 3.1624451946e-09, 3.03579272831e-09, 2.92155810655e-09, 2.81447487538e-09, 2.716261438e-09, 2.63050026206e-09, 2.55509369218e-09, 2.48587972429e-09, 2.42553155338e-09, 2.37310571194e-09, 2.32915731146e-09, 2.29052088407e-09, 2.26037411011e-09, 2.23862173243e-09, 2.22537877015e-09]
    },
    "mfcc": {
        "mean": [-613.586730957, 87.9579772949, -18.2056446075, 3.50832176208, 1.19738602638, 9.17242622375, -2.66868901253, 11.49518013, 7.95239448547, 9.43376255035, 1.10320258141, 3.32066297531, -3.787566185],
        "cov": [[2465.46240234, -1215.1697998, -977.137756348, -717.633300781, -232.436050415, -189.858840942, -172.765518188, -107.994361877, -21.7959156036, -121.486724854, -64.9448776245, -127.840179443, -78.2037963867], [-1215.1697998, 1741.1854248, 1603.50427246, 1094.4230957, 471.985321045, 321.101959229, 325.138519287, 204.678955078, 99.8405761719, 184.259796143, 188.177703857, 242.281539917, 158.594299316], [-977.137756348, 1603.50427246, 2120.7421875, 1327.50939941, 515.073303223, 319.223205566, 372.850402832, 159.89553833, 49.9652328491, 223.114074707, 159.377532959, 281.613128662, 206.923095703], [-717.633300781, 1094.4230957, 1327.50939941, 972.233947754, 403.078704834, 230.394744873, 235.657028198, 124.152450562, 31.8242893219, 144.306732178, 124.389045715, 182.667663574, 145.129669189], [-232.436050415, 471.985321045, 515.073303223, 403.078704834, 266.460479736, 131.138946533, 113.996429443, 66.7245025635, 30.9666366577, 51.2139320374, 66.2555007935, 72.9518051147, 61.3735923767], [-189.858840942, 321.101959229, 319.223205566, 230.394744873, 131.138946533, 130.863769531, 91.4541244507, 45.8588409424, 23.9234580994, 38.3328475952, 39.870677948, 38.5798721313, 30.7631034851], [-172.765518188, 325.138519287, 372.850402832, 235.657028198, 113.996429443, 91.4541244507, 143.009979248, 71.0259780884, 31.0035648346, 43.9551620483, 33.8038368225, 41.8254966736, 29.8460521698], [-107.994361877, 204.678955078, 159.89553833, 124.152450562, 66.7245025635, 45.8588409424, 71.0259780884, 90.5770187378, 39.1746101379, 29.6511974335, 30.8286094666, 24.2519645691, 17.223695755], [-21.7959156036, 99.8405761719, 49.9652328491, 31.8242893219, 30.9666366577, 23.9234580994, 31.0035648346, 39.1746101379, 61.6955986023, 20.5578765869, 24.6874084473, 9.80809688568, 2.85314702988], [-121.486724854, 184.259796143, 223.114074707, 144.306732178, 51.2139320374, 38.3328475952, 43.9551620483, 29.6511974335, 20.5578765869, 79.3581771851, 33.2118530273, 33.4233474731, 22.2824363708], [-64.9448776245, 188.177703857, 159.377532959, 124.389045715, 66.2555007935, 39.870677948, 33.8038368225, 30.8286094666, 24.6874084473, 33.2118530273, 77.2707672119, 43.8816680908, 25.560880661], [-127.840179443, 242.281539917, 281.613128662, 182.667663574, 72.9518051147, 38.5798721313, 41.8254966736, 24.2519645691, 9.80809688568, 33.4233474731, 43.8816680908, 87.7233505249, 48.5610389709], [-78.2037963867, 158.594299316, 206.923095703, 145.129669189, 61.3735923767, 30.7631034851, 29.8460521698, 17.223695755, 2.85314702988, 22.2824363708, 25.560880661, 48.5610389709, 71.5110321045]],
        "icov": [[0.0007214252837, 0.000818914384581, -0.00037078090827, 0.000474357249914, -0.000514603976626, 2.4346218197e-05, -0.000103730264527, -0.000159502014867, -0.000396850897232, 0.000327426037984, -0.000744318473153, -0.000129747670144, -0.000136165152071], [0.000818914384581, 0.00389050436206, -0.00149840279482, -0.000715349451639, -0.000171357925865, -0.00199228804559, 0.00048461658298, -0.00203566229902, -0.00184149399865, 0.00103619904257, -0.00203027320094, -0.0015654717572, 0.000886409136001], [-0.00037078090827, -0.00149840279482, 0.0054485630244, -0.00574293872342, 0.00169046036899, 0.000972921901848, -0.00467534270138, 0.00393115496263, -0.000426642072853, -0.0020818777848, 0.00268240901642, -0.00292473449372, -0.000364968378562], [0.000474357249914, -0.000715349451639, -0.00574293872342, 0.0129348197952, -0.00686907907948, -0.000162948563229, 0.00305600743741, -0.00360799557529, 0.00459339516237, -0.00129789556377, -0.0018647875404, 0.00161139888223, -0.00217557162978], [-0.000514603976626, -0.000171357925865, 0.00169046036899, -0.00686907907948, 0.0141776790842, -0.0057900105603, -0.000823672278784, 0.000175927794771, -0.00263719377108, 0.0028885290958, -0.001509135589, 0.000116641087516, -0.000843890127726], [2.4346218197e-05, -0.00199228804559, 0.000972921901848, -0.000162948563229, -0.0057900105603, 0.020833523944, -0.00803439598531, 0.00336882611737, -0.000213722538319, -0.00135719357058, -0.00122379639652, 0.00271796621382, -0.000467552861664], [-0.000103730264527, 0.00048461658298, -0.00467534270138, 0.00305600743741, -0.000823672278784, -0.00803439598531, 0.0234720800072, -0.0122053176165, -0.000140554911923, 0.00060662656324, 0.00107581820339, 0.00194076099433, 0.00155885925051], [-0.000159502014867, -0.00203566229902, 0.00393115496263, -0.00360799557529, 0.000175927794771, 0.00336882611737, -0.0122053176165, 0.0261257067323, -0.00915910769254, -0.00184442987666, -0.000178288988536, -0.000156965979841, -0.00140079122502], [-0.000396850897232, -0.00184149399865, -0.000426642072853, 0.00459339516237, -0.00263719377108, -0.000213722538319, -0.000140554911923, -0.00915910769254, 0.0271778274328, -0.0043130889535, -0.00420548254624, 0.00133031373844, 0.00104172888678], [0.000327426037984, 0.00103619904257, -0.0020818777848, -0.00129789556377, 0.0028885290958, -0.00135719357058, 0.00060662656324, -0.00184442987666, -0.0043130889535, 0.0211269985884, -0.0051069711335, 0.000267283816356, 0.000246968731517], [-0.000744318473153, -0.00203027320094, 0.00268240901642, -0.0018647875404, -0.001509135589, -0.00122379639652, 0.00107581820339, -0.000178288988536, -0.00420548254624, -0.0051069711335, 0.0248386152089, -0.00892140064389, 6.60848018015e-05], [-0.000129747670144, -0.0015654717572, -0.00292473449372, 0.00161139888223, 0.000116641087516, 0.00271796621382, 0.00194076099433, -0.000156965979841, 0.00133031373844, 0.000267283816356, -0.00892140064389, 0.0293678361923, -0.0104092452675], [-0.000136165152071, 0.000886409136001, -0.000364968378562, -0.00217557162978, -0.000843890127726, -0.000467552861664, 0.00155885925051, -0.00140079122502, 0.00104172888678, 0.000246968731517, 6.60848018015e-05, -0.0104092452675, 0.0248790774494]]
    },
    "spectral_contrast_coeffs": {
        "max": [-0.597598612309, -0.564849317074, -0.536922395229, -0.66787135601, -0.702665090561, -0.655899047852],
        "mean": [-0.752309024334, -0.773703217506, -0.77075958252, -0.818714797497, -0.796749651432, -0.731933712959],
        "min": [-0.894847869873, -0.932894825935, -0.912900328636, -0.888996958733, -0.861602902412, -0.810700058937],
        "stdev": [0.0541541054845, 0.0668242275715, 0.0566343404353, 0.0323637090623, 0.0281064249575, 0.0263266582042]
    },
    "spectral_contrast_valleys": {
        "max": [-5.39606714249, -5.30399703979, -5.15743780136, -5.13908147812, -5.90171480179, -8.23632335663],
        "mean": [-7.21217918396, -6.77425050735, -6.87506341934, -6.77140522003, -7.1171579361, -9.92803287506],
        "min": [-11.5733108521, -9.50585079193, -9.58233356476, -9.05342578888, -9.52600193024, -13.5529489517],
        "stdev": [1.34691107273, 0.47014144063, 0.871391713619, 0.963884234428, 0.769518494606, 0.937467157841]
    }
},
"rhythm": {
    "beats_count": 37,
    "beats_loudness": {
        "max": 0.113767437637,
        "mean": 0.0410768985748,
        "min": 0.0068172342144,
        "stdev": 0.0244880504906
    },
    "bpm": 178.205856323,
    "bpm_histogram_first_peak_bpm": 178,
    "bpm_histogram_first_peak_weight": 0,
    "bpm_histogram_second_peak_bpm": 172,
    "bpm_histogram_second_peak_spread": 0,
    "bpm_histogram_second_peak_weight": 0.277777791023,
    "danceability": 0.949184179306,
    "onset_rate": 2.42958807945,
    "beats_loudness_band_ratio": {
        "max": [0.956137537956, 0.156663879752, 0.517648518085, 0.608415544033, 0.493013590574, 0.181650921702],
        "mean": [0.414952754974, 0.03794362396, 0.144878983498, 0.177870795131, 0.184829086065, 0.0656625181437],
        "min": [0.000669736822601, 0.00256459135562, 0.00323559576645, 0.000924817810301, 0.00327452458441, 0.004601073917],
        "stdev": [0.37619715929, 0.0405950732529, 0.115532018244, 0.16522629559, 0.177095144987, 0.0453208386898]
    },
    "beats_position": [0.301859408617, 0.615328788757, 0.9287981987, 1.25387752056, 1.57895684242, 1.90403628349, 2.24072551727, 2.57741498947, 2.91410422325, 3.25079369545, 3.5758728981, 3.9125623703, 4.2492518425, 4.57433080673, 4.8994102478, 5.24770975113, 5.59600877762, 5.93269824982, 6.26938772202, 6.6176867485, 6.96598625183, 7.30267572403, 7.63936471939, 7.97605419159, 8.31274318695, 8.66104316711, 9.0093421936, 9.34603118896, 9.682721138, 10.0194101334, 10.3560991287, 10.7043991089, 11.0526981354, 11.3893871307, 11.7260770798, 12.0743761063, 12.4226751328],
