{
"metadata": {
    "version": {
        "essentia": "2.1-beta5",
        "essentia_git_sha": "Undefined",
        "extractor": "music 2.0"
    },
    "audio_properties": {
        "analysis": {
            "equal_loudness": 0,
            "length": 48.7502937317,
            "sample_rate": 44100,
            "start_time": 77.7404098511,
            "downmix": "mix"
        },
        "bit_rate": 192000,
        "length": 181.429122925,
        "lossless": 0,
        "number_channels": 2,
        "replay_gain": -0.354362487793,
        "sample_rate": 48000,
        "codec": "mp3",
        "md5_encoded": "66f95f99e0e53d1e695e679c1c67e748"
    },
    "tags": {
        "file_name": "Croatia_Marija Magdalena_Doris Dragović.mp3",
        "encoding": ["Lavf58.29.100"]
    }
},
"lowlevel": {
    "average_loudness": 0.965088367462,
    "barkbands_crest": {
        "max": 25.2430534363,
        "mean": 10.7584018707,
        "min": 2.7406103611,
        "stdev": 4.3760061264
    },
    "barkbands_flatness_db": {
        "max": 0.245599672198,
        "mean": 0.110702648759,
        "min": 0.0295741781592,
        "stdev": 0.0369892083108
    },
    "barkbands_kurtosis": {
        "max": 58.0865516663,
        "mean": 1.89088094234,
        "min": -1.87428915501,
        "stdev": 4.31802988052
    },
    "barkbands_skewness": {
        "max": 7.00106334686,
        "mean": 1.01031136513,
        "min": -1.4405823946,
        "stdev": 0.944606721401
    },
    "barkbands_spread": {
        "max": 112.990333557,
        "mean": 26.0092201233,
        "min": 3.53228402138,
        "stdev": 14.9708862305
    },
    "dissonance": {
        "max": 0.499999850988,
        "mean": 0.463775634766,
        "min": 0.187914445996,
        "stdev": 0.0281436163932
    },
    "dynamic_complexity": 2.22022819519,
    "erbbands_crest": {
        "max": 29.0945262909,
        "mean": 10.6495008469,
        "min": 2.61791563034,
        "stdev": 5.51483678818
    },
    "erbbands_flatness_db": {
        "max": 0.27531477809,
        "mean": 0.15271705389,
        "min": 0.069768935442,
        "stdev": 0.0389259979129
    },
    "erbbands_kurtosis": {
        "max": 22.0727310181,
        "mean": 0.978481709957,
        "min": -1.71380460262,
        "stdev": 2.21650195122
    },
    "erbbands_skewness": {
        "max": 4.09426403046,
        "mean": 0.562481880188,
        "min": -2.76629805565,
        "stdev": 0.787100672722
    },
    "erbbands_spread": {
        "max": 119.874290466,
        "mean": 34.4342575073,
        "min": 5.40258169174,
        "stdev": 18.5620174408
    },
    "hfc": {
        "max": 138.486785889,
        "mean": 30.9908695221,
        "min": 0.687458395958,
        "stdev": 19.6316356659
    },
    "loudness_ebu128": {
        "integrated": -21.9111423492,
        "loudness_range": 2.57771492004,
        "momentary": {
            "max": -19.0502490997,
            "mean": -22.2416038513,
            "min": -28.3175029755,
            "stdev": 1.7951772213
        },
        "short_term": {
            "max": -20.3626441956,
            "mean": -21.9322147369,
            "min": -25.0845470428,
            "stdev": 0.844447612762
        }
    },
    "melbands_crest": {
        "max": 34.5270423889,
        "mean": 14.3163509369,
        "min": 3.7538383007,
        "stdev": 5.50486660004
    },
    "melbands_flatness_db": {
        "max": 0.345020383596,
        "mean": 0.169799342752,
        "min": 0.046687413007,
        "stdev": 0.049372214824
    },
    "melbands_kurtosis": {
        "max": 155.44329834,
        "mean": 7.64302873611,
        "min": -1.43426418304,
        "stdev": 12.2639141083
    },
    "melbands_skewness": {
        "max": 10.6230535507,
        "mean": 1.88518214226,
        "min": -1.00341403484,
        "stdev": 1.46845757961
    },
    "melbands_spread": {
        "max": 217.297927856,
        "mean": 29.4190502167,
        "min": 2.09005856514,
        "stdev": 17.5894832611
    },
    "pitch_salience": {
        "max": 0.842737436295,
        "mean": 0.526722252369,
        "min": 0.148630797863,
        "stdev": 0.110778912902
    },
    "silence_rate_20dB": {
        "max": 1,
        "mean": 1,
        "min": 1,
        "stdev": 0
    },
    "silence_rate_30dB": {
        "max": 1,
        "mean": 0.999524056911,
        "min": 0,
        "stdev": 0.0218115113676
    },
    "silence_rate_60dB": {
        "max": 0,
        "mean": 0,
        "min": 0,
        "stdev": 0
    },
    "spectral_centroid": {
        "max": 4620.01611328,
        "mean": 1557.44372559,
        "min": 408.274658203,
        "stdev": 518.155578613
    },
    "spectral_complexity": {
        "max": 50,
        "mean": 22.7858161926,
        "min": 0,
        "stdev": 8.84700012207
    },
    "spectral_decrease": {
        "max": -1.31441760254e-10,
        "mean": -8.3378708382e-09,
        "min": -3.00733553615e-08,
        "stdev": 4.38982583617e-09
    },
    "spectral_energy": {
        "max": 0.11965559423,
        "mean": 0.0342800617218,
        "min": 0.000558447325602,
        "stdev": 0.0175812449306
    },
    "spectral_energyband_high": {
        "max": 0.0165167544037,
        "mean": 0.00129604712129,
        "min": 1.66425215866e-05,
        "stdev": 0.00170671439264
    },
    "spectral_energyband_low": {
        "max": 0.0671080872416,
        "mean": 0.0106184538454,
        "min": 2.52578702202e-05,
        "stdev": 0.00962168257684
    },
    "spectral_energyband_middle_high": {
        "max": 0.0895478650928,
        "mean": 0.0117900203913,
        "min": 0.000180437069503,
        "stdev": 0.0120139364153
    },
    "spectral_energyband_middle_low": {
        "max": 0.0624538697302,
        "mean": 0.0117106316611,
        "min": 0.000184794844245,
        "stdev": 0.0109861940145
    },
    "spectral_entropy": {
        "max": 8.84403896332,
        "mean": 7.78464746475,
        "min": 6.73604869843,
        "stdev": 0.309321552515
    },
    "spectral_flux": {
        "max": 0.275524735451,
        "mean": 0.1022471264,
        "min": 0.0205679852515,
        "stdev": 0.0400188751519
    },
    "spectral_kurtosis": {
        "max": 10.6598548889,
        "mean": 3.0119202137,
        "min": -1.10912716389,
        "stdev": 1.61063933372
    },
    "spectral_rms": {
        "max": 0.0108044976369,
        "mean": 0.0055852602236,
        "min": 0.00073812372284,
        "stdev": 0.00149960024282
    },
    "spectral_rolloff": {
        "max": 10960.4003906,
        "mean": 1636.82556152,
        "min": 64.599609375,
        "stdev": 1519.07971191
    },
    "spectral_skewness": {
        "max": 2.89534425735,
        "mean": 1.31907343864,
        "min": 0.0965380072594,
        "stdev": 0.309257477522
    },
    "spectral_spread": {
        "max": 13593100,
        "mean": 4827810.5,
        "min": 2849526.5,
        "stdev": 1398802.25
    },
    "spectral_strongpeak": {
        "max": 8.99217033386,
        "mean": 1.69719076157,
        "min": 0,
        "stdev": 1.83232748508
    },
    "zerocrossingrate": {
        "max": 0.3349609375,
        "mean": 0.0672143176198,
        "min": 0.00732421875,
        "stdev": 0.0364908650517
    },
    "barkbands": {
        "max": [0.00334362592548, 0.0544700622559, 0.0451903492212, 0.0244574472308, 0.0217277090997, 0.0480657070875, 0.0291652455926, 0.0338367596269, 0.0551536083221, 0.0825599506497, 0.0353556610644, 0.0154544617981, 0.0169855467975, 0.0157312210649, 0.0122536318377, 0.00913304276764, 0.00652288738638, 0.00408941786736, 0.00224939198233, 0.0027093286626, 0.00354880001396, 0.00624981569126, 0.0060019553639, 0.00791905261576, 0.007010249421, 0.000735624635126, 0.000115162889415],
        "mean": [0.000387033825973, 0.00729251466691, 0.00227425806224, 0.00116103037726, 0.00147316569928, 0.0018682484515, 0.000992210814729, 0.00172101520002, 0.00367069011554, 0.00474536605179, 0.00162960833404, 0.000884381763171, 0.00101414625533, 0.00150563556235, 0.000630460504908, 0.000418489449657, 0.000397185969632, 0.000365849904483, 0.000337074539857, 0.00037495532888, 0.000236215084442, 0.000249308795901, 0.000268539472017, 0.0002423676342, 0.000116910683573, 2.13216990232e-05, 2.0528375444e-06],
        "min": [3.18058539506e-07, 4.24976315117e-06, 7.18105184205e-06, 1.58609384471e-06, 9.37584718486e-06, 9.24027426663e-06, 2.88232422463e-06, 2.61788431999e-06, 6.9608731792e-06, 4.89409421789e-06, 3.04882632918e-06, 2.44481566369e-06, 6.18655940343e-06, 3.74689943783e-06, 6.43125258648e-06, 3.6421738514e-06, 1.62407229709e-06, 2.63427841674e-06, 1.97163876692e-06, 5.79999095862e-06, 3.04092486658e-06, 2.27920895668e-06, 1.97883059627e-06, 2.019861995e-06, 4.2360895236e-07, 3.54214876097e-07, 7.18838211178e-10],
        "stdev": [0.000409496104112, 0.00810071080923, 0.0035630534403, 0.00169783853926, 0.00199861661531, 0.00390259269625, 0.00181918183807, 0.00409082649276, 0.008116658777, 0.00865457393229, 0.0042915516533, 0.00138769415207, 0.00160556286573, 0.00233564176597, 0.00101686303969, 0.000744245422538, 0.000469697901281, 0.000380341312848, 0.00030075511313, 0.000320385355735, 0.000269930431386, 0.000320614344673, 0.000443712022388, 0.000638302240986, 0.000432719854871, 4.68358848593e-05, 5.91802745475e-06]
    },
    "erbbands": {
        "max": [2.40560746193, 13.4548158646, 48.9690132141, 54.5015182495, 59.8702659607, 96.1829528809, 360.267944336, 337.441040039, 560.171447754, 603.667907715, 916.190185547, 1740.58337402, 1928.33898926, 1951.1940918, 1290.27038574, 595.462890625, 745.500427246, 943.672424316, 752.047058105, 862.67175293, 380.510467529, 324.727996826, 242.054489136, 141.791915894, 142.048873901, 119.338287354, 122.299064636, 131.846420288, 241.748336792, 172.379760742, 199.527542114, 229.1612854, 111.099975586, 106.421150208, 19.6349830627, 6.38078546524, 0.835254609585, 0.0869415029883, 0.0234842002392, 0.00101516209543],
        "mean": [0.264620184898, 1.41104447842, 2.69694662094, 3.53039050102, 4.28006744385, 4.42598724365, 10.0030879974, 15.9041996002, 17.3544597626, 17.0116729736, 55.2965583801, 82.4404754639, 109.296432495, 121.350265503, 57.5600624084, 39.7628173828, 49.3558883667, 56.4677429199, 60.1920890808, 29.758939743, 22.6065235138, 23.0349712372, 19.9094924927, 17.7771530151, 19.3696422577, 16.890745163, 10.7557792664, 8.98688411713, 8.95571231842, 7.94192504883, 7.6603178978, 6.06363248825, 3.48125553131, 1.79923057556, 0.537470042706, 0.145816475153, 0.0318687967956, 0.0040509942919, 0.000427928345744, 5.74868754484e-05],
        "min": [8.93639225978e-05, 0.00146742805373, 0.00833723228425, 0.00664227362722, 0.0206564646214, 0.077511548996, 0.0781022235751, 0.108660422266, 0.116011895239, 0.136891141534, 0.132101848722, 0.150313764811, 0.418517798185, 0.176597118378, 0.202427104115, 0.205097854137, 0.301352649927, 0.206967562437, 0.293954879045, 0.375368624926, 0.281809300184, 0.11137214303, 0.134993001819, 0.094857506454, 0.149746611714, 0.248161315918, 0.216836750507, 0.0965655595064, 0.10311948508, 0.0355344377458, 0.0667745769024, 0.0624559521675, 0.0181104391813, 0.00622081244364, 0.0024026776664, 0.00146591372322, 0.000572448712774, 0.00011002359679, 7.48396041672e-06, 1.37852771331e-06],
        "stdev": [0.306006342173, 1.73937642574, 3.86592721939, 4.76837396622, 5.95687675476, 6.34772014618, 20.6663646698, 35.695438385, 32.6573944092, 38.9574432373, 109.809921265, 193.125457764, 204.927993774, 226.60508728, 139.148254395, 55.6063423157, 72.513343811, 98.9867019653, 89.0298461914, 49.6461486816, 33.7792129517, 25.6946277618, 18.981546402, 17.0014286041, 16.3163509369, 15.0056352615, 11.8126649857, 10.3069171906, 11.9873943329, 10.2568731308, 13.7220954895, 15.5926389694, 9.24874687195, 6.80432510376, 1.72286331654, 0.416873723269, 0.0558594465256, 0.00681834761053, 0.00125917920377, 5.21941619809e-05]
    },
    "gfcc": {
        "mean": [39.1636352539, 81.587020874, -124.352386475, 35.0110473633, -60.0899887085, 27.4762744904, -26.0082492828, 14.2446069717, -17.4803905487, 2.34261393547, -12.2514486313, 0.540771067142, -8.84195613861],
        "cov": [[1272.00634766, -342.913269043, -185.590423584, -96.5602645874, -125.714538574, 78.9103469849, -69.216003418, 17.577796936, -90.5317077637, -15.1512107849, -67.62449646, -54.0504608154, -47.2696113586], [-342.913269043, 667.068481445, -92.5504989624, -51.0444259644, 188.362304688, -75.3101959229, 151.107666016, -10.5236263275, 71.8939819336, -10.0156965256, 58.6919326782, 3.82664322853, 8.00399494171], [-185.590423584, -92.5504989624, 511.506439209, 226.795455933, -56.3210639954, 23.8535289764, -88.4025497437, 28.2640476227, 13.1576976776, 15.3088216782, -41.8744888306, -15.9019384384, -9.46601104736], [-96.5602645874, -51.0444259644, 226.795455933, 229.750396729, 18.1097106934, 1.39380335808, -45.0592575073, 6.0647187233, -12.4413375854, 17.4490718842, -34.2434768677, 5.97928762436, -8.96547222137], [-125.714538574, 188.362304688, -56.3210639954, 18.1097106934, 206.603057861, 42.589302063, 86.1260681152, -1.64715707302, 7.54890775681, -11.7254085541, 30.822347641, 14.6177873611, 10.172832489], [78.9103469849, -75.3101959229, 23.8535289764, 1.39380335808, 42.589302063, 142.723190308, 54.4368667603, 18.1843910217, -40.4666099548, -12.1102685928, 5.00353479385, -0.514414191246, -9.4678478241], [-69.216003418, 151.107666016, -88.4025497437, -45.0592575073, 86.1260681152, 54.4368667603, 191.058456421, 26.9735717773, -11.4804821014, -15.4019498825, 31.935256958, -10.3348731995, -18.7641410828], [17.577796936, -10.5236263275, 28.2640476227, 6.0647187233, -1.64715707302, 18.1843910217, 26.9735717773, 86.5820999146, 45.7994689941, 14.9151239395, -21.6262207031, -25.7050628662, -10.2964363098], [-90.5317077637, 71.8939819336, 13.1576976776, -12.4413375854, 7.54890775681, -40.4666099548, -11.4804821014, 45.7994689941, 135.488876343, 32.8587532043, 2.81156492233, -6.73348808289, 22.3651390076], [-15.1512107849, -10.0156965256, 15.3088216782, 17.4490718842, -11.7254085541, -12.1102685928, -15.4019498825, 14.9151239395, 32.8587532043, 66.2046051025, 19.1080608368, 2.9536819458, -4.18684053421], [-67.62449646, 58.6919326782, -41.8744888306, -34.2434768677, 30.822347641, 5.00353479385, 31.935256958, -21.6262207031, 2.81156492233, 19.1080608368, 92.2027206421, 45.0716171265, 20.1569232941], [-54.0504608154, 3.82664322853, -15.9019384384, 5.97928762436, 14.6177873611, -0.514414191246, -10.3348731995, -25.7050628662, -6.73348808289, 2.9536819458, 45.0716171265, 83.6465530396, 46.3825645447], [-47.2696113586, 8.00399494171, -9.46601104736, -8.96547222137, 10.172832489, -9.4678478241, -18.7641410828, -10.2964363098, 22.3651390076, -4.18684053421, 20.1569232941, 46.3825645447, 78.0633392334]],
        "icov": [[0.00118660123553, 0.00020724265778, 0.000756705645472, -1.33865942189e-05, 0.000495675310958, -0.000872598669957, 0.000757832021918, -0.000560979708098, 0.000568623479921, -3.04257082462e-06, 0.000240337016294, 0.000552408688236, 0.000171881285496], [0.00020724265778, 0.00354611105286, -0.000829015451018, 0.0012912156526, -0.00301126716658, 0.00333755044267, -0.00252838549204, 0.00117691850755, -0.001153975958, 0.000317321682815, -0.000178575268365, 8.99084534467e-06, 0.000542759953532], [0.000756705645472, -0.000829015451018, 0.00534086395055, -0.0054187644273, 0.00312516069971, -0.00340780150145, 0.00237044692039, -0.00126756879035, -0.000847798597533, 0.00184783420991, -0.00192280358169, 0.00241597299464, -0.000446461897809], [-1.33865942189e-05, 0.0012912156526, -0.0054187644273, 0.0117609873414, -0.00506720552221, 0.00349894748069, -0.000759212125558, 0.000174792439793, 0.00260047917254, -0.00474103912711, 0.00573402643204, -0.00481592630967, 0.00185996142682], [0.000495675310958, -0.00301126716658, 0.00312516069971, -0.00506720552221, 0.010934330523, -0.0058884145692, -0.000140984891914, 0.000518874090631, -0.00161463790573, 0.00224509439431, -0.00209025526419, 0.0012613151921, -0.00132532941643], [-0.000872598669957, 0.00333755044267, -0.00340780150145, 0.00349894748069, -0.0058884145692, 0.0146092204377, -0.00475605065003, -0.00245574652217, 0.0033887247555, -0.000338541460223, -4.10101820307e-05, -0.00163146317936, 0.000181042021723], [0.000757832021918, -0.00252838549204, 0.00237044692039, -0.000759212125558, -0.000140984891914, -0.00475605065003, 0.0120998714119, -0.00593883031979, 0.00241590081714, 0.00280209397897, -0.00449261022732, 0.00234315660782, 0.00171100429725], [-0.000560979708098, 0.00117691850755, -0.00126756879035, 0.000174792439793, 0.000518874090631, -0.00245574652217, -0.00593883031979, 0.0216853357852, -0.00873100664467, -0.00367163051851, 0.00577192660421, 0.00112969754264, 0.000616186822299], [0.000568623479921, -0.001153975958, -0.000847798597533, 0.00260047917254, -0.00161463790573, 0.0033887247555, 0.00241590081714, -0.00873100664467, 0.0153730791062, -0.00572573998943, -0.000119138341688, 0.00253204349428, -0.00547615997493], [-3.04257082462e-06, 0.000317321682815, 0.00184783420991, -0.00474103912711, 0.00224509439431, -0.000338541460223, 0.00280209397897, -0.00367163051851, -0.00572573998943, 0.0237188059837, -0.0099453208968, 0.00118620274588, 0.00427657878026], [0.000240337016294, -0.000178575268365, -0.00192280358169, 0.00573402643204, -0.00209025526419, -4.10101820307e-05, -0.00449261022732, 0.00577192660421, -0.000119138341688, -0.0099453208968, 0.0237339735031, -0.0120778940618, 0.00108665169682], [0.000552408688236, 8.99084534467e-06, 0.00241597299464, -0.00481592630967, 0.0012613151921, -0.00163146317936, 0.00234315660782, 0.00112969754264, 0.00253204349428, 0.00118620274588, -0.0120778940618, 0.0277304947376, -0.0135962283239], [0.000171881285496, 0.000542759953532, -0.000446461897809, 0.00185996142682, -0.00132532941643, 0.000181042021723, 0.00171100429725, 0.000616186822299, -0.00547615997493, 0.00427657878026, 0.00108665169682, -0.0135962283239, 0.0233013480902]]
    },
    "melbands": {
        "max": [0.017900923267, 0.018799232319, 0.00887846760452, 0.00578030943871, 0.00941016431898, 0.00716381100938, 0.00725770369172, 0.00705418828875, 0.00809833779931, 0.0103504769504, 0.0100999353454, 0.00930634327233, 0.005677156616, 0.00169856403954, 0.00290428404696, 0.00189701048657, 0.0016762255691, 0.00160125573166, 0.000944380415604, 0.000887442496605, 0.00047484258539, 0.000480479851831, 0.000262625340838, 0.000252636993537, 0.000129501248011, 0.000139153475175, 0.000132584173116, 7.46085133869e-05, 7.20672833268e-05, 8.4678780695e-05, 7.35925132176e-05, 0.000137903931318, 0.000130488377181, 8.67616836331e-05, 0.000126019382151, 0.00015405670274, 0.000178620524821, 7.49529062887e-05, 0.000126000959426, 8.03583388915e-05],
        "mean": [0.00215786346234, 0.00152378599159, 0.000625440035947, 0.000315845711157, 0.00031606722041, 0.000365612504538, 0.00024307455169, 0.00021914143872, 0.000536325096618, 0.000484777759993, 0.000574970967136, 0.000544387265109, 0.000221582929953, 8.84957407834e-05, 0.000136746690259, 8.3821163571e-05, 0.000111502849904, 0.000115447306598, 4.50501975138e-05, 3.14922217513e-05, 2.4432223654e-05, 2.36237319768e-05, 1.92022343981e-05, 1.86740435311e-05, 1.36072876558e-05, 1.33848798214e-05, 1.53087676154e-05, 1.0142291103e-05, 6.68450047669e-06, 5.92755168327e-06, 4.89607373311e-06, 5.43928990737e-06, 4.2407359615e-06, 4.48407081421e-06, 4.46038939117e-06, 4.18011586589e-06, 3.5420491713e-06, 2.41240263676e-06, 2.11091878555e-06, 1.31104684442e-06],
        "min": [1.09813538529e-06, 4.70032910016e-06, 1.21199275327e-06, 2.74160925073e-06, 1.86664942703e-06, 2.11110000237e-06, 1.93741880139e-06, 3.58848808446e-07, 1.08538301902e-06, 9.18414116313e-07, 1.13574401439e-06, 5.7565540601e-07, 5.19901732332e-07, 3.18247941777e-07, 4.16384551727e-07, 6.40732025659e-07, 3.38142143619e-07, 3.73372586182e-07, 4.84565418901e-07, 3.24957824205e-07, 3.11079645599e-07, 7.42842090062e-08, 9.38561441899e-08, 1.83075727023e-07, 5.56786083905e-08, 9.08350514806e-08, 1.04237784626e-07, 1.99066178652e-07, 1.80504827085e-07, 6.26715532803e-08, 5.40226459123e-08, 8.38560652028e-08, 9.07563890706e-09, 1.92701747892e-08, 3.76017084136e-08, 2.56562504575e-08, 2.83774053145e-08, 1.29459518661e-08, 7.06624048163e-09, 4.286306865e-09],
        "stdev": [0.00240429118276, 0.00180246459786, 0.000779448542744, 0.000410249573179, 0.000599166320171, 0.000767115561757, 0.000447960803285, 0.000564967864193, 0.00109449867159, 0.00113515823614, 0.00109592732042, 0.00103731581476, 0.000605015840847, 0.000140966294566, 0.00021205075609, 0.000150798514369, 0.000202749462915, 0.000191194427316, 8.30804347061e-05, 6.34753378108e-05, 3.75624222215e-05, 3.02229636873e-05, 2.082134597e-05, 2.3151293135e-05, 1.39195599331e-05, 1.27472321765e-05, 1.35770160341e-05, 1.00843244581e-05, 7.58056285122e-06, 7.04251442585e-06, 5.81208905714e-06, 7.40335462979e-06, 5.78574463361e-06, 5.9398466874e-06, 7.61585397413e-06, 1.01571549749e-05, 9.9298213172e-06, 5.73808165427e-06, 7.90795820649e-06, 5.19799823451e-06]
    },
    "melbands128": {
        "max": [0.00330788991414, 0.0211728494614, 0.0254751127213, 0.0277264639735, 0.0271487981081, 0.0185653567314, 0.012284479104, 0.0131792956963, 0.00716320239007, 0.00963225122541, 0.00678007490933, 0.00933705829084, 0.0139923561364, 0.0191077385098, 0.0102264173329, 0.0137337073684, 0.015611208044, 0.00932183302939, 0.00567930890247, 0.00968631077558, 0.0140944877639, 0.0132662262768, 0.0153542663902, 0.0208659544587, 0.0211020559072, 0.0169549807906, 0.0206641498953, 0.0192333124578, 0.0223164018244, 0.0189588591456, 0.0123653486371, 0.00905417557806, 0.0118587603793, 0.00750123243779, 0.00289944349788, 0.00292821135372, 0.00278671411797, 0.00642756884918, 0.00462056929246, 0.0026506211143, 0.00300570321269, 0.00432282499969, 0.00353815266863, 0.00356276170351, 0.00414732610807, 0.00270826485939, 0.00142429606058, 0.00159370561596, 0.00168737897184, 0.00230361986905, 0.00149659486488, 0.00160366040654, 0.00106570031494, 0.000571004929952, 0.0010275861714, 0.000593550037593, 0.000636367942207, 0.000585085770581, 0.00041124492418, 0.000306973030092, 0.000402239791583, 0.000470763188787, 0.000246725598117, 0.000163884978974, 0.000321386003634, 0.000308705668431, 0.000163191274623, 0.000225701398449, 0.000202417955734, 0.000288376351818, 0.000146172111272, 0.000151115018525, 8.69047798915e-05, 0.000101919024019, 0.000141351702041, 9.17549332371e-05, 6.32899755146e-05, 8.14765880932e-05, 8.43063389766e-05, 6.80659868522e-05, 0.000198243607883, 0.000220223184442, 0.00010876567103, 0.000186632430996, 0.000100276432931, 8.7066218839e-05, 9.49206660152e-05, 0.000114545284305, 0.0001516390912, 0.000126124199596, 0.000190825216123, 0.000209046062082, 0.000174036322278, 0.000344922067598, 0.000129877633299, 9.02099782252e-05, 7.83686191426e-05, 0.000115550574264, 0.000146583319292, 0.00017881130043, 0.00014840302174, 0.000144452336826, 3.83128499379e-05, 2.52245608863e-05, 2.60179713223e-05, 3.59623809345e-05, 3.91670109821e-05, 1.69480554177e-05, 1.07316318463e-05, 4.86409453515e-06, 5.39922666576e-06, 4.02626847062e-06, 1.89175523246e-06, 2.15066165765e-06, 1.07603511879e-06, 7.21692970274e-07, 8.8961644451e-07, 8.50888739024e-07, 9.2752202363e-07, 8.82560470927e-07, 9.76717728918e-07, 8.09511789157e-07, 5.65231005112e-07, 3.12693408944e-08, 3.82165499246e-09, 3.7873779668e-09, 3.74695297012e-09, 3.72253849967e-09],
        "mean": [0.000357922486728, 0.00222044368275, 0.00289342226461, 0.00211968645453, 0.00150820799172, 0.00103189330548, 0.000743190234061, 0.000515061139595, 0.000424400845077, 0.000348991452483, 0.000194697102415, 0.000239528570091, 0.000323373475112, 0.000461242394522, 0.000351008638972, 0.000328093679855, 0.000333219679305, 0.000244484370342, 0.000106466533907, 0.000136052942253, 0.000308750895783, 0.000379634846468, 0.000488620542455, 0.00082017184468, 0.000635899137706, 0.000261442241026, 0.000337982026394, 0.000481057475554, 0.000963501690421, 0.00076470838394, 0.000321866769809, 0.000249735137913, 0.000302365631796, 0.000112123329018, 9.08746442292e-05, 7.588067092e-05, 8.96363562788e-05, 0.00016418294399, 0.000152906199219, 9.97123061097e-05, 5.25376817677e-05, 8.11062418506e-05, 0.000103478538222, 0.000114013222628, 0.000190351391211, 0.00011308946705, 3.67621214536e-05, 4.77447574667e-05, 4.77051762573e-05, 3.4373402741e-05, 2.93698176392e-05, 2.76580885838e-05, 3.02074549836e-05, 1.98478246602e-05, 1.8615857698e-05, 2.62400735664e-05, 2.56207276834e-05, 2.21249920287e-05, 1.61739062605e-05, 1.44227797136e-05, 2.16627304326e-05, 1.95837692445e-05, 1.32613477035e-05, 1.03070324258e-05, 1.69797021954e-05, 1.18886036944e-05, 1.27455441543e-05, 1.55756788445e-05, 1.7628808564e-05, 1.20165195767e-05, 1.08209360405e-05, 8.8807883003e-06, 6.96799452271e-06, 6.07169340583e-06, 6.28253292234e-06, 6.80408129483e-06, 4.94105688631e-06, 5.79272636969e-06, 4.05313312513e-06, 4.70733129987e-06, 7.07157278157e-06, 4.60331921204e-06, 4.50675270258e-06, 4.01036686526e-06, 4.36400659964e-06, 4.13903399021e-06, 4.81820779896e-06, 4.74742682854e-06, 4.33680907008e-06, 4.4134444579e-06, 4.06237995776e-06, 4.44364559371e-06, 3.65832011084e-06, 4.04123011322e-06, 3.02281068798e-06, 2.43632348429e-06, 2.28973635785e-06, 2.40220651904e-06, 2.13713565245e-06, 2.05531250685e-06, 1.61377579388e-06, 1.26348243157e-06, 8.22667971079e-07, 6.13929842075e-07, 5.6575487406e-07, 5.35416347702e-07, 4.19791632567e-07, 2.79276861193e-07, 1.97992264361e-07, 1.85484239523e-07, 1.81219817819e-07, 1.24927396428e-07, 7.82372495678e-08, 6.33921644067e-08, 4.64221336927e-08, 3.11162651201e-08, 2.66531188231e-08, 1.44176830474e-08, 1.22588108553e-08, 1.19016831945e-08, 1.10057660763e-08, 9.2084384562e-09, 5.60819435336e-09, 1.2589855547e-10, 6.84922344535e-12, 6.39956100265e-12, 6.14116873673e-12, 6.07721381898e-12],
        "min": [2.91716286682e-08, 5.33293984972e-07, 1.24417033476e-06, 1.19580818136e-06, 2.8531260341e-06, 3.30428247253e-06, 6.04920160185e-07, 3.9080086367e-07, 4.73769262044e-07, 5.62189882203e-07, 3.48150990703e-07, 4.4962996526e-07, 2.99338296372e-07, 1.22716733131e-06, 1.29047452901e-06, 2.96498001262e-07, 8.58573685036e-07, 4.91845185024e-07, 1.83048598501e-07, 1.57428189596e-07, 3.6606174092e-08, 2.50611265074e-07, 3.16997528671e-07, 3.91397179555e-07, 3.42831839362e-07, 5.48038997294e-07, 1.94715553903e-07, 3.9448843836e-07, 1.93722272002e-07, 3.9243158767e-07, 2.81969818161e-07, 5.2279153806e-07, 2.35945734062e-07, 1.80506631864e-07, 2.14954525291e-07, 9.48233918052e-08, 1.46160829217e-07, 2.17842128336e-07, 1.25312439536e-07, 3.82712812552e-07, 9.51583345454e-08, 3.06215014234e-07, 2.07773041438e-07, 1.34530452556e-07, 1.69353540969e-07, 1.86293760862e-07, 1.23662985629e-07, 1.54484041559e-07, 1.8727352824e-07, 1.29770171498e-07, 1.33556028459e-07, 2.62587775524e-07, 3.12155577831e-07, 2.61689390157e-08, 1.21754384352e-08, 3.17104138503e-08, 1.82371849178e-07, 1.64521708257e-07, 1.97998026863e-08, 3.65235415245e-08, 1.17245761544e-07, 1.42783306956e-07, 3.98414208291e-08, 3.52720732621e-08, 1.74950578469e-08, 1.01547620091e-07, 1.1119227139e-07, 1.28967243995e-07, 8.9787327795e-08, 4.62122535794e-08, 1.03101115201e-07, 9.21260294717e-08, 7.14786736467e-08, 7.94189958242e-08, 5.62183792852e-08, 9.51402654437e-08, 4.02346671535e-08, 2.52922927046e-08, 6.46516440383e-08, 5.99852896244e-08, 1.12374394234e-07, 4.01970581265e-08, 6.38056452118e-09, 5.69994673683e-09, 9.66734159391e-09, 2.17680664605e-08, 1.99757916874e-08, 1.92971203461e-08, 2.42011495288e-08, 1.70690697132e-08, 1.39477718264e-08, 2.13162554275e-08, 2.92895396825e-08, 2.88752719513e-08, 1.07988755715e-08, 5.68324454164e-09, 7.70306662901e-09, 7.45304351568e-09, 4.54292337082e-09, 4.88990314906e-09, 4.64088278918e-09, 2.65927035947e-09, 1.98931249251e-09, 2.81165246641e-09, 1.97114746747e-09, 1.76693626397e-09, 1.05131214845e-09, 1.40484723854e-09, 1.74311687307e-09, 1.76788284012e-09, 2.47557263577e-09, 1.17099385744e-09, 1.63287283694e-09, 5.95466176367e-10, 4.26821966659e-10, 4.52805820617e-10, 7.94347920774e-11, 1.69748893761e-12, 5.27086783508e-13, 4.8364480823e-13, 5.2071021106e-13, 5.79156297573e-13, 4.97904397833e-13, 4.544170758e-13, 3.38301571002e-13, 1.07073854991e-13, 1.96164360255e-14, 4.96651574694e-16],
        "stdev": [0.000398229982238, 0.00269299629144, 0.00367598631419, 0.00292591936886, 0.00227454677224, 0.00163853820413, 0.00109210098162, 0.000804727489594, 0.000687904015649, 0.000526390445884, 0.000360095844371, 0.000580936146434, 0.00077216536738, 0.00123330042697, 0.000964195409324, 0.00103362672962, 0.00078412599396, 0.000527866010088, 0.000241276953602, 0.00044221902499, 0.00106022437103, 0.00116411899216, 0.00131638906896, 0.00235265982337, 0.00209101452492, 0.00099178776145, 0.00139713857789, 0.00144958170131, 0.00208592251875, 0.00186602689791, 0.00107199605554, 0.00073938886635, 0.00110871717334, 0.000367782893591, 0.000196695400518, 0.000191458428162, 0.000208679615753, 0.000355509866495, 0.00030241231434, 0.000236127365497, 0.000161201271112, 0.000299138569972, 0.000312753749313, 0.000285217713099, 0.000385993160307, 0.00025465892395, 9.75566363195e-05, 0.000125239850604, 0.000120085023809, 0.00011119087867, 8.39515123516e-05, 8.17421314423e-05, 6.39055069769e-05, 3.85211897083e-05, 4.93261759402e-05, 4.13955349359e-05, 4.34111898358e-05, 3.83961378247e-05, 2.41073412326e-05, 2.20795118366e-05, 3.87539876101e-05, 3.22871237586e-05, 1.96706696443e-05, 1.43679826579e-05, 2.29029355978e-05, 1.71896754182e-05, 1.59238607012e-05, 1.78650716407e-05, 1.99218902708e-05, 1.60471954587e-05, 1.47720165842e-05, 1.22021583593e-05, 9.24920823309e-06, 9.08650781639e-06, 9.36587548495e-06, 9.11097231437e-06, 6.29445503364e-06, 8.06400021247e-06, 5.46081173525e-06, 6.1962387008e-06, 9.95288064587e-06, 8.40844950289e-06, 6.9009465733e-06, 6.45509044261e-06, 6.75320825394e-06, 5.89403543927e-06, 6.98371923136e-06, 8.00037923909e-06, 8.01459282229e-06, 8.69592622621e-06, 1.06672951006e-05, 1.21968460007e-05, 1.02050798887e-05, 1.32987261168e-05, 8.57172562974e-06, 5.49933474758e-06, 5.32910780748e-06, 7.72861585574e-06, 8.48870513437e-06, 9.14558131626e-06, 7.26599091649e-06, 5.72029830437e-06, 2.61509717348e-06, 1.57546196533e-06, 1.73022283434e-06, 2.27605869441e-06, 1.94815288523e-06, 9.95532445813e-07, 5.10514951202e-07, 3.35873892254e-07, 3.29573140334e-07, 2.24193740905e-07, 1.38212968182e-07, 1.18811470884e-07, 7.83555620387e-08, 5.50748531225e-08, 5.18116287651e-08, 4.33595488403e-08, 4.76871164778e-08, 4.6751317484e-08, 4.50562467336e-08, 3.34080709763e-08, 2.62108912352e-08, 1.0884479984e-09, 8.35165686608e-11, 8.27751617249e-11, 8.18975165462e-11, 8.13654282839e-11]
    },
    "mfcc": {
        "mean": [-599.471801758, 105.71497345, -1.37882363796, 15.5225954056, -1.49468576908, 11.2249011993, 5.0417637825, 12.4392595291, 1.48731517792, 10.4632902145, 0.505669951439, 0.0611252710223, -2.10648941994],
        "cov": [[1410.79711914, -331.59942627, -178.656219482, -199.033828735, -90.562789917, -53.107460022, 2.46113944054, -40.9632911682, -42.6660881042, 5.65716171265, -0.842829346657, -90.7875518799, -65.3162994385], [-331.59942627, 661.150085449, -234.599945068, 51.187084198, -14.4110107422, 25.0266857147, 48.5962333679, 57.5663070679, 4.150182724, 36.5272254944, 41.0196647644, 39.6062049866, 18.9674682617], [-178.656219482, -234.599945068, 513.461608887, 104.473564148, 81.2604293823, -4.48635625839, -57.7260704041, -36.3051605225, 41.2747192383, -22.864025116, -24.3488445282, 40.7249984741, 18.1225128174], [-199.033828735, 51.187084198, 104.473564148, 202.96144104, 53.4132461548, 14.2031450272, -15.8523569107, -9.48467540741, 29.9015693665, -18.7407493591, 2.04791522026, 25.6546192169, 22.1539554596], [-90.562789917, -14.4110107422, 81.2604293823, 53.4132461548, 147.888412476, 28.8367271423, -22.2253990173, 0.267755180597, 27.7387371063, -4.18210124969, -22.1902103424, 0.732387661934, 20.6851329803], [-53.107460022, 25.0266857147, -4.48635625839, 14.2031450272, 28.8367271423, 95.8776397705, 72.1030273438, 30.1992053986, -8.94447803497, -13.9143600464, 3.05473995209, -3.68752098083, -6.77522754669], [2.46113944054, 48.5962333679, -57.7260704041, -15.8523569107, -22.2253990173, 72.1030273438, 184.438644409, 59.5413894653, -21.5968360901, -8.17617702484, 31.4615955353, -0.0516066327691, -28.5267543793], [-40.9632911682, 57.5663070679, -36.3051605225, -9.48467540741, 0.267755180597, 30.1992053986, 59.5413894653, 83.8625564575, 22.1944770813, 12.5423908234, 15.2281293869, -0.724696516991, -13.519235611], [-42.6660881042, 4.150182724, 41.2747192383, 29.9015693665, 27.7387371063, -8.94447803497, -21.5968360901, 22.1944770813, 94.4239196777, 37.6692504883, 12.316031456, 8.63407421112, -3.87644553185], [5.65716171265, 36.5272254944, -22.864025116, -18.7407493591, -4.18210124969, -13.9143600464, -8.17617702484, 12.5423908234, 37.6692504883, 84.6089248657, 38.5539550781, 8.00176525116, -7.5187330246], [-0.842829346657, 41.0196647644, -24.3488445282, 2.04791522026, -22.1902103424, 3.05473995209, 31.4615955353, 15.2281293869, 12.316031456, 38.5539550781, 75.5740432739, 25.4519577026, -8.00232219696], [-90.7875518799, 39.6062049866, 40.7249984741, 25.6546192169, 0.732387661934, -3.68752098083, -0.0516066327691, -0.724696516991, 8.63407421112, 8.00176525116, 25.4519577026, 78.0003890991, 32.0072555542], [-65.3162994385, 18.9674682617, 18.1225128174, 22.1539554596, 20.6851329803, -6.77522754669, -28.5267543793, -13.519235611, -3.87644553185, -7.5187330246, -8.00232219696, 32.0072555542, 70.1198883057]],
        "icov": [[0.00106456445064, 0.000600660045166, 0.000484974822029, 0.000530617369805, 6.72377209412e-05, 0.000390615925426, -0.000175896566361, 0.000491080572829, -8.21898429422e-05, 7.54441862227e-05, -0.000364784325939, 0.000526402436662, 0.000298830505926], [0.000600660045166, 0.00262977578677, 0.00154338777065, -0.000937626988161, 1.78015689016e-05, 6.30008116786e-06, 1.24154294099e-05, -0.000969014246948, 0.000482267409097, -0.00096954026958, 9.4914867077e-05, -0.00113102863543, 8.89206239663e-06], [0.000484974822029, 0.00154338777065, 0.00351719046012, -0.00114408740774, -0.000926808395889, 4.47518614237e-05, 0.000231953890761, 0.000581044587307, -0.000756418099627, 0.000204354946618, 0.00074819358997, -0.00228769122623, 0.00108056573663], [0.000530617369805, -0.000937626988161, -0.00114408740774, 0.00761111173779, -0.00135501637124, -0.000651891517919, 9.24840569496e-05, 0.00198822468519, -0.00290714204311, 0.0035750111565, -0.00237830216065, 0.000229972050874, -0.000757176487241], [6.72377209412e-05, 1.78015689016e-05, -0.000926808395889, -0.00135501637124, 0.0100175626576, -0.00445089209825, 0.00139559013769, -5.59571890335e-05, -0.00226843147539, -0.00115136988461, 0.00249953265302, 0.00134891388007, -0.00268211192451], [0.000390615925426, 6.30008116786e-06, 4.47518614237e-05, -0.000651891517919, -0.00445089209825, 0.0182545613497, -0.00662312516943, -0.00233530555852, 0.00174079614226, 0.00156830996275, -0.000240220426349, 0.00116680620704, 0.000193020357983], [-0.000175896566361, 1.24154294099e-05, 0.000231953890761, 9.24840569496e-05, 0.00139559013769, -0.00662312516943, 0.011528682895, -0.00568544305861, 0.00268734409474, 0.00182302878238, -0.00359197030775, -0.00117806706112, 0.00275787408464], [0.000491080572829, -0.000969014246948, 0.000581044587307, 0.00198822468519, -5.59571890335e-05, -0.00233530555852, -0.00568544305861, 0.0201138518751, -0.00695551605895, 0.000184026182978, -7.97704706201e-05, 0.000710981956217, 0.00059863505885], [-8.21898429422e-05, 0.000482267409097, -0.000756418099627, -0.00290714204311, -0.00226843147539, 0.00174079614226, 0.00268734409474, -0.00695551605895, 0.0180330350995, -0.00763394497335, 0.000806433032267, -0.00141493370757, 0.00241287006065], [7.54441862227e-05, -0.00096954026958, 0.000204354946618, 0.0035750111565, -0.00115136988461, 0.00156830996275, 0.00182302878238, 0.000184026182978, -0.00763394497335, 0.0217334851623, -0.0109709072858, 0.0014023889089, 0.000434749992564], [-0.000364784325939, 9.4914867077e-05, 0.00074819358997, -0.00237830216065, 0.00249953265302, -0.000240220426349, -0.00359197030775, -7.97704706201e-05, 0.000806433032267, -0.0109709072858, 0.0244284234941, -0.00848366040736, 0.00348386424594], [0.000526402436662, -0.00113102863543, -0.00228769122623, 0.000229972050874, 0.00134891388007, 0.00116680620704, -0.00117806706112, 0.000710981956217, -0.00141493370757, 0.0014023889089, -0.00848366040736, 0.022199286148, -0.0103417187929], [0.000298830505926, 8.89206239663e-06, 0.00108056573663, -0.000757176487241, -0.00268211192451, 0.000193020357983, 0.00275787408464, 0.00059863505885, 0.00241287006065, 0.000434749992564, 0.00348386424594, -0.0103417187929, 0.0218426864594]]
    },
    "spectral_contrast_coeffs": {
        "max": [-0.464411348104, -0.41736510396, -0.45525971055, -0.583590328693, -0.64396995306, -0.641126155853],
        "mean": [-0.753112316132, -0.733683168888, -0.723200619221, -0.767953753471, -0.786334574223, -0.757896840572],
        "min": [-0.932060182095, -0.914846301079, -0.898671686649, -0.89365696907, -0.870510876179, -0.854277729988],
        "stdev": [0.0599471703172, 0.0856181457639, 0.0907636210322, 0.056597687304, 0.0337029136717, 0.0243327580392]
    },
    "spectral_contrast_valleys": {
        "max": [-5.26219367981, -5.07383346558, -5.16122579575, -5.89874124527, -5.871073246, -7.52715587616],
        "mean": [-6.4307923317, -6.58358716965, -6.98474884033, -7.25085878372, -7.13683891296, -9.61599636078],
        "min": [-8.51464653015, -8.29180240631, -8.91121387482, -8.99575042725, -9.15138626099, -11.546043396],
        "stdev": [0.491751343012, 0.500769793987, 0.521420955658, 0.452976077795, 0.467129051685, 0.69085931778]
    }
},
"rhythm": {
    "beats_count": 97,
    "beats_loudness": {
        "max": 0.0992219522595,
        "mean": 0.043523222208,
        "min": 0.00735427904874,
        "stdev": 0.0177590791136
    },
    "bpm": 120.030357361,
    "bpm_histogram_first_peak_bpm": 120,
    "bpm_histogram_first_peak_weight": 0.361702084541,
    "bpm_histogram_second_peak_bpm": 126,
    "bpm_histogram_second_peak_spread": 0.5,
    "bpm_histogram_second_peak_weight": 0.0104166669771,
    "danceability": 1.14784705639,
    "onset_rate": 3.978515625,
    "beats_loudness_band_ratio": {
        "max": [0.874928236008, 0.71197861433, 0.61176019907, 0.690925240517, 0.29679659009, 0.195605054498],
        "mean": [0.433306396008, 0.0863072276115, 0.180745333433, 0.202984824777, 0.0831795334816, 0.0444081835449],
        "min": [0.0130510395393, 0.0118820322677, 0.0127394534647, 0.0189428310841, 0.00605503702536, 0.00478892400861],
        "stdev": [0.198310092092, 0.0959497317672, 0.151786848903, 0.154615432024, 0.0624839402735, 0.0311465039849]
    },
