{
"metadata": {
    "version": {
        "essentia": "2.1-beta5",
        "essentia_git_sha": "Undefined",
        "extractor": "music 2.0"
    },
    "audio_properties": {
        "analysis": {
            "equal_loudness": 0,
            "length": 12.7477550507,
            "sample_rate": 44100,
            "start_time": 0,
            "downmix": "mix"
        },
        "bit_rate": 192000,
        "length": 189.161376953,
        "lossless": 0,
        "number_channels": 2,
        "replay_gain": -11.3407974243,
        "sample_rate": 48000,
        "codec": "mp3",
        "md5_encoded": "955909d3acf4d1565dbb54f1d22d4df9"
    },
    "tags": {
        "file_name": "Belgium_Like The Wind_Venessa Chinitor.mp3",
        "encoding": ["Lavf58.29.100"]
    }
},
"lowlevel": {
    "average_loudness": 0.953286886215,
    "barkbands_crest": {
        "max": 24.4556846619,
        "mean": 9.62001800537,
        "min": 2.794962883,
        "stdev": 4.54355287552
    },
    "barkbands_flatness_db": {
        "max": 0.35144174099,
        "mean": 0.199333459139,
        "min": 0.113640114665,
        "stdev": 0.0529100894928
    },
    "barkbands_kurtosis": {
        "max": 18.3094978333,
        "mean": 0.909668385983,
        "min": -1.75548672676,
        "stdev": 2.42729401588
    },
    "barkbands_skewness": {
        "max": 3.50089621544,
        "mean": 0.519523143768,
        "min": -2.38696599007,
        "stdev": 0.761838495731
    },
    "barkbands_spread": {
        "max": 37.1320915222,
        "mean": 15.4483966827,
        "min": 2.14789152145,
        "stdev": 6.39694690704
    },
    "dissonance": {
        "max": 0.500000238419,
        "mean": 0.464414745569,
        "min": 0.306591361761,
        "stdev": 0.0394322685897
    },
    "dynamic_complexity": 1.46751236916,
    "erbbands_crest": {
        "max": 31.4994983673,
        "mean": 12.5642004013,
        "min": 4.19261741638,
        "stdev": 6.01488828659
    },
    "erbbands_flatness_db": {
        "max": 0.377544909716,
        "mean": 0.244335189462,
        "min": 0.156038805842,
        "stdev": 0.0316246561706
    },
    "erbbands_kurtosis": {
        "max": 44.0394592285,
        "mean": 2.62774825096,
        "min": -1.31353545189,
        "stdev": 4.13767623901
    },
    "erbbands_skewness": {
        "max": 3.52650475502,
        "mean": 0.284928262234,
        "min": -2.00457882881,
        "stdev": 0.742817342281
    },
    "erbbands_spread": {
        "max": 44.8709106445,
        "mean": 17.0178661346,
        "min": 1.58840882778,
        "stdev": 6.70530557632
    },
    "hfc": {
        "max": 106.106269836,
        "mean": 31.9642505646,
        "min": 3.5364522934,
        "stdev": 16.6191883087
    },
    "loudness_ebu128": {
        "integrated": -10.2956151962,
        "loudness_range": 2.04178333282,
        "momentary": {
            "max": -8.55761146545,
            "mean": -10.4298868179,
            "min": -13.1725988388,
            "stdev": 1.09761869907
        },
        "short_term": {
            "max": -9.39626502991,
            "mean": -10.3408164978,
            "min": -11.7105150223,
            "stdev": 0.728874444962
        }
    },
    "melbands_crest": {
        "max": 26.9943161011,
        "mean": 10.891872406,
        "min": 3.1078710556,
        "stdev": 5.50215578079
    },
    "melbands_flatness_db": {
        "max": 0.419862776995,
        "mean": 0.198439851403,
        "min": 0.0460073798895,
        "stdev": 0.105236567557
    },
    "melbands_kurtosis": {
        "max": 26.8161144257,
        "mean": 2.57970261574,
        "min": -1.70685243607,
        "stdev": 4.17985486984
    },
    "melbands_skewness": {
        "max": 4.97336530685,
        "mean": 1.01928055286,
        "min": -2.40940666199,
        "stdev": 0.99092233181
    },
    "melbands_spread": {
        "max": 48.1010284424,
        "mean": 24.4660072327,
        "min": 4.08494234085,
        "stdev": 9.17798900604
    },
    "pitch_salience": {
        "max": 0.869349658489,
        "mean": 0.569800555706,
        "min": 0.173173815012,
        "stdev": 0.188970312476
    },
    "silence_rate_20dB": {
        "max": 1,
        "mean": 1,
        "min": 1,
        "stdev": 0
    },
    "silence_rate_30dB": {
        "max": 1,
        "mean": 0.992727279663,
        "min": 0,
        "stdev": 0.0849697068334
    },
    "silence_rate_60dB": {
        "max": 0,
        "mean": 0,
        "min": 0,
        "stdev": 0
    },
    "spectral_centroid": {
        "max": 2863.4140625,
        "mean": 1514.85949707,
        "min": 355.425323486,
        "stdev": 746.424865723
    },
    "spectral_complexity": {
        "max": 61,
        "mean": 25.2090911865,
        "min": 5,
        "stdev": 11.0207338333
    },
    "spectral_decrease": {
        "max": -3.53964052513e-10,
        "mean": -9.83183578995e-09,
        "min": -3.61344767441e-08,
        "stdev": 6.1543077301e-09
    },
    "spectral_energy": {
        "max": 0.139831617475,
        "mean": 0.0400068983436,
        "min": 0.00167072936893,
        "stdev": 0.0233881156892
    },
    "spectral_energyband_high": {
        "max": 0.00461292639375,
        "mean": 0.000723711389583,
        "min": 6.61963622406e-06,
        "stdev": 0.000832293299027
    },
    "spectral_energyband_low": {
        "max": 0.11777587235,
        "mean": 0.0137248849496,
        "min": 1.18369689517e-06,
        "stdev": 0.0160063933581
    },
    "spectral_energyband_middle_high": {
        "max": 0.0706564411521,
        "mean": 0.0120230624452,
        "min": 0.000375736010028,
        "stdev": 0.00918257981539
    },
    "spectral_energyband_middle_low": {
        "max": 0.0967566594481,
        "mean": 0.0138390287757,
        "min": 0.000324864551658,
        "stdev": 0.0157294124365
    },
    "spectral_entropy": {
        "max": 8.25183868408,
        "mean": 7.37579202652,
        "min": 5.93529319763,
        "stdev": 0.63346272707
    },
    "spectral_flux": {
        "max": 0.28160187602,
        "mean": 0.0866416096687,
        "min": 0.0297828391194,
        "stdev": 0.0329286828637
    },
    "spectral_kurtosis": {
        "max": 30.2314872742,
        "mean": 6.08416509628,
        "min": 0.759994983673,
        "stdev": 5.19948768616
    },
    "spectral_rms": {
        "max": 0.011679943651,
        "mean": 0.00596501631662,
        "min": 0.00127670669463,
        "stdev": 0.00185733195394
    },
    "spectral_rolloff": {
        "max": 5060.30273438,
        "mean": 1719.05529785,
        "min": 107.666015625,
        "stdev": 1042.4699707
    },
    "spectral_skewness": {
        "max": 3.86879920959,
        "mean": 1.67602086067,
        "min": 0.919319987297,
        "stdev": 0.538426399231
    },
    "spectral_spread": {
        "max": 6075780.5,
        "mean": 3064051.25,
        "min": 1950500.75,
        "stdev": 575726.6875
    },
    "spectral_strongpeak": {
        "max": 13.9580478668,
        "mean": 1.97998869419,
        "min": 0.0979629829526,
        "stdev": 2.05615592003
    },
    "zerocrossingrate": {
        "max": 0.138671875,
        "mean": 0.0651944279671,
        "min": 0.00927734375,
        "stdev": 0.0402358025312
    },
    "barkbands": {
        "max": [0.00649625621736, 0.104579418898, 0.0204785726964, 0.00682431319728, 0.0337152406573, 0.0564788021147, 0.00706933951005, 0.00354679580778, 0.0661487877369, 0.00404880661517, 0.018063178286, 0.0223497096449, 0.0679729357362, 0.00808890815824, 0.0115248477086, 0.0155744636431, 0.0107197472826, 0.0043085757643, 0.00210448680446, 0.00114106421825, 0.00175463152118, 0.00171999260783, 0.00100375851616, 0.000810759607702, 0.000282928464003, 1.92027215462e-07, 1.70876877092e-08],
        "mean": [0.000418810173869, 0.0112100783736, 0.00185880903155, 0.000427585968282, 0.0027396727819, 0.00339132547379, 0.000421769887907, 0.000285048532533, 0.00631176121533, 0.000529621669557, 0.000928022724111, 0.00272716744803, 0.00281163747422, 0.000952352420427, 0.00119539443403, 0.00128345517442, 0.00099851062987, 0.000453819200629, 0.000229242883506, 0.000196907290956, 0.000204492855119, 0.000165859004483, 0.000139366165968, 0.000100187629869, 2.6005487598e-05, 2.4802451204e-09, 1.55819801506e-09],
        "min": [4.36922897862e-09, 4.78382631286e-08, 2.46677302584e-07, 5.0146599051e-07, 5.49112382942e-06, 3.71376563635e-06, 6.3833618924e-07, 7.2460835554e-07, 1.36686621772e-05, 3.76617640541e-06, 3.99786949856e-06, 1.40732863656e-05, 8.00940415502e-06, 1.02019430415e-05, 1.8725204427e-05, 1.34867968882e-05, 4.0767495193e-06, 8.14311806607e-06, 4.7359153541e-06, 3.18010597766e-06, 2.56662451648e-06, 1.05805258954e-06, 3.86554603438e-07, 1.63687218446e-07, 2.94980164739e-08, 1.30266197135e-11, 1.23160865187e-11],
        "stdev": [0.000783713359851, 0.0135958772153, 0.00246590934694, 0.000839367392473, 0.00431813579053, 0.00629737507552, 0.000834212522022, 0.000297391146887, 0.0113831367344, 0.00058829592308, 0.00216600508429, 0.00417523272336, 0.00585880270228, 0.00122441072017, 0.00161484174896, 0.0019462419441, 0.00123542535584, 0.000577169819735, 0.000270220800303, 0.00018147713854, 0.000227466152865, 0.000214385509025, 0.000179954906343, 0.000139186086017, 3.85060557164e-05, 9.02042351925e-09, 2.41492670305e-09]
    },
    "erbbands": {
        "max": [4.16035747528, 18.8825778961, 25.6416988373, 24.1372032166, 31.5250530243, 188.321746826, 756.121032715, 465.34967041, 104.145118713, 192.510894775, 105.632484436, 815.837463379, 1364.93640137, 216.602783203, 531.207397461, 1037.72094727, 3364.18798828, 400.71762085, 461.275848389, 747.080749512, 755.444396973, 621.847961426, 227.479492188, 181.728302002, 92.1455764771, 51.6821136475, 80.7719802856, 49.6136054993, 57.4648208618, 50.3385391235, 29.2100887299, 21.8020954132, 14.1888418198, 6.31993722916, 0.311726748943, 0.00898740813136, 0.000751653453335, 0.000125718346681, 6.50848596706e-05, 0.000154253822984],
        "mean": [0.367743998766, 2.31562614441, 2.54063177109, 1.93961822987, 2.56600022316, 10.2502260208, 27.8358211517, 23.4018592834, 7.54998826981, 7.11093950272, 8.82911968231, 80.0089874268, 134.499343872, 24.4519615173, 54.7536582947, 115.532112122, 144.665100098, 52.376914978, 53.9767913818, 68.7299499512, 69.3902664185, 54.4031982422, 29.6690349579, 16.0421733856, 10.8768196106, 9.50838851929, 8.17653369904, 7.77682542801, 6.02209997177, 5.04516935349, 3.74079632759, 2.43056130409, 1.46169137955, 0.596331119537, 0.0279636457562, 0.000960823206697, 0.00010308506171, 2.06076820177e-05, 2.50669272646e-05, 4.84235679323e-05],
        "min": [9.55339487518e-07, 2.06474760489e-05, 0.000437948765466, 0.00168794998899, 0.00679277675226, 0.0175372958183, 0.0305375233293, 0.0228253006935, 0.00930115580559, 0.0131650846452, 0.052937425673, 0.569186329842, 0.599221467972, 0.787034392357, 0.512050151825, 1.00287747383, 0.80617827177, 1.19474542141, 0.891740143299, 0.945279896259, 1.11480140686, 0.642810165882, 0.500396668911, 0.409206628799, 0.236270844936, 0.152278572321, 0.158409535885, 0.060828179121, 0.0391032509506, 0.0199339818209, 0.0112559488043, 0.00524988677353, 0.00260286196135, 0.000875277619343, 5.80181877012e-05, 1.26652012113e-05, 6.86025396135e-06, 7.91454567661e-07, 2.20559036279e-06, 2.65803987531e-06],
        "stdev": [0.464368641376, 2.93238902092, 3.13720011711, 2.90874671936, 4.31728696823, 18.4528465271, 53.3339157104, 44.5258140564, 11.2433366776, 17.0138549805, 7.61162996292, 137.288101196, 234.338928223, 27.6890983582, 86.0395812988, 159.822784424, 290.594451904, 58.8860931396, 68.7322311401, 95.1486053467, 102.082489014, 67.719367981, 34.8626785278, 19.475856781, 11.2354469299, 8.8972826004, 9.4146156311, 8.76579761505, 7.70425128937, 6.64768457413, 4.94776248932, 3.29548716545, 2.08159470558, 0.860982477665, 0.0413080602884, 0.00132117711473, 0.000117315445095, 2.11775277421e-05, 9.95528262138e-06, 2.45792143687e-05]
    },
    "gfcc": {
        "mean": [-13.7328042984, 117.261062622, -179.42980957, 40.9539222717, -63.2162017822, 24.4922962189, -25.4212837219, -6.30099630356, -1.72866904736, -17.4569759369, 8.70471572876, -11.3247518539, 12.0993824005],
        "cov": [[889.273742676, -681.597167969, -362.316497803, 60.425567627, -169.470352173, 240.119400024, -201.732757568, 48.8511619568, -30.2256202698, 33.7319145203, 4.3043384552, 1.11606228352, -30.3493461609], [-681.597167969, 4626.07324219, 2660.63989258, 575.299987793, 1194.38574219, -604.489440918, 1224.03735352, -365.163848877, 139.476379395, -128.62689209, 495.29309082, 244.152633667, 244.630752563], [-362.316497803, 2660.63989258, 1619.96118164, 398.496520996, 705.778625488, -311.807037354, 690.794616699, -196.55947876, 82.5413894653, -69.4219436646, 274.047515869, 132.201751709, 145.507232666], [60.425567627, 575.299987793, 398.496520996, 260.744476318, 229.189025879, 17.3265800476, 119.977661133, -94.7060394287, 1.95901238918, 2.10004806519, 115.707717896, 32.1410903931, -8.31202602386], [-169.470352173, 1194.38574219, 705.778625488, 229.189025879, 410.839538574, -101.01222229, 300.253570557, -143.871017456, 15.8282403946, -25.7233028412, 161.886474609, 70.2116088867, 29.7803134918], [240.119400024, -604.489440918, -311.807037354, 17.3265800476, -101.01222229, 220.512268066, -137.358840942, 20.5381412506, -41.3220481873, 17.6626567841, -24.8689613342, -23.9011230469, -54.5596313477], [-201.732757568, 1224.03735352, 690.794616699, 119.977661133, 300.253570557, -137.358840942, 408.445831299, -58.9580459595, 43.7385406494, -49.9154396057, 115.809310913, 59.7445869446, 70.232635498], [48.8511619568, -365.163848877, -196.55947876, -94.7060394287, -143.871017456, 20.5381412506, -58.9580459595, 165.946365356, 56.3529472351, 0.22194172442, -109.168838501, -54.1296195984, 26.1754608154], [-30.2256202698, 139.476379395, 82.5413894653, 1.95901238918, 15.8282403946, -41.3220481873, 43.7385406494, 56.3529472351, 80.9896240234, 14.7085771561, -12.4377326965, -12.2330522537, 24.0580310822], [33.7319145203, -128.62689209, -69.4219436646, 2.10004806519, -25.7233028412, 17.6626567841, -49.9154396057, 0.22194172442, 14.7085771561, 50.504322052, 20.1691875458, -0.228182658553, -13.7530355453], [4.3043384552, 495.29309082, 274.047515869, 115.707717896, 161.886474609, -24.8689613342, 115.809310913, -109.168838501, -12.4377326965, 20.1691875458, 157.447967529, 71.137588501, -12.1324720383], [1.11606228352, 244.152633667, 132.201751709, 32.1410903931, 70.2116088867, -23.9011230469, 59.7445869446, -54.1296195984, -12.2330522537, -0.228182658553, 71.137588501, 66.2960128784, 17.9066982269], [-30.3493461609, 244.630752563, 145.507232666, -8.31202602386, 29.7803134918, -54.5596313477, 70.232635498, 26.1754608154, 24.0580310822, -13.7530355453, -12.1324720383, 17.9066982269, 82.6903686523]],
        "icov": [[0.00226422329433, -0.00191080884542, 0.00179742078763, -0.00200343551114, 0.00226670177653, -0.00288106012158, 0.00191212596837, -0.00174229592085, 0.000457986112451, 0.00013556938211, -0.000463538861368, -0.00147357361857, -0.000529707816895], [-0.00191080884542, 0.0178882498294, -0.0169913284481, 0.00650130817667, -0.00792672298849, 0.010528258048, -0.0110440319404, 0.00938671641052, -0.00858180224895, 0.0108851296827, -0.014205256477, 0.0102397231385, -0.00685350829735], [0.00179742078763, -0.0169913284481, 0.0237692371011, -0.0117107853293, 0.00354044907726, -0.00559368589893, 0.00476194964722, -0.0081687849015, 0.00756400777027, -0.00979349389672, 0.0128466906026, -0.00871580094099, 0.00144195742905], [-0.00200343551114, 0.00650130817667, -0.0117107853293, 0.0186631176621, -0.00764201721177, -0.00226389872842, 0.00227342429571, 0.0042817806825, -0.00537103088573, 0.00576529279351, -0.0104313241318, 0.0094982739538, -0.000579346669838], [0.00226670177653, -0.00792672298849, 0.00354044907726, -0.00764201721177, 0.0201082862914, -0.00656107487157, 0.00291182799265, 0.00152842153329, 0.000173657230334, -0.00179873302113, 0.00435621570796, -0.00500224623829, 0.00412898790091], [-0.00288106012158, 0.010528258048, -0.00559368589893, -0.00226389872842, -0.00656107487157, 0.0187823139131, -0.00993506330997, 0.002431249246, 0.000993665540591, 0.00284776999615, -0.00553994625807, 0.00481945602223, -0.00183637149166], [0.00191212596837, -0.0110440319404, 0.00476194964722, 0.00227342429571, 0.00291182799265, -0.00993506330997, 0.0211721360683, -0.00903590582311, 0.00194940832444, 0.00331957126036, -0.000158255497809, -0.0034031716641, 0.00319614913315], [-0.00174229592085, 0.00938671641052, -0.0081687849015, 0.0042817806825, 0.00152842153329, 0.002431249246, -0.00903590582311, 0.0287158992141, -0.0201400965452, 0.0084339408204, -0.0012162491912, 0.0106185311452, -0.00918160378933], [0.000457986112451, -0.00858180224895, 0.00756400777027, -0.00537103088573, 0.000173657230334, 0.000993665540591, 0.00194940832444, -0.0201400965452, 0.036714207381, -0.0235558263958, 0.0112664941698, -0.00574060901999, 0.00531581928954], [0.00013556938211, 0.0108851296827, -0.00979349389672, 0.00576529279351, -0.00179873302113, 0.00284776999615, 0.00331957126036, 0.0084339408204, -0.0235558263958, 0.0523648150265, -0.0330314189196, 0.0175539460033, -0.0103874970227], [-0.000463538861368, -0.014205256477, 0.0128466906026, -0.0104313241318, 0.00435621570796, -0.00553994625807, -0.000158255497809, -0.0012162491912, 0.0112664941698, -0.0330314189196, 0.0536174476147, -0.0368216969073, 0.0205644443631], [-0.00147357361857, 0.0102397231385, -0.00871580094099, 0.0094982739538, -0.00500224623829, 0.00481945602223, -0.0034031716641, 0.0106185311452, -0.00574060901999, 0.0175539460033, -0.0368216969073, 0.053516831249, -0.0224336441606], [-0.000529707816895, -0.00685350829735, 0.00144195742905, -0.000579346669838, 0.00412898790091, -0.00183637149166, 0.00319614913315, -0.00918160378933, 0.00531581928954, -0.0103874970227, 0.0205644443631, -0.0224336441606, 0.03167283535]]
    },
    "melbands": {
        "max": [0.0328837186098, 0.0159965604544, 0.00356229930185, 0.00660483725369, 0.0205899886787, 0.0101481424645, 0.00160177017096, 0.0017671296373, 0.000895302160643, 0.00767225958407, 0.00694938842207, 0.000726445345208, 0.0026151095517, 0.00312968739308, 0.00634673936293, 0.00422172714025, 0.000726996804588, 0.00067966687493, 0.000991426990367, 0.00133182678837, 0.000948364206124, 0.000650164321996, 0.000371387373889, 0.000191670435015, 0.000149344443344, 8.65149413585e-05, 3.99825112254e-05, 3.78084478143e-05, 5.58502397325e-05, 3.69388289982e-05, 3.14558637911e-05, 2.80718923023e-05, 4.24807258241e-05, 2.31656067626e-05, 1.84766031452e-05, 1.64116900123e-05, 1.20756267279e-05, 1.04732980617e-05, 9.69594202616e-06, 4.23200481237e-06],
        "mean": [0.00326096685603, 0.00186332850717, 0.000335469230777, 0.000437383831013, 0.000889336690307, 0.000538548105396, 0.000112004767288, 7.24700803403e-05, 6.65086190565e-05, 0.000739579088986, 0.000683267775457, 7.51859188313e-05, 0.000163387740031, 0.000277665676549, 0.000383375911042, 0.000203623087145, 8.85331974132e-05, 8.22622023406e-05, 9.40750032896e-05, 8.8822991529e-05, 7.9555917182e-05, 5.79033257964e-05, 3.93663067371e-05, 2.01267321245e-05, 1.20601134768e-05, 8.31800934975e-06, 7.29145585865e-06, 5.83738983551e-06, 5.01588829138e-06, 4.73119916933e-06, 4.48006039733e-06, 3.44782824868e-06, 2.9902521419e-06, 2.78104243989e-06, 2.24052928388e-06, 1.75105537892e-06, 1.37354709295e-06, 1.06852007775e-06, 8.1203455693e-07, 3.88399911344e-07],
        "min": [9.94786297781e-09, 1.8215757791e-07, 6.55555311369e-07, 9.01150656318e-07, 1.00441809536e-06, 5.54650057438e-07, 1.33291550242e-07, 1.41617519489e-07, 1.44537040114e-07, 1.7719544303e-06, 1.00198326436e-06, 1.91978756447e-06, 1.56861301548e-06, 1.87288799225e-06, 9.78298430709e-07, 9.22844549223e-07, 9.49310845044e-07, 9.49962213781e-07, 1.27305816022e-06, 4.71136303304e-07, 7.85546774296e-07, 2.73346557833e-07, 3.94768136402e-07, 4.21546673124e-07, 2.24085027867e-07, 1.68571560266e-07, 7.03786611211e-08, 7.47615445107e-08, 1.21382072393e-07, 3.39166881247e-08, 2.88372650203e-08, 2.04463734832e-08, 1.5719271218e-08, 7.76469200048e-09, 5.67702862497e-09, 3.37610295276e-09, 2.24170970675e-09, 1.75998293717e-09, 9.33146449e-10, 4.5916004332e-10],
        "stdev": [0.00393261760473, 0.00227779010311, 0.000480163871543, 0.000741213385481, 0.00156582612544, 0.00100984727032, 0.000170665065525, 0.000154640772962, 6.55473268125e-05, 0.00132391205989, 0.00119692250155, 0.000101661171357, 0.000322669482557, 0.000497783184983, 0.000648778106552, 0.0003614044399, 0.000114476773888, 0.000107312640466, 0.000132996792672, 0.000134842746775, 0.000120919314213, 7.42987467675e-05, 5.16852123837e-05, 2.42296900979e-05, 1.567617619e-05, 9.90483476926e-06, 6.45389673082e-06, 5.99254326517e-06, 5.91946354689e-06, 5.84259532843e-06, 5.10544123244e-06, 4.50337802249e-06, 4.16066768594e-06, 3.69623762708e-06, 3.02919124806e-06, 2.37003087022e-06, 1.92796051124e-06, 1.55456098128e-06, 1.20096990486e-06, 5.76931938667e-07]
    },
    "melbands128": {
        "max": [0.00620086677372, 0.0342954806983, 0.0486801490188, 0.032396722585, 0.0168744288385, 0.00955737195909, 0.00550491642207, 0.002751076594, 0.00325437355787, 0.00963859446347, 0.0142140518874, 0.0125454831868, 0.0378231517971, 0.0235089231282, 0.0156517326832, 0.00718758068979, 0.00133333692793, 0.00274372729473, 0.00163879687898, 0.00375112774782, 0.000560585001949, 0.000517030071933, 0.00166563771199, 0.000841009081341, 0.00129582942463, 0.0132977180183, 0.0231710597873, 0.00184592977166, 0.000685966107994, 0.000544941693079, 0.000804604787845, 0.00378465978429, 0.00478347437456, 0.000571148528252, 0.00707280635834, 0.0047775846906, 0.0039027906023, 0.00590861449018, 0.0193230621517, 0.00699922535568, 0.0013835944701, 0.00143187656067, 0.00111836241558, 0.000763924035709, 0.000723900389858, 0.00115274847485, 0.00115321227349, 0.00150724628475, 0.00211841613054, 0.000844268070068, 0.00167258514557, 0.00231051165611, 0.00133725767955, 0.00134481780697, 0.000796810723841, 0.000747310987208, 0.00101316953078, 0.000890817900654, 0.000432992557762, 0.00026612036163, 0.000246269861236, 0.000229966855841, 0.000231040292419, 0.000130463769892, 8.82276217453e-05, 0.000111469023977, 8.46263938001e-05, 5.65834379813e-05, 5.08036100655e-05, 6.59656361677e-05, 4.94167252327e-05, 4.41746087745e-05, 4.11361688748e-05, 7.81772250775e-05, 5.9903057263e-05, 5.35615217814e-05, 4.39416508016e-05, 4.62188945676e-05, 3.8631776988e-05, 4.18333038397e-05, 3.67618558812e-05, 3.94579037675e-05, 4.05141108786e-05, 4.8197383876e-05, 4.26669321314e-05, 3.04486129608e-05, 2.92871427519e-05, 3.2103209378e-05, 1.86019879038e-05, 2.48073611147e-05, 1.46921993291e-05, 2.72086708719e-05, 2.07871344173e-05, 1.46348520502e-05, 1.19443157018e-05, 1.58396469487e-05, 1.36593153002e-05, 1.30971757244e-05, 1.36075786941e-05, 7.94598054199e-06, 7.80212485552e-06, 5.19505738339e-06, 4.55475429817e-07, 1.13972653537e-08, 3.7142895426e-09, 3.83451448371e-09, 4.65638727576e-09, 6.92460089269e-10, 1.11360531907e-09, 1.43158862542e-09, 2.29516361472e-09, 1.6759813537e-09, 2.02932182169e-09, 1.28930288668e-09, 5.24486121201e-10, 5.26863830341e-10, 1.35851788152e-10, 7.98673557845e-11, 7.76706754468e-11, 7.56198090257e-11, 7.38344038687e-11, 7.22573112455e-11, 7.08172201436e-11, 6.95829435737e-11, 6.85655074384e-11, 6.77297662399e-11, 6.7124791836e-11, 6.67598962223e-11],
        "mean": [0.000376298470655, 0.00274493638426, 0.0049729780294, 0.00340016698465, 0.00156130059622, 0.00084972725017, 0.000399829092203, 0.000175693436177, 0.000196453329409, 0.000437267881352, 0.000556899234653, 0.000779012392741, 0.00104218046181, 0.000990581116639, 0.000546707538888, 0.000348232628312, 9.54295392148e-05, 9.0767214715e-05, 8.32932200865e-05, 9.22003455344e-05, 5.11159087182e-05, 6.17500190856e-05, 6.25389802735e-05, 8.02244394436e-05, 8.47673145472e-05, 0.00109573826194, 0.00213937857188, 0.000201063783607, 4.96863394801e-05, 5.59938162041e-05, 5.77468490519e-05, 0.000157391477842, 0.000203401985345, 7.65164804761e-05, 0.000330155540723, 0.000306600501062, 0.000267152616289, 0.000301516876789, 0.000637853401713, 0.000275206344668, 8.10686469777e-05, 9.84407306532e-05, 9.19869053178e-05, 8.05398594821e-05, 8.25908136903e-05, 8.3815670223e-05, 7.97264583525e-05, 9.46250365814e-05, 0.000103424965346, 8.8512795628e-05, 8.83175525814e-05, 8.73891985975e-05, 8.37754851091e-05, 7.88685356383e-05, 6.16017423454e-05, 5.54139260203e-05, 5.29099816049e-05, 5.53891841264e-05, 2.88065111818e-05, 2.1175483198e-05, 2.13090988836e-05, 1.80480565177e-05, 1.33448565975e-05, 1.04025730252e-05, 9.83591598924e-06, 8.2142660176e-06, 7.16591694072e-06, 7.96776839707e-06, 6.33991567156e-06, 8.06892694527e-06, 6.32376895737e-06, 4.50005200037e-06, 4.48523860541e-06, 5.50796949028e-06, 5.04688250658e-06, 4.7552871365e-06, 4.58205386167e-06, 4.55143162981e-06, 4.70137865705e-06, 4.27368831879e-06, 3.31585783897e-06, 3.24774555338e-06, 3.23264134749e-06, 2.9942045785e-06, 2.8148790534e-06, 2.62363869297e-06, 3.05119579025e-06, 2.51246251537e-06, 2.16770126826e-06, 2.05901460504e-06, 1.88774913568e-06, 1.61933576237e-06, 1.61230116191e-06, 1.39094004226e-06, 1.22485380416e-06, 1.1468126786e-06, 1.03249999484e-06, 9.66213633546e-07, 8.55785458498e-07, 7.08373590896e-07, 6.43837267944e-07, 3.73186708202e-07, 2.28654393197e-08, 2.19471218976e-10, 2.88954381256e-11, 1.09458525577e-10, 1.20860196851e-10, 2.43004852352e-11, 1.56669208856e-11, 1.5134194245e-11, 1.54671692121e-11, 1.5520543184e-11, 1.78235932957e-11, 1.41519443733e-11, 1.11880079853e-11, 1.08957816727e-11, 8.43175442661e-12, 7.26350273331e-12, 6.974491297e-12, 6.7859801979e-12, 6.61874895169e-12, 6.4819525615e-12, 6.34373586647e-12, 6.23038773351e-12, 6.12039845888e-12, 6.01467703767e-12, 5.94377064927e-12, 5.90824828298e-12],
        "min": [2.85239964981e-09, 5.67227331771e-09, 8.47711678631e-09, 2.60304027222e-08, 9.8485124056e-08, 1.05329021949e-07, 1.04791425315e-07, 2.46341414822e-07, 1.80463089805e-07, 1.9633341708e-07, 9.74527267772e-08, 7.06592857114e-07, 4.79126583741e-07, 8.44847704684e-07, 5.44472072761e-07, 1.57642602971e-07, 1.26406604295e-07, 1.40579572872e-07, 1.238721552e-07, 1.17665408084e-07, 1.72672898202e-07, 1.59216241968e-07, 1.06810446709e-07, 1.19201885695e-07, 8.28967699817e-07, 6.33155821106e-08, 4.03956278205e-07, 3.51598032466e-07, 1.28979735337e-07, 2.23546123834e-07, 1.654122741e-07, 1.59063816341e-07, 4.02377224873e-07, 4.21269874096e-07, 4.17433426492e-07, 6.96715289905e-07, 1.85199183989e-07, 1.24847431948e-07, 2.34672299371e-07, 1.27837234132e-08, 1.8511624944e-07, 1.03145453068e-06, 7.34603020192e-07, 3.31378828378e-07, 3.80747451345e-08, 1.72075047544e-07, 2.7738224162e-07, 2.9330735174e-07, 2.03749152661e-07, 1.53977836703e-07, 4.77600075044e-08, 3.32949923632e-07, 2.59341192077e-07, 1.6465860142e-07, 6.61354917497e-08, 2.38420795995e-07, 2.06241537626e-07, 2.47520091534e-07, 1.24868279272e-07, 7.27291293856e-08, 2.55771681168e-07, 2.70779651146e-07, 6.36513135532e-08, 7.07853757831e-08, 6.97721134202e-08, 3.34222747256e-08, 4.20596535378e-08, 6.39668868985e-08, 2.37380088919e-08, 2.34503296781e-08, 4.19604155866e-08, 8.06647992846e-09, 3.13743342417e-08, 1.61762887529e-08, 1.43146161591e-08, 8.3147408958e-09, 1.92145428457e-08, 2.43573197167e-08, 2.16553051047e-08, 5.04729591455e-09, 3.84312759394e-09, 2.72481903707e-09, 1.57793298428e-08, 4.40932668155e-09, 7.58551110813e-10, 4.51833598314e-10, 2.58198951109e-09, 5.57908563792e-09, 1.71611003186e-10, 5.67346614133e-10, 6.70799360503e-10, 7.88650089678e-10, 7.25177307093e-10, 4.65648714032e-10, 1.46013645619e-10, 3.37689876062e-10, 3.22791793295e-10, 2.98606556148e-10, 2.41461489692e-10, 7.85636278255e-11, 5.87583801059e-11, 3.08309302567e-12, 1.50093669047e-13, 6.14241188295e-14, 7.52218450831e-14, 5.55268958797e-14, 5.47617405252e-14, 6.10629168757e-14, 7.47749776052e-14, 5.26644462903e-14, 7.0741501578e-14, 7.18467169439e-14, 6.21630432676e-14, 4.43684904084e-14, 6.0432751468e-14, 5.58882198062e-14, 5.22219122329e-14, 4.61557943016e-14, 5.16762942659e-14, 4.47381254222e-14, 3.7252966418e-14, 4.44725772051e-14, 5.13489058673e-14, 5.01854857855e-14, 3.36655311647e-14, 1.43871273537e-14, 1.91360667004e-15, 3.91712239342e-16],
        "stdev": [0.000720499898307, 0.0038566114381, 0.00606808345765, 0.00467551313341, 0.00204884563573, 0.00115951814223, 0.000656243937556, 0.000337162986398, 0.000382268364774, 0.000907860056031, 0.00125465495512, 0.0014732532436, 0.0023793305736, 0.00231134984642, 0.00129406887572, 0.000799175351858, 0.000172086423845, 0.000222746224608, 0.000187768222531, 0.000323771178955, 6.22246952844e-05, 7.40244431654e-05, 0.000102211626654, 0.000100094308436, 0.000127211897052, 0.00211374298669, 0.00400347448885, 0.000279785919702, 7.29280000087e-05, 7.8002049122e-05, 9.42596598179e-05, 0.000424284109613, 0.000581981963478, 9.39791789278e-05, 0.00095369911287, 0.000643230567221, 0.000535185914487, 0.000706015096512, 0.00169574702159, 0.000594023324084, 0.000130839165649, 0.000151055690367, 0.000142152945045, 0.000120976059407, 0.000123690566397, 0.000126870872919, 0.000127571736812, 0.000154501249199, 0.000180651535629, 0.000120009230159, 0.000163088014233, 0.000180551083758, 0.000130926797283, 0.000145554920891, 9.47747321334e-05, 7.92862992967e-05, 8.44402093207e-05, 9.20156599022e-05, 4.63924588985e-05, 3.4223372495e-05, 2.57980118477e-05, 2.52907175309e-05, 2.15549353015e-05, 1.59451119544e-05, 1.17787330964e-05, 1.2263669305e-05, 1.03825432234e-05, 8.75495516084e-06, 7.4190502346e-06, 9.87129897112e-06, 7.2186981015e-06, 6.46397120363e-06, 6.19283491687e-06, 6.84382030158e-06, 7.45059651308e-06, 6.58766111883e-06, 6.1125965658e-06, 6.2998778958e-06, 5.70848033021e-06, 5.45165812582e-06, 4.93666311741e-06, 5.16697309649e-06, 4.27515624324e-06, 4.69448241347e-06, 4.38984216089e-06, 3.98234942622e-06, 4.04902448281e-06, 3.84919030694e-06, 3.07851132675e-06, 3.07535515276e-06, 2.6430429898e-06, 2.54565111391e-06, 2.43673321165e-06, 2.05245351026e-06, 1.84500061096e-06, 1.91246840586e-06, 1.60120441706e-06, 1.5174668988e-06, 1.38892039558e-06, 1.07598282284e-06, 9.94556103251e-07, 6.09063818047e-07, 4.65419702778e-08, 7.33526572816e-10, 1.88537352397e-10, 3.56444596061e-10, 3.99128369244e-10, 5.14815759467e-11, 5.26553523006e-11, 6.4140630307e-11, 9.91693463459e-11, 7.61965768259e-11, 1.03774468185e-10, 6.57150930894e-11, 3.21530128911e-11, 2.98430793966e-11, 1.47821511975e-11, 1.13308459837e-11, 1.09330400636e-11, 1.06487943463e-11, 1.03952003255e-11, 1.01735607785e-11, 9.97041598588e-12, 9.80017716284e-12, 9.65993778024e-12, 9.54595170272e-12, 9.4634890202e-12, 9.41266335708e-12]
    },
    "mfcc": {
        "mean": [-625.086914062, 117.678642273, -34.7013130188, 8.86946964264, -1.23795759678, 13.6590833664, -2.12662148476, 8.51922607422, -0.84758156538, -0.376228570938, -2.87059402466, 4.97613286972, -1.39959180355],
        "cov": [[1602.4642334, -1917.75, -613.084899902, -740.482177734, -21.0580463409, -112.933624268, -213.768341064, -98.3364868164, 7.7948346138, -24.8060340881, -3.83798146248, -5.59923839569, 10.2170228958], [-1917.75, 4395.00488281, 1637.94189453, 1780.68078613, 210.927612305, 464.085327148, 609.062072754, 302.865875244, -88.9895782471, -14.9693174362, 40.5630569458, 139.281646729, 89.7886734009], [-613.084899902, 1637.94189453, 752.091003418, 722.780029297, 128.342773438, 222.717208862, 258.585723877, 132.091018677, -27.0639381409, 3.85185241699, 34.12865448, 60.8070144653, 24.0979862213], [-740.482177734, 1780.68078613, 722.780029297, 825.166687012, 147.268783569, 239.660491943, 267.544372559, 119.876121521, -61.5665473938, -16.3101215363, 32.8533287048, 80.8814468384, 49.2552223206], [-21.0580463409, 210.927612305, 128.342773438, 147.268783569, 125.849983215, 96.9814834595, 52.9577713013, 14.0806818008, -21.7453365326, -15.948299408, 11.1042881012, 32.711681366, 20.4935626984], [-112.933624268, 464.085327148, 222.717208862, 239.660491943, 96.9814834595, 208.184295654, 144.526306152, 41.7733879089, -71.2445678711, -66.2443389893, 4.72292375565, 83.7553405762, 78.7222976685], [-213.768341064, 609.062072754, 258.585723877, 267.544372559, 52.9577713013, 144.526306152, 176.978912354, 71.8609390259, -39.198551178, -38.5882568359, -0.187129586935, 54.8003425598, 51.6527824402], [-98.3364868164, 302.865875244, 132.091018677, 119.876121521, 14.0806818008, 41.7733879089, 71.8609390259, 83.3829040527, 20.7639827728, 12.3481674194, 8.00821876526, 6.82485675812, -3.01259875298], [7.7948346138, -88.9895782471, -27.0639381409, -61.5665473938, -21.7453365326, -71.2445678711, -39.198551178, 20.7639827728, 117.942596436, 74.3709793091, -0.539671957493, -65.5543060303, -71.0719680786], [-24.8060340881, -14.9693174362, 3.85185241699, -16.3101215363, -15.948299408, -66.2443389893, -38.5882568359, 12.3481674194, 74.3709793091, 109.951255798, 31.215259552, -47.1315803528, -73.0757522583], [-3.83798146248, 40.5630569458, 34.12865448, 32.8533287048, 11.1042881012, 4.72292375565, -0.187129586935, 8.00821876526, -0.539671957493, 31.215259552, 60.2282829285, 20.7821388245, -15.5980854034], [-5.59923839569, 139.281646729, 60.8070144653, 80.8814468384, 32.711681366, 83.7553405762, 54.8003425598, 6.82485675812, -65.5543060303, -47.1315803528, 20.7821388245, 103.204742432, 74.1063461304], [10.2170228958, 89.7886734009, 24.0979862213, 49.2552223206, 20.4935626984, 78.7222976685, 51.6527824402, -3.01259875298, -71.0719680786, -73.0757522583, -15.5980854034, 74.1063461304, 121.572364807]],
        "icov": [[0.00157475145534, 0.000927524641156, -0.00110890576616, 0.000635965203401, -0.000671299756505, -3.087960431e-05, 0.000210270489333, -0.000780097732786, 0.000241497604293, 7.79317633715e-05, -7.55507062422e-05, -0.000286205846351, -0.000477952155052], [0.000927524641156, 0.00331552163698, -0.00227928766981, -0.00453589204699, 0.00212325737812, 0.000685662846081, -0.000682280573528, -0.000999093637802, -0.000118805357488, -0.00015034415992, 0.00132715527434, -0.00033918992267, -0.00055671762675], [-0.00110890576616, -0.00227928766981, 0.0119302431121, -0.00534956064075, -0.00042550926446, -0.00222335150465, -0.00186763936654, -0.000789395242464, -0.00167241867166, -0.000608311675023, -0.00153811380733, 0.000823895155918, 0.00182162015699], [0.000635965203401, -0.00453589204699, -0.00534956064075, 0.0178108438849, -0.00695832399651, 0.000121158067486, -0.000614309275988, 0.0012078715954, 0.00327568408102, -0.000662207778078, -0.00227516004816, 0.000209804638871, -0.000376522541046], [-0.000671299756505, 0.00212325737812, -0.00042550926446, -0.00695832399651, 0.0172946061939, -0.00873357988894, 0.00363285676576, 0.00114186818246, -0.00234061270021, -0.000275958591374, 0.000439924740931, -0.00020533996576, 0.00126389972866], [-3.087960431e-05, 0.000685662846081, -0.00222335150465, 0.000121158067486, -0.00873357988894, 0.0217726863921, -0.011851336807, 0.000941506703384, 0.00169981480576, 0.0036617028527, -0.000592915399466, -0.00397684471682, -0.00213707750663], [0.000210270489333, -0.000682280573528, -0.00186763936654, -0.000614309275988, 0.00363285676576, -0.011851336807, 0.0261917822063, -0.0114212585613, 0.00128162128385, 0.000978938653134, 0.00330320978537, -0.000909094233066, -0.000928478664719], [-0.000780097732786, -0.000999093637802, -0.000789395242464, 0.0012078715954, 0.00114186818246, 0.000941506703384, -0.0114212585613, 0.0257265083492, -0.00783512368798, -5.13733211847e-05, -0.00289670587517, -0.000855722289998, 0.000697123119608], [0.000241497604293, -0.000118805357488, -0.00167241867166, 0.00327568408102, -0.00234061270021, 0.00169981480576, 0.00128162128385, -0.00783512368798, 0.0230691693723, -0.0110327629372, 0.00559402117506, 0.00452877674252, 0.00243885116652], [7.79317633715e-05, -0.00015034415992, -0.000608311675023, -0.000662207778078, -0.000275958591374, 0.0036617028527, 0.000978938653134, -5.13733211847e-05, -0.0110327629372, 0.0264126043767, -0.0130381574854, 0.00250860350206, 0.00397610384971], [-7.55507062422e-05, 0.00132715527434, -0.00153811380733, -0.00227516004816, 0.000439924740931, -0.000592915399466, 0.00330320978537, -0.00289670587517, 0.00559402117506, -0.0130381574854, 0.0319300927222, -0.0145197371021, 0.00746805174276], [-0.000286205846351, -0.00033918992267, 0.000823895155918, 0.000209804638871, -0.00020533996576, -0.00397684471682, -0.000909094233066, -0.000855722289998, 0.00452877674252, 0.00250860350206, -0.0145197371021, 0.0292701926082, -0.012548532337], [-0.000477952155052, -0.00055671762675, 0.00182162015699, -0.000376522541046, 0.00126389972866, -0.00213707750663, -0.000928478664719, 0.000697123119608, 0.00243885116652, 0.00397610384971, 0.00746805174276, -0.012548532337, 0.0224739797413]]
    },
    "spectral_contrast_coeffs": {
        "max": [-0.536285102367, -0.5507183671, -0.407988190651, -0.572994291782, -0.665444493294, -0.587285876274],
        "mean": [-0.738382041454, -0.780349075794, -0.697967708111, -0.772866010666, -0.76659232378, -0.699097573757],
        "min": [-0.866101801395, -0.923128187656, -0.902652978897, -0.865166187286, -0.861343979836, -0.800880789757],
        "stdev": [0.0520564652979, 0.0747896805406, 0.125685691833, 0.0526531264186, 0.0382170826197, 0.0431309528649]
    },
    "spectral_contrast_valleys": {
        "max": [-5.04550504684, -5.3754324913, -5.4874329567, -5.22085428238, -5.83001232147, -8.5560092926],
        "mean": [-7.02000713348, -6.78857374191, -7.01903533936, -6.94691848755, -7.45967245102, -10.9531993866],
        "min": [-10.0769309998, -9.00151443481, -8.79683494568, -8.91009807587, -9.28051948547, -13.5029230118],
        "stdev": [1.405341506, 0.385088950396, 0.760835707188, 0.963122427464, 0.894176006317, 1.55490505695]
    }
},
"rhythm": {
    "beats_count": 34,
    "beats_loudness": {
        "max": 0.100683830678,
        "mean": 0.0430709421635,
        "min": 0.00738566787913,
        "stdev": 0.023973159492
    },
    "bpm": 161.899749756,
    "bpm_histogram_first_peak_bpm": 161,
    "bpm_histogram_first_peak_weight": 0.368421077728,
    "bpm_histogram_second_peak_bpm": 172,
    "bpm_histogram_second_peak_spread": 0,
    "bpm_histogram_second_peak_weight": 0.303030312061,
    "danceability": 0.790005981922,
    "onset_rate": 3.29169988632,
    "beats_loudness_band_ratio": {
        "max": [0.718623220921, 0.578771531582, 0.463985085487, 0.512339651585, 0.635849356651, 0.189165607095],
        "mean": [0.228062525392, 0.145956382155, 0.138790011406, 0.213941931725, 0.234334006906, 0.0514215864241],
        "min": [0.000704545120243, 0.00236200960353, 0.0120831495151, 0.010308554396, 0.00399145018309, 0.00109246105421],
        "stdev": [0.225719630718, 0.157644957304, 0.145874097943, 0.137470722198, 0.238744348288, 0.057665143162]
    },
    "beats_position": [0.301859408617, 0.626938760281, 0.952018141747, 1.30031740665, 1.64861679077, 1.99691605568, 2.34521532059, 2.69351458549, 3.04181408882, 3.39011335373, 3.73841261864, 4.08671188354, 4.43501138687, 4.80653047562, 5.16644001007, 5.53795909882, 5.92108821869, 6.31582736969, 6.6989569664, 7.08208608627, 7.45360517502, 7.8251247406, 8.19664382935, 8.56816291809, 8.95129203796, 9.33442115784, 9.70594120026, 10.077460289, 10.4489793777, 10.8204984665, 11.2036275864, 11.5867567062, 11.9582767487, 12.3297958374],
