{
"metadata": {
    "version": {
        "essentia": "2.1-beta5",
        "essentia_git_sha": "Undefined",
        "extractor": "music 2.0"
    },
    "audio_properties": {
        "analysis": {
            "equal_loudness": 0,
            "length": 18.4134235382,
            "sample_rate": 44100,
            "start_time": 178.735595703,
            "downmix": "mix"
        },
        "bit_rate": 192000,
        "length": 197.17225647,
        "lossless": 0,
        "number_channels": 2,
        "replay_gain": -11.5578613281,
        "sample_rate": 48000,
        "codec": "mp3",
        "md5_encoded": "0efe7fca5a619254f555e5392e381adf"
    },
    "tags": {
        "file_name": "Spain_No Quiero Escuchar_Lydia.mp3",
        "encoding": ["Lavf58.29.100"]
    }
},
"lowlevel": {
    "average_loudness": 0.926208734512,
    "barkbands_crest": {
        "max": 18.9160881042,
        "mean": 7.73814153671,
        "min": 2.95394849777,
        "stdev": 2.84391880035
    },
    "barkbands_flatness_db": {
        "max": 0.254755944014,
        "mean": 0.162629917264,
        "min": 0.0720206424594,
        "stdev": 0.0312923826277
    },
    "barkbands_kurtosis": {
        "max": 15.1619548798,
        "mean": 1.0168005228,
        "min": -1.56172060966,
        "stdev": 2.03125309944
    },
    "barkbands_skewness": {
        "max": 2.78768658638,
        "mean": 0.705563783646,
        "min": -2.65829730034,
        "stdev": 0.741849184036
    },
    "barkbands_spread": {
        "max": 57.9297523499,
        "mean": 19.1806144714,
        "min": 3.16955113411,
        "stdev": 9.14150428772
    },
    "dissonance": {
        "max": 0.500000119209,
        "mean": 0.471789568663,
        "min": 0.34978350997,
        "stdev": 0.0272531230003
    },
    "dynamic_complexity": 2.45760250092,
    "erbbands_crest": {
        "max": 27.3225193024,
        "mean": 8.66639041901,
        "min": 2.96019911766,
        "stdev": 4.01405096054
    },
    "erbbands_flatness_db": {
        "max": 0.326035380363,
        "mean": 0.214484035969,
        "min": 0.114864327013,
        "stdev": 0.0360504686832
    },
    "erbbands_kurtosis": {
        "max": 11.6995277405,
        "mean": 0.870858371258,
        "min": -1.51145517826,
        "stdev": 1.66179990768
    },
    "erbbands_skewness": {
        "max": 3.22190690041,
        "mean": 0.553083658218,
        "min": -1.53120064735,
        "stdev": 0.535348594189
    },
    "erbbands_spread": {
        "max": 97.678855896,
        "mean": 24.641084671,
        "min": 6.03355455399,
        "stdev": 11.0893087387
    },
    "hfc": {
        "max": 130.010604858,
        "mean": 25.4696483612,
        "min": 2.44207763672,
        "stdev": 18.789648056
    },
    "loudness_ebu128": {
        "integrated": -11.4700527191,
        "loudness_range": 4.5689868927,
        "momentary": {
            "max": -8.27102470398,
            "mean": -12.1515312195,
            "min": -19.3570766449,
            "stdev": 2.6421957016
        },
        "short_term": {
            "max": -9.53068161011,
            "mean": -11.7387838364,
            "min": -15.9043703079,
            "stdev": 1.72241032124
        }
    },
    "melbands_crest": {
        "max": 32.4587440491,
        "mean": 11.9332876205,
        "min": 2.97313952446,
        "stdev": 5.53808259964
    },
    "melbands_flatness_db": {
        "max": 0.303758978844,
        "mean": 0.150456115603,
        "min": 0.0475679002702,
        "stdev": 0.059669483453
    },
    "melbands_kurtosis": {
        "max": 26.694442749,
        "mean": 3.51577115059,
        "min": -1.24874067307,
        "stdev": 4.40848779678
    },
    "melbands_skewness": {
        "max": 4.43670463562,
        "mean": 1.27156031132,
        "min": -1.48558545113,
        "stdev": 0.847561120987
    },
    "melbands_spread": {
        "max": 90.3177185059,
        "mean": 28.4181232452,
        "min": 6.05783653259,
        "stdev": 14.8524370193
    },
    "pitch_salience": {
        "max": 0.85920971632,
        "mean": 0.634746909142,
        "min": 0.260255336761,
        "stdev": 0.126338943839
    },
    "silence_rate_20dB": {
        "max": 1,
        "mean": 1,
        "min": 1,
        "stdev": 0
    },
    "silence_rate_30dB": {
        "max": 1,
        "mean": 0.997481107712,
        "min": 0,
        "stdev": 0.0501252114773
    },
    "silence_rate_60dB": {
        "max": 1,
        "mean": 0.0327455922961,
        "min": 0,
        "stdev": 0.177969932556
    },
    "spectral_centroid": {
        "max": 4115.07128906,
        "mean": 1610.92382812,
        "min": 435.753570557,
        "stdev": 674.03692627
    },
    "spectral_complexity": {
        "max": 59,
        "mean": 25.2670021057,
        "min": 5,
        "stdev": 9.94704914093
    },
    "spectral_decrease": {
        "max": -3.35130728724e-10,
        "mean": -6.61770060972e-09,
        "min": -3.10215355626e-08,
        "stdev": 4.7912527279e-09
    },
    "spectral_energy": {
        "max": 0.122294321656,
        "mean": 0.0272869467735,
        "min": 0.00149655563291,
        "stdev": 0.0190733186901
    },
    "spectral_energyband_high": {
        "max": 0.0187021214515,
        "mean": 0.00088010460604,
        "min": 3.80992787541e-05,
        "stdev": 0.00122554134578
    },
    "spectral_energyband_low": {
        "max": 0.0499220043421,
        "mean": 0.00646370463073,
        "min": 9.71865802057e-07,
        "stdev": 0.00847240909934
    },
    "spectral_energyband_middle_high": {
        "max": 0.0456470735371,
        "mean": 0.00939463637769,
        "min": 0.000859161256813,
        "stdev": 0.0080126915127
    },
    "spectral_energyband_middle_low": {
        "max": 0.105332762003,
        "mean": 0.0108909802511,
        "min": 7.48682068661e-05,
        "stdev": 0.0124849397689
    },
    "spectral_entropy": {
        "max": 8.52642250061,
        "mean": 7.74537181854,
        "min": 6.61275482178,
        "stdev": 0.319558620453
    },
    "spectral_flux": {
        "max": 0.292412787676,
        "mean": 0.0894336625934,
        "min": 0.0263627823442,
        "stdev": 0.0369531102479
    },
    "spectral_kurtosis": {
        "max": 19.1193904877,
        "mean": 3.37386727333,
        "min": -0.314927577972,
        "stdev": 2.05186867714
    },
    "spectral_rms": {
        "max": 0.0109229814261,
        "mean": 0.00481005664915,
        "min": 0.00120832701214,
        "stdev": 0.00186674343422
    },
    "spectral_rolloff": {
        "max": 6352.29492188,
        "mean": 1841.54956055,
        "min": 279.931640625,
        "stdev": 1095.22253418
    },
    "spectral_skewness": {
        "max": 3.11997485161,
        "mean": 1.39540946484,
        "min": -0.0110306190327,
        "stdev": 0.344798147678
    },
    "spectral_spread": {
        "max": 9654937,
        "mean": 3648379.75,
        "min": 1721424.5,
        "stdev": 676307.625
    },
    "spectral_strongpeak": {
        "max": 9.81759643555,
        "mean": 1.16698229313,
        "min": 0,
        "stdev": 1.32128608227
    },
    "zerocrossingrate": {
        "max": 0.20654296875,
        "mean": 0.0710080265999,
        "min": 0.013671875,
        "stdev": 0.0314813479781
    },
    "barkbands": {
        "max": [0.0166769325733, 0.0350634381175, 0.0145610831678, 0.00813022628427, 0.0244606155902, 0.0632458478212, 0.0856789574027, 0.0602848120034, 0.0253367610276, 0.0259698480368, 0.0260575413704, 0.0288499090821, 0.0134206730872, 0.0267347805202, 0.00731324357912, 0.00822297297418, 0.011024591513, 0.00643914705142, 0.0086156707257, 0.0030648263637, 0.00462636910379, 0.0113834161311, 0.00169371813536, 0.0026454704348, 0.000464546639705, 1.73532498593e-05, 1.73836215254e-05],
        "mean": [0.00122163363267, 0.0046918601729, 0.000645364285447, 0.000367450207705, 0.00196126662195, 0.00185952789616, 0.00195013964549, 0.00180022942368, 0.00196090876125, 0.00193375244271, 0.0016934183659, 0.00103408528958, 0.000828522024676, 0.00133798120078, 0.000857307342812, 0.000798874360044, 0.00057745462982, 0.000350946356775, 0.000431743799709, 0.00021846817981, 0.00023070271709, 0.000217448279727, 0.000162208554684, 0.000121759272588, 3.38131831086e-05, 2.66188191489e-08, 2.49492924098e-08],
        "min": [6.99018709582e-09, 1.17081363271e-07, 3.82062026461e-08, 3.05195840156e-07, 7.30886881684e-07, 1.61830450907e-06, 3.52574329554e-06, 4.29643250754e-06, 1.167760729e-05, 2.36373834923e-05, 1.27908579088e-05, 3.27661109623e-05, 1.16075971164e-05, 3.83623992093e-05, 1.75775894604e-05, 1.66351455846e-05, 1.83010488399e-05, 1.76240537257e-05, 1.38282566695e-05, 1.23642694234e-05, 7.21359128875e-06, 4.96212987855e-06, 5.4653951338e-06, 2.02945307137e-06, 1.69904410541e-07, 9.26905600884e-12, 1.20627787273e-11],
        "stdev": [0.00246490514837, 0.00634600408375, 0.00142890284769, 0.000921501137782, 0.00303836050443, 0.00436754664406, 0.00523261027411, 0.00479906657711, 0.00283209956251, 0.00291249761358, 0.00322082382627, 0.00227485620417, 0.00110816478264, 0.00222098873928, 0.00101975328289, 0.00101346790325, 0.000807008938864, 0.000470315862913, 0.000825804367196, 0.000270997930784, 0.000355430995114, 0.000524273258634, 0.000211610618862, 0.000199044574401, 5.59421896469e-05, 6.178501053e-07, 6.18756757831e-07]
    },
    "erbbands": {
        "max": [2.31145167351, 5.83031606674, 16.6533336639, 17.4518756866, 28.6094837189, 86.7859039307, 372.686828613, 465.652740479, 1522.35974121, 694.714111328, 1300.51367188, 420.47467041, 1103.29138184, 874.597351074, 1131.48925781, 586.55645752, 362.9659729, 979.742553711, 488.954162598, 413.772125244, 479.498748779, 553.03338623, 333.090423584, 288.054779053, 537.590881348, 121.821601868, 148.875778198, 230.828292847, 455.997192383, 167.323562622, 41.4057235718, 65.4439926147, 35.3983917236, 12.449593544, 0.529272973537, 0.0738965421915, 0.0318304672837, 0.0109974434599, 0.00248497980647, 0.000271491386229],
        "mean": [0.211910694838, 0.750924229622, 0.894971132278, 0.963706672192, 2.00204730034, 7.13927745819, 15.5434188843, 15.2874031067, 29.0992050171, 29.8967723846, 35.2692642212, 36.9042053223, 77.7718963623, 49.2607536316, 71.8296432495, 37.2070159912, 37.5737419128, 64.6771697998, 51.3923568726, 45.377872467, 42.4044189453, 32.4888267517, 21.5266799927, 22.1718730927, 16.7762126923, 10.054274559, 9.36791133881, 9.26002407074, 8.0029296875, 6.0081577301, 4.45834779739, 2.88176512718, 1.83861076832, 0.772310137749, 0.0346502512693, 0.0012845818419, 0.000163243137649, 3.81754507544e-05, 2.30443201872e-05, 3.4618875361e-05],
        "min": [2.12895247387e-06, 2.21725640586e-05, 9.20958336792e-05, 0.000836860504933, 0.00111559568904, 0.00198817928322, 0.0123381847516, 0.0213741194457, 0.0390169844031, 0.131008088589, 0.152049079537, 0.384986132383, 1.1134544611, 1.00007355213, 1.24270236492, 1.58131730556, 1.69760775566, 1.87076759338, 2.66718578339, 1.49441981316, 0.982079386711, 1.16845953465, 1.11263346672, 0.880097687244, 0.687998235226, 0.611836016178, 0.26566106081, 0.284961283207, 0.183779940009, 0.170242920518, 0.15652744472, 0.0588600188494, 0.0315576866269, 0.00558913080022, 0.000252315832768, 2.46477502515e-05, 4.73280897495e-06, 1.13860937745e-06, 1.29724617182e-06, 2.15658610614e-06],
        "stdev": [0.323757618666, 1.05732643604, 1.84367895126, 2.0917301178, 3.54175877571, 11.4427480698, 31.9558906555, 33.2778320312, 78.7079086304, 70.3645324707, 99.2485275269, 51.6255111694, 117.120826721, 78.9632415771, 139.995132446, 52.6458930969, 43.6802558899, 105.426330566, 56.9244728088, 52.800403595, 52.5433959961, 42.9428901672, 27.1052188873, 36.6533699036, 31.5695667267, 12.2809495926, 12.5622739792, 17.2593765259, 20.4624729156, 9.70578670502, 5.80354070663, 4.56097269058, 2.98942828178, 1.27416324615, 0.0558744333684, 0.00317028630525, 0.00114054989535, 0.000391634530388, 8.87473797775e-05, 2.42102378252e-05]
    },
    "gfcc": {
        "mean": [-13.6975212097, 98.4433059692, -183.552383423, 38.037612915, -81.3597106934, 28.7084064484, -32.9662475586, 2.0635240078, -0.726554751396, -15.1129798889, 6.34986019135, -15.7939310074, 12.4147701263],
        "cov": [[2285.32324219, 497.528045654, 751.024719238, 388.074310303, 118.750335693, 135.42930603, 116.849273682, 201.343292236, -4.61448717117, 115.082527161, 178.158752441, 43.7755966187, 21.0011005402], [497.528045654, 2138.35913086, 1467.34216309, 242.508926392, 170.221847534, -331.984802246, 63.2455177307, -165.984710693, 56.2696456909, 94.5195846558, 458.702148438, 40.687915802, 53.8232841492], [751.024719238, 1467.34216309, 1342.94030762, 389.016357422, 140.765029907, -139.64151001, 59.4547653198, -17.188993454, 40.4525222778, 125.749725342, 355.327514648, 77.4439697266, 65.6012496948], [388.074310303, 242.508926392, 389.016357422, 349.649108887, 132.458282471, 53.9750900269, 82.7108383179, 56.1940994263, 29.4549942017, 66.5091247559, 98.7386932373, 53.8180084229, 20.725440979], [118.750335693, 170.221847534, 140.765029907, 132.458282471, 158.534790039, 90.0961837769, 97.4754333496, 39.2719039917, 36.9955177307, 39.9399909973, 69.5419464111, 22.2969741821, 11.069890976], [135.42930603, -331.984802246, -139.64151001, 53.9750900269, 90.0961837769, 287.017333984, 124.068687439, 112.937255859, 13.7166204453, 21.8233127594, -46.4516563416, 12.4572248459, 25.6037464142], [116.849273682, 63.2455177307, 59.4547653198, 82.7108383179, 97.4754333496, 124.068687439, 220.421600342, 82.6738967896, 69.768699646, 38.0642700195, 53.0858840942, 38.8264541626, 31.3849773407], [201.343292236, -165.984710693, -17.188993454, 56.1940994263, 39.2719039917, 112.937255859, 82.6738967896, 173.19593811, 72.3360977173, 38.7434539795, -0.285483419895, 28.9062728882, 38.9597053528], [-4.61448717117, 56.2696456909, 40.4525222778, 29.4549942017, 36.9955177307, 13.7166204453, 69.768699646, 72.3360977173, 110.523162842, 42.7338104248, 34.6915397644, 25.9693183899, 24.1130523682], [115.082527161, 94.5195846558, 125.749725342, 66.5091247559, 39.9399909973, 21.8233127594, 38.0642700195, 38.7434539795, 42.7338104248, 72.3590621948, 71.2793273926, 24.2628231049, 18.2394180298], [178.158752441, 458.702148438, 355.327514648, 98.7386932373, 69.5419464111, -46.4516563416, 53.0858840942, -0.285483419895, 34.6915397644, 71.2793273926, 181.104522705, 52.9226493835, 34.0097732544], [43.7755966187, 40.687915802, 77.4439697266, 53.8180084229, 22.2969741821, 12.4572248459, 38.8264541626, 28.9062728882, 25.9693183899, 24.2628231049, 52.9226493835, 67.0377044678, 47.8294334412], [21.0011005402, 53.8232841492, 65.6012496948, 20.725440979, 11.069890976, 25.6037464142, 31.3849773407, 38.9597053528, 24.1130523682, 18.2394180298, 34.0097732544, 47.8294334412, 83.6289978027]],
        "icov": [[0.000762193987612, -0.00036022029235, -2.35547504417e-05, -0.000564434390981, 0.000707739731297, -0.000390179047827, 2.01569332603e-06, -0.00149825809058, 0.00124094274361, -0.000548368843738, 2.41601883317e-05, -0.000166891622939, 0.000769209698774], [-0.00036022029235, 0.0116550028324, -0.0109906708822, 0.00643097609282, -0.00910239014775, 0.00625031907111, -0.00358535605483, 0.00782407075167, -0.00677747419104, 0.0111373160034, -0.0105798365548, 0.0133448280394, -0.00719565106556], [-2.35547504417e-05, -0.0109906708822, 0.0131068918854, -0.0085960123688, 0.0096940677613, -0.00571596482769, 0.00385348498821, -0.00662807701156, 0.00538439955562, -0.00837687402964, 0.00453758519143, -0.00903048925102, 0.00463064806536], [-0.000564434390981, 0.00643097609282, -0.0085960123688, 0.0118859512731, -0.0110745383427, 0.0049526039511, -0.00267286086455, 0.00319927115925, -0.000942342216149, 0.000536159845069, 0.00120620732196, -0.000388782063965, -0.000850964628626], [0.000707739731297, -0.00910239014775, 0.0096940677613, -0.0110745383427, 0.0244846530259, -0.0114738289267, 0.00176496861968, -0.00417505251244, 0.000294373370707, -0.00253198528662, -0.00251273531467, -0.00413954071701, 0.00623190449551], [-0.000390179047827, 0.00625031907111, -0.00571596482769, 0.0049526039511, -0.0114738289267, 0.0141829857603, -0.00634659081697, -6.90344459144e-05, 0.00354816112667, -0.00155102810822, 0.00241414364427, 0.00542914960533, -0.00584940798581], [2.01569332603e-06, -0.00358535605483, 0.00385348498821, -0.00267286086455, 0.00176496861968, -0.00634659081697, 0.0108805214986, -0.00226984359324, -0.00360130611807, 0.00138458039146, -0.00151245633606, -0.00466371700168, 0.00264893658459], [-0.00149825809058, 0.00782407075167, -0.00662807701156, 0.00319927115925, -0.00417505251244, -6.90344459144e-05, -0.00226984359324, 0.0200979299843, -0.0137048279867, 0.00633228383958, -0.00567880179733, 0.00883560441434, -0.00836352165788], [0.00124094274361, -0.00677747419104, 0.00538439955562, -0.000942342216149, 0.000294373370707, 0.00354816112667, -0.00360130611807, -0.0137048279867, 0.0266692452133, -0.0191081017256, 0.0126723116264, -0.0116764148697, 0.00467334967107], [-0.000548368843738, 0.0111373160034, -0.00837687402964, 0.000536159845069, -0.00253198528662, -0.00155102810822, 0.00138458039146, 0.00633228383958, -0.0191081017256, 0.0495510846376, -0.0317017845809, 0.0200009718537, -0.00709586776793], [2.41601883317e-05, -0.0105798365548, 0.00453758519143, 0.00120620732196, -0.00251273531467, 0.00241414364427, -0.00151245633606, -0.00567880179733, 0.0126723116264, -0.0317017845809, 0.041482873261, -0.028161238879, 0.00824771542102], [-0.000166891622939, 0.0133448280394, -0.00903048925102, -0.000388782063965, -0.00413954071701, 0.00542914960533, -0.00466371700168, 0.00883560441434, -0.0116764148697, 0.0200009718537, -0.028161238879, 0.0548078864813, -0.0257357824594], [0.000769209698774, -0.00719565106556, 0.00463064806536, -0.000850964628626, 0.00623190449551, -0.00584940798581, 0.00264893658459, -0.00836352165788, 0.00467334967107, -0.00709586776793, 0.00824771542102, -0.0257357824594, 0.0284069422632]]
    },
    "melbands": {
        "max": [0.0152460727841, 0.00726554077119, 0.00264319241978, 0.00396003387868, 0.00960971135646, 0.0108581166714, 0.0207028314471, 0.00684327818453, 0.00884159002453, 0.00348901934922, 0.00553075317293, 0.00375336385332, 0.00356675894, 0.00348993530497, 0.000914523843676, 0.00155924505088, 0.00234765745699, 0.00128633377608, 0.0005401095259, 0.000560253101867, 0.000577929546125, 0.000637122953776, 0.000369171932107, 0.0003593575384, 0.000260754546616, 0.000536260777153, 0.000100840086816, 9.04545086087e-05, 0.000105277315015, 8.14021550468e-05, 0.000169986640685, 0.000265387672698, 0.000213413863094, 5.31544865225e-05, 2.7955895348e-05, 3.00233368762e-05, 4.3776610255e-05, 2.83490262518e-05, 2.35134102695e-05, 7.13922236173e-06],
        "mean": [0.00162290397566, 0.000611583702266, 0.000194285923499, 0.000300994288409, 0.000533591432031, 0.00036985593033, 0.000416339724325, 0.000350880727638, 0.000270571530564, 0.000263788359007, 0.00038930575829, 0.000188345089555, 0.000236194915487, 0.000142396180308, 7.84857547842e-05, 8.48342824611e-05, 0.000128529587528, 8.67839044076e-05, 6.56264965073e-05, 5.67114548176e-05, 4.73127802252e-05, 3.43907886418e-05, 2.48413962254e-05, 1.57827398652e-05, 1.8320777599e-05, 1.61507450684e-05, 8.01357145974e-06, 6.31827606412e-06, 5.97646157985e-06, 5.22129857927e-06, 5.48737261852e-06, 4.64619415652e-06, 3.91827461499e-06, 3.12552560899e-06, 2.66875940724e-06, 2.09753670788e-06, 1.63708637047e-06, 1.34209255975e-06, 1.06397487798e-06, 4.92926574225e-07],
        "min": [2.67745186022e-08, 6.72859101769e-08, 2.01320091264e-07, 1.37998384275e-07, 3.85416853987e-07, 4.62146402924e-07, 5.56948236863e-07, 1.30649902985e-06, 1.08618974082e-06, 1.69137456396e-06, 4.47866159448e-06, 3.90564628105e-06, 2.77306025964e-06, 3.44052614309e-06, 2.31863168665e-06, 2.08313713301e-06, 3.55296720045e-06, 3.05415801449e-06, 1.51112635649e-06, 8.9505527967e-07, 1.10967278033e-06, 9.71277245299e-07, 1.08931067189e-06, 6.28913937817e-07, 4.79528125652e-07, 5.11714802087e-07, 3.985193473e-07, 2.86069678168e-07, 1.49183136955e-07, 1.5892430838e-07, 1.38736737654e-07, 1.06245792608e-07, 6.01636074293e-08, 9.13826951887e-08, 5.57592336747e-08, 5.43294547128e-08, 2.49564990895e-08, 8.57949877808e-10, 7.84471687609e-09, 2.71379052563e-09],
        "stdev": [0.00230733770877, 0.00100515317172, 0.00036575543345, 0.000475736072985, 0.000980060198344, 0.000787818979006, 0.0011152602965, 0.000826122239232, 0.000732199463528, 0.000378480239306, 0.000584767956752, 0.000310739414999, 0.000437856302597, 0.000305887981085, 9.23401603359e-05, 0.000120046977827, 0.00022818002617, 0.000111563313112, 7.85006632213e-05, 7.14939596946e-05, 6.1282866227e-05, 4.7048109991e-05, 3.58180841431e-05, 2.25503717957e-05, 3.26374210999e-05, 3.6612880649e-05, 1.02893391158e-05, 8.31453417049e-06, 8.47519095259e-06, 7.17954208085e-06, 1.18235575428e-05, 1.23516992971e-05, 9.55412451731e-06, 4.39372433902e-06, 3.59749196832e-06, 2.96657822219e-06, 2.91871401714e-06, 2.21685627366e-06, 1.8210972712e-06, 8.18303021788e-07]
    },
    "melbands128": {
        "max": [0.0146997170523, 0.0249144248664, 0.0145022440702, 0.0105294007808, 0.00945361424237, 0.00600865483284, 0.00412319228053, 0.0033636149019, 0.00327442516573, 0.0059929843992, 0.00610600877553, 0.0114412065595, 0.0174256004393, 0.0274638682604, 0.0129673667252, 0.00837862771004, 0.0310665294528, 0.0267270170152, 0.0206012427807, 0.0106353210285, 0.015267229639, 0.0239524655044, 0.0108023537323, 0.00889527611434, 0.0023056648206, 0.00676460331306, 0.00822774879634, 0.00920213293284, 0.00351321022026, 0.00640813075006, 0.00504501070827, 0.00647972524166, 0.00549002131447, 0.00803321320564, 0.00852470751852, 0.00249631563202, 0.00142537802458, 0.00158348795958, 0.00164035428315, 0.000806895608548, 0.00340424175374, 0.00255921948701, 0.00424556434155, 0.006907959003, 0.00220596627332, 0.00100241822656, 0.000886145979166, 0.000842771260068, 0.00102428323589, 0.00113555276766, 0.00086708960589, 0.000698821968399, 0.000599599909037, 0.000903977779672, 0.00063445843989, 0.000599903287366, 0.000684220867697, 0.000846629438456, 0.000288168899715, 0.000431208580267, 0.000447066413471, 0.000345207343344, 0.000356686883606, 0.000425628444646, 0.000943335879128, 0.000722193857655, 0.000814768427517, 0.000153260189109, 0.000122212135466, 8.92893585842e-05, 7.9337223724e-05, 0.000156713009346, 0.000178507892997, 0.000129813677631, 9.11284805625e-05, 5.97564685449e-05, 8.70709482115e-05, 0.000110757522634, 0.000209432502743, 0.000223691284191, 0.000328349473421, 0.000174888802576, 0.000402322271839, 0.000231973855989, 0.000132612723974, 7.83611249062e-05, 4.95840249641e-05, 5.7479381212e-05, 4.18537456426e-05, 3.44434592989e-05, 5.33685633854e-05, 3.78195727535e-05, 4.93276093039e-05, 5.09878336743e-05, 4.34858739027e-05, 2.99168823403e-05, 3.85960556741e-05, 2.61365112237e-05, 4.07263505622e-05, 1.30984153657e-05, 1.62334854394e-05, 7.72222938394e-06, 3.75037075173e-07, 1.92341616412e-07, 1.68184683957e-07, 1.52664981101e-07, 1.40732979048e-07, 1.31130548198e-07, 1.23105309058e-07, 1.16222075519e-07, 1.10109752427e-07, 1.04722886363e-07, 9.98871243496e-08, 9.56122434559e-08, 9.167101922e-08, 8.81192150359e-08, 8.49116545965e-08, 8.20998806716e-08, 7.95525139097e-08, 7.71247599118e-08, 7.50625446244e-08, 7.32447844598e-08, 7.16543766544e-08, 7.03013895986e-08, 6.91582684453e-08, 6.82727545609e-08, 6.76250024867e-08, 6.72182878247e-08],
        "mean": [0.000954346382059, 0.00199548341334, 0.00184136431199, 0.00105410674587, 0.000545847287867, 0.000273108569672, 0.000180062663276, 0.000190431193914, 0.000178582951776, 0.000233625498367, 0.000390365545172, 0.000633166346233, 0.000565619789995, 0.000449342100183, 0.00028861744795, 0.000306327681756, 0.00058242114028, 0.000411867280491, 0.000272374105407, 0.00028959280462, 0.000461236631963, 0.000341948616551, 0.000250204553595, 0.000193949934328, 0.000143860030221, 0.000302432890749, 0.000510259356815, 0.00045108833001, 0.000250284938375, 0.000158286857186, 0.000177102687303, 0.000218917411985, 0.000219194873353, 0.000294428376947, 0.00019009206153, 8.49813950481e-05, 7.51144907554e-05, 8.01735295681e-05, 8.16563988337e-05, 7.43161290302e-05, 8.97484715097e-05, 9.01880048332e-05, 0.000129209365696, 0.000159565053764, 0.000105976185296, 7.08580919309e-05, 6.37000193819e-05, 7.13249974069e-05, 6.42478116788e-05, 5.70534721192e-05, 5.55137594347e-05, 5.68629257032e-05, 5.16161198902e-05, 4.38818933617e-05, 3.53325012838e-05, 3.46707784047e-05, 3.16258810926e-05, 3.01386680803e-05, 2.0867708372e-05, 1.77504698513e-05, 1.58324273798e-05, 1.37062634167e-05, 1.51092317537e-05, 1.89728561963e-05, 2.5518325856e-05, 1.67395355675e-05, 1.06757752292e-05, 8.68998358783e-06, 7.90517788118e-06, 6.3046240939e-06, 5.81340464123e-06, 6.83194002704e-06, 6.32064666206e-06, 5.71093050894e-06, 5.77599712415e-06, 5.12217047799e-06, 4.94799132866e-06, 5.38501581104e-06, 5.96750214754e-06, 5.08749462824e-06, 4.96136317452e-06, 4.13974612457e-06, 4.40414623881e-06, 4.07520883527e-06, 3.46551428265e-06, 3.02254443341e-06, 3.25473956764e-06, 2.79287542071e-06, 2.75616207546e-06, 2.42192891164e-06, 2.31232297665e-06, 1.99208125196e-06, 1.76150945208e-06, 1.65472374647e-06, 1.54356882831e-06, 1.46273180235e-06, 1.28167914681e-06, 1.18819775707e-06, 1.16449552934e-06, 9.05262595552e-07, 8.89862576514e-07, 4.31845592175e-07, 1.96124130269e-08, 4.51621240405e-10, 2.55630266954e-10, 3.25663718215e-10, 3.39278188877e-10, 2.12292045054e-10, 1.88118784439e-10, 1.7564735777e-10, 1.66736152662e-10, 1.58946078521e-10, 1.53124346536e-10, 1.4463005793e-10, 1.40481265509e-10, 1.34080635483e-10, 1.24227975129e-10, 1.17674966993e-10, 1.13918666167e-10, 1.10513403984e-10, 1.0757989638e-10, 1.0498130143e-10, 1.02719679984e-10, 1.00742726661e-10, 9.88412268699e-11, 9.7138935784e-11, 9.60007073836e-11, 9.54017975729e-11],
        "min": [1.02417108128e-09, 3.82214437877e-09, 2.04942551818e-08, 1.87796604934e-08, 4.17347312265e-09, 1.46461029971e-08, 5.66610935948e-08, 9.63816262356e-08, 7.36724956596e-08, 3.51841435986e-08, 6.73915678817e-08, 1.07103097946e-07, 9.27252159499e-08, 1.95696358674e-07, 2.17008505388e-07, 4.30936282214e-08, 3.22070377479e-07, 4.53797611044e-07, 4.14614589772e-07, 4.58050777752e-07, 2.42196165345e-07, 2.83291740288e-07, 4.10053871747e-07, 1.13018882075e-06, 4.68752375582e-07, 9.59127646638e-07, 7.10566666839e-07, 3.85216662835e-06, 1.71387625869e-06, 5.84001838888e-07, 9.08988681658e-07, 7.58947464874e-07, 8.01641249382e-07, 1.77234153398e-06, 1.0363205547e-06, 5.83473592997e-07, 8.3468540879e-07, 1.61493255746e-06, 4.16328816755e-07, 8.99784083686e-07, 7.38132769129e-07, 4.74145338103e-07, 7.80202128681e-07, 9.86600412034e-07, 7.51582206249e-07, 2.84998066036e-07, 5.25483073943e-07, 1.2283749129e-06, 4.34676934447e-07, 1.55786139544e-07, 1.05292201624e-06, 1.13426301596e-06, 4.11377328646e-07, 4.01349865342e-07, 3.87783529732e-07, 4.43861068788e-07, 5.71494467749e-07, 4.83903022541e-07, 1.4368336565e-07, 4.42623644403e-07, 3.98174051952e-07, 2.45691239797e-07, 1.73557296534e-07, 2.72270028745e-07, 3.37480514645e-07, 2.15944439219e-07, 1.98051083089e-07, 2.57394020764e-07, 8.37658475916e-08, 1.74684132048e-07, 1.6741591935e-07, 1.66110169175e-07, 1.1163012914e-07, 1.14681100172e-07, 1.10349446913e-07, 6.71473401326e-08, 7.32715719209e-08, 2.11360973168e-08, 5.55943984182e-08, 7.32605514031e-08, 8.86898376962e-08, 4.1498108061e-08, 3.15531991646e-08, 3.04081453351e-08, 3.21709059392e-08, 4.29948165959e-08, 6.42583941612e-08, 4.68557175282e-08, 2.45090188145e-08, 1.96146849873e-08, 1.88015931712e-08, 2.25485390359e-08, 2.8800913654e-08, 4.84337192574e-09, 5.18035037089e-09, 4.73435124437e-10, 6.06371231004e-10, 6.70607840092e-12, 1.56210899771e-09, 3.77410991348e-09, 6.38538155684e-09, 2.38426414029e-11, 1.58446747476e-12, 2.709351298e-13, 3.83008410415e-14, 5.72573672503e-14, 7.04795108993e-14, 4.54029988519e-14, 3.8303449903e-14, 4.2393714407e-14, 4.86913738767e-14, 4.28273884997e-14, 4.56589179985e-14, 2.92810209673e-14, 4.02003361426e-14, 4.54953694889e-14, 4.38834454615e-14, 4.08422651439e-14, 4.8733647597e-14, 5.40207730436e-14, 3.99194938986e-14, 4.25423381961e-14, 4.02190996165e-14, 3.93283123353e-14, 2.49679308939e-14, 1.3716494947e-14, 1.58226209827e-15, 1.48146102179e-16],
        "stdev": [0.00192150578368, 0.00327888200991, 0.00263258791529, 0.00165547092911, 0.00118370447308, 0.000604714616202, 0.00046608800767, 0.000474375323392, 0.000353454699507, 0.000573747616727, 0.000688554660883, 0.00118736363947, 0.00126300670672, 0.0016170470044, 0.00083902530605, 0.000768673431594, 0.00169159914367, 0.00139424984809, 0.00123363605235, 0.000847571820486, 0.00130134657957, 0.00135003286414, 0.000865490699653, 0.000515250198077, 0.000259528314928, 0.000614479416981, 0.000887487491127, 0.000864501169417, 0.000353271345375, 0.000355337891961, 0.000475191656733, 0.000596116820816, 0.000520937785041, 0.000826893548947, 0.000663733109832, 0.000174498898559, 0.000122644240037, 0.00011086575978, 0.000132993678562, 0.000104026898043, 0.000184307820746, 0.000184042364708, 0.00031310034683, 0.000436765607446, 0.000196539403987, 0.000100018187368, 9.17500583455e-05, 0.00010277259571, 9.07384965103e-05, 8.62940869411e-05, 8.61257140059e-05, 8.09724369901e-05, 7.22170225345e-05, 7.40128816688e-05, 5.34139981028e-05, 5.10855898028e-05, 5.01579743286e-05, 6.39716454316e-05, 3.22216401401e-05, 2.79506130028e-05, 2.72684210358e-05, 2.38865814026e-05, 2.73367531918e-05, 4.16274961026e-05, 7.52154446673e-05, 4.71756648039e-05, 3.51777271135e-05, 1.30916605485e-05, 1.16304745461e-05, 9.03291220311e-06, 8.40543452796e-06, 1.15918328447e-05, 1.09879138108e-05, 9.88519786915e-06, 8.57003124111e-06, 6.96083998264e-06, 7.90450485511e-06, 9.65138224274e-06, 1.448598141e-05, 1.33637258841e-05, 1.51126832861e-05, 9.50900903263e-06, 1.54617118824e-05, 1.09573074951e-05, 6.70979352435e-06, 4.72242027172e-06, 5.01927524965e-06, 4.35410584032e-06, 4.02364366892e-06, 3.51494145434e-06, 3.82960706702e-06, 3.13942655339e-06, 2.98773511531e-06, 3.4491133647e-06, 2.93356697512e-06, 2.47009802479e-06, 2.39223868448e-06, 2.04959451366e-06, 2.30060140893e-06, 1.53047517415e-06, 1.66737208929e-06, 7.21230151157e-07, 3.55567415511e-08, 6.87280055089e-09, 5.98623062231e-09, 5.44439071604e-09, 5.0474584512e-09, 4.67245131475e-09, 4.38506830847e-09, 4.13733314275e-09, 3.92078458589e-09, 3.72841002516e-09, 3.55589668821e-09, 3.4028779794e-09, 3.26453797328e-09, 3.13738457436e-09, 3.02181146772e-09, 2.92186408402e-09, 2.83136314394e-09, 2.74515987719e-09, 2.67184274705e-09, 2.60724353218e-09, 2.55073695499e-09, 2.50265963508e-09, 2.46199904907e-09, 2.4304718238e-09, 2.40746467206e-09, 2.39299335902e-09]
    },
    "mfcc": {
        "mean": [-618.131591797, 97.2384796143, -28.24858284, -3.63976955414, -7.36432504654, 4.63151836395, -5.88486480713, 6.33554840088, 1.99523437023, 5.9632024765, -1.88718044758, -0.180521801114, -2.32017683983],
        "cov": [[1990.35375977, -82.1261520386, 343.014862061, 178.179000854, 135.198852539, 33.333152771, 200.773590088, 119.303985596, 70.3813018799, 101.650588989, 93.3318710327, 28.3927211761, 50.600440979], [-82.1261520386, 1911.88647461, 1105.40063477, 559.658813477, 173.146331787, -67.2318267822, 80.6895217896, -170.105224609, -276.984619141, -14.0010900497, -8.34512996674, 160.297607422, 195.856399536], [343.014862061, 1105.40063477, 1052.3215332, 519.121520996, 211.65788269, 0.271639496088, 133.883743286, -72.9844665527, -140.934448242, 11.4216241837, 13.3978509903, 136.411270142, 150.119094849], [178.179000854, 559.658813477, 519.121520996, 460.140594482, 130.817276001, 33.9488143921, 76.5038833618, -20.0925979614, -90.6298980713, 11.6375131607, 37.8175926208, 81.509262085, 102.499694824], [135.198852539, 173.146331787, 211.65788269, 130.817276001, 158.9037323, 33.9551200867, 57.1522712708, 2.72286844254, -12.5181369781, 18.9002723694, 17.8076534271, 38.9728050232, 39.3266487122], [33.333152771, -67.2318267822, 0.271639496088, 33.9488143921, 33.9551200867, 152.944763184, 94.3078613281, 63.9801750183, 37.3266563416, 28.6020507812, 31.8511047363, 4.66242265701, 6.51257658005], [200.773590088, 80.6895217896, 133.883743286, 76.5038833618, 57.1522712708, 94.3078613281, 166.921279907, 75.0874176025, 28.111497879, 49.6810798645, 38.0924186707, 28.1348419189, 33.392665863], [119.303985596, -170.105224609, -72.9844665527, -20.0925979614, 2.72286844254, 63.9801750183, 75.0874176025, 137.16973877, 100.342842102, 53.9069824219, 42.9264411926, 8.69263935089, -5.27347421646], [70.3813018799, -276.984619141, -140.934448242, -90.6298980713, -12.5181369781, 37.3266563416, 28.111497879, 100.342842102, 148.65196228, 56.7722740173, 27.1755714417, -2.12434911728, -27.0372924805], [101.650588989, -14.0010900497, 11.4216241837, 11.6375131607, 18.9002723694, 28.6020507812, 49.6810798645, 53.9069824219, 56.7722740173, 88.7018127441, 48.8688392639, 27.0836315155, 14.804684639], [93.3318710327, -8.34512996674, 13.3978509903, 37.8175926208, 17.8076534271, 31.8511047363, 38.0924186707, 42.9264411926, 27.1755714417, 48.8688392639, 77.3808288574, 30.4011669159, 18.1676578522], [28.3927211761, 160.297607422, 136.411270142, 81.509262085, 38.9728050232, 4.66242265701, 28.1348419189, 8.69263935089, -2.12434911728, 27.0836315155, 30.4011669159, 82.6140823364, 50.9707069397], [50.600440979, 195.856399536, 150.119094849, 102.499694824, 39.3266487122, 6.51257658005, 33.392665863, -5.27347421646, -27.0372924805, 14.804684639, 18.1676578522, 50.9707069397, 75.2192153931]],
        "icov": [[0.000742000236642, 0.000393360678572, -0.000566539121792, 2.09448853639e-06, -0.000194888751139, 0.000756889407057, -0.000742579577491, -0.000248861382715, 0.000113287125714, -0.000262176297838, -0.000614591641352, 0.000754248932935, -0.000317328755045], [0.000393360678572, 0.00197588955052, -0.0018843334401, 7.46399455238e-05, 0.000452946114819, 0.000580078514758, -0.000165986246429, -0.000190758204553, 0.00205433671363, -0.00119667465333, 0.00018429751799, -0.000132915505674, -0.000957710610237], [-0.000566539121792, -0.0018843334401, 0.00499140843749, -0.00266938656569, -0.00149056955706, 0.000648440152872, -0.00208551203832, 0.0019441198092, -0.00185997819062, 0.000946520769503, 0.00161068153102, -0.00211412715726, 0.00093746278435], [2.09448853639e-06, 7.46399455238e-05, -0.00266938656569, 0.00630079396069, -0.00109009770676, -0.00145580410026, 0.00181389565114, -0.00225758599117, 0.00268781394698, 0.000297106307698, -0.0021755436901, 0.000766720680986, -0.00280827912502], [-0.000194888751139, 0.000452946114819, -0.00149056955706, -0.00109009770676, 0.00991261843592, -0.00145184679423, -0.00102774519473, 0.00155816343613, -0.000697127426974, -0.000619651225861, 0.000298061786452, -0.00140589859802, -0.000327338755596], [0.000756889407057, 0.000580078514758, 0.000648440152872, -0.00145580410026, -0.00145184679423, 0.01253955625, -0.00734525546432, -0.00092729163589, -0.00089018244762, 0.00158465327695, -0.00237548397854, 0.00167404301465, 0.00034679521923], [-0.000742579577491, -0.000165986246429, -0.00208551203832, 0.00181389565114, -0.00102774519473, -0.00734525546432, 0.0164890531451, -0.00781101547182, 0.00389623711817, -0.0041094077751, 0.00130647444166, 0.00111304095481, -0.00293276691809], [-0.000248861382715, -0.000190758204553, 0.0019441198092, -0.00225758599117, 0.00155816343613, -0.00092729163589, -0.00781101547182, 0.0230924151838, -0.0132046015933, 0.00136857514735, -0.00400210916996, -0.000680280209053, 0.00062458741013], [0.000113287125714, 0.00205433671363, -0.00185997819062, 0.00268781394698, -0.000697127426974, -0.00089018244762, 0.00389623711817, -0.0132046015933, 0.0222931634635, -0.00956765469164, 0.00356755196117, -0.0028501029592, 0.0033761926461], [-0.000262176297838, -0.00119667465333, 0.000946520769503, 0.000297106307698, -0.000619651225861, 0.00158465327695, -0.0041094077751, 0.00136857514735, -0.00956765469164, 0.0251949261874, -0.010967397131, -0.00141679821536, -0.00168349244632], [-0.000614591641352, 0.00018429751799, 0.00161068153102, -0.0021755436901, 0.000298061786452, -0.00237548397854, 0.00130647444166, -0.00400210916996, 0.00356755196117, -0.010967397131, 0.0250833034515, -0.00674104085192, 0.000823391776066], [0.000754248932935, -0.000132915505674, -0.00211412715726, 0.000766720680986, -0.00140589859802, 0.00167404301465, 0.00111304095481, -0.000680280209053, -0.0028501029592, -0.00141679821536, -0.00674104085192, 0.0266999173909, -0.0141486087814], [-0.000317328755045, -0.000957710610237, 0.00093746278435, -0.00280827912502, -0.000327338755596, 0.00034679521923, -0.00293276691809, 0.00062458741013, 0.0033761926461, -0.00168349244632, 0.000823391776066, -0.0141486087814, 0.0303778871894]]
    },
    "spectral_contrast_coeffs": {
        "max": [-0.384919404984, -0.533002495766, -0.547305583954, -0.618584692478, -0.692236602306, -0.382957577705],
        "mean": [-0.73335236311, -0.771873354912, -0.756020009518, -0.809355914593, -0.804887533188, -0.733208954334],
        "min": [-0.919449567795, -0.925438940525, -0.902600049973, -0.889853060246, -0.864650785923, -0.818779230118],
        "stdev": [0.0880615338683, 0.0789191052318, 0.0638106912374, 0.0410079807043, 0.0301756076515, 0.0385752879083]
    },
    "spectral_contrast_valleys": {
        "max": [-5.22729492188, -4.46346092224, -5.3635559082, -5.46662902832, -5.79721689224, -8.1732006073],
        "mean": [-7.46414136887, -6.60886287689, -6.67857122421, -6.75123071671, -7.12437868118, -10.111787796],
        "min": [-10.6266851425, -8.53633022308, -7.93792438507, -8.26347637177, -8.26308059692, -12.149096489],
        "stdev": [1.27157974243, 0.633794844151, 0.518530547619, 0.593952775002, 0.526348471642, 0.760739028454]
    }
},
"rhythm": {
    "beats_count": 43,
    "beats_loudness": {
        "max": 0.076125010848,
        "mean": 0.029975919053,
        "min": 0.00233469088562,
        "stdev": 0.018321538344
    },
    "bpm": 135.155670166,
    "bpm_histogram_first_peak_bpm": 136,
    "bpm_histogram_first_peak_weight": 0.549999952316,
    "bpm_histogram_second_peak_bpm": 172,
    "bpm_histogram_second_peak_spread": 0,
    "bpm_histogram_second_peak_weight": 0.142857149243,
    "danceability": 1.05802214146,
    "onset_rate": 2.71369934082,
    "beats_loudness_band_ratio": {
        "max": [0.620554327965, 0.506542086601, 0.719009757042, 0.569038808346, 0.584352910519, 0.420306831598],
        "mean": [0.208256900311, 0.132632762194, 0.234648883343, 0.230093225837, 0.165146142244, 0.0690763965249],
        "min": [0.000523198163137, 0.0010066741379, 0.0139610767365, 0.0307720657438, 0.0115877557546, 0.00347438687459],
        "stdev": [0.202339231968, 0.135390684009, 0.165421292186, 0.139034807682, 0.164845108986, 0.0798448771238]
    },
    "beats_position": [0.371519267559, 0.696598649025, 1.04489791393, 1.39319729805, 1.72988653183, 2.06657600403, 2.41487526894, 2.76317453384, 3.09986400604, 3.43655323982, 3.78485250473, 4.13315200806, 4.5046710968, 4.87619018555, 5.24770975113, 5.61922883987, 6.06040811539, 6.5015873909, 6.94276618958, 7.38394546509, 7.83673477173, 8.27791404724, 8.70748329163, 9.14866161346, 9.57823085785, 10.0078001022, 10.4838094711, 10.95981884, 11.4474372864, 11.9466667175, 12.4342851639, 12.9219045639, 13.3746938705, 13.8274831772, 14.2802715302, 14.7446708679, 15.1974601746, 15.6502494812, 16.1030387878, 16.5558280945, 16.99700737, 17.4381847382, 17.8793640137],
