{
"metadata": {
    "version": {
        "essentia": "2.1-beta5",
        "essentia_git_sha": "Undefined",
        "extractor": "music 2.0"
    },
    "audio_properties": {
        "analysis": {
            "equal_loudness": 0,
            "length": 12.7477550507,
            "sample_rate": 44100,
            "start_time": 0,
            "downmix": "mix"
        },
        "bit_rate": 192000,
        "length": 192.458602905,
        "lossless": 0,
        "number_channels": 2,
        "replay_gain": -12.8636760712,
        "sample_rate": 48000,
        "codec": "mp3",
        "md5_encoded": "62425695a926a39dbe3ff2fdc1293991"
    },
    "tags": {
        "file_name": "Denmark_This Time (i Mean It)_Trine Jepsen _ Michael Teschl.mp3",
        "encoding": ["Lavf58.29.100"]
    }
},
"lowlevel": {
    "average_loudness": 0.6336196661,
    "barkbands_crest": {
        "max": 25.2964706421,
        "mean": 9.09086704254,
        "min": 2.7060573101,
        "stdev": 5.32082939148
    },
    "barkbands_flatness_db": {
        "max": 0.354930132627,
        "mean": 0.197451710701,
        "min": 0.097166582942,
        "stdev": 0.0633789151907
    },
    "barkbands_kurtosis": {
        "max": 33.8491516113,
        "mean": 2.24520683289,
        "min": -1.8781427145,
        "stdev": 4.57507658005
    },
    "barkbands_skewness": {
        "max": 4.85060310364,
        "mean": 0.513803303242,
        "min": -2.03168296814,
        "stdev": 0.827014088631
    },
    "barkbands_spread": {
        "max": 30.319393158,
        "mean": 12.3736085892,
        "min": 1.60359072685,
        "stdev": 5.92902231216
    },
    "dissonance": {
        "max": 0.500000059605,
        "mean": 0.44946745038,
        "min": 0.201198533177,
        "stdev": 0.0568988211453
    },
    "dynamic_complexity": 3.85520362854,
    "erbbands_crest": {
        "max": 29.0759620667,
        "mean": 11.1893825531,
        "min": 3.53356456757,
        "stdev": 6.40087175369
    },
    "erbbands_flatness_db": {
        "max": 0.410029709339,
        "mean": 0.262313604355,
        "min": 0.172128289938,
        "stdev": 0.0484781824052
    },
    "erbbands_kurtosis": {
        "max": 52.5136413574,
        "mean": 3.43488049507,
        "min": -1.27191448212,
        "stdev": 6.39328050613
    },
    "erbbands_skewness": {
        "max": 3.96079897881,
        "mean": 0.438378751278,
        "min": -4.76802587509,
        "stdev": 1.09487891197
    },
    "erbbands_spread": {
        "max": 46.0151405334,
        "mean": 16.4120826721,
        "min": 1.71861231327,
        "stdev": 7.54892730713
    },
    "hfc": {
        "max": 122.878334045,
        "mean": 18.4950447083,
        "min": 0.38908714056,
        "stdev": 18.6669540405
    },
    "loudness_ebu128": {
        "integrated": -11.8443403244,
        "loudness_range": 4.04572963715,
        "momentary": {
            "max": -6.09743404388,
            "mean": -12.8405303955,
            "min": -18.8771152496,
            "stdev": 2.97362828255
        },
        "short_term": {
            "max": -9.41562080383,
            "mean": -11.8224534988,
            "min": -14.0538597107,
            "stdev": 1.34696364403
        }
    },
    "melbands_crest": {
        "max": 31.0860900879,
        "mean": 10.6437664032,
        "min": 2.99006581306,
        "stdev": 6.13008499146
    },
    "melbands_flatness_db": {
        "max": 0.415996134281,
        "mean": 0.177997514606,
        "min": 0.0468888804317,
        "stdev": 0.101734399796
    },
    "melbands_kurtosis": {
        "max": 46.5443344116,
        "mean": 2.8224337101,
        "min": -1.91052341461,
        "stdev": 4.41901683807
    },
    "melbands_skewness": {
        "max": 4.56165313721,
        "mean": 0.737229585648,
        "min": -2.66513204575,
        "stdev": 0.802513420582
    },
    "melbands_spread": {
        "max": 71.3555984497,
        "mean": 23.7718143463,
        "min": 2.55634593964,
        "stdev": 13.1679420471
    },
    "pitch_salience": {
        "max": 0.900048732758,
        "mean": 0.642839074135,
        "min": 0.175721004605,
        "stdev": 0.160933494568
    },
    "silence_rate_20dB": {
        "max": 1,
        "mean": 1,
        "min": 1,
        "stdev": 0
    },
    "silence_rate_30dB": {
        "max": 1,
        "mean": 0.994545459747,
        "min": 0,
        "stdev": 0.0736532658339
    },
    "silence_rate_60dB": {
        "max": 1,
        "mean": 0.103636361659,
        "min": 0,
        "stdev": 0.304789155722
    },
    "spectral_centroid": {
        "max": 4022.65649414,
        "mean": 1512.61010742,
        "min": 364.947601318,
        "stdev": 725.251831055
    },
    "spectral_complexity": {
        "max": 42,
        "mean": 17.8218173981,
        "min": 1,
        "stdev": 8.7074213028
    },
    "spectral_decrease": {
        "max": -1.31481908694e-10,
        "mean": -3.88752807723e-09,
        "min": -2.90337300868e-08,
        "stdev": 4.5213415234e-09
    },
    "spectral_energy": {
        "max": 0.113872863352,
        "mean": 0.0163499843329,
        "min": 0.000531534838956,
        "stdev": 0.0185499768704
    },
    "spectral_energyband_high": {
        "max": 0.00664207851514,
        "mean": 0.000402585457778,
        "min": 1.30772366447e-06,
        "stdev": 0.000614483375102
    },
    "spectral_energyband_low": {
        "max": 0.00712136086076,
        "mean": 0.000407204614021,
        "min": 7.59703652875e-07,
        "stdev": 0.00117644818965
    },
    "spectral_energyband_middle_high": {
        "max": 0.104986280203,
        "mean": 0.00981330685318,
        "min": 8.98351790966e-05,
        "stdev": 0.0145323835313
    },
    "spectral_energyband_middle_low": {
        "max": 0.111562758684,
        "mean": 0.00607943674549,
        "min": 0.00012605311349,
        "stdev": 0.0101477308199
    },
    "spectral_entropy": {
        "max": 8.26934051514,
        "mean": 7.32232952118,
        "min": 5.49277162552,
        "stdev": 0.773153483868
    },
    "spectral_flux": {
        "max": 0.24057674408,
        "mean": 0.0630520135164,
        "min": 0.009745397605,
        "stdev": 0.0377217233181
    },
    "spectral_kurtosis": {
        "max": 52.9500274658,
        "mean": 7.65255403519,
        "min": -0.0389955043793,
        "stdev": 9.05617809296
    },
    "spectral_rms": {
        "max": 0.0105401836336,
        "mean": 0.00355034694076,
        "min": 0.000720118463505,
        "stdev": 0.00182927679271
    },
    "spectral_rolloff": {
        "max": 6567.62695312,
        "mean": 1888.18969727,
        "min": 430.6640625,
        "stdev": 1009.090271
    },
    "spectral_skewness": {
        "max": 5.4143986702,
        "mean": 1.94981706142,
        "min": 0.0363123044372,
        "stdev": 0.941675662994
    },
    "spectral_spread": {
        "max": 10145520,
        "mean": 3262405,
        "min": 1213986.125,
        "stdev": 867610
    },
    "spectral_strongpeak": {
        "max": 14.4738454819,
        "mean": 1.95572459698,
        "min": 0.0110126808286,
        "stdev": 2.48291659355
    },
    "zerocrossingrate": {
        "max": 0.2099609375,
        "mean": 0.0712136030197,
        "min": 0.01806640625,
        "stdev": 0.0338762663305
    },
    "barkbands": {
        "max": [0.000124148355098, 0.000364316976629, 0.00391263794154, 0.00379227008671, 0.0054960520938, 0.0838338285685, 0.0505501255393, 0.0295769199729, 0.0331332609057, 0.0321993008256, 0.0185502227396, 0.104358881712, 0.02264566347, 0.0106636900455, 0.00570045551285, 0.00616038404405, 0.0061815935187, 0.00180677173194, 0.00199926272035, 0.00121446687263, 0.00226565496996, 0.00337684387341, 0.00125516706612, 0.000681722303852, 0.000226518212003, 6.7096436851e-07, 2.42272363948e-07],
        "mean": [4.71512839795e-06, 1.43371507875e-05, 0.000240158115048, 0.000269142648904, 0.000461079529487, 0.000926696811803, 0.00191141257528, 0.00140847754665, 0.000770329381339, 0.00121700239833, 0.000949692621361, 0.00434865895659, 0.000924795458559, 0.00071330339415, 0.000570436066482, 0.000515762367286, 0.000374924187781, 0.000169491628185, 0.000109801461804, 0.000106777246401, 9.72642519628e-05, 9.34127601795e-05, 7.348600775e-05, 6.48858840577e-05, 1.39496305565e-05, 2.45249531794e-09, 1.29900734613e-09],
        "min": [1.16314460286e-08, 5.17959222179e-08, 1.05935470174e-07, 1.00036260164e-07, 1.70065231941e-06, 2.31361173064e-06, 4.09869790019e-06, 1.84141561022e-06, 4.63814058094e-06, 1.9849489945e-06, 2.11455835597e-06, 2.76557329926e-06, 6.08271591318e-07, 8.34870093058e-07, 8.56202063915e-07, 2.61711591065e-07, 1.64654551327e-07, 1.95821641569e-07, 2.2210154782e-07, 2.80116864815e-07, 2.05649172358e-07, 1.40796586834e-07, 1.75144094783e-07, 9.24199596852e-08, 1.40277940375e-08, 7.55486471993e-12, 4.35189514633e-12],
        "stdev": [9.58622877079e-06, 2.82446126221e-05, 0.000674919923767, 0.000593121221755, 0.000668220163789, 0.0046184277162, 0.00406089657918, 0.00312258559279, 0.00242918124422, 0.00329267862253, 0.00216113659553, 0.0139047205448, 0.0025573358871, 0.00104028370697, 0.000777272565756, 0.000773106701672, 0.000695988768712, 0.000237837695749, 0.000198125984753, 0.000137900657137, 0.000209858670132, 0.000239348155446, 0.000114632195618, 8.4589162725e-05, 2.15813979594e-05, 2.96966415902e-08, 1.21340493209e-08]
    },
    "erbbands": {
        "max": [0.00854978896677, 0.103477410972, 2.41155385971, 13.1189699173, 17.9762935638, 19.5384101868, 272.133666992, 995.887512207, 853.834838867, 449.895935059, 917.352539062, 578.570739746, 903.723510742, 887.308044434, 1940.2635498, 2826.55126953, 975.677062988, 744.040771484, 287.952148438, 252.536224365, 335.334838867, 373.790344238, 127.419029236, 113.26234436, 102.162254333, 52.9110717773, 53.0702018738, 131.238708496, 119.202919006, 63.6316490173, 21.8786678314, 19.8067893982, 9.04618835449, 4.09787559509, 0.193636447191, 0.00570653285831, 0.0015293864999, 0.000400916294893, 6.45785548841e-05, 0.00013691750064],
        "mean": [0.000472647370771, 0.00604358967394, 0.165057331324, 0.749675929546, 1.2411005497, 1.41148734093, 3.33279418945, 10.0293006897, 26.6243877411, 24.136007309, 29.9217586517, 17.3239574432, 34.5736579895, 40.3815536499, 110.759872437, 112.926528931, 44.6359214783, 37.8668136597, 34.561870575, 28.883234024, 27.3976669312, 21.1406021118, 10.7508964539, 6.56790590286, 5.32283639908, 4.96880626678, 4.12944221497, 3.88748764992, 3.35514092445, 2.66691660881, 2.00412940979, 1.69000995159, 0.844232082367, 0.313805222511, 0.0145233497024, 0.00051192130195, 5.7303954236e-05, 1.21609018606e-05, 1.14988197311e-05, 2.0677329303e-05],
        "min": [1.76283037945e-06, 2.18069908442e-05, 9.38755547395e-05, 0.000485651136842, 0.00116216938477, 0.00581984175369, 0.0137739637867, 0.0193229317665, 0.0305370781571, 0.0839749202132, 0.250762492418, 0.138037994504, 0.0802252292633, 0.0525848977268, 0.0906356871128, 0.125871300697, 0.0916412621737, 0.0698126256466, 0.0430475398898, 0.0587445050478, 0.0238512046635, 0.0145934792235, 0.0134142171592, 0.00990840606391, 0.0116436528042, 0.0117608495057, 0.00891579780728, 0.00781364832073, 0.0058289822191, 0.00668958341703, 0.00600899988785, 0.00370019231923, 0.00117277819663, 0.000387586274883, 1.73021071532e-05, 2.37171684603e-06, 7.55316818868e-07, 1.50839809976e-07, 2.96530970445e-07, 6.25993038739e-07],
        "stdev": [0.000792423030362, 0.0111571149901, 0.414299190044, 2.10127472878, 2.03751945496, 2.31097602844, 17.2350711823, 48.3927383423, 65.2516326904, 49.7853660583, 72.7732925415, 49.6546020508, 93.0999832153, 103.480865479, 295.565673828, 345.620758057, 106.182022095, 67.4565048218, 41.5743141174, 37.719783783, 42.4079933167, 38.20362854, 15.0732574463, 11.0424938202, 8.76860046387, 6.39406299591, 5.96513032913, 10.4667739868, 8.68472194672, 5.77106046677, 2.80529689789, 2.24424576759, 1.07616662979, 0.451594561338, 0.020924301818, 0.000693873502314, 9.04021289898e-05, 2.10360849451e-05, 1.09718748718e-05, 2.20765577978e-05]
    },
    "gfcc": {
        "mean": [-72.1803131104, 99.3751831055, -190.263046265, 11.7341175079, -90.9762954712, 19.0848941803, -43.631061554, -11.71616745, -10.4476509094, -20.6552467346, 4.63774824142, -23.6068325043, 3.42409539223],
        "cov": [[2895.15039062, -1815.96386719, -1064.22570801, 191.880844116, -326.319641113, 383.818023682, -126.634864807, 389.873260498, -25.8007335663, 140.252456665, 17.7075710297, -3.73730993271, 45.7587585449], [-1815.96386719, 2869.86767578, 1709.3046875, -576.468383789, 316.207550049, -525.434082031, 159.310287476, -552.371887207, -78.3211669922, -125.1354599, 238.038482666, -166.835662842, -188.518051147], [-1064.22570801, 1709.3046875, 1203.82189941, -377.631774902, 62.0671386719, -292.472625732, 116.726211548, -317.652313232, -96.0302810669, -48.9803009033, 222.530975342, -107.57119751, -106.964584351], [191.880844116, -576.468383789, -377.631774902, 393.266693115, 56.3199958801, 67.9895248413, -61.6254692078, 90.1795806885, 77.8073348999, -6.42959308624, -174.326187134, 79.5060501099, 37.8111228943], [-326.319641113, 316.207550049, 62.0671386719, 56.3199958801, 356.434936523, -12.9946928024, 19.1664943695, -121.068901062, 12.3813142776, -37.2262916565, -92.8341369629, 15.1627101898, -81.1020812988], [383.818023682, -525.434082031, -292.472625732, 67.9895248413, -12.9946928024, 206.927886963, 13.5557746887, 98.3497924805, -29.900604248, 19.5582485199, -18.8416366577, 20.8770580292, 15.2112293243], [-126.634864807, 159.310287476, 116.726211548, -61.6254692078, 19.1664943695, 13.5557746887, 138.613922119, -21.0309906006, -18.4152736664, -15.965637207, 41.7025146484, -5.16881799698, -23.0581054688], [389.873260498, -552.371887207, -317.652313232, 90.1795806885, -121.068901062, 98.3497924805, -21.0309906006, 183.330551147, 47.441696167, 26.1353855133, -35.7575302124, 38.593875885, 64.3687744141], [-25.8007335663, -78.3211669922, -96.0302810669, 77.8073348999, 12.3813142776, -29.900604248, -18.4152736664, 47.441696167, 112.4686203, 6.52972173691, -71.9736251831, 26.9919509888, 13.4807920456], [140.252456665, -125.1354599, -48.9803009033, -6.42959308624, -37.2262916565, 19.5582485199, -15.965637207, 26.1353855133, 6.52972173691, 78.9770507812, 58.4702529907, -9.90363025665, 1.49532055855], [17.7075710297, 238.038482666, 222.530975342, -174.326187134, -92.8341369629, -18.8416366577, 41.7025146484, -35.7575302124, -71.9736251831, 58.4702529907, 214.261764526, -36.2582473755, -7.66675806046], [-3.73730993271, -166.835662842, -107.57119751, 79.5060501099, 15.1627101898, 20.8770580292, -5.16881799698, 38.593875885, 26.9919509888, -9.90363025665, -36.2582473755, 74.7453460693, 39.8867454529], [45.7587585449, -188.518051147, -106.964584351, 37.8111228943, -81.1020812988, 15.2112293243, -23.0581054688, 64.3687744141, 13.4807920456, 1.49532055855, -7.66675806046, 39.8867454529, 82.5796890259]],
        "icov": [[0.000777559587732, -6.06778621659e-06, 0.000575200014282, -9.34359268285e-05, 0.000432917207945, -0.000307523994707, 0.000513293838594, -0.000914470176212, 0.00046016095439, 4.65228840767e-05, -0.000587526534218, 0.000250362267252, 0.00142963300459], [-6.06778621659e-06, 0.00995902344584, -0.00948815979064, 0.00328338216059, -0.00795969180763, 0.00599462725222, -0.000294444471365, 0.00370874116197, -0.0070385648869, 0.00857818964869, -0.00436369981617, 0.00795906595886, -0.00620516063645], [0.000575200014282, -0.00948815979064, 0.0123164840043, -0.00261067436077, 0.00807417277247, -0.00376199022867, -0.000430285552284, -0.00156381330453, 0.00670526456088, -0.00621353508905, 0.00162107648794, -0.00684549193829, 0.00736619345844], [-9.34359268285e-05, 0.00328338216059, -0.00261067436077, 0.00668398849666, -0.0025234639179, 0.00186751235742, 0.000331841962179, 0.00154028320685, -0.00219454686157, 0.000255134393228, 0.00267924787477, -0.00136466789991, -0.00156346301083], [0.000432917207945, -0.00795969180763, 0.00807417277247, -0.0025234639179, 0.0135204801336, -0.00678129447624, 4.09939239034e-05, 0.00249030534178, 0.00472604297101, -0.00802956987172, 0.00631225435063, -0.0112563325092, 0.0111978789791], [-0.000307523994707, 0.00599462725222, -0.00376199022867, 0.00186751235742, -0.00678129447624, 0.0165753662586, -0.00338669074699, -0.00439648609608, 0.00428615277633, 0.00255761761218, -0.00144129362889, 0.00381240714341, -0.0018257262418], [0.000513293838594, -0.000294444471365, -0.000430285552284, 0.000331841962179, 4.09939239034e-05, -0.00338669074699, 0.0105465408415, -0.00176736863796, -0.00173426500987, 0.00445349561051, -0.00356365507469, -0.00167077733204, 0.0039992723614], [-0.000914470176212, 0.00370874116197, -0.00156381330453, 0.00154028320685, 0.00249030534178, -0.00439648609608, -0.00176736863796, 0.0242601670325, -0.0119659658521, 0.00249757454731, -0.000876909238286, 0.00128718535416, -0.00870063714683], [0.00046016095439, -0.0070385648869, 0.00670526456088, -0.00219454686157, 0.00472604297101, 0.00428615277633, -0.00173426500987, -0.0119659658521, 0.0263569522649, -0.0152389947325, 0.0113927610219, -0.0100526018068, 0.00794840604067], [4.65228840767e-05, 0.00857818964869, -0.00621353508905, 0.000255134393228, -0.00802956987172, 0.00255761761218, 0.00445349561051, 0.00249757454731, -0.0152389947325, 0.0351941399276, -0.0192902889103, 0.0126658389345, -0.00372660951689], [-0.000587526534218, -0.00436369981617, 0.00162107648794, 0.00267924787477, 0.00631225435063, -0.00144129362889, -0.00356365507469, -0.000876909238286, 0.0113927610219, -0.0192902889103, 0.020936941728, -0.00850133318454, 0.00192961108405], [0.000250362267252, 0.00795906595886, -0.00684549193829, -0.00136466789991, -0.0112563325092, 0.00381240714341, -0.00167077733204, 0.00128718535416, -0.0100526018068, 0.0126658389345, -0.00850133318454, 0.0348692648113, -0.0196580868214], [0.00142963300459, -0.00620516063645, 0.00736619345844, -0.00156346301083, 0.0111978789791, -0.0018257262418, 0.0039992723614, -0.00870063714683, 0.00794840604067, -0.00372660951689, 0.00192961108405, -0.0196580868214, 0.0350855700672]]
    },
    "melbands": {
        "max": [9.31687827688e-05, 0.00107127102092, 0.00193291914184, 0.00127310992684, 0.00771654769778, 0.0194829031825, 0.011962194927, 0.00505500566214, 0.0079968906939, 0.00421614851803, 0.0047023803927, 0.00338784675114, 0.00362885184586, 0.0150347035378, 0.000870586081874, 0.00315021676943, 0.00123788847122, 0.000473633670481, 0.000418972049374, 0.000367756467313, 0.000344375061104, 0.000390862813219, 0.000213133171201, 9.88386891549e-05, 0.000107888583443, 7.87747267168e-05, 4.32909546362e-05, 3.82945036108e-05, 2.94132514682e-05, 6.36561890133e-05, 9.7858501249e-05, 7.88718170952e-05, 4.30118416261e-05, 4.08330633945e-05, 1.50852520164e-05, 1.22197898236e-05, 1.15602333608e-05, 5.68509949517e-06, 7.48947195461e-06, 2.84207271761e-06],
        "mean": [4.03430976803e-06, 6.84790866217e-05, 0.000141793236253, 9.20438760659e-05, 0.000106182124, 0.000241330679273, 0.000387901731301, 0.000275955797406, 0.000222366885282, 0.00010619652312, 0.000174238230102, 0.00015859164705, 0.000245025876211, 0.000578775187023, 7.87854223745e-05, 0.000109821012302, 6.34139505564e-05, 5.82684842811e-05, 4.23974488513e-05, 3.60815829481e-05, 3.08935268549e-05, 2.30598125199e-05, 1.37290790008e-05, 7.19718309483e-06, 5.09377287017e-06, 3.89447086491e-06, 3.59008799933e-06, 3.3017631722e-06, 2.69816064247e-06, 2.22573294195e-06, 2.29064880841e-06, 1.96556925403e-06, 1.64266134561e-06, 1.41777024965e-06, 1.14313536415e-06, 1.09490679279e-06, 1.0253011169e-06, 6.34955654277e-07, 4.22307778081e-07, 2.02286400963e-07],
        "min": [2.22901892499e-08, 4.73409969004e-08, 1.3959525802e-07, 2.58689709653e-07, 5.57334999485e-07, 4.44633940333e-07, 4.69677900128e-07, 9.9318424418e-07, 1.59025523772e-06, 5.04662125422e-07, 3.83755889288e-07, 1.98681988195e-07, 2.79733455955e-07, 3.0763982295e-07, 1.43935110941e-07, 9.81813954581e-08, 8.20326775397e-08, 6.03847638558e-08, 6.3932013461e-08, 4.12834388896e-08, 1.48850496373e-08, 1.03613881919e-08, 6.65404042977e-09, 1.00901624833e-08, 6.05939076692e-09, 8.45544345651e-09, 7.44431627453e-09, 6.3162435282e-09, 5.94330273884e-09, 3.81451359388e-09, 3.89715548721e-09, 3.11515613305e-09, 2.26008967097e-09, 3.19673776339e-09, 3.05989988902e-09, 2.40556707887e-09, 1.53941437375e-09, 5.97104199418e-10, 3.9694483811e-10, 1.95924595991e-10],
        "stdev": [6.94520576872e-06, 0.000181577459443, 0.000310335570248, 0.000140751857543, 0.000488885503728, 0.00100029876921, 0.00089114549337, 0.00054742291104, 0.000584299850743, 0.000324637396261, 0.00048924976727, 0.000420252996264, 0.000552952929866, 0.00196127593517, 0.00012651248835, 0.000348738773027, 0.000107867432234, 7.39843671909e-05, 5.66316812183e-05, 5.17758853675e-05, 5.03288065374e-05, 4.32365923189e-05, 2.2018171876e-05, 1.06772558865e-05, 9.41216876527e-06, 7.00143755239e-06, 5.10069185111e-06, 4.49159915661e-06, 3.55674546881e-06, 4.8424999477e-06, 7.0166624937e-06, 5.46963337911e-06, 3.73590182789e-06, 3.1026850138e-06, 1.74016770416e-06, 1.35204311391e-06, 1.48430365243e-06, 8.17093507521e-07, 6.35786932435e-07, 3.01238941347e-07]
    },
    "melbands128": {
        "max": [6.19242637185e-05, 7.54469438107e-05, 9.50607427512e-05, 0.00017332212883, 0.000511147489306, 0.00258965347894, 0.00327471317723, 0.0013409210369, 0.00212895870209, 0.00147810706403, 0.00145004992373, 0.00185521657113, 0.00923981145024, 0.0248548779637, 0.0374219119549, 0.0100431442261, 0.0123951397836, 0.019884461537, 0.00661510648206, 0.00826873350888, 0.00815274659544, 0.00725158583373, 0.0150566035882, 0.00600424408913, 0.00465163309127, 0.0074087404646, 0.00663640676066, 0.00818793475628, 0.0109021095559, 0.00345072778873, 0.00760218827054, 0.00337716029026, 0.00386921409518, 0.0100763225928, 0.0313726551831, 0.0226899478585, 0.00210121157579, 0.00149270507973, 0.00102243490983, 0.00303667690605, 0.00540918856859, 0.0047631310299, 0.000934152631089, 0.000728728016838, 0.00120607658755, 0.000677705742419, 0.000499685469549, 0.000687400461175, 0.000413133209804, 0.000412075576605, 0.00041580980178, 0.000646345317364, 0.000581723637879, 0.000519392022397, 0.000715175352525, 0.000511879974511, 0.000706489954609, 0.000287680071779, 0.000162015116075, 0.000144381498103, 0.000143753510201, 0.000122233701404, 0.000127895662445, 0.00017935030337, 0.000114864109491, 7.64211872593e-05, 0.000105087041447, 9.69804023043e-05, 5.45786460862e-05, 3.94644193875e-05, 4.99926827615e-05, 8.02974172984e-05, 4.83919429826e-05, 4.1126000724e-05, 4.3276912038e-05, 6.90510205459e-05, 7.61478295317e-05, 8.32483201521e-05, 0.000111645633297, 0.000137680675834, 0.000102898236946, 4.28007806477e-05, 5.75082449359e-05, 3.83846600016e-05, 4.80376620544e-05, 3.4569275158e-05, 6.05139757681e-05, 2.88994597213e-05, 1.47032751556e-05, 1.22775836644e-05, 1.33075582198e-05, 1.2631359823e-05, 1.60688286996e-05, 1.65210512932e-05, 1.58621060109e-05, 6.60201385472e-06, 6.28275665804e-06, 5.98610859015e-06, 7.06196124156e-06, 1.06876777863e-05, 3.99928649131e-06, 3.50252207681e-06, 1.63660331509e-07, 9.10127440079e-09, 1.22839249883e-08, 8.72629701831e-09, 2.49440401667e-09, 3.19262638548e-09, 4.09233713583e-09, 4.42287806379e-09, 5.36484900948e-09, 4.59045335077e-09, 3.89545462554e-09, 3.69792441113e-09, 3.90996302002e-09, 3.88747123381e-09, 3.13837267285e-09, 9.9055252889e-10, 9.23360665706e-10, 9.19857856552e-10, 9.18652542925e-10, 9.19759324258e-10, 9.22274201454e-10, 8.72937500063e-10, 6.35796915116e-10, 5.86918846857e-10, 5.81617920492e-10, 5.77976499994e-10],
        "mean": [3.15173474519e-06, 3.81805966754e-06, 3.5458651837e-06, 5.99011445956e-06, 3.68079527107e-05, 0.000149084356963, 0.000160348019563, 0.000125908016344, 0.000139438867336, 8.01402056823e-05, 7.14938287274e-05, 8.34555467009e-05, 0.00010026840755, 0.000151724845637, 0.00019519306079, 0.000236024236074, 0.000542129273526, 0.000375159666874, 0.000285302434349, 0.000237285654293, 0.000288254173938, 0.000346647459082, 0.000213328021346, 0.000108854401333, 8.49035786814e-05, 0.000111541317892, 0.000131552689709, 0.0001923252712, 0.000222110335017, 0.000112812813313, 0.000197483837837, 0.000113362439151, 9.98061295832e-05, 0.000279693194898, 0.00111943262164, 0.000470925908303, 9.1048219474e-05, 7.73327701609e-05, 4.98798981425e-05, 0.000104187485704, 0.000139523515827, 8.70551230037e-05, 4.93813058711e-05, 5.78480976401e-05, 7.80122500146e-05, 5.1867122238e-05, 4.68181024189e-05, 4.56468987977e-05, 3.80419260182e-05, 3.76125608454e-05, 3.57654826075e-05, 3.51014823536e-05, 3.29490030708e-05, 2.96242742479e-05, 2.46130312007e-05, 2.32296133618e-05, 2.18681234401e-05, 1.53145902004e-05, 1.1708090824e-05, 8.12736470834e-06, 7.27395627109e-06, 6.2001176957e-06, 5.12123688168e-06, 5.10622521688e-06, 4.53357915831e-06, 3.45492958331e-06, 3.68124256056e-06, 4.31146918345e-06, 3.38168570124e-06, 2.89876675197e-06, 3.32668514602e-06, 3.6820506466e-06, 2.91617857329e-06, 2.6103334676e-06, 2.25600001613e-06, 2.17261094804e-06, 2.257953156e-06, 2.20320998778e-06, 2.3633613182e-06, 2.27727173296e-06, 2.1439198008e-06, 1.76673279384e-06, 1.70734415406e-06, 1.64616233178e-06, 1.61387197295e-06, 1.4072279555e-06, 1.42820567817e-06, 1.25409735574e-06, 1.09483562483e-06, 1.0765126035e-06, 1.13713053906e-06, 1.07725304588e-06, 1.05763240299e-06, 1.09722316211e-06, 1.00278498394e-06, 7.30599822418e-07, 5.47116599137e-07, 4.88829016376e-07, 4.35600043147e-07, 3.89126427081e-07, 3.30105734747e-07, 1.94833432943e-07, 9.66819424519e-09, 1.04998093553e-10, 3.53741098913e-11, 6.08140482417e-11, 5.92655091669e-11, 1.69145149276e-11, 1.31302147974e-11, 1.40141717675e-11, 1.71703953139e-11, 1.62018020528e-11, 1.56679322294e-11, 1.4805240367e-11, 1.43345084067e-11, 1.37295409416e-11, 1.17919979337e-11, 5.7881655198e-12, 5.3015300483e-12, 5.20181857658e-12, 5.10937819831e-12, 5.04171791121e-12, 4.98236781693e-12, 4.83376750085e-12, 4.33997369292e-12, 3.57053167414e-12, 3.15174514091e-12, 3.07597307e-12],
        "min": [1.13780129762e-09, 7.31533766896e-09, 2.93140818286e-08, 1.46905376752e-08, 1.42445628626e-08, 6.86478500711e-08, 6.26666860626e-08, 3.89883183516e-08, 3.07098737551e-08, 1.4414392524e-07, 1.63250319929e-07, 2.24840647434e-07, 1.55117945155e-07, 1.27549839135e-07, 1.94864568925e-07, 1.52218802896e-07, 3.53840533762e-07, 1.15103262033e-07, 2.75100944691e-07, 4.61988918232e-07, 2.25725003133e-07, 3.28064345467e-07, 6.91854268098e-07, 2.39524183598e-07, 1.21682276699e-07, 1.53438904249e-07, 1.40568303664e-07, 3.21411306459e-07, 9.08052086857e-08, 1.36998806965e-07, 1.17246983677e-07, 1.24642184574e-07, 1.05766105207e-07, 1.38815948958e-07, 5.91101141367e-08, 2.21171902126e-07, 4.65463863009e-08, 2.49970035782e-08, 6.50726477147e-08, 5.56826336151e-08, 4.41629524062e-08, 8.79010215726e-08, 2.39313333594e-08, 1.21930101571e-08, 3.47289628166e-08, 1.93442613039e-08, 2.06209840314e-08, 3.56537483981e-08, 4.91324456675e-08, 2.20967049103e-08, 1.78910131154e-08, 1.19933396547e-08, 9.574183224e-09, 8.31920843325e-09, 5.40241362756e-09, 9.09980268915e-09, 1.17130793953e-09, 2.50081666486e-09, 6.3314842258e-09, 5.99422644854e-09, 4.82987294603e-09, 3.58824658875e-09, 4.58531212999e-09, 2.39804220925e-09, 3.89789134303e-09, 1.87328508261e-09, 3.53940921016e-09, 2.60975263622e-09, 3.37639205483e-09, 3.27816174206e-09, 1.8694434889e-09, 5.68523450539e-09, 6.01562355484e-09, 3.72313779806e-09, 1.2249654624e-09, 1.34622524239e-09, 1.26817578661e-09, 1.08009812205e-09, 1.30776767193e-09, 5.6146276517e-10, 2.68012256832e-09, 9.85837744771e-10, 1.98109018079e-09, 1.48069556616e-09, 5.75317571361e-10, 8.9779228496e-10, 1.85863102686e-09, 8.45947034644e-10, 4.40796898982e-10, 1.57850799098e-09, 1.06093933638e-09, 1.56446222643e-09, 1.22269383507e-09, 9.52786183284e-10, 3.15587583843e-10, 2.78643969009e-10, 7.78357100994e-11, 1.36360339686e-10, 2.2982593606e-10, 1.35883401753e-10, 1.92695609469e-10, 2.9004302432e-11, 2.96097537765e-13, 7.41569146042e-14, 4.14306582748e-14, 3.55914265887e-14, 4.61110370806e-14, 3.66526470633e-14, 2.61984427614e-14, 1.87735806447e-14, 1.9578065433e-14, 9.04175738052e-15, 1.10613058494e-14, 1.40906581989e-14, 1.62299661151e-14, 1.38983139572e-14, 1.47373161851e-14, 2.97752206463e-14, 1.47085340056e-14, 1.43947523443e-14, 1.51179389103e-14, 2.29254888185e-14, 2.42367618894e-14, 1.66898304665e-14, 1.73730862053e-14, 6.67571399093e-15, 1.0659216133e-15, 5.63298747492e-17],
        "stdev": [6.5240146796e-06, 7.48195225242e-06, 7.20409798305e-06, 1.57921022037e-05, 7.52382838982e-05, 0.000447339698439, 0.000534307502676, 0.000210765574593, 0.000240239023697, 0.000190517632291, 0.000141755372169, 0.000173318127054, 0.000523198221345, 0.00134423573036, 0.0016900615301, 0.000719640695024, 0.00149256107397, 0.00117548403796, 0.000706749269739, 0.000770538870711, 0.000725251273252, 0.000829955737572, 0.000926752167288, 0.000444767763838, 0.000337295990903, 0.000437159265857, 0.000421042786911, 0.00068143219687, 0.000888650480192, 0.000314155535307, 0.000799006433226, 0.000283061031951, 0.000299124658341, 0.000900502549484, 0.00407342379913, 0.00206034234725, 0.0002333693119, 0.000174413187779, 0.000105410130345, 0.000329745002091, 0.000588424270973, 0.000377844407922, 8.93307224032e-05, 9.15703785722e-05, 0.000135312671773, 8.49085336085e-05, 7.68039608374e-05, 7.27767255739e-05, 5.94266566623e-05, 5.84144618188e-05, 5.60005137231e-05, 6.57674536342e-05, 5.64274159842e-05, 5.7071520132e-05, 5.35839535587e-05, 4.83547264594e-05, 5.22760856256e-05, 2.80372296402e-05, 1.80239239853e-05, 1.19336627904e-05, 1.2518657968e-05, 1.15471320896e-05, 1.13168880489e-05, 1.19501519293e-05, 9.14420979825e-06, 6.50790934742e-06, 8.40234315547e-06, 8.40578923089e-06, 4.98431063534e-06, 4.44160195912e-06, 5.184438578e-06, 7.89049045125e-06, 4.75094248031e-06, 4.13739144278e-06, 4.11363816966e-06, 4.79993514091e-06, 5.90718536841e-06, 5.704268915e-06, 8.4037619672e-06, 8.0387098933e-06, 6.85294753566e-06, 4.35066522186e-06, 4.30442105426e-06, 3.69696317648e-06, 4.13371026298e-06, 3.06719221044e-06, 3.64059837921e-06, 2.33505124925e-06, 1.80825429652e-06, 1.59581304615e-06, 1.51251128955e-06, 1.44878094943e-06, 1.56837938903e-06, 1.79734877293e-06, 1.66089068898e-06, 1.01211264791e-06, 7.77364505211e-07, 7.17678403817e-07, 7.20582193026e-07, 7.22210756976e-07, 4.92666970331e-07, 3.25962446368e-07, 1.79095387409e-08, 4.52645421145e-10, 5.32669630626e-10, 4.03422822925e-10, 2.04396902181e-10, 1.4434932416e-10, 1.78922321403e-10, 1.92673640931e-10, 2.37385888724e-10, 2.05078801163e-10, 1.81347686867e-10, 1.71058833764e-10, 1.74016426269e-10, 1.71199929233e-10, 1.42963807459e-10, 5.16481822588e-11, 4.85668866235e-11, 4.80544840031e-11, 4.75758842045e-11, 4.73575900717e-11, 4.71669925339e-11, 4.51817541713e-11, 3.70607051992e-11, 2.72163281495e-11, 2.50168098043e-11, 2.48225121013e-11]
    },
    "mfcc": {
        "mean": [-680.991455078, 108.017631531, -32.7919044495, -21.8319530487, -15.4307880402, -3.12211894989, -11.4126434326, -5.18416166306, -11.7258625031, 0.871798574924, -11.5589342117, -1.25356805325, -2.02219414711],
        "cov": [[4177.32080078, -2898.32836914, -1130.50476074, -402.154815674, 5.23584222794, -108.838188171, -49.4100761414, 137.172653198, 294.303649902, 153.054779053, 176.065109253, 85.7742233276, -17.132642746], [-2898.32836914, 3416.6496582, 1368.12304688, 259.169342041, -18.3657436371, -18.7452869415, 135.435424805, -258.772796631, -485.67565918, -65.6380004883, -174.599441528, -0.818962395191, 102.476539612], [-1130.50476074, 1368.12304688, 907.076416016, 26.9382171631, -137.441619873, -112.320129395, 130.245910645, -165.463302612, -308.971221924, 62.9832229614, -139.958755493, 15.1717252731, 134.549743652], [-402.154815674, 259.169342041, 26.9382171631, 280.28692627, 72.4365386963, 83.257484436, -95.149559021, 23.3015956879, 42.0762825012, -84.6495361328, 34.307849884, -43.9018783569, -62.5885620117], [5.23584222794, -18.3657436371, -137.441619873, 72.4365386963, 161.415115356, 74.0001602173, -49.320892334, 15.9659557343, 50.7167510986, -66.2803039551, 31.5320510864, 2.37230324745, -55.1162567139], [-108.838188171, -18.7452869415, -112.320129395, 83.257484436, 74.0001602173, 150.073547363, 4.06765317917, 47.5475730896, 40.3358383179, -55.8319320679, 45.8190040588, -8.21532821655, -68.7456970215], [-49.4100761414, 135.435424805, 130.245910645, -95.149559021, -49.320892334, 4.06765317917, 193.529586792, -27.7558078766, -131.242675781, 53.8917961121, -33.0522537231, 29.2851848602, 44.7585906982], [137.172653198, -258.772796631, -165.463302612, 23.3015956879, 15.9659557343, 47.5475730896, -27.7558078766, 135.37600708, 128.65234375, -46.9669914246, 23.6496124268, -3.29703450203, -21.2384395599], [294.303649902, -485.67565918, -308.971221924, 42.0762825012, 50.7167510986, 40.3358383179, -131.242675781, 128.65234375, 254.240463257, -62.2951545715, 52.5649528503, -13.1204242706, -45.2594146729], [153.054779053, -65.6380004883, 62.9832229614, -84.6495361328, -66.2803039551, -55.8319320679, 53.8917961121, -46.9669914246, -62.2951545715, 114.546058655, -10.7375183105, 10.8885831833, 33.791809082], [176.065109253, -174.599441528, -139.958755493, 34.307849884, 31.5320510864, 45.8190040588, -33.0522537231, 23.6496124268, 52.5649528503, -10.7375183105, 97.9789505005, 19.625579834, -43.9995307922], [85.7742233276, -0.818962395191, 15.1717252731, -43.9018783569, 2.37230324745, -8.21532821655, 29.2851848602, -3.29703450203, -13.1204242706, 10.8885831833, 19.625579834, 75.8766708374, 45.6940917969], [-17.132642746, 102.476539612, 134.549743652, -62.5885620117, -55.1162567139, -68.7456970215, 44.7585906982, -21.2384395599, -45.2594146729, 33.791809082, -43.9995307922, 45.6940917969, 127.318275452]],
        "icov": [[0.000723972858395, 0.000551729463041, 0.000136722752359, 0.000317410856951, -0.000429400068242, 0.000718118506484, 4.72479950986e-05, -0.000197583285626, 0.000465949997306, -0.000252708239714, -0.000619486148935, -0.000275349419098, -6.53725801385e-05], [0.000551729463041, 0.00148146308493, -0.00156095181592, 2.33059527091e-05, -0.001002546167, 0.000173504333361, 0.000175289795152, 2.41420530074e-05, 0.000875913363416, 0.000828931399155, -0.000602268613875, -0.000162389231264, 8.64977555466e-05], [0.000136722752359, -0.00156095181592, 0.0056223156862, -0.00149499531835, 0.00279147503898, 0.00114006060176, -0.000177602196345, 0.000513307168148, 0.00173515989445, -0.00116809457541, 0.0027896433603, -0.00173596711829, -0.000915780488867], [0.000317410856951, 2.33059527091e-05, -0.00149499531835, 0.008205560036, -0.00162518548314, -0.00309545756318, 0.00383694190532, -0.00144071527757, 0.00132172019221, 0.00195377110504, -0.00402518128976, 0.00473135337234, -0.0014643232571], [-0.000429400068242, -0.001002546167, 0.00279147503898, -0.00162518548314, 0.0128652518615, -0.00358545710333, 0.00104123714846, 0.00387925282121, -0.000824754592031, 0.00362366368063, 0.00370894186199, -0.00540470611304, 0.0028812198434], [0.000718118506484, 0.000173504333361, 0.00114006060176, -0.00309545756318, -0.00358545710333, 0.0168791636825, -0.00634224852547, -0.00284098205157, -0.000234905281104, 0.00236773421057, -0.00368747324683, -0.000942247745115, 0.00489984126762], [4.72479950986e-05, 0.000175289795152, -0.000177602196345, 0.00383694190532, 0.00104123714846, -0.00634224852547, 0.0148404659703, -0.00610785745084, 0.00943465530872, -0.0029884846881, 0.00192400021479, -0.00186910340562, -0.00178785098251], [-0.000197583285626, 2.41420530074e-05, 0.000513307168148, -0.00144071527757, 0.00387925282121, -0.00284098205157, -0.00610785745084, 0.0205004364252, -0.0119734974578, 0.00486611854285, 0.0018211575225, -0.00105913926382, -0.000122823796119], [0.000465949997306, 0.000875913363416, 0.00173515989445, 0.00132172019221, -0.000824754592031, -0.000234905281104, 0.00943465530872, -0.0119734974578, 0.0181130934507, 0.000192064748262, -0.00138885492925, 0.000301752646919, -0.00182459491771], [-0.000252708239714, 0.000828931399155, -0.00116809457541, 0.00195377110504, 0.00362366368063, 0.00236773421057, -0.0029884846881, 0.00486611854285, 0.000192064748262, 0.0179914943874, -0.0035046399571, 0.00172566587571, -0.000334196083713], [-0.000619486148935, -0.000602268613875, 0.0027896433603, -0.00402518128976, 0.00370894186199, -0.00368747324683, 0.00192400021479, 0.0018211575225, -0.00138885492925, -0.0035046399571, 0.0232745781541, -0.014101552777, 0.00825737323612], [-0.000275349419098, -0.000162389231264, -0.00173596711829, 0.00473135337234, -0.00540470611304, -0.000942247745115, -0.00186910340562, -0.00105913926382, 0.000301752646919, 0.00172566587571, -0.014101552777, 0.0290583763272, -0.0137669676915], [-6.53725801385e-05, 8.64977555466e-05, -0.000915780488867, -0.0014643232571, 0.0028812198434, 0.00489984126762, -0.00178785098251, -0.000122823796119, -0.00182459491771, -0.000334196083713, 0.00825737323612, -0.0137669676915, 0.0197594966739]]
    },
    "spectral_contrast_coeffs": {
        "max": [-0.411458432674, -0.451835691929, -0.460589498281, -0.515593528748, -0.646246790886, -0.491737544537],
        "mean": [-0.686125218868, -0.736684918404, -0.739845573902, -0.792627692223, -0.798009932041, -0.755945384502],
        "min": [-0.849510371685, -0.905954301357, -0.886909842491, -0.886887252331, -0.905775785446, -0.897663831711],
        "stdev": [0.0678886249661, 0.100264713168, 0.102888450027, 0.0700956508517, 0.0452806986868, 0.0359370447695]
    },
    "spectral_contrast_valleys": {
        "max": [-6.54627180099, -5.15535879135, -4.89032411575, -5.48102140427, -6.17749214172, -8.76727294922],
        "mean": [-8.45154571533, -6.99531650543, -7.17312097549, -7.42330741882, -8.00557041168, -10.8305826187],
        "min": [-10.6571378708, -8.49955177307, -9.2483625412, -9.81943798065, -10.1893644333, -13.4852371216],
        "stdev": [0.745378315449, 0.538525283337, 0.702456176281, 1.11693334579, 1.08087706566, 1.20006072521]
    }
},
"rhythm": {
    "beats_count": 19,
    "beats_loudness": {
        "max": 0.0543019138277,
        "mean": 0.018974615261,
        "min": 0.00221880245954,
        "stdev": 0.0154895167798
    },
    "bpm": 84.914680481,
    "bpm_histogram_first_peak_bpm": 99,
    "bpm_histogram_first_peak_weight": 0.333333313465,
    "bpm_histogram_second_peak_bpm": 85,
    "bpm_histogram_second_peak_spread": 0.444444417953,
    "bpm_histogram_second_peak_weight": 0.277777791023,
    "danceability": 0.893994629383,
    "onset_rate": 3.4484474659,
    "beats_loudness_band_ratio": {
        "max": [0.267056077719, 0.301411062479, 0.855088353157, 0.851604402065, 0.573748469353, 0.154600322247],
        "mean": [0.0430079996586, 0.0697351321578, 0.278769016266, 0.378635257483, 0.220285609365, 0.0452711433172],
        "min": [0.00150377047248, 0.00549209630117, 0.0647627860308, 0.0300869364291, 0.00673867436126, 0.000482304487377],
        "stdev": [0.0713450908661, 0.0826152637601, 0.253213822842, 0.227064281702, 0.209450572729, 0.0466935895383]
    },
    "beats_position": [0.696598649025, 1.4164172411, 2.13623571396, 2.8444442749, 3.55265307426, 4.2492518425, 4.92263031006, 5.60761880875, 6.31582736969, 7.02403593063, 7.6277551651, 8.2198638916, 8.80036258698, 9.4040813446, 10.0078001022, 10.6115188599, 11.2152376175, 11.807346344, 12.4110651016],
