{
"metadata": {
    "version": {
        "essentia": "2.1-beta5",
        "essentia_git_sha": "Undefined",
        "extractor": "music 2.0"
    },
    "audio_properties": {
        "analysis": {
            "equal_loudness": 0,
            "length": 12.7477550507,
            "sample_rate": 44100,
            "start_time": 0,
            "downmix": "mix"
        },
        "bit_rate": 192000,
        "length": 194.53678894,
        "lossless": 0,
        "number_channels": 2,
        "replay_gain": -11.4613285065,
        "sample_rate": 48000,
        "codec": "mp3",
        "md5_encoded": "c353d5c43d837483c8573b0439cbcbcf"
    },
    "tags": {
        "file_name": "Norway_Living My Life Without You_Stig André Van Eijk.mp3",
        "encoding": ["Lavf58.29.100"]
    }
},
"lowlevel": {
    "average_loudness": 0.895614564419,
    "barkbands_crest": {
        "max": 21.0959720612,
        "mean": 7.03596591949,
        "min": 2.67637372017,
        "stdev": 3.57517266273
    },
    "barkbands_flatness_db": {
        "max": 0.284939140081,
        "mean": 0.155467584729,
        "min": 0.0865676403046,
        "stdev": 0.030064618215
    },
    "barkbands_kurtosis": {
        "max": 23.8683128357,
        "mean": 1.66701281071,
        "min": -1.60408592224,
        "stdev": 3.10782337189
    },
    "barkbands_skewness": {
        "max": 3.79237866402,
        "mean": 0.676248252392,
        "min": -2.2104537487,
        "stdev": 0.912968695164
    },
    "barkbands_spread": {
        "max": 70.1814651489,
        "mean": 15.4453372955,
        "min": 3.40601825714,
        "stdev": 7.12054872513
    },
    "dissonance": {
        "max": 0.499963968992,
        "mean": 0.477603375912,
        "min": 0.346631705761,
        "stdev": 0.0271379426122
    },
    "dynamic_complexity": 3.2334215641,
    "erbbands_crest": {
        "max": 24.3527755737,
        "mean": 8.04107379913,
        "min": 3.37483525276,
        "stdev": 3.22607731819
    },
    "erbbands_flatness_db": {
        "max": 0.306384891272,
        "mean": 0.220669955015,
        "min": 0.121320657432,
        "stdev": 0.0269629638642
    },
    "erbbands_kurtosis": {
        "max": 9.25729942322,
        "mean": 0.873427927494,
        "min": -1.74356365204,
        "stdev": 1.3186352253
    },
    "erbbands_skewness": {
        "max": 2.82364225388,
        "mean": 0.487798452377,
        "min": -1.95662367344,
        "stdev": 0.491155862808
    },
    "erbbands_spread": {
        "max": 96.3597412109,
        "mean": 23.506401062,
        "min": 7.58642482758,
        "stdev": 11.8778877258
    },
    "hfc": {
        "max": 125.800895691,
        "mean": 19.9310321808,
        "min": 0.273422509432,
        "stdev": 17.2424983978
    },
    "loudness_ebu128": {
        "integrated": -12.971244812,
        "loudness_range": 2.90133857727,
        "momentary": {
            "max": -8.64206027985,
            "mean": -13.7891817093,
            "min": -21.6905250549,
            "stdev": 2.80657577515
        },
        "short_term": {
            "max": -11.2642965317,
            "mean": -12.7938661575,
            "min": -15.4487037659,
            "stdev": 1.00693356991
        }
    },
    "melbands_crest": {
        "max": 27.3446331024,
        "mean": 8.41820049286,
        "min": 2.70602464676,
        "stdev": 4.59166240692
    },
    "melbands_flatness_db": {
        "max": 0.309296160936,
        "mean": 0.121743842959,
        "min": 0.0300269071013,
        "stdev": 0.0562990382314
    },
    "melbands_kurtosis": {
        "max": 32.2205467224,
        "mean": 4.08781337738,
        "min": -1.67341816425,
        "stdev": 5.96070289612
    },
    "melbands_skewness": {
        "max": 4.7780880928,
        "mean": 1.10670983791,
        "min": -0.871260046959,
        "stdev": 1.09445941448
    },
    "melbands_spread": {
        "max": 193.149978638,
        "mean": 27.4211940765,
        "min": 3.79725193977,
        "stdev": 15.1301956177
    },
    "pitch_salience": {
        "max": 0.881629943848,
        "mean": 0.716813802719,
        "min": 0.256402045488,
        "stdev": 0.114721886814
    },
    "silence_rate_20dB": {
        "max": 1,
        "mean": 1,
        "min": 1,
        "stdev": 0
    },
    "silence_rate_30dB": {
        "max": 1,
        "mean": 1,
        "min": 1,
        "stdev": 0
    },
    "silence_rate_60dB": {
        "max": 1,
        "mean": 0.0799999982119,
        "min": 0,
        "stdev": 0.271293967962
    },
    "spectral_centroid": {
        "max": 4026.79199219,
        "mean": 1771.89916992,
        "min": 342.757751465,
        "stdev": 665.173339844
    },
    "spectral_complexity": {
        "max": 55,
        "mean": 23.2381820679,
        "min": 0,
        "stdev": 9.97723007202
    },
    "spectral_decrease": {
        "max": -6.07843081424e-11,
        "mean": -3.76495812304e-09,
        "min": -2.38357564797e-08,
        "stdev": 3.9280689812e-09
    },
    "spectral_energy": {
        "max": 0.0959237888455,
        "mean": 0.0160176344216,
        "min": 0.00025421398459,
        "stdev": 0.01588007994
    },
    "spectral_energyband_high": {
        "max": 0.00870118197054,
        "mean": 0.000653091294225,
        "min": 2.60997489931e-06,
        "stdev": 0.000797509157564
    },
    "spectral_energyband_low": {
        "max": 0.0500621944666,
        "mean": 0.000580720836297,
        "min": 2.28384806178e-06,
        "stdev": 0.00248836237006
    },
    "spectral_energyband_middle_high": {
        "max": 0.05314347893,
        "mean": 0.00750226527452,
        "min": 9.85899823718e-05,
        "stdev": 0.00739490333945
    },
    "spectral_energyband_middle_low": {
        "max": 0.0838319957256,
        "mean": 0.00744340475649,
        "min": 0.000151914078742,
        "stdev": 0.0129202585667
    },
    "spectral_entropy": {
        "max": 8.46196556091,
        "mean": 7.78923845291,
        "min": 6.43182086945,
        "stdev": 0.348546952009
    },
    "spectral_flux": {
        "max": 0.216987475753,
        "mean": 0.0729859769344,
        "min": 0.0159440897405,
        "stdev": 0.0341134145856
    },
    "spectral_kurtosis": {
        "max": 12.7342090607,
        "mean": 3.22595024109,
        "min": -0.872908592224,
        "stdev": 1.63358557224
    },
    "spectral_rms": {
        "max": 0.00967389158905,
        "mean": 0.0035671107471,
        "min": 0.000498009670991,
        "stdev": 0.00170372251887
    },
    "spectral_rolloff": {
        "max": 8505.61523438,
        "mean": 2164.20361328,
        "min": 344.53125,
        "stdev": 1065.19360352
    },
    "spectral_skewness": {
        "max": 2.52270102501,
        "mean": 1.40625452995,
        "min": 0.158219784498,
        "stdev": 0.320358544588
    },
    "spectral_spread": {
        "max": 24145614,
        "mean": 3721860.25,
        "min": 2361333.25,
        "stdev": 1085349.625
    },
    "spectral_strongpeak": {
        "max": 7.72010183334,
        "mean": 1.0784112215,
        "min": 0.025726063177,
        "stdev": 0.851113915443
    },
    "zerocrossingrate": {
        "max": 0.28271484375,
        "mean": 0.0841965526342,
        "min": 0.00830078125,
        "stdev": 0.0311270616949
    },
    "barkbands": {
        "max": [0.00177397183143, 0.0352563783526, 0.0106274150312, 0.00927163287997, 0.0485406331718, 0.0667320489883, 0.0407532081008, 0.0328690707684, 0.0261394213885, 0.0284151248634, 0.00551883829758, 0.0104679847136, 0.00995133630931, 0.0107426978648, 0.00835977867246, 0.012524291873, 0.0128833251074, 0.00468202447519, 0.00232466612943, 0.00247117015533, 0.00155391206499, 0.00156082923058, 0.00320135196671, 0.00287591619417, 0.000723998295143, 9.20512684388e-06, 9.75141028903e-06],
        "mean": [1.63153235917e-05, 0.000317184341839, 0.000186108460184, 0.000197135668714, 0.00256138248369, 0.00126460602041, 0.000905662367586, 0.00165833567735, 0.000662116217427, 0.00127467419952, 0.000496172171552, 0.000644129118882, 0.000755251967348, 0.000975251838099, 0.00105895416345, 0.00102047598921, 0.000695046270266, 0.000387311301893, 0.000187883546459, 0.000188466641703, 0.00015705981059, 0.000139477284392, 0.000136704882607, 0.000101762525446, 3.0130144296e-05, 1.81757169315e-08, 1.85723632029e-08],
        "min": [1.03260608952e-08, 1.07769331237e-07, 1.29137760041e-07, 3.71583098513e-07, 4.41857218902e-06, 1.78096797754e-06, 5.39598704563e-06, 8.16486681288e-06, 1.26392296806e-05, 8.87787427928e-06, 9.43820907651e-07, 2.04990465136e-06, 3.77681021746e-06, 6.65920879328e-06, 6.76214403939e-06, 3.72613430955e-06, 2.67098926088e-06, 1.02098510979e-06, 2.38008738052e-06, 1.38584141496e-06, 1.46062507156e-06, 2.32115098697e-07, 7.06711915655e-08, 4.36612239696e-08, 6.27790015528e-08, 9.94019710293e-12, 1.20516461394e-11],
        "stdev": [8.36351755424e-05, 0.00165531341918, 0.000733210355975, 0.000684975355398, 0.00611000694335, 0.00463158870116, 0.00312738330103, 0.00407397001982, 0.00144009687938, 0.00259236316197, 0.000642073224299, 0.000875294965226, 0.00101519736927, 0.00130581739359, 0.00119762599934, 0.00142809248064, 0.00123518065084, 0.000532982987352, 0.000227263924899, 0.000249638484092, 0.000187493787962, 0.000159487230121, 0.000221072739805, 0.000187352488865, 5.23944436281e-05, 3.92308947994e-07, 4.15449335378e-07]
    },
    "erbbands": {
        "max": [1.16491889954, 7.32998418808, 10.8569421768, 25.6969680786, 65.5450439453, 262.813903809, 311.35446167, 753.451782227, 290.089019775, 1202.25109863, 867.364562988, 646.443603516, 334.442993164, 722.609863281, 204.722549438, 384.204864502, 422.8074646, 609.03894043, 638.280029297, 514.457763672, 699.345214844, 869.876464844, 312.236755371, 132.812515259, 140.030715942, 98.5284805298, 76.093460083, 69.3110275269, 61.7276725769, 54.848236084, 103.56930542, 77.9867630005, 36.6183662415, 16.7487468719, 0.988308429718, 0.0368770323694, 0.0170278847218, 0.00605283817276, 0.00139172165655, 0.000163115066243],
        "mean": [0.00848025735468, 0.0732949599624, 0.202417001128, 0.45387044549, 2.39723944664, 10.3904781342, 13.9198484421, 9.25406646729, 8.15723896027, 28.0249252319, 34.3111152649, 16.174123764, 25.5819149017, 40.4445648193, 20.777305603, 27.0156364441, 33.0646514893, 47.7066001892, 53.8777961731, 58.6653938293, 53.3441505432, 40.2640647888, 23.8141441345, 12.3073377609, 9.24025917053, 9.23162269592, 6.67723751068, 5.9488825798, 5.08707857132, 4.37212944031, 3.8872282505, 2.47387528419, 1.54324436188, 0.669657230377, 0.0315342284739, 0.00111137644853, 0.000130581713165, 3.00211249851e-05, 1.58539605764e-05, 2.14563860936e-05],
        "min": [7.03293790139e-06, 8.72896343935e-05, 0.000373961171135, 0.00124601670541, 0.00849801674485, 0.0190921518952, 0.0208515617996, 0.0224185883999, 0.0860160663724, 0.142766982317, 0.273626148701, 0.435099899769, 0.474958151579, 0.0776151120663, 0.0687930956483, 0.0901653468609, 0.197251573205, 0.247215554118, 0.370490312576, 0.281865924597, 0.232557922602, 0.187436252832, 0.0608305558562, 0.0947947204113, 0.103750787675, 0.0590298771858, 0.0637621954083, 0.0490680672228, 0.00641660112888, 0.00680042756721, 0.0018483347958, 0.000781137088779, 0.00104482250754, 0.00114481989294, 5.13504783157e-05, 1.85208841685e-06, 2.87347631911e-07, 8.24549317713e-08, 1.53170191197e-07, 3.11509722906e-07],
        "stdev": [0.0529706552625, 0.354130446911, 0.725384950638, 1.49965000153, 6.76181411743, 28.1190547943, 35.9733276367, 44.4976844788, 21.7460384369, 99.6985015869, 85.4823913574, 35.0743408203, 38.3177375793, 71.0975494385, 22.1307621002, 33.3132629395, 42.8027420044, 62.8832321167, 65.0013427734, 71.4715805054, 79.3152542114, 75.4089889526, 33.5451698303, 15.0660123825, 11.1320238113, 12.0820856094, 8.18179416656, 7.20515298843, 6.01946163177, 5.36401700974, 6.77186250687, 4.82349824905, 2.68623113632, 1.14193606377, 0.0593296326697, 0.00237877178006, 0.000738051545341, 0.000258524873061, 5.99362138018e-05, 2.0248693545e-05]
    },
    "gfcc": {
        "mean": [-38.4239959717, 81.1723709106, -195.383666992, 31.95570755, -88.8120117188, 23.5768356323, -47.3293647766, -4.27660703659, -5.69357538223, -18.6322250366, -0.566195428371, -19.8518543243, 8.94793224335],
        "cov": [[2057.72851562, -203.707046509, 74.2126693726, 0.288500845432, -93.5833511353, -121.259010315, -128.9480896, 42.8672599792, -42.150680542, -24.4311580658, -1.36354136467, -28.1901187897, -29.6089668274], [-203.707046509, 1446.23583984, 1124.97167969, 215.167831421, -14.4227323532, -232.235748291, -0.196720734239, -94.81690979, 97.4276428223, 3.5140709877, 149.161422729, -73.1797332764, 30.087594986], [74.2126693726, 1124.97167969, 1275.8026123, 307.105651855, -92.7043457031, -207.488708496, -56.7285804749, -29.3429355621, 64.3495254517, 35.240020752, 123.918647766, -54.5316467285, 5.99770689011], [0.288500845432, 215.167831421, 307.105651855, 255.614608765, 36.6296653748, -56.4974212646, -1.07938277721, 19.6096439362, 45.4464492798, 14.4320964813, 13.8623714447, -9.05235290527, -1.3789358139], [-93.5833511353, -14.4227323532, -92.7043457031, 36.6296653748, 120.965690613, 60.560256958, 33.6142501831, 13.7915906906, 21.8102226257, -7.92281579971, -18.3199615479, 3.83011770248, -2.77006006241], [-121.259010315, -232.235748291, -207.488708496, -56.4974212646, 60.560256958, 191.20664978, 83.3209075928, 36.7601509094, -25.3899650574, -4.41778087616, -28.4541778564, 15.0222139359, -17.400177002], [-128.9480896, -0.196720734239, -56.7285804749, -1.07938277721, 33.6142501831, 83.3209075928, 119.229804993, 36.9755744934, -8.40025997162, -2.77945446968, -0.398917555809, -0.702526211739, -4.86421203613], [42.8672599792, -94.81690979, -29.3429355621, 19.6096439362, 13.7915906906, 36.7601509094, 36.9755744934, 89.1594467163, 16.1558380127, -0.721564948559, -8.41159820557, 10.6205205917, 2.20666694641], [-42.150680542, 97.4276428223, 64.3495254517, 45.4464492798, 21.8102226257, -25.3899650574, -8.40025997162, 16.1558380127, 67.2984313965, 15.963552475, 6.65823507309, -4.09158229828, 0.912321329117], [-24.4311580658, 3.5140709877, 35.240020752, 14.4320964813, -7.92281579971, -4.41778087616, -2.77945446968, -0.721564948559, 15.963552475, 52.7088508606, 17.922416687, -6.44533967972, -6.57409858704], [-1.36354136467, 149.161422729, 123.918647766, 13.8623714447, -18.3199615479, -28.4541778564, -0.398917555809, -8.41159820557, 6.65823507309, 17.922416687, 62.373085022, 18.9810009003, 12.5929517746], [-28.1901187897, -73.1797332764, -54.5316467285, -9.05235290527, 3.83011770248, 15.0222139359, -0.702526211739, 10.6205205917, -4.09158229828, -6.44533967972, 18.9810009003, 56.2775993347, 25.3764286041], [-29.6089668274, 30.087594986, 5.99770689011, -1.3789358139, -2.77006006241, -17.400177002, -4.86421203613, 2.20666694641, 0.912321329117, -6.57409858704, 12.5929517746, 25.3764286041, 47.1416015625]],
        "icov": [[0.000654256320558, 0.000661287747789, -0.000460050214315, 0.000250021490501, -0.000408570311265, 0.00061318842927, 0.000373432325432, -0.000473019637866, 0.00020207487978, 0.00107455952093, -0.00135620613582, 0.00127148651518, 0.000141491487739], [0.000661287747789, 0.0112989777699, -0.00912281218916, 0.0054790484719, -0.00845699757338, 0.00621571205556, -0.00907668378204, 0.00936629902571, -0.00975647754967, 0.0111218057573, -0.0130545981228, 0.0118710268289, -0.00621596165001], [-0.000460050214315, -0.00912281218916, 0.00940647255629, -0.00683058379218, 0.00856899749488, -0.00546350842342, 0.00814229808748, -0.00754392286763, 0.00724703911692, -0.00727878231555, 0.00595314847305, -0.00590873882174, 0.00425231643021], [0.000250021490501, 0.0054790484719, -0.00683058379218, 0.0108235543594, -0.00873912125826, 0.00638368958607, -0.00613106973469, 0.00296801165678, -0.00510139390826, 0.00246170698665, -0.0016546609113, 0.0015650158748, -0.00104150699917], [-0.000408570311265, -0.00845699757338, 0.00856899749488, -0.00873912125826, 0.021512677893, -0.0104929842055, 0.00609284313396, -0.00407195650041, 9.69908141997e-05, -0.00382239581086, 0.00873777735978, -0.00674948748201, 0.00276970840059], [0.00061318842927, 0.00621571205556, -0.00546350842342, 0.00638368958607, -0.0104929842055, 0.0172064639628, -0.0115659320727, 0.002453900408, -0.000250156794209, 0.00173758366145, -0.00110632018186, -0.00109978357796, 0.00286070420407], [0.000373432325432, -0.00907668378204, 0.00814229808748, -0.00613106973469, 0.00609284313396, -0.0115659320727, 0.0239464268088, -0.0136648509651, 0.0106933275238, -0.00558774359524, 0.00188501481898, -0.00105295097455, 0.00308894296177], [-0.000473019637866, 0.00936629902571, -0.00754392286763, 0.00296801165678, -0.00407195650041, 0.002453900408, -0.0136648509651, 0.0254890900105, -0.0154203772545, 0.0090050958097, -0.00582258822396, 0.00456099258736, -0.00651062838733], [0.00020207487978, -0.00975647754967, 0.00724703911692, -0.00510139390826, 9.69908141997e-05, -0.000250156794209, 0.0106933275238, -0.0154203772545, 0.0326898619533, -0.0162402931601, 0.0106893228367, -0.00916517525911, 0.0062019652687], [0.00107455952093, 0.0111218057573, -0.00727878231555, 0.00246170698665, -0.00382239581086, 0.00173758366145, -0.00558774359524, 0.0090050958097, -0.0162402931601, 0.0381686203182, -0.0263841878623, 0.0204001795501, -0.00430309399962], [-0.00135620613582, -0.0130545981228, 0.00595314847305, -0.0016546609113, 0.00873777735978, -0.00110632018186, 0.00188501481898, -0.00582258822396, 0.0106893228367, -0.0263841878623, 0.052481174469, -0.0349520407617, 0.00815566349775], [0.00127148651518, 0.0118710268289, -0.00590873882174, 0.0015650158748, -0.00674948748201, -0.00109978357796, -0.00105295097455, 0.00456099258736, -0.00916517525911, 0.0204001795501, -0.0349520407617, 0.0519457496703, -0.0227085929364], [0.000141491487739, -0.00621596165001, 0.00425231643021, -0.00104150699917, 0.00276970840059, 0.00286070420407, 0.00308894296177, -0.00651062838733, 0.0062019652687, -0.00430309399962, 0.00815566349775, -0.0227085929364, 0.0358648300171]]
    },
    "melbands": {
        "max": [0.0104883713648, 0.00623081205413, 0.00474133389071, 0.0104503640905, 0.0112503040582, 0.0154256671667, 0.00431428011507, 0.0117639210075, 0.00612481450662, 0.00355693907477, 0.00217141862959, 0.00357653060928, 0.000729997234885, 0.00154985103291, 0.000675130228046, 0.000964778882917, 0.00134822656401, 0.00115259713493, 0.000560532498639, 0.000748388818465, 0.000858518353198, 0.000957441166975, 0.000440772186266, 0.00025452155387, 8.61639928189e-05, 0.000102091318695, 9.07743451535e-05, 6.38113269815e-05, 6.03470471106e-05, 5.20435387443e-05, 3.26996378135e-05, 3.88889966416e-05, 2.59478947555e-05, 3.06021211145e-05, 6.34642929072e-05, 5.13255217811e-05, 4.94035557494e-05, 3.24159773299e-05, 1.45842095662e-05, 1.44481909956e-05],
        "mean": [8.2751379523e-05, 0.000103409547592, 0.000125524675241, 0.000433196255472, 0.000523506198078, 0.000208419354749, 0.000142132863402, 0.000326188222971, 0.000245691335294, 9.3348637165e-05, 0.00013590414892, 0.000176172892679, 6.65937477606e-05, 7.51816987759e-05, 6.46663684165e-05, 7.8266057244e-05, 8.95755947568e-05, 8.64809990162e-05, 7.85656229709e-05, 7.35944704502e-05, 5.99254344706e-05, 4.31693006249e-05, 2.79046325886e-05, 1.71836818481e-05, 8.98608686839e-06, 6.84010137775e-06, 6.64319213683e-06, 5.84888857702e-06, 4.16287412008e-06, 3.83955239158e-06, 3.25465452988e-06, 2.89832655653e-06, 2.58688896793e-06, 2.35522657022e-06, 2.33780042436e-06, 1.84695340977e-06, 1.38685436468e-06, 1.13472083285e-06, 8.82713379724e-07, 4.41976709453e-07],
        "min": [3.76147823999e-08, 1.72873271254e-07, 4.41254968564e-07, 8.63869104251e-07, 7.57547695684e-07, 4.85411362661e-07, 1.42486180721e-06, 1.10501650852e-06, 2.67401856036e-06, 1.82488975042e-06, 2.31568424169e-06, 3.10612023213e-07, 1.70592684867e-07, 2.45309337288e-07, 2.60987036427e-07, 3.0930945627e-07, 4.55247345599e-07, 5.50995423509e-07, 4.25838294404e-07, 3.31694849365e-07, 1.70869981275e-07, 1.36211497193e-07, 6.2405824508e-08, 4.11362073294e-08, 7.80372246822e-08, 1.00547495663e-07, 4.80223967259e-08, 3.65608876507e-08, 3.60001912725e-08, 4.28942179553e-08, 1.84040942486e-08, 3.12354431209e-09, 3.33994920609e-09, 3.20144577515e-09, 1.23123500284e-09, 3.97396698881e-10, 5.28206811623e-10, 6.42559394581e-10, 1.30794730602e-09, 7.85013665183e-10],
        "stdev": [0.000480388931464, 0.000385078368708, 0.000387338805012, 0.00105050345883, 0.00129350542556, 0.000940362690017, 0.000385646650102, 0.00103434361517, 0.000609092938248, 0.000193764091819, 0.000224615752813, 0.000338138343068, 7.41917610867e-05, 0.000116662486107, 7.65125078033e-05, 0.000103707345261, 0.000127514154883, 0.000111496461614, 8.96697383723e-05, 9.26479551708e-05, 9.42248152569e-05, 8.22919027996e-05, 4.63522665086e-05, 2.41517191171e-05, 1.1387774066e-05, 8.68306324264e-06, 8.75691239344e-06, 7.92097853264e-06, 5.48656316823e-06, 4.91714808959e-06, 3.96104815081e-06, 3.56207942787e-06, 2.99660860037e-06, 3.03821821035e-06, 4.06415711041e-06, 3.49374181496e-06, 2.92646063826e-06, 2.131096835e-06, 1.42160911309e-06, 8.43888187774e-07]
    },
    "melbands128": {
        "max": [0.00131821038667, 0.00835306104273, 0.0168571770191, 0.0102035850286, 0.00557644013315, 0.00541539490223, 0.00542418379337, 0.00450410507619, 0.00837935786694, 0.00999064743519, 0.019094126299, 0.018203433603, 0.0134936254472, 0.0215093567967, 0.0150205353275, 0.0303754415363, 0.0074593317695, 0.00225575361401, 0.0109519893304, 0.0207771006972, 0.0111986594275, 0.0113706383854, 0.00768215348944, 0.00796645879745, 0.00639865733683, 0.000760635186452, 0.0021202925127, 0.00199518119916, 0.00592588167638, 0.00805755052716, 0.00161884923, 0.00126725400332, 0.00100341509096, 0.0006251410814, 0.0018871598877, 0.0028601239901, 0.00076581601752, 0.000408415973652, 0.00136598525569, 0.00114087178372, 0.00108976091724, 0.00185317406431, 0.0023153021466, 0.00164167676121, 0.00187482801266, 0.00176610518247, 0.00114309648052, 0.000866000598762, 0.000679426011629, 0.00145900913049, 0.000919983780477, 0.00136915012263, 0.00121641228907, 0.000927407236304, 0.00062072952278, 0.00135356537066, 0.00127450260334, 0.000371622212697, 0.000524759059772, 0.000310181145323, 0.000315301353112, 0.000202503986657, 0.000128006620798, 8.01432761364e-05, 0.000133413515869, 7.06717182766e-05, 0.000136856702738, 8.99642473087e-05, 0.000176287634531, 0.000120919532492, 7.73415304138e-05, 7.28691011318e-05, 0.000109456326754, 4.67878999189e-05, 5.33801103302e-05, 5.43187707081e-05, 7.78273388278e-05, 5.01784452354e-05, 2.85226542474e-05, 3.64920706488e-05, 4.37079652329e-05, 5.73126562813e-05, 3.32314230036e-05, 3.03834003716e-05, 2.88844730676e-05, 3.63339313481e-05, 3.29784306814e-05, 2.98826653307e-05, 7.53592030378e-05, 6.92065368639e-05, 7.59711183491e-05, 7.11704196874e-05, 3.07669251924e-05, 4.68287944386e-05, 6.5633932536e-05, 4.71464372822e-05, 2.33359060076e-05, 1.77312485903e-05, 1.56783517014e-05, 1.3373609363e-05, 2.33010487136e-05, 1.8274604372e-05, 1.06411846446e-06, 8.02521711307e-08, 7.62053815606e-08, 7.2556886721e-08, 6.92636561439e-08, 6.61786927481e-08, 6.33776693348e-08, 6.07548287235e-08, 5.83007881971e-08, 5.60257049642e-08, 5.39427915669e-08, 5.20330374343e-08, 5.0208882385e-08, 4.85654823024e-08, 4.70183216805e-08, 4.56082283051e-08, 4.43469474476e-08, 4.31817568369e-08, 4.21551646923e-08, 4.11982412629e-08, 4.04283575506e-08, 3.97094943594e-08, 3.90810974693e-08, 3.86317751122e-08, 3.83073519572e-08, 3.81015112794e-08],
        "mean": [1.30627022372e-05, 6.15541648585e-05, 0.000112137873657, 0.00012375539518, 0.000104851314973, 9.14787160582e-05, 7.09128071321e-05, 0.000118339485198, 0.000223407769226, 0.000353164301487, 0.000645107589662, 0.000718580791727, 0.000527274678461, 0.000246946583502, 0.000181745403097, 0.000233058439335, 0.000111232962809, 8.60678046593e-05, 0.000197848872631, 0.000398063566536, 0.000295974576147, 0.000393038586481, 0.00024669317645, 0.000101408164483, 9.49628738454e-05, 8.23895243229e-05, 0.000103833786852, 9.87630701275e-05, 0.000194652820937, 0.000269578653388, 0.000132374960231, 8.19626220618e-05, 6.10908900853e-05, 5.19572167832e-05, 7.54076900193e-05, 8.83569664438e-05, 6.60236255499e-05, 5.61036795261e-05, 7.10202584742e-05, 7.0018482802e-05, 8.02189315436e-05, 9.0941794042e-05, 8.90338124009e-05, 9.00693776202e-05, 8.52382872836e-05, 9.24772466533e-05, 7.86493546912e-05, 7.38979142625e-05, 7.74806176196e-05, 9.11436873139e-05, 6.86130078975e-05, 6.20194259682e-05, 6.94647314958e-05, 5.6730776123e-05, 4.32313318015e-05, 4.5120028517e-05, 4.131552123e-05, 2.91381547868e-05, 2.5802246455e-05, 1.83859028766e-05, 1.99895657715e-05, 1.2615308151e-05, 1.01876066765e-05, 7.9573601397e-06, 6.9267462095e-06, 7.21871174392e-06, 6.50339279673e-06, 5.86156693316e-06, 6.53972711007e-06, 8.1545804278e-06, 6.03504668106e-06, 4.69472797704e-06, 4.34029425378e-06, 4.12385452364e-06, 3.82978896596e-06, 3.809741429e-06, 3.99126383854e-06, 3.61599018106e-06, 3.08529024551e-06, 2.9672112305e-06, 2.8554727578e-06, 3.00181773127e-06, 2.73279988505e-06, 2.5061181077e-06, 2.5056508548e-06, 2.380926162e-06, 2.3080444862e-06, 2.28106546274e-06, 2.50837047133e-06, 2.22078006118e-06, 2.02913201974e-06, 1.75150887571e-06, 1.51614949573e-06, 1.3935956531e-06, 1.31022841288e-06, 1.21596406188e-06, 1.12909106065e-06, 9.60554757512e-07, 9.08860897653e-07, 8.38949347326e-07, 7.20117441233e-07, 4.27236727774e-07, 2.50574547778e-08, 4.58583726548e-10, 1.62567820317e-10, 2.20454432487e-10, 2.3381557801e-10, 1.4125463299e-10, 1.24704024884e-10, 1.18899945445e-10, 1.13960577086e-10, 1.09342979115e-10, 1.05505028325e-10, 1.01454233903e-10, 9.77465261509e-11, 9.43878863957e-11, 9.13656858503e-11, 8.75749403551e-11, 8.48271661247e-11, 8.24525725474e-11, 8.03254129877e-11, 7.83352341327e-11, 7.67165844739e-11, 7.51497059026e-11, 7.36140037816e-11, 7.23816215298e-11, 7.16093920272e-11, 7.12041953177e-11],
        "min": [7.25062543339e-09, 9.36866939583e-09, 1.22797896296e-08, 2.09030837084e-08, 9.44553164572e-08, 6.3779665993e-08, 5.54049464085e-08, 1.05971501796e-07, 1.56664469841e-07, 3.88289919329e-07, 1.36413348173e-07, 2.62264535422e-07, 2.21690442004e-07, 2.20195218503e-07, 4.04483131433e-07, 1.91750601175e-07, 3.04690502162e-07, 6.44661781735e-07, 6.44938268124e-07, 5.42788427538e-07, 4.66362507723e-07, 5.94936750531e-07, 1.27501914449e-06, 5.81145627621e-07, 1.39418816048e-07, 1.6895154431e-07, 3.86223035775e-07, 5.33782213097e-07, 6.1945172547e-07, 3.45412928482e-07, 4.14953120753e-08, 2.51398404316e-08, 1.4832995987e-07, 2.10164259329e-07, 2.25762903483e-07, 2.25149747735e-07, 2.8084386372e-07, 1.1188085125e-07, 9.18671005934e-08, 1.47041447462e-07, 1.3167377233e-07, 1.16132042649e-07, 1.40844960583e-07, 3.09432621748e-08, 3.92334868593e-07, 2.89218291982e-07, 1.66730004025e-07, 9.44462641428e-08, 2.60256172169e-07, 1.40901036616e-07, 1.08752985284e-07, 1.4117460978e-07, 8.68528573506e-08, 1.73551271132e-07, 7.64435981182e-08, 3.33842997691e-08, 5.25819885411e-08, 2.9136671742e-08, 6.48580780194e-08, 4.70125307572e-08, 3.51319506819e-08, 2.84126659977e-08, 4.59353266535e-08, 7.4608536238e-08, 8.29086985732e-08, 5.89928923489e-08, 4.46031371837e-08, 5.62787647596e-08, 3.59488581125e-08, 5.37031787928e-08, 1.80059291921e-08, 3.61076999411e-08, 3.21620845511e-08, 1.80809855976e-08, 1.41999958458e-08, 3.59736134214e-08, 1.33961250981e-08, 5.99310467919e-09, 4.61591831424e-09, 1.11343760878e-08, 2.42741649004e-09, 1.04814767976e-09, 4.21381457505e-10, 1.65477975766e-09, 9.09833630658e-09, 3.71739528049e-09, 1.17603238259e-09, 1.66839031479e-09, 1.73280745308e-09, 3.86681048292e-10, 4.50799286789e-10, 4.18692774895e-10, 2.46612702481e-10, 3.36609989882e-10, 6.89771850748e-10, 1.34497368798e-09, 3.7175187928e-10, 1.08873368654e-10, 1.34676303443e-09, 2.06929828828e-09, 1.2209731004e-09, 3.56665641466e-10, 1.52796557958e-12, 2.33276451541e-13, 5.56383959087e-14, 4.63270372585e-14, 3.83046391372e-14, 4.55469504072e-14, 3.73155045546e-14, 3.61206459979e-14, 4.47262330796e-14, 4.7280074685e-14, 5.24092759208e-14, 4.85496923696e-14, 4.25658924883e-14, 4.06953489733e-14, 3.90475615709e-14, 4.08115381767e-14, 4.40008442279e-14, 3.74849789067e-14, 4.10583263081e-14, 4.46733816118e-14, 4.49833617892e-14, 4.02344546297e-14, 3.26449818241e-14, 1.1357743664e-14, 2.00770652477e-15, 9.9429253681e-17],
        "stdev": [6.36885306449e-05, 0.000383789010812, 0.000760932220146, 0.000527941854671, 0.000364268140402, 0.000385170074878, 0.000291273754556, 0.000444854551461, 0.000809523102362, 0.000904033426195, 0.00197329628281, 0.00213521718979, 0.00153717817739, 0.00117889244575, 0.00102440989576, 0.00156506092753, 0.000454810622614, 0.000206460914342, 0.000756613677368, 0.00173639552668, 0.00103047140874, 0.00114115059841, 0.000720913580153, 0.000415745686041, 0.000321809959132, 0.000117279305414, 0.000183283860679, 0.000184867953067, 0.00053543417016, 0.000730506435502, 0.000214247236727, 0.000127302730107, 8.47964183777e-05, 7.14759298717e-05, 0.000145669124322, 0.000177342866664, 8.47281553433e-05, 7.15363566997e-05, 0.000118124691653, 0.000113846464956, 0.000123588935821, 0.000145627433085, 0.000164983808645, 0.000164789627888, 0.000155756395543, 0.000138001618325, 0.000115405324323, 0.000103665486677, 0.000104670107248, 0.000168698985362, 9.94770307443e-05, 0.000115090922918, 0.000126576516777, 0.000101848512713, 7.08175793989e-05, 0.000102241145214, 0.000101731318864, 4.65634475404e-05, 4.74835724162e-05, 2.86946797132e-05, 3.35084332619e-05, 1.94368221855e-05, 1.58262464538e-05, 1.09555476229e-05, 1.06622028397e-05, 1.02642788988e-05, 1.00650495369e-05, 8.44360602059e-06, 1.15340235425e-05, 1.43914612636e-05, 8.55507460074e-06, 7.17385955795e-06, 7.41625171941e-06, 5.35737126484e-06, 5.36915740668e-06, 5.14391604156e-06, 6.1774239839e-06, 5.06543619849e-06, 4.15586555391e-06, 3.86830606658e-06, 3.66540621144e-06, 4.58795466329e-06, 3.43921010426e-06, 3.19377068081e-06, 3.25856262862e-06, 3.17218632517e-06, 3.47226819031e-06, 3.18667525789e-06, 5.03998035128e-06, 4.24461177317e-06, 4.3467116484e-06, 3.82516600439e-06, 2.6479576718e-06, 3.0963374229e-06, 3.5420328004e-06, 2.6320312827e-06, 2.02448154596e-06, 1.68062206285e-06, 1.55064390128e-06, 1.42044098084e-06, 1.39597477755e-06, 1.01028820154e-06, 6.46501447932e-08, 3.51819906541e-09, 3.25118287847e-09, 3.1090214847e-09, 2.96947688661e-09, 2.82087442294e-09, 2.70126809809e-09, 2.58944710119e-09, 2.48481790699e-09, 2.38777553285e-09, 2.29898478032e-09, 2.21753859719e-09, 2.13970841045e-09, 2.06964356764e-09, 2.00366523373e-09, 1.94339055959e-09, 1.88956383873e-09, 1.83984982804e-09, 1.79604164874e-09, 1.7552092002e-09, 1.72235903317e-09, 1.69168001829e-09, 1.66484970254e-09, 1.64568536576e-09, 1.63186786306e-09, 1.62310009877e-09]
    },
    "mfcc": {
        "mean": [-639.296569824, 81.8827590942, -36.5423660278, -11.828332901, -7.59546947479, -0.0920350030065, -15.451956749, -1.449696064, -2.37006735802, 1.30988693237, -7.26961994171, -3.63686752319, -4.70379686356],
        "cov": [[2108.42504883, -501.897094727, -269.123413086, -96.7940979004, -17.2309093475, -136.346298218, -42.5833473206, -1.07998788357, -28.4112548828, -31.2525653839, -9.08436203003, -19.3490657806, -57.4612007141], [-501.897094727, 1219.57397461, 909.464538574, 355.305206299, 93.9922561646, -41.7735137939, -31.2984580994, -95.2644805908, -117.458244324, 70.6314544678, 24.5640964508, -29.6576423645, 40.0341758728], [-269.123413086, 909.464538574, 1175.85449219, 457.941650391, 104.307548523, -86.7226257324, -40.9809265137, -100.751907349, -124.816696167, 79.2220535278, 32.8111610413, -20.9132156372, 43.0676383972], [-96.7940979004, 355.305206299, 457.941650391, 375.666229248, 89.51537323, -44.4322357178, -48.8169746399, -42.9346466064, -26.8208961487, 42.0125541687, -0.736814379692, 8.27791309357, 29.3689346313], [-17.2309093475, 93.9922561646, 104.307548523, 89.51537323, 110.165588379, 10.0899496078, -29.9936389923, 3.90889906883, 7.0222029686, 5.84917068481, -8.42570590973, 19.1255092621, 16.7603034973], [-136.346298218, -41.7735137939, -86.7226257324, -44.4322357178, 10.0899496078, 112.396614075, 51.2449607849, 26.187204361, 25.6439437866, -0.364378750324, 10.6325559616, 13.8133764267, -0.0806005895138], [-42.5833473206, -31.2984580994, -40.9809265137, -48.8169746399, -29.9936389923, 51.2449607849, 113.911567688, 54.1906280518, 20.7527294159, 13.4844560623, 16.9663486481, -3.26224350929, -12.4271469116], [-1.07998788357, -95.2644805908, -100.751907349, -42.9346466064, 3.90889906883, 26.187204361, 54.1906280518, 103.889457703, 46.989944458, -1.38495779037, 1.53073620796, 6.00176143646, -5.02942037582], [-28.4112548828, -117.458244324, -124.816696167, -26.8208961487, 7.0222029686, 25.6439437866, 20.7527294159, 46.989944458, 79.344291687, 15.463104248, 1.85963380337, 11.0397396088, -4.40974855423], [-31.2525653839, 70.6314544678, 79.2220535278, 42.0125541687, 5.84917068481, -0.364378750324, 13.4844560623, -1.38495779037, 15.463104248, 59.5410804749, 22.4629116058, -1.90480744839, -3.4757540226], [-9.08436203003, 24.5640964508, 32.8111610413, -0.736814379692, -8.42570590973, 10.6325559616, 16.9663486481, 1.53073620796, 1.85963380337, 22.4629116058, 56.8356399536, 11.717502594, -4.40061807632], [-19.3490657806, -29.6576423645, -20.9132156372, 8.27791309357, 19.1255092621, 13.8133764267, -3.26224350929, 6.00176143646, 11.0397396088, -1.90480744839, 11.717502594, 46.3492431641, 17.0701274872], [-57.4612007141, 40.0341758728, 43.0676383972, 29.3689346313, 16.7603034973, -0.0806005895138, -12.4271469116, -5.02942037582, -4.40974855423, -3.4757540226, -4.40061807632, 17.0701274872, 42.2016868591]],
        "icov": [[0.000643636332825, 0.000357004784746, 5.10114259669e-05, -1.18426714835e-05, -0.000571332755499, 0.000962209305726, -0.000237741260207, 3.88036733057e-06, 0.000674474984407, -7.17654183973e-05, -0.000241898975219, 0.000113460118882, 0.000646525528282], [0.000357004784746, 0.00228252168745, -0.00134747347329, -4.25070466008e-05, -0.000802704307716, -0.000148157589138, -9.41611360759e-05, 0.000153517568833, 0.00141534372233, -0.000874504330568, -0.000192210456589, 0.00117537274491, -0.000385016464861], [5.10114259669e-05, -0.00134747347329, 0.00331736309454, -0.00219643115997, -0.000893318094313, 0.00129053520504, -0.00121867505368, 0.00025351595832, 0.00237875897437, -0.00100313185249, -0.00131041649729, 0.000943873776123, -0.000833068450447], [-1.18426714835e-05, -4.25070466008e-05, -0.00219643115997, 0.00635680463165, -0.00231068534777, 0.00086954026483, 0.000766788667534, 0.000645680644084, -0.00156859355047, -0.00171407102607, 0.00159526756033, -0.00140784308314, -0.000505300471559], [-0.000571332755499, -0.000802704307716, -0.000893318094313, -0.00231068534777, 0.0162919033319, -0.00545500731096, 0.00673989579082, -0.00436437083408, -0.00159739446826, -0.000998709117994, 0.00381770543754, -0.00535236811265, -0.000198982859729], [0.000962209305726, -0.000148157589138, 0.00129053520504, 0.00086954026483, -0.00545500731096, 0.0158903971314, -0.00857607740909, 0.00325552024879, -0.00208388711326, 0.00238856347278, -0.00238288124092, -0.00156065891497, -5.0329741498e-05], [-0.000237741260207, -9.41611360759e-05, -0.00121867505368, 0.000766788667534, 0.00673989579082, -0.00857607740909, 0.0194416623563, -0.0101569332182, 0.00220462330617, -0.00459750229493, -0.000361086276826, 0.00024881833815, 0.0020105142612], [3.88036733057e-06, 0.000153517568833, 0.00025351595832, 0.000645680644084, -0.00436437083408, 0.00325552024879, -0.0101569332182, 0.0193110127002, -0.00970766041428, 0.00503823673353, -0.000832658202853, 0.000731361447833, -0.000780478294473], [0.000674474984407, 0.00141534372233, 0.00237875897437, -0.00156859355047, -0.00159739446826, -0.00208388711326, 0.00220462330617, -0.00970766041428, 0.0268731098622, -0.0118331657723, 0.0023644764442, -0.00283741322346, 0.00159015413374], [-7.17654183973e-05, -0.000874504330568, -0.00100313185249, -0.00171407102607, -0.000998709117994, 0.00238856347278, -0.00459750229493, 0.00503823673353, -0.0118331657723, 0.028719028458, -0.0101918475702, 0.00421026814729, 0.000959317199886], [-0.000241898975219, -0.000192210456589, -0.00131041649729, 0.00159526756033, 0.00381770543754, -0.00238288124092, -0.000361086276826, -0.000832658202853, 0.0023644764442, -0.0101918475702, 0.0262500792742, -0.0113802030683, 0.005101878196], [0.000113460118882, 0.00117537274491, 0.000943873776123, -0.00140784308314, -0.00535236811265, -0.00156065891497, 0.00024881833815, 0.000731361447833, -0.00283741322346, 0.00421026814729, -0.0113802030683, 0.0344287268817, -0.0137233426794], [0.000646525528282, -0.000385016464861, -0.000833068450447, -0.000505300471559, -0.000198982859729, -5.0329741498e-05, 0.0020105142612, -0.000780478294473, 0.00159015413374, 0.000959317199886, 0.005101878196, -0.0137233426794, 0.0330491550267]]
    },
    "spectral_contrast_coeffs": {
        "max": [-0.340896517038, -0.519099533558, -0.500904858112, -0.616484999657, -0.690299749374, -0.643387615681],
        "mean": [-0.696565210819, -0.792992770672, -0.79433453083, -0.804771900177, -0.80262440443, -0.743402123451],
        "min": [-0.873628556728, -0.925720453262, -0.913789570332, -0.90031504631, -0.88507014513, -0.918867588043],
        "stdev": [0.0934770032763, 0.0818295329809, 0.0597396492958, 0.046652123332, 0.0316252633929, 0.0291128773242]
    },
    "spectral_contrast_valleys": {
        "max": [-4.84120702744, -5.4671216011, -5.59654092789, -5.07461166382, -5.40230083466, -8.1525478363],
        "mean": [-8.13423919678, -6.76395368576, -6.87720632553, -6.832862854, -7.2915725708, -10.1214857101],
        "min": [-10.0979728699, -8.10087394714, -9.18245601654, -9.11340713501, -9.19043731689, -13.1327533722],
        "stdev": [0.925809502602, 0.505014002323, 0.628409862518, 0.763757824898, 0.659038484097, 0.71949672699]
    }
},
"rhythm": {
    "beats_count": 34,
    "beats_loudness": {
        "max": 0.0553075410426,
        "mean": 0.0154261924326,
        "min": 0.00120695889927,
        "stdev": 0.0129629969597
    },
    "bpm": 172.265609741,
    "bpm_histogram_first_peak_bpm": 172,
    "bpm_histogram_first_peak_weight": 0,
    "bpm_histogram_second_peak_bpm": 157,
    "bpm_histogram_second_peak_spread": 0.266666650772,
    "bpm_histogram_second_peak_weight": 0.333333343267,
    "danceability": 1.04326546192,
    "onset_rate": 3.4484474659,
    "beats_loudness_band_ratio": {
        "max": [0.537278413773, 0.718738436699, 0.443493813276, 0.491047233343, 0.580270588398, 0.167723044753],
        "mean": [0.0551455952227, 0.145066305995, 0.149352282286, 0.280267000198, 0.325611203909, 0.0761048048735],
        "min": [0.00143227726221, 0.0072852098383, 0.0295389145613, 0.0113742314279, 0.0147606888786, 0.00686956522986],
        "stdev": [0.10587400198, 0.199601635337, 0.0886873453856, 0.131826505065, 0.189047500491, 0.04759163782]
    },
    "beats_position": [0.336689323187, 0.684988677502, 1.02167797089, 1.369977355, 1.71827661991, 2.06657600403, 2.41487526894, 2.77478456497, 3.13469386101, 3.48299312592, 3.83129239082, 4.17959165573, 4.52789115906, 4.87619018555, 5.22448968887, 5.5727891922, 5.93269824982, 6.31582736969, 6.68734693527, 7.05886602402, 7.41877555847, 7.80190467834, 8.17342376709, 8.55655288696, 8.93968200684, 9.32281208038, 9.70594120026, 10.0890703201, 10.47219944, 10.8553285599, 11.2384576797, 11.6099767685, 12.0047159195, 12.387845993],
