{
"metadata": {
    "version": {
        "essentia": "2.1-beta5",
        "essentia_git_sha": "Undefined",
        "extractor": "music 2.0"
    },
    "audio_properties": {
        "analysis": {
            "equal_loudness": 0,
            "length": 52.2448997498,
            "sample_rate": 44100,
            "start_time": 126.490699768,
            "downmix": "mix"
        },
        "bit_rate": 192000,
        "length": 203.337142944,
        "lossless": 0,
        "number_channels": 2,
        "replay_gain": -8.97822570801,
        "sample_rate": 44100,
        "codec": "mp3",
        "md5_encoded": "abb0afa4f79f1775adf14e418a4a3771"
    },
    "tags": {
        "file_name": "Malta_Believe _n Peace_Times 3.mp3",
        "encoding": ["Lavf58.29.100"]
    }
},
"lowlevel": {
    "average_loudness": 0.972453892231,
    "barkbands_crest": {
        "max": 24.5817623138,
        "mean": 9.03679466248,
        "min": 2.54810667038,
        "stdev": 3.89347863197
    },
    "barkbands_flatness_db": {
        "max": 0.270473361015,
        "mean": 0.112559325993,
        "min": 0.0332152321935,
        "stdev": 0.028927853331
    },
    "barkbands_kurtosis": {
        "max": 56.4907569885,
        "mean": 0.808617353439,
        "min": -1.81789112091,
        "stdev": 4.18659114838
    },
    "barkbands_skewness": {
        "max": 6.96181964874,
        "mean": 0.898464679718,
        "min": -1.67667496204,
        "stdev": 0.921787261963
    },
    "barkbands_spread": {
        "max": 103.247360229,
        "mean": 34.8776855469,
        "min": 3.33852314949,
        "stdev": 12.2399559021
    },
    "dissonance": {
        "max": 0.499999165535,
        "mean": 0.475216478109,
        "min": 0.353116989136,
        "stdev": 0.0160376187414
    },
    "dynamic_complexity": 2.30155849457,
    "erbbands_crest": {
        "max": 27.3478279114,
        "mean": 8.69486522675,
        "min": 2.66816234589,
        "stdev": 3.63392543793
    },
    "erbbands_flatness_db": {
        "max": 0.241665169597,
        "mean": 0.143845126033,
        "min": 0.0657585561275,
        "stdev": 0.0315044894814
    },
    "erbbands_kurtosis": {
        "max": 11.1896247864,
        "mean": 0.00406442396343,
        "min": -1.59443950653,
        "stdev": 1.14188802242
    },
    "erbbands_skewness": {
        "max": 2.2986638546,
        "mean": -0.0481808036566,
        "min": -2.41727399826,
        "stdev": 0.60547888279
    },
    "erbbands_spread": {
        "max": 115.268699646,
        "mean": 37.9887580872,
        "min": 9.64998817444,
        "stdev": 15.2941789627
    },
    "hfc": {
        "max": 90.3868713379,
        "mean": 28.2194099426,
        "min": 0.728279173374,
        "stdev": 17.837594986
    },
    "loudness_ebu128": {
        "integrated": -15.0411643982,
        "loudness_range": 3.53645038605,
        "momentary": {
            "max": -12.334104538,
            "mean": -15.4365196228,
            "min": -22.0426082611,
            "stdev": 2.03141093254
        },
        "short_term": {
            "max": -13.678817749,
            "mean": -15.2317686081,
            "min": -19.5159358978,
            "stdev": 1.32828116417
        }
    },
    "melbands_crest": {
        "max": 34.3192214966,
        "mean": 15.3798828125,
        "min": 3.96353912354,
        "stdev": 6.02717494965
    },
    "melbands_flatness_db": {
        "max": 0.3537748456,
        "mean": 0.148576408625,
        "min": 0.0380825996399,
        "stdev": 0.0425718054175
    },
    "melbands_kurtosis": {
        "max": 166.076293945,
        "mean": 7.09779834747,
        "min": -1.52780890465,
        "stdev": 13.432299614
    },
    "melbands_skewness": {
        "max": 10.5884542465,
        "mean": 2.05245184898,
        "min": -0.588914334774,
        "stdev": 1.38220930099
    },
    "melbands_spread": {
        "max": 143.837432861,
        "mean": 38.6701049805,
        "min": 2.00131559372,
        "stdev": 17.4126148224
    },
    "pitch_salience": {
        "max": 0.815930426121,
        "mean": 0.509071230888,
        "min": 0.131951630116,
        "stdev": 0.103639729321
    },
    "silence_rate_20dB": {
        "max": 1,
        "mean": 1,
        "min": 1,
        "stdev": 0
    },
    "silence_rate_30dB": {
        "max": 1,
        "mean": 1,
        "min": 1,
        "stdev": 0
    },
    "silence_rate_60dB": {
        "max": 1,
        "mean": 0.0164371393621,
        "min": 0,
        "stdev": 0.127151414752
    },
    "spectral_centroid": {
        "max": 3310.0078125,
        "mean": 2028.52844238,
        "min": 403.16998291,
        "stdev": 478.027862549
    },
    "spectral_complexity": {
        "max": 45,
        "mean": 22.1279430389,
        "min": 2,
        "stdev": 7.97217607498
    },
    "spectral_decrease": {
        "max": -3.42332745484e-10,
        "mean": -6.1673093299e-09,
        "min": -2.01411101131e-08,
        "stdev": 3.84946474696e-09
    },
    "spectral_energy": {
        "max": 0.0814349129796,
        "mean": 0.0258364472538,
        "min": 0.00138496223371,
        "stdev": 0.0156702343374
    },
    "spectral_energyband_high": {
        "max": 0.0102131664753,
        "mean": 0.00142082502134,
        "min": 1.78218724614e-05,
        "stdev": 0.00117208610754
    },
    "spectral_energyband_low": {
        "max": 0.0428415685892,
        "mean": 0.00930015556514,
        "min": 4.06172730436e-05,
        "stdev": 0.00911029521376
    },
    "spectral_energyband_middle_high": {
        "max": 0.0585760250688,
        "mean": 0.00885578524321,
        "min": 0.00011920153338,
        "stdev": 0.00723231490701
    },
    "spectral_energyband_middle_low": {
        "max": 0.0503834150732,
        "mean": 0.00683483760804,
        "min": 0.000427407911047,
        "stdev": 0.00682669645175
    },
    "spectral_entropy": {
        "max": 8.77254486084,
        "mean": 7.79145050049,
        "min": 7.0510597229,
        "stdev": 0.234014779329
    },
    "spectral_flux": {
        "max": 0.25495621562,
        "mean": 0.0995317101479,
        "min": 0.0168014746159,
        "stdev": 0.0469257496297
    },
    "spectral_kurtosis": {
        "max": 8.67845916748,
        "mean": 3.16518306732,
        "min": -0.750086784363,
        "stdev": 1.25301635265
    },
    "spectral_rms": {
        "max": 0.00891339965165,
        "mean": 0.00476844189689,
        "min": 0.00116240384523,
        "stdev": 0.00157107575797
    },
    "spectral_rolloff": {
        "max": 11670.9960938,
        "mean": 2235.85571289,
        "min": 86.1328125,
        "stdev": 1473.04821777
    },
    "spectral_skewness": {
        "max": 2.08388185501,
        "mean": 1.35571813583,
        "min": 0.510593652725,
        "stdev": 0.197826862335
    },
    "spectral_spread": {
        "max": 16754110,
        "mean": 5126865,
        "min": 2641632.5,
        "stdev": 1429653
    },
    "spectral_strongpeak": {
        "max": 8.76378822327,
        "mean": 0.78966653347,
        "min": 0,
        "stdev": 1.17964982986
    },
    "zerocrossingrate": {
        "max": 0.35302734375,
        "mean": 0.0815594568849,
        "min": 0.00634765625,
        "stdev": 0.0323726013303
    },
    "barkbands": {
        "max": [0.00618084101006, 0.0389894247055, 0.0293125379831, 0.0216209851205, 0.0357713326812, 0.0138968974352, 0.016271520406, 0.0170631762594, 0.0130088385195, 0.0320406556129, 0.0232845582068, 0.0285603199154, 0.0128028653562, 0.0128539465368, 0.0218175724149, 0.0103231705725, 0.0122321816161, 0.00879116170108, 0.00443000020459, 0.00474138045684, 0.00383556168526, 0.00303875864483, 0.00368285248987, 0.00372673757374, 0.00357606448233, 0.00138707831502, 2.72621746262e-05],
        "mean": [0.000789632380474, 0.0065090036951, 0.00156918552238, 0.000915630196687, 0.00171653216239, 0.00081212783698, 0.00174098939169, 0.000784264644608, 0.000659769226331, 0.00199820031412, 0.000633442716207, 0.000687653489877, 0.000805560208391, 0.000365359475836, 0.00099713599775, 0.000873102049809, 0.000899839506019, 0.00082621735055, 0.000665952102281, 0.000554214697331, 0.000361503975, 0.000115607654152, 0.000149990373757, 0.00018845606246, 0.000171012303326, 4.58984759462e-05, 1.6952947135e-07],
        "min": [3.50235438873e-07, 1.28704450617e-05, 1.93351729649e-06, 1.62150104188e-06, 3.06818728859e-05, 1.45330204759e-05, 2.32809816225e-06, 2.31127523875e-06, 4.12847202824e-06, 4.1485031943e-06, 1.15953150726e-06, 2.44243665293e-06, 1.31767978928e-06, 2.41588350036e-06, 7.3533478826e-06, 3.46541082763e-06, 9.04582884687e-06, 4.22949142376e-06, 6.49830144539e-06, 3.84672193832e-06, 7.11404209142e-06, 5.46917090105e-06, 1.99283863367e-06, 1.28176225189e-06, 5.8045645801e-07, 4.58615510013e-08, 1.74404553299e-11],
        "stdev": [0.000999063136987, 0.00698238378391, 0.00409880978987, 0.00270888814703, 0.00369513267651, 0.000939683173783, 0.00225276709534, 0.00130177487154, 0.000885159766767, 0.00292079546489, 0.00136338279117, 0.00198723911308, 0.0017693041591, 0.00086422637105, 0.00172732770443, 0.00125473644584, 0.00131285761017, 0.00105922343209, 0.000673578237183, 0.000581859028898, 0.000380301033147, 0.000134316025651, 0.00017971797206, 0.000242113092099, 0.000304745190078, 0.000114382579341, 1.34130561946e-06]
    },
    "erbbands": {
        "max": [1.36395645142, 8.79814720154, 27.5023822784, 56.2455368042, 100.689422607, 129.256271362, 75.3467712402, 135.459136963, 213.151794434, 592.370361328, 327.157226562, 285.862792969, 687.735595703, 1895.73376465, 757.40802002, 1465.98034668, 677.077758789, 757.611877441, 753.820007324, 1084.82897949, 785.322998047, 752.887756348, 497.657745361, 278.239593506, 254.665130615, 271.558898926, 225.339874268, 57.3773193359, 100.804855347, 125.791870117, 95.8731307983, 70.3181991577, 82.8983688354, 38.0663719177, 31.9231300354, 10.3300561905, 1.86535835266, 0.21802008152, 0.00444273557514, 0.000236114879954],
        "mean": [0.259212166071, 1.16347897053, 1.91527938843, 2.64087915421, 4.70846748352, 5.37902784348, 6.34171104431, 6.35960197449, 23.2451515198, 18.2181434631, 20.1450481415, 17.2984218597, 26.1114997864, 78.8085708618, 21.2646980286, 29.8335952759, 40.7333335876, 23.2430553436, 48.3422889709, 31.06133461, 57.3439254761, 52.1409988403, 46.7225952148, 34.5511169434, 32.2271881104, 31.1661376953, 22.9393367767, 7.56637430191, 4.09173774719, 3.46062016487, 4.76374292374, 3.9233379364, 3.136064291, 2.02688789368, 1.13939750195, 0.32195225358, 0.0669858306646, 0.00472381198779, 0.000124079626403, 4.02709192713e-05],
        "min": [0.000302335654851, 0.00164966355078, 0.00715318042785, 0.0309761855751, 0.0493477657437, 0.0967037528753, 0.0682206824422, 0.110760837793, 0.159764662385, 0.0707129910588, 0.1346116364, 0.259329974651, 0.191598057747, 0.355396986008, 0.193337529898, 0.160230994225, 0.128540813923, 0.208631128073, 0.504285633564, 0.229759812355, 0.168786674738, 0.352902173996, 0.312533289194, 0.237186223269, 0.38797467947, 0.182173788548, 0.318716555834, 0.198226898909, 0.204085201025, 0.0843486711383, 0.0611620098352, 0.032993812114, 0.0170669462532, 0.00916634686291, 0.00305066630244, 0.00060732383281, 2.22656053666e-05, 1.09437178253e-06, 1.2028394849e-06, 1.74661624897e-06],
        "stdev": [0.21683627367, 1.72845745087, 4.37251424789, 7.26219320297, 11.8113937378, 12.0030384064, 7.47754001617, 8.49901771545, 29.385175705, 29.915719986, 30.5915241241, 21.0700931549, 43.0711555481, 118.199935913, 46.622543335, 78.7203826904, 88.7621231079, 46.920337677, 74.444694519, 58.074798584, 81.3639297485, 73.9328765869, 59.2175941467, 37.9183807373, 32.5011444092, 33.0248336792, 24.3717880249, 6.71617937088, 4.38641405106, 5.5382976532, 5.36725473404, 4.47534132004, 4.66053962708, 3.38670301437, 2.28379559517, 0.783488512039, 0.15426646173, 0.0142965633422, 0.0002995422401, 2.61396089627e-05]
    },
    "gfcc": {
        "mean": [31.0958042145, 69.3853225708, -127.963485718, 43.8271522522, -60.7866439819, 21.3695316315, -39.4028587341, 29.4420948029, -24.171749115, 8.80882930756, -12.1771583557, 2.68558502197, -1.14907801151],
        "cov": [[1870.20776367, -272.679016113, -85.7340316772, -34.1253890991, 101.431816101, 36.1837272644, -11.4544410706, 93.7737197876, -29.3849163055, 87.4929428101, 68.0889663696, -15.1182947159, -63.2182693481], [-272.679016113, 388.314971924, -69.0681762695, 102.971237183, 62.1256866455, 18.3841362, 86.4795837402, -33.8771591187, 42.2015380859, -30.0708198547, 34.4480476379, -38.7993354797, 40.328338623], [-85.7340316772, -69.0681762695, 463.926818848, 77.1041412354, 5.34321641922, 50.1345367432, -65.1733093262, -20.7747592926, 3.01786017418, 3.10946130753, -62.6009712219, 48.6200523376, -39.4154090881], [-34.1253890991, 102.971237183, 77.1041412354, 291.567871094, 95.7853622437, -42.7293701172, 8.82489109039, 59.1827697754, 80.9501800537, -25.4981002808, 15.1159410477, 9.69126796722, 54.312297821], [101.431816101, 62.1256866455, 5.34321641922, 95.7853622437, 150.201782227, 53.7478981018, 58.6796035767, 33.7803039551, 13.9382610321, 2.40230727196, 15.28465271, -5.76215553284, 8.50302505493], [36.1837272644, 18.3841362, 50.1345367432, -42.7293701172, 53.7478981018, 184.589996338, 87.5475997925, -36.1367034912, -20.3514137268, 20.8341064453, 26.2451953888, -5.74272680283, -24.1774101257], [-11.4544410706, 86.4795837402, -65.1733093262, 8.82489109039, 58.6796035767, 87.5475997925, 157.799606323, 29.4695663452, 1.96074831486, 8.38699531555, 34.4648971558, -7.60502243042, 6.13621330261], [93.7737197876, -33.8771591187, -20.7747592926, 59.1827697754, 33.7803039551, -36.1367034912, 29.4695663452, 143.483352661, 69.5158843994, 7.30462837219, 14.1493225098, 9.29742145538, 33.2060699463], [-29.3849163055, 42.2015380859, 3.01786017418, 80.9501800537, 13.9382610321, -20.3514137268, 1.96074831486, 69.5158843994, 140.203048706, 39.7722206116, 21.5738239288, 12.0266914368, 29.6256256104], [87.4929428101, -30.0708198547, 3.10946130753, -25.4981002808, 2.40230727196, 20.8341064453, 8.38699531555, 7.30462837219, 39.7722206116, 89.8938140869, 47.9446907043, 6.30400133133, -14.7904758453], [68.0889663696, 34.4480476379, -62.6009712219, 15.1159410477, 15.28465271, 26.2451953888, 34.4648971558, 14.1493225098, 21.5738239288, 47.9446907043, 104.614509583, 15.4369878769, 12.7953939438], [-15.1182947159, -38.7993354797, 48.6200523376, 9.69126796722, -5.76215553284, -5.74272680283, -7.60502243042, 9.29742145538, 12.0266914368, 6.30400133133, 15.4369878769, 69.2507019043, 24.0158786774], [-63.2182693481, 40.328338623, -39.4154090881, 54.312297821, 8.50302505493, -24.1774101257, 6.13621330261, 33.2060699463, 29.6256256104, -14.7904758453, 12.7953939438, 24.0158786774, 84.512840271]],
        "icov": [[0.000744303048123, 0.000462691299617, 0.000284538284177, -0.000141944590723, -0.000604962231591, -0.000241348301643, 0.000476433197036, -0.000594679208007, 0.000483792449813, -0.000517448061146, -0.000321116443956, 0.000167822247022, 0.000491561542731], [0.000462691299617, 0.00705615570769, -0.0017195927212, 0.00144722999539, -0.00357791944407, 0.00430341530591, -0.00558343110606, 0.00709623657167, -0.00598117988557, 0.00606120284647, -0.0056255669333, 0.00646287668496, -0.00337212439626], [0.000284538284177, -0.0017195927212, 0.00582564761862, -0.00456284545362, 0.00287297763862, -0.00599531223997, 0.00491477642208, -0.00394320255145, 0.00389753794298, -0.0051582781598, 0.00653024204075, -0.00677924137563, 0.00453975144774], [-0.000141944590723, 0.00144722999539, -0.00456284545362, 0.0108637092635, -0.00764093128964, 0.00720444973558, -0.00360282207839, 0.00443319417536, -0.00772903533652, 0.00853635650128, -0.00730389310047, 0.0052731805481, -0.00474616838619], [-0.000604962231591, -0.00357791944407, 0.00287297763862, -0.00764093128964, 0.0154519025236, -0.0081113576889, 0.0021383992862, -0.00690231285989, 0.00659709889442, -0.00653100479394, 0.00630269758403, -0.00430667540058, 0.00300077185966], [-0.000241348301643, 0.00430341530591, -0.00599531223997, 0.00720444973558, -0.0081113576889, 0.0178188700229, -0.0119275199249, 0.0108564849943, -0.00769339175895, 0.00732629327103, -0.00913115590811, 0.00767453666776, -0.00396536709741], [0.000476433197036, -0.00558343110606, 0.00491477642208, -0.00360282207839, 0.0021383992862, -0.0119275199249, 0.0182489007711, -0.0112320939079, 0.00788752734661, -0.00660810107365, 0.00503486534581, -0.00664989976212, 0.00429509440437], [-0.000594679208007, 0.00709623657167, -0.00394320255145, 0.00443319417536, -0.00690231285989, 0.0108564849943, -0.0112320939079, 0.0212721098214, -0.0137228760868, 0.00997078511864, -0.00790997873992, 0.00780175905675, -0.00672531733289], [0.000483792449813, -0.00598117988557, 0.00389753794298, -0.00772903533652, 0.00659709889442, -0.00769339175895, 0.00788752734661, -0.0137228760868, 0.0217775199562, -0.0165022332221, 0.00922449026257, -0.00735433399677, 0.00212657870725], [-0.000517448061146, 0.00606120284647, -0.0051582781598, 0.00853635650128, -0.00653100479394, 0.00732629327103, -0.00660810107365, 0.00997078511864, -0.0165022332221, 0.0307896789163, -0.0178726129234, 0.00782644189894, -0.000200700524147], [-0.000321116443956, -0.0056255669333, 0.00653024204075, -0.00730389310047, 0.00630269758403, -0.00913115590811, 0.00503486534581, -0.00790997873992, 0.00922449026257, -0.0178726129234, 0.0250627286732, -0.0119797931984, 0.00292794988491], [0.000167822247022, 0.00646287668496, -0.00677924137563, 0.0052731805481, -0.00430667540058, 0.00767453666776, -0.00664989976212, 0.00780175905675, -0.00735433399677, 0.00782644189894, -0.0119797931984, 0.0278869532049, -0.0116258440539], [0.000491561542731, -0.00337212439626, 0.00453975144774, -0.00474616838619, 0.00300077185966, -0.00396536709741, 0.00429509440437, -0.00672531733289, 0.00212657870725, -0.000200700524147, 0.00292794988491, -0.0116258440539, 0.0219508428127]]
    },
    "melbands": {
        "max": [0.0112031567842, 0.0107528185472, 0.00893928855658, 0.00850530341268, 0.00271992688067, 0.00332436175086, 0.0034093465656, 0.00625976268202, 0.0025680612307, 0.00178903108463, 0.00360209541395, 0.00741791212931, 0.00318924081512, 0.00342982658185, 0.00187396176625, 0.00151444599032, 0.00149965286255, 0.000926512817387, 0.00189176760614, 0.000695242313668, 0.00102346390486, 0.000852391938679, 0.000947341148276, 0.000445112615125, 0.000287123257294, 0.00026102346601, 0.000134984496981, 0.000251966208452, 0.000211678401683, 6.59783254378e-05, 2.89595718641e-05, 5.64144975215e-05, 6.09894377703e-05, 7.9705270764e-05, 6.45986947347e-05, 3.92542715417e-05, 4.97047549288e-05, 7.2064831329e-05, 3.2112988265e-05, 4.05682003475e-05],
        "mean": [0.00204560440034, 0.0011556732934, 0.000510741781909, 0.000386303057894, 0.000211152757402, 0.000155208777869, 0.000365290965419, 0.000184303426067, 0.000164699871675, 9.44307248574e-05, 0.000132144225063, 0.000333862757543, 7.26528014638e-05, 8.1125072029e-05, 7.31881445972e-05, 8.14853046904e-05, 3.57973767677e-05, 6.78731885273e-05, 6.69714936521e-05, 3.22413579852e-05, 7.60664843256e-05, 4.66779238195e-05, 6.58345161355e-05, 2.82891360257e-05, 2.76611735899e-05, 2.42883161263e-05, 1.63367640198e-05, 2.22350590775e-05, 1.65694091265e-05, 7.08292054696e-06, 3.5004604797e-06, 2.39711266659e-06, 1.89757599856e-06, 1.88096316833e-06, 2.80857170765e-06, 2.64343043455e-06, 2.24786367653e-06, 2.19556295633e-06, 2.0149395823e-06, 1.61723471592e-06],
        "min": [3.75018726118e-06, 5.5286591305e-06, 7.27970382286e-06, 4.76153945783e-06, 2.2650824576e-06, 3.00474835058e-06, 2.2340796022e-06, 7.17926070593e-07, 6.9069028541e-07, 7.20461287074e-07, 6.95258961514e-07, 7.75442742906e-07, 5.57194141493e-07, 3.74841022222e-07, 2.58520742591e-07, 1.63276752119e-07, 2.27633762506e-07, 7.68753011471e-07, 4.19923935624e-07, 1.82569635854e-07, 1.66712979421e-07, 2.4399156473e-07, 1.55832935889e-07, 1.74828656441e-07, 1.50898387119e-07, 2.2611649797e-07, 1.99008056256e-07, 8.6458669557e-08, 1.73327791231e-07, 6.18757667326e-08, 1.03025229237e-07, 1.27020314267e-07, 6.08164967275e-08, 3.51647528873e-08, 4.04373636798e-08, 2.59561083737e-08, 1.65102758132e-08, 1.26229808828e-08, 8.67233396207e-09, 7.77640352112e-09],
        "stdev": [0.00186355761252, 0.00202505872585, 0.00129173987079, 0.000898584374227, 0.000270106975222, 0.000210053025512, 0.000457727001049, 0.000300554354908, 0.000235939864069, 0.000125412290799, 0.000231191123021, 0.000499212765135, 0.000162666518008, 0.000248918600846, 0.000162292941241, 0.000183362368261, 8.81980449776e-05, 0.00010837121954, 0.000132360481075, 5.55557962798e-05, 0.000116342431284, 7.66078446759e-05, 9.69115208136e-05, 3.77197684429e-05, 3.40983824572e-05, 2.61090954154e-05, 1.79453109013e-05, 2.60261167568e-05, 1.91228264157e-05, 7.70226688473e-06, 3.07950540446e-06, 2.50698599302e-06, 2.79016217064e-06, 3.23181507156e-06, 3.32370609613e-06, 2.7525331916e-06, 2.87718671643e-06, 3.50183199771e-06, 2.97589281217e-06, 2.9701332096e-06]
    },
    "melbands128": {
        "max": [0.00509985210374, 0.0122630409896, 0.0193461980671, 0.0176020003855, 0.015532836318, 0.0150647815317, 0.012476509437, 0.0116964103654, 0.011593488045, 0.0107814669609, 0.0074704666622, 0.00343066756614, 0.00311320624314, 0.00145457976032, 0.00266559328884, 0.00681838020682, 0.00626802397892, 0.00635559903458, 0.00591291720048, 0.0107382573187, 0.00597621826455, 0.00408903323114, 0.00449852366, 0.00249643065035, 0.00330959260464, 0.00198684167117, 0.00244282768108, 0.00618823291734, 0.00649500917643, 0.00657321047038, 0.0154407247901, 0.00337654422037, 0.00648547196761, 0.00351017480716, 0.004723447375, 0.00638857437298, 0.00684138946235, 0.0038367442321, 0.00294613232836, 0.00329426839016, 0.00232491083443, 0.0017728965031, 0.00329476804473, 0.00142656022217, 0.00166465772782, 0.00164428038988, 0.00257328618318, 0.00420327065513, 0.00377608998679, 0.00161553011276, 0.000930521870032, 0.000729660678189, 0.00163663714193, 0.00187332823407, 0.00136251933873, 0.00123926380184, 0.00190751324408, 0.00184462277684, 0.00148136203643, 0.000729844381567, 0.000989898340777, 0.000599881750531, 0.000650687958114, 0.000553916150238, 0.000387869600672, 0.000512975500897, 0.000485916330945, 0.000373519578716, 0.000206494718441, 0.000256621919107, 0.00046649001888, 0.000502911978401, 0.000276169303106, 0.000425476522651, 0.000203802104807, 0.00012452773808, 0.00010688839393, 5.44286631339e-05, 3.14397257171e-05, 5.2346753364e-05, 6.37304910924e-05, 7.36317088013e-05, 4.80884955323e-05, 6.9228663051e-05, 9.98855684884e-05, 8.02739887149e-05, 0.000106032326585, 0.000105921215436, 4.95133572258e-05, 4.9391961511e-05, 3.75126728613e-05, 5.97916005063e-05, 4.11752371292e-05, 6.3105202571e-05, 4.97728433402e-05, 4.97761539009e-05, 0.000120155040349, 5.9641963162e-05, 3.79104239983e-05, 5.31177611265e-05, 3.76606403734e-05, 5.07505210408e-05, 5.89521150687e-05, 6.16333345533e-05, 5.73177931074e-05, 3.56426753569e-05, 3.17037338391e-05, 3.21790139424e-05, 3.28000423906e-05, 1.46074662553e-05, 1.02371113826e-05, 8.80189145391e-06, 7.67361416365e-06, 5.4155016187e-06, 4.6869158723e-06, 2.53987468568e-06, 1.09492305e-06, 9.26236698451e-10, 3.92594928789e-10, 3.38561650937e-10, 2.9906324639e-10, 2.7038551953e-10, 2.44417347472e-10, 2.24324128717e-10, 2.07003733599e-10, 1.98925542705e-10, 1.90991278348e-10, 1.86114554324e-10],
        "mean": [0.000726985512301, 0.00231981091201, 0.00249711913057, 0.00174699025229, 0.00109003530815, 0.000725096208043, 0.000533187529072, 0.00043633315363, 0.000481641705846, 0.000469292805064, 0.000261315028183, 0.000203601812245, 0.000270607299171, 0.000117364405014, 8.10358760646e-05, 0.000201551229111, 0.000316290592309, 0.000463374890387, 0.000359637720976, 0.000168714788742, 9.60294710239e-05, 0.000181847208296, 0.000178113114089, 0.000136581962579, 0.000150671825395, 3.48930952896e-05, 7.48128295527e-05, 0.000103778984339, 0.000177169349627, 0.000456119101727, 0.000394653354306, 9.79294636636e-05, 5.40931541764e-05, 3.35340919264e-05, 7.46707810322e-05, 0.000108296466351, 7.44068238419e-05, 4.51608066214e-05, 8.28453121358e-05, 0.000134311470902, 6.01703541179e-05, 4.52367276012e-05, 4.28791026934e-05, 2.65011276497e-05, 2.37425883824e-05, 6.7248744017e-05, 0.000138495131978, 7.81784183346e-05, 3.0998395232e-05, 2.9459462894e-05, 2.62597022811e-05, 3.42390958394e-05, 9.41758262343e-05, 9.46490763454e-05, 3.95570059482e-05, 3.54894691554e-05, 5.13472514285e-05, 8.35944083519e-05, 7.39590177545e-05, 2.69441952696e-05, 2.10368598346e-05, 2.97232654702e-05, 3.86339452234e-05, 2.52459631156e-05, 1.32106752062e-05, 2.24646864808e-05, 3.65624437109e-05, 1.80701899808e-05, 7.9972196545e-06, 1.63739405252e-05, 3.12542397296e-05, 1.88930061995e-05, 1.48637227539e-05, 2.09569243452e-05, 1.20853974295e-05, 6.84927590555e-06, 5.53546533411e-06, 3.35148979502e-06, 3.23280551129e-06, 3.85851171814e-06, 2.13105136027e-06, 2.09891095437e-06, 1.95797747438e-06, 1.835111334e-06, 1.96995051738e-06, 1.65531139373e-06, 1.75658692569e-06, 2.4456171559e-06, 3.07637196784e-06, 3.01095769828e-06, 2.44488660428e-06, 2.67728341896e-06, 2.69142037723e-06, 2.24436939789e-06, 1.90727348581e-06, 2.15662930714e-06, 2.28560793403e-06, 2.25450844482e-06, 2.10031021197e-06, 1.8682717382e-06, 1.6584824607e-06, 1.44856892348e-06, 1.72708098489e-06, 1.70950534084e-06, 1.32833838506e-06, 1.05536719275e-06, 8.73809483437e-07, 6.67037340918e-07, 5.23721325862e-07, 3.62868689763e-07, 2.97561967955e-07, 2.55181930697e-07, 2.00622523039e-07, 1.41966566503e-07, 9.74255272013e-08, 2.48598936992e-08, 7.00249991326e-09, 9.28674498413e-12, 4.4010945062e-12, 4.24202079713e-12, 4.11802319675e-12, 4.011389311e-12, 3.91328072377e-12, 3.83335854379e-12, 3.76954934281e-12, 3.72593969566e-12, 3.68940121509e-12, 3.66351957451e-12],
        "min": [5.92860374127e-08, 3.61379278502e-07, 2.6217408049e-06, 4.41406683649e-07, 4.63596478539e-07, 1.04537468815e-06, 1.79836320058e-07, 8.24619235118e-07, 2.63092988462e-06, 1.02491799225e-06, 6.03031764967e-07, 7.70286703755e-07, 7.18366834462e-07, 8.3007023477e-07, 4.24475160798e-07, 7.0994019552e-08, 1.13051703465e-06, 4.27398134661e-07, 2.66483823452e-07, 1.00241223322e-07, 6.48020801464e-08, 2.04760254974e-07, 5.2303943221e-07, 5.12095027716e-07, 1.3375074559e-07, 1.70597303395e-07, 1.98374337401e-07, 1.26555789848e-07, 9.99354909936e-08, 3.07294726554e-07, 5.45695343135e-07, 8.4001300138e-08, 1.94002439002e-07, 6.05947363397e-08, 8.20320593675e-08, 1.10170120138e-07, 1.3226549811e-07, 9.30988264258e-08, 9.33965225158e-08, 9.45769116356e-08, 4.21968913145e-08, 6.37860537722e-08, 1.12495087023e-07, 8.8392454245e-08, 5.00445409557e-08, 4.48576145118e-07, 7.98489338649e-07, 1.10513170171e-07, 4.47456329766e-08, 7.57806901674e-08, 6.81534970681e-08, 1.11670637182e-07, 1.71862453158e-07, 2.34294134316e-07, 9.21827449929e-08, 3.14067634122e-08, 7.11474825721e-08, 9.36034254551e-08, 7.49009387846e-08, 4.34968328022e-08, 5.18974054842e-08, 1.26558234115e-07, 7.44296002608e-08, 1.85002377862e-08, 2.14643058882e-08, 1.41279130617e-07, 3.27390040411e-07, 4.42628689257e-08, 2.99771585333e-08, 6.82752556713e-08, 3.39200703081e-08, 2.86725310161e-08, 7.28657525428e-08, 5.25695291742e-08, 3.22311137779e-08, 4.3407769823e-08, 3.93753865069e-08, 1.6713343598e-08, 9.19665623655e-08, 1.28388975895e-07, 3.75898991933e-08, 3.35828076459e-08, 3.01395495228e-08, 3.75575908151e-08, 3.66680836805e-08, 3.77148836606e-08, 1.90669204869e-08, 1.88908995113e-08, 5.57977770654e-08, 2.27971099775e-08, 1.12981854983e-08, 2.56058179104e-08, 2.23392504495e-08, 1.65743028191e-08, 8.90230378303e-09, 1.1115804277e-08, 9.93287141426e-09, 7.53087192606e-09, 1.27604442568e-08, 4.99683183719e-09, 6.92451918027e-09, 5.7236912987e-09, 3.14113690614e-09, 3.18420001477e-09, 3.3604243832e-09, 3.46159478859e-09, 2.26124186042e-09, 1.42664402514e-09, 9.29316845699e-10, 2.69284566867e-10, 1.53926003887e-11, 9.87036060524e-12, 4.88330404759e-13, 1.21454211163e-13, 8.48250641819e-14, 5.77582347726e-14, 7.39934982318e-14, 6.26500397784e-14, 4.78255164692e-14, 4.99335476938e-14, 4.96719229333e-14, 4.93993545072e-14, 6.52753065901e-14, 3.57097604796e-14, 5.20066777729e-14, 5.88570668982e-14, 5.25725669324e-14, 4.5098456626e-14],
        "stdev": [0.000903307343833, 0.00195877254009, 0.00301655195653, 0.003107505152, 0.00253453408368, 0.00195968081243, 0.00158358481713, 0.00131530233193, 0.00130551075563, 0.00109898694791, 0.000650102680083, 0.000340748287272, 0.000336050987244, 0.000141953598359, 0.000147802085849, 0.000371209403966, 0.00057037913939, 0.000693761394359, 0.000621864397544, 0.000464204902528, 0.000280377629679, 0.000341643346474, 0.000353506853571, 0.00018876606191, 0.000216988453758, 9.03572290554e-05, 0.00018778872618, 0.000282977212919, 0.000432647881098, 0.000719291449059, 0.000751677202061, 0.000224621966481, 0.0002501734416, 0.000173397958861, 0.000283703091554, 0.000385127554182, 0.000273885554634, 0.000202451934456, 0.000227229305892, 0.000379069359042, 0.000198279871256, 0.000129837877466, 0.000149130428326, 8.4110586613e-05, 8.91180534381e-05, 0.00014462985564, 0.000254632614087, 0.000220412781346, 0.000147589482367, 9.97773677227e-05, 6.28693887847e-05, 7.46328005334e-05, 0.000179967668373, 0.000185934972251, 8.88422509888e-05, 0.000101452729723, 0.000144324891153, 0.000154392575496, 0.000150923937326, 6.29879723419e-05, 5.10845675308e-05, 6.10691058682e-05, 6.47216220386e-05, 4.68025100417e-05, 3.05276553263e-05, 3.67229877156e-05, 4.61055460619e-05, 3.59448131348e-05, 1.53607434186e-05, 2.58748241322e-05, 4.5764780225e-05, 3.22588421113e-05, 2.54838887486e-05, 3.19975188177e-05, 1.99069927476e-05, 1.01367813841e-05, 8.96834262676e-06, 5.13110489919e-06, 3.0883470572e-06, 3.69855274585e-06, 2.63355900643e-06, 3.05945809487e-06, 2.60955380327e-06, 2.76208902505e-06, 3.92408492189e-06, 3.52172196472e-06, 3.40387168762e-06, 3.99172449761e-06, 3.69091230823e-06, 3.82936650567e-06, 2.86989529741e-06, 3.09966549139e-06, 3.31882029059e-06, 3.1619258607e-06, 3.11674443765e-06, 3.67789129996e-06, 4.331674063e-06, 3.6959334011e-06, 3.0387031984e-06, 3.25302175952e-06, 3.05860135086e-06, 3.07917071041e-06, 3.62177797797e-06, 3.64218317372e-06, 2.94809751722e-06, 2.21530240196e-06, 2.06038544093e-06, 1.87395505691e-06, 1.59611568051e-06, 9.33890135002e-07, 6.70241661282e-07, 5.86904093325e-07, 4.85380326154e-07, 3.62034597856e-07, 2.69319855306e-07, 1.59786964105e-07, 5.5678874844e-08, 3.82136475241e-11, 1.07287234652e-11, 9.80255633609e-12, 9.17148822166e-12, 8.68817517929e-12, 8.30355142284e-12, 8.01965351765e-12, 7.77426300419e-12, 7.63576788604e-12, 7.49578437514e-12, 7.44112930995e-12]
    },
    "mfcc": {
        "mean": [-606.441223145, 93.0050964355, -4.03172874451, 23.8086547852, 7.16556501389, -5.5548286438, 5.75436830521, 6.63076257706, 6.98162508011, 8.49617862701, -4.3082113266, 4.60856199265, 2.39860677719],
        "cov": [[1911.52539062, -211.395675659, -232.198959351, -37.5183143616, 64.5597305298, -80.770149231, 126.031471252, -44.1418151855, -34.073890686, 81.8157806396, -12.702829361, 113.038261414, 35.9383964539], [-211.395675659, 256.821746826, -34.0247802734, -7.07771682739, -28.4864616394, 76.2324371338, 39.2691421509, 13.6610355377, -6.24141168594, 10.5553340912, 18.4753837585, -23.710515976, -9.36069488525], [-232.198959351, -34.0247802734, 364.716369629, 29.6140899658, 69.498550415, 57.1857719421, -70.1546401978, 8.48873996735, -1.74558413029, -28.4464912415, 19.7030410767, -33.6703453064, 0.964913725853], [-37.5183143616, -7.07771682739, 29.6140899658, 292.98449707, 102.831306458, -59.4006996155, -32.9178390503, 38.3237876892, 81.5218505859, -13.5971660614, -27.5946826935, 57.2151451111, 8.02330684662], [64.5597305298, -28.4864616394, 69.498550415, 102.831306458, 145.276000977, 3.74476742744, -16.3074684143, 17.6397743225, 36.5271492004, 2.25565600395, -8.87532138824, 28.356502533, 20.5000896454], [-80.770149231, 76.2324371338, 57.1857719421, -59.4006996155, 3.74476742744, 210.629699707, 72.7537918091, 16.9376068115, -43.5527801514, 18.60978508, 39.8788833618, -47.8104705811, -2.3011572361], [126.031471252, 39.2691421509, -70.1546401978, -32.9178390503, -16.3074684143, 72.7537918091, 175.940429688, 40.2177124023, -21.7624759674, 21.6620578766, 23.9081954956, 0.224670127034, -5.14063978195], [-44.1418151855, 13.6610355377, 8.48873996735, 38.3237876892, 17.6397743225, 16.9376068115, 40.2177124023, 95.8810577393, 51.0043907166, 3.12853932381, 3.51015853882, 8.29311847687, 6.57821083069], [-34.073890686, -6.24141168594, -1.74558413029, 81.5218505859, 36.5271492004, -43.5527801514, -21.7624759674, 51.0043907166, 117.298599243, 22.78175354, -8.80509853363, 28.6624679565, 7.1719956398], [81.8157806396, 10.5553340912, -28.4464912415, -13.5971660614, 2.25565600395, 18.60978508, 21.6620578766, 3.12853932381, 22.78175354, 89.8049163818, 32.9408721924, 11.5390930176, 18.6223621368], [-12.702829361, 18.4753837585, 19.7030410767, -27.5946826935, -8.87532138824, 39.8788833618, 23.9081954956, 3.51015853882, -8.80509853363, 32.9408721924, 80.35912323, 20.0562152863, 11.2677793503], [113.038261414, -23.710515976, -33.6703453064, 57.2151451111, 28.356502533, -47.8104705811, 0.224670127034, 8.29311847687, 28.6624679565, 11.5390930176, 20.0562152863, 106.251815796, 42.3746109009], [35.9383964539, -9.36069488525, 0.964913725853, 8.02330684662, 20.5000896454, -2.3011572361, -5.14063978195, 6.57821083069, 7.1719956398, 18.6223621368, 11.2677793503, 42.3746109009, 74.8928451538]],
        "icov": [[0.000805930583738, 0.000621443556156, 0.000363188708434, 0.000263577559963, -0.000671435962431, 0.000157472575665, -0.00062266929308, 0.000299299717881, 0.000482062227093, -0.000810766417999, 0.000544468464796, -0.000778665416874, 0.000291708798613], [0.000621443556156, 0.00528180180117, 0.00103976903483, -0.000642137718387, 0.000638236000668, -0.00186352210585, -0.000460772251245, 0.000192211315152, -0.000180670729605, -0.000339897174854, -0.000438428745838, 0.00027998641599, 0.000146241858602], [0.000363188708434, 0.00103976903483, 0.00452038832009, -0.000136178234243, -0.0022399041336, -0.00126267201267, 0.0019730119966, -0.000811179925222, 0.00038340271567, 0.00148033408914, -0.00246961135417, 0.00178091577254, -0.000347870576661], [0.000263577559963, -0.000642137718387, -0.000136178234243, 0.00621256930754, -0.00359087018296, 0.000808428274468, 7.60761831771e-05, -0.000689442967996, -0.00191805779468, 0.00058789877221, 0.00161782838404, -0.00295362668112, 0.00166825274937], [-0.000671435962431, 0.000638236000668, -0.0022399041336, -0.00359087018296, 0.0120361009613, -0.00223400373943, 0.000202075854759, 0.000474043830764, -0.00181638309732, -0.000312005984597, 0.0019295461243, -0.00125530315563, -0.00190400308929], [0.000157472575665, -0.00186352210585, -0.00126267201267, 0.000808428274468, -0.00223400373943, 0.00933523382992, -0.00295906723477, -0.0014206651831, 0.00271362392232, -0.00116562831681, -0.00292593380436, 0.00397560931742, -0.00133803824428], [-0.00062266929308, -0.000460772251245, 0.0019730119966, 7.60761831771e-05, 0.000202075854759, -0.00295906723477, 0.01051071845, -0.00626874808222, 0.00368284457363, -0.00136819086038, -0.000822090194561, -0.00134353002068, 0.002204854507], [0.000299299717881, 0.000192211315152, -0.000811179925222, -0.000689442967996, 0.000474043830764, -0.0014206651831, -0.00626874808222, 0.0193595811725, -0.0106978192925, 0.00397272454575, -0.00099320942536, 0.00138927053194, -0.00293942657299], [0.000482062227093, -0.000180670729605, 0.00038340271567, -0.00191805779468, -0.00181638309732, 0.00271362392232, 0.00368284457363, -0.0106978192925, 0.0191436391324, -0.00774691067636, 0.00276535446756, -0.0029284642078, 0.00305355526507], [-0.000810766417999, -0.000339897174854, 0.00148033408914, 0.00058789877221, -0.000312005984597, -0.00116562831681, -0.00136819086038, 0.00397272454575, -0.00774691067636, 0.0183618087322, -0.00806299131364, 0.00374641036615, -0.00485924072564], [0.000544468464796, -0.000438428745838, -0.00246961135417, 0.00161782838404, 0.0019295461243, -0.00292593380436, -0.000822090194561, -0.00099320942536, 0.00276535446756, -0.00806299131364, 0.0212351549417, -0.00899459421635, 0.0025895407889], [-0.000778665416874, 0.00027998641599, 0.00178091577254, -0.00295362668112, -0.00125530315563, 0.00397560931742, -0.00134353002068, 0.00138927053194, -0.0029284642078, 0.00374641036615, -0.00899459421635, 0.0205285232514, -0.00995932333171], [0.000291708798613, 0.000146241858602, -0.000347870576661, 0.00166825274937, -0.00190400308929, -0.00133803824428, 0.002204854507, -0.00293942657299, 0.00305355526507, -0.00485924072564, 0.0025895407889, -0.00995932333171, 0.0201073195785]]
    },
    "spectral_contrast_coeffs": {
        "max": [-0.514112353325, -0.535156309605, -0.494000256062, -0.544708907604, -0.628522634506, -0.703259706497],
        "mean": [-0.763350844383, -0.744108736515, -0.718120515347, -0.742841184139, -0.746423125267, -0.796516001225],
        "min": [-0.941715598106, -0.906098663807, -0.917203426361, -0.90105587244, -0.849792659283, -0.871143102646],
        "stdev": [0.0718825832009, 0.0582103282213, 0.0666466280818, 0.0593542121351, 0.0453195311129, 0.0240514054894]
    },
    "spectral_contrast_valleys": {
        "max": [-5.38226747513, -5.4321269989, -5.54197692871, -5.96245861053, -5.73208904266, -7.79190969467],
        "mean": [-6.63690471649, -6.68467283249, -7.46264505386, -7.53898000717, -7.1902089119, -9.3967294693],
        "min": [-8.34805583954, -8.47019767761, -9.12053585052, -9.23316764832, -9.26894283295, -11.663025856],
        "stdev": [0.535668611526, 0.488060325384, 0.578442871571, 0.506863594055, 0.526584267616, 0.557079493999]
    }
},
"rhythm": {
    "beats_count": 111,
    "beats_loudness": {
        "max": 0.0781689286232,
        "mean": 0.0464383661747,
        "min": 0.0133936470374,
        "stdev": 0.0111488550901
    },
    "bpm": 128.994766235,
    "bpm_histogram_first_peak_bpm": 129,
    "bpm_histogram_first_peak_weight": 0.163461565971,
    "bpm_histogram_second_peak_bpm": 123,
    "bpm_histogram_second_peak_spread": 0.33333337307,
    "bpm_histogram_second_peak_weight": 0.0363636352122,
    "danceability": 1.15639233589,
    "onset_rate": 4.76495695114,
    "beats_loudness_band_ratio": {
        "max": [0.9508497715, 0.376197427511, 0.294420301914, 0.440649807453, 0.395620107651, 0.124762706459],
        "mean": [0.633888542652, 0.0394138135016, 0.0744216218591, 0.107369981706, 0.107812441885, 0.0496844351292],
        "min": [0.193514406681, 0.00354876741767, 0.00732902437449, 0.00317089841701, 0.00367202004418, 0.00606825109571],
        "stdev": [0.166239857674, 0.0456375740469, 0.0561214052141, 0.106936499476, 0.0805434957147, 0.0262595769018]
    },
