{
"metadata": {
    "version": {
        "essentia": "2.1-beta5",
        "essentia_git_sha": "Undefined",
        "extractor": "music 2.0"
    },
    "audio_properties": {
        "analysis": {
            "equal_loudness": 0,
            "length": 48.7502937317,
            "sample_rate": 44100,
            "start_time": 93.9943771362,
            "downmix": "mix"
        },
        "bit_rate": 192000,
        "length": 193.77053833,
        "lossless": 0,
        "number_channels": 2,
        "replay_gain": -12.7638874054,
        "sample_rate": 48000,
        "codec": "mp3",
        "md5_encoded": "156daaab0ee9f16fd8e64746e146fd6c"
    },
    "tags": {
        "file_name": "United KingdomUK_Say It Again_Precious.mp3",
        "encoding": ["Lavf58.29.100"]
    }
},
"lowlevel": {
    "average_loudness": 0.962222218513,
    "barkbands_crest": {
        "max": 23.137758255,
        "mean": 9.88002490997,
        "min": 2.71770954132,
        "stdev": 4.02627706528
    },
    "barkbands_flatness_db": {
        "max": 0.32193416357,
        "mean": 0.163665935397,
        "min": 0.0804870203137,
        "stdev": 0.0424363091588
    },
    "barkbands_kurtosis": {
        "max": 46.5121421814,
        "mean": 2.1095995903,
        "min": -1.85063397884,
        "stdev": 4.28961753845
    },
    "barkbands_skewness": {
        "max": 5.88691186905,
        "mean": 1.04149580002,
        "min": -1.87277305126,
        "stdev": 0.921397089958
    },
    "barkbands_spread": {
        "max": 102.158088684,
        "mean": 25.9429912567,
        "min": 2.0707449913,
        "stdev": 14.3356876373
    },
    "dissonance": {
        "max": 0.5,
        "mean": 0.463153362274,
        "min": 0.285624682903,
        "stdev": 0.0304879341274
    },
    "dynamic_complexity": 2.53491020203,
    "erbbands_crest": {
        "max": 28.9462013245,
        "mean": 9.81239318848,
        "min": 2.50624537468,
        "stdev": 5.03740787506
    },
    "erbbands_flatness_db": {
        "max": 0.350073128939,
        "mean": 0.187444254756,
        "min": 0.0916804522276,
        "stdev": 0.0407124273479
    },
    "erbbands_kurtosis": {
        "max": 25.1119213104,
        "mean": 0.966326296329,
        "min": -1.74691462517,
        "stdev": 2.84814691544
    },
    "erbbands_skewness": {
        "max": 3.96051049232,
        "mean": 0.530422747135,
        "min": -2.88228440285,
        "stdev": 0.925730168819
    },
    "erbbands_spread": {
        "max": 120.643424988,
        "mean": 35.6162757874,
        "min": 5.41321563721,
        "stdev": 18.004322052
    },
    "hfc": {
        "max": 100.796607971,
        "mean": 23.54347229,
        "min": 0.724963843822,
        "stdev": 17.1810951233
    },
    "loudness_ebu128": {
        "integrated": -10.8110675812,
        "loudness_range": 2.28463840485,
        "momentary": {
            "max": -7.97501897812,
            "mean": -11.1536779404,
            "min": -17.1066646576,
            "stdev": 1.82816362381
        },
        "short_term": {
            "max": -9.61155986786,
            "mean": -10.900592804,
            "min": -12.9109830856,
            "stdev": 0.804802000523
        }
    },
    "melbands_crest": {
        "max": 32.9709892273,
        "mean": 13.9501905441,
        "min": 4.0818104744,
        "stdev": 5.50236463547
    },
    "melbands_flatness_db": {
        "max": 0.367054611444,
        "mean": 0.172245875001,
        "min": 0.03688268736,
        "stdev": 0.0591945387423
    },
    "melbands_kurtosis": {
        "max": 111.333427429,
        "mean": 7.99203395844,
        "min": -1.76868391037,
        "stdev": 10.8854455948
    },
    "melbands_skewness": {
        "max": 9.56755828857,
        "mean": 1.93630886078,
        "min": -0.778996050358,
        "stdev": 1.33650374413
    },
    "melbands_spread": {
        "max": 176.056396484,
        "mean": 29.595500946,
        "min": 2.29370570183,
        "stdev": 18.0429210663
    },
    "pitch_salience": {
        "max": 0.824040830135,
        "mean": 0.532032251358,
        "min": 0.163234964013,
        "stdev": 0.1053250283
    },
    "silence_rate_20dB": {
        "max": 1,
        "mean": 1,
        "min": 1,
        "stdev": 0
    },
    "silence_rate_30dB": {
        "max": 1,
        "mean": 1,
        "min": 1,
        "stdev": 0
    },
    "silence_rate_60dB": {
        "max": 1,
        "mean": 0.0138029512018,
        "min": 0,
        "stdev": 0.116672612727
    },
    "spectral_centroid": {
        "max": 4359.75,
        "mean": 1567.94445801,
        "min": 345.040008545,
        "stdev": 675.712646484
    },
    "spectral_complexity": {
        "max": 58,
        "mean": 21.3940982819,
        "min": 0,
        "stdev": 10.9734792709
    },
    "spectral_decrease": {
        "max": -1.02654842959e-10,
        "mean": -6.19975537575e-09,
        "min": -2.72721702999e-08,
        "stdev": 3.70454533716e-09
    },
    "spectral_energy": {
        "max": 0.10886964947,
        "mean": 0.0255347639322,
        "min": 0.000466935511213,
        "stdev": 0.0150963673368
    },
    "spectral_energyband_high": {
        "max": 0.00871955603361,
        "mean": 0.00107373530045,
        "min": 8.25955430628e-06,
        "stdev": 0.0011961782584
    },
    "spectral_energyband_low": {
        "max": 0.0444210991263,
        "mean": 0.00666001765057,
        "min": 2.39158111981e-06,
        "stdev": 0.00583192240447
    },
    "spectral_energyband_middle_high": {
        "max": 0.0763275772333,
        "mean": 0.00715826125816,
        "min": 0.000101614306914,
        "stdev": 0.00797754060477
    },
    "spectral_energyband_middle_low": {
        "max": 0.0965357869864,
        "mean": 0.0114326709881,
        "min": 0.000150920634042,
        "stdev": 0.0108553553
    },
    "spectral_entropy": {
        "max": 8.55889987946,
        "mean": 7.62007236481,
        "min": 6.0062918663,
        "stdev": 0.396048009396
    },
    "spectral_flux": {
        "max": 0.247716233134,
        "mean": 0.0881633535028,
        "min": 0.0153538985178,
        "stdev": 0.038200892508
    },
    "spectral_kurtosis": {
        "max": 18.609495163,
        "mean": 2.8118789196,
        "min": -1.17919957638,
        "stdev": 2.25250101089
    },
    "spectral_rms": {
        "max": 0.0103060314432,
        "mean": 0.00477036042139,
        "min": 0.000674942100886,
        "stdev": 0.00146822619718
    },
    "spectral_rolloff": {
        "max": 9625.34179688,
        "mean": 1725.38256836,
        "min": 86.1328125,
        "stdev": 1398.54174805
    },
    "spectral_skewness": {
        "max": 3.13102459908,
        "mean": 1.2222878933,
        "min": -0.164204716682,
        "stdev": 0.419749259949
    },
    "spectral_spread": {
        "max": 13710017,
        "mean": 4241133,
        "min": 2236840,
        "stdev": 1325669.375
    },
    "spectral_strongpeak": {
        "max": 7.78186750412,
        "mean": 1.14754760265,
        "min": 0.0163792669773,
        "stdev": 1.32769095898
    },
    "zerocrossingrate": {
        "max": 0.24609375,
        "mean": 0.0661778002977,
        "min": 0.0126953125,
        "stdev": 0.031107429415
    },
    "barkbands": {
        "max": [0.00420185131952, 0.037120770663, 0.0258386526257, 0.0178048890084, 0.0215747728944, 0.0386423841119, 0.0391571521759, 0.0313740484416, 0.0809837058187, 0.0640989840031, 0.0181865282357, 0.0202487427741, 0.0162765458226, 0.0185192041099, 0.0172644928098, 0.0116123724729, 0.0102711664513, 0.00724598718807, 0.00333910738118, 0.00875593256205, 0.00315376417711, 0.00248118815944, 0.00228070956655, 0.00258330209181, 0.00198057247326, 4.0967138375e-06, 4.38508459411e-06],
        "mean": [0.000345098902471, 0.0047507956624, 0.00138613034505, 0.000464546668809, 0.00117627158761, 0.00287052243948, 0.00266922591254, 0.000648672576062, 0.00256941467524, 0.00215561850928, 0.000895571371075, 0.00068061350612, 0.000660034012981, 0.000615377153736, 0.000588612165302, 0.000539849570487, 0.000477939873235, 0.000438130198745, 0.000316404883051, 0.000491343031172, 0.000217975350097, 0.00016966991825, 0.000154664914589, 0.000186517267139, 6.5758380515e-05, 4.49167325556e-09, 3.18831339108e-09],
        "min": [1.20088827771e-08, 1.60501156188e-06, 4.10880609536e-08, 8.62622187014e-08, 4.44680063083e-06, 1.29623113025e-05, 6.24511676506e-06, 2.02151636586e-06, 5.69919984628e-06, 1.35908669563e-06, 2.25023245548e-06, 1.3242638488e-06, 3.02028456645e-06, 1.88642604826e-06, 2.71518774753e-06, 8.0535073721e-07, 1.86359602594e-06, 1.12294014798e-06, 1.75507511813e-06, 1.64342975495e-06, 1.28226713514e-06, 1.53153939664e-06, 1.04294758785e-06, 8.53205676776e-07, 1.19132643306e-07, 6.32858565899e-12, 8.72611184699e-12],
        "stdev": [0.000445774348918, 0.00431184098125, 0.00239754910581, 0.00120776635595, 0.00218487484381, 0.00455030659214, 0.00430803280324, 0.00159579899628, 0.00597471604124, 0.0052639329806, 0.00164569949266, 0.00158827111591, 0.00135348923504, 0.00141470751259, 0.00100893992931, 0.000949813926127, 0.000809834804386, 0.000645628257189, 0.000406036881031, 0.000749255064875, 0.000303392676869, 0.000245548144449, 0.000218853951083, 0.000288259121589, 0.000132929388201, 9.19344387285e-08, 9.56875751967e-08]
    },
    "erbbands": {
        "max": [1.69345796108, 7.43416643143, 25.9829120636, 31.6180000305, 76.7361450195, 102.608863831, 298.551208496, 459.820831299, 679.342224121, 635.412536621, 905.159545898, 1793.69287109, 1877.67553711, 885.05065918, 731.671142578, 993.183410645, 731.923461914, 925.368225098, 765.372680664, 587.941162109, 707.943664551, 620.57800293, 457.710266113, 233.446578979, 193.657440186, 601.871337891, 188.962112427, 127.911567688, 93.0847473145, 66.4280166626, 66.5420837402, 57.6035499573, 47.3716316223, 39.9199256897, 2.3306221962, 0.0646479055285, 0.00759644666687, 0.0027143212501, 0.000624362321105, 0.000125261198264],
        "mean": [0.176826968789, 0.894541621208, 1.78162705898, 1.40696537495, 2.82872366905, 3.90532493591, 11.1720895767, 26.8377494812, 40.6368026733, 24.5200595856, 22.5871181488, 54.7047920227, 81.5970535278, 43.6542854309, 29.8755893707, 28.4829177856, 27.8172855377, 33.8591384888, 28.6557292938, 32.0590705872, 30.8450679779, 27.7434329987, 25.6337528229, 19.7639389038, 15.1746702194, 23.2330245972, 13.8753242493, 6.95876646042, 6.30902910233, 4.82478904724, 4.37319087982, 3.74715542793, 3.11364293098, 1.51982200146, 0.0821804627776, 0.00250686542131, 0.000213298408198, 3.59328259947e-05, 2.1309553631e-05, 3.28329151671e-05],
        "min": [3.45337793988e-05, 0.00024316390045, 0.00033537147101, 0.00106111401692, 0.0108444085345, 0.0162056796253, 0.0949652940035, 0.0959381386638, 0.119257725775, 0.0811730697751, 0.0851972550154, 0.155838474631, 0.173081248999, 0.11516610533, 0.0607210472226, 0.0854111090302, 0.147626101971, 0.0904607623816, 0.189567178488, 0.164754033089, 0.0926780849695, 0.133019566536, 0.085062623024, 0.0949588492513, 0.0652944967151, 0.0948524475098, 0.0669984742999, 0.063802704215, 0.0588184148073, 0.0468336381018, 0.0258537977934, 0.0217654947191, 0.00945991650224, 0.00368266552687, 0.000143297933391, 1.21366074382e-05, 2.56720204561e-06, 5.83921348607e-07, 6.36739230231e-07, 9.64556988947e-07],
        "stdev": [0.191590622067, 0.850020706654, 2.65745806694, 2.7820622921, 6.74177122116, 7.42643117905, 23.2318782806, 43.4739494324, 68.2384490967, 47.4183883667, 55.4801597595, 130.255493164, 183.472137451, 75.0556182861, 58.0597953796, 66.2412109375, 52.957485199, 76.3387069702, 50.9911231995, 48.5822372437, 51.8371315002, 45.4111709595, 38.1315422058, 25.254076004, 19.8702487946, 37.6567993164, 19.1685142517, 9.55200099945, 9.08466529846, 7.20815849304, 6.02815818787, 5.89568901062, 4.90646791458, 2.91882681847, 0.164048880339, 0.00469879899174, 0.000382667640224, 7.70826081862e-05, 1.97392455448e-05, 1.88453122973e-05]
    },
    "gfcc": {
        "mean": [-5.98666191101, 113.429901123, -151.859268188, 54.7862930298, -79.1741104126, 26.7223262787, -31.9972267151, 9.91780567169, -1.05849671364, -7.49119377136, 13.5434331894, -14.5143613815, 14.1929035187],
        "cov": [[2240.12719727, -534.689758301, -294.061981201, 118.463218689, -32.3700866699, 83.0287628174, -108.524513245, 188.016738892, -133.849304199, -65.5299606323, -201.801757812, -40.3355865479, -61.230140686], [-534.689758301, 760.488525391, 42.3908729553, -153.699584961, 166.680389404, -86.8852767944, 158.133285522, -96.3970413208, 93.8658065796, -35.038230896, 126.916893005, -31.189491272, 31.3855018616], [-294.061981201, 42.3908729553, 719.581176758, 165.247268677, -87.1365432739, 136.576217651, -118.667167664, -44.6662521362, 26.5345439911, 62.8765563965, 15.3799734116, 58.0465354919, -39.4632453918], [118.463218689, -153.699584961, 165.247268677, 312.96875, 43.5223808289, 9.55176925659, -50.9602279663, 3.68522953987, 1.26233053207, 19.4909591675, -23.1268482208, 30.9361152649, -21.6169548035], [-32.3700866699, 166.680389404, -87.1365432739, 43.5223808289, 238.305282593, 69.8042449951, 97.0723724365, 11.6708145142, 9.01929855347, -11.7249679565, 10.0113668442, -24.6941890717, 14.5655469894], [83.0287628174, -86.8852767944, 136.576217651, 9.55176925659, 69.8042449951, 287.907653809, 69.7654190063, 23.3675746918, -40.6044158936, 15.2897472382, -51.7681770325, -1.79474818707, -14.4585056305], [-108.524513245, 158.133285522, -118.667167664, -50.9602279663, 97.0723724365, 69.7654190063, 221.567596436, 18.4899692535, 12.267080307, -12.0011453629, 30.6337985992, -25.9226322174, 18.3459911346], [188.016738892, -96.3970413208, -44.6662521362, 3.68522953987, 11.6708145142, 23.3675746918, 18.4899692535, 149.146606445, 41.4089698792, -9.47209644318, -36.6742362976, 2.49799585342, 9.97036361694], [-133.849304199, 93.8658065796, 26.5345439911, 1.26233053207, 9.01929855347, -40.6044158936, 12.267080307, 41.4089698792, 123.953277588, 28.6736087799, 31.5140666962, 12.0601148605, 17.1119766235], [-65.5299606323, -35.038230896, 62.8765563965, 19.4909591675, -11.7249679565, 15.2897472382, -12.0011453629, -9.47209644318, 28.6736087799, 103.717948914, 66.1242523193, 15.3737545013, 1.38596189022], [-201.801757812, 126.916893005, 15.3799734116, -23.1268482208, 10.0113668442, -51.7681770325, 30.6337985992, -36.6742362976, 31.5140666962, 66.1242523193, 143.961196899, 35.2162666321, 14.1091175079], [-40.3355865479, -31.189491272, 58.0465354919, 30.9361152649, -24.6941890717, -1.79474818707, -25.9226322174, 2.49799585342, 12.0601148605, 15.3737545013, 35.2162666321, 71.471282959, 25.876914978], [-61.230140686, 31.3855018616, -39.4632453918, -21.6169548035, 14.5655469894, -14.4585056305, 18.3459911346, 9.97036361694, 17.1119766235, 1.38596189022, 14.1091175079, 25.876914978, 60.4281196594]],
        "icov": [[0.000767723366152, -0.000468332174933, 0.000837460916955, -0.000829069293104, 0.000751818122808, -0.00079010555055, 0.000858954852447, -0.00129676715005, 0.000973138725385, -0.000307244132273, 0.000274090300081, 9.73564165179e-05, 0.000480192713439], [-0.000468332174933, 0.00795422773808, -0.00489073060453, 0.00602840958163, -0.00775030395016, 0.00574517203495, -0.00486062187701, 0.00549528654665, -0.0050659859553, 0.00544205820188, -0.00280638993718, 0.00130147207528, -0.000423820136348], [0.000837460916955, -0.00489073060453, 0.00633028987795, -0.00576975429431, 0.00676670344546, -0.00695029413328, 0.00525607122108, -0.00297316117212, 0.00145971134771, -0.00183241500054, -0.000514927261975, -2.70863602054e-05, 0.000820088433102], [-0.000829069293104, 0.00602840958163, -0.00576975429431, 0.0107497889549, -0.00965986866504, 0.00803378410637, -0.00523907877505, 0.00453403219581, -0.00278514879756, -6.62237798679e-05, 0.00331888790242, -0.00543181737885, 0.00354085140862], [0.000751818122808, -0.00775030395016, 0.00676670344546, -0.00965986866504, 0.0159307401627, -0.0104031832889, 0.00525024812669, -0.0054253526032, 0.00296186585911, -0.000599608931225, -0.00310715008527, 0.00558994011953, -0.00377052999102], [-0.00079010555055, 0.00574517203495, -0.00695029413328, 0.00803378410637, -0.0104031832889, 0.014842142351, -0.00924883037806, 0.00338101782836, 0.000723566685338, -0.00419994490221, 0.007841845043, -0.00696063227952, 0.00390052027069], [0.000858954852447, -0.00486062187701, 0.00525607122108, -0.00523907877505, 0.00525024812669, -0.00924883037806, 0.0129442512989, -0.00467793550342, 0.00126320391428, 0.00240514148027, -0.00614855857566, 0.00632095569745, -0.0033673257567], [-0.00129676715005, 0.00549528654665, -0.00297316117212, 0.00453403219581, -0.0054253526032, 0.00338101782836, -0.00467793550342, 0.014432518743, -0.00874478463084, 0.0033870129846, 0.00146456435323, -0.00163926405367, -0.000573556288145], [0.000973138725385, -0.0050659859553, 0.00145971134771, -0.00278514879756, 0.00296186585911, 0.000723566685338, 0.00126320391428, -0.00874478463084, 0.0168008711189, -0.00846827216446, 0.00364585313946, -0.00256516085938, -0.000223469090997], [-0.000307244132273, 0.00544205820188, -0.00183241500054, -6.62237798679e-05, -0.000599608931225, -0.00419994490221, 0.00240514148027, 0.0033870129846, -0.00846827216446, 0.0261193178594, -0.0184761304408, 0.010908245109, -0.00506595289335], [0.000274090300081, -0.00280638993718, -0.000514927261975, 0.00331888790242, -0.00310715008527, 0.007841845043, -0.00614855857566, 0.00146456435323, 0.00364585313946, -0.0184761304408, 0.0263663679361, -0.0176396779716, 0.00762555049732], [9.73564165179e-05, 0.00130147207528, -2.70863602054e-05, -0.00543181737885, 0.00558994011953, -0.00696063227952, 0.00632095569745, -0.00163926405367, -0.00256516085938, 0.010908245109, -0.0176396779716, 0.0341027602553, -0.0172084253281], [0.000480192713439, -0.000423820136348, 0.000820088433102, 0.00354085140862, -0.00377052999102, 0.00390052027069, -0.0033673257567, -0.000573556288145, -0.000223469090997, -0.00506595289335, 0.00762555049732, -0.0172084253281, 0.0277847014368]]
    },
    "melbands": {
        "max": [0.0117150424048, 0.0106678372249, 0.00713208597153, 0.00526190223172, 0.00772951263934, 0.00909792724997, 0.00942754652351, 0.00595854315907, 0.00924467947334, 0.00967587716877, 0.00962546654046, 0.00463239848614, 0.00189753901213, 0.00248896470293, 0.00182878400665, 0.00200574472547, 0.00188888830598, 0.00120933970902, 0.00121683452744, 0.000825366238132, 0.000908356742002, 0.000783039955422, 0.000514442275744, 0.000478391069919, 0.00020108341414, 0.000123596531921, 0.000259350927081, 0.000459851551568, 0.000196609427803, 9.02205356397e-05, 6.15281824139e-05, 5.29507378815e-05, 5.13363156642e-05, 3.9160149754e-05, 5.0796999858e-05, 2.60511787928e-05, 4.64999357064e-05, 3.24467982864e-05, 3.6335477489e-05, 3.36934317602e-05],
        "mean": [0.00141274149064, 0.000974522146862, 0.000295374105917, 0.0002413061884, 0.00034064927604, 0.0006209333078, 0.00059466593666, 0.000223347728024, 0.000215242267586, 0.000365983287338, 0.000411980523495, 0.000180742616067, 0.0001082345334, 7.74504296714e-05, 6.20603314019e-05, 6.88075087965e-05, 6.26417677267e-05, 4.50498009741e-05, 4.77982175653e-05, 3.88218868466e-05, 3.45854205079e-05, 3.05113408103e-05, 2.16440421354e-05, 2.15057843889e-05, 1.57799222507e-05, 9.94521087705e-06, 1.34464708026e-05, 1.6047995814e-05, 1.023009645e-05, 4.7967350838e-06, 3.74150044991e-06, 3.78667823497e-06, 2.80251015283e-06, 2.65909989139e-06, 2.58830823441e-06, 2.3109068934e-06, 2.26339352594e-06, 2.37981703322e-06, 1.65902008575e-06, 1.15904992981e-06],
        "min": [4.66793892429e-07, 2.12287275758e-07, 4.00346578999e-07, 9.42615940858e-07, 1.76790399564e-06, 2.38703432842e-06, 1.62647700108e-06, 8.28881866255e-07, 2.68442533979e-07, 5.69027633901e-07, 7.31116813313e-07, 3.58367401532e-07, 2.56936289134e-07, 1.67414995644e-07, 3.35379979788e-07, 2.16951221432e-07, 1.70943181388e-07, 1.95356520294e-07, 2.47162830647e-07, 1.34420076847e-07, 7.98738852836e-08, 9.73635039259e-08, 8.84788065036e-08, 7.16763821629e-08, 7.94005430294e-08, 5.08403275035e-08, 4.16015595306e-08, 6.96158437563e-08, 2.73912270643e-08, 2.70910831546e-08, 1.91275546513e-08, 3.09181267255e-08, 2.06233572442e-08, 2.46817180027e-08, 1.17250742449e-08, 2.27926366669e-09, 1.02162500681e-08, 5.20061727016e-09, 3.09480330252e-09, 1.8812598146e-09],
        "stdev": [0.001357619185, 0.00114551500883, 0.000576310849283, 0.000469713209895, 0.000657579861581, 0.000962168793194, 0.000956331321504, 0.000442783493781, 0.000593529257458, 0.000894707627594, 0.000940127065405, 0.000344137399225, 0.000200852126, 0.000193029845832, 0.000112020061351, 0.000158688184456, 0.000155183384777, 8.78030405147e-05, 7.58763271733e-05, 6.76260751789e-05, 6.13737356616e-05, 5.4214586271e-05, 3.49476613337e-05, 3.36311386491e-05, 2.14197098103e-05, 1.31679662445e-05, 2.20440433623e-05, 2.85908845399e-05, 1.58515795192e-05, 6.92371668265e-06, 5.59488262297e-06, 5.62771765544e-06, 4.22219818574e-06, 4.26309634349e-06, 3.75801778318e-06, 3.20796971209e-06, 3.94248354496e-06, 3.84927989217e-06, 2.95962104246e-06, 2.4028572625e-06]
    },
    "melbands128": {
        "max": [0.00379955815151, 0.016334977001, 0.0141270514578, 0.013063444756, 0.0139498747885, 0.0125294420868, 0.00565515458584, 0.00990519858897, 0.00972138065845, 0.00776929920539, 0.00746109196916, 0.00898840278387, 0.0126297958195, 0.0155938491225, 0.0143477506936, 0.0130738569424, 0.0204840321094, 0.0155327394605, 0.0114761544392, 0.00911534763873, 0.00779801094905, 0.00917411036789, 0.0162915550172, 0.0304094385356, 0.01545971632, 0.0190928764641, 0.016588319093, 0.018689673394, 0.0197383612394, 0.00833044014871, 0.00290399370715, 0.00560456048697, 0.00240976526402, 0.00511384801939, 0.00513477576897, 0.00534137710929, 0.00408124132082, 0.00327804195695, 0.00211745500565, 0.00375278363936, 0.00452237576246, 0.00361641892232, 0.00370598072186, 0.00428433902562, 0.00191792508122, 0.00228168279864, 0.00361764687113, 0.00158555270173, 0.00145075470209, 0.00169455097057, 0.0015494559193, 0.00143527740147, 0.0021687943954, 0.000721874763258, 0.00155168899801, 0.00132798904087, 0.000725744699594, 0.00117342080921, 0.000842128414661, 0.000677609641571, 0.000826741743367, 0.00084870448336, 0.000367173575796, 0.000311398296617, 0.000318782025715, 0.000172239087988, 0.000168096987181, 0.000300368235912, 0.000635906821117, 0.000573628989514, 0.00113749341108, 0.000827805954032, 0.000506289186887, 0.000308719289023, 0.000141536162118, 7.11325992597e-05, 0.000139295487315, 0.00010370858945, 8.60009749886e-05, 8.26858376968e-05, 4.57349378848e-05, 6.53306269669e-05, 7.81228009146e-05, 5.25408431713e-05, 3.98573465645e-05, 4.82772557007e-05, 5.6679458794e-05, 0.000132041241159, 4.10527354688e-05, 2.89549316221e-05, 3.82166617783e-05, 3.63395738532e-05, 4.65498123958e-05, 7.18054725439e-05, 7.13374247425e-05, 6.44415340503e-05, 4.69250880997e-05, 3.21058178088e-05, 3.61558595614e-05, 5.34200516995e-05, 5.23405688e-05, 4.45707446488e-05, 2.49846016231e-06, 4.85696638464e-08, 4.36336300425e-08, 7.27728490801e-08, 4.6408455745e-08, 2.92022068749e-08, 2.80393468444e-08, 2.69643578577e-08, 2.59381103263e-08, 2.49921612294e-08, 2.40457023182e-08, 2.32288215329e-08, 2.24888747624e-08, 2.17546141101e-08, 2.10997104233e-08, 2.04667554016e-08, 1.9926586603e-08, 1.94081692939e-08, 1.89542141982e-08, 1.85435684585e-08, 1.81810317912e-08, 1.7874180358e-08, 1.7619379733e-08, 1.73950915894e-08, 1.72548073607e-08, 1.7164044408e-08],
        "mean": [0.000325517321471, 0.00154982530512, 0.00174952473026, 0.00139597954694, 0.00107522739563, 0.000568079412915, 0.000248109397944, 0.000252333207754, 0.000301708641928, 0.000248615484452, 0.000196180699277, 0.000202843832085, 0.000351123278961, 0.000553795602173, 0.000572606455535, 0.000648977176752, 0.000819517532364, 0.000534686434548, 0.000415005517425, 0.000262778339675, 0.000129221167299, 9.96779490379e-05, 0.000213355233427, 0.000366568856407, 0.00027540983865, 0.000465604651254, 0.000359410070814, 0.000504527648445, 0.000357905519195, 0.000150392719661, 0.000141839875141, 0.000175943030627, 8.02314461907e-05, 9.69314205577e-05, 7.11439060979e-05, 7.47578887967e-05, 8.32791265566e-05, 6.63751270622e-05, 4.25556863775e-05, 5.1820272347e-05, 9.57376978477e-05, 6.14003874944e-05, 5.57328785362e-05, 7.23765551811e-05, 4.90224992973e-05, 4.00118005928e-05, 3.88690459658e-05, 4.85096134071e-05, 5.5736178183e-05, 3.56151031156e-05, 3.45290136465e-05, 4.45120167569e-05, 3.78216209356e-05, 2.60889464698e-05, 3.65225641872e-05, 3.25076180161e-05, 2.71260723821e-05, 1.52855282067e-05, 2.16515345528e-05, 2.92939494102e-05, 2.21859136218e-05, 1.48799763338e-05, 1.82896874321e-05, 1.61678763106e-05, 1.15658185678e-05, 9.599666555e-06, 8.80534844327e-06, 1.01615569292e-05, 1.55406851263e-05, 1.6163859982e-05, 1.74861124833e-05, 1.4896407265e-05, 1.38653458635e-05, 9.15849432204e-06, 6.47538809062e-06, 5.32056083102e-06, 3.58423585567e-06, 3.8911680349e-06, 3.41918507729e-06, 4.33569402958e-06, 3.36979746862e-06, 4.44513534603e-06, 2.74336434813e-06, 2.71275121122e-06, 2.61011905422e-06, 2.59395687863e-06, 2.51894334724e-06, 3.08086441692e-06, 2.59319949691e-06, 2.23731035476e-06, 2.41235898102e-06, 2.27459827329e-06, 2.29557372222e-06, 2.33784749071e-06, 2.02614796763e-06, 2.58701106759e-06, 2.59375542555e-06, 1.9022518245e-06, 1.75468653651e-06, 1.33117964651e-06, 1.72313832536e-06, 1.42346993925e-06, 5.68818414592e-08, 6.50708431582e-10, 1.27502175484e-10, 2.52842136117e-10, 2.34441049907e-10, 4.58709563389e-11, 3.27733985783e-11, 2.87442136065e-11, 2.69635008765e-11, 2.61520909095e-11, 2.56708074936e-11, 2.3225791082e-11, 2.20878974833e-11, 2.09753898278e-11, 1.69307363268e-11, 1.50990556863e-11, 1.44745691127e-11, 1.40474906013e-11, 1.36868441927e-11, 1.33843726033e-11, 1.3077110575e-11, 1.27959864926e-11, 1.24144262578e-11, 1.19454082043e-11, 1.1692287763e-11, 1.16068873263e-11],
        "min": [2.4845501212e-09, 9.21462586234e-08, 5.0188896239e-07, 3.22507645478e-07, 1.40221146694e-07, 1.42796672264e-08, 1.16129832861e-07, 4.86826721158e-08, 2.70175434025e-07, 6.67866629556e-07, 1.52851782786e-07, 1.97854973294e-07, 3.54075552877e-07, 7.21956155303e-07, 4.23199651323e-07, 5.24040615346e-07, 5.13902932653e-07, 6.38907749817e-07, 5.32806666342e-07, 5.18314436704e-07, 4.50235368987e-08, 7.20037007795e-08, 1.55811164859e-07, 1.59293264801e-07, 2.47042265755e-07, 1.83272078402e-07, 2.99144403471e-07, 6.78960532241e-08, 1.77711939386e-07, 2.67496460538e-08, 1.49985922349e-07, 2.50634997201e-07, 9.55954675419e-08, 3.91421757229e-08, 1.75590955109e-08, 4.52858444078e-08, 1.01286715903e-07, 1.70381298403e-07, 1.08345972194e-08, 4.78398369808e-08, 1.14684858943e-07, 2.39874182739e-08, 7.79596742717e-09, 8.28955180054e-08, 7.65077317055e-08, 2.10012327528e-08, 3.71459947246e-08, 9.46573095462e-08, 1.55001870894e-07, 5.1202626139e-08, 1.16021068308e-08, 1.58563207009e-08, 2.70160818161e-08, 1.87611099989e-08, 2.16867057645e-08, 2.81024092885e-08, 2.62459209921e-08, 1.41874201276e-08, 1.49057033383e-08, 3.07634984154e-08, 2.69527671293e-08, 1.81781700803e-08, 3.21821929106e-08, 5.12257827268e-08, 8.32859115008e-09, 1.41392311193e-08, 3.16955173219e-08, 1.89581084165e-09, 1.59585198389e-08, 3.90129741845e-08, 2.22479865641e-08, 1.90013338397e-08, 1.84119954838e-08, 1.79564683123e-08, 7.27057258842e-09, 1.04339710205e-08, 7.67560059955e-09, 2.37444686135e-09, 2.16193463132e-09, 1.43192862012e-08, 7.43406980419e-09, 7.57826512654e-09, 5.75884229193e-09, 2.77252998337e-09, 1.69732627953e-09, 5.99435345805e-09, 5.36467181789e-09, 3.59646601389e-09, 1.4372958379e-09, 3.06078096202e-09, 3.02374514316e-10, 4.40435493632e-10, 2.27029439692e-09, 1.5096609518e-09, 3.07105696429e-09, 2.56859400416e-09, 1.57565405168e-09, 2.42640152415e-09, 5.71545484551e-11, 3.10595993369e-11, 9.74801905862e-10, 6.71263183927e-11, 4.13311149628e-13, 1.15086122598e-13, 2.98036402957e-14, 3.05114684603e-14, 2.71255762264e-14, 2.55397713069e-14, 3.05514924611e-14, 2.91318076433e-14, 3.32913526661e-14, 3.59730759178e-14, 2.51997655056e-14, 2.90493134105e-14, 2.87764332762e-14, 3.4064077107e-14, 3.39593499534e-14, 3.10657905379e-14, 2.50240383563e-14, 2.79643760134e-14, 3.51082315617e-14, 2.43354615566e-14, 2.6072536396e-14, 2.98843422068e-14, 2.25842903948e-14, 9.88966954797e-15, 1.31452091288e-15, 7.00870860935e-17],
        "stdev": [0.000426563085057, 0.00183449790347, 0.00181500054896, 0.00151126005221, 0.00155828753486, 0.00105468020774, 0.000550811586436, 0.000662425300106, 0.000792084436398, 0.000550550583284, 0.000471390667371, 0.000542478053831, 0.000896181038115, 0.00129005801864, 0.00115792208817, 0.00128418090753, 0.00164242880419, 0.00112748786341, 0.00101925712079, 0.000661309226416, 0.000346687913407, 0.000318471720675, 0.000783995783422, 0.00125835603103, 0.000900935847312, 0.00161934259813, 0.00114886567462, 0.00148870970588, 0.00114076002501, 0.000422354292823, 0.000284988200292, 0.000378807249945, 0.000208806159208, 0.000299100065604, 0.000254136859439, 0.000300282583339, 0.000243792397669, 0.000147121099872, 9.44929124671e-05, 0.000180803588592, 0.000269841228146, 0.000220574322157, 0.000199941438041, 0.000241279209149, 0.000112108777103, 0.000128401399706, 0.000133962355903, 9.2282796686e-05, 0.000103402147943, 9.3388131063e-05, 8.31949218991e-05, 0.000104542988993, 0.000100541721622, 5.70120682823e-05, 8.88760550879e-05, 7.55506480346e-05, 5.91216339672e-05, 4.06328472309e-05, 5.21355250385e-05, 5.38959393452e-05, 4.83495896333e-05, 3.16829100484e-05, 3.12732518069e-05, 2.87794446194e-05, 1.94865624508e-05, 1.54294484673e-05, 1.44739860843e-05, 1.94760395971e-05, 3.57786302629e-05, 3.3073945815e-05, 4.54402361356e-05, 3.79829252779e-05, 2.82038708974e-05, 1.98198740691e-05, 1.14705926535e-05, 8.39467247715e-06, 7.28145869289e-06, 6.53345023238e-06, 5.94964012635e-06, 8.08496588434e-06, 5.09807978233e-06, 7.1932827268e-06, 4.56125735582e-06, 4.66095389129e-06, 4.50109519079e-06, 4.19185425926e-06, 4.47871343567e-06, 6.53968163533e-06, 3.76933076041e-06, 3.15766169479e-06, 3.78389040634e-06, 3.41811960425e-06, 4.09278163715e-06, 4.83295616505e-06, 4.15321119362e-06, 4.69062479169e-06, 4.5476899686e-06, 3.16104274134e-06, 3.22727964885e-06, 3.16132013722e-06, 3.7192585296e-06, 3.08300445795e-06, 1.53321266794e-07, 2.54165621882e-09, 1.39004852073e-09, 2.24962892759e-09, 1.69642166981e-09, 6.6780819763e-10, 6.42103203941e-10, 6.13737338728e-10, 5.84633230716e-10, 5.6283605554e-10, 5.40760103362e-10, 5.16351350566e-10, 4.97937802102e-10, 4.8027753996e-10, 4.6128889597e-10, 4.46718634306e-10, 4.34841385122e-10, 4.2350406515e-10, 4.13590744985e-10, 4.04627803485e-10, 3.96699673111e-10, 3.89988819016e-10, 3.84385190344e-10, 3.79450415533e-10, 3.76389447387e-10, 3.74410641379e-10]
    },
    "mfcc": {
        "mean": [-620.431274414, 107.312530518, 0.0405995845795, 14.7565364838, 0.211378484964, 1.49894809723, 1.38392543793, 3.96337127686, 1.76615869999, 8.64249706268, -1.13285553455, 5.40919685364, 2.93759632111],
        "cov": [[2558.50537109, -640.886108398, -402.905975342, -17.5978546143, 22.0061798096, -152.709869385, 27.6308917999, 77.9786071777, 120.587257385, -20.8183898926, -75.4685821533, -57.9317932129, -24.8368530273], [-640.886108398, 843.233825684, -95.2367630005, -51.7723312378, -28.4244670868, 32.6745071411, 56.805519104, 12.2245292664, -47.6544036865, 47.839138031, 32.3791046143, 3.22166347504, -4.88272762299], [-402.905975342, -95.2367630005, 759.486816406, 26.1459598541, 91.4633560181, 104.674949646, -87.2656707764, -33.8547592163, -42.9806365967, -66.893196106, 67.448425293, 30.7336826324, 20.3174610138], [-17.5978546143, -51.7723312378, 26.1459598541, 270.618347168, 56.523147583, -15.2184715271, -44.5769844055, -15.4803638458, -17.2051277161, -17.4064750671, -17.3008937836, 56.3492355347, 31.4424705505], [22.0061798096, -28.4244670868, 91.4633560181, 56.523147583, 177.227371216, 44.2408218384, -6.22361707687, 10.5601863861, 33.2904434204, -11.3725118637, 6.85030317307, 17.2459087372, 18.7779998779], [-152.709869385, 32.6745071411, 104.674949646, -15.2184715271, 44.2408218384, 225.239334106, 106.595420837, 12.1836004257, 5.82939100266, 0.980430960655, 36.6130867004, -18.8671092987, -9.72101211548], [27.6308917999, 56.805519104, -87.2656707764, -44.5769844055, -6.22361707687, 106.595420837, 190.445022583, 47.3275756836, 13.9350566864, 27.7160301208, 21.5381507874, -23.8272247314, -18.7058677673], [77.9786071777, 12.2245292664, -33.8547592163, -15.4803638458, 10.5601863861, 12.1836004257, 47.3275756836, 125.466827393, 74.1225814819, 13.5181112289, 6.14172410965, -21.6131858826, -18.5114784241], [120.587257385, -47.6544036865, -42.9806365967, -17.2051277161, 33.2904434204, 5.82939100266, 13.9350566864, 74.1225814819, 132.466903687, 31.1254501343, 7.56524753571, -21.429599762, -19.390247345], [-20.8183898926, 47.839138031, -66.893196106, -17.4064750671, -11.3725118637, 0.980430960655, 27.7160301208, 13.5181112289, 31.1254501343, 90.9774856567, 21.4512805939, 0.469501465559, -6.24576234818], [-75.4685821533, 32.3791046143, 67.448425293, -17.3008937836, 6.85030317307, 36.6130867004, 21.5381507874, 6.14172410965, 7.56524753571, 21.4512805939, 77.3470687866, 18.2220230103, 0.855839669704], [-57.9317932129, 3.22166347504, 30.7336826324, 56.3492355347, 17.2459087372, -18.8671092987, -23.8272247314, -21.6131858826, -21.429599762, 0.469501465559, 18.2220230103, 95.1872253418, 47.3263435364], [-24.8368530273, -4.88272762299, 20.3174610138, 31.4424705505, 18.7779998779, -9.72101211548, -18.7058677673, -18.5114784241, -19.390247345, -6.24576234818, 0.855839669704, 47.3263435364, 80.3989257812]],
        "icov": [[0.000609898124821, 0.000481942348415, 0.00033935304964, 9.13508192752e-05, -0.000280146166915, 0.000405083061196, -0.000244742812356, -0.000170304207131, -0.000111830289825, 0.000268860982032, -8.32516234368e-05, 0.000222612463403, -2.17864726437e-05], [0.000481942348415, 0.00174414308276, 0.000514146930072, 0.000314160046401, -0.000356155273039, 6.90164742991e-05, -5.90848321735e-05, -0.000794884224888, 0.00111355318222, -0.000525618204847, -0.000542783876881, 8.15025196061e-05, 8.23090813356e-05], [0.00033935304964, 0.000514146930072, 0.00234173936769, 0.000240959983785, -0.000883695145603, -0.00121225020848, 0.00174549606163, -0.00064809381729, 0.000981988501735, 0.00120740476996, -0.0021060151048, 8.30053904792e-05, 7.09478117642e-05], [9.13508192752e-05, 0.000314160046401, 0.000240959983785, 0.00484814262018, -0.00144928426016, -0.000373744172975, 0.000896173471119, -0.00064919271972, 0.000885124783963, -1.99635469471e-05, 0.00153895630501, -0.00290617789142, 0.000348972185748], [-0.000280146166915, -0.000356155273039, -0.000883695145603, -0.00144928426016, 0.007755021099, -0.00160947523545, 0.000222779184696, 0.00063132942887, -0.00315431063063, 0.000882811902557, 0.000513293547556, -0.000630260095932, -0.0014533684589], [0.000405083061196, 6.90164742991e-05, -0.00121225020848, -0.000373744172975, -0.00160947523545, 0.0086217392236, -0.0056428713724, 0.00163678906392, -0.000913751893677, 0.00098925374914, -0.00183530536015, 0.00210622767918, -0.000299630279187], [-0.000244742812356, -5.90848321735e-05, 0.00174549606163, 0.000896173471119, 0.000222779184696, -0.0056428713724, 0.0107558136806, -0.00412151496857, 0.0028157858178, -0.0017569581978, -0.00134781771339, 8.47477986099e-06, 0.000500408525113], [-0.000170304207131, -0.000794884224888, -0.00064809381729, -0.00064919271972, 0.00063132942887, 0.00163678906392, -0.00412151496857, 0.0142219895497, -0.00843631010503, 0.00191687687766, -0.000150772350025, 0.000915294978768, 0.00025995602482], [-0.000111830289825, 0.00111355318222, 0.000981988501735, 0.000885124783963, -0.00315431063063, -0.000913751893677, 0.0028157858178, -0.00843631010503, 0.0152866272256, -0.0045734802261, -0.00116641900968, 0.00122345692944, 0.00140142382588], [0.000268860982032, -0.000525618204847, 0.00120740476996, -1.99635469471e-05, 0.000882811902557, 0.00098925374914, -0.0017569581978, 0.00191687687766, -0.0045734802261, 0.0151842953637, -0.00443874532357, -0.000469572347356, 0.000100051183836], [-8.32516234368e-05, -0.000542783876881, -0.0021060151048, 0.00153895630501, 0.000513293547556, -0.00183530536015, -0.00134781771339, -0.000150772350025, -0.00116641900968, -0.00443874532357, 0.0191848501563, -0.00591704947874, 0.00183425587602], [0.000222612463403, 8.15025196061e-05, 8.30053904792e-05, -0.00290617789142, -0.000630260095932, 0.00210622767918, 8.47477986099e-06, 0.000915294978768, 0.00122345692944, -0.000469572347356, -0.00591704947874, 0.0189830232412, -0.00904879253358], [-2.17864726437e-05, 8.23090813356e-05, 7.09478117642e-05, 0.000348972185748, -0.0014533684589, -0.000299630279187, 0.000500408525113, 0.00025995602482, 0.00140142382588, 0.000100051183836, 0.00183425587602, -0.00904879253358, 0.0184140950441]]
    },
    "spectral_contrast_coeffs": {
        "max": [-0.386087656021, -0.441111028194, -0.45085683465, -0.527427494526, -0.618982553482, -0.606507897377],
        "mean": [-0.753643929958, -0.717192292213, -0.732435166836, -0.773012876511, -0.780597090721, -0.734319627285],
        "min": [-0.921520292759, -0.911721110344, -0.898599505424, -0.88677829504, -0.884815692902, -0.881455302238],
        "stdev": [0.072523035109, 0.0814231559634, 0.0739439055324, 0.0508353188634, 0.0432137139142, 0.0365497842431]
    },
    "spectral_contrast_valleys": {
        "max": [-5.21698951721, -4.83373832703, -5.33659791946, -5.7210149765, -5.66202020645, -8.08690834045],
        "mean": [-6.77720308304, -6.64766979218, -7.25131225586, -7.47800254822, -7.37923288345, -10.2930059433],
        "min": [-10.0717792511, -8.85035514832, -9.5363445282, -9.34223175049, -9.63229560852, -13.3547143936],
        "stdev": [0.604449927807, 0.591098129749, 0.684282243252, 0.682905673981, 0.737310171127, 0.948640942574]
    }
},
"rhythm": {
    "beats_count": 72,
    "beats_loudness": {
        "max": 0.0801726803184,
        "mean": 0.0352453328669,
        "min": 0.0144401369616,
        "stdev": 0.0144772846252
    },
    "bpm": 89.2207870483,
    "bpm_histogram_first_peak_bpm": 89,
    "bpm_histogram_first_peak_weight": 0.183098614216,
    "bpm_histogram_second_peak_bpm": 0,
    "bpm_histogram_second_peak_spread": 0,
    "bpm_histogram_second_peak_weight": 0,
    "danceability": 1.26099848747,
    "onset_rate": 4.0400390625,
    "beats_loudness_band_ratio": {
        "max": [0.833211004734, 0.55324202776, 0.66928344965, 0.580042362213, 0.380069851875, 0.291999876499],
        "mean": [0.312785804272, 0.147199600935, 0.257403194904, 0.161011636257, 0.11325892061, 0.0882308334112],
        "min": [0.0320568867028, 0.0106490794569, 0.0189936086535, 0.00909966602921, 0.00769513472915, 0.00743960309774],
        "stdev": [0.199073463678, 0.126049339771, 0.172531783581, 0.151982426643, 0.0764096677303, 0.050964076072]
    },
    "beats_position": [0.684988677502, 1.38158726692, 2.08979582787, 2.79800438881, 3.48299312592, 4.15637159348, 4.82975053787, 5.50312900543, 6.17650794983, 6.84988641739, 7.52326536179, 8.19664382935, 8.87002277374, 9.54340076447, 10.2167797089, 10.8785486221, 11.5403175354, 12.2136955261, 12.8870744705, 13.5604534149, 14.2338323593, 14.90721035, 15.5805892944, 16.2539672852, 16.9273471832, 17.600725174, 18.2624931335, 18.9242630005, 19.5976409912, 20.2710208893, 20.94439888, 21.6177768707, 22.2911567688, 22.9645347595, 23.6379127502, 24.3112926483, 24.984670639, 25.6580486298, 26.3314285278, 27.0048065186, 27.6665763855, 28.3283443451, 29.0017223358, 29.6751022339, 30.3484802246, 31.0218582153, 31.6952381134, 32.3686180115, 33.0419960022, 33.7153739929, 34.3887519836, 35.0621299744, 35.7355079651, 36.397277832, 37.059047699, 37.7324256897, 38.4058036804, 39.0791816711, 39.7525634766, 40.4259414673, 41.099319458, 41.7726974487, 42.4460754395, 43.1194534302, 43.7928352356, 44.4662132263, 45.1279792786, 45.7897491455, 46.4631271362, 47.1365089417, 47.8214950562, 48.5064849854],
