{
"metadata": {
    "version": {
        "essentia": "2.1-beta5",
        "essentia_git_sha": "Undefined",
        "extractor": "music 2.0"
    },
    "audio_properties": {
        "analysis": {
            "equal_loudness": 0,
            "length": 16.2423591614,
            "sample_rate": 44100,
            "start_time": 0,
            "downmix": "mix"
        },
        "bit_rate": 192000,
        "length": 198.042999268,
        "lossless": 0,
        "number_channels": 2,
        "replay_gain": -11.6451015472,
        "sample_rate": 48000,
        "codec": "mp3",
        "md5_encoded": "466f1c5f0815620dcc17b82978b5d64a"
    },
    "tags": {
        "file_name": "Germany_Reise Nach Jerusalem - Kudüs_e Seyahat_Sürpriz.mp3",
        "encoding": ["Lavf58.29.100"]
    }
},
"lowlevel": {
    "average_loudness": 0.975149333477,
    "barkbands_crest": {
        "max": 22.2832050323,
        "mean": 8.13137245178,
        "min": 2.47117161751,
        "stdev": 3.35007619858
    },
    "barkbands_flatness_db": {
        "max": 0.180705323815,
        "mean": 0.101891152561,
        "min": 0.0337615013123,
        "stdev": 0.0262589808553
    },
    "barkbands_kurtosis": {
        "max": 16.1212272644,
        "mean": 1.15587437153,
        "min": -1.71133387089,
        "stdev": 2.08172750473
    },
    "barkbands_skewness": {
        "max": 3.98389935493,
        "mean": 1.13694953918,
        "min": -1.89243674278,
        "stdev": 0.652855873108
    },
    "barkbands_spread": {
        "max": 85.088432312,
        "mean": 28.026884079,
        "min": 8.04066085815,
        "stdev": 12.3576593399
    },
    "dissonance": {
        "max": 0.499942809343,
        "mean": 0.479110985994,
        "min": 0.362535715103,
        "stdev": 0.017211470753
    },
    "dynamic_complexity": 1.57360088825,
    "erbbands_crest": {
        "max": 20.0651226044,
        "mean": 6.7701830864,
        "min": 2.76482391357,
        "stdev": 2.7384352684
    },
    "erbbands_flatness_db": {
        "max": 0.2578574121,
        "mean": 0.144683390856,
        "min": 0.0769013017416,
        "stdev": 0.0405132211745
    },
    "erbbands_kurtosis": {
        "max": 3.92965078354,
        "mean": -0.0779984220862,
        "min": -1.61377179623,
        "stdev": 0.931535303593
    },
    "erbbands_skewness": {
        "max": 1.88018298149,
        "mean": 0.390829741955,
        "min": -0.963465094566,
        "stdev": 0.51312315464
    },
    "erbbands_spread": {
        "max": 90.6808547974,
        "mean": 40.7182273865,
        "min": 12.291349411,
        "stdev": 15.8878135681
    },
    "hfc": {
        "max": 160.888214111,
        "mean": 34.2127113342,
        "min": 1.18989229667e-16,
        "stdev": 20.7202777863
    },
    "loudness_ebu128": {
        "integrated": -10.6824913025,
        "loudness_range": 1.8445110321,
        "momentary": {
            "max": -8.38175868988,
            "mean": -10.9142580032,
            "min": -18.1297702789,
            "stdev": 1.53224301338
        },
        "short_term": {
            "max": -9.72236824036,
            "mean": -10.5515422821,
            "min": -11.8154668808,
            "stdev": 0.58534014225
        }
    },
    "melbands_crest": {
        "max": 26.8718967438,
        "mean": 11.7289772034,
        "min": 1.55292773247,
        "stdev": 4.40528202057
    },
    "melbands_flatness_db": {
        "max": 0.258300930262,
        "mean": 0.126960217953,
        "min": 0.00152864505071,
        "stdev": 0.0360030978918
    },
    "melbands_kurtosis": {
        "max": 65.6311645508,
        "mean": 7.50409698486,
        "min": -1.19230771065,
        "stdev": 7.14486026764
    },
    "melbands_skewness": {
        "max": 7.23842859268,
        "mean": 2.17627048492,
        "min": -0.0346824638546,
        "stdev": 1.01307988167
    },
    "melbands_spread": {
        "max": 143.342483521,
        "mean": 30.0938949585,
        "min": 6.34998703003,
        "stdev": 16.051990509
    },
    "pitch_salience": {
        "max": 0.956389129162,
        "mean": 0.618973731995,
        "min": 0.245702087879,
        "stdev": 0.109761960804
    },
    "silence_rate_20dB": {
        "max": 1,
        "mean": 1,
        "min": 1,
        "stdev": 0
    },
    "silence_rate_30dB": {
        "max": 1,
        "mean": 1,
        "min": 1,
        "stdev": 0
    },
    "silence_rate_60dB": {
        "max": 1,
        "mean": 0.00713266758248,
        "min": 0,
        "stdev": 0.0841542556882
    },
    "spectral_centroid": {
        "max": 11119.4736328,
        "mean": 1786.20983887,
        "min": 563.282226562,
        "stdev": 633.585632324
    },
    "spectral_complexity": {
        "max": 51,
        "mean": 30.5235385895,
        "min": 0,
        "stdev": 8.7679567337
    },
    "spectral_decrease": {
        "max": 1.18742994054e-28,
        "mean": -7.09629688345e-09,
        "min": -3.61279006711e-08,
        "stdev": 3.93926713471e-09
    },
    "spectral_energy": {
        "max": 0.139309749007,
        "mean": 0.0298862755299,
        "min": 1.06145892232e-20,
        "stdev": 0.0157736204565
    },
    "spectral_energyband_high": {
        "max": 0.0168865509331,
        "mean": 0.00191148999147,
        "min": 7.59171341241e-21,
        "stdev": 0.00175936380401
    },
    "spectral_energyband_low": {
        "max": 0.124427400529,
        "mean": 0.00783071666956,
        "min": 3.21261552613e-23,
        "stdev": 0.0115303946659
    },
    "spectral_energyband_middle_high": {
        "max": 0.0436600595713,
        "mean": 0.00961660314351,
        "min": 1.57859453042e-21,
        "stdev": 0.00754433032125
    },
    "spectral_energyband_middle_low": {
        "max": 0.054504904896,
        "mean": 0.0113880792633,
        "min": 3.0963658908e-22,
        "stdev": 0.00864745210856
    },
    "spectral_entropy": {
        "max": 9.81319904327,
        "mean": 8.04681587219,
        "min": 7.52662372589,
        "stdev": 0.196772158146
    },
    "spectral_flux": {
        "max": 0.296992361546,
        "mean": 0.0981583744287,
        "min": 6.61513829825e-11,
        "stdev": 0.0315287783742
    },
    "spectral_kurtosis": {
        "max": 11.1284999847,
        "mean": 2.44667291641,
        "min": -1.19133925438,
        "stdev": 1.10542535782
    },
    "spectral_rms": {
        "max": 0.011658128351,
        "mean": 0.00520764105022,
        "min": 3.21802675653e-12,
        "stdev": 0.00142751983367
    },
    "spectral_rolloff": {
        "max": 19358.3496094,
        "mean": 2230.88330078,
        "min": 107.666015625,
        "stdev": 1871.58679199
    },
    "spectral_skewness": {
        "max": 2.65366864204,
        "mean": 1.29500961304,
        "min": -0.0346888378263,
        "stdev": 0.251737743616
    },
    "spectral_spread": {
        "max": 40685624,
        "mean": 5417732.5,
        "min": 3414481.75,
        "stdev": 2295610.25
    },
    "spectral_strongpeak": {
        "max": 5.61638975143,
        "mean": 1.02660763264,
        "min": 2.90080026666e-09,
        "stdev": 0.996576726437
    },
    "zerocrossingrate": {
        "max": 0.54541015625,
        "mean": 0.0904797017574,
        "min": 0.01220703125,
        "stdev": 0.0472218133509
    },
    "barkbands": {
        "max": [0.00365857314318, 0.114973001182, 0.0421008057892, 0.0188112780452, 0.0256443563849, 0.0337712317705, 0.0282259248197, 0.035431355238, 0.0316369943321, 0.0368495173752, 0.0230130292475, 0.00979879405349, 0.0156443044543, 0.00716966064647, 0.0138791324571, 0.0081237219274, 0.00973778404295, 0.005261243321, 0.00449591269717, 0.00241353199817, 0.00296641490422, 0.00348947709426, 0.00495556369424, 0.00703042373061, 0.00568005302921, 0.00156479969155, 3.67780444321e-06],
        "mean": [0.000187330675544, 0.00497946795076, 0.00216514873318, 0.00104082026519, 0.00214179768227, 0.00213617645204, 0.00131114246324, 0.00152934121434, 0.00251511670649, 0.0024015950039, 0.00122780841775, 0.000811238423921, 0.000969444576185, 0.00098698749207, 0.00106464792043, 0.000731994165108, 0.000661584141199, 0.00048981216969, 0.000457746209577, 0.000380538462196, 0.000363724684576, 0.000380878307624, 0.00030059137498, 0.000364229432307, 0.000223805414862, 6.32323208265e-05, 6.767427152e-08],
        "min": [6.71892554499e-24, 6.90610724945e-24, 4.24208137403e-24, 5.23673597347e-24, 3.43370357669e-23, 4.24379903976e-23, 5.46565559844e-23, 3.79819644241e-23, 1.43909638797e-23, 3.52608045087e-23, 8.66464939e-23, 4.71663500883e-23, 5.67322131091e-23, 6.2192039341e-23, 1.89222134204e-22, 1.74258389465e-22, 1.12667424268e-22, 2.59557830794e-22, 2.42765064715e-22, 2.42377954891e-22, 3.68588959699e-22, 4.0895248573e-22, 6.26515602846e-22, 8.2413810857e-22, 9.52545327382e-22, 1.63916228622e-21, 2.57448434404e-21],
        "stdev": [0.000344859377947, 0.00904692430049, 0.00389125826769, 0.00202586548403, 0.00286697759293, 0.00309631228447, 0.00254127522931, 0.0027435994707, 0.00395811861381, 0.00389911979437, 0.00229001767002, 0.000910978531465, 0.00124257884454, 0.00109512545168, 0.00116220465861, 0.000740800634958, 0.000655537180137, 0.000483455194626, 0.000353948038537, 0.000311783165671, 0.000280659354758, 0.000267820636509, 0.00033149131923, 0.000634404539596, 0.000475756765809, 0.000132200453663, 2.3212660949e-07]
    },
    "erbbands": {
        "max": [3.73754835129, 23.6394252777, 43.7145118713, 59.169834137, 77.4538803101, 61.2761116028, 239.44694519, 321.992736816, 345.249298096, 593.889648438, 427.178588867, 993.59564209, 1044.63745117, 832.564941406, 698.799438477, 284.416473389, 763.47088623, 407.695617676, 754.227783203, 411.935058594, 353.199310303, 632.796508789, 353.768920898, 176.888320923, 134.994247437, 128.943405151, 116.125740051, 125.567604065, 127.165405273, 92.6783676147, 139.474639893, 158.828155518, 142.302841187, 65.2395477295, 35.629611969, 12.9802513123, 2.26873660088, 0.0915596112609, 0.0026333539281, 0.000302796281176],
        "mean": [0.147922724485, 1.10847115517, 2.45141410828, 3.11638021469, 4.84063053131, 6.13548469543, 17.1433925629, 16.5793571472, 18.9540920258, 21.0317783356, 40.3534240723, 63.4894752502, 61.7878570557, 71.5787963867, 42.8692893982, 35.1240539551, 44.7064552307, 46.2780532837, 63.500579834, 46.1330451965, 39.5122451782, 34.3699645996, 29.2801322937, 23.7344303131, 21.3308887482, 18.4545516968, 16.051109314, 14.5075139999, 14.3261241913, 9.69531726837, 8.57725429535, 8.07255458832, 5.68413162231, 3.01960301399, 1.25598108768, 0.465502738953, 0.0826591998339, 0.00352940103039, 0.00012086496281, 4.77416506328e-05],
        "min": [6.03519941427e-22, 5.13184285861e-22, 5.50663544572e-21, 1.47603158636e-20, 5.72765447032e-20, 1.56662851063e-19, 1.08512422037e-19, 5.28539356702e-19, 6.60956393714e-19, 1.7856397514e-18, 5.96613270887e-19, 3.55179619405e-19, 8.89898894163e-19, 2.22045882092e-18, 2.44397667091e-18, 2.52743319766e-18, 3.09987216684e-18, 3.87384149136e-18, 6.09136961137e-18, 1.03049110192e-17, 8.34908630144e-18, 7.75910634698e-18, 1.45914461531e-17, 1.28650705839e-17, 1.05114439561e-17, 1.27593693093e-17, 1.24756025186e-17, 1.18603166277e-17, 1.30584852634e-17, 1.84878258346e-17, 1.72120949544e-17, 1.49739361227e-17, 1.39568348415e-17, 7.84173341837e-18, 8.24467873734e-18, 5.92534164113e-18, 3.06596892867e-18, 1.27009974482e-18, 3.09687916889e-19, 4.05903698123e-20],
        "stdev": [0.273863434792, 2.02663660049, 4.02090501785, 5.526304245, 7.93512296677, 8.42176151276, 27.7267875671, 28.1175861359, 33.2438964844, 47.9416542053, 54.0900535583, 105.690681458, 103.444587708, 102.324371338, 63.4946670532, 35.2197532654, 57.3666877747, 46.4940376282, 68.5826797485, 44.1519813538, 35.2801094055, 37.5042381287, 27.6075229645, 19.7373828888, 15.6527023315, 14.8873996735, 11.950255394, 10.9246835709, 10.1692724228, 7.53991746902, 10.0366840363, 12.9014577866, 10.818523407, 6.33718109131, 2.79455065727, 1.02294743061, 0.174472808838, 0.0089213391766, 0.000225961150136, 3.03067663481e-05]
    },
    "gfcc": {
        "mean": [42.0318603516, 58.0110206604, -141.293182373, 31.8525238037, -73.9685516357, 29.5239830017, -42.2012710571, 18.3627929688, -22.494726181, 6.48024368286, -18.3158454895, 0.144985482097, -6.07608890533],
        "cov": [[10241.3066406, 755.775695801, -319.553649902, 536.985656738, -368.05480957, 170.638656616, -352.974609375, 132.274627686, -186.332931519, 88.7500152588, -54.4992904663, 45.521900177, -84.9639968872], [755.775695801, 938.412475586, 614.559448242, 621.308410645, 153.838989258, -61.2739295959, -6.80702543259, -69.1333618164, 63.849811554, 21.6571674347, 127.601081848, -3.64030718803, 11.2124681473], [-319.553649902, 614.559448242, 1192.71838379, 656.427185059, 274.950042725, -36.8905944824, -36.6177902222, -79.7892990112, 4.33580064774, 66.538482666, 114.885993958, 49.7217903137, -42.2028999329], [536.985656738, 621.308410645, 656.427185059, 620.916687012, 192.506469727, -17.0091438293, -27.6504039764, -59.8628845215, 36.0260696411, 36.7301101685, 91.472076416, 15.4400281906, -12.7574005127], [-368.05480957, 153.838989258, 274.950042725, 192.506469727, 225.141342163, 72.8611373901, 56.3037071228, 4.70714139938, 18.2612075806, 24.8048038483, 17.9394931793, 2.78130483627, -19.9900665283], [170.638656616, -61.2739295959, -36.8905944824, -17.0091438293, 72.8611373901, 146.126403809, 69.4990997314, 35.5901412964, -16.5432853699, 6.99007177353, -12.575009346, -12.8260774612, -14.5012483597], [-352.974609375, -6.80702543259, -36.6177902222, -27.6504039764, 56.3037071228, 69.4990997314, 115.187713623, 40.0297470093, 21.1827373505, 4.51375579834, 5.47960996628, -10.2115764618, 6.36415338516], [132.274627686, -69.1333618164, -79.7892990112, -59.8628845215, 4.70714139938, 35.5901412964, 40.0297470093, 78.1755828857, 32.8400421143, 15.3390483856, -11.4715328217, -3.76327776909, -2.87121224403], [-186.332931519, 63.849811554, 4.33580064774, 36.0260696411, 18.2612075806, -16.5432853699, 21.1827373505, 32.8400421143, 87.081451416, 30.7234535217, 25.5912075043, 0.859210371971, 11.5389537811], [88.7500152588, 21.6571674347, 66.538482666, 36.7301101685, 24.8048038483, 6.99007177353, 4.51375579834, 15.3390483856, 30.7234535217, 62.1309165955, 34.2169342041, 21.4427852631, -0.135148748755], [-54.4992904663, 127.601081848, 114.885993958, 91.472076416, 17.9394931793, -12.575009346, 5.47960996628, -11.4715328217, 25.5912075043, 34.2169342041, 83.4703369141, 28.9557113647, 16.9615592957], [45.521900177, -3.64030718803, 49.7217903137, 15.4400281906, 2.78130483627, -12.8260774612, -10.2115764618, -3.76327776909, 0.859210371971, 21.4427852631, 28.9557113647, 56.4550666809, 18.9093132019], [-84.9639968872, 11.2124681473, -42.2028999329, -12.7574005127, -19.9900665283, -14.5012483597, 6.36415338516, -2.87121224403, 11.5389537811, -0.135148748755, 16.9615592957, 18.9093132019, 50.6773605347]],
        "icov": [[0.000658754492179, -0.00141948845703, 0.00106215395499, -0.00141073158011, 0.00206417264417, -0.00216130586341, 0.00265342346393, -0.00342492363416, 0.00302520929836, -0.00253011076711, 0.00182405451778, -0.00187194393948, 0.00100882526021], [-0.00141948845703, 0.00728079024702, -0.00220065377653, -0.0011270790128, -0.00401662476361, 0.006123107858, -0.00715187983587, 0.00761424656957, -0.00701702432707, 0.00701023684815, -0.00689363712445, 0.00671200500801, -0.00319061102346], [0.00106215395499, -0.00220065377653, 0.00445031607524, -0.00454861903563, 0.00156826607417, -0.00163305085152, 0.00392762478441, -0.00569673581049, 0.00695871189237, -0.00531029235572, 0.00205985107459, -0.00407449761406, 0.00339632807299], [-0.00141073158011, -0.0011270790128, -0.00454861903563, 0.0122077697888, -0.00665480457246, 0.0021218417678, -0.00197042920627, 0.00862499326468, -0.00865219254047, 0.00560585455969, -0.00361608434469, 0.00334278377704, -0.00216440530494], [0.00206417264417, -0.00401662476361, 0.00156826607417, -0.00665480457246, 0.0174971278757, -0.0114074619487, 0.00393106322736, -0.00812419969589, 0.00599810853601, -0.00847770180553, 0.00914594903588, -0.00808290019631, 0.0052303634584], [-0.00216130586341, 0.006123107858, -0.00163305085152, 0.0021218417678, -0.0114074619487, 0.0229739397764, -0.015304453671, 0.00583540648222, -0.000760932394769, 0.00433703418821, -0.00745330192149, 0.00935083720833, -0.00228703627363], [0.00265342346393, -0.00715187983587, 0.00392762478441, -0.00197042920627, 0.00393106322736, -0.015304453671, 0.0290494356304, -0.0188513062894, 0.00928032770753, -0.00644781300798, 0.00315552810207, -0.0044109239243, -0.00027959558065], [-0.00342492363416, 0.00761424656957, -0.00569673581049, 0.00862499326468, -0.00812419969589, 0.00583540648222, -0.0188513062894, 0.0429646149278, -0.0273906607181, 0.00976231694221, -0.0030381702818, 0.00591452652588, -0.00166019005701], [0.00302520929836, -0.00701702432707, 0.00695871189237, -0.00865219254047, 0.00599810853601, -0.000760932394769, 0.00928032770753, -0.0273906607181, 0.0394275896251, -0.0216630622745, 0.00426644692197, -0.00178881874308, -0.000123298828839], [-0.00253011076711, 0.00701023684815, -0.00531029235572, 0.00560585455969, -0.00847770180553, 0.00433703418821, -0.00644781300798, 0.00976231694221, -0.0216630622745, 0.040925912559, -0.0172775611281, -0.000295479636407, 0.00139046297409], [0.00182405451778, -0.00689363712445, 0.00205985107459, -0.00361608434469, 0.00914594903588, -0.00745330192149, 0.00315552810207, -0.0030381702818, 0.00426644692197, -0.0172775611281, 0.0318880081177, -0.0143618276343, -3.64953957614e-05], [-0.00187194393948, 0.00671200500801, -0.00407449761406, 0.00334278377704, -0.00808290019631, 0.00935083720833, -0.0044109239243, 0.00591452652588, -0.00178881874308, -0.000295479636407, -0.0143618276343, 0.0371252559125, -0.0154379494488], [0.00100882526021, -0.00319061102346, 0.00339632807299, -0.00216440530494, 0.0052303634584, -0.00228703627363, -0.00027959558065, -0.00166019005701, -0.000123298828839, 0.00139046297409, -3.64953957614e-05, -0.0154379494488, 0.0315676443279]]
    },
    "melbands": {
        "max": [0.0333346761763, 0.0191543512046, 0.0100721605122, 0.00398978404701, 0.00807924941182, 0.00680959131569, 0.00509859295562, 0.00762642221525, 0.00284694624133, 0.00631936546415, 0.00551359681413, 0.00401365943253, 0.0033266544342, 0.00133038824424, 0.00113318220247, 0.00175465724897, 0.000804462353699, 0.0011711793486, 0.00087044382235, 0.000538694497664, 0.000366109859897, 0.000606420449913, 0.000510878162459, 0.000261168461293, 0.000158535185619, 0.000193274405319, 8.14980085124e-05, 0.000101641235233, 6.84445112711e-05, 7.58802343626e-05, 7.10612730472e-05, 8.51476652315e-05, 4.92812941957e-05, 4.92039398523e-05, 6.06625035289e-05, 0.00013705083984, 8.98137805052e-05, 9.38170487643e-05, 9.27281944314e-05, 5.46776500414e-05],
        "mean": [0.00138256349601, 0.00131381233223, 0.000600247469265, 0.000380189041607, 0.000536573468708, 0.000370128807845, 0.000288797775283, 0.000246147974394, 0.000353317649569, 0.000387439067708, 0.000307278241962, 0.000300928892102, 0.000160555777256, 9.5049632364e-05, 8.76332560438e-05, 9.89193940768e-05, 8.43512825668e-05, 0.000105721592263, 7.06821665517e-05, 5.57144703635e-05, 4.46605081379e-05, 3.61651691492e-05, 3.16896948789e-05, 2.25380936172e-05, 1.85850294656e-05, 1.7668808141e-05, 1.21947005027e-05, 1.23711706692e-05, 1.02390777101e-05, 8.55438884173e-06, 8.55706639413e-06, 8.77344700712e-06, 6.17475552644e-06, 5.0847293096e-06, 5.0018516049e-06, 4.62937259726e-06, 5.1091133173e-06, 4.0112604438e-06, 3.57071508006e-06, 2.18191485146e-06],
        "min": [5.5073365632e-24, 1.94431868652e-24, 3.11196318551e-24, 7.78762696773e-24, 4.36864858424e-24, 1.09602748561e-23, 9.58036543967e-24, 2.19431505771e-23, 4.01011051396e-24, 2.02748296694e-24, 4.38094692575e-24, 8.39597519859e-24, 1.09995104309e-23, 4.71281913086e-24, 6.02546592778e-24, 6.06013675899e-24, 7.29998865487e-24, 7.43156513183e-24, 1.52218710712e-23, 1.35508948577e-23, 7.47511972013e-24, 5.86951838201e-24, 1.06604185708e-23, 1.38911984082e-23, 9.38167346575e-24, 7.4581505332e-24, 7.29867125715e-24, 8.15840973699e-24, 7.10149468503e-24, 8.72612374262e-24, 6.05948910419e-24, 6.97477995783e-24, 8.06668887954e-24, 1.10212506486e-23, 1.02018466269e-23, 9.40465613936e-24, 8.6349329997e-24, 1.00369573427e-23, 7.09938842642e-24, 6.89766091573e-24],
        "stdev": [0.00254626758397, 0.00197412772104, 0.000954013608862, 0.000502050854266, 0.000850228301715, 0.000595163030084, 0.000517862965353, 0.000545595714357, 0.000439827213995, 0.000654087984003, 0.000532197067514, 0.000449950486654, 0.000294322060654, 0.000110053013486, 0.000108180793177, 0.000128588057123, 9.32303373702e-05, 0.000118428011774, 7.46935984353e-05, 5.77740320296e-05, 4.09397289332e-05, 3.95805873268e-05, 3.44009276887e-05, 2.34797589655e-05, 1.63982385857e-05, 1.47288637891e-05, 9.69333450485e-06, 1.08820440801e-05, 8.25093866297e-06, 6.95562039255e-06, 6.7727851274e-06, 6.6413872446e-06, 4.73065801998e-06, 4.34787443737e-06, 5.44438898942e-06, 7.81415292295e-06, 8.37031075207e-06, 7.45841725802e-06, 7.41135454518e-06, 4.73912541565e-06]
    },
    "melbands128": {
        "max": [0.00354820396751, 0.0274124145508, 0.0519989915192, 0.0347126424313, 0.022552235052, 0.0199873838574, 0.0124862585217, 0.00931405927986, 0.00967584457248, 0.00602287985384, 0.00433943327516, 0.0120021952316, 0.0110750040039, 0.0115551818162, 0.0114010963589, 0.00758744869381, 0.00448640342802, 0.00930585712194, 0.00589003413916, 0.0104239406064, 0.0145627744496, 0.00749532319605, 0.00474216975272, 0.0071140145883, 0.0100418720394, 0.00787676218897, 0.00567143596709, 0.00778811937198, 0.00725898891687, 0.00903650000691, 0.00310645019636, 0.00695161148906, 0.00608057435602, 0.00196174182929, 0.00274398154579, 0.00135163275991, 0.000846822396852, 0.00190133380238, 0.00195268634707, 0.003303299658, 0.00172219867818, 0.000982019817457, 0.00140756869223, 0.0014706129441, 0.00149476912338, 0.00136910029687, 0.00186521559954, 0.00106474536005, 0.000692635949235, 0.00114280066919, 0.000771283055656, 0.000499508052599, 0.00062273471849, 0.000476764369523, 0.000454295746749, 0.000740545219742, 0.00099952169694, 0.000642934057396, 0.000295339676086, 0.000308187009068, 0.000334388460033, 0.000513389299158, 0.000197893765289, 0.000191137965885, 0.000335264019668, 0.000298457511235, 0.00013789840159, 0.000103899634269, 8.93150790944e-05, 0.000126147162518, 0.000102802339825, 0.000159378483659, 0.000164603741723, 8.89294533408e-05, 7.84810035839e-05, 0.000103190039226, 7.48979728087e-05, 8.08520053397e-05, 5.76064048801e-05, 8.26087925816e-05, 0.000115655631816, 7.48201418901e-05, 5.11942853336e-05, 6.28503184998e-05, 4.95669883094e-05, 6.78748110658e-05, 5.31824080099e-05, 4.88067016704e-05, 5.93632357777e-05, 7.60163238738e-05, 0.000157531670993, 0.000157277609105, 9.52732807491e-05, 0.000111280969577, 0.000105360573798, 8.90163355507e-05, 0.000115379800263, 0.000136937989737, 0.000102919584606, 7.53304266254e-05, 8.66431728355e-05, 6.61385784042e-05, 3.79761258955e-05, 5.73826291657e-05, 3.8658559788e-05, 2.79376363324e-05, 6.79978547851e-05, 2.61212589976e-05, 1.86717152246e-05, 1.19114620247e-05, 1.14184540507e-05, 8.3054355855e-06, 7.77038530941e-06, 4.16678631154e-06, 1.88158310266e-06, 3.4860499909e-07, 1.38678160511e-07, 3.77983511157e-09, 3.6660250391e-09, 3.56180196448e-09, 3.47355078034e-09, 3.38913475062e-09, 3.31648597474e-09, 3.25703486403e-09, 3.20980197976e-09, 3.16883874696e-09, 3.14003867352e-09, 3.1222535668e-09],
        "mean": [0.000170343162608, 0.00106127979234, 0.00206588744186, 0.00170040689409, 0.00133521133102, 0.00100085663144, 0.000612752861343, 0.000523100141436, 0.000513841048814, 0.000350179558154, 0.000279218511423, 0.00047333794646, 0.000695928931236, 0.000485884171212, 0.000419535062974, 0.000269943760941, 0.000228357108426, 0.000376837822841, 0.000249670003541, 0.000195498432731, 0.000260565575445, 0.000320218416164, 0.000345788634149, 0.000400548364269, 0.000488885911182, 0.000351122696884, 0.000232391132158, 0.00033080225694, 0.000308565242449, 0.000399223441491, 0.000238892709604, 0.000233878105064, 0.000169368562638, 0.000103007972939, 9.43206832744e-05, 9.58792370511e-05, 9.3393624411e-05, 7.38552771509e-05, 9.69039829215e-05, 0.000105801191239, 0.000108283078589, 7.05944694346e-05, 7.49864193494e-05, 9.48102315306e-05, 0.00010567202844, 0.00011549640476, 0.000100275130535, 6.76092458889e-05, 5.90662784816e-05, 6.09514208918e-05, 5.7559209381e-05, 4.85343007313e-05, 4.23143355874e-05, 4.53831162304e-05, 4.49437466159e-05, 3.21985971823e-05, 2.91338619718e-05, 4.10253269365e-05, 2.70183609246e-05, 2.64860063908e-05, 2.25938674703e-05, 1.9367220375e-05, 2.01430775633e-05, 1.72671461769e-05, 1.80694532901e-05, 1.93258019863e-05, 1.71001320268e-05, 1.19474443636e-05, 1.07398009277e-05, 1.29055233629e-05, 1.20346057884e-05, 1.29824175019e-05, 1.09227121357e-05, 9.27673409024e-06, 9.92428613245e-06, 9.53576090978e-06, 7.10682024874e-06, 7.93512117525e-06, 8.65961374075e-06, 9.21008177102e-06, 9.87489784166e-06, 8.15163002699e-06, 7.17650982551e-06, 6.10179586147e-06, 5.20079720445e-06, 5.11684811499e-06, 4.95456788485e-06, 5.18786600878e-06, 5.17503985975e-06, 4.83113308292e-06, 4.30741511082e-06, 4.80214748677e-06, 4.63365586256e-06, 5.75094145461e-06, 4.95450694871e-06, 4.05549462812e-06, 3.96746327169e-06, 3.56768714482e-06, 4.00188764615e-06, 3.37683945872e-06, 2.48056539931e-06, 2.05256083063e-06, 1.71809483618e-06, 1.46358649999e-06, 1.4162435491e-06, 1.26146801449e-06, 1.22453923268e-06, 1.0112032669e-06, 7.76327453877e-07, 6.00085797942e-07, 4.48148369969e-07, 3.25072477381e-07, 2.51602415346e-07, 1.03921628636e-07, 4.25416857297e-08, 8.58658388836e-09, 2.55987164799e-09, 2.46468193077e-11, 1.8174175706e-11, 1.76426095955e-11, 1.72693890438e-11, 1.69022504326e-11, 1.63770576961e-11, 1.58598498917e-11, 1.4923473915e-11, 1.3524890409e-11, 1.27355825538e-11, 1.25618048949e-11],
        "min": [6.59985211895e-24, 7.46101094284e-24, 1.6406369189e-24, 4.37690006931e-25, 3.03132542935e-24, 1.29379509204e-24, 3.49356794309e-24, 1.41354506492e-24, 5.81548141e-24, 9.22211845906e-24, 9.65744030555e-24, 2.33974783703e-24, 2.03507693645e-24, 5.34016668219e-24, 1.78973575178e-23, 6.69634045728e-24, 1.19048947693e-23, 8.63138391449e-24, 8.07327507924e-24, 1.97665255674e-23, 1.31036864551e-23, 4.52271233017e-24, 2.5824405001e-24, 1.12131262727e-24, 2.31586014275e-24, 1.09192233235e-24, 2.11557743081e-24, 4.78328768109e-24, 6.11390315171e-24, 5.3818394428e-24, 8.14979379818e-24, 6.92356316356e-24, 1.62431493318e-23, 2.60869300216e-24, 8.05775759358e-25, 6.02097612593e-24, 1.11736838191e-23, 1.98472453651e-24, 4.23647967274e-24, 6.34027309935e-24, 3.80989051646e-24, 3.6123455463e-24, 7.51944818098e-24, 8.17801293048e-24, 3.854334151e-24, 4.91227629986e-24, 6.43339812921e-24, 1.4985556743e-23, 1.29876718372e-23, 1.06214661971e-23, 7.53064132836e-24, 1.05290211653e-23, 1.17121752613e-23, 1.35700227625e-24, 3.56083490134e-24, 6.63655032269e-24, 6.56938157762e-24, 1.24950534454e-23, 6.12350319449e-24, 1.58663025887e-23, 1.4241765039e-23, 1.2431167545e-23, 6.88979045048e-24, 9.18179741161e-24, 8.5427348814e-24, 5.11181156608e-24, 7.43904589979e-24, 6.75379714131e-24, 4.9173451256e-24, 8.01352990972e-24, 8.86634613511e-24, 4.83065917288e-24, 7.84182486737e-24, 5.69918280218e-24, 1.06997417092e-23, 5.33577193809e-24, 5.64664545476e-24, 4.95891848974e-24, 5.82401649056e-24, 5.82874886713e-24, 7.47967144755e-24, 5.18309500963e-24, 6.3839255064e-24, 7.19170250727e-24, 9.74894185967e-24, 1.04515069039e-23, 1.01973059435e-23, 8.89996265372e-24, 1.19425005575e-23, 8.47009499153e-24, 7.4792225857e-24, 9.29155794024e-24, 1.00722304693e-23, 6.58007932036e-24, 9.95356291215e-24, 7.26051799947e-24, 9.49967285767e-24, 9.56281407339e-24, 6.77084127003e-24, 5.56354960802e-24, 3.1055710456e-24, 6.43668491817e-24, 5.24749998052e-24, 1.38449048948e-23, 6.27882122926e-24, 6.60434152636e-24, 1.10259656703e-23, 8.33185816194e-24, 1.07994900153e-23, 9.42918419149e-24, 7.95979270485e-24, 8.21874970763e-24, 1.07649915502e-23, 8.76703722461e-24, 9.3993021404e-24, 9.98330770145e-24, 1.00368926562e-23, 9.70576513574e-24, 4.82928971035e-24, 8.35273615466e-24, 1.06627843647e-23, 1.06644299285e-23, 9.03061853001e-24, 9.84460228848e-24, 1.13669586852e-23, 1.1494015778e-23, 1.10845906573e-23, 9.8211731196e-24],
        "stdev": [0.000328761350829, 0.00202139932662, 0.00421748869121, 0.00309327733703, 0.00216615991667, 0.00183623610064, 0.00123346981127, 0.00100402033422, 0.000973636284471, 0.000576635822654, 0.000476462155348, 0.000990040483885, 0.00129995797761, 0.000855661288369, 0.000868911622092, 0.000628666894045, 0.000454662862467, 0.000837029714603, 0.000535844243132, 0.000730083847884, 0.000802074500825, 0.000692359404638, 0.00055597507162, 0.000771852210164, 0.00105506193358, 0.000782485178206, 0.000497250817716, 0.000788812933024, 0.000638069526758, 0.000824700458907, 0.000377106800443, 0.000607498921454, 0.000419918418629, 0.000191032406292, 0.000182802294148, 0.000131726745167, 0.000114601753012, 0.000130762899062, 0.000174824614078, 0.000199600515771, 0.000168400452822, 9.42918850342e-05, 0.000112576031825, 0.000138668750878, 0.00015222960792, 0.000169744002051, 0.000149742874783, 0.000107024432509, 7.39824245102e-05, 8.58615385368e-05, 7.91546481196e-05, 5.80567175348e-05, 5.56658851565e-05, 4.84611482534e-05, 4.71285675303e-05, 5.03295195813e-05, 5.08986777277e-05, 5.53355712327e-05, 3.12128286168e-05, 3.33929638145e-05, 2.87198636215e-05, 3.15038087138e-05, 2.37726217165e-05, 1.64043121913e-05, 2.29103952734e-05, 2.16157604882e-05, 1.64109605976e-05, 1.24002244775e-05, 1.16465316751e-05, 1.41335349326e-05, 1.25445694721e-05, 1.5152963897e-05, 1.38331470225e-05, 9.06080731511e-06, 9.86599206954e-06, 9.65063827607e-06, 6.96814413459e-06, 8.00420002633e-06, 8.36867911858e-06, 8.28383690532e-06, 9.55036921368e-06, 7.0297601269e-06, 6.12468375039e-06, 5.95290339334e-06, 4.57879013993e-06, 4.92875324198e-06, 5.05364278069e-06, 5.38097083336e-06, 6.06125377089e-06, 6.96082224749e-06, 7.79915990279e-06, 9.21026457945e-06, 7.95200776338e-06, 9.35701064009e-06, 9.48990236793e-06, 7.07794788468e-06, 7.66787889006e-06, 8.76971716934e-06, 8.19390879769e-06, 7.08198285793e-06, 6.06186449659e-06, 4.75276783618e-06, 3.37539904649e-06, 3.26111376125e-06, 3.48079015566e-06, 2.85105988951e-06, 3.84233044315e-06, 2.39025894189e-06, 1.70097644059e-06, 1.18881928302e-06, 8.56722863318e-07, 6.78069909554e-07, 5.89509056681e-07, 3.59085902346e-07, 1.77339131824e-07, 2.9082411146e-08, 8.46821457401e-09, 2.120474768e-10, 2.04134334436e-10, 1.98454780387e-10, 1.93861343645e-10, 1.89386034632e-10, 1.85401652364e-10, 1.8136843416e-10, 1.75209083353e-10, 1.69450314891e-10, 1.6733031627e-10, 1.66376731836e-10]
    },
    "mfcc": {
        "mean": [-583.772155762, 81.6541671753, -10.2612094879, 3.18488454819, -2.91484045982, 3.78252983093, -2.93170499802, 4.45293092728, 4.49224758148, 5.08920240402, -0.124950379133, -1.05252039433, -4.09834098816],
        "cov": [[3616.69458008, 405.560943604, 200.952072144, 192.249801636, 102.143562317, 26.2286777496, 13.8085327148, -7.7618303299, -32.4930152893, 44.1038398743, 5.82951211929, -4.86265611649, -1.47925925255], [405.560943604, 470.547943115, 377.842559814, 390.881347656, 169.205474854, 91.7403564453, 27.7476615906, -6.92054700851, -30.1921405792, -1.33933961391, 26.3131561279, 43.5264549255, 42.7925567627], [200.952072144, 377.842559814, 849.651367188, 603.11328125, 317.774993896, 135.923706055, 44.1381416321, -49.6373977661, -93.7815704346, -44.7188949585, 21.4738349915, 63.0125999451, 74.8637008667], [192.249801636, 390.881347656, 603.11328125, 624.562072754, 294.194946289, 134.736404419, 14.5660991669, -31.3234233856, -50.5858039856, -32.0876121521, 24.4720611572, 72.635887146, 80.6172409058], [102.143562317, 169.205474854, 317.774993896, 294.194946289, 239.911071777, 114.362167358, 45.9294242859, -1.41451430321, -8.56153011322, -14.4173202515, 24.8082199097, 58.8871307373, 40.6982116699], [26.2286777496, 91.7403564453, 135.923706055, 134.736404419, 114.362167358, 136.949478149, 79.8058013916, 20.8361434937, 10.850484848, -6.36763620377, 20.9569187164, 35.5631637573, 19.8101711273], [13.8085327148, 27.7476615906, 44.1381416321, 14.5660991669, 45.9294242859, 79.8058013916, 120.008369446, 41.4480743408, 16.0294895172, 10.0341901779, 14.2263631821, 13.2830944061, 0.539395153522], [-7.7618303299, -6.92054700851, -49.6373977661, -31.3234233856, -1.41451430321, 20.8361434937, 41.4480743408, 64.8628768921, 39.466091156, 18.021686554, 8.74288463593, 4.36219882965, -2.6567697525], [-32.4930152893, -30.1921405792, -93.7815704346, -50.5858039856, -8.56153011322, 10.850484848, 16.0294895172, 39.466091156, 77.8750534058, 34.9480934143, 13.2891941071, 6.31702852249, -2.76144599915], [44.1038398743, -1.33933961391, -44.7188949585, -32.0876121521, -14.4173202515, -6.36763620377, 10.0341901779, 18.021686554, 34.9480934143, 63.2130126953, 23.0222053528, -0.980004906654, -1.7734849453], [5.82951211929, 26.3131561279, 21.4738349915, 24.4720611572, 24.8082199097, 20.9569187164, 14.2263631821, 8.74288463593, 13.2891941071, 23.0222053528, 53.8550720215, 32.6148147583, 14.9085159302], [-4.86265611649, 43.5264549255, 63.0125999451, 72.635887146, 58.8871307373, 35.5631637573, 13.2830944061, 4.36219882965, 6.31702852249, -0.980004906654, 32.6148147583, 72.1290588379, 34.7680091858], [-1.47925925255, 42.7925567627, 74.8637008667, 80.6172409058, 40.6982116699, 19.8101711273, 0.539395153522, -2.6567697525, -2.76144599915, -1.7734849453, 14.9085159302, 34.7680091858, 49.0399627686]],
        "icov": [[0.000321602070471, -0.000404476071708, 2.78341503872e-05, 0.000193767831661, -0.000223436407396, 7.79058900662e-05, 2.96285161312e-05, 1.66186538308e-07, 0.000218065208173, -0.000343251856975, 0.000171847976162, 5.13416489412e-05, 6.64860708639e-05], [-0.000404476071708, 0.0053065540269, -0.000100885044958, -0.00378865143284, 0.00150612019934, -0.000561895081773, -0.00045898152166, -0.000872898381203, 0.000809589284472, -0.00113082351163, -0.000769611855503, -0.00048568987404, 0.00125729315914], [2.78341503872e-05, -0.000100885044958, 0.00484174629673, -0.00355257117189, -0.00226377230138, 0.00136882893275, -0.00219497317448, 0.00108222954441, 0.00303275720216, -0.000199818910914, -0.000582759384997, 0.00118410622235, -0.000552627840079], [0.000193767831661, -0.00378865143284, -0.00355257117189, 0.0103328777477, -0.00460434285924, -0.00239414349198, 0.0041994061321, -0.000394562201109, -0.000368567853002, 0.000297213322483, 0.00127335172147, 0.000822055328172, -0.00451038172469], [-0.000223436407396, 0.00150612019934, -0.00226377230138, -0.00460434285924, 0.0153800463304, -0.00581845734268, -0.00025901425397, 0.000447507569334, -0.00261216936633, 0.000406629726058, 0.000327389745507, -0.00524059869349, 0.00280113448389], [7.79058900662e-05, -0.000561895081773, 0.00136882893275, -0.00239414349198, -0.00581845734268, 0.0215942244977, -0.0124981207773, 0.0022280216217, -0.0041245915927, 0.0052275005728, -0.00295067997649, -0.000288722338155, -0.000238994660322], [2.96285161312e-05, -0.00045898152166, -0.00219497317448, 0.0041994061321, -0.00025901425397, -0.0124981207773, 0.0203677117825, -0.0102948499843, 0.00422499375418, -0.00362293608487, 0.00069895357592, -0.000171409425093, 0.00134664098732], [1.66186538308e-07, -0.000872898381203, 0.00108222954441, -0.000394562201109, 0.000447507569334, 0.0022280216217, -0.0102948499843, 0.0292961094528, -0.0128774801269, 0.00137484737206, -0.00030752440216, 0.000174265500391, -0.000518311106134], [0.000218065208173, 0.000809589284472, 0.00303275720216, -0.000368567853002, -0.00261216936633, -0.0041245915927, 0.00422499375418, -0.0128774801269, 0.0280664712191, -0.0124601228163, 0.00201872177422, -0.00241020182148, 0.000591022195294], [-0.000343251856975, -0.00113082351163, -0.000199818910914, 0.000297213322483, 0.000406629726058, 0.0052275005728, -0.00362293608487, 0.00137484737206, -0.0124601228163, 0.028827117756, -0.0138305239379, 0.00683338334784, -0.00184119737241], [0.000171847976162, -0.000769611855503, -0.000582759384997, 0.00127335172147, 0.000327389745507, -0.00295067997649, 0.00069895357592, -0.00030752440216, 0.00201872177422, -0.0138305239379, 0.0338911600411, -0.0150918671861, 0.000379083008738], [5.13416489412e-05, -0.00048568987404, 0.00118410622235, 0.000822055328172, -0.00524059869349, -0.000288722338155, -0.000171409425093, 0.000174265500391, -0.00241020182148, 0.00683338334784, -0.0150918671861, 0.0315417833626, -0.0159193594009], [6.64860708639e-05, 0.00125729315914, -0.000552627840079, -0.00451038172469, 0.00280113448389, -0.000238994660322, 0.00134664098732, -0.000518311106134, 0.000591022195294, -0.00184119737241, 0.000379083008738, -0.0159193594009, 0.0364215485752]]
    },
    "spectral_contrast_coeffs": {
        "max": [-0.512241184711, -0.545539617538, -0.5174061656, -0.645904779434, -0.672823369503, -0.694748044014],
        "mean": [-0.727361798286, -0.740610539913, -0.761839330196, -0.804838478565, -0.800656199455, -0.767706751823],
        "min": [-0.963051915169, -0.97961127758, -0.956876754761, -0.977279007435, -0.972799479961, -0.96169924736],
        "stdev": [0.066584803164, 0.0659750923514, 0.0601926110685, 0.0385571159422, 0.0270775184035, 0.0273256972432]
    },
    "spectral_contrast_valleys": {
        "max": [-5.28258466721, -5.0966334343, -5.44436597824, -5.36862277985, -5.90136003494, -7.54526948929],
        "mean": [-7.00424194336, -6.52248620987, -6.75795650482, -6.77979373932, -6.85616540909, -9.13100910187],
        "min": [-27.4351196289, -27.1274604797, -27.8152732849, -27.4578781128, -27.4626312256, -27.240650177],
        "stdev": [1.68883895874, 1.37212777138, 1.38334572315, 1.3489844799, 1.30948400497, 1.21017551422]
    }
},
"rhythm": {
    "beats_count": 48,
    "beats_loudness": {
        "max": 0.0866579338908,
        "mean": 0.0365468598902,
        "min": 0.00708120083436,
        "stdev": 0.016183020547
    },
    "bpm": 184.570343018,
    "bpm_histogram_first_peak_bpm": 185,
    "bpm_histogram_first_peak_weight": 0,
    "bpm_histogram_second_peak_bpm": 178,
    "bpm_histogram_second_peak_spread": 0,
    "bpm_histogram_second_peak_weight": 0.425531923771,
    "danceability": 1.24316442013,
    "onset_rate": 3.19921851158,
    "beats_loudness_band_ratio": {
        "max": [0.830945193768, 0.362880676985, 0.642261981964, 0.532006025314, 0.378466159105, 0.216715753078],
        "mean": [0.278911799192, 0.125159993768, 0.214023187757, 0.195742189884, 0.13456697762, 0.0903320536017],
        "min": [0.000653587398119, 0.00227114581503, 0.00438599614426, 0.0146456491202, 0.0163921993226, 0.0387752689421],
        "stdev": [0.262189358473, 0.106867954135, 0.130792617798, 0.155028477311, 0.0789865776896, 0.0409914590418]
    },
    "beats_position": [0.336689323187, 0.673378646374, 1.01006805897, 1.34675729275, 1.68344664574, 2.02013611794, 2.36843538284, 2.70512461662, 3.04181408882, 3.3785033226, 3.7151927948, 4.06349182129, 4.40018129349, 4.73687076569, 5.07355976105, 5.41024923325, 5.73532867432, 6.06040811539, 6.39709758759, 6.72217655182, 7.05886602402, 7.38394546509, 7.70902490616, 8.03410434723, 8.38240337372, 8.70748329163, 9.03256225586, 9.38086128235, 9.72916126251, 10.0542402267, 10.3909292221, 10.7276191711, 11.0526981354, 11.3777770996, 11.7028570175, 12.0279359818, 12.3530158997, 12.6780948639, 13.0031747818, 13.3398637772, 13.6649427414, 14.0016326904, 14.3267116547, 14.6517915726, 14.9768705368, 15.301949501, 15.6270294189, 15.9637184143],
