{
"metadata": {
    "version": {
        "essentia": "2.1-beta5",
        "essentia_git_sha": "Undefined",
        "extractor": "music 2.0"
    },
    "audio_properties": {
        "analysis": {
            "equal_loudness": 0,
            "length": 27.921995163,
            "sample_rate": 44100,
            "start_time": 175.240997314,
            "downmix": "mix"
        },
        "bit_rate": 192000,
        "length": 203.178314209,
        "lossless": 0,
        "number_channels": 2,
        "replay_gain": -8.18152999878,
        "sample_rate": 48000,
        "codec": "mp3",
        "md5_encoded": "c2a3133578acf1351000ba3a155a286b"
    },
    "tags": {
        "file_name": "Israel_Yom Huledeth_Eden.mp3",
        "encoding": ["Lavf58.29.100"]
    }
},
"lowlevel": {
    "average_loudness": 0.894620716572,
    "barkbands_crest": {
        "max": 26.8251781464,
        "mean": 8.17623519897,
        "min": 2.53872442245,
        "stdev": 3.93662762642
    },
    "barkbands_flatness_db": {
        "max": 0.432285040617,
        "mean": 0.132221832871,
        "min": 0.0371130146086,
        "stdev": 0.0395108871162
    },
    "barkbands_kurtosis": {
        "max": 357.565551758,
        "mean": 1.81054568291,
        "min": -1.5944236517,
        "stdev": 11.3782367706
    },
    "barkbands_skewness": {
        "max": 18.7824821472,
        "mean": 0.883482277393,
        "min": -2.12700653076,
        "stdev": 0.99423968792
    },
    "barkbands_spread": {
        "max": 126.783912659,
        "mean": 17.460067749,
        "min": 1.52037787437,
        "stdev": 11.2929706573
    },
    "dissonance": {
        "max": 0.500000059605,
        "mean": 0.475341439247,
        "min": 0.299964517355,
        "stdev": 0.0270461533219
    },
    "dynamic_complexity": 3.95753264427,
    "erbbands_crest": {
        "max": 27.4186382294,
        "mean": 8.2503080368,
        "min": 3.11593437195,
        "stdev": 3.9101858139
    },
    "erbbands_flatness_db": {
        "max": 0.322090297937,
        "mean": 0.205180108547,
        "min": 0.0741943642497,
        "stdev": 0.0417564958334
    },
    "erbbands_kurtosis": {
        "max": 12.5749340057,
        "mean": 0.505077242851,
        "min": -1.55040681362,
        "stdev": 1.46942138672
    },
    "erbbands_skewness": {
        "max": 2.91302418709,
        "mean": 0.525979936123,
        "min": -1.54627585411,
        "stdev": 0.655559718609
    },
    "erbbands_spread": {
        "max": 68.474899292,
        "mean": 24.0851097107,
        "min": 5.64647340775,
        "stdev": 9.51992511749
    },
    "hfc": {
        "max": 93.2453231812,
        "mean": 18.1216640472,
        "min": 1.09488775781e-16,
        "stdev": 14.6070680618
    },
    "loudness_ebu128": {
        "integrated": -16.4986934662,
        "loudness_range": 7.20806121826,
        "momentary": {
            "max": -12.8683538437,
            "mean": -18.2597541809,
            "min": -95.9052429199,
            "stdev": 7.50903654099
        },
        "short_term": {
            "max": -13.6877212524,
            "mean": -17.1602325439,
            "min": -24.2220020294,
            "stdev": 2.6268889904
        }
    },
    "melbands_crest": {
        "max": 39.8702049255,
        "mean": 10.7673273087,
        "min": 1.75258040428,
        "stdev": 5.1860294342
    },
    "melbands_flatness_db": {
        "max": 0.401500314474,
        "mean": 0.139517739415,
        "min": 0.0045848833397,
        "stdev": 0.0478244572878
    },
    "melbands_kurtosis": {
        "max": 554.202697754,
        "mean": 4.6247625351,
        "min": -1.47061419487,
        "stdev": 18.2101745605
    },
    "melbands_skewness": {
        "max": 22.8549251556,
        "mean": 1.40547883511,
        "min": -0.709230601788,
        "stdev": 1.11265397072
    },
    "melbands_spread": {
        "max": 150.672454834,
        "mean": 27.3950138092,
        "min": 1.69804525375,
        "stdev": 19.5074768066
    },
    "pitch_salience": {
        "max": 0.900211453438,
        "mean": 0.693378508091,
        "min": 0.00709162978455,
        "stdev": 0.116693690419
    },
    "silence_rate_20dB": {
        "max": 1,
        "mean": 1,
        "min": 1,
        "stdev": 0
    },
    "silence_rate_30dB": {
        "max": 1,
        "mean": 1,
        "min": 1,
        "stdev": 0
    },
    "silence_rate_60dB": {
        "max": 1,
        "mean": 0.170265778899,
        "min": 0,
        "stdev": 0.375866889954
    },
    "spectral_centroid": {
        "max": 11285.5917969,
        "mean": 1771.14953613,
        "min": 540.264770508,
        "stdev": 940.655578613
    },
    "spectral_complexity": {
        "max": 47,
        "mean": 22.3189373016,
        "min": 0,
        "stdev": 9.26096057892
    },
    "spectral_decrease": {
        "max": 6.7304504783e-29,
        "mean": -4.09728828643e-09,
        "min": -2.69188049629e-08,
        "stdev": 4.16693790584e-09
    },
    "spectral_energy": {
        "max": 0.108506478369,
        "mean": 0.0171078201383,
        "min": 1.01442643436e-20,
        "stdev": 0.0168077927083
    },
    "spectral_energyband_high": {
        "max": 0.00994543079287,
        "mean": 0.000526089279447,
        "min": 7.30887903523e-21,
        "stdev": 0.000743135809898
    },
    "spectral_energyband_low": {
        "max": 0.0138434851542,
        "mean": 0.000914078613278,
        "min": 3.69738696069e-23,
        "stdev": 0.00177613133565
    },
    "spectral_energyband_middle_high": {
        "max": 0.0438446104527,
        "mean": 0.00606772769243,
        "min": 1.25719740101e-21,
        "stdev": 0.00528409658
    },
    "spectral_energyband_middle_low": {
        "max": 0.0991139113903,
        "mean": 0.00986244808882,
        "min": 2.7122698947e-22,
        "stdev": 0.0141178350896
    },
    "spectral_entropy": {
        "max": 9.81034946442,
        "mean": 7.7735414505,
        "min": 6.47085666656,
        "stdev": 0.310974687338
    },
    "spectral_flux": {
        "max": 0.236122086644,
        "mean": 0.0765914693475,
        "min": 6.57690360506e-11,
        "stdev": 0.0400568284094
    },
    "spectral_kurtosis": {
        "max": 16.3700351715,
        "mean": 4.72815275192,
        "min": -1.23526644707,
        "stdev": 2.11159300804
    },
    "spectral_rms": {
        "max": 0.0102888280526,
        "mean": 0.00362750468776,
        "min": 3.14592492681e-12,
        "stdev": 0.00187929789536
    },
    "spectral_rolloff": {
        "max": 18776.953125,
        "mean": 2184.26196289,
        "min": 21.533203125,
        "stdev": 1700.45092773
    },
    "spectral_skewness": {
        "max": 3.04787492752,
        "mean": 1.5776309967,
        "min": -0.0395553894341,
        "stdev": 0.382981985807
    },
    "spectral_spread": {
        "max": 42035848,
        "mean": 3868656.25,
        "min": 2026786.75,
        "stdev": 2919576.75
    },
    "spectral_strongpeak": {
        "max": 6.36956644058,
        "mean": 1.11070239544,
        "min": 0,
        "stdev": 1.00054943562
    },
    "zerocrossingrate": {
        "max": 0.6171875,
        "mean": 0.0786404535174,
        "min": 0,
        "stdev": 0.0477704592049
    },
    "barkbands": {
        "max": [0.000706931343302, 0.0119086876512, 0.00865107681602, 0.00774503499269, 0.0383142344654, 0.070420101285, 0.0402984432876, 0.047035984695, 0.0642169043422, 0.0320246778429, 0.0134527459741, 0.00972290150821, 0.016973471269, 0.00526663428172, 0.00631290161982, 0.00504251336679, 0.00379649549723, 0.00770157342777, 0.00533079169691, 0.00266096647829, 0.00375350750983, 0.00611565541476, 0.00135579495691, 0.000752539373934, 0.00023203137971, 8.96989004104e-05, 7.14608574981e-07],
        "mean": [2.68820422207e-05, 0.0004598282394, 0.000325163709931, 0.000198435998755, 0.00127542286646, 0.00190628878772, 0.00124932650942, 0.00207414501347, 0.00280502485111, 0.0012077211868, 0.000737176334951, 0.000781066541094, 0.000683418242261, 0.000560206361115, 0.000653714232612, 0.000420602707891, 0.000383227743441, 0.000363296043361, 0.000357307057129, 0.000189770144061, 0.000154689070769, 0.000132332250359, 7.92271384853e-05, 5.50515796931e-05, 2.1693038434e-05, 6.78164951751e-06, 1.41869040959e-08],
        "min": [1.08635581425e-23, 1.25671553322e-23, 3.94261399719e-24, 2.51663234288e-24, 1.32126557562e-23, 6.93610605195e-24, 2.99134130439e-23, 3.77337035863e-23, 1.64709471176e-23, 3.66937766539e-23, 3.50952983354e-23, 6.38045846272e-23, 4.96908343582e-23, 4.50517263903e-23, 5.54829856013e-23, 8.26868791614e-23, 5.61973401718e-23, 1.67700330013e-22, 2.07244728124e-22, 1.45372309978e-22, 2.62198810887e-22, 3.70143154522e-22, 5.75851194224e-22, 7.08849305825e-22, 8.86478819793e-22, 1.57856635862e-21, 2.20086608684e-21],
        "stdev": [6.54764007777e-05, 0.00132604967803, 0.000707975414116, 0.000601922394708, 0.00293984706514, 0.00533107761294, 0.00332254823297, 0.00507393339649, 0.00649929326028, 0.00221710116602, 0.00132334814407, 0.00107905210461, 0.00112004287075, 0.000608614587691, 0.000710112217348, 0.000468185753562, 0.000462771713501, 0.000517562089954, 0.000495979271363, 0.000255466264207, 0.000257292325841, 0.000290481082629, 0.00011366407125, 8.58943676576e-05, 2.99702951452e-05, 1.08253907456e-05, 5.4709662578e-08]
    },
    "erbbands": {
        "max": [0.367712914944, 3.1276102066, 10.5438671112, 23.14727211, 43.401473999, 160.24079895, 430.698394775, 899.685058594, 636.241333008, 736.958618164, 1416.05493164, 1970.47241211, 1221.13354492, 1661.22717285, 431.144714355, 306.282836914, 944.966430664, 305.921691895, 389.716949463, 288.968017578, 224.909561157, 158.174850464, 261.630584717, 428.301818848, 229.548156738, 95.507194519, 83.7805175781, 204.778656006, 272.956115723, 84.2723999023, 40.3665390015, 23.8451251984, 9.98275947571, 3.03416800499, 1.22572267056, 0.612167239189, 0.160119354725, 0.00911110825837, 0.000215543957893, 0.000127975363284],
        "mean": [0.0145254796371, 0.0999388620257, 0.33090531826, 0.600272417068, 1.70269227028, 5.20741987228, 8.71310138702, 17.9181194305, 19.047492981, 23.6571578979, 54.749584198, 64.1368331909, 44.8659667969, 37.7193031311, 31.4566287994, 31.4123420715, 31.9655227661, 30.2664909363, 34.489151001, 28.4983577728, 22.6150016785, 19.9810390472, 20.4420013428, 18.1797733307, 17.3608493805, 9.14017868042, 6.26236534119, 6.04873466492, 5.03488254547, 3.11504006386, 2.1756374836, 1.45850884914, 0.744369804859, 0.308685570955, 0.123926267028, 0.0487488918006, 0.00893510971218, 0.000366150285117, 2.1440704586e-05, 2.22608105105e-05],
        "min": [3.54514848113e-22, 2.81308010848e-21, 5.82608710529e-21, 9.29460202826e-21, 4.49619256456e-20, 2.46478319076e-20, 6.67589942787e-20, 5.03717967116e-20, 3.15015089281e-19, 6.09159894719e-19, 9.48360711136e-19, 5.69657522675e-19, 8.58864111556e-19, 9.90848016119e-19, 1.46885697715e-18, 2.79982046465e-18, 2.2920914212e-18, 3.35850507461e-18, 3.48452562734e-18, 2.95008257921e-18, 4.88009884832e-18, 3.37573958947e-18, 6.89604139868e-18, 8.11166726766e-18, 1.00913081697e-17, 6.98854790172e-18, 1.12235190777e-17, 1.10486357254e-17, 1.22952597743e-17, 1.23221257734e-17, 1.2764964359e-17, 1.40017457857e-17, 1.32319334573e-17, 8.80221418663e-18, 7.33723927149e-18, 4.93917815562e-18, 2.72439524126e-18, 1.20532281746e-18, 2.72201900986e-19, 3.16369959426e-20],
        "stdev": [0.0405874848366, 0.305451065302, 0.705668032169, 1.61313354969, 3.72811937332, 12.6459035873, 26.6640720367, 56.7479667664, 52.5435676575, 69.0833435059, 129.371139526, 157.346481323, 80.1354446411, 88.8633651733, 51.6255264282, 41.4952125549, 53.9927711487, 33.8972625732, 37.4109573364, 28.6854782104, 23.7279376984, 21.4413566589, 26.5307388306, 27.3441581726, 24.4055328369, 12.0793809891, 8.8592376709, 11.9614715576, 12.1107330322, 5.08422899246, 3.23776578903, 2.29901266098, 1.15279185772, 0.440411090851, 0.167372435331, 0.070633366704, 0.0170110743493, 0.000753268715926, 2.41612269747e-05, 2.02791579795e-05]
    },
    "gfcc": {
        "mean": [-46.1565551758, 65.9667510986, -177.539871216, 12.8771696091, -76.0419769287, 18.4620628357, -39.8998298645, 13.150885582, -20.6887702942, -0.217463627458, -16.0349636078, -3.87312555313, -6.67849683762],
        "cov": [[23143.2167969, 2782.78222656, -1120.67358398, 829.421569824, -989.846740723, -228.614898682, -797.898864746, -0.914033293724, -297.052581787, 38.4749031067, -184.686248779, -164.588973999, -217.150146484], [2782.78222656, 1611.02697754, 525.221740723, 279.689819336, -23.8675804138, -374.614349365, -329.171691895, -363.896026611, -64.675163269, -59.7412261963, 82.9494094849, -149.77772522, -0.980274140835], [-1120.67358398, 525.221740723, 1192.63305664, 399.518371582, 180.332702637, -245.649337769, -85.6320266724, -114.276298523, 45.4043693542, 104.441093445, 84.0824203491, 11.8762483597, -22.4737014771], [829.421569824, 279.689819336, 399.518371582, 496.452423096, 117.43056488, -81.5276031494, -33.9805488586, -66.0658416748, 9.10246658325, 46.3363418579, 20.7538223267, 13.8829421997, -14.6950511932], [-989.846740723, -23.8675804138, 180.332702637, 117.43056488, 195.51852417, 40.6563301086, 43.2515144348, -22.6339416504, -0.829860091209, 5.24780082703, 14.186542511, 18.0466384888, 5.83650970459], [-228.614898682, -374.614349365, -245.649337769, -81.5276031494, 40.6563301086, 257.038330078, 124.960891724, 124.182121277, -9.49198818207, -7.14446973801, -43.1543235779, 42.0394706726, -2.28516817093], [-797.898864746, -329.171691895, -85.6320266724, -33.9805488586, 43.2515144348, 124.960891724, 213.081222534, 125.609268188, 48.7053070068, 15.6879758835, 0.887205719948, 34.3608093262, -6.82121133804], [-0.914033293724, -363.896026611, -114.276298523, -66.0658416748, -22.6339416504, 124.182121277, 125.609268188, 231.433242798, 65.6777191162, 53.0233917236, -20.0497245789, 34.7276954651, -18.9392356873], [-297.052581787, -64.675163269, 45.4043693542, 9.10246658325, -0.829860091209, -9.49198818207, 48.7053070068, 65.6777191162, 101.099609375, 53.3792800903, 17.0506687164, -0.741825342178, -5.80716276169], [38.4749031067, -59.7412261963, 104.441093445, 46.3363418579, 5.24780082703, -7.14446973801, 15.6879758835, 53.0233917236, 53.3792800903, 94.7357559204, 28.1037998199, 26.4867687225, -9.33869552612], [-184.686248779, 82.9494094849, 84.0824203491, 20.7538223267, 14.186542511, -43.1543235779, 0.887205719948, -20.0497245789, 17.0506687164, 28.1037998199, 76.8890609741, 18.8816890717, 14.3118801117], [-164.588973999, -149.77772522, 11.8762483597, 13.8829421997, 18.0466384888, 42.0394706726, 34.3608093262, 34.7276954651, -0.741825342178, 26.4867687225, 18.8816890717, 86.9415664673, 23.0763759613], [-217.150146484, -0.980274140835, -22.4737014771, -14.6950511932, 5.83650970459, -2.28516817093, -6.82121133804, -18.9392356873, -5.80716276169, -9.33869552612, 14.3118801117, 23.0763759613, 57.3249092102]],
        "icov": [[0.00032453762833, -0.000988959916867, 0.00076526554767, -0.000963397673331, 0.00124027777929, -0.000249172560871, 0.000454154302133, -0.001225103857, 0.00113919959404, -0.00114248285536, 0.000803128117695, -0.000916356220841, 0.00087623851141], [-0.000988959916867, 0.00470730056986, -0.00277417781763, 0.00227979547344, -0.00302478461526, 0.000783669645898, -0.000169489343534, 0.00464377552271, -0.00355397630483, 0.00460851192474, -0.00441954052076, 0.00498990807682, -0.00283022411168], [0.00076526554767, -0.00277417781763, 0.00371398054995, -0.00270843831822, 0.00108176236972, 0.00122296262998, 0.000884643814061, -0.00324484263547, 0.00283690239303, -0.00421402044594, 0.00229476415552, -0.00323930918239, 0.00291696586646], [-0.000963397673331, 0.00227979547344, -0.00270843831822, 0.00622759433463, -0.00532710878178, 0.00129693734925, -0.00179619458504, 0.00392979662865, -0.00326292030513, 0.00180095329415, -0.000623454165179, 0.00111552106682, -0.00172768731136], [0.00124027777929, -0.00302478461526, 0.00108176236972, -0.00532710878178, 0.0141185140237, -0.00495555903763, 0.000354019168299, -0.00176080863457, 0.00380363781005, -0.0029224511236, 0.000982280005701, -0.00194663309958, 0.00197800947353], [-0.000249172560871, 0.000783669645898, 0.00122296262998, 0.00129693734925, -0.00495555903763, 0.0110110240057, -0.00332505791448, -0.00256991107017, 0.00302283302881, -0.000472954736324, 0.00335702649318, -0.00194469024427, -0.000245898467256], [0.000454154302133, -0.000169489343534, 0.000884643814061, -0.00179619458504, 0.000354019168299, -0.00332505791448, 0.0115391490981, -0.00445237057284, -0.0030630514957, 0.00334676727653, -0.00312913488597, -0.00168481271248, 0.0030316922348], [-0.001225103857, 0.00464377552271, -0.00324484263547, 0.00392979662865, -0.00176080863457, -0.00256991107017, -0.00445237057284, 0.0164426062256, -0.00865678675473, 0.000850948737934, -0.00100630451925, 0.00254216743633, -0.00135711976327], [0.00113919959404, -0.00355397630483, 0.00283690239303, -0.00326292030513, 0.00380363781005, 0.00302283302881, -0.0030630514957, -0.00865678675473, 0.0244735069573, -0.0141371553764, 0.00227621872909, 0.00272567104548, -0.000450328865554], [-0.00114248285536, 0.00460851192474, -0.00421402044594, 0.00180095329415, -0.0029224511236, -0.000472954736324, 0.00334676727653, 0.000850948737934, -0.0141371553764, 0.0285605229437, -0.010366011411, -0.00188706070185, 0.00208694743924], [0.000803128117695, -0.00441954052076, 0.00229476415552, -0.000623454165179, 0.000982280005701, 0.00335702649318, -0.00312913488597, -0.00100630451925, 0.00227621872909, -0.010366011411, 0.0243784319609, -0.00830310862511, -0.00116650585551], [-0.000916356220841, 0.00498990807682, -0.00323930918239, 0.00111552106682, -0.00194663309958, -0.00194469024427, -0.00168481271248, 0.00254216743633, 0.00272567104548, -0.00188706070185, -0.00830310862511, 0.0251248627901, -0.0116822198033], [0.00087623851141, -0.00283022411168, 0.00291696586646, -0.00172768731136, 0.00197800947353, -0.000245898467256, 0.0030316922348, -0.00135711976327, -0.000450328865554, 0.00208694743924, -0.00116650585551, -0.0116822198033, 0.0264054555446]]
    },
    "melbands": {
        "max": [0.00319125619717, 0.0041144057177, 0.00309567316435, 0.00496423663571, 0.0127148311585, 0.0172832142562, 0.009352481924, 0.00783059932292, 0.0143453562632, 0.0112608252093, 0.00591192953289, 0.00665271747857, 0.00146089948248, 0.00131284992676, 0.00131776824128, 0.001603894867, 0.000529367418494, 0.000614821386989, 0.000577186641749, 0.000443886441644, 0.000226995820412, 0.000171181702171, 0.000359985715477, 0.000407856510719, 0.000343951513059, 0.000225854324526, 0.000144243473187, 6.40030120849e-05, 4.63071846752e-05, 7.02179822838e-05, 0.000139675437822, 0.000160097377375, 0.000118787589599, 2.14576448343e-05, 2.8904836654e-05, 1.86238030437e-05, 1.61236457643e-05, 8.61064017954e-06, 3.3242417885e-06, 2.6498880743e-06],
        "mean": [0.000127838226035, 0.000158259630552, 0.000125955091789, 0.000250681798207, 0.000297357502859, 0.000395617302274, 0.000280793639831, 0.00028584615211, 0.000464379438199, 0.000398263829993, 0.000217341832467, 0.000153261193191, 0.000102588412119, 9.11436509341e-05, 7.5446208939e-05, 6.604866212e-05, 5.39684842806e-05, 5.36926163477e-05, 4.52215899713e-05, 3.28367641487e-05, 2.50704415521e-05, 2.04354328162e-05, 1.92712304852e-05, 1.91645394807e-05, 1.37666620503e-05, 1.39323346957e-05, 9.37600907491e-06, 5.20274488736e-06, 3.97222811443e-06, 3.28613532474e-06, 3.69118333765e-06, 3.01665977531e-06, 2.18813147512e-06, 1.54120527895e-06, 1.28804390442e-06, 1.0661988199e-06, 8.13794258647e-07, 5.53625341126e-07, 3.60940589417e-07, 2.2578944936e-07],
        "min": [5.26447271732e-24, 3.68511638709e-24, 3.1522213213e-24, 2.99142168932e-24, 2.71973523255e-24, 1.02343678121e-24, 5.10566397305e-24, 6.7127227317e-24, 8.28187199068e-24, 3.05719868653e-24, 4.16942294592e-24, 3.46363185503e-24, 4.49349016123e-24, 5.78499114715e-24, 5.47221805342e-24, 4.97167003184e-24, 5.40582791407e-24, 4.06741100353e-24, 3.95008017122e-24, 4.4451467928e-24, 6.05763567549e-24, 2.59152028911e-24, 5.04110517429e-24, 7.830665641e-24, 5.94183483891e-24, 6.45069587671e-24, 6.2608931819e-24, 4.57248353683e-24, 6.49049312052e-24, 6.73931523281e-24, 6.04993599863e-24, 6.1776825559e-24, 7.20617494943e-24, 7.09665344566e-24, 6.01465695565e-24, 7.57432607871e-24, 8.65550097008e-24, 7.6319026696e-24, 7.98029756636e-24, 6.26078550239e-24],
        "stdev": [0.000360809324775, 0.000337869714713, 0.000271950819297, 0.000526336021721, 0.000831824669149, 0.00116923463065, 0.000735923880711, 0.000801147136372, 0.00109363242518, 0.000964049773756, 0.000398328440497, 0.000363827741239, 0.000172287676833, 0.000129671665491, 0.00011237108265, 0.000112145389721, 6.20228383923e-05, 5.94451194047e-05, 4.86295975861e-05, 3.7546200474e-05, 2.74672020169e-05, 2.22153066716e-05, 2.88221199298e-05, 3.11705553031e-05, 2.28683875321e-05, 2.1080733859e-05, 1.30816633828e-05, 7.31569934942e-06, 5.77772652832e-06, 5.62191280551e-06, 7.82393180998e-06, 7.23547873349e-06, 5.1229581004e-06, 2.25265625886e-06, 2.05500168704e-06, 1.6037529349e-06, 1.38899952162e-06, 8.97705604075e-07, 5.31526154646e-07, 3.37453258226e-07]
    },
    "melbands128": {
        "max": [0.000564646732528, 0.00331143476069, 0.00553660979494, 0.0058815041557, 0.00635966984555, 0.00491416314617, 0.00595160666853, 0.00262039154768, 0.00605154316872, 0.00719932140782, 0.0111477635801, 0.0176901035011, 0.0212559588253, 0.0172503627837, 0.0288689881563, 0.0188357718289, 0.0134156057611, 0.0166752431542, 0.0115484995767, 0.0131659638137, 0.0132413515821, 0.0151943303645, 0.0182090587914, 0.02309233509, 0.0245285462588, 0.0169245563447, 0.0122984955087, 0.00719232158735, 0.00300379749388, 0.00736385351047, 0.0127444304526, 0.00250364956446, 0.00199061958119, 0.00266138045117, 0.00208871532232, 0.00128370861057, 0.00149002438411, 0.00179346359801, 0.00199089595117, 0.00456627598032, 0.0019742581062, 0.00116605893709, 0.000976559356786, 0.0006783544668, 0.000652471499052, 0.000972356530838, 0.00127966643777, 0.000628171372227, 0.000802599999588, 0.000626060296781, 0.000661451427732, 0.00060219457373, 0.00039683689829, 0.000345458422089, 0.000375248491764, 0.000283515488263, 0.000203889750992, 0.000756769441068, 0.000272359669907, 0.000155947665917, 0.000528873468284, 0.000592832220718, 0.000701800570823, 0.000353297538823, 0.000174769826117, 0.000311197130941, 0.000282716820948, 0.000299709674437, 0.000169332968653, 0.00014594620734, 0.000118230265798, 5.46351329831e-05, 7.29446837795e-05, 5.52620258532e-05, 7.4797666457e-05, 8.79966828506e-05, 0.000115861686936, 0.000107312691398, 0.000207251941902, 8.20841014502e-05, 0.000123652454931, 0.000246090901783, 0.000163394855917, 0.000133923473186, 4.83831245219e-05, 2.46276686084e-05, 2.54323622357e-05, 2.54776077782e-05, 4.14494388679e-05, 2.06167187571e-05, 2.64310201601e-05, 1.54520712385e-05, 1.93370615307e-05, 2.07651301025e-05, 1.35243581099e-05, 9.39911387832e-06, 1.00967454273e-05, 8.26786799735e-06, 3.80005599254e-06, 5.70334577787e-06, 3.97625808546e-06, 3.370376362e-06, 3.23878225572e-06, 2.51464530265e-06, 1.48638309838e-06, 2.32575757764e-06, 1.85334693015e-06, 1.22782660128e-06, 1.73755051947e-06, 1.59617877671e-06, 1.57903650688e-06, 9.65581193668e-07, 5.65052289403e-07, 1.73761847577e-07, 8.28150348298e-08, 9.99369191845e-08, 2.33890542489e-08, 1.69106473269e-09, 2.32021402091e-10, 2.6728022573e-10, 2.90989399243e-10, 3.03211011854e-10, 3.11608489012e-10, 3.17481235745e-10, 3.18278375877e-10, 3.19474086075e-10, 3.20435289414e-10, 3.21176057971e-10],
        "mean": [2.13338807953e-05, 0.000115245595225, 0.00017069473688, 0.000157194357598, 0.000162445081514, 0.000159969786182, 0.000120520766359, 9.42840997595e-05, 0.00015044194879, 0.000275588070508, 0.000308183138259, 0.000269756623311, 0.000270504620858, 0.000359418045264, 0.000426314800279, 0.000412706664065, 0.000335434160661, 0.000265392591245, 0.000192713996512, 0.000256148428889, 0.000297972845146, 0.000454455817817, 0.000516159692779, 0.000434925430454, 0.000435862224549, 0.000389721622923, 0.000308080227114, 0.000178368747584, 0.00016056788445, 0.000171518200659, 0.000153886794578, 0.000107896114059, 9.52023401624e-05, 0.000102867139503, 9.88574247458e-05, 8.71930315043e-05, 7.99170156824e-05, 7.18110823072e-05, 7.69044054323e-05, 7.18006849638e-05, 5.86797214055e-05, 6.66042396915e-05, 5.56126506126e-05, 4.69738588436e-05, 4.56313646282e-05, 5.48915595573e-05, 6.73520262353e-05, 4.17338378611e-05, 3.91592075175e-05, 3.81675672543e-05, 3.10815521516e-05, 2.89120125672e-05, 2.55038194155e-05, 2.37005060626e-05, 2.41218149313e-05, 1.77994825208e-05, 1.77483070729e-05, 2.6456786145e-05, 1.58744314831e-05, 1.40484753501e-05, 2.54103561019e-05, 1.61396073963e-05, 1.43587358252e-05, 1.38524437716e-05, 1.17451354527e-05, 1.41877280839e-05, 1.580991011e-05, 1.09431475721e-05, 7.76241267886e-06, 7.3155310929e-06, 5.4171409829e-06, 3.96033419747e-06, 3.93721438741e-06, 4.22137327405e-06, 3.54523558599e-06, 3.50779396285e-06, 2.96113989862e-06, 3.24194638779e-06, 4.21601862399e-06, 3.67883012586e-06, 3.09765232487e-06, 2.69784663942e-06, 2.72061038231e-06, 2.11211727219e-06, 1.85760177374e-06, 1.59687090218e-06, 1.48726667248e-06, 1.27776331738e-06, 1.40874794852e-06, 1.14261888484e-06, 1.11934673441e-06, 1.04779360299e-06, 9.5740119832e-07, 8.89097293566e-07, 6.6101478069e-07, 5.99433406023e-07, 5.48153366253e-07, 4.66530963195e-07, 3.75749408477e-07, 3.06873658928e-07, 2.47876187132e-07, 2.2278888423e-07, 1.83474867299e-07, 1.48119042365e-07, 1.29498388901e-07, 1.25210675606e-07, 1.15480098373e-07, 1.03227407067e-07, 8.50552694942e-08, 6.17636857214e-08, 5.97202500785e-08, 3.79091318337e-08, 2.62624393343e-08, 5.86744786091e-09, 2.24374230307e-09, 2.2402633082e-09, 5.76145409159e-10, 5.1342077291e-12, 2.94171132766e-12, 2.83091605713e-12, 2.78008757508e-12, 2.73272637158e-12, 2.69686638472e-12, 2.65162935012e-12, 2.58392352653e-12, 2.49594485704e-12, 2.44349701063e-12, 2.42708370762e-12],
        "min": [7.37776797354e-24, 2.68529849581e-24, 2.66182850337e-24, 3.68567726719e-24, 1.76720166393e-24, 1.97529784591e-24, 8.42067995556e-25, 1.94969220979e-24, 4.28362200043e-24, 1.47077731803e-24, 4.7807258553e-25, 1.24036317635e-24, 7.96956294438e-25, 2.21450295491e-24, 5.83954235786e-25, 8.40779194052e-25, 6.22308850213e-25, 4.53149274648e-24, 4.78966759366e-24, 4.42593290217e-24, 3.24021303604e-24, 6.02443606986e-24, 4.62714607554e-24, 2.26626347156e-24, 2.78874320681e-24, 2.06596636291e-24, 1.55561713902e-24, 2.02029092207e-24, 3.18106740081e-24, 1.45046572744e-24, 2.63598147581e-24, 1.61079707187e-24, 1.98232501886e-24, 5.82434347341e-24, 3.12594850607e-24, 5.88186642176e-24, 4.76617176603e-24, 3.87532573969e-24, 1.2615122414e-24, 3.15096545474e-24, 2.83000220988e-24, 4.55441033906e-24, 2.82294210199e-24, 3.37491892421e-24, 1.89408284078e-24, 2.45240210468e-24, 4.72732509961e-24, 1.50273160811e-24, 1.82300371221e-24, 3.67865403855e-24, 4.67793136289e-24, 3.75332406196e-24, 2.8996947182e-24, 5.17264023606e-24, 2.54803452893e-24, 1.73685379047e-24, 1.16071376429e-24, 1.6226099681e-24, 5.41262473963e-24, 4.07908220062e-24, 5.31236406845e-24, 5.67091515494e-24, 5.38538261156e-24, 4.93195206855e-24, 2.3268209706e-24, 5.32906504267e-24, 4.09455176297e-24, 5.02847630006e-24, 2.68410613255e-24, 2.83106007235e-24, 4.9505624806e-24, 4.54317459319e-24, 5.97792285874e-24, 4.37886275524e-24, 8.75755984969e-24, 4.24830666986e-24, 5.03351238808e-24, 3.12750078711e-24, 5.53867485152e-24, 8.65690119819e-24, 4.9684767229e-24, 3.24707928136e-24, 5.34374022209e-24, 5.10942762843e-24, 6.02685235082e-24, 3.70830968656e-24, 6.05698802069e-24, 4.53755001494e-24, 6.37153526259e-24, 5.08531175613e-24, 7.53533031758e-24, 4.75113923262e-24, 5.98296446879e-24, 7.69898187895e-24, 7.17789034168e-24, 5.22832237748e-24, 8.6531075661e-24, 8.52585562461e-24, 6.80805657209e-24, 6.3123616228e-24, 6.61463616117e-24, 4.85969635394e-24, 4.43289104978e-24, 5.16803013293e-24, 5.3578466328e-24, 7.2625595715e-24, 7.48380034553e-24, 6.54741771787e-24, 8.23091394279e-24, 9.6801074348e-24, 5.8124052469e-24, 6.12369922643e-24, 6.11272893225e-24, 6.55522231323e-24, 7.95165166031e-24, 8.09052115635e-24, 8.29375223591e-24, 5.71344501292e-24, 5.87797852078e-24, 7.90097365804e-24, 7.43797383782e-24, 7.27161253924e-24, 6.84323424644e-24, 6.9614931736e-24, 7.11426318765e-24, 8.86413022482e-24, 6.56259421839e-24, 6.62289908472e-24],
        "stdev": [5.7792662119e-05, 0.000328983092913, 0.000554097816348, 0.00053534458857, 0.00040282405098, 0.000370421650587, 0.000384424813092, 0.000274026504485, 0.000407109415391, 0.000658138422295, 0.000850963231642, 0.00105907395482, 0.0011198236607, 0.00122231198475, 0.00164726690855, 0.00161176396068, 0.00123405479826, 0.000872659031302, 0.000626776425634, 0.00105134921614, 0.00109240424354, 0.00136436533649, 0.00147785863373, 0.00142148358282, 0.00156624510419, 0.00121101178229, 0.000879945757333, 0.000373633927666, 0.000271298747975, 0.000411401881138, 0.000566595932469, 0.000221146037802, 0.000181205148692, 0.000231955564232, 0.000178966030944, 0.000134603746119, 0.000130995787913, 0.000132013985422, 0.000150062973262, 0.000197433109861, 0.000127748789964, 0.00011027957953, 8.14095765236e-05, 6.35519609204e-05, 6.46897897241e-05, 7.62387280702e-05, 0.000106279541797, 5.80428277317e-05, 5.65080954402e-05, 4.84407719341e-05, 4.60322880826e-05, 4.73494765174e-05, 3.45894804923e-05, 3.59052137355e-05, 3.59260266123e-05, 2.42934347625e-05, 2.31414705922e-05, 5.7124558225e-05, 2.61668392341e-05, 2.04357893381e-05, 5.35046674486e-05, 3.1286093872e-05, 3.55952615791e-05, 2.73715995718e-05, 1.93327632587e-05, 2.73409423244e-05, 2.76955270238e-05, 1.9727705876e-05, 1.32975883389e-05, 1.36198759719e-05, 9.78595471679e-06, 6.16557417743e-06, 6.67281710776e-06, 7.22007553122e-06, 6.28031375527e-06, 6.6696770773e-06, 6.33799209027e-06, 7.28073200662e-06, 1.06339493868e-05, 6.9338530011e-06, 7.02733586877e-06, 9.19027115742e-06, 7.34303284844e-06, 5.51015909878e-06, 3.49200649907e-06, 2.43130875788e-06, 2.44720081355e-06, 2.02757132683e-06, 2.71320664069e-06, 1.9137230538e-06, 1.83754332284e-06, 1.70128475929e-06, 1.65707945143e-06, 1.75158686488e-06, 1.20912693546e-06, 1.07921687231e-06, 9.73024157247e-07, 7.91029606262e-07, 6.02094189617e-07, 5.05489822444e-07, 3.92074127831e-07, 3.84106698448e-07, 3.14649440725e-07, 2.37718694507e-07, 1.98325906808e-07, 2.06926330293e-07, 1.72316703129e-07, 1.58097734015e-07, 1.54936785179e-07, 1.17819496381e-07, 1.25611180124e-07, 8.83572823795e-08, 6.45260982424e-08, 1.60315494213e-08, 6.42560404884e-09, 7.05711267202e-09, 1.97710670058e-09, 5.21199958192e-11, 8.50324758522e-12, 8.97908917358e-12, 9.51036558533e-12, 9.77167131933e-12, 9.94685150218e-12, 1.00651466328e-11, 1.00599337888e-11, 1.00713413304e-11, 1.00820159513e-11, 1.00922308705e-11]
    },
    "mfcc": {
        "mean": [-657.731018066, 93.7750930786, -44.5066719055, -8.12237739563, -15.0664710999, -3.12242364883, -8.59659099579, 4.41163825989, -1.26414179802, 4.25780010223, -0.724968135357, -4.23517847061, -4.90249109268],
        "cov": [[9788.88964844, 1413.84960938, 435.292694092, 726.791320801, 1.80046141148, -45.9775390625, -139.914337158, -83.6792678833, -117.411201477, 139.271316528, 14.5628347397, 49.8352622986, 49.2128334045], [1413.84960938, 1271.02380371, 440.946594238, 334.850921631, 146.822647095, -23.4731521606, -167.043792725, -262.314178467, -229.08757019, -72.6613006592, -113.633857727, -57.9254722595, 52.3101119995], [435.292694092, 440.946594238, 755.963562012, 490.969299316, 195.264968872, -8.63490104675, -86.2268371582, -161.59803772, -107.383224487, 10.2293796539, -27.4646682739, 30.6112194061, 54.431137085], [726.791320801, 334.850921631, 490.969299316, 620.340759277, 193.202728271, 62.344127655, -68.8966674805, -126.503952026, -99.617980957, 3.09229063988, -26.228225708, 3.74078273773, 49.7275314331], [1.80046141148, 146.822647095, 195.264968872, 193.202728271, 192.427780151, 55.1494255066, -9.09200382233, -58.3211517334, -40.1777267456, -16.7415122986, -35.5302352905, -2.74348187447, 13.3388376236], [-45.9775390625, -23.4731521606, -8.63490104675, 62.344127655, 55.1494255066, 140.893112183, 48.4802246094, 21.5493335724, 0.760587394238, -29.7965106964, -18.1246852875, -9.11326789856, 4.84780740738], [-139.914337158, -167.043792725, -86.2268371582, -68.8966674805, -9.09200382233, 48.4802246094, 132.164794922, 95.436126709, 45.0773468018, 10.8377656937, 15.5003948212, 8.43608951569, 0.45440530777], [-83.6792678833, -262.314178467, -161.59803772, -126.503952026, -58.3211517334, 21.5493335724, 95.436126709, 161.551101685, 93.5008926392, 29.5567626953, 44.7007217407, 13.9985046387, -16.6051654816], [-117.411201477, -229.08757019, -107.383224487, -99.617980957, -40.1777267456, 0.760587394238, 45.0773468018, 93.5008926392, 122.372077942, 54.119052887, 44.9339790344, 27.1144523621, -13.7703819275], [139.271316528, -72.6613006592, 10.2293796539, 3.09229063988, -16.7415122986, -29.7965106964, 10.8377656937, 29.5567626953, 54.119052887, 99.4188995361, 58.1110458374, 30.5293827057, 2.36234736443], [14.5628347397, -113.633857727, -27.4646682739, -26.228225708, -35.5302352905, -18.1246852875, 15.5003948212, 44.7007217407, 44.9339790344, 58.1110458374, 96.1118850708, 45.202583313, -5.10183382034], [49.8352622986, -57.9254722595, 30.6112194061, 3.74078273773, -2.74348187447, -9.11326789856, 8.43608951569, 13.9985046387, 27.1144523621, 30.5293827057, 45.202583313, 71.8908843994, 18.3230819702], [49.2128334045, 52.3101119995, 54.431137085, 49.7275314331, 13.3388376236, 4.84780740738, 0.45440530777, -16.6051654816, -13.7703819275, 2.36234736443, -5.10183382034, 18.3230819702, 66.948059082]],
        "icov": [[0.000157702190336, -0.000251347024459, 0.000135063324706, -0.000294804631267, 0.00024755418417, 2.03560502996e-05, 4.88979676447e-05, -0.000344692612998, 4.05466271332e-05, -0.000320038059726, 0.000237489221036, -0.000357368233381, 0.000188544858247], [-0.000251347024459, 0.00187771848869, -0.000653024588246, 0.000572772521991, -0.00054876221111, -0.000104014761746, 0.000594793644268, 0.0010647054296, 0.0015640144702, 3.70304442185e-05, 6.16686738795e-05, 0.00118341040798, -0.000798797467723], [0.000135063324706, -0.000653024588246, 0.00369332660921, -0.00247227260843, -0.00101965933573, 0.00158253847621, -0.000577262369916, 0.000653710158076, -6.06118192081e-06, -0.000503152317833, 0.000646654167213, -0.00219445093535, 0.000165514502442], [-0.000294804631267, 0.000572772521991, -0.00247227260843, 0.00500742532313, -0.00199101143517, -0.00237799924798, 0.00161751662381, 6.58661301713e-05, 0.00175316876266, -0.00109407608397, -0.00119593250565, 0.00183061335701, -0.0015588933602], [0.00024755418417, -0.00054876221111, -0.00101965933573, -0.00199101143517, 0.010065516457, -0.00283994572237, -0.00154277763795, 0.0017616909463, -0.000873848039191, -0.00082488625776, 0.00296875182539, -0.00185580947436, 0.00178582279477], [2.03560502996e-05, -0.000104014761746, 0.00158253847621, -0.00237799924798, -0.00283994572237, 0.0118914544582, -0.00455677928403, 0.000104106904473, -0.00219316780567, 0.00472075864673, -0.000571465818211, 0.000577689323109, -0.000511860358529], [4.88979676447e-05, 0.000594793644268, -0.000577262369916, 0.00161751662381, -0.00154277763795, -0.00455677928403, 0.0168039593846, -0.0106440410018, 0.00396511564031, -0.00292872614227, 0.00203949259594, -0.000949263165239, -0.00201541907154], [-0.000344692612998, 0.0010647054296, 0.000653710158076, 6.58661301713e-05, 0.0017616909463, 0.000104106904473, -0.0106440410018, 0.0218990426511, -0.0104271750897, 0.00392493233085, -0.00537823000923, 0.00343815702945, 0.000352310860762], [4.05466271332e-05, 0.0015640144702, -6.06118192081e-06, 0.00175316876266, -0.000873848039191, -0.00219316780567, 0.00396511564031, -0.0104271750897, 0.0233978703618, -0.0104973372072, 0.00348501233384, -0.00464273802936, 0.00188992207404], [-0.000320038059726, 3.70304442185e-05, -0.000503152317833, -0.00109407608397, -0.00082488625776, 0.00472075864673, -0.00292872614227, 0.00392493233085, -0.0104973372072, 0.0225588586181, -0.0112460376695, 0.00270826346241, -0.00230947555974], [0.000237489221036, 6.16686738795e-05, 0.000646654167213, -0.00119593250565, 0.00296875182539, -0.000571465818211, 0.00203949259594, -0.00537823000923, 0.00348501233384, -0.0112460376695, 0.0249757394195, -0.0129457274452, 0.00480195274577], [-0.000357368233381, 0.00118341040798, -0.00219445093535, 0.00183061335701, -0.00185580947436, 0.000577689323109, -0.000949263165239, 0.00343815702945, -0.00464273802936, 0.00270826346241, -0.0129457274452, 0.0262433066964, -0.00827001780272], [0.000188544858247, -0.000798797467723, 0.000165514502442, -0.0015588933602, 0.00178582279477, -0.000511860358529, -0.00201541907154, 0.000352310860762, 0.00188992207404, -0.00230947555974, 0.00480195274577, -0.00827001780272, 0.0193277522922]]
    },
    "spectral_contrast_coeffs": {
        "max": [-0.413036942482, -0.509010791779, -0.558655679226, -0.665650546551, -0.692925512791, -0.493711262941],
        "mean": [-0.726971566677, -0.759147644043, -0.794607043266, -0.81913369894, -0.793265521526, -0.756392300129],
        "min": [-0.970444738865, -0.976030468941, -0.970884442329, -0.964367091656, -0.962593376637, -0.962311327457],
        "stdev": [0.0953653976321, 0.0799442753196, 0.0552368797362, 0.0395589992404, 0.036064632237, 0.0483445264399]
    },
    "spectral_contrast_valleys": {
        "max": [-5.75122022629, -4.64214611053, -5.05206394196, -5.84475040436, -5.78649187088, -8.70864772797],
        "mean": [-8.35534191132, -7.01646471024, -6.91706609726, -7.1115732193, -7.54836082458, -10.4497365952],
        "min": [-27.7637939453, -27.6159152985, -27.4823417664, -27.5343513489, -27.2948551178, -27.3040599823],
        "stdev": [2.1577732563, 2.03131723404, 1.9625223875, 1.91011190414, 1.85681080818, 1.62319290638]
    }
},
"rhythm": {
    "beats_count": 65,
    "beats_loudness": {
        "max": 0.0737733244896,
        "mean": 0.02265750058,
        "min": 0.00123814074323,
        "stdev": 0.0199442189187
    },
    "bpm": 140.023681641,
    "bpm_histogram_first_peak_bpm": 140,
    "bpm_histogram_first_peak_weight": 0.333333313465,
    "bpm_histogram_second_peak_bpm": 178,
    "bpm_histogram_second_peak_spread": 0,
    "bpm_histogram_second_peak_weight": 0.109375,
    "danceability": 1.24195110798,
    "onset_rate": 2.64913892746,
    "beats_loudness_band_ratio": {
        "max": [0.422639131546, 0.66582685709, 0.849556803703, 0.685661256313, 0.499733000994, 0.49978479743],
        "mean": [0.063353382051, 0.13174021244, 0.322676390409, 0.285928636789, 0.169531807303, 0.066487647593],
        "min": [0.000491930637509, 0.00137653143611, 0.0377818904817, 0.0128539493307, 0.00657438626513, 0.00198475178331],
        "stdev": [0.0871286690235, 0.187047198415, 0.224772274494, 0.198189049959, 0.111316673458, 0.0894830524921]
    },
    "beats_position": [0.522448956966, 1.04489791393, 1.5673469305, 2.08979582787, 2.56580495834, 3.04181408882, 3.50621318817, 3.98222208023, 4.45823097229, 4.94585037231, 5.4334692955, 5.92108821869, 6.40870714188, 6.90793657303, 7.41877555847, 7.89478445053, 8.38240337372, 8.85841274261, 9.287981987, 9.71755123138, 10.1471195221, 10.5650787354, 10.9830379486, 11.4009971619, 11.8305664062, 12.2601356506, 12.7013149261, 13.1308841705, 13.5604534149, 13.9900226593, 14.4195919037, 14.8491611481, 15.2671203613, 15.6734695435, 16.0682086945, 16.4513378143, 16.8344669342, 17.2175960541, 17.600725174, 17.9838542938, 18.3669834137, 18.7268924713, 19.0868015289, 19.4234924316, 19.7485713959, 20.0852603912, 20.4103393555, 20.7470283508, 21.0837192535, 21.4204082489, 21.7570972443, 22.0821762085, 22.4188652039, 22.7671642303, 23.1154651642, 23.4637641907, 23.9049434662, 24.3461227417, 24.7756919861, 25.2052612305, 25.6348285675, 26.0643978119, 26.4939670563, 26.9235363007, 27.3414955139],
