{
"metadata": {
    "version": {
        "essentia": "2.1-beta5",
        "essentia_git_sha": "Undefined",
        "extractor": "music 2.0"
    },
    "audio_properties": {
        "analysis": {
            "equal_loudness": 0,
            "length": 23.0574150085,
            "sample_rate": 44100,
            "start_time": 175.240997314,
            "downmix": "mix"
        },
        "bit_rate": 192000,
        "length": 198.321640015,
        "lossless": 0,
        "number_channels": 2,
        "replay_gain": -12.110408783,
        "sample_rate": 48000,
        "codec": "mp3",
        "md5_encoded": "0fc229cc91e11ef9d5c1e40934c22545"
    },
    "tags": {
        "file_name": "Austria_Reflection_Bobbie Singer.mp3",
        "encoding": ["Lavf58.29.100"]
    }
},
"lowlevel": {
    "average_loudness": 0.869545161724,
    "barkbands_crest": {
        "max": 21.3862934113,
        "mean": 7.03063011169,
        "min": 2.9423365593,
        "stdev": 2.94728255272
    },
    "barkbands_flatness_db": {
        "max": 0.26565143466,
        "mean": 0.144413158298,
        "min": 0.0785116255283,
        "stdev": 0.0245962366462
    },
    "barkbands_kurtosis": {
        "max": 13.7912731171,
        "mean": 0.756680607796,
        "min": -1.76795077324,
        "stdev": 1.95864212513
    },
    "barkbands_skewness": {
        "max": 3.50739717484,
        "mean": 0.835083305836,
        "min": -1.36632812023,
        "stdev": 0.650758981705
    },
    "barkbands_spread": {
        "max": 87.1023406982,
        "mean": 23.0790138245,
        "min": 4.6811208725,
        "stdev": 12.9941205978
    },
    "dissonance": {
        "max": 0.499999940395,
        "mean": 0.477234005928,
        "min": 0.380332797766,
        "stdev": 0.0209573842585
    },
    "dynamic_complexity": 3.00365543365,
    "erbbands_crest": {
        "max": 20.2163791656,
        "mean": 7.28754472733,
        "min": 3.03201365471,
        "stdev": 2.75679016113
    },
    "erbbands_flatness_db": {
        "max": 0.293393731117,
        "mean": 0.19838809967,
        "min": 0.119682237506,
        "stdev": 0.0385080054402
    },
    "erbbands_kurtosis": {
        "max": 7.69769668579,
        "mean": 0.181135773659,
        "min": -1.61719405651,
        "stdev": 0.965658783913
    },
    "erbbands_skewness": {
        "max": 2.22190475464,
        "mean": 0.388732463121,
        "min": -1.54391431808,
        "stdev": 0.533063709736
    },
    "erbbands_spread": {
        "max": 123.012985229,
        "mean": 32.4940719604,
        "min": 8.96625423431,
        "stdev": 18.0162410736
    },
    "hfc": {
        "max": 93.0241622925,
        "mean": 22.1257286072,
        "min": 2.78793025017,
        "stdev": 16.7002925873
    },
    "loudness_ebu128": {
        "integrated": -11.9392929077,
        "loudness_range": 6.07063865662,
        "momentary": {
            "max": -8.0778093338,
            "mean": -12.8319787979,
            "min": -19.0324554443,
            "stdev": 2.95675635338
        },
        "short_term": {
            "max": -9.67168998718,
            "mean": -12.3914031982,
            "min": -17.2521286011,
            "stdev": 2.27797842026
        }
    },
    "melbands_crest": {
        "max": 26.9492206573,
        "mean": 10.11419487,
        "min": 3.24973869324,
        "stdev": 4.14733695984
    },
    "melbands_flatness_db": {
        "max": 0.277872830629,
        "mean": 0.122452914715,
        "min": 0.0432770736516,
        "stdev": 0.041472826153
    },
    "melbands_kurtosis": {
        "max": 66.0353546143,
        "mean": 5.26882457733,
        "min": -1.35128200054,
        "stdev": 7.82592344284
    },
    "melbands_skewness": {
        "max": 7.39743423462,
        "mean": 1.6386269331,
        "min": -0.370613843203,
        "stdev": 1.12887346745
    },
    "melbands_spread": {
        "max": 123.183235168,
        "mean": 30.067987442,
        "min": 5.71126842499,
        "stdev": 13.0878009796
    },
    "pitch_salience": {
        "max": 0.897890210152,
        "mean": 0.678975999355,
        "min": 0.21770593524,
        "stdev": 0.113049916923
    },
    "silence_rate_20dB": {
        "max": 1,
        "mean": 1,
        "min": 1,
        "stdev": 0
    },
    "silence_rate_30dB": {
        "max": 1,
        "mean": 0.996981918812,
        "min": 0,
        "stdev": 0.0548541657627
    },
    "silence_rate_60dB": {
        "max": 1,
        "mean": 0.0271629784256,
        "min": 0,
        "stdev": 0.162558376789
    },
    "spectral_centroid": {
        "max": 3773.99121094,
        "mean": 1797.41674805,
        "min": 570.63104248,
        "stdev": 510.294250488
    },
    "spectral_complexity": {
        "max": 56,
        "mean": 24.9919509888,
        "min": 3,
        "stdev": 9.34688186646
    },
    "spectral_decrease": {
        "max": -4.19820067599e-10,
        "mean": -4.74599470834e-09,
        "min": -3.35008536467e-08,
        "stdev": 4.57296334133e-09
    },
    "spectral_energy": {
        "max": 0.132283747196,
        "mean": 0.0199193861336,
        "min": 0.00190683675464,
        "stdev": 0.0184532552958
    },
    "spectral_energyband_high": {
        "max": 0.00966219976544,
        "mean": 0.000997613067739,
        "min": 3.63993567589e-05,
        "stdev": 0.00117443944328
    },
    "spectral_energyband_low": {
        "max": 0.0527613312006,
        "mean": 0.00313181662932,
        "min": 1.11724875751e-06,
        "stdev": 0.00645508663729
    },
    "spectral_energyband_middle_high": {
        "max": 0.0519129037857,
        "mean": 0.00764265144244,
        "min": 0.000133729205118,
        "stdev": 0.00704493373632
    },
    "spectral_energyband_middle_low": {
        "max": 0.123971782625,
        "mean": 0.00868476182222,
        "min": 0.000348511413904,
        "stdev": 0.0128571148962
    },
    "spectral_entropy": {
        "max": 8.46092128754,
        "mean": 7.88663196564,
        "min": 7.03443002701,
        "stdev": 0.213910415769
    },
    "spectral_flux": {
        "max": 0.292655318975,
        "mean": 0.080438785255,
        "min": 0.0198942068964,
        "stdev": 0.042584747076
    },
    "spectral_kurtosis": {
        "max": 25.5987377167,
        "mean": 2.36312460899,
        "min": -1.14300847054,
        "stdev": 1.80695450306
    },
    "spectral_rms": {
        "max": 0.0113603398204,
        "mean": 0.00400618743151,
        "min": 0.00136393867433,
        "stdev": 0.00183956639376
    },
    "spectral_rolloff": {
        "max": 8182.6171875,
        "mean": 2272.98681641,
        "min": 107.666015625,
        "stdev": 1190.21264648
    },
    "spectral_skewness": {
        "max": 3.64494276047,
        "mean": 1.19706976414,
        "min": 0.0869859009981,
        "stdev": 0.327782571316
    },
    "spectral_spread": {
        "max": 10428763,
        "mean": 4134714.5,
        "min": 2294338.5,
        "stdev": 1124715.375
    },
    "spectral_strongpeak": {
        "max": 7.43694257736,
        "mean": 0.94929766655,
        "min": 0.0482656285167,
        "stdev": 0.920363247395
    },
    "zerocrossingrate": {
        "max": 0.19970703125,
        "mean": 0.0850567296147,
        "min": 0.0185546875,
        "stdev": 0.0250212308019
    },
    "barkbands": {
        "max": [0.00123609369621, 0.04084636271, 0.0333332717419, 0.0234224125743, 0.0222717374563, 0.0934196859598, 0.0349687971175, 0.0641487389803, 0.0337079316378, 0.0241183731705, 0.0385236367583, 0.00933882780373, 0.0110605023801, 0.00760199828073, 0.005919826217, 0.00372790172696, 0.00363313616253, 0.00536348065361, 0.00419494044036, 0.00232267496176, 0.00304284295999, 0.00449088029563, 0.00339996255934, 0.00210318015888, 0.000575142970774, 1.06845493519e-06, 8.31353361264e-07],
        "mean": [2.99384355458e-05, 0.00131810479797, 0.00143976183608, 0.000700940785464, 0.00137383921538, 0.00175000110175, 0.00150930834934, 0.0012090500677, 0.00176044169348, 0.00168595789, 0.00158704863861, 0.000493209983688, 0.000730834552087, 0.000768057245295, 0.000737094262149, 0.000600956846029, 0.000425235048169, 0.00034137032344, 0.000333063100697, 0.000291397154797, 0.000211341321119, 0.000230892183026, 0.000161597272381, 0.000191205894225, 3.8723792386e-05, 3.22250071072e-09, 1.74815506515e-09],
        "min": [1.75526759794e-09, 2.70111513601e-07, 9.29216952272e-08, 1.58844585485e-07, 2.71988346867e-06, 2.47134744313e-06, 2.2731323952e-06, 4.18214540332e-06, 7.27078850105e-06, 7.10570793672e-06, 7.92465652921e-06, 5.66388098378e-06, 3.17307103614e-06, 3.42484918292e-06, 6.85884879204e-06, 2.3413845156e-06, 2.43055387728e-06, 2.15666523218e-06, 2.16987132262e-06, 2.58309978562e-06, 4.86451017423e-06, 7.75793796493e-06, 4.40388475909e-06, 3.60487115358e-06, 9.26155678371e-07, 7.06294744912e-12, 1.05398658551e-11],
        "stdev": [6.80012235534e-05, 0.00334040960297, 0.00336318416521, 0.00193963234778, 0.0024426181335, 0.00562032219023, 0.00356403808109, 0.00397105608135, 0.00304143712856, 0.00315850181505, 0.00258954614401, 0.00065858423477, 0.000873258628417, 0.000953788461629, 0.000658453907818, 0.00058028055355, 0.000448122795206, 0.000432069879025, 0.000456857320387, 0.000340035825502, 0.000308178947307, 0.000381199351978, 0.000255245657172, 0.000261426815996, 5.80713021918e-05, 3.74903486033e-08, 2.68942805803e-08]
    },
    "erbbands": {
        "max": [1.31825613976, 9.43130683899, 28.0930404663, 67.818939209, 62.9729919434, 79.3769607544, 347.278808594, 994.613769531, 788.260498047, 767.16583252, 1045.14245605, 1068.54797363, 701.257080078, 805.145629883, 1075.3458252, 372.129486084, 541.40637207, 333.32510376, 338.533172607, 223.147232056, 212.87210083, 202.387695312, 302.877075195, 146.286987305, 212.261428833, 113.768058777, 100.380126953, 163.120819092, 178.046478271, 92.3366088867, 120.78527832, 58.1495399475, 38.8655738831, 11.9218893051, 0.541182875633, 0.0174434557557, 0.00199503847398, 0.000706769118551, 0.000160713738296, 0.000149822400999],
        "mean": [0.0270061995834, 0.346788525581, 1.51775491238, 2.10515832901, 3.52790379524, 4.53166007996, 7.84481525421, 16.3609733582, 20.8963069916, 24.4338722229, 28.251247406, 43.3976669312, 44.5720214844, 60.9962806702, 49.1861572266, 22.7607116699, 34.4042358398, 33.1337356567, 40.2878608704, 41.1457824707, 30.9737586975, 24.1452407837, 19.9923992157, 16.449672699, 16.1116523743, 13.279294014, 10.100446701, 8.77240657806, 8.21191501617, 6.0069899559, 4.45950889587, 5.00515699387, 2.37725758553, 0.880940675735, 0.0404367633164, 0.00139660714194, 0.00013939938799, 2.69052907242e-05, 1.72104937519e-05, 2.63072797679e-05],
        "min": [8.46955845191e-06, 1.55702127813e-05, 8.83719621925e-05, 0.000456904323073, 0.0021099045407, 0.00783585570753, 0.0162723436952, 0.0318278893828, 0.049391862005, 0.14250472188, 0.240852579474, 0.172232747078, 0.309611320496, 0.2435888201, 0.347239792347, 0.314272403717, 0.274521648884, 0.247142836452, 0.5354180336, 0.322837859392, 0.281834423542, 0.132383331656, 0.117638170719, 0.123787052929, 0.0914479494095, 0.172134995461, 0.184505909681, 0.436287850142, 0.316932231188, 0.1850348562, 0.116521969438, 0.104155704379, 0.0521319247782, 0.0198703818023, 0.00119300466031, 5.12864680786e-05, 7.06299624653e-06, 1.5750727016e-06, 1.72059480974e-06, 2.76421451417e-06],
        "stdev": [0.0804551392794, 0.82731962204, 3.29907679558, 5.79171514511, 7.08145904541, 8.60057067871, 20.7064495087, 55.7591705322, 63.44947052, 62.611782074, 81.0139083862, 81.9507293701, 78.7350616455, 94.8407821655, 77.0176086426, 27.3776626587, 40.7695579529, 38.2802047729, 42.1211547852, 36.5894851685, 30.3753051758, 25.1791725159, 24.2614612579, 20.8305454254, 21.570192337, 15.5139770508, 12.2753095627, 14.2960529327, 14.3285045624, 9.23278903961, 7.19246339798, 7.12427854538, 3.35335874557, 1.24134886265, 0.0573368184268, 0.00188086193521, 0.00018141970213, 3.76478637918e-05, 1.48863591676e-05, 2.25652584049e-05]
    },
    "gfcc": {
        "mean": [-15.86165905, 86.9043884277, -183.424957275, 39.8937683105, -87.9677963257, 29.6732788086, -38.9206047058, 1.18533289433, -6.66314840317, -18.3478507996, -0.19746632874, -20.9625167847, 7.30548524857],
        "cov": [[2392.89404297, 713.802062988, 734.195617676, 461.629241943, 109.790382385, -115.727012634, 47.8238105774, -14.107170105, -173.580032349, -2.92242312431, 110.183731079, -57.1842689514, -3.01105952263], [713.802062988, 1002.82550049, 738.429199219, 310.929168701, 142.771957397, -139.383331299, -3.74182701111, -122.835205078, -76.8168869019, -0.551252543926, 124.496742249, -67.4588775635, -2.44631910324], [734.195617676, 738.429199219, 1330.74255371, 662.812072754, 133.607177734, 149.061477661, -20.3246383667, -91.2744522095, -70.9322891235, 65.5774612427, 121.782035828, 4.85507488251, -32.6264533997], [461.629241943, 310.929168701, 662.812072754, 508.46206665, 143.187957764, 99.4481430054, 33.8213005066, -34.1589698792, -51.8999214172, 35.3282546997, 67.5163040161, 30.7680454254, -2.73625636101], [109.790382385, 142.771957397, 133.607177734, 143.187957764, 129.020858765, 56.1426506042, 43.8860206604, 9.53039169312, -19.8981666565, -4.51171255112, 20.3670654297, -2.03730607033, 4.97003698349], [-115.727012634, -139.383331299, 149.061477661, 99.4481430054, 56.1426506042, 227.373703003, 73.9674530029, 50.817741394, 17.4888877869, 10.2070302963, -20.3014583588, 18.7449855804, -12.0295686722], [47.8238105774, -3.74182701111, -20.3246383667, 33.8213005066, 43.8860206604, 73.9674530029, 141.389297485, 55.20728302, 13.4939365387, -10.4969749451, -4.72143268585, -8.98465919495, 3.20920610428], [-14.107170105, -122.835205078, -91.2744522095, -34.1589698792, 9.53039169312, 50.817741394, 55.20728302, 97.0629653931, 28.0590858459, -1.25257647038, -20.0960426331, -4.94736003876, 1.26689577103], [-173.580032349, -76.8168869019, -70.9322891235, -51.8999214172, -19.8981666565, 17.4888877869, 13.4939365387, 28.0590858459, 73.5637435913, 17.8278064728, -14.9623060226, -0.414331257343, -11.9137773514], [-2.92242312431, -0.551252543926, 65.5774612427, 35.3282546997, -4.51171255112, 10.2070302963, -10.4969749451, -1.25257647038, 17.8278064728, 57.3002319336, 24.0208301544, 0.464730352163, -4.3086977005], [110.183731079, 124.496742249, 121.782035828, 67.5163040161, 20.3670654297, -20.3014583588, -4.72143268585, -20.0960426331, -14.9623060226, 24.0208301544, 60.1195983887, 14.7369832993, 4.54840660095], [-57.1842689514, -67.4588775635, 4.85507488251, 30.7680454254, -2.03730607033, 18.7449855804, -8.98465919495, -4.94736003876, -0.414331257343, 0.464730352163, 14.7369832993, 57.6853408813, 20.2548465729], [-3.01105952263, -2.44631910324, -32.6264533997, -2.73625636101, 4.97003698349, -12.0295686722, 3.20920610428, 1.26689577103, -11.9137773514, -4.3086977005, 4.54840660095, 20.2548465729, 44.2767066956]],
        "icov": [[0.000784551841207, -0.000417673989432, 3.70944544557e-05, -0.000714865571354, 0.000752918596845, 0.000506072363351, -0.000258457177551, -0.00130704941694, 0.00169624295086, -0.000173974956851, 1.48922972585e-05, 0.000226632095291, 0.000456827779999], [-0.000417673989432, 0.0125237461179, -0.010893846862, 0.00912086572498, -0.0155362449586, 0.0137331550941, -0.00744065549225, 0.00782516319305, -0.00447405595332, 0.0057553909719, -0.00643020914868, 0.00797901302576, -0.00464302161708], [3.70944544557e-05, -0.010893846862, 0.0136080272496, -0.0133251398802, 0.0171262752265, -0.0159546900541, 0.00955910980701, -0.00525106443092, 0.00149526610039, -0.00128073769156, -0.00151632691268, -0.000345980399288, 0.0023965712171], [-0.000714865571354, 0.00912086572498, -0.0133251398802, 0.0186680220068, -0.0203643999994, 0.013724767603, -0.00982582941651, 0.00622033653781, 0.000789999088738, -0.00400076620281, 0.00461111310869, -0.00641260482371, 0.000622061430477], [0.000752918596845, -0.0155362449586, 0.0171262752265, -0.0203643999994, 0.0378182902932, -0.0231793988496, 0.0109867835417, -0.0103843193501, 0.00366238155402, 0.00274686235934, -0.00520435441285, 0.00305485632271, -9.77387244347e-05], [0.000506072363351, 0.0137331550941, -0.0159546900541, 0.013724767603, -0.0231793988496, 0.0282777734101, -0.0149528384209, 0.00439678598195, 0.000217793058255, -0.00238688359968, 0.00703749200329, -0.00385238067247, 0.00199309689924], [-0.000258457177551, -0.00744065549225, 0.00955910980701, -0.00982582941651, 0.0109867835417, -0.0149528384209, 0.0191524941474, -0.00816802214831, -0.00293356645852, 0.00526166055351, -0.00642803544179, 0.00548964738846, -0.0025705920998], [-0.00130704941694, 0.00782516319305, -0.00525106443092, 0.00622033653781, -0.0103843193501, 0.00439678598195, -0.00816802214831, 0.0230946298689, -0.00888889003545, 0.00298655848019, -0.00263879471458, 0.00645692134276, -0.0056339642033], [0.00169624295086, -0.00447405595332, 0.00149526610039, 0.000789999088738, 0.00366238155402, 0.000217793058255, -0.00293356645852, -0.00888889003545, 0.0282298270613, -0.0161234512925, 0.0135118952021, -0.0123957907781, 0.0114433290437], [-0.000173974956851, 0.0057553909719, -0.00128073769156, -0.00400076620281, 0.00274686235934, -0.00238688359968, 0.00526166055351, 0.00298655848019, -0.0161234512925, 0.0394105650485, -0.0290421675891, 0.0210560970008, -0.00946067273617], [1.48922972585e-05, -0.00643020914868, -0.00151632691268, 0.00461111310869, -0.00520435441285, 0.00703749200329, -0.00642803544179, -0.00263879471458, 0.0135118952021, -0.0290421675891, 0.0521542392671, -0.0304760504514, 0.0112444665283], [0.000226632095291, 0.00797901302576, -0.000345980399288, -0.00641260482371, 0.00305485632271, -0.00385238067247, 0.00548964738846, 0.00645692134276, -0.0123957907781, 0.0210560970008, -0.0304760504514, 0.0485474355519, -0.0225313883275], [0.000456827779999, -0.00464302161708, 0.0023965712171, 0.000622061430477, -9.77387244347e-05, 0.00199309689924, -0.0025705920998, -0.0056339642033, 0.0114433290437, -0.00946067273617, 0.0112444665283, -0.0225313883275, 0.0363747812808]]
    },
    "melbands": {
        "max": [0.0120391994715, 0.0116317933425, 0.0103284101933, 0.00468271272257, 0.00968144461513, 0.0210522934794, 0.0102491118014, 0.00989453401417, 0.00740542309359, 0.00621003704146, 0.0035126330331, 0.00365593563765, 0.0054089454934, 0.000988234183751, 0.00072706444189, 0.00119119812734, 0.000731629144866, 0.000730398809537, 0.000391137611587, 0.000278934370726, 0.000315315643093, 0.000256789469859, 0.000240146982833, 0.000263680791249, 0.000134734611493, 0.00020443633548, 8.91886083991e-05, 8.26596733532e-05, 7.35525027267e-05, 7.09462547093e-05, 0.000119870099297, 0.000113864756713, 0.000102910642454, 5.06795258843e-05, 6.8473877036e-05, 5.47203599126e-05, 3.22841078741e-05, 3.42291750712e-05, 1.34133470056e-05, 8.40304801386e-06],
        "mean": [0.000304792367388, 0.000672277179547, 0.000411050830735, 0.000290000723908, 0.000264554517344, 0.000373455870431, 0.000308392482111, 0.000265180249698, 0.000235178056755, 0.000268745294306, 0.000223456780077, 0.000250839220826, 0.000210527607123, 5.64753099752e-05, 7.22034674254e-05, 6.74563343637e-05, 6.21727886028e-05, 6.87561332597e-05, 5.32344711246e-05, 4.86655590066e-05, 3.3904096199e-05, 2.53893686022e-05, 2.04619609576e-05, 1.62104352057e-05, 1.27924995468e-05, 1.27787643578e-05, 9.83301288215e-06, 8.88813701749e-06, 6.92949697623e-06, 4.88245905217e-06, 5.29843919139e-06, 5.01531303598e-06, 3.79566540687e-06, 3.1157317153e-06, 2.45507862928e-06, 2.72120314548e-06, 3.19028663398e-06, 1.74734714165e-06, 1.19820890632e-06, 5.6564414308e-07],
        "min": [1.17993124604e-07, 3.73212003524e-08, 1.02795326029e-07, 5.80990842991e-07, 5.98191206791e-07, 5.91073501255e-07, 5.49219976165e-07, 1.58736395406e-06, 1.05527419691e-06, 1.01308194189e-06, 9.88541728475e-07, 8.65869822064e-07, 1.12951192932e-06, 3.58410176204e-07, 6.9287483484e-07, 2.90631248845e-07, 3.00921868757e-07, 6.52481787711e-07, 5.02174088979e-07, 3.22818834775e-07, 2.15170132378e-07, 1.1817520118e-07, 1.12701272315e-07, 9.79837935233e-08, 1.0151427432e-07, 7.01928470903e-08, 8.99221248574e-08, 8.00246482413e-08, 4.22311998705e-08, 8.95344811624e-08, 2.57760547129e-07, 1.79502279707e-07, 1.22536960134e-07, 9.70863283101e-08, 5.97955320814e-08, 8.13030069935e-08, 5.53746914989e-08, 3.04095699732e-08, 1.15617044827e-08, 1.43350744608e-08],
        "stdev": [0.000835209561046, 0.00138832721859, 0.00097455776995, 0.000497743487358, 0.000639992300421, 0.00122897035908, 0.000865464913659, 0.000722286815289, 0.00061208702391, 0.000502101902384, 0.00040905943024, 0.000409573083743, 0.000350894173607, 8.34392267279e-05, 7.96382737462e-05, 8.68046481628e-05, 7.65838194638e-05, 8.18453263491e-05, 4.84593765577e-05, 4.42583441327e-05, 3.60081976396e-05, 2.82790078927e-05, 2.48300038947e-05, 2.14793599298e-05, 1.72902055056e-05, 1.89005058928e-05, 1.24875441543e-05, 1.11368608486e-05, 8.57042050484e-06, 7.03341129338e-06, 9.20660659176e-06, 8.8464394139e-06, 6.99090151102e-06, 4.71457633466e-06, 4.10443271903e-06, 4.36730397269e-06, 4.63527430838e-06, 2.59037665273e-06, 1.74005560893e-06, 8.39511017148e-07]
    },
    "melbands128": {
        "max": [0.0012307651341, 0.00924913957715, 0.0196577031165, 0.0169522054493, 0.0151012400165, 0.0177394188941, 0.0165333636105, 0.00918577611446, 0.00743637559935, 0.0067294803448, 0.00622271047905, 0.0103689180687, 0.0110549293458, 0.0250819437206, 0.0192893724889, 0.0425601899624, 0.0261092353612, 0.00809294916689, 0.00870259013027, 0.0143747199327, 0.0201509874314, 0.0162811279297, 0.0125070111826, 0.00643540546298, 0.0130090471357, 0.00697159115225, 0.00697014294565, 0.00492793461308, 0.00604837434366, 0.00617134803906, 0.00382945127785, 0.00891068391502, 0.00899163819849, 0.00187375978567, 0.00134835904464, 0.00125827896409, 0.00120740116108, 0.00134439091198, 0.00169719092082, 0.00234797783196, 0.00155749521218, 0.000669433036819, 0.000659927551169, 0.00183135375846, 0.00198649917729, 0.000819446868263, 0.000650138652418, 0.000579294981435, 0.000610581308138, 0.000790048274212, 0.000442171527538, 0.000357079668902, 0.000465291988803, 0.000546721043065, 0.000437218521256, 0.000344156811479, 0.000210382379009, 0.000417920702603, 0.000390794652048, 0.00031955470331, 0.000603506865446, 0.000224684437853, 0.000203796094866, 0.000200333684916, 0.0002495534427, 0.00028382637538, 0.00022495657322, 0.000130556916702, 0.000118324409414, 0.000144763398566, 0.000113446440082, 0.000223025359446, 0.000107501917228, 9.57318989094e-05, 8.98056387086e-05, 7.83840732765e-05, 7.30708852643e-05, 0.000122530880617, 0.00014850286243, 0.000168074067915, 0.000155000772793, 0.000142677527037, 0.000124126891023, 0.000139120224048, 6.17829500698e-05, 7.3344221164e-05, 5.74421974306e-05, 8.86296547833e-05, 5.7473371271e-05, 0.000132975299493, 6.53402603348e-05, 7.41144394851e-05, 5.21665169799e-05, 4.40299663751e-05, 2.99690982501e-05, 5.07705917698e-05, 3.1158382626e-05, 2.70046148216e-05, 1.62116739375e-05, 1.9366183551e-05, 1.47478376675e-05, 8.04270712251e-06, 5.51805044324e-07, 1.43047724777e-08, 1.07271995731e-08, 1.40590969977e-08, 7.55892148874e-09, 8.98215635203e-09, 8.14805556359e-09, 7.92977772335e-09, 6.71466748869e-09, 5.43313083412e-09, 5.50569634328e-09, 5.72463232373e-09, 5.99175997706e-09, 4.90351004245e-09, 5.53415269167e-09, 5.88849768945e-09, 3.97977295563e-09, 3.82167320012e-09, 5.40393374493e-09, 5.82907677682e-09, 3.62530849785e-09, 1.33809052727e-09, 6.64345356505e-10, 5.69662095273e-10, 5.61314883463e-10, 5.56709234267e-10],
        "mean": [2.48474225373e-05, 0.000168523896718, 0.000397280062316, 0.000610503717326, 0.000788597855717, 0.000670572044328, 0.000415201793658, 0.000351262337063, 0.000372534093913, 0.000290253956337, 0.000239392815274, 0.000227071388508, 0.000227199794608, 0.000368944747606, 0.000373158225557, 0.000364066392649, 0.000421969423769, 0.000253887585131, 0.000218748144107, 0.000317613303196, 0.000243998787482, 0.000250832003076, 0.000208660741919, 0.000242528898525, 0.000336278928444, 0.000251656747423, 0.000187668556464, 0.000198538065888, 0.000281063461443, 0.000263081426965, 0.000198577035917, 0.000301906606182, 0.000288377603283, 7.86887831055e-05, 5.7717643358e-05, 5.22708323842e-05, 5.02568509546e-05, 6.42703962512e-05, 9.98179821181e-05, 7.83571813372e-05, 5.60754160688e-05, 5.55351798539e-05, 5.43114656466e-05, 6.42736631562e-05, 9.25610002014e-05, 6.43066741759e-05, 5.25813011336e-05, 4.4402997446e-05, 5.48051211808e-05, 7.23960038158e-05, 3.97631847591e-05, 3.73281072825e-05, 3.7795976823e-05, 3.21131847159e-05, 2.61757413682e-05, 2.68030107691e-05, 2.11086480704e-05, 2.35790375882e-05, 1.94361418835e-05, 1.63091717695e-05, 1.86901143024e-05, 1.35385234898e-05, 1.06909601527e-05, 1.33714365802e-05, 1.51206168084e-05, 1.21430475701e-05, 1.20987133414e-05, 1.14603953989e-05, 8.90495539352e-06, 8.30156659504e-06, 7.66872199165e-06, 1.06494981083e-05, 9.03199088498e-06, 5.48521893506e-06, 5.67984625377e-06, 4.74303806186e-06, 4.63871901957e-06, 4.71729981655e-06, 4.99718680658e-06, 6.5805847953e-06, 5.52073106519e-06, 4.18542276748e-06, 4.01799889005e-06, 3.8468369894e-06, 3.59859018317e-06, 3.28855207954e-06, 3.04114792016e-06, 2.5497081424e-06, 2.37896779254e-06, 2.44802299676e-06, 2.43184945248e-06, 2.41779753196e-06, 3.7185166093e-06, 3.55059773938e-06, 2.88001592708e-06, 1.98367820303e-06, 1.46716126892e-06, 1.41652560615e-06, 1.24576695271e-06, 1.06941479316e-06, 9.45688952925e-07, 5.35512697297e-07, 2.57894967604e-08, 3.03009450864e-10, 4.17342167769e-11, 1.12681794451e-10, 1.06790007393e-10, 3.28747862266e-11, 2.53278214374e-11, 2.33666454241e-11, 2.06118403595e-11, 1.44802104335e-11, 1.57450684435e-11, 1.56127367978e-11, 1.49214997996e-11, 1.55909417321e-11, 1.16133457018e-11, 1.04980902443e-11, 8.21878069074e-12, 7.88671905561e-12, 9.31501143581e-12, 9.58088209463e-12, 7.22037403825e-12, 4.77219088899e-12, 3.89916484517e-12, 3.55724087339e-12, 3.38972686725e-12, 3.33023344144e-12],
        "min": [1.22461296659e-09, 4.43312693221e-08, 5.16129041728e-08, 7.78499043008e-09, 2.47319622559e-08, 3.6409318227e-08, 7.2005221341e-08, 7.41104102531e-08, 1.00918398971e-07, 4.9191552165e-08, 1.75835026539e-07, 4.10450439858e-07, 1.26319378069e-07, 1.31624332766e-07, 1.67003321394e-07, 2.33587201137e-07, 4.3831801122e-07, 2.40841472987e-07, 1.9658497763e-07, 1.44844349848e-07, 4.64257425392e-07, 4.82940549773e-07, 5.90703677972e-07, 7.46123703266e-07, 4.08674708297e-07, 1.76184812517e-07, 2.36969810885e-07, 2.94410256174e-07, 5.24120196133e-07, 1.99575268311e-07, 1.96452862866e-08, 1.28348131057e-06, 1.22997869312e-06, 5.40911685221e-07, 1.18206557431e-07, 2.01713504566e-07, 5.19286629697e-07, 2.13214690348e-07, 3.88476394164e-07, 2.86067347588e-07, 2.67392188391e-08, 4.36014460092e-08, 1.47171563825e-08, 7.44537516084e-08, 6.98414908129e-07, 2.84508558934e-07, 1.51293747308e-07, 4.18772074795e-08, 3.63996946362e-07, 5.08057894422e-07, 7.22815016729e-08, 8.69928271641e-08, 1.83559663469e-07, 8.13601985783e-08, 7.00156306266e-08, 7.30876408284e-08, 2.91482322723e-08, 8.59870965542e-08, 2.93685520347e-08, 3.85936260727e-08, 1.09726187247e-07, 4.95917831245e-08, 2.07387085283e-08, 9.01739625192e-08, 5.5654108877e-08, 2.04136778592e-08, 1.98688638875e-08, 4.92188441115e-08, 3.56112899169e-08, 6.51870877277e-08, 5.88685722391e-08, 3.52350006949e-08, 1.75987526774e-08, 3.05039442594e-08, 3.88157808118e-08, 5.53474173159e-08, 1.68129012934e-08, 6.78192435544e-08, 7.55005657993e-08, 2.07878215974e-07, 1.36627349434e-07, 1.08437276936e-07, 6.16840694079e-08, 8.14399143678e-08, 3.88777081639e-08, 8.33595024119e-08, 5.58224790836e-08, 1.88611100072e-08, 2.04516670266e-08, 3.63078882515e-08, 2.75231304414e-08, 3.05260705602e-08, 3.97455472978e-08, 5.59268968914e-08, 3.8637399058e-08, 1.93448865815e-08, 5.66339108943e-09, 6.30281293823e-09, 1.08954112399e-09, 8.80619399624e-09, 2.07253698647e-08, 6.19426776538e-09, 9.47355800578e-13, 2.06330341267e-13, 6.2651727068e-14, 5.52327213371e-14, 3.81661763554e-14, 3.89113315679e-14, 3.78282135976e-14, 3.18816696133e-14, 3.90723898006e-14, 3.3022924537e-14, 3.28452407416e-14, 3.35606820383e-14, 2.9739479244e-14, 3.8539047035e-14, 3.54312797634e-14, 2.73421422222e-14, 3.97832740601e-14, 3.55313922815e-14, 2.40122320899e-14, 3.35815156607e-14, 3.64405906709e-14, 3.93918702995e-14, 3.05844691478e-14, 1.08079371191e-14, 1.30706479948e-15, 5.6770245855e-17],
        "stdev": [6.15463504801e-05, 0.000527016585693, 0.00129272800405, 0.00145971705206, 0.0017024143599, 0.00167251308449, 0.00130193738732, 0.000892939220648, 0.000828166201245, 0.000563890789635, 0.000541101617273, 0.000684986822307, 0.00074533035513, 0.00121990626212, 0.00138454441912, 0.00198659091257, 0.00179528165609, 0.000719910836779, 0.000657680095173, 0.000969691784121, 0.0010090470314, 0.00105499965139, 0.000823377864435, 0.000546601600945, 0.000830579781905, 0.000557123858016, 0.000389645632822, 0.000465811492177, 0.00066880392842, 0.00060965528246, 0.000407393497881, 0.000556516111828, 0.000593993638176, 0.00017243430193, 9.80083059403e-05, 0.000103460930404, 8.86736961547e-05, 9.32917682803e-05, 0.00014379467757, 0.000133331253892, 0.000102349869849, 8.07268443168e-05, 8.03007133072e-05, 0.000126149199787, 0.000164590630447, 8.42851295602e-05, 6.77441203152e-05, 5.69989606447e-05, 6.34126918158e-05, 8.96451820154e-05, 4.99945854244e-05, 4.99153684359e-05, 4.80385569972e-05, 4.10850043409e-05, 3.69065346604e-05, 3.71571404685e-05, 2.525430682e-05, 3.32260933646e-05, 3.25693254126e-05, 2.65885519184e-05, 3.34569267579e-05, 2.00645808945e-05, 1.71289902937e-05, 2.11156984733e-05, 2.62909452431e-05, 2.18591812882e-05, 1.96763085114e-05, 1.7038297301e-05, 1.30349471874e-05, 1.17269355542e-05, 1.08565218397e-05, 1.84289565368e-05, 1.27047196656e-05, 8.39436324895e-06, 8.7326288849e-06, 7.32096577849e-06, 7.2746679507e-06, 9.31705380935e-06, 9.98357245408e-06, 1.21307575682e-05, 1.00458883026e-05, 9.16059980227e-06, 7.83397626947e-06, 8.72232430993e-06, 5.81853964832e-06, 5.37681489732e-06, 4.9833297453e-06, 4.48597165814e-06, 4.10082748203e-06, 5.46065848539e-06, 4.4255712055e-06, 4.81956976728e-06, 6.13570637142e-06, 5.80885125601e-06, 3.98470865548e-06, 3.37230835612e-06, 2.49116533269e-06, 2.33604396271e-06, 1.89802540262e-06, 1.81938344213e-06, 1.4539998574e-06, 8.66004199906e-07, 4.81180286727e-08, 8.81751505144e-10, 4.61715693456e-10, 7.5398459698e-10, 5.25796517437e-10, 3.13506581806e-10, 3.11369569017e-10, 3.0740732182e-10, 2.40492015191e-10, 1.80298567742e-10, 1.86780119149e-10, 1.92494423179e-10, 2.01617902928e-10, 1.86256801649e-10, 1.79612311135e-10, 1.8870602303e-10, 1.28836386004e-10, 1.23630869431e-10, 1.72845279756e-10, 1.86046747452e-10, 1.16805301542e-10, 4.70263411545e-11, 2.86519280523e-11, 2.5096470041e-11, 2.35205275395e-11, 2.27842796713e-11]
    },
    "mfcc": {
        "mean": [-619.279907227, 84.4731750488, -24.7342243195, -5.96572589874, -8.16514205933, 2.46657443047, -7.05539608002, 3.9784784317, 1.40927135944, 4.57980108261, -5.69964456558, -2.19204258919, -4.93513345718],
        "cov": [[2113.32592773, 355.854980469, 314.414245605, 423.899841309, 53.2146339417, -64.5822601318, 187.088485718, -48.2852897644, -78.2543640137, 13.9409017563, -91.8469924927, -56.9273834229, 79.185508728], [355.854980469, 787.716247559, 422.854278564, 310.183563232, 115.012138367, -9.48906326294, 62.3846626282, -111.263710022, -108.370079041, -0.508203029633, -56.5200080872, -0.718701541424, 42.0376014709], [314.414245605, 422.854278564, 1163.19604492, 526.586425781, 314.064361572, 245.660064697, 152.992111206, -35.2791404724, -75.2839355469, 6.98233795166, -22.0060501099, 51.8416824341, 79.7554626465], [423.899841309, 310.183563232, 526.586425781, 477.644165039, 184.508468628, 108.429641724, 119.763160706, -34.4296646118, -62.4743041992, -12.5151815414, -41.5670890808, 8.13812732697, 80.0727615356], [53.2146339417, 115.012138367, 314.064361572, 184.508468628, 185.173400879, 96.0304489136, 61.0084571838, -1.95283389091, -20.6922168732, -6.99509859085, -9.04750919342, 12.047700882, 29.5551395416], [-64.5822601318, -9.48906326294, 245.660064697, 108.429641724, 96.0304489136, 165.529953003, 74.0513000488, 39.80078125, 14.0735969543, 6.95491886139, 14.6937551498, 14.6729030609, 13.8508815765], [187.088485718, 62.3846626282, 152.992111206, 119.763160706, 61.0084571838, 74.0513000488, 153.429641724, 48.7008857727, 18.7009735107, 31.1105670929, -11.5828371048, -1.14177143574, 23.2798919678], [-48.2852897644, -111.263710022, -35.2791404724, -34.4296646118, -1.95283389091, 39.80078125, 48.7008857727, 117.05165863, 62.2051048279, 18.3811283112, 21.698972702, -7.90537309647, -11.0130691528], [-78.2543640137, -108.370079041, -75.2839355469, -62.4743041992, -20.6922168732, 14.0735969543, 18.7009735107, 62.2051048279, 89.4052505493, 35.9128799438, 23.2346248627, 2.51566243172, -12.8902235031], [13.9409017563, -0.508203029633, 6.98233795166, -12.5151815414, -6.99509859085, 6.95491886139, 31.1105670929, 18.3811283112, 35.9128799438, 75.181312561, 20.1096248627, 6.95192241669, -3.21349668503], [-91.8469924927, -56.5200080872, -22.0060501099, -41.5670890808, -9.04750919342, 14.6937551498, -11.5828371048, 21.698972702, 23.2346248627, 20.1096248627, 63.4119377136, 23.2277202606, -7.85014009476], [-56.9273834229, -0.718701541424, 51.8416824341, 8.13812732697, 12.047700882, 14.6729030609, -1.14177143574, -7.90537309647, 2.51566243172, 6.95192241669, 23.2277202606, 51.6711578369, 17.6644039154], [79.185508728, 42.0376014709, 79.7554626465, 80.0727615356, 29.5551395416, 13.8508815765, 23.2798919678, -11.0130691528, -12.8902235031, -3.21349668503, -7.85014009476, 17.6644039154, 54.4621429443]],
        "icov": [[0.000765850301832, 8.63283348735e-05, -0.000142029079143, -0.000674100941978, 0.000422757788328, 0.00106504093856, -0.00101658294443, 0.000188047313713, 0.000199458183488, -7.39400638849e-05, -0.000134150366648, 0.000848513504025, -0.000260478060227], [8.63283348735e-05, 0.00233378447592, -0.000593074073549, -0.00093229470076, -0.000116014409286, 0.00170563452411, -0.00096602604026, 0.00114024791401, 0.00123164104298, -0.000782712479122, 0.000212402286706, 0.000248321011895, 0.000780402275268], [-0.000142029079143, -0.000593074073549, 0.0027918885462, -0.00153488526121, -0.0016520441277, -0.0025504049845, 0.000783009047154, -0.000207035103813, 0.00086558284238, -0.0010500184726, 0.000733391905669, -0.00218748021871, 0.000959135591984], [-0.000674100941978, -0.00093229470076, -0.00153488526121, 0.00738095073029, -0.00225208606571, -0.000947053311393, -0.00137069541961, 0.000725387537386, 0.000248107913649, 0.00122052524239, -1.16092296594e-05, 0.00212693959475, -0.00526957726106], [0.000422757788328, -0.000116014409286, -0.0016520441277, -0.00225208606571, 0.0121513968334, -0.00266888272017, -0.00088513904484, 0.000189944461454, -6.34604875813e-05, 0.00138004892506, 3.54945245817e-06, 0.000341625098372, -0.000337317498634], [0.00106504093856, 0.00170563452411, -0.0025504049845, -0.000947053311393, -0.00266888272017, 0.0153325339779, -0.00544073386118, -0.0011163034942, -0.000668917258736, 0.00198800954968, -0.00356556870975, 0.000884857028723, 0.00106911780313], [-0.00101658294443, -0.00096602604026, 0.000783009047154, -0.00137069541961, -0.00088513904484, -0.00544073386118, 0.0153794232756, -0.00667908927426, 0.00053302681772, -0.00604589655995, 0.00533696450293, -0.00159133388661, -0.00191338034347], [0.000188047313713, 0.00114024791401, -0.000207035103813, 0.000725387537386, 0.000189944461454, -0.0011163034942, -0.00667908927426, 0.0192376412451, -0.0102695338428, 0.00413536466658, -0.00544267613441, 0.00571172591299, 0.000185427750694], [0.000199458183488, 0.00123164104298, 0.00086558284238, 0.000248107913649, -6.34604875813e-05, -0.000668917258736, 0.00053302681772, -0.0102695338428, 0.0247505996376, -0.00941998232156, 0.000683176331222, -0.00271756993607, 0.00130914186593], [-7.39400638849e-05, -0.000782712479122, -0.0010500184726, 0.00122052524239, 0.00138004892506, 0.00198800954968, -0.00604589655995, 0.00413536466658, -0.00941998232156, 0.0212788600475, -0.00671359011903, 0.000858358514961, 0.000400805525715], [-0.000134150366648, 0.000212402286706, 0.000733391905669, -1.16092296594e-05, 3.54945245817e-06, -0.00356556870975, 0.00533696450293, -0.00544267613441, 0.000683176331222, -0.00671359011903, 0.0270193126053, -0.0133971553296, 0.0045025520958], [0.000848513504025, 0.000248321011895, -0.00218748021871, 0.00212693959475, 0.000341625098372, 0.000884857028723, -0.00159133388661, 0.00571172591299, -0.00271756993607, 0.000858358514961, -0.0133971553296, 0.0332182757556, -0.0132220406085], [-0.000260478060227, 0.000780402275268, 0.000959135591984, -0.00526957726106, -0.000337317498634, 0.00106911780313, -0.00191338034347, 0.000185427750694, 0.00130914186593, 0.000400805525715, 0.0045025520958, -0.0132220406085, 0.0305182263255]]
    },
    "spectral_contrast_coeffs": {
        "max": [-0.417948275805, -0.462905406952, -0.563314318657, -0.677993893623, -0.685949325562, -0.52845531702],
        "mean": [-0.726212501526, -0.76694214344, -0.76554453373, -0.808837175369, -0.801001608372, -0.73622584343],
        "min": [-0.873684644699, -0.911856889725, -0.896508216858, -0.892893254757, -0.876366317272, -0.855887234211],
        "stdev": [0.0769840106368, 0.0708860233426, 0.0599437281489, 0.0396281965077, 0.0275926534086, 0.0364285483956]
    },
    "spectral_contrast_valleys": {
        "max": [-5.11867141724, -4.94893503189, -5.26478004456, -5.51117420197, -5.7722568512, -8.08521938324],
        "mean": [-7.62059497833, -6.65036916733, -6.8256149292, -6.83986759186, -7.14562559128, -9.92080211639],
        "min": [-10.5617456436, -8.20999526978, -9.00899791718, -9.40277481079, -9.37809181213, -11.4305696487],
        "stdev": [1.18633985519, 0.560985147953, 0.577392995358, 0.575993180275, 0.568111300468, 0.552871823311]
    }
},
"rhythm": {
    "beats_count": 38,
    "beats_loudness": {
        "max": 0.123601511121,
        "mean": 0.0305937156081,
        "min": 0.00296553014778,
        "stdev": 0.0268275886774
    },
    "bpm": 112.680030823,
    "bpm_histogram_first_peak_bpm": 112,
    "bpm_histogram_first_peak_weight": 0.133333325386,
    "bpm_histogram_second_peak_bpm": 96,
    "bpm_histogram_second_peak_spread": 0.699999988079,
    "bpm_histogram_second_peak_weight": 0.162162154913,
    "danceability": 0.979444682598,
    "onset_rate": 3.64124631882,
    "beats_loudness_band_ratio": {
        "max": [0.78317129612, 0.530010342598, 0.793094992638, 0.616939604282, 0.469960302114, 0.178812846541],
        "mean": [0.173511788249, 0.118943870068, 0.286446154118, 0.23240955174, 0.162988126278, 0.0742066502571],
        "min": [0.00194121710956, 0.00234344275668, 0.0329359173775, 0.0272860620171, 0.0152957886457, 0.00432500708848],
        "stdev": [0.233057573438, 0.143115088344, 0.197274371982, 0.147260963917, 0.125831589103, 0.0391202382743]
    },
    "beats_position": [0.53405892849, 1.06811785698, 1.60217678547, 2.13623571396, 2.67029476166, 3.20435357094, 3.73841261864, 4.27247142792, 4.80653047562, 5.32897949219, 5.86303853989, 6.38548755646, 6.91954612732, 7.45360517502, 7.98766422272, 8.52172279358, 9.12544155121, 9.74077033997, 10.3560991287, 10.95981884, 11.5519275665, 12.1556463242, 12.7709751129, 13.4211339951, 14.0596818924, 14.7098407745, 15.3599996567, 16.0217685699, 16.637096405, 17.2524261475, 17.8793640137, 18.5063037872, 19.1332416534, 19.7717914581, 20.3987293243, 21.037279129, 21.6642169952, 22.2911567688],
