{
"metadata": {
    "version": {
        "essentia": "2.1-beta5",
        "essentia_git_sha": "Undefined",
        "extractor": "music 2.0"
    },
    "audio_properties": {
        "analysis": {
            "equal_loudness": 0,
            "length": 32.4963264465,
            "sample_rate": 44100,
            "start_time": 12.7477550507,
            "downmix": "mix"
        },
        "bit_rate": 192000,
        "length": 196.48727417,
        "lossless": 0,
        "number_channels": 2,
        "replay_gain": -12.8761634827,
        "sample_rate": 48000,
        "codec": "mp3",
        "md5_encoded": "3a4541592a2244bed37af3b657c8ebeb"
    },
    "tags": {
        "file_name": "Ireland_When You Need Me_The Mullan_s.mp3",
        "encoding": ["Lavf58.29.100"]
    }
},
"lowlevel": {
    "average_loudness": 0.938156545162,
    "barkbands_crest": {
        "max": 24.6007156372,
        "mean": 12.6475505829,
        "min": 3.83807682991,
        "stdev": 4.95239114761
    },
    "barkbands_flatness_db": {
        "max": 0.417773663998,
        "mean": 0.230731278658,
        "min": 0.106738008559,
        "stdev": 0.0471676215529
    },
    "barkbands_kurtosis": {
        "max": 186.113769531,
        "mean": 13.009563446,
        "min": -1.87469983101,
        "stdev": 17.02368927
    },
    "barkbands_skewness": {
        "max": 10.7913970947,
        "mean": 2.38188457489,
        "min": -1.20018744469,
        "stdev": 1.47126507759
    },
    "barkbands_spread": {
        "max": 92.1500396729,
        "mean": 10.9385566711,
        "min": 0.546966075897,
        "stdev": 12.1168994904
    },
    "dissonance": {
        "max": 0.499995708466,
        "mean": 0.417860478163,
        "min": 0.2333252877,
        "stdev": 0.0459219478071
    },
    "dynamic_complexity": 3.13536739349,
    "erbbands_crest": {
        "max": 31.9377307892,
        "mean": 12.8569660187,
        "min": 3.63282608986,
        "stdev": 5.86206054688
    },
    "erbbands_flatness_db": {
        "max": 0.34203851223,
        "mean": 0.222829505801,
        "min": 0.115387268364,
        "stdev": 0.0425080060959
    },
    "erbbands_kurtosis": {
        "max": 40.6685829163,
        "mean": 3.92721056938,
        "min": -1.76616418362,
        "stdev": 5.39067745209
    },
    "erbbands_skewness": {
        "max": 5.81711435318,
        "mean": 1.48671650887,
        "min": -3.69093608856,
        "stdev": 1.00754237175
    },
    "erbbands_spread": {
        "max": 130.971847534,
        "mean": 30.9575214386,
        "min": 3.56608533859,
        "stdev": 21.9958076477
    },
    "hfc": {
        "max": 117.884796143,
        "mean": 12.0338487625,
        "min": 0.744107306004,
        "stdev": 14.0553407669
    },
    "loudness_ebu128": {
        "integrated": -11.977563858,
        "loudness_range": 2.37857055664,
        "momentary": {
            "max": -7.40243053436,
            "mean": -12.6002588272,
            "min": -17.7739543915,
            "stdev": 2.40427589417
        },
        "short_term": {
            "max": -10.447303772,
            "mean": -11.9911823273,
            "min": -13.9359073639,
            "stdev": 0.842800378799
        }
    },
    "melbands_crest": {
        "max": 33.2869873047,
        "mean": 15.0022878647,
        "min": 5.38143968582,
        "stdev": 5.36522436142
    },
    "melbands_flatness_db": {
        "max": 0.466334372759,
        "mean": 0.271949887276,
        "min": 0.0756345465779,
        "stdev": 0.0649635270238
    },
    "melbands_kurtosis": {
        "max": 306.739074707,
        "mean": 23.3273639679,
        "min": -1.14142310619,
        "stdev": 27.0753269196
    },
    "melbands_skewness": {
        "max": 12.7719993591,
        "mean": 2.92825984955,
        "min": -0.762784361839,
        "stdev": 1.80264389515
    },
    "melbands_spread": {
        "max": 182.010696411,
        "mean": 11.3072690964,
        "min": 0.692933499813,
        "stdev": 14.4477624893
    },
    "pitch_salience": {
        "max": 0.813003599644,
        "mean": 0.546997010708,
        "min": 0.131472423673,
        "stdev": 0.129326418042
    },
    "silence_rate_20dB": {
        "max": 1,
        "mean": 1,
        "min": 1,
        "stdev": 0
    },
    "silence_rate_30dB": {
        "max": 1,
        "mean": 0.997144877911,
        "min": 0,
        "stdev": 0.0533566400409
    },
    "silence_rate_60dB": {
        "max": 1,
        "mean": 0.00285510346293,
        "min": 0,
        "stdev": 0.0533566698432
    },
    "spectral_centroid": {
        "max": 4595.19287109,
        "mean": 645.409423828,
        "min": 210.767242432,
        "stdev": 432.358398438
    },
    "spectral_complexity": {
        "max": 42,
        "mean": 11.0920772552,
        "min": 1,
        "stdev": 4.09288263321
    },
    "spectral_decrease": {
        "max": -4.03354211143e-10,
        "mean": -5.74624214877e-09,
        "min": -3.87940843893e-08,
        "stdev": 5.24921439649e-09
    },
    "spectral_energy": {
        "max": 0.147726044059,
        "mean": 0.0227791983634,
        "min": 0.00162819761317,
        "stdev": 0.0206630118191
    },
    "spectral_energyband_high": {
        "max": 0.0136221172288,
        "mean": 0.000359720637789,
        "min": 5.20222499745e-07,
        "stdev": 0.001030037296
    },
    "spectral_energyband_low": {
        "max": 0.14235432446,
        "mean": 0.00433676689863,
        "min": 1.26551913127e-05,
        "stdev": 0.0109663354233
    },
    "spectral_energyband_middle_high": {
        "max": 0.0877853110433,
        "mean": 0.00252651027404,
        "min": 1.70370294654e-05,
        "stdev": 0.00661259470508
    },
    "spectral_energyband_middle_low": {
        "max": 0.107366882265,
        "mean": 0.0162016581744,
        "min": 0.00106289749965,
        "stdev": 0.0156725868583
    },
    "spectral_entropy": {
        "max": 8.36789035797,
        "mean": 6.80495929718,
        "min": 5.24158191681,
        "stdev": 0.567287266254
    },
    "spectral_flux": {
        "max": 0.322146087885,
        "mean": 0.0640175566077,
        "min": 0.0115336179733,
        "stdev": 0.0459681116045
    },
    "spectral_kurtosis": {
        "max": 55.5199661255,
        "mean": 7.20536804199,
        "min": -1.35564577579,
        "stdev": 7.33544588089
    },
    "spectral_rms": {
        "max": 0.0120051223785,
        "mean": 0.00433975923806,
        "min": 0.00126035127323,
        "stdev": 0.00184121693019
    },
    "spectral_rolloff": {
        "max": 9646.875,
        "mean": 756.704467773,
        "min": 64.599609375,
        "stdev": 1158.98278809
    },
    "spectral_skewness": {
        "max": 6.07373285294,
        "mean": 2.07261276245,
        "min": -0.280109405518,
        "stdev": 0.876493513584
    },
    "spectral_spread": {
        "max": 16462608,
        "mean": 4059668.5,
        "min": 1269674.625,
        "stdev": 1646745.75
    },
    "spectral_strongpeak": {
        "max": 9.52254104614,
        "mean": 1.18849420547,
        "min": 0.0386421754956,
        "stdev": 1.36878836155
    },
    "zerocrossingrate": {
        "max": 0.28515625,
        "mean": 0.0367981418967,
        "min": 0.005859375,
        "stdev": 0.0296774487942
    },
    "barkbands": {
        "max": [0.0103221936151, 0.12852050364, 0.0308023318648, 0.0158728603274, 0.0880567580462, 0.0920702293515, 0.0338463373482, 0.068706125021, 0.0709548741579, 0.08489780128, 0.0252014454454, 0.00839764904231, 0.00346687040292, 0.007690848317, 0.00631314795464, 0.00316890957765, 0.00283793592826, 0.00176635442767, 0.00319519126788, 0.00184588856064, 0.00218140939251, 0.00437610317022, 0.00490370765328, 0.00702753383666, 0.00445120548829, 3.04209237356e-07, 1.88622152564e-07],
        "mean": [0.000227780241403, 0.00266829528846, 0.00109848228749, 0.000802014314104, 0.00611294619739, 0.00396858341992, 0.000817638298031, 0.00195214804262, 0.00203941762447, 0.00131669919938, 0.000379619654268, 0.000178398753633, 0.000132465516799, 0.00026000928483, 0.000135690032039, 6.97220020811e-05, 8.21509383968e-05, 7.19835516065e-05, 8.99376536836e-05, 2.66626266239e-05, 2.5951247153e-05, 7.7512471762e-05, 0.000140398318763, 8.21640278446e-05, 2.25108178711e-05, 1.76291037324e-09, 1.09606623777e-09],
        "min": [3.51298545809e-08, 4.53501843367e-06, 8.40750203679e-07, 1.46833451709e-06, 5.47725539946e-05, 1.07477098936e-05, 2.75088814305e-06, 2.03921922548e-06, 4.13712996306e-06, 1.32534466957e-06, 7.6620284517e-07, 7.51973175284e-07, 5.28096279595e-07, 1.76625391646e-07, 3.55838693622e-07, 2.71303719046e-07, 1.5975929557e-07, 1.02140127467e-07, 7.82369085073e-08, 7.23276514236e-08, 4.98571424146e-08, 9.5986024462e-08, 1.36596923994e-07, 3.63472025811e-08, 7.54484208443e-09, 5.94980705329e-12, 8.11733059242e-12],
        "stdev": [0.000888034177478, 0.00915625970811, 0.00181732978672, 0.00109562417492, 0.00822207145393, 0.00775110954419, 0.00229934649542, 0.00617860117927, 0.00734452717006, 0.00600907346234, 0.00137013965286, 0.000452591630165, 0.000296370417345, 0.00069516064832, 0.000395427836338, 0.000202221155632, 0.000191228755284, 0.000181805953616, 0.000192736581084, 9.71046974882e-05, 0.000104643600935, 0.000219441339141, 0.00032813573489, 0.000403332553105, 0.000185532815522, 1.21685781451e-08, 8.14501710522e-09]
    },
    "erbbands": {
        "max": [4.6657743454, 27.278339386, 34.6594696045, 49.0980262756, 91.4945678711, 436.99432373, 880.580688477, 771.841674805, 538.461547852, 885.92779541, 1866.72314453, 1901.12084961, 2881.4284668, 2898.58349609, 472.866027832, 418.289916992, 136.688873291, 318.461303711, 326.022766113, 146.740402222, 81.4866256714, 102.075271606, 128.526641846, 202.09765625, 94.6095199585, 94.4939117432, 67.9066467285, 102.766609192, 150.663238525, 129.462738037, 149.449523926, 159.207092285, 115.357376099, 90.6513442993, 4.5277428627, 0.124253548682, 0.00889674108475, 0.0012730526505, 0.00028356918483, 0.000161045521963],
        "mean": [0.095973700285, 0.520216226578, 1.24267303944, 2.16450977325, 9.08147907257, 21.9320030212, 36.8178062439, 28.3954086304, 14.3075313568, 25.3588924408, 42.9188537598, 51.5239677429, 37.794342041, 33.5921554565, 12.7401065826, 9.1874628067, 6.72007369995, 11.218091011, 11.1759634018, 5.18999004364, 3.51288700104, 3.99100089073, 3.99338054657, 4.65045595169, 3.75659418106, 1.40878677368, 0.986475110054, 1.25031805038, 2.69251179695, 3.24049401283, 4.25177907944, 2.51203608513, 0.983981847763, 0.499727576971, 0.0238405503333, 0.000793540326413, 7.80927657615e-05, 1.39748763104e-05, 1.41316377267e-05, 2.68637286354e-05],
        "min": [0.000165744815604, 0.000901820487343, 0.00671304715797, 0.0503908470273, 0.114392183721, 0.17356146872, 0.189786404371, 0.0858741477132, 0.200100436807, 0.178693369031, 0.276042848825, 0.151401355863, 0.0848612263799, 0.0498529151082, 0.127868652344, 0.0570982806385, 0.036790329963, 0.0206039007753, 0.0151207474992, 0.0201462469995, 0.0140611184761, 0.0106739690527, 0.00789288245142, 0.00479574641213, 0.00503198103979, 0.0035035291221, 0.00278239836916, 0.00221893354319, 0.00370272644795, 0.00421448005363, 0.00413612928241, 0.00249239080586, 0.000459234259324, 0.000202769835596, 1.81165341928e-05, 2.16552234633e-06, 8.56073768318e-07, 1.50837905721e-07, 9.98806740427e-07, 2.08868232221e-06],
        "stdev": [0.384834319353, 1.6951969862, 2.1780064106, 3.08052802086, 10.8689413071, 37.6899795532, 68.9205780029, 65.572807312, 37.299533844, 85.5593261719, 142.3699646, 180.199157715, 171.221420288, 173.156829834, 35.3676834106, 21.8584499359, 12.6053123474, 28.4022369385, 28.8354434967, 11.4626607895, 7.56290102005, 8.72858142853, 9.36855697632, 11.7584428787, 7.6675992012, 5.09439229965, 3.69913053513, 5.11931276321, 8.18770503998, 8.19308662415, 10.1029233932, 9.37582302094, 5.76322555542, 3.95108103752, 0.194811180234, 0.00582799594849, 0.000444287230494, 6.48505592835e-05, 1.79711332748e-05, 2.41083307628e-05]
    },
    "gfcc": {
        "mean": [-72.7933578491, 153.266220093, -117.585800171, 42.8882026672, -86.2806854248, 17.9921112061, -41.1790313721, -14.1303672791, -1.29038012028, -29.4062671661, 9.91875648499, -16.3792037964, 1.76227712631],
        "cov": [[2946.33276367, -1143.30834961, -714.34552002, 219.346679688, -195.243377686, 216.128921509, -91.1800994873, 289.404724121, 24.4283733368, 77.1602249146, -13.8107843399, 23.6791324615, -70.6423797607], [-1143.30834961, 1037.7175293, 52.0401115417, -304.189300537, 359.990692139, -212.155487061, 125.9453125, -127.942306519, 107.381454468, -94.2658843994, 54.6213264465, -27.8479442596, -0.392969459295], [-714.34552002, 52.0401115417, 811.446533203, 92.1607894897, -146.819473267, 152.280899048, -37.9593238831, -94.8054885864, -89.4053573608, 88.0513534546, -14.2035799026, 27.2670249939, 82.7822341919], [219.346679688, -304.189300537, 92.1607894897, 298.104095459, -44.4737930298, 54.4360733032, -33.6979408264, 31.0258045197, -31.3966178894, 48.8537788391, -12.1039352417, 9.25291538239, 9.01506996155], [-195.243377686, 359.990692139, -146.819473267, -44.4737930298, 346.345825195, -70.6580886841, 26.3455467224, 25.1770954132, 56.2830581665, -24.7705078125, 8.65556335449, -42.1415901184, 3.20720624924], [216.128921509, -212.155487061, 152.280899048, 54.4360733032, -70.6580886841, 265.628662109, 26.0566768646, 39.7630882263, -46.0494689941, 51.1922492981, -5.5252661705, 3.83524894714, 23.4335632324], [-91.1800994873, 125.9453125, -37.9593238831, -33.6979408264, 26.3455467224, 26.0566768646, 168.016021729, 26.4030303955, -0.512241184711, -30.5888614655, 30.6812744141, 11.846116066, -16.2667655945], [289.404724121, -127.942306519, -94.8054885864, 31.0258045197, 25.1770954132, 39.7630882263, 26.4030303955, 204.458053589, 7.40452623367, 8.18016147614, -3.9849896431, -53.2186431885, -14.7739105225], [24.4283733368, 107.381454468, -89.4053573608, -31.3966178894, 56.2830581665, -46.0494689941, -0.512241184711, 7.40452623367, 152.480392456, -4.84261274338, -29.1293296814, -12.3128643036, -35.0318870544], [77.1602249146, -94.2658843994, 88.0513534546, 48.8537788391, -24.7705078125, 51.1922492981, -30.5888614655, 8.18016147614, -4.84261274338, 115.860290527, -1.00067830086, -17.5679340363, 18.8236236572], [-13.8107843399, 54.6213264465, -14.2035799026, -12.1039352417, 8.65556335449, -5.5252661705, 30.6812744141, -3.9849896431, -29.1293296814, -1.00067830086, 115.785423279, 48.065864563, -6.67174196243], [23.6791324615, -27.8479442596, 27.2670249939, 9.25291538239, -42.1415901184, 3.83524894714, 11.846116066, -53.2186431885, -12.3128643036, -17.5679340363, 48.065864563, 108.437202454, 22.9469604492], [-70.6423797607, -0.392969459295, 82.7822341919, 9.01506996155, 3.20720624924, 23.4335632324, -16.2667655945, -14.7739105225, -35.0318870544, 18.8236236572, -6.67174196243, 22.9469604492, 95.0858001709]],
        "icov": [[0.00102898909245, 0.00112613849342, 0.000783019815572, 0.0002626949572, -0.000307897164021, -0.000510364479851, 0.000163941804203, -0.000405390455853, -0.00053474237211, -0.000368273904314, -0.000262363813818, -0.000507785298396, 0.000143765937537], [0.00112613849342, 0.0100474283099, -0.00319798663259, 0.00615378562361, -0.00766787910834, 0.00414178567007, -0.00557089596987, 0.00421169633046, -0.0049772746861, 0.00280575826764, -0.00529270013794, 0.00480028567836, -0.0019008286763], [0.000783019815572, -0.00319798663259, 0.00427073938772, -0.00280825956725, 0.00361439283006, -0.00328270322643, 0.0027436951641, -0.00142149126623, 0.00192417483777, -0.00239330064505, 0.00208077672869, -0.00238555506803, -4.33492714365e-05], [0.0002626949572, 0.00615378562361, -0.00280825956725, 0.00807968433946, -0.00512230116874, 0.00284236925654, -0.00307556241751, 0.00181531300768, -0.00202678912319, 0.000426749495091, -0.00211564614438, 0.0014973548241, -0.000213365376112], [-0.000307897164021, -0.00766787910834, 0.00361439283006, -0.00512230116874, 0.0101358499378, -0.0032714905683, 0.00412063067779, -0.00343399774283, 0.00210986216553, -0.00167731009424, 0.00243466044776, -0.00142583751585, -0.00066145719029], [-0.000510364479851, 0.00414178567007, -0.00328270322643, 0.00284236925654, -0.0032714905683, 0.00806260667741, -0.00450149225071, 0.00123833969701, -0.000984973972663, -8.36000181152e-05, -0.00142441364005, 0.00205457839184, -0.00117004616186], [0.000163941804203, -0.00557089596987, 0.0027436951641, -0.00307556241751, 0.00412063067779, -0.00450149225071, 0.0111037148163, -0.00405209930614, 0.00276043615304, -0.000273872894468, 0.00169576250482, -0.00434249453247, 0.00248023378663], [-0.000405390455853, 0.00421169633046, -0.00142149126623, 0.00181531300768, -0.00343399774283, 0.00123833969701, -0.00405209930614, 0.00960681959987, -0.00284536927938, 0.00234029535204, -0.00426987325773, 0.00757621927187, -0.00224779359996], [-0.00053474237211, -0.0049772746861, 0.00192417483777, -0.00202678912319, 0.00210986216553, -0.000984973972663, 0.00276043615304, -0.00284536927938, 0.0118852527812, -0.00365634146146, 0.00692044338211, -0.00574216805398, 0.00527480151504], [-0.000368273904314, 0.00280575826764, -0.00239330064505, 0.000426749495091, -0.00167731009424, -8.36000181152e-05, -0.000273872894468, 0.00234029535204, -0.00365634146146, 0.0137113006786, -0.00520560331643, 0.00683512445539, -0.0039011023473], [-0.000262363813818, -0.00529270013794, 0.00208077672869, -0.00211564614438, 0.00243466044776, -0.00142441364005, 0.00169576250482, -0.00426987325773, 0.00692044338211, -0.00520560331643, 0.0172265730798, -0.0118310218677, 0.00571191171184], [-0.000507785298396, 0.00480028567836, -0.00238555506803, 0.0014973548241, -0.00142583751585, 0.00205457839184, -0.00434249453247, 0.00757621927187, -0.00574216805398, 0.00683512445539, -0.0118310218677, 0.0220079515129, -0.00805643945932], [0.000143765937537, -0.0019008286763, -4.33492714365e-05, -0.000213365376112, -0.00066145719029, -0.00117004616186, 0.00248023378663, -0.00224779359996, 0.00527480151504, -0.0039011023473, 0.00571191171184, -0.00805643945932, 0.0161201339215]]
    },
    "melbands": {
        "max": [0.0361881628633, 0.0186614710838, 0.00894006434828, 0.014132947661, 0.022839827463, 0.0156509391963, 0.00735863205045, 0.010815186426, 0.0139479227364, 0.0125242741778, 0.0149564947933, 0.0124555733055, 0.001796277822, 0.000691034598276, 0.000715949921869, 0.000419247429818, 0.000748720951378, 0.000600427563768, 0.00055682240054, 0.000335946097039, 0.000131828404847, 0.000163686985616, 0.00012170366972, 0.000106121777208, 0.000197150453459, 8.01151618361e-05, 5.22962363902e-05, 7.20808238839e-05, 3.62577338819e-05, 5.24356946698e-05, 6.51909285807e-05, 9.00821323739e-05, 8.98285143194e-05, 6.80106895743e-05, 8.66051195771e-05, 7.64792275731e-05, 0.000126999642816, 7.16202848707e-05, 9.86150917015e-05, 6.62203019601e-05],
        "mean": [0.000787908677012, 0.000652379414532, 0.000553164514713, 0.00109407317359, 0.001289781183, 0.000652055081446, 0.000193880332517, 0.000302531087073, 0.000377100805053, 0.000301434803987, 0.000181179100764, 0.000138840143336, 4.7391094995e-05, 2.30385830946e-05, 1.78549635166e-05, 1.30668813654e-05, 2.2792177333e-05, 2.0066039724e-05, 8.06148727861e-06, 6.21589742877e-06, 3.86841202271e-06, 4.04974571211e-06, 4.38459437646e-06, 3.3922624425e-06, 3.81553263651e-06, 3.21123388858e-06, 1.63982360846e-06, 7.68023312503e-07, 5.96705262979e-07, 5.83312953495e-07, 7.41949577332e-07, 1.46105321619e-06, 1.66412200997e-06, 1.84998384611e-06, 2.51264464168e-06, 2.21612776841e-06, 1.28004910493e-06, 6.50412800951e-07, 6.33027468666e-07, 3.41879996313e-07],
        "min": [1.81892653472e-06, 1.72087925421e-06, 1.16731935123e-05, 1.29116742755e-05, 8.40334087115e-06, 2.03668764698e-06, 1.66606116636e-06, 1.17647221032e-06, 9.48420506575e-07, 6.04401293458e-07, 2.93759967462e-07, 8.96717295973e-08, 1.48047192283e-07, 8.55122053167e-08, 6.16227779915e-08, 5.17843048442e-08, 1.86795077184e-08, 1.96109049e-08, 1.74664673835e-08, 2.22400746708e-08, 1.33260273927e-08, 1.04662492006e-08, 8.60394688829e-09, 4.18941903391e-09, 3.49126016985e-09, 2.96137225853e-09, 1.95759786159e-09, 1.42619349663e-09, 7.88973275601e-10, 8.0910994571e-10, 9.01257291019e-10, 1.68308289528e-09, 1.93320892627e-09, 2.21245621823e-09, 2.3260342541e-09, 1.64238689315e-09, 6.2953831037e-10, 1.34318292599e-10, 1.49461734655e-10, 1.21990431645e-10],
        "stdev": [0.00290262280032, 0.00137965148315, 0.000638770405203, 0.00135626876727, 0.00216697365977, 0.00137604097836, 0.000499771209434, 0.00105417834129, 0.00125731353182, 0.00113347673323, 0.000877417332958, 0.000737051712349, 0.000145717480336, 5.48387506569e-05, 3.63406725228e-05, 3.1086121453e-05, 6.23095111223e-05, 5.51112279936e-05, 2.31177436945e-05, 1.9021665139e-05, 8.85071585799e-06, 9.65778690443e-06, 1.08773447209e-05, 8.72251530382e-06, 1.04469954749e-05, 6.43866269456e-06, 3.98482052333e-06, 3.52565507455e-06, 2.35359243561e-06, 2.43533486355e-06, 3.12515726364e-06, 4.82412269776e-06, 4.52776384918e-06, 4.76638115288e-06, 6.05090372119e-06, 5.8871469264e-06, 6.42995928501e-06, 3.75440095013e-06, 4.53257234767e-06, 2.94591836791e-06]
    },
    "melbands128": {
        "max": [0.0098782479763, 0.0459346324205, 0.0562045536935, 0.0418723151088, 0.0190532654524, 0.014396796003, 0.0109853185713, 0.00711734872311, 0.0128968292847, 0.0144581403583, 0.0322459042072, 0.0359564051032, 0.0397701710463, 0.0337043479085, 0.029186449945, 0.0132150929421, 0.0153218396008, 0.0111717870459, 0.0122411213815, 0.0125516494736, 0.022747265175, 0.0198661573231, 0.0253394581378, 0.0293590780348, 0.0230834241956, 0.0270560625941, 0.0221437849104, 0.0272736623883, 0.0163011942059, 0.0204377491027, 0.0181026943028, 0.00362698407844, 0.00330401468091, 0.00314054754563, 0.000631921866443, 0.00124139280524, 0.00251635536551, 0.00044309682562, 0.000782856717706, 0.00058416929096, 0.000900984217878, 0.00101698457729, 0.00108144467231, 0.00216777808964, 0.00202018860728, 0.000951215391979, 0.00103774643503, 0.00127702567261, 0.000178711867193, 0.000286199792754, 0.000772501982283, 0.000216737316805, 0.000133881461807, 0.000301358173601, 0.000623523374088, 0.000167540216353, 0.000216751577682, 0.000347059045453, 0.000304396788124, 0.000295239849947, 0.00014148716582, 0.000125208331156, 0.000392091606045, 0.000187267360161, 8.14867380541e-05, 0.000185938552022, 0.000189628321095, 7.69595717429e-05, 6.9124129368e-05, 0.000132810309879, 0.000109298678581, 6.30472131888e-05, 4.68351463496e-05, 4.31210610259e-05, 5.83522669331e-05, 5.72106182517e-05, 4.72144783998e-05, 8.4773535491e-05, 6.11164068687e-05, 0.000105794402771, 9.57860320341e-05, 8.86897760211e-05, 8.07291435194e-05, 0.000106831772428, 8.07748292573e-05, 0.000112260458991, 7.68687095842e-05, 6.0212219978e-05, 0.000113184709335, 9.29574962356e-05, 0.000124051177409, 9.54201022978e-05, 0.000133610126795, 0.000149244457134, 0.000163959834026, 6.6149950726e-05, 5.42947709619e-05, 9.63546772255e-05, 0.000118483701954, 0.000117899806355, 0.000142388700624, 9.32438415475e-05, 3.43345232068e-06, 2.52563356895e-08, 3.32535776693e-08, 6.02982055398e-08, 7.99934269935e-08, 3.0271463114e-09, 1.95378135892e-09, 2.45966913504e-09, 1.64166424899e-09, 1.41704636913e-09, 2.08432715532e-09, 1.48298429092e-09, 1.34871191992e-09, 1.95528504499e-09, 9.26730636674e-10, 8.93081109066e-10, 8.64519233978e-10, 8.36752112043e-10, 8.15008838195e-10, 7.94016019601e-10, 7.75704722678e-10, 7.62217122752e-10, 7.48317519061e-10, 7.39184380372e-10, 7.31233684714e-10, 7.27106930221e-10],
        "mean": [0.000214343701373, 0.000829702941701, 0.000975037517492, 0.00081918813521, 0.000668581051286, 0.000515090883709, 0.000384784158086, 0.000427229417255, 0.00100901711266, 0.00101526640356, 0.00122089358047, 0.00149128865451, 0.00136537465733, 0.00100470113102, 0.000732724089175, 0.000393778493162, 0.000304137793137, 0.000121501747344, 9.58921955316e-05, 0.000315597775625, 0.000411609595176, 0.000243720802246, 0.000442918593762, 0.000385220191674, 0.000390918925405, 0.000256091792835, 0.000129735184601, 0.000238438573433, 0.000130636282847, 0.000169075909071, 0.000153072498506, 4.83728508698e-05, 5.44989779883e-05, 3.5180033592e-05, 8.48497256811e-06, 2.90383395622e-05, 3.13282871502e-05, 9.03439376998e-06, 1.93167634279e-05, 1.34449528559e-05, 1.00797487903e-05, 1.37327760967e-05, 2.25097537623e-05, 2.68645253527e-05, 2.75824713754e-05, 1.68093993125e-05, 1.63890726981e-05, 6.86515841153e-06, 4.75058641314e-06, 7.39863662602e-06, 7.93694016465e-06, 3.35994695888e-06, 2.01433181246e-06, 5.61094975637e-06, 4.92971048516e-06, 2.92674940283e-06, 3.36631956088e-06, 6.68361280987e-06, 3.48379057868e-06, 3.07521941068e-06, 3.04789841721e-06, 3.58289889846e-06, 4.90805086883e-06, 3.26279496221e-06, 3.37166693498e-06, 3.04826676256e-06, 3.64235847883e-06, 2.18909508476e-06, 1.01148327758e-06, 1.08644587726e-06, 8.13295969238e-07, 5.73531451664e-07, 5.42602947462e-07, 6.79073025367e-07, 5.63157641409e-07, 5.22154778082e-07, 6.10441475146e-07, 6.70367455768e-07, 6.3704214881e-07, 9.27648784455e-07, 1.32978198053e-06, 1.77322635864e-06, 1.67537336893e-06, 1.61941045462e-06, 1.66582776728e-06, 1.7218769699e-06, 1.90050263882e-06, 2.1248097255e-06, 2.69357974503e-06, 2.66830352302e-06, 2.48021865445e-06, 2.16413764065e-06, 1.65618121173e-06, 1.3120670701e-06, 1.04557307168e-06, 7.03456635165e-07, 5.10774157192e-07, 6.27694817013e-07, 7.09606865712e-07, 5.77531295676e-07, 5.64812467019e-07, 3.44309711409e-07, 1.36866660227e-08, 1.4194331821e-10, 4.11246835197e-11, 7.70765742897e-11, 1.03064473622e-10, 1.78485681096e-11, 1.25372004445e-11, 1.21955874219e-11, 1.02177780126e-11, 9.74966114786e-12, 1.0407458749e-11, 9.72060713172e-12, 8.9542479334e-12, 8.62647193262e-12, 6.21405964879e-12, 5.08996404053e-12, 4.89219081912e-12, 4.75562644819e-12, 4.63621458932e-12, 4.5282380276e-12, 4.43187457219e-12, 4.34779599476e-12, 4.26198399489e-12, 4.17370261616e-12, 4.11766541003e-12, 4.09210252489e-12],
        "min": [3.52197743192e-10, 4.01067126177e-07, 7.11108611995e-07, 7.4956028584e-07, 7.154432069e-07, 3.62562929013e-07, 1.15533646294e-06, 9.42333201692e-07, 6.53143570162e-06, 6.32354385743e-06, 1.95806660486e-06, 2.95484301205e-06, 2.54975429925e-06, 1.17637409858e-06, 5.57539806323e-07, 4.14235358903e-07, 7.1439558269e-07, 3.98634767862e-07, 2.04129690928e-07, 8.81834623101e-08, 1.44101989008e-07, 1.75091429355e-07, 1.41094616879e-07, 2.30378859101e-07, 1.43152860232e-07, 7.6527790327e-08, 5.00692678429e-08, 7.23815718473e-09, 4.95200893624e-08, 1.17381233622e-08, 2.02176906328e-08, 1.57537929368e-08, 4.92449032663e-08, 5.44330376329e-08, 1.00839354644e-08, 3.93040835434e-08, 1.36132829454e-08, 1.63976938694e-08, 5.60733859345e-09, 1.2381766723e-09, 5.83459947023e-09, 6.11230754899e-09, 1.16251701598e-08, 9.9962269573e-09, 5.06393860178e-09, 3.9677852115e-09, 2.85736923011e-09, 1.99938998691e-09, 9.20453713249e-10, 8.42535285983e-09, 6.40559738585e-09, 5.91481219558e-09, 1.10461773062e-09, 2.96238900077e-09, 2.81240564171e-09, 1.05721820187e-09, 2.74922706822e-09, 3.35275873731e-09, 3.85159060201e-09, 1.67230496118e-09, 1.8446330019e-09, 6.56849186154e-10, 1.73968983663e-09, 2.13344630851e-09, 1.63199920244e-09, 1.29962984818e-09, 8.0251555401e-10, 1.0450201815e-09, 8.77613426375e-10, 6.96524726784e-10, 3.62144009225e-10, 8.56116566528e-11, 3.45914380473e-10, 5.6629045897e-10, 3.86703197242e-10, 4.05413064231e-10, 2.84558598906e-10, 2.76165423863e-10, 2.71736078084e-10, 4.75744110773e-10, 4.04040745305e-10, 6.02413841033e-10, 1.92815402533e-10, 3.3799332777e-10, 6.64691565677e-11, 4.95289809166e-10, 8.95769902698e-10, 2.93849833355e-10, 1.08623143813e-09, 1.01710395661e-09, 3.01510733047e-10, 3.36967564962e-10, 6.1132693352e-10, 1.02792753476e-10, 1.90516821069e-11, 2.28729587354e-11, 1.58027688157e-11, 2.16790248947e-11, 2.44913620634e-11, 7.20125651818e-12, 3.48170485498e-11, 6.60030732326e-13, 1.12799153969e-13, 5.77223747858e-14, 2.84852944997e-14, 2.45331268592e-14, 2.87154706209e-14, 3.77194206858e-14, 1.83266657329e-14, 2.88770404615e-14, 3.44095784581e-14, 2.79277723316e-14, 2.60666766221e-14, 2.25742191731e-14, 3.00783161399e-14, 2.36783012089e-14, 2.73509208717e-14, 2.30616171775e-14, 2.40578414259e-14, 2.67712521802e-14, 2.56709563817e-14, 3.09376649462e-14, 2.58705275084e-14, 2.58811679363e-14, 1.71677806655e-14, 7.14797297551e-15, 1.19919991821e-15, 3.57376104464e-17],
        "stdev": [0.00085649167886, 0.00352048198693, 0.003940586932, 0.00254457839765, 0.00129351520445, 0.000859539664816, 0.000672234338708, 0.000562150496989, 0.00149127061013, 0.00121133297216, 0.00262140855193, 0.00316591188312, 0.00320508773439, 0.00236708135344, 0.00232454785146, 0.000967028259765, 0.00105451047421, 0.00044208750478, 0.000403002370149, 0.00121431692969, 0.00173985306174, 0.00110676756594, 0.0020667235367, 0.0016409792006, 0.00172808335628, 0.00177608570084, 0.000826958683319, 0.00152537063695, 0.000856453203596, 0.00110675476026, 0.00103812781163, 0.00022083328804, 0.000204850744922, 0.000156634807354, 3.55867341568e-05, 8.41450455482e-05, 9.85539518297e-05, 2.76172504527e-05, 5.15146057296e-05, 3.30114999088e-05, 4.77966350445e-05, 6.0188696807e-05, 7.93254293967e-05, 0.000119536758575, 0.000115289905807, 6.94694244885e-05, 6.58111675875e-05, 4.0242124669e-05, 1.34692400025e-05, 2.15934487642e-05, 3.8485693949e-05, 1.00944271253e-05, 7.05655247657e-06, 1.69945469679e-05, 2.32909151237e-05, 1.02351941678e-05, 1.2093033547e-05, 2.36073847191e-05, 1.28261981445e-05, 1.37578308568e-05, 1.01569003164e-05, 1.21602170111e-05, 2.25130970648e-05, 9.79641208687e-06, 8.10067740531e-06, 8.89945840754e-06, 1.07219238998e-05, 6.16450188318e-06, 4.12743611378e-06, 5.50586810277e-06, 4.81730739921e-06, 2.99909356727e-06, 2.23698543778e-06, 3.11218764182e-06, 2.44921307058e-06, 2.31534500017e-06, 2.44024363383e-06, 3.78543404622e-06, 2.659144684e-06, 3.95766119254e-06, 5.33028469363e-06, 6.49349840387e-06, 5.07639970238e-06, 4.91291712024e-06, 4.63469177703e-06, 5.48766365682e-06, 5.21559059052e-06, 5.41107056051e-06, 7.15740634405e-06, 6.8855401878e-06, 7.1082768045e-06, 6.39032714389e-06, 6.08537129665e-06, 7.38827520763e-06, 7.31014506528e-06, 3.90058312405e-06, 2.8756651318e-06, 4.02123760068e-06, 5.13170016347e-06, 4.53183520222e-06, 5.11538064529e-06, 3.22514915752e-06, 1.31627274413e-07, 8.67579175168e-10, 8.95709562077e-10, 1.62407387538e-09, 2.1915538273e-09, 1.27480526135e-10, 8.30961272014e-11, 9.14754105796e-11, 7.05351194119e-11, 6.64297783448e-11, 8.01176694432e-11, 6.91350796056e-11, 6.19703593996e-11, 6.88282902894e-11, 4.39520295159e-11, 3.83570224194e-11, 3.71204837701e-11, 3.60229623908e-11, 3.51199173909e-11, 3.42360827188e-11, 3.34774326316e-11, 3.28822663542e-11, 3.23442453376e-11, 3.19467993726e-11, 3.16358120256e-11, 3.14528993128e-11]
    },
    "mfcc": {
        "mean": [-701.306274414, 151.416931152, 31.9814662933, 11.6613607407, 1.19417262077, 6.95383167267, -16.4050045013, 10.892578125, -19.0274925232, 2.03714847565, -3.43613791466, -7.72443771362, -3.97912073135],
        "cov": [[3519.22290039, -1418.54541016, -614.048950195, -108.267288208, -24.0513248444, -115.304977417, -54.4089508057, 153.067993164, -40.7232513428, 189.548980713, 178.807830811, -152.570205688, -34.8972053528], [-1418.54541016, 1363.8894043, -259.493896484, -11.9474821091, 84.0642318726, -8.2511806488, -34.6243934631, 25.9896965027, -25.1607666016, -16.5015449524, -7.77877378464, 6.11382198334, 51.3559989929], [-614.048950195, -259.493896484, 927.305419922, -46.693195343, -66.1466598511, 147.737762451, 89.9788818359, -131.591308594, 61.0417861938, -129.607437134, -89.7786636353, 113.457626343, 34.4742546082], [-108.267288208, -11.9474821091, -46.693195343, 234.090576172, 35.5593986511, -19.9039573669, -15.1516475677, -12.995262146, 4.59189510345, -13.3571062088, -12.4300527573, 20.5229854584, 21.437335968], [-24.0513248444, 84.0642318726, -66.1466598511, 35.5593986511, 229.032806396, -12.3536262512, 2.26100182533, -30.7853488922, 55.5493736267, 31.1974754333, 6.72673273087, 11.2149829865, 19.1915225983], [-115.304977417, -8.2511806488, 147.737762451, -19.9039573669, -12.3536262512, 197.623657227, 4.72076463699, -21.910949707, 10.8276338577, -43.959438324, -23.6088027954, 33.3594741821, 6.38679075241], [-54.4089508057, -34.6243934631, 89.9788818359, -15.1516475677, 2.26100182533, 4.72076463699, 253.281204224, -3.71383857727, 19.8577766418, -10.3574571609, -22.0051555634, 45.2894134521, -1.57430005074], [153.067993164, 25.9896965027, -131.591308594, -12.995262146, -30.7853488922, -21.910949707, -3.71383857727, 200.15435791, -52.3305587769, 49.1851158142, 38.5371780396, -59.2014045715, -14.410364151], [-40.7232513428, -25.1607666016, 61.0417861938, 4.59189510345, 55.5493736267, 10.8276338577, 19.8577766418, -52.3305587769, 183.551986694, 19.9811840057, 1.68255627155, 21.2230014801, -16.175819397], [189.548980713, -16.5015449524, -129.607437134, -13.3571062088, 31.1974754333, -43.959438324, -10.3574571609, 49.1851158142, 19.9811840057, 149.999465942, 54.6077384949, -44.1460533142, -32.930480957], [178.807830811, -7.77877378464, -89.7786636353, -12.4300527573, 6.72673273087, -23.6088027954, -22.0051555634, 38.5371780396, 1.68255627155, 54.6077384949, 137.767730713, -11.9674386978, -6.42822217941], [-152.570205688, 6.11382198334, 113.457626343, 20.5229854584, 11.2149829865, 33.3594741821, 45.2894134521, -59.2014045715, 21.2230014801, -44.1460533142, -11.9674386978, 129.613876343, 15.2759780884], [-34.8972053528, 51.3559989929, 34.4742546082, 21.437335968, 19.1915225983, 6.38679075241, -1.57430005074, -14.410364151, -16.175819397, -32.930480957, -6.42822217941, 15.2759780884, 103.348808289]],
        "icov": [[0.00109737180173, 0.00139987375587, 0.00110322609544, 0.000840760243591, -0.000123923819046, -0.000148067483678, 1.63309141499e-05, -0.000192616615095, -3.8366564695e-05, -0.000156684021931, -0.000486657168949, 0.000103541431599, -0.000963432481512], [0.00139987375587, 0.00261981971562, 0.00171162630431, 0.0012892386876, -0.000426562328357, -0.00026665040059, 0.000107887819468, -0.000378216442186, -3.54762232746e-05, 2.60152337432e-05, -0.000435125111835, -0.000116481394798, -0.00163003813941], [0.00110322609544, 0.00171162630431, 0.00281553738751, 0.00125640037004, 0.00031663037953, -0.000924955587834, -0.000275951257208, 0.000269084324827, -0.000535706640221, 0.000453388260212, 2.49616641668e-05, -0.000594880839344, -0.00149603572208], [0.000840760243591, 0.0012892386876, 0.00125640037004, 0.00539946742356, -0.000704341684468, 0.000395313691115, 0.000447046448244, -0.000277031533187, -0.000188576377695, 0.000320854363963, 0.000252901751082, -0.000999088166282, -0.00158517633099], [-0.000123923819046, -0.000426562328357, 0.00031663037953, -0.000704341684468, 0.00549981696531, -5.50073636987e-05, -0.000137214519782, 0.00085750647122, -0.00149589730427, -0.00140824937262, 0.000222951639444, -0.00037398742279, -0.00130352261476], [-0.000148067483678, -0.00026665040059, -0.000924955587834, 0.000395313691115, -5.50073636987e-05, 0.00607031257823, 0.000425464619184, -0.00041300340672, -0.00025942485081, 0.00106151739601, 0.00035571627086, -0.000913667085115, 0.000347826251527], [1.63309141499e-05, 0.000107887819468, -0.000275951257208, 0.000447046448244, -0.000137214519782, 0.000425464619184, 0.0044836262241, -0.000785393000115, -0.000358492485248, -0.00024316496274, 0.000809693883639, -0.00179829518311, 9.17754587135e-05], [-0.000192616615095, -0.000378216442186, 0.000269084324827, -0.000277031533187, 0.00085750647122, -0.00041300340672, -0.000785393000115, 0.00708824256435, 0.00161567435134, -0.00132525269873, -0.00112141168211, 0.00228200666606, 0.000356829899829], [-3.8366564695e-05, -3.54762232746e-05, -0.000535706640221, -0.000188576377695, -0.00149589730427, -0.00025942485081, -0.000358492485248, 0.00161567435134, 0.00688623078167, -0.00132363010198, -0.000315063691232, -0.000259016174823, 0.00141086569056], [-0.000156684021931, 2.60152337432e-05, 0.000453388260212, 0.000320854363963, -0.00140824937262, 0.00106151739601, -0.00024316496274, -0.00132525269873, -0.00132363010198, 0.0106224827468, -0.00279658799991, 0.00198458856903, 0.00243402179331], [-0.000486657168949, -0.000435125111835, 2.49616641668e-05, 0.000252901751082, 0.000222951639444, 0.00035571627086, 0.000809693883639, -0.00112141168211, -0.000315063691232, -0.00279658799991, 0.00936218816787, -0.00151539186481, -0.000350393616827], [0.000103541431599, -0.000116481394798, -0.000594880839344, -0.000999088166282, -0.00037398742279, -0.000913667085115, -0.00179829518311, 0.00228200666606, -0.000259016174823, 0.00198458856903, -0.00151539186481, 0.01106438227, -0.000222638380365], [-0.000963432481512, -0.00163003813941, -0.00149603572208, -0.00158517633099, -0.00130352261476, 0.000347826251527, 9.17754587135e-05, 0.000356829899829, 0.00141086569056, 0.00243402179331, -0.000350393616827, -0.000222638380365, 0.0122677125037]]
    },
    "spectral_contrast_coeffs": {
        "max": [-0.340945422649, -0.444645911455, -0.433762103319, -0.55186766386, -0.554762244225, -0.525623321533],
        "mean": [-0.675630152225, -0.710831820965, -0.733879864216, -0.779064774513, -0.770659506321, -0.731679439545],
        "min": [-0.920236766338, -0.895454287529, -0.895317792892, -0.906876325607, -0.912953495979, -0.880799651146],
        "stdev": [0.0882659628987, 0.0765793174505, 0.0692829936743, 0.0586794242263, 0.0694301724434, 0.0515101253986]
    },
    "spectral_contrast_valleys": {
        "max": [-4.82127571106, -5.35118627548, -6.10386943817, -6.47054576874, -5.91097021103, -7.7500910759],
        "mean": [-6.53795289993, -6.90377187729, -8.07309532166, -8.6543712616, -9.04226493835, -11.4635677338],
        "min": [-9.16937065125, -8.38077259064, -9.99146080017, -10.683098793, -10.8499660492, -14.5952987671],
        "stdev": [0.528200805187, 0.508733928204, 0.599255442619, 0.685726583004, 0.779653072357, 1.1476521492]
    }
},
"rhythm": {
    "beats_count": 42,
    "beats_loudness": {
        "max": 0.118353500962,
        "mean": 0.0431021638215,
        "min": 0.00506191560999,
        "stdev": 0.0297468286008
    },
    "bpm": 78.8625946045,
    "bpm_histogram_first_peak_bpm": 78,
    "bpm_histogram_first_peak_weight": 0.463414609432,
    "bpm_histogram_second_peak_bpm": 0,
    "bpm_histogram_second_peak_spread": 0,
    "bpm_histogram_second_peak_weight": 0,
    "danceability": 1.24068593979,
    "onset_rate": 3.53759741783,
    "beats_loudness_band_ratio": {
        "max": [0.968315243721, 0.89242631197, 0.829121887684, 0.76421713829, 0.101799748838, 0.380983054638],
        "mean": [0.436548560858, 0.292127221823, 0.172158569098, 0.0934662148356, 0.0208830554038, 0.0455775931478],
        "min": [0.0197593010962, 0.0145570104942, 0.00793927721679, 0.0065329708159, 0.000676570867654, 0.00132566969842],
        "stdev": [0.299792736769, 0.245369285345, 0.20504373312, 0.157051220536, 0.0214018151164, 0.0820060819387]
    },
    "beats_position": [0.801088392735, 1.57895684242, 2.34521532059, 3.11147379875, 3.87773227692, 4.6439909935, 5.39863920212, 6.15328788757, 6.91954612732, 7.6858048439, 8.44045352936, 9.19510173798, 9.96135997772, 10.7276191711, 11.4822673798, 12.2369155884, 13.0031747818, 13.7578229904, 14.512471199, 15.2787294388, 16.0449886322, 16.8112468719, 17.5658950806, 18.3205432892, 19.0751914978, 19.8298416138, 20.5960998535, 21.3623580933, 22.1170063019, 22.8716545105, 23.6379127502, 24.40417099, 25.158821106, 25.9134693146, 26.6565074921, 27.4227657318, 28.1774139404, 28.9436721802, 29.6983222961, 30.4645805359, 31.2308387756, 31.9970970154],
