{
"metadata": {
    "version": {
        "essentia": "2.1-beta5",
        "essentia_git_sha": "Undefined",
        "extractor": "music 2.0"
    },
    "audio_properties": {
        "analysis": {
            "equal_loudness": 0,
            "length": 48.7502937317,
            "sample_rate": 44100,
            "start_time": 12.7477550507,
            "downmix": "mix"
        },
        "bit_rate": 192000,
        "length": 200.167617798,
        "lossless": 0,
        "number_channels": 2,
        "replay_gain": -14.0519142151,
        "sample_rate": 48000,
        "codec": "mp3",
        "md5_encoded": "a838f34b3751088f28cfedb991fd2e55"
    },
    "tags": {
        "file_name": "Cyprus_Tha_nai Erotas_Marlain Angelidou.mp3",
        "encoding": ["Lavf58.29.100"]
    }
},
"lowlevel": {
    "average_loudness": 0.85549557209,
    "barkbands_crest": {
        "max": 25.1282329559,
        "mean": 12.6105537415,
        "min": 2.944242239,
        "stdev": 4.89792060852
    },
    "barkbands_flatness_db": {
        "max": 0.349861890078,
        "mean": 0.184151679277,
        "min": 0.0621300376952,
        "stdev": 0.0510126166046
    },
    "barkbands_kurtosis": {
        "max": 52.9380950928,
        "mean": 5.26568317413,
        "min": -1.73887932301,
        "stdev": 6.55331039429
    },
    "barkbands_skewness": {
        "max": 6.76338005066,
        "mean": 1.74403786659,
        "min": -1.17735803127,
        "stdev": 1.10717833042
    },
    "barkbands_spread": {
        "max": 67.4537887573,
        "mean": 13.4712095261,
        "min": 1.38978755474,
        "stdev": 8.7625169754
    },
    "dissonance": {
        "max": 0.499902904034,
        "mean": 0.439042836428,
        "min": 0.251317799091,
        "stdev": 0.0356540046632
    },
    "dynamic_complexity": 2.8061811924,
    "erbbands_crest": {
        "max": 29.5912189484,
        "mean": 12.758351326,
        "min": 3.27943849564,
        "stdev": 5.3551363945
    },
    "erbbands_flatness_db": {
        "max": 0.371018916368,
        "mean": 0.21428604424,
        "min": 0.0925143063068,
        "stdev": 0.0516429878771
    },
    "erbbands_kurtosis": {
        "max": 26.1735420227,
        "mean": 1.36873376369,
        "min": -1.89589869976,
        "stdev": 3.00648975372
    },
    "erbbands_skewness": {
        "max": 4.27402067184,
        "mean": 0.826049268246,
        "min": -1.17067313194,
        "stdev": 0.729367375374
    },
    "erbbands_spread": {
        "max": 104.059936523,
        "mean": 28.3508453369,
        "min": 3.44022035599,
        "stdev": 13.728269577
    },
    "hfc": {
        "max": 84.0304031372,
        "mean": 15.7978935242,
        "min": 0.235457926989,
        "stdev": 11.7274436951
    },
    "loudness_ebu128": {
        "integrated": -10.033082962,
        "loudness_range": 4.1629076004,
        "momentary": {
            "max": -5.81356430054,
            "mean": -10.6876392365,
            "min": -20.621137619,
            "stdev": 2.61877131462
        },
        "short_term": {
            "max": -7.86261606216,
            "mean": -10.3576278687,
            "min": -15.7834825516,
            "stdev": 1.5746332407
        }
    },
    "melbands_crest": {
        "max": 32.0241279602,
        "mean": 15.4221105576,
        "min": 4.5652012825,
        "stdev": 5.61542844772
    },
    "melbands_flatness_db": {
        "max": 0.388585180044,
        "mean": 0.217667400837,
        "min": 0.0604458414018,
        "stdev": 0.0534549951553
    },
    "melbands_kurtosis": {
        "max": 92.8068237305,
        "mean": 11.2895412445,
        "min": -1.34347569942,
        "stdev": 12.1751890182
    },
    "melbands_skewness": {
        "max": 7.96683359146,
        "mean": 2.35474801064,
        "min": -1.08827698231,
        "stdev": 1.41656398773
    },
    "melbands_spread": {
        "max": 128.883285522,
        "mean": 16.2361850739,
        "min": 1.97784030437,
        "stdev": 10.8763132095
    },
    "pitch_salience": {
        "max": 0.863125264645,
        "mean": 0.514433085918,
        "min": 0.143995150924,
        "stdev": 0.118607893586
    },
    "silence_rate_20dB": {
        "max": 1,
        "mean": 1,
        "min": 1,
        "stdev": 0
    },
    "silence_rate_30dB": {
        "max": 1,
        "mean": 1,
        "min": 1,
        "stdev": 0
    },
    "silence_rate_60dB": {
        "max": 1,
        "mean": 0.0285578295588,
        "min": 0,
        "stdev": 0.16656203568
    },
    "spectral_centroid": {
        "max": 3407.25048828,
        "mean": 994.079650879,
        "min": 340.54119873,
        "stdev": 380.910308838
    },
    "spectral_complexity": {
        "max": 33,
        "mean": 14.1770582199,
        "min": 1,
        "stdev": 4.70075798035
    },
    "spectral_decrease": {
        "max": -1.3797268883e-10,
        "mean": -5.30867882986e-09,
        "min": -2.75668039507e-08,
        "stdev": 3.85411436099e-09
    },
    "spectral_energy": {
        "max": 0.108176626265,
        "mean": 0.0214690715075,
        "min": 0.000542095804121,
        "stdev": 0.0154469097033
    },
    "spectral_energyband_high": {
        "max": 0.00369239156134,
        "mean": 0.000230844743783,
        "min": 2.18021000364e-06,
        "stdev": 0.0002985582978
    },
    "spectral_energyband_low": {
        "max": 0.00775588210672,
        "mean": 0.00090304290643,
        "min": 3.01804107039e-06,
        "stdev": 0.00111159333028
    },
    "spectral_energyband_middle_high": {
        "max": 0.0826049894094,
        "mean": 0.00559091754258,
        "min": 2.64779973804e-05,
        "stdev": 0.00739560555667
    },
    "spectral_energyband_middle_low": {
        "max": 0.104099079967,
        "mean": 0.0152147477493,
        "min": 0.000263665686361,
        "stdev": 0.0138570507988
    },
    "spectral_entropy": {
        "max": 8.44484901428,
        "mean": 7.13272714615,
        "min": 5.77024126053,
        "stdev": 0.418599843979
    },
    "spectral_flux": {
        "max": 0.227954238653,
        "mean": 0.0644064024091,
        "min": 0.0102974493057,
        "stdev": 0.0323272421956
    },
    "spectral_kurtosis": {
        "max": 24.3572006226,
        "mean": 6.32326078415,
        "min": -0.882031440735,
        "stdev": 3.26554989815
    },
    "spectral_rms": {
        "max": 0.0102731771767,
        "mean": 0.0042948233895,
        "min": 0.000727237202227,
        "stdev": 0.00158111786004
    },
    "spectral_rolloff": {
        "max": 9969.87304688,
        "mean": 1130.53735352,
        "min": 236.865234375,
        "stdev": 937.909362793
    },
    "spectral_skewness": {
        "max": 3.84159207344,
        "mean": 1.89070057869,
        "min": 0.388602018356,
        "stdev": 0.41787186265
    },
    "spectral_spread": {
        "max": 20532730,
        "mean": 3942775.75,
        "min": 1984551.625,
        "stdev": 1343614.5
    },
    "spectral_strongpeak": {
        "max": 10.0005092621,
        "mean": 1.72319328785,
        "min": 0.0145951677114,
        "stdev": 1.50882971287
    },
    "zerocrossingrate": {
        "max": 0.24853515625,
        "mean": 0.0474504344165,
        "min": 0.009765625,
        "stdev": 0.0243910960853
    },
    "barkbands": {
        "max": [7.17008151696e-05, 0.00151644693688, 0.00645392294973, 0.00508161913604, 0.0340463742614, 0.100677363575, 0.0927643552423, 0.0687070861459, 0.0562117807567, 0.0757115930319, 0.0284014251083, 0.0341394506395, 0.0328116938472, 0.0221681054682, 0.00847518444061, 0.00642026262358, 0.00741534633562, 0.0126131251454, 0.00175463443156, 0.00105443224311, 0.000822660862468, 0.00071568012936, 0.000762845389545, 0.00132111506537, 0.00174078787677, 0.000409464351833, 2.12061399907e-06],
        "mean": [4.29185956818e-06, 0.000122892844956, 0.000630344264209, 0.000348804634996, 0.00232447078452, 0.00499139912426, 0.00363576551899, 0.00152922433335, 0.00175070029218, 0.00189715612214, 0.000707238796167, 0.000957243319135, 0.000572778400965, 0.000491573300678, 0.000283166678855, 0.000200847629458, 0.000333792646416, 0.00027124924236, 0.000143669123645, 9.76234077825e-05, 4.75511842524e-05, 3.44678119291e-05, 2.40642584686e-05, 3.53032228304e-05, 2.68231524387e-05, 6.63492664899e-06, 3.59785734538e-09],
        "min": [6.93120716377e-09, 6.06441972195e-08, 3.24989628098e-07, 1.28442295022e-07, 3.28402848027e-06, 4.61561285192e-06, 4.88448813485e-06, 4.16278817283e-06, 3.02309763356e-06, 1.91140520656e-06, 2.69059569291e-06, 2.20551760322e-06, 1.64161406246e-06, 9.14319343792e-07, 3.22952701026e-07, 8.88399370069e-07, 1.39258395393e-06, 1.12108409667e-06, 5.84314022944e-07, 5.35840172233e-07, 1.44881440178e-07, 2.5981159979e-07, 3.16685202506e-07, 3.14378581834e-07, 1.34156863396e-07, 1.05330702493e-10, 6.58657546906e-12],
        "stdev": [6.2510666794e-06, 0.000173650842044, 0.000960408477113, 0.000515665276907, 0.00302429031581, 0.00838639400899, 0.00902027823031, 0.00476863281801, 0.00494101876393, 0.00540471682325, 0.00195449381135, 0.00230268854648, 0.00177759351209, 0.00142077426426, 0.000652195245493, 0.00040269701276, 0.000615103635937, 0.000894065015018, 0.000173089370946, 0.00012289317965, 6.68867724016e-05, 5.31252808287e-05, 4.70395498269e-05, 8.83603279362e-05, 8.73752287589e-05, 2.07859320653e-05, 5.384931967e-08]
    },
    "erbbands": {
        "max": [0.0353574715555, 0.44829621911, 6.01747989655, 11.5657625198, 43.5512886047, 154.345611572, 522.738525391, 928.96081543, 1457.61413574, 1023.97003174, 1501.02502441, 1471.36791992, 1611.44616699, 2808.18530273, 1041.62854004, 1230.65710449, 1322.30236816, 777.808349609, 830.039978027, 294.874725342, 380.359069824, 427.871063232, 750.136535645, 152.982086182, 80.5610961914, 51.845500946, 52.8200187683, 29.3069419861, 23.9314002991, 24.7449245453, 23.3169155121, 37.2076034546, 24.687210083, 18.4559879303, 15.2243080139, 3.85444331169, 0.364948451519, 0.0137996943668, 0.000527964846697, 0.000122007011669],
        "mean": [0.00174837803934, 0.0451992042363, 0.562252521515, 1.0385414362, 3.09705233574, 9.3496389389, 22.2716636658, 44.9454803467, 56.7503967285, 39.7356185913, 32.8934364319, 41.7155075073, 52.5132026672, 51.7712631226, 26.6990814209, 40.3343963623, 31.0314064026, 23.5656433105, 22.1937217712, 11.599363327, 13.9315643311, 16.7999095917, 17.4080677032, 9.16251754761, 6.05325603485, 4.50153064728, 2.41644573212, 1.74546837807, 1.17730367184, 1.04701411724, 0.72896450758, 0.741103827953, 0.558039009571, 0.348039120436, 0.167942926288, 0.0537042617798, 0.00734979705885, 0.000204777083127, 1.9780403818e-05, 2.61464356299e-05],
        "min": [4.59452121504e-06, 5.18666529388e-05, 0.000576824881136, 0.00251048780046, 0.00670100562274, 0.0179384704679, 0.128093332052, 0.131609618664, 0.160722061992, 0.272136747837, 0.120822101831, 0.105847842991, 0.119442433119, 0.0881160274148, 0.245541036129, 0.129210934043, 0.140158042312, 0.0690681263804, 0.0320740640163, 0.0232170540839, 0.0653505027294, 0.0707465186715, 0.066851079464, 0.0512487031519, 0.0343162156641, 0.0236038547009, 0.00825515948236, 0.00653103739023, 0.007186840754, 0.0102902073413, 0.0087577290833, 0.00672067608684, 0.00379718234763, 0.00187500054017, 0.000769372913055, 4.13843736169e-05, 2.3383900043e-06, 2.66157798023e-07, 3.84692668831e-07, 8.06823834409e-07],
        "stdev": [0.00235161138698, 0.0591541975737, 0.861693918705, 1.12873768806, 4.55623626709, 13.2089185715, 42.9165992737, 78.887802124, 127.93270874, 96.1590652466, 88.9767990112, 121.824256897, 128.282440186, 181.230422974, 61.9440040588, 88.78931427, 82.8492889404, 53.1876907349, 56.3449668884, 18.2076435089, 26.544254303, 30.8443622589, 59.0101776123, 13.0553865433, 7.02230262756, 5.7394862175, 3.32806110382, 2.57732105255, 1.83224058151, 1.68670356274, 1.39704954624, 1.88650763035, 1.44802606106, 1.00363945961, 0.638952255249, 0.180511385202, 0.0231006778777, 0.00070072687231, 2.7826637961e-05, 1.79498765647e-05]
    },
    "gfcc": {
        "mean": [-36.1902885437, 107.216018677, -147.698059082, 16.4387550354, -80.4771499634, 0.585835278034, -55.3088264465, 4.08710765839, -29.4507198334, -6.90877819061, -7.38612985611, -7.97911596298, -2.66647100449],
        "cov": [[1968.2722168, -708.689941406, -24.7839069366, -128.691101074, 6.32274723053, 180.515319824, -2.173432827, 83.6983718872, -197.277633667, 246.80758667, -193.094223022, 95.2879562378, -214.002731323], [-708.689941406, 789.729492188, 3.46262359619, 135.096679688, 76.871635437, -142.370193481, 58.1663208008, -135.433288574, 126.523872375, -209.992080688, 56.8150405884, -111.82510376, 142.388336182], [-24.7839069366, 3.46262359619, 636.879211426, 291.629241943, 69.9396514893, 167.375869751, -68.7185821533, -0.25298461318, -81.9452438354, 1.48619437218, -155.438446045, 56.8815002441, -102.210746765], [-128.691101074, 135.096679688, 291.629241943, 458.606384277, 142.407836914, 79.8440170288, -21.0814037323, -48.6319007874, -10.7404546738, -50.003288269, -81.1850357056, 1.51302313805, -38.5251159668], [6.32274723053, 76.871635437, 69.9396514893, 142.407836914, 171.233734131, 63.2794418335, 18.9219379425, -1.34090769291, -31.5052642822, 1.91975164413, -29.1841621399, -16.8698654175, -24.7156181335], [180.515319824, -142.370193481, 167.375869751, 79.8440170288, 63.2794418335, 321.120147705, 67.9586486816, -32.6484565735, -108.952857971, 44.1543922424, -94.9102783203, 2.2609474659, -91.013999939], [-2.173432827, 58.1663208008, -68.7185821533, -21.0814037323, 18.9219379425, 67.9586486816, 129.682846069, -1.88406503201, -6.4866399765, 6.37631082535, -13.8155651093, -29.8881225586, -0.163847744465], [83.6983718872, -135.433288574, -0.25298461318, -48.6319007874, -1.34090769291, -32.6484565735, -1.88406503201, 150.718704224, 19.7045726776, 30.2611999512, -8.51676273346, 17.6612968445, -5.59767627716], [-197.277633667, 126.523872375, -81.9452438354, -10.7404546738, -31.5052642822, -108.952857971, -6.4866399765, 19.7045726776, 141.676651001, -27.3052120209, 52.3217811584, -10.008641243, 49.5029258728], [246.80758667, -209.992080688, 1.48619437218, -50.003288269, 1.91975164413, 44.1543922424, 6.37631082535, 30.2611999512, -27.3052120209, 147.608276367, -6.68822240829, 20.465303421, -61.9182929993], [-193.094223022, 56.8150405884, -155.438446045, -81.1850357056, -29.1841621399, -94.9102783203, -13.8155651093, -8.51676273346, 52.3217811584, -6.68822240829, 160.049316406, 6.94605255127, 47.6438865662], [95.2879562378, -111.82510376, 56.8815002441, 1.51302313805, -16.8698654175, 2.2609474659, -29.8881225586, 17.6612968445, -10.008641243, 20.465303421, 6.94605255127, 91.4228286743, -9.20963287354], [-214.002731323, 142.388336182, -102.210746765, -38.5251159668, -24.7156181335, -91.013999939, -0.163847744465, -5.59767627716, 49.5029258728, -61.9182929993, 47.6438865662, -9.20963287354, 131.112854004]],
        "icov": [[0.00104226847179, 0.000235076047829, 0.000672722468153, 0.00011127693142, -0.00017722719349, 0.000137642840855, 0.000248355820077, -6.22095785729e-06, 0.00065476243617, -0.000744733959436, 0.00149627984501, -0.000962066173088, 0.000854999874718], [0.000235076047829, 0.00814831629395, -0.00408745417371, 0.0016155722551, -0.00536159379408, 0.004379295744, -0.00644619716331, 0.00703581841663, -0.0049842861481, 0.00638932874426, -0.001798643847, 0.00554108386859, -0.00291345105506], [0.000672722468153, -0.00408745417371, 0.0062693413347, -0.00254120957106, 0.00324741750956, -0.00337447435595, 0.00558706466109, -0.00431837746873, 0.00346115208231, -0.00345621211454, 0.00394359510392, -0.00505644548684, 0.00304278195836], [0.00011127693142, 0.0016155722551, -0.00254120957106, 0.00517564686015, -0.00460714055225, 0.00101546396036, -0.00110293738544, 0.00303292763419, -0.0027483724989, 0.00250336504541, 0.000519903958775, 0.000633754301816, 6.87288184054e-06], [-0.00017722719349, -0.00536159379408, 0.00324741750956, -0.00460714055225, 0.0128539148718, -0.00364072737284, 0.00346639752388, -0.00628444645554, 0.00539092766121, -0.00486620003358, 0.000223225884838, -0.00166338612325, 0.00181163463276], [0.000137642840855, 0.004379295744, -0.00337447435595, 0.00101546396036, -0.00364072737284, 0.00899007730186, -0.00725921802223, 0.0051687550731, 2.10301495827e-05, 0.0028157774359, 5.88507937209e-05, 0.00243518687785, 0.000373897113604], [0.000248355820077, -0.00644619716331, 0.00558706466109, -0.00110293738544, 0.00346639752388, -0.00725921802223, 0.0167766474187, -0.00634366367012, 0.00304603902623, -0.00554855819792, 0.00328350090422, -0.00257922708988, 0.00165707990527], [-6.22095785729e-06, 0.00703581841663, -0.00431837746873, 0.00303292763419, -0.00628444645554, 0.0051687550731, -0.00634366367012, 0.0143932485953, -0.00629962608218, 0.00432378100231, -0.000210629528738, 0.00322457030416, -0.00239299656823], [0.00065476243617, -0.0049842861481, 0.00346115208231, -0.0027483724989, 0.00539092766121, 2.10301495827e-05, 0.00304603902623, -0.00629962608218, 0.0149204572663, -0.00440641446039, 0.000173131833435, -0.00295715592802, 0.00115300493781], [-0.000744733959436, 0.00638932874426, -0.00345621211454, 0.00250336504541, -0.00486620003358, 0.0028157774359, -0.00554855819792, 0.00432378100231, -0.00440641446039, 0.0158213805407, -0.00326556060463, 0.00347564229742, 0.00166798406281], [0.00149627984501, -0.001798643847, 0.00394359510392, 0.000519903958775, 0.000223225884838, 5.88507937209e-05, 0.00328350090422, -0.000210629528738, 0.000173131833435, -0.00326556060463, 0.0128500657156, -0.00518757943064, 0.00105925684329], [-0.000962066173088, 0.00554108386859, -0.00505644548684, 0.000633754301816, -0.00166338612325, 0.00243518687785, -0.00257922708988, 0.00322457030416, -0.00295715592802, 0.00347564229742, -0.00518757943064, 0.0189243424684, -0.00385995511897], [0.000854999874718, -0.00291345105506, 0.00304278195836, 6.87288184054e-06, 0.00181163463276, 0.000373897113604, 0.00165707990527, -0.00239299656823, 0.00115300493781, 0.00166798406281, 0.00105925684329, -0.00385995511897, 0.0147579051554]]
    },
    "melbands": {
        "max": [0.00033011668711, 0.00213388563134, 0.00202787201852, 0.00531389378011, 0.0139907933772, 0.0198791529983, 0.0219350643456, 0.0112583236769, 0.0100217740983, 0.0104489438236, 0.00815785955638, 0.0125006474555, 0.00266296137124, 0.00197222270072, 0.00510520068929, 0.00450122263283, 0.00176880031358, 0.00195684540085, 0.000609386654105, 0.000355233001756, 0.000379658653401, 0.000430239888374, 0.000879885337781, 0.00044457835611, 0.000137108974741, 5.7034107158e-05, 4.74416592624e-05, 4.51912419521e-05, 4.44026372861e-05, 2.03823874472e-05, 1.57059275807e-05, 1.63259737747e-05, 1.30565713334e-05, 1.12200013973e-05, 1.22252322399e-05, 1.39110297823e-05, 2.9247808925e-05, 1.74618380697e-05, 1.69760805875e-05, 1.54555818881e-05],
        "mean": [2.40205918089e-05, 0.000210905564018, 0.000231583660934, 0.000435522611951, 0.00071452773409, 0.00100825156551, 0.000855260354001, 0.000406475737691, 0.000260832719505, 0.000268334930297, 0.000260520697339, 0.000216790402192, 8.25977549539e-05, 8.53477467899e-05, 0.000104564191133, 6.05871500738e-05, 4.30401050835e-05, 3.97766089009e-05, 1.91537092178e-05, 1.51736858243e-05, 1.69392114913e-05, 1.82092517207e-05, 1.81071736733e-05, 1.08926224129e-05, 7.22225195204e-06, 4.64326876681e-06, 3.32235822498e-06, 3.05564822156e-06, 1.69353893398e-06, 1.16958813123e-06, 9.20039610719e-07, 7.02633997207e-07, 6.00233704517e-07, 5.12401811648e-07, 4.18192712459e-07, 3.89071118434e-07, 5.03859212131e-07, 4.1367965764e-07, 3.34209858011e-07, 2.73071321999e-07],
        "min": [2.63518220578e-08, 3.49330264271e-07, 5.62937998438e-07, 1.15413808999e-06, 2.09978202292e-06, 2.11791621041e-06, 1.52627580974e-06, 1.39444841807e-06, 9.877434195e-07, 4.93097388699e-07, 5.03905937421e-07, 2.39606407604e-07, 5.18003105299e-07, 3.55191474455e-07, 2.70419661774e-07, 1.27339447431e-07, 7.78207294161e-08, 5.63053177416e-08, 2.68776130241e-08, 4.60709514982e-08, 8.37187243974e-08, 8.58798543391e-08, 4.54199557964e-08, 6.50605898045e-08, 2.44884255096e-08, 1.62557913796e-08, 1.14603908585e-08, 1.35536772916e-08, 3.23923554646e-09, 5.03292341136e-09, 3.3534073296e-09, 4.77740291771e-09, 4.11194367445e-09, 5.14131714979e-09, 4.46328174419e-09, 4.10131617556e-09, 3.44625927795e-09, 2.63942911971e-09, 1.51893120304e-09, 1.55002588542e-09],
        "stdev": [3.34380820277e-05, 0.000298080442008, 0.000245710252784, 0.000586893816944, 0.0012158441823, 0.00170225999318, 0.00192772352602, 0.00103425572161, 0.000719843548723, 0.00081816961756, 0.000654824252706, 0.000785574899055, 0.000201607646886, 0.000173840759089, 0.000303404522128, 0.000232413221966, 0.000113039532152, 0.000115834314784, 3.92808979086e-05, 2.49717159022e-05, 3.60110097972e-05, 3.24490611092e-05, 5.84689005336e-05, 3.21810439345e-05, 1.17170447993e-05, 5.9344138208e-06, 4.5030669753e-06, 4.26992573921e-06, 2.77258868664e-06, 1.92751713257e-06, 1.48372396325e-06, 1.19829792311e-06, 9.77046624939e-07, 8.69304187745e-07, 7.98899748133e-07, 9.78898242465e-07, 1.37463518968e-06, 1.09410723326e-06, 9.02790986856e-07, 8.45411022965e-07]
    },
    "melbands128": {
        "max": [4.35154397564e-05, 0.000263156922301, 0.000467140314868, 0.000851868535392, 0.00285069365054, 0.00306705012918, 0.00254818308167, 0.00317386467941, 0.00589918671176, 0.00631029950455, 0.0100612454116, 0.0149127719924, 0.0223384704441, 0.036186452955, 0.0323160327971, 0.0248825736344, 0.0296206027269, 0.0421062223613, 0.0319772325456, 0.00995639059693, 0.02539922297, 0.0263759940863, 0.0134856430814, 0.0191994402558, 0.0103723313659, 0.022394599393, 0.0101518332958, 0.0164256040007, 0.00930638611317, 0.0260989423841, 0.013772033155, 0.00717506185174, 0.00311223254539, 0.00683973450214, 0.0048707369715, 0.00248611834832, 0.00631634239107, 0.0114067839459, 0.00141706864815, 0.00376607407816, 0.00814210996032, 0.000871933822054, 0.00203930889256, 0.003155231243, 0.0061301747337, 0.00224648672156, 0.00207421951927, 0.00112938869279, 0.000637871446088, 0.000973461254034, 0.000422416167567, 0.00138437643182, 0.000919238955248, 0.000772365368903, 0.0008546205936, 0.00073580967728, 0.00130451202858, 0.0011399857467, 0.00230030785315, 0.00183425273281, 0.000698811665643, 0.000278553372482, 0.000409464933909, 0.000226323914831, 0.000109165892354, 6.47092165309e-05, 0.000166239333339, 6.75860428601e-05, 0.000108508560515, 5.61279775866e-05, 9.05335255084e-05, 7.71709237597e-05, 5.56529994356e-05, 9.8860313301e-05, 2.30568202824e-05, 4.74706757814e-05, 3.05081812257e-05, 3.95293645852e-05, 3.27070592903e-05, 1.55783691298e-05, 2.44218645093e-05, 1.86100678548e-05, 1.9136163246e-05, 1.42485605465e-05, 3.46483611793e-05, 1.77769925358e-05, 1.79512553586e-05, 1.21222674352e-05, 1.57853974088e-05, 1.93970408873e-05, 2.93609027722e-05, 2.22670078074e-05, 1.37173456096e-05, 5.03020783071e-05, 2.33208465943e-05, 1.89076527022e-05, 2.32257443713e-05, 2.08057845157e-05, 1.59438459377e-05, 1.79178350663e-05, 1.42765975397e-05, 2.07036900974e-05, 1.1716417248e-05, 2.01713446586e-05, 2.36174437305e-05, 1.77511647053e-05, 1.26792529045e-05, 1.20535596579e-05, 5.38747690371e-06, 3.06989727505e-06, 3.73475154447e-06, 2.15996851693e-06, 9.17693171232e-07, 2.154799148e-07, 7.32218410349e-08, 7.37993062216e-08, 3.62146046484e-08, 1.04181836491e-08, 9.90205872853e-09, 9.48510070486e-09, 9.12613540294e-09, 8.82698891758e-09, 8.57065884929e-09, 8.35313151981e-09, 8.17576406575e-09, 8.04614508354e-09, 7.94519916525e-09, 7.88543541574e-09],
        "mean": [2.76450055026e-06, 7.80754180596e-06, 2.47666030191e-05, 6.93730689818e-05, 0.000241560148424, 0.000317748694215, 0.000192966122995, 0.000190218765056, 0.000291170435958, 0.000435354741057, 0.00055453524692, 0.000512137776241, 0.000721484830137, 0.000996381859295, 0.00107725011185, 0.000990608939901, 0.000927055254579, 0.000903544540051, 0.000719701871276, 0.000330301409122, 0.000362789869541, 0.00024815092911, 0.000278439343674, 0.00022412565886, 0.000244700204348, 0.000324783235556, 0.000212760918657, 0.000300127227092, 0.000226997784921, 0.000276842329185, 0.000219922047108, 8.88683716767e-05, 4.6882458264e-05, 0.000120854107081, 4.55189292552e-05, 8.04243973107e-05, 0.000126475191792, 0.000162250624271, 3.47360401065e-05, 5.91564457864e-05, 9.08905494725e-05, 1.58619386639e-05, 3.42162165907e-05, 6.02509462624e-05, 5.91366733715e-05, 3.06225192617e-05, 2.69693882728e-05, 2.38520442508e-05, 1.28369529193e-05, 1.0123912034e-05, 1.88262347365e-05, 1.70230759977e-05, 1.00583965832e-05, 2.14071824303e-05, 2.35724983213e-05, 1.66574118339e-05, 1.40294678204e-05, 1.59246137628e-05, 2.04701573239e-05, 2.28700100706e-05, 6.55530220683e-06, 4.84772908749e-06, 1.11705612653e-05, 6.4772366386e-06, 4.07719971918e-06, 4.33362356489e-06, 5.9015651459e-06, 3.1936610867e-06, 3.05187131744e-06, 2.4560113161e-06, 2.96418170365e-06, 3.93948448618e-06, 2.28678686653e-06, 1.11984309115e-06, 8.9639337375e-07, 1.53583619067e-06, 9.91891511148e-07, 1.15338900741e-06, 9.3847251037e-07, 6.54788664178e-07, 8.32142859508e-07, 5.98408973929e-07, 5.8002399328e-07, 3.55783356554e-07, 1.06863467408e-06, 4.73767812537e-07, 4.37899217332e-07, 2.90768554123e-07, 5.21970775935e-07, 3.22252390106e-07, 5.01553529375e-07, 3.38898956898e-07, 3.54584955176e-07, 4.77117339415e-07, 7.16948306945e-07, 3.8215844711e-07, 4.01456588861e-07, 3.17727625543e-07, 3.50593637677e-07, 3.01408789483e-07, 3.65322762264e-07, 2.50993167583e-07, 2.05416242238e-07, 1.86170339589e-07, 2.4402663712e-07, 1.49270093175e-07, 1.41132417752e-07, 1.06356104368e-07, 9.31665340431e-08, 6.11184702848e-08, 6.94125361633e-08, 2.61664059309e-08, 1.45582026434e-08, 2.4634283502e-09, 3.39258066084e-10, 2.650257791e-10, 8.12090117375e-11, 8.87950043355e-12, 8.42843156379e-12, 8.12667814987e-12, 7.86574624878e-12, 7.63961463535e-12, 7.44857561047e-12, 7.28199358452e-12, 7.13543590533e-12, 7.01179045381e-12, 6.92267987726e-12, 6.87485702047e-12],
        "min": [4.47601600229e-09, 6.53653131621e-09, 5.12627984506e-09, 1.34059199297e-08, 4.18981045414e-08, 1.34380144345e-07, 1.20133393011e-07, 1.01049437262e-07, 2.48484610665e-07, 1.23056281609e-07, 7.93888510486e-09, 5.30059161008e-08, 9.85464581049e-08, 3.48047649368e-07, 7.24152869225e-07, 8.28425754662e-08, 1.91892709722e-07, 2.88522670644e-07, 2.31747748103e-07, 3.81043292919e-07, 2.34220067341e-07, 2.08485971598e-07, 1.59597917104e-07, 3.39123005233e-07, 8.76290400242e-08, 6.64095622938e-08, 1.16277064421e-07, 8.39333438307e-08, 1.86564250271e-07, 5.97287836968e-08, 3.70156527651e-08, 3.67292116721e-08, 1.60096618629e-07, 6.54527738675e-08, 9.54565138045e-08, 3.90894498992e-08, 7.06157479158e-08, 1.11362176369e-07, 4.79298698508e-08, 6.45534186106e-08, 6.36326191739e-08, 2.93340871593e-08, 2.8003677599e-08, 3.04166611897e-08, 2.16640092532e-08, 3.42321087032e-08, 9.10921205133e-09, 3.46230280002e-08, 2.56545700239e-08, 6.71321576107e-09, 4.05863715969e-08, 4.89990874541e-08, 1.84012112214e-08, 4.01049433663e-08, 6.38695709654e-08, 1.59248898512e-08, 2.46931186609e-08, 4.56843807228e-08, 2.23902603125e-08, 1.72797793851e-08, 8.56454374087e-09, 1.7040942879e-08, 2.14662101428e-08, 2.60312305045e-08, 1.38421327733e-08, 2.11251482973e-09, 6.15199136078e-09, 5.70945957179e-09, 5.73820990724e-09, 7.67342367425e-09, 6.47817266497e-09, 8.59664162078e-09, 3.91655374798e-09, 1.9382124794e-09, 2.17725815155e-09, 3.92802501636e-09, 3.3846370151e-09, 1.67268576767e-09, 1.69343494782e-09, 2.48065723518e-09, 3.74728958974e-09, 2.88273649396e-09, 1.07227993151e-09, 2.74228040276e-09, 5.15415754521e-09, 4.00507893517e-09, 1.57873036866e-09, 2.00087968416e-09, 1.84857773533e-09, 2.71905031823e-09, 2.2653585674e-09, 1.75277448111e-09, 1.57004353962e-09, 2.51274334673e-09, 3.6108191992e-09, 1.481680445e-09, 1.63803826059e-09, 1.70344249817e-09, 1.73721326213e-09, 9.66242086342e-10, 1.40022138329e-09, 8.49424919291e-10, 8.31527791068e-10, 5.98023464082e-10, 5.35374855559e-10, 5.97053101403e-11, 1.56343341051e-11, 4.0983362537e-12, 7.10293233735e-14, 2.89110335878e-14, 2.60026900592e-14, 2.26615550462e-14, 2.11154929127e-14, 1.86310673513e-14, 1.77290653539e-14, 2.48040181602e-14, 2.49796741587e-14, 2.19784551615e-14, 2.31962327357e-14, 2.04604569236e-14, 2.07672539511e-14, 2.1702612106e-14, 2.60761972724e-14, 2.51042235773e-14, 1.50359867786e-14, 4.80117756262e-15, 7.52391520838e-16, 3.42042028792e-17],
        "stdev": [4.1283851715e-06, 1.26534314404e-05, 4.7222340072e-05, 0.00010402649059, 0.000399059383199, 0.000467794860015, 0.00023871762096, 0.000309336872306, 0.000550500291865, 0.000729390361812, 0.000923515937757, 0.00100793060847, 0.00170354894362, 0.00263823219575, 0.00245974189602, 0.00220031617209, 0.00237504555844, 0.00300648063421, 0.00251822313294, 0.000970749708358, 0.00159185077064, 0.00107647955883, 0.000927543151192, 0.00102850806434, 0.000897502934095, 0.00138433359098, 0.000837191240862, 0.00102589058224, 0.000786914839409, 0.00140255724546, 0.000975483679213, 0.000397338764742, 0.000160062409122, 0.000388875690987, 0.000236374791712, 0.000212826140341, 0.000338438141625, 0.000652169517707, 8.85409026523e-05, 0.000231379890465, 0.000404203223297, 4.57615788036e-05, 0.000115589988127, 0.000193306666915, 0.000285668415017, 0.000128372717882, 9.80128534138e-05, 6.49196663289e-05, 3.89093875128e-05, 3.40754922945e-05, 3.19548089465e-05, 5.94613302383e-05, 5.10689205839e-05, 6.12619915046e-05, 5.98324550083e-05, 4.35158799519e-05, 5.26721742062e-05, 6.12564836047e-05, 0.000109119850094, 0.00011272917618, 2.20857255044e-05, 1.49464931383e-05, 2.5784571335e-05, 1.31451561174e-05, 1.04132241177e-05, 7.33623892302e-06, 1.14463709906e-05, 5.5329605857e-06, 6.72959185977e-06, 5.45883358427e-06, 6.75669252814e-06, 7.22160802979e-06, 4.93232801091e-06, 4.28076145909e-06, 1.67197777046e-06, 3.79716470889e-06, 1.9054813265e-06, 3.02252306028e-06, 1.95905727196e-06, 1.2182001683e-06, 1.74613921899e-06, 1.24203324958e-06, 1.17620913898e-06, 8.68950564836e-07, 2.18370223593e-06, 9.46329464568e-07, 1.15348132113e-06, 6.55423548324e-07, 1.21740833947e-06, 7.64030346545e-07, 1.66173538219e-06, 1.00633383227e-06, 9.99045255412e-07, 1.79288815616e-06, 1.69208203715e-06, 1.20120762404e-06, 1.28606325234e-06, 9.41648693242e-07, 9.61781779552e-07, 9.55536165748e-07, 1.03695685993e-06, 9.57587303674e-07, 6.63455011818e-07, 7.94850961938e-07, 9.85995825431e-07, 7.41375856705e-07, 5.86227201893e-07, 4.73431640557e-07, 2.95115285098e-07, 1.68621966168e-07, 2.20508667326e-07, 1.05139207562e-07, 7.35014964448e-08, 1.32317952151e-08, 2.55365706359e-09, 2.2040347325e-09, 9.31613675093e-10, 2.27813531928e-10, 2.16538689757e-10, 2.07429379229e-10, 1.9958966424e-10, 1.93052990261e-10, 1.87450249767e-10, 1.82697593165e-10, 1.78822942565e-10, 1.75989459117e-10, 1.73784320268e-10, 1.72478864524e-10]
    },
    "mfcc": {
        "mean": [-668.641906738, 131.307952881, -13.968173027, 6.78423690796, -5.27863693237, -15.822268486, -10.1065921783, -8.27584457397, -11.9800100327, -9.10931968689, -8.43540000916, -2.55680680275, -3.3799738884],
        "cov": [[1857.47924805, -475.106781006, -196.454971313, -167.423812866, -114.503242493, 96.5866394043, 76.904548645, -49.1511535645, -16.1924705505, 97.2670288086, 37.3571548462, -49.8075027466, -41.3778190613], [-475.106781006, 559.493286133, -35.8348312378, 89.0474090576, -0.752460360527, -40.3126335144, -48.628616333, 8.91577625275, 24.8930912018, -29.1617774963, -17.2510528564, -60.5339546204, -18.0053691864], [-196.454971313, -35.8348312378, 521.396118164, 122.510620117, 133.915512085, 169.795700073, 5.90780878067, 69.619758606, 38.8925132751, -74.936088562, 42.2510108948, 7.13881826401, -72.1020355225], [-167.423812866, 89.0474090576, 122.510620117, 341.723175049, 131.214111328, 40.650592804, -32.5472717285, 38.8288497925, 39.9671173096, -47.5712089539, 4.89484882355, 48.2503738403, -37.103553772], [-114.503242493, -0.752460360527, 133.915512085, 131.214111328, 192.738479614, 48.8324241638, 18.9499893188, 38.6843070984, 12.4292612076, -31.5880031586, 5.96916723251, 33.6297264099, -28.8358058929], [96.5866394043, -40.3126335144, 169.795700073, 40.650592804, 48.8324241638, 338.1640625, 111.268585205, 23.4168930054, 24.1955928802, -14.8865861893, 63.9112663269, -38.9285202026, -59.8374786377], [76.904548645, -48.628616333, 5.90780878067, -32.5472717285, 18.9499893188, 111.268585205, 170.286621094, 16.5236244202, 4.12750768661, 36.4909095764, 22.4264602661, -24.8676624298, -26.3874149323], [-49.1511535645, 8.91577625275, 69.619758606, 38.8288497925, 38.6843070984, 23.4168930054, 16.5236244202, 101.430435181, 44.1730995178, -22.0414543152, 2.31043720245, 6.45838022232, -11.3298006058], [-16.1924705505, 24.8930912018, 38.8925132751, 39.9671173096, 12.4292612076, 24.1955928802, 4.12750768661, 44.1730995178, 105.971092224, 21.7717838287, 4.24848985672, -22.5769004822, -19.8573455811], [97.2670288086, -29.1617774963, -74.936088562, -47.5712089539, -31.5880031586, -14.8865861893, 36.4909095764, -22.0414543152, 21.7717838287, 122.419281006, 10.9452838898, -36.5898666382, -18.4923286438], [37.3571548462, -17.2510528564, 42.2510108948, 4.89484882355, 5.96916723251, 63.9112663269, 22.4264602661, 2.31043720245, 4.24848985672, 10.9452838898, 93.3156280518, 25.7914943695, -14.2970457077], [-49.8075027466, -60.5339546204, 7.13881826401, 48.2503738403, 33.6297264099, -38.9285202026, -24.8676624298, 6.45838022232, -22.5769004822, -36.5898666382, 25.7914943695, 141.669204712, 43.1902770996], [-41.3778190613, -18.0053691864, -72.1020355225, -37.103553772, -28.8358058929, -59.8374786377, -26.3874149323, -11.3298006058, -19.8573455811, -18.4923286438, -14.2970457077, 43.1902770996, 110.044754028]],
        "icov": [[0.000845246482641, 0.000800008710939, 0.000502860173583, -7.57475481805e-06, 0.000239617133047, -0.000281971239019, 0.000161001546076, 4.2270613676e-07, -1.94117674255e-05, 3.83588012483e-05, -0.000317048630677, 0.000415370974224, 0.000522482325323], [0.000800008710939, 0.0029957878869, 0.000867487338837, -0.000832971185446, 0.000312512449455, 0.000207390272408, 0.000438086950453, -7.74511572672e-05, -0.000287727365503, 0.00110286788549, -0.00100035278592, 0.00212061125785, 0.000541391025763], [0.000502860173583, 0.000867487338837, 0.00362229067832, -2.13084899769e-06, -0.00132965273224, -0.00131847779267, 0.00113581621554, -0.000953025883064, -0.000505598145537, 0.00161273940466, -0.00102094688918, 0.000586919486523, 0.00162931485102], [-7.57475481805e-06, -0.000832971185446, -2.13084899769e-06, 0.00507745565847, -0.00266582868062, -0.000743787968531, 0.00123791617807, 0.000256716128206, -0.00170822115615, 0.000475605833344, 0.000833772006445, -0.0022260711994, 0.00154539209325], [0.000239617133047, 0.000312512449455, -0.00132965273224, -0.00266582868062, 0.00880206376314, 6.43515304546e-05, -0.00159872404765, -0.00125076738186, 0.000828746706247, 4.51724954473e-05, 0.00104069034569, -0.00147515092976, 0.00107184099033], [-0.000281971239019, 0.000207390272408, -0.00131847779267, -0.000743787968531, 6.43515304546e-05, 0.00602592015639, -0.00363085907884, 0.0010425876826, -0.000821914582048, 0.00235767103732, -0.00332080828957, 0.00226483284496, 0.000270987657132], [0.000161001546076, 0.000438086950453, 0.00113581621554, 0.00123791617807, -0.00159872404765, -0.00363085907884, 0.00969552434981, -0.00269127683714, 0.00161478167865, -0.00322286016308, 0.000116396360681, 0.000179049980943, 0.000643009261694], [4.2270613676e-07, -7.74511572672e-05, -0.000953025883064, 0.000256716128206, -0.00125076738186, 0.0010425876826, -0.00269127683714, 0.0150165129453, -0.0068890703842, 0.00379464891739, 0.000224147093832, -0.000918447447475, 0.000373629882233], [-1.94117674255e-05, -0.000287727365503, -0.000505598145537, -0.00170822115615, 0.000828746706247, -0.000821914582048, 0.00161478167865, -0.0068890703842, 0.0145251480862, -0.00469986489043, -0.000144117482705, 0.00191787688527, -0.000453632063], [3.83588012483e-05, 0.00110286788549, 0.00161273940466, 0.000475605833344, 4.51724954473e-05, 0.00235767103732, -0.00322286016308, 0.00379464891739, -0.00469986489043, 0.0138578573242, -0.00337771256454, 0.00290680350736, 0.00222457502969], [-0.000317048630677, -0.00100035278592, -0.00102094688918, 0.000833772006445, 0.00104069034569, -0.00332080828957, 0.000116396360681, 0.000224147093832, -0.000144117482705, -0.00337771256454, 0.0156244747341, -0.00618190737441, 0.00170987623278], [0.000415370974224, 0.00212061125785, 0.000586919486523, -0.0022260711994, -0.00147515092976, 0.00226483284496, 0.000179049980943, -0.000918447447475, 0.00191787688527, 0.00290680350736, -0.00618190737441, 0.0133741162717, -0.00428717629984], [0.000522482325323, 0.000541391025763, 0.00162931485102, 0.00154539209325, 0.00107184099033, 0.000270987657132, 0.000643009261694, 0.000373629882233, -0.000453632063, 0.00222457502969, 0.00170987623278, -0.00428717629984, 0.0137784564868]]
    },
    "spectral_contrast_coeffs": {
        "max": [-0.319384098053, -0.409310817719, -0.443105340004, -0.535357892513, -0.60854446888, -0.674270510674],
        "mean": [-0.647174954414, -0.681860208511, -0.707283258438, -0.763544738293, -0.756522476673, -0.793836355209],
        "min": [-0.845603704453, -0.928651213646, -0.916183948517, -0.906281352043, -0.881963253021, -0.91518163681],
        "stdev": [0.0759611055255, 0.09558660537, 0.0775701254606, 0.0547279827297, 0.0403348691761, 0.0336791463196]
    },
    "spectral_contrast_valleys": {
        "max": [-5.68477916718, -5.26782655716, -5.40764904022, -6.11913967133, -6.59225845337, -8.36193847656],
        "mean": [-7.46935224533, -6.8028011322, -7.64127922058, -7.99267292023, -8.10111713409, -10.6357402802],
        "min": [-9.68279743195, -8.56876850128, -9.33901023865, -9.6798992157, -9.82449436188, -12.2672204971],
        "stdev": [0.719908833504, 0.469103872776, 0.553234696388, 0.485221028328, 0.474713981152, 0.647147059441]
    }
},
"rhythm": {
    "beats_count": 108,
    "beats_loudness": {
        "max": 0.0884230956435,
        "mean": 0.0238268040121,
        "min": 0.00277788960375,
        "stdev": 0.0164904929698
    },
    "bpm": 143.980804443,
    "bpm_histogram_first_peak_bpm": 144,
    "bpm_histogram_first_peak_weight": 0.46875,
    "bpm_histogram_second_peak_bpm": 136,
    "bpm_histogram_second_peak_spread": 0.304347872734,
    "bpm_histogram_second_peak_weight": 0.149532705545,
    "danceability": 0.942973971367,
    "onset_rate": 2.0712890625,
    "beats_loudness_band_ratio": {
        "max": [0.676393032074, 0.90244114399, 0.903597593307, 0.769161403179, 0.26515892148, 0.262039572001],
        "mean": [0.0975373387337, 0.392246097326, 0.313609242439, 0.183468714356, 0.0644364058971, 0.024123320356],
        "min": [0.000402576872148, 0.00436490634456, 0.0200698655099, 0.00723368767649, 0.0023271269165, 0.000920507591218],
        "stdev": [0.118745349348, 0.254029124975, 0.225842833519, 0.187035635114, 0.0516441315413, 0.0353370532393]
    },
