{
"metadata": {
    "version": {
        "essentia": "2.1-beta5",
        "essentia_git_sha": "Undefined",
        "extractor": "music 2.0"
    },
    "audio_properties": {
        "analysis": {
            "equal_loudness": 0,
            "length": 48.7502937317,
            "sample_rate": 44100,
            "start_time": 12.7477550507,
            "downmix": "mix"
        },
        "bit_rate": 192000,
        "length": 197.648269653,
        "lossless": 0,
        "number_channels": 2,
        "replay_gain": -7.94268608093,
        "sample_rate": 48000,
        "codec": "mp3",
        "md5_encoded": "77d598ae7f2ce16960251fe0fd47d25e"
    },
    "tags": {
        "file_name": "Austria_Limits_Pænda.mp3",
        "encoding": ["Lavf58.29.100"]
    }
},
"lowlevel": {
    "average_loudness": 0.785450100899,
    "barkbands_crest": {
        "max": 26.5523872375,
        "mean": 13.6713285446,
        "min": 3.02353906631,
        "stdev": 5.19529867172
    },
    "barkbands_flatness_db": {
        "max": 0.463235884905,
        "mean": 0.217068657279,
        "min": 0.0435359552503,
        "stdev": 0.0729657411575
    },
    "barkbands_kurtosis": {
        "max": 457.019989014,
        "mean": 19.3797550201,
        "min": -1.9254617691,
        "stdev": 31.5301113129
    },
    "barkbands_skewness": {
        "max": 17.4066944122,
        "mean": 2.54227638245,
        "min": -5.69526290894,
        "stdev": 2.33614802361
    },
    "barkbands_spread": {
        "max": 86.9023284912,
        "mean": 11.9153289795,
        "min": 0.207301482558,
        "stdev": 14.8497486115
    },
    "dissonance": {
        "max": 0.5,
        "mean": 0.423210710287,
        "min": 0.147433400154,
        "stdev": 0.058120764792
    },
    "dynamic_complexity": 6.15787553787,
    "erbbands_crest": {
        "max": 31.3451137543,
        "mean": 14.0435400009,
        "min": 2.90598154068,
        "stdev": 6.10901975632
    },
    "erbbands_flatness_db": {
        "max": 0.429586201906,
        "mean": 0.223910167813,
        "min": 0.0887669473886,
        "stdev": 0.0628014281392
    },
    "erbbands_kurtosis": {
        "max": 133.199127197,
        "mean": 6.82358074188,
        "min": -1.93644535542,
        "stdev": 12.1148061752
    },
    "erbbands_skewness": {
        "max": 9.05867481232,
        "mean": 1.27902281284,
        "min": -6.23802995682,
        "stdev": 1.75816583633
    },
    "erbbands_spread": {
        "max": 147.501724243,
        "mean": 26.381860733,
        "min": 0.783166587353,
        "stdev": 22.0286140442
    },
    "hfc": {
        "max": 215.302139282,
        "mean": 12.9347696304,
        "min": 0.0643848404288,
        "stdev": 23.6537685394
    },
    "loudness_ebu128": {
        "integrated": -17.9011554718,
        "loudness_range": 6.80639076233,
        "momentary": {
            "max": -11.7589530945,
            "mean": -20.7122364044,
            "min": -37.420425415,
            "stdev": 5.357878685
        },
        "short_term": {
            "max": -14.8509273529,
            "mean": -18.894443512,
            "min": -27.2904834747,
            "stdev": 2.6417286396
        }
    },
    "melbands_crest": {
        "max": 33.8016738892,
        "mean": 16.4798736572,
        "min": 3.08279728889,
        "stdev": 5.68819284439
    },
    "melbands_flatness_db": {
        "max": 0.586915969849,
        "mean": 0.27587133646,
        "min": 0.0359701104462,
        "stdev": 0.090296164155
    },
    "melbands_kurtosis": {
        "max": 332.658355713,
        "mean": 25.6224708557,
        "min": -1.91923892498,
        "stdev": 35.0815658569
    },
    "melbands_skewness": {
        "max": 15.0027971268,
        "mean": 2.89438843727,
        "min": -2.47514915466,
        "stdev": 2.29745697975
    },
    "melbands_spread": {
        "max": 253.057907104,
        "mean": 18.8623046875,
        "min": 0.369387000799,
        "stdev": 36.8352279663
    },
    "pitch_salience": {
        "max": 0.88848054409,
        "mean": 0.509019374847,
        "min": 0.105178982019,
        "stdev": 0.1347527951
    },
    "silence_rate_20dB": {
        "max": 1,
        "mean": 1,
        "min": 1,
        "stdev": 0
    },
    "silence_rate_30dB": {
        "max": 1,
        "mean": 0.997620165348,
        "min": 0,
        "stdev": 0.0487256608903
    },
    "silence_rate_60dB": {
        "max": 1,
        "mean": 0.343169927597,
        "min": 0,
        "stdev": 0.474769204855
    },
    "spectral_centroid": {
        "max": 6816.85351562,
        "mean": 931.226257324,
        "min": 202.495620728,
        "stdev": 966.868164062
    },
    "spectral_complexity": {
        "max": 49,
        "mean": 5.95478343964,
        "min": 0,
        "stdev": 4.51370334625
    },
    "spectral_decrease": {
        "max": -2.07886676623e-11,
        "mean": -3.54456219931e-09,
        "min": -2.9776025201e-08,
        "stdev": 4.79800155162e-09
    },
    "spectral_energy": {
        "max": 0.122771248221,
        "mean": 0.0145511906594,
        "min": 8.43012167024e-05,
        "stdev": 0.0193480085582
    },
    "spectral_energyband_high": {
        "max": 0.0243595018983,
        "mean": 0.00066420075018,
        "min": 4.39394796103e-07,
        "stdev": 0.00246385438368
    },
    "spectral_energyband_low": {
        "max": 0.0462765283883,
        "mean": 0.00110639003105,
        "min": 6.79629181377e-07,
        "stdev": 0.002966390457
    },
    "spectral_energyband_middle_high": {
        "max": 0.118781670928,
        "mean": 0.00346530857496,
        "min": 1.24401822177e-05,
        "stdev": 0.0108829839155
    },
    "spectral_energyband_middle_low": {
        "max": 0.100417323411,
        "mean": 0.0101843811572,
        "min": 2.63394958893e-05,
        "stdev": 0.0139860529453
    },
    "spectral_entropy": {
        "max": 8.9488697052,
        "mean": 6.89049911499,
        "min": 4.60757064819,
        "stdev": 0.777454137802
    },
    "spectral_flux": {
        "max": 0.293684601784,
        "mean": 0.0472464337945,
        "min": 0.00486872624606,
        "stdev": 0.0434195622802
    },
    "spectral_kurtosis": {
        "max": 109.57711792,
        "mean": 8.13112354279,
        "min": -1.33692538738,
        "stdev": 8.15062046051
    },
    "spectral_rms": {
        "max": 0.0109442602843,
        "mean": 0.00306720240042,
        "min": 0.00028678405215,
        "stdev": 0.00218828092329
    },
    "spectral_rolloff": {
        "max": 12769.1894531,
        "mean": 1307.65551758,
        "min": 215.33203125,
        "stdev": 2055.45776367
    },
    "spectral_skewness": {
        "max": 8.85225009918,
        "mean": 2.09939002991,
        "min": -0.471070408821,
        "stdev": 0.990217328072
    },
    "spectral_spread": {
        "max": 15140348,
        "mean": 4496514,
        "min": 1000394.625,
        "stdev": 1974676.375
    },
    "spectral_strongpeak": {
        "max": 14.2609376907,
        "mean": 1.21853280067,
        "min": 0.0112875662744,
        "stdev": 1.74539995193
    },
    "zerocrossingrate": {
        "max": 0.44970703125,
        "mean": 0.0528020039201,
        "min": 0.0078125,
        "stdev": 0.062066398561
    },
    "barkbands": {
        "max": [0.000211971972021, 0.0107200117782, 0.0267591662705, 0.0400257855654, 0.0521396063268, 0.0356619805098, 0.0468971654773, 0.094262227416, 0.0888395681977, 0.106385268271, 0.0494054369628, 0.0691122040153, 0.0398361161351, 0.0286726504564, 0.02195799537, 0.00378454965539, 0.00466325320303, 0.00766956759617, 0.0121005633846, 0.012051243335, 0.00848873332143, 0.0145808951929, 0.0066852774471, 0.0121579533443, 0.00950636807829, 0.00109154556412, 5.4800289945e-05],
        "mean": [1.7343458012e-06, 7.1491143899e-05, 0.000468410202302, 0.00131512933876, 0.00257289595902, 0.00142895476893, 0.00134582899045, 0.00143032416236, 0.00160276342649, 0.0011832297314, 0.00124927330762, 0.000473135034554, 0.000190455713891, 0.000168601676705, 0.000106127859908, 4.45548066637e-05, 5.79670850129e-05, 6.18677950115e-05, 8.44962632982e-05, 8.60634536366e-05, 8.83589746081e-05, 0.00013480722555, 0.000135578637128, 0.000123248828459, 0.000108469779661, 1.6760726794e-05, 6.97263772054e-07],
        "min": [4.50122605855e-10, 3.51889362094e-08, 7.21242514601e-08, 1.12338462088e-07, 4.03121987347e-07, 2.77931860637e-07, 9.03059174107e-07, 4.24185259362e-07, 5.02300167682e-07, 6.81996368712e-07, 6.03478099492e-07, 3.75030850819e-07, 3.88110606764e-07, 4.35232493601e-07, 3.61774169733e-07, 1.3683478528e-07, 1.42047397844e-07, 1.88860056483e-07, 1.60077007649e-07, 1.59399050403e-07, 7.77580169142e-08, 6.82631053905e-08, 4.6544858634e-08, 2.63528843192e-08, 1.61172817315e-08, 1.38560469765e-08, 9.76821123988e-11],
        "stdev": [6.7929454417e-06, 0.000365811138181, 0.00149535841774, 0.00314642046578, 0.00460278941318, 0.00284422235563, 0.0036458557006, 0.00644867261872, 0.00654446939006, 0.00686141010374, 0.00533790467307, 0.0038861988578, 0.00134490581695, 0.0011394204339, 0.000921849627048, 0.00016987111303, 0.000311064097332, 0.000382115715183, 0.000415131653426, 0.000523410621099, 0.000420892494731, 0.000667258398607, 0.000617996440269, 0.00062557583442, 0.000575790239964, 7.50569015509e-05, 3.06888591695e-06]
    },
    "erbbands": {
        "max": [0.0589365139604, 3.71681189537, 30.4023113251, 96.9808197021, 247.221359253, 168.981033325, 215.320785522, 246.870925903, 789.119140625, 1269.37145996, 1877.01013184, 1929.33422852, 3777.28320312, 2483.43041992, 2523.64282227, 3186.5090332, 1348.52209473, 1647.67077637, 1274.4119873, 284.590362549, 250.957839966, 318.904663086, 370.903381348, 567.297668457, 489.609588623, 698.731628418, 252.525054932, 503.650909424, 413.253479004, 452.94442749, 199.559341431, 171.554916382, 224.533996582, 115.074501038, 66.4310836792, 10.7061300278, 1.53145468235, 0.140253469348, 0.0118199661374, 0.00044468336273],
        "mean": [0.00056607631268, 0.0300348754972, 0.454056590796, 2.59173178673, 6.77276849747, 8.33622932434, 11.2460832596, 10.9245481491, 15.5939369202, 29.6597194672, 31.6289196014, 41.325138092, 34.5755195618, 36.2427978516, 41.6276817322, 20.7499294281, 9.46895980835, 9.68363857269, 6.52019739151, 4.01111745834, 2.5980489254, 3.29439735413, 2.92636871338, 4.60683822632, 3.57124233246, 4.29651403427, 3.55523180962, 3.66631817818, 4.6684384346, 5.00950908661, 3.65677881241, 2.38995695114, 2.19873595238, 1.4967097044, 0.605936586857, 0.11765062809, 0.0264655482024, 0.00280414754525, 0.000170475293999, 2.47967582254e-05],
        "min": [1.8586825945e-06, 3.65949890693e-05, 0.00023577392858, 0.000571007258259, 0.000461749063106, 0.00129797356203, 0.00873565487564, 0.00998521503061, 0.0151224844158, 0.0195211712271, 0.0204452499747, 0.0205938443542, 0.0310106836259, 0.0306665226817, 0.027419783175, 0.0309815276414, 0.0311754010618, 0.0217107795179, 0.0282341185957, 0.0174211896956, 0.0117491334677, 0.00819730106741, 0.0113187711686, 0.00944991596043, 0.00767120998353, 0.00728189013898, 0.00432941224426, 0.00258969212882, 0.00229039997794, 0.00169577973429, 0.00136000011116, 0.000666319741867, 0.000352961185854, 0.00017299944011, 0.000119182754133, 6.31595685263e-05, 2.35639563471e-05, 3.30841271534e-06, 2.87335325311e-07, 1.15589145366e-07],
        "stdev": [0.00228612055071, 0.135665386915, 1.49287414551, 6.47130489349, 14.7789773941, 15.3075275421, 20.9582271576, 23.1160011292, 40.0865745544, 102.268981934, 132.807907104, 159.525222778, 201.62399292, 150.980224609, 179.738372803, 151.583267212, 56.2690429688, 67.5569763184, 51.9973907471, 17.0529842377, 10.1347608566, 18.3893928528, 17.1525020599, 22.1262378693, 18.634513855, 26.7874450684, 14.2485694885, 20.4080123901, 23.0202350616, 24.2928943634, 16.5888214111, 11.5691776276, 11.6464271545, 7.76001644135, 3.41641664505, 0.61158567667, 0.109956860542, 0.0106775397435, 0.000660667428747, 3.9180242311e-05]
    },
    "gfcc": {
        "mean": [-120.176109314, 92.0274276733, -108.194854736, 6.73315000534, -81.9518814087, -5.76629686356, -48.3872184753, -10.1994218826, -40.8190231323, -12.4918661118, -22.2225036621, -8.87892627716, -12.5578536987],
        "cov": [[6109.87695312, -1930.36450195, -40.0765724182, 197.100326538, -529.034851074, 392.845123291, 39.6321525574, 503.929870605, -69.9142456055, 88.2096786499, 37.7560844421, -87.9983291626, 115.601081848], [-1930.36450195, 2382.56738281, -18.6652183533, -455.460540771, 476.562469482, -368.470672607, 187.295898438, -355.981567383, -28.5407180786, -224.882400513, 120.077972412, -132.057785034, 65.5681991577], [-40.0765724182, -18.6652183533, 960.137573242, 447.302886963, -46.4032287598, 123.143081665, -167.225463867, -150.824386597, -7.40504264832, -102.686973572, -127.850265503, 24.5773010254, -29.4191379547], [197.100326538, -455.460540771, 447.302886963, 770.149108887, 79.8731842041, 174.447891235, -106.148620605, -51.4446792603, -22.2429122925, -45.4901657104, -143.544067383, 50.1904907227, 15.6132717133], [-529.034851074, 476.562469482, -46.4032287598, 79.8731842041, 425.797851562, 41.5052261353, 75.9115371704, -68.9459991455, -36.2597427368, -47.1260681152, -7.57196044922, -18.7332439423, 21.3196964264], [392.845123291, -368.470672607, 123.143081665, 174.447891235, 41.5052261353, 401.081329346, 47.6776390076, -28.535074234, -29.1919631958, 16.5573692322, -62.6193962097, 1.57466387749, -38.8918991089], [39.6321525574, 187.295898438, -167.225463867, -106.148620605, 75.9115371704, 47.6776390076, 214.695648193, -0.0512856170535, -11.3669147491, 19.7786560059, 45.0025749207, -19.2419128418, -20.537191391], [503.929870605, -355.981567383, -150.824386597, -51.4446792603, -68.9459991455, -28.535074234, -0.0512856170535, 282.260009766, 79.9299087524, 65.1508789062, 11.7085504532, 10.0114994049, -12.1550416946], [-69.9142456055, -28.5407180786, -7.40504264832, -22.2429122925, -36.2597427368, -29.1919631958, -11.3669147491, 79.9299087524, 191.695465088, 77.5093078613, -1.00497233868, 0.0341610871255, -50.5415420532], [88.2096786499, -224.882400513, -102.686973572, -45.4901657104, -47.1260681152, 16.5573692322, 19.7786560059, 65.1508789062, 77.5093078613, 182.347518921, 54.470916748, 8.57818126678, -52.6155891418], [37.7560844421, 120.077972412, -127.850265503, -143.544067383, -7.57196044922, -62.6193962097, 45.0025749207, 11.7085504532, -1.00497233868, 54.470916748, 146.277282715, 8.37406539917, -22.0284385681], [-87.9983291626, -132.057785034, 24.5773010254, 50.1904907227, -18.7332439423, 1.57466387749, -19.2419128418, 10.0114994049, 0.0341610871255, 8.57818126678, 8.37406539917, 103.280464172, 9.36619567871], [115.601081848, 65.5681991577, -29.4191379547, 15.6132717133, 21.3196964264, -38.8918991089, -20.537191391, -12.1550416946, -50.5415420532, -52.6155891418, -22.0284385681, 9.36619567871, 139.385314941]],
        "icov": [[0.00035364786163, 0.000326017587213, -0.000172330299392, -8.4000539573e-06, 0.000177388268639, -0.000193563872017, -0.000378307246137, -0.000399462063797, -1.6427200535e-05, 0.000363610277418, -0.000732592015993, 0.000858957180753, -0.000696010189131], [0.000326017587213, 0.00231638457626, -0.0009269862785, 0.00118351867422, -0.00184479611926, 0.00145831226837, -0.00172001728788, 0.0016406980576, -0.00159771798644, 0.0022281431593, -0.00186418381054, 0.00213189516217, -0.00128566124476], [-0.000172330299392, -0.0009269862785, 0.00233027036302, -0.00131349684671, 0.0010884773219, -0.000820795132313, 0.00164551078342, 0.000328479247401, 0.000108832362457, 9.95312366285e-05, 0.000953994574957, -0.00097507139435, 0.00138686527498], [-8.4000539573e-06, 0.00118351867422, -0.00131349684671, 0.00304378336295, -0.00184245861601, 0.000455684639746, -0.000302199681755, 0.000952399102971, -0.000590961019043, 0.000532879494131, 0.000702907680534, -0.000196026419871, -0.000609336828347], [0.000177388268639, -0.00184479611926, 0.0010884773219, -0.00184245861601, 0.00500160316005, -0.00182518095244, 0.000153083950863, -0.00152648158837, 0.00130837538745, -0.000913298572414, 0.000540660461411, -0.000429670471931, 1.59446735779e-05], [-0.000193563872017, 0.00145831226837, -0.000820795132313, 0.000455684639746, -0.00182518095244, 0.00491408538073, -0.00223768060096, 0.00186220090836, -0.000159904870088, 0.000151856438606, 0.00117946742103, 0.000481613387819, 0.000886638998054], [-0.000378307246137, -0.00172001728788, 0.00164551078342, -0.000302199681755, 0.000153083950863, -0.00223768060096, 0.00803780462593, -0.000757639994845, 0.00119960564189, -0.00137455901131, 0.000180058268597, -0.00121576106176, 0.00200073141605], [-0.000399462063797, 0.0016406980576, 0.000328479247401, 0.000952399102971, -0.00152648158837, 0.00186220090836, -0.000757639994845, 0.00717826001346, -0.00321568548679, 0.000963652040809, -2.88233386527e-05, -8.29594739571e-07, -1.71804658748e-05], [-1.6427200535e-05, -0.00159771798644, 0.000108832362457, -0.000590961019043, 0.00130837538745, -0.000159904870088, 0.00119960564189, -0.00321568548679, 0.00912039261311, -0.0046344390139, 0.00296348682605, -0.00111543165985, 0.00260692415759], [0.000363610277418, 0.0022281431593, 9.95312366285e-05, 0.000532879494131, -0.000913298572414, 0.000151856438606, -0.00137455901131, 0.000963652040809, -0.0046344390139, 0.0113506894559, -0.00526297697797, 0.00181463127956, 0.000325716595398], [-0.000732592015993, -0.00186418381054, 0.000953994574957, 0.000702907680534, 0.000540660461411, 0.00117946742103, 0.000180058268597, -2.88233386527e-05, 0.00296348682605, -0.00526297697797, 0.0132980877534, -0.00440705241635, 0.00336320325732], [0.000858957180753, 0.00213189516217, -0.00097507139435, -0.000196026419871, -0.000429670471931, 0.000481613387819, -0.00121576106176, -8.29594739571e-07, -0.00111543165985, 0.00181463127956, -0.00440705241635, 0.0136539712548, -0.00321165216155], [-0.000696010189131, -0.00128566124476, 0.00138686527498, -0.000609336828347, 1.59446735779e-05, 0.000886638998054, 0.00200073141605, -1.71804658748e-05, 0.00260692415759, 0.000325716595398, 0.00336320325732, -0.00321165216155, 0.0110711716115]]
    },
    "melbands": {
        "max": [0.00159069825895, 0.0116898268461, 0.0151685066521, 0.0126268807799, 0.00693517271429, 0.00588803132996, 0.0112112574279, 0.0129833482206, 0.0134645877406, 0.0103804077953, 0.019072746858, 0.0115763125941, 0.00689306063578, 0.00982720591128, 0.00700462749228, 0.00148048100527, 0.00301664322615, 0.0017892003525, 0.00135412148666, 0.000236862164456, 0.000278632825939, 0.000392319256207, 0.000510994286742, 0.000430221145507, 0.000509345147293, 0.000393783819163, 0.000341710925568, 0.000623793283012, 0.000254959246377, 0.000163793331012, 0.000348238012521, 0.000238628184889, 0.000504684110638, 0.00020043895347, 0.000115721675684, 0.000122589917737, 0.000138894189149, 0.000208971323445, 7.93834915385e-05, 0.000112235546112],
        "mean": [1.08990780063e-05, 0.000183084310265, 0.000577626109589, 0.000553763005883, 0.000396824674681, 0.000255209452007, 0.000247124669841, 0.000331451388774, 0.000284415407805, 0.000230579535128, 0.000168200102053, 0.00014268369705, 0.000172883126652, 5.80690684728e-05, 3.59208570444e-05, 1.61100160767e-05, 1.77345373231e-05, 1.02615376818e-05, 6.89673333909e-06, 4.02398109145e-06, 2.94811093227e-06, 3.66038352695e-06, 2.98766485685e-06, 2.38213010562e-06, 3.98703650717e-06, 2.78654874819e-06, 2.2131548576e-06, 3.1113577279e-06, 2.24278574024e-06, 2.08662345358e-06, 2.07553785003e-06, 2.35453012465e-06, 3.13734699375e-06, 2.69933616437e-06, 2.25439885071e-06, 1.53228063482e-06, 1.44003513469e-06, 1.61118032338e-06, 1.33061985252e-06, 1.26840211578e-06],
        "min": [8.44405700917e-09, 1.11934376434e-07, 9.50765794983e-08, 4.30043165522e-08, 3.15955418273e-07, 1.60831262974e-07, 1.84377228152e-07, 1.65902775962e-07, 1.2005357064e-07, 1.04005607682e-07, 1.10314921642e-07, 8.32170812259e-08, 8.36264462123e-08, 7.6799416604e-08, 4.25644302027e-08, 3.92745143074e-08, 3.49408786349e-08, 3.13456993695e-08, 2.43033717595e-08, 1.00174712969e-08, 1.1232025976e-08, 6.94977453364e-09, 9.35414412595e-09, 7.24488025128e-09, 5.72463099147e-09, 5.83907011631e-09, 4.11330258743e-09, 3.70643316039e-09, 2.42935982442e-09, 1.6287577953e-09, 1.33871469465e-09, 1.30934918463e-09, 8.80633732603e-10, 9.0226992544e-10, 8.15696732381e-10, 4.34344921141e-10, 3.20297260936e-10, 2.17704354544e-10, 1.60633867319e-10, 1.11411879722e-10],
        "stdev": [5.47144190932e-05, 0.000566023285501, 0.00127227802295, 0.00103416212369, 0.000687549065333, 0.000529793265741, 0.000625304935966, 0.00121038872749, 0.00115312589332, 0.000906865519937, 0.0010481813224, 0.000660611898638, 0.000741409778129, 0.000476949062431, 0.000280945678242, 9.83776772046e-05, 0.000123433259432, 7.92556747911e-05, 5.34136379429e-05, 1.43621027746e-05, 1.29063610075e-05, 2.24494506256e-05, 2.09789686778e-05, 1.3460648006e-05, 1.96480687009e-05, 1.41648224599e-05, 1.33807561724e-05, 2.16793414438e-05, 1.00869447124e-05, 9.89323780232e-06, 1.2759330275e-05, 1.15898583317e-05, 1.80615534191e-05, 1.3089771528e-05, 1.01805844679e-05, 7.77630248194e-06, 7.17971670383e-06, 9.1199108283e-06, 6.6644411163e-06, 6.85390887156e-06]
    },
    "melbands128": {
        "max": [8.07241449365e-05, 7.68892496126e-05, 0.000715265108738, 0.00730333477259, 0.0166858676821, 0.0107960961759, 0.0231206640601, 0.021728720516, 0.031503919512, 0.0131642436609, 0.0096820872277, 0.00704636797309, 0.00719272252172, 0.0163943562657, 0.00735335703939, 0.00818321388215, 0.00982716586441, 0.0198543854058, 0.0150146260858, 0.0221102796495, 0.0284273400903, 0.0343846194446, 0.0269229412079, 0.0347955264151, 0.0183760114014, 0.0143687725067, 0.0138193275779, 0.0374936312437, 0.0246163196862, 0.0276213455945, 0.0123721752316, 0.0155117278919, 0.0139615982771, 0.0163640864193, 0.0212134867907, 0.0201125238091, 0.0152329616249, 0.0150740928948, 0.00768051110208, 0.00421445956454, 0.00170931848697, 0.00553032942116, 0.00682424707338, 0.00173857493792, 0.00222311122343, 0.00344000803307, 0.00524727487937, 0.00206131394953, 0.000764240277931, 0.000719095289242, 0.000299979437841, 0.000353978219209, 0.00067849928746, 0.000312602845952, 0.000615134544205, 0.000747398415115, 0.000678900629282, 0.000328275607899, 0.00132719136309, 0.000291015079711, 0.00057968008332, 0.000494199804962, 0.000592010212131, 0.000589489471167, 0.000663659418933, 0.000289825344225, 0.000343508028891, 0.000352319795638, 0.000477801659144, 0.000331294577336, 0.000843712536152, 0.000837201019749, 0.000364027975593, 0.000158855706104, 0.00016190687893, 0.000209851190448, 0.000318376231007, 0.000463268079329, 0.000518535205629, 0.000106757128378, 0.000261753506493, 0.00032699489384, 0.000580044696108, 0.000881900254171, 0.000191680621356, 0.000286801136099, 0.000273978454061, 0.000171515348484, 0.000174952510861, 0.000157282731379, 0.000167896039784, 0.000135652793688, 9.44126659306e-05, 9.15522759897e-05, 0.000282805704046, 0.000307940732455, 0.000155256013386, 0.000154223962454, 8.90005103429e-05, 0.000108723063022, 0.00013743454474, 0.0001908607519, 0.000121558972751, 9.91003980744e-05, 0.000117656956718, 5.59380750929e-05, 4.14365495089e-05, 2.17865526793e-05, 1.26572977024e-05, 1.019008414e-05, 9.43003578868e-06, 6.83575035509e-06, 5.90786839894e-06, 3.99219561587e-06, 2.17179058382e-06, 2.46026320383e-06, 8.89040506991e-07, 8.28129259389e-07, 5.26952987911e-07, 4.58034492112e-07, 3.92985697317e-07, 2.21738304162e-07, 2.38022408894e-07, 1.76668262242e-08, 2.72844613569e-09, 2.6880007109e-09, 2.66287702999e-09, 2.64679744788e-09],
        "mean": [8.2277091451e-07, 1.07011942418e-06, 4.60162755189e-06, 4.8254536523e-05, 0.000176751520485, 0.000238046734012, 0.000480835704366, 0.00071068975376, 0.000704423640855, 0.000573363271542, 0.000424807338277, 0.000431299849879, 0.000387536041671, 0.000366218970157, 0.000247224641498, 0.000192535648239, 0.000232250560657, 0.000247735355515, 0.000269166572252, 0.000367725762771, 0.000368399661966, 0.00022417899163, 0.00023106043227, 0.000387395644793, 0.000374293216737, 9.18671212276e-05, 8.10974161141e-05, 0.000237148735323, 0.000180621500476, 0.000125573467813, 9.92281202343e-05, 0.000226388088777, 0.000245549774263, 7.75961307227e-05, 4.59415568912e-05, 6.61717858748e-05, 5.96731442783e-05, 3.03125088976e-05, 2.72098423011e-05, 1.60541912919e-05, 8.11998324934e-06, 2.48358956014e-05, 2.15227355511e-05, 1.33567273224e-05, 8.89985676622e-06, 8.7153948698e-06, 1.42349999805e-05, 4.96253551319e-06, 5.42019279237e-06, 5.87191289014e-06, 3.31286310029e-06, 2.96668667943e-06, 2.20053811972e-06, 2.73350678981e-06, 5.18531123817e-06, 3.84990562452e-06, 2.60725869339e-06, 2.18357126869e-06, 4.36947721028e-06, 2.00906629289e-06, 1.48562764934e-06, 2.83584745375e-06, 4.9008381211e-06, 4.15102795159e-06, 2.95905988423e-06, 2.80184895018e-06, 2.74972398984e-06, 2.10390157918e-06, 2.00317822419e-06, 2.40581266553e-06, 3.32219519805e-06, 3.56725445272e-06, 2.44117291004e-06, 1.99554688152e-06, 1.90593254956e-06, 2.17310162043e-06, 2.04512684832e-06, 2.25999428949e-06, 2.18659442908e-06, 1.71213241629e-06, 2.0389495603e-06, 2.53776397585e-06, 3.28851047016e-06, 3.44151771969e-06, 2.79072105513e-06, 2.68640906143e-06, 2.78652146335e-06, 2.46036984208e-06, 2.35079869526e-06, 2.03964941647e-06, 1.61267951171e-06, 1.4103598005e-06, 1.29152431327e-06, 1.41211819482e-06, 1.52644963691e-06, 1.67562166098e-06, 1.63876825354e-06, 1.53327573571e-06, 1.28503836549e-06, 1.23813663322e-06, 1.32189222768e-06, 1.3031223034e-06, 1.2166912029e-06, 9.11434085538e-07, 6.7529322223e-07, 4.58442229956e-07, 3.42319253832e-07, 2.36674978282e-07, 1.64583383366e-07, 1.13116179534e-07, 1.02505971711e-07, 9.47854914557e-08, 8.48698959999e-08, 6.60825776322e-08, 4.28487929582e-08, 2.34799006904e-08, 9.45570288735e-09, 5.57174884008e-09, 5.16809839368e-09, 3.80489062479e-09, 2.93007285102e-09, 2.42628539482e-09, 1.58329771516e-09, 5.66464201934e-11, 3.25480397842e-12, 3.14541882124e-12, 3.08146780661e-12, 3.05854755585e-12],
        "min": [2.57588013419e-11, 4.79544792764e-10, 1.94705651602e-09, 6.34059071913e-09, 1.39150237999e-08, 3.81470854904e-08, 1.16682869589e-07, 5.33074739906e-08, 3.98428454673e-08, 6.42357544933e-09, 5.02681984926e-08, 9.31655392833e-08, 1.69687837115e-08, 1.83060908654e-08, 4.22851051951e-08, 1.6208741016e-08, 7.74819213234e-08, 3.35299077392e-08, 7.69922294808e-08, 4.7962004146e-08, 3.08131795634e-08, 1.72088050476e-08, 2.44797710991e-08, 3.3765775953e-08, 3.80836091551e-08, 1.85237905015e-08, 2.16791224972e-08, 2.12930597598e-08, 6.04049432695e-08, 5.20629512835e-08, 1.46000074253e-08, 4.33612967754e-08, 4.28362447735e-08, 3.77220672476e-08, 1.38824187701e-08, 1.51329828668e-08, 1.28388517595e-08, 2.13442064023e-08, 1.33483313292e-08, 1.9349229774e-08, 1.00172918849e-08, 1.46696974568e-08, 1.56467283574e-08, 1.53383776791e-08, 8.11554734526e-09, 1.68675047263e-08, 9.23682108578e-09, 7.46572226262e-09, 9.8405754656e-09, 3.70510422343e-09, 3.52527917968e-09, 7.74221042832e-09, 3.04922931349e-09, 5.98122795736e-09, 4.68329108827e-09, 5.71945468764e-09, 3.13010417585e-09, 4.92839946631e-09, 5.06012787227e-09, 4.8546962006e-09, 2.83539458579e-09, 1.33830480031e-09, 2.31559704744e-09, 3.2336593403e-09, 3.63437835382e-09, 3.42354344873e-09, 1.03930841711e-09, 2.29544272479e-09, 2.64865174238e-09, 1.44875367258e-09, 2.11074602241e-09, 1.75041148243e-09, 1.93667104575e-09, 1.27555876972e-09, 1.64861801988e-09, 1.12175435607e-09, 1.19910814611e-09, 8.623972092e-10, 8.37476310522e-10, 8.84348816399e-10, 1.23968491028e-09, 8.33950020152e-10, 7.08958169948e-10, 6.11412476204e-10, 4.57141186017e-10, 6.00152982866e-10, 6.91608548209e-10, 6.36383667985e-10, 4.94802310236e-10, 4.81900186422e-10, 3.24670929031e-10, 3.43776618283e-10, 2.07999562019e-10, 2.10404874079e-10, 2.51164089526e-10, 1.94692428845e-10, 1.31697000527e-10, 1.24272717117e-10, 1.2015483053e-10, 9.67536051277e-11, 1.07022925244e-10, 8.49010167725e-11, 8.25126494908e-11, 9.77643521693e-11, 8.80124376157e-11, 7.74662695102e-11, 5.77103191624e-11, 6.51304010724e-11, 7.86189863211e-11, 5.26400832646e-11, 3.13590889367e-11, 2.47111723445e-11, 4.07899096444e-11, 3.78994509387e-11, 3.87985962802e-11, 1.88277761437e-11, 2.03216219893e-12, 1.97895776914e-13, 8.21470238295e-14, 7.97024731912e-14, 7.45366157576e-14, 6.43909703118e-14, 7.80271436655e-14, 9.18370536411e-14, 5.09543477561e-14, 2.0629812691e-14, 2.85147585408e-15, 9.50839812791e-17],
        "stdev": [2.81604866359e-06, 3.76353955289e-06, 3.3643678762e-05, 0.000249401229667, 0.000765696982853, 0.000731915875804, 0.0014246647479, 0.00166879792232, 0.00172735855449, 0.001199905877, 0.000875740079209, 0.00087094749324, 0.000865782785695, 0.000985548598692, 0.000678384269122, 0.000636147742625, 0.000801742309704, 0.000899032282177, 0.000950109446421, 0.00163831526879, 0.00189769198187, 0.00162251491565, 0.00147476640996, 0.0021138661541, 0.00164159282576, 0.000620182487182, 0.000641301332507, 0.00177970598452, 0.00140926183667, 0.00114994659089, 0.000616183097009, 0.00124218198471, 0.00122850073967, 0.000649307621643, 0.000714533671271, 0.000749599712435, 0.000568283372559, 0.000449734652648, 0.000238288776018, 0.000162771277246, 7.35696521588e-05, 0.000252839818131, 0.000240743349423, 6.70336012263e-05, 7.27308142814e-05, 9.9988465081e-05, 0.0002003624395, 5.84586996411e-05, 3.34482283506e-05, 2.85753085336e-05, 1.49866018546e-05, 1.74409178726e-05, 1.81444065674e-05, 1.59795617947e-05, 3.4972159483e-05, 3.37173732987e-05, 2.76152532024e-05, 1.47468545038e-05, 4.54025066574e-05, 1.52770189743e-05, 1.36934404509e-05, 1.69990107679e-05, 3.04260047415e-05, 2.29074976232e-05, 1.93127671082e-05, 1.48618155436e-05, 1.67981888808e-05, 1.49537127072e-05, 1.53650235006e-05, 1.38449750011e-05, 2.65524249699e-05, 3.16231489705e-05, 1.30999978865e-05, 8.25831830298e-06, 7.87695989857e-06, 1.07836476673e-05, 1.27078965306e-05, 1.56612077262e-05, 1.6884161596e-05, 8.12221696833e-06, 1.05466015157e-05, 1.41454192999e-05, 2.08299716178e-05, 2.49527965934e-05, 1.42276630868e-05, 1.41245163832e-05, 1.50059750013e-05, 1.17054623843e-05, 1.08989797809e-05, 1.00450233731e-05, 9.06402874534e-06, 7.77041259425e-06, 6.47659135211e-06, 6.78994047121e-06, 9.35392108659e-06, 1.04240971268e-05, 9.50945468503e-06, 8.91065064934e-06, 6.65628112984e-06, 6.43414477963e-06, 7.24333222024e-06, 8.18577791506e-06, 6.61388867229e-06, 4.9898872021e-06, 4.51905998489e-06, 2.79935852632e-06, 2.10694793168e-06, 1.32347759063e-06, 8.47131900628e-07, 5.70190934468e-07, 4.63783720761e-07, 4.18732241769e-07, 3.85100861422e-07, 2.75893029311e-07, 1.68495233765e-07, 1.00160988836e-07, 4.23878923073e-08, 3.06780556514e-08, 2.66716320141e-08, 2.04902779188e-08, 1.57084940611e-08, 1.18109007019e-08, 8.91532270231e-09, 4.86768569896e-10, 5.96351856785e-11, 5.87545220809e-11, 5.82059817011e-11, 5.78554391895e-11]
    },
    "mfcc": {
        "mean": [-771.148925781, 129.686645508, 13.3221292496, 9.48473834991, -13.6096382141, -7.5098824501, -7.0816783905, -9.5853395462, -15.3722772598, -10.9487428665, -16.0484008789, -15.834903717, -9.48709201813],
        "cov": [[5924.41064453, -2190.26171875, 251.017593384, -181.95451355, -47.4325904846, -216.807846069, 284.689056396, 60.4435539246, 159.872528076, 192.484298706, -15.9488763809, 16.2747173309, 48.5443191528], [-2190.26171875, 2591.35766602, -474.277160645, -2.17436432838, -56.2070922852, -42.8364639282, 58.3352241516, -82.4581985474, -210.685394287, -31.8168201447, -55.1660118103, -124.045898438, -101.371780396], [251.017593384, -474.277160645, 1012.50415039, 162.450302124, 130.773742676, 192.981048584, -149.973312378, 29.0066566467, 15.0597867966, -118.953636169, 10.6711931229, -77.6099624634, -80.4654083252], [-181.95451355, -2.17436432838, 162.450302124, 439.855682373, 163.029510498, 70.0344238281, -17.2936973572, 18.5022945404, 38.602432251, -70.9304122925, -34.5996665955, -27.1314792633, -71.3503112793], [-47.4325904846, -56.2070922852, 130.773742676, 163.029510498, 309.514526367, 88.0867080688, 15.2740678787, 47.6035575867, 58.1388282776, -17.6753463745, -32.2816696167, -44.8441238403, -44.3941802979], [-216.807846069, -42.8364639282, 192.981048584, 70.0344238281, 88.0867080688, 440.930389404, 61.0750083923, 53.8595809937, 11.9577169418, -10.5897874832, 13.3227233887, -60.921585083, -20.9218730927], [284.689056396, 58.3352241516, -149.973312378, -17.2936973572, 15.2740678787, 61.0750083923, 254.934616089, 26.026424408, -20.1706047058, 13.9001264572, -37.9865379333, -7.80772781372, 4.23473167419], [60.4435539246, -82.4581985474, 29.0066566467, 18.5022945404, 47.6035575867, 53.8595809937, 26.026424408, 147.75201416, 52.6578292847, 0.0654091536999, 7.52538967133, 0.972113966942, -7.58547925949], [159.872528076, -210.685394287, 15.0597867966, 38.602432251, 58.1388282776, 11.9577169418, -20.1706047058, 52.6578292847, 170.938873291, 38.0714073181, 8.87991905212, 18.2916469574, 4.39275407791], [192.484298706, -31.8168201447, -118.953636169, -70.9304122925, -17.6753463745, -10.5897874832, 13.9001264572, 0.0654091536999, 38.0714073181, 163.203887939, 66.4827346802, 18.5345649719, 37.6303863525], [-15.9488763809, -55.1660118103, 10.6711931229, -34.5996665955, -32.2816696167, 13.3227233887, -37.9865379333, 7.52538967133, 8.87991905212, 66.4827346802, 199.713150024, 90.2825393677, 21.5113945007], [16.2747173309, -124.045898438, -77.6099624634, -27.1314792633, -44.8441238403, -60.921585083, -7.80772781372, 0.972113966942, 18.2916469574, 18.5345649719, 90.2825393677, 176.922912598, 85.3419570923], [48.5443191528, -101.371780396, -80.4654083252, -71.3503112793, -44.3941802979, -20.9218730927, 4.23473167419, -7.58547925949, 4.39275407791, 37.6303863525, 21.5113945007, 85.3419570923, 195.992706299]],
        "icov": [[0.000333767588018, 0.000284092879156, -0.00014048050798, 4.63549658889e-05, 9.97239549179e-05, 0.000330090639181, -0.000574182078708, 3.03708634419e-06, -2.7285555916e-05, -0.000384604674764, 2.57003121078e-05, 0.000224999297643, 6.74814509694e-05], [0.000284092879156, 0.000756670546252, 0.000214284329559, -4.80664311908e-05, 4.90485545015e-05, 0.000239545115619, -0.000383248872822, 5.3961379308e-05, 0.00054467190057, -0.000194742475287, -0.00011973821529, 0.000587242946494, 0.000221147245611], [-0.00014048050798, 0.000214284329559, 0.00173461576924, -0.000199623260414, -0.000391197041608, -0.000711847154889, 0.00118921906687, -3.27845373249e-05, 0.000288652576273, 0.00128596683498, -0.000643963459879, 0.000718672003131, 9.79159594863e-05], [4.63549658889e-05, -4.80664311908e-05, -0.000199623260414, 0.00321729690768, -0.00139347964432, -0.000188964346307, 5.75942394789e-05, 0.00034608860733, -0.00060552440118, 0.00095056736609, 0.000234890932916, -0.00058798387181, 0.000790598627646], [9.97239549179e-05, 4.90485545015e-05, -0.000391197041608, -0.00139347964432, 0.00468947319314, -0.000223748211283, -0.000587566522881, -0.000712288252544, -0.00109876459464, -0.000468496524263, 0.000400757387979, 0.000609874608926, 0.000161255360581], [0.000330090639181, 0.000239545115619, -0.000711847154889, -0.000188964346307, -0.000223748211283, 0.00339605496265, -0.00169548357371, -0.000637945486233, -0.000145325713675, -0.000175707988092, -0.00111375353299, 0.0017220126465, -0.000585707195569], [-0.000574182078708, -0.000383248872822, 0.00118921906687, 5.75942394789e-05, -0.000587566522881, -0.00169548357371, 0.00619782414287, -0.0010476524476, 0.00137626414653, -7.14759371476e-05, 0.00149522756692, -0.0011800637003, 0.000297262711683], [3.03708634419e-06, 5.3961379308e-05, -3.27845373249e-05, 0.00034608860733, -0.000712288252544, -0.000637945486233, -0.0010476524476, 0.00838800240308, -0.00261929421686, 0.000971856992692, -0.000760569702834, 4.81256029161e-05, 0.000192158477148], [-2.7285555916e-05, 0.00054467190057, 0.000288652576273, -0.00060552440118, -0.00109876459464, -0.000145325713675, 0.00137626414653, -0.00261929421686, 0.00867593195289, -0.00268499716185, 0.00129444501363, -0.00138873746619, 0.000574733945541], [-0.000384604674764, -0.000194742475287, 0.00128596683498, 0.00095056736609, -0.000468496524263, -0.000175707988092, -7.14759371476e-05, 0.000971856992692, -0.00268499716185, 0.0104234740138, -0.00452925218269, 0.00283150491305, -0.00189411290921], [2.57003121078e-05, -0.00011973821529, -0.000643963459879, 0.000234890932916, 0.000400757387979, -0.00111375353299, 0.00149522756692, -0.000760569702834, 0.00129444501363, -0.00452925218269, 0.00945915095508, -0.00604200037196, 0.00209626858123], [0.000224999297643, 0.000587242946494, 0.000718672003131, -0.00058798387181, 0.000609874608926, 0.0017220126465, -0.0011800637003, 4.81256029161e-05, -0.00138873746619, 0.00283150491305, -0.00604200037196, 0.0120180454105, -0.00440411362797], [6.74814509694e-05, 0.000221147245611, 9.79159594863e-05, 0.000790598627646, 0.000161255360581, -0.000585707195569, 0.000297262711683, 0.000192158477148, 0.000574733945541, -0.00189411290921, 0.00209626858123, -0.00440411362797, 0.00754133984447]]
    },
    "spectral_contrast_coeffs": {
        "max": [-0.318270325661, -0.343271136284, -0.335118621588, -0.460576325655, -0.589273750782, -0.634642064571],
        "mean": [-0.606854081154, -0.711007654667, -0.759255588055, -0.812948107719, -0.823087394238, -0.804738819599],
        "min": [-0.875611186028, -0.932012796402, -0.925553441048, -0.917919158936, -0.907383680344, -0.898070573807],
        "stdev": [0.102846473455, 0.130189940333, 0.102064833045, 0.0684455633163, 0.0526074692607, 0.0350035876036]
    },
    "spectral_contrast_valleys": {
        "max": [-5.15208101273, -5.35392808914, -5.28447246552, -6.09334230423, -5.78833675385, -7.24019575119],
        "mean": [-8.27747440338, -7.76702213287, -8.4276266098, -9.01772594452, -8.89868068695, -11.2101297379],
        "min": [-10.6270170212, -9.32918548584, -9.78280448914, -10.1019859314, -10.4253835678, -13.5029878616],
        "stdev": [0.897618234158, 0.553738474846, 0.556571483612, 0.516020536423, 0.78775036335, 1.27265381813]
    }
},
"rhythm": {
    "beats_count": 102,
    "beats_loudness": {
        "max": 0.123527422547,
        "mean": 0.0192011836916,
        "min": 0.000250875746133,
        "stdev": 0.021813981235
    },
    "bpm": 128.974105835,
    "bpm_histogram_first_peak_bpm": 129,
    "bpm_histogram_first_peak_weight": 0.0714285373688,
    "bpm_histogram_second_peak_bpm": 144,
    "bpm_histogram_second_peak_spread": 0.476190507412,
    "bpm_histogram_second_peak_weight": 0.108910888433,
    "danceability": 0.967961609364,
    "onset_rate": 2.912109375,
    "beats_loudness_band_ratio": {
        "max": [0.68453502655, 0.932916641235, 0.956773459911, 0.95297729969, 0.288704633713, 0.966430187225],
        "mean": [0.179353117943, 0.364376217127, 0.291284024715, 0.110018797219, 0.0308127216995, 0.108094446361],
        "min": [0.000196335691726, 0.000831300800201, 0.00140091089997, 0.000952115166001, 0.000326712179231, 3.12091469823e-05],
        "stdev": [0.186434596777, 0.269166260958, 0.301851212978, 0.190309882164, 0.0562674924731, 0.239333048463]
    },
