{
"metadata": {
    "version": {
        "essentia": "2.1-beta5",
        "essentia_git_sha": "Undefined",
        "extractor": "music 2.0"
    },
    "audio_properties": {
        "analysis": {
            "equal_loudness": 0,
            "length": 48.7502937317,
            "sample_rate": 44100,
            "start_time": 12.7477550507,
            "downmix": "mix"
        },
        "bit_rate": 192000,
        "length": 189.010437012,
        "lossless": 0,
        "number_channels": 2,
        "replay_gain": -6.09186935425,
        "sample_rate": 48000,
        "codec": "mp3",
        "md5_encoded": "91d240f9488a61a9890a70c6d940fad0"
    },
    "tags": {
        "file_name": "Armenia_Walking Out_Srbuk.mp3",
        "encoding": ["Lavf58.29.100"]
    }
},
"lowlevel": {
    "average_loudness": 0.830006480217,
    "barkbands_crest": {
        "max": 26.2120285034,
        "mean": 12.7872562408,
        "min": 2.76708912849,
        "stdev": 5.78430652618
    },
    "barkbands_flatness_db": {
        "max": 0.442467331886,
        "mean": 0.169785097241,
        "min": 0.0195604655892,
        "stdev": 0.0772630050778
    },
    "barkbands_kurtosis": {
        "max": 217.664703369,
        "mean": 8.36545848846,
        "min": -1.88320553303,
        "stdev": 15.5281667709
    },
    "barkbands_skewness": {
        "max": 12.0518684387,
        "mean": 1.70458781719,
        "min": -4.37593364716,
        "stdev": 1.61470925808
    },
    "barkbands_spread": {
        "max": 107.764984131,
        "mean": 18.9182014465,
        "min": 0.749780416489,
        "stdev": 16.466129303
    },
    "dissonance": {
        "max": 0.499921053648,
        "mean": 0.453295350075,
        "min": 0.254882156849,
        "stdev": 0.0379055961967
    },
    "dynamic_complexity": 3.35228157043,
    "erbbands_crest": {
        "max": 33.5818481445,
        "mean": 12.1414756775,
        "min": 2.58753490448,
        "stdev": 6.86336803436
    },
    "erbbands_flatness_db": {
        "max": 0.441202938557,
        "mean": 0.196339786053,
        "min": 0.0486455783248,
        "stdev": 0.0855430662632
    },
    "erbbands_kurtosis": {
        "max": 65.5119400024,
        "mean": 3.27666711807,
        "min": -1.75972473621,
        "stdev": 7.97758960724
    },
    "erbbands_skewness": {
        "max": 5.73271417618,
        "mean": 1.01226246357,
        "min": -3.86881899834,
        "stdev": 1.17477381229
    },
    "erbbands_spread": {
        "max": 121.570976257,
        "mean": 36.1790161133,
        "min": 1.14235067368,
        "stdev": 22.8110942841
    },
    "hfc": {
        "max": 217.434234619,
        "mean": 17.3926887512,
        "min": 0.192065179348,
        "stdev": 21.441236496
    },
    "loudness_ebu128": {
        "integrated": -18.7511425018,
        "loudness_range": 4.69554328918,
        "momentary": {
            "max": -13.533788681,
            "mean": -19.5045413971,
            "min": -26.2602577209,
            "stdev": 2.62266469002
        },
        "short_term": {
            "max": -15.1693687439,
            "mean": -18.873254776,
            "min": -24.62774086,
            "stdev": 1.59932351112
        }
    },
    "melbands_crest": {
        "max": 37.7316894531,
        "mean": 16.2449321747,
        "min": 3.29715895653,
        "stdev": 6.89077949524
    },
    "melbands_flatness_db": {
        "max": 0.531841337681,
        "mean": 0.203271955252,
        "min": 0.0334677286446,
        "stdev": 0.0693581178784
    },
    "melbands_kurtosis": {
        "max": 351.846984863,
        "mean": 19.5198822021,
        "min": -1.82662928104,
        "stdev": 34.7020187378
    },
    "melbands_skewness": {
        "max": 17.0018234253,
        "mean": 2.50869894028,
        "min": -3.76427793503,
        "stdev": 2.33789420128
    },
    "melbands_spread": {
        "max": 213.681900024,
        "mean": 20.3570022583,
        "min": 0.537824749947,
        "stdev": 20.9686603546
    },
    "pitch_salience": {
        "max": 0.818058013916,
        "mean": 0.51660233736,
        "min": 0.0541890710592,
        "stdev": 0.148544088006
    },
    "silence_rate_20dB": {
        "max": 1,
        "mean": 1,
        "min": 1,
        "stdev": 0
    },
    "silence_rate_30dB": {
        "max": 1,
        "mean": 0.990480720997,
        "min": 0,
        "stdev": 0.0971035435796
    },
    "silence_rate_60dB": {
        "max": 1,
        "mean": 0.0813898146152,
        "min": 0,
        "stdev": 0.273429274559
    },
    "spectral_centroid": {
        "max": 4937.17626953,
        "mean": 1324.78137207,
        "min": 209.103668213,
        "stdev": 661.814697266
    },
    "spectral_complexity": {
        "max": 57,
        "mean": 12.2198953629,
        "min": 1,
        "stdev": 6.49885892868
    },
    "spectral_decrease": {
        "max": -2.137543198e-10,
        "mean": -5.26393062472e-09,
        "min": -5.01469017422e-08,
        "stdev": 5.36848299149e-09
    },
    "spectral_energy": {
        "max": 0.191032230854,
        "mean": 0.0214448943734,
        "min": 0.000929571688175,
        "stdev": 0.0214374419302
    },
    "spectral_energyband_high": {
        "max": 0.0300653893501,
        "mean": 0.000763695163187,
        "min": 4.96692246088e-06,
        "stdev": 0.00196138722822
    },
    "spectral_energyband_low": {
        "max": 0.178595408797,
        "mean": 0.00534706981853,
        "min": 4.62805132884e-07,
        "stdev": 0.0145728737116
    },
    "spectral_energyband_middle_high": {
        "max": 0.0974667444825,
        "mean": 0.00699016358703,
        "min": 2.13936782529e-05,
        "stdev": 0.0136794429272
    },
    "spectral_energyband_middle_low": {
        "max": 0.0930110365152,
        "mean": 0.00871680211276,
        "min": 7.60102047934e-05,
        "stdev": 0.0101699549705
    },
    "spectral_entropy": {
        "max": 8.76736450195,
        "mean": 7.54013061523,
        "min": 5.89998102188,
        "stdev": 0.502699494362
    },
    "spectral_flux": {
        "max": 0.404741853476,
        "mean": 0.0723832473159,
        "min": 0.014808983542,
        "stdev": 0.0513342693448
    },
    "spectral_kurtosis": {
        "max": 20.6484718323,
        "mean": 3.17498064041,
        "min": -1.41953217983,
        "stdev": 2.55143475533
    },
    "spectral_rms": {
        "max": 0.013651846908,
        "mean": 0.00414519710466,
        "min": 0.000952312548179,
        "stdev": 0.00193369749468
    },
    "spectral_rolloff": {
        "max": 10658.9355469,
        "mean": 1397.3614502,
        "min": 43.06640625,
        "stdev": 1547.9765625
    },
    "spectral_skewness": {
        "max": 3.17758321762,
        "mean": 1.31110429764,
        "min": 0.00528202718124,
        "stdev": 0.377900391817
    },
    "spectral_spread": {
        "max": 14878846,
        "mean": 4638043,
        "min": 1689794.5,
        "stdev": 1579318.625
    },
    "spectral_strongpeak": {
        "max": 14.8587245941,
        "mean": 1.56569719315,
        "min": 0,
        "stdev": 2.06690049171
    },
    "zerocrossingrate": {
        "max": 0.32275390625,
        "mean": 0.0601922273636,
        "min": 0.001953125,
        "stdev": 0.0373349450529
    },
    "barkbands": {
        "max": [0.014252868481, 0.147244483232, 0.0343349836767, 0.00800510961562, 0.060162294656, 0.0504386648536, 0.0555469915271, 0.0524488575757, 0.0685757696629, 0.0577952042222, 0.0781859233975, 0.0815108418465, 0.0301157124341, 0.0319238714874, 0.00597428437322, 0.0023975414224, 0.00378406187519, 0.0065366034396, 0.0152146825567, 0.0115081705153, 0.0123602338135, 0.0118537507951, 0.00590264378116, 0.00609101494774, 0.00697639398277, 0.000742106698453, 0.000137875729706],
        "mean": [0.000647082168143, 0.00381974386983, 0.000784817442764, 0.000278114981484, 0.0033501049038, 0.00129109807312, 0.000891213247087, 0.00135660904925, 0.00108562491369, 0.00113535544369, 0.00255437218584, 0.00191790959798, 0.00050046062097, 0.000280587235466, 0.000157154427143, 9.21222090255e-05, 0.000101904020994, 0.000135755646625, 0.000175153283635, 0.00027375551872, 0.000158792594448, 0.000153254339239, 0.000116448769404, 0.00010611282778, 6.600953202e-05, 1.41042364703e-05, 1.21898995076e-06],
        "min": [6.2927646427e-10, 4.82108504229e-08, 3.03928580081e-08, 3.51960416367e-08, 5.94527818976e-07, 6.90644640144e-07, 4.4519055109e-07, 3.23732956531e-06, 8.14897339296e-06, 2.9587172321e-06, 1.71821238837e-06, 3.46977867594e-06, 1.25536939777e-06, 2.06112372325e-06, 3.04616560243e-06, 1.17530214538e-06, 1.40606562127e-06, 1.59776391229e-06, 1.51763890699e-06, 1.30944511056e-06, 1.01137038655e-06, 4.46815846544e-07, 5.69790721272e-08, 2.91804393149e-11, 2.52763556613e-11, 2.83835854126e-11, 3.9385196493e-11],
        "stdev": [0.00132264301647, 0.0122740920633, 0.00236416468397, 0.000510603131261, 0.00590477045625, 0.00348144210875, 0.0028856836725, 0.0046774726361, 0.00391260813922, 0.00403581140563, 0.00820166897029, 0.00806411635131, 0.0017482789699, 0.000962658552453, 0.000360085541615, 0.000180139992153, 0.000209307370824, 0.000347367109498, 0.000498344714288, 0.000760909460951, 0.00053568527801, 0.000642402737867, 0.000382011116017, 0.000292971963063, 0.000269911834039, 4.82140821987e-05, 6.75534647598e-06]
    },
    "erbbands": {
        "max": [3.78312516212, 40.1692390442, 55.1362915039, 19.2857112885, 152.183273315, 239.587783813, 276.235687256, 519.801452637, 623.552124023, 1185.00769043, 627.815612793, 2155.61083984, 1516.13793945, 2178.82788086, 3785.87817383, 3160.58447266, 1650.32312012, 1807.49853516, 540.676574707, 162.253646851, 156.131958008, 265.472503662, 325.335235596, 510.353668213, 902.956848145, 517.916870117, 647.997436523, 381.351715088, 436.898223877, 274.795013428, 214.833099365, 86.3564758301, 170.102890015, 107.477539062, 24.9120807648, 4.60463571548, 0.95550352335, 0.276455879211, 0.0298816896975, 0.00066230102675],
        "mean": [0.16667406261, 0.626296877861, 0.951179802418, 1.00336503983, 2.24339175224, 14.21443367, 16.7228393555, 10.7171955109, 8.71598148346, 28.6512413025, 20.4494113922, 28.0201377869, 36.8216629028, 56.6488342285, 113.834251404, 56.9584732056, 23.6248188019, 15.8032131195, 10.4679841995, 7.27737855911, 5.10566234589, 5.89746046066, 7.31396484375, 9.73477363586, 8.3721113205, 12.8082876205, 9.04825401306, 5.32333850861, 5.62582826614, 4.14029788971, 3.37631678581, 2.34682798386, 1.72798395157, 0.922481358051, 0.350378870964, 0.0850284695625, 0.0227318890393, 0.00401979405433, 0.00022505580273, 3.32813324349e-05],
        "min": [2.87721422865e-06, 1.26836393974e-05, 0.000172317115357, 0.000530110963155, 0.00127381435595, 0.00192022114061, 0.0051489258185, 0.00747726904228, 0.00850413832814, 0.0332362987101, 0.13017784059, 0.228251859546, 0.116649582982, 0.0899229869246, 0.0917265489697, 0.136679932475, 0.0666389465332, 0.0837689042091, 0.126281842589, 0.134567528963, 0.1043638587, 0.0838776379824, 0.0902599319816, 0.0670112520456, 0.082008458674, 0.0626478940248, 0.0526125654578, 0.036018550396, 0.0188778769225, 0.00761702656746, 0.0012069104705, 5.63417706871e-05, 9.77030595095e-06, 4.70185523227e-06, 2.42343435275e-06, 1.43046258927e-06, 7.2190306355e-07, 3.07697774815e-07, 6.00014459451e-07, 1.18878699595e-06],
        "stdev": [0.475870668888, 2.6157143116, 3.82908391953, 1.58409106731, 6.62565517426, 25.8617286682, 31.8165397644, 32.402053833, 28.1938877106, 90.2080917358, 58.8046913147, 108.202987671, 116.368797302, 187.729522705, 363.725708008, 231.374740601, 73.4600830078, 52.8792877197, 26.0912780762, 14.2990236282, 10.5116634369, 12.627743721, 16.0101490021, 24.2660522461, 28.5700340271, 34.8744621277, 26.2768306732, 19.6900749207, 24.4261074066, 16.1963157654, 10.7072887421, 5.75242614746, 6.07488155365, 3.91860342026, 1.24471569061, 0.29498103261, 0.0762852355838, 0.0160584039986, 0.00123413733672, 4.58505455754e-05]
    },
    "gfcc": {
        "mean": [-38.7433586121, 95.5854187012, -141.828674316, 34.9232177734, -78.0441741943, 20.3483161926, -25.9821662903, 3.01778364182, -20.6696147919, -5.65624094009, 0.759933531284, -5.81772041321, 1.38320124149],
        "cov": [[3844.05004883, -1153.79833984, 1761.60986328, 549.704528809, 23.4098110199, 341.948059082, -689.391296387, 420.252288818, -389.273010254, 440.328125, -366.451477051, 323.202453613, -68.0766448975], [-1153.79833984, 1272.16259766, -440.510955811, 89.5630722046, 48.2324447632, -150.511505127, 266.068695068, -242.801437378, 187.886489868, -306.050140381, 227.78565979, -234.953323364, 160.43510437], [1761.60986328, -440.510955811, 1940.89196777, 753.584838867, 208.447357178, 315.451934814, -510.125488281, 305.785644531, -134.390228271, 338.058746338, -421.099487305, 249.559692383, -102.600517273], [549.704528809, 89.5630722046, 753.584838867, 642.84552002, 147.83644104, 139.746276855, -188.62461853, 91.120300293, 18.9842510223, 90.5833435059, -136.231582642, 43.9555549622, 24.1667118073], [23.4098110199, 48.2324447632, 208.447357178, 147.83644104, 381.239227295, 115.523162842, 89.6433486938, 1.41438686848, -2.39799189568, 57.6213226318, -93.6263656616, 45.171005249, -62.4672470093], [341.948059082, -150.511505127, 315.451934814, 139.746276855, 115.523162842, 270.040771484, 9.1785736084, 96.2672195435, -63.1379852295, 81.1353607178, -71.5756912231, 53.7030563354, -15.2026910782], [-689.391296387, 266.068695068, -510.125488281, -188.62461853, 89.6433486938, 9.1785736084, 414.28692627, -71.1086196899, 71.9326248169, -100.744155884, 145.56628418, -84.3537979126, 7.9541220665], [420.252288818, -242.801437378, 305.785644531, 91.120300293, 1.41438686848, 96.2672195435, -71.1086196899, 208.650100708, 10.0993728638, 124.336883545, -58.5008277893, 56.7321624756, -25.13331604], [-389.273010254, 187.886489868, -134.390228271, 18.9842510223, -2.39799189568, -63.1379852295, 71.9326248169, 10.0993728638, 217.812149048, -12.2886962891, 65.3044662476, -42.7724342346, -0.0888999924064], [440.328125, -306.050140381, 338.058746338, 90.5833435059, 57.6213226318, 81.1353607178, -100.744155884, 124.336883545, -12.2886962891, 223.885040283, -96.6706466675, 101.001800537, -80.5790100098], [-366.451477051, 227.78565979, -421.099487305, -136.231582642, -93.6263656616, -71.5756912231, 145.56628418, -58.5008277893, 65.3044662476, -96.6706466675, 289.327575684, -78.8344726562, 100.882896423], [323.202453613, -234.953323364, 249.559692383, 43.9555549622, 45.171005249, 53.7030563354, -84.3537979126, 56.7321624756, -42.7724342346, 101.001800537, -78.8344726562, 149.963973999, -30.0233955383], [-68.0766448975, 160.43510437, -102.600517273, 24.1667118073, -62.4672470093, -15.2026910782, 7.9541220665, -25.13331604, -0.0888999924064, -80.5790100098, 100.882896423, -30.0233955383, 161.69392395]],
        "icov": [[0.000711433589458, 0.000318644626532, -0.000399253127398, -0.000114011658297, -2.71484641416e-05, 6.16492761765e-05, 0.000348981062416, -0.00043999767513, 0.000814864004496, -0.000162815369549, -0.000395054201363, 0.000115814422315, -0.00015589245595], [0.000318644626532, 0.00238477531821, -0.000634600874037, -0.00063364545349, -0.000456758716609, 0.000594940560404, -0.00073012203211, 0.00141003110912, -0.000905798573513, 0.00115619425196, -0.000592294614762, 0.00169397168793, -0.00114569894504], [-0.000399253127398, -0.000634600874037, 0.00239827600308, -0.00138301588595, -0.000128917774418, -0.000751382671297, 0.00114620104432, -0.00119589467067, 0.000325901579345, -0.000333405187121, 0.000953886541538, -0.00133148266468, 0.000818996690214], [-0.000114011658297, -0.00063364545349, -0.00138301588595, 0.00420022057369, -0.000980043783784, -0.000932827126235, 0.000984900863841, 0.000402743404265, -0.00142869155388, -0.000449090352049, 0.000414389098296, 0.00113698025234, -0.0016488134861], [-2.71484641416e-05, -0.000456758716609, -0.000128917774418, -0.000980043783784, 0.0046906801872, -0.000997367198579, -0.00209067738615, 0.00124674744438, 7.22796612536e-05, -0.00094728753902, 0.00117485073861, -0.00136982719414, 0.00106207281351], [6.16492761765e-05, 0.000594940560404, -0.000751382671297, -0.000932827126235, -0.000997367198579, 0.00706266146153, -0.00233094906434, -0.00203592679463, 0.00211404217407, -0.000321092549711, 8.45411923365e-05, 0.000217622771743, -0.000995968119241], [0.000348981062416, -0.00073012203211, 0.00114620104432, 0.000984900863841, -0.00209067738615, -0.00233094906434, 0.0064926687628, -0.00119932449888, -0.000308271613903, 0.000813741586171, -0.00170885317493, 0.000230738834944, 0.00143317901529], [-0.00043999767513, 0.00141003110912, -0.00119589467067, 0.000402743404265, 0.00124674744438, -0.00203592679463, -0.00119932449888, 0.0109064336866, -0.00342037598602, -0.00315089919604, 0.000247520161793, 0.00149735237937, -0.00180734111927], [0.000814864004496, -0.000905798573513, 0.000325901579345, -0.00142869155388, 7.22796612536e-05, 0.00211404217407, -0.000308271613903, -0.00342037598602, 0.00833278615028, -0.00129553256556, -0.00131807010621, -9.33008923312e-05, 0.0015363470884], [-0.000162815369549, 0.00115619425196, -0.000333405187121, -0.000449090352049, -0.00094728753902, -0.000321092549711, 0.000813741586171, -0.00315089919604, -0.00129553256556, 0.0117501104251, -0.00121796899475, -0.0032800307963, 0.0037196080666], [-0.000395054201363, -0.000592294614762, 0.000953886541538, 0.000414389098296, 0.00117485073861, 8.45411923365e-05, -0.00170885317493, 0.000247520161793, -0.00131807010621, -0.00121796899475, 0.00764350267127, 0.00049000477884, -0.00373652204871], [0.000115814422315, 0.00169397168793, -0.00133148266468, 0.00113698025234, -0.00136982719414, 0.000217622771743, 0.000230738834944, 0.00149735237937, -9.33008923312e-05, -0.0032800307963, 0.00049000477884, 0.0127929449081, -0.00249913102016], [-0.00015589245595, -0.00114569894504, 0.000818996690214, -0.0016488134861, 0.00106207281351, -0.000995968119241, 0.00143317901529, -0.00180734111927, 0.0015363470884, 0.0037196080666, -0.00373652204871, -0.00249913102016, 0.0117087299004]]
    },
    "melbands": {
        "max": [0.0316401235759, 0.0381617285311, 0.00650241691619, 0.0142158577219, 0.00890683196485, 0.00996712781489, 0.00900899898261, 0.0126742897555, 0.00706231081858, 0.012282660231, 0.00765240145847, 0.00827106647193, 0.0102899298072, 0.0117481797934, 0.00506375264376, 0.00268910056911, 0.00326199131086, 0.00113947782665, 0.00045517241233, 0.000142473407323, 0.000188008663827, 0.000335200282279, 0.000251687335549, 0.000308197602862, 0.000447732891189, 0.000659707351588, 0.000579225656111, 0.000348055240465, 0.000416891096393, 0.000242118199822, 0.00023778169998, 0.000263005378656, 0.00019218523812, 0.000151479034685, 0.000161244461196, 5.80563646508e-05, 6.51660666335e-05, 0.000124318452436, 0.000106327344838, 0.000106634302938],
        "mean": [0.00126417214051, 0.000587996386457, 0.000192398263607, 0.000539674423635, 0.000683515099809, 0.000232707199757, 0.000143785277032, 0.000338749960065, 0.00014822348021, 0.000177040623385, 0.000181873067049, 0.00021130348614, 0.000362334278179, 0.000275440776022, 6.66074993205e-05, 4.32627384725e-05, 2.78218540188e-05, 1.80028127943e-05, 1.15806487884e-05, 7.55923565521e-06, 5.55605174668e-06, 5.87275144426e-06, 6.49822504784e-06, 6.56295742374e-06, 8.25888400868e-06, 5.64054607821e-06, 7.60533157518e-06, 8.71721749718e-06, 6.42987424726e-06, 3.54894450538e-06, 2.99384259961e-06, 3.37730512001e-06, 2.61992022388e-06, 2.12909617403e-06, 2.00953218155e-06, 1.59940339017e-06, 1.36585413202e-06, 1.27255123061e-06, 9.91696538222e-07, 7.12865301011e-07],
        "min": [2.16798401453e-08, 6.62476224988e-08, 1.14203984936e-07, 1.23464744206e-07, 1.94062948822e-07, 1.39730914839e-07, 1.07793617588e-07, 4.33001360989e-07, 8.90450223778e-07, 1.02322428575e-06, 3.62475446991e-07, 3.72610628574e-07, 2.4947362931e-07, 3.92048605136e-07, 2.51518599725e-07, 8.4828897684e-08, 1.69647506709e-07, 1.88885763919e-07, 2.4121811748e-07, 8.40415097514e-08, 1.21327929037e-07, 8.03100093094e-08, 6.60806236397e-08, 8.57656416997e-08, 4.87483902134e-08, 5.82804808857e-08, 4.72084842329e-08, 4.20879189278e-08, 3.76551483328e-08, 2.38692940968e-08, 1.59103343833e-08, 9.44964018146e-09, 4.66522998011e-09, 1.56699808684e-09, 4.01404437467e-10, 5.01867124247e-12, 3.97176838944e-13, 1.86392107261e-13, 2.38419987962e-13, 1.76771818754e-13],
        "stdev": [0.00365476240404, 0.00242125801742, 0.000369508023141, 0.00101842032745, 0.00120316876564, 0.000680026190821, 0.000445022305939, 0.00106786657125, 0.000441205105744, 0.000650364498142, 0.000605656125117, 0.000727975741029, 0.00107949471567, 0.00114065723028, 0.000264496717136, 0.000138445495395, 9.78946627583e-05, 5.03374394611e-05, 2.58242580458e-05, 1.29162735902e-05, 1.29246864162e-05, 1.35163545565e-05, 1.33184139486e-05, 1.68018432305e-05, 2.12121249206e-05, 1.88752965187e-05, 2.68669500656e-05, 2.35854877246e-05, 1.76113207999e-05, 1.19909254863e-05, 1.26129798446e-05, 1.53145774675e-05, 1.06719999167e-05, 8.53528217704e-06, 6.96507277098e-06, 4.20876085627e-06, 3.42696648659e-06, 4.38661072621e-06, 4.32254864791e-06, 3.28174405695e-06]
    },
    "melbands128": {
        "max": [0.0109087293968, 0.0361177101731, 0.0480103492737, 0.0766144692898, 0.0421427004039, 0.0132179446518, 0.00387867051177, 0.00605315202847, 0.0174700897187, 0.0220638439059, 0.0184915009886, 0.0194744542241, 0.0120260184631, 0.0200462415814, 0.0189090520144, 0.0132547225803, 0.0127735901624, 0.0166204161942, 0.0183123704046, 0.0215067584068, 0.0227550212294, 0.0111921140924, 0.00791420787573, 0.015597765334, 0.02777062729, 0.00957098696381, 0.0133104715496, 0.0156475678086, 0.0136646777391, 0.0145279876888, 0.0160163287073, 0.0232867449522, 0.014369033277, 0.0303840562701, 0.0271479226649, 0.0251511577517, 0.00536641431972, 0.00831955485046, 0.00712032523006, 0.00749427266419, 0.00472525972873, 0.00506007578224, 0.00659123435616, 0.00150855816901, 0.00217758328654, 0.00196131458506, 0.00138378981501, 0.000877633981872, 0.000392614980228, 0.000403975544032, 0.000239030763623, 0.000231137993978, 0.000358094606781, 0.000301697233226, 0.000278664869256, 0.000731424079277, 0.00055438169511, 0.000223503186135, 0.00048964942107, 0.000426337181125, 0.000606862013228, 0.000433279696153, 0.00115109037142, 0.000595882069319, 0.000533947953954, 0.000488601624966, 0.00156229815912, 0.000549257849343, 0.000774479762185, 0.000860828964505, 0.00035886419937, 0.000853661505971, 0.000345647655195, 0.000408309308114, 0.000686557264999, 0.000289311545203, 0.000338357349392, 0.000284684909275, 0.000340481288731, 0.000331557181198, 0.000327146030031, 0.000368513836293, 0.000262153189396, 0.000182371717528, 0.000242800349952, 0.000186297707842, 0.000237569547608, 0.000145555881318, 0.000283651985228, 0.000122729732539, 8.79478320712e-05, 6.04520100751e-05, 5.36890402145e-05, 7.88480028859e-05, 7.16431313776e-05, 8.09987832326e-05, 0.00018805199943, 0.000126141312649, 0.000115521113912, 0.000108355823613, 6.03421503911e-05, 0.000146365913679, 0.000104461396404, 4.84030024381e-05, 2.88362807623e-05, 1.69883696799e-05, 2.26199044846e-05, 8.71021438797e-06, 9.1276015155e-06, 1.07802507046e-05, 4.78251558889e-06, 3.43028659699e-06, 4.45636987934e-06, 3.64119000551e-06, 3.9061883399e-06, 3.66589119949e-06, 2.29150100495e-06, 1.82226051493e-06, 1.61384832609e-06, 2.12018471757e-06, 5.01159490796e-07, 6.02637328484e-07, 3.01311587236e-07, 1.90924005494e-08, 2.98526248166e-09, 2.95066948652e-09, 2.92528712365e-09, 2.90926682744e-09],
        "mean": [0.00058911065571, 0.00156287604477, 0.00143797125202, 0.000917926779948, 0.000543550762814, 0.000366313790437, 0.000199646790861, 0.000130768486997, 0.00017062058032, 0.000383281440008, 0.000904746877495, 0.00106603780296, 0.000552918529138, 0.000323382642819, 0.000274890800938, 0.000156055393745, 0.000117694871733, 0.000106101302663, 0.000213345934753, 0.00034595435136, 0.000447409576736, 0.000228242366575, 6.0329977714e-05, 0.000107257670606, 0.000213052509935, 0.000197848756216, 0.000130085885758, 0.000221475682338, 0.000180526592885, 0.000118428513815, 0.000215417006984, 0.000417183182435, 0.000249453180004, 0.000481604569359, 0.000410132663092, 0.000201293994905, 6.60052464809e-05, 6.9427114795e-05, 5.84939261898e-05, 4.25513353548e-05, 4.99717461935e-05, 2.54854403465e-05, 2.64695390797e-05, 3.11179210257e-05, 2.27149575949e-05, 1.52466418513e-05, 1.24177813632e-05, 1.17945501188e-05, 1.2214567505e-05, 8.30482531455e-06, 7.01387352819e-06, 6.66395544613e-06, 5.4570859902e-06, 5.16400086781e-06, 5.37319056093e-06, 6.04750266575e-06, 5.95374967816e-06, 6.79059212416e-06, 6.35270589555e-06, 6.76791205478e-06, 6.38588016955e-06, 6.07661240792e-06, 8.83185202838e-06, 9.19778085517e-06, 6.9954699029e-06, 5.29690760231e-06, 5.16454838362e-06, 4.78123865832e-06, 9.21904393181e-06, 1.01602608993e-05, 7.58510395826e-06, 9.44872954278e-06, 7.6628593888e-06, 5.68574660065e-06, 5.29385624759e-06, 3.66272161045e-06, 2.7944786325e-06, 2.57798797065e-06, 3.02389048557e-06, 3.31888713845e-06, 3.66317590306e-06, 3.37706273967e-06, 2.86201907329e-06, 2.43702288572e-06, 2.5684182674e-06, 2.27234681915e-06, 1.91783328773e-06, 1.92673110178e-06, 2.08204278351e-06, 2.07157654586e-06, 1.6987729623e-06, 1.43198053593e-06, 1.47166531406e-06, 1.38742336731e-06, 1.29178374664e-06, 1.290981686e-06, 1.35118057187e-06, 1.12437442112e-06, 9.85308361123e-07, 9.73933197201e-07, 7.33690001198e-07, 6.77716798236e-07, 6.93052982115e-07, 4.38513978906e-07, 4.28460111834e-07, 2.81462490648e-07, 2.10632919107e-07, 1.56092653469e-07, 1.38063185773e-07, 1.0570504827e-07, 8.01417883167e-08, 7.3707866477e-08, 6.90023753691e-08, 6.45111768449e-08, 5.78081014169e-08, 4.28779109996e-08, 2.35734081144e-08, 9.43430222833e-09, 6.88662993298e-09, 5.64897417732e-09, 2.77785172642e-09, 2.89444068713e-09, 2.19969376047e-09, 9.10091724204e-11, 5.68048169267e-12, 5.51201662438e-12, 5.40991817316e-12, 5.37262465419e-12],
        "min": [6.80514533613e-11, 2.75472089584e-09, 9.17189879601e-09, 1.35519284683e-08, 3.18287973755e-08, 9.0779588291e-09, 9.46047773454e-09, 1.05996660338e-08, 3.1052177718e-08, 4.88820255384e-08, 3.62310679236e-08, 7.39362064905e-08, 5.46877529928e-08, 5.14355136261e-08, 8.59871533976e-08, 4.51032775572e-08, 1.0752438051e-08, 7.95630512584e-08, 3.83624652045e-08, 1.65479036696e-07, 2.60715097511e-07, 1.82531465498e-07, 1.6383808088e-07, 2.96912418207e-07, 2.90644607048e-07, 1.72072660121e-07, 1.87806463714e-07, 1.50559131384e-07, 1.59949124168e-07, 2.99726053754e-07, 7.03448677086e-08, 1.48413278112e-07, 1.5379372087e-07, 3.39725090726e-07, 2.09186765687e-07, 8.96857486055e-08, 6.07370580497e-08, 1.58271973305e-07, 1.42336531894e-07, 8.67194529519e-08, 3.13482289016e-08, 1.03055640466e-07, 1.68961236113e-07, 1.44220280163e-07, 1.74600017999e-07, 4.74640096115e-08, 1.13830694204e-07, 1.0034909792e-07, 5.66633104881e-08, 5.25290744235e-08, 3.00208746751e-08, 3.8493514154e-08, 3.94200831977e-08, 3.93302990176e-08, 4.57734010695e-08, 5.14633917703e-08, 5.07014910056e-08, 5.66769919885e-08, 5.86919846057e-08, 6.70030502192e-08, 2.87943482391e-08, 5.77158800752e-08, 3.74160613603e-08, 4.86045586001e-08, 3.58725280591e-08, 4.94108149951e-08, 2.84176948639e-08, 3.06932754768e-08, 3.09794003783e-08, 3.91173280434e-08, 3.63067229614e-08, 2.91832691346e-08, 4.35873808158e-08, 1.90409128464e-08, 2.31130634631e-08, 5.84805404102e-09, 1.46876519835e-08, 1.30620954053e-08, 2.73940359286e-09, 2.11636042025e-09, 6.15802697723e-09, 4.74616035362e-09, 2.999904547e-09, 5.08167685709e-09, 1.50152812406e-09, 8.4001106071e-10, 6.26608820387e-10, 8.54644743864e-10, 2.82832871706e-11, 1.2840082296e-11, 4.50705141611e-12, 2.78030658392e-12, 3.21042536089e-13, 2.24926915743e-13, 1.45960297343e-13, 1.55675141831e-13, 2.06476938954e-13, 2.04926231691e-13, 2.19918714858e-13, 1.35125648192e-13, 1.35334804344e-13, 1.46511709015e-13, 1.75212668267e-13, 1.43543529385e-13, 1.24083387879e-13, 1.24529130497e-13, 1.35958410329e-13, 1.2802898932e-13, 1.23905483855e-13, 1.37599025056e-13, 9.34692319203e-14, 1.27419220466e-13, 1.35194806739e-13, 1.19416602258e-13, 1.16933467575e-13, 1.32433072755e-13, 8.25169671633e-14, 1.3512305966e-13, 1.21522543005e-13, 1.38050961179e-13, 1.13359239259e-13, 9.17994047206e-14, 1.1119550376e-13, 9.19438814364e-14, 8.50529295973e-14, 3.71792609991e-14, 4.81407490979e-15, 1.97448660726e-16],
        "stdev": [0.00123494153377, 0.00444612465799, 0.00494469376281, 0.00455525377765, 0.002733186353, 0.000900844344869, 0.000296757934848, 0.000312309857691, 0.000725458958186, 0.00107347953599, 0.00177798711229, 0.00219948682934, 0.00125441479031, 0.00104212842416, 0.00103402289096, 0.000670907029416, 0.000574264267925, 0.000541750167031, 0.000819657987449, 0.0013419125462, 0.00181454699486, 0.000842949957587, 0.000288875453407, 0.000651487498544, 0.00123772560619, 0.000739286653697, 0.000514438666869, 0.00102402002085, 0.000810544355772, 0.0006730343448, 0.00106285174843, 0.00191146542784, 0.00100281194318, 0.00229604286142, 0.00201845611446, 0.00150879472494, 0.000340618600603, 0.000388318207115, 0.000324173161061, 0.000208665078389, 0.000217685010284, 0.00016270922788, 0.000167183214216, 0.000105918516056, 8.5870095063e-05, 6.41954538878e-05, 5.39871616638e-05, 3.38707213814e-05, 3.4804957977e-05, 2.21282716666e-05, 1.33590019686e-05, 1.56864662131e-05, 1.5848532712e-05, 1.63995955518e-05, 1.37495699164e-05, 2.09861027543e-05, 2.03624440474e-05, 1.52350785356e-05, 1.80053921213e-05, 1.89694474102e-05, 2.22336202569e-05, 2.04345305974e-05, 3.83614969905e-05, 2.74801132036e-05, 2.15024720092e-05, 1.7835327526e-05, 3.78733639081e-05, 1.91278377315e-05, 4.23602323281e-05, 3.91187713831e-05, 2.46892977884e-05, 3.53530413122e-05, 2.12550221477e-05, 1.7092888811e-05, 2.53941816482e-05, 1.24976522784e-05, 1.02423055068e-05, 9.67842606769e-06, 1.50470777953e-05, 1.60714262165e-05, 1.80071347131e-05, 1.62832984643e-05, 1.32705981741e-05, 1.01398536572e-05, 1.05802118924e-05, 9.57520842348e-06, 8.97996051208e-06, 7.13538884156e-06, 9.07628145796e-06, 6.74340844853e-06, 5.0563539844e-06, 3.84950271837e-06, 3.95208280679e-06, 3.9168312469e-06, 3.27909424414e-06, 4.05160471928e-06, 5.71655618842e-06, 4.60626870336e-06, 4.37669586972e-06, 4.96059828947e-06, 2.71546059594e-06, 3.95239112549e-06, 3.30792704517e-06, 1.81998507287e-06, 1.48401068145e-06, 9.75804368863e-07, 9.38413904805e-07, 5.64044057683e-07, 5.16632155723e-07, 4.3643407821e-07, 2.85813513301e-07, 2.75419836271e-07, 2.5970186357e-07, 2.27711879575e-07, 2.26639713219e-07, 1.92710899682e-07, 1.2190574239e-07, 7.06917546722e-08, 5.89046500465e-08, 6.23069880135e-08, 2.52677043733e-08, 2.44755913315e-08, 1.69922937943e-08, 8.26658685948e-10, 9.2072634239e-11, 9.10273037502e-11, 9.02348334941e-11, 8.97427757107e-11]
    },
    "mfcc": {
        "mean": [-666.501953125, 109.765846252, -4.05743694305, 12.6155443192, -14.8269443512, 6.35957050323, 6.0533862114, 5.37995433807, -6.69284677505, 3.39995074272, -5.4859290123, 1.35221135616, -3.06957602501],
        "cov": [[2876.82861328, -787.705566406, 1065.26550293, 203.766036987, 519.178588867, -22.5367736816, 9.60691070557, -148.182662964, 76.7453384399, -88.9656982422, -61.3096542358, 10.2653722763, 46.2174758911], [-787.705566406, 802.006225586, -312.385620117, 58.1464576721, -139.57774353, 47.1860427856, 36.6228179932, 68.4740982056, -61.647731781, 40.9915161133, -41.6210212708, -11.9946107864, -71.4403076172], [1065.26550293, -312.385620117, 1397.04260254, 403.127624512, 572.875427246, 113.783210754, -84.9691467285, -36.4160652161, 185.500946045, -73.8662414551, 47.6136779785, 29.407371521, 10.1265821457], [203.766036987, 58.1464576721, 403.127624512, 409.609863281, 266.572937012, 119.129722595, -39.4174957275, 13.8816356659, 83.1018981934, 5.37168121338, 33.3435668945, 14.4663772583, -29.7734088898], [519.178588867, -139.57774353, 572.875427246, 266.572937012, 471.776184082, 130.884613037, -18.2181854248, -6.05122232437, 121.207984924, -23.684053421, 51.6434020996, -8.5903339386, -10.400390625], [-22.5367736816, 47.1860427856, 113.783210754, 119.129722595, 130.884613037, 246.505706787, 74.5663528442, 57.0360984802, 75.4188842773, -4.38366317749, 58.1211357117, -24.3963375092, -11.7325019836], [9.60691070557, 36.6228179932, -84.9691467285, -39.4174957275, -18.2181854248, 74.5663528442, 256.810424805, 44.770149231, 11.6081209183, 8.06782245636, 9.43935394287, -18.1308937073, 29.4206943512], [-148.182662964, 68.4740982056, -36.4160652161, 13.8816356659, -6.05122232437, 57.0360984802, 44.770149231, 119.063400269, 41.3005905151, 24.4058494568, 21.1760520935, 9.29441928864, 5.36374521255], [76.7453384399, -61.647731781, 185.500946045, 83.1018981934, 121.207984924, 75.4188842773, 11.6081209183, 41.3005905151, 161.208862305, 13.7977485657, 69.7975234985, 5.15706920624, 5.67162561417], [-88.9656982422, 40.9915161133, -73.8662414551, 5.37168121338, -23.684053421, -4.38366317749, 8.06782245636, 24.4058494568, 13.7977485657, 119.737037659, 31.884021759, 28.5092983246, 2.35853695869], [-61.3096542358, -41.6210212708, 47.6136779785, 33.3435668945, 51.6434020996, 58.1211357117, 9.43935394287, 21.1760520935, 69.7975234985, 31.884021759, 151.304824829, 41.3702735901, 30.5451869965], [10.2653722763, -11.9946107864, 29.407371521, 14.4663772583, -8.5903339386, -24.3963375092, -18.1308937073, 9.29441928864, 5.15706920624, 28.5092983246, 41.3702735901, 119.360725403, 49.6139373779], [46.2174758911, -71.4403076172, 10.1265821457, -29.7734088898, -10.400390625, -11.7325019836, 29.4206943512, 5.36374521255, 5.67162561417, 2.35853695869, 30.5451869965, 49.6139373779, 117.799415588]],
        "icov": [[0.000715579662938, 0.000532275123987, -0.000334292155458, -1.82009880518e-05, -0.000374956551241, 0.000144692166941, -0.000408828665968, 0.000429460575106, 0.000151477986947, -0.000104526377982, 0.000584168243222, -0.000229621917242, 7.00825257809e-05], [0.000532275123987, 0.00217152154073, 8.63341483637e-05, -0.000875761557836, 0.000225970725296, -0.00025014008861, -0.000454234424978, -0.000487583252834, 0.000714299734682, -0.000287312024739, 0.000748086429667, -0.000433249340858, 0.00096987595316], [-0.000334292155458, 8.63341483637e-05, 0.0019238833338, -0.00073639996117, -0.00132121518254, 0.00018159695901, 0.000353145354893, 8.26079922263e-05, -0.000924277701415, 0.000821313471533, 0.000222661663429, -0.0005214115954, -0.000168591330294], [-1.82009880518e-05, -0.000875761557836, -0.00073639996117, 0.00505353137851, -0.00180802040268, -0.00131730875, 0.000751608633436, 0.000154350214871, -0.000283332599793, -0.000706663005985, 0.000347542954842, -0.00104957388248, 0.00071074871812], [-0.000374956551241, 0.000225970725296, -0.00132121518254, -0.00180802040268, 0.00596315599978, -0.00133816699963, 0.000120313226944, 0.00050326960627, -0.00101140106563, -3.54048279405e-06, -0.000694939342793, 0.000979202450253, 9.75474031293e-05], [0.000144692166941, -0.00025014008861, 0.00018159695901, -0.00131730875, -0.00133816699963, 0.00737804919481, -0.0018360177055, -0.0021502119489, -0.000656027114019, 0.00119312445167, -0.00225108023733, 0.00169619498774, 0.000493126106448], [-0.000408828665968, -0.000454234424978, 0.000353145354893, 0.000751608633436, 0.000120313226944, -0.0018360177055, 0.00528065348044, -0.0012600653572, -4.50710576843e-05, -0.000375460949726, 0.000102412028355, 0.00119480339345, -0.00190927402582], [0.000429460575106, -0.000487583252834, 8.26079922263e-05, 0.000154350214871, 0.00050326960627, -0.0021502119489, -0.0012600653572, 0.0121001424268, -0.00334695470519, -0.00144301343244, 0.00134850654285, -0.0014852269087, -0.000372347247321], [0.000151477986947, 0.000714299734682, -0.000924277701415, -0.000283332599793, -0.00101140106563, -0.000656027114019, -4.50710576843e-05, -0.00334695470519, 0.0111622400582, -0.000831335433759, -0.00369454803877, 0.00123697787058, 0.000306854606606], [-0.000104526377982, -0.000287312024739, 0.000821313471533, -0.000706663005985, -3.54048279405e-06, 0.00119312445167, -0.000375460949726, -0.00144301343244, -0.000831335433759, 0.0103475907817, -0.00190866610501, -0.00206626323052, 0.00109357142355], [0.000584168243222, 0.000748086429667, 0.000222661663429, 0.000347542954842, -0.000694939342793, -0.00225108023733, 0.000102412028355, 0.00134850654285, -0.00369454803877, -0.00190866610501, 0.0111033106223, -0.00335131096654, -0.0013308407506], [-0.000229621917242, -0.000433249340858, -0.0005214115954, -0.00104957388248, 0.000979202450253, 0.00169619498774, 0.00119480339345, -0.0014852269087, 0.00123697787058, -0.00206626323052, -0.00335131096654, 0.0130014279857, -0.00499354768544], [7.00825257809e-05, 0.00096987595316, -0.000168591330294, 0.00071074871812, 9.75474031293e-05, 0.000493126106448, -0.00190927402582, -0.000372347247321, 0.000306854606606, 0.00109357142355, -0.0013308407506, -0.00499354768544, 0.0122069204226]]
    },
    "spectral_contrast_coeffs": {
        "max": [-0.429654240608, -0.404529601336, -0.417818874121, -0.580869197845, -0.58576631546, -0.516360282898],
        "mean": [-0.706377744675, -0.738719344139, -0.745112657547, -0.808076560497, -0.802589654922, -0.751400589943],
        "min": [-0.894092202187, -0.909928560257, -0.908692121506, -0.904967904091, -0.882784843445, -0.873489618301],
        "stdev": [0.0813476145267, 0.0881499126554, 0.100178353488, 0.0510519966483, 0.0451549738646, 0.0476782508194]
    },
    "spectral_contrast_valleys": {
        "max": [-4.70059347153, -4.74518203735, -5.45039987564, -5.64732217789, -5.59402894974, -7.66727781296],
        "mean": [-7.3713183403, -7.1419506073, -7.34101676941, -7.83676481247, -7.69419288635, -10.5486373901],
        "min": [-10.3913488388, -9.88610267639, -9.94368648529, -10.930934906, -10.8758211136, -16.5937652588],
        "stdev": [1.0795109272, 0.515605926514, 0.460509628057, 0.494769006968, 0.525921225548, 1.35444355011]
    }
},
"rhythm": {
    "beats_count": 102,
    "beats_loudness": {
        "max": 0.172554165125,
        "mean": 0.0384862571955,
        "min": 0.00200623832643,
        "stdev": 0.0419214256108
    },
    "bpm": 129.228881836,
    "bpm_histogram_first_peak_bpm": 129,
    "bpm_histogram_first_peak_weight": 0.367816090584,
    "bpm_histogram_second_peak_bpm": 115,
    "bpm_histogram_second_peak_spread": 0,
    "bpm_histogram_second_peak_weight": 0.079207919538,
    "danceability": 1.08594155312,
    "onset_rate": 3.1787109375,
    "beats_loudness_band_ratio": {
        "max": [0.995239019394, 0.802556753159, 0.937769532204, 0.974602222443, 0.485608935356, 0.427699059248],
        "mean": [0.251880884171, 0.174669876695, 0.198756814003, 0.270263850689, 0.0555484183133, 0.0677983015776],
        "min": [0.00013781535381, 0.000449250626843, 0.00161097070668, 0.00079029292101, 0.000619621481746, 0.000485351018142],
        "stdev": [0.307007372379, 0.205433994532, 0.23064212501, 0.314346730709, 0.0713930800557, 0.0888200774789]
    },
