{
"metadata": {
    "version": {
        "essentia": "2.1-beta5",
        "essentia_git_sha": "Undefined",
        "extractor": "music 2.0"
    },
    "audio_properties": {
        "analysis": {
            "equal_loudness": 0,
            "length": 45.2556915283,
            "sample_rate": 44100,
            "start_time": 129.985305786,
            "downmix": "mix"
        },
        "bit_rate": 192000,
        "length": 195.651351929,
        "lossless": 0,
        "number_channels": 2,
        "replay_gain": -3.55706977844,
        "sample_rate": 48000,
        "codec": "mp3",
        "md5_encoded": "8335369bfeb9b982a83c2085fdc77f0e"
    },
    "tags": {
        "file_name": "Belgium_Wake Up_Eliot.mp3",
        "encoding": ["Lavf58.29.100"]
    }
},
"lowlevel": {
    "average_loudness": 0.973291933537,
    "barkbands_crest": {
        "max": 23.7968139648,
        "mean": 10.201043129,
        "min": 3.21280646324,
        "stdev": 3.92334008217
    },
    "barkbands_flatness_db": {
        "max": 0.354258358479,
        "mean": 0.151002213359,
        "min": 0.0324941016734,
        "stdev": 0.0478071272373
    },
    "barkbands_kurtosis": {
        "max": 69.7159500122,
        "mean": 4.26388502121,
        "min": -1.75224637985,
        "stdev": 5.09620094299
    },
    "barkbands_skewness": {
        "max": 7.28428936005,
        "mean": 1.69582283497,
        "min": -0.898384034634,
        "stdev": 0.848523080349
    },
    "barkbands_spread": {
        "max": 77.227180481,
        "mean": 18.1576900482,
        "min": 1.60243082047,
        "stdev": 9.54302692413
    },
    "dissonance": {
        "max": 0.500000119209,
        "mean": 0.463197678328,
        "min": 0.346330791712,
        "stdev": 0.0228356998414
    },
    "dynamic_complexity": 1.56669902802,
    "erbbands_crest": {
        "max": 28.0288105011,
        "mean": 8.68760204315,
        "min": 2.6569583416,
        "stdev": 3.91608476639
    },
    "erbbands_flatness_db": {
        "max": 0.348875790834,
        "mean": 0.158657178283,
        "min": 0.0725469142199,
        "stdev": 0.0430484749377
    },
    "erbbands_kurtosis": {
        "max": 13.9548301697,
        "mean": 0.429482072592,
        "min": -1.63729155064,
        "stdev": 1.44064021111
    },
    "erbbands_skewness": {
        "max": 3.32967591286,
        "mean": 0.69123339653,
        "min": -0.805533707142,
        "stdev": 0.497431904078
    },
    "erbbands_spread": {
        "max": 114.194801331,
        "mean": 36.914352417,
        "min": 7.89909982681,
        "stdev": 14.8267221451
    },
    "hfc": {
        "max": 94.5975952148,
        "mean": 24.3673686981,
        "min": 3.50072073936,
        "stdev": 14.0572404861
    },
    "loudness_ebu128": {
        "integrated": -17.9846439362,
        "loudness_range": 2.23735618591,
        "momentary": {
            "max": -16.2283477783,
            "mean": -18.137096405,
            "min": -23.074262619,
            "stdev": 1.20250618458
        },
        "short_term": {
            "max": -16.71758461,
            "mean": -18.0541095734,
            "min": -20.7537288666,
            "stdev": 0.815884709358
        }
    },
    "melbands_crest": {
        "max": 32.6239356995,
        "mean": 14.7092103958,
        "min": 3.88831877708,
        "stdev": 5.59300613403
    },
    "melbands_flatness_db": {
        "max": 0.470274835825,
        "mean": 0.20859144628,
        "min": 0.0276211481541,
        "stdev": 0.0544714517891
    },
    "melbands_kurtosis": {
        "max": 143.472076416,
        "mean": 11.2950601578,
        "min": -0.646073818207,
        "stdev": 10.4579210281
    },
    "melbands_skewness": {
        "max": 9.08076477051,
        "mean": 2.50256562233,
        "min": -0.218457788229,
        "stdev": 1.17187774181
    },
    "melbands_spread": {
        "max": 122.52456665,
        "mean": 17.3948554993,
        "min": 1.38398182392,
        "stdev": 9.65548992157
    },
    "pitch_salience": {
        "max": 0.849219083786,
        "mean": 0.543323457241,
        "min": 0.191949218512,
        "stdev": 0.106649085879
    },
    "silence_rate_20dB": {
        "max": 1,
        "mean": 1,
        "min": 1,
        "stdev": 0
    },
    "silence_rate_30dB": {
        "max": 1,
        "mean": 0.973846137524,
        "min": 0,
        "stdev": 0.159591063857
    },
    "silence_rate_60dB": {
        "max": 1,
        "mean": 0.00153846153989,
        "min": 0,
        "stdev": 0.0391931086779
    },
    "spectral_centroid": {
        "max": 3459.14794922,
        "mean": 1092.97399902,
        "min": 306.481903076,
        "stdev": 408.811401367
    },
    "spectral_complexity": {
        "max": 54,
        "mean": 23.1594867706,
        "min": 4,
        "stdev": 7.43510913849
    },
    "spectral_decrease": {
        "max": -3.04331143619e-10,
        "mean": -1.18722631726e-08,
        "min": -5.25290602127e-08,
        "stdev": 6.44449027476e-09
    },
    "spectral_energy": {
        "max": 0.200150638819,
        "mean": 0.0470189154148,
        "min": 0.00181915285066,
        "stdev": 0.0248556919396
    },
    "spectral_energyband_high": {
        "max": 0.01011921186,
        "mean": 0.000863971479703,
        "min": 5.73596344111e-06,
        "stdev": 0.00108153629117
    },
    "spectral_energyband_low": {
        "max": 0.183976382017,
        "mean": 0.0211623478681,
        "min": 3.93700396728e-08,
        "stdev": 0.0216045286506
    },
    "spectral_energyband_middle_high": {
        "max": 0.0426693074405,
        "mean": 0.00610395194963,
        "min": 0.000393348251237,
        "stdev": 0.00526566104963
    },
    "spectral_energyband_middle_low": {
        "max": 0.0810238048434,
        "mean": 0.0196081250906,
        "min": 0.000455356115708,
        "stdev": 0.0113207316026
    },
    "spectral_entropy": {
        "max": 8.66164970398,
        "mean": 7.5939450264,
        "min": 6.52283763885,
        "stdev": 0.295631915331
    },
    "spectral_flux": {
        "max": 0.359275281429,
        "mean": 0.100375846028,
        "min": 0.0282611791044,
        "stdev": 0.0428030304611
    },
    "spectral_kurtosis": {
        "max": 16.4501209259,
        "mean": 3.79298973083,
        "min": -0.621990203857,
        "stdev": 2.07857894897
    },
    "spectral_rms": {
        "max": 0.013973865658,
        "mean": 0.00656796665862,
        "min": 0.0013322099112,
        "stdev": 0.00165344041307
    },
    "spectral_rolloff": {
        "max": 11434.1308594,
        "mean": 942.502990723,
        "min": 64.599609375,
        "stdev": 1054.12329102
    },
    "spectral_skewness": {
        "max": 2.97965288162,
        "mean": 1.51189565659,
        "min": 0.487135797739,
        "stdev": 0.322796344757
    },
    "spectral_spread": {
        "max": 14071860,
        "mean": 4406321.5,
        "min": 1816868.25,
        "stdev": 1300194.75
    },
    "spectral_strongpeak": {
        "max": 6.25644445419,
        "mean": 0.924879729748,
        "min": 0,
        "stdev": 1.08906555176
    },
    "zerocrossingrate": {
        "max": 0.30810546875,
        "mean": 0.0470132194459,
        "min": 0.00537109375,
        "stdev": 0.0278205610812
    },
    "barkbands": {
        "max": [0.0101263122633, 0.166095197201, 0.0574981421232, 0.0209667272866, 0.0414886809886, 0.0387380868196, 0.0333874411881, 0.0484722070396, 0.0615222267807, 0.0337724685669, 0.0181364305317, 0.00962431821972, 0.0105809401721, 0.00528092635795, 0.00360579788685, 0.00280771078542, 0.00409730430692, 0.00306361191906, 0.00368509395048, 0.0056725544855, 0.00303018209524, 0.0054950225167, 0.0012535424903, 0.0027719985228, 0.00437548710033, 0.00129684526473, 6.03000116826e-05],
        "mean": [0.00142404891085, 0.0152599401772, 0.00402907840908, 0.00118286372162, 0.00546330492944, 0.00363726890646, 0.00262662419118, 0.00371434469707, 0.00224631698802, 0.00182575359941, 0.00110498291906, 0.00070095009869, 0.000704301288351, 0.00048983132001, 0.000367202825146, 0.000275501108263, 0.000374755618395, 0.000354340067133, 0.000244060662226, 0.000272656645393, 0.000202172537684, 0.000137608469231, 0.000129389110953, 0.000116437171528, 0.000103281301563, 3.12639713229e-05, 6.41812221147e-07],
        "min": [2.54662846366e-10, 3.31144800469e-09, 4.73336658757e-09, 2.49257450236e-08, 1.00937722891e-06, 4.67132595077e-05, 5.10323729941e-07, 5.73352690481e-06, 3.29596405209e-05, 5.06694914293e-06, 1.57708891493e-05, 9.93426874629e-06, 9.26768461795e-06, 1.32209534058e-05, 6.28152156423e-06, 8.94133791007e-06, 9.23765765037e-06, 1.1846533198e-05, 7.55752262194e-06, 4.14802616433e-06, 3.09045344693e-06, 1.29339554178e-07, 9.44677136516e-09, 7.35619898329e-11, 3.51135474863e-11, 5.85560558375e-11, 7.48630116232e-11],
        "stdev": [0.00165796978399, 0.0176248457283, 0.0056610237807, 0.00169028970413, 0.00450824340805, 0.0041486849077, 0.00377284083515, 0.00486186146736, 0.00387388514355, 0.0032159104012, 0.00159809575416, 0.000861814012751, 0.000991204637103, 0.00056589912856, 0.000386862899177, 0.000299250881653, 0.000387324602343, 0.000396326795453, 0.000278018502286, 0.000392470625229, 0.000268542440608, 0.00025619493681, 0.000163014206919, 0.000229424476856, 0.000270687683951, 8.81605737959e-05, 4.20492142439e-06]
    },
    "erbbands": {
        "max": [7.14601373672, 31.4028949738, 70.7509002686, 46.6938018799, 112.719070435, 182.916748047, 406.084075928, 415.217102051, 546.415161133, 1031.55578613, 617.804870605, 1903.74438477, 1366.97631836, 1530.63098145, 459.100524902, 411.547698975, 388.023620605, 307.999969482, 220.829574585, 153.121871948, 140.199401855, 250.186569214, 221.011123657, 166.918762207, 254.144500732, 272.519622803, 202.629699707, 88.5340805054, 237.080566406, 53.7170753479, 41.7376480103, 53.7163848877, 55.1228141785, 72.1974487305, 18.1840419769, 10.0772094727, 0.6893004179, 0.135476306081, 0.0150866126642, 0.00061891094083],
        "mean": [0.622501969337, 2.67517662048, 5.00648355484, 3.99504065514, 9.48795413971, 20.2085971832, 28.4108028412, 29.6934375763, 34.1216583252, 64.2240066528, 66.6826171875, 61.5379371643, 50.8842506409, 65.4399490356, 35.0372810364, 31.8348331451, 32.1104698181, 31.0444812775, 21.1263561249, 15.870554924, 15.8931713104, 19.3252372742, 21.019197464, 14.0071697235, 12.6213932037, 12.6944894791, 10.5161294937, 6.18364429474, 5.03489971161, 4.56222486496, 3.41673851013, 2.61886548996, 1.88849008083, 1.2136721611, 0.596125721931, 0.253016412258, 0.0282332692295, 0.00272677536123, 0.000171651365235, 6.10699498793e-05],
        "min": [7.82088079632e-07, 6.58312183077e-06, 6.16539255134e-05, 0.000421161705162, 0.00393623393029, 0.0248278994113, 0.211908757687, 0.511695444584, 0.14309130609, 0.132572099566, 0.57958483696, 1.02103626728, 0.549222826958, 0.440854489803, 0.971299290657, 0.916810691357, 0.719373643398, 1.37280857563, 0.888635218143, 0.410764873028, 0.426876097918, 0.478596836329, 0.554970979691, 0.358240604401, 0.364267498255, 0.174633488059, 0.161781594157, 0.0770628973842, 0.00716634886339, 0.00174998887815, 0.000432751403423, 0.000107074003608, 2.61402528849e-05, 1.95577013073e-05, 1.78337668331e-05, 9.99363328447e-06, 5.33387810719e-06, 9.09425068585e-07, 4.9734599088e-06, 6.57755390421e-06],
        "stdev": [0.752802550793, 3.27990150452, 6.5636472702, 4.8640794754, 11.0228643417, 18.3575057983, 37.1330871582, 39.3472213745, 50.0338859558, 96.2121734619, 72.3578414917, 108.279998779, 102.289421082, 122.16242981, 44.8977127075, 37.6954879761, 38.5350608826, 34.5359954834, 20.8432598114, 15.4128637314, 15.4028015137, 20.6323070526, 23.1190261841, 13.7547969818, 16.9542865753, 18.6562309265, 13.6210603714, 8.97231197357, 10.1950073242, 5.97572660446, 4.40553760529, 4.37673282623, 4.31609535217, 3.51567673683, 1.44879758358, 0.787360429764, 0.0732779279351, 0.0109263714403, 0.000843127258122, 4.113081377e-05]
    },
    "gfcc": {
        "mean": [30.4259128571, 117.394355774, -126.657295227, 38.7465019226, -69.7678604126, 17.9677562714, -34.0107116699, 11.766705513, -15.7429141998, 1.70229375362, -3.29047393799, -2.79019355774, -1.39228188992],
        "cov": [[1823.97143555, -682.56060791, 549.519714355, 64.128288269, 15.2103214264, 289.808441162, -152.63961792, 338.870483398, -226.029312134, 270.629364014, -214.058914185, 104.589820862, -168.630722046], [-682.56060791, 1737.37219238, 113.069168091, 418.374298096, 463.333129883, -49.9621658325, 426.578155518, -147.624023438, 375.514648438, -199.999267578, 263.261871338, -238.179199219, 100.842559814], [549.519714355, 113.069168091, 845.374145508, 242.325958252, 308.873291016, 217.311157227, 7.59366559982, 201.084289551, -40.8055725098, 198.688232422, -94.2698745728, 41.8676681519, -105.837478638], [64.128288269, 418.374298096, 242.325958252, 373.335021973, 186.167160034, 67.6965103149, 76.6396942139, -4.43644666672, 121.493690491, -13.3224573135, 74.737701416, -76.5815734863, 27.3905963898], [15.2103214264, 463.333129883, 308.873291016, 186.167160034, 377.083862305, 73.2558059692, 143.177886963, 38.69739151, 62.3600730896, 38.5970153809, -0.321267068386, -24.7464084625, -31.4959659576], [289.808441162, -49.9621658325, 217.311157227, 67.6965103149, 73.2558059692, 181.363845825, 16.2788505554, 103.817222595, -39.8632049561, 60.1859283447, -25.27784729, -2.51717305183, -23.9947910309], [-152.63961792, 426.578155518, 7.59366559982, 76.6396942139, 143.177886963, 16.2788505554, 208.325302124, -18.0675983429, 94.4468994141, -54.1817054749, 57.9413642883, -57.405872345, 17.2164897919], [338.870483398, -147.624023438, 201.084289551, -4.43644666672, 38.69739151, 103.817222595, -18.0675983429, 171.193405151, -53.0183944702, 97.0607299805, -60.5229644775, 24.4641876221, -38.7481842041], [-226.029312134, 375.514648438, -40.8055725098, 121.493690491, 62.3600730896, -39.8632049561, 94.4468994141, -53.0183944702, 171.014556885, -62.7431182861, 91.0457687378, -69.7246322632, 40.8045921326], [270.629364014, -199.999267578, 198.688232422, -13.3224573135, 38.5970153809, 60.1859283447, -54.1817054749, 97.0607299805, -62.7431182861, 142.91305542, -65.0943222046, 50.9848937988, -50.2571525574], [-214.058914185, 263.261871338, -94.2698745728, 74.737701416, -0.321267068386, -25.27784729, 57.9413642883, -60.5229644775, 91.0457687378, -65.0943222046, 123.100135803, -48.0310401917, 52.9726104736], [104.589820862, -238.179199219, 41.8676681519, -76.5815734863, -24.7464084625, -2.51717305183, -57.405872345, 24.4641876221, -69.7246322632, 50.9848937988, -48.0310401917, 101.221549988, -16.7915019989], [-168.630722046, 100.842559814, -105.837478638, 27.3905963898, -31.4959659576, -23.9947910309, 17.2164897919, -38.7481842041, 40.8045921326, -50.2571525574, 52.9726104736, -16.7915019989, 81.0135574341]],
        "icov": [[0.00131560023874, -1.4304107026e-05, 0.000214316183701, -0.00117952597793, 0.000732689572033, -0.00082538620336, -3.28221722157e-05, -0.00143175886478, 0.000565422989894, -0.000409535394283, 0.000743929122109, -0.000668258580845, 0.00163379614241], [-1.4304107026e-05, 0.0036462706048, -0.00144565908704, 0.00038666286855, -0.00283180247061, 0.00229872530326, -0.00271615246311, 0.000428402679972, -0.001154062571, 0.00175304710865, -0.00327838375233, 0.00369926611893, -0.00164667144418], [0.000214316183701, -0.00144565908704, 0.00472599035129, -0.00267650908791, -0.000406542181736, -0.00272297509946, 0.00165746675339, -0.00175574293826, 0.000263186113443, -0.00276515143923, 0.00219638925046, -0.00325704598799, 0.00320892035961], [-0.00117952597793, 0.00038666286855, -0.00267650908791, 0.00827022548765, -0.00281165493652, -0.00068522116635, 0.00180516031105, 0.00293015921488, -0.00352996122092, 0.00123657600489, -0.0028442943003, 0.00399054214358, -0.00427549658343], [0.000732689572033, -0.00283180247061, -0.000406542181736, -0.00281165493652, 0.00932028703392, -0.00179912173189, -0.00263688853011, -1.59140108735e-05, 0.000912305782549, -0.002827425953, 0.00459787808359, -0.00389089947566, 0.00308650359511], [-0.00082538620336, 0.00229872530326, -0.00272297509946, -0.00068522116635, -0.00179912173189, 0.0138993924484, -0.00374183594249, -0.00413536233827, 0.00404677493498, 0.00144572951831, -0.00444738613442, 0.00513069378212, -0.00284044584259], [-3.28221722157e-05, -0.00271615246311, 0.00165746675339, 0.00180516031105, -0.00263688853011, -0.00374183594249, 0.0127758560702, -0.00135893526021, -0.00269331247546, 0.00222087837756, 0.000450812425697, -0.00134708068799, 0.00152953842189], [-0.00143175886478, 0.000428402679972, -0.00175574293826, 0.00293015921488, -1.59140108735e-05, -0.00413536233827, -0.00135893526021, 0.0155580081046, -0.00183939561248, -0.00536799663678, 0.00190278654918, 0.00256616063416, -0.0034147372935], [0.000565422989894, -0.001154062571, 0.000263186113443, -0.00352996122092, 0.000912305782549, 0.00404677493498, -0.00269331247546, -0.00183939561248, 0.0164638012648, -0.000940575497225, -0.00465336628258, 0.00279146293178, 0.000142014236189], [-0.000409535394283, 0.00175304710865, -0.00276515143923, 0.00123657600489, -0.002827425953, 0.00144572951831, 0.00222087837756, -0.00536799663678, -0.000940575497225, 0.0192395467311, -0.00171664741356, -0.00224424363114, 0.002290827455], [0.000743929122109, -0.00327838375233, 0.00219638925046, -0.0028442943003, 0.00459787808359, -0.00444738613442, 0.000450812425697, 0.00190278654918, -0.00465336628258, -0.00171664741356, 0.022439468652, -0.00296835065819, -0.00326401763596], [-0.000668258580845, 0.00369926611893, -0.00325704598799, 0.00399054214358, -0.00389089947566, 0.00513069378212, -0.00134708068799, 0.00256616063416, 0.00279146293178, -0.00224424363114, -0.00296835065819, 0.0220204778016, -0.00637251976877], [0.00163379614241, -0.00164667144418, 0.00320892035961, -0.00427549658343, 0.00308650359511, -0.00284044584259, 0.00152953842189, -0.0034147372935, 0.000142014236189, 0.002290827455, -0.00326401763596, -0.00637251976877, 0.0239952262491]]
    },
    "melbands": {
        "max": [0.0542302764952, 0.0319309383631, 0.00972840096802, 0.00995204877108, 0.0115914372727, 0.00844348501414, 0.00770159577951, 0.0122925592586, 0.00449986383319, 0.0116855837405, 0.00661191390827, 0.00643912795931, 0.00146788032725, 0.00133835780434, 0.000999672687612, 0.00109384849202, 0.000551149598323, 0.000343721214449, 0.000281325774267, 0.000218032262637, 0.0001791871764, 0.000281925313175, 0.00024807502632, 0.000208784767892, 0.00016426401271, 0.000163832926773, 0.000172217580257, 0.000196842753212, 0.000124992220663, 9.87447056104e-05, 6.41036676825e-05, 0.000177747904672, 5.89943119849e-05, 2.92683125735e-05, 2.38509292103e-05, 2.73317036772e-05, 3.98258162022e-05, 4.30710751971e-05, 5.08615994477e-05, 6.7670334829e-05],
        "mean": [0.00476678507403, 0.00278217089362, 0.000858314335346, 0.0010654530488, 0.00100491207559, 0.000656966352835, 0.000535856815986, 0.000741776369978, 0.000498338951729, 0.000376247655367, 0.000235056329984, 0.000258007872617, 0.000120342810987, 9.34333511395e-05, 6.12743533566e-05, 7.52948108129e-05, 5.58430256206e-05, 3.24553111568e-05, 2.58076051978e-05, 2.16038388317e-05, 1.81829109351e-05, 2.05613741855e-05, 2.04276366276e-05, 1.64867979038e-05, 1.07351361294e-05, 8.48917898111e-06, 9.28651388676e-06, 8.29148757475e-06, 6.78587139191e-06, 5.23552216691e-06, 3.09297229251e-06, 3.00166334455e-06, 2.38038160205e-06, 2.62244861915e-06, 2.02918272407e-06, 1.67032737863e-06, 1.57489705543e-06, 1.32611125991e-06, 1.2863546317e-06, 9.28686461066e-07],
        "min": [7.7534656473e-10, 8.8814138266e-09, 3.98404509383e-08, 1.29398728177e-07, 7.41944677429e-06, 9.47761145653e-06, 1.58580490961e-07, 2.70065498853e-07, 4.05951050197e-06, 5.47763193026e-06, 2.12516238207e-06, 1.24923440126e-06, 2.27500868277e-06, 2.09741824619e-06, 1.92181551029e-06, 1.10557766675e-06, 1.80130177796e-06, 8.7320466946e-07, 3.7206987713e-07, 7.73275075971e-07, 4.06628231531e-07, 4.24925900688e-07, 5.13986378792e-07, 4.5662636694e-07, 2.07956020404e-07, 2.09932792927e-07, 1.65797686691e-07, 9.03999080037e-08, 9.23228924421e-08, 7.72313626385e-08, 1.71581557851e-08, 3.66644847816e-09, 8.95707452653e-10, 6.30357641085e-11, 1.86036547278e-10, 2.74799735918e-12, 7.55527422309e-13, 1.02364481908e-12, 4.51962116821e-13, 3.03842617299e-13],
        "stdev": [0.00556816905737, 0.00324476580136, 0.000937091768719, 0.000933776958846, 0.00113066984341, 0.000803387956694, 0.000767762365285, 0.00112606433686, 0.00054971704958, 0.000689463049639, 0.000499256420881, 0.000498883833643, 0.000160252573551, 0.00011453404295, 7.13465196895e-05, 0.000109230000817, 6.65085972287e-05, 3.36995763064e-05, 2.95419595204e-05, 2.36717405642e-05, 1.90432492673e-05, 2.39894507104e-05, 2.24176328629e-05, 2.05318137887e-05, 1.17352674351e-05, 1.07889436549e-05, 1.48049784912e-05, 1.2620540474e-05, 9.15342116059e-06, 7.6577262007e-06, 5.01819886267e-06, 6.75960427543e-06, 4.12479539591e-06, 3.4124677768e-06, 2.67784025709e-06, 2.36944060816e-06, 2.97153019346e-06, 3.05271873913e-06, 4.08026562582e-06, 2.77027629636e-06]
    },
    "melbands128": {
        "max": [0.00929235853255, 0.0612108521163, 0.0781412646174, 0.0518852546811, 0.0449075400829, 0.0250131431967, 0.00939559657127, 0.0120199471712, 0.0136324269697, 0.0125711262226, 0.011599002406, 0.0134140877053, 0.0191717743874, 0.00937519129366, 0.0141068436205, 0.0089447721839, 0.00743798818439, 0.0131749510765, 0.0133198359981, 0.0154124647379, 0.018611414358, 0.00751830916852, 0.00673144031316, 0.0107392529026, 0.0225005075336, 0.0201873425394, 0.00930832792073, 0.0108575597405, 0.00754391495138, 0.00886233896017, 0.0106837721542, 0.00370719959028, 0.00269639980979, 0.00265794689767, 0.000815274659544, 0.00299189449288, 0.00144280912355, 0.00132845470216, 0.00135639787186, 0.00172376981936, 0.00208801310509, 0.00203289324418, 0.00110527977813, 0.00116661668289, 0.000392683723476, 0.00060409627622, 0.000602458370849, 0.000589387258515, 0.000255676481174, 0.000377699936507, 0.000328998517944, 0.000425116159022, 0.000314133241773, 0.000307966285618, 0.000779037130997, 0.000442163553089, 0.000393823953345, 0.00037228432484, 0.000345006003045, 0.000531838624738, 0.000484893564135, 0.000196178240003, 0.000212952261791, 0.00019995085313, 0.00013186520664, 0.000124169571791, 0.000491431332193, 0.000303088163491, 0.000317109777825, 0.000358836521627, 0.000370006047888, 0.000110934852273, 0.000182196556125, 0.000157021946507, 0.000195262269699, 0.000160785319167, 0.000164565601153, 6.50207948638e-05, 5.41097324458e-05, 0.000120108648844, 0.000266410439508, 0.000171720952494, 9.1854002676e-05, 6.5035870648e-05, 3.77895557904e-05, 3.35143413395e-05, 3.51328199031e-05, 4.50925363111e-05, 2.52919162449e-05, 3.27789821313e-05, 3.07596346829e-05, 3.25085165969e-05, 3.94995440729e-05, 4.90618149342e-05, 4.49943181593e-05, 5.942635471e-05, 4.29872306995e-05, 4.20970281994e-05, 5.59560066904e-05, 9.15793934837e-05, 7.43047130527e-05, 8.27964104246e-05, 3.88950138586e-05, 3.73756774934e-05, 1.60074941959e-05, 1.31638034873e-05, 6.84201950207e-05, 4.65571210952e-05, 9.16860608413e-06, 4.35700439994e-06, 2.58199861491e-06, 3.36590801453e-06, 2.19841035687e-06, 2.79251162283e-06, 3.35819913744e-06, 1.82496273737e-06, 1.42484611843e-06, 1.59310320669e-06, 8.44777162001e-07, 5.49613787371e-07, 6.72553767345e-07, 4.24575688385e-07, 2.93180818289e-07, 2.19037996629e-08, 4.15970147216e-10, 4.08941713825e-10, 4.05915523416e-10, 4.04490496653e-10],
        "mean": [0.0013576260535, 0.00564138637856, 0.00577407376841, 0.00397074175999, 0.00294123729691, 0.00170229608193, 0.000710718741175, 0.000635182426777, 0.000988299841993, 0.00106131855864, 0.00117371918168, 0.00110169814434, 0.00106806948315, 0.000713374582119, 0.000760142807849, 0.000555966398679, 0.000448723556474, 0.000564401969314, 0.000612185220234, 0.000729307706933, 0.000861879438162, 0.000550233642571, 0.000553642748855, 0.000263110705419, 0.000451918604085, 0.000387951207813, 0.000240985114942, 0.000299460341921, 0.000102331250673, 0.000280000444036, 0.000358363438863, 0.000144595571328, 8.20556815597e-05, 0.000134441987029, 6.08960435784e-05, 0.000115229566291, 8.49402858876e-05, 4.39046270913e-05, 5.49873366253e-05, 7.93253348093e-05, 9.18750592973e-05, 4.7485849791e-05, 5.98859151069e-05, 6.51857626508e-05, 2.28182543651e-05, 3.10948307742e-05, 3.55427328032e-05, 3.22781415889e-05, 1.67198868439e-05, 1.48879571498e-05, 2.98461127386e-05, 1.9974726456e-05, 1.08752647066e-05, 2.12143550016e-05, 2.63372930931e-05, 1.86701981875e-05, 1.64367138495e-05, 2.13661332964e-05, 2.16511925828e-05, 2.07270495594e-05, 1.76167341124e-05, 1.07502028186e-05, 1.37726246976e-05, 1.03112743091e-05, 6.93339370628e-06, 7.93817889644e-06, 9.85131737252e-06, 9.70600285655e-06, 8.97349855222e-06, 8.86925136001e-06, 8.10497385828e-06, 8.69006998983e-06, 6.98757776263e-06, 6.17256227997e-06, 6.59583702145e-06, 6.73901604387e-06, 3.81599784305e-06, 3.02782405015e-06, 3.04974128085e-06, 3.00383635476e-06, 3.35685263053e-06, 2.87163697976e-06, 2.4331509394e-06, 2.16911803363e-06, 2.50895573117e-06, 2.69014867627e-06, 2.67543168775e-06, 2.49545860243e-06, 1.89534466699e-06, 1.8095414589e-06, 1.72608258708e-06, 1.57267220402e-06, 1.69871759681e-06, 1.54181395828e-06, 1.57130193656e-06, 1.4412270275e-06, 1.27763655655e-06, 1.16141654871e-06, 1.22683763948e-06, 1.56673843321e-06, 9.15811881441e-07, 8.32489206459e-07, 8.1780342498e-07, 8.49788762025e-07, 4.32164085851e-07, 4.44337331373e-07, 1.19131505016e-06, 8.44046326165e-07, 2.79981009044e-07, 1.57432680226e-07, 1.16311333898e-07, 9.6889536394e-08, 7.36169027959e-08, 4.78262656145e-08, 3.61692897854e-08, 2.51447147548e-08, 1.05317141674e-08, 5.73119685043e-09, 3.75848330236e-09, 2.49766807237e-09, 2.95017166252e-09, 2.06735406572e-09, 1.1313611159e-09, 2.66485913197e-11, 6.48978787376e-12, 6.22655486199e-12, 6.0754678198e-12, 6.02800318342e-12],
        "min": [3.37858942212e-11, 1.0943234513e-10, 1.84021867189e-10, 8.42706460169e-10, 2.82000467422e-09, 2.43044406822e-09, 3.40962813539e-09, 1.55836303861e-08, 1.46022678393e-08, 3.89458243433e-08, 6.19513116362e-08, 3.54843052719e-07, 1.41715247537e-06, 6.44912643111e-06, 4.2920546548e-06, 3.84973759537e-07, 7.12729502084e-08, 7.96069521414e-09, 7.10780412305e-08, 1.60013286177e-07, 2.41058955908e-07, 3.55603702928e-07, 2.15038426177e-07, 8.69780706125e-07, 6.08709740391e-07, 8.68497295414e-07, 1.27384157622e-06, 7.08749666956e-07, 4.97496330354e-07, 8.09666744317e-07, 2.28484054787e-07, 2.71780180583e-07, 6.78603100823e-07, 4.3728468313e-07, 2.86795057036e-07, 4.73023362701e-07, 2.58784439211e-07, 5.20851529018e-07, 2.16937579012e-07, 4.79328207348e-07, 6.97033954111e-07, 9.40966401686e-07, 4.23449421305e-07, 6.65918662435e-07, 2.34039291058e-07, 6.32942544598e-07, 5.03257183482e-07, 2.66873740884e-07, 9.7140130606e-08, 5.15559612779e-08, 5.55090878152e-07, 1.93080268218e-07, 6.62114771899e-08, 1.10777300222e-07, 3.68817040908e-07, 7.08757781354e-08, 2.27407994657e-07, 1.41282626487e-07, 2.00412443974e-07, 2.56468013049e-07, 2.49350819104e-07, 1.86646431644e-07, 1.64882607123e-07, 2.32358857488e-07, 1.01003315933e-07, 8.98467433785e-08, 1.74565315092e-07, 1.15649221755e-07, 5.23072642977e-08, 6.17628685973e-08, 7.9322326485e-08, 6.89418016009e-08, 5.39841877867e-08, 1.23919052797e-08, 4.2656779442e-08, 7.9098384731e-08, 1.46300944692e-08, 4.41693659425e-09, 4.29116475686e-09, 4.25673096771e-09, 7.32812033277e-09, 1.43387079987e-09, 1.71172770402e-10, 2.30223992648e-10, 4.85908362158e-11, 2.76394133275e-11, 1.63898564859e-11, 9.79221703723e-11, 1.50215204858e-11, 3.71093618074e-13, 7.20986204766e-13, 7.8613537121e-13, 1.1003007316e-12, 7.59226774331e-13, 4.01144558109e-13, 1.16696236008e-12, 5.15410630841e-13, 4.37821762352e-13, 4.82876705201e-13, 3.76832029123e-13, 2.39440411942e-13, 3.34687030694e-13, 3.10601587852e-13, 2.39138570057e-13, 2.2461232093e-13, 2.63194143129e-13, 2.32101772697e-13, 2.1201868928e-13, 2.63293889729e-13, 2.41365385794e-13, 2.72759137325e-13, 2.76256394063e-13, 2.8256046049e-13, 2.42085729718e-13, 1.9151820158e-13, 1.58684128121e-13, 2.64596396009e-13, 2.49285699505e-13, 2.16700518207e-13, 2.22005451674e-13, 2.26207643112e-13, 2.18042882469e-13, 2.08279736773e-13, 2.01747649077e-13, 1.55871585712e-13, 6.46809537354e-14, 7.13515990812e-15, 3.31377791342e-16],
        "stdev": [0.00158662477043, 0.00691575929523, 0.00763064343482, 0.00506760831922, 0.00393230002373, 0.00241099763662, 0.000991300097667, 0.000944353407249, 0.00140251696575, 0.00117540033534, 0.00124586198945, 0.00143190368544, 0.00177688617259, 0.00103219295852, 0.00143080065027, 0.00075435382314, 0.000754998298362, 0.00119341164827, 0.00101557874586, 0.00140240148176, 0.0017666623462, 0.00077931775013, 0.000794104184024, 0.000660857651383, 0.00104125507642, 0.000930179841816, 0.000729853927623, 0.000808292825241, 0.000307565671392, 0.0006154566654, 0.000842289999127, 0.000276664737612, 0.000189901300473, 0.000247089134064, 9.33325936785e-05, 0.000216971879127, 0.000115572162031, 7.94696898083e-05, 0.000112163063022, 0.000127420804347, 0.000177013338543, 0.000130778891617, 9.34277632041e-05, 9.07228604774e-05, 3.57999779226e-05, 4.82960567751e-05, 5.09515775775e-05, 5.20947360201e-05, 2.30058576562e-05, 2.50909270108e-05, 3.70788075088e-05, 3.10717587126e-05, 1.75621007656e-05, 2.82991240965e-05, 3.92949586967e-05, 3.4568423871e-05, 2.60221895587e-05, 2.96996659017e-05, 3.4992928704e-05, 3.52063761966e-05, 3.61850179615e-05, 1.65635228768e-05, 1.80942315637e-05, 1.38986715683e-05, 9.96074959403e-06, 1.01904042822e-05, 2.24841987801e-05, 2.02695337066e-05, 1.62240557984e-05, 2.19333269342e-05, 1.95230204554e-05, 1.18056532301e-05, 1.36711605592e-05, 9.77446688921e-06, 1.12704583444e-05, 1.06259012682e-05, 7.38559310776e-06, 5.72217913941e-06, 5.16272530149e-06, 5.89068440604e-06, 9.22227718547e-06, 6.63673017698e-06, 5.48499519937e-06, 4.47615821031e-06, 3.51652374775e-06, 3.77005949304e-06, 3.96340419684e-06, 4.02530349675e-06, 2.71388171313e-06, 2.81906432065e-06, 2.62160006059e-06, 2.47245566243e-06, 2.78481047644e-06, 3.38046947945e-06, 3.21541961057e-06, 3.4606441659e-06, 3.15634906656e-06, 3.22719301948e-06, 3.75588979296e-06, 6.98279882272e-06, 2.76050809589e-06, 3.11807593789e-06, 2.18731770474e-06, 2.0997563297e-06, 1.07974915409e-06, 1.21155949273e-06, 5.32930016561e-06, 3.19313562613e-06, 7.4061910027e-07, 3.94918117763e-07, 3.11795247399e-07, 2.93601715384e-07, 2.37300866957e-07, 1.9937073148e-07, 1.77834280635e-07, 1.28071903305e-07, 6.45851017111e-08, 5.34982760314e-08, 3.41291190864e-08, 2.52239100718e-08, 2.90043491447e-08, 2.06095442934e-08, 1.19392753462e-08, 5.24946919267e-10, 1.2873629246e-11, 1.26849728638e-11, 1.25828522948e-11, 1.25265093437e-11]
    },
    "mfcc": {
        "mean": [-602.953186035, 133.351196289, 2.13498091698, 20.7387237549, -3.54782271385, 3.50670909882, -1.78469455242, 5.25114965439, -2.72765302658, 4.95497941971, 0.495079427958, 5.35463571548, -0.532839894295],
        "cov": [[1555.63244629, -520.772399902, 301.436828613, -96.6203613281, 112.167289734, -43.304813385, 113.875350952, -1.01665556431, 79.6791381836, 52.1608009338, 40.2218055725, 21.0472145081, 40.0923500061], [-520.772399902, 1248.85961914, 33.9654922485, 437.10824585, 176.910812378, 223.205886841, 143.219894409, 163.66796875, 93.3170471191, 162.414703369, 72.0153198242, 71.7658462524, 120.698921204], [301.436828613, 33.9654922485, 514.795410156, 143.117172241, 242.241271973, 84.7885055542, 118.042961121, 21.5569000244, 99.3864746094, 62.0488853455, 72.4252166748, 53.6702003479, 84.9328231812], [-96.6203613281, 437.10824585, 143.117172241, 371.181976318, 183.918228149, 146.688262939, 53.8498497009, 58.0633468628, 63.6280860901, 81.5526046753, 41.5423736572, 56.0039329529, 68.5264816284], [112.167289734, 176.910812378, 242.241271973, 183.918228149, 276.747711182, 104.248458862, 104.813201904, 29.390455246, 88.9011611938, 56.3789100647, 55.9014053345, 37.2617950439, 71.9206619263], [-43.304813385, 223.205886841, 84.7885055542, 146.688262939, 104.248458862, 148.774993896, 69.397102356, 45.4232063293, 40.3997001648, 38.4851608276, 28.4681282043, 23.3788223267, 34.3078613281], [113.875350952, 143.219894409, 118.042961121, 53.8498497009, 104.813201904, 69.397102356, 173.757797241, 50.5613861084, 69.9671630859, 45.5692367554, 39.1437797546, 16.818151474, 42.8981666565], [-1.01665556431, 163.66796875, 21.5569000244, 58.0633468628, 29.390455246, 45.4232063293, 50.5613861084, 91.6837844849, 30.4923114777, 39.2277336121, 7.70594978333, 15.2480487823, 20.9028682709], [79.6791381836, 93.3170471191, 99.3864746094, 63.6280860901, 88.9011611938, 40.3997001648, 69.9671630859, 30.4923114777, 106.272727966, 39.5289955139, 40.6207275391, 8.36155223846, 35.3765907288], [52.1608009338, 162.414703369, 62.0488853455, 81.5526046753, 56.3789100647, 38.4851608276, 45.5692367554, 39.2277336121, 39.5289955139, 104.950790405, 31.3514556885, 26.3891525269, 31.1713962555], [40.2218055725, 72.0153198242, 72.4252166748, 41.5423736572, 55.9014053345, 28.4681282043, 39.1437797546, 7.70594978333, 40.6207275391, 31.3514556885, 70.9940032959, 11.23442173, 24.2790813446], [21.0472145081, 71.7658462524, 53.6702003479, 56.0039329529, 37.2617950439, 23.3788223267, 16.818151474, 15.2480487823, 8.36155223846, 26.3891525269, 11.23442173, 62.8572235107, 28.7399406433], [40.0923500061, 120.698921204, 84.9328231812, 68.5264816284, 71.9206619263, 34.3078613281, 42.8981666565, 20.9028682709, 35.3765907288, 31.1713962555, 24.2790813446, 28.7399406433, 77.2110519409]],
        "icov": [[0.00104094657581, 0.000732167274691, -0.000269224488875, -0.00011802152585, -5.44843205716e-05, 0.000318937003613, -0.00062282755971, -0.000427425227826, -0.000153875444084, -0.000824052258395, -6.17668338236e-05, -7.66351731727e-05, -0.000462246476673], [0.000732167274691, 0.00253049191087, 0.00067873072112, -0.00198785029352, 0.000355554075213, -0.000385747960536, -0.00109395792242, -0.00176879821811, 0.000273233716143, -0.00145050371066, -0.000788505130913, 0.000234823324718, -0.00177047622856], [-0.000269224488875, 0.00067873072112, 0.00409086281434, -0.00043976897723, -0.0024035400711, -0.000174910150236, -0.000597825914156, 0.000130391665152, -0.000468342768727, -0.000208538112929, -0.00117827137001, -0.00121467921417, -0.00129605701659], [-0.00011802152585, -0.00198785029352, -0.00043976897723, 0.00818625092506, -0.00311186467297, -0.00378723395988, 0.00322831538506, 0.000474185420899, -0.000817228632513, -0.00104661926161, 0.00103969417978, -0.00211042142473, 0.0003020746517], [-5.44843205716e-05, 0.000355554075213, -0.0024035400711, -0.00311186467297, 0.0101201366633, -0.00166317040566, -0.00216010492295, 0.00176613102667, -0.00231925700791, 0.000319071405102, -0.000505362055264, 0.00046148581896, -0.00216649868526], [0.000318937003613, -0.000385747960536, -0.000174910150236, -0.00378723395988, -0.00166317040566, 0.0140188140795, -0.00321841868572, -0.00254717143252, 0.00107734103221, 0.0011578227859, -0.00120098690968, 0.000171383013367, 0.00114169926383], [-0.00062282755971, -0.00109395792242, -0.000597825914156, 0.00322831538506, -0.00216010492295, -0.00321841868572, 0.0114762391895, -0.00266927503981, -0.00311592407525, -0.000220370478928, -0.00077164924005, 9.32324110181e-05, -0.000660854624584], [-0.000427425227826, -0.00176879821811, 0.000130391665152, 0.000474185420899, 0.00176613102667, -0.00254717143252, -0.00266927503981, 0.017884330824, -0.00277716107666, -0.00286412844434, 0.00375044904649, -0.00132811267395, 0.000294484081678], [-0.000153875444084, 0.000273233716143, -0.000468342768727, -0.000817228632513, -0.00231925700791, 0.00107734103221, -0.00311592407525, -0.00277716107666, 0.0174890104681, -0.00155983108561, -0.00498806498945, 0.00351301440969, -0.00206458312459], [-0.000824052258395, -0.00145050371066, -0.000208538112929, -0.00104661926161, 0.000319071405102, 0.0011578227859, -0.000220370478928, -0.00286412844434, -0.00155983108561, 0.0158785767853, -0.00330618908629, -0.00284858932719, 0.00034400052391], [-6.17668338236e-05, -0.000788505130913, -0.00117827137001, 0.00103969417978, -0.000505362055264, -0.00120098690968, -0.00077164924005, 0.00375044904649, -0.00498806498945, -0.00330618908629, 0.0210584029555, -0.000284566980554, -0.000839893706143], [-7.66351731727e-05, 0.000234823324718, -0.00121467921417, -0.00211042142473, 0.00046148581896, 0.000171383013367, 9.32324110181e-05, -0.00132811267395, 0.00351301440969, -0.00284858932719, -0.000284566980554, 0.0220118816942, -0.00587983103469], [-0.000462246476673, -0.00177047622856, -0.00129605701659, 0.0003020746517, -0.00216649868526, 0.00114169926383, -0.000660854624584, 0.000294484081678, -0.00206458312459, 0.00034400052391, -0.000839893706143, -0.00587983103469, 0.0221747811884]]
    },
    "spectral_contrast_coeffs": {
        "max": [-0.300598740578, -0.418310701847, -0.53062081337, -0.619210243225, -0.673819422722, -0.481445938349],
        "mean": [-0.715204536915, -0.728504598141, -0.750479698181, -0.793321192265, -0.792033731937, -0.754268944263],
        "min": [-0.889850437641, -0.89094632864, -0.872736811638, -0.902703523636, -0.872146606445, -0.864775598049],
        "stdev": [0.0812262147665, 0.0710469186306, 0.0594637468457, 0.0398169718683, 0.0314734838903, 0.0408317558467]
    },
    "spectral_contrast_valleys": {
        "max": [-4.60420036316, -4.68960571289, -5.53671264648, -5.68834209442, -5.94748687744, -7.81357336044],
        "mean": [-6.16228866577, -6.07792234421, -6.86836862564, -7.26529932022, -7.22541856766, -10.0850057602],
        "min": [-11.4839859009, -8.77261734009, -8.31761550903, -8.74350357056, -8.86782073975, -16.1722049713],
        "stdev": [1.05269122124, 0.600933730602, 0.410247802734, 0.423780024052, 0.447894960642, 1.00610458851]
    }
},
"rhythm": {
    "beats_count": 109,
    "beats_loudness": {
        "max": 0.152146100998,
        "mean": 0.0653202459216,
        "min": 0.0141694005579,
        "stdev": 0.0296995341778
    },
    "bpm": 144.70274353,
    "bpm_histogram_first_peak_bpm": 144,
    "bpm_histogram_first_peak_weight": 0.376237630844,
    "bpm_histogram_second_peak_bpm": 152,
    "bpm_histogram_second_peak_spread": 0,
    "bpm_histogram_second_peak_weight": 0.0648148134351,
    "danceability": 1.11064887047,
    "onset_rate": 3.35783195496,
    "beats_loudness_band_ratio": {
        "max": [0.961312770844, 0.709501385689, 0.77258592844, 0.593310475349, 0.176597803831, 0.12569616735],
        "mean": [0.539233028889, 0.162981897593, 0.173986807466, 0.0847709923983, 0.0397484116256, 0.031259868294],
        "min": [5.76204183744e-05, 0.0184778794646, 0.0106674619019, 0.00470105046406, 0.00143115047831, 0.000459524075268],
        "stdev": [0.251726329327, 0.138846710324, 0.139772191644, 0.0900897756219, 0.0350714176893, 0.02890900895]
    },
