{
"metadata": {
    "version": {
        "essentia": "2.1-beta5",
        "essentia_git_sha": "Undefined",
        "extractor": "music 2.0"
    },
    "audio_properties": {
        "analysis": {
            "equal_loudness": 0,
            "length": 41.8191375732,
            "sample_rate": 44100,
            "start_time": 158.998641968,
            "downmix": "mix"
        },
        "bit_rate": 192000,
        "length": 200.841003418,
        "lossless": 0,
        "number_channels": 2,
        "replay_gain": -8.42617988586,
        "sample_rate": 48000,
        "codec": "mp3",
        "md5_encoded": "8afbaf38a23919ebcf423e12b00ea714"
    },
    "tags": {
        "file_name": "Switzerland_She Got Me_Luca Hänni.mp3",
        "encoding": ["Lavf58.29.100"]
    }
},
"lowlevel": {
    "average_loudness": 0.791424036026,
    "barkbands_crest": {
        "max": 24.3165225983,
        "mean": 9.51334762573,
        "min": 2.34814596176,
        "stdev": 4.01159572601
    },
    "barkbands_flatness_db": {
        "max": 0.365179181099,
        "mean": 0.153637856245,
        "min": 0.0225119255483,
        "stdev": 0.0816589966416
    },
    "barkbands_kurtosis": {
        "max": 21.8729095459,
        "mean": 1.2302544117,
        "min": -1.83418881893,
        "stdev": 2.3737680912
    },
    "barkbands_skewness": {
        "max": 4.60014820099,
        "mean": 1.09663379192,
        "min": -0.891065120697,
        "stdev": 0.732129693031
    },
    "barkbands_spread": {
        "max": 96.3268890381,
        "mean": 25.030380249,
        "min": 3.61218523979,
        "stdev": 17.2948722839
    },
    "dissonance": {
        "max": 0.500000059605,
        "mean": 0.483878850937,
        "min": 0.394638240337,
        "stdev": 0.0147022679448
    },
    "dynamic_complexity": 2.36135745049,
    "erbbands_crest": {
        "max": 23.3739814758,
        "mean": 8.35896015167,
        "min": 2.72778487206,
        "stdev": 3.3493039608
    },
    "erbbands_flatness_db": {
        "max": 0.423675745726,
        "mean": 0.212753325701,
        "min": 0.0597465001047,
        "stdev": 0.0941607058048
    },
    "erbbands_kurtosis": {
        "max": 10.3985757828,
        "mean": 0.365953803062,
        "min": -1.6820653677,
        "stdev": 1.3816485405
    },
    "erbbands_skewness": {
        "max": 2.8590669632,
        "mean": 0.543215155602,
        "min": -2.34275388718,
        "stdev": 0.74571543932
    },
    "erbbands_spread": {
        "max": 91.7461166382,
        "mean": 29.8757343292,
        "min": 6.6491150856,
        "stdev": 14.989859581
    },
    "hfc": {
        "max": 90.3740539551,
        "mean": 27.1473407745,
        "min": 4.66816616058,
        "stdev": 16.1505203247
    },
    "loudness_ebu128": {
        "integrated": -15.4385547638,
        "loudness_range": 4.24816799164,
        "momentary": {
            "max": -10.9873838425,
            "mean": -15.8094835281,
            "min": -20.4735832214,
            "stdev": 1.7301158905
        },
        "short_term": {
            "max": -12.1330041885,
            "mean": -15.6163711548,
            "min": -18.0646705627,
            "stdev": 1.44661200047
        }
    },
    "melbands_crest": {
        "max": 33.8561553955,
        "mean": 14.534617424,
        "min": 2.95785975456,
        "stdev": 6.4426074028
    },
    "melbands_flatness_db": {
        "max": 0.32910194993,
        "mean": 0.159465298057,
        "min": 0.0240484979004,
        "stdev": 0.0544496178627
    },
    "melbands_kurtosis": {
        "max": 76.1031341553,
        "mean": 6.3599820137,
        "min": -1.18778800964,
        "stdev": 7.47313308716
    },
    "melbands_skewness": {
        "max": 8.1086397171,
        "mean": 2.00716996193,
        "min": -0.352716207504,
        "stdev": 1.04408442974
    },
    "melbands_spread": {
        "max": 150.561065674,
        "mean": 29.8059673309,
        "min": 5.04650878906,
        "stdev": 21.3752613068
    },
    "pitch_salience": {
        "max": 0.854225516319,
        "mean": 0.614184319973,
        "min": 0.121247425675,
        "stdev": 0.135819166899
    },
    "silence_rate_20dB": {
        "max": 1,
        "mean": 1,
        "min": 1,
        "stdev": 0
    },
    "silence_rate_30dB": {
        "max": 1,
        "mean": 1,
        "min": 1,
        "stdev": 0
    },
    "silence_rate_60dB": {
        "max": 0,
        "mean": 0,
        "min": 0,
        "stdev": 0
    },
    "spectral_centroid": {
        "max": 4237.49414062,
        "mean": 2009.3112793,
        "min": 813.570861816,
        "stdev": 582.436096191
    },
    "spectral_complexity": {
        "max": 47,
        "mean": 24.5005550385,
        "min": 7,
        "stdev": 7.01435947418
    },
    "spectral_decrease": {
        "max": -1.0186470556e-09,
        "mean": -5.19768317275e-09,
        "min": -2.33837518238e-08,
        "stdev": 3.05280090096e-09
    },
    "spectral_energy": {
        "max": 0.0962876901031,
        "mean": 0.022079590708,
        "min": 0.00454014539719,
        "stdev": 0.0125946495682
    },
    "spectral_energyband_high": {
        "max": 0.0101645682007,
        "mean": 0.00132031040266,
        "min": 6.06815228821e-05,
        "stdev": 0.00158333743457
    },
    "spectral_energyband_low": {
        "max": 0.034649182111,
        "mean": 0.00374859152362,
        "min": 1.67224067926e-09,
        "stdev": 0.00553415017202
    },
    "spectral_energyband_middle_high": {
        "max": 0.0526614151895,
        "mean": 0.00979054346681,
        "min": 0.000540175416972,
        "stdev": 0.00882160197943
    },
    "spectral_energyband_middle_low": {
        "max": 0.0665600225329,
        "mean": 0.00799718499184,
        "min": 0.000288654497126,
        "stdev": 0.00760624092072
    },
    "spectral_entropy": {
        "max": 8.62551593781,
        "mean": 7.86620235443,
        "min": 7.22274923325,
        "stdev": 0.276828587055
    },
    "spectral_flux": {
        "max": 0.206251874566,
        "mean": 0.0870384797454,
        "min": 0.031753949821,
        "stdev": 0.0302898492664
    },
    "spectral_kurtosis": {
        "max": 13.5824661255,
        "mean": 3.32430028915,
        "min": -0.069765329361,
        "stdev": 1.89006090164
    },
    "spectral_rms": {
        "max": 0.00969222467393,
        "mean": 0.00447524525225,
        "min": 0.00210461649112,
        "stdev": 0.00123015115969
    },
    "spectral_rolloff": {
        "max": 9797.60742188,
        "mean": 2297.41723633,
        "min": 64.599609375,
        "stdev": 1425.22790527
    },
    "spectral_skewness": {
        "max": 2.91157960892,
        "mean": 1.27410233021,
        "min": 0.314496487379,
        "stdev": 0.310858875513
    },
    "spectral_spread": {
        "max": 12002654,
        "mean": 4176217.25,
        "min": 2046509.875,
        "stdev": 1309573.25
    },
    "spectral_strongpeak": {
        "max": 9.15250778198,
        "mean": 1.05947136879,
        "min": 0.0412244610488,
        "stdev": 1.01835513115
    },
    "zerocrossingrate": {
        "max": 0.25146484375,
        "mean": 0.0813665688038,
        "min": 0.0234375,
        "stdev": 0.0332868732512
    },
    "barkbands": {
        "max": [0.00535303261131, 0.0317166000605, 0.0101390192285, 0.00567853776738, 0.0117284916341, 0.00978750549257, 0.0107299527153, 0.0204822141677, 0.0404818877578, 0.0447892434895, 0.0247943606228, 0.014491122216, 0.00863823015243, 0.00896233785897, 0.00522646028548, 0.00543422857299, 0.00332983327098, 0.00490743014961, 0.00435368111357, 0.00835816562176, 0.00461506331339, 0.00487582199275, 0.00592364929616, 0.00180565554183, 0.00159793533385, 0.0006165705272, 0.000120121607324],
        "mean": [0.000351628375938, 0.00301069160923, 0.000308681861497, 0.000188297635759, 0.000454467954114, 0.000431011867477, 0.000367253815057, 0.000831796380226, 0.00424499064684, 0.00348882749677, 0.00135238200892, 0.00136606907472, 0.000975707545877, 0.000990181462839, 0.000534759368747, 0.000315856974339, 0.000395840848796, 0.000511821534019, 0.000405857223086, 0.000494934618473, 0.00032712117536, 0.000354661868187, 0.000175398978172, 0.000101374535006, 6.94400077919e-05, 2.83263143501e-05, 2.22761082114e-06],
        "min": [6.87766926744e-11, 3.28529647931e-10, 1.86396606483e-10, 6.27859431113e-10, 1.05376969373e-08, 4.0872231466e-07, 1.28313911318e-06, 2.46982676799e-06, 1.6124036847e-05, 1.23525142044e-05, 1.45536660057e-05, 1.84683522093e-05, 1.86846446013e-05, 2.01737548196e-05, 1.72631971509e-05, 1.45700923895e-05, 1.84254604392e-05, 3.29505783156e-05, 2.19244611799e-05, 1.92496663658e-05, 1.14263220894e-05, 1.28234314616e-05, 7.08473999111e-06, 1.98279735741e-06, 2.21202889339e-10, 2.26490909361e-11, 2.40704157994e-11],
        "stdev": [0.000698879477568, 0.00496942456812, 0.000972585636191, 0.000497998553328, 0.000958586460911, 0.00102397531737, 0.000937411794439, 0.00167370843701, 0.00566653395072, 0.00560326734558, 0.00210325443186, 0.00132678332739, 0.00112297467422, 0.00112984783482, 0.000511949707288, 0.000381098943762, 0.000323222280713, 0.0005485676229, 0.000467602571007, 0.000761640316341, 0.00043131201528, 0.000524143106304, 0.000352318020305, 0.000174895350938, 0.000132761968416, 5.62160894333e-05, 8.23905884317e-06]
    },
    "erbbands": {
        "max": [1.27721440792, 6.22460603714, 10.3643722534, 16.6614551544, 24.8767032623, 48.0116958618, 97.8329620361, 93.9911499023, 183.961883545, 274.574066162, 560.667297363, 871.82220459, 1908.69750977, 1120.90576172, 802.546936035, 643.898254395, 402.693572998, 479.085021973, 344.886383057, 386.429199219, 359.965332031, 210.777694702, 301.163208008, 263.566833496, 304.328704834, 553.196105957, 186.271560669, 212.097442627, 178.635986328, 226.278884888, 225.411026001, 56.4807815552, 27.5985107422, 22.397901535, 12.7796201706, 4.1194934845, 0.9979377985, 0.305953294039, 0.0210374481976, 0.000459627306554],
        "mean": [0.138297572732, 0.468022584915, 0.413303047419, 0.530934512615, 1.00249910355, 1.58482515812, 2.6813223362, 3.53795814514, 4.72599649429, 7.56635332108, 31.9606304169, 89.3764343262, 131.706710815, 73.7134628296, 56.7417068481, 55.4740753174, 44.8257751465, 53.0010261536, 38.0253067017, 21.5568675995, 19.0713825226, 22.6094989777, 28.2642173767, 20.4507369995, 22.9135036469, 24.7394695282, 15.4874572754, 12.2183628082, 13.5134353638, 8.00861549377, 4.80041313171, 2.59038758278, 1.46719014645, 0.910466551781, 0.432714700699, 0.158835232258, 0.0452715829015, 0.007369030267, 0.000371938775061, 3.78127333533e-05],
        "min": [1.13860075146e-07, 5.0077233027e-07, 2.03195463655e-06, 7.97556276666e-06, 3.76935822715e-05, 0.000160524825333, 0.00138586456887, 0.010884440504, 0.0403978191316, 0.250247716904, 0.470055550337, 0.537152171135, 0.439103484154, 0.72016453743, 1.47299540043, 1.46423196793, 1.70389449596, 1.40292298794, 0.974465489388, 0.855069220066, 1.26743817329, 1.27529513836, 2.27016544342, 1.59318292141, 1.34378194809, 1.11141228676, 0.711328089237, 0.427777528763, 0.492999017239, 0.284291923046, 0.157447353005, 0.0893715173006, 0.0105152353644, 0.000586721580476, 0.000115426140837, 2.38696229644e-05, 8.08743607195e-06, 2.27923578677e-06, 3.12405586556e-06, 5.90919262322e-06],
        "stdev": [0.224251583219, 0.898605108261, 1.0872284174, 1.45257675648, 2.28723359108, 3.55977654457, 7.40180873871, 8.67506408691, 12.9965343475, 17.9047431946, 47.3906288147, 119.224456787, 205.439819336, 109.115013123, 73.6447525024, 53.5077857971, 49.6745147705, 57.2519607544, 37.788848877, 21.28865242, 21.8178691864, 18.1516666412, 29.5756435394, 23.3192577362, 29.2003803253, 38.7307243347, 21.8774433136, 17.2090301514, 19.890291214, 13.7177171707, 10.315571785, 4.65011024475, 2.50357961655, 1.67353236675, 0.93508130312, 0.319582462311, 0.0956008434296, 0.0183760244399, 0.00134001520928, 3.04367858917e-05]
    },
    "gfcc": {
        "mean": [-9.81853961945, 39.7336883545, -188.284896851, 9.16435432434, -82.1029663086, 20.4100894928, -22.106754303, 12.7766695023, -18.4164390564, -1.53948569298, -13.9078350067, -3.90623092651, -6.51868104935],
        "cov": [[2428.48266602, 187.950027466, 2876.92138672, 1294.9810791, 738.876708984, 382.312164307, -203.555343628, 301.462768555, -205.059387207, 690.781921387, -208.303436279, 579.352783203, -151.051345825], [187.950027466, 874.270874023, 748.51171875, 591.88659668, 366.728668213, 227.037124634, 150.486984253, 91.1073379517, 109.207443237, 89.9999465942, 88.5256958008, 58.8242340088, 53.1904296875], [2876.92138672, 748.51171875, 4700.06835938, 2229.84326172, 1357.50061035, 800.564147949, -300.956115723, 477.484649658, -299.107818604, 1007.74145508, -261.800354004, 869.932861328, -191.699569702], [1294.9810791, 591.88659668, 2229.84326172, 1344.18652344, 736.417419434, 443.70489502, -35.1141357422, 224.038665771, -49.1341094971, 473.300842285, -45.7695426941, 394.834350586, -25.2730827332], [738.876708984, 366.728668213, 1357.50061035, 736.417419434, 574.213623047, 343.745361328, 52.9093742371, 196.399429321, -18.0586090088, 294.052307129, -38.0353851318, 245.068862915, -28.4569988251], [382.312164307, 227.037124634, 800.564147949, 443.70489502, 343.745361328, 331.866241455, 84.3533172607, 165.02507019, 11.6392803192, 180.561447144, -16.7714958191, 135.289749146, -4.52712106705], [-203.555343628, 150.486984253, -300.956115723, -35.1141357422, 52.9093742371, 84.3533172607, 311.870361328, 59.8876914978, 165.384338379, -58.2804374695, 93.7314910889, -72.981338501, 48.3504600525], [301.462768555, 91.1073379517, 477.484649658, 224.038665771, 196.399429321, 165.02507019, 59.8876914978, 179.058700562, 22.6911468506, 155.410766602, -16.1998214722, 97.3588943481, -6.51238298416], [-205.059387207, 109.207443237, -299.107818604, -49.1341094971, -18.0586090088, 11.6392803192, 165.384338379, 22.6911468506, 197.114776611, -28.9772624969, 102.629920959, -48.7147407532, 54.6178092957], [690.781921387, 89.9999465942, 1007.74145508, 473.300842285, 294.052307129, 180.561447144, -58.2804374695, 155.410766602, -28.9772624969, 336.555877686, -30.12068367, 237.240097046, -16.78606987], [-208.303436279, 88.5256958008, -261.800354004, -45.7695426941, -38.0353851318, -16.7714958191, 93.7314910889, -16.1998214722, 102.629920959, -30.12068367, 134.099472046, -16.0244159698, 55.26902771], [579.352783203, 58.8242340088, 869.932861328, 394.834350586, 245.068862915, 135.289749146, -72.981338501, 97.3588943481, -48.7147407532, 237.240097046, -16.0244159698, 264.159332275, -3.2343173027], [-151.051345825, 53.1904296875, -191.699569702, -25.2730827332, -28.4569988251, -4.52712106705, 48.3504600525, -6.51238298416, 54.6178092957, -16.78606987, 55.26902771, -3.2343173027, 97.7765197754]],
        "icov": [[0.00228737154976, 0.000529024284333, -0.00138660741504, -0.000470086786663, 0.000912813527975, 0.00150467106141, -0.00153720704839, -0.000174166372744, 2.61189416051e-05, -0.00118551508058, 0.00124282063916, -0.000691803055815, 0.000546178547665], [0.000529024284333, 0.00305042183027, -0.00132993317675, -0.000741316529457, -0.000998862902634, 0.00083443307085, -0.000246209732722, -0.000489647849463, -0.000749429105781, 0.00160036468878, -0.00211733509786, 0.00253367912956, -0.00183013349306], [-0.00138660741504, -0.00132993317675, 0.00484094256535, -0.00271033332683, -0.00165981228929, -0.00176593090873, 0.00198233826086, -0.000107191750431, 0.00102172943298, -0.00162324064877, 0.00204981584102, -0.00370668526739, 0.00368896010332], [-0.000470086786663, -0.000741316529457, -0.00271033332683, 0.00638991594315, -0.00202495977283, -0.000799949921202, 0.000136803762871, 0.0024487155024, -0.000951865164097, -0.000505007221363, -0.00170370656997, 0.00213195406832, -0.00303750950843], [0.000912813527975, -0.000998862902634, -0.00165981228929, -0.00202495977283, 0.0118427397683, -0.00304113281891, -0.00368925533257, -0.00104596815072, 0.000837619358208, -0.000503025832586, 0.00187843316235, -0.00261090602726, 0.0015341071412], [0.00150467106141, 0.00083443307085, -0.00176593090873, -0.000799949921202, -0.00304113281891, 0.0114922886714, -0.00279996823519, -0.0047758393921, 0.000781992275734, 0.000569084892049, 0.000327809422743, 0.00108131743036, -0.00157360802405], [-0.00153720704839, -0.000246209732722, 0.00198233826086, 0.000136803762871, -0.00368925533257, -0.00279996823519, 0.0105788717046, -0.00300240376964, -0.00470338389277, 0.00319107901305, -0.00291533628479, 0.001668371493, -7.5267336797e-05], [-0.000174166372744, -0.000489647849463, -0.000107191750431, 0.0024487155024, -0.00104596815072, -0.0047758393921, -0.00300240376964, 0.0166491493583, -0.00153746258002, -0.00721013918519, 0.00337214278989, 3.34928590746e-05, 0.00020411881269], [2.61189416051e-05, -0.000749429105781, 0.00102172943298, -0.000951865164097, 0.000837619358208, 0.000781992275734, -0.00470338389277, -0.00153746258002, 0.0135891074315, -0.00284740515053, -0.00508645409718, 0.00100623629987, -0.000462640251499], [-0.00118551508058, 0.00160036468878, -0.00162324064877, -0.000505007221363, -0.000503025832586, 0.000569084892049, 0.00319107901305, -0.00721013918519, -0.00284740515053, 0.0162277966738, -0.00307624135166, -0.00325416401029, -0.00218562828377], [0.00124282063916, -0.00211733509786, 0.00204981584102, -0.00170370656997, 0.00187843316235, 0.000327809422743, -0.00291533628479, 0.00337214278989, -0.00508645409718, -0.00307624135166, 0.0195950306952, -0.00740525498986, -0.000129647785798], [-0.000691803055815, 0.00253367912956, -0.00370668526739, 0.00213195406832, -0.00261090602726, 0.00108131743036, 0.001668371493, 3.34928590746e-05, 0.00100623629987, -0.00325416401029, -0.00740525498986, 0.0186489764601, -0.00701386155561], [0.000546178547665, -0.00183013349306, 0.00368896010332, -0.00303750950843, 0.0015341071412, -0.00157360802405, -7.5267336797e-05, 0.00020411881269, -0.000462640251499, -0.00218562828377, -0.000129647785798, -0.00701386155561, 0.0186630990356]]
    },
    "melbands": {
        "max": [0.00990352779627, 0.00445545604452, 0.00263501401059, 0.00270260986872, 0.00283280480653, 0.00191191560589, 0.00248516118154, 0.00266953650862, 0.00521157449111, 0.00647347001359, 0.00943159591407, 0.00445361295715, 0.00276024942286, 0.00129455758724, 0.00129812944215, 0.000981833669357, 0.000810906116385, 0.000769280653913, 0.000476227083709, 0.000374846975319, 0.000530749501195, 0.000268158124527, 0.00023991188209, 0.000301550549921, 0.000219151799683, 0.000217568784137, 0.000251729652518, 0.000419419229729, 0.000154656067025, 0.000134139409056, 0.000117503230285, 0.000107430758362, 0.00011135762179, 0.000144536505104, 0.000186071250937, 6.19007623754e-05, 2.6758218155e-05, 2.08607707464e-05, 1.63724871527e-05, 2.27166656259e-05],
        "mean": [0.00101411074866, 0.000329491536831, 0.000103779035271, 9.6140531241e-05, 8.72846649145e-05, 8.12677462818e-05, 7.27142178221e-05, 9.01947496459e-05, 0.000310168601573, 0.000609991024248, 0.000658683362417, 0.000305396097247, 0.00018751436437, 0.000163594391779, 0.00011017316865, 0.000102053738374, 9.6843301435e-05, 6.5058178734e-05, 3.60284611816e-05, 2.21210193558e-05, 2.24990217248e-05, 2.26195497817e-05, 2.61817731371e-05, 2.3680016966e-05, 1.53661439981e-05, 1.58447255671e-05, 1.6991956727e-05, 1.64643224707e-05, 1.03250931716e-05, 7.25710469851e-06, 6.93565016263e-06, 7.9262381405e-06, 6.32500314168e-06, 3.71915734831e-06, 2.92920617539e-06, 1.98035763788e-06, 1.42439466799e-06, 1.04325158645e-06, 8.7061926024e-07, 7.34300215299e-07],
        "min": [8.76821185103e-11, 2.52545873103e-10, 4.0513120636e-10, 1.65348013059e-09, 2.49238674144e-08, 7.03712288441e-08, 3.36490842301e-07, 1.70667567545e-06, 1.39373514685e-06, 2.36294636125e-06, 1.40671113513e-06, 1.98560269382e-06, 3.39843950314e-06, 2.25595681513e-06, 2.04159937311e-06, 1.39317035064e-06, 2.24971313401e-06, 1.33007188197e-06, 1.07469077193e-06, 1.18372804536e-06, 1.36040364396e-06, 1.08965491563e-06, 1.12318195988e-06, 1.3498130329e-06, 8.05491879419e-07, 9.45280305586e-07, 6.95393339356e-07, 6.25749237315e-07, 3.64483639714e-07, 2.98607943705e-07, 2.36336461512e-07, 2.53674699024e-07, 2.24208079658e-07, 1.32115346219e-07, 7.61687672934e-08, 6.64986288257e-08, 2.86660508664e-08, 5.66259761303e-10, 1.11060813324e-11, 1.51957060216e-12],
        "stdev": [0.00163208448794, 0.000640445505269, 0.000249709177297, 0.000220352507313, 0.000216167594772, 0.000194535328774, 0.000187266283319, 0.000207544624573, 0.0004270040954, 0.000831845507491, 0.00103679543827, 0.000466638448415, 0.000266248040134, 0.00016206651344, 0.000125182603369, 0.000115462069516, 0.000108711945359, 7.35092107789e-05, 3.86470201192e-05, 2.49264867307e-05, 2.84793495666e-05, 1.91456510947e-05, 2.81016236841e-05, 2.56793937297e-05, 1.95667162188e-05, 1.95662469196e-05, 2.69614447461e-05, 2.91421474685e-05, 1.61436983035e-05, 1.03964912341e-05, 1.05208309833e-05, 1.179537594e-05, 1.02643025457e-05, 7.28181885279e-06, 7.26527878214e-06, 3.79055404665e-06, 2.62804701379e-06, 1.8039220322e-06, 1.53494033839e-06, 1.4587452597e-06]
    },
    "melbands128": {
        "max": [0.00443979911506, 0.0105492351577, 0.0162851456553, 0.00899645220488, 0.00626719091088, 0.00460562389344, 0.00385201862082, 0.00277086021379, 0.00281715719029, 0.00443793646991, 0.00311055965722, 0.00298931030557, 0.00461232941598, 0.00376743800007, 0.00263032363728, 0.00350487232208, 0.00436863675714, 0.00277843745425, 0.00424891011789, 0.00509941391647, 0.00399443460628, 0.00754419248551, 0.00964620709419, 0.00652622571215, 0.00778830610216, 0.0111979171634, 0.0153020396829, 0.0148665858433, 0.0114036425948, 0.00555652100593, 0.00704720662907, 0.00354881305248, 0.00357532640919, 0.00396280409768, 0.00196090294048, 0.00179846375249, 0.00360204349272, 0.00215222546831, 0.00140023359563, 0.00125221826602, 0.00176434696186, 0.002620536834, 0.00136443472002, 0.000955005350988, 0.00199082028121, 0.000881300831679, 0.000619628932327, 0.000761202070862, 0.000619864207692, 0.00120688811876, 0.000761708884966, 0.000475592067232, 0.0009814822115, 0.000474870670587, 0.00039949969505, 0.000509939098265, 0.000335608026944, 0.000295969977742, 0.000404928752687, 0.00053549912991, 0.000430612359196, 0.00047040975187, 0.000565868045669, 0.000197494155145, 0.000332792871632, 0.000358670105925, 0.000533512560651, 0.000527286261786, 0.000602931599133, 0.000390429660911, 0.000871065421961, 0.000493875180837, 0.000376945157768, 0.00032680228469, 0.000218948014663, 0.000147608705447, 0.000214782397961, 0.000162056749105, 0.000115963928693, 0.00011212679965, 0.000136687027407, 0.000134916204843, 0.000199094007257, 0.000162882293807, 0.000159461284056, 0.000213898849324, 0.000129816267872, 0.000209221223486, 0.00035264325561, 9.55046416493e-05, 6.07356741966e-05, 8.65249166964e-05, 3.87870240957e-05, 3.61074962711e-05, 2.31313042605e-05, 3.46990709659e-05, 2.39588152908e-05, 2.66671795544e-05, 2.47818716161e-05, 1.50629002746e-05, 2.44830735028e-05, 3.22265113937e-05, 2.07698922168e-05, 1.31938722916e-05, 1.92658444575e-05, 1.68066235346e-05, 8.05102445156e-06, 1.02964986581e-05, 9.41925463849e-06, 6.22673042017e-06, 5.57835255677e-06, 5.96677546127e-06, 3.95771485273e-06, 2.68056601271e-06, 4.88706791657e-06, 4.12899453295e-06, 2.33959303841e-06, 1.81406903721e-06, 1.87696059584e-06, 9.65287654253e-07, 9.42850022057e-07, 3.39070709288e-07, 1.20327271702e-07, 1.33174342665e-08, 3.45646045119e-09, 3.41016592742e-09, 3.37690320151e-09, 3.35888894476e-09],
        "mean": [0.000331840768922, 0.00127627153415, 0.0012637238251, 0.000606523302849, 0.000238326843828, 0.000143071185448, 0.000105168146547, 9.22836843529e-05, 9.7572687082e-05, 0.000111271285277, 8.38427731651e-05, 7.27709630155e-05, 9.97463357635e-05, 8.98179205251e-05, 7.55626024329e-05, 8.09932607808e-05, 7.82891438575e-05, 6.83066100464e-05, 6.6549051553e-05, 7.99494955572e-05, 8.16086831037e-05, 0.000175868495717, 0.000322207284626, 0.000463077885797, 0.000544622074813, 0.000664225721266, 0.000790268939454, 0.000714275694918, 0.000520922534633, 0.000340704718838, 0.000238472290221, 0.000194884662051, 0.000194480453501, 0.000175039080204, 0.000157767091878, 0.000176497822395, 0.000148042556248, 0.000103197613498, 9.02061001398e-05, 9.135241271e-05, 0.00010180677782, 0.000123685618746, 0.000101596619061, 8.07854885352e-05, 7.93873114162e-05, 6.26088294666e-05, 5.01138638356e-05, 3.74628616555e-05, 2.87175716949e-05, 2.81229476968e-05, 1.99591904675e-05, 1.61436673807e-05, 2.50469620369e-05, 2.3195416361e-05, 2.31417616305e-05, 2.27708242164e-05, 2.1025280148e-05, 2.55031318375e-05, 2.85954356514e-05, 2.66830738838e-05, 2.60902379523e-05, 1.87268506124e-05, 1.66775625985e-05, 1.40600877785e-05, 1.37001279654e-05, 1.59872106451e-05, 1.62605392688e-05, 1.85649714695e-05, 1.60776799021e-05, 1.70599651028e-05, 1.90392111108e-05, 1.51352323883e-05, 1.01481728052e-05, 1.12061961772e-05, 7.63020307204e-06, 7.29031262381e-06, 7.10172344043e-06, 6.78318247083e-06, 6.61251533529e-06, 7.49995524529e-06, 7.61907131164e-06, 8.34791171656e-06, 8.10102392279e-06, 6.19685033598e-06, 4.94417872687e-06, 3.98179827243e-06, 3.32772833644e-06, 2.97018209494e-06, 3.20640651807e-06, 2.68023245553e-06, 2.11760516322e-06, 1.83753388683e-06, 1.60703928032e-06, 1.46741683693e-06, 1.29584861952e-06, 1.09971654183e-06, 9.84353732747e-07, 9.49367915837e-07, 9.10802043563e-07, 7.71594670823e-07, 8.52483537983e-07, 7.16308306892e-07, 6.4762986085e-07, 5.08950336098e-07, 5.1655729294e-07, 4.39307683564e-07, 3.33773613193e-07, 3.19918228797e-07, 2.9072128882e-07, 2.06072982678e-07, 1.67357697478e-07, 1.61052554404e-07, 1.45073556723e-07, 1.13423787695e-07, 1.04359351383e-07, 7.03175970784e-08, 4.39395435592e-08, 2.3496216528e-08, 1.59014490464e-08, 9.0930551977e-09, 2.68798072689e-09, 1.75536574165e-09, 9.27161569741e-10, 3.46530790174e-11, 6.74335413897e-12, 6.6012573012e-12, 6.51025674342e-12, 6.46971842419e-12],
        "min": [1.4846179841e-12, 3.79315398535e-11, 3.48055508026e-11, 3.44656005125e-11, 7.02459271307e-11, 6.39835406879e-11, 2.56627580297e-10, 1.66404334756e-10, 4.7062120867e-10, 9.07370401038e-10, 2.98731284154e-09, 2.62202903833e-09, 2.17685443005e-08, 2.59006149861e-08, 8.76842509712e-09, 5.87179052047e-08, 5.28385690757e-08, 5.98010672093e-08, 1.84194590247e-07, 3.78481445296e-07, 4.20156169412e-07, 9.50183220993e-08, 7.87615022091e-07, 7.28315228571e-07, 5.72072792693e-07, 9.8466136933e-07, 4.45580241148e-07, 6.15382646174e-07, 5.56814597985e-07, 6.28492045962e-07, 8.70106873663e-07, 8.48492277328e-07, 4.38758490873e-07, 6.87482781814e-07, 1.07572327579e-06, 1.14718909572e-06, 5.02956197579e-07, 3.81287492246e-07, 2.72970112292e-07, 5.29447220288e-07, 5.05912737481e-07, 1.4861808495e-06, 9.16423459785e-07, 4.64304036996e-07, 5.8054490637e-07, 5.79025879688e-07, 4.76910884117e-07, 3.83939550375e-07, 1.48902245201e-07, 3.13719766609e-07, 3.72356794287e-07, 3.09768267925e-07, 3.90205826761e-07, 5.18136005212e-07, 3.30507873514e-07, 2.99974772133e-07, 2.23536105182e-07, 8.00918940058e-07, 3.51354714212e-07, 6.46964110729e-07, 6.16699708189e-07, 4.27016885851e-07, 1.31467743358e-07, 3.38421301649e-07, 4.42580102344e-07, 5.74969817535e-07, 2.81060636098e-07, 2.5926775038e-07, 3.98012730329e-07, 3.59772712955e-07, 2.13489954604e-07, 2.9563938142e-07, 2.32429655966e-07, 2.28684754688e-07, 1.72967631329e-07, 1.43238210626e-07, 1.51000890014e-07, 1.23966486854e-07, 9.4466884093e-08, 1.34168914201e-07, 1.6219124177e-07, 1.261920346e-07, 1.60752435363e-07, 1.12799440899e-07, 6.43175042114e-08, 8.97742680195e-08, 4.76539554484e-08, 3.47404061074e-08, 6.43660982291e-08, 4.51717205863e-08, 2.89429458178e-08, 3.07829175483e-08, 2.30184031835e-08, 2.3995507803e-08, 4.86850115777e-09, 1.01998118285e-10, 2.32899616259e-10, 1.17773733474e-11, 6.34634055377e-12, 6.25982468985e-12, 1.22339757682e-12, 2.09512095173e-13, 1.69864095663e-13, 1.89744067355e-13, 2.17234962115e-13, 1.44972345218e-13, 1.07226700392e-13, 1.13230713868e-13, 1.19600482946e-13, 1.31722649281e-13, 1.02982611317e-13, 1.04959308389e-13, 8.62856877962e-14, 9.01709466101e-14, 8.16163678525e-14, 7.6386860975e-14, 6.97084127617e-14, 8.72203039502e-14, 8.02641712317e-14, 8.7856154643e-14, 7.39313124609e-14, 8.04347094572e-14, 8.53556320676e-14, 6.37833088755e-14, 4.86956700278e-14, 1.90798660644e-14, 2.95909223706e-15, 8.03359068226e-17],
        "stdev": [0.000648030429147, 0.00209088460542, 0.00232392991893, 0.00127824011724, 0.000658388249576, 0.000458460272057, 0.000322075822623, 0.000231890575378, 0.000241660687607, 0.000325213768519, 0.000208730780287, 0.0001959198853, 0.000328829424689, 0.000305602443404, 0.000225456591579, 0.000268799747573, 0.000297392165521, 0.000222015747568, 0.000213686027564, 0.000284721667413, 0.000224842951866, 0.000495415937621, 0.000604499713518, 0.000725351157598, 0.000911125622224, 0.0011511980556, 0.00142332166433, 0.00136373238638, 0.00101188605186, 0.000592375523411, 0.000465322635137, 0.000343261199305, 0.000313073978759, 0.000308761227643, 0.000214307074202, 0.00020796879835, 0.000191218830878, 0.000166361016454, 0.000134569854708, 0.000134846603032, 0.000145802026964, 0.000162954980624, 0.000144621997606, 0.00011896010983, 0.000145113182953, 7.89667246863e-05, 5.91673560848e-05, 5.65419795748e-05, 4.23162382504e-05, 4.8547728511e-05, 3.43435567629e-05, 2.63152578555e-05, 5.39922803e-05, 3.35801378242e-05, 2.90997886623e-05, 2.83201043203e-05, 2.54822280112e-05, 3.07508416881e-05, 4.25997277489e-05, 4.53193606518e-05, 3.45170083165e-05, 2.97255719488e-05, 3.82699690817e-05, 1.77011588676e-05, 1.85470071301e-05, 2.50511075137e-05, 3.16113546432e-05, 4.33298482676e-05, 4.14181813539e-05, 3.49326583091e-05, 4.5454071369e-05, 3.6326207919e-05, 2.38004486164e-05, 2.00075864996e-05, 1.47880791701e-05, 1.27595039885e-05, 1.20374888866e-05, 1.23956933749e-05, 1.15292859846e-05, 1.2623208022e-05, 1.26120867208e-05, 1.37943161462e-05, 1.41335922308e-05, 1.14548529382e-05, 9.87371277006e-06, 8.46994316817e-06, 7.36687661629e-06, 7.85163956607e-06, 1.06087582026e-05, 5.93201411903e-06, 4.30736054113e-06, 3.86787633033e-06, 3.30146212946e-06, 3.05728190142e-06, 2.42244209403e-06, 2.05457831726e-06, 1.77261756562e-06, 1.86135605418e-06, 1.74821798282e-06, 1.4129172996e-06, 1.62091419043e-06, 1.66473989793e-06, 1.46379829857e-06, 1.18734737953e-06, 1.28632188989e-06, 1.04881166862e-06, 6.75514115756e-07, 7.83334940024e-07, 6.29691385257e-07, 4.48822817134e-07, 3.90942432205e-07, 4.28416427667e-07, 3.38692558444e-07, 2.5736136422e-07, 2.74870444628e-07, 2.00855026833e-07, 1.44662749335e-07, 1.07270778926e-07, 9.34671078312e-08, 5.76418734966e-08, 2.77054521547e-08, 1.39615501382e-08, 7.02964442212e-09, 4.56767346169e-10, 1.11757561538e-10, 1.1046386722e-10, 1.09524465886e-10, 1.08953644717e-10]
    },
    "mfcc": {
        "mean": [-627.134338379, 69.6645507812, -51.4811668396, -12.85679245, -32.0639724731, -0.448224067688, -1.13178956509, 9.66968631744, 2.02041721344, 5.42179965973, 2.64852547646, -1.69992423058, -6.29646587372],
        "cov": [[1027.87341309, 28.3883457184, 1107.90307617, 660.95098877, 505.007843018, 268.558288574, 129.416763306, -36.3662185669, 118.657180786, -21.2681503296, 49.2445602417, 120.243232727, 238.864868164], [28.3883457184, 532.524475098, 497.301513672, 372.631408691, 316.861663818, 214.093353271, 161.900634766, 109.836975098, 100.58972168, 72.7862243652, 62.1319389343, 86.3403167725, 101.432983398], [1107.90307617, 497.301513672, 2911.31542969, 1647.5645752, 1545.92004395, 812.556152344, 462.015991211, 26.8914318085, 312.277252197, -52.2416534424, 133.940490723, 306.149291992, 583.571777344], [660.95098877, 372.631408691, 1647.5645752, 1156.97644043, 915.642700195, 543.60534668, 297.974975586, 57.4559211731, 201.691131592, 22.029045105, 83.9254989624, 215.713897705, 357.028564453], [505.007843018, 316.861663818, 1545.92004395, 915.642700195, 957.977844238, 480.848144531, 295.053649902, 40.5586776733, 199.836578369, -14.3990535736, 80.0002593994, 175.09815979, 320.749481201], [268.558288574, 214.093353271, 812.556152344, 543.60534668, 480.848144531, 381.229919434, 212.91569519, 100.842857361, 145.198928833, 61.6479644775, 67.1236343384, 130.729904175, 177.75982666], [129.416763306, 161.900634766, 462.015991211, 297.974975586, 295.053649902, 212.91569519, 230.535446167, 98.7151870728, 120.726341248, 58.9054260254, 62.0864753723, 70.5088348389, 100.787078857], [-36.3662185669, 109.836975098, 26.8914318085, 57.4559211731, 40.5586776733, 100.842857361, 98.7151870728, 162.968978882, 70.7534942627, 80.1532821655, 51.2056121826, 44.1881027222, 12.7160434723], [118.657180786, 100.58972168, 312.277252197, 201.691131592, 199.836578369, 145.198928833, 120.726341248, 70.7534942627, 158.476547241, 72.6337127686, 55.929889679, 61.3156890869, 74.5984039307], [-21.2681503296, 72.7862243652, -52.2416534424, 22.029045105, -14.3990535736, 61.6479644775, 58.9054260254, 80.1532821655, 72.6337127686, 132.622909546, 58.5877609253, 39.7788772583, 7.39562177658], [49.2445602417, 62.1319389343, 133.940490723, 83.9254989624, 80.0002593994, 67.1236343384, 62.0864753723, 51.2056121826, 55.929889679, 58.5877609253, 97.8073272705, 49.4805793762, 37.2870559692], [120.243232727, 86.3403167725, 306.149291992, 215.713897705, 175.09815979, 130.729904175, 70.5088348389, 44.1881027222, 61.3156890869, 39.7788772583, 49.4805793762, 119.858795166, 103.177368164], [238.864868164, 101.432983398, 583.571777344, 357.028564453, 320.749481201, 177.75982666, 100.787078857, 12.7160434723, 74.5984039307, 7.39562177658, 37.2870559692, 103.177368164, 195.195602417]],
        "icov": [[0.00214917748235, 0.000783371855505, -0.00108855054714, -0.000970092311036, 0.00124880264048, 0.000515249674208, 5.57567655051e-05, 0.000266219809419, -0.000643117644358, -0.000178299611434, -0.000232820108067, 2.36319938267e-05, -0.000291174423182], [0.000783371855505, 0.00322457356378, -0.000326345849317, -0.00115671381354, -0.000327750080032, 0.000827100826427, -0.00044137481018, -0.00127490691375, 0.000428770348663, -0.00127512542531, 3.8029080315e-05, -0.00012760637037, 0.000498053443152], [-0.00108855054714, -0.000326345849317, 0.00444242870435, -0.0016706676688, -0.00362715544179, -0.00123650266323, 3.68992004951e-05, 0.000823391485028, -0.000319203041727, 0.00237390794791, -0.00152906950098, 0.000933980045374, -0.00187994656153], [-0.000970092311036, -0.00115671381354, -0.0016706676688, 0.0067573459819, -0.00135953177232, -0.00305598019622, 0.000398966862122, 0.000595871068072, 0.00105185096618, -0.0013951176079, 0.00152340438217, -0.00125349638984, -0.00078213220695], [0.00124880264048, -0.000327750080032, -0.00362715544179, -0.00135953177232, 0.0103035923094, -0.00224222918041, -0.00199648248963, 0.00149224547204, -0.0026956605725, 0.00309526291676, -0.000743338896427, 0.000311313953716, -0.0010922657093], [0.000515249674208, 0.000827100826427, -0.00123650266323, -0.00305598019622, -0.00224222918041, 0.0149960257113, -0.00300797144882, -0.00420857127756, 0.000228672244702, -0.00407237932086, 0.00260806479491, -0.00321983685717, 0.00135197874624], [5.57567655051e-05, -0.00044137481018, 3.68992004951e-05, 0.000398966862122, -0.00199648248963, -0.00300797144882, 0.0125932479277, -0.00385225680657, -0.00279023358598, -0.000414527690737, -0.00157673901413, 0.00269365333952, -0.000950983201619], [0.000266219809419, -0.00127490691375, 0.000823391485028, 0.000595871068072, 0.00149224547204, -0.00420857127756, -0.00385225680657, 0.013570764102, -0.00156960159075, -0.0012015029788, -0.00180699431803, -0.0020700187888, 0.00135544792283], [-0.000643117644358, 0.000428770348663, -0.000319203041727, 0.00105185096618, -0.0026956605725, 0.000228672244702, -0.00279023358598, -0.00156960159075, 0.0152093078941, -0.00707772281021, -0.000128813611809, -0.000133261433803, -9.05135966605e-05], [-0.000178299611434, -0.00127512542531, 0.00237390794791, -0.0013951176079, 0.00309526291676, -0.00407237932086, -0.000414527690737, -0.0012015029788, -0.00707772281021, 0.0198720209301, -0.00689946115017, -0.0012857739348, -0.000800307781901], [-0.000232820108067, 3.8029080315e-05, -0.00152906950098, 0.00152340438217, -0.000743338896427, 0.00260806479491, -0.00157673901413, -0.00180699431803, -0.000128813611809, -0.00689946115017, 0.0181366167963, -0.00511094788089, 0.00137603213079], [2.36319938267e-05, -0.00012760637037, 0.000933980045374, -0.00125349638984, 0.000311313953716, -0.00321983685717, 0.00269365333952, -0.0020700187888, -0.000133261433803, -0.0012857739348, -0.00511094788089, 0.0212690010667, -0.00946398358792], [-0.000291174423182, 0.000498053443152, -0.00187994656153, -0.00078213220695, -0.0010922657093, 0.00135197874624, -0.000950983201619, 0.00135544792283, -9.05135966605e-05, -0.000800307781901, 0.00137603213079, -0.00946398358792, 0.0180425085127]]
    },
    "spectral_contrast_coeffs": {
        "max": [-0.394716620445, -0.443625956774, -0.585398137569, -0.621045827866, -0.668188989162, -0.453181296587],
        "mean": [-0.739406466484, -0.720029056072, -0.765470087528, -0.800745368004, -0.788783252239, -0.724846124649],
        "min": [-0.939978122711, -0.917868793011, -0.901820540428, -0.88650727272, -0.86854249239, -0.831362605095],
        "stdev": [0.0821290388703, 0.0936552509665, 0.0527848303318, 0.0352239757776, 0.0336680002511, 0.0463801696897]
    },
    "spectral_contrast_valleys": {
        "max": [-5.6205663681, -5.22453451157, -4.80075788498, -5.85874176025, -5.67023086548, -8.00702667236],
        "mean": [-8.47803401947, -7.00897884369, -6.44323730469, -6.95756578445, -6.95738601685, -9.92638683319],
        "min": [-13.0298175812, -8.47603225708, -7.94012403488, -8.16946315765, -7.86301422119, -14.1337890625],
        "stdev": [1.76328396797, 0.525513768196, 0.652317941189, 0.441445231438, 0.310081541538, 0.815540909767]
    }
},
"rhythm": {
    "beats_count": 71,
    "beats_loudness": {
        "max": 0.064016610384,
        "mean": 0.0225973166525,
        "min": 0.00721686147153,
        "stdev": 0.0124268317595
    },
    "bpm": 96.6210479736,
    "bpm_histogram_first_peak_bpm": 98,
    "bpm_histogram_first_peak_weight": 0.425000071526,
    "bpm_histogram_second_peak_bpm": 117,
    "bpm_histogram_second_peak_spread": 0.545454502106,
    "bpm_histogram_second_peak_weight": 0.142857149243,
    "danceability": 0.888176560402,
    "onset_rate": 2.77307963371,
    "beats_loudness_band_ratio": {
        "max": [0.559434235096, 0.450080275536, 0.675813496113, 0.782086908817, 0.388779252768, 0.543139874935],
        "mean": [0.13417416811, 0.0534233301878, 0.298581898212, 0.298893123865, 0.127026855946, 0.126083403826],
        "min": [2.83027156911e-06, 3.75377458113e-05, 0.0255003273487, 0.0324359275401, 0.043098885566, 0.013203619048],
        "stdev": [0.171226844192, 0.0779641494155, 0.183599442244, 0.18605735898, 0.074682302773, 0.111496791244]
    },
    "beats_position": [0.626938760281, 1.26548755169, 1.91564619541, 2.55419492722, 3.19274377823, 3.83129239082, 4.45823097229, 5.08516979218, 5.72371864319, 6.3622674942, 7.01242637634, 7.66258478165, 8.31274318695, 8.93968200684, 9.56662082672, 10.1935596466, 10.8088884354, 11.4242172241, 12.051156044, 12.6664848328, 13.2818136215, 13.9087524414, 14.5240812302, 15.1394100189, 15.7547388077, 16.3700675964, 16.9853973389, 17.600725174, 18.2276649475, 18.8546028137, 19.4699325562, 20.0852603912, 20.7005901337, 21.3159179688, 21.942855835, 22.5581855774, 23.1735134125, 23.7888431549, 24.40417099, 25.0311107635, 25.6464385986, 26.2617683411, 26.865486145, 27.4692058563, 28.0729255676, 28.5837631226, 29.0946025848, 29.6054420471, 30.0930614471, 30.5806789398, 31.079908371, 31.5791378021, 32.0783653259, 32.5659866333, 33.053604126, 33.5528335571, 34.0520629883, 34.5629005432, 35.0853500366, 35.5961914062, 36.1070289612, 36.6178665161, 37.1287078857, 37.6395454407, 38.1503829956, 38.672832489, 39.1952819824, 39.7177314758, 40.2401809692, 40.7626304626, 41.2850799561],
