{
"metadata": {
    "version": {
        "essentia": "2.1-beta5",
        "essentia_git_sha": "Undefined",
        "extractor": "music 2.0"
    },
    "audio_properties": {
        "analysis": {
            "equal_loudness": 0,
            "length": 48.7502937317,
            "sample_rate": 44100,
            "start_time": 29.0017242432,
            "downmix": "mix"
        },
        "bit_rate": 192000,
        "length": 197.601837158,
        "lossless": 0,
        "number_channels": 2,
        "replay_gain": -5.18325614929,
        "sample_rate": 48000,
        "codec": "mp3",
        "md5_encoded": "220d9b5d8c7729d96d09e9c5c4c93dc9"
    },
    "tags": {
        "file_name": "Lithuania_Run with the Lions_Jurij Veklenko.mp3",
        "encoding": ["Lavf58.29.100"]
    }
},
"lowlevel": {
    "average_loudness": 0.844894051552,
    "barkbands_crest": {
        "max": 26.1439704895,
        "mean": 14.3957290649,
        "min": 2.35769104958,
        "stdev": 5.54246044159
    },
    "barkbands_flatness_db": {
        "max": 0.466002494097,
        "mean": 0.175162374973,
        "min": 0.0265098903328,
        "stdev": 0.0639080256224
    },
    "barkbands_kurtosis": {
        "max": 195.231994629,
        "mean": 10.7491350174,
        "min": -1.81345129013,
        "stdev": 19.546415329
    },
    "barkbands_skewness": {
        "max": 12.0973768234,
        "mean": 2.34157371521,
        "min": -2.60995697975,
        "stdev": 1.84798204899
    },
    "barkbands_spread": {
        "max": 92.5429992676,
        "mean": 19.4033164978,
        "min": 0.40853792429,
        "stdev": 13.774471283
    },
    "dissonance": {
        "max": 0.500000059605,
        "mean": 0.462308168411,
        "min": 0.327081859112,
        "stdev": 0.0301811024547
    },
    "dynamic_complexity": 3.27149796486,
    "erbbands_crest": {
        "max": 30.1223697662,
        "mean": 9.73613452911,
        "min": 2.56164503098,
        "stdev": 5.55712652206
    },
    "erbbands_flatness_db": {
        "max": 0.297397792339,
        "mean": 0.156740382314,
        "min": 0.0596990995109,
        "stdev": 0.0481832027435
    },
    "erbbands_kurtosis": {
        "max": 31.0532531738,
        "mean": 1.08955025673,
        "min": -1.70866262913,
        "stdev": 3.30148339272
    },
    "erbbands_skewness": {
        "max": 5.27577543259,
        "mean": 0.606470823288,
        "min": -2.59617877007,
        "stdev": 0.95595407486
    },
    "erbbands_spread": {
        "max": 143.456176758,
        "mean": 40.9139900208,
        "min": 7.24188804626,
        "stdev": 19.8217754364
    },
    "hfc": {
        "max": 185.022781372,
        "mean": 18.5805912018,
        "min": 0.259359240532,
        "stdev": 20.8754825592
    },
    "loudness_ebu128": {
        "integrated": -18.8391075134,
        "loudness_range": 4.66475486755,
        "momentary": {
            "max": -14.2064342499,
            "mean": -19.4856967926,
            "min": -26.9357318878,
            "stdev": 2.48720622063
        },
        "short_term": {
            "max": -16.0601768494,
            "mean": -19.0774612427,
            "min": -23.7632579803,
            "stdev": 1.72965466976
        }
    },
    "melbands_crest": {
        "max": 36.665348053,
        "mean": 20.4160137177,
        "min": 3.07550883293,
        "stdev": 6.90348863602
    },
    "melbands_flatness_db": {
        "max": 0.61029201746,
        "mean": 0.235290378332,
        "min": 0.0340247303247,
        "stdev": 0.0810527130961
    },
    "melbands_kurtosis": {
        "max": 565.677734375,
        "mean": 28.81665802,
        "min": -1.78510141373,
        "stdev": 44.2546539307
    },
    "melbands_skewness": {
        "max": 19.5761604309,
        "mean": 3.63065981865,
        "min": -1.00212740898,
        "stdev": 2.57105112076
    },
    "melbands_spread": {
        "max": 177.383911133,
        "mean": 19.022813797,
        "min": 0.360175222158,
        "stdev": 18.771364212
    },
    "pitch_salience": {
        "max": 0.838117480278,
        "mean": 0.447342723608,
        "min": 0.0600194968283,
        "stdev": 0.150640070438
    },
    "silence_rate_20dB": {
        "max": 1,
        "mean": 1,
        "min": 1,
        "stdev": 0
    },
    "silence_rate_30dB": {
        "max": 1,
        "mean": 0.997620165348,
        "min": 0,
        "stdev": 0.0487256683409
    },
    "silence_rate_60dB": {
        "max": 1,
        "mean": 0.0233222283423,
        "min": 0,
        "stdev": 0.150928422809
    },
    "spectral_centroid": {
        "max": 4540.62255859,
        "mean": 1366.17492676,
        "min": 188.348495483,
        "stdev": 724.40447998
    },
    "spectral_complexity": {
        "max": 62,
        "mean": 15.2979536057,
        "min": 1,
        "stdev": 9.20830631256
    },
    "spectral_decrease": {
        "max": -2.05611139226e-10,
        "mean": -8.21226997516e-09,
        "min": -6.61560903836e-08,
        "stdev": 5.69938718442e-09
    },
    "spectral_energy": {
        "max": 0.259761661291,
        "mean": 0.0326803028584,
        "min": 0.000799548695795,
        "stdev": 0.0225450936705
    },
    "spectral_energyband_high": {
        "max": 0.0149292768911,
        "mean": 0.000749172293581,
        "min": 7.18182775472e-07,
        "stdev": 0.00143424130511
    },
    "spectral_energyband_low": {
        "max": 0.128720000386,
        "mean": 0.0179899502546,
        "min": 8.98152211448e-06,
        "stdev": 0.0171012505889
    },
    "spectral_energyband_middle_high": {
        "max": 0.0572061352432,
        "mean": 0.00538936629891,
        "min": 4.41508163931e-05,
        "stdev": 0.00841253995895
    },
    "spectral_energyband_middle_low": {
        "max": 0.199874505401,
        "mean": 0.00962818320841,
        "min": 0.000160384268383,
        "stdev": 0.0122255925089
    },
    "spectral_entropy": {
        "max": 8.67381668091,
        "mean": 7.63878726959,
        "min": 6.21987485886,
        "stdev": 0.412457257509
    },
    "spectral_flux": {
        "max": 0.408577173948,
        "mean": 0.086342394352,
        "min": 0.0123698730022,
        "stdev": 0.0536816567183
    },
    "spectral_kurtosis": {
        "max": 32.1471939087,
        "mean": 3.2775888443,
        "min": -0.929762840271,
        "stdev": 2.33747267723
    },
    "spectral_rms": {
        "max": 0.0159193594009,
        "mean": 0.0053141368553,
        "min": 0.00088320299983,
        "stdev": 0.00190872175153
    },
    "spectral_rolloff": {
        "max": 10034.4726562,
        "mean": 1001.44207764,
        "min": 64.599609375,
        "stdev": 1314.41882324
    },
    "spectral_skewness": {
        "max": 3.75780391693,
        "mean": 1.39087414742,
        "min": 0.0250854715705,
        "stdev": 0.383597075939
    },
    "spectral_spread": {
        "max": 24602604,
        "mean": 4892147,
        "min": 1512299.875,
        "stdev": 1471488.25
    },
    "spectral_strongpeak": {
        "max": 7.59059619904,
        "mean": 0.856150925159,
        "min": 0,
        "stdev": 1.23154997826
    },
    "zerocrossingrate": {
        "max": 0.2802734375,
        "mean": 0.0477016605437,
        "min": 0.001953125,
        "stdev": 0.0345118045807
    },
    "barkbands": {
        "max": [0.00832882802933, 0.122496634722, 0.0739589482546, 0.116546466947, 0.041132375598, 0.0308549199253, 0.041803535074, 0.0620475746691, 0.0490413308144, 0.034232661128, 0.0393846184015, 0.0251534916461, 0.0259457938373, 0.015400391072, 0.0105597209185, 0.00656802859157, 0.00731674674898, 0.00432840455323, 0.0168679710478, 0.00535147031769, 0.00579664390534, 0.00336766708642, 0.0031851734966, 0.00231378036551, 0.00144390098285, 0.000657814438455, 7.71526902099e-05],
        "mean": [0.000874913588632, 0.014379681088, 0.00183283560909, 0.00149704643991, 0.00137815345079, 0.00221107481048, 0.00129437912256, 0.00141707062721, 0.00151675846428, 0.00052789656911, 0.00164316035807, 0.00072967709275, 0.000672114547342, 0.000560165324714, 0.000176914574695, 0.000126313985675, 0.000151391766849, 0.000282249500742, 0.000525717565324, 0.000240987283178, 0.000151083862875, 0.000151453001308, 0.000142421296914, 0.000105637867819, 7.02592442394e-05, 2.04990519705e-05, 4.82422933601e-07],
        "min": [5.91771875946e-09, 1.63279025855e-07, 2.03126205633e-06, 8.47300668738e-07, 3.96614905185e-06, 6.54159975966e-06, 4.57693477074e-06, 1.38362293001e-06, 1.98565044229e-06, 3.57559201802e-06, 2.00809517992e-06, 2.66551114692e-06, 3.24319489664e-06, 1.67643850091e-06, 1.39435871915e-06, 8.24845585612e-07, 1.02161345694e-06, 1.28582541947e-06, 1.1469983292e-06, 8.67157211815e-07, 1.56647615768e-07, 2.09561021314e-10, 4.28022998988e-11, 1.93977767876e-11, 3.02878763736e-11, 4.36057578934e-11, 4.5445279484e-11],
        "stdev": [0.00112518772949, 0.0142996096984, 0.00532066496089, 0.00531044928357, 0.00325202615932, 0.00341645814478, 0.00405571935698, 0.00559009797871, 0.00374300242402, 0.00157448404934, 0.00409433525056, 0.00217341072857, 0.00183758523781, 0.00131759396754, 0.00052201480139, 0.000320088525768, 0.00036694627488, 0.000470381346531, 0.00122350326274, 0.000465274089947, 0.000377730786568, 0.000347779947333, 0.000264462636551, 0.000202982802875, 0.000138354225783, 5.24698407389e-05, 3.2362188449e-06]
    },
    "erbbands": {
        "max": [4.66802978516, 22.8733596802, 66.9680175781, 279.066894531, 229.841323853, 106.184791565, 276.276733398, 324.144042969, 553.567871094, 1220.84057617, 608.465270996, 1062.52868652, 1222.07336426, 365.221618652, 1479.34143066, 1292.98461914, 1292.17480469, 887.065246582, 792.209960938, 341.957763672, 371.304840088, 403.218170166, 180.967681885, 922.629394531, 556.418640137, 298.726409912, 237.837356567, 213.829605103, 131.761993408, 98.1896438599, 90.1273345947, 67.7500610352, 43.2468414307, 22.810590744, 12.0431499481, 3.82468676567, 1.12829554081, 0.24284876883, 0.0101019656286, 0.000347485649399],
        "mean": [0.558383643627, 2.6350171566, 2.41952824593, 4.2082824707, 3.56481146812, 4.83083105087, 13.8047008514, 17.275724411, 17.618144989, 33.174785614, 20.8966617584, 39.29322052, 22.7756919861, 22.5227966309, 66.7682495117, 33.1693763733, 33.2171936035, 29.1401977539, 16.222782135, 8.49588775635, 6.96340942383, 8.54969882965, 13.4767885208, 23.9591903687, 23.9386062622, 12.2425937653, 6.8201379776, 5.86708927155, 5.56413936615, 4.39058732986, 4.20079040527, 2.49327230453, 1.63970386982, 0.912858963013, 0.423445224762, 0.140682131052, 0.0276029128581, 0.00275955349207, 0.00013033155119, 4.28622442996e-05],
        "min": [8.26534869702e-06, 0.000165825316799, 0.00331319891848, 0.0117413587868, 0.0315540246665, 0.0197730027139, 0.0572491586208, 0.109978489578, 0.0766302123666, 0.0264211129397, 0.0323117859662, 0.0425130985677, 0.0642166733742, 0.187279775739, 0.122976250947, 0.18198132515, 0.197877019644, 0.206852957606, 0.184289127588, 0.0914035588503, 0.0790152475238, 0.068097576499, 0.0647694990039, 0.055837739259, 0.0434594377875, 0.040828101337, 0.0236699227244, 0.00182228442281, 0.000105872284621, 1.61929383466e-05, 6.93900574333e-06, 5.98000633545e-06, 4.79607615489e-06, 3.70164002561e-06, 3.33868592861e-06, 2.79171581496e-06, 1.72024761014e-06, 2.03707060109e-07, 8.40338998387e-07, 1.81913708275e-06],
        "stdev": [0.520786643028, 3.13756966591, 5.37332677841, 13.8774366379, 12.1160116196, 11.2644586563, 24.370639801, 27.40716362, 55.3242759705, 123.599128723, 53.1167907715, 96.5491714478, 63.728225708, 45.4393768311, 154.304458618, 93.9918441772, 87.147857666, 70.3994064331, 40.2059593201, 19.8159408569, 17.3794326782, 20.5848789215, 22.7685127258, 57.1212348938, 49.0128288269, 24.3510570526, 15.1189527512, 14.9770393372, 13.1934871674, 9.1305103302, 7.47313117981, 4.85943937302, 3.18113803864, 1.76159203053, 0.873413920403, 0.328057795763, 0.0764740183949, 0.0109436335042, 0.000582983077038, 3.338035458e-05]
    },
    "gfcc": {
        "mean": [-12.087562561, 102.047195435, -116.771072388, 44.5299224854, -62.397064209, 28.561466217, -27.0003261566, 16.3865299225, -18.4495983124, 4.41423988342, 3.70479130745, -0.234199881554, -3.17094016075],
        "cov": [[3683.88525391, -1721.93188477, 41.2051391602, -1.56269955635, -357.718933105, 541.163269043, -293.986633301, 399.957305908, -477.342254639, 148.370864868, -157.442184448, 155.837432861, -282.906738281], [-1721.93188477, 1843.68212891, -262.303466797, 54.5487785339, 492.535980225, -329.46484375, 371.427825928, -223.491744995, 349.422424316, -247.632461548, 315.440673828, -147.821334839, 276.319580078], [41.2051391602, -262.303466797, 746.653076172, 113.091239929, -43.1974525452, 96.7276687622, -169.030670166, 62.0099258423, 35.1526641846, 118.728599548, -183.88671875, 83.2509918213, -59.8419494629], [-1.56269955635, 54.5487785339, 113.091239929, 363.601287842, 72.5994644165, 74.6112136841, 48.141708374, -51.0114440918, 89.5307159424, -62.8647155762, 19.522151947, 2.61932587624, 66.5766220093], [-357.718933105, 492.535980225, -43.1974525452, 72.5994644165, 473.699584961, -3.16431498528, 232.640914917, -21.1067428589, 89.9894638062, -19.4622020721, 21.0089855194, 10.85227108, 64.7992935181], [541.163269043, -329.46484375, 96.7276687622, 74.6112136841, -3.16431498528, 364.527435303, 1.96298599243, 116.172203064, -57.2767181396, 5.82216739655, -3.85866427422, 9.10008049011, -30.3349304199], [-293.986633301, 371.427825928, -169.030670166, 48.141708374, 232.640914917, 1.96298599243, 321.096313477, -9.92294979095, 74.5723648071, -28.6877822876, 115.130310059, -27.7105674744, 46.6907234192], [399.957305908, -223.491744995, 62.0099258423, -51.0114440918, -21.1067428589, 116.172203064, -9.92294979095, 176.348693848, -44.4219551086, 55.3016090393, 1.50635397434, 32.1244125366, -39.1203918457], [-477.342254639, 349.422424316, 35.1526641846, 89.5307159424, 89.9894638062, -57.2767181396, 74.5723648071, -44.4219551086, 227.576675415, -26.3362808228, 68.1877593994, -13.8469371796, 64.8247528076], [148.370864868, -247.632461548, 118.728599548, -62.8647155762, -19.4622020721, 5.82216739655, -28.6877822876, 55.3016090393, -26.3362808228, 164.285522461, -59.9983253479, 54.4284553528, -51.0241775513], [-157.442184448, 315.440673828, -183.88671875, 19.522151947, 21.0089855194, -3.85866427422, 115.130310059, 1.50635397434, 68.1877593994, -59.9983253479, 241.025863647, -32.5909461975, 72.7581634521], [155.837432861, -147.821334839, 83.2509918213, 2.61932587624, 10.85227108, 9.10008049011, -27.7105674744, 32.1244125366, -13.8469371796, 54.4284553528, -32.5909461975, 106.558319092, 3.31164312363], [-282.906738281, 276.319580078, -59.8419494629, 66.5766220093, 64.7992935181, -30.3349304199, 46.6907234192, -39.1203918457, 64.8247528076, -51.0241775513, 72.7581634521, 3.31164312363, 135.451690674]],
        "icov": [[0.000742292206269, 0.00025735705276, 0.000375627772883, -0.00054700759938, -6.93266556482e-05, -0.00036136127892, 0.000433127570432, -0.000947840337176, 0.000739130016882, 0.000140796517371, -0.0002336151083, -0.000645389955025, 0.000829928612802], [0.00025735705276, 0.00384662253782, -0.00133218732662, 0.00181072182022, -0.00292512332089, 0.00210881861858, -0.000683784543071, 0.000949763052631, -0.00149944843724, 0.00311676808633, -0.00289364135824, 0.00303218443878, -0.00303456373513], [0.000375627772883, -0.00133218732662, 0.00325572327711, -0.00200263760053, 0.000956997275352, -0.00144871883094, 0.00168756244238, -0.00156904838514, -0.000177599809831, -0.00228238222189, 0.0022632908076, -0.00218614283949, 0.00217068498023], [-0.00054700759938, 0.00181072182022, -0.00200263760053, 0.00583725236356, -0.00139116658829, 3.27041161654e-05, -0.0015143416822, 0.00303040305153, -0.00245026545599, 0.00303082657047, -0.00116610608529, 0.00145367323421, -0.00361493020318], [-6.93266556482e-05, -0.00292512332089, 0.000956997275352, -0.00139116658829, 0.00618073390797, -0.00180428475142, -0.00261866371147, -0.000901375897229, 0.00060601165751, -0.00194530445151, 0.00384292565286, -0.00334425712936, 0.0012051332742], [-0.00036136127892, 0.00210881861858, -0.00144871883094, 3.27041161654e-05, -0.00180428475142, 0.00581588223577, -0.000903854961507, -0.0017827169504, -0.000127074643387, 0.00237025180832, -0.00183159497101, 0.00284551898949, -0.00188252539374], [0.000433127570432, -0.000683784543071, 0.00168756244238, -0.0015143416822, -0.00261866371147, -0.000903854961507, 0.00745101971552, -0.00105345237534, 0.000189651793335, -0.00184277619701, -0.00192605983466, 4.38525203208e-05, 0.00221569649875], [-0.000947840337176, 0.000949763052631, -0.00156904838514, 0.00303040305153, -0.000901375897229, -0.0017827169504, -0.00105345237534, 0.011259406805, -0.00103848078288, -0.000777464534622, -0.00244229123928, -2.49332060775e-05, -0.000936272670515], [0.000739130016882, -0.00149944843724, -0.000177599809831, -0.00245026545599, 0.00060601165751, -0.000127074643387, 0.000189651793335, -0.00103848078288, 0.00845620874316, -0.00162738491781, -0.000819481268991, -0.000997456721961, 0.000849374104291], [0.000140796517371, 0.00311676808633, -0.00228238222189, 0.00303082657047, -0.00194530445151, 0.00237025180832, -0.00184277619701, -0.000777464534622, -0.00162738491781, 0.0127417678013, -0.00135344022419, -0.00154566101264, -0.000346610788256], [-0.0002336151083, -0.00289364135824, 0.0022632908076, -0.00116610608529, 0.00384292565286, -0.00183159497101, -0.00192605983466, -0.00244229123928, -0.000819481268991, -0.00135344022419, 0.0100763328373, -0.00172039715108, -0.000790056248661], [-0.000645389955025, 0.00303218443878, -0.00218614283949, 0.00145367323421, -0.00334425712936, 0.00284551898949, 4.38525203208e-05, -2.49332060775e-05, -0.000997456721961, -0.00154566101264, -0.00172039715108, 0.016661901027, -0.00658722734079], [0.000829928612802, -0.00303456373513, 0.00217068498023, -0.00361493020318, 0.0012051332742, -0.00188252539374, 0.00221569649875, -0.000936272670515, 0.000849374104291, -0.000346610788256, -0.000790056248661, -0.00658722734079, 0.0160584431142]]
    },
    "melbands": {
        "max": [0.0383011214435, 0.0240772087127, 0.0453354753554, 0.0104007972404, 0.00801803916693, 0.00638867495582, 0.00897949561477, 0.0149755766615, 0.00589205790311, 0.00779588334262, 0.00623278226703, 0.00126024021301, 0.0063331942074, 0.00288634956814, 0.00237154401839, 0.00235871644691, 0.00194098171778, 0.00142148451414, 0.000668355671223, 0.000392465095501, 0.000467220146675, 0.000467244972242, 0.000275182857877, 0.000292066135444, 0.00087415514281, 0.000408256746596, 0.00029451563023, 0.000251504650805, 0.000122763274703, 0.000182316682185, 0.000130595930386, 8.26511532068e-05, 6.62641832605e-05, 5.74316545681e-05, 5.66488415643e-05, 4.42086166004e-05, 4.14483074564e-05, 2.79680498352e-05, 3.34700525855e-05, 1.81474824785e-05],
        "mean": [0.00448595825583, 0.0019605436828, 0.000688454485498, 0.000266068149358, 0.000442042946815, 0.000396331772208, 0.000260749686277, 0.000369445915567, 0.00017773003492, 0.000237388114328, 0.000104963015474, 7.27110600565e-05, 0.000251779158134, 9.65800718404e-05, 7.32479529688e-05, 6.17157566012e-05, 5.56869199499e-05, 2.96423586406e-05, 1.18415346151e-05, 9.72711131908e-06, 7.96308177087e-06, 8.07363085187e-06, 1.07382738861e-05, 1.43772676893e-05, 2.0164743546e-05, 1.82220410352e-05, 1.29780601128e-05, 7.15358692105e-06, 4.20827745984e-06, 3.5699606542e-06, 3.38148834089e-06, 3.2432271837e-06, 2.74523858934e-06, 2.31830767916e-06, 2.58987802226e-06, 1.81626580797e-06, 1.43071781622e-06, 1.17653951293e-06, 9.89998170553e-07, 6.93240565397e-07],
        "min": [4.76262229654e-08, 1.58705290687e-06, 1.81289408374e-06, 1.23755910408e-06, 1.33415323944e-06, 1.01018792975e-06, 6.97801226579e-07, 2.43377570541e-07, 2.45393863452e-07, 2.94433419867e-07, 3.17766620128e-07, 5.05115394844e-07, 3.52893209765e-07, 4.47766666412e-07, 5.18661238402e-07, 4.47700415407e-07, 2.63939369916e-07, 2.57173809359e-07, 8.12010512163e-08, 8.10636819892e-08, 5.90428079761e-08, 7.44406989384e-08, 1.97371790023e-08, 5.78462007184e-08, 3.32333698339e-08, 2.41518360866e-08, 2.69420699084e-08, 2.54275303035e-08, 1.55257531276e-08, 2.18034945654e-09, 4.32854065091e-11, 7.63079616856e-12, 7.98321424158e-13, 4.80312783904e-13, 6.63670615859e-13, 4.53715054893e-13, 2.65446220777e-13, 1.98532162932e-13, 2.68412408185e-13, 2.38179647446e-13],
        "stdev": [0.00424889288843, 0.0027634985745, 0.00221270928159, 0.000716055801604, 0.000741934229154, 0.000607109977864, 0.000828461488709, 0.00144144892693, 0.000405560771469, 0.000620704609901, 0.000318636244629, 0.000152675886056, 0.000630644964986, 0.000258295243839, 0.000181528972462, 0.000165543475305, 0.000144695659401, 7.6491269283e-05, 3.26705667248e-05, 2.27912205446e-05, 2.0722140107e-05, 2.17309916479e-05, 2.1929419745e-05, 2.59594980889e-05, 5.38965068699e-05, 3.73371512978e-05, 2.56013408944e-05, 1.64841148944e-05, 9.07155572349e-06, 9.51060428633e-06, 8.81209962245e-06, 8.06122625363e-06, 6.12673056821e-06, 4.92294702781e-06, 4.70762824989e-06, 3.45189050677e-06, 2.94190931527e-06, 2.4046753424e-06, 2.03136323762e-06, 1.32904392558e-06]
    },
    "melbands128": {
        "max": [0.00829309318215, 0.0367556512356, 0.0595452859998, 0.0344822183251, 0.0342349559069, 0.0385385304689, 0.0639043599367, 0.0502362847328, 0.0200445596129, 0.00816775672138, 0.00761602260172, 0.0115301478654, 0.0121215991676, 0.0135548310354, 0.0107099106535, 0.00890234019607, 0.00871729757637, 0.0165277831256, 0.0128649603575, 0.0174734890461, 0.0260731428862, 0.0111084841192, 0.00927509181201, 0.0111974002793, 0.00913203042001, 0.0169072467834, 0.0064345235005, 0.0117068300024, 0.00488409632817, 0.00215981574729, 0.00200372748077, 0.0060796700418, 0.0129709579051, 0.00935015361756, 0.005448713433, 0.00493859685957, 0.00756976054981, 0.00173364486545, 0.0068942848593, 0.00498253246769, 0.00479034567252, 0.00311659742147, 0.00399083737284, 0.00301432888955, 0.00217202864587, 0.00312487478368, 0.0016278270632, 0.000557299819775, 0.000457052752608, 0.000426779588452, 0.000584809691645, 0.000404659542255, 0.000527219730429, 0.000868603179697, 0.000419621530455, 0.000551629345864, 0.000451120780781, 0.000598070328124, 0.000310602452373, 0.000254914193647, 0.0005608756328, 0.000486640259624, 0.00104098056909, 0.00155233114492, 0.000614649208728, 0.000665999716148, 0.000701366458088, 0.000739467795938, 0.000327037327224, 0.00030148710357, 0.000415957096266, 0.00051060813712, 0.00011856805213, 0.000148129838635, 0.000167611142388, 0.000253032078035, 0.000165103148902, 0.000120180564409, 0.000143663375638, 0.000125144710182, 0.0001366539218, 9.80940967565e-05, 9.10921226023e-05, 7.87538956502e-05, 5.81810127187e-05, 5.88827642787e-05, 6.67488420731e-05, 6.95328708389e-05, 6.84453043505e-05, 5.59649306524e-05, 5.50827026018e-05, 7.24159544916e-05, 5.77007303946e-05, 4.0638315113e-05, 4.99567322549e-05, 3.77276192012e-05, 3.07564077957e-05, 4.30682630395e-05, 3.73911352654e-05, 3.04245859297e-05, 2.91636770271e-05, 1.51556314449e-05, 1.66656482179e-05, 1.79903545359e-05, 1.63423046615e-05, 1.56951882673e-05, 2.22116686928e-05, 1.06384795799e-05, 8.98178404896e-06, 7.10205085852e-06, 4.9112504712e-06, 4.97854625792e-06, 3.73363559447e-06, 2.69374459094e-06, 2.59215335063e-06, 3.61437128049e-06, 2.24206792154e-06, 1.67050006894e-06, 7.6936834148e-07, 8.62434490045e-07, 2.13864282728e-07, 2.18722107093e-07, 1.36471342671e-07, 2.43889779483e-08, 2.40445228172e-08, 2.37809025805e-08, 2.35783499392e-08, 2.34515233899e-08],
        "mean": [0.000838249688968, 0.0046479110606, 0.00638123042881, 0.0036218687892, 0.00137814111076, 0.000911501003429, 0.000930046604481, 0.000638303055894, 0.000314875593176, 0.000194161853869, 0.000256439961959, 0.000347028515534, 0.000447315280326, 0.000647188164294, 0.00043246531277, 0.000238169188378, 0.000250859651715, 0.000305802270304, 0.000190435574041, 0.000443885073764, 0.000469402584713, 0.000112766501843, 0.000111473476863, 0.000246032286668, 0.00033997927676, 0.000201658025617, 9.85411024885e-05, 0.000139512922033, 5.55968763365e-05, 3.89060078305e-05, 4.04378733947e-05, 0.000200707960175, 0.000390397646697, 0.000183628013474, 7.92888604337e-05, 8.81556261447e-05, 9.96786038741e-05, 3.72449139832e-05, 9.45950378082e-05, 8.56830956764e-05, 4.60442024632e-05, 3.82578036806e-05, 6.30936483503e-05, 6.22686347924e-05, 4.20349315391e-05, 2.39852652157e-05, 1.4947483578e-05, 9.80640743364e-06, 1.19567112051e-05, 1.19172636914e-05, 9.42413771554e-06, 7.77154855314e-06, 6.7430269155e-06, 9.45442661759e-06, 7.67161054682e-06, 7.04391686668e-06, 8.43623547553e-06, 1.24126454466e-05, 1.10057544589e-05, 8.68859478942e-06, 1.49585157487e-05, 1.7111773559e-05, 2.12395261769e-05, 2.19996527449e-05, 1.65862038557e-05, 1.52891170728e-05, 2.31255162362e-05, 1.72534109879e-05, 9.18878959055e-06, 9.07010326046e-06, 7.95664618636e-06, 5.84034114581e-06, 4.35114952779e-06, 3.90594459532e-06, 4.07547531722e-06, 3.75464537683e-06, 3.18867228088e-06, 3.34063929586e-06, 3.40110250363e-06, 3.35831418852e-06, 3.590294682e-06, 2.96735993288e-06, 3.01756222143e-06, 2.84529073724e-06, 2.4307125841e-06, 2.21188838623e-06, 2.29866736845e-06, 2.42289547714e-06, 2.79152823168e-06, 2.68086228061e-06, 1.91430467567e-06, 1.63314666679e-06, 1.46462593875e-06, 1.44531406931e-06, 1.44228499721e-06, 1.20308413898e-06, 1.14804583973e-06, 1.06902336938e-06, 1.02904141386e-06, 9.70856831373e-07, 7.37907100756e-07, 6.45548425382e-07, 6.27432882538e-07, 5.65053937862e-07, 4.94550306485e-07, 4.05807099924e-07, 3.19321287634e-07, 2.97534086258e-07, 2.67354550942e-07, 1.67779788285e-07, 1.09397589654e-07, 9.67668185581e-08, 8.62872795437e-08, 5.78938319507e-08, 3.90995253952e-08, 2.72075393326e-08, 9.49044220988e-09, 3.82065135085e-09, 3.7609964032e-09, 2.39439401639e-09, 8.73430106019e-10, 7.97947097286e-10, 3.76254527534e-10, 2.05190205105e-11, 1.60669394456e-11, 1.57597112443e-11, 1.555576154e-11, 1.5460663999e-11],
        "min": [2.54040299907e-09, 1.81899189045e-08, 3.599063092e-08, 4.92863598822e-08, 2.90823066962e-07, 1.20793174574e-06, 5.29826593265e-07, 5.44397437352e-07, 4.1062321543e-07, 1.94472619341e-07, 3.17334098554e-07, 1.95079252308e-07, 1.6728590424e-07, 5.97481857767e-07, 5.48107379927e-07, 4.50370265526e-07, 2.47566333655e-07, 5.69194860134e-08, 1.48657107957e-07, 8.23645933679e-08, 2.08109682376e-07, 3.26472729739e-07, 4.15242169538e-08, 1.3031041135e-07, 2.02146225092e-07, 1.17706015601e-07, 2.50146399594e-07, 1.93087871025e-07, 2.50318066719e-07, 1.19120016961e-07, 2.19775330379e-07, 1.5805009923e-07, 2.53953686524e-07, 1.81625168238e-07, 1.58543286943e-07, 1.28808068212e-07, 1.25774604953e-07, 1.00441880591e-07, 1.87778397276e-07, 2.34114878594e-07, 1.42101512779e-07, 7.54694724492e-08, 1.89867932932e-07, 5.85604453818e-08, 5.36490283309e-08, 4.98810983629e-08, 4.96753429502e-08, 7.77686253173e-08, 2.33281056694e-08, 4.08147258213e-08, 3.07558387647e-08, 2.21331113437e-08, 1.89149087504e-08, 9.10776254415e-09, 1.5326126146e-08, 2.88542576499e-08, 2.27075886983e-08, 9.45639389016e-09, 6.13721029552e-09, 2.11968789188e-08, 2.46350460031e-08, 2.10042774285e-08, 3.0541222884e-08, 2.29645724659e-08, 8.33765234631e-09, 1.73044689689e-08, 1.53312882389e-08, 1.97903045063e-08, 1.45782825811e-08, 1.61100519591e-08, 1.37935032285e-08, 7.10964709327e-09, 7.45767270161e-09, 1.3133762522e-08, 5.31325694553e-09, 2.72578015714e-10, 1.29481189659e-10, 5.71098585089e-11, 2.5989339153e-11, 5.87135635249e-12, 1.34287581055e-11, 5.25090604678e-12, 1.26414514707e-12, 3.51134621596e-13, 4.60667691059e-13, 3.78539783069e-13, 4.37409115005e-13, 5.40970642848e-13, 7.48289722286e-13, 4.89116939225e-13, 5.23216019122e-13, 4.55587065469e-13, 2.95900212969e-13, 2.54426877786e-13, 2.70061506795e-13, 1.76578519059e-13, 1.79901476745e-13, 2.34578713875e-13, 2.12321371422e-13, 1.54425043174e-13, 2.45507580194e-13, 2.45776489438e-13, 2.4114350382e-13, 2.37781311568e-13, 1.70928619566e-13, 2.43028470612e-13, 1.91148027853e-13, 2.33002744703e-13, 1.57300455756e-13, 1.93261679988e-13, 2.32737196485e-13, 1.60630596281e-13, 1.77117570827e-13, 1.92103575885e-13, 1.76553446884e-13, 1.25985390198e-13, 1.59910401435e-13, 1.55112820375e-13, 1.55043038412e-13, 1.65558227392e-13, 1.42373905634e-13, 1.60721628606e-13, 1.38584890091e-13, 1.74380895466e-13, 9.56030298872e-14, 3.34377538407e-14, 6.41286230322e-15, 1.88403182647e-16],
        "stdev": [0.0010861720657, 0.00459476467222, 0.00684375269338, 0.00487081194296, 0.00296542886645, 0.00271422928199, 0.00322302454151, 0.00227524153888, 0.00117341196164, 0.000625741144177, 0.000678984273691, 0.000802824797574, 0.000999556621537, 0.00122007809114, 0.00084274233086, 0.000575723359361, 0.000745730649214, 0.00143345969263, 0.000784403120633, 0.00189756159671, 0.00218948768452, 0.000455256318673, 0.000467778882012, 0.000650818867143, 0.000863299239427, 0.000933248025831, 0.00035497022327, 0.0005481824046, 0.000191022627405, 0.000126084312797, 0.000111236142402, 0.000636912416667, 0.00118354498409, 0.000528220843989, 0.00031708352617, 0.000343841733411, 0.000430135783972, 0.000111928973638, 0.000353682145942, 0.000300460262224, 0.000202074588742, 0.000151540429215, 0.000249667296885, 0.000174002445419, 0.000133759793243, 0.000102969475847, 6.50219444651e-05, 3.08947055601e-05, 3.24367647409e-05, 2.87268030661e-05, 2.6511723263e-05, 2.07397788472e-05, 1.93831019715e-05, 3.18765596603e-05, 1.99907881324e-05, 2.49490167334e-05, 2.41515244852e-05, 3.21610386891e-05, 2.5876744985e-05, 2.02165774681e-05, 3.93281989091e-05, 3.90723544115e-05, 6.45316322334e-05, 8.8791930466e-05, 4.23993660661e-05, 3.85150706279e-05, 6.38798446744e-05, 4.29253377661e-05, 2.31971189351e-05, 2.16939151869e-05, 2.3936472644e-05, 2.01256298169e-05, 9.10155358724e-06, 9.99629446596e-06, 1.07258110802e-05, 1.11359358925e-05, 9.09703521756e-06, 9.87582370726e-06, 9.24194318941e-06, 8.9600953288e-06, 1.0485439816e-05, 7.60174452807e-06, 7.25315385353e-06, 6.87673536959e-06, 5.53218706045e-06, 5.00029955219e-06, 5.16461886946e-06, 5.5625027926e-06, 5.3095191106e-06, 4.79187337987e-06, 3.71736655325e-06, 3.84009399568e-06, 3.19718515129e-06, 2.95327254207e-06, 3.37792653227e-06, 2.85243277176e-06, 2.4503297027e-06, 2.15798468162e-06, 2.18252534978e-06, 2.31186095334e-06, 1.62162621109e-06, 1.2071556057e-06, 1.26447957882e-06, 1.25899725845e-06, 1.14267061235e-06, 9.50110688791e-07, 8.29843145311e-07, 7.39244569559e-07, 6.34995217297e-07, 5.01527324559e-07, 3.36835057624e-07, 2.87887957029e-07, 2.55679083239e-07, 2.03505123864e-07, 1.5282707011e-07, 1.38693692975e-07, 6.85047041316e-08, 4.46602896886e-08, 3.40849126701e-08, 2.56397729714e-08, 9.11319197883e-09, 9.02724561769e-09, 4.4963015533e-09, 5.36407696039e-10, 5.25042509469e-10, 5.19283782641e-10, 5.14855658107e-10, 5.12080877701e-10]
    },
    "mfcc": {
        "mean": [-649.098083496, 119.264175415, 10.0010442734, 21.571641922, 2.81824707985, 8.47214031219, 12.0899057388, 10.8729400635, -6.19706344604, 9.8881149292, 5.53281068802, 3.48113107681, 2.75226163864],
        "cov": [[3582.43676758, -1469.22033691, -6.76045799255, -358.136413574, -61.0561103821, -45.7814941406, 235.946456909, 134.740127563, -179.239761353, 4.06545352936, 61.6469306946, -139.545684814, -25.0614814758], [-1469.22033691, 1473.08190918, -336.126831055, 237.982131958, 119.059577942, -11.739859581, 37.3912963867, 51.9160308838, 29.974029541, 74.6063766479, -24.1082515717, 45.3885612488, 25.8651504517], [-6.76045799255, -336.126831055, 666.590454102, -11.620513916, 66.1753158569, 28.8525009155, -160.366287231, -30.6942577362, 44.59740448, -18.23478508, -4.99702072144, 16.1620407104, 13.0612945557], [-358.136413574, 237.982131958, -11.620513916, 338.744262695, 50.1121711731, 95.3170928955, -38.5219078064, 24.2621002197, 62.6476402283, -16.5280857086, 11.993470192, -2.48613667488, 7.76895713806], [-61.0561103821, 119.059577942, 66.1753158569, 50.1121711731, 211.033950806, 73.2414245605, -1.85881638527, 60.9620513916, 63.5850830078, 19.157831192, -4.10050678253, -5.86887025833, 10.7984457016], [-45.7814941406, -11.739859581, 28.8525009155, 95.3170928955, 73.2414245605, 234.995941162, 38.43019104, 70.6669158936, 82.4559020996, 3.23561549187, 30.4068107605, -14.1731748581, 1.63339138031], [235.946456909, 37.3912963867, -160.366287231, -38.5219078064, -1.85881638527, 38.43019104, 273.917327881, 85.3777236938, -18.1379356384, 45.8870925903, 50.17760849, -9.23923206329, 12.0506877899], [134.740127563, 51.9160308838, -30.6942577362, 24.2621002197, 60.9620513916, 70.6669158936, 85.3777236938, 171.639465332, 7.83559989929, 46.6327590942, 31.7369747162, -12.2484807968, 13.6150302887], [-179.239761353, 29.974029541, 44.59740448, 62.6476402283, 63.5850830078, 82.4559020996, -18.1379356384, 7.83559989929, 164.533599854, -11.4853115082, 15.0348100662, 14.1850786209, 0.227025046945], [4.06545352936, 74.6063766479, -18.23478508, -16.5280857086, 19.157831192, 3.23561549187, 45.8870925903, 46.6327590942, -11.4853115082, 105.451187134, 25.8220062256, 21.6582622528, 21.3811511993], [61.6469306946, -24.1082515717, -4.99702072144, 11.993470192, -4.10050678253, 30.4068107605, 50.17760849, 31.7369747162, 15.0348100662, 25.8220062256, 91.3606109619, 18.4668369293, 20.7700595856], [-139.545684814, 45.3885612488, 16.1620407104, -2.48613667488, -5.86887025833, -14.1731748581, -9.23923206329, -12.2484807968, 14.1850786209, 21.6582622528, 18.4668369293, 93.2986984253, 33.0843048096], [-25.0614814758, 25.8651504517, 13.0612945557, 7.76895713806, 10.7984457016, 1.63339138031, 12.0506877899, 13.6150302887, 0.227025046945, 21.3811511993, 20.7700595856, 33.0843048096, 75.0620498657]],
        "icov": [[0.000692095491104, 0.000783238851, 0.000286790600512, 8.21765715955e-05, -0.000447797909146, 0.0003407750919, -0.000323388114339, -0.000474828964798, 0.000454330613138, -0.000100843608379, -0.000189138445421, 0.000550779514015, -6.52514208923e-05], [0.000783238851, 0.00194241118152, 0.000893541669939, -0.000700006901752, -0.0011653394904, 0.000821379828267, -0.000360373902367, -0.000539848522749, 0.000453740358353, -0.000811084988527, 0.000342506507877, 7.98588371254e-05, -8.56108599692e-05], [0.000286790600512, 0.000893541669939, 0.00233238376677, 4.99055022374e-05, -0.00110455334652, -7.86507098383e-06, 0.00115325232036, -0.000108136795461, 7.80461923569e-05, -0.000297637976473, -0.00029054217157, -0.000118058545922, -0.000412647408666], [8.21765715955e-05, -0.000700006901752, 4.99055022374e-05, 0.00427680881694, 9.92016430246e-05, -0.001540140016, 0.000983609235846, -0.000359308032785, -0.00045467770542, 0.00110270048026, -0.00092301069526, 0.000590606941842, -0.000573822471779], [-0.000447797909146, -0.0011653394904, -0.00110455334652, 9.92016430246e-05, 0.00739731779322, -0.00122189708054, 0.000375225412427, -0.0017167897895, -0.00239935680293, -0.000677928328514, 0.00170757761225, 0.000697262177709, -0.000931911577936], [0.0003407750919, 0.000821379828267, -7.86507098383e-06, -0.001540140016, -0.00122189708054, 0.00713281845674, -0.000989038031548, -0.0020221339073, -0.0023007739801, 0.000191763465409, -0.000955279916525, 0.00111484178342, 0.000262939807726], [-0.000323388114339, -0.000360373902367, 0.00115325232036, 0.000983609235846, 0.000375225412427, -0.000989038031548, 0.00601343996823, -0.00161821150687, 0.000217952954699, -0.000787141325418, -0.00216230563819, 0.000488202378619, -0.000383930542739], [-0.000474828964798, -0.000539848522749, -0.000108136795461, -0.000359308032785, -0.0017167897895, -0.0020221339073, -0.00161821150687, 0.00967823434621, 0.0005962185096, -0.00266893301159, -0.00111334118992, 0.00121538562234, -0.000590399664361], [0.000454330613138, 0.000453740358353, 7.80461923569e-05, -0.00045467770542, -0.00239935680293, -0.0023007739801, 0.000217952954699, 0.0005962185096, 0.00909289997071, 0.00125326553825, -0.00154037203174, -0.00171904359013, 0.00108034489676], [-0.000100843608379, -0.000811084988527, -0.000297637976473, 0.00110270048026, -0.000677928328514, 0.000191763465409, -0.000787141325418, -0.00266893301159, 0.00125326553825, 0.0132581694052, -0.00221890164539, -0.0025341573637, -0.00116209324915], [-0.000189138445421, 0.000342506507877, -0.00029054217157, -0.00092301069526, 0.00170757761225, -0.000955279916525, -0.00216230563819, -0.00111334118992, -0.00154037203174, -0.00221890164539, 0.0150874499232, -0.00225990545005, -0.00225285929628], [0.000550779514015, 7.98588371254e-05, -0.000118058545922, 0.000590606941842, 0.000697262177709, 0.00111484178342, 0.000488202378619, 0.00121538562234, -0.00171904359013, -0.0025341573637, -0.00225990545005, 0.0152742993087, -0.00568752596155], [-6.52514208923e-05, -8.56108599692e-05, -0.000412647408666, -0.000573822471779, -0.000931911577936, 0.000262939807726, -0.000383930542739, -0.000590399664361, 0.00108034489676, -0.00116209324915, -0.00225285929628, -0.00568752596155, 0.0172162484378]]
    },
    "spectral_contrast_coeffs": {
        "max": [-0.479822695255, -0.456580162048, -0.496207475662, -0.589090168476, -0.595225811005, -0.548071086407],
        "mean": [-0.742704808712, -0.748282730579, -0.771993100643, -0.805337548256, -0.789790391922, -0.77142906189],
        "min": [-0.928646922112, -0.929550588131, -0.94979685545, -0.917532324791, -0.892330527306, -0.869205474854],
        "stdev": [0.0687212049961, 0.0922029465437, 0.0763095170259, 0.0534012578428, 0.0524270422757, 0.0457588732243]
    },
    "spectral_contrast_valleys": {
        "max": [-4.78240442276, -4.81611680984, -5.56404781342, -5.28965044022, -5.38229131699, -7.75374364853],
        "mean": [-6.63943862915, -6.79603815079, -7.32866764069, -7.71491336823, -7.64299201965, -10.230134964],
        "min": [-9.66547966003, -8.7658624649, -8.67962551117, -9.26709270477, -9.5517168045, -16.6461257935],
        "stdev": [0.611068606377, 0.461101144552, 0.52888417244, 0.559625267982, 0.659856379032, 1.33837676048]
    }
},
"rhythm": {
    "beats_count": 127,
    "beats_loudness": {
        "max": 0.0859271138906,
        "mean": 0.0371937491,
        "min": 0.00198130775243,
        "stdev": 0.0207212585956
    },
    "bpm": 156.081787109,
    "bpm_histogram_first_peak_bpm": 157,
    "bpm_histogram_first_peak_weight": 0.27102804184,
    "bpm_histogram_second_peak_bpm": 152,
    "bpm_histogram_second_peak_spread": 0.230769217014,
    "bpm_histogram_second_peak_weight": 0.0793650820851,
    "danceability": 1.00079572201,
    "onset_rate": 3.3837890625,
    "beats_loudness_band_ratio": {
        "max": [0.978851377964, 0.763887405396, 0.937003970146, 0.480671584606, 0.365278959274, 0.642496049404],
        "mean": [0.529421210289, 0.119445763528, 0.147890552878, 0.109128028154, 0.0518544279039, 0.0660108625889],
        "min": [0.00305857951753, 0.00303974468261, 0.00344671541825, 0.00252036750317, 0.000943809049204, 0.000288726179861],
        "stdev": [0.303280174732, 0.139449551702, 0.198548942804, 0.124414421618, 0.0643142908812, 0.0980494618416]
    },
