{
"metadata": {
    "version": {
        "essentia": "2.1-beta5",
        "essentia_git_sha": "Undefined",
        "extractor": "music 2.0"
    },
    "audio_properties": {
        "analysis": {
            "equal_loudness": 0,
            "length": 48.7502937317,
            "sample_rate": 44100,
            "start_time": 110.248344421,
            "downmix": "mix"
        },
        "bit_rate": 192000,
        "length": 192.3309021,
        "lossless": 0,
        "number_channels": 2,
        "replay_gain": -5.42151260376,
        "sample_rate": 48000,
        "codec": "mp3",
        "md5_encoded": "22d894f3ecc0f33f187eb1cdf3943769"
    },
    "tags": {
        "file_name": "North MacedoniaNorth MacedoniaN_Proud_Tamara Todevska.mp3",
        "encoding": ["Lavf58.29.100"]
    }
},
"lowlevel": {
    "average_loudness": 0.864993274212,
    "barkbands_crest": {
        "max": 26.5135746002,
        "mean": 10.4572753906,
        "min": 2.66577553749,
        "stdev": 4.57389831543
    },
    "barkbands_flatness_db": {
        "max": 0.419026345015,
        "mean": 0.156386315823,
        "min": 0.0440645851195,
        "stdev": 0.0527182668447
    },
    "barkbands_kurtosis": {
        "max": 154.882919312,
        "mean": 2.55520319939,
        "min": -1.68449723721,
        "stdev": 6.34417009354
    },
    "barkbands_skewness": {
        "max": 11.3339624405,
        "mean": 0.794271588326,
        "min": -2.07018280029,
        "stdev": 1.00149333477
    },
    "barkbands_spread": {
        "max": 91.1465988159,
        "mean": 16.9632034302,
        "min": 0.607103168964,
        "stdev": 9.53362751007
    },
    "dissonance": {
        "max": 0.49999755621,
        "mean": 0.451306194067,
        "min": 0.19736777246,
        "stdev": 0.0354530662298
    },
    "dynamic_complexity": 2.43920087814,
    "erbbands_crest": {
        "max": 32.1015319824,
        "mean": 13.4543943405,
        "min": 3.01237988472,
        "stdev": 6.29092121124
    },
    "erbbands_flatness_db": {
        "max": 0.376507788897,
        "mean": 0.207830220461,
        "min": 0.0650971084833,
        "stdev": 0.0514685474336
    },
    "erbbands_kurtosis": {
        "max": 38.6681594849,
        "mean": 2.30663132668,
        "min": -1.5811650753,
        "stdev": 3.84863686562
    },
    "erbbands_skewness": {
        "max": 5.77912139893,
        "mean": 0.86029368639,
        "min": -3.25226664543,
        "stdev": 0.793536603451
    },
    "erbbands_spread": {
        "max": 111.478393555,
        "mean": 23.5009403229,
        "min": 2.88796830177,
        "stdev": 14.1427850723
    },
    "hfc": {
        "max": 118.202606201,
        "mean": 26.6403980255,
        "min": 0.637673437595,
        "stdev": 18.9697418213
    },
    "loudness_ebu128": {
        "integrated": -17.2987174988,
        "loudness_range": 3.93753242493,
        "momentary": {
            "max": -13.3435306549,
            "mean": -17.7911968231,
            "min": -25.9348068237,
            "stdev": 2.23943281174
        },
        "short_term": {
            "max": -15.1837511063,
            "mean": -17.4651985168,
            "min": -22.0486907959,
            "stdev": 1.37352883816
        }
    },
    "melbands_crest": {
        "max": 33.233745575,
        "mean": 13.4601402283,
        "min": 4.47828769684,
        "stdev": 5.70423698425
    },
    "melbands_flatness_db": {
        "max": 0.556662261486,
        "mean": 0.196024760604,
        "min": 0.0463896393776,
        "stdev": 0.0558253377676
    },
    "melbands_kurtosis": {
        "max": 171.305908203,
        "mean": 4.94942617416,
        "min": -1.8277078867,
        "stdev": 9.00164604187
    },
    "melbands_skewness": {
        "max": 9.62798309326,
        "mean": 1.20647466183,
        "min": -1.88125753403,
        "stdev": 1.25180673599
    },
    "melbands_spread": {
        "max": 183.580627441,
        "mean": 23.0054798126,
        "min": 0.717603087425,
        "stdev": 13.1840925217
    },
    "pitch_salience": {
        "max": 0.827884197235,
        "mean": 0.532859861851,
        "min": 0.0771960988641,
        "stdev": 0.109174020588
    },
    "silence_rate_20dB": {
        "max": 1,
        "mean": 1,
        "min": 1,
        "stdev": 0
    },
    "silence_rate_30dB": {
        "max": 1,
        "mean": 1,
        "min": 1,
        "stdev": 0
    },
    "silence_rate_60dB": {
        "max": 1,
        "mean": 0.00475963810459,
        "min": 0,
        "stdev": 0.0688270106912
    },
    "spectral_centroid": {
        "max": 4673.54638672,
        "mean": 1228.32580566,
        "min": 217.483963013,
        "stdev": 433.600463867
    },
    "spectral_complexity": {
        "max": 42,
        "mean": 18.0318889618,
        "min": 1,
        "stdev": 5.7625169754
    },
    "spectral_decrease": {
        "max": -1.62460656039e-10,
        "mean": -7.15215309199e-09,
        "min": -2.89595920577e-08,
        "stdev": 4.20001144974e-09
    },
    "spectral_energy": {
        "max": 0.1196257025,
        "mean": 0.0294102393091,
        "min": 0.000683865277097,
        "stdev": 0.0173510350287
    },
    "spectral_energyband_high": {
        "max": 0.0136088319123,
        "mean": 0.00055773468921,
        "min": 4.52133889439e-07,
        "stdev": 0.000854041601997
    },
    "spectral_energyband_low": {
        "max": 0.0291568413377,
        "mean": 0.00417214259505,
        "min": 1.29946681682e-06,
        "stdev": 0.00445776199922
    },
    "spectral_energyband_middle_high": {
        "max": 0.110853336751,
        "mean": 0.0149923516437,
        "min": 0.00011860270024,
        "stdev": 0.0166671425104
    },
    "spectral_energyband_middle_low": {
        "max": 0.0532356724143,
        "mean": 0.010318223387,
        "min": 0.000200496229809,
        "stdev": 0.00696355476975
    },
    "spectral_entropy": {
        "max": 8.58100318909,
        "mean": 7.32071352005,
        "min": 5.49617671967,
        "stdev": 0.397360622883
    },
    "spectral_flux": {
        "max": 0.284573197365,
        "mean": 0.0921434983611,
        "min": 0.0105055049062,
        "stdev": 0.0434038341045
    },
    "spectral_kurtosis": {
        "max": 35.9632873535,
        "mean": 5.38341856003,
        "min": -0.691837787628,
        "stdev": 3.2851164341
    },
    "spectral_rms": {
        "max": 0.0108031481504,
        "mean": 0.00511693954468,
        "min": 0.000816814310383,
        "stdev": 0.0015842563007
    },
    "spectral_rolloff": {
        "max": 10142.1386719,
        "mean": 1341.98034668,
        "min": 193.798828125,
        "stdev": 944.191467285
    },
    "spectral_skewness": {
        "max": 3.74407887459,
        "mean": 1.69990301132,
        "min": 0.163009062409,
        "stdev": 0.415602177382
    },
    "spectral_spread": {
        "max": 11701330,
        "mean": 3836854,
        "min": 1010226.5,
        "stdev": 1240083.5
    },
    "spectral_strongpeak": {
        "max": 11.5454530716,
        "mean": 2.41211390495,
        "min": 0,
        "stdev": 2.28570747375
    },
    "zerocrossingrate": {
        "max": 0.2626953125,
        "mean": 0.0552729256451,
        "min": 0.01025390625,
        "stdev": 0.0248455610126
    },
    "barkbands": {
        "max": [0.00821321643889, 0.0246418248862, 0.0161186344922, 0.0182569045573, 0.0147454375401, 0.0527419559658, 0.0434099473059, 0.0383022911847, 0.0274428166449, 0.0749157965183, 0.107499115169, 0.0281829666346, 0.0233677234501, 0.0195399709046, 0.0180607065558, 0.0144330402836, 0.00883390661329, 0.00426494562998, 0.00256368354894, 0.00353918178007, 0.00485787540674, 0.00517797842622, 0.00239930837415, 0.00304203946143, 0.00370594067499, 0.000887187896296, 4.1986197175e-05],
        "mean": [0.00059595098719, 0.00219632755034, 0.00106144230813, 0.000734932313208, 0.00152757659089, 0.00197204085998, 0.00251085287891, 0.00181021541357, 0.00116119452287, 0.00463739642873, 0.00507449032739, 0.00108507229015, 0.00150817423128, 0.000755147309974, 0.000836222956423, 0.000409155763919, 0.000315873709042, 0.000355949945515, 0.000214634957956, 0.000195035798242, 0.000147077822476, 8.29833079479e-05, 0.00010081093933, 6.41245060251e-05, 4.43795870524e-05, 1.29699383251e-05, 2.24603070365e-07],
        "min": [2.84083478963e-10, 1.68530789324e-07, 1.91881156297e-07, 3.57207056823e-07, 1.07705000119e-06, 3.77131232199e-06, 1.78768841579e-05, 3.78590289074e-06, 5.45466946278e-06, 6.65521110932e-06, 2.89194485958e-06, 5.07587719767e-06, 4.32642673331e-06, 2.62576509158e-06, 1.10838129785e-06, 9.97499228106e-07, 1.51496396938e-06, 1.34758477088e-06, 1.632531621e-06, 8.7785008418e-07, 3.29203508898e-08, 2.11071354839e-10, 6.58881837978e-11, 2.04116515357e-11, 2.63247462023e-11, 3.65744760866e-11, 4.43826538021e-11],
        "stdev": [0.00112274195999, 0.00309184589423, 0.00140359066427, 0.00126827904023, 0.00161246303469, 0.00402041524649, 0.00370579701848, 0.00258315331303, 0.00231632776558, 0.00992930214852, 0.0101219024509, 0.0025991955772, 0.00320048769936, 0.00175309169572, 0.00167186185718, 0.00110078894068, 0.000682890648022, 0.000492904160637, 0.000275742291706, 0.000275041355053, 0.000263441412244, 0.000242530557443, 0.000175834808033, 0.000175773588126, 0.000165082252352, 5.17949047207e-05, 1.86524346191e-06]
    },
    "erbbands": {
        "max": [1.0823996067, 6.56749153137, 16.1340770721, 30.9593658447, 63.8128356934, 57.4098625183, 119.430496216, 662.164489746, 623.969787598, 639.014648438, 910.00604248, 773.35723877, 1736.41503906, 3834.34570312, 3800.25268555, 1404.9921875, 1282.52319336, 744.087280273, 1188.11987305, 594.34753418, 971.906677246, 498.195739746, 242.145858765, 183.955307007, 142.368499756, 167.040222168, 127.347892761, 230.777175903, 215.559265137, 114.369667053, 64.1823883057, 45.6096305847, 71.4033432007, 56.4292602539, 27.8090267181, 9.48393630981, 1.26071858406, 0.151283368468, 0.00586617738008, 0.000197676781681],
        "mean": [0.0782167613506, 0.427930384874, 1.27564477921, 2.01690506935, 3.5903198719, 4.95646476746, 9.24059867859, 18.1203422546, 34.1403198242, 36.4174156189, 39.5713729858, 25.1675052643, 63.9938583374, 251.436584473, 144.577972412, 48.8563423157, 70.2564239502, 46.183303833, 49.9490890503, 24.342798233, 24.9848957062, 16.9063968658, 20.1345481873, 13.9939279556, 10.0418272018, 9.70317459106, 7.24566698074, 4.49125766754, 2.92879033089, 3.34022951126, 2.77045941353, 1.44359230995, 1.04816424847, 0.6251989007, 0.240932896733, 0.088149741292, 0.0177950058132, 0.00144833663944, 6.5316016844e-05, 3.79797857022e-05],
        "min": [3.11554117616e-06, 5.17702610523e-05, 0.000379856210202, 0.00140955671668, 0.00560610229149, 0.0100058820099, 0.0247753560543, 0.17507506907, 0.307054936886, 0.191784694791, 0.171081915498, 0.261530071497, 0.199473261833, 0.362011224031, 0.3783223629, 0.368940025568, 0.429796516895, 0.201261118054, 0.118912510574, 0.0964298024774, 0.0550676696002, 0.076594799757, 0.0805071592331, 0.0895323008299, 0.0720407366753, 0.046669408679, 0.00614851107821, 0.000886029214598, 5.79509905947e-05, 1.98385769181e-05, 7.23502625988e-06, 2.60384263129e-06, 1.90583045878e-06, 1.87138277852e-06, 1.68211943219e-06, 1.40501947499e-06, 8.51043296279e-07, 1.28003577515e-07, 1.16201829314e-06, 2.45203818849e-06],
        "stdev": [0.141955971718, 0.633486151695, 1.67756152153, 2.97121024132, 5.36881065369, 5.34427118301, 11.8318347931, 47.6892356873, 49.9769134521, 51.5343208313, 54.7515792847, 45.0355453491, 141.290176392, 471.23526001, 326.850036621, 94.8053436279, 145.248001099, 82.0983581543, 105.046142578, 46.883026123, 63.8379974365, 33.7658691406, 28.7090187073, 16.2968006134, 14.2413520813, 14.269692421, 10.4949092865, 11.2353477478, 9.02253627777, 6.92424917221, 5.08465003967, 3.49647021294, 3.23655056953, 2.27469468117, 0.972523391247, 0.383493959904, 0.0655801296234, 0.00681976461783, 0.000270825432381, 2.31358371821e-05]
    },
    "gfcc": {
        "mean": [-1.24479806423, 110.819145203, -145.762771606, 22.9228935242, -69.4318466187, 17.0034408569, -33.147895813, 8.30233669281, -22.018737793, -1.18699944019, -4.07182216644, -3.40233802795, -3.56768918037],
        "cov": [[2880.67822266, -1169.93884277, 284.07232666, 87.3442382812, -106.625038147, 635.45690918, -18.6672401428, 405.418701172, -242.271774292, 113.565223694, -262.266204834, 244.7550354, -238.391616821], [-1169.93884277, 1195.94824219, -133.649429321, 50.0904350281, 202.30859375, -294.780548096, 219.275222778, -230.862625122, 126.053062439, -156.278808594, 194.528518677, -178.100494385, 133.497253418], [284.07232666, -133.649429321, 646.387695312, 87.8232192993, -15.0701227188, 45.8367462158, -46.862537384, 134.556503296, -84.3883514404, 125.033485413, -107.995780945, 98.816192627, -137.079223633], [87.3442382812, 50.0904350281, 87.8232192993, 217.174591064, 22.0701522827, 25.0061893463, 15.8614006042, 2.38004970551, 24.7102546692, -22.973575592, -3.55438923836, -21.8824577332, -2.82755422592], [-106.625038147, 202.30859375, -15.0701227188, 22.0701522827, 215.799621582, -4.93957996368, 67.2735061646, 0.0352583229542, -5.08071660995, -13.5111131668, -1.22744894028, -1.14743614197, 0.883213281631], [635.45690918, -294.780548096, 45.8367462158, 25.0061893463, -4.93957996368, 302.29309082, 29.8895645142, 90.4534988403, -80.7886657715, -6.32900285721, -30.897359848, 37.7726287842, -43.4819946289], [-18.6672401428, 219.275222778, -46.862537384, 15.8614006042, 67.2735061646, 29.8895645142, 261.86050415, -22.6311683655, -37.7215461731, -25.5371437073, 26.9590129852, -5.72018241882, -2.12408876419], [405.418701172, -230.862625122, 134.556503296, 2.38004970551, 0.0352583229542, 90.4534988403, -22.6311683655, 210.24446106, -9.01035499573, 53.5372123718, -65.6949081421, 64.8307495117, -32.643951416], [-242.271774292, 126.053062439, -84.3883514404, 24.7102546692, -5.08071660995, -80.7886657715, -37.7215461731, -9.01035499573, 221.152297974, 11.9170198441, 39.5252456665, -6.34145689011, 61.4504051208], [113.565223694, -156.278808594, 125.033485413, -22.973575592, -13.5111131668, -6.32900285721, -25.5371437073, 53.5372123718, 11.9170198441, 180.61390686, -29.8945655823, 75.598197937, -48.1168136597], [-262.266204834, 194.528518677, -107.995780945, -3.55438923836, -1.22744894028, -30.897359848, 26.9590129852, -65.6949081421, 39.5252456665, -29.8945655823, 149.573532104, -35.4149246216, 62.7046127319], [244.7550354, -178.100494385, 98.816192627, -21.8824577332, -1.14743614197, 37.7726287842, -5.72018241882, 64.8307495117, -6.34145689011, 75.598197937, -35.4149246216, 142.272140503, -33.4651870728], [-238.391616821, 133.497253418, -137.079223633, -2.82755422592, 0.883213281631, -43.4819946289, -2.12408876419, -32.643951416, 61.4504051208, -48.1168136597, 62.7046127319, -33.4651870728, 135.078704834]],
        "icov": [[0.00109868973959, 0.000142747769132, 0.000416124734329, -0.000629208690953, 0.000468399986858, -0.00148376193829, 1.85566605069e-05, -0.000962921592873, 0.000427335413406, -3.98018437409e-06, 0.000646225875244, -0.000895341450814, 0.000776322151069], [0.000142747769132, 0.0040733977221, -0.00173732801341, 0.000520888366736, -0.00287767732516, 0.00251424312592, -0.00288181635551, 0.00152270321269, -0.0017509649042, 0.002055155579, -0.00272816163488, 0.00256880908273, -0.000943639141042], [0.000416124734329, -0.00173732801341, 0.00375768216327, -0.00202531344257, 0.00166963168886, -0.0011380163487, 0.00168624974322, -0.00223820656538, 0.00199209921993, -0.00187059200834, 0.00168689526618, -0.00234291446395, 0.00239459075965], [-0.000629208690953, 0.000520888366736, -0.00202531344257, 0.00629199529067, -0.00125496077817, 0.000263413094217, -0.000896948215086, 0.00137735763565, -0.00215475726873, 0.00131300510839, -0.000554921512958, 0.0022263629362, -0.000879955361597], [0.000468399986858, -0.00287767732516, 0.00166963168886, -0.00125496077817, 0.0074763786979, -0.00216824328527, 0.00076733797323, -0.00193606852554, 0.00157230673358, -0.00122673576698, 0.00262111751363, -0.0025716337841, 0.00112995086238], [-0.00148376193829, 0.00251424312592, -0.0011380163487, 0.000263413094217, -0.00216824328527, 0.00850454811007, -0.00226660608314, 0.000160118055646, -0.000139548254083, 0.00216799718328, -0.00325495703146, 0.00196678028442, -0.000663912796881], [1.85566605069e-05, -0.00288181635551, 0.00168624974322, -0.000896948215086, 0.00076733797323, -0.00226660608314, 0.00661240704358, -0.000938419019803, 0.00216327584349, -0.00126423570327, 0.00101756793447, -0.00233632791787, 0.00123018852901], [-0.000962921592873, 0.00152270321269, -0.00223820656538, 0.00137735763565, -0.00193606852554, 0.000160118055646, -0.000938419019803, 0.00907813757658, -0.00215290719643, 6.65740371915e-05, 0.000622818304691, 0.00056773761753, -0.00234881415963], [0.000427335413406, -0.0017509649042, 0.00199209921993, -0.00215475726873, 0.00157230673358, -0.000139548254083, 0.00216327584349, -0.00215290719643, 0.00750235468149, -0.00216486421414, 0.000587106915191, -0.00214479537681, -0.00106838031206], [-3.98018437409e-06, 0.002055155579, -0.00187059200834, 0.00131300510839, -0.00122673576698, 0.00216799718328, -0.00126423570327, 6.65740371915e-05, -0.00216486421414, 0.00961301848292, -0.00194455962628, -0.0018894362729, 0.00163689139299], [0.000646225875244, -0.00272816163488, 0.00168689526618, -0.000554921512958, 0.00262111751363, -0.00325495703146, 0.00101756793447, 0.000622818304691, 0.000587106915191, -0.00194455962628, 0.0120545839891, -0.00162712414749, -0.00232014548965], [-0.000895341450814, 0.00256880908273, -0.00234291446395, 0.0022263629362, -0.0025716337841, 0.00196678028442, -0.00233632791787, 0.00056773761753, -0.00214479537681, -0.0018894362729, -0.00162712414749, 0.0130298314616, -0.00141340051778], [0.000776322151069, -0.000943639141042, 0.00239459075965, -0.000879955361597, 0.00112995086238, -0.000663912796881, 0.00123018852901, -0.00234881415963, -0.00106838031206, 0.00163689139299, -0.00232014548965, -0.00141340051778, 0.0131439901888]]
    },
    "melbands": {
        "max": [0.00707808695734, 0.00692250113934, 0.00606211135164, 0.00358411367051, 0.00329789146781, 0.0127187957987, 0.00983157940209, 0.0073727699928, 0.0063772178255, 0.00485350610688, 0.00896299630404, 0.0157690793276, 0.0107324756682, 0.00388872856274, 0.00220220373012, 0.00258262874559, 0.00173713197, 0.00199972186238, 0.00117599137593, 0.000849427829962, 0.00109834515024, 0.000577620929107, 0.000375177245587, 0.000221335343667, 0.000174488741322, 0.000172181724338, 0.000149294486619, 0.000128024417791, 8.74581382959e-05, 0.000115837996418, 0.000142160992255, 0.000143111668876, 9.99923577183e-05, 5.94993362029e-05, 3.86066967621e-05, 2.51456312981e-05, 3.67853208445e-05, 4.33763416368e-05, 8.05852105259e-05, 3.48911562469e-05],
        "mean": [0.000667069165502, 0.000635106232949, 0.000385396007914, 0.000306331756292, 0.000304628745653, 0.000404457619879, 0.000538197753485, 0.000392272224417, 0.000316146673867, 0.000150061168824, 0.000312973657856, 0.00100635946728, 0.000553415564355, 0.000187054713024, 0.000116944422189, 0.000145690471982, 7.8917335486e-05, 7.9903707956e-05, 5.09599885845e-05, 2.50246739597e-05, 2.9282138712e-05, 1.59170540428e-05, 2.19203684537e-05, 1.45483509186e-05, 1.11331701191e-05, 7.20761045159e-06, 6.58121462038e-06, 6.41037740934e-06, 4.8751662689e-06, 3.4054421576e-06, 2.33995911003e-06, 1.57335898621e-06, 1.63837876244e-06, 1.94297649614e-06, 1.73086709765e-06, 1.09987286123e-06, 7.99574877419e-07, 7.13596534752e-07, 7.35030482701e-07, 4.57642471474e-07],
        "min": [4.05996729569e-08, 1.89855668964e-07, 4.28062350011e-07, 3.16484602081e-07, 2.77436811302e-07, 6.85134523337e-07, 3.50402547156e-06, 6.72657392897e-07, 8.67469509558e-07, 8.1975986177e-07, 7.55903442951e-07, 1.23905283544e-06, 4.00741413387e-07, 5.3896587815e-07, 6.8175341994e-07, 3.98183516381e-07, 3.59687703622e-07, 1.61841839486e-07, 8.40323721718e-08, 8.53630268693e-08, 5.17554070711e-08, 7.82130129551e-08, 5.61727659942e-08, 4.51067592167e-08, 7.07330656269e-08, 5.19191765136e-08, 3.91009677969e-08, 2.42369893044e-08, 2.53992604726e-09, 7.79418862784e-10, 3.72278978478e-11, 4.38878794418e-12, 1.86351975517e-12, 1.47612889793e-12, 5.87318550998e-13, 3.6161958844e-13, 2.49841190488e-13, 1.69745863416e-13, 2.13982857041e-13, 2.64084652583e-13],
        "stdev": [0.00101522204932, 0.000781138602179, 0.00050841801567, 0.000358969118679, 0.000360210484359, 0.000950903980993, 0.000770298182033, 0.000553935009521, 0.000443842553068, 0.000311348878313, 0.00076323171379, 0.00193707284052, 0.00113747327123, 0.000426784565207, 0.00024996441789, 0.000324158841977, 0.0001666155149, 0.000187696656212, 9.7877389635e-05, 6.85713239363e-05, 7.84702278906e-05, 4.01221623179e-05, 3.84659761039e-05, 2.10315502045e-05, 1.44441992234e-05, 1.11604749691e-05, 1.07453033706e-05, 9.97026563709e-06, 7.33246861273e-06, 6.76162517266e-06, 7.00681175658e-06, 5.39155826118e-06, 4.60519504486e-06, 3.79521497962e-06, 3.16358205055e-06, 2.47208754445e-06, 2.2269737201e-06, 2.17188858187e-06, 2.84712746179e-06, 1.66176403127e-06]
    },
    "melbands128": {
        "max": [0.00787813216448, 0.0120766367763, 0.0103803034872, 0.0123895294964, 0.0102024581283, 0.00792843848467, 0.00587564194575, 0.00999708659947, 0.00873351283371, 0.00608569383621, 0.00319754844531, 0.00270185666159, 0.00606500916183, 0.00918783992529, 0.0250242967159, 0.0107895191759, 0.0138745848089, 0.0188845098019, 0.0137433186173, 0.00933909323066, 0.00998361222446, 0.0129800438881, 0.0081539824605, 0.00381452590227, 0.00855495594442, 0.00679878517985, 0.0126078827307, 0.0168137084693, 0.0205269493163, 0.0258565898985, 0.0268174987286, 0.0359790213406, 0.0136579880491, 0.025744587183, 0.0085643902421, 0.0072274566628, 0.00692468183115, 0.00390712264925, 0.00611589988694, 0.00660744216293, 0.0052648037672, 0.00388991157524, 0.00294276280329, 0.00498460792005, 0.0047467155382, 0.00430700322613, 0.00337161170319, 0.00245372671634, 0.00184595910832, 0.00174345914274, 0.00175102241337, 0.00213290122338, 0.00287332944572, 0.00212366250344, 0.00186361582018, 0.00103839219082, 0.00109349703416, 0.000918988429476, 0.000800978858024, 0.00058606028324, 0.000421671837103, 0.000550527649466, 0.000405702361604, 0.000239304077695, 0.000141115495353, 0.00039365090197, 0.000240253677475, 0.000318284117384, 0.000218205692363, 0.000349616166204, 0.000302163389279, 0.000183629250387, 0.000128086569021, 0.000131483349833, 0.000161818883498, 0.000113931164378, 0.000158014867338, 0.000133230831125, 0.000165892022778, 0.000148103921674, 0.000176746732905, 0.000140826479765, 0.000120473807328, 0.000107311207103, 8.66557311383e-05, 0.00010763235332, 9.29866437218e-05, 4.18306080974e-05, 7.49669707147e-05, 0.000102868529211, 3.72950016754e-05, 3.41363338521e-05, 2.58758263953e-05, 4.18218987761e-05, 6.37509292574e-05, 7.38777889637e-05, 4.44790057372e-05, 3.3521464502e-05, 9.54768256634e-05, 0.000105815233837, 4.26306723966e-05, 2.71403041552e-05, 2.67957020696e-05, 1.81806499313e-05, 3.39643520419e-05, 6.83725811541e-05, 3.20862855006e-05, 2.13566654566e-05, 1.53784239956e-05, 6.40188454781e-06, 3.92216088585e-06, 5.18802198712e-06, 5.94067614657e-06, 3.27212183038e-06, 1.34559343223e-06, 1.10220537408e-06, 7.07008496192e-07, 1.08540916699e-06, 2.20868585643e-07, 1.73284618654e-07, 9.80219354574e-08, 1.97372784783e-07, 1.17660945875e-07, 5.63818325361e-09, 6.62934818152e-10, 6.59273635684e-10, 6.52488285624e-10, 6.48827103156e-10],
        "mean": [0.000484144489747, 0.000744507240597, 0.000605914450716, 0.000772732717451, 0.000728113634977, 0.00047235150123, 0.000419355725171, 0.000331184506649, 0.000385621824535, 0.000307397887809, 0.000253357400652, 0.000283440575004, 0.000324271735735, 0.000313227588776, 0.000404436257668, 0.000461766700028, 0.000461300398456, 0.000626566936262, 0.000558805826586, 0.000347587454598, 0.000375528819859, 0.000293298799079, 0.000390491157304, 0.000229088880587, 0.000114411952381, 0.000117508017865, 0.000201076414669, 0.000287206697976, 0.000348622823367, 0.00100901653059, 0.00137964228634, 0.000803872826509, 0.000384565501008, 0.000565381720662, 0.000169844221091, 0.000119152835396, 0.000100130971987, 6.56711345073e-05, 0.000171443753061, 0.000194230960915, 0.00014292250853, 7.18834344298e-05, 7.30476822355e-05, 9.5432762464e-05, 5.36564475624e-05, 9.01906823856e-05, 9.40637037274e-05, 5.57536368433e-05, 3.16195291816e-05, 1.96761429834e-05, 2.17341275857e-05, 3.1674575439e-05, 3.61298261851e-05, 2.54974656855e-05, 2.24066534429e-05, 1.04825667222e-05, 1.30241605802e-05, 2.54828919424e-05, 2.36490559473e-05, 1.99347123271e-05, 1.12682064355e-05, 1.27208440972e-05, 1.60184517881e-05, 9.41534744925e-06, 5.63407775189e-06, 7.19014724382e-06, 8.29211148812e-06, 6.67733092996e-06, 5.75680178372e-06, 7.18129012967e-06, 6.70196686769e-06, 6.23310961601e-06, 4.91120044899e-06, 5.15280680702e-06, 3.79585503651e-06, 3.80937399314e-06, 3.27780662701e-06, 2.16625790017e-06, 2.71034900834e-06, 1.83441773061e-06, 1.34057358991e-06, 1.70407906808e-06, 1.48419360357e-06, 1.51125107095e-06, 1.88546857771e-06, 1.93951950678e-06, 2.08178335015e-06, 1.70719363268e-06, 1.86028864846e-06, 1.64633650002e-06, 1.20203571896e-06, 9.70541350398e-07, 8.51321942719e-07, 7.85190309216e-07, 7.94688446604e-07, 7.13231486316e-07, 6.87484430273e-07, 6.87752105932e-07, 8.71423083026e-07, 6.78186950154e-07, 5.25596362877e-07, 4.20762745534e-07, 3.88608100366e-07, 2.72771217169e-07, 2.62937788875e-07, 2.47048319579e-07, 1.92057228787e-07, 1.9958072528e-07, 1.74164185296e-07, 9.23600751435e-08, 6.74687470337e-08, 7.21804056525e-08, 5.97476272901e-08, 3.13917531969e-08, 1.88628916931e-08, 1.15093605757e-08, 5.4034328123e-09, 2.18458184875e-09, 8.16753109589e-10, 5.09180364539e-10, 2.04230826695e-10, 4.22741536221e-10, 2.50532788959e-10, 1.09071042129e-11, 4.34722483705e-12, 4.17786638618e-12, 4.07513823034e-12, 4.0424707852e-12],
        "min": [2.49253423457e-10, 1.82268227178e-08, 2.62601194123e-08, 6.87718326731e-08, 1.61692437217e-08, 9.46277509684e-08, 1.71544201066e-08, 2.26489390798e-07, 3.2043286069e-07, 1.37390159693e-07, 8.77036541169e-08, 5.92154449919e-08, 1.49227531665e-07, 1.53438151074e-07, 5.19193690707e-07, 2.58108912021e-07, 1.45039948052e-07, 3.79445822318e-07, 9.51556728523e-07, 8.96460505828e-08, 1.2953128703e-07, 3.0416973118e-07, 2.61749562469e-07, 1.32839147682e-07, 2.38910672579e-07, 1.2295953411e-07, 5.69142457607e-08, 2.04343677979e-07, 1.83074433835e-07, 2.1007798523e-07, 9.89228738035e-07, 2.53767780123e-07, 1.19817030964e-07, 1.21715132195e-07, 1.86795745094e-07, 1.8077891184e-07, 1.69208320244e-07, 2.51444475907e-07, 2.2025302826e-07, 2.48298192673e-07, 1.45683401342e-07, 1.46982998217e-07, 1.40742997701e-07, 1.02800370883e-07, 5.24125667312e-08, 7.57888471981e-08, 1.04632789544e-07, 6.295768884e-08, 3.45577326755e-08, 2.90896515764e-08, 4.50863097967e-08, 3.67378625299e-08, 2.76282818845e-08, 3.89033125714e-08, 3.69737449546e-08, 2.8662773488e-08, 3.21759223709e-08, 4.15461478553e-08, 1.8056883988e-08, 1.65447424649e-08, 2.33280346151e-08, 3.43072983355e-08, 3.71944537392e-08, 2.24075051847e-08, 1.85795414609e-08, 2.69285660437e-08, 4.97505538988e-08, 3.0242137683e-08, 1.99150935742e-08, 1.67420584063e-08, 2.4537799348e-08, 1.03920259065e-08, 1.85795046015e-09, 1.29568955565e-09, 1.50667622822e-09, 8.46691106116e-10, 2.70199251862e-10, 4.00034588788e-11, 1.26769280837e-11, 4.57508293403e-12, 3.89190155797e-12, 3.02803290254e-12, 8.63254725949e-13, 8.10184818539e-13, 8.24982768731e-13, 6.5335047485e-13, 1.01225017951e-12, 5.63877178457e-13, 3.93663237858e-13, 3.24010105855e-13, 3.52480495963e-13, 3.50965946843e-13, 2.06300525708e-13, 1.9489325518e-13, 2.10313361236e-13, 1.62755253068e-13, 1.41217482044e-13, 1.8322265905e-13, 2.68435718532e-13, 1.35587924894e-13, 2.05976660966e-13, 1.75552226835e-13, 2.73589473559e-13, 1.76006900569e-13, 1.41842334861e-13, 1.73686342001e-13, 1.79534609835e-13, 2.1139832235e-13, 1.56044637932e-13, 1.60238684301e-13, 1.49996890451e-13, 1.58088711393e-13, 1.08097463814e-13, 1.38457387916e-13, 1.19863971179e-13, 1.58864051471e-13, 1.28110941452e-13, 1.39574644702e-13, 1.55944376336e-13, 1.50684776072e-13, 1.30706114877e-13, 1.3604250376e-13, 1.29889737746e-13, 1.19661550634e-13, 8.24979190864e-14, 3.8051942104e-14, 4.89315051761e-15, 2.12165606722e-16],
        "stdev": [0.000913146825042, 0.00147690263111, 0.00113883742597, 0.00117440568283, 0.00105097843334, 0.000613981799688, 0.000701385666616, 0.000603547610808, 0.000686603423674, 0.000485672819195, 0.000320861960063, 0.000376174255507, 0.000492106657475, 0.000658696750179, 0.00170154625084, 0.00100854388438, 0.000949522305746, 0.00121309061069, 0.00103327340912, 0.000661770638544, 0.000716270180419, 0.000560340296943, 0.000653657014482, 0.000491698388942, 0.000369591551134, 0.000411876040744, 0.00076353905024, 0.00100887939334, 0.00132991699502, 0.00270873680711, 0.00319356517866, 0.00221031717956, 0.00124954583589, 0.00200937851332, 0.000555374892429, 0.00042289236444, 0.000361700833309, 0.000233128579566, 0.000534032122232, 0.000554517609999, 0.000483700510813, 0.00028197618667, 0.000203484421945, 0.000307245994918, 0.000251676770858, 0.000319171114825, 0.000245142204221, 0.000152572116349, 0.000108874592115, 9.10456292331e-05, 9.64442078839e-05, 0.000135851762025, 0.000137680923217, 0.000105012819404, 8.65548790898e-05, 4.93359366374e-05, 4.88056175527e-05, 6.60417863401e-05, 5.86207388551e-05, 4.3811451178e-05, 2.86287904601e-05, 2.73840596492e-05, 2.85905753117e-05, 1.59823466674e-05, 9.4096567409e-06, 1.66797872225e-05, 1.70447765413e-05, 1.61192583619e-05, 1.36807529998e-05, 1.89441234397e-05, 1.59045739565e-05, 1.21076318464e-05, 9.11851657293e-06, 9.8209038697e-06, 8.89782131708e-06, 7.31206091587e-06, 1.02360327219e-05, 7.85674365034e-06, 9.28335521166e-06, 7.02455417922e-06, 5.67277174923e-06, 5.72886119699e-06, 5.40617429579e-06, 5.12079304826e-06, 5.18260776516e-06, 4.94252253702e-06, 4.54637984149e-06, 3.37579695042e-06, 3.96342511522e-06, 4.21874938183e-06, 2.91152787213e-06, 2.63346714746e-06, 2.13841099139e-06, 2.42787268689e-06, 2.72786815003e-06, 2.65503535957e-06, 2.19077583097e-06, 2.09500331039e-06, 3.60867875315e-06, 3.14018029712e-06, 2.04678872251e-06, 1.58067757638e-06, 1.41244697716e-06, 9.6704218322e-07, 1.08464462301e-06, 1.71761519141e-06, 1.11383849344e-06, 9.41753910411e-07, 7.64829906075e-07, 3.42943621945e-07, 2.28915297384e-07, 2.77836392115e-07, 2.33748679079e-07, 1.54889164605e-07, 9.24135363789e-08, 6.56294005807e-08, 4.35715605818e-08, 3.12195851393e-08, 9.03532537677e-09, 6.8799574926e-09, 3.38857431004e-09, 7.0069514635e-09, 3.79507181236e-09, 1.66127445134e-10, 2.03878719462e-11, 2.01700219027e-11, 1.99454203154e-11, 1.98173630284e-11]
    },
    "mfcc": {
        "mean": [-634.51763916, 132.884887695, -14.7604608536, 9.29407978058, -7.60266304016, 0.161297738552, 2.042573452, 3.4860227108, -5.9373292923, 3.10616636276, -3.47361135483, 1.30875432491, 2.50117015839],
        "cov": [[2635.73950195, -979.550170898, 209.419342041, -253.784286499, 31.5042476654, 134.60256958, 164.63508606, 301.104919434, 88.9926223755, 20.69506073, 137.640960693, -75.2983474731, 12.1886472702], [-979.550170898, 947.80267334, -137.759246826, 222.943161011, -34.9337997437, -7.4647269249, 54.1669578552, -48.3599395752, -61.7383613586, 20.4933662415, -35.9228782654, 35.6168518066, -15.0383358002], [209.419342041, -137.759246826, 473.417602539, 28.069694519, 26.5606594086, 9.40830039978, 5.33024406433, 36.6874504089, 0.72213691473, 25.6031894684, 22.2347717285, 43.7206535339, -1.71696925163], [-253.784286499, 222.943161011, 28.069694519, 254.065200806, -15.5720062256, 19.4927425385, -2.40581464767, -1.10542738438, 4.84178209305, 10.5616731644, -3.49250221252, 27.8859500885, -9.32817840576], [31.5042476654, -34.9337997437, 26.5606594086, -15.5720062256, 230.164260864, -34.6896514893, -31.6522388458, 13.4082927704, 32.3401145935, 21.6760673523, -21.6752204895, -14.5870580673, 18.6548576355], [134.60256958, -7.4647269249, 9.40830039978, 19.4927425385, -34.6896514893, 169.757583618, 60.2972106934, 38.7426223755, -24.4958686829, -5.73771286011, 38.6365470886, -22.4021873474, -2.66643071175], [164.63508606, 54.1669578552, 5.33024406433, -2.40581464767, -31.6522388458, 60.2972106934, 267.56640625, 69.8099594116, -38.2438049316, 2.56808233261, 16.5192317963, -35.2536621094, -32.545463562], [301.104919434, -48.3599395752, 36.6874504089, -1.10542738438, 13.4082927704, 38.7426223755, 69.8099594116, 167.397689819, 23.3044910431, 6.48758459091, 20.0250797272, -19.7776165009, 12.9049882889], [88.9926223755, -61.7383613586, 0.72213691473, 4.84178209305, 32.3401145935, -24.4958686829, -38.2438049316, 23.3044910431, 133.054794312, 17.4033374786, 18.2263870239, 4.84600019455, 10.6625652313], [20.69506073, 20.4933662415, 25.6031894684, 10.5616731644, 21.6760673523, -5.73771286011, 2.56808233261, 6.48758459091, 17.4033374786, 95.9417037964, -2.50982522964, 6.2455906868, 1.61254048347], [137.640960693, -35.9228782654, 22.2347717285, -3.49250221252, -21.6752204895, 38.6365470886, 16.5192317963, 20.0250797272, 18.2263870239, -2.50982522964, 109.55581665, 4.74181461334, 13.6530790329], [-75.2983474731, 35.6168518066, 43.7206535339, 27.8859500885, -14.5870580673, -22.4021873474, -35.2536621094, -19.7776165009, 4.84600019455, 6.2455906868, 4.74181461334, 125.514892578, 22.6340198517], [12.1886472702, -15.0383358002, -1.71696925163, -9.32817840576, 18.6548576355, -2.66643071175, -32.545463562, 12.9049882889, 10.6625652313, 1.61254048347, 13.6530790329, 22.6340198517, 99.5329284668]],
        "icov": [[0.000895703909919, 0.000820349378046, -2.90057341772e-05, 0.000202440700377, -2.42719979724e-05, -0.000230576421018, -0.000337012752425, -0.00110216171015, -6.41552906018e-05, -0.000310440373141, -0.000529642333277, -3.27799934894e-05, 0.000155816203915], [0.000820349378046, 0.00234855734743, 0.00054772553267, -0.00126363814343, -4.32732485933e-05, 8.50174692459e-05, -0.000766438606661, -0.000698941003066, 0.000657871481963, -0.000706636579707, -0.000324713211739, -0.000390206318116, 7.00497985235e-05], [-2.90057341772e-05, 0.00054772553267, 0.00254038372077, -0.000677542935591, -0.000393436290324, 6.48371205898e-05, -5.36821571586e-05, -0.000480349146528, 0.000611218449194, -0.00064676371403, -0.000450356397778, -0.00108595530037, 0.000440559466369], [0.000202440700377, -0.00126363814343, -0.000677542935591, 0.0055516413413, 0.000227036638535, -0.0010894126026, 0.000428064697189, -0.000509559351485, -0.00101125182118, -7.2031885793e-05, 0.000217896231334, -0.000732539629098, 0.000673387025017], [-2.42719979724e-05, -4.32732485933e-05, -0.000393436290324, 0.000227036638535, 0.00504584982991, 0.000708614767063, 0.0003970960679, -0.000378039170755, -0.000919797807001, -0.000845791189931, 0.00107491237577, 0.00106926017907, -0.00101530936081], [-0.000230576421018, 8.50174692459e-05, 6.48371205898e-05, -0.0010894126026, 0.000708614767063, 0.00777494162321, -0.000803787435871, -0.000896608748008, 0.00170714687556, 7.47398880776e-05, -0.00234852964059, 0.00122818828095, -0.000272230623523], [-0.000337012752425, -0.000766438606661, -5.36821571586e-05, 0.000428064697189, 0.0003970960679, -0.000803787435871, 0.00533064175397, -0.00184353999794, 0.00140064011794, -0.000290805706754, -0.000377810123609, 0.000736310554203, 0.00158980384003], [-0.00110216171015, -0.000698941003066, -0.000480349146528, -0.000509559351485, -0.000378039170755, -0.000896608748008, -0.00184353999794, 0.00928898621351, -0.00179939542431, 0.000336481258273, 0.000560357875656, 0.000931681774091, -0.00188843416981], [-6.41552906018e-05, 0.000657871481963, 0.000611218449194, -0.00101125182118, -0.000919797807001, 0.00170714687556, 0.00140064011794, -0.00179939542431, 0.00964559335262, -0.00158516794909, -0.00219298130833, -0.000163824573974, 0.00026289030211], [-0.000310440373141, -0.000706636579707, -0.00064676371403, -7.2031885793e-05, -0.000845791189931, 7.47398880776e-05, -0.000290805706754, 0.000336481258273, -0.00158516794909, 0.0113313375041, 0.00062525854446, -0.000369830435375, -8.02821668913e-05], [-0.000529642333277, -0.000324713211739, -0.000450356397778, 0.000217896231334, 0.00107491237577, -0.00234852964059, -0.000377810123609, 0.000560357875656, -0.00219298130833, 0.00062525854446, 0.0113877709955, -0.000507604621816, -0.00165397115052], [-3.27799934894e-05, -0.000390206318116, -0.00108595530037, -0.000732539629098, 0.00106926017907, 0.00122818828095, 0.000736310554203, 0.000931681774091, -0.000163824573974, -0.000369830435375, -0.000507604621816, 0.00975784286857, -0.0023156539537], [0.000155816203915, 7.00497985235e-05, 0.000440559466369, 0.000673387025017, -0.00101530936081, -0.000272230623523, 0.00158980384003, -0.00188843416981, 0.00026289030211, -8.02821668913e-05, -0.00165397115052, -0.0023156539537, 0.0117834229022]]
    },
    "spectral_contrast_coeffs": {
        "max": [-0.521879136562, -0.41184347868, -0.434094369411, -0.503684520721, -0.566942989826, -0.532776415348],
        "mean": [-0.724267065525, -0.718626081944, -0.682217597961, -0.743049442768, -0.767558574677, -0.747183561325],
        "min": [-0.922466635704, -0.912443161011, -0.865804493427, -0.881692647934, -0.881051898003, -0.869403719902],
        "stdev": [0.0588949918747, 0.0730272233486, 0.0932279229164, 0.0656212940812, 0.0472617000341, 0.0428583994508]
    },
    "spectral_contrast_valleys": {
        "max": [-5.40608215332, -5.19793128967, -5.84388160706, -6.27602720261, -6.39494895935, -7.94498825073],
        "mean": [-6.879342556, -6.49533557892, -7.16811704636, -7.63334465027, -7.67886590958, -10.7059679031],
        "min": [-10.1203107834, -8.57914352417, -8.80953216553, -9.273021698, -10.1003036499, -16.7753143311],
        "stdev": [0.67858093977, 0.573885560036, 0.501851856709, 0.45809429884, 0.541064023972, 1.09761118889]
    }
},
"rhythm": {
    "beats_count": 78,
    "beats_loudness": {
        "max": 0.0802042633295,
        "mean": 0.0332604311407,
        "min": 0.00527578825131,
        "stdev": 0.0160249117762
    },
    "bpm": 90.8704376221,
    "bpm_histogram_first_peak_bpm": 92,
    "bpm_histogram_first_peak_weight": 0.404255330563,
    "bpm_histogram_second_peak_bpm": 98,
    "bpm_histogram_second_peak_spread": 0,
    "bpm_histogram_second_peak_weight": 0.103896103799,
    "danceability": 0.97925388813,
    "onset_rate": 1.96875,
    "beats_loudness_band_ratio": {
        "max": [0.84849947691, 0.903213500977, 0.863148033619, 0.839434802532, 0.402947038412, 0.16850887239],
        "mean": [0.242234885693, 0.139660850167, 0.248096361756, 0.316758722067, 0.0761301890016, 0.0266721528023],
        "min": [0.000453730608569, 0.00245405035093, 0.00784133840352, 0.0116828652099, 0.000990580650978, 0.000228015196626],
        "stdev": [0.205254614353, 0.159021422267, 0.184234634042, 0.246863797307, 0.0809141173959, 0.025385953486]
    },
