{
"metadata": {
    "version": {
        "essentia": "2.1-beta5",
        "essentia_git_sha": "Undefined",
        "extractor": "music 2.0"
    },
    "audio_properties": {
        "analysis": {
            "equal_loudness": 0,
            "length": 48.7502937317,
            "sample_rate": 44100,
            "start_time": 93.9943771362,
            "downmix": "mix"
        },
        "bit_rate": 192000,
        "length": 192.760452271,
        "lossless": 0,
        "number_channels": 2,
        "replay_gain": -3.58423614502,
        "sample_rate": 48000,
        "codec": "mp3",
        "md5_encoded": "c8197d66b05c2c21f85a6e87d9677b62"
    },
    "tags": {
        "file_name": "Iceland_Hatrið mun sigra_Hatari.mp3",
        "encoding": ["Lavf58.29.100"]
    }
},
"lowlevel": {
    "average_loudness": 0.976816296577,
    "barkbands_crest": {
        "max": 23.5929584503,
        "mean": 10.1936197281,
        "min": 2.31571698189,
        "stdev": 4.01745128632
    },
    "barkbands_flatness_db": {
        "max": 0.383334368467,
        "mean": 0.0986619144678,
        "min": 0.0137175563723,
        "stdev": 0.0444760397077
    },
    "barkbands_kurtosis": {
        "max": 70.5550918579,
        "mean": 2.87740659714,
        "min": -1.92091405392,
        "stdev": 5.46086978912
    },
    "barkbands_skewness": {
        "max": 7.42971277237,
        "mean": 1.50600135326,
        "min": -4.98628854752,
        "stdev": 1.04505169392
    },
    "barkbands_spread": {
        "max": 103.15083313,
        "mean": 31.6508255005,
        "min": 1.75703024864,
        "stdev": 15.6683292389
    },
    "dissonance": {
        "max": 0.500000059605,
        "mean": 0.477393001318,
        "min": 0.372540056705,
        "stdev": 0.0190445557237
    },
    "dynamic_complexity": 1.33048117161,
    "erbbands_crest": {
        "max": 24.0916194916,
        "mean": 6.98981380463,
        "min": 2.07863163948,
        "stdev": 3.35158276558
    },
    "erbbands_flatness_db": {
        "max": 0.280198931694,
        "mean": 0.11219304055,
        "min": 0.0435810014606,
        "stdev": 0.0424551069736
    },
    "erbbands_kurtosis": {
        "max": 29.1289787292,
        "mean": -0.0601644068956,
        "min": -1.5304954052,
        "stdev": 1.45603859425
    },
    "erbbands_skewness": {
        "max": 2.0798637867,
        "mean": 0.165547609329,
        "min": -4.15384101868,
        "stdev": 0.556186437607
    },
    "erbbands_spread": {
        "max": 115.476806641,
        "mean": 47.0221214294,
        "min": 5.26530361176,
        "stdev": 15.7653808594
    },
    "hfc": {
        "max": 307.515594482,
        "mean": 45.7719612122,
        "min": 0.416213870049,
        "stdev": 32.1237831116
    },
    "loudness_ebu128": {
        "integrated": -17.3180179596,
        "loudness_range": 2.07110023499,
        "momentary": {
            "max": -14.7916765213,
            "mean": -17.4849700928,
            "min": -24.2987499237,
            "stdev": 1.27266609669
        },
        "short_term": {
            "max": -16.174331665,
            "mean": -17.3388214111,
            "min": -18.9159374237,
            "stdev": 0.728256046772
        }
    },
    "melbands_crest": {
        "max": 30.0640945435,
        "mean": 14.8217515945,
        "min": 3.31116247177,
        "stdev": 5.13316583633
    },
    "melbands_flatness_db": {
        "max": 0.475214570761,
        "mean": 0.163241714239,
        "min": 0.024830436334,
        "stdev": 0.0509464815259
    },
    "melbands_kurtosis": {
        "max": 211.39175415,
        "mean": 14.0562438965,
        "min": -1.71895587444,
        "stdev": 17.4377231598
    },
    "melbands_skewness": {
        "max": 12.2999000549,
        "mean": 2.93769216537,
        "min": -2.29823923111,
        "stdev": 1.58924436569
    },
    "melbands_spread": {
        "max": 210.517333984,
        "mean": 28.0435829163,
        "min": 1.22994673252,
        "stdev": 20.1187973022
    },
    "pitch_salience": {
        "max": 0.838417887688,
        "mean": 0.53576540947,
        "min": 0.102916933596,
        "stdev": 0.115775160491
    },
    "silence_rate_20dB": {
        "max": 1,
        "mean": 1,
        "min": 1,
        "stdev": 0
    },
    "silence_rate_30dB": {
        "max": 1,
        "mean": 0.96573060751,
        "min": 0,
        "stdev": 0.181921437383
    },
    "silence_rate_60dB": {
        "max": 1,
        "mean": 0.00713945738971,
        "min": 0,
        "stdev": 0.0841913744807
    },
    "spectral_centroid": {
        "max": 5118.91894531,
        "mean": 1679.90307617,
        "min": 285.708312988,
        "stdev": 657.885742188
    },
    "spectral_complexity": {
        "max": 56,
        "mean": 30.4045696259,
        "min": 0,
        "stdev": 9.63539600372
    },
    "spectral_decrease": {
        "max": -5.63071256288e-11,
        "mean": -1.27332526745e-08,
        "min": -4.62532199208e-08,
        "stdev": 7.06179070775e-09
    },
    "spectral_energy": {
        "max": 0.178606748581,
        "mean": 0.0522099100053,
        "min": 0.000250267446972,
        "stdev": 0.0274756569415
    },
    "spectral_energyband_high": {
        "max": 0.0502707883716,
        "mean": 0.00335960742086,
        "min": 2.02585979423e-05,
        "stdev": 0.00410974118859
    },
    "spectral_energyband_low": {
        "max": 0.14989875257,
        "mean": 0.0266085583717,
        "min": 1.9298506686e-06,
        "stdev": 0.025721097365
    },
    "spectral_energyband_middle_high": {
        "max": 0.0576263777912,
        "mean": 0.00931429956108,
        "min": 0.000151292508235,
        "stdev": 0.00631724391133
    },
    "spectral_energyband_middle_low": {
        "max": 0.0568421110511,
        "mean": 0.0145470304415,
        "min": 6.76918280078e-05,
        "stdev": 0.00941365677863
    },
    "spectral_entropy": {
        "max": 8.69456958771,
        "mean": 8.0033197403,
        "min": 6.58583831787,
        "stdev": 0.322632879019
    },
    "spectral_flux": {
        "max": 0.292920053005,
        "mean": 0.1180504933,
        "min": 0.0211094394326,
        "stdev": 0.0480263344944
    },
    "spectral_kurtosis": {
        "max": 11.1333169937,
        "mean": 2.41890478134,
        "min": -0.255353689194,
        "stdev": 1.1583044529
    },
    "spectral_rms": {
        "max": 0.0132003966719,
        "mean": 0.00687560578808,
        "min": 0.000494128908031,
        "stdev": 0.00191377894953
    },
    "spectral_rolloff": {
        "max": 10658.9355469,
        "mean": 1771.23474121,
        "min": 86.1328125,
        "stdev": 1676.0020752
    },
    "spectral_skewness": {
        "max": 2.48450493813,
        "mean": 1.27679884434,
        "min": 0.111574940383,
        "stdev": 0.253098070621
    },
    "spectral_spread": {
        "max": 13149628,
        "mean": 5845333.5,
        "min": 2387000.25,
        "stdev": 1345715.75
    },
    "spectral_strongpeak": {
        "max": 10.0235309601,
        "mean": 0.709614694118,
        "min": 0.0401166751981,
        "stdev": 1.00917971134
    },
    "zerocrossingrate": {
        "max": 0.2861328125,
        "mean": 0.0823398828506,
        "min": 0.0068359375,
        "stdev": 0.0397683382034
    },
    "barkbands": {
        "max": [0.00971263553947, 0.0912793129683, 0.0647427216172, 0.0322914235294, 0.040853638202, 0.0239168126136, 0.0204380899668, 0.0108371581882, 0.00887527875602, 0.0286570824683, 0.0481335520744, 0.00867013633251, 0.0109157869592, 0.0100835561752, 0.0119273774326, 0.00800334662199, 0.0110968863592, 0.00763065041974, 0.00716931605712, 0.00494328700006, 0.0093453405425, 0.0376550853252, 0.0185582954437, 0.0113784121349, 0.00488388165832, 0.00252694590017, 0.00115846924018],
        "mean": [0.00128812133335, 0.0181591827422, 0.00599555950612, 0.00262260506861, 0.00507487077266, 0.00210806913674, 0.00196108035743, 0.00072281435132, 0.0011859947117, 0.00239251949824, 0.00186190649401, 0.000934290117584, 0.000760424998589, 0.000913507363293, 0.000716237875167, 0.000402783916797, 0.000535130267963, 0.000584793800954, 0.000435602298239, 0.000433357578004, 0.000583835004363, 0.000843834364787, 0.000618523044977, 0.000411760614952, 0.000384553859476, 0.000226290940191, 5.22603004356e-05],
        "min": [1.93249558578e-08, 6.81729716234e-07, 1.06564442603e-07, 1.67429266185e-06, 8.71071188158e-06, 3.8919142753e-06, 3.11958751809e-06, 2.81361531052e-06, 9.71017470874e-06, 1.3793245671e-05, 3.69559347746e-06, 3.28357782564e-06, 2.30403134083e-06, 1.45922822412e-05, 1.07790556285e-05, 1.59079820605e-06, 7.46916293792e-06, 1.46639295053e-05, 3.52573624696e-06, 7.25978088667e-06, 2.10079429053e-06, 5.94803304921e-06, 1.60082845468e-06, 1.03135922025e-09, 6.56329365856e-11, 5.89863088929e-11, 7.04810654284e-11],
        "stdev": [0.00183679524343, 0.0174610000104, 0.00897130835801, 0.00331412744708, 0.00527957594022, 0.00238498835824, 0.00254105427302, 0.00105371314567, 0.00109999848064, 0.0032151110936, 0.00319361384027, 0.000907948298845, 0.000773398438469, 0.000966318766586, 0.000938461627811, 0.000549644406419, 0.000688167114276, 0.00061493832618, 0.000367206375813, 0.000391539681004, 0.000695194699802, 0.00171930762008, 0.00113569782116, 0.000605771318078, 0.00047419857583, 0.000266692542937, 9.59703102126e-05]
    },
    "erbbands": {
        "max": [2.89166259766, 25.5001659393, 87.7640686035, 114.666381836, 110.302032471, 148.630722046, 109.027435303, 212.608078003, 473.760162354, 419.027709961, 192.036804199, 243.784713745, 880.493530273, 1454.50219727, 1220.55395508, 436.286834717, 249.501037598, 553.759765625, 615.281860352, 657.423828125, 378.285705566, 664.389770508, 417.884521484, 368.864074707, 243.271316528, 282.126251221, 203.267730713, 488.171630859, 1752.96716309, 573.726745605, 579.295715332, 220.598937988, 306.630371094, 83.4938583374, 29.9735908508, 16.5675392151, 3.98044109344, 1.08688271046, 0.23186005652, 0.010540776886],
        "mean": [0.570174217224, 3.74770593643, 7.85979318619, 7.69567632675, 16.0878734589, 14.9490804672, 10.9853496552, 18.6967544556, 29.5232791901, 24.3693523407, 15.951842308, 26.6267814636, 62.94764328, 79.1979293823, 60.2233581543, 41.339630127, 36.0909767151, 51.5095939636, 35.7204360962, 33.474773407, 24.4162273407, 30.2402000427, 31.0317440033, 26.2808990479, 20.1780986786, 21.2201080322, 20.6771907806, 26.3289928436, 30.9019870758, 24.0801525116, 17.0903320312, 9.44952201843, 6.78925895691, 4.41580152512, 2.66491103172, 1.0396835804, 0.413654714823, 0.0903014466166, 0.00993523653597, 0.000380801240681],
        "min": [6.76469426253e-06, 0.000216155865928, 0.000594884098973, 0.00401244498789, 0.00667482567951, 0.0252645537257, 0.0248208921403, 0.05141299963, 0.047898195684, 0.110577337444, 0.0549295730889, 0.206018611789, 0.502897143364, 0.77744859457, 0.384235471487, 0.118438407779, 0.114234723151, 0.481220811605, 1.07300281525, 0.444860130548, 0.130789458752, 0.422290235758, 0.703762233257, 0.56379711628, 0.157356292009, 0.41115000844, 0.0780075639486, 0.10613194108, 0.24704284966, 0.143446236849, 0.0418492928147, 0.00718945777044, 0.000345460372046, 8.1348742242e-05, 3.11763760692e-05, 1.15357152026e-05, 4.96694201502e-06, 1.03448292066e-06, 1.22926610402e-06, 1.6758261836e-06],
        "stdev": [0.55244076252, 4.21408224106, 11.1018295288, 11.5678195953, 16.4555034637, 17.6912765503, 12.371553421, 22.1594314575, 40.7511291504, 39.4284591675, 19.1684818268, 24.9779186249, 83.7738952637, 128.295684814, 74.9301986694, 38.2579040527, 31.8743343353, 50.8108215332, 42.9847640991, 42.7919006348, 30.3064823151, 40.6292915344, 31.8788833618, 22.8361377716, 17.498090744, 19.3096122742, 20.3650379181, 37.7326812744, 68.3004226685, 44.7672538757, 31.5954761505, 13.3154067993, 11.3928909302, 5.63940048218, 3.32242012024, 1.27896940708, 0.497501254082, 0.121694512665, 0.0191124267876, 0.000682032608893]
    },
    "gfcc": {
        "mean": [76.656463623, 66.2592926025, -106.299308777, 37.617980957, -57.0686759949, 29.2214336395, -28.6735649109, 10.1076755524, -24.545633316, 3.29055047035, -15.8441514969, 6.26421356201, -9.58490657806],
        "cov": [[2236.62255859, -1018.31878662, 986.042602539, -225.407165527, 301.173034668, 38.7134895325, 22.8708438873, 133.071029663, -38.8936920166, 195.300186157, -158.868347168, 143.293151855, -148.415267944], [-1018.31878662, 1431.15563965, -560.12109375, 145.437332153, -120.531341553, -52.5175323486, 10.1134605408, -135.956573486, 27.693315506, -179.426361084, 150.740386963, -152.734146118, 137.596099854], [986.042602539, -560.12109375, 851.958435059, -29.4904670715, 277.696533203, 65.5510101318, 95.8427734375, 95.8722229004, 4.90287971497, 146.86177063, -53.7499847412, 92.7960739136, -89.2665710449], [-225.407165527, 145.437332153, -29.4904670715, 199.617584229, 0.362450420856, 42.6396102905, 34.5090141296, -11.5485553741, 19.9841976166, -30.8987922668, 37.2291069031, -34.5831565857, 28.2348937988], [301.173034668, -120.531341553, 277.696533203, 0.362450420856, 234.906829834, 53.865146637, 100.809417725, 39.9093208313, 22.8083152771, 56.4944915771, -6.75705957413, 21.5033111572, -23.6625537872], [38.7134895325, -52.5175323486, 65.5510101318, 42.6396102905, 53.865146637, 130.570327759, 49.5275726318, 49.6327896118, 4.49834346771, 37.1028327942, 3.08858323097, 8.17218875885, 7.47276306152], [22.8708438873, 10.1134605408, 95.8427734375, 34.5090141296, 100.809417725, 49.5275726318, 160.57170105, 9.66561031342, 35.1806411743, 7.49926280975, 20.9435882568, -7.14282989502, 7.02200698853], [133.071029663, -135.956573486, 95.8722229004, -11.5485553741, 39.9093208313, 49.6327896118, 9.66561031342, 110.343803406, 13.910615921, 60.744342804, -6.93069982529, 36.2189483643, -4.43021202087], [-38.8936920166, 27.693315506, 4.90287971497, 19.9841976166, 22.8083152771, 4.49834346771, 35.1806411743, 13.910615921, 82.1183166504, 16.5899391174, 32.6395874023, 2.75845932961, 13.3226385117], [195.300186157, -179.426361084, 146.86177063, -30.8987922668, 56.4944915771, 37.1028327942, 7.49926280975, 60.744342804, 16.5899391174, 109.935462952, -2.57847881317, 49.8210144043, -20.0557556152], [-158.868347168, 150.740386963, -53.7499847412, 37.2291069031, -6.75705957413, 3.08858323097, 20.9435882568, -6.93069982529, 32.6395874023, -2.57847881317, 82.8014831543, -8.15768146515, 36.1168403625], [143.293151855, -152.734146118, 92.7960739136, -34.5831565857, 21.5033111572, 8.17218875885, -7.14282989502, 36.2189483643, 2.75845932961, 49.8210144043, -8.15768146515, 83.6519241333, -8.30647182465], [-148.415267944, 137.596099854, -89.2665710449, 28.2348937988, -23.6625537872, 7.47276306152, 7.02200698853, -4.43021202087, 13.3226385117, -20.0557556152, 36.1168403625, -8.30647182465, 64.0119934082]],
        "icov": [[0.00123430392705, 0.000274466379778, -0.00120837427676, 0.000916406104807, -0.000234524268308, -5.38067870366e-05, 0.000427141494583, -3.60327721864e-05, -3.78210934286e-05, 0.000150538427988, 0.000694971182384, 0.000177154113771, -0.000261357286945], [0.000274466379778, 0.00149492337368, 0.000308827467961, -5.78949402552e-05, -0.000623491127044, 0.000237033658777, 0.00020451938326, 0.000390033761505, 0.000225896277698, 0.000705611193553, -0.00146541092545, 0.00118681124877, -0.00121953128837], [-0.00120837427676, 0.000308827467961, 0.00400214781985, -0.00157069449779, -0.00232218205929, 0.000650920381304, -0.000753743457608, -0.000174024389707, 0.000789135228842, -0.00138685340062, -0.000793773971964, -0.0010234041838, 0.00166094850283], [0.000916406104807, -5.78949402552e-05, -0.00157069449779, 0.00764824356884, 0.000448925507953, -0.00309928157367, 0.000285612477455, 0.000384368351661, -0.00131449173205, 0.00236396444961, -0.00138522183988, 0.00169749336783, -0.000775624823291], [-0.000234524268308, -0.000623491127044, -0.00232218205929, 0.000448925507953, 0.0095285102725, -0.00111375795677, -0.0041376487352, -0.000175429027877, -0.000830715929624, -0.00142787012737, 0.000814128434286, 0.000441457144916, 0.000777620589361], [-5.38067870366e-05, 0.000237033658777, 0.000650920381304, -0.00309928157367, -0.00111375795677, 0.0127781592309, -0.0031725235749, -0.00429682759568, 0.00302832690068, -0.00382921169512, 0.00104002992157, 0.00118541636039, -0.00247527426109], [0.000427141494583, 0.00020451938326, -0.000753743457608, 0.000285612477455, -0.0041376487352, -0.0031725235749, 0.0109073342755, 0.00102811446413, -0.00332950800657, 0.00251747923903, -0.00134169764351, 0.000879896979313, -0.000557973689865], [-3.60327721864e-05, 0.000390033761505, -0.000174024389707, 0.000384368351661, -0.000175429027877, -0.00429682759568, 0.00102811446413, 0.015467629768, -0.00215909164399, -0.00522509217262, 0.0016128141433, -0.001905031153, -0.00228458410129], [-3.78210934286e-05, 0.000225896277698, 0.000789135228842, -0.00131449173205, -0.000830715929624, 0.00302832690068, -0.00332950800657, -0.00215909164399, 0.0171026811004, -0.00318147637881, -0.00534192984924, 0.000353692419594, -0.00083418993745], [0.000150538427988, 0.000705611193553, -0.00138685340062, 0.00236396444961, -0.00142787012737, -0.00382921169512, 0.00251747923903, -0.00522509217262, -0.00318147637881, 0.0209114346653, -0.00445944257081, -0.00560865877196, 0.00413925107569], [0.000694971182384, -0.00146541092545, -0.000793773971964, -0.00138522183988, 0.000814128434286, 0.00104002992157, -0.00134169764351, 0.0016128141433, -0.00534192984924, -0.00445944257081, 0.0221604201943, -0.000498027075082, -0.00814968906343], [0.000177154113771, 0.00118681124877, -0.0010234041838, 0.00169749336783, 0.000441457144916, 0.00118541636039, 0.000879896979313, -0.001905031153, 0.000353692419594, -0.00560865877196, -0.000498027075082, 0.0192509647459, -0.00357161927968], [-0.000261357286945, -0.00121953128837, 0.00166094850283, -0.000775624823291, 0.000777620589361, -0.00247527426109, -0.000557973689865, -0.00228458410129, -0.00083418993745, 0.00413925107569, -0.00814968906343, -0.00357161927968, 0.0263806451112]]
    },
    "melbands": {
        "max": [0.0217430125922, 0.0403283201158, 0.0168528128415, 0.00939792674035, 0.00351704563946, 0.00556429801509, 0.00614119973034, 0.00369182904251, 0.00131093373057, 0.00140138820279, 0.00439434032887, 0.00556178484112, 0.00638938369229, 0.000927598099224, 0.000694140093401, 0.00114945159294, 0.00123055221047, 0.000916382239666, 0.000820843852125, 0.000767357239965, 0.000450541265309, 0.000931312446482, 0.000521646288689, 0.000548090494704, 0.000336882454576, 0.000212826998904, 0.000185469689313, 0.000225795345614, 0.000134646499646, 0.000202061564778, 0.000343647610862, 0.0011477888329, 0.000473585532745, 0.000338211684721, 0.000316087243846, 0.000266801915132, 0.000144991528941, 0.000229586235946, 0.00015194977459, 4.66240198875e-05],
        "mean": [0.00497150514275, 0.00437536928803, 0.00160660326947, 0.00117568066344, 0.000427791150287, 0.000440923118731, 0.000444060802693, 0.000239277331275, 0.00012986981892, 0.000173696942511, 0.000315243465593, 0.000319207349094, 0.000245973234996, 0.000108956111944, 8.81757587194e-05, 7.8274133557e-05, 9.76581286523e-05, 5.65481750527e-05, 4.81231763843e-05, 3.33834505e-05, 2.81527154584e-05, 3.09627612296e-05, 3.11473449983e-05, 2.69400916295e-05, 2.04904408747e-05, 1.63862114277e-05, 1.27793909996e-05, 1.41293803608e-05, 1.24614234664e-05, 1.39339545058e-05, 1.55001034727e-05, 1.76477369678e-05, 1.5940022422e-05, 1.23076433738e-05, 1.02866988527e-05, 7.36587253414e-06, 5.19669038113e-06, 4.9103141464e-06, 4.07674224334e-06, 3.59498449143e-06],
        "min": [1.10784384333e-07, 4.24208394634e-07, 9.2020837883e-07, 1.79850269433e-06, 8.12746975498e-07, 9.38708808462e-07, 6.34003754385e-07, 1.00662691693e-06, 4.27016686899e-07, 1.41596342473e-06, 2.52666086453e-06, 2.92106324196e-06, 5.21313097579e-07, 4.91158516525e-07, 2.44359796397e-07, 1.96410894659e-07, 8.92271373232e-07, 1.00363081401e-06, 7.64088213145e-07, 1.04909396725e-07, 1.42264113379e-07, 3.27726013438e-07, 5.83907194596e-07, 5.9961490706e-07, 4.59866612346e-07, 8.08973297239e-08, 2.47109340989e-07, 2.40424895992e-07, 3.24783222538e-08, 4.24363690854e-08, 6.82993075429e-08, 1.29684437411e-07, 6.93401247531e-08, 5.17498754959e-08, 1.72098548745e-08, 8.49672154857e-09, 1.41273251777e-11, 6.90169980628e-13, 5.97599118628e-13, 5.43359573914e-13],
        "stdev": [0.00449094967917, 0.005619735457, 0.00183129508514, 0.00124403857626, 0.000468073209049, 0.000538000254892, 0.000567902054172, 0.000380047451472, 0.000147393438965, 0.000159404531587, 0.000423207442509, 0.000530207005795, 0.000375281262677, 0.000108650216134, 7.72520361352e-05, 7.85660158726e-05, 0.000105634833744, 7.06071805325e-05, 7.00805321685e-05, 4.26540827902e-05, 3.68318651454e-05, 4.83769581479e-05, 3.72021022486e-05, 3.04601107928e-05, 1.89218953892e-05, 1.47127566379e-05, 1.21746934383e-05, 1.39363410199e-05, 1.25870192278e-05, 1.64681841852e-05, 2.45826468017e-05, 4.24096979259e-05, 3.08057642542e-05, 2.37235490204e-05, 1.9719633201e-05, 1.26969562189e-05, 7.24336678104e-06, 8.74639135873e-06, 6.20468381385e-06, 4.54011023976e-06]
    },
    "melbands128": {
        "max": [0.00933120958507, 0.0262068584561, 0.0291854385287, 0.0531873330474, 0.0567496791482, 0.0302574634552, 0.0274233371019, 0.011559734121, 0.0150232613087, 0.0167530011386, 0.00852333568037, 0.00606397399679, 0.00415916321799, 0.00515648163855, 0.00652513699606, 0.0124919014052, 0.0158004779369, 0.00552270794287, 0.00632769614458, 0.00721093732864, 0.00296792946756, 0.0030173540581, 0.00198757392354, 0.00201475410722, 0.00287538999692, 0.00283409352414, 0.0041286512278, 0.00880811177194, 0.00491478247568, 0.00879015307873, 0.0123246563599, 0.013159301132, 0.00912673026323, 0.00255860947073, 0.0017149511259, 0.00154085538816, 0.00197737198323, 0.00103224650957, 0.00129440997262, 0.00111852912232, 0.00208072504029, 0.00198984588496, 0.00167255080305, 0.00176939752419, 0.00101537501905, 0.00135162635706, 0.00169605051633, 0.00149690755643, 0.00209567788988, 0.00091534567764, 0.00152341392823, 0.000880623876583, 0.000669023778755, 0.00063652638346, 0.000808587064967, 0.00179802672938, 0.00112123647705, 0.000708736944944, 0.00123659835663, 0.000613812706433, 0.000902135798242, 0.00067561987089, 0.000315720477374, 0.0005902130506, 0.000262266810751, 0.000197901244974, 0.000252366269706, 0.000263755413471, 0.00022744598391, 0.000167198610143, 0.000253613747191, 0.000307737704134, 0.000229902972933, 0.000162607917446, 0.000181297684321, 0.000257870560745, 0.000390727363992, 0.00033751691808, 0.000509978155605, 0.000578800449148, 0.00104571832344, 0.00190409331117, 0.000772443541791, 0.00043724491843, 0.000416847411543, 0.000516640895512, 0.000377595628379, 0.000278651248664, 0.000453046784969, 0.000633979681879, 0.000344683416188, 0.000174383603735, 0.000146638412843, 0.000188120742678, 9.02941392269e-05, 0.000164371274877, 0.000308270944515, 0.000329226721078, 0.000106300220068, 0.000116253351734, 4.65813136543e-05, 4.06064973504e-05, 5.81122367294e-05, 5.75007397856e-05, 5.71405907976e-05, 4.38428469351e-05, 5.34058490302e-05, 4.9139616749e-05, 3.71969945263e-05, 1.2684576177e-05, 1.35208292704e-05, 1.79233738891e-05, 1.80480237759e-05, 1.18369616757e-05, 1.7938324163e-05, 1.28393039631e-05, 8.56121005199e-06, 8.99267342902e-06, 9.69570010056e-06, 1.01166078821e-05, 8.09488301456e-06, 1.08840740722e-05, 6.97769746694e-06, 3.05091873543e-07, 1.05415312035e-08, 6.28680574266e-09, 4.01544575368e-09, 2.8582114453e-09],
        "mean": [0.00122141174506, 0.00483029801399, 0.00585394259542, 0.00655773375183, 0.00484337983653, 0.00258024223149, 0.00143024418503, 0.00135689601302, 0.00181636342313, 0.00127872230951, 0.000738727103453, 0.000515348161571, 0.00033214504947, 0.000326392037096, 0.000324347609421, 0.000605304609053, 0.000611467170529, 0.000350273563527, 0.000327876914525, 0.00031068228418, 0.000157521295478, 0.000129467865918, 0.000108812455437, 0.00014573194494, 0.000185112425243, 0.000130173822981, 0.00028356682742, 0.000399766489863, 0.000251011748333, 0.000350303802406, 0.000285415357212, 0.000367141095921, 0.000307421229081, 0.000110346278234, 9.25561107579e-05, 0.000120279422845, 0.000122996367281, 6.70768422424e-05, 9.17664001463e-05, 7.31612453819e-05, 5.79569095862e-05, 0.000114846392535, 0.000103994927485, 0.000101365214505, 4.33178538515e-05, 6.08735281276e-05, 5.40856453881e-05, 3.39959951816e-05, 5.63293797313e-05, 5.50811928406e-05, 1.9759640054e-05, 2.42762380367e-05, 2.93926696031e-05, 2.86771828542e-05, 3.04404766212e-05, 3.24868415191e-05, 2.81534903479e-05, 3.4385764593e-05, 3.42319326592e-05, 2.18773839151e-05, 2.90168936772e-05, 2.74236008408e-05, 2.31671492656e-05, 1.81146951945e-05, 1.63251133927e-05, 1.91693397937e-05, 1.39786443469e-05, 1.16895307656e-05, 1.0960846339e-05, 1.7199314243e-05, 1.40199663292e-05, 1.28812471303e-05, 1.34971023726e-05, 1.22836772789e-05, 1.10699202196e-05, 1.3399287127e-05, 1.5805953808e-05, 1.51125295815e-05, 1.5137678929e-05, 1.61410898727e-05, 1.6647949451e-05, 1.88392423297e-05, 1.89459115063e-05, 1.48844155774e-05, 1.45392632476e-05, 1.3457645764e-05, 1.14519343697e-05, 1.00511069832e-05, 1.07569485408e-05, 9.95246955426e-06, 8.85152530827e-06, 6.34997286397e-06, 5.36577499588e-06, 5.30811303179e-06, 4.90528054797e-06, 5.0517787713e-06, 5.03236742588e-06, 4.56849829789e-06, 3.95422921429e-06, 4.01888883061e-06, 3.6592637116e-06, 3.55430347554e-06, 3.41436953022e-06, 3.50560685547e-06, 3.15426632369e-06, 2.73590785582e-06, 2.39526434598e-06, 2.06956019611e-06, 1.66151914982e-06, 1.40901306622e-06, 1.35179413974e-06, 1.54079486947e-06, 1.37042025017e-06, 1.16658964089e-06, 1.04725916117e-06, 8.87266537575e-07, 5.70623342355e-07, 4.40203308472e-07, 3.68512303339e-07, 3.02450246181e-07, 2.4857430958e-07, 2.39677945046e-07, 1.40708422691e-07, 4.4611248029e-09, 1.26419794771e-11, 1.02620984627e-11, 8.98672542632e-12, 8.36580110741e-12],
        "min": [7.55202300695e-09, 1.03985575706e-08, 1.8045723138e-08, 3.26162052033e-07, 1.71990734543e-07, 5.70748213136e-08, 5.69109630533e-08, 5.47964134512e-07, 2.1650974702e-07, 1.20365154999e-06, 2.79317134755e-07, 2.35552278127e-07, 1.71526593817e-07, 2.44336803235e-07, 6.34164848634e-07, 7.4361750535e-08, 5.28228156327e-07, 5.44920737866e-07, 2.63269328116e-07, 3.46436905829e-07, 2.82736721147e-07, 2.29214009551e-07, 2.1928219951e-07, 1.16380633131e-07, 1.45727966583e-07, 6.44708904929e-07, 8.72457235346e-07, 2.24902260015e-06, 7.48061495415e-07, 4.25164785156e-07, 3.4386764014e-07, 7.58019268687e-07, 2.49118045303e-07, 2.39774976762e-07, 5.51079551769e-07, 3.2055956467e-07, 8.16439822415e-08, 2.63848022541e-07, 2.77955393813e-07, 2.08876926422e-07, 1.50240751395e-07, 1.66965918424e-07, 6.85744396378e-07, 3.26683334606e-07, 1.98535872187e-07, 5.75070977504e-08, 5.54360468641e-08, 1.31531393777e-07, 4.42621967522e-07, 1.03512178384e-07, 5.41376827812e-08, 8.1579479172e-08, 1.81053110282e-07, 1.28908283159e-07, 1.45261338957e-07, 2.53956869756e-07, 3.476295376e-07, 2.74232377251e-07, 6.96002402378e-08, 1.88303843629e-07, 1.73372967538e-07, 4.36543672322e-07, 1.99379527999e-07, 9.89292914255e-08, 1.77289052772e-07, 7.71864208104e-08, 1.34212010394e-08, 5.14530000828e-08, 1.03597344037e-07, 1.62273934734e-07, 1.94843906343e-07, 9.9263219866e-09, 2.43359430385e-08, 2.59013788195e-08, 6.25283220757e-08, 3.80767772867e-08, 3.89543721724e-08, 4.09663023504e-08, 7.84323788139e-08, 8.02924162713e-08, 8.00208113105e-08, 1.86447923767e-08, 5.25955279329e-08, 2.51857770195e-08, 3.0626107872e-08, 4.09735640972e-08, 1.30515189767e-08, 1.73739582721e-08, 2.87822543577e-09, 1.55859414264e-08, 5.05245223437e-09, 3.48252010562e-10, 4.01417475648e-11, 2.62715760604e-12, 7.36002459065e-13, 5.05519020741e-13, 6.14677417039e-13, 7.60012441436e-13, 5.14126610208e-13, 5.62124619855e-13, 6.59084061199e-13, 4.73680773425e-13, 5.10214212459e-13, 3.79398498295e-13, 3.70386067736e-13, 2.8818492189e-13, 3.46421676067e-13, 3.48735119558e-13, 2.31168789623e-13, 2.40163764527e-13, 3.2001037562e-13, 3.90223877517e-13, 2.4278327829e-13, 2.5390467181e-13, 2.17985514622e-13, 2.59360675298e-13, 2.72962940228e-13, 2.48280806721e-13, 2.82865988662e-13, 1.97438731488e-13, 2.54988358987e-13, 2.46621896082e-13, 1.90780103846e-13, 1.98887645719e-13, 1.59480677904e-13, 6.06518619508e-14, 1.01168454785e-14, 2.99849504509e-16],
        "stdev": [0.00174839643296, 0.00535197835416, 0.00542864296585, 0.00851929094642, 0.00709823751822, 0.0041762534529, 0.00274114659987, 0.00152164860629, 0.00210538529791, 0.00171978480648, 0.00101260410156, 0.000726719386876, 0.000468709302368, 0.000455992761999, 0.000414621143136, 0.00105769617949, 0.00119205086958, 0.000566560542211, 0.000657412223518, 0.000646772852633, 0.000289183750283, 0.000234276216361, 0.000163511154824, 0.000199247384444, 0.000253587582847, 0.00015895285469, 0.00040241717943, 0.000752385123633, 0.000398743286496, 0.000809023622423, 0.000725928402971, 0.000865988316946, 0.000497361645103, 0.000219046516577, 0.000155557674589, 0.000149169223732, 0.000161168034538, 8.20633285912e-05, 0.000126260711113, 8.97779100342e-05, 0.000100857614598, 0.000155090005137, 0.000133639143314, 0.000163610224263, 7.35521825845e-05, 0.00010861868941, 0.000106815903564, 9.25501080928e-05, 0.000115433482279, 7.5883253885e-05, 4.73984873679e-05, 5.41968729522e-05, 5.37541527592e-05, 4.80925518787e-05, 5.31895129825e-05, 8.28872070997e-05, 5.95321907895e-05, 5.44927861483e-05, 6.21774743195e-05, 3.62311293429e-05, 4.37961061834e-05, 4.73270265502e-05, 2.78728693957e-05, 2.26025440497e-05, 1.81982450158e-05, 2.15014079004e-05, 1.68354254129e-05, 1.5084817278e-05, 1.37639190143e-05, 1.73765674845e-05, 1.66120171343e-05, 1.73979497049e-05, 1.60947638506e-05, 1.42358221638e-05, 1.46043821587e-05, 1.68018941622e-05, 2.4071901862e-05, 2.55232698692e-05, 2.73054920399e-05, 3.150102566e-05, 4.44200450147e-05, 5.8828642068e-05, 3.8934584154e-05, 3.18322054227e-05, 2.8397067581e-05, 3.019828182e-05, 2.29431898333e-05, 1.88582362171e-05, 2.37122512772e-05, 2.24136911129e-05, 1.69537706824e-05, 1.14880458568e-05, 8.42046301841e-06, 8.31807301438e-06, 6.96674851497e-06, 8.76869762578e-06, 1.08233234641e-05, 9.43145550991e-06, 6.11959649177e-06, 6.07960055277e-06, 4.91567743666e-06, 4.77129924548e-06, 4.76927561976e-06, 4.85096916236e-06, 4.32139768236e-06, 3.77929950446e-06, 3.53612767867e-06, 2.97494216284e-06, 2.27377290685e-06, 1.8341725081e-06, 1.74342915216e-06, 2.05598826142e-06, 1.82670282811e-06, 1.55953966896e-06, 1.48719084336e-06, 1.27996077026e-06, 9.31593945097e-07, 7.90679962392e-07, 7.79911374593e-07, 7.03236764821e-07, 6.2539385226e-07, 6.31838929621e-07, 4.05573558737e-07, 1.74112724238e-08, 2.30902269527e-10, 1.38816139139e-10, 9.02295529959e-11, 6.60159774069e-11]
    },
    "mfcc": {
        "mean": [-568.197143555, 96.9862670898, 9.69261455536, 17.9831085205, 1.34710776806, 16.9652633667, 6.69808530807, 11.8183574677, 1.81243467331, -0.340851098299, 1.86615228653, -1.5147203207, -1.93137395382],
        "cov": [[1467.17810059, -399.485473633, 340.873596191, -80.0755767822, 156.636703491, -23.3771286011, 46.8069152832, -32.7225723267, 79.060546875, 44.670501709, -7.19103479385, 23.7324886322, 19.5995693207], [-399.485473633, 849.085632324, -171.523284912, 71.4889831543, -59.1899490356, 12.1745605469, -2.55551719666, -1.71722507477, -58.182094574, -23.6278209686, -19.0278244019, -12.7506952286, -18.7148399353], [340.873596191, -171.523284912, 361.579681396, 43.7867546082, 108.876426697, 38.8279724121, 70.6135406494, 8.53983402252, 42.3537483215, 28.1296386719, 34.3265419006, 30.9040584564, 34.1621131897], [-80.0755767822, 71.4889831543, 43.7867546082, 142.623580933, 19.9241981506, 42.5225410461, 24.5562343597, 19.8069896698, 2.71806263924, 5.43658924103, 5.32421875, 13.0966978073, 5.76720714569], [156.636703491, -59.1899490356, 108.876426697, 19.9241981506, 141.241958618, 25.2428836823, 46.9584655762, 6.90283727646, 35.6602020264, 29.6880722046, 15.1694278717, 26.5800800323, 22.2561130524], [-23.3771286011, 12.1745605469, 38.8279724121, 42.5225410461, 25.2428836823, 113.804977417, 56.9357032776, 26.8157711029, 21.494802475, 25.5978431702, 16.8755931854, 3.27187299728, 11.493727684], [46.8069152832, -2.55551719666, 70.6135406494, 24.5562343597, 46.9584655762, 56.9357032776, 129.321838379, 28.9826087952, 38.9654846191, 39.8820724487, 15.9705076218, 11.6836261749, 12.4407596588], [-32.7225723267, -1.71722507477, 8.53983402252, 19.8069896698, 6.90283727646, 26.8157711029, 28.9826087952, 64.1195831299, 24.3700275421, 12.4313488007, 6.80515050888, 4.74755954742, 5.03937244415], [79.060546875, -58.182094574, 42.3537483215, 2.71806263924, 35.6602020264, 21.494802475, 38.9654846191, 24.3700275421, 73.6049346924, 35.3711471558, 15.7297306061, 11.0153207779, 15.8491296768], [44.670501709, -23.6278209686, 28.1296386719, 5.43658924103, 29.6880722046, 25.5978431702, 39.8820724487, 12.4313488007, 35.3711471558, 70.8907012939, 21.2603092194, 15.9690532684, 12.0722208023], [-7.19103479385, -19.0278244019, 34.3265419006, 5.32421875, 15.1694278717, 16.8755931854, 15.9705076218, 6.80515050888, 15.7297306061, 21.2603092194, 57.5086479187, 15.6996450424, 16.4992733002], [23.7324886322, -12.7506952286, 30.9040584564, 13.0966978073, 26.5800800323, 3.27187299728, 11.6836261749, 4.74755954742, 11.0153207779, 15.9690532684, 15.6996450424, 60.4133453369, 20.604675293], [19.5995693207, -18.7148399353, 34.1621131897, 5.76720714569, 22.2561130524, 11.493727684, 12.4407596588, 5.03937244415, 15.8491296768, 12.0722208023, 16.4992733002, 20.604675293, 57.0438194275]],
        "icov": [[0.00111107237171, 0.000206683354918, -0.000940745987464, 0.000696011586115, -0.000518743065186, 0.000226411706535, 0.000103316619061, 0.000601149979047, -0.000680029392242, -0.000310006638756, 0.000909118796699, -3.41582017427e-05, 0.00026414488093], [0.000206683354918, 0.0015263943933, 0.000620496401098, -0.000798395893071, -1.12160441859e-05, 1.6846901417e-05, -0.000557138351724, 0.00021805583674, 0.000856562051922, 3.76414072889e-06, 0.000133609762997, 1.30243888634e-05, -4.00273202104e-05], [-0.000940745987464, 0.000620496401098, 0.00522075826302, -0.0018317787908, -0.00184699753299, -0.000141016935231, -0.00159457477275, 0.000335690798238, 0.000355618190952, 0.00120209809393, -0.002133063972, -0.000147613653098, -0.00103036640212], [0.000696011586115, -0.000798395893071, -0.0018317787908, 0.00949480570853, -0.000699776108377, -0.00272833998315, 0.000469125487143, -0.00163761165459, 0.000500956084579, 0.000292473123409, 0.0011442208197, -0.001739339903, 0.000597331905738], [-0.000518743065186, -1.12160441859e-05, -0.00184699753299, -0.000699776108377, 0.0110332397744, -0.00042370997835, -0.00150283856783, 0.00110037007835, -0.002164399717, -0.00106030749157, 0.000560964690521, -0.00242574233562, -0.00109766819514], [0.000226411706535, 1.6846901417e-05, -0.000141016935231, -0.00272833998315, -0.00042370997835, 0.0132178533822, -0.00407529622316, -0.00235137157142, 0.000343962397892, -0.00172774284147, -0.00172566785477, 0.00225993385538, -0.00116050697397], [0.000103316619061, -0.000557138351724, -0.00159457477275, 0.000469125487143, -0.00150283856783, -0.00407529622316, 0.0130259450525, -0.00244282372296, -0.00240013957955, -0.00361996237189, 0.000788095523603, 7.92083519627e-05, 0.000648065994028], [0.000601149979047, 0.00021805583674, 0.000335690798238, -0.00163761165459, 0.00110037007835, -0.00235137157142, -0.00244282372296, 0.020609697327, -0.00654530897737, 0.00115313148126, 0.000210590325878, -0.000810778525192, 0.000392499758163], [-0.000680029392242, 0.000856562051922, 0.000355618190952, 0.000500956084579, -0.002164399717, 0.000343962397892, -0.00240013957955, -0.00654530897737, 0.0233497135341, -0.00718068424612, -0.00135181879159, 0.00102279905695, -0.0028184261173], [-0.000310006638756, 3.76414072889e-06, 0.00120209809393, 0.000292473123409, -0.00106030749157, -0.00172774284147, -0.00361996237189, 0.00115313148126, -0.00718068424612, 0.0222814157605, -0.00475328275934, -0.00290591293015, 0.000511827063747], [0.000909118796699, 0.000133609762997, -0.002133063972, 0.0011442208197, 0.000560964690521, -0.00172566785477, 0.000788095523603, 0.000210590325878, -0.00135181879159, -0.00475328275934, 0.022733412683, -0.00310806324705, -0.00323960511014], [-3.41582017427e-05, 1.30243888634e-05, -0.000147613653098, -0.001739339903, -0.00242574233562, 0.00225993385538, 7.92083519627e-05, -0.000810778525192, 0.00102279905695, -0.00290591293015, -0.00310806324705, 0.0213307403028, -0.00564937200397], [0.00026414488093, -4.00273202104e-05, -0.00103036640212, 0.000597331905738, -0.00109766819514, -0.00116050697397, 0.000648065994028, 0.000392499758163, -0.0028184261173, 0.000511827063747, -0.00323960511014, -0.00564937200397, 0.0221216194332]]
    },
    "spectral_contrast_coeffs": {
        "max": [-0.486977428198, -0.427278131247, -0.502671301365, -0.628026545048, -0.641933381557, -0.474109143019],
        "mean": [-0.730345487595, -0.767098903656, -0.755431711674, -0.791448414326, -0.791383683681, -0.744273662567],
        "min": [-0.913453638554, -0.904945194721, -0.894919216633, -0.88830268383, -0.871254622936, -0.83294916153],
        "stdev": [0.074480548501, 0.0696116834879, 0.0603739432991, 0.0392256192863, 0.0332436710596, 0.0406533516943]
    },
    "spectral_contrast_valleys": {
        "max": [-4.63880681992, -4.81336784363, -5.43325042725, -5.78736591339, -5.52415657043, -7.24759626389],
        "mean": [-6.06269645691, -6.32188892365, -6.56436538696, -6.98941421509, -6.86233377457, -9.12172031403],
        "min": [-10.0465745926, -8.49970817566, -8.35791110992, -9.10739326477, -9.31004524231, -15.8347024918],
        "stdev": [0.741609990597, 0.561657309532, 0.440216213465, 0.43115606904, 0.492177665234, 0.927199542522]
    }
},
"rhythm": {
    "beats_count": 88,
    "beats_loudness": {
        "max": 0.133095502853,
        "mean": 0.0653077065945,
        "min": 0.0114082954824,
        "stdev": 0.029230568558
    },
    "bpm": 109.939041138,
    "bpm_histogram_first_peak_bpm": 110,
    "bpm_histogram_first_peak_weight": 0.10843372345,
    "bpm_histogram_second_peak_bpm": 103,
    "bpm_histogram_second_peak_spread": 0.5,
    "bpm_histogram_second_peak_weight": 0.0229885056615,
    "danceability": 1.26908755302,
    "onset_rate": 2.7890625,
    "beats_loudness_band_ratio": {
        "max": [0.967306673527, 0.50955581665, 0.36035990715, 0.519889891148, 0.242490783334, 0.425554126501],
        "mean": [0.69599789381, 0.0669131353498, 0.0704442337155, 0.0917327925563, 0.0460901483893, 0.0576265789568],
        "min": [0.0222046431154, 0.00263425149024, 0.00277345650829, 0.00350302341394, 0.0019116983749, 0.00176261248998],
        "stdev": [0.242352828383, 0.0796810463071, 0.0673911273479, 0.107430137694, 0.0520379170775, 0.0651497542858]
    },
