{
"metadata": {
    "version": {
        "essentia": "2.1-beta5",
        "essentia_git_sha": "Undefined",
        "extractor": "music 2.0"
    },
    "audio_properties": {
        "analysis": {
            "equal_loudness": 0,
            "length": 12.7477550507,
            "sample_rate": 44100,
            "start_time": 0,
            "downmix": "mix"
        },
        "bit_rate": 192000,
        "length": 189.730255127,
        "lossless": 0,
        "number_channels": 2,
        "replay_gain": -2.06665992737,
        "sample_rate": 48000,
        "codec": "mp3",
        "md5_encoded": "58c58040b87711efdcb642903e2c9679"
    },
    "tags": {
        "file_name": "Montenegro_Heaven_D mol.mp3",
        "encoding": ["Lavf58.29.100"]
    }
},
"lowlevel": {
    "average_loudness": 0.954397916794,
    "barkbands_crest": {
        "max": 22.3822727203,
        "mean": 9.48780918121,
        "min": 3.22538852692,
        "stdev": 3.70324039459
    },
    "barkbands_flatness_db": {
        "max": 0.450681746006,
        "mean": 0.166242316365,
        "min": 0.0501939430833,
        "stdev": 0.0573423840106
    },
    "barkbands_kurtosis": {
        "max": 34.8168258667,
        "mean": 2.35115599632,
        "min": -1.92393863201,
        "stdev": 3.9534201622
    },
    "barkbands_skewness": {
        "max": 4.18244171143,
        "mean": 0.616441190243,
        "min": -5.79735565186,
        "stdev": 1.19039154053
    },
    "barkbands_spread": {
        "max": 141.210021973,
        "mean": 17.2431182861,
        "min": 1.54260182381,
        "stdev": 15.9073171616
    },
    "dissonance": {
        "max": 0.49997228384,
        "mean": 0.480161637068,
        "min": 0.36062002182,
        "stdev": 0.0203842073679
    },
    "dynamic_complexity": 1.78030884266,
    "erbbands_crest": {
        "max": 28.2562885284,
        "mean": 10.5054969788,
        "min": 3.78388094902,
        "stdev": 4.58411407471
    },
    "erbbands_flatness_db": {
        "max": 0.39377656579,
        "mean": 0.23232910037,
        "min": 0.0293576996773,
        "stdev": 0.0681198760867
    },
    "erbbands_kurtosis": {
        "max": 18.910451889,
        "mean": 1.6935697794,
        "min": -1.80189669132,
        "stdev": 2.39875006676
    },
    "erbbands_skewness": {
        "max": 3.7276597023,
        "mean": 0.803084611893,
        "min": -4.21472215652,
        "stdev": 0.82612323761
    },
    "erbbands_spread": {
        "max": 130.149673462,
        "mean": 23.5931301117,
        "min": 2.9394967556,
        "stdev": 18.3397426605
    },
    "hfc": {
        "max": 703.448425293,
        "mean": 56.2089805603,
        "min": 4.89445066452,
        "stdev": 92.4057235718
    },
    "loudness_ebu128": {
        "integrated": -20.4944343567,
        "loudness_range": 2.66521644592,
        "momentary": {
            "max": -16.9417457581,
            "mean": -20.8817672729,
            "min": -25.0246391296,
            "stdev": 1.86017787457
        },
        "short_term": {
            "max": -19.5043849945,
            "mean": -20.9237785339,
            "min": -22.6913299561,
            "stdev": 1.03963005543
        }
    },
    "melbands_crest": {
        "max": 27.335269928,
        "mean": 11.8119840622,
        "min": 4.69256162643,
        "stdev": 4.65153408051
    },
    "melbands_flatness_db": {
        "max": 0.567370295525,
        "mean": 0.166203632951,
        "min": 0.0499521568418,
        "stdev": 0.0628755837679
    },
    "melbands_kurtosis": {
        "max": 89.5238571167,
        "mean": 4.64540195465,
        "min": -1.83915305138,
        "stdev": 6.61195135117
    },
    "melbands_skewness": {
        "max": 8.70659923553,
        "mean": 1.28070318699,
        "min": -1.33868253231,
        "stdev": 1.04079520702
    },
    "melbands_spread": {
        "max": 306.08505249,
        "mean": 32.7201423645,
        "min": 1.53182971478,
        "stdev": 45.1309165955
    },
    "pitch_salience": {
        "max": 0.873425245285,
        "mean": 0.646810650826,
        "min": 0.256554156542,
        "stdev": 0.105445772409
    },
    "silence_rate_20dB": {
        "max": 1,
        "mean": 0.994545459747,
        "min": 0,
        "stdev": 0.0736532360315
    },
    "silence_rate_30dB": {
        "max": 1,
        "mean": 0.985454559326,
        "min": 0,
        "stdev": 0.119724199176
    },
    "silence_rate_60dB": {
        "max": 0,
        "mean": 0,
        "min": 0,
        "stdev": 0
    },
    "spectral_centroid": {
        "max": 8038.41894531,
        "mean": 1760.96459961,
        "min": 205.150894165,
        "stdev": 921.530639648
    },
    "spectral_complexity": {
        "max": 58,
        "mean": 24.5,
        "min": 1,
        "stdev": 8.05001449585
    },
    "spectral_decrease": {
        "max": 3.58686458313e-09,
        "mean": -5.9569975619e-09,
        "min": -1.49245167336e-07,
        "stdev": 9.10649422536e-09
    },
    "spectral_energy": {
        "max": 0.573109328747,
        "mean": 0.0275814104825,
        "min": 0.00313091138378,
        "stdev": 0.0344544164836
    },
    "spectral_energyband_high": {
        "max": 0.0615928918123,
        "mean": 0.00294099515304,
        "min": 1.52791926666e-05,
        "stdev": 0.00762158958241
    },
    "spectral_energyband_low": {
        "max": 0.259225815535,
        "mean": 0.00249788817018,
        "min": 2.3389682724e-07,
        "stdev": 0.0141661223024
    },
    "spectral_energyband_middle_high": {
        "max": 0.0696961432695,
        "mean": 0.0130667695776,
        "min": 5.95335659455e-05,
        "stdev": 0.00906162429601
    },
    "spectral_energyband_middle_low": {
        "max": 0.425329297781,
        "mean": 0.0101226205006,
        "min": 5.83973414905e-05,
        "stdev": 0.0278511829674
    },
    "spectral_entropy": {
        "max": 8.81389141083,
        "mean": 7.73829889297,
        "min": 5.63818788528,
        "stdev": 0.410760611296
    },
    "spectral_flux": {
        "max": 0.701139271259,
        "mean": 0.10010650754,
        "min": 0.0344768390059,
        "stdev": 0.0613712891936
    },
    "spectral_kurtosis": {
        "max": 25.4661750793,
        "mean": 4.1301112175,
        "min": -1.26249146461,
        "stdev": 3.08145546913
    },
    "spectral_rms": {
        "max": 0.0236459523439,
        "mean": 0.00487420056015,
        "min": 0.00174772646278,
        "stdev": 0.00177506927866
    },
    "spectral_rolloff": {
        "max": 18346.2890625,
        "mean": 3251.12109375,
        "min": 193.798828125,
        "stdev": 4303.34960938
    },
    "spectral_skewness": {
        "max": 3.50342202187,
        "mean": 1.45023286343,
        "min": 0.312541007996,
        "stdev": 0.369667410851
    },
    "spectral_spread": {
        "max": 17566530,
        "mean": 4565935.5,
        "min": 970837.1875,
        "stdev": 3785603.75
    },
    "spectral_strongpeak": {
        "max": 61.1878967285,
        "mean": 3.93688154221,
        "min": 0.0654895454645,
        "stdev": 7.75620555878
    },
    "zerocrossingrate": {
        "max": 0.61572265625,
        "mean": 0.113381572068,
        "min": 0.01416015625,
        "stdev": 0.129663556814
    },
    "barkbands": {
        "max": [0.00204274291173, 0.0420845225453, 0.131579905748, 0.22083067894, 0.180952459574, 0.0588768832386, 0.00966727919877, 0.00866582989693, 0.0465768277645, 0.0328890196979, 0.0267852079123, 0.0201504472643, 0.0172027125955, 0.00824621412903, 0.00443211803213, 0.00226818863302, 0.00740184588358, 0.00396761344746, 0.00347297731787, 0.00320629449561, 0.00226361933164, 0.00108735228423, 0.00213780044578, 0.00130806758534, 0.0461378358305, 0.018254628405, 0.0273116659373],
        "mean": [5.60284279345e-05, 0.000949842040427, 0.000889852293767, 0.00122160243336, 0.00195164897013, 0.000896277837455, 0.000351573049556, 0.000881444721017, 0.00391676882282, 0.0033493693918, 0.00336978584528, 0.00194110197481, 0.00158753315918, 0.00122471165378, 0.000702774501406, 0.000255122809904, 0.000346875516698, 0.000356234639185, 0.000251236138865, 0.000241864705458, 0.000142719698488, 0.000101491910755, 6.39210411464e-05, 0.000103713537101, 0.00119571678806, 0.000773629173636, 0.000458576017991],
        "min": [5.03112163042e-10, 1.09984199526e-09, 3.76296576121e-08, 2.04490760325e-07, 3.06822198581e-06, 4.43725502919e-06, 5.4296460803e-06, 2.14511874219e-06, 1.05331273517e-05, 9.44724433793e-06, 4.62418074676e-06, 3.09593906422e-06, 6.08118898526e-06, 9.20903039514e-06, 2.94560913972e-06, 3.99899499826e-06, 5.40018845641e-06, 5.36761172043e-06, 6.58590033709e-06, 6.0880829551e-06, 3.96046743845e-06, 9.65768833794e-08, 2.54048804216e-09, 1.23568544286e-10, 5.64701341244e-11, 8.19483161885e-11, 9.55821394255e-11],
        "stdev": [0.000165436722455, 0.00291353021748, 0.00747876940295, 0.0111596565694, 0.0136633021757, 0.00388734717853, 0.000919522542972, 0.00118092505727, 0.00592643069103, 0.0047082612291, 0.00387698318809, 0.00255662971176, 0.0019787827041, 0.00119544903282, 0.000613726035226, 0.000239369721385, 0.000426474143751, 0.000354060088284, 0.000222540547838, 0.000231267345953, 0.000165275690961, 0.000124538230011, 0.00011185205949, 0.000203242379939, 0.00435643689707, 0.00254870043136, 0.0020383647643]
    },
    "erbbands": {
        "max": [0.826339185238, 10.4277582169, 105.341186523, 518.922546387, 776.133178711, 615.674804688, 654.142822266, 399.111328125, 206.275970459, 157.281677246, 237.024551392, 1034.4119873, 1031.11413574, 1144.07177734, 1191.42138672, 605.381469727, 841.365600586, 385.005950928, 255.878768921, 241.32522583, 107.779678345, 452.539001465, 264.524688721, 123.026237488, 226.213821411, 152.473449707, 63.906867981, 98.1717071533, 49.4555587769, 63.6378364563, 62.8161125183, 31.6636142731, 29.4449806213, 787.803466797, 149.902053833, 49.7393188477, 60.8493843079, 8.85650348663, 7.24315071106, 0.196313917637],
        "mean": [0.026710934937, 0.220909386873, 0.850737154484, 2.89635825157, 5.46628522873, 6.36087036133, 9.1545753479, 5.36525297165, 4.49943113327, 7.87663984299, 31.2508354187, 88.1033325195, 99.8393173218, 121.957344055, 131.616043091, 71.7555847168, 73.4267501831, 67.5094070435, 47.2274208069, 27.6779251099, 14.9231071472, 19.7584838867, 19.9784946442, 14.9484891891, 11.9972906113, 11.722196579, 6.84346961975, 4.80892658234, 3.71690559387, 2.82595896721, 1.74112856388, 2.39740371704, 2.03419709206, 19.3776855469, 4.59021759033, 2.01184749603, 2.16806197166, 0.270469814539, 0.10321059823, 0.00440273107961],
        "min": [2.93624964343e-07, 3.84097074857e-06, 9.79576070677e-05, 0.0010390849784, 0.00395033089444, 0.0106767192483, 0.0358523577452, 0.0456163100898, 0.0782231688499, 0.0640755072236, 0.0727878957987, 0.295841008425, 0.249101683497, 0.222446635365, 0.167474195361, 0.167169839144, 0.300259411335, 0.429059147835, 0.193170949817, 0.178963124752, 0.259022027254, 0.324646562338, 0.283987641335, 0.390913814306, 0.240546703339, 0.31707444787, 0.220869332552, 0.149550169706, 0.0283379927278, 0.00380899081938, 0.000595564837568, 0.000100747151009, 2.72841443802e-05, 1.6284377125e-05, 1.26379763969e-05, 8.49331991049e-06, 4.0391046241e-06, 1.11944575565e-06, 3.34076821673e-06, 7.00813779986e-06],
        "stdev": [0.0809334665537, 0.72036075592, 6.03268194199, 26.5600013733, 44.6087532043, 43.8238983154, 42.1082763672, 25.9453735352, 16.0753555298, 13.0385074615, 34.8776245117, 135.348449707, 135.036422729, 144.163162231, 151.257247925, 73.8115310669, 88.7344360352, 64.5241775513, 44.2485961914, 24.914484024, 12.9738492966, 24.80818367, 20.6271743774, 11.3620605469, 12.2725763321, 11.3221693039, 5.9161195755, 6.7441444397, 4.52920341492, 4.11860942841, 3.10167741776, 4.86982965469, 4.50557804108, 72.1411514282, 15.6222724915, 6.36034631729, 7.81704092026, 0.963668763638, 0.481951266527, 0.0193430446088]
    },
    "gfcc": {
        "mean": [-12.44556427, 71.5385284424, -183.326431274, 2.07811546326, -69.6062698364, 17.6019973755, -17.0074367523, 3.43753051758, -20.0433731079, -10.7920827866, -9.03809452057, -10.8847980499, -2.23179745674],
        "cov": [[2176.6484375, -1816.15441895, 1831.25256348, -293.316558838, 482.472229004, 526.057922363, -215.764144897, 628.084228516, -195.932006836, 579.185974121, -149.935958862, 260.674621582, -131.461135864], [-1816.15441895, 4847.34912109, -1721.04272461, 1312.76867676, -59.6036109924, -568.329345703, 728.509887695, -918.221130371, 414.637084961, -706.658081055, 345.062683105, -339.755462646, 120.586807251], [1831.25256348, -1721.04272461, 3371.80102539, -277.489990234, 967.132995605, 120.972351074, -255.883850098, 351.810546875, -308.797027588, 594.491149902, -85.3988418579, 463.991821289, -141.202331543], [-293.316558838, 1312.76867676, -277.489990234, 579.589111328, 27.8371009827, -29.3514728546, 164.144241333, -207.631866455, 143.662643433, -158.645751953, 107.193885803, -79.0514068604, 28.5734901428], [482.472229004, -59.6036109924, 967.132995605, 27.8371009827, 489.112121582, 9.48053741455, 125.950393677, 49.2285308838, -13.5701293945, 180.352386475, 13.0670318604, 136.25201416, -76.0064086914], [526.057922363, -568.329345703, 120.972351074, -29.3514728546, 9.48053741455, 412.806121826, -26.8105316162, 293.283935547, -3.08800339699, 139.016647339, -41.5165481567, -5.18242406845, -39.4229431152], [-215.764144897, 728.509887695, -255.883850098, 164.144241333, 125.950393677, -26.8105316162, 343.34677124, -85.4873046875, 174.921279907, -62.5583534241, 79.3139266968, -57.0648345947, -26.3321018219], [628.084228516, -918.221130371, 351.810546875, -207.631866455, 49.2285308838, 293.283935547, -85.4873046875, 363.008758545, -53.7518615723, 214.664306641, -83.100402832, 52.4656448364, -43.7252693176], [-195.932006836, 414.637084961, -308.797027588, 143.662643433, -13.5701293945, -3.08800339699, 174.921279907, -53.7518615723, 191.913848877, -67.3578720093, 71.3940200806, -65.867401123, 9.57712745667], [579.185974121, -706.658081055, 594.491149902, -158.645751953, 180.352386475, 139.016647339, -62.5583534241, 214.664306641, -67.3578720093, 261.893859863, -56.5515289307, 113.43862915, -64.8693313599], [-149.935958862, 345.062683105, -85.3988418579, 107.193885803, 13.0670318604, -41.5165481567, 79.3139266968, -83.100402832, 71.3940200806, -56.5515289307, 123.956977844, -3.54018545151, 51.546836853], [260.674621582, -339.755462646, 463.991821289, -79.0514068604, 136.25201416, -5.18242406845, -57.0648345947, 52.4656448364, -65.867401123, 113.43862915, -3.54018545151, 152.601882935, -10.0317974091], [-131.461135864, 120.586807251, -141.202331543, 28.5734901428, -76.0064086914, -39.4229431152, -26.3321018219, -43.7252693176, 9.57712745667, -64.8693313599, 51.546836853, -10.0317974091, 94.5218505859]],
        "icov": [[0.00200207787566, -0.000100502111309, -0.000686456565745, -0.000130351443659, -3.90481254726e-05, -0.00108937546611, 0.000244441704126, -0.00118351529818, -3.02452717733e-05, -0.00160292920191, 0.00048186670756, 3.58899960702e-05, -0.000394481408875], [-0.000100502111309, 0.00189233839046, 0.000484938471345, -0.00329673755914, -0.000291519711027, 0.00169054605067, -0.00262045697309, 0.000321567902574, 0.00232461676933, 0.000629409099929, -0.000608691538218, 0.000930353533477, -0.00031639818917], [-0.000686456565745, 0.000484938471345, 0.0020623896271, -0.000680223747622, -0.00381891871803, 0.000983803882264, 0.00186697544996, -0.000260388682364, 0.000456141016912, 0.000708853884134, -0.000899578852113, -0.000469034246635, 0.000333346863044], [-0.000130351443659, -0.00329673755914, -0.000680223747622, 0.00923254154623, -0.000726383936126, -0.00510911922902, 0.00514715816826, 0.00281965406612, -0.00576054304838, -7.50241088099e-05, 0.000660352350678, -0.00123272789642, 0.000281926448224], [-3.90481254726e-05, -0.000291519711027, -0.00381891871803, -0.000726383936126, 0.0137377474457, 1.47918826769e-05, -0.00862879026681, 0.0017989508342, 0.00216296827421, -0.00388042186387, 0.000592879077885, -0.00156378501561, 0.000941968639381], [-0.00108937546611, 0.00169054605067, 0.000983803882264, -0.00510911922902, 1.47918826769e-05, 0.0104228882119, -0.00224113464355, -0.00814341939986, 0.00315570901148, 0.00192338821944, -0.00332193030044, 0.00230003986508, 0.00236586248502], [0.000244441704126, -0.00262045697309, 0.00186697544996, 0.00514715816826, -0.00862879026681, -0.00224113464355, 0.0161641184241, -0.00152942095883, -0.00962881371379, 0.00171126145869, -0.0021927531343, -0.000269381445833, 0.00415558274835], [-0.00118351529818, 0.000321567902574, -0.000260388682364, 0.00281965406612, 0.0017989508342, -0.00814341939986, -0.00152942095883, 0.0176585707814, -0.00188337743748, -0.00673267617822, 0.00487005291507, 0.000470565486467, -0.00454046251252], [-3.02452717733e-05, 0.00232461676933, 0.000456141016912, -0.00576054304838, 0.00216296827421, 0.00315570901148, -0.00962881371379, -0.00188337743748, 0.016630159691, -0.000411834276747, -0.0052195796743, 0.00345280044712, 0.000162158728926], [-0.00160292920191, 0.000629409099929, 0.000708853884134, -7.50241088099e-05, -0.00388042186387, 0.00192338821944, 0.00171126145869, -0.00673267617822, -0.000411834276747, 0.0180590637028, -0.00186365586706, -0.00481884554029, 0.00603377306834], [0.00048186670756, -0.000608691538218, -0.000899578852113, 0.000660352350678, 0.000592879077885, -0.00332193030044, -0.0021927531343, 0.00487005291507, -0.0052195796743, -0.00186365586706, 0.0192732829601, -0.00337997777387, -0.0109829306602], [3.58899960702e-05, 0.000930353533477, -0.000469034246635, -0.00123272789642, -0.00156378501561, 0.00230003986508, -0.000269381445833, 0.000470565486467, 0.00345280044712, -0.00481884554029, -0.00337997777387, 0.0154384337366, -0.0017957490636], [-0.000394481408875, -0.00031639818917, 0.000333346863044, 0.000281926448224, 0.000941968639381, 0.00236586248502, 0.00415558274835, -0.00454046251252, 0.000162158728926, 0.00603377306834, -0.0109829306602, -0.0017957490636, 0.0215721540153]]
    },
    "melbands": {
        "max": [0.0101346727461, 0.0433222651482, 0.0972973406315, 0.0458549186587, 0.0236361157149, 0.00925618596375, 0.00273405038752, 0.00183645100333, 0.0024572587572, 0.00696720043197, 0.00501400046051, 0.00490461150184, 0.0040358165279, 0.00276545644738, 0.000996839837171, 0.00192416168284, 0.000788825273048, 0.000522606249433, 0.000301668420434, 0.00025576679036, 0.00013206579024, 0.000462397787487, 0.000435474241385, 0.00019291935314, 7.77019668021e-05, 0.000133920708322, 0.000185258599231, 7.99792760517e-05, 3.07323171e-05, 5.62536552025e-05, 5.58393912797e-05, 3.07966365654e-05, 3.99141499656e-05, 3.54330222763e-05, 4.20484102506e-05, 1.94828153326e-05, 2.80495896732e-05, 1.21669991131e-05, 2.25438689085e-05, 0.00104606850073],
        "mean": [0.000253808742855, 0.00041196894017, 0.000573226541746, 0.000432638480561, 0.000302344531519, 0.000129025778733, 6.88294967404e-05, 9.5441704616e-05, 0.000302691012621, 0.00058061000891, 0.000496829045005, 0.000488051329739, 0.000484422547743, 0.000242147012614, 0.000148291364894, 0.000166345533216, 0.000119649426779, 8.12209473224e-05, 4.8139525461e-05, 2.31978756347e-05, 1.69150043803e-05, 2.09586232813e-05, 1.85386870726e-05, 1.71878982655e-05, 1.15043831102e-05, 9.10902235773e-06, 8.82465246832e-06, 7.30368719815e-06, 4.48926766694e-06, 3.43816782333e-06, 2.46126228376e-06, 1.94494305106e-06, 2.1703604034e-06, 1.39134454002e-06, 1.06748632334e-06, 7.37310131171e-07, 1.84918985724e-06, 9.02489659893e-07, 1.25547012431e-06, 2.51558867603e-05],
        "min": [3.83034298723e-10, 3.33798020336e-08, 4.05252649216e-07, 8.27664166536e-07, 1.17870604299e-06, 9.43588702285e-07, 1.11466772523e-06, 6.49362448257e-07, 7.20189405001e-07, 1.79461164862e-06, 1.27952159801e-06, 1.00661100078e-06, 5.95794062974e-07, 2.61173482841e-07, 7.99752228886e-07, 5.02748036979e-07, 8.83989798695e-07, 3.75352811943e-07, 2.6362687322e-07, 2.32691022006e-07, 1.75344879949e-07, 3.52782279833e-07, 2.67066496917e-07, 2.74987002058e-07, 3.37431771413e-07, 1.91314228459e-07, 1.7601860236e-07, 2.0857778793e-07, 7.86192728697e-08, 1.03490108927e-07, 5.82104249247e-08, 1.81623205364e-09, 1.42939815539e-09, 5.09573661045e-10, 1.70225465668e-11, 6.64025952279e-12, 1.19295372192e-12, 5.50378481939e-13, 4.88493956657e-13, 4.58944514337e-13],
        "stdev": [0.000765596691053, 0.00246524554677, 0.00502372719347, 0.00321995071135, 0.00152207713109, 0.000602691376116, 0.000225234500249, 0.000145000827615, 0.00033354992047, 0.000915754004382, 0.000682850426529, 0.000612579577137, 0.000558125961106, 0.00032074667979, 0.000155872272444, 0.000214185536606, 0.000116274073662, 8.25017123134e-05, 4.28543535236e-05, 2.21191457968e-05, 1.61839252542e-05, 2.68393469014e-05, 2.46886065725e-05, 1.82674393727e-05, 9.14460088097e-06, 8.6116597231e-06, 1.06223842522e-05, 6.70310464557e-06, 3.70261136595e-06, 4.31980606663e-06, 3.78483491659e-06, 2.23623601414e-06, 3.66433005183e-06, 2.34734761762e-06, 2.05631909012e-06, 1.0982691947e-06, 4.22507537223e-06, 1.75219440735e-06, 2.92150525638e-06, 9.51109250309e-05]
    },
    "melbands128": {
        "max": [0.0018959188601, 0.00584425823763, 0.0163001306355, 0.0183764398098, 0.0322122611105, 0.0756450742483, 0.108676448464, 0.107504725456, 0.0790155157447, 0.0486984550953, 0.0334652587771, 0.02781541273, 0.0246455557644, 0.015329814516, 0.00919430237263, 0.00599624495953, 0.00427634781227, 0.00278258300386, 0.00131930049974, 0.00204214313999, 0.00225503230467, 0.00220888201147, 0.00323586538434, 0.00484653003514, 0.00822390522808, 0.0107252588496, 0.0103049296886, 0.00624073715881, 0.00538579095155, 0.00727584026754, 0.00696183880791, 0.00659489864483, 0.00757126742974, 0.00533178821206, 0.00486336555332, 0.00264962296933, 0.00172407808714, 0.00148728070781, 0.00264716544189, 0.0033755695913, 0.00278550805524, 0.00148291885853, 0.000943657709286, 0.0014221946476, 0.00149431999307, 0.000788325385656, 0.000640140264295, 0.000389790628105, 0.000416647118982, 0.000448312144727, 0.000235788422287, 9.35113930609e-05, 0.000116360803077, 0.000171139239683, 0.000274598947726, 0.000580658961553, 0.000524815288372, 0.00053368229419, 0.000439777533757, 0.000223913186346, 0.000406035658671, 0.000120382952446, 8.55247490108e-05, 0.000145384372445, 0.000134781032102, 0.000116763323604, 0.000175241933903, 0.000227429947699, 0.0001788665395, 0.000269323092652, 5.13874038006e-05, 7.26836951799e-05, 3.20935250784e-05, 3.32473973685e-05, 2.93804459943e-05, 8.36718536448e-05, 5.41584740859e-05, 7.13736444595e-05, 6.87768697389e-05, 3.36547127517e-05, 3.76144926122e-05, 2.74445937976e-05, 5.04671734234e-05, 7.12033870514e-05, 5.27121264895e-05, 4.62924326712e-05, 5.19943532709e-05, 4.57278110844e-05, 3.59700861736e-05, 5.05629541294e-05, 1.96968194359e-05, 1.3048317669e-05, 1.44986915984e-05, 6.20880891802e-05, 2.09337758861e-05, 1.55849502335e-05, 2.86966951535e-05, 3.20094441122e-05, 2.51817946264e-05, 1.87598561752e-05, 0.00017027175636, 0.00209667114541, 0.00108707335312, 5.9029993281e-05, 3.11588373734e-05, 1.1426383935e-05, 1.21317671073e-05, 2.61047516688e-05, 0.000186200690223, 9.28046065383e-05, 0.00016680744011, 0.000428371713497, 0.000578904582653, 9.80133045232e-05, 8.48907002364e-05, 5.52820747544e-05, 5.19165478181e-05, 9.11327806534e-05, 0.000493593281135, 0.000255830440437, 0.000282224616967, 0.000257604609942, 0.000166789497598, 1.52067002546e-06, 8.96936924732e-09, 8.83319994927e-09, 8.75644001752e-09, 8.71378080802e-09],
        "mean": [4.5783835958e-05, 0.00019748682098, 0.000345061824191, 0.000356930191629, 0.000366573804058, 0.000473816675367, 0.00058678467758, 0.000609870883636, 0.000557232240681, 0.000459914968815, 0.000332839641487, 0.000269465119345, 0.000376300187781, 0.000235034473008, 0.000115300834295, 7.70234983065e-05, 6.27016852377e-05, 7.2891038144e-05, 6.26390028629e-05, 8.46602197271e-05, 9.05126798898e-05, 0.000186537625268, 0.000296606624033, 0.000436307978816, 0.000618376070634, 0.000619161641225, 0.000584128021728, 0.000449452694738, 0.000444782403065, 0.000531186466105, 0.000429174513556, 0.000541532877833, 0.000594219192863, 0.000352719740476, 0.000305086519802, 0.000202126509976, 0.000152418710059, 0.000144171586726, 0.000139778800076, 0.000174250671989, 0.000182260162546, 0.000139744443004, 0.00011958500545, 0.000110741668323, 0.000101396377431, 7.6270684076e-05, 5.85410052736e-05, 4.87200522912e-05, 4.57857931906e-05, 3.4705222788e-05, 1.88275989785e-05, 1.29073214339e-05, 1.4640473637e-05, 1.85917833733e-05, 2.23617771553e-05, 2.19585090235e-05, 1.9312114091e-05, 1.81592840818e-05, 1.90983082575e-05, 1.72479321918e-05, 2.0755773221e-05, 1.31009610413e-05, 1.17985446195e-05, 1.11792596726e-05, 1.08828526209e-05, 9.31564773055e-06, 7.74079853727e-06, 7.94522748038e-06, 8.45509657665e-06, 1.16247010737e-05, 6.94315394867e-06, 5.87412978348e-06, 4.83689382236e-06, 4.63030755782e-06, 3.41483973898e-06, 3.51978087565e-06, 3.47355467056e-06, 3.01868522001e-06, 2.37226959143e-06, 1.83242582352e-06, 1.80802112482e-06, 1.78114703431e-06, 2.65410812972e-06, 2.50157199844e-06, 1.49958998463e-06, 1.31711203721e-06, 1.44051909956e-06, 1.40667657433e-06, 1.05046706267e-06, 8.68320000791e-07, 6.29198041224e-07, 6.54478583328e-07, 7.7431502632e-07, 3.16506248055e-06, 1.29206762267e-06, 8.25336542221e-07, 7.65444553963e-07, 1.14459874112e-06, 9.8153759609e-07, 8.36558569972e-07, 4.93907509735e-06, 4.55574045191e-05, 3.03292345052e-05, 2.44854913944e-06, 9.95595087261e-07, 4.10764130265e-07, 4.54247356174e-07, 7.8444634255e-07, 4.63112201032e-06, 3.22559253618e-06, 5.66735661778e-06, 9.98263112706e-06, 1.22022192954e-05, 2.59963735516e-06, 2.23396114052e-06, 1.40968927553e-06, 1.08935012122e-06, 1.68965846115e-06, 3.39623329637e-06, 3.33979437528e-06, 2.64375785264e-06, 5.66162634641e-06, 2.3050015443e-06, 1.65040852096e-08, 2.21071164846e-11, 2.05989253432e-11, 1.98973042903e-11, 1.96019069032e-11],
        "min": [3.3754230422e-13, 2.75719003184e-10, 2.25849824953e-10, 1.89351589963e-10, 2.14242401597e-09, 1.99262135681e-08, 5.61382442754e-08, 4.35020162115e-08, 7.61852234632e-08, 2.85084411189e-07, 2.09466122669e-07, 1.89829478359e-07, 1.22029220506e-07, 8.67272476057e-08, 3.57396658046e-07, 8.99648000541e-08, 2.76388391285e-07, 2.7539738312e-07, 5.19611091931e-07, 6.48174307116e-07, 3.67004417967e-07, 6.58448982449e-07, 2.71731664725e-07, 1.2160494407e-06, 5.6876109511e-07, 1.31737579068e-06, 6.65500749619e-07, 9.87002977126e-07, 7.69124824274e-07, 1.42045792018e-06, 3.55530033858e-07, 6.23418827672e-07, 6.91972672939e-07, 6.16911677298e-07, 1.05090833813e-07, 2.14538999899e-07, 3.14092687859e-07, 1.02939816315e-06, 5.43565988664e-07, 6.29010969533e-07, 2.74525007171e-07, 5.18181593634e-07, 6.93350727943e-07, 6.21692265668e-07, 4.80508731471e-07, 1.3831036938e-07, 8.57042010693e-08, 2.14656708408e-07, 5.02535385749e-07, 4.62218281427e-08, 1.29433956886e-07, 4.30005826502e-08, 5.02151529247e-08, 1.29260243398e-07, 2.25052943392e-07, 3.7620336002e-07, 1.82864184239e-07, 3.0801990647e-07, 2.18547839381e-07, 1.76962771548e-07, 2.83292791892e-07, 3.86575379707e-07, 2.63313722826e-07, 3.2206375522e-07, 2.63592994543e-07, 9.43747764381e-08, 9.60483319545e-08, 2.17699223981e-07, 5.72891849515e-08, 2.4213937877e-07, 2.88763942535e-07, 1.09817761995e-07, 3.18506145902e-08, 5.28715347059e-08, 4.56506192847e-08, 5.15608213902e-08, 7.98049057948e-08, 3.97454300582e-08, 2.17518394408e-08, 4.19686552178e-09, 8.93490614828e-10, 1.88283877378e-09, 8.7209883759e-10, 9.94548887689e-10, 9.43819800092e-10, 6.13013390049e-11, 7.09523273468e-11, 3.74106162715e-11, 3.32265920507e-12, 9.06377924104e-12, 6.88549868164e-12, 8.21860374894e-12, 2.17724471265e-12, 4.66917357642e-13, 4.62549811821e-13, 5.04535866211e-13, 4.9874145612e-13, 5.553398995e-13, 4.74968317715e-13, 4.07994981116e-13, 3.62729540414e-13, 4.53839521302e-13, 5.03055604985e-13, 3.98353035671e-13, 3.27068585973e-13, 3.42405709905e-13, 3.34968137212e-13, 4.64906813134e-13, 3.28134465129e-13, 4.29493490469e-13, 3.51213551514e-13, 3.71238033803e-13, 3.65944226961e-13, 3.5277591395e-13, 3.44806025095e-13, 3.8498522946e-13, 2.89275222699e-13, 2.76760087287e-13, 3.15552813913e-13, 3.42783256207e-13, 3.60027193605e-13, 3.67123540769e-13, 3.55057617422e-13, 3.100489429e-13, 2.1876225061e-13, 9.08346003124e-14, 1.35013722953e-14, 3.40606982926e-16],
        "stdev": [0.000137286871905, 0.000610900286119, 0.00117430242244, 0.00119812961202, 0.00202811602503, 0.00424350751564, 0.00557334069163, 0.0054814205505, 0.00462040863931, 0.0034901406616, 0.00231822067872, 0.00171975686681, 0.00159923161846, 0.00108307227492, 0.000608624948654, 0.000392721383832, 0.00029101857217, 0.000262383837253, 0.000130030050059, 0.000184340213309, 0.000173486419953, 0.000289020506898, 0.000427397229942, 0.000663043290842, 0.00109626853373, 0.0012868733611, 0.00111322919838, 0.000740445684642, 0.000709372456186, 0.000896033190656, 0.000710249762051, 0.000749839644413, 0.000873792043421, 0.000612379459199, 0.000604576722253, 0.000307138659991, 0.000198697292944, 0.000204428288271, 0.000220456946408, 0.000281702843495, 0.000292882323265, 0.000176066023414, 0.000134122630698, 0.000142697259434, 0.000137825598358, 9.05976412469e-05, 7.05915517756e-05, 5.56597442483e-05, 5.59204345336e-05, 4.55264598713e-05, 2.33382506849e-05, 1.42767112266e-05, 1.62941887538e-05, 2.16108073801e-05, 2.80371605186e-05, 3.42025596183e-05, 2.88065766654e-05, 2.85681053356e-05, 3.34369324264e-05, 2.24479172175e-05, 3.28318346874e-05, 1.29766785903e-05, 1.20426975627e-05, 1.18119023682e-05, 1.20153135867e-05, 9.71904682956e-06, 9.66774950939e-06, 1.25896858663e-05, 1.13862042781e-05, 2.02008977794e-05, 6.57638611301e-06, 6.64576191411e-06, 4.63822971142e-06, 4.195675956e-06, 3.31500655193e-06, 5.99198347118e-06, 4.25759299105e-06, 4.89292142447e-06, 4.60216142528e-06, 2.47222237704e-06, 2.52249901678e-06, 2.09368499782e-06, 5.20394360137e-06, 5.39935217603e-06, 2.70629016086e-06, 2.44359193857e-06, 3.08747962663e-06, 2.63935476141e-06, 1.87633452242e-06, 2.33602463595e-06, 1.02100329968e-06, 9.17487341212e-07, 1.3400356238e-06, 8.64685262059e-06, 2.56095017903e-06, 1.67392954609e-06, 2.02503338187e-06, 3.51597464032e-06, 2.28367844102e-06, 2.12463396565e-06, 1.75216682692e-05, 0.000179514128831, 0.000110717912321, 7.44734734326e-06, 2.94768142339e-06, 1.2074112874e-06, 1.40145289151e-06, 2.80898302663e-06, 1.72124709934e-05, 1.07164687506e-05, 2.0550982299e-05, 3.92455367546e-05, 5.62581735721e-05, 1.05935177999e-05, 8.25087772682e-06, 5.55148517378e-06, 4.53320444649e-06, 7.46624164094e-06, 2.64693517238e-05, 1.79381149792e-05, 1.48881290443e-05, 2.72626311926e-05, 1.27490557134e-05, 9.46966878246e-08, 3.8223804677e-10, 3.76296660498e-10, 3.72992720044e-10, 3.7116287821e-10]
    },
    "mfcc": {
        "mean": [-633.71661377, 104.6848526, -54.3564910889, -12.0146474838, -27.5780754089, 2.88982057571, 5.72967720032, 8.93512916565, -0.0642761290073, 4.20875883102, -2.05298733711, -5.33641624451, -6.81498861313],
        "cov": [[1238.59936523, -684.280883789, 245.617202759, -349.769622803, 239.081619263, -0.62889623642, 188.239883423, 65.0980224609, 215.722076416, 140.863861084, 189.374908447, 110.027984619, 2.01572227478], [-684.280883789, 2419.28271484, -307.624542236, 1135.31347656, -265.399871826, 418.96774292, -51.2285308838, 130.259384155, -230.025909424, 7.94620800018, -187.945617676, 52.0387306213, -3.87886166573], [245.617202759, -307.624542236, 1326.71203613, 132.245651245, 691.89642334, 13.7118864059, 249.515762329, -117.849311829, 91.368598938, -123.014915466, 123.537567139, 25.4709796906, 165.0131073], [-349.769622803, 1135.31347656, 132.245651245, 741.729858398, 22.4899406433, 253.75239563, -25.6879825592, 36.3285293579, -123.337158203, -27.3983840942, -72.7220993042, 33.4500312805, 39.5794754028], [239.081619263, -265.399871826, 691.89642334, 22.4899406433, 455.965515137, 14.2004966736, 181.523727417, -62.8026733398, 87.3899688721, -61.0753707886, 105.467658997, 23.7775096893, 99.94871521], [-0.62889623642, 418.96774292, 13.7118864059, 253.75239563, 14.2004966736, 216.331893921, 39.6969070435, 88.4567184448, -11.8040122986, 65.6791915894, 15.8257694244, 65.8588638306, 19.3784732819], [188.239883423, -51.2285308838, 249.515762329, -25.6879825592, 181.523727417, 39.6969070435, 200.156143188, 11.6748027802, 90.9582672119, 13.4613180161, 99.7735977173, 38.3221549988, 59.7768096924], [65.0980224609, 130.259384155, -117.849311829, 36.3285293579, -62.8026733398, 88.4567184448, 11.6748027802, 145.160644531, 22.7756175995, 92.1559143066, 11.2165966034, 50.7668838501, -21.8547344208], [215.722076416, -230.025909424, 91.368598938, -123.337158203, 87.3899688721, -11.8040122986, 90.9582672119, 22.7756175995, 138.007095337, 55.2667732239, 99.1053924561, 25.1046295166, 11.9723577499], [140.863861084, 7.94620800018, -123.014915466, -27.3983840942, -61.0753707886, 65.6791915894, 13.4613180161, 92.1559143066, 55.2667732239, 151.544189453, 53.0977478027, 60.9479179382, -27.814655304], [189.374908447, -187.945617676, 123.537567139, -72.7220993042, 105.467658997, 15.8257694244, 99.7735977173, 11.2165966034, 99.1053924561, 53.0977478027, 144.958267212, 39.5699462891, 33.18592453], [110.027984619, 52.0387306213, 25.4709796906, 33.4500312805, 23.7775096893, 65.8588638306, 38.3221549988, 50.7668838501, 25.1046295166, 60.9479179382, 39.5699462891, 91.5746002197, 16.4882659912], [2.01572227478, -3.87886166573, 165.0131073, 39.5794754028, 99.94871521, 19.3784732819, 59.7768096924, -21.8547344208, 11.9723577499, -27.814655304, 33.18592453, 16.4882659912, 84.6282577515]],
        "icov": [[0.00147830031347, 0.0001434385631, 0.000129488267703, 0.000437483598944, -0.000840242777485, -0.000327134272084, -0.000359028403182, 3.55026713805e-05, -0.000723970297258, -0.000480235437863, 5.23656444784e-06, -0.00113518268336, 0.00100800115615], [0.0001434385631, 0.00288333487697, 0.000526012037881, -0.00446029240265, 0.00176680914592, -5.06919320742e-07, -0.00328666856512, 2.16163680307e-05, 6.01625870331e-05, -2.13204493775e-05, 0.00170653942041, -0.000307509180857, 0.000804866664112], [0.000129488267703, 0.000526012037881, 0.00419093528762, -0.00158313673455, -0.00605755578727, 0.00129803910386, -0.000549803487957, 9.27946457523e-05, 0.000461540621473, -0.000555613136385, 0.000896953162737, -0.000243429021793, -0.000693246431183], [0.000437483598944, -0.00446029240265, -0.00158313673455, 0.0105567863211, -0.00226947315969, -0.00484187994152, 0.00575041538104, 0.000558955012821, 0.000757671485189, 0.000956085103098, -0.00220298347995, 0.00026777444873, -0.00117487949319], [-0.000840242777485, 0.00176680914592, -0.00605755578727, -0.00226947315969, 0.0161751806736, -0.00219606724568, -0.00452589523047, 0.00137651420664, -0.002268003067, 0.00359265133739, -0.000717274204362, -0.000390874425648, -0.000215384046896], [-0.000327134272084, -5.06919320742e-07, 0.00129803910386, -0.00484187994152, -0.00219606724568, 0.0151285482571, -0.00254168524407, -0.00485555781052, 0.00319811329246, -0.00405974779278, -0.000729015213437, -0.00231858599, -0.00163705437444], [-0.000359028403182, -0.00328666856512, -0.000549803487957, 0.00575041538104, -0.00452589523047, -0.00254168524407, 0.0160536058247, -0.00155934900977, -0.00421795202419, 0.00233417516574, -0.00476077338681, -5.90848358115e-05, -0.0043320232071], [3.55026713805e-05, 2.16163680307e-05, 9.27946457523e-05, 0.000558955012821, 0.00137651420664, -0.00485555781052, -0.00155934900977, 0.0150243742391, -0.00242406432517, -0.00516756856814, 0.00345125212334, -0.00254054181278, 0.00181144766975], [-0.000723970297258, 6.01625870331e-05, 0.000461540621473, 0.000757671485189, -0.002268003067, 0.00319811329246, -0.00421795202419, -0.00242406432517, 0.0209490433335, -0.00493489950895, -0.00810036901385, 0.00266528711654, 0.00113688234705], [-0.000480235437863, -2.13204493775e-05, -0.000555613136385, 0.000956085103098, 0.00359265133739, -0.00405974779278, 0.00233417516574, -0.00516756856814, -0.00493489950895, 0.0199316442013, -0.00514202192426, -0.00629330333322, 0.00484159169719], [5.23656444784e-06, 0.00170653942041, 0.000896953162737, -0.00220298347995, -0.000717274204362, -0.000729015213437, -0.00476077338681, 0.00345125212334, -0.00810036901385, -0.00514202192426, 0.0195034425706, -0.00183859595563, -0.00320633896627], [-0.00113518268336, -0.000307509180857, -0.000243429021793, 0.00026777444873, -0.000390874425648, -0.00231858599, -5.90848358115e-05, -0.00254054181278, 0.00266528711654, -0.00629330333322, -0.00183859595563, 0.0207895487547, -0.00503438012674], [0.00100800115615, 0.000804866664112, -0.000693246431183, -0.00117487949319, -0.000215384046896, -0.00163705437444, -0.0043320232071, 0.00181144766975, 0.00113688234705, 0.00484159169719, -0.00320633896627, -0.00503438012674, 0.0215560365468]]
    },
    "spectral_contrast_coeffs": {
        "max": [-0.359967291355, -0.471098542213, -0.555905461311, -0.642045497894, -0.703802645206, -0.446346908808],
        "mean": [-0.737798929214, -0.745614230633, -0.753956496716, -0.802588105202, -0.807110071182, -0.712766051292],
        "min": [-0.898641884327, -0.920869529247, -0.913351178169, -0.883944153786, -0.864959478378, -0.885907590389],
        "stdev": [0.0945944786072, 0.0770710483193, 0.0543090552092, 0.0343176610768, 0.024363996461, 0.0572456717491]
    },
    "spectral_contrast_valleys": {
        "max": [-4.27754402161, -4.865275383, -4.53233718872, -5.76247596741, -5.82898235321, -8.36816596985],
        "mean": [-7.92868232727, -6.76900196075, -6.22905778885, -6.82766962051, -7.07769393921, -10.6113348007],
        "min": [-10.9430894852, -8.27233219147, -8.77351665497, -9.07642936707, -8.85317134857, -16.1141605377],
        "stdev": [1.15526986122, 0.421828240156, 0.530198454857, 0.50277775526, 0.437568634748, 1.35987436771]
    }
},
"rhythm": {
    "beats_count": 20,
    "beats_loudness": {
        "max": 0.0620404705405,
        "mean": 0.0264654103667,
        "min": 0.0109072607011,
        "stdev": 0.0134786944836
    },
    "bpm": 91.2548522949,
    "bpm_histogram_first_peak_bpm": 91,
    "bpm_histogram_first_peak_weight": 0,
    "bpm_histogram_second_peak_bpm": 103,
    "bpm_histogram_second_peak_spread": 0.250000059605,
    "bpm_histogram_second_peak_weight": 0.315789461136,
    "danceability": 0.981263160706,
    "onset_rate": 1.25398087502,
    "beats_loudness_band_ratio": {
        "max": [0.846895992756, 0.312966614962, 0.367259263992, 0.87319535017, 0.209229126573, 0.910575389862],
        "mean": [0.117301739752, 0.0432111397386, 0.169978380203, 0.471391350031, 0.11153100431, 0.115519203246],
        "min": [0.000283493223833, 0.00183898664545, 0.0062003666535, 0.0328492112458, 0.00530393375084, 0.00115213810932],
        "stdev": [0.248570367694, 0.0694447308779, 0.11830946058, 0.248348399997, 0.0676847100258, 0.20129019022]
    },
    "beats_position": [0.638548731804, 1.30031740665, 1.95047616959, 2.60063481331, 3.1811337471, 3.76163268089, 4.35374164581, 4.93424034119, 5.52634906769, 6.10684776306, 6.68734693527, 7.26784563065, 7.92961454391, 8.59138298035, 9.24154186249, 9.90331077576, 10.5650787354, 11.2152376175, 11.8770065308, 12.538775444],
