{
"metadata": {
    "version": {
        "essentia": "2.1-beta5",
        "essentia_git_sha": "Undefined",
        "extractor": "music 2.0"
    },
    "audio_properties": {
        "analysis": {
            "equal_loudness": 0,
            "length": 32.4963264465,
            "sample_rate": 44100,
            "start_time": 29.0017242432,
            "downmix": "mix"
        },
        "bit_rate": 192000,
        "length": 196.765899658,
        "lossless": 0,
        "number_channels": 2,
        "replay_gain": -2.76216125488,
        "sample_rate": 48000,
        "codec": "mp3",
        "md5_encoded": "96d7680ec697bc28d698deab91ef30d6"
    },
    "tags": {
        "file_name": "Portugal_Telemóveis_Conan Osíris.mp3",
        "encoding": ["Lavf58.29.100"]
    }
},
"lowlevel": {
    "average_loudness": 0.744615077972,
    "barkbands_crest": {
        "max": 23.8142986298,
        "mean": 12.4007444382,
        "min": 3.06388545036,
        "stdev": 4.26845359802
    },
    "barkbands_flatness_db": {
        "max": 0.502933382988,
        "mean": 0.219263762236,
        "min": 0.0338552221656,
        "stdev": 0.0737819522619
    },
    "barkbands_kurtosis": {
        "max": 128.690109253,
        "mean": 9.72871208191,
        "min": -1.88703930378,
        "stdev": 13.7608709335
    },
    "barkbands_skewness": {
        "max": 8.84377479553,
        "mean": 2.29053425789,
        "min": -0.845053911209,
        "stdev": 1.44465529919
    },
    "barkbands_spread": {
        "max": 101.691223145,
        "mean": 13.7579450607,
        "min": 0.542642891407,
        "stdev": 12.2562255859
    },
    "dissonance": {
        "max": 0.499125272036,
        "mean": 0.441532760859,
        "min": 0.215424537659,
        "stdev": 0.0391496345401
    },
    "dynamic_complexity": 2.26949310303,
    "erbbands_crest": {
        "max": 28.4169464111,
        "mean": 10.7765293121,
        "min": 3.00226926804,
        "stdev": 4.55754184723
    },
    "erbbands_flatness_db": {
        "max": 0.403440445662,
        "mean": 0.198817268014,
        "min": 0.0525927878916,
        "stdev": 0.0569794028997
    },
    "erbbands_kurtosis": {
        "max": 23.7967815399,
        "mean": 1.86397302151,
        "min": -1.63308048248,
        "stdev": 2.93682670593
    },
    "erbbands_skewness": {
        "max": 3.80184292793,
        "mean": 0.867509365082,
        "min": -2.45555710793,
        "stdev": 0.772063016891
    },
    "erbbands_spread": {
        "max": 114.030235291,
        "mean": 33.9757843018,
        "min": 4.87221240997,
        "stdev": 19.5635528564
    },
    "hfc": {
        "max": 141.051452637,
        "mean": 20.1101360321,
        "min": 0.583078563213,
        "stdev": 16.4856586456
    },
    "loudness_ebu128": {
        "integrated": -19.3440189362,
        "loudness_range": 3.28016853333,
        "momentary": {
            "max": -13.4550628662,
            "mean": -19.9937419891,
            "min": -30.3663463593,
            "stdev": 2.42937970161
        },
        "short_term": {
            "max": -16.6287918091,
            "mean": -19.3771286011,
            "min": -22.8632049561,
            "stdev": 0.96923917532
        }
    },
    "melbands_crest": {
        "max": 30.8886489868,
        "mean": 17.4649829865,
        "min": 4.58584451675,
        "stdev": 5.55916452408
    },
    "melbands_flatness_db": {
        "max": 0.649068832397,
        "mean": 0.287610441446,
        "min": 0.0359019860625,
        "stdev": 0.0962749421597
    },
    "melbands_kurtosis": {
        "max": 382.953674316,
        "mean": 20.9672393799,
        "min": -1.29534077644,
        "stdev": 27.5054244995
    },
    "melbands_skewness": {
        "max": 14.804690361,
        "mean": 3.10972762108,
        "min": -0.225529193878,
        "stdev": 1.86138355732
    },
    "melbands_spread": {
        "max": 138.230484009,
        "mean": 13.3841562271,
        "min": 0.551206827164,
        "stdev": 13.4049930573
    },
    "pitch_salience": {
        "max": 0.861889541149,
        "mean": 0.486787080765,
        "min": 0.195368736982,
        "stdev": 0.11528313905
    },
    "silence_rate_20dB": {
        "max": 1,
        "mean": 0.999286234379,
        "min": 0,
        "stdev": 0.0267075058073
    },
    "silence_rate_30dB": {
        "max": 1,
        "mean": 0.877944350243,
        "min": 0,
        "stdev": 0.327349215746
    },
    "silence_rate_60dB": {
        "max": 1,
        "mean": 0.0256959311664,
        "min": 0,
        "stdev": 0.158225610852
    },
    "spectral_centroid": {
        "max": 4325.15087891,
        "mean": 920.359313965,
        "min": 171.633605957,
        "stdev": 582.555725098
    },
    "spectral_complexity": {
        "max": 48,
        "mean": 14.246966362,
        "min": 2,
        "stdev": 6.11235380173
    },
    "spectral_decrease": {
        "max": -2.02097089064e-10,
        "mean": -1.51539829574e-08,
        "min": -9.28338934614e-08,
        "stdev": 1.28524755283e-08
    },
    "spectral_energy": {
        "max": 0.356890797615,
        "mean": 0.0590186417103,
        "min": 0.000852753350046,
        "stdev": 0.0491309426725
    },
    "spectral_energyband_high": {
        "max": 0.0176020320505,
        "mean": 0.000809259945527,
        "min": 1.31493933964e-07,
        "stdev": 0.00162781425752
    },
    "spectral_energyband_low": {
        "max": 0.28536850214,
        "mean": 0.0390524864197,
        "min": 4.89124840897e-06,
        "stdev": 0.043523337692
    },
    "spectral_energyband_middle_high": {
        "max": 0.0502172894776,
        "mean": 0.00351315480657,
        "min": 6.10980932834e-05,
        "stdev": 0.00408193748444
    },
    "spectral_energyband_middle_low": {
        "max": 0.126860201359,
        "mean": 0.0177694242448,
        "min": 0.000248931406531,
        "stdev": 0.0153791178018
    },
    "spectral_entropy": {
        "max": 8.56941890717,
        "mean": 7.21819162369,
        "min": 5.62063741684,
        "stdev": 0.443215310574
    },
    "spectral_flux": {
        "max": 0.502819657326,
        "mean": 0.0942555740476,
        "min": 0.00915778148919,
        "stdev": 0.0604051835835
    },
    "spectral_kurtosis": {
        "max": 66.1584854126,
        "mean": 4.83933591843,
        "min": -0.909303188324,
        "stdev": 5.88759708405
    },
    "spectral_rms": {
        "max": 0.0186597462744,
        "mean": 0.00697242515162,
        "min": 0.00091211538529,
        "stdev": 0.00299407495186
    },
    "spectral_rolloff": {
        "max": 10034.4726562,
        "mean": 785.308166504,
        "min": 86.1328125,
        "stdev": 1123.36132812
    },
    "spectral_skewness": {
        "max": 5.6931271553,
        "mean": 1.5789129734,
        "min": 0.147370174527,
        "stdev": 0.636455059052
    },
    "spectral_spread": {
        "max": 16143254,
        "mean": 4154966.5,
        "min": 884898.0625,
        "stdev": 1534528
    },
    "spectral_strongpeak": {
        "max": 6.83641052246,
        "mean": 0.745497584343,
        "min": 0,
        "stdev": 0.776434421539
    },
    "zerocrossingrate": {
        "max": 0.27685546875,
        "mean": 0.0361261889338,
        "min": 0.00341796875,
        "stdev": 0.0298890750855
    },
    "barkbands": {
        "max": [0.0166877638549, 0.243239998817, 0.106714040041, 0.0886558815837, 0.0642840191722, 0.0340359434485, 0.0374383628368, 0.0417806953192, 0.0555687993765, 0.0473083816469, 0.0109343938529, 0.0136203924194, 0.0321276150644, 0.0118400426582, 0.00351110333577, 0.00730667216703, 0.00297887204215, 0.0023210644722, 0.0029362977948, 0.00289067695849, 0.00596869876608, 0.00594283966348, 0.00208063563332, 0.00452383188531, 0.00479542184621, 0.000910950417165, 0.00217590108514],
        "mean": [0.0026549322065, 0.0261902492493, 0.00827261526138, 0.00379455648363, 0.0037133328151, 0.00111388007645, 0.00229953299277, 0.00438766274601, 0.00201491033658, 0.00101943023037, 0.000399198936066, 0.000542693946045, 0.000768556143157, 0.000242455891566, 0.000190975159057, 0.000165361780091, 0.000144325211295, 9.52656409936e-05, 0.000136615766678, 0.000111502762593, 0.000249622535193, 0.000234782128246, 0.000116315466585, 5.83339242439e-05, 5.64483816561e-05, 2.26457214012e-05, 2.24748655455e-05],
        "min": [8.92755558368e-09, 7.10400968273e-07, 6.13283077655e-07, 7.54519817292e-07, 6.69020164423e-06, 1.83840847967e-06, 3.38854624715e-06, 4.69076439913e-06, 1.23782920127e-05, 3.80212577511e-06, 4.78558058603e-06, 2.62096068582e-06, 3.69105214304e-06, 2.42918872573e-06, 1.77182880634e-06, 5.53461177333e-07, 8.60675584136e-07, 7.34379284495e-07, 3.88718206068e-07, 6.49564526611e-08, 3.76453819229e-08, 6.45694331336e-11, 7.06537189865e-11, 4.99659584541e-11, 4.25644693103e-11, 6.33805230521e-11, 8.74296954279e-11],
        "stdev": [0.00328820943832, 0.033342666924, 0.0114784371108, 0.00758912973106, 0.00597708113492, 0.00260560517199, 0.00420826952904, 0.00608393875882, 0.00402312725782, 0.00227853353135, 0.0006432972732, 0.00102947757114, 0.00187901151367, 0.000524740607943, 0.000368003617041, 0.000441944517661, 0.000269632291747, 0.000213022503885, 0.00025300111156, 0.000228641642025, 0.000494679028634, 0.00045832831529, 0.000248790398473, 0.000242973212153, 0.00031048929668, 9.64259816101e-05, 0.00014681830362]
    },
    "erbbands": {
        "max": [5.22745370865, 62.1153869629, 102.484382629, 170.097488403, 258.074462891, 206.627868652, 177.71937561, 358.037628174, 478.435302734, 844.227416992, 1044.44641113, 1559.33068848, 1451.52246094, 1435.33996582, 400.877471924, 408.170898438, 1704.99511719, 885.30456543, 197.040267944, 268.628234863, 253.137619019, 168.628265381, 122.58908844, 162.864685059, 171.933685303, 176.573577881, 308.011688232, 206.962768555, 169.09324646, 174.68510437, 57.4522895813, 44.0532073975, 95.807975769, 81.5874176025, 27.6652030945, 7.42977571487, 1.94116961956, 1.76384842396, 0.408903479576, 0.010247788392],
        "mean": [0.871049940586, 5.25754022598, 9.77206325531, 12.4524002075, 11.2772569656, 12.9190711975, 11.5506248474, 9.17491436005, 22.2458934784, 82.6064758301, 68.7613754272, 50.4629096985, 42.6507110596, 19.2286682129, 20.8651924133, 25.9342041016, 34.1363143921, 15.2664890289, 10.1893148422, 9.23760318756, 8.76200294495, 8.32206726074, 5.24109220505, 5.36231613159, 8.27920436859, 4.92195177078, 7.81209135056, 11.0517024994, 9.00620555878, 5.81405830383, 2.62720370293, 1.25186538696, 0.980408787727, 0.764629900455, 0.333193480968, 0.107890374959, 0.0369530692697, 0.0232453197241, 0.0043480056338, 0.000149679530296],
        "min": [1.67839243659e-05, 0.000327206769725, 0.00179545988794, 0.00442422134802, 0.014447263442, 0.0165155027062, 0.0136661725119, 0.0260902941227, 0.0435845702887, 0.20307135582, 0.243943765759, 0.347700804472, 0.167525976896, 0.237464383245, 0.234859675169, 0.143957450986, 0.162161931396, 0.139888450503, 0.110818170011, 0.0657162442803, 0.0353311114013, 0.0541260056198, 0.0560524612665, 0.0128930965438, 0.0248488262296, 0.0117439161986, 0.00227753352374, 0.00189336796757, 0.00012997353042, 1.95829452423e-05, 8.98512917047e-06, 6.75802084515e-06, 6.07144784226e-06, 5.13122222401e-06, 2.53474991041e-06, 1.78407731255e-06, 1.01219279713e-06, 1.8380225697e-07, 8.95946982382e-07, 1.18409866445e-06],
        "stdev": [1.02332961559, 8.22051811218, 14.5874729156, 18.4272594452, 25.826128006, 18.8128929138, 20.172990799, 23.7183418274, 48.8153800964, 116.184059143, 107.859268188, 103.323242188, 72.2652587891, 53.7082138062, 30.9907779694, 41.9343528748, 82.3807678223, 33.7231750488, 19.3073787689, 19.553768158, 20.0835952759, 15.4489364624, 9.90374946594, 12.3383331299, 15.4443216324, 10.1653490067, 17.9933071136, 21.6558437347, 17.2368507385, 11.8354215622, 6.35824394226, 3.65016055107, 5.04814147949, 4.47771549225, 1.81224536896, 0.523777246475, 0.159784629941, 0.135535642505, 0.0285296887159, 0.000566488946788]
    },
    "gfcc": {
        "mean": [-23.7051410675, 139.449371338, -122.077552795, 42.395488739, -64.7200317383, 18.082359314, -6.98043441772, -1.62619876862, -2.59540820122, -3.86811137199, -7.66771364212, -13.5053215027, -9.17953109741],
        "cov": [[4228.42431641, -1984.40612793, 903.498046875, 366.208831787, -556.756408691, 698.766540527, -643.8046875, 387.906707764, -395.241638184, 211.785720825, -219.006851196, 189.043792725, 3.95271039009], [-1984.40612793, 2482.30541992, -313.468383789, 134.168426514, 675.670410156, -376.910858154, 765.454040527, -399.915222168, 614.693054199, -187.232528687, 324.033355713, -215.167495728, 40.9024009705], [903.498046875, -313.468383789, 1232.3482666, 187.690429688, 119.121383667, 196.727783203, -100.809188843, 128.541534424, -92.6966629028, 213.903457642, -49.7920761108, 129.884811401, 20.5862159729], [366.208831787, 134.168426514, 187.690429688, 708.263244629, -68.6642379761, 271.175445557, 7.53042697906, -140.244598389, 25.8561611176, -62.9844474792, 79.7681884766, -6.47896623611, 136.672714233], [-556.756408691, 675.670410156, 119.121383667, -68.6642379761, 822.721862793, -164.479629517, 370.163696289, 95.3558502197, 279.789031982, 73.3949966431, -53.2422447205, -48.1395606995, -117.105957031], [698.766540527, -376.910858154, 196.727783203, 271.175445557, -164.479629517, 404.976104736, -73.6929931641, 86.4724731445, -65.1467819214, 24.392868042, 22.4300518036, 24.8940563202, 58.1872367859], [-643.8046875, 765.454040527, -100.809188843, 7.53042697906, 370.163696289, -73.6929931641, 512.951721191, -31.9025192261, 301.088867188, 1.31161677837, 85.1978302002, -60.4869155884, -75.8293838501], [387.906707764, -399.915222168, 128.541534424, -140.244598389, 95.3558502197, 86.4724731445, -31.9025192261, 308.199157715, -15.2044181824, 135.571472168, -89.6771774292, -1.56531465054, -68.1897354126], [-395.241638184, 614.693054199, -92.6966629028, 25.8561611176, 279.789031982, -65.1467819214, 301.088867188, -15.2044181824, 387.890319824, -5.45093727112, 84.7185134888, -70.02394104, -54.5733833313], [211.785720825, -187.232528687, 213.903457642, -62.9844474792, 73.3949966431, 24.392868042, 1.31161677837, 135.571472168, -5.45093727112, 188.309280396, -31.6033420563, 47.5688896179, -45.0381660461], [-219.006851196, 324.033355713, -49.7920761108, 79.7681884766, -53.2422447205, 22.4300518036, 85.1978302002, -89.6771774292, 84.7185134888, -31.6033420563, 196.538528442, -7.95488119125, 45.6594238281], [189.043792725, -215.167495728, 129.884811401, -6.47896623611, -48.1395606995, 24.8940563202, -60.4869155884, -1.56531465054, -70.02394104, 47.5688896179, -7.95488119125, 164.781723022, 18.1488761902], [3.95271039009, 40.9024009705, 20.5862159729, 136.672714233, -117.105957031, 58.1872367859, -75.8293838501, -68.1897354126, -54.5733833313, -45.0381660461, 45.6594238281, 18.1488761902, 157.031600952]],
        "icov": [[0.000548253650777, 0.000219795765588, -0.000235846106079, -0.000198927489691, 0.000147211132571, -0.000434068380855, 0.000295444624498, -0.000214813378989, -0.000256788422121, 8.93475589692e-05, 0.000171332299942, -0.000114405549539, 0.000352803966962], [0.000219795765588, 0.00244240136817, -0.000260682747466, 1.14898602988e-05, -0.00108422827907, 0.000946161046159, -0.00151876709424, 0.00185763544869, -0.00104490097146, 0.000294212804874, -0.00179626804311, 0.00171033560764, -0.00165756070055], [-0.000235846106079, -0.000260682747466, 0.00139861472417, -0.00020287494408, -0.00046345058945, -0.000351459311787, 0.000356129778083, 0.000207344724913, 0.000376886775484, -0.00144959753379, 7.15615460649e-05, -0.000533394166268, -0.000130257918499], [-0.000198927489691, 1.14898602988e-05, -0.00020287494408, 0.00316272140481, -0.000557730323635, -0.00229319371283, -3.71955247829e-05, 0.00239124009386, -0.000488558842335, -0.000255661347182, 0.000231391662965, 0.000781404029112, -0.00167055567726], [0.000147211132571, -0.00108422827907, -0.00046345058945, -0.000557730323635, 0.00336221884936, 0.000724177749362, -0.000757000176236, -0.00218242220581, -0.000490162172355, 0.000110892193334, 0.00215939013287, -0.000923251616769, 0.0010909474222], [-0.000434068380855, 0.000946161046159, -0.000351459311787, -0.00229319371283, 0.000724177749362, 0.00658004265279, -0.00170937285293, -0.00269652507268, 0.000248406839091, 0.00123269041069, -0.00188103830442, 0.000268342293566, -0.00113229290582], [0.000295444624498, -0.00151876709424, 0.000356129778083, -3.71955247829e-05, -0.000757000176236, -0.00170937285293, 0.00609003473073, -0.000367970438674, -0.00152700091712, -0.000660845136736, 1.95272459678e-05, -0.00108126166742, 0.00262282951735], [-0.000214813378989, 0.00185763544869, 0.000207344724913, 0.00239124009386, -0.00218242220581, -0.00269652507268, -0.000367970438674, 0.010136838071, -0.00122367287986, -0.00451766513288, 0.000502348353621, 0.00327833904885, -0.00123699125834], [-0.000256788422121, -0.00104490097146, 0.000376886775484, -0.000488558842335, -0.000490162172355, 0.000248406839091, -0.00152700091712, -0.00122367287986, 0.00615899357945, -6.93446127116e-05, -0.00130607408937, 0.000281532644294, 0.00139588792808], [8.93475589692e-05, 0.000294212804874, -0.00144959753379, -0.000255661347182, 0.000110892193334, 0.00123269041069, -0.000660845136736, -0.00451766513288, -6.93446127116e-05, 0.0108556775376, -0.00117852864787, -0.00239812536165, 0.00138797250111], [0.000171332299942, -0.00179626804311, 7.15615460649e-05, 0.000231391662965, 0.00215939013287, -0.00188103830442, 1.95272459678e-05, 0.000502348353621, -0.00130607408937, -0.00117852864787, 0.00965714082122, -0.00133861380164, -0.00065744004678], [-0.000114405549539, 0.00171033560764, -0.000533394166268, 0.000781404029112, -0.000923251616769, 0.000268342293566, -0.00108126166742, 0.00327833904885, 0.000281532644294, -0.00239812536165, -0.00133861380164, 0.00919828098267, -0.00220310105942], [0.000352803966962, -0.00165756070055, -0.000130257918499, -0.00167055567726, 0.0010909474222, -0.00113229290582, 0.00262282951735, -0.00123699125834, 0.00139588792808, 0.00138797250111, -0.00065744004678, -0.00220310105942, 0.0115535706282]]
    },
    "melbands": {
        "max": [0.0555290132761, 0.0665065795183, 0.0324254669249, 0.0154595384374, 0.00571712432429, 0.00814646296203, 0.00796413235366, 0.00914746522903, 0.00763482600451, 0.00879904907197, 0.00716496398672, 0.00650572264567, 0.00145042291842, 0.00162910332438, 0.00245146709494, 0.00252176565118, 0.00148603739217, 0.000292132812319, 0.000308556715026, 0.000707514758687, 0.000316615100019, 0.000194163993001, 0.000139336290886, 0.000118328513054, 0.000153016502736, 0.000128370127641, 0.00012042504386, 0.000138109957334, 0.000164735902217, 0.000155354122398, 0.000134530666401, 9.43155537243e-05, 0.000146437479998, 6.70072840876e-05, 4.50734660262e-05, 2.87181264866e-05, 2.60470733338e-05, 6.22585139354e-05, 6.54281247989e-05, 7.89867044659e-05],
        "mean": [0.00753722991794, 0.00580274686217, 0.00213906029239, 0.00081118021626, 0.000476041750517, 0.000215305379243, 0.000359928788384, 0.000959886121564, 0.000506172131281, 0.000303698441712, 0.000205612799618, 7.85275624366e-05, 6.49853827781e-05, 5.55991719011e-05, 0.000105510465801, 4.88276746182e-05, 2.55644499703e-05, 1.54568479047e-05, 1.29350546558e-05, 1.24500820675e-05, 9.62161539064e-06, 8.96834171726e-06, 6.00706061959e-06, 4.08797677665e-06, 4.24608015237e-06, 5.23784001416e-06, 5.77786295253e-06, 2.65979269898e-06, 3.87213776776e-06, 6.82471591062e-06, 6.28915404377e-06, 5.7905954236e-06, 3.22007372233e-06, 3.2257132716e-06, 1.61142622801e-06, 9.17792817745e-07, 6.73058650591e-07, 6.60188902657e-07, 6.92220567089e-07, 6.35597189103e-07],
        "min": [2.03762226647e-07, 8.32482044189e-07, 1.26003283185e-06, 1.33238518174e-06, 5.52625351702e-07, 2.07487062198e-07, 4.3801475158e-07, 1.50784967445e-06, 1.8012289047e-06, 1.77320669081e-06, 8.19664023766e-07, 8.01909550319e-07, 5.88497471199e-07, 2.83956012481e-07, 4.18409598524e-07, 2.59718888174e-07, 2.08052995276e-07, 1.73426784045e-07, 1.09984107155e-07, 3.03146272529e-08, 2.63996735583e-08, 4.85607536405e-08, 5.9841681832e-08, 2.3253990733e-08, 7.67685648384e-09, 1.47213770063e-08, 1.95680822657e-08, 3.78802302026e-11, 2.95251045834e-10, 1.28069932437e-09, 1.93756989619e-12, 1.14220297717e-12, 1.0799865776e-12, 1.07824730047e-12, 1.01909832569e-12, 1.19082662568e-12, 6.71434479196e-13, 4.39251174496e-13, 3.86630804412e-13, 3.2578676085e-13],
        "stdev": [0.0085636144504, 0.0086261248216, 0.00327206077054, 0.00139926117845, 0.000730474363081, 0.000544134585653, 0.00076077983249, 0.00130927201826, 0.000852492987178, 0.000638677272946, 0.00036904818262, 0.00025314206141, 0.000100642777397, 0.000114840535389, 0.000236937266891, 0.000126019745949, 5.83596229262e-05, 3.09846182063e-05, 2.53079087997e-05, 3.39276193699e-05, 2.27858672588e-05, 1.75682398549e-05, 1.11006474981e-05, 9.57964948611e-06, 1.06912229967e-05, 9.52807477006e-06, 1.07656487671e-05, 7.25208155927e-06, 1.03814181784e-05, 1.34820174935e-05, 1.32418726935e-05, 1.09537468234e-05, 8.07078504295e-06, 6.45083946438e-06, 4.19295702159e-06, 2.45163937507e-06, 2.16379112317e-06, 3.41197323905e-06, 3.74708088202e-06, 3.92990023101e-06]
    },
    "melbands128": {
        "max": [0.0131549164653, 0.0406438782811, 0.068331040442, 0.131046235561, 0.078045040369, 0.0588603504002, 0.0344946272671, 0.0482306443155, 0.035169005394, 0.0201849341393, 0.0118733458221, 0.0123885357752, 0.00892428867519, 0.00489014666528, 0.00749793089926, 0.0163197554648, 0.0108754727989, 0.0145670520142, 0.0121154170483, 0.0158921144903, 0.0171361528337, 0.0120621901006, 0.0125678144395, 0.0118963327259, 0.0178732331842, 0.0121444612741, 0.0158591177315, 0.00678918045014, 0.0150455068797, 0.0143642770126, 0.00387919018976, 0.00269638514146, 0.00215079868212, 0.00141431204975, 0.00446564983577, 0.00239967368543, 0.00166582129896, 0.00391191057861, 0.0058743879199, 0.00633079046384, 0.00334707181901, 0.00500756409019, 0.00140657147858, 0.000634776079096, 0.000466310651973, 0.000460599141661, 0.000650232948828, 0.000372023379896, 0.000462235300802, 0.000691257417202, 0.00155079585966, 0.000563274952583, 0.000484211544972, 0.000324127293425, 0.000449040962849, 0.000334409298375, 0.000280835665762, 0.000238106629695, 0.000170566854649, 0.000145379875903, 0.000138912859256, 0.000254699087236, 0.000235751314904, 0.000171588893863, 0.000156651920406, 0.000102241465356, 0.000281018204987, 0.000368784327293, 0.000130142012495, 0.000110580876935, 0.00028100743657, 0.000182935065823, 0.000198759080376, 0.000159983857884, 0.000466328405309, 0.00022812577663, 0.000153553235577, 0.000171258274349, 0.000185251250514, 0.00023659816361, 0.000114664733701, 0.000214205894736, 0.00017048807058, 0.000183490119525, 0.000205168485991, 8.80221050465e-05, 0.000100453136838, 7.7991411672e-05, 6.08565642324e-05, 4.43411336164e-05, 3.31517294399e-05, 4.00983335567e-05, 3.0410126783e-05, 3.69110493921e-05, 3.25341461576e-05, 5.20567882631e-05, 7.6054566307e-05, 0.000111357207061, 7.77846362325e-05, 7.5606010796e-05, 0.000103328777186, 0.000101646975963, 3.72690847144e-05, 6.19934289716e-05, 4.67001955258e-05, 2.29492034123e-05, 2.43119648076e-05, 2.08376168302e-05, 2.04279276659e-05, 8.99773203855e-06, 8.75279056345e-06, 5.02077500641e-06, 7.0729320214e-06, 9.33676801651e-06, 1.58988877956e-05, 5.5312684708e-06, 2.59188582277e-05, 1.29447544168e-05, 1.74841552507e-05, 2.73843979812e-05, 1.06285015136e-05, 3.78877280127e-06, 6.4331120484e-06, 5.31404396042e-08, 1.34290152332e-08, 1.32697417499e-08, 1.31586990193e-08, 1.30866526504e-08],
        "mean": [0.00249305693433, 0.00739717669785, 0.00914289895445, 0.00883138831705, 0.00557366712019, 0.00407995004207, 0.00259763747454, 0.00178209680598, 0.0010564486729, 0.000644067884423, 0.000729640829377, 0.000754322274588, 0.000392500747694, 0.000174685614184, 0.000139035546454, 0.000281472632196, 0.000331530172843, 0.000318036356475, 0.000404707738198, 0.00114123313688, 0.00120342941955, 0.000566616072319, 0.000508891360369, 0.000249171484029, 0.000388975749956, 0.000244050723268, 0.000280173087958, 0.000214297077036, 0.000146572943777, 0.000104177561298, 4.69673323096e-05, 3.58466240868e-05, 8.32982186694e-05, 6.7704677349e-05, 6.05451459705e-05, 4.83250441903e-05, 4.98236222484e-05, 0.000125142993056, 0.000139689567732, 5.63934081583e-05, 2.71261415037e-05, 3.4238491935e-05, 3.26964400301e-05, 1.7150399799e-05, 1.13727755888e-05, 1.7455093257e-05, 1.7990838387e-05, 1.08744743557e-05, 1.29596492116e-05, 1.12838706627e-05, 1.34661013362e-05, 1.24278267322e-05, 9.06614423002e-06, 9.01359544514e-06, 8.95397715794e-06, 9.25281165109e-06, 9.48755132413e-06, 5.75638114242e-06, 5.76541197006e-06, 4.05677201343e-06, 3.33860839419e-06, 4.65290349894e-06, 4.82251516587e-06, 3.80704659619e-06, 3.89993510908e-06, 3.80995379601e-06, 7.33898878025e-06, 8.0140771388e-06, 5.41495410289e-06, 2.71426733889e-06, 2.40459348788e-06, 2.57368174061e-06, 3.08956055051e-06, 3.67772668142e-06, 5.36377228855e-06, 6.87487226969e-06, 7.96510266809e-06, 6.05624245509e-06, 5.92733567828e-06, 6.5535223257e-06, 6.46564330964e-06, 5.79574816584e-06, 3.44048748957e-06, 2.66289021056e-06, 3.16452269544e-06, 3.76407274416e-06, 3.40659789799e-06, 1.97766189558e-06, 1.58736804678e-06, 1.21849416246e-06, 9.54004008236e-07, 8.52682546792e-07, 8.34657555515e-07, 6.36042670976e-07, 6.09401695328e-07, 5.94219557115e-07, 6.77698380969e-07, 7.34184482098e-07, 7.06195692146e-07, 6.33633476355e-07, 7.4483256185e-07, 6.55209532852e-07, 4.94004495977e-07, 4.36959396666e-07, 3.83768309575e-07, 3.03780069544e-07, 2.56243282593e-07, 2.22744432676e-07, 2.15766931433e-07, 1.19476496252e-07, 6.7027187356e-08, 6.33376231463e-08, 1.00704767192e-07, 1.59948569944e-07, 2.01986608772e-07, 9.56948298381e-08, 2.84789166471e-07, 1.45490389514e-07, 1.98895264703e-07, 2.57025618566e-07, 8.00699382353e-08, 2.67686743882e-08, 2.44764741808e-08, 1.84600307263e-10, 2.46610995513e-11, 2.41422142694e-11, 2.38136593778e-11, 2.36638729445e-11],
        "min": [4.43602404809e-10, 1.24361658749e-08, 2.50087452969e-08, 3.09743114713e-07, 4.182908242e-07, 3.76036012995e-07, 2.51254363093e-07, 2.5368609613e-07, 1.5000424014e-07, 8.64846072091e-07, 2.06645879075e-07, 1.23489300563e-07, 1.36335927436e-07, 2.74025104829e-08, 4.67349892119e-08, 5.06502644271e-08, 4.77734474202e-08, 1.01051064405e-07, 3.02910308392e-07, 4.98422707551e-07, 5.84997735587e-07, 6.73547901897e-07, 5.57003033919e-07, 1.97736937935e-07, 2.57381628899e-07, 3.03987548023e-07, 2.08250312994e-07, 1.26238660414e-07, 2.47890113769e-07, 1.43094951e-07, 9.45360554283e-08, 4.04026195611e-07, 3.31857791025e-07, 1.30612932026e-07, 1.79075044571e-07, 1.09504284751e-07, 1.26560195213e-07, 2.90436759087e-07, 1.02008428371e-07, 1.58217119406e-07, 1.20222679811e-07, 1.91005682382e-07, 1.59927537879e-07, 1.1866858074e-07, 1.07621914935e-07, 5.9476423786e-08, 4.80120299073e-08, 2.94785138522e-08, 1.3231038487e-08, 4.23945252237e-08, 2.62624109126e-08, 1.42796285907e-09, 6.81631995292e-09, 2.59167123318e-08, 1.92547844335e-08, 3.31070424409e-08, 1.13257438983e-08, 2.78736855819e-08, 3.23661168977e-08, 2.57357353206e-08, 1.61439506208e-09, 8.7775686719e-10, 2.89477819493e-09, 2.22595786248e-09, 7.08708336461e-09, 1.39124685106e-08, 1.78241190696e-08, 2.51637377602e-08, 4.01113409154e-09, 7.44283315535e-11, 1.87207541136e-11, 2.82705508309e-11, 2.34791353027e-11, 4.95228025255e-11, 7.10279279836e-10, 2.53570942021e-10, 9.67558064918e-12, 2.64234294167e-12, 6.49473367881e-13, 1.30903773064e-12, 9.14652034667e-13, 1.32807295977e-12, 1.10169035353e-12, 1.04873694364e-12, 1.11563547029e-12, 8.19193725441e-13, 6.3423615318e-13, 7.87142920289e-13, 7.2822927159e-13, 7.95284519663e-13, 9.19032753545e-13, 1.03976007491e-12, 5.56045444064e-13, 4.96880097831e-13, 4.60834116093e-13, 4.33869953853e-13, 3.79541911137e-13, 3.89906612856e-13, 3.07374324561e-13, 2.3330610447e-13, 2.68136316102e-13, 2.56114845044e-13, 2.5636516022e-13, 3.35318117673e-13, 2.75135301911e-13, 2.90586673647e-13, 2.33865363056e-13, 2.06126023368e-13, 2.173099618e-13, 2.83882157148e-13, 2.48495695592e-13, 2.36994560261e-13, 2.57857781351e-13, 2.72488818618e-13, 2.33710647406e-13, 2.32233638786e-13, 2.90964247054e-13, 2.66617836749e-13, 2.82794268688e-13, 2.68804618321e-13, 2.64446694794e-13, 2.33510449475e-13, 2.72939331726e-13, 2.11301367571e-13, 1.9685312679e-13, 7.0878348221e-14, 9.27672770822e-15, 3.06836335184e-16],
        "stdev": [0.00314212730154, 0.00984715949744, 0.0114658474922, 0.0161601118743, 0.00982505455613, 0.00553829874843, 0.00390293751843, 0.0041331788525, 0.00304376613349, 0.00140739686321, 0.00117683317512, 0.0012425633613, 0.000870015413966, 0.000492873194162, 0.000465103163151, 0.00097136531258, 0.000943364866544, 0.00112720171455, 0.000980330863968, 0.00196748180315, 0.0020355398301, 0.00101897318382, 0.0013162601972, 0.000683881691657, 0.00100974936504, 0.000724679091945, 0.000718667171896, 0.00038552749902, 0.000518371758517, 0.000510042067617, 0.000139155934448, 0.000100531899079, 0.0001602825796, 0.00013193047198, 0.000204118114198, 0.000147311540786, 0.000116380906547, 0.0003402538714, 0.000435775873484, 0.000244464841671, 0.000110474880785, 0.000157712740474, 7.25782956579e-05, 3.82713296858e-05, 3.2072141039e-05, 4.06427643611e-05, 5.07464683324e-05, 2.69804222626e-05, 3.45578082488e-05, 3.34122451022e-05, 5.52262790734e-05, 3.76135722036e-05, 3.30390430463e-05, 2.24686282309e-05, 2.50369048445e-05, 2.29522102018e-05, 2.4172839403e-05, 1.37629540404e-05, 1.43246634252e-05, 1.01498153526e-05, 8.99829592527e-06, 1.56184396474e-05, 1.59886421898e-05, 1.06295556179e-05, 9.65578874457e-06, 8.57731538417e-06, 2.01496550289e-05, 2.24606155825e-05, 1.20578370115e-05, 7.03196747054e-06, 9.60904890235e-06, 8.3142749645e-06, 1.00206880234e-05, 1.07967416625e-05, 1.864967453e-05, 1.50464438775e-05, 1.74553970282e-05, 1.4748704416e-05, 1.54359913722e-05, 1.49265315486e-05, 1.27220982904e-05, 1.3572485841e-05, 1.00633487818e-05, 8.38396317704e-06, 9.19443937164e-06, 7.5373168329e-06, 8.27042185847e-06, 5.57512703381e-06, 4.62730986328e-06, 3.5249308894e-06, 2.83775511889e-06, 2.59592593466e-06, 2.28997009799e-06, 2.17346587306e-06, 2.365798764e-06, 2.83769577436e-06, 3.94791368308e-06, 4.60302771899e-06, 3.68623227587e-06, 3.55643578587e-06, 5.02661032442e-06, 4.43926910521e-06, 2.73547584584e-06, 2.89061040348e-06, 2.37076665144e-06, 1.48240405906e-06, 1.30765204176e-06, 1.24240546029e-06, 1.13493592835e-06, 5.87997874391e-07, 4.09453150496e-07, 3.47497774555e-07, 4.72106364668e-07, 7.76553747528e-07, 1.09414111193e-06, 4.77599485293e-07, 1.84614486898e-06, 9.06169759674e-07, 1.34468189117e-06, 1.85650173989e-06, 5.7866412817e-07, 2.14979579027e-07, 2.48089463639e-07, 2.15005058202e-09, 5.06706621106e-10, 5.0076237601e-10, 4.96542307271e-10, 4.9383186429e-10]
    },
    "mfcc": {
        "mean": [-660.271789551, 152.509017944, 5.26050901413, 29.7178611755, -17.7312583923, 22.6088218689, 0.244423031807, 11.9695920944, 6.71227788925, 8.35143470764, 11.2078714371, 5.75432920456, 0.477865338326],
        "cov": [[3985.03149414, -2038.66870117, 1010.43695068, -364.108032227, 187.625, 22.4470787048, -44.5304298401, -45.3834991455, 10.9176044464, -258.09274292, -114.078926086, -3.60183358192, 17.5406074524], [-2038.66870117, 2273.90576172, -736.719116211, 498.203521729, -37.7307662964, 187.090454102, 14.6726789474, 183.119293213, 83.0082092285, 315.824584961, 230.957229614, 100.363693237, 81.7510986328], [1010.43695068, -736.719116211, 1320.01611328, -45.864200592, 166.533981323, 98.2931060791, 86.3817749023, -156.285797119, -16.0307235718, -286.131530762, -47.8454284668, 29.6496715546, 71.2352752686], [-364.108032227, 498.203521729, -45.864200592, 491.010772705, 84.9478149414, 257.03112793, 13.7535905838, 88.6505050659, 68.8008880615, 68.3119430542, 65.7837753296, 19.0979957581, 60.2275886536], [187.625, -37.7307662964, 166.533981323, 84.9478149414, 369.466949463, 12.5890960693, 72.9230270386, -5.3456454277, 95.1082839966, 53.987361908, -0.786713600159, 7.67120170593, 2.7043659687], [22.4470787048, 187.090454102, 98.2931060791, 257.03112793, 12.5890960693, 365.011932373, 21.6329994202, 134.202423096, 35.6506538391, 19.6802597046, 58.9201278687, 40.4929580688, 50.7193489075], [-44.5304298401, 14.6726789474, 86.3817749023, 13.7535905838, 72.9230270386, 21.6329994202, 198.38343811, 15.1503944397, 51.8057594299, 20.6039600372, 45.786026001, 17.0177574158, -1.00009202957], [-45.3834991455, 183.119293213, -156.285797119, 88.6505050659, -5.3456454277, 134.202423096, 15.1503944397, 209.226272583, 48.6960830688, 130.567001343, 62.862537384, 26.3567523956, 12.7739658356], [10.9176044464, 83.0082092285, -16.0307235718, 68.8008880615, 95.1082839966, 35.6506538391, 51.8057594299, 48.6960830688, 178.39012146, 98.2461242676, 72.6442108154, -2.5595638752, 13.2286815643], [-258.09274292, 315.824584961, -286.131530762, 68.3119430542, 53.987361908, 19.6802597046, 20.6039600372, 130.567001343, 98.2461242676, 343.115905762, 111.179931641, 49.4197883606, -17.1318283081], [-114.078926086, 230.957229614, -47.8454284668, 65.7837753296, -0.786713600159, 58.9201278687, 45.786026001, 62.862537384, 72.6442108154, 111.179931641, 196.268676758, 52.4049224854, 45.8399581909], [-3.60183358192, 100.363693237, 29.6496715546, 19.0979957581, 7.67120170593, 40.4929580688, 17.0177574158, 26.3567523956, -2.5595638752, 49.4197883606, 52.4049224854, 106.963378906, 30.9704780579], [17.5406074524, 81.7510986328, 71.2352752686, 60.2275886536, 2.7043659687, 50.7193489075, -1.00009202957, 12.7739658356, 13.2286815643, -17.1318283081, 45.8399581909, 30.9704780579, 111.848083496]],
        "icov": [[0.000566287315451, 0.000483305804664, -0.000155944784638, 0.000136776230647, -0.000239615503233, -0.000132134257001, 0.000371682137484, -0.000368585344404, -0.000175891851541, 0.000119014664961, -0.000155342160724, -0.000262173678493, -0.000129968015244], [0.000483305804664, 0.00122609816026, 0.000262520799879, -0.000672932248563, -0.000104817932879, 2.81685261143e-05, 0.000186713412404, -0.000203464122023, 2.69424999715e-05, -8.0472062109e-05, -0.000565219728742, -0.000648681423627, -0.000366379739717], [-0.000155944784638, 0.000262520799879, 0.00152504513972, 0.000127438979689, -0.00055752042681, -0.000829236931168, -0.000493935833219, 0.00106606504414, -3.18681413773e-05, 0.000774746527895, -0.000173416963662, -0.000634591211565, -0.000574767938815], [0.000136776230647, -0.000672932248563, 0.000127438979689, 0.00474542425945, -0.00109239749145, -0.0033019518014, 0.000386642466765, 0.000910984235816, -0.00046206638217, -0.000280131323962, 0.000206195720239, 0.00114076118916, -0.00113154784776], [-0.000239615503233, -0.000104817932879, -0.00055752042681, -0.00109239749145, 0.00412434572354, 0.000773392093834, -0.00109107687604, 0.000434038054664, -0.00174819980748, -0.0010198156815, 0.00141123263165, -0.000380394893, 0.000125255231978], [-0.000132134257001, 2.81685261143e-05, -0.000829236931168, -0.0033019518014, 0.000773392093834, 0.00689236680046, -8.82605163497e-05, -0.00419544195756, -2.44708062382e-05, 0.00124859169591, -0.000325718981912, -0.00134480535053, 0.000340509053785], [0.000371682137484, 0.000186713412404, -0.000493935833219, 0.000386642466765, -0.00109107687604, -8.82605163497e-05, 0.00644156290218, -0.000723123957869, -0.00125353003386, 0.000707933329977, -0.00151021010242, -0.000798774941359, 0.00121503381524], [-0.000368585344404, -0.000203464122023, 0.00106606504414, 0.000910984235816, 0.000434038054664, -0.00419544195756, -0.000723123957869, 0.0099512534216, -0.000365413521649, -0.00299753434956, 0.000113026653707, 0.000496887834743, -0.000813803519122], [-0.000175891851541, 2.69424999715e-05, -3.18681413773e-05, -0.00046206638217, -0.00174819980748, -2.44708062382e-05, -0.00125353003386, -0.000365413521649, 0.00941904447973, -0.00195080984849, -0.00259402603842, 0.0031295272056, -0.00085536018014], [0.000119014664961, -8.0472062109e-05, 0.000774746527895, -0.000280131323962, -0.0010198156815, 0.00124859169591, 0.000707933329977, -0.00299753434956, -0.00195080984849, 0.00668616499752, -0.00203389977105, -0.00267380708829, 0.00233350321651], [-0.000155342160724, -0.000565219728742, -0.000173416963662, 0.000206195720239, 0.00141123263165, -0.000325718981912, -0.00151021010242, 0.000113026653707, -0.00259402603842, -0.00203389977105, 0.00928683206439, -0.00211967946962, -0.00269984849729], [-0.000262173678493, -0.000648681423627, -0.000634591211565, 0.00114076118916, -0.000380394893, -0.00134480535053, -0.000798774941359, 0.000496887834743, 0.0031295272056, -0.00267380708829, -0.00211967946962, 0.0136286243796, -0.00282442336902], [-0.000129968015244, -0.000366379739717, -0.000574767938815, -0.00113154784776, 0.000125255231978, 0.000340509053785, 0.00121503381524, -0.000813803519122, -0.00085536018014, 0.00233350321651, -0.00269984849729, -0.00282442336902, 0.0124977957457]]
    },
    "spectral_contrast_coeffs": {
        "max": [-0.365182161331, -0.416781306267, -0.496691852808, -0.561724305153, -0.627801895142, -0.431815594435],
        "mean": [-0.701249301434, -0.690148413181, -0.747176408768, -0.782367110252, -0.794219017029, -0.679361462593],
        "min": [-0.905348956585, -0.925667405128, -0.90163141489, -0.89421248436, -0.886624097824, -0.933803319931],
        "stdev": [0.0766188427806, 0.100854307413, 0.0724364444613, 0.0615066625178, 0.0497710183263, 0.0792165026069]
    },
    "spectral_contrast_valleys": {
        "max": [-4.46109771729, -4.33810758591, -5.44486618042, -5.8002986908, -6.03045558929, -7.51004552841],
        "mean": [-6.46104049683, -6.71514081955, -7.31945705414, -7.92953157425, -8.03182315826, -11.3924064636],
        "min": [-9.42392444611, -8.4847869873, -9.01183414459, -9.61857891083, -11.3709821701, -16.3743839264],
        "stdev": [0.936470746994, 0.651066482067, 0.538284540176, 0.643443048, 0.626159012318, 1.76469027996]
    }
},
"rhythm": {
    "beats_count": 63,
    "beats_loudness": {
        "max": 0.169121831656,
        "mean": 0.0646110102534,
        "min": 0.00444983132184,
        "stdev": 0.0373461917043
    },
    "bpm": 122.37651825,
    "bpm_histogram_first_peak_bpm": 123,
    "bpm_histogram_first_peak_weight": 0.342105269432,
    "bpm_histogram_second_peak_bpm": 152,
    "bpm_histogram_second_peak_spread": 0.375,
    "bpm_histogram_second_peak_weight": 0.0806451588869,
    "danceability": 1.1083523035,
    "onset_rate": 3.16845679283,
    "beats_loudness_band_ratio": {
        "max": [0.989055812359, 0.45780262351, 0.725502073765, 0.422690182924, 0.189530357718, 0.630256593227],
        "mean": [0.608715653419, 0.0924241915345, 0.200491473079, 0.0609105192125, 0.0220930371433, 0.0358472578228],
        "min": [0.00740901427343, 0.000777569715865, 0.00466945953667, 0.000797507993411, 0.000187320823898, 0.000125171165564],
        "stdev": [0.258703917265, 0.102440722287, 0.169334337115, 0.0834672302008, 0.0385426841676, 0.0872862190008]
    },
    "beats_position": [0.684988677502, 1.39319729805, 2.08979582787, 2.7863945961, 3.47138309479, 4.15637159348, 4.85297060013, 5.54956912994, 6.13006782532, 6.71056699753, 7.2910656929, 7.85995435715, 8.42884349823, 8.91646194458, 9.41569137573, 9.90331077576, 10.3909292221, 10.7972784042, 11.2036275864, 11.5983667374, 11.9931058884, 12.3994560242, 12.7941951752, 13.1889343262, 13.572063446, 13.966802597, 14.3499317169, 14.8607711792, 15.3483896255, 15.8476190567, 16.3468475342, 16.8460769653, 17.3453063965, 17.8445339203, 18.3437633514, 18.8546028137, 19.3538322449, 19.853061676, 20.3406791687, 20.8282985687, 21.3159179688, 21.8035373688, 22.2911567688, 22.7787742615, 23.2663936615, 23.7540130615, 24.2416324615, 24.7292518616, 25.2168693542, 25.7044887543, 26.1921081543, 26.6797275543, 27.1673469543, 27.6549663544, 28.1541938782, 28.6418132782, 29.1178226471, 29.6054420471, 30.0930614471, 30.5922889709, 31.0682983398, 31.5559177399, 32.0435371399],
