{
"metadata": {
    "version": {
        "essentia": "2.1-beta5",
        "essentia_git_sha": "Undefined",
        "extractor": "music 2.0"
    },
    "audio_properties": {
        "analysis": {
            "equal_loudness": 0,
            "length": 12.7477550507,
            "sample_rate": 44100,
            "start_time": 0,
            "downmix": "mix"
        },
        "bit_rate": 192000,
        "length": 191.970977783,
        "lossless": 0,
        "number_channels": 2,
        "replay_gain": -4.68594360352,
        "sample_rate": 48000,
        "codec": "mp3",
        "md5_encoded": "b6999d53a78cfc9ad552fd3f8edaf453"
    },
    "tags": {
        "file_name": "Cyprus_Replay_Tamta.mp3",
        "encoding": ["Lavf58.29.100"]
    }
},
"lowlevel": {
    "average_loudness": 0.885612726212,
    "barkbands_crest": {
        "max": 23.2915363312,
        "mean": 9.60793018341,
        "min": 3.2957971096,
        "stdev": 3.45594787598
    },
    "barkbands_flatness_db": {
        "max": 0.375706195831,
        "mean": 0.19825489819,
        "min": 0.0566567406058,
        "stdev": 0.0637273043394
    },
    "barkbands_kurtosis": {
        "max": 18.3435440063,
        "mean": 2.74986124039,
        "min": -1.79931688309,
        "stdev": 3.06720972061
    },
    "barkbands_skewness": {
        "max": 3.51787042618,
        "mean": 1.1818921566,
        "min": -1.27771186829,
        "stdev": 0.842897951603
    },
    "barkbands_spread": {
        "max": 116.008407593,
        "mean": 13.9269695282,
        "min": 2.55521631241,
        "stdev": 15.9391851425
    },
    "dissonance": {
        "max": 0.5,
        "mean": 0.483341783285,
        "min": 0.382933199406,
        "stdev": 0.0191810727119
    },
    "dynamic_complexity": 2.88180756569,
    "erbbands_crest": {
        "max": 28.8332653046,
        "mean": 10.8715591431,
        "min": 3.17966461182,
        "stdev": 4.00211286545
    },
    "erbbands_flatness_db": {
        "max": 0.425521105528,
        "mean": 0.276673436165,
        "min": 0.0628871917725,
        "stdev": 0.0673595443368
    },
    "erbbands_kurtosis": {
        "max": 20.7032527924,
        "mean": 2.01694631577,
        "min": -1.69957649708,
        "stdev": 2.67968320847
    },
    "erbbands_skewness": {
        "max": 4.05706501007,
        "mean": 1.19299125671,
        "min": -1.14213752747,
        "stdev": 0.717618763447
    },
    "erbbands_spread": {
        "max": 110.590209961,
        "mean": 18.8964481354,
        "min": 4.76777458191,
        "stdev": 15.2781877518
    },
    "hfc": {
        "max": 224.166213989,
        "mean": 28.7097454071,
        "min": 1.99295985699,
        "stdev": 23.2884578705
    },
    "loudness_ebu128": {
        "integrated": -19.0379695892,
        "loudness_range": 5.77728271484,
        "momentary": {
            "max": -15.7972316742,
            "mean": -19.9432659149,
            "min": -27.1298770905,
            "stdev": 3.03931641579
        },
        "short_term": {
            "max": -17.0051021576,
            "mean": -20.0648117065,
            "min": -23.6289577484,
            "stdev": 2.228931427
        }
    },
    "melbands_crest": {
        "max": 32.7990722656,
        "mean": 12.1779632568,
        "min": 3.68613052368,
        "stdev": 4.54687261581
    },
    "melbands_flatness_db": {
        "max": 0.327335059643,
        "mean": 0.185901165009,
        "min": 0.0756403282285,
        "stdev": 0.0462566390634
    },
    "melbands_kurtosis": {
        "max": 43.3155593872,
        "mean": 6.62094211578,
        "min": -0.765966176987,
        "stdev": 5.73695468903
    },
    "melbands_skewness": {
        "max": 4.69055652618,
        "mean": 1.62007665634,
        "min": -0.821326434612,
        "stdev": 0.994981944561
    },
    "melbands_spread": {
        "max": 168.837539673,
        "mean": 19.2813720703,
        "min": 3.28484392166,
        "stdev": 18.3028373718
    },
    "pitch_salience": {
        "max": 0.876410722733,
        "mean": 0.666201293468,
        "min": 0.171986967325,
        "stdev": 0.107013873756
    },
    "silence_rate_20dB": {
        "max": 1,
        "mean": 1,
        "min": 1,
        "stdev": 0
    },
    "silence_rate_30dB": {
        "max": 1,
        "mean": 1,
        "min": 1,
        "stdev": 0
    },
    "silence_rate_60dB": {
        "max": 1,
        "mean": 0.0581818185747,
        "min": 0,
        "stdev": 0.234087347984
    },
    "spectral_centroid": {
        "max": 4087.0324707,
        "mean": 1613.90441895,
        "min": 920.760803223,
        "stdev": 417.28793335
    },
    "spectral_complexity": {
        "max": 39,
        "mean": 21.2545452118,
        "min": 2,
        "stdev": 7.51584529877
    },
    "spectral_decrease": {
        "max": -2.70613975673e-10,
        "mean": -5.2571778042e-09,
        "min": -2.01818455281e-08,
        "stdev": 3.8229623911e-09
    },
    "spectral_energy": {
        "max": 0.0825914442539,
        "mean": 0.0224458705634,
        "min": 0.001386979362,
        "stdev": 0.015568671748
    },
    "spectral_energyband_high": {
        "max": 0.0196101889014,
        "mean": 0.000688073865604,
        "min": 3.69191766367e-05,
        "stdev": 0.0017929241294
    },
    "spectral_energyband_low": {
        "max": 0.0119051160291,
        "mean": 0.000533465470653,
        "min": 4.28528466045e-08,
        "stdev": 0.00149476644583
    },
    "spectral_energyband_middle_high": {
        "max": 0.0542799830437,
        "mean": 0.0131123298779,
        "min": 0.00013678529649,
        "stdev": 0.00964884553105
    },
    "spectral_energyband_middle_low": {
        "max": 0.0613696202636,
        "mean": 0.0092476727441,
        "min": 7.84260337241e-05,
        "stdev": 0.00865869037807
    },
    "spectral_entropy": {
        "max": 8.50516605377,
        "mean": 7.59075737,
        "min": 6.82356929779,
        "stdev": 0.257597178221
    },
    "spectral_flux": {
        "max": 0.223755508661,
        "mean": 0.0851124599576,
        "min": 0.0240967124701,
        "stdev": 0.0356762595475
    },
    "spectral_kurtosis": {
        "max": 12.919719696,
        "mean": 4.58727502823,
        "min": -0.358446836472,
        "stdev": 2.35933303833
    },
    "spectral_rms": {
        "max": 0.00897647067904,
        "mean": 0.00437244912609,
        "min": 0.0011632500682,
        "stdev": 0.00166735693347
    },
    "spectral_rolloff": {
        "max": 14061.1816406,
        "mean": 2215.1003418,
        "min": 818.26171875,
        "stdev": 2351.49389648
    },
    "spectral_skewness": {
        "max": 2.8516561985,
        "mean": 1.47732961178,
        "min": 0.651043653488,
        "stdev": 0.350947827101
    },
    "spectral_spread": {
        "max": 19910208,
        "mean": 3521397.25,
        "min": 1825219.25,
        "stdev": 2414307
    },
    "spectral_strongpeak": {
        "max": 27.0249786377,
        "mean": 1.95720505714,
        "min": 0.0239928346127,
        "stdev": 2.42246007919
    },
    "zerocrossingrate": {
        "max": 0.443359375,
        "mean": 0.0801118612289,
        "min": 0.02734375,
        "stdev": 0.0608290471137
    },
    "barkbands": {
        "max": [0.00159595487639, 0.0100552914664, 0.00433546863496, 0.00596586521715, 0.00528059154749, 0.0121009228751, 0.00605841353536, 0.00501545937732, 0.0516962632537, 0.0403561815619, 0.022875180468, 0.00661838846281, 0.00820937752724, 0.00560219399631, 0.00249325134791, 0.00156879005954, 0.00310098216869, 0.0014560528798, 0.0049648382701, 0.00113366893493, 0.000661784084514, 0.000464746175567, 0.000165645440575, 0.000220069239731, 0.0148233417422, 0.00563589157537, 0.000928888213821],
        "mean": [3.37481942552e-05, 0.000297149439575, 0.000136470232974, 0.000119609940157, 0.000187733050552, 0.000273621291853, 0.000109383974632, 0.00042839066009, 0.00572102889419, 0.00622971728444, 0.00263125961646, 0.00105039635673, 0.00146426563151, 0.00131924706511, 0.000450751918834, 0.000168992235558, 0.000299312581774, 0.000298070575809, 0.000443029392045, 0.000154846798978, 8.61511362018e-05, 7.17298826203e-05, 2.85084206553e-05, 1.99768328457e-05, 0.000280071166344, 0.000113436348329, 2.89639046969e-05],
        "min": [5.23876705905e-11, 1.40880451749e-09, 5.21536058784e-09, 9.43976452561e-09, 8.61132434693e-07, 1.00453166851e-06, 1.80288884621e-06, 1.171302074e-06, 2.43046506512e-05, 6.1672879383e-05, 1.78283607966e-05, 7.23580888007e-06, 6.93990978107e-06, 1.16550254461e-05, 4.06258277508e-06, 3.28305827679e-06, 3.21730772157e-06, 2.69865017799e-06, 2.63084507424e-06, 5.52962683287e-06, 1.14523948014e-06, 4.73700265502e-06, 1.57695967573e-06, 7.47452055805e-09, 4.56456608622e-11, 4.37520852881e-11, 5.11580396101e-11],
        "stdev": [0.000125365710119, 0.00089450419182, 0.000463759119157, 0.000477689696709, 0.000549373799004, 0.000866830989253, 0.000444942968898, 0.000525081239175, 0.00634805904701, 0.00636086473241, 0.0034419442527, 0.001020890777, 0.00144213915337, 0.00100236875005, 0.00037499339669, 0.000150086139911, 0.000288757146336, 0.000222942777327, 0.000565411464777, 0.000149081519339, 6.2567050918e-05, 5.3564668633e-05, 2.35251372942e-05, 3.13994714816e-05, 0.0012148686219, 0.000530764169525, 0.000122520898003]
    },
    "erbbands": {
        "max": [0.185833469033, 2.70285773277, 3.86227440834, 16.1551914215, 12.8204507828, 22.8982696533, 67.7058563232, 100.629714966, 55.1855545044, 83.4990234375, 115.053627014, 717.191467285, 1450.84301758, 1427.85424805, 461.588226318, 260.838867188, 443.950622559, 364.694854736, 168.498718262, 72.4516296387, 72.5632095337, 173.228866577, 99.031036377, 124.339691162, 299.758605957, 52.4088020325, 19.6807956696, 29.7408618927, 20.275188446, 9.16530227661, 4.21832323074, 6.36982154846, 9.56207942963, 250.734390259, 49.0293159485, 13.5350437164, 19.1766796112, 1.28898632526, 0.194407403469, 0.0162447541952],
        "mean": [0.00901338458061, 0.0644703283906, 0.151821017265, 0.32494816184, 0.361940294504, 0.704955637455, 1.52502703667, 2.35486245155, 1.56907629967, 3.18498301506, 19.4716682434, 111.827262878, 218.483108521, 176.857879639, 71.098777771, 47.0147857666, 63.1612091064, 76.0021133423, 38.6808280945, 15.4234466553, 11.3908910751, 16.4224262238, 15.7715539932, 19.307477951, 20.5703773499, 7.62877750397, 4.0224647522, 3.18375205994, 2.91192770004, 1.36889255047, 0.745105624199, 0.54645460844, 0.396581888199, 4.59695386887, 1.02293980122, 0.319278389215, 0.310774236917, 0.0328432954848, 0.0057805753313, 0.000311192241497],
        "min": [1.12396449481e-07, 1.26514817111e-06, 9.19866397453e-06, 0.000220401358092, 0.000873620971106, 0.00208392576315, 0.00271299807355, 0.00980992615223, 0.0174417980015, 0.052529681474, 0.109712556005, 0.587932169437, 0.847033321857, 1.12616384029, 0.698242485523, 0.24219365418, 0.293360978365, 0.760327517986, 0.209318816662, 0.174628406763, 0.197611674666, 0.230010077357, 0.138448193669, 0.120423264802, 0.311746448278, 0.203277423978, 0.0607094094157, 0.0449406504631, 0.124449558556, 0.0970514416695, 0.0406226068735, 0.00540507771075, 0.000213561404962, 3.45514454239e-05, 1.21602060972e-05, 5.59672662348e-06, 1.62048127095e-06, 5.62755076317e-07, 1.00432987438e-06, 1.96654195861e-06],
        "stdev": [0.0240975804627, 0.213583752513, 0.467792272568, 1.34582281113, 1.09757006168, 2.35589289665, 5.40701389313, 7.11296987534, 4.95202493668, 7.01813602448, 20.4543399811, 123.407226562, 224.540145874, 205.57409668, 77.2639389038, 41.2223052979, 58.2890090942, 59.8013267517, 28.2418403625, 12.1517915726, 9.18262004852, 15.4400339127, 11.2586345673, 17.9737281799, 31.7216396332, 7.09173202515, 2.91870141029, 2.3193321228, 2.61669015884, 1.05922603607, 0.598477900028, 0.821847975254, 0.973327338696, 20.2283668518, 4.25473070145, 1.3303732872, 1.65912985802, 0.138512015343, 0.0245581623167, 0.00153310748283]
    },
    "gfcc": {
        "mean": [-52.3928947449, 66.0794143677, -217.824325562, -4.02621603012, -79.0204391479, 16.0251598358, -10.9615507126, 2.67736387253, -16.083984375, -19.606798172, -10.2357139587, -16.4365367889, -2.71477389336],
        "cov": [[2829.14697266, -245.068786621, 1938.00817871, -213.518798828, 568.34185791, 513.200500488, -7.57053852081, 766.590759277, -188.488342285, 610.001281738, -8.43822383881, 125.652381897, 17.4646625519], [-245.068786621, 1606.4173584, -498.007904053, 740.267456055, -106.139709473, -65.5532989502, 172.840896606, -418.275024414, 344.45513916, -357.706085205, 141.737838745, -194.261535645, 81.0106124878], [1938.00817871, -498.007904053, 2828.40820312, -27.1634807587, 941.987365723, 588.29864502, -230.948165894, 734.228820801, -310.532775879, 725.533081055, -128.633468628, 328.961456299, -1.57492244244], [-213.518798828, 740.267456055, -27.1634807587, 662.92010498, 104.945114136, 134.86541748, 8.61333656311, -102.722450256, 195.660583496, -78.0967483521, 26.4646244049, -99.8537445068, 12.6627960205], [568.34185791, -106.139709473, 941.987365723, 104.945114136, 485.097839355, 311.205871582, 16.387966156, 305.781433105, -31.6997566223, 289.744537354, -47.1116676331, 109.757995605, -16.2265758514], [513.200500488, -65.5532989502, 588.29864502, 134.86541748, 311.205871582, 412.38848877, 35.6008491516, 346.627105713, 24.1996669769, 283.909210205, -10.4427375793, 49.5070533752, 10.2141399384], [-7.57053852081, 172.840896606, -230.948165894, 8.61333656311, 16.387966156, 35.6008491516, 234.213790894, -2.70511221886, 126.026313782, -47.2705993652, 42.0750274658, -40.4396629333, 4.85267400742], [766.590759277, -418.275024414, 734.228820801, -102.722450256, 305.781433105, 346.627105713, -2.70511221886, 490.241760254, -71.7324981689, 370.575042725, -46.5393486023, 101.017410278, -6.13026714325], [-188.488342285, 344.45513916, -310.532775879, 195.660583496, -31.6997566223, 24.1996669769, 126.026313782, -71.7324981689, 204.106735229, -82.9746627808, 57.6951980591, -68.1543426514, 25.0675144196], [610.001281738, -357.706085205, 725.533081055, -78.0967483521, 289.744537354, 283.909210205, -47.2705993652, 370.575042725, -82.9746627808, 377.503448486, -38.973865509, 131.386245728, -21.1140613556], [-8.43822383881, 141.737838745, -128.633468628, 26.4646244049, -47.1116676331, -10.4427375793, 42.0750274658, -46.5393486023, 57.6951980591, -38.973865509, 81.2938079834, -19.6504459381, 29.8442630768], [125.652381897, -194.261535645, 328.961456299, -99.8537445068, 109.757995605, 49.5070533752, -40.4396629333, 101.017410278, -68.1543426514, 131.386245728, -19.6504459381, 134.88722229, 4.02290582657], [17.4646625519, 81.0106124878, -1.57492244244, 12.6627960205, -16.2265758514, 10.2141399384, 4.85267400742, -6.13026714325, 25.0675144196, -21.1140613556, 29.8442630768, 4.02290582657, 64.1036987305]],
        "icov": [[0.00156632333528, -0.00103237375151, -0.00120342778973, 0.00106710172258, 0.00100140180439, 0.000639678386506, -0.00053640990518, -0.00222181458957, 0.000604360830039, -0.000815604405943, -0.00109852233436, 0.00215765507892, 0.000488308665808], [-0.00103237375151, 0.0035634492524, -4.4501532102e-05, -0.00384158664383, 0.000817411462776, 5.01612303196e-05, -0.00228534149937, 0.00312823220156, -0.000451682717539, 0.000364781619282, -0.000639169535134, -0.000965924235061, -0.00213821837679], [-0.00120342778973, -4.4501532102e-05, 0.00306225707754, -4.31159014624e-06, -0.00454111071303, -5.12511105626e-05, 0.00234108883888, 0.00074076722376, 0.00111125584226, -2.45837072725e-05, 0.000651509617455, -0.00183076842222, -0.00141859147698], [0.00106710172258, -0.00384158664383, -4.31159014624e-06, 0.00889950431883, -0.002865470713, -0.00358013482764, 0.00609582010657, -0.000688776723109, -0.00452666822821, 0.00122885778546, 0.00140837533399, 0.00267839571461, 0.0034748816397], [0.00100140180439, 0.000817411462776, -0.00454111071303, -0.002865470713, 0.0135412625968, -0.00211613229476, -0.00632390426472, -0.000136903647217, -0.000138006376801, -0.00144424533937, 0.00139160722028, -0.00136901438236, 0.0023954580538], [0.000639678386506, 5.01612303196e-05, -5.12511105626e-05, -0.00358013482764, -0.00211613229476, 0.0135575486347, -0.00273463409394, -0.0064061563462, 0.00137084408198, -0.00571138085797, -0.00184035627171, 0.00379458907992, -0.00443179253489], [-0.00053640990518, -0.00228534149937, 0.00234108883888, 0.00609582010657, -0.00632390426472, -0.00273463409394, 0.0137595226988, -0.00213503791019, -0.00741172721609, 0.0051063480787, -0.000947472988628, -0.00110788759775, 0.00456764129922], [-0.00222181458957, 0.00312823220156, 0.00074076722376, -0.000688776723109, -0.000136903647217, -0.0064061563462, -0.00213503791019, 0.0176595374942, -0.000982681987807, -0.00804749596864, 0.00495681911707, 0.00106899521779, -0.00499835517257], [0.000604360830039, -0.000451682717539, 0.00111125584226, -0.00452666822821, -0.000138006376801, 0.00137084408198, -0.00741172721609, -0.000982681987807, 0.0175550561398, -0.00291497679427, -0.00428299512714, 0.00206563994288, -0.00441921222955], [-0.000815604405943, 0.000364781619282, -2.45837072725e-05, 0.00122885778546, -0.00144424533937, -0.00571138085797, 0.0051063480787, -0.00804749596864, -0.00291497679427, 0.0216626990587, -0.00347773986869, -0.0102777667344, 0.00944529473782], [-0.00109852233436, -0.000639169535134, 0.000651509617455, 0.00140837533399, 0.00139160722028, -0.00184035627171, -0.000947472988628, 0.00495681911707, -0.00428299512714, -0.00347773986869, 0.0218719299883, -0.000260220520431, -0.00760096404701], [0.00215765507892, -0.000965924235061, -0.00183076842222, 0.00267839571461, -0.00136901438236, 0.00379458907992, -0.00110788759775, 0.00106899521779, 0.00206563994288, -0.0102777667344, -0.000260220520431, 0.0202459096909, -0.00604867609218], [0.000488308665808, -0.00213821837679, -0.00141859147698, 0.0034748816397, 0.0023954580538, -0.00443179253489, 0.00456764129922, -0.00499835517257, -0.00441921222955, 0.00944529473782, -0.00760096404701, -0.00604867609218, 0.0266937874258]]
    },
    "melbands": {
        "max": [0.00206263922155, 0.00264076190069, 0.00247221393511, 0.0010451443959, 0.00180508033372, 0.00215855054557, 0.00101186637767, 0.000789729121607, 0.00127625837922, 0.00586965493858, 0.0071438155137, 0.0056169796735, 0.00211497256532, 0.000900354003534, 0.000908634974621, 0.00083529879339, 0.000632610637695, 0.000340230646543, 0.000169859267771, 0.000119851836644, 7.84641306382e-05, 0.000192323190277, 0.000137493509101, 8.52176235639e-05, 0.000115715258289, 0.000258427811787, 7.44693534216e-05, 3.46594606526e-05, 1.28542069433e-05, 1.29722757265e-05, 1.74744473043e-05, 1.20883250929e-05, 7.72789462644e-06, 4.72799456475e-06, 2.8814408779e-06, 1.61333150572e-06, 5.80671166972e-06, 1.96463793145e-06, 4.85036434839e-06, 0.000333183998009],
        "mean": [8.36397230159e-05, 8.31191791804e-05, 5.53706231585e-05, 3.61014208465e-05, 4.96225657116e-05, 5.18483284395e-05, 2.40109347942e-05, 3.91296962334e-05, 0.000193884174223, 0.000825789174996, 0.00108672608621, 0.000719079456758, 0.000287980423309, 0.000117953364679, 0.000128351646708, 0.000154172172188, 0.000138094168506, 6.85668346705e-05, 2.99372550217e-05, 1.1969100342e-05, 1.41202062878e-05, 1.77531728696e-05, 1.48072094817e-05, 1.39515059345e-05, 1.53256860358e-05, 1.89021466213e-05, 8.63848890731e-06, 4.15041949964e-06, 2.49470099334e-06, 2.05912556339e-06, 1.76801029284e-06, 1.79472363016e-06, 1.07620053313e-06, 6.53725578559e-07, 4.6070167059e-07, 3.00312194668e-07, 3.55960992238e-07, 1.62484411703e-07, 2.34452102177e-07, 6.00229532211e-06],
        "min": [5.01745311965e-10, 3.86446785683e-09, 3.83852416519e-08, 1.68642571907e-07, 9.97074565134e-08, 2.29174489164e-07, 2.30373728982e-07, 4.49112405931e-07, 1.24940856949e-06, 3.61616366717e-06, 4.34821095041e-06, 4.37909284301e-06, 2.44980788011e-06, 1.03203296931e-06, 3.90137444128e-07, 8.34743389078e-07, 1.4810131006e-06, 2.62402693352e-07, 3.10122260316e-07, 1.43291515542e-07, 2.5086177402e-07, 2.27875261771e-07, 1.10161060718e-07, 1.75150219661e-07, 7.26719378008e-08, 1.66600614193e-07, 2.73057167988e-07, 1.05395116634e-07, 2.56932981557e-08, 4.35138787225e-08, 1.67440337151e-08, 6.90681716264e-08, 5.93037867702e-08, 3.82284497391e-08, 1.64004987369e-08, 1.14898224268e-08, 1.09277406568e-10, 2.32779715642e-11, 1.20656100128e-12, 2.99025479942e-13],
        "stdev": [0.000234889477724, 0.000254184240475, 0.000207594843232, 0.000103514648799, 0.000165430799825, 0.000156216876348, 8.1676269474e-05, 7.38671442377e-05, 0.000219310080865, 0.000908037298359, 0.00111534516327, 0.000834619160742, 0.000338261917932, 0.000119505275507, 0.000132308414322, 0.000148574414197, 0.000110140848847, 5.40401997569e-05, 2.67591021839e-05, 1.09296597657e-05, 1.19702763186e-05, 1.775635792e-05, 1.32802679218e-05, 1.06414381662e-05, 1.56799251272e-05, 2.94535857392e-05, 1.13570604299e-05, 3.91826870327e-06, 1.86791965007e-06, 1.61337379723e-06, 1.36403275519e-06, 1.66841527971e-06, 8.93363733212e-07, 6.1126121409e-07, 4.20241661914e-07, 2.38271937292e-07, 7.10020742645e-07, 2.50947863378e-07, 6.32586363736e-07, 2.67330469796e-05]
    },
    "melbands128": {
        "max": [0.00134460336994, 0.00167485093698, 0.0036576394923, 0.00535544101149, 0.00302904471755, 0.00273347040638, 0.00390620157123, 0.00213353568688, 0.00148502376396, 0.00146193127148, 0.00170303531922, 0.0011841020314, 0.00316040031612, 0.0029056686908, 0.00241702073254, 0.00261205807328, 0.000944352534134, 0.00121807702817, 0.00184783840086, 0.00110494939145, 0.00118891592138, 0.00166760524735, 0.00191954965703, 0.00310067157261, 0.00571926543489, 0.0118095260113, 0.0205662418157, 0.00805529206991, 0.00796563457698, 0.00762710440904, 0.0109906811267, 0.00487887114286, 0.00218979641795, 0.00275529525243, 0.00133062503301, 0.00149949872866, 0.00111207319424, 0.00173018558417, 0.00132752943318, 0.00198853900656, 0.00132554292213, 0.00158092170022, 0.000906087283511, 0.00121513241902, 0.000541537301615, 0.000492371793371, 0.000424395460868, 0.000304172630422, 0.00021984479099, 0.000103625228803, 0.00015165595687, 0.000181524461368, 7.79925103416e-05, 0.000123135891045, 0.000182109564776, 0.000226067757467, 0.000184091069968, 0.000156607173267, 0.000152684093337, 9.65886356425e-05, 0.000123719742987, 0.000143247641972, 0.000219096240471, 0.000139189054607, 0.000344490836142, 0.000293976976536, 0.000569417374209, 0.000122146637295, 0.000133467081469, 7.64146170695e-05, 4.46539488621e-05, 1.90727296285e-05, 1.61675052368e-05, 1.4901385839e-05, 2.58972249867e-05, 1.2777016309e-05, 1.97680838028e-05, 2.56118182733e-05, 1.78144728125e-05, 8.8448950919e-06, 1.68479746208e-05, 2.97130900435e-05, 2.14306965063e-05, 8.63811783347e-06, 6.36149115962e-06, 1.10024011519e-05, 7.76776414568e-06, 7.77952755016e-06, 3.09722440761e-06, 3.35844038091e-06, 2.24692007578e-06, 2.34578624259e-06, 1.99692544811e-06, 1.11534100142e-05, 4.1849889385e-06, 1.42163446526e-06, 4.85113423565e-06, 3.82401412935e-06, 4.90631873618e-06, 4.24752897743e-06, 3.78401127819e-05, 0.000668161257636, 0.000358594377758, 1.65553610714e-05, 3.54204894393e-06, 2.87635498353e-06, 3.22410164699e-06, 7.49773516873e-06, 4.36041591456e-05, 2.68767726084e-05, 4.73108520964e-05, 5.13030317961e-05, 0.000177263631485, 1.3877776837e-05, 2.04936022783e-05, 1.38744853757e-05, 4.66713663627e-06, 1.10094415504e-05, 1.22050214486e-05, 8.39470521896e-06, 6.14248938291e-06, 1.70693492691e-05, 1.74100277945e-05, 3.79668108508e-07, 5.55674368741e-08, 5.49267085148e-08, 5.4453398235e-08, 5.4146010342e-08],
        "mean": [2.70616728812e-05, 7.08044899511e-05, 0.000109017943032, 0.000106053092168, 7.94601073721e-05, 6.7488545028e-05, 7.11083775968e-05, 5.2302119002e-05, 3.09431525238e-05, 3.34230571752e-05, 3.98160445911e-05, 4.32935012213e-05, 5.50616678083e-05, 5.31096375198e-05, 5.83051696594e-05, 5.18697961525e-05, 2.75055153907e-05, 1.49699471876e-05, 2.3764978323e-05, 2.85575169983e-05, 4.35705915152e-05, 8.04367518867e-05, 0.000180350820301, 0.000324704771629, 0.00058270507725, 0.00101600319613, 0.00144933478441, 0.00115234602708, 0.000756871246267, 0.00070361449616, 0.000848674098961, 0.000454108347185, 0.000239986096858, 0.000181336363312, 9.86929007922e-05, 0.000108602915134, 0.000126870392705, 0.000135579670314, 0.000120747092296, 0.00013207567099, 0.000163334130775, 0.000189035839867, 0.000137023118441, 0.000127548133605, 8.38739797473e-05, 6.38638375676e-05, 3.85537823604e-05, 3.467604256e-05, 2.43811900873e-05, 1.44466230267e-05, 1.03568900158e-05, 8.99141923583e-06, 1.15396078399e-05, 1.6063790099e-05, 2.08688106795e-05, 1.79751095857e-05, 1.50908881551e-05, 1.5949122826e-05, 1.42656081152e-05, 1.36209600896e-05, 1.36619510158e-05, 1.36254784593e-05, 1.66106892721e-05, 1.308712217e-05, 1.81448358489e-05, 2.19649191422e-05, 1.95061056729e-05, 9.03515592654e-06, 7.01155340721e-06, 5.88031161897e-06, 4.53894426755e-06, 2.94353844765e-06, 2.59933449342e-06, 2.43447107096e-06, 2.4289281555e-06, 2.05170590561e-06, 1.98451584765e-06, 1.75295951976e-06, 1.73265823378e-06, 1.78316645361e-06, 1.7338810494e-06, 2.03806803256e-06, 1.4468930658e-06, 9.5638199582e-07, 7.53340088977e-07, 6.76657521126e-07, 6.27322719993e-07, 6.12574297065e-07, 4.51749400554e-07, 3.58961699476e-07, 3.09578041424e-07, 2.88038762619e-07, 2.47671835041e-07, 5.47111312699e-07, 2.45671373023e-07, 1.51081025024e-07, 1.54704139277e-07, 1.66968945337e-07, 1.64225653521e-07, 1.65695666965e-07, 1.08516326236e-06, 1.1045561223e-05, 7.11664461051e-06, 4.68161147182e-07, 1.31805052206e-07, 5.6915073543e-08, 6.5774869995e-08, 1.18258746795e-07, 7.02033275957e-07, 5.3167536862e-07, 1.06772370145e-06, 9.54188067226e-07, 2.10662142308e-06, 2.34190196124e-07, 3.45000017887e-07, 2.1203342726e-07, 9.82774750469e-08, 2.53652331139e-07, 1.92046101688e-07, 1.57302437742e-07, 1.08740664473e-07, 2.67935376996e-07, 2.06806930692e-07, 2.91554336229e-09, 1.04321294658e-10, 1.02884950559e-10, 1.0187776317e-10, 1.01273350817e-10],
        "min": [1.61367984947e-11, 9.30852894765e-11, 1.04002056966e-10, 3.50505680036e-10, 1.26912091947e-09, 2.28238228317e-09, 5.74737502035e-09, 4.93735896612e-09, 1.93377296398e-08, 5.25113712513e-08, 2.01702547997e-08, 7.32819716021e-09, 2.03565129198e-08, 6.89361883133e-08, 9.66124105162e-08, 9.38576789622e-08, 1.01358352822e-07, 6.13049664366e-08, 2.07180463008e-07, 7.7116034447e-08, 1.35031399395e-07, 9.83152830258e-08, 3.26438595266e-07, 6.88343448019e-07, 5.63968796996e-07, 8.2972940163e-07, 2.29354463954e-06, 3.08716789732e-06, 2.72363104159e-06, 2.82042083199e-06, 6.76900185681e-07, 1.84443740636e-06, 8.48377794682e-07, 1.7692181018e-06, 3.94449614305e-07, 6.48064542474e-07, 4.33264489175e-07, 1.87456876688e-07, 5.70727877403e-07, 5.4738052313e-07, 7.60417492529e-07, 1.31877038712e-06, 8.65233403147e-07, 8.69564360073e-07, 1.54498465577e-07, 3.32615911702e-07, 1.57712278792e-07, 3.56717720251e-07, 3.70980217212e-07, 1.40211170674e-07, 1.34757755177e-07, 9.4198135514e-08, 1.54492411752e-07, 1.98463311563e-07, 3.10759560307e-08, 2.64366263991e-07, 4.06113116469e-07, 8.25831421025e-08, 4.58848603557e-08, 3.3219148321e-08, 3.06108404402e-07, 1.46918296196e-07, 6.30129903811e-08, 4.63661926631e-08, 1.07684506645e-07, 1.23426218579e-07, 1.84148220228e-07, 1.86222962384e-07, 1.6178704243e-07, 5.43377822737e-08, 1.45705797649e-07, 5.49401661942e-08, 2.0137829182e-08, 1.25864989542e-08, 3.50675861682e-08, 5.47303571352e-08, 3.72181752084e-08, 1.3829033918e-08, 7.59749241297e-09, 2.51744740609e-08, 5.40314246678e-08, 6.80220608729e-08, 4.18329229035e-08, 3.3011858136e-08, 2.4681032329e-08, 2.97237452429e-08, 1.96061336055e-08, 2.18942339814e-08, 7.30970883822e-09, 1.00057517827e-08, 9.97067051145e-09, 6.84013068408e-10, 2.73374101134e-10, 5.74895825389e-11, 3.66032655574e-11, 3.34316428707e-12, 1.20385916947e-12, 1.21707917182e-12, 8.87253866298e-13, 4.56884259158e-13, 2.68882680877e-13, 2.22023571403e-13, 2.30870308765e-13, 2.98751393632e-13, 2.62096198694e-13, 1.35878640154e-13, 2.31421408729e-13, 1.77780194537e-13, 1.96489824194e-13, 2.10720804412e-13, 2.12592245782e-13, 2.0604988527e-13, 2.18507029419e-13, 1.9933474359e-13, 1.7322894421e-13, 1.70998713236e-13, 1.62322602191e-13, 2.25876202508e-13, 1.8355960198e-13, 1.78963221738e-13, 1.64784649142e-13, 1.73978398962e-13, 1.33524308689e-13, 1.70899278344e-13, 1.414998625e-13, 5.51162475306e-14, 5.59113658285e-15, 2.01661736431e-16],
        "stdev": [0.000100820179796, 0.000189034122741, 0.000339176214766, 0.000382177648135, 0.000253433856415, 0.00025350227952, 0.000321616709698, 0.000186483855941, 0.000107644351374, 0.000113444111776, 0.000155028057634, 0.000148765466292, 0.00022970464488, 0.000187596160686, 0.000169534454471, 0.000198905239813, 0.000100249344541, 6.84859624016e-05, 0.00012489198707, 9.12171017262e-05, 9.07193607418e-05, 0.000121832614241, 0.000238324559177, 0.000472898682347, 0.000857525505126, 0.00128003966529, 0.00193159934133, 0.00147552019916, 0.000896311656106, 0.000924295105506, 0.00129983539227, 0.00069739704486, 0.000329132075422, 0.000269225303782, 0.00014845491387, 0.000138197458, 0.000150371444761, 0.000215374151594, 0.000160449169925, 0.000179679685971, 0.000194450534764, 0.000226370204473, 0.000135263326229, 0.000150135398144, 8.56062251842e-05, 6.69459914207e-05, 4.3281550461e-05, 4.07315492339e-05, 2.87128950731e-05, 1.4755218217e-05, 1.29497366288e-05, 1.16304145195e-05, 1.16246010293e-05, 1.722318666e-05, 2.42562364292e-05, 2.20894416998e-05, 1.73022035597e-05, 1.81964296644e-05, 1.47854452734e-05, 1.26979812194e-05, 1.3109093743e-05, 1.50134928845e-05, 2.55027225649e-05, 1.62458673003e-05, 3.37943420163e-05, 3.79719858756e-05, 5.42756788491e-05, 1.4580043171e-05, 1.19118976727e-05, 8.85508598003e-06, 5.18622664458e-06, 2.77319691122e-06, 2.36964910982e-06, 2.0710665467e-06, 2.61736158791e-06, 1.92588140635e-06, 1.95201596398e-06, 1.70826069734e-06, 1.5967618765e-06, 1.54624467541e-06, 1.79745370588e-06, 3.30085322275e-06, 1.89092725122e-06, 8.83918175987e-07, 6.86674241024e-07, 8.64444587023e-07, 8.1949218611e-07, 7.66332846069e-07, 4.59240965256e-07, 3.90918927451e-07, 2.80775367401e-07, 2.76693128853e-07, 2.78099918205e-07, 1.42504973155e-06, 4.34200728705e-07, 2.08543141866e-07, 3.4560127915e-07, 4.20016164071e-07, 4.15214458371e-07, 5.05646767124e-07, 4.28611201642e-06, 5.12181977683e-05, 3.0589162634e-05, 1.72121804098e-06, 4.03393755732e-07, 2.31975207043e-07, 2.99537788351e-07, 5.54728671887e-07, 3.24109578287e-06, 2.27715190704e-06, 5.05726984557e-06, 4.54547898698e-06, 1.41159307532e-05, 1.06771199171e-06, 1.66468953466e-06, 1.11534541247e-06, 4.32138051565e-07, 1.17925458198e-06, 9.89042177935e-07, 7.85144095516e-07, 5.6627328604e-07, 1.47494995417e-06, 1.50430207668e-06, 2.40040129995e-08, 2.36711383828e-09, 2.33982899722e-09, 2.3196713439e-09, 2.30657803968e-09]
    },
    "mfcc": {
        "mean": [-661.56640625, 95.0775527954, -79.157951355, -20.6768760681, -42.2163505554, -0.0976538658142, 1.0648124218, 15.5965518951, -1.89466881752, 6.9826836586, 0.558100700378, -10.9959716797, -18.2566394806],
        "cov": [[1759.31945801, 311.753845215, 561.227722168, -68.2248153687, 246.21194458, -37.4004898071, 327.962310791, 24.6576557159, 214.200698853, 261.210723877, 124.876838684, 87.7323913574, 193.942871094], [311.753845215, 637.823486328, 254.527984619, 297.334106445, 69.4274520874, 180.172698975, -19.1401996613, 72.2794418335, -27.4545001984, 56.2112121582, -80.86743927, 62.2258491516, -28.3989582062], [561.227722168, 254.527984619, 1252.61242676, 138.450057983, 807.295715332, 78.9802932739, 408.612731934, -89.6675109863, 287.477386475, 27.2242259979, 193.263153076, 50.3800964355, 239.385528564], [-68.2248153687, 297.334106445, 138.450057983, 387.478149414, 129.780914307, 187.805023193, -90.309463501, 52.2121276855, -28.171667099, 20.1309967041, -44.8635673523, 50.7942504883, -43.9880447388], [246.21194458, 69.4274520874, 807.295715332, 129.780914307, 712.699829102, 115.257316589, 323.095214844, -40.6339759827, 281.963531494, 47.5390739441, 203.400482178, 75.7816238403, 199.261108398], [-37.4004898071, 180.172698975, 78.9802932739, 187.805023193, 115.257316589, 211.74331665, 10.0782432556, 72.4815139771, 51.6917114258, 60.0785598755, 20.1085891724, 89.1349563599, 3.82092928886], [327.962310791, -19.1401996613, 408.612731934, -90.309463501, 323.095214844, 10.0782432556, 328.306793213, -0.861806035042, 212.662765503, 72.572883606, 161.920822144, 33.7174758911, 155.596496582], [24.6576557159, 72.2794418335, -89.6675109863, 52.2121276855, -40.6339759827, 72.4815139771, -0.861806035042, 105.701522827, 33.7074699402, 63.9143104553, -4.47567796707, 47.067489624, -17.2849502563], [214.200698853, -27.4545001984, 287.477386475, -28.171667099, 281.963531494, 51.6917114258, 212.662765503, 33.7074699402, 252.168289185, 94.4804763794, 154.490386963, 66.1433410645, 131.868164062], [261.210723877, 56.2112121582, 27.2242259979, 20.1309967041, 47.5390739441, 60.0785598755, 72.572883606, 63.9143104553, 94.4804763794, 144.232955933, 57.3874320984, 67.3000183105, 42.8669509888], [124.876838684, -80.86743927, 193.263153076, -44.8635673523, 203.400482178, 20.1085891724, 161.920822144, -4.47567796707, 154.490386963, 57.3874320984, 167.005386353, 38.9323921204, 113.615570068], [87.7323913574, 62.2258491516, 50.3800964355, 50.7942504883, 75.7816238403, 89.1349563599, 33.7174758911, 47.067489624, 66.1433410645, 67.3000183105, 38.9323921204, 113.924713135, 38.6397819519], [193.942871094, -28.3989582062, 239.385528564, -43.9880447388, 199.261108398, 3.82092928886, 155.596496582, -17.2849502563, 131.868164062, 42.8669509888, 113.615570068, 38.6397819519, 149.993865967]],
        "icov": [[0.00140001054388, -0.000729791820049, -0.000609558424912, 0.000166437850567, 0.000495302607305, 0.00140011927579, -0.000580285151955, 0.000505613046698, 0.000242572597926, -0.00280275754631, 0.000345592212398, -0.000366385036614, -0.000539826578461], [-0.000729791820049, 0.00462931487709, -0.00194514449686, -0.002412681235, 0.00247011962347, -0.00250557530671, -0.000877944577951, -0.00102735450491, 0.000370841211407, 0.000344942265656, 0.00231562578119, -0.000118611096696, -0.000356405565981], [-0.000609558424912, -0.00194514449686, 0.0054417187348, -0.000213372637518, -0.00517951883376, 0.00122550828382, -0.00179252959788, 0.00222434382886, -0.000285357644316, 0.00178233976476, 0.00102607079316, 0.000236318068346, -0.000458717287984], [0.000166437850567, -0.002412681235, -0.000213372637518, 0.0101316682994, -0.00473654596135, -0.00469855777919, 0.00607754755765, -0.00310694379732, 0.00277858087793, -0.00174083199818, -0.000809666933492, 0.00264265504666, 0.000376443611458], [0.000495302607305, 0.00247011962347, -0.00517951883376, -0.00473654596135, 0.0121680470183, -0.00184135953896, -0.00350243831053, 0.00363988755271, -0.00472827767953, 0.0011544249719, -0.000873404671438, -0.00196291087195, -0.00036641524639], [0.00140011927579, -0.00250557530671, 0.00122550828382, -0.00469855777919, -0.00184135953896, 0.0164939314127, -0.00182240351569, -0.00297984550707, -4.32003944297e-05, -0.00159572705161, -0.00195358134806, -0.00701998872682, 0.00173675699625], [-0.000580285151955, -0.000877944577951, -0.00179252959788, 0.00607754755765, -0.00350243831053, -0.00182240351569, 0.0148059297353, -0.00512379221618, -0.00127410411369, -0.00115260621533, -0.00380895729177, 0.00415806239471, -0.0027593462728], [0.000505613046698, -0.00102735450491, 0.00222434382886, -0.00310694379732, 0.00363988755271, -0.00297984550707, -0.00512379221618, 0.0248653553426, -0.0078472495079, -0.00500108767301, 0.00429586088285, -0.00362822390161, 0.00412056362256], [0.000242572597926, 0.000370841211407, -0.000285357644316, 0.00277858087793, -0.00472827767953, -4.32003944297e-05, -0.00127410411369, -0.0078472495079, 0.0185458697379, -0.0041598319076, -0.00584959145635, -1.27065668494e-05, -0.00295505323447], [-0.00280275754631, 0.000344942265656, 0.00178233976476, -0.00174083199818, 0.0011544249719, -0.00159572705161, -0.00115260621533, -0.00500108767301, -0.0041598319076, 0.0205394234508, -0.00330783682875, -0.00400866940618, 0.000785996555351], [0.000345592212398, 0.00231562578119, 0.00102607079316, -0.000809666933492, -0.000873404671438, -0.00195358134806, -0.00380895729177, 0.00429586088285, -0.00584959145635, -0.00330783682875, 0.0214378964156, 2.79296818917e-05, -0.00638478109613], [-0.000366385036614, -0.000118611096696, 0.000236318068346, 0.00264265504666, -0.00196291087195, -0.00701998872682, 0.00415806239471, -0.00362822390161, -1.27065668494e-05, -0.00400866940618, 2.79296818917e-05, 0.0189133733511, -0.00483248010278], [-0.000539826578461, -0.000356405565981, -0.000458717287984, 0.000376443611458, -0.00036641524639, 0.00173675699625, -0.0027593462728, 0.00412056362256, -0.00295505323447, 0.000785996555351, -0.00638478109613, -0.00483248010278, 0.0203742235899]]
    },
    "spectral_contrast_coeffs": {
        "max": [-0.356696844101, -0.535001993179, -0.53362172842, -0.647105455399, -0.680040121078, -0.420908391476],
        "mean": [-0.741471648216, -0.738193809986, -0.725658297539, -0.790397107601, -0.790680110455, -0.689593672752],
        "min": [-0.90637087822, -0.903092026711, -0.889261543751, -0.893898010254, -0.864964365959, -0.878894984722],
        "stdev": [0.104865163565, 0.0781317353249, 0.0618835240602, 0.0389850735664, 0.0304505899549, 0.0653584748507]
    },
    "spectral_contrast_valleys": {
        "max": [-5.59846067429, -5.55818891525, -4.92330551147, -5.86018705368, -6.48729801178, -8.94451332092],
        "mean": [-8.88621044159, -7.20232439041, -6.30529546738, -6.95210981369, -7.24712467194, -11.0983572006],
        "min": [-11.8069620132, -8.97395706177, -8.03900432587, -8.99252986908, -9.52319431305, -15.4028253555],
        "stdev": [1.2256578207, 0.564404308796, 0.615502715111, 0.454704880714, 0.408321768045, 1.03222513199]
    }
},
"rhythm": {
    "beats_count": 29,
    "beats_loudness": {
        "max": 0.0536581836641,
        "mean": 0.0229357052594,
        "min": 0.0019488632679,
        "stdev": 0.0160904563963
    },
    "bpm": 139.373382568,
    "bpm_histogram_first_peak_bpm": 140,
    "bpm_histogram_first_peak_weight": 0.571428537369,
    "bpm_histogram_second_peak_bpm": 148,
    "bpm_histogram_second_peak_spread": 0.16666662693,
    "bpm_histogram_second_peak_weight": 0.178571432829,
    "danceability": 0.718000054359,
    "onset_rate": 0.862111866474,
    "beats_loudness_band_ratio": {
        "max": [0.525148689747, 0.189332410693, 0.71245443821, 0.883097827435, 0.375946640968, 0.762947201729],
        "mean": [0.0294633731246, 0.0195578914136, 0.34913751483, 0.48802497983, 0.108081713319, 0.0687690079212],
        "min": [1.82645326277e-05, 0.000441721407697, 0.0484707057476, 0.0674988850951, 0.034487362951, 0.00963391177356],
        "stdev": [0.095718190074, 0.0380255840719, 0.174984067678, 0.167645320296, 0.0755416974425, 0.135612696409]
    },
    "beats_position": [0.406349211931, 0.824308395386, 1.23065757751, 1.64861679077, 2.06657600403, 2.47292518616, 2.87927436829, 3.28562355042, 3.68036270142, 4.08671188354, 4.5046710968, 4.92263031006, 5.35219955444, 5.78176879883, 6.2229475975, 6.66412687302, 7.0936961174, 7.52326536179, 7.96444416046, 8.40562343597, 8.84680271149, 9.287981987, 9.71755123138, 10.1471195221, 10.5766887665, 11.0062580109, 11.4474372864, 11.8770065308, 12.3297958374],
