{
"metadata": {
    "version": {
        "essentia": "2.1-beta5",
        "essentia_git_sha": "Undefined",
        "extractor": "music 2.0"
    },
    "audio_properties": {
        "analysis": {
            "equal_loudness": 0,
            "length": 23.7772331238,
            "sample_rate": 44100,
            "start_time": 175.240997314,
            "downmix": "mix"
        },
        "bit_rate": 192000,
        "length": 199.04145813,
        "lossless": 0,
        "number_channels": 2,
        "replay_gain": -5.18688011169,
        "sample_rate": 48000,
        "codec": "mp3",
        "md5_encoded": "e6f561e2ae7472a8ad1ce94da1ccb9fe"
    },
    "tags": {
        "file_name": "United KingdomUK_Bigger Than Us_Michael Rice.mp3",
        "encoding": ["Lavf58.29.100"]
    }
},
"lowlevel": {
    "average_loudness": 0.953323483467,
    "barkbands_crest": {
        "max": 23.224357605,
        "mean": 10.166809082,
        "min": 2.50149941444,
        "stdev": 3.82491588593
    },
    "barkbands_flatness_db": {
        "max": 0.429498463869,
        "mean": 0.189580827951,
        "min": 0.0238090977073,
        "stdev": 0.0809813886881
    },
    "barkbands_kurtosis": {
        "max": 18.248840332,
        "mean": 1.88477349281,
        "min": -1.78501009941,
        "stdev": 2.65590763092
    },
    "barkbands_skewness": {
        "max": 3.85519170761,
        "mean": 1.2673137188,
        "min": -0.642144680023,
        "stdev": 0.660746514797
    },
    "barkbands_spread": {
        "max": 54.619354248,
        "mean": 16.8338184357,
        "min": 2.03042173386,
        "stdev": 10.8934993744
    },
    "dissonance": {
        "max": 0.5,
        "mean": 0.475269198418,
        "min": 0.366473674774,
        "stdev": 0.0227901116014
    },
    "dynamic_complexity": 1.79585313797,
    "erbbands_crest": {
        "max": 25.9270820618,
        "mean": 10.2186231613,
        "min": 2.78261566162,
        "stdev": 4.34779596329
    },
    "erbbands_flatness_db": {
        "max": 0.474480003119,
        "mean": 0.24931140244,
        "min": 0.0852115303278,
        "stdev": 0.0924383997917
    },
    "erbbands_kurtosis": {
        "max": 12.4029064178,
        "mean": 1.00328171253,
        "min": -1.75191020966,
        "stdev": 1.9074627161
    },
    "erbbands_skewness": {
        "max": 3.13140177727,
        "mean": 0.825843214989,
        "min": -1.12002313137,
        "stdev": 0.723753333092
    },
    "erbbands_spread": {
        "max": 64.5128326416,
        "mean": 24.2108612061,
        "min": 3.70312571526,
        "stdev": 11.7227249146
    },
    "hfc": {
        "max": 145.576568604,
        "mean": 29.593629837,
        "min": 1.83068990707,
        "stdev": 16.6455020905
    },
    "loudness_ebu128": {
        "integrated": -17.577507019,
        "loudness_range": 3.49877548218,
        "momentary": {
            "max": -15.0813503265,
            "mean": -18.0799846649,
            "min": -26.547410965,
            "stdev": 2.31851816177
        },
        "short_term": {
            "max": -15.982334137,
            "mean": -17.6775836945,
            "min": -21.081489563,
            "stdev": 1.35113430023
        }
    },
    "melbands_crest": {
        "max": 31.5676898956,
        "mean": 13.704240799,
        "min": 5.07451105118,
        "stdev": 4.9190621376
    },
    "melbands_flatness_db": {
        "max": 0.390931725502,
        "mean": 0.1831792593,
        "min": 0.049208406359,
        "stdev": 0.0484159961343
    },
    "melbands_kurtosis": {
        "max": 35.6009597778,
        "mean": 6.09296226501,
        "min": -1.0312230587,
        "stdev": 5.15765619278
    },
    "melbands_skewness": {
        "max": 5.1588602066,
        "mean": 1.95182716846,
        "min": -0.253523916006,
        "stdev": 0.802067697048
    },
    "melbands_spread": {
        "max": 98.6329879761,
        "mean": 21.1369571686,
        "min": 2.45795202255,
        "stdev": 12.6270532608
    },
    "pitch_salience": {
        "max": 0.82873660326,
        "mean": 0.601932883263,
        "min": 0.212656244636,
        "stdev": 0.114176601171
    },
    "silence_rate_20dB": {
        "max": 1,
        "mean": 1,
        "min": 1,
        "stdev": 0
    },
    "silence_rate_30dB": {
        "max": 1,
        "mean": 1,
        "min": 1,
        "stdev": 0
    },
    "silence_rate_60dB": {
        "max": 1,
        "mean": 0.00975609757006,
        "min": 0,
        "stdev": 0.0982905030251
    },
    "spectral_centroid": {
        "max": 3567.68457031,
        "mean": 1575.73010254,
        "min": 529.012023926,
        "stdev": 361.911224365
    },
    "spectral_complexity": {
        "max": 51,
        "mean": 24.7356090546,
        "min": 6,
        "stdev": 6.5057849884
    },
    "spectral_decrease": {
        "max": -3.93103605223e-10,
        "mean": -6.7840209006e-09,
        "min": -2.36445032442e-08,
        "stdev": 3.97672339503e-09
    },
    "spectral_energy": {
        "max": 0.0956381261349,
        "mean": 0.0282886829227,
        "min": 0.00164971430786,
        "stdev": 0.016049914062
    },
    "spectral_energyband_high": {
        "max": 0.0173034332693,
        "mean": 0.00100537447724,
        "min": 1.43249826579e-05,
        "stdev": 0.00139713811222
    },
    "spectral_energyband_low": {
        "max": 0.0604169368744,
        "mean": 0.00475572841242,
        "min": 7.23362869604e-10,
        "stdev": 0.00947781372815
    },
    "spectral_energyband_middle_high": {
        "max": 0.0412868075073,
        "mean": 0.0106883253902,
        "min": 0.000786646502092,
        "stdev": 0.00674222130328
    },
    "spectral_energyband_middle_low": {
        "max": 0.0725028514862,
        "mean": 0.0127332219854,
        "min": 0.000243780741584,
        "stdev": 0.00959145184606
    },
    "spectral_entropy": {
        "max": 8.50419902802,
        "mean": 7.69069623947,
        "min": 6.726749897,
        "stdev": 0.226093530655
    },
    "spectral_flux": {
        "max": 0.206083521247,
        "mean": 0.095414057374,
        "min": 0.0229020807892,
        "stdev": 0.0321538746357
    },
    "spectral_kurtosis": {
        "max": 16.9519309998,
        "mean": 3.76382708549,
        "min": -0.271439790726,
        "stdev": 1.97931015491
    },
    "spectral_rms": {
        "max": 0.00965947657824,
        "mean": 0.00503333611414,
        "min": 0.00126865180209,
        "stdev": 0.0015047295019
    },
    "spectral_rolloff": {
        "max": 7773.48632812,
        "mean": 1728.7277832,
        "min": 301.46484375,
        "stdev": 779.794677734
    },
    "spectral_skewness": {
        "max": 3.18922495842,
        "mean": 1.39452016354,
        "min": 0.515892863274,
        "stdev": 0.249458953738
    },
    "spectral_spread": {
        "max": 10592692,
        "mean": 3722456.25,
        "min": 1790488.875,
        "stdev": 1103654
    },
    "spectral_strongpeak": {
        "max": 11.053481102,
        "mean": 1.67432630062,
        "min": 0.0490232892334,
        "stdev": 1.42631328106
    },
    "zerocrossingrate": {
        "max": 0.23583984375,
        "mean": 0.0662700086832,
        "min": 0.0185546875,
        "stdev": 0.0186134763062
    },
    "barkbands": {
        "max": [0.00481400918216, 0.0548529848456, 0.0264973882586, 0.0179807078093, 0.0162511523813, 0.0318182446063, 0.0103942612186, 0.0221090558916, 0.0705752372742, 0.0418677702546, 0.025978339836, 0.0359130203724, 0.011784940958, 0.0148604176939, 0.00719071226195, 0.0103677883744, 0.00811851210892, 0.00386154069565, 0.00359186390415, 0.0044748284854, 0.00256444769911, 0.00513940444216, 0.0106570245698, 0.00600528158247, 0.00187897612341, 0.000426956074079, 5.8131183323e-05],
        "mean": [0.000166444529896, 0.00280752894469, 0.00154016423039, 0.000439286435721, 0.000930366571993, 0.00139488931745, 0.000415531481849, 0.000948375614826, 0.00713870581239, 0.00336279487237, 0.00121514243074, 0.00157946988475, 0.0013281313004, 0.00115100503899, 0.000695523398463, 0.00053692428628, 0.00068741798168, 0.000454936409369, 0.000344366591889, 0.00028426622157, 0.000236896084971, 0.000335328688379, 0.000155176196131, 8.0748613982e-05, 4.39723226009e-05, 1.47441978697e-05, 5.26898702446e-07],
        "min": [8.7965329465e-12, 1.043564124e-10, 6.67947433475e-11, 5.73904979095e-10, 6.03384862075e-08, 5.13394184054e-07, 1.09615689325e-06, 9.95386653813e-06, 8.59034189489e-05, 4.49051549367e-05, 2.50545363087e-05, 7.70392798586e-05, 3.72753747797e-05, 1.7561693312e-05, 1.41867803904e-05, 1.06105453597e-05, 6.56516249364e-06, 1.17323816085e-05, 5.72113913222e-06, 6.18514559392e-06, 4.04512411478e-06, 2.66955839834e-06, 9.25053143419e-07, 2.35060415577e-09, 3.76742803621e-11, 4.05774719381e-11, 4.80871661934e-11],
        "stdev": [0.000608283735346, 0.00739274732769, 0.00309447571635, 0.00111622165423, 0.00179644289892, 0.00312017905526, 0.00121811556164, 0.001839314471, 0.00772035121918, 0.00472811982036, 0.00220592296682, 0.00277839461342, 0.00122416287195, 0.00128973170649, 0.000728373881429, 0.000899281993043, 0.000884041597601, 0.000450704741525, 0.000322363979649, 0.000336692581186, 0.000305550143821, 0.000510519661475, 0.000525847193785, 0.000265443261014, 0.00010603046394, 3.62119426427e-05, 3.27573434333e-06]
    },
    "erbbands": {
        "max": [2.95083737373, 8.17812538147, 26.9934406281, 52.7480125427, 54.6879692078, 42.5900192261, 187.071411133, 356.954071045, 194.489486694, 215.517944336, 568.813354492, 2107.68017578, 1816.67553711, 1010.5625, 840.65032959, 924.281311035, 620.180297852, 572.322143555, 697.693786621, 620.604248047, 418.178497314, 538.510314941, 214.047515869, 118.769577026, 238.082138062, 97.1523590088, 75.290802002, 134.417312622, 160.401916504, 231.443710327, 376.010070801, 150.427078247, 77.9827651978, 29.0190181732, 9.11042308807, 2.8540699482, 0.775788724422, 0.0691007003188, 0.0104323644191, 0.000368887063814],
        "mean": [0.105043686926, 0.543008625507, 1.66616356373, 1.67339074612, 2.24074554443, 2.6160068512, 7.09656572342, 12.5405426025, 9.04499530792, 6.59829092026, 35.4762992859, 154.477325439, 159.984039307, 79.9478302002, 50.6223220825, 56.0195121765, 57.8399810791, 62.3625144958, 46.2054748535, 33.7581138611, 29.3749542236, 41.10779953, 28.9923477173, 17.6604366302, 16.9963512421, 13.2556648254, 9.28394794464, 10.6806306839, 11.8162670135, 8.42975902557, 4.17684555054, 2.01896286011, 1.22969150543, 0.606095433235, 0.252866327763, 0.0929642096162, 0.021538246423, 0.0023934408091, 0.000133305118652, 3.95186289097e-05],
        "min": [7.37053298394e-08, 3.5137978216e-07, 1.37026199809e-06, 1.05979297587e-05, 4.60105366074e-05, 0.000388913962524, 0.000840589229483, 0.00773688266054, 0.0211178492755, 0.21691980958, 1.19615519047, 2.78734183311, 2.66660141945, 3.42246770859, 2.84443688393, 3.52721333504, 1.79532516003, 1.70979392529, 1.71807646751, 0.771386623383, 0.769492089748, 0.456604540348, 0.876737058163, 0.496818244457, 0.2265471071, 0.273561537266, 0.160763159394, 0.165928587317, 0.100752316415, 0.0692808404565, 0.0260261129588, 0.0048900200054, 0.000236153457081, 4.83413241454e-05, 1.12890511446e-05, 3.13575196742e-06, 1.41426960454e-06, 4.78745164401e-07, 1.01226555671e-06, 2.03270769816e-06],
        "stdev": [0.360412478447, 1.19016349316, 3.24569535255, 3.50161933899, 5.07423639297, 5.06655168533, 14.6658163071, 31.0730056763, 25.5992660522, 11.246348381, 47.6189575195, 182.967803955, 203.426773071, 118.476341248, 77.1559524536, 78.6925354004, 51.2399177551, 59.3290100098, 49.4202728271, 47.4616889954, 42.368812561, 53.7331047058, 27.0256614685, 13.6527423859, 21.4111557007, 14.4194660187, 10.0686588287, 15.5230016708, 16.7047748566, 19.7666816711, 16.6619796753, 7.26368427277, 3.89316177368, 1.45993244648, 0.639583230019, 0.224888190627, 0.0566409863532, 0.00701036909595, 0.000659017590806, 3.04875484289e-05]
    },
    "gfcc": {
        "mean": [-22.1452465057, 48.9737243652, -210.318618774, -2.98927855492, -91.1495437622, 11.7356863022, -28.8211841583, 4.48458385468, -16.8359966278, -11.1384849548, -17.8973674774, -10.7915477753, -6.37871313095],
        "cov": [[5439.31982422, 1363.41394043, 4522.69384766, 2168.04663086, 1323.69445801, 754.019226074, -555.499755859, 535.070678711, -273.571228027, 904.927490234, -293.524810791, 880.728027344, -218.280899048], [1363.41394043, 1228.60913086, 1731.22302246, 977.721679688, 707.222045898, 356.552612305, 64.7612304688, 110.753417969, 16.4991703033, 176.798141479, -36.2336006165, 210.082214355, -40.3210639954], [4522.69384766, 1731.22302246, 4692.16894531, 2239.18115234, 1487.28161621, 875.229309082, -432.496246338, 506.840789795, -278.243804932, 804.983825684, -322.370941162, 794.698547363, -243.244537354], [2168.04663086, 977.721679688, 2239.18115234, 1264.10095215, 797.786621094, 447.718353271, -172.778121948, 237.653106689, -88.3286895752, 342.185821533, -136.675491333, 335.622283936, -93.6937713623], [1323.69445801, 707.222045898, 1487.28161621, 797.786621094, 659.518249512, 332.380706787, -13.8248710632, 170.682235718, -44.7510223389, 223.288574219, -105.039993286, 208.198135376, -99.1296463013], [754.019226074, 356.552612305, 875.229309082, 447.718353271, 332.380706787, 301.338134766, 7.35072278976, 124.521446228, -54.6772537231, 112.016387939, -68.9534301758, 82.1029663086, -50.762840271], [-555.499755859, 64.7612304688, -432.496246338, -172.778121948, -13.8248710632, 7.35072278976, 319.683654785, -41.6941261292, 111.283714294, -121.735519409, 42.9824943542, -129.641845703, 12.1466617584], [535.070678711, 110.753417969, 506.840789795, 237.653106689, 170.682235718, 124.521446228, -41.6941261292, 148.412841797, -24.0697784424, 121.556617737, -47.6811141968, 78.8935775757, -30.2715682983], [-273.571228027, 16.4991703033, -278.243804932, -88.3286895752, -44.7510223389, -54.6772537231, 111.283714294, -24.0697784424, 149.605300903, -47.5741386414, 64.6668701172, -35.9242286682, 25.334318161], [904.927490234, 176.798141479, 804.983825684, 342.185821533, 223.288574219, 112.016387939, -121.735519409, 121.556617737, -47.5741386414, 250.638153076, -42.9675102234, 198.995681763, -46.787689209], [-293.524810791, -36.2336006165, -322.370941162, -136.675491333, -105.039993286, -68.9534301758, 42.9824943542, -47.6811141968, 64.6668701172, -42.9675102234, 116.279518127, -16.8586082458, 57.7574691772], [880.728027344, 210.082214355, 794.698547363, 335.622283936, 208.198135376, 82.1029663086, -129.641845703, 78.8935775757, -35.9242286682, 198.995681763, -16.8586082458, 270.745758057, -19.9134845734], [-218.280899048, -40.3210639954, -243.244537354, -93.6937713623, -99.1296463013, -50.762840271, 12.1466617584, -30.2715682983, 25.334318161, -46.787689209, 57.7574691772, -19.9134845734, 86.385925293]],
        "icov": [[0.00135766784661, 0.000943376275245, -0.0013428083621, -0.00116002571303, 0.000491261889692, 0.000756997033022, -0.000521779118571, -7.50315666664e-05, -1.43166507769e-05, -0.00063898001099, -0.000476408196846, -0.000179299269803, -0.000177374342456], [0.000943376275245, 0.00676788948476, -0.00445486139506, -0.00209496659227, -0.00215750560164, 0.0035854652524, -0.00356466183439, 0.00301169650629, -0.000923685263842, 0.00211098208092, -0.00432490138337, 0.00317241484299, -0.00304858991876], [-0.0013428083621, -0.00445486139506, 0.00722208432853, -0.00154925102834, 2.90453972411e-05, -0.00527384411544, 0.00295335007831, -0.00134190055542, 0.00160576601047, -0.00287870876491, 0.00447163265198, -0.00524273933843, 0.00300363521092], [-0.00116002571303, -0.00209496659227, -0.00154925102834, 0.0101133976132, -0.00464261975139, -0.00192484504078, 0.00383017235436, 0.00020393297018, -0.00286537804641, 0.00105991202872, 0.00117996556219, 0.00202162796631, -0.00313662737608], [0.000491261889692, -0.00215750560164, 2.90453972411e-05, -0.00464261975139, 0.0118283452466, -0.00154523667879, -0.00291580450721, -0.00235213129781, 0.000938995915931, -0.000848289753776, 0.00118193007074, -0.00236878730357, 0.00546061107889], [0.000756997033022, 0.0035854652524, -0.00527384411544, -0.00192484504078, -0.00154523667879, 0.0154070481658, -0.00561620667577, -0.00385854952037, 0.00340674328618, 0.00348609662615, -0.00482103135437, 0.00506262434646, -0.00135401077569], [-0.000521779118571, -0.00356466183439, 0.00295335007831, 0.00383017235436, -0.00291580450721, -0.00561620667577, 0.00994792766869, -0.000136747243232, -0.00457560550421, -0.00029333983548, 0.00255780946463, -0.000379723816877, 0.000780383590609], [-7.50315666664e-05, 0.00301169650629, -0.00134190055542, 0.00020393297018, -0.00235213129781, -0.00385854952037, -0.000136747243232, 0.0176916457713, -0.00353801017627, -0.00648239441216, 0.00240803672932, 0.00347477081232, -0.00437129521742], [-1.43166507769e-05, -0.000923685263842, 0.00160576601047, -0.00286537804641, 0.000938995915931, 0.00340674328618, -0.00457560550421, -0.00353801017627, 0.0139322280884, 0.000199128277018, -0.00536998221651, -0.00175123719964, 0.00263803219423], [-0.00063898001099, 0.00211098208092, -0.00287870876491, 0.00105991202872, -0.000848289753776, 0.00348609662615, -0.00029333983548, -0.00648239441216, 0.000199128277018, 0.0182052198797, -0.00447143381462, -0.00449091149494, 0.00301537127234], [-0.000476408196846, -0.00432490138337, 0.00447163265198, 0.00117996556219, 0.00118193007074, -0.00482103135437, 0.00255780946463, 0.00240803672932, -0.00536998221651, -0.00447143381462, 0.0222864951938, -0.00518039287999, -0.00728582730517], [-0.000179299269803, 0.00317241484299, -0.00524273933843, 0.00202162796631, -0.00236878730357, 0.00506262434646, -0.000379723816877, 0.00347477081232, -0.00175123719964, -0.00449091149494, -0.00518039287999, 0.0161870252341, -0.00473812641576], [-0.000177374342456, -0.00304858991876, 0.00300363521092, -0.00313662737608, 0.00546061107889, -0.00135401077569, 0.000780383590609, -0.00437129521742, 0.00263803219423, 0.00301537127234, -0.00728582730517, -0.00473812641576, 0.023228013888]]
    },
    "melbands": {
        "max": [0.0193567499518, 0.0108052128926, 0.00862463470548, 0.00420385738835, 0.00523957097903, 0.00730309076607, 0.00264751981013, 0.00339445564896, 0.00411194097251, 0.0123618971556, 0.00887578073889, 0.00414023548365, 0.00216556969099, 0.00498198950663, 0.00120666704606, 0.0013567955466, 0.000967012310866, 0.00154122093227, 0.000684389553498, 0.00109540414996, 0.000651056529023, 0.000745176337659, 0.000378525379347, 0.000261703884462, 0.000104220242065, 0.00017241165915, 0.000278602994513, 7.97489556135e-05, 5.7166787883e-05, 8.53876044857e-05, 0.000108596577775, 9.94821384666e-05, 0.000137429669849, 0.0001298924617, 0.000203606832656, 0.000197285160539, 8.26950054034e-05, 5.68086725252e-05, 4.64087752334e-05, 1.83069569175e-05],
        "mean": [0.000831332232337, 0.000784072675742, 0.000309174472932, 0.000179272785317, 0.000221680835239, 0.000279601779766, 0.000121511577163, 9.09669615794e-05, 0.000340877857525, 0.0010798497824, 0.000789752404671, 0.000324315245962, 0.000157079542987, 0.000188565900316, 0.000111884321086, 0.000142774253618, 0.000110643508378, 7.92323262431e-05, 5.13505838171e-05, 3.93652044295e-05, 3.22890809912e-05, 4.27104750997e-05, 3.4098928154e-05, 2.01474431378e-05, 1.34938254632e-05, 1.28337733258e-05, 1.12281259135e-05, 8.32772093418e-06, 5.81680660616e-06, 5.61144952371e-06, 6.22831703367e-06, 6.60842624711e-06, 6.60438718114e-06, 3.79919129045e-06, 2.50314906225e-06, 1.66515167166e-06, 1.05763206193e-06, 8.89579666818e-07, 6.93281663189e-07, 4.49811466297e-07],
        "min": [4.00098149056e-11, 1.6032145056e-10, 1.83934312226e-09, 4.99674523979e-09, 1.42606841891e-08, 1.35019419645e-07, 2.1109435977e-07, 1.11591839413e-06, 8.44833357405e-06, 1.53647088155e-05, 1.03828224383e-05, 4.6869417929e-06, 7.30831970941e-06, 8.75223940966e-06, 2.59741523223e-06, 3.45146463587e-06, 2.30900627685e-06, 1.99919827537e-06, 6.77184800679e-07, 9.04628791432e-07, 2.39840346694e-07, 3.80832062774e-07, 5.17032162861e-07, 5.60483897516e-07, 3.06925613813e-07, 1.74424357624e-07, 2.33324001897e-07, 1.50687824885e-07, 4.66536675958e-08, 8.80720065766e-08, 8.5821810103e-08, 5.28626777907e-08, 4.57894984152e-08, 1.70046750014e-08, 1.41272051835e-08, 1.88199167361e-09, 4.88265330945e-11, 1.0987571096e-11, 1.64412472352e-12, 3.75215456578e-13],
        "stdev": [0.00249350094236, 0.00141376559623, 0.00061075843405, 0.000375183706637, 0.000440477131633, 0.000656763440929, 0.000341257138643, 0.000185871365829, 0.000445221055998, 0.0012374073267, 0.00101206882391, 0.000474814907648, 0.00022743777663, 0.000370313879102, 0.000127578387037, 0.0001382833143, 0.000112479305244, 0.000103346465039, 6.31576840533e-05, 7.50795006752e-05, 5.36820007255e-05, 5.97138059675e-05, 3.98785850848e-05, 2.22750659304e-05, 1.0945217582e-05, 1.38938612508e-05, 1.72837026184e-05, 9.71692043095e-06, 6.4323303377e-06, 7.72510793468e-06, 9.85431142908e-06, 9.58200143941e-06, 1.29276613734e-05, 9.99047824735e-06, 9.86414943327e-06, 8.1409498307e-06, 3.4269085063e-06, 2.93341736324e-06, 2.03027911994e-06, 1.03915022009e-06]
    },
    "melbands128": {
        "max": [0.00481392676011, 0.0287653710693, 0.025440165773, 0.0127390958369, 0.0154641615227, 0.0128638064489, 0.0120677072555, 0.007329268381, 0.00605938117951, 0.00651343632489, 0.00231029745191, 0.00565398856997, 0.00652096047997, 0.0104118203744, 0.0105947777629, 0.0143836895004, 0.00608160579577, 0.00332141504623, 0.00112811615691, 0.00160733843222, 0.00723640574142, 0.00761036761105, 0.00545873399824, 0.0109170274809, 0.0241623390466, 0.0133126433939, 0.0205918643624, 0.0160268191248, 0.00562145002186, 0.00480862800032, 0.00580204743892, 0.00762852840126, 0.00140110391658, 0.00475939409807, 0.0110149439424, 0.00668544694781, 0.00318588153459, 0.00257984502241, 0.00191196170636, 0.00307563925162, 0.00185261387378, 0.0033211261034, 0.00168857013341, 0.00155782827642, 0.00349233369343, 0.00221196026541, 0.000782317481935, 0.00118284893688, 0.00156943080947, 0.00202557514422, 0.00243985373527, 0.000763639051002, 0.001044652774, 0.00130037637427, 0.000790402584244, 0.00170934689231, 0.00142068311106, 0.000766017939895, 0.000732634216547, 0.000249089847784, 0.000537963758688, 0.000314775650622, 0.000158708848176, 0.000144467572682, 0.000254777231021, 0.0001278759446, 0.000513491977472, 0.000391421228414, 0.000405259750551, 0.000161702992045, 0.000155923858983, 0.000195682150661, 0.000133274661493, 9.68479143921e-05, 0.000100192468381, 0.000120717646496, 0.000100253768323, 0.000180957387784, 0.000183718424523, 0.000150922642206, 0.000124616723042, 0.000251090241363, 0.000129415828269, 0.000165210527484, 0.000343431136571, 0.000170405925019, 0.000128500003484, 0.000151067288243, 0.000174434258952, 0.000476605055155, 0.000169512757566, 0.000201386617846, 9.6614821814e-05, 6.13849115325e-05, 0.000107301479147, 6.12324947724e-05, 5.90969793848e-05, 6.47326814942e-05, 5.57920138817e-05, 3.28630085278e-05, 1.63927234098e-05, 1.92026636796e-05, 1.46533657244e-05, 1.32337454488e-05, 1.11484077934e-05, 9.20559068618e-06, 5.50556887902e-06, 6.63477385388e-06, 7.59201248002e-06, 3.70185966858e-06, 2.79248001789e-06, 4.34255252912e-06, 2.71009230346e-06, 1.38564450936e-06, 1.24161783788e-06, 9.22103481571e-07, 6.96836650604e-07, 6.34213620287e-07, 6.29912960903e-07, 3.87341145824e-07, 2.64821778728e-07, 4.67897052658e-07, 1.40878412935e-07, 4.63479832291e-09, 4.55810100775e-09, 4.50836790122e-09, 4.46747172589e-09, 4.44513181819e-09],
        "mean": [0.000160632684128, 0.000917473400477, 0.00103913841303, 0.000817964144517, 0.000885661691427, 0.0006952972617, 0.000337212171871, 0.000203594507184, 0.000233468701481, 0.000206578944926, 0.00010318398563, 0.000178974150913, 0.000244485359872, 0.000285113143036, 0.000304577319184, 0.000272436096566, 0.000206912358408, 8.39695931063e-05, 2.98476097669e-05, 4.08221167163e-05, 0.000125974722323, 0.000227122349315, 0.000289610121399, 0.000518928747624, 0.000929061498027, 0.00146078271791, 0.00117576646153, 0.000706436461769, 0.000483844021801, 0.000319953105645, 0.000328512949636, 0.000204895230127, 9.30793394218e-05, 0.000145354439155, 0.000256226136116, 0.000185060809599, 0.000112279099994, 0.000115647846542, 9.87813327811e-05, 0.000123881312902, 0.000171344800037, 0.000141116179293, 0.000110694512841, 9.07954599825e-05, 0.000102756239357, 7.78212561272e-05, 4.92783619848e-05, 6.06737339695e-05, 4.62887328467e-05, 4.01861143473e-05, 4.30372892879e-05, 3.15393153869e-05, 3.52429196937e-05, 2.96850139421e-05, 3.10032373818e-05, 4.75153137813e-05, 5.15889623784e-05, 3.48088578903e-05, 3.10517643811e-05, 2.54546630458e-05, 2.18411460082e-05, 1.34396696012e-05, 1.2763102859e-05, 1.3251053133e-05, 1.53397595568e-05, 1.16713245006e-05, 1.26810782604e-05, 1.26314726003e-05, 1.08673884824e-05, 9.36474862101e-06, 7.86257533036e-06, 8.87512669578e-06, 6.26310293228e-06, 5.16874570167e-06, 5.25403220308e-06, 4.88459818371e-06, 5.89183400734e-06, 7.37580785426e-06, 5.3284011301e-06, 6.45902355245e-06, 6.4248210947e-06, 6.72576106808e-06, 7.14034149496e-06, 6.78018113831e-06, 6.33902754998e-06, 4.15515842178e-06, 3.04738523482e-06, 2.5438450848e-06, 2.58980185208e-06, 2.47196499004e-06, 1.80265169547e-06, 1.51863844167e-06, 1.23304744193e-06, 1.03088814285e-06, 9.58221676228e-07, 9.26939321744e-07, 8.73889632658e-07, 8.54459187849e-07, 7.1523237466e-07, 6.13347140188e-07, 5.14910254878e-07, 4.2734507133e-07, 3.62322396086e-07, 3.1804032119e-07, 2.90850437068e-07, 2.49387596796e-07, 1.94670590759e-07, 1.80081300982e-07, 1.85098187444e-07, 1.1605889938e-07, 9.31060668563e-08, 8.32723401345e-08, 6.44530544491e-08, 4.33635776176e-08, 3.65421186643e-08, 2.38903616889e-08, 9.25186771639e-09, 3.66613717162e-09, 4.26319646252e-09, 2.63765342901e-09, 1.2571275132e-09, 1.91396143379e-09, 6.11004136175e-10, 1.59668164107e-11, 9.03307983968e-12, 8.80914785562e-12, 8.6636722102e-12, 8.60897204219e-12],
        "min": [3.62360922518e-12, 2.24265796905e-11, 9.53116752189e-12, 3.6904142936e-11, 5.46282429015e-11, 2.64943154221e-11, 4.40334678442e-11, 4.42560155189e-10, 2.33940222749e-09, 1.34352773351e-09, 5.05798158912e-09, 1.45749012859e-08, 2.60717847311e-09, 8.78073525001e-09, 2.32980781334e-08, 2.45595206394e-08, 7.02903903971e-08, 8.33982554127e-08, 1.79345946094e-07, 2.28511567002e-07, 3.27935396172e-07, 1.38193604471e-06, 1.015015755e-06, 2.48452465712e-06, 3.01893351207e-06, 1.49304946717e-06, 3.23060271512e-06, 1.90395098798e-06, 2.53182997767e-06, 1.51870369791e-06, 7.54229972699e-07, 1.69597456079e-06, 7.56918382194e-07, 2.909468094e-06, 3.27453017235e-06, 2.45839237323e-06, 1.62646858826e-06, 4.59466917846e-07, 5.82663687965e-07, 9.4060601441e-07, 1.86962961379e-06, 1.11455062779e-06, 4.50781158179e-07, 6.16706245182e-07, 1.33667901991e-06, 4.72972118359e-07, 2.59079257603e-07, 1.55720613293e-07, 2.92804429591e-07, 4.43669875949e-07, 1.52680229348e-07, 1.662608895e-07, 2.18942290076e-07, 2.71447731848e-07, 1.01480992498e-07, 2.34761785123e-07, 3.49155271806e-07, 3.50747342281e-07, 2.9904347798e-07, 5.10036670676e-07, 3.12185022722e-07, 1.53057101215e-07, 1.31566309847e-07, 2.49224029858e-07, 2.11428016428e-07, 1.42452591945e-07, 4.46749837124e-08, 4.90656546503e-08, 1.33498318178e-07, 2.55382616388e-07, 8.51914805367e-08, 3.31242162588e-08, 2.96055997495e-08, 9.74558655997e-09, 3.9136192953e-08, 4.96862568866e-08, 5.34936930308e-08, 8.13791203313e-08, 3.82077445238e-08, 3.26757039204e-08, 3.65475543163e-08, 1.9107103455e-08, 5.41122417985e-08, 2.96196969174e-08, 2.77309268881e-08, 1.69223035584e-08, 8.30892066261e-09, 1.44328327067e-08, 8.9117424551e-09, 7.31772420437e-10, 1.74397274399e-09, 3.30892785394e-10, 5.17163291358e-11, 7.1937268642e-11, 2.49525435037e-11, 8.20121748291e-12, 9.4711556306e-12, 1.83867634659e-12, 6.47208632173e-13, 2.87872183773e-13, 3.38193123679e-13, 3.76976743008e-13, 2.31358416583e-13, 3.30255625364e-13, 2.59738628175e-13, 2.12332484494e-13, 1.79269102276e-13, 1.37766087058e-13, 1.50403506923e-13, 1.8997871581e-13, 1.43048997669e-13, 2.05540269592e-13, 1.91949497204e-13, 1.99182697788e-13, 1.26139008093e-13, 1.94956423509e-13, 1.43181134809e-13, 1.84690275768e-13, 1.63618603258e-13, 1.75501730119e-13, 1.48796963249e-13, 1.63590251371e-13, 1.79885674498e-13, 1.22920364208e-13, 1.01069407834e-13, 3.36476486051e-14, 7.1538420668e-15, 2.06585036028e-16],
        "stdev": [0.000598896294832, 0.00342100183479, 0.00320191541687, 0.00171175447758, 0.00177813402843, 0.00142414995935, 0.000766468467191, 0.000538103631698, 0.000564040557947, 0.000514178304002, 0.000226325297263, 0.000400368589908, 0.00055215798784, 0.000778464542236, 0.000832363904919, 0.00100675760768, 0.000706986291334, 0.00030824818532, 6.93841066095e-05, 9.22146282392e-05, 0.000327241723426, 0.000573775498196, 0.000490639708005, 0.000943405611906, 0.00165149196982, 0.00214564544149, 0.00187366851605, 0.00147820811253, 0.000654799689073, 0.000469998893095, 0.00072963029379, 0.000510389218107, 0.000135926398798, 0.000336419470841, 0.00073026039172, 0.000418022827944, 0.000201703849598, 0.000208469835343, 0.000146339429193, 0.000181247887667, 0.000204678261071, 0.000236101826886, 0.000165703371749, 0.000126187587739, 0.00019604046247, 0.0001413483551, 5.69949952478e-05, 0.000103892307379, 8.72080781846e-05, 0.000116558781883, 0.000130817497848, 6.81758028804e-05, 8.8143227913e-05, 7.64938959037e-05, 5.73602810618e-05, 9.94861038635e-05, 0.000112626039481, 6.04984925303e-05, 5.41289737157e-05, 3.01078489429e-05, 3.98224037781e-05, 1.9552955564e-05, 1.40761212606e-05, 1.39859912451e-05, 2.15226500586e-05, 1.40816509884e-05, 3.17227531923e-05, 2.94136025332e-05, 2.26613301493e-05, 1.5961302779e-05, 1.27721750687e-05, 1.41203227031e-05, 8.6124837253e-06, 7.43712689655e-06, 8.95453104022e-06, 8.5082683654e-06, 9.79288051894e-06, 1.69539362105e-05, 1.04719147203e-05, 1.22325354823e-05, 1.18312291306e-05, 1.35384361784e-05, 1.36662565637e-05, 1.50826526806e-05, 1.9688903194e-05, 1.2622950635e-05, 8.17474392534e-06, 7.50295248508e-06, 1.01292607724e-05, 1.62329306477e-05, 8.27604799269e-06, 8.42217468744e-06, 4.20095284426e-06, 3.03495016851e-06, 3.78255390387e-06, 2.90550815407e-06, 3.00316105495e-06, 3.07288701151e-06, 2.38594839175e-06, 1.67756263636e-06, 1.14012414087e-06, 1.02650915323e-06, 9.44327325669e-07, 8.45097815727e-07, 8.66397158461e-07, 6.55331746202e-07, 4.71897749321e-07, 4.65519207182e-07, 5.06905109887e-07, 2.92418263825e-07, 2.2687316914e-07, 2.66653302106e-07, 1.93935662196e-07, 1.2727109322e-07, 1.17835199376e-07, 7.63579564023e-08, 3.98366246657e-08, 3.09849212954e-08, 3.6875256626e-08, 2.40148665398e-08, 1.29562156559e-08, 2.2065551164e-08, 7.01690039406e-09, 1.82448459118e-10, 1.45692125031e-10, 1.44128070589e-10, 1.42824627125e-10, 1.42110781476e-10]
    },
    "mfcc": {
        "mean": [-633.065002441, 77.3173675537, -67.6406402588, -22.5522003174, -39.9115219116, -6.77170610428, -12.8003406525, 6.29800271988, -1.38509726524, 2.49794912338, -1.09106874466, -7.49664354324, -15.0373020172],
        "cov": [[3052.51098633, 707.695251465, 2431.40551758, 1411.13537598, 1458.54150391, 598.830566406, 270.181854248, 50.9900665283, 245.060974121, -95.8974304199, 159.085067749, 207.224975586, 406.1640625], [707.695251465, 867.679931641, 1123.15661621, 776.094360352, 686.301269531, 446.631591797, 251.829101562, 155.664016724, 159.081222534, 26.3064613342, 80.6311416626, 100.991325378, 172.375823975], [2431.40551758, 1123.15661621, 2949.49023438, 1620.89465332, 1757.95019531, 798.797546387, 448.643554688, 141.229248047, 340.179229736, -103.365249634, 217.263442993, 173.595458984, 427.293579102], [1411.13537598, 776.094360352, 1620.89465332, 1124.70532227, 1044.30285645, 522.957092285, 255.604232788, 120.35181427, 212.225753784, -22.2349834442, 116.929893494, 141.501617432, 260.15020752], [1458.54150391, 686.301269531, 1757.95019531, 1044.30285645, 1210.14282227, 501.027160645, 298.655548096, 97.9561920166, 227.877960205, -51.9805641174, 124.281196594, 119.074035645, 276.943847656], [598.830566406, 446.631591797, 798.797546387, 522.957092285, 501.027160645, 362.689208984, 197.348510742, 117.23134613, 130.991485596, 16.6150665283, 80.3642807007, 61.9425811768, 112.983268738], [270.181854248, 251.829101562, 448.643554688, 255.604232788, 298.655548096, 197.348510742, 236.638046265, 80.8903503418, 117.26399231, 29.1671409607, 55.6991653442, 18.4134140015, 42.9478149414], [50.9900665283, 155.664016724, 141.229248047, 120.35181427, 97.9561920166, 117.23134613, 80.8903503418, 125.749031067, 67.2866592407, 35.8266029358, 33.646774292, 24.7895717621, 20.2447052002], [245.060974121, 159.081222534, 340.179229736, 212.225753784, 227.877960205, 130.991485596, 117.26399231, 67.2866592407, 136.011322021, 30.0969161987, 63.8242149353, 20.4073238373, 33.2854042053], [-95.8974304199, 26.3064613342, -103.365249634, -22.2349834442, -51.9805641174, 16.6150665283, 29.1671409607, 35.8266029358, 30.0969161987, 97.4965896606, 18.1181221008, 15.9658842087, -18.3563556671], [159.085067749, 80.6311416626, 217.263442993, 116.929893494, 124.281196594, 80.3642807007, 55.6991653442, 33.646774292, 63.8242149353, 18.1181221008, 103.957542419, 19.4312534332, 18.3806247711], [207.224975586, 100.991325378, 173.595458984, 141.501617432, 119.074035645, 61.9425811768, 18.4134140015, 24.7895717621, 20.4073238373, 15.9658842087, 19.4312534332, 79.9473724365, 60.3893508911], [406.1640625, 172.375823975, 427.293579102, 260.15020752, 276.943847656, 112.983268738, 42.9478149414, 20.2447052002, 33.2854042053, -18.3563556671, 18.3806247711, 60.3893508911, 151.912994385]],
        "icov": [[0.00137347681448, 0.00114258786198, -0.00118335115258, -0.00113916676491, 0.000465676683234, -3.86167521356e-05, 7.3091199738e-05, 0.000251184770605, 0.000126109734992, -0.000312242045766, 0.000334722397383, -0.00103100377601, -0.000259794353042], [0.00114258786198, 0.00525941280648, -0.00158227456268, -0.00329099036753, 0.00158993760124, -0.00174977607094, -0.00116302247625, -0.00147703429684, 0.00156414543744, -0.00132698612288, 0.00121510622557, -0.000805925345048, -0.000337625766406], [-0.00118335115258, -0.00158227456268, 0.00461655110121, -0.0001050711071, -0.00341475894675, -0.00109516025987, -0.000287345319521, 0.00123718299437, -0.000565603026189, 0.00221129111014, -0.00200716801919, 0.00175596901681, -0.000953923852649], [-0.00113916676491, -0.00329099036753, -0.0001050711071, 0.00989367906004, -0.00390420737676, -0.00384224625304, 0.00316992262378, 0.00127543904819, -0.00259284698404, 0.000219191570068, 0.00083980569616, -0.00248851883225, 0.000523947295733], [0.000465676683234, 0.00158993760124, -0.00341475894675, -0.00390420737676, 0.00870644487441, 0.000384688464692, -0.00221604993567, 0.000384651910281, -0.00141320680268, 0.000511996797286, 0.00112118280958, -0.000269348180154, -0.00199851416983], [-3.86167521356e-05, -0.00174977607094, -0.00109516025987, -0.00384224625304, 0.000384688464692, 0.0161448679864, -0.00448247045279, -0.00614984286949, 0.00261073862202, -0.0011314523872, -0.00220255600289, 0.00132065883372, 0.000159687813721], [7.3091199738e-05, -0.00116302247625, -0.000287345319521, 0.00316992262378, -0.00221604993567, -0.00448247045279, 0.0113463941962, -0.000103443097032, -0.00526994327083, -0.00148511608131, 0.000995675334707, 0.00103338970803, 0.00112772209104], [0.000251184770605, -0.00147703429684, 0.00123718299437, 0.00127543904819, 0.000384651910281, -0.00614984286949, -0.000103443097032, 0.0164772141725, -0.00600480102003, -0.000413071742514, 0.0001085496624, -0.00249914824963, -0.000707498111296], [0.000126109734992, 0.00156414543744, -0.000565603026189, -0.00259284698404, -0.00141320680268, 0.00261073862202, -0.00526994327083, -0.00600480102003, 0.0211115945131, -0.00451688375324, -0.00576180405915, 0.00256673828699, 0.00134915148374], [-0.000312242045766, -0.00132698612288, 0.00221129111014, 0.000219191570068, 0.000511996797286, -0.0011314523872, -0.00148511608131, -0.000413071742514, -0.00451688375324, 0.0164591036737, -0.00158384488896, -0.00477168615907, 0.00119542784523], [0.000334722397383, 0.00121510622557, -0.00200716801919, 0.00083980569616, 0.00112118280958, -0.00220255600289, 0.000995675334707, 0.0001085496624, -0.00576180405915, -0.00158384488896, 0.0152795398608, -0.00289661320858, 0.00160580279771], [-0.00103100377601, -0.000805925345048, 0.00175596901681, -0.00248851883225, -0.000269348180154, 0.00132065883372, 0.00103338970803, -0.00249914824963, 0.00256673828699, -0.00477168615907, -0.00289661320858, 0.0234113838524, -0.00755191873759], [-0.000259794353042, -0.000337625766406, -0.000953923852649, 0.000523947295733, -0.00199851416983, 0.000159687813721, 0.00112772209104, -0.000707498111296, 0.00134915148374, 0.00119542784523, 0.00160580279771, -0.00755191873759, 0.015403018333]]
    },
    "spectral_contrast_coeffs": {
        "max": [-0.424467533827, -0.440537661314, -0.54116076231, -0.670612692833, -0.66326880455, -0.482405602932],
        "mean": [-0.707257211208, -0.686809539795, -0.731694936752, -0.788386702538, -0.787247657776, -0.709446132183],
        "min": [-0.881651043892, -0.862609863281, -0.888897061348, -0.885758876801, -0.869484722614, -0.82336127758],
        "stdev": [0.0737912282348, 0.0788391008973, 0.0619288235903, 0.0351369343698, 0.0325463563204, 0.048260524869]
    },
    "spectral_contrast_valleys": {
        "max": [-5.24365711212, -5.42055082321, -5.17413234711, -5.97255802155, -6.10774230957, -7.7983546257],
        "mean": [-8.85205936432, -6.98676633835, -6.42468452454, -6.81139945984, -7.05958271027, -10.2837181091],
        "min": [-13.2109546661, -8.74919128418, -7.89784812927, -8.32006931305, -8.87808990479, -14.8778572083],
        "stdev": [2.22316551208, 0.659948170185, 0.449015319347, 0.365704864264, 0.370254099369, 0.977655470371]
    }
},
"rhythm": {
    "beats_count": 57,
    "beats_loudness": {
        "max": 0.0698483064771,
        "mean": 0.0319913849235,
        "min": 0.00133312982507,
        "stdev": 0.0167364142835
    },
    "bpm": 164.320877075,
    "bpm_histogram_first_peak_bpm": 167,
    "bpm_histogram_first_peak_weight": 0,
    "bpm_histogram_second_peak_bpm": 120,
    "bpm_histogram_second_peak_spread": 0.142857134342,
    "bpm_histogram_second_peak_weight": 0.214285716414,
    "danceability": 0.910266399384,
    "onset_rate": 2.10182571411,
    "beats_loudness_band_ratio": {
        "max": [0.802262425423, 0.372332602739, 0.764154434204, 0.601314008236, 0.317112118006, 0.603858232498],
        "mean": [0.160234957933, 0.0648095235229, 0.359963327646, 0.245932340622, 0.127085983753, 0.0725250095129],
        "min": [2.51594929068e-06, 6.48070563329e-05, 0.0247685145587, 0.0227852798998, 0.0162537675351, 0.00950604584068],
        "stdev": [0.229452431202, 0.0832359269261, 0.20442430675, 0.147683143616, 0.0728749930859, 0.0948262512684]
    },
    "beats_position": [0.325079351664, 0.66176867485, 1.01006805897, 1.369977355, 1.72988653183, 2.08979582787, 2.43809509277, 2.80961441994, 3.1811337471, 3.55265307426, 3.92417216301, 4.29569149017, 4.66721057892, 5.02712011337, 5.38702917099, 5.75854873657, 6.11845779419, 6.47836732864, 6.84988641739, 7.22140598297, 7.59292507172, 7.95283412933, 8.31274318695, 8.67265319824, 9.03256225586, 9.39247131348, 9.76399040222, 10.1239004135, 10.5070295334, 10.8901586533, 11.2732877731, 11.656416893, 12.0743761063, 12.4923353195, 12.9102945328, 13.328253746, 13.7462129593, 14.1409521103, 14.5589113235, 14.9652605057, 15.3716096878, 15.7779588699, 16.1843090057, 16.6835365295, 17.1943759918, 17.693605423, 18.181224823, 18.6804523468, 19.179681778, 19.6789112091, 20.1781406403, 20.6773700714, 21.1765975952, 21.6758270264, 22.1750564575, 22.6742858887, 23.1735134125],
