{
"metadata": {
    "version": {
        "essentia": "2.1-beta5",
        "essentia_git_sha": "Undefined",
        "extractor": "music 2.0"
    },
    "audio_properties": {
        "analysis": {
            "equal_loudness": 0,
            "length": 12.7477550507,
            "sample_rate": 44100,
            "start_time": 0,
            "downmix": "mix"
        },
        "bit_rate": 192000,
        "length": 192.3309021,
        "lossless": 0,
        "number_channels": 2,
        "replay_gain": -1.44325065613,
        "sample_rate": 48000,
        "codec": "mp3",
        "md5_encoded": "22d894f3ecc0f33f187eb1cdf3943769"
    },
    "tags": {
        "file_name": "North MacedoniaNorth MacedoniaN_Proud_Tamara Todevska.mp3",
        "encoding": ["Lavf58.29.100"]
    }
},
"lowlevel": {
    "average_loudness": 0.934114217758,
    "barkbands_crest": {
        "max": 19.4207611084,
        "mean": 11.0261507034,
        "min": 3.70764446259,
        "stdev": 3.66845774651
    },
    "barkbands_flatness_db": {
        "max": 0.359205722809,
        "mean": 0.187148958445,
        "min": 0.0706449225545,
        "stdev": 0.0573248788714
    },
    "barkbands_kurtosis": {
        "max": 14.5055541992,
        "mean": 1.79680645466,
        "min": -1.93051099777,
        "stdev": 2.46893835068
    },
    "barkbands_skewness": {
        "max": 3.18935441971,
        "mean": 1.0473934412,
        "min": -0.836916983128,
        "stdev": 0.747635066509
    },
    "barkbands_spread": {
        "max": 127.375793457,
        "mean": 20.3669681549,
        "min": 3.67026782036,
        "stdev": 23.8268127441
    },
    "dissonance": {
        "max": 0.499998420477,
        "mean": 0.4670766294,
        "min": 0.325593680143,
        "stdev": 0.0324943475425
    },
    "dynamic_complexity": 2.52962327003,
    "erbbands_crest": {
        "max": 31.7481002808,
        "mean": 11.1595478058,
        "min": 3.89433860779,
        "stdev": 5.20065116882
    },
    "erbbands_flatness_db": {
        "max": 0.388261139393,
        "mean": 0.230983048677,
        "min": 0.0317954011261,
        "stdev": 0.0738549828529
    },
    "erbbands_kurtosis": {
        "max": 13.4514656067,
        "mean": 1.27598536015,
        "min": -1.56365740299,
        "stdev": 2.12694716454
    },
    "erbbands_skewness": {
        "max": 2.90672516823,
        "mean": 0.681828975677,
        "min": -2.47774863243,
        "stdev": 0.826413333416
    },
    "erbbands_spread": {
        "max": 136.418502808,
        "mean": 26.1352596283,
        "min": 5.72618913651,
        "stdev": 22.8198013306
    },
    "hfc": {
        "max": 488.157104492,
        "mean": 32.1902275085,
        "min": 1.80220901966,
        "stdev": 48.0838737488
    },
    "loudness_ebu128": {
        "integrated": -22.0612487793,
        "loudness_range": 5.25003433228,
        "momentary": {
            "max": -17.8928565979,
            "mean": -22.8447799683,
            "min": -28.1501426697,
            "stdev": 2.70973682404
        },
        "short_term": {
            "max": -19.9679355621,
            "mean": -22.6018009186,
            "min": -25.6552829742,
            "stdev": 2.14137554169
        }
    },
    "melbands_crest": {
        "max": 25.7527866364,
        "mean": 13.6482286453,
        "min": 4.65694522858,
        "stdev": 4.52869462967
    },
    "melbands_flatness_db": {
        "max": 0.391788035631,
        "mean": 0.214199975133,
        "min": 0.0949167534709,
        "stdev": 0.0620543584228
    },
    "melbands_kurtosis": {
        "max": 44.745716095,
        "mean": 6.82212781906,
        "min": -1.71557319164,
        "stdev": 7.86887359619
    },
    "melbands_skewness": {
        "max": 6.20848226547,
        "mean": 1.80189359188,
        "min": -0.456704676151,
        "stdev": 1.24812078476
    },
    "melbands_spread": {
        "max": 84.7844543457,
        "mean": 19.1106414795,
        "min": 4.45152950287,
        "stdev": 10.142118454
    },
    "pitch_salience": {
        "max": 0.84509408474,
        "mean": 0.572620391846,
        "min": 0.255434691906,
        "stdev": 0.130913943052
    },
    "silence_rate_20dB": {
        "max": 1,
        "mean": 1,
        "min": 1,
        "stdev": 0
    },
    "silence_rate_30dB": {
        "max": 1,
        "mean": 1,
        "min": 1,
        "stdev": 0
    },
    "silence_rate_60dB": {
        "max": 0,
        "mean": 0,
        "min": 0,
        "stdev": 0
    },
    "spectral_centroid": {
        "max": 4114.26318359,
        "mean": 1300.8079834,
        "min": 408.415863037,
        "stdev": 528.620117188
    },
    "spectral_complexity": {
        "max": 45,
        "mean": 20.3327274323,
        "min": 2,
        "stdev": 9.55330753326
    },
    "spectral_decrease": {
        "max": -5.33059707486e-10,
        "mean": -5.95102678247e-09,
        "min": -2.17405240477e-08,
        "stdev": 3.45408013303e-09
    },
    "spectral_energy": {
        "max": 0.0891196727753,
        "mean": 0.0253803022206,
        "min": 0.00298865232617,
        "stdev": 0.015084371902
    },
    "spectral_energyband_high": {
        "max": 0.0411139987409,
        "mean": 0.00132523616776,
        "min": 7.46510977478e-06,
        "stdev": 0.00403585424647
    },
    "spectral_energyband_low": {
        "max": 0.0400946214795,
        "mean": 0.00565149448812,
        "min": 1.68186076621e-07,
        "stdev": 0.00809721369296
    },
    "spectral_energyband_middle_high": {
        "max": 0.039135646075,
        "mean": 0.00909787788987,
        "min": 0.000281724671368,
        "stdev": 0.00758732808754
    },
    "spectral_energyband_middle_low": {
        "max": 0.0658601373434,
        "mean": 0.00999726634473,
        "min": 0.000391905778088,
        "stdev": 0.00814724899828
    },
    "spectral_entropy": {
        "max": 8.45561695099,
        "mean": 7.52265977859,
        "min": 6.0988073349,
        "stdev": 0.442019224167
    },
    "spectral_flux": {
        "max": 0.173849433661,
        "mean": 0.075212970376,
        "min": 0.0170314610004,
        "stdev": 0.034666467458
    },
    "spectral_kurtosis": {
        "max": 19.0709056854,
        "mean": 4.63071346283,
        "min": -0.563387155533,
        "stdev": 2.86217880249
    },
    "spectral_rms": {
        "max": 0.00932448543608,
        "mean": 0.0047449041158,
        "min": 0.00170755921863,
        "stdev": 0.001499051461
    },
    "spectral_rolloff": {
        "max": 14061.1816406,
        "mean": 1968.88049316,
        "min": 279.931640625,
        "stdev": 2549.6081543
    },
    "spectral_skewness": {
        "max": 3.66579914093,
        "mean": 1.5687558651,
        "min": 0.684175670147,
        "stdev": 0.342976272106
    },
    "spectral_spread": {
        "max": 16513605,
        "mean": 4073160.25,
        "min": 1787597,
        "stdev": 3066796
    },
    "spectral_strongpeak": {
        "max": 6.46388149261,
        "mean": 1.21756875515,
        "min": 0,
        "stdev": 1.09083676338
    },
    "zerocrossingrate": {
        "max": 0.3974609375,
        "mean": 0.0678932890296,
        "min": 0.01806640625,
        "stdev": 0.0557920262218
    },
    "barkbands": {
        "max": [0.00859958305955, 0.0384446382523, 0.0104137286544, 0.0136574022472, 0.0182047262788, 0.00641687493771, 0.00177477183752, 0.00473320810124, 0.064020358026, 0.0239732060581, 0.0187957379967, 0.0171657800674, 0.0108682094142, 0.00591361196712, 0.00501084094867, 0.00118514837231, 0.00240017659962, 0.00537330238149, 0.00911722704768, 0.000951722555328, 0.000813618651591, 0.000522854272276, 0.000252180063399, 0.000749237951823, 0.0278670545667, 0.00946750864387, 0.00364350574091],
        "mean": [0.000101719226222, 0.00476888101548, 0.000623794388957, 0.000311335053993, 0.0021285736002, 0.00066960323602, 0.000217078588321, 0.000486648146762, 0.00509436195716, 0.00296250684187, 0.001535696676, 0.00142858503386, 0.0011052765185, 0.00104911311064, 0.000491244194563, 0.000174259199412, 0.000229779514484, 0.000277720799204, 0.000320187013131, 0.000138575618621, 8.58892017277e-05, 6.20862119831e-05, 3.69891458831e-05, 4.63367796328e-05, 0.000643826264422, 0.000288225739496, 0.000102024678199],
        "min": [2.65841848535e-10, 5.36475575075e-09, 1.8772550181e-09, 1.37025196523e-07, 2.12153486245e-06, 2.44579860009e-06, 6.93033780408e-06, 8.59585634316e-06, 1.99056248675e-05, 9.1752890512e-06, 7.47418016545e-06, 5.06023798152e-06, 7.41147414374e-06, 1.42452872751e-05, 2.87314105663e-06, 2.53736720879e-06, 5.31187743036e-06, 2.6964000881e-06, 3.99418240704e-06, 1.66231211551e-06, 2.11619726542e-06, 1.57306726578e-06, 2.9701991977e-08, 2.53506687864e-10, 7.90625273583e-11, 7.73097419415e-11, 1.13091994103e-10],
        "stdev": [0.000455922388937, 0.00744323944673, 0.00112566701137, 0.00107613310684, 0.00342052313499, 0.000943364109844, 0.000264024216449, 0.000651579466648, 0.00736088585109, 0.0036237440072, 0.00204760674387, 0.0020153298974, 0.00126546458341, 0.00108513946179, 0.000553703866899, 0.000209570149309, 0.000279632688034, 0.000422973360401, 0.000846721697599, 0.000152370150317, 9.56501826295e-05, 6.50614019833e-05, 3.75783747586e-05, 8.79026847542e-05, 0.0025871724356, 0.00119987805374, 0.000420053576818]
    },
    "erbbands": {
        "max": [1.12405669689, 9.69263362885, 8.80746841431, 42.9232177734, 23.2451190948, 70.4107055664, 82.732460022, 81.6336975098, 50.291343689, 48.4257774353, 123.753204346, 1204.8939209, 1026.70727539, 758.666625977, 424.295471191, 695.609680176, 481.025238037, 351.298492432, 175.579803467, 157.342498779, 68.3204040527, 137.434051514, 339.601989746, 569.311279297, 382.986206055, 45.5761489868, 36.4609680176, 24.591960907, 10.7452898026, 23.4763240814, 6.69830751419, 24.7436313629, 18.3376197815, 467.718078613, 93.6041259766, 25.5758743286, 36.918346405, 2.55763149261, 0.70554703474, 0.0551237501204],
        "mean": [0.114346683025, 1.1322414875, 1.0922460556, 0.935852050781, 1.11368501186, 8.86305618286, 9.25833415985, 6.41631174088, 5.14314651489, 4.95437288284, 18.121465683, 109.644378662, 123.898490906, 86.7970733643, 44.3492965698, 63.4335594177, 54.8671607971, 58.8837623596, 34.1002311707, 17.974817276, 10.3166913986, 12.8233909607, 15.1079063416, 18.0492267609, 12.0765256882, 6.98353862762, 3.99270987511, 3.04863095284, 2.25391292572, 1.72319197655, 0.995809674263, 1.1532137394, 0.934970498085, 10.5326805115, 2.38971042633, 0.75198084116, 0.801882088184, 0.0852289274335, 0.0212388932705, 0.0012325164862],
        "min": [2.01340426997e-07, 3.90255581806e-06, 5.33067905053e-05, 0.000389276014175, 0.00196929089725, 0.00705756433308, 0.0118221780285, 0.0246902350336, 0.0594669207931, 0.189700633287, 0.332207083702, 0.591744840145, 0.28068035841, 0.387772202492, 0.704096317291, 0.204375818372, 0.403726816177, 0.932455718517, 0.532990098, 0.203748911619, 0.167342454195, 0.330937445164, 0.167271539569, 0.203577801585, 0.25406652689, 0.109979771078, 0.0945254266262, 0.099416539073, 0.0593929588795, 0.0124171432108, 0.00125910085626, 0.000229697106988, 1.98273519345e-05, 9.18182013265e-06, 5.62898912904e-06, 3.37121628036e-06, 1.90688331259e-06, 4.11154587709e-07, 2.4573068913e-06, 5.17777016285e-06],
        "stdev": [0.205518424511, 1.73332226276, 1.56256008148, 2.94835662842, 2.45114707947, 14.5751886368, 13.7410860062, 9.47228050232, 7.30371761322, 6.29222488403, 21.8715991974, 158.283050537, 162.954116821, 105.608589172, 51.9828147888, 88.4760131836, 55.8447113037, 58.1406326294, 34.1489944458, 19.8480625153, 11.8224954605, 15.2146625519, 22.6150074005, 45.3680534363, 27.5709495544, 7.91497087479, 4.61741161346, 3.30357956886, 2.28350162506, 2.07816743851, 1.01665282249, 2.28226113319, 2.30091190338, 43.0144119263, 9.13650608063, 2.83446598053, 3.87880825996, 0.328505575657, 0.0843043103814, 0.00599161768332]
    },
    "gfcc": {
        "mean": [-31.8604183197, 104.786781311, -168.830978394, 14.7361288071, -63.7490501404, 20.2319297791, -12.9847450256, 0.0846812874079, -12.6577663422, -10.1101703644, -1.87229645252, -9.41792678833, -0.97199010849],
        "cov": [[4173.56054688, -2420.32861328, 1925.64318848, -436.400268555, 562.142944336, 863.985290527, -189.255981445, 1400.95471191, -227.376586914, 731.939697266, -414.704162598, -19.001493454, -96.8601837158], [-2420.32861328, 3867.03735352, -149.228820801, 1186.18139648, 76.6650466919, -711.48425293, 445.350128174, -1341.07336426, 420.036193848, -535.493835449, 680.300170898, 135.678833008, 149.086578369], [1925.64318848, -149.228820801, 3738.49316406, 101.083526611, 1100.5168457, 152.946258545, -253.99118042, 285.291870117, -183.876342773, 751.550231934, 190.178436279, 530.570739746, 24.5760536194], [-436.400268555, 1186.18139648, 101.083526611, 568.731262207, 86.5981292725, -103.831031799, 115.207496643, -305.581542969, 158.107696533, -131.207183838, 200.655792236, -7.06862974167, 58.518321991], [562.142944336, 76.6650466919, 1100.5168457, 86.5981292725, 413.388763428, 50.4454536438, -19.8384723663, 70.3022079468, -29.4309387207, 217.69039917, 73.8406143188, 170.229721069, 1.1299482584], [863.985290527, -711.48425293, 152.946258545, -103.831031799, 50.4454536438, 326.781890869, -58.9230384827, 409.736083984, -71.6141815186, 144.275772095, -148.471008301, -77.0162811279, -22.235534668], [-189.255981445, 445.350128174, -253.99118042, 115.207496643, -19.8384723663, -58.9230384827, 215.341491699, -100.218574524, 101.982948303, -92.1640701294, 75.2105026245, -13.8726930618, -8.05368804932], [1400.95471191, -1341.07336426, 285.291870117, -305.581542969, 70.3022079468, 409.736083984, -100.218574524, 716.185424805, -118.385528564, 277.751495361, -264.49432373, -81.4100723267, -47.8462638855], [-227.376586914, 420.036193848, -183.876342773, 158.107696533, -29.4309387207, -71.6141815186, 101.982948303, -118.385528564, 141.636993408, -92.4587249756, 80.5149154663, -32.90650177, 26.1238708496], [731.939697266, -535.493835449, 751.550231934, -131.207183838, 217.69039917, 144.275772095, -92.1640701294, 277.751495361, -92.4587249756, 288.567840576, -51.657245636, 100.83190918, -31.4471168518], [-414.704162598, 680.300170898, 190.178436279, 200.655792236, 73.8406143188, -148.471008301, 75.2105026245, -264.49432373, 80.5149154663, -51.657245636, 229.164703369, 77.2671356201, 45.9431724548], [-19.001493454, 135.678833008, 530.570739746, -7.06862974167, 170.229721069, -77.0162811279, -13.8726930618, -81.4100723267, -32.90650177, 100.83190918, 77.2671356201, 172.780593872, -5.41003990173], [-96.8601837158, 149.086578369, 24.5760536194, 58.518321991, 1.1299482584, -22.235534668, -8.05368804932, -47.8462638855, 26.1238708496, -31.4471168518, 45.9431724548, -5.41003990173, 73.73462677]],
        "icov": [[0.00138897320721, 0.000353109760908, -0.000951109454036, -0.000129391817609, 8.32883670228e-05, -0.000801581132691, -0.00103098282125, -0.00143500696868, -0.00041915581096, 0.000541212386452, 0.000308575719828, 0.00107482471503, 0.000509467499796], [0.000353109760908, 0.00322553515434, -0.00060231401585, -0.00405013794079, 0.000577725411858, 0.000840984284878, -0.00339613761753, 0.00256193336099, 0.000471449515317, 0.000462999305455, -0.000288967712549, -0.000149670682731, -0.000907134497538], [-0.000951109454036, -0.00060231401585, 0.00287461024709, 0.000184983990039, -0.00410531181842, 0.000858212239109, 0.00260733556934, 0.000378285825718, 0.000553391175345, -0.00251856935211, -0.00102359615266, -0.00163603911642, -0.00103698426392], [-0.000129391817609, -0.00405013794079, 0.000184983990039, 0.00975201185793, -0.00230589997955, -0.0037701416295, 0.00401147641242, -0.000914531934541, -0.00372411706485, 0.000268936972134, -0.000860190251842, 0.00303422659636, 0.0011538163526], [8.32883670228e-05, 0.000577725411858, -0.00410531181842, -0.00230589997955, 0.0153982751071, -0.00255918130279, -0.00419117743149, 0.00110640667845, -0.000871491618454, -0.000628084759228, 0.00157205306459, -0.00455796299502, 0.000119026532047], [-0.000801581132691, 0.000840984284878, 0.000858212239109, -0.0037701416295, -0.00255918130279, 0.0158974379301, -0.00034811758087, -0.00675419531763, 0.00545434607193, -9.09418595256e-05, -0.00127485685516, 0.00450599892065, -0.000481139402837], [-0.00103098282125, -0.00339613761753, 0.00260733556934, 0.00401147641242, -0.00419117743149, -0.00034811758087, 0.0140456110239, -0.00412014452741, -0.00550117343664, 0.00236825156026, -0.00325273908675, -0.00294545898214, 0.00504929479212], [-0.00143500696868, 0.00256193336099, 0.000378285825718, -0.000914531934541, 0.00110640667845, -0.00675419531763, -0.00412014452741, 0.0162490904331, -0.00173600122798, -0.00847028661519, 0.00434089638293, 0.00240352284163, -0.00395104195923], [-0.00041915581096, 0.000471449515317, 0.000553391175345, -0.00372411706485, -0.000871491618454, 0.00545434607193, -0.00550117343664, -0.00173600122798, 0.0183563195169, 7.66248776927e-05, -0.00308270985261, 0.00449746288359, -0.00302199739963], [0.000541212386452, 0.000462999305455, -0.00251856935211, 0.000268936972134, -0.000628084759228, -9.09418595256e-05, 0.00236825156026, -0.00847028661519, 7.66248776927e-05, 0.0215802490711, -0.00292498921044, -0.00687630195171, 0.00563995493576], [0.000308575719828, -0.000288967712549, -0.00102359615266, -0.000860190251842, 0.00157205306459, -0.00127485685516, -0.00325273908675, 0.00434089638293, -0.00308270985261, -0.00292498921044, 0.0144387371838, -0.00246605603024, -0.00526638049632], [0.00107482471503, -0.000149670682731, -0.00163603911642, 0.00303422659636, -0.00455796299502, 0.00450599892065, -0.00294545898214, 0.00240352284163, 0.00449746288359, -0.00687630195171, -0.00246605603024, 0.024580642581, 0.00133237475529], [0.000509467499796, -0.000907134497538, -0.00103698426392, 0.0011538163526, 0.000119026532047, -0.000481139402837, 0.00504929479212, -0.00395104195923, -0.00302199739963, 0.00563995493576, -0.00526638049632, 0.00133237475529, 0.020191507414]]
    },
    "melbands": {
        "max": [0.0101273125038, 0.00644526723772, 0.00618431670591, 0.00234608980827, 0.00377334817313, 0.00156869273633, 0.00069362524664, 0.000678935961332, 0.00139736919664, 0.0095971673727, 0.00542292417958, 0.0030118052382, 0.00189958594274, 0.00102958723437, 0.00204179086722, 0.00135056080762, 0.000619067228399, 0.000338156125508, 0.000442924851086, 9.97296592686e-05, 8.06382959126e-05, 0.000138327115565, 0.000134961897857, 0.000346702610841, 0.000578254053835, 0.000528612406924, 3.8964284613e-05, 3.38515346812e-05, 2.70814762189e-05, 2.25551666517e-05, 1.12631087177e-05, 7.49889659346e-06, 1.03279726318e-05, 1.16401952255e-05, 4.80817880089e-06, 2.533124416e-06, 2.24985305977e-05, 6.08334130447e-06, 1.37521983561e-05, 0.000623796775471],
        "mean": [0.00124682544265, 0.000894159486052, 0.000159193339641, 0.000297789083561, 0.000430238404078, 0.000140139978612, 7.05213969923e-05, 6.20045830146e-05, 0.000180752991582, 0.000775914057158, 0.00061599642504, 0.000352753355401, 0.000173381980858, 0.000129537060275, 0.000158943788847, 0.000117502662761, 0.000108138949145, 5.77310674998e-05, 3.61341190001e-05, 1.40050542541e-05, 1.19396108857e-05, 1.34161582537e-05, 1.3313614545e-05, 1.30477546918e-05, 1.5123949197e-05, 1.08119002107e-05, 5.86881151321e-06, 4.198723218e-06, 2.5179158456e-06, 2.09755057767e-06, 1.61338323323e-06, 1.28310955461e-06, 1.12547184017e-06, 8.79009064647e-07, 5.9641166672e-07, 4.37387228658e-07, 8.45941940497e-07, 3.65961795978e-07, 5.95902861278e-07, 1.37117658596e-05],
        "min": [9.01025754008e-10, 2.95590680821e-08, 6.15321482655e-08, 4.06711478718e-07, 4.20616316887e-07, 4.34938129956e-07, 1.06270783817e-06, 1.19811875265e-06, 2.7298265195e-06, 2.95898507829e-06, 1.1734319969e-06, 1.22334120078e-06, 9.53297387696e-07, 7.38477581308e-07, 5.85177133416e-07, 9.39167932756e-07, 1.26104794163e-06, 4.18357444687e-07, 2.01118311338e-07, 1.96467397018e-07, 1.6998669139e-07, 2.81148686554e-07, 1.26126508349e-07, 1.10465613545e-07, 9.14187694434e-08, 1.47911734416e-07, 7.39506731406e-08, 4.74777408499e-08, 4.93632477117e-08, 4.75429082769e-08, 3.01503000344e-08, 3.33179883683e-08, 1.74423835375e-08, 1.35060795881e-09, 4.65527144611e-10, 2.24215840339e-10, 3.56615908678e-12, 4.02851444694e-13, 8.30083018381e-13, 6.40518291618e-13],
        "stdev": [0.00206897314638, 0.00120875053108, 0.000458693131804, 0.000456266308902, 0.000673795642797, 0.000201941526029, 9.89376130747e-05, 8.64503235789e-05, 0.000233074693824, 0.00113607000094, 0.000822706322651, 0.000441815092927, 0.000223953262321, 0.00015021096624, 0.000229320823564, 0.000140110394568, 0.000110634464363, 6.21235521976e-05, 4.52339263575e-05, 1.65975470736e-05, 1.44750356412e-05, 1.62091546372e-05, 1.71786141436e-05, 2.26071570069e-05, 4.27385421062e-05, 3.54478434019e-05, 6.35255355519e-06, 4.99180850966e-06, 3.05214189211e-06, 2.41698717218e-06, 1.83441932222e-06, 1.38712312037e-06, 1.28500960273e-06, 1.09175562102e-06, 6.41572967197e-07, 4.63760443381e-07, 1.9981589503e-06, 6.87214878781e-07, 1.60204206168e-06, 5.67517090531e-05]
    },
    "melbands128": {
        "max": [0.00523794209585, 0.00826940592378, 0.017363730818, 0.0159356985241, 0.00680419104174, 0.00687406258658, 0.0107881687582, 0.0061768302694, 0.00279793422669, 0.00188274611719, 0.00441052485257, 0.0082032084465, 0.00291758170351, 0.00153710215818, 0.00314366351813, 0.00222329655662, 0.00162315857597, 0.000239512693952, 0.000245321076363, 0.000471135310363, 0.00144512834959, 0.00128940888681, 0.00184739241377, 0.0032227684278, 0.00823164917529, 0.0209152363241, 0.0111962743104, 0.0070640030317, 0.0050759036094, 0.00381499924697, 0.00563282566145, 0.0038275285624, 0.00204357225448, 0.00196601217613, 0.00114252720959, 0.0016422852641, 0.00349833653308, 0.00366110447794, 0.00092726922594, 0.00148816651199, 0.00213820300996, 0.00139933510218, 0.000839751854073, 0.00130457722116, 0.000492407183629, 0.000511731253937, 0.000468626734801, 0.000873487151694, 0.000328996859025, 0.000150937892613, 0.000137417053338, 0.000114155562187, 0.00010764678882, 0.000111683038995, 0.000165778998053, 9.90706976154e-05, 0.000219690977247, 0.000141956144944, 0.000184809003258, 0.000505394476932, 0.000590420444496, 0.000174110711669, 0.000742520438507, 0.000817630207166, 0.000873286800925, 0.0012405347079, 0.000286351045361, 6.40065336484e-05, 4.95604217576e-05, 5.44789836567e-05, 4.77225003124e-05, 4.82624018332e-05, 2.89288036583e-05, 3.29618051182e-05, 3.43824249285e-05, 1.96196142497e-05, 2.29098950513e-05, 1.8362494302e-05, 1.49917214003e-05, 1.17534564197e-05, 1.04993514469e-05, 9.7587098935e-06, 1.53472974489e-05, 1.16266674013e-05, 1.60129129654e-05, 2.78023071587e-05, 9.73108126345e-06, 7.21343167243e-06, 5.44508884559e-06, 3.360528126e-06, 3.01357840726e-06, 3.235815484e-06, 5.11820235261e-06, 4.90464772156e-05, 1.00218403531e-05, 5.86652276979e-06, 1.50140149344e-05, 9.73655824055e-06, 1.26262457343e-05, 1.38967579915e-05, 9.40853715292e-05, 0.00123597320635, 0.000701347191352, 4.20933029091e-05, 1.45285812323e-05, 1.03989850686e-05, 5.74928935748e-06, 1.60651816259e-05, 8.87690039235e-05, 5.18160049978e-05, 0.000102106452687, 0.00012938339205, 0.000369782705093, 7.37578156986e-05, 4.59025213786e-05, 2.93502616842e-05, 1.80503702722e-05, 2.67990253633e-05, 1.7812313672e-05, 1.87536079466e-05, 2.52094469033e-05, 6.37052144157e-05, 5.90329836996e-05, 2.29892663128e-07, 3.42182548962e-09, 3.3823983614e-09, 3.35157857023e-09, 3.33448846312e-09],
        "mean": [7.66218072386e-05, 0.000642785860691, 0.0020591376815, 0.00183022883721, 0.000762638112064, 0.000273006851785, 0.000191479120986, 0.000140329342685, 8.90980445547e-05, 8.99409205886e-05, 0.000546115508769, 0.00089056044817, 0.000263118272414, 8.39995482238e-05, 0.000134334142786, 0.000190584512893, 0.000139610594488, 2.23838123929e-05, 2.05614960578e-05, 4.64826407551e-05, 9.18637524592e-05, 8.54847021401e-05, 0.000138465868076, 0.000299991224892, 0.00066360947676, 0.00107409816701, 0.00087833206635, 0.000539816624951, 0.000428438244853, 0.000332365889335, 0.000373170361854, 0.000295507867122, 0.000146341655636, 0.000105835031718, 7.72883504396e-05, 0.000122778277728, 0.000238821317907, 0.000183087075129, 8.838372014e-05, 0.000118000774819, 0.000122427562019, 0.000123882477055, 0.000105701947177, 0.000118997922982, 6.29868445685e-05, 4.7330664529e-05, 4.41941338067e-05, 4.65325756522e-05, 2.71534081548e-05, 1.738867104e-05, 1.29654717966e-05, 9.82070559985e-06, 9.96903327177e-06, 1.3145916455e-05, 1.59220708156e-05, 1.28324454636e-05, 1.21141893032e-05, 1.25998139993e-05, 1.34951151267e-05, 1.52969332703e-05, 1.25350443341e-05, 1.05095959952e-05, 1.78873960976e-05, 1.61853022291e-05, 1.12735197035e-05, 1.2775381947e-05, 9.12750601856e-06, 5.75686817683e-06, 5.00203123011e-06, 6.13141673966e-06, 4.51670257462e-06, 3.17851754517e-06, 2.64347204393e-06, 2.45152364187e-06, 2.29673923968e-06, 2.05591459235e-06, 2.10136727219e-06, 1.91532240024e-06, 1.53178689288e-06, 1.32089678573e-06, 1.30516218633e-06, 1.247155069e-06, 1.25891256175e-06, 1.09483198685e-06, 1.01780653949e-06, 1.0250670357e-06, 7.88217562331e-07, 7.28569148123e-07, 6.06468233855e-07, 4.9222137477e-07, 4.09820216873e-07, 3.99642317461e-07, 4.35292776046e-07, 1.43417230447e-06, 5.57712269256e-07, 3.1455093108e-07, 3.25661943634e-07, 4.48768361139e-07, 4.49364790711e-07, 4.22513579679e-07, 2.60134629571e-06, 2.52489026025e-05, 1.59984065249e-05, 1.14148031116e-06, 4.64597576411e-07, 2.00477344947e-07, 1.91433301211e-07, 2.99384225855e-07, 1.59562648605e-06, 1.23285360587e-06, 2.43243766818e-06, 2.6058014555e-06, 5.28691998625e-06, 8.43648138016e-07, 9.62444573815e-07, 6.33914226e-07, 3.05606306483e-07, 3.91074905792e-07, 4.40973622062e-07, 5.7117392771e-07, 4.67150442773e-07, 1.39039730129e-06, 8.80394395608e-07, 3.17170267827e-09, 9.51884838313e-12, 8.89448844438e-12, 8.56130877996e-12, 8.45274024386e-12],
        "min": [2.2338630945e-11, 3.61741261945e-11, 2.04212313726e-10, 1.57408019952e-09, 1.34707178745e-09, 6.36696917411e-10, 6.23303506586e-08, 3.93977046542e-08, 5.29824824014e-08, 1.45109069649e-07, 5.25519112671e-08, 4.78497277356e-08, 8.61648175032e-08, 1.47942159856e-07, 1.91825577645e-07, 4.90156750743e-08, 1.24282465208e-07, 2.37029539107e-07, 4.15203828652e-07, 6.44113754333e-07, 6.04404419846e-07, 8.16561509964e-07, 1.05662832084e-06, 3.93448772229e-07, 3.88549096897e-07, 1.21441667034e-06, 1.14127283268e-06, 6.60198509195e-07, 1.00875695352e-06, 5.03636101712e-07, 2.28440285355e-07, 6.24702408913e-07, 6.46949274596e-07, 4.98789063386e-07, 8.78027776707e-07, 3.24066718349e-07, 4.01756551582e-07, 3.75735140778e-07, 5.90307195125e-07, 7.90395802142e-07, 4.47025144013e-07, 2.81481533193e-07, 8.28188831292e-07, 5.06949334067e-07, 1.35280288305e-07, 3.01250537404e-07, 2.59205137354e-07, 1.36133706974e-07, 6.17167614791e-08, 8.45409857675e-08, 9.60065520417e-08, 1.07951322548e-07, 7.63291012618e-08, 6.0123149126e-08, 1.31069214149e-07, 8.00788910738e-08, 1.01966016075e-07, 6.50978719818e-08, 6.84744421164e-08, 5.23827168308e-08, 4.53952786472e-08, 1.15021983049e-07, 5.53687868887e-08, 6.28830392202e-08, 8.72410268471e-08, 1.16195863598e-07, 1.04485010866e-07, 1.03756498504e-07, 2.36561810141e-08, 5.02625887577e-08, 2.6639806805e-08, 3.76550097769e-08, 2.46750584409e-08, 3.32917373669e-08, 2.81740160091e-08, 2.21826255142e-08, 2.633201035e-08, 1.86201720709e-08, 5.89143311913e-09, 5.6087605671e-09, 1.75510699307e-08, 2.27409042708e-08, 1.08027267132e-08, 5.91340043599e-09, 1.82403114835e-09, 3.05664833722e-11, 9.20250473047e-11, 5.00475771936e-10, 1.41884434757e-10, 3.45317913153e-10, 2.3169406671e-10, 7.71691946455e-11, 6.39333464642e-12, 8.39392845595e-13, 3.93228201737e-13, 3.36551153699e-13, 3.89236955384e-13, 3.70582091489e-13, 2.81641924409e-13, 4.32658737396e-13, 4.72093176183e-13, 5.1362831089e-13, 4.57590996344e-13, 4.57549905082e-13, 3.91388391965e-13, 4.33477120301e-13, 4.27025846324e-13, 3.03667220493e-13, 4.09759764097e-13, 4.21360076821e-13, 2.81774684965e-13, 4.2993088473e-13, 3.70973867944e-13, 3.98772649016e-13, 2.81809433645e-13, 3.57906196e-13, 4.05879702677e-13, 3.38069822787e-13, 3.57094616463e-13, 3.78502540725e-13, 3.1799145565e-13, 3.16514934921e-13, 3.66625566711e-13, 3.59319453531e-13, 2.84109189083e-13, 1.0636041608e-13, 1.366271259e-14, 7.61756899438e-16],
        "stdev": [0.000296669692034, 0.00125659024343, 0.00373716559261, 0.00268102064729, 0.00111721688882, 0.000576654856559, 0.000702388235368, 0.00045510136988, 0.000241709669353, 0.000165403136634, 0.000915122043807, 0.00153658806812, 0.000401034456445, 0.000168960614246, 0.000289071496809, 0.00029563109274, 0.000231364392675, 3.02914595522e-05, 3.05887988361e-05, 6.41207370791e-05, 0.000162655313034, 0.000137238370371, 0.000223921539146, 0.000470393861178, 0.00112781568896, 0.00191390386317, 0.00149628892541, 0.000866478716489, 0.000709142943379, 0.0005159220309, 0.000598898041062, 0.000493006780744, 0.00024548053625, 0.000191581362742, 0.000120213640912, 0.00019027676899, 0.000463894393761, 0.000400519056711, 0.000113170921395, 0.000165760997334, 0.000200492577278, 0.000161401912919, 0.000116185314255, 0.000171221166966, 8.42200533953e-05, 6.49824651191e-05, 6.0264061176e-05, 7.48087841203e-05, 3.74121846107e-05, 2.26393258345e-05, 1.88837020687e-05, 1.3148578546e-05, 1.40995016409e-05, 1.76760986506e-05, 2.25574367505e-05, 1.62092455867e-05, 1.77490019269e-05, 1.86570960068e-05, 1.92168099602e-05, 2.85413716483e-05, 3.09000060952e-05, 1.90213650058e-05, 5.86773057876e-05, 5.85606976529e-05, 4.33447057731e-05, 7.11701795808e-05, 1.67915168277e-05, 6.93508309269e-06, 6.49585081192e-06, 7.89893147157e-06, 6.33496119917e-06, 4.36990012531e-06, 3.58228498953e-06, 3.39540224559e-06, 3.11177541334e-06, 2.61688796854e-06, 2.66526672021e-06, 2.19369053411e-06, 2.09996687772e-06, 1.73744763288e-06, 1.66539496149e-06, 1.4660429315e-06, 1.5883629203e-06, 1.35297489123e-06, 1.37651466048e-06, 1.93626419787e-06, 1.05601498035e-06, 8.93129026736e-07, 7.31661884856e-07, 5.79216020924e-07, 4.78456115616e-07, 4.7364400757e-07, 6.06937931025e-07, 4.11361588704e-06, 1.18769321489e-06, 5.50063532501e-07, 9.23815832721e-07, 1.22343669773e-06, 1.17918295928e-06, 1.31178148877e-06, 9.6751464298e-06, 0.000108445128717, 6.45217733108e-05, 4.01024090024e-06, 1.58238447057e-06, 7.89325724782e-07, 6.97343807587e-07, 1.20796016745e-06, 7.2527800512e-06, 4.95995300298e-06, 1.10854389277e-05, 1.16688006528e-05, 3.29360227624e-05, 4.96065285915e-06, 4.46181911684e-06, 3.01885074805e-06, 1.49603692989e-06, 2.00284216589e-06, 1.92798233911e-06, 2.27639884542e-06, 2.2945771434e-06, 7.07992421667e-06, 5.36043671673e-06, 1.82066663967e-08, 1.45736450685e-10, 1.44055226081e-10, 1.42746092724e-10, 1.4201878562e-10]
    },
    "mfcc": {
        "mean": [-655.783325195, 129.814529419, -40.2262802124, 0.923543214798, -21.6055755615, 11.6058387756, 5.41757822037, 12.463727951, -2.64491510391, 7.5393075943, 2.9531109333, -3.33126187325, -7.47572612762],
        "cov": [[3051.98681641, -1605.09033203, 128.206390381, -804.581481934, 389.392669678, -380.092071533, 474.946594238, 196.762008667, 714.232055664, 518.915039062, 333.616119385, -88.3578109741, -135.755554199], [-1605.09033203, 2243.12670898, 677.440490723, 1257.89575195, 20.6390552521, 576.966674805, -194.656295776, -45.9831924438, -534.709533691, -294.081420898, -137.69631958, 188.28364563, 192.884902954], [128.206390381, 677.440490723, 1667.45361328, 530.448913574, 858.718322754, 183.378005981, 296.462890625, -194.769729614, 20.8645534515, -74.5043182373, 170.474807739, 72.4952468872, 332.821380615], [-804.581481934, 1257.89575195, 530.448913574, 841.606811523, 118.385169983, 364.131134033, -91.1038894653, -26.3304653168, -285.078430176, -146.902877808, -49.7649993896, 123.487976074, 127.067321777], [389.392669678, 20.6390552521, 858.718322754, 118.385169983, 602.687011719, 26.8464851379, 225.659927368, -101.691314697, 128.372146606, 15.8264455795, 128.619308472, 6.21062326431, 148.90184021], [-380.092071533, 576.966674805, 183.378005981, 364.131134033, 26.8464851379, 219.224395752, -46.3768882751, 6.85410165787, -141.503433228, -57.4990234375, -44.450302124, 63.4072113037, 45.6536102295], [474.946594238, -194.656295776, 296.462890625, -91.1038894653, 225.659927368, -46.3768882751, 220.001693726, 2.68307352066, 141.120788574, 73.7850036621, 115.189941406, -8.91833400726, 48.6000366211], [196.762008667, -45.9831924438, -194.769729614, -26.3304653168, -101.691314697, 6.85410165787, 2.68307352066, 123.811592102, 37.6048469543, 77.9793243408, -2.1341714859, 9.75409412384, -62.4155006409], [714.232055664, -534.709533691, 20.8645534515, -285.078430176, 128.372146606, -141.503433228, 141.120788574, 37.6048469543, 261.351013184, 137.467330933, 100.56111908, -56.0203742981, -36.9060440063], [518.915039062, -294.081420898, -74.5043182373, -146.902877808, 15.8264455795, -57.4990234375, 73.7850036621, 77.9793243408, 137.467330933, 183.235519409, 58.7856063843, -7.58586740494, -80.1133575439], [333.616119385, -137.69631958, 170.474807739, -49.7649993896, 128.619308472, -44.450302124, 115.189941406, -2.1341714859, 100.56111908, 58.7856063843, 124.624343872, 2.20842623711, 43.4234962463], [-88.3578109741, 188.28364563, 72.4952468872, 123.487976074, 6.21062326431, 63.4072113037, -8.91833400726, 9.75409412384, -56.0203742981, -7.58586740494, 2.20842623711, 76.8347244263, 30.7649059296], [-135.755554199, 192.884902954, 332.821380615, 127.067321777, 148.90184021, 45.6536102295, 48.6000366211, -62.4155006409, -36.9060440063, -80.1133575439, 43.4234962463, 30.7649059296, 170.781692505]],
        "icov": [[0.00134471233469, 0.000533154932782, -0.000451706378954, -4.05337486882e-05, 8.56882616063e-05, 1.73911485035e-05, -0.000398721516831, -0.00125634099822, -0.00157375948038, -0.000968969718087, -0.000545866612811, -0.000563548645005, 0.00039784485125], [0.000533154932782, 0.00435985019431, -0.00148886907846, -0.0044207344763, 0.00239208713174, -0.00176616606768, -0.000991380424239, -0.00105232791975, 0.000910574162845, 0.000982296071015, 5.91392526985e-05, 0.000252040452324, 0.000571558368392], [-0.000451706378954, -0.00148886907846, 0.00547157553956, -0.00120542536024, -0.00554919661954, 0.00160435924772, -0.00192991259973, 0.00318069127388, 0.00054661516333, -0.00171055248939, 0.00125711178407, -7.96473395894e-05, -0.00331225222908], [-4.05337486882e-05, -0.0044207344763, -0.00120542536024, 0.0120648480952, -0.00194762577303, -0.00620646588504, 0.00451053120196, -0.00239299447276, 0.0011632621754, 0.000830457371194, -0.00455789174885, -0.000897098972928, 0.00149369216524], [8.56882616063e-05, 0.00239208713174, -0.00554919661954, -0.00194762577303, 0.0115167917684, -0.00253668404184, -0.00242501939647, 0.00240051560104, -0.00380654935725, 0.00113878527191, 0.000781296519563, -4.93438383273e-05, 0.00135592580773], [1.73911485035e-05, -0.00176616606768, 0.00160435924772, -0.00620646588504, -0.00253668404184, 0.0210401695222, -0.00250271218829, -0.00213667191565, 0.00215147505514, -0.00312041607685, 0.00624973606318, -0.00243396218866, -0.0021311417222], [-0.000398721516831, -0.000991380424239, -0.00192991259973, 0.00451053120196, -0.00242501939647, -0.00250271218829, 0.015661040321, -0.00435399962589, -0.00090459745843, 0.000625623972155, -0.00808870978653, 0.000829787692055, -5.16471300216e-05], [-0.00125634099822, -0.00105232791975, 0.00318069127388, -0.00239299447276, 0.00240051560104, -0.00213667191565, -0.00435399962589, 0.0210102237761, -0.00396712776273, -0.00582609791309, 0.00439864350483, -0.00280368095264, -0.00103607575875], [-0.00157375948038, 0.000910574162845, 0.00054661516333, 0.0011632621754, -0.00380654935725, 0.00215147505514, -0.00090459745843, -0.00396712776273, 0.0204041488469, -0.00338088208809, -0.00461314432323, 0.00716085126624, 4.74931075587e-05], [-0.000968969718087, 0.000982296071015, -0.00171055248939, 0.000830457371194, 0.00113878527191, -0.00312041607685, 0.000625623972155, -0.00582609791309, -0.00338088208809, 0.0189157035202, -0.00576337752864, -0.0038509122096, 0.00867178849876], [-0.000545866612811, 5.91392526985e-05, 0.00125711178407, -0.00455789174885, 0.000781296519563, 0.00624973606318, -0.00808870978653, 0.00439864350483, -0.00461314432323, -0.00576337752864, 0.0240084342659, -0.0030693965964, -0.00725386478007], [-0.000563548645005, 0.000252040452324, -7.96473395894e-05, -0.000897098972928, -4.93438383273e-05, -0.00243396218866, 0.000829787692055, -0.00280368095264, 0.00716085126624, -0.0038509122096, -0.0030693965964, 0.0222469549626, -0.0039632236585], [0.00039784485125, 0.000571558368392, -0.00331225222908, 0.00149369216524, 0.00135592580773, -0.0021311417222, -5.16471300216e-05, -0.00103607575875, 4.74931075587e-05, 0.00867178849876, -0.00725386478007, -0.0039632236585, 0.0165297929198]]
    },
    "spectral_contrast_coeffs": {
        "max": [-0.435339421034, -0.528745949268, -0.571923613548, -0.694546878338, -0.693368196487, -0.516678512096],
        "mean": [-0.715675354004, -0.741419255733, -0.736467003822, -0.803252339363, -0.811965048313, -0.699150323868],
        "min": [-0.897910535336, -0.909442543983, -0.903903603554, -0.903102695942, -0.882698476315, -0.812232971191],
        "stdev": [0.111368961632, 0.0639031454921, 0.0643161460757, 0.0352222286165, 0.0288439560682, 0.0651933327317]
    },
    "spectral_contrast_valleys": {
        "max": [-5.2900967598, -5.22956418991, -5.12382221222, -5.7631649971, -6.15189266205, -8.7114944458],
        "mean": [-7.69682264328, -6.85983228683, -6.58215475082, -7.13715171814, -7.45001792908, -11.2510251999],
        "min": [-12.3783845901, -8.05519866943, -8.24990272522, -8.85548686981, -8.94679641724, -15.8606328964],
        "stdev": [1.20910906792, 0.461605936289, 0.619850277901, 0.696902453899, 0.660999655724, 1.66597938538]
    }
},
"rhythm": {
    "beats_count": 19,
    "beats_loudness": {
        "max": 0.0567731931806,
        "mean": 0.028569066897,
        "min": 0.00690318830311,
        "stdev": 0.0156552791595
    },
    "bpm": 89.1291351318,
    "bpm_histogram_first_peak_bpm": 103,
    "bpm_histogram_first_peak_weight": 0.25,
    "bpm_histogram_second_peak_bpm": 91,
    "bpm_histogram_second_peak_spread": 0.555555582047,
    "bpm_histogram_second_peak_weight": 0.222222223878,
    "danceability": 0.744471013546,
    "onset_rate": 1.01885950565,
    "beats_loudness_band_ratio": {
        "max": [0.685915410519, 0.782684385777, 0.631485342979, 0.870432913303, 0.198631897569, 0.249643579125],
        "mean": [0.202133193612, 0.221634939313, 0.285037517548, 0.241987109184, 0.0530470684171, 0.042085763067],
        "min": [0.000244197697612, 0.001675729407, 0.0315547212958, 0.0302348956466, 0.00373077159747, 0.0021359862294],
        "stdev": [0.216028064489, 0.284637510777, 0.207117125392, 0.189976632595, 0.0507518574595, 0.0587205700576]
    },
    "beats_position": [0.557278871536, 1.13777780533, 1.71827661991, 2.29877543449, 2.87927436829, 3.48299312592, 4.08671188354, 4.66721057892, 5.24770975113, 5.94430828094, 6.6176867485, 7.30267572403, 7.97605419159, 8.66104316711, 9.33442115784, 9.99619007111, 10.6579589844, 11.3197278976, 11.9814968109],
