{
"metadata": {
    "version": {
        "essentia": "2.1-beta5",
        "essentia_git_sha": "Undefined",
        "extractor": "music 2.0"
    },
    "audio_properties": {
        "analysis": {
            "equal_loudness": 0,
            "length": 21.6990470886,
            "sample_rate": 44100,
            "start_time": 175.240997314,
            "downmix": "mix"
        },
        "bit_rate": 192000,
        "length": 196.963272095,
        "lossless": 0,
        "number_channels": 2,
        "replay_gain": -5.66672897339,
        "sample_rate": 48000,
        "codec": "mp3",
        "md5_encoded": "93c3a5506c9e669a4b4aa371354f347a"
    },
    "tags": {
        "file_name": "Moldova_Stay_Anna Odobescu.mp3",
        "encoding": ["Lavf58.29.100"]
    }
},
"lowlevel": {
    "average_loudness": 0.931794583797,
    "barkbands_crest": {
        "max": 25.8076324463,
        "mean": 9.60510730743,
        "min": 3.22090125084,
        "stdev": 4.35134983063
    },
    "barkbands_flatness_db": {
        "max": 0.40959700942,
        "mean": 0.186232417822,
        "min": 0.051356907934,
        "stdev": 0.0504317097366
    },
    "barkbands_kurtosis": {
        "max": 67.4177398682,
        "mean": 1.84428989887,
        "min": -1.71814072132,
        "stdev": 4.03436470032
    },
    "barkbands_skewness": {
        "max": 7.18567419052,
        "mean": 0.868978083134,
        "min": -1.38065493107,
        "stdev": 0.847011327744
    },
    "barkbands_spread": {
        "max": 91.3096542358,
        "mean": 14.2776002884,
        "min": 1.37383425236,
        "stdev": 9.03558540344
    },
    "dissonance": {
        "max": 0.499999821186,
        "mean": 0.474748820066,
        "min": 0.326658368111,
        "stdev": 0.0279962588102
    },
    "dynamic_complexity": 2.57956671715,
    "erbbands_crest": {
        "max": 30.8536014557,
        "mean": 11.9059715271,
        "min": 2.79741549492,
        "stdev": 6.4134812355
    },
    "erbbands_flatness_db": {
        "max": 0.366365373135,
        "mean": 0.251285970211,
        "min": 0.0812216326594,
        "stdev": 0.0594561733305
    },
    "erbbands_kurtosis": {
        "max": 26.8008441925,
        "mean": 2.40048003197,
        "min": -1.28375029564,
        "stdev": 3.40631365776
    },
    "erbbands_skewness": {
        "max": 4.04013633728,
        "mean": 0.970096170902,
        "min": -1.54541563988,
        "stdev": 0.682159900665
    },
    "erbbands_spread": {
        "max": 81.4523849487,
        "mean": 17.7543907166,
        "min": 3.36407709122,
        "stdev": 9.51861953735
    },
    "hfc": {
        "max": 100.436561584,
        "mean": 29.3271179199,
        "min": 0.229280203581,
        "stdev": 17.6957817078
    },
    "loudness_ebu128": {
        "integrated": -17.5426177979,
        "loudness_range": 5.38367557526,
        "momentary": {
            "max": -14.6227989197,
            "mean": -18.1386356354,
            "min": -25.7427444458,
            "stdev": 2.53872251511
        },
        "short_term": {
            "max": -15.3956184387,
            "mean": -17.8039207458,
            "min": -23.0439968109,
            "stdev": 1.92731285095
        }
    },
    "melbands_crest": {
        "max": 35.7812957764,
        "mean": 11.3277463913,
        "min": 4.05720615387,
        "stdev": 5.23345947266
    },
    "melbands_flatness_db": {
        "max": 0.51665443182,
        "mean": 0.178323104978,
        "min": 0.0587618909776,
        "stdev": 0.0509728491306
    },
    "melbands_kurtosis": {
        "max": 110.797966003,
        "mean": 4.37841939926,
        "min": -1.48350894451,
        "stdev": 7.5031785965
    },
    "melbands_skewness": {
        "max": 8.61750411987,
        "mean": 1.30217254162,
        "min": -0.976854324341,
        "stdev": 1.06953716278
    },
    "melbands_spread": {
        "max": 164.915374756,
        "mean": 21.6382141113,
        "min": 1.09726238251,
        "stdev": 12.521238327
    },
    "pitch_salience": {
        "max": 0.876196920872,
        "mean": 0.627845644951,
        "min": 0.0870527625084,
        "stdev": 0.148101747036
    },
    "silence_rate_20dB": {
        "max": 1,
        "mean": 1,
        "min": 1,
        "stdev": 0
    },
    "silence_rate_30dB": {
        "max": 1,
        "mean": 1,
        "min": 1,
        "stdev": 0
    },
    "silence_rate_60dB": {
        "max": 1,
        "mean": 0.0309829059988,
        "min": 0,
        "stdev": 0.17327041924
    },
    "spectral_centroid": {
        "max": 3636.62109375,
        "mean": 1656.29943848,
        "min": 257.86605835,
        "stdev": 457.742034912
    },
    "spectral_complexity": {
        "max": 46,
        "mean": 24.5630340576,
        "min": 0,
        "stdev": 10.6167860031
    },
    "spectral_decrease": {
        "max": -3.23134644042e-11,
        "mean": -5.87917714512e-09,
        "min": -2.03451389069e-08,
        "stdev": 3.4547396055e-09
    },
    "spectral_energy": {
        "max": 0.0838693827391,
        "mean": 0.0248494483531,
        "min": 0.000142754899571,
        "stdev": 0.0142100425437
    },
    "spectral_energyband_high": {
        "max": 0.00897190161049,
        "mean": 0.000703286321368,
        "min": 7.39172082831e-06,
        "stdev": 0.000712206587195
    },
    "spectral_energyband_low": {
        "max": 0.0755320936441,
        "mean": 0.00302418437786,
        "min": 8.43162517583e-09,
        "stdev": 0.00739105418324
    },
    "spectral_energyband_middle_high": {
        "max": 0.0702603980899,
        "mean": 0.0153904147446,
        "min": 9.68797976384e-05,
        "stdev": 0.0112760690972
    },
    "spectral_energyband_middle_low": {
        "max": 0.0382974743843,
        "mean": 0.00664321519434,
        "min": 3.9032100176e-05,
        "stdev": 0.00642246427014
    },
    "spectral_entropy": {
        "max": 8.70261192322,
        "mean": 7.65333890915,
        "min": 6.66826486588,
        "stdev": 0.289666324854
    },
    "spectral_flux": {
        "max": 0.207852736115,
        "mean": 0.0893198549747,
        "min": 0.0150583731011,
        "stdev": 0.0353057570755
    },
    "spectral_kurtosis": {
        "max": 14.2572422028,
        "mean": 4.41344547272,
        "min": -0.597747087479,
        "stdev": 1.92364168167
    },
    "spectral_rms": {
        "max": 0.00904565025121,
        "mean": 0.00469561293721,
        "min": 0.000373193062842,
        "stdev": 0.00148140348028
    },
    "spectral_rolloff": {
        "max": 9905.2734375,
        "mean": 1755.39318848,
        "min": 64.599609375,
        "stdev": 901.713562012
    },
    "spectral_skewness": {
        "max": 2.62865233421,
        "mean": 1.52839851379,
        "min": 0.360628902912,
        "stdev": 0.260538995266
    },
    "spectral_spread": {
        "max": 10924189,
        "mean": 3635350.5,
        "min": 2059850.5,
        "stdev": 1186633.875
    },
    "spectral_strongpeak": {
        "max": 7.91108512878,
        "mean": 1.94848585129,
        "min": 0.00806437712163,
        "stdev": 1.57678592205
    },
    "zerocrossingrate": {
        "max": 0.298828125,
        "mean": 0.0698137879372,
        "min": 0.00537109375,
        "stdev": 0.0257026236504
    },
    "barkbands": {
        "max": [0.00470820674673, 0.0593861490488, 0.0238286443055, 0.0049116415903, 0.0274653043598, 0.005430621095, 0.00674928724766, 0.0211655683815, 0.0304974429309, 0.039999447763, 0.0369035340846, 0.0396767482162, 0.0214363168925, 0.0107797961682, 0.00881656259298, 0.00460058171302, 0.0095919733867, 0.00435975659639, 0.00649633351713, 0.00191525521223, 0.00121228653006, 0.00121129432227, 0.00280583021231, 0.00279714935459, 0.00434092711657, 0.000608284899499, 8.67894559633e-05],
        "mean": [7.62364215916e-05, 0.00250059831887, 0.000378557306249, 0.000203956835321, 0.000431278574979, 0.000371172500309, 0.00021712295711, 0.00070368143497, 0.00326115172356, 0.00395373161882, 0.00283206859604, 0.00273553561419, 0.00229200487956, 0.00126673153136, 0.000884408247657, 0.000392362417188, 0.000519730325323, 0.000572025193833, 0.000430394720752, 0.000253581849393, 0.000162696058396, 0.000146614867845, 0.000133732333779, 6.75406263326e-05, 4.55580011476e-05, 1.5933836039e-05, 1.03742934243e-06],
        "min": [1.08095810081e-10, 7.8814627047e-10, 3.84683063182e-10, 9.15827946812e-09, 5.46139006019e-07, 5.12278006681e-07, 1.48765775521e-06, 2.02642695513e-06, 1.17941544886e-05, 1.66944355442e-05, 4.4132630137e-06, 9.82032270258e-06, 1.1454199921e-05, 2.21327604777e-06, 9.4986962722e-06, 4.35689435108e-06, 3.74365708922e-06, 2.19463959183e-06, 4.40848134531e-06, 2.33928381022e-06, 2.50379184763e-06, 7.28788052129e-07, 3.30718421537e-08, 1.15359152786e-10, 2.14332007004e-11, 3.68229544079e-11, 4.31648189414e-11],
        "stdev": [0.000359595462214, 0.00633924594149, 0.00139937060885, 0.000571582582779, 0.0014827081468, 0.000721320044249, 0.000448820937891, 0.00157858582679, 0.00415613595396, 0.00536849023774, 0.00368689326569, 0.00465843267739, 0.0028480112087, 0.00141027243808, 0.000923416169826, 0.000533538113814, 0.000643137318548, 0.000614093674812, 0.000472043378977, 0.000256084254943, 0.000141201744555, 0.000134765519761, 0.000156558715389, 0.000171926702023, 0.000226794800255, 5.23539856658e-05, 5.60433090868e-06]
    },
    "erbbands": {
        "max": [2.01152133942, 16.5835895538, 30.3147354126, 12.2424869537, 77.7424697876, 88.7780380249, 42.2087211609, 63.1651153564, 44.5340690613, 243.816894531, 463.409484863, 933.119567871, 969.85723877, 1004.20465088, 1337.62890625, 1577.83215332, 1118.44519043, 526.539611816, 400.981628418, 437.688903809, 292.722686768, 506.469238281, 235.720321655, 445.096862793, 85.3297195435, 108.776550293, 37.6590042114, 63.6739616394, 49.7333259583, 35.5933380127, 88.6163711548, 55.755569458, 90.7878494263, 66.8203201294, 6.67837619781, 2.91958642006, 1.23090982437, 0.120428696275, 0.0211289785802, 0.0010262017604],
        "mean": [0.0707646906376, 0.545186936855, 0.649759292603, 0.48686504364, 1.25148200989, 1.33009123802, 1.78669285774, 3.52684378624, 3.08152294159, 7.13343286514, 24.2542037964, 76.1403198242, 116.495346069, 113.189842224, 118.070747375, 119.264297485, 114.585525513, 70.2321777344, 58.9459648132, 29.6696109772, 24.1198539734, 29.5322113037, 31.2470741272, 27.0143680573, 17.819442749, 12.6246213913, 7.5920290947, 6.09056472778, 5.3573718071, 5.04360580444, 3.3092045784, 1.70571362972, 1.07316446304, 0.630175292492, 0.21705429256, 0.0801727920771, 0.030046204105, 0.00345745775849, 0.000214306332055, 3.85593120882e-05],
        "min": [1.16702487674e-07, 6.77317927966e-07, 3.37532151207e-06, 9.5737974334e-05, 0.000797118234914, 0.00180755148176, 0.00176607002504, 0.00653741369024, 0.0568593628705, 0.0855185166001, 0.195384606719, 0.28069666028, 0.394294977188, 0.497963607311, 0.323977857828, 0.683707356453, 0.534487068653, 0.202744781971, 0.829323887825, 0.343623250723, 0.266923815012, 0.318961262703, 0.165208652616, 0.116665937006, 0.252633064985, 0.125228047371, 0.131991997361, 0.0671548247337, 0.0302730035037, 0.00711822509766, 0.000558039464522, 7.76003871579e-05, 2.95851368719e-05, 1.06849211079e-05, 4.43610451839e-06, 2.1174594167e-06, 9.90333887785e-07, 2.78037248336e-07, 8.7275259375e-07, 5.55146584702e-07],
        "stdev": [0.21331423521, 1.41645729542, 2.15083503723, 1.19979691505, 5.13899517059, 4.22867155075, 4.21374177933, 6.77688407898, 5.32388830185, 20.2982845306, 39.6100463867, 104.105033875, 163.140228271, 136.281555176, 141.438232422, 198.948822021, 143.485595703, 70.2027435303, 55.697719574, 32.570980072, 32.3206977844, 35.8917503357, 35.7305984497, 31.6967353821, 14.8445177078, 13.2210378647, 6.18863010406, 5.95875740051, 5.18083190918, 4.85092020035, 4.24911165237, 3.20688843727, 4.3943810463, 3.47343635559, 0.577795088291, 0.24589163065, 0.102304816246, 0.0119563890621, 0.00117963564117, 5.11456310051e-05]
    },
    "gfcc": {
        "mean": [-27.8258705139, 48.632938385, -204.231811523, -4.72620725632, -83.4797363281, 20.0574569702, -25.6867408752, 5.4845085144, -25.1604175568, -9.25477218628, -12.2148647308, -6.82435321808, -10.0030193329],
        "cov": [[2596.93920898, -822.326660156, 1245.48657227, 138.32585144, 12.1708803177, 418.393554688, -175.495620728, 369.140716553, -183.824264526, 244.617782593, -168.090438843, 269.974639893, -257.262420654], [-822.326660156, 3226.0065918, 2367.30273438, 1297.42919922, 1069.64685059, 317.641601562, 752.553588867, -44.2156829834, 373.203613281, 128.738342285, 524.927612305, 235.447021484, 213.042648315], [1245.48657227, 2367.30273438, 3918.17382812, 1530.77502441, 1220.04504395, 686.958007812, 453.98223877, 269.111724854, 95.6435699463, 475.037719727, 318.065612793, 594.907470703, -80.9417648315], [138.32585144, 1297.42919922, 1530.77502441, 840.703125, 596.67980957, 283.91506958, 278.901733398, 31.1791419983, 126.16633606, 161.321670532, 225.047058105, 205.929168701, 13.0723390579], [12.1708803177, 1069.64685059, 1220.04504395, 596.67980957, 570.436645508, 222.435073853, 288.564147949, 19.90092659, 88.6100540161, 153.258773804, 174.71144104, 186.702255249, -10.7942867279], [418.393554688, 317.641601562, 686.958007812, 283.91506958, 222.435073853, 278.344970703, 140.709213257, 101.110061646, 9.89286231995, 90.0015640259, 80.7947463989, 102.386497498, -35.9262313843], [-175.495620728, 752.553588867, 453.98223877, 278.901733398, 288.564147949, 140.709213257, 381.059661865, 15.3045043945, 159.091079712, 32.4524269104, 158.084457397, 52.0277786255, 13.1719007492], [369.140716553, -44.2156829834, 269.111724854, 31.1791419983, 19.90092659, 101.110061646, 15.3045043945, 173.762954712, 11.6010417938, 38.2342262268, -39.315120697, 22.5751037598, -20.8358573914], [-183.824264526, 373.203613281, 95.6435699463, 126.16633606, 88.6100540161, 9.89286231995, 159.091079712, 11.6010417938, 164.528625488, 2.13718914986, 75.9991378784, -13.3236341476, 32.157623291], [244.617782593, 128.738342285, 475.037719727, 161.321670532, 153.258773804, 90.0015640259, 32.4524269104, 38.2342262268, 2.13718914986, 173.91746521, 56.2491722107, 128.043685913, -70.255531311], [-168.090438843, 524.927612305, 318.065612793, 225.047058105, 174.71144104, 80.7947463989, 158.084457397, -39.315120697, 75.9991378784, 56.2491722107, 190.069107056, 70.5580596924, 31.9939155579], [269.974639893, 235.447021484, 594.907470703, 205.929168701, 186.702255249, 102.386497498, 52.0277786255, 22.5751037598, -13.3236341476, 128.043685913, 70.5580596924, 177.578781128, -40.2701072693], [-257.262420654, 213.042648315, -80.9417648315, 13.0723390579, -10.7942867279, -35.9262313843, 13.1719007492, -20.8358573914, 32.157623291, -70.255531311, 31.9939155579, -40.2701072693, 119.551437378]],
        "icov": [[0.00171552354004, 0.00130763323978, -0.00152049888857, 1.75522764039e-05, 0.00143609615043, -0.00102936348412, -0.000386907951906, -0.000575976853725, -0.000539062428288, 0.000918726669624, -0.000261870824033, -0.000438321236288, 0.000699951546267], [0.00130763323978, 0.00506055168808, -0.00364047312178, -0.00045789880096, -0.00102217274252, 0.00280910218135, -0.00327497627586, 0.000654209521599, -0.000910142145585, 0.00187321018893, -0.00468680914491, 0.0040246527642, -0.00343650765717], [-0.00152049888857, -0.00364047312178, 0.00512920413166, -0.00236708414741, -0.00135952408891, -0.00161048211157, 0.00223986129276, -0.00224887719378, 0.00165855244268, -0.00191167299636, 0.00413724221289, -0.00516172591597, 0.00128609291278], [1.75522764039e-05, -0.00045789880096, -0.00236708414741, 0.01014171727, -0.00501144723967, -0.00351649476215, 0.00433419737965, 0.00306464452296, -0.00558832427487, 0.00217681471258, -0.00280852755532, 0.00169365189504, 0.000794059073087], [0.00143609615043, -0.00102217274252, -0.00135952408891, -0.00501144723967, 0.0151915643364, -0.0012927071657, -0.00584198581055, 0.00138055789284, 0.00353237823583, -0.00412163510919, 0.00462288176641, -0.0025388028007, 0.000942202692386], [-0.00102936348412, 0.00280910218135, -0.00161048211157, -0.00351649476215, -0.0012927071657, 0.0152856605127, -0.00630936538801, -0.00519899930805, 0.00639531388879, 0.000649078458082, -0.00731386011466, 0.00497706327587, -0.00136601785198], [-0.000386907951906, -0.00327497627586, 0.00223986129276, 0.00433419737965, -0.00584198581055, -0.00630936538801, 0.0138353407383, -0.000697757408489, -0.00832429435104, 0.00460681226104, -0.00141292344779, -0.00380423851311, 0.00601963931695], [-0.000575976853725, 0.000654209521599, -0.00224887719378, 0.00306464452296, 0.00138055789284, -0.00519899930805, -0.000697757408489, 0.0142812849954, -0.00509413145483, -0.00327110686339, 0.00481103174388, 0.00309665664099, -0.00393124343827], [-0.000539062428288, -0.000910142145585, 0.00165855244268, -0.00558832427487, 0.00353237823583, 0.00639531388879, -0.00832429435104, -0.00509413145483, 0.0181647296995, -0.00487425550818, -0.00103398680221, 0.00351010053419, -0.00182542426046], [0.000918726669624, 0.00187321018893, -0.00191167299636, 0.00217681471258, -0.00412163510919, 0.000649078458082, 0.00460681226104, -0.00327110686339, -0.00487425550818, 0.0212440919131, -0.00786974653602, -0.00743463123217, 0.00924900639802], [-0.000261870824033, -0.00468680914491, 0.00413724221289, -0.00280852755532, 0.00462288176641, -0.00731386011466, -0.00141292344779, 0.00481103174388, -0.00103398680221, -0.00786974653602, 0.021834993735, -0.00858483277261, -0.00297141796909], [-0.000438321236288, 0.0040246527642, -0.00516172591597, 0.00169365189504, -0.0025388028007, 0.00497706327587, -0.00380423851311, 0.00309665664099, 0.00351010053419, -0.00743463123217, -0.00858483277261, 0.0248928908259, -0.004200627096], [0.000699951546267, -0.00343650765717, 0.00128609291278, 0.000794059073087, 0.000942202692386, -0.00136601785198, 0.00601963931695, -0.00393124343827, -0.00182542426046, 0.00924900639802, -0.00297141796909, -0.004200627096, 0.0204113703221]]
    },
    "melbands": {
        "max": [0.0178694091737, 0.0184375680983, 0.00340950512327, 0.00671473285183, 0.00142560654785, 0.00122939841822, 0.000610290677287, 0.0028172954917, 0.00316920457408, 0.00525890477002, 0.00501210708171, 0.00433066533878, 0.00557750137523, 0.00437236391008, 0.00281534786336, 0.00152553501539, 0.000950017070863, 0.000789885991253, 0.000732189510018, 0.000235848056036, 0.000402688398026, 0.000438534247223, 0.000548908079509, 0.000174678876647, 0.000434053537901, 0.000110489236249, 5.71086493437e-05, 7.97844404588e-05, 2.70394612016e-05, 2.9307724617e-05, 3.42882121913e-05, 3.00328701996e-05, 2.48798260145e-05, 1.90263781406e-05, 4.25246507803e-05, 6.22295556241e-05, 3.20179206028e-05, 5.58673673368e-05, 0.000100265955552, 4.40451149188e-05],
        "mean": [0.000670900684781, 0.000468895479571, 0.000112087538582, 9.30411479203e-05, 6.49429857731e-05, 7.65426593716e-05, 4.56164380012e-05, 9.03957843548e-05, 0.000242296475335, 0.000495315995067, 0.000585463363677, 0.000457733083749, 0.000388514890801, 0.000321081373841, 0.000293216668069, 0.00019919211627, 0.000124721496832, 9.86363229458e-05, 5.67305032746e-05, 2.6920271921e-05, 2.9193390219e-05, 3.05522626149e-05, 3.00514584524e-05, 2.58760192082e-05, 2.16692642425e-05, 1.50866890181e-05, 9.45741885516e-06, 8.12185589893e-06, 5.01103795614e-06, 3.76525804313e-06, 3.43953820447e-06, 3.0595303997e-06, 2.727015044e-06, 2.96142229672e-06, 2.05155333788e-06, 1.31360127398e-06, 9.30270289246e-07, 7.2870443546e-07, 7.56617055231e-07, 4.45720786502e-07],
        "min": [2.30807678525e-10, 5.94813698296e-10, 1.16600586964e-08, 6.91383092999e-08, 6.82194496449e-08, 1.18802176985e-07, 6.54343182305e-07, 8.7935859483e-07, 9.97792881208e-07, 1.59861895099e-06, 2.00350996238e-06, 2.1131847916e-06, 7.59615602419e-07, 1.03261072582e-06, 1.49781726577e-06, 9.87515932138e-07, 2.39628548115e-07, 1.14887382097e-06, 6.16765760242e-07, 2.23925596288e-07, 1.5609398929e-07, 2.15105004031e-07, 1.68256136135e-07, 1.12723839152e-07, 7.96890802235e-08, 1.90840680148e-07, 1.20763573364e-07, 7.032360827e-08, 6.35841672647e-08, 3.89847976123e-08, 2.76612119876e-08, 1.51507926205e-08, 8.5743172562e-09, 1.87948145935e-09, 2.17056234098e-10, 1.40955320332e-11, 2.51591867999e-12, 4.14518544272e-13, 2.75746981672e-13, 1.97984342679e-13],
        "stdev": [0.00178055569995, 0.00130487466231, 0.000311888667056, 0.00034790058271, 0.000145887344843, 0.000144181336509, 7.90483609308e-05, 0.000255824212218, 0.000383983046049, 0.000653499329928, 0.00083740404807, 0.000578376406338, 0.000502344162669, 0.000505820498802, 0.000380370678613, 0.000207174452953, 0.000141782176797, 9.72279231064e-05, 6.51357622701e-05, 3.01989675791e-05, 4.40072253696e-05, 3.79035591322e-05, 3.81765712518e-05, 2.84424768324e-05, 2.89236213575e-05, 1.43629167724e-05, 8.54255904414e-06, 9.40329846344e-06, 4.20305423177e-06, 3.65517280443e-06, 3.6270473629e-06, 3.18163688462e-06, 2.61222817244e-06, 3.30138868776e-06, 2.44644229497e-06, 2.48705896411e-06, 1.95377333512e-06, 2.63966467173e-06, 4.94331607115e-06, 2.22486323764e-06]
    },
    "melbands128": {
        "max": [0.00453818775713, 0.0197508446872, 0.0307413954288, 0.0347572788596, 0.0227466020733, 0.00862580072135, 0.00292491354048, 0.00354699743912, 0.00903385318816, 0.00839546974748, 0.00463225273415, 0.00182785431389, 0.00186261173803, 0.0022879363969, 0.00233950605616, 0.0013557036873, 0.00102737010457, 0.000899848819245, 0.00147141423076, 0.00423500267789, 0.00430516432971, 0.00776943564415, 0.00532193575054, 0.00689548440278, 0.0118376482278, 0.0077775218524, 0.00831824727356, 0.00970130600035, 0.0120829148218, 0.00967706460506, 0.00497240712866, 0.0057836943306, 0.00994564034045, 0.00531289167702, 0.00641549099237, 0.00832103099674, 0.00771804526448, 0.00327220442705, 0.00578912580386, 0.00322821293958, 0.00138457061257, 0.00234450469725, 0.00146915088408, 0.001519927755, 0.00239383778535, 0.00111707428005, 0.00159715418704, 0.000891896546818, 0.00146218982991, 0.00055133108981, 0.000302832544548, 0.000520959671121, 0.000675220042467, 0.000707732222509, 0.000532618665602, 0.000523786759004, 0.000899756967556, 0.00112831732258, 0.000639507430606, 0.000414979964262, 0.000309412542265, 0.000344504456734, 0.00022963777883, 0.000931786489673, 0.000357885146514, 0.000143007899169, 0.000172492495039, 9.76142473519e-05, 0.000127885854454, 0.000113471171062, 0.000123104735394, 0.00016063520161, 3.73805669369e-05, 3.04526365653e-05, 3.51579765265e-05, 3.27489142364e-05, 4.64983640995e-05, 7.74377695052e-05, 6.65530678816e-05, 4.07111547247e-05, 6.83334437781e-05, 3.89572269341e-05, 6.30337308394e-05, 2.35618608713e-05, 2.13662715396e-05, 1.82332114491e-05, 3.63429826393e-05, 3.19985338137e-05, 2.42541373154e-05, 5.89060364291e-05, 0.000120033691928, 2.70938562608e-05, 4.03957164963e-05, 3.72471549781e-05, 3.8111822505e-05, 4.22691882704e-05, 9.21094906516e-05, 4.00347853429e-05, 0.000152284948854, 0.000176993868081, 7.78007961344e-05, 3.12681149808e-05, 1.33261310111e-05, 7.50937942939e-06, 9.02568444872e-06, 8.37175593915e-06, 5.91593197896e-06, 6.21614572083e-06, 5.35845674676e-06, 6.24551466899e-06, 1.33188532345e-05, 9.51735728449e-06, 4.41488009528e-06, 3.02453395307e-06, 2.38152006204e-06, 1.89876629975e-06, 1.01896455362e-06, 9.10852577363e-07, 4.3224770252e-07, 5.66314270145e-07, 1.23562904264e-06, 1.12960640308e-06, 6.03706723723e-07, 9.47345668578e-09, 1.32951727405e-09, 1.30693877942e-09, 1.28419541667e-09, 1.27347987711e-09],
        "mean": [7.25912759663e-05, 0.000515297229867, 0.000959251308814, 0.000909415655769, 0.000455506524304, 0.000149076309754, 7.74885484134e-05, 0.000119057585835, 0.000141433396493, 8.53782403283e-05, 6.83539692545e-05, 6.95226699463e-05, 4.7413748689e-05, 8.01732312539e-05, 9.54407660174e-05, 6.56191332382e-05, 4.95371568832e-05, 4.23237688665e-05, 3.66860367649e-05, 7.39900715416e-05, 0.000118209631182, 0.000136381873745, 0.000204674506676, 0.000406163046136, 0.000530300370883, 0.000517560460139, 0.000472679646919, 0.000703817291651, 0.000539999164175, 0.000513188133482, 0.000407977786381, 0.000388849002775, 0.000378678669222, 0.000432281085523, 0.00028421235038, 0.000284449604806, 0.000394210539525, 0.000198772497242, 0.000358408840839, 0.000264141795924, 0.000147727449075, 0.000121254015539, 0.000128989704535, 0.000129184380057, 9.88748142845e-05, 9.92190980469e-05, 9.23175684875e-05, 5.96426943957e-05, 4.20695359935e-05, 3.18976235576e-05, 2.36237519857e-05, 2.31048852584e-05, 2.6593774237e-05, 3.2223881135e-05, 3.39165235346e-05, 2.91914930131e-05, 2.91287051368e-05, 3.00177835015e-05, 3.03923970932e-05, 3.08704184135e-05, 2.36445266637e-05, 2.39655182668e-05, 2.51049841609e-05, 2.13691073441e-05, 1.67364014487e-05, 1.47269593072e-05, 1.54106892296e-05, 8.53682922752e-06, 8.56152200868e-06, 9.47761418502e-06, 8.5572264652e-06, 7.76611432229e-06, 5.45632065041e-06, 4.79199798065e-06, 3.85468320019e-06, 3.8343482629e-06, 3.76902471544e-06, 3.34984679284e-06, 3.59677846973e-06, 3.2740106235e-06, 3.07031450575e-06, 3.06092192659e-06, 2.7758435408e-06, 2.7993396543e-06, 2.64396908278e-06, 2.39734049501e-06, 3.983032002e-06, 2.29069178204e-06, 1.99333567252e-06, 1.66907648236e-06, 1.5433504359e-06, 1.14942577056e-06, 1.03772254079e-06, 9.84302459983e-07, 8.31788838696e-07, 7.44566534649e-07, 7.38658059163e-07, 6.5642024083e-07, 7.70909480252e-07, 8.73209046404e-07, 4.9989313311e-07, 3.87388865875e-07, 3.46256911143e-07, 2.62327034761e-07, 2.35249899561e-07, 2.15004050119e-07, 1.65944427977e-07, 1.34055824219e-07, 1.30264169229e-07, 1.18188552278e-07, 1.35963574621e-07, 1.25977237531e-07, 9.52565031298e-08, 7.3300419956e-08, 4.50134933772e-08, 3.08504937152e-08, 1.66472915453e-08, 9.95000792869e-09, 3.86968102006e-09, 3.34110006328e-09, 4.77121631093e-09, 5.08191311255e-09, 1.81041037717e-09, 4.73782124644e-11, 5.22475639142e-12, 5.04470293664e-12, 4.92751889639e-12, 4.88749665739e-12],
        "min": [1.11864311217e-11, 5.80701875474e-11, 9.65136651154e-11, 7.33794136565e-11, 9.29602783639e-11, 2.56517890262e-10, 1.44233347488e-09, 4.66696770118e-09, 1.94758165151e-08, 2.96166611236e-08, 2.36708572743e-08, 5.57104762322e-08, 6.15519297753e-08, 1.68822058555e-08, 4.25594208764e-08, 3.99581665533e-08, 1.03480140012e-07, 8.15796639131e-08, 2.86117909809e-07, 1.34254122486e-07, 1.0785475979e-07, 1.31855898644e-07, 2.42933424488e-07, 7.49541300138e-07, 1.3489121784e-06, 1.06620041151e-06, 9.40260804327e-07, 2.39038371319e-07, 2.63689594249e-06, 7.53869983328e-07, 6.62556999487e-07, 1.2161611096e-07, 2.67280796606e-07, 2.89722180469e-07, 3.1507750009e-07, 1.22430691363e-07, 4.52755443803e-07, 4.1914125859e-07, 7.71643385633e-07, 9.43618374549e-07, 6.03849059644e-07, 3.47019522451e-07, 1.39069669558e-07, 1.25994660038e-07, 2.35797543269e-07, 5.45524699191e-07, 3.8709549699e-07, 6.57964065454e-08, 7.38644274634e-08, 5.88852806516e-08, 1.00918576607e-07, 1.58645420356e-07, 6.27232594752e-08, 4.05704447815e-08, 5.49172831654e-08, 8.21103824933e-08, 4.64787319743e-08, 1.65203658753e-07, 5.52985852664e-08, 5.76002321395e-08, 4.17542196374e-08, 2.94570039472e-08, 7.12399668146e-08, 8.73812453506e-08, 8.42867748929e-08, 1.24160976611e-07, 1.04490247566e-07, 5.60433015551e-08, 2.84587660104e-08, 6.06453980367e-08, 3.72387845005e-08, 1.12179323608e-08, 3.36198873185e-08, 4.04745321703e-08, 4.5985313335e-08, 2.51050273903e-08, 1.48192791372e-08, 6.32647978449e-09, 1.94481994953e-08, 1.57935247103e-08, 4.45564873885e-09, 7.39949612694e-09, 9.25351262282e-09, 3.12224002208e-09, 3.96235133593e-09, 1.94777305396e-09, 1.30791621977e-09, 6.64709731701e-10, 1.4797085432e-11, 1.49256232373e-11, 1.47511950571e-11, 7.81233498032e-12, 3.69169885633e-12, 2.83193152088e-12, 5.98634314862e-13, 3.07757833974e-13, 3.37873256933e-13, 3.12590394107e-13, 2.35550267442e-13, 2.1667849535e-13, 1.60438353683e-13, 2.45492347154e-13, 1.44174182684e-13, 1.33514062978e-13, 1.47363390479e-13, 1.58444546546e-13, 1.62055061753e-13, 1.61360521841e-13, 2.0640784817e-13, 1.59431346705e-13, 1.49513038126e-13, 1.83335321208e-13, 1.21225769765e-13, 1.6148975874e-13, 1.41345973554e-13, 1.39374026643e-13, 1.26025153312e-13, 1.58909953881e-13, 1.32252742828e-13, 1.52482207091e-13, 1.26066176812e-13, 1.10132870434e-13, 1.60780026445e-13, 1.48098113634e-13, 1.27544594894e-13, 4.18669209002e-14, 5.80097586652e-15, 1.09408049571e-16],
        "stdev": [0.000347217981471, 0.00183828489389, 0.0026536884252, 0.00247209658846, 0.00151240965351, 0.000533564132638, 0.000212955332245, 0.00037417121348, 0.000648030836601, 0.000401734025218, 0.000218067943933, 0.000178809757927, 0.000146389866131, 0.00019709787739, 0.000213655599509, 0.000151409971295, 0.000117900934129, 9.70212713582e-05, 0.000100962875877, 0.000301880936604, 0.00039193656994, 0.000451062456705, 0.000383845705073, 0.000827892217785, 0.00103019550443, 0.000822240661364, 0.000752732565161, 0.00133938901126, 0.00097104802262, 0.000866913527716, 0.000590568757616, 0.000671246321872, 0.000662488222588, 0.000604333297815, 0.000618275196757, 0.000681275385432, 0.000977498828433, 0.000328672089381, 0.000724473968148, 0.000451849744422, 0.000176558489329, 0.000166500773048, 0.000183809606824, 0.000170020924998, 0.000150703708641, 0.000121466851851, 0.000123519770568, 9.06181812752e-05, 7.13621047908e-05, 4.66781020805e-05, 3.15684701491e-05, 4.35877227574e-05, 5.75365120312e-05, 6.35060860077e-05, 4.92861945531e-05, 4.38789029431e-05, 4.94733758387e-05, 5.064697325e-05, 4.61011877633e-05, 4.65810917376e-05, 3.50270056515e-05, 3.13163291139e-05, 2.62562389253e-05, 5.43806709175e-05, 3.06684378302e-05, 1.54528206622e-05, 1.90329228644e-05, 9.81039465842e-06, 1.06717752715e-05, 1.20339154819e-05, 1.34168967634e-05, 1.14784561447e-05, 5.48574280401e-06, 4.59117745777e-06, 4.06869912695e-06, 4.08821006204e-06, 4.7416315283e-06, 4.47651746072e-06, 4.74017679153e-06, 3.67413827007e-06, 4.17029423261e-06, 3.63251842828e-06, 3.7576721752e-06, 3.05798903355e-06, 2.86331078314e-06, 2.66174515673e-06, 6.31825105302e-06, 3.36236894327e-06, 2.42194300881e-06, 2.76116543318e-06, 4.23640813096e-06, 1.7917476498e-06, 1.94081462723e-06, 2.22722633225e-06, 2.10681378121e-06, 2.48827382165e-06, 3.73448301616e-06, 1.95606980924e-06, 5.69374287807e-06, 7.52531013859e-06, 3.09370966534e-06, 1.62895105404e-06, 1.01259468011e-06, 6.59552142679e-07, 6.21305559889e-07, 6.04594674769e-07, 4.92204605962e-07, 4.48732834002e-07, 4.28678333719e-07, 4.3079538159e-07, 6.52640153476e-07, 5.37400637768e-07, 3.12397446578e-07, 2.42115731908e-07, 1.69088792745e-07, 1.2943817751e-07, 7.821076764e-08, 5.95420353022e-08, 2.81062302321e-08, 3.15128012573e-08, 5.3978748582e-08, 5.46798766266e-08, 2.47966873701e-08, 5.14172926458e-10, 4.39695328758e-11, 4.32293333075e-11, 4.2489605584e-11, 4.21381853022e-11]
    },
    "mfcc": {
        "mean": [-642.138671875, 80.9736633301, -65.2132339478, -24.321439743, -34.9223747253, -2.12754631042, -1.18324017525, 10.0128087997, -7.53880167007, 2.54950237274, -0.477293908596, -8.27001667023, -8.60288906097],
        "cov": [[2127.69555664, -1260.59509277, 67.1998214722, -571.218139648, -76.6423492432, -261.299316406, -97.4369659424, 11.6474981308, 46.3081092834, -58.8428421021, -68.2833480835, 70.919708252, -38.8937911987], [-1260.59509277, 2323.14672852, 1638.81469727, 1298.36938477, 717.208374023, 705.215515137, 522.583496094, 352.492126465, 83.3022918701, 245.872360229, 234.371322632, 69.0632400513, 257.39050293], [67.1998214722, 1638.81469727, 2510.02612305, 1286.14611816, 1068.33874512, 721.244506836, 574.43963623, 386.406951904, 94.3090438843, 213.500946045, 246.188018799, 144.086898804, 330.642333984], [-571.218139648, 1298.36938477, 1286.14611816, 1019.83154297, 611.073181152, 544.007263184, 330.025146484, 222.338256836, 17.7669143677, 158.796096802, 170.471679688, 78.9697799683, 235.606872559], [-76.6423492432, 717.208374023, 1068.33874512, 611.073181152, 562.347045898, 327.048919678, 254.476623535, 141.718231201, 41.2244186401, 80.6925964355, 96.4159164429, 49.7906837463, 132.029602051], [-261.299316406, 705.215515137, 721.244506836, 544.007263184, 327.048919678, 412.198852539, 246.501205444, 170.842102051, -13.4341535568, 111.059669495, 118.414520264, 57.6038322449, 153.601287842], [-97.4369659424, 522.583496094, 574.43963623, 330.025146484, 254.476623535, 246.501205444, 267.524017334, 158.775405884, 39.444229126, 78.8995895386, 87.3092422485, 42.9249534607, 98.5516662598], [11.6474981308, 352.492126465, 386.406951904, 222.338256836, 141.718231201, 170.842102051, 158.775405884, 186.402191162, 58.9235725403, 91.0232696533, 68.8642730713, 48.0708656311, 65.1390838623], [46.3081092834, 83.3022918701, 94.3090438843, 17.7669143677, 41.2244186401, -13.4341535568, 39.444229126, 58.9235725403, 138.882843018, 37.3228149414, 13.9612569809, 21.4464302063, -25.692987442], [-58.8428421021, 245.872360229, 213.500946045, 158.796096802, 80.6925964355, 111.059669495, 78.8995895386, 91.0232696533, 37.3228149414, 117.59589386, 68.948890686, 39.6167602539, 49.2463951111], [-68.2833480835, 234.371322632, 246.188018799, 170.471679688, 96.4159164429, 118.414520264, 87.3092422485, 68.8642730713, 13.9612569809, 68.948890686, 101.12928772, 44.4517707825, 72.7213973999], [70.919708252, 69.0632400513, 144.086898804, 78.9697799683, 49.7906837463, 57.6038322449, 42.9249534607, 48.0708656311, 21.4464302063, 39.6167602539, 44.4517707825, 81.4638519287, 48.1049156189], [-38.8937911987, 257.39050293, 330.642333984, 235.606872559, 132.029602051, 153.601287842, 98.5516662598, 65.1390838623, -25.692987442, 49.2463951111, 72.7213973999, 48.1049156189, 153.071121216]],
        "icov": [[0.00175738090184, 0.00151650654152, -0.00156878959388, 0.000930031295866, 0.000507317541633, 0.000201376387849, 7.43563941796e-05, -0.00123737915419, -0.000115429684229, -0.000392025162, 0.000858029758092, -0.000726773345377, -0.000379765871912], [0.00151650654152, 0.00349210062996, -0.00171443773434, -0.00259819161147, 0.00232713343576, 0.000907929148525, -0.00215417938307, -0.000810421130154, -0.000479095469927, -0.00100285152439, 0.000459785107523, 0.000688023224939, 0.000836794439238], [-0.00156878959388, -0.00171443773434, 0.00430274009705, -0.000878619088326, -0.00491597643122, 0.000244537252001, -0.000151606000145, -0.000730950501747, 0.000337661302183, 0.000870853837114, -0.00115310994443, -5.98777696723e-05, -0.000710928405169], [0.000930031295866, -0.00259819161147, -0.000878619088326, 0.0118044717237, -0.0054593863897, -0.00636640377343, 0.00573983881623, -0.000530573830474, -0.000646641710773, -0.000203403775231, 0.000507710850798, -0.00101172470022, -0.0040050316602], [0.000507317541633, 0.00232713343576, -0.00491597643122, -0.0054593863897, 0.0141725260764, 0.000506405020133, -0.00459229806438, 0.00391600746661, -0.00182343716733, -7.28317099856e-05, 0.00135678821243, 0.000912045303266, 0.00258154608309], [0.000201376387849, 0.000907929148525, 0.000244537252001, -0.00636640377343, 0.000506405020133, 0.0147502273321, -0.0062037720345, -0.00351542397402, 0.00537900673226, -0.00197554379702, -0.00122409267351, -0.000599929713644, 0.000355989555828], [7.43563941796e-05, -0.00215417938307, -0.000151606000145, 0.00573983881623, -0.00459229806438, -0.0062037720345, 0.0160159431398, -0.00620828522369, -0.00168186286464, 0.00293987849727, -0.00241682375781, 0.000797915796284, -0.00268012261949], [-0.00123737915419, -0.000810421130154, -0.000730950501747, -0.000530573830474, 0.00391600746661, -0.00351542397402, -0.00620828522369, 0.0183575581759, -0.00446457322687, -0.00560462335125, 0.00157151010353, -0.00111105595715, 0.00043515409925], [-0.000115429684229, -0.000479095469927, 0.000337661302183, -0.000646641710773, -0.00182343716733, 0.00537900673226, -0.00168186286464, -0.00446457322687, 0.012866338715, -0.00258584972471, -0.000648160930723, -0.00303849810734, 0.0044544483535], [-0.000392025162, -0.00100285152439, 0.000870853837114, -0.000203403775231, -7.28317099856e-05, -0.00197554379702, 0.00293987849727, -0.00560462335125, -0.00258584972471, 0.0196204297245, -0.00881049782038, -0.00123118842021, 0.000382408266887], [0.000858029758092, 0.000459785107523, -0.00115310994443, 0.000507710850798, 0.00135678821243, -0.00122409267351, -0.00241682375781, 0.00157151010353, -0.000648160930723, -0.00881049782038, 0.0246363654733, -0.00507438834757, -0.0052843419835], [-0.000726773345377, 0.000688023224939, -5.98777696723e-05, -0.00101172470022, 0.000912045303266, -0.000599929713644, 0.000797915796284, -0.00111105595715, -0.00303849810734, -0.00123118842021, -0.00507438834757, 0.0199578497559, -0.00385579280555], [-0.000379765871912, 0.000836794439238, -0.000710928405169, -0.0040050316602, 0.00258154608309, 0.000355989555828, -0.00268012261949, 0.00043515409925, 0.0044544483535, 0.000382408266887, -0.0052843419835, -0.00385579280555, 0.0160328727216]]
    },
    "spectral_contrast_coeffs": {
        "max": [-0.436076939106, -0.499018996954, -0.520573973656, -0.539642989635, -0.64713203907, -0.535718560219],
        "mean": [-0.716620922089, -0.718733072281, -0.742866039276, -0.777978241444, -0.786453723907, -0.729125916958],
        "min": [-0.952711999416, -0.918380141258, -0.929137647152, -0.882942676544, -0.89041107893, -0.834042549133],
        "stdev": [0.0781176015735, 0.0709102228284, 0.0655970796943, 0.0598177798092, 0.0332231037319, 0.0457554869354]
    },
    "spectral_contrast_valleys": {
        "max": [-5.34696674347, -5.49207401276, -4.9223651886, -5.7338719368, -5.95287227631, -7.86411571503],
        "mean": [-8.85212421417, -7.1083073616, -6.43275403976, -6.99779558182, -7.19397306442, -10.3683013916],
        "min": [-13.0305252075, -8.52095222473, -8.50929832458, -8.7327299118, -8.88154315948, -16.1164531708],
        "stdev": [1.76270103455, 0.493870556355, 0.833760142326, 0.824794709682, 0.739072799683, 1.24601233006]
    }
},
"rhythm": {
    "beats_count": 49,
    "beats_loudness": {
        "max": 0.0689493566751,
        "mean": 0.0280858837068,
        "min": 0.00297618657351,
        "stdev": 0.0159735810012
    },
    "bpm": 126.848327637,
    "bpm_histogram_first_peak_bpm": 126,
    "bpm_histogram_first_peak_weight": 0.416666686535,
    "bpm_histogram_second_peak_bpm": 152,
    "bpm_histogram_second_peak_spread": 0,
    "bpm_histogram_second_peak_weight": 0.208333328366,
    "danceability": 0.766141951084,
    "onset_rate": 1.24362885952,
    "beats_loudness_band_ratio": {
        "max": [0.944433510303, 0.245796531439, 0.668223023415, 0.771662414074, 0.372176498175, 0.528393745422],
        "mean": [0.200580105186, 0.0381072387099, 0.206364005804, 0.411149740219, 0.123129710555, 0.0602177903056],
        "min": [2.06152199098e-05, 0.000323633750668, 0.00879153981805, 0.0295641217381, 0.00321066286415, 0.000908872054424],
        "stdev": [0.297951519489, 0.0593699924648, 0.15327718854, 0.216703370214, 0.108421191573, 0.0773745775223]
    },
    "beats_position": [0.359909296036, 0.743038535118, 1.11455774307, 1.49768710136, 1.88081634045, 2.27555561066, 2.6470746994, 3.04181408882, 3.42494320869, 3.80807256699, 4.19120168686, 4.57433080673, 4.95746040344, 5.34058952332, 5.73532867432, 6.13006782532, 6.52480697632, 6.91954612732, 7.31428575516, 7.70902490616, 8.09215450287, 8.48689365387, 8.88163280487, 9.35764122009, 9.83365058899, 10.3096599579, 10.7856683731, 11.2732877731, 11.7609071732, 12.2369155884, 12.7129249573, 13.1889343262, 13.6417226791, 14.0945119858, 14.5589113235, 15.0233106613, 15.4877090454, 15.9521083832, 16.4281177521, 16.904127121, 17.3685264587, 17.8445339203, 18.3205432892, 18.7965526581, 19.272562027, 19.7485713959, 20.2129707336, 20.6773700714, 21.1417675018],
