{
"metadata": {
    "version": {
        "essentia": "2.1-beta5",
        "essentia_git_sha": "Undefined",
        "extractor": "music 2.0"
    },
    "audio_properties": {
        "analysis": {
            "equal_loudness": 0,
            "length": 35.9909286499,
            "sample_rate": 44100,
            "start_time": 77.7520217896,
            "downmix": "mix"
        },
        "bit_rate": 192000,
        "length": 197.601837158,
        "lossless": 0,
        "number_channels": 2,
        "replay_gain": -6.09412765503,
        "sample_rate": 48000,
        "codec": "mp3",
        "md5_encoded": "220d9b5d8c7729d96d09e9c5c4c93dc9"
    },
    "tags": {
        "file_name": "Lithuania_Run with the Lions_Jurij Veklenko.mp3",
        "encoding": ["Lavf58.29.100"]
    }
},
"lowlevel": {
    "average_loudness": 0.849800646305,
    "barkbands_crest": {
        "max": 25.5616950989,
        "mean": 12.5628547668,
        "min": 2.57233119011,
        "stdev": 5.30087852478
    },
    "barkbands_flatness_db": {
        "max": 0.47840154171,
        "mean": 0.164212346077,
        "min": 0.031474865973,
        "stdev": 0.0707473233342
    },
    "barkbands_kurtosis": {
        "max": 153.059570312,
        "mean": 5.89028501511,
        "min": -1.86450028419,
        "stdev": 11.6665344238
    },
    "barkbands_skewness": {
        "max": 11.2820806503,
        "mean": 1.71772873402,
        "min": -2.16924333572,
        "stdev": 1.44095087051
    },
    "barkbands_spread": {
        "max": 89.8201217651,
        "mean": 21.7405853271,
        "min": 0.578514873981,
        "stdev": 13.5923900604
    },
    "dissonance": {
        "max": 0.499999850988,
        "mean": 0.462966769934,
        "min": 0.316908806562,
        "stdev": 0.030100191012
    },
    "dynamic_complexity": 3.31854319572,
    "erbbands_crest": {
        "max": 25.2771816254,
        "mean": 8.99856472015,
        "min": 2.71014022827,
        "stdev": 4.33237886429
    },
    "erbbands_flatness_db": {
        "max": 0.300266265869,
        "mean": 0.171611621976,
        "min": 0.0660596191883,
        "stdev": 0.0494984425604
    },
    "erbbands_kurtosis": {
        "max": 18.0507717133,
        "mean": 0.648184716702,
        "min": -1.75216209888,
        "stdev": 2.25921726227
    },
    "erbbands_skewness": {
        "max": 3.71349263191,
        "mean": 0.460488438606,
        "min": -2.89969062805,
        "stdev": 0.837146162987
    },
    "erbbands_spread": {
        "max": 131.129119873,
        "mean": 35.984664917,
        "min": 7.37263011932,
        "stdev": 16.0346908569
    },
    "hfc": {
        "max": 149.531524658,
        "mean": 18.0321369171,
        "min": 0.486876964569,
        "stdev": 19.0187301636
    },
    "loudness_ebu128": {
        "integrated": -18.5358390808,
        "loudness_range": 5.25203895569,
        "momentary": {
            "max": -14.3759937286,
            "mean": -19.3501167297,
            "min": -26.6697330475,
            "stdev": 2.79354405403
        },
        "short_term": {
            "max": -15.9008264542,
            "mean": -18.9904403687,
            "min": -22.8970413208,
            "stdev": 1.97825491428
        }
    },
    "melbands_crest": {
        "max": 34.118270874,
        "mean": 18.4134902954,
        "min": 3.11856865883,
        "stdev": 6.88143444061
    },
    "melbands_flatness_db": {
        "max": 0.624287247658,
        "mean": 0.216400384903,
        "min": 0.0408840700984,
        "stdev": 0.0921111777425
    },
    "melbands_kurtosis": {
        "max": 285.327087402,
        "mean": 15.7270822525,
        "min": -1.79718029499,
        "stdev": 22.2966594696
    },
    "melbands_skewness": {
        "max": 13.8262624741,
        "mean": 2.78073525429,
        "min": -0.438094645739,
        "stdev": 1.88661277294
    },
    "melbands_spread": {
        "max": 254.137008667,
        "mean": 23.7388324738,
        "min": 0.647790789604,
        "stdev": 22.2618427277
    },
    "pitch_salience": {
        "max": 0.795147895813,
        "mean": 0.485516369343,
        "min": 0.107314810157,
        "stdev": 0.14539141953
    },
    "silence_rate_20dB": {
        "max": 1,
        "mean": 1,
        "min": 1,
        "stdev": 0
    },
    "silence_rate_30dB": {
        "max": 1,
        "mean": 0.999355256557,
        "min": 0,
        "stdev": 0.0253836605698
    },
    "silence_rate_60dB": {
        "max": 1,
        "mean": 0.0328820124269,
        "min": 0,
        "stdev": 0.178325340152
    },
    "spectral_centroid": {
        "max": 4717.53564453,
        "mean": 1499.23132324,
        "min": 206.158889771,
        "stdev": 721.295837402
    },
    "spectral_complexity": {
        "max": 59,
        "mean": 16.8562221527,
        "min": 2,
        "stdev": 9.2215719223
    },
    "spectral_decrease": {
        "max": -3.07714742576e-10,
        "mean": -6.16706952172e-09,
        "min": -3.34615748443e-08,
        "stdev": 4.53200410533e-09
    },
    "spectral_energy": {
        "max": 0.129283428192,
        "mean": 0.0249114912003,
        "min": 0.00131537416019,
        "stdev": 0.0181415379047
    },
    "spectral_energyband_high": {
        "max": 0.0115600591525,
        "mean": 0.000700675707776,
        "min": 2.10577155713e-07,
        "stdev": 0.00124714197591
    },
    "spectral_energyband_low": {
        "max": 0.0961054936051,
        "mean": 0.0112023260444,
        "min": 1.19857604659e-05,
        "stdev": 0.0128042660654
    },
    "spectral_energyband_middle_high": {
        "max": 0.0541283302009,
        "mean": 0.00538876280189,
        "min": 5.1398328651e-05,
        "stdev": 0.00775310443714
    },
    "spectral_energyband_middle_low": {
        "max": 0.0688998922706,
        "mean": 0.00844180211425,
        "min": 0.000344351370586,
        "stdev": 0.00973931699991
    },
    "spectral_entropy": {
        "max": 8.66785907745,
        "mean": 7.60395336151,
        "min": 6.08611154556,
        "stdev": 0.432215094566
    },
    "spectral_flux": {
        "max": 0.306758373976,
        "mean": 0.080036200583,
        "min": 0.0110736163333,
        "stdev": 0.0472610965371
    },
    "spectral_kurtosis": {
        "max": 44.1412773132,
        "mean": 4.01796197891,
        "min": -1.17350459099,
        "stdev": 3.57500481606
    },
    "spectral_rms": {
        "max": 0.0112307695672,
        "mean": 0.00459940358996,
        "min": 0.00113282469101,
        "stdev": 0.00177465670276
    },
    "spectral_rolloff": {
        "max": 10594.3359375,
        "mean": 1299.39147949,
        "min": 64.599609375,
        "stdev": 1375.66162109
    },
    "spectral_skewness": {
        "max": 4.24494695663,
        "mean": 1.40943396091,
        "min": 0.0147595433518,
        "stdev": 0.469231069088
    },
    "spectral_spread": {
        "max": 11293336,
        "mean": 4274795.5,
        "min": 1355657.375,
        "stdev": 1374270.5
    },
    "spectral_strongpeak": {
        "max": 11.3865327835,
        "mean": 0.85328567028,
        "min": 0.0231860615313,
        "stdev": 1.23383247852
    },
    "zerocrossingrate": {
        "max": 0.3857421875,
        "mean": 0.0543600916862,
        "min": 0.0029296875,
        "stdev": 0.0380851365626
    },
    "barkbands": {
        "max": [0.00719732604921, 0.0704700499773, 0.0495099648833, 0.0461722686887, 0.0270001888275, 0.0271053016186, 0.0388871431351, 0.047811191529, 0.0510707385838, 0.0245133563876, 0.0392678827047, 0.0237355045974, 0.0207011327147, 0.0111639853567, 0.00907341204584, 0.00441402476281, 0.00427806656808, 0.0050706602633, 0.0131256179884, 0.00432567996904, 0.00343334581703, 0.00269686966203, 0.00293594691902, 0.00855352170765, 0.00232257577591, 0.000522463291418, 7.14123380021e-05],
        "mean": [0.000537550658919, 0.0087447585538, 0.00129062938504, 0.00112733943388, 0.00109798577614, 0.00160311220679, 0.00111024535727, 0.00132493919227, 0.00183390185703, 0.000625099870376, 0.00134955532849, 0.000616011093371, 0.000807728851214, 0.000461299903691, 0.00020210610819, 0.000200425376534, 0.000206759868888, 0.000353046547389, 0.000549705233425, 0.00026973724016, 0.000140251009725, 0.000144500038004, 0.000137068054755, 0.000104347323941, 5.70922275074e-05, 1.58335424203e-05, 4.72886910075e-07],
        "min": [1.42987168772e-08, 6.11068571743e-07, 1.49316110765e-06, 2.83463532469e-06, 1.59592837008e-05, 7.04765625414e-06, 2.82246060124e-06, 5.03738829138e-06, 5.85046063861e-06, 6.18231842964e-06, 2.18901664084e-06, 3.90442710341e-06, 2.80216545434e-06, 2.25057101488e-06, 1.78462164513e-06, 1.05201706901e-06, 7.76868375851e-07, 9.77722152129e-07, 6.99769088897e-07, 3.18566634405e-07, 4.08789802009e-08, 7.41213479483e-11, 2.1329988123e-11, 1.65338558816e-11, 2.50838586013e-11, 3.08844581853e-11, 3.69459532412e-11],
        "stdev": [0.000734832312446, 0.0105802593753, 0.00388826150447, 0.00393919553608, 0.0023154518567, 0.00262809474953, 0.00297867367044, 0.00370012945496, 0.00433757854626, 0.00162003631704, 0.00371929467656, 0.00190707447473, 0.00206875102594, 0.000949538254645, 0.000463028409285, 0.000369572109776, 0.000355052907253, 0.000593772041611, 0.00105054152664, 0.00047997184447, 0.000308200105792, 0.00030327271088, 0.000247807212872, 0.000359781726729, 0.000139712996315, 4.30397776654e-05, 3.20883327731e-06]
    },
    "erbbands": {
        "max": [2.80958366394, 13.82787323, 35.3946495056, 148.309310913, 135.408630371, 88.4898757935, 406.162780762, 173.225494385, 621.867492676, 681.637207031, 588.780883789, 1461.12145996, 883.53692627, 400.849456787, 1454.58007812, 1172.69287109, 1110.03356934, 594.280395508, 673.664550781, 202.46383667, 297.729431152, 234.845123291, 277.01663208, 533.02142334, 645.121032715, 280.702697754, 134.224105835, 153.47277832, 116.346374512, 122.209747314, 64.7713241577, 44.269618988, 231.543075562, 33.8516464233, 12.7737751007, 3.52452278137, 0.746140837669, 0.0977410674095, 0.0163332577795, 0.000438470771769],
        "mean": [0.335904508829, 1.61623561382, 1.64551615715, 3.02312278748, 2.85355949402, 3.53182578087, 10.6464681625, 12.4303855896, 14.9765672684, 28.5754756927, 22.0501899719, 47.803188324, 26.5031509399, 20.9171218872, 56.3209228516, 30.0740451813, 40.9007110596, 24.9521007538, 15.8414154053, 10.5526189804, 10.1830244064, 11.4382257462, 16.71159935, 26.1028823853, 26.0283603668, 13.4005880356, 6.21981239319, 5.6634683609, 5.38147497177, 4.33643913269, 3.96440768242, 2.22693753242, 1.75239467621, 0.794545888901, 0.333357095718, 0.106539264321, 0.0216040574014, 0.00238074851222, 0.000115798968181, 3.40033620887e-05],
        "min": [1.91600847756e-05, 0.000654454168398, 0.00752745335922, 0.0147141329944, 0.029059778899, 0.0407433249056, 0.0780915915966, 0.108654715121, 0.168065130711, 0.242007941008, 0.187994480133, 0.24497449398, 0.21574318409, 0.0866066887975, 0.105308577418, 0.182394564152, 0.211658999324, 0.198582038283, 0.170363977551, 0.103641055524, 0.0579623021185, 0.0474083572626, 0.0597487688065, 0.0427866578102, 0.0402194485068, 0.0145634161308, 0.00713676260784, 0.000456455076346, 4.25337020715e-05, 9.74721297098e-06, 6.69797009323e-06, 5.37893993169e-06, 4.26168662671e-06, 3.77346395908e-06, 3.25436872117e-06, 2.18561581278e-06, 1.13727992357e-06, 1.47802140305e-07, 9.92408331513e-07, 1.6427961782e-06],
        "stdev": [0.380326122046, 2.28194093704, 3.76568770409, 10.5994930267, 9.19594764709, 7.3579583168, 23.5699634552, 19.281332016, 40.31067276, 75.7022628784, 48.0102386475, 115.979202271, 67.8486633301, 40.3367881775, 139.919631958, 84.4337158203, 104.744277954, 49.840045929, 34.0842933655, 17.49010849, 20.8475074768, 20.2166862488, 26.7056465149, 48.3115615845, 48.7001228333, 23.9992198944, 11.9421367645, 12.8754816055, 11.920712471, 8.62207317352, 6.74713993073, 4.24273920059, 8.83010482788, 1.98974406719, 0.870913267136, 0.269204258919, 0.0640851780772, 0.00877382978797, 0.000627883360721, 3.04174009216e-05]
    },
    "gfcc": {
        "mean": [-23.1561374664, 108.071647644, -132.76802063, 41.36460495, -61.6221122742, 21.7306480408, -27.156463623, 14.7013168335, -16.4156703949, 2.03680586815, 3.56405615807, -2.16100335121, -2.10717654228],
        "cov": [[4952.18847656, -2757.83251953, 75.3502731323, 167.792251587, -831.929443359, 909.096801758, -538.725585938, 547.231506348, -520.064453125, 138.971496582, -226.313735962, 173.589477539, -378.680938721], [-2757.83251953, 2515.53735352, -228.873947144, -10.2443389893, 792.205749512, -584.979248047, 612.066955566, -293.991638184, 420.596405029, -204.184509277, 404.451965332, -145.999435425, 362.371459961], [75.3502731323, -228.873947144, 713.894775391, 109.3020401, -6.63853883743, 86.1866760254, -131.554397583, 20.0605278015, -41.7990379333, 113.808067322, -205.384613037, 74.5487289429, -45.9204101562], [167.792251587, -10.2443389893, 109.3020401, 414.621520996, 73.024887085, 90.1333694458, 37.1189842224, -35.8805274963, 34.1789398193, -70.6444091797, 43.3498420715, 36.9299736023, 65.5674362183], [-831.929443359, 792.205749512, -6.63853883743, 73.024887085, 585.319580078, -171.874053955, 310.815002441, -86.748374939, 104.998085022, -18.2196025848, 68.5997467041, 41.1056251526, 122.46736145], [909.096801758, -584.979248047, 86.1866760254, 90.1333694458, -171.874053955, 418.045898438, -86.8293685913, 136.756378174, -84.6180877686, 10.6055326462, -1.49156141281, 31.0621452332, -44.9493942261], [-538.725585938, 612.066955566, -131.554397583, 37.1189842224, 310.815002441, -86.8293685913, 390.353546143, -35.0206451416, 113.363716125, -15.53058815, 148.17791748, -23.0212898254, 71.8875274658], [547.231506348, -293.991638184, 20.0605278015, -35.8805274963, -86.748374939, 136.756378174, -35.0206451416, 203.110488892, -24.6342811584, 62.3361587524, 16.8087806702, 19.501127243, -28.5437793732], [-520.064453125, 420.596405029, -41.7990379333, 34.1789398193, 104.998085022, -84.6180877686, 113.363716125, -24.6342811584, 229.929595947, -7.78443431854, 101.84614563, -13.0094594955, 66.9042739868], [138.971496582, -204.184509277, 113.808067322, -70.6444091797, -18.2196025848, 10.6055326462, -15.53058815, 62.3361587524, -7.78443431854, 169.465942383, -67.3148117065, 41.2985801697, -48.8954582214], [-226.313735962, 404.451965332, -205.384613037, 43.3498420715, 68.5997467041, -1.49156141281, 148.17791748, 16.8087806702, 101.84614563, -67.3148117065, 280.981689453, -27.0548496246, 111.063606262], [173.589477539, -145.999435425, 74.5487289429, 36.9299736023, 41.1056251526, 31.0621452332, -23.0212898254, 19.501127243, -13.0094594955, 41.2985801697, -27.0548496246, 133.115158081, 20.5083408356], [-378.680938721, 362.371459961, -45.9204101562, 65.5674362183, 122.46736145, -44.9493942261, 71.8875274658, -28.5437793732, 66.9042739868, -48.8954582214, 111.063606262, 20.5083408356, 156.055892944]],
        "icov": [[0.000831245793961, 0.000464862940134, 0.000250041164691, -0.000483149749925, 9.54951101448e-05, -0.000424649741035, 1.70915257058e-06, -0.0011566253379, 0.000667382904794, 0.00028044640203, -0.000272538280115, -0.000552445300855, 0.00087292608805], [0.000464862940134, 0.00373506057076, -0.00117368123028, 0.00133786420338, -0.00214104354382, 0.00184190482832, -0.00142499757931, 0.000758536800276, -0.00170033657923, 0.00225873989984, -0.00233949488029, 0.00272427801974, -0.00270291045308], [0.000250041164691, -0.00117368123028, 0.00286712264642, -0.00154606008437, 0.000475369481137, -0.00134755310137, 0.00114691117778, -0.000824152375571, 0.000652622722555, -0.00211299909279, 0.00229570153169, -0.0012678175699, 0.000976033159532], [-0.000483149749925, 0.00133786420338, -0.00154606008437, 0.00453213881701, -0.00119848840404, 0.000102108402643, -0.000975396949798, 0.00211424613371, -0.0018284387188, 0.00246514845639, -0.00110713113099, 0.000804833776783, -0.00259372359142], [9.54951101448e-05, -0.00214104354382, 0.000475369481137, -0.00119848840404, 0.00567855453119, -0.000392864370951, -0.00258964067325, -0.000840323511511, 0.00143897801172, -0.000797993445303, 0.00267101847567, -0.0034626275301, 3.67946086044e-06], [-0.000424649741035, 0.00184190482832, -0.00134755310137, 0.000102108402643, -0.000392864370951, 0.00568073429167, -0.00120064383373, -0.00106152577791, -0.000453520478914, 0.00190250622109, -0.00182838086039, 0.00127170409542, -0.00151877186727], [1.70915257058e-06, -0.00142499757931, 0.00114691117778, -0.000975396949798, -0.00258964067325, -0.00120064383373, 0.00709820631891, -0.000186360310181, 5.87736685702e-05, -0.00231500086375, -0.00175687624142, 0.000317823694786, 0.00290097761899], [-0.0011566253379, 0.000758536800276, -0.000824152375571, 0.00211424613371, -0.000840323511511, -0.00106152577791, -0.000186360310181, 0.0102190654725, -0.00167184136808, -0.00247797835618, -0.00228958739899, 0.00164698855951, -0.00203674379736], [0.000667382904794, -0.00170033657923, 0.000652622722555, -0.0018284387188, 0.00143897801172, -0.000453520478914, 5.87736685702e-05, -0.00167184136808, 0.00802535098046, -0.0020544633735, -0.000726461934391, -0.00164691091049, 0.00158436142374], [0.00028044640203, 0.00225873989984, -0.00211299909279, 0.00246514845639, -0.000797993445303, 0.00190250622109, -0.00231500086375, -0.00247797835618, -0.0020544633735, 0.0116749508306, -0.000144656660268, -0.00153917178977, 0.000409490894526], [-0.000272538280115, -0.00233949488029, 0.00229570153169, -0.00110713113099, 0.00267101847567, -0.00182838086039, -0.00175687624142, -0.00228958739899, -0.000726461934391, -0.000144656660268, 0.0104157896712, -0.00094986212207, -0.00334229902364], [-0.000552445300855, 0.00272427801974, -0.0012678175699, 0.000804833776783, -0.0034626275301, 0.00127170409542, 0.000317823694786, 0.00164698855951, -0.00164691091049, -0.00153917178977, -0.00094986212207, 0.0133403483778, -0.00599254667759], [0.00087292608805, -0.00270291045308, 0.000976033159532, -0.00259372359142, 3.67946086044e-06, -0.00151877186727, 0.00290097761899, -0.00203674379736, 0.00158436142374, 0.000409490894526, -0.00334229902364, -0.00599254667759, 0.0166455060244]]
    },
    "melbands": {
        "max": [0.0220626741648, 0.0162707585841, 0.0205124635249, 0.0054263076745, 0.0112838568166, 0.00416564010084, 0.00917384494096, 0.00860671699047, 0.00396914687008, 0.00923789478838, 0.00449852086604, 0.00132192566525, 0.00635991990566, 0.00295027671382, 0.00215745461173, 0.0018258128548, 0.00135094078723, 0.00121374579612, 0.000395570095861, 0.000317128346069, 0.000482963980176, 0.000282331136987, 0.000202553084819, 0.000318157108268, 0.000483781797811, 0.000477669818792, 0.000223141454626, 0.00016865102225, 8.64195462782e-05, 0.000107513973489, 8.834698383e-05, 7.73968931753e-05, 5.82904685871e-05, 8.13935694168e-05, 4.51109044661e-05, 2.94642286462e-05, 2.52897443715e-05, 0.000243562535616, 8.35486498545e-05, 2.99166385958e-05],
        "mean": [0.00271167862229, 0.00126357469708, 0.00051239063032, 0.00020035590569, 0.000340196915204, 0.000287786388071, 0.00022461466142, 0.000325824541505, 0.000194214124349, 0.000290775409667, 0.000122360346722, 6.97139985277e-05, 0.000206921249628, 8.57861887198e-05, 7.72732018959e-05, 7.33720953576e-05, 4.56144189229e-05, 2.78771640296e-05, 1.29905156427e-05, 1.55933921633e-05, 1.10781329568e-05, 1.05182980406e-05, 1.49755815073e-05, 1.73772223206e-05, 2.15536292671e-05, 1.94625026779e-05, 1.50894693434e-05, 7.45351553633e-06, 3.82975531465e-06, 3.29243221131e-06, 3.28686473949e-06, 3.13984719469e-06, 2.58161685451e-06, 2.35901961787e-06, 2.5092258511e-06, 1.58474460932e-06, 1.25757173919e-06, 1.32695561206e-06, 9.29245572934e-07, 5.81679671541e-07],
        "min": [1.38831495633e-07, 3.11398730446e-06, 3.48470712197e-06, 1.85438580047e-06, 2.30064256357e-06, 1.58512784765e-06, 8.790461834e-07, 1.8068068357e-06, 1.25512349314e-06, 1.02505498489e-06, 8.78026696682e-07, 2.42357231173e-07, 3.19088826473e-07, 5.1316118288e-07, 3.99577203325e-07, 3.17696304819e-07, 3.16449273896e-07, 2.3045066655e-07, 1.41667769071e-07, 7.46909449845e-08, 4.56862814247e-08, 5.20524565673e-08, 3.47495330288e-08, 4.14145482353e-08, 2.84119359151e-08, 2.20091731506e-08, 2.31978347642e-08, 5.77575764993e-09, 6.59412613402e-09, 5.52441092871e-10, 1.47968432212e-12, 1.54956689841e-12, 1.3657218802e-12, 2.29624343628e-13, 2.19499874006e-13, 3.47423587295e-13, 1.36022676412e-13, 2.41761471953e-13, 2.25741571703e-13, 1.89701187159e-13],
        "stdev": [0.0031444192864, 0.00200326065533, 0.00167565490119, 0.000501082162373, 0.000681828067172, 0.000444296048954, 0.000613395823166, 0.000891029951163, 0.000397510419134, 0.000741676311009, 0.000339254882419, 0.000136516231578, 0.000575435406063, 0.00023727932421, 0.000174220476765, 0.000188791324035, 0.000103179707367, 6.33677627775e-05, 2.75215406873e-05, 2.42706591962e-05, 2.7494126698e-05, 2.11585720535e-05, 2.38464908762e-05, 3.19361242873e-05, 4.25393845944e-05, 3.65598098142e-05, 2.78487186733e-05, 1.37081324283e-05, 7.28176382836e-06, 7.78712910687e-06, 7.56240024202e-06, 7.23772063793e-06, 5.3384956118e-06, 5.00337000631e-06, 4.36193295172e-06, 2.82674568552e-06, 2.47181924351e-06, 8.18297485239e-06, 3.06094352709e-06, 1.43231886796e-06]
    },
    "melbands128": {
        "max": [0.00666455412284, 0.0252577550709, 0.0353302024305, 0.0232152044773, 0.0134202726185, 0.0300958678126, 0.0370347388089, 0.0207919441164, 0.0152394771576, 0.00632179807872, 0.0061120162718, 0.00846774596721, 0.0207403637469, 0.00865986850113, 0.0057815676555, 0.00820728391409, 0.00718430196866, 0.0168914794922, 0.00965136662126, 0.0124025251716, 0.0196994934231, 0.00814295187593, 0.0061467634514, 0.00460203038529, 0.0141232116148, 0.0150366006419, 0.0084877954796, 0.00888811331242, 0.00296927662566, 0.00206736638211, 0.00177875941154, 0.0062519852072, 0.0131820561364, 0.00609581684694, 0.00360303092748, 0.00611673807725, 0.00383767252788, 0.00158327911049, 0.00630503706634, 0.00546449050307, 0.00344198034145, 0.00157279230189, 0.00205360352993, 0.00208541192114, 0.00151182815898, 0.00266662263311, 0.0012523670448, 0.00085022271378, 0.000501803995576, 0.000671400805004, 0.000268752512056, 0.000708302075509, 0.000355510623194, 0.00128816172946, 0.000349363748683, 0.000362685328582, 0.000263201945927, 0.000290199066512, 0.000370544963516, 0.000624461215921, 0.000593920180108, 0.000590279116295, 0.000964285107329, 0.000969990447629, 0.000408510444686, 0.000463463598862, 0.00129208539147, 0.000506139418576, 0.000280526204733, 0.000466149533167, 0.000209543286473, 9.08439033083e-05, 9.96557646431e-05, 9.85402803053e-05, 9.90632470348e-05, 0.000139599957038, 0.000134180663736, 0.00017448233848, 9.31739632506e-05, 0.000113606081868, 0.000113965768833, 9.34369454626e-05, 8.57577615534e-05, 8.97818681551e-05, 4.69397782581e-05, 9.65308063314e-05, 8.55748221511e-05, 7.46338846511e-05, 6.28042034805e-05, 6.32587980363e-05, 3.11449475703e-05, 3.22920677718e-05, 3.51517664967e-05, 3.06912443193e-05, 3.06819711113e-05, 0.000256585364696, 0.000408564490499, 0.00019280910783, 8.73261888046e-05, 4.72056235594e-05, 3.39866892318e-05, 3.631848449e-05, 2.25907679123e-05, 2.85336482193e-05, 2.36587093241e-05, 1.48217186506e-05, 1.29121744976e-05, 9.20924776437e-06, 8.57820577949e-06, 6.1997575358e-06, 4.14837950302e-06, 2.7655703434e-06, 2.51333517554e-06, 2.57117994806e-06, 2.07916809813e-06, 1.32858042434e-06, 1.11048825602e-06, 9.39829249091e-07, 5.15323677064e-07, 1.13325302209e-06, 2.28707406791e-07, 3.52582276264e-07, 1.122303388e-07, 1.21131256137e-08, 4.51231896292e-09, 4.4349861561e-09, 4.38081038112e-09, 4.34696589835e-09],
        "mean": [0.000514100422151, 0.00279280007817, 0.0038371977862, 0.00225085974671, 0.000921678554732, 0.000644258514512, 0.000650180445518, 0.000512121478096, 0.000260429631453, 0.000132680681418, 0.000174847213202, 0.000299446983263, 0.000373376795324, 0.000423505262006, 0.000291052216198, 0.00021222110081, 0.000225979878451, 0.000247410265729, 0.000179901428055, 0.000358362682164, 0.000433101988165, 0.000137789495056, 0.000113795002108, 0.000273521000054, 0.000421477045165, 0.000255684251897, 0.000120069271361, 0.000154361783643, 6.52225353406e-05, 5.56978156965e-05, 4.34639878222e-05, 0.000140492411447, 0.000324314954923, 0.000165706471307, 6.14842720097e-05, 8.90508017619e-05, 8.14511367935e-05, 3.20079561789e-05, 0.000113635171147, 0.000125146223581, 4.71801758977e-05, 2.94285546261e-05, 4.96759130328e-05, 5.39640495845e-05, 3.30520997522e-05, 2.59537300735e-05, 1.83433112397e-05, 1.01751875263e-05, 1.21843149827e-05, 1.39398298415e-05, 1.89546044567e-05, 1.46842749018e-05, 8.60782347445e-06, 1.20394424812e-05, 1.0252490938e-05, 8.47891624289e-06, 1.07252708403e-05, 1.96846649487e-05, 1.49246852743e-05, 9.84870075627e-06, 1.72802465386e-05, 2.13812854781e-05, 2.52834524872e-05, 2.04401567316e-05, 1.87020032172e-05, 1.60191193572e-05, 2.36850228248e-05, 2.05361739063e-05, 1.04939754237e-05, 1.20974336824e-05, 7.86948567111e-06, 5.02108832734e-06, 4.35142010247e-06, 3.53630412064e-06, 3.38725567417e-06, 3.34631045007e-06, 3.20073559124e-06, 3.25528412759e-06, 3.30449643116e-06, 3.30459670295e-06, 3.22273581332e-06, 3.09072606797e-06, 2.95658219329e-06, 2.50197217611e-06, 2.29453098655e-06, 2.28656244872e-06, 2.41095244746e-06, 2.42168766817e-06, 2.8212309644e-06, 2.39170185523e-06, 1.64706148098e-06, 1.41609655202e-06, 1.29773695789e-06, 1.27263297145e-06, 1.22884898701e-06, 1.23323889056e-06, 1.55914869993e-06, 1.0860940165e-06, 9.95606342258e-07, 8.20100353849e-07, 6.25871962256e-07, 5.45046304978e-07, 5.09166113716e-07, 4.60291630588e-07, 3.85696040439e-07, 3.02791534068e-07, 2.32426046409e-07, 2.27760722282e-07, 2.01581130455e-07, 1.24397985246e-07, 8.64200444539e-08, 7.80027775704e-08, 6.63410304469e-08, 4.4444334435e-08, 3.46795516748e-08, 2.3880490474e-08, 8.9855944907e-09, 4.71286210058e-09, 3.01914737655e-09, 1.92932514409e-09, 9.68858104855e-10, 1.13152132108e-09, 4.59727839131e-10, 2.47422481808e-11, 6.28991303486e-12, 6.09993826284e-12, 5.98314713746e-12, 5.93586377967e-12],
        "min": [1.57738488937e-09, 2.40341968549e-08, 9.43930658082e-08, 2.18573603661e-07, 1.36213873247e-06, 9.38439143283e-07, 6.11588575339e-07, 1.33052719775e-06, 4.1357074565e-07, 6.90330750786e-07, 1.29870295495e-06, 7.43379871437e-07, 1.34175832045e-06, 3.01731148511e-07, 1.60621056011e-07, 6.91000309416e-07, 4.43854872856e-07, 4.76710596331e-07, 1.26061422634e-07, 4.85679152007e-07, 6.88281716066e-07, 5.53786605906e-07, 1.56092099246e-07, 2.26557887117e-07, 3.75176284706e-07, 2.46550598604e-07, 2.02403157346e-07, 2.90857940399e-07, 4.9364126653e-07, 1.19217546057e-07, 1.06826639978e-07, 3.98891017994e-08, 1.47606286305e-07, 1.31873150622e-07, 1.42946433357e-07, 2.91177968847e-07, 1.29527947479e-07, 6.78927349895e-08, 1.10653097352e-07, 1.39394231269e-07, 1.11346615483e-07, 1.27277488104e-07, 1.21362177197e-07, 8.10073714774e-08, 7.33227665251e-08, 8.95284770763e-08, 7.25782243194e-08, 4.79120032537e-08, 4.40968506155e-08, 5.70026656987e-08, 1.7598571489e-08, 1.76547967357e-08, 2.26481891019e-08, 1.87937470031e-08, 3.24837472476e-08, 2.82617165226e-08, 1.97613196917e-08, 2.50852529859e-08, 2.3223305945e-08, 2.92991018114e-08, 2.66516195779e-08, 1.64015041548e-08, 2.79423790772e-08, 1.54645221073e-08, 1.75454584195e-08, 6.02395733296e-09, 1.91382643067e-08, 2.30975079063e-08, 1.00708286155e-08, 3.69411190526e-09, 3.4230305257e-09, 4.08603595403e-09, 1.03016777331e-08, 4.31985203164e-09, 1.62575242157e-09, 1.76957944825e-11, 2.47481484091e-12, 1.47238525625e-12, 1.20747411635e-12, 1.53490393139e-12, 1.19644290135e-12, 1.44211790946e-12, 6.06360339543e-13, 3.76404907677e-13, 1.96038511487e-13, 1.87650662695e-13, 2.90555096259e-13, 2.18569764067e-13, 9.59366524482e-14, 2.53376746667e-13, 2.8026262951e-13, 4.12026315844e-13, 2.18422881778e-13, 1.16777477987e-13, 9.10116234221e-14, 1.35292927035e-13, 1.87006104504e-13, 1.74411551282e-13, 1.92225507972e-13, 1.1250147271e-13, 1.64347634351e-13, 1.49292999295e-13, 1.12318838854e-13, 2.04540811372e-13, 1.9259107384e-13, 1.58099119733e-13, 1.82416947758e-13, 1.44123550442e-13, 1.5305424571e-13, 1.32260237376e-13, 1.1444222848e-13, 1.5432961983e-13, 1.53761619865e-13, 1.08582718825e-13, 1.31121811542e-13, 1.15704700595e-13, 1.03730432989e-13, 1.14956777279e-13, 1.18525157679e-13, 1.11371700165e-13, 1.03965122102e-13, 1.35476726408e-13, 8.81487333755e-14, 1.38436733865e-13, 1.04874456016e-13, 3.54477359195e-14, 5.25786045833e-15, 1.61059304749e-16],
        "stdev": [0.000706171849743, 0.00324950343929, 0.00502351904288, 0.00353093654849, 0.00205020001158, 0.0021098155994, 0.00248469831422, 0.00172727392055, 0.000913699914236, 0.00044502739911, 0.000419109419454, 0.000637471966911, 0.00109409051947, 0.000890980067197, 0.00055197335314, 0.000534567283466, 0.000619492609985, 0.00101972545963, 0.000630002468824, 0.00111597334035, 0.00143240054604, 0.0004625376896, 0.000404240301577, 0.000626339053269, 0.00111042254139, 0.0011129938066, 0.000438647228293, 0.000556448241696, 0.000182599629625, 0.000160411858815, 0.000121627890621, 0.000482312869281, 0.0010936607141, 0.000432632048614, 0.000225781681365, 0.000373938673874, 0.000319117272738, 9.3709299108e-05, 0.000370793772163, 0.000416929950006, 0.000190913793631, 9.70783439698e-05, 0.000151462620124, 0.000143218407175, 9.25872591324e-05, 9.60479010246e-05, 6.10442366451e-05, 3.16210498568e-05, 2.90735970339e-05, 3.04394070554e-05, 3.03094147966e-05, 3.30840048264e-05, 2.50576140388e-05, 5.28301170561e-05, 2.66703991656e-05, 2.45631381404e-05, 2.34050894505e-05, 3.26463814417e-05, 3.34350770572e-05, 2.70918390015e-05, 4.51320629509e-05, 4.75007655041e-05, 7.16378635843e-05, 5.15600731887e-05, 3.83728656743e-05, 3.64071383956e-05, 6.77690113662e-05, 4.47141319455e-05, 2.45718802034e-05, 3.42974781233e-05, 1.62328396982e-05, 9.44065232034e-06, 8.52960783959e-06, 7.80609116191e-06, 8.3030836322e-06, 8.61840453581e-06, 8.02399154054e-06, 9.30639453145e-06, 7.50852950659e-06, 8.46020702738e-06, 8.00506313681e-06, 8.25708957564e-06, 7.08938705429e-06, 5.52183519176e-06, 4.59207694803e-06, 5.5113473536e-06, 5.49764672542e-06, 5.25251698491e-06, 5.09733308718e-06, 4.38296319771e-06, 2.92947834168e-06, 3.00926444652e-06, 2.6501852517e-06, 2.66345341515e-06, 2.48234573519e-06, 7.1010413194e-06, 1.39136827784e-05, 5.55970109417e-06, 3.51961421075e-06, 2.27075884141e-06, 1.59575779435e-06, 1.40861811815e-06, 1.29527904846e-06, 1.42227440847e-06, 1.17588399462e-06, 8.2545608393e-07, 6.75311071063e-07, 6.15018393546e-07, 5.12406472808e-07, 4.10626597613e-07, 2.79363177924e-07, 2.41337545503e-07, 2.19099064225e-07, 1.69540584238e-07, 1.38765898328e-07, 1.04322154471e-07, 5.10540623111e-08, 3.86917946571e-08, 2.76897385021e-08, 3.18204520511e-08, 1.1711041914e-08, 1.49153205342e-08, 5.42233280498e-09, 3.88622994896e-10, 1.15023768288e-10, 1.13069574537e-10, 1.11696582539e-10, 1.10836430312e-10]
    },
    "mfcc": {
        "mean": [-654.605224609, 123.701675415, -4.60753917694, 21.413312912, 0.408574998379, 4.44966459274, 8.7251625061, 9.46773433685, -5.79396057129, 9.04840087891, 4.29495477676, 3.68139910698, 2.96957349777],
        "cov": [[4917.96386719, -2558.03100586, 301.000213623, -598.761413574, -130.361602783, -42.5435791016, 115.667381287, 251.712585449, -252.056167603, 46.8528289795, 98.4959411621, -173.98626709, -14.2942237854], [-2558.03100586, 2138.63232422, -457.40927124, 424.219848633, 124.509872437, -17.0729694366, 118.3412323, -21.7561988831, 112.337486267, 60.1613464355, -17.271270752, 117.721763611, 60.300151825], [301.000213623, -457.40927124, 638.401062012, -49.2289733887, 34.7525138855, 62.4986534119, -106.414886475, -30.9313240051, 41.4349060059, -43.0391731262, -7.9081659317, -16.7703285217, -12.04758358], [-598.761413574, 424.219848633, -49.2289733887, 446.037689209, 97.8753738403, 105.364105225, 30.0150051117, 26.0989322662, 69.2024688721, -34.7637825012, -4.6854057312, 9.72707366943, -4.37376880646], [-130.361602783, 124.509872437, 34.7525138855, 97.8753738403, 200.273391724, 51.6168365479, 15.6825199127, 43.5932044983, 46.9985046387, -25.9747333527, -34.1278419495, 3.1953098774, 12.009062767], [-42.5435791016, -17.0729694366, 62.4986534119, 105.364105225, 51.6168365479, 224.132324219, 38.1958045959, 51.1251449585, 57.8762741089, -34.1419525146, 14.5926332474, -5.19593667984, 0.605248630047], [115.667381287, 118.3412323, -106.414886475, 30.0150051117, 15.6825199127, 38.1958045959, 265.188415527, 80.3430404663, -15.3414363861, 46.7683105469, 42.6816596985, 1.0630248785, 5.04863071442], [251.712585449, -21.7561988831, -30.9313240051, 26.0989322662, 43.5932044983, 51.1251449585, 80.3430404663, 164.457305908, -11.9945478439, 26.3030471802, 19.3033828735, 1.18972277641, 24.224313736], [-252.056167603, 112.337486267, 41.4349060059, 69.2024688721, 46.9985046387, 57.8762741089, -15.3414363861, -11.9945478439, 146.872238159, -14.0732040405, 19.406496048, 30.9435424805, -0.264143526554], [46.8528289795, 60.1613464355, -43.0391731262, -34.7637825012, -25.9747333527, -34.1419525146, 46.7683105469, 26.3030471802, -14.0732040405, 125.728607178, 47.2500801086, 32.2571907043, 19.3396606445], [98.4959411621, -17.271270752, -7.9081659317, -4.6854057312, -34.1278419495, 14.5926332474, 42.6816596985, 19.3033828735, 19.406496048, 47.2500801086, 109.171310425, 38.8853416443, 22.704410553], [-173.98626709, 117.721763611, -16.7703285217, 9.72707366943, 3.1953098774, -5.19593667984, 1.0630248785, 1.18972277641, 30.9435424805, 32.2571907043, 38.8853416443, 95.9808044434, 37.7750549316], [-14.2942237854, 60.300151825, -12.04758358, -4.37376880646, 12.009062767, 0.605248630047, 5.04863071442, 24.224313736, -0.264143526554, 19.3396606445, 22.704410553, 37.7750549316, 89.7642669678]],
        "icov": [[0.0008063010755, 0.000961471931078, 0.000166520752828, 0.000143781435327, -0.000224945688387, 0.000366315827705, -0.00038950421731, -0.000809494464193, 0.00026552984491, -0.000192716703168, -0.000509573204909, 0.000651272246614, -0.000323022744851], [0.000961471931078, 0.0019863282796, 0.000685443810653, -0.000540800916497, -0.000465443095891, 0.000681897334289, -0.000773925974499, -0.000497005414218, -0.000151631800691, -0.000696367002092, 8.13683509477e-05, 0.000112610607175, -0.000798646826297], [0.000166520752828, 0.000685443810653, 0.00218596681952, 6.1532278778e-05, -0.000661801430397, -0.000466302182758, 0.000528297154233, 0.000333381030941, -0.000428486586316, -0.000152155247633, -0.000167387115653, 0.000140036223456, -0.000150623352965], [0.000143781435327, -0.000540800916497, 6.1532278778e-05, 0.00354071590118, -0.000951387220994, -0.00116990401875, 0.000115007773275, -0.000436875183368, -0.000185616605449, 0.00080240808893, -0.000757254019845, 0.000381094723707, 0.000671299756505], [-0.000224945688387, -0.000465443095891, -0.000661801430397, -0.000951387220994, 0.00748118478805, -0.000241875750362, -0.000465080636786, -0.00187126034871, -0.00217505753972, 0.00062985252589, 0.00347194541246, -0.000571642362047, -0.00110613403376], [0.000366315827705, 0.000681897334289, -0.000466302182758, -0.00116990401875, -0.000241875750362, 0.00688150571659, -0.00107455404941, -0.00216295290738, -0.00201755133457, 0.0017463255208, -0.00116201280616, 0.00097019871464, -0.000385777355405], [-0.00038950421731, -0.000773925974499, 0.000528297154233, 0.000115007773275, -0.000465080636786, -0.00107455404941, 0.00559264421463, -0.00143514911178, 0.000772765197325, -0.00099951622542, -0.00181859650183, 0.000632298586424, 0.00108810840175], [-0.000809494464193, -0.000497005414218, 0.000333381030941, -0.000436875183368, -0.00187126034871, -0.00216295290738, -0.00143514911178, 0.00983256846666, 0.00105848337989, -0.00158736202866, 6.66702544549e-05, -7.38679154892e-05, -0.00172007340007], [0.00026552984491, -0.000151631800691, -0.000428486586316, -0.000185616605449, -0.00217505753972, -0.00201755133457, 0.000772765197325, 0.00105848337989, 0.0102501343936, 0.000883359112777, -0.00284586567432, -0.00256104418077, 0.00169048225507], [-0.000192716703168, -0.000696367002092, -0.000152155247633, 0.00080240808893, 0.00062985252589, 0.0017463255208, -0.00099951622542, -0.00158736202866, 0.000883359112777, 0.0119341947138, -0.00381426350214, -0.00233735144138, 0.000224087139941], [-0.000509573204909, 8.13683509477e-05, -0.000167387115653, -0.000757254019845, 0.00347194541246, -0.00116201280616, -0.00181859650183, 6.66702544549e-05, -0.00284586567432, -0.00381426350214, 0.0156913008541, -0.00458747148514, -0.00179246324115], [0.000651272246614, 0.000112610607175, 0.000140036223456, 0.000381094723707, -0.000571642362047, 0.00097019871464, 0.000632298586424, -7.38679154892e-05, -0.00256104418077, -0.00233735144138, -0.00458747148514, 0.0171184726059, -0.0054277786985], [-0.000323022744851, -0.000798646826297, -0.000150623352965, 0.000671299756505, -0.00110613403376, -0.000385777355405, 0.00108810840175, -0.00172007340007, 0.00169048225507, 0.000224087139941, -0.00179246324115, -0.0054277786985, 0.0148856351152]]
    },
    "spectral_contrast_coeffs": {
        "max": [-0.424413859844, -0.463103473186, -0.496144413948, -0.591553866863, -0.61038517952, -0.533653199673],
        "mean": [-0.751532316208, -0.751006305218, -0.768289506435, -0.795917510986, -0.78140693903, -0.761949181557],
        "min": [-0.903583943844, -0.937489390373, -0.928106606007, -0.910980641842, -0.889506518841, -0.936738491058],
        "stdev": [0.0717018693686, 0.0912309885025, 0.0734878480434, 0.0533176362514, 0.0540640838444, 0.0498392507434]
    },
    "spectral_contrast_valleys": {
        "max": [-4.91780281067, -4.9827041626, -5.71232414246, -5.65489292145, -5.53674507141, -7.7703166008],
        "mean": [-6.81403827667, -6.77229404449, -7.33182954788, -7.67308521271, -7.64210700989, -10.5546293259],
        "min": [-8.7500038147, -8.25078296661, -9.04249858856, -9.40463733673, -10.1165323257, -16.861328125],
        "stdev": [0.59744900465, 0.459719836712, 0.525146663189, 0.579273641109, 0.732570827007, 1.66451001167]
    }
},
"rhythm": {
    "beats_count": 90,
    "beats_loudness": {
        "max": 0.0742806717753,
        "mean": 0.0280354414135,
        "min": 0.00216256128624,
        "stdev": 0.0167770124972
    },
    "bpm": 156.052322388,
    "bpm_histogram_first_peak_bpm": 157,
    "bpm_histogram_first_peak_weight": 0.278688549995,
    "bpm_histogram_second_peak_bpm": 148,
    "bpm_histogram_second_peak_spread": 0.476190507412,
    "bpm_histogram_second_peak_weight": 0.123595505953,
    "danceability": 0.985210001469,
    "onset_rate": 3.30532240868,
    "beats_loudness_band_ratio": {
        "max": [0.973480403423, 0.433132708073, 0.875048398972, 0.703370511532, 0.372939914465, 0.770152330399],
        "mean": [0.456824421883, 0.097798615694, 0.189454764128, 0.133546039462, 0.0683607161045, 0.0803178921342],
        "min": [0.00405170256272, 0.00428093038499, 0.00647304207087, 0.0041062971577, 0.00361993396655, 0.000189624988707],
        "stdev": [0.308173298836, 0.102576233447, 0.217212259769, 0.141782596707, 0.0774109065533, 0.116373918951]
    },
