{
"metadata": {
    "version": {
        "essentia": "2.1-beta5",
        "essentia_git_sha": "Undefined",
        "extractor": "music 2.0"
    },
    "audio_properties": {
        "analysis": {
            "equal_loudness": 0,
            "length": 12.7477550507,
            "sample_rate": 44100,
            "start_time": 0,
            "downmix": "mix"
        },
        "bit_rate": 192000,
        "length": 176.645812988,
        "lossless": 0,
        "number_channels": 2,
        "replay_gain": -6.21098899841,
        "sample_rate": 48000,
        "codec": "mp3",
        "md5_encoded": "12022c52d1878305e55e1755a568bc19"
    },
    "tags": {
        "file_name": "Poland_Pali się_Tulia.mp3",
        "encoding": ["Lavf58.29.100"]
    }
},
"lowlevel": {
    "average_loudness": 0.944803774357,
    "barkbands_crest": {
        "max": 23.3523445129,
        "mean": 9.55838298798,
        "min": 2.97388005257,
        "stdev": 3.94163560867
    },
    "barkbands_flatness_db": {
        "max": 0.314751684666,
        "mean": 0.190551370382,
        "min": 0.055395282805,
        "stdev": 0.0529049374163
    },
    "barkbands_kurtosis": {
        "max": 19.3995132446,
        "mean": 1.54592347145,
        "min": -1.71092295647,
        "stdev": 2.9729552269
    },
    "barkbands_skewness": {
        "max": 3.47077035904,
        "mean": 0.59047216177,
        "min": -2.8345553875,
        "stdev": 0.958586812019
    },
    "barkbands_spread": {
        "max": 118.004615784,
        "mean": 16.0165061951,
        "min": 3.73873758316,
        "stdev": 15.4772796631
    },
    "dissonance": {
        "max": 0.500000119209,
        "mean": 0.485898941755,
        "min": 0.423675060272,
        "stdev": 0.0133234700188
    },
    "dynamic_complexity": 2.50919556618,
    "erbbands_crest": {
        "max": 30.9169845581,
        "mean": 10.8513746262,
        "min": 4.01009511948,
        "stdev": 4.6427063942
    },
    "erbbands_flatness_db": {
        "max": 0.377803236246,
        "mean": 0.270581930876,
        "min": 0.067069336772,
        "stdev": 0.0643570572138
    },
    "erbbands_kurtosis": {
        "max": 37.0861167908,
        "mean": 1.61232864857,
        "min": -1.70357906818,
        "stdev": 4.1808514595
    },
    "erbbands_skewness": {
        "max": 5.08526754379,
        "mean": 0.723275005817,
        "min": -2.85721111298,
        "stdev": 1.04152822495
    },
    "erbbands_spread": {
        "max": 84.7992019653,
        "mean": 20.6172161102,
        "min": 4.56441354752,
        "stdev": 14.4538621902
    },
    "hfc": {
        "max": 212.513244629,
        "mean": 26.9010734558,
        "min": 1.04452240467,
        "stdev": 24.8109092712
    },
    "loudness_ebu128": {
        "integrated": -18.9153118134,
        "loudness_range": 5.42830467224,
        "momentary": {
            "max": -15.6561803818,
            "mean": -19.9039230347,
            "min": -29.7155342102,
            "stdev": 3.16977477074
        },
        "short_term": {
            "max": -16.7192649841,
            "mean": -19.5434684753,
            "min": -23.4096794128,
            "stdev": 1.84551823139
        }
    },
    "melbands_crest": {
        "max": 30.7853412628,
        "mean": 12.1381483078,
        "min": 4.05879259109,
        "stdev": 5.23308563232
    },
    "melbands_flatness_db": {
        "max": 0.248945251107,
        "mean": 0.161737918854,
        "min": 0.0500882007182,
        "stdev": 0.0343395546079
    },
    "melbands_kurtosis": {
        "max": 37.0915603638,
        "mean": 3.91023826599,
        "min": -1.58446037769,
        "stdev": 5.64610338211
    },
    "melbands_skewness": {
        "max": 4.0762424469,
        "mean": 1.14059233665,
        "min": -0.582015454769,
        "stdev": 0.787916719913
    },
    "melbands_spread": {
        "max": 292.541809082,
        "mean": 32.191619873,
        "min": 4.84969186783,
        "stdev": 40.3075447083
    },
    "pitch_salience": {
        "max": 0.894112050533,
        "mean": 0.637139499187,
        "min": 0.235816910863,
        "stdev": 0.105101615191
    },
    "silence_rate_20dB": {
        "max": 1,
        "mean": 1,
        "min": 1,
        "stdev": 0
    },
    "silence_rate_30dB": {
        "max": 1,
        "mean": 1,
        "min": 1,
        "stdev": 0
    },
    "silence_rate_60dB": {
        "max": 1,
        "mean": 0.0818181782961,
        "min": 0,
        "stdev": 0.274087965488
    },
    "spectral_centroid": {
        "max": 6233.22216797,
        "mean": 2193.93579102,
        "min": 1060.90039062,
        "stdev": 874.683959961
    },
    "spectral_complexity": {
        "max": 44,
        "mean": 19.1836357117,
        "min": 0,
        "stdev": 9.06345558167
    },
    "spectral_decrease": {
        "max": -4.7134025849e-11,
        "mean": -2.91305979339e-09,
        "min": -1.11598668084e-08,
        "stdev": 1.85694915e-09
    },
    "spectral_energy": {
        "max": 0.0486909039319,
        "mean": 0.0134345665574,
        "min": 0.000619292783085,
        "stdev": 0.00813220441341
    },
    "spectral_energyband_high": {
        "max": 0.0185109693557,
        "mean": 0.00148573121987,
        "min": 2.86779923044e-05,
        "stdev": 0.00223413459025
    },
    "spectral_energyband_low": {
        "max": 0.00635973503813,
        "mean": 0.000227252210607,
        "min": 5.32703436917e-10,
        "stdev": 0.000635765376501
    },
    "spectral_energyband_middle_high": {
        "max": 0.0447794124484,
        "mean": 0.00972748082131,
        "min": 1.81340255949e-05,
        "stdev": 0.00690756738186
    },
    "spectral_energyband_middle_low": {
        "max": 0.0208387281746,
        "mean": 0.00233525037766,
        "min": 4.84797819809e-05,
        "stdev": 0.00285995402373
    },
    "spectral_entropy": {
        "max": 8.76109600067,
        "mean": 7.68484020233,
        "min": 7.02093982697,
        "stdev": 0.289784193039
    },
    "spectral_flux": {
        "max": 0.149912536144,
        "mean": 0.0675575435162,
        "min": 0.0159468390048,
        "stdev": 0.0260744951665
    },
    "spectral_kurtosis": {
        "max": 15.261013031,
        "mean": 4.29304122925,
        "min": -1.07585287094,
        "stdev": 2.21441030502
    },
    "spectral_rms": {
        "max": 0.0068922652863,
        "mean": 0.0034277474042,
        "min": 0.000777295383159,
        "stdev": 0.00116509420332
    },
    "spectral_rolloff": {
        "max": 14922.5097656,
        "mean": 3288.82543945,
        "min": 839.794921875,
        "stdev": 3066.95410156
    },
    "spectral_skewness": {
        "max": 2.95900583267,
        "mean": 1.332285285,
        "min": 0.47469574213,
        "stdev": 0.379930347204
    },
    "spectral_spread": {
        "max": 18397000,
        "mean": 3902037.25,
        "min": 1903811.875,
        "stdev": 3072810
    },
    "spectral_strongpeak": {
        "max": 24.3392925262,
        "mean": 2.42470669746,
        "min": 0.00923629570752,
        "stdev": 2.82834839821
    },
    "zerocrossingrate": {
        "max": 0.47314453125,
        "mean": 0.109931640327,
        "min": 0.04052734375,
        "stdev": 0.0906165912747
    },
    "barkbands": {
        "max": [0.000968052772805, 0.0055890865624, 0.00145911669824, 0.0028187665157, 0.00138231401797, 0.00115769298282, 0.00123295304365, 0.00252844463103, 0.0186199806631, 0.0213884990662, 0.010473662056, 0.025509133935, 0.0125076621771, 0.00555006274953, 0.0147204985842, 0.0105635495856, 0.00973443221301, 0.00294548482634, 0.00707617867738, 0.00693503767252, 0.00515050115064, 0.00226984755136, 0.000128966814373, 0.000375338859158, 0.0132409222424, 0.00449724355713, 0.00105649768375],
        "mean": [1.62027899933e-05, 0.000132218221552, 5.40714863746e-05, 4.6663251851e-05, 3.43303472619e-05, 4.67081081297e-05, 6.99716474628e-05, 0.000157338683493, 0.00147116393782, 0.00241112150252, 0.00102036609314, 0.00161636376288, 0.00116957060527, 0.000680812518112, 0.000725696154404, 0.000543418806046, 0.000440225703642, 0.000321574916597, 0.000755536020733, 0.00056225573644, 0.000524925941136, 0.000154574445332, 2.1809253667e-05, 2.96924699796e-05, 0.00030034352676, 9.3883711088e-05, 3.3737065678e-05],
        "min": [3.28112467751e-11, 1.91884785838e-10, 5.19154120734e-12, 1.1157964136e-10, 3.66862202839e-08, 1.66230066156e-07, 1.32226193728e-06, 2.42980331677e-06, 8.69954931204e-07, 7.71637246544e-07, 6.25408233645e-07, 1.30841010559e-06, 2.71553449238e-06, 1.27552118556e-06, 4.89722833663e-06, 2.76507216768e-06, 1.12126281238e-06, 1.6000086589e-06, 8.92232037586e-07, 5.11973155426e-07, 2.14217288885e-06, 3.65034838978e-06, 2.11658311855e-06, 6.49571518352e-07, 1.33020483517e-09, 4.63136785867e-11, 3.76812678282e-11],
        "stdev": [6.10933930147e-05, 0.000407838670071, 0.000163741264259, 0.000224323492148, 0.000112358509796, 8.70886724442e-05, 0.000121941418911, 0.000234155028011, 0.00217617372982, 0.00301939365454, 0.00140911305789, 0.00273920199834, 0.00175027246587, 0.000721161137335, 0.00157331989612, 0.00121284229681, 0.000990026979707, 0.000422371871537, 0.00121504988056, 0.000936009048019, 0.000908476067707, 0.000277933839243, 1.74888300535e-05, 4.68851903861e-05, 0.00127004261594, 0.00040996124153, 0.000135792040965]
    },
    "erbbands": {
        "max": [0.0845390409231, 1.46693992615, 1.72061896324, 7.03113460541, 7.39171266556, 4.20421743393, 9.13226890564, 7.13812398911, 18.7255458832, 18.8148708344, 75.9144134521, 340.003387451, 657.903503418, 1066.85974121, 524.557556152, 725.550354004, 466.885498047, 324.935821533, 856.680419922, 725.441711426, 208.249053955, 608.048461914, 146.767883301, 274.749237061, 443.434539795, 394.609985352, 264.556030273, 141.247055054, 134.798278809, 12.7445640564, 3.0784535408, 12.1197290421, 10.7897281647, 223.677337646, 46.0305099487, 10.0647115707, 14.5820360184, 0.963249266148, 0.275976777077, 0.0173246897757],
        "mean": [0.00410826224834, 0.0282000117004, 0.0625709146261, 0.124325700104, 0.124854721129, 0.108558796346, 0.189387321472, 0.494547396898, 0.856345057487, 1.60805845261, 5.63168144226, 29.2944774628, 70.8567504883, 62.595035553, 44.4976196289, 67.1186447144, 55.7188415527, 38.4004859924, 40.0768127441, 35.2639846802, 21.5708332062, 27.7354698181, 17.4356231689, 26.354719162, 37.8877449036, 28.1380691528, 30.2054252625, 12.9115619659, 6.8876247406, 1.53110027313, 0.61548024416, 0.703000664711, 0.559148550034, 4.84690952301, 1.14063692093, 0.333816438913, 0.217371985316, 0.0294691715389, 0.00782156549394, 0.000293503515422],
        "min": [2.62776040927e-08, 9.83810153343e-08, 2.71380883987e-07, 1.90522428056e-06, 5.04819290654e-05, 0.000318300328217, 0.00101295870263, 0.00408297637478, 0.0198522806168, 0.0561971515417, 0.0417892187834, 0.0274682529271, 0.016258161515, 0.0295237898827, 0.0168830379844, 0.0623453110456, 0.114486776292, 0.0791698023677, 0.128653556108, 0.274468243122, 0.129556268454, 0.078678548336, 0.080072529614, 0.040314424783, 0.0550903454423, 0.0212132297456, 0.0832267478108, 0.0631230846047, 0.105755656958, 0.103087417781, 0.0541173890233, 0.023337572813, 0.00378676736727, 0.000660234945826, 6.92451139912e-05, 1.33083867695e-05, 3.64534071196e-06, 7.7881014704e-07, 5.06851392856e-07, 8.42439476401e-07],
        "stdev": [0.0111743686721, 0.0967216491699, 0.180025845766, 0.551790952682, 0.531724095345, 0.318424642086, 0.597365438938, 0.754241645336, 1.55033123493, 1.82970607281, 7.75161981583, 41.5938720703, 88.658203125, 80.3670883179, 64.9102554321, 102.020690918, 71.9157028198, 40.1587219238, 74.2219009399, 76.7613067627, 32.6339149475, 64.3520965576, 22.4388122559, 37.4896125793, 63.2561264038, 48.1987571716, 51.212688446, 21.5702457428, 13.7395133972, 1.59692788124, 0.496545642614, 1.24407935143, 1.14051234722, 20.9501953125, 4.53618621826, 1.34758913517, 1.10940337181, 0.109429113567, 0.0335895046592, 0.00139469187707]
    },
    "gfcc": {
        "mean": [-68.4187850952, 23.7455921173, -220.908401489, -7.27154541016, -80.3694992065, 15.3573989868, -20.8424549103, 7.7893037796, -24.7921333313, -5.4344496727, -10.8989839554, -11.9804353714, -0.911901175976],
        "cov": [[1620.95788574, -298.669921875, 1208.10461426, 41.1948394775, 447.457244873, 153.382522583, 119.062042236, 214.337280273, -82.2149581909, 282.933227539, 75.3050994873, 189.15788269, -27.0510368347], [-298.669921875, 3611.33569336, 496.039154053, 957.436462402, 501.475067139, 848.408752441, 765.976623535, 0.558083534241, 795.838500977, -631.265380859, 318.265197754, -295.293487549, -88.1343231201], [1208.10461426, 496.039154053, 4024.0637207, 78.123374939, 1282.15246582, 738.545654297, -51.840801239, 424.253814697, 33.9092216492, 304.344818115, 149.218338013, 303.773132324, -368.588531494], [41.1948394775, 957.436462402, 78.123374939, 462.999267578, 153.23916626, 192.276138306, 217.985580444, -13.4913492203, 206.08795166, -191.145019531, 50.3695869446, -109.391700745, 25.1857566833], [447.457244873, 501.475067139, 1282.15246582, 153.23916626, 551.350036621, 348.549987793, 112.80695343, 131.320983887, 94.494758606, 45.034954071, 70.6547851562, 74.681388855, -126.143783569], [153.382522583, 848.408752441, 738.545654297, 192.276138306, 348.549987793, 451.296661377, 202.431442261, 81.1508331299, 173.952011108, -65.66822052, 103.84488678, -9.96483802795, -90.4891281128], [119.062042236, 765.976623535, -51.840801239, 217.985580444, 112.80695343, 202.431442261, 340.280029297, 14.9191207886, 220.340240479, -140.309738159, 81.2230682373, -63.2145652771, 15.4937477112], [214.337280273, 0.558083534241, 424.253814697, -13.4913492203, 131.320983887, 81.1508331299, 14.9191207886, 149.078445435, 17.531791687, 62.3580093384, 4.037525177, 57.2571792603, -37.0267372131], [-82.2149581909, 795.838500977, 33.9092216492, 206.08795166, 94.494758606, 173.952011108, 220.340240479, 17.531791687, 272.428527832, -152.826980591, 88.1419906616, -78.9959259033, 3.14988470078], [282.933227539, -631.265380859, 304.344818115, -191.145019531, 45.034954071, -65.66822052, -140.309738159, 62.3580093384, -152.826980591, 236.893432617, -26.336309433, 115.649917603, -38.50756073], [75.3050994873, 318.265197754, 149.218338013, 50.3695869446, 70.6547851562, 103.84488678, 81.2230682373, 4.037525177, 88.1419906616, -26.336309433, 136.242294312, 10.6235570908, 7.31022262573], [189.15788269, -295.293487549, 303.773132324, -109.391700745, 74.681388855, -9.96483802795, -63.2145652771, 57.2571792603, -78.9959259033, 115.649917603, 10.6235570908, 126.502990723, -24.0093135834], [-27.0510368347, -88.1343231201, -368.588531494, 25.1857566833, -126.143783569, -90.4891281128, 15.4937477112, -37.0267372131, 3.14988470078, -38.50756073, 7.31022262573, -24.0093135834, 112.400497437]],
        "icov": [[0.00173775863368, 0.000226455187658, -0.000387765961932, -0.000896423822269, -0.000490917824209, 0.000729395018425, -0.00229365448467, -0.000931987771764, 0.00154128414579, -0.00197482900694, -0.000993474968709, 0.000369512068573, -0.00100572383963], [0.000226455187658, 0.0026131675113, -6.30033755442e-05, -0.00245858845301, 0.000571730022784, -0.00166723120492, -0.000805784773547, 6.07761321589e-05, -0.00205798703246, 0.00271973549388, -0.00208987551741, -0.000144307734445, 0.00297284335829], [-0.000387765961932, -6.30033755442e-05, 0.00182798551396, 0.000422090321081, -0.0035258566495, -0.000475162058137, 0.00225940160453, -0.00133566057775, -0.000263274705503, 0.000529246870428, -0.000666930165607, -0.000245889241342, 0.000845716916956], [-0.000896423822269, -0.00245858845301, 0.000422090321081, 0.00773195689544, -0.00298186624423, 0.000987607170828, 0.00115128885955, 0.000451658444945, 0.000447331287432, 0.000326570501784, 0.00285169435665, 0.00234385346994, -0.00463867234066], [-0.000490917824209, 0.000571730022784, -0.0035258566495, -0.00298186624423, 0.0137872137129, -0.00302331894636, -0.00295769819058, 0.00247391406447, -0.00146310369018, -0.000349613488652, 0.0017231926322, -0.0032221598085, 0.00281873345375], [0.000729395018425, -0.00166723120492, -0.000475162058137, 0.000987607170828, -0.00302331894636, 0.00870401319116, -0.00286244624294, -0.00167323451024, 0.00261125830002, -0.00173027603887, -0.00189087097533, 0.00227408576757, 0.000489206169732], [-0.00229365448467, -0.000805784773547, 0.00225940160453, 0.00115128885955, -0.00295769819058, -0.00286244624294, 0.0121657112613, -0.000155482557602, -0.0057536130771, 0.00262970104814, 0.00109724490903, -0.00143291894346, -0.000699930009432], [-0.000931987771764, 6.07761321589e-05, -0.00133566057775, 0.000451658444945, 0.00247391406447, -0.00167323451024, -0.000155482557602, 0.0134768001735, -0.00497387256473, -0.00172499753535, 0.00462943781167, -0.00465169595554, -0.00051381974481], [0.00154128414579, -0.00205798703246, -0.000263274705503, 0.000447331287432, -0.00146310369018, 0.00261125830002, -0.0057536130771, -0.00497387256473, 0.0163608007133, -0.000390258675907, -0.0045243143104, 0.00496216351166, -0.00182948692236], [-0.00197482900694, 0.00271973549388, 0.000529246870428, 0.000326570501784, -0.000349613488652, -0.00173027603887, 0.00262970104814, -0.00172499753535, -0.000390258675907, 0.0177504010499, -0.00224198354408, -0.00469690747559, 0.00583819812164], [-0.000993474968709, -0.00208987551741, -0.000666930165607, 0.00285169435665, 0.0017231926322, -0.00189087097533, 0.00109724490903, 0.00462943781167, -0.0045243143104, -0.00224198354408, 0.0154054183513, -0.00518390862271, -0.0056689362973], [0.000369512068573, -0.000144307734445, -0.000245889241342, 0.00234385346994, -0.0032221598085, 0.00227408576757, -0.00143291894346, -0.00465169595554, 0.00496216351166, -0.00469690747559, -0.00518390862271, 0.0206514447927, -0.00147572171409], [-0.00100572383963, 0.00297284335829, 0.000845716916956, -0.00463867234066, 0.00281873345375, 0.000489206169732, -0.000699930009432, -0.00051381974481, -0.00182948692236, 0.00583819812164, -0.0056689362973, -0.00147572171409, 0.0203877594322]]
    },
    "melbands": {
        "max": [0.00122829014435, 0.00129724782892, 0.00114217959344, 0.000395404087612, 0.000254968355875, 0.000170912579051, 0.000284549460048, 0.000249913486186, 0.000720500480384, 0.00273569417186, 0.00355313927867, 0.00439964933321, 0.00159799947869, 0.00388974696398, 0.00176937459037, 0.000703636556864, 0.000668497465085, 0.00127421645448, 0.000999919138849, 0.00101068115328, 0.000239959830651, 0.000552878016606, 0.000386344036087, 0.000224396557314, 0.000226102056331, 0.000366496213246, 0.000181989278644, 0.000238399690716, 0.000207390781725, 0.000169266713783, 7.22197073628e-05, 9.92067434709e-05, 1.36717699206e-05, 4.52823769592e-06, 2.59806506619e-06, 1.50145490352e-06, 1.06428615254e-05, 3.74414480575e-06, 6.20929768047e-06, 0.000295466335956],
        "mean": [3.76137904823e-05, 3.48191897501e-05, 2.12031955016e-05, 7.97532084107e-06, 6.32334831607e-06, 1.03454149212e-05, 1.3588971342e-05, 1.99263849936e-05, 5.22344598721e-05, 0.000212550134165, 0.000368850189261, 0.000271350349067, 0.000138684859849, 0.00016773302923, 0.000186904813745, 8.935770893e-05, 6.74520706525e-05, 6.19199854555e-05, 5.04390336573e-05, 4.64446784463e-05, 1.93261348613e-05, 2.73798959824e-05, 1.91928666027e-05, 1.67047437571e-05, 2.01531202038e-05, 3.61181882909e-05, 1.75723944267e-05, 1.8537588403e-05, 2.02664032258e-05, 1.22641422422e-05, 5.89998671785e-06, 4.67762583867e-06, 1.4605478782e-06, 5.61743718208e-07, 3.55977192612e-07, 2.70952597248e-07, 5.11002497205e-07, 2.61730804141e-07, 3.56832998705e-07, 6.27110284768e-06],
        "min": [8.79124689712e-11, 4.29182279993e-11, 8.09368183585e-10, 8.49435188854e-09, 2.71763216375e-08, 6.69953124088e-08, 3.17152199614e-07, 7.71516397435e-07, 2.37024039507e-07, 1.46315528582e-07, 8.04602535709e-08, 1.2434932728e-07, 6.9177914952e-08, 6.73626701087e-08, 2.66654780035e-07, 2.48670147585e-07, 1.37261366717e-07, 1.35533582579e-07, 5.26678945789e-07, 1.91458440213e-07, 1.43401479136e-07, 9.00053933606e-08, 5.197880526e-08, 7.7220263961e-08, 2.26706102779e-08, 5.15243208099e-08, 2.0712239035e-08, 1.04882591501e-08, 4.40467289309e-08, 7.2791401351e-08, 2.05066044145e-08, 3.83007936477e-08, 6.57113190528e-08, 2.63098787201e-08, 2.83827379377e-08, 2.42149109653e-08, 7.92689114348e-09, 2.11550221785e-10, 2.9514574118e-10, 1.27914961609e-11],
        "stdev": [0.000107839448901, 0.000103866768768, 8.99536025827e-05, 2.7944393878e-05, 1.82097355719e-05, 1.6030995539e-05, 2.49608274316e-05, 2.35244006035e-05, 7.42206102586e-05, 0.00031456144643, 0.000463366683107, 0.000355738768121, 0.000202078415896, 0.000328089023242, 0.000306796078803, 9.99179756036e-05, 7.86256423453e-05, 0.000109288739623, 0.00010594518244, 0.000121773962746, 3.09871429636e-05, 6.36672120891e-05, 3.42150669894e-05, 2.64419613814e-05, 2.92763179459e-05, 6.37682896922e-05, 2.78661591437e-05, 3.22943196807e-05, 3.52178540197e-05, 2.10726939258e-05, 1.04870769064e-05, 9.99781514111e-06, 2.02879164135e-06, 5.42238694834e-07, 3.35112417815e-07, 2.41605050633e-07, 1.09037341645e-06, 3.71864729232e-07, 7.60162720326e-07, 2.76858136203e-05]
    },
    "melbands128": {
        "max": [0.000842129578814, 0.00068720075069, 0.00187926238868, 0.00276261940598, 0.0013727187179, 0.000971201632638, 0.00161201553419, 0.00143979117274, 0.000732625718229, 0.000348661502358, 0.000199263275135, 0.000187931669643, 0.000421618431574, 0.000290192983812, 0.000160913448781, 0.000162740499945, 0.000152012260514, 0.000531424826477, 0.000270306889433, 0.000162548632943, 0.000477524910821, 0.000362253282219, 0.000972260779236, 0.00110105460044, 0.0021825528238, 0.0052644489333, 0.00542449951172, 0.00339252618141, 0.00667008385062, 0.00478180591017, 0.00737732602283, 0.00145598768722, 0.0030154439155, 0.00331455119886, 0.00643566576764, 0.00453463243321, 0.00370851787739, 0.00390416476876, 0.003184273839, 0.00124467676505, 0.000825546274427, 0.000696482253261, 0.00138012913521, 0.000772864441387, 0.000618034042418, 0.00202341843396, 0.0027073523961, 0.00190595968161, 0.000898990780115, 0.00264712632634, 0.0018088973593, 0.000519600755069, 0.000390744447941, 0.000402858160669, 0.00026228473871, 0.000669915811159, 0.0019859529566, 0.000290829426376, 0.000258887099335, 0.000143958779518, 0.000452524458524, 0.000277590443147, 0.000237166823354, 0.000154954774189, 0.000980872078799, 0.00064368423773, 0.000818946398795, 0.000312361778924, 0.00024170379038, 0.000809672288597, 0.000421370350523, 0.000397392199375, 0.000346433836967, 0.000485169439344, 0.000323794520227, 0.000298919359921, 0.000162517419085, 0.000171592226252, 0.000115389040729, 0.000157202986884, 8.93783435458e-05, 0.000195250700926, 2.66033439402e-05, 1.45878411786e-05, 2.16503431147e-05, 7.92719038145e-06, 5.99831128056e-06, 4.57808937426e-06, 3.1426741316e-06, 4.24776635555e-06, 2.12626991924e-06, 2.00456406674e-06, 3.33012576448e-06, 2.29373272305e-05, 5.07581717102e-06, 2.37844778894e-06, 9.48520664679e-06, 5.45886405234e-06, 5.64079709875e-06, 5.30754005013e-06, 4.16015827795e-05, 0.000590118521359, 0.000347976922058, 2.0883837351e-05, 3.3415847156e-06, 1.1874806205e-06, 3.3491985505e-06, 8.06281332189e-06, 2.97288534057e-05, 1.90388545889e-05, 6.13546289969e-05, 4.1544175474e-05, 0.000124518439407, 8.17113686935e-06, 3.17170997732e-05, 1.4762522369e-05, 3.21918787449e-06, 1.32270897666e-05, 1.54434856086e-05, 1.59537157742e-05, 1.53949731612e-05, 2.14921001316e-05, 1.5671201254e-05, 1.03556452302e-07, 2.93562152365e-09, 2.89258128561e-09, 2.86489720835e-09, 2.84613488333e-09],
        "mean": [1.32004215629e-05, 3.29731665261e-05, 4.80285198137e-05, 4.65645680379e-05, 3.39639263984e-05, 2.60733286268e-05, 2.69550546363e-05, 2.07705670618e-05, 1.15612501759e-05, 7.32474472898e-06, 5.4074585023e-06, 5.38983113074e-06, 5.85747193327e-06, 7.64338710724e-06, 1.37933639053e-05, 9.09575555852e-06, 9.28325789573e-06, 1.70998573594e-05, 1.54080116772e-05, 1.40684669532e-05, 2.36909472733e-05, 3.2596548408e-05, 4.73211439385e-05, 7.77659734013e-05, 0.000139871495776, 0.000296832877211, 0.000328510272084, 0.000325447501382, 0.000507187796757, 0.00028326670872, 0.00023135196534, 0.000139719471917, 0.000129612148157, 0.000124503756524, 0.000172010230017, 0.000175671666511, 0.000163901349879, 0.000232699865592, 0.000174713946762, 9.33898991207e-05, 6.73554386594e-05, 8.26518298709e-05, 7.90034828242e-05, 5.18833767273e-05, 4.78775436932e-05, 6.44305036985e-05, 8.12916550785e-05, 4.96539287269e-05, 3.17673875543e-05, 5.63701651117e-05, 5.6012901041e-05, 2.93352186418e-05, 2.1392119379e-05, 1.58261718752e-05, 1.02650701592e-05, 2.60631768469e-05, 5.14174789714e-05, 1.77639722097e-05, 1.1541225831e-05, 1.04173795989e-05, 1.90914379345e-05, 1.97647423192e-05, 1.42902608786e-05, 1.41171076393e-05, 3.91427784052e-05, 4.5304554078e-05, 3.20341496263e-05, 1.46873180711e-05, 1.38935920404e-05, 2.09358695429e-05, 1.78553327714e-05, 1.82310122909e-05, 1.86668858078e-05, 2.07659741136e-05, 2.38662996708e-05, 1.18160724014e-05, 7.31500722395e-06, 8.75932619238e-06, 4.63542983198e-06, 4.67812196803e-06, 5.6314934227e-06, 4.75447131976e-06, 2.17412934944e-06, 1.07400160232e-06, 9.19233400509e-07, 6.15991496034e-07, 4.6610176696e-07, 3.91096563135e-07, 3.76451993134e-07, 3.12558654514e-07, 2.29495711324e-07, 2.59441605976e-07, 2.83026963643e-07, 8.10360006653e-07, 3.90674415485e-07, 2.25738787663e-07, 2.44374319891e-07, 2.9663846135e-07, 2.85574373038e-07, 2.73010243745e-07, 1.23733002511e-06, 1.12276366053e-05, 7.77157947596e-06, 6.56521876863e-07, 2.09974999166e-07, 9.13087276899e-08, 9.04165773363e-08, 1.48338486383e-07, 7.51664231302e-07, 5.91818377416e-07, 1.09374525437e-06, 8.26807195153e-07, 1.06075685835e-06, 2.14350194483e-07, 3.48984372067e-07, 1.88578383131e-07, 9.61568034086e-08, 2.43951575385e-07, 2.03299777013e-07, 3.09908131157e-07, 2.28411153103e-07, 2.99934470149e-07, 1.22398262192e-07, 1.37541911194e-09, 7.215378902e-12, 6.802177311e-12, 6.62715542166e-12, 6.55887844037e-12],
        "min": [1.21636234071e-11, 1.60288362444e-11, 5.04457309258e-11, 1.37563051228e-11, 2.43988631382e-11, 2.99623390335e-12, 8.3164822251e-11, 3.47799601619e-11, 5.94625459982e-10, 7.16277703816e-09, 8.27734325526e-09, 3.98989641326e-09, 5.83097570228e-09, 1.63387046115e-08, 3.20427631095e-08, 2.51409417729e-08, 7.98237564936e-08, 7.85296521144e-08, 1.26667856648e-07, 8.49710772854e-08, 1.43154366583e-07, 2.9216096209e-07, 1.3417073319e-07, 1.54996712354e-07, 2.8751455261e-07, 6.65231212338e-08, 1.7755255044e-08, 5.9164520394e-08, 1.7258507512e-07, 1.19885626759e-07, 1.21394194252e-07, 1.10182142521e-07, 7.80826425739e-08, 2.93868840373e-08, 6.63750387986e-09, 2.38501183247e-08, 2.41549599878e-07, 3.0874980439e-07, 2.80828601262e-07, 2.1754557622e-07, 2.7806424896e-07, 2.65629893192e-07, 5.09326447684e-08, 1.009549635e-07, 2.34176255276e-07, 2.76373661734e-08, 1.33732854124e-07, 2.27315027246e-07, 4.56069500387e-07, 2.54766177932e-07, 1.6979448958e-07, 3.92545516092e-08, 8.1351231529e-08, 1.07054312082e-07, 8.12200013911e-08, 1.16686415197e-07, 1.99248457733e-08, 1.10418945098e-08, 1.04076541163e-07, 5.5009802935e-08, 1.06377825659e-07, 5.61271775723e-08, 2.91192048252e-08, 3.13060510848e-09, 2.45648816843e-08, 7.85093234867e-08, 5.01171939504e-08, 2.58069956516e-08, 1.59302420144e-08, 7.87796672341e-09, 3.28079452494e-09, 1.06183550841e-08, 3.96045543027e-08, 2.80403593678e-08, 2.32016681423e-08, 1.65153615228e-08, 6.09504908766e-08, 3.46338282498e-08, 9.88744375263e-09, 1.33504851618e-08, 2.04321271013e-08, 3.42255752628e-08, 6.06627708066e-08, 4.42844978465e-08, 4.75301975555e-09, 4.13555634182e-10, 5.96830640465e-11, 3.87199872165e-09, 3.53768681016e-09, 8.67369842616e-10, 4.89784968138e-09, 2.54926812993e-09, 4.69169458839e-09, 7.8217263777e-09, 1.06989850313e-09, 1.84335220699e-11, 6.75638156533e-11, 5.01688517118e-11, 1.23533553179e-11, 1.9595885678e-11, 1.08949602812e-11, 2.77640513661e-13, 2.33057063231e-13, 2.31610873059e-13, 2.71608771715e-13, 2.83871559072e-13, 2.37843761613e-13, 2.5357287884e-13, 2.00189731871e-13, 2.03513014817e-13, 1.80726879859e-13, 1.63240460645e-13, 9.77660335501e-14, 1.73790560935e-13, 1.45426585271e-13, 1.46506247346e-13, 1.3034339504e-13, 1.26737026906e-13, 1.48913189722e-13, 1.31867092116e-13, 1.46530790973e-13, 9.81780439282e-14, 1.20674005727e-13, 1.38525435155e-13, 9.75395098349e-14, 3.68255806979e-14, 5.36627474634e-15, 2.55678086269e-16],
        "stdev": [5.02381808474e-05, 9.03950349311e-05, 0.000153343920829, 0.00017304510402, 0.000106050203613, 8.79086219356e-05, 0.000127114035422, 9.89601030597e-05, 5.3225478041e-05, 2.66460665443e-05, 1.59289811563e-05, 1.65626715898e-05, 2.54937494901e-05, 1.98424786504e-05, 2.39680939558e-05, 1.65342371474e-05, 1.70582970895e-05, 4.17179871874e-05, 3.28889109369e-05, 1.95466582227e-05, 3.93156624341e-05, 4.98979461554e-05, 8.54350946611e-05, 0.000131677647005, 0.000226383053814, 0.000537509971764, 0.000635487260297, 0.000492914987262, 0.000793068204075, 0.000504568277393, 0.00046543951612, 0.000200563896215, 0.000312540272716, 0.000274535879726, 0.000478237838252, 0.000447313388577, 0.000385079241823, 0.000503902498167, 0.000377785763703, 0.000160483905347, 9.50197281782e-05, 0.000109671476821, 0.000132458313601, 7.0397327363e-05, 6.86933053657e-05, 0.000172655389179, 0.000251692807069, 0.00014927025768, 8.31417710287e-05, 0.000198055247893, 0.000177512702066, 7.07555009285e-05, 4.61784402432e-05, 3.67833854398e-05, 1.81310533662e-05, 6.05446548434e-05, 0.000176532310434, 3.11407820845e-05, 1.89057846001e-05, 1.63610711752e-05, 4.4299144065e-05, 3.40098522429e-05, 2.44497859967e-05, 2.29929100897e-05, 9.35878124437e-05, 8.98537764442e-05, 8.07500837254e-05, 3.11989970214e-05, 2.6539692044e-05, 6.29495843896e-05, 4.05529572163e-05, 4.12845329265e-05, 4.31423031841e-05, 5.08549310325e-05, 4.93265470141e-05, 2.55307477346e-05, 1.73900007212e-05, 2.00505619432e-05, 1.08298872874e-05, 1.23750251078e-05, 1.23299996631e-05, 1.62949490914e-05, 3.96207133235e-06, 1.5292482658e-06, 1.48765786889e-06, 8.44189969484e-07, 6.55516203096e-07, 4.66682365641e-07, 4.3449975351e-07, 4.80049266116e-07, 2.29798857276e-07, 2.69578350753e-07, 3.63153986882e-07, 2.29374427363e-06, 6.42309714749e-07, 3.06269214434e-07, 5.52277469978e-07, 7.12149414994e-07, 5.84779172641e-07, 5.63998582948e-07, 4.56002908322e-06, 5.18951601407e-05, 3.32219678967e-05, 2.09700260712e-06, 4.47639592949e-07, 1.75609443431e-07, 3.0795823136e-07, 6.06701405559e-07, 3.17972444464e-06, 2.44747207034e-06, 5.67889719605e-06, 3.59106275027e-06, 8.37578409119e-06, 8.54962024732e-07, 1.90171954273e-06, 9.31813247007e-07, 3.45800685864e-07, 1.13847409011e-06, 9.69411530605e-07, 1.54789904627e-06, 1.29268164528e-06, 1.78208495072e-06, 8.78855360043e-07, 8.14121037251e-09, 1.25125257378e-10, 1.23191234991e-10, 1.22008986247e-10, 1.21210166903e-10]
    },
    "mfcc": {
        "mean": [-679.249633789, 60.2729492188, -84.2423858643, -25.1924114227, -39.31772995, -6.90081787109, 5.14474821091, 1.0437592268, 1.3410217762, 1.05082964897, -1.06413209438, -5.08691644669, -7.81907844543],
        "cov": [[1177.93444824, -146.480102539, -289.049285889, 164.606613159, -208.568557739, 17.7716407776, 126.855957031, -4.84932088852, 92.4457550049, 21.0725784302, -27.1512756348, 30.4142837524, 39.3457221985], [-146.480102539, 2112.00195312, 1144.78466797, 324.613708496, 656.320617676, 715.705688477, 236.274154663, 865.528930664, 36.4016075134, 490.384552002, 275.262237549, 237.672866821, -102.736831665], [-289.049285889, 1144.78466797, 1966.97741699, 221.326385498, 1090.11914062, 415.385070801, 378.868865967, 379.879516602, 42.9493103027, 178.232452393, 335.975616455, 169.268035889, 169.703674316], [164.606613159, 324.613708496, 221.326385498, 300.297271729, 150.748840332, 128.504119873, 49.893196106, 143.559020996, 60.1408233643, 70.0951004028, 19.5107116699, 11.8957548141, -5.54990053177], [-208.568557739, 656.320617676, 1090.11914062, 150.748840332, 718.071350098, 256.432220459, 216.139572144, 215.086288452, 33.336807251, 85.7910919189, 188.950744629, 104.85383606, 103.572616577], [17.7716407776, 715.705688477, 415.385070801, 128.504119873, 256.432220459, 378.971862793, 143.866287231, 309.703277588, 41.6733474731, 170.576522827, 108.791778564, 78.2969360352, -3.57769703865], [126.855957031, 236.274154663, 378.868865967, 49.893196106, 216.139572144, 143.866287231, 192.902175903, 96.5497817993, 37.5492286682, 31.2944126129, 81.6134872437, 57.3678665161, 66.2389907837], [-4.84932088852, 865.528930664, 379.879516602, 143.559020996, 215.086288452, 309.703277588, 96.5497817993, 467.986450195, 54.4711914062, 234.3152771, 104.210403442, 103.610816956, -60.055229187], [92.4457550049, 36.4016075134, 42.9493103027, 60.1408233643, 33.336807251, 41.6733474731, 37.5492286682, 54.4711914062, 98.3251647949, 36.6483612061, 21.3289031982, -12.8834209442, 13.473742485], [21.0725784302, 490.384552002, 178.232452393, 70.0951004028, 85.7910919189, 170.576522827, 31.2944126129, 234.3152771, 36.6483612061, 187.059951782, 70.0898895264, 46.5718231201, -47.137878418], [-27.1512756348, 275.262237549, 335.975616455, 19.5107116699, 188.950744629, 108.791778564, 81.6134872437, 104.210403442, 21.3289031982, 70.0898895264, 130.418457031, 58.1736373901, 34.606590271], [30.4142837524, 237.672866821, 169.268035889, 11.8957548141, 104.85383606, 78.2969360352, 57.3678665161, 103.610816956, -12.8834209442, 46.5718231201, 58.1736373901, 109.449295044, 20.0026569366], [39.3457221985, -102.736831665, 169.703674316, -5.54990053177, 103.572616577, -3.57769703865, 66.2389907837, -60.055229187, 13.473742485, -47.137878418, 34.606590271, 20.0026569366, 109.065483093]],
        "icov": [[0.00168189639226, 0.000274055608315, 0.000194615015062, -0.00144380610436, 0.00107501482125, 0.000314159347909, -0.00246013351716, 0.00045269227121, -0.00034510641126, -0.00131256470922, 0.000207669872907, -0.00112392101437, -0.000376484706067], [0.000274055608315, 0.00502132531255, -0.000872921489645, -0.00135281833354, -0.000455065630376, -0.00290285842493, 5.50993863726e-05, -0.00379064423032, 0.00348433479667, -0.00366886658594, -0.000588174967561, -0.0016024109209, 0.00260108639486], [0.000194615015062, -0.000872921489645, 0.00445667980239, -0.000228769466048, -0.00516773341224, 0.00192784843966, -0.00263558328152, -0.000139795520226, 0.00183753587771, -0.00131402735133, -0.00201728870161, 0.00225656433031, -0.00191290560178], [-0.00144380610436, -0.00135281833354, -0.000228769466048, 0.00641706725582, -0.00164419820067, -0.000551879464183, 0.00260184449144, -7.23729244783e-05, -0.00320763885975, 0.00187871535309, 0.00241895206273, 0.00119374063797, 7.40642644814e-05], [0.00107501482125, -0.000455065630376, -0.00516773341224, -0.00164419820067, 0.0108990017325, -0.00155772396829, 2.94193923764e-05, 0.000977119547315, -0.00245057372376, 0.00296141020954, -0.000419514079113, -0.00263379979879, -0.000541471643373], [0.000314159347909, -0.00290285842493, 0.00192784843966, -0.000551879464183, -0.00155772396829, 0.010523667559, -0.00529505079612, -0.00110947911162, 0.000541818852071, -0.00188965036068, -0.000618490215857, 0.00276364199817, -0.00264035025612], [-0.00246013351716, 5.50993863726e-05, -0.00263558328152, 0.00260184449144, 2.94193923764e-05, -0.00529505079612, 0.0172301400453, -0.000975025235675, -0.00386679102667, 0.0057547823526, -0.000754232518375, -0.00204630033113, -0.0024507092312], [0.00045269227121, -0.00379064423032, -0.000139795520226, -7.23729244783e-05, 0.000977119547315, -0.00110947911162, -0.000975025235675, 0.0129932304844, -0.00575094437227, -0.00349826109596, 0.00236205104738, -0.0045094336383, 0.00253829197027], [-0.00034510641126, 0.00348433479667, 0.00183753587771, -0.00320763885975, -0.00245057372376, 0.000541818852071, -0.00386679102667, -0.00575094437227, 0.0202458165586, -0.00641482044011, -0.00370749342255, 0.00719127804041, -0.00350514845923], [-0.00131256470922, -0.00366886658594, -0.00131402735133, 0.00187871535309, 0.00296141020954, -0.00188965036068, 0.0057547823526, -0.00349826109596, -0.00641482044011, 0.023650245741, -0.0058294753544, 0.0005885300925, 0.00361798028462], [0.000207669872907, -0.000588174967561, -0.00201728870161, 0.00241895206273, -0.000419514079113, -0.000618490215857, -0.000754232518375, 0.00236205104738, -0.00370749342255, -0.0058294753544, 0.0202643033117, -0.00513864727691, -0.00277914223261], [-0.00112392101437, -0.0016024109209, 0.00225656433031, 0.00119374063797, -0.00263379979879, 0.00276364199817, -0.00204630033113, -0.0045094336383, 0.00719127804041, 0.0005885300925, -0.00513864727691, 0.0195836331695, -0.00579803436995], [-0.000376484706067, 0.00260108639486, -0.00191290560178, 7.40642644814e-05, -0.000541471643373, -0.00264035025612, -0.0024507092312, 0.00253829197027, -0.00350514845923, 0.00361798028462, -0.00277914223261, -0.00579803436995, 0.0219905339181]]
    },
    "spectral_contrast_coeffs": {
        "max": [-0.541836559772, -0.529558360577, -0.538895368576, -0.558257460594, -0.605654358864, -0.549911022186],
        "mean": [-0.769588768482, -0.77994209528, -0.740613281727, -0.786005139351, -0.786299645901, -0.708011686802],
        "min": [-0.976094782352, -0.918341755867, -0.896527647972, -0.89682418108, -0.872662305832, -0.842463433743],
        "stdev": [0.0707010403275, 0.0605107657611, 0.065596587956, 0.0576105043292, 0.0569183826447, 0.0582207068801]
    },
    "spectral_contrast_valleys": {
        "max": [-6.14344167709, -6.3392663002, -5.33514261246, -6.07998943329, -5.85097837448, -9.12926578522],
        "mean": [-9.61196422577, -7.50909519196, -6.76276683807, -7.13758325577, -7.22687339783, -10.7487258911],
        "min": [-13.7071561813, -8.7483291626, -10.0548992157, -9.43741321564, -9.88020038605, -13.0166463852],
        "stdev": [1.62358880043, 0.445979386568, 0.557095646858, 0.424708515406, 0.535490572453, 0.606372654438]
    }
},
"rhythm": {
    "beats_count": 34,
    "beats_loudness": {
        "max": 0.032232683152,
        "mean": 0.0134042361751,
        "min": 0.000789765676018,
        "stdev": 0.0079086124897
    },
    "bpm": 178.205856323,
    "bpm_histogram_first_peak_bpm": 178,
    "bpm_histogram_first_peak_weight": 0,
    "bpm_histogram_second_peak_bpm": 167,
    "bpm_histogram_second_peak_spread": 0,
    "bpm_histogram_second_peak_weight": 0.151515156031,
    "danceability": 0.810441911221,
    "onset_rate": 1.01885950565,
    "beats_loudness_band_ratio": {
        "max": [0.298363804817, 0.0547546930611, 0.511415958405, 0.848927080631, 0.413647711277, 0.784866154194],
        "mean": [0.0200742632151, 0.00799273978919, 0.188370361924, 0.491362810135, 0.165098905563, 0.156924009323],
        "min": [9.72853467829e-06, 3.69388144463e-05, 0.00232571526431, 0.0604175403714, 0.034919526428, 0.0107982065529],
        "stdev": [0.0545574724674, 0.0118021350354, 0.159705713391, 0.202874749899, 0.105298891664, 0.18515753746]
    },
    "beats_position": [0.394739210606, 0.789478421211, 1.18421769142, 1.57895684242, 1.9620860815, 2.34521532059, 2.73995471001, 3.15791368484, 3.5758728981, 3.98222208023, 4.40018129349, 4.73687076569, 5.07355976105, 5.41024923325, 5.74693870544, 6.08362817764, 6.420317173, 6.7570066452, 7.0936961174, 7.4303855896, 7.76707458496, 8.10376358032, 8.44045352936, 8.77714252472, 9.12544155121, 9.4853515625, 9.83365058899, 10.1935596466, 10.5534696579, 10.9133787155, 11.261677742, 11.6099767685, 11.9698867798, 12.3065757751],
