{
"metadata": {
    "version": {
        "essentia": "2.1-beta5",
        "essentia_git_sha": "Undefined",
        "extractor": "music 2.0"
    },
    "audio_properties": {
        "analysis": {
            "equal_loudness": 0,
            "length": 29.0017242432,
            "sample_rate": 44100,
            "start_time": 0,
            "downmix": "mix"
        },
        "bit_rate": 192000,
        "length": 203.290710449,
        "lossless": 0,
        "number_channels": 2,
        "replay_gain": -5.15594291687,
        "sample_rate": 48000,
        "codec": "mp3",
        "md5_encoded": "595a20f1b04221016fc573967c81c3a9"
    },
    "tags": {
        "file_name": "Belarus_Like It_Zena.mp3",
        "encoding": ["Lavf58.29.100"]
    }
},
"lowlevel": {
    "average_loudness": 0.808058559895,
    "barkbands_crest": {
        "max": 23.282699585,
        "mean": 10.0804738998,
        "min": 3.32519888878,
        "stdev": 3.84928584099
    },
    "barkbands_flatness_db": {
        "max": 0.458263128996,
        "mean": 0.176717147231,
        "min": 0.027310622856,
        "stdev": 0.0660310983658
    },
    "barkbands_kurtosis": {
        "max": 60.9479408264,
        "mean": 4.33298492432,
        "min": -1.93666636944,
        "stdev": 6.9545917511
    },
    "barkbands_skewness": {
        "max": 6.69850349426,
        "mean": 1.16460740566,
        "min": -5.41173839569,
        "stdev": 1.39630579948
    },
    "barkbands_spread": {
        "max": 122.191459656,
        "mean": 18.1432094574,
        "min": 1.56629407406,
        "stdev": 17.8072967529
    },
    "dissonance": {
        "max": 0.499999880791,
        "mean": 0.449433833361,
        "min": 0.270577818155,
        "stdev": 0.0411978513002
    },
    "dynamic_complexity": 3.93328261375,
    "erbbands_crest": {
        "max": 29.4172039032,
        "mean": 11.937951088,
        "min": 2.91222071648,
        "stdev": 5.07111406326
    },
    "erbbands_flatness_db": {
        "max": 0.408018678427,
        "mean": 0.211272388697,
        "min": 0.0493653155863,
        "stdev": 0.065658390522
    },
    "erbbands_kurtosis": {
        "max": 22.0036907196,
        "mean": 2.17895460129,
        "min": -1.70257508755,
        "stdev": 3.14976739883
    },
    "erbbands_skewness": {
        "max": 3.87570405006,
        "mean": 0.712325751781,
        "min": -3.91244149208,
        "stdev": 1.00591218472
    },
    "erbbands_spread": {
        "max": 148.214523315,
        "mean": 27.9216365814,
        "min": 4.12483930588,
        "stdev": 21.0743312836
    },
    "hfc": {
        "max": 293.265014648,
        "mean": 23.500869751,
        "min": 0.375834703445,
        "stdev": 35.6042633057
    },
    "loudness_ebu128": {
        "integrated": -19.1768016815,
        "loudness_range": 9.11471557617,
        "momentary": {
            "max": -14.4979057312,
            "mean": -20.7957000732,
            "min": -34.7134170532,
            "stdev": 4.25520372391
        },
        "short_term": {
            "max": -17.136302948,
            "mean": -20.3867435455,
            "min": -29.1902828217,
            "stdev": 3.39455866814
        }
    },
    "melbands_crest": {
        "max": 32.951423645,
        "mean": 12.887424469,
        "min": 4.51114559174,
        "stdev": 5.04302215576
    },
    "melbands_flatness_db": {
        "max": 0.577296972275,
        "mean": 0.212732985616,
        "min": 0.0455703213811,
        "stdev": 0.0785952657461
    },
    "melbands_kurtosis": {
        "max": 155.733062744,
        "mean": 9.11248397827,
        "min": -1.7686009407,
        "stdev": 16.4329566956
    },
    "melbands_skewness": {
        "max": 11.0590639114,
        "mean": 1.80157601833,
        "min": -1.6973143816,
        "stdev": 1.59341275692
    },
    "melbands_spread": {
        "max": 255.20211792,
        "mean": 26.1243667603,
        "min": 1.08262836933,
        "stdev": 33.4651679993
    },
    "pitch_salience": {
        "max": 0.815255463123,
        "mean": 0.580823123455,
        "min": 0.156948193908,
        "stdev": 0.110551781952
    },
    "silence_rate_20dB": {
        "max": 1,
        "mean": 1,
        "min": 1,
        "stdev": 0
    },
    "silence_rate_30dB": {
        "max": 1,
        "mean": 1,
        "min": 1,
        "stdev": 0
    },
    "silence_rate_60dB": {
        "max": 1,
        "mean": 0.183200001717,
        "min": 0,
        "stdev": 0.38683617115
    },
    "spectral_centroid": {
        "max": 7054.14404297,
        "mean": 1306.99047852,
        "min": 238.045700073,
        "stdev": 944.574462891
    },
    "spectral_complexity": {
        "max": 47,
        "mean": 12.1344003677,
        "min": 0,
        "stdev": 6.78477191925
    },
    "spectral_decrease": {
        "max": -7.24792934004e-11,
        "mean": -5.1723696437e-09,
        "min": -3.14569206239e-08,
        "stdev": 4.90206941706e-09
    },
    "spectral_energy": {
        "max": 0.12584592402,
        "mean": 0.0216533076018,
        "min": 0.000308001035592,
        "stdev": 0.0195801630616
    },
    "spectral_energyband_high": {
        "max": 0.0304411761463,
        "mean": 0.00124401284847,
        "min": 1.36715968324e-07,
        "stdev": 0.00346303475089
    },
    "spectral_energyband_low": {
        "max": 0.0770255327225,
        "mean": 0.00382961379364,
        "min": 2.93667774542e-08,
        "stdev": 0.00902066659182
    },
    "spectral_energyband_middle_high": {
        "max": 0.0827056467533,
        "mean": 0.00622820528224,
        "min": 6.65023399051e-05,
        "stdev": 0.00971459969878
    },
    "spectral_energyband_middle_low": {
        "max": 0.099937453866,
        "mean": 0.0114653920755,
        "min": 7.11551547283e-05,
        "stdev": 0.0123336631805
    },
    "spectral_entropy": {
        "max": 8.91386985779,
        "mean": 7.39007425308,
        "min": 5.43780231476,
        "stdev": 0.579551339149
    },
    "spectral_flux": {
        "max": 0.299715667963,
        "mean": 0.072990000248,
        "min": 0.0110646793619,
        "stdev": 0.0489448830485
    },
    "spectral_kurtosis": {
        "max": 79.1234207153,
        "mean": 5.49603414536,
        "min": -1.54535090923,
        "stdev": 6.04154777527
    },
    "spectral_rms": {
        "max": 0.0110804568976,
        "mean": 0.00409221323207,
        "min": 0.000548168609384,
        "stdev": 0.00209260452539
    },
    "spectral_rolloff": {
        "max": 14168.8476562,
        "mean": 2055.76879883,
        "min": 64.599609375,
        "stdev": 2757.31713867
    },
    "spectral_skewness": {
        "max": 6.56699943542,
        "mean": 1.67753612995,
        "min": -0.322100877762,
        "stdev": 0.703722715378
    },
    "spectral_spread": {
        "max": 18641492,
        "mean": 4790168.5,
        "min": 738514.8125,
        "stdev": 2914829
    },
    "spectral_strongpeak": {
        "max": 37.7497215271,
        "mean": 1.53374457359,
        "min": 0.0225504301488,
        "stdev": 2.20442986488
    },
    "zerocrossingrate": {
        "max": 0.44921875,
        "mean": 0.0754718780518,
        "min": 0.0048828125,
        "stdev": 0.0747741833329
    },
    "barkbands": {
        "max": [0.00870484206825, 0.0625853389502, 0.043019503355, 0.0206517837942, 0.0630580186844, 0.0209994986653, 0.0350791551173, 0.070552252233, 0.0455135479569, 0.0677079185843, 0.0316704139113, 0.0303862243891, 0.0107199698687, 0.0199322029948, 0.0173356141895, 0.00955255329609, 0.00206181383692, 0.00420486787334, 0.0156548302621, 0.00379314669408, 0.00559134595096, 0.00599407032132, 0.0112534230575, 0.0114775691181, 0.0178270693868, 0.00531034497544, 0.00130818469916],
        "mean": [0.000124766345834, 0.00160977186169, 0.00141261436511, 0.00107916840352, 0.00426507461816, 0.00144595629536, 0.00123847613577, 0.0014227029169, 0.00117395701818, 0.00216179713607, 0.00126162380911, 0.00132287852466, 0.000446722260676, 0.000355945929186, 0.000371191417798, 0.000173443826498, 7.50554172555e-05, 0.000105529630673, 0.000279867555946, 0.000135769034387, 0.000149132974911, 7.75264707045e-05, 0.000185054377653, 0.000244687951636, 0.000411105866078, 0.000106862047687, 1.66322461155e-05],
        "min": [1.1491020635e-10, 7.20856596637e-10, 7.62929452947e-09, 5.868278663e-08, 4.62985525473e-07, 4.14739872667e-07, 4.34093323065e-07, 1.75909508471e-06, 5.93312142882e-06, 5.67155984754e-06, 2.12890336115e-06, 3.52944971382e-06, 3.54461121788e-06, 1.85327814961e-06, 1.71042700003e-06, 2.0462601924e-07, 3.72987926767e-07, 1.3589772152e-06, 1.83933525477e-06, 4.85504870085e-07, 1.05298489927e-08, 1.66212946184e-10, 1.38768260771e-10, 2.211407793e-11, 2.63050206617e-11, 3.67547381419e-11, 4.83333893742e-11],
        "stdev": [0.00078914151527, 0.0073150168173, 0.0027264689561, 0.00189832248725, 0.0060674790293, 0.00225238106214, 0.00253007514402, 0.00380626972765, 0.00276854936965, 0.00513048889115, 0.0028772931546, 0.00363288540393, 0.00102476077154, 0.00098062469624, 0.00127839972265, 0.000683849735651, 0.000158968221513, 0.000274976249784, 0.000912938383408, 0.000310038740281, 0.000476629153127, 0.000272103876341, 0.000790537684225, 0.00106093252543, 0.00159027974587, 0.000370524532627, 9.02676983969e-05]
    },
    "erbbands": {
        "max": [3.35849022865, 14.3292169571, 46.4951858521, 52.9912414551, 162.456588745, 213.724502563, 226.410919189, 184.705307007, 276.217346191, 1035.88256836, 1943.02197266, 1304.49755859, 1979.60351562, 1426.90551758, 1546.15026855, 1535.25695801, 489.790374756, 735.293701172, 894.69732666, 419.662078857, 324.650268555, 83.7928848267, 261.827056885, 807.910095215, 433.271026611, 205.027496338, 211.847854614, 202.186126709, 204.798675537, 181.178695679, 356.558685303, 324.628509521, 289.544158936, 267.5362854, 169.083236694, 27.3225841522, 17.1030502319, 1.02314639091, 0.27498742938, 0.0125082973391],
        "mean": [0.0524172112346, 0.342655003071, 1.34649682045, 3.2951104641, 6.93717813492, 16.4951915741, 16.809753418, 9.50656986237, 17.6464138031, 21.4285945892, 31.3590126038, 27.8227100372, 58.285030365, 64.7371292114, 46.0905761719, 60.3509635925, 23.1819190979, 21.7329006195, 19.9333820343, 13.7650327682, 6.80614709854, 4.17444038391, 5.67073535919, 11.0356464386, 13.1181955338, 6.39969158173, 5.06539392471, 5.87909317017, 2.85848641396, 3.8405456543, 5.49450588226, 4.83395528793, 4.21303367615, 5.44086885452, 2.4430937767, 0.62656056881, 0.17539344728, 0.0243692938238, 0.00370335928164, 0.000143466488225],
        "min": [2.93853972266e-08, 6.71273198805e-07, 7.80704067438e-06, 0.000103615959233, 0.000592921394855, 0.00134486355819, 0.00198889547028, 0.00572021817788, 0.0124381640926, 0.00814084243029, 0.0546171441674, 0.108647160232, 0.294935315847, 0.149134993553, 0.236735269427, 0.178699493408, 0.206187278032, 0.182497650385, 0.154155090451, 0.0704170837998, 0.0225416962057, 0.0293286312371, 0.0804544612765, 0.10084399581, 0.107097387314, 0.0217868220061, 0.0024313617032, 0.000127620645799, 2.86578888335e-05, 2.21324098675e-05, 2.00643771677e-05, 2.02812880161e-05, 1.599890129e-05, 5.35449908057e-06, 2.09508630178e-06, 1.27652140236e-06, 6.43129112632e-07, 2.34732581816e-07, 2.24107765234e-07, 3.92369912561e-07],
        "stdev": [0.306875228882, 1.45697188377, 2.87291574478, 5.14955234528, 14.0908088684, 25.8029327393, 27.4662570953, 13.8855142593, 30.2869911194, 60.5828018188, 83.0836334229, 66.043800354, 147.347671509, 143.649093628, 111.980583191, 172.485626221, 46.5606689453, 50.7869415283, 69.1276626587, 40.5667686462, 21.9595851898, 8.4269618988, 15.5866060257, 40.0847473145, 35.33543396, 14.9607572556, 15.6342468262, 18.1441020966, 9.40925884247, 14.2352323532, 24.2040252686, 21.5266017914, 18.6212520599, 21.5878314972, 10.1794996262, 2.156468153, 0.827032506466, 0.0874709039927, 0.0221735388041, 0.000786823628005]
    },
    "gfcc": {
        "mean": [-47.3446655273, 92.2550430298, -138.997528076, 9.2202129364, -75.964515686, 11.8249979019, -31.8978023529, -1.0639616251, -33.473236084, -7.81212568283, -15.0803871155, -10.9258117676, -9.35543823242],
        "cov": [[6536.59960938, -1749.61230469, 2843.85620117, -104.866638184, -154.514144897, 208.352264404, -935.030151367, 560.036499023, -1186.96569824, 617.961120605, -431.135650635, 529.545898438, -310.476593018], [-1749.61230469, 3330.40869141, -843.155944824, 424.703063965, 348.574157715, -533.675964355, 497.129058838, -601.240722656, 386.965118408, -365.696166992, 288.555328369, -301.630523682, 151.307556152], [2843.85620117, -843.155944824, 2741.11889648, 99.9371109009, 23.0724601746, 221.878326416, -645.251220703, 325.777008057, -632.492614746, 303.679931641, -212.318954468, 347.148834229, -276.666870117], [-104.866638184, 424.703063965, 99.9371109009, 648.347351074, 58.4680747986, 81.748336792, 64.2427825928, -31.5399913788, 147.820968628, -79.2740478516, 99.6283874512, -42.1875152588, -3.55040478706], [-154.514144897, 348.574157715, 23.0724601746, 58.4680747986, 464.841918945, 76.267074585, 209.883636475, 36.254573822, 156.281158447, 45.1320991516, 59.3935012817, 25.0928230286, 41.2361030579], [208.352264404, -533.675964355, 221.878326416, 81.748336792, 76.267074585, 501.895721436, 13.7644100189, 163.249298096, 40.334274292, 75.0572738647, 34.5732307434, 66.3042221069, 17.2025794983], [-935.030151367, 497.129058838, -645.251220703, 64.2427825928, 209.883636475, 13.7644100189, 458.886352539, -69.3628616333, 295.141815186, -74.32862854, 111.279846191, -85.7695007324, 89.6953659058], [560.036499023, -601.240722656, 325.777008057, -31.5399913788, 36.254573822, 163.249298096, -69.3628616333, 353.648956299, -62.8316841125, 155.04347229, -66.8465805054, 80.8335113525, -11.8906393051], [-1186.96569824, 386.965118408, -632.492614746, 147.820968628, 156.281158447, 40.334274292, 295.141815186, -62.8316841125, 489.376159668, -102.00112915, 132.384353638, -115.190155029, 100.293434143], [617.961120605, -365.696166992, 303.679931641, -79.2740478516, 45.1320991516, 75.0572738647, -74.32862854, 155.04347229, -102.00112915, 214.915283203, -45.6841926575, 106.465774536, -34.4732131958], [-431.135650635, 288.555328369, -212.318954468, 99.6283874512, 59.3935012817, 34.5732307434, 111.279846191, -66.8465805054, 132.384353638, -45.6841926575, 197.64100647, -21.415473938, 62.5767745972], [529.545898438, -301.630523682, 347.148834229, -42.1875152588, 25.0928230286, 66.3042221069, -85.7695007324, 80.8335113525, -115.190155029, 106.465774536, -21.415473938, 164.831436157, -24.1014728546], [-310.476593018, 151.307556152, -276.666870117, -3.55040478706, 41.2361030579, 17.2025794983, 89.6953659058, -11.8906393051, 100.293434143, -34.4732131958, 62.5767745972, -24.1014728546, 157.12878418]],
        "icov": [[0.000445045792731, 4.30834770668e-05, -0.000193678075448, -0.000196771638002, -6.20142600383e-05, 3.63216931873e-05, 9.17294019018e-05, -3.62710343325e-05, 0.000642342318315, -0.000565629801713, 0.000235929997871, -0.000116871618957, -0.000196363616851], [4.30834770668e-05, 0.000843470101245, -0.00015230855206, -0.000420394790126, -0.000598303566221, 0.000755107612349, -0.000418038194766, 0.000846130482387, 0.000280620995909, 3.01503405353e-05, -0.000456127483631, 0.000818401982542, -0.000493077328429], [-0.000193678075448, -0.00015230855206, 0.00110343506094, -0.000231448619161, -0.00052387668984, -0.000333439762471, 0.00101749226451, -0.000399007491069, 0.000302718719468, 0.00029206025647, 6.82235695422e-05, -0.000927639484871, 0.000965996354353], [-0.000196771638002, -0.000420394790126, -0.000231448619161, 0.0023094327189, 0.000362145045074, -0.000582255190238, 5.61887900403e-05, -0.000472140760394, -0.00104677386116, 0.000962406222243, -0.000732438173145, 4.09822532674e-05, 0.000738841190469], [-6.20142600383e-05, -0.000598303566221, -0.00052387668984, 0.000362145045074, 0.00399178871885, -0.000490688486025, -0.00176388188265, -0.000458606577013, -0.00114190578461, -0.000950185232796, 0.000218899702304, -0.00098800950218, -0.00020063984266], [3.63216931873e-05, 0.000755107612349, -0.000333439762471, -0.000582255190238, -0.000490688486025, 0.00332609843463, -0.000571922282688, -0.000383823062293, -0.000148257764522, 1.3614630916e-05, -0.00100061693229, 0.000103663820482, -0.000681552337483], [9.17294019018e-05, -0.000418038194766, 0.00101749226451, 5.61887900403e-05, -0.00176388188265, -0.000571922282688, 0.00561039429158, -0.000433276029071, -0.00105367752258, 0.000114317983389, -0.000232947058976, -0.000339024409186, 0.000405131897423], [-3.62710343325e-05, 0.000846130482387, -0.000399007491069, -0.000472140760394, -0.000458606577013, -0.000383823062293, -0.000433276029071, 0.00592597853392, -0.00025858959998, -0.00295873568393, 0.00102164060809, 0.00112670275848, -0.00145965185948], [0.000642342318315, 0.000280620995909, 0.000302718719468, -0.00104677386116, -0.00114190578461, -0.000148257764522, -0.00105367752258, -0.00025858959998, 0.00567682087421, -0.000313553668093, -0.000766681972891, 0.00131256051827, -0.00077939016046], [-0.000565629801713, 3.01503405353e-05, 0.00029206025647, 0.000962406222243, -0.000950185232796, 1.3614630916e-05, 0.000114317983389, -0.00295873568393, -0.000313553668093, 0.0104392245412, -0.000467806647066, -0.00365540455095, 0.00146408821456], [0.000235929997871, -0.000456127483631, 6.82235695422e-05, -0.000732438173145, 0.000218899702304, -0.00100061693229, -0.000232947058976, 0.00102164060809, -0.000766681972891, -0.000467806647066, 0.00806945376098, -0.0016259731492, -0.00180496822577], [-0.000116871618957, 0.000818401982542, -0.000927639484871, 4.09822532674e-05, -0.00098800950218, 0.000103663820482, -0.000339024409186, 0.00112670275848, 0.00131256051827, -0.00365540455095, -0.0016259731492, 0.0121680451557, -0.00125051673967], [-0.000196363616851, -0.000493077328429, 0.000965996354353, 0.000738841190469, -0.00020063984266, -0.000681552337483, 0.000405131897423, -0.00145965185948, -0.00077939016046, 0.00146408821456, -0.00180496822577, -0.00125051673967, 0.0092998566106]]
    },
    "melbands": {
        "max": [0.0222296956927, 0.0196395255625, 0.0112001532689, 0.0154719743878, 0.00635451870039, 0.0037841682788, 0.00431618932635, 0.0113742798567, 0.0147639205679, 0.00715645728633, 0.0103360144421, 0.0062344931066, 0.00452283350751, 0.00385110662319, 0.00326656317338, 0.00140839908272, 0.00166617636569, 0.00152053846978, 0.00109200831503, 0.000992419430986, 0.000228882214287, 9.07282010303e-05, 0.000180515708053, 0.000297659367789, 0.000741961353924, 0.000488578691147, 0.000177981433808, 0.000134654139401, 0.000120996053738, 0.000218907996896, 0.00010903411021, 0.000125844831928, 9.88299871096e-05, 0.00013726054749, 0.00028160828515, 0.000159797273227, 0.000220667032409, 0.000276097416645, 7.51039915485e-05, 0.000290292082354],
        "mean": [0.000449543818831, 0.000637840770651, 0.00062553177122, 0.000867068942171, 0.000636714568827, 0.000229327648412, 0.000269797979854, 0.000248044874752, 0.000250728829997, 0.000172335770912, 0.000289737479761, 0.000261453882558, 0.000150633481098, 0.00015922410239, 9.17697616387e-05, 4.72669453302e-05, 3.83221449738e-05, 2.92275126412e-05, 2.60087126662e-05, 1.58701877808e-05, 5.95543588133e-06, 4.21938557338e-06, 4.33622744822e-06, 5.45421562492e-06, 9.09713526198e-06, 1.13864753075e-05, 6.81001256453e-06, 3.52382016899e-06, 2.7154073905e-06, 3.97309122491e-06, 3.10915288537e-06, 1.54660301632e-06, 1.42672786296e-06, 2.53285270446e-06, 3.51375638274e-06, 2.62803155238e-06, 3.08974858854e-06, 3.31970682055e-06, 1.86447664419e-06, 6.07419133303e-06],
        "min": [2.93321311684e-10, 3.54526141777e-09, 2.64639350434e-08, 1.11614021137e-07, 6.53080221014e-08, 1.17587667603e-07, 1.81629246754e-07, 8.18134253677e-08, 4.42851188609e-07, 8.3969860043e-07, 1.58079103585e-06, 3.81814970751e-07, 4.00101328069e-07, 3.45371802268e-07, 1.85747524029e-07, 3.26996001832e-07, 2.01038474756e-07, 2.4569709467e-07, 1.13685587166e-07, 2.1215363688e-08, 2.40497097792e-08, 1.4993215558e-08, 5.26667029987e-08, 6.1525938122e-08, 6.34009253986e-08, 6.14711765934e-08, 2.55548222583e-08, 8.54257997673e-09, 1.01496799854e-09, 6.19381698708e-11, 3.4560360216e-12, 4.05854126348e-12, 2.73106927698e-12, 3.95197633299e-12, 1.65026250044e-12, 4.79920465347e-13, 3.17308164336e-13, 1.84027719821e-13, 2.54734005157e-13, 2.1475068902e-13],
        "stdev": [0.00226375460625, 0.00145859830081, 0.000973330519628, 0.00135852582753, 0.000965699320659, 0.000330992537783, 0.000474421889521, 0.000699975586031, 0.000667662010528, 0.000399163283873, 0.000752795021981, 0.000614608929027, 0.00037373919622, 0.000407757848734, 0.000264420203166, 9.96034723357e-05, 0.000101858560811, 0.000101513243862, 8.59547362779e-05, 6.50864967611e-05, 1.76552857738e-05, 8.64629510033e-06, 1.03759712147e-05, 1.71305182448e-05, 3.50719783455e-05, 3.56913260475e-05, 1.60823874467e-05, 8.7999369498e-06, 7.93797698861e-06, 1.53073979163e-05, 9.54117422225e-06, 5.54544294573e-06, 5.34626178705e-06, 1.04054006442e-05, 1.6477830286e-05, 1.15907905638e-05, 1.42579829117e-05, 1.57884733198e-05, 7.3527130553e-06, 2.52751706284e-05]
    },
    "melbands128": {
        "max": [0.00848371442407, 0.0329302251339, 0.0285048820078, 0.0281510949135, 0.0252715926617, 0.0193223021924, 0.0128777781501, 0.0129431681708, 0.0177737493068, 0.0212908387184, 0.0136820739135, 0.0102102868259, 0.0111616803333, 0.0097288005054, 0.0048365117982, 0.00498543679714, 0.00610826676711, 0.00714544113725, 0.0129022616893, 0.0171653646976, 0.0137433223426, 0.0180447753519, 0.0239701494575, 0.0136017911136, 0.0157930590212, 0.00468989275396, 0.0112071540207, 0.0182478018105, 0.0165391024202, 0.0129808913916, 0.00662096310407, 0.00707760453224, 0.006424987223, 0.00969791412354, 0.00563321495429, 0.00756686273962, 0.00644787540659, 0.00751811871305, 0.00249559711665, 0.0018003701698, 0.00278834463097, 0.00252592074685, 0.00167217338458, 0.00344553333707, 0.00239286758006, 0.00165428826585, 0.00365337869152, 0.00164544768631, 0.00120779755525, 0.000883451779373, 0.00223109615035, 0.00113633496221, 0.000263376423391, 0.000594530371018, 0.00016541754303, 0.000142174903885, 0.000133283916512, 0.000350313668605, 0.000141221360536, 0.000383173319278, 0.000497240689583, 0.000603829452302, 0.0012828821782, 0.000754303648137, 0.00061908212956, 0.00118521833792, 0.000767117424402, 0.000241116867983, 0.000342177314451, 0.000256821105722, 0.000253931299085, 9.29466405069e-05, 9.36451906455e-05, 0.000192124396563, 0.000202791867196, 0.000548736250494, 0.000346637447365, 0.000215157386265, 0.000183586278581, 0.000211310718441, 0.000133222536533, 0.000107865125756, 0.000128087616758, 0.000119585252833, 0.000126129976707, 9.94574511424e-05, 0.000227825032198, 0.000298195780488, 0.000391014182242, 0.000171859195689, 0.000244589668, 0.00016401555331, 0.000289385905489, 0.000236504303757, 0.000303891691146, 0.000205204254598, 0.000507696997374, 0.000153914137627, 7.59598551667e-05, 6.53218230582e-05, 0.00034363658051, 0.000564339978155, 0.000313084718073, 0.000218042230699, 0.00023624219466, 0.000320996623486, 6.81657038513e-05, 8.97844511201e-05, 3.53572540917e-05, 2.56795447058e-05, 5.63946487091e-05, 6.22843945166e-05, 0.000168177182786, 9.60038960329e-06, 2.33707887674e-05, 1.08798067231e-05, 6.7364089773e-06, 1.4224880033e-05, 1.57469366968e-05, 1.35749605761e-05, 1.50234127432e-05, 1.78312802745e-05, 9.36050128075e-06, 1.09382007452e-07, 1.52170560597e-08, 1.47521959093e-08, 1.44965763837e-08, 1.43641711858e-08],
        "mean": [0.00011425390403, 0.000442584656412, 0.000540141714737, 0.000559937441722, 0.000604243192356, 0.000740918505471, 0.000718625029549, 0.000450911466032, 0.000655317504425, 0.000977802556008, 0.000963670841884, 0.000805961433798, 0.00064446910983, 0.00030293452437, 0.000159672505106, 0.000226225616643, 0.000262451183517, 0.000313233700581, 0.000235826271819, 0.000213704130147, 0.000278850347968, 0.000260310480371, 0.000290453492198, 0.000177790163434, 0.00016481433704, 0.000147300394019, 0.000223854702199, 0.000389102759073, 0.000241086978349, 0.00027513463283, 0.000301507127006, 0.000172698695678, 0.0001160382526, 0.000177049121703, 8.59726351337e-05, 0.000199448782951, 0.000214179875911, 6.61208468955e-05, 3.62729770131e-05, 4.12477966165e-05, 5.55088590772e-05, 4.29037318099e-05, 4.4043194066e-05, 3.47796121787e-05, 2.00509184651e-05, 2.25874009629e-05, 5.05615607835e-05, 2.94423243759e-05, 1.33986222863e-05, 1.51662397911e-05, 2.09438057936e-05, 1.1880263628e-05, 4.32419483332e-06, 5.00297073813e-06, 4.94083451485e-06, 3.81509971703e-06, 3.78052959604e-06, 4.33302830061e-06, 3.98963538828e-06, 5.52397841602e-06, 5.29227236257e-06, 5.14937937623e-06, 8.3663753685e-06, 1.00848546936e-05, 1.03945958472e-05, 1.38090017572e-05, 1.03870397652e-05, 7.49446235204e-06, 6.57489135847e-06, 4.73084992336e-06, 3.74572528017e-06, 2.73905993708e-06, 2.46977629104e-06, 2.71079716185e-06, 2.71816929853e-06, 4.35612446381e-06, 4.20062269768e-06, 4.17876481151e-06, 3.07081927531e-06, 2.00808267437e-06, 1.52881534632e-06, 1.36888581892e-06, 1.41347084082e-06, 1.35834613957e-06, 1.52520328811e-06, 1.72840771029e-06, 2.87807165478e-06, 4.16230750488e-06, 4.02198838856e-06, 2.52519271271e-06, 2.72136321655e-06, 2.53048733612e-06, 2.76451282843e-06, 3.04448894894e-06, 3.36155403602e-06, 3.41311101693e-06, 3.72787008018e-06, 2.56115572483e-06, 1.45289141074e-06, 1.32143316023e-06, 3.39089956469e-06, 8.77984439285e-06, 7.23339780961e-06, 3.32684635396e-06, 2.10286520996e-06, 1.67674363638e-06, 1.31363333367e-06, 1.26342717977e-06, 1.09529025849e-06, 6.92231083121e-07, 7.97428469923e-07, 5.76061665924e-07, 7.20567868484e-07, 2.88814277383e-07, 2.87810308919e-07, 1.96933328311e-07, 1.03213579905e-07, 1.45012904795e-07, 1.25329236766e-07, 1.33633164978e-07, 1.00469762288e-07, 1.01208293302e-07, 3.83839200424e-08, 4.3514000736e-10, 1.51425278566e-11, 1.45803369378e-11, 1.42635668901e-11, 1.41226006584e-11],
        "min": [1.05070249376e-11, 3.02325144086e-11, 7.13754576276e-12, 2.79304163131e-10, 1.33826971727e-09, 4.45982983877e-09, 1.01417390042e-08, 3.18179544934e-08, 1.904639646e-08, 4.13328820059e-08, 2.10760404684e-08, 8.07558286908e-09, 1.13626734688e-08, 2.58131152009e-08, 5.58791199978e-08, 1.25527508388e-08, 4.12431759855e-08, 3.83568661277e-08, 3.5970380452e-08, 2.37280914916e-08, 5.07427628804e-08, 2.21048338744e-07, 2.35270206872e-07, 2.27939821684e-07, 1.26929577959e-07, 3.86315264223e-07, 1.6613850562e-07, 2.98673626276e-07, 3.06118124627e-07, 1.30387803665e-07, 1.35197325335e-07, 6.18972961774e-08, 1.09381410596e-07, 2.09066683965e-07, 1.82494900969e-07, 5.94491709194e-08, 2.16820197352e-07, 7.73975870061e-08, 9.17621179042e-08, 1.17139094868e-07, 1.04907385889e-07, 1.16987443732e-07, 1.11761693233e-07, 1.20595302633e-07, 7.4670552408e-08, 1.14105489502e-07, 5.59683144274e-08, 2.80278378284e-08, 2.46415581273e-08, 2.29788224004e-08, 1.46768552867e-08, 1.76023573495e-09, 3.68266728223e-09, 1.8545771141e-08, 8.66340510441e-09, 9.20759735124e-09, 4.24692947476e-09, 2.43826239199e-08, 2.23172644809e-08, 4.43671162031e-08, 1.66351217246e-08, 3.11597112557e-08, 1.83368147333e-08, 5.98245009087e-09, 2.4078586236e-08, 2.76107403607e-08, 1.36371136605e-08, 1.57432413772e-08, 3.69391983668e-09, 5.91485171952e-09, 1.47251713045e-08, 2.14162754197e-09, 1.83420098554e-10, 1.4747519872e-10, 1.80695736152e-10, 4.47821744964e-11, 1.03862899184e-11, 2.18238946879e-12, 3.59814998976e-12, 3.34442131107e-12, 5.12390303797e-12, 4.0751594807e-12, 2.68334052894e-12, 2.28479041242e-12, 2.55574337735e-12, 4.32646323281e-12, 3.75126102056e-12, 1.68973537419e-12, 1.22097091552e-12, 1.00790588983e-12, 4.01800988314e-13, 4.8915938574e-13, 1.90908283648e-13, 4.0392477774e-13, 3.24716029889e-13, 2.05920621266e-13, 1.24167169602e-13, 1.34683876465e-13, 2.01278487692e-13, 1.42889592845e-13, 1.53086324541e-13, 1.78011210915e-13, 1.77744605601e-13, 1.53471893939e-13, 1.18152680023e-13, 1.69924431513e-13, 1.78216477491e-13, 1.71279995937e-13, 1.83573357795e-13, 1.52054340256e-13, 1.34751503575e-13, 1.3450189313e-13, 1.25880331007e-13, 1.59488904288e-13, 1.36528809092e-13, 1.5356612466e-13, 1.63981810986e-13, 1.36567853922e-13, 1.56059505054e-13, 1.7091979687e-13, 1.3426979255e-13, 1.28047339442e-13, 1.55685604382e-13, 1.61117985815e-13, 1.21973286506e-13, 4.11023211994e-14, 5.25497546411e-15, 1.6178752809e-16],
        "stdev": [0.000751179119106, 0.00290658208542, 0.00307321711443, 0.00247128773481, 0.00171429850161, 0.00138898857404, 0.00119021337014, 0.000892186712008, 0.00175362522714, 0.0018559305463, 0.00172040506732, 0.00151577522047, 0.00119292875752, 0.000713739660569, 0.000356083532097, 0.000420329597546, 0.00051189243095, 0.000722604803741, 0.000707754108589, 0.000888639420737, 0.00101782858837, 0.000895494653378, 0.000986268743873, 0.000739307841286, 0.000656583462842, 0.000400592252845, 0.000732624146622, 0.00122402678244, 0.000899099220987, 0.000990320695564, 0.000821346067823, 0.00055945746135, 0.000499588728417, 0.000656008487567, 0.000370101071894, 0.000693194859196, 0.000731699343305, 0.00037664885167, 0.000165827179444, 0.00011448458099, 0.000147912011016, 0.000144157340401, 0.000138885035994, 0.000136049755383, 8.5887426394e-05, 8.23388909339e-05, 0.000248197437031, 0.00011037090735, 4.97736473335e-05, 6.16522374912e-05, 0.000119744327094, 6.31727525615e-05, 1.5292340322e-05, 2.11803780985e-05, 1.25040469356e-05, 1.0093786841e-05, 9.48946762946e-06, 1.44478262882e-05, 9.39947949519e-06, 1.82724888873e-05, 2.16076878132e-05, 2.16736880247e-05, 5.38393869647e-05, 3.93597147195e-05, 3.94949529436e-05, 6.38077981421e-05, 3.75471718144e-05, 1.93126070371e-05, 1.96303280973e-05, 1.61968855537e-05, 1.33763769554e-05, 7.15396618034e-06, 7.31346835892e-06, 1.00671722976e-05, 1.04289038063e-05, 2.37279127759e-05, 1.86837532965e-05, 1.48622530105e-05, 1.1551092939e-05, 7.76135402702e-06, 6.16966735834e-06, 5.19297509527e-06, 5.57069051865e-06, 5.82077518629e-06, 6.29461510471e-06, 6.75392948324e-06, 1.37848319355e-05, 2.06861786864e-05, 2.15763866436e-05, 1.19796823128e-05, 1.42373201015e-05, 1.11902199933e-05, 1.57099857461e-05, 1.40746114994e-05, 1.66289592016e-05, 1.65017572726e-05, 2.10691159737e-05, 1.23474756037e-05, 5.9808558035e-06, 5.09260098625e-06, 1.62300548254e-05, 4.06635954278e-05, 2.94434757961e-05, 1.51925078171e-05, 1.1564749002e-05, 1.12149491542e-05, 5.32490184924e-06, 5.48128946321e-06, 3.77072092306e-06, 2.27381201512e-06, 4.04328829973e-06, 2.58422414845e-06, 6.30343947705e-06, 8.8388964059e-07, 1.23760196402e-06, 7.93579374658e-07, 4.58432566575e-07, 8.53684014146e-07, 8.12401481198e-07, 9.77683725978e-07, 8.89482862476e-07, 9.66767061072e-07, 3.97846605438e-07, 4.62241489529e-09, 4.30181223976e-10, 4.17042400613e-10, 4.09817596525e-10, 4.06074784909e-10]
    },
    "mfcc": {
        "mean": [-685.19543457, 125.623908997, -13.5624952316, 0.629420936108, -19.9330444336, 0.801880657673, 3.70304894447, -0.937475502491, -9.55380153656, -0.274642705917, -6.19005012512, -10.2788305283, -10.7776660919],
        "cov": [[4483.32128906, -784.922058105, 1429.01391602, 43.8296775818, 410.79385376, -237.117645264, 280.242645264, -313.045043945, -103.82636261, -348.537078857, -218.439422607, 17.7506561279, 220.589172363], [-784.922058105, 2340.6940918, -427.292541504, 596.098754883, -113.885154724, 135.860931396, -28.5985374451, -72.6231536865, -63.5788612366, -84.2342224121, -26.5803871155, -3.91239404678, 28.4717655182], [1429.01391602, -427.292541504, 1959.65991211, 82.3048019409, 519.475402832, -102.320617676, 98.3969650269, -105.237838745, -180.870849609, -271.884246826, -71.5628890991, -29.2971191406, 188.035766602], [43.8296775818, 596.098754883, 82.3048019409, 600.329711914, 44.7995567322, 68.2589035034, -20.9035205841, 26.0771999359, -39.9232368469, -24.0221805573, 12.4152374268, 32.999168396, 38.9350090027], [410.79385376, -113.885154724, 519.475402832, 44.7995567322, 433.255004883, 50.954120636, 89.5401153564, 42.016960144, 38.1744880676, -40.1409454346, 52.347076416, 30.6520805359, 121.468315125], [-237.117645264, 135.860931396, -102.320617676, 68.2589035034, 50.954120636, 349.544464111, 36.4152526855, 131.342956543, 36.2883682251, 75.7401351929, 66.6760101318, 61.9900283813, 51.6262931824], [280.242645264, -28.5985374451, 98.3969650269, -20.9035205841, 89.5401153564, 36.4152526855, 254.571304321, 23.0068187714, 40.4016075134, -17.6058120728, 23.597612381, 31.0298652649, 50.2979469299], [-313.045043945, -72.6231536865, -105.237838745, 26.0771999359, 42.016960144, 131.342956543, 23.0068187714, 217.832611084, 72.2615509033, 113.700836182, 73.0038757324, 53.7945213318, -0.2384544909], [-103.82636261, -63.5788612366, -180.870849609, -39.9232368469, 38.1744880676, 36.2883682251, 40.4016075134, 72.2615509033, 229.543258667, 95.0901107788, 61.5503540039, 11.663394928, 10.9303665161], [-348.537078857, -84.2342224121, -271.884246826, -24.0221805573, -40.1409454346, 75.7401351929, -17.6058120728, 113.700836182, 95.0901107788, 228.874801636, 72.954208374, 34.5442657471, -43.6123542786], [-218.439422607, -26.5803871155, -71.5628890991, 12.4152374268, 52.347076416, 66.6760101318, 23.597612381, 73.0038757324, 61.5503540039, 72.954208374, 185.113586426, 50.6309623718, 27.8222675323], [17.7506561279, -3.91239404678, -29.2971191406, 32.999168396, 30.6520805359, 61.9900283813, 31.0298652649, 53.7945213318, 11.663394928, 34.5442657471, 50.6309623718, 121.141578674, 18.2650928497], [220.589172363, 28.4717655182, 188.035766602, 38.9350090027, 121.468315125, 51.6262931824, 50.2979469299, -0.2384544909, 10.9303665161, -43.6123542786, 27.8222675323, 18.2650928497, 137.882827759]],
        "icov": [[0.000413970585214, 0.000174761880771, -0.000155292887939, -0.000199639660423, -5.98190235905e-05, 5.83122673561e-05, -0.000341992534231, 0.000567901064642, -0.000159414470545, 7.73653446231e-05, 0.000447827595053, -0.000369452871382, -0.000277931278106], [0.000174761880771, 0.000765923818108, 0.000184550095582, -0.000779303780291, -3.08755952574e-05, -0.000268964737188, -0.000208767829463, 0.000628501875326, 2.05976175494e-06, 0.000326764624333, 0.000220016067033, 2.19484627451e-05, -0.000208328026929], [-0.000155292887939, 0.000184550095582, 0.0011762836948, -0.000184205637197, -0.00117605051491, 0.000191539642401, 3.63090985047e-05, -0.000135040769237, 0.000843812013045, 0.000497624860145, 9.00147861103e-05, 0.000409034721088, -0.000372780428734], [-0.000199639660423, -0.000779303780291, -0.000184205637197, 0.00258978363127, -3.33475145453e-05, 5.91076695855e-06, 0.000544677721336, -0.000885474786628, 0.000313426309731, -7.9019475379e-05, -0.000259546854068, -0.000367653934518, -0.000121603050502], [-5.98190235905e-05, -3.08755952574e-05, -0.00117605051491, -3.33475145453e-05, 0.00470555108041, -0.000144472083775, -0.000373340706574, -0.000820145593025, -0.00115696713328, 0.000139668802149, -0.000748088408727, -0.000250554352533, -0.0019211556064], [5.83122673561e-05, -0.000268964737188, 0.000191539642401, 5.91076695855e-06, -0.000144472083775, 0.00443022930995, -0.000222716873395, -0.00217799376696, 0.000569133379031, -0.000705504673533, 1.99880469154e-05, -0.000750104722101, -0.00192758755293], [-0.000341992534231, -0.000208767829463, 3.63090985047e-05, 0.000544677721336, -0.000373340706574, -0.000222716873395, 0.00493971537799, -0.000736896879971, -0.000755928747822, 0.000682262703776, -0.000345754175214, -0.000718163268175, -0.000563392182812], [0.000567901064642, 0.000628501875326, -0.000135040769237, -0.000885474786628, -0.000820145593025, -0.00217799376696, -0.000736896879971, 0.00925786606967, -0.00108625297435, -0.0023146730382, -0.000145075202454, -0.00175521604251, 0.000834453618154], [-0.000159414470545, 2.05976175494e-06, 0.000843812013045, 0.000313426309731, -0.00115696713328, 0.000569133379031, -0.000755928747822, -0.00108625297435, 0.00661705574021, -0.00199022190645, -0.000837139436044, 0.00125924404711, -0.0010565679986], [7.73653446231e-05, 0.000326764624333, 0.000497624860145, -7.9019475379e-05, 0.000139668802149, -0.000705504673533, 0.000682262703776, -0.0023146730382, -0.00199022190645, 0.0084701674059, -0.00146660639439, -0.000631182163488, 0.00225710077211], [0.000447827595053, 0.000220016067033, 9.00147861103e-05, -0.000259546854068, -0.000748088408727, 1.99880469154e-05, -0.000345754175214, -0.000145075202454, -0.000837139436044, -0.00146660639439, 0.00805222894996, -0.00223522074521, -0.00176014739554], [-0.000369452871382, 2.19484627451e-05, 0.000409034721088, -0.000367653934518, -0.000250554352533, -0.000750104722101, -0.000718163268175, -0.00175521604251, 0.00125924404711, -0.000631182163488, -0.00223522074521, 0.0109739722684, -0.00040908693336], [-0.000277931278106, -0.000208328026929, -0.000372780428734, -0.000121603050502, -0.0019211556064, -0.00192758755293, -0.000563392182812, 0.000834453618154, -0.0010565679986, 0.00225710077211, -0.00176014739554, -0.00040908693336, 0.0121110836044]]
    },
    "spectral_contrast_coeffs": {
        "max": [-0.358779549599, -0.455152690411, -0.440565943718, -0.577638566494, -0.497785866261, -0.442406624556],
        "mean": [-0.661569237709, -0.726366698742, -0.717300772667, -0.787488937378, -0.797890126705, -0.742363452911],
        "min": [-0.911996662617, -0.909749805927, -0.882096290588, -0.896799743176, -0.88773560524, -0.922710180283],
        "stdev": [0.119561754167, 0.0877188071609, 0.0882265642285, 0.05750009045, 0.05084496364, 0.0652185678482]
    },
    "spectral_contrast_valleys": {
        "max": [-5.30708742142, -4.77225446701, -5.31731176376, -5.86797952652, -6.07673168182, -7.55366754532],
        "mean": [-7.67287015915, -7.16498374939, -7.37829589844, -7.96455335617, -8.03645610809, -10.9806280136],
        "min": [-11.7675924301, -9.35105514526, -8.86617279053, -9.82265758514, -10.2053842545, -16.6649627686],
        "stdev": [1.1925829649, 0.694191992283, 0.521687984467, 0.560839772224, 0.608622670174, 1.61448514462]
    }
},
"rhythm": {
    "beats_count": 56,
    "beats_loudness": {
        "max": 0.0713558346033,
        "mean": 0.0267281588167,
        "min": 0.000373852846678,
        "stdev": 0.0199321471155
    },
    "bpm": 104.941246033,
    "bpm_histogram_first_peak_bpm": 105,
    "bpm_histogram_first_peak_weight": 0.514285683632,
    "bpm_histogram_second_peak_bpm": 152,
    "bpm_histogram_second_peak_spread": 0,
    "bpm_histogram_second_peak_weight": 0.20000000298,
    "danceability": 0.932455778122,
    "onset_rate": 3.6879594326,
    "beats_loudness_band_ratio": {
        "max": [0.945085465908, 0.601200044155, 0.813742220402, 0.85963177681, 0.501987814903, 0.524610161781],
        "mean": [0.210282325745, 0.152394682169, 0.281937152147, 0.2891664505, 0.0767194256186, 0.0647474303842],
        "min": [0.000471006846055, 0.000843592861202, 0.00369012821466, 0.00280550518073, 0.000804124283604, 0.000260879431153],
        "stdev": [0.246318131685, 0.163314521313, 0.200261831284, 0.208794996142, 0.0847162902355, 0.10929633677]
    },
    "beats_position": [0.383129239082, 0.777868449688, 1.17260766029, 1.5673469305, 1.9620860815, 2.35682535172, 2.75156450272, 3.14630389214, 3.54104304314, 3.92417216301, 4.31891155243, 4.71365070343, 5.10838985443, 5.4915189743, 5.94430828094, 6.38548755646, 6.83827638626, 7.2910656929, 7.73224496841, 8.18503379822, 8.63782310486, 9.2067117691, 9.77560043335, 10.3444900513, 10.9249887466, 11.4938774109, 12.0627660751, 12.6316547394, 13.2005443573, 13.7694330215, 14.3499317169, 14.9420404434, 15.5109291077, 16.0682086945, 16.6254863739, 17.2059860229, 17.7748756409, 18.3437633514, 18.9242630005, 19.4931507111, 20.0736503601, 20.642539978, 21.2230377197, 21.7803173065, 22.3375968933, 22.918094635, 23.4985942841, 24.0790920258, 24.6479816437, 25.2168693542, 25.7857589722, 26.343038559, 26.9119262695, 27.4924259186, 28.0729255676, 28.6534233093],
