{
"metadata": {
    "version": {
        "essentia": "2.1-beta5",
        "essentia_git_sha": "Undefined",
        "extractor": "music 2.0"
    },
    "audio_properties": {
        "analysis": {
            "equal_loudness": 0,
            "length": 35.6194114685,
            "sample_rate": 44100,
            "start_time": 158.998641968,
            "downmix": "mix"
        },
        "bit_rate": 192000,
        "length": 194.641265869,
        "lossless": 0,
        "number_channels": 2,
        "replay_gain": -6.17695236206,
        "sample_rate": 48000,
        "codec": "mp3",
        "md5_encoded": "e9af5dc8ac104c3117bbbd0648d5ce7e"
    },
    "tags": {
        "file_name": "France_Roi_Bilal Hassani.mp3",
        "encoding": ["Lavf58.29.100"]
    }
},
"lowlevel": {
    "average_loudness": 0.93579018116,
    "barkbands_crest": {
        "max": 24.2034397125,
        "mean": 10.7866134644,
        "min": 2.33983492851,
        "stdev": 4.36525344849
    },
    "barkbands_flatness_db": {
        "max": 0.324293941259,
        "mean": 0.174698844552,
        "min": 0.0376397259533,
        "stdev": 0.0617090053856
    },
    "barkbands_kurtosis": {
        "max": 54.4364929199,
        "mean": 3.5091547966,
        "min": -1.76573753357,
        "stdev": 4.97642564774
    },
    "barkbands_skewness": {
        "max": 6.56453084946,
        "mean": 1.42085039616,
        "min": -1.34186851978,
        "stdev": 0.941059410572
    },
    "barkbands_spread": {
        "max": 86.1330718994,
        "mean": 14.0859985352,
        "min": 2.72759962082,
        "stdev": 7.97294187546
    },
    "dissonance": {
        "max": 0.499998390675,
        "mean": 0.471007198095,
        "min": 0.320036619902,
        "stdev": 0.0274682361633
    },
    "dynamic_complexity": 1.931022048,
    "erbbands_crest": {
        "max": 25.7630462646,
        "mean": 9.90942287445,
        "min": 2.60330510139,
        "stdev": 4.01679372787
    },
    "erbbands_flatness_db": {
        "max": 0.390991061926,
        "mean": 0.220065534115,
        "min": 0.0636978149414,
        "stdev": 0.0797907188535
    },
    "erbbands_kurtosis": {
        "max": 24.8687019348,
        "mean": 2.04392695427,
        "min": -1.39268064499,
        "stdev": 3.03777599335
    },
    "erbbands_skewness": {
        "max": 4.05803918839,
        "mean": 1.05250823498,
        "min": -1.44014263153,
        "stdev": 0.644110381603
    },
    "erbbands_spread": {
        "max": 102.331794739,
        "mean": 23.1971492767,
        "min": 4.55933046341,
        "stdev": 13.3017673492
    },
    "hfc": {
        "max": 124.878120422,
        "mean": 27.6048316956,
        "min": 3.5878880024,
        "stdev": 15.5363712311
    },
    "loudness_ebu128": {
        "integrated": -16.6712284088,
        "loudness_range": 3.3601360321,
        "momentary": {
            "max": -13.2110939026,
            "mean": -16.9479217529,
            "min": -21.7214736938,
            "stdev": 1.55689394474
        },
        "short_term": {
            "max": -14.6812095642,
            "mean": -16.7350406647,
            "min": -18.6326961517,
            "stdev": 1.19760155678
        }
    },
    "melbands_crest": {
        "max": 34.5254974365,
        "mean": 14.2259025574,
        "min": 3.889128685,
        "stdev": 5.90529632568
    },
    "melbands_flatness_db": {
        "max": 0.367545723915,
        "mean": 0.190315112472,
        "min": 0.0772154033184,
        "stdev": 0.0427242964506
    },
    "melbands_kurtosis": {
        "max": 118.525367737,
        "mean": 8.40946960449,
        "min": -1.25236368179,
        "stdev": 11.8829450607
    },
    "melbands_skewness": {
        "max": 9.50943279266,
        "mean": 1.96761977673,
        "min": -1.1384499073,
        "stdev": 1.34005773067
    },
    "melbands_spread": {
        "max": 64.8890075684,
        "mean": 17.3410358429,
        "min": 1.94277250767,
        "stdev": 8.15484523773
    },
    "pitch_salience": {
        "max": 0.87535482645,
        "mean": 0.598586857319,
        "min": 0.134400933981,
        "stdev": 0.144385308027
    },
    "silence_rate_20dB": {
        "max": 1,
        "mean": 1,
        "min": 1,
        "stdev": 0
    },
    "silence_rate_30dB": {
        "max": 1,
        "mean": 1,
        "min": 1,
        "stdev": 0
    },
    "silence_rate_60dB": {
        "max": 0,
        "mean": 0,
        "min": 0,
        "stdev": 0
    },
    "spectral_centroid": {
        "max": 3130.49707031,
        "mean": 1323.42321777,
        "min": 468.285614014,
        "stdev": 344.160461426
    },
    "spectral_complexity": {
        "max": 47,
        "mean": 23.59674263,
        "min": 8,
        "stdev": 6.12452459335
    },
    "spectral_decrease": {
        "max": -7.32301330686e-10,
        "mean": -7.88278065045e-09,
        "min": -2.31348327162e-08,
        "stdev": 3.9198662094e-09
    },
    "spectral_energy": {
        "max": 0.0949937775731,
        "mean": 0.0322553217411,
        "min": 0.00465180631727,
        "stdev": 0.0155954174697
    },
    "spectral_energyband_high": {
        "max": 0.00642410712317,
        "mean": 0.000596222875174,
        "min": 5.66492781218e-05,
        "stdev": 0.000526116986293
    },
    "spectral_energyband_low": {
        "max": 0.0669444575906,
        "mean": 0.00715111847967,
        "min": 5.20458831588e-09,
        "stdev": 0.0116945793852
    },
    "spectral_energyband_middle_high": {
        "max": 0.0846686214209,
        "mean": 0.01410539262,
        "min": 0.000666870328132,
        "stdev": 0.012400791049
    },
    "spectral_energyband_middle_low": {
        "max": 0.058769159019,
        "mean": 0.0115988804027,
        "min": 0.000779592432082,
        "stdev": 0.00816518813372
    },
    "spectral_entropy": {
        "max": 8.50679588318,
        "mean": 7.67936944962,
        "min": 6.89619207382,
        "stdev": 0.232911735773
    },
    "spectral_flux": {
        "max": 0.228594899178,
        "mean": 0.0986205935478,
        "min": 0.0352973975241,
        "stdev": 0.0312971770763
    },
    "spectral_kurtosis": {
        "max": 10.8675050735,
        "mean": 4.09998369217,
        "min": 0.196498394012,
        "stdev": 1.59387660027
    },
    "spectral_rms": {
        "max": 0.00962688215077,
        "mean": 0.00545166851953,
        "min": 0.00213033985347,
        "stdev": 0.00132207584102
    },
    "spectral_rolloff": {
        "max": 13738.1835938,
        "mean": 1327.70874023,
        "min": 64.599609375,
        "stdev": 783.001647949
    },
    "spectral_skewness": {
        "max": 2.540350914,
        "mean": 1.58622860909,
        "min": 0.46234562993,
        "stdev": 0.272203892469
    },
    "spectral_spread": {
        "max": 15687926,
        "mean": 4072560,
        "min": 2336652,
        "stdev": 1096410.375
    },
    "spectral_strongpeak": {
        "max": 14.2808837891,
        "mean": 1.79970240593,
        "min": 0,
        "stdev": 2.04792904854
    },
    "zerocrossingrate": {
        "max": 0.28173828125,
        "mean": 0.0570827834308,
        "min": 0.0068359375,
        "stdev": 0.0201847236603
    },
    "barkbands": {
        "max": [0.00766115775332, 0.0611768513918, 0.0222800578922, 0.0339554361999, 0.0246943980455, 0.0231799818575, 0.0375109314919, 0.00833234935999, 0.0485940128565, 0.0741763040423, 0.0149214453995, 0.0305661708117, 0.0077306763269, 0.0196330118924, 0.0492524318397, 0.00558007042855, 0.00397768616676, 0.00194285146426, 0.00137342512608, 0.00223003257997, 0.00297780195251, 0.00140806345735, 0.000584432506002, 0.00110251258593, 0.00134986639023, 0.00476185744628, 0.000119532633107],
        "mean": [0.000749873404857, 0.00521127739921, 0.000883463770151, 0.000591650081333, 0.00119559827726, 0.00104567199014, 0.00133643380832, 0.000773083418608, 0.00485646631569, 0.00729505624622, 0.00171542505268, 0.00130415614694, 0.00115155649837, 0.00123768951744, 0.00102383224294, 0.000301057239994, 0.000374569528503, 0.000313866185024, 0.000214222061913, 0.000165285819094, 0.00014553173969, 0.000177300447831, 7.10363310645e-05, 5.26909825567e-05, 4.33511268056e-05, 2.43843624048e-05, 7.914050002e-07],
        "min": [8.46858347336e-11, 4.16011558535e-10, 5.54699897126e-10, 1.92185978243e-09, 1.3722150527e-07, 8.29421082926e-07, 1.81833570423e-06, 9.77974013949e-06, 2.32210586546e-05, 2.86360773316e-05, 2.7763808248e-05, 3.07325535687e-05, 3.15977595164e-05, 9.15641521715e-06, 1.90717073565e-05, 1.33496896524e-05, 1.16123201224e-05, 2.22113212658e-05, 1.4266758626e-05, 1.27899347717e-05, 9.76837691269e-06, 1.33211697175e-05, 6.36664981357e-06, 2.30003010415e-07, 8.76111005965e-09, 3.31505170537e-11, 4.01444225084e-11],
        "stdev": [0.00139936665073, 0.00980379059911, 0.00226473109797, 0.00208364264108, 0.00215174024925, 0.00186718115583, 0.00299101322889, 0.000915207550861, 0.00579709047452, 0.0105343256146, 0.00180283386726, 0.00161929044407, 0.00103150855284, 0.0014828358544, 0.00362236471847, 0.000321059254929, 0.000340089551173, 0.000247490563197, 0.000153492641402, 0.000147546466906, 0.000163942837389, 0.000154747787747, 6.25990433036e-05, 6.64965555188e-05, 8.94782788237e-05, 0.000167932957993, 6.25994516668e-06]
    },
    "erbbands": {
        "max": [3.33245396614, 12.3396778107, 19.4407520294, 77.4948501587, 69.2265090942, 103.960922241, 139.745529175, 255.623168945, 687.991333008, 319.446411133, 323.371673584, 1268.07617188, 1859.03137207, 1346.34521484, 744.816101074, 1426.6394043, 380.107635498, 1179.16186523, 1119.40026855, 1969.28735352, 224.367553711, 163.37612915, 123.406761169, 94.8912811279, 62.5814628601, 126.905319214, 94.4329147339, 103.320167542, 61.8574829102, 42.7328491211, 13.9239597321, 21.9264945984, 20.6510925293, 14.0574083328, 10.9708204269, 12.4690341949, 15.088142395, 0.817462325096, 0.0288518909365, 0.00130866665859],
        "mean": [0.239783853292, 0.806134283543, 1.04013717175, 1.74975919724, 2.83130216599, 4.34415483475, 5.50294351578, 9.24842643738, 19.3257293701, 16.5609073639, 26.0839099884, 108.022102356, 214.492980957, 141.827987671, 63.7905960083, 55.6309585571, 53.6428604126, 62.2752685547, 53.5914840698, 38.7970046997, 17.7528591156, 21.35039711, 18.4278259277, 12.8885583878, 9.93067455292, 7.55403470993, 6.01705598831, 6.05137777328, 6.66511535645, 3.84420180321, 1.90218341351, 1.21340405941, 0.80783200264, 0.559718608856, 0.261833935976, 0.116870850325, 0.0456882677972, 0.00511808739975, 0.000190855978872, 4.51657651865e-05],
        "min": [9.03605652525e-08, 5.72021463086e-07, 3.19288324135e-06, 2.22421094804e-05, 0.000269445386948, 0.000704705656972, 0.00339127331972, 0.013149918057, 0.0442378520966, 0.417889535427, 0.504969358444, 0.764383852482, 1.44261240959, 1.86372387409, 1.55157005787, 1.67452323437, 1.74979913235, 1.76843369007, 0.854885101318, 1.10756003857, 1.04678177834, 0.890909314156, 1.42617785931, 0.720674395561, 0.605898320675, 0.521802246571, 0.55793607235, 0.422840982676, 0.489735156298, 0.344812244177, 0.1848757267, 0.0519656576216, 0.00649889698252, 0.00224345829338, 0.000203178089578, 3.64546540368e-05, 1.19224796435e-05, 1.62695368999e-06, 3.92619722334e-06, 5.96779455009e-06],
        "stdev": [0.4793843925, 1.6455116272, 2.28521227837, 5.62218236923, 6.19438648224, 8.20547676086, 10.09333992, 17.3557949066, 49.7422332764, 24.3963279724, 26.2264556885, 134.146316528, 238.073135376, 180.415328979, 68.73097229, 69.6967086792, 45.2957839966, 82.9688720703, 97.4343032837, 125.67515564, 17.4080410004, 17.8504676819, 14.4919815063, 9.36418437958, 6.75780820847, 7.43786859512, 6.66302108765, 6.38530397415, 6.00810909271, 3.58358573914, 1.62373006344, 1.34524989128, 1.14484679699, 1.05594611168, 0.618954777718, 0.574957549572, 0.434799283743, 0.038129106164, 0.0013962223893, 5.63435241929e-05]
    },
    "gfcc": {
        "mean": [-2.67395782471, 62.8950843811, -180.354156494, -0.923646092415, -85.6858139038, 20.2632007599, -29.4323768616, 10.6647109985, -20.38788414, -4.5543718338, -16.6902103424, -4.77078723907, -4.98524570465],
        "cov": [[2051.77099609, 1124.72216797, 2445.52050781, 841.254943848, 727.254821777, 337.926452637, -66.700881958, 138.213653564, -134.303695679, 431.753204346, 14.431265831, 538.943786621, -117.867149353], [1124.72216797, 2062.11938477, 2434.62280273, 1317.41040039, 757.632141113, 411.348602295, 155.324462891, 92.6766738892, 95.185043335, 268.517669678, 249.959259033, 380.703308105, 46.6360397339], [2445.52050781, 2434.62280273, 4351.50537109, 1843.57287598, 1318.13525391, 615.936401367, 30.6242408752, 263.522216797, -39.2129592896, 692.987548828, 189.71836853, 807.699707031, -106.778007507], [841.254943848, 1317.41040039, 1843.57287598, 1108.94152832, 605.59942627, 337.011566162, 98.5037307739, 100.39302063, 42.4329299927, 214.64704895, 131.196426392, 255.941009521, 0.456928670406], [727.254821777, 757.632141113, 1318.13525391, 605.59942627, 503.211181641, 261.381713867, 62.7972068787, 110.85043335, 6.08630752563, 198.624084473, 59.7608413696, 233.79359436, -35.402053833], [337.926452637, 411.348602295, 615.936401367, 337.011566162, 261.381713867, 229.058288574, 106.727111816, 80.5325927734, 12.1199121475, 67.6687850952, 39.0505027771, 99.2724990845, -0.553084135056], [-66.700881958, 155.324462891, 30.6242408752, 98.5037307739, 62.7972068787, 106.727111816, 167.239273071, 45.0018081665, 35.6226005554, -43.2797431946, 23.3198165894, -21.6223106384, 21.3714427948], [138.213653564, 92.6766738892, 263.522216797, 100.39302063, 110.85043335, 80.5325927734, 45.0018081665, 100.247566223, 27.4514923096, 66.0839538574, 9.78035354614, 51.3512077332, -10.5634145737], [-134.303695679, 95.185043335, -39.2129592896, 42.4329299927, 6.08630752563, 12.1199121475, 35.6226005554, 27.4514923096, 115.137947083, 13.3673610687, 62.9740600586, -19.4352798462, 37.1365470886], [431.753204346, 268.517669678, 692.987548828, 214.64704895, 198.624084473, 67.6687850952, -43.2797431946, 66.0839538574, 13.3673610687, 216.247131348, 41.5420455933, 175.378845215, -28.9928874969], [14.431265831, 249.959259033, 189.71836853, 131.196426392, 59.7608413696, 39.0505027771, 23.3198165894, 9.78035354614, 62.9740600586, 41.5420455933, 120.440742493, 57.0245513916, 53.1493988037], [538.943786621, 380.703308105, 807.699707031, 255.941009521, 233.79359436, 99.2724990845, -21.6223106384, 51.3512077332, -19.4352798462, 175.378845215, 57.0245513916, 249.847091675, -1.52178943157], [-117.867149353, 46.6360397339, -106.778007507, 0.456928670406, -35.402053833, -0.553084135056, 21.3714427948, -10.5634145737, 37.1365470886, -28.9928874969, 53.1493988037, -1.52178943157, 84.3051681519]],
        "icov": [[0.00232376647182, -0.000270202610409, -0.00102081696969, 0.000746764126234, 0.00016961772053, -0.00160163186956, 0.0010993265314, 0.000255535385804, 0.000831638171803, -0.000184109972906, 0.00147172342986, -0.00168425240554, 0.000527520023752], [-0.000270202610409, 0.00433311704546, -0.00247935182415, -0.0015392547939, 0.000575159443542, 0.000399391719839, -0.00229832157493, 0.00337533582933, -0.00259183393791, 0.00269090593792, -0.00326667702757, 0.000634678348433, -0.000518965302035], [-0.00102081696969, -0.00247935182415, 0.00551069620997, -0.00267404480837, -0.00351679231972, 0.0016356119886, 0.00107501773164, -0.00251546385698, 0.0024601444602, -0.00368193164468, 0.00171508151107, -0.00345178646967, 0.00139121012762], [0.000746764126234, -0.0015392547939, -0.00267404480837, 0.00687323324382, -0.00124697294086, -0.00242778635584, 0.000873315555509, 0.000971707806457, -0.0001945754193, 0.000552676618099, -0.000260059139691, 0.00399184273556, -0.0016559768701], [0.00016961772053, 0.000575159443542, -0.00351679231972, -0.00124697294086, 0.016723645851, -0.00841295812279, 0.000328375259414, -0.000893371354323, -0.00261499662884, 0.000900187820662, 0.000439291703515, -0.00160506251268, 0.00339939631522], [-0.00160163186956, 0.000399391719839, 0.0016356119886, -0.00242778635584, -0.00841295812279, 0.0199557375163, -0.00800415873528, -0.0047182389535, 0.00292548490688, 0.000830213946756, -0.00199978938326, 0.000354695570422, -0.00207547144964], [0.0010993265314, -0.00229832157493, 0.00107501773164, 0.000873315555509, 0.000328375259414, -0.00800415873528, 0.0153201986104, -0.00596631970257, -0.000790707126725, 0.00430463673547, 0.00108407798689, -0.00114007911179, 0.000743987038732], [0.000255535385804, 0.00337533582933, -0.00251546385698, 0.000971707806457, -0.000893371354323, -0.0047182389535, -0.00596631970257, 0.0239834710956, -0.00764112593606, -0.00433026021346, 0.00231316499412, 0.000623448693659, -0.000160015377332], [0.000831638171803, -0.00259183393791, 0.0024601444602, -0.0001945754193, -0.00261499662884, 0.00292548490688, -0.000790707126725, -0.00764112593606, 0.0214824043214, -0.00767788710073, -0.00694534787908, 0.00581117253751, -0.00374240521342], [-0.000184109972906, 0.00269090593792, -0.00368193164468, 0.000552676618099, 0.000900187820662, 0.000830213946756, 0.00430463673547, -0.00433026021346, -0.00767788710073, 0.0220033489168, -0.00424887007102, -0.00731320027262, 0.00583309540525], [0.00147172342986, -0.00326667702757, 0.00171508151107, -0.000260059139691, 0.000439291703515, -0.00199978938326, 0.00108407798689, 0.00231316499412, -0.00694534787908, -0.00424887007102, 0.0239958539605, -0.00655299937353, -0.00742328586057], [-0.00168425240554, 0.000634678348433, -0.00345178646967, 0.00399184273556, -0.00160506251268, 0.000354695570422, -0.00114007911179, 0.000623448693659, 0.00581117253751, -0.00731320027262, -0.00655299937353, 0.0219050087035, -0.00795213505626], [0.000527520023752, -0.000518965302035, 0.00139121012762, -0.0016559768701, 0.00339939631522, -0.00207547144964, 0.000743987038732, -0.000160015377332, -0.00374240521342, 0.00583309540525, -0.00742328586057, -0.00795213505626, 0.0240535009652]]
    },
    "melbands": {
        "max": [0.0219778828323, 0.0104091558605, 0.0124759096652, 0.00568800978363, 0.0053127175197, 0.00542735075578, 0.00895235128701, 0.00295237172395, 0.0042366781272, 0.0074645569548, 0.00927606504411, 0.00726894568652, 0.00227517797612, 0.00393257942051, 0.00144374580123, 0.00099795171991, 0.00242396630347, 0.0015554606216, 0.00548933399841, 0.000552957586478, 0.00030366962892, 0.000144871053635, 0.000258274871157, 9.633055015e-05, 9.30490714381e-05, 4.53398461104e-05, 5.97108410147e-05, 8.61178996274e-05, 5.92944415985e-05, 0.000101294906926, 3.78197291866e-05, 3.69617264369e-05, 2.96393063763e-05, 2.36436080741e-05, 9.93676985672e-06, 8.54715108289e-06, 1.55698617164e-05, 1.11148156066e-05, 2.00972426683e-05, 1.36051621666e-05],
        "mean": [0.00175589951687, 0.000694790622219, 0.000322089181282, 0.000267446681391, 0.000189942846191, 0.000221911192057, 0.000287423434202, 0.000172140760696, 0.000266946852207, 0.000725233927369, 0.00112688739318, 0.0006599984481, 0.000214295476326, 0.000143537326949, 0.000153805594891, 0.000107766587462, 0.000117262614367, 8.25246388558e-05, 8.84042892721e-05, 2.48516298598e-05, 1.90980663319e-05, 2.24361829169e-05, 1.86487141036e-05, 1.49458237502e-05, 9.87516614259e-06, 7.87188400864e-06, 6.24348831479e-06, 4.75094157082e-06, 3.78033655579e-06, 3.45073522112e-06, 3.51516450792e-06, 3.99283999286e-06, 3.04561831399e-06, 1.75242996647e-06, 1.14012641461e-06, 8.14067220745e-07, 7.12411122095e-07, 5.53258132641e-07, 5.47325839761e-07, 4.51474193142e-07],
        "min": [2.62724841882e-10, 6.00991867383e-10, 5.81659431731e-09, 4.15024423717e-08, 7.05058127437e-08, 2.63358288066e-07, 4.2939427658e-07, 2.15902787204e-06, 4.17840283262e-06, 4.58370368506e-06, 6.38670462649e-06, 5.43466467207e-06, 4.22567018177e-06, 6.33058243693e-06, 2.14782880903e-06, 2.62078401647e-06, 1.05787364646e-06, 1.2029285017e-06, 1.19689821076e-06, 7.94456013864e-07, 6.33574245512e-07, 6.627810194e-07, 1.07287291939e-06, 8.03283853656e-07, 4.73754795394e-07, 4.34469598076e-07, 3.87783927636e-07, 3.16669172662e-07, 2.5940059345e-07, 2.03855748282e-07, 2.06695460747e-07, 2.10576686754e-07, 1.78520622285e-07, 1.24755771935e-07, 8.42820639946e-08, 6.0215626263e-08, 2.01746264139e-09, 2.80942513697e-09, 1.31512956081e-09, 7.21998988373e-11],
        "stdev": [0.00331625225954, 0.00133083935361, 0.000891601259355, 0.000492855499033, 0.00033518471173, 0.000419385643909, 0.000684107304551, 0.000246251525823, 0.000321442144923, 0.000893456919584, 0.00132184987888, 0.000963849131949, 0.000233481478062, 0.000195846441784, 0.000178417176357, 0.000116530653031, 0.000170515049831, 0.000113550690003, 0.000372728216462, 3.47665009031e-05, 2.15966647374e-05, 1.92695915757e-05, 1.88421036e-05, 1.23300669657e-05, 7.99086592451e-06, 5.74121486352e-06, 5.31181376573e-06, 5.13722898177e-06, 4.27232089351e-06, 4.32852993981e-06, 3.772383252e-06, 3.76442790184e-06, 2.92294066639e-06, 1.76543289854e-06, 1.03292154563e-06, 7.65437050632e-07, 9.02845783912e-07, 7.3539507639e-07, 1.01570424249e-06, 9.27829319153e-07]
    },
    "melbands128": {
        "max": [0.00694747874513, 0.0322919227183, 0.0267876684666, 0.0220237895846, 0.0127311134711, 0.0130391083658, 0.018888713792, 0.0154167963192, 0.00796952284873, 0.00766815012321, 0.00676641566679, 0.0105560310185, 0.00625256868079, 0.00507863564417, 0.0076047712937, 0.00940833147615, 0.0187108069658, 0.0121172498912, 0.0051410519518, 0.00497868005186, 0.00267380522564, 0.0022048195824, 0.0044662123546, 0.0131332641467, 0.0142178321257, 0.0127099817619, 0.0131440144032, 0.0179298110306, 0.0248736273497, 0.0136275095865, 0.00500884465873, 0.00348968338221, 0.0041299178265, 0.00557892723009, 0.00290186214261, 0.00822165235877, 0.00453355070204, 0.003140962217, 0.00153497245628, 0.00189776648767, 0.00191758689471, 0.0011579481652, 0.00533984042704, 0.00260833557695, 0.00168258068152, 0.00313386949711, 0.00552018126473, 0.00978902168572, 0.00525790825486, 0.00153424881864, 0.00060846604174, 0.000358836172381, 0.000687295221724, 0.000494841719046, 0.000409923435654, 0.000291549629765, 0.000270921853371, 0.000714478781447, 0.000189521844732, 0.0002267013042, 0.000197128334548, 0.000107938940346, 0.000193166793906, 0.00014181631559, 0.000120804281323, 6.78196156514e-05, 6.05238710705e-05, 8.02330469014e-05, 8.74838515301e-05, 0.000140724994708, 0.000133477660711, 8.61262014951e-05, 6.20504579274e-05, 8.58966232045e-05, 6.93714391673e-05, 9.02239626157e-05, 0.000168723214301, 5.85950510867e-05, 5.48397511011e-05, 5.98313381488e-05, 3.68917317246e-05, 6.64162944304e-05, 5.5284712289e-05, 3.27426278091e-05, 3.2167401514e-05, 4.1970750317e-05, 1.90275550267e-05, 1.89821057575e-05, 1.14437416414e-05, 1.11666076918e-05, 1.06188263089e-05, 8.36533945403e-06, 1.23505124066e-05, 1.87270434253e-05, 1.79352882697e-05, 8.59580632095e-06, 8.9846262199e-06, 1.7699885575e-05, 2.44244565692e-05, 1.94095209736e-05, 1.63813929248e-05, 1.65548990481e-05, 1.26313470901e-05, 8.68311781232e-06, 8.30092812976e-06, 1.0636576917e-05, 3.11855765176e-05, 4.66202545795e-05, 1.69810700754e-05, 1.91858289327e-05, 1.55226607603e-05, 0.000159170129336, 4.80284725199e-05, 1.73495791387e-05, 2.19950125029e-05, 1.07930036393e-05, 1.9963088107e-06, 1.71433680407e-06, 8.11694064851e-07, 6.8598018288e-07, 2.59968430782e-07, 5.07620598e-07, 8.49105106226e-07, 5.87647193129e-08, 1.58817599072e-08, 1.56634136772e-08, 1.55033657023e-08, 1.5411648846e-08],
        "mean": [0.000704210135154, 0.00226275390014, 0.00204496341757, 0.00110638479237, 0.000560100132134, 0.000434546062024, 0.000371151632862, 0.000263258465566, 0.000277328072116, 0.00030894720112, 0.00023847418197, 0.000171574647538, 0.000181322306162, 0.000208476616535, 0.00017894442135, 0.000222338581807, 0.000366753636627, 0.000280128326267, 0.000244727882091, 0.000155870366143, 0.000169188322616, 0.000109874505142, 0.000206908851396, 0.000490436854307, 0.000704614561982, 0.000806546304375, 0.000853563367855, 0.000998318661004, 0.00173104857095, 0.000780172355007, 0.00032667213236, 0.000255347695202, 0.000189622936887, 0.000226727177505, 0.000123529942357, 0.000135803828016, 0.0001267449843, 0.000211584352655, 0.00011773857841, 9.44983112277e-05, 0.000114795730042, 0.000106050400063, 0.000134572343086, 0.000105861006887, 0.000106111750938, 6.30032154731e-05, 6.58159406157e-05, 0.000147379236296, 6.25992761343e-05, 2.42888145294e-05, 2.41745492531e-05, 2.0953364583e-05, 1.78961145139e-05, 1.94529566215e-05, 1.91295603145e-05, 2.49832846748e-05, 2.25375115406e-05, 2.00250378839e-05, 1.68618007592e-05, 1.64130324265e-05, 1.74698252522e-05, 1.09204820546e-05, 1.05927492768e-05, 9.07096000446e-06, 1.009344669e-05, 7.62323406889e-06, 6.71133511787e-06, 7.07587605575e-06, 6.24735048405e-06, 4.89266449222e-06, 4.56440056951e-06, 5.24998267792e-06, 3.73610419047e-06, 3.55729116563e-06, 3.5853031477e-06, 3.4480613067e-06, 3.33662592311e-06, 3.59692285201e-06, 3.24999336954e-06, 3.72195017917e-06, 4.32355818702e-06, 3.7524621348e-06, 4.08024015996e-06, 2.74571698355e-06, 2.68001690529e-06, 1.87968669252e-06, 1.49395623339e-06, 1.2962486835e-06, 1.18657328585e-06, 9.65388267105e-07, 8.44228338792e-07, 7.73214310357e-07, 7.57601355872e-07, 7.01382873558e-07, 7.43728890029e-07, 5.53638244583e-07, 4.96703478348e-07, 5.42361476619e-07, 5.96406607656e-07, 5.24781910372e-07, 4.74739294987e-07, 4.62098597609e-07, 3.95488910954e-07, 3.25793081402e-07, 2.86668807803e-07, 2.33066828059e-07, 2.6106025075e-07, 2.56766725215e-07, 1.99342565566e-07, 1.47746760604e-07, 1.30095457962e-07, 2.11223650126e-07, 1.52908214091e-07, 1.16985560794e-07, 9.02365187017e-08, 4.85247220183e-08, 1.61662736531e-08, 7.10578840213e-09, 4.41496617043e-09, 2.73418576668e-09, 1.4056977804e-09, 1.49161871743e-09, 1.61794277975e-09, 9.51927842108e-11, 1.93098211032e-11, 1.88081356045e-11, 1.84688948163e-11, 1.82976880175e-11],
        "min": [2.24633159296e-12, 2.69954128496e-11, 6.53460410782e-11, 1.00219083032e-10, 6.05285405131e-11, 3.80225406715e-10, 4.64468352668e-10, 7.17571557729e-10, 9.7676826627e-09, 1.72553669131e-08, 2.22867022615e-08, 8.91263773894e-09, 2.25955805178e-08, 3.22321085378e-08, 5.21470902015e-08, 1.01242662254e-07, 6.42008757268e-08, 1.4662191461e-07, 1.85206474157e-07, 3.88943988128e-07, 8.83795564732e-07, 7.63123409797e-07, 1.75957802639e-06, 1.07616256173e-06, 2.07572588806e-06, 1.40502652357e-06, 1.48357526086e-06, 4.20333617512e-06, 2.81655616163e-06, 1.35528284773e-06, 1.52919687935e-06, 3.82666740961e-07, 1.77380809419e-06, 1.38660357152e-06, 1.08506549168e-06, 7.55243945605e-07, 8.43988175347e-07, 1.46814852542e-06, 5.94265657128e-07, 6.70822487336e-07, 1.12174438982e-06, 1.36285302688e-06, 8.38202140585e-07, 8.2107800381e-07, 7.98630594545e-07, 9.94317730374e-08, 4.3016092377e-07, 4.77239950669e-07, 3.18447746395e-07, 2.53389515592e-07, 2.90973957817e-07, 1.99721952754e-07, 3.24602979163e-07, 1.58973818998e-07, 2.313069416e-07, 2.66439286634e-07, 6.2413272417e-07, 2.65325354576e-07, 3.40825437206e-07, 5.00716168972e-07, 4.04981165048e-07, 2.44177186914e-07, 3.25755877384e-07, 1.87124754802e-07, 2.44232040814e-07, 1.82181167929e-07, 1.18888607403e-07, 2.58190311797e-07, 2.72118086286e-07, 1.52599128e-07, 1.80616737566e-07, 1.6031476946e-07, 1.07734742016e-07, 1.14731975032e-07, 1.62499532053e-07, 1.25939124018e-07, 1.06334496763e-07, 9.70227773678e-08, 1.19220345596e-07, 7.09711258651e-08, 9.7618006123e-08, 1.96834122335e-07, 1.72288082467e-07, 9.84789139125e-08, 1.00198313646e-07, 9.33368582423e-08, 8.16587899521e-08, 6.16959781041e-08, 4.54438833231e-08, 5.15133322665e-08, 3.75488760085e-08, 3.65513175282e-09, 1.56220292258e-09, 2.41905717679e-09, 1.60353641476e-09, 2.59507904055e-09, 1.69285119256e-09, 3.05086234054e-10, 2.07593681828e-11, 1.79824211077e-10, 3.49285982082e-11, 5.45946760022e-11, 6.44777356507e-11, 2.27202675077e-12, 7.37958576625e-13, 4.92955719647e-13, 2.39573362234e-13, 2.00220319924e-13, 1.96255934681e-13, 1.81450178233e-13, 1.62806901749e-13, 1.3553357926e-13, 1.43771266051e-13, 1.61282892965e-13, 8.74345151944e-14, 1.04171615182e-13, 1.33043803838e-13, 1.20687232994e-13, 1.09980479042e-13, 9.68970116275e-14, 1.01566595846e-13, 1.28181794064e-13, 9.81440406375e-14, 1.21256208741e-13, 8.04888789082e-14, 3.14701471263e-14, 3.71538169764e-15, 1.98748697481e-16],
        "stdev": [0.00131805811543, 0.00468129990622, 0.0041794446297, 0.00248544802889, 0.00129861198366, 0.00120624515694, 0.00131714472082, 0.000899032631423, 0.000667709100526, 0.000638449273538, 0.000519434921443, 0.000470188795589, 0.000389576714952, 0.000447669037385, 0.000394822680391, 0.000627529632766, 0.0011800135253, 0.000844386988319, 0.000604350701906, 0.000294165103696, 0.000288530369289, 0.000167746722582, 0.000326960143866, 0.000837364583276, 0.00119049032219, 0.00119765312411, 0.00130502670072, 0.00133693544194, 0.00353104458191, 0.001474430901, 0.000440836389316, 0.000342010403983, 0.00028685759753, 0.000396862829803, 0.000187029334484, 0.000341950653819, 0.000233020604355, 0.000352823844878, 0.000140261210618, 0.000134375062771, 0.000169991457369, 0.000138135452289, 0.000316602265229, 0.000175660577952, 0.000134677320602, 0.000126614657347, 0.000247767195106, 0.000785270996857, 0.00029468795401, 6.98599687894e-05, 3.23880449287e-05, 2.48502710747e-05, 3.26706212945e-05, 3.09943497996e-05, 2.55172035395e-05, 2.53913676715e-05, 2.4182972993e-05, 3.40004262398e-05, 2.04567713809e-05, 1.68215174199e-05, 2.00126996788e-05, 1.20162776511e-05, 1.19628384709e-05, 1.00976631074e-05, 9.71488316281e-06, 7.2038660619e-06, 6.74970306136e-06, 6.33156423646e-06, 6.64965364194e-06, 7.35068624635e-06, 6.31401780993e-06, 5.93861977904e-06, 4.35891797679e-06, 5.28832879354e-06, 4.66199389848e-06, 4.89606100018e-06, 5.52096707906e-06, 4.46408739663e-06, 4.36934215031e-06, 4.38649567513e-06, 4.71369276056e-06, 4.94399500894e-06, 5.41991857972e-06, 3.09196730086e-06, 3.12433667204e-06, 2.27587543122e-06, 1.71210024291e-06, 1.55922862177e-06, 1.20557285754e-06, 9.43987686242e-07, 9.09000732463e-07, 8.34911816128e-07, 8.86317138793e-07, 1.02765841348e-06, 1.11820077109e-06, 7.68676045482e-07, 7.26319740352e-07, 8.56712972563e-07, 1.30483465455e-06, 1.02858098217e-06, 1.0211007293e-06, 1.07793744064e-06, 8.67965809448e-07, 6.78308197166e-07, 6.42746329049e-07, 6.14431939994e-07, 1.18991329146e-06, 1.5831019482e-06, 9.66095171862e-07, 8.66010793743e-07, 7.30838848995e-07, 4.08983942179e-06, 1.43466763802e-06, 8.33579804294e-07, 7.98661062618e-07, 4.39050779732e-07, 1.07706448205e-07, 6.08442292105e-08, 4.07634885846e-08, 3.09107512919e-08, 1.61172124535e-08, 2.09872492718e-08, 2.81575740502e-08, 1.75475733943e-09, 4.49974613126e-10, 4.41385150651e-10, 4.35255692599e-10, 4.3177481035e-10]
    },
    "mfcc": {
        "mean": [-623.53338623, 94.1079406738, -43.0614967346, -20.504447937, -30.1545009613, -3.39901614189, -4.98768949509, 7.10879945755, 2.03459334373, 0.477407932281, 1.78161966801, -7.06101846695, -8.38143157959],
        "cov": [[828.963562012, 471.707183838, 818.254211426, 409.74987793, 410.501708984, 246.176132202, 143.650604248, 41.2391891479, 4.00611972809, -37.0461044312, 18.8290901184, 36.5388450623, 142.186813354], [471.707183838, 1451.6965332, 1769.05004883, 1077.35595703, 837.526489258, 569.539428711, 310.163360596, 196.131698608, 28.1871452332, 33.6891860962, 116.934089661, 191.836212158, 325.046783447], [818.254211426, 1769.05004883, 2689.07519531, 1580.32775879, 1297.46557617, 802.865112305, 449.29486084, 219.58821106, 61.6893119812, 40.08385849, 154.776641846, 287.182647705, 488.515899658], [409.74987793, 1077.35595703, 1580.32775879, 1064.36035156, 785.077819824, 516.514770508, 281.432312012, 158.32963562, 52.2520103455, 35.6253471375, 92.4646224976, 179.950531006, 284.03918457], [410.501708984, 837.526489258, 1297.46557617, 785.077819824, 736.84173584, 414.234527588, 234.561828613, 118.300827026, 43.5684165955, 40.4882545471, 82.4157867432, 151.758956909, 251.813552856], [246.176132202, 569.539428711, 802.865112305, 516.514770508, 414.234527588, 344.479370117, 199.723129272, 131.775421143, 43.4128761292, 28.6376533508, 57.0207290649, 84.9980545044, 139.588562012], [143.650604248, 310.163360596, 449.29486084, 281.432312012, 234.561828613, 199.723129272, 190.552749634, 117.589134216, 44.8054275513, 27.6638507843, 35.0415878296, 45.9352531433, 67.3110656738], [41.2391891479, 196.131698608, 219.58821106, 158.32963562, 118.300827026, 131.775421143, 117.589134216, 144.999008179, 50.3179550171, 32.7741203308, 30.9457511902, 22.5931282043, 27.3833999634], [4.00611972809, 28.1871452332, 61.6893119812, 52.2520103455, 43.5684165955, 43.4128761292, 44.8054275513, 50.3179550171, 75.5266647339, 40.2287635803, 26.2188644409, 15.1480998993, 14.342877388], [-37.0461044312, 33.6891860962, 40.08385849, 35.6253471375, 40.4882545471, 28.6376533508, 27.6638507843, 32.7741203308, 40.2287635803, 74.7588348389, 34.6685028076, 26.00274086, 15.7667188644], [18.8290901184, 116.934089661, 154.776641846, 92.4646224976, 82.4157867432, 57.0207290649, 35.0415878296, 30.9457511902, 26.2188644409, 34.6685028076, 69.8241577148, 42.6260948181, 46.4772338867], [36.5388450623, 191.836212158, 287.182647705, 179.950531006, 151.758956909, 84.9980545044, 45.9352531433, 22.5931282043, 15.1480998993, 26.00274086, 42.6260948181, 91.7869873047, 82.5817337036], [142.186813354, 325.046783447, 488.515899658, 284.03918457, 251.813552856, 139.588562012, 67.3110656738, 27.3833999634, 14.342877388, 15.7667188644, 46.4772338867, 82.5817337036, 153.297927856]],
        "icov": [[0.00217114086263, 0.000290261697955, -0.00105969316792, 0.00111612852197, -0.000631319184322, -0.00070165307261, -0.000354231189704, 0.000521125504747, -0.000384828686947, 0.00128300231881, -5.4153293604e-05, 0.00159046985209, -0.000518262735568], [0.000290261697955, 0.00449214316905, -0.002580010565, -0.000769221514929, 0.00109482312109, -0.00138697156217, 0.00115155347157, -0.00253077875823, 0.00283156544901, -0.000591795600485, -0.000983795383945, 0.000644080166239, -0.00098896981217], [-0.00105969316792, -0.002580010565, 0.00693706935272, -0.00405802344903, -0.00367163401097, 0.000582886044867, -0.00210364814848, 0.00224725320004, -0.000438368268078, 0.00140965287574, -0.000601319421548, -0.000238402426476, -0.00190459785517], [0.00111612852197, -0.000769221514929, -0.00405802344903, 0.0100139658898, -0.00149561662693, -0.00444501684979, 0.00173086230643, -8.63772002049e-05, -0.00185324822087, 0.000720582553186, 0.00198829174042, -0.00204979907721, 0.00133347546216], [-0.000631319184322, 0.00109482312109, -0.00367163401097, -0.00149561662693, 0.0111754536629, -0.00250625470653, -0.000514622894116, 0.000361095386324, 0.000751757703256, -0.00322745158337, 0.00108554074541, -0.000773401290644, -0.00282882223837], [-0.00070165307261, -0.00138697156217, 0.000582886044867, -0.00444501684979, -0.00250625470653, 0.0196605008096, -0.00714202271774, -0.00400745915249, 0.000291514472337, 0.00048439935199, -0.00164377514739, 0.00142275821418, -0.000308581860736], [-0.000354231189704, 0.00115155347157, -0.00210364814848, 0.00173086230643, -0.000514622894116, -0.00714202271774, 0.0192171894014, -0.00873401667923, -0.00141957588494, -0.000468052574433, 0.00125091057271, -0.00152154953685, 0.00247567682527], [0.000521125504747, -0.00253077875823, 0.00224725320004, -8.63772002049e-05, 0.000361095386324, -0.00400745915249, -0.00873401667923, 0.0193789396435, -0.00636005494744, -0.000383760896511, -0.00143667217344, 0.00120006746147, 0.00173441623338], [-0.000384828686947, 0.00283156544901, -0.000438368268078, -0.00185324822087, 0.000751757703256, 0.000291514472337, -0.00141957588494, -0.00636005494744, 0.0244629830122, -0.00950302556157, -0.00311707193032, 0.00181732396595, -0.0019025268266], [0.00128300231881, -0.000591795600485, 0.00140965287574, 0.000720582553186, -0.00322745158337, 0.00048439935199, -0.000468052574433, -0.000383760896511, -0.00950302556157, 0.024386683479, -0.00723226740956, -0.00351915694773, 0.00184147059917], [-5.4153293604e-05, -0.000983795383945, -0.000601319421548, 0.00198829174042, 0.00108554074541, -0.00164377514739, 0.00125091057271, -0.00143667217344, -0.00311707193032, -0.00723226740956, 0.0259927585721, -0.00707081891596, -0.00324658141471], [0.00159046985209, 0.000644080166239, -0.000238402426476, -0.00204979907721, -0.000773401290644, 0.00142275821418, -0.00152154953685, 0.00120006746147, 0.00181732396595, -0.00351915694773, -0.00707081891596, 0.0272767897695, -0.0102129140869], [-0.000518262735568, -0.00098896981217, -0.00190459785517, 0.00133347546216, -0.00282882223837, -0.000308581860736, 0.00247567682527, 0.00173441623338, -0.0019025268266, 0.00184147059917, -0.00324658141471, -0.0102129140869, 0.0227050706744]]
    },
    "spectral_contrast_coeffs": {
        "max": [-0.289059430361, -0.410761922598, -0.464907974005, -0.619632065296, -0.703281402588, -0.571667850018],
        "mean": [-0.725713729858, -0.719778358936, -0.726952314377, -0.79459798336, -0.802345395088, -0.744064390659],
        "min": [-0.907630562782, -0.920650303364, -0.884789466858, -0.891382157803, -0.862263917923, -0.854865729809],
        "stdev": [0.0744948014617, 0.0810078755021, 0.0730527564883, 0.0431644357741, 0.0261859800667, 0.0327484086156]
    },
    "spectral_contrast_valleys": {
        "max": [-5.26428079605, -5.05764818192, -4.69418430328, -5.83755016327, -6.18764400482, -8.19410037994],
        "mean": [-8.10242271423, -6.63474321365, -6.35892963409, -6.92806911469, -7.17582464218, -9.96335124969],
        "min": [-12.5849056244, -8.44963932037, -7.99511051178, -8.0776386261, -8.14215278625, -12.2065248489],
        "stdev": [1.94856894016, 0.597923517227, 0.517405331135, 0.485216885805, 0.393307447433, 0.448758304119]
    }
},
"rhythm": {
    "beats_count": 81,
    "beats_loudness": {
        "max": 0.0792837888002,
        "mean": 0.0338367372751,
        "min": 0.00840339809656,
        "stdev": 0.0146145476028
    },
    "bpm": 141.21472168,
    "bpm_histogram_first_peak_bpm": 140,
    "bpm_histogram_first_peak_weight": 0.524590134621,
    "bpm_histogram_second_peak_bpm": 133,
    "bpm_histogram_second_peak_spread": 0.461538434029,
    "bpm_histogram_second_peak_weight": 0.0874999985099,
    "danceability": 0.905499100685,
    "onset_rate": 1.93651485443,
    "beats_loudness_band_ratio": {
        "max": [0.906658172607, 0.478402167559, 0.805023610592, 0.771843731403, 0.515729725361, 0.181473836303],
        "mean": [0.241422131658, 0.0788941532373, 0.276515781879, 0.335802704096, 0.0866912975907, 0.0349947363138],
        "min": [4.31809576185e-06, 0.000344199332176, 0.0213261954486, 0.0088011585176, 0.00606759078801, 0.00421156687662],
        "stdev": [0.289318561554, 0.10134870559, 0.178238421679, 0.211728304625, 0.0767653286457, 0.0273046325892]
    },
    "beats_position": [0.441179126501, 0.882358253002, 1.31192743778, 1.74149656296, 2.15945577621, 2.57741498947, 2.99537420273, 3.41333317757, 3.84290242195, 4.27247142792, 4.69043064117, 5.10838985443, 5.53795909882, 5.9675283432, 6.38548755646, 6.80344676971, 7.22140598297, 7.65097475052, 8.08054447174, 8.498503685, 8.91646194458, 9.33442115784, 9.76399040222, 10.1935596466, 10.6115188599, 11.0294780731, 11.4474372864, 11.8770065308, 12.3065757751, 12.7245349884, 13.1424942017, 13.5604534149, 13.9900226593, 14.4195919037, 14.8375511169, 15.2555103302, 15.6850786209, 16.114648819, 16.5326080322, 16.9505672455, 17.3685264587, 17.7980957031, 18.2276649475, 18.6572322845, 19.0751914978, 19.5163707733, 19.96916008, 20.4103393555, 20.8631286621, 21.3043079376, 21.7570972443, 22.2098865509, 22.6626758575, 23.1270751953, 23.5914726257, 24.0442619324, 24.497051239, 24.9730606079, 25.4026298523, 25.8321990967, 26.2501583099, 26.6797275543, 27.1092967987, 27.5388660431, 27.9684352875, 28.3980045319, 28.8159637451, 29.2339229584, 29.6634922028, 30.081451416, 30.5110206604, 30.9405899048, 31.4165973663, 31.8926067352, 32.3686180115, 32.8446235657, 33.3090248108, 33.7850341797, 34.2494316101, 34.7138328552, 35.1782302856],
