{
"metadata": {
    "version": {
        "essentia": "2.1-beta5",
        "essentia_git_sha": "Undefined",
        "extractor": "music 2.0"
    },
    "audio_properties": {
        "analysis": {
            "equal_loudness": 0,
            "length": 48.7502937317,
            "sample_rate": 44100,
            "start_time": 12.7477550507,
            "downmix": "mix"
        },
        "bit_rate": 192000,
        "length": 176.645812988,
        "lossless": 0,
        "number_channels": 2,
        "replay_gain": -6.01678085327,
        "sample_rate": 48000,
        "codec": "mp3",
        "md5_encoded": "12022c52d1878305e55e1755a568bc19"
    },
    "tags": {
        "file_name": "Poland_Pali się_Tulia.mp3",
        "encoding": ["Lavf58.29.100"]
    }
},
"lowlevel": {
    "average_loudness": 0.982153594494,
    "barkbands_crest": {
        "max": 23.2002086639,
        "mean": 8.16482162476,
        "min": 2.28127241135,
        "stdev": 3.62169766426
    },
    "barkbands_flatness_db": {
        "max": 0.335773468018,
        "mean": 0.123765267432,
        "min": 0.0226554274559,
        "stdev": 0.0589154325426
    },
    "barkbands_kurtosis": {
        "max": 38.6593475342,
        "mean": 0.90829873085,
        "min": -1.831184268,
        "stdev": 4.05016756058
    },
    "barkbands_skewness": {
        "max": 5.75641775131,
        "mean": 0.888650715351,
        "min": -0.905343174934,
        "stdev": 0.921806931496
    },
    "barkbands_spread": {
        "max": 112.988716125,
        "mean": 32.6010971069,
        "min": 2.50589299202,
        "stdev": 12.4393815994
    },
    "dissonance": {
        "max": 0.499999970198,
        "mean": 0.477469146252,
        "min": 0.353308945894,
        "stdev": 0.0174363516271
    },
    "dynamic_complexity": 1.74196529388,
    "erbbands_crest": {
        "max": 26.2007026672,
        "mean": 8.32811927795,
        "min": 2.93743920326,
        "stdev": 3.59910202026
    },
    "erbbands_flatness_db": {
        "max": 0.383238226175,
        "mean": 0.167611867189,
        "min": 0.0589682683349,
        "stdev": 0.0509377866983
    },
    "erbbands_kurtosis": {
        "max": 6.99527931213,
        "mean": -0.299715548754,
        "min": -1.62427020073,
        "stdev": 0.806841135025
    },
    "erbbands_skewness": {
        "max": 1.86912035942,
        "mean": -0.0207778234035,
        "min": -2.34340119362,
        "stdev": 0.534097015858
    },
    "erbbands_spread": {
        "max": 121.877937317,
        "mean": 38.3274459839,
        "min": 10.907450676,
        "stdev": 12.87682724
    },
    "hfc": {
        "max": 102.211616516,
        "mean": 27.9544677734,
        "min": 0.370587646961,
        "stdev": 16.9041919708
    },
    "loudness_ebu128": {
        "integrated": -17.5959281921,
        "loudness_range": 1.64620018005,
        "momentary": {
            "max": -15.2596731186,
            "mean": -17.8110313416,
            "min": -23.7995548248,
            "stdev": 1.42770636082
        },
        "short_term": {
            "max": -16.343711853,
            "mean": -17.6359710693,
            "min": -18.84192276,
            "stdev": 0.556817770004
        }
    },
    "melbands_crest": {
        "max": 28.7725067139,
        "mean": 13.1503562927,
        "min": 4.42566871643,
        "stdev": 4.56176900864
    },
    "melbands_flatness_db": {
        "max": 0.442108571529,
        "mean": 0.16524463892,
        "min": 0.0383036956191,
        "stdev": 0.062273286283
    },
    "melbands_kurtosis": {
        "max": 105.890602112,
        "mean": 6.76345872879,
        "min": -1.3897010088,
        "stdev": 10.6978816986
    },
    "melbands_skewness": {
        "max": 9.00773048401,
        "mean": 2.03186416626,
        "min": -0.257886141539,
        "stdev": 1.2950963974
    },
    "melbands_spread": {
        "max": 104.064353943,
        "mean": 38.7114105225,
        "min": 2.10647511482,
        "stdev": 18.9474658966
    },
    "pitch_salience": {
        "max": 0.893318414688,
        "mean": 0.534885704517,
        "min": 0.158445686102,
        "stdev": 0.087269641459
    },
    "silence_rate_20dB": {
        "max": 1,
        "mean": 1,
        "min": 1,
        "stdev": 0
    },
    "silence_rate_30dB": {
        "max": 1,
        "mean": 1,
        "min": 1,
        "stdev": 0
    },
    "silence_rate_60dB": {
        "max": 1,
        "mean": 0.000475963839563,
        "min": 0,
        "stdev": 0.0218116696924
    },
    "spectral_centroid": {
        "max": 3472.51293945,
        "mean": 2138.26098633,
        "min": 265.483612061,
        "stdev": 621.300048828
    },
    "spectral_complexity": {
        "max": 54,
        "mean": 24.307472229,
        "min": 1,
        "stdev": 8.32146549225
    },
    "spectral_decrease": {
        "max": -8.83240078298e-11,
        "mean": -5.88825921355e-09,
        "min": -3.08186294262e-08,
        "stdev": 3.59978358233e-09
    },
    "spectral_energy": {
        "max": 0.118211574852,
        "mean": 0.0247592050582,
        "min": 0.000366969528841,
        "stdev": 0.0143239777535
    },
    "spectral_energyband_high": {
        "max": 0.00810112338513,
        "mean": 0.00171747279819,
        "min": 1.05302806332e-05,
        "stdev": 0.00133303867187
    },
    "spectral_energyband_low": {
        "max": 0.110274173319,
        "mean": 0.00888344179839,
        "min": 6.75861033805e-10,
        "stdev": 0.0118993744254
    },
    "spectral_energyband_middle_high": {
        "max": 0.0478504262865,
        "mean": 0.00906023290008,
        "min": 0.000100844241388,
        "stdev": 0.00707153836265
    },
    "spectral_energyband_middle_low": {
        "max": 0.0359408594668,
        "mean": 0.00721009913832,
        "min": 9.38135854085e-05,
        "stdev": 0.00465081771836
    },
    "spectral_entropy": {
        "max": 8.65107822418,
        "mean": 7.663377285,
        "min": 6.53814458847,
        "stdev": 0.321534365416
    },
    "spectral_flux": {
        "max": 0.325935930014,
        "mean": 0.0847623869777,
        "min": 0.0175615120679,
        "stdev": 0.0421592965722
    },
    "spectral_kurtosis": {
        "max": 14.3636779785,
        "mean": 2.96856951714,
        "min": -1.15936291218,
        "stdev": 1.48350572586
    },
    "spectral_rms": {
        "max": 0.0107391048223,
        "mean": 0.00476260622963,
        "min": 0.000598346930929,
        "stdev": 0.00121364579536
    },
    "spectral_rolloff": {
        "max": 11477.1972656,
        "mean": 2380.40527344,
        "min": 86.1328125,
        "stdev": 1425.39599609
    },
    "spectral_skewness": {
        "max": 2.68927335739,
        "mean": 1.04185342789,
        "min": -0.0814558938146,
        "stdev": 0.327338457108
    },
    "spectral_spread": {
        "max": 16899106,
        "mean": 4216784,
        "min": 2217294,
        "stdev": 1421428.25
    },
    "spectral_strongpeak": {
        "max": 9.79694461823,
        "mean": 1.07587075233,
        "min": 0,
        "stdev": 1.29613900185
    },
    "zerocrossingrate": {
        "max": 0.24169921875,
        "mean": 0.0803721174598,
        "min": 0.00830078125,
        "stdev": 0.0315384529531
    },
    "barkbands": {
        "max": [0.00326321949251, 0.0932023078203, 0.0328858047724, 0.0209496542811, 0.0103863179684, 0.00724473549053, 0.00807230267674, 0.00986975617707, 0.0204630699009, 0.0423650257289, 0.024503365159, 0.0252076610923, 0.0119354594499, 0.022687766701, 0.0082725668326, 0.0107009895146, 0.0101200034842, 0.00345824938267, 0.00727327447385, 0.0062140468508, 0.00417200941592, 0.00189837999642, 0.00119681772776, 0.00114571908489, 0.00335176638328, 0.00127633241937, 0.000135443289764],
        "mean": [0.000293600547593, 0.00478132721037, 0.00225041178055, 0.00296644726768, 0.000998521922156, 0.000442934600869, 0.000587955117226, 0.000248429103522, 0.00103635201231, 0.00265171541832, 0.00130410958081, 0.000894862634595, 0.000429838983109, 0.000883238913957, 0.000565904250834, 0.000405794591643, 0.000443267228547, 0.000399228360038, 0.00114455306903, 0.000874086515978, 0.000620998791419, 0.000179422073415, 0.000109080938273, 9.75626462605e-05, 0.000120372285892, 2.58309501078e-05, 3.37292590302e-06],
        "min": [5.62143526173e-11, 1.1471811695e-10, 1.05915137771e-10, 2.65398258925e-10, 2.12905135299e-07, 3.85459117069e-07, 1.27358362079e-06, 3.54471558239e-06, 8.33632111608e-06, 4.48859873359e-06, 4.23103983849e-06, 8.55683447298e-06, 4.47839602202e-06, 8.32847035781e-06, 4.29739793617e-06, 1.43916213347e-06, 2.12811687561e-06, 5.80734467803e-06, 7.37807795304e-06, 6.9727261689e-06, 2.70962664217e-06, 8.93004823865e-07, 1.3872287763e-09, 4.8918515072e-11, 2.32866087524e-11, 3.00191538294e-11, 4.20089275865e-11],
        "stdev": [0.000534434046131, 0.00972432550043, 0.00280413450673, 0.00293906731531, 0.00104783324059, 0.000526401971001, 0.000780216883868, 0.000556759128813, 0.0019087351393, 0.00446299649775, 0.00248578819446, 0.00166765216272, 0.000828932796139, 0.00147400854621, 0.000901659484953, 0.000717234273907, 0.000872859323863, 0.000452939450042, 0.00102770910598, 0.000810268044006, 0.000600017956458, 0.00023341695487, 0.000157833565027, 0.000137048700708, 0.000250747601967, 5.50116747036e-05, 9.82976416708e-06]
    },
    "erbbands": {
        "max": [2.2100918293, 22.3248748779, 41.9069633484, 34.8038368225, 76.4819641113, 41.432964325, 39.2154579163, 93.093536377, 136.192642212, 103.094268799, 267.719299316, 518.263793945, 1461.57617188, 600.991333008, 854.383239746, 551.468322754, 392.025695801, 994.210205078, 574.149291992, 578.454162598, 270.51348877, 713.1015625, 168.693664551, 265.727874756, 512.850891113, 229.962173462, 283.223419189, 115.045600891, 81.0807418823, 46.9597091675, 41.2760696411, 30.7368659973, 20.7390975952, 47.9776992798, 29.294626236, 11.4617261887, 0.72728729248, 0.223578825593, 0.0284012556076, 0.000703114143107],
        "mean": [0.13337098062, 1.06723988056, 2.48788571358, 7.02738380432, 7.09394550323, 2.23344373703, 2.03466153145, 4.46088457108, 9.44472789764, 5.10366153717, 6.72499608994, 20.3491840363, 81.5189437866, 54.2071418762, 52.3915405273, 36.1498603821, 20.343334198, 36.2681922913, 34.39037323, 33.7398834229, 18.6839179993, 26.6611118317, 19.5061302185, 44.8993682861, 51.2810440063, 40.5997886658, 39.4207458496, 14.8863039017, 7.52103281021, 3.42396044731, 3.37900710106, 2.37367248535, 1.41561424732, 1.61309552193, 0.695041656494, 0.153998032212, 0.0382369942963, 0.00910764187574, 0.000521181966178, 4.61091585748e-05],
        "min": [2.79397553982e-08, 1.34611624958e-07, 4.38964917748e-07, 6.48544391879e-06, 0.000155033209012, 0.000897528370842, 0.00306405499578, 0.00473189260811, 0.0136141451076, 0.0802255049348, 0.148744791746, 0.355884164572, 0.261572688818, 0.270910441875, 0.468407154083, 0.444160282612, 0.241467371583, 0.664741754532, 0.439563155174, 0.459499508142, 0.128157794476, 0.189639240503, 0.377827346325, 0.388680905104, 0.211355984211, 0.300098657608, 0.283941924572, 0.0677873119712, 0.0385010689497, 0.00838889647275, 0.000448536738986, 4.49112631031e-05, 1.56278365466e-05, 7.04961757947e-06, 5.29669432581e-06, 3.68276232621e-06, 2.14536021304e-06, 4.27415443482e-07, 2.57203600995e-06, 1.01002387964e-06],
        "stdev": [0.265156596899, 2.27076530457, 3.5551404953, 6.28034067154, 7.0845618248, 2.39699006081, 2.34137439728, 5.36138772964, 13.0382204056, 6.51441049576, 13.5377101898, 34.1925163269, 142.788833618, 69.4838485718, 92.866973877, 56.6467399597, 33.2608642578, 64.9372711182, 44.8583450317, 55.2539863586, 26.9086208344, 56.3981933594, 21.6782245636, 39.4784126282, 50.5510253906, 36.6213645935, 36.3306045532, 14.9147615433, 9.64298534393, 4.78521060944, 4.98173332214, 3.31670999527, 2.20079517365, 3.34097290039, 1.57695651054, 0.403348892927, 0.0706025138497, 0.0201328005642, 0.00156875303946, 4.74703374493e-05]
    },
    "gfcc": {
        "mean": [16.3960533142, 87.3689498901, -142.65562439, 51.1880607605, -56.191318512, 20.8136749268, -15.747387886, 12.2923088074, -32.0687217712, -2.95723986626, -13.8813896179, -13.6358270645, -2.36306238174],
        "cov": [[2452.92724609, -1464.3223877, 711.503723145, -183.844543457, -47.9308815002, 443.771697998, -404.384002686, 422.009307861, -301.263244629, 306.108825684, -165.659759521, 335.69732666, -140.893203735], [-1464.3223877, 2166.03833008, -178.733810425, 639.729370117, 274.295227051, -288.927124023, 455.045806885, -304.21081543, 306.091064453, -300.18737793, 213.971923828, -368.172271729, 166.58291626], [711.503723145, -178.733810425, 1127.56811523, -8.29109668732, 127.865623474, 196.58026123, -203.509185791, 247.439743042, -35.2100944519, 122.2006073, -67.6535110474, 236.589355469, -186.09664917], [-183.844543457, 639.729370117, -8.29109668732, 420.004211426, 113.024665833, -50.1543045044, 133.664474487, -37.3641395569, 90.2338562012, -99.4532241821, 69.2468490601, -118.834777832, 86.087852478], [-47.9308815002, 274.295227051, 127.865623474, 113.024665833, 228.370300293, -11.8003349304, 84.6713867188, -9.54547119141, 53.6313743591, -7.27074241638, 5.89514255524, 16.7869720459, -1.7948615551], [443.771697998, -288.927124023, 196.58026123, -50.1543045044, -11.8003349304, 258.705200195, -81.5278320312, 76.0339126587, -82.1686782837, 77.5312652588, -7.13251924515, 22.505941391, -29.6229133606], [-404.384002686, 455.045806885, -203.509185791, 133.664474487, 84.6713867188, -81.5278320312, 251.834732056, -106.119895935, 91.5346832275, -80.5226669312, 54.2960357666, -105.52558136, 55.9312286377], [422.009307861, -304.21081543, 247.439743042, -37.3641395569, -9.54547119141, 76.0339126587, -106.119895935, 215.851074219, -33.3066139221, 52.8224449158, -42.1627197266, 96.6805801392, -29.3889884949], [-301.263244629, 306.091064453, -35.2100944519, 90.2338562012, 53.6313743591, -82.1686782837, 91.5346832275, -33.3066139221, 148.081314087, -43.9520301819, 42.4974365234, -35.8154144287, 21.9517173767], [306.108825684, -300.18737793, 122.2006073, -99.4532241821, -7.27074241638, 77.5312652588, -80.5226669312, 52.8224449158, -43.9520301819, 150.889556885, -7.99621105194, 75.0686721802, -52.9272537231], [-165.659759521, 213.971923828, -67.6535110474, 69.2468490601, 5.89514255524, -7.13251924515, 54.2960357666, -42.1627197266, 42.4974365234, -7.99621105194, 100.207672119, -49.9956130981, 30.2274894714], [335.69732666, -368.172271729, 236.589355469, -118.834777832, 16.7869720459, 22.505941391, -105.52558136, 96.6805801392, -35.8154144287, 75.0686721802, -49.9956130981, 208.988021851, -61.5307731628], [-140.893203735, 166.58291626, -186.09664917, 86.087852478, -1.7948615551, -29.6229133606, 55.9312286377, -29.3889884949, 21.9517173767, -52.9272537231, 30.2274894714, -61.5307731628, 106.982421875]],
        "icov": [[0.00140059902333, 0.000739340437576, -0.000259419815848, -0.00117277482059, -0.000180304268724, -0.000803074100986, -3.25842156599e-05, -0.000763934105635, 0.00101653800812, -0.000844713940751, 0.000396237446694, -0.000363032275345, -0.000179673952516], [0.000739340437576, 0.0027993095573, -0.00135419890285, -0.00174123281613, -0.00120336853433, 0.00121572730131, -0.000895100121852, 0.00110629398841, -0.000167971928022, 0.000871077761985, -0.00180862820707, 0.00222078966908, -0.000997578492388], [-0.000259419815848, -0.00135419890285, 0.00316162221134, -0.000304665707517, -0.000477005698485, -0.00200662831776, 0.00154814694542, -0.00189558882266, -0.000512226717547, 0.000181853101822, 0.000765399250668, -0.00256481976248, 0.00412171892822], [-0.00117277482059, -0.00174123281613, -0.000304665707517, 0.00641195010394, -0.00104573310819, 0.00058405729942, 3.80333913199e-05, -0.000615991011728, -0.000775197928306, 0.00133817188907, -0.00107027590275, 0.00150340050459, -0.00257959077135], [-0.000180304268724, -0.00120336853433, -0.000477005698485, -0.00104573310819, 0.00784551445395, -0.000948108034208, -0.00269012339413, 0.000475714623462, -0.000925210420974, -0.00176992604975, 0.00261691701598, -0.00289959972724, -3.86372084904e-05], [-0.000803074100986, 0.00121572730131, -0.00200662831776, 0.00058405729942, -0.000948108034208, 0.00824733451009, -0.000581544416491, 0.000287689996185, 0.00224262732081, -0.000920542574022, -0.00293315993622, 0.00424976227805, -0.00190295267384], [-3.25842156599e-05, -0.000895100121852, 0.00154814694542, 3.80333913199e-05, -0.00269012339413, -0.000581544416491, 0.0091605996713, 0.000721731106751, -0.00217530364171, 0.00115659844596, -0.000573141442146, 0.000609427981544, 0.000747137353756], [-0.000763934105635, 0.00110629398841, -0.00189558882266, -0.000615991011728, 0.000475714623462, 0.000287689996185, 0.000721731106751, 0.00950442627072, -0.00196561682969, 0.000380565499654, 0.00073586840881, -0.000312162010232, -0.00300499866717], [0.00101653800812, -0.000167971928022, -0.000512226717547, -0.000775197928306, -0.000925210420974, 0.00224262732081, -0.00217530364171, -0.00196561682969, 0.0125821270049, -0.000288115232252, -0.00291058584116, -0.000476539134979, 0.000359852449037], [-0.000844713940751, 0.000871077761985, 0.000181853101822, 0.00133817188907, -0.00176992604975, -0.000920542574022, 0.00115659844596, 0.000380565499654, -0.000288115232252, 0.0128740575165, -0.00470116268843, -0.000723245553672, 0.0033265738748], [0.000396237446694, -0.00180862820707, 0.000765399250668, -0.00107027590275, 0.00261691701598, -0.00293315993622, -0.000573141442146, 0.00073586840881, -0.00291058584116, -0.00470116268843, 0.0168641041964, -0.0011552721262, -0.00189368228894], [-0.000363032275345, 0.00222078966908, -0.00256481976248, 0.00150340050459, -0.00289959972724, 0.00424976227805, 0.000609427981544, -0.000312162010232, -0.000476539134979, -0.000723245553672, -0.0011552721262, 0.0127271739766, -0.00149727636017], [-0.000179673952516, -0.000997578492388, 0.00412171892822, -0.00257959077135, -3.86372084904e-05, -0.00190295267384, 0.000747137353756, -0.00300499866717, 0.000359852449037, 0.0033265738748, -0.00189368228894, -0.00149727636017, 0.019411707297]]
    },
    "melbands": {
        "max": [0.0235594548285, 0.023029781878, 0.007742151618, 0.00301790004596, 0.00132500159089, 0.00178518763278, 0.00193301716354, 0.00126206548885, 0.00193251529709, 0.00316105270758, 0.00755089707673, 0.00314405350946, 0.00340519077145, 0.00327527918853, 0.00192611815874, 0.000721460557543, 0.00231700926088, 0.000966048741248, 0.000869759300258, 0.000949518987909, 0.000381610676413, 0.00080240186071, 0.000304958492052, 0.000196724751731, 0.000273273151834, 0.000471011269838, 0.00021083651518, 0.000188028090633, 0.000179202354047, 9.32316761464e-05, 6.97444265825e-05, 6.09896378592e-05, 2.95745776384e-05, 2.99346502288e-05, 3.00217943732e-05, 3.62932260032e-05, 1.37652650665e-05, 1.44161040225e-05, 2.27114105655e-05, 6.00636849413e-05],
        "mean": [0.00127563858405, 0.00140287179966, 0.00123284268193, 0.000298026599921, 7.15928763384e-05, 0.000104785787698, 0.000133445049869, 5.27861520823e-05, 5.69377625652e-05, 0.000144882913446, 0.000425304024247, 0.000233704617131, 0.000193922256585, 0.000113612528367, 6.59577999613e-05, 3.79685588996e-05, 7.26411235519e-05, 6.09028829786e-05, 4.62141433673e-05, 3.697801003e-05, 1.81606756087e-05, 2.78921361314e-05, 1.80403385457e-05, 2.07682696782e-05, 3.69380322809e-05, 5.10987629241e-05, 2.37609219766e-05, 2.79697851511e-05, 2.94392521027e-05, 1.33236098918e-05, 6.86086696078e-06, 4.65091079604e-06, 2.47873640546e-06, 1.61701575507e-06, 1.88692774827e-06, 1.95696634364e-06, 1.21190407754e-06, 9.84160806183e-07, 8.86932355115e-07, 1.64733933161e-06],
        "min": [2.61797181156e-11, 7.95559382261e-11, 1.72140701693e-09, 2.52819170043e-08, 1.34226979753e-07, 8.94617855351e-08, 1.58051932431e-07, 7.97214454451e-07, 3.54050683882e-07, 1.23166796584e-06, 1.24858388517e-06, 9.60942088568e-07, 8.894476764e-07, 7.00572456935e-07, 1.19090543649e-06, 3.36595178396e-07, 1.07520611436e-06, 6.13462532328e-07, 2.43991081561e-07, 1.93521287883e-07, 1.40917578051e-07, 1.27662602267e-07, 2.91065816782e-07, 3.09753232841e-07, 2.54025991353e-07, 2.30396125289e-07, 5.56864705459e-08, 1.97215243247e-07, 2.23571390734e-07, 6.68032740236e-08, 2.69984088419e-08, 2.29571277544e-08, 8.53813630908e-10, 9.84715087249e-10, 1.61662697118e-11, 9.37861333733e-13, 7.07363963411e-13, 2.51694471471e-13, 2.39910034113e-13, 1.44639928832e-13],
        "stdev": [0.0025493488647, 0.0021472426597, 0.00100112240762, 0.000281418062514, 8.03553266451e-05, 0.000117764167953, 0.000177479625563, 7.57248853915e-05, 0.000106446925201, 0.000255543302046, 0.000738742528483, 0.000336015684297, 0.000376392476028, 0.000222712435061, 0.00013306060282, 6.38132478343e-05, 0.000140878662933, 9.38175653573e-05, 8.26225950732e-05, 6.79278382449e-05, 3.18187812809e-05, 6.15628887317e-05, 3.05049907183e-05, 2.38589000219e-05, 3.50484187948e-05, 5.09380915901e-05, 2.59325825027e-05, 2.61781478912e-05, 2.81793272734e-05, 1.32243148983e-05, 7.89274508861e-06, 6.50543097436e-06, 3.56091118192e-06, 2.6082864224e-06, 2.9001173516e-06, 3.01439217765e-06, 1.70664975485e-06, 1.57464046424e-06, 1.5108213347e-06, 3.91878393202e-06]
    },
    "melbands128": {
        "max": [0.00325897359289, 0.0162853244692, 0.037738353014, 0.0389101207256, 0.025819292292, 0.0143369082361, 0.00881318282336, 0.0122318835929, 0.00853432901204, 0.00331036397256, 0.00274973362684, 0.00160402711481, 0.00156689423602, 0.00146261090413, 0.00306914048269, 0.00197720900178, 0.00416434416547, 0.00315634533763, 0.00186750455759, 0.00177546939813, 0.00251955864951, 0.00316477334127, 0.00264732050709, 0.00214899308048, 0.00575309013948, 0.00531477853656, 0.00934634916484, 0.0139520503581, 0.0109640285373, 0.00603239284828, 0.00344191957265, 0.00672842748463, 0.00665831798688, 0.00285972259007, 0.00803718902171, 0.00396410701796, 0.00297854933888, 0.00305142207071, 0.00238682469353, 0.00150404335, 0.000883779604919, 0.00240589305758, 0.00307890051045, 0.00632540183142, 0.0019045881927, 0.00135747413151, 0.00127974350471, 0.00210984586738, 0.00142012501601, 0.00193646084517, 0.00118719344027, 0.000765164906625, 0.000787039345596, 0.000783737166785, 0.000721438962501, 0.00129325187299, 0.00171999109443, 0.000723736360669, 0.000328520400217, 0.000285112735583, 0.000400205113692, 0.000414789683418, 0.000406622100854, 0.000564376998227, 0.000742308329791, 0.00109564268496, 0.00110384169966, 0.000475894106785, 0.0004417936143, 0.000353245995939, 0.000412112392951, 0.000446905090939, 0.000471855979413, 0.00029767450178, 0.000433270906797, 0.000126030863612, 0.000118897129141, 0.000153803950525, 9.03973123059e-05, 0.000141465658089, 0.000143260345794, 7.10909589543e-05, 6.11279174336e-05, 4.54000110039e-05, 4.65340708615e-05, 3.70353591279e-05, 3.54001931555e-05, 4.33448003605e-05, 4.25069556513e-05, 5.28638702235e-05, 3.57869394065e-05, 7.70306432969e-05, 2.76086357189e-05, 1.89740803762e-05, 1.78483405762e-05, 2.56085986621e-05, 1.74818087544e-05, 2.68734238489e-05, 3.92551628465e-05, 2.17870110646e-05, 3.09115966957e-05, 0.000107779880636, 8.08098848211e-05, 4.9984191719e-05, 3.35969743901e-05, 3.61954444088e-05, 2.46108047577e-05, 3.43934843841e-05, 2.95370300591e-05, 5.30432498635e-06, 3.24248412653e-06, 3.4252639125e-06, 1.92567381418e-06, 2.73869682132e-06, 2.45259798248e-06, 2.63034348791e-06, 4.28561043009e-06, 1.56881878866e-06, 9.85573365142e-07, 6.87033946178e-07, 1.96779456019e-06, 1.02174760741e-06, 2.34139093891e-07, 3.15583577049e-08, 3.07909364672e-09, 3.0223843428e-09, 2.99536329074e-09, 2.97594038301e-09],
        "mean": [0.000273685582215, 0.00100715516601, 0.00168452842627, 0.00182170059998, 0.00126960722264, 0.00116158567835, 0.00148204655852, 0.00142841716297, 0.000666831852868, 0.000182480463991, 9.11390015972e-05, 7.155998901e-05, 5.98451770202e-05, 7.87179378676e-05, 8.80725856405e-05, 0.000109954096843, 0.0001918667258, 0.000140599440783, 6.14292221144e-05, 5.10316276632e-05, 4.50964362244e-05, 6.56472475384e-05, 4.13114248659e-05, 6.58064018353e-05, 0.000114621150715, 0.000123751058709, 0.000339901424013, 0.000478628033306, 0.000530643330421, 0.000266454211669, 0.000100816134363, 0.000194453037693, 0.000290438969387, 9.71975969151e-05, 0.000121263845358, 0.000138395873364, 7.01233002474e-05, 7.4473566201e-05, 5.3927222325e-05, 3.08126109303e-05, 2.96986327157e-05, 5.29757708136e-05, 6.97727227816e-05, 8.80828665686e-05, 8.50460710353e-05, 5.74993755436e-05, 2.47442731052e-05, 4.85222808493e-05, 5.46382652828e-05, 4.79696864204e-05, 3.65120758943e-05, 2.51626934187e-05, 1.55367288244e-05, 1.80226597877e-05, 1.57655540534e-05, 3.20006256516e-05, 3.70810776076e-05, 2.02607425308e-05, 1.15628354251e-05, 1.09891561806e-05, 2.10146845347e-05, 2.91512333206e-05, 2.38360680669e-05, 2.84980651486e-05, 7.70740953158e-05, 5.92383221374e-05, 3.53290233761e-05, 2.13734419958e-05, 2.30775312957e-05, 2.18864079216e-05, 2.52430945693e-05, 3.32855161105e-05, 3.50396767317e-05, 2.87244729407e-05, 2.41431735049e-05, 1.26759478007e-05, 8.90173487278e-06, 9.86071700027e-06, 5.94333323534e-06, 4.79921618535e-06, 5.58086321689e-06, 4.2707938519e-06, 3.26217787006e-06, 2.31649119087e-06, 1.7491233848e-06, 1.84631983302e-06, 1.42414432958e-06, 1.48555943724e-06, 1.87763055237e-06, 2.30240584642e-06, 1.81837447144e-06, 2.14138231058e-06, 1.81170662472e-06, 9.81143784884e-07, 9.5247361287e-07, 1.09496966161e-06, 9.34988577228e-07, 9.39767005548e-07, 8.88674833277e-07, 8.12414043594e-07, 1.07155119622e-06, 2.27863074542e-06, 1.70974715274e-06, 9.8145380889e-07, 7.35997218726e-07, 4.62809083501e-07, 3.14178720373e-07, 3.26743986534e-07, 2.60776999994e-07, 1.75306453798e-07, 1.31895632194e-07, 1.29484263311e-07, 1.0357953073e-07, 1.04586575844e-07, 1.09948452121e-07, 9.10887720806e-08, 7.16349362051e-08, 3.84110840912e-08, 1.69590119725e-08, 9.86136683423e-09, 7.72473462973e-09, 6.57591403552e-09, 2.8532727292e-09, 8.2622117481e-11, 4.99256799097e-12, 4.81633960145e-12, 4.71805450611e-12, 4.68193192549e-12],
        "min": [6.9500585842e-12, 1.28707478703e-11, 9.25360309212e-12, 6.04297376028e-11, 2.74825318752e-11, 4.2024626834e-11, 1.6770125566e-10, 9.8139128768e-11, 4.48595383062e-09, 1.13800187052e-08, 3.57617082614e-08, 2.80715148904e-08, 4.47673365045e-08, 3.66083980907e-08, 1.62955036132e-08, 8.72362306836e-08, 4.56706388263e-08, 1.00672892245e-07, 1.70168874547e-07, 2.15784766056e-07, 3.38592030857e-07, 2.48021279958e-07, 2.66654183179e-07, 2.09054874745e-07, 3.30831426254e-07, 5.75297235628e-07, 4.22046298354e-07, 7.56524173084e-07, 3.2632360103e-07, 5.34838136446e-07, 4.15366798734e-07, 4.98300039453e-07, 3.08762025725e-07, 2.25459402259e-07, 2.01105095243e-07, 1.46588845951e-07, 3.2686645568e-07, 1.5033010925e-07, 2.78896322925e-07, 2.20953083385e-07, 2.00565580144e-07, 1.27851549792e-07, 3.70717827991e-07, 3.11354426685e-07, 1.80733579214e-07, 1.27088668478e-07, 1.41715389645e-07, 1.14957629194e-07, 1.12871759939e-07, 1.4741151233e-07, 5.19365599416e-08, 3.13682058106e-08, 2.1761154656e-08, 6.34152002021e-08, 8.36026856632e-08, 6.15626305489e-08, 7.19521935366e-08, 7.17552666174e-08, 1.55309706429e-07, 1.31042042995e-07, 8.58512336777e-08, 2.30367291465e-07, 1.16061109168e-07, 1.65021305065e-07, 1.59781606612e-07, 1.15398052003e-07, 7.85459093322e-08, 7.60906573305e-08, 1.82548411942e-08, 6.49007176889e-08, 1.37426397373e-07, 2.96855517945e-07, 1.3205003313e-07, 1.1682013934e-07, 5.67881208724e-08, 5.30028749779e-08, 2.57463010911e-08, 3.25764197839e-08, 1.96197031954e-08, 1.86856308204e-08, 2.53929570704e-08, 1.39748932426e-08, 5.27474897094e-10, 5.43041778212e-10, 7.24028670351e-10, 2.88180104779e-11, 1.12966563187e-11, 7.84369357659e-12, 7.01143310078e-12, 1.29018529801e-12, 9.49958644733e-13, 8.37823679791e-13, 8.81442163182e-13, 7.06449547298e-13, 5.83537775392e-13, 1.68105411319e-13, 2.07865978119e-13, 2.76587428091e-13, 2.88286836894e-13, 1.87252570762e-13, 1.27877566934e-13, 1.61779877689e-13, 1.06970388222e-13, 1.44869305354e-13, 1.36016130542e-13, 1.93573808241e-13, 1.72276594574e-13, 1.33834946164e-13, 1.66404311663e-13, 1.40332569783e-13, 1.56319225684e-13, 1.51500638207e-13, 1.37318772347e-13, 1.14481666334e-13, 1.25681949114e-13, 1.33899551061e-13, 1.08233294018e-13, 1.35799981286e-13, 1.53554198436e-13, 1.39402256557e-13, 1.33155490215e-13, 1.26204832717e-13, 1.3122047394e-13, 1.36063049391e-13, 9.09283160377e-14, 3.64035448379e-14, 3.50009768618e-15, 1.42850571307e-16],
        "stdev": [0.000505644129589, 0.00200490956195, 0.0038538298104, 0.00390177988447, 0.0023852342274, 0.00141269399319, 0.00151771819219, 0.00162426196039, 0.000784235657193, 0.000223959141294, 0.000149048108142, 9.37979493756e-05, 8.73031603987e-05, 0.000114734066301, 0.000143747092807, 0.000178504080395, 0.000298416649457, 0.000231096375501, 0.000116085437185, 8.61655717017e-05, 9.76387309493e-05, 0.000176493049366, 0.000120550903375, 0.00012521140161, 0.000323089712765, 0.000301318999846, 0.000833411409985, 0.00124920334201, 0.00104065111373, 0.000558867817745, 0.000217020671698, 0.00041055562906, 0.000680216704495, 0.000240651905187, 0.000376583629986, 0.000306903093588, 0.000163542776136, 0.0002134272072, 0.000146377293277, 9.33981937123e-05, 6.92323010298e-05, 0.000132971050334, 0.000166347890627, 0.000322865264025, 0.000164194687386, 0.000115843606181, 6.19141210336e-05, 0.000122955651022, 0.000129752297653, 0.000123415098642, 8.99705773918e-05, 7.01307290001e-05, 4.13901034335e-05, 5.07109034515e-05, 3.97907933802e-05, 8.89373768587e-05, 0.000116102208267, 5.18321940035e-05, 2.51666097029e-05, 2.05042451853e-05, 3.49785477738e-05, 4.37653616245e-05, 4.0567258111e-05, 4.87738725496e-05, 0.000100680328615, 8.12581274658e-05, 7.22661425243e-05, 3.5538465454e-05, 3.92496658606e-05, 3.17721569445e-05, 3.70869965991e-05, 4.66839228466e-05, 4.64733711851e-05, 3.97057374357e-05, 3.61788333976e-05, 1.58630027727e-05, 1.17634372145e-05, 1.44764971992e-05, 8.80445440998e-06, 8.16421652416e-06, 1.08825506686e-05, 6.94431992088e-06, 5.95783330937e-06, 3.9971341721e-06, 2.92363165499e-06, 3.13191844725e-06, 2.67559335043e-06, 2.79980963569e-06, 3.31527871822e-06, 4.00838007408e-06, 3.06884612655e-06, 3.9903693505e-06, 2.85313672066e-06, 1.62899038969e-06, 1.57988847604e-06, 1.88159151548e-06, 1.60469483035e-06, 1.79646917786e-06, 1.77716742655e-06, 1.41486316352e-06, 2.12239115172e-06, 6.39556628812e-06, 4.47118736702e-06, 2.56236739915e-06, 1.71609826793e-06, 1.41344526128e-06, 9.50713229031e-07, 1.07057041987e-06, 8.94040681487e-07, 3.65170052419e-07, 2.50760791687e-07, 2.77825108697e-07, 2.13260378246e-07, 2.19297575654e-07, 2.32558875268e-07, 2.11100257275e-07, 2.17020797777e-07, 1.29962458573e-07, 6.67411583777e-08, 4.93374052724e-08, 5.94307429935e-08, 4.1529872874e-08, 1.64111515488e-08, 8.33327351568e-10, 6.7387449787e-11, 6.61545263014e-11, 6.55675652661e-11, 6.51440637545e-11]
    },
    "mfcc": {
        "mean": [-614.454956055, 103.736953735, -17.8741779327, 34.1070976257, -8.64363574982, 9.14230728149, 23.7994556427, 6.2012257576, 6.30376577377, 8.27195167542, -5.34908533096, -5.95339202881, -5.52841711044],
        "cov": [[1990.42895508, -1023.9631958, 312.168395996, -364.790924072, 214.754135132, -74.297996521, 100.675750732, -10.6258420944, 17.4417667389, -20.3084659576, -13.6832532883, -33.5551109314, 82.7537918091], [-1023.9631958, 1252.36120605, -5.58664226532, 562.995849609, 11.6893310547, 159.999969482, 23.8850517273, 88.7454986572, 15.3211278915, 79.3835296631, 49.8026542664, 21.0419807434, -47.6012039185], [312.168395996, -5.58664226532, 746.454223633, -52.557926178, 276.986236572, -6.31058597565, 1.04655396938, 110.299858093, -23.6314983368, 7.16544485092, 66.6755905151, 58.2171211243, 23.9980392456], [-364.790924072, 562.995849609, -52.557926178, 561.497375488, 25.2392997742, 63.4245681763, 15.4075164795, 81.0442428589, 61.3613243103, 20.8845939636, 19.5132598877, 14.5313148499, -22.3657207489], [214.754135132, 11.6893310547, 276.986236572, 25.2392997742, 254.648895264, 3.83061933517, 12.7718706131, 63.1715240479, 20.9092159271, -6.37937259674, 26.0053710938, 31.4825439453, 33.2748985291], [-74.297996521, 159.999969482, -6.31058597565, 63.4245681763, 3.83061933517, 188.242843628, 54.2359390259, -7.71932792664, -17.1281757355, 50.4390983582, 13.0394821167, -29.6514549255, 0.577774882317], [100.675750732, 23.8850517273, 1.04655396938, 15.4075164795, 12.7718706131, 54.2359390259, 129.634918213, -1.04481327534, 6.61222028732, 35.4606170654, 4.50676250458, -22.0056018829, -11.1693544388], [-10.6258420944, 88.7454986572, 110.299858093, 81.0442428589, 63.1715240479, -7.71932792664, -1.04481327534, 132.082748413, 30.0478229523, 1.67621088028, 2.35564899445, 26.2814731598, -3.11659765244], [17.4417667389, 15.3211278915, -23.6314983368, 61.3613243103, 20.9092159271, -17.1281757355, 6.61222028732, 30.0478229523, 85.5702667236, 0.872821331024, 1.34617030621, -2.46220874786, 3.89208626747], [-20.3084659576, 79.3835296631, 7.16544485092, 20.8845939636, -6.37937259674, 50.4390983582, 35.4606170654, 1.67621088028, 0.872821331024, 112.068283081, 20.2225418091, -9.06525325775, -24.7853469849], [-13.6832532883, 49.8026542664, 66.6755905151, 19.5132598877, 26.0053710938, 13.0394821167, 4.50676250458, 2.35564899445, 1.34617030621, 20.2225418091, 73.624206543, 22.6173629761, 9.50898361206], [-33.5551109314, 21.0419807434, 58.2171211243, 14.5313148499, 31.4825439453, -29.6514549255, -22.0056018829, 26.2814731598, -2.46220874786, -9.06525325775, 22.6173629761, 77.4977035522, 21.4613456726], [82.7537918091, -47.6012039185, 23.9980392456, -22.3657207489, 33.2748985291, 0.577774882317, -11.1693544388, -3.11659765244, 3.89208626747, -24.7853469849, 9.50898361206, 21.4613456726, 85.8324966431]],
        "icov": [[0.00127416243777, 0.00122698256746, -0.000318001635605, -0.000427810708061, -0.000707423198037, 0.000127882754896, -0.0009685891564, -3.68043656636e-05, 8.47859992064e-05, -0.000452058360679, 8.71926895343e-05, 0.000744807010051, -0.00075482565444], [0.00122698256746, 0.00288677751087, -0.000349758716766, -0.00201262137853, -0.000519622582942, -0.000739213952329, -0.000632194161881, -0.000343223946402, 0.00076308066491, -0.000881922547705, -0.000357289798558, 0.00034239370143, -0.000232271995628], [-0.000318001635605, -0.000349758716766, 0.00293850013986, 0.000656427058857, -0.00259311008267, 0.000177310066647, 0.000381420075428, -0.00170285184868, 0.00170184543822, -7.84971871326e-06, -0.00180193816777, -0.000157031914569, 0.000613435520791], [-0.000427810708061, -0.00201262137853, 0.000656427058857, 0.0040204115212, -0.000217443768634, -0.000381215359084, 0.000235086437897, -0.00102641549893, -0.0019909623079, 0.000850974582136, -0.000324292574078, -0.000609307491686, 0.000764857803006], [-0.000707423198037, -0.000519622582942, -0.00259311008267, -0.000217443768634, 0.00808764435351, -0.000556858431082, -0.000330465583829, -0.000642718106974, -0.00213591568172, 0.000798073830083, 0.000291434174869, -0.00118262099568, -0.00154500128701], [0.000127882754896, -0.000739213952329, 0.000177310066647, -0.000381215359084, -0.000556858431082, 0.00840777438134, -0.002372688381, -3.21718434861e-05, 0.00270368624479, -0.00259125046432, -0.000829118303955, 0.00370213249698, -0.00253748008981], [-0.0009685891564, -0.000632194161881, 0.000381420075428, 0.000235086437897, -0.000330465583829, -0.002372688381, 0.0103685297072, 5.44638787687e-05, -0.000978804077022, -0.00156906014308, -0.000318177277222, 0.00106620963197, 0.00139312644023], [-3.68043656636e-05, -0.000343223946402, -0.00170285184868, -0.00102641549893, -0.000642718106974, -3.21718434861e-05, 5.44638787687e-05, 0.0117207560688, -0.00384613126516, -0.000142525997944, 0.00290754670277, -0.00354607705958, 0.00143362104427], [8.47859992064e-05, 0.00076308066491, 0.00170184543822, -0.0019909623079, -0.00213591568172, 0.00270368624479, -0.000978804077022, -0.00384613126516, 0.0161346122622, -0.00116951472592, -0.00179579621181, 0.00324944267049, -0.00179323228076], [-0.000452058360679, -0.000881922547705, -7.84971871326e-06, 0.000850974582136, 0.000798073830083, -0.00259125046432, -0.00156906014308, -0.000142525997944, -0.00116951472592, 0.0123841585591, -0.00312933931127, -0.000545250193682, 0.00378152704798], [8.71926895343e-05, -0.000357289798558, -0.00180193816777, -0.000324292574078, 0.000291434174869, -0.000829118303955, -0.000318177277222, 0.00290754670277, -0.00179579621181, -0.00312933931127, 0.0182371176779, -0.00531514175236, -0.00141976890154], [0.000744807010051, 0.00034239370143, -0.000157031914569, -0.000609307491686, -0.00118262099568, 0.00370213249698, 0.00106620963197, -0.00354607705958, 0.00324944267049, -0.000545250193682, -0.00531514175236, 0.0196988172829, -0.00484093418345], [-0.00075482565444, -0.000232271995628, 0.000613435520791, 0.000764857803006, -0.00154500128701, -0.00253748008981, 0.00139312644023, 0.00143362104427, -0.00179323228076, 0.00378152704798, -0.00141976890154, -0.00484093418345, 0.0156676936895]]
    },
    "spectral_contrast_coeffs": {
        "max": [-0.499161541462, -0.471198350191, -0.461658924818, -0.569249689579, -0.579488277435, -0.506324708462],
        "mean": [-0.70812022686, -0.787110745907, -0.717588126659, -0.768801629543, -0.744794011116, -0.725430130959],
        "min": [-0.919385910034, -0.914184391499, -0.905337393284, -0.895531892776, -0.881756186485, -0.860712766647],
        "stdev": [0.0580856278539, 0.052631162107, 0.066888384521, 0.0560512244701, 0.0523012727499, 0.0583345554769]
    },
    "spectral_contrast_valleys": {
        "max": [-5.20782709122, -5.45790863037, -5.47192525864, -5.56003427505, -5.88083982468, -8.16115093231],
        "mean": [-6.82036590576, -6.8597035408, -6.99716186523, -7.47171545029, -7.05446815491, -10.2266168594],
        "min": [-13.6867923737, -8.99180793762, -8.41443729401, -8.83396339417, -8.57910442352, -16.2682266235],
        "stdev": [0.855478167534, 0.440535366535, 0.459281563759, 0.473652482033, 0.44795191288, 1.24072492123]
    }
},
"rhythm": {
    "beats_count": 78,
    "beats_loudness": {
        "max": 0.0909371227026,
        "mean": 0.035072542727,
        "min": 0.0156733561307,
        "stdev": 0.0139683699235
    },
    "bpm": 96.0953521729,
    "bpm_histogram_first_peak_bpm": 96,
    "bpm_histogram_first_peak_weight": 0.229729712009,
    "bpm_histogram_second_peak_bpm": 103,
    "bpm_histogram_second_peak_spread": 0.333333313465,
    "bpm_histogram_second_peak_weight": 0.0259740259498,
    "danceability": 1.3796197176,
    "onset_rate": 2.87109375,
    "beats_loudness_band_ratio": {
        "max": [0.954704463482, 0.158281877637, 0.5229575634, 0.608725190163, 0.204617232084, 0.231728926301],
        "mean": [0.634870707989, 0.0436442010105, 0.0760330930352, 0.131677731872, 0.0636398494244, 0.0871967598796],
        "min": [2.2054607598e-06, 0.000286732800305, 0.00794457271695, 0.00806786306202, 0.00537377269939, 0.00572090782225],
        "stdev": [0.159511208534, 0.0317956544459, 0.0789068043232, 0.107843898237, 0.0412855707109, 0.051292963326]
    },
