{
"metadata": {
    "version": {
        "essentia": "2.1-beta5",
        "essentia_git_sha": "Undefined",
        "extractor": "music 2.0"
    },
    "audio_properties": {
        "analysis": {
            "equal_loudness": 0,
            "length": 32.4963264465,
            "sample_rate": 44100,
            "start_time": 110.248344421,
            "downmix": "mix"
        },
        "bit_rate": 192000,
        "length": 204.324005127,
        "lossless": 0,
        "number_channels": 2,
        "replay_gain": -5.76982688904,
        "sample_rate": 48000,
        "codec": "mp3",
        "md5_encoded": "80967d3550f3ba1f5bacff0a93d86c97"
    },
    "tags": {
        "file_name": "Netherlands_Arcade_Duncan Laurence.mp3",
        "encoding": ["Lavf58.29.100"]
    }
},
"lowlevel": {
    "average_loudness": 0.891080141068,
    "barkbands_crest": {
        "max": 25.5552825928,
        "mean": 11.3244066238,
        "min": 3.62538838387,
        "stdev": 4.37471961975
    },
    "barkbands_flatness_db": {
        "max": 0.400672972202,
        "mean": 0.206545472145,
        "min": 0.0591674633324,
        "stdev": 0.0585250966251
    },
    "barkbands_kurtosis": {
        "max": 46.0499000549,
        "mean": 4.47838830948,
        "min": -1.65287983418,
        "stdev": 6.08157253265
    },
    "barkbands_skewness": {
        "max": 5.62418937683,
        "mean": 1.49840044975,
        "min": -0.661535263062,
        "stdev": 1.04880702496
    },
    "barkbands_spread": {
        "max": 87.8843688965,
        "mean": 15.6623516083,
        "min": 2.1611828804,
        "stdev": 10.4157781601
    },
    "dissonance": {
        "max": 0.499864429235,
        "mean": 0.447092324495,
        "min": 0.271543115377,
        "stdev": 0.0348599143326
    },
    "dynamic_complexity": 2.95318984985,
    "erbbands_crest": {
        "max": 31.2452907562,
        "mean": 12.6750593185,
        "min": 3.12156939507,
        "stdev": 6.56724309921
    },
    "erbbands_flatness_db": {
        "max": 0.396952331066,
        "mean": 0.219526618719,
        "min": 0.0667672678828,
        "stdev": 0.057892292738
    },
    "erbbands_kurtosis": {
        "max": 22.0384502411,
        "mean": 1.90983915329,
        "min": -1.75439333916,
        "stdev": 3.4924325943
    },
    "erbbands_skewness": {
        "max": 4.19736099243,
        "mean": 0.860433697701,
        "min": -1.99192261696,
        "stdev": 0.872730314732
    },
    "erbbands_spread": {
        "max": 126.499954224,
        "mean": 27.9796104431,
        "min": 5.03337907791,
        "stdev": 15.1600208282
    },
    "hfc": {
        "max": 78.0134429932,
        "mean": 18.8225688934,
        "min": 0.00888207741082,
        "stdev": 14.5835618973
    },
    "loudness_ebu128": {
        "integrated": -16.873758316,
        "loudness_range": 5.08918190002,
        "momentary": {
            "max": -13.7827539444,
            "mean": -18.0258636475,
            "min": -29.8290519714,
            "stdev": 3.43985676765
        },
        "short_term": {
            "max": -15.0774269104,
            "mean": -17.3928356171,
            "min": -23.751909256,
            "stdev": 1.75238990784
        }
    },
    "melbands_crest": {
        "max": 32.3800086975,
        "mean": 15.1389894485,
        "min": 4.96777677536,
        "stdev": 4.97335910797
    },
    "melbands_flatness_db": {
        "max": 0.545425713062,
        "mean": 0.261139810085,
        "min": 0.049196921289,
        "stdev": 0.0704407915473
    },
    "melbands_kurtosis": {
        "max": 117.968940735,
        "mean": 10.2349176407,
        "min": -1.10653543472,
        "stdev": 13.0505876541
    },
    "melbands_skewness": {
        "max": 9.65363788605,
        "mean": 2.16598200798,
        "min": -0.7010653615,
        "stdev": 1.44831907749
    },
    "melbands_spread": {
        "max": 102.954399109,
        "mean": 17.2313461304,
        "min": 1.75860416889,
        "stdev": 11.680018425
    },
    "pitch_salience": {
        "max": 0.830864965916,
        "mean": 0.487687677145,
        "min": 0.131540194154,
        "stdev": 0.109991587698
    },
    "silence_rate_20dB": {
        "max": 1,
        "mean": 1,
        "min": 1,
        "stdev": 0
    },
    "silence_rate_30dB": {
        "max": 1,
        "mean": 0.999286234379,
        "min": 0,
        "stdev": 0.0267075505108
    },
    "silence_rate_60dB": {
        "max": 1,
        "mean": 0.089221984148,
        "min": 0,
        "stdev": 0.285063832998
    },
    "spectral_centroid": {
        "max": 3712.53149414,
        "mean": 1108.80541992,
        "min": 241.390045166,
        "stdev": 591.710693359
    },
    "spectral_complexity": {
        "max": 36,
        "mean": 16.169878006,
        "min": 0,
        "stdev": 6.52744531631
    },
    "spectral_decrease": {
        "max": -2.78812996996e-12,
        "mean": -8.26020141176e-09,
        "min": -2.69195545854e-08,
        "stdev": 4.8791966023e-09
    },
    "spectral_energy": {
        "max": 0.104533560574,
        "mean": 0.0328832231462,
        "min": 1.13286760097e-05,
        "stdev": 0.019363861531
    },
    "spectral_energyband_high": {
        "max": 0.00688624149188,
        "mean": 0.000433876237366,
        "min": 5.82499772861e-08,
        "stdev": 0.000573464669287
    },
    "spectral_energyband_low": {
        "max": 0.0803601443768,
        "mean": 0.0137510010973,
        "min": 1.18865432341e-06,
        "stdev": 0.0119249233976
    },
    "spectral_energyband_middle_high": {
        "max": 0.0323643274605,
        "mean": 0.00515829771757,
        "min": 3.1773961382e-06,
        "stdev": 0.00559946894646
    },
    "spectral_energyband_middle_low": {
        "max": 0.08674018085,
        "mean": 0.0141375185922,
        "min": 6.35204423816e-06,
        "stdev": 0.012807157822
    },
    "spectral_entropy": {
        "max": 8.53328132629,
        "mean": 7.18151283264,
        "min": 6.10708522797,
        "stdev": 0.379717886448
    },
    "spectral_flux": {
        "max": 0.21602088213,
        "mean": 0.0770573616028,
        "min": 0.00816005840898,
        "stdev": 0.0373125709593
    },
    "spectral_kurtosis": {
        "max": 53.1772727966,
        "mean": 5.28536128998,
        "min": -0.900279283524,
        "stdev": 5.27804946899
    },
    "spectral_rms": {
        "max": 0.0100987106562,
        "mean": 0.00532462121919,
        "min": 0.000105130238808,
        "stdev": 0.0019311986398
    },
    "spectral_rolloff": {
        "max": 8204.15039062,
        "mean": 943.523620605,
        "min": 107.666015625,
        "stdev": 783.871948242
    },
    "spectral_skewness": {
        "max": 4.97275447845,
        "mean": 1.53619158268,
        "min": 0.0537736453116,
        "stdev": 0.613956987858
    },
    "spectral_spread": {
        "max": 11617220,
        "mean": 3467333,
        "min": 1181963,
        "stdev": 1104149.875
    },
    "spectral_strongpeak": {
        "max": 7.26592063904,
        "mean": 1.25373971462,
        "min": 0.00308363349177,
        "stdev": 1.50657618046
    },
    "zerocrossingrate": {
        "max": 0.15673828125,
        "mean": 0.038897998631,
        "min": 0.00390625,
        "stdev": 0.0183614399284
    },
    "barkbands": {
        "max": [0.00174410000909, 0.0643421038985, 0.0473275780678, 0.0138209005818, 0.0207961462438, 0.0318213514984, 0.0165339671075, 0.0469351969659, 0.0760676786304, 0.0144190276042, 0.0200508199632, 0.0154349189252, 0.0151408091187, 0.00918473117054, 0.00666842982173, 0.004289586097, 0.00192089786287, 0.00212313141674, 0.010038564913, 0.0029598667752, 0.00231514591724, 0.00104204693343, 0.00167643337045, 0.00362676102668, 0.000893291318789, 0.000950216664933, 2.10414382309e-05],
        "mean": [0.000156322537805, 0.00785307120532, 0.00523927528411, 0.000970007444266, 0.00199052901007, 0.00156022841111, 0.00120365840849, 0.00288235745393, 0.0053362515755, 0.000611187482718, 0.00158631149679, 0.000464109209133, 0.000788619392551, 0.000530229415745, 0.000204498574021, 0.000123638194054, 0.000109361048089, 0.000105353836261, 0.000600160856266, 0.000234283303143, 0.000157860587933, 9.34567360673e-05, 3.23985041177e-05, 2.4233786462e-05, 1.67305934156e-05, 8.96644905879e-06, 9.79539152013e-08],
        "min": [7.71468777749e-10, 2.44263134164e-08, 1.50047242187e-07, 1.47334958456e-07, 3.21402865211e-07, 1.39985149872e-06, 1.08347126115e-06, 1.67462962963e-06, 1.34235756377e-06, 4.06823630783e-07, 5.66487642573e-07, 9.2573451127e-08, 9.95614968247e-08, 9.67461801338e-07, 4.76993193388e-07, 6.27149248089e-08, 8.63196021328e-08, 1.49180323206e-07, 1.78955644969e-07, 2.01251566523e-08, 1.4971631046e-08, 1.8308498051e-09, 1.05371100734e-10, 1.43496881044e-11, 2.43646283704e-11, 3.25008839286e-11, 4.0037157617e-11],
        "stdev": [0.000235697225435, 0.00807981472462, 0.0058078635484, 0.00122433854267, 0.00220889039338, 0.00299389101565, 0.00192525447346, 0.00698167504743, 0.0110458545387, 0.00126511673443, 0.00296584353782, 0.00098144391086, 0.00152299343608, 0.00111583096441, 0.000506697688252, 0.000279073632555, 0.00017117059906, 0.000212631843169, 0.00097798416391, 0.000405957689509, 0.000205912365345, 0.000121611708892, 8.05116651463e-05, 0.000159379284014, 5.32117301191e-05, 6.43553939881e-05, 1.05415904272e-06]
    },
    "erbbands": {
        "max": [2.31013512611, 16.1263198853, 48.4001350403, 48.7466201782, 67.4586257935, 71.9709625244, 177.835403442, 255.519210815, 170.050445557, 764.494995117, 1284.01599121, 2168.97753906, 721.425598145, 821.336120605, 978.575195312, 794.765808105, 692.508117676, 516.08215332, 387.721374512, 451.715240479, 286.262573242, 93.7392807007, 57.4088821411, 179.663421631, 613.434936523, 185.563095093, 101.16934967, 60.4253540039, 31.4699954987, 28.4649906158, 53.5052146912, 115.587585449, 37.6030387878, 15.9491825104, 7.03056335449, 6.69484186172, 0.677004098892, 0.0694931969047, 0.00316281337291, 0.000154534660396],
        "mean": [0.166949599981, 1.95995402336, 6.46858596802, 4.04174137115, 4.72362184525, 7.01274061203, 10.7801790237, 12.037522316, 11.9629154205, 38.6437225342, 85.3596420288, 138.81578064, 23.214641571, 31.309419632, 62.2920188904, 24.2656745911, 37.0408592224, 29.5516433716, 14.2694625854, 9.95181846619, 6.50607633591, 5.77781486511, 4.91700792313, 18.6588878632, 30.2544631958, 13.0245265961, 6.93670797348, 5.72466230392, 3.61098241806, 1.93105530739, 0.89434838295, 0.654263138771, 0.321146458387, 0.18827444315, 0.127308607101, 0.0653610229492, 0.00719172693789, 0.000559907464776, 3.84181912523e-05, 3.9107449993e-05],
        "min": [4.89766034661e-06, 4.74492626381e-05, 0.000199186557438, 0.000588388182223, 0.00105644424912, 0.000956549134571, 0.00349108525552, 0.0142035009339, 0.0127776376903, 0.0319562628865, 0.0302968192846, 0.0279155988246, 0.0238187294453, 0.0182901006192, 0.016819389537, 0.00356026552618, 0.00550376763567, 0.028582425788, 0.055562723428, 0.00840784609318, 0.00345824379474, 0.00706336135045, 0.0064474134706, 0.0137340733781, 0.00165921915323, 0.00110104691703, 0.000708007777575, 0.000467620411655, 0.000107922300231, 7.09728337824e-05, 1.64051798492e-05, 4.3293730414e-06, 2.04087768907e-06, 1.18793911952e-06, 7.91019203916e-07, 5.63944240639e-07, 3.47123830124e-07, 8.36052720388e-08, 3.6073839027e-08, 1.608202993e-08],
        "stdev": [0.226129859686, 1.98461377621, 6.73764562607, 4.47971153259, 6.12201118469, 8.11052322388, 15.8973493576, 24.1690559387, 16.3260993958, 75.8775863647, 180.269546509, 286.483734131, 50.6824874878, 55.3415756226, 126.070175171, 42.3717956543, 69.1022644043, 58.5077705383, 30.2444057465, 24.1355209351, 15.850933075, 8.59495353699, 6.80141496658, 27.9278450012, 55.1782531738, 22.3320560455, 10.1398963928, 7.43473815918, 4.52612829208, 2.81912922859, 2.53556346893, 4.61372852325, 1.66037738323, 0.715341448784, 0.462381631136, 0.450847119093, 0.0426151752472, 0.00358308129944, 0.000170322906342, 2.35659608734e-05]
    },
    "gfcc": {
        "mean": [-40.1500167847, 149.880432129, -142.040969849, 39.9725723267, -66.4989089966, 5.47339677811, -6.75328302383, -4.17893743515, -13.3210830688, -3.57749772072, -5.06203269958, -13.8616600037, -7.14762592316],
        "cov": [[6806.72949219, -2373.64282227, 744.506225586, 893.766723633, 18.3222579956, 1566.23022461, -346.097869873, 1117.45825195, -779.114807129, 519.083068848, 55.3331985474, 34.3518676758, -145.638458252], [-2373.64282227, 1955.96679688, -175.903396606, -47.3211784363, 445.784637451, -575.396240234, 541.360595703, -517.866760254, 562.280273438, -344.264160156, 176.987930298, -39.1864547729, 22.7130012512], [744.506225586, -175.903396606, 690.765563965, 126.457542419, 154.665847778, 352.490905762, -205.650604248, 192.175094604, -106.578338623, 125.664154053, 5.04660892487, 116.586776733, -9.34665298462], [893.766723633, -47.3211784363, 126.457542419, 470.204406738, 117.392791748, 244.059082031, 83.1233901978, 65.2632904053, 31.7851676941, 5.87508487701, 102.487358093, -37.8991775513, 34.5756568909], [18.3222579956, 445.784637451, 154.665847778, 117.392791748, 482.646514893, 75.0373840332, 133.197982788, 18.0318813324, 83.1254119873, 24.1010017395, 25.5290203094, 63.3713493347, -41.7756347656], [1566.23022461, -575.396240234, 352.490905762, 244.059082031, 75.0373840332, 603.777038574, -163.911590576, 322.483764648, -195.411804199, 115.095672607, 56.2095031738, 32.3122138977, -27.1515731812], [-346.097869873, 541.360595703, -205.650604248, 83.1233901978, 133.197982788, -163.911590576, 430.07522583, -129.024536133, 182.282974243, -111.871330261, 57.1032714844, -58.7994918823, -59.7054405212], [1117.45825195, -517.866760254, 192.175094604, 65.2632904053, 18.0318813324, 322.483764648, -129.024536133, 351.274719238, -172.162506104, 111.428077698, -19.6902313232, 12.8352537155, -27.866235733], [-779.114807129, 562.280273438, -106.578338623, 31.7851676941, 83.1254119873, -195.411804199, 182.282974243, -172.162506104, 300.16809082, -133.485626221, 43.1408538818, -47.0476379395, 18.8842716217], [519.083068848, -344.264160156, 125.664154053, 5.87508487701, 24.1010017395, 115.095672607, -111.871330261, 111.428077698, -133.485626221, 185.910140991, -54.7584877014, 38.8177032471, -12.5188388824], [55.3331985474, 176.987930298, 5.04660892487, 102.487358093, 25.5290203094, 56.2095031738, 57.1032714844, -19.6902313232, 43.1408538818, -54.7584877014, 143.221878052, -25.4246063232, 9.49611949921], [34.3518676758, -39.1864547729, 116.586776733, -37.8991775513, 63.3713493347, 32.3122138977, -58.7994918823, 12.8352537155, -47.0476379395, 38.8177032471, -25.4246063232, 131.359939575, -7.04012060165], [-145.638458252, 22.7130012512, -9.34665298462, 34.5756568909, -41.7756347656, -27.1515731812, -59.7054405212, -27.866235733, 18.8842716217, -12.5188388824, 9.49611949921, -7.04012060165, 127.510101318]],
        "icov": [[0.000794185383711, 0.000370294204913, 5.64123620279e-05, -0.00100031075999, 0.000111414512503, -0.000668910739478, -0.000454167980934, -0.000946803134866, 0.000534050457645, -0.000446575810201, -0.000140267642564, -0.0001144876951, 0.000472195009934], [0.000370294204913, 0.00594301428646, -0.00232457765378, 0.00205918960273, -0.00483441771939, 0.00251968600787, -0.0029925275594, 0.00253828801215, -0.00223721307702, 0.00369839998893, -0.00497172260657, 0.00148860178888, -0.0021113990806], [5.64123620279e-05, -0.00232457765378, 0.00382254319265, -0.00139746419154, 0.00146647635847, -0.00231802812777, 0.0022595745977, -0.00145949725993, 0.000144879595609, -0.00230022054166, 0.00183705682866, -0.00232768757269, 0.00135094462894], [-0.00100031075999, 0.00205918960273, -0.00139746419154, 0.00661954283714, -0.00258370442316, -0.000309580063913, -0.00218687206507, 0.00323984515853, -0.00236020772718, 0.00132008874789, -0.00312131247483, 0.00200926559046, -0.00381252518855], [0.000111414512503, -0.00483441771939, 0.00146647635847, -0.00258370442316, 0.00748421484604, -0.00280248024501, 0.00100455386564, -0.00292741274461, 0.000707545725163, -0.00452338252217, 0.00401679845527, -0.00320455757901, 0.00245740753599], [-0.000668910739478, 0.00251968600787, -0.00231802812777, -0.000309580063913, -0.00280248024501, 0.00819260627031, 0.000293640274322, -0.00130638596602, -3.07312184304e-05, 0.00290867849253, -0.00430548423901, 0.000788389355876, 3.38274112437e-05], [-0.000454167980934, -0.0029925275594, 0.0022595745977, -0.00218687206507, 0.00100455386564, 0.000293640274322, 0.00698977475986, -0.00107261154335, -0.000263889407506, -0.000588917173445, 0.00169655214995, -0.000108573185571, 0.00405198754743], [-0.000946803134866, 0.00253828801215, -0.00145949725993, 0.00323984515853, -0.00292741274461, -0.00130638596602, -0.00107261154335, 0.00968784000725, -0.00052041199524, 0.00167697656434, -0.000872148899361, 0.00260039418936, -0.00169112742878], [0.000534050457645, -0.00223721307702, 0.000144879595609, -0.00236020772718, 0.000707545725163, -3.07312184304e-05, -0.000263889407506, -0.00052041199524, 0.00943547394127, 0.00157089962158, 0.00213485630229, 0.00132779532578, 0.000318225589581], [-0.000446575810201, 0.00369839998893, -0.00230022054166, 0.00132008874789, -0.00452338252217, 0.00290867849253, -0.000588917173445, 0.00167697656434, 0.00157089962158, 0.0131090600044, -0.000283773319097, 0.00124468910508, -0.00132305419538], [-0.000140267642564, -0.00497172260657, 0.00183705682866, -0.00312131247483, 0.00401679845527, -0.00430548423901, 0.00169655214995, -0.000872148899361, 0.00213485630229, -0.000283773319097, 0.0146450456232, -0.000260995118879, 0.00126031902619], [-0.0001144876951, 0.00148860178888, -0.00232768757269, 0.00200926559046, -0.00320455757901, 0.000788389355876, -0.000108573185571, 0.00260039418936, 0.00132779532578, 0.00124468910508, -0.000260995118879, 0.0117917079479, -0.000879904488102], [0.000472195009934, -0.0021113990806, 0.00135094462894, -0.00381252518855, 0.00245740753599, 3.38274112437e-05, 0.00405198754743, -0.00169112742878, 0.000318225589581, -0.00132305419538, 0.00126031902619, -0.000879904488102, 0.0119113428518]]
    },
    "melbands": {
        "max": [0.019985422492, 0.0182880312204, 0.00738274119794, 0.00506444228813, 0.00486740795895, 0.00577960303053, 0.00250787427649, 0.00796861853451, 0.0100215440616, 0.0118138613179, 0.00348915322684, 0.00309432041831, 0.00292931473814, 0.00170436361805, 0.00154627417214, 0.00140852131881, 0.0011303027859, 0.000643746345304, 0.000437693204731, 0.000373008690076, 0.000411514309235, 7.32311164029e-05, 0.000110636465251, 8.81702944753e-05, 0.000160784009495, 0.000560306652915, 0.00021283258684, 0.000118080104585, 6.17558034719e-05, 5.17890039191e-05, 3.54707954102e-05, 2.04068383027e-05, 2.68625226454e-05, 1.2038954992e-05, 2.52408299275e-05, 5.61631313758e-05, 7.42889169487e-05, 3.31569863192e-05, 9.77398940449e-06, 1.56432506628e-05],
        "mean": [0.00180478405673, 0.00304005667567, 0.000747175596189, 0.00042479269905, 0.000378152937628, 0.000275185419014, 0.000191829123651, 0.000452298176242, 0.000856418686453, 0.000749932718463, 8.4705723566e-05, 0.000112182897283, 0.000222092217882, 7.3806841101e-05, 8.29104756122e-05, 6.68518041493e-05, 5.47040071979e-05, 2.43316608248e-05, 1.31487113322e-05, 1.05674789665e-05, 7.42131805964e-06, 5.59509635423e-06, 5.1832967074e-06, 4.88363411932e-06, 1.52328511831e-05, 2.52329118666e-05, 1.3686033526e-05, 7.598495813e-06, 4.09696122006e-06, 4.07516699852e-06, 3.06513243231e-06, 2.09671043194e-06, 1.6192594785e-06, 8.10286394426e-07, 4.88683724598e-07, 4.63204258949e-07, 3.80148946988e-07, 2.42279696749e-07, 1.61167321266e-07, 1.56546207108e-07],
        "min": [6.98232005547e-09, 1.21410622e-07, 1.50369601215e-07, 6.92539003921e-08, 1.04161770764e-07, 3.08315662778e-07, 2.02586392106e-07, 3.71353849005e-07, 2.25520707886e-07, 1.87607241742e-07, 1.12924759321e-07, 6.60806662722e-08, 7.01240878698e-08, 1.55097250598e-08, 8.20085510611e-09, 1.16133236361e-08, 5.93509383862e-08, 8.51806447599e-08, 1.63741979975e-08, 7.94566368256e-09, 2.75297762364e-09, 3.11483550064e-09, 6.48403508663e-09, 6.96144653034e-09, 9.36933197693e-09, 8.82409811886e-10, 6.10922368249e-10, 7.08200664779e-10, 3.18311460523e-10, 5.3382176457e-10, 4.51646324506e-11, 3.8413817266e-11, 2.72177246019e-11, 7.95954968602e-12, 1.29474154922e-12, 1.72594997647e-13, 1.64166830087e-13, 1.49497262985e-13, 1.8141599876e-13, 1.6276861586e-13],
        "stdev": [0.00204702629708, 0.00283746584319, 0.000746143981814, 0.000512169674039, 0.000479958340293, 0.0005403382238, 0.000268430856522, 0.000890631345101, 0.00156977330334, 0.0015582665801, 0.000245236500632, 0.000213625331526, 0.000417496979935, 0.000143819328514, 0.00016131735174, 0.00012968336523, 0.000118435724289, 5.70716765651e-05, 2.99117546092e-05, 2.32204092754e-05, 2.15671425394e-05, 8.0156551121e-06, 8.82498534338e-06, 9.03644559003e-06, 2.4492988814e-05, 4.65142620669e-05, 2.46157978836e-05, 1.3480477719e-05, 6.7178880272e-06, 5.61638535146e-06, 4.45586601927e-06, 2.74957506008e-06, 2.56974885815e-06, 1.22763765376e-06, 1.2108100691e-06, 2.29122338169e-06, 3.16693603963e-06, 1.37170889047e-06, 5.82223094625e-07, 6.35906303614e-07]
    },
    "melbands128": {
        "max": [0.0017125075683, 0.017685174942, 0.0349258109927, 0.0297962874174, 0.0251625031233, 0.0209982991219, 0.0112813320011, 0.00620814552531, 0.00796393211931, 0.0068869064562, 0.00512837199494, 0.00491036660969, 0.00564681272954, 0.0135312899947, 0.00808956101537, 0.00262673571706, 0.00186993926764, 0.00447398377582, 0.0056168329902, 0.0137903429568, 0.0122514758259, 0.0145874433219, 0.0177606008947, 0.0228401999921, 0.0264218505472, 0.00579021498561, 0.00767850596458, 0.00479940138757, 0.00276169227436, 0.00359157915227, 0.00643667485565, 0.00397477205843, 0.00559983309358, 0.00643677683547, 0.00342536787502, 0.00210577715188, 0.00422944268212, 0.00274573592469, 0.00439151283354, 0.0025000392925, 0.00301656289957, 0.00243447814137, 0.00162902672309, 0.00132055929862, 0.00199895002879, 0.00108912517317, 0.000968342414126, 0.000174192566192, 0.000898608588614, 0.00108507077675, 0.000544615206309, 0.000445438519819, 0.000797277200036, 0.000433485314716, 0.000116380753752, 9.50433823164e-05, 0.000201872942853, 0.000256273226114, 9.85344668152e-05, 6.80048833601e-05, 0.000184474207344, 0.00020588618645, 0.000482338189613, 0.000349220470525, 0.000349173438735, 0.000641402497422, 0.0012559813913, 0.000427037652116, 0.000211960374145, 0.000342306273524, 0.000196605935344, 0.000237776388531, 0.00010901823407, 0.000110803557618, 9.20844249777e-05, 7.07585859345e-05, 0.00010601698159, 6.80026423652e-05, 5.94233970332e-05, 4.16094917455e-05, 4.89527992613e-05, 3.43969768437e-05, 4.00618118874e-05, 6.05395471212e-05, 4.7117460781e-05, 2.37070998992e-05, 1.1175156942e-05, 1.59061182785e-05, 2.75694746961e-05, 2.48867509072e-05, 5.67552706343e-05, 5.99468476139e-05, 8.93224641914e-05, 0.000110902255983, 0.00010422962805, 4.61891395389e-05, 2.64171685558e-05, 1.14952426884e-05, 9.41282814892e-06, 9.57377324085e-06, 1.41879227158e-05, 2.37505391851e-05, 8.46328930493e-06, 3.39354733114e-06, 5.61705792279e-06, 1.27614639496e-05, 1.42136250361e-05, 3.83920632885e-05, 1.10626115202e-05, 1.75709180894e-06, 2.25679104915e-06, 3.9952797124e-06, 1.83610688964e-06, 7.99944530172e-07, 1.20755339594e-06, 1.09579991658e-06, 4.47055725772e-07, 5.13807037805e-07, 1.82983967534e-07, 5.54059589319e-08, 1.03480232383e-07, 1.4312040264e-07, 1.70517981957e-08, 4.84942294654e-11, 4.78235055723e-11, 4.7157833194e-11, 4.67214877897e-11, 4.64893540331e-11],
        "mean": [0.000148069491843, 0.0011581829749, 0.00216675247066, 0.00364598911256, 0.00389113696292, 0.00213713617995, 0.000757339352276, 0.000470229599159, 0.000465401419206, 0.000450622988865, 0.000373705115635, 0.000356254866347, 0.000304261426209, 0.000529626035132, 0.000315740297083, 0.000114400158054, 0.000131110034999, 0.000211719117942, 0.000220638889004, 0.000524335890077, 0.000452352454886, 0.000546716910321, 0.000671022979077, 0.00146066432353, 0.00138629763387, 0.000171639345353, 0.000103515369119, 8.77696656971e-05, 5.20014509675e-05, 0.000101502613688, 0.000113256523036, 0.000171267718542, 0.00028448383091, 0.000245312781772, 5.62872555747e-05, 4.18442723458e-05, 5.23538801644e-05, 6.53536844766e-05, 0.000138819625136, 7.14443449397e-05, 4.7244146117e-05, 5.65349473618e-05, 6.40162834316e-05, 4.86541030114e-05, 3.4428172512e-05, 1.90780083358e-05, 1.70039256773e-05, 6.5552567321e-06, 1.72660584212e-05, 1.52553911903e-05, 9.31870545173e-06, 5.83666451348e-06, 7.33465594749e-06, 9.22197250475e-06, 4.81123788632e-06, 3.83200085707e-06, 7.10986023478e-06, 8.51115601108e-06, 2.80360700344e-06, 2.56136377175e-06, 3.7778627302e-06, 5.85320822211e-06, 1.37356846608e-05, 1.8192895368e-05, 1.9490476916e-05, 2.23383776756e-05, 3.62037244486e-05, 1.52388638526e-05, 7.41761868994e-06, 1.24955113279e-05, 6.22356856184e-06, 7.55905739425e-06, 3.98835982196e-06, 2.82600421997e-06, 4.88844671054e-06, 4.06459002988e-06, 4.17582168666e-06, 3.1829101772e-06, 3.36107177645e-06, 2.21843788495e-06, 2.18618424697e-06, 1.93859136743e-06, 1.9845042516e-06, 1.4978602394e-06, 1.61152775036e-06, 8.50826893384e-07, 5.93852746533e-07, 4.95205370044e-07, 4.61331353563e-07, 4.99002567267e-07, 5.22860148067e-07, 4.32223913549e-07, 4.04759873618e-07, 4.1106665094e-07, 3.56524878953e-07, 2.62599257894e-07, 2.49771460403e-07, 1.50341122662e-07, 1.65427252341e-07, 1.59017389478e-07, 1.49192970866e-07, 1.65455617207e-07, 1.55598414153e-07, 1.36918615112e-07, 1.36255394523e-07, 1.38447802556e-07, 1.24432290249e-07, 2.75687369822e-07, 1.06472555217e-07, 2.61222385944e-08, 2.65317172676e-08, 3.5221884076e-08, 1.7682785014e-08, 6.59560539518e-09, 6.17849371665e-09, 5.37126343403e-09, 1.99724969896e-09, 1.34591149337e-09, 6.54590215365e-10, 1.04769255771e-10, 8.26967175294e-11, 1.448966086e-10, 2.00698659081e-11, 3.76960181819e-12, 3.64726868499e-12, 3.49644900706e-12, 3.40763289981e-12, 3.38058335665e-12],
        "min": [3.28147023443e-11, 7.53335283044e-10, 3.42503780892e-09, 5.50456835668e-09, 1.16673168904e-08, 6.74024178693e-08, 3.24828874909e-08, 5.93992552922e-08, 1.07076324696e-07, 2.46589078046e-08, 4.25551363037e-08, 5.22240313217e-08, 9.22014322668e-08, 1.95344597387e-07, 1.83826131206e-07, 1.88928027001e-07, 2.41506199927e-07, 1.05113755922e-07, 2.17002934733e-07, 1.99013342694e-07, 4.35266827026e-07, 2.83796282474e-07, 1.95652560819e-07, 1.50108775188e-07, 1.47545236473e-07, 2.23514689424e-07, 7.77064173008e-08, 9.52517709152e-08, 1.3643004948e-08, 4.44726353521e-08, 9.03475196878e-08, 1.00244960777e-07, 6.01872045536e-08, 3.08050900344e-08, 2.11415756013e-08, 8.77375061492e-09, 2.32621966134e-09, 6.6050747094e-09, 1.28571961966e-08, 1.27683277285e-08, 5.88397153223e-09, 1.47357397395e-08, 3.76349476028e-08, 2.66817110628e-08, 3.60281795508e-08, 4.06630391581e-08, 1.86934574486e-08, 1.04129229683e-08, 5.44808909098e-09, 5.3607531747e-09, 5.34290434118e-09, 5.79168712989e-10, 3.19415605077e-09, 2.56649523855e-09, 1.02867436791e-09, 3.10243541968e-09, 2.03215400063e-09, 7.70042252185e-09, 5.32267341313e-09, 3.59772323044e-09, 3.18960591272e-09, 7.69989583205e-09, 3.31456484481e-09, 3.57720297828e-09, 1.41707434675e-09, 4.14913325919e-10, 3.52693541039e-10, 3.86732479374e-10, 7.06007696749e-10, 7.96324783892e-10, 1.10086451066e-09, 3.54032719807e-10, 1.54968871069e-10, 2.2349672113e-10, 4.01136346362e-10, 1.45948642061e-10, 6.43811601253e-11, 4.56083157352e-11, 4.57398459386e-11, 4.15301647239e-11, 3.94991574171e-11, 3.10734042663e-11, 6.60831762575e-12, 2.6696022129e-11, 1.83678298266e-11, 2.92842247847e-12, 2.22973267454e-12, 1.90142476417e-12, 8.45281039174e-13, 1.58320988155e-13, 1.49578076704e-13, 1.87144082783e-13, 1.34520216147e-13, 7.93396720392e-14, 9.39988985629e-14, 1.29059699668e-13, 1.13766065795e-13, 1.37622132115e-13, 1.77102039631e-13, 1.20987177525e-13, 1.07080597373e-13, 1.55733553223e-13, 1.14332046434e-13, 1.68049534249e-13, 1.07312874136e-13, 1.23160867355e-13, 1.40401118466e-13, 1.39458770595e-13, 1.3138527267e-13, 1.49948562139e-13, 1.04698090204e-13, 1.236898767e-13, 1.43140084204e-13, 1.1336313561e-13, 1.26140647949e-13, 1.46548260181e-13, 1.13043417942e-13, 1.46083340737e-13, 1.45335851101e-13, 1.53626772219e-13, 1.42921847859e-13, 1.33203872737e-13, 1.25341170819e-13, 1.25881455867e-13, 5.20484432734e-14, 2.8514225757e-14, 5.72820641899e-15, 1.63844362314e-16],
        "stdev": [0.000229306417168, 0.00179088802543, 0.00314287329093, 0.0038661500439, 0.00409967731684, 0.00239727110602, 0.00100470683537, 0.000620697333943, 0.000708393286914, 0.000729615043383, 0.000488544930704, 0.000472799845738, 0.000518866756465, 0.00124953477643, 0.000767086457927, 0.000227137526963, 0.000193814499653, 0.000440494419308, 0.000443495810032, 0.00124889181461, 0.00120319181588, 0.00192900164984, 0.00201793434098, 0.0032961377874, 0.00322105479427, 0.000410904263845, 0.000409743748605, 0.000332788855303, 0.000163650911418, 0.000228032076848, 0.000352264440153, 0.000389345921576, 0.000586787064094, 0.000722718599718, 0.00015968590742, 0.000101738965895, 0.000185845681699, 0.000173884589458, 0.000345370470313, 0.000178917092853, 0.000174612257979, 0.000178817106644, 0.000171991676325, 0.000142081757076, 0.000133639536216, 7.04394115019e-05, 6.58478675177e-05, 1.11855060823e-05, 6.44983083475e-05, 5.10686695634e-05, 2.7230122214e-05, 1.65509336512e-05, 3.61315760529e-05, 2.96555826935e-05, 9.03376439965e-06, 6.72873284202e-06, 1.71717347257e-05, 1.91781764443e-05, 4.89178728458e-06, 5.53200789e-06, 9.11774986889e-06, 1.51538788487e-05, 4.11918954342e-05, 3.85989842471e-05, 4.39078612544e-05, 6.19311831542e-05, 9.07235662453e-05, 3.8606722228e-05, 2.06834447454e-05, 3.04617369693e-05, 1.34992005769e-05, 2.00687263714e-05, 1.03474958451e-05, 7.02018678567e-06, 9.07084813662e-06, 7.7688773672e-06, 7.85469546827e-06, 6.21869230599e-06, 6.36383310848e-06, 4.05713308282e-06, 3.94074095311e-06, 3.34670858138e-06, 3.52829033545e-06, 3.61086472367e-06, 3.34034825755e-06, 1.6879521354e-06, 9.98003997665e-07, 9.99149051495e-07, 1.19470394111e-06, 1.50838354784e-06, 2.32699494518e-06, 2.40299573306e-06, 2.90463253805e-06, 4.0152958718e-06, 3.37384472004e-06, 1.86662009583e-06, 1.11393978841e-06, 6.01500403263e-07, 5.86078897413e-07, 5.93864854181e-07, 6.25824213785e-07, 8.73260091794e-07, 4.67746389177e-07, 3.31188260816e-07, 4.21053528044e-07, 6.93009610586e-07, 7.49795958654e-07, 2.34998765336e-06, 7.05773913978e-07, 1.11498266619e-07, 1.51540746174e-07, 2.42399266881e-07, 1.07427609919e-07, 3.96595147834e-08, 4.65942910921e-08, 4.52589183908e-08, 1.84499260314e-08, 2.00921732585e-08, 9.15363607135e-09, 1.98950744768e-09, 2.76639111618e-09, 4.07074285391e-09, 4.63862503963e-10, 5.56353877898e-12, 5.47941553242e-12, 5.41361486889e-12, 5.36635276147e-12, 5.33736683322e-12]
    },
    "mfcc": {
        "mean": [-671.054199219, 161.904708862, -13.7246084213, 35.9320411682, -26.614780426, 15.2220726013, 4.87862968445, 4.28778553009, -1.98450899124, 6.71864557266, 6.30957794189, -2.20643734932, 0.853258669376],
        "cov": [[6329.90087891, -2296.23217773, 559.213134766, -53.1618537903, 516.06036377, 344.790588379, 871.498779297, 350.880859375, 4.33093881607, 257.253936768, 218.226043701, 146.397705078, 154.627639771], [-2296.23217773, 1777.01574707, -362.68951416, 350.683074951, -93.3314437866, 102.086990356, -235.082794189, 119.144767761, 17.7567234039, -47.3155021667, 52.5420150757, 34.9911003113, 37.3206214905], [559.213134766, -362.68951416, 586.31439209, -149.986434937, 262.45892334, 12.1759977341, 82.5774459839, 20.3196544647, -5.10524702072, -37.178237915, -25.5494804382, 112.78187561, 2.79969668388], [-53.1618537903, 350.683074951, -149.986434937, 418.814331055, -71.1122436523, 183.261505127, -11.3670225143, 80.2328414917, 31.7007923126, 72.3037490845, 45.8617401123, 1.08135282993, 56.5450401306], [516.06036377, -93.3314437866, 262.45892334, -71.1122436523, 518.288818359, 66.1991577148, 153.208221436, 77.1311798096, 54.4003753662, -0.417736917734, 17.2664794922, 97.1658248901, 63.1399726868], [344.790588379, 102.086990356, 12.1759977341, 183.261505127, 66.1991577148, 260.730010986, 57.8797035217, 111.055465698, 8.31038379669, 59.2849769592, 43.6176147461, 35.6544456482, 44.2717399597], [871.498779297, -235.082794189, 82.5774459839, -11.3670225143, 153.208221436, 57.8797035217, 319.087097168, 80.6122283936, 11.3923196793, 18.7319259644, 115.202880859, 14.9930896759, 35.8952941895], [350.880859375, 119.144767761, 20.3196544647, 80.2328414917, 77.1311798096, 111.055465698, 80.6122283936, 267.906280518, -6.15184783936, 56.9862060547, 82.1350097656, 46.8824882507, 11.264746666], [4.33093881607, 17.7567234039, -5.10524702072, 31.7007923126, 54.4003753662, 8.31038379669, 11.3923196793, -6.15184783936, 114.566062927, 12.6817531586, 10.4301767349, -10.090004921, 22.021320343], [257.253936768, -47.3155021667, -37.178237915, 72.3037490845, -0.417736917734, 59.2849769592, 18.7319259644, 56.9862060547, 12.6817531586, 155.619918823, 9.35593128204, 20.3506164551, -0.0126461135224], [218.226043701, 52.5420150757, -25.5494804382, 45.8617401123, 17.2664794922, 43.6176147461, 115.202880859, 82.1350097656, 10.4301767349, 9.35593128204, 169.392059326, -5.11590242386, 13.3787107468], [146.397705078, 34.9911003113, 112.78187561, 1.08135282993, 97.1658248901, 35.6544456482, 14.9930896759, 46.8824882507, -10.090004921, 20.3506164551, -5.11590242386, 129.719406128, 3.33980250359], [154.627639771, 37.3206214905, 2.79969668388, 56.5450401306, 63.1399726868, 44.2717399597, 35.8952941895, 11.264746666, 22.021320343, -0.0126461135224, 13.3787107468, 3.33980250359, 102.127044678]],
        "icov": [[0.000752487685531, 0.00103844515979, 0.000156725858687, -0.000309842318529, -3.84590348403e-05, -0.000418998039095, -0.000927105604205, -0.000695558730513, 0.000105674480437, -0.0001320609299, -6.72382593621e-05, -0.000715329428203, -0.00073416007217], [0.00103844515979, 0.00246545067057, 0.000867155089509, -0.0011334993178, -0.000365609914297, -0.000475673412438, -0.000279219937511, -0.00140364305116, 0.00011904254643, 0.000752117251977, -0.000651874113828, -0.00174427451566, -0.00106735515874], [0.000156725858687, 0.000867155089509, 0.0031928755343, 0.000303558597807, -0.00106873852201, -0.000524498871528, 5.33946549695e-05, -0.000314856675686, 6.22721054242e-05, 0.00122254376765, 0.000136387316161, -0.00232213106938, 0.000139090989251], [-0.000309842318529, -0.0011334993178, 0.000303558597807, 0.00529477698728, 0.00115270446986, -0.00284420629032, 0.000309267285047, 0.000351737398887, -0.00117478414904, -0.00122578791343, -0.000143760204082, 0.000234631181229, -0.00141943700146], [-3.84590348403e-05, -0.000365609914297, -0.00106873852201, 0.00115270446986, 0.0037855214905, -0.00065728276968, -0.00143866951112, -0.000449035171187, -0.00183349882718, 3.17902267852e-05, 0.000865677546244, -0.00133717351127, -0.00159168604296], [-0.000418998039095, -0.000475673412438, -0.000524498871528, -0.00284420629032, -0.00065728276968, 0.00742546375841, 0.000142361037433, -0.00109720905311, 0.000746098114178, -0.000776950793806, 8.88071099325e-06, 0.000105781888124, -0.000509800156578], [-0.000927105604205, -0.000279219937511, 5.33946549695e-05, 0.000309267285047, -0.00143866951112, 0.000142361037433, 0.00736118480563, 0.000339373771567, 0.000368064735085, 0.000324304244714, -0.00386155839078, 0.000964890117757, -6.89447624609e-05], [-0.000695558730513, -0.00140364305116, -0.000314856675686, 0.000351737398887, -0.000449035171187, -0.00109720905311, 0.000339373771567, 0.00658055767417, 0.000809392950032, -0.00147422286682, -0.00198686285876, -0.000164810451679, 0.00137903401628], [0.000105674480437, 0.00011904254643, 6.22721054242e-05, -0.00117478414904, -0.00183349882718, 0.000746098114178, 0.000368064735085, 0.000809392950032, 0.010440797545, -0.00121628656052, -0.000929442991037, 0.00163330894429, -0.00114639720414], [-0.0001320609299, 0.000752117251977, 0.00122254376765, -0.00122578791343, 3.17902267852e-05, -0.000776950793806, 0.000324304244714, -0.00147422286682, -0.00121628656052, 0.00884574092925, 0.000579111045226, -0.00191151537001, 0.00118605373427], [-6.72382593621e-05, -0.000651874113828, 0.000136387316161, -0.000143760204082, 0.000865677546244, 8.88071099325e-06, -0.00386155839078, -0.00198686285876, -0.000929442991037, 0.000579111045226, 0.00977488234639, 0.00086134596495, 0.000345025357092], [-0.000715329428203, -0.00174427451566, -0.00232213106938, 0.000234631181229, -0.00133717351127, 0.000105781888124, 0.000964890117757, -0.000164810451679, 0.00163330894429, -0.00191151537001, 0.00086134596495, 0.0123531455174, 0.00124488142319], [-0.00073416007217, -0.00106735515874, 0.000139090989251, -0.00141943700146, -0.00159168604296, -0.000509800156578, -6.89447624609e-05, 0.00137903401628, -0.00114639720414, 0.00118605373427, 0.000345025357092, 0.00124488142319, 0.0133140450343]]
    },
    "spectral_contrast_coeffs": {
        "max": [-0.387802124023, -0.404969781637, -0.496040195227, -0.567610859871, -0.559270262718, -0.399022936821],
        "mean": [-0.718616962433, -0.703816056252, -0.771217763424, -0.788700997829, -0.768162965775, -0.664881289005],
        "min": [-0.872161746025, -0.922067642212, -0.91840082407, -0.903064608574, -0.8914077878, -0.961041629314],
        "stdev": [0.0755656138062, 0.0903910771012, 0.0629822462797, 0.053736962378, 0.0615351758897, 0.079959794879]
    },
    "spectral_contrast_valleys": {
        "max": [-5.00918769836, -5.35123491287, -5.58891820908, -6.37243747711, -6.57553958893, -8.03365898132],
        "mean": [-6.58086299896, -6.58142471313, -7.16148281097, -7.85291624069, -8.02359390259, -12.015994072],
        "min": [-10.8419313431, -8.97893047333, -10.2044668198, -10.287065506, -11.5466928482, -16.814825058],
        "stdev": [1.07360029221, 0.481906175613, 0.688031435013, 0.746185600758, 0.766076385975, 1.84960412979]
    }
},
"rhythm": {
    "beats_count": 38,
    "beats_loudness": {
        "max": 0.0832710415125,
        "mean": 0.0391456931829,
        "min": 0.00161645992193,
        "stdev": 0.0214090049267
    },
    "bpm": 71.5491409302,
    "bpm_histogram_first_peak_bpm": 72,
    "bpm_histogram_first_peak_weight": 0.162162125111,
    "bpm_histogram_second_peak_bpm": 0,
    "bpm_histogram_second_peak_spread": 0,
    "bpm_histogram_second_peak_weight": 0,
    "danceability": 0.984050691128,
    "onset_rate": 2.30712866783,
    "beats_loudness_band_ratio": {
        "max": [0.83072578907, 0.593725323677, 0.666388571262, 0.527512669563, 0.121953122318, 0.179731324315],
        "mean": [0.404254198074, 0.151708066463, 0.253253817558, 0.154394879937, 0.0290493145585, 0.0380073226988],
        "min": [0.00112317746971, 0.0218838807195, 0.0394587703049, 0.0129811028019, 0.00207389937714, 0.00156072445679],
        "stdev": [0.242134675384, 0.146682843566, 0.184479236603, 0.137359127402, 0.0315548628569, 0.0387748554349]
    },
    "beats_position": [0.859138309956, 1.72988653183, 2.58902478218, 3.43655323982, 4.27247142792, 5.10838985443, 5.94430828094, 6.78022670746, 7.61614513397, 8.45206356049, 9.27637195587, 10.1122903824, 10.9365987778, 11.7725172043, 12.6084346771, 13.4559631348, 14.2802715302, 15.1161899567, 15.9521083832, 16.7764167786, 17.6123352051, 18.4482536316, 19.2841720581, 20.1200904846, 20.94439888, 21.7803173065, 22.616235733, 23.4405441284, 24.2648525238, 25.1007709503, 25.9366893768, 26.7726078033, 27.6085262299, 28.4676647186, 29.3151912689, 30.1743297577, 31.0334682465, 31.8926067352],
