{
"metadata": {
    "version": {
        "essentia": "2.1-beta5",
        "essentia_git_sha": "Undefined",
        "extractor": "music 2.0"
    },
    "audio_properties": {
        "analysis": {
            "equal_loudness": 0,
            "length": 48.7502937317,
            "sample_rate": 44100,
            "start_time": 29.0017242432,
            "downmix": "mix"
        },
        "bit_rate": 192000,
        "length": 202.524459839,
        "lossless": 0,
        "number_channels": 2,
        "replay_gain": -6.11165046692,
        "sample_rate": 48000,
        "codec": "mp3",
        "md5_encoded": "c193952b77a364af89a4662e5b6f1df6"
    },
    "tags": {
        "file_name": "Albania_Ktheju Tokës_Jonida Maliqi.mp3",
        "encoding": ["Lavf58.29.100"]
    }
},
"lowlevel": {
    "average_loudness": 0.953622877598,
    "barkbands_crest": {
        "max": 24.7927417755,
        "mean": 10.8695354462,
        "min": 2.55794596672,
        "stdev": 3.91020917892
    },
    "barkbands_flatness_db": {
        "max": 0.377855151892,
        "mean": 0.160441070795,
        "min": 0.040160946548,
        "stdev": 0.0447281450033
    },
    "barkbands_kurtosis": {
        "max": 93.8547973633,
        "mean": 3.5233900547,
        "min": -1.71671879292,
        "stdev": 8.32648849487
    },
    "barkbands_skewness": {
        "max": 8.28756523132,
        "mean": 1.17282533646,
        "min": -0.884728133678,
        "stdev": 1.26784348488
    },
    "barkbands_spread": {
        "max": 110.530738831,
        "mean": 21.6985931396,
        "min": 1.54070460796,
        "stdev": 10.9720230103
    },
    "dissonance": {
        "max": 0.49977183342,
        "mean": 0.456987947226,
        "min": 0.23579865694,
        "stdev": 0.0294565409422
    },
    "dynamic_complexity": 2.2398788929,
    "erbbands_crest": {
        "max": 28.7366504669,
        "mean": 12.1943798065,
        "min": 2.79495358467,
        "stdev": 5.39836263657
    },
    "erbbands_flatness_db": {
        "max": 0.311370640993,
        "mean": 0.185046091676,
        "min": 0.0584236644208,
        "stdev": 0.0449849404395
    },
    "erbbands_kurtosis": {
        "max": 34.1426811218,
        "mean": 0.661490857601,
        "min": -1.60706007481,
        "stdev": 2.0769162178
    },
    "erbbands_skewness": {
        "max": 5.47810459137,
        "mean": 0.59344625473,
        "min": -2.41783356667,
        "stdev": 0.730154275894
    },
    "erbbands_spread": {
        "max": 128.691833496,
        "mean": 32.6353759766,
        "min": 6.61088037491,
        "stdev": 17.0518684387
    },
    "hfc": {
        "max": 91.075881958,
        "mean": 24.412689209,
        "min": 0.531329154968,
        "stdev": 15.9796724319
    },
    "loudness_ebu128": {
        "integrated": -16.9182682037,
        "loudness_range": 3.61271858215,
        "momentary": {
            "max": -13.9656715393,
            "mean": -17.2106742859,
            "min": -21.8661060333,
            "stdev": 1.63687038422
        },
        "short_term": {
            "max": -14.7638759613,
            "mean": -17.0802726746,
            "min": -19.2085208893,
            "stdev": 1.19043493271
        }
    },
    "melbands_crest": {
        "max": 29.6880149841,
        "mean": 14.0913047791,
        "min": 4.40089273453,
        "stdev": 4.2890291214
    },
    "melbands_flatness_db": {
        "max": 0.458586633205,
        "mean": 0.207382947206,
        "min": 0.0445677451789,
        "stdev": 0.0551949962974
    },
    "melbands_kurtosis": {
        "max": 252.97102356,
        "mean": 10.7617349625,
        "min": -1.19022142887,
        "stdev": 22.0276584625
    },
    "melbands_skewness": {
        "max": 12.8675813675,
        "mean": 1.99211871624,
        "min": -0.972316205502,
        "stdev": 1.84147679806
    },
    "melbands_spread": {
        "max": 99.5941238403,
        "mean": 25.8641414642,
        "min": 1.17791581154,
        "stdev": 13.6572570801
    },
    "pitch_salience": {
        "max": 0.811562478542,
        "mean": 0.452597975731,
        "min": 0.126785025001,
        "stdev": 0.0955022647977
    },
    "silence_rate_20dB": {
        "max": 1,
        "mean": 1,
        "min": 1,
        "stdev": 0
    },
    "silence_rate_30dB": {
        "max": 1,
        "mean": 1,
        "min": 1,
        "stdev": 0
    },
    "silence_rate_60dB": {
        "max": 1,
        "mean": 0.000951927679125,
        "min": 0,
        "stdev": 0.0308387931436
    },
    "spectral_centroid": {
        "max": 3450.40625,
        "mean": 1520.04638672,
        "min": 231.532531738,
        "stdev": 536.652893066
    },
    "spectral_complexity": {
        "max": 50,
        "mean": 17.2322711945,
        "min": 1,
        "stdev": 6.91578578949
    },
    "spectral_decrease": {
        "max": -2.01800284816e-10,
        "mean": -7.35654825945e-09,
        "min": -2.5594495412e-08,
        "stdev": 3.58902618736e-09
    },
    "spectral_energy": {
        "max": 0.10486035049,
        "mean": 0.0299796294421,
        "min": 0.000809833523817,
        "stdev": 0.0145089188591
    },
    "spectral_energyband_high": {
        "max": 0.00565611105412,
        "mean": 0.000518606742844,
        "min": 4.03748072131e-06,
        "stdev": 0.000563066452742
    },
    "spectral_energyband_low": {
        "max": 0.0602981187403,
        "mean": 0.0104861762375,
        "min": 5.14821986144e-05,
        "stdev": 0.008853379637
    },
    "spectral_energyband_middle_high": {
        "max": 0.0780597776175,
        "mean": 0.0113161010668,
        "min": 4.98586450703e-05,
        "stdev": 0.0115621518344
    },
    "spectral_energyband_middle_low": {
        "max": 0.0675047710538,
        "mean": 0.00878065824509,
        "min": 0.000135439855512,
        "stdev": 0.00766783300787
    },
    "spectral_entropy": {
        "max": 8.66116142273,
        "mean": 7.37265300751,
        "min": 6.13384819031,
        "stdev": 0.354498445988
    },
    "spectral_flux": {
        "max": 0.237301111221,
        "mean": 0.0894166976213,
        "min": 0.0210644546896,
        "stdev": 0.0347932316363
    },
    "spectral_kurtosis": {
        "max": 17.6478672028,
        "mean": 3.86151432991,
        "min": -1.003444314,
        "stdev": 1.85602843761
    },
    "spectral_rms": {
        "max": 0.0101144835353,
        "mean": 0.00524885347113,
        "min": 0.000888865324669,
        "stdev": 0.00130305171479
    },
    "spectral_rolloff": {
        "max": 11907.8613281,
        "mean": 1373.9473877,
        "min": 86.1328125,
        "stdev": 1087.76342773
    },
    "spectral_skewness": {
        "max": 2.76331353188,
        "mean": 1.37862300873,
        "min": 0.226829513907,
        "stdev": 0.278784304857
    },
    "spectral_spread": {
        "max": 18535666,
        "mean": 4078412.25,
        "min": 1650541.875,
        "stdev": 1358920.25
    },
    "spectral_strongpeak": {
        "max": 10.6880941391,
        "mean": 1.90045392513,
        "min": 0.028319010511,
        "stdev": 1.98658263683
    },
    "zerocrossingrate": {
        "max": 0.24951171875,
        "mean": 0.0541357733309,
        "min": 0.0068359375,
        "stdev": 0.0223062802106
    },
    "barkbands": {
        "max": [0.0013180206297, 0.0459595024586, 0.0329935327172, 0.0502996221185, 0.0235690660775, 0.0572443827987, 0.0108832530677, 0.00980312842876, 0.0343117378652, 0.037414830178, 0.065914042294, 0.0226827617735, 0.00593748269603, 0.0076227276586, 0.0131504647434, 0.00569830089808, 0.00265647098422, 0.00935119763017, 0.00908947456628, 0.00259926053695, 0.00148122245446, 0.00285725668073, 0.00123355851974, 0.000825332419481, 0.00267650140449, 0.00191169627942, 5.39681022929e-05],
        "mean": [4.40046678705e-05, 0.0060704452917, 0.00340409995988, 0.00171668350231, 0.00121255603153, 0.00131573528051, 0.000473348220112, 0.000397844502004, 0.00326290284283, 0.00190104497597, 0.00522583210841, 0.000527054362465, 0.000445300771389, 0.000438615417806, 0.000964733131696, 0.000240644483711, 0.000174424232682, 0.000560718413908, 0.000858853978571, 0.000313426717184, 0.000115229107905, 0.000135003836476, 7.66465382185e-05, 5.38638305443e-05, 3.07903319481e-05, 1.91414164874e-05, 6.61427975501e-07],
        "min": [7.3161039893e-08, 3.0731730476e-06, 6.02523095949e-06, 3.28701389662e-06, 1.98161819753e-06, 1.18880109312e-06, 1.18486207157e-06, 1.99351404717e-07, 1.92308925762e-06, 1.47527498484e-06, 1.84630653166e-06, 2.06705567507e-06, 1.65125607055e-06, 3.39472740052e-06, 2.16652460949e-06, 1.37138169976e-06, 1.63885590609e-06, 2.14936380871e-06, 1.7396836256e-06, 1.72363013462e-06, 8.79413619259e-07, 3.51887024408e-07, 8.90997711167e-08, 6.9081007581e-10, 8.47479655897e-11, 3.34043764871e-11, 4.04349713434e-11],
        "stdev": [8.85207628016e-05, 0.00596124492586, 0.00397738488391, 0.0033565973863, 0.00193270412274, 0.00249725254253, 0.00103628728539, 0.000987524166703, 0.00494401017204, 0.00337273906916, 0.00916373729706, 0.00150003319141, 0.00060360255884, 0.000757615605835, 0.00148439826444, 0.000411391840316, 0.000215646577999, 0.000825323630124, 0.00113246915862, 0.000323945394484, 0.000168298982317, 0.000167824415257, 9.23196566873e-05, 7.51480474719e-05, 0.000132241082611, 9.22529070522e-05, 3.46315368915e-06]
    },
    "erbbands": {
        "max": [0.819156527519, 12.2501573563, 33.8130950928, 102.064186096, 116.772605896, 87.3462905884, 98.5284881592, 651.375366211, 244.227355957, 81.0745239258, 559.651306152, 838.571105957, 849.09387207, 2410.70532227, 1177.88464355, 509.004455566, 318.141357422, 368.182250977, 403.877166748, 561.558654785, 256.320220947, 150.740036011, 313.631256104, 632.983276367, 304.360473633, 114.935333252, 78.8192443848, 54.6992301941, 129.061035156, 56.3664207458, 34.0565834045, 19.3401012421, 17.9228897095, 23.9524497986, 23.0572128296, 12.0278892517, 1.58574306965, 0.204696908593, 0.0102814575657, 0.000314856122714],
        "mean": [0.10883051157, 1.59817373753, 4.23432207108, 4.91900587082, 4.8198595047, 3.73359203339, 6.38695955276, 11.3934459686, 8.31051158905, 5.55057096481, 20.3852214813, 59.7154464722, 78.5959014893, 194.501480103, 76.9709701538, 18.9204444885, 20.0388774872, 23.681684494, 33.4137229919, 37.177280426, 13.8664684296, 10.8830127716, 28.666179657, 49.4708633423, 28.7335128784, 12.0064640045, 6.27158594131, 3.50102376938, 5.06263971329, 3.5803232193, 2.08746004105, 1.44647789001, 0.684644877911, 0.333598077297, 0.236039876938, 0.126279845834, 0.022372616455, 0.00287742679939, 0.000122156110592, 3.93350419472e-05],
        "min": [2.92597687803e-05, 0.00133089313749, 0.0141340671107, 0.0605543293059, 0.0194528046995, 0.00618402007967, 0.00779738277197, 0.0189401060343, 0.0530812554061, 0.0721526220441, 0.107575379312, 0.100596308708, 0.136610493064, 0.111879557371, 0.126874670386, 0.16245791316, 0.127408251166, 0.167893022299, 0.248404920101, 0.0664744451642, 0.0927168354392, 0.115913666785, 0.0939048156142, 0.102034963667, 0.0986426919699, 0.0766846686602, 0.0642170459032, 0.0183487087488, 0.0142641626298, 0.0146246971563, 0.00180657941382, 0.000163672215422, 2.86316553684e-05, 2.47154930548e-05, 1.04369046312e-05, 4.83585881739e-06, 2.69694896815e-06, 4.51055001349e-07, 1.76163302967e-06, 1.03615468561e-06],
        "stdev": [0.108604848385, 1.58314049244, 4.63670969009, 7.38026332855, 9.36047363281, 5.9087023735, 11.4025430679, 26.149597168, 18.6450481415, 9.0930519104, 53.9195785522, 103.234718323, 108.962165833, 306.912811279, 134.625808716, 38.3978843689, 25.7189884186, 34.3911972046, 45.9046554565, 58.3364143372, 20.8231639862, 13.1625041962, 35.1977157593, 64.7601318359, 34.7046585083, 11.3627605438, 8.49360370636, 4.86981630325, 6.88149118423, 4.10095262527, 2.54519510269, 1.73482358456, 1.24653422832, 1.13754808903, 1.17401754856, 0.635131180286, 0.0988851860166, 0.0128577174619, 0.000560876447707, 2.3465607228e-05]
    },
    "gfcc": {
        "mean": [3.61455655098, 103.749267578, -136.760482788, 47.5406150818, -54.9190979004, 28.1832466125, -19.7399673462, 15.3896780014, -21.7284202576, -10.4136857986, -11.0151691437, -4.67104196548, -7.24117565155],
        "cov": [[1655.97998047, -671.44732666, -178.994338989, -289.091430664, -20.6322288513, -24.9220943451, -62.4591293335, 155.015289307, -300.465820312, 80.0925064087, -252.284912109, 168.13861084, -111.484695435], [-671.44732666, 850.355957031, -38.155960083, 201.494140625, 0.906628489494, -91.3411254883, 97.6590576172, -163.804550171, 182.901733398, -151.405395508, 206.375396729, -180.778884888, 46.4937553406], [-178.994338989, -38.155960083, 901.874572754, 74.3147735596, -61.323059082, -23.4158344269, -222.498001099, -25.1852798462, -14.6225566864, 228.374694824, 0.081124342978, 81.9984283447, -85.1500473022], [-289.091430664, 201.494140625, 74.3147735596, 260.51171875, 34.8457603455, -1.88634085655, -17.3343410492, -70.8969268799, 90.2384109497, -45.5100326538, 73.8976364136, -46.0201568604, 56.3197784424], [-20.6322288513, 0.906628489494, -61.323059082, 34.8457603455, 182.485656738, 37.2198829651, 44.3850822449, 4.75886726379, -6.17877340317, -22.7884674072, -20.5816726685, 18.4696044922, 18.8897094727], [-24.9220943451, -91.3411254883, -23.4158344269, -1.88634085655, 37.2198829651, 152.791610718, 56.4154548645, 13.7137393951, -26.607416153, -15.6242408752, -18.2415561676, 13.86485672, 52.1731376648], [-62.4591293335, 97.6590576172, -222.498001099, -17.3343410492, 44.3850822449, 56.4154548645, 244.953598022, 9.08971691132, -5.54125452042, -82.5456314087, 13.310749054, -38.7840232849, 10.45175457], [155.015289307, -163.804550171, -25.1852798462, -70.8969268799, 4.75886726379, 13.7137393951, 9.08971691132, 143.317001343, -14.346370697, 33.0472793579, -42.2406806946, 11.072728157, -27.7482032776], [-300.465820312, 182.901733398, -14.6225566864, 90.2384109497, -6.17877340317, -26.607416153, -5.54125452042, -14.346370697, 195.731842041, -16.5160694122, 79.6871490479, -55.1408615112, 18.3401165009], [80.0925064087, -151.405395508, 228.374694824, -45.5100326538, -22.7884674072, -15.6242408752, -82.5456314087, 33.0472793579, -16.5160694122, 195.866012573, 3.23044586182, 79.9363632202, -65.7046585083], [-252.284912109, 206.375396729, 0.081124342978, 73.8976364136, -20.5816726685, -18.2415561676, 13.310749054, -42.2406806946, 79.6871490479, 3.23044586182, 159.224456787, -20.2610454559, 13.200674057], [168.13861084, -180.778884888, 81.9984283447, -46.0201568604, 18.4696044922, 13.86485672, -38.7840232849, 11.072728157, -55.1408615112, 79.9363632202, -20.2610454559, 164.361907959, 6.68338346481], [-111.484695435, 46.4937553406, -85.1500473022, 56.3197784424, 18.8897094727, 52.1731376648, 10.45175457, -27.7482032776, 18.3401165009, -65.7046585083, 13.200674057, 6.68338346481, 134.135620117]],
        "icov": [[0.00135490635876, 0.000309728900902, 0.000575031968765, -5.10428253619e-05, 0.00032151537016, 0.000396253250074, 0.000443204859039, -0.000507243617903, 0.00122333865147, 6.66068663122e-05, 0.000892087467946, -0.00082534662215, 0.000885039044078], [0.000309728900902, 0.00421895226464, -0.000964158447459, 0.000278926250758, -0.000895920791663, 0.00287452526391, -0.00181469833478, 0.00244096689858, -0.000849330506753, 0.00182717735879, -0.00328400824219, 0.0026134934742, -0.00107553205453], [0.000575031968765, -0.000964158447459, 0.00269105494954, -0.00138070073444, 0.000929221860133, -0.0013493844308, 0.00187789578922, -0.0003321673139, 0.00106984435115, -0.00240479153581, 0.00172345503233, -0.0012370988261, 0.00184688845184], [-5.10428253619e-05, 0.000278926250758, -0.00138070073444, 0.00710598379374, -0.00208152853884, 0.000531480647624, 0.000242876340053, 0.00189184607007, -0.00187660008669, 0.0014689139789, -0.0021453993395, 0.00164696294814, -0.00243515241891], [0.00032151537016, -0.000895920791663, 0.000929221860133, -0.00208152853884, 0.00708919670433, -0.00170768843964, -0.000383714097552, -0.00101632624865, 0.000402763253078, -0.000264997011982, 0.00250226189382, -0.00251255137846, 0.00122120941523], [0.000396253250074, 0.00287452526391, -0.0013493844308, 0.000531480647624, -0.00170768843964, 0.0116690667346, -0.00393282994628, 0.000450510648079, 0.000731511623599, 8.7706685008e-05, -0.00141195766628, 0.00208661961369, -0.00566749321297], [0.000443204859039, -0.00181469833478, 0.00187789578922, 0.000242876340053, -0.000383714097552, -0.00393282994628, 0.00773017620668, -0.00153667863924, 0.00130192213692, 0.00108731235377, 0.000300513755064, -0.00119823322166, 0.00313574098982], [-0.000507243617903, 0.00244096689858, -0.0003321673139, 0.00189184607007, -0.00101632624865, 0.000450510648079, -0.00153667863924, 0.0109291793779, -0.00239221006632, -0.000900192884728, -0.000356630655006, 0.00247284444049, -0.000126327722683], [0.00122333865147, -0.000849330506753, 0.00106984435115, -0.00187660008669, 0.000402763253078, 0.000731511623599, 0.00130192213692, -0.00239221006632, 0.00928535498679, -0.00123929791152, -0.00123773817904, 0.000679747492541, 5.19822897331e-05], [6.66068663122e-05, 0.00182717735879, -0.00240479153581, 0.0014689139789, -0.000264997011982, 8.7706685008e-05, 0.00108731235377, -0.000900192884728, -0.00123929791152, 0.0129453446716, -0.0037140736822, -0.00344237079844, 0.00405855150893], [0.000892087467946, -0.00328400824219, 0.00172345503233, -0.0021453993395, 0.00250226189382, -0.00141195766628, 0.000300513755064, -0.000356630655006, -0.00123773817904, -0.0037140736822, 0.0131919076666, -0.00308296945877, 0.0011795082828], [-0.00082534662215, 0.0026134934742, -0.0012370988261, 0.00164696294814, -0.00251255137846, 0.00208661961369, -0.00119823322166, 0.00247284444049, 0.000679747492541, -0.00344237079844, -0.00308296945877, 0.0122641157359, -0.0050083543174], [0.000885039044078, -0.00107553205453, 0.00184688845184, -0.00243515241891, 0.00122120941523, -0.00566749321297, 0.00313574098982, -0.000126327722683, 5.19822897331e-05, 0.00405855150893, 0.0011795082828, -0.0050083543174, 0.0146347535774]]
    },
    "melbands": {
        "max": [0.0103784203529, 0.0159048140049, 0.0171296298504, 0.0056948363781, 0.00293317926116, 0.0133058279753, 0.00354659347795, 0.000716012902558, 0.00602906802669, 0.00561484508216, 0.00418744981289, 0.00889671873301, 0.00499195791781, 0.00282194465399, 0.000861227221321, 0.000753608357627, 0.000664023449644, 0.000755502958782, 0.00147625687532, 0.000584698806051, 0.000414610025473, 0.000181602517841, 0.000156817040988, 0.000603170192335, 0.000563844281714, 0.000371768430341, 0.000134916161187, 6.46198459435e-05, 5.15338761033e-05, 4.29664978583e-05, 3.40020051226e-05, 8.43527304824e-05, 4.46543381258e-05, 2.72604065685e-05, 2.21558111662e-05, 1.13572932605e-05, 1.25689812194e-05, 1.52244247147e-05, 8.83695884113e-06, 2.55970917351e-05],
        "mean": [0.00138077349402, 0.00217745848931, 0.000855984166265, 0.000295937090414, 0.00020270323148, 0.000253162550507, 0.000125760416267, 5.21224428667e-05, 0.000207138029509, 0.000430331827374, 0.000377450662199, 0.000741167576052, 0.00043962764903, 6.34185707895e-05, 3.34261603712e-05, 5.62262139283e-05, 3.97983167204e-05, 4.15591784986e-05, 9.0102723334e-05, 1.96860873984e-05, 1.47357914102e-05, 1.06008110379e-05, 1.55022262334e-05, 3.01264499285e-05, 4.28377461503e-05, 2.83885037788e-05, 1.6052121282e-05, 5.83566952628e-06, 3.8767047954e-06, 2.74059243566e-06, 1.78253935701e-06, 2.90557886728e-06, 2.75109186987e-06, 1.65283677234e-06, 1.22096605537e-06, 1.01951127363e-06, 8.18052797058e-07, 5.21808885878e-07, 3.20726513792e-07, 2.63861181793e-07],
        "min": [4.70175933742e-07, 8.2972474047e-06, 1.23302188513e-05, 2.44563892693e-07, 2.2555468604e-07, 2.85579574211e-07, 4.8267480679e-07, 1.81998061066e-07, 3.36420612257e-07, 3.9223837689e-07, 2.49260182272e-07, 2.29978795119e-07, 3.54856268814e-07, 3.88596134826e-07, 2.40523007733e-07, 3.19347236655e-07, 2.70753105269e-07, 2.67928101039e-07, 1.16014909679e-07, 8.00835024961e-08, 6.67809771926e-08, 1.0287747898e-07, 9.34251218609e-08, 7.41217718314e-08, 6.7886475108e-08, 7.94258241399e-08, 5.26295877989e-08, 4.30293631837e-08, 1.42806957371e-08, 8.06977240586e-09, 6.0565561455e-09, 6.64967991781e-09, 7.54309503748e-09, 4.15011136568e-09, 8.09953271119e-10, 3.1347494045e-10, 8.91167261513e-12, 5.02315767106e-12, 1.91117672903e-12, 6.41253705951e-13],
        "stdev": [0.00134057400282, 0.00210035429336, 0.0013071707217, 0.000503902323544, 0.000335299904691, 0.000544512760825, 0.000268170144409, 8.67199050845e-05, 0.000591787742451, 0.000720342854038, 0.000568398914766, 0.00114160298835, 0.000768731231801, 0.000205675562029, 5.9702040744e-05, 7.72862113081e-05, 6.41266160528e-05, 7.08379302523e-05, 0.00014933788043, 3.58828328899e-05, 2.537239925e-05, 1.45808926391e-05, 1.94356489374e-05, 5.0442344218e-05, 5.92726937612e-05, 4.26073929702e-05, 1.8539134544e-05, 6.08181699135e-06, 5.27919200977e-06, 4.50616744274e-06, 2.69886800197e-06, 4.31032822235e-06, 3.30483749167e-06, 2.0617426344e-06, 1.66898689713e-06, 1.20474510368e-06, 1.07751907308e-06, 1.00249394563e-06, 6.68909819979e-07, 1.1033539522e-06]
    },
    "melbands128": {
        "max": [0.00131801399402, 0.00405243271962, 0.0169393327087, 0.025131393224, 0.02142152749, 0.0146890562028, 0.0218514222652, 0.0261652506888, 0.0126366661862, 0.00591930467635, 0.00516966264695, 0.00402014888823, 0.00492129847407, 0.00448473542929, 0.0145720448345, 0.0238716192544, 0.00538492901251, 0.00474925944582, 0.00251544918865, 0.000946877873503, 0.00127979693934, 0.00160873786081, 0.00899985432625, 0.0100761940703, 0.00826287362725, 0.0116696795449, 0.0132055375725, 0.00606461800635, 0.0111890090629, 0.00690661324188, 0.0180514343083, 0.0162154957652, 0.00834195129573, 0.00620693853125, 0.00790276192129, 0.00353671563789, 0.00288794282824, 0.00174602097832, 0.000732406741008, 0.00170092436019, 0.00134989363141, 0.00154100544751, 0.00130256568082, 0.000892228097655, 0.00136592413764, 0.00177008414175, 0.00155275443103, 0.00294058746658, 0.00210534082726, 0.00129490159452, 0.00122588058002, 0.000979476026259, 0.000582572363783, 0.000918383419048, 0.000417246308643, 0.000404507183703, 0.000305317516904, 0.000177496942342, 0.000290508352919, 0.000567728595342, 0.000891979027074, 0.00158345780801, 0.00164043158293, 0.00118651357479, 0.00102627114393, 0.00082102016313, 0.000350262736902, 0.000303868815536, 0.000268426840194, 0.000208126090001, 0.00010756667325, 8.10279816505e-05, 6.32130395388e-05, 7.95023152023e-05, 0.000107809304609, 6.96956849424e-05, 5.07077711518e-05, 3.19252903864e-05, 4.23988167313e-05, 4.34760950156e-05, 8.33023659652e-05, 0.00011307629029, 8.59584179125e-05, 4.91812388645e-05, 4.72350366181e-05, 3.70679190382e-05, 2.96048456221e-05, 3.69369117834e-05, 2.75229485851e-05, 2.0393234081e-05, 1.84379150596e-05, 1.22724213725e-05, 1.23528589029e-05, 1.72841864696e-05, 2.54022997979e-05, 2.18580826186e-05, 2.41969391936e-05, 1.05281078504e-05, 7.14311136107e-06, 1.27982693812e-05, 1.99165842787e-05, 3.12683114316e-05, 3.88867374568e-05, 4.48962455266e-05, 3.14497847285e-05, 3.65154592146e-05, 2.67784980679e-05, 5.13801096531e-05, 3.11211442749e-05, 1.89341681107e-05, 1.19079959404e-05, 1.29801665025e-05, 3.10904420076e-06, 2.76121932075e-06, 4.68748885396e-06, 2.91375363304e-06, 1.50133632815e-06, 1.41796454045e-06, 3.79448209742e-07, 3.94489092059e-07, 2.2466484495e-07, 1.2987014486e-07, 8.32063449252e-08, 6.42779296456e-09, 1.34373023819e-09, 1.3237554386e-09, 1.31430455408e-09, 1.30672328513e-09],
        "mean": [3.27492343786e-05, 0.00052063196199, 0.00203463784419, 0.0028620348312, 0.0025055159349, 0.00146231369581, 0.00101596442983, 0.000788666890003, 0.000448139966466, 0.000283649394987, 0.00018117838772, 0.000153347762534, 0.000225627940381, 0.000243025759119, 0.000251045741607, 0.000297333113849, 0.00015353699564, 8.7063126557e-05, 0.000102761703602, 4.69670267194e-05, 3.32809795509e-05, 4.565200652e-05, 0.000258999003563, 0.000351648195647, 0.000255337799899, 0.000558666535653, 0.000599767954554, 0.000250583689194, 0.000367160741007, 0.000190158141777, 0.00122880248819, 0.00122681318317, 0.00018322597316, 7.38561284379e-05, 9.51018810156e-05, 4.97539112985e-05, 2.87789207505e-05, 4.72172832815e-05, 1.80064471351e-05, 4.17176124756e-05, 7.49492537579e-05, 5.9870788391e-05, 3.9956310502e-05, 2.54329534073e-05, 4.0361257561e-05, 3.29323775077e-05, 4.50683764939e-05, 0.000156843612785, 7.07010985934e-05, 1.57850918185e-05, 1.85178614629e-05, 1.72775162355e-05, 1.54174358613e-05, 1.47644614117e-05, 1.04386654129e-05, 1.18541920529e-05, 8.4704515757e-06, 7.68568042986e-06, 1.67331945704e-05, 3.44553045579e-05, 2.97157112072e-05, 3.16325531458e-05, 2.13978710235e-05, 5.63753965253e-05, 6.44335887046e-05, 2.12853647099e-05, 9.17589659366e-06, 2.10847647395e-05, 1.96093551494e-05, 6.71022917231e-06, 5.26804296896e-06, 6.30702425042e-06, 2.98769577967e-06, 3.22355026583e-06, 5.12760198035e-06, 3.17562148666e-06, 1.42148451232e-06, 1.78047321242e-06, 1.95609095499e-06, 1.48078038364e-06, 3.00078045257e-06, 3.62033892998e-06, 2.3598381631e-06, 3.38365930475e-06, 2.25155849876e-06, 1.78342236268e-06, 1.47298283082e-06, 1.21200662306e-06, 1.3494243376e-06, 1.05049309695e-06, 1.09037910079e-06, 9.27324094846e-07, 1.09124925984e-06, 7.53941890252e-07, 7.95438040768e-07, 5.48686102775e-07, 5.03714829847e-07, 3.84804621945e-07, 3.21735228681e-07, 2.90813090942e-07, 2.56645478203e-07, 2.54842149161e-07, 2.76365568652e-07, 2.80311240886e-07, 2.69838352551e-07, 2.51898853776e-07, 2.49923488127e-07, 3.15242544957e-07, 2.60194468638e-07, 1.50330848214e-07, 9.03277168618e-08, 8.51884394137e-08, 5.53726309249e-08, 4.62116034328e-08, 3.97316561873e-08, 2.84295236241e-08, 1.58708228781e-08, 7.3474217821e-09, 3.0530256101e-09, 1.622225132e-09, 6.05201444515e-10, 2.65700572655e-10, 9.41959565903e-11, 7.41199376181e-12, 4.14555152359e-12, 3.99162690748e-12, 3.90318506682e-12, 3.87363058296e-12],
        "min": [4.82089612674e-09, 1.18005004879e-07, 1.4126122494e-07, 2.05617129723e-06, 4.24443805969e-06, 2.53152074947e-06, 3.50204913957e-06, 1.32905358896e-06, 3.39086852819e-07, 5.75052396812e-08, 5.7860859215e-08, 2.1957299623e-07, 1.39720413017e-07, 1.2579549491e-07, 1.94412564269e-07, 1.52382284568e-08, 1.53392974767e-07, 1.32941266884e-07, 4.77213504269e-08, 4.32649471804e-08, 4.07604012764e-08, 1.28275257083e-08, 1.58525622851e-07, 8.49860626317e-08, 2.22310816866e-07, 2.14237772411e-07, 1.22833696992e-07, 3.56967362336e-08, 2.0940761658e-07, 6.90045780516e-08, 8.34728410837e-08, 2.68885607113e-08, 1.18278478567e-07, 4.33903935004e-08, 6.98881166272e-08, 1.24925449541e-07, 1.32140058895e-07, 1.06832963809e-07, 4.81217057313e-08, 8.65465423772e-08, 1.06853242698e-07, 1.1628710439e-07, 7.08382899006e-08, 1.24030520965e-07, 6.90404675652e-08, 9.00776768731e-08, 2.06665760061e-07, 4.72211816316e-08, 3.94152195327e-08, 2.61092569787e-08, 2.20422844421e-08, 4.49622241661e-08, 4.08348910241e-08, 3.51262663401e-08, 3.44871082802e-08, 3.25083178154e-08, 3.0586761568e-08, 4.92837344268e-08, 6.04327823339e-08, 5.46169154347e-08, 2.18202327318e-08, 6.2633240816e-08, 4.65695038088e-08, 5.73392426872e-08, 7.86729188462e-08, 2.35314132624e-08, 2.57542733806e-08, 3.37122898486e-08, 3.00124298747e-08, 2.25008172094e-08, 1.06970876601e-08, 1.1840799452e-08, 3.60291774193e-09, 5.2747024526e-09, 3.32627769772e-09, 3.56469342933e-09, 3.8014373871e-09, 3.72237773938e-09, 1.37381994669e-09, 4.37555014443e-09, 3.52244655666e-09, 5.17807752232e-09, 9.71732916355e-09, 5.39123767851e-09, 5.32914290474e-09, 4.17200274327e-09, 2.622520201e-09, 1.18461418452e-09, 2.29414778841e-10, 4.47390402503e-10, 4.33593105864e-10, 3.99712068999e-11, 1.34656539391e-11, 1.06628221877e-11, 3.63563562936e-12, 1.77334752785e-12, 1.52599298215e-12, 1.07360073522e-12, 6.31083726943e-13, 3.38940111871e-13, 4.8838597012e-13, 3.10092690458e-13, 3.44456098844e-13, 3.51464137741e-13, 2.32757986062e-13, 1.53518202924e-13, 1.66332727214e-13, 1.6297695886e-13, 1.28104151636e-13, 1.36876485623e-13, 1.70014799765e-13, 1.56260312849e-13, 1.31055905603e-13, 1.46088870168e-13, 1.35274590466e-13, 1.37637514233e-13, 1.05934704097e-13, 1.16640055362e-13, 1.32253732163e-13, 1.1713588812e-13, 1.21694145104e-13, 1.25562456483e-13, 1.14149277053e-13, 1.22426157753e-13, 9.32256523497e-14, 3.83196553373e-14, 5.02464391234e-15, 2.4334610712e-16],
        "stdev": [7.3274015449e-05, 0.000579033454414, 0.00218299683183, 0.00307275773957, 0.00285475910641, 0.00175282533746, 0.00159184110817, 0.00171982287429, 0.000955835857894, 0.000502057664562, 0.000334255513735, 0.000319508137181, 0.000518859480508, 0.000425139238359, 0.000613191397861, 0.000980049953796, 0.000428433879279, 0.00028363178717, 0.000251903402386, 9.35283969739e-05, 7.92773280409e-05, 0.000118120879051, 0.000846108421683, 0.00114798930008, 0.000707435538061, 0.0012846197933, 0.00123053579591, 0.000517161679454, 0.00101773394272, 0.000459264207166, 0.00222400971688, 0.0023708564695, 0.000656372809317, 0.000335775956046, 0.000436100061052, 0.000196084583877, 9.15520140552e-05, 0.000105763770989, 4.34389294242e-05, 8.99512670003e-05, 0.000126015962451, 0.000139468422276, 9.55682262429e-05, 6.03499101999e-05, 0.000112683133921, 0.000104627506516, 0.000115613431262, 0.000290600175504, 0.000163523611263, 6.34209063719e-05, 4.69912120025e-05, 4.82216164528e-05, 3.94544258597e-05, 3.70262023353e-05, 1.9663511921e-05, 2.57472602243e-05, 1.52764350787e-05, 1.58741750056e-05, 3.00741121464e-05, 5.98048864049e-05, 7.36625297577e-05, 9.75371076493e-05, 7.19488307368e-05, 9.98740943032e-05, 0.00012299590162, 6.58539720462e-05, 2.35029219766e-05, 3.66953863704e-05, 2.81435986835e-05, 1.43100951391e-05, 7.14479301678e-06, 8.82313997863e-06, 4.86357475893e-06, 6.36093636786e-06, 1.08054982775e-05, 6.26082601229e-06, 2.977103577e-06, 3.14173917104e-06, 3.20992057823e-06, 2.81792176793e-06, 4.92358094561e-06, 6.56034262647e-06, 4.38136203229e-06, 4.48017271992e-06, 3.28819328388e-06, 2.79665505332e-06, 2.04894649869e-06, 2.55519489656e-06, 1.9990650344e-06, 1.49824325035e-06, 1.4404133708e-06, 1.3278491906e-06, 1.40356905831e-06, 1.16003081985e-06, 1.36283733809e-06, 1.15587272376e-06, 1.23558936593e-06, 8.24203482352e-07, 6.24664551196e-07, 7.67079143316e-07, 9.00448185348e-07, 1.22795745483e-06, 1.5007580032e-06, 1.86104955446e-06, 1.50234768626e-06, 1.31427179895e-06, 1.31295269057e-06, 1.65953645137e-06, 1.41785778851e-06, 9.43621330407e-07, 5.13677946401e-07, 4.74082924029e-07, 1.99130226974e-07, 1.93838857854e-07, 2.01676897404e-07, 1.48766787333e-07, 8.30176531963e-08, 5.31145261107e-08, 2.15084465793e-08, 1.757572754e-08, 8.04573829782e-09, 4.05826350303e-09, 2.07447103939e-09, 1.43343781289e-10, 2.96706652303e-11, 2.92340353314e-11, 2.90252665652e-11, 2.88582768793e-11]
    },
    "mfcc": {
        "mean": [-632.17791748, 119.773017883, -12.0789957047, 28.7983875275, -1.79966533184, 14.0944747925, 10.7802171707, 25.252532959, -4.08912944794, 14.4630527496, -1.66562962532, -12.3286447525, -5.93796110153],
        "cov": [[1672.17053223, -432.782775879, -422.145935059, -199.838821411, -147.918884277, -162.940811157, 76.4263687134, 31.8471984863, 67.3022842407, -79.2598342896, -119.087120056, -146.97253418, -34.7467536926], [-432.782775879, 574.355712891, 46.0061149597, 141.626876831, -57.0900382996, 47.3352584839, -42.0644950867, 31.9438533783, -147.763565063, 99.1002807617, 47.8920059204, 24.437702179, -28.4550647736], [-422.145935059, 46.0061149597, 751.094055176, 43.5394821167, 146.23046875, 7.06107378006, -82.3433456421, -200.045166016, -5.52516222, -98.0769958496, 105.281486511, 117.582054138, 44.5460357666], [-199.838821411, 141.626876831, 43.5394821167, 241.209487915, 39.6057281494, 55.2938842773, -49.0473403931, 17.5112285614, -64.8544998169, 31.3432254791, 14.123459816, 22.0423202515, 1.65878725052], [-147.918884277, -57.0900382996, 146.23046875, 39.6057281494, 245.718719482, -0.892731010914, -45.6156387329, -60.8132171631, 43.3560829163, -49.7428894043, 12.7530231476, 24.7239704132, 29.3875083923], [-162.940811157, 47.3352584839, 7.06107378006, 55.2938842773, -0.892731010914, 162.793838501, 33.0134162903, 22.3950233459, -7.3883228302, -11.5976867676, -19.7655754089, 9.2468996048, 19.5704669952], [76.4263687134, -42.0644950867, -82.3433456421, -49.0473403931, -45.6156387329, 33.0134162903, 179.122695923, 42.820148468, 38.8952903748, -2.76051831245, -30.7524185181, -48.5612335205, -8.67243862152], [31.8471984863, 31.9438533783, -200.045166016, 17.5112285614, -60.8132171631, 22.3950233459, 42.820148468, 171.826721191, 4.64343357086, 63.9009819031, -42.1863327026, -48.5905570984, -25.8994674683], [67.3022842407, -147.763565063, -5.52516222, -64.8544998169, 43.3560829163, -7.3883228302, 38.8952903748, 4.64343357086, 177.845962524, -48.8152122498, -37.2751045227, -25.5780086517, -0.75690048933], [-79.2598342896, 99.1002807617, -98.0769958496, 31.3432254791, -49.7428894043, -11.5976867676, -2.76051831245, 63.9009819031, -48.8152122498, 172.963424683, 40.1424102783, -7.63220834732, -44.2631263733], [-119.087120056, 47.8920059204, 105.281486511, 14.123459816, 12.7530231476, -19.7655754089, -30.7524185181, -42.1863327026, -37.2751045227, 40.1424102783, 148.687683105, 21.444065094, 12.4833278656], [-146.97253418, 24.437702179, 117.582054138, 22.0423202515, 24.7239704132, 9.2468996048, -48.5612335205, -48.5905570984, -25.5780086517, -7.63220834732, 21.444065094, 134.896514893, 35.5358314514], [-34.7467536926, -28.4550647736, 44.5460357666, 1.65878725052, 29.3875083923, 19.5704669952, -8.67243862152, -25.8994674683, -0.75690048933, -44.2631263733, 12.4833278656, 35.5358314514, 97.0778198242]],
        "icov": [[0.00114742713049, 0.000734130735509, 0.000486884062411, 5.28676173417e-05, 0.000597899488639, 0.00090086722048, -1.93499145098e-05, 0.0003884449834, 0.000419489922933, 0.000551682431251, 0.000358016404789, 0.000672307389323, 0.000103531958302], [0.000734130735509, 0.00312890205532, -5.75832746108e-05, -0.000856530794408, 0.000834545004182, 7.14150519343e-05, 0.000158940412803, -0.000128375584609, 0.00174579198938, -0.000387546111597, 6.80204466335e-05, 0.000413733388996, 0.000610585440882], [0.000486884062411, -5.75832746108e-05, 0.00265842000954, -0.00021604669746, -0.000411629356677, 0.000111012603156, -7.43831606087e-06, 0.00194069521967, -0.00018657259352, 0.00132156466134, -0.00117949617561, -0.000921274011489, 0.000650567875709], [5.28676173417e-05, -0.000856530794408, -0.00021604669746, 0.00618858309463, -0.00145042873919, -0.00188090815209, 0.00134684401564, -0.00114737183321, 0.00145865173545, -0.00040403206367, 0.000164845900144, 3.44185427821e-05, 0.000187077501323], [0.000597899488639, 0.000834545004182, -0.000411629356677, -0.00145042873919, 0.00596462283283, 0.000605834706221, 0.000994058442302, 0.0011487279553, -0.00147304718848, 0.000501822389197, 0.000212802173337, 0.000691422494128, -0.000923326122575], [0.00090086722048, 7.14150519343e-05, 0.000111012603156, -0.00188090815209, 0.000605834706221, 0.00859903357923, -0.00205581192859, -0.000674732960761, 0.000240291556111, 0.00114027841482, 0.00117922225036, -0.000181564872037, -0.00151940376963], [-1.93499145098e-05, 0.000158940412803, -7.43831606087e-06, 0.00134684401564, 0.000994058442302, -0.00205581192859, 0.00760737573728, -0.000773878302425, -0.00102799118031, -0.000125746999402, 0.000317742786137, 0.0019596493803, -0.000216826156247], [0.0003884449834, -0.000128375584609, 0.00194069521967, -0.00114737183321, 0.0011487279553, -0.000674732960761, -0.000773878302425, 0.0110131585971, -0.00117221241817, -0.00312200654298, 0.00218787672929, 0.00185263506137, -0.000504302443005], [0.000419489922933, 0.00174579198938, -0.00018657259352, 0.00145865173545, -0.00147304718848, 0.000240291556111, -0.00102799118031, -0.00117221241817, 0.0087762651965, 0.00135676073842, 0.00101045204792, 0.000853556441143, 0.000960129720625], [0.000551682431251, -0.000387546111597, 0.00132156466134, -0.00040403206367, 0.000501822389197, 0.00114027841482, -0.000125746999402, -0.00312200654298, 0.00135676073842, 0.0107290903106, -0.00384124112315, -0.00137510767672, 0.0041582765989], [0.000358016404789, 6.80204466335e-05, -0.00117949617561, 0.000164845900144, 0.000212802173337, 0.00117922225036, 0.000317742786137, 0.00218787672929, 0.00101045204792, -0.00384124112315, 0.00995892565697, 0.00120282673743, -0.00246803904884], [0.000672307389323, 0.000413733388996, -0.000921274011489, 3.44185427821e-05, 0.000691422494128, -0.000181564872037, 0.0019596493803, 0.00185263506137, 0.000853556441143, -0.00137510767672, 0.00120282673743, 0.0109412185848, -0.00349940336309], [0.000103531958302, 0.000610585440882, 0.000650567875709, 0.000187077501323, -0.000923326122575, -0.00151940376963, -0.000216826156247, -0.000504302443005, 0.000960129720625, 0.0041582765989, -0.00246803904884, -0.00349940336309, 0.0141490381211]]
    },
    "spectral_contrast_coeffs": {
        "max": [-0.515064954758, -0.345389187336, -0.41258007288, -0.549091458321, -0.506963610649, -0.498638093472],
        "mean": [-0.743398666382, -0.748196601868, -0.6766294837, -0.761637806892, -0.734930455685, -0.727327108383],
        "min": [-0.888455510139, -0.928184688091, -0.924024939537, -0.905478835106, -0.877222418785, -0.861857950687],
        "stdev": [0.0564637370408, 0.0861930772662, 0.101289153099, 0.0616493336856, 0.063223451376, 0.0503454133868]
    },
    "spectral_contrast_valleys": {
        "max": [-5.11017036438, -5.12253427505, -5.6957859993, -6.02113103867, -5.94787073135, -8.54747200012],
        "mean": [-6.52585792542, -7.07929229736, -7.33940601349, -7.65040683746, -7.68636512756, -10.6767520905],
        "min": [-8.80516338348, -9.22888374329, -9.31423187256, -9.34841442108, -9.31368923187, -15.4083433151],
        "stdev": [0.539782702923, 0.578831136227, 0.530182719231, 0.52290725708, 0.557867705822, 0.91393750906]
    }
},
"rhythm": {
    "beats_count": 94,
    "beats_loudness": {
        "max": 0.0829650461674,
        "mean": 0.0340012647212,
        "min": 0.00867028161883,
        "stdev": 0.0159846339375
    },
    "bpm": 116.98059845,
    "bpm_histogram_first_peak_bpm": 117,
    "bpm_histogram_first_peak_weight": 0.20454543829,
    "bpm_histogram_second_peak_bpm": 110,
    "bpm_histogram_second_peak_spread": 0.600000023842,
    "bpm_histogram_second_peak_weight": 0.0215053763241,
    "danceability": 1.04155266285,
    "onset_rate": 3.5888671875,
    "beats_loudness_band_ratio": {
        "max": [0.885256409645, 0.561827301979, 0.704361200333, 0.804264366627, 0.2895642519, 0.189911976457],
        "mean": [0.415488153696, 0.122337758541, 0.13846373558, 0.228969231248, 0.0751688331366, 0.0544510483742],
        "min": [0.0176444090903, 0.0107829524204, 0.00512914685532, 0.00468801613897, 0.00254937564023, 0.00878596492112],
        "stdev": [0.243076696992, 0.104783706367, 0.144348859787, 0.221242904663, 0.0617315545678, 0.0406505130231]
    },
