{
"metadata": {
    "version": {
        "essentia": "2.1-beta5",
        "essentia_git_sha": "Undefined",
        "extractor": "music 2.0"
    },
    "audio_properties": {
        "analysis": {
            "equal_loudness": 0,
            "length": 21.2114276886,
            "sample_rate": 44100,
            "start_time": 175.252609253,
            "downmix": "mix"
        },
        "bit_rate": 192000,
        "length": 196.48727417,
        "lossless": 0,
        "number_channels": 2,
        "replay_gain": -4.75370597839,
        "sample_rate": 48000,
        "codec": "mp3",
        "md5_encoded": "8fed367ba44bc518a17065e70834db3b"
    },
    "tags": {
        "file_name": "Russia_Scream_Sergey Lazarev.mp3",
        "encoding": ["Lavf58.29.100"]
    }
},
"lowlevel": {
    "average_loudness": 0.869320034981,
    "barkbands_crest": {
        "max": 24.0129356384,
        "mean": 8.93914031982,
        "min": 3.47823047638,
        "stdev": 2.96271729469
    },
    "barkbands_flatness_db": {
        "max": 0.338775068521,
        "mean": 0.198416858912,
        "min": 0.0490291751921,
        "stdev": 0.058089222759
    },
    "barkbands_kurtosis": {
        "max": 42.9256439209,
        "mean": 1.57473015785,
        "min": -1.27808558941,
        "stdev": 2.74837732315
    },
    "barkbands_skewness": {
        "max": 5.98494815826,
        "mean": 1.13536655903,
        "min": -0.212682664394,
        "stdev": 0.643961191177
    },
    "barkbands_spread": {
        "max": 40.9118652344,
        "mean": 14.2434864044,
        "min": 2.51522254944,
        "stdev": 8.06110954285
    },
    "dissonance": {
        "max": 0.500000119209,
        "mean": 0.480160951614,
        "min": 0.360931098461,
        "stdev": 0.0215578079224
    },
    "dynamic_complexity": 2.42809939384,
    "erbbands_crest": {
        "max": 23.2093582153,
        "mean": 9.89755344391,
        "min": 3.80614876747,
        "stdev": 3.72736048698
    },
    "erbbands_flatness_db": {
        "max": 0.402775347233,
        "mean": 0.265395820141,
        "min": 0.101835720241,
        "stdev": 0.070834197104
    },
    "erbbands_kurtosis": {
        "max": 7.46972370148,
        "mean": 0.908956348896,
        "min": -1.34812676907,
        "stdev": 1.30436229706
    },
    "erbbands_skewness": {
        "max": 2.51581716537,
        "mean": 0.916269898415,
        "min": -0.619657695293,
        "stdev": 0.513430118561
    },
    "erbbands_spread": {
        "max": 53.8059387207,
        "mean": 19.5305366516,
        "min": 7.27948141098,
        "stdev": 7.40430164337
    },
    "hfc": {
        "max": 100.276679993,
        "mean": 28.5859699249,
        "min": 0.00534057244658,
        "stdev": 15.6435518265
    },
    "loudness_ebu128": {
        "integrated": -17.9457874298,
        "loudness_range": 6.5559463501,
        "momentary": {
            "max": -15.1845035553,
            "mean": -18.9403553009,
            "min": -29.3160953522,
            "stdev": 3.32966566086
        },
        "short_term": {
            "max": -15.6198577881,
            "mean": -18.3742675781,
            "min": -25.1928882599,
            "stdev": 2.29520797729
        }
    },
    "melbands_crest": {
        "max": 32.2175712585,
        "mean": 11.5827856064,
        "min": 3.98117280006,
        "stdev": 3.91873693466
    },
    "melbands_flatness_db": {
        "max": 0.418458253145,
        "mean": 0.183415412903,
        "min": 0.0872126370668,
        "stdev": 0.0367593616247
    },
    "melbands_kurtosis": {
        "max": 76.2777175903,
        "mean": 4.98639917374,
        "min": -0.756454944611,
        "stdev": 5.37821531296
    },
    "melbands_skewness": {
        "max": 7.51684617996,
        "mean": 1.7196804285,
        "min": -0.365015000105,
        "stdev": 0.807339370251
    },
    "melbands_spread": {
        "max": 42.7917747498,
        "mean": 19.1321601868,
        "min": 1.96338772774,
        "stdev": 8.73102855682
    },
    "pitch_salience": {
        "max": 0.912294328213,
        "mean": 0.64928406477,
        "min": 0.235859632492,
        "stdev": 0.137797296047
    },
    "silence_rate_20dB": {
        "max": 1,
        "mean": 1,
        "min": 1,
        "stdev": 0
    },
    "silence_rate_30dB": {
        "max": 1,
        "mean": 0.997814178467,
        "min": 0,
        "stdev": 0.0467012375593
    },
    "silence_rate_60dB": {
        "max": 1,
        "mean": 0.0338797830045,
        "min": 0,
        "stdev": 0.180919736624
    },
    "spectral_centroid": {
        "max": 2552.91625977,
        "mean": 1665.07910156,
        "min": 341.018096924,
        "stdev": 307.003326416
    },
    "spectral_complexity": {
        "max": 42,
        "mean": 24.9519119263,
        "min": 0,
        "stdev": 6.39140939713
    },
    "spectral_decrease": {
        "max": -7.45544305545e-13,
        "mean": -7.0779715422e-09,
        "min": -3.60048986181e-08,
        "stdev": 4.90650631235e-09
    },
    "spectral_energy": {
        "max": 0.139365613461,
        "mean": 0.0293067507446,
        "min": 3.29826275447e-06,
        "stdev": 0.0196027439088
    },
    "spectral_energyband_high": {
        "max": 0.00267703644931,
        "mean": 0.000528297619894,
        "min": 4.34217128031e-07,
        "stdev": 0.000412571476772
    },
    "spectral_energyband_low": {
        "max": 0.112716302276,
        "mean": 0.00575958611444,
        "min": 1.13671330126e-08,
        "stdev": 0.0117183970287
    },
    "spectral_energyband_middle_high": {
        "max": 0.0547846704721,
        "mean": 0.0149483829737,
        "min": 7.71615475514e-07,
        "stdev": 0.00912271626294
    },
    "spectral_energyband_middle_low": {
        "max": 0.0483540967107,
        "mean": 0.00970127433538,
        "min": 2.02892829293e-06,
        "stdev": 0.00809281133115
    },
    "spectral_entropy": {
        "max": 8.23562717438,
        "mean": 7.64108896255,
        "min": 6.79994821548,
        "stdev": 0.159243255854
    },
    "spectral_flux": {
        "max": 0.319070458412,
        "mean": 0.0954147428274,
        "min": 0.024310644716,
        "stdev": 0.0369266085327
    },
    "spectral_kurtosis": {
        "max": 10.987578392,
        "mean": 4.24550485611,
        "min": 0.591174602509,
        "stdev": 1.61860775948
    },
    "spectral_rms": {
        "max": 0.0116604650393,
        "mean": 0.00501512223855,
        "min": 5.67258102819e-05,
        "stdev": 0.00185486231931
    },
    "spectral_rolloff": {
        "max": 3746.77734375,
        "mean": 1639.23010254,
        "min": 64.599609375,
        "stdev": 552.577697754
    },
    "spectral_skewness": {
        "max": 2.11956357956,
        "mean": 1.43695187569,
        "min": 0.717458248138,
        "stdev": 0.196823865175
    },
    "spectral_spread": {
        "max": 7092735.5,
        "mean": 3184607.25,
        "min": 2133974,
        "stdev": 695035.6875
    },
    "spectral_strongpeak": {
        "max": 10.4244680405,
        "mean": 1.43899822235,
        "min": 0.00202414742671,
        "stdev": 1.346829772
    },
    "zerocrossingrate": {
        "max": 0.0986328125,
        "mean": 0.064130268991,
        "min": 0.00634765625,
        "stdev": 0.0136650577188
    },
    "barkbands": {
        "max": [0.00425759516656, 0.105265013874, 0.0396092534065, 0.0201899893582, 0.0106004681438, 0.0110890343785, 0.0314199589193, 0.0151939261705, 0.0396634973586, 0.0444829650223, 0.0349774993956, 0.00645484030247, 0.00584973488003, 0.00729158520699, 0.021820133552, 0.00616294285282, 0.00671779876575, 0.00721253314987, 0.00441776122898, 0.00226306263357, 0.00118429702707, 0.00100966286846, 0.000779083813541, 0.000558923871722, 0.000404257676564, 0.000162707758136, 0.000136473958264],
        "mean": [0.000139316252898, 0.0047043482773, 0.000709067622665, 0.000310536910547, 0.000454444758361, 0.000687268562615, 0.00112527911551, 0.000574412290007, 0.0040003368631, 0.00578964641318, 0.00363293080591, 0.0013334864052, 0.00109736074228, 0.00117811234668, 0.000813756952994, 0.000367396482034, 0.000480699993204, 0.000681315315887, 0.000563218025491, 0.000261912296992, 0.000114330578072, 0.000151963235112, 8.59490901348e-05, 3.14640310535e-05, 1.33011553771e-05, 4.22047151005e-06, 6.66078449285e-07],
        "min": [4.26480517568e-11, 4.57104076812e-10, 1.35308031446e-09, 1.25732704248e-08, 1.26842877535e-07, 8.93899922971e-08, 1.7656910245e-07, 5.77403739044e-07, 9.40550251016e-07, 8.65010747475e-08, 6.32015186852e-08, 1.44532421587e-07, 5.52842784884e-08, 4.52602151313e-08, 5.4233364466e-08, 3.79105884463e-08, 9.4220297342e-08, 4.78109427604e-08, 1.15173229176e-07, 1.63977716738e-07, 1.37815476364e-07, 5.42928830782e-08, 8.00795163514e-08, 4.34079261424e-08, 1.82663872916e-09, 4.19204115865e-11, 5.05986572086e-11],
        "stdev": [0.000395042094169, 0.00973290484399, 0.00240378757007, 0.00113113643602, 0.000972962297965, 0.00144156313036, 0.00286653265357, 0.00107316707727, 0.00429508509114, 0.00630576256663, 0.0045667248778, 0.00113518163562, 0.000893053540494, 0.000888490583748, 0.00143710861448, 0.000505089410581, 0.000590884592384, 0.000704560487065, 0.000590293668211, 0.000260611908743, 8.07774267741e-05, 0.000151558764628, 0.000101397476101, 4.62565658381e-05, 2.84713460132e-05, 1.32209370349e-05, 6.3856732595e-06]
    },
    "erbbands": {
        "max": [4.18108320236, 20.7488079071, 38.2308731079, 68.8982925415, 25.0357913971, 38.0722808838, 90.1442260742, 80.3082504272, 290.952728271, 384.222503662, 231.107315063, 585.268981934, 1634.11499023, 1326.4967041, 950.640686035, 255.312759399, 282.563079834, 313.570068359, 582.032714844, 675.368652344, 301.144012451, 400.593017578, 373.886566162, 161.988311768, 222.846038818, 111.826339722, 53.3855209351, 31.342880249, 36.6783905029, 34.9767570496, 19.2084445953, 12.8450460434, 7.81246042252, 4.34099245071, 2.65949988365, 0.676091730595, 0.270387202501, 0.113333925605, 0.0280508231372, 0.000995904789306],
        "mean": [0.122441492975, 1.07765173912, 1.13501274586, 1.06391465664, 0.896538078785, 1.74797379971, 4.97561264038, 4.53511333466, 11.8594560623, 15.5448179245, 22.7841186523, 83.4538192749, 194.882034302, 151.356201172, 115.120857239, 54.6509437561, 50.7468719482, 62.9172172546, 47.7380905151, 32.7613258362, 21.3254795074, 27.1453380585, 40.3031044006, 27.7878723145, 26.0737686157, 12.3967533112, 6.04761838913, 4.43075799942, 5.44289970398, 4.42707395554, 2.29825949669, 0.930564284325, 0.401721358299, 0.181445792317, 0.0793460682034, 0.0256274025887, 0.00643645552918, 0.00113382586278, 0.000152395383338, 3.99934397137e-05],
        "min": [8.55191117921e-08, 7.13802080554e-07, 4.65711173092e-06, 6.97305731592e-05, 0.000148310617078, 0.000461290910607, 0.0005762357614, 0.000811268633697, 0.00186189403757, 0.00553601654246, 0.0165983363986, 0.0218525081873, 0.00846869964153, 0.000974764639977, 0.00446949573234, 0.00548956124112, 0.00298642995767, 0.00196939823218, 0.00286070490256, 0.0025271398481, 0.00226037320681, 0.00501505332068, 0.00266845664009, 0.00301306694746, 0.00784815941006, 0.00759577704594, 0.00962403230369, 0.00235780980438, 0.00162691855803, 0.00211288896389, 0.0025189826265, 0.00131369521841, 0.000526050862391, 0.000186241857591, 4.0275081119e-05, 1.06518800749e-05, 3.68665132555e-06, 1.06019092527e-06, 5.800752092e-07, 1.68989071625e-08],
        "stdev": [0.3058552742, 2.14235210419, 2.85401391983, 3.83923339844, 2.27951312065, 3.83735489845, 11.3961772919, 9.2709569931, 28.2282772064, 39.7996406555, 25.9819412231, 83.1816253662, 216.287216187, 156.518493652, 129.065994263, 42.0142402649, 39.1560287476, 46.6553421021, 46.276802063, 49.9767532349, 28.3127803802, 27.0051059723, 44.8762588501, 22.8440380096, 30.6478977203, 11.5218858719, 4.99465608597, 3.16172790527, 5.28830337524, 5.18934679031, 2.69785690308, 1.18145394325, 0.676542580128, 0.356819272041, 0.187165394425, 0.0679409727454, 0.0223016031086, 0.00614912528545, 0.00133577734232, 5.08150951646e-05]
    },
    "gfcc": {
        "mean": [-35.5706634521, 57.4057731628, -222.545593262, 1.2157740593, -86.2732315063, 18.8750495911, -18.1652927399, 8.87885761261, -15.5589132309, -18.1840610504, -10.1346035004, -13.9054470062, -5.21516084671],
        "cov": [[4258.81933594, 1754.85668945, 3091.54760742, 1305.78930664, 812.072814941, 271.928619385, 86.8297653198, 556.290405273, 116.871582031, 608.430175781, 289.736968994, 839.819946289, -133.460205078], [1754.85668945, 1839.6394043, 2190.65795898, 1216.8704834, 719.024108887, 295.902679443, 238.580200195, 274.270904541, 197.722061157, 301.659057617, 287.403167725, 427.690155029, 18.1717205048], [3091.54760742, 2190.65795898, 3704.84838867, 1688.97631836, 1084.57263184, 413.385681152, 66.2251052856, 541.946166992, 25.0228500366, 667.807983398, 237.698394775, 841.83581543, -143.759658813], [1305.78930664, 1216.8704834, 1688.97631836, 933.516967773, 549.187072754, 230.311203003, 91.7243728638, 229.39414978, 80.2172622681, 267.046112061, 168.801620483, 355.38269043, -19.7211837769], [812.072814941, 719.024108887, 1084.57263184, 549.187072754, 412.79309082, 180.244430542, 91.7378463745, 168.817321777, 33.7547607422, 185.68270874, 75.1078720093, 228.500289917, -30.3585987091], [271.928619385, 295.902679443, 413.385681152, 230.311203003, 180.244430542, 157.729415894, 104.841247559, 94.3028564453, 18.448923111, 67.6862792969, 32.934928894, 61.6307640076, 2.36365246773], [86.8297653198, 238.580200195, 66.2251052856, 91.7243728638, 91.7378463745, 104.841247559, 300.180297852, 55.8217010498, 100.485298157, -38.3939781189, 73.3652114868, -51.538066864, 33.0548591614], [556.290405273, 274.270904541, 541.946166992, 229.39414978, 168.817321777, 94.3028564453, 55.8217010498, 172.156829834, 13.0956172943, 132.024276733, 38.2309188843, 122.186790466, -27.0402565002], [116.871582031, 197.722061157, 25.0228500366, 80.2172622681, 33.7547607422, 18.448923111, 100.485298157, 13.0956172943, 140.20942688, -8.20549869537, 80.8320465088, -4.24427223206, 37.0970802307], [608.430175781, 301.659057617, 667.807983398, 267.046112061, 185.68270874, 67.6862792969, -38.3939781189, 132.024276733, -8.20549869537, 197.810958862, 35.6260757446, 187.795394897, -45.8208770752], [289.736968994, 287.403167725, 237.698394775, 168.801620483, 75.1078720093, 32.934928894, 73.3652114868, 38.2309188843, 80.8320465088, 35.6260757446, 115.423851013, 57.6113891602, 26.1108322144], [839.819946289, 427.690155029, 841.83581543, 355.38269043, 228.500289917, 61.6307640076, -51.538066864, 122.186790466, -4.24427223206, 187.795394897, 57.6113891602, 273.365386963, -32.7614822388], [-133.460205078, 18.1717205048, -143.759658813, -19.7211837769, -30.3585987091, 2.36365246773, 33.0548591614, -27.0402565002, 37.0970802307, -45.8208770752, 26.1108322144, -32.7614822388, 68.6697692871]],
        "icov": [[0.000964073347859, -0.000140820106026, -0.000686223967932, 0.000566026952583, 0.000792393286247, 7.29967505322e-05, -0.000143985380419, -0.00135300331749, -0.000707364815753, 0.00106693431735, -0.000510490615852, -0.00199906737544, 0.00085567496717], [-0.000140820106026, 0.00940148718655, -0.00417509116232, -0.00567576754838, -0.00198076572269, 0.00206123571843, -0.00171608582605, 0.00385967153125, -0.00408641993999, 0.00140296830796, -0.00431730039418, 0.00440365076065, -0.00484658032656], [-0.000686223967932, -0.00417509116232, 0.0072070597671, -0.00341406068765, -0.00124958483502, 0.000359237164957, -0.000425116304541, -0.00240316521376, 0.0043943375349, -0.00344165205024, 0.00357384234667, -0.0049793808721, 0.00416720239446], [0.000566026952583, -0.00567576754838, -0.00341406068765, 0.0176845192909, -0.00516051379964, -0.00405030092224, 0.00479656923562, -0.00151274295058, -0.000399137759814, 0.00353863160126, -0.00501741934568, 9.3727845524e-05, 1.62861761055e-05], [0.000792393286247, -0.00198076572269, -0.00124958483502, -0.00516051379964, 0.0215845480561, -0.00758295878768, -0.00350694078952, -3.57734897989e-05, -0.00179345486686, -0.00153174297884, 0.00714206974953, -0.00576662132517, 0.00392352370545], [7.29967505322e-05, 0.00206123571843, 0.000359237164957, -0.00405030092224, -0.00758295878768, 0.0207380391657, -0.0052432268858, -0.00338753662072, 0.00320359668694, -0.0035164556466, 0.00144774827641, 0.0043084686622, -0.00626301020384], [-0.000143985380419, -0.00171608582605, -0.000425116304541, 0.00479656923562, -0.00350694078952, -0.0052432268858, 0.0102767460048, -0.00423155073076, -0.0028545903042, 0.00603277189657, -0.00460177334026, 0.00310103339143, 0.00147562089842], [-0.00135300331749, 0.00385967153125, -0.00240316521376, -0.00151274295058, -3.57734897989e-05, -0.00338753662072, -0.00423155073076, 0.0213465504348, -0.00117646774743, -0.0110647128895, -0.000195652493858, 0.00523450179026, -0.00274884328246], [-0.000707364815753, -0.00408641993999, 0.0043943375349, -0.000399137759814, -0.00179345486686, 0.00320359668694, -0.0028545903042, -0.00117646774743, 0.0185220576823, -0.00395305594429, -0.0056148157455, 0.00031720334664, -0.00155834062025], [0.00106693431735, 0.00140296830796, -0.00344165205024, 0.00353863160126, -0.00153174297884, -0.0035164556466, 0.00603277189657, -0.0110647128895, -0.00395305594429, 0.0287785660475, -0.005480857566, -0.00918754003942, 0.00673567829654], [-0.000510490615852, -0.00431730039418, 0.00357384234667, -0.00501741934568, 0.00714206974953, 0.00144774827641, -0.00460177334026, -0.000195652493858, -0.0056148157455, -0.005480857566, 0.027587113902, -0.00565711921081, -0.00237562065013], [-0.00199906737544, 0.00440365076065, -0.0049793808721, 9.3727845524e-05, -0.00576662132517, 0.0043084686622, 0.00310103339143, 0.00523450179026, 0.00031720334664, -0.00918754003942, -0.00565711921081, 0.0266441758722, -0.00901633221656], [0.00085567496717, -0.00484658032656, 0.00416720239446, 1.62861761055e-05, 0.00392352370545, -0.00626301020384, 0.00147562089842, -0.00274884328246, -0.00155834062025, 0.00673567829654, -0.00237562065013, -0.00901633221656, 0.0283321477473]]
    },
    "melbands": {
        "max": [0.033183708787, 0.0165318381041, 0.0100829685107, 0.00222121970728, 0.00238921912387, 0.00155274092685, 0.00526487128809, 0.0043237679638, 0.00148766860366, 0.00494525302202, 0.00824610423297, 0.00556924380362, 0.00379737955518, 0.000986782484688, 0.00077105499804, 0.000676888972521, 0.000690373941325, 0.000529050361365, 0.00213143555447, 0.00067851820495, 0.000510751095135, 0.000571802724153, 0.0005459721433, 0.000317004189128, 0.000138746225275, 0.000247711344855, 0.000140796866617, 5.65661939618e-05, 5.07200311404e-05, 3.45827575075e-05, 1.9237442757e-05, 2.33350583585e-05, 3.26042209053e-05, 2.33011178352e-05, 1.25076312543e-05, 8.96456731425e-06, 7.24566780264e-06, 5.6941485127e-06, 5.43354371985e-06, 3.54063126906e-06],
        "mean": [0.00125596136786, 0.000885598768946, 0.000169472725247, 9.18687946978e-05, 0.000147712838952, 0.000108862819616, 0.000207351375138, 0.000152782318764, 0.000223572453251, 0.000583318062127, 0.000982076628134, 0.00060786458198, 0.000447086320492, 0.000176495654159, 0.000114536494948, 0.000111994457257, 0.000118784853839, 7.70185652073e-05, 6.32201772532e-05, 2.82815981336e-05, 2.52926474786e-05, 2.73814021057e-05, 3.54423136741e-05, 3.01773579849e-05, 2.17071446968e-05, 2.08679939533e-05, 1.31620754473e-05, 7.44718408896e-06, 4.18977697336e-06, 2.6016305128e-06, 2.48999845098e-06, 2.94563506031e-06, 3.18926845466e-06, 2.11305973608e-06, 1.4333031686e-06, 8.13243673292e-07, 4.58995941699e-07, 2.9496700904e-07, 1.98710594645e-07, 1.37266908951e-07],
        "min": [1.86524989898e-10, 1.05751296609e-09, 2.22839950936e-08, 2.6092378036e-08, 2.08387032075e-08, 1.83998185577e-08, 3.02433811328e-08, 7.1560997128e-08, 1.48972929992e-07, 1.33127784352e-07, 3.79194915467e-08, 2.31243069138e-09, 1.16745608736e-08, 1.66058171658e-08, 1.26736576789e-08, 2.96598212657e-09, 4.01151334373e-09, 4.42932357458e-09, 4.20156265335e-09, 3.13818926401e-09, 2.504416452e-09, 5.41578781821e-09, 4.13729539517e-09, 1.67351188463e-09, 2.190243098e-09, 5.12954922982e-09, 5.40594191634e-09, 4.8244128692e-09, 7.26877003032e-09, 2.94153035263e-09, 9.38451649724e-10, 9.47113165672e-10, 9.64663349201e-10, 1.20311949292e-09, 1.56448376476e-09, 1.0974930964e-09, 6.85303369607e-10, 4.17043038992e-10, 2.15111869289e-11, 1.77225976949e-11],
        "stdev": [0.00275708455592, 0.00180122477468, 0.000571363139898, 0.000206846103538, 0.000322219653754, 0.000219747191295, 0.000507685355842, 0.000388174143154, 0.000256622879533, 0.000612567644566, 0.00109949847683, 0.00064085359918, 0.000535953440703, 0.000143222801853, 0.000100968194602, 9.72029520199e-05, 9.32220573304e-05, 6.37352495687e-05, 0.000140039599501, 4.18353447458e-05, 4.22636912845e-05, 3.31882802129e-05, 4.07715961046e-05, 3.25512082782e-05, 1.94168042071e-05, 2.62607318291e-05, 1.45632220665e-05, 8.12022608443e-06, 4.74374246551e-06, 1.91561571228e-06, 2.15477894017e-06, 2.87927696263e-06, 3.87640056942e-06, 2.5882668524e-06, 1.76961032139e-06, 1.01447483303e-06, 6.22108814241e-07, 4.88803777898e-07, 4.19840063159e-07, 2.811128752e-07]
    },
    "melbands128": {
        "max": [0.00404678145424, 0.0341999270022, 0.0509224459529, 0.0280482508242, 0.0177762322128, 0.0195250324905, 0.0161488875747, 0.00721047911793, 0.00227350508794, 0.00242332788184, 0.00233623897657, 0.00222050608136, 0.00404150504619, 0.00446737231687, 0.00295517104678, 0.00262615969405, 0.00254288758151, 0.00769597571343, 0.0122269596905, 0.00616431608796, 0.00525062950328, 0.00382007379085, 0.00201991386712, 0.00373019301333, 0.00360019342043, 0.00684340111911, 0.0138681326061, 0.016000168398, 0.00874302908778, 0.0077197002247, 0.00638418691233, 0.0112124076113, 0.0063318060711, 0.00543551472947, 0.00146214803681, 0.00122003443539, 0.00125045352615, 0.00119294389151, 0.000926085980609, 0.00120526412502, 0.00123952317517, 0.00142698700074, 0.00107360235415, 0.00111541338265, 0.000673151342198, 0.000560020504054, 0.00112953025382, 0.00458632688969, 0.000950904679485, 0.00143930828199, 0.00111678440589, 0.000177325375262, 0.000594020704739, 0.00131614611018, 0.000713008106686, 0.00116919900756, 0.000247656658757, 0.000552121608052, 0.00128919805866, 0.000755730492529, 0.000544709328096, 0.000319547660183, 0.000240337481955, 0.000250382290687, 0.000362489721738, 0.000461364747025, 0.000363930186722, 0.000334108277457, 0.000233346727327, 0.000228948585573, 0.000103352394945, 0.000106091611087, 0.000141328622703, 6.52734743198e-05, 3.42163002642e-05, 3.48714638676e-05, 4.12356021116e-05, 1.78183690878e-05, 3.4054126445e-05, 2.84616489807e-05, 2.41085272137e-05, 6.00845523877e-05, 4.41040065198e-05, 5.97899961576e-05, 4.93483457831e-05, 3.9138525608e-05, 3.41802551702e-05, 1.40103611557e-05, 1.88627473108e-05, 1.85981443792e-05, 1.44416426338e-05, 1.1043678569e-05, 1.31885781229e-05, 8.1585967564e-06, 7.87236513133e-06, 7.76130946178e-06, 5.04966328663e-06, 8.14470604382e-06, 9.00584018382e-06, 4.56867655885e-06, 3.49803144672e-06, 4.32059368904e-06, 4.38481538367e-06, 3.22492610394e-06, 2.78612060356e-06, 3.66091671822e-06, 3.01488944388e-06, 1.61723176006e-06, 1.17573290481e-06, 1.67171810972e-06, 1.51470203491e-06, 7.59916417792e-07, 7.80470656991e-07, 8.68897473083e-07, 9.67948949437e-07, 1.02623960174e-06, 6.17972716555e-07, 1.51672782067e-06, 8.11832876479e-07, 9.9809585663e-07, 1.04679133983e-06, 7.03040427652e-07, 5.3475656614e-07, 7.24435977872e-08, 6.22724441457e-11, 6.52552942237e-11, 6.63627486297e-11, 6.75427214158e-11],
        "mean": [0.000128468396724, 0.000779878522735, 0.00196765153669, 0.00174685730599, 0.000763645337429, 0.000323239597492, 0.00023370681447, 0.000119185824587, 7.18606752343e-05, 0.000102989048173, 9.52322297962e-05, 8.52652810863e-05, 0.00020126986783, 0.000181929426617, 8.31189972814e-05, 8.49197094794e-05, 0.000101251847809, 0.00024779123487, 0.000340164435329, 0.000142130709719, 8.30026983749e-05, 8.97737336345e-05, 0.00022397187422, 0.000380784185836, 0.000426596438047, 0.000701176410075, 0.000883354630787, 0.0012440449791, 0.00084897846682, 0.000509792356752, 0.000596733822022, 0.000621645129286, 0.000462292897282, 0.000332170282491, 0.000179444396053, 0.000150804436998, 0.000125082791783, 0.000116391915071, 0.000104356855445, 0.000107526502688, 0.000119506345072, 0.000107517043944, 0.000124017620692, 0.000133011621074, 8.0287019955e-05, 6.6419626819e-05, 6.53259266983e-05, 8.89840448508e-05, 4.60128030682e-05, 3.27997549903e-05, 3.16831719829e-05, 1.57009344548e-05, 1.90387563634e-05, 3.3732259908e-05, 3.15714787575e-05, 2.47312036663e-05, 2.56980947597e-05, 2.56659295701e-05, 4.17156734329e-05, 5.14654057042e-05, 2.60271281149e-05, 1.87848290807e-05, 2.08114524867e-05, 2.52882200584e-05, 1.91741237359e-05, 1.81836603588e-05, 2.62954035861e-05, 1.60830750247e-05, 1.03813863461e-05, 7.73457486503e-06, 7.40552923162e-06, 7.5812608884e-06, 5.87000249652e-06, 3.15313741339e-06, 2.79662708635e-06, 2.89919557872e-06, 2.22758512791e-06, 2.46086165134e-06, 2.82845849142e-06, 2.12076270145e-06, 2.49586355494e-06, 3.61487491318e-06, 3.2691659726e-06, 3.25297378367e-06, 3.07267850985e-06, 2.40234248849e-06, 1.80986830856e-06, 1.41880764204e-06, 1.60754677836e-06, 1.30143155275e-06, 8.30417604902e-07, 7.42616634852e-07, 6.37090010969e-07, 4.32941703821e-07, 3.72484947775e-07, 3.31290266331e-07, 2.78132205267e-07, 2.45381812647e-07, 2.10743621665e-07, 1.68209865592e-07, 1.46177683291e-07, 1.38818506912e-07, 1.17024846702e-07, 1.06019534485e-07, 9.20911062963e-08, 7.26980360355e-08, 6.18278761522e-08, 5.19099465635e-08, 4.30645314964e-08, 3.30379243962e-08, 2.6437808387e-08, 2.31079670954e-08, 1.86315798345e-08, 1.5695391653e-08, 1.30009594201e-08, 1.02573345373e-08, 5.92263660337e-09, 6.11221162572e-09, 5.61315927072e-09, 4.3280730111e-09, 3.24478310887e-09, 3.05165381853e-09, 1.58819790652e-09, 1.15948466106e-10, 3.44641090839e-12, 3.27558379726e-12, 3.17535754635e-12, 3.14918902587e-12],
        "min": [3.4972584724e-12, 5.10409336324e-12, 1.13895198828e-10, 1.70731817573e-10, 4.47137493698e-10, 7.18212544992e-10, 1.00150865379e-09, 3.22121085361e-09, 1.25791899119e-09, 4.06190947544e-09, 1.40281013472e-08, 1.66879026153e-08, 1.98882119662e-08, 1.6382299961e-08, 1.01883728121e-08, 1.97515905853e-08, 2.47042386547e-08, 3.00438216527e-08, 3.87318017658e-08, 5.5516117925e-08, 8.70082814686e-08, 1.23590382373e-07, 1.59711532888e-07, 1.7300688171e-07, 1.57705912329e-07, 1.18957444784e-07, 7.0812625097e-08, 3.12960324322e-08, 8.10781042304e-09, 7.50356665691e-10, 6.95381308091e-10, 3.46961148701e-09, 1.07300843766e-08, 1.89605380285e-08, 1.95591347563e-08, 1.47384042748e-08, 1.35940343426e-08, 1.48312011561e-08, 1.15389608979e-08, 4.56639481783e-09, 5.84114812074e-10, 7.73617114813e-10, 3.76696451809e-09, 6.48580478213e-09, 4.05958289207e-09, 2.98880986627e-09, 6.23890272777e-09, 5.30639665541e-09, 2.29835261933e-09, 3.38054628735e-09, 3.62466834325e-09, 2.639116925e-09, 1.60038315933e-09, 1.81366788254e-09, 5.9201621383e-09, 5.54111689866e-09, 5.30895682971e-09, 5.99873972718e-09, 3.27211036044e-09, 1.47984324794e-09, 5.97446592199e-10, 2.82681034136e-09, 2.81790568657e-09, 1.69825686847e-09, 1.63054436619e-09, 4.36762004341e-09, 8.80755024468e-09, 5.45851452927e-09, 4.14776302193e-09, 6.21232310039e-09, 3.6098271039e-09, 4.07580680317e-09, 8.53705017789e-09, 8.26272206211e-09, 5.80995340727e-09, 3.34749938879e-09, 1.64057156748e-09, 4.7721659957e-10, 8.56644477576e-10, 1.41737688253e-09, 1.09870590403e-09, 6.8204775161e-10, 7.35012495312e-10, 7.53673456977e-10, 1.55939361424e-09, 1.09958109284e-09, 9.17970532921e-10, 1.61768276552e-09, 1.56064849932e-09, 1.75670566982e-09, 1.14740839052e-09, 9.58403467699e-10, 9.2168239707e-10, 6.52912557353e-10, 5.6450683017e-10, 3.04048813904e-10, 4.68882849214e-11, 2.55554154227e-11, 1.97324274975e-11, 1.87918812455e-11, 3.81721217135e-12, 3.86475573766e-12, 1.66809730091e-12, 7.40808293615e-13, 2.06717645388e-13, 2.33500583235e-13, 1.78209213337e-13, 2.0615697734e-13, 2.02481382897e-13, 2.14367518419e-13, 1.55960341213e-13, 1.91622840642e-13, 1.21692708536e-13, 1.51508119202e-13, 1.47955215787e-13, 1.46151821656e-13, 1.776319841e-13, 1.41439689279e-13, 1.55871016506e-13, 1.24026629895e-13, 1.54314820471e-13, 1.69798528536e-13, 1.57360886474e-13, 9.2442982048e-15, 8.88822249443e-15, 1.84081452203e-14, 7.43088790912e-15, 2.12972299725e-16],
        "stdev": [0.000372185866581, 0.00233301497065, 0.00439207162708, 0.00339882681146, 0.00176497129723, 0.00116888980847, 0.000907188223209, 0.000420395313995, 0.000205016011023, 0.000263461406576, 0.000234689185163, 0.000208753175684, 0.000484083226183, 0.000469451479148, 0.000234703125898, 0.000233786777244, 0.000258206477156, 0.000691082677804, 0.000989201012999, 0.000441349402536, 0.00031473589479, 0.000209585268749, 0.000320924475091, 0.000544226844795, 0.000532927515451, 0.000936660042498, 0.00130357197486, 0.00178518949542, 0.00120409450028, 0.000749673461542, 0.000852133962326, 0.0012018638663, 0.000714588793926, 0.000556339567993, 0.000214365602005, 0.000172750151251, 0.000142874036101, 0.000146257763845, 0.000116620401968, 0.000120182929095, 0.000138321338454, 0.000131105669425, 0.000135698806844, 0.000147062004544, 8.31017678138e-05, 7.81518974691e-05, 8.93153046491e-05, 0.000312001939164, 8.10593628557e-05, 6.31608345429e-05, 7.09254672984e-05, 1.81751584023e-05, 3.65481100744e-05, 8.84100663825e-05, 5.74489677092e-05, 4.71942985314e-05, 3.03677388729e-05, 3.72893409804e-05, 7.90993144619e-05, 8.19757042336e-05, 4.1952211177e-05, 2.4136290449e-05, 2.18237310037e-05, 3.4964603401e-05, 2.84942907456e-05, 3.46671404259e-05, 4.94891719427e-05, 2.52718400588e-05, 1.43105489769e-05, 1.17114104796e-05, 1.13017777039e-05, 1.2905674339e-05, 1.23760637507e-05, 3.72300769413e-06, 2.5335839382e-06, 2.82367909676e-06, 2.12073814509e-06, 2.3642294309e-06, 3.60034960067e-06, 2.45629871642e-06, 2.54020937973e-06, 5.52422670808e-06, 5.03934643348e-06, 5.07202094013e-06, 4.58773274659e-06, 3.76542516278e-06, 2.80921267404e-06, 1.82493420198e-06, 2.41461225414e-06, 1.84193788755e-06, 1.22427184124e-06, 1.05813126083e-06, 1.03269348983e-06, 6.01350848228e-07, 5.57030148229e-07, 5.65580762668e-07, 4.8874295544e-07, 5.6092522982e-07, 5.16726288424e-07, 3.45089119946e-07, 2.91874869163e-07, 3.06953779727e-07, 2.71954803566e-07, 2.51592524592e-07, 2.3002803573e-07, 2.08473750263e-07, 1.81646498731e-07, 1.44973881788e-07, 1.20595714748e-07, 1.17772543717e-07, 9.76605463165e-08, 8.25110220148e-08, 7.10584870944e-08, 6.77479334854e-08, 6.02820833251e-08, 5.89864797007e-08, 3.757841327e-08, 6.19540330149e-08, 5.17966576297e-08, 4.75512607068e-08, 4.52743940116e-08, 3.60427385715e-08, 2.20248050908e-08, 2.47425191446e-09, 5.24136723606e-12, 5.2251150455e-12, 5.2034162569e-12, 5.19611263738e-12]
    },
    "mfcc": {
        "mean": [-639.752380371, 80.5591049194, -76.383140564, -23.0588474274, -39.5515441895, -5.36041259766, -2.34185147285, 17.31782341, -1.90784502029, 6.38111066818, 0.582085072994, -9.07584571838, -10.0732955933],
        "cov": [[2549.9831543, 1000.37341309, 1489.62866211, 924.452087402, 611.309265137, 197.412658691, 163.490020752, 313.819122314, -42.7927207947, 121.68296051, 264.027740479, 98.7464370728, 393.668273926], [1000.37341309, 1274.27258301, 1547.47875977, 1086.97546387, 726.961120605, 392.395690918, 271.567474365, 296.91305542, 40.0843467712, 110.33719635, 252.621490479, 120.859237671, 325.32409668], [1489.62866211, 1547.47875977, 2281.96679688, 1472.50036621, 1079.4810791, 471.135437012, 341.305236816, 335.458282471, 9.32166004181, 93.2860565186, 331.012329102, 142.701370239, 470.865844727], [924.452087402, 1086.97546387, 1472.50036621, 1059.26318359, 724.823303223, 347.839019775, 223.913650513, 249.365859985, 11.1180925369, 76.6174545288, 220.94052124, 101.937591553, 318.953308105], [611.309265137, 726.961120605, 1079.4810791, 724.823303223, 624.071411133, 241.582809448, 142.066314697, 135.04826355, 13.5837306976, 9.53579807281, 147.284744263, 76.0564804077, 252.19039917], [197.412658691, 392.395690918, 471.135437012, 347.839019775, 241.582809448, 205.130935669, 130.025314331, 116.406707764, 41.3472518921, 39.740020752, 77.6910552979, 45.0541305542, 90.2546615601], [163.490020752, 271.567474365, 341.305236816, 223.913650513, 142.066314697, 130.025314331, 216.551727295, 120.635162354, 59.8893089294, 79.8408279419, 81.9750137329, 23.7497901917, 30.5077610016], [313.819122314, 296.91305542, 335.458282471, 249.365859985, 135.04826355, 116.406707764, 120.635162354, 153.777404785, 43.1889305115, 71.7060546875, 80.9109268188, 29.2157478333, 61.3610153198], [-42.7927207947, 40.0843467712, 9.32166004181, 11.1180925369, 13.5837306976, 41.3472518921, 59.8893089294, 43.1889305115, 95.2749938965, 24.7197284698, 23.0507583618, 15.9104223251, 3.04776191711], [121.68296051, 110.33719635, 93.2860565186, 76.6174545288, 9.53579807281, 39.740020752, 79.8408279419, 71.7060546875, 24.7197284698, 114.115692139, 54.803943634, 16.0843505859, 3.62901186943], [264.027740479, 252.621490479, 331.012329102, 220.94052124, 147.284744263, 77.6910552979, 81.9750137329, 80.9109268188, 23.0507583618, 54.803943634, 111.047485352, 37.332485199, 76.7031784058], [98.7464370728, 120.859237671, 142.701370239, 101.937591553, 76.0564804077, 45.0541305542, 23.7497901917, 29.2157478333, 15.9104223251, 16.0843505859, 37.332485199, 58.0119819641, 55.3608207703], [393.668273926, 325.32409668, 470.865844727, 318.953308105, 252.19039917, 90.2546615601, 30.5077610016, 61.3610153198, 3.04776191711, 3.62901186943, 76.7031784058, 55.3608207703, 184.59715271]],
        "icov": [[0.000963425263762, -1.51717385961e-05, -0.000870694464538, 0.000564848363865, 0.000300281768432, 0.00103297363967, 0.000418845767854, -0.00193344417494, 0.000670685549267, -0.000227212993195, -0.000105950493889, 0.000185010751011, -0.00114274863154], [-1.51717385961e-05, 0.00842475704849, -0.00216698343866, -0.00542433746159, 0.00185816350859, -0.00278447335586, 0.000780072237831, -0.00162977806758, -0.000874546763953, -0.000565100344829, -0.000919503567275, -0.0016648467863, 0.000227438504226], [-0.000870694464538, -0.00216698343866, 0.007464395836, -0.0046723857522, -0.00401586480439, 0.00132012460381, -0.00309076299891, 0.00217319559306, 0.00127563311253, 0.00124595977832, -0.00192538357805, 0.000996642629616, -0.000206193784834], [0.000564848363865, -0.00542433746159, -0.0046723857522, 0.0176842492074, -0.00473283743486, -0.00273899314925, 0.00247069541365, -0.00476775271818, 0.00354993715882, -0.00212418287992, 0.000838199979626, 0.00160519382916, -0.00214729295112], [0.000300281768432, 0.00185816350859, -0.00401586480439, -0.00473283743486, 0.0134515138343, -0.0026343818754, -0.000355852767825, 0.00368156679906, -0.00247662118636, 0.00291822571307, -0.000439270050265, 0.000119851712952, -0.00361781637184], [0.00103297363967, -0.00278447335586, 0.00132012460381, -0.00273899314925, -0.0026343818754, 0.0190965794027, -0.00422533880919, -0.00551789207384, -0.00143852364272, 0.00186316494364, 0.00277392333373, -0.00403442466632, 0.000908570247702], [0.000418845767854, 0.000780072237831, -0.00309076299891, 0.00247069541365, -0.000355852767825, -0.00422533880919, 0.0134451445192, -0.0045206733048, -0.00343983387575, -0.00396404275671, -0.00202554091811, 0.00115381844807, 0.00380994542502], [-0.00193344417494, -0.00162977806758, 0.00217319559306, -0.00476775271818, 0.00368156679906, -0.00551789207384, -0.0045206733048, 0.0252651832998, -0.00529620144516, -0.00390077615157, -0.00275556789711, 0.00229977513663, 0.000326481647789], [0.000670685549267, -0.000874546763953, 0.00127563311253, 0.00354993715882, -0.00247662118636, -0.00143852364272, -0.00343983387575, -0.00529620144516, 0.0168235935271, 0.000634934112895, -0.00155847426504, -0.00231690937653, -0.00180864008144], [-0.000227212993195, -0.000565100344829, 0.00124595977832, -0.00212418287992, 0.00291822571307, 0.00186316494364, -0.00396404275671, -0.00390077615157, 0.000634934112895, 0.0175346285105, -0.00651293434203, -0.00225967704318, 0.00205526594073], [-0.000105950493889, -0.000919503567275, -0.00192538357805, 0.000838199979626, -0.000439270050265, 0.00277392333373, -0.00202554091811, -0.00275556789711, -0.00155847426504, -0.00651293434203, 0.0247294567525, -0.00499107688665, -0.00282093416899], [0.000185010751011, -0.0016648467863, 0.000996642629616, 0.00160519382916, 0.000119851712952, -0.00403442466632, 0.00115381844807, 0.00229977513663, -0.00231690937653, -0.00225967704318, -0.00499107688665, 0.0290209464729, -0.00846942607313], [-0.00114274863154, 0.000227438504226, -0.000206193784834, -0.00214729295112, -0.00361781637184, 0.000908570247702, 0.00380994542502, 0.000326481647789, -0.00180864008144, 0.00205526594073, -0.00282093416899, -0.00846942607313, 0.0191512219608]]
    },
    "spectral_contrast_coeffs": {
        "max": [-0.551275789738, -0.5307970047, -0.542459666729, -0.670576453209, -0.651097476482, -0.50341296196],
        "mean": [-0.751341342926, -0.714695394039, -0.734059333801, -0.795735418797, -0.775063216686, -0.717795670033],
        "min": [-0.893028080463, -0.911393105984, -0.910565137863, -0.934694647789, -0.931034505367, -0.858746528625],
        "stdev": [0.0550023019314, 0.0712352842093, 0.0645649582148, 0.0394907183945, 0.0465695858002, 0.0368087626994]
    },
    "spectral_contrast_valleys": {
        "max": [-5.19372844696, -5.21644163132, -4.95624351501, -5.81446647644, -6.24422645569, -8.63507175446],
        "mean": [-8.79895687103, -7.07706451416, -6.21939611435, -6.83880805969, -7.07740688324, -10.4651861191],
        "min": [-12.3108348846, -9.54608917236, -10.7251110077, -10.9865627289, -10.1970539093, -14.6683912277],
        "stdev": [1.93491315842, 0.746450901031, 0.565867900848, 0.475487798452, 0.392924278975, 0.609065115452]
    }
},
"rhythm": {
    "beats_count": 57,
    "beats_loudness": {
        "max": 0.0715588331223,
        "mean": 0.0306251700968,
        "min": 0.00228772126138,
        "stdev": 0.0180027410388
    },
    "bpm": 184.570327759,
    "bpm_histogram_first_peak_bpm": 185,
    "bpm_histogram_first_peak_weight": 0,
    "bpm_histogram_second_peak_bpm": 161,
    "bpm_histogram_second_peak_spread": 0,
    "bpm_histogram_second_peak_weight": 0.160714283586,
    "danceability": 0.824578583241,
    "onset_rate": 1.08372795582,
    "beats_loudness_band_ratio": {
        "max": [0.9497859478, 0.176680237055, 0.612566113472, 0.738671183586, 0.522875130177, 0.108616389334],
        "mean": [0.163363456726, 0.0241219960153, 0.283441543579, 0.396137416363, 0.134215191007, 0.0441991016269],
        "min": [2.30680761888e-05, 0.000112013876787, 0.0157739575952, 0.0318751484156, 0.00264951074496, 0.00288166408427],
        "stdev": [0.246118888259, 0.0422831848264, 0.147212773561, 0.157453522086, 0.109107747674, 0.022861842066]
    },
    "beats_position": [0.255419492722, 0.580498874187, 0.905578196049, 1.23065757751, 1.55573689938, 1.90403628349, 2.22911548615, 2.55419492722, 2.87927436829, 3.20435357094, 3.52943301201, 3.84290242195, 4.15637159348, 4.49306106567, 4.81814050674, 5.15482997894, 5.47990942001, 5.81659841537, 6.13006782532, 6.45514726639, 6.79183673859, 7.12852573395, 7.50004529953, 7.87156438828, 8.23147392273, 8.60299301147, 8.96290206909, 9.33442115784, 9.70594120026, 10.0658502579, 10.4257593155, 10.7972784042, 11.1687984467, 11.5403175354, 11.9118366241, 12.2601356506, 12.6200447083, 12.9799547195, 13.3398637772, 13.6881628036, 14.0480718613, 14.3963718414, 14.756280899, 15.1626300812, 15.5689792633, 15.9753284454, 16.4165077209, 16.8460769653, 17.2756462097, 17.7168254852, 18.1463947296, 18.575963974, 19.0171432495, 19.458322525, 19.8994998932, 20.3406791687, 20.7818584442],
