{
"metadata": {
    "version": {
        "essentia": "2.1-beta5",
        "essentia_git_sha": "Undefined",
        "extractor": "music 2.0"
    },
    "audio_properties": {
        "analysis": {
            "equal_loudness": 0,
            "length": 12.7477550507,
            "sample_rate": 44100,
            "start_time": 0,
            "downmix": "mix"
        },
        "bit_rate": 192000,
        "length": 196.963272095,
        "lossless": 0,
        "number_channels": 2,
        "replay_gain": 0.734579086304,
        "sample_rate": 48000,
        "codec": "mp3",
        "md5_encoded": "93c3a5506c9e669a4b4aa371354f347a"
    },
    "tags": {
        "file_name": "Moldova_Stay_Anna Odobescu.mp3",
        "encoding": ["Lavf58.29.100"]
    }
},
"lowlevel": {
    "average_loudness": 0.911109864712,
    "barkbands_crest": {
        "max": 23.8942070007,
        "mean": 10.136305809,
        "min": 3.23680377007,
        "stdev": 4.91546487808
    },
    "barkbands_flatness_db": {
        "max": 0.360291659832,
        "mean": 0.185293182731,
        "min": 0.0522472672164,
        "stdev": 0.0743630155921
    },
    "barkbands_kurtosis": {
        "max": 47.9249458313,
        "mean": 3.62419080734,
        "min": -1.88679170609,
        "stdev": 6.48735427856
    },
    "barkbands_skewness": {
        "max": 5.98379707336,
        "mean": 0.996920585632,
        "min": -2.78336143494,
        "stdev": 1.35556030273
    },
    "barkbands_spread": {
        "max": 136.216415405,
        "mean": 19.7645587921,
        "min": 1.54368042946,
        "stdev": 22.7973613739
    },
    "dissonance": {
        "max": 0.5,
        "mean": 0.470898985863,
        "min": 0.370793223381,
        "stdev": 0.025051375851
    },
    "dynamic_complexity": 3.9086022377,
    "erbbands_crest": {
        "max": 25.2725296021,
        "mean": 10.1419401169,
        "min": 2.46172738075,
        "stdev": 4.53211069107
    },
    "erbbands_flatness_db": {
        "max": 0.34307512641,
        "mean": 0.230598941445,
        "min": 0.0293336901814,
        "stdev": 0.0702741891146
    },
    "erbbands_kurtosis": {
        "max": 6.72595500946,
        "mean": 1.15679717064,
        "min": -1.81141352654,
        "stdev": 1.57821369171
    },
    "erbbands_skewness": {
        "max": 2.68805456161,
        "mean": 0.759994208813,
        "min": -2.61107087135,
        "stdev": 0.76325905323
    },
    "erbbands_spread": {
        "max": 110.344009399,
        "mean": 27.5244464874,
        "min": 7.54655694962,
        "stdev": 23.361038208
    },
    "hfc": {
        "max": 1160.84643555,
        "mean": 63.438457489,
        "min": 1.32872033119,
        "stdev": 152.545349121
    },
    "loudness_ebu128": {
        "integrated": -22.9154624939,
        "loudness_range": 5.38203620911,
        "momentary": {
            "max": -16.8390750885,
            "mean": -24.8022022247,
            "min": -34.2687301636,
            "stdev": 4.24283361435
        },
        "short_term": {
            "max": -20.5732078552,
            "mean": -23.8568267822,
            "min": -28.169254303,
            "stdev": 2.18874788284
        }
    },
    "melbands_crest": {
        "max": 26.7814559937,
        "mean": 12.7148752213,
        "min": 3.60627269745,
        "stdev": 5.45536470413
    },
    "melbands_flatness_db": {
        "max": 0.457176625729,
        "mean": 0.216890722513,
        "min": 0.0817965641618,
        "stdev": 0.10444765538
    },
    "melbands_kurtosis": {
        "max": 71.2435760498,
        "mean": 6.72433233261,
        "min": -1.61671996117,
        "stdev": 8.85298156738
    },
    "melbands_skewness": {
        "max": 7.73060131073,
        "mean": 1.682949543,
        "min": -0.496171206236,
        "stdev": 1.24167358875
    },
    "melbands_spread": {
        "max": 289.788360596,
        "mean": 30.7563037872,
        "min": 1.83628344536,
        "stdev": 44.7803497314
    },
    "pitch_salience": {
        "max": 0.860754907131,
        "mean": 0.622199416161,
        "min": 0.249147504568,
        "stdev": 0.130445793271
    },
    "silence_rate_20dB": {
        "max": 1,
        "mean": 1,
        "min": 1,
        "stdev": 0
    },
    "silence_rate_30dB": {
        "max": 1,
        "mean": 0.992727279663,
        "min": 0,
        "stdev": 0.0849698185921
    },
    "silence_rate_60dB": {
        "max": 1,
        "mean": 0.0709090903401,
        "min": 0,
        "stdev": 0.256672769785
    },
    "spectral_centroid": {
        "max": 6362.22167969,
        "mean": 1401.10949707,
        "min": 268.129394531,
        "stdev": 989.255249023
    },
    "spectral_complexity": {
        "max": 43,
        "mean": 19.1800003052,
        "min": 1,
        "stdev": 9.38889026642
    },
    "spectral_decrease": {
        "max": 2.16059081737e-09,
        "mean": -5.52639001228e-09,
        "min": -3.08185050812e-08,
        "stdev": 5.03122787876e-09
    },
    "spectral_energy": {
        "max": 0.121737323701,
        "mean": 0.0266119297594,
        "min": 0.00109283486381,
        "stdev": 0.0227950550616
    },
    "spectral_energyband_high": {
        "max": 0.0957370251417,
        "mean": 0.00399594288319,
        "min": 6.34470438854e-07,
        "stdev": 0.0125193251297
    },
    "spectral_energyband_low": {
        "max": 0.0687873661518,
        "mean": 0.00369389308617,
        "min": 2.03791785225e-07,
        "stdev": 0.00835162866861
    },
    "spectral_energyband_middle_high": {
        "max": 0.0576880052686,
        "mean": 0.00810570735484,
        "min": 0.000258909800323,
        "stdev": 0.0101266149431
    },
    "spectral_energyband_middle_low": {
        "max": 0.0843498557806,
        "mean": 0.0116260079667,
        "min": 0.000124692334794,
        "stdev": 0.0113506689668
    },
    "spectral_entropy": {
        "max": 8.72156143188,
        "mean": 7.50412797928,
        "min": 6.14930295944,
        "stdev": 0.592458486557
    },
    "spectral_flux": {
        "max": 0.258060753345,
        "mean": 0.0772111341357,
        "min": 0.0187146216631,
        "stdev": 0.0467149540782
    },
    "spectral_kurtosis": {
        "max": 46.3687515259,
        "mean": 6.60634565353,
        "min": -1.25505244732,
        "stdev": 7.07321453094
    },
    "spectral_rms": {
        "max": 0.0108980787918,
        "mean": 0.00461611710489,
        "min": 0.00103256013244,
        "stdev": 0.00215738662519
    },
    "spectral_rolloff": {
        "max": 18152.4902344,
        "mean": 3076.1550293,
        "min": 215.33203125,
        "stdev": 4375.82421875
    },
    "spectral_skewness": {
        "max": 4.39061594009,
        "mean": 1.6952008009,
        "min": 0.301222264767,
        "stdev": 0.640165328979
    },
    "spectral_spread": {
        "max": 18543226,
        "mean": 4594068,
        "min": 1076087.5,
        "stdev": 4326302
    },
    "spectral_strongpeak": {
        "max": 60.6682281494,
        "mean": 3.51471424103,
        "min": 0,
        "stdev": 8.3493938446
    },
    "zerocrossingrate": {
        "max": 0.4970703125,
        "mean": 0.0994451344013,
        "min": 0.00927734375,
        "stdev": 0.123967930675
    },
    "barkbands": {
        "max": [0.0106763280928, 0.0620211735368, 0.0208923257887, 0.0331269837916, 0.0335280969739, 0.0128058418632, 0.0128332506865, 0.0126124117523, 0.0465553551912, 0.0423945859075, 0.0140559142455, 0.00870980042964, 0.0212636571378, 0.00777156930417, 0.0116692129523, 0.00147117523011, 0.00197801110335, 0.00134542991873, 0.000810601632111, 0.000720679818187, 0.000967069237959, 0.0022575466428, 0.000886499183252, 0.00169302418362, 0.0739968121052, 0.034713614732, 0.0351317822933],
        "mean": [0.000223150243983, 0.00209240056574, 0.000897006655578, 0.00111773610115, 0.00287728197873, 0.00098091037944, 0.000574125209823, 0.000753476808313, 0.00462016509846, 0.0031500312034, 0.00105743866879, 0.000922245031688, 0.00127655139659, 0.000815926876385, 0.00049496506108, 0.0001441843051, 0.000215050327824, 0.000187753408682, 0.000159332354087, 0.000110932531243, 8.7741194875e-05, 8.07753676781e-05, 5.77657046961e-05, 0.000121374767332, 0.00196492532268, 0.0011106437305, 0.000518040847965],
        "min": [3.09921643904e-10, 1.06336450756e-08, 1.47618450796e-08, 9.66976330119e-08, 2.61849709204e-06, 7.74063664721e-07, 2.98646523333e-06, 6.1910363911e-06, 1.06994821181e-05, 3.02320495393e-06, 9.18376008485e-06, 6.67996619086e-06, 1.44635132528e-05, 1.07046862468e-05, 7.22903541828e-06, 1.34555637032e-06, 3.27968064084e-06, 2.93596508527e-06, 3.63531421499e-06, 2.14886972572e-06, 1.01718164558e-07, 1.67723956945e-09, 1.61367141871e-10, 9.5868764316e-11, 1.08063280546e-10, 1.47620193847e-10, 1.85808118891e-10],
        "stdev": [0.000755401444621, 0.00540501344949, 0.00238770665601, 0.00272824964486, 0.00640746951103, 0.00145543715917, 0.00114827719517, 0.00118579156697, 0.00845863111317, 0.00569607224315, 0.001697860891, 0.0013026612578, 0.00227163429372, 0.00115948263556, 0.000933698262088, 0.000172152605955, 0.000261656037765, 0.00023326864175, 0.00017638434656, 0.000120298194815, 0.000103270002, 0.000157562273671, 9.76299998001e-05, 0.000272114906693, 0.00753090763465, 0.00411941530183, 0.00239385548048]
    },
    "erbbands": {
        "max": [1.07991790771, 16.3949489594, 20.1876850128, 75.0014648438, 93.7935943604, 96.1992645264, 150.460601807, 88.641242981, 256.782562256, 177.922943115, 166.196411133, 1442.09729004, 842.34765625, 1399.03625488, 318.316131592, 438.679870605, 892.039855957, 415.355499268, 308.86428833, 458.901306152, 96.4909439087, 99.026473999, 80.1644058228, 56.9769668579, 39.4968185425, 27.1347770691, 36.60962677, 30.496339798, 68.9590454102, 53.0457954407, 22.0832748413, 50.3422622681, 50.4818763733, 1260.10473633, 240.690826416, 90.306022644, 132.038482666, 12.4751224518, 7.96889209747, 0.292567640543],
        "mean": [0.0649001151323, 0.448271483183, 1.02700018883, 2.62078070641, 8.51365375519, 8.01453399658, 6.11721372604, 9.05126571655, 9.1857919693, 10.8330001831, 27.0118083954, 128.32611084, 78.6700515747, 97.9113845825, 33.6950645447, 41.7463684082, 58.2960739136, 46.7172546387, 31.4310188293, 17.981842041, 9.14168071747, 11.8216094971, 10.6723737717, 8.747838974, 7.27355146408, 5.35408115387, 4.04895973206, 3.00919032097, 2.7132127285, 2.73914051056, 1.52805685997, 2.91335558891, 2.57851815224, 32.1133079529, 7.31573390961, 2.81543016434, 3.11931085587, 0.363623261452, 0.111543186009, 0.00548703223467],
        "min": [2.80282932863e-07, 6.38981464363e-06, 6.2507140683e-05, 0.000323146872688, 0.00209823879413, 0.00767295295373, 0.0063291634433, 0.00598346814513, 0.0385278984904, 0.190647959709, 0.388792365789, 0.245703265071, 0.197042360902, 0.580998122692, 0.5708091259, 0.296745300293, 0.936029016972, 0.747266113758, 0.551705300808, 0.262934327126, 0.124770656228, 0.209223031998, 0.164688125253, 0.19622887671, 0.201494410634, 0.0811876654625, 0.0117385983467, 0.00339527637698, 0.000343280960806, 4.11560795328e-05, 1.69334525708e-05, 1.13940777737e-05, 8.97281734069e-06, 6.87314059178e-06, 4.05796981795e-06, 2.74840522252e-06, 1.57299291459e-06, 4.04939981991e-07, 8.3956990693e-07, 1.44696900861e-06],
        "stdev": [0.161839783192, 1.23934650421, 2.45378518105, 6.98357486725, 17.9793300629, 17.2621326447, 10.9835758209, 13.4605522156, 21.46717453, 16.7911891937, 33.7592926025, 253.2293396, 133.723342896, 165.16444397, 42.8306999207, 59.9642105103, 101.512702942, 64.8854904175, 40.9460525513, 34.9759979248, 10.9437351227, 14.0296678543, 12.9432601929, 10.0571327209, 8.06409072876, 5.67660331726, 4.74997329712, 3.51157975197, 4.83852577209, 5.56122159958, 2.42971205711, 7.13082027435, 6.6742401123, 125.338226318, 26.5296554565, 9.56207847595, 13.3012952805, 1.24470591545, 0.535026609898, 0.0267875380814]
    },
    "gfcc": {
        "mean": [-44.3850898743, 112.105522156, -159.605987549, 7.79974079132, -59.4593238831, 7.13584709167, -15.242846489, -3.23981881142, -16.6190185547, -8.1730222702, -9.16986083984, -11.9065990448, -5.10847234726],
        "cov": [[7219.02001953, -5198.35400391, 2261.23583984, -281.175598145, 37.2609024048, 2160.8527832, -444.474700928, 1678.09777832, 15.6861515045, 628.02166748, -13.9064874649, 386.951263428, 212.935165405], [-5198.35400391, 7956.65380859, -1327.26916504, 957.869445801, 609.03137207, -2260.49267578, 1131.9173584, -1826.44812012, 335.327148438, -770.788208008, 99.579750061, -518.811889648, -233.649017334], [2261.23583984, -1327.26916504, 3264.94580078, -489.13973999, 770.444885254, -84.3927001953, -268.819458008, 203.084777832, -291.614929199, 501.290863037, -75.9951477051, 491.42376709, 4.97750425339], [-281.175598145, 957.869445801, -489.13973999, 511.65145874, -59.9257583618, 26.9504814148, 152.958190918, -177.940673828, 155.409011841, -191.315002441, 38.6497840881, -157.156463623, -60.9563980103], [37.2609024048, 609.03137207, 770.444885254, -59.9257583618, 477.740386963, -343.939422607, 92.4224090576, -161.975784302, -84.3734970093, 83.5705490112, -52.4353752136, 78.9424133301, -31.5225982666], [2160.8527832, -2260.49267578, -84.3927001953, 26.9504814148, -343.939422607, 1156.29211426, -211.515838623, 746.690063477, 50.8107223511, 152.230773926, 39.2773246765, 52.8238449097, 90.8447494507], [-444.474700928, 1131.9173584, -268.819458008, 152.958190918, 92.4224090576, -211.515838623, 340.160919189, -165.042907715, 129.897903442, -113.622283936, 33.40442276, -77.5425567627, -22.3845291138], [1678.09777832, -1826.44812012, 203.084777832, -177.940673828, -161.975784302, 746.690063477, -165.042907715, 643.05871582, -18.8609752655, 202.008651733, 5.93508195877, 91.5089797974, 102.677528381], [15.6861515045, 335.327148438, -291.614929199, 155.409011841, -84.3734970093, 50.8107223511, 129.897903442, -18.8609752655, 179.173583984, -88.1020202637, 54.7699890137, -70.1396789551, -4.23816728592], [628.02166748, -770.788208008, 501.290863037, -191.315002441, 83.5705490112, 152.230773926, -113.622283936, 202.008651733, -88.1020202637, 205.540435791, -23.7680416107, 137.837417603, 15.8015480042], [-13.9064874649, 99.579750061, -75.9951477051, 38.6497840881, -52.4353752136, 39.2773246765, 33.40442276, 5.93508195877, 54.7699890137, -23.7680416107, 85.2751083374, -9.46333217621, 26.2158432007], [386.951263428, -518.811889648, 491.42376709, -157.156463623, 78.9424133301, 52.8238449097, -77.5425567627, 91.5089797974, -70.1396789551, 137.837417603, -9.46333217621, 173.829620361, -0.0155193246901], [212.935165405, -233.649017334, 4.97750425339, -60.9563980103, -31.5225982666, 90.8447494507, -22.3845291138, 102.677528381, -4.23816728592, 15.8015480042, 26.2158432007, -0.0155193246901, 93.9051361084]],
        "icov": [[0.00102821004111, 0.000156765643624, -0.000730351428501, -9.0365872893e-05, -0.000659960845951, -0.00138656189665, -0.000181923882337, -0.000831826822832, -0.00122709793504, 0.000468866870506, 0.000804509269074, 0.000416746421251, -0.000334220880177], [0.000156765643624, 0.00138794723898, 8.90154915396e-05, -0.0016843957128, -0.000579341780394, 0.00165344518609, -0.002124753315, 0.000432691245805, 0.000453452201327, -9.01578532648e-05, -0.00116971239913, 0.000794804655015, -0.000411488115788], [-0.000730351428501, 8.90154915396e-05, 0.00160445563961, -0.000226661213674, -0.00138235348277, 0.00140012684278, 0.000845601083711, 0.000254422280705, 0.000471248524264, -0.000523587805219, -0.00125449895859, -0.0018666961696, 0.000209553385503], [-9.0365872893e-05, -0.0016843957128, -0.000226661213674, 0.00800631009042, -0.000690412416589, -0.00615362357348, 0.00196030293591, 0.00397130474448, -0.00247635948472, 0.00169011147227, 0.00100560346618, 0.00173602357972, 0.00239272112958], [-0.000659960845951, -0.000579341780394, -0.00138235348277, -0.000690412416589, 0.00827481970191, 0.0015044544125, -0.00292914104648, 0.00114182080142, 0.00303724291734, -0.00390322762541, 0.00248435325921, 0.00135670695454, -0.000843743851874], [-0.00138656189665, 0.00165344518609, 0.00140012684278, -0.00615362357348, 0.0015044544125, 0.012488736771, -0.000635917007457, -0.00828990433365, 0.00241613388062, 0.000922799343243, -0.00412571663037, -0.00187944888603, 0.00163069274276], [-0.000181923882337, -0.002124753315, 0.000845601083711, 0.00196030293591, -0.00292914104648, -0.000635917007457, 0.0107615534216, -0.00337183079682, -0.00554067501798, 0.00274834642187, 0.000401822035201, -0.00284871598706, 0.00141233892646], [-0.000831826822832, 0.000432691245805, 0.000254422280705, 0.00397130474448, 0.00114182080142, -0.00828990433365, -0.00337183079682, 0.0181147065014, -8.3549253759e-05, -0.00878465827554, 0.00220810668543, 0.00402633845806, -0.00582180544734], [-0.00122709793504, 0.000453452201327, 0.000471248524264, -0.00247635948472, 0.00303724291734, 0.00241613388062, -0.00554067501798, -8.3549253759e-05, 0.0154104763642, 0.00099081674125, -0.00638882163912, 0.00105748325586, 0.00204363465309], [0.000468866870506, -9.01578532648e-05, -0.000523587805219, 0.00169011147227, -0.00390322762541, 0.000922799343243, 0.00274834642187, -0.00878465827554, 0.00099081674125, 0.0228277985007, -0.000920344260521, -0.00871304888278, 0.00435374397784], [0.000804509269074, -0.00116971239913, -0.00125449895859, 0.00100560346618, 0.00248435325921, -0.00412571663037, 0.000401822035201, 0.00220810668543, -0.00638882163912, -0.000920344260521, 0.02062115632, -0.00241011171602, -0.0073995529674], [0.000416746421251, 0.000794804655015, -0.0018666961696, 0.00173602357972, 0.00135670695454, -0.00187944888603, -0.00284871598706, 0.00402633845806, 0.00105748325586, -0.00871304888278, -0.00241011171602, 0.017813237384, 0.00164019712247], [-0.000334220880177, -0.000411488115788, 0.000209553385503, 0.00239272112958, -0.000843743851874, 0.00163069274276, 0.00141233892646, -0.00582180544734, 0.00204363465309, 0.00435374397784, -0.0073995529674, 0.00164019712247, 0.0181923471391]]
    },
    "melbands": {
        "max": [0.0135377803817, 0.0137712918222, 0.0129974670708, 0.00859633460641, 0.00454355683178, 0.00229822541587, 0.00341271515936, 0.00249704252928, 0.00279022683389, 0.00844981893897, 0.00445376848802, 0.00587635161355, 0.00154896592721, 0.00111187715083, 0.00130829261616, 0.00253720302135, 0.000753461674321, 0.000486124947201, 0.00131053640507, 9.25618296606e-05, 0.000115832219308, 0.000114591013698, 7.91190250311e-05, 7.18884984963e-05, 4.44546276412e-05, 3.60060475941e-05, 3.10580035148e-05, 1.7276053768e-05, 2.59105217992e-05, 1.90126702364e-05, 1.38607274494e-05, 1.83228876267e-05, 8.26953400974e-05, 2.82893488475e-05, 1.33173762151e-05, 9.05361685e-06, 4.40096919192e-05, 1.8842281861e-05, 3.59160803782e-05, 0.00166830071248],
        "mean": [0.000593318312895, 0.000564631714951, 0.00061331433244, 0.000685650797095, 0.000222716102144, 0.000200828741072, 0.000135326365125, 0.000127183375298, 0.000304034998408, 0.000772655417677, 0.00037019487354, 0.000415793881984, 0.000120763274026, 9.3521673989e-05, 0.00012475818221, 0.000128498199047, 8.09035918792e-05, 5.17838125234e-05, 3.85150706279e-05, 1.15415587061e-05, 1.0697779544e-05, 1.25241103888e-05, 1.08701315185e-05, 8.6570471467e-06, 6.91514696882e-06, 5.88479088037e-06, 4.32603928857e-06, 3.33773050443e-06, 2.61774880528e-06, 2.10444545701e-06, 1.55691714099e-06, 1.35801906254e-06, 1.80998665655e-06, 1.42354804211e-06, 8.78106732216e-07, 7.48370723613e-07, 2.30569003179e-06, 9.53266237502e-07, 1.60201648214e-06, 4.19246389356e-05],
        "min": [2.60317878364e-09, 2.80875553926e-08, 1.16677455253e-07, 4.25447410635e-07, 1.83722633551e-07, 1.13788772182e-07, 6.4950631895e-07, 1.55430973336e-06, 2.43387421506e-06, 1.66563120274e-06, 9.03488796666e-07, 2.10732514461e-06, 1.57441309057e-06, 1.00341708276e-06, 5.80450489451e-07, 1.34059143875e-06, 1.19629203255e-06, 8.93757089671e-07, 4.16657996993e-07, 1.3082333794e-07, 1.07751283451e-07, 1.68419859392e-07, 1.09665371895e-07, 1.53049896312e-07, 9.99063800577e-08, 9.45552898202e-08, 9.33534067826e-08, 2.22770033531e-08, 2.27699104016e-09, 3.10682013449e-09, 3.04044039945e-10, 4.41065621526e-11, 2.67687239562e-12, 2.97377465534e-12, 2.86320381467e-12, 1.19901224366e-12, 1.15821447485e-12, 9.30514129291e-13, 9.17203053959e-13, 7.38792111255e-13],
        "stdev": [0.00148527987767, 0.00134336308111, 0.00121611286886, 0.0015915496042, 0.000378064025426, 0.000313363387249, 0.000298670871416, 0.000214867264731, 0.000455513538327, 0.00147640402429, 0.000678821874317, 0.000715105910785, 0.000173640437424, 0.000140436561196, 0.000185505792615, 0.000249660166446, 0.000114880567708, 7.03164332663e-05, 9.63827624219e-05, 1.31429924295e-05, 1.39031781146e-05, 1.52323091243e-05, 1.32457207656e-05, 1.14362464956e-05, 8.08999357105e-06, 6.80041648593e-06, 4.79377649754e-06, 3.68612768398e-06, 3.17815579365e-06, 2.53563507613e-06, 1.79570076853e-06, 1.95916800294e-06, 4.86007365907e-06, 2.89015906674e-06, 1.5147574004e-06, 1.19798551168e-06, 6.17123714619e-06, 2.21346886065e-06, 4.34971980212e-06, 0.000165467412444]
    },
    "melbands128": {
        "max": [0.0101824235171, 0.010283219628, 0.0211590863764, 0.0309532787651, 0.0137096811086, 0.0117989815772, 0.0165562871844, 0.0145698990673, 0.0104018067941, 0.0149303879589, 0.00399642810225, 0.00382764963433, 0.00672105979174, 0.00366773852147, 0.00231293169782, 0.00512324646115, 0.00734327593818, 0.00219859485514, 0.0022805291228, 0.00152995914686, 0.00531241623685, 0.00160956324544, 0.00209178240038, 0.00776151567698, 0.0178379714489, 0.00989180151373, 0.0055552823469, 0.00577086256817, 0.0100939711556, 0.00896765757352, 0.00828297156841, 0.0031673470512, 0.0020636767149, 0.00136449723504, 0.000966689374764, 0.00234481692314, 0.00200592773035, 0.00200664810836, 0.0013968058629, 0.00243149232119, 0.00428631110117, 0.000939693360124, 0.00118468701839, 0.00138560275082, 0.000709306565113, 0.000624768959824, 0.00065510586137, 0.00239451555535, 0.00116134423297, 0.000128682106151, 8.01754868007e-05, 0.000140089323395, 0.000114704867883, 0.000218834698899, 0.000154091700097, 0.000140445088618, 0.00012976108701, 0.0001183246859, 8.7124928541e-05, 8.69384311954e-05, 0.000114520182251, 0.000148700288264, 6.55552066746e-05, 5.87026624999e-05, 7.12689579814e-05, 4.68058715342e-05, 5.57542371098e-05, 5.32216145075e-05, 3.57834032911e-05, 3.09719398501e-05, 2.59758453467e-05, 2.61840777966e-05, 2.93860684906e-05, 4.48019527539e-05, 2.65820381173e-05, 1.84542677744e-05, 3.21661245835e-05, 3.67828579328e-05, 1.18727766676e-05, 8.50503420224e-06, 1.14329268399e-05, 1.70971088664e-05, 0.000110356486402, 0.000134948830237, 2.90612442768e-05, 5.01698377775e-05, 3.27236703015e-05, 3.04028817482e-05, 1.3889191905e-05, 2.24892864935e-05, 1.2490428162e-05, 1.21063321785e-05, 1.42341577885e-05, 0.000109895285277, 3.87797663279e-05, 5.25915238541e-05, 4.02304431191e-05, 4.35859801655e-05, 5.36458101124e-05, 2.9837627153e-05, 0.00021902853041, 0.00333860493265, 0.00175135326572, 9.52376431087e-05, 2.66791103058e-05, 1.83490010386e-05, 4.46448320872e-05, 5.82345091971e-05, 0.000323309388477, 0.000149528888869, 0.000310226489091, 0.000535875791684, 0.00131748931017, 0.000151741318405, 9.90865300992e-05, 6.56829433865e-05, 0.000112029185402, 0.00012863354641, 0.000176066532731, 0.000442648190074, 0.000175773035153, 0.000571268086787, 0.000145782280015, 1.91657068171e-06, 2.75466982558e-10, 1.7295070931e-10, 1.68647124044e-10, 1.67460711964e-10],
        "mean": [0.000188231788343, 0.000515412189998, 0.000772402912844, 0.000732336076908, 0.000542379915714, 0.000436603848357, 0.000490798905957, 0.000583503919188, 0.000905659049749, 0.000965540064499, 0.000294775614748, 0.000265909096925, 0.00021289603319, 0.000142561228131, 0.000223662500503, 0.000215831969399, 0.000190732287592, 9.38649318414e-05, 0.000115304843348, 9.78938915068e-05, 0.0001596967777, 0.000135900030727, 0.000163518780028, 0.000536956184078, 0.0013461339986, 0.000544921553228, 0.000297370075714, 0.000356708100298, 0.000425249774707, 0.000516351952683, 0.000439505005488, 0.000167045844137, 9.43664927036e-05, 8.81858213688e-05, 7.21121177776e-05, 0.000103326834505, 0.00010996653873, 0.000142062664963, 0.000112333029392, 0.000136901551741, 0.000147839498823, 8.66167247295e-05, 8.65297697601e-05, 7.36775473342e-05, 6.42696395516e-05, 4.82515315525e-05, 3.52575661964e-05, 5.24643619428e-05, 3.22072701238e-05, 1.38804043672e-05, 9.85277711152e-06, 8.55385314935e-06, 8.37650532048e-06, 1.30394791995e-05, 1.3314998796e-05, 1.21416433103e-05, 1.22376859508e-05, 1.13895166578e-05, 1.04690525404e-05, 9.61189562076e-06, 8.69836458151e-06, 8.15828207124e-06, 6.54218592899e-06, 6.92544017511e-06, 6.79670256432e-06, 5.79151765123e-06, 5.63471348869e-06, 4.61173476651e-06, 3.95366487282e-06, 3.959256901e-06, 3.533689096e-06, 2.964356554e-06, 2.60831529886e-06, 2.71469843938e-06, 2.43847966885e-06, 1.94851440938e-06, 2.14390661313e-06, 1.96504242922e-06, 1.41700581935e-06, 1.21897028293e-06, 1.17393312848e-06, 1.29591319364e-06, 2.02867681764e-06, 1.96910309569e-06, 1.46371644405e-06, 1.63740116932e-06, 1.42256033087e-06, 1.11924714474e-06, 8.51860477269e-07, 7.05988668415e-07, 5.72760370687e-07, 6.8138598408e-07, 8.84470921392e-07, 4.1810581024e-06, 1.44066598295e-06, 8.16514102553e-07, 8.81642620243e-07, 1.14087936254e-06, 1.1280022818e-06, 1.06518928078e-06, 7.42488782635e-06, 7.73638384999e-05, 4.98146036989e-05, 3.56315467798e-06, 1.14262979878e-06, 4.52504139048e-07, 6.0179064576e-07, 1.04351056507e-06, 6.26643395663e-06, 4.49844128525e-06, 8.56827136886e-06, 1.28825413412e-05, 1.87239093066e-05, 3.45321814166e-06, 3.5605071389e-06, 2.24763221013e-06, 1.49431218688e-06, 2.40416216002e-06, 2.32620459428e-06, 3.34069613928e-06, 2.51807841778e-06, 7.50488607082e-06, 3.05820208268e-06, 2.96771922592e-08, 6.92461756338e-12, 5.38711176362e-12, 4.71577681418e-12, 4.49298454344e-12],
        "min": [1.28085708706e-10, 4.57657800546e-11, 1.51434798035e-09, 4.84356066366e-09, 8.1726714285e-09, 9.29156840357e-09, 2.94434698844e-08, 5.44054117313e-08, 9.72077103256e-08, 1.41938002685e-07, 9.4491873881e-08, 4.66837981605e-08, 9.10201052307e-08, 1.3768472229e-07, 2.68767799128e-08, 6.82160177234e-08, 2.76029311408e-07, 3.22086123106e-07, 2.75723181176e-07, 7.88121155892e-07, 5.77331832119e-07, 1.96401202857e-07, 1.27094733671e-06, 3.25349930108e-07, 1.13261512524e-06, 4.94206119583e-07, 1.67633356796e-06, 4.40823725967e-07, 4.50882282621e-07, 2.29642338923e-07, 9.35481182296e-07, 4.90563593303e-07, 4.60434961269e-07, 1.15418367841e-06, 7.06996104327e-07, 6.91682998877e-07, 4.43911886805e-07, 4.51663254353e-07, 5.74356022298e-07, 4.38921688328e-07, 7.6754275824e-07, 2.22697309482e-07, 5.26329870354e-07, 5.82263623983e-07, 3.54879801989e-07, 1.64462207408e-07, 9.44470031072e-08, 9.08533124289e-08, 1.01399876939e-07, 8.23954025009e-08, 5.52504957341e-08, 6.91414143716e-08, 2.93148492148e-08, 7.57672751206e-08, 4.59338984626e-08, 7.26515096972e-08, 9.10018513878e-08, 5.84812731574e-08, 1.01779079387e-07, 6.5401955851e-08, 1.056981489e-07, 5.55586581186e-08, 6.47397371267e-08, 6.78192009218e-08, 5.3063040184e-08, 7.0304871258e-08, 5.95031721673e-08, 5.39477227335e-08, 5.53402301762e-08, 2.01166496794e-08, 2.84407679629e-08, 4.05329014797e-09, 3.60256158238e-10, 1.72770830975e-09, 5.26505949949e-09, 8.7465590326e-10, 1.25436638854e-09, 4.95354812724e-10, 2.94078511542e-11, 1.78756315306e-11, 4.07930529633e-11, 4.2297372202e-12, 3.14010362851e-12, 1.94596899358e-12, 1.39359942856e-12, 1.80456192524e-12, 3.82885259956e-12, 2.17124668939e-12, 2.04168930026e-12, 1.28201312413e-12, 1.27104793704e-12, 7.9676521457e-13, 1.30972381378e-12, 8.61034984631e-13, 7.45363840093e-13, 8.37226826495e-13, 6.91047750707e-13, 8.7877085166e-13, 6.84932254143e-13, 4.66687344151e-13, 3.70545499666e-13, 4.68390734185e-13, 6.04078852912e-13, 5.48976066429e-13, 4.39368756221e-13, 6.05586164982e-13, 4.96502741264e-13, 6.26251600491e-13, 5.93871414718e-13, 6.36363412052e-13, 6.97385942397e-13, 5.49943391607e-13, 5.78527514523e-13, 5.25674827018e-13, 4.19032403177e-13, 6.06607537638e-13, 5.82767449749e-13, 6.21306879642e-13, 5.70687973874e-13, 6.17231580517e-13, 5.16774394544e-13, 6.18967333985e-13, 5.77290223003e-13, 5.41377327083e-13, 4.88060167367e-13, 1.93099130978e-13, 1.9089085171e-14, 7.62343522693e-16],
        "stdev": [0.000659969344269, 0.00133579806425, 0.00213196943514, 0.00216068606824, 0.00134758651257, 0.00126480055042, 0.00161906017456, 0.00120947824325, 0.00200147344731, 0.00271672033705, 0.000585770467296, 0.000568082963582, 0.00048954563681, 0.000244370516157, 0.000370491528884, 0.000562226807233, 0.000632893817965, 0.000208507990465, 0.000294891098747, 0.000154436944285, 0.000420851225499, 0.000206649434404, 0.000268706178758, 0.00106915284414, 0.00309899402782, 0.00105523841921, 0.000626571010798, 0.000743168755434, 0.00092914304696, 0.00107541703619, 0.000822791655082, 0.000333243020577, 0.000181205803528, 0.000129709631437, 0.000114769638458, 0.000234135164646, 0.000197063593077, 0.000255929597188, 0.000184874952538, 0.000297646358376, 0.000360168342013, 0.000139181807754, 0.000150028397911, 0.000124041485833, 0.000104028134956, 7.77156747063e-05, 5.95663877903e-05, 0.000175732202479, 8.34220190882e-05, 1.89907550521e-05, 1.25013430079e-05, 1.27647663248e-05, 1.29212721731e-05, 2.13853054447e-05, 1.87666009879e-05, 1.64556804521e-05, 1.69561499206e-05, 1.65432793438e-05, 1.37263896249e-05, 1.35372392833e-05, 1.34037527459e-05, 1.29489617393e-05, 8.83628399606e-06, 9.2955206128e-06, 9.16716453503e-06, 7.7193708421e-06, 7.52460573494e-06, 6.1769351305e-06, 5.04489344166e-06, 4.76946843264e-06, 4.50585548606e-06, 3.81138738703e-06, 3.52085044142e-06, 4.03134845328e-06, 3.40251267517e-06, 2.63675883616e-06, 3.02146736431e-06, 2.95929316962e-06, 1.79651408416e-06, 1.57053477778e-06, 1.5555895061e-06, 2.20497918235e-06, 6.1364398789e-06, 7.06485889168e-06, 3.07974482894e-06, 4.65235871161e-06, 3.24110419569e-06, 2.51740857493e-06, 1.53202915953e-06, 1.47736864164e-06, 9.533975458e-07, 1.23602615076e-06, 1.84506404821e-06, 1.2690922631e-05, 3.5878831568e-06, 2.74385138255e-06, 3.08907578983e-06, 3.84209897675e-06, 3.55985457645e-06, 3.29933595822e-06, 2.58739146375e-05, 0.000317945989082, 0.000188317731954, 1.18836987895e-05, 3.39929147231e-06, 1.54219014803e-06, 2.59155171989e-06, 4.35368656326e-06, 2.50104258157e-05, 1.59730370797e-05, 3.38447716786e-05, 5.39609900443e-05, 0.000107229338028, 1.47330101754e-05, 1.36147446028e-05, 8.40935717861e-06, 6.83645976096e-06, 9.39357687457e-06, 1.0812185792e-05, 2.25260719162e-05, 1.26339837152e-05, 4.47822203569e-05, 1.55876678036e-05, 1.7031624111e-07, 1.90877678247e-11, 1.40704800242e-11, 1.23016371395e-11, 1.16487687551e-11]
    },
    "mfcc": {
        "mean": [-672.528442383, 141.574142456, -37.5168838501, 3.61447477341, -19.6047878265, 4.67710065842, 4.84021377563, 3.43842792511, -0.983009040356, 3.71594262123, 2.08345508575, -4.89673471451, -7.59246969223],
        "cov": [[5714.13867188, -3729.0637207, 822.267333984, -1372.05810547, 568.166748047, 231.677978516, 420.733978271, 816.159423828, 643.124938965, 591.937316895, 347.398834229, 251.004730225, 93.2569656372], [-3729.0637207, 5335.23486328, -358.396697998, 2016.08764648, -384.346893311, 111.775520325, -180.472549438, -494.07598877, -436.263244629, -331.257965088, -213.755584717, -128.331680298, -141.874221802], [822.267333984, -358.396697998, 1380.34680176, -18.995721817, 543.274902344, -16.9950351715, 187.469924927, -89.7746124268, 90.7111129761, -67.8437576294, 50.8538017273, -30.8132362366, 218.030532837], [-1372.05810547, 2016.08764648, -18.995721817, 964.907653809, -79.8859405518, 132.742111206, -111.44329834, -196.919296265, -182.948638916, -161.815139771, -71.8065872192, -53.9341316223, -35.2020759583], [568.166748047, -384.346893311, 543.274902344, -79.8859405518, 383.447845459, -11.498000145, 128.096572876, -48.9961662292, 79.3692626953, -35.5362281799, 24.5009098053, -5.55733776093, 98.560256958], [231.677978516, 111.775520325, -16.9950351715, 132.742111206, -11.498000145, 173.614654541, -14.9672842026, 91.9614181519, -5.39441108704, 38.3464164734, 29.944355011, 28.4582309723, -11.1579093933], [420.733978271, -180.472549438, 187.469924927, -111.44329834, 128.096572876, -14.9672842026, 179.20880127, 32.9067840576, 97.8952713013, 25.0613002777, 40.4782905579, 12.1220779419, 23.8116149902], [816.159423828, -494.07598877, -89.7746124268, -196.919296265, -48.9961662292, 91.9614181519, 32.9067840576, 255.258346558, 86.3979263306, 159.941299438, 59.7766952515, 66.8783111572, -23.7644081116], [643.124938965, -436.263244629, 90.7111129761, -182.948638916, 79.3692626953, -5.39441108704, 97.8952713013, 86.3979263306, 154.163955688, 69.2988586426, 60.2192497253, 12.7275724411, 9.47706794739], [591.937316895, -331.257965088, -67.8437576294, -161.815139771, -35.5362281799, 38.3464164734, 25.0613002777, 159.941299438, 69.2988586426, 167.855255127, 38.9345245361, 57.4403991699, -32.4532966614], [347.398834229, -213.755584717, 50.8538017273, -71.8065872192, 24.5009098053, 29.944355011, 40.4782905579, 59.7766952515, 60.2192497253, 38.9345245361, 86.0318374634, 15.788110733, 29.1263713837], [251.004730225, -128.331680298, -30.8132362366, -53.9341316223, -5.55733776093, 28.4582309723, 12.1220779419, 66.8783111572, 12.7275724411, 57.4403991699, 15.788110733, 76.9636306763, -3.48559808731], [93.2569656372, -141.874221802, 218.030532837, -35.2020759583, 98.560256958, -11.1579093933, 23.8116149902, -23.7644081116, 9.47706794739, -32.4532966614, 29.1263713837, -3.48559808731, 100.036201477]],
        "icov": [[0.00108145747799, 0.000244038645178, -0.000394288275857, 0.000319666491123, -0.000940412515774, -0.000782926974352, 0.000177528316271, -0.00147844967432, -0.00150210049469, -0.000683261256199, -0.000571882468648, -0.000662808597554, 0.000819572422188], [0.000244038645178, 0.00162374565843, 3.64634470316e-05, -0.00336149334908, 0.00101071735844, 0.00114205549471, -0.00197369046509, 0.000322254898492, 0.00057466403814, -0.00133078161161, 0.000477523950394, 4.62784664705e-05, -0.000132678062073], [-0.000394288275857, 3.64634470316e-05, 0.00219163368456, -0.000753660686314, -0.00184726144653, 0.000559650186915, -0.000746475765482, 0.000502564944327, 0.000929734203964, -0.000738047470804, 0.000532035774086, 0.00119387463201, -0.00288394815288], [0.000319666491123, -0.00336149334908, -0.000753660686314, 0.00988252926618, -0.00207086093724, -0.0061898319982, 0.00424091843888, 0.000490633945446, -0.00167716562282, 0.00285620521754, -0.00122449570335, -0.000494414009154, 0.00193661288358], [-0.000940412515774, 0.00101071735844, -0.00184726144653, -0.00207086093724, 0.00991880428046, -0.00101863022428, -0.00391852902249, 0.00484336074442, -0.00120302243158, 0.000186266304809, 0.00362882600166, -0.000762162613682, -0.00310396729037], [-0.000782926974352, 0.00114205549471, 0.000559650186915, -0.0061898319982, -0.00101863022428, 0.0150067331269, -0.000211520178709, -0.0068620853126, 0.00461295293644, 0.00154241791461, -0.00383818591945, -0.000353695766535, 0.00121784117073], [0.000177528316271, -0.00197369046509, -0.000746475765482, 0.00424091843888, -0.00391852902249, -0.000211520178709, 0.013219746761, -0.00198045908473, -0.00639238208532, 0.00290556089021, -0.00260891811922, -0.00222109816968, 0.00260503450409], [-0.00147844967432, 0.000322254898492, 0.000502564944327, 0.000490633945446, 0.00484336074442, -0.0068620853126, -0.00198045908473, 0.0190409887582, -0.00118490727618, -0.00875754095614, 0.00156649947166, -0.00116144446656, -0.00285534420982], [-0.00150210049469, 0.00057466403814, 0.000929734203964, -0.00167716562282, -0.00120302243158, 0.00461295293644, -0.00639238208532, -0.00118490727618, 0.0204803161323, -0.00225509144366, -0.00682396907359, 0.00508591067046, 0.00203089485876], [-0.000683261256199, -0.00133078161161, -0.000738047470804, 0.00285620521754, 0.000186266304809, 0.00154241791461, 0.00290556089021, -0.00875754095614, -0.00225509144366, 0.0203154217452, -0.00211707106791, -0.00578133016825, 0.00579899689183], [-0.000571882468648, 0.000477523950394, 0.000532035774086, -0.00122449570335, 0.00362882600166, -0.00383818591945, -0.00260891811922, 0.00156649947166, -0.00682396907359, -0.00211707106791, 0.023387895897, 0.000194519918296, -0.0102334991097], [-0.000662808597554, 4.62784664705e-05, 0.00119387463201, -0.000494414009154, -0.000762162613682, -0.000353695766535, -0.00222109816968, -0.00116144446656, 0.00508591067046, -0.00578133016825, 0.000194519918296, 0.0201034210622, -0.00284182000905], [0.000819572422188, -0.000132678062073, -0.00288394815288, 0.00193661288358, -0.00310396729037, 0.00121784117073, 0.00260503450409, -0.00285534420982, 0.00203089485876, 0.00579899689183, -0.0102334991097, -0.00284182000905, 0.0224763303995]]
    },
    "spectral_contrast_coeffs": {
        "max": [-0.451956450939, -0.472050219774, -0.597702682018, -0.63392418623, -0.73517036438, -0.503824174404],
        "mean": [-0.728743374348, -0.742575347424, -0.775568544865, -0.802698552608, -0.821245670319, -0.709440052509],
        "min": [-0.929221391678, -0.904947161674, -0.88759380579, -0.877822339535, -0.878285765648, -0.846719503403],
        "stdev": [0.0938168466091, 0.0883835852146, 0.0552615821362, 0.0389158017933, 0.0239854492247, 0.0560460835695]
    },
    "spectral_contrast_valleys": {
        "max": [-4.66207361221, -5.08921146393, -5.18977880478, -5.79990339279, -6.29956865311, -8.2762298584],
        "mean": [-7.44164323807, -6.69794750214, -6.69622468948, -7.31931734085, -7.6003780365, -11.4764661789],
        "min": [-11.0777902603, -8.41634845734, -8.58443069458, -8.85102653503, -9.64986038208, -16.2123661041],
        "stdev": [1.20421874523, 0.561047852039, 0.649801909924, 0.775138735771, 0.748065173626, 2.13976669312]
    }
},
"rhythm": {
    "beats_count": 29,
    "beats_loudness": {
        "max": 0.062022306025,
        "mean": 0.023690899834,
        "min": 0.00186573003884,
        "stdev": 0.0169753488153
    },
    "bpm": 149.682907104,
    "bpm_histogram_first_peak_bpm": 148,
    "bpm_histogram_first_peak_weight": 0.466666638851,
    "bpm_histogram_second_peak_bpm": 133,
    "bpm_histogram_second_peak_spread": 0.416666686535,
    "bpm_histogram_second_peak_weight": 0.25,
    "danceability": 0.719725072384,
    "onset_rate": 0.626990437508,
    "beats_loudness_band_ratio": {
        "max": [0.60548967123, 0.823443055153, 0.754542171955, 0.708353459835, 0.272933661938, 0.796219825745],
        "mean": [0.215707331896, 0.177228018641, 0.237071231008, 0.267622739077, 0.0732091888785, 0.100253611803],
        "min": [0.00134964846075, 0.000828159798402, 0.0176042877138, 0.0137147977948, 0.00496192323044, 0.00109402847011],
        "stdev": [0.204727873206, 0.233034104109, 0.155938386917, 0.212009757757, 0.0729714259505, 0.20497828722]
    },
    "beats_position": [0.429569154978, 0.870748281479, 1.31192743778, 1.75310659409, 2.19428563118, 2.63546490669, 3.08825397491, 3.54104304314, 3.99383211136, 4.446621418, 4.8994102478, 5.35219955444, 5.80498838425, 6.21133756638, 6.6176867485, 7.02403593063, 7.4303855896, 7.83673477173, 8.24308395386, 8.64943313599, 9.04417228699, 9.42730140686, 9.82204055786, 10.2167797089, 10.6115188599, 11.0062580109, 11.412607193, 11.807346344, 12.202085495],
