{
"metadata": {
    "version": {
        "essentia": "2.1-beta5",
        "essentia_git_sha": "Undefined",
        "extractor": "music 2.0"
    },
    "audio_properties": {
        "analysis": {
            "equal_loudness": 0,
            "length": 33.8779144287,
            "sample_rate": 44100,
            "start_time": 142.744674683,
            "downmix": "mix"
        },
        "bit_rate": 192000,
        "length": 176.645812988,
        "lossless": 0,
        "number_channels": 2,
        "replay_gain": -5.50573730469,
        "sample_rate": 48000,
        "codec": "mp3",
        "md5_encoded": "12022c52d1878305e55e1755a568bc19"
    },
    "tags": {
        "file_name": "Poland_Pali się_Tulia.mp3",
        "encoding": ["Lavf58.29.100"]
    }
},
"lowlevel": {
    "average_loudness": 0.865632891655,
    "barkbands_crest": {
        "max": 21.3044662476,
        "mean": 6.98078155518,
        "min": 2.17832112312,
        "stdev": 2.91167712212
    },
    "barkbands_flatness_db": {
        "max": 0.334569722414,
        "mean": 0.102636069059,
        "min": 0.0233257319778,
        "stdev": 0.0666152760386
    },
    "barkbands_kurtosis": {
        "max": 29.4214248657,
        "mean": 0.0396136939526,
        "min": -1.59078192711,
        "stdev": 1.4784873724
    },
    "barkbands_skewness": {
        "max": 5.09729099274,
        "mean": 0.652830421925,
        "min": -1.49930393696,
        "stdev": 0.566399157047
    },
    "barkbands_spread": {
        "max": 76.6322555542,
        "mean": 32.7304916382,
        "min": 4.87709331512,
        "stdev": 14.0218753815
    },
    "dissonance": {
        "max": 0.499999165535,
        "mean": 0.482906967402,
        "min": 0.414827048779,
        "stdev": 0.0137731321156
    },
    "dynamic_complexity": 1.69109654427,
    "erbbands_crest": {
        "max": 22.1652259827,
        "mean": 7.93593215942,
        "min": 2.81202793121,
        "stdev": 3.05230402946
    },
    "erbbands_flatness_db": {
        "max": 0.400784939528,
        "mean": 0.166092857718,
        "min": 0.0592103675008,
        "stdev": 0.075199842453
    },
    "erbbands_kurtosis": {
        "max": 4.12957000732,
        "mean": 0.000561784720048,
        "min": -1.45067429543,
        "stdev": 0.862444519997
    },
    "erbbands_skewness": {
        "max": 1.86963522434,
        "mean": 0.268015682697,
        "min": -1.64004588127,
        "stdev": 0.567563176155
    },
    "erbbands_spread": {
        "max": 87.1962661743,
        "mean": 32.5616455078,
        "min": 9.07766437531,
        "stdev": 11.6567373276
    },
    "hfc": {
        "max": 97.4967575073,
        "mean": 33.2251472473,
        "min": 1.37598608489e-05,
        "stdev": 17.4445552826
    },
    "loudness_ebu128": {
        "integrated": -17.778465271,
        "loudness_range": 3.17105484009,
        "momentary": {
            "max": -13.7259588242,
            "mean": -18.0784320831,
            "min": -23.6140193939,
            "stdev": 1.64301776886
        },
        "short_term": {
            "max": -15.3736476898,
            "mean": -17.768404007,
            "min": -19.7774772644,
            "stdev": 0.920313715935
        }
    },
    "melbands_crest": {
        "max": 31.4959449768,
        "mean": 10.4847564697,
        "min": 4.18600273132,
        "stdev": 3.74470162392
    },
    "melbands_flatness_db": {
        "max": 0.273472458124,
        "mean": 0.12997341156,
        "min": 0.049480676651,
        "stdev": 0.0378617011011
    },
    "melbands_kurtosis": {
        "max": 40.9082489014,
        "mean": 3.1800403595,
        "min": -1.46571540833,
        "stdev": 3.94192481041
    },
    "melbands_skewness": {
        "max": 5.71640777588,
        "mean": 1.49227297306,
        "min": -0.33951151371,
        "stdev": 0.766134560108
    },
    "melbands_spread": {
        "max": 102.200958252,
        "mean": 41.0236930847,
        "min": 7.44834089279,
        "stdev": 18.2997264862
    },
    "pitch_salience": {
        "max": 0.855318963528,
        "mean": 0.595873594284,
        "min": 0.229075044394,
        "stdev": 0.091755874455
    },
    "silence_rate_20dB": {
        "max": 1,
        "mean": 1,
        "min": 1,
        "stdev": 0
    },
    "silence_rate_30dB": {
        "max": 1,
        "mean": 1,
        "min": 1,
        "stdev": 0
    },
    "silence_rate_60dB": {
        "max": 1,
        "mean": 0.000684931525029,
        "min": 0,
        "stdev": 0.026162231341
    },
    "spectral_centroid": {
        "max": 3324.0324707,
        "mean": 2213.26977539,
        "min": 946.691833496,
        "stdev": 469.419036865
    },
    "spectral_complexity": {
        "max": 54,
        "mean": 28.2808227539,
        "min": 0,
        "stdev": 7.40117549896
    },
    "spectral_decrease": {
        "max": -2.95774452294e-14,
        "mean": -5.38401678796e-09,
        "min": -2.38924720009e-08,
        "stdev": 3.29093508e-09
    },
    "spectral_energy": {
        "max": 0.0968877151608,
        "mean": 0.0233341548592,
        "min": 1.12880222503e-07,
        "stdev": 0.0135912112892
    },
    "spectral_energyband_high": {
        "max": 0.00839837361127,
        "mean": 0.00187585724052,
        "min": 6.41285025083e-10,
        "stdev": 0.00137126957998
    },
    "spectral_energyband_low": {
        "max": 0.066880568862,
        "mean": 0.00486234296113,
        "min": 5.49491696589e-09,
        "stdev": 0.0076679168269
    },
    "spectral_energyband_middle_high": {
        "max": 0.0669233798981,
        "mean": 0.0113328387961,
        "min": 3.2004887629e-09,
        "stdev": 0.00879503414035
    },
    "spectral_energyband_middle_low": {
        "max": 0.0409580022097,
        "mean": 0.00628526043147,
        "min": 4.50800152763e-09,
        "stdev": 0.00496930116788
    },
    "spectral_entropy": {
        "max": 8.44418239594,
        "mean": 7.88934135437,
        "min": 7.08189916611,
        "stdev": 0.20499189198
    },
    "spectral_flux": {
        "max": 0.274959713221,
        "mean": 0.0887404978275,
        "min": 0.0271504763514,
        "stdev": 0.0364357717335
    },
    "spectral_kurtosis": {
        "max": 10.8245105743,
        "mean": 3.38544678688,
        "min": 0.622101068497,
        "stdev": 1.26006281376
    },
    "spectral_rms": {
        "max": 0.00972237624228,
        "mean": 0.00460285507143,
        "min": 1.04941436803e-05,
        "stdev": 0.00125649652909
    },
    "spectral_rolloff": {
        "max": 10874.2675781,
        "mean": 2759.86425781,
        "min": 43.06640625,
        "stdev": 1209.64294434
    },
    "spectral_skewness": {
        "max": 2.13334846497,
        "mean": 1.31953501701,
        "min": 0.603625416756,
        "stdev": 0.223629787564
    },
    "spectral_spread": {
        "max": 9728307,
        "mean": 4695797.5,
        "min": 2154101.75,
        "stdev": 1271948.625
    },
    "spectral_strongpeak": {
        "max": 10.4902772903,
        "mean": 1.32812869549,
        "min": 0,
        "stdev": 1.39138090611
    },
    "zerocrossingrate": {
        "max": 0.22998046875,
        "mean": 0.099555529654,
        "min": 0.021484375,
        "stdev": 0.027135098353
    },
    "barkbands": {
        "max": [0.00404737843201, 0.0534604117274, 0.0195192396641, 0.0192314460874, 0.0180555693805, 0.00884749740362, 0.0125595191494, 0.00654485728592, 0.0315726473927, 0.0346496775746, 0.0235071200877, 0.0242517087609, 0.0106431096792, 0.0104791065678, 0.00620657810941, 0.00638198386878, 0.00492000486702, 0.00522891897708, 0.00705363741145, 0.00448703533038, 0.00441862968728, 0.00279254675843, 0.00159740028903, 0.00143938150723, 0.00217540212907, 0.00251732417382, 0.000185417156899],
        "mean": [0.000187276789802, 0.00266168708913, 0.00130380445626, 0.00137254409492, 0.00066886364948, 0.000352518662112, 0.000747682643123, 0.00036704892409, 0.00212585250847, 0.00267020519823, 0.00205277488567, 0.00148044910748, 0.000835684244521, 0.00112625013571, 0.000884543464053, 0.000436796894064, 0.000405860482715, 0.0005119140842, 0.000993501278572, 0.000744956661947, 0.000546133029275, 0.00024501606822, 0.000160025971127, 0.00013634446077, 0.000160305789905, 0.000152226071805, 3.90334207623e-06],
        "min": [4.09669242973e-11, 2.26848845264e-10, 9.30579224789e-10, 1.22379995027e-09, 8.9759366606e-10, 1.21093712835e-09, 7.70074226608e-10, 1.81809164945e-10, 1.75193887175e-10, 3.4222430445e-10, 2.29407187691e-10, 7.42145012111e-10, 5.43750877657e-10, 1.88715376659e-10, 6.68317789998e-10, 2.48066955866e-10, 8.11145178803e-11, 9.18267684114e-11, 4.88800111498e-11, 6.06716274443e-11, 9.64341245746e-11, 8.22195159178e-11, 1.02570070493e-10, 9.05077957025e-11, 5.48746950657e-11, 4.37658034813e-11, 4.76241684977e-11],
        "stdev": [0.0004320165026, 0.00606597634032, 0.00196274300106, 0.00185131712351, 0.00135742977727, 0.000540252309293, 0.00107693660539, 0.000559582433198, 0.0033363357652, 0.00377663061954, 0.00277738948353, 0.00290505448356, 0.00122645264491, 0.00120855111163, 0.000861125416122, 0.000596697384026, 0.000484049611259, 0.000584213412367, 0.000874843681231, 0.000658396049403, 0.000490374572109, 0.000279721600236, 0.000173421765794, 0.000148328515934, 0.000210104888538, 0.000261052307906, 1.00908546301e-05]
    },
    "erbbands": {
        "max": [1.56616783142, 12.7040748596, 24.8947429657, 31.5632266998, 87.6759414673, 57.1626663208, 81.39112854, 47.4927330017, 185.372894287, 188.328536987, 179.640182495, 822.355163574, 1139.94140625, 864.08013916, 1052.75341797, 981.248596191, 526.486022949, 606.08380127, 409.514831543, 483.517211914, 236.550537109, 215.865264893, 267.850982666, 323.100708008, 235.268981934, 192.127044678, 171.32232666, 171.309890747, 142.190795898, 53.120716095, 49.5890312195, 28.325334549, 27.5686798096, 32.3493843079, 10.6055898666, 20.2719707489, 1.33069825172, 0.193289130926, 0.0430143065751, 0.000741121068131],
        "mean": [0.0839443132281, 0.569785237312, 1.43167936802, 3.33171343803, 3.53071689606, 2.01993465424, 1.76653635502, 3.56513261795, 9.49641418457, 9.77740478516, 10.7929096222, 39.1988258362, 84.2814407349, 78.4574508667, 83.5740509033, 60.305934906, 40.4590454102, 50.9028892517, 52.9386558533, 42.860168457, 20.0352516174, 23.7799949646, 24.3094387054, 42.0510177612, 44.3059654236, 35.7821578979, 29.0085029602, 17.5000896454, 9.82063865662, 5.22180986404, 4.7625875473, 3.29803609848, 2.13263368607, 2.11254644394, 0.999821484089, 1.13402295113, 0.099663592875, 0.012583992444, 0.000668820401188, 5.12259466632e-05],
        "min": [7.56682112524e-08, 3.54161301175e-07, 1.5712619188e-06, 2.81722350337e-06, 3.73332500203e-06, 2.33498212765e-06, 6.80301627654e-06, 8.45465274324e-06, 1.43550505527e-05, 5.41974350199e-06, 3.84240865969e-06, 3.89113938581e-06, 8.54728477861e-06, 1.19218402688e-05, 1.17826230053e-05, 3.34786418534e-05, 2.62693956756e-05, 1.05578319562e-05, 2.24971881835e-05, 2.76021946775e-05, 1.17864747153e-05, 5.10980044055e-06, 5.09301116836e-06, 3.26678991769e-06, 2.34648723563e-06, 3.40046562997e-06, 3.4196687011e-06, 3.42124235431e-06, 3.19384571412e-06, 2.87270404442e-06, 2.99966086459e-06, 2.58075124293e-06, 1.26677059598e-06, 6.60708735722e-07, 3.81181138209e-07, 4.72247847938e-07, 2.13464943499e-07, 5.6116199687e-08, 7.38708960668e-09, 7.69910801779e-10],
        "stdev": [0.175976634026, 1.40013933182, 2.51117968559, 3.39045190811, 6.9256029129, 3.90185475349, 3.70871496201, 4.58989238739, 14.64265728, 17.0707817078, 15.1901674271, 64.9983139038, 122.448944092, 90.4182357788, 115.392997742, 119.838684082, 58.1065254211, 58.315788269, 52.1864700317, 51.8823013306, 22.5384426117, 26.7175445557, 27.3548374176, 34.3761482239, 39.5624389648, 30.706363678, 24.8414478302, 16.877532959, 11.7347679138, 5.64823055267, 5.14198350906, 3.69310617447, 2.33764123917, 2.97783827782, 1.22477555275, 2.03792047501, 0.138436570764, 0.0213340595365, 0.00174857862294, 4.17921073677e-05]
    },
    "gfcc": {
        "mean": [30.7678565979, 45.0574607849, -152.164749146, 24.1438751221, -64.3223266602, 25.8037776947, -24.464805603, 18.4798297882, -34.8036346436, 5.32207393646, -21.2607154846, -5.19779253006, -10.4700737],
        "cov": [[2637.30126953, 381.619934082, 2209.17163086, 967.942016602, 698.375244141, 250.022705078, -107.355873108, 202.313232422, -282.787780762, 399.815338135, -78.0008163452, 298.896789551, -50.5564918518], [381.619934082, 617.347167969, 805.531433105, 458.652893066, 334.175354004, 134.272140503, 41.614074707, 82.0279388428, -51.3952636719, 106.138748169, -0.433214485645, 63.4914016724, -28.583946228], [2209.17163086, 805.531433105, 3418.98046875, 1341.83911133, 1078.85998535, 386.479980469, -183.994125366, 345.074523926, -371.417877197, 565.025268555, -128.098800659, 399.334747314, -163.802246094], [967.942016602, 458.652893066, 1341.83911133, 787.838867188, 492.474121094, 175.749801636, -19.4903697968, 128.303573608, -160.297790527, 210.663467407, -38.1509246826, 141.728179932, -46.821762085], [698.375244141, 334.175354004, 1078.85998535, 492.474121094, 492.592315674, 168.904067993, 13.3696336746, 141.166641235, -121.372673035, 188.453094482, -49.9076690674, 127.897705078, -51.3245658875], [250.022705078, 134.272140503, 386.479980469, 175.749801636, 168.904067993, 137.136062622, 33.8447151184, 33.0728874207, -49.8156852722, 66.3155975342, -8.16387939453, 40.349029541, -15.4768648148], [-107.355873108, 41.614074707, -183.994125366, -19.4903697968, 13.3696336746, 33.8447151184, 146.773971558, 13.9744873047, 27.531042099, -36.0446777344, 19.1556739807, -27.765460968, 7.69501876831], [202.313232422, 82.0279388428, 345.074523926, 128.303573608, 141.166641235, 33.0728874207, 13.9744873047, 132.145385742, -22.2494544983, 72.5130996704, -26.5913238525, 42.4146957397, -26.7603054047], [-282.787780762, -51.3952636719, -371.417877197, -160.297790527, -121.372673035, -49.8156852722, 27.531042099, -22.2494544983, 122.998573303, -61.7399101257, 35.3148231506, -49.9290237427, 17.2674007416], [399.815338135, 106.138748169, 565.025268555, 210.663467407, 188.453094482, 66.3155975342, -36.0446777344, 72.5130996704, -61.7399101257, 164.882629395, -5.63355970383, 76.7393951416, -29.4464874268], [-78.0008163452, -0.433214485645, -128.098800659, -38.1509246826, -49.9076690674, -8.16387939453, 19.1556739807, -26.5913238525, 35.3148231506, -5.63355970383, 71.1217346191, -3.23879957199, 16.2868518829], [298.896789551, 63.4914016724, 399.334747314, 141.728179932, 127.897705078, 40.349029541, -27.765460968, 42.4146957397, -49.9290237427, 76.7393951416, -3.23879957199, 100.565414429, 0.390520125628], [-50.5564918518, -28.583946228, -163.802246094, -46.821762085, -51.3245658875, -15.4768648148, 7.69501876831, -26.7603054047, 17.2674007416, -29.4464874268, 16.2868518829, 0.390520125628, 64.3980331421]],
        "icov": [[0.00101384392474, 0.000514627317898, -0.000539325003047, -0.000629008456599, 0.00017686461797, 0.000126754384837, -0.000449450715678, 0.000296861340757, 9.60142206168e-05, -0.000552191515453, 0.000251658580964, -0.000354997639079, -0.000796044070739], [0.000514627317898, 0.00384002947249, -0.000904462707695, -0.0016221338883, -0.00104086706415, -0.000176805639057, -0.000993954017758, 0.000379409670131, -0.00130292784888, 0.000959746888839, -0.00126391265076, 0.00146735995077, -0.000868172617629], [-0.000539325003047, -0.000904462707695, 0.00312997680157, -0.00134705053642, -0.00136836327147, -0.001809846377, 0.00298826792277, -0.00128643622156, 0.000489263678901, -0.00141118792817, 0.000722903234418, -0.00319021032192, 0.00279999314807], [-0.000629008456599, -0.0016221338883, -0.00134705053642, 0.00596499303356, -0.00214045937173, 0.000997132039629, -0.000467071775347, 0.000415403716033, 0.00195145513862, 0.0007246346795, -0.00153161678463, 0.00222593336366, -0.00135910615791], [0.00017686461797, -0.00104086706415, -0.00136836327147, -0.00214045937173, 0.0115805184469, -0.00329061597586, -0.00344652985223, -0.00182476057671, -0.000241678179009, -0.00267815636471, 0.0042233876884, -0.00295029929839, 0.000522259098943], [0.000126754384837, -0.000176805639057, -0.001809846377, 0.000997132039629, -0.00329061597586, 0.016347642988, -0.00606792932376, 0.00393482483923, 0.00181062635966, -0.00159423379228, -0.000560337502975, 0.00190976250451, -0.00127540028188], [-0.000449450715678, -0.000993954017758, 0.00298826792277, -0.000467071775347, -0.00344652985223, -0.00606792932376, 0.0141654331237, -0.00519782165065, 0.000240662528086, 0.00353024690412, -0.00427396828309, 0.0009605451487, 0.00103437132202], [0.000296861340757, 0.000379409670131, -0.00128643622156, 0.000415403716033, -0.00182476057671, 0.00393482483923, -0.00519782165065, 0.0151656987146, -0.00356371025555, -0.00437501817942, 0.00548277143389, -0.00194822007325, 0.00142601679545], [9.60142206168e-05, -0.00130292784888, 0.000489263678901, 0.00195145513862, -0.000241678179009, 0.00181062635966, 0.000240662528086, -0.00356371025555, 0.0158704798669, 0.00150267768186, -0.00670573906973, 0.00351526658051, -0.00100042624399], [-0.000552191515453, 0.000959746888839, -0.00141118792817, 0.0007246346795, -0.00267815636471, -0.00159423379228, 0.00353024690412, -0.00437501817942, 0.00150267768186, 0.0181481111795, -0.00718203280121, -0.000857742445078, 0.00188944861293], [0.000251658580964, -0.00126391265076, 0.000722903234418, -0.00153161678463, 0.0042233876884, -0.000560337502975, -0.00427396828309, 0.00548277143389, -0.00670573906973, -0.00718203280121, 0.0236172880977, -0.00638509588316, -0.00103818427306], [-0.000354997639079, 0.00146735995077, -0.00319021032192, 0.00222593336366, -0.00295029929839, 0.00190976250451, 0.0009605451487, -0.00194822007325, 0.00351526658051, -0.000857742445078, -0.00638509588316, 0.0259046275169, -0.00881732348353], [-0.000796044070739, -0.000868172617629, 0.00279999314807, -0.00135910615791, 0.000522259098943, -0.00127540028188, 0.00103437132202, 0.00142601679545, -0.00100042624399, 0.00188944861293, -0.00103818427306, -0.00881732348353, 0.0226789470762]]
    },
    "melbands": {
        "max": [0.013435347937, 0.0132031785324, 0.00720272259787, 0.00433125067502, 0.0024825327564, 0.00119865860324, 0.00286135706119, 0.00173577084206, 0.00183537940029, 0.00543144997209, 0.0056269983761, 0.00358956540003, 0.00383568508551, 0.00291757262312, 0.00342594087124, 0.000986049300991, 0.00113718071952, 0.000819972949103, 0.000529624812771, 0.000666369858664, 0.000335412158165, 0.000245109549724, 0.000437555485405, 0.000306552217808, 0.00028126995312, 0.00027663941728, 0.00021320032829, 0.000173269683728, 0.000127798644826, 0.000125290287542, 8.26104660518e-05, 8.31901779748e-05, 5.0378832384e-05, 3.2800311601e-05, 3.16717960231e-05, 2.56540552073e-05, 1.65846231539e-05, 2.49692620855e-05, 1.4314137843e-05, 3.68532455468e-05],
        "mean": [0.000752398220357, 0.000758497684728, 0.000590012758039, 0.000185866549145, 6.52831367915e-05, 8.23910231702e-05, 0.000143545243191, 9.73277492449e-05, 9.66997176874e-05, 0.000289539952064, 0.000435205525719, 0.00032560271211, 0.000300039770082, 0.000183004245628, 0.00012072998652, 7.93054277892e-05, 9.51751862885e-05, 8.99141305126e-05, 6.03617154411e-05, 4.4482643716e-05, 1.93711348402e-05, 2.37959065998e-05, 2.28358076129e-05, 2.4723356546e-05, 3.39060570695e-05, 4.50872612419e-05, 1.9998587959e-05, 2.51851615758e-05, 2.00914146262e-05, 1.28758238134e-05, 9.07136472961e-06, 5.90778654441e-06, 3.65074333786e-06, 2.58607587966e-06, 2.73003274742e-06, 2.62074013335e-06, 1.73718069618e-06, 1.43441457112e-06, 1.63903064276e-06, 1.90051650861e-06],
        "min": [7.04765829029e-11, 5.9055665913e-10, 5.21671927878e-10, 1.97269117708e-10, 2.03976002755e-10, 2.27786817186e-10, 1.98751209934e-10, 5.28679842959e-11, 2.84128900963e-11, 2.48652747697e-11, 4.39830394328e-11, 4.89282017679e-11, 3.45650764955e-11, 6.3093676117e-11, 1.02322088302e-10, 3.58151563962e-11, 1.70335603261e-11, 2.74061814909e-11, 5.9663933516e-11, 1.88101756393e-11, 1.35317451688e-11, 4.64180473572e-12, 4.50516490433e-12, 4.72054209957e-12, 2.39167691728e-12, 1.6529570681e-12, 1.70041660873e-12, 2.35497689058e-12, 2.00203157004e-12, 1.95873785941e-12, 2.04690734848e-12, 1.63174172525e-12, 1.89482110557e-12, 1.38646104146e-12, 1.77580454681e-12, 1.67091405816e-12, 1.53733026743e-12, 8.03749373914e-13, 8.1599906953e-13, 4.38036840958e-13],
        "stdev": [0.00161602895241, 0.00140199356247, 0.000701669487171, 0.000349727895809, 0.000126208775328, 0.000104734717752, 0.000214104860788, 0.000167005156982, 0.000149651415995, 0.000476059911307, 0.000625578686595, 0.000406140112318, 0.000414225738496, 0.000352946750354, 0.000226700562052, 0.000103685109934, 0.000114026886877, 0.000100449593447, 5.8710538724e-05, 6.56230840832e-05, 2.5252760679e-05, 2.71837761829e-05, 4.16752045567e-05, 2.75949805655e-05, 2.97570149996e-05, 4.50347179139e-05, 1.8249362256e-05, 2.34901708609e-05, 1.86256002053e-05, 1.15908542284e-05, 9.58483906288e-06, 7.49882883611e-06, 4.45313480668e-06, 3.02745343106e-06, 2.99382804769e-06, 3.15707757181e-06, 1.97241092792e-06, 1.76871162694e-06, 1.84978114248e-06, 3.23537756231e-06]
    },
    "melbands128": {
        "max": [0.00401152530685, 0.0118615990505, 0.0210778079927, 0.021890219301, 0.0153602454811, 0.00796368718147, 0.00562147377059, 0.0123983547091, 0.0106401620433, 0.00557332625613, 0.0030113379471, 0.00199004285969, 0.00332165230066, 0.00279025849886, 0.00133045471739, 0.00146373198368, 0.00249426066875, 0.00532625149935, 0.00267526274547, 0.00342353293672, 0.00225569261238, 0.00119222619105, 0.00219376990572, 0.00277770264074, 0.00623136153445, 0.00763010326773, 0.00826415792108, 0.00916279107332, 0.00856070872396, 0.00690369307995, 0.00492863543332, 0.00331670138985, 0.00766026694328, 0.00706419162452, 0.00574082368985, 0.00630845641717, 0.00498997233808, 0.00684816716239, 0.00234136288054, 0.00173158443067, 0.00130588829052, 0.00195569894277, 0.0016190551687, 0.00237091584131, 0.0017741851043, 0.00157078797929, 0.000989460502751, 0.000661790487356, 0.000911750190426, 0.00139648863114, 0.00141890719533, 0.000862934452016, 0.000578203646, 0.00040631974116, 0.000573828525376, 0.000450436753454, 0.000420440424932, 0.000857894076034, 0.000860795553308, 0.000163620643434, 0.00059501605574, 0.000565253722016, 0.000754343695007, 0.000414784211898, 0.0011200561421, 0.000558692205232, 0.000467081350507, 0.00021450863278, 0.000371800968423, 0.000192251143744, 0.000320482155075, 0.00035060182563, 0.000393323483877, 0.000177048495971, 0.000252629542956, 0.000115384726087, 0.000100781631772, 0.000182093746844, 0.0001482203661, 9.38818338909e-05, 0.000178979971679, 0.0002187177015, 0.000163228774909, 7.99735062174e-05, 3.71891619579e-05, 4.54022447229e-05, 2.18176955968e-05, 3.67548673239e-05, 3.44989166479e-05, 4.0728613385e-05, 4.01322904509e-05, 4.6478889999e-05, 2.2753732992e-05, 2.29605520872e-05, 2.80087206193e-05, 2.5827128411e-05, 3.13823002216e-05, 2.30467958318e-05, 1.56720998348e-05, 3.14923854603e-05, 2.44025468419e-05, 5.95641322434e-05, 4.26782971772e-05, 1.86984580068e-05, 1.02034309748e-05, 1.01367859315e-05, 1.61825373652e-05, 5.07744116476e-05, 7.43972923374e-05, 2.32668862736e-05, 7.98694782134e-06, 6.21368508291e-06, 2.52626318797e-06, 2.14698570744e-06, 2.26290035243e-06, 3.63006984117e-06, 1.46700415371e-06, 2.00952786145e-06, 2.52213339991e-06, 1.9973228973e-06, 1.16639478165e-06, 2.64748393874e-07, 1.46816660163e-07, 7.05602420936e-09, 5.14896403292e-10, 5.1561138692e-10, 5.1653914479e-10, 5.15917253363e-10],
        "mean": [0.000172299580299, 0.000660529825836, 0.00101518293377, 0.000903429870959, 0.000733216176741, 0.000635321717709, 0.000694812333677, 0.00066414399771, 0.000324768654536, 0.00014754201402, 0.000106239429442, 6.01757928962e-05, 4.74008556921e-05, 7.89653640823e-05, 7.5672796811e-05, 6.90999368089e-05, 0.000150981446495, 0.000171093910467, 0.000109980675916, 0.000128890722408, 6.92592875566e-05, 6.78073993186e-05, 8.59172650962e-05, 0.000139116658829, 0.000195150030777, 0.000339757330948, 0.000547357194591, 0.000352358765667, 0.000478593079606, 0.00039061132702, 0.00021628777904, 0.000291921576718, 0.000406831793953, 0.000209078440093, 0.000186550430954, 0.000198917681701, 0.000138745512231, 0.00012564053759, 0.000108198924863, 6.94601621944e-05, 6.18575140834e-05, 0.00010673423094, 0.000104785605799, 7.19588279026e-05, 0.000114270587801, 9.2264614068e-05, 7.02356119291e-05, 5.09876699653e-05, 5.61436718272e-05, 7.73872889113e-05, 3.6674344301e-05, 2.35335974139e-05, 1.87374935194e-05, 1.77965011972e-05, 1.90326300071e-05, 2.65224462055e-05, 2.48183787335e-05, 2.79706437141e-05, 2.12575923797e-05, 1.29671279865e-05, 2.634572229e-05, 3.25170294673e-05, 2.56599196291e-05, 2.22696198762e-05, 6.81484671077e-05, 5.51530029043e-05, 2.83201770799e-05, 1.7274860511e-05, 1.98577254196e-05, 1.94356271095e-05, 2.52679219557e-05, 2.96170292131e-05, 2.33735554502e-05, 1.78377813427e-05, 1.69302293216e-05, 1.34274469019e-05, 1.03596767076e-05, 1.18620173453e-05, 8.48897889227e-06, 7.28413306206e-06, 5.99691475145e-06, 5.53208019483e-06, 4.95546873935e-06, 3.27664042743e-06, 2.76595505966e-06, 2.77886601907e-06, 2.37168592321e-06, 2.56525913755e-06, 2.68261078418e-06, 2.98108375318e-06, 2.58914360529e-06, 2.75631032309e-06, 2.43809267886e-06, 1.42653777857e-06, 1.45323542711e-06, 1.7102994434e-06, 1.33903677124e-06, 1.22363405808e-06, 1.5070952486e-06, 2.20050856115e-06, 1.40089196066e-06, 2.34665776588e-06, 1.74261708707e-06, 1.0291930721e-06, 9.06128718725e-07, 6.45360557883e-07, 8.32497050851e-07, 3.20728190673e-06, 3.51873472937e-06, 9.15781924959e-07, 4.05647540447e-07, 2.56649769881e-07, 1.61619325922e-07, 1.36178854859e-07, 1.32357499183e-07, 1.23101344229e-07, 8.36741875787e-08, 4.51890791453e-08, 2.73911169302e-08, 1.41441365287e-08, 5.40704014895e-09, 2.7529525326e-09, 1.10876463566e-09, 4.1752715868e-11, 3.54301375564e-12, 3.38120764026e-12, 3.28709173596e-12, 3.25813247909e-12],
        "min": [3.72863632331e-12, 4.7450113283e-11, 1.8299372434e-11, 3.31703345346e-11, 2.50680504132e-10, 4.77570205604e-10, 5.43292355548e-10, 6.02087102397e-10, 3.87786025513e-10, 1.30122718156e-10, 1.02979597072e-10, 1.51362422596e-10, 2.63772725884e-10, 2.49455178736e-10, 7.95516708063e-11, 3.01574876183e-10, 4.11691930546e-10, 8.66929861232e-11, 8.66373084385e-11, 4.67044111718e-11, 4.70641511874e-11, 4.5858553066e-11, 2.02147951156e-11, 1.82135712762e-11, 2.31332383804e-11, 3.00493276095e-11, 2.44387600434e-11, 3.96253134471e-11, 7.84331419257e-11, 2.99074653931e-11, 6.79780676194e-11, 2.24703484986e-11, 3.43259899671e-11, 3.04221786651e-11, 4.76616454637e-11, 6.64684279839e-11, 1.05921875437e-10, 1.29522198522e-10, 7.8957056171e-11, 4.84337292495e-11, 2.2824762913e-11, 2.64185600479e-11, 1.641090909e-11, 7.16680404259e-12, 2.66451253422e-11, 9.00359908157e-12, 5.71469503663e-11, 8.75498631925e-11, 4.86891360563e-11, 2.27278161569e-11, 1.83669190967e-11, 9.32346387594e-12, 1.4810340454e-11, 1.64839045191e-11, 4.703047847e-12, 3.24336109185e-12, 5.03808930338e-12, 4.62552262118e-12, 4.5503063123e-12, 3.81189827967e-12, 6.61080695394e-12, 3.2019244027e-12, 2.62869478788e-12, 2.27899990546e-12, 1.96925505416e-12, 1.42338842535e-12, 1.36449152758e-12, 2.11761185843e-12, 1.42819176624e-12, 1.53060821396e-12, 4.0136834828e-12, 1.46678253311e-12, 1.04339800688e-12, 3.00034237906e-12, 1.82795987548e-12, 2.28323740123e-12, 1.64341283637e-12, 1.53427368466e-12, 3.16661345583e-12, 1.24650843033e-12, 1.03279949697e-12, 2.46576955902e-12, 1.51535912724e-12, 2.2329876663e-12, 1.39196228328e-12, 2.0517183872e-12, 6.72627860528e-13, 1.54515256926e-12, 2.3759791877e-12, 1.36521783461e-12, 1.77520563353e-12, 1.71547758637e-12, 1.45657574543e-12, 2.27679138563e-12, 9.53381796252e-13, 5.76192143043e-13, 9.51097382275e-13, 8.7076103706e-13, 8.50054076608e-13, 6.704429221e-13, 7.29336404638e-13, 2.76094061892e-13, 3.24370006766e-13, 4.52304236816e-13, 4.15399648273e-13, 1.93983243639e-13, 3.01104356292e-13, 2.47416562064e-13, 2.74881002292e-13, 1.65348922163e-13, 2.18326929886e-13, 2.05661795103e-13, 1.83577288028e-13, 1.77054388945e-13, 1.73222276367e-13, 1.5051417686e-13, 1.84521045362e-13, 1.92492438547e-13, 1.29878584016e-13, 1.33148686846e-13, 1.5483752789e-13, 1.57919833352e-13, 1.58565950084e-13, 1.28407552061e-13, 1.13446592073e-13, 4.17429152767e-14, 5.97356518227e-15, 2.0125419447e-16],
        "stdev": [0.00040931274998, 0.00142797548324, 0.00235176435672, 0.00242006429471, 0.00161424127873, 0.000848556519486, 0.000690005836077, 0.0011208395008, 0.000780671194661, 0.000331137649482, 0.000221059017349, 0.000127201259602, 0.000136119822855, 0.000155956673552, 0.000118574440421, 0.000110118162411, 0.000253107427852, 0.000335610413458, 0.000210192767554, 0.000301523832604, 0.000157272690558, 0.000116472619993, 0.000168165483046, 0.000263650959823, 0.000415681832237, 0.000696402101312, 0.00101024308242, 0.000737622962333, 0.000859936350025, 0.000670148991048, 0.000366652413504, 0.000392404501326, 0.000685101491399, 0.00048441987019, 0.000381467398256, 0.000561513879802, 0.00040683124098, 0.000324583757902, 0.000203289906494, 0.000132064509671, 0.000117960837088, 0.000149191255332, 0.000162506810739, 0.000146099773701, 0.000186062068678, 0.000137698036269, 0.000110035500256, 6.68274151394e-05, 8.49772113725e-05, 0.000141825774335, 8.82854219526e-05, 5.15454885317e-05, 3.3919546695e-05, 2.92406602966e-05, 3.5525426938e-05, 3.77987453248e-05, 3.79020129913e-05, 6.36664117337e-05, 5.85985580983e-05, 1.77950878424e-05, 3.96221148549e-05, 4.71944367746e-05, 4.37701564806e-05, 3.03382894344e-05, 9.64999635471e-05, 7.37732625566e-05, 4.54602813988e-05, 2.28805165534e-05, 2.53331327258e-05, 2.4691775252e-05, 3.29281538143e-05, 3.77929573006e-05, 3.48974790541e-05, 2.29025281442e-05, 2.13600669667e-05, 1.56495516421e-05, 1.22573319459e-05, 1.61548650794e-05, 1.22848641695e-05, 1.01189107227e-05, 9.50575486058e-06, 1.10409364424e-05, 9.17782745091e-06, 4.67842937724e-06, 3.62824994227e-06, 3.88505895899e-06, 2.78603147308e-06, 3.31123806063e-06, 3.32011018145e-06, 3.8029559164e-06, 3.58758848051e-06, 4.09835729442e-06, 3.02037324218e-06, 2.02659930437e-06, 1.86350007425e-06, 2.17652609535e-06, 1.8446858121e-06, 1.6882501086e-06, 1.77141816948e-06, 3.14360681841e-06, 2.02316778086e-06, 5.13056420459e-06, 3.19630544254e-06, 1.47562752773e-06, 1.19653759612e-06, 8.58318060182e-07, 1.31058868647e-06, 6.27457939117e-06, 6.91926652507e-06, 1.74326964952e-06, 6.14456780568e-07, 4.60390822354e-07, 2.73152181762e-07, 2.29181125633e-07, 2.37529931724e-07, 2.41572678306e-07, 1.92362278995e-07, 1.41971597145e-07, 1.05666011052e-07, 7.45065307228e-08, 3.90732886046e-08, 1.57403547973e-08, 7.49920481269e-09, 3.93872046089e-10, 1.41640813661e-11, 1.41635592144e-11, 1.41732632575e-11, 1.41491349887e-11]
    },
    "mfcc": {
        "mean": [-601.233032227, 78.2576751709, -29.2877998352, 5.48257923126, -14.9818077087, 4.48915529251, 15.9432630539, 5.48434877396, 4.51420450211, 8.03397464752, -2.16205859184, -6.79108858109, -5.07757997513],
        "cov": [[1436.78601074, 134.427566528, 801.932373047, 552.50592041, 427.969573975, 209.678329468, 215.382324219, -44.2599983215, 48.1791152954, 11.8004264832, -74.9858779907, -9.85689067841, 152.452911377], [134.427566528, 492.863891602, 601.15838623, 396.529602051, 370.450408936, 163.337661743, 188.945098877, 50.5189666748, 46.8965110779, 91.1893539429, 5.19650173187, 33.094367981, 64.4271621704], [801.932373047, 601.15838623, 1917.94946289, 1075.05102539, 1014.60308838, 379.396972656, 430.231536865, -20.5489654541, 57.9976387024, 132.593414307, -50.4179458618, 17.9248275757, 213.771743774], [552.50592041, 396.529602051, 1075.05102539, 847.130737305, 640.871154785, 266.44342041, 320.308624268, 26.2929363251, 62.4168357849, 110.655326843, -34.6497993469, 8.75404453278, 137.451019287], [427.969573975, 370.450408936, 1014.60308838, 640.871154785, 652.496459961, 231.744384766, 260.020721436, 1.41417896748, 55.688243866, 84.0481643677, -28.21626091, 13.9784097672, 130.449005127], [209.678329468, 163.337661743, 379.396972656, 266.44342041, 231.744384766, 208.252319336, 159.674514771, 21.2304439545, 15.0043411255, 44.6729125977, -10.0977430344, 4.86587333679, 41.3350563049], [215.382324219, 188.945098877, 430.231536865, 320.308624268, 260.020721436, 159.674514771, 233.082183838, 37.9198760986, 32.0935516357, 70.9965133667, -5.76326227188, 0.0529650039971, 51.2499694824], [-44.2599983215, 50.5189666748, -20.5489654541, 26.2929363251, 1.41417896748, 21.2304439545, 37.9198760986, 94.7453536987, 27.2452926636, 22.1823978424, 14.9390249252, 8.83662605286, -14.0709533691], [48.1791152954, 46.8965110779, 57.9976387024, 62.4168357849, 55.688243866, 15.0043411255, 32.0935516357, 27.2452926636, 64.883934021, 23.2654457092, -0.923878014088, 0.613545536995, 17.0790786743], [11.8004264832, 91.1893539429, 132.593414307, 110.655326843, 84.0481643677, 44.6729125977, 70.9965133667, 22.1823978424, 23.2654457092, 94.9318161011, 23.4738788605, 2.43552923203, 4.69727516174], [-74.9858779907, 5.19650173187, -50.4179458618, -34.6497993469, -28.21626091, -10.0977430344, -5.76326227188, 14.9390249252, -0.923878014088, 23.4738788605, 62.2248764038, 18.7403583527, -11.199174881], [-9.85689067841, 33.094367981, 17.9248275757, 8.75404453278, 13.9784097672, 4.86587333679, 0.0529650039971, 8.83662605286, 0.613545536995, 2.43552923203, 18.7403583527, 56.466758728, 22.7891025543], [152.452911377, 64.4271621704, 213.771743774, 137.451019287, 130.449005127, 41.3350563049, 51.2499694824, -14.0709533691, 17.0790786743, 4.69727516174, -11.199174881, 22.7891025543, 90.4455108643]],
        "icov": [[0.00114888895769, 0.000423568591941, -0.000320317689329, -0.000545541406609, 0.000456252251752, -0.000522403279319, -0.000158428112627, 0.000451753294328, -0.000693204230629, 0.000497719040141, 0.000387076288462, 0.00018229385023, -0.000804315728601], [0.000423568591941, 0.00454035820439, -0.000549427699298, -0.000242288355366, -0.00121712812688, -0.000640948186629, -0.000321258819895, -0.00128469767515, -0.000598627200816, -0.0013691309141, 0.000403226178605, -0.00209142290987, 0.000510199228302], [-0.000320317689329, -0.000549427699298, 0.00358949555084, -0.00109307200182, -0.00402697501704, 0.00017669776571, -0.000323094864143, 0.000823939917609, 0.00178812618833, -3.02706066577e-05, -0.000170410334249, 0.000303166307276, -0.00028645794373], [-0.000545541406609, -0.000242288355366, -0.00109307200182, 0.00636751903221, -0.00287331966683, -0.000109195534606, -0.0018457371043, -0.00136604427826, 0.000235876141232, -0.00162251305301, 0.00120794062968, 0.000362802762538, -0.000875822326634], [0.000456252251752, -0.00121712812688, -0.00402697501704, -0.00287331966683, 0.0122710475698, -0.00174413598143, -7.99389526946e-05, 0.00156101526227, -0.00355927227065, 0.000728540646378, -9.11130046006e-05, 0.000259276654106, -0.00207305978984], [-0.000522403279319, -0.000640948186629, 0.00017669776571, -0.000109195534606, -0.00174413598143, 0.0116607453674, -0.00581569410861, -0.000637197808828, 0.00227790139616, 0.000347861612681, 0.000684255093802, -0.00104113121051, 0.00136695476249], [-0.000158428112627, -0.000321258819895, -0.000323094864143, -0.0018457371043, -7.99389526946e-05, -0.00581569410861, 0.0141864018515, -0.00357833364978, 0.000357893295586, -0.00409603863955, 7.0145673817e-05, 0.00268693896942, -0.00228076800704], [0.000451753294328, -0.00128469767515, 0.000823939917609, -0.00136604427826, 0.00156101526227, -0.000637197808828, -0.00357833364978, 0.0165717154741, -0.00695629417896, 0.00135576864704, -0.00185804802459, -0.00344668328762, 0.00480929715559], [-0.000693204230629, -0.000598627200816, 0.00178812618833, 0.000235876141232, -0.00355927227065, 0.00227790139616, 0.000357893295586, -0.00695629417896, 0.0226417314261, -0.00445674266666, 0.00160605181009, 0.00271332031116, -0.00471127638593], [0.000497719040141, -0.0013691309141, -3.02706066577e-05, -0.00162251305301, 0.000728540646378, 0.000347861612681, -0.00409603863955, 0.00135576864704, -0.00445674266666, 0.0184466149658, -0.00752501608804, 0.00143872422632, 0.00258506066166], [0.000387076288462, 0.000403226178605, -0.000170410334249, 0.00120794062968, -9.11130046006e-05, 0.000684255093802, 7.0145673817e-05, -0.00185804802459, 0.00160605181009, -0.00752501608804, 0.0233433358371, -0.00837816949934, 0.00220622657798], [0.00018229385023, -0.00209142290987, 0.000303166307276, 0.000362802762538, 0.000259276654106, -0.00104113121051, 0.00268693896942, -0.00344668328762, 0.00271332031116, 0.00143872422632, -0.00837816949934, 0.0262113027275, -0.0102710835636], [-0.000804315728601, 0.000510199228302, -0.00028645794373, -0.000875822326634, -0.00207305978984, 0.00136695476249, -0.00228076800704, 0.00480929715559, -0.00471127638593, 0.00258506066166, 0.00220622657798, -0.0102710835636, 0.0220790747553]]
    },
    "spectral_contrast_coeffs": {
        "max": [-0.446720033884, -0.469526827335, -0.560618638992, -0.630268871784, -0.632762312889, -0.534574687481],
        "mean": [-0.739391565323, -0.765741288662, -0.735945522785, -0.778281748295, -0.766434431076, -0.748349189758],
        "min": [-0.947522580624, -0.906372010708, -0.944053471088, -0.925196766853, -0.930596590042, -0.888467669487],
        "stdev": [0.0559945777059, 0.0698906183243, 0.0552619583905, 0.0385279767215, 0.0394957326353, 0.0416839569807]
    },
    "spectral_contrast_valleys": {
        "max": [-4.9446182251, -5.12127065659, -4.7747387886, -5.61309194565, -5.9278588295, -8.16958618164],
        "mean": [-7.42826271057, -6.8470287323, -6.59296941757, -7.02110528946, -6.84714508057, -9.54648113251],
        "min": [-13.2047138214, -14.4154691696, -13.3878555298, -13.6589679718, -14.397395134, -16.3885059357],
        "stdev": [1.51021492481, 0.508627951145, 0.576834201813, 0.467257350683, 0.388122022152, 0.685055017471]
    }
},
"rhythm": {
    "beats_count": 54,
    "beats_loudness": {
        "max": 0.072206184268,
        "mean": 0.0347323901951,
        "min": 0.0043776249513,
        "stdev": 0.0140807023272
    },
    "bpm": 95.7676391602,
    "bpm_histogram_first_peak_bpm": 96,
    "bpm_histogram_first_peak_weight": 0.315789520741,
    "bpm_histogram_second_peak_bpm": 103,
    "bpm_histogram_second_peak_spread": 0.33333337307,
    "bpm_histogram_second_peak_weight": 0.188679248095,
    "danceability": 0.980533361435,
    "onset_rate": 2.41962695122,
    "beats_loudness_band_ratio": {
        "max": [0.826865553856, 0.220713227987, 0.524785935879, 0.649304330349, 0.309123337269, 0.31385833025],
        "mean": [0.430231541395, 0.0460074581206, 0.121112667024, 0.249098971486, 0.0840782299638, 0.105003610253],
        "min": [8.6495862206e-07, 0.000109462052933, 0.0129298334941, 0.0445481687784, 0.0159205682576, 0.0323189869523],
        "stdev": [0.269388854504, 0.047892216593, 0.128595411777, 0.179242968559, 0.0602688677609, 0.0601383782923]
    },
    "beats_position": [0.568888902664, 1.14938771725, 1.74149656296, 2.33360528946, 2.92571425438, 3.54104304314, 4.1679816246, 4.78331041336, 5.41024923325, 6.03718805313, 6.66412687302, 7.2910656929, 7.91800451279, 8.54494285583, 9.17188167572, 9.79882049561, 10.4257593155, 11.0526981354, 11.6680269241, 12.2833557129, 12.9102945328, 13.5372333527, 14.1641721725, 14.7911109924, 15.4180498123, 16.0449886322, 16.6603164673, 17.2756462097, 17.9258041382, 18.5527439117, 19.179681778, 19.7950115204, 20.4103393555, 21.037279129, 21.6642169952, 22.2911567688, 22.918094635, 23.5450344086, 24.1719722748, 24.7989120483, 25.4490699768, 26.0992279053, 26.73777771, 27.3182754517, 27.8987751007, 28.4792747498, 29.0481624603, 29.6286621094, 30.2091598511, 30.7896595001, 31.3817672729, 31.962266922, 32.542766571, 33.1232643127],
