{
"metadata": {
    "version": {
        "essentia": "2.1-beta5",
        "essentia_git_sha": "Undefined",
        "extractor": "music 2.0"
    },
    "audio_properties": {
        "analysis": {
            "equal_loudness": 0,
            "length": 64.9926528931,
            "sample_rate": 44100,
            "start_time": 61.4980506897,
            "downmix": "mix"
        },
        "bit_rate": 192000,
        "length": 196.48727417,
        "lossless": 0,
        "number_channels": 2,
        "replay_gain": -5.41403388977,
        "sample_rate": 48000,
        "codec": "mp3",
        "md5_encoded": "3a1e551f0c418840510df64f3ec4141c"
    },
    "tags": {
        "file_name": "Slovenia_Sebi_Zala Kralj _ Gašper Šantl.mp3",
        "encoding": ["Lavf58.29.100"]
    }
},
"lowlevel": {
    "average_loudness": 0.964817762375,
    "barkbands_crest": {
        "max": 25.3009910583,
        "mean": 12.6703491211,
        "min": 2.91382908821,
        "stdev": 4.85407781601
    },
    "barkbands_flatness_db": {
        "max": 0.464774280787,
        "mean": 0.20993283391,
        "min": 0.048403147608,
        "stdev": 0.0675746500492
    },
    "barkbands_kurtosis": {
        "max": 362.197784424,
        "mean": 13.2299804688,
        "min": -1.9231698513,
        "stdev": 23.0670833588
    },
    "barkbands_skewness": {
        "max": 16.4069442749,
        "mean": 2.48213291168,
        "min": -3.09205985069,
        "stdev": 1.7447091341
    },
    "barkbands_spread": {
        "max": 106.550750732,
        "mean": 16.3789348602,
        "min": 0.360885292292,
        "stdev": 18.9684696198
    },
    "dissonance": {
        "max": 0.500000119209,
        "mean": 0.444732308388,
        "min": 0.304941564798,
        "stdev": 0.0362967327237
    },
    "dynamic_complexity": 3.1388092041,
    "erbbands_crest": {
        "max": 29.7492713928,
        "mean": 10.6445245743,
        "min": 2.37273001671,
        "stdev": 4.82463502884
    },
    "erbbands_flatness_db": {
        "max": 0.383146196604,
        "mean": 0.18549361825,
        "min": 0.0688778683543,
        "stdev": 0.0511513873935
    },
    "erbbands_kurtosis": {
        "max": 45.1697883606,
        "mean": 2.31728959084,
        "min": -1.86571407318,
        "stdev": 3.52886652946
    },
    "erbbands_skewness": {
        "max": 5.30072164536,
        "mean": 1.04839551449,
        "min": -4.53063154221,
        "stdev": 1.04045855999
    },
    "erbbands_spread": {
        "max": 138.665939331,
        "mean": 39.4727630615,
        "min": 2.51698994637,
        "stdev": 24.9232749939
    },
    "hfc": {
        "max": 129.768157959,
        "mean": 16.9263134003,
        "min": 0.288998484612,
        "stdev": 15.8510732651
    },
    "loudness_ebu128": {
        "integrated": -17.9198913574,
        "loudness_range": 3.4454536438,
        "momentary": {
            "max": -14.8556556702,
            "mean": -18.3672122955,
            "min": -27.3464107513,
            "stdev": 2.1728117466
        },
        "short_term": {
            "max": -15.8901939392,
            "mean": -18.1143074036,
            "min": -21.1017627716,
            "stdev": 1.1802624464
        }
    },
    "melbands_crest": {
        "max": 34.8899154663,
        "mean": 16.5687122345,
        "min": 3.50913906097,
        "stdev": 5.89582920074
    },
    "melbands_flatness_db": {
        "max": 0.587053120136,
        "mean": 0.256498754025,
        "min": 0.0325026884675,
        "stdev": 0.0847904160619
    },
    "melbands_kurtosis": {
        "max": 572.816345215,
        "mean": 27.3792858124,
        "min": -1.82341361046,
        "stdev": 39.5856742859
    },
    "melbands_skewness": {
        "max": 17.7611618042,
        "mean": 3.35900187492,
        "min": -1.23335051537,
        "stdev": 2.15150976181
    },
    "melbands_spread": {
        "max": 186.174499512,
        "mean": 15.6703109741,
        "min": 0.400302618742,
        "stdev": 21.717546463
    },
    "pitch_salience": {
        "max": 0.90721988678,
        "mean": 0.512036561966,
        "min": 0.10729932785,
        "stdev": 0.145331129432
    },
    "silence_rate_20dB": {
        "max": 1,
        "mean": 1,
        "min": 1,
        "stdev": 0
    },
    "silence_rate_30dB": {
        "max": 1,
        "mean": 0.986428558826,
        "min": 0,
        "stdev": 0.115703463554
    },
    "silence_rate_60dB": {
        "max": 1,
        "mean": 0.0517857149243,
        "min": 0,
        "stdev": 0.221598207951
    },
    "spectral_centroid": {
        "max": 4870.31787109,
        "mean": 935.715820312,
        "min": 121.695053101,
        "stdev": 780.104736328
    },
    "spectral_complexity": {
        "max": 54,
        "mean": 11.9939289093,
        "min": 1,
        "stdev": 7.10891342163
    },
    "spectral_decrease": {
        "max": -1.06754889651e-10,
        "mean": -8.27574631046e-09,
        "min": -4.8499710914e-08,
        "stdev": 6.46277698024e-09
    },
    "spectral_energy": {
        "max": 0.187147498131,
        "mean": 0.0327698178589,
        "min": 0.0004303981259,
        "stdev": 0.0249198675156
    },
    "spectral_energyband_high": {
        "max": 0.0213964860886,
        "mean": 0.000883206375875,
        "min": 4.48928574315e-08,
        "stdev": 0.00179726502392
    },
    "spectral_energyband_low": {
        "max": 0.133262112737,
        "mean": 0.0110878683627,
        "min": 7.79357606007e-07,
        "stdev": 0.0165258087218
    },
    "spectral_energyband_middle_high": {
        "max": 0.0311621632427,
        "mean": 0.00208718166687,
        "min": 1.55673351401e-05,
        "stdev": 0.0034877427388
    },
    "spectral_energyband_middle_low": {
        "max": 0.13816447556,
        "mean": 0.0192783139646,
        "min": 0.000222968999879,
        "stdev": 0.018753759563
    },
    "spectral_entropy": {
        "max": 8.77994155884,
        "mean": 7.37269115448,
        "min": 5.28455495834,
        "stdev": 0.566079497337
    },
    "spectral_flux": {
        "max": 0.407736301422,
        "mean": 0.076495423913,
        "min": 0.00937419012189,
        "stdev": 0.0615358389914
    },
    "spectral_kurtosis": {
        "max": 153.146011353,
        "mean": 3.67983603477,
        "min": -1.13938474655,
        "stdev": 4.68449163437
    },
    "spectral_rms": {
        "max": 0.0135123245418,
        "mean": 0.00523478304967,
        "min": 0.000647997367196,
        "stdev": 0.00213718786836
    },
    "spectral_rolloff": {
        "max": 11197.265625,
        "mean": 1257.48852539,
        "min": 64.599609375,
        "stdev": 2098.5612793
    },
    "spectral_skewness": {
        "max": 9.99522781372,
        "mean": 1.47794115543,
        "min": -0.0773135870695,
        "stdev": 0.572368562222
    },
    "spectral_spread": {
        "max": 14750715,
        "mean": 5043499,
        "min": 1008692.9375,
        "stdev": 2223598
    },
    "spectral_strongpeak": {
        "max": 7.1273355484,
        "mean": 0.933894634247,
        "min": 0.0286594424397,
        "stdev": 0.902991116047
    },
    "zerocrossingrate": {
        "max": 0.34228515625,
        "mean": 0.047750942409,
        "min": 0.00244140625,
        "stdev": 0.0503516979516
    },
    "barkbands": {
        "max": [0.00260244775563, 0.0973212718964, 0.0801597684622, 0.0551165267825, 0.0759981647134, 0.046106852591, 0.059021640569, 0.0548463128507, 0.031326238066, 0.014551631175, 0.00763445114717, 0.0101832197979, 0.00576261989772, 0.00378110329621, 0.00365251675248, 0.00559118436649, 0.00451647629961, 0.00258489185944, 0.000971367873717, 0.0110092675313, 0.0146001558751, 0.0103589892387, 0.00452248053625, 0.00334362383001, 0.00459871999919, 0.00137214222923, 6.2750300458e-06],
        "mean": [0.000198676760192, 0.00772403972223, 0.0027125752531, 0.00113706500269, 0.00893699843436, 0.0010809910018, 0.00406000716612, 0.00225569936447, 0.00154145702254, 0.000647587236017, 0.000410530919908, 0.000255892722635, 0.000205381642445, 0.000153850472998, 0.00014262800687, 0.000107667627162, 0.000115114751679, 0.000106663057522, 6.45784821245e-05, 0.000103584279714, 0.000191371975234, 0.000227936761803, 0.000106973617221, 0.000129302512505, 0.00012562442862, 2.76328519249e-05, 1.80640231662e-08],
        "min": [2.450245562e-09, 3.16747055251e-08, 6.22518214755e-08, 1.91152821571e-07, 1.25749584186e-05, 2.84410657514e-06, 1.37858905873e-05, 4.89554122396e-06, 1.06318866528e-05, 2.13927000914e-06, 2.16676426135e-06, 1.9754911591e-06, 1.3296215684e-06, 4.02184099357e-08, 5.34698244792e-07, 6.08149761661e-08, 7.28679294681e-09, 9.64218003219e-08, 2.05500711559e-07, 1.03339502289e-07, 4.83932316442e-09, 3.17584680776e-10, 4.14398966531e-11, 2.16879222914e-11, 2.57300968726e-11, 3.43743089548e-11, 4.62753446673e-11],
        "stdev": [0.000360854523024, 0.0114496741444, 0.00674892216921, 0.00344477663748, 0.0100054582581, 0.00287267984822, 0.00727328332141, 0.00532945292071, 0.0036392675247, 0.0012086534407, 0.00079149461817, 0.000592474651057, 0.000439680006821, 0.000367459753761, 0.000343385443557, 0.000360005593393, 0.000311153999064, 0.000222365153604, 9.97916140477e-05, 0.000445640645921, 0.000556517858058, 0.000671615358442, 0.000290552852675, 0.000285378162516, 0.000379188160878, 0.000103960592241, 1.74456900481e-07]
    },
    "erbbands": {
        "max": [1.93487477303, 26.7367458344, 86.5555801392, 143.398178101, 308.316223145, 303.425201416, 658.298828125, 473.421173096, 807.467285156, 1106.07556152, 1342.45837402, 709.475036621, 388.575866699, 338.572692871, 437.793792725, 338.843536377, 237.513244629, 238.188156128, 183.262557983, 195.950668335, 294.323364258, 235.610488892, 191.945587158, 75.8197097778, 87.7682876587, 387.970184326, 890.853210449, 307.313140869, 568.30291748, 236.281738281, 133.292068481, 72.8016281128, 62.8143157959, 48.4462547302, 41.6441307068, 11.4982738495, 0.963980257511, 0.0686736106873, 0.00141293788329, 0.000211964725167],
        "mean": [0.177751421928, 1.82391250134, 3.97467923164, 3.05439949036, 13.5026140213, 38.4019050598, 19.9215068817, 8.25520801544, 43.6270294189, 63.0551834106, 43.5433578491, 41.3189315796, 22.4655056, 20.708190918, 13.9828863144, 11.1346521378, 9.58584022522, 8.28147220612, 7.68413972855, 6.53871583939, 5.76409578323, 6.2620100975, 6.1828660965, 4.57536077499, 2.71731996536, 4.7950963974, 8.00866699219, 7.15743732452, 9.04465675354, 4.67195749283, 3.14932537079, 2.39329338074, 2.29302144051, 1.56995940208, 0.823579788208, 0.23931132257, 0.0203928817064, 0.000766389013734, 4.98741428601e-05, 4.18837626057e-05],
        "min": [2.01059219762e-06, 5.58684732823e-05, 0.000395740789827, 0.0019777729176, 0.0181341525167, 0.0245308689773, 0.0194783266634, 0.0479656346142, 0.217230558395, 0.137142270803, 0.189170643687, 0.296583175659, 0.170255705714, 0.0710005313158, 0.0818549096584, 0.0745132789016, 0.0674302577972, 0.00916512496769, 0.00606207316741, 0.0119144283235, 0.00726875849068, 0.00351249915548, 0.00775070395321, 0.0139293950051, 0.0113476216793, 0.00620830617845, 0.000489828933496, 0.000181372146471, 0.000144787845784, 4.47878410341e-05, 1.12261932372e-05, 5.27412066731e-06, 3.25569408233e-06, 2.38660413743e-06, 1.55917712164e-06, 6.36876848148e-07, 3.01682376858e-07, 8.76814780781e-08, 2.41797920353e-07, 5.03755245518e-07],
        "stdev": [0.286468148232, 3.00824379921, 8.27245998383, 8.98314476013, 20.3217258453, 49.6076507568, 46.7618522644, 17.396232605, 84.9706497192, 110.911560059, 93.2272644043, 93.5846252441, 42.1330680847, 32.122127533, 33.0263175964, 23.1887931824, 18.9197978973, 19.6152534485, 17.3267498016, 16.9836158752, 17.9350357056, 16.912651062, 13.9804391861, 7.302546978, 5.24012708664, 19.3065605164, 29.3229579926, 18.1582126617, 26.6563301086, 15.5559072495, 7.8972029686, 5.83970117569, 4.97134447098, 4.35351705551, 2.87111020088, 0.888230621815, 0.0722609385848, 0.00287664169446, 0.000110658278572, 2.9636610634e-05]
    },
    "gfcc": {
        "mean": [-36.0344352722, 120.487411499, -115.34487915, 40.7120361328, -82.8728485107, 11.7157297134, -32.9930839539, 2.69589543343, -15.9545450211, -4.49491024017, -8.40377521515, -12.8990497589, 1.40434718132],
        "cov": [[4021.74389648, -1878.30102539, 453.730255127, -230.374938965, -559.670349121, 584.84552002, -771.514221191, 513.640869141, -551.725585938, 295.224273682, -352.977050781, 171.681488037, 9.54337978363], [-1878.30102539, 2771.38549805, -432.699890137, 222.884597778, 726.219360352, -542.565368652, 772.859069824, -403.336914062, 561.143554688, -304.01965332, 466.156524658, -341.937805176, 307.30355835], [453.730255127, -432.699890137, 1055.47521973, 344.652435303, 132.681137085, 437.635986328, 20.4961566925, 282.286712646, 21.3563957214, 204.067886353, -56.8112030029, 152.210174561, -73.7966384888], [-230.374938965, 222.884597778, 344.652435303, 493.431945801, 289.481628418, 185.08354187, 229.01991272, 53.8933372498, 167.200012207, 33.1184387207, 102.609985352, 31.1681060791, 19.3728923798], [-559.670349121, 726.219360352, 132.681137085, 289.481628418, 478.573791504, 54.1531448364, 385.745941162, -16.7749423981, 228.007217407, -19.1962375641, 126.207641602, -8.88764858246, 31.8153018951], [584.84552002, -542.565368652, 437.635986328, 185.08354187, 54.1531448364, 524.805480957, 18.883764267, 242.301467896, -10.5664377213, 119.552474976, -53.3847007751, 110.292892456, -87.7366714478], [-771.514221191, 772.859069824, 20.4961566925, 229.01991272, 385.745941162, 18.883764267, 526.980224609, -43.831325531, 275.848083496, -37.5198745728, 122.147438049, -22.0004138947, -1.19901585579], [513.640869141, -403.336914062, 282.286712646, 53.8933372498, -16.7749423981, 242.301467896, -43.831325531, 285.012268066, -38.2409667969, 121.812110901, -42.7519454956, 64.5153884888, -15.2649030685], [-551.725585938, 561.143554688, 21.3563957214, 167.200012207, 228.007217407, -10.5664377213, 275.848083496, -38.2409667969, 273.375152588, -25.6022052765, 134.120864868, -34.8078689575, 28.5918807983], [295.224273682, -304.01965332, 204.067886353, 33.1184387207, -19.1962375641, 119.552474976, -37.5198745728, 121.812110901, -25.6022052765, 162.696228027, -37.5932350159, 64.2478103638, -12.3300819397], [-352.977050781, 466.156524658, -56.8112030029, 102.609985352, 126.207641602, -53.3847007751, 122.147438049, -42.7519454956, 134.120864868, -37.5932350159, 190.888748169, -43.9367256165, 92.7991409302], [171.681488037, -341.937805176, 152.210174561, 31.1681060791, -8.88764858246, 110.292892456, -22.0004138947, 64.5153884888, -34.8078689575, 64.2478103638, -43.9367256165, 170.738510132, -67.9417190552], [9.54337978363, 307.30355835, -73.7966384888, 19.3728923798, 31.8153018951, -87.7366714478, -1.19901585579, -15.2649030685, 28.5918807983, -12.3300819397, 92.7991409302, -67.9417190552, 175.237121582]],
        "icov": [[0.000595715944655, -0.0001832521084, 0.000130514948978, -3.38505014952e-05, 0.000191761311726, -0.000680670666043, 0.000588306866121, -0.000466155004688, 0.000398018746637, -0.000294007069897, 0.000718143070117, -0.000247214658884, -0.000626347900834], [-0.0001832521084, 0.00366665166803, -0.000925250002183, 0.00170867296401, -0.00315627083182, 0.00208983127959, -0.00233455724083, 0.00142020557541, -0.00141265883576, 0.00229903683066, -0.00278070545755, 0.00291394814849, -0.0022768706549], [0.000130514948978, -0.000925250002183, 0.00237092305906, -0.00157553737517, 0.000366736901924, -0.00120760453865, 0.00130373670254, -0.00109321658965, 4.7411864216e-05, -0.00174047739711, 0.00141086440999, -0.00111555075273, 0.000720720447134], [-3.38505014952e-05, 0.00170867296401, -0.00157553737517, 0.00539989862591, -0.00309094344266, -0.000124452693854, -0.00111324083991, 0.0013602116378, -0.00126533873845, 0.00126016780268, -0.00238065398298, 0.00113591132686, -0.0016490543494], [0.000191761311726, -0.00315627083182, 0.000366736901924, -0.00309094344266, 0.00933486223221, -0.00181021366734, -0.00181742187124, -0.00102025875822, 0.000973461486865, -0.00149026699364, 0.00203162338585, -0.00283847702667, 0.000878173974343], [-0.000680670666043, 0.00208983127959, -0.00120760453865, -0.000124452693854, -0.00181021366734, 0.00615836540237, -0.00191596976947, -0.00160713109653, -0.000713643035851, 0.001613626373, -0.00227004638873, 0.00135550368577, 0.00109399354551], [0.000588306866121, -0.00233455724083, 0.00130373670254, -0.00111324083991, -0.00181742187124, -0.00191596976947, 0.00852125976235, -0.00136288395151, -0.00280894339085, -0.00153453508392, 0.00288221053779, -0.00187070376705, 0.00214304937981], [-0.000466155004688, 0.00142020557541, -0.00109321658965, 0.0013602116378, -0.00102025875822, -0.00160713109653, -0.00136288395151, 0.00851819012314, -0.000470621656859, -0.00202570320107, -0.00124822405633, 0.00122153270058, -0.00189375225455], [0.000398018746637, -0.00141265883576, 4.7411864216e-05, -0.00126533873845, 0.000973461486865, -0.000713643035851, -0.00280894339085, -0.000470621656859, 0.0114838248119, -0.0017596775433, -0.0036245896481, 0.000154605222633, 0.00200308579952], [-0.000294007069897, 0.00229903683066, -0.00174047739711, 0.00126016780268, -0.00149026699364, 0.001613626373, -0.00153453508392, -0.00202570320107, -0.0017596775433, 0.0123251313344, -0.000494146428537, -0.000569171854295, -0.00280110328458], [0.000718143070117, -0.00278070545755, 0.00141086440999, -0.00238065398298, 0.00203162338585, -0.00227004638873, 0.00288221053779, -0.00124822405633, -0.0036245896481, -0.000494146428537, 0.0148228956386, -0.00320213334635, -0.00443437090144], [-0.000247214658884, 0.00291394814849, -0.00111555075273, 0.00113591132686, -0.00283847702667, 0.00135550368577, -0.00187070376705, 0.00122153270058, 0.000154605222633, -0.000569171854295, -0.00320213334635, 0.0110205439851, 0.00149895378854], [-0.000626347900834, -0.0022768706549, 0.000720720447134, -0.0016490543494, 0.000878173974343, 0.00109399354551, 0.00214304937981, -0.00189375225455, 0.00200308579952, -0.00280110328458, -0.00443437090144, 0.00149895378854, 0.0128628266975]]
    },
    "melbands": {
        "max": [0.0185606367886, 0.0361168421805, 0.0268163438886, 0.018295571208, 0.0185330230743, 0.00941391009837, 0.0129925329238, 0.0134832682088, 0.0106039969251, 0.00449202954769, 0.00201474269852, 0.00148239557166, 0.00124918867368, 0.00138409994543, 0.000552291574422, 0.000611536495853, 0.000404762977269, 0.00035908081918, 0.000340002996381, 0.000331172166625, 0.000344709173078, 0.00024014239898, 0.000264965783572, 0.000132599569042, 7.24124111002e-05, 3.28960559273e-05, 0.000185029406566, 0.000373878749087, 0.000719961710274, 0.000312412972562, 0.000231983867707, 0.000357188691851, 0.000261004606728, 0.000171946361661, 8.63189707161e-05, 5.34441860509e-05, 4.85227174067e-05, 5.38502063137e-05, 3.66060594388e-05, 4.58568174508e-05],
        "mean": [0.00184624036774, 0.00218495447189, 0.000781107810326, 0.00195811432786, 0.000943267252296, 0.000181212963071, 0.000756458204705, 0.000656270596664, 0.000331203802489, 0.000248328695307, 0.000103229191154, 8.22171568871e-05, 4.8586694902e-05, 3.44885665982e-05, 2.15809923247e-05, 2.03389718081e-05, 1.49178849824e-05, 1.1996041394e-05, 1.12346624519e-05, 7.82824645285e-06, 6.46324815534e-06, 6.35145488559e-06, 6.40521875539e-06, 4.92012395625e-06, 3.66123117601e-06, 2.02992350751e-06, 1.95312554752e-06, 3.4528713968e-06, 5.08609355165e-06, 4.75074784845e-06, 3.84853365176e-06, 5.11012922289e-06, 4.39119412476e-06, 1.95655525204e-06, 1.95309576156e-06, 1.3734706954e-06, 1.51103745338e-06, 1.58439559073e-06, 1.55597115281e-06, 1.2766178088e-06],
        "min": [1.08976525581e-08, 8.23708248276e-08, 6.02265231464e-07, 2.45682531386e-06, 4.97458643167e-07, 5.06247204157e-07, 2.45811656896e-06, 1.03020170172e-06, 1.05480773982e-06, 1.6138335468e-06, 7.68302186316e-07, 2.43585532189e-07, 2.76281809874e-07, 1.48790320509e-07, 1.64726287721e-07, 9.25727619006e-08, 5.80968517738e-09, 4.61449278788e-09, 3.18532507038e-08, 4.73460781691e-09, 9.08273989353e-09, 4.12053779986e-10, 3.66066754687e-09, 2.94915736276e-09, 9.11331010656e-09, 1.00330286301e-08, 4.80833506344e-09, 3.06046432641e-09, 1.58092372526e-10, 1.02573470551e-10, 9.53553902505e-11, 7.42993774144e-12, 3.41791417217e-12, 1.98641689035e-12, 5.05622453628e-13, 4.60624973494e-13, 2.66435446839e-13, 2.16780911798e-13, 1.61767002788e-13, 2.00515385546e-13],
        "stdev": [0.00266664219089, 0.00398471578956, 0.00177006190643, 0.00233919336461, 0.00164701638278, 0.000396434421418, 0.00141585443635, 0.00122412643395, 0.000762667856179, 0.000577757658903, 0.000202598806936, 0.000133683090098, 0.000105901359348, 8.33815211081e-05, 4.00204880862e-05, 4.70531595056e-05, 3.58889701602e-05, 2.75732927548e-05, 2.77939416264e-05, 2.56103867287e-05, 1.99629648705e-05, 1.7393131202e-05, 1.73485914274e-05, 9.71011195361e-06, 5.9037211031e-06, 3.09968481815e-06, 6.20164792053e-06, 1.56733112817e-05, 2.23714196181e-05, 1.41449027069e-05, 1.14820732051e-05, 1.56898058776e-05, 1.59112460096e-05, 7.35178946343e-06, 4.99132465848e-06, 3.77383230443e-06, 3.70649740944e-06, 3.4879381019e-06, 3.44417298948e-06, 4.03668036597e-06]
    },
    "melbands128": {
        "max": [0.00252084014937, 0.0184969883412, 0.0286355763674, 0.0556073822081, 0.0497340522707, 0.0372822880745, 0.0293699689209, 0.0275407154113, 0.0383437052369, 0.0217300541699, 0.0224752165377, 0.0165343862027, 0.0323716029525, 0.0125627871603, 0.0145121961832, 0.010045375675, 0.00786935724318, 0.0242418106645, 0.0192478001118, 0.0167041830719, 0.0229969937354, 0.0113080795854, 0.016995344311, 0.00720261596143, 0.00888964347541, 0.00814482290298, 0.00375644653104, 0.00358881847933, 0.00256098434329, 0.00234336894937, 0.00139412423596, 0.000865179870743, 0.00118476373609, 0.00168991507962, 0.00187387410551, 0.00130472541787, 0.000747353537008, 0.000629103160463, 0.000554965052288, 0.000554828206077, 0.00137794867624, 0.000739091075957, 0.000430200860137, 0.000534998602234, 0.000756078690756, 0.000408357853303, 0.000658485223539, 0.000866094545927, 0.000374338240363, 0.000212162703974, 0.000577314174734, 0.000296538462862, 0.000491988903377, 0.000287405273411, 0.000214156185393, 0.000273668061709, 0.000188047735719, 0.000387033534935, 0.000251647725236, 0.000154810899403, 0.000205755379284, 0.000151364089106, 8.7207154138e-05, 0.000102579149825, 4.54343789897e-05, 3.74746086891e-05, 5.06258438691e-05, 6.35784890619e-05, 0.000220508387429, 0.000430410524132, 0.000245489471126, 0.000823430949822, 0.000793536251877, 0.00116575008724, 0.000495207554195, 0.000759718765039, 0.000473991414765, 0.000148727282067, 0.000431507709436, 0.000368920183973, 0.000393224705476, 0.000856727012433, 0.000579231360462, 0.000477958441479, 0.000391006964492, 0.000172355037648, 0.00027603059425, 0.000208314100746, 9.72713460214e-05, 0.000108007559902, 7.66697048675e-05, 6.21694271103e-05, 7.12797482265e-05, 6.16716934019e-05, 7.37995214877e-05, 7.0699112257e-05, 5.19948589499e-05, 6.98478106642e-05, 4.33345594502e-05, 3.88116750401e-05, 8.70724761626e-05, 5.53099926037e-05, 8.3050756075e-05, 9.82020064839e-05, 7.32352564228e-05, 3.06466281472e-05, 2.95162008115e-05, 3.3669082768e-05, 3.89514425478e-05, 1.43594907058e-05, 7.82784627518e-06, 3.19335663335e-06, 2.37006406678e-06, 5.15257670486e-06, 8.64778712639e-07, 2.96164188285e-07, 6.84044749732e-08, 6.99725788422e-08, 4.96747460943e-08, 6.3242666215e-08, 3.28581748477e-08, 6.83704159954e-09, 3.27078595319e-08, 4.58130111625e-09, 4.50150539066e-09, 4.43600756128e-09, 4.39243530437e-09, 4.36492175737e-09],
        "mean": [0.000193747371668, 0.00127719575539, 0.00228024204262, 0.00341098685749, 0.00262832664885, 0.00103186047636, 0.000486667122459, 0.000632720009889, 0.00121538853273, 0.00226644007489, 0.00245514349081, 0.00139227649197, 0.000659573706798, 0.000169721271959, 0.000114826056233, 0.000209016521694, 0.000330387207214, 0.000992064946331, 0.00118936272338, 0.00060847325949, 0.000507388089318, 0.000332483381499, 0.000374140363419, 0.000218363449676, 0.000301825202769, 0.00026263075415, 0.000100549332274, 0.000114806200145, 5.83475775784e-05, 9.55773866735e-05, 9.15300406632e-05, 5.99307131779e-05, 4.18309718953e-05, 4.8290596169e-05, 2.90615807899e-05, 3.91946778109e-05, 2.75395777862e-05, 1.61620246217e-05, 2.28910066653e-05, 2.09157951758e-05, 2.24035557039e-05, 1.3514814782e-05, 1.37871902552e-05, 1.77176261786e-05, 1.27032890305e-05, 9.02588544704e-06, 1.30196385726e-05, 1.55229099619e-05, 7.85193606134e-06, 6.16103352513e-06, 1.05187709778e-05, 5.5419382079e-06, 6.64445587972e-06, 6.60400974084e-06, 6.68516577207e-06, 5.70716247239e-06, 6.56409338262e-06, 7.37783966542e-06, 5.69933899897e-06, 6.01603596806e-06, 4.71929797641e-06, 4.45087061962e-06, 4.09405674873e-06, 3.68597784473e-06, 2.52071413342e-06, 1.94724339053e-06, 1.7453203327e-06, 1.54577094236e-06, 1.97744589059e-06, 2.51346523328e-06, 3.07662776322e-06, 3.91446883441e-06, 5.27845213583e-06, 5.34340279046e-06, 4.81564848087e-06, 5.08794209964e-06, 4.68050166091e-06, 3.91431785829e-06, 3.68559244635e-06, 3.71021951651e-06, 4.38028700955e-06, 6.22260131422e-06, 5.92721153225e-06, 4.62178741145e-06, 2.68667326964e-06, 1.91655271919e-06, 1.66862582773e-06, 1.90909031517e-06, 2.39270275415e-06, 1.61072307492e-06, 1.34017932396e-06, 1.33965409077e-06, 1.32922275498e-06, 1.41867167258e-06, 1.75512559508e-06, 1.60186596077e-06, 1.45444425925e-06, 1.69424129126e-06, 1.72913541974e-06, 1.41862551573e-06, 1.13587225314e-06, 1.26683107737e-06, 1.41279201671e-06, 1.32566685807e-06, 1.02244314348e-06, 5.9717598333e-07, 4.19780178618e-07, 5.98382428052e-07, 5.20835158113e-07, 2.28434117844e-07, 1.01158001087e-07, 6.40575521516e-08, 3.43249055845e-08, 1.43801726082e-08, 6.61317711703e-09, 1.86799531399e-09, 4.8317017054e-10, 6.92739476893e-11, 5.65933619412e-11, 5.40663486204e-11, 2.88824728023e-11, 1.07328278209e-11, 2.89208275384e-11, 6.26892678393e-12, 5.83847510269e-12, 5.6403046296e-12, 5.52710568286e-12, 5.48624643978e-12],
        "min": [2.64471861078e-10, 5.77369818622e-10, 4.37282521304e-09, 1.10492273109e-08, 1.49118584147e-08, 3.1301333081e-08, 5.62805233528e-08, 6.48192752806e-08, 1.06957395474e-06, 1.05321828414e-06, 5.6961602013e-07, 2.86647519943e-07, 2.25340066606e-08, 4.2278927026e-08, 4.39877503311e-08, 2.28527284207e-07, 2.90526145363e-07, 1.17510728614e-06, 3.75475991632e-07, 2.81855335516e-07, 3.99582376076e-07, 4.72497021065e-07, 4.48164655609e-07, 5.30975114543e-07, 4.62982171712e-07, 2.47292547328e-07, 1.94795447328e-07, 1.43761269555e-07, 1.54850084755e-07, 1.04476143292e-07, 1.35331703177e-07, 1.2329488186e-07, 1.01698219623e-07, 1.02373334698e-07, 7.90624312685e-08, 4.11010177004e-08, 1.42097107414e-07, 9.06493227149e-08, 7.65221344068e-08, 8.54734949485e-08, 6.81846401562e-08, 1.15106120191e-08, 2.81533463209e-09, 4.31647739774e-09, 4.01436217601e-09, 3.51574191981e-09, 5.56075230307e-09, 1.43069263103e-08, 4.32594582378e-09, 4.35701119628e-09, 3.92621490874e-09, 1.48120693488e-09, 1.75861647467e-09, 2.05574601786e-09, 5.78559644637e-10, 3.81692982776e-10, 1.93127402959e-10, 4.48811848797e-10, 1.42857536911e-09, 2.96000135513e-09, 5.64113422641e-10, 2.89900903283e-09, 9.26655463473e-09, 4.47532816361e-10, 2.41615305541e-09, 2.86945422978e-09, 3.06626524171e-09, 7.01615709975e-10, 1.45712153454e-09, 1.97578109429e-09, 3.32776317613e-09, 3.50159512497e-10, 1.52313023305e-10, 1.73848699325e-10, 1.13936575452e-10, 1.23934529306e-10, 6.87336507155e-11, 1.05141860496e-10, 6.86259590821e-11, 2.05066120335e-11, 5.62306841714e-12, 4.00116615187e-12, 3.45468597306e-12, 3.57689529037e-12, 3.20744494332e-12, 6.78506350497e-13, 5.38188905334e-13, 4.21857671408e-13, 3.97450410257e-13, 2.60546087743e-13, 4.38759570126e-13, 4.92912785241e-13, 2.76004506793e-13, 1.79894388773e-13, 2.29062401642e-13, 2.11486833905e-13, 1.38171280515e-13, 1.89729755886e-13, 1.38698812635e-13, 1.44628734444e-13, 1.05508985338e-13, 1.34353940191e-13, 1.12431927917e-13, 1.53977484517e-13, 1.26052515865e-13, 1.66684699897e-13, 1.92689085716e-13, 1.69556344876e-13, 1.50085984764e-13, 1.21743205252e-13, 1.42877897014e-13, 1.5428205046e-13, 1.26078035273e-13, 1.31656960182e-13, 1.07343448637e-13, 1.33456410528e-13, 1.18997165095e-13, 1.42841115455e-13, 1.42291492716e-13, 1.06456937178e-13, 1.34063333351e-13, 1.38400277567e-13, 1.3191414649e-13, 1.28095749069e-13, 9.86088787664e-14, 3.84891838995e-14, 5.542280993e-15, 1.5853050112e-16],
        "stdev": [0.000356197269866, 0.00248316419311, 0.00378819019534, 0.00604140060022, 0.00521500222385, 0.00289822160266, 0.00181458692532, 0.00180311314762, 0.00235582632013, 0.00328954868019, 0.00360176665708, 0.00279537099414, 0.00219923793338, 0.000684061320499, 0.000474436586956, 0.000471520004794, 0.000709476240445, 0.00240166322328, 0.00237465184182, 0.00144273368642, 0.00181917299051, 0.000905935419723, 0.00104782823473, 0.000746779027395, 0.000782955379691, 0.000743396871258, 0.00025317366817, 0.00027208897518, 0.000171470572241, 0.000207019344089, 0.000141903423355, 0.000108087995613, 0.000113936475827, 0.000139065290568, 9.16521457839e-05, 9.27090150071e-05, 5.5950928072e-05, 3.97649819206e-05, 5.11375401402e-05, 4.43057288066e-05, 6.37266493868e-05, 4.9775269872e-05, 3.64475527022e-05, 4.663423897e-05, 4.00709723181e-05, 2.54577880696e-05, 3.87094587495e-05, 4.64958138764e-05, 2.41671550611e-05, 1.68567748915e-05, 4.01539655286e-05, 1.74510387296e-05, 2.49831882684e-05, 1.87153418665e-05, 1.84344517038e-05, 1.82947533176e-05, 1.64705797943e-05, 2.28012540902e-05, 1.70388902916e-05, 1.37210054163e-05, 1.05281778815e-05, 9.00954637473e-06, 7.31161799195e-06, 6.62442425892e-06, 4.18419404014e-06, 2.73480395663e-06, 3.71241048924e-06, 4.12544704886e-06, 6.97338009559e-06, 1.13275227704e-05, 1.32309933178e-05, 2.43834456342e-05, 2.90643947665e-05, 2.8535239835e-05, 1.86554061656e-05, 2.22256803681e-05, 1.34545489345e-05, 9.47693479247e-06, 1.4748005924e-05, 1.59080427693e-05, 1.71632145793e-05, 2.28639091802e-05, 2.26660322369e-05, 2.10336111195e-05, 1.28107667479e-05, 8.32793375594e-06, 8.50949345477e-06, 6.55083795209e-06, 5.97276630288e-06, 4.73257978229e-06, 4.04566299039e-06, 4.06945991926e-06, 3.86850206269e-06, 4.0888262447e-06, 4.21517688665e-06, 3.74570754502e-06, 3.4289080304e-06, 4.16126977143e-06, 3.75441368305e-06, 3.39540224559e-06, 3.80009805667e-06, 4.48146465715e-06, 5.43635587746e-06, 5.31969453732e-06, 3.92084393752e-06, 2.01194961846e-06, 1.68148528701e-06, 2.46355989475e-06, 2.16583293877e-06, 8.43271379836e-07, 3.79326934308e-07, 2.48150513471e-07, 1.44192100038e-07, 1.14988424116e-07, 3.99405557516e-08, 1.26420456326e-08, 3.05109848497e-09, 1.58807467177e-09, 1.33348265763e-09, 1.39681355371e-09, 7.52068352039e-10, 1.66584843142e-10, 8.44175895853e-10, 8.74058742051e-11, 8.52948683905e-11, 8.40562966453e-11, 8.32336422008e-11, 8.27127880076e-11]
    },
    "mfcc": {
        "mean": [-670.562438965, 133.586914062, 20.1212100983, 22.6189517975, -11.0544624329, 1.53176236153, -2.48053765297, -3.20659208298, 4.94339132309, -4.43225383759, 1.95336544514, 4.17399692535, -9.16126823425],
        "cov": [[3710.60961914, -1441.66137695, 337.264038086, -740.58404541, 126.411987305, -280.869750977, -16.8007316589, -172.932678223, 53.3450393677, -201.634796143, -152.583892822, -61.1219139099, -124.26423645], [-1441.66137695, 2100.03393555, -575.168945312, 605.051757812, -43.9190635681, 93.6468276978, 152.051986694, -9.63485717773, 114.794456482, 115.122932434, 67.7155456543, 107.489212036, -57.07762146], [337.264038086, -575.168945312, 879.88470459, -23.0136947632, 271.023651123, 141.977325439, 91.2018585205, 132.658538818, 95.5504226685, 65.7301177979, 107.041870117, 41.133682251, 87.7226257324], [-740.58404541, 605.051757812, -23.0136947632, 562.664611816, 92.7822570801, 205.091079712, 105.544525146, 101.984573364, 90.8105239868, 93.1422805786, 83.1386795044, 84.7489700317, 66.1063995361], [126.411987305, -43.9190635681, 271.023651123, 92.7822570801, 275.261108398, 93.8980560303, 108.631523132, 75.3395996094, 73.8394775391, 59.0847854614, 41.1309928894, 51.8432159424, 48.6487770081], [-280.869750977, 93.6468276978, 141.977325439, 205.091079712, 93.8980560303, 379.974853516, 91.1381607056, 238.645523071, 47.2202453613, 144.124572754, 101.634933472, 22.4135837555, 127.581756592], [-16.8007316589, 152.051986694, 91.2018585205, 105.544525146, 108.631523132, 91.1381607056, 215.709762573, 76.5387115479, 119.869384766, 66.2065048218, 66.1863555908, 65.1895065308, 17.897851944], [-172.932678223, -9.63485717773, 132.658538818, 101.984573364, 75.3395996094, 238.645523071, 76.5387115479, 329.990386963, 31.1830177307, 135.739822388, 79.3621368408, 46.1565246582, 127.790351868], [53.3450393677, 114.794456482, 95.5504226685, 90.8105239868, 73.8394775391, 47.2202453613, 119.869384766, 31.1830177307, 181.037826538, 58.8157043457, 77.6543884277, 42.6244659424, 7.17681264877], [-201.634796143, 115.122932434, 65.7301177979, 93.1422805786, 59.0847854614, 144.124572754, 66.2065048218, 135.739822388, 58.8157043457, 184.706954956, 71.6100082397, 33.6478805542, 63.931930542], [-152.583892822, 67.7155456543, 107.041870117, 83.1386795044, 41.1309928894, 101.634933472, 66.1863555908, 79.3621368408, 77.6543884277, 71.6100082397, 131.744720459, 41.8629875183, 48.7089920044], [-61.1219139099, 107.489212036, 41.133682251, 84.7489700317, 51.8432159424, 22.4135837555, 65.1895065308, 46.1565246582, 42.6244659424, 33.6478805542, 41.8629875183, 115.033927917, 17.310333252], [-124.26423645, -57.07762146, 87.7226257324, 66.1063995361, 48.6487770081, 127.581756592, 17.897851944, 127.790351868, 7.17681264877, 63.931930542, 48.7089920044, 17.310333252, 136.168258667]],
        "icov": [[0.000520241854247, 0.000257807580056, 9.65123035712e-05, 0.000522033020388, -0.00037449010415, -0.000171535575646, 1.13209780466e-05, 3.19791106449e-05, -0.000723192759324, 0.000318266887916, 0.000523397582583, -0.000255992927123, 0.000264235393843], [0.000257807580056, 0.00116586324293, 0.000730363884941, -0.000741987896618, -0.000222282877075, 1.6891704945e-05, -0.000342425104463, 0.000130874468596, -0.000346470304066, -0.000334410491632, -0.00011339221237, -0.00028925971128, 0.000852041703183], [9.65123035712e-05, 0.000730363884941, 0.00243948423304, 9.07683206606e-05, -0.00207251310349, -0.000289153220365, 0.000291417323751, -0.000145328158396, -0.000546749099158, 0.000250837299973, -0.00138839485589, -9.87256426015e-05, 0.000308276765281], [0.000522033020388, -0.000741987896618, 9.07683206606e-05, 0.0043157832697, -0.00100093055516, -0.00204127607867, 0.000541291141417, 0.000591564632487, -0.0015671516303, 0.00090209528571, 0.000707187282387, -0.00176979368553, -0.000713389192242], [-0.00037449010415, -0.000222282877075, -0.00207251310349, -0.00100093055516, 0.0072483336553, -0.000105191633338, -0.00221488485113, 0.00044603049173, 5.09958153998e-05, -0.000917588535231, 0.00193126697559, -0.00092884816695, -0.00137698627077], [-0.000171535575646, 1.6891704945e-05, -0.000289153220365, -0.00204127607867, -0.000105191633338, 0.0074138212949, -0.00138635758776, -0.00303670018911, 0.00161071284674, -0.00170655688271, -0.0022013054695, 0.00307192257605, -0.00173558003735], [1.13209780466e-05, -0.000342425104463, 0.000291417323751, 0.000541291141417, -0.00221488485113, -0.00138635758776, 0.00975540746003, -0.00095254869666, -0.00476241158321, 0.000315750978189, -8.04633236839e-05, -0.00259090284817, 0.00157913018484], [3.19791106449e-05, 0.000130874468596, -0.000145328158396, 0.000591564632487, 0.00044603049173, -0.00303670018911, -0.00095254869666, 0.0074778329581, 0.00072061503306, -0.00214898958802, 0.000434308749391, -0.00186448870227, -0.00326356431469], [-0.000723192759324, -0.000346470304066, -0.000546749099158, -0.0015671516303, 5.09958153998e-05, 0.00161071284674, -0.00476241158321, 0.00072061503306, 0.0122345490381, -0.00200969376601, -0.00532603636384, 0.00123829429504, 0.00077667349251], [0.000318266887916, -0.000334410491632, 0.000250837299973, 0.00090209528571, -0.000917588535231, -0.00170655688271, 0.000315750978189, -0.00214898958802, -0.00200969376601, 0.00996789894998, -0.00137976033147, -0.000425875507062, -0.000573611119762], [0.000523397582583, -0.00011339221237, -0.00138839485589, 0.000707187282387, 0.00193126697559, -0.0022013054695, -8.04633236839e-05, 0.000434308749391, -0.00532603636384, -0.00137976033147, 0.0155406845734, -0.00314692175016, -0.00227379216813], [-0.000255992927123, -0.00028925971128, -9.87256426015e-05, -0.00176979368553, -0.00092884816695, 0.00307192257605, -0.00259090284817, -0.00186448870227, 0.00123829429504, -0.000425875507062, -0.00314692175016, 0.0130572002381, -0.000287626578938], [0.000264235393843, 0.000852041703183, 0.000308276765281, -0.000713389192242, -0.00137698627077, -0.00173558003735, 0.00157913018484, -0.00326356431469, 0.00077667349251, -0.000573611119762, -0.00227379216813, -0.000287626578938, 0.014141485095]]
    },
    "spectral_contrast_coeffs": {
        "max": [-0.265032112598, -0.407455980778, -0.563604056835, -0.637036442757, -0.610274016857, -0.417791962624],
        "mean": [-0.627352237701, -0.719148635864, -0.789590477943, -0.832315564156, -0.827053844929, -0.733545362949],
        "min": [-0.879165053368, -0.93743377924, -0.932485997677, -0.913454174995, -0.898255288601, -0.958311319351],
        "stdev": [0.113225199282, 0.0956645831466, 0.0585165321827, 0.0390879176557, 0.0318765193224, 0.0609579049051]
    },
    "spectral_contrast_valleys": {
        "max": [-4.73322200775, -4.30558586121, -4.69564008713, -5.43026542664, -5.85985803604, -7.62788772583],
        "mean": [-7.09192609787, -6.65331268311, -7.40933895111, -7.96615839005, -7.86614179611, -10.6897916794],
        "min": [-10.2903909683, -8.3176908493, -9.13505649567, -10.8750724792, -12.2649707794, -16.7802352905],
        "stdev": [0.959226548672, 0.525122523308, 0.675416529179, 0.610512197018, 0.602713644505, 1.61110472679]
    }
},
"rhythm": {
    "beats_count": 116,
    "beats_loudness": {
        "max": 0.132110714912,
        "mean": 0.0526315234601,
        "min": 0.00278221536428,
        "stdev": 0.030102007091
    },
    "bpm": 107.991912842,
    "bpm_histogram_first_peak_bpm": 108,
    "bpm_histogram_first_peak_weight": 0.263157904148,
    "bpm_histogram_second_peak_bpm": 103,
    "bpm_histogram_second_peak_spread": 0,
    "bpm_histogram_second_peak_weight": 0.00869565177709,
    "danceability": 1.23661994934,
    "onset_rate": 4.96890497208,
    "beats_loudness_band_ratio": {
        "max": [0.993083536625, 0.744155704975, 0.938188254833, 0.462890595198, 0.38661006093, 0.149852052331],
        "mean": [0.438046216965, 0.235687345266, 0.228614106774, 0.0747786685824, 0.0446649715304, 0.0218535829335],
        "min": [0.00326901604421, 0.00785007700324, 0.00164075382054, 0.00034685927676, 8.5504638264e-05, 8.31877605378e-06],
        "stdev": [0.358094751835, 0.188751250505, 0.213419541717, 0.103551357985, 0.0727850347757, 0.0337196141481]
    },
