{
"metadata": {
    "version": {
        "essentia": "2.1-beta5",
        "essentia_git_sha": "Undefined",
        "extractor": "music 2.0"
    },
    "audio_properties": {
        "analysis": {
            "equal_loudness": 0,
            "length": 12.7477550507,
            "sample_rate": 44100,
            "start_time": 0,
            "downmix": "mix"
        },
        "bit_rate": 192000,
        "length": 197.648269653,
        "lossless": 0,
        "number_channels": 2,
        "replay_gain": -4.90755653381,
        "sample_rate": 48000,
        "codec": "mp3",
        "md5_encoded": "77d598ae7f2ce16960251fe0fd47d25e"
    },
    "tags": {
        "file_name": "Austria_Limits_Pænda.mp3",
        "encoding": ["Lavf58.29.100"]
    }
},
"lowlevel": {
    "average_loudness": 0.662524342537,
    "barkbands_crest": {
        "max": 25.4965553284,
        "mean": 8.84711360931,
        "min": 2.90104365349,
        "stdev": 4.43114471436
    },
    "barkbands_flatness_db": {
        "max": 0.275338828564,
        "mean": 0.124854683876,
        "min": 0.0389161892235,
        "stdev": 0.0361376181245
    },
    "barkbands_kurtosis": {
        "max": 66.4044036865,
        "mean": 1.87052619457,
        "min": -1.87157082558,
        "stdev": 4.85461997986
    },
    "barkbands_skewness": {
        "max": 5.24904918671,
        "mean": 0.712609827518,
        "min": -2.03532958031,
        "stdev": 0.823781609535
    },
    "barkbands_spread": {
        "max": 120.532943726,
        "mean": 21.0026187897,
        "min": 0.976908624172,
        "stdev": 23.0272598267
    },
    "dissonance": {
        "max": 0.499996125698,
        "mean": 0.479785591364,
        "min": 0.347160279751,
        "stdev": 0.0219789817929
    },
    "dynamic_complexity": 5.61005687714,
    "erbbands_crest": {
        "max": 31.2949962616,
        "mean": 10.2434339523,
        "min": 2.55117583275,
        "stdev": 5.13152837753
    },
    "erbbands_flatness_db": {
        "max": 0.355121135712,
        "mean": 0.202137097716,
        "min": 0.0295708086342,
        "stdev": 0.0528655946255
    },
    "erbbands_kurtosis": {
        "max": 47.2483711243,
        "mean": 1.64568066597,
        "min": -1.70293807983,
        "stdev": 3.97951006889
    },
    "erbbands_skewness": {
        "max": 5.86768817902,
        "mean": 0.87888610363,
        "min": -1.62501263618,
        "stdev": 0.778475999832
    },
    "erbbands_spread": {
        "max": 109.125267029,
        "mean": 24.7296791077,
        "min": 2.21120119095,
        "stdev": 19.7789134979
    },
    "hfc": {
        "max": 87.6653289795,
        "mean": 24.0161552429,
        "min": 1.22861970181e-16,
        "stdev": 20.9047584534
    },
    "loudness_ebu128": {
        "integrated": -18.8938922882,
        "loudness_range": 12.5810537338,
        "momentary": {
            "max": -14.8833818436,
            "mean": -22.1404953003,
            "min": -32.8188018799,
            "stdev": 5.51299571991
        },
        "short_term": {
            "max": -15.6932210922,
            "mean": -20.7627983093,
            "min": -28.6081104279,
            "stdev": 4.90654325485
        }
    },
    "melbands_crest": {
        "max": 32.0589752197,
        "mean": 11.0305318832,
        "min": 2.14940834045,
        "stdev": 4.98257637024
    },
    "melbands_flatness_db": {
        "max": 0.307021081448,
        "mean": 0.147989675403,
        "min": 0.00612527690828,
        "stdev": 0.0438292510808
    },
    "melbands_kurtosis": {
        "max": 66.9957046509,
        "mean": 4.40206241608,
        "min": -1.1992585659,
        "stdev": 6.44950866699
    },
    "melbands_skewness": {
        "max": 6.45119476318,
        "mean": 1.16818547249,
        "min": -0.789034724236,
        "stdev": 0.90483134985
    },
    "melbands_spread": {
        "max": 240.678359985,
        "mean": 28.522726059,
        "min": 1.58628857136,
        "stdev": 25.956615448
    },
    "pitch_salience": {
        "max": 0.881071746349,
        "mean": 0.651346802711,
        "min": 0.187759175897,
        "stdev": 0.121059969068
    },
    "silence_rate_20dB": {
        "max": 1,
        "mean": 1,
        "min": 1,
        "stdev": 0
    },
    "silence_rate_30dB": {
        "max": 1,
        "mean": 1,
        "min": 1,
        "stdev": 0
    },
    "silence_rate_60dB": {
        "max": 1,
        "mean": 0.307272732258,
        "min": 0,
        "stdev": 0.46136367321
    },
    "spectral_centroid": {
        "max": 11054.2695312,
        "mean": 1741.99133301,
        "min": 574.313598633,
        "stdev": 731.330627441
    },
    "spectral_complexity": {
        "max": 49,
        "mean": 19.4509086609,
        "min": 0,
        "stdev": 13.8122644424
    },
    "spectral_decrease": {
        "max": 9.89347443907e-29,
        "mean": -4.28189661505e-09,
        "min": -2.25797052167e-08,
        "stdev": 4.92187446355e-09
    },
    "spectral_energy": {
        "max": 0.0901977047324,
        "mean": 0.0183392167091,
        "min": 1.07705345791e-20,
        "stdev": 0.020088808611
    },
    "spectral_energyband_high": {
        "max": 0.00782186351717,
        "mean": 0.000759423070122,
        "min": 7.59472729021e-21,
        "stdev": 0.00106407143176
    },
    "spectral_energyband_low": {
        "max": 0.0369626991451,
        "mean": 0.00153829460032,
        "min": 4.42255776078e-23,
        "stdev": 0.00435140263289
    },
    "spectral_energyband_middle_high": {
        "max": 0.0426180586219,
        "mean": 0.00929222069681,
        "min": 1.50964086765e-21,
        "stdev": 0.00989876873791
    },
    "spectral_energyband_middle_low": {
        "max": 0.0634386688471,
        "mean": 0.0076658828184,
        "min": 2.42297377483e-22,
        "stdev": 0.0106115052477
    },
    "spectral_entropy": {
        "max": 9.80956459045,
        "mean": 7.80764627457,
        "min": 6.65795707703,
        "stdev": 0.321894526482
    },
    "spectral_flux": {
        "max": 0.212775036693,
        "mean": 0.0707807168365,
        "min": 1.03781185035e-10,
        "stdev": 0.0469728969038
    },
    "spectral_kurtosis": {
        "max": 12.1261453629,
        "mean": 4.24809646606,
        "min": -1.19847249985,
        "stdev": 2.04146265984
    },
    "spectral_rms": {
        "max": 0.00938071217388,
        "mean": 0.00356314214878,
        "min": 3.24157974768e-12,
        "stdev": 0.00227945577353
    },
    "spectral_rolloff": {
        "max": 19358.3496094,
        "mean": 3080.61962891,
        "min": 473.73046875,
        "stdev": 3530.43066406
    },
    "spectral_skewness": {
        "max": 2.64978289604,
        "mean": 1.52668356895,
        "min": -0.0153723722324,
        "stdev": 0.298453897238
    },
    "spectral_spread": {
        "max": 40944952,
        "mean": 4641928.5,
        "min": 2553355.5,
        "stdev": 3444861.25
    },
    "spectral_strongpeak": {
        "max": 18.7542171478,
        "mean": 1.65513861179,
        "min": 0,
        "stdev": 2.3325741291
    },
    "zerocrossingrate": {
        "max": 0.5908203125,
        "mean": 0.103150747716,
        "min": 0.02392578125,
        "stdev": 0.093543946743
    },
    "barkbands": {
        "max": [0.0126457568258, 0.0249736085534, 0.00982104707509, 0.0251578669995, 0.00866007525474, 0.00984071008861, 0.00233088829555, 0.0171766877174, 0.044876396656, 0.0410573147237, 0.0164013374597, 0.00699964771047, 0.0146883325651, 0.0120511753485, 0.00556615181267, 0.00229279207997, 0.00343578844331, 0.00307340640575, 0.00199768715538, 0.000946284155361, 0.00121425732505, 0.000546244962607, 0.000292889017146, 0.000468099373393, 0.00602622423321, 0.00179687561467, 0.000745812023524],
        "mean": [0.000131339285872, 0.000857185397763, 0.000363437342457, 0.000363444472896, 0.000230005243793, 0.000308815215249, 0.000206574419281, 0.00103653455153, 0.00377575703897, 0.00322276377119, 0.00136317906436, 0.000999076175503, 0.00175492488779, 0.00119938398711, 0.000582716485951, 0.000217199354665, 0.000309681519866, 0.000306469300995, 0.000269259850029, 0.000164041877724, 0.000132610439323, 9.00596205611e-05, 5.23331691511e-05, 4.28643943451e-05, 0.00024572914117, 7.91975398897e-05, 3.46276756318e-05],
        "min": [5.31484874364e-23, 1.89204675134e-23, 7.09877341073e-25, 5.85639134211e-24, 3.46695501048e-23, 5.20070530382e-23, 2.50605348148e-23, 5.35006223227e-23, 5.38048007769e-23, 4.71276990594e-23, 3.94297072009e-23, 6.72435322357e-23, 6.51583961583e-23, 9.08171636406e-23, 1.35303567063e-22, 1.2056313938e-22, 2.33470869612e-22, 3.54878430949e-22, 2.13705650399e-22, 2.20732798099e-22, 4.65210284201e-22, 7.68031695662e-22, 5.10446572489e-22, 7.74354194936e-22, 1.31679863182e-21, 1.70213696393e-21, 2.45081397622e-21],
        "stdev": [0.000651824986562, 0.00258920853958, 0.00117397983558, 0.0017568328185, 0.000707396713551, 0.000698576041032, 0.000386518804589, 0.00202861009166, 0.00619790703058, 0.00567074865103, 0.00209961435758, 0.00119618535973, 0.002298445208, 0.00161948776804, 0.000732093525585, 0.0002776569454, 0.000422155368142, 0.000400254735723, 0.00028923607897, 0.000182488220162, 0.000151064115926, 9.45843567024e-05, 5.33637576154e-05, 6.12803778495e-05, 0.000758814800065, 0.000242600857746, 0.000106571489596]
    },
    "erbbands": {
        "max": [0.992387652397, 6.20642852783, 11.8872385025, 50.6388168335, 52.5185546875, 22.048084259, 83.6614379883, 50.105632782, 22.1533508301, 76.7464752197, 474.547393799, 972.196899414, 1865.01672363, 827.849731445, 331.524597168, 329.533752441, 690.521850586, 758.021057129, 318.292297363, 179.936569214, 141.175811768, 197.964416504, 173.154296875, 132.917327881, 137.011627197, 40.0080070496, 40.000087738, 51.170375824, 21.9275856018, 16.2743415833, 10.1349401474, 13.1932668686, 9.11377811432, 101.722816467, 22.9494781494, 6.01414728165, 4.54285287857, 1.05523014069, 0.166016772389, 0.00519777927548],
        "mean": [0.0286931786686, 0.176851704717, 0.397677630186, 0.954934775829, 0.936369657516, 0.725972533226, 1.15196228027, 3.28206515312, 2.28143787384, 7.24956035614, 30.0051307678, 78.7313156128, 136.197509766, 71.2017288208, 42.1143074036, 43.521736145, 71.4086532593, 79.2060165405, 39.735874176, 22.0570755005, 13.0592098236, 17.0929489136, 17.0257949829, 14.1241941452, 12.9162731171, 7.64776086807, 5.96733236313, 4.82019472122, 3.35755896568, 2.31869626045, 1.392131567, 1.07397186756, 0.684491932392, 3.91893553734, 0.962476611137, 0.282177805901, 0.180217444897, 0.0325791835785, 0.00741741945967, 0.000248885451583],
        "min": [1.08950531302e-21, 2.6183762114e-21, 1.55197167393e-21, 1.29690223197e-20, 3.50964365165e-20, 1.08965290498e-19, 2.74949794981e-19, 4.88509967211e-19, 3.31753244072e-19, 7.82968532595e-19, 1.34110792713e-18, 1.31331372797e-18, 1.29740869915e-18, 1.46959078975e-18, 1.72854795232e-18, 3.01061544964e-18, 2.63813788096e-18, 4.55361396926e-18, 6.6075174923e-18, 6.72177884545e-18, 7.80338367081e-18, 1.2302723425e-17, 2.24252369832e-17, 1.22910883025e-17, 1.13557017124e-17, 1.02615841259e-17, 1.85481670059e-17, 1.65262216059e-17, 2.30167174433e-17, 2.558703065e-17, 1.42406951036e-17, 1.36691389429e-17, 1.42921225766e-17, 1.40364923345e-17, 9.22665379382e-18, 6.96892717759e-18, 3.51853267668e-18, 8.77860314323e-19, 3.29033112327e-19, 3.91383350263e-20],
        "stdev": [0.0915096998215, 0.551805078983, 1.20311355591, 4.22442960739, 3.69352078438, 2.08659172058, 4.36138391495, 6.41297483444, 3.60107493401, 10.4234733582, 55.5616722107, 126.910293579, 238.059799194, 104.415847778, 52.1826286316, 50.9493713379, 88.2546386719, 109.796218872, 47.7623634338, 26.8781394958, 16.2981185913, 23.2229690552, 21.7948646545, 15.6384449005, 15.8236408234, 8.20808982849, 6.67299222946, 5.63468503952, 3.61639499664, 2.30781531334, 1.44553852081, 1.50087714195, 1.07774829865, 12.2571554184, 2.83493304253, 0.859342455864, 0.583982586861, 0.103470668197, 0.0230526719242, 0.00069284363417]
    },
    "gfcc": {
        "mean": [-43.6753387451, 49.8772888184, -164.737091064, -6.3620891571, -66.4631271362, 15.7850866318, -23.2676792145, 8.66387176514, -23.7930774689, -0.138787984848, -18.9772510529, -7.053606987, -15.9507064819],
        "cov": [[10171.6728516, -42.4451408386, -260.617950439, 248.855194092, 303.647888184, 1028.32531738, 503.211975098, 813.105163574, 316.731109619, 294.293182373, 241.630783081, 231.898025513, 350.962768555], [-42.4451408386, 1612.22668457, -355.656311035, 346.659118652, -88.7064971924, -36.6833190918, 226.003967285, -121.418403625, 115.24281311, -175.082824707, -118.735183716, -184.966659546, -103.638427734], [-260.617950439, -355.656311035, 2322.0871582, -39.9433479309, 634.484191895, 78.7108840942, -143.741928101, 156.700546265, -25.4999961853, 191.769378662, 157.071044922, 208.335021973, 208.371856689], [248.855194092, 346.659118652, -39.9433479309, 273.327819824, 58.0486602783, 84.9611740112, 86.1984786987, -6.27882480621, 51.4388008118, -30.5057525635, -45.8642921448, -28.193195343, -27.3602600098], [303.647888184, -88.7064971924, 634.484191895, 58.0486602783, 296.050964355, 134.939498901, 45.3212890625, 107.117660522, 35.4753913879, 79.4434280396, 47.9160270691, 68.7169036865, 71.2952957153], [1028.32531738, -36.6833190918, 78.7108840942, 84.9611740112, 134.939498901, 240.580551147, 145.445358276, 144.127655029, 68.4040908813, 49.7949562073, 34.0138931274, 41.3224563599, 62.7652282715], [503.211975098, 226.003967285, -143.741928101, 86.1984786987, 45.3212890625, 145.445358276, 228.072738647, 99.7772140503, 92.3920288086, -1.85675609112, -5.33789587021, -17.3087444305, 17.1938877106], [813.105163574, -121.418403625, 156.700546265, -6.27882480621, 107.117660522, 144.127655029, 99.7772140503, 175.334259033, 71.1147384644, 69.0448455811, 51.6325416565, 46.1329498291, 68.3629150391], [316.731109619, 115.24281311, -25.4999961853, 51.4388008118, 35.4753913879, 68.4040908813, 92.3920288086, 71.1147384644, 107.919303894, 37.736328125, 17.5938472748, 4.93997097015, 17.016462326], [294.293182373, -175.082824707, 191.769378662, -30.5057525635, 79.4434280396, 49.7949562073, -1.85675609112, 69.0448455811, 37.736328125, 101.521522522, 67.1648101807, 55.6243591309, 43.287399292], [241.630783081, -118.735183716, 157.071044922, -45.8642921448, 47.9160270691, 34.0138931274, -5.33789587021, 51.6325416565, 17.5938472748, 67.1648101807, 92.7219390869, 61.9684867859, 48.3025131226], [231.898025513, -184.966659546, 208.335021973, -28.193195343, 68.7169036865, 41.3224563599, -17.3087444305, 46.1329498291, 4.93997097015, 55.6243591309, 61.9684867859, 90.6576843262, 57.0684318542], [350.962768555, -103.638427734, 208.371856689, -27.3602600098, 71.2952957153, 62.7652282715, 17.1938877106, 68.3629150391, 17.016462326, 43.287399292, 48.3025131226, 57.0684318542, 89.8344497681]],
        "icov": [[0.000269896438112, -0.000279084750218, 0.000133028297569, -5.28066084371e-06, 0.000340495986165, -0.0011329659028, 0.000731675943825, -0.00115994724911, 0.000456899870187, -0.000473614578368, 0.000225077223149, -0.000356634554919, -0.000175341570866], [-0.000279084750218, 0.00211612856947, -0.000463757343823, -0.00170038943179, -5.87690483371e-05, 0.00223473133519, -0.00244921213016, 0.00268541602418, -0.00250907219015, 0.00307851051912, -0.00259252497926, 0.00317902234383, -0.000633776129689], [0.000133028297569, -0.000463757343823, 0.00198831688613, 0.000208350684261, -0.00433330610394, 0.00131680618506, 0.00167538435198, -0.00148377055302, 0.00102970725857, -0.000215412102989, -0.00013550199219, -0.000697934825439, -0.00185072433669], [-5.28066084371e-06, -0.00170038943179, 0.000208350684261, 0.00855773407966, -0.00199602451175, -0.00497809424996, 0.00162890180945, 0.00284764077514, -0.00272203003988, 0.000165649616974, 0.00408267462626, -0.00334375328384, 0.00313021684997], [0.000340495986165, -5.87690483371e-05, -0.00433330610394, -0.00199602451175, 0.0173110272735, -0.00734359491616, -0.00163109530695, -0.00126798148267, 0.00124020210933, -0.00534242764115, 0.00320506910793, -0.00151960074436, 0.00229594274424], [-0.0011329659028, 0.00223473133519, 0.00131680618506, -0.00497809424996, -0.00734359491616, 0.0219555851072, -0.00877633038908, -0.00246745650657, 0.00160723575391, 0.00186972564552, -0.00253493036143, 0.00106144987512, -0.00403712550178], [0.000731675943825, -0.00244921213016, 0.00167538435198, 0.00162890180945, -0.00163109530695, -0.00877633038908, 0.0165696889162, -0.00729028461501, -0.00436223391443, 0.00309683405794, 0.000840668275487, -0.000156999638421, -0.000289471965516], [-0.00115994724911, 0.00268541602418, -0.00148377055302, 0.00284764077514, -0.00126798148267, -0.00246745650657, -0.00729028461501, 0.0259691998363, -0.00937955640256, 0.000235421146499, -0.00250546028838, 0.00455335155129, -0.00358023028821], [0.000456899870187, -0.00250907219015, 0.00102970725857, -0.00272203003988, 0.00124020210933, 0.00160723575391, -0.00436223391443, -0.00937955640256, 0.0252439882606, -0.0141626410186, 0.00317297899164, -0.00170134007931, -0.00061423733132], [-0.000473614578368, 0.00307851051912, -0.000215412102989, 0.000165649616974, -0.00534242764115, 0.00186972564552, 0.00309683405794, 0.000235421146499, -0.0141626410186, 0.0349679030478, -0.0168088153005, 0.00105836277362, 0.0023122979328], [0.000225077223149, -0.00259252497926, -0.00013550199219, 0.00408267462626, 0.00320506910793, -0.00253493036143, 0.000840668275487, -0.00250546028838, 0.00317297899164, -0.0168088153005, 0.0323382765055, -0.0150281945243, -0.00168179662433], [-0.000356634554919, 0.00317902234383, -0.000697934825439, -0.00334375328384, -0.00151960074436, 0.00106144987512, -0.000156999638421, 0.00455335155129, -0.00170134007931, 0.00105836277362, -0.0150281945243, 0.0339396931231, -0.0109772235155], [-0.000175341570866, -0.000633776129689, -0.00185072433669, 0.00313021684997, 0.00229594274424, -0.00403712550178, -0.000289471965516, -0.00358023028821, -0.00061423733132, 0.0023122979328, -0.00168179662433, -0.0109772235155, 0.0269898381084]]
    },
    "melbands": {
        "max": [0.00739653827623, 0.00556580582634, 0.00863764248788, 0.00226269871928, 0.00223843101412, 0.00127632834483, 0.000422861077823, 0.0010508808773, 0.00349784339778, 0.00690566468984, 0.00910438876599, 0.00320540810935, 0.00132348481566, 0.000766836397815, 0.00108020624612, 0.00189397262875, 0.00135523988865, 0.000588901923038, 0.000534487015102, 0.000111009074317, 0.000182798350579, 0.000210969490581, 0.000193047846551, 0.000130758271553, 0.00011018657824, 9.78165480774e-05, 5.17380140082e-05, 2.85134592559e-05, 2.11325987038e-05, 3.11662515742e-05, 2.85803162114e-05, 1.25215119624e-05, 1.10466626211e-05, 8.73521457834e-06, 7.22199501979e-06, 3.6302362787e-06, 1.15942266348e-05, 8.175487892e-06, 5.235550816e-06, 0.000135206821142],
        "mean": [0.000254202604992, 0.000221015623538, 0.000161049494636, 5.84374720347e-05, 3.84580635e-05, 6.64149993099e-05, 3.78669647034e-05, 0.000107390784251, 0.000245455797995, 0.00056782644242, 0.000676862546243, 0.000282480323222, 0.00016177695943, 0.000107280611701, 0.000117426759971, 0.000192492007045, 0.0001374160056, 6.54280156596e-05, 4.18592935603e-05, 1.75847526407e-05, 1.51756521518e-05, 1.79767212103e-05, 1.67907328432e-05, 1.40688989632e-05, 1.09523107312e-05, 1.07518571895e-05, 6.7439536906e-06, 4.69124915981e-06, 3.85212752008e-06, 3.28408850692e-06, 2.58709610534e-06, 1.95000006897e-06, 1.57234649123e-06, 1.17286731438e-06, 8.58960788719e-07, 5.48491811969e-07, 7.21693993455e-07, 3.78676844548e-07, 3.9875661173e-07, 5.0179542086e-06],
        "min": [9.98243916559e-24, 1.74765664892e-24, 2.4777616162e-24, 5.48869025798e-24, 9.25339916053e-24, 1.03926318479e-23, 5.29950839671e-24, 8.89075349151e-24, 1.18797427282e-23, 7.40523216595e-24, 6.43647902548e-24, 5.88244623452e-24, 5.70215207463e-24, 7.28255561772e-24, 7.56046737033e-24, 5.51466074228e-24, 8.52727162994e-24, 1.08983248204e-23, 9.2243895896e-24, 7.84221693123e-24, 9.99823610522e-24, 1.19022386747e-23, 1.70420619026e-23, 1.97014855635e-23, 8.78605271673e-24, 7.78495904015e-24, 9.30932387669e-24, 5.51758859952e-24, 1.0182075406e-23, 1.12352331135e-23, 9.13437267171e-24, 1.21136029102e-23, 1.66181469848e-23, 1.23850783466e-23, 7.03958803664e-24, 8.35036957194e-24, 9.14383979143e-24, 1.06907360731e-23, 9.45788374008e-24, 1.25585464931e-23],
        "stdev": [0.000772401748691, 0.0006381632993, 0.000679182412568, 0.000185161959962, 0.000126814382384, 0.000132185057737, 6.73529793858e-05, 0.000169912775164, 0.00043021410238, 0.00093493249733, 0.0011847561691, 0.000421596923843, 0.000222125978325, 0.000125348800793, 0.000146895778016, 0.000265877926722, 0.000192237188458, 8.32957448438e-05, 5.69667354284e-05, 2.12071827264e-05, 2.01513485081e-05, 2.50892153417e-05, 2.35515890381e-05, 1.83294632734e-05, 1.26484519569e-05, 1.3145401681e-05, 8.02816884971e-06, 5.24678307556e-06, 4.3918494157e-06, 3.89259457734e-06, 3.11645771944e-06, 2.19034063775e-06, 1.6273025949e-06, 1.22076585285e-06, 9.41520909237e-07, 5.56249403871e-07, 1.25263147766e-06, 5.71948646666e-07, 7.55666974328e-07, 1.60790550581e-05]
    },
    "melbands128": {
        "max": [0.00763466255739, 0.00919767189771, 0.0104141747579, 0.0104664918035, 0.00614096270874, 0.00652130832896, 0.0122015736997, 0.0132100172341, 0.00459744781256, 0.00230747484602, 0.00130792171694, 0.0011455307249, 0.00396535964683, 0.00229406938888, 0.00137597834691, 0.00121294951532, 0.0003876190749, 0.000582730339374, 0.000890354160219, 0.000772212282754, 0.00219552591443, 0.00545837450773, 0.00476612569764, 0.00246030185372, 0.00737939681858, 0.0132743548602, 0.0165766403079, 0.0143695101142, 0.00671577546746, 0.003263018094, 0.00584077835083, 0.00353257823735, 0.00179085345007, 0.00136694405228, 0.00107250851579, 0.00134385400452, 0.00103487470187, 0.00217134319246, 0.00106047478039, 0.00258598988876, 0.00251952325925, 0.00395810231566, 0.00193139875773, 0.00122521771118, 0.000751648971345, 0.00106044416316, 0.00091118819546, 0.00105319835711, 0.000399164069677, 0.000193398402189, 0.000127644976601, 0.000118612493679, 0.000258183630649, 0.000215036372538, 0.000180641654879, 0.000268764182692, 0.000291336706141, 0.000271578901447, 0.000232611448155, 0.000194107997231, 0.000151904896484, 0.000190184960957, 0.000144783160067, 0.00012814886577, 9.91568376776e-05, 0.0001397664455, 0.000305502820993, 9.64417777141e-05, 9.43137929426e-05, 4.63900432806e-05, 3.65892919945e-05, 3.8950729504e-05, 3.42757884937e-05, 2.67950708803e-05, 3.02345597447e-05, 2.93060747936e-05, 2.97125479847e-05, 4.58804570371e-05, 2.09198278753e-05, 2.55132272287e-05, 1.57288632181e-05, 1.37329689096e-05, 1.40107513289e-05, 1.63743043231e-05, 1.1769199773e-05, 1.02362146208e-05, 8.63530203787e-06, 5.41406416232e-06, 9.83085101325e-06, 8.60432828631e-06, 5.29526960236e-06, 3.61883098776e-06, 4.60108731204e-06, 2.77106901194e-05, 6.99941392668e-06, 2.78740390058e-06, 2.08533074328e-05, 7.45537909097e-06, 1.2591880477e-05, 5.0373605518e-06, 2.46503659582e-05, 0.000253024336416, 0.000182961681276, 1.05406315924e-05, 5.42606812814e-06, 1.33289529458e-06, 1.33346463826e-06, 2.99350131172e-06, 1.68229544215e-05, 1.4338346773e-05, 5.63924695598e-05, 2.33062764892e-05, 4.41519041487e-05, 6.63831860948e-06, 3.21156621794e-05, 5.13462464369e-06, 6.26363680567e-06, 2.13807034015e-05, 1.74454598891e-05, 6.9601778705e-06, 1.07092228063e-05, 9.53823382588e-06, 4.36332584286e-06, 6.24001756933e-08, 5.48417311563e-09, 5.4122897275e-09, 5.35816457869e-09, 5.32450705748e-09],
        "mean": [9.79190153885e-05, 0.000235255953157, 0.000327898276737, 0.000278887600871, 0.000202021619771, 0.000182179384865, 0.000210031153983, 0.000159737770446, 8.35707251099e-05, 6.07194015174e-05, 3.47047571267e-05, 2.60207107203e-05, 3.17405465466e-05, 5.64449765079e-05, 0.000107109182863, 4.64456243208e-05, 1.76424964593e-05, 3.88732987631e-05, 6.19258062216e-05, 5.10455938638e-05, 0.00012114054698, 0.000290719268378, 0.000244953465881, 0.000211338658119, 0.000406308070524, 0.000742687319871, 0.000901387829799, 0.000775219174102, 0.000381020916393, 0.000271888799034, 0.000269259879133, 0.0002597226121, 0.00015042583982, 9.74102149485e-05, 9.60668039625e-05, 0.000118817282782, 0.000111215944344, 0.00012039898138, 0.000105616709334, 0.000158383132657, 0.000228718927247, 0.000225977186346, 0.000135850117658, 0.000101459561847, 7.38670787541e-05, 6.30093636573e-05, 4.89402664243e-05, 4.77849534946e-05, 3.72258364223e-05, 2.26079555432e-05, 1.52158381752e-05, 1.21058064906e-05, 1.28403089548e-05, 1.70089133462e-05, 1.97264471353e-05, 1.80097576958e-05, 1.62014239322e-05, 1.79009966814e-05, 1.65172841662e-05, 1.59021219588e-05, 1.344562952e-05, 1.36383578138e-05, 1.20684799185e-05, 9.84023790807e-06, 9.44965449889e-06, 1.17710023915e-05, 1.17944964586e-05, 6.77743946653e-06, 6.27328836345e-06, 5.07827371621e-06, 4.75788283438e-06, 4.3398786147e-06, 4.50388688478e-06, 3.61633146895e-06, 3.31896239913e-06, 3.43174178852e-06, 3.17631929647e-06, 3.02816420117e-06, 2.47035723078e-06, 2.25121493713e-06, 2.02430783247e-06, 1.8581445147e-06, 1.67515361227e-06, 1.64476080045e-06, 1.37671770517e-06, 1.22460346574e-06, 1.14980832677e-06, 9.59797489486e-07, 9.17265822409e-07, 7.34795605695e-07, 5.47270133211e-07, 4.93698735227e-07, 4.79620496208e-07, 1.10416090138e-06, 5.29955059392e-07, 3.43246426837e-07, 3.69966755898e-07, 3.8663793589e-07, 3.87965002346e-07, 2.51274229868e-07, 1.04728496808e-06, 8.76064950717e-06, 6.56368320051e-06, 5.53938320991e-07, 2.28623633802e-07, 1.06758150764e-07, 9.86178960716e-08, 1.31186936869e-07, 6.31409534435e-07, 5.03384171679e-07, 8.85622853275e-07, 7.46554746911e-07, 7.90466174294e-07, 2.05707465284e-07, 3.36618711572e-07, 1.72302961232e-07, 1.3414810951e-07, 3.68983819499e-07, 2.86587635401e-07, 2.56346908145e-07, 1.99604926365e-07, 2.29143637398e-07, 8.5719541687e-08, 1.50775469887e-09, 1.21015185719e-11, 1.17838698868e-11, 1.15849300639e-11, 1.14969639711e-11],
        "min": [2.08330197574e-23, 1.15662115392e-23, 7.2570872434e-24, 3.50536338578e-24, 8.36927777898e-25, 4.28771983701e-25, 2.91215595949e-24, 2.44606636832e-24, 2.2587257084e-24, 7.47254330041e-24, 4.3954126626e-24, 1.01181224524e-23, 9.16173983423e-24, 9.37004092284e-24, 1.32255717758e-23, 1.06675585509e-23, 4.842636448e-24, 3.65217434454e-24, 5.66682846102e-24, 9.30808536506e-24, 1.13913486866e-23, 6.71680982005e-24, 1.47987718356e-23, 1.23801921422e-23, 9.53994262916e-24, 5.07497097295e-24, 2.65929014619e-24, 8.77821301705e-24, 6.66094190188e-24, 6.39067302815e-24, 4.15102868176e-24, 8.02500389158e-24, 5.84096792812e-24, 3.73929219861e-24, 6.13323182161e-24, 8.92821097388e-24, 8.72483632162e-24, 8.11539551841e-24, 6.36492224162e-24, 4.6552157187e-24, 4.2976294091e-24, 9.02998586356e-24, 7.05584645989e-24, 1.18169643885e-23, 5.04877605773e-24, 1.75828623408e-23, 6.51085283162e-24, 8.42362950649e-24, 1.05881888886e-23, 1.02528449067e-23, 4.90185189742e-24, 1.01646849674e-23, 4.91721614684e-24, 1.21624294559e-23, 1.62493056023e-23, 7.73307408069e-24, 1.24876523524e-23, 1.82774875e-23, 1.01938002456e-23, 3.00617851584e-23, 2.67311797067e-23, 7.08528753774e-24, 7.83783638663e-24, 9.23486329584e-24, 1.07627346191e-23, 5.91015063508e-24, 9.50031499045e-24, 5.75467640585e-24, 1.27113551614e-23, 7.98666367387e-24, 4.76786623926e-24, 4.860098673e-24, 3.90111596927e-24, 1.14046433595e-23, 1.80936750204e-23, 1.11450623677e-23, 8.39442035375e-24, 9.43234831258e-24, 8.8295654954e-24, 8.28670297486e-24, 1.37897808725e-23, 1.06413312924e-23, 1.51398500474e-23, 1.37485912892e-23, 2.638046477e-23, 9.84617054396e-24, 1.32091461141e-23, 4.33825180141e-24, 4.8764612259e-24, 1.02572104629e-23, 9.99289236144e-24, 7.49154853734e-24, 5.54255565274e-24, 6.24810811321e-24, 1.45651617225e-23, 1.33972578855e-23, 8.7790192329e-24, 8.42457456185e-24, 9.02238913305e-24, 8.0905140566e-24, 1.64023982604e-23, 1.26087716892e-23, 8.67889148478e-24, 1.18685535252e-23, 8.72854475674e-24, 9.34373793368e-24, 1.43873508968e-23, 8.98358979828e-24, 1.50975402816e-23, 1.12710970968e-23, 1.10853250868e-23, 1.14522377044e-23, 1.33206484476e-23, 1.19241129987e-23, 5.16254794406e-24, 6.59017989539e-24, 5.23461235991e-24, 6.54947467268e-24, 9.26538590199e-24, 9.37860637455e-24, 1.18867817341e-23, 1.2611228991e-23, 9.51691104617e-24, 1.19889029337e-23, 8.75317062762e-24, 1.80977818303e-23, 1.2985960009e-23, 1.10043942688e-23],
        "stdev": [0.00042431714246, 0.000800151668955, 0.00107947818469, 0.000893237243872, 0.000627869332675, 0.000630540889688, 0.000978559721261, 0.000780914386269, 0.000349776353687, 0.000177228313987, 0.000112258901936, 9.53028575168e-05, 0.000189146347111, 0.000161905394634, 0.000220031259232, 9.27237415453e-05, 3.44162035617e-05, 8.40694265207e-05, 0.000148784209159, 8.64801186253e-05, 0.00025254645152, 0.000654945557471, 0.000517985667102, 0.000338976940839, 0.000757416361012, 0.00145526905544, 0.00178669870365, 0.0017204732867, 0.000722703465726, 0.000483882788103, 0.000556732178666, 0.000458967901068, 0.000229390832828, 0.000147570084664, 0.000140478063258, 0.0001674702944, 0.000159312709002, 0.00021423646831, 0.000149587722262, 0.000241141606239, 0.000378027529223, 0.000445897225291, 0.000228088305448, 0.000146965205204, 0.000106967920146, 9.84982398222e-05, 7.69175894675e-05, 8.35025421111e-05, 5.68698669667e-05, 3.20004000969e-05, 2.05373598874e-05, 1.60729705385e-05, 2.15630134335e-05, 2.61278928519e-05, 2.87613565888e-05, 2.85431960947e-05, 2.74731264653e-05, 3.00990996038e-05, 2.59489170276e-05, 2.24485465878e-05, 1.94045314856e-05, 2.22070029849e-05, 1.72099407791e-05, 1.26266922962e-05, 1.25091783048e-05, 1.5552581317e-05, 2.52198315138e-05, 9.79654669209e-06, 8.91588206287e-06, 6.11653240412e-06, 5.98796486884e-06, 5.55022324988e-06, 5.79101333642e-06, 4.48886066806e-06, 4.50110337624e-06, 4.55195504401e-06, 3.93279242417e-06, 4.27828581451e-06, 3.17135732075e-06, 3.10219752464e-06, 2.37782683143e-06, 2.32168986258e-06, 1.89304580545e-06, 1.95184020413e-06, 1.55898430876e-06, 1.41085979521e-06, 1.37397023536e-06, 1.06315314952e-06, 1.1488381233e-06, 9.40371137403e-07, 6.26190853836e-07, 5.50052504877e-07, 5.63650189633e-07, 2.65967264568e-06, 7.77125194418e-07, 4.07671734592e-07, 1.09164272999e-06, 8.39675749376e-07, 9.32428065425e-07, 4.72608547852e-07, 3.06635524794e-06, 2.89386734948e-05, 2.13286948565e-05, 1.45631099713e-06, 5.43835142253e-07, 1.82790230951e-07, 1.75847574724e-07, 3.181808097e-07, 2.1022110559e-06, 1.68220458363e-06, 4.15903650719e-06, 2.57139754467e-06, 3.58365286957e-06, 6.7232258516e-07, 1.80326344434e-06, 5.19780314789e-07, 4.98761494327e-07, 1.62092385381e-06, 1.1985295032e-06, 8.63970456066e-07, 8.25685503969e-07, 8.39043934775e-07, 3.73408227006e-07, 6.0160081361e-09, 2.33575742081e-10, 2.30520075251e-10, 2.2821783352e-10, 2.2678475764e-10]
    },
    "mfcc": {
        "mean": [-674.257019043, 95.4650650024, -45.4836006165, -14.4972496033, -23.7135772705, 0.666099786758, 2.58863854408, 5.0023856163, 0.152063757181, 5.56781816483, 5.87120580673, -5.1945309639, -8.90638160706],
        "cov": [[8248.22949219, -151.948791504, -609.765075684, -295.059234619, -36.3873519897, 336.169006348, 443.156341553, 632.705688477, 504.892486572, 476.221069336, 261.296661377, 258.256103516, -33.9930610657], [-151.948791504, 931.482788086, 240.43611145, 253.034103394, 6.0356554985, 85.4022445679, 0.812496781349, 60.8259620667, 34.5147171021, 70.1219100952, -12.9576320648, 11.3970279694, -56.224407196], [-609.765075684, 240.43611145, 1048.12243652, 187.456161499, 516.033203125, 9.11278629303, 171.22265625, -65.1024475098, 89.7459182739, -115.203071594, 43.7330169678, -4.58773136139, 148.786087036], [-295.059234619, 253.034103394, 187.456161499, 218.772247314, 84.6464080811, 78.9701461792, -6.11924171448, 18.6771221161, 18.035161972, 9.30002784729, -19.5024700165, 8.49163150787, 4.35130739212], [-36.3873519897, 6.0356554985, 516.033203125, 84.6464080811, 360.125244141, 31.5567684174, 120.210952759, -20.5474586487, 69.5061187744, -61.1433639526, 44.1109733582, 13.3610830307, 92.9926452637], [336.169006348, 85.4022445679, 9.11278629303, 78.9701461792, 31.5567684174, 134.76399231, 48.9566688538, 79.6207199097, 52.6344146729, 56.0213279724, 8.69089221954, 20.2185001373, -12.1336116791], [443.156341553, 0.812496781349, 171.22265625, -6.11924171448, 120.210952759, 48.9566688538, 159.195968628, 68.859916687, 86.0565185547, 23.3605251312, 57.8257865906, 14.6288328171, 11.3265256882], [632.705688477, 60.8259620667, -65.1024475098, 18.6771221161, -20.5474586487, 79.6207199097, 68.859916687, 146.262161255, 88.8966522217, 83.1619644165, 31.4461708069, 27.0312271118, -29.7760887146], [504.892486572, 34.5147171021, 89.7459182739, 18.035161972, 69.5061187744, 52.6344146729, 86.0565185547, 88.8966522217, 129.813262939, 66.3666534424, 47.8586921692, 26.5625095367, 12.1587171555], [476.221069336, 70.1219100952, -115.203071594, 9.30002784729, -61.1433639526, 56.0213279724, 23.3605251312, 83.1619644165, 66.3666534424, 119.292739868, 33.4161338806, 25.610704422, -27.1762962341], [261.296661377, -12.9576320648, 43.7330169678, -19.5024700165, 44.1109733582, 8.69089221954, 57.8257865906, 31.4461708069, 47.8586921692, 33.4161338806, 84.5284576416, 28.5887260437, 10.7960748672], [258.256103516, 11.3970279694, -4.58773136139, 8.49163150787, 13.3610830307, 20.2185001373, 14.6288328171, 27.0312271118, 26.5625095367, 25.610704422, 28.5887260437, 73.7713012695, 30.800901413], [-33.9930610657, -56.224407196, 148.786087036, 4.35130739212, 92.9926452637, -12.1336116791, 11.3265256882, -29.7760887146, 12.1587171555, -27.1762962341, 10.7960748672, 30.800901413, 91.2473754883]],
        "icov": [[0.000259029242443, -9.64335340541e-05, 0.000300135783618, 0.000529752112925, -0.000443267490482, -0.000129844920593, -0.000258050509728, -0.000562725006603, -0.000220719797653, -0.000340589467669, 0.00018670418649, -0.000366720574675, -0.000165027347975], [-9.64335340541e-05, 0.00222197850235, -0.00162858841941, -0.00210385001265, 0.00185758306179, 0.000277445826214, 0.000266964809271, -4.11330947827e-05, 0.000513825158123, -0.00113575113937, 6.10675633652e-05, -0.0010121561354, 0.00211399514228], [0.000300135783618, -0.00162858841941, 0.00615278538316, -0.00156908179633, -0.00603077700362, 0.0024154111743, -0.00340848974884, 0.000802677823231, -0.00162265321705, 0.00109417573549, 0.000434707762906, 0.00227095512673, -0.00397302629426], [0.000529752112925, -0.00210385001265, -0.00156908179633, 0.0133250830695, -0.00288536935113, -0.00698428694159, 0.00547108752653, -0.00213020085357, -9.28412991925e-05, -0.000900871120393, 0.00214293994941, -0.00222374266014, 0.00170280679595], [-0.000443267490482, 0.00185758306179, -0.00603077700362, -0.00288536935113, 0.0156789850444, -0.00375395501032, -0.00224087224342, 0.0035239579156, -0.00324541819282, 0.00527188833803, -0.00348047865555, -5.26702351635e-05, -0.00166706950404], [-0.000129844920593, 0.000277445826214, 0.0024154111743, -0.00698428694159, -0.00375395501032, 0.018114618957, -0.00497125321999, -0.00505391601473, 0.00254432670772, -0.00517635885626, 0.00378581578843, -0.0004809582897, -0.000446744757937], [-0.000258050509728, 0.000266964809271, -0.00340848974884, 0.00547108752653, -0.00224087224342, -0.00497125321999, 0.0195607673377, -0.00556914694607, -0.0031784507446, 0.00268180901185, -0.00577782606706, 0.000538014632184, 0.00446680188179], [-0.000562725006603, -4.11330947827e-05, 0.000802677823231, -0.00213020085357, 0.0035239579156, -0.00505391601473, -0.00556914694607, 0.0238968897611, -0.0102487830445, -0.00106572674122, 0.0010451868875, -0.00294124730863, 0.00470117293298], [-0.000220719797653, 0.000513825158123, -0.00162265321705, -9.28412991925e-05, -0.00324541819282, 0.00254432670772, -0.0031784507446, -0.0102487830445, 0.0254615712911, -0.0110099529848, -0.00109755154699, 0.00139148312155, -0.00343107571825], [-0.000340589467669, -0.00113575113937, 0.00109417573549, -0.000900871120393, 0.00527188833803, -0.00517635885626, 0.00268180901185, -0.00106572674122, -0.0110099529848, 0.0252993609756, -0.00726256752387, -0.000433586188592, 0.000698054151144], [0.00018670418649, 6.10675633652e-05, 0.000434707762906, 0.00214293994941, -0.00348047865555, 0.00378581578843, -0.00577782606706, 0.0010451868875, -0.00109755154699, -0.00726256752387, 0.022138023749, -0.00709295552224, 0.00216309446841], [-0.000366720574675, -0.0010121561354, 0.00227095512673, -0.00222374266014, -5.26702351635e-05, -0.0004809582897, 0.000538014632184, -0.00294124730863, 0.00139148312155, -0.000433586188592, -0.00709295552224, 0.0243712514639, -0.0130960149691], [-0.000165027347975, 0.00211399514228, -0.00397302629426, 0.00170280679595, -0.00166706950404, -0.000446744757937, 0.00446680188179, 0.00470117293298, -0.00343107571825, 0.000698054151144, 0.00216309446841, -0.0130960149691, 0.0260464251041]]
    },
    "spectral_contrast_coeffs": {
        "max": [-0.577213168144, -0.542590856552, -0.601077795029, -0.600398242474, -0.730943202972, -0.66195088625],
        "mean": [-0.765196561813, -0.766100585461, -0.778269827366, -0.805026888847, -0.820273578167, -0.748407661915],
        "min": [-0.97255897522, -0.9578743577, -0.964689254761, -0.957228422165, -0.95603209734, -0.961146533489],
        "stdev": [0.0622138567269, 0.0747423768044, 0.0647054836154, 0.0417014099658, 0.0282317679375, 0.0345296859741]
    },
    "spectral_contrast_valleys": {
        "max": [-5.30365371704, -5.4428062439, -5.10539722443, -5.58888721466, -6.09541940689, -8.97347164154],
        "mean": [-8.3436756134, -7.07467794418, -6.77485895157, -7.27814340591, -7.49956846237, -10.5160942078],
        "min": [-26.6905422211, -27.2869548798, -27.1701717377, -27.2892246246, -27.3887901306, -27.2043819427],
        "stdev": [1.40234088898, 1.11434030533, 1.32305765152, 1.29587423801, 1.24296629429, 1.15472948551]
    }
},
"rhythm": {
    "beats_count": 26,
    "beats_loudness": {
        "max": 0.074739523232,
        "mean": 0.0210177488625,
        "min": 0.001103833667,
        "stdev": 0.0216503161937
    },
    "bpm": 131.974411011,
    "bpm_histogram_first_peak_bpm": 133,
    "bpm_histogram_first_peak_weight": 0.333333313465,
    "bpm_histogram_second_peak_bpm": 123,
    "bpm_histogram_second_peak_spread": 0.461538434029,
    "bpm_histogram_second_peak_weight": 0.280000001192,
    "danceability": 0.646127641201,
    "onset_rate": 0.783738076687,
    "beats_loudness_band_ratio": {
        "max": [0.550104022026, 0.202326998115, 0.834412753582, 0.685613155365, 0.276839703321, 0.631788849831],
        "mean": [0.0668049901724, 0.0419992543757, 0.344066411257, 0.381983965635, 0.122040338814, 0.10350946337],
        "min": [0.0011297587771, 0.00258311768994, 0.0305158607662, 0.0226652305573, 0.0198545902967, 0.00662781158462],
        "stdev": [0.118151903152, 0.0565348006785, 0.22190593183, 0.162643030286, 0.0790606886148, 0.138703167439]
    },
    "beats_position": [0.441179126501, 0.893968224525, 1.34675729275, 1.79954648018, 2.2523355484, 2.70512461662, 3.15791368484, 3.62231278419, 4.08671188354, 4.55111122131, 5.00390005112, 5.44507932663, 5.89786815643, 6.38548755646, 6.86149644852, 7.33750534058, 7.8251247406, 8.3011341095, 8.77714252472, 9.26476192474, 9.75238037109, 10.2399997711, 10.7276191711, 11.2036275864, 11.6796369553, 12.1672563553],
