{
"metadata": {
    "version": {
        "essentia": "2.1-beta5",
        "essentia_git_sha": "Undefined",
        "extractor": "music 2.0"
    },
    "audio_properties": {
        "analysis": {
            "equal_loudness": 0,
            "length": 40.1473007202,
            "sample_rate": 44100,
            "start_time": 158.998641968,
            "downmix": "mix"
        },
        "bit_rate": 192000,
        "length": 199.169174194,
        "lossless": 0,
        "number_channels": 2,
        "replay_gain": -7.25945091248,
        "sample_rate": 48000,
        "codec": "mp3",
        "md5_encoded": "f1ba3f2765a6ff1e3723c8333d94d266"
    },
    "tags": {
        "file_name": "Sweden_Too Late for Love_John Lundvik.mp3",
        "encoding": ["Lavf58.29.100"]
    }
},
"lowlevel": {
    "average_loudness": 0.804472029209,
    "barkbands_crest": {
        "max": 22.9197864532,
        "mean": 8.85589694977,
        "min": 2.36467456818,
        "stdev": 3.51600980759
    },
    "barkbands_flatness_db": {
        "max": 0.417811453342,
        "mean": 0.155395045877,
        "min": 0.0294391270727,
        "stdev": 0.0811682268977
    },
    "barkbands_kurtosis": {
        "max": 19.7869033813,
        "mean": 0.80093485117,
        "min": -1.71257662773,
        "stdev": 1.99153316021
    },
    "barkbands_skewness": {
        "max": 4.0866317749,
        "mean": 0.959576189518,
        "min": -2.2669274807,
        "stdev": 0.658625245094
    },
    "barkbands_spread": {
        "max": 82.0399475098,
        "mean": 22.7346324921,
        "min": 2.99985408783,
        "stdev": 13.1343250275
    },
    "dissonance": {
        "max": 0.500000059605,
        "mean": 0.482929766178,
        "min": 0.404345214367,
        "stdev": 0.0154937142506
    },
    "dynamic_complexity": 2.0090405941,
    "erbbands_crest": {
        "max": 26.5233879089,
        "mean": 7.99174165726,
        "min": 2.55293083191,
        "stdev": 3.25737547874
    },
    "erbbands_flatness_db": {
        "max": 0.451415032148,
        "mean": 0.219044700265,
        "min": 0.0611319988966,
        "stdev": 0.0889788269997
    },
    "erbbands_kurtosis": {
        "max": 12.4413633347,
        "mean": 0.228722333908,
        "min": -1.59140324593,
        "stdev": 1.2617957592
    },
    "erbbands_skewness": {
        "max": 3.32468032837,
        "mean": 0.530515134335,
        "min": -2.12047147751,
        "stdev": 0.670324206352
    },
    "erbbands_spread": {
        "max": 84.0682601929,
        "mean": 28.4767856598,
        "min": 6.74597072601,
        "stdev": 13.0158185959
    },
    "hfc": {
        "max": 99.1795043945,
        "mean": 30.2545528412,
        "min": 1.63371860981,
        "stdev": 15.1724843979
    },
    "loudness_ebu128": {
        "integrated": -15.9961299896,
        "loudness_range": 3.69964313507,
        "momentary": {
            "max": -11.7725906372,
            "mean": -16.4353923798,
            "min": -24.3109035492,
            "stdev": 2.07541465759
        },
        "short_term": {
            "max": -12.8942270279,
            "mean": -16.0447750092,
            "min": -20.8554496765,
            "stdev": 1.32067477703
        }
    },
    "melbands_crest": {
        "max": 32.7124900818,
        "mean": 12.5334978104,
        "min": 3.17868185043,
        "stdev": 5.5418844223
    },
    "melbands_flatness_db": {
        "max": 0.349542021751,
        "mean": 0.156326264143,
        "min": 0.036546703428,
        "stdev": 0.0509944148362
    },
    "melbands_kurtosis": {
        "max": 55.7861251831,
        "mean": 4.59703540802,
        "min": -1.67252933979,
        "stdev": 4.78261756897
    },
    "melbands_skewness": {
        "max": 6.64576530457,
        "mean": 1.74484527111,
        "min": -0.846306025982,
        "stdev": 0.821609556675
    },
    "melbands_spread": {
        "max": 151.006057739,
        "mean": 29.3670272827,
        "min": 3.58512878418,
        "stdev": 16.7459411621
    },
    "pitch_salience": {
        "max": 0.860549211502,
        "mean": 0.636098563671,
        "min": 0.246500000358,
        "stdev": 0.12281909585
    },
    "silence_rate_20dB": {
        "max": 1,
        "mean": 1,
        "min": 1,
        "stdev": 0
    },
    "silence_rate_30dB": {
        "max": 1,
        "mean": 1,
        "min": 1,
        "stdev": 0
    },
    "silence_rate_60dB": {
        "max": 1,
        "mean": 0.00809248536825,
        "min": 0,
        "stdev": 0.0895942747593
    },
    "spectral_centroid": {
        "max": 4607.77636719,
        "mean": 1921.11767578,
        "min": 797.725158691,
        "stdev": 438.01071167
    },
    "spectral_complexity": {
        "max": 52,
        "mean": 27.8815021515,
        "min": 4,
        "stdev": 7.21624946594
    },
    "spectral_decrease": {
        "max": -2.98150143463e-10,
        "mean": -5.97844884709e-09,
        "min": -2.38647803741e-08,
        "stdev": 3.40720718306e-09
    },
    "spectral_energy": {
        "max": 0.099026568234,
        "mean": 0.0253082364798,
        "min": 0.00127347116359,
        "stdev": 0.0139670465142
    },
    "spectral_energyband_high": {
        "max": 0.010651842691,
        "mean": 0.00116497999988,
        "min": 2.31075791817e-05,
        "stdev": 0.00100476853549
    },
    "spectral_energyband_low": {
        "max": 0.04521221295,
        "mean": 0.00392708508298,
        "min": 7.0935896046e-10,
        "stdev": 0.00704113766551
    },
    "spectral_energyband_middle_high": {
        "max": 0.0764896795154,
        "mean": 0.0118563733995,
        "min": 0.000884599518031,
        "stdev": 0.0094981957227
    },
    "spectral_energyband_middle_low": {
        "max": 0.048671323806,
        "mean": 0.0090902177617,
        "min": 0.000161600619322,
        "stdev": 0.00727261509746
    },
    "spectral_entropy": {
        "max": 8.47773265839,
        "mean": 7.82782936096,
        "min": 7.2327504158,
        "stdev": 0.218755766749
    },
    "spectral_flux": {
        "max": 0.247528538108,
        "mean": 0.0940875634551,
        "min": 0.019334429875,
        "stdev": 0.0309002045542
    },
    "spectral_kurtosis": {
        "max": 20.3822860718,
        "mean": 3.42210674286,
        "min": -0.281653165817,
        "stdev": 1.69205152988
    },
    "spectral_rms": {
        "max": 0.00982910394669,
        "mean": 0.00477497605607,
        "min": 0.00111463491339,
        "stdev": 0.00137495598756
    },
    "spectral_rolloff": {
        "max": 7816.55273438,
        "mean": 2182.33276367,
        "min": 86.1328125,
        "stdev": 959.996276855
    },
    "spectral_skewness": {
        "max": 3.26221776009,
        "mean": 1.27455580235,
        "min": 0.259895801544,
        "stdev": 0.261808991432
    },
    "spectral_spread": {
        "max": 7493665.5,
        "mean": 3842675.75,
        "min": 2040292.875,
        "stdev": 1028927.625
    },
    "spectral_strongpeak": {
        "max": 8.58892822266,
        "mean": 1.16650140285,
        "min": 0.0425735488534,
        "stdev": 1.01905846596
    },
    "zerocrossingrate": {
        "max": 0.27392578125,
        "mean": 0.0787724629045,
        "min": 0.02197265625,
        "stdev": 0.0226044934243
    },
    "barkbands": {
        "max": [0.00451972987503, 0.0370043218136, 0.0125043308362, 0.00434913020581, 0.0141846574843, 0.0196823216975, 0.0162604898214, 0.0324817597866, 0.042272452265, 0.0605900846422, 0.0279011614621, 0.0135187879205, 0.0096188466996, 0.00821580644697, 0.00908032525331, 0.00928971357644, 0.00465790694579, 0.0117639498785, 0.00574484141544, 0.00465704640374, 0.00519802700728, 0.00327016692609, 0.00231265393086, 0.000707413477357, 0.00110298325308, 0.00120102846995, 0.000227820026339],
        "mean": [0.000251275690971, 0.00320785096847, 0.000403701531468, 0.000131393491756, 0.000619138707407, 0.00109436130151, 0.000478939036839, 0.00106667692307, 0.00444688973948, 0.00372634851374, 0.00156231410801, 0.00138882733881, 0.00121906993445, 0.00124985002913, 0.000741050753277, 0.000473491585581, 0.000576541875489, 0.000653962022625, 0.000673328875564, 0.000325902423356, 0.000328411260853, 0.000405848404625, 0.000151995569468, 5.13470986334e-05, 4.97426481161e-05, 2.69692900474e-05, 2.98475288218e-06],
        "min": [1.99196145689e-11, 1.03864736256e-10, 8.52020676234e-11, 2.4468724269e-10, 3.47531354805e-08, 1.10661244435e-06, 1.3478307892e-06, 2.27729851758e-05, 4.78428773931e-05, 2.59649586951e-05, 1.11055041998e-05, 2.48223877861e-05, 1.83734318853e-05, 3.33490970661e-05, 1.15042166726e-05, 4.79705158796e-06, 1.40201073009e-05, 1.30946818899e-05, 2.94826186291e-05, 9.94240235741e-06, 9.79565993475e-06, 5.00010537507e-06, 1.54558233589e-06, 2.57805595538e-07, 4.92768569005e-11, 3.0869504869e-11, 3.09587459835e-11],
        "stdev": [0.000589504139498, 0.00604691589251, 0.00107595627196, 0.000296325422823, 0.00133205368184, 0.0022386489436, 0.00112603534944, 0.00209921319038, 0.00562676833943, 0.00551711022854, 0.00245666271076, 0.00168055959512, 0.00125191046391, 0.00115170294885, 0.000746349687688, 0.00081239186693, 0.000544778537005, 0.000662251084577, 0.000680193072185, 0.000355255469913, 0.000357288314262, 0.000413840345573, 0.000158943701535, 6.25787361059e-05, 8.45747854328e-05, 6.5638916567e-05, 1.08901158455e-05]
    },
    "erbbands": {
        "max": [1.54200732708, 9.54245281219, 17.5473384857, 9.84096050262, 17.4865016937, 70.8746109009, 144.950759888, 241.464126587, 290.969238281, 224.289276123, 872.682495117, 1085.10632324, 1729.12585449, 1440.41882324, 943.748474121, 551.654785156, 409.599945068, 430.564666748, 599.995788574, 420.244232178, 420.624633789, 239.411499023, 312.253173828, 621.854736328, 351.294616699, 178.636199951, 127.041496277, 304.839050293, 118.421211243, 108.75718689, 63.8861694336, 18.381690979, 10.2762451172, 13.0036468506, 7.02294778824, 5.55742788315, 2.48728728294, 0.299475938082, 0.03422267735, 0.000624298525508],
        "mean": [0.127150461078, 0.565364718437, 0.631083011627, 0.435309976339, 0.909820497036, 1.93206298351, 5.99116849899, 9.85464191437, 8.22114753723, 9.19118022919, 38.5950546265, 94.5698318481, 124.31427002, 92.1948852539, 61.7088394165, 54.5182723999, 54.421245575, 64.7196502686, 51.6836471558, 30.4599742889, 27.0517559052, 34.7522087097, 36.3094024658, 34.3402748108, 29.7944660187, 15.2606687546, 12.0258684158, 14.9731206894, 16.0698299408, 7.74116706848, 3.88601541519, 1.45742499828, 0.788199543953, 0.538514256477, 0.355499207973, 0.150675103068, 0.0444323122501, 0.00720693403855, 0.000522757356521, 4.54000401078e-05],
        "min": [7.00805173892e-08, 3.75676449949e-07, 1.76884464054e-06, 5.47680610907e-06, 3.44300751749e-05, 0.000275083206361, 0.00336646963842, 0.0113454246894, 0.0186107829213, 0.0980720296502, 0.596123218536, 1.6474878788, 0.596929311752, 1.07262909412, 1.68949270248, 1.10339415073, 1.35327792168, 1.89874756336, 1.40042459965, 0.502134621143, 0.399247288704, 0.987041413784, 0.858057141304, 0.905396282673, 0.644506275654, 0.475453287363, 0.409764617682, 0.355615347624, 0.181268066168, 0.090374648571, 0.0494659282267, 0.0145978871733, 0.00530711002648, 0.000328287715092, 2.50486682489e-05, 3.31107617058e-06, 1.2426446574e-06, 4.22567723035e-07, 8.08534423413e-07, 1.6054069647e-06],
        "stdev": [0.257602035999, 1.17120325565, 1.5392832756, 0.925566494465, 1.6103233099, 4.3575553894, 13.5833110809, 22.0649261475, 19.4728679657, 17.8385391235, 61.4326705933, 119.688346863, 177.349700928, 135.940795898, 88.3483352661, 63.0313987732, 53.1943626404, 58.5106430054, 44.4647636414, 31.3878288269, 43.6845436096, 31.5267162323, 30.987121582, 36.801071167, 33.0079498291, 14.742770195, 11.0204191208, 17.3991203308, 16.8939189911, 7.98211765289, 4.13564395905, 1.65651607513, 1.04490661621, 0.841586470604, 0.676744997501, 0.319204002619, 0.129222199321, 0.0202900674194, 0.00168200978078, 4.41873744421e-05]
    },
    "gfcc": {
        "mean": [-3.57099294662, 44.6892738342, -195.158416748, 6.87458848953, -84.1542892456, 12.1267786026, -26.1324939728, 7.9928612709, -18.5647697449, -2.78013372421, -16.4388961792, -3.18293213844, -8.61646175385],
        "cov": [[3639.63525391, 773.899658203, 3458.63989258, 1509.9140625, 1108.56750488, 411.054656982, -148.577545166, 407.695556641, -36.3996543884, 913.805480957, -96.0494613647, 806.120727539, -165.800537109], [773.899658203, 950.415466309, 1175.80810547, 743.713562012, 406.490631104, 169.651702881, 47.918586731, 81.9944992065, 81.0580978394, 214.110321045, 49.7867279053, 165.75579834, -17.971282959], [3458.63989258, 1175.80810547, 4395.33056641, 1984.53515625, 1356.99816895, 551.321655273, -234.453353882, 446.465515137, -68.0058441162, 1077.90466309, -156.558105469, 898.828308105, -203.159362793], [1509.9140625, 743.713562012, 1984.53515625, 1134.0456543, 632.940124512, 251.223709106, -126.101921082, 175.156280518, 9.10460186005, 469.202178955, -44.0191078186, 395.427703857, -48.1416130066], [1108.56750488, 406.490631104, 1356.99816895, 632.940124512, 608.622741699, 304.497039795, 66.9689102173, 218.596618652, 30.9497623444, 335.101501465, -18.2983226776, 271.893585205, -83.5146331787], [411.054656982, 169.651702881, 551.321655273, 251.223709106, 304.497039795, 301.540618896, 140.108139038, 170.974822998, 21.0465221405, 141.090988159, 10.6879301071, 84.9676589966, -54.2924690247], [-148.577545166, 47.918586731, -234.453353882, -126.101921082, 66.9689102173, 140.108139038, 317.105255127, 73.6422195435, 110.360206604, -63.547996521, 81.9657821655, -79.8396682739, -20.375831604], [407.695556641, 81.9944992065, 446.465515137, 175.156280518, 218.596618652, 170.974822998, 73.6422195435, 192.866775513, 26.5002422333, 144.383041382, -5.76062011719, 82.1784362793, -47.4270210266], [-36.3996543884, 81.0580978394, -68.0058441162, 9.10460186005, 30.9497623444, 21.0465221405, 110.360206604, 26.5002422333, 151.535995483, 9.21003913879, 63.3503646851, -15.7617835999, 17.0726490021], [913.805480957, 214.110321045, 1077.90466309, 469.202178955, 335.101501465, 141.090988159, -63.547996521, 144.383041382, 9.21003913879, 353.401367188, -19.2447071075, 268.31048584, -48.0244026184], [-96.0494613647, 49.7867279053, -156.558105469, -44.0191078186, -18.2983226776, 10.6879301071, 81.9657821655, -5.76062011719, 63.3503646851, -19.2447071075, 103.96307373, -12.345790863, 20.5333194733], [806.120727539, 165.75579834, 898.828308105, 395.427703857, 271.893585205, 84.9676589966, -79.8396682739, 82.1784362793, -15.7617835999, 268.31048584, -12.345790863, 295.775421143, -14.8125495911], [-165.800537109, -17.971282959, -203.159362793, -48.1416130066, -83.5146331787, -54.2924690247, -20.375831604, -47.4270210266, 17.0726490021, -48.0244026184, 20.5333194733, -14.8125495911, 85.4142379761]],
        "icov": [[0.00134606997017, 0.000274956022622, -0.000800958951004, -0.000154820096213, -0.000373057671823, 0.000977616989985, -0.000515292747878, -0.000728943210561, 0.000282638793578, -0.000110799854156, -0.000303957785945, -0.000943392515182, 0.000198045410798], [0.000274956022622, 0.00349425734021, -0.00104695314076, -0.00256982655264, -5.22769278177e-06, 0.000940449826885, -0.00121319270693, 0.000241612142418, -0.00029426891706, 0.00178259855602, -0.00246141850948, 0.00149815308396, -0.00031965598464], [-0.000800958951004, -0.00104695314076, 0.00400068005547, -0.0020544664003, -0.00179405859672, -0.000290262192721, 0.00014366924006, 0.000829359574709, 0.00129894062411, -0.00399755034596, 0.00252963486128, -0.00120833469555, 0.00181388249621], [-0.000154820096213, -0.00256982655264, -0.0020544664003, 0.00768871325999, -0.00137507868931, -0.00192970572971, 0.0032109580934, 0.000882978376467, -0.00185242155567, -1.83201257187e-06, 0.000334746349836, 6.2286904722e-05, -0.00240951753221], [-0.000373057671823, -5.22769278177e-06, -0.00179405859672, -0.00137507868931, 0.0109942462295, -0.0043304101564, -0.00176363869105, -0.00154206645675, -0.0018981868634, 0.00215071276762, 0.000944067724049, -0.00251888250932, 0.00187759101391], [0.000977616989985, 0.000940449826885, -0.000290262192721, -0.00192970572971, -0.0043304101564, 0.0132869090885, -0.00532464077696, -0.00564584275708, 0.00468875374645, -0.00113085354678, -0.0017619037535, 0.00173146044835, -0.000725219899323], [-0.000515292747878, -0.00121319270693, 0.00014366924006, 0.0032109580934, -0.00176363869105, -0.00532464077696, 0.0109243253246, -0.000692217377946, -0.00546631636098, 0.00359654426575, -0.00310099101625, 5.77087521378e-05, 0.00187895749696], [-0.000728943210561, 0.000241612142418, 0.000829359574709, 0.000882978376467, -0.00154206645675, -0.00564584275708, -0.000692217377946, 0.0148401511833, -0.00150617246982, -0.00585342757404, 0.00243501854129, 0.00225625443272, 0.000900548824575], [0.000282638793578, -0.00029426891706, 0.00129894062411, -0.00185242155567, -0.0018981868634, 0.00468875374645, -0.00546631636098, -0.00150617246982, 0.0139887137339, -0.00555833708495, -0.00363970920444, 0.00274752289988, -0.00305355200544], [-0.000110799854156, 0.00178259855602, -0.00399755034596, -1.83201257187e-06, 0.00215071276762, -0.00113085354678, 0.00359654426575, -0.00585342757404, -0.00555833708495, 0.0218708161265, -0.00363723235205, -0.00776031054556, 0.00257908948697], [-0.000303957785945, -0.00246141850948, 0.00252963486128, 0.000334746349836, 0.000944067724049, -0.0017619037535, -0.00310099101625, 0.00243501854129, -0.00363970920444, -0.00363723235205, 0.0186617318541, -0.00396681809798, -0.000978684984148], [-0.000943392515182, 0.00149815308396, -0.00120833469555, 6.2286904722e-05, -0.00251888250932, 0.00173146044835, 5.77087521378e-05, 0.00225625443272, 0.00274752289988, -0.00776031054556, -0.00396681809798, 0.0166520681232, -0.00552170677111], [0.000198045410798, -0.00031965598464, 0.00181388249621, -0.00240951753221, 0.00187759101391, -0.000725219899323, 0.00187895749696, 0.000900548824575, -0.00305355200544, 0.00257908948697, -0.000978684984148, -0.00552170677111, 0.0186423845589]]
    },
    "melbands": {
        "max": [0.00993912946433, 0.0102344276384, 0.00167999323457, 0.00293942191638, 0.00378835410811, 0.00467890733853, 0.0040335515514, 0.00292383716442, 0.00619657943025, 0.00681672524661, 0.00916920974851, 0.00619474845007, 0.00338953128085, 0.00187415000983, 0.00103748939, 0.000992365297861, 0.000896798097529, 0.000968409061898, 0.000889671675395, 0.000854286598042, 0.000451003783382, 0.000343714345945, 0.000568985531572, 0.000448464765213, 0.000528821779881, 0.00031044924981, 0.000255759223364, 9.43966442719e-05, 7.74727741373e-05, 0.000136332309921, 0.000198857858777, 8.50136420922e-05, 6.60306541249e-05, 5.48781317775e-05, 4.4054017053e-05, 1.75925761141e-05, 1.34345309561e-05, 7.45363922761e-06, 8.13768383523e-06, 1.2746705579e-05],
        "mean": [0.000989640015177, 0.000455430126749, 8.68364368216e-05, 0.000100670004031, 0.000189705286175, 0.000218229630264, 0.000116854360385, 0.000120296244859, 0.000374415831175, 0.000631366914604, 0.000627181027085, 0.000388665037462, 0.000209836784052, 0.000157160509843, 0.000126559054479, 0.000126787635963, 0.000119203010399, 8.94494660315e-05, 5.192171011e-05, 3.40576807503e-05, 2.95023510262e-05, 3.63091930922e-05, 3.30763214151e-05, 3.0775918276e-05, 2.7339458029e-05, 2.5848592486e-05, 1.51802760229e-05, 8.89014791028e-06, 7.20024308976e-06, 7.66307493905e-06, 9.11186816666e-06, 1.00393172033e-05, 6.13561769569e-06, 3.60518311027e-06, 2.41215775532e-06, 1.40857196129e-06, 6.7991271635e-07, 5.40894347978e-07, 5.18804938565e-07, 4.26918035146e-07],
        "min": [6.10367451026e-11, 1.20933818515e-10, 3.16589032767e-10, 3.81700049346e-09, 6.76143159239e-08, 1.6265595093e-07, 2.33113468084e-07, 1.05132289718e-06, 5.28156124346e-06, 7.64556625654e-06, 1.97326221496e-06, 3.81552354156e-06, 1.52658731167e-06, 3.09310803459e-06, 1.99537043954e-06, 1.46070965457e-06, 2.77940534943e-06, 2.80213021142e-06, 4.92014976317e-07, 4.96680058859e-07, 4.145877881e-07, 7.30525641757e-07, 7.76492584009e-07, 6.0923230194e-07, 6.7250613256e-07, 6.38866936242e-07, 3.43303327099e-07, 2.80279266462e-07, 2.54859372717e-07, 1.84517546131e-07, 1.7526608076e-07, 8.51586108297e-08, 1.02343726383e-07, 3.06902130376e-08, 2.77557834494e-08, 9.90799087219e-09, 2.69934408159e-09, 5.04811470403e-10, 9.37818833008e-12, 4.38210611461e-13],
        "stdev": [0.00188675126992, 0.000980814103968, 0.000159011920914, 0.00018552079564, 0.000424599129474, 0.000463596225018, 0.000272434059298, 0.000252612167969, 0.000587497488596, 0.000815505220089, 0.000902984524146, 0.000583492568694, 0.000316006626235, 0.000207115575904, 0.000142574805068, 0.000134281537612, 0.000112321817141, 8.39722924866e-05, 5.87108334003e-05, 5.33770071343e-05, 4.83359581267e-05, 3.74546980311e-05, 3.39676371368e-05, 3.11474250339e-05, 3.27425696014e-05, 3.0219911423e-05, 1.99611095013e-05, 8.47665614856e-06, 6.73357271808e-06, 8.85710596776e-06, 1.11301806101e-05, 1.09220836748e-05, 6.79200866216e-06, 3.93743448512e-06, 2.72622332886e-06, 1.72053933056e-06, 8.27368864975e-07, 7.29975795366e-07, 7.60288401125e-07, 7.20315711078e-07]
    },
    "melbands128": {
        "max": [0.00447508366778, 0.0156262535602, 0.0155967930332, 0.0176706053317, 0.0121521679685, 0.00475068390369, 0.00223451456986, 0.00186303840019, 0.00185317988507, 0.00304933148436, 0.00520374812186, 0.00665508909151, 0.00701181869954, 0.00701048783958, 0.00912286620587, 0.00812216475606, 0.00630634138361, 0.00531498715281, 0.00328643876128, 0.00326159643009, 0.00538429943845, 0.0109089184552, 0.0103333555162, 0.0124117704108, 0.0104318037629, 0.0116077279672, 0.0157763827592, 0.0160476975143, 0.0155159533024, 0.0111195221543, 0.00737482635304, 0.00685869716108, 0.00434960145503, 0.0041179349646, 0.00294615561143, 0.00202553556301, 0.00261904275976, 0.00181112170685, 0.00184195826296, 0.00147177220788, 0.0017533598002, 0.00191150140017, 0.00121416768525, 0.00138836691622, 0.00136249070056, 0.00167352845892, 0.0012623006478, 0.00155653734691, 0.00114476471208, 0.000746022327803, 0.00161803408992, 0.00176331575494, 0.000970589229837, 0.000455766828964, 0.000513607810717, 0.000713376153726, 0.000423933292041, 0.000764715077821, 0.00093438004842, 0.000798125809524, 0.000457559275674, 0.00118501577526, 0.00119572109543, 0.000616415054537, 0.000707211147528, 0.000678129086737, 0.000696093542501, 0.000407157320296, 0.000634589989204, 0.000392429355998, 0.000128481915453, 0.000137498122058, 8.07962278486e-05, 8.54609243106e-05, 0.000137548791827, 0.000267284776783, 0.000122188183013, 0.000343289255397, 0.000246035400778, 0.000163969831192, 0.000175950452103, 0.000130034764879, 9.59790413617e-05, 9.73258502199e-05, 8.5298634076e-05, 5.51790944883e-05, 8.2076061517e-05, 4.65626399091e-05, 5.84502522543e-05, 2.69445572485e-05, 2.54279584624e-05, 2.65119469987e-05, 1.69486520463e-05, 1.80988354259e-05, 1.50960750034e-05, 9.44215389609e-06, 7.86797227192e-06, 7.52055666453e-06, 8.82445419847e-06, 1.18577954709e-05, 1.03521106212e-05, 1.41029258884e-05, 1.53119635797e-05, 1.04666441985e-05, 8.12828602648e-06, 1.42853004945e-05, 1.1472658116e-05, 8.50463129609e-06, 9.07533649297e-06, 1.58674338309e-05, 1.26192908283e-05, 9.5516534202e-06, 1.07501955426e-05, 7.09931100573e-06, 5.35449953531e-06, 3.11346548187e-06, 2.74256967714e-06, 4.04790807806e-06, 3.86258489016e-06, 8.20576474325e-07, 6.60869716285e-07, 3.62963504585e-07, 3.98938709623e-07, 1.36724258581e-08, 4.04695721379e-11, 3.99344966817e-11, 3.95502797179e-11, 3.93261465059e-11],
        "mean": [0.000242026697379, 0.00112895504571, 0.00124478281941, 0.00085199996829, 0.000418020325014, 0.000163169999723, 8.25588649604e-05, 6.11852519796e-05, 9.26835200517e-05, 0.000106281935587, 8.58352286741e-05, 0.000166389349033, 0.000208856523386, 0.00022981998336, 0.000246969109867, 0.000197362300241, 0.00015903118765, 9.91252527456e-05, 7.07681538188e-05, 6.40914731775e-05, 0.000166397221619, 0.000233770537307, 0.000361615238944, 0.000581150641665, 0.000562881235965, 0.000714444206096, 0.00066131434869, 0.000634702912066, 0.000594865996391, 0.000452826119727, 0.000315627170494, 0.000247784977546, 0.000196288223378, 0.000193372543436, 0.000174952379894, 0.000135686364956, 0.00014392400044, 0.000142510572914, 0.000100306948298, 0.000108704232844, 0.000143296841998, 0.000137291965075, 0.000113900525321, 0.000113912072266, 0.000114598689834, 8.38640480652e-05, 6.27041590633e-05, 5.94675329921e-05, 4.55368572148e-05, 2.94249330182e-05, 3.23541935359e-05, 3.93436021113e-05, 3.07056216116e-05, 2.2961436116e-05, 3.07051122945e-05, 4.38095303252e-05, 3.48327121173e-05, 3.08997114189e-05, 3.29353861162e-05, 3.58266115654e-05, 3.21805746353e-05, 2.57724295807e-05, 2.53623820754e-05, 2.86880695057e-05, 2.96375983453e-05, 2.6756510124e-05, 2.42810165219e-05, 1.69286813616e-05, 1.44336136145e-05, 1.01763343991e-05, 8.94941695151e-06, 8.09296125226e-06, 7.33547130949e-06, 7.14789302947e-06, 6.85251325194e-06, 7.26864936951e-06, 8.4829825937e-06, 7.97081702331e-06, 9.20311686059e-06, 9.9383696579e-06, 1.07247878987e-05, 1.04324226413e-05, 7.97998927737e-06, 5.59652335141e-06, 4.7579137572e-06, 3.79653761229e-06, 3.30364832735e-06, 2.90364368993e-06, 2.49335698754e-06, 1.93631308321e-06, 1.74195326963e-06, 1.27414909912e-06, 8.14829263618e-07, 6.50957531434e-07, 6.04137994742e-07, 5.65073037251e-07, 5.2257223615e-07, 5.11921257385e-07, 5.30793158759e-07, 5.25396046669e-07, 4.59279164033e-07, 3.94164317186e-07, 4.05338880682e-07, 4.02524221954e-07, 3.79360699299e-07, 4.82848292904e-07, 3.38212856832e-07, 3.12051952278e-07, 2.60943409103e-07, 1.93606680909e-07, 1.72643751739e-07, 1.59992666227e-07, 1.47167526166e-07, 1.13017499359e-07, 8.38874711917e-08, 6.03281549161e-08, 4.20015631164e-08, 4.05556797034e-08, 2.32873169637e-08, 1.27659269822e-08, 7.35151184372e-09, 6.18198825464e-09, 2.70084909992e-09, 4.43289745189e-11, 3.11039432058e-12, 2.98840249421e-12, 2.91588975188e-12, 2.89128096465e-12],
        "min": [3.9967790362e-13, 2.49807119435e-11, 4.12908734981e-11, 2.0414472196e-11, 1.92806604016e-11, 5.01176496137e-11, 6.16308740153e-11, 9.42234762435e-11, 4.12055223276e-10, 4.83627859982e-10, 3.77062603363e-09, 1.1222607732e-08, 1.16029852393e-08, 6.66591830623e-08, 3.92428560758e-08, 1.91255900006e-08, 3.69597650263e-08, 6.48941522741e-08, 1.24954311786e-07, 1.22588900808e-07, 2.4890533723e-07, 6.98324186033e-07, 1.48048093251e-06, 2.26547513194e-06, 2.16001672015e-06, 1.27905252612e-06, 6.80383550389e-07, 1.03602474155e-06, 1.29450268105e-06, 5.54500331873e-07, 6.26792257208e-07, 8.96312315035e-07, 5.56972338472e-07, 3.97141462827e-07, 1.03182651401e-06, 9.25213953451e-07, 8.58950159e-07, 6.2318952132e-07, 8.55031998981e-07, 6.50225501886e-07, 1.79033932568e-07, 9.92405603029e-07, 5.50496224605e-07, 1.38923132909e-06, 6.05246384566e-07, 9.06969376047e-07, 6.03823423262e-07, 2.90437412787e-07, 1.23890799841e-07, 2.76802751387e-07, 1.76037417532e-07, 1.67483534597e-07, 2.90088166821e-07, 1.95719309204e-07, 1.73996227204e-07, 4.03742262733e-07, 9.25276708585e-07, 2.64446327947e-07, 4.96557277074e-07, 6.04363663115e-07, 1.69273576489e-07, 4.03942863159e-07, 4.79556319988e-07, 5.00549163007e-07, 3.78433753667e-07, 2.69511900797e-07, 2.56057887782e-07, 2.01628424179e-07, 6.00507377158e-08, 1.71080188238e-07, 2.07476574587e-07, 1.25199534295e-07, 1.84668039083e-07, 8.95293510439e-08, 1.84078231769e-07, 7.8465333786e-08, 1.80497508495e-07, 1.8821806691e-07, 7.37339505008e-08, 1.28384854747e-07, 3.69161092806e-08, 8.79503119222e-08, 1.28739529259e-07, 6.5211416711e-08, 5.28701704638e-08, 3.87584329076e-08, 1.09493303313e-08, 3.9072713065e-08, 1.82138997218e-08, 3.06407201833e-08, 1.39299221047e-08, 5.72278224809e-10, 6.79318129526e-11, 1.01675090569e-09, 2.76449174663e-09, 2.49499365612e-10, 1.86103840671e-10, 1.80457315757e-11, 6.85367615525e-13, 4.91109594398e-13, 3.01835786183e-13, 3.12915221078e-13, 2.14819712041e-13, 2.29300248494e-13, 1.8966059734e-13, 2.19854286144e-13, 1.77959494471e-13, 1.34718326989e-13, 2.00309834366e-13, 1.2358358423e-13, 1.02886273177e-13, 1.1255045832e-13, 9.6931292745e-14, 8.56995884305e-14, 9.61796628126e-14, 9.77406496667e-14, 1.04934080359e-13, 9.80439552245e-14, 1.13730165151e-13, 9.55554266355e-14, 1.0132904715e-13, 1.01578345887e-13, 1.00384063312e-13, 1.00819255288e-13, 8.01829102789e-14, 2.65035711341e-14, 2.78776288282e-15, 1.34376430186e-16],
        "stdev": [0.000570643576793, 0.00245129922405, 0.00251669646241, 0.00192178227007, 0.00105098367203, 0.000434025045251, 0.000196771157789, 0.000138993535074, 0.000176466986886, 0.000227535812883, 0.000239633314777, 0.000550107099116, 0.00055910384981, 0.000597664911766, 0.000666453270242, 0.000593867618591, 0.000467223901069, 0.000290513329674, 0.000200061447686, 0.000196657289052, 0.000457250687759, 0.000614049669821, 0.000795239175204, 0.00106983364094, 0.000906047818717, 0.00116993964184, 0.00122485565953, 0.00121168722399, 0.00102923985105, 0.000807567150332, 0.000593301141635, 0.000470208702609, 0.000343678722857, 0.000339571299264, 0.000299715786241, 0.00021250473219, 0.000216713568079, 0.000203128889552, 0.0001349557715, 0.000145582249388, 0.000194663502043, 0.000179260008736, 0.000151196407387, 0.000150271574967, 0.00015617137251, 0.000106731349661, 8.77934362506e-05, 9.62288395385e-05, 7.71624909248e-05, 4.58562280983e-05, 6.8664419814e-05, 0.000118022406241, 7.48931706767e-05, 3.93433729187e-05, 4.56865745946e-05, 6.17902333033e-05, 4.56885754829e-05, 5.00872483826e-05, 5.14596176799e-05, 4.80670641991e-05, 4.54086766695e-05, 5.25308241777e-05, 4.77479297842e-05, 4.47347920272e-05, 4.8512887588e-05, 4.49550789199e-05, 5.01627837366e-05, 2.64269274339e-05, 3.24862412526e-05, 1.80504266609e-05, 1.02069952845e-05, 8.83641587279e-06, 8.58687053551e-06, 8.14758277556e-06, 8.59123611008e-06, 1.11563076644e-05, 1.1653411093e-05, 1.45010526467e-05, 1.38117957249e-05, 1.36287744681e-05, 1.48443305079e-05, 1.56103724294e-05, 1.06189781945e-05, 7.6867372627e-06, 6.23595633442e-06, 4.65001267003e-06, 4.36713253293e-06, 3.77270362151e-06, 3.32218996846e-06, 2.41911993726e-06, 2.41124530476e-06, 1.87705575172e-06, 1.10009330001e-06, 8.86723682925e-07, 8.30206772662e-07, 8.27683493299e-07, 7.81629239555e-07, 7.66734558511e-07, 8.43080783852e-07, 8.29841042105e-07, 7.69786083765e-07, 7.29470286842e-07, 8.08482468528e-07, 8.03629063739e-07, 7.53750839522e-07, 1.15183968319e-06, 7.10452582098e-07, 6.57540283555e-07, 5.87868385082e-07, 5.47409683804e-07, 4.91284822601e-07, 4.82983978145e-07, 5.45088994386e-07, 3.77986339117e-07, 2.74111357612e-07, 1.96750008286e-07, 1.56089370762e-07, 1.94130365117e-07, 1.22707575656e-07, 5.75417082871e-08, 3.53402462849e-08, 2.92348794062e-08, 1.55307375849e-08, 4.58021925942e-10, 4.48935029776e-12, 4.42829757238e-12, 4.38570707528e-12, 4.36010992935e-12]
    },
    "mfcc": {
        "mean": [-619.646484375, 75.0975646973, -58.7630157471, -10.2337837219, -35.8358306885, -2.31693601608, -8.74265098572, 7.23144721985, -1.64767670631, 1.95858192444, 4.63079309464, -7.45805072784, -9.89663600922],
        "cov": [[1785.23254395, 467.236846924, 1505.28295898, 995.795043945, 836.114135742, 425.466186523, 186.763458252, 33.114528656, 151.730102539, 16.3976821899, 235.569259644, 126.792320251, 291.85925293], [467.236846924, 642.636230469, 869.294555664, 625.13079834, 463.672271729, 307.864501953, 154.763244629, 81.7454376221, 90.5571136475, 57.1161079407, 152.259307861, 98.8806152344, 136.929672241], [1505.28295898, 869.294555664, 2587.82226562, 1617.84313965, 1372.22509766, 715.14654541, 283.154632568, -6.13413238525, 244.672042847, 7.41340494156, 314.388793945, 206.534225464, 417.822052002], [995.795043945, 625.13079834, 1617.84313965, 1192.60241699, 893.749755859, 479.168640137, 126.215644836, -5.0726351738, 150.590042114, -1.82004535198, 172.178985596, 135.644134521, 298.747894287], [836.114135742, 463.672271729, 1372.22509766, 893.749755859, 887.267150879, 415.408538818, 200.615921021, 30.3893966675, 170.729629517, 20.9435882568, 188.774185181, 115.05178833, 248.14125061], [425.466186523, 307.864501953, 715.14654541, 479.168640137, 415.408538818, 332.421356201, 164.219985962, 86.4192733765, 100.918708801, 55.9564743042, 129.656967163, 90.3698196411, 118.838317871], [186.763458252, 154.763244629, 283.154632568, 126.215644836, 200.615921021, 164.219985962, 253.607254028, 131.207214355, 82.8522720337, 80.8928833008, 126.87714386, 48.0139350891, 20.2360897064], [33.114528656, 81.7454376221, -6.13413238525, -5.0726351738, 30.3893966675, 86.4192733765, 131.207214355, 163.87979126, 57.2980308533, 86.1073303223, 82.1273040771, 34.7923965454, -10.3891363144], [151.730102539, 90.5571136475, 244.672042847, 150.590042114, 170.729629517, 100.918708801, 82.8522720337, 57.2980308533, 115.516319275, 59.4106788635, 63.6184654236, 34.2425498962, 47.5952453613], [16.3976821899, 57.1161079407, 7.41340494156, -1.82004535198, 20.9435882568, 55.9564743042, 80.8928833008, 86.1073303223, 59.4106788635, 132.35269165, 73.306892395, 39.696018219, -2.33847570419], [235.569259644, 152.259307861, 314.388793945, 172.178985596, 188.774185181, 129.656967163, 126.87714386, 82.1273040771, 63.6184654236, 73.306892395, 174.796463013, 65.7963485718, 44.7293777466], [126.792320251, 98.8806152344, 206.534225464, 135.644134521, 115.05178833, 90.3698196411, 48.0139350891, 34.7923965454, 34.2425498962, 39.696018219, 65.7963485718, 87.8672561646, 56.7914237976], [291.85925293, 136.929672241, 417.822052002, 298.747894287, 248.14125061, 118.838317871, 20.2360897064, -10.3891363144, 47.5952453613, -2.33847570419, 44.7293777466, 56.7914237976, 144.035049438]],
        "icov": [[0.00124952849001, 0.000382656464353, -0.000410839536926, -0.000590811367147, 6.45937398076e-05, 0.000255860592006, -0.00018135078426, -0.000412383320509, 0.000300425948808, 5.03693372593e-05, -0.000739478913601, 0.000547843519598, -0.000889980059583], [0.000382656464353, 0.00412902282551, -0.000431885564467, -0.00247643585317, 0.000745558936615, -9.67369051068e-05, -0.000759684538934, -0.00142348592635, 0.00123696471564, -0.000694687478244, -0.000573363970034, -0.00020995864179, 0.000328823109157], [-0.000410839536926, -0.000431885564467, 0.00462400261313, -0.00309131015092, -0.00228165043518, -0.00130282808095, -0.00130501855165, 0.00326502393, -0.000776776578277, 0.00093101238599, -0.00152065546717, -0.000690077547915, 0.000682060839608], [-0.000590811367147, -0.00247643585317, -0.00309131015092, 0.0096328901127, -0.00230447319336, -0.00311313476413, 0.00408283760771, -0.000769290956669, 0.000267797644483, -5.89214068896e-05, 0.00150883686729, 0.000649020075798, -0.00236544385552], [6.45937398076e-05, 0.000745558936615, -0.00228165043518, -0.00230447319336, 0.00882359035313, -0.000734646106139, -0.00264395982958, 0.000746080535464, -0.00303780147806, 0.00121593440417, -0.00105828198139, 0.00164621567819, -0.00290780258365], [0.000255860592006, -9.67369051068e-05, -0.00130282808095, -0.00311313476413, -0.000734646106139, 0.0139752551913, -0.00326857250184, -0.00444817449898, 0.000478042959003, -0.000815670297015, 0.00136789400131, -0.00336618931033, 0.000414620735683], [-0.00018135078426, -0.000759684538934, -0.00130501855165, 0.00408283760771, -0.00264395982958, -0.00326857250184, 0.0121312243864, -0.00562650943175, -0.000700603413861, -0.000188310616068, -0.00221660546958, 0.000977390212938, 0.00207996391691], [-0.000412383320509, -0.00142348592635, 0.00326502393, -0.000769290956669, 0.000746080535464, -0.00444817449898, -0.00562650943175, 0.0179857350886, -0.0037747125607, -0.00255115958862, -0.00273806904443, -0.000817872933112, 0.0011643570615], [0.000300425948808, 0.00123696471564, -0.000776776578277, 0.000267797644483, -0.00303780147806, 0.000478042959003, -0.000700603413861, -0.0037747125607, 0.0185872577131, -0.00682840356603, 0.000966081337538, 0.00180423050188, -0.00268589914776], [5.03693372593e-05, -0.000694687478244, 0.00093101238599, -5.89214068896e-05, 0.00121593440417, -0.000815670297015, -0.000188310616068, -0.00255115958862, -0.00682840356603, 0.0159843675792, -0.00360181042925, -0.00391081115231, 0.00157690281048], [-0.000739478913601, -0.000573363970034, -0.00152065546717, 0.00150883686729, -0.00105828198139, 0.00136789400131, -0.00221660546958, -0.00273806904443, 0.000966081337538, -0.00360181042925, 0.0141918882728, -0.00499733258039, 0.00131910934579], [0.000547843519598, -0.00020995864179, -0.000690077547915, 0.000649020075798, 0.00164621567819, -0.00336618931033, 0.000977390212938, -0.000817872933112, 0.00180423050188, -0.00391081115231, -0.00499733258039, 0.0229503326118, -0.00866676028818], [-0.000889980059583, 0.000328823109157, 0.000682060839608, -0.00236544385552, -0.00290780258365, 0.000414620735683, 0.00207996391691, 0.0011643570615, -0.00268589914776, 0.00157690281048, 0.00131910934579, -0.00866676028818, 0.0197411123663]]
    },
    "spectral_contrast_coeffs": {
        "max": [-0.312901079655, -0.429611265659, -0.547997951508, -0.643292665482, -0.639536142349, -0.476578861475],
        "mean": [-0.720486462116, -0.715351343155, -0.76659989357, -0.793107569218, -0.783521473408, -0.700147867203],
        "min": [-0.93440592289, -0.898525357246, -0.900610268116, -0.88288462162, -0.859409332275, -0.79845058918],
        "stdev": [0.0928299352527, 0.0858248844743, 0.0533103086054, 0.0394259765744, 0.034062769264, 0.0432846844196]
    },
    "spectral_contrast_valleys": {
        "max": [-5.48744821548, -4.98318862915, -4.65809488297, -5.77697944641, -6.07422590256, -8.2092962265],
        "mean": [-8.44289398193, -6.81857252121, -6.37926912308, -6.79992485046, -6.86898326874, -10.069642067],
        "min": [-13.3911104202, -8.631690979, -7.96603822708, -8.39740371704, -8.42767333984, -13.8200750351],
        "stdev": [1.87467396259, 0.624129891396, 0.627964258194, 0.382692217827, 0.309322297573, 0.745442509651]
    }
},
"rhythm": {
    "beats_count": 75,
    "beats_loudness": {
        "max": 0.0691105946898,
        "mean": 0.0292553398758,
        "min": 0.00451333494857,
        "stdev": 0.0148022240028
    },
    "bpm": 104.380065918,
    "bpm_histogram_first_peak_bpm": 105,
    "bpm_histogram_first_peak_weight": 0.463414609432,
    "bpm_histogram_second_peak_bpm": 136,
    "bpm_histogram_second_peak_spread": 0.529411792755,
    "bpm_histogram_second_peak_weight": 0.108108110726,
    "danceability": 0.86647939682,
    "onset_rate": 2.04188799858,
    "beats_loudness_band_ratio": {
        "max": [0.913295030594, 0.58056718111, 0.625725090504, 0.708232581615, 0.407952606678, 0.37703666091],
        "mean": [0.204071059823, 0.0688037201762, 0.235372722149, 0.291787177324, 0.145913213491, 0.090477719903],
        "min": [1.78529106165e-07, 7.94785737526e-05, 0.020577961579, 0.0218722540885, 0.0123052904382, 0.0148766031489],
        "stdev": [0.280034661293, 0.119196973741, 0.154918536544, 0.191712617874, 0.0900813117623, 0.0732435658574]
    },
