{
"metadata": {
    "version": {
        "essentia": "2.1-beta5",
        "essentia_git_sha": "Undefined",
        "extractor": "music 2.0"
    },
    "audio_properties": {
        "analysis": {
            "equal_loudness": 0,
            "length": 48.7502937317,
            "sample_rate": 44100,
            "start_time": 93.9943771362,
            "downmix": "mix"
        },
        "bit_rate": 192000,
        "length": 192.725631714,
        "lossless": 0,
        "number_channels": 2,
        "replay_gain": -3.3671245575,
        "sample_rate": 48000,
        "codec": "mp3",
        "md5_encoded": "73ef4a8d532ff45e4e6ee0db98656e51"
    },
    "tags": {
        "file_name": "Latvia_That Night_Carousel.mp3",
        "encoding": ["Lavf58.29.100"]
    }
},
"lowlevel": {
    "average_loudness": 0.964552998543,
    "barkbands_crest": {
        "max": 26.3799228668,
        "mean": 13.3720626831,
        "min": 3.1720032692,
        "stdev": 4.96662712097
    },
    "barkbands_flatness_db": {
        "max": 0.508497655392,
        "mean": 0.212276160717,
        "min": 0.0473659820855,
        "stdev": 0.0741398781538
    },
    "barkbands_kurtosis": {
        "max": 543.122802734,
        "mean": 14.6153287888,
        "min": -1.88399076462,
        "stdev": 30.0286560059
    },
    "barkbands_skewness": {
        "max": 18.9068946838,
        "mean": 2.58402132988,
        "min": -0.586183726788,
        "stdev": 1.885612607
    },
    "barkbands_spread": {
        "max": 78.3125152588,
        "mean": 11.1909141541,
        "min": 0.26838606596,
        "stdev": 9.19248962402
    },
    "dissonance": {
        "max": 0.499680131674,
        "mean": 0.442969232798,
        "min": 0.235110968351,
        "stdev": 0.0390339791775
    },
    "dynamic_complexity": 2.70936989784,
    "erbbands_crest": {
        "max": 30.9097728729,
        "mean": 11.9770774841,
        "min": 2.4274892807,
        "stdev": 5.87225294113
    },
    "erbbands_flatness_db": {
        "max": 0.377391517162,
        "mean": 0.185991927981,
        "min": 0.0657576620579,
        "stdev": 0.0543357953429
    },
    "erbbands_kurtosis": {
        "max": 25.1479530334,
        "mean": 2.40899896622,
        "min": -1.65232491493,
        "stdev": 3.58482503891
    },
    "erbbands_skewness": {
        "max": 4.30711317062,
        "mean": 1.06394326687,
        "min": -1.91309189796,
        "stdev": 0.773296415806
    },
    "erbbands_spread": {
        "max": 128.721817017,
        "mean": 34.6671867371,
        "min": 5.19929265976,
        "stdev": 20.189666748
    },
    "hfc": {
        "max": 91.9034576416,
        "mean": 15.8006792068,
        "min": 0.160737261176,
        "stdev": 12.6606445312
    },
    "loudness_ebu128": {
        "integrated": -18.5790863037,
        "loudness_range": 2.21457672119,
        "momentary": {
            "max": -15.0496635437,
            "mean": -18.8136768341,
            "min": -22.7540988922,
            "stdev": 1.45498394966
        },
        "short_term": {
            "max": -17.1345100403,
            "mean": -18.6318664551,
            "min": -20.6379451752,
            "stdev": 0.728219687939
        }
    },
    "melbands_crest": {
        "max": 31.8809356689,
        "mean": 16.1604061127,
        "min": 5.79874563217,
        "stdev": 5.156208992
    },
    "melbands_flatness_db": {
        "max": 0.647478818893,
        "mean": 0.275895267725,
        "min": 0.0682533979416,
        "stdev": 0.0875509604812
    },
    "melbands_kurtosis": {
        "max": 410.319885254,
        "mean": 25.9094200134,
        "min": -0.816514015198,
        "stdev": 35.4183921814
    },
    "melbands_skewness": {
        "max": 13.4246864319,
        "mean": 3.2638168335,
        "min": -0.471788853407,
        "stdev": 2.08166742325
    },
    "melbands_spread": {
        "max": 104.014427185,
        "mean": 10.8569021225,
        "min": 0.360165923834,
        "stdev": 8.75199699402
    },
    "pitch_salience": {
        "max": 0.886080086231,
        "mean": 0.496258109808,
        "min": 0.0635796263814,
        "stdev": 0.132000029087
    },
    "silence_rate_20dB": {
        "max": 1,
        "mean": 1,
        "min": 1,
        "stdev": 0
    },
    "silence_rate_30dB": {
        "max": 1,
        "mean": 0.90433126688,
        "min": 0,
        "stdev": 0.294139206409
    },
    "silence_rate_60dB": {
        "max": 1,
        "mean": 0.00523560214788,
        "min": 0,
        "stdev": 0.0721678137779
    },
    "spectral_centroid": {
        "max": 3599.3581543,
        "mean": 758.467956543,
        "min": 155.455307007,
        "stdev": 417.177215576
    },
    "spectral_complexity": {
        "max": 40,
        "mean": 12.3603048325,
        "min": 1,
        "stdev": 5.12826299667
    },
    "spectral_decrease": {
        "max": -1.16250398197e-10,
        "mean": -1.2496012225e-08,
        "min": -9.65200612768e-08,
        "stdev": 1.34997177881e-08
    },
    "spectral_energy": {
        "max": 0.368854403496,
        "mean": 0.0485959872603,
        "min": 0.000453335902421,
        "stdev": 0.0515272691846
    },
    "spectral_energyband_high": {
        "max": 0.00793567858636,
        "mean": 0.000371421454474,
        "min": 5.76158129206e-07,
        "stdev": 0.000582063104957
    },
    "spectral_energyband_low": {
        "max": 0.346941441298,
        "mean": 0.026796458289,
        "min": 6.28732777841e-06,
        "stdev": 0.047855284065
    },
    "spectral_energyband_middle_high": {
        "max": 0.0540346316993,
        "mean": 0.00429151626304,
        "min": 2.73336827377e-05,
        "stdev": 0.00748534034938
    },
    "spectral_energyband_middle_low": {
        "max": 0.11171041429,
        "mean": 0.0189363602549,
        "min": 0.000357276469003,
        "stdev": 0.0149358035997
    },
    "spectral_entropy": {
        "max": 8.57686138153,
        "mean": 7.24566030502,
        "min": 5.80728006363,
        "stdev": 0.447052359581
    },
    "spectral_flux": {
        "max": 0.555634558201,
        "mean": 0.0978717058897,
        "min": 0.0181139186025,
        "stdev": 0.0743594914675
    },
    "spectral_kurtosis": {
        "max": 69.3454971313,
        "mean": 4.29369258881,
        "min": -0.624475955963,
        "stdev": 3.72428011894
    },
    "spectral_rms": {
        "max": 0.0189699213952,
        "mean": 0.00624548876658,
        "min": 0.000665040512104,
        "stdev": 0.00289905653335
    },
    "spectral_rolloff": {
        "max": 7213.62304688,
        "mean": 619.225585938,
        "min": 64.599609375,
        "stdev": 679.336303711
    },
    "spectral_skewness": {
        "max": 5.60833311081,
        "mean": 1.60884940624,
        "min": 0.00708314217627,
        "stdev": 0.456608235836
    },
    "spectral_spread": {
        "max": 28215184,
        "mean": 4335270,
        "min": 1117548.75,
        "stdev": 1307729
    },
    "spectral_strongpeak": {
        "max": 8.33591651917,
        "mean": 1.13833022118,
        "min": 0,
        "stdev": 1.38849544525
    },
    "zerocrossingrate": {
        "max": 0.19580078125,
        "mean": 0.0331382825971,
        "min": 0.00244140625,
        "stdev": 0.0221474990249
    },
    "barkbands": {
        "max": [0.0182156711817, 0.317096292973, 0.104910463095, 0.0285180713981, 0.0543865375221, 0.0572123639286, 0.0338194407523, 0.0652265921235, 0.0569020174444, 0.0687830597162, 0.00862871576101, 0.0154532203451, 0.00362905790098, 0.0048552355729, 0.00485926074907, 0.0016400590539, 0.00266152061522, 0.000771619903389, 0.00216132518835, 0.00193481124006, 0.00410133693367, 0.00326274870895, 0.00182918552309, 0.00126361881848, 0.000922914769035, 0.00062848435482, 2.20098281716e-05],
        "mean": [0.00060428091092, 0.0219150427729, 0.00329405837692, 0.00218654121272, 0.00620333198458, 0.00366559741087, 0.00107674300671, 0.00290919002146, 0.00135188433342, 0.00327217183076, 0.000295428879326, 0.00056724564638, 0.000173486812855, 0.000222766539082, 0.000149969739141, 5.56149534532e-05, 5.68011419091e-05, 6.12116637058e-05, 0.000120709235489, 0.000110663764644, 9.80797049124e-05, 8.16058600321e-05, 4.1745355702e-05, 4.52991371276e-05, 2.91064770863e-05, 7.25679001334e-06, 1.80848289233e-07],
        "min": [2.61705190852e-09, 7.08266611582e-07, 2.55046916209e-06, 7.78124103817e-06, 2.41557772824e-05, 1.65891597135e-05, 6.89340549798e-06, 2.76607511296e-06, 6.4864975684e-06, 3.86253122997e-06, 2.74744479611e-06, 3.41204395227e-06, 2.37724134422e-06, 1.95271513803e-06, 1.56810187946e-06, 6.67183485348e-07, 4.11373633824e-07, 6.81337496644e-07, 9.57836618909e-07, 3.05301085746e-07, 1.11553077886e-07, 4.51594900364e-10, 3.61114506353e-11, 3.60553462087e-11, 4.01666026828e-11, 5.27818726226e-11, 7.44141345765e-11],
        "stdev": [0.00134280871134, 0.0438752919436, 0.00709190219641, 0.00277805142105, 0.0067466548644, 0.00549080455676, 0.00183400698006, 0.00654289871454, 0.00357481651008, 0.00796040706336, 0.000763425545301, 0.00125609093811, 0.000287086470053, 0.000402106175898, 0.000315657554893, 0.000101829216874, 0.00011547574104, 7.65624354244e-05, 0.000177258189069, 0.000149561834405, 0.000192498104298, 0.000176702698809, 0.00010434743308, 8.45478789415e-05, 6.20493592578e-05, 2.56198800344e-05, 1.09991481168e-06]
    },
    "erbbands": {
        "max": [12.2145366669, 77.0548248291, 132.87387085, 77.664894104, 186.661376953, 228.724472046, 492.50088501, 606.684997559, 380.348388672, 571.368835449, 1775.54199219, 1609.57409668, 2721.45898438, 1395.92553711, 481.443603516, 794.804138184, 95.4299850464, 247.889984131, 330.629058838, 133.284683228, 105.503196716, 79.3819885254, 42.7696914673, 140.329116821, 103.718734741, 78.7882843018, 112.212089539, 181.329025269, 133.066482544, 95.8721466064, 50.7818832397, 23.0879592896, 21.0197982788, 12.4149856567, 5.43140363693, 3.9988026619, 0.721621870995, 0.122569486499, 0.00535049475729, 0.000401095196139],
        "mean": [0.657703757286, 4.75232410431, 4.92768001556, 5.77154064178, 13.5534896851, 19.4763202667, 33.5535240173, 26.7872447968, 18.7465991974, 19.6354293823, 74.1689453125, 39.6354370117, 91.9075927734, 57.7733383179, 14.7329444885, 26.3056812286, 8.13457012177, 13.307765007, 9.61985015869, 5.12603998184, 3.1752269268, 2.90827584267, 3.30295991898, 5.7204208374, 5.31731939316, 5.03015327454, 4.94119405746, 3.4734711647, 3.19275784492, 1.63381147385, 1.22144031525, 1.00130939484, 0.712968051434, 0.424738883972, 0.148314356804, 0.042112365365, 0.0122880255803, 0.00141748366877, 6.29736678093e-05, 5.61506458325e-05],
        "min": [2.8419553928e-05, 0.000424067489803, 0.00342266564257, 0.0311269816011, 0.131912782788, 0.128631457686, 0.0789954140782, 0.15879021585, 0.181164935231, 0.136946231127, 0.111619733274, 0.14325375855, 0.225846663117, 0.202438995242, 0.0835585519671, 0.168841838837, 0.109437488019, 0.0877067297697, 0.142818391323, 0.0812422037125, 0.0489778853953, 0.018266916275, 0.0358772985637, 0.0486814975739, 0.0414741337299, 0.0185329485685, 0.0083428779617, 0.00320344488136, 0.000209256249946, 3.83275510103e-05, 1.52739157784e-05, 7.38870267014e-06, 5.30797615284e-06, 4.88066780235e-06, 4.2678848331e-06, 3.13925033879e-06, 1.85987187251e-06, 3.9876059077e-07, 1.32437321554e-06, 7.94522861725e-07],
        "stdev": [1.29948604107, 9.8389005661, 9.57203578949, 7.3537940979, 19.8366756439, 24.2124176025, 52.2597427368, 49.2106399536, 32.6450920105, 29.2308349609, 176.408111572, 96.3406219482, 263.327301025, 147.553237915, 30.6381607056, 60.3108177185, 10.0985679626, 22.1552867889, 20.4413089752, 9.12264728546, 5.88374900818, 4.5595831871, 4.12788534164, 9.43713665009, 7.432533741, 6.56046819687, 6.99473667145, 8.81775093079, 6.61698865891, 4.54168224335, 2.93538403511, 1.86710834503, 1.42180252075, 0.89210164547, 0.352252364159, 0.141976609826, 0.0427547767758, 0.00569841638207, 0.000215203719563, 5.63207140658e-05]
    },
    "gfcc": {
        "mean": [-24.3185501099, 136.178314209, -111.27003479, 43.6543807983, -71.4158248901, 12.8459005356, -24.3766498566, -1.96017503738, -20.9019050598, -4.39424085617, -4.24251937866, -13.9037723541, 0.815675854683],
        "cov": [[3068.18017578, -1424.4552002, 371.874664307, -87.1552124023, -496.865936279, 643.192138672, -376.257781982, 637.698059082, -249.642883301, 191.895874023, -175.869094849, 138.597015381, 71.5026779175], [-1424.4552002, 1614.77368164, -234.330718994, -19.8352069855, 392.099365234, -324.672363281, 570.555480957, -341.698394775, 382.868377686, -168.145980835, 300.500518799, -187.78805542, 153.085830688], [371.874664307, -234.330718994, 658.975952148, 216.930282593, 189.425521851, 187.971054077, -19.1552352905, 209.645309448, 25.1485614777, 174.201843262, -4.17446041107, 100.618721008, -29.1849422455], [-87.1552124023, -19.8352069855, 216.930282593, 398.50769043, 134.648910522, 105.385215759, 28.2871074677, 22.7699203491, 107.452583313, -7.09960317612, 65.693572998, 5.98806619644, 20.6937065125], [-496.865936279, 392.099365234, 189.425521851, 134.648910522, 514.342163086, -19.2594089508, 242.851486206, -66.6344451904, 144.131484985, 61.1734848022, 39.1530075073, 60.6655006409, -49.5614204407], [643.192138672, -324.672363281, 187.971054077, 105.385215759, -19.2594089508, 392.554138184, -9.94059562683, 200.471221924, 1.41233241558, 48.2835922241, 32.7504997253, 21.6197433472, 43.8512611389], [-376.257781982, 570.555480957, -19.1552352905, 28.2871074677, 242.851486206, -9.94059562683, 398.49786377, -64.2393417358, 162.136413574, -28.9196166992, 107.078697205, -32.9409179688, 59.6750450134], [637.698059082, -341.698394775, 209.645309448, 22.7699203491, -66.6344451904, 200.471221924, -64.2393417358, 286.149383545, -33.672908783, 107.114814758, -10.4086647034, 39.6477851868, 44.8819847107], [-249.642883301, 382.868377686, 25.1485614777, 107.452583313, 144.131484985, 1.41233241558, 162.136413574, -33.672908783, 247.285751343, -27.3441982269, 126.1484375, -30.2179317474, 47.6561737061], [191.895874023, -168.145980835, 174.201843262, -7.09960317612, 61.1734848022, 48.2835922241, -28.9196166992, 107.114814758, -27.3441982269, 171.44984436, -25.6620864868, 68.6790161133, -40.5567512512], [-175.869094849, 300.500518799, -4.17446041107, 65.693572998, 39.1530075073, 32.7504997253, 107.078697205, -10.4086647034, 126.1484375, -25.6620864868, 188.499694824, -40.7435035706, 94.34765625], [138.597015381, -187.78805542, 100.618721008, 5.98806619644, 60.6655006409, 21.6197433472, -32.9409179688, 39.6477851868, -30.2179317474, 68.6790161133, -40.7435035706, 132.889816284, -41.516494751], [71.5026779175, 153.085830688, -29.1849422455, 20.6937065125, -49.5614204407, 43.8512611389, 59.6750450134, 44.8819847107, 47.6561737061, -40.5567512512, 94.34765625, -41.516494751, 162.434051514]],
        "icov": [[0.00104795896914, 0.000489723635837, -0.000228613207582, 0.000534508377314, 0.000573625438847, -0.000865389418323, -0.000176939996891, -0.000857640232425, -0.000491676095407, 0.000108772423118, 0.000678261567373, -0.000316228921292, -0.000624766049441], [0.000489723635837, 0.00605919025838, -0.000951911613811, 0.00245718494989, -0.00207964982837, 0.00286612473428, -0.00372865260579, 0.00237752310932, -0.00297894771211, 0.000824821705464, -0.00335720041767, 0.00446104910225, -0.00293539464474], [-0.000228613207582, -0.000951911613811, 0.00363937113434, -0.00191231258214, -0.000834796985146, -0.00047590531176, 0.000929622503463, -0.00201761256903, 0.000647205743007, -0.00183825369459, 0.000319313403452, -0.00101140141487, 0.000892174779437], [0.000534508377314, 0.00245718494989, -0.00191231258214, 0.00528929848224, -0.00142213422805, -0.000120050361147, -0.000424922327511, 0.00133069499861, -0.00258050020784, 0.00188390549738, -0.00148834078573, 0.00176193891093, -0.0016392969992], [0.000573625438847, -0.00207964982837, -0.000834796985146, -0.00142213422805, 0.00607868703082, -0.00169895158615, -0.00134857662488, 0.000173670778167, -0.000353730778443, -0.00173961278051, 0.00244318367913, -0.00358506524935, 0.00183349801227], [-0.000865389418323, 0.00286612473428, -0.00047590531176, -0.000120050361147, -0.00169895158615, 0.00712728174403, -0.00238674879074, -0.00130327336956, -0.000409773958381, 0.0015365825966, -0.00378574524075, 0.00261333817616, -0.000225263298489], [-0.000176939996891, -0.00372865260579, 0.000929622503463, -0.000424922327511, -0.00134857662488, -0.00238674879074, 0.00760820601135, -0.00123944517691, 0.000231008831179, -0.000174851214979, 0.00164855876938, -0.00184466713108, 5.28884811501e-05], [-0.000857640232425, 0.00237752310932, -0.00201761256903, 0.00133069499861, 0.000173670778167, -0.00130327336956, -0.00123944517691, 0.0122314952314, -0.00182811077684, -0.00452065002173, 5.24879578734e-05, 0.00228747189976, -0.0049529094249], [-0.000491676095407, -0.00297894771211, 0.000647205743007, -0.00258050020784, -0.000353730778443, -0.000409773958381, 0.000231008831179, -0.00182811077684, 0.00998835638165, 0.000588499358855, -0.00305692362599, -0.0014224362094, 0.00252041290514], [0.000108772423118, 0.000824821705464, -0.00183825369459, 0.00188390549738, -0.00173961278051, 0.0015365825966, -0.000174851214979, -0.00452065002173, 0.000588499358855, 0.0126846656203, -0.00254016974941, -0.00208289106376, 0.00290972739458], [0.000678261567373, -0.00335720041767, 0.000319313403452, -0.00148834078573, 0.00244318367913, -0.00378574524075, 0.00164855876938, 5.24879578734e-05, -0.00305692362599, -0.00254016974941, 0.0145045323297, -0.00205085938796, -0.0044265864417], [-0.000316228921292, 0.00446104910225, -0.00101140141487, 0.00176193891093, -0.00358506524935, 0.00261333817616, -0.00184466713108, 0.00228747189976, -0.0014224362094, -0.00208289106376, -0.00205085938796, 0.0146024273708, -0.00140431011096], [-0.000624766049441, -0.00293539464474, 0.000892174779437, -0.0016392969992, 0.00183349801227, -0.000225263298489, 5.28884811501e-05, -0.0049529094249, 0.00252041290514, 0.00290972739458, -0.0044265864417, -0.00140431011096, 0.0137355560437]]
    },
    "melbands": {
        "max": [0.0943456366658, 0.0632366910577, 0.0136417299509, 0.0140501083806, 0.0141229964793, 0.0118785621598, 0.00530864857137, 0.00557645549998, 0.0130094597116, 0.0110563198105, 0.0136628877372, 0.00641225278378, 0.00122036819812, 0.00173252762761, 0.000972936570179, 0.000400873803301, 0.000546281575225, 0.000584434019402, 0.000336820812663, 0.000140316507895, 0.000178236805368, 0.00010504610691, 3.11259682348e-05, 4.98437002534e-05, 0.000134061963763, 8.47615301609e-05, 6.18827252765e-05, 6.92030444043e-05, 7.75282824179e-05, 0.000113746042189, 0.000119551397802, 8.97802819964e-05, 5.35751387361e-05, 5.4019918025e-05, 3.00236952171e-05, 2.52076024481e-05, 1.73185762833e-05, 1.61438438226e-05, 1.26923541757e-05, 1.26885679492e-05],
        "mean": [0.00618203170598, 0.00377442361787, 0.00122476858087, 0.00118119211402, 0.00112972024363, 0.000611976021901, 0.000276352249784, 0.00027236904134, 0.000551322940737, 0.000234937018831, 0.000467260921141, 0.000251641438808, 3.91892681364e-05, 6.91649620421e-05, 3.19672690239e-05, 2.00496069738e-05, 2.51557830779e-05, 1.60524941748e-05, 8.82142558112e-06, 4.75606657346e-06, 3.68551127394e-06, 3.15282386509e-06, 2.6078312203e-06, 3.19570403917e-06, 4.87375109515e-06, 4.17332694269e-06, 3.27117140841e-06, 3.41616737387e-06, 3.51078347194e-06, 2.12700956581e-06, 1.9991073259e-06, 1.98281964003e-06, 1.25400447359e-06, 7.61444425734e-07, 7.16433078196e-07, 6.30711781469e-07, 5.99345128194e-07, 5.0147713182e-07, 4.49620188192e-07, 3.29949756406e-07],
        "min": [2.81217410247e-07, 1.12911538963e-06, 6.26989867669e-06, 1.03216852949e-05, 1.88830324532e-06, 3.37903338732e-06, 3.18157481161e-06, 6.09141466157e-07, 6.36852291791e-07, 9.50691855905e-07, 1.04095988718e-06, 7.5918165976e-07, 3.73405782739e-07, 3.15612879831e-07, 3.89932409917e-07, 2.0987414473e-07, 1.5633075634e-07, 2.30176098626e-07, 1.13976945215e-07, 4.02729334326e-08, 3.35065273305e-08, 2.15539959214e-08, 1.44849598982e-08, 3.12637951083e-08, 2.15263256109e-08, 2.82196115364e-08, 1.40997054032e-08, 1.22035714867e-08, 1.06881081763e-09, 4.14345802113e-09, 1.91678478645e-10, 9.89374467769e-12, 1.41281192474e-12, 5.21605382584e-13, 3.76820997365e-13, 6.15974719148e-13, 4.33971787542e-13, 3.05929733586e-13, 3.65166122167e-13, 3.13415959852e-13],
        "stdev": [0.0123855667189, 0.00695007620379, 0.0014448708389, 0.00138783350121, 0.00159470236395, 0.00103458983358, 0.0004658261023, 0.000436395523138, 0.00130519736558, 0.000648357556202, 0.00132673745975, 0.000680855300743, 9.71548870439e-05, 0.000145166544826, 7.16416834621e-05, 3.39687721862e-05, 4.66543824587e-05, 3.5968998418e-05, 1.6178113583e-05, 8.88413796929e-06, 8.40742723085e-06, 5.84932286074e-06, 3.33031266564e-06, 4.28491421189e-06, 8.89671628101e-06, 6.04208253208e-06, 5.18942260896e-06, 4.5853348638e-06, 4.93019479109e-06, 4.22706943937e-06, 5.73844636165e-06, 4.15847080149e-06, 2.98092322737e-06, 2.37675385506e-06, 1.77062463536e-06, 1.38044197229e-06, 1.1446931012e-06, 1.07186349396e-06, 8.77519539699e-07, 7.64132664699e-07]
    },
    "melbands128": {
        "max": [0.0173687133938, 0.102114677429, 0.155630961061, 0.125379040837, 0.0821197479963, 0.0427610017359, 0.0178469121456, 0.0142124593258, 0.0253786165267, 0.0230727549642, 0.0179091189057, 0.0168526526541, 0.0250403285027, 0.0236356463283, 0.0176405496895, 0.0151900118217, 0.0125930961221, 0.00740205543116, 0.0131232999265, 0.00890358164907, 0.00397018203512, 0.019024759531, 0.019668970257, 0.00505029177293, 0.0119387507439, 0.0203233566135, 0.0109205637127, 0.0264995135367, 0.0143244797364, 0.0152911273763, 0.00726075377315, 0.00264055025764, 0.00170591450296, 0.00370743055828, 0.00131091161165, 0.00349214696325, 0.00389206176624, 0.000558534462471, 0.000159754054039, 0.000250574114034, 0.000831095851026, 0.000819408334792, 0.000523177557625, 0.00104050268419, 0.00048568303464, 0.0013657163363, 0.000566968054045, 0.000508939090651, 0.000479507143609, 0.000359975791071, 0.00012306739518, 6.55370677123e-05, 0.000128700747155, 0.00044593133498, 0.000308837916236, 0.000204257594305, 5.92686410528e-05, 4.55933295598e-05, 5.47751078557e-05, 8.4143372078e-05, 9.9205171864e-05, 5.45692637388e-05, 0.000281214161078, 0.000168013430084, 8.67788330652e-05, 0.000168458151165, 9.62552658166e-05, 0.000122130426462, 8.34087550174e-05, 0.000134571731905, 4.58236754639e-05, 0.000121145290905, 0.000128830986796, 7.04444973962e-05, 8.28425108921e-05, 8.24749149615e-05, 0.000184778240509, 0.000132298402605, 0.000135911046527, 0.000132032335387, 0.00011659568554, 5.9171787143e-05, 9.01624371181e-05, 5.10934805789e-05, 0.000108128268039, 5.19828427059e-05, 5.61455781281e-05, 3.50958725903e-05, 3.05984540319e-05, 4.39038594777e-05, 4.01392462663e-05, 1.76774810825e-05, 2.02551473194e-05, 1.89022284758e-05, 2.3819906346e-05, 2.04224343179e-05, 1.78201262315e-05, 2.19146986637e-05, 1.43624411066e-05, 1.22870560517e-05, 1.36376911541e-05, 1.69390878e-05, 1.52115417222e-05, 1.09993288788e-05, 1.09124530354e-05, 1.08979193101e-05, 4.92889785164e-06, 2.74986473414e-06, 5.62839568374e-06, 1.83162228495e-05, 6.92543198966e-06, 2.53116490967e-06, 2.82557630271e-06, 1.95517077373e-06, 2.4686235065e-06, 2.20685592467e-06, 4.75735021155e-07, 4.03427009132e-07, 2.21418758883e-07, 2.3398661142e-07, 1.10224704031e-07, 2.32790497989e-07, 1.9982114452e-07, 7.6264781157e-09, 4.14602885357e-09, 4.10500611281e-09, 4.0697845094e-09, 4.04741218318e-09],
        "mean": [0.000553100544494, 0.00455587636679, 0.00977956969291, 0.00715197622776, 0.00314078549854, 0.00146987219341, 0.00108233513311, 0.00112736434676, 0.00150366127491, 0.00113407743629, 0.00100081285927, 0.00123091414571, 0.00137539417483, 0.000708680658136, 0.000627928064205, 0.000560854969081, 0.000374826398911, 0.000181195689947, 0.000232004080317, 0.000142080956721, 0.000231162062846, 0.000777762674261, 0.000750427192543, 0.000122113124235, 0.000205094678677, 0.000259112217464, 0.000303146458464, 0.000672914786264, 0.000348900473909, 0.000446267833468, 0.000140355332405, 3.65316627722e-05, 3.44999716617e-05, 4.41462834715e-05, 2.96851540043e-05, 0.000104685466795, 9.4521768915e-05, 1.27872172015e-05, 7.60238390285e-06, 1.21812299767e-05, 2.69033298537e-05, 2.57206738752e-05, 2.45342744165e-05, 3.01534964819e-05, 1.01298892332e-05, 2.01492384804e-05, 1.27058274302e-05, 8.08538607089e-06, 7.30959573048e-06, 6.94839764037e-06, 4.16228476752e-06, 3.00146552945e-06, 3.00275110021e-06, 4.62102252641e-06, 4.06291246691e-06, 2.74823946711e-06, 2.55811210081e-06, 2.63831998382e-06, 2.45445107794e-06, 2.88542855742e-06, 3.36972493642e-06, 2.83977215076e-06, 5.28516602571e-06, 5.51488074052e-06, 3.95623328586e-06, 4.7166040531e-06, 3.75612421522e-06, 3.58464262717e-06, 3.15564057018e-06, 2.82160294773e-06, 3.20562867273e-06, 3.71875103156e-06, 4.28528846896e-06, 3.47914487975e-06, 2.68964822681e-06, 2.18466152546e-06, 1.83200734227e-06, 1.86715283235e-06, 2.05548371923e-06, 2.06010622605e-06, 2.19439471039e-06, 1.91853609977e-06, 1.55967370574e-06, 1.20817890092e-06, 1.01940815966e-06, 7.55733765345e-07, 6.7000951276e-07, 7.30580154595e-07, 7.55902306082e-07, 6.86011503603e-07, 6.19296883997e-07, 6.0674665292e-07, 6.62798072426e-07, 6.29458725143e-07, 5.39578536518e-07, 5.1372813914e-07, 4.9201088359e-07, 4.9081643283e-07, 4.60281455616e-07, 4.37802015085e-07, 3.66214806036e-07, 3.37864122457e-07, 2.47689200705e-07, 2.03486294481e-07, 1.6385637025e-07, 1.25403829543e-07, 9.61777573139e-08, 7.26780413629e-08, 6.95898378922e-08, 6.01874035056e-08, 5.07244983794e-08, 4.28557029863e-08, 3.91384240572e-08, 3.17287174312e-08, 2.44691005236e-08, 1.41173766011e-08, 5.01865038416e-09, 1.30968236256e-09, 4.89865592534e-10, 2.84831880304e-10, 2.6077359716e-10, 3.22698701094e-10, 2.45014175615e-10, 1.6207785114e-11, 8.60833366395e-12, 8.31862009831e-12, 8.14718258135e-12, 8.08879786068e-12],
        "min": [2.50609311081e-09, 1.77154788616e-08, 7.27247027044e-08, 9.47745988356e-08, 4.28687712883e-07, 1.19487856409e-06, 1.11782389922e-06, 3.27641964759e-06, 3.80280744139e-06, 2.18700643018e-06, 1.40572683449e-06, 1.20898516798e-06, 1.03505431071e-06, 9.18229901004e-08, 3.76716116079e-07, 3.49196625393e-07, 6.49868695746e-07, 5.20428784512e-07, 2.14399506149e-07, 2.6825216537e-07, 1.77898769493e-07, 2.93540892926e-07, 2.90415755444e-07, 3.15918441629e-07, 4.15551596689e-07, 1.8711341454e-07, 1.86921440104e-07, 2.75135931815e-07, 2.44345500278e-07, 2.00351664148e-07, 2.56823028622e-07, 1.81409490096e-07, 1.06914129105e-07, 3.44634898397e-08, 6.94592756645e-08, 1.96649466488e-07, 2.70801137958e-07, 2.02147049322e-07, 1.10887810933e-07, 1.31383487201e-07, 2.30788259614e-07, 1.51037696128e-07, 7.22539255094e-08, 6.12169159808e-08, 8.98655585502e-08, 1.50656120468e-07, 6.83681378177e-08, 1.04600857753e-07, 4.85810325301e-08, 3.07537568744e-08, 1.40348133115e-08, 8.18220158294e-09, 1.76387189299e-08, 2.56074343952e-08, 6.96538204892e-09, 5.98291194365e-09, 2.45245335151e-09, 4.11361789077e-09, 1.43467131508e-08, 2.69723425816e-08, 1.41075062743e-08, 1.12742881697e-08, 1.40259226455e-08, 1.25445733801e-08, 2.0729418182e-08, 2.53821319518e-08, 2.59667345404e-08, 8.26788237873e-09, 3.84020681921e-09, 8.48608561199e-09, 1.36066322654e-08, 4.57386351016e-09, 2.4155855094e-10, 3.07375569442e-10, 3.08654724002e-09, 3.56620044606e-09, 1.68010394486e-09, 2.61966337511e-10, 3.27106848552e-11, 1.49270699967e-11, 7.95314335222e-12, 4.84549162946e-12, 1.20435736037e-12, 3.13259130007e-13, 8.37195764103e-13, 3.30726440158e-13, 2.0864706447e-13, 2.50682233218e-13, 3.24912921004e-13, 5.01542058752e-13, 4.95520020415e-13, 4.98102156309e-13, 4.08556028635e-13, 2.97239311072e-13, 3.325317723e-13, 2.83472166096e-13, 2.70682049908e-13, 2.2917602603e-13, 3.37039478358e-13, 2.31671019174e-13, 2.93493528092e-13, 2.64796783675e-13, 2.5636225998e-13, 2.09744006018e-13, 1.67995798479e-13, 2.62634586388e-13, 2.71771483356e-13, 2.05373654823e-13, 2.73871637174e-13, 2.51368126617e-13, 1.92577995651e-13, 2.52598181087e-13, 2.81126576011e-13, 2.04039259447e-13, 2.04987773717e-13, 2.00478956353e-13, 2.19390478007e-13, 2.34797316138e-13, 2.33848395292e-13, 2.56736065784e-13, 2.21448591886e-13, 1.95987052542e-13, 2.22478611055e-13, 2.1977371637e-13, 1.71319786157e-13, 6.97681455252e-14, 8.7921274536e-15, 3.8110286051e-16],
        "stdev": [0.00122928794008, 0.00891711283475, 0.0210756566375, 0.0148311881348, 0.00633894884959, 0.00302512873895, 0.00154757488053, 0.0015375900548, 0.00260884221643, 0.00177878479008, 0.00158904423006, 0.00205621495843, 0.00250214338303, 0.00147810671479, 0.00160546938423, 0.00125961587764, 0.000956487900112, 0.000377636868507, 0.000511417922098, 0.000338527956046, 0.000463149888674, 0.0020450768061, 0.00200289976783, 0.000388622342143, 0.00079370837193, 0.00101591681596, 0.00102679687552, 0.00251079397276, 0.00102667347528, 0.00148046109825, 0.000460416282294, 0.000123156831251, 0.000119138865557, 0.000171145424247, 8.34656966617e-05, 0.000257153064013, 0.000268960109679, 3.48894500348e-05, 1.10344162749e-05, 2.07623670576e-05, 5.81901622354e-05, 6.52977250866e-05, 5.44189388165e-05, 8.07231699582e-05, 2.40057543124e-05, 7.56193039706e-05, 3.51408743882e-05, 2.02604023798e-05, 2.00482700166e-05, 2.02829669433e-05, 8.50429114507e-06, 5.95088249611e-06, 6.79530830894e-06, 1.63660533872e-05, 1.17366726045e-05, 6.70258577884e-06, 4.28681096309e-06, 3.83592760045e-06, 4.38848019257e-06, 5.16294358022e-06, 5.99779514232e-06, 4.40037047156e-06, 1.35475756906e-05, 1.2164607142e-05, 6.70379222356e-06, 8.45040813147e-06, 6.7239047894e-06, 6.82693780618e-06, 5.93466484133e-06, 5.60900252822e-06, 4.55577128378e-06, 6.46352009426e-06, 6.95667449691e-06, 5.60923308512e-06, 4.63637616122e-06, 3.89525075661e-06, 5.26717985849e-06, 6.05438481216e-06, 6.57744840282e-06, 6.13774955127e-06, 4.83398753204e-06, 3.75190029445e-06, 3.83693668482e-06, 2.88309297503e-06, 3.81388258575e-06, 2.65404582933e-06, 2.1443102014e-06, 1.8113664737e-06, 1.96503901861e-06, 1.92828156287e-06, 1.73184321284e-06, 1.34492302095e-06, 1.2817544075e-06, 1.25393239614e-06, 1.22105961964e-06, 1.25978488086e-06, 1.15544787604e-06, 1.10468897674e-06, 9.14564964205e-07, 9.37167158099e-07, 8.75947250734e-07, 9.05422780306e-07, 6.69308064971e-07, 5.33726847607e-07, 4.70358742177e-07, 4.06796459629e-07, 2.73396466355e-07, 2.18936676788e-07, 2.70577402262e-07, 4.31209429053e-07, 2.30727465578e-07, 1.55893374654e-07, 1.4434111506e-07, 1.26049158666e-07, 1.08047643721e-07, 7.47017665503e-08, 2.52102143605e-08, 1.40133060711e-08, 5.92979043645e-09, 5.63694735334e-09, 3.87421028591e-09, 5.99962435288e-09, 4.98738117471e-09, 2.1360375968e-10, 9.09599756627e-11, 9.00615831911e-11, 8.92915949513e-11, 8.88011539302e-11]
    },
    "mfcc": {
        "mean": [-661.516845703, 148.258499146, 18.6019420624, 30.4812088013, -9.73779296875, 9.43506622314, 7.18224000931, -2.62528252602, -2.50806522369, 2.52444982529, 0.225968167186, -2.63116049767, -6.16944551468],
        "cov": [[2919.27319336, -1305.90869141, 500.734527588, -619.62109375, 46.0898742676, -243.900085449, 53.8734931946, 80.5785369873, 134.71987915, 119.735969543, -53.1978874207, -145.736022949, -66.9651794434], [-1305.90869141, 1402.88085938, -377.716552734, 287.142791748, -134.332641602, 143.674911499, 81.8616256714, -2.95126676559, 30.3381404877, 32.9675750732, 120.614959717, 70.2661590576, 23.3440818787], [500.734527588, -377.716552734, 518.026428223, -23.8595485687, 174.101257324, -23.9590492249, 60.6731491089, 43.387840271, 72.1183319092, 53.9611740112, 61.5285072327, 51.4254417419, 41.6909255981], [-619.62109375, 287.142791748, -23.8595485687, 409.634521484, 85.8509902954, 152.830490112, -1.35099494457, 50.8573951721, 17.322303772, 4.50794267654, 52.5331230164, 64.496673584, 57.3726501465], [46.0898742676, -134.332641602, 174.101257324, 85.8509902954, 292.25189209, 71.1563873291, 31.8486499786, 59.9882354736, 42.1677513123, 48.3209457397, 33.3318367004, 83.9098510742, 51.1368637085], [-243.900085449, 143.674911499, -23.9590492249, 152.830490112, 71.1563873291, 268.111602783, 42.1932792664, 120.15940094, 7.55201101303, 63.6010475159, 49.1968917847, 33.1682891846, 40.5839080811], [53.8734931946, 81.8616256714, 60.6731491089, -1.35099494457, 31.8486499786, 42.1932792664, 205.871459961, 35.3318939209, 77.2643737793, 39.8136024475, 58.6698913574, -10.2310352325, 21.5218753815], [80.5785369873, -2.95126676559, 43.387840271, 50.8573951721, 59.9882354736, 120.15940094, 35.3318939209, 170.377349854, 36.8089599609, 72.854598999, 18.9947834015, 26.1346302032, 22.5363960266], [134.71987915, 30.3381404877, 72.1183319092, 17.322303772, 42.1677513123, 7.55201101303, 77.2643737793, 36.8089599609, 135.334243774, 41.2686386108, 52.9577941895, -1.56160271168, 16.7580566406], [119.735969543, 32.9675750732, 53.9611740112, 4.50794267654, 48.3209457397, 63.6010475159, 39.8136024475, 72.854598999, 41.2686386108, 131.536911011, 46.6548919678, 30.1455078125, 11.0960693359], [-53.1978874207, 120.614959717, 61.5285072327, 52.5331230164, 33.3318367004, 49.1968917847, 58.6698913574, 18.9947834015, 52.9577941895, 46.6548919678, 126.711921692, 36.5776481628, 40.8458061218], [-145.736022949, 70.2661590576, 51.4254417419, 64.496673584, 83.9098510742, 33.1682891846, -10.2310352325, 26.1346302032, -1.56160271168, 30.1455078125, 36.5776481628, 135.226486206, 46.6484451294], [-66.9651794434, 23.3440818787, 41.6909255981, 57.3726501465, 51.1368637085, 40.5839080811, 21.5218753815, 22.5363960266, 16.7580566406, 11.0960693359, 40.8458061218, 46.6484451294, 100.24937439]],
        "icov": [[0.0010417526355, 0.00068720622221, -0.00030954516842, 0.000936096184887, 0.00018399504188, 0.000390039407648, 6.15350072621e-05, -0.000588590162806, -0.000801348185632, -0.000804306706414, -0.0001262024889, 0.00054352323059, 1.76955672941e-05], [0.00068720622221, 0.00191620865371, 0.000883134838659, -0.0002503375581, 0.000889760034624, 0.000137749171699, -0.000667959160637, 1.98892212211e-05, -0.000834886974189, -0.000869265350047, -0.00109503336716, -0.000793338054791, 0.000469231425086], [-0.00030954516842, 0.000883134838659, 0.00375355035067, -0.000550766300876, -0.00116940727457, 0.000919813173823, -0.000751256942749, -0.000228488745051, -0.000275905127637, -0.000187171128346, -0.00177674659062, -0.000955602154136, 1.40019292303e-05], [0.000936096184887, -0.0002503375581, -0.000550766300876, 0.00504770735279, -0.000852081400808, -0.00167680170853, 0.00116892531514, -0.000543493020814, -0.00144116673619, 0.000915590848308, -0.000310570234433, 0.000223744835239, -0.00082947104238], [0.00018399504188, 0.000889760034624, -0.00116940727457, -0.000852081400808, 0.00620108004659, -0.00113325554412, -0.000561135122553, 0.000268015137408, -0.00144174613524, -0.000789282203186, 0.0011017677607, -0.00306019210257, -0.000451029191026], [0.000390039407648, 0.000137749171699, 0.000919813173823, -0.00167680170853, -0.00113325554412, 0.00835983734578, -0.00100457796361, -0.00496316375211, 0.00255925999954, -0.00162367895246, -0.00213131983764, 0.00157187343575, -0.000780405243859], [6.15350072621e-05, -0.000667959160637, -0.000751256942749, 0.00116892531514, -0.000561135122553, -0.00100457796361, 0.00732864998281, -0.000215987951378, -0.00288863177411, -1.82487819984e-05, -0.00135529774707, 0.00197033747099, -0.000871517346241], [-0.000588590162806, 1.98892212211e-05, -0.000228488745051, -0.000543493020814, 0.000268015137408, -0.00496316375211, -0.000215987951378, 0.0117458263412, -0.00217391713522, -0.00352888996713, 0.00305790128186, -0.00141002784949, -0.000549152609892], [-0.000801348185632, -0.000834886974189, -0.000275905127637, -0.00144116673619, -0.00144174613524, 0.00255925999954, -0.00288863177411, -0.00217391713522, 0.0128934672102, -0.000853409525007, -0.00337049388327, 0.00218430464156, -0.00029713564436], [-0.000804306706414, -0.000869265350047, -0.000187171128346, 0.000915590848308, -0.000789282203186, -0.00162367895246, -1.82487819984e-05, -0.00352888996713, -0.000853409525007, 0.0132617559284, -0.00297902082093, -0.0020312985871, 0.00190992257558], [-0.0001262024889, -0.00109503336716, -0.00177674659062, -0.000310570234433, 0.0011017677607, -0.00213131983764, -0.00135529774707, 0.00305790128186, -0.00337049388327, -0.00297902082093, 0.0146544622257, -0.00181877228897, -0.00323969544843], [0.00054352323059, -0.000793338054791, -0.000955602154136, 0.000223744835239, -0.00306019210257, 0.00157187343575, 0.00197033747099, -0.00141002784949, 0.00218430464156, -0.0020312985871, -0.00181877228897, 0.0128449900076, -0.00374054652639], [1.76955672941e-05, 0.000469231425086, 1.40019292303e-05, -0.00082947104238, -0.000451029191026, -0.000780405243859, -0.000871517346241, -0.000549152609892, -0.00029713564436, 0.00190992257558, -0.00323969544843, -0.00374054652639, 0.0141019392759]]
    },
    "spectral_contrast_coeffs": {
        "max": [-0.385251134634, -0.438943535089, -0.45785048604, -0.628973484039, -0.684784770012, -0.464398920536],
        "mean": [-0.687132179737, -0.719000518322, -0.748838543892, -0.816242992878, -0.820262372494, -0.740624248981],
        "min": [-0.938361465931, -0.916167974472, -0.915493488312, -0.899703979492, -0.887412190437, -0.924491584301],
        "stdev": [0.0784652531147, 0.0799298509955, 0.0921296104789, 0.0426974371076, 0.0321954637766, 0.0572391934693]
    },
    "spectral_contrast_valleys": {
        "max": [-4.47570180893, -4.65735626221, -5.71019506454, -6.47113418579, -6.36047649384, -8.26492786407],
        "mean": [-6.26399707794, -6.6758275032, -7.39724159241, -7.94416236877, -7.77320051193, -10.8483829498],
        "min": [-8.96080589294, -8.39063549042, -8.71231460571, -9.22449302673, -9.92348194122, -16.4659900665],
        "stdev": [0.701494395733, 0.483707934618, 0.44600635767, 0.468374490738, 0.483200401068, 1.43778681755]
    }
},
"rhythm": {
    "beats_count": 75,
    "beats_loudness": {
        "max": 0.272702038288,
        "mean": 0.133687213063,
        "min": 0.010831663385,
        "stdev": 0.0694757923484
    },
    "bpm": 93.0860443115,
    "bpm_histogram_first_peak_bpm": 92,
    "bpm_histogram_first_peak_weight": 0.361111104488,
    "bpm_histogram_second_peak_bpm": 98,
    "bpm_histogram_second_peak_spread": 0,
    "bpm_histogram_second_peak_weight": 0.0270270276815,
    "danceability": 1.4153573513,
    "onset_rate": 3.568359375,
    "beats_loudness_band_ratio": {
        "max": [0.993061900139, 0.450438052416, 0.562968373299, 0.63512891531, 0.0884873792529, 0.033211492002],
        "mean": [0.800678789616, 0.0972042158246, 0.076059371233, 0.0393356569111, 0.00401590298861, 0.00380075210705],
        "min": [0.0322239883244, 0.00443509034812, 0.000428289553383, 0.000230480523896, 0.000107298721559, 5.11099788127e-05],
        "stdev": [0.222243919969, 0.0965664461255, 0.106421798468, 0.0912508517504, 0.0108373211697, 0.00650166906416]
    },
