{
"metadata": {
    "version": {
        "essentia": "2.1-beta5",
        "essentia_git_sha": "Undefined",
        "extractor": "music 2.0"
    },
    "audio_properties": {
        "analysis": {
            "equal_loudness": 0,
            "length": 48.7502937317,
            "sample_rate": 44100,
            "start_time": 12.7477550507,
            "downmix": "mix"
        },
        "bit_rate": 192000,
        "length": 196.48727417,
        "lossless": 0,
        "number_channels": 2,
        "replay_gain": -5.27439308167,
        "sample_rate": 48000,
        "codec": "mp3",
        "md5_encoded": "3a1e551f0c418840510df64f3ec4141c"
    },
    "tags": {
        "file_name": "Slovenia_Sebi_Zala Kralj _ Gašper Šantl.mp3",
        "encoding": ["Lavf58.29.100"]
    }
},
"lowlevel": {
    "average_loudness": 0.856485188007,
    "barkbands_crest": {
        "max": 25.668466568,
        "mean": 12.4469175339,
        "min": 2.07755923271,
        "stdev": 5.27025032043
    },
    "barkbands_flatness_db": {
        "max": 0.613241970539,
        "mean": 0.215757116675,
        "min": 0.0523798242211,
        "stdev": 0.0758479163051
    },
    "barkbands_kurtosis": {
        "max": 347.109313965,
        "mean": 11.2528619766,
        "min": -1.89775180817,
        "stdev": 19.3173217773
    },
    "barkbands_skewness": {
        "max": 15.6862678528,
        "mean": 2.22040534019,
        "min": -2.59554243088,
        "stdev": 1.83510220051
    },
    "barkbands_spread": {
        "max": 108.898757935,
        "mean": 15.1897363663,
        "min": 0.331073313951,
        "stdev": 15.4386148453
    },
    "dissonance": {
        "max": 0.500000178814,
        "mean": 0.449046611786,
        "min": 0.287542581558,
        "stdev": 0.0392341837287
    },
    "dynamic_complexity": 3.96133351326,
    "erbbands_crest": {
        "max": 30.0573234558,
        "mean": 11.1424512863,
        "min": 2.90656805038,
        "stdev": 5.13357210159
    },
    "erbbands_flatness_db": {
        "max": 0.402255266905,
        "mean": 0.20843604207,
        "min": 0.0738615840673,
        "stdev": 0.0535676032305
    },
    "erbbands_kurtosis": {
        "max": 81.361289978,
        "mean": 2.16167759895,
        "min": -1.78839659691,
        "stdev": 3.60228133202
    },
    "erbbands_skewness": {
        "max": 7.61199235916,
        "mean": 0.871660351753,
        "min": -4.31124353409,
        "stdev": 1.08172094822
    },
    "erbbands_spread": {
        "max": 127.124183655,
        "mean": 32.8422012329,
        "min": 1.52558326721,
        "stdev": 18.8728981018
    },
    "hfc": {
        "max": 111.007614136,
        "mean": 12.8905439377,
        "min": 0.0145304156467,
        "stdev": 13.3115024567
    },
    "loudness_ebu128": {
        "integrated": -19.1857185364,
        "loudness_range": 3.26648330688,
        "momentary": {
            "max": -15.0662403107,
            "mean": -19.9835205078,
            "min": -33.3206558228,
            "stdev": 2.87380123138
        },
        "short_term": {
            "max": -16.6731948853,
            "mean": -19.4187068939,
            "min": -22.7951889038,
            "stdev": 1.17692017555
        }
    },
    "melbands_crest": {
        "max": 35.0938873291,
        "mean": 16.6169986725,
        "min": 3.67280197144,
        "stdev": 6.60693693161
    },
    "melbands_flatness_db": {
        "max": 0.777284622192,
        "mean": 0.259157508612,
        "min": 0.0245087835938,
        "stdev": 0.0960092842579
    },
    "melbands_kurtosis": {
        "max": 440.163024902,
        "mean": 22.1630249023,
        "min": -1.82302308083,
        "stdev": 34.1387786865
    },
    "melbands_skewness": {
        "max": 14.3172359467,
        "mean": 2.97115659714,
        "min": -0.783314108849,
        "stdev": 2.11728906631
    },
    "melbands_spread": {
        "max": 209.348510742,
        "mean": 18.8351135254,
        "min": 0.374835342169,
        "stdev": 26.1888084412
    },
    "pitch_salience": {
        "max": 0.930268108845,
        "mean": 0.520444691181,
        "min": 0.126047834754,
        "stdev": 0.155919104815
    },
    "silence_rate_20dB": {
        "max": 1,
        "mean": 1,
        "min": 1,
        "stdev": 0
    },
    "silence_rate_30dB": {
        "max": 1,
        "mean": 0.994288444519,
        "min": 0,
        "stdev": 0.0753583908081
    },
    "silence_rate_60dB": {
        "max": 1,
        "mean": 0.117563068867,
        "min": 0,
        "stdev": 0.322092413902
    },
    "spectral_centroid": {
        "max": 4812.15820312,
        "mean": 1066.70092773,
        "min": 109.84778595,
        "stdev": 843.759643555
    },
    "spectral_complexity": {
        "max": 49,
        "mean": 10.7677297592,
        "min": 0,
        "stdev": 6.63263177872
    },
    "spectral_decrease": {
        "max": -1.01606292824e-11,
        "mean": -6.43362163544e-09,
        "min": -4.3337713862e-08,
        "stdev": 6.25899199136e-09
    },
    "spectral_energy": {
        "max": 0.168677166104,
        "mean": 0.0254511553794,
        "min": 3.9666549128e-05,
        "stdev": 0.0242043025792
    },
    "spectral_energyband_high": {
        "max": 0.0225314386189,
        "mean": 0.000567172013689,
        "min": 3.13088888149e-09,
        "stdev": 0.00145177531522
    },
    "spectral_energyband_low": {
        "max": 0.127196088433,
        "mean": 0.00787146389484,
        "min": 2.42319856625e-07,
        "stdev": 0.0143923927099
    },
    "spectral_energyband_middle_high": {
        "max": 0.0259578153491,
        "mean": 0.00223961705342,
        "min": 2.8337801723e-06,
        "stdev": 0.00343955168501
    },
    "spectral_energyband_middle_low": {
        "max": 0.131820350885,
        "mean": 0.0153254652396,
        "min": 2.74457888736e-05,
        "stdev": 0.0187390930951
    },
    "spectral_entropy": {
        "max": 8.86572360992,
        "mean": 7.30202722549,
        "min": 4.899725914,
        "stdev": 0.561095416546
    },
    "spectral_flux": {
        "max": 0.396389305592,
        "mean": 0.0671707540751,
        "min": 0.00610251305625,
        "stdev": 0.0592655241489
    },
    "spectral_kurtosis": {
        "max": 91.5348129272,
        "mean": 4.26160621643,
        "min": -1.05225527287,
        "stdev": 4.83121204376
    },
    "spectral_rms": {
        "max": 0.012828214094,
        "mean": 0.0044292230159,
        "min": 0.00019672079361,
        "stdev": 0.00228306907229
    },
    "spectral_rolloff": {
        "max": 12381.5917969,
        "mean": 1203.8046875,
        "min": 64.599609375,
        "stdev": 1787.39282227
    },
    "spectral_skewness": {
        "max": 8.34725475311,
        "mean": 1.46683979034,
        "min": -0.350808352232,
        "stdev": 0.582948029041
    },
    "spectral_spread": {
        "max": 18225018,
        "mean": 4178041.75,
        "min": 1049562.75,
        "stdev": 1761798.125
    },
    "spectral_strongpeak": {
        "max": 7.73470497131,
        "mean": 0.874375522137,
        "min": 0,
        "stdev": 0.974760234356
    },
    "zerocrossingrate": {
        "max": 0.39111328125,
        "mean": 0.0473386459053,
        "min": 0.00244140625,
        "stdev": 0.0492115244269
    },
    "barkbands": {
        "max": [0.00204513058998, 0.089223317802, 0.0589990206063, 0.0481086522341, 0.0813327729702, 0.0515164472163, 0.0473083630204, 0.0450200214982, 0.0329231768847, 0.0122531494126, 0.0188793614507, 0.010958051309, 0.00402882881463, 0.00593988178298, 0.00364304939285, 0.00421543465927, 0.003146416042, 0.00519391475245, 0.00248636328615, 0.0176633615047, 0.00671244086698, 0.00711628701538, 0.00178428448271, 0.00136312819086, 0.00326129957102, 0.0017869756557, 3.51877997673e-06],
        "mean": [0.000136460279464, 0.00538846151903, 0.00190748367459, 0.000987546751276, 0.00731376372278, 0.00138791976497, 0.00195811293088, 0.00203928537667, 0.00138020084705, 0.000703914964106, 0.000544500129763, 0.000305067194859, 0.000172877364093, 9.92905261228e-05, 0.000120926757518, 8.98456419236e-05, 0.000110540699097, 0.000137021314004, 5.72334065509e-05, 0.000138702162076, 0.000153026005137, 0.00014228578948, 4.54976252513e-05, 5.13442610099e-05, 5.96828940616e-05, 2.01968105102e-05, 1.11717666229e-08],
        "min": [4.04546840471e-10, 2.70781956857e-08, 3.41328636466e-08, 2.26572183237e-07, 6.70283327509e-07, 9.21173125334e-07, 1.88729700312e-06, 2.28268390856e-06, 1.14278100227e-06, 5.91436901232e-07, 6.49583341783e-07, 5.56275779218e-07, 5.20314188179e-07, 2.8400154406e-07, 1.28509412889e-07, 3.35966277021e-08, 9.05045638433e-08, 4.28424158372e-08, 1.65587699108e-09, 9.88125581358e-10, 7.15403347673e-10, 6.6906430396e-10, 6.02402780436e-11, 2.17486011839e-11, 2.41514377941e-11, 3.60692448131e-11, 4.39315493705e-11],
        "stdev": [0.00027428753674, 0.009776041843, 0.00592119479552, 0.00343910441734, 0.0103610390797, 0.00455482630059, 0.00400480721146, 0.00507052056491, 0.00359171000309, 0.00132219016086, 0.00156464765314, 0.000700666219927, 0.000327773654135, 0.000268230069196, 0.00029888987774, 0.000270754710073, 0.00027928489726, 0.000365223182598, 0.000110407832835, 0.000674537674058, 0.00040197186172, 0.000488082558149, 0.000149084735312, 0.00013488192053, 0.000254099693848, 0.000123863981571, 1.07313645969e-07]
    },
    "erbbands": {
        "max": [1.75441014767, 25.3212280273, 66.4961776733, 128.09967041, 145.130432129, 326.530609131, 616.41418457, 158.145004272, 455.968475342, 894.877258301, 1122.75939941, 629.059326172, 518.682434082, 429.817840576, 578.514526367, 355.91305542, 168.289459229, 355.480621338, 152.517196655, 296.035736084, 181.110839844, 198.488098145, 342.219543457, 76.790145874, 147.712921143, 783.736083984, 514.72064209, 208.087219238, 305.625762939, 187.753417969, 53.726890564, 32.2486534119, 30.1155586243, 32.7410049438, 30.9454059601, 14.4413499832, 1.67479896545, 0.137555927038, 0.00246007135138, 0.000206004988286],
        "mean": [0.130597829819, 1.25487864017, 2.68507242203, 2.60121893883, 9.17131519318, 29.5272750854, 29.3461112976, 6.3030705452, 20.49426651, 37.1718673706, 44.2776985168, 34.2924880981, 24.9186782837, 24.9492683411, 17.9047145844, 13.2247104645, 8.03274059296, 6.11422967911, 5.84160518646, 5.99863767624, 4.89882230759, 6.39891815186, 8.3484249115, 4.26040458679, 2.80793046951, 6.54706287384, 7.2353310585, 5.42618465424, 5.82018136978, 2.55565047264, 1.31221067905, 0.918177187443, 0.952019155025, 0.67176759243, 0.434976547956, 0.168231621385, 0.0153692811728, 0.000651741691399, 3.55637494067e-05, 3.16301629937e-05],
        "min": [7.54518566737e-07, 1.85685257748e-05, 0.000262352958089, 0.00158575468231, 0.00147723895498, 0.00279964390211, 0.00308315479197, 0.009087565355, 0.022396299988, 0.0581640973687, 0.0381749384105, 0.0270507372916, 0.0206286050379, 0.0229890272021, 0.0258531980217, 0.0204653758556, 0.0228609517217, 0.0164548568428, 0.0105887427926, 0.00524858338758, 0.00226832646877, 0.00547790387645, 0.0027218433097, 0.00352507969365, 0.000307043956127, 5.94009652559e-05, 3.93572881876e-05, 4.19819225499e-05, 3.86320316466e-05, 3.12977608701e-05, 1.79920662049e-05, 1.11109338832e-05, 4.42582131654e-06, 1.40228439705e-06, 6.37890252619e-07, 2.98089929629e-07, 1.8823752157e-07, 6.28470360198e-08, 9.9935796527e-08, 1.56017392783e-07],
        "stdev": [0.239625826478, 2.54662680626, 7.01563930511, 8.98546600342, 16.5336017609, 48.0770645142, 83.40259552, 12.7818088531, 40.4144668579, 84.3474502563, 115.582366943, 80.4392318726, 54.8393936157, 44.8516731262, 49.5193862915, 28.434009552, 14.2660236359, 15.4621496201, 13.2130708694, 18.719707489, 13.112783432, 16.3818759918, 23.7154502869, 7.02342939377, 6.87475442886, 30.6695289612, 26.3943271637, 12.4855012894, 18.2257785797, 10.4018106461, 4.21715211868, 2.73763561249, 2.48382496834, 2.42987060547, 2.1628112793, 1.00650143623, 0.0909546688199, 0.00447840616107, 0.000127109524328, 2.91826981993e-05]
    },
    "gfcc": {
        "mean": [-68.0866241455, 130.324447632, -134.857223511, 36.6114692688, -76.8245925903, 3.76949000359, -23.9380817413, -1.7203861475, -16.7818069458, -6.89834833145, -10.6888837814, -13.197426796, 2.02567958832],
        "cov": [[4673.43603516, -1799.24255371, 922.946899414, -60.1774177551, -687.7109375, 571.891845703, -802.324279785, 584.444641113, -518.396972656, 334.784515381, -185.876876831, 159.053253174, 172.960189819], [-1799.24255371, 2809.2902832, -431.234130859, 106.436836243, 902.082275391, -503.245605469, 895.560119629, -494.333953857, 611.288024902, -356.249633789, 369.656066895, -162.286087036, 150.805801392], [922.946899414, -431.234130859, 1283.82983398, 299.230407715, 67.005065918, 364.177764893, -174.083251953, 304.950042725, -117.524452209, 307.644470215, -46.0157546997, 60.4892539978, 23.4805469513], [-60.1774177551, 106.436836243, 299.230407715, 523.309326172, 276.473083496, 175.989578247, 182.417022705, 68.1852645874, 177.714431763, 44.7734489441, 78.8152923584, 45.6411056519, -25.2313671112], [-687.7109375, 902.082275391, 67.005065918, 276.473083496, 720.94732666, 12.6084127426, 517.834716797, -48.9517707825, 304.040557861, -11.1012821198, 83.380065918, 57.4007453918, -26.2931957245], [571.891845703, -503.245605469, 364.177764893, 175.989578247, 12.6084127426, 584.53515625, 8.64546203613, 296.70916748, 25.7632083893, 109.322151184, 6.57545375824, 89.0217971802, -80.4712753296], [-802.324279785, 895.560119629, -174.083251953, 182.417022705, 517.834716797, 8.64546203613, 674.547485352, -86.8334197998, 352.577087402, -64.8693008423, 106.763557434, 54.2532157898, -73.7967147827], [584.444641113, -494.333953857, 304.950042725, 68.1852645874, -48.9517707825, 296.70916748, -86.8334197998, 331.455047607, -44.7992095947, 147.339920044, -27.4370136261, 53.3549423218, -13.1134910583], [-518.396972656, 611.288024902, -117.524452209, 177.714431763, 304.040557861, 25.7632083893, 352.577087402, -44.7992095947, 371.321136475, -95.0844955444, 144.448913574, 45.128993988, -39.7989463806], [334.784515381, -356.249633789, 307.644470215, 44.7734489441, -11.1012821198, 109.322151184, -64.8693008423, 147.339920044, -95.0844955444, 259.453643799, -53.0342788696, 44.3379020691, 23.4772148132], [-185.876876831, 369.656066895, -46.0157546997, 78.8152923584, 83.380065918, 6.57545375824, 106.763557434, -27.4370136261, 144.448913574, -53.0342788696, 185.600570679, -4.56400775909, 59.8634109497], [159.053253174, -162.286087036, 60.4892539978, 45.6411056519, 57.4007453918, 89.0217971802, 54.2532157898, 53.3549423218, 45.128993988, 44.3379020691, -4.56400775909, 162.251968384, -51.1177902222], [172.960189819, 150.805801392, 23.4805469513, -25.2313671112, -26.2931957245, -80.4712753296, -73.7967147827, -13.1134910583, -39.7989463806, 23.4772148132, 59.8634109497, -51.1177902222, 201.73097229]],
        "icov": [[0.000419199932367, -6.15348835709e-05, -0.000131933091325, -5.71207237954e-05, 0.000302082014969, -0.000211587670492, 0.000130646571051, -0.000385752238799, 0.000195152199012, 0.000187206314877, 0.000341659877449, -0.00058742496185, -0.000561038206797], [-6.15348835709e-05, 0.00300800125115, -0.000856744416524, 0.00152610940859, -0.00228851591237, 0.00121092132758, -0.00184917473234, 0.00155606982298, -0.00130439747591, 0.00164868065622, -0.00266897305846, 0.00264388229698, -0.00128309812862], [-0.000131933091325, -0.000856744416524, 0.00183555146214, -0.00107789877802, 6.95344488122e-06, -0.00073403987335, 0.00119548127986, -0.000561799563002, 0.000613351236098, -0.00169763457961, 0.00058989750687, -0.000441606360255, 0.000545642455108], [-5.71207237954e-05, 0.00152610940859, -0.00107789877802, 0.00406259670854, -0.00204945006408, -1.52025040734e-06, -0.000596941797994, 0.00115728494711, -0.00182866200339, 0.000543492089491, -0.00193447433412, 0.00159267568961, -0.000315556186251], [0.000302082014969, -0.00228851591237, 6.95344488122e-06, -0.00204945006408, 0.00586507562548, -0.000589688599575, -0.00124178174883, -0.00127612240613, 0.000222140137339, -0.00105196039658, 0.00319443270564, -0.00270017050207, -0.000279252912151], [-0.000211587670492, 0.00121092132758, -0.00073403987335, -1.52025040734e-06, -0.000589688599575, 0.00455544888973, -0.00135272950865, -0.00247038761154, -0.000204348471016, 0.00121035345364, -0.00210917554796, 0.000667324347887, 0.00106013054028], [0.000130646571051, -0.00184917473234, 0.00119548127986, -0.000596941797994, -0.00124178174883, -0.00135272950865, 0.00629408890381, -0.000174098968273, -0.00174213317223, -0.00206707813777, 0.00149631255772, -0.00148713157978, 0.00172225444112], [-0.000385752238799, 0.00155606982298, -0.000561799563002, 0.00115728494711, -0.00127612240613, -0.00247038761154, -0.000174098968273, 0.00847562216222, -0.00181157153565, -0.00184075336438, -0.000941296981182, 0.00164565828163, -0.000733729917556], [0.000195152199012, -0.00130439747591, 0.000613351236098, -0.00182866200339, 0.000222140137339, -0.000204348471016, -0.00174213317223, -0.00181157153565, 0.00961004570127, 0.00134428066667, -0.00337157212198, -0.00257002934813, 0.00178882712498], [0.000187206314877, 0.00164868065622, -0.00169763457961, 0.000543492089491, -0.00105196039658, 0.00121035345364, -0.00206707813777, -0.00184075336438, 0.00134428066667, 0.00852669309825, -0.000233776343521, -0.000532365404069, -0.00245018978603], [0.000341659877449, -0.00266897305846, 0.00058989750687, -0.00193447433412, 0.00319443270564, -0.00210917554796, 0.00149631255772, -0.000941296981182, -0.00337157212198, -0.000233776343521, 0.0133812110871, -0.0026735663414, -0.00383343570866], [-0.00058742496185, 0.00264388229698, -0.000441606360255, 0.00159267568961, -0.00270017050207, 0.000667324347887, -0.00148713157978, 0.00164565828163, -0.00257002934813, -0.000532365404069, -0.0026735663414, 0.0108572123572, 0.00135448528454], [-0.000561038206797, -0.00128309812862, 0.000545642455108, -0.000315556186251, -0.000279252912151, 0.00106013054028, 0.00172225444112, -0.000733729917556, 0.00178882712498, -0.00245018978603, -0.00383343570866, 0.00135448528454, 0.00938201230019]]
    },
    "melbands": {
        "max": [0.0161270666867, 0.0326207242906, 0.023182509467, 0.012742549181, 0.0164931900799, 0.00497167836875, 0.00769868167117, 0.00994273182005, 0.007921830751, 0.0047968653962, 0.00250238110311, 0.00183535902761, 0.00280313845724, 0.00149725854862, 0.000530093268026, 0.00043692777399, 0.000622881518211, 0.000231290046941, 0.00024794251658, 0.000331183255184, 0.000178341535502, 0.000196162262, 0.000184139338671, 0.000338200276019, 7.69887046772e-05, 0.000153777364176, 0.000131344320835, 0.000740429852158, 0.000491540180519, 0.00015867917682, 0.000134202942718, 0.000180209419341, 0.000193367901375, 6.3065381255e-05, 3.6303044908e-05, 2.82393721136e-05, 1.7155543901e-05, 2.00383219635e-05, 2.20139900193e-05, 3.61110651284e-05],
        "mean": [0.00132193148602, 0.00148910889402, 0.00060189794749, 0.00141433347017, 0.00114138715435, 0.000156614638399, 0.000352619070327, 0.000415533373598, 0.000329207949108, 0.000213456645724, 0.0001207959358, 9.89069303614e-05, 6.76591225783e-05, 4.02245350415e-05, 2.1424386432e-05, 1.70315634023e-05, 1.03254897112e-05, 8.96252640814e-06, 8.48281433719e-06, 7.24712253941e-06, 5.43619671589e-06, 6.34599473415e-06, 6.96231973052e-06, 6.99552128935e-06, 3.10442419504e-06, 1.85058661373e-06, 2.51355936598e-06, 4.83703524878e-06, 4.81573351863e-06, 3.95398456021e-06, 2.723496209e-06, 3.32605327458e-06, 2.65442986347e-06, 9.50423782342e-07, 7.83992959441e-07, 5.72678743538e-07, 5.5064163007e-07, 6.51228504012e-07, 6.5969032903e-07, 5.46829539871e-07],
        "min": [6.78768419249e-09, 5.0111168548e-08, 2.66850577191e-07, 1.82364388479e-07, 1.26270506939e-07, 2.39681611447e-07, 3.47652132859e-07, 7.00693703948e-07, 2.83078492203e-07, 1.58560766295e-07, 9.57688257586e-08, 8.65739977485e-08, 8.63499209913e-08, 6.91453507784e-08, 4.37328786518e-08, 5.27398853478e-08, 2.82351990677e-08, 2.01810443912e-08, 8.23562285035e-09, 3.55819063103e-09, 2.35299535412e-09, 5.9700524524e-09, 3.07600589444e-09, 2.28668284308e-09, 2.8865951851e-09, 5.35580885197e-11, 3.79588409316e-11, 2.54918187254e-11, 1.89410622603e-11, 2.0730315034e-11, 1.81446455083e-11, 1.65941184405e-11, 1.83365822526e-12, 1.05647825557e-12, 7.70572570596e-13, 3.02890335426e-13, 2.7773231848e-13, 2.69199593173e-13, 2.01645097104e-13, 1.59550920652e-13],
        "stdev": [0.00229042721912, 0.00337511464022, 0.00170764036011, 0.00215325620957, 0.0026010167785, 0.000378323398763, 0.000701775832567, 0.000931968155783, 0.00085492443759, 0.000544675916899, 0.000273843528703, 0.000181910625543, 0.000218562956434, 9.48800661718e-05, 4.13198977185e-05, 3.55688207492e-05, 2.73000496236e-05, 2.10501257243e-05, 2.12141567317e-05, 2.31086705753e-05, 1.44621626532e-05, 1.66919289768e-05, 1.69454215211e-05, 2.10643702303e-05, 5.51562834517e-06, 4.64380082121e-06, 8.86172256287e-06, 2.58349245996e-05, 2.17168326344e-05, 9.46189993556e-06, 7.05188949723e-06, 1.03899174064e-05, 1.15928032756e-05, 3.86525562135e-06, 2.58256841335e-06, 1.98884004021e-06, 1.56484838953e-06, 1.69551049112e-06, 1.8159666979e-06, 2.30637783716e-06]
    },
    "melbands128": {
        "max": [0.00201786635444, 0.0135222394019, 0.0244002640247, 0.05439376086, 0.0428228415549, 0.0303442701697, 0.0265544094145, 0.0236417297274, 0.0156083032489, 0.0196525752544, 0.0219448264688, 0.0296991169453, 0.0315550193191, 0.017588486895, 0.00262999464758, 0.00354505470023, 0.00564315589145, 0.0137132937089, 0.0187273621559, 0.0168929155916, 0.0172465704381, 0.0177672244608, 0.0125491274521, 0.00677305180579, 0.00453333882615, 0.0109846238047, 0.0063010212034, 0.00443379953504, 0.00137336808257, 0.00308594293892, 0.00284438417293, 0.00420280732214, 0.00523749692366, 0.00183734565508, 0.0019645455759, 0.00228709145449, 0.00175085384399, 0.000549748307094, 0.000469052494736, 0.000380014796974, 0.000624230538961, 0.00156628887635, 0.00089905137429, 0.00031879596645, 0.000364468811313, 0.000373011484044, 0.000391124398448, 0.00026477695792, 0.000570157077163, 0.00100858265068, 0.000547001254745, 0.000209945428651, 0.000234003950027, 0.000167902675457, 0.000157541784574, 0.000218830697122, 0.000579952378757, 0.000211143764318, 0.000295866222586, 0.000597877253313, 0.000537871092092, 9.26580687519e-05, 9.34991185204e-05, 0.000151924352394, 3.83437582059e-05, 0.000232958089327, 0.000206988377613, 0.000168508515344, 0.000186904289876, 0.000303161999909, 0.000483078678371, 0.00170776608866, 0.000728582032025, 0.000472509651445, 0.000360203295713, 0.000179509719601, 0.000122045057651, 0.000195150074433, 0.00012682947272, 0.000293458375381, 0.000240005538217, 0.000254988175584, 0.000331034621922, 0.000312522257445, 0.000207646546187, 8.143697778e-05, 5.41264344065e-05, 4.37110720668e-05, 4.87827164761e-05, 5.55549740966e-05, 3.18135607813e-05, 4.05744867749e-05, 3.08733760903e-05, 2.24273553613e-05, 2.0179164494e-05, 2.01524999284e-05, 2.27430409723e-05, 3.36607627105e-05, 2.74289377558e-05, 2.29892011703e-05, 3.22726882587e-05, 4.26808401244e-05, 9.913102258e-05, 5.42244342796e-05, 4.1924049583e-05, 3.51322123606e-05, 4.65251068817e-05, 4.13918533013e-05, 3.96145878767e-05, 2.01437833312e-05, 7.02513943907e-06, 6.7483147177e-06, 3.34315677719e-06, 2.98517852571e-06, 5.34246964889e-06, 6.26626047051e-07, 5.57654047384e-08, 1.64196638508e-08, 1.59811115452e-08, 1.55676591618e-08, 1.52141588217e-08, 1.48992267412e-08, 1.4585499919e-08, 1.4338933596e-08, 1.4135784987e-08, 1.39675950805e-08, 1.3842320179e-08, 1.37730973293e-08],
        "mean": [0.000133524081321, 0.000943067891058, 0.00169298972469, 0.00228547351435, 0.00172465306241, 0.000763711635955, 0.000455200060969, 0.000523711147252, 0.000782653572969, 0.00154159252997, 0.00179248547647, 0.00157091824804, 0.00120422278997, 0.000274298596196, 6.12034782534e-05, 0.000126789425849, 0.000175500041223, 0.000436090223957, 0.000536834471859, 0.000406546110753, 0.000331006303895, 0.00044010792044, 0.000375990610337, 0.000163501710631, 0.000194755615667, 0.000280502048554, 0.000149067753227, 0.000112910551252, 6.16540273768e-05, 0.000119234297017, 0.000100987352198, 8.79046929185e-05, 7.80865957495e-05, 4.36538866779e-05, 3.15982069878e-05, 5.20557587151e-05, 3.29908689309e-05, 1.63368877111e-05, 1.80026399903e-05, 1.57723898155e-05, 1.9735425667e-05, 1.31885290102e-05, 1.00332799775e-05, 9.68169479165e-06, 6.97830319041e-06, 9.55940049607e-06, 1.03383445094e-05, 7.99571171228e-06, 7.69238431531e-06, 9.02777264855e-06, 7.59221074986e-06, 4.87544821226e-06, 5.35821436642e-06, 5.7665292843e-06, 5.60399257665e-06, 5.38504764336e-06, 8.77934962773e-06, 5.70639258513e-06, 5.5975124269e-06, 1.0468961591e-05, 8.17247837404e-06, 3.79012067242e-06, 3.47829745806e-06, 3.13794612339e-06, 2.07842504096e-06, 1.71091301127e-06, 1.84484656529e-06, 1.54468148139e-06, 2.21937398237e-06, 4.58540080217e-06, 4.18557146986e-06, 5.64365609534e-06, 5.79754987484e-06, 4.42178225057e-06, 4.07124889534e-06, 3.97369967686e-06, 4.1416797103e-06, 3.17851049658e-06, 2.41114594246e-06, 2.28879525821e-06, 2.87080933958e-06, 4.22831317337e-06, 3.58802276423e-06, 2.72775946542e-06, 1.59755961704e-06, 1.08561823708e-06, 6.64528215566e-07, 7.00572456935e-07, 9.4392913752e-07, 7.33031811251e-07, 5.43885221305e-07, 5.56957559184e-07, 5.48874140804e-07, 4.84739985041e-07, 6.1329711798e-07, 6.28719021734e-07, 6.36290053535e-07, 7.24206643099e-07, 7.36901313303e-07, 5.88849047745e-07, 4.7497329092e-07, 5.14677196861e-07, 6.64390256588e-07, 6.35522724224e-07, 5.47386775906e-07, 3.81555139484e-07, 2.65289031631e-07, 4.02403372846e-07, 4.08636822158e-07, 1.72835598278e-07, 6.81262832813e-08, 4.70680383557e-08, 2.89808319565e-08, 1.48001406686e-08, 8.36421776285e-09, 2.10057260475e-09, 3.40783845587e-10, 1.46397425432e-11, 1.51485646943e-11, 1.35909365359e-11, 1.31298843326e-11, 1.15094938788e-11, 1.09208779173e-11, 1.03577641256e-11, 1.01324157398e-11, 9.88704257354e-12, 9.73415532207e-12, 9.67445741573e-12],
        "min": [2.64175542553e-10, 1.02602737417e-09, 2.65629340745e-09, 4.35076907834e-09, 1.80109420711e-08, 1.11398392733e-08, 2.38944810604e-08, 6.70354296517e-08, 9.27460774847e-08, 6.5892251655e-08, 8.5171933506e-08, 2.81264913582e-08, 4.1198724432e-08, 5.25274970187e-08, 4.3432251573e-08, 7.40800558674e-08, 2.01230506036e-07, 1.94820103161e-07, 1.86548021475e-07, 2.60829523313e-07, 1.35325279871e-07, 1.86084520237e-07, 2.46268115234e-07, 2.30566200798e-07, 1.91114139625e-07, 1.11519113943e-07, 8.87006308403e-08, 1.23555821574e-07, 4.56533548743e-08, 6.2232061282e-08, 1.09178685648e-07, 1.01305175804e-07, 7.05991496375e-08, 4.453353597e-08, 4.04052187264e-08, 4.93272374058e-08, 4.18060288609e-08, 4.52766251158e-08, 3.818615113e-08, 5.55820527381e-08, 6.66205295374e-08, 2.14367457119e-08, 1.87262880758e-08, 3.39601093913e-08, 2.93800752615e-08, 1.97214475861e-08, 6.37927888292e-09, 5.31109467516e-09, 1.2251103243e-08, 6.7564540629e-09, 8.95177099114e-10, 1.9848371835e-09, 2.24217133749e-09, 3.07619574258e-09, 1.58827340169e-09, 8.06175304291e-09, 3.83975651275e-09, 6.26470486598e-10, 7.11243230977e-10, 2.94476310003e-09, 2.00029903752e-09, 1.96091343163e-09, 2.88713697394e-09, 6.30671279089e-11, 9.82583875375e-11, 4.66769539686e-11, 4.12470370359e-11, 2.96501885544e-11, 5.46052959793e-11, 1.70304794572e-11, 2.11684229173e-11, 3.42137568277e-11, 2.4863817602e-11, 1.18912353922e-11, 1.60189413817e-11, 2.63379214271e-11, 1.97760887527e-11, 1.3919027389e-11, 1.59247736525e-11, 2.79861099572e-11, 1.40164659393e-11, 2.63760736342e-12, 1.78374806245e-12, 5.33953632177e-13, 4.69145230476e-13, 9.051665667e-13, 9.01460275784e-13, 6.68805559979e-13, 5.87381380514e-13, 2.28364365178e-13, 2.85691229788e-13, 3.0784291674e-13, 2.72779655851e-13, 2.3694661142e-13, 2.33491286201e-13, 2.38731072671e-13, 2.41327086353e-13, 2.00443231891e-13, 2.09835079e-13, 1.62704160041e-13, 1.37715834288e-13, 1.589907676e-13, 1.14065630856e-13, 1.66118800573e-13, 1.111820461e-13, 1.59228194323e-13, 1.84031216373e-13, 1.82248327215e-13, 1.61009728228e-13, 1.33515743492e-13, 1.33728965401e-13, 1.37726364601e-13, 1.22852926833e-13, 1.28986570231e-13, 1.13567528049e-13, 1.70465204452e-13, 1.4391648138e-13, 1.19798675103e-13, 1.19827338698e-13, 1.44380614777e-13, 1.4845669995e-13, 1.41811787465e-13, 1.44711255782e-13, 1.10406584049e-13, 9.53437361614e-14, 4.0323362596e-14, 4.40196712293e-15, 1.14211990314e-16],
        "stdev": [0.000270773627562, 0.00200445507653, 0.00329429353587, 0.0050390213728, 0.00431565986946, 0.00263079511933, 0.00182247674093, 0.00175540847704, 0.00173352635466, 0.00302501022816, 0.00338821625337, 0.00353737501428, 0.0041198390536, 0.001127033378, 0.000181003735634, 0.000318267411785, 0.000377541815396, 0.00110944570042, 0.00134690024424, 0.00130079477094, 0.00113301677629, 0.00157778686844, 0.00104806956369, 0.000586595269851, 0.000518470886163, 0.000981935532764, 0.000513343140483, 0.000315043958835, 0.000143654586282, 0.000270647462457, 0.000216592758079, 0.000314111239277, 0.000372774578864, 0.000125058868434, 9.62196063483e-05, 0.000144174817251, 8.79614744917e-05, 4.39569994342e-05, 3.84260783903e-05, 3.25754081132e-05, 4.78225592815e-05, 4.97030341648e-05, 3.09083734464e-05, 2.6055789931e-05, 1.85430162674e-05, 2.85175519821e-05, 2.79459527519e-05, 2.21009595407e-05, 2.96655653074e-05, 4.56311499875e-05, 3.05238681904e-05, 1.52083075591e-05, 1.8140015527e-05, 1.42678500197e-05, 1.4796596588e-05, 1.62155756698e-05, 3.32884555974e-05, 1.59820883709e-05, 2.00450958801e-05, 4.08870109823e-05, 3.13245000143e-05, 8.0622103269e-06, 7.05418460711e-06, 7.06310675014e-06, 3.47475565832e-06, 5.93876256971e-06, 6.73588692734e-06, 5.86167652727e-06, 9.30159967538e-06, 2.33683495026e-05, 2.18632103497e-05, 4.70686609333e-05, 3.32917552441e-05, 2.00798185688e-05, 1.45660605995e-05, 1.06998413685e-05, 8.53141318657e-06, 7.87373664934e-06, 6.78458354741e-06, 9.54123333941e-06, 1.1121699572e-05, 1.27748844534e-05, 1.46345637404e-05, 1.54201043188e-05, 8.9250424935e-06, 4.63458627564e-06, 3.13695659315e-06, 2.60740830527e-06, 3.14061662721e-06, 2.72164970738e-06, 1.98802513296e-06, 2.1256846594e-06, 1.9820192847e-06, 1.48606045514e-06, 1.68474014117e-06, 1.67968050846e-06, 1.76403875685e-06, 2.03597164727e-06, 2.05577339329e-06, 1.65299468335e-06, 1.91069761968e-06, 2.18154696086e-06, 3.89177193938e-06, 3.30557145389e-06, 2.79862410935e-06, 2.050695457e-06, 1.6975991457e-06, 2.58606746684e-06, 2.59794978774e-06, 1.15052148431e-06, 4.00039425585e-07, 3.02682764186e-07, 1.77431459747e-07, 1.10759970084e-07, 1.23367684068e-07, 1.97005363134e-08, 2.61583910088e-09, 3.6208400167e-10, 3.56792456691e-10, 3.429844464e-10, 3.39778594149e-10, 3.26059040878e-10, 3.18592846549e-10, 3.12733922092e-10, 3.08302106067e-10, 3.04637370885e-10, 3.01907360223e-10, 3.00398234065e-10]
    },
    "mfcc": {
        "mean": [-699.952819824, 145.204483032, -3.16599345207, 26.680688858, -18.9147415161, 1.5808442831, 0.333953768015, -4.55912828445, 8.46148109436, -8.1766834259, 2.15122866631, 1.18198060989, -8.85889434814],
        "cov": [[4021.51904297, -1417.24645996, 735.16027832, -570.30291748, 137.795730591, -295.176574707, -0.584144890308, -127.543380737, 62.6338310242, -216.401123047, -46.8488121033, 2.48465418816, -118.170608521], [-1417.24645996, 2336.52856445, -679.194580078, 582.11706543, -26.4356441498, 204.763183594, 174.554168701, 54.4748001099, 155.161224365, 14.3759498596, 112.496925354, 37.8060874939, 15.5226144791], [735.16027832, -679.194580078, 1118.7713623, -91.4820022583, 342.648773193, -14.2421312332, 128.045120239, -60.2914772034, 83.6360931396, 7.8608417511, 87.9169464111, 101.145973206, -27.2356033325], [-570.30291748, 582.11706543, -91.4820022583, 639.651672363, 101.204772949, 257.331115723, 77.9847488403, 99.2751617432, 85.4303817749, 110.47102356, 84.6307296753, 26.5768527985, 102.209091187], [137.795730591, -26.4356441498, 342.648773193, 101.204772949, 362.293548584, 78.2204055786, 111.572052002, 52.2691497803, 84.3130874634, 70.587600708, 51.0913238525, 80.5619049072, 26.9666194916], [-295.176574707, 204.763183594, -14.2421312332, 257.331115723, 78.2204055786, 458.062438965, 53.9787788391, 376.454803467, 12.4220075607, 239.393478394, 115.659309387, 21.6438026428, 173.26574707], [-0.584144890308, 174.554168701, 128.045120239, 77.9847488403, 111.572052002, 53.9787788391, 267.609802246, -42.6028404236, 165.895187378, 17.5542736053, 79.5807571411, 58.9668235779, 12.5731945038], [-127.543380737, 54.4748001099, -60.2914772034, 99.2751617432, 52.2691497803, 376.454803467, -42.6028404236, 652.133483887, -87.9633407593, 335.891998291, 80.5000610352, 55.0877037048, 184.813201904], [62.6338310242, 155.161224365, 83.6360931396, 85.4303817749, 84.3130874634, 12.4220075607, 165.895187378, -87.9633407593, 237.593002319, -18.0739078522, 95.0567703247, 24.6818943024, -1.49557650089], [-216.401123047, 14.3759498596, 7.8608417511, 110.47102356, 70.587600708, 239.393478394, 17.5542736053, 335.891998291, -18.0739078522, 310.072631836, 64.1479797363, 47.7128448486, 124.790168762], [-46.8488121033, 112.496925354, 87.9169464111, 84.6307296753, 51.0913238525, 115.659309387, 79.5807571411, 80.5000610352, 95.0567703247, 64.1479797363, 182.102249146, 30.3861637115, 62.5373001099], [2.48465418816, 37.8060874939, 101.145973206, 26.5768527985, 80.5619049072, 21.6438026428, 58.9668235779, 55.0877037048, 24.6818943024, 47.7128448486, 30.3861637115, 143.684692383, 0.0241023674607], [-118.170608521, 15.5226144791, -27.2356033325, 102.209091187, 26.9666194916, 173.26574707, 12.5731945038, 184.813201904, -1.49557650089, 124.790168762, 62.5373001099, 0.0241023674607, 181.094177246]],
        "icov": [[0.000381115678465, 0.000178618225618, -0.000112466084829, 0.00012585267541, -7.1232112532e-05, 0.000113598885946, -9.70960991253e-06, -0.000324295047903, -0.000313204189297, 0.000435182621004, 6.19267739239e-05, 4.96340253449e-05, 5.51259945496e-05], [0.000178618225618, 0.000898038793821, 0.000549761403818, -0.000552914338186, -0.000203261355637, 5.62181048736e-06, -0.000498690409586, -0.000327126763295, -9.70775217866e-05, 0.000561370572541, -0.000422688171966, -0.000161360614584, 0.000586032634601], [-0.000112466084829, 0.000549761403818, 0.00194873649161, -2.18662125917e-06, -0.00154606136493, -0.000219548397581, -0.000462600000901, 0.000356315053068, 0.000506997108459, 9.33116243687e-05, -0.00112410471775, -0.000441396638053, 0.00061070144875], [0.00012585267541, -0.000552914338186, -2.18662125917e-06, 0.0029647082556, -0.000596711761318, -0.00170628656633, 0.000712153560016, 0.000991805340163, -0.000680637371261, -0.000356427161023, 0.000286393973511, -0.000309611932607, -0.000743190990761], [-7.1232112532e-05, -0.000203261355637, -0.00154606136493, -0.000596711761318, 0.00507192872465, -3.17616795655e-05, -0.000500047230162, -0.000228470409638, -0.000987902283669, -0.000609320006333, 0.00108884251676, -0.00115091097541, -0.000345923996065], [0.000113598885946, 5.62181048736e-06, -0.000219548397581, -0.00170628656633, -3.17616795655e-05, 0.00707939453423, -0.00141889322549, -0.00296395621262, 0.000485817407025, -0.00074547418626, -0.00131309870631, 0.00157884869259, -0.00167069188319], [-9.70960991253e-06, -0.000498690409586, -0.000462600000901, 0.000712153560016, -0.000500047230162, -0.00141889322549, 0.00808123778552, 0.00127600342967, -0.00466338451952, -0.000654985487927, 0.000345984764863, -0.0020407740958, -0.000572739052586], [-0.000324295047903, -0.000327126763295, 0.000356315053068, 0.000991805340163, -0.000228470409638, -0.00296395621262, 0.00127600342967, 0.00577841419727, 0.00133966351859, -0.00375576899387, -0.000464641867438, -0.00139160978142, -0.00104581646156], [-0.000313204189297, -9.70775217866e-05, 0.000506997108459, -0.000680637371261, -0.000987902283669, 0.000485817407025, -0.00466338451952, 0.00133966351859, 0.00998321082443, -0.000275998725556, -0.00398905947804, 0.000901127117686, 0.000553291931283], [0.000435182621004, 0.000561370572541, 9.33116243687e-05, -0.000356427161023, -0.000609320006333, -0.00074547418626, -0.000654985487927, -0.00375576899387, -0.000275998725556, 0.00900998804718, -3.16951045534e-05, -0.000929946545511, -0.00106649147347], [6.19267739239e-05, -0.000422688171966, -0.00112410471775, 0.000286393973511, 0.00108884251676, -0.00131309870631, 0.000345984764863, -0.000464641867438, -0.00398905947804, -3.16951045534e-05, 0.00971492193639, -0.000886456225999, -0.00207554153167], [4.96340253449e-05, -0.000161360614584, -0.000441396638053, -0.000309611932607, -0.00115091097541, 0.00157884869259, -0.0020407740958, -0.00139160978142, 0.000901127117686, -0.000929946545511, -0.000886456225999, 0.00948903989047, 0.00133035704494], [5.51259945496e-05, 0.000586032634601, 0.00061070144875, -0.000743190990761, -0.000345923996065, -0.00167069188319, -0.000572739052586, -0.00104581646156, 0.000553291931283, -0.00106649147347, -0.00207554153167, 0.00133035704494, 0.0102321179584]]
    },
    "spectral_contrast_coeffs": {
        "max": [-0.247532099485, -0.451651841402, -0.504981994629, -0.646464824677, -0.598632633686, -0.423762798309],
        "mean": [-0.643234431744, -0.745950460434, -0.782957136631, -0.831476390362, -0.819605886936, -0.690658569336],
        "min": [-0.922801494598, -0.926907360554, -0.952813088894, -0.91765832901, -0.896183431149, -0.961762011051],
        "stdev": [0.136700168252, 0.0994629114866, 0.0722607150674, 0.0393542349339, 0.0421591922641, 0.0769115835428]
    },
    "spectral_contrast_valleys": {
        "max": [-4.96882200241, -4.59117555618, -4.97367095947, -5.48267316818, -6.00907564163, -7.95681667328],
        "mean": [-7.42178344727, -6.82226800919, -7.46804475784, -8.05123519897, -7.99502182007, -11.6512346268],
        "min": [-10.7858400345, -9.05859375, -9.37757492065, -10.8759174347, -12.2556648254, -16.6603908539],
        "stdev": [1.0296049118, 0.577625989914, 0.672464430332, 0.56786864996, 0.601663887501, 1.78354787827]
    }
},
"rhythm": {
    "beats_count": 87,
    "beats_loudness": {
        "max": 0.112821929157,
        "mean": 0.0411093272269,
        "min": 0.000392982270569,
        "stdev": 0.029342783615
    },
    "bpm": 108.047653198,
    "bpm_histogram_first_peak_bpm": 108,
    "bpm_histogram_first_peak_weight": 0.258823513985,
    "bpm_histogram_second_peak_bpm": 117,
    "bpm_histogram_second_peak_spread": 0,
    "bpm_histogram_second_peak_weight": 0.0116279069334,
    "danceability": 1.14221084118,
    "onset_rate": 4.2451171875,
    "beats_loudness_band_ratio": {
        "max": [0.984883248806, 0.842311024666, 0.935906887054, 0.510587096214, 0.348701149225, 0.727587103844],
        "mean": [0.418887883425, 0.202393651009, 0.197608858347, 0.118033565581, 0.0651719793677, 0.0345763787627],
        "min": [0.000637746299617, 0.00424961932003, 0.00222995947115, 0.000757612055168, 0.0004532240564, 0.000258787884377],
        "stdev": [0.360190361738, 0.221726030111, 0.206780612469, 0.152377381921, 0.0976561009884, 0.0874273851514]
    },
