{
"metadata": {
    "version": {
        "essentia": "2.1-beta5",
        "essentia_git_sha": "Undefined",
        "extractor": "music 2.0"
    },
    "audio_properties": {
        "analysis": {
            "equal_loudness": 0,
            "length": 32.4963264465,
            "sample_rate": 44100,
            "start_time": 93.9943771362,
            "downmix": "mix"
        },
        "bit_rate": 192000,
        "length": 194.44392395,
        "lossless": 0,
        "number_channels": 2,
        "replay_gain": -4.78726959229,
        "sample_rate": 48000,
        "codec": "mp3",
        "md5_encoded": "4c2e4fac0d6a8a75b2247be3733364a6"
    },
    "tags": {
        "file_name": "Georgia_Keep on Going_Oto Nemsadze.mp3",
        "encoding": ["Lavf58.29.100"]
    }
},
"lowlevel": {
    "average_loudness": 0.897746264935,
    "barkbands_crest": {
        "max": 24.5588626862,
        "mean": 10.1430616379,
        "min": 2.37787055969,
        "stdev": 4.03260326385
    },
    "barkbands_flatness_db": {
        "max": 0.297881603241,
        "mean": 0.127695783973,
        "min": 0.0318103246391,
        "stdev": 0.0409264490008
    },
    "barkbands_kurtosis": {
        "max": 34.3768043518,
        "mean": 3.12625718117,
        "min": -1.82464647293,
        "stdev": 4.05003166199
    },
    "barkbands_skewness": {
        "max": 5.57548093796,
        "mean": 1.37824034691,
        "min": -1.91207337379,
        "stdev": 0.779913365841
    },
    "barkbands_spread": {
        "max": 84.477935791,
        "mean": 21.4315872192,
        "min": 2.74342560768,
        "stdev": 11.9915218353
    },
    "dissonance": {
        "max": 0.499977439642,
        "mean": 0.457741051912,
        "min": 0.245826438069,
        "stdev": 0.0293708648533
    },
    "dynamic_complexity": 1.93917167187,
    "erbbands_crest": {
        "max": 28.1932201385,
        "mean": 10.7202644348,
        "min": 2.4484026432,
        "stdev": 5.10127687454
    },
    "erbbands_flatness_db": {
        "max": 0.315722048283,
        "mean": 0.161592274904,
        "min": 0.0739407613873,
        "stdev": 0.0394558422267
    },
    "erbbands_kurtosis": {
        "max": 27.1087703705,
        "mean": 1.40105605125,
        "min": -1.79860794544,
        "stdev": 3.21912693977
    },
    "erbbands_skewness": {
        "max": 4.45962524414,
        "mean": 0.817599236965,
        "min": -2.95960760117,
        "stdev": 0.891709685326
    },
    "erbbands_spread": {
        "max": 83.9445343018,
        "mean": 36.1600570679,
        "min": 5.02463293076,
        "stdev": 16.3653831482
    },
    "hfc": {
        "max": 104.651046753,
        "mean": 26.0809612274,
        "min": 0.967659175396,
        "stdev": 15.2180137634
    },
    "loudness_ebu128": {
        "integrated": -18.1874542236,
        "loudness_range": 3.4802570343,
        "momentary": {
            "max": -14.9774265289,
            "mean": -18.460811615,
            "min": -23.2443790436,
            "stdev": 1.59402310848
        },
        "short_term": {
            "max": -15.9218378067,
            "mean": -18.3837223053,
            "min": -20.4539966583,
            "stdev": 1.11459219456
        }
    },
    "melbands_crest": {
        "max": 29.3419532776,
        "mean": 13.2209510803,
        "min": 3.59969115257,
        "stdev": 5.01024770737
    },
    "melbands_flatness_db": {
        "max": 0.333255618811,
        "mean": 0.171403393149,
        "min": 0.0457246974111,
        "stdev": 0.0460104085505
    },
    "melbands_kurtosis": {
        "max": 85.7437667847,
        "mean": 8.45293426514,
        "min": -1.79744076729,
        "stdev": 8.06541538239
    },
    "melbands_skewness": {
        "max": 8.02954483032,
        "mean": 2.03337311745,
        "min": -0.65843385458,
        "stdev": 1.04684865475
    },
    "melbands_spread": {
        "max": 165.820220947,
        "mean": 23.8336715698,
        "min": 3.06852698326,
        "stdev": 17.8663368225
    },
    "pitch_salience": {
        "max": 0.844361364841,
        "mean": 0.582740724087,
        "min": 0.132978692651,
        "stdev": 0.105041004717
    },
    "silence_rate_20dB": {
        "max": 1,
        "mean": 1,
        "min": 1,
        "stdev": 0
    },
    "silence_rate_30dB": {
        "max": 1,
        "mean": 1,
        "min": 1,
        "stdev": 0
    },
    "silence_rate_60dB": {
        "max": 0,
        "mean": 0,
        "min": 0,
        "stdev": 0
    },
    "spectral_centroid": {
        "max": 4336.95458984,
        "mean": 1294.01208496,
        "min": 472.127563477,
        "stdev": 545.485290527
    },
    "spectral_complexity": {
        "max": 47,
        "mean": 21.1313343048,
        "min": 1,
        "stdev": 6.77389192581
    },
    "spectral_decrease": {
        "max": -2.16605802739e-10,
        "mean": -7.78188624651e-09,
        "min": -2.73221445468e-08,
        "stdev": 4.3887955492e-09
    },
    "spectral_energy": {
        "max": 0.108303397894,
        "mean": 0.0317363031209,
        "min": 0.000905289722141,
        "stdev": 0.0172313600779
    },
    "spectral_energyband_high": {
        "max": 0.015156798996,
        "mean": 0.00127862615045,
        "min": 1.94379026652e-05,
        "stdev": 0.0017703617923
    },
    "spectral_energyband_low": {
        "max": 0.0658068358898,
        "mean": 0.0063075562939,
        "min": 3.17066223943e-05,
        "stdev": 0.0097542386502
    },
    "spectral_energyband_middle_high": {
        "max": 0.0278792493045,
        "mean": 0.00576606718823,
        "min": 0.000123600650113,
        "stdev": 0.0044253221713
    },
    "spectral_energyband_middle_low": {
        "max": 0.0773229002953,
        "mean": 0.0190158784389,
        "min": 0.000713524932507,
        "stdev": 0.0131407659501
    },
    "spectral_entropy": {
        "max": 8.66949272156,
        "mean": 7.70685052872,
        "min": 6.47792577744,
        "stdev": 0.29576343298
    },
    "spectral_flux": {
        "max": 0.242525562644,
        "mean": 0.0994782075286,
        "min": 0.0311932209879,
        "stdev": 0.0370552241802
    },
    "spectral_kurtosis": {
        "max": 9.84893798828,
        "mean": 2.87099766731,
        "min": -0.720149993896,
        "stdev": 1.37709391117
    },
    "spectral_rms": {
        "max": 0.0102791953832,
        "mean": 0.00535668851808,
        "min": 0.00093979225494,
        "stdev": 0.0015060196165
    },
    "spectral_rolloff": {
        "max": 10529.7363281,
        "mean": 1505.44714355,
        "min": 86.1328125,
        "stdev": 1386.54833984
    },
    "spectral_skewness": {
        "max": 2.40743994713,
        "mean": 1.36125361919,
        "min": 0.205097556114,
        "stdev": 0.329737901688
    },
    "spectral_spread": {
        "max": 10642663,
        "mean": 4951838,
        "min": 2539775,
        "stdev": 1046749.3125
    },
    "spectral_strongpeak": {
        "max": 7.20591306686,
        "mean": 1.4832919836,
        "min": 0.0402207709849,
        "stdev": 1.25604403019
    },
    "zerocrossingrate": {
        "max": 0.2890625,
        "mean": 0.0637581720948,
        "min": 0.01025390625,
        "stdev": 0.0338831208646
    },
    "barkbands": {
        "max": [0.00460111536086, 0.0538203492761, 0.0251754615456, 0.0125341732055, 0.0374086089432, 0.0495280846953, 0.0314539670944, 0.0639013126493, 0.0465794056654, 0.0182291902602, 0.0242628771812, 0.0230822861195, 0.0115664368495, 0.00943369138986, 0.00984018854797, 0.00883456878364, 0.00236627226695, 0.0027623011265, 0.00418996065855, 0.00695332651958, 0.00756607670337, 0.00714964978397, 0.00568709895015, 0.0029899564106, 0.00287770852447, 0.00148754974362, 7.1042952186e-05],
        "mean": [0.000214253363083, 0.00457320548594, 0.00110845279414, 0.00104339839891, 0.0034732692875, 0.00357232033275, 0.00142720423173, 0.00551546504721, 0.00346088781953, 0.00133822695352, 0.000764855067246, 0.00108163629193, 0.000592332857195, 0.000498678826261, 0.000568516494241, 0.000462728203274, 0.000176900008228, 0.00017011181626, 0.000269135314738, 0.000343150633853, 0.000317222962622, 0.00028278096579, 0.000243439149926, 0.00011179671128, 9.27115179366e-05, 3.22365267493e-05, 1.35548668823e-06],
        "min": [1.03428137166e-08, 1.35540867632e-05, 2.06975005312e-06, 7.49969331082e-06, 3.95868337364e-05, 1.39231406138e-05, 1.19666319733e-05, 2.06476670428e-05, 4.52443782706e-05, 2.49302938755e-05, 7.68122299633e-06, 7.21191190678e-06, 6.67927406539e-06, 1.41289256135e-05, 5.74485648031e-06, 1.21170214697e-05, 4.87444958708e-06, 1.39638746077e-06, 5.36484867553e-06, 4.54610835732e-06, 2.38314214585e-06, 4.23745086664e-06, 3.50611844624e-06, 4.33813823975e-07, 4.58979165785e-09, 6.14895773188e-11, 5.26155057023e-11],
        "stdev": [0.000541034969501, 0.00832332205027, 0.00207887263969, 0.00140419160016, 0.00412002345547, 0.0048092585057, 0.00265880022198, 0.00822801422328, 0.00683370698243, 0.00226456765085, 0.00147933117114, 0.00185557536315, 0.00108175049536, 0.000873643381055, 0.000969876651652, 0.000693661859259, 0.000231426718528, 0.000231729907682, 0.000375729141524, 0.000478921545437, 0.000596568279434, 0.000630611670204, 0.000416893512011, 0.000234174629441, 0.000202863258892, 8.02683643997e-05, 5.67149299968e-06]
    },
    "erbbands": {
        "max": [2.08992648125, 14.601817131, 35.4114151001, 26.2531375885, 83.7312011719, 176.012329102, 411.035949707, 519.871276855, 476.681091309, 743.132080078, 1773.41967773, 1404.24609375, 1150.36560059, 825.702514648, 827.120178223, 990.363525391, 539.729553223, 524.422607422, 455.881225586, 514.722839355, 285.06942749, 120.465065002, 167.63180542, 334.267883301, 299.436248779, 306.218139648, 357.695709229, 332.136077881, 291.715057373, 137.715423584, 218.218231201, 62.5939216614, 58.4602241516, 46.6341438293, 13.9421453476, 4.25016927719, 3.91952872276, 0.301536619663, 0.0167813207954, 0.000823976297397],
        "mean": [0.138891920447, 0.970497846603, 1.48353981972, 2.39947390556, 5.83073425293, 11.5780773163, 25.2868423462, 29.4947891235, 21.2251815796, 45.3973999023, 136.706542969, 80.4515914917, 56.5317306519, 37.4546051025, 32.4629325867, 45.2421073914, 28.4264011383, 27.8436889648, 26.595489502, 29.8608493805, 22.7939109802, 9.62447834015, 8.9905500412, 11.0168075562, 15.7405509949, 16.0552501678, 14.0814304352, 12.0423164368, 10.3277158737, 8.62093639374, 6.73674917221, 2.81671094894, 1.76810085773, 1.18143308163, 0.569643139839, 0.193153500557, 0.0521560721099, 0.00573950074613, 0.000293602468446, 4.87475590489e-05],
        "min": [0.000263935391558, 0.00322641991079, 0.011622114107, 0.0318424105644, 0.092877201736, 0.142306163907, 0.117278963327, 0.124520748854, 0.46121275425, 1.07927644253, 0.800692617893, 1.1893209219, 1.14501583576, 0.743973433971, 0.418102949858, 0.252373933792, 0.29516145587, 0.690936326981, 0.852883517742, 0.427253842354, 0.44397521019, 0.280922472477, 0.126591175795, 0.273097574711, 0.242475003004, 0.264527320862, 0.136860668659, 0.158376574516, 0.155443742871, 0.107311144471, 0.104543365538, 0.0297802202404, 0.00441806670278, 0.000415480288211, 0.000108010091935, 1.5870851712e-05, 4.7465082389e-06, 8.07398294e-07, 3.70932184524e-06, 3.32916670231e-06],
        "stdev": [0.283639252186, 1.84189474583, 2.80785512924, 2.8610291481, 7.15855646133, 16.7202453613, 40.8439369202, 47.247882843, 34.0647773743, 74.3562927246, 209.373733521, 162.405532837, 96.0118789673, 64.5379486084, 55.2590904236, 77.2882614136, 48.9987869263, 43.9487266541, 40.1635894775, 51.3476905823, 31.7125930786, 12.0191106796, 12.8680238724, 14.8567752838, 24.9787654877, 21.6237201691, 23.067483902, 25.6715583801, 24.9358921051, 13.2637357712, 13.3273687363, 5.91847848892, 4.09034729004, 3.10800766945, 1.02456212044, 0.397869795561, 0.163133651018, 0.0168060194701, 0.00106454989873, 4.35626279796e-05]
    },
    "gfcc": {
        "mean": [29.9544391632, 91.8207778931, -124.766525269, 31.4969139099, -80.8845214844, 17.2704658508, -37.0835189819, 7.68612766266, -20.297990799, 6.23652410507, -15.2039737701, -2.09978985786, -6.97738647461],
        "cov": [[1116.81652832, -639.537963867, 168.510543823, -88.1532669067, 26.5525398254, 10.4269199371, -67.7865142822, 54.9613952637, -159.121353149, 118.119819641, -180.99005127, 75.40234375, -77.2138519287], [-639.537963867, 972.670349121, -186.226791382, 65.9803924561, -18.106803894, 25.6641464233, 197.879379272, -33.147190094, 241.228790283, -111.290924072, 236.535247803, -112.24446106, 128.633209229], [168.510543823, -186.226791382, 318.45223999, 45.7342033386, 83.2517547607, 32.862411499, -40.6727333069, 40.5883827209, -28.9425258636, 53.9074401855, -57.2137107849, 51.8455924988, -24.9678115845], [-88.1532669067, 65.9803924561, 45.7342033386, 300.868865967, 115.144676208, 15.0439844131, -21.4951934814, -30.3390464783, 32.5195655823, 26.369600296, 25.1497325897, -6.40113830566, 88.9939346313], [26.5525398254, -18.106803894, 83.2517547607, 115.144676208, 244.590896606, 43.8130683899, -47.4401550293, 17.131231308, -21.5463790894, 70.0560302734, -16.6629714966, 21.878364563, 18.7925243378], [10.4269199371, 25.6641464233, 32.862411499, 15.0439844131, 43.8130683899, 129.175033569, 62.6527290344, 32.0481834412, 3.88117980957, -4.10709619522, 29.8726291656, 16.839887619, -28.663816452], [-67.7865142822, 197.879379272, -40.6727333069, -21.4951934814, -47.4401550293, 62.6527290344, 251.175262451, 38.6551399231, 31.348739624, -64.5105667114, 78.8269119263, 24.1873188019, -12.5013017654], [54.9613952637, -33.147190094, 40.5883827209, -30.3390464783, 17.131231308, 32.0481834412, 38.6551399231, 97.7844390869, 9.22397422791, 23.6217327118, -7.00912332535, 11.077413559, -23.7244873047], [-159.121353149, 241.228790283, -28.9425258636, 32.5195655823, -21.5463790894, 3.88117980957, 31.348739624, 9.22397422791, 181.92225647, 13.6662607193, 66.5038146973, -56.860168457, 30.9872493744], [118.119819641, -111.290924072, 53.9074401855, 26.369600296, 70.0560302734, -4.10709619522, -64.5105667114, 23.6217327118, 13.6662607193, 131.302215576, -28.4328746796, -4.74223852158, -13.152053833], [-180.99005127, 236.535247803, -57.2137107849, 25.1497325897, -16.6629714966, 29.8726291656, 78.8269119263, -7.00912332535, 66.5038146973, -28.4328746796, 125.771102905, -13.5763044357, 31.5623493195], [75.40234375, -112.24446106, 51.8455924988, -6.40113830566, 21.878364563, 16.839887619, 24.1873188019, 11.077413559, -56.860168457, -4.74223852158, -13.5763044357, 111.929031372, -2.14018797874], [-77.2138519287, 128.633209229, -24.9678115845, 88.9939346313, 18.7925243378, -28.663816452, -12.5013017654, -23.7244873047, 30.9872493744, -13.152053833, 31.5623493195, -2.14018797874, 139.697967529]],
        "icov": [[0.00169205211569, 0.000979915028438, -0.000261255365331, 0.000543060014024, 4.3759780965e-05, -0.000463357369881, -0.000916696211789, 0.000228562465054, 0.000200185546419, -0.00110606907401, 0.000970942899585, 0.000387554144254, -0.000865862006322], [0.000979915028438, 0.0042729601264, 0.00020384239906, 0.00111434678547, -0.00193995225709, 0.0003502589243, -0.00225478946231, 0.00106642243918, -0.00273170066066, 0.0016902924981, -0.00294476095587, 0.0025854324922, -0.00228419690393], [-0.000261255365331, 0.00020384239906, 0.00447946041822, -0.000858267012518, -0.000607327150647, -0.000683771562763, 0.000599567894824, -0.00126553990413, -0.0008096806705, -0.000102249177871, 0.00112566375174, -0.001792331459, 0.000683579884935], [0.000543060014024, 0.00111434678547, -0.000858267012518, 0.00591764552519, -0.00258847954683, -0.000787371885963, -0.00113439059351, 0.00250130961649, -0.00109010119922, -0.000376149750082, -0.000604326196481, 0.00139444076922, -0.00377491209656], [4.3759780965e-05, -0.00193995225709, -0.000607327150647, -0.00258847954683, 0.00799409952015, -0.00279021146707, 0.00186666066293, -0.00135974294972, 0.00278343190439, -0.00404979567975, 0.0017964328872, -0.00178894493729, 0.000207184173632], [-0.000463357369881, 0.0003502589243, -0.000683771562763, -0.000787371885963, -0.00279021146707, 0.0120885288343, -0.00178213522304, -0.00227649812587, -0.000353838811861, 0.00205957633443, -0.00392185337842, -0.000233598126215, 0.00326527561992], [-0.000916696211789, -0.00225478946231, 0.000599567894824, -0.00113439059351, 0.00186666066293, -0.00178213522304, 0.00855748075992, -0.00378286838531, 0.000664255640004, 0.00228634406812, -0.00229151756503, -0.00335476337932, 0.00244016735815], [0.000228562465054, 0.00106642243918, -0.00126553990413, 0.00250130961649, -0.00135974294972, -0.00227649812587, -0.00378286838531, 0.0149207590148, -0.00214232853614, -0.00266697932966, 0.00162769912276, 0.000572706339881, -0.000898878788576], [0.000200185546419, -0.00273170066066, -0.0008096806705, -0.00109010119922, 0.00278343190439, -0.000353838811861, 0.000664255640004, -0.00214232853614, 0.0112944347784, -0.00413761148229, -0.00142796663567, 0.00240305811167, -0.000111091678264], [-0.00110606907401, 0.0016902924981, -0.000102249177871, -0.000376149750082, -0.00404979567975, 0.00205957633443, 0.00228634406812, -0.00266697932966, -0.00413761148229, 0.0141223361716, -0.00225132959895, 0.000970499007963, 0.00154351908714], [0.000970942899585, -0.00294476095587, 0.00112566375174, -0.000604326196481, 0.0017964328872, -0.00392185337842, -0.00229151756503, 0.00162769912276, -0.00142796663567, -0.00225132959895, 0.0185416378081, -0.0021859863773, -0.00125851016492], [0.000387554144254, 0.0025854324922, -0.001792331459, 0.00139444076922, -0.00178894493729, -0.000233598126215, -0.00335476337932, 0.000572706339881, 0.00240305811167, 0.000970499007963, -0.0021859863773, 0.0141660664231, -0.00311608868651], [-0.000865862006322, -0.00228419690393, 0.000683579884935, -0.00377491209656, 0.000207184173632, 0.00326527561992, 0.00244016735815, -0.000898878788576, -0.000111091678264, 0.00154351908714, -0.00125851016492, -0.00311608868651, 0.0124243451282]]
    },
    "melbands": {
        "max": [0.0147783672437, 0.0161765404046, 0.00430308608338, 0.00783391483128, 0.0116503192112, 0.0104945031926, 0.0061863316223, 0.0079570831731, 0.0142350997776, 0.00799765437841, 0.00555238546804, 0.0034226262942, 0.00373005797155, 0.00271199201234, 0.00265112798661, 0.00103676388972, 0.000950138317421, 0.000895510602277, 0.00093993259361, 0.000896949088201, 0.000355201453203, 0.000113652436994, 0.000236891792156, 0.000135712980409, 0.000318750797305, 0.00019988763961, 0.000272787961876, 0.000226533316891, 0.00033162208274, 0.000202994953725, 0.000209440855542, 0.000166778816492, 0.000125990220113, 7.19853342162e-05, 0.000145440819324, 7.09516316419e-05, 4.372872354e-05, 3.63119143003e-05, 5.84331100981e-05, 3.50082336809e-05],
        "mean": [0.00126431509852, 0.000952847942244, 0.000528123811819, 0.000577212718781, 0.000845075934194, 0.000656905700453, 0.000320233957609, 0.000635766307823, 0.0010820106836, 0.000465317629278, 0.000271895463811, 0.000149667728692, 0.000109789893031, 0.000123673453345, 8.59827923705e-05, 5.84744448133e-05, 4.87346042064e-05, 4.02600198868e-05, 4.28362909588e-05, 3.49020447175e-05, 2.49281274591e-05, 9.49786044657e-06, 8.32058412925e-06, 8.42132158141e-06, 8.56506267155e-06, 1.11577510324e-05, 1.10060427687e-05, 1.07882169686e-05, 9.33164119488e-06, 7.33110027795e-06, 6.86290195517e-06, 6.00466728429e-06, 5.03581350131e-06, 4.72944202556e-06, 4.31873604612e-06, 2.41534962697e-06, 1.45418357533e-06, 1.175786565e-06, 1.20858669561e-06, 9.35633238441e-07],
        "min": [2.70025589089e-06, 5.58673445994e-06, 7.23128141544e-06, 7.91324146121e-06, 4.58983413409e-06, 2.74203171102e-06, 7.06404262019e-06, 1.16917181003e-05, 5.94527045905e-06, 6.91371997164e-06, 3.81998142984e-06, 2.98594704873e-06, 1.20683284877e-06, 1.00339741493e-06, 4.82522750644e-07, 7.23780090084e-07, 1.26160819036e-06, 1.26062786876e-06, 4.14618426703e-07, 5.12300573519e-07, 2.89643253382e-07, 2.55653304748e-07, 2.44696337859e-07, 7.34465075425e-08, 2.46222128908e-07, 1.60409683758e-07, 1.14906228532e-07, 1.6666142244e-07, 9.56070138614e-08, 6.50676739156e-08, 6.68292017281e-08, 8.01282737939e-08, 7.23995441376e-08, 5.73211096366e-08, 7.7471007387e-08, 1.84749797683e-08, 9.39179578552e-09, 1.62085556088e-09, 4.22054169391e-10, 3.73929116837e-11],
        "stdev": [0.00238154130057, 0.00165155192371, 0.000582425040193, 0.000681166420691, 0.00125150941312, 0.00098556058947, 0.000498397508636, 0.000944554747548, 0.00168518954888, 0.000954952265602, 0.00047518624342, 0.000279930914985, 0.00021781589021, 0.000223616501899, 0.00016554017202, 9.64323844528e-05, 8.44904279802e-05, 7.18992887414e-05, 8.19451306597e-05, 5.62650056963e-05, 3.68439104932e-05, 1.18094103527e-05, 1.73515945789e-05, 1.03873480839e-05, 1.33597441163e-05, 1.80113329407e-05, 1.87629593711e-05, 1.50396472236e-05, 1.63875083672e-05, 1.46685333675e-05, 1.55468260346e-05, 1.49941051859e-05, 1.10934242912e-05, 6.69301880407e-06, 8.22565107228e-06, 6.07638730798e-06, 3.13779264616e-06, 2.60690831055e-06, 3.42149610333e-06, 2.44140551331e-06]
    },
    "melbands128": {
        "max": [0.00458152638748, 0.0195061992854, 0.0268787145615, 0.0286759249866, 0.0234133433551, 0.0107888709754, 0.00598803162575, 0.00699399784207, 0.00899941194803, 0.0111191309988, 0.0120121669024, 0.0112296408042, 0.0200307182968, 0.0127735417336, 0.0191016159952, 0.0217717848718, 0.0143906660378, 0.0089692575857, 0.0101294834167, 0.0133096184582, 0.017041971907, 0.0193585492671, 0.0269141998142, 0.0186830963939, 0.0180089343339, 0.00924617052078, 0.0123225916177, 0.00656622555107, 0.00499475421384, 0.00537619413808, 0.00548153137788, 0.00370544358157, 0.00714138243347, 0.00188459653873, 0.00349150435068, 0.0049177184701, 0.00535971671343, 0.00408828631043, 0.00340316840447, 0.00222671334632, 0.00174810050521, 0.00238886778243, 0.00163931690622, 0.0023873494938, 0.0021726032719, 0.00198904261924, 0.00076169159729, 0.00101721414831, 0.00211426289752, 0.00100096757524, 0.00179399782792, 0.000731440086383, 0.00081827188842, 0.000388438376831, 0.000242344336584, 0.000133172128699, 0.000296356913168, 0.00040944488137, 0.000387392239645, 0.00012811171473, 0.000131108303322, 0.00029863207601, 0.000619672005996, 0.000263939058641, 0.000158406910487, 0.000348938949173, 0.000348701578332, 0.000574240984861, 0.000331899675075, 0.000180121438461, 0.000273467565421, 0.000234929088037, 0.000512806640472, 0.000397194758989, 0.000168640035554, 0.000221980488277, 0.000295041856589, 0.00024262694933, 0.000262285757344, 0.000205494463444, 0.000196370907361, 0.00021285386174, 0.000223375129281, 0.000186762714293, 9.68218810158e-05, 9.86527084024e-05, 9.7427640867e-05, 8.5430983745e-05, 0.000185594937648, 0.000204373864108, 0.000113164343929, 0.000101416291727, 3.75943018298e-05, 3.98293814214e-05, 7.21777250874e-05, 3.22699925164e-05, 4.4274249376e-05, 5.98405895289e-05, 6.08849368291e-05, 7.34129134798e-05, 5.16407926625e-05, 4.59383663838e-05, 2.89309919026e-05, 1.90282426047e-05, 2.06649256143e-05, 1.90131522686e-05, 1.43278184623e-05, 1.38480472742e-05, 6.97043424225e-06, 1.02527219497e-05, 8.12989219412e-06, 1.67655452969e-05, 2.09243626159e-05, 7.49544688006e-06, 5.78402614337e-06, 2.47549223786e-06, 1.3848961089e-06, 1.04124342215e-06, 1.10754388061e-06, 7.71226098095e-07, 4.42586298277e-07, 6.99249312675e-07, 3.65430196325e-07, 1.77517733846e-08, 1.74797047947e-08, 1.72312066837e-08, 1.70822289647e-08, 1.69897145241e-08],
        "mean": [0.000206100012292, 0.00106710020918, 0.00174738198984, 0.00158855319023, 0.00089931068942, 0.000512309721671, 0.000428385304986, 0.000580607738812, 0.000632596143987, 0.00041714150575, 0.000633872754406, 0.000932166585699, 0.000980890938081, 0.000637522840407, 0.000653071387205, 0.000749671424273, 0.00039975065738, 0.000193389336346, 0.000246929674176, 0.000429575273301, 0.000774901418481, 0.00143891945481, 0.00120924564544, 0.000638543511741, 0.000529085518792, 0.000325888599036, 0.000447314989287, 0.000246559269726, 0.000156016219989, 0.000178648071596, 0.00012986024376, 0.00012550863903, 0.000136154878419, 6.12373187323e-05, 0.000108236898086, 0.000161236108397, 0.000124422062072, 8.13450096757e-05, 6.6098276875e-05, 5.21443471371e-05, 5.36919724254e-05, 7.24593555788e-05, 5.45064176549e-05, 3.23117201333e-05, 3.53383584297e-05, 4.39887662651e-05, 4.39327995991e-05, 4.05380160373e-05, 4.41314514319e-05, 4.36289992649e-05, 3.19213759212e-05, 2.70949767582e-05, 3.27914094669e-05, 2.15427699004e-05, 1.31601091198e-05, 6.67791528031e-06, 7.56888721298e-06, 1.00978450064e-05, 8.03017610451e-06, 6.45220870865e-06, 9.02011743165e-06, 8.88315116754e-06, 8.98881899047e-06, 8.06344178272e-06, 8.68357983563e-06, 1.13337555376e-05, 1.26651930259e-05, 1.19337028082e-05, 1.04753107735e-05, 9.86216036836e-06, 1.09307129605e-05, 1.12233819891e-05, 1.06409479486e-05, 8.96422534424e-06, 7.8055263657e-06, 7.46229488868e-06, 7.04789363226e-06, 7.0319824772e-06, 6.96057350069e-06, 6.60835303279e-06, 6.11190625932e-06, 5.92934611632e-06, 5.28917144038e-06, 4.9788668548e-06, 4.74914077131e-06, 4.68775533591e-06, 4.7230068958e-06, 4.82594532514e-06, 4.51056212114e-06, 3.96049881601e-06, 2.82576138488e-06, 1.97589224626e-06, 1.64456992024e-06, 1.49903644342e-06, 1.33728872243e-06, 1.06224081264e-06, 1.13587736905e-06, 1.32822981413e-06, 1.25626013414e-06, 1.16652415727e-06, 9.66068341768e-07, 9.35493403631e-07, 8.47553224048e-07, 7.09776600161e-07, 6.55535416172e-07, 5.64753122489e-07, 4.84483280161e-07, 4.23908943503e-07, 3.13657949391e-07, 2.27073215342e-07, 1.97072381525e-07, 1.93804467585e-07, 1.80955751716e-07, 1.23117672501e-07, 8.57223696471e-08, 5.02005654823e-08, 2.26349019528e-08, 1.29742696586e-08, 8.62427018689e-09, 5.63456614699e-09, 3.84575882251e-09, 3.73915254315e-09, 2.22670837324e-09, 8.25901638746e-11, 1.71452140679e-11, 1.67648638028e-11, 1.65396845525e-11, 1.64340121372e-11],
        "min": [1.38017652862e-09, 3.02760440718e-07, 1.10951634724e-06, 4.26927817898e-06, 2.38312895817e-06, 1.29123202441e-06, 1.78193613465e-06, 3.16192904393e-06, 3.24644474858e-06, 2.7544765544e-06, 1.22625715449e-06, 5.83608255056e-07, 2.00035538001e-06, 3.22802361552e-06, 2.65355060947e-06, 1.74989509105e-06, 1.88071089724e-06, 3.25004350543e-07, 1.62188052855e-06, 1.51515337166e-06, 1.26772010844e-06, 5.66262542634e-07, 1.26185852878e-06, 7.4001007988e-07, 5.40027599527e-07, 1.35180152938e-06, 3.29487534145e-07, 1.46080253671e-06, 1.0709061371e-06, 2.55865018062e-07, 6.81615631493e-07, 5.10131485498e-07, 1.05747039925e-06, 6.40355096948e-07, 4.07942422953e-07, 6.69110647777e-07, 4.02843284064e-07, 3.84745646897e-07, 5.02565399074e-07, 1.39233279128e-07, 6.85194208927e-07, 9.03507327621e-07, 3.82211084116e-07, 2.86548015538e-07, 2.29569891985e-07, 3.04446928112e-07, 3.43612072129e-07, 1.89421172081e-07, 1.16385166393e-07, 4.04098756235e-07, 8.59672724118e-08, 2.03058192483e-07, 1.51867581621e-07, 1.92318907466e-07, 2.0682469426e-07, 8.66337401817e-08, 2.4230331519e-07, 1.68915519794e-07, 5.98653357997e-08, 2.21939391309e-08, 9.37712556492e-08, 8.41692084919e-08, 8.81927419982e-08, 1.17144153933e-07, 1.0270007067e-07, 9.98881759529e-08, 6.44189199761e-08, 9.3498627507e-08, 6.94456971928e-08, 5.59687265422e-08, 7.36738954288e-08, 4.78261625858e-08, 3.50359457002e-08, 5.19454843584e-08, 1.44202729757e-08, 6.84490828462e-08, 4.87225833012e-08, 2.14573887547e-08, 5.60432660279e-08, 4.15689420663e-08, 4.86798086285e-08, 5.00686745397e-08, 1.99222238706e-08, 5.24270760138e-08, 2.54929481969e-08, 2.42072992762e-08, 1.27311201581e-08, 2.65407180677e-08, 3.72738320209e-08, 2.56670489307e-08, 7.98085775244e-09, 1.06733555327e-08, 1.37108049358e-08, 1.27821317975e-08, 1.28045274383e-09, 2.17896989341e-09, 9.79483494312e-10, 9.68925939482e-10, 7.65726648755e-11, 1.48438674547e-11, 8.61792234796e-12, 4.9244300044e-13, 5.85254989003e-13, 1.26116250689e-12, 9.28178757811e-13, 3.25609136008e-12, 6.89114347183e-13, 5.07512814326e-13, 2.48239932299e-13, 2.3542959574e-13, 2.25351313131e-13, 2.41352131423e-13, 2.16517897903e-13, 2.17891880211e-13, 1.80172988074e-13, 1.71560018253e-13, 2.07725451965e-13, 1.93036545407e-13, 1.82465452253e-13, 1.63760809926e-13, 1.49354568426e-13, 1.6528133571e-13, 1.5242170861e-13, 1.69781750508e-13, 9.63676837981e-14, 4.13957910105e-14, 5.60801244378e-15, 1.42781326364e-16],
        "stdev": [0.000527301221155, 0.00240658130497, 0.00366733619012, 0.00308430125006, 0.00187558517791, 0.000871868163813, 0.000597962876782, 0.000818589760456, 0.000876970181707, 0.000688350119162, 0.00114678731188, 0.00159146043006, 0.00196668179706, 0.0011494330829, 0.00135156081524, 0.00153578526806, 0.000903707696125, 0.000483334384626, 0.000637895078398, 0.00115498551168, 0.00151364738122, 0.00236513186246, 0.0026636228431, 0.00177532050293, 0.00166587345302, 0.000836659397464, 0.00116024783347, 0.00054454052588, 0.000388754269807, 0.000481224735267, 0.000329133676132, 0.000257046776824, 0.000391325738747, 0.000150595704326, 0.000268114963546, 0.000377041695174, 0.000290748022962, 0.000236301784753, 0.000214957384742, 0.000142415810842, 0.000125409205793, 0.000152432738105, 0.000128601925098, 0.000103548511106, 0.000104421764263, 0.000116066497867, 8.47493502079e-05, 9.78030802798e-05, 0.000131150998641, 8.56521583046e-05, 7.52216001274e-05, 5.28488235432e-05, 6.73239701428e-05, 3.78371187253e-05, 1.95572974917e-05, 1.06714378489e-05, 1.96890905499e-05, 2.7922931622e-05, 2.30392852245e-05, 1.11704584924e-05, 1.25984115584e-05, 1.58366692631e-05, 2.31482808886e-05, 1.33741250465e-05, 1.30037369672e-05, 2.3365189918e-05, 2.54629649135e-05, 2.65547751042e-05, 2.18216246139e-05, 1.62791020557e-05, 1.76998619281e-05, 1.80004790309e-05, 2.18335353566e-05, 1.92844527191e-05, 1.46799866343e-05, 1.51937465489e-05, 1.74688793777e-05, 1.62417636602e-05, 1.75382519956e-05, 1.59458741109e-05, 1.52845950652e-05, 1.67540165421e-05, 1.55195775733e-05, 1.1876309145e-05, 9.00104168977e-06, 7.73851570557e-06, 7.05036018189e-06, 7.21409287507e-06, 8.99812312127e-06, 1.12507977974e-05, 7.9267356341e-06, 5.54616053705e-06, 3.59159753316e-06, 3.28130454363e-06, 3.56053783435e-06, 2.07282550946e-06, 2.71282169706e-06, 3.61541970051e-06, 3.47050900018e-06, 4.0243417061e-06, 2.88987303065e-06, 2.56704379353e-06, 1.99264945877e-06, 1.36226310588e-06, 1.25035523979e-06, 1.03637160009e-06, 9.81461653282e-07, 9.97941356218e-07, 6.98768531038e-07, 5.75591741381e-07, 4.8860545121e-07, 7.07084325313e-07, 7.63180366903e-07, 3.90309196519e-07, 2.76622785123e-07, 1.67984083532e-07, 9.08924846499e-08, 7.69796173472e-08, 4.7907086298e-08, 3.51793190134e-08, 2.6324279645e-08, 3.0672811846e-08, 1.77838046511e-08, 7.94567633911e-10, 4.67044625196e-10, 4.6039808077e-10, 4.56413545846e-10, 4.53938581169e-10]
    },
    "mfcc": {
        "mean": [-605.710266113, 114.833358765, 7.09751749039, 13.6642971039, -14.0683679581, 5.64076089859, -7.0831861496, -0.797460079193, -1.23512995243, 5.02358198166, -1.73482406139, -1.34790933132, 2.64563989639],
        "cov": [[922.788391113, -368.745635986, -7.00588035583, -38.9743652344, -31.6307430267, -9.93469905853, 23.5583343506, -58.4972724915, 30.5760707855, -5.81481838226, -28.5038204193, -51.8867530823, -2.83275818825], [-368.745635986, 609.115478516, -46.705165863, -33.6697006226, -56.9782829285, 7.3255906105, 13.8177804947, 86.4889755249, 6.30763578415, 47.3063011169, 62.6765785217, 78.7467575073, 32.1846084595], [-7.00588035583, -46.705165863, 221.517929077, 10.2254104614, 9.01282024384, 1.38466382027, -7.8357462883, 22.4592933655, 20.0453662872, -4.874958992, 2.35961151123, 14.9362316132, 0.728326439857], [-38.9743652344, -33.6697006226, 10.2254104614, 248.718063354, 101.621482849, 63.2900238037, 2.67491674423, -46.8515586853, 44.933921814, 2.48310160637, -43.6049766541, -19.3845405579, 29.2828369141], [-31.6307430267, -56.9782829285, 9.01282024384, 101.621482849, 293.419708252, 49.4339408875, -21.3221492767, -100.50692749, 31.8887062073, 38.9098739624, -9.72132301331, -63.5248146057, 31.4563789368], [-9.93469905853, 7.3255906105, 1.38466382027, 63.2900238037, 49.4339408875, 119.97441864, 31.5257644653, 21.0568504333, -4.38377666473, 15.1125879288, 11.4185495377, 0.403827995062, 12.8667812347], [23.5583343506, 13.8177804947, -7.8357462883, 2.67491674423, -21.3221492767, 31.5257644653, 162.433151245, 79.4209671021, -5.72959804535, -21.8226318359, 12.261800766, 13.8138742447, -2.0768737793], [-58.4972724915, 86.4889755249, 22.4592933655, -46.8515586853, -100.50692749, 21.0568504333, 79.4209671021, 195.48928833, -19.5767593384, -16.9878005981, 29.5516452789, 45.9947624207, -4.66230392456], [30.5760707855, 6.30763578415, 20.0453662872, 44.933921814, 31.8887062073, -4.38377666473, -5.72959804535, -19.5767593384, 97.9375457764, 13.4646596909, 3.03334093094, -6.5207824707, 20.3407802582], [-5.81481838226, 47.3063011169, -4.874958992, 2.48310160637, 38.9098739624, 15.1125879288, -21.8226318359, -16.9878005981, 13.4646596909, 119.081253052, 43.2444343567, 5.47948122025, 23.5445289612], [-28.5038204193, 62.6765785217, 2.35961151123, -43.6049766541, -9.72132301331, 11.4185495377, 12.261800766, 29.5516452789, 3.03334093094, 43.2444343567, 130.901123047, 30.8194885254, 0.185689657927], [-51.8867530823, 78.7467575073, 14.9362316132, -19.3845405579, -63.5248146057, 0.403827995062, 13.8138742447, 45.9947624207, -6.5207824707, 5.47948122025, 30.8194885254, 99.309967041, 1.26448082924], [-2.83275818825, 32.1846084595, 0.728326439857, 29.2828369141, 31.4563789368, 12.8667812347, -2.0768737793, -4.66230392456, 20.3407802582, 23.5445289612, 0.185689657927, 1.26448082924, 80.8265228271]],
        "icov": [[0.00164400343783, 0.00106018793304, 0.000207398261409, 0.000605107459705, 0.000631812377833, -0.000410576350987, -0.000543168571312, 0.000510068493895, -0.000900917628314, -0.000414784823079, 0.000161789968843, 0.000269050273346, -0.000407733605243], [0.00106018793304, 0.00276977103204, 0.000779648078606, 0.000447727536084, 0.000362126418622, -0.000175475492142, -4.5625562052e-05, -0.0005475700018, -0.000880520907231, -0.000787763099652, -0.000247877847869, -0.00110572006088, -0.000911807233933], [0.000207398261409, 0.000779648078606, 0.00507186446339, 1.57069971465e-05, -0.000544358510524, 6.60988080199e-05, 0.000783001130912, -0.00128833693452, -0.00132124510128, 0.000226528049097, 2.55642953562e-06, -0.00123134418391, 7.83377035987e-05], [0.000605107459705, 0.000447727536084, 1.57069971465e-05, 0.00661191949621, -0.00086944270879, -0.003443808062, -0.000464272801764, 0.001206276007, -0.00286266580224, 0.000239506654907, 0.00227580894716, -0.000682200712617, -0.00095232547028], [0.000631812377833, 0.000362126418622, -0.000544358510524, -0.00086944270879, 0.00603248924017, -0.00198405934498, -0.000672260764986, 0.00267083966173, -0.000640405516606, -0.00121751951519, -0.000491891230922, 0.00287185446359, -0.00122524693143], [-0.000410576350987, -0.000175475492142, 6.60988080199e-05, -0.003443808062, -0.00198405934498, 0.0120796086267, -0.00129768252373, -0.00225291051902, 0.00261436984874, -0.00102541642264, -0.00140271754935, -0.000183643089258, -0.000364670500858], [-0.000543168571312, -4.5625562052e-05, 0.000783001130912, -0.000464272801764, -0.000672260764986, -0.00129768252373, 0.00856928993016, -0.00373643939383, -0.000123861071188, 0.00168364634737, -0.000657877593767, -0.00024135671265, 0.000179169466719], [0.000510068493895, -0.0005475700018, -0.00128833693452, 0.001206276007, 0.00267083966173, -0.00225291051902, -0.00373643939383, 0.00942920520902, 0.000301116524497, 0.000586374138948, -0.000592150434386, -0.000820315850433, -0.000654807023238], [-0.000900917628314, -0.000880520907231, -0.00132124510128, -0.00286266580224, -0.000640405516606, 0.00261436984874, -0.000123861071188, 0.000301116524497, 0.0130599737167, -0.000420391443186, -0.00135026290081, 0.000649599649478, -0.00195595994592], [-0.000414784823079, -0.000787763099652, 0.000226528049097, 0.000239506654907, -0.00121751951519, -0.00102541642264, 0.00168364634737, 0.000586374138948, -0.000420391443186, 0.011442258954, -0.00360851385631, -0.000369726592908, -0.00228873314336], [0.000161789968843, -0.000247877847869, 2.55642953562e-06, 0.00227580894716, -0.000491891230922, -0.00140271754935, -0.000657877593767, -0.000592150434386, -0.00135026290081, -0.00360851385631, 0.0106236869469, -0.00241807708517, 0.00104789470788], [0.000269050273346, -0.00110572006088, -0.00123134418391, -0.000682200712617, 0.00287185446359, -0.000183643089258, -0.00024135671265, -0.000820315850433, 0.000649599649478, -0.000369726592908, -0.00241807708517, 0.0142125831917, -0.000706562830601], [-0.000407733605243, -0.000911807233933, 7.83377035987e-05, -0.00095232547028, -0.00122524693143, -0.000364670500858, 0.000179169466719, -0.000654807023238, -0.00195595994592, -0.00228873314336, 0.00104789470788, -0.000706562830601, 0.0147345913574]]
    },
    "spectral_contrast_coeffs": {
        "max": [-0.466139763594, -0.480665385723, -0.549317121506, -0.633650302887, -0.641119599342, -0.545017838478],
        "mean": [-0.702905356884, -0.71764177084, -0.76152575016, -0.789525151253, -0.798691689968, -0.740489304066],
        "min": [-0.883080244064, -0.885870277882, -0.881959915161, -0.908127307892, -0.885311543941, -0.842027664185],
        "stdev": [0.0759437978268, 0.0838898196816, 0.0592128299177, 0.0471980609, 0.0335738770664, 0.040516987443]
    },
    "spectral_contrast_valleys": {
        "max": [-4.85372686386, -4.86139965057, -5.52760410309, -6.1646270752, -5.83736753464, -7.79387950897],
        "mean": [-6.5524096489, -6.22769784927, -6.84240961075, -7.25771141052, -7.27241849899, -9.7789516449],
        "min": [-8.03395938873, -7.42666959763, -8.1873998642, -8.59818172455, -8.88649749756, -12.9518518448],
        "stdev": [0.509066045284, 0.408833295107, 0.438220322132, 0.374282926321, 0.417403906584, 0.645121157169]
    }
},
"rhythm": {
    "beats_count": 63,
    "beats_loudness": {
        "max": 0.0880761444569,
        "mean": 0.0338762588799,
        "min": 0.00805486831814,
        "stdev": 0.0172732863575
    },
    "bpm": 119.749023438,
    "bpm_histogram_first_peak_bpm": 120,
    "bpm_histogram_first_peak_weight": 0.458333313465,
    "bpm_histogram_second_peak_bpm": 110,
    "bpm_histogram_second_peak_spread": 0.333333313465,
    "bpm_histogram_second_peak_weight": 0.0967741906643,
    "danceability": 1.00619578362,
    "onset_rate": 2.95312476158,
    "beats_loudness_band_ratio": {
        "max": [0.871421992779, 0.679849267006, 0.867267608643, 0.794446647167, 0.471437692642, 0.642020702362],
        "mean": [0.249922081828, 0.177023872733, 0.328717589378, 0.145837426186, 0.0597253553569, 0.0723895058036],
        "min": [0.00525333173573, 0.030978307128, 0.0391491912305, 0.00623694714159, 0.00459144311026, 0.00446416763589],
        "stdev": [0.213798105717, 0.127489209175, 0.226290881634, 0.146827504039, 0.0744965150952, 0.114669643342]
    },
    "beats_position": [0.49922901392, 1.02167797089, 1.53251695633, 2.04335594177, 2.55419492722, 3.09986400604, 3.64553284645, 4.19120168686, 4.73687076569, 5.28253936768, 5.80498838425, 6.31582736969, 6.82666635513, 7.32589578629, 7.8251247406, 8.32435321808, 8.82358264923, 9.32281208038, 9.82204055786, 10.3096599579, 10.8088884354, 11.3081178665, 11.8189563751, 12.3297958374, 12.8174142838, 13.3166437149, 13.8158731461, 14.3151016235, 14.8143310547, 15.3251695633, 15.8360090256, 16.3236274719, 16.8228569031, 17.3220863342, 17.8213157654, 18.3785934448, 18.9242630005, 19.458322525, 19.9923801422, 20.5148296356, 20.9908390045, 21.4668483734, 21.9660758972, 22.4653053284, 22.9529247284, 23.4521541595, 23.9629936218, 24.4738311768, 24.9730606079, 25.4722900391, 25.9715194702, 26.470746994, 26.9699764252, 27.4575958252, 27.9568252563, 28.4444446564, 28.9436721802, 29.4429016113, 29.9537410736, 30.4645805359, 30.9521980286, 31.4630374908, 31.9738769531],
