{
"metadata": {
    "version": {
        "essentia": "2.1-beta5",
        "essentia_git_sha": "Undefined",
        "extractor": "music 2.0"
    },
    "audio_properties": {
        "analysis": {
            "equal_loudness": 0,
            "length": 12.7477550507,
            "sample_rate": 44100,
            "start_time": 0,
            "downmix": "mix"
        },
        "bit_rate": 192000,
        "length": 206.971084595,
        "lossless": 0,
        "number_channels": 2,
        "replay_gain": -3.65091514587,
        "sample_rate": 48000,
        "codec": "mp3",
        "md5_encoded": "27754b93db3bf50dba6fee1b6df232da"
    },
    "tags": {
        "file_name": "Israel_Home_Kobi Marimi.mp3",
        "encoding": ["Lavf58.29.100"]
    }
},
"lowlevel": {
    "average_loudness": 0.961641728878,
    "barkbands_crest": {
        "max": 17.1193637848,
        "mean": 7.95718240738,
        "min": 2.82889604568,
        "stdev": 2.46170163155
    },
    "barkbands_flatness_db": {
        "max": 0.337812781334,
        "mean": 0.189974203706,
        "min": 0.0357868932188,
        "stdev": 0.058705855161
    },
    "barkbands_kurtosis": {
        "max": 9.43984699249,
        "mean": 1.62266206741,
        "min": -1.81710886955,
        "stdev": 1.91106832027
    },
    "barkbands_skewness": {
        "max": 2.62027215958,
        "mean": 0.970742166042,
        "min": -1.38252484798,
        "stdev": 0.685393512249
    },
    "barkbands_spread": {
        "max": 117.116958618,
        "mean": 16.7438755035,
        "min": 4.43598556519,
        "stdev": 17.935426712
    },
    "dissonance": {
        "max": 0.499963253736,
        "mean": 0.482152104378,
        "min": 0.366130501032,
        "stdev": 0.017478980124
    },
    "dynamic_complexity": 1.45815372467,
    "erbbands_crest": {
        "max": 19.790435791,
        "mean": 9.21338653564,
        "min": 3.32181930542,
        "stdev": 2.70745205879
    },
    "erbbands_flatness_db": {
        "max": 0.410372674465,
        "mean": 0.263211905956,
        "min": 0.0437154658139,
        "stdev": 0.0696944892406
    },
    "erbbands_kurtosis": {
        "max": 9.99535179138,
        "mean": 1.05996668339,
        "min": -1.53264093399,
        "stdev": 1.57808077335
    },
    "erbbands_skewness": {
        "max": 2.68699240685,
        "mean": 0.951400458813,
        "min": -1.12612211704,
        "stdev": 0.592185616493
    },
    "erbbands_spread": {
        "max": 110.843719482,
        "mean": 21.5399017334,
        "min": 8.36032676697,
        "stdev": 16.2244644165
    },
    "hfc": {
        "max": 267.120666504,
        "mean": 38.6304779053,
        "min": 8.12441921234,
        "stdev": 26.5526428223
    },
    "loudness_ebu128": {
        "integrated": -18.1250553131,
        "loudness_range": 2.27266120911,
        "momentary": {
            "max": -16.3529014587,
            "mean": -18.3809871674,
            "min": -21.7259807587,
            "stdev": 1.56570112705
        },
        "short_term": {
            "max": -16.8889255524,
            "mean": -18.0873184204,
            "min": -19.6970882416,
            "stdev": 0.84934514761
        }
    },
    "melbands_crest": {
        "max": 25.1189002991,
        "mean": 10.4067592621,
        "min": 4.07075214386,
        "stdev": 3.1925766468
    },
    "melbands_flatness_db": {
        "max": 0.30208209157,
        "mean": 0.1877823174,
        "min": 0.0771153941751,
        "stdev": 0.0385728701949
    },
    "melbands_kurtosis": {
        "max": 28.9814071655,
        "mean": 4.73612880707,
        "min": -0.686708211899,
        "stdev": 3.66128754616
    },
    "melbands_skewness": {
        "max": 5.02429008484,
        "mean": 1.47600090504,
        "min": -0.564034342766,
        "stdev": 0.802650630474
    },
    "melbands_spread": {
        "max": 185.782821655,
        "mean": 21.9419460297,
        "min": 6.43835496902,
        "stdev": 18.8589477539
    },
    "pitch_salience": {
        "max": 0.863019883633,
        "mean": 0.689602434635,
        "min": 0.392929255962,
        "stdev": 0.0784836634994
    },
    "silence_rate_20dB": {
        "max": 1,
        "mean": 1,
        "min": 1,
        "stdev": 0
    },
    "silence_rate_30dB": {
        "max": 1,
        "mean": 1,
        "min": 1,
        "stdev": 0
    },
    "silence_rate_60dB": {
        "max": 0,
        "mean": 0,
        "min": 0,
        "stdev": 0
    },
    "spectral_centroid": {
        "max": 4215.58496094,
        "mean": 1552.29187012,
        "min": 760.88885498,
        "stdev": 385.121582031
    },
    "spectral_complexity": {
        "max": 44,
        "mean": 28.0890903473,
        "min": 2,
        "stdev": 5.69156074524
    },
    "spectral_decrease": {
        "max": -2.24697774276e-10,
        "mean": -7.37956051822e-09,
        "min": -1.71886913591e-08,
        "stdev": 3.25231597209e-09
    },
    "spectral_energy": {
        "max": 0.071291655302,
        "mean": 0.0313560366631,
        "min": 0.00200850213878,
        "stdev": 0.0125537654385
    },
    "spectral_energyband_high": {
        "max": 0.0232316851616,
        "mean": 0.000940013560466,
        "min": 7.1405156632e-05,
        "stdev": 0.00240207929164
    },
    "spectral_energyband_low": {
        "max": 0.0175603106618,
        "mean": 0.00200182944536,
        "min": 5.4580358011e-09,
        "stdev": 0.00313627137803
    },
    "spectral_energyband_middle_high": {
        "max": 0.0583238638937,
        "mean": 0.0177674032748,
        "min": 0.000223488430493,
        "stdev": 0.0102679170668
    },
    "spectral_energyband_middle_low": {
        "max": 0.052612170577,
        "mean": 0.0118250884116,
        "min": 0.000457474467112,
        "stdev": 0.00817431230098
    },
    "spectral_entropy": {
        "max": 8.46376228333,
        "mean": 7.57621097565,
        "min": 7.00783872604,
        "stdev": 0.24335642159
    },
    "spectral_flux": {
        "max": 0.204601317644,
        "mean": 0.100228697062,
        "min": 0.0448163151741,
        "stdev": 0.0254229288548
    },
    "spectral_kurtosis": {
        "max": 13.1154193878,
        "mean": 4.61311292648,
        "min": -0.0591757297516,
        "stdev": 2.3611972332
    },
    "spectral_rms": {
        "max": 0.00833983439952,
        "mean": 0.00541371433064,
        "min": 0.00139982649125,
        "stdev": 0.00113268638961
    },
    "spectral_rolloff": {
        "max": 14750.2441406,
        "mean": 2354.47924805,
        "min": 775.1953125,
        "stdev": 2806.63671875
    },
    "spectral_skewness": {
        "max": 2.56564593315,
        "mean": 1.4512604475,
        "min": 0.650855362415,
        "stdev": 0.316402435303
    },
    "spectral_spread": {
        "max": 16233946,
        "mean": 3399722.5,
        "min": 2034870.25,
        "stdev": 2438072.5
    },
    "spectral_strongpeak": {
        "max": 26.9052734375,
        "mean": 1.86710321903,
        "min": 0.0260614845902,
        "stdev": 2.70111560822
    },
    "zerocrossingrate": {
        "max": 0.4326171875,
        "mean": 0.0805211290717,
        "min": 0.02099609375,
        "stdev": 0.0694218352437
    },
    "barkbands": {
        "max": [0.00211795629002, 0.0146263679489, 0.0077330134809, 0.00790611840785, 0.0168665461242, 0.0120339253917, 0.0359035804868, 0.0365561060607, 0.0227388739586, 0.0341355390847, 0.0399701595306, 0.0138812186196, 0.00910022575408, 0.0070195607841, 0.00396932708099, 0.00268648704514, 0.00299108191393, 0.0046337461099, 0.00332511332817, 0.00116799084935, 0.00035691447556, 0.000353237934178, 0.000135844267788, 0.000432160217315, 0.017302846536, 0.00708176242188, 0.00166515470482],
        "mean": [4.44088873337e-05, 0.00101416907273, 0.000829467084259, 0.000295345322229, 0.00166617042851, 0.000806507829111, 0.000955834053457, 0.00146859581582, 0.00449354993179, 0.00548573164269, 0.00514788739383, 0.00245047849603, 0.00149762490764, 0.00115563010331, 0.000843667483423, 0.000254245009273, 0.000553427496925, 0.000828585762065, 0.000488166551804, 0.000231432772125, 0.000112530375191, 7.84201838542e-05, 3.10154573526e-05, 2.53455255006e-05, 0.000374972558348, 0.00017554598162, 4.73013205919e-05],
        "min": [5.56694065845e-11, 9.33814803261e-10, 2.15021067618e-09, 4.77773998142e-09, 4.2183640403e-07, 1.00643649148e-06, 2.79440109807e-06, 1.64246393979e-05, 3.60721537618e-06, 2.5152382932e-06, 3.44058753399e-05, 4.05850369134e-05, 3.23306267092e-05, 1.12713923954e-05, 3.74577139155e-05, 9.34194758884e-06, 1.43610520809e-06, 1.16476921903e-05, 1.91348626686e-05, 8.01986243459e-06, 8.30240333016e-06, 6.91681407261e-06, 5.92323260662e-07, 5.46485856567e-10, 4.99421372313e-11, 6.2341881657e-11, 7.04485636494e-11],
        "stdev": [0.000156556372531, 0.00162768817972, 0.00156409980264, 0.000707518949639, 0.00321112317033, 0.0014776873868, 0.00273388787173, 0.00335402577184, 0.0041860002093, 0.00469172233716, 0.00468124635518, 0.00206876639277, 0.0012605736265, 0.000870029791258, 0.000641564722173, 0.000215627762373, 0.000436595873907, 0.000728769926354, 0.000408302235883, 0.00016425686772, 6.53543829685e-05, 4.94469859404e-05, 1.91688468476e-05, 4.71696330351e-05, 0.00156289385632, 0.000768805854023, 0.000187492827536]
    },
    "erbbands": {
        "max": [0.318890094757, 3.91548752785, 10.583281517, 14.8110294342, 37.0004844666, 82.8893356323, 99.5222702026, 106.683288574, 518.859680176, 777.140686035, 489.85067749, 545.534362793, 1450.14294434, 1052.08654785, 965.966796875, 605.239013672, 448.454071045, 333.939361572, 227.490921021, 115.11139679, 73.5236816406, 154.09336853, 299.887359619, 262.148101807, 99.4043655396, 37.3674697876, 15.7487668991, 14.1914081573, 18.3801631927, 8.60739994049, 2.68478488922, 13.8913764954, 11.418961525, 294.086914062, 56.6520690918, 14.5517530441, 27.6166858673, 2.41990423203, 0.335825711489, 0.0150404646993],
        "mean": [0.0153109598905, 0.276066511869, 1.09064924717, 0.82268846035, 3.41705131531, 5.99735450745, 5.76550340652, 5.87261629105, 14.6879167557, 20.8482303619, 34.7528076172, 101.811279297, 176.260162354, 172.704116821, 185.290863037, 106.132003784, 73.6019210815, 65.4912109375, 52.2250938416, 27.3701229095, 16.0319004059, 29.7994670868, 41.6068115234, 40.126953125, 18.5041923523, 10.8855009079, 5.42079353333, 3.96255540848, 2.96276736259, 1.75830042362, 0.790041744709, 0.674666583538, 0.51677274704, 6.13709211349, 1.38700759411, 0.472253590822, 0.488143324852, 0.0527723766863, 0.00999819021672, 0.000452645588666],
        "min": [1.03247792538e-07, 5.79290258429e-07, 3.4675065308e-06, 4.37322487414e-05, 0.000406209059292, 0.00208570575342, 0.00499756122008, 0.0109268678352, 0.0421451739967, 0.304216355085, 0.874505519867, 0.116884477437, 0.105620101094, 0.450899779797, 2.04490280151, 0.912227392197, 1.16959428787, 1.97027981281, 1.69098746777, 1.55904054642, 0.262334674597, 0.0896831974387, 0.430586844683, 1.06938123703, 0.79772746563, 0.364963471889, 0.335000634193, 0.290442705154, 0.304741233587, 0.0659102499485, 0.0176079142839, 0.0017033329932, 8.76518533914e-05, 2.79465275526e-05, 1.84443488251e-05, 1.33546182042e-05, 7.91964521341e-06, 2.22647054215e-06, 5.52601204618e-06, 1.12411580631e-05],
        "stdev": [0.0326326079667, 0.465719103813, 2.09978723526, 1.66117346287, 6.67183732986, 12.7175693512, 13.8166484833, 10.4079780579, 41.3807144165, 61.306804657, 54.6007194519, 87.5223846436, 162.368621826, 151.493606567, 157.294677734, 90.7413253784, 58.2436714172, 48.6933784485, 38.3066329956, 16.9076461792, 10.2342653275, 21.5129985809, 34.285949707, 38.3484802246, 12.4940805435, 6.13296699524, 2.74615907669, 2.63443303108, 2.01155972481, 1.11363852024, 0.488290131092, 1.25709724426, 1.31378936768, 25.9756774902, 5.53430080414, 1.82767701149, 2.49042439461, 0.217642918229, 0.0391153022647, 0.00181852781679]
    },
    "gfcc": {
        "mean": [-18.0515518188, 88.7820968628, -209.200775146, 4.57158660889, -69.6203231812, 13.651509285, -5.14487504959, 4.32871818542, -11.0368270874, -20.5556259155, -1.77161610126, -12.8405408859, -2.55826878548],
        "cov": [[1535.30371094, 335.9112854, 1963.19995117, 291.631195068, 739.417236328, 177.600860596, -160.070755005, 180.26550293, -228.178771973, 313.76852417, -37.4902076721, 184.15397644, -76.482131958], [335.9112854, 4208.42871094, 246.121871948, 1747.14916992, 333.550079346, -521.442810059, 386.539123535, -862.460754395, 551.216003418, -568.66003418, 333.525848389, -214.187194824, 20.4046783447], [1963.19995117, 246.121871948, 3318.86914062, 200.465209961, 1066.88256836, 10.5988788605, -496.154785156, 177.876831055, -486.294006348, 563.943847656, -153.072311401, 340.266540527, -146.251953125], [291.631195068, 1747.14916992, 200.465209961, 911.791625977, 254.277954102, -51.1267662048, 235.126068115, -292.37411499, 235.810134888, -261.069702148, 109.602600098, -142.90322876, -0.790976643562], [739.417236328, 333.550079346, 1066.88256836, 254.277954102, 529.35925293, 133.090499878, 34.6208496094, 72.232460022, -79.1722412109, 146.522903442, -41.3235244751, 87.7897872925, -61.7034225464], [177.600860596, -521.442810059, 10.5988788605, -51.1267662048, 133.090499878, 376.407409668, 136.605270386, 236.123580933, -57.2400512695, 63.0261497498, -62.1976470947, -18.3265514374, -1.52572798729], [-160.070755005, 386.539123535, -496.154785156, 235.126068115, 34.6208496094, 136.605270386, 376.190185547, -27.1301746368, 215.228530884, -141.393341064, 58.9080238342, -87.1055984497, 8.58841323853], [180.26550293, -862.460754395, 177.876831055, -292.37411499, 72.232460022, 236.123580933, -27.1301746368, 317.974945068, -138.987548828, 181.692504883, -87.6539916992, 59.1659622192, -13.4421348572], [-228.178771973, 551.216003418, -486.294006348, 235.810134888, -79.1722412109, -57.2400512695, 215.228530884, -138.987548828, 256.179656982, -159.218048096, 104.0102005, -92.4016952515, 20.7684001923], [313.76852417, -568.66003418, 563.943847656, -261.069702148, 146.522903442, 63.0261497498, -141.393341064, 181.692504883, -159.218048096, 260.719909668, -50.1827201843, 141.260406494, -27.45287323], [-37.4902076721, 333.525848389, -153.072311401, 109.602600098, -41.3235244751, -62.1976470947, 58.9080238342, -87.6539916992, 104.0102005, -50.1827201843, 119.599609375, -4.28939247131, 36.3531837463], [184.15397644, -214.187194824, 340.266540527, -142.90322876, 87.7897872925, -18.3265514374, -87.1055984497, 59.1659622192, -92.4016952515, 141.260406494, -4.28939247131, 138.147277832, -5.24483776093], [-76.482131958, 20.4046783447, -146.251953125, -0.790976643562, -61.7034225464, -1.52572798729, 8.58841323853, -13.4421348572, 20.7684001923, -27.45287323, 36.3531837463, -5.24483776093, 58.1348457336]],
        "icov": [[0.00552803976461, -0.00102675589733, -0.00318991788663, 0.000357215176336, -0.000190820195712, -0.00366543093696, 0.00196850905195, -0.00356701691635, -0.00151771761011, 0.00260923011228, -0.00365988630801, -0.00204849801958, 0.00207676156424], [-0.00102675589733, 0.00386205734685, 0.000545006245375, -0.00591327995062, -0.000289742543828, 0.00463210884482, -0.00264560733922, 0.00267674447969, 0.00180905917659, -0.00081744248746, -0.00101919530425, -0.000142346369103, -0.000999703072011], [-0.00318991788663, 0.000545006245375, 0.00579741131514, -0.00106968078762, -0.00717534776777, 0.00383885041811, 0.00284654903226, 0.00190431962255, 0.00259359925985, -0.00482227886096, 0.00159260688815, 0.00242562498897, -0.00129382032901], [0.000357215176336, -0.00591327995062, -0.00106968078762, 0.0144021091983, -0.00225351937115, -0.00722655374557, 0.00357772270218, -0.00155944086146, -0.0041858558543, 0.00543361669406, 0.000423976045568, 0.00296723749489, 0.000643588369712], [-0.000190820195712, -0.000289742543828, -0.00717534776777, -0.00225351937115, 0.0210960432887, -0.00523912720382, -0.0091171823442, 0.00138198153581, -0.00117654562928, -0.00042795954505, 0.00333381188102, -0.00541346427053, 0.00333378347568], [-0.00366543093696, 0.00463210884482, 0.00383885041811, -0.00722655374557, -0.00523912720382, 0.0187024846673, -0.00820074323565, -0.00308025162667, 0.00943676475435, -0.00348931271583, -0.000589757284615, 0.00674870796502, -0.00550078041852], [0.00196850905195, -0.00264560733922, 0.00284654903226, 0.00357772270218, -0.0091171823442, -0.00820074323565, 0.018628673628, -0.00361776375212, -0.0118101062253, 0.00464536109939, 0.000230087272939, -0.00455943541601, 0.00310510350391], [-0.00356701691635, 0.00267674447969, 0.00190431962255, -0.00155944086146, 0.00138198153581, -0.00308025162667, -0.00361776375212, 0.0193394571543, 0.00213176384568, -0.0110216932371, 0.00469006644562, 0.00347626535222, -0.00305605470203], [-0.00151771761011, 0.00180905917659, 0.00259359925985, -0.0041858558543, -0.00117654562928, 0.00943676475435, -0.0118101062253, 0.00213176384568, 0.023818237707, -0.00584370223805, -0.00949205737561, 0.00938383676112, 0.000586449517868], [0.00260923011228, -0.00081744248746, -0.00482227886096, 0.00543361669406, -0.00042795954505, -0.00348931271583, 0.00464536109939, -0.0110216932371, -0.00584370223805, 0.029755640775, -0.00513094337657, -0.0140566062182, 0.00596081884578], [-0.00365988630801, -0.00101919530425, 0.00159260688815, 0.000423976045568, 0.00333381188102, -0.000589757284615, 0.000230087272939, 0.00469006644562, -0.00949205737561, -0.00513094337657, 0.0251699443907, -0.00498795090243, -0.0110928136855], [-0.00204849801958, -0.000142346369103, 0.00242562498897, 0.00296723749489, -0.00541346427053, 0.00674870796502, -0.00455943541601, 0.00347626535222, 0.00938383676112, -0.0140566062182, -0.00498795090243, 0.0271198041737, -0.00501816114411], [0.00207676156424, -0.000999703072011, -0.00129382032901, 0.000643588369712, 0.00333378347568, -0.00550078041852, 0.00310510350391, -0.00305605470203, 0.000586449517868, 0.00596081884578, -0.0110928136855, -0.00501816114411, 0.0283562466502]]
    },
    "melbands": {
        "max": [0.00307931867428, 0.00440706731752, 0.00278685288504, 0.00431042583659, 0.0028182961978, 0.00282705319114, 0.00822374690324, 0.00940194167197, 0.00374686904252, 0.00377481314354, 0.00713521474972, 0.00396991800517, 0.00429345946759, 0.00189604563639, 0.00129232241306, 0.00102568161674, 0.0007098451606, 0.000388510903576, 0.000288988201646, 0.000269944546744, 0.000105284263554, 0.000182298797881, 0.000239684828557, 0.000250131299254, 0.000236717183725, 9.97435490717e-05, 7.45346260373e-05, 2.35856932704e-05, 1.1478144188e-05, 1.1785595234e-05, 8.24394555821e-06, 1.43427250805e-05, 6.51567279419e-06, 3.82345115213e-06, 1.92969355339e-06, 1.57500267051e-06, 1.23664603962e-05, 2.960730626e-06, 8.2826554717e-06, 0.000389288004953],
        "mean": [0.000204445648706, 0.000487048906507, 0.000214308325667, 0.000363093015039, 0.000206192722544, 0.000147859595018, 0.000219970926992, 0.000245373725193, 0.000307181966491, 0.000689616426826, 0.00088135903934, 0.000678824668285, 0.000684869126417, 0.000317937607178, 0.00020582403522, 0.000143083772855, 0.000118504030979, 8.31128127174e-05, 5.61043998459e-05, 2.26730062423e-05, 1.85348690138e-05, 2.94221226795e-05, 3.52973729605e-05, 4.12706249335e-05, 3.2379412005e-05, 1.40985121106e-05, 1.08215726868e-05, 6.34504385744e-06, 3.23827566717e-06, 2.99920952784e-06, 2.03978629543e-06, 1.75186266915e-06, 1.32515901896e-06, 8.20330910756e-07, 4.56837540241e-07, 3.39196532195e-07, 4.54095271607e-07, 2.04777350632e-07, 3.14586401373e-07, 8.00530688139e-06],
        "min": [3.74121178481e-10, 8.8321089331e-10, 1.56920485495e-08, 9.29412493633e-08, 1.9055391931e-07, 1.88204637652e-07, 4.04913180319e-07, 2.67718905889e-06, 4.6154359552e-06, 4.71453404316e-07, 4.69487503096e-07, 1.45574688304e-06, 6.35416836303e-06, 5.09342953592e-06, 7.51891434447e-07, 3.95243660023e-06, 3.12005749947e-06, 2.04143179872e-06, 2.85610144601e-06, 1.02470278307e-06, 1.466452062e-07, 7.4447825682e-08, 9.5382517884e-08, 7.15207704616e-07, 8.93661365353e-07, 7.23766845567e-07, 3.85786762536e-07, 2.08131396562e-07, 2.12687979229e-07, 1.56699073273e-07, 1.73661874214e-07, 1.21687008914e-07, 1.07825954387e-07, 1.47956766838e-08, 9.79495684561e-09, 1.6020675897e-09, 1.19328713577e-11, 7.29717826962e-13, 7.91968107847e-13, 4.16832475654e-13],
        "stdev": [0.000336759781931, 0.00087661400903, 0.000369209243217, 0.000716797541827, 0.000442399672465, 0.000276572623989, 0.000631736242212, 0.00072866078699, 0.000406107283197, 0.000620516831987, 0.000823149457574, 0.000609181704931, 0.000601780193392, 0.000255682127317, 0.000170170314959, 0.000124611789943, 9.08905713004e-05, 6.26258988632e-05, 4.34206522186e-05, 2.09478130273e-05, 1.44164641824e-05, 2.33958908211e-05, 2.86505037366e-05, 3.90138047806e-05, 3.46928354702e-05, 9.98028644972e-06, 9.69367465586e-06, 3.48919866155e-06, 1.80007532435e-06, 1.81149141554e-06, 1.50339747051e-06, 1.34088747927e-06, 9.06841876258e-07, 5.65039670164e-07, 3.05488754293e-07, 2.58871267533e-07, 1.09511154278e-06, 3.5997598502e-07, 9.00449151686e-07, 3.42414459737e-05]
    },
    "melbands128": {
        "max": [0.00202477048151, 0.00292192073539, 0.00456786807626, 0.00758855976164, 0.00686437636614, 0.00255286879838, 0.00333491782658, 0.00395561847836, 0.00490067061037, 0.00578639656305, 0.00601779809222, 0.00420824903995, 0.00507493736222, 0.00157835369464, 0.000537865795195, 0.00629441812634, 0.00634551048279, 0.0149756073952, 0.00720251398161, 0.00985994189978, 0.0147829093039, 0.00428583240137, 0.00625936267897, 0.00308590196073, 0.00447531975806, 0.00663184700534, 0.0112386532128, 0.00949838850647, 0.00853141583502, 0.00571126071736, 0.00563638377935, 0.00937983766198, 0.00626693014055, 0.0040632863529, 0.00251557677984, 0.0026981048286, 0.0028184177354, 0.00121263018809, 0.00176708318759, 0.00170358130708, 0.00116993731353, 0.000873593962751, 0.000703285099007, 0.00124600424897, 0.000569638796151, 0.000456622859929, 0.000702326535247, 0.000557811697945, 0.00026003055973, 0.000305710185785, 0.000542500929441, 0.000171182546183, 8.8861612312e-05, 0.000203107279958, 0.000442196847871, 0.000319058861351, 0.000318224250805, 0.000577608938329, 0.00032086900319, 0.000631698581856, 0.00052973680431, 0.000607687863521, 0.000601274659857, 0.000237379397731, 0.00034692362533, 9.33020346565e-05, 0.000175116976607, 0.000119051823276, 0.000134884132422, 3.77571595891e-05, 4.11405235354e-05, 3.22721316479e-05, 2.45656574407e-05, 1.87109526451e-05, 1.74100896402e-05, 2.51003420999e-05, 1.45819749378e-05, 1.72621257661e-05, 1.358389909e-05, 1.61003135872e-05, 2.29202687478e-05, 2.039701576e-05, 1.07671348815e-05, 9.3281860245e-06, 7.10724270903e-06, 7.12098199074e-06, 5.17403623235e-06, 3.78043000637e-06, 2.53131634054e-06, 1.97808731173e-06, 1.37916606491e-06, 2.35210268329e-06, 3.00063015857e-06, 2.63334331976e-05, 6.94824348102e-06, 2.48908349931e-06, 6.67857875669e-06, 9.73728856479e-06, 6.03442458669e-06, 8.63844616106e-06, 6.08863410889e-05, 0.000768687867094, 0.00041205107118, 2.15090367419e-05, 1.01774467112e-05, 8.47759656608e-06, 3.72676640836e-06, 1.25785445562e-05, 4.28139283031e-05, 2.47229909291e-05, 6.57456184854e-05, 7.00227828929e-05, 0.000260951404925, 1.76159028342e-05, 2.66342703981e-05, 1.50204332385e-05, 1.22095498227e-05, 3.52773895429e-05, 2.10184498428e-05, 1.21216153275e-05, 7.90081776358e-06, 1.61157167895e-05, 1.74602137122e-05, 3.43989540852e-07, 2.35448505137e-09, 2.32317498572e-09, 2.30585173178e-09, 2.29077712355e-09],
        "mean": [3.59583136742e-05, 9.71837725956e-05, 0.000190858831047, 0.00055901275482, 0.000680220546201, 0.000307530281134, 0.000130689382786, 0.000162377953529, 0.000364322739188, 0.000437733513536, 0.000340505561326, 0.000211598846363, 0.000236265201238, 0.000102425168734, 6.65337938699e-05, 0.000226697899052, 0.00026461458765, 0.000220422298298, 0.000171258710907, 0.00022650770552, 0.000297116668662, 0.00022565452673, 0.000285853951937, 0.000361744721886, 0.000688982428983, 0.000748027930968, 0.000909236550797, 0.00100693991408, 0.000749972998165, 0.000644123472739, 0.000654522737022, 0.000737933965866, 0.000810423342045, 0.000586233683862, 0.000270412128884, 0.000278723571682, 0.000323237763951, 0.000165583856869, 0.000180604911293, 0.000157560280059, 0.000129038700834, 0.000127432344016, 0.000129688138259, 0.000116273775348, 7.2709422966e-05, 7.2727452789e-05, 0.00010650317563, 5.56795203011e-05, 3.87205946026e-05, 2.90146035695e-05, 2.23423921852e-05, 1.46786360347e-05, 1.15939392344e-05, 2.18044060603e-05, 3.070863022e-05, 2.54191763815e-05, 3.20795043081e-05, 4.07087354688e-05, 3.06438087136e-05, 3.74691589968e-05, 4.1986713768e-05, 4.24800164183e-05, 4.70040722576e-05, 2.60419928964e-05, 1.65470246429e-05, 1.2641736248e-05, 1.38324994623e-05, 1.18593998195e-05, 1.08218991954e-05, 7.7280901678e-06, 7.35186631573e-06, 5.07539562022e-06, 3.4928907553e-06, 2.67196060122e-06, 3.17929152516e-06, 3.49192578142e-06, 2.6996563065e-06, 2.2779304345e-06, 1.90640650999e-06, 1.86171530459e-06, 1.81385212272e-06, 1.69063218891e-06, 1.61301068147e-06, 1.2675209291e-06, 1.13568478355e-06, 9.84902385426e-07, 7.13503084171e-07, 4.85834561914e-07, 4.71958202297e-07, 4.08481469094e-07, 3.3310368508e-07, 3.24776834759e-07, 2.98423600498e-07, 7.1934010748e-07, 3.0616939739e-07, 1.77034792159e-07, 1.98688212549e-07, 2.254028999e-07, 2.08639335142e-07, 2.20734747813e-07, 1.50404252963e-06, 1.46787915583e-05, 9.48754950514e-06, 6.82513757511e-07, 2.09892789371e-07, 8.79770922779e-08, 9.45855376244e-08, 1.89978109688e-07, 1.03266222595e-06, 7.69351629515e-07, 1.55214706865e-06, 1.61941159149e-06, 3.31467663273e-06, 3.26075678458e-07, 5.61889407891e-07, 3.30719160502e-07, 1.69098399283e-07, 3.98090804765e-07, 3.37486596891e-07, 3.10446409912e-07, 2.27075148018e-07, 4.13876875882e-07, 2.47002930109e-07, 4.52694948194e-09, 8.95569816223e-12, 8.5792935256e-12, 8.37595184183e-12, 8.29310578543e-12],
        "min": [1.67594584044e-11, 2.82708301214e-11, 1.28035387847e-10, 2.80926809593e-10, 1.15760367958e-09, 9.00056584818e-10, 8.72080740955e-10, 3.64944718889e-09, 1.28257129361e-08, 2.3654891379e-08, 4.85476263634e-08, 1.29976180929e-08, 4.27715605156e-08, 7.81161588748e-08, 2.68224056299e-08, 4.27258477487e-08, 1.19888667882e-07, 1.04146714364e-07, 1.3289532319e-07, 7.07377012077e-07, 1.45914555105e-06, 2.76034506896e-06, 2.5429053494e-06, 1.04051582639e-06, 5.17978435255e-07, 2.40467869617e-07, 1.82946223504e-07, 8.32695434383e-07, 3.58239418574e-07, 3.07515328757e-08, 8.07128287761e-07, 6.15460930931e-06, 5.33036518391e-06, 7.26841199139e-06, 7.63686239225e-06, 1.74037995748e-06, 1.0995967159e-06, 8.27670191939e-07, 3.37494810765e-07, 1.79319988547e-06, 3.46139245266e-06, 2.54595329352e-06, 1.0930531289e-06, 5.60731621135e-07, 4.42742788209e-07, 1.16657929539e-06, 1.73346552401e-06, 1.21403672892e-06, 1.25889221181e-06, 1.45154126585e-06, 9.86509803624e-07, 4.32631054537e-07, 6.96341402318e-08, 1.06415534162e-07, 8.06552122867e-08, 4.09419769198e-08, 1.13899893961e-07, 7.42253902786e-08, 6.98039457347e-08, 1.57534046252e-07, 6.17774901457e-07, 2.72476512464e-07, 4.68011819521e-07, 7.8599742892e-07, 3.93156597056e-07, 5.65641926187e-07, 5.66226333376e-07, 3.46640632642e-07, 3.40668407262e-07, 9.31903727519e-08, 3.33024360089e-07, 1.80158266971e-07, 7.32200717835e-08, 1.3755952466e-07, 1.78762334713e-07, 1.0361802083e-07, 1.74197467118e-07, 8.66205525085e-08, 6.35989323428e-08, 7.2951813479e-08, 8.51651904554e-08, 5.78541161644e-08, 5.6369785284e-08, 5.42071560972e-08, 2.38958062226e-08, 1.11763993615e-08, 1.46915679622e-08, 1.32783357643e-08, 3.37234240533e-09, 5.98591798351e-09, 2.8395139573e-09, 9.68141816715e-11, 9.83370156138e-12, 9.63611915955e-12, 7.98171045317e-13, 8.29125451022e-13, 6.02413193114e-13, 7.87650164275e-13, 6.85223416636e-13, 3.03515377978e-13, 3.68989967704e-13, 4.19843955608e-13, 4.20973097961e-13, 2.73076022515e-13, 2.51206092603e-13, 3.11869806239e-13, 3.71416764532e-13, 2.66577070748e-13, 2.09746255737e-13, 2.30668023744e-13, 3.06816583858e-13, 3.08797150177e-13, 2.41027873658e-13, 1.81806840091e-13, 2.31408506723e-13, 2.81043851386e-13, 2.12158090575e-13, 2.32672198565e-13, 2.94313455985e-13, 2.61340645305e-13, 2.73737087685e-13, 1.90116951587e-13, 2.46769374683e-13, 1.9116136354e-13, 1.94008356472e-13, 7.45012639905e-14, 9.55087161566e-15, 4.27534268533e-16],
        "stdev": [0.000133098277729, 0.000273982906947, 0.000430918327766, 0.000987911480479, 0.00135647028219, 0.000548391602933, 0.000359411584213, 0.000358335411875, 0.000792624196038, 0.000951904105023, 0.000820970861241, 0.000525195384398, 0.000674572947901, 0.000224385818001, 9.57158481469e-05, 0.000555254810024, 0.000667793210596, 0.00102461175993, 0.000580523221288, 0.00079926662147, 0.00110174273141, 0.000513904669788, 0.00062725454336, 0.000397500756662, 0.000756316469051, 0.000899494392797, 0.00122159800958, 0.00108888011891, 0.000834613631014, 0.000690085696988, 0.000835534418002, 0.000843262299895, 0.000831010460388, 0.000621975283138, 0.000311106239678, 0.000312906864565, 0.000410769222071, 0.000178714690264, 0.000215473919525, 0.000173698965227, 0.000149131941725, 0.000143808327266, 0.000119087533676, 0.000117945921374, 7.3398812674e-05, 6.73386020935e-05, 0.000120537188195, 6.19340789854e-05, 3.4440185118e-05, 3.11366238748e-05, 3.81723439205e-05, 1.68251408468e-05, 1.13709857033e-05, 2.38649863604e-05, 4.00674725825e-05, 3.07427144435e-05, 3.51023591065e-05, 5.92312972003e-05, 2.98192771879e-05, 5.93976765231e-05, 5.57851781195e-05, 5.78622384637e-05, 7.82695060479e-05, 3.12030642817e-05, 2.64289046754e-05, 1.10337286969e-05, 1.3508549273e-05, 1.36500602821e-05, 1.53270848386e-05, 5.93819049755e-06, 5.61099932384e-06, 3.87968111681e-06, 2.67618656835e-06, 2.25751887228e-06, 2.44851025855e-06, 2.53110488302e-06, 2.37398739955e-06, 2.35677907767e-06, 1.66142945091e-06, 1.68483086327e-06, 1.80507470304e-06, 1.76055846168e-06, 1.44289890613e-06, 1.0946778275e-06, 9.78041271082e-07, 8.73247927302e-07, 6.64609899559e-07, 4.45360598178e-07, 3.60790266996e-07, 3.18588178061e-07, 2.64845652964e-07, 3.01965684457e-07, 3.89944062817e-07, 2.17963997784e-06, 6.67254312248e-07, 2.60107839267e-07, 4.60168166683e-07, 6.74870648254e-07, 5.25832092535e-07, 7.27099006781e-07, 6.09030166743e-06, 6.49664361845e-05, 3.92251458834e-05, 2.45939781962e-06, 7.53821041144e-07, 4.87259569582e-07, 4.06570734413e-07, 8.88697229584e-07, 4.45328805654e-06, 3.01039221995e-06, 7.16972090231e-06, 7.28497343516e-06, 2.1371357434e-05, 1.45211038216e-06, 2.52702579928e-06, 1.49751519984e-06, 7.76959325322e-07, 2.12127747545e-06, 1.59793796684e-06, 1.32235834371e-06, 9.91698925645e-07, 1.92573838831e-06, 1.4518517446e-06, 2.99112095092e-08, 1.00310086626e-10, 9.89780341021e-11, 9.82414080641e-11, 9.75989289387e-11]
    },
    "mfcc": {
        "mean": [-628.776672363, 113.866348267, -74.5958023071, -8.81307506561, -36.5056495667, 1.37063229084, 4.89798116684, 20.7930049896, -1.48137557507, 6.39817333221, 1.03187966347, -3.30062556267, -9.02527713776],
        "cov": [[617.26965332, 490.035003662, 431.421813965, 382.52557373, 319.489196777, 224.613388062, 170.355163574, 121.296066284, 39.0961456299, 77.4807357788, 34.7633285522, 63.5976715088, 24.1705093384], [490.035003662, 2307.80786133, 863.119384766, 1518.70349121, 389.492980957, 534.669128418, -194.908096313, 73.4576187134, -266.063446045, 44.0761108398, -204.490829468, 185.994064331, 113.399719238], [431.421813965, 863.119384766, 1403.84521484, 632.186889648, 842.285461426, 138.859725952, 208.689804077, -226.061965942, -7.13216114044, -135.907272339, 22.9739665985, -2.82424449921, 205.435028076], [382.52557373, 1518.70349121, 632.186889648, 1115.8605957, 318.070556641, 416.502227783, -100.838272095, 95.1333618164, -145.899597168, 61.3995552063, -116.33039856, 112.705863953, 64.611618042], [319.489196777, 389.492980957, 842.285461426, 318.070556641, 600.922668457, 107.604957581, 221.773513794, -103.314590454, 54.7989501953, -65.8485183716, 56.3062553406, -21.6178436279, 119.752006531], [224.613388062, 534.669128418, 138.859725952, 416.502227783, 107.604957581, 323.163848877, 59.654460907, 169.767440796, -4.96257781982, 115.95790863, -18.9249610901, 43.1594963074, -14.3188447952], [170.355163574, -194.908096313, 208.689804077, -100.838272095, 221.773513794, 59.654460907, 288.778503418, 52.2233657837, 135.611373901, 36.0541687012, 97.4437255859, -41.1476554871, 10.1825885773], [121.296066284, 73.4576187134, -226.061965942, 95.1333618164, -103.314590454, 169.767440796, 52.2233657837, 227.24861145, 47.9188423157, 137.062393188, 9.1496257782, 28.9507751465, -75.1511001587], [39.0961456299, -266.063446045, -7.13216114044, -145.899597168, 54.7989501953, -4.96257781982, 135.611373901, 47.9188423157, 133.501464844, 42.1636695862, 75.0142745972, -33.9105453491, -8.12690544128], [77.4807357788, 44.0761108398, -135.907272339, 61.3995552063, -65.8485183716, 115.95790863, 36.0541687012, 137.062393188, 42.1636695862, 136.998718262, 24.1534328461, 29.6925411224, -39.9343605042], [34.7633285522, -204.490829468, 22.9739665985, -116.33039856, 56.3062553406, -18.9249610901, 97.4437255859, 9.1496257782, 75.0142745972, 24.1534328461, 95.6875305176, -16.0502243042, 19.2262229919], [63.5976715088, 185.994064331, -2.82424449921, 112.705863953, -21.6178436279, 43.1594963074, -41.1476554871, 28.9507751465, -33.9105453491, 29.6925411224, -16.0502243042, 85.6889343262, 16.3833866119], [24.1705093384, 113.399719238, 205.435028076, 64.611618042, 119.752006531, -14.3188447952, 10.1825885773, -75.1511001587, -8.12690544128, -39.9343605042, 19.2262229919, 16.3833866119, 108.715820312]],
        "icov": [[0.00404272833839, -0.000395014154492, -0.000639238860458, 0.000222365619265, -0.00195162976161, 0.000911168812308, -0.000710871536285, -0.00366089330055, 0.00113032246009, -0.000150489009684, -0.000920989608858, -0.00236581848003, 0.000943328836001], [-0.000395014154492, 0.00581920426339, -0.000481522321934, -0.00730405654758, 0.00183031405322, -0.00070878455881, -0.00158461777028, 0.00175260205287, 0.00185157719534, 0.000300308340229, 0.00247094221413, -0.0019259135006, -0.00137883273419], [-0.000639238860458, -0.000481522321934, 0.00890126638114, -0.00253540300764, -0.00890600029379, 0.00113665102981, -0.00212812284008, 0.00626175198704, -3.24996653944e-05, -0.000894767930731, 0.0014003891265, -0.000107305844722, -0.000744032848161], [0.000222365619265, -0.00730405654758, -0.00253540300764, 0.015172877349, -0.0030180036556, -0.00368938432075, 0.00756990211084, -0.00627011060715, -0.000702423334587, -0.000820138840936, -0.00175977370236, 0.00202445010655, 0.000790347403381], [-0.00195162976161, 0.00183031405322, -0.00890600029379, -0.0030180036556, 0.0201855394989, -0.00353775243275, -0.00569246057421, 0.00368369882926, -0.00369337829761, 0.00464201765135, -0.00203355541453, 0.000749402446672, -0.000797675631475], [0.000911168812308, -0.00070878455881, 0.00113665102981, -0.00368938432075, -0.00353775243275, 0.0165579486638, -0.00415398273617, -0.00892958603799, 0.00508707202971, -0.00619133887812, 0.00217813812196, 0.00244753365405, -0.00177238043398], [-0.000710871536285, -0.00158461777028, -0.00212812284008, 0.00756990211084, -0.00569246057421, -0.00415398273617, 0.0174819231033, -0.00711297430098, -0.00530662434176, 0.000749333237763, -0.00381824281067, 0.00218050228432, 0.000727520848159], [-0.00366089330055, 0.00175260205287, 0.00626175198704, -0.00627011060715, 0.00368369882926, -0.00892958603799, -0.00711297430098, 0.032171562314, -0.00792854651809, -0.00598251074553, 0.00218101567589, -0.00326981535181, 0.00586796598509], [0.00113032246009, 0.00185157719534, -3.24996653944e-05, -0.000702423334587, -0.00369337829761, 0.00508707202971, -0.00530662434176, -0.00792854651809, 0.0263807214797, -0.00637201126665, -0.00585644692183, 0.00463089719415, -0.00197985814884], [-0.000150489009684, 0.000300308340229, -0.000894767930731, -0.000820138840936, 0.00464201765135, -0.00619133887812, 0.000749333237763, -0.00598251074553, -0.00637201126665, 0.0253806505352, -0.00721582211554, -0.00602263398468, 0.00279446900822], [-0.000920989608858, 0.00247094221413, 0.0014003891265, -0.00175977370236, -0.00203355541453, 0.00217813812196, -0.00381824281067, 0.00218101567589, -0.00585644692183, -0.00721582211554, 0.0268250070512, 0.000128854793729, -0.0074326172471], [-0.00236581848003, -0.0019259135006, -0.000107305844722, 0.00202445010655, 0.000749402446672, 0.00244753365405, 0.00218050228432, -0.00326981535181, 0.00463089719415, -0.00602263398468, 0.000128854793729, 0.0212390031666, -0.00652275700122], [0.000943328836001, -0.00137883273419, -0.000744032848161, 0.000790347403381, -0.000797675631475, -0.00177238043398, 0.000727520848159, 0.00586796598509, -0.00197985814884, 0.00279446900822, -0.0074326172471, -0.00652275700122, 0.019172327593]]
    },
    "spectral_contrast_coeffs": {
        "max": [-0.468419611454, -0.503743231297, -0.651273846626, -0.702804505825, -0.685370624065, -0.450290173292],
        "mean": [-0.751797795296, -0.711349368095, -0.75966322422, -0.794978618622, -0.773390114307, -0.677648484707],
        "min": [-0.913106441498, -0.880441486835, -0.877721309662, -0.869023799896, -0.845757603645, -0.884840130806],
        "stdev": [0.0845839604735, 0.0690138339996, 0.0444055497646, 0.0295534804463, 0.0279482770711, 0.0628989487886]
    },
    "spectral_contrast_valleys": {
        "max": [-5.53013944626, -5.17803192139, -4.81838178635, -5.93513345718, -6.37521648407, -8.96905231476],
        "mean": [-8.09274101257, -6.78166151047, -5.83236789703, -6.75281763077, -6.99577903748, -11.1269397736],
        "min": [-12.1843042374, -8.43650054932, -8.89990329742, -8.57221317291, -8.77362155914, -16.0376262665],
        "stdev": [1.52936387062, 0.662635445595, 0.465856790543, 0.355844855309, 0.320922285318, 1.06885910034]
    }
},
"rhythm": {
    "beats_count": 28,
    "beats_loudness": {
        "max": 0.0547067523003,
        "mean": 0.0339058861136,
        "min": 0.0126703651622,
        "stdev": 0.01140117459
    },
    "bpm": 129.861801147,
    "bpm_histogram_first_peak_bpm": 129,
    "bpm_histogram_first_peak_weight": 0.200000047684,
    "bpm_histogram_second_peak_bpm": 148,
    "bpm_histogram_second_peak_spread": 0.25,
    "bpm_histogram_second_peak_weight": 0.222222223878,
    "danceability": 0.791623830795,
    "onset_rate": 0.0783738046885,
    "beats_loudness_band_ratio": {
        "max": [0.379926502705, 0.469580680132, 0.791537880898, 0.811770379543, 0.206511631608, 0.533751428127],
        "mean": [0.0619310811162, 0.0690787658095, 0.296911031008, 0.476318567991, 0.106944657862, 0.0504226051271],
        "min": [1.15332240966e-05, 0.000268374627922, 0.057929135859, 0.104451783001, 0.0265828296542, 0.008505159989],
        "stdev": [0.101743660867, 0.126225158572, 0.165867179632, 0.203601941466, 0.0449060834944, 0.0965541899204]
    },
    "beats_position": [0.394739210606, 0.789478421211, 1.19582760334, 1.60217678547, 2.00852608681, 2.41487526894, 2.82122445107, 3.21596360207, 3.62231278419, 3.99383211136, 4.37696123123, 4.841360569, 5.2941493988, 5.73532867432, 6.17650794983, 6.64090681076, 7.10530614853, 7.56970500946, 8.03410434723, 8.48689365387, 8.93968200684, 9.4040813446, 9.86848068237, 10.3328800201, 10.7972784042, 11.261677742, 11.7260770798, 12.1904764175],
