{
"metadata": {
    "version": {
        "essentia": "2.1-beta5",
        "essentia_git_sha": "Undefined",
        "extractor": "music 2.0"
    },
    "audio_properties": {
        "analysis": {
            "equal_loudness": 0,
            "length": 29.0597724915,
            "sample_rate": 44100,
            "start_time": 175.240997314,
            "downmix": "mix"
        },
        "bit_rate": 192000,
        "length": 204.324005127,
        "lossless": 0,
        "number_channels": 2,
        "replay_gain": -6.79301071167,
        "sample_rate": 48000,
        "codec": "mp3",
        "md5_encoded": "80967d3550f3ba1f5bacff0a93d86c97"
    },
    "tags": {
        "file_name": "Netherlands_Arcade_Duncan Laurence.mp3",
        "encoding": ["Lavf58.29.100"]
    }
},
"lowlevel": {
    "average_loudness": 0.74935233593,
    "barkbands_crest": {
        "max": 25.2805271149,
        "mean": 12.3002443314,
        "min": 3.40307378769,
        "stdev": 5.09743833542
    },
    "barkbands_flatness_db": {
        "max": 0.481572687626,
        "mean": 0.252622455359,
        "min": 0.055845066905,
        "stdev": 0.0655253082514
    },
    "barkbands_kurtosis": {
        "max": 67.6518554688,
        "mean": 5.82183551788,
        "min": -1.47861778736,
        "stdev": 8.31213855743
    },
    "barkbands_skewness": {
        "max": 7.54476928711,
        "mean": 1.82426571846,
        "min": -1.37990272045,
        "stdev": 1.21014785767
    },
    "barkbands_spread": {
        "max": 65.2208023071,
        "mean": 8.99178314209,
        "min": 0.582780003548,
        "stdev": 5.33714962006
    },
    "dissonance": {
        "max": 0.499993979931,
        "mean": 0.462375402451,
        "min": 0.250792086124,
        "stdev": 0.0424484945834
    },
    "dynamic_complexity": 3.90381026268,
    "erbbands_crest": {
        "max": 29.5045719147,
        "mean": 12.2863674164,
        "min": 2.96250247955,
        "stdev": 5.43775081635
    },
    "erbbands_flatness_db": {
        "max": 0.48264721036,
        "mean": 0.312982082367,
        "min": 0.079384110868,
        "stdev": 0.0593163631856
    },
    "erbbands_kurtosis": {
        "max": 21.7904434204,
        "mean": 2.36521530151,
        "min": -1.63630783558,
        "stdev": 3.43229603767
    },
    "erbbands_skewness": {
        "max": 4.31539201736,
        "mean": 1.26143288612,
        "min": -1.74449133873,
        "stdev": 0.820257663727
    },
    "erbbands_spread": {
        "max": 105.28452301,
        "mean": 17.4675426483,
        "min": 2.66265320778,
        "stdev": 9.88211536407
    },
    "hfc": {
        "max": 111.294845581,
        "mean": 20.7032985687,
        "min": 0.217157483101,
        "stdev": 15.8951225281
    },
    "loudness_ebu128": {
        "integrated": -16.8359127045,
        "loudness_range": 6.03183555603,
        "momentary": {
            "max": -12.9923152924,
            "mean": -19.1434059143,
            "min": -34.0579147339,
            "stdev": 5.05913972855
        },
        "short_term": {
            "max": -14.4742078781,
            "mean": -17.8881874084,
            "min": -28.916934967,
            "stdev": 2.63188099861
        }
    },
    "melbands_crest": {
        "max": 33.2861824036,
        "mean": 15.3638000488,
        "min": 3.61809968948,
        "stdev": 6.39012527466
    },
    "melbands_flatness_db": {
        "max": 0.575400054455,
        "mean": 0.230940416455,
        "min": 0.0829057320952,
        "stdev": 0.0732993707061
    },
    "melbands_kurtosis": {
        "max": 107.883476257,
        "mean": 11.0608444214,
        "min": -1.53085803986,
        "stdev": 12.6283569336
    },
    "melbands_skewness": {
        "max": 8.82961177826,
        "mean": 2.33498311043,
        "min": -0.856875121593,
        "stdev": 1.31651031971
    },
    "melbands_spread": {
        "max": 90.1400680542,
        "mean": 13.1981296539,
        "min": 0.932092666626,
        "stdev": 8.50609111786
    },
    "pitch_salience": {
        "max": 0.893307626247,
        "mean": 0.588781356812,
        "min": 0.143766596913,
        "stdev": 0.150885224342
    },
    "silence_rate_20dB": {
        "max": 1,
        "mean": 1,
        "min": 1,
        "stdev": 0
    },
    "silence_rate_30dB": {
        "max": 1,
        "mean": 1,
        "min": 1,
        "stdev": 0
    },
    "silence_rate_60dB": {
        "max": 1,
        "mean": 0.170790106058,
        "min": 0,
        "stdev": 0.376330733299
    },
    "spectral_centroid": {
        "max": 3455.87792969,
        "mean": 1407.77539062,
        "min": 374.614959717,
        "stdev": 506.369049072
    },
    "spectral_complexity": {
        "max": 51,
        "mean": 17.5818042755,
        "min": 0,
        "stdev": 10.2941226959
    },
    "spectral_decrease": {
        "max": -4.69054309282e-11,
        "mean": -5.21383780594e-09,
        "min": -2.92301862714e-08,
        "stdev": 4.10783096427e-09
    },
    "spectral_energy": {
        "max": 0.119641527534,
        "mean": 0.0215560998768,
        "min": 0.000204997530091,
        "stdev": 0.0167691837996
    },
    "spectral_energyband_high": {
        "max": 0.00441461429,
        "mean": 0.000284223759081,
        "min": 3.83973741691e-07,
        "stdev": 0.000323357235175
    },
    "spectral_energyband_low": {
        "max": 0.0363199971616,
        "mean": 0.000458965951111,
        "min": 1.79086900864e-09,
        "stdev": 0.00266432878561
    },
    "spectral_energyband_middle_high": {
        "max": 0.105767600238,
        "mean": 0.0108693679795,
        "min": 0.000108084197564,
        "stdev": 0.0119483200833
    },
    "spectral_energyband_middle_low": {
        "max": 0.105259671807,
        "mean": 0.0105475895107,
        "min": 2.67460545729e-05,
        "stdev": 0.011257073842
    },
    "spectral_entropy": {
        "max": 8.62129211426,
        "mean": 7.32778453827,
        "min": 5.13344097137,
        "stdev": 0.503768146038
    },
    "spectral_flux": {
        "max": 0.228053659201,
        "mean": 0.0743179544806,
        "min": 0.00861165579408,
        "stdev": 0.0375497974455
    },
    "spectral_kurtosis": {
        "max": 99.6024856567,
        "mean": 5.47741603851,
        "min": -0.446016550064,
        "stdev": 5.59281682968
    },
    "spectral_rms": {
        "max": 0.0108038624749,
        "mean": 0.00416144449264,
        "min": 0.000447210884886,
        "stdev": 0.00192684459034
    },
    "spectral_rolloff": {
        "max": 5641.69921875,
        "mean": 1476.89001465,
        "min": 107.666015625,
        "stdev": 678.806335449
    },
    "spectral_skewness": {
        "max": 8.05099582672,
        "mean": 1.54592561722,
        "min": 0.183247506618,
        "stdev": 0.541872084141
    },
    "spectral_spread": {
        "max": 17783842,
        "mean": 2942475.75,
        "min": 1122617.5,
        "stdev": 741706
    },
    "spectral_strongpeak": {
        "max": 12.7046308517,
        "mean": 1.78344666958,
        "min": 0.0233888588846,
        "stdev": 1.38310706615
    },
    "zerocrossingrate": {
        "max": 0.126953125,
        "mean": 0.0556827671826,
        "min": 0.0146484375,
        "stdev": 0.019134297967
    },
    "barkbands": {
        "max": [0.000665114785079, 0.0323667302728, 0.0113738141954, 0.012366021052, 0.0154702793807, 0.0314642600715, 0.0670376345515, 0.0883340761065, 0.0428125597537, 0.0917463302612, 0.0129883261397, 0.00850179698318, 0.00980698224157, 0.00583645375445, 0.00605810247362, 0.00226277951151, 0.00293721002527, 0.00183265574742, 0.00472049368545, 0.00210254313424, 0.00229028356262, 0.000621245475486, 0.000510662328452, 0.000601728679612, 0.000638351484668, 0.00076250260463, 1.23920390251e-05],
        "mean": [6.49047706247e-06, 0.00032722344622, 0.000109561879071, 5.07680706505e-05, 0.000170509461896, 0.000814660685137, 0.00355622754432, 0.00157187588047, 0.00338733545505, 0.00577809242532, 0.00123094138689, 0.000824739050586, 0.000930530601181, 0.00086526281666, 0.000506880343892, 0.000171852210769, 0.000269762327662, 0.000258492102148, 0.000370842666598, 0.000131868160679, 0.000111457127787, 6.20513383183e-05, 2.98922695947e-05, 1.18920324894e-05, 5.16272712048e-06, 1.70630687535e-06, 2.20519300598e-08],
        "min": [9.85077124038e-12, 4.43680092665e-10, 2.48799703062e-10, 1.2861862686e-09, 9.2263917395e-08, 1.53457520469e-07, 9.63097136264e-07, 9.62356125456e-07, 4.91231503474e-06, 3.07321988657e-06, 6.25565007795e-07, 3.68147607333e-06, 5.2661398513e-06, 6.01448505222e-07, 5.98358553816e-07, 4.21677270879e-07, 7.88656620898e-07, 4.77297362522e-07, 4.05694947858e-07, 1.76394525653e-08, 3.6014273519e-07, 3.23417015391e-10, 1.77673403767e-10, 5.2593093075e-11, 2.00228219421e-11, 2.34393702364e-11, 3.11969998446e-11],
        "stdev": [5.14579223818e-05, 0.00202564755455, 0.00066938175587, 0.000389003718738, 0.000722759054042, 0.00299320742488, 0.00848299916834, 0.005700211972, 0.00473554013297, 0.00932914949954, 0.00157162453979, 0.00101829785854, 0.00110380386468, 0.000982179073617, 0.000589557923377, 0.00021995275165, 0.000295851001283, 0.000292007636745, 0.000393279420678, 0.000188828882528, 0.000135081980261, 6.8727415055e-05, 3.70709021809e-05, 2.7881733331e-05, 2.47828429565e-05, 2.35062616412e-05, 3.81583191711e-07]
    },
    "erbbands": {
        "max": [0.845459580421, 7.26664924622, 16.4098205566, 22.651216507, 49.5680465698, 61.4222946167, 101.625762939, 371.206298828, 734.995666504, 1843.3515625, 1687.54821777, 1117.20849609, 990.397888184, 3327.17138672, 515.542480469, 326.862091064, 433.023132324, 241.508651733, 391.905578613, 136.723831177, 66.4530258179, 146.81388855, 92.808883667, 214.123428345, 195.261505127, 109.679016113, 76.0615005493, 105.012664795, 28.2641391754, 20.8059883118, 14.5365257263, 15.6611032486, 7.98170137405, 5.56003379822, 6.25169277191, 5.76561975479, 0.365283310413, 0.0529603436589, 0.00183077156544, 0.000141714859637],
        "mean": [0.00549967167899, 0.0828057304025, 0.174644589424, 0.11708971113, 0.286013126373, 0.642379701138, 2.11096286774, 8.58612251282, 44.2582473755, 47.802482605, 37.879699707, 78.7508392334, 121.485931396, 158.236526489, 50.7592468262, 34.3186607361, 41.7237625122, 43.8136367798, 38.0212097168, 16.9227542877, 9.92225170135, 14.9334383011, 14.3941917419, 15.5079174042, 17.5755558014, 6.83969163895, 4.33696269989, 4.44731807709, 2.44497275352, 1.24103367329, 0.848996520042, 0.336135059595, 0.157544702291, 0.0699314326048, 0.0319196507335, 0.0130836004391, 0.00146389217116, 0.000146605249029, 1.6804497136e-05, 2.62636895059e-05],
        "min": [8.32196036527e-08, 5.34212404091e-07, 2.23606480176e-06, 9.07640969672e-06, 5.28667151229e-05, 0.000423035904532, 0.000853800273035, 0.00255306949839, 0.0116253430024, 0.0250588115305, 0.079361744225, 0.140538662672, 0.265113145113, 0.189968779683, 0.193566024303, 0.34862279892, 0.408397167921, 0.135611340404, 0.0655778869987, 0.0418533608317, 0.0380972884595, 0.0486074127257, 0.033623047173, 0.0172404870391, 0.0141986068338, 0.00257503823377, 0.0166455674917, 0.00644128909335, 0.000507100136019, 4.04471829825e-05, 1.5694540707e-05, 1.30995003929e-05, 1.19123124023e-05, 2.82877863356e-06, 1.21301582112e-06, 7.2449313393e-07, 3.8701784888e-07, 1.43748863479e-07, 1.99562236958e-07, 2.84323363076e-07],
        "stdev": [0.0418009087443, 0.506173431873, 1.04302048683, 0.772947013378, 1.90835833549, 2.66241979599, 7.82097434998, 28.0289611816, 112.077453613, 146.619674683, 95.2705841064, 113.750564575, 158.593887329, 298.072631836, 64.1758880615, 39.1623039246, 48.0651245117, 47.1158256531, 44.4524154663, 18.9031028748, 10.6265554428, 16.0423316956, 15.6650848389, 17.453830719, 20.0357437134, 9.58829879761, 5.17774820328, 5.78865480423, 2.81487727165, 1.40372347832, 1.12845873833, 0.729805588722, 0.370799362659, 0.214510604739, 0.243159726262, 0.177253082395, 0.0150144053623, 0.00173527363222, 5.83988585277e-05, 1.99821261049e-05]
    },
    "gfcc": {
        "mean": [-101.450378418, 62.8171653748, -237.923629761, -16.179599762, -104.67301178, -6.74811792374, -21.4291553497, -6.89727067947, -14.0296316147, -17.6577014923, -6.56028652191, -17.6976966858, -4.45505332947],
        "cov": [[3948.6953125, -1152.14990234, -144.505203247, -64.5089950562, -126.17741394, 388.532592773, -107.649658203, 435.75793457, -279.152191162, -5.32260656357, -293.976348877, -235.727386475, 0.508120119572], [-1152.14990234, 2444.72143555, 1667.6484375, 694.876464844, 131.514831543, -716.412414551, 224.689178467, -523.113525391, 306.852050781, 218.812194824, 448.359863281, 302.700927734, 14.542224884], [-144.505203247, 1667.6484375, 2142.93041992, 868.776977539, 267.398406982, -287.641387939, -75.647354126, -135.383544922, -22.9069309235, 423.127258301, 186.740493774, 317.29083252, -46.1248779297], [-64.5089950562, 694.876464844, 868.776977539, 636.184875488, 264.29901123, -1.14872360229, -6.00565767288, -9.91261959076, 2.87061142921, 155.753311157, 42.6940193176, 84.6628570557, -13.4806699753], [-126.17741394, 131.514831543, 267.398406982, 264.29901123, 375.819641113, 224.281173706, 25.2826194763, 115.561592102, -4.98926973343, 52.2689857483, -133.629501343, 18.6834430695, -51.2923049927], [388.532592773, -716.412414551, -287.641387939, -1.14872360229, 224.281173706, 551.012756348, -29.7740840912, 325.777038574, -108.912353516, -37.9057426453, -233.823776245, -143.911056519, -26.9374160767], [-107.649658203, 224.689178467, -75.647354126, -6.00565767288, 25.2826194763, -29.7740840912, 384.126281738, -12.7530832291, 155.127120972, -13.662894249, 61.2524223328, -14.9765701294, -1.4250433445], [435.75793457, -523.113525391, -135.383544922, -9.91261959076, 115.561592102, 325.777038574, -12.7530832291, 290.890228271, -78.7125778198, 22.525384903, -162.595321655, -85.4339675903, -24.0262489319], [-279.152191162, 306.852050781, -22.9069309235, 2.87061142921, -4.98926973343, -108.912353516, 155.127120972, -78.7125778198, 182.420272827, -23.1579265594, 88.3589782715, -0.101705282927, 5.12604570389], [-5.32260656357, 218.812194824, 423.127258301, 155.753311157, 52.2689857483, -37.9057426453, -13.662894249, 22.525384903, -23.1579265594, 183.678466797, 14.9075632095, 81.3515930176, -21.9110507965], [-293.976348877, 448.359863281, 186.740493774, 42.6940193176, -133.629501343, -233.823776245, 61.2524223328, -162.595321655, 88.3589782715, 14.9075632095, 227.692810059, 65.5904388428, 39.1702270508], [-235.727386475, 302.700927734, 317.29083252, 84.6628570557, 18.6834430695, -143.911056519, -14.9765701294, -85.4339675903, -0.101705282927, 81.3515930176, 65.5904388428, 148.377349854, 3.03886914253], [0.508120119572, 14.542224884, -46.1248779297, -13.4806699753, -51.2923049927, -26.9374160767, -1.4250433445, -24.0262489319, 5.12604570389, -21.9110507965, 39.1702270508, 3.03886914253, 71.7059020996]],
        "icov": [[0.000437054579379, 0.000501929898746, -0.000540440436453, -7.47587691876e-05, 0.000174235698069, 0.000517913256772, -0.00031588395359, -0.000285336165689, 0.000133621811983, 0.000380833895179, 0.000293092365609, 0.00082155643031, -0.000337376550306], [0.000501929898746, 0.00730541720986, -0.00535403145477, 0.00083588110283, -0.00572219956666, 0.00483119115233, -0.00194620143156, 0.00491511821747, -0.0035812491551, 0.00185173144564, -0.00372320367023, 0.00559184094891, -0.00282330391929], [-0.000540440436453, -0.00535403145477, 0.00607002014294, -0.00253345863894, 0.00373054924421, -0.00310277892277, 0.00176186056342, -0.00342801818624, 0.00293438811786, -0.00356737407856, 0.00160965300165, -0.00556000415236, 0.00296370615251], [-7.47587691876e-05, 0.00083588110283, -0.00253345863894, 0.00598924001679, -0.00519755110145, 0.00118709472008, -5.60576154385e-05, 0.00093877594918, 0.000480621325551, -0.000430758023867, -0.00284636463039, 0.00406101997942, -0.00241438997909], [0.000174235698069, -0.00572219956666, 0.00373054924421, -0.00519755110145, 0.0168650224805, -0.00926489755511, 0.000687203661073, -0.00258072698489, -0.00145859841723, 0.000616457022261, 0.0104350717738, -0.0106489993632, 0.00535769155249], [0.000517913256772, 0.00483119115233, -0.00310277892277, 0.00118709472008, -0.00926489755511, 0.0135975945741, -0.00135677575599, -0.00459448993206, 0.00142112735193, 0.00244232965633, -0.00353038613684, 0.00879407580942, -0.00364121189341], [-0.00031588395359, -0.00194620143156, 0.00176186056342, -5.60576154385e-05, 0.000687203661073, -0.00135677575599, 0.00485587492585, -0.00196584220976, -0.00279381824657, -0.00105762842577, -0.000261435692664, -0.00163881317712, 0.001028212253], [-0.000285336165689, 0.00491511821747, -0.00342801818624, 0.00093877594918, -0.00258072698489, -0.00459448993206, -0.00196584220976, 0.0179474893957, -0.0030916123651, -0.00390725536272, 0.000214498475543, 0.00440278695896, -0.00189753982704], [0.000133621811983, -0.0035812491551, 0.00293438811786, 0.000480621325551, -0.00145859841723, 0.00142112735193, -0.00279381824657, -0.0030916123651, 0.0151427146047, -0.000629205082078, -0.00275576720014, 0.00201705750078, 0.00124745594803], [0.000380833895179, 0.00185173144564, -0.00356737407856, -0.000430758023867, 0.000616457022261, 0.00244232965633, -0.00105762842577, -0.00390725536272, -0.000629205082078, 0.0140819586813, 0.000172604806721, -0.00319526367821, 0.00166342174634], [0.000293092365609, -0.00372320367023, 0.00160965300165, -0.00284636463039, 0.0104350717738, -0.00353038613684, -0.000261435692664, 0.000214498475543, -0.00275576720014, 0.000172604806721, 0.0170597434044, -0.00600772025064, -0.00135665084235], [0.00082155643031, 0.00559184094891, -0.00556000415236, 0.00406101997942, -0.0106489993632, 0.00879407580942, -0.00163881317712, 0.00440278695896, 0.00201705750078, -0.00319526367821, -0.00600772025064, 0.0229737181216, -0.00563636887819], [-0.000337376550306, -0.00282330391929, 0.00296370615251, -0.00241438997909, 0.00535769155249, -0.00364121189341, 0.001028212253, -0.00189753982704, 0.00124745594803, 0.00166342174634, -0.00135665084235, -0.00563636887819, 0.0192215815187]]
    },
    "melbands": {
        "max": [0.00839875824749, 0.00741029763594, 0.00521171372384, 0.00373158650473, 0.00304633472115, 0.00751205161214, 0.0103834131733, 0.0222869180143, 0.0126091968268, 0.00604137917981, 0.00554261682555, 0.0145721798763, 0.00203900737688, 0.0012310341699, 0.00114336481784, 0.0011839477811, 0.000477779511129, 0.000625038577709, 0.000226042364375, 0.000210107129533, 9.78032767307e-05, 0.000131936059915, 0.000163894816069, 8.87002970558e-05, 0.000191465194803, 0.000197165936697, 8.15126913949e-05, 8.09423290775e-05, 4.90650891152e-05, 5.20650210092e-05, 6.10948336544e-05, 1.70351759152e-05, 1.31540737129e-05, 1.08589802039e-05, 7.70012229623e-06, 8.97293284652e-06, 1.22797209769e-05, 6.41270071355e-06, 2.85120904664e-06, 5.83026439926e-06],
        "mean": [6.91270615789e-05, 9.98115719995e-05, 2.65416165348e-05, 3.18711499858e-05, 6.57079799566e-05, 0.000198887952138, 0.00070261862129, 0.00048150747898, 0.000336491590133, 0.000497582950629, 0.000632250390481, 0.00070274353493, 0.000168908853084, 9.80639015324e-05, 9.27170694922e-05, 8.96949204616e-05, 8.0666737631e-05, 6.70490408083e-05, 3.18047168548e-05, 1.41359769259e-05, 1.13189962576e-05, 1.52065267685e-05, 1.50863870658e-05, 1.18669131552e-05, 1.20089898701e-05, 1.62230426213e-05, 6.84760516378e-06, 3.98294105253e-06, 2.52561130765e-06, 2.88580827146e-06, 2.43341537498e-06, 1.50748803662e-06, 8.71090151122e-07, 6.03455703185e-07, 5.74988234803e-07, 2.60434319443e-07, 1.80271612749e-07, 1.1800710098e-07, 7.49418234136e-08, 5.37289039926e-08],
        "min": [1.15317089211e-10, 2.52006554513e-10, 7.8636508416e-10, 1.34646693795e-08, 2.77463101384e-08, 3.91069185923e-08, 1.66377063238e-07, 2.85482769868e-07, 5.15211922902e-07, 7.7019484479e-07, 1.05442336462e-06, 6.439585718e-07, 1.9230168391e-07, 4.20640560606e-07, 5.85643590512e-07, 4.15850621494e-07, 6.01348943974e-08, 8.27489969879e-08, 4.31996944883e-08, 2.7331330088e-08, 3.56925013989e-08, 3.44186084078e-08, 3.92080394818e-08, 2.59349874909e-08, 1.14091678327e-08, 1.27576944564e-08, 4.06405487041e-09, 6.22194656907e-11, 6.32059515837e-09, 1.36379600946e-08, 1.08472208993e-09, 8.93108503819e-12, 3.84499593623e-12, 3.21643081093e-12, 2.87284584143e-12, 1.97822704398e-12, 5.88654017024e-13, 3.83654533923e-13, 1.77561578722e-13, 1.66181521669e-13],
        "stdev": [0.000455325091025, 0.000582502572797, 0.000178157904884, 0.00016407937801, 0.000233323284192, 0.000666576263029, 0.00171900738496, 0.001546856598, 0.000749686383642, 0.000697524403222, 0.000855114718433, 0.00133123190608, 0.0002184650657, 0.000125423888676, 0.000118200172437, 0.000106789993879, 8.92809548532e-05, 8.16472384031e-05, 3.49180008925e-05, 2.00330396183e-05, 1.29455766e-05, 1.66201643879e-05, 1.78759146365e-05, 1.3950399989e-05, 1.51841104525e-05, 1.85426215467e-05, 9.87721978163e-06, 6.09134303886e-06, 3.20914159602e-06, 3.67419352187e-06, 3.26239569404e-06, 1.79872438366e-06, 1.02653336853e-06, 7.21853155028e-07, 7.68738402712e-07, 4.789084187e-07, 4.94332653034e-07, 3.01736548636e-07, 1.54514864903e-07, 2.10087435448e-07]
    },
    "melbands128": {
        "max": [0.000654163828585, 0.00581838330254, 0.0122289257124, 0.0124273318797, 0.0109483757988, 0.00379397254437, 0.00372214661911, 0.00753817427903, 0.00562447728589, 0.00490662874654, 0.00360872992314, 0.00279558147304, 0.00357235549018, 0.0108976541087, 0.0101589299738, 0.0136817162856, 0.0144380778074, 0.0191414710134, 0.0220279879868, 0.0263169631362, 0.0346027798951, 0.0171783193946, 0.0198587086052, 0.0121433716267, 0.0123617593199, 0.00677033234388, 0.00666252383962, 0.00832425802946, 0.0154692614451, 0.0261931549758, 0.0132065461949, 0.00262557109818, 0.00365995569155, 0.00302080693655, 0.00240076635964, 0.00239641382359, 0.00112778961193, 0.00172196305357, 0.002593817655, 0.00160495773889, 0.00158613850363, 0.00105064420495, 0.000733271357603, 0.0010404662462, 0.00123249262106, 0.0010282631265, 0.000824750866741, 0.00032576880767, 0.000396151444875, 0.000360293022823, 0.000379942037398, 0.000123648904264, 0.000122856159578, 0.000164468205185, 0.000163510339917, 0.000134018875542, 0.000245401432039, 0.000307512324071, 0.000150991836563, 0.000196758861421, 0.000133594090585, 0.000165874836966, 0.000232226841035, 0.000169840364833, 0.000320970080793, 0.000282615306787, 0.000279148167465, 0.000195104817976, 8.85259796632e-05, 0.000144390403875, 0.000114311333164, 7.15813876013e-05, 7.81835769885e-05, 5.26547446498e-05, 4.71627026855e-05, 5.46107949049e-05, 7.52161504352e-05, 8.37466213852e-05, 6.56765696476e-05, 3.20161198033e-05, 3.25556866301e-05, 3.77099859179e-05, 1.47990103869e-05, 1.54198296514e-05, 1.21484308693e-05, 1.31847673401e-05, 1.13903197416e-05, 6.65755442242e-06, 9.24093819776e-06, 9.41370581131e-06, 1.16224518933e-05, 9.24732648855e-06, 1.02186822915e-05, 1.36213684527e-05, 1.59140126925e-05, 1.13481455628e-05, 6.3704128479e-06, 7.45470970287e-06, 2.88054138764e-06, 1.90076252693e-06, 4.21649338023e-06, 6.41635915599e-06, 8.03734474175e-06, 7.25287236492e-06, 5.13566692462e-06, 1.12255229396e-05, 1.02294361568e-05, 2.90356038022e-05, 9.13966596272e-06, 9.52532104748e-07, 1.4168214193e-06, 1.13425278414e-06, 9.50525304688e-07, 1.16668422834e-06, 5.65389825624e-07, 6.34354137219e-07, 2.04890284294e-07, 3.02817539932e-07, 7.57964713216e-08, 8.3321047839e-09, 8.06568323242e-09, 7.87162424132e-09, 7.72317054754e-09, 7.5663271204e-09, 7.45439354688e-09, 7.36385930011e-09, 7.28944460349e-09, 7.24676274544e-09],
        "mean": [5.90698755332e-06, 3.42863204423e-05, 7.69305188442e-05, 0.000169079576153, 0.000121859600767, 4.10680149798e-05, 1.76422217919e-05, 3.06509318762e-05, 2.61663699348e-05, 3.0424540455e-05, 3.3710119169e-05, 4.35380534327e-05, 4.87531906401e-05, 0.000129579377244, 0.000129681677208, 0.000246225477895, 0.000507794495206, 0.000973407702986, 0.000679783639498, 0.000553897232749, 0.000375844072551, 0.000243774149567, 0.000279882777249, 0.000478809874039, 0.000562995090149, 0.000485823431518, 0.000424976256909, 0.000558194471523, 0.000843533780426, 0.00111256749369, 0.000509667443112, 0.000186584147741, 0.000162406970048, 0.00015623375657, 9.97969400487e-05, 8.67144699441e-05, 7.76191518526e-05, 9.79974720394e-05, 9.89740437944e-05, 8.78091377672e-05, 9.09968875931e-05, 8.71102092788e-05, 7.58005553507e-05, 8.18572152639e-05, 8.04802766652e-05, 6.78732540109e-05, 4.85189411847e-05, 3.24107095366e-05, 2.54126571235e-05, 1.89079237316e-05, 1.28807541842e-05, 8.5317515186e-06, 9.84033977147e-06, 1.2531370885e-05, 1.47673290485e-05, 1.46422917169e-05, 1.60526706168e-05, 1.81336326932e-05, 1.30967991936e-05, 1.27092398543e-05, 1.11345207188e-05, 1.16589271784e-05, 1.35077034429e-05, 1.04789542092e-05, 1.1906859072e-05, 2.0679384761e-05, 1.66132449522e-05, 8.05738181953e-06, 4.40731446361e-06, 5.05783282279e-06, 4.54026803709e-06, 3.10662017e-06, 2.78648894891e-06, 2.25690428124e-06, 2.42485953095e-06, 2.78834249912e-06, 3.35474237545e-06, 2.75376032732e-06, 2.35424749917e-06, 2.08687606573e-06, 1.56289377173e-06, 1.35388063427e-06, 1.05969888864e-06, 8.09578693861e-07, 7.45356999232e-07, 6.1321799194e-07, 5.40873315913e-07, 5.81611743655e-07, 7.60496391194e-07, 3.95959631305e-07, 2.77484701883e-07, 2.3411845973e-07, 2.03399721954e-07, 1.82515549341e-07, 1.6957520188e-07, 1.35725002792e-07, 1.03804410401e-07, 9.68465201368e-08, 7.74830226646e-08, 6.30585148542e-08, 5.68857636551e-08, 5.48562333336e-08, 4.70569325728e-08, 3.59022607199e-08, 3.16967145864e-08, 3.29152349821e-08, 3.19390487391e-08, 4.65507490333e-08, 2.14653876895e-08, 7.22241155771e-09, 6.47823350519e-09, 4.7363615252e-09, 3.10500336553e-09, 3.10515146928e-09, 1.98927496697e-09, 1.28846733283e-09, 5.17740128547e-10, 2.99138797066e-10, 9.9569276435e-11, 1.03392711059e-11, 9.88633914317e-12, 9.6637402941e-12, 9.48667099737e-12, 9.30053083159e-12, 9.11613493026e-12, 8.92223100957e-12, 8.78971201379e-12, 8.73323028477e-12],
        "min": [1.66898255199e-12, 2.55878356697e-11, 5.49695462759e-11, 6.18163575883e-11, 1.39204370253e-10, 9.93752857781e-11, 8.81654541041e-11, 8.25508883473e-10, 1.0934773087e-09, 3.72674779925e-09, 3.50308093644e-09, 1.50657637477e-08, 9.59131085665e-09, 1.34516611183e-08, 2.48854554741e-08, 1.17623000229e-09, 3.01865199503e-08, 3.92190493415e-08, 8.72208687497e-08, 1.54384878215e-07, 1.40532236514e-07, 6.77944242966e-08, 1.72042931013e-07, 1.18776426916e-07, 3.13053590162e-07, 3.29670797328e-07, 1.89059164768e-07, 1.81961908652e-07, 9.79360805786e-08, 3.45893255371e-07, 3.9473550828e-07, 7.40834522617e-08, 3.2628669544e-08, 6.12386301668e-08, 7.39062002708e-08, 4.15640428741e-08, 1.14738362811e-07, 1.51403554582e-07, 1.32318632495e-07, 2.89700295752e-07, 9.11446278451e-08, 6.6501094409e-08, 4.74671821848e-08, 2.5601121223e-08, 3.2541638717e-08, 3.99652115846e-08, 5.49212053613e-08, 1.72866023718e-08, 1.33672783953e-09, 8.82421247184e-10, 4.63844251897e-09, 4.3235345859e-10, 3.30941940518e-09, 4.17319645507e-09, 3.5664754483e-10, 7.21111670376e-10, 1.23166117305e-08, 1.91162374819e-08, 2.26836078809e-08, 7.68893215763e-09, 1.35902855636e-09, 1.36590685429e-08, 1.19085283856e-08, 7.57125651063e-09, 5.39097300134e-09, 1.17888339091e-08, 1.05934692129e-08, 6.33833519004e-09, 9.53777168355e-10, 1.29453323061e-10, 5.54714642276e-11, 1.35677033844e-11, 7.10415407057e-11, 2.04683395233e-10, 1.13543698887e-08, 1.24106485089e-08, 3.86025211796e-09, 2.29807839425e-09, 1.01280678289e-10, 2.51541617396e-11, 6.64705183256e-12, 4.21553764118e-12, 4.23021340179e-12, 3.47652744266e-12, 4.06601098277e-12, 3.20612915557e-12, 2.97793105279e-12, 3.17389690918e-12, 2.83814139725e-12, 7.78615453362e-13, 7.16891606842e-13, 8.04860572721e-13, 8.83851802511e-13, 3.57815746433e-13, 2.87722482558e-13, 2.01104622321e-13, 1.7382136583e-13, 1.55951193257e-13, 1.83238881425e-13, 8.48745986687e-14, 1.6894973376e-13, 1.49948575692e-13, 1.0180837293e-13, 1.21717983999e-13, 9.80858460859e-14, 1.02799001679e-13, 1.10870459948e-13, 1.24954313931e-13, 1.06866352247e-13, 1.06991171023e-13, 1.04615548537e-13, 9.66872727172e-14, 1.09995176758e-13, 9.73301165141e-14, 7.08529914427e-14, 8.51552037434e-14, 9.34365906586e-14, 1.02735846902e-13, 1.04057638428e-13, 8.16482840539e-14, 7.36057062197e-14, 1.03067768621e-13, 9.51823865493e-14, 9.72076287737e-14, 6.48854749227e-14, 2.68341172714e-14, 3.87237332518e-15, 1.05125728922e-16],
        "stdev": [4.89196208946e-05, 0.000305734545691, 0.000585603818763, 0.00101332040504, 0.000734123808797, 0.000245613366133, 0.000124507496366, 0.000238364184042, 0.000202033843379, 0.000215803142055, 0.000149708110257, 0.000146723657963, 0.000202860042918, 0.000691176450346, 0.000619834056124, 0.00114270951599, 0.00154188380111, 0.00296356808394, 0.00198526890017, 0.00230407877825, 0.00190098397434, 0.00107494823169, 0.000976454815827, 0.00106751255225, 0.00110932509415, 0.000791945436504, 0.000717225600965, 0.000910330563784, 0.00161788705736, 0.00253280345351, 0.00113245972898, 0.000296503887512, 0.000288939540042, 0.000298878294416, 0.00016679916007, 0.000150236242916, 0.000118192532682, 0.000166331228684, 0.000160847994266, 0.000129513762658, 0.000137292256113, 0.000124814745504, 9.98733958113e-05, 0.000118280033348, 0.00012176927703, 0.000104118589661, 6.63923856337e-05, 4.35267684225e-05, 3.71259993699e-05, 3.02608877973e-05, 2.82898581645e-05, 1.2230352695e-05, 1.35702393891e-05, 1.72501677298e-05, 2.02701976377e-05, 1.80933620868e-05, 2.21514801524e-05, 2.66358729277e-05, 1.88843951037e-05, 1.8729848307e-05, 1.60701983987e-05, 1.77263318619e-05, 2.28192729992e-05, 1.65048022609e-05, 2.24730010814e-05, 3.03735359921e-05, 2.73211662716e-05, 1.68325350387e-05, 7.39905362934e-06, 1.0123152606e-05, 9.2475747806e-06, 4.92903882332e-06, 4.4398971113e-06, 3.22264691022e-06, 3.56313898919e-06, 4.38012921222e-06, 5.47015815755e-06, 5.00455416841e-06, 3.71770670426e-06, 2.87443026536e-06, 2.18146465158e-06, 2.21037566916e-06, 1.45116518979e-06, 1.06064680949e-06, 9.77255695034e-07, 8.29961493309e-07, 7.78351193276e-07, 7.58800183576e-07, 1.22992435081e-06, 6.86651219439e-07, 5.60391640647e-07, 5.00281601035e-07, 3.94280618821e-07, 5.36339541668e-07, 6.12981864379e-07, 4.03786202696e-07, 2.489174733e-07, 2.76874771998e-07, 1.58114971782e-07, 1.21945120668e-07, 1.81489497209e-07, 2.43854373139e-07, 2.6612349302e-07, 2.29267911322e-07, 2.1389641347e-07, 3.62414169786e-07, 3.59806648476e-07, 8.55975258673e-07, 2.88092252276e-07, 5.55046675288e-08, 5.8198757813e-08, 5.1942151913e-08, 3.86709153588e-08, 3.93028045664e-08, 2.13957669359e-08, 1.99180654192e-08, 7.6286879036e-09, 8.58952731164e-09, 2.27556884447e-09, 2.35488684108e-10, 2.27940194497e-10, 2.22462895327e-10, 2.18265780449e-10, 2.13837558771e-10, 2.10675740742e-10, 2.08120673473e-10, 2.06018715976e-10, 2.04813679905e-10]
    },
    "mfcc": {
        "mean": [-703.895080566, 89.6106033325, -86.7011795044, -26.0208511353, -61.3483276367, -15.6447381973, -16.8305339813, -0.0524181425571, -10.5857429504, 0.0333971083164, -1.62979769707, -8.67974185944, -14.1153478622],
        "cov": [[4253.48193359, -1511.97070312, -689.327758789, -761.592956543, -42.795085907, -185.393325806, 236.289260864, 196.358184814, 240.418426514, 265.768127441, -94.4610214233, -218.524688721, -311.330444336], [-1511.97070312, 1916.20202637, 1246.02880859, 1118.8807373, -11.7684173584, 186.745651245, -193.617126465, -228.597137451, -225.178466797, -201.573791504, 92.026260376, 265.65625, 289.051849365], [-689.327758789, 1246.02880859, 1615.07250977, 1038.01306152, 349.627166748, 169.065826416, 24.6140460968, -276.79486084, -108.773414612, -202.746047974, 89.2828445435, 273.239135742, 282.557434082], [-761.592956543, 1118.8807373, 1038.01306152, 1044.79626465, 175.553421021, 220.422271729, -38.1238746643, -163.461746216, -91.6299133301, -105.174720764, 62.3294219971, 191.200042725, 248.365219116], [-42.795085907, -11.7684173584, 349.627166748, 175.553421021, 566.619445801, 141.585922241, 125.906425476, 29.2150306702, 96.2677764893, 37.5759620667, -3.25548315048, 39.1585159302, 0.944336533546], [-185.393325806, 186.745651245, 169.065826416, 220.422271729, 141.585922241, 188.302825928, 76.5993804932, 60.5308799744, 61.7764320374, 71.5523605347, 25.0677890778, 30.4263515472, 42.7057609558], [236.289260864, -193.617126465, 24.6140460968, -38.1238746643, 125.906425476, 76.5993804932, 219.487442017, 85.5128479004, 140.9402771, 81.2025604248, 55.0979804993, -17.6955127716, 5.30908250809], [196.358184814, -228.597137451, -276.79486084, -163.461746216, 29.2150306702, 60.5308799744, 85.5128479004, 211.128250122, 103.153747559, 147.09979248, -1.26870083809, -43.7522735596, -68.7537460327], [240.418426514, -225.178466797, -108.773414612, -91.6299133301, 96.2677764893, 61.7764320374, 140.9402771, 103.153747559, 193.733734131, 118.808418274, 51.9342269897, -30.8783569336, -13.7495164871], [265.768127441, -201.573791504, -202.746047974, -105.174720764, 37.5759620667, 71.5523605347, 81.2025604248, 147.09979248, 118.808418274, 211.670852661, 5.40264225006, -28.6989326477, -52.4011268616], [-94.4610214233, 92.026260376, 89.2828445435, 62.3294219971, -3.25548315048, 25.0677890778, 55.0979804993, -1.26870083809, 51.9342269897, 5.40264225006, 107.523399353, 39.0179290771, 46.2326622009], [-218.524688721, 265.65625, 273.239135742, 191.200042725, 39.1585159302, 30.4263515472, -17.6955127716, -43.7522735596, -30.8783569336, -28.6989326477, 39.0179290771, 132.172119141, 61.3757972717], [-311.330444336, 289.051849365, 282.557434082, 248.365219116, 0.944336533546, 42.7057609558, 5.30908250809, -68.7537460327, -13.7495164871, -52.4011268616, 46.2326622009, 61.3757972717, 137.507644653]],
        "icov": [[0.000421189557528, 0.000415769056417, -0.000316501304042, -0.000233405851759, 0.000309590483084, 0.000387032196159, -0.000181677067303, 1.74289798451e-05, -0.000257865875028, -0.000333101081196, 0.000193142885109, 0.000100305842352, 0.000782543618698], [0.000415769056417, 0.00283694476821, -0.00158691906836, -0.00132955051959, 0.00122508581262, -0.00104209361598, 0.00214956328273, -0.00120957719628, 0.000421982258558, 0.00016157819482, -0.00140938162804, 0.000139855823363, 0.00078281678725], [-0.000316501304042, -0.00158691906836, 0.00401868624613, -0.00158993212972, -0.00180915789679, 0.001532731927, -0.00305455946364, 0.00229030754417, 0.000498405774124, 0.000463560718345, 0.000865211128257, -0.00240183225833, -0.000959706318099], [-0.000233405851759, -0.00132955051959, -0.00158993212972, 0.00544297648594, -0.000195355532924, -0.00378089817241, 0.00127562333364, 0.000553789315745, 0.000478300149553, -0.000394148984924, 0.000384615705116, 0.000436555681517, -0.00332095078193], [0.000309590483084, 0.00122508581262, -0.00180915789679, -0.000195355532924, 0.00388086121529, -0.00229300791398, 9.60473480518e-05, -0.000261303939624, -0.00199503847398, 0.000839493935928, 0.00142789527308, -0.000551759323571, 0.00263385567814], [0.000387032196159, -0.00104209361598, 0.001532731927, -0.00378089817241, -0.00229300791398, 0.0154391955584, -0.00396716827527, -0.0026600419078, -0.000475051725516, -0.00333676137961, 0.00130082620308, -2.78593124676e-05, -0.000953713024501], [-0.000181677067303, 0.00214956328273, -0.00305455946364, 0.00127562333364, 9.60473480518e-05, -0.00396716827527, 0.0137836718932, -0.00359139358625, -0.00437765615061, 0.00101481983438, -0.00454207696021, 0.00277085974813, -0.00181432382669], [1.74289798451e-05, -0.00120957719628, 0.00229030754417, 0.000553789315745, -0.000261303939624, -0.0026600419078, -0.00359139358625, 0.013535647653, -0.000983881647699, -0.00475949374959, 0.00144043320324, -0.00139105087146, 0.00283447280526], [-0.000257865875028, 0.000421982258558, 0.000498405774124, 0.000478300149553, -0.00199503847398, -0.000475051725516, -0.00437765615061, -0.000983881647699, 0.0163831990212, -0.00505284126848, -0.006417282857, 0.00275377649814, -0.00287948409095], [-0.000333101081196, 0.00016157819482, 0.000463560718345, -0.000394148984924, 0.000839493935928, -0.00333676137961, 0.00101481983438, -0.00475949374959, -0.00505284126848, 0.0124610513449, 0.00132623803802, -0.00195417739451, 0.00194686965551], [0.000193142885109, -0.00140938162804, 0.000865211128257, 0.000384615705116, 0.00142789527308, 0.00130082620308, -0.00454207696021, 0.00144043320324, -0.006417282857, 0.00132623803802, 0.0178131423891, -0.00545765087008, -0.00228025554679], [0.000100305842352, 0.000139855823363, -0.00240183225833, 0.000436555681517, -0.000551759323571, -2.78593124676e-05, 0.00277085974813, -0.00139105087146, 0.00275377649814, -0.00195417739451, -0.00545765087008, 0.0145484739915, -0.00183806032874], [0.000782543618698, 0.00078281678725, -0.000959706318099, -0.00332095078193, 0.00263385567814, -0.000953713024501, -0.00181432382669, 0.00283447280526, -0.00287948409095, 0.00194686965551, -0.00228025554679, -0.00183806032874, 0.0191753115505]]
    },
    "spectral_contrast_coeffs": {
        "max": [-0.371206521988, -0.349662572145, -0.538489341736, -0.683722913265, -0.645478367805, -0.409278362989],
        "mean": [-0.687817811966, -0.659068107605, -0.737818598747, -0.800790965557, -0.785964787006, -0.683003723621],
        "min": [-0.970077037811, -0.903978228569, -0.897409021854, -0.891759157181, -0.888361930847, -0.893298327923],
        "stdev": [0.0888882949948, 0.102426618338, 0.0702316612005, 0.0368067398667, 0.0371381230652, 0.0692913085222]
    },
    "spectral_contrast_valleys": {
        "max": [-5.60776805878, -5.22859096527, -5.18142795563, -5.870408535, -5.92030477524, -8.47355556488],
        "mean": [-10.0284929276, -7.37318325043, -6.80084991455, -7.39757394791, -7.67396974564, -11.5801305771],
        "min": [-13.0734167099, -9.13501644135, -9.09147357941, -10.1438932419, -11.2514266968, -16.5347652435],
        "stdev": [1.2317738533, 0.623505532742, 0.91969370842, 0.979911208153, 0.874341368675, 1.37594902515]
    }
},
"rhythm": {
    "beats_count": 68,
    "beats_loudness": {
        "max": 0.0842681080103,
        "mean": 0.0221895053983,
        "min": 0.000304450950352,
        "stdev": 0.0166164599359
    },
    "bpm": 136.162261963,
    "bpm_histogram_first_peak_bpm": 136,
    "bpm_histogram_first_peak_weight": 0.269230782986,
    "bpm_histogram_second_peak_bpm": 157,
    "bpm_histogram_second_peak_spread": 0.349999964237,
    "bpm_histogram_second_peak_weight": 0.194029852748,
    "danceability": 0.765964925289,
    "onset_rate": 0.928748428822,
    "beats_loudness_band_ratio": {
        "max": [0.533644139767, 0.812284171581, 0.93821811676, 0.837667286396, 0.444422751665, 0.144822865725],
        "mean": [0.015988510102, 0.06198650226, 0.459892868996, 0.362636625767, 0.113085567951, 0.039944794029],
        "min": [1.22288111015e-06, 7.62562485761e-05, 0.0861544460058, 0.0274582784623, 0.000780552159995, 0.000432301545516],
        "stdev": [0.0763558521867, 0.159650012851, 0.234641164541, 0.206412121654, 0.104153379798, 0.031978264451]
    },
