{
"metadata": {
    "version": {
        "essentia": "2.1-beta5",
        "essentia_git_sha": "Undefined",
        "extractor": "music 2.0"
    },
    "audio_properties": {
        "analysis": {
            "equal_loudness": 0,
            "length": 48.7502937317,
            "sample_rate": 44100,
            "start_time": 45.2440834045,
            "downmix": "mix"
        },
        "bit_rate": 192000,
        "length": 191.761993408,
        "lossless": 0,
        "number_channels": 2,
        "replay_gain": -3.95906066895,
        "sample_rate": 48000,
        "codec": "mp3",
        "md5_encoded": "96f4048896fd16ff78c5c0c0d37aadf2"
    },
    "tags": {
        "file_name": "Hungary_Az én apám_Joci Pápai.mp3",
        "encoding": ["Lavf58.29.100"]
    }
},
"lowlevel": {
    "average_loudness": 0.958242356777,
    "barkbands_crest": {
        "max": 24.8238735199,
        "mean": 11.5342531204,
        "min": 3.35203075409,
        "stdev": 4.2957906723
    },
    "barkbands_flatness_db": {
        "max": 0.428103327751,
        "mean": 0.20855280757,
        "min": 0.0294244214892,
        "stdev": 0.0639990493655
    },
    "barkbands_kurtosis": {
        "max": 106.610122681,
        "mean": 7.7524266243,
        "min": -1.73406100273,
        "stdev": 10.7485685349
    },
    "barkbands_skewness": {
        "max": 8.22926235199,
        "mean": 1.98093676567,
        "min": -1.11471986771,
        "stdev": 1.36444115639
    },
    "barkbands_spread": {
        "max": 76.870880127,
        "mean": 14.2329549789,
        "min": 0.831035912037,
        "stdev": 10.4864454269
    },
    "dissonance": {
        "max": 0.500000238419,
        "mean": 0.442289680243,
        "min": 0.275167375803,
        "stdev": 0.037425134331
    },
    "dynamic_complexity": 2.4115459919,
    "erbbands_crest": {
        "max": 31.1172351837,
        "mean": 9.78705596924,
        "min": 2.87714672089,
        "stdev": 4.22504615784
    },
    "erbbands_flatness_db": {
        "max": 0.40580958128,
        "mean": 0.197044178843,
        "min": 0.0566851943731,
        "stdev": 0.0526582635939
    },
    "erbbands_kurtosis": {
        "max": 20.8599338531,
        "mean": 1.04561758041,
        "min": -1.7142521143,
        "stdev": 2.43048524857
    },
    "erbbands_skewness": {
        "max": 3.81174325943,
        "mean": 0.691124081612,
        "min": -2.04090118408,
        "stdev": 0.721592068672
    },
    "erbbands_spread": {
        "max": 106.897506714,
        "mean": 34.2920951843,
        "min": 3.44614887238,
        "stdev": 16.7912445068
    },
    "hfc": {
        "max": 121.549560547,
        "mean": 16.397354126,
        "min": 0.147295847535,
        "stdev": 15.767455101
    },
    "loudness_ebu128": {
        "integrated": -19.1065826416,
        "loudness_range": 2.70338630676,
        "momentary": {
            "max": -15.8097362518,
            "mean": -19.5579566956,
            "min": -27.8759059906,
            "stdev": 2.16755318642
        },
        "short_term": {
            "max": -17.5129413605,
            "mean": -19.2317333221,
            "min": -23.8888301849,
            "stdev": 1.21252191067
        }
    },
    "melbands_crest": {
        "max": 30.011095047,
        "mean": 14.2108640671,
        "min": 5.02306318283,
        "stdev": 4.51741981506
    },
    "melbands_flatness_db": {
        "max": 0.57944214344,
        "mean": 0.27059674263,
        "min": 0.0682555437088,
        "stdev": 0.0805554315448
    },
    "melbands_kurtosis": {
        "max": 147.36227417,
        "mean": 16.3467617035,
        "min": -1.379586339,
        "stdev": 18.968744278
    },
    "melbands_skewness": {
        "max": 9.35954666138,
        "mean": 2.73591852188,
        "min": -0.879081487656,
        "stdev": 1.67223823071
    },
    "melbands_spread": {
        "max": 165.89730835,
        "mean": 14.6776504517,
        "min": 0.76496976614,
        "stdev": 11.9396753311
    },
    "pitch_salience": {
        "max": 0.815285980701,
        "mean": 0.507954537868,
        "min": 0.145613655448,
        "stdev": 0.116154439747
    },
    "silence_rate_20dB": {
        "max": 1,
        "mean": 1,
        "min": 1,
        "stdev": 0
    },
    "silence_rate_30dB": {
        "max": 1,
        "mean": 0.977153718472,
        "min": 0,
        "stdev": 0.149413496256
    },
    "silence_rate_60dB": {
        "max": 1,
        "mean": 0.00333174667321,
        "min": 0,
        "stdev": 0.0576245933771
    },
    "spectral_centroid": {
        "max": 3856.17553711,
        "mean": 959.622436523,
        "min": 214.262924194,
        "stdev": 539.395019531
    },
    "spectral_complexity": {
        "max": 45,
        "mean": 14.4559736252,
        "min": 1,
        "stdev": 5.15902137756
    },
    "spectral_decrease": {
        "max": -2.73229577852e-10,
        "mean": -9.12371955764e-09,
        "min": -6.64779662429e-08,
        "stdev": 7.14159043014e-09
    },
    "spectral_energy": {
        "max": 0.252620458603,
        "mean": 0.0359222777188,
        "min": 0.00104457885027,
        "stdev": 0.0276257451624
    },
    "spectral_energyband_high": {
        "max": 0.0147891165689,
        "mean": 0.000441148207756,
        "min": 9.85675470133e-08,
        "stdev": 0.000892909185495
    },
    "spectral_energyband_low": {
        "max": 0.245262175798,
        "mean": 0.0186219513416,
        "min": 2.14622536987e-06,
        "stdev": 0.0239506531507
    },
    "spectral_energyband_middle_high": {
        "max": 0.0546700395644,
        "mean": 0.00387629400939,
        "min": 2.57099327428e-05,
        "stdev": 0.00564666604623
    },
    "spectral_energyband_middle_low": {
        "max": 0.130753368139,
        "mean": 0.0139499055222,
        "min": 0.00018907795311,
        "stdev": 0.0119288368151
    },
    "spectral_entropy": {
        "max": 8.7758769989,
        "mean": 7.15663862228,
        "min": 5.7538228035,
        "stdev": 0.389530271292
    },
    "spectral_flux": {
        "max": 0.364012807608,
        "mean": 0.0798506960273,
        "min": 0.0160458479077,
        "stdev": 0.0502681061625
    },
    "spectral_kurtosis": {
        "max": 90.3963775635,
        "mean": 5.54744052887,
        "min": -0.955503940582,
        "stdev": 6.61700534821
    },
    "spectral_rms": {
        "max": 0.015699012205,
        "mean": 0.0055525819771,
        "min": 0.00100950547494,
        "stdev": 0.00205307384022
    },
    "spectral_rolloff": {
        "max": 7924.21875,
        "mean": 824.791870117,
        "min": 86.1328125,
        "stdev": 828.17590332
    },
    "spectral_skewness": {
        "max": 6.89738988876,
        "mean": 1.62625455856,
        "min": 0.112054929137,
        "stdev": 0.653477907181
    },
    "spectral_spread": {
        "max": 29419008,
        "mean": 3664066.5,
        "min": 555101.375,
        "stdev": 1192032.875
    },
    "spectral_strongpeak": {
        "max": 10.0839033127,
        "mean": 0.984507381916,
        "min": 0,
        "stdev": 1.22797858715
    },
    "zerocrossingrate": {
        "max": 0.2109375,
        "mean": 0.0360956266522,
        "min": 0.00341796875,
        "stdev": 0.0212700646371
    },
    "barkbands": {
        "max": [0.00826819706708, 0.228305533528, 0.113701485097, 0.0567092224956, 0.0309606343508, 0.0366468429565, 0.0364669300616, 0.0314743407071, 0.127475604415, 0.0411597527564, 0.0313821062446, 0.052298411727, 0.0316450931132, 0.0120689021423, 0.00615712627769, 0.00711323460564, 0.00902014784515, 0.00307377404533, 0.00867939833552, 0.0118179069832, 0.00310945254751, 0.00356651004404, 0.00298793287948, 0.00345641444437, 0.00091734068701, 0.000612998788711, 0.000792331935372],
        "mean": [0.00025761622237, 0.0121782040223, 0.00532636512071, 0.00156663986854, 0.00296886195429, 0.00249365204945, 0.00135418644641, 0.00152837322094, 0.00379694462754, 0.000577995495405, 0.000670393172186, 0.000654616742395, 0.000557117105927, 0.000315527460771, 0.000215490712435, 0.000264302681899, 0.000215700187255, 0.000184973629075, 0.00020515966753, 0.000265446433332, 0.000102283338492, 0.00012537233124, 4.46665362688e-05, 2.75919846899e-05, 1.65008004842e-05, 7.14980387784e-06, 1.21653386032e-06],
        "min": [2.85860579652e-08, 8.80779609247e-08, 2.73311002275e-07, 8.46560794798e-07, 5.48596926819e-06, 2.23471070058e-05, 4.15569456891e-06, 7.69857797422e-06, 1.35410464281e-05, 1.79324899818e-06, 9.69907432591e-07, 3.22807295561e-06, 3.39780308423e-06, 2.80585891232e-06, 1.15822831503e-06, 4.67909188728e-07, 9.63652041719e-07, 3.88755239555e-07, 6.35386584236e-07, 2.45718752012e-07, 2.40964315168e-08, 1.36562122721e-10, 4.28939418706e-11, 3.02896527304e-11, 3.51453102732e-11, 4.98539057259e-11, 6.21654464017e-11],
        "stdev": [0.000806390540674, 0.0192096047103, 0.00829328317195, 0.00289319246076, 0.00313920271583, 0.00313566345721, 0.00268502463587, 0.00314188934863, 0.00956463906914, 0.00198631873354, 0.00240809191018, 0.00199736189097, 0.00164463394322, 0.000819496810436, 0.000544353621081, 0.000695406168234, 0.000546255148947, 0.00032712938264, 0.00045949764899, 0.000798344553914, 0.00024515131372, 0.000244141323492, 0.00013014866272, 0.000120044431242, 6.18304839008e-05, 3.3600765164e-05, 2.06729546335e-05]
    },
    "erbbands": {
        "max": [7.68352031708, 47.9244346619, 118.16229248, 174.466934204, 96.2523803711, 156.101211548, 219.795425415, 349.03414917, 334.227020264, 459.795227051, 1177.41113281, 3807.2487793, 1823.85620117, 1077.32824707, 1405.86755371, 908.569885254, 1537.95617676, 972.766784668, 339.391326904, 500.483703613, 454.166412354, 458.158111572, 207.564697266, 154.03477478, 529.965881348, 567.326416016, 141.695297241, 123.377403259, 137.366531372, 78.803855896, 99.0171051025, 83.4651031494, 47.9404716492, 16.2890892029, 9.91331768036, 2.63338804245, 1.10960412025, 0.652242720127, 0.174332290888, 0.00329455942847],
        "mean": [0.260496914387, 3.04403829575, 6.345744133, 6.09111166, 6.25494384766, 11.8255119324, 15.931801796, 20.7251110077, 15.4752578735, 27.3884944916, 44.7523994446, 78.1965560913, 48.5296363831, 20.164150238, 31.3855895996, 20.0298271179, 22.8701229095, 22.7127494812, 11.7323646545, 9.98373031616, 15.2796325684, 14.1555137634, 12.268488884, 6.17011594772, 14.0274934769, 13.0051107407, 4.78875780106, 4.3095035553, 5.02848291397, 2.38134336472, 1.19623613358, 0.671763777733, 0.407732635736, 0.219478979707, 0.0995679870248, 0.0355161502957, 0.0126716345549, 0.00243545067497, 0.000249509204878, 4.67270947411e-05],
        "min": [6.34934531263e-06, 4.5225075155e-05, 0.000693115405738, 0.0032698221039, 0.0187921635807, 0.041734252125, 0.262568682432, 0.360836833715, 0.176537945867, 0.203138902783, 0.176435470581, 0.333548396826, 0.118400707841, 0.0400314256549, 0.0731842294335, 0.182371109724, 0.214775592089, 0.206201478839, 0.114068463445, 0.0382590740919, 0.0444026440382, 0.0735763385892, 0.0330139063299, 0.0335771366954, 0.0354451015592, 0.0125874765217, 0.00246979435906, 0.000246164563578, 2.94753554044e-05, 1.36974167617e-05, 8.81617233972e-06, 7.17256534699e-06, 5.96816607867e-06, 5.58514102522e-06, 3.20202389048e-06, 1.920190698e-06, 1.08982158054e-06, 3.38580321113e-07, 1.12682596409e-06, 1.23552638343e-06],
        "stdev": [0.466739505529, 4.70713281631, 9.0576543808, 8.37849140167, 8.32899951935, 13.8920717239, 20.1373443604, 29.3996505737, 24.8047580719, 46.5859985352, 95.0156784058, 217.801528931, 130.186386108, 63.9520530701, 100.554946899, 47.1423530579, 67.5953140259, 52.9845275879, 25.6989307404, 24.0243721008, 38.5003051758, 33.4727172852, 21.4372024536, 10.8274812698, 34.9489097595, 38.0034484863, 11.495634079, 10.0700082779, 10.0103120804, 5.18172740936, 3.82800412178, 2.61888933182, 1.90972864628, 0.907900035381, 0.408655017614, 0.138156950474, 0.0657597184181, 0.0221496429294, 0.00428682100028, 9.35220014071e-05]
    },
    "gfcc": {
        "mean": [-31.6476860046, 147.406768799, -126.143127441, 44.7490692139, -61.4615936279, 5.91667604446, -17.1010990143, -1.49136912823, -9.72173976898, -7.86676168442, -6.77604866028, -6.95250606537, -5.20238018036],
        "cov": [[3798.28100586, -2093.02246094, 365.521392822, 298.755767822, -255.367416382, 770.49029541, -629.395507812, 835.878295898, -198.095443726, 439.227752686, -219.18901062, 126.949165344, -94.6121902466], [-2093.02246094, 1865.19641113, -212.316070557, -84.0382003784, 363.330078125, -471.348236084, 602.331359863, -482.702301025, 309.103729248, -304.944732666, 281.586761475, -165.433349609, 44.466884613], [365.521392822, -212.316070557, 721.463317871, 72.6056442261, 174.295776367, 103.577209473, -141.574707031, 172.108444214, -131.484207153, 163.708847046, -80.1908493042, 82.1940307617, -70.4470825195], [298.755767822, -84.0382003784, 72.6056442261, 609.934020996, 10.2790851593, 3.74882221222, 12.3010730743, 15.8780260086, 212.214797974, -40.1283226013, 31.0369319916, -0.251347750425, 91.7407531738], [-255.367416382, 363.330078125, 174.295776367, 10.2790851593, 471.932617188, -60.9173049927, 104.457305908, 29.0395812988, 30.6690254211, 39.3306694031, -12.0027189255, -4.24754285812, 9.65005779266], [770.49029541, -471.348236084, 103.577209473, 3.74882221222, -60.9173049927, 512.320617676, -26.7354030609, 154.443115234, -43.1082000732, 77.1956329346, 19.4057731628, 28.0414848328, 2.03592157364], [-629.395507812, 602.331359863, -141.574707031, 12.3010730743, 104.457305908, -26.7354030609, 434.987640381, -184.448562622, 167.607940674, -110.838394165, 93.6720123291, -31.6507472992, 14.6076364517], [835.878295898, -482.702301025, 172.108444214, 15.8780260086, 29.0395812988, 154.443115234, -184.448562622, 367.332763672, -85.8847885132, 164.639404297, -89.7753601074, 17.6447658539, -0.00609534233809], [-198.095443726, 309.103729248, -131.484207153, 212.214797974, 30.6690254211, -43.1082000732, 167.607940674, -85.8847885132, 271.827819824, -94.1819915771, 85.9876708984, -52.9668312073, 45.1343421936], [439.227752686, -304.944732666, 163.708847046, -40.1283226013, 39.3306694031, 77.1956329346, -110.838394165, 164.639404297, -94.1819915771, 187.143035889, -72.3976135254, 46.7421875, -25.6516094208], [-219.18901062, 281.586761475, -80.1908493042, 31.0369319916, -12.0027189255, 19.4057731628, 93.6720123291, -89.7753601074, 85.9876708984, -72.3976135254, 201.295196533, -45.2948493958, 14.4650812149], [126.949165344, -165.433349609, 82.1940307617, -0.251347750425, -4.24754285812, 28.0414848328, -31.6507472992, 17.6447658539, -52.9668312073, 46.7421875, -45.2948493958, 112.654182434, -0.888408780098], [-94.6121902466, 44.466884613, -70.4470825195, 91.7407531738, 9.65005779266, 2.03592157364, 14.6076364517, -0.00609534233809, 45.1343421936, -25.6516094208, 14.4650812149, -0.888408780098, 144.428604126]],
        "icov": [[0.0012977134902, 0.000854470941704, 0.000268459087238, -0.000540507666301, -6.21645813226e-05, -0.000711846223567, 0.000219226261834, -0.00152496865485, -0.000429574749433, -0.000403651851229, -0.000377676566131, -0.000106625491753, 0.00115297606681], [0.000854470941704, 0.00474711740389, -0.00110961671453, 0.00138262519613, -0.00190264475532, 0.00242375349626, -0.00305179576389, 0.000436446862295, -0.00162672623992, 0.00136626511812, -0.00327498815022, 0.00256511638872, -0.000824838643894], [0.000268459087238, -0.00110961671453, 0.00290800491348, -0.00156858656555, -0.000462249125121, -0.00132463593036, 0.00130200106651, -0.000890992640052, 0.00147347617894, -0.00141610868741, 0.000679238350131, -0.00166986975819, 0.00205983337946], [-0.000540507666301, 0.00138262519613, -0.00156858656555, 0.0040493356064, -0.000429864099715, 0.00149996927939, -0.00065877236193, 0.000993776367977, -0.00362379662693, 0.0013449358521, -0.000879138649907, 0.000426999351475, -0.00258074863814], [-6.21645813226e-05, -0.00190264475532, -0.000462249125121, -0.000429864099715, 0.00379380816594, -0.000597694015596, 0.000252309051575, -0.000997860101052, 0.000196654771571, -0.00135195220355, 0.00149862084072, -0.000613781390712, -0.000133414127049], [-0.000711846223567, 0.00242375349626, -0.00132463593036, 0.00149996927939, -0.000597694015596, 0.0049871741794, -0.00302395224571, 0.00046405554167, -0.000354128656909, 0.00108532619197, -0.00283709983341, 0.00137225328945, -0.00193991698325], [0.000219226261834, -0.00305179576389, 0.00130200106651, -0.00065877236193, 0.000252309051575, -0.00302395224571, 0.00685459095985, 0.000244368333369, -0.00159848725889, -0.000886106863618, 0.00202091806568, -0.00258906115778, 0.00159304554109], [-0.00152496865485, 0.000436446862295, -0.000890992640052, 0.000993776367977, -0.000997860101052, 0.00046405554167, 0.000244368333369, 0.00842183455825, -0.000357882672688, -0.00296751735732, 0.00069245690247, 0.00292881159112, -0.00262996810488], [-0.000429574749433, -0.00162672623992, 0.00147347617894, -0.00362379662693, 0.000196654771571, -0.000354128656909, -0.00159848725889, -0.000357882672688, 0.00994102936238, 0.000437374634203, -0.000288044218905, 0.00109444814734, 0.000400142424041], [-0.000403651851229, 0.00136626511812, -0.00141610868741, 0.0013449358521, -0.00135195220355, 0.00108532619197, -0.000886106863618, -0.00296751735732, 0.000437374634203, 0.0125045189634, -0.000295394595014, -0.00170901068486, 3.77180695068e-05], [-0.000377676566131, -0.00327498815022, 0.000679238350131, -0.000879138649907, 0.00149862084072, -0.00283709983341, 0.00202091806568, 0.00069245690247, -0.000288044218905, -0.000295394595014, 0.00926972180605, 5.8870351495e-05, 0.000495642889291], [-0.000106625491753, 0.00256511638872, -0.00166986975819, 0.000426999351475, -0.000613781390712, 0.00137225328945, -0.00258906115778, 0.00292881159112, 0.00109444814734, -0.00170901068486, 5.8870351495e-05, 0.0136619871482, -0.00222909147851], [0.00115297606681, -0.000824838643894, 0.00205983337946, -0.00258074863814, -0.000133414127049, -0.00193991698325, 0.00159304554109, -0.00262996810488, 0.000400142424041, 3.77180695068e-05, 0.000495642889291, -0.00222909147851, 0.0102704064921]]
    },
    "melbands": {
        "max": [0.0685272142291, 0.0532659627497, 0.0270469691604, 0.00830564461648, 0.00588913355023, 0.00808957405388, 0.00569501332939, 0.00498195877299, 0.0128919547424, 0.0234392471611, 0.00932969991118, 0.00396745139733, 0.00320590194315, 0.00649127643555, 0.00303854327649, 0.00203128508292, 0.00159290502779, 0.000860621046741, 0.000635446398519, 0.000615402648691, 0.000495439453516, 0.000410843087593, 0.000560833257623, 0.000116066854389, 9.38121665968e-05, 0.000557743420359, 0.000661236117594, 0.000364807987353, 0.000145427446114, 0.000100747252873, 8.19327906356e-05, 8.23111331556e-05, 6.06620124017e-05, 5.158868953e-05, 6.39066274744e-05, 4.41094707639e-05, 5.46028240933e-05, 3.46589768014e-05, 2.71093667834e-05, 1.03411948658e-05],
        "mean": [0.0030021884013, 0.00356631539762, 0.00106091820635, 0.000630072318017, 0.000553097925149, 0.000455978821265, 0.000262770510744, 0.000309010676574, 0.000387985550333, 0.000532315811142, 0.000235344079556, 7.48743113945e-05, 9.18289806577e-05, 9.00449449546e-05, 3.46715060004e-05, 6.2176695792e-05, 3.80563069484e-05, 1.73183088918e-05, 1.61821099027e-05, 1.56673395395e-05, 1.59739847732e-05, 1.35433383548e-05, 1.45525546031e-05, 7.14386032996e-06, 4.21005915996e-06, 9.36894502956e-06, 1.10641267383e-05, 7.99290864961e-06, 2.8291453873e-06, 2.62525054495e-06, 2.3722932383e-06, 2.99451039609e-06, 2.13473094846e-06, 1.04289915726e-06, 7.37347477298e-07, 4.56232953638e-07, 3.93627715312e-07, 2.98482092376e-07, 2.35200062093e-07, 1.65637473515e-07],
        "min": [3.22103730355e-08, 3.14427751391e-07, 7.98792711976e-07, 1.32320599278e-06, 6.00026032771e-06, 3.75983199774e-06, 2.40840404331e-06, 1.19498224649e-06, 1.53982307438e-06, 2.04994194064e-06, 5.25973405274e-07, 1.53621897425e-07, 1.78746475399e-07, 3.59539995998e-07, 2.62454278754e-07, 3.34792559897e-07, 2.94126266454e-07, 1.16221215762e-07, 6.56304592894e-08, 3.75244368911e-08, 2.94770803322e-08, 5.92455222659e-08, 5.47889555946e-08, 2.09088479863e-08, 2.36296138212e-08, 2.71778350935e-08, 1.59155941759e-08, 5.11714182139e-09, 1.15185694316e-09, 3.85709658657e-10, 4.4272953359e-12, 2.78819415472e-12, 8.41270141657e-13, 6.21337996245e-13, 5.60363929737e-13, 5.62227131171e-13, 3.26839195899e-13, 2.99175533522e-13, 2.79650326333e-13, 2.87071446258e-13],
        "stdev": [0.00488428026438, 0.00463021732867, 0.00131870654877, 0.000727928359993, 0.000597307924181, 0.000615769531578, 0.000442207237938, 0.000498588371556, 0.000931421585847, 0.0014865148114, 0.000658796867356, 0.000248910102528, 0.000283018423943, 0.00027502028388, 0.000133241846925, 0.000173619788256, 9.72944981186e-05, 4.20470714744e-05, 4.3736104999e-05, 4.54521396023e-05, 4.04257734772e-05, 3.25611217704e-05, 3.22867999785e-05, 1.26624136101e-05, 8.12091911939e-06, 2.32056027016e-05, 3.64553379768e-05, 2.41737707256e-05, 8.26482482807e-06, 6.98358735463e-06, 5.70816609979e-06, 6.00553130425e-06, 4.63856213173e-06, 2.55514373748e-06, 2.49734807767e-06, 1.5201168253e-06, 1.69126326455e-06, 1.36465337164e-06, 1.29965485485e-06, 6.0910360844e-07]
    },
    "melbands128": {
        "max": [0.00809676758945, 0.0544379688799, 0.113828077912, 0.0770018473268, 0.0732644051313, 0.0506150126457, 0.0398991964757, 0.0224909335375, 0.00907657574862, 0.0134183000773, 0.0110263153911, 0.00943807326257, 0.0104935988784, 0.00651442306116, 0.00682502612472, 0.0175415985286, 0.00981586240232, 0.00706027820706, 0.0156021611765, 0.00745531916618, 0.00732339546084, 0.00940732751042, 0.0214063934982, 0.0267804507166, 0.0413938239217, 0.0417933724821, 0.0286902692169, 0.0148777300492, 0.0104553150013, 0.00435488391668, 0.00788662582636, 0.00944717507809, 0.00261475215666, 0.0100189913064, 0.0176049340516, 0.00471406010911, 0.00211845547892, 0.00422489177436, 0.00906997546554, 0.00300596817397, 0.00396497687325, 0.00697229243815, 0.00308180972934, 0.00186091708019, 0.00264700409025, 0.000680522294715, 0.00122859585099, 0.00135124707595, 0.000881171086803, 0.00149882480036, 0.00112810800783, 0.00121398200281, 0.00108266435564, 0.000603641499765, 0.000647266220767, 0.000693635607604, 0.00146238552406, 0.0014049137244, 0.000526976655237, 0.000432339351391, 0.000242745561991, 0.000185443786904, 7.4247152952e-05, 0.00013136427151, 0.000233129030676, 0.00101790984627, 0.000464630458737, 0.000833638769109, 0.00118143670261, 0.000865357695147, 0.0008700513863, 0.000238652894041, 0.000478502275655, 0.000120147851703, 0.000120536955365, 0.00011350618297, 0.00018770348106, 0.000130732238176, 0.000114051203127, 0.00010041873611, 8.42699591885e-05, 9.92973145912e-05, 0.000102932179288, 9.04049156816e-05, 5.72518219997e-05, 3.14584685839e-05, 7.8779157775e-05, 7.40046234569e-05, 8.55911639519e-05, 6.09929484199e-05, 3.53008217644e-05, 3.64528459613e-05, 5.45353941561e-05, 5.70134507143e-05, 6.51360678603e-05, 3.66204549209e-05, 2.74615395028e-05, 4.51415435236e-05, 5.52270830667e-05, 3.17218291457e-05, 1.92503357539e-05, 1.38892646646e-05, 7.42945167076e-06, 2.25588846661e-05, 1.65213896253e-05, 5.38869153388e-06, 4.14331725551e-06, 7.88473425928e-06, 5.00315172758e-06, 4.35772017227e-06, 4.75252454635e-06, 5.25444875166e-06, 3.70291127183e-06, 3.57008525498e-06, 5.37916776011e-06, 5.19057766724e-06, 6.86535940986e-06, 3.95537608711e-06, 2.90200387099e-06, 1.49445068018e-05, 3.19633727486e-06, 1.614657549e-06, 9.94873289528e-07, 3.87924039558e-08, 7.7245249086e-10, 7.56340656771e-10, 7.51905093743e-10, 7.47719497429e-10],
        "mean": [0.000225069670705, 0.00142188975587, 0.00463838689029, 0.00518050836399, 0.00367532134987, 0.00248943106271, 0.00124751252588, 0.000720316311345, 0.000577150145546, 0.000605332665145, 0.000734114495572, 0.000512689759489, 0.000566347385757, 0.00051889749011, 0.000475146487588, 0.000472314597573, 0.000195043248823, 0.000195716362214, 0.000386003317544, 0.000288858922431, 0.000278040854027, 0.000359149300493, 0.000384974002372, 0.000473770982353, 0.0003946282377, 0.000729915802367, 0.000457546295365, 0.000128716579638, 0.000103397171188, 4.33480672655e-05, 8.75188707141e-05, 9.33371047722e-05, 4.25714242738e-05, 0.000140298754559, 0.000145477417391, 5.86637943343e-05, 2.40012050199e-05, 3.86424035241e-05, 3.52141105395e-05, 4.55168446933e-05, 8.33060694276e-05, 6.05331988481e-05, 4.07386978623e-05, 2.60538545263e-05, 1.58303428179e-05, 1.48415410877e-05, 1.98984471353e-05, 2.10277503356e-05, 1.20701433843e-05, 8.28113934404e-06, 1.21091597975e-05, 2.7961899832e-05, 2.50974680966e-05, 5.83254404773e-06, 7.13181816536e-06, 1.60165236593e-05, 1.83963675227e-05, 1.24471016534e-05, 1.56018068083e-05, 1.36369044412e-05, 6.02548971074e-06, 3.06410311168e-06, 2.99202952192e-06, 4.04131696996e-06, 6.93761057846e-06, 9.84193593467e-06, 9.88799001789e-06, 1.2791082554e-05, 1.02232788777e-05, 1.01222067315e-05, 1.11985864351e-05, 4.4730868467e-06, 3.66181461686e-06, 2.37363951783e-06, 2.05315564017e-06, 2.89088757199e-06, 2.81734514829e-06, 2.38502298089e-06, 2.19673984247e-06, 2.42320652433e-06, 2.81731081486e-06, 3.39040047947e-06, 3.12141105496e-06, 1.97123222279e-06, 1.43204374581e-06, 1.02345779851e-06, 1.01589034784e-06, 8.19985586986e-07, 7.72411681282e-07, 6.36796869458e-07, 4.96043355724e-07, 3.850466328e-07, 4.04336958582e-07, 4.21298750553e-07, 3.79404752948e-07, 3.28488312107e-07, 2.85110388631e-07, 2.33701484831e-07, 2.61589377715e-07, 2.20636493964e-07, 1.85596221058e-07, 1.55021297132e-07, 1.42902905509e-07, 1.39584059866e-07, 1.17095737551e-07, 8.59568416445e-08, 7.78704603022e-08, 7.96339776343e-08, 5.83920858332e-08, 4.35950866517e-08, 3.96592803042e-08, 4.34320881482e-08, 4.53992718974e-08, 3.61328886811e-08, 2.95303372866e-08, 2.1312395404e-08, 1.77638632692e-08, 9.49875200718e-09, 4.86235629538e-09, 1.14384377525e-08, 5.17997422733e-09, 3.09954795163e-09, 1.25295618325e-09, 2.58841802159e-11, 5.77329893961e-12, 5.53606943274e-12, 5.39962605878e-12, 5.3573660265e-12],
        "min": [8.69985160301e-12, 6.43209308038e-09, 2.52700793624e-08, 1.35141142721e-08, 1.97471749175e-07, 9.87598838265e-08, 6.20609228008e-07, 2.74868625638e-07, 2.56878763594e-07, 8.46465525228e-07, 1.46397695744e-07, 1.02637875443e-06, 8.2758458575e-07, 1.40896690937e-06, 2.34163621826e-06, 1.4063417666e-06, 5.63205162507e-07, 1.71592802189e-07, 1.77263373757e-07, 2.13719403064e-07, 6.004877946e-07, 1.98133960794e-07, 3.61198374321e-07, 3.95724498503e-07, 7.18299247637e-07, 2.65609486405e-07, 7.21041374163e-07, 2.94397239031e-07, 1.76383807116e-07, 1.47108266901e-07, 1.23619415149e-07, 9.94732545223e-08, 1.12884620762e-07, 1.16621485802e-07, 1.02425737225e-07, 7.30065252696e-08, 6.17707627271e-08, 1.23361880711e-08, 1.05695264097e-07, 9.20600058407e-08, 6.02137433248e-08, 1.84350824384e-07, 1.14313777999e-07, 1.17014195666e-07, 5.27584624876e-08, 2.14441975288e-08, 4.81789221851e-08, 3.4867134957e-08, 3.20078754612e-08, 2.17512017286e-08, 3.38718031401e-08, 1.52006389698e-08, 1.22097825184e-08, 1.63376441265e-08, 1.33171278449e-08, 3.87963368098e-08, 2.40863791134e-08, 1.09407478632e-08, 8.10655542693e-09, 1.60618949252e-08, 1.54935015928e-08, 2.20046629806e-08, 1.54333577029e-08, 7.6945063654e-09, 7.48600559319e-09, 1.80365553604e-08, 1.84848047979e-08, 9.48817202584e-09, 9.06750141638e-09, 2.09239470195e-09, 3.42385120256e-09, 1.34753230796e-09, 5.95027138672e-10, 3.54797025093e-10, 6.96757040952e-10, 4.80194772834e-11, 1.18234415314e-11, 5.34285376358e-12, 3.64168677852e-12, 3.20868700533e-12, 1.34160488708e-12, 1.56517377184e-12, 4.89315673483e-13, 6.57291007646e-13, 6.15084860215e-13, 4.35173978016e-13, 3.36720072398e-13, 6.25235811475e-13, 3.09618568848e-13, 3.95686006746e-13, 4.42259022373e-13, 4.52650883356e-13, 3.75206430595e-13, 2.17575455807e-13, 2.66625697215e-13, 2.55566292955e-13, 2.63673333384e-13, 2.37956708374e-13, 2.51507636332e-13, 1.70766165423e-13, 2.87652497308e-13, 2.12504953955e-13, 1.6558717559e-13, 2.23655160147e-13, 2.01022914135e-13, 2.52790789603e-13, 2.07621233031e-13, 2.19043438444e-13, 1.60748476162e-13, 2.20102175418e-13, 2.33201804221e-13, 1.19216946428e-13, 1.72357001718e-13, 1.96474157473e-13, 1.60558063155e-13, 1.62147300252e-13, 1.84783110579e-13, 1.89308041899e-13, 1.88432724827e-13, 1.72185304751e-13, 1.6943758408e-13, 1.85110959764e-13, 1.60496236527e-13, 2.05685227422e-13, 1.35117340493e-13, 5.18850167366e-14, 7.04272404961e-15, 2.53295382588e-16],
        "stdev": [0.000720244192053, 0.00313336029649, 0.00801055785269, 0.00837232079357, 0.00545180262998, 0.00378828472458, 0.0018887235783, 0.00131018704269, 0.00091159355361, 0.000953022390604, 0.000986564089544, 0.000735155947041, 0.000882832857314, 0.00088552053785, 0.000785274372902, 0.000994795118459, 0.000450346502475, 0.000514208222739, 0.00101889180951, 0.00068948592525, 0.000670737936161, 0.000930527225137, 0.00127574522048, 0.00177644996438, 0.00176032306626, 0.00248261610977, 0.00169227877632, 0.000565610069316, 0.000471604784252, 0.000174863671418, 0.000402474950533, 0.000529967364855, 0.000148492341395, 0.000667900254484, 0.00059833767591, 0.000211580729228, 9.14036281756e-05, 0.00015798053937, 0.000289842690108, 0.000177518217242, 0.000286755646812, 0.000240066001425, 0.00014451961033, 0.000109073822387, 7.28000886738e-05, 4.92076324008e-05, 7.34219065635e-05, 8.23448935989e-05, 4.19361131208e-05, 4.9496149586e-05, 5.94368793827e-05, 9.90457338048e-05, 7.92892606114e-05, 2.02725896088e-05, 2.23131319217e-05, 4.37876769865e-05, 7.28800732759e-05, 5.37214764336e-05, 4.03897684009e-05, 3.26067929564e-05, 1.69259747054e-05, 9.23233073991e-06, 5.95660139879e-06, 9.41806047194e-06, 1.58311104315e-05, 3.56486307282e-05, 2.75842303381e-05, 4.69142360089e-05, 5.32509620825e-05, 3.91585381294e-05, 4.39204995928e-05, 1.49339684867e-05, 1.89365946426e-05, 7.76539764047e-06, 6.74595730743e-06, 9.04053376871e-06, 1.04948303488e-05, 7.19226318324e-06, 6.25938719168e-06, 5.9111016526e-06, 5.95226674704e-06, 8.33498052089e-06, 8.10084293335e-06, 4.81872393721e-06, 4.02202749683e-06, 2.55226382251e-06, 2.86386671178e-06, 2.79458345176e-06, 2.92126651402e-06, 2.32276374845e-06, 1.58252089477e-06, 1.24875646179e-06, 1.71292924733e-06, 1.71259387116e-06, 2.05716696655e-06, 1.42416968174e-06, 1.18082402878e-06, 1.47307844145e-06, 1.76294940957e-06, 1.27719329157e-06, 8.49174227824e-07, 5.63915023122e-07, 4.57230015627e-07, 7.50091544433e-07, 6.07072138337e-07, 3.36655659794e-07, 2.62023007735e-07, 3.19624462009e-07, 2.32138702927e-07, 2.14907856844e-07, 2.17285418103e-07, 2.54240518416e-07, 2.41630004894e-07, 1.94654077745e-07, 2.05177812518e-07, 1.80081869416e-07, 2.32740049455e-07, 1.33329152163e-07, 9.36684401154e-08, 3.37020253482e-07, 9.58285184538e-08, 5.37293658454e-08, 2.69695235033e-08, 8.46774317331e-10, 1.85169605343e-11, 1.81624403017e-11, 1.80486459112e-11, 1.79489357405e-11]
    },
    "mfcc": {
        "mean": [-667.645446777, 161.487365723, -1.36381435394, 39.2058067322, -12.8027524948, 13.0293579102, -3.69307851791, 11.5004234314, -1.74946951866, 4.45660400391, 1.2978246212, 0.915129959583, -1.91515338421],
        "cov": [[3551.01733398, -1950.09851074, 360.777832031, -303.417419434, 389.248413086, -87.9863891602, -38.843120575, 87.1003112793, 200.035934448, 215.001052856, 113.044487, 146.147445679, 19.2775268555], [-1950.09851074, 1723.75317383, -341.433380127, 220.668380737, -174.911956787, 64.5358810425, 117.906486511, 32.5470199585, -145.379486084, 5.97079324722, 32.1352424622, -10.0162992477, 20.1623744965], [360.777832031, -341.433380127, 505.197631836, -36.4900779724, 125.511039734, 18.9243297577, 35.7083435059, -6.08524990082, 22.3815383911, -18.4028701782, 11.0569353104, 61.8282775879, 36.971622467], [-303.417419434, 220.668380737, -36.4900779724, 637.751037598, 19.9913539886, 56.6597099304, -155.426055908, 53.866809845, 56.7840538025, 40.4661903381, -75.3671112061, 39.8886299133, 101.085769653], [389.248413086, -174.911956787, 125.511039734, 19.9913539886, 451.886199951, -83.5817260742, 82.7540130615, -51.1087760925, 93.1254577637, 71.4214706421, -12.5142564774, 22.8515148163, 33.4431343079], [-87.9863891602, 64.5358810425, 18.9243297577, 56.6597099304, -83.5817260742, 328.372406006, 24.8223667145, 130.885803223, 8.12829780579, 14.7381000519, 25.7491168976, 55.3082733154, -15.8998918533], [-38.843120575, 117.906486511, 35.7083435059, -155.426055908, 82.7540130615, 24.8223667145, 249.604431152, -6.56236934662, 27.2728881836, 2.27353358269, 69.1884231567, 2.9234354496, -8.19451618195], [87.1003112793, 32.5470199585, -6.08524990082, 53.866809845, -51.1087760925, 130.885803223, -6.56236934662, 189.641555786, 2.3448240757, 60.5262947083, 5.02896404266, 61.847366333, -1.54271304607], [200.035934448, -145.379486084, 22.3815383911, 56.7840538025, 93.1254577637, 8.12829780579, 27.2728881836, 2.3448240757, 233.546630859, 4.40129423141, 10.5249423981, 0.134536221623, 8.13833713531], [215.001052856, 5.97079324722, -18.4028701782, 40.4661903381, 71.4214706421, 14.7381000519, 2.27353358269, 60.5262947083, 4.40129423141, 187.949920654, 14.7975301743, 59.9705543518, -5.93839788437], [113.044487, 32.1352424622, 11.0569353104, -75.3671112061, -12.5142564774, 25.7491168976, 69.1884231567, 5.02896404266, 10.5249423981, 14.7975301743, 136.866012573, 12.8004732132, -0.105115897954], [146.147445679, -10.0162992477, 61.8282775879, 39.8886299133, 22.8515148163, 55.3082733154, 2.9234354496, 61.847366333, 0.134536221623, 59.9705543518, 12.8004732132, 115.233177185, 6.96285247803], [19.2775268555, 20.1623744965, 36.971622467, 101.085769653, 33.4431343079, -15.8998918533, -8.19451618195, -1.54271304607, 8.13833713531, -5.93839788437, -0.105115897954, 6.96285247803, 118.747665405]],
        "icov": [[0.00126313592773, 0.00143954344094, 0.000320640363498, 0.00021168832609, -0.000472168991109, 0.00042463952559, 4.20972392021e-05, -0.000740612100344, -2.40927874984e-06, -0.000762436247896, -0.00124430062715, -0.000868627801538, -0.000534526596311], [0.00143954344094, 0.00257629761472, 0.000942485698033, -0.000403058016673, -0.000255025253864, 0.000511849648319, -0.00101488840301, -0.000775487045757, 0.000693704700097, -0.000792466744315, -0.00153495010454, -0.00110363669228, -0.000585030938964], [0.000320640363498, 0.000942485698033, 0.00294493278489, 4.14759051637e-05, -0.000716309936251, -0.000171602790942, -0.00047205388546, 9.64996070252e-05, 0.00040175174945, 0.000792095670477, -0.00042512328946, -0.00204659020528, -0.000885137938894], [0.00021168832609, -0.000403058016673, 4.14759051637e-05, 0.00306175625883, -0.000471206119983, -0.000629236281384, 0.00218580989167, -0.000163039294421, -0.00116920319851, -0.000537417537998, 0.000783484370913, -0.000625263492111, -0.0022974240128], [-0.000472168991109, -0.000255025253864, -0.000716309936251, -0.000471206119983, 0.0038155359216, 0.000541015528142, -0.00175354175735, 0.00139399885666, -0.00095061736647, -0.00145656394307, 0.00155972980428, 1.22300289149e-05, -0.000367966451449], [0.00042463952559, 0.000511849648319, -0.000171602790942, -0.000629236281384, 0.000541015528142, 0.00495198136196, -0.000962588470429, -0.00317085930146, -0.000115638744319, 0.000540535373148, -0.00102234142832, -0.00116632680874, 0.00093873613514], [4.20972392021e-05, -0.00101488840301, -0.00047205388546, 0.00218580989167, -0.00175354175735, -0.000962588470429, 0.0073012188077, -0.000116636780149, -0.00115909159649, 0.000282263965346, -0.00217875977978, 0.000174872315256, -0.000599583203439], [-0.000740612100344, -0.000775487045757, 9.64996070252e-05, -0.000163039294421, 0.00139399885666, -0.00317085930146, -0.000116636780149, 0.00964394211769, -0.000370870198822, -0.00188101455569, 0.00156495906413, -0.00222886982374, -0.000275846046861], [-2.40927874984e-06, 0.000693704700097, 0.00040175174945, -0.00116920319851, -0.00095061736647, -0.000115638744319, -0.00115909159649, -0.000370870198822, 0.0054909880273, 0.000577208993491, -0.000831694458611, 0.000477701687487, 0.000544055656064], [-0.000762436247896, -0.000792466744315, 0.000792095670477, -0.000537417537998, -0.00145656394307, 0.000540535373148, 0.000282263965346, -0.00188101455569, 0.000577208993491, 0.00847987644374, -0.000555309467018, -0.00275137275457, 0.00149217387661], [-0.00124430062715, -0.00153495010454, -0.00042512328946, 0.000783484370913, 0.00155972980428, -0.00102234142832, -0.00217875977978, 0.00156495906413, -0.000831694458611, -0.000555309467018, 0.0106674870476, -5.22005757375e-05, -0.000736415095162], [-0.000868627801538, -0.00110363669228, -0.00204659020528, -0.000625263492111, 1.22300289149e-05, -0.00116632680874, 0.000174872315256, -0.00222886982374, 0.000477701687487, -0.00275137275457, -5.22005757375e-05, 0.0141652990133, 0.000320394727169], [-0.000534526596311, -0.000585030938964, -0.000885137938894, -0.0022974240128, -0.000367966451449, 0.00093873613514, -0.000599583203439, -0.000275846046861, 0.000544055656064, 0.00149217387661, -0.000736415095162, 0.000320394727169, 0.011040889658]]
    },
    "spectral_contrast_coeffs": {
        "max": [-0.408018678427, -0.440476775169, -0.401899218559, -0.547558307648, -0.556276023388, -0.423249155283],
        "mean": [-0.707949757576, -0.714009463787, -0.73541367054, -0.77459859848, -0.769308507442, -0.686810195446],
        "min": [-0.927477955818, -0.950191736221, -0.901290178299, -0.912084400654, -0.889682888985, -0.965530455112],
        "stdev": [0.0650390684605, 0.0798694044352, 0.0865668803453, 0.066486120224, 0.0603943914175, 0.0806351676583]
    },
    "spectral_contrast_valleys": {
        "max": [-4.86761474609, -5.00977277756, -5.87875413895, -5.95344114304, -5.92740678787, -7.83645677567],
        "mean": [-6.3422164917, -6.70218276978, -7.48731470108, -8.04759120941, -8.08050918579, -11.7104520798],
        "min": [-10.0557613373, -8.40065670013, -9.56439781189, -9.43537425995, -10.3712949753, -16.5921897888],
        "stdev": [0.652481436729, 0.445861786604, 0.462336152792, 0.533403038979, 0.566795706749, 1.5974291563]
    }
},
"rhythm": {
    "beats_count": 81,
    "beats_loudness": {
        "max": 0.140975773335,
        "mean": 0.0428718067706,
        "min": 0.00566522264853,
        "stdev": 0.032803684473
    },
    "bpm": 95.4375915527,
    "bpm_histogram_first_peak_bpm": 96,
    "bpm_histogram_first_peak_weight": 0.428571403027,
    "bpm_histogram_second_peak_bpm": 101,
    "bpm_histogram_second_peak_spread": 0.571428537369,
    "bpm_histogram_second_peak_weight": 0.0750000029802,
    "danceability": 1.07385218143,
    "onset_rate": 3.3427734375,
    "beats_loudness_band_ratio": {
        "max": [0.966904103756, 0.883351206779, 0.782259404659, 0.634319782257, 0.287142604589, 0.345991969109],
        "mean": [0.491382330656, 0.177282467484, 0.207347422838, 0.0824904292822, 0.033807232976, 0.0347365029156],
        "min": [0.00349589926191, 0.00628009624779, 0.00461272615939, 0.00276020076126, 0.00123167072888, 0.000117695031804],
        "stdev": [0.295782089233, 0.169635847211, 0.184955373406, 0.123742952943, 0.0455200709403, 0.061272829771]
    },
