{
"metadata": {
    "version": {
        "essentia": "2.1-beta5",
        "essentia_git_sha": "Undefined",
        "extractor": "music 2.0"
    },
    "audio_properties": {
        "analysis": {
            "equal_loudness": 0,
            "length": 32.4963264465,
            "sample_rate": 44100,
            "start_time": 45.2440834045,
            "downmix": "mix"
        },
        "bit_rate": 192000,
        "length": 198.809265137,
        "lossless": 0,
        "number_channels": 2,
        "replay_gain": -6.41481018066,
        "sample_rate": 48000,
        "codec": "mp3",
        "md5_encoded": "329d4fd8717f72897cd27bde6044732d"
    },
    "tags": {
        "file_name": "Germany_Sister_S!sters.mp3",
        "encoding": ["Lavf58.29.100"]
    }
},
"lowlevel": {
    "average_loudness": 0.948628306389,
    "barkbands_crest": {
        "max": 24.8794670105,
        "mean": 11.3098220825,
        "min": 3.20058870316,
        "stdev": 4.35754394531
    },
    "barkbands_flatness_db": {
        "max": 0.339449554682,
        "mean": 0.161491587758,
        "min": 0.0576106905937,
        "stdev": 0.0520630888641
    },
    "barkbands_kurtosis": {
        "max": 75.7737197876,
        "mean": 4.29717206955,
        "min": -1.87890446186,
        "stdev": 6.84101915359
    },
    "barkbands_skewness": {
        "max": 6.79894113541,
        "mean": 1.39495265484,
        "min": -2.53136253357,
        "stdev": 1.24621868134
    },
    "barkbands_spread": {
        "max": 95.8158035278,
        "mean": 21.1727752686,
        "min": 1.88415956497,
        "stdev": 13.6255168915
    },
    "dissonance": {
        "max": 0.500000119209,
        "mean": 0.452606707811,
        "min": 0.269636780024,
        "stdev": 0.0350240282714
    },
    "dynamic_complexity": 3.02287125587,
    "erbbands_crest": {
        "max": 30.8028926849,
        "mean": 11.7806091309,
        "min": 2.9012029171,
        "stdev": 5.72450256348
    },
    "erbbands_flatness_db": {
        "max": 0.352434128523,
        "mean": 0.182476550341,
        "min": 0.0516952946782,
        "stdev": 0.0573289953172
    },
    "erbbands_kurtosis": {
        "max": 25.1174087524,
        "mean": 1.22858512402,
        "min": -1.76373898983,
        "stdev": 3.00773715973
    },
    "erbbands_skewness": {
        "max": 4.40271091461,
        "mean": 0.668705761433,
        "min": -2.59554195404,
        "stdev": 0.839400649071
    },
    "erbbands_spread": {
        "max": 123.999565125,
        "mean": 36.3077697754,
        "min": 3.7755856514,
        "stdev": 21.4847354889
    },
    "hfc": {
        "max": 114.702178955,
        "mean": 26.1576862335,
        "min": 0.0867845341563,
        "stdev": 20.6327152252
    },
    "loudness_ebu128": {
        "integrated": -16.5548400879,
        "loudness_range": 3.88364601135,
        "momentary": {
            "max": -13.7210693359,
            "mean": -17.3891735077,
            "min": -28.9224414825,
            "stdev": 2.92458820343
        },
        "short_term": {
            "max": -14.7105512619,
            "mean": -16.887014389,
            "min": -20.1663608551,
            "stdev": 1.44524276257
        }
    },
    "melbands_crest": {
        "max": 33.3646087646,
        "mean": 16.2273178101,
        "min": 4.85613965988,
        "stdev": 6.4698882103
    },
    "melbands_flatness_db": {
        "max": 0.437121272087,
        "mean": 0.201657742262,
        "min": 0.0592892244458,
        "stdev": 0.0630903840065
    },
    "melbands_kurtosis": {
        "max": 158.084152222,
        "mean": 12.3524475098,
        "min": -1.86019062996,
        "stdev": 16.7034435272
    },
    "melbands_skewness": {
        "max": 10.7431640625,
        "mean": 2.27454352379,
        "min": -1.45235276222,
        "stdev": 1.76725792885
    },
    "melbands_spread": {
        "max": 251.38873291,
        "mean": 24.9622058868,
        "min": 1.40418922901,
        "stdev": 20.9852104187
    },
    "pitch_salience": {
        "max": 0.855653345585,
        "mean": 0.50288105011,
        "min": 0.182087212801,
        "stdev": 0.116997562349
    },
    "silence_rate_20dB": {
        "max": 1,
        "mean": 1,
        "min": 1,
        "stdev": 0
    },
    "silence_rate_30dB": {
        "max": 1,
        "mean": 0.996431112289,
        "min": 0,
        "stdev": 0.0596335232258
    },
    "silence_rate_60dB": {
        "max": 1,
        "mean": 0.0770877972245,
        "min": 0,
        "stdev": 0.266731858253
    },
    "spectral_centroid": {
        "max": 5180.98828125,
        "mean": 1482.30407715,
        "min": 224.164291382,
        "stdev": 659.364074707
    },
    "spectral_complexity": {
        "max": 37,
        "mean": 14.6866521835,
        "min": 0,
        "stdev": 6.43949794769
    },
    "spectral_decrease": {
        "max": -5.27949628459e-11,
        "mean": -7.83776954449e-09,
        "min": -4.74526231642e-08,
        "stdev": 5.20627319034e-09
    },
    "spectral_energy": {
        "max": 0.183492347598,
        "mean": 0.0319541171193,
        "min": 0.000207132005016,
        "stdev": 0.0205808244646
    },
    "spectral_energyband_high": {
        "max": 0.0178432241082,
        "mean": 0.00114218541421,
        "min": 2.93316998068e-06,
        "stdev": 0.00154030986596
    },
    "spectral_energyband_low": {
        "max": 0.153284683824,
        "mean": 0.0116389095783,
        "min": 8.82040967554e-06,
        "stdev": 0.0153486002237
    },
    "spectral_energyband_middle_high": {
        "max": 0.0664695054293,
        "mean": 0.0103546436876,
        "min": 1.63479708135e-05,
        "stdev": 0.0125633683056
    },
    "spectral_energyband_middle_low": {
        "max": 0.0662590116262,
        "mean": 0.00987294781953,
        "min": 7.35914945835e-05,
        "stdev": 0.00890808179975
    },
    "spectral_entropy": {
        "max": 8.78004360199,
        "mean": 7.47912693024,
        "min": 6.14447593689,
        "stdev": 0.445301115513
    },
    "spectral_flux": {
        "max": 0.353145718575,
        "mean": 0.086967036128,
        "min": 0.0109459059313,
        "stdev": 0.0511986203492
    },
    "spectral_kurtosis": {
        "max": 19.1169815063,
        "mean": 3.17676854134,
        "min": -1.20056223869,
        "stdev": 2.17180204391
    },
    "spectral_rms": {
        "max": 0.0133797200397,
        "mean": 0.00525035709143,
        "min": 0.000449533079518,
        "stdev": 0.00189962319564
    },
    "spectral_rolloff": {
        "max": 11218.7988281,
        "mean": 1575.12084961,
        "min": 64.599609375,
        "stdev": 1706.21508789
    },
    "spectral_skewness": {
        "max": 3.24636220932,
        "mean": 1.34197294712,
        "min": -0.0765118598938,
        "stdev": 0.421384245157
    },
    "spectral_spread": {
        "max": 18229768,
        "mean": 4849920.5,
        "min": 2243113.75,
        "stdev": 1756351.375
    },
    "spectral_strongpeak": {
        "max": 11.9690647125,
        "mean": 1.70818376541,
        "min": 0,
        "stdev": 2.26974344254
    },
    "zerocrossingrate": {
        "max": 0.39501953125,
        "mean": 0.0656583160162,
        "min": 0.00146484375,
        "stdev": 0.043896175921
    },
    "barkbands": {
        "max": [0.00980725232512, 0.0660292357206, 0.100805193186, 0.0240559317172, 0.0386524870992, 0.029005818069, 0.0306576881558, 0.0418647378683, 0.0332955867052, 0.04759734869, 0.0597503110766, 0.0271132718772, 0.0410097576678, 0.0142182866111, 0.0165683943778, 0.0299743209034, 0.017236949876, 0.00380094489083, 0.00755942007527, 0.00255273608491, 0.00479781301692, 0.00599461235106, 0.00647471053526, 0.00236721336842, 0.00574032403529, 0.000943496183027, 0.000129172753077],
        "mean": [0.00109306361992, 0.00801212526858, 0.00173919473309, 0.00178860698361, 0.001791790477, 0.00203435658477, 0.00132774095982, 0.00138313719071, 0.00105177261867, 0.00169521989301, 0.00353543809615, 0.00145975698251, 0.000848374736961, 0.000591317308135, 0.000798150373157, 0.000483963900479, 0.00039671259583, 0.000262476387434, 0.000396874645958, 0.000301304418826, 0.000292616954539, 0.000234648614423, 0.000228038057685, 9.51695765252e-05, 8.64758621901e-05, 2.47400457738e-05, 1.0881902881e-06],
        "min": [1.64677445014e-08, 5.26945257207e-07, 1.02084027276e-06, 3.00355736726e-07, 3.04725915612e-07, 3.36407850909e-07, 3.22378309647e-06, 3.14399585477e-07, 4.29693841397e-07, 9.33995920605e-07, 1.97339704755e-06, 2.20150150199e-06, 1.09977270313e-06, 3.6698634176e-07, 1.04437515347e-06, 7.29726650661e-07, 1.03863567347e-06, 3.22197024616e-07, 4.91809771574e-07, 2.97464680443e-07, 3.33430705268e-07, 4.24085499162e-07, 3.85043932738e-07, 1.11490802701e-10, 3.32466866537e-11, 2.70134192792e-11, 3.45001908986e-11],
        "stdev": [0.0016817918513, 0.00989354401827, 0.00701352534816, 0.00286140362732, 0.00297812279314, 0.00338539620861, 0.00268183508888, 0.00319911167026, 0.00257246918045, 0.0044312607497, 0.0081812562421, 0.00339613342658, 0.00299361674115, 0.00137774308678, 0.00187337747775, 0.00150335847866, 0.00133179407567, 0.000421086355345, 0.000641370483208, 0.000384710379876, 0.000536822713912, 0.000459894072264, 0.000414901354816, 0.000190267979633, 0.000304935732856, 6.61361700622e-05, 6.83418647895e-06]
    },
    "erbbands": {
        "max": [3.06974458694, 15.0771770477, 103.969436646, 87.7207565308, 105.719207764, 129.597686768, 201.316436768, 313.002441406, 455.854370117, 710.524353027, 1005.7020874, 994.872314453, 1621.47070312, 1659.52905273, 2579.98974609, 1063.81469727, 2128.24755859, 746.438110352, 1051.9777832, 1316.8314209, 1689.92907715, 1160.34741211, 275.350799561, 531.713256836, 367.095916748, 166.692703247, 142.417770386, 246.310531616, 218.551361084, 239.960922241, 182.400909424, 53.0160446167, 54.8756942749, 63.3752365112, 39.4643478394, 5.94052410126, 1.69502723217, 0.235177144408, 0.033237721771, 0.00116147485096],
        "mean": [0.387731552124, 1.16657471657, 1.97704434395, 4.11679649353, 4.77897882462, 6.71347761154, 11.4629364014, 18.6139316559, 15.2741851807, 32.2124214172, 24.1762447357, 27.9205226898, 37.8988952637, 77.4942245483, 137.655822754, 67.0133895874, 43.8681793213, 28.9590587616, 41.9932403564, 38.3889122009, 21.5003395081, 21.8940067291, 13.7189035416, 22.4169616699, 15.0668869019, 14.7338523865, 12.5080699921, 11.1768569946, 8.1150598526, 8.13791179657, 6.331346035, 2.34453582764, 1.6576397419, 1.15560483932, 0.493959605694, 0.162397131324, 0.0332311987877, 0.0037288593594, 0.000236671578023, 4.76741661259e-05],
        "min": [2.20405836444e-05, 0.000430716841947, 0.00148328393698, 0.00285205314867, 0.00328463688493, 0.000812405021861, 0.0029463742394, 0.0170852057636, 0.0587627477944, 0.0572272054851, 0.0508474782109, 0.0243316814303, 0.0260846894234, 0.119990602136, 0.103476196527, 0.10887324065, 0.156362116337, 0.0339771844447, 0.0374538302422, 0.0472151376307, 0.051298070699, 0.0688316076994, 0.0205988027155, 0.0269642807543, 0.021223494783, 0.0136169884354, 0.0145364860073, 0.0119074434042, 0.015932418406, 0.014396215789, 0.00915217492729, 0.00401686737314, 0.000165129531524, 3.20666586049e-05, 1.60766867339e-05, 3.45789499079e-06, 9.22496440126e-07, 2.99745835264e-07, 5.79732784445e-07, 9.54090296545e-07],
        "stdev": [0.501662909985, 1.75269150734, 7.07229232788, 7.71733188629, 7.74565696716, 11.6877708435, 20.1413040161, 32.0632553101, 29.9503765106, 64.1636276245, 62.2784729004, 72.0452194214, 78.8256835938, 175.121231079, 309.982666016, 136.217300415, 142.737060547, 63.1397628784, 105.868751526, 87.9075698853, 62.976688385, 80.3675765991, 23.6456050873, 37.8529548645, 23.5112724304, 18.692111969, 19.3629493713, 22.6182308197, 15.7556228638, 16.2056694031, 11.4646224976, 3.96951842308, 3.82178640366, 3.68752789497, 2.04467463493, 0.453368127346, 0.0940912440419, 0.0140775404871, 0.00138597865589, 6.23810410616e-05]
    },
    "gfcc": {
        "mean": [-2.57468748093, 86.8333587646, -132.02204895, 39.4873123169, -69.8125534058, 25.5188541412, -28.8558597565, 11.0718450546, -19.2950458527, 1.87420558929, -4.83086776733, 1.52180671692, -4.97177362442],
        "cov": [[3181.71777344, -630.277038574, 257.372833252, 1.19070971012, 196.835586548, 276.452972412, 107.017074585, 188.784866333, -99.4846954346, 331.779937744, -220.876495361, 261.449157715, -118.349456787], [-630.277038574, 1947.27648926, 355.927307129, 442.292755127, 268.887939453, -368.541320801, 102.6667099, -236.573776245, 297.2371521, -251.438690186, 226.857574463, -262.861938477, 251.800247192], [257.372833252, 355.927307129, 1398.18615723, 329.609649658, 124.324676514, -78.2007980347, -155.247695923, 61.1935310364, -75.5884552002, 17.6352825165, -82.3026809692, 60.6903839111, -55.0998725891], [1.19070971012, 442.292755127, 329.609649658, 559.589294434, 99.1280136108, -125.142837524, 52.9261207581, -34.3044166565, 101.244812012, -49.6405067444, 37.4126586914, -54.384552002, 135.94744873], [196.835586548, 268.887939453, 124.324676514, 99.1280136108, 301.18447876, 88.1226196289, 107.531738281, 12.3921413422, 49.8309593201, 27.5681743622, -20.4683685303, -6.85163784027, -3.6845908165], [276.452972412, -368.541320801, -78.2007980347, -125.142837524, 88.1226196289, 476.73916626, 198.325271606, -0.963081419468, -103.430870056, 118.331115723, -54.2385597229, 56.2299728394, -59.3744354248], [107.017074585, 102.6667099, -155.247695923, 52.9261207581, 107.531738281, 198.325271606, 331.202514648, -58.1914291382, 1.7190438509, 33.3584632874, 27.4809818268, 8.2969455719, 40.1180458069], [188.784866333, -236.573776245, 61.1935310364, -34.3044166565, 12.3921413422, -0.963081419468, -58.1914291382, 212.537902832, -13.6004676819, 32.1616172791, -61.9602775574, 40.9949226379, -42.3979034424], [-99.4846954346, 297.2371521, -75.5884552002, 101.244812012, 49.8309593201, -103.430870056, 1.7190438509, -13.6004676819, 204.970230103, -24.6649265289, 60.1671600342, -49.8915290833, 60.3172225952], [331.779937744, -251.438690186, 17.6352825165, -49.6405067444, 27.5681743622, 118.331115723, 33.3584632874, 32.1616172791, -24.6649265289, 167.727371216, -28.1577625275, 49.3689231873, -56.9706802368], [-220.876495361, 226.857574463, -82.3026809692, 37.4126586914, -20.4683685303, -54.2385597229, 27.4809818268, -61.9602775574, 60.1671600342, -28.1577625275, 142.049102783, -26.1240406036, 58.2116279602], [261.449157715, -262.861938477, 60.6903839111, -54.384552002, -6.85163784027, 56.2299728394, 8.2969455719, 40.9949226379, -49.8915290833, 49.3689231873, -26.1240406036, 177.435745239, -34.6410865784], [-118.349456787, 251.800247192, -55.0998725891, 135.94744873, -3.6845908165, -59.3744354248, 40.1180458069, -42.3979034424, 60.3172225952, -56.9706802368, 58.2116279602, -34.6410865784, 163.596618652]],
        "icov": [[0.000480999646243, -4.12948284065e-05, 1.80343104148e-05, -7.98784167273e-05, -0.000149611936649, 3.74297706003e-05, -5.91567913943e-05, -0.000138080547913, 3.90850436816e-05, -0.000799342698883, 0.000576979364268, -0.000490384467412, -0.000128999410663], [-4.12948284065e-05, 0.00233551836573, -0.000975503236987, 0.000550909142476, -0.00193206768017, 0.00137883727439, -0.00113327463623, 0.00135341624264, -0.00122209009714, 0.00169107294641, -0.00171963789035, 0.00193801650312, -0.00126364442986], [1.80343104148e-05, -0.000975503236987, 0.0015931406524, -0.00124349736143, 0.000228090633755, -0.000582943728659, 0.00132090644911, -0.000526274787262, 0.00127167312894, -0.000749024271499, 0.000775518186856, -0.00123984587844, 0.00114948453847], [-7.98784167273e-05, 0.000550909142476, -0.00124349736143, 0.00365939270705, -0.000844727270305, 0.00116182875354, -0.00137251929846, 0.000421822041972, -0.00114858651068, 0.000273864687188, -4.70980812679e-05, 0.00110420654528, -0.00274750357494], [-0.000149611936649, -0.00193206768017, 0.000228090633755, -0.000844727270305, 0.0065756351687, -0.00189304281957, -0.000645075226203, -0.00148647034075, -0.00098625861574, -0.00103732361458, 0.00215168530121, -0.00105384585913, 0.00189192721155], [3.74297706003e-05, 0.00137883727439, -0.000582943728659, 0.00116182875354, -0.00189304281957, 0.00513196690008, -0.00301072816364, 0.000968208245467, 0.000780847098213, -0.000996372895315, -8.81869782461e-05, 0.00108403456397, -0.000821773719508], [-5.91567913943e-05, -0.00113327463623, 0.00132090644911, -0.00137251929846, -0.000645075226203, -0.00301072816364, 0.00645364355296, 0.000322463776683, 0.00107862660661, -0.000763826014008, -0.000309580529574, -0.00147729623131, -0.000185654105735], [-0.000138080547913, 0.00135341624264, -0.000526274787262, 0.000421822041972, -0.00148647034075, 0.000968208245467, 0.000322463776683, 0.00677666440606, -0.00122321385425, 0.000480756309116, 0.00108451501001, 0.000167331018019, -0.000447754136985], [3.90850436816e-05, -0.00122209009714, 0.00127167312894, -0.00114858651068, -0.00098625861574, 0.000780847098213, 0.00107862660661, -0.00122321385425, 0.00851392745972, -0.00182015087921, -0.00138183915988, -7.50180697651e-05, -0.000325387547491], [-0.000799342698883, 0.00169107294641, -0.000749024271499, 0.000273864687188, -0.00103732361458, -0.000996372895315, -0.000763826014008, 0.000480756309116, -0.00182015087921, 0.0108957961202, -0.00225421506912, 0.000675575225614, 0.00167656212579], [0.000576979364268, -0.00171963789035, 0.000775518186856, -4.70980812679e-05, 0.00215168530121, -8.81869782461e-05, -0.000309580529574, 0.00108451501001, -0.00138183915988, -0.00225421506912, 0.0122666386887, -0.002017355524, -0.0013295058161], [-0.000490384467412, 0.00193801650312, -0.00123984587844, 0.00110420654528, -0.00105384585913, 0.00108403456397, -0.00147729623131, 0.000167331018019, -7.50180697651e-05, 0.000675575225614, -0.002017355524, 0.00893192179501, -0.00102544669062], [-0.000128999410663, -0.00126364442986, 0.00114948453847, -0.00274750357494, 0.00189192721155, -0.000821773719508, -0.000185654105735, -0.000447754136985, -0.000325387547491, 0.00167656212579, -0.0013295058161, -0.00102544669062, 0.0112681174651]]
    },
    "melbands": {
        "max": [0.0201665237546, 0.0413025580347, 0.0131575800478, 0.00711755687371, 0.00595007510856, 0.00660618254915, 0.0069072926417, 0.0083623137325, 0.0075147957541, 0.00548668811098, 0.0079540470615, 0.00751652522013, 0.00805494841188, 0.0037277743686, 0.00387303554453, 0.00360965658911, 0.00169865682255, 0.00192829163279, 0.00132633990142, 0.00237140036188, 0.00172439427115, 0.00153847003821, 0.000764362921473, 0.000165010278579, 0.000537195592187, 0.000462847732706, 0.000140842937981, 9.67070809565e-05, 0.000105290630017, 0.000121962541016, 0.000181717856321, 0.000137218798045, 0.000111940971692, 0.000147039099829, 0.000139424009831, 5.50930963072e-05, 2.45416140388e-05, 2.73328714684e-05, 6.41874430585e-05, 7.21214091755e-05],
        "mean": [0.00272909505293, 0.00115695630666, 0.000756727531552, 0.000370932713849, 0.000418658426497, 0.0004074225144, 0.000239822227741, 0.000351573689841, 0.000184374584933, 0.000168675818713, 0.000188415069715, 0.000293511082418, 0.00050677312538, 0.000205766787985, 0.000137888724566, 6.2380808231e-05, 5.37241212442e-05, 6.76981580909e-05, 5.05910684296e-05, 4.47079619335e-05, 2.15974851017e-05, 2.38438278757e-05, 1.58416023623e-05, 1.22167266454e-05, 1.91384206119e-05, 1.36290727824e-05, 7.91426464275e-06, 1.00608640423e-05, 8.14924533188e-06, 7.44044973544e-06, 6.06346520726e-06, 4.25167581852e-06, 4.89104013468e-06, 4.33708828496e-06, 4.03497051593e-06, 2.3168036023e-06, 1.06948380107e-06, 1.09464940579e-06, 1.17114677778e-06, 9.30848102598e-07],
        "min": [2.15009762883e-07, 9.23652464735e-07, 5.64042466067e-07, 1.43921823792e-07, 3.91131962374e-08, 2.69819167897e-07, 7.06664991412e-07, 5.7370846207e-07, 1.44121358403e-07, 6.78075906535e-08, 7.7240116525e-08, 4.65122752757e-07, 3.20345151295e-07, 3.30504690282e-07, 3.18459321136e-08, 1.08663869014e-07, 4.3831743568e-08, 4.84794071554e-08, 7.62069234383e-08, 4.72136463259e-08, 4.68789522756e-08, 6.33727381683e-08, 3.57192355693e-08, 1.40191023235e-08, 2.24365788171e-08, 2.02196623889e-08, 1.31705837347e-08, 6.77480382905e-09, 9.20175580177e-09, 7.18842096958e-09, 6.29929841622e-09, 6.04372552004e-09, 3.22126592067e-09, 7.12738534858e-09, 6.41286534986e-09, 5.69654545757e-10, 3.84323605926e-12, 5.71149735579e-13, 2.63346896373e-12, 3.09987793897e-13],
        "stdev": [0.00337359309196, 0.00291135208681, 0.00131941668224, 0.000568393850699, 0.000673606235068, 0.000685768667608, 0.000476566317957, 0.000709096901119, 0.000484739255626, 0.000427760271123, 0.000412518769735, 0.000733009830583, 0.00116386602167, 0.000473580061225, 0.000336073630024, 0.000217577384319, 0.000135100723128, 0.000181077091838, 0.000117125266115, 0.000125904203742, 7.01763856341e-05, 0.000101760568214, 4.58298636659e-05, 1.76699140866e-05, 3.61080747098e-05, 2.5529823688e-05, 1.04644159364e-05, 1.36336284413e-05, 1.31729602799e-05, 1.6022760974e-05, 1.39118483276e-05, 9.0713656391e-06, 9.47254648054e-06, 9.23700372368e-06, 8.12244252302e-06, 3.80102915187e-06, 2.09111158256e-06, 2.36434152612e-06, 3.45237140209e-06, 3.60319995707e-06]
    },
    "melbands128": {
        "max": [0.00920238345861, 0.0301963295788, 0.032107938081, 0.0295130312443, 0.0547112263739, 0.0456023626029, 0.0207928586751, 0.0129672195762, 0.0121816219762, 0.00532255228609, 0.00718079740182, 0.00976033695042, 0.00848379544914, 0.0125582115725, 0.01024577301, 0.00676288083196, 0.00996424723417, 0.0116285290569, 0.0104648666456, 0.0124106891453, 0.0120042515919, 0.0104772802442, 0.0103610064834, 0.00648497603834, 0.0124175753444, 0.00569602148607, 0.00771412532777, 0.0147598301992, 0.0075823306106, 0.0169172603637, 0.00948835350573, 0.0159709174186, 0.0151944682002, 0.0199039485306, 0.00792251247913, 0.00534757040441, 0.00519171962515, 0.00368832238019, 0.0104128979146, 0.00707828300074, 0.00677585089579, 0.00253247004002, 0.00213047349826, 0.00299850571901, 0.00228513497859, 0.00396164227277, 0.00300884013996, 0.00284403865226, 0.00222184835002, 0.00393646536395, 0.00341841066256, 0.00410628179088, 0.00315319746733, 0.00116884021554, 0.00138523057103, 0.00329440971836, 0.0016569084255, 0.00204593501985, 0.000613849144429, 0.00023170109489, 0.00032320767059, 0.000380717712687, 0.000874553283211, 0.000649617693853, 0.000372248003259, 0.00111242162529, 0.000795673404355, 0.000106260529719, 0.000131296706968, 0.000237101354287, 0.000225076277275, 0.000221866328502, 0.000330654380377, 0.00019698619144, 0.000123459147289, 0.000322623469401, 0.000377007469069, 0.000214871382923, 0.000294769241009, 0.000208014884265, 0.000175669061719, 0.00010812675464, 0.000145541562233, 0.000117988995044, 0.000162086551427, 0.000157064510859, 0.000171104562469, 0.000196469380171, 0.000212414452108, 0.000102937978227, 8.59815772856e-05, 4.1407522076e-05, 4.4316489948e-05, 2.37168933381e-05, 2.14424544538e-05, 2.13166931644e-05, 3.30844923155e-05, 7.21415126463e-05, 9.57926822593e-05, 5.87798385823e-05, 5.41431872989e-05, 0.000114398775622, 8.53853707667e-05, 9.2023256002e-05, 5.09745586896e-05, 3.38489553542e-05, 2.05443357117e-05, 1.48970057126e-05, 9.3721664598e-06, 4.8466372391e-06, 5.07905178893e-06, 5.6622543525e-06, 5.4381598602e-06, 7.40843688618e-06, 4.86471662953e-06, 2.33412606576e-06, 2.85888154394e-06, 1.4467074152e-06, 2.69650695373e-06, 1.31899912503e-06, 7.38405560696e-07, 9.27140035856e-07, 9.1192941909e-07, 3.55362885784e-08, 1.54180812562e-09, 1.52959556132e-09, 1.51311096985e-09, 1.50534384957e-09],
        "mean": [0.00105707533658, 0.00376183446497, 0.00301806512289, 0.00157686998136, 0.00102765543852, 0.000826223229524, 0.000813065154944, 0.000931176706217, 0.000396518764319, 0.000255127932178, 0.000380600831704, 0.000477741821669, 0.000305331952404, 0.000518533284776, 0.000517028733157, 0.000283921690425, 0.000233993749134, 0.000205651464057, 0.000261103850789, 0.000448999548098, 0.000350465998054, 0.000198050242034, 0.000168860904523, 0.000141806114698, 0.000222007322009, 0.000146527367178, 0.000129280233523, 0.000219862224185, 0.000169539387571, 0.000322408654029, 0.000206535813049, 0.00049232627498, 0.000666923529934, 0.000467352074338, 0.000142262040754, 0.000189106038306, 0.000189804602996, 9.48870510911e-05, 0.000162735930644, 8.93838223419e-05, 2.92612967314e-05, 3.45950829796e-05, 5.455567225e-05, 6.87640858814e-05, 4.41043630417e-05, 8.45179311e-05, 7.48022721382e-05, 3.26888257405e-05, 4.53020184068e-05, 7.3364484706e-05, 4.07314037147e-05, 2.43152753683e-05, 1.91838189494e-05, 2.33263290284e-05, 2.01746806852e-05, 2.92500935757e-05, 1.83306437975e-05, 2.30936384469e-05, 1.3028322428e-05, 6.01038118475e-06, 1.12351390271e-05, 1.57232279889e-05, 2.29144206969e-05, 1.97328317881e-05, 1.33911380544e-05, 1.75038276211e-05, 1.09861784949e-05, 5.4144366004e-06, 6.58250201013e-06, 1.21918765217e-05, 1.0367849427e-05, 7.98277505965e-06, 1.15240063678e-05, 7.33564547772e-06, 5.45431839782e-06, 7.84968142398e-06, 8.8582155513e-06, 6.06856292507e-06, 6.18827289145e-06, 5.36063635082e-06, 3.6857250052e-06, 3.57997873834e-06, 5.64146421311e-06, 4.86515409648e-06, 4.44992565463e-06, 4.96555730933e-06, 3.88295484299e-06, 4.0351383177e-06, 4.59864668301e-06, 3.50227469426e-06, 2.99964949591e-06, 1.88944829915e-06, 1.39936014421e-06, 9.54049824031e-07, 9.48539650381e-07, 9.39144570111e-07, 1.16221315238e-06, 1.27260545923e-06, 1.24402561141e-06, 1.07209018552e-06, 9.40981408348e-07, 9.67227492765e-07, 8.52798734741e-07, 7.31043542146e-07, 5.01627312133e-07, 4.2028565872e-07, 3.64821119092e-07, 3.96668582425e-07, 2.96180786563e-07, 1.68850860405e-07, 1.21849424772e-07, 1.33100598987e-07, 9.03348009729e-08, 8.14588574372e-08, 5.64725333163e-08, 3.00678948406e-08, 1.66667177837e-08, 7.88135157137e-09, 7.21351733901e-09, 5.30883070837e-09, 3.92976984287e-09, 2.81664314095e-09, 3.29775184937e-09, 1.37137107226e-10, 6.11650183627e-12, 5.93928725645e-12, 5.82842584959e-12, 5.78566665063e-12],
        "min": [5.65401281349e-10, 2.89895574213e-08, 2.22657121185e-07, 7.9614252968e-08, 3.36632410836e-07, 3.02796735241e-07, 1.0439296716e-07, 1.64496910315e-07, 1.90224625385e-07, 6.5349382794e-08, 1.03890513969e-08, 2.1604570577e-08, 1.97090308518e-08, 3.24969171572e-08, 9.37600574957e-08, 3.29805409649e-08, 1.52724140889e-07, 1.53966794869e-07, 1.77619114083e-07, 1.64317370377e-07, 1.8245755129e-08, 4.02193478521e-08, 1.90051601123e-08, 4.91304454897e-08, 3.62912828678e-08, 2.33134755945e-08, 3.25086908504e-08, 2.80365295424e-08, 1.52034402845e-08, 7.38123446808e-08, 1.14817879648e-07, 1.59357526286e-07, 7.50330855226e-08, 1.15402194467e-07, 2.30006946822e-08, 1.93558111761e-08, 4.66098182272e-09, 2.71205569113e-09, 1.93287892358e-08, 3.15006403184e-08, 2.59619419296e-08, 1.25216059743e-08, 4.00002697631e-08, 3.87062115692e-08, 1.02032355898e-08, 1.88913453769e-08, 2.12388489018e-08, 1.73998131459e-08, 4.10721909816e-08, 1.69824829754e-08, 2.52422296398e-08, 2.70001532243e-08, 1.3865467885e-08, 1.18964580409e-08, 7.18250836584e-09, 9.52504031204e-09, 2.64695376728e-08, 4.09193852136e-08, 1.38250095816e-08, 5.20976151108e-09, 1.10365592221e-08, 2.41077433571e-08, 2.01242507103e-08, 1.98492351444e-08, 1.90486577623e-08, 2.48377798329e-08, 9.49000789063e-09, 8.64284110946e-09, 1.6194782404e-08, 1.67335052481e-08, 4.52790338556e-09, 2.56191357018e-09, 7.21539361592e-09, 1.01079109527e-08, 7.52544915272e-10, 1.33833877314e-09, 8.57387105757e-10, 7.51402318144e-09, 2.20161378017e-09, 2.01318384185e-09, 2.00384597804e-09, 3.03245561994e-09, 2.11748552026e-09, 1.67072500279e-09, 4.19453227707e-09, 4.79770778661e-10, 3.00251573604e-10, 1.70759395512e-09, 7.18415282819e-09, 2.67159494527e-09, 5.94755800165e-10, 9.09478325983e-11, 3.05758370012e-12, 7.564165223e-13, 3.88794058797e-13, 3.29437215354e-13, 6.290461858e-13, 8.75586224618e-13, 6.36226965209e-13, 3.07728858671e-13, 2.93712807981e-13, 2.50605146444e-13, 2.51352541211e-13, 3.1183072075e-13, 1.10558555312e-13, 1.47001795502e-13, 1.14483495925e-13, 1.75479951208e-13, 1.52522458097e-13, 1.09487458433e-13, 1.34326116853e-13, 1.08556440475e-13, 1.4268648112e-13, 1.17447691112e-13, 1.30026577613e-13, 1.54601158264e-13, 1.24903586822e-13, 1.17471408035e-13, 1.32730320333e-13, 1.38649982879e-13, 1.2954756354e-13, 1.05328682516e-13, 1.29748425545e-13, 1.15170568395e-13, 8.70675737454e-14, 2.62341435061e-14, 5.69279197147e-15, 2.67651585193e-16],
        "stdev": [0.00163002638146, 0.00510570034385, 0.00395574327558, 0.00287766125984, 0.0036989680957, 0.00328257121146, 0.0016355906846, 0.00148991495371, 0.000780988833867, 0.000545157061424, 0.000741928757634, 0.00092356215464, 0.000774337910116, 0.00106760137714, 0.00102587288711, 0.000623386004008, 0.000568378251046, 0.000647563661914, 0.000762172508985, 0.00101844244637, 0.000917453784496, 0.000690613931511, 0.000659654266201, 0.000487189099658, 0.000823015696369, 0.000447301281383, 0.000350437592715, 0.000660786172375, 0.000535268918611, 0.00136523740366, 0.000705033831764, 0.0016280337004, 0.00181916414294, 0.00168677524198, 0.000583981222007, 0.000616852776147, 0.000544182490557, 0.000357415934559, 0.000702467106748, 0.000427622988354, 0.000198709327378, 0.000126470447867, 0.00017008506984, 0.00023628778581, 0.000173245396581, 0.000334681331879, 0.000260196567979, 0.000169717110111, 0.000156672700541, 0.00023925692949, 0.000172251966433, 0.000130515443743, 0.000113346301077, 7.56848239689e-05, 7.06984355929e-05, 0.000195264437934, 8.6004169134e-05, 0.000104865175672, 4.18122908741e-05, 1.40932561408e-05, 2.3668164431e-05, 3.23781532643e-05, 6.07403453614e-05, 5.32311751158e-05, 3.23726344504e-05, 4.82995710627e-05, 3.08090093313e-05, 1.09177099148e-05, 1.15790480777e-05, 2.28921398957e-05, 1.99628520932e-05, 1.61009393196e-05, 2.67507912213e-05, 1.53939490701e-05, 1.2401854292e-05, 2.49540116783e-05, 3.11373150907e-05, 1.78244736162e-05, 2.11138449231e-05, 1.45348676597e-05, 1.03741494968e-05, 8.45192516863e-06, 1.16817454909e-05, 1.11167846626e-05, 1.04557693703e-05, 1.12862599053e-05, 1.02720750874e-05, 9.51874790189e-06, 1.14431704787e-05, 6.89593889547e-06, 5.94898574491e-06, 3.61029674423e-06, 2.9996710964e-06, 2.0957443212e-06, 2.05522474062e-06, 2.09156360143e-06, 2.60633646576e-06, 4.07044717576e-06, 4.44951410827e-06, 3.18516208608e-06, 3.1906863569e-06, 4.82394216306e-06, 3.76678553948e-06, 3.79398989026e-06, 2.31034186982e-06, 1.72937131993e-06, 1.29101931634e-06, 1.22877145259e-06, 7.60355135299e-07, 4.22190623794e-07, 3.24756769032e-07, 3.76563178861e-07, 3.0127640116e-07, 3.48370548409e-07, 2.35077948219e-07, 1.23695315324e-07, 1.05164119191e-07, 5.86214135012e-08, 8.21874479584e-08, 5.2811515161e-08, 4.06349656146e-08, 3.42508315043e-08, 4.29809219327e-08, 1.75599912389e-09, 5.14522001394e-11, 5.08697910184e-11, 5.03032233923e-11, 5.0002193358e-11]
    },
    "mfcc": {
        "mean": [-638.252624512, 105.312667847, -0.669011294842, 18.1836643219, -6.46415233612, 9.74279880524, 3.3872590065, 9.72394752502, -3.48048138618, 3.98319792747, -0.429106235504, 0.250649064779, 9.23195171356],
        "cov": [[3011.72607422, -450.934997559, -132.05921936, -42.0974845886, -49.0125656128, 256.222747803, 132.921890259, 57.0385093689, 130.218353271, 109.715034485, 73.2992172241, -72.4067077637, 49.6157646179], [-450.934997559, 1421.96972656, 246.287918091, 418.986694336, 206.633773804, -1.71057593822, -53.6477355957, -27.7332248688, -24.2291622162, 14.6026144028, 69.4937515259, -64.349899292, -59.001335144], [-132.05921936, 246.287918091, 982.974914551, 292.241333008, 241.482437134, -50.7040252686, 22.02501297, -46.1268768311, 15.8150081635, -114.242233276, 50.8987350464, 1.96613228321, -70.6413726807], [-42.0974845886, 418.986694336, 292.241333008, 636.448120117, 153.194732666, -76.5714111328, -74.680229187, -13.5217857361, 54.2077522278, -11.1530981064, 32.6890258789, -8.99575614929, -74.2773132324], [-49.0125656128, 206.633773804, 241.482437134, 153.194732666, 308.179321289, -79.3213424683, -47.9392929077, -12.5482578278, 66.108757019, -21.2191448212, 34.9553527832, 17.2461700439, 19.1029262543], [256.222747803, -1.71057593822, -50.7040252686, -76.5714111328, -79.3213424683, 448.551971436, 192.375015259, 40.2147102356, 34.9858894348, 63.4049568176, 33.8738899231, -35.8481025696, 26.4999446869], [132.921890259, -53.6477355957, 22.02501297, -74.680229187, -47.9392929077, 192.375015259, 278.220977783, 47.5833702087, 51.7256011963, 16.5978870392, 14.1762704849, -31.2925052643, 3.67989993095], [57.0385093689, -27.7332248688, -46.1268768311, -13.5217857361, -12.5482578278, 40.2147102356, 47.5833702087, 143.335205078, 31.8754024506, -2.42040205002, -15.4257907867, -5.99021577835, 31.6396541595], [130.218353271, -24.2291622162, 15.8150081635, 54.2077522278, 66.108757019, 34.9858894348, 51.7256011963, 31.8754024506, 165.514358521, 23.1904506683, 12.913438797, -2.04168534279, 21.801492691], [109.715034485, 14.6026144028, -114.242233276, -11.1530981064, -21.2191448212, 63.4049568176, 16.5978870392, -2.42040205002, 23.1904506683, 148.349212646, 20.6005153656, -21.0795707703, 8.97623825073], [73.2992172241, 69.4937515259, 50.8987350464, 32.6890258789, 34.9553527832, 33.8738899231, 14.1762704849, -15.4257907867, 12.913438797, 20.6005153656, 101.409912109, 22.3922538757, -0.314619928598], [-72.4067077637, -64.349899292, 1.96613228321, -8.99575614929, 17.2461700439, -35.8481025696, -31.2925052643, -5.99021577835, -2.04168534279, -21.0795707703, 22.3922538757, 120.204475403, 26.525554657], [49.6157646179, -59.001335144, -70.6413726807, -74.2773132324, 19.1029262543, 26.4999446869, 3.67989993095, 31.6396541595, 21.801492691, 8.97623825073, -0.314619928598, 26.525554657, 131.600997925]],
        "icov": [[0.000403422134696, 0.00018353460473, 3.34845644829e-05, -9.64276914601e-05, -1.92912484636e-05, -0.000162383817951, 3.16667610605e-05, -6.24983149464e-05, -0.000155534609803, -9.76621449809e-05, -0.00039835984353, 0.000369384419173, -9.9601536931e-05], [0.00018353460473, 0.00110502901953, 8.69166324264e-05, -0.000635105825495, -0.00062556710327, -0.000236295934883, 3.46154047293e-05, -6.85572958901e-05, 0.000594758661464, -0.000105853541754, -0.000678708020132, 0.000792564183939, 1.56418063852e-05], [3.34845644829e-05, 8.69166324264e-05, 0.00166842353065, -0.000526696443558, -0.00119649618864, -8.72855380294e-05, -0.000587206275668, 0.000363117695088, 0.00041633049841, 0.00114683213178, -0.000498381792568, 0.000188611185877, 0.000558626954444], [-9.64276914601e-05, -0.000635105825495, -0.000526696443558, 0.00259376782924, -0.000176030458533, 0.000117849936942, 0.000774487270974, -0.000360670266673, -0.00108715030365, -0.000196577428142, 3.70472916984e-05, -0.000287253729766, 0.0012512227986], [-1.92912484636e-05, -0.00062556710327, -0.00119649618864, -0.000176030458533, 0.00578034529462, 0.000820133485831, 0.000805670686532, 0.000300203857478, -0.00242085615173, 0.000114254034997, -0.000914152595215, -0.00017875933554, -0.00168661866337], [-0.000162383817951, -0.000236295934883, -8.72855380294e-05, 0.000117849936942, 0.000820133485831, 0.0036865088623, -0.00215424248017, -0.00015147983504, -3.82106300094e-05, -0.000910013739485, -0.000845964357723, 0.000372901529772, -0.000798568886239], [3.16667610605e-05, 3.46154047293e-05, -0.000587206275668, 0.000774487270974, 0.000805670686532, -0.00215424248017, 0.00612413790077, -0.00124475546181, -0.00183733575977, 0.000370907975594, -0.000639752543066, 0.000884625769686, 0.000669613829814], [-6.24983149464e-05, -6.85572958901e-05, 0.000363117695088, -0.000360670266673, 0.000300203857478, -0.00015147983504, -0.00124475546181, 0.00840191077441, -0.00116149813402, 0.000826041039545, 0.00135668949224, 0.000193855754333, -0.00191384379286], [-0.000155534609803, 0.000594758661464, 0.00041633049841, -0.00108715030365, -0.00242085615173, -3.82106300094e-05, -0.00183733575977, -0.00116149813402, 0.00860448554158, -0.00112308445387, -0.000111388006189, 6.91193708917e-05, -0.000738150381949], [-9.76621449809e-05, -0.000105853541754, 0.00114683213178, -0.000196577428142, 0.000114254034997, -0.000910013739485, 0.000370907975594, 0.000826041039545, -0.00112308445387, 0.00878374557942, -0.00204160134308, 0.00166937545873, -0.000302723434288], [-0.00039835984353, -0.000678708020132, -0.000498381792568, 3.70472916984e-05, -0.000914152595215, -0.000845964357723, -0.000639752543066, 0.00135668949224, -0.000111388006189, -0.00204160134308, 0.0129955271259, -0.00371032604016, 0.000530673190951], [0.000369384419173, 0.000792564183939, 0.000188611185877, -0.000287253729766, -0.00017875933554, 0.000372901529772, 0.000884625769686, 0.000193855754333, 6.91193708917e-05, 0.00166937545873, -0.00371032604016, 0.0108058573678, -0.0022775195539], [-9.9601536931e-05, 1.56418063852e-05, 0.000558626954444, 0.0012512227986, -0.00168661866337, -0.000798568886239, 0.000669613829814, -0.00191384379286, -0.000738150381949, -0.000302723434288, 0.000530673190951, -0.0022775195539, 0.0100996531546]]
    },
    "spectral_contrast_coeffs": {
        "max": [-0.381592333317, -0.393318086863, -0.41172093153, -0.477369904518, -0.513019502163, -0.536796689034],
        "mean": [-0.737371623516, -0.711497545242, -0.693387448788, -0.749194800854, -0.759661257267, -0.736913561821],
        "min": [-0.915245294571, -0.908081889153, -0.907299220562, -0.906784892082, -0.890506625175, -0.86861872673],
        "stdev": [0.0779244825244, 0.0868350788951, 0.104258850217, 0.0845436006784, 0.0643422976136, 0.0599804632366]
    },
    "spectral_contrast_valleys": {
        "max": [-4.7760219574, -4.81284475327, -5.78190326691, -6.48725891113, -6.25894069672, -7.85638618469],
        "mean": [-6.97961854935, -7.01576042175, -7.57369327545, -7.96106147766, -7.72702789307, -10.2677059174],
        "min": [-9.86059474945, -9.16332626343, -9.6056098938, -10.3074150085, -10.3606472015, -15.7623233795],
        "stdev": [1.12304747105, 0.756155371666, 0.622132897377, 0.530418813229, 0.55633610487, 0.997497737408]
    }
},
"rhythm": {
    "beats_count": 75,
    "beats_loudness": {
        "max": 0.12373059243,
        "mean": 0.0396236777306,
        "min": 0.0018480559811,
        "stdev": 0.0265528056771
    },
    "bpm": 142.162658691,
    "bpm_histogram_first_peak_bpm": 144,
    "bpm_histogram_first_peak_weight": 0.426229476929,
    "bpm_histogram_second_peak_bpm": 136,
    "bpm_histogram_second_peak_spread": 0.307692289352,
    "bpm_histogram_second_peak_weight": 0.121621623635,
    "danceability": 1.03111886978,
    "onset_rate": 3.01464819908,
    "beats_loudness_band_ratio": {
        "max": [0.941380262375, 0.616789877415, 0.773792505264, 0.840480208397, 0.52294164896, 0.388327389956],
        "mean": [0.366277247667, 0.109313711524, 0.149531304836, 0.259229928255, 0.0821347907186, 0.0625813379884],
        "min": [0.00153247721028, 0.000134773334139, 0.00376533018425, 0.00205393321812, 0.00124402390793, 0.00113612541463],
        "stdev": [0.319610655308, 0.133826196194, 0.155794098973, 0.254478722811, 0.0964998528361, 0.078232511878]
    },
