{
"metadata": {
    "version": {
        "essentia": "2.1-beta5",
        "essentia_git_sha": "Undefined",
        "extractor": "music 2.0"
    },
    "audio_properties": {
        "analysis": {
            "equal_loudness": 0,
            "length": 48.7502937317,
            "sample_rate": 44100,
            "start_time": 12.7477550507,
            "downmix": "mix"
        },
        "bit_rate": 192000,
        "length": 192.3309021,
        "lossless": 0,
        "number_channels": 2,
        "replay_gain": -3.59901237488,
        "sample_rate": 48000,
        "codec": "mp3",
        "md5_encoded": "22d894f3ecc0f33f187eb1cdf3943769"
    },
    "tags": {
        "file_name": "North MacedoniaNorth MacedoniaN_Proud_Tamara Todevska.mp3",
        "encoding": ["Lavf58.29.100"]
    }
},
"lowlevel": {
    "average_loudness": 0.694940090179,
    "barkbands_crest": {
        "max": 26.071723938,
        "mean": 12.2397556305,
        "min": 3.32642197609,
        "stdev": 4.60085582733
    },
    "barkbands_flatness_db": {
        "max": 0.470281898975,
        "mean": 0.213574066758,
        "min": 0.0586972571909,
        "stdev": 0.0616478994489
    },
    "barkbands_kurtosis": {
        "max": 219.999572754,
        "mean": 11.9676656723,
        "min": -1.93091022968,
        "stdev": 17.2983875275
    },
    "barkbands_skewness": {
        "max": 12.7541980743,
        "mean": 2.11864495277,
        "min": -4.97348451614,
        "stdev": 1.74388349056
    },
    "barkbands_spread": {
        "max": 106.403465271,
        "mean": 13.1258249283,
        "min": 0.50792324543,
        "stdev": 15.3016910553
    },
    "dissonance": {
        "max": 0.499999940395,
        "mean": 0.430440306664,
        "min": 0.202428042889,
        "stdev": 0.0499232858419
    },
    "dynamic_complexity": 3.68455147743,
    "erbbands_crest": {
        "max": 31.4501361847,
        "mean": 12.025384903,
        "min": 2.41339683533,
        "stdev": 5.28337192535
    },
    "erbbands_flatness_db": {
        "max": 0.436764061451,
        "mean": 0.217226222157,
        "min": 0.0717612355947,
        "stdev": 0.0569103881717
    },
    "erbbands_kurtosis": {
        "max": 72.5546417236,
        "mean": 4.29646635056,
        "min": -1.84010148048,
        "stdev": 6.23292827606
    },
    "erbbands_skewness": {
        "max": 7.50784254074,
        "mean": 1.16821360588,
        "min": -5.08119869232,
        "stdev": 1.24545347691
    },
    "erbbands_spread": {
        "max": 123.477508545,
        "mean": 28.9126224518,
        "min": 2.06965184212,
        "stdev": 20.9260005951
    },
    "hfc": {
        "max": 215.775726318,
        "mean": 15.2268800735,
        "min": 0.186082825065,
        "stdev": 22.8385467529
    },
    "loudness_ebu128": {
        "integrated": -21.0259475708,
        "loudness_range": 4.47430419922,
        "momentary": {
            "max": -13.513841629,
            "mean": -22.4564933777,
            "min": -36.1698608398,
            "stdev": 3.71455645561
        },
        "short_term": {
            "max": -16.8083591461,
            "mean": -21.7080860138,
            "min": -24.9774017334,
            "stdev": 1.56255531311
        }
    },
    "melbands_crest": {
        "max": 31.9796733856,
        "mean": 14.6440553665,
        "min": 3.87263417244,
        "stdev": 5.03061723709
    },
    "melbands_flatness_db": {
        "max": 0.589439570904,
        "mean": 0.259787619114,
        "min": 0.033026393503,
        "stdev": 0.0782000049949
    },
    "melbands_kurtosis": {
        "max": 244.889938354,
        "mean": 20.1117458344,
        "min": -1.85890388489,
        "stdev": 27.7345485687
    },
    "melbands_skewness": {
        "max": 13.1526041031,
        "mean": 2.61066651344,
        "min": -1.80578577518,
        "stdev": 1.96792602539
    },
    "melbands_spread": {
        "max": 215.923477173,
        "mean": 16.6359939575,
        "min": 0.713417649269,
        "stdev": 24.5276107788
    },
    "pitch_salience": {
        "max": 0.875532567501,
        "mean": 0.546498537064,
        "min": 0.120756082237,
        "stdev": 0.124288864434
    },
    "silence_rate_20dB": {
        "max": 1,
        "mean": 1,
        "min": 1,
        "stdev": 0
    },
    "silence_rate_30dB": {
        "max": 1,
        "mean": 0.992384552956,
        "min": 0,
        "stdev": 0.086933478713
    },
    "silence_rate_60dB": {
        "max": 1,
        "mean": 0.118514992297,
        "min": 0,
        "stdev": 0.323225200176
    },
    "spectral_centroid": {
        "max": 5617.88916016,
        "mean": 864.381347656,
        "min": 193.895370483,
        "stdev": 744.700195312
    },
    "spectral_complexity": {
        "max": 35,
        "mean": 9.86006641388,
        "min": 1,
        "stdev": 4.7677526474
    },
    "spectral_decrease": {
        "max": -1.13117966383e-10,
        "mean": -5.06859398897e-09,
        "min": -4.88516249675e-08,
        "stdev": 4.64667548883e-09
    },
    "spectral_energy": {
        "max": 0.203948915005,
        "mean": 0.020511161536,
        "min": 0.000443942204583,
        "stdev": 0.0188745092601
    },
    "spectral_energyband_high": {
        "max": 0.0194005724043,
        "mean": 0.000623339845333,
        "min": 4.57391308828e-07,
        "stdev": 0.00198596064001
    },
    "spectral_energyband_low": {
        "max": 0.03281468153,
        "mean": 0.00257610785775,
        "min": 1.12124471343e-05,
        "stdev": 0.00401337910444
    },
    "spectral_energyband_middle_high": {
        "max": 0.152921870351,
        "mean": 0.00481702247635,
        "min": 1.73755324795e-05,
        "stdev": 0.0118345832452
    },
    "spectral_energyband_middle_low": {
        "max": 0.122975051403,
        "mean": 0.0135244075209,
        "min": 0.000110365966975,
        "stdev": 0.0130268139765
    },
    "spectral_entropy": {
        "max": 8.7177734375,
        "mean": 7.02320337296,
        "min": 4.81730651855,
        "stdev": 0.610563576221
    },
    "spectral_flux": {
        "max": 0.352394104004,
        "mean": 0.0637342706323,
        "min": 0.00540644489229,
        "stdev": 0.0429005660117
    },
    "spectral_kurtosis": {
        "max": 105.90335083,
        "mean": 6.3349480629,
        "min": -1.3428863287,
        "stdev": 7.82199192047
    },
    "spectral_rms": {
        "max": 0.0141058340669,
        "mean": 0.00404974585399,
        "min": 0.000658114207909,
        "stdev": 0.00190010643564
    },
    "spectral_rolloff": {
        "max": 12532.3242188,
        "mean": 1177.09057617,
        "min": 107.666015625,
        "stdev": 1728.17236328
    },
    "spectral_skewness": {
        "max": 7.99988746643,
        "mean": 1.8966293335,
        "min": -0.405171841383,
        "stdev": 0.859752655029
    },
    "spectral_spread": {
        "max": 21568882,
        "mean": 4346319.5,
        "min": 835944,
        "stdev": 1890366.375
    },
    "spectral_strongpeak": {
        "max": 16.6089572906,
        "mean": 1.27303445339,
        "min": 0.0280304308981,
        "stdev": 1.7010434866
    },
    "zerocrossingrate": {
        "max": 0.3095703125,
        "mean": 0.0481390468776,
        "min": 0.00390625,
        "stdev": 0.0461337938905
    },
    "barkbands": {
        "max": [0.000142925040564, 0.01133319363, 0.0217027403414, 0.0438799262047, 0.0427729561925, 0.0517025589943, 0.107601828873, 0.0477571152151, 0.0293415039778, 0.129777193069, 0.0598542205989, 0.0903768241405, 0.0377396978438, 0.0658276602626, 0.057814180851, 0.0388355106115, 0.0183001626283, 0.0147306500003, 0.00746256764978, 0.00633965991437, 0.00469797523692, 0.0103308483958, 0.00818821787834, 0.00822065584362, 0.00462753418833, 0.0053686471656, 4.19823481934e-05],
        "mean": [6.48087325317e-06, 0.000800398294814, 0.00122262432706, 0.00162612460554, 0.00473702419549, 0.00260826619342, 0.00154110300355, 0.00120588880964, 0.000970063265413, 0.00209790351801, 0.0010557405185, 0.000611416588072, 0.000148166349391, 0.000578143808525, 0.000194750085939, 0.0001035317473, 0.000132158325869, 0.000131546476041, 8.12648504507e-05, 7.34001660021e-05, 8.34026795928e-05, 0.000146477206727, 0.00016105126997, 0.000107303356344, 6.44642932457e-05, 2.22048220166e-05, 2.7974735417e-07],
        "min": [8.0010653658e-10, 6.14179441527e-07, 1.27833942543e-07, 1.27968959873e-07, 1.1325630112e-05, 2.07551556741e-06, 2.56125485976e-06, 3.24582379108e-06, 2.27099371841e-06, 1.58819432272e-06, 8.4626935859e-07, 1.14106205729e-06, 1.70760097262e-06, 9.4689761454e-07, 4.00599731165e-07, 8.31627318121e-08, 1.6735938857e-07, 2.42522276039e-07, 9.64807611581e-08, 9.43970501766e-09, 1.52589707536e-09, 1.32090602345e-10, 1.1586199361e-10, 5.56403777219e-11, 4.15928645692e-11, 4.7549721105e-11, 6.2888513841e-11],
        "stdev": [9.26936991164e-06, 0.00141647143755, 0.00259638344869, 0.00347747793421, 0.00550637813285, 0.00493961991742, 0.0046952413395, 0.00364601053298, 0.00237792916596, 0.00603872910142, 0.00449268007651, 0.00388696859591, 0.000889565388206, 0.00397645263001, 0.00156137137674, 0.00117997592315, 0.000650828354992, 0.000681999314111, 0.00031379587017, 0.000314998644171, 0.000314564880682, 0.000660122837871, 0.00059213116765, 0.00040399847785, 0.000270660384558, 0.000171304447576, 2.25032340495e-06]
    },
    "erbbands": {
        "max": [0.124378830194, 3.21200895309, 21.4206905365, 72.6162948608, 195.266571045, 166.715499878, 390.331573486, 596.540893555, 1609.52600098, 2101.32421875, 1271.1003418, 762.729797363, 4573.73046875, 1759.65258789, 2377.20361328, 4517.24658203, 1369.92724609, 3543.95214844, 1427.45910645, 1900.6907959, 2438.46459961, 518.94140625, 688.077819824, 469.207244873, 472.949401855, 465.492614746, 269.158416748, 285.33392334, 366.992858887, 272.419799805, 292.800262451, 204.158752441, 114.362442017, 72.9579315186, 22.1154384613, 31.7643547058, 7.69459295273, 0.381010919809, 0.0164686162025, 0.000818758970127],
        "mean": [0.00709780864418, 0.242261648178, 1.25390613079, 3.42700004578, 11.3109560013, 14.920750618, 18.0494232178, 24.0030384064, 26.2654056549, 19.4189414978, 28.2784042358, 21.9739456177, 63.4074783325, 47.6811218262, 30.7364406586, 28.174331665, 9.56826305389, 27.6235694885, 15.588019371, 7.37897062302, 6.41985940933, 7.36891746521, 7.09242391586, 5.93452548981, 3.33579397202, 3.65214633942, 3.18971776962, 3.81973075867, 5.14233541489, 4.52844715118, 4.87836742401, 2.64536690712, 1.71621179581, 0.982182025909, 0.310119688511, 0.14802262187, 0.0282360371202, 0.0022498704493, 8.83632383193e-05, 2.87703805952e-05],
        "min": [3.67331485904e-05, 0.000274862541119, 0.0014672933612, 0.00712507497519, 0.0218919478357, 0.0194021742791, 0.0240412056446, 0.0437854938209, 0.0544672384858, 0.034376103431, 0.0891412720084, 0.087016068399, 0.0557655468583, 0.0806995853782, 0.0636512190104, 0.0719216540456, 0.0890161171556, 0.0554630644619, 0.0457551255822, 0.0166226960719, 0.0105899255723, 0.0131367510185, 0.0117598352954, 0.00538940681145, 0.00749070430174, 0.00109700346366, 0.000132142144139, 8.87729547685e-05, 0.00011670760432, 2.39144010266e-05, 1.66582340171e-05, 8.74432680575e-06, 2.93901462101e-06, 2.00732051781e-06, 1.6181833189e-06, 7.61239391522e-07, 3.89200693007e-07, 9.44345970311e-08, 2.34606403637e-07, 5.03736089286e-07],
        "stdev": [0.0117228040472, 0.418632954359, 2.49434614182, 6.24437713623, 18.3749160767, 19.6996192932, 33.4647789001, 48.0178756714, 64.2191085815, 70.4382400513, 90.9242248535, 48.4006767273, 188.258331299, 144.918823242, 118.252990723, 191.917037964, 42.059261322, 210.459381104, 71.5221405029, 49.3451881409, 64.6416625977, 30.9364395142, 35.0948524475, 24.5028133392, 16.9354743958, 16.922088623, 12.4645452499, 16.7553596497, 23.1193675995, 17.8531513214, 18.7531757355, 11.3803501129, 5.81468200684, 3.85006713867, 1.43517458439, 1.10795152187, 0.222724422812, 0.0141568928957, 0.000564682239201, 3.78346048819e-05]
    },
    "gfcc": {
        "mean": [-71.7803878784, 126.998321533, -119.485427856, 29.3144760132, -84.034866333, 10.0803508759, -39.9689445496, -8.20328140259, -21.3245258331, -18.0626373291, -6.84371566772, -12.6295118332, -3.25638389587],
        "cov": [[5257.5, -2245.99023438, 494.332427979, -386.307403564, -365.721954346, 604.974609375, -666.450378418, 633.02142334, -530.356018066, 445.796691895, -339.916168213, 301.338348389, -113.530960083], [-2245.99023438, 2353.02832031, -500.44732666, -180.719894409, 323.304290771, -549.350769043, 449.649871826, -407.802703857, 408.299926758, -358.101318359, 351.58416748, -282.811096191, 136.501266479], [494.332427979, -500.44732666, 1571.02380371, 173.564865112, -129.321853638, 239.637496948, -458.65234375, 183.585922241, -193.793334961, 311.791015625, -71.9583511353, 102.574981689, -236.445449829], [-386.307403564, -180.719894409, 173.564865112, 550.91394043, 67.778968811, 22.4378852844, 24.4381523132, -49.5009994507, 66.8606414795, 2.5812921524, -19.0417881012, 8.33107376099, -36.9407043457], [-365.721954346, 323.304290771, -129.321853638, 67.778968811, 390.420715332, -47.3282356262, 135.92237854, -21.2145748138, 20.6659107208, -9.68498420715, -26.7039928436, 0.834626436234, -24.0837059021], [604.974609375, -549.350769043, 239.637496948, 22.4378852844, -47.3282356262, 375.525238037, -122.386581421, 116.462432861, -131.137939453, 111.759674072, -77.2838058472, 54.2467651367, -57.4042625427], [-666.450378418, 449.649871826, -458.65234375, 24.4381523132, 135.92237854, -122.386581421, 483.768218994, -161.269287109, 131.253952026, -108.966690063, 15.0609560013, 0.336944371462, 48.0107803345], [633.02142334, -407.802703857, 183.585922241, -49.5009994507, -21.2145748138, 116.462432861, -161.269287109, 288.06048584, -91.0305404663, 78.7097473145, -56.6312980652, 32.3794059753, -23.4273414612], [-530.356018066, 408.299926758, -193.793334961, 66.8606414795, 20.6659107208, -131.137939453, 131.253952026, -91.0305404663, 275.912536621, -101.87739563, 64.8972702026, -34.768283844, 50.1081848145], [445.796691895, -358.101318359, 311.791015625, 2.5812921524, -9.68498420715, 111.759674072, -108.966690063, 78.7097473145, -101.87739563, 265.20401001, -65.1938018799, 52.6268463135, -59.023235321], [-339.916168213, 351.58416748, -71.9583511353, -19.0417881012, -26.7039928436, -77.2838058472, 15.0609560013, -56.6312980652, 64.8972702026, -65.1938018799, 183.983688354, -61.7925186157, 46.8449630737], [301.338348389, -282.811096191, 102.574981689, 8.33107376099, 0.834626436234, 54.2467651367, 0.336944371462, 32.3794059753, -34.768283844, 52.6268463135, -61.7925186157, 182.064926147, -26.8340072632], [-113.530960083, 136.501266479, -236.445449829, -36.9407043457, -24.0837059021, -57.4042625427, 48.0107803345, -23.4273414612, 50.1081848145, -59.023235321, 46.8449630737, -26.8340072632, 141.216094971]],
        "icov": [[0.000435725611169, 0.000234635212109, 0.000108927277324, 0.000301395601127, 8.36508988868e-05, -0.000111333814857, 0.00023452458845, -0.000334606360411, 8.5166466306e-05, -0.000192692197743, 8.83417815203e-05, -0.000233023893088, 3.41478116752e-05], [0.000234635212109, 0.00276763224974, -0.00107041094452, 0.00184226070996, -0.00224689301103, 0.00129178445786, -0.00101875700057, 0.00150348176248, -0.00164018210489, 0.00128062930889, -0.00236234348267, 0.00219502137043, -0.000741228868719], [0.000108927277324, -0.00107041094452, 0.00193038641009, -0.00106916599907, 0.00127656233963, -0.000632223265711, 0.00143500708509, -0.000907137175091, 0.000775169581175, -0.00153669901192, 0.000598678016104, -0.00144944398198, 0.00200569280423], [0.000301395601127, 0.00184226070996, -0.00106916599907, 0.00344311841764, -0.00183659221511, 0.000431004533311, -0.000642560247798, 0.00131341570523, -0.00177407881711, 0.000970189576037, -0.00109752407297, 0.00139492878225, -0.000465439894469], [8.36508988868e-05, -0.00224689301103, 0.00127656233963, -0.00183659221511, 0.00512277707458, -0.000755360932089, 0.000189320315258, -0.00194034865126, 0.00169156666379, -0.00151106913108, 0.00236707483418, -0.00190412963275, 0.00169761432335], [-0.000111333814857, 0.00129178445786, -0.000632223265711, 0.000431004533311, -0.000755360932089, 0.00453374627978, -0.000570447591599, 0.000111704815936, 0.000187501645996, 0.000196929613594, -0.000708896317519, 0.00090921059018, 6.63404498482e-05], [0.00023452458845, -0.00101875700057, 0.00143500708509, -0.000642560247798, 0.000189320315258, -0.000570447591599, 0.00444382242858, 0.000457041460322, -6.8345812906e-05, -0.000659252109472, 0.00141233939212, -0.00191154680215, 0.000690282671712], [-0.000334606360411, 0.00150348176248, -0.000907137175091, 0.00131341570523, -0.00194034865126, 0.000111704815936, 0.000457041460322, 0.00631700223312, -0.000925322703552, 0.000789877958596, -0.000673545699101, 0.00138921954203, -0.00114461570047], [8.5166466306e-05, -0.00164018210489, 0.000775169581175, -0.00177407881711, 0.00169156666379, 0.000187501645996, -6.8345812906e-05, -0.000925322703552, 0.00652927393094, -8.99225051398e-05, 0.000662583042867, -0.00146468996536, -0.000130354310386], [-0.000192692197743, 0.00128062930889, -0.00153669901192, 0.000970189576037, -0.00151106913108, 0.000196929613594, -0.000659252109472, 0.000789877958596, -8.99225051398e-05, 0.00658153230324, -0.000385104183806, 0.000819249078631, -0.000468279031338], [8.83417815203e-05, -0.00236234348267, 0.000598678016104, -0.00109752407297, 0.00236707483418, -0.000708896317519, 0.00141233939212, -0.000673545699101, 0.000662583042867, -0.000385104183806, 0.00973117630929, -0.000408055406297, -0.00110827398021], [-0.000233023893088, 0.00219502137043, -0.00144944398198, 0.00139492878225, -0.00190412963275, 0.00090921059018, -0.00191154680215, 0.00138921954203, -0.00146468996536, 0.000819249078631, -0.000408055406297, 0.00876455474645, -0.000782896589953], [3.41478116752e-05, -0.000741228868719, 0.00200569280423, -0.000465439894469, 0.00169761432335, 6.63404498482e-05, 0.000690282671712, -0.00114461570047, -0.000130354310386, -0.000468279031338, -0.00110827398021, -0.000782896589953, 0.0110230837017]]
    },
    "melbands": {
        "max": [0.00205297442153, 0.00795125216246, 0.0155299557373, 0.00907599180937, 0.0107749374583, 0.0117829879746, 0.0246596354991, 0.0195468273014, 0.00998100265861, 0.00479743117467, 0.0233702678233, 0.00711021851748, 0.00986574217677, 0.00720517663285, 0.0077612483874, 0.00109917274676, 0.00807611551136, 0.00183415797073, 0.00597104150802, 0.00278896884993, 0.00386015698314, 0.000738088798244, 0.000547097355593, 0.00115362217184, 0.000423888704972, 0.000346276210621, 0.000233734885114, 0.000318559701554, 0.000233519807807, 8.32609657664e-05, 0.000250632292591, 0.000275673723081, 0.000224947129027, 0.000121410274005, 0.000170006533153, 0.000215725362068, 0.000123058445752, 7.84790026955e-05, 7.4553907325e-05, 5.81826207053e-05],
        "mean": [0.000141718483064, 0.000559123698622, 0.000857256061863, 0.00093694840325, 0.000690832966939, 0.000539119530004, 0.000375505711418, 0.000213960825931, 0.000227668875596, 0.000134366258862, 0.000325915403664, 0.000201707036467, 0.000126059210743, 6.72067471896e-05, 4.65730117867e-05, 1.32274071802e-05, 6.04852320976e-05, 2.71508361038e-05, 1.43435063364e-05, 6.96326196703e-06, 7.79285073804e-06, 7.88722263678e-06, 6.35124342807e-06, 6.38884148429e-06, 4.73242971566e-06, 2.50640437116e-06, 2.32814727497e-06, 2.36335404225e-06, 1.97527810997e-06, 1.82662483894e-06, 2.40833287535e-06, 2.90242473966e-06, 2.89415993393e-06, 2.31479748436e-06, 2.8666261187e-06, 2.37165909311e-06, 1.33340574848e-06, 1.14662111628e-06, 1.20190861708e-06, 7.00815576238e-07],
        "min": [1.80846427611e-07, 5.53086351829e-07, 9.15119585443e-07, 2.33500531976e-06, 9.24994424167e-07, 3.55864841595e-07, 8.40187112772e-07, 4.28349750337e-07, 4.85514306092e-07, 3.1842455428e-07, 2.41517085442e-07, 2.59850793327e-07, 1.26282543533e-07, 1.40802427495e-07, 9.4792163452e-08, 1.57869891382e-07, 6.35873433907e-08, 6.49629896543e-08, 2.83398726708e-08, 8.60280291448e-09, 8.63387583649e-09, 6.32085894736e-09, 1.2807158889e-08, 6.9318275564e-09, 2.62852783983e-09, 1.61864277537e-09, 3.27892513141e-09, 7.51391032727e-11, 3.90099758052e-11, 2.90379491286e-11, 1.15929687725e-11, 2.9815568417e-12, 2.11737788761e-12, 2.23236685214e-12, 1.47918461334e-12, 6.41142412598e-13, 6.90562516024e-13, 4.3206928378e-13, 3.81571022608e-13, 3.13172231203e-13],
        "stdev": [0.000246162933763, 0.000965809915215, 0.00138285127468, 0.00116686115507, 0.00110153562855, 0.00100276770536, 0.000958612188697, 0.000718269555364, 0.000742368167266, 0.000303988112137, 0.00097296066815, 0.000603966473136, 0.000548329320736, 0.000355526106432, 0.000334675656632, 3.66779750038e-05, 0.000479741691379, 0.000118694908451, 0.000143922443385, 6.91215755069e-05, 9.46280488279e-05, 3.48663706973e-05, 2.84070920316e-05, 3.96436371375e-05, 2.00217436941e-05, 1.2333704035e-05, 1.16811061162e-05, 1.09668253572e-05, 8.73632416187e-06, 6.97066252542e-06, 1.22476349134e-05, 1.35990549097e-05, 1.36925355037e-05, 8.45597332955e-06, 1.07408523036e-05, 1.06849574877e-05, 5.99030363446e-06, 4.10448774346e-06, 4.26922451879e-06, 2.95579434351e-06]
    },
    "melbands128": {
        "max": [6.6198183049e-05, 0.000410156848375, 0.00243805698119, 0.00675778230652, 0.01259916462, 0.0100732548162, 0.015627104789, 0.0268179066479, 0.0243203192949, 0.0132243381813, 0.0125765614212, 0.0194959249347, 0.0162178277969, 0.0167101640254, 0.0224177408963, 0.0165844261646, 0.015582844615, 0.0458969026804, 0.0295079704374, 0.0337764769793, 0.00964813958853, 0.0164365395904, 0.0191726889461, 0.0104171475396, 0.0085147889331, 0.00757900485769, 0.0118456389755, 0.0427871011198, 0.021722741425, 0.0123089123517, 0.01425197348, 0.01970397681, 0.0203821267933, 0.00766943302006, 0.00405206857249, 0.00782420765609, 0.0288933049887, 0.00764603493735, 0.00923172663897, 0.000750452920329, 0.000425948586781, 0.000655807612929, 0.0123592270538, 0.01316639781, 0.00516276014969, 0.00342637812719, 0.00728610903025, 0.0125662498176, 0.00339349010028, 0.000505899370182, 0.00445923861116, 0.0046125180088, 0.00384693406522, 0.00701588671654, 0.00225728959776, 0.000886040274054, 0.00123975763563, 0.000851926975884, 0.00135800463613, 0.00145038054325, 0.00227535655722, 0.00171624997165, 0.00122692796867, 0.000249373231782, 0.000331950839609, 0.000246458541369, 0.000653275405057, 0.000305929890601, 0.000262783461949, 0.000374184659449, 0.000636449782178, 9.56355579547e-05, 0.000281906046439, 0.000376814801712, 0.000280500855297, 0.000191683342564, 0.000109448694275, 0.000180873961654, 0.000323183601722, 0.000494418200105, 0.000426901882747, 0.000247971562203, 0.000319243728882, 0.000331817514962, 0.000303671695292, 0.000152517081005, 0.000113249276183, 0.00011486713629, 0.000139316587592, 0.000298836152069, 0.000442156713689, 0.00021212217689, 0.000167140140547, 0.00013483663497, 0.000115864568215, 0.000101257501228, 5.47046038264e-05, 7.21627948224e-05, 8.69268915267e-05, 8.78585924511e-05, 8.31616562209e-05, 6.15667740931e-05, 4.52881831734e-05, 3.05936337099e-05, 3.05145731545e-05, 3.40341903211e-05, 4.15629947383e-05, 7.99723857199e-05, 8.98093348951e-05, 3.16039149766e-05, 2.90649986709e-05, 3.79093180527e-05, 2.6317737138e-05, 1.33680396175e-05, 3.89133629142e-06, 2.25028338718e-06, 1.09462348519e-06, 7.8091738942e-07, 4.89117894631e-07, 4.34687649431e-07, 2.05815624099e-07, 2.91476055736e-07, 4.76009120121e-07, 8.22406320822e-08, 3.32476957077e-09, 3.28128724192e-09, 3.24630589077e-09, 3.22719428958e-09],
        "mean": [4.08023606724e-06, 1.26208315123e-05, 0.000142657212564, 0.000487344310386, 0.000612377072684, 0.000609796028584, 0.000564441841561, 0.000965709390584, 0.00129362102598, 0.000827508396469, 0.000773680745624, 0.000976999406703, 0.000574229168706, 0.000475998938782, 0.000553782563657, 0.000562518427614, 0.000554078898858, 0.000306925532641, 0.000212789193029, 0.000199905742193, 0.000219639914576, 0.000231519792578, 0.000274428370176, 0.000171340856468, 0.000101581354102, 0.000119983749755, 0.000184231554158, 0.000421822885983, 0.000402203702834, 0.000163202712429, 0.00015309106675, 0.000212421349715, 0.000130509666633, 7.00819582562e-05, 3.71120513591e-05, 6.91437380738e-05, 0.000119414158689, 3.28239111695e-05, 1.89141373994e-05, 1.4543476027e-05, 1.22908986668e-05, 9.40937479754e-06, 6.60784789943e-05, 9.51460606302e-05, 2.9202996302e-05, 1.73923472175e-05, 1.75286131707e-05, 1.94730146177e-05, 1.02277444967e-05, 5.85090629102e-06, 7.55623977966e-06, 7.38028711567e-06, 5.35268509338e-06, 1.03291749838e-05, 7.71116901888e-06, 7.96916538093e-06, 7.67079927755e-06, 5.90246645515e-06, 6.07491301707e-06, 6.8877884587e-06, 6.36509594187e-06, 5.64543370274e-06, 6.68244911139e-06, 3.6435394577e-06, 3.46173828802e-06, 2.09783866012e-06, 2.4265493721e-06, 2.0083691652e-06, 2.02275464289e-06, 3.20557614941e-06, 2.63686183644e-06, 1.58663328875e-06, 2.24016253014e-06, 1.90339903838e-06, 1.94861149794e-06, 1.8552725578e-06, 1.6830573486e-06, 1.97543818103e-06, 2.4611219942e-06, 2.93549896924e-06, 2.87711077362e-06, 2.74021954283e-06, 3.24984580402e-06, 2.95805193673e-06, 2.636034651e-06, 2.36470827986e-06, 2.18091463466e-06, 2.21027403313e-06, 2.97816927741e-06, 3.35135086971e-06, 2.80387962448e-06, 2.10065604733e-06, 1.62255139458e-06, 1.32303989631e-06, 1.13906867227e-06, 1.09151983452e-06, 1.14419651709e-06, 1.21382777252e-06, 1.34375000016e-06, 1.14412750918e-06, 8.54324582633e-07, 6.39001939362e-07, 5.09416963723e-07, 3.4884791944e-07, 3.09836991619e-07, 2.81479771047e-07, 2.63422634816e-07, 3.43300939676e-07, 3.35091783654e-07, 1.62692955996e-07, 1.14364979709e-07, 1.07867421661e-07, 9.13580961992e-08, 4.93046776739e-08, 2.98223170603e-08, 2.08837800386e-08, 6.0774429933e-09, 2.68723487906e-09, 1.5734140657e-09, 9.39846755976e-10, 4.02884475781e-10, 4.76920725134e-10, 6.77104095015e-10, 8.95403126644e-11, 6.89544168292e-12, 6.6288025416e-12, 6.47129051734e-12, 6.4196061661e-12],
        "min": [3.48062662026e-10, 2.12436326308e-08, 1.29782748104e-07, 7.70938157757e-08, 5.84273429638e-08, 6.3767245706e-08, 1.65991494327e-07, 6.58878249737e-08, 2.21534307343e-07, 9.38953803598e-07, 2.28553744819e-07, 3.65564915228e-07, 2.9642365007e-07, 2.84146977947e-07, 1.26763382013e-07, 6.22682065909e-08, 1.04677191359e-07, 1.72201310988e-07, 1.27973976305e-07, 1.00952661342e-07, 2.03192371373e-07, 1.08012585542e-07, 1.4467347853e-07, 1.7665854557e-07, 1.14661077077e-07, 7.88575249544e-08, 8.81600357161e-08, 6.11735444522e-08, 9.59801269573e-08, 5.74462326597e-08, 2.77368634727e-08, 4.66513974118e-08, 6.30870218288e-08, 3.30148068883e-08, 4.3208718381e-08, 4.15056504721e-08, 1.69126721516e-08, 4.82663118362e-08, 4.93509801913e-08, 4.69417784643e-08, 3.3428733559e-08, 2.36400126141e-08, 2.36714576829e-08, 1.91986124776e-08, 2.03689367595e-08, 7.18169346214e-09, 1.14002594032e-08, 8.22758217112e-09, 1.24405783453e-08, 3.19584070319e-09, 1.75172443218e-09, 5.40558042772e-10, 4.21769108527e-09, 3.00279556775e-09, 1.34857225387e-09, 4.59304816403e-09, 1.20279008975e-09, 1.32928734686e-09, 4.7416954807e-09, 6.32054275584e-09, 1.55655333067e-09, 4.82271778068e-09, 2.35708363938e-09, 6.70754340959e-10, 1.41913625296e-09, 9.41416833378e-10, 4.1293735098e-10, 2.50528819912e-09, 4.79395856345e-10, 6.84143297569e-11, 7.12393338764e-11, 1.74899556643e-11, 1.30714536417e-11, 1.23013665226e-11, 2.60654189205e-11, 2.02432688667e-11, 2.01698605734e-11, 9.93385929071e-12, 8.94332958384e-12, 2.50576968029e-12, 2.47051142564e-12, 2.22386605658e-12, 1.69834686679e-12, 9.41396591757e-13, 9.55096353568e-13, 7.48905007019e-13, 1.88445981909e-12, 1.9093966859e-12, 9.9561125403e-13, 5.96369253893e-13, 7.00696933201e-13, 5.05512732368e-13, 7.82403059441e-13, 4.12606499531e-13, 4.35530680531e-13, 3.43737977535e-13, 3.62326054576e-13, 3.32759942647e-13, 3.27614508872e-13, 2.64006129241e-13, 2.56232779135e-13, 2.14304146802e-13, 2.38086514479e-13, 2.65276597347e-13, 2.12333473829e-13, 2.32640838017e-13, 2.29237690028e-13, 2.21579577061e-13, 1.85322704448e-13, 1.84729063101e-13, 1.9954560736e-13, 2.13797973466e-13, 1.66780299423e-13, 1.97181450313e-13, 2.1096431622e-13, 1.84416487615e-13, 1.76695287633e-13, 2.22413586029e-13, 2.01762976985e-13, 1.95679586358e-13, 1.9021204967e-13, 1.66280983665e-13, 1.88276111823e-13, 1.9629931632e-13, 1.53224885579e-13, 5.91048545284e-14, 8.82352188276e-15, 2.08773147124e-16],
        "stdev": [5.07159120389e-06, 2.09465233638e-05, 0.00028016831493, 0.000884409877472, 0.00132790510543, 0.00131299044006, 0.00122733716853, 0.00211053574458, 0.00235284119844, 0.00151399476454, 0.00127351086121, 0.0016381702153, 0.00137191812973, 0.00142583018169, 0.00155546283349, 0.00115088396706, 0.00121695327107, 0.00146727089304, 0.00108737125993, 0.00110595976003, 0.000734092958737, 0.000915094627999, 0.00120150810108, 0.000693698821124, 0.000359846337233, 0.00036269807606, 0.000683336984366, 0.0016258850228, 0.00136911973823, 0.000674026960041, 0.000836285471451, 0.00114115292672, 0.000844272086397, 0.000347240973497, 0.000204095704248, 0.000473891792353, 0.00110639515333, 0.000295573699987, 0.00021296646446, 4.68608559459e-05, 3.16236837534e-05, 2.92385848297e-05, 0.000649170775432, 0.000744357181247, 0.000195056476514, 0.000117687523016, 0.000181044626515, 0.000290816096822, 8.30185526866e-05, 2.39854434767e-05, 0.000112060413812, 0.000112791487481, 8.84282635525e-05, 0.000172272571945, 6.84507176629e-05, 4.00952922064e-05, 4.80410417367e-05, 3.66042586393e-05, 4.2348736315e-05, 5.55445549253e-05, 6.05823297519e-05, 5.30661600351e-05, 5.02448892803e-05, 1.30340504256e-05, 1.55024736159e-05, 1.15021584861e-05, 1.90486716747e-05, 1.28465935632e-05, 1.16606370284e-05, 1.81798623089e-05, 1.7133053916e-05, 5.38576887266e-06, 1.31030474222e-05, 1.17584404506e-05, 1.09748325485e-05, 9.19080048334e-06, 7.15983514965e-06, 9.38781613513e-06, 1.38811828947e-05, 1.83513857337e-05, 1.53042074089e-05, 1.27428675114e-05, 1.7115387891e-05, 1.5947407519e-05, 1.28458577819e-05, 9.49985405896e-06, 7.67276014813e-06, 8.19575689093e-06, 1.12276829896e-05, 1.49904017235e-05, 1.49721372509e-05, 9.90215448837e-06, 8.03631610324e-06, 6.39548034087e-06, 5.14138082508e-06, 5.03043111166e-06, 4.04668526244e-06, 3.88163198295e-06, 4.94825781061e-06, 4.71500334243e-06, 4.00772069042e-06, 2.87745365313e-06, 2.2735271159e-06, 1.64860841778e-06, 1.58447448939e-06, 1.65743085745e-06, 1.73341766185e-06, 2.68123790192e-06, 2.98257714348e-06, 1.21524226415e-06, 9.86053692031e-07, 9.60909687819e-07, 7.66208700043e-07, 3.99139793217e-07, 1.84671705483e-07, 1.37040871095e-07, 4.69058250019e-08, 3.20501314377e-08, 1.71452558817e-08, 1.37884592633e-08, 6.63182397886e-09, 9.21707776769e-09, 1.44670924129e-08, 2.4180402125e-09, 1.1203796918e-10, 1.10599751579e-10, 1.09511233415e-10, 1.08856042236e-10]
    },
    "mfcc": {
        "mean": [-708.12701416, 143.635437012, 18.1010608673, 12.8604516983, -9.97159957886, 1.78314638138, -7.45531654358, 2.2915828228, -13.4620313644, -1.16580784321, -7.30857181549, -10.6922769547, -10.8729372025],
        "cov": [[4708.87158203, -1686.29504395, 132.469573975, -688.310058594, 151.186309814, -251.338241577, 97.6121520996, -93.3187332153, 150.884536743, -63.2559967041, -62.7910118103, -160.321502686, 74.2625045776], [-1686.29504395, 2104.67553711, -485.672729492, 134.892868042, -123.253852844, -107.651329041, -29.5338821411, 3.11395359039, -127.098106384, 90.5659408569, 6.06482553482, 28.0700931549, 43.1670417786], [132.469573975, -485.672729492, 1379.45666504, -46.1777610779, 311.243438721, -19.4686489105, -51.248588562, -122.365592957, -114.0206604, -33.5219917297, 72.8466262817, 83.5610046387, 119.992736816], [-688.310058594, 134.892868042, -46.1777610779, 531.467346191, -2.34830260277, 139.583755493, -41.7275390625, 45.3135490417, 25.6592350006, 6.15470409393, 5.08215904236, 73.7674331665, -6.25738716125], [151.186309814, -123.253852844, 311.243438721, -2.34830260277, 430.058349609, -67.1562194824, 25.4828300476, -46.7652740479, -13.4708108902, -4.92069005966, 22.5658740997, 35.535320282, 63.4599571228], [-251.338241577, -107.651329041, -19.4686489105, 139.583755493, -67.1562194824, 355.565338135, 17.0647258759, 38.492893219, 41.6384468079, -17.9332695007, 34.377696991, -14.8992595673, 3.70240211487], [97.6121520996, -29.5338821411, -51.248588562, -41.7275390625, 25.4828300476, 17.0647258759, 237.834640503, -23.5785522461, 16.5899906158, 9.69482421875, 3.70392584801, -19.852804184, 21.450378418], [-93.3187332153, 3.11395359039, -122.365592957, 45.3135490417, -46.7652740479, 38.492893219, -23.5785522461, 219.433456421, 20.7830104828, -5.87744045258, -9.20733261108, 4.34417152405, -24.4555892944], [150.884536743, -127.098106384, -114.0206604, 25.6592350006, -13.4708108902, 41.6384468079, 16.5899906158, 20.7830104828, 184.607940674, 3.16100502014, 22.0772037506, -14.6195344925, -12.5310087204], [-63.2559967041, 90.5659408569, -33.5219917297, 6.15470409393, -4.92069005966, -17.9332695007, 9.69482421875, -5.87744045258, 3.16100502014, 146.820831299, -10.4439783096, 20.3553447723, -0.0466727241874], [-62.7910118103, 6.06482553482, 72.8466262817, 5.08215904236, 22.5658740997, 34.377696991, 3.70392584801, -9.20733261108, 22.0772037506, -10.4439783096, 138.458908081, -14.1444664001, 4.68979692459], [-160.321502686, 28.0700931549, 83.5610046387, 73.7674331665, 35.535320282, -14.8992595673, -19.852804184, 4.34417152405, -14.6195344925, 20.3553447723, -14.1444664001, 134.659423828, 12.9504594803], [74.2625045776, 43.1670417786, 119.992736816, -6.25738716125, 63.4599571228, 3.70240211487, 21.450378418, -24.4555892944, -12.5310087204, -0.0466727241874, 4.68979692459, 12.9504594803, 144.055374146]],
        "icov": [[0.000429504289059, 0.00035408619442, 0.000120531913126, 0.000367962871678, -5.2652994782e-05, 0.000277863786323, 2.20359888772e-05, 8.10253695818e-05, -0.000185051234439, -8.68916595209e-06, 0.000114645132271, 0.000240770677919, -0.000426884362241], [0.00035408619442, 0.000936799508054, 0.000416355091147, 8.576521941e-05, 6.11737486906e-05, 0.000484616059111, 0.000115031434689, 0.000135926995426, 0.000464981334517, -0.000321607716614, -0.000286318856524, 0.000117012430565, -0.000800648005679], [0.000120531913126, 0.000416355091147, 0.00125756778289, 0.000185913551832, -0.000583388493396, -1.03830525404e-05, 0.000394024013076, 0.000446696445579, 0.000793561397586, 5.60951775697e-05, -0.000665483938064, -0.000543117232155, -0.000812365557067], [0.000367962871678, 8.576521941e-05, 0.000185913551832, 0.00281463051215, -0.000304870889522, -0.000878605642356, 0.000413738453062, -0.000121025761473, -0.000492247287184, 7.30410902179e-05, 0.000173403779627, -0.00122442562133, -0.000111623587145], [-5.2652994782e-05, 6.11737486906e-05, -0.000583388493396, -0.000304870889522, 0.00309136812575, 0.000713578774594, -0.000463681761175, 0.000122588913655, -0.0001810452668, 7.27878359612e-05, -0.000343483028701, -0.000347076478647, -0.0007821394247], [0.000277863786323, 0.000484616059111, -1.03830525404e-05, -0.000878605642356, 0.000713578774594, 0.00387215567753, -0.000426257756772, -0.000380054174457, -0.000421212636866, 0.000205160817131, -0.000753899221309, 0.000829974305816, -0.000819537381176], [2.20359888772e-05, 0.000115031434689, 0.000394024013076, 0.000413738453062, -0.000463681761175, -0.000426257756772, 0.00463190767914, 0.000523555325344, -0.000175035631401, -0.000395217735786, -6.13126685494e-05, 0.000382509286283, -0.000789418467321], [8.10253695818e-05, 0.000135926995426, 0.000446696445579, -0.000121025761473, 0.000122588913655, -0.000380054174457, 0.000523555325344, 0.00509129045531, -0.000245130184339, 0.000257377163507, 0.000209550969885, -0.000375423638616, 0.000287977978587], [-0.000185051234439, 0.000464981334517, 0.000793561397586, -0.000492247287184, -0.0001810452668, -0.000421212636866, -0.000175035631401, -0.000245130184339, 0.00676401564851, -0.000485286931507, -0.00148566660937, 9.71596818999e-05, -2.3438131393e-05], [-8.68916595209e-06, -0.000321607716614, 5.60951775697e-05, 7.30410902179e-05, 7.27878359612e-05, 0.000205160817131, -0.000395217735786, 0.000257377163507, -0.000485286931507, 0.00728840846568, 0.000440763047663, -0.00120632001199, 0.000176749323145], [0.000114645132271, -0.000286318856524, -0.000665483938064, 0.000173403779627, -0.000343483028701, -0.000753899221309, -6.13126685494e-05, 0.000209550969885, -0.00148566660937, 0.000440763047663, 0.00826321262866, 0.00111622747499, 0.000305491907056], [0.000240770677919, 0.000117012430565, -0.000543117232155, -0.00122442562133, -0.000347076478647, 0.000829974305816, 0.000382509286283, -0.000375423638616, 9.71596818999e-05, -0.00120632001199, 0.00111622747499, 0.00931739527732, -0.000615004741121], [-0.000426884362241, -0.000800648005679, -0.000812365557067, -0.000111623587145, -0.0007821394247, -0.000819537381176, -0.000789418467321, 0.000287977978587, -2.3438131393e-05, 0.000176749323145, 0.000305491907056, -0.000615004741121, 0.0086489925161]]
    },
    "spectral_contrast_coeffs": {
        "max": [-0.362134635448, -0.340668678284, -0.403302431107, -0.451019525528, -0.516917765141, -0.488054722548],
        "mean": [-0.627601146698, -0.71933054924, -0.734379649162, -0.802414119244, -0.802382290363, -0.743914186954],
        "min": [-0.8536221385, -0.929751455784, -0.915774464607, -0.919402182102, -0.904779493809, -0.929076611996],
        "stdev": [0.0912500247359, 0.0947297215462, 0.0970677062869, 0.0572488196194, 0.0547653064132, 0.0662893429399]
    },
    "spectral_contrast_valleys": {
        "max": [-5.27093076706, -4.72186422348, -5.59069538116, -6.73076677322, -6.16230249405, -7.49431228638],
        "mean": [-7.29476165771, -7.07189655304, -7.80417537689, -8.42950344086, -8.5248003006, -11.3118162155],
        "min": [-9.59151077271, -8.57415008545, -9.43537425995, -10.1917676926, -12.0630083084, -16.270406723],
        "stdev": [0.705185711384, 0.569741547108, 0.624476015568, 0.655023992062, 0.695250093937, 1.59484899044]
    }
},
"rhythm": {
    "beats_count": 83,
    "beats_loudness": {
        "max": 0.0802127048373,
        "mean": 0.0245251618326,
        "min": 0.000589580391534,
        "stdev": 0.0174295324832
    },
    "bpm": 95.9984893799,
    "bpm_histogram_first_peak_bpm": 96,
    "bpm_histogram_first_peak_weight": 0.571428537369,
    "bpm_histogram_second_peak_bpm": 108,
    "bpm_histogram_second_peak_spread": 0.363636314869,
    "bpm_histogram_second_peak_weight": 0.0853658542037,
    "danceability": 1.02826595306,
    "onset_rate": 2.7275390625,
    "beats_loudness_band_ratio": {
        "max": [0.850401639938, 0.890943706036, 0.792216956615, 0.935253500938, 0.401633411646, 0.72826641798],
        "mean": [0.267843753099, 0.360582560301, 0.260352581739, 0.134127274156, 0.0261964276433, 0.0633686557412],
        "min": [0.00195828918368, 0.00965798739344, 0.00656498270109, 0.00225620018318, 0.000277391052805, 0.00025163940154],
        "stdev": [0.241125002503, 0.237761929631, 0.217199549079, 0.196908295155, 0.0558688230813, 0.161728098989]
    },
