{
"metadata": {
    "version": {
        "essentia": "2.1-beta5",
        "essentia_git_sha": "Undefined",
        "extractor": "music 2.0"
    },
    "audio_properties": {
        "analysis": {
            "equal_loudness": 0,
            "length": 12.7477550507,
            "sample_rate": 44100,
            "start_time": 0,
            "downmix": "mix"
        },
        "bit_rate": 192000,
        "length": 197.764358521,
        "lossless": 0,
        "number_channels": 2,
        "replay_gain": -0.0757846832275,
        "sample_rate": 48000,
        "codec": "mp3",
        "md5_encoded": "003d9cc7c3123be33f0ecfcde23a9b50"
    },
    "tags": {
        "file_name": "Romania_On a Sunday_Ester Peony.mp3",
        "encoding": ["Lavf58.29.100"]
    }
},
"lowlevel": {
    "average_loudness": 0.937853217125,
    "barkbands_crest": {
        "max": 17.8492927551,
        "mean": 8.37711334229,
        "min": 3.11404395103,
        "stdev": 2.71345663071
    },
    "barkbands_flatness_db": {
        "max": 0.364270061255,
        "mean": 0.192654892802,
        "min": 0.0217963624746,
        "stdev": 0.0812464952469
    },
    "barkbands_kurtosis": {
        "max": 6.81533527374,
        "mean": 0.614282667637,
        "min": -1.41037249565,
        "stdev": 1.27757918835
    },
    "barkbands_skewness": {
        "max": 2.05387020111,
        "mean": 0.591499328613,
        "min": -1.12703955173,
        "stdev": 0.612102389336
    },
    "barkbands_spread": {
        "max": 76.1064682007,
        "mean": 15.1600408554,
        "min": 5.12603521347,
        "stdev": 11.7306270599
    },
    "dissonance": {
        "max": 0.499908685684,
        "mean": 0.461466103792,
        "min": 0.309980005026,
        "stdev": 0.0411569513381
    },
    "dynamic_complexity": 2.505600214,
    "erbbands_crest": {
        "max": 24.9851150513,
        "mean": 10.0394859314,
        "min": 2.88040685654,
        "stdev": 4.40662670135
    },
    "erbbands_flatness_db": {
        "max": 0.421527326107,
        "mean": 0.261416614056,
        "min": 0.0562616251409,
        "stdev": 0.0775436386466
    },
    "erbbands_kurtosis": {
        "max": 13.758939743,
        "mean": 1.00187444687,
        "min": -1.11513507366,
        "stdev": 1.48349237442
    },
    "erbbands_skewness": {
        "max": 1.8971465826,
        "mean": 0.35800409317,
        "min": -1.45532333851,
        "stdev": 0.67171138525
    },
    "erbbands_spread": {
        "max": 80.7728500366,
        "mean": 18.4492549896,
        "min": 4.02663469315,
        "stdev": 11.7074728012
    },
    "hfc": {
        "max": 86.842300415,
        "mean": 27.4144897461,
        "min": 3.14069533348,
        "stdev": 16.323802948
    },
    "loudness_ebu128": {
        "integrated": -22.6193771362,
        "loudness_range": 4.20984458923,
        "momentary": {
            "max": -19.245885849,
            "mean": -23.2196788788,
            "min": -29.0513877869,
            "stdev": 2.38969755173
        },
        "short_term": {
            "max": -20.4282932281,
            "mean": -22.657409668,
            "min": -25.6941623688,
            "stdev": 1.47378659248
        }
    },
    "melbands_crest": {
        "max": 25.6778087616,
        "mean": 10.4435329437,
        "min": 3.84154605865,
        "stdev": 3.34279417992
    },
    "melbands_flatness_db": {
        "max": 0.43733727932,
        "mean": 0.211194202304,
        "min": 0.0707177594304,
        "stdev": 0.0957118570805
    },
    "melbands_kurtosis": {
        "max": 29.7139015198,
        "mean": 2.35165381432,
        "min": -1.48492467403,
        "stdev": 3.41518378258
    },
    "melbands_skewness": {
        "max": 5.12144231796,
        "mean": 1.03088629246,
        "min": -0.754112780094,
        "stdev": 0.809280514717
    },
    "melbands_spread": {
        "max": 63.7086677551,
        "mean": 21.908454895,
        "min": 7.58062171936,
        "stdev": 10.7060508728
    },
    "pitch_salience": {
        "max": 0.837704122066,
        "mean": 0.654187858105,
        "min": 0.313740074635,
        "stdev": 0.0986111983657
    },
    "silence_rate_20dB": {
        "max": 1,
        "mean": 1,
        "min": 1,
        "stdev": 0
    },
    "silence_rate_30dB": {
        "max": 1,
        "mean": 1,
        "min": 1,
        "stdev": 0
    },
    "silence_rate_60dB": {
        "max": 0,
        "mean": 0,
        "min": 0,
        "stdev": 0
    },
    "spectral_centroid": {
        "max": 2560.98828125,
        "mean": 1363.71875,
        "min": 424.47253418,
        "stdev": 533.414489746
    },
    "spectral_complexity": {
        "max": 47,
        "mean": 24.2109088898,
        "min": 3,
        "stdev": 9.75474357605
    },
    "spectral_decrease": {
        "max": -2.84494344749e-10,
        "mean": -7.065241725e-09,
        "min": -2.4950587374e-08,
        "stdev": 4.29417745806e-09
    },
    "spectral_energy": {
        "max": 0.0976221784949,
        "mean": 0.0291524231434,
        "min": 0.00142129766755,
        "stdev": 0.0173252820969
    },
    "spectral_energyband_high": {
        "max": 0.00694733159617,
        "mean": 0.00046076439321,
        "min": 4.37181324742e-06,
        "stdev": 0.000705116370227
    },
    "spectral_energyband_low": {
        "max": 0.0553679615259,
        "mean": 0.00294174929149,
        "min": 2.15968825046e-08,
        "stdev": 0.00703627709299
    },
    "spectral_energyband_middle_high": {
        "max": 0.0526124350727,
        "mean": 0.0142331905663,
        "min": 0.000309063441819,
        "stdev": 0.00984420999885
    },
    "spectral_energyband_middle_low": {
        "max": 0.0609941445291,
        "mean": 0.0125036276877,
        "min": 0.00026260575396,
        "stdev": 0.0104268994182
    },
    "spectral_entropy": {
        "max": 8.48029232025,
        "mean": 7.4253745079,
        "min": 6.0563416481,
        "stdev": 0.582363009453
    },
    "spectral_flux": {
        "max": 0.197613909841,
        "mean": 0.0783349871635,
        "min": 0.0248574931175,
        "stdev": 0.0396483875811
    },
    "spectral_kurtosis": {
        "max": 57.0913200378,
        "mean": 9.19711971283,
        "min": 0.835356712341,
        "stdev": 10.7206792831
    },
    "spectral_rms": {
        "max": 0.00975915696472,
        "mean": 0.00506543554366,
        "min": 0.0011775533203,
        "stdev": 0.00166816415731
    },
    "spectral_rolloff": {
        "max": 10658.9355469,
        "mean": 1650.38330078,
        "min": 581.396484375,
        "stdev": 982.729248047
    },
    "spectral_skewness": {
        "max": 5.77015066147,
        "mean": 1.8647339344,
        "min": 0.8246935606,
        "stdev": 0.859720945358
    },
    "spectral_spread": {
        "max": 9379016,
        "mean": 2933401,
        "min": 1068755,
        "stdev": 1404271.5
    },
    "spectral_strongpeak": {
        "max": 7.737657547,
        "mean": 1.79261100292,
        "min": 0,
        "stdev": 1.59713411331
    },
    "zerocrossingrate": {
        "max": 0.21728515625,
        "mean": 0.0605264566839,
        "min": 0.01123046875,
        "stdev": 0.0276524759829
    },
    "barkbands": {
        "max": [0.00806561112404, 0.0374952331185, 0.0174563378096, 0.0264811571687, 0.0270188860595, 0.0111275538802, 0.00712889060378, 0.0116441836581, 0.0370304994285, 0.0206452272832, 0.0333985462785, 0.0124985994771, 0.0201147012413, 0.0149676539004, 0.0100369686261, 0.00150243751705, 0.00679143518209, 0.00329121365212, 0.00194007495884, 0.001659130794, 0.000917774625123, 0.00117754167877, 0.00101620040368, 0.00118306011427, 0.00331807951443, 0.00054292177083, 0.000331197283231],
        "mean": [0.000191775849089, 0.00163290731143, 0.000790017598774, 0.000729070277885, 0.00343207642436, 0.00137597264256, 0.000642743427306, 0.00187309330795, 0.00309814303182, 0.00345534156077, 0.00406478485093, 0.00185423588846, 0.00202091736719, 0.00144660752267, 0.000840794062242, 0.000213568448089, 0.000344500120264, 0.000325570174027, 0.000269320240477, 0.000176210480276, 0.000115525450383, 7.83673967817e-05, 5.98891638219e-05, 4.43299504695e-05, 6.11024952377e-05, 1.09852744572e-05, 4.60100773125e-06],
        "min": [1.87443158217e-10, 8.07132305436e-10, 4.51797976808e-09, 7.46750501435e-08, 2.27886221182e-06, 1.69535974237e-06, 5.51057473785e-06, 1.33942467073e-05, 5.56374106964e-05, 3.66940253116e-06, 1.70100138348e-05, 1.05131957753e-05, 3.91706962546e-05, 1.47093587657e-05, 2.43128397415e-05, 4.56843326901e-06, 5.13194709129e-06, 8.33282319945e-06, 6.36570575807e-06, 4.39217683379e-06, 1.68733856754e-06, 2.61693120507e-08, 9.81864728411e-11, 1.05541748951e-10, 9.0185921231e-11, 1.20828430594e-10, 1.59555757495e-10],
        "stdev": [0.000646919710562, 0.00446157110855, 0.00200140429661, 0.00230436073616, 0.00538830133155, 0.00177891307976, 0.000928219640628, 0.00222748541273, 0.00519877765328, 0.00394099578261, 0.00495723215863, 0.00150215928443, 0.00268777948804, 0.0014438976068, 0.00104921078309, 0.000232925638556, 0.000509672565386, 0.00040568553959, 0.000299185601762, 0.00018981435278, 0.000120698205137, 0.000102055098978, 0.000104940889287, 0.000132516914164, 0.000316970661515, 4.55133849755e-05, 2.89397885354e-05]
    },
    "erbbands": {
        "max": [1.69066309929, 8.0405626297, 14.9849147797, 56.9047355652, 115.028717041, 92.5424728394, 118.36618042, 77.7500152588, 114.433197021, 195.624328613, 348.210632324, 675.002380371, 778.50390625, 837.60760498, 1766.77282715, 603.096557617, 934.863647461, 565.010742188, 417.061950684, 391.003448486, 174.527175903, 367.928039551, 196.770248413, 113.387329102, 86.0223846436, 80.7221679688, 52.8683853149, 25.2586708069, 24.3240032196, 79.8224945068, 20.9908943176, 35.3707695007, 21.0705299377, 46.5977478027, 15.5367155075, 3.54389739037, 0.688972294331, 0.597735524178, 0.0822539851069, 0.00258951424621],
        "mean": [0.053891543299, 0.340222805738, 0.837969303131, 1.91436851025, 5.41295289993, 11.7562255859, 11.2232656479, 13.0327663422, 14.797908783, 27.0239658356, 30.822681427, 65.2056732178, 117.918357849, 102.246994019, 171.648345947, 84.6942138672, 95.4118423462, 81.4714813232, 56.1812324524, 27.4511947632, 13.7146959305, 19.4514961243, 18.3394317627, 15.6378316879, 11.5223903656, 8.48611736298, 5.70132780075, 3.82581949234, 2.6797311306, 2.68819975853, 1.49230873585, 1.17801105976, 0.578983128071, 0.913932144642, 0.282320380211, 0.0502761043608, 0.0157767757773, 0.00826423149556, 0.000824714545161, 5.9947346017e-05],
        "min": [1.20140100535e-07, 1.13762007459e-06, 1.57763861353e-05, 0.000103606747871, 0.00131301570218, 0.00301709701307, 0.00441168760881, 0.0250136181712, 0.0760963559151, 0.190859809518, 0.514326632023, 1.17585885525, 0.379675805569, 0.309815973043, 0.67215514183, 0.700069487095, 1.94897186756, 0.728613615036, 3.05557727814, 0.659702658653, 0.31747764349, 0.313990265131, 0.485640287399, 0.456773519516, 0.288770675659, 0.188515782356, 0.117728069425, 0.0275123436004, 0.00321699702181, 0.000191099461517, 5.12954611622e-05, 2.51982619375e-05, 2.053296339e-05, 1.87504647329e-05, 1.39689136631e-05, 1.066988807e-05, 6.26426435701e-06, 1.69164218278e-06, 2.67747213911e-06, 4.38184542872e-06],
        "stdev": [0.152442440391, 0.957156419754, 2.07694959641, 5.83091020584, 14.7839212418, 18.6695709229, 17.6657619476, 15.8623600006, 24.096206665, 37.943862915, 31.5407161713, 101.830604553, 137.326263428, 118.800849915, 237.937683105, 66.0071334839, 123.033592224, 77.6295928955, 54.3323898315, 36.2174682617, 15.8423814774, 29.1864356995, 23.0440864563, 17.3065452576, 13.1712551117, 9.13162994385, 6.14215755463, 4.04771614075, 3.1278128624, 5.40769386292, 2.55068707466, 3.42865133286, 1.90218997002, 4.7869977951, 1.40838825703, 0.241392374039, 0.0676660388708, 0.0479520298541, 0.00520123215392, 0.000169037899468]
    },
    "gfcc": {
        "mean": [-32.6255226135, 119.521377563, -190.960632324, 2.51359009743, -67.9857025146, 7.04900979996, -17.1456165314, -12.6126375198, -19.3976364136, -11.6147270203, -6.89953947067, -11.9785175323, -5.30823373795],
        "cov": [[2812.42236328, -1576.63452148, 895.989440918, 1221.38562012, 91.1220550537, 1345.17626953, -15.9340991974, 1077.94299316, 395.515258789, 229.183319092, 160.268783569, -1.56030583382, 72.496421814], [-1576.63452148, 4637.74609375, 186.630584717, -751.553649902, 559.50958252, -1673.78063965, 567.689453125, -1542.16760254, -46.0760154724, -381.698638916, 32.8724212646, -177.852172852, 13.4718790054], [895.989440918, 186.630584717, 1640.32788086, 340.002624512, 333.135498047, 158.930801392, -129.464569092, 108.631256104, -17.7341251373, 302.648590088, 34.2727050781, 224.33215332, -44.9051475525], [1221.38562012, -751.553649902, 340.002624512, 860.151062012, -4.97148275375, 749.870605469, -26.8234863281, 534.256286621, 235.966384888, 62.3254203796, 128.564575195, -41.6928215027, 48.786605835], [91.1220550537, 559.50958252, 333.135498047, -4.97148275375, 273.411560059, -122.547981262, 115.304016113, -90.8640441895, -6.64070701599, 60.1734771729, -18.4622077942, 21.8898735046, -5.06607103348], [1345.17626953, -1673.78063965, 158.930801392, 749.870605469, -122.547981262, 1051.2208252, -99.2350769043, 841.035400391, 210.750946045, 159.492218018, 99.4374542236, 12.2768363953, 42.8271713257], [-15.9340991974, 567.689453125, -129.464569092, -26.8234863281, 115.304016113, -99.2350769043, 257.446075439, -90.2192230225, 74.9854431152, -52.6034736633, 26.3710803986, -48.5359153748, 9.62383174896], [1077.94299316, -1542.16760254, 108.631256104, 534.256286621, -90.8640441895, 841.035400391, -90.2192230225, 804.489257812, 136.043060303, 207.470901489, 42.4806022644, 27.0268096924, 41.7094993591], [395.515258789, -46.0760154724, -17.7341251373, 235.966384888, -6.64070701599, 210.750946045, 74.9854431152, 136.043060303, 203.683898926, -13.5279769897, 82.3142776489, -36.184173584, 28.1795806885], [229.183319092, -381.698638916, 302.648590088, 62.3254203796, 60.1734771729, 159.492218018, -52.6034736633, 207.470901489, -13.5279769897, 212.319229126, -3.53955245018, 103.506195068, -6.53125953674], [160.268783569, 32.8724212646, 34.2727050781, 128.564575195, -18.4622077942, 99.4374542236, 26.3710803986, 42.4806022644, 82.3142776489, -3.53955245018, 106.07509613, 0.866281688213, 22.1531944275], [-1.56030583382, -177.852172852, 224.33215332, -41.6928215027, 21.8898735046, 12.2768363953, -48.5359153748, 27.0268096924, -36.184173584, 103.506195068, 0.866281688213, 138.821258545, -18.4949607849], [72.496421814, 13.4718790054, -44.9051475525, 48.786605835, -5.06607103348, 42.8271713257, 9.62383174896, 41.7094993591, 28.1795806885, -6.53125953674, 22.1531944275, -18.4949607849, 55.9345397949]],
        "icov": [[0.00206277729012, 0.000395302748075, -0.00136387371458, -0.000434812216554, -0.000550935044885, -0.000691208115313, -0.000967341125943, -0.00111813971307, -0.0014581627911, 0.00146227760706, 0.000325400062138, 0.00104028743226, -0.000884445093106], [0.000395302748075, 0.00237984303385, -0.00107905478217, -0.000601330946665, -0.00136068626307, 0.00216905889101, -0.00260254996829, 0.00208187452517, -0.000929747242481, 0.000208279307117, -0.00151507812552, 0.00262192031369, -0.00235625961795], [-0.00136387371458, -0.00107905478217, 0.00308589800261, -0.000727799604647, -0.00156067544594, -0.000220843881834, 0.00313813844696, 0.000577729253564, 0.0012588868849, -0.00218552909791, -0.000326464651152, -0.0030704466626, 0.00242143077776], [-0.000434812216554, -0.000601330946665, -0.000727799604647, 0.00585229042917, -0.0006671724841, -0.00452813273296, 0.00130457535852, 0.000317951955367, -0.00120782945305, 0.00137665390503, -0.00133154960349, 0.00170194183011, -0.000175894165295], [-0.000550935044885, -0.00136068626307, -0.00156067544594, -0.0006671724841, 0.0118940826505, -0.000480646674987, -0.00486876396462, 0.00075188302435, 0.00152798346244, -0.00445174938068, 0.00486251758412, 0.000447944243206, -0.000974246126134], [-0.000691208115313, 0.00216905889101, -0.000220843881834, -0.00452813273296, -0.000480646674987, 0.0152142457664, -0.0010628484888, -0.00842213537544, -0.00113863532897, 0.00322592630982, -0.00403385749087, -0.00074834341649, 0.00121669925284], [-0.000967341125943, -0.00260254996829, 0.00313813844696, 0.00130457535852, -0.00486876396462, -0.0010628484888, 0.0121663538739, -0.00310565065593, -0.00199218210764, 0.0012697360944, -0.00127798877656, -0.00316716404632, 0.00446827756241], [-0.00111813971307, 0.00208187452517, 0.000577729253564, 0.000317951955367, 0.00075188302435, -0.00842213537544, -0.00310565065593, 0.0175713412464, 0.000324569060467, -0.0102984523401, 0.00280251633376, 0.00491319643334, -0.00576881552115], [-0.0014581627911, -0.000929747242481, 0.0012588868849, -0.00120782945305, 0.00152798346244, -0.00113863532897, -0.00199218210764, 0.000324569060467, 0.0123847899958, -0.000979000004008, -0.00451304204762, -0.000441517215222, 0.000576635007747], [0.00146227760706, 0.000208279307117, -0.00218552909791, 0.00137665390503, -0.00445174938068, 0.00322592630982, 0.0012697360944, -0.0102984523401, -0.000979000004008, 0.0188066959381, -0.00195156340487, -0.00706290081143, 0.000813778315205], [0.000325400062138, -0.00151507812552, -0.000326464651152, -0.00133154960349, 0.00486251758412, -0.00403385749087, -0.00127798877656, 0.00280251633376, -0.00451304204762, -0.00195156340487, 0.0193124264479, -0.00362692167982, -0.0043007354252], [0.00104028743226, 0.00262192031369, -0.0030704466626, 0.00170194183011, 0.000447944243206, -0.00074834341649, -0.00316716404632, 0.00491319643334, -0.000441517215222, -0.00706290081143, -0.00362692167982, 0.018975969404, -0.00132580439094], [-0.000884445093106, -0.00235625961795, 0.00242143077776, -0.000175894165295, -0.000974246126134, 0.00121669925284, 0.00446827756241, -0.00576881552115, 0.000576635007747, 0.000813778315205, -0.0043007354252, -0.00132580439094, 0.0252718161792]]
    },
    "melbands": {
        "max": [0.0125948069617, 0.00868536066264, 0.00996038503945, 0.00612270785496, 0.00427817925811, 0.00179420108907, 0.00170201947913, 0.00247471104376, 0.0031371419318, 0.00499407248572, 0.00400781352073, 0.00317835225724, 0.00463905232027, 0.00233776587993, 0.00104663090315, 0.00266696559265, 0.00127211830113, 0.000959753873758, 0.00112954666838, 0.00012540150783, 0.000261334615061, 0.000440516101662, 0.00027658950421, 0.000115234717668, 9.88539395621e-05, 7.54335414967e-05, 5.06566575496e-05, 5.42152374692e-05, 3.84578343073e-05, 2.16805692617e-05, 1.43954575833e-05, 1.81418472494e-05, 2.58078471234e-05, 4.57279238617e-05, 1.29076170197e-05, 8.21724825073e-06, 3.10550749418e-05, 1.84174659807e-05, 2.34690942307e-05, 5.98628394073e-05],
        "mean": [0.000476341578178, 0.000446780119091, 0.000428517931141, 0.000572986435145, 0.000513042206876, 0.000301649008179, 0.000200539303478, 0.000343044433976, 0.000244831346208, 0.000459146074718, 0.000593398348428, 0.000398008502088, 0.000522526679561, 0.000310694798827, 0.000182905670954, 0.000210958125535, 0.00014610348444, 9.43179329624e-05, 6.29305941402e-05, 1.66886511579e-05, 1.60221843544e-05, 2.0321300326e-05, 1.86516099348e-05, 1.46564516399e-05, 1.26376726257e-05, 9.2886702987e-06, 6.88062027621e-06, 5.30184843228e-06, 3.77026435672e-06, 2.75018487628e-06, 1.99277747015e-06, 1.51758888478e-06, 1.42738144859e-06, 1.49506672642e-06, 8.86534280653e-07, 6.57869293264e-07, 7.64466335568e-07, 3.73393561404e-07, 3.1931057265e-07, 1.06314860204e-06],
        "min": [4.5869086307e-10, 2.71235922611e-09, 3.33994059076e-08, 2.83632743958e-07, 1.02550146153e-07, 3.68150153918e-07, 1.30165267365e-06, 2.03634135687e-06, 3.96430959881e-06, 8.3242839537e-06, 1.30138948862e-06, 1.01805846953e-06, 2.48971127803e-06, 1.17185129511e-06, 3.76228490495e-06, 3.04839204546e-06, 1.16854346288e-06, 1.86434283478e-06, 1.22841038319e-06, 3.41695653105e-07, 2.95709270404e-07, 3.07734808302e-07, 2.95880596468e-07, 4.21414313223e-07, 3.02974228816e-07, 1.77673413759e-07, 1.17603875083e-07, 7.93172674207e-08, 7.59903997505e-08, 3.19763131529e-08, 3.90079657464e-09, 3.62340352167e-10, 6.91979676684e-12, 8.81027455851e-13, 1.82792344629e-12, 1.61458888794e-12, 1.23884095257e-12, 6.77184003317e-13, 7.92692409109e-13, 7.52900779916e-13],
        "stdev": [0.00130455801263, 0.00109532196075, 0.00107305787969, 0.000955796276685, 0.000843120214995, 0.000388596061384, 0.000327701854985, 0.000478276109789, 0.000265789451078, 0.000747720419895, 0.000714678433724, 0.000509280594997, 0.000642485334538, 0.000319311628118, 0.000171512787347, 0.000310287025059, 0.000143770477735, 0.000100083801954, 9.99723488349e-05, 1.70163148141e-05, 2.11911374208e-05, 3.14580938721e-05, 2.75169059023e-05, 1.74828674062e-05, 1.43733568621e-05, 1.10139453682e-05, 7.60190096116e-06, 5.96135168962e-06, 4.29254805567e-06, 2.95214317703e-06, 2.22195967581e-06, 1.83308077339e-06, 2.11739916267e-06, 3.25191945194e-06, 1.5917141809e-06, 1.11995120733e-06, 2.80952986031e-06, 1.29152226691e-06, 1.29255397496e-06, 5.94415905653e-06]
    },
    "melbands128": {
        "max": [0.00806559808552, 0.0153568247333, 0.0161756426096, 0.0152529571205, 0.0109195634723, 0.0096908705309, 0.0124473078176, 0.0118423793465, 0.016377620399, 0.00609506526962, 0.00578061956912, 0.00974857248366, 0.00515742460266, 0.00351831316948, 0.00221950467676, 0.00409203767776, 0.00371555169113, 0.0010959377978, 0.0022486068774, 0.00301595637575, 0.00481711467728, 0.0022262330167, 0.00506244180724, 0.00290482654236, 0.00445506768301, 0.00826705060899, 0.0118834003806, 0.00665581040084, 0.00725216604769, 0.00482380250469, 0.00683949002996, 0.00281620468013, 0.00247146491893, 0.0133057534695, 0.00246055121534, 0.00262052449398, 0.00234687724151, 0.0017240740126, 0.00156393914949, 0.00388918537647, 0.00391753716394, 0.00129785726313, 0.00136507418938, 0.0031342850998, 0.00187681429088, 0.000719759147614, 0.00114291533828, 0.00211340561509, 0.000966595311183, 0.000202949508093, 0.000118123614811, 0.00013633967319, 0.000139035561006, 0.000327997287968, 0.000620185513981, 0.000447156722657, 0.00043845991604, 0.000189163940377, 0.000518329557963, 0.000249863776844, 0.000132767192554, 0.000159630013513, 0.000116146613436, 0.000149475512444, 0.000128631974803, 9.21566970646e-05, 0.000101308331068, 6.83666876284e-05, 6.49285284453e-05, 5.03078445035e-05, 5.85522830079e-05, 5.78763065278e-05, 4.58672948298e-05, 4.75722263218e-05, 2.79176601907e-05, 2.00225531444e-05, 2.91356773232e-05, 1.71458959812e-05, 1.96783003048e-05, 1.73257776623e-05, 2.41000707319e-05, 1.75472287083e-05, 2.1867972464e-05, 1.47472437675e-05, 5.93534859945e-05, 8.27427793411e-05, 3.66956010112e-05, 1.72415184352e-05, 1.64254925039e-05, 1.13013438749e-05, 9.01161638467e-06, 1.14735785246e-05, 8.82988206286e-06, 7.14851266821e-05, 1.67729958775e-05, 1.05352819446e-05, 4.2738745833e-05, 1.04641312646e-05, 5.15358660778e-05, 6.42967097519e-06, 2.49525546678e-05, 9.00717277545e-05, 0.000108228879981, 2.51495221164e-05, 9.25011408981e-06, 3.75448189516e-06, 4.36107939095e-06, 8.8220804173e-06, 1.04488135548e-05, 7.03029263605e-06, 1.89467834844e-06, 3.46941828866e-06, 3.01359659716e-06, 1.88927651834e-06, 2.33495075008e-06, 6.45371164865e-06, 6.9980023909e-06, 7.53209405957e-06, 2.40894519266e-06, 6.84777569404e-06, 1.93937171389e-06, 1.97363988264e-06, 1.88546857771e-06, 2.72146714053e-08, 7.06117742055e-09, 6.99018354311e-09, 6.92179602524e-09, 6.88323442688e-09],
        "mean": [0.000160569659784, 0.000439991243184, 0.000615755736362, 0.000539528089575, 0.000419449119363, 0.000398329080781, 0.000370057969121, 0.000368165347027, 0.000652801478282, 0.000361306301784, 0.00065143336542, 0.00104921183083, 0.000316791702062, 0.000104815604573, 0.000214094208786, 0.000510149693582, 0.000421295000706, 5.18294873473e-05, 5.12969781994e-05, 0.000309971714159, 0.000566539121792, 0.000229031167692, 0.000197964473045, 0.000231715821428, 0.000355539406883, 0.00057102937717, 0.00067268544808, 0.000632089446299, 0.000518463726621, 0.000356737931725, 0.000428324594395, 0.000322633248288, 0.000397641939344, 0.00097961188294, 0.000227303564316, 0.000195355023607, 0.000217084496398, 0.000156156631419, 0.000166953541338, 0.000259381748037, 0.000229907222092, 0.000128773885081, 0.000139366340591, 0.000176324349013, 0.000104141268821, 8.15790626802e-05, 7.00293821865e-05, 9.18521764106e-05, 4.26440165029e-05, 2.00295689865e-05, 1.45603462443e-05, 1.21704724734e-05, 1.30721200549e-05, 1.87518289749e-05, 2.08597084566e-05, 1.99449023057e-05, 2.12081977224e-05, 1.81086434168e-05, 1.90986247617e-05, 1.66462195921e-05, 1.44832392834e-05, 1.31956358018e-05, 1.24900234368e-05, 1.35465470521e-05, 1.10318651423e-05, 8.9790637503e-06, 8.48984655022e-06, 7.52256346459e-06, 6.28160842098e-06, 6.32106412013e-06, 5.61767501495e-06, 4.75580372949e-06, 3.96191217078e-06, 3.79764264835e-06, 3.26746157953e-06, 2.66330039267e-06, 2.69869406111e-06, 2.33353830481e-06, 1.87702198673e-06, 1.65783524153e-06, 1.59036983405e-06, 1.44908688071e-06, 1.35321806738e-06, 1.27218618218e-06, 1.62393496339e-06, 1.72230352291e-06, 1.47556875163e-06, 1.10215489713e-06, 8.43905013426e-07, 7.386763059e-07, 6.43333635253e-07, 6.68048585339e-07, 5.19742457072e-07, 1.22793198898e-06, 4.88686680455e-07, 3.11490452987e-07, 4.49164957672e-07, 2.77934191217e-07, 4.33247095089e-07, 2.02885502176e-07, 3.254076546e-07, 1.5551541992e-06, 1.71378781033e-06, 2.19606576479e-07, 1.47957038621e-07, 8.09717803918e-08, 7.94487746703e-08, 1.11757806565e-07, 8.96956962038e-08, 6.18460376245e-08, 3.73703059608e-08, 4.61994815737e-08, 5.09076301114e-08, 3.8904595101e-08, 5.55791288548e-08, 9.05063259893e-08, 7.36684526714e-08, 6.4507254649e-08, 1.74335461622e-08, 3.29799476617e-08, 1.42530902636e-08, 1.35850042327e-08, 1.3796069176e-08, 1.88066909268e-10, 1.73418709948e-11, 1.67280078678e-11, 1.63363662875e-11, 1.62079741989e-11],
        "min": [3.53430791578e-11, 9.98990890011e-11, 2.87469159588e-10, 3.09295422607e-10, 4.74104255854e-10, 2.36631936268e-09, 2.95374946724e-09, 3.52405074011e-08, 5.66593314488e-08, 9.02975543227e-08, 4.5972942786e-08, 1.02739541319e-08, 8.2511057542e-08, 1.2894238921e-07, 2.72262553835e-07, 1.57046628146e-07, 3.51594820813e-07, 3.49942951061e-07, 8.30733540624e-07, 6.84851272581e-07, 1.18787352221e-06, 1.1605909549e-06, 2.08678852687e-06, 1.14222575576e-06, 2.00393583327e-06, 1.52307325152e-06, 2.66208644462e-06, 2.24633026846e-07, 2.32826508295e-07, 7.75531532327e-07, 1.17053014037e-06, 1.66992026607e-06, 2.58513000517e-06, 1.13216390218e-06, 4.44541484512e-07, 1.11798976832e-06, 1.34079766667e-06, 2.05759829441e-06, 1.97052281692e-06, 2.97711540043e-06, 9.46543593727e-07, 8.14895429357e-07, 8.03858426934e-07, 8.53577375892e-07, 5.58946226192e-07, 8.8761362349e-07, 1.18653758818e-06, 8.2616236341e-07, 2.13430425333e-07, 1.40278842764e-07, 1.47085529534e-07, 2.18027608412e-07, 9.32307031576e-08, 1.39706017421e-07, 1.52105627649e-07, 1.5016468069e-07, 1.38264780958e-07, 7.61351373058e-08, 1.18220626177e-07, 1.93002051674e-07, 2.52789646993e-07, 1.120782116e-07, 2.2882078099e-07, 1.38643343917e-07, 1.22453315043e-07, 1.27424769403e-07, 8.30924804518e-08, 6.36143511201e-08, 7.17622086199e-08, 6.92107420264e-08, 5.27872181522e-08, 2.48502391997e-08, 4.25764632439e-08, 5.24452339334e-08, 4.79656847574e-08, 1.67909171012e-08, 1.4284279537e-08, 7.11510450557e-09, 2.03207131677e-10, 9.78592276657e-11, 6.71219399506e-11, 9.08198516392e-11, 5.6101412578e-12, 1.56104740679e-12, 1.96557765723e-12, 7.72310980359e-13, 4.13493864799e-13, 8.02757708397e-13, 1.76949297229e-12, 1.08929315221e-12, 1.14547726773e-12, 1.13846432281e-12, 9.02006930519e-13, 8.92322945135e-13, 8.41050753347e-13, 6.25430154715e-13, 4.84027423177e-13, 7.68789058022e-13, 6.64223233707e-13, 4.86053200726e-13, 5.68672658876e-13, 5.94338489014e-13, 5.60132886254e-13, 5.77674464253e-13, 6.74443519696e-13, 5.06359602685e-13, 5.78410854369e-13, 5.86038921384e-13, 5.849841553e-13, 6.49347492009e-13, 5.16734821165e-13, 4.9544770413e-13, 4.32046244484e-13, 4.49313194073e-13, 3.89486376094e-13, 4.88852719156e-13, 4.31634193448e-13, 5.65137780323e-13, 4.81056817644e-13, 3.69259473259e-13, 4.32101294849e-13, 4.19366283236e-13, 5.26613366629e-13, 5.09276214949e-13, 3.41159229773e-13, 9.6340043419e-14, 2.07707149277e-14, 7.18236187789e-16],
        "stdev": [0.000572244520299, 0.00130059185904, 0.00181543803774, 0.00160085246898, 0.00113183388021, 0.00105148123112, 0.00134933402296, 0.00105534424074, 0.00202507595532, 0.000855913036503, 0.001130733639, 0.00190970150288, 0.000549668562599, 0.000237711486989, 0.000328052032273, 0.00085509539349, 0.000773399136961, 8.62790402607e-05, 0.000144471428939, 0.000473126914585, 0.00085489009507, 0.00029510204331, 0.000316597288474, 0.000371317088138, 0.00064120371826, 0.00114746915642, 0.00119571061805, 0.000829767202958, 0.0010705323657, 0.000647000968456, 0.000737117603421, 0.000438295362983, 0.000441335665528, 0.00184056221042, 0.000283515371848, 0.000266995455604, 0.000254977174336, 0.000216981279664, 0.0002029009338, 0.000453369721072, 0.000417041039327, 0.000196308610612, 0.000148695413372, 0.000243584974669, 0.000164651937666, 0.000110668268462, 9.67543965089e-05, 0.000184929042007, 8.50107462611e-05, 2.55272807408e-05, 1.73767348315e-05, 1.46972797666e-05, 1.8032738808e-05, 2.86882441287e-05, 3.74448973162e-05, 3.40447477356e-05, 4.06024810218e-05, 2.72509878414e-05, 3.39936050295e-05, 2.29325632972e-05, 1.87260302482e-05, 1.88924659597e-05, 1.62123869814e-05, 1.76853445737e-05, 1.45968242578e-05, 1.22877709146e-05, 1.20700424304e-05, 9.70846394921e-06, 7.72752264311e-06, 7.27607266526e-06, 7.10215044819e-06, 6.30298063697e-06, 5.21280207977e-06, 5.07747063239e-06, 4.02594287152e-06, 3.14859357786e-06, 3.35001982421e-06, 2.69313227363e-06, 2.46370518653e-06, 2.18029367716e-06, 2.0987258722e-06, 1.93315918295e-06, 1.96666405827e-06, 1.72171246504e-06, 3.65841901839e-06, 5.07400636707e-06, 3.33687444254e-06, 2.12311283576e-06, 1.71367867097e-06, 1.40013310101e-06, 1.06323875571e-06, 1.26823795199e-06, 9.01162763967e-07, 6.02273985351e-06, 1.68047779425e-06, 9.42197630138e-07, 2.45799083132e-06, 7.82200174854e-07, 2.49953677667e-06, 6.31152772712e-07, 1.55997531692e-06, 9.15111104405e-06, 1.01651448858e-05, 1.29197690057e-06, 7.4012081086e-07, 3.40702627e-07, 3.38373695286e-07, 5.87196325341e-07, 6.2133250367e-07, 4.31723492511e-07, 1.62582253438e-07, 2.36510786067e-07, 2.73779562576e-07, 1.74587682977e-07, 2.47436048539e-07, 5.18469732924e-07, 5.24538450009e-07, 5.66469395835e-07, 1.37706862802e-07, 3.53454794322e-07, 1.12304377353e-07, 1.23637548199e-07, 1.22803228919e-07, 1.81067627558e-09, 3.00682062582e-10, 2.97676439054e-10, 2.94773427889e-10, 2.93132629281e-10]
    },
    "mfcc": {
        "mean": [-650.74041748, 144.267547607, -61.0383377075, -4.33630514145, -32.1317901611, 7.59488010406, -0.418464183807, 0.709240496159, -9.70964241028, -0.883203089237, -3.3027985096, -7.44827127457, -8.46199131012],
        "cov": [[3144.93896484, -2502.36816406, 821.952880859, -42.625415802, 758.285644531, 288.519165039, 390.71963501, 903.395751953, 583.717895508, 765.834838867, 452.302307129, 423.572265625, 43.7130279541], [-2502.36816406, 4962.58691406, -510.123962402, 800.930053711, -731.567443848, 26.2631340027, -334.444488525, -941.643737793, -559.721252441, -769.72265625, -399.355743408, -411.142425537, -128.084991455], [821.952880859, -510.123962402, 1174.91809082, 242.441223145, 566.273193359, 187.463500977, 132.91619873, 168.221801758, 79.5141296387, 226.116317749, 114.030586243, 156.877731323, 128.005599976], [-42.625415802, 800.930053711, 242.441223145, 372.282531738, 62.688583374, 129.392105103, -2.44169020653, -69.3972930908, -46.6147384644, -51.4446525574, -9.4145488739, -14.5079803467, 11.3524522781], [758.285644531, -731.567443848, 566.273193359, 62.688583374, 454.330780029, 92.5473937988, 161.168884277, 189.346878052, 170.887283325, 213.787475586, 123.503189087, 140.92817688, 63.5659637451], [288.519165039, 26.2631340027, 187.463500977, 129.392105103, 92.5473937988, 163.6953125, 25.6897029877, 114.375022888, 14.8943119049, 82.8327407837, 45.2575340271, 40.5787010193, 28.3354415894], [390.71963501, -334.444488525, 132.91619873, -2.44169020653, 161.168884277, 25.6897029877, 207.447799683, 109.556190491, 152.89630127, 105.654129028, 108.332603455, 81.8706207275, 15.7208080292], [903.395751953, -941.643737793, 168.221801758, -69.3972930908, 189.346878052, 114.375022888, 109.556190491, 390.779754639, 170.542724609, 281.82321167, 137.431137085, 150.195495605, 16.8979759216], [583.717895508, -559.721252441, 79.5141296387, -46.6147384644, 170.887283325, 14.8943119049, 152.89630127, 170.542724609, 240.764663696, 166.694641113, 138.638778687, 83.664932251, 6.0428647995], [765.834838867, -769.72265625, 226.116317749, -51.4446525574, 213.787475586, 82.8327407837, 105.654129028, 281.82321167, 166.694641113, 297.318634033, 137.68296814, 146.528839111, 13.2115659714], [452.302307129, -399.355743408, 114.030586243, -9.4145488739, 123.503189087, 45.2575340271, 108.332603455, 137.431137085, 138.638778687, 137.68296814, 155.673400879, 78.8527297974, 34.4540367126], [423.572265625, -411.142425537, 156.877731323, -14.5079803467, 140.92817688, 40.5787010193, 81.8706207275, 150.195495605, 83.664932251, 146.528839111, 78.8527297974, 135.374008179, 13.8005819321], [43.7130279541, -128.084991455, 128.005599976, 11.3524522781, 63.5659637451, 28.3354415894, 15.7208080292, 16.8979759216, 6.0428647995, 13.2115659714, 34.4540367126, 13.8005819321, 85.9662857056]],
        "icov": [[0.00173616514076, 0.000291502859909, -0.000406433740864, -0.000627952220384, -0.000383512553526, -0.00031185161788, 0.000461205316242, -0.00206265388988, -0.00133213202935, -9.13028634386e-06, -0.00113570899703, -0.00030390144093, 0.00154609384481], [0.000291502859909, 0.00115382205695, 2.29416673392e-06, -0.00214674323797, 0.00136985327117, -0.000917591620237, -0.00035318810842, 0.00165153841954, -0.000274948426522, -0.000187521363841, 0.000333917239914, -0.000318149337545, 0.00084586412413], [-0.000406433740864, 2.29416673392e-06, 0.00346144894138, -0.00127211946528, -0.00399882160127, 0.000112064182758, -0.000218806962948, 0.000972688489128, 0.00275801913813, -0.00150475953706, 0.000166301935678, 0.000354249670636, -0.00209350301884], [-0.000627952220384, -0.00214674323797, -0.00127211946528, 0.0104765798897, -0.00216648797505, -0.00532967830077, 0.000992061803117, -9.20891907299e-05, -0.00086957088206, 0.00291709788144, -0.00115636980627, -0.000652144430205, 0.00100781733636], [-0.000383512553526, 0.00136985327117, -0.00399882160127, -0.00216648797505, 0.0125276856124, -0.00141359132249, -0.00233674794436, 0.00356771983206, -0.00497507071123, -0.00150815059897, 0.00379508850165, -0.00279360404238, -0.00108596903738], [-0.00031185161788, -0.000917591620237, 0.000112064182758, -0.00532967830077, -0.00141359132249, 0.0185419227928, -0.000744438380934, -0.00809708051383, 0.00532837491482, -0.00259443861432, -0.00206086202525, 0.00393745815381, -0.00379222771153], [0.000461205316242, -0.00035318810842, -0.000218806962948, 0.000992061803117, -0.00233674794436, -0.000744438380934, 0.011760501191, -0.000996773131192, -0.00591573305428, 0.00378270726651, -0.00363091262989, -0.00397064303979, 0.00137969409116], [-0.00206265388988, 0.00165153841954, 0.000972688489128, -9.20891907299e-05, 0.00356771983206, -0.00809708051383, -0.000996773131192, 0.0173246897757, -0.00130891730078, -0.00663901912048, 0.00341824931093, -0.00348574901, -0.000817075895611], [-0.00133213202935, -0.000274948426522, 0.00275801913813, -0.00086957088206, -0.00497507071123, 0.00532837491482, -0.00591573305428, -0.00130891730078, 0.0184443835169, -0.00385284563527, -0.00726734753698, 0.00557317724451, 0.000850887852721], [-9.13028634386e-06, -0.000187521363841, -0.00150475953706, 0.00291709788144, -0.00150815059897, -0.00259443861432, 0.00378270726651, -0.00663901912048, -0.00385284563527, 0.0187698248774, -0.00479605980217, -0.00666335597634, 0.00454233307391], [-0.00113570899703, 0.000333917239914, 0.000166301935678, -0.00115636980627, 0.00379508850165, -0.00206086202525, -0.00363091262989, 0.00341824931093, -0.00726734753698, -0.00479605980217, 0.0212778486311, -0.00257213436998, -0.00802175328135], [-0.00030390144093, -0.000318149337545, 0.000354249670636, -0.000652144430205, -0.00279360404238, 0.00393745815381, -0.00397064303979, -0.00348574901, 0.00557317724451, -0.00666335597634, -0.00257213436998, 0.020170064643, -0.000156557623995], [0.00154609384481, 0.00084586412413, -0.00209350301884, 0.00100781733636, -0.00108596903738, -0.00379222771153, 0.00137969409116, -0.000817075895611, 0.000850887852721, 0.00454233307391, -0.00802175328135, -0.000156557623995, 0.0195342656225]]
    },
    "spectral_contrast_coeffs": {
        "max": [-0.38909548521, -0.551159381866, -0.513471066952, -0.633128523827, -0.722775578499, -0.483606755733],
        "mean": [-0.69088691473, -0.728945553303, -0.731682598591, -0.778531730175, -0.81559664011, -0.700174570084],
        "min": [-0.92750620842, -0.89554309845, -0.883311808109, -0.87306535244, -0.88159096241, -0.825349867344],
        "stdev": [0.134276136756, 0.0738761276007, 0.0746660679579, 0.0444246008992, 0.0229729171842, 0.0569000542164]
    },
    "spectral_contrast_valleys": {
        "max": [-4.74061441422, -5.10761451721, -4.98401594162, -5.65192222595, -5.77709007263, -8.40479373932],
        "mean": [-7.74584531784, -6.62839412689, -6.36391496658, -6.96089172363, -7.31709289551, -11.4097681046],
        "min": [-11.9124469757, -8.136510849, -8.42215919495, -8.36446094513, -8.8211774826, -16.0349674225],
        "stdev": [1.17363810539, 0.505210280418, 0.539583921432, 0.634923875332, 0.706315040588, 1.69219326973]
    }
},
"rhythm": {
    "beats_count": 20,
    "beats_loudness": {
        "max": 0.0685965120792,
        "mean": 0.0338098965585,
        "min": 0.00534839415923,
        "stdev": 0.0201774481684
    },
    "bpm": 89.7728500366,
    "bpm_histogram_first_peak_bpm": 89,
    "bpm_histogram_first_peak_weight": 0.428571403027,
    "bpm_histogram_second_peak_bpm": 105,
    "bpm_histogram_second_peak_spread": 0.636363625526,
    "bpm_histogram_second_peak_weight": 0.210526317358,
    "danceability": 0.789995014668,
    "onset_rate": 1.72422373295,
    "beats_loudness_band_ratio": {
        "max": [0.71960914135, 0.639894366264, 0.359943658113, 0.725697815418, 0.235576376319, 0.245722413063],
        "mean": [0.189598023891, 0.179404348135, 0.216568142176, 0.402637720108, 0.0860880762339, 0.0413816943765],
        "min": [0.000762680545449, 0.00176903069951, 0.0474460236728, 0.101135700941, 0.00420289579779, 0.000573064724449],
        "stdev": [0.215843454003, 0.210018441081, 0.0925121158361, 0.196218833327, 0.0716925188899, 0.0564589425921]
    },
    "beats_position": [0.66176867485, 1.33514738083, 2.00852608681, 2.67029476166, 3.33206343651, 4.00544214249, 4.67882061005, 5.34058952332, 5.94430828094, 6.53641700745, 7.12852573395, 7.69741487503, 8.26630401611, 8.84680271149, 9.41569137573, 9.98458003998, 10.5418596268, 11.0991382599, 11.656416893, 12.2136955261],
