{
"metadata": {
    "version": {
        "essentia": "2.1-beta5",
        "essentia_git_sha": "Undefined",
        "extractor": "music 2.0"
    },
    "audio_properties": {
        "analysis": {
            "equal_loudness": 0,
            "length": 32.4963264465,
            "sample_rate": 44100,
            "start_time": 142.744674683,
            "downmix": "mix"
        },
        "bit_rate": 192000,
        "length": 199.482650757,
        "lossless": 0,
        "number_channels": 2,
        "replay_gain": -5.2246799469,
        "sample_rate": 48000,
        "codec": "mp3",
        "md5_encoded": "bc38459838599ae2f027aee7490b6645"
    },
    "tags": {
        "file_name": "Serbia_Kruna_Nevena Božović.mp3",
        "encoding": ["Lavf58.29.100"]
    }
},
"lowlevel": {
    "average_loudness": 0.958660066128,
    "barkbands_crest": {
        "max": 24.0263671875,
        "mean": 9.66965675354,
        "min": 2.86694455147,
        "stdev": 4.55809879303
    },
    "barkbands_flatness_db": {
        "max": 0.238275691867,
        "mean": 0.109368495643,
        "min": 0.0330790169537,
        "stdev": 0.0334966368973
    },
    "barkbands_kurtosis": {
        "max": 59.5013389587,
        "mean": 1.12287008762,
        "min": -1.81674957275,
        "stdev": 3.44186019897
    },
    "barkbands_skewness": {
        "max": 7.19890213013,
        "mean": 0.655591070652,
        "min": -1.01020336151,
        "stdev": 0.732944965363
    },
    "barkbands_spread": {
        "max": 90.5709686279,
        "mean": 25.0876655579,
        "min": 4.74744987488,
        "stdev": 11.4802904129
    },
    "dissonance": {
        "max": 0.49944087863,
        "mean": 0.466520011425,
        "min": 0.260256618261,
        "stdev": 0.0246304888278
    },
    "dynamic_complexity": 1.86416339874,
    "erbbands_crest": {
        "max": 25.3731575012,
        "mean": 10.9936189651,
        "min": 2.82947540283,
        "stdev": 5.16290616989
    },
    "erbbands_flatness_db": {
        "max": 0.268050730228,
        "mean": 0.16524027288,
        "min": 0.0645414367318,
        "stdev": 0.0368318930268
    },
    "erbbands_kurtosis": {
        "max": 10.2604198456,
        "mean": 0.604538083076,
        "min": -1.51721966267,
        "stdev": 1.64891636372
    },
    "erbbands_skewness": {
        "max": 2.76566529274,
        "mean": 0.588708817959,
        "min": -2.11278605461,
        "stdev": 0.667037248611
    },
    "erbbands_spread": {
        "max": 112.821182251,
        "mean": 30.6519813538,
        "min": 8.10040283203,
        "stdev": 14.3670864105
    },
    "hfc": {
        "max": 157.081497192,
        "mean": 33.2304801941,
        "min": 0.904177486897,
        "stdev": 17.7578105927
    },
    "loudness_ebu128": {
        "integrated": -17.1328449249,
        "loudness_range": 2.97053909302,
        "momentary": {
            "max": -14.8256034851,
            "mean": -17.4388008118,
            "min": -25.5740337372,
            "stdev": 1.80492603779
        },
        "short_term": {
            "max": -15.8039159775,
            "mean": -17.3657131195,
            "min": -21.7453651428,
            "stdev": 1.23891639709
        }
    },
    "melbands_crest": {
        "max": 32.8583068848,
        "mean": 11.8724460602,
        "min": 3.88385343552,
        "stdev": 5.01348400116
    },
    "melbands_flatness_db": {
        "max": 0.339482486248,
        "mean": 0.148927271366,
        "min": 0.0651336535811,
        "stdev": 0.0354447700083
    },
    "melbands_kurtosis": {
        "max": 170.769012451,
        "mean": 3.9567899704,
        "min": -1.54464066029,
        "stdev": 8.70467090607
    },
    "melbands_skewness": {
        "max": 10.2083082199,
        "mean": 1.23064959049,
        "min": -0.701620340347,
        "stdev": 1.05270576477
    },
    "melbands_spread": {
        "max": 155.13861084,
        "mean": 33.5334320068,
        "min": 2.35862708092,
        "stdev": 13.9582929611
    },
    "pitch_salience": {
        "max": 0.808463275433,
        "mean": 0.535378754139,
        "min": 0.167536765337,
        "stdev": 0.105548739433
    },
    "silence_rate_20dB": {
        "max": 1,
        "mean": 1,
        "min": 1,
        "stdev": 0
    },
    "silence_rate_30dB": {
        "max": 1,
        "mean": 1,
        "min": 1,
        "stdev": 0
    },
    "silence_rate_60dB": {
        "max": 1,
        "mean": 0.00999286212027,
        "min": 0,
        "stdev": 0.0994637981057
    },
    "spectral_centroid": {
        "max": 4066.16674805,
        "mean": 1719.52734375,
        "min": 472.137145996,
        "stdev": 448.498291016
    },
    "spectral_complexity": {
        "max": 46,
        "mean": 22.6945037842,
        "min": 2,
        "stdev": 5.79024744034
    },
    "spectral_decrease": {
        "max": -2.39726127838e-10,
        "mean": -7.13388148554e-09,
        "min": -2.03450820635e-08,
        "stdev": 3.34649397082e-09
    },
    "spectral_energy": {
        "max": 0.0832168906927,
        "mean": 0.0299390312284,
        "min": 0.000986784347333,
        "stdev": 0.0137936603278
    },
    "spectral_energyband_high": {
        "max": 0.0149367749691,
        "mean": 0.001302592922,
        "min": 1.8256057956e-05,
        "stdev": 0.00134221324697
    },
    "spectral_energyband_low": {
        "max": 0.0480054542422,
        "mean": 0.00538826547563,
        "min": 5.11410325998e-05,
        "stdev": 0.00566243520007
    },
    "spectral_energyband_middle_high": {
        "max": 0.0698480829597,
        "mean": 0.0154099613428,
        "min": 0.000152988839545,
        "stdev": 0.0125590953976
    },
    "spectral_energyband_middle_low": {
        "max": 0.0595351606607,
        "mean": 0.00843058340251,
        "min": 0.000214630679693,
        "stdev": 0.0057257511653
    },
    "spectral_entropy": {
        "max": 8.61674499512,
        "mean": 7.65608263016,
        "min": 6.8432970047,
        "stdev": 0.272341012955
    },
    "spectral_flux": {
        "max": 0.269086152315,
        "mean": 0.0908005014062,
        "min": 0.0185548812151,
        "stdev": 0.0331809036434
    },
    "spectral_kurtosis": {
        "max": 13.0047721863,
        "mean": 3.44115805626,
        "min": -0.417333126068,
        "stdev": 1.31841695309
    },
    "spectral_rms": {
        "max": 0.00901039410383,
        "mean": 0.00525084137917,
        "min": 0.000981181161478,
        "stdev": 0.0012796591036
    },
    "spectral_rolloff": {
        "max": 12446.1914062,
        "mean": 1864.60754395,
        "min": 64.599609375,
        "stdev": 1334.78710938
    },
    "spectral_skewness": {
        "max": 3.09635162354,
        "mean": 1.37835144997,
        "min": 0.345194131136,
        "stdev": 0.227113887668
    },
    "spectral_spread": {
        "max": 14500896,
        "mean": 4528482,
        "min": 2749202.75,
        "stdev": 1199741.125
    },
    "spectral_strongpeak": {
        "max": 11.0875339508,
        "mean": 2.50379323959,
        "min": 0.0330471433699,
        "stdev": 2.25568318367
    },
    "zerocrossingrate": {
        "max": 0.3095703125,
        "mean": 0.0723977163434,
        "min": 0.01513671875,
        "stdev": 0.0288871228695
    },
    "barkbands": {
        "max": [0.00571146653965, 0.041479088366, 0.0213962569833, 0.0151294916868, 0.025780742988, 0.0302785392851, 0.040749873966, 0.0151876779273, 0.0385103262961, 0.0467615909874, 0.0656933560967, 0.0135093498975, 0.0133221000433, 0.0153338778764, 0.0153582189232, 0.0127969048917, 0.00820938404649, 0.010674440302, 0.00492578232661, 0.00273630279116, 0.00426393281668, 0.00563642848283, 0.00424214918166, 0.00413012411445, 0.00724906940013, 0.00638632150367, 8.21690919111e-05],
        "mean": [0.000249799108133, 0.00334359076805, 0.00129909906536, 0.000992438057438, 0.00133770809043, 0.000881999148987, 0.00245481007732, 0.00114295980893, 0.00144833314698, 0.0022137935739, 0.00763170979917, 0.000531335885171, 0.000758271839004, 0.000884571811184, 0.00115231564268, 0.000401478755521, 0.000417773931986, 0.000643264618702, 0.000657598488033, 0.000476196873933, 0.000421114469646, 0.000157514339662, 0.000172552376171, 0.00012535728456, 0.000100926350569, 4.09172971558e-05, 1.59097021424e-06],
        "min": [5.25995915268e-07, 8.58080056787e-06, 2.52379322774e-06, 1.6749287397e-06, 1.23386162159e-05, 2.30981504501e-06, 1.31082069856e-05, 9.7073334473e-06, 1.97769350052e-05, 8.44578153192e-06, 6.32983801552e-06, 9.80983622867e-06, 4.44751321993e-06, 1.25323331304e-05, 4.21099002779e-06, 1.19044921121e-06, 4.06344406656e-06, 2.2205570076e-06, 9.53542621573e-06, 2.71104522653e-06, 6.0290744841e-06, 2.89128297482e-06, 1.79842822945e-06, 7.14255804724e-07, 3.26554996377e-08, 8.20074494423e-11, 5.570004874e-11],
        "stdev": [0.000640206795651, 0.00446072779596, 0.00150393787771, 0.00142602145206, 0.00158153462689, 0.0017304548528, 0.00328430184163, 0.00166383164469, 0.00246754148975, 0.00497747724876, 0.0115988524631, 0.00094665819779, 0.00122446438763, 0.00157400534954, 0.00162101641763, 0.000846727460157, 0.000753234082367, 0.00102763192263, 0.000626161054242, 0.000488093035528, 0.000480509770568, 0.00035921682138, 0.000277942192042, 0.000235759827774, 0.000343634048477, 0.000218694025534, 5.15104329679e-06]
    },
    "erbbands": {
        "max": [1.63083255291, 9.11272144318, 21.0113010406, 31.3666172028, 99.9749450684, 56.5548744202, 86.5282592773, 354.195709229, 696.300537109, 411.995178223, 451.965270996, 796.556518555, 1234.29870605, 1386.57592773, 1845.51623535, 468.455230713, 438.234344482, 777.63092041, 553.856323242, 461.703735352, 643.133483887, 558.463378906, 475.019805908, 328.538879395, 240.775619507, 111.804626465, 135.5025177, 205.000701904, 207.464248657, 264.628723145, 82.1278991699, 80.1343078613, 73.8316192627, 27.8461837769, 86.8848114014, 51.0077133179, 4.88520526886, 0.217548549175, 0.0151738077402, 0.000607471680269],
        "mean": [0.104490742087, 0.693566858768, 1.67638540268, 2.45065450668, 3.50320911407, 4.86615753174, 4.99270343781, 9.23351383209, 25.6541900635, 37.8561592102, 30.3234958649, 29.171585083, 47.7012138367, 179.620376587, 201.226852417, 26.1851081848, 32.2911148071, 39.5805053711, 46.6104125977, 60.7336769104, 22.0586509705, 26.7924499512, 31.3557834625, 37.7675666809, 26.10064888, 22.0652084351, 24.0237102509, 9.94529151917, 5.7435708046, 5.8674955368, 4.63634729385, 2.99892067909, 1.86540937424, 1.1980189085, 0.688314795494, 0.262923687696, 0.0596819482744, 0.00716786785051, 0.000295394391287, 4.82903342345e-05],
        "min": [0.000258903077338, 0.00202646735124, 0.00481597566977, 0.0124356178567, 0.0241610314697, 0.0499737635255, 0.0535580329597, 0.0221814978868, 0.161633223295, 0.194431170821, 0.478379637003, 0.523819565773, 0.5114377141, 0.519520759583, 0.450947463512, 0.401716083288, 0.26979893446, 0.392928302288, 0.455420732498, 0.291013658047, 0.108914732933, 0.235897794366, 0.173343494534, 0.290493071079, 0.378892600536, 0.173462897539, 0.177200958133, 0.193675637245, 0.130995616317, 0.0907831415534, 0.0317543148994, 0.0176500137895, 0.00969413854182, 0.00119177717716, 0.000133344103233, 1.79400467459e-05, 1.95891902877e-06, 5.68517464217e-07, 9.88756028164e-07, 1.35913626309e-06],
        "stdev": [0.190337061882, 0.884455800056, 1.80832874775, 2.98300385475, 5.92216730118, 5.576130867, 7.11231660843, 17.9955062866, 44.9084854126, 44.7885017395, 43.4979133606, 52.5337219238, 110.337295532, 207.926956177, 335.536346436, 32.4435577393, 45.5991783142, 49.5170822144, 77.2067260742, 72.789855957, 46.9698143005, 49.5628471375, 43.7057228088, 39.1004753113, 21.4754486084, 20.0799846649, 25.276391983, 14.8212604523, 12.0311374664, 14.160533905, 6.26263475418, 4.41063022614, 4.22587442398, 2.46031117439, 3.59448957443, 1.78199160099, 0.20943954587, 0.0160488337278, 0.000837207131553, 3.93925402022e-05]
    },
    "gfcc": {
        "mean": [39.2026443481, 83.1810455322, -136.721008301, 34.3748626709, -65.7434310913, 23.2652492523, -28.5893135071, 18.8403587341, -23.7124214172, 3.77499198914, -10.489648819, -1.19379413128, -8.10551357269],
        "cov": [[1093.46508789, -455.172851562, 23.3132514954, -125.904075623, 134.24407959, -36.8135681152, -14.6146144867, 77.131072998, -110.940338135, 74.2426605225, -116.200012207, 61.7225837708, -44.9790802002], [-455.172851562, 529.784179688, -203.728622437, 80.3091659546, -36.8420410156, 18.5797195435, 62.7546195984, -47.8762931824, 63.9199714661, -89.8524856567, 97.5681915283, -108.18409729, 71.8065261841], [23.3132514954, -203.728622437, 500.761077881, -20.3307342529, 12.0286846161, -36.5509223938, -83.6865386963, 7.3370642662, 9.10304927826, 88.9393386841, -72.3239593506, 131.27130127, -125.744087219], [-125.904075623, 80.3091659546, -20.3307342529, 156.238555908, -7.72278881073, 8.41114330292, -16.6908111572, -10.4209632874, 38.6547279358, -25.8279724121, 26.6306381226, -36.0695991516, 22.1111850739], [134.24407959, -36.8420410156, 12.0286846161, -7.72278881073, 149.00428772, 1.6701284647, 33.4231338501, 34.3684616089, -7.13732481003, 35.4603004456, -24.5106678009, 10.3065328598, -13.5433416367], [-36.8135681152, 18.5797195435, -36.5509223938, 8.41114330292, 1.6701284647, 109.669746399, 54.8220596313, -6.71128892899, -27.1618099213, -11.0192127228, 17.1832580566, -36.9647445679, 46.4805450439], [-14.6146144867, 62.7546195984, -83.6865386963, -16.6908111572, 33.4231338501, 54.8220596313, 133.404159546, 3.07831192017, -27.7087860107, -5.09534645081, 17.0559577942, -39.613822937, 40.2607040405], [77.131072998, -47.8762931824, 7.3370642662, -10.4209632874, 34.3684616089, -6.71128892899, 3.07831192017, 83.8547592163, 30.0073165894, 12.8696231842, -12.7915363312, 14.1901798248, -15.1894960403], [-110.940338135, 63.9199714661, 9.10304927826, 38.6547279358, -7.13732481003, -27.1618099213, -27.7087860107, 30.0073165894, 104.278793335, 7.38815355301, 16.5243835449, 2.69106078148, -9.38584709167], [74.2426605225, -89.8524856567, 88.9393386841, -25.8279724121, 35.4603004456, -11.0192127228, -5.09534645081, 12.8696231842, 7.38815355301, 106.681083679, -7.04204797745, 31.4049415588, -40.0491867065], [-116.200012207, 97.5681915283, -72.3239593506, 26.6306381226, -24.5106678009, 17.1832580566, 17.0559577942, -12.7915363312, 16.5243835449, -7.04204797745, 99.7395782471, -7.18442678452, 27.1013774872], [61.7225837708, -108.18409729, 131.27130127, -36.0695991516, 10.3065328598, -36.9647445679, -39.613822937, 14.1901798248, 2.69106078148, 31.4049415588, -7.18442678452, 114.147697449, -33.8075523376], [-44.9790802002, 71.8065261841, -125.744087219, 22.1111850739, -13.5433416367, 46.4805450439, 40.2607040405, -15.1894960403, -9.38584709167, -40.0491867065, 27.1013774872, -33.8075523376, 120.559989929]],
        "icov": [[0.00196802453138, 0.00142864545342, 0.000588185503148, 0.000453147804365, -0.00116615544539, 0.000853344390634, 0.000346325832652, -0.000976363313384, 0.00143136631232, -0.00020189920906, 0.000420956144808, 0.000358606950613, -0.000234675244428], [0.00142864545342, 0.00523431506008, 0.00025790053769, 0.000547560572159, -0.00157325621694, 0.00182357244194, -0.00150847132318, 0.00201974483207, -0.00240464648232, 0.00267472071573, -0.00268979370594, 0.00306398957036, -0.00037242428516], [0.000588185503148, 0.00025790053769, 0.00505359936506, -0.00132572592702, 0.000469900056487, -0.00234266580082, 0.000611175666563, 0.00103116070386, -0.000158136361279, -0.00214196857996, 0.00355267245322, -0.00517138466239, 0.0034890267998], [0.000453147804365, 0.000547560572159, -0.00132572592702, 0.00939489528537, -0.00206684414297, -4.00476928917e-05, 0.00223247148097, 0.00125052349176, -0.00313326297328, 0.0022797791753, -0.00273940432817, 0.00432318262756, -0.00172606587876], [-0.00116615544539, -0.00157325621694, 0.000469900056487, -0.00206684414297, 0.0101953716949, -0.000400885939598, -0.00291840429418, -0.00307600060478, 0.00107353704516, -0.00346228829585, 0.00292268116027, -0.00236555677839, 0.000871132710017], [0.000853344390634, 0.00182357244194, -0.00234266580082, -4.00476928917e-05, -0.000400885939598, 0.0160073302686, -0.00409672735259, -0.00177224725485, 0.00345724401996, 0.000440749689005, -0.00350556871854, 0.00594241730869, -0.00540551356971], [0.000346325832652, -0.00150847132318, 0.000611175666563, 0.00223247148097, -0.00291840429418, -0.00409672735259, 0.0132368775085, -0.00233111903071, 0.00338362925686, -0.00153524009511, -0.000914178031962, 0.00199065520428, -0.0016896892339], [-0.000976363313384, 0.00201974483207, 0.00103116070386, 0.00125052349176, -0.00307600060478, -0.00177224725485, -0.00233111903071, 0.0191339571029, -0.0096687739715, 0.0022364417091, 0.000755014829338, -0.00152060925029, 0.00219987053424], [0.00143136631232, -0.00240464648232, -0.000158136361279, -0.00313326297328, 0.00107353704516, 0.00345724401996, 0.00338362925686, -0.0096687739715, 0.0186998602003, -0.00397449824959, -0.000534432649147, -0.000129182051751, -0.000965037907008], [-0.00020189920906, 0.00267472071573, -0.00214196857996, 0.0022797791753, -0.00346228829585, 0.000440749689005, -0.00153524009511, 0.0022364417091, -0.00397449824959, 0.0152307739481, -0.0040952898562, 0.00173138116952, 0.00207124045119], [0.000420956144808, -0.00268979370594, 0.00355267245322, -0.00273940432817, 0.00292268116027, -0.00350556871854, -0.000914178031962, 0.000755014829338, -0.000534432649147, -0.0040952898562, 0.0170983225107, -0.00708124320954, 0.00081584812142], [0.000358606950613, 0.00306398957036, -0.00517138466239, 0.00432318262756, -0.00236555677839, 0.00594241730869, 0.00199065520428, -0.00152060925029, -0.000129182051751, 0.00173138116952, -0.00708124320954, 0.0198238287121, -0.00357497297227], [-0.000234675244428, -0.00037242428516, 0.0034890267998, -0.00172606587876, 0.000871132710017, -0.00540551356971, -0.0016896892339, 0.00219987053424, -0.000965037907008, 0.00207124045119, 0.00081584812142, -0.00357497297227, 0.0148348659277]]
    },
    "melbands": {
        "max": [0.0114854397252, 0.0111432187259, 0.00558948516846, 0.00642670178786, 0.0027592733968, 0.00707715284079, 0.00959782768041, 0.00377246947028, 0.00568375736475, 0.00426514493302, 0.00628774892539, 0.00515895662829, 0.00909235700965, 0.00194336683489, 0.00128441373818, 0.00141533883289, 0.00176223926246, 0.00117822841275, 0.00153208104894, 0.00090997107327, 0.00100877007935, 0.000758547859732, 0.000362290767953, 0.000830085074995, 0.000334539654432, 0.000168885948369, 0.00010431548435, 9.2806883913e-05, 0.00013119202049, 0.000117544012028, 0.000112087996968, 0.00013454380678, 0.000112030393211, 0.000154575929628, 5.59258478461e-05, 2.91429842036e-05, 6.46912376396e-05, 6.7476874392e-05, 3.33744537784e-05, 2.46634936047e-05],
        "mean": [0.000907096487936, 0.000892138225026, 0.000457318150438, 0.000292844721116, 0.000188129590242, 0.000210748723475, 0.000421984237619, 0.000377343065338, 0.000257062289165, 0.000176796223968, 0.000240098757786, 0.000684967031702, 0.000982727739029, 5.69659168832e-05, 6.52450908092e-05, 8.65091642481e-05, 6.91109817126e-05, 7.27515871404e-05, 9.79777105385e-05, 4.6253491746e-05, 2.1894393285e-05, 3.06627516693e-05, 1.6358530047e-05, 3.83606820833e-05, 2.94226247206e-05, 2.64430618699e-05, 1.25727392515e-05, 1.48597000589e-05, 1.82633066288e-05, 8.61568605615e-06, 4.38739471065e-06, 3.16952264257e-06, 3.05956314151e-06, 3.3615231132e-06, 2.80543918052e-06, 2.15807153836e-06, 1.66548750258e-06, 1.30915009322e-06, 1.17808860978e-06, 9.39049698445e-07],
        "min": [3.34951232617e-06, 5.2276450333e-06, 2.48972855843e-06, 2.99905582324e-06, 2.82404948848e-06, 5.47755860225e-07, 2.5468664262e-06, 2.15501586354e-06, 4.88658361064e-06, 2.47090406447e-06, 2.20016022467e-06, 1.6233587985e-06, 1.1960868278e-06, 1.04542107238e-06, 8.85430779363e-07, 3.5414825561e-07, 8.32324019484e-07, 7.39827385132e-07, 3.6437566564e-07, 2.38928720364e-07, 6.57290755157e-08, 2.20890754576e-07, 2.25466507686e-07, 1.10080030424e-07, 2.35169437701e-07, 3.41177496921e-07, 1.39479226391e-07, 8.64426255021e-08, 7.65878240827e-08, 8.51840127325e-08, 6.96002189216e-08, 8.26521144859e-08, 3.7686127996e-08, 6.30050607242e-08, 1.61447299973e-08, 1.35598128281e-08, 8.83484130298e-09, 7.43892947241e-09, 3.0310809418e-09, 2.38510794448e-10],
        "stdev": [0.0013940067729, 0.000938324665185, 0.000560819462407, 0.000370310997823, 0.000230732912314, 0.000382314610761, 0.000666255655233, 0.000437549402704, 0.000420191965532, 0.000315591285471, 0.000619940867182, 0.000802306341939, 0.00162754382472, 0.000123851554235, 0.000119960808661, 0.000146195321577, 9.54797942541e-05, 0.000155234942213, 0.000149106330355, 6.46986663924e-05, 6.6001455707e-05, 6.50697184028e-05, 2.02104547498e-05, 7.11141619831e-05, 3.36261946359e-05, 2.52826121141e-05, 1.21386892715e-05, 1.69514769368e-05, 2.09006393561e-05, 1.08195463326e-05, 8.18618627818e-06, 7.18674527889e-06, 6.66154346618e-06, 8.46977491165e-06, 4.21555250796e-06, 2.41477255258e-06, 3.0980208976e-06, 3.44483100889e-06, 2.20537981477e-06, 2.07515381589e-06]
    },
    "melbands128": {
        "max": [0.00562281580642, 0.0151648325846, 0.018695672974, 0.0163522083312, 0.0132813230157, 0.0110772065818, 0.0069492738694, 0.00965171586722, 0.012542524375, 0.00779666332528, 0.00371058378369, 0.00283263111487, 0.00355444988236, 0.00430045789108, 0.00915058050305, 0.0108312424272, 0.0109786018729, 0.0169803053141, 0.0106327310205, 0.00795358605683, 0.00614528311417, 0.00480823311955, 0.00775165203959, 0.0148438243195, 0.00615952536464, 0.00436087977141, 0.00684897089377, 0.00977825094014, 0.0170667916536, 0.00942517630756, 0.0114550013095, 0.0170478951186, 0.0167573429644, 0.00688200071454, 0.00310871796682, 0.00318892486393, 0.00139899307396, 0.00262176129036, 0.00109546433669, 0.00202162284404, 0.00262429495342, 0.00232275738381, 0.00174527149647, 0.00338898412883, 0.0027152353432, 0.00184367957991, 0.00221558636986, 0.0037140045315, 0.00104174390435, 0.00136122549884, 0.000898034777492, 0.00237050303258, 0.00159531796817, 0.0023910633754, 0.000851661257911, 0.00173353438731, 0.000468370126327, 0.000414079113398, 0.00056027044775, 0.000704799545929, 0.00161516130902, 0.00130473147146, 0.000460537761683, 0.000691044027917, 0.000606486923061, 0.000328442605678, 0.000445228070021, 0.00016710771888, 0.000159444360179, 0.000190257676877, 0.00013187546574, 0.000278782885289, 0.000333540228894, 0.000285777263343, 0.000171649939148, 0.000184653166798, 0.000167054880876, 0.000156720780069, 0.000161217161804, 0.000178421076271, 0.00016623440024, 0.000134614048875, 0.000104306047433, 0.000117336596304, 0.000153507164214, 0.000232050486375, 0.000211015343666, 0.000103581296571, 6.39679128653e-05, 4.09281419707e-05, 2.72115139524e-05, 3.48708344973e-05, 4.1102313844e-05, 0.000107881329313, 9.11762253963e-05, 0.000140922536957, 7.75685912231e-05, 6.84631377226e-05, 4.23640485678e-05, 2.74621634162e-05, 2.74854191957e-05, 3.19726605085e-05, 3.56307609763e-05, 4.9644306273e-05, 0.000137558628921, 0.000145662430441, 0.000123332298244, 0.000121513323393, 0.000112275869469, 6.19659767835e-05, 2.69660213235e-05, 1.59925275511e-05, 9.12374071049e-06, 7.1880822361e-06, 2.37580161411e-06, 1.86049169315e-06, 1.15428099434e-06, 8.35755656681e-07, 6.29520968687e-07, 3.19943694649e-07, 3.79967843855e-07, 5.91496871039e-07, 3.04194401224e-07, 1.18605809618e-08, 3.12993897467e-09, 3.09868686266e-09, 3.06640912662e-09, 3.04888603253e-09],
        "mean": [0.000230829798966, 0.000898135709576, 0.00102800980676, 0.00123045581859, 0.00100498914253, 0.000556455925107, 0.000490698323119, 0.000485508731799, 0.000330189854139, 0.000271518045338, 0.000284254347207, 0.000235164101468, 0.00016875602887, 0.000117994946777, 0.00016602803953, 0.000255514023593, 0.000391629233491, 0.000396537710913, 0.000534008722752, 0.000495296379086, 0.000235559447901, 0.000235876766965, 0.000251772231422, 0.000319999206113, 0.000158831418958, 0.000141835276736, 0.000150231426232, 0.000143917175592, 0.000483298295876, 0.000320511317113, 0.000649583525956, 0.0015697509516, 0.00147187360562, 0.000147357379319, 6.6929802415e-05, 3.52919523721e-05, 3.52197093889e-05, 0.000106083462015, 4.27162922279e-05, 5.52286110178e-05, 0.000107772575575, 0.00011792260193, 5.56156228413e-05, 3.16372461384e-05, 0.000120449309179, 5.74738587602e-05, 4.7345089115e-05, 0.000117917028547, 0.000105126258859, 9.75100701908e-05, 2.20591446123e-05, 1.88859648915e-05, 2.51664823736e-05, 2.27209930017e-05, 1.62456544786e-05, 4.96011161886e-05, 2.15783584281e-05, 1.14142148959e-05, 1.56965415954e-05, 2.22727867367e-05, 5.18009073858e-05, 4.12292720284e-05, 1.76329776878e-05, 2.95196423394e-05, 4.12818335462e-05, 3.24507600453e-05, 1.14922650027e-05, 1.33329876917e-05, 1.25508395286e-05, 1.24286943901e-05, 1.10140463221e-05, 2.16698044824e-05, 1.62891992659e-05, 2.31422818615e-05, 1.15294069474e-05, 7.55253813622e-06, 8.56852966535e-06, 6.39606241748e-06, 3.217319545e-06, 2.89290937872e-06, 3.37225696967e-06, 3.01740465147e-06, 3.22309574585e-06, 2.89225590677e-06, 3.07347613671e-06, 3.59595787813e-06, 3.3893611544e-06, 3.12939118885e-06, 2.86992667498e-06, 2.34288268075e-06, 2.61278501057e-06, 1.67264272477e-06, 2.32877710005e-06, 1.53951657467e-06, 1.52357722527e-06, 1.25590281641e-06, 1.33491698762e-06, 1.20166316719e-06, 1.27284226892e-06, 1.04688888314e-06, 1.13030750981e-06, 8.75002911016e-07, 8.17232830741e-07, 7.82355584761e-07, 8.22499487185e-07, 7.67827771142e-07, 7.02869613178e-07, 5.70361635255e-07, 4.54242950809e-07, 3.04350862734e-07, 2.45047260705e-07, 2.21882217488e-07, 1.8405565072e-07, 1.35986624628e-07, 9.17943339118e-08, 7.38018570701e-08, 3.64333843095e-08, 1.39274725086e-08, 6.22385787352e-09, 3.29842331226e-09, 3.37593597521e-09, 3.73269104514e-09, 1.77724468475e-09, 5.9503894867e-11, 6.0343236484e-12, 5.83889187e-12, 5.71567532887e-12, 5.67287406286e-12],
        "min": [3.90014321283e-07, 1.7894086568e-06, 6.96702386449e-07, 4.54036307929e-06, 1.84348050425e-06, 1.32101240524e-06, 1.25364454107e-06, 6.48940044812e-07, 1.76908179128e-06, 9.35809566727e-07, 1.47372475112e-06, 9.6202450095e-07, 4.94857602007e-07, 3.09523812803e-07, 9.93603777033e-08, 3.1403576628e-08, 1.20947152027e-06, 1.00251531876e-06, 2.59175499195e-06, 1.1689302255e-06, 8.79999731751e-07, 5.88084219544e-07, 9.02731471797e-07, 1.23726658785e-06, 1.56786791194e-06, 4.66791277631e-07, 1.74986780621e-07, 4.80975757e-07, 4.27862374863e-07, 7.76062506702e-07, 4.01475972467e-07, 4.52502888493e-07, 9.04766579879e-07, 2.46732724918e-07, 3.1048111282e-07, 2.47109966267e-07, 1.81002420163e-07, 2.60544396724e-07, 3.64289462595e-07, 3.40387089182e-07, 2.03384786346e-07, 2.70607216635e-07, 5.82876111821e-07, 2.6038088663e-07, 2.93836791343e-07, 2.39225414589e-07, 1.10641778406e-07, 1.77198970164e-07, 3.07326132543e-07, 1.6335707187e-07, 5.98405804908e-08, 2.81686904913e-08, 6.45022097956e-08, 3.58025751268e-08, 3.40740307081e-08, 9.40143038974e-08, 1.01700891264e-07, 1.51744401933e-07, 1.59741105676e-07, 9.19024856216e-08, 1.18624129186e-07, 1.13849495165e-07, 9.67807878283e-08, 1.35713477789e-07, 7.35482146297e-08, 1.77938346724e-07, 1.42131582948e-07, 1.19621873296e-07, 6.81402951841e-08, 3.75348996329e-08, 4.44296652802e-08, 2.90045445439e-08, 5.17421590018e-08, 3.52999371955e-08, 5.47476837198e-08, 4.31128874823e-08, 6.55520366877e-08, 6.6955877287e-08, 3.91439591851e-08, 4.48557813115e-08, 9.59764321351e-08, 5.90479061202e-08, 4.21799732919e-08, 1.58241970638e-08, 2.73787126304e-08, 5.05649246918e-08, 3.2316592069e-08, 1.94921607743e-08, 7.83431186591e-09, 5.02389640999e-09, 5.55118262469e-09, 9.05147157226e-09, 1.36669173756e-08, 5.27804777661e-09, 6.68131017179e-09, 8.9608427345e-09, 5.21468024317e-09, 1.60950763828e-09, 1.86575110916e-09, 8.88104312313e-10, 2.29647481587e-10, 2.6901103567e-10, 1.10359783811e-10, 6.68738328602e-12, 3.91461689453e-11, 9.02117443247e-12, 1.85575990339e-12, 8.33975033129e-13, 3.92208889064e-13, 2.35982159378e-13, 3.09490985357e-13, 2.90666416717e-13, 2.31071157217e-13, 1.7606745326e-13, 1.6688609045e-13, 2.69099927888e-13, 2.14848877079e-13, 1.89477895722e-13, 1.5484111931e-13, 1.63400570201e-13, 1.35658913031e-13, 1.67705123877e-13, 1.65129466091e-13, 9.62496412866e-14, 1.18217068079e-13, 3.03690212355e-14, 6.11615216751e-15, 4.29938333326e-16],
        "stdev": [0.000599157763645, 0.00183594319969, 0.00176449550781, 0.00155969394837, 0.00114065094385, 0.000684044149239, 0.000643292849418, 0.000775852473453, 0.00071441376349, 0.000440912292106, 0.000379453646019, 0.000321505387546, 0.000300493818941, 0.000280201231362, 0.000409620988648, 0.000671158719342, 0.000724000507034, 0.00102711562067, 0.000822850037366, 0.00076000019908, 0.000432492495747, 0.000498233770486, 0.000510213780217, 0.000781774404459, 0.000443770055426, 0.000345897773514, 0.000423019926529, 0.000536557869054, 0.00160904566292, 0.000744912831578, 0.00123330624774, 0.00252417544834, 0.00292985443957, 0.000442169170128, 0.000195928398171, 0.000114328540803, 7.52551932237e-05, 0.000240061577642, 9.13559197215e-05, 0.00014261524484, 0.000254321232205, 0.000209290446946, 0.000103102705907, 0.000111694942461, 0.000359240482794, 0.000162350697792, 0.00016704047448, 0.000292852986604, 0.000165190082043, 0.000177103007445, 5.53186437173e-05, 8.42388908495e-05, 8.51844306453e-05, 0.000115729417303, 4.02980986109e-05, 0.00013830862008, 4.41711345047e-05, 2.47733587457e-05, 2.83856170427e-05, 3.94817361666e-05, 0.000119228374388, 0.0001088676363, 3.69084264094e-05, 5.47597192053e-05, 6.83576145093e-05, 4.54223882116e-05, 2.46819436143e-05, 1.82468083949e-05, 1.79257367563e-05, 1.86638098967e-05, 1.64878292708e-05, 4.21011063736e-05, 3.14798962791e-05, 4.08763589803e-05, 2.0383613446e-05, 1.53334804054e-05, 1.61740517797e-05, 1.32815976031e-05, 8.93523520062e-06, 8.16171177576e-06, 8.21197500045e-06, 7.16327440387e-06, 6.33059971733e-06, 6.15073076915e-06, 8.33084231999e-06, 1.03994943856e-05, 9.38184621191e-06, 6.68039638185e-06, 4.61820127384e-06, 3.3327823985e-06, 3.23878339259e-06, 2.59331386587e-06, 3.18942238664e-06, 3.67422217096e-06, 3.72742010768e-06, 4.71340626973e-06, 3.4485588003e-06, 3.21435913975e-06, 2.32625643548e-06, 2.01159969038e-06, 2.3644902285e-06, 2.14799547393e-06, 2.18201694224e-06, 2.9867237572e-06, 5.15748979524e-06, 5.71746613787e-06, 5.30280158273e-06, 4.1801658881e-06, 3.56750092578e-06, 2.03325271286e-06, 1.08148128675e-06, 7.68669394802e-07, 4.8862972335e-07, 4.13394076304e-07, 1.95124002289e-07, 1.74764849703e-07, 1.07225233137e-07, 5.82195021082e-08, 3.058600484e-08, 1.89952409357e-08, 2.02612859823e-08, 2.61655497269e-08, 1.41689220357e-08, 6.12328188154e-10, 8.36818184191e-11, 8.28483670556e-11, 8.19872086888e-11, 8.15190345782e-11]
    },
    "mfcc": {
        "mean": [-596.122619629, 105.570281982, -8.20113277435, 15.873415947, -6.47845935822, 1.40860998631, 7.5086350441, 8.11990070343, 0.649569988251, 9.03880500793, -1.05996489525, -0.703478753567, 2.37534379959],
        "cov": [[948.722839355, -232.937255859, -197.608840942, -32.0686340332, 24.5551643372, -74.6505050659, 71.8564758301, -41.4429283142, 63.570854187, 17.3878955841, -82.098526001, -30.3082847595, 8.06193161011], [-232.937255859, 312.095947266, -52.6858711243, 6.51298618317, -30.5587005615, 19.0776958466, 5.03495025635, 20.3185024261, -25.9739627838, 16.2052707672, 43.3326721191, 0.27805557847, -19.9880981445], [-197.608840942, -52.6858711243, 315.919616699, 19.6658058167, 23.7234401703, 29.9053230286, -79.549331665, 9.68083667755, -36.2649536133, -46.0455856323, 36.9823265076, 8.7155008316, 8.23730945587], [-32.0686340332, 6.51298618317, 19.6658058167, 121.843490601, 36.1117286682, -2.11851119995, -30.8109378815, 2.38654899597, 4.79742622375, -8.2042798996, 23.3526649475, 22.5174942017, -0.458619087934], [24.5551643372, -30.5587005615, 23.7234401703, 36.1117286682, 103.390098572, -12.704246521, -29.4152126312, 14.4192113876, 11.4102096558, -7.78486585617, 7.229180336, 17.0810699463, 10.512840271], [-74.6505050659, 19.0776958466, 29.9053230286, -2.11851119995, -12.704246521, 91.6513900757, 43.6302223206, -17.3375606537, 0.363670706749, 3.8551876545, 1.6840647459, -11.1808834076, -8.69077396393], [71.8564758301, 5.03495025635, -79.549331665, -30.8109378815, -29.4152126312, 43.6302223206, 165.689910889, -16.1226291656, 26.064868927, 32.0600852966, -36.1054611206, -21.8993854523, -9.06751251221], [-41.4429283142, 20.3185024261, 9.68083667755, 2.38654899597, 14.4192113876, -17.3375606537, -16.1226291656, 72.8804321289, 2.10177969933, 0.721618235111, 2.27329063416, 1.96621656418, 7.27199554443], [63.570854187, -25.9739627838, -36.2649536133, 4.79742622375, 11.4102096558, 0.363670706749, 26.064868927, 2.10177969933, 110.836616516, 11.7679281235, -17.4045696259, -4.80554389954, -3.09997487068], [17.3878955841, 16.2052707672, -46.0455856323, -8.2042798996, -7.78486585617, 3.8551876545, 32.0600852966, 0.721618235111, 11.7679281235, 82.6992721558, 11.4918479919, -10.5709171295, -9.79214668274], [-82.098526001, 43.3326721191, 36.9823265076, 23.3526649475, 7.229180336, 1.6840647459, -36.1054611206, 2.27329063416, -17.4045696259, 11.4918479919, 107.744232178, 26.3753070831, -6.58662748337], [-30.3082847595, 0.27805557847, 8.7155008316, 22.5174942017, 17.0810699463, -11.1808834076, -21.8993854523, 1.96621656418, -4.80554389954, -10.5709171295, 26.3753070831, 71.5376663208, 24.1280269623], [8.06193161011, -19.9880981445, 8.23730945587, -0.458619087934, 10.512840271, -8.69077396393, -9.06751251221, 7.27199554443, -3.09997487068, -9.79214668274, -6.58662748337, 24.1280269623, 62.6789245605]],
        "icov": [[0.00185372889973, 0.00135639461223, 0.00111947592814, 0.000132923960336, -0.000532588397618, 0.00127674988471, -0.00053683842998, 0.000809893826954, -0.000210063415579, 0.000185144905117, 1.46998236232e-05, 0.000798594148364, -0.000144636665937], [0.00135639461223, 0.0050948029384, 0.00201364746317, -0.000273905345239, 0.000772739411332, -0.000547384552192, -9.1641486506e-05, -0.00127897853963, 0.000812288315501, 0.000240854860749, -0.00168115599081, 0.000575347105041, 0.000792896724306], [0.00111947592814, 0.00201364746317, 0.00548799103126, 9.9231096101e-05, -0.000634179334156, -0.00232821796089, 0.00182143400889, -0.00067518663127, 0.000867425464094, 0.0019815294072, -0.00153744255658, 0.00116820412222, -0.000355760479579], [0.000132923960336, -0.000273905345239, 9.9231096101e-05, 0.0100777959451, -0.00305288936943, -0.000657132943161, 0.00114177551586, 0.000489532831125, -0.000771314662416, 0.0004904641537, -0.000976779963821, -0.00221322127618, 0.00127336813603], [-0.000532588397618, 0.000772739411332, -0.000634179334156, -0.00305288936943, 0.0123800374568, -4.03822632506e-05, 0.00127116998192, -0.0023596144747, -0.00120011379477, -0.000106405968836, -4.50843290309e-05, -0.00152863725089, -0.000740726885851], [0.00127674988471, -0.000547384552192, -0.00232821796089, -0.000657132943161, -4.03822632506e-05, 0.0164582636207, -0.00559568824247, 0.00385336810723, -0.000440727861132, 0.000270571414148, -0.000651401292998, 0.00198568985797, 0.000182253919775], [-0.00053683842998, -9.1641486506e-05, 0.00182143400889, 0.00114177551586, 0.00127116998192, -0.00559568824247, 0.0102040078491, 8.63857130753e-05, -0.00105306622572, -0.00250093685463, 0.00233778823167, -0.000226744334213, 0.00017603141896], [0.000809893826954, -0.00127897853963, -0.00067518663127, 0.000489532831125, -0.0023596144747, 0.00385336810723, 8.63857130753e-05, 0.0161948110908, -0.000928723195102, -0.000833956350107, 0.000540977227502, 0.00130529759917, -0.00197792169638], [-0.000210063415579, 0.000812288315501, 0.000867425464094, -0.000771314662416, -0.00120011379477, -0.000440727861132, -0.00105306622572, -0.000928723195102, 0.0103062484413, -0.000906497531105, 0.000967542000581, -9.12372997846e-05, 0.000766903918702], [0.000185144905117, 0.000240854860749, 0.0019815294072, 0.0004904641537, -0.000106405968836, 0.000270571414148, -0.00250093685463, -0.000833956350107, -0.000906497531105, 0.0151577042416, -0.00388188846409, 0.00242523127235, 0.000568184128497], [1.46998236232e-05, -0.00168115599081, -0.00153744255658, -0.000976779963821, -4.50843290309e-05, -0.000651401292998, 0.00233778823167, 0.000540977227502, 0.000967542000581, -0.00388188846409, 0.0135320462286, -0.00531045300886, 0.00275722914375], [0.000798594148364, 0.000575347105041, 0.00116820412222, -0.00221322127618, -0.00152863725089, 0.00198568985797, -0.000226744334213, 0.00130529759917, -9.12372997846e-05, 0.00242523127235, -0.00531045300886, 0.0203685704619, -0.00776597019285], [-0.000144636665937, 0.000792896724306, -0.000355760479579, 0.00127336813603, -0.000740726885851, 0.000182253919775, 0.00017603141896, -0.00197792169638, 0.000766903918702, 0.000568184128497, 0.00275722914375, -0.00776597019285, 0.0200922284275]]
    },
    "spectral_contrast_coeffs": {
        "max": [-0.494351625443, -0.491243392229, -0.462685257196, -0.612055420876, -0.619856476784, -0.59924352169],
        "mean": [-0.745517790318, -0.740276992321, -0.685755431652, -0.754323422909, -0.754969537258, -0.752563655376],
        "min": [-0.875880718231, -0.933508992195, -0.873813033104, -0.887378811836, -0.872549414635, -0.848615050316],
        "stdev": [0.0521959736943, 0.0620924681425, 0.0870205014944, 0.0502764210105, 0.0451392419636, 0.0307048484683]
    },
    "spectral_contrast_valleys": {
        "max": [-5.36464262009, -5.13398933411, -5.86234903336, -5.87863254547, -6.09986782074, -7.84994029999],
        "mean": [-6.65221595764, -6.37557029724, -7.01256561279, -7.34864377975, -7.1759929657, -9.80541229248],
        "min": [-8.38580989838, -7.68807411194, -8.59409809113, -9.04239082336, -8.87197113037, -12.3679237366],
        "stdev": [0.368429064751, 0.4023655653, 0.40550839901, 0.362406104803, 0.356031179428, 0.534238040447]
    }
},
"rhythm": {
    "beats_count": 86,
    "beats_loudness": {
        "max": 0.0761906504631,
        "mean": 0.0347397811711,
        "min": 0.00332998041995,
        "stdev": 0.0137619450688
    },
    "bpm": 161.498977661,
    "bpm_histogram_first_peak_bpm": 161,
    "bpm_histogram_first_peak_weight": 0.301204800606,
    "bpm_histogram_second_peak_bpm": 148,
    "bpm_histogram_second_peak_spread": 0.5,
    "bpm_histogram_second_peak_weight": 0.0117647061124,
    "danceability": 0.985113501549,
    "onset_rate": 2.12255835533,
    "beats_loudness_band_ratio": {
        "max": [0.931052267551, 0.382509320974, 0.801563441753, 0.834097385406, 0.353021979332, 0.149092495441],
        "mean": [0.307794541121, 0.0757078826427, 0.193431541324, 0.292116224766, 0.0923658236861, 0.0606842190027],
        "min": [0.0316643230617, 0.00847179535776, 0.0122092245147, 0.00429924763739, 0.00151099520735, 0.00622638454661],
        "stdev": [0.21444709599, 0.0749370157719, 0.155753597617, 0.211517721415, 0.0703432932496, 0.0337654836476]
    },
