{
"metadata": {
    "version": {
        "essentia": "2.1-beta5",
        "essentia_git_sha": "Undefined",
        "extractor": "music 2.0"
    },
    "audio_properties": {
        "analysis": {
            "equal_loudness": 0,
            "length": 47.0204086304,
            "sample_rate": 44100,
            "start_time": 146.239273071,
            "downmix": "mix"
        },
        "bit_rate": 192000,
        "length": 193.282913208,
        "lossless": 0,
        "number_channels": 2,
        "replay_gain": -5.49474334717,
        "sample_rate": 48000,
        "codec": "mp3",
        "md5_encoded": "c6247c7bc392400c5c612af339775f18"
    },
    "tags": {
        "file_name": "Czech Republic_Friend of a Friend_Lake Malawi.mp3",
        "encoding": ["Lavf58.29.100"]
    }
},
"lowlevel": {
    "average_loudness": 0.944049417973,
    "barkbands_crest": {
        "max": 24.9542827606,
        "mean": 11.1662521362,
        "min": 2.23316025734,
        "stdev": 4.78451156616
    },
    "barkbands_flatness_db": {
        "max": 0.365787178278,
        "mean": 0.155440598726,
        "min": 0.0249066092074,
        "stdev": 0.0614713020623
    },
    "barkbands_kurtosis": {
        "max": 50.332572937,
        "mean": 3.41727423668,
        "min": -1.69365727901,
        "stdev": 4.90040683746
    },
    "barkbands_skewness": {
        "max": 6.60909557343,
        "mean": 1.51205635071,
        "min": -0.638197779655,
        "stdev": 0.90444868803
    },
    "barkbands_spread": {
        "max": 83.1009597778,
        "mean": 18.5640487671,
        "min": 2.57108020782,
        "stdev": 10.7939872742
    },
    "dissonance": {
        "max": 0.500000059605,
        "mean": 0.467878997326,
        "min": 0.31670153141,
        "stdev": 0.0281762182713
    },
    "dynamic_complexity": 2.18116140366,
    "erbbands_crest": {
        "max": 32.1189422607,
        "mean": 11.4243125916,
        "min": 2.31803297997,
        "stdev": 6.82663631439
    },
    "erbbands_flatness_db": {
        "max": 0.426093101501,
        "mean": 0.193578019738,
        "min": 0.0546064376831,
        "stdev": 0.0811981111765
    },
    "erbbands_kurtosis": {
        "max": 23.454334259,
        "mean": 1.37954235077,
        "min": -1.63623213768,
        "stdev": 2.89552307129
    },
    "erbbands_skewness": {
        "max": 4.22985219955,
        "mean": 0.939267337322,
        "min": -0.963195562363,
        "stdev": 0.792161107063
    },
    "erbbands_spread": {
        "max": 100.753623962,
        "mean": 32.364025116,
        "min": 5.74017190933,
        "stdev": 18.4230766296
    },
    "hfc": {
        "max": 118.628334045,
        "mean": 27.7032108307,
        "min": 2.33391070366,
        "stdev": 16.794342041
    },
    "loudness_ebu128": {
        "integrated": -17.3008365631,
        "loudness_range": 2.8661108017,
        "momentary": {
            "max": -13.9356307983,
            "mean": -17.6803150177,
            "min": -23.1040992737,
            "stdev": 1.93006980419
        },
        "short_term": {
            "max": -15.3856096268,
            "mean": -17.3922748566,
            "min": -22.0539512634,
            "stdev": 1.41872000694
        }
    },
    "melbands_crest": {
        "max": 31.0157184601,
        "mean": 15.014005661,
        "min": 2.92464327812,
        "stdev": 6.14722967148
    },
    "melbands_flatness_db": {
        "max": 0.368054300547,
        "mean": 0.181707248092,
        "min": 0.0309127047658,
        "stdev": 0.0499986223876
    },
    "melbands_kurtosis": {
        "max": 133.205032349,
        "mean": 10.7809772491,
        "min": -0.773354291916,
        "stdev": 13.7857494354
    },
    "melbands_skewness": {
        "max": 9.72261142731,
        "mean": 2.30624556541,
        "min": -0.650228023529,
        "stdev": 1.42325365543
    },
    "melbands_spread": {
        "max": 118.543319702,
        "mean": 19.9186401367,
        "min": 2.30966162682,
        "stdev": 11.2537250519
    },
    "pitch_salience": {
        "max": 0.877200722694,
        "mean": 0.557964146137,
        "min": 0.103372059762,
        "stdev": 0.143681585789
    },
    "silence_rate_20dB": {
        "max": 1,
        "mean": 1,
        "min": 1,
        "stdev": 0
    },
    "silence_rate_30dB": {
        "max": 1,
        "mean": 1,
        "min": 1,
        "stdev": 0
    },
    "silence_rate_60dB": {
        "max": 1,
        "mean": 0.00246791704558,
        "min": 0,
        "stdev": 0.0496177822351
    },
    "spectral_centroid": {
        "max": 3173.05419922,
        "mean": 1429.9095459,
        "min": 371.693603516,
        "stdev": 487.830230713
    },
    "spectral_complexity": {
        "max": 51,
        "mean": 22.6609077454,
        "min": 3,
        "stdev": 8.18095397949
    },
    "spectral_decrease": {
        "max": -2.49810505615e-10,
        "mean": -7.80791875599e-09,
        "min": -2.48967406691e-08,
        "stdev": 4.60186466711e-09
    },
    "spectral_energy": {
        "max": 0.102271333337,
        "mean": 0.0319816507399,
        "min": 0.00115453533363,
        "stdev": 0.0183398500085
    },
    "spectral_energyband_high": {
        "max": 0.0105159301311,
        "mean": 0.00114439043682,
        "min": 1.35678037623e-05,
        "stdev": 0.00119179568719
    },
    "spectral_energyband_low": {
        "max": 0.0684076324105,
        "mean": 0.00852744374424,
        "min": 6.11125861028e-09,
        "stdev": 0.0131068844348
    },
    "spectral_energyband_middle_high": {
        "max": 0.0615639649332,
        "mean": 0.00871576368809,
        "min": 0.000289470510324,
        "stdev": 0.00778584228829
    },
    "spectral_energyband_middle_low": {
        "max": 0.0719350427389,
        "mean": 0.0155900735408,
        "min": 0.000302701257169,
        "stdev": 0.0119537785649
    },
    "spectral_entropy": {
        "max": 8.6436882019,
        "mean": 7.74843072891,
        "min": 6.64069795609,
        "stdev": 0.295104950666
    },
    "spectral_flux": {
        "max": 0.289745002985,
        "mean": 0.092198446393,
        "min": 0.0227636564523,
        "stdev": 0.0405544117093
    },
    "spectral_kurtosis": {
        "max": 15.3851051331,
        "mean": 3.20562982559,
        "min": -0.140124320984,
        "stdev": 1.70402872562
    },
    "spectral_rms": {
        "max": 0.00998883880675,
        "mean": 0.00533800944686,
        "min": 0.00106130866334,
        "stdev": 0.00164536829107
    },
    "spectral_rolloff": {
        "max": 11089.5996094,
        "mean": 1472.80529785,
        "min": 64.599609375,
        "stdev": 1193.00354004
    },
    "spectral_skewness": {
        "max": 2.58958172798,
        "mean": 1.37732577324,
        "min": 0.523735642433,
        "stdev": 0.261442154646
    },
    "spectral_spread": {
        "max": 9900783,
        "mean": 4730609,
        "min": 2039317.625,
        "stdev": 1565802.875
    },
    "spectral_strongpeak": {
        "max": 9.7540769577,
        "mean": 1.60749447346,
        "min": 0,
        "stdev": 1.59496235847
    },
    "zerocrossingrate": {
        "max": 0.23779296875,
        "mean": 0.0649859905243,
        "min": 0.005859375,
        "stdev": 0.0266100466251
    },
    "barkbands": {
        "max": [0.00365575263277, 0.0571574009955, 0.0480848737061, 0.0249239392579, 0.0384510606527, 0.0358256213367, 0.027489695698, 0.0367385521531, 0.0433000326157, 0.0644867643714, 0.0182918831706, 0.0187894254923, 0.0250981003046, 0.0111118126661, 0.00759804295376, 0.00709920795634, 0.00405724626034, 0.00258657243103, 0.00576379476115, 0.0056325988844, 0.00314462278038, 0.00275234645233, 0.00273799733259, 0.00153785408475, 0.00212570675649, 0.000638553872705, 0.000285170943243],
        "mean": [0.000119519805594, 0.00643111625686, 0.0016099542845, 0.000828010728583, 0.00222997856326, 0.00212451675907, 0.000997358700261, 0.00139599246904, 0.00386945507489, 0.00524655543268, 0.00114822003525, 0.00103996729013, 0.00102359987795, 0.000851856719237, 0.000559089239687, 0.000292220182018, 0.000319900427712, 0.000298113416648, 0.00031415844569, 0.000281275541056, 0.000263784750132, 0.000303616106976, 0.000168681814102, 0.000116076938866, 9.54812639975e-05, 4.79088630527e-05, 5.24105689692e-06],
        "min": [2.87550937922e-11, 6.96147084422e-10, 3.51369655593e-10, 5.57125057199e-09, 2.2717625825e-07, 3.80207296757e-07, 2.25213057092e-06, 4.76426839668e-06, 5.89911451243e-06, 2.19913818e-05, 1.29776644826e-05, 1.52190723384e-05, 1.35772315843e-05, 1.41486098073e-05, 7.20950356481e-06, 5.0394532991e-06, 9.11823281058e-06, 8.73672797752e-06, 7.45245415601e-06, 7.17233160685e-06, 4.91382797918e-06, 3.00308647638e-06, 6.41283065761e-07, 2.06049133311e-09, 2.72915370858e-11, 3.95965586708e-11, 4.6203159354e-11],
        "stdev": [0.000223767972784, 0.0109550142661, 0.00472355587408, 0.00231268513016, 0.00396442646161, 0.00383732351474, 0.00239698612131, 0.00296154315583, 0.00562708033249, 0.00837987009436, 0.00197802088223, 0.00140146014746, 0.00169456447475, 0.00112664850894, 0.000660819234326, 0.00050708942581, 0.000349342648406, 0.000307881098706, 0.000433189969044, 0.000384200859116, 0.00029959960375, 0.000336177705321, 0.000248574244324, 0.000166255078511, 0.000179239941644, 8.32443110994e-05, 1.83836564247e-05]
    },
    "erbbands": {
        "max": [2.4872610569, 13.5235614777, 45.0553207397, 68.7759780884, 95.350730896, 166.357208252, 232.652038574, 439.261444092, 199.351501465, 481.799957275, 708.701721191, 1073.49194336, 2560.0925293, 1030.09082031, 1001.37011719, 523.333984375, 805.108093262, 737.372558594, 346.55670166, 352.862884521, 389.196105957, 245.636779785, 166.737106323, 190.380447388, 382.402069092, 179.547988892, 142.337890625, 164.623657227, 147.742630005, 79.3358383179, 79.3716964722, 36.1671028137, 34.9727249146, 35.9145317078, 14.2137241364, 3.81910705566, 1.00229394436, 0.453841298819, 0.0523849055171, 0.00146025768481],
        "mean": [0.18890888989, 1.41529405117, 2.03621983528, 2.38479495049, 4.33402633667, 8.36153888702, 13.4251670837, 18.4879112244, 12.5741672516, 24.8891277313, 31.0358562469, 92.0556106567, 216.87852478, 58.6152915955, 50.1328163147, 41.801158905, 45.1755981445, 50.5218963623, 34.0932235718, 22.489824295, 16.9311981201, 16.732635498, 16.7184619904, 15.9416532516, 15.4749307632, 12.7351741791, 10.9998216629, 10.9807987213, 10.8705606461, 7.61714744568, 4.76791763306, 2.64324235916, 1.890234828, 1.13468396664, 0.650234460831, 0.26158618927, 0.0771331042051, 0.0133893834427, 0.00101517874282, 6.4288637077e-05],
        "min": [7.07669300937e-08, 6.90021295213e-07, 4.30126419815e-06, 2.68427211267e-05, 0.000305071735056, 0.000773676787503, 0.00409246608615, 0.00966501235962, 0.0408949553967, 0.155069589615, 0.187286838889, 0.151618242264, 0.499177843332, 0.803721010685, 0.746033906937, 0.681990146637, 0.918062448502, 1.3853302002, 1.03683173656, 0.513001024723, 0.340544372797, 0.381798058748, 0.524928927422, 0.534554719925, 0.424354106188, 0.375728368759, 0.257930397987, 0.153490960598, 0.122347250581, 0.0619658045471, 0.013604439795, 0.00186235364527, 0.000104446960904, 1.3122827113e-05, 6.47744263915e-06, 4.37914923168e-06, 2.51005053542e-06, 6.55287692553e-07, 2.9139405342e-06, 3.25238511323e-06],
        "stdev": [0.359663337469, 2.39187860489, 4.85824728012, 6.77527475357, 9.79270267487, 16.924325943, 23.3338127136, 40.6623878479, 22.2376003265, 55.1378593445, 49.1418952942, 131.844406128, 340.089111328, 91.2581634521, 76.8533859253, 51.5230064392, 68.6536102295, 67.6909408569, 37.5285072327, 24.9068374634, 24.1220741272, 18.6111774445, 17.6274719238, 17.3201332092, 24.9599647522, 16.5050697327, 11.9028043747, 13.5948534012, 12.6861352921, 9.66337299347, 7.15992593765, 3.66778683662, 3.18924856186, 2.07652616501, 1.30102622509, 0.462149620056, 0.139766767621, 0.0318494588137, 0.0034586021211, 8.8925131422e-05]
    },
    "gfcc": {
        "mean": [8.70334911346, 61.2531356812, -158.530075073, 12.6445226669, -81.0038909912, 17.8800506592, -29.5053081512, 6.73422241211, -21.8812408447, -1.32964980602, -18.652179718, -3.64579510689, -6.16244935989],
        "cov": [[3390.21850586, 289.421173096, 2977.83935547, 906.806335449, 642.249938965, 356.413787842, -197.598342896, 313.107025146, -188.087387085, 534.63458252, -209.808792114, 522.352966309, -129.567550659], [289.421173096, 1413.07861328, 1018.04644775, 669.436462402, 300.435424805, 104.291175842, 103.915016174, -58.5475120544, 159.994186401, 86.6882858276, 187.553070068, 99.9797821045, 105.883018494], [2977.83935547, 1018.04644775, 4355.36425781, 1504.05322266, 976.607971191, 537.422607422, -226.842849731, 372.935913086, -100.187438965, 714.249023438, -101.263206482, 696.568603516, -107.982925415], [906.806335449, 669.436462402, 1504.05322266, 836.911437988, 463.551452637, 287.066925049, -1.28809905052, 128.193435669, 44.9096717834, 252.542602539, 51.1761398315, 227.220336914, 25.1734752655], [642.249938965, 300.435424805, 976.607971191, 463.551452637, 448.756896973, 252.70854187, 70.7284317017, 146.893295288, 34.7241516113, 183.435699463, 18.8751106262, 159.899368286, -29.841999054], [356.413787842, 104.291175842, 537.422607422, 287.066925049, 252.70854187, 311.621582031, 130.497695923, 185.617233276, 48.3547554016, 105.302497864, -9.76495933533, 62.2751159668, -11.8445835114], [-197.598342896, 103.915016174, -226.842849731, -1.28809905052, 70.7284317017, 130.497695923, 298.096679688, 84.8666000366, 142.944046021, -45.4433784485, 47.1410255432, -59.4561843872, 31.3863162994], [313.107025146, -58.5475120544, 372.935913086, 128.193435669, 146.893295288, 185.617233276, 84.8666000366, 232.990753174, 49.8289833069, 115.07484436, -32.1569366455, 64.6044692993, -15.5927295685], [-188.087387085, 159.994186401, -100.187438965, 44.9096717834, 34.7241516113, 48.3547554016, 142.944046021, 49.8289833069, 181.881332397, 4.44490814209, 85.1484069824, -20.3035163879, 39.735370636], [534.63458252, 86.6882858276, 714.249023438, 252.542602539, 183.435699463, 105.302497864, -45.4433784485, 115.07484436, 4.44490814209, 231.770004272, 19.9778156281, 169.143203735, -13.9857320786], [-209.808792114, 187.553070068, -101.263206482, 51.1761398315, 18.8751106262, -9.76495933533, 47.1410255432, -32.1569366455, 85.1484069824, 19.9778156281, 172.235595703, 17.5704956055, 44.5476531982], [522.352966309, 99.9797821045, 696.568603516, 227.220336914, 159.899368286, 62.2751159668, -59.4561843872, 64.6044692993, -20.3035163879, 169.143203735, 17.5704956055, 213.674697876, 14.6886968613], [-129.567550659, 105.883018494, -107.982925415, 25.1734752655, -29.841999054, -11.8445835114, 31.3863162994, -15.5927295685, 39.735370636, -13.9857320786, 44.5476531982, 14.6886968613, 112.043174744]],
        "icov": [[0.000902061874513, 0.000145122801769, -0.00050898513291, -0.000126205253764, 4.09685744671e-05, 0.000270874705166, -0.000425585574703, -8.89873335836e-05, 0.000486305449158, -0.000390087952837, 0.000585761212278, -0.000386761879781, 0.000186854464118], [0.000145122801769, 0.00216269865632, -0.000810798432212, -0.00144670903683, 2.69966294582e-05, 0.0011495599756, -0.00110603985377, 0.00105567090213, -0.000560443964787, 0.000633248186205, -0.00131437403616, 0.00146450556349, -0.00113849027548], [-0.00050898513291, -0.000810798432212, 0.00195835484192, -0.00118781917263, -0.0002895653015, -0.00048164423788, 0.000911162409466, -0.000435964087956, -0.000139620431582, -0.000602349580731, 0.00141522916965, -0.00251982291229, 0.00162992172409], [-0.000126205253764, -0.00144670903683, -0.00118781917263, 0.00725810742006, -0.00284449080937, -0.00346698262729, 0.00230693770573, 0.00153225520626, -0.00106285139918, -0.00105550524313, -0.000413849804318, 0.00142428511754, -0.0028883931227], [4.09685744671e-05, 2.69966294582e-05, -0.0002895653015, -0.00284449080937, 0.00861777644604, -0.00244102766737, -0.00236815563403, 0.00022362729942, 0.000643587089144, -0.000384631508496, -0.000601474544965, -0.00242635491304, 0.00339460582472], [0.000270874705166, 0.0011495599756, -0.00048164423788, -0.00346698262729, -0.00244102766737, 0.0129503961653, -0.00450738240033, -0.00627737073228, 0.00288062007166, 0.000484718853841, -0.000777167384513, 0.00273163057864, -0.000360632897355], [-0.000425585574703, -0.00110603985377, 0.000911162409466, 0.00230693770573, -0.00236815563403, -0.00450738240033, 0.0101107191294, -0.00120354688261, -0.00550633389503, 0.00285553350113, 0.000213083840208, -0.00034008626244, -0.000925021013245], [-8.89873335836e-05, 0.00105567090213, -0.000435964087956, 0.00153225520626, 0.00022362729942, -0.00627737073228, -0.00120354688261, 0.0136366859078, -0.0039834161289, -0.00540485605597, 0.00330328638665, 0.000407272600569, -0.000862809945829], [0.000486305449158, -0.000560443964787, -0.000139620431582, -0.00106285139918, 0.000643587089144, 0.00288062007166, -0.00550633389503, -0.0039834161289, 0.0136843221262, -0.0017355340533, -0.00422571320087, 0.00210051145405, -0.00100466352887], [-0.000390087952837, 0.000633248186205, -0.000602349580731, -0.00105550524313, -0.000384631508496, 0.000484718853841, 0.00285553350113, -0.00540485605597, -0.0017355340533, 0.0170568339527, -0.00389285432175, -0.00718203885481, 0.00223773554899], [0.000585761212278, -0.00131437403616, 0.00141522916965, -0.000413849804318, -0.000601474544965, -0.000777167384513, 0.000213083840208, 0.00330328638665, -0.00422571320087, -0.00389285432175, 0.0123675307259, -0.00359720899723, 0.000101110650576], [-0.000386761879781, 0.00146450556349, -0.00251982291229, 0.00142428511754, -0.00242635491304, 0.00273163057864, -0.00034008626244, 0.000407272600569, 0.00210051145405, -0.00718203885481, -0.00359720899723, 0.0191385708749, -0.00750551698729], [0.000186854464118, -0.00113849027548, 0.00162992172409, -0.0028883931227, 0.00339460582472, -0.000360632897355, -0.000925021013245, -0.000862809945829, -0.00100466352887, 0.00223773554899, 0.000101110650576, -0.00750551698729, 0.015021356754]]
    },
    "melbands": {
        "max": [0.0187273174524, 0.0167449265718, 0.011558521539, 0.00977142527699, 0.00612797262147, 0.00860341079533, 0.00337716611102, 0.00643964763731, 0.00543543603271, 0.00647638831288, 0.0126972412691, 0.00407285103574, 0.0025481719058, 0.0024192656856, 0.00143551302608, 0.00310209253803, 0.00126394757535, 0.000549648830201, 0.000638105848338, 0.00071954500163, 0.000625600281637, 0.000258848798694, 0.00021992585971, 0.00014694071433, 0.000183083800948, 0.000323243031744, 0.000340987142408, 0.000134509406053, 0.000106600724394, 9.25580607145e-05, 8.62781889737e-05, 9.12173272809e-05, 4.68112048111e-05, 5.07801887579e-05, 4.82076502522e-05, 5.24049282831e-05, 1.77969232027e-05, 2.68127023446e-05, 2.70988493867e-05, 3.2166539313e-05],
        "mean": [0.00177978491411, 0.00131786498241, 0.000473743246403, 0.000445620127721, 0.000455481378594, 0.000399447395466, 0.000205030839425, 0.000284203328192, 0.000256597850239, 0.000653127790429, 0.00106071901973, 0.00021003864822, 0.000158185430337, 0.000134101166623, 8.19218766992e-05, 0.00011365651153, 8.99940714589e-05, 5.49743781448e-05, 3.86390493077e-05, 2.37310323428e-05, 1.97111148736e-05, 1.78531536221e-05, 1.61679108714e-05, 1.36402359203e-05, 1.27593693833e-05, 1.17467243399e-05, 9.96753260551e-06, 8.15179737401e-06, 6.86229441271e-06, 6.56261818222e-06, 6.31935563433e-06, 6.5261601776e-06, 5.13662416779e-06, 3.65520941159e-06, 2.90923526336e-06, 2.12393365473e-06, 1.39169742397e-06, 1.23920506212e-06, 1.37606980388e-06, 7.99148779151e-07],
        "min": [2.81630496701e-10, 9.6836216823e-10, 4.55387727527e-09, 4.75109054321e-08, 1.11488610344e-07, 1.0541258888e-07, 4.58433902395e-07, 5.49193543975e-07, 1.08574045043e-06, 8.25567667562e-07, 2.00181852961e-06, 2.21686582336e-06, 1.89254024008e-06, 1.59250657816e-06, 1.4071977148e-06, 1.06430604774e-06, 1.81521170362e-06, 1.32350987769e-06, 5.13015322667e-07, 5.16120962857e-07, 2.52309149573e-07, 3.85160717542e-07, 4.40406267899e-07, 4.30829061315e-07, 2.95307074794e-07, 2.59536136582e-07, 2.41609285467e-07, 2.43259222543e-07, 1.17790477816e-07, 1.36958348662e-07, 7.57252962558e-08, 7.00055480252e-08, 4.81856829992e-08, 2.70597393381e-08, 6.85528833699e-09, 2.64925081872e-09, 3.20601739601e-11, 6.27504862308e-12, 2.46178701339e-13, 2.38168859634e-13],
        "stdev": [0.00315462425351, 0.00232298509218, 0.00118542183191, 0.000923498708289, 0.000701205106452, 0.000820662127808, 0.000392871414078, 0.000636617012788, 0.000395696552005, 0.000923220708501, 0.00167288456578, 0.000373061338905, 0.000257270847214, 0.00018174793513, 0.000116877279652, 0.000193720406969, 0.000121963406855, 6.21749059064e-05, 4.88580590172e-05, 3.98866577598e-05, 3.09123170155e-05, 2.0828039851e-05, 1.86361048691e-05, 1.4510528672e-05, 1.51701997311e-05, 2.0151197532e-05, 1.76047396963e-05, 1.05965682451e-05, 8.26671384857e-06, 7.4602580753e-06, 8.32550631458e-06, 7.93666004029e-06, 5.97964208282e-06, 5.0624475989e-06, 4.51899040854e-06, 3.86498277294e-06, 1.84029829597e-06, 2.06787194656e-06, 2.53865687228e-06, 1.60321644671e-06]
    },
    "melbands128": {
        "max": [0.00349402567372, 0.0217094682157, 0.0282638184726, 0.0256715118885, 0.0226516090333, 0.0244376491755, 0.0159439165145, 0.0124227022752, 0.010326157324, 0.014440594241, 0.0120943943039, 0.00752905383706, 0.0113068893552, 0.00777045637369, 0.0135732861236, 0.0113306958228, 0.00651704892516, 0.00401907740161, 0.0109957875684, 0.00744812283665, 0.0131782544777, 0.00920094177127, 0.00944485142827, 0.00830353796482, 0.0117529202253, 0.0138334548101, 0.0172276571393, 0.0217696093023, 0.00860841013491, 0.00706942146644, 0.00711104739457, 0.00448668235913, 0.00325632817112, 0.00788120273501, 0.00564809003845, 0.00225530634634, 0.00222611869685, 0.00247389869764, 0.0022991837468, 0.00276586529799, 0.00680327089503, 0.00376361445524, 0.00238452642225, 0.00128333561588, 0.000781775161158, 0.00126856123097, 0.00167346245144, 0.00134312594309, 0.00101027055643, 0.00126196118072, 0.00160752097145, 0.00109820067883, 0.000883945380338, 0.00131375249475, 0.000559291453101, 0.000533363490831, 0.000555165170226, 0.00039783550892, 0.000237408879912, 0.000362247257726, 0.000205164324143, 0.000215207750443, 0.00021483314049, 0.000284631474642, 0.00072784879012, 0.000288443610771, 0.000771404767875, 0.000768794445321, 0.000576920167077, 0.000243459639023, 0.000245643605012, 0.000135159949423, 0.000157524802489, 0.000171089588548, 0.000133751440444, 0.000108186606667, 0.000208218945772, 0.000195017142687, 0.000141565542435, 0.000114080168714, 0.000103934806248, 0.000247690477408, 0.000133710418595, 6.91200912115e-05, 9.83339705272e-05, 7.83119103289e-05, 5.84164627071e-05, 5.43637179362e-05, 7.2413138696e-05, 5.14848252351e-05, 0.000103414364276, 4.58860376966e-05, 2.37623753492e-05, 1.73075641214e-05, 2.26358424698e-05, 2.46312611125e-05, 4.97112305311e-05, 5.82493812544e-05, 3.43342799169e-05, 3.42200837622e-05, 3.6775800254e-05, 3.83808437618e-05, 3.13262244163e-05, 2.19160101551e-05, 3.12144984491e-05, 1.69255690707e-05, 1.13703590614e-05, 9.12834275368e-06, 8.99703900359e-06, 1.11285289677e-05, 5.65603795621e-06, 5.02489137943e-06, 5.95529763814e-06, 3.96940959035e-06, 3.758242201e-06, 4.61176477984e-06, 6.93802621754e-06, 3.26788222083e-06, 3.84448139812e-06, 2.85869600702e-06, 1.44454384099e-06, 1.29166085117e-06, 8.84380824573e-07, 2.29444552247e-08, 1.14211184954e-09, 1.12045461798e-09, 1.10573994405e-09, 1.09806730375e-09],
        "mean": [0.00010926167306, 0.00130847119726, 0.00278174225241, 0.00216366909444, 0.00119535671547, 0.00074754958041, 0.000453073793324, 0.000435317924712, 0.000426165497629, 0.000423111545388, 0.000493812083732, 0.000436536822235, 0.000506974814925, 0.00037492645788, 0.000484073505504, 0.000385806430131, 0.000179417504114, 0.000140648640809, 0.000292503740638, 0.00026626867475, 0.000321854109643, 0.000209335950785, 0.000255790713709, 0.000252128200373, 0.000526328803971, 0.000736844609492, 0.00111667613965, 0.00167500704993, 0.000352844712324, 0.000199692731258, 0.000190637947526, 0.000146511447383, 0.000139756026329, 0.00019497035828, 0.000138013667311, 0.000128005063743, 0.000106991843495, 6.60513323965e-05, 7.29920284357e-05, 0.000104214435851, 0.000135097885504, 0.000107645675598, 9.72048874246e-05, 8.03052971605e-05, 5.4206677305e-05, 5.2115177823e-05, 5.39708089491e-05, 4.12812842114e-05, 3.32140443788e-05, 2.34865765378e-05, 2.65795988525e-05, 1.85964490811e-05, 1.45825524669e-05, 2.35275638261e-05, 2.36600099015e-05, 1.50982486957e-05, 1.52503043864e-05, 1.62890919455e-05, 1.64490993484e-05, 1.63792683452e-05, 1.27092052935e-05, 1.15116090456e-05, 1.53651653818e-05, 1.18063089758e-05, 1.14817539725e-05, 1.1462000657e-05, 1.28374440465e-05, 1.00695124274e-05, 9.4214847195e-06, 9.68444146565e-06, 7.25723111827e-06, 7.84793246567e-06, 8.74688157637e-06, 5.38240828973e-06, 6.37447556073e-06, 7.75320040702e-06, 5.44724662177e-06, 6.84110045768e-06, 5.98055567025e-06, 6.20226228421e-06, 7.57080306357e-06, 5.71607051825e-06, 6.38534402242e-06, 3.94339485865e-06, 6.03084163231e-06, 3.93064965465e-06, 2.95907216241e-06, 2.59203784481e-06, 3.66429162568e-06, 2.14105807572e-06, 2.57668284576e-06, 2.01686589207e-06, 1.6788172843e-06, 1.27561406771e-06, 1.37701158565e-06, 1.0943962252e-06, 1.21310961276e-06, 1.35940899781e-06, 1.66038967109e-06, 1.23940480989e-06, 8.63614161517e-07, 6.85337624873e-07, 7.45303509575e-07, 9.33696298944e-07, 8.51563243032e-07, 5.60783178116e-07, 5.5561292811e-07, 5.09350343236e-07, 4.77751427752e-07, 3.88306091281e-07, 2.72097992138e-07, 2.80849235423e-07, 2.71919844863e-07, 1.66985515193e-07, 1.44076025776e-07, 1.53997632424e-07, 7.93912704466e-08, 4.20197423523e-08, 5.18659675208e-08, 3.55679574682e-08, 1.2762864543e-08, 1.06439799197e-08, 6.11491302038e-09, 1.29675020721e-10, 4.6999240437e-12, 4.51426656473e-12, 4.40530381271e-12, 4.36938202633e-12],
        "min": [1.08360933074e-12, 2.3234247859e-11, 4.50885752346e-11, 1.22042778661e-10, 1.03996734835e-10, 2.40976044674e-10, 1.01970054622e-09, 1.35657085565e-09, 4.66701077784e-09, 2.84421926011e-08, 2.32544792311e-08, 9.44966416228e-09, 5.66852209616e-09, 3.14012282843e-08, 4.26022026545e-08, 7.95332937287e-08, 1.09635593049e-07, 6.2308160409e-08, 7.28153679574e-08, 2.38669144892e-07, 4.40989765593e-07, 4.03750391342e-07, 5.73815896132e-07, 3.34702690452e-07, 3.56279400648e-07, 4.71211762942e-07, 1.5595937839e-06, 9.48483716456e-07, 1.20453125874e-06, 9.73130909188e-07, 3.54597347041e-07, 2.75919546766e-07, 5.03349667724e-07, 4.5544888394e-07, 3.99917894356e-07, 7.11656298336e-07, 6.91095863203e-07, 3.54469506192e-07, 3.5146939581e-07, 5.79880406804e-07, 6.23325831839e-07, 5.09629614953e-07, 7.18696014701e-07, 5.33531931524e-07, 2.48009598636e-07, 4.43408424644e-07, 3.25060796058e-07, 1.98537733809e-07, 3.36050050009e-07, 1.31874216436e-07, 1.89512974202e-07, 1.91402321548e-07, 8.48085548455e-08, 1.41972321899e-07, 2.11781994608e-07, 1.54612720848e-07, 9.45680938003e-08, 1.77302965199e-07, 1.49069009581e-07, 1.7109850603e-07, 1.05718903853e-07, 1.48494123664e-07, 8.20695476023e-08, 2.64689560936e-07, 1.46709396631e-07, 2.46322628072e-07, 1.80230131264e-07, 9.41037043845e-08, 1.12455474266e-07, 1.76679421315e-07, 1.14541421681e-07, 1.58637632808e-07, 4.61501272753e-08, 2.20272813323e-08, 9.99966900395e-08, 1.15330024641e-07, 4.95108096743e-08, 3.27302949188e-08, 7.67642163169e-08, 5.64213529231e-08, 6.52052492001e-08, 3.26583524668e-08, 4.20652597199e-08, 4.63431817366e-08, 1.33123654322e-08, 2.42898217095e-08, 1.59858331017e-08, 1.31579467322e-08, 3.74208264375e-09, 4.95120788813e-09, 4.23034896002e-09, 4.70592953494e-10, 7.21044265961e-11, 2.2363222385e-11, 2.78144326148e-12, 4.86109037138e-13, 3.96317202146e-13, 3.19926160217e-13, 2.09117079664e-13, 2.63470858628e-13, 1.70187824879e-13, 2.12092943577e-13, 1.84489305343e-13, 1.82661936791e-13, 1.79802285799e-13, 2.25327514893e-13, 1.64088916608e-13, 2.06100734352e-13, 1.17330651488e-13, 1.69975754934e-13, 1.87997702258e-13, 1.51520248713e-13, 1.91429391869e-13, 1.75698472156e-13, 1.64460662428e-13, 1.52704482089e-13, 1.43251784133e-13, 1.9740345426e-13, 1.44662385369e-13, 1.3568818649e-13, 1.36736054337e-13, 1.59451865231e-13, 1.26927914251e-13, 1.16181776656e-13, 9.80500403092e-14, 4.22436574382e-14, 6.87080346638e-15, 2.05720453617e-16],
        "stdev": [0.00020929663151, 0.00270054046996, 0.00520141096786, 0.00382119975984, 0.00268156337552, 0.00225222646259, 0.00146565272007, 0.00112682557665, 0.00107901776209, 0.00111391895916, 0.00114304968156, 0.000744869525079, 0.00108965637628, 0.00076377397636, 0.00128221511841, 0.000936926575378, 0.000500303285662, 0.000365093030268, 0.000932901632041, 0.000692087924108, 0.00100128690246, 0.000484123040223, 0.000557399063837, 0.000495287706144, 0.00100996985566, 0.00157666986343, 0.00191820971668, 0.00308191450313, 0.000588835217059, 0.000461480027298, 0.000430793414125, 0.000354329647962, 0.000274824211374, 0.00040005450137, 0.000288037088467, 0.000195374188479, 0.000161797870533, 0.000132823377498, 0.000158043665579, 0.000203348463401, 0.000307733338559, 0.000249449862167, 0.000168909042259, 0.00010566310084, 8.01221394795e-05, 8.04911542218e-05, 9.78307143669e-05, 7.76992892497e-05, 4.92519757245e-05, 4.48640967079e-05, 7.06854407326e-05, 5.23430098838e-05, 3.79050252377e-05, 5.04214294779e-05, 3.26767622028e-05, 2.79345658782e-05, 2.75388556474e-05, 2.58639429376e-05, 2.18520672206e-05, 2.5630757591e-05, 1.75430850504e-05, 1.62808300956e-05, 1.94151980395e-05, 1.86918514373e-05, 3.51152812073e-05, 2.02932369575e-05, 3.74515402655e-05, 2.73388504866e-05, 2.2996458938e-05, 1.85800618056e-05, 1.35309137477e-05, 1.02145450001e-05, 1.38472760227e-05, 9.68723725236e-06, 8.70044004841e-06, 9.40479276323e-06, 9.61407567956e-06, 1.1834597899e-05, 9.24206779018e-06, 9.11516417545e-06, 1.01478517536e-05, 1.14746453619e-05, 9.19317426451e-06, 5.50084814677e-06, 9.6675757959e-06, 6.54817949908e-06, 4.62492334918e-06, 4.34520597992e-06, 7.07477238393e-06, 4.05929631597e-06, 6.42259919914e-06, 3.60003946298e-06, 2.73935961559e-06, 1.89215279534e-06, 2.05466631087e-06, 1.78827519903e-06, 2.40819576902e-06, 3.4350232454e-06, 3.2483862924e-06, 2.44534794547e-06, 1.8113232727e-06, 1.62509616075e-06, 1.46716649851e-06, 2.08889014175e-06, 2.23577285396e-06, 1.15310922411e-06, 1.09727602648e-06, 9.64280161497e-07, 8.95645712262e-07, 8.59164231315e-07, 5.17076955475e-07, 5.52700669232e-07, 5.54864243441e-07, 3.59077205303e-07, 3.29062487481e-07, 4.00333078687e-07, 2.80437859601e-07, 1.77119275691e-07, 2.49785614415e-07, 1.73690636984e-07, 7.86943985531e-08, 6.30825169878e-08, 4.26577067003e-08, 1.07008191197e-09, 2.60478184161e-11, 2.55638912816e-11, 2.52345176005e-11, 2.50609723945e-11]
    },
    "mfcc": {
        "mean": [-618.839416504, 91.583152771, -26.4328022003, -4.52645301819, -24.2693119049, 3.15995192528, -4.86687850952, 4.17491149902, 1.28273618221, 2.69110035896, -0.23201559484, -6.65633630753, -9.03286266327],
        "cov": [[1807.00732422, 147.405639648, 1190.67224121, 509.401733398, 530.074035645, 212.683578491, 140.168319702, 4.83149433136, 109.397285461, 5.12731266022, 58.2907981873, 6.52629041672, 90.9715576172], [147.405639648, 918.634155273, 863.839538574, 564.859375, 352.839904785, 257.951843262, 68.5508728027, 39.1771888733, 3.29434895515, 38.5768013, 41.702583313, 47.2181549072, 126.169754028], [1190.67224121, 863.839538574, 2777.49902344, 1238.81176758, 1209.06970215, 544.561767578, 260.603271484, 47.8142929077, 185.667419434, 37.299659729, 133.907745361, 128.637069702, 303.825622559], [509.401733398, 564.859375, 1238.81176758, 780.815063477, 615.47845459, 344.205657959, 137.430435181, 38.0121650696, 74.6393127441, 27.7345466614, 72.6485061646, 72.2050628662, 160.383926392], [530.074035645, 352.839904785, 1209.06970215, 615.47845459, 718.928649902, 304.527557373, 184.851104736, 50.205821991, 102.585609436, 30.7088508606, 86.1160583496, 93.1893844604, 165.070678711], [212.683578491, 257.951843262, 544.561767578, 344.205657959, 304.527557373, 274.563140869, 140.131072998, 92.0952072144, 77.9834976196, 61.0877380371, 60.4570121765, 55.8499946594, 74.9929656982], [140.168319702, 68.5508728027, 260.603271484, 137.430435181, 184.851104736, 140.131072998, 193.035949707, 100.449157715, 86.1817092896, 65.9522094727, 60.4313201904, 41.9224243164, 46.8346176147], [4.83149433136, 39.1771888733, 47.8142929077, 38.0121650696, 50.205821991, 92.0952072144, 100.449157715, 171.273590088, 106.208320618, 100.868423462, 55.1617698669, 39.1564292908, 9.23421478271], [109.397285461, 3.29434895515, 185.667419434, 74.6393127441, 102.585609436, 77.9834976196, 86.1817092896, 106.208320618, 181.48286438, 90.2418670654, 53.8774223328, 27.2035255432, 10.8659601212], [5.12731266022, 38.5768013, 37.299659729, 27.7345466614, 30.7088508606, 61.0877380371, 65.9522094727, 100.868423462, 90.2418670654, 130.963256836, 68.5790634155, 40.5477600098, 10.9719219208], [58.2907981873, 41.702583313, 133.907745361, 72.6485061646, 86.1160583496, 60.4570121765, 60.4313201904, 55.1617698669, 53.8774223328, 68.5790634155, 104.255821228, 51.57604599, 40.8439445496], [6.52629041672, 47.2181549072, 128.637069702, 72.2050628662, 93.1893844604, 55.8499946594, 41.9224243164, 39.1564292908, 27.2035255432, 40.5477600098, 51.57604599, 94.1511001587, 64.6366043091], [90.9715576172, 126.169754028, 303.825622559, 160.383926392, 165.070678711, 74.9929656982, 46.8346176147, 9.23421478271, 10.8659601212, 10.9719219208, 40.8439445496, 64.6366043091, 124.070556641]],
        "icov": [[0.000855905993376, 0.000329724658513, -0.000393883761717, -0.000252636702498, 4.53517204733e-05, 8.57836857904e-05, -0.000247699819738, 0.000140410513268, -5.28583223058e-05, -3.22101368511e-05, -0.000200697089895, 0.000539558881428, 9.15702839848e-05], [0.000329724658513, 0.00250549474731, -0.000481117720483, -0.00196641823277, 0.00111883063801, -0.00046537045273, 0.000245988834649, -0.000571708020288, 0.00122879073024, -0.00111464783549, 0.000404505175538, 0.000635943782981, -0.000800613546744], [-0.000393883761717, -0.000481117720483, 0.00207936647348, -0.00111536995973, -0.00203786068596, 0.000260712258751, 0.000415793212596, 0.000397846481064, -0.000943543214817, 0.000218439643504, -1.1638896467e-05, 0.00043629470747, -0.000665105471853], [-0.000252636702498, -0.00196641823277, -0.00111536995973, 0.00871565006673, -0.00287236250006, -0.00467122998089, 0.00197709910572, 0.000931485439651, -0.000254689657595, 0.000450742576504, -0.000582892913371, 0.000975323026069, -0.000854714482557], [4.53517204733e-05, 0.00111883063801, -0.00203786068596, -0.00287236250006, 0.00818034168333, -0.000819351465907, -0.00280613638461, 0.000678508891724, -0.000317460624501, 0.00121678074356, -0.000203897347092, -0.00196831393987, -0.000834454142023], [8.57836857904e-05, -0.00046537045273, 0.000260712258751, -0.00467122998089, -0.000819351465907, 0.0133757209405, -0.00439591705799, -0.00318441633135, 0.000596397556365, -0.000703608558979, 0.000584615452681, -0.00146524654701, 0.00129292265046], [-0.000247699819738, 0.000245988834649, 0.000415793212596, 0.00197709910572, -0.00280613638461, -0.00439591705799, 0.0121088027954, -0.00376004702412, -0.000787022465374, -2.66351526079e-05, -0.00180829444434, 0.00186477182433, -0.00184792641085], [0.000140410513268, -0.000571708020288, 0.000397846481064, 0.000931485439651, 0.000678508891724, -0.00318441633135, -0.00376004702412, 0.0156911369413, -0.00434929132462, -0.00588219985366, 0.000834339356516, -0.00220994628035, 0.00135135650635], [-5.28583223058e-05, 0.00122879073024, -0.000943543214817, -0.000254689657595, -0.000317460624501, 0.000596397556365, -0.000787022465374, -0.00434929132462, 0.0116858351976, -0.00489517347887, -0.000166699494002, 0.00114064989612, 0.000981745193712], [-3.22101368511e-05, -0.00111464783549, 0.000218439643504, 0.000450742576504, 0.00121678074356, -0.000703608558979, -2.66351526079e-05, -0.00588219985366, -0.00489517347887, 0.0207231491804, -0.00806607678533, -0.0029232930392, 0.00206819036976], [-0.000200697089895, 0.000404505175538, -1.1638896467e-05, -0.000582892913371, -0.000203897347092, 0.000584615452681, -0.00180829444434, 0.000834339356516, -0.000166699494002, -0.00806607678533, 0.019005715847, -0.00503112236038, -0.00185149523895], [0.000539558881428, 0.000635943782981, 0.00043629470747, 0.000975323026069, -0.00196831393987, -0.00146524654701, 0.00186477182433, -0.00220994628035, 0.00114064989612, -0.0029232930392, -0.00503112236038, 0.0226444378495, -0.0103886732832], [9.15702839848e-05, -0.000800613546744, -0.000665105471853, -0.000854714482557, -0.000834454142023, 0.00129292265046, -0.00184792641085, 0.00135135650635, 0.000981745193712, 0.00206819036976, -0.00185149523895, -0.0103886732832, 0.0182190258056]]
    },
    "spectral_contrast_coeffs": {
        "max": [-0.348867595196, -0.457541465759, -0.463645875454, -0.655050635338, -0.636346578598, -0.463005244732],
        "mean": [-0.692362308502, -0.710690677166, -0.740244925022, -0.801135599613, -0.799760758877, -0.730987131596],
        "min": [-0.887438833714, -0.904370188713, -0.899204492569, -0.886405348778, -0.875800848007, -0.833714902401],
        "stdev": [0.100491374731, 0.0824971497059, 0.0776834264398, 0.0374543219805, 0.0313825905323, 0.0470259711146]
    },
    "spectral_contrast_valleys": {
        "max": [-5.14196300507, -5.05422878265, -4.85386133194, -5.79556751251, -5.96356105804, -7.9201874733],
        "mean": [-7.69749212265, -6.78276824951, -6.62202882767, -7.05994367599, -7.16376829147, -9.93213272095],
        "min": [-12.2856750488, -8.41032791138, -8.13198661804, -8.45593070984, -8.32695770264, -15.7910327911],
        "stdev": [1.65587544441, 0.605617463589, 0.58069306612, 0.511160492897, 0.45720499754, 0.910034358501]
    }
},
"rhythm": {
    "beats_count": 89,
    "beats_loudness": {
        "max": 0.0948589146137,
        "mean": 0.0463247187436,
        "min": 0.0059041348286,
        "stdev": 0.0237578041852
    },
    "bpm": 106.138557434,
    "bpm_histogram_first_peak_bpm": 105,
    "bpm_histogram_first_peak_weight": 0.344262242317,
    "bpm_histogram_second_peak_bpm": 152,
    "bpm_histogram_second_peak_spread": 0.461538493633,
    "bpm_histogram_second_peak_weight": 0.0795454531908,
    "danceability": 1.02145147324,
    "onset_rate": 3.93349075317,
    "beats_loudness_band_ratio": {
        "max": [0.94839578867, 0.641356527805, 0.869295060635, 0.782835006714, 0.419965147972, 0.250837862492],
        "mean": [0.421056389809, 0.0830984339118, 0.209308281541, 0.20846323669, 0.0773658454418, 0.0454337149858],
        "min": [1.8582728444e-05, 0.000143728699186, 0.0102371834219, 0.00693650683388, 0.00270112371072, 0.00315303471871],
        "stdev": [0.346209704876, 0.123315490782, 0.166758790612, 0.210168421268, 0.0815398842096, 0.0378173701465]
    },
