{
"metadata": {
    "version": {
        "essentia": "2.1-beta5",
        "essentia_git_sha": "Undefined",
        "extractor": "music 2.0"
    },
    "audio_properties": {
        "analysis": {
            "equal_loudness": 0,
            "length": 32.4963264465,
            "sample_rate": 44100,
            "start_time": 45.2440834045,
            "downmix": "mix"
        },
        "bit_rate": 192000,
        "length": 198.414520264,
        "lossless": 0,
        "number_channels": 2,
        "replay_gain": -6.77081108093,
        "sample_rate": 48000,
        "codec": "mp3",
        "md5_encoded": "26caa71a6a62a2b8220bfbdfb12846d8"
    },
    "tags": {
        "file_name": "Austria_Keine Mauern Mehr_Simone.mp3",
        "encoding": ["Lavf58.29.100"]
    }
},
"lowlevel": {
    "average_loudness": 0.967957377434,
    "barkbands_crest": {
        "max": 23.3624782562,
        "mean": 10.5017604828,
        "min": 3.58567738533,
        "stdev": 3.34244251251
    },
    "barkbands_flatness_db": {
        "max": 0.397895693779,
        "mean": 0.231275543571,
        "min": 0.0679673030972,
        "stdev": 0.0559316538274
    },
    "barkbands_kurtosis": {
        "max": 126.503799438,
        "mean": 11.294175148,
        "min": -1.71174192429,
        "stdev": 13.8559761047
    },
    "barkbands_skewness": {
        "max": 9.70954799652,
        "mean": 2.02346491814,
        "min": -1.22662460804,
        "stdev": 1.4848498106
    },
    "barkbands_spread": {
        "max": 97.4620056152,
        "mean": 9.5970249176,
        "min": 0.958015739918,
        "stdev": 9.35472297668
    },
    "dissonance": {
        "max": 0.499207645655,
        "mean": 0.40826177597,
        "min": 0.215062573552,
        "stdev": 0.0457504540682
    },
    "dynamic_complexity": 3.01791524887,
    "erbbands_crest": {
        "max": 29.883146286,
        "mean": 11.8537120819,
        "min": 3.11165642738,
        "stdev": 5.04619169235
    },
    "erbbands_flatness_db": {
        "max": 0.335081547499,
        "mean": 0.19593347609,
        "min": 0.0681497976184,
        "stdev": 0.0479305945337
    },
    "erbbands_kurtosis": {
        "max": 49.1262207031,
        "mean": 4.69304227829,
        "min": -1.83412384987,
        "stdev": 6.67658090591
    },
    "erbbands_skewness": {
        "max": 5.65384197235,
        "mean": 1.25309598446,
        "min": -1.5382245779,
        "stdev": 1.1163725853
    },
    "erbbands_spread": {
        "max": 152.488555908,
        "mean": 25.2594833374,
        "min": 2.59243440628,
        "stdev": 21.4267292023
    },
    "hfc": {
        "max": 120.809272766,
        "mean": 13.7527770996,
        "min": 0.444364994764,
        "stdev": 16.6894950867
    },
    "loudness_ebu128": {
        "integrated": -17.1780834198,
        "loudness_range": 3.38410186768,
        "momentary": {
            "max": -13.304192543,
            "mean": -17.6930522919,
            "min": -23.8099136353,
            "stdev": 2.1958501339
        },
        "short_term": {
            "max": -14.7708845139,
            "mean": -17.3370742798,
            "min": -19.5607433319,
            "stdev": 1.1226028204
        }
    },
    "melbands_crest": {
        "max": 26.9319210052,
        "mean": 13.2575464249,
        "min": 5.39535808563,
        "stdev": 3.86581969261
    },
    "melbands_flatness_db": {
        "max": 0.531926989555,
        "mean": 0.325831949711,
        "min": 0.103634946048,
        "stdev": 0.0764444321394
    },
    "melbands_kurtosis": {
        "max": 232.210800171,
        "mean": 17.3121013641,
        "min": -1.51539647579,
        "stdev": 23.5685539246
    },
    "melbands_skewness": {
        "max": 11.1409358978,
        "mean": 2.41259860992,
        "min": -0.624770700932,
        "stdev": 1.69917118549
    },
    "melbands_spread": {
        "max": 74.4573822021,
        "mean": 10.1962280273,
        "min": 0.80340385437,
        "stdev": 10.5315485001
    },
    "pitch_salience": {
        "max": 0.813928842545,
        "mean": 0.554551899433,
        "min": 0.205421954393,
        "stdev": 0.11380033195
    },
    "silence_rate_20dB": {
        "max": 1,
        "mean": 1,
        "min": 1,
        "stdev": 0
    },
    "silence_rate_30dB": {
        "max": 1,
        "mean": 0.988579571247,
        "min": 0,
        "stdev": 0.106254860759
    },
    "silence_rate_60dB": {
        "max": 1,
        "mean": 0.0021413275972,
        "min": 0,
        "stdev": 0.0462243147194
    },
    "spectral_centroid": {
        "max": 2891.94775391,
        "mean": 564.864868164,
        "min": 161.499420166,
        "stdev": 413.479125977
    },
    "spectral_complexity": {
        "max": 35,
        "mean": 9.76302623749,
        "min": 1,
        "stdev": 4.46377420425
    },
    "spectral_decrease": {
        "max": -1.43668452135e-10,
        "mean": -7.87478615649e-09,
        "min": -4.38798792857e-08,
        "stdev": 5.93096460832e-09
    },
    "spectral_energy": {
        "max": 0.169197708368,
        "mean": 0.0309686660767,
        "min": 0.000598370912485,
        "stdev": 0.0234020203352
    },
    "spectral_energyband_high": {
        "max": 0.00948748365045,
        "mean": 0.000258005282376,
        "min": 7.11711493295e-07,
        "stdev": 0.000683402875438
    },
    "spectral_energyband_low": {
        "max": 0.125175744295,
        "mean": 0.012428519316,
        "min": 0.000113677073386,
        "stdev": 0.0147585971281
    },
    "spectral_energyband_middle_high": {
        "max": 0.0978649035096,
        "mean": 0.00446522375569,
        "min": 6.1769264903e-06,
        "stdev": 0.010072494857
    },
    "spectral_energyband_middle_low": {
        "max": 0.127037331462,
        "mean": 0.0151956323534,
        "min": 0.000186052697245,
        "stdev": 0.0121599771082
    },
    "spectral_entropy": {
        "max": 8.47787380219,
        "mean": 6.59441566467,
        "min": 5.02986717224,
        "stdev": 0.569257557392
    },
    "spectral_flux": {
        "max": 0.303153812885,
        "mean": 0.080412119627,
        "min": 0.0109988404438,
        "stdev": 0.0505416020751
    },
    "spectral_kurtosis": {
        "max": 50.2296257019,
        "mean": 11.569814682,
        "min": -1.39341127872,
        "stdev": 7.94109296799
    },
    "spectral_rms": {
        "max": 0.0128479935229,
        "mean": 0.00516452267766,
        "min": 0.00076405267464,
        "stdev": 0.00188175623771
    },
    "spectral_rolloff": {
        "max": 8871.6796875,
        "mean": 603.866821289,
        "min": 86.1328125,
        "stdev": 740.967285156
    },
    "spectral_skewness": {
        "max": 5.6400270462,
        "mean": 2.72881388664,
        "min": 0.0668974220753,
        "stdev": 0.918330609798
    },
    "spectral_spread": {
        "max": 16312684,
        "mean": 4204151.5,
        "min": 1543061.125,
        "stdev": 2108876.75
    },
    "spectral_strongpeak": {
        "max": 13.219877243,
        "mean": 1.12986147404,
        "min": 0.0355236940086,
        "stdev": 1.59905469418
    },
    "zerocrossingrate": {
        "max": 0.1904296875,
        "mean": 0.0307320933789,
        "min": 0.00390625,
        "stdev": 0.0224882401526
    },
    "barkbands": {
        "max": [0.000906098342966, 0.0916908532381, 0.0914448052645, 0.0349461697042, 0.060164488852, 0.0537207126617, 0.0581645034254, 0.0243883598596, 0.0813958719373, 0.0802252739668, 0.0555632002652, 0.0270334631205, 0.0517887063324, 0.0205949228257, 0.0315648764372, 0.00401117326692, 0.00797760486603, 0.00254999427125, 0.0106735257432, 0.00335708609782, 0.00853146333247, 0.00141522113699, 0.00265370006673, 0.00196556374431, 0.00176188407931, 0.00135178817436, 6.24840083674e-07],
        "mean": [0.000100278870377, 0.00654799723998, 0.0045482153073, 0.00334691721946, 0.00437098834664, 0.00328950816765, 0.00197801180184, 0.000534477876499, 0.00145737070125, 0.000906515517272, 0.00124188361224, 0.000492223654874, 0.000826412462629, 0.000134093163069, 0.000592500844505, 5.43129572179e-05, 8.50651777e-05, 4.54395376437e-05, 0.000105909915874, 0.000106773448351, 8.3855840785e-05, 1.42826074807e-05, 2.3534621505e-05, 3.02461230604e-05, 2.75297734333e-05, 2.4283059247e-05, 4.18397796409e-08],
        "min": [1.07925174575e-07, 5.31372570549e-05, 3.72213398805e-05, 2.07709708775e-05, 2.22647304327e-05, 1.43966481119e-05, 3.92813518602e-07, 9.98728069135e-07, 1.2043666402e-06, 2.12399271504e-07, 2.04966170259e-07, 1.20154012961e-07, 1.61872208082e-07, 1.28855916159e-07, 1.32175571821e-07, 8.51260324453e-08, 5.80499772695e-08, 5.34340429681e-08, 1.09146107263e-07, 1.13373680222e-07, 9.15854911909e-08, 5.72797560494e-08, 4.03126385606e-08, 6.25862028869e-08, 7.94530521375e-08, 5.38553868168e-10, 3.66486632708e-11],
        "stdev": [9.74300564849e-05, 0.00959404557943, 0.00705878064036, 0.0037586693652, 0.00449787080288, 0.00553275737911, 0.0048165298067, 0.00125478790142, 0.00445153471082, 0.00367311411537, 0.00404058303684, 0.00217660260387, 0.00316998828202, 0.00089086726075, 0.00236793840304, 0.000224814910325, 0.000415160669945, 0.000155445042765, 0.000480657152366, 0.000335867749527, 0.000422773126047, 5.92668002355e-05, 0.000111598572403, 0.00011843223183, 8.60579457367e-05, 7.7071825217e-05, 5.92969335855e-08]
    },
    "erbbands": {
        "max": [1.2303186655, 24.7812004089, 76.9934692383, 139.730606079, 99.3664245605, 234.33946228, 282.795257568, 650.077636719, 762.460510254, 1622.30908203, 210.229309082, 1625.35900879, 1565.93054199, 3111.65966797, 710.65057373, 1155.19750977, 1882.04052734, 1134.27783203, 823.08996582, 1444.65686035, 273.671844482, 228.274200439, 131.802276611, 475.723327637, 214.888336182, 92.7407226562, 320.305236816, 178.872894287, 38.1356391907, 54.3130912781, 81.4655914307, 34.8841285706, 37.4334983826, 26.9972076416, 9.58484745026, 4.12813711166, 3.36556124687, 0.316132068634, 0.00534249655902, 0.000282761931885],
        "mean": [0.126896157861, 1.6780269146, 5.08567762375, 7.99789857864, 11.4859170914, 16.7215423584, 16.8287391663, 37.5265731812, 26.6211643219, 26.2747001648, 8.25022888184, 34.0057029724, 29.7574939728, 53.4904251099, 32.6266822815, 17.3465042114, 31.4283370972, 19.1562366486, 16.018032074, 24.01994133, 5.04434633255, 3.76014518738, 2.91839957237, 5.30509996414, 4.00453662872, 3.8370256424, 4.78911209106, 1.86794567108, 0.520275294781, 0.611561536789, 0.702628791332, 0.614119410515, 0.505211353302, 0.296823382378, 0.203950852156, 0.103553265333, 0.0511486977339, 0.00339422142133, 8.2555328845e-05, 3.84831655538e-05],
        "min": [0.00159480562434, 0.0118525084108, 0.0393261238933, 0.0744627863169, 0.0574941076338, 0.0880633741617, 0.249218538404, 0.200754493475, 0.0665014833212, 0.0599717237055, 0.0603899694979, 0.0466279685497, 0.0503001101315, 0.0163590535522, 0.0101809967309, 0.00933755468577, 0.010296694003, 0.00851393025368, 0.0086639309302, 0.00666017318144, 0.00458885123953, 0.00389430089854, 0.002906603273, 0.00343402451836, 0.00689774984494, 0.00500702578574, 0.00444588204846, 0.00248615141027, 0.00195996253751, 0.00201496691443, 0.00125780212693, 0.00115480727982, 0.00117951794527, 0.000850258511491, 0.000492066552397, 6.3565763412e-05, 1.78792379302e-05, 1.64243010659e-06, 2.87100692731e-06, 2.15252021007e-06],
        "stdev": [0.158941581845, 2.60109186172, 7.7501950264, 9.66660499573, 10.961227417, 20.7610797882, 23.546869278, 66.0364761353, 56.9039344788, 73.6712341309, 14.4347867966, 95.2025985718, 84.955871582, 199.494430542, 71.4995880127, 80.2392196655, 117.660232544, 68.0685043335, 51.9133415222, 104.731498718, 18.1574954987, 14.0084857941, 10.3083763123, 23.2934150696, 12.4465379715, 10.6507644653, 19.3877353668, 8.99876594543, 1.77695524693, 2.79938936234, 3.38268566132, 2.32968831062, 2.21269059181, 1.121057868, 0.578892350197, 0.248031690717, 0.18384103477, 0.0169358551502, 0.000287096801912, 3.12414194923e-05]
    },
    "gfcc": {
        "mean": [-53.9062156677, 138.905517578, -72.4370117188, 23.3724689484, -54.0249023438, 15.7336292267, -37.613319397, 7.23712015152, -30.7459068298, 2.92211294174, -12.1531114578, -5.06568002701, -3.07510614395],
        "cov": [[4519.34570312, -1119.47692871, -1487.03271484, -121.313941956, -147.201156616, 155.620101929, -99.7461700439, 194.649993896, -313.310882568, 368.858428955, -52.4903907776, -1.48200297356, -28.447101593], [-1119.47692871, 996.266235352, -30.4170093536, -161.710876465, 140.004623413, -122.434265137, 188.052841187, -137.235183716, 116.722244263, -116.701347351, 172.682617188, -136.11088562, 141.505126953], [-1487.03271484, -30.4170093536, 1334.56604004, 8.05955123901, -80.418510437, 18.1727409363, -101.682487488, 35.4836578369, 86.7754821777, -112.551986694, -163.200500488, 174.445373535, -202.817382812], [-121.313941956, -161.710876465, 8.05955123901, 355.908416748, 12.2722654343, -53.1848831177, -56.9604301453, -8.38436031342, 55.4242134094, -43.3770980835, -6.74019050598, 0.843257367611, 22.8128242493], [-147.201156616, 140.004623413, -80.418510437, 12.2722654343, 273.267822266, -82.2080841064, 61.4275894165, -30.177772522, -10.8235988617, 24.5281276703, -32.6566810608, -23.5031452179, -11.8929901123], [155.620101929, -122.434265137, 18.1727409363, -53.1848831177, -82.2080841064, 258.29510498, 8.30033588409, 3.52681112289, -34.6501159668, -3.48005509377, 17.980928421, -24.0906715393, 5.71052789688], [-99.7461700439, 188.052841187, -101.682487488, -56.9604301453, 61.4275894165, 8.30033588409, 173.790740967, -21.4458141327, -22.3434448242, 0.938023924828, 33.1753463745, -42.4966850281, 24.8412971497], [194.649993896, -137.235183716, 35.4836578369, -8.38436031342, -30.177772522, 3.52681112289, -21.4458141327, 129.779891968, 4.40975093842, 0.677219450474, -28.7580013275, 32.3775444031, -21.1774787903], [-313.310882568, 116.722244263, 86.7754821777, 55.4242134094, -10.8235988617, -34.6501159668, -22.3434448242, 4.40975093842, 135.650375366, -35.7446746826, 10.9057302475, 5.27357578278, 4.76288747787], [368.858428955, -116.701347351, -112.551986694, -43.3770980835, 24.5281276703, -3.48005509377, 0.938023924828, 0.677219450474, -35.7446746826, 136.839996338, -6.41714763641, 2.6343460083, -23.2989692688], [-52.4903907776, 172.682617188, -163.200500488, -6.74019050598, -32.6566810608, 17.980928421, 33.1753463745, -28.7580013275, 10.9057302475, -6.41714763641, 167.934066772, -50.1729125977, 93.7592773438], [-1.48200297356, -136.11088562, 174.445373535, 0.843257367611, -23.5031452179, -24.0906715393, -42.4966850281, 32.3775444031, 5.27357578278, 2.6343460083, -50.1729125977, 125.86769104, -52.8779067993], [-28.447101593, 141.505126953, -202.817382812, 22.8128242493, -11.8929901123, 5.71052789688, 24.8412971497, -21.1774787903, 4.76288747787, -23.2989692688, 93.7592773438, -52.8779067993, 153.820724487]],
        "icov": [[0.000928055203985, 0.000443422759417, 0.00121366593521, 0.000238186461502, 0.000519036548212, -0.000211977632716, 0.000408602616517, -0.000779399473686, 0.000715400325134, -0.000814059923869, 0.000340485043125, -0.000372156559024, 0.000722422613762], [0.000443422759417, 0.00647536385804, -0.000518561981153, 0.00451568095013, -0.00207513943315, 0.00320074288175, -0.00330869690515, 0.00358591857366, -0.00482579460368, 0.00389009364881, -0.0034359106794, 0.00362416100688, -0.00240078172646], [0.00121366593521, -0.000518561981153, 0.0030807768926, -0.000331840594299, 0.00125672586728, -0.0011082815472, 0.00131763634272, -0.00138984911609, 0.00120056548622, -0.000647766224574, 0.00143459439278, -0.00230013905093, 0.00274654850364], [0.000238186461502, 0.00451568095013, -0.000331840594299, 0.00654235482216, -0.00181244476698, 0.00268617994152, -0.00114761549048, 0.00288350926712, -0.00442236755043, 0.00369914039038, -0.00202224357054, 0.00267281709239, -0.00232675811276], [0.000519036548212, -0.00207513943315, 0.00125672586728, -0.00181244476698, 0.0062045850791, 0.000211799066165, -0.000319875427522, -0.000974547700025, 0.00245156791061, -0.00272136973217, 0.00309952674434, -0.000724387180526, 0.00169375678524], [-0.000211977632716, 0.00320074288175, -0.0011082815472, 0.00268617994152, 0.000211799066165, 0.00658202683553, -0.00222450797446, 0.00213553756475, -0.00161909812596, 0.00253147957847, -0.00209462130442, 0.00352745619603, -0.00149515387602], [0.000408602616517, -0.00330869690515, 0.00131763634272, -0.00114761549048, -0.000319875427522, -0.00222450797446, 0.00972403585911, -0.00231898692437, 0.00390475057065, -0.00185418385081, 0.000965633953456, -0.000948031549342, 0.00187885214109], [-0.000779399473686, 0.00358591857366, -0.00138984911609, 0.00288350926712, -0.000974547700025, 0.00213553756475, -0.00231898692437, 0.011854079552, -0.00440713949502, 0.00352812954225, -0.00121722312178, 0.000901383173186, -0.00212859199382], [0.000715400325134, -0.00482579460368, 0.00120056548622, -0.00442236755043, 0.00245156791061, -0.00161909812596, 0.00390475057065, -0.00440713949502, 0.0139420544729, -0.00266785849817, 0.00182748143561, -0.00282516516745, 0.00290197739378], [-0.000814059923869, 0.00389009364881, -0.000647766224574, 0.00369914039038, -0.00272136973217, 0.00253147957847, -0.00185418385081, 0.00352812954225, -0.00266785849817, 0.0131453145295, -0.00337714329362, 0.0020866675768, 0.000198413414182], [0.000340485043125, -0.0034359106794, 0.00143459439278, -0.00202224357054, 0.00309952674434, -0.00209462130442, 0.000965633953456, -0.00121722312178, 0.00182748143561, -0.00337714329362, 0.0125094391406, -0.00123681640252, -0.00320910545997], [-0.000372156559024, 0.00362416100688, -0.00230013905093, 0.00267281709239, -0.000724387180526, 0.00352745619603, -0.000948031549342, 0.000901383173186, -0.00282516516745, 0.0020866675768, -0.00123681640252, 0.0143213523552, -0.000661204510834], [0.000722422613762, -0.00240078172646, 0.00274654850364, -0.00232675811276, 0.00169375678524, -0.00149515387602, 0.00187885214109, -0.00212859199382, 0.00290197739378, 0.000198413414182, -0.00320910545997, -0.000661204510834, 0.0140686724335]]
    },
    "melbands": {
        "max": [0.0188496895134, 0.0300656631589, 0.0205424800515, 0.0086706308648, 0.0127166956663, 0.0128725571558, 0.0125239202753, 0.0155234662816, 0.00102618685924, 0.0127483373508, 0.00792444590479, 0.0117914518341, 0.00377794564702, 0.00247771432623, 0.00383038120344, 0.00699222180992, 0.00202059675939, 0.000808390032034, 0.00322006037459, 0.000389162363717, 0.000443464930868, 0.000375143485144, 8.24250091682e-05, 0.00019911491836, 0.000443522090791, 0.000386904837796, 0.000137812952744, 7.92302962509e-05, 0.000127474515466, 0.000423584424425, 2.6753590646e-05, 2.1988131266e-05, 2.56009479926e-05, 4.00271310355e-05, 5.69995027035e-05, 2.76503651548e-05, 2.38423654082e-05, 3.35888871632e-05, 2.11998158193e-05, 2.47331863648e-05],
        "mean": [0.00149414385669, 0.00254503916949, 0.0015881631989, 0.00093563075643, 0.000698236224707, 0.000749680504669, 0.000420596450567, 0.000254955724813, 5.15231695317e-05, 0.000244068272877, 0.000144525940414, 0.000209372403333, 0.000135127222165, 5.53941354156e-05, 4.1610597691e-05, 9.21326573007e-05, 2.65095222858e-05, 1.70365728991e-05, 5.42591587873e-05, 9.1726114988e-06, 5.8428331613e-06, 5.01646354678e-06, 1.78051527655e-06, 2.40348140323e-06, 4.73252748634e-06, 3.3882038224e-06, 3.48604316969e-06, 2.34092954088e-06, 2.91356946036e-06, 3.20605568049e-06, 4.08931697393e-07, 2.68666212833e-07, 2.75126012639e-07, 3.64091334859e-07, 4.18939350766e-07, 3.65997152585e-07, 3.76855723516e-07, 3.7049085222e-07, 2.85935954025e-07, 2.45377066221e-07],
        "min": [1.52019929374e-05, 1.90933387785e-05, 1.35222626341e-05, 5.5417231124e-06, 8.15979274194e-06, 3.39857319887e-06, 6.30148349501e-07, 3.30771399604e-07, 3.26204599332e-07, 2.26934531611e-07, 1.62710890095e-07, 2.91609563163e-08, 2.85189845073e-08, 2.62204515877e-08, 1.23502097438e-08, 1.47610021983e-08, 1.37917126608e-08, 1.04022239711e-08, 8.60226023747e-09, 5.90304916059e-09, 5.77455949724e-09, 4.50782389194e-09, 2.49838216781e-09, 2.80339973457e-09, 2.27972885014e-09, 4.25707247231e-09, 4.14825107597e-09, 2.90000734537e-09, 2.59855736928e-09, 1.7676851094e-09, 9.41946520783e-10, 5.63064483927e-10, 9.53446432916e-10, 9.34975430411e-10, 6.32860930327e-10, 5.70361202712e-10, 7.34426575111e-10, 7.36886440755e-10, 8.01636645953e-10, 6.59216015109e-10],
        "stdev": [0.0020445541013, 0.00355494464748, 0.00165445765015, 0.000899855629541, 0.000880400126334, 0.00129416631535, 0.000900061160792, 0.000691768480465, 9.55670693656e-05, 0.000715009868145, 0.000446005520644, 0.000796212407295, 0.000355871830834, 0.000199907692149, 0.000262402347289, 0.000371238216758, 0.000103324688098, 6.30353169981e-05, 0.000241013884079, 3.31287446897e-05, 2.64376867563e-05, 2.18614550249e-05, 5.20489265909e-06, 9.22488288779e-06, 2.16681783058e-05, 1.64557968674e-05, 1.2036211956e-05, 6.97514087733e-06, 1.02379635791e-05, 1.91776525753e-05, 1.60312617936e-06, 1.00102624856e-06, 1.21711286738e-06, 1.74487604454e-06, 2.16829153032e-06, 1.52414747845e-06, 1.4472817611e-06, 1.73664432168e-06, 1.16751016321e-06, 9.44209375575e-07]
    },
    "melbands128": {
        "max": [0.000881912070327, 0.00721660908312, 0.0276884604245, 0.0487671196461, 0.0407281965017, 0.047823600471, 0.0326189212501, 0.0187214538455, 0.0103461341932, 0.0119756702334, 0.0143074113876, 0.0261998996139, 0.00963555090129, 0.0212748795748, 0.0221620313823, 0.0170459188521, 0.0170333255082, 0.0230793897063, 0.0180197916925, 0.0311760567129, 0.0079050399363, 0.00125704240054, 0.00167526514269, 0.00224777194671, 0.006028088741, 0.0282174497843, 0.0251800548285, 0.00594230368733, 0.0203342959285, 0.0176708530635, 0.026852786541, 0.0094776134938, 0.00495844287798, 0.00322107947432, 0.00661406945437, 0.00446010194719, 0.00593809690326, 0.00837664213032, 0.00868807081133, 0.0042412923649, 0.0151463504881, 0.00374623318203, 0.00374069204554, 0.00307656778023, 0.00201045512222, 0.000782340415753, 0.00195655506104, 0.00816697347909, 0.00557690579444, 0.000592872384004, 0.000136883245432, 0.000624533218797, 0.000848003837746, 0.000715545495041, 0.00135256373324, 0.000257713516476, 7.2093156632e-05, 0.000105542923848, 0.000135040550958, 0.000292120588711, 0.000426140439231, 8.85638437467e-05, 0.000162805226864, 0.000391395558836, 0.00176854152232, 8.20779969217e-05, 7.54688371671e-05, 0.00011612437811, 0.000329923263052, 7.13636327418e-05, 0.000119329371955, 0.000199936432182, 0.000368810578948, 0.000249220378464, 0.000215695923544, 0.00109860638622, 0.000178325732122, 3.39254693245e-05, 3.81663885491e-05, 4.14869682572e-05, 2.18927889364e-05, 1.76565663423e-05, 1.42281878652e-05, 3.27609741362e-05, 3.54398835043e-05, 3.51868147845e-05, 3.38017234753e-05, 0.000104079721496, 4.47692400485e-05, 4.92311664857e-05, 3.98037191189e-05, 2.56189650827e-05, 2.41365814873e-05, 2.89920517389e-05, 2.41578582063e-05, 2.34416675085e-05, 6.03841181146e-05, 2.74806898233e-05, 2.16301814362e-05, 2.98919112538e-05, 1.47036816998e-05, 3.7962989154e-05, 2.26401698455e-05, 2.24178329518e-05, 9.85384849628e-06, 1.07941423266e-05, 5.33498996447e-06, 8.40250777401e-06, 7.496143553e-06, 8.62899287313e-06, 1.15924322017e-05, 1.02015728771e-05, 9.87773546512e-06, 1.90338269022e-05, 1.01262930912e-05, 6.13822805917e-07, 1.97534433255e-08, 2.7351545473e-09, 5.32562349775e-09, 3.23455973117e-09, 3.58608009954e-09, 2.54241006026e-09, 2.50563614301e-09, 2.44806153127e-09, 2.42038677989e-09, 2.39031527904e-09, 2.37391462043e-09, 2.36161978862e-09],
        "mean": [9.41512771533e-05, 0.00074894586578, 0.00199117767625, 0.00308047328144, 0.0027787713334, 0.0021715736948, 0.00144537142478, 0.00192510802299, 0.00103812408634, 0.000659926736262, 0.00102321302984, 0.000999290961772, 0.00045034912182, 0.000462854834041, 0.00117646064609, 0.000648372981232, 0.000303575099679, 0.000448196427897, 0.000483211828396, 0.000279404397588, 0.000177453970537, 5.42577981832e-05, 3.61297898053e-05, 3.07636146317e-05, 0.000154307475896, 0.000468779937364, 0.000165254663443, 0.000112027693831, 8.75457917573e-05, 0.000144096382428, 0.000284097390249, 0.000287066213787, 6.23907981208e-05, 0.000102913909359, 7.77633031248e-05, 2.3634520403e-05, 4.76014247397e-05, 4.32692722825e-05, 3.54431649612e-05, 5.65756090509e-05, 0.000161009986186, 6.03775151831e-05, 9.82900928648e-06, 1.86598736036e-05, 9.26950451685e-06, 1.15699804155e-05, 3.0438437534e-05, 6.40793514322e-05, 7.60036782594e-05, 5.99544046054e-06, 2.78788115793e-06, 4.60104638478e-06, 4.3002332859e-06, 4.88629211759e-06, 1.27528655867e-05, 3.4183246953e-06, 1.22380538414e-06, 1.10162920919e-06, 1.23368204186e-06, 4.52912354376e-06, 2.4443681923e-06, 9.88419742498e-07, 2.12566260416e-06, 5.73269335291e-06, 1.0063839909e-05, 1.37229926622e-06, 1.56844521371e-06, 1.68416056567e-06, 6.60312161926e-06, 1.76686035047e-06, 1.17951503853e-06, 2.51079154623e-06, 5.02643888467e-06, 1.59769319907e-06, 1.96909786609e-06, 6.41897895548e-06, 1.59343937867e-06, 3.5861660308e-07, 4.19967619791e-07, 3.14099622756e-07, 2.56362710616e-07, 2.69006221743e-07, 2.36303634438e-07, 2.58237975004e-07, 3.29122030962e-07, 3.25906398757e-07, 3.86752390114e-07, 4.207911104e-07, 4.32099511727e-07, 4.23694729079e-07, 3.44035839817e-07, 3.57769096127e-07, 3.72381691705e-07, 4.04155741762e-07, 3.49750678197e-07, 3.73643160856e-07, 3.94144024085e-07, 3.4197969967e-07, 2.97260839943e-07, 2.8124338769e-07, 1.57942665169e-07, 2.42189571509e-07, 3.31471056825e-07, 3.01988109186e-07, 2.24620350764e-07, 1.99377737431e-07, 1.48070938621e-07, 1.59861102134e-07, 1.73325233277e-07, 1.90568854919e-07, 2.01056096216e-07, 2.21693326807e-07, 1.53814269765e-07, 1.68797313904e-07, 7.54916058554e-08, 5.96148375109e-09, 1.12317910528e-09, 1.03558391029e-10, 2.28237234667e-10, 1.21906554296e-10, 3.99720118116e-11, 1.26396471414e-11, 6.18003044572e-12, 5.91408389275e-12, 5.78818330071e-12, 5.63270437237e-12, 5.54090627547e-12, 5.50419432255e-12],
        "min": [5.94275313404e-08, 1.97584017769e-06, 1.53053570102e-05, 2.00866979867e-05, 2.00184495043e-05, 1.81395989785e-05, 2.27406803788e-06, 5.87470822211e-06, 5.98689837261e-07, 2.80351991933e-06, 1.81572670499e-06, 2.56100361185e-06, 6.07763581684e-07, 1.59488536156e-06, 3.08318749376e-06, 1.3990198795e-06, 9.73806990601e-08, 2.82941599039e-08, 4.83432920362e-08, 1.89052613564e-07, 1.24746094343e-07, 4.97509162756e-08, 1.41673677234e-08, 1.17426930402e-08, 6.39006856318e-08, 1.69733581856e-07, 8.42397582801e-08, 2.14440625257e-08, 2.3167233465e-08, 1.96690166376e-08, 1.61340061311e-08, 7.36595939799e-09, 1.1625155949e-08, 7.33686222887e-09, 1.58125263994e-08, 4.6733177328e-09, 4.7658010871e-09, 3.26417115559e-09, 1.54033674704e-09, 4.43882441914e-09, 9.27817289664e-09, 8.90508555784e-09, 4.0209968688e-09, 6.26053653363e-09, 4.30729096834e-09, 5.02525709933e-09, 7.42387218367e-09, 4.4815715583e-09, 2.38670971875e-09, 3.0272429008e-09, 1.92112614705e-09, 1.32585797896e-09, 1.73331193842e-09, 1.65738678337e-09, 2.09695949493e-09, 5.215699872e-09, 1.19451992742e-09, 1.33060507057e-09, 1.0794377614e-09, 7.91480381235e-10, 1.36958377972e-09, 1.41875966531e-09, 1.73731917741e-09, 1.36524169747e-09, 2.08783745848e-09, 1.85863302526e-09, 1.42606992881e-09, 2.53131537953e-09, 1.70962133339e-09, 1.92748972339e-09, 1.2367917801e-09, 1.96031257893e-09, 1.8792800649e-09, 1.21310961276e-09, 1.39823452816e-09, 1.71139824534e-09, 6.47031483947e-10, 4.08920036721e-10, 9.07091957103e-10, 1.19062565362e-10, 2.63688133828e-11, 3.20448390045e-11, 8.79506398266e-11, 4.93886653796e-10, 7.97221622051e-10, 5.75574421458e-10, 4.90480489557e-10, 5.13410258751e-10, 4.57903298612e-10, 4.21106011173e-10, 4.24666107834e-10, 3.58647639365e-10, 5.97489779874e-10, 6.15069051246e-10, 4.55320253723e-10, 5.44810419001e-10, 4.80249839896e-10, 5.91797555405e-10, 6.03310235103e-10, 1.2452865128e-10, 4.94170954157e-11, 4.4206593941e-10, 3.40932559961e-10, 4.65077504286e-10, 4.18310663886e-10, 4.33472063799e-10, 2.6838106737e-10, 6.77677748986e-12, 5.76623872348e-13, 5.01544172946e-13, 1.8535478328e-13, 1.96768328627e-13, 1.36214905458e-13, 1.37248597361e-13, 1.34861604306e-13, 1.74616790753e-13, 1.64094324066e-13, 1.36742789943e-13, 1.39481918311e-13, 1.27382818378e-13, 1.05778111422e-13, 1.00440557022e-13, 1.08392048321e-13, 1.00903958583e-13, 8.20206194087e-14, 3.16439955565e-14, 3.5529423777e-15, 1.99386976512e-16],
        "stdev": [9.35326825129e-05, 0.000959886878263, 0.00306134019047, 0.00517400400713, 0.00457900064066, 0.00326449959539, 0.00211975560524, 0.00205860752612, 0.00112871045712, 0.000904610904399, 0.00146205443889, 0.00152096175589, 0.000903866894078, 0.00101372878999, 0.00225993432105, 0.00128499465063, 0.000970437482465, 0.00138531578705, 0.00133729109075, 0.00117806496564, 0.000456539011793, 0.000108157721115, 0.000115224538604, 0.00012088065705, 0.000468823156552, 0.00146576797124, 0.000894701282959, 0.000472106708912, 0.000635802163742, 0.000805238960311, 0.00144119001925, 0.0010653778445, 0.000247051939368, 0.000300827377941, 0.000395152019337, 0.000188844351214, 0.000347922177752, 0.000440537871327, 0.000344605592545, 0.000298606231809, 0.000785314128734, 0.000258687592577, 0.000107586085505, 0.000156211244757, 8.47100309329e-05, 5.02635812154e-05, 0.000139215495437, 0.000370558118448, 0.000396322226152, 3.0212706406e-05, 9.40395602811e-06, 3.06860165438e-05, 3.4543187212e-05, 3.19374412356e-05, 7.67068268033e-05, 1.27485009216e-05, 3.86372266803e-06, 4.02179603043e-06, 5.42511133972e-06, 2.10200287256e-05, 1.40465645018e-05, 4.81832194055e-06, 9.67154755926e-06, 2.8609056244e-05, 7.14555717423e-05, 5.13677923664e-06, 5.76612865189e-06, 6.1714331423e-06, 2.83016379399e-05, 5.87332851865e-06, 5.52967912881e-06, 1.10254923129e-05, 2.21936843445e-05, 8.5376395873e-06, 1.17041754493e-05, 4.74281514471e-05, 8.59025749378e-06, 1.58553143592e-06, 2.07798962037e-06, 1.55722807449e-06, 1.08068604732e-06, 9.94082711259e-07, 8.26540997423e-07, 1.35842481086e-06, 1.68890403529e-06, 1.5621806142e-06, 1.71681779193e-06, 3.13482178171e-06, 2.06013078241e-06, 2.14570923163e-06, 1.64725850027e-06, 1.41726729908e-06, 1.51080701016e-06, 1.68169822246e-06, 1.49964114371e-06, 1.65036522048e-06, 2.3615768896e-06, 1.46821241742e-06, 1.20515460367e-06, 1.29631996515e-06, 6.37700281914e-07, 1.19983724289e-06, 1.09780114599e-06, 1.01960608845e-06, 6.56121983411e-07, 6.19935121904e-07, 3.64662042784e-07, 4.34161336216e-07, 4.44526222054e-07, 4.98165604768e-07, 5.51614220967e-07, 6.88853504016e-07, 5.49871231215e-07, 9.43966483646e-07, 5.06984008553e-07, 2.61407784308e-08, 1.93710114615e-09, 2.48397857838e-10, 5.64574664796e-10, 3.13636644433e-10, 1.94915986129e-10, 8.43468628275e-11, 7.08427483342e-11, 6.9224848076e-11, 6.84146281293e-11, 6.75774783354e-11, 6.71059111057e-11, 6.67543104127e-11]
    },
    "mfcc": {
        "mean": [-716.987548828, 173.321014404, 36.389629364, 23.2450485229, 10.6839962006, 4.74310970306, 9.09063243866, -2.81656980515, -1.78993904591, 2.74814200401, -7.56961393356, -2.55361938477, -2.34360408783],
        "cov": [[5266.47363281, -1243.53137207, -1365.55200195, -289.497558594, -256.170074463, -217.410720825, 181.770004272, -315.151977539, -57.1079406738, 208.186004639, -234.424240112, 98.7081832886, 94.9689865112], [-1243.53137207, 1057.4666748, -27.5360107422, -40.0877189636, -52.1997833252, 37.799747467, 57.1542739868, -1.19345331192, 7.40231561661, -7.42639780045, 54.5807800293, -12.685210228, -1.5064240694], [-1365.55200195, -27.5360107422, 1037.09423828, -89.056892395, 80.2620544434, 70.9726104736, -160.751831055, 199.333084106, -12.4825220108, -114.632255554, 137.543899536, -38.67811203, -55.3022537231], [-289.497558594, -40.0877189636, -89.056892395, 417.17199707, 84.5679321289, -40.4266700745, -66.1159667969, -1.89521574974, 35.7388076782, -32.2495079041, -13.6964511871, 24.3727455139, -4.19878292084], [-256.170074463, -52.1997833252, 80.2620544434, 84.5679321289, 175.055221558, -6.86593532562, -48.9196662903, 25.275018692, 17.3345394135, -10.9873113632, -10.2110996246, 4.85198831558, -2.4318010807], [-217.410720825, 37.799747467, 70.9726104736, -40.4266700745, -6.86593532562, 176.12840271, 20.7390117645, 8.97155380249, -6.16108322144, 1.09258759022, 29.4059066772, -21.9910831451, -3.05128908157], [181.770004272, 57.1542739868, -160.751831055, -66.1159667969, -48.9196662903, 20.7390117645, 211.82975769, -53.5189857483, -11.9699077606, 53.7175178528, -44.7761688232, -8.36438274384, 10.7168512344], [-315.151977539, -1.19345331192, 199.333084106, -1.89521574974, 25.275018692, 8.97155380249, -53.5189857483, 167.887969971, 27.1876983643, -51.6189575195, 57.0031204224, -17.5332736969, -19.5734806061], [-57.1079406738, 7.40231561661, -12.4825220108, 35.7388076782, 17.3345394135, -6.16108322144, -11.9699077606, 27.1876983643, 89.6595458984, 4.46388864517, 2.40630745888, -1.97257101536, -9.66878795624], [208.186004639, -7.42639780045, -114.632255554, -32.2495079041, -10.9873113632, 1.09258759022, 53.7175178528, -51.6189575195, 4.46388864517, 100.367530823, -24.4839878082, 2.7837729454, 12.6497898102], [-234.424240112, 54.5807800293, 137.543899536, -13.6964511871, -10.2110996246, 29.4059066772, -44.7761688232, 57.0031204224, 2.40630745888, -24.4839878082, 116.503791809, -4.13061475754, -15.3630619049], [98.7081832886, -12.685210228, -38.67811203, 24.3727455139, 4.85198831558, -21.9910831451, -8.36438274384, -17.5332736969, -1.97257101536, 2.7837729454, -4.13061475754, 78.4802093506, 24.5839862823], [94.9689865112, -1.5064240694, -55.3022537231, -4.19878292084, -2.4318010807, -3.05128908157, 10.7168512344, -19.5734806061, -9.66878795624, 12.6497898102, -15.3630619049, 24.5839862823, 70.472038269]],
        "icov": [[0.000839781889226, 0.0010485984385, 0.00112348119728, 0.000883422384504, 0.000654816976748, 0.000517444685102, 0.000258781044977, 0.0001494117314, 0.000155070665642, -0.000120040873298, -0.000108833162813, -0.000455170549685, 5.0018687034e-05], [0.0010485984385, 0.00232631363906, 0.00145736965351, 0.00113307824358, 0.000949401408434, 0.000568964343984, -3.94882226828e-05, 0.000355488271452, -3.07139380311e-05, 0.000149859755766, -0.00080601987429, -0.000434905145084, -4.51848245575e-05], [0.00112348119728, 0.00145736965351, 0.00315270503052, 0.00172054790892, 0.000137863360578, 0.000282615656033, 0.00097783235833, -0.000902114494238, 0.000802171649411, 0.000605916953646, -0.0010034176521, -0.000441871961812, 0.000648128683679], [0.000883422384504, 0.00113307824358, 0.00172054790892, 0.00408475054428, -0.00073134037666, 0.000791016267613, 0.000962926365901, 0.000528575910721, -0.000782931456342, 0.001161254826, -0.000174130153027, -0.00107438012492, 0.000457624671981], [0.000654816976748, 0.000949401408434, 0.000137863360578, -0.00073134037666, 0.00781148858368, 0.000167026941199, 0.00128153013065, -0.000653274066281, -0.000509339559358, -0.0010273224907, 0.00182962790132, -0.000651650654618, -0.000156364112627], [0.000517444685102, 0.000568964343984, 0.000282615656033, 0.000791016267613, 0.000167026941199, 0.00682380748913, -0.00087272078963, 0.000618829042651, 0.000156435999088, -0.000146818827488, -0.00188362586778, 0.00139894220047, -0.00066126260208], [0.000258781044977, -3.94882226828e-05, 0.00097783235833, 0.000962926365901, 0.00128153013065, -0.00087272078963, 0.00698445085436, -2.66713723249e-05, 0.000643465202302, -0.00227590603754, 0.0020799243357, 0.000402554403991, 0.000221829817747], [0.0001494117314, 0.000355488271452, -0.000902114494238, 0.000528575910721, -0.000653274066281, 0.000618829042651, -2.66713723249e-05, 0.010116330348, -0.00325662479736, 0.00337441009469, -0.00312282168306, 0.00145801447798, -0.000294009339996], [0.000155070665642, -3.07139380311e-05, 0.000802171649411, -0.000782931456342, -0.000509339559358, 0.000156435999088, 0.000643465202302, -0.00325662479736, 0.0131565686315, -0.00242077000439, 0.000491313578095, -0.000266532850219, 0.00179974234197], [-0.000120040873298, 0.000149859755766, 0.000605916953646, 0.001161254826, -0.0010273224907, -0.000146818827488, -0.00227590603754, 0.00337441009469, -0.00242077000439, 0.014240433462, -0.000571114942431, 0.000430434709415, -0.00121178093832], [-0.000108833162813, -0.00080601987429, -0.0010034176521, -0.000174130153027, 0.00182962790132, -0.00188362586778, 0.0020799243357, -0.00312282168306, 0.000491313578095, -0.000571114942431, 0.0128997880965, -0.00133311853278, 0.00157672096975], [-0.000455170549685, -0.000434905145084, -0.000441871961812, -0.00107438012492, -0.000651650654618, 0.00139894220047, 0.000402554403991, 0.00145801447798, -0.000266532850219, 0.000430434709415, -0.00133311853278, 0.0157349277288, -0.00531838554889], [5.0018687034e-05, -4.51848245575e-05, 0.000648128683679, 0.000457624671981, -0.000156364112627, -0.00066126260208, 0.000221829817747, -0.000294009339996, 0.00179974234197, -0.00121178093832, 0.00157672096975, -0.00531838554889, 0.0171715840697]]
    },
    "spectral_contrast_coeffs": {
        "max": [-0.499154686928, -0.406230300665, -0.441747248173, -0.497720956802, -0.560962378979, -0.613189637661],
        "mean": [-0.715128839016, -0.690484642982, -0.705940783024, -0.780967056751, -0.810866653919, -0.819224298],
        "min": [-0.948541879654, -0.909521341324, -0.901329636574, -0.907535552979, -0.919843971729, -0.897500753403],
        "stdev": [0.0515098497272, 0.0831232666969, 0.0885713174939, 0.081697575748, 0.0597644634545, 0.0399706363678]
    },
    "spectral_contrast_valleys": {
        "max": [-4.58163022995, -5.38415384293, -5.98284769058, -6.55109262466, -6.28967857361, -7.97718811035],
        "mean": [-6.105281353, -7.11528873444, -8.20143890381, -8.7412481308, -8.84689331055, -11.0341730118],
        "min": [-8.02779197693, -9.47195529938, -10.4073390961, -10.9086666107, -10.7657670975, -12.9822311401],
        "stdev": [0.417818367481, 0.709410071373, 0.770117104053, 0.747119426727, 0.806684136391, 0.887991428375]
    }
},
"rhythm": {
    "beats_count": 67,
    "beats_loudness": {
        "max": 0.137604340911,
        "mean": 0.0506125800312,
        "min": 0.00769321341068,
        "stdev": 0.0268907137215
    },
    "bpm": 125.827598572,
    "bpm_histogram_first_peak_bpm": 126,
    "bpm_histogram_first_peak_weight": 0.265625059605,
    "bpm_histogram_second_peak_bpm": 117,
    "bpm_histogram_second_peak_spread": 0.5,
    "bpm_histogram_second_peak_weight": 0.0151515156031,
    "danceability": 1.20620059967,
    "onset_rate": 4.18359327316,
    "beats_loudness_band_ratio": {
        "max": [0.960939347744, 0.641348540783, 0.547596514225, 0.568906784058, 0.334566533566, 0.0539845786989],
        "mean": [0.614932715893, 0.210936397314, 0.113729186356, 0.0631538182497, 0.0146199148148, 0.00569885177538],
        "min": [0.102089747787, 0.0264006182551, 0.0016938042827, 0.000458846130641, 0.000119098636787, 0.000218187109567],
        "stdev": [0.239025741816, 0.155503004789, 0.114626064897, 0.111825242639, 0.0441306866705, 0.0106451315805]
    },
    "beats_position": [0.49922901392, 1.01006805897, 1.50929701328, 1.99691605568, 2.47292518616, 2.96054410934, 3.43655323982, 3.92417216301, 4.41179132462, 4.87619018555, 5.35219955444, 5.8282084465, 6.30421733856, 6.78022670746, 7.24462556839, 7.72063493729, 8.19664382935, 8.67265319824, 9.14866161346, 9.62467098236, 10.1122903824, 10.5882987976, 11.0643081665, 11.5403175354, 12.0279359818, 12.5039453506, 12.9799547195, 13.4559631348, 13.9319725037, 14.4079818726, 14.8839902878, 15.3599996567, 15.8360090256, 16.3236274719, 16.7996368408, 17.2756462097, 17.7516555786, 18.2276649475, 18.7036724091, 19.179681778, 19.6556911469, 20.1317005157, 20.5960998535, 21.0604991913, 21.548116684, 22.0241260529, 22.5117454529, 22.9877548218, 23.4753742218, 23.9397735596, 24.4157810211, 24.89179039, 25.3677997589, 25.8438091278, 26.3198184967, 26.7958278656, 27.2718353271, 27.747844696, 28.2238540649, 28.6998634338, 29.1874828339, 29.6634922028, 30.1394996643, 30.6155090332, 31.079908371, 31.5559177399, 32.0319252014],
