{
"metadata": {
    "version": {
        "essentia": "2.1-beta5",
        "essentia_git_sha": "Undefined",
        "extractor": "music 2.0"
    },
    "audio_properties": {
        "analysis": {
            "equal_loudness": 0,
            "length": 20.4799995422,
            "sample_rate": 44100,
            "start_time": 227.485900879,
            "downmix": "mix"
        },
        "bit_rate": 192000,
        "length": 247.989120483,
        "lossless": 0,
        "number_channels": 2,
        "replay_gain": -8.9992980957,
        "sample_rate": 48000,
        "codec": "mp3",
        "md5_encoded": "5221aba4b494aad34e11109638e10e4b"
    },
    "tags": {
        "file_name": "Turkey_Gözlerinin Hapsindeyim_Kayahan.mp3",
        "encoding": ["Lavf58.29.100"]
    }
},
"lowlevel": {
    "average_loudness": 0.91277217865,
    "barkbands_crest": {
        "max": 26.9075050354,
        "mean": 8.5145072937,
        "min": 2.93919420242,
        "stdev": 4.40199422836
    },
    "barkbands_flatness_db": {
        "max": 0.728941857815,
        "mean": 0.191044718027,
        "min": 0.062624104321,
        "stdev": 0.0621434301138
    },
    "barkbands_kurtosis": {
        "max": 28338.1679688,
        "mean": 85.2773513794,
        "min": -1.79312801361,
        "stdev": 1306.30969238
    },
    "barkbands_skewness": {
        "max": 148.572921753,
        "mean": 1.988052845,
        "min": -2.52972054482,
        "stdev": 8.02194213867
    },
    "barkbands_spread": {
        "max": 88.218711853,
        "mean": 14.7665462494,
        "min": 0.0136792846024,
        "stdev": 10.4442672729
    },
    "dissonance": {
        "max": 0.499999940395,
        "mean": 0.465793758631,
        "min": 0.324180781841,
        "stdev": 0.0290505439043
    },
    "dynamic_complexity": 6.16994714737,
    "erbbands_crest": {
        "max": 28.2259216309,
        "mean": 8.35168266296,
        "min": 2.60536694527,
        "stdev": 3.64342427254
    },
    "erbbands_flatness_db": {
        "max": 0.346982359886,
        "mean": 0.220756292343,
        "min": 0.0705228075385,
        "stdev": 0.0409451425076
    },
    "erbbands_kurtosis": {
        "max": 8.12119483948,
        "mean": 0.283962547779,
        "min": -1.6238296032,
        "stdev": 1.20363295078
    },
    "erbbands_skewness": {
        "max": 2.62887859344,
        "mean": 0.361938267946,
        "min": -1.81701207161,
        "stdev": 0.581152617931
    },
    "erbbands_spread": {
        "max": 188.850540161,
        "mean": 31.0016784668,
        "min": 5.92074155807,
        "stdev": 17.1175823212
    },
    "hfc": {
        "max": 151.092483521,
        "mean": 13.1695041656,
        "min": 1.11381550311e-16,
        "stdev": 15.7454786301
    },
    "loudness_ebu128": {
        "integrated": -15.3092556,
        "loudness_range": 8.51354789734,
        "momentary": {
            "max": -11.9123468399,
            "mean": -19.3487911224,
            "min": -93.2667617798,
            "stdev": 11.2896308899
        },
        "short_term": {
            "max": -13.6205720901,
            "mean": -16.9102134705,
            "min": -27.0174064636,
            "stdev": 3.50467824936
        }
    },
    "melbands_crest": {
        "max": 39.9967880249,
        "mean": 11.4243879318,
        "min": 2.20214271545,
        "stdev": 6.62191152573
    },
    "melbands_flatness_db": {
        "max": 0.723009824753,
        "mean": 0.206077516079,
        "min": 0.00555117195472,
        "stdev": 0.0840862542391
    },
    "melbands_kurtosis": {
        "max": 77542.078125,
        "mean": 172.172576904,
        "min": -1.41594421864,
        "stdev": 2881.01953125
    },
    "melbands_skewness": {
        "max": 266.954223633,
        "mean": 2.99845266342,
        "min": -1.65193331242,
        "stdev": 12.0339994431
    },
    "melbands_spread": {
        "max": 169.330993652,
        "mean": 20.3024101257,
        "min": 0.0119521031156,
        "stdev": 16.2397174835
    },
    "pitch_salience": {
        "max": 0.871612548828,
        "mean": 0.631930232048,
        "min": 0.00129188410938,
        "stdev": 0.162166103721
    },
    "silence_rate_20dB": {
        "max": 1,
        "mean": 1,
        "min": 1,
        "stdev": 0
    },
    "silence_rate_30dB": {
        "max": 1,
        "mean": 0.995469987392,
        "min": 0,
        "stdev": 0.0671526566148
    },
    "silence_rate_60dB": {
        "max": 1,
        "mean": 0.165345415473,
        "min": 0,
        "stdev": 0.371490865946
    },
    "spectral_centroid": {
        "max": 11708.1220703,
        "mean": 1374.85852051,
        "min": 271.535095215,
        "stdev": 992.499084473
    },
    "spectral_complexity": {
        "max": 46,
        "mean": 16.2627410889,
        "min": 0,
        "stdev": 8.73240470886
    },
    "spectral_decrease": {
        "max": 1.20096441322e-28,
        "mean": -5.51376100333e-09,
        "min": -4.9290420634e-08,
        "stdev": 6.01604321915e-09
    },
    "spectral_energy": {
        "max": 0.198378950357,
        "mean": 0.0220047309995,
        "min": 1.03091810548e-20,
        "stdev": 0.0236230827868
    },
    "spectral_energyband_high": {
        "max": 0.0137404380366,
        "mean": 0.00032881408697,
        "min": 7.47640088073e-21,
        "stdev": 0.00114741513971
    },
    "spectral_energyband_low": {
        "max": 0.0961650311947,
        "mean": 0.00589783210307,
        "min": 3.58982546072e-23,
        "stdev": 0.00960291363299
    },
    "spectral_energyband_middle_high": {
        "max": 0.0445318855345,
        "mean": 0.00352902919985,
        "min": 1.49116117616e-21,
        "stdev": 0.00414018053561
    },
    "spectral_energyband_middle_low": {
        "max": 0.181341290474,
        "mean": 0.013744097203,
        "min": 2.45404454464e-22,
        "stdev": 0.0182908698916
    },
    "spectral_entropy": {
        "max": 9.79457378387,
        "mean": 7.44237470627,
        "min": 6.26385307312,
        "stdev": 0.485570549965
    },
    "spectral_flux": {
        "max": 0.349293798208,
        "mean": 0.0742409974337,
        "min": 6.72831998449e-11,
        "stdev": 0.0529798790812
    },
    "spectral_kurtosis": {
        "max": 24.2304401398,
        "mean": 4.44987630844,
        "min": -1.24396681786,
        "stdev": 3.65261936188
    },
    "spectral_rms": {
        "max": 0.0139118814841,
        "mean": 0.00395687110722,
        "min": 3.17139370321e-12,
        "stdev": 0.00241064326838
    },
    "spectral_rolloff": {
        "max": 19056.8847656,
        "mean": 1421.14196777,
        "min": 21.533203125,
        "stdev": 1585.6027832
    },
    "spectral_skewness": {
        "max": 3.50006556511,
        "mean": 1.37851977348,
        "min": -0.18674749136,
        "stdev": 0.501160919666
    },
    "spectral_spread": {
        "max": 41744888,
        "mean": 3263707.75,
        "min": 1589202,
        "stdev": 2521285
    },
    "spectral_strongpeak": {
        "max": 8.80407047272,
        "mean": 0.763344228268,
        "min": 0,
        "stdev": 0.84846496582
    },
    "zerocrossingrate": {
        "max": 0.60400390625,
        "mean": 0.0556530021131,
        "min": 0,
        "stdev": 0.0460221730173
    },
    "barkbands": {
        "max": [0.00061089504743, 0.0246177501976, 0.0698975995183, 0.0914960578084, 0.0722031891346, 0.0427605211735, 0.0402901433408, 0.0812565460801, 0.0431044846773, 0.0089223375544, 0.0117881596088, 0.00606553163379, 0.0124131357297, 0.0115653350949, 0.0135271819308, 0.00652824761346, 0.00819628778845, 0.0216159038246, 0.029819406569, 0.00434192921966, 0.00460730213672, 0.00362118682824, 0.00873759295791, 0.00200705649331, 1.25360447782e-05, 1.28981093894e-06, 1.40141594329e-06],
        "mean": [2.44135462708e-05, 0.00183139089495, 0.00263776513748, 0.00312595628202, 0.003938653972, 0.00197740830481, 0.0012954978738, 0.00210357364267, 0.00110483926255, 0.000404624850489, 0.000575090176426, 0.000305290421238, 0.000382165482733, 0.000467746431241, 0.000406871869927, 0.000344175234204, 0.000257114414126, 0.000184886841453, 0.000215436593862, 0.000155999558046, 8.78710707184e-05, 7.80492846388e-05, 7.71903505665e-05, 2.24671039177e-05, 2.64580734211e-07, 2.22266338668e-09, 2.30363594866e-09],
        "min": [3.10825711698e-24, 9.56492348745e-24, 7.52424129984e-24, 9.46329453703e-24, 1.36900041675e-23, 4.7377452422e-23, 4.18355972777e-23, 3.85649357885e-23, 3.97818073773e-23, 4.65806587315e-23, 3.42039423104e-23, 5.14171365424e-23, 5.39161563823e-23, 8.68393419923e-23, 8.50000339057e-23, 1.03674990551e-22, 1.48916819797e-22, 1.05742348858e-22, 1.79501373611e-22, 2.54811387256e-22, 3.64493749237e-22, 5.3293090058e-22, 5.21471995423e-22, 8.51880314501e-22, 8.85101329813e-22, 1.31096454473e-21, 2.3886215456e-21],
        "stdev": [4.11029468523e-05, 0.00326216779649, 0.00581952184439, 0.00693344697356, 0.00661298027262, 0.00385610037483, 0.00312164914794, 0.00580572383478, 0.00305877346545, 0.000864974281285, 0.00114467472304, 0.000401375145884, 0.000637556018773, 0.00090085552074, 0.000765758217312, 0.00049305439461, 0.000400647113565, 0.000843215268105, 0.00119533902034, 0.0003912904358, 0.000333792733727, 0.000305767112877, 0.000463379488792, 0.000121948243759, 9.90109128907e-07, 4.33758486906e-08, 4.71305341421e-08]
    },
    "erbbands": {
        "max": [0.395620197058, 8.29527950287, 72.7596511841, 170.378738403, 453.955780029, 150.646484375, 226.526580811, 398.940582275, 511.31652832, 2411.82128906, 1274.90917969, 1002.33569336, 597.275817871, 371.145568848, 470.691467285, 249.868057251, 610.267822266, 566.946350098, 928.612670898, 188.908935547, 380.811157227, 470.394866943, 1415.4732666, 939.239135742, 1228.09924316, 193.813278198, 175.108154297, 171.225967407, 137.838226318, 332.780578613, 168.108383179, 72.3701782227, 15.0038137436, 0.826400995255, 0.0340356640518, 0.00509566860273, 0.00239930651151, 0.000862521701492, 0.000207957724342, 0.000230224672123],
        "mean": [0.035461012274, 0.502517282963, 2.56714963913, 7.22268295288, 13.4114999771, 12.926656723, 11.1946458817, 17.3269844055, 15.4773311615, 36.4422149658, 40.3439712524, 26.1135425568, 17.2828502655, 12.589471817, 24.7891044617, 13.8897447586, 18.3842849731, 22.7114391327, 22.6388816833, 21.2186088562, 17.0182914734, 13.9695272446, 10.9904603958, 9.88327217102, 11.3696336746, 7.47612190247, 3.92844367027, 3.31526327133, 2.71949839592, 2.95352220535, 1.89863824844, 0.824847280979, 0.194795876741, 0.0130827883258, 0.000540507375263, 6.92479588906e-05, 2.10705475183e-05, 6.1473410824e-06, 1.23281861306e-05, 2.57210813288e-05],
        "min": [5.33702343436e-22, 1.16070100684e-21, 7.19688572731e-21, 2.7146232397e-20, 1.8933202947e-20, 4.72763996177e-20, 1.32287919288e-19, 4.71578148758e-19, 4.45598680465e-19, 9.87177712343e-19, 8.79458634062e-19, 7.91974875105e-19, 9.52744458189e-19, 2.47655207741e-18, 1.59585970346e-18, 2.55832281007e-18, 2.68741365044e-18, 4.33705022668e-18, 4.26143020226e-18, 6.14301421932e-18, 5.94631811428e-18, 7.65630434045e-18, 6.79957973155e-18, 8.50636725029e-18, 9.33614769151e-18, 1.38360598546e-17, 1.11426712718e-17, 1.27091007163e-17, 1.62688642106e-17, 1.5438239218e-17, 1.68970929966e-17, 1.59602960636e-17, 1.4124226419e-17, 1.03767913601e-17, 5.61638265131e-18, 4.77678192186e-18, 2.38662885943e-18, 1.24324129373e-18, 2.76044723618e-19, 3.18327210927e-20],
        "stdev": [0.0547991283238, 0.932794749737, 5.65775918961, 13.692237854, 31.9959049225, 19.813035965, 18.7783412933, 34.8414039612, 34.4305267334, 119.865036011, 105.794975281, 67.2257995605, 42.3107452393, 26.1020374298, 49.4021110535, 16.6805305481, 30.0475978851, 40.5076026917, 51.9798736572, 22.3433361053, 25.934967041, 22.2397136688, 50.9933013916, 41.0875930786, 58.2260017395, 18.0763912201, 13.4725646973, 12.5671005249, 10.3161830902, 16.7061443329, 10.5504188538, 4.51325035095, 1.02318584919, 0.059034332633, 0.00243044481613, 0.000289042014629, 9.27590299398e-05, 3.18727361446e-05, 1.44537680171e-05, 2.69331321761e-05]
    },
    "gfcc": {
        "mean": [-105.663604736, 140.787902832, -173.822235107, 49.7886581421, -67.0367507935, 6.7641992569, -22.7836723328, -19.9553985596, 6.65251970291, -24.6490936279, 5.312977314, -18.4746608734, -0.178586810827],
        "cov": [[33409.2460938, 6694.89208984, -2913.58081055, 762.608093262, -1556.49682617, -1198.44567871, -714.186950684, -1292.82080078, 254.673065186, -1336.99853516, 20.5111598969, -1156.73413086, -199.185287476], [6694.89208984, 2742.49853516, 460.980621338, 410.283721924, -56.8024291992, -511.212158203, -54.928981781, -366.369354248, 10.6040468216, -407.94833374, -55.7812843323, -372.21572876, -148.497375488], [-2913.58081055, 460.980621338, 1956.85314941, 418.862609863, 386.783630371, -121.014854431, 136.162338257, 55.1772384644, -104.487419128, 8.11315250397, -111.785545349, -26.9194812775, -114.61920166], [762.608093262, 410.283721924, 418.862609863, 391.113525391, -10.2300701141, -55.6758460999, 3.11114144325, -54.5079994202, -50.0418357849, -83.1322784424, -32.6002349854, -55.5021476746, -28.399969101], [-1556.49682617, -56.8024291992, 386.783630371, -10.2300701141, 271.214813232, -0.21303255856, 83.2360839844, 66.9812774658, -13.9150686264, 46.0151863098, -12.024518013, 43.6320343018, -17.0150699615], [-1198.44567871, -511.212158203, -121.014854431, -55.6758460999, -0.21303255856, 250.429367065, 23.9057159424, 61.7766571045, 1.44086790085, 64.9897460938, 12.6024780273, 73.3236999512, 50.6472854614], [-714.186950684, -54.928981781, 136.162338257, 3.11114144325, 83.2360839844, 23.9057159424, 116.432624817, 73.7412185669, 4.1265039444, 30.3580169678, -2.12573981285, 23.3808059692, -17.940870285], [-1292.82080078, -366.369354248, 55.1772384644, -54.5079994202, 66.9812774658, 61.7766571045, 73.7412185669, 148.827590942, 27.287443161, 75.7325134277, 8.32017707825, 57.2588806152, 5.93877315521], [254.673065186, 10.6040468216, -104.487419128, -50.0418357849, -13.9150686264, 1.44086790085, 4.1265039444, 27.287443161, 72.078414917, 27.578327179, 7.14899158478, -1.77995193005, 1.32937765121], [-1336.99853516, -407.94833374, 8.11315250397, -83.1322784424, 46.0151863098, 64.9897460938, 30.3580169678, 75.7325134277, 27.578327179, 127.081626892, 25.773065567, 62.1345748901, 17.6560268402], [20.5111598969, -55.7812843323, -111.785545349, -32.6002349854, -12.024518013, 12.6024780273, -2.12573981285, 8.32017707825, 7.14899158478, 25.773065567, 53.299030304, 30.8266487122, 9.21964454651], [-1156.73413086, -372.21572876, -26.9194812775, -55.5021476746, 43.6320343018, 73.3236999512, 23.3808059692, 57.2588806152, -1.77995193005, 62.1345748901, 30.8266487122, 114.709655762, 42.368434906], [-199.185287476, -148.497375488, -114.61920166, -28.399969101, -17.0150699615, 50.6472854614, -17.940870285, 5.93877315521, 1.32937765121, 17.6560268402, 9.21964454651, 42.368434906, 72.2976074219]],
        "icov": [[0.000178384609171, -0.000258219981333, 0.000262532674242, -0.000233764993027, 0.000303515262203, 0.00010725021275, 9.9341647001e-05, 0.000173942462425, -0.000571564829443, 0.000592176627833, -0.000342343118973, 0.000390848406823, -2.73642890534e-05], [-0.000258219981333, 0.00375139224343, -0.0014640300069, -3.3101743611e-05, -0.00137091218494, 0.00237928959541, -0.00399822648615, 0.00510241929442, -0.00562894484028, 0.00681522116065, -0.00604061735794, 0.00529534555972, -0.00263469526544], [0.000262532674242, -0.0014640300069, 0.00212002079934, -0.00162906222977, -0.000791485363152, -0.000206689714105, 0.0014924837742, -0.0016347495839, 0.00227260985412, -0.00286635570228, 0.00365261686966, -0.00159057113342, 0.00202503590845], [-0.000233764993027, -3.3101743611e-05, -0.00162906222977, 0.00503135798499, 0.00142261793371, -0.000700204691384, -0.000670535955578, -0.000342876446666, 0.00210188445635, 0.000878730323166, -0.00015745878045, -0.000357471872121, -0.000654871517327], [0.000303515262203, -0.00137091218494, -0.000791485363152, 0.00142261793371, 0.00808061566204, 5.4881660617e-05, -0.0019149442669, -0.00121752650011, 0.00133406592067, -0.0012535599526, 0.00161365803797, -0.00295980251394, 0.000622891122475], [0.00010725021275, 0.00237928959541, -0.000206689714105, -0.000700204691384, 5.4881660617e-05, 0.00789519120008, -0.00376164773479, 0.00308710196987, -0.00368139962666, 0.00400447286665, -0.00321509758942, 0.00278270011768, -0.0042562703602], [9.9341647001e-05, -0.00399822648615, 0.0014924837742, -0.000670535955578, -0.0019149442669, -0.00376164773479, 0.0202579852194, -0.0129292448983, 0.00721910921857, -0.00748079270124, 0.00718791922554, -0.00694741355255, 0.00728674931452], [0.000173942462425, 0.00510241929442, -0.0016347495839, -0.000342876446666, -0.00121752650011, 0.00308710196987, -0.0129292448983, 0.0237136874348, -0.0146989058703, 0.00846330542117, -0.00845838338137, 0.00579833379015, -0.00348837883212], [-0.000571564829443, -0.00562894484028, 0.00227260985412, 0.00210188445635, 0.00133406592067, -0.00368139962666, 0.00721910921857, -0.0146989058703, 0.0333429463208, -0.0210476089269, 0.0138350790367, -0.00835566688329, 0.00484336633235], [0.000592176627833, 0.00681522116065, -0.00286635570228, 0.000878730323166, -0.0012535599526, 0.00400447286665, -0.00748079270124, 0.00846330542117, -0.0210476089269, 0.036184374243, -0.0215134900063, 0.0113379703835, -0.00657178414986], [-0.000342343118973, -0.00604061735794, 0.00365261686966, -0.00015745878045, 0.00161365803797, -0.00321509758942, 0.00718791922554, -0.00845838338137, 0.0138350790367, -0.0215134900063, 0.0418994650245, -0.0209450013936, 0.00941973924637], [0.000390848406823, 0.00529534555972, -0.00159057113342, -0.000357471872121, -0.00295980251394, 0.00278270011768, -0.00694741355255, 0.00579833379015, -0.00835566688329, 0.0113379703835, -0.0209450013936, 0.031726770103, -0.0140920970589], [-2.73642890534e-05, -0.00263469526544, 0.00202503590845, -0.000654871517327, 0.000622891122475, -0.0042562703602, 0.00728674931452, -0.00348837883212, 0.00484336633235, -0.00657178414986, 0.00941973924637, -0.0140920970589, 0.0250939782709]]
    },
    "melbands": {
        "max": [0.00418516760692, 0.0264215748757, 0.0353146791458, 0.0190140474588, 0.00677077239379, 0.00964588019997, 0.00710143055767, 0.026152567938, 0.00853853020817, 0.00548033602536, 0.00285181961954, 0.00155067048036, 0.00193692918401, 0.00047000971972, 0.00114440592006, 0.000831899174955, 0.00102338765282, 0.00163440965116, 0.000510604237206, 0.000305895286147, 0.000512196042109, 0.000271127035376, 0.00137622701004, 0.000961416983046, 0.000780706701335, 0.00135740451515, 0.000427306746133, 0.000128235187731, 0.000110640845378, 0.000146335805766, 8.86958659976e-05, 8.07246397017e-05, 8.12183134258e-05, 0.000244382827077, 0.000116242088552, 7.63961070334e-05, 3.03946289932e-05, 1.33942385219e-05, 1.66029758475e-06, 1.15679419821e-07],
        "mean": [0.000421475007897, 0.00114078866318, 0.00146877008956, 0.000931358023081, 0.000443060213001, 0.000386401632568, 0.000244237395236, 0.000420661672251, 0.000318293896271, 0.000148761930177, 8.08312543086e-05, 4.51824307675e-05, 8.36092513055e-05, 4.17180781369e-05, 3.87663858419e-05, 3.76012321794e-05, 4.33403292845e-05, 3.70883644791e-05, 2.92275090032e-05, 2.60571141553e-05, 1.87989953702e-05, 1.44847408592e-05, 1.23514764709e-05, 8.77378533914e-06, 7.73214924266e-06, 8.36801063997e-06, 7.21500327927e-06, 4.37152357335e-06, 2.38694337895e-06, 2.16606622416e-06, 1.84332998288e-06, 1.51380754687e-06, 1.50727873915e-06, 1.74167792011e-06, 1.12841735245e-06, 8.02297904556e-07, 3.81284593232e-07, 1.66891453546e-07, 2.73105538184e-08, 1.88336324314e-09],
        "min": [3.76883937825e-24, 3.55465338729e-24, 4.18173312035e-24, 2.13347865691e-24, 4.25227503464e-24, 9.79794984341e-24, 7.19873914654e-24, 1.1058089664e-23, 7.15377801925e-24, 5.16757022702e-24, 4.39103764002e-24, 1.09799703463e-23, 4.81325295701e-24, 6.08557752318e-24, 5.20659872587e-24, 5.18110865787e-24, 8.08728209347e-24, 7.81331543425e-24, 7.95768407965e-24, 8.0920878341e-24, 5.23028821886e-24, 7.65440808236e-24, 8.8840970832e-24, 4.29275188212e-24, 6.86269623383e-24, 8.14452105189e-24, 6.00883595103e-24, 9.49613087221e-24, 7.34077276367e-24, 5.38664005584e-24, 6.0765292886e-24, 8.1793666158e-24, 8.64127465252e-24, 8.11287905212e-24, 9.84874380823e-24, 1.0284926302e-23, 9.37875231382e-24, 9.92136555431e-24, 8.26922733923e-24, 6.90744515754e-24],
        "stdev": [0.00068790797377, 0.00221991701983, 0.00289437337779, 0.00163269683253, 0.000676254567225, 0.000773082836531, 0.000537970510777, 0.00134885858279, 0.000821968424134, 0.000395761308027, 0.000203377901926, 0.000104412778455, 0.000166619589436, 6.03894804954e-05, 6.04735287197e-05, 5.9286794567e-05, 8.06121533969e-05, 9.16647186386e-05, 4.14978421759e-05, 3.19175051118e-05, 3.19416976708e-05, 1.96392866201e-05, 4.93955158163e-05, 3.87751751987e-05, 3.34197138727e-05, 5.45845432498e-05, 2.6016812626e-05, 1.07054665932e-05, 8.30784665595e-06, 9.05675460672e-06, 7.0453979788e-06, 5.63938738196e-06, 6.70076951792e-06, 1.12308916869e-05, 6.30555905445e-06, 4.70754821436e-06, 1.93193613995e-06, 8.98598557342e-07, 1.22083960719e-07, 7.14582348849e-09]
    },
    "melbands128": {
        "max": [0.000345377571648, 0.0025906348601, 0.00721372012049, 0.0162623785436, 0.0381260886788, 0.0315831676126, 0.0420507080853, 0.0508741885424, 0.057477388531, 0.0124268224463, 0.00944405049086, 0.0085122147575, 0.0063736224547, 0.0151814082637, 0.0102098789066, 0.0218999423087, 0.015150311403, 0.00507860444486, 0.0077199479565, 0.0422882735729, 0.0280121415854, 0.021989826113, 0.0104173440486, 0.0159819368273, 0.0094069680199, 0.0107139963657, 0.0073742303066, 0.00302802701481, 0.0013669837499, 0.00224169762805, 0.00228847190738, 0.00325923645869, 0.00396877992898, 0.00286880438216, 0.000758656940889, 0.00051533075748, 0.000638499506749, 0.00146736588795, 0.00278380094096, 0.00166876381263, 0.00059653603239, 0.00191881356295, 0.0017428068677, 0.0018200163031, 0.00159913301468, 0.00239305663854, 0.00160108041018, 0.000748137303162, 0.000297748018056, 0.000440473639173, 0.000416971306549, 0.000568321556784, 0.000624569831416, 0.000540251785424, 0.000237164727878, 0.00015580287436, 0.000401833589422, 0.00135428889189, 0.00165149301756, 0.00173919147346, 0.00100027874578, 0.00106949056499, 0.000473495863844, 0.000876639620401, 0.00173760508187, 0.00168115459383, 0.000979030737653, 0.000669763307087, 0.000345149514033, 0.000163919539773, 0.000201729824767, 0.000131065811729, 0.00014842672681, 0.00011967557657, 0.000163550415891, 0.00021950918017, 0.000142834716826, 0.00013689592015, 9.40879035625e-05, 0.000147659549839, 9.09931914066e-05, 8.13620863482e-05, 9.51167676249e-05, 0.000104084232589, 0.000101415418612, 0.000270019838354, 0.000313648080919, 0.000169866092619, 0.000109280204924, 0.000101852456282, 6.49545545457e-05, 0.000125723701785, 5.18122469657e-05, 2.531008613e-05, 2.59660810116e-05, 1.80132647074e-05, 1.93814539671e-05, 2.91777610073e-06, 2.05754940907e-06, 7.93399124177e-07, 1.32485197923e-07, 8.6440280711e-08, 3.18351780493e-08, 1.05852686616e-08, 1.01851149736e-08, 9.81676961942e-09, 9.44193878638e-09, 9.11872000131e-09, 8.76554029361e-09, 8.45856096277e-09, 8.14739298249e-09, 7.84396991804e-09, 7.59151674856e-09, 7.36123029199e-09, 7.14628267673e-09, 6.92121959744e-09, 6.68234800827e-09, 6.51224763004e-09, 6.35345953626e-09, 6.21804963075e-09, 6.06155659e-09, 5.92600546412e-09, 5.82014436645e-09, 5.72886227346e-09, 5.65704327826e-09, 5.58824009289e-09, 5.54313084322e-09, 5.5138196231e-09],
        "mean": [1.87578552868e-05, 0.000190410079085, 0.000596932426561, 0.000851083197631, 0.00116423959844, 0.0013369768858, 0.0013975223992, 0.00165145786013, 0.00143320241477, 0.000811045523733, 0.000729485531338, 0.00050953036407, 0.000274545192951, 0.000495655869599, 0.000419229618274, 0.000341815786669, 0.000237192449276, 0.0002034426725, 0.000262130284682, 0.000466864556074, 0.000490274338517, 0.000323957938235, 0.000348154397216, 0.000226692820434, 0.000187601937796, 8.42462832225e-05, 0.000124550861074, 9.00297527551e-05, 3.73446127924e-05, 4.21303229814e-05, 4.50696679763e-05, 5.35816980118e-05, 0.000103717880847, 0.000101238161733, 3.62003338523e-05, 2.89568743028e-05, 3.6378580262e-05, 3.32031522703e-05, 4.63367905468e-05, 4.5184391638e-05, 2.76825885521e-05, 4.03392223234e-05, 4.19876741944e-05, 5.02837683598e-05, 3.75607560272e-05, 3.44776381098e-05, 3.71731148334e-05, 2.67921532213e-05, 2.36497853621e-05, 3.70187226508e-05, 2.34266899497e-05, 2.05447195185e-05, 2.09991540032e-05, 1.65768706211e-05, 1.63838758453e-05, 1.43601637319e-05, 1.17430981845e-05, 1.67532143678e-05, 1.07709220174e-05, 8.06752814242e-06, 8.89242255653e-06, 9.18131263461e-06, 8.07921060186e-06, 7.16617660146e-06, 7.10467020326e-06, 7.89314526628e-06, 1.0277819456e-05, 7.92585888121e-06, 6.49265302854e-06, 5.81147332923e-06, 5.21892980032e-06, 3.20352842209e-06, 2.39885093833e-06, 2.28329713536e-06, 2.18759282689e-06, 2.38293591792e-06, 2.02955789064e-06, 1.91564777197e-06, 1.826131097e-06, 1.82069322818e-06, 1.48473850459e-06, 1.41562622957e-06, 1.45157935094e-06, 1.52509699092e-06, 1.52515656282e-06, 1.80357778845e-06, 1.93560731532e-06, 1.34236381655e-06, 9.8449993402e-07, 1.12299619559e-06, 8.44289274937e-07, 8.05392744496e-07, 5.75834235406e-07, 3.41658790148e-07, 2.83322719952e-07, 2.22875087275e-07, 1.64551721582e-07, 4.68674521414e-08, 2.92477810859e-08, 1.22071206476e-08, 2.09833816989e-09, 6.59608478948e-10, 3.25325100192e-10, 2.69967780769e-11, 2.04185054281e-11, 3.52246599944e-11, 2.82524541956e-11, 1.93215183436e-11, 1.56184041394e-11, 1.40164355816e-11, 1.34900710394e-11, 1.29885130429e-11, 1.25483000726e-11, 1.21467714359e-11, 1.17730512839e-11, 1.14050938832e-11, 1.10226801645e-11, 1.0732300465e-11, 1.04658261224e-11, 1.02249346143e-11, 9.96908978979e-12, 9.75024574967e-12, 9.57540297053e-12, 9.41742517302e-12, 9.26667423351e-12, 9.10172718444e-12, 8.99851894387e-12, 8.94650326044e-12],
        "min": [2.77653869045e-25, 3.40403499136e-24, 1.88659260649e-24, 2.12712753776e-24, 2.40338268246e-24, 4.37589111621e-24, 6.30832896585e-24, 3.70046328157e-24, 1.22692887513e-24, 1.85080612874e-24, 2.59717701345e-24, 3.4218927315e-25, 2.98382693095e-24, 6.50041896286e-24, 1.4218331137e-23, 3.54922799641e-24, 3.9816121249e-24, 9.11985368675e-24, 7.97309605516e-24, 4.62860428492e-24, 3.08566887382e-24, 3.31468781638e-24, 5.48777794035e-24, 5.96574560738e-24, 4.86981862265e-24, 3.56338134434e-24, 6.93625514666e-24, 3.3002942603e-24, 3.02733852633e-24, 9.46313913143e-24, 3.84087855054e-24, 6.13116816148e-24, 3.83634772793e-24, 6.41520226357e-24, 2.44092772838e-24, 8.04539673484e-24, 5.38580662429e-24, 1.96964960183e-24, 4.75297215093e-24, 8.80060956701e-24, 3.14083450857e-24, 4.48021481548e-24, 6.48182275031e-24, 6.39732864761e-24, 4.29477018275e-24, 1.65440954284e-24, 1.9150113206e-24, 7.99555650285e-24, 1.21078789354e-23, 6.21478741743e-24, 7.64509557938e-24, 8.42022793826e-24, 2.87486098247e-24, 3.94897182165e-24, 7.52684690741e-24, 8.23011246011e-24, 5.9801241751e-24, 6.57467680645e-24, 8.59879607049e-24, 4.80700636193e-24, 3.10931655717e-24, 5.48642780491e-24, 4.41835037114e-24, 7.41141762431e-24, 6.0566436829e-24, 7.68113547869e-24, 7.06303929363e-24, 2.89987812836e-24, 5.26516297062e-24, 9.75059215668e-24, 1.29538210269e-23, 7.072763582e-24, 6.89039314021e-24, 4.64207763475e-24, 5.59952363745e-24, 4.54330238866e-24, 4.75636109738e-24, 5.13676363095e-24, 6.06503440192e-24, 5.15495081912e-24, 6.76307651214e-24, 5.83862027807e-24, 5.7210243885e-24, 6.34328852016e-24, 1.09344688493e-23, 8.16070295564e-24, 5.09304614287e-24, 1.09821050039e-23, 1.09461960555e-23, 9.49477639803e-24, 6.55660045323e-24, 1.05128723937e-23, 9.59603142838e-24, 7.44830476024e-24, 7.92296946666e-24, 1.11291123891e-23, 8.82574819748e-24, 8.97464805992e-24, 7.24722490436e-24, 7.92227684678e-24, 9.01234614486e-24, 3.95646166152e-24, 4.86702881605e-24, 5.05045475374e-24, 5.04267658521e-24, 4.39913016962e-24, 6.56340753399e-24, 6.25603813746e-24, 8.63709447858e-24, 6.26809587639e-24, 7.19126863377e-24, 8.36546284764e-24, 6.70474182592e-24, 5.95075409473e-24, 9.3782703198e-24, 7.45558200209e-24, 8.66578771629e-24, 7.97500115425e-24, 7.68229194878e-24, 8.37882694024e-24, 6.82833029736e-24, 7.08401826054e-24, 8.92747338893e-24, 6.49068323599e-24, 8.54410513279e-24, 9.01177343185e-24, 1.07691922345e-23, 7.52396283194e-24],
        "stdev": [2.96816433547e-05, 0.000315450539347, 0.00104698864743, 0.00181468192022, 0.00289617129602, 0.00287322024815, 0.00274856761098, 0.00406689941883, 0.00391394319013, 0.00149890594184, 0.00126795528922, 0.000958214804996, 0.000549764547031, 0.00122066331096, 0.000959166383836, 0.00110146147199, 0.000821232912131, 0.000563452253118, 0.000765715783928, 0.00196106196381, 0.00181682000402, 0.00113899086136, 0.00114192592446, 0.000924348947592, 0.000571174838115, 0.000406932667829, 0.000444430857897, 0.00024604841019, 7.99581903266e-05, 0.000135202950332, 0.000142066899571, 0.00014000783267, 0.000261514476733, 0.000286339694867, 6.39236968709e-05, 4.58689428342e-05, 6.04851011303e-05, 6.89693188178e-05, 0.00011166256445, 8.79246799741e-05, 5.20634857821e-05, 0.000105677332613, 9.37081931625e-05, 0.000120988486742, 9.9736294942e-05, 0.000119943229947, 9.67628220678e-05, 5.38414424227e-05, 3.06143665512e-05, 4.95683416375e-05, 3.92665169784e-05, 4.70907471026e-05, 4.25500002166e-05, 3.44122272509e-05, 2.55850027315e-05, 2.301328459e-05, 2.34680446738e-05, 5.34379432793e-05, 5.91804200667e-05, 6.1082879256e-05, 3.83360602427e-05, 4.09220847359e-05, 2.57814263023e-05, 3.62498685718e-05, 6.15745957475e-05, 6.36539771222e-05, 5.76109778194e-05, 3.96782415919e-05, 2.14527299249e-05, 1.49732968566e-05, 1.44655259646e-05, 8.59727151692e-06, 9.28014014789e-06, 8.63408331497e-06, 9.93136836769e-06, 1.0637358173e-05, 9.15273085411e-06, 8.4628300101e-06, 7.12457085683e-06, 7.99949521024e-06, 5.87965814702e-06, 5.54495818506e-06, 6.05661534792e-06, 7.50077151679e-06, 7.53212043492e-06, 1.17142899398e-05, 1.3919239791e-05, 8.80826519278e-06, 5.19340301253e-06, 6.28980842521e-06, 4.45284968009e-06, 6.18545527686e-06, 3.19573564411e-06, 1.50195887727e-06, 1.40463714615e-06, 1.17668014354e-06, 1.06795812371e-06, 1.97900504872e-07, 1.38438707609e-07, 4.46512871122e-08, 7.88099896454e-09, 5.06143749135e-09, 1.71686664885e-09, 3.84765913575e-10, 3.46024459086e-10, 3.43730072183e-10, 3.28088750612e-10, 3.06925818094e-10, 2.94796270728e-10, 2.8447005862e-10, 2.74005040879e-10, 2.63800564726e-10, 2.55309107189e-10, 2.47564302391e-10, 2.403350019e-10, 2.32765542951e-10, 2.24732399356e-10, 2.19011225822e-10, 2.13670359184e-10, 2.09116474137e-10, 2.03853461889e-10, 1.99294844516e-10, 1.95734498054e-10, 1.92664481591e-10, 1.90249746512e-10, 1.87938345442e-10, 1.86420920367e-10, 1.85435944378e-10]
    },
    "mfcc": {
        "mean": [-703.861877441, 137.517486572, -32.386505127, 27.972202301, -12.8590908051, 17.3948993683, -18.480764389, 10.3899087906, -12.2214412689, 10.4529333115, -10.5968198776, 5.08834457397, -6.46862792969],
        "cov": [[16526.7871094, 3265.54760742, -631.997375488, 758.191772461, -427.853485107, 76.3863372803, -694.256530762, 149.405334473, -462.932800293, 268.355224609, -328.619873047, 46.8563957214, -250.85824585], [3265.54760742, 2139.15917969, 557.081359863, 723.411865234, 118.952186584, 23.5279903412, -73.799369812, 43.004863739, -124.830093384, 85.3989105225, -69.6877365112, -61.8585510254, -57.9308891296], [-631.997375488, 557.081359863, 1161.28625488, 592.6953125, 213.378112793, 63.3974380493, 91.7123718262, 15.198091507, -7.36764860153, 3.13399767876, -24.3020324707, -57.6580886841, -70.2294540405], [758.191772461, 723.411865234, 592.6953125, 619.622009277, 112.562789917, 11.0838041306, 26.4544582367, 35.3483123779, -48.0860519409, 28.1823787689, -35.539264679, -48.4430084229, -28.5417194366], [-427.853485107, 118.952186584, 213.378112793, 112.562789917, 142.610397339, 25.7638244629, 41.122051239, -0.650483608246, 13.5019416809, -17.7393913269, -6.08020734787, -16.9547672272, 1.58168411255], [76.3863372803, 23.5279903412, 63.3974380493, 11.0838041306, 25.7638244629, 115.536422729, 18.906961441, 12.7071943283, -4.78711652756, -10.0754852295, -13.2881345749, 10.6836967468, -28.4558773041], [-694.256530762, -73.799369812, 91.7123718262, 26.4544582367, 41.122051239, 18.906961441, 116.745910645, 26.6862983704, 30.6847305298, -18.2754554749, 11.8485298157, -2.5350549221, 17.554309845], [149.405334473, 43.004863739, 15.198091507, 35.3483123779, -0.650483608246, 12.7071943283, 26.6862983704, 86.1103515625, 15.9768610001, 6.1045498848, -0.0689881891012, 5.92227602005, 12.852725029], [-462.932800293, -124.830093384, -7.36764860153, -48.0860519409, 13.5019416809, -4.78711652756, 30.6847305298, 15.9768610001, 84.3479537964, 11.505569458, 12.1199321747, -3.02639961243, 18.308259964], [268.355224609, 85.3989105225, 3.13399767876, 28.1823787689, -17.7393913269, -10.0754852295, -18.2754554749, 6.1045498848, 11.505569458, 86.4440994263, 21.2258415222, 1.65234339237, -5.76492023468], [-328.619873047, -69.6877365112, -24.3020324707, -35.539264679, -6.08020734787, -13.2881345749, 11.8485298157, -0.0689881891012, 12.1199321747, 21.2258415222, 65.8797836304, 17.5924892426, 8.56310939789], [46.8563957214, -61.8585510254, -57.6580886841, -48.4430084229, -16.9547672272, 10.6836967468, -2.5350549221, 5.92227602005, -3.02639961243, 1.65234339237, 17.5924892426, 55.1308631897, 7.21235322952], [-250.85824585, -57.9308891296, -70.2294540405, -28.5417194366, 1.58168411255, -28.4558773041, 17.554309845, 12.852725029, 18.308259964, -5.76492023468, 8.56310939789, 7.21235322952, 93.5088500977]],
        "icov": [[0.000197912217118, -0.000236286636209, 0.000235676983721, -0.00019913027063, 0.000356740143616, -0.000161869378644, 0.000636917247903, -0.000401702563977, 0.000286774418782, -0.000294800091069, 0.000712258217391, -0.000386516359868, 0.000271399068879], [-0.000236286636209, 0.00119462399743, -0.000135455498821, -0.000755426823162, -0.000899755919818, 6.57655109535e-05, -0.000154556822963, 0.000124841666548, 0.000419885531301, -0.000376721785869, -0.000508970348164, 0.000660339777824, -0.000288777169771], [0.000235676983721, -0.000135455498821, 0.00255187181756, -0.002298271982, -0.00111882411875, -0.000629739661235, 5.95791170781e-05, 6.8576526246e-05, -0.00028360876604, -0.000205737276701, 0.00048513271031, -0.000302035012282, 0.00159180024639], [-0.00019913027063, -0.000755426823162, -0.002298271982, 0.00547391502187, -0.000817107327748, 0.00124403007794, -0.0012848386541, -0.00116463738959, 0.00190740765538, -0.000988886225969, 0.00041840976337, 0.00141299318057, -0.00084556627553], [0.000356740143616, -0.000899755919818, -0.00111882411875, -0.000817107327748, 0.0123586021364, -0.00239808042534, -0.000580528751016, 0.00136791844852, -0.00216143857688, 0.0022230357863, 0.000380172627047, 0.000746592413634, -0.00124007987324], [-0.000161869378644, 6.57655109535e-05, -0.000629739661235, 0.00124403007794, -0.00239808042534, 0.011658298783, -0.00247957766987, -0.00157794600818, 0.000804440409411, 8.25512324809e-05, 0.00257308571599, -0.00355489668436, 0.0036700903438], [0.000636917247903, -0.000154556822963, 5.95791170781e-05, -0.0012848386541, -0.000580528751016, -0.00247957766987, 0.0153298014775, -0.00450642034411, -0.00213327864185, 0.00224280240946, -0.0011741023045, 4.08426458307e-05, -0.00107737421058], [-0.000401702563977, 0.000124841666548, 6.8576526246e-05, -0.00116463738959, 0.00136791844852, -0.00157794600818, -0.00450642034411, 0.0154724270105, -0.00378648773767, 6.22641455266e-05, -0.000512213620823, -0.00137270614505, -0.00219032261521], [0.000286774418782, 0.000419885531301, -0.00028360876604, 0.00190740765538, -0.00216143857688, 0.000804440409411, -0.00213327864185, -0.00378648773767, 0.0179476905614, -0.00526914233342, 0.00118354230653, 0.00205721938983, -0.00150496547576], [-0.000294800091069, -0.000376721785869, -0.000205737276701, -0.000988886225969, 0.0022230357863, 8.25512324809e-05, 0.00224280240946, 6.22641455266e-05, -0.00526914233342, 0.0166756380349, -0.0074241058901, 0.000991030246951, 0.000740464078262], [0.000712258217391, -0.000508970348164, 0.00048513271031, 0.00041840976337, 0.000380172627047, 0.00257308571599, -0.0011741023045, -0.000512213620823, 0.00118354230653, -0.0074241058901, 0.0235623102635, -0.00803478527814, 0.000927511893678], [-0.000386516359868, 0.000660339777824, -0.000302035012282, 0.00141299318057, 0.000746592413634, -0.00355489668436, 4.08426458307e-05, -0.00137270614505, 0.00205721938983, 0.000991030246951, -0.00803478527814, 0.0242164693773, -0.00281051103957], [0.000271399068879, -0.000288777169771, 0.00159180024639, -0.00084556627553, -0.00124007987324, 0.0036700903438, -0.00107737421058, -0.00219032261521, -0.00150496547576, 0.000740464078262, 0.000927511893678, -0.00281051103957, 0.014294071123]]
    },
    "spectral_contrast_coeffs": {
        "max": [-0.392145097256, -0.463240921497, -0.577750265598, -0.641519904137, -0.611924529076, -0.46321567893],
        "mean": [-0.714307308197, -0.776758670807, -0.793999552727, -0.806355178356, -0.788351893425, -0.64866745472],
        "min": [-0.972458064556, -0.96995562315, -0.961102485657, -0.964881420135, -0.965420722961, -0.960278749466],
        "stdev": [0.0847448483109, 0.0889291465282, 0.0669033527374, 0.0547475591302, 0.0560368038714, 0.0621011853218]
    },
    "spectral_contrast_valleys": {
        "max": [-5.13021039963, -4.84689283371, -5.69585990906, -5.48973560333, -5.69389820099, -9.08804130554],
        "mean": [-7.58822774887, -7.14713954926, -7.72437143326, -7.81306505203, -8.25456523895, -12.6888523102],
        "min": [-27.2928924561, -27.4793663025, -27.8987121582, -27.3812332153, -27.3733730316, -27.4261760712],
        "stdev": [2.49286174774, 2.23553395271, 2.09822559357, 2.08151841164, 1.91312253475, 1.47148704529]
    }
},
"rhythm": {
    "beats_count": 32,
    "beats_loudness": {
        "max": 0.0762929171324,
        "mean": 0.031515236944,
        "min": 2.01900220418e-05,
        "stdev": 0.0262060258538
    },
    "bpm": 96.260383606,
    "bpm_histogram_first_peak_bpm": 96,
    "bpm_histogram_first_peak_weight": 0.58333337307,
    "bpm_histogram_second_peak_bpm": 101,
    "bpm_histogram_second_peak_spread": 0.25,
    "bpm_histogram_second_peak_weight": 0.0967741906643,
    "danceability": 0.883020401001,
    "onset_rate": 3.26963090897,
    "beats_loudness_band_ratio": {
        "max": [0.91374194622, 0.645131766796, 0.469166189432, 0.573060333729, 0.398562520742, 0.204984068871],
        "mean": [0.374209612608, 0.145415410399, 0.168504014611, 0.18707588315, 0.132733613253, 0.0317411832511],
        "min": [0.00286022922955, 0.0125944837928, 0.013714610599, 0.0110337045044, 0.00510036572814, 0.00145950983278],
        "stdev": [0.288652300835, 0.133492380381, 0.111949943006, 0.19346126914, 0.138331905007, 0.0383569076657]
    },
    "beats_position": [0.650158703327, 1.3235373497, 1.97369611263, 2.61224484444, 3.25079369545, 3.86612248421, 4.49306106567, 5.10838985443, 5.73532867432, 6.3622674942, 6.98920631409, 7.61614513397, 8.23147392273, 8.84680271149, 9.47374153137, 10.1006803513, 10.7392292023, 11.3661680222, 12.0047159195, 12.6316547394, 13.2585935593, 13.8158731461, 14.361541748, 14.9420404434, 15.5341491699, 16.1262588501, 16.7299766541, 17.3220863342, 17.9258041382, 18.5295238495, 19.1332416534, 19.7485713959],
