{
"metadata": {
    "version": {
        "essentia": "2.1-beta5",
        "essentia_git_sha": "Undefined",
        "extractor": "music 2.0"
    },
    "audio_properties": {
        "analysis": {
            "equal_loudness": 0,
            "length": 12.7477550507,
            "sample_rate": 44100,
            "start_time": 0,
            "downmix": "mix"
        },
        "bit_rate": 192000,
        "length": 198.414520264,
        "lossless": 0,
        "number_channels": 2,
        "replay_gain": -5.78911209106,
        "sample_rate": 48000,
        "codec": "mp3",
        "md5_encoded": "26caa71a6a62a2b8220bfbdfb12846d8"
    },
    "tags": {
        "file_name": "Austria_Keine Mauern Mehr_Simone.mp3",
        "encoding": ["Lavf58.29.100"]
    }
},
"lowlevel": {
    "average_loudness": 0.0884670764208,
    "barkbands_crest": {
        "max": 20.8355541229,
        "mean": 7.29194927216,
        "min": 2.91295790672,
        "stdev": 2.34641695023
    },
    "barkbands_flatness_db": {
        "max": 0.258007615805,
        "mean": 0.0981495082378,
        "min": 0.047615095973,
        "stdev": 0.0472949258983
    },
    "barkbands_kurtosis": {
        "max": 43.285949707,
        "mean": 2.90277719498,
        "min": -1.81527101994,
        "stdev": 3.89392399788
    },
    "barkbands_skewness": {
        "max": 3.75143647194,
        "mean": -1.1381162405,
        "min": -4.45004415512,
        "stdev": 1.28754711151
    },
    "barkbands_spread": {
        "max": 78.2770385742,
        "mean": 25.4136981964,
        "min": 2.15317130089,
        "stdev": 8.73693656921
    },
    "dissonance": {
        "max": 0.5,
        "mean": 0.486868292093,
        "min": 0.312923550606,
        "stdev": 0.0208485368639
    },
    "dynamic_complexity": 7.91227340698,
    "erbbands_crest": {
        "max": 23.1015796661,
        "mean": 5.6481461525,
        "min": 2.57658529282,
        "stdev": 3.49018287659
    },
    "erbbands_flatness_db": {
        "max": 0.366286933422,
        "mean": 0.144621834159,
        "min": 0.0820523798466,
        "stdev": 0.0699898526073
    },
    "erbbands_kurtosis": {
        "max": 16.7936534882,
        "mean": 0.71245098114,
        "min": -1.68316984177,
        "stdev": 2.05442595482
    },
    "erbbands_skewness": {
        "max": 2.53959107399,
        "mean": -0.505575478077,
        "min": -2.90467834473,
        "stdev": 0.602867245674
    },
    "erbbands_spread": {
        "max": 62.7403297424,
        "mean": 30.9543571472,
        "min": 2.36902880669,
        "stdev": 10.1911392212
    },
    "hfc": {
        "max": 132.30909729,
        "mean": 6.18430423737,
        "min": 1.03916801148e-16,
        "stdev": 19.2714061737
    },
    "loudness_ebu128": {
        "integrated": -19.861076355,
        "loudness_range": 7.87278175354,
        "momentary": {
            "max": -15.3413162231,
            "mean": -194.855194092,
            "min": -300.691009521,
            "stdev": 134.416763306
        },
        "short_term": {
            "max": -19.2412796021,
            "mean": -167.800842285,
            "min": -300.691009521,
            "stdev": 137.546142578
        }
    },
    "melbands_crest": {
        "max": 27.8705024719,
        "mean": 5.88007450104,
        "min": 1.52499437332,
        "stdev": 5.6564002037
    },
    "melbands_flatness_db": {
        "max": 0.32319444418,
        "mean": 0.0648012086749,
        "min": 0.00296165444888,
        "stdev": 0.0876260399818
    },
    "melbands_kurtosis": {
        "max": 29.9416542053,
        "mean": 0.375894725323,
        "min": -1.69756317139,
        "stdev": 4.14229345322
    },
    "melbands_skewness": {
        "max": 4.06845092773,
        "mean": 0.343390822411,
        "min": -3.78234648705,
        "stdev": 0.947943925858
    },
    "melbands_spread": {
        "max": 160.66835022,
        "mean": 99.974647522,
        "min": 4.13744735718,
        "stdev": 46.1912994385
    },
    "pitch_salience": {
        "max": 0.896877169609,
        "mean": 0.765351891518,
        "min": 0.270344257355,
        "stdev": 0.0739717260003
    },
    "silence_rate_20dB": {
        "max": 1,
        "mean": 1,
        "min": 1,
        "stdev": 0
    },
    "silence_rate_30dB": {
        "max": 1,
        "mean": 0.996363639832,
        "min": 0,
        "stdev": 0.0601925477386
    },
    "silence_rate_60dB": {
        "max": 1,
        "mean": 0.805454552174,
        "min": 0,
        "stdev": 0.395850658417
    },
    "spectral_centroid": {
        "max": 11896.3007812,
        "mean": 7761.22265625,
        "min": 500.669342041,
        "stdev": 4349.60986328
    },
    "spectral_complexity": {
        "max": 45,
        "mean": 4.33272743225,
        "min": 0,
        "stdev": 9.61855602264
    },
    "spectral_decrease": {
        "max": 1.8986959709e-28,
        "mean": -1.09269360227e-09,
        "min": -3.137501281e-08,
        "stdev": 3.51559492628e-09
    },
    "spectral_energy": {
        "max": 0.129720315337,
        "mean": 0.00468500610441,
        "min": 9.92037627855e-21,
        "stdev": 0.0147999282926
    },
    "spectral_energyband_high": {
        "max": 0.00774720078334,
        "mean": 0.000157822811161,
        "min": 6.6690192885e-21,
        "stdev": 0.000766093959101
    },
    "spectral_energyband_low": {
        "max": 0.00213130074553,
        "mean": 8.51200020406e-05,
        "min": 8.22629989535e-24,
        "stdev": 0.000222729402594
    },
    "spectral_energyband_middle_high": {
        "max": 0.0541675426066,
        "mean": 0.0018584014615,
        "min": 1.12220277712e-21,
        "stdev": 0.00617199344561
    },
    "spectral_energyband_middle_low": {
        "max": 0.0755050852895,
        "mean": 0.00262158853002,
        "min": 1.64164592327e-22,
        "stdev": 0.00910409167409
    },
    "spectral_entropy": {
        "max": 9.82441043854,
        "mean": 8.98130702972,
        "min": 6.63042497635,
        "stdev": 1.10279512405
    },
    "spectral_flux": {
        "max": 0.242009103298,
        "mean": 0.0241434089839,
        "min": 6.29812660358e-11,
        "stdev": 0.0479212962091
    },
    "spectral_kurtosis": {
        "max": 24.2023658752,
        "mean": 1.65762245655,
        "min": -1.27501225471,
        "stdev": 4.466547966
    },
    "spectral_rms": {
        "max": 0.0112497294322,
        "mean": 0.000912468764,
        "min": 3.11101535158e-12,
        "stdev": 0.00193342752755
    },
    "spectral_rolloff": {
        "max": 19702.8808594,
        "mean": 12827.7705078,
        "min": 322.998046875,
        "stdev": 7834.17529297
    },
    "spectral_skewness": {
        "max": 3.45581364632,
        "mean": 0.523021757603,
        "min": -0.0834075659513,
        "stdev": 0.781838357449
    },
    "spectral_spread": {
        "max": 43516808,
        "mean": 26731868,
        "min": 1325627.875,
        "stdev": 18192886
    },
    "spectral_strongpeak": {
        "max": 5.22065162659,
        "mean": 0.286741584539,
        "min": 0,
        "stdev": 0.734861969948
    },
    "zerocrossingrate": {
        "max": 0.7705078125,
        "mean": 0.350409269333,
        "min": 0.02734375,
        "stdev": 0.203255340457
    },
    "barkbands": {
        "max": [8.48024064908e-05, 0.00060899584787, 0.000994803383946, 0.00263053039089, 0.0112500339746, 0.0204625912011, 0.0294158961624, 0.045431252569, 0.0432354956865, 0.0165794622153, 0.00746417371556, 0.006105650682, 0.0215813815594, 0.0124631309882, 0.0191606599838, 0.012507350184, 0.00640002498403, 0.00657606543973, 0.0185836013407, 0.00921112764627, 0.0042940066196, 0.00305434758775, 0.000643368985038, 9.69178654486e-05, 1.40359352372e-05, 4.40583016825e-06, 3.7262603314e-07],
        "mean": [1.16338526368e-06, 2.4307764761e-05, 3.87468353438e-05, 4.90090460517e-05, 0.000271029944997, 0.000535973638762, 0.000628528185189, 0.000727280392312, 0.000380484125344, 0.000110314467747, 6.68236971251e-05, 6.5401683969e-05, 0.000163824704941, 0.000185072247405, 0.000297529506497, 0.000261900189798, 0.000166357785929, 0.000129171792651, 0.000282387482002, 0.000185288809007, 6.1016962718e-05, 3.97799813072e-05, 1.10378332465e-05, 2.12869372263e-06, 3.73558918909e-07, 5.23551619835e-08, 2.86873582667e-08],
        "min": [6.49581904096e-26, 1.79976150336e-24, 6.5752305868e-25, 2.36527690435e-25, 7.84591905546e-24, 4.80485474381e-24, 6.26963178858e-24, 9.08656375655e-24, 1.14009246691e-23, 1.24028600603e-23, 1.51765021028e-23, 2.02722721824e-23, 3.15639246278e-23, 1.77068176325e-23, 3.10806526601e-23, 5.03959119244e-23, 6.05537456348e-23, 8.33941024293e-23, 1.10213864905e-22, 1.55038771697e-22, 2.20221515258e-22, 2.54118148914e-22, 3.62710166285e-22, 5.55476368546e-22, 8.06663968617e-22, 1.21455448349e-21, 1.90778141513e-21],
        "stdev": [5.5950058595e-06, 6.63158934913e-05, 0.000121908182336, 0.000180381466635, 0.00101124157663, 0.00204768776894, 0.00273708044551, 0.00424631359056, 0.00282976380549, 0.000860638043378, 0.000449679442681, 0.000434714951552, 0.00133680691943, 0.000988192390651, 0.00156828400213, 0.00114164222032, 0.000671487418003, 0.00059905188391, 0.00135691615287, 0.000744925462641, 0.000343407707987, 0.00024401806877, 5.11659236508e-05, 8.8974575192e-06, 1.328242206e-06, 2.22154838525e-07, 5.58106272308e-08]
    },
    "erbbands": {
        "max": [0.0250202622265, 0.142213240266, 0.703224420547, 5.61241912842, 11.4921112061, 36.1295700073, 109.825050354, 171.702438354, 516.162658691, 426.116394043, 1085.4720459, 1122.72668457, 387.224182129, 654.522155762, 338.646087646, 295.36126709, 1012.97192383, 830.731445312, 1014.46405029, 1150.09069824, 386.234466553, 375.162750244, 442.539520264, 852.948181152, 772.145690918, 337.255706787, 175.555618286, 142.283889771, 131.719696045, 71.5681152344, 11.5101528168, 3.68951153755, 0.687874257565, 0.241830810905, 0.0714533254504, 0.0363149084151, 0.00135286117438, 0.00059319625143, 7.42142292438e-05, 0.000154625871801],
        "mean": [0.00061677582562, 0.00603166921064, 0.0368902683258, 0.114717170596, 0.366728901863, 0.778175532818, 2.74856853485, 4.76984024048, 8.52493095398, 10.021771431, 17.2187690735, 10.5216550827, 3.83194255829, 3.78851747513, 2.71030449867, 2.81735563278, 6.85191679001, 9.94195175171, 13.1270751953, 16.3154602051, 12.5145759583, 9.56646347046, 7.20303487778, 11.0020189285, 15.9208450317, 7.69344377518, 3.33149290085, 1.89229404926, 1.42362773418, 0.87985688448, 0.232864484191, 0.0790207609534, 0.0207244940102, 0.00654159206897, 0.00164228561334, 0.000517655804288, 3.21122497553e-05, 4.61281997559e-05, 5.05509024151e-06, 6.08615937381e-06],
        "min": [5.00445785208e-23, 5.68341036458e-22, 1.42554309498e-21, 3.34644418836e-21, 1.27238585878e-20, 1.89835494888e-20, 2.97869709597e-20, 6.40190489725e-20, 6.45070855339e-20, 1.92214414631e-19, 1.91043243206e-19, 3.46323022436e-19, 3.25941214595e-19, 6.16820362673e-19, 8.09101597989e-19, 8.69313160451e-19, 1.30033195544e-18, 1.41743270943e-18, 2.42505698235e-18, 2.98588233573e-18, 2.8629382745e-18, 3.88234614883e-18, 4.5460390628e-18, 5.50056826656e-18, 6.47197402277e-18, 7.09538985836e-18, 8.42447802401e-18, 9.39289310871e-18, 8.42395276432e-18, 1.0005409599e-17, 9.67270514888e-18, 1.02506057849e-17, 9.78709264707e-18, 7.89412703837e-18, 5.99388017233e-18, 4.02869383793e-18, 2.26614090422e-18, 9.03079190043e-19, 2.32009220871e-19, 2.68115570599e-20],
        "stdev": [0.00195921678096, 0.0168668311089, 0.102558717132, 0.401926130056, 1.3487187624, 2.98808193207, 10.9460697174, 19.2013339996, 39.5566864014, 41.1159095764, 105.415039062, 77.9644622803, 26.0856571198, 32.2619552612, 18.790605545, 19.2441215515, 57.4703407288, 58.2986106873, 70.2597961426, 85.9940490723, 47.164440155, 38.6209793091, 32.016242981, 63.5300521851, 66.0820236206, 29.8320217133, 17.0885124207, 10.7990732193, 9.03835964203, 5.17575454712, 1.02540242672, 0.352810800076, 0.0753160119057, 0.0246078968048, 0.00537263182923, 0.00195700209588, 9.46055515669e-05, 8.84224427864e-05, 1.11183780973e-05, 1.85733388207e-05]
    },
    "gfcc": {
        "mean": [-856.367980957, 30.3151130676, -59.1968917847, 13.7643976212, -18.1080608368, -1.6660220623, -13.4050951004, 1.07052230835, -3.27549123764, 1.62704229355, -2.18570327759, -2.36697864532, -2.89154815674],
        "cov": [[297057.78125, 22719.3066406, -42826.8554688, 9994.97949219, -13314.5341797, -2037.2857666, -9753.87402344, 461.282684326, -2247.61181641, 905.49420166, -1442.99694824, -1938.07836914, -2055.02905273], [22719.3066406, 2522.25463867, -3081.34155273, 317.276153564, -1057.17211914, -394.008392334, -891.471130371, -51.5887908936, -180.540863037, 29.4928722382, -108.641197205, -215.12171936, -187.548782349], [-42826.8554688, -3081.34155273, 6391.3125, -1488.47680664, 1919.30993652, 268.193054199, 1355.73254395, -85.5173950195, 286.544128418, -152.375289917, 202.354064941, 297.603729248, 303.212585449], [9994.97949219, 317.276153564, -1488.47680664, 788.93560791, -422.279968262, -34.7029953003, -279.121917725, 25.8560810089, -82.511390686, 21.737903595, -38.9236450195, -26.966091156, -33.6020927429], [-13314.5341797, -1057.17211914, 1919.30993652, -422.279968262, 714.878173828, 153.285140991, 410.547271729, -4.99818706512, 118.669723511, -11.05377388, 42.7651634216, 102.645339966, 93.0729522705], [-2037.2857666, -394.008392334, 268.193054199, -34.7029953003, 153.285140991, 323.268371582, 143.694869995, 65.9521865845, -4.0824508667, 56.2464866638, -19.871137619, 61.6851959229, 12.4938850403], [-9753.87402344, -891.471130371, 1355.73254395, -279.121917725, 410.547271729, 143.694869995, 438.265014648, 19.4813270569, 61.5406417847, -27.1475391388, 60.0247116089, 70.3835906982, 65.5968475342], [461.282684326, -51.5887908936, -85.5173950195, 25.8560810089, -4.99818706512, 65.9521865845, 19.4813270569, 62.4689407349, 1.34378635883, 21.7942466736, -6.02270936966, 15.7605056763, -3.28595542908], [-2247.61181641, -180.540863037, 286.544128418, -82.511390686, 118.669723511, -4.0824508667, 61.5406417847, 1.34378635883, 73.3798294067, 4.33632898331, 7.50971412659, 0.161744147539, 15.1713533401], [905.49420166, 29.4928722382, -152.375289917, 21.737903595, -11.05377388, 56.2464866638, -27.1475391388, 21.7942466736, 4.33632898331, 50.6245613098, -7.95939540863, 2.40209722519, -7.40754938126], [-1442.99694824, -108.641197205, 202.354064941, -38.9236450195, 42.7651634216, -19.871137619, 60.0247116089, -6.02270936966, 7.50971412659, -7.95939540863, 43.6479263306, 10.3416957855, 11.6803007126], [-1938.07836914, -215.12171936, 297.603729248, -26.966091156, 102.645339966, 61.6851959229, 70.3835906982, 15.7605056763, 0.161744147539, 2.40209722519, 10.3416957855, 58.5886154175, 26.2981281281], [-2055.02905273, -187.548782349, 303.212585449, -33.6020927429, 93.0729522705, 12.4938850403, 65.5968475342, -3.28595542908, 15.1713533401, -7.40754938126, 11.6803007126, 26.2981281281, 38.0649261475]],
        "icov": [[0.000593781995121, -0.00190694222692, 0.00215328903869, -0.00172541954089, 0.00117022462655, -0.00117579440121, 0.000960328499787, -0.00110888271593, 0.000288524694042, 0.000387373031117, 0.000384731887607, -0.000964227772783, 0.000268070376478], [-0.00190694222692, 0.0101602822542, -0.00604780483991, 0.00852023251355, -0.00227558473125, 0.00529385637492, 0.00151148904115, 0.00358458003029, 0.00256440462545, -0.00134744145907, -0.000880915322341, 0.00465602520853, 0.000106065046566], [0.00215328903869, -0.00604780483991, 0.0103275030851, -0.00422475859523, 0.000935857766308, -0.00329812685959, 0.00210075709037, -0.00221426272765, 0.00262801302597, 0.00374796777032, 0.000734115717933, -0.00503725325689, -0.00162259570789], [-0.00172541954089, 0.00852023251355, -0.00422475859523, 0.0101220104843, -0.00325817451812, 0.00456218468025, -0.000130788001115, 0.00373945035972, 0.00239428575151, 0.000357317068847, -0.00115708191879, 0.00218337425031, -0.00360366166569], [0.00117022462655, -0.00227558473125, 0.000935857766308, -0.00325817451812, 0.0143991503865, -0.00330794253387, 0.00414171116427, -0.00139739795122, -0.00480626523495, -0.00399852031842, 0.004595879931, -0.00415711430833, 0.00285409926437], [-0.00117579440121, 0.00529385637492, -0.00329812685959, 0.00456218468025, -0.00330794253387, 0.0117262396961, -0.00508486153558, 0.000286376918666, 0.00469776336104, -0.00941058527678, 0.00687140366063, -0.00292313960381, 0.00213832221925], [0.000960328499787, 0.00151148904115, 0.00210075709037, -0.000130788001115, 0.00414171116427, -0.00508486153558, 0.0183555837721, -0.00728569133207, 0.00289323716424, 0.00617204234004, -0.00773756159469, 0.00555971870199, 0.000305842026137], [-0.00110888271593, 0.00358458003029, -0.00221426272765, 0.00373945035972, -0.00139739795122, 0.000286376918666, -0.00728569133207, 0.029428081587, -0.00512376334518, -0.00588667718694, 0.00246761529706, -0.00946962926537, 0.00383509043604], [0.000288524694042, 0.00256440462545, 0.00262801302597, 0.00239428575151, -0.00480626523495, 0.00469776336104, 0.00289323716424, -0.00512376334518, 0.0283769536763, -0.0059393113479, 0.00114509603009, 0.0107905436307, -0.00609900988638], [0.000387373031117, -0.00134744145907, 0.00374796777032, 0.000357317068847, -0.00399852031842, -0.00941058527678, 0.00617204234004, -0.00588667718694, -0.0059393113479, 0.0390495471656, -0.00893839728087, 0.000642419734504, -0.00127876317129], [0.000384731887607, -0.000880915322341, 0.000734115717933, -0.00115708191879, 0.004595879931, 0.00687140366063, -0.00773756159469, 0.00246761529706, 0.00114509603009, -0.00893839728087, 0.0383922122419, -0.00852329749614, 0.00152745563537], [-0.000964227772783, 0.00465602520853, -0.00503725325689, 0.00218337425031, -0.00415711430833, -0.00292313960381, 0.00555971870199, -0.00946962926537, 0.0107905436307, 0.000642419734504, -0.00852329749614, 0.0450866147876, -0.019047126174], [0.000268070376478, 0.000106065046566, -0.00162259570789, -0.00360366166569, 0.00285409926437, 0.00213832221925, 0.000305842026137, 0.00383509043604, -0.00609900988638, -0.00127876317129, 0.00152745563537, -0.019047126174, 0.0580058991909]]
    },
    "melbands": {
        "max": [0.000160922427312, 0.000270526012173, 0.000917932542507, 0.00111824541818, 0.00346880685538, 0.00414077239111, 0.00688716676086, 0.00474956305698, 0.00769128883258, 0.00716328155249, 0.00171255203895, 0.00278759025969, 0.0010945876129, 0.000592532276642, 0.00133381423075, 0.00256298785098, 0.00132517982274, 0.00188357883599, 0.00171878689434, 0.00123490358237, 0.000373509043129, 0.000437603972387, 0.000447885133326, 0.000362695049262, 0.000758357695304, 0.000604356289841, 0.000660340243485, 0.000150323714479, 0.000119013617223, 9.02947285795e-05, 7.28502709535e-05, 8.21562498459e-05, 5.1045055443e-05, 3.17060002999e-05, 6.63021728542e-06, 4.37138214693e-06, 1.78448760835e-06, 4.51173946203e-07, 3.65539790437e-07, 2.23560959967e-07],
        "mean": [5.85361476624e-06, 1.59562732733e-05, 2.71918561339e-05, 3.75417839678e-05, 8.47898700158e-05, 0.000109763968794, 0.000133737790748, 0.00012131233234, 0.000128644824144, 5.87357862969e-05, 1.70002676896e-05, 1.53500714077e-05, 9.04165881366e-06, 7.26253483663e-06, 8.78290211404e-06, 1.90004266187e-05, 1.78806876647e-05, 1.97154240595e-05, 2.34857925534e-05, 1.97502176889e-05, 1.33164794534e-05, 1.0339428627e-05, 6.75425326335e-06, 6.38950905341e-06, 8.94736149348e-06, 1.12478255687e-05, 1.1110097148e-05, 3.51272433363e-06, 2.22434846364e-06, 1.31321166918e-06, 1.03656964257e-06, 8.38503353862e-07, 6.74611840168e-07, 3.97336833657e-07, 1.34059902734e-07, 7.5007221767e-08, 3.51470745841e-08, 1.42922598201e-08, 8.85175754917e-09, 4.26309609836e-09],
        "min": [7.29936397564e-25, 9.82498154283e-25, 9.33701979699e-25, 1.14345634731e-24, 1.19818446008e-24, 1.43416884721e-24, 8.79323529527e-25, 2.1235727333e-24, 1.31445190788e-24, 1.7769427156e-24, 1.36073398276e-24, 2.2514776544e-24, 2.31240611528e-24, 1.99877257151e-24, 1.57172587592e-24, 2.53220465436e-24, 1.77094303398e-24, 2.58288877031e-24, 3.26811997664e-24, 2.51771051852e-24, 2.6714433373e-24, 2.82228616415e-24, 3.19170657062e-24, 3.43540917286e-24, 3.26313338964e-24, 4.08992114946e-24, 3.93662299304e-24, 3.99807407427e-24, 4.78600057374e-24, 4.78080789684e-24, 3.67393270603e-24, 4.64080007452e-24, 4.51440246939e-24, 4.42241142708e-24, 4.15666193749e-24, 5.49772902624e-24, 5.43684789701e-24, 5.78779712539e-24, 4.74029988935e-24, 6.08904456686e-24],
        "stdev": [1.61153784575e-05, 4.20318247052e-05, 8.38579289848e-05, 0.00012497746502, 0.000332304713083, 0.000439221854322, 0.000576065911446, 0.000525905343238, 0.000780807167757, 0.000455733854324, 0.000116572133265, 0.000134371613967, 6.19995262241e-05, 4.53204884252e-05, 7.34546993044e-05, 0.000152240128955, 0.000102520811197, 0.000114062146167, 0.000127388790133, 9.73552087089e-05, 4.78365654999e-05, 4.23672463512e-05, 2.96276048175e-05, 3.21837578667e-05, 5.59292493563e-05, 4.94734049425e-05, 4.84566990053e-05, 1.32672585096e-05, 1.18623102026e-05, 7.26877715351e-06, 6.06183039054e-06, 5.39470147487e-06, 4.2491737986e-06, 2.2337505925e-06, 5.90152637869e-07, 3.58389286248e-07, 1.54698312826e-07, 5.10637363504e-08, 3.35314815914e-08, 1.79481940421e-08]
    },
    "melbands128": {
        "max": [8.32449368318e-05, 0.000262008514255, 0.000263607973466, 0.000313985976391, 0.000312198331812, 0.000586920010392, 0.00126185326371, 0.00118135893717, 0.00159342435654, 0.0013233080972, 0.00235387380235, 0.00534961326048, 0.00521885789931, 0.00458231056109, 0.00390721298754, 0.00916284322739, 0.0146694527939, 0.00975454598665, 0.00916032213718, 0.00595000991598, 0.00879446137697, 0.0188860557973, 0.0103584257886, 0.0066850935109, 0.0104452800006, 0.0101029593498, 0.00294873700477, 0.00208975956775, 0.00116172444541, 0.0049388683401, 0.00257218629122, 0.000819183478598, 0.00130355311558, 0.00147123436909, 0.000669523142278, 0.000635996344499, 0.000705460086465, 0.00121787877288, 0.00151774589904, 0.00301975454204, 0.00259000970982, 0.00335767678916, 0.00170959054958, 0.000910002505407, 0.00216963980347, 0.00266166916117, 0.00167383719236, 0.00194457254838, 0.00256341835484, 0.0018135283608, 0.00103284011129, 0.000989353051409, 0.000427374994615, 0.000387201813282, 0.000533635553438, 0.00049349834444, 0.000691464112606, 0.00042036594823, 0.000380207347916, 0.000593108998146, 0.000443610653747, 0.000524927861989, 0.000733215536457, 0.000939954770729, 0.000664525607135, 0.000699571333826, 0.000595667166635, 0.000618090271018, 0.00105699338019, 0.000334108044626, 0.000158840106451, 0.000105223109131, 0.000159653762239, 0.000192213832634, 0.000162949800142, 9.89219115581e-05, 0.000104732425825, 0.000138061630423, 9.4654642453e-05, 8.06419775472e-05, 7.86432210589e-05, 0.000106505889562, 7.89030818851e-05, 5.19984314451e-05, 8.32522418932e-05, 3.92333349737e-05, 2.64237514784e-05, 1.12642565e-05, 7.38031167202e-06, 5.40517385161e-06, 7.89810474089e-06, 4.72532656204e-06, 3.17112221637e-06, 2.70859732154e-06, 1.2330718846e-06, 8.12560188024e-07, 4.91943978886e-07, 4.93585218919e-07, 4.59309319467e-07, 4.272907006e-07, 1.91169505115e-07, 3.73735275616e-07, 1.66878237451e-07, 1.62133105164e-07, 7.14954353498e-08, 5.24925667378e-08, 7.6018423556e-08, 1.67113896055e-07, 6.42982342924e-08, 2.30828831604e-08, 5.86788795331e-09, 1.2507830327e-09, 9.56708490207e-10, 1.4918689617e-09, 8.16574141638e-10, 6.24156326623e-09, 1.16720606513e-08, 2.39818809256e-09, 5.19979748148e-09, 1.74934078334e-09, 3.29718252701e-10, 5.15375277177e-11, 2.7797127447e-11, 2.72936031415e-11, 2.68660597241e-11, 2.64528590005e-11, 2.6150142815e-11, 2.59978791967e-11],
        "mean": [1.07673781713e-06, 5.00277246829e-06, 6.0776637838e-06, 1.07310588646e-05, 1.62155920407e-05, 2.00127251446e-05, 2.0972247512e-05, 2.65369690169e-05, 4.24636491516e-05, 2.80269177892e-05, 3.45765110978e-05, 8.31730721984e-05, 0.000110555694846, 7.15228525223e-05, 8.29608470667e-05, 0.000154715322424, 0.000143161043525, 0.00012245697144, 0.000137281909701, 9.12621326279e-05, 0.000110364766442, 0.00021270760044, 0.000121037446661, 6.17769546807e-05, 8.68758797878e-05, 4.60078226752e-05, 2.13204784814e-05, 1.3970310647e-05, 1.17045337902e-05, 1.94894073502e-05, 1.59133251145e-05, 9.22803155845e-06, 9.01253133634e-06, 8.51185086503e-06, 7.42281963539e-06, 6.81324809193e-06, 6.78462038195e-06, 7.80632854003e-06, 8.92274420039e-06, 1.74098113348e-05, 2.08967303479e-05, 2.35040279222e-05, 1.74024262378e-05, 1.45003195939e-05, 1.76323992491e-05, 2.20025322051e-05, 2.07635875995e-05, 2.26701686188e-05, 2.69448755716e-05, 2.10797788895e-05, 1.87310615729e-05, 1.8515440388e-05, 1.3775980733e-05, 1.15777411338e-05, 1.08539416033e-05, 1.06532143036e-05, 9.91453271126e-06, 6.69492783345e-06, 5.93727918385e-06, 6.02239288128e-06, 6.13837391938e-06, 6.67924496156e-06, 8.62458909978e-06, 9.88129704638e-06, 8.45144586492e-06, 1.18804100566e-05, 1.22523324535e-05, 1.28446645249e-05, 1.23869804156e-05, 6.37608718534e-06, 3.16918499266e-06, 2.00928548111e-06, 2.25514622798e-06, 2.48784795076e-06, 1.9870910819e-06, 1.18654315884e-06, 1.13051282824e-06, 1.08142273803e-06, 9.30637440888e-07, 1.16608407552e-06, 8.24047731385e-07, 7.86934606367e-07, 6.95732126132e-07, 6.41666304091e-07, 7.09670075594e-07, 4.6134078957e-07, 3.24849253275e-07, 1.78620425118e-07, 1.21576405832e-07, 9.70146487589e-08, 8.42105691845e-08, 6.97028568197e-08, 5.62141480032e-08, 3.70106185699e-08, 2.07833554811e-08, 1.56924286898e-08, 1.35302036242e-08, 1.13192442086e-08, 9.66432800453e-09, 7.72640973423e-09, 4.35225500084e-09, 4.73206807072e-09, 2.28204832808e-09, 1.75725700657e-09, 1.58079704882e-09, 1.46232825848e-09, 1.44842193794e-09, 1.44530520885e-09, 1.07032871455e-09, 2.28615446018e-10, 7.42753011873e-11, 9.82505309749e-12, 4.57966780817e-12, 1.09426764525e-11, 1.00262827554e-11, 4.42695408109e-10, 8.5015294804e-10, 4.88760733275e-11, 9.16808920448e-11, 4.12258109594e-11, 2.00691611767e-12, 6.99349757792e-13, 5.51496023328e-13, 5.37863753102e-13, 5.07273747747e-13, 4.63388279571e-13, 4.38559182459e-13, 4.33113641523e-13],
        "min": [5.9320240809e-27, 1.46031736755e-25, 2.78786106311e-25, 1.89435393776e-25, 1.81446562411e-25, 3.7106804108e-25, 2.76210475455e-25, 7.66736561577e-26, 4.29665122157e-25, 1.94140764187e-25, 5.56820674698e-26, 2.23941439344e-25, 2.32111080093e-25, 4.64816172448e-25, 6.38882324794e-25, 2.59250138556e-25, 3.99296319237e-25, 1.77536795202e-25, 5.11617219195e-25, 9.2715344811e-25, 3.51240342702e-25, 5.71735470617e-25, 6.84142676889e-25, 6.73955179247e-25, 7.30924840278e-25, 2.56898297679e-25, 6.2803785393e-25, 4.7108327791e-25, 8.65141486781e-25, 4.65762115281e-25, 9.66300966354e-25, 4.03892395434e-25, 7.16121668176e-25, 4.57140654448e-25, 1.13991791172e-24, 5.49219358926e-25, 5.47049843526e-25, 7.09647634638e-25, 5.61541859304e-25, 6.46737900296e-25, 1.0463258762e-24, 7.13231528339e-25, 7.27743857285e-25, 8.28583996103e-25, 1.20740279279e-24, 8.70937642282e-25, 1.02157309732e-24, 1.128647949e-24, 1.27313837481e-24, 1.38048331274e-24, 1.80973763558e-24, 1.48427995432e-24, 1.88993915166e-24, 1.5065213945e-24, 9.35393100265e-25, 1.47063729522e-24, 1.72552732559e-24, 1.7087101916e-24, 2.00738062171e-24, 1.82736907124e-24, 2.00260091349e-24, 1.88588598433e-24, 1.14365721102e-24, 8.76523073314e-25, 1.41609939653e-24, 2.03901335237e-24, 1.99488960092e-24, 1.70063481973e-24, 1.99045008896e-24, 2.31871798859e-24, 1.91257295154e-24, 2.25098008038e-24, 1.78357289429e-24, 1.85560772785e-24, 1.87035252425e-24, 3.02538885661e-24, 2.6241844554e-24, 1.69702242843e-24, 2.18354253096e-24, 2.36363829233e-24, 1.96071456879e-24, 1.8943433621e-24, 3.08328197793e-24, 3.07727835201e-24, 2.24815832493e-24, 2.74741024804e-24, 2.822854144e-24, 3.0989939178e-24, 2.71889470125e-24, 2.25735880966e-24, 3.95421735224e-24, 2.84254628156e-24, 3.33171814003e-24, 3.47887107e-24, 3.561630862e-24, 4.00733766788e-24, 4.1548850283e-24, 2.72799933939e-24, 2.99232059632e-24, 3.31691358742e-24, 3.73295172909e-24, 4.1570611011e-24, 3.38422984948e-24, 4.07938472878e-24, 3.31534651523e-24, 3.73902240818e-24, 4.12290736821e-24, 4.23255863961e-24, 2.61136783227e-24, 4.5203165596e-24, 3.36514690975e-24, 4.47173061645e-24, 3.97705605874e-24, 4.270560436e-24, 2.95550130243e-24, 4.3744415843e-24, 4.2137971607e-24, 4.59332287537e-24, 4.27099549278e-24, 3.88116449368e-24, 5.90621737461e-24, 5.09498555741e-24, 4.8892360394e-24, 5.5992005989e-24, 4.71485163098e-24, 4.85156635345e-24, 5.29627130598e-24, 5.42905316241e-24],
        "stdev": [5.38298354513e-06, 1.88329777302e-05, 1.82756612048e-05, 3.45063708664e-05, 4.67312966066e-05, 6.97074065101e-05, 9.08905130927e-05, 9.78405223577e-05, 0.000176708635991, 0.000124661746668, 0.000162263473612, 0.000398378033424, 0.000489224272314, 0.000325658154907, 0.000369049026631, 0.000787851109635, 0.000867273483891, 0.00068121321965, 0.000708139501512, 0.000449253653642, 0.000637590244878, 0.00144441472366, 0.000857016770169, 0.000437918439275, 0.000736674119253, 0.000465425488073, 0.000183864554856, 0.000104784550786, 7.06208884367e-05, 0.000222015602048, 0.000138350762427, 5.60636108276e-05, 7.24383862689e-05, 7.17480870662e-05, 4.67473473691e-05, 4.52143685834e-05, 5.09320161655e-05, 6.45443578833e-05, 8.9011817181e-05, 0.000163369841175, 0.000164020559168, 0.000191753759282, 0.000104764025309, 7.68804384279e-05, 0.000119237454783, 0.00014323159121, 0.000115511727927, 0.000129470208776, 0.000172542073415, 0.000126363971503, 9.34615527513e-05, 8.96515120985e-05, 5.19983113918e-05, 4.34933281213e-05, 4.55731460534e-05, 4.52601670986e-05, 5.08904740855e-05, 3.05360881612e-05, 2.5363477107e-05, 3.269199442e-05, 3.3468069887e-05, 3.84891063732e-05, 5.49434626009e-05, 6.80891535012e-05, 4.80386224808e-05, 5.71381024201e-05, 5.41767985851e-05, 5.78139661229e-05, 6.23597661615e-05, 2.62926896539e-05, 1.24351327031e-05, 8.81057439983e-06, 1.20265531223e-05, 1.48937069753e-05, 1.10054543256e-05, 6.71343514114e-06, 7.01824092175e-06, 7.58310488891e-06, 6.00808652962e-06, 7.03412706571e-06, 5.13086752107e-06, 6.07371794104e-06, 4.95514404975e-06, 4.07249353884e-06, 5.16052796229e-06, 2.59704597738e-06, 1.73252715285e-06, 9.06718014448e-07, 5.86317071338e-07, 4.48482722959e-07, 4.6980545676e-07, 3.49838302327e-07, 2.77257072412e-07, 1.78105892701e-07, 8.45218650625e-08, 6.1213178526e-08, 5.06462107808e-08, 4.30113935579e-08, 3.94270927018e-08, 3.10253334135e-08, 1.79939085854e-08, 2.48584637319e-08, 9.26729537554e-09, 8.03842503672e-09, 5.10499154061e-09, 4.17126555519e-09, 4.69136818282e-09, 7.73512720542e-09, 3.80210884998e-09, 1.15534104506e-09, 4.42462094741e-10, 6.66092112023e-11, 4.73805994439e-11, 1.07728166665e-10, 5.32378308105e-11, 8.99909480268e-10, 1.72225345096e-09, 2.15286857785e-10, 4.42677144941e-10, 1.9193489853e-10, 1.59102748337e-11, 3.07144912802e-12, 1.95369111514e-12, 1.920504554e-12, 1.87905658915e-12, 1.83805119562e-12, 1.81263587039e-12, 1.80147671953e-12]
    },
    "mfcc": {
        "mean": [-1083.94152832, 39.5423698425, -16.1829280853, 11.6110248566, 0.508185863495, 0.0952920466661, -4.51185321808, -1.29555010796, -2.35953593254, 3.77296876907, 0.39232724905, -0.711107909679, 2.50576138496],
        "cov": [[62412.0078125, 12888.5966797, -5606.30273438, 4196.20019531, -225.851776123, -369.327362061, -1869.81933594, -575.15612793, -1074.38256836, 1248.92480469, 2.95676231384, -447.137237549, 860.732666016], [12888.5966797, 3957.35009766, -1082.30358887, 518.347473145, 20.8466186523, -235.082366943, -495.651641846, -240.810852051, -293.814880371, 253.384277344, -4.58935499191, -153.609970093, 255.493423462], [-5606.30273438, -1082.30358887, 677.217956543, -350.134643555, 4.00050878525, 19.6357955933, 176.635665894, 52.5234642029, 67.8836669922, -149.775054932, -35.4461326599, 22.4277458191, -70.0580749512], [4196.20019531, 518.347473145, -350.134643555, 566.997375488, 11.9779005051, -31.4374256134, -135.475631714, -27.5636863708, -84.5163040161, 57.9754257202, -35.6453475952, -32.8466644287, 50.60131073], [-225.851776123, 20.8466186523, 4.00050878525, 11.9779005051, 163.173446655, 54.6770782471, -15.5336923599, -6.80372714996, 33.6680450439, -1.27045595646, 4.43083953857, 10.6963386536, 0.651288092136], [-369.327362061, -235.082366943, 19.6357955933, -31.4374256134, 54.6770782471, 157.595596313, 92.5661392212, 41.9210090637, 69.2412796021, 0.715668737888, 26.4486370087, 46.6928100586, -31.3665428162], [-1869.81933594, -495.651641846, 176.635665894, -135.475631714, -15.5336923599, 92.5661392212, 180.252258301, 72.0381088257, 65.318107605, -35.023349762, 21.5224170685, 49.6160011292, -44.3447303772], [-575.15612793, -240.810852051, 52.5234642029, -27.5636863708, -6.80372714996, 41.9210090637, 72.0381088257, 68.4853515625, 41.7255821228, -13.1657094955, 15.4208126068, 22.3002700806, -19.1851558685], [-1074.38256836, -293.814880371, 67.8836669922, -84.5163040161, 33.6680450439, 69.2412796021, 65.318107605, 41.7255821228, 90.9013137817, -6.05357408524, 20.9245681763, 38.266872406, -29.9295978546], [1248.92480469, 253.384277344, -149.775054932, 57.9754257202, -1.27045595646, 0.715668737888, -35.023349762, -13.1657094955, -6.05357408524, 78.0377655029, 21.9879779816, -9.95969200134, 23.3428421021], [2.95676231384, -4.58935499191, -35.4461326599, -35.6453475952, 4.43083953857, 26.4486370087, 21.5224170685, 15.4208126068, 20.9245681763, 21.9879779816, 43.3072357178, 17.8472442627, -8.67540645599], [-447.137237549, -153.609970093, 22.4277458191, -32.8466644287, 10.6963386536, 46.6928100586, 49.6160011292, 22.3002700806, 38.266872406, -9.95969200134, 17.8472442627, 53.2041358948, -16.0695323944], [860.732666016, 255.493423462, -70.0580749512, 50.60131073, 0.651288092136, -31.3665428162, -44.3447303772, -19.1851558685, -29.9295978546, 23.3428421021, -8.67540645599, -16.0695323944, 46.8646125793]],
        "icov": [[0.000487307610456, -0.00103214615956, 0.00120226538274, -0.00159843708389, 0.00137668999378, -0.00197202526033, 0.00125595822465, -0.00184044032358, 0.00103507831227, -0.0010438534664, 0.000925179687329, -0.000422298413469, 0.000503499526531], [-0.00103214615956, 0.00291178189218, -0.00159818015527, 0.00367262354121, -0.00320985889994, 0.00419963197783, -0.00248263427056, 0.00451436499134, -0.00132112926804, 0.00238384259865, -0.00221340218559, 0.00131721468642, -0.00290689058602], [0.00120226538274, -0.00159818015527, 0.00896624848247, -0.00191952323075, 0.0018989626551, -0.00291916658171, -0.000647682754789, -0.0031044438947, 0.0021340996027, 0.0027697046753, 0.00532694486901, 0.00175083591603, -0.000186260673217], [-0.00159843708389, 0.00367262354121, -0.00191952323075, 0.00914321094751, -0.00544988317415, 0.00560385314748, -0.00235051917844, 0.00241043092683, 0.000522693269886, 0.00205314788036, 0.00244859000668, -0.000164894430782, -0.00110949471127], [0.00137668999378, -0.00320985889994, 0.0018989626551, -0.00544988317415, 0.0133916977793, -0.0105288857594, 0.00747139193118, -0.00257189199328, -0.00216168421321, -0.000374652503524, -0.000117039948236, -0.000146672085975, -0.00154450035188], [-0.00197202526033, 0.00419963197783, -0.00291916658171, 0.00560385314748, -0.0105288857594, 0.0239411182702, -0.0137753840536, 0.00906660873443, -0.00902555231005, 0.00277567259036, -0.00345543934964, -0.000938016979489, 0.00164829392452], [0.00125595822465, -0.00248263427056, -0.000647682754789, -0.00235051917844, 0.00747139193118, -0.0137753840536, 0.0247068237513, -0.0175059419125, 0.0070728380233, -0.00553043140098, 0.00252801086754, -0.00877215061337, 0.00365687021986], [-0.00184044032358, 0.00451436499134, -0.0031044438947, 0.00241043092683, -0.00257189199328, 0.00906660873443, -0.0175059419125, 0.0422287471592, -0.0177159421146, 0.0127355083823, -0.0149315372109, 0.00910900719464, -0.00852385722101], [0.00103507831227, -0.00132112926804, 0.0021340996027, 0.000522693269886, -0.00216168421321, -0.00902555231005, 0.0070728380233, -0.0177159421146, 0.034823667258, -0.0121698873118, 0.00725244125351, -0.013463540934, 0.00927451811731], [-0.0010438534664, 0.00238384259865, 0.0027697046753, 0.00205314788036, -0.000374652503524, 0.00277567259036, -0.00553043140098, 0.0127355083823, -0.0121698873118, 0.0361252613366, -0.0201529413462, 0.0134295495227, -0.0149487871677], [0.000925179687329, -0.00221340218559, 0.00532694486901, 0.00244859000668, -0.000117039948236, -0.00345543934964, 0.00252801086754, -0.0149315372109, 0.00725244125351, -0.0201529413462, 0.0506788678467, -0.0143003659323, 0.0135102206841], [-0.000422298413469, 0.00131721468642, 0.00175083591603, -0.000164894430782, -0.000146672085975, -0.000938016979489, -0.00877215061337, 0.00910900719464, -0.013463540934, 0.0134295495227, -0.0143003659323, 0.0384309366345, -0.00658394210041], [0.000503499526531, -0.00290689058602, -0.000186260673217, -0.00110949471127, -0.00154450035188, 0.00164829392452, 0.00365687021986, -0.00852385722101, 0.00927451811731, -0.0149487871677, 0.0135102206841, -0.00658394210041, 0.043565493077]]
    },
    "spectral_contrast_coeffs": {
        "max": [-0.424149394035, -0.533179044724, -0.635386586189, -0.601323604584, -0.601240813732, -0.54560148716],
        "mean": [-0.886661231518, -0.90552341938, -0.920372366905, -0.908784210682, -0.896429121494, -0.885137736797],
        "min": [-0.987594902515, -0.984508097172, -0.977924406528, -0.975239098072, -0.969863593578, -0.966353058815],
        "stdev": [0.124886617064, 0.096780538559, 0.0601453892887, 0.0813274756074, 0.0929789692163, 0.107991985977]
    },
    "spectral_contrast_valleys": {
        "max": [-6.85508441925, -4.9678812027, -4.94893550873, -5.60850048065, -5.24230766296, -9.87594032288],
        "mean": [-20.4187202454, -20.0751934052, -20.3485145569, -20.1885852814, -20.2852783203, -21.6054401398],
        "min": [-28.2049350739, -28.2374591827, -27.7705116272, -27.8767204285, -27.5628376007, -27.4415111542],
        "stdev": [8.99748706818, 9.41414642334, 9.1239528656, 9.27352142334, 9.20907783508, 7.44625663757]
    }
},
"rhythm": {
    "beats_count": 23,
    "beats_loudness": {
        "max": 0.107203282416,
        "mean": 0.012975753285,
        "min": 0,
        "stdev": 0.0288931578398
    },
    "bpm": 107.550697327,
    "bpm_histogram_first_peak_bpm": 105,
    "bpm_histogram_first_peak_weight": 0.399999976158,
    "bpm_histogram_second_peak_bpm": 110,
    "bpm_histogram_second_peak_spread": 0.285714268684,
    "bpm_histogram_second_peak_weight": 0.227272734046,
    "danceability": 0.959699332714,
    "onset_rate": 1.72422373295,
    "beats_loudness_band_ratio": {
        "max": [0.300969690084, 0.531265497208, 0.633644998074, 0.291773945093, 0.394454598427, 0.577643215656],
        "mean": [0.0334913469851, 0.0808962807059, 0.148868456483, 0.0383580513299, 0.0713517963886, 0.0383148081601],
        "min": [0, 0, 0, 0, 0, 0],
        "stdev": [0.0676028952003, 0.150343224406, 0.220603123307, 0.0689599961042, 0.123742692173, 0.117496706545]
    },
    "beats_position": [0.557278871536, 1.1261677742, 1.69505667686, 2.2523355484, 2.80961441994, 3.35528349876, 3.90095233917, 4.446621418, 4.93424034119, 5.42185926437, 5.97913837433, 6.53641700745, 7.08208608627, 7.65097475052, 8.2198638916, 8.78875255585, 9.35764122009, 9.86848068237, 10.3909292221, 10.9249887466, 11.4706573486, 11.9814968109, 12.5155553818],
