{
"metadata": {
    "version": {
        "essentia": "2.1-beta5",
        "essentia_git_sha": "Undefined",
        "extractor": "music 2.0"
    },
    "audio_properties": {
        "analysis": {
            "equal_loudness": 0,
            "length": 40.5768699646,
            "sample_rate": 44100,
            "start_time": 142.744674683,
            "downmix": "mix"
        },
        "bit_rate": 192000,
        "length": 183.344772339,
        "lossless": 0,
        "number_channels": 2,
        "replay_gain": -8.70419311523,
        "sample_rate": 48000,
        "codec": "mp3",
        "md5_encoded": "ad6f9ce1653133df2bdff6837938374e"
    },
    "tags": {
        "file_name": "Sweden_Som En Vind_Edin-Ådahl.mp3",
        "encoding": ["Lavf58.29.100"]
    }
},
"lowlevel": {
    "average_loudness": 0.983726084232,
    "barkbands_crest": {
        "max": 24.8480701447,
        "mean": 8.13987255096,
        "min": 2.25940990448,
        "stdev": 3.47241020203
    },
    "barkbands_flatness_db": {
        "max": 0.324670433998,
        "mean": 0.177939102054,
        "min": 0.0552371889353,
        "stdev": 0.0350035093725
    },
    "barkbands_kurtosis": {
        "max": 28.0434246063,
        "mean": 0.652094841003,
        "min": -1.85211503506,
        "stdev": 2.30306172371
    },
    "barkbands_skewness": {
        "max": 4.66233682632,
        "mean": 0.745115935802,
        "min": -2.09424757957,
        "stdev": 0.669904530048
    },
    "barkbands_spread": {
        "max": 131.477813721,
        "mean": 16.7316265106,
        "min": 1.71809542179,
        "stdev": 7.10954380035
    },
    "dissonance": {
        "max": 0.499971419573,
        "mean": 0.466464549303,
        "min": 0.317283391953,
        "stdev": 0.0254738777876
    },
    "dynamic_complexity": 1.30491411686,
    "erbbands_crest": {
        "max": 26.9383583069,
        "mean": 8.50881481171,
        "min": 3.00756311417,
        "stdev": 3.79840111732
    },
    "erbbands_flatness_db": {
        "max": 0.373854279518,
        "mean": 0.240193665028,
        "min": 0.0898623242974,
        "stdev": 0.0324163250625
    },
    "erbbands_kurtosis": {
        "max": 14.9359378815,
        "mean": -0.0778997465968,
        "min": -1.62668538094,
        "stdev": 1.11046648026
    },
    "erbbands_skewness": {
        "max": 3.38351631165,
        "mean": 0.226960897446,
        "min": -1.84398686886,
        "stdev": 0.563948214054
    },
    "erbbands_spread": {
        "max": 66.0565643311,
        "mean": 25.6901016235,
        "min": 3.83852577209,
        "stdev": 8.34703540802
    },
    "hfc": {
        "max": 83.5935440063,
        "mean": 29.8745346069,
        "min": 1.11576037017e-16,
        "stdev": 12.5653171539
    },
    "loudness_ebu128": {
        "integrated": -14.1763181686,
        "loudness_range": 0.983939170837,
        "momentary": {
            "max": -12.8173933029,
            "mean": -14.8466033936,
            "min": -160.834289551,
            "stdev": 7.94668340683
        },
        "short_term": {
            "max": -13.3097629547,
            "mean": -14.1545095444,
            "min": -17.5310726166,
            "stdev": 0.510170996189
        }
    },
    "melbands_crest": {
        "max": 30.0854301453,
        "mean": 10.3281793594,
        "min": 1.81392776966,
        "stdev": 4.18721628189
    },
    "melbands_flatness_db": {
        "max": 0.349726855755,
        "mean": 0.174896135926,
        "min": 0.00410562939942,
        "stdev": 0.048232588917
    },
    "melbands_kurtosis": {
        "max": 42.1606864929,
        "mean": 2.61192202568,
        "min": -1.65003347397,
        "stdev": 3.51454496384
    },
    "melbands_skewness": {
        "max": 5.09018468857,
        "mean": 1.2578868866,
        "min": -0.346448481083,
        "stdev": 0.673316776752
    },
    "melbands_spread": {
        "max": 144.221069336,
        "mean": 26.5336036682,
        "min": 2.96623492241,
        "stdev": 14.8985385895
    },
    "pitch_salience": {
        "max": 0.889467179775,
        "mean": 0.61688131094,
        "min": 0.1999861449,
        "stdev": 0.0859914794564
    },
    "silence_rate_20dB": {
        "max": 1,
        "mean": 1,
        "min": 1,
        "stdev": 0
    },
    "silence_rate_30dB": {
        "max": 1,
        "mean": 1,
        "min": 1,
        "stdev": 0
    },
    "silence_rate_60dB": {
        "max": 1,
        "mean": 0.0131503716111,
        "min": 0,
        "stdev": 0.113918550313
    },
    "spectral_centroid": {
        "max": 11885.8066406,
        "mean": 1555.30993652,
        "min": 332.858276367,
        "stdev": 1032.24694824
    },
    "spectral_complexity": {
        "max": 53,
        "mean": 28.9439678192,
        "min": 0,
        "stdev": 8.46275424957
    },
    "spectral_decrease": {
        "max": 1.36857893888e-28,
        "mean": -7.25630711074e-09,
        "min": -3.15470352064e-08,
        "stdev": 2.9086881792e-09
    },
    "spectral_energy": {
        "max": 0.125619053841,
        "mean": 0.030096706003,
        "min": 1.00648154229e-20,
        "stdev": 0.0118006765842
    },
    "spectral_energyband_high": {
        "max": 0.00397659139708,
        "mean": 0.0005224244087,
        "min": 7.0619502743e-21,
        "stdev": 0.00047002613428
    },
    "spectral_energyband_low": {
        "max": 0.0237259734422,
        "mean": 0.000828019983601,
        "min": 2.1052788517e-23,
        "stdev": 0.00111811119132
    },
    "spectral_energyband_middle_high": {
        "max": 0.059970010072,
        "mean": 0.0120177976787,
        "min": 1.31807878267e-21,
        "stdev": 0.00697887456045
    },
    "spectral_energyband_middle_low": {
        "max": 0.0987036749721,
        "mean": 0.0175439417362,
        "min": 1.48417212098e-22,
        "stdev": 0.0103045022115
    },
    "spectral_entropy": {
        "max": 9.80974960327,
        "mean": 7.47301006317,
        "min": 6.31045722961,
        "stdev": 0.371502131224
    },
    "spectral_flux": {
        "max": 0.25580573082,
        "mean": 0.0968677327037,
        "min": 6.36950978072e-11,
        "stdev": 0.0309291426092
    },
    "spectral_kurtosis": {
        "max": 33.855255127,
        "mean": 4.49744558334,
        "min": -1.25828528404,
        "stdev": 3.83008909225
    },
    "spectral_rms": {
        "max": 0.0110704638064,
        "mean": 0.00528949173167,
        "min": 3.13358128508e-12,
        "stdev": 0.00117641873658
    },
    "spectral_rolloff": {
        "max": 19466.015625,
        "mean": 1905.27783203,
        "min": 322.998046875,
        "stdev": 1824.41015625
    },
    "spectral_skewness": {
        "max": 3.87508368492,
        "mean": 1.1995960474,
        "min": -0.046449162066,
        "stdev": 0.473468393087
    },
    "spectral_spread": {
        "max": 43666128,
        "mean": 3003359,
        "min": 1444604.875,
        "stdev": 3805383
    },
    "spectral_strongpeak": {
        "max": 12.4198331833,
        "mean": 1.71608710289,
        "min": 0,
        "stdev": 1.26977920532
    },
    "zerocrossingrate": {
        "max": 0.65234375,
        "mean": 0.0649818852544,
        "min": 0.013671875,
        "stdev": 0.0494957491755
    },
    "barkbands": {
        "max": [0.000170666025952, 0.00281159346923, 0.00783944129944, 0.0481352955103, 0.058223888278, 0.0320775397122, 0.0348592028022, 0.0236266572028, 0.0581301487982, 0.0447393134236, 0.0259677059948, 0.0169764757156, 0.0127883171663, 0.0234916005284, 0.0179396681488, 0.00869361776859, 0.00676026847214, 0.00554792862386, 0.00248922337778, 0.00492851901799, 0.0018587205559, 0.00116296834312, 0.000534710416105, 0.000212359896977, 3.27401976392e-05, 9.60567376751e-06, 1.02302237792e-05],
        "mean": [5.09527853865e-06, 0.000158890863531, 0.0003958271991, 0.000697592855431, 0.00374290021136, 0.00299049122259, 0.00285211764276, 0.00190062366892, 0.00440224120393, 0.00221240031533, 0.00201384397224, 0.0010663731955, 0.00110549584497, 0.00137437926605, 0.00179564405698, 0.00072848808486, 0.000794044346549, 0.000619530619588, 0.000473147636512, 0.000423861987656, 0.000206729164347, 9.38603188843e-05, 3.31457486027e-05, 8.71869997354e-06, 1.25101041704e-06, 7.47180806115e-09, 7.14001346935e-09],
        "min": [4.72595376354e-25, 5.95682911256e-24, 2.43372030072e-24, 4.44707476886e-24, 1.1565163143e-23, 1.02116624231e-23, 8.16846061378e-24, 1.76688529126e-23, 2.20523021051e-23, 1.77244802282e-23, 2.04003200845e-23, 2.42563763189e-23, 1.03579629889e-23, 4.40833396757e-23, 3.93256438257e-23, 9.07992028555e-23, 9.84233478669e-23, 9.72312023343e-23, 1.16971727046e-22, 2.05190357622e-22, 2.33280457523e-22, 3.52825196406e-22, 4.77437451527e-22, 6.44971111009e-22, 1.00515884091e-21, 1.43843548031e-21, 2.07392314533e-21],
        "stdev": [1.00698744063e-05, 0.000213616222027, 0.000571842421778, 0.00146956113167, 0.00459427060559, 0.00319352815859, 0.00319087598473, 0.00255281222053, 0.00669956067577, 0.00394571665674, 0.00269871507771, 0.00119557243306, 0.00117473606952, 0.00196873722598, 0.00201726565138, 0.000921882106923, 0.000771814258769, 0.00057337625185, 0.000401321332902, 0.000384382146876, 0.000189598547877, 0.000119230804557, 4.61937233922e-05, 1.54685021698e-05, 2.05982496482e-06, 2.33598143495e-07, 2.45087591111e-07]
    },
    "erbbands": {
        "max": [0.0766386091709, 0.857698380947, 6.77697324753, 84.0490646362, 175.545669556, 244.119766235, 219.511688232, 343.027618408, 537.766174316, 676.190795898, 844.750549316, 1660.79956055, 1507.91162109, 1023.71600342, 417.059906006, 743.044494629, 510.795837402, 1041.74804688, 1221.88012695, 772.940185547, 513.871398926, 445.606872559, 370.001861572, 222.04977417, 118.121002197, 258.514556885, 77.9633865356, 90.7447738647, 40.6427612305, 43.6168823242, 20.0624332428, 6.08081626892, 2.28037786484, 0.576649785042, 0.105486951768, 0.0383169539273, 0.0177876669914, 0.00633872393519, 0.00145519874059, 0.000159553484991],
        "mean": [0.00292329629883, 0.0474633723497, 0.387189477682, 1.44534814358, 5.67581987381, 17.7193756104, 18.8916683197, 23.6343688965, 28.9535312653, 48.6040687561, 64.1194839478, 92.702331543, 78.1058425903, 83.1569747925, 47.8710784912, 47.5642471313, 50.6646270752, 64.1314163208, 73.9082260132, 79.570892334, 43.6808013916, 45.1516494751, 39.7121505737, 30.0669288635, 20.6581077576, 17.7329540253, 10.8639354706, 6.43200540543, 3.76113891602, 1.96917879581, 0.809158504009, 0.300722032785, 0.090177193284, 0.0231452193111, 0.00506412563846, 0.000221622787649, 3.80021156161e-05, 1.20445884022e-05, 1.86208580999e-05, 3.67384091078e-05],
        "min": [2.19344907777e-22, 1.48900042935e-21, 4.48136729078e-21, 7.69311735445e-21, 2.30049494291e-20, 3.05139787076e-20, 8.94032832672e-20, 1.45109231707e-19, 1.47125225956e-19, 3.24173090186e-19, 6.14454832917e-19, 5.16533450497e-19, 6.09004384764e-19, 8.50572142903e-19, 1.16538633069e-18, 9.51536050712e-19, 6.65296713785e-19, 1.92052974825e-18, 2.76807265235e-18, 3.75958137899e-18, 6.22939958582e-18, 5.91741228778e-18, 6.72500981292e-18, 7.54941109861e-18, 7.50898099181e-18, 9.62344406186e-18, 9.19800273895e-18, 1.29218697678e-17, 1.37105078997e-17, 1.1119923805e-17, 1.44779139597e-17, 1.12821852083e-17, 1.12765760966e-17, 8.81590237141e-18, 7.22319257172e-18, 5.24041334647e-18, 2.49524718643e-18, 1.03289846634e-18, 2.43302717774e-19, 3.08299164651e-20],
        "stdev": [0.00390981975943, 0.062916316092, 0.524826109409, 2.68447208405, 8.43129062653, 24.2666072845, 21.4153881073, 29.1286067963, 34.0257949829, 53.7611503601, 81.8396530151, 152.521270752, 128.957000732, 107.994804382, 55.2358055115, 51.8304672241, 49.7511634827, 73.8739242554, 91.0915985107, 82.639213562, 49.6577033997, 44.1003761292, 36.8354568481, 26.7778682709, 15.9499378204, 17.09765625, 9.27101993561, 6.88681316376, 4.41319417953, 2.82888221741, 1.24057364464, 0.49919372797, 0.168581053615, 0.0400482416153, 0.00778837082908, 0.000968715990894, 0.000429739535321, 0.00015284481924, 3.51080416294e-05, 1.42542539834e-05]
    },
    "gfcc": {
        "mean": [-23.1432857513, 139.907913208, -196.608383179, 29.867149353, -75.0046615601, -12.0172386169, -30.7996997833, -16.8225822449, -9.33793544769, -19.5799884796, -2.88346862793, -20.5589809418, 3.99606657028],
        "cov": [[17882.5722656, 1931.80419922, -2736.72875977, 673.555175781, -1070.75378418, -169.981964111, -367.727478027, -322.338531494, -39.8660125732, -265.073364258, -15.3442707062, -296.759857178, 21.7894363403], [1931.80419922, 715.324157715, -96.2520904541, -93.0652389526, -38.0040855408, -122.426826477, -31.8091259003, -48.2110481262, -49.3992156982, -65.4350738525, 6.61958885193, -62.5969696045, 3.77915859222], [-2736.72875977, -96.2520904541, 726.317199707, -45.4430541992, 141.300231934, 36.2754020691, 16.1076660156, 37.1455879211, -23.1019191742, 34.0192108154, -0.0548791959882, 37.0243453979, -18.526014328], [673.555175781, -93.0652389526, -45.4430541992, 280.449859619, -50.5412788391, 45.1636543274, -26.6409511566, -29.8368625641, 31.7429943085, 15.7972078323, 2.49366402626, 5.92922401428, -12.3333911896], [-1070.75378418, -38.0040855408, 141.300231934, -50.5412788391, 184.17527771, 9.73884296417, 30.106344223, 18.2957611084, 5.70667409897, 19.875415802, -0.561566412449, 21.1617431641, 8.68947505951], [-169.981964111, -122.426826477, 36.2754020691, 45.1636543274, 9.73884296417, 146.892944336, 34.1963691711, 11.7370424271, -5.41362094879, 16.3002853394, 6.79104614258, 20.5329608917, 0.541614174843], [-367.727478027, -31.8091259003, 16.1076660156, -26.6409511566, 30.106344223, 34.1963691711, 109.79006958, 28.2230434418, 7.57646751404, 2.84281373024, 12.1227998734, 14.4127225876, -6.51813697815], [-322.338531494, -48.2110481262, 37.1455879211, -29.8368625641, 18.2957611084, 11.7370424271, 28.2230434418, 74.3288269043, 19.0014247894, 8.87128162384, -1.13002669811, 0.0047645480372, -3.2680811882], [-39.8660125732, -49.3992156982, -23.1019191742, 31.7429943085, 5.70667409897, -5.41362094879, 7.57646751404, 19.0014247894, 77.067276001, 27.7248420715, -10.1204614639, -10.0270967484, -9.10470962524], [-265.073364258, -65.4350738525, 34.0192108154, 15.7972078323, 19.875415802, 16.3002853394, 2.84281373024, 8.87128162384, 27.7248420715, 62.6041221619, 17.8507804871, 5.25079441071, -2.46344852448], [-15.3442707062, 6.61958885193, -0.0548791959882, 2.49366402626, -0.561566412449, 6.79104614258, 12.1227998734, -1.13002669811, -10.1204614639, 17.8507804871, 58.5911369324, 25.3036346436, -0.950819075108], [-296.759857178, -62.5969696045, 37.0243453979, 5.92922401428, 21.1617431641, 20.5329608917, 14.4127225876, 0.0047645480372, -10.0270967484, 5.25079441071, 25.3036346436, 60.9119262695, 22.0741157532], [21.7894363403, 3.77915859222, -18.526014328, -12.3333911896, 8.68947505951, 0.541614174843, -6.51813697815, -3.2680811882, -9.10470962524, -2.46344852448, -0.950819075108, 22.0741157532, 45.0204086304]],
        "icov": [[0.00157753482927, -0.00443099113181, 0.0047295736149, -0.00327494484372, 0.00375759252347, -0.00253563909791, 0.00260830810294, -0.00125762005337, 0.000867737631779, -0.000929580477532, 0.00191221374553, -0.0014752575662, 0.00113743159454], [-0.00443099113181, 0.0146883083507, -0.0133736040443, 0.00954898260534, -0.0106273796409, 0.00828387588263, -0.00757565768436, 0.00466809235513, -0.00215798406862, 0.00470416154712, -0.00783832743764, 0.00766379665583, -0.00488437153399], [0.0047295736149, -0.0133736040443, 0.0161056872457, -0.0097484420985, 0.0100462930277, -0.00771164707839, 0.00830900203437, -0.00471393158659, 0.00409098481759, -0.00424482906237, 0.00722870090976, -0.00642941752449, 0.00570518383756], [-0.00327494484372, 0.00954898260534, -0.0097484420985, 0.0117897437885, -0.00666684051976, 0.00344587373547, -0.0040021170862, 0.00504382606596, -0.00468526873738, 0.00223372643813, -0.0042798705399, 0.00183388334699, -0.000781067181379], [0.00375759252347, -0.0106273796409, 0.0100462930277, -0.00666684051976, 0.016372859478, -0.00588180730119, 0.00462077651173, -0.00281672133133, 0.00135149096604, -0.00430718669668, 0.00622772052884, -0.00544146448374, 0.0015934726689], [-0.00253563909791, 0.00828387588263, -0.00771164707839, 0.00344587373547, -0.00588180730119, 0.0136575968936, -0.00731582334265, 0.00111647776794, 0.00211795419455, -0.000867790891789, -0.00202007591724, 0.00175098981708, -0.00222506909631], [0.00260830810294, -0.00757565768436, 0.00830900203437, -0.0040021170862, 0.00462077651173, -0.00731582334265, 0.0168108623475, -0.00536518637091, -0.000725405698176, 0.000728589948267, 0.00116290652659, -0.00553916720673, 0.00557056488469], [-0.00125762005337, 0.00466809235513, -0.00471393158659, 0.00504382606596, -0.00281672133133, 0.00111647776794, -0.00536518637091, 0.019090782851, -0.00597717659548, 0.00211347383447, -0.00313888280652, 0.00387135148048, -0.00225956132635], [0.000867737631779, -0.00215798406862, 0.00409098481759, -0.00468526873738, 0.00135149096604, 0.00211795419455, -0.000725405698176, -0.00597717659548, 0.0225032903254, -0.0118765393272, 0.00864390190691, -0.00137883750722, 0.00409554876387], [-0.000929580477532, 0.00470416154712, -0.00424482906237, 0.00223372643813, -0.00430718669668, -0.000867790891789, 0.000728589948267, 0.00211347383447, -0.0118765393272, 0.0286989901215, -0.0152742275968, 0.0080398330465, -0.00507523212582], [0.00191221374553, -0.00783832743764, 0.00722870090976, -0.0042798705399, 0.00622772052884, -0.00202007591724, 0.00116290652659, -0.00313888280652, 0.00864390190691, -0.0152742275968, 0.0335719026625, -0.0199142210186, 0.0116829862818], [-0.0014752575662, 0.00766379665583, -0.00642941752449, 0.00183388334699, -0.00544146448374, 0.00175098981708, -0.00553916720673, 0.00387135148048, -0.00137883750722, 0.0080398330465, -0.0199142210186, 0.0382569469512, -0.0205817874521], [0.00113743159454, -0.00488437153399, 0.00570518383756, -0.000781067181379, 0.0015934726689, -0.00222506909631, 0.00557056488469, -0.00225956132635, 0.00409554876387, -0.00507523212582, 0.0116829862818, -0.0205817874521, 0.035455904901]]
    },
    "melbands": {
        "max": [0.000582730397582, 0.00254437513649, 0.0180706772953, 0.010008440353, 0.0095270127058, 0.00693628797308, 0.00768755516037, 0.00714443065226, 0.00952253397554, 0.0105276191607, 0.00780392624438, 0.00485549867153, 0.00234255217947, 0.00236102985218, 0.00223153550178, 0.00107108824886, 0.00228938926011, 0.00261970236897, 0.00196807668544, 0.000823282345664, 0.00080781703582, 0.000560298387427, 0.000302938802633, 0.000225374678848, 0.000197773129912, 0.000108790227387, 0.000168280443177, 0.000172014551936, 5.32632038812e-05, 6.07766887697e-05, 4.71624152851e-05, 2.47894240601e-05, 2.15472937271e-05, 2.08064575418e-05, 1.62252399605e-05, 3.77380570171e-06, 4.03638068747e-06, 1.77943059043e-06, 9.97383153845e-07, 3.68549649465e-07],
        "mean": [3.42076818924e-05, 0.00015843314759, 0.000351926806616, 0.000852413882967, 0.000676678842865, 0.000539342174307, 0.000503558723722, 0.000491209269967, 0.000622852065135, 0.000573267112486, 0.000380275101634, 0.000327451300109, 0.000202641400392, 0.00010035118612, 0.000144422287121, 0.00010230976477, 0.000125413076603, 0.000107458450657, 0.000163176402566, 5.92289070482e-05, 4.82887335238e-05, 4.92717517773e-05, 3.7047193473e-05, 2.83539920929e-05, 2.493759348e-05, 1.39996072903e-05, 1.67856505868e-05, 1.0611781363e-05, 7.00818691257e-06, 5.23038488609e-06, 3.22995219904e-06, 2.29260467677e-06, 1.42265821523e-06, 9.47285570874e-07, 5.0729488521e-07, 2.61251727807e-07, 1.47486218793e-07, 6.80873739611e-08, 3.07420542356e-08, 1.59257691479e-08],
        "min": [1.48865142703e-24, 2.66335218821e-24, 1.90005964543e-24, 2.37809890159e-24, 3.85889021716e-24, 3.2359123636e-24, 2.20846738013e-24, 4.02794350358e-24, 5.56552057699e-24, 3.11485672731e-24, 2.95644438564e-24, 2.56268209822e-24, 3.2883885743e-24, 2.27253314082e-24, 2.38514776821e-24, 1.8902310302e-24, 3.47073002546e-24, 3.91515335464e-24, 3.55701484241e-24, 6.44076293462e-24, 5.80370292782e-24, 5.47128325325e-24, 4.99089299438e-24, 5.33900350679e-24, 5.29453186769e-24, 5.15822261972e-24, 6.67632705611e-24, 5.89800217714e-24, 4.52360532072e-24, 6.15248476086e-24, 7.54566281772e-24, 6.98442536012e-24, 5.64216078051e-24, 5.66906488168e-24, 8.32521989742e-24, 7.37815688196e-24, 6.83099033633e-24, 6.89520913604e-24, 5.9934235811e-24, 6.41117394536e-24],
        "stdev": [4.41789379693e-05, 0.000205648379051, 0.000601501669735, 0.00110683310777, 0.000674128008541, 0.00061043369351, 0.0005619743024, 0.000573872763198, 0.000893796153832, 0.000995752168819, 0.000662504171487, 0.000442755554104, 0.000259165855823, 0.000123126563267, 0.000185946453712, 0.000116310082376, 0.000163031116244, 0.000172916683368, 0.000190131468116, 7.08952866262e-05, 6.13773154328e-05, 5.28837445017e-05, 3.22626947309e-05, 2.58372037933e-05, 2.44524908339e-05, 1.13974538181e-05, 1.6342904928e-05, 1.14172371468e-05, 6.29455689705e-06, 4.97540941069e-06, 3.86853571399e-06, 2.772913831e-06, 1.96693440557e-06, 1.39164114898e-06, 8.35884634398e-07, 4.05286499472e-07, 2.6742250725e-07, 1.2898227908e-07, 6.61139196723e-08, 2.57435051054e-08]
    },
    "melbands128": {
        "max": [9.50274552451e-05, 0.000672716938425, 0.00095416844124, 0.00173219153658, 0.00334405200556, 0.00392968021333, 0.0154403373599, 0.0265788920224, 0.0180405844003, 0.00995003897697, 0.0151066947728, 0.0168398693204, 0.0100676026195, 0.00940993987024, 0.0102204577997, 0.0107024051249, 0.00795442890376, 0.0117116868496, 0.0125737339258, 0.010883776471, 0.00876873731613, 0.00584535021335, 0.0120543129742, 0.0229521151632, 0.0179951358587, 0.0228972434998, 0.0101497629657, 0.0140631245449, 0.0119066052139, 0.0100926226005, 0.00527562946081, 0.00816123187542, 0.00348406308331, 0.00288807763718, 0.00301848561503, 0.00510015850887, 0.00365732028149, 0.00401914445683, 0.00289108697325, 0.00182403426152, 0.00214872392826, 0.00189328647684, 0.00219455873594, 0.00591586530209, 0.00643996847793, 0.00422434369102, 0.00200900062919, 0.00354335922748, 0.0021829623729, 0.00161661987659, 0.00146284874063, 0.000843784539029, 0.00100067700259, 0.00155815016478, 0.000943415681832, 0.00110241421498, 0.000856023048982, 0.000477397843497, 0.000732788117602, 0.000851441582199, 0.000328386115143, 0.000194798718439, 0.000495582644362, 0.000251785764704, 0.000229082404985, 0.0001882014476, 0.000148751423694, 0.000260934524704, 0.000273763289442, 0.000317729369272, 0.000309412163915, 0.000128636573208, 7.92123755673e-05, 7.97100801719e-05, 8.9509638201e-05, 0.000131429333123, 6.18667691015e-05, 0.000112801033538, 3.22265768773e-05, 4.88142941322e-05, 3.1296054658e-05, 4.325561531e-05, 2.28462959058e-05, 2.06010317925e-05, 4.84484626213e-05, 3.45815496985e-05, 2.49218155659e-05, 1.22545498016e-05, 3.40552214766e-05, 6.19297225057e-06, 7.93227081886e-06, 3.21762331623e-06, 7.06102764525e-06, 5.01903741679e-06, 3.8317821236e-06, 2.69840143119e-06, 1.95503776013e-06, 2.10785105992e-06, 1.35517052513e-06, 1.03268484963e-06, 2.9943618074e-07, 3.82801516707e-07, 3.87663249057e-07, 2.70643823796e-07, 8.69976517492e-08, 7.53059197223e-08, 7.16376717946e-08, 6.86789434212e-08, 6.5928681181e-08, 6.32121128774e-08, 6.10897004094e-08, 5.84990118568e-08, 5.6342859267e-08, 5.43982174861e-08, 5.25641432603e-08, 5.08537567612e-08, 4.92283653841e-08, 4.77961741296e-08, 4.64958418434e-08, 4.52810375862e-08, 4.42014780333e-08, 4.32676863227e-08, 4.24013641975e-08, 4.1668670292e-08, 4.10843554732e-08, 4.06051476887e-08, 4.02536528554e-08, 4.00349620122e-08],
        "mean": [3.54125336344e-06, 1.79497692443e-05, 3.84750237572e-05, 8.06331809144e-05, 0.000169282298884, 0.000196540961042, 0.000249961740337, 0.00039448653115, 0.000475920678582, 0.000926689186599, 0.00120761385188, 0.000498437264469, 0.000619525730144, 0.000770936836489, 0.000554393220227, 0.000409439642681, 0.000354999559931, 0.000420498137828, 0.000888486451004, 0.000496006570756, 0.000375729345251, 0.000235517858528, 0.000709290034138, 0.0010077659972, 0.000493418017868, 0.000567950832192, 0.00030651743873, 0.000456245266832, 0.000330111593939, 0.000197439818294, 0.000416767259594, 0.000419117131969, 0.000116840863484, 0.000138327886816, 7.56208464736e-05, 8.67896014825e-05, 0.000132579778438, 0.000202104958589, 0.000103968988697, 8.29205673654e-05, 0.000137651717523, 6.6962922574e-05, 0.000111875189759, 0.000170742961927, 0.000130155764055, 7.70399419707e-05, 9.05092747416e-05, 0.000236172403675, 0.000162285592523, 5.11057478434e-05, 5.49248325115e-05, 5.70606862311e-05, 4.56985399069e-05, 4.4588901801e-05, 5.24398747075e-05, 5.29900244146e-05, 4.6605229727e-05, 2.82308628812e-05, 3.25911241816e-05, 5.70059055462e-05, 2.01621915039e-05, 1.45261674334e-05, 3.06874353555e-05, 2.63843576249e-05, 2.06730910577e-05, 1.17667805171e-05, 9.94642596197e-06, 1.85728113138e-05, 1.99753703782e-05, 1.09106595119e-05, 1.10295195554e-05, 1.08948270281e-05, 7.78262074164e-06, 5.39488564755e-06, 6.88288537276e-06, 6.71063116897e-06, 3.35859340339e-06, 4.11423707192e-06, 3.19826744999e-06, 2.51645246863e-06, 2.43004001277e-06, 2.39981613959e-06, 1.41956752486e-06, 1.43844010836e-06, 1.32513775952e-06, 9.2300876986e-07, 9.68667222878e-07, 6.24867482202e-07, 5.30985516889e-07, 3.41876358334e-07, 3.33553259679e-07, 2.01816575895e-07, 2.15313065155e-07, 1.4824050254e-07, 1.19363505746e-07, 7.42449373092e-08, 6.38637729367e-08, 4.59315820933e-08, 3.23781783607e-08, 2.38087469739e-08, 1.14849978416e-08, 1.78715886534e-08, 1.47372762882e-08, 1.19976055757e-08, 3.03113689704e-09, 1.03742292534e-09, 1.97816180103e-10, 5.5661298487e-11, 5.58218714308e-11, 4.88437346124e-11, 4.77314472669e-11, 4.59870162783e-11, 4.09136648172e-11, 3.82116525921e-11, 4.06201322578e-11, 4.02630186136e-11, 3.43761720478e-11, 3.47281925439e-11, 3.55769996796e-11, 3.1172512488e-11, 3.1506811049e-11, 3.08585310083e-11, 2.98210414695e-11, 2.74148100055e-11, 2.69799599328e-11, 2.6608283285e-11, 2.63473045464e-11, 2.61995494744e-11],
        "min": [1.03295554667e-25, 1.30125327886e-24, 9.10798586607e-25, 2.28885467295e-24, 1.65326746946e-24, 1.16379318144e-24, 2.83780458657e-25, 2.48688834244e-24, 1.42657389163e-24, 1.16179963133e-24, 4.75367532182e-25, 1.97403172416e-24, 1.88387872776e-24, 1.63373902054e-24, 7.58359055979e-25, 1.57236978363e-24, 2.01978624831e-24, 7.1188218176e-25, 8.41440358099e-25, 2.15922293533e-24, 3.08692276823e-24, 3.25231140131e-24, 3.92943252589e-24, 2.58199124381e-24, 1.07578154797e-24, 2.76560552203e-24, 7.53175944009e-25, 8.85941382269e-25, 1.37440504086e-24, 1.36659245828e-24, 8.87620176883e-25, 1.80320724779e-24, 1.14441284116e-24, 1.12980757453e-24, 1.70483629291e-24, 1.23585572374e-24, 2.87475547232e-24, 2.40810401498e-24, 8.26524921229e-25, 4.87585902921e-25, 1.22658631229e-24, 2.38258712571e-24, 3.85007390769e-24, 7.28535627115e-25, 2.97937262785e-24, 3.09653346063e-24, 1.47898206309e-24, 2.60903536779e-24, 1.62819066597e-24, 2.84258769676e-24, 4.94617365295e-24, 3.7110521615e-24, 2.8027819727e-24, 2.77820146132e-24, 3.51621298424e-24, 2.86420051341e-24, 5.22390278426e-24, 1.91619224537e-24, 3.07687583574e-24, 2.0072613065e-24, 4.49278058084e-24, 2.53348477839e-24, 2.61851274271e-24, 4.17358221504e-24, 4.66490056403e-24, 3.84159720283e-24, 3.34706266793e-24, 2.36750173862e-24, 5.94746257261e-24, 4.10886288309e-24, 4.30857879846e-24, 4.179234009e-24, 4.68594658412e-24, 3.64518069819e-24, 4.17680510627e-24, 4.15944030559e-24, 4.87739720936e-24, 3.34706937325e-24, 5.48358553907e-24, 5.59514861487e-24, 4.17577643165e-24, 2.49135743669e-24, 3.56296798123e-24, 4.00531266193e-24, 2.91207214301e-24, 4.35705548438e-24, 3.4432303343e-24, 5.40805210739e-24, 4.30756550663e-24, 5.293608506e-24, 5.88738253163e-24, 4.41049647197e-24, 6.23785923233e-24, 5.2559770798e-24, 3.90316109116e-24, 6.44843105705e-24, 7.03677732523e-24, 5.57771439443e-24, 4.08431432058e-24, 4.53970163306e-24, 4.11199505531e-24, 5.11844904174e-24, 6.75899179037e-24, 6.32488755068e-24, 3.73942946041e-24, 4.64447734963e-24, 9.30640272475e-24, 5.19311551528e-24, 5.22388661261e-24, 6.28499564357e-24, 5.02254406605e-24, 5.76138054026e-24, 6.72473708328e-24, 7.37812848297e-24, 7.13176879999e-24, 6.81753552473e-24, 5.49316507147e-24, 7.03325742787e-24, 6.85484627896e-24, 5.73958313015e-24, 4.36832278469e-24, 7.29062566478e-24, 6.46402447056e-24, 7.13994218783e-24, 5.4795331606e-24, 9.43180320969e-24, 6.31452507383e-24, 7.64687840502e-24],
        "stdev": [6.48289187666e-06, 2.90694079013e-05, 5.79927000217e-05, 0.00012180392514, 0.00023765899823, 0.000293472810881, 0.000513503735419, 0.000828744552564, 0.000918215955608, 0.00132263742853, 0.00184087303933, 0.000727976730559, 0.000881560787093, 0.000981358927675, 0.000904009619262, 0.000692736881319, 0.000606695888564, 0.000644093379378, 0.00112673128024, 0.000706480059307, 0.000806672498584, 0.000448051956482, 0.0011320032645, 0.00189607322682, 0.00109776493628, 0.00166092941072, 0.00072601105785, 0.00108929991256, 0.000798682391178, 0.000504021300003, 0.000682722777128, 0.000734865374397, 0.000243670074269, 0.000270141637884, 0.00014568552433, 0.00019716998213, 0.000202702067327, 0.000344343599863, 0.000177088120836, 0.000135906302603, 0.000201983450097, 0.000121973469504, 0.000184505159268, 0.000300400977721, 0.000335677206749, 0.000221756534302, 0.000191484068637, 0.000322796782712, 0.00021694447787, 0.000104805483716, 9.72923007794e-05, 8.34284728626e-05, 8.97929130588e-05, 8.04368319223e-05, 7.94628649601e-05, 7.85634765634e-05, 6.68562061037e-05, 3.90007189708e-05, 4.72922620247e-05, 7.54124994273e-05, 2.80523890979e-05, 1.81302621058e-05, 4.32799788541e-05, 3.10809919029e-05, 2.44924194703e-05, 1.35764412335e-05, 1.16322735266e-05, 2.26552183449e-05, 2.33426198974e-05, 1.66854297277e-05, 1.65147848747e-05, 1.28405836222e-05, 8.52719767863e-06, 6.53861161481e-06, 7.68102381699e-06, 7.67708661442e-06, 4.51306459581e-06, 6.58974795442e-06, 3.87847512684e-06, 3.96743735109e-06, 3.1748904803e-06, 3.4191530176e-06, 1.89968125142e-06, 2.17084357246e-06, 2.62373760052e-06, 1.59009880463e-06, 1.45311969391e-06, 1.04781270238e-06, 1.18988714348e-06, 5.6846897678e-07, 5.71670454974e-07, 3.14639009957e-07, 4.43611014589e-07, 2.97693588891e-07, 2.35003469129e-07, 1.58265976324e-07, 1.29798038984e-07, 1.11080517229e-07, 8.04208042382e-08, 4.9596838636e-08, 1.9551004371e-08, 3.13050279033e-08, 2.8289406373e-08, 1.7678503994e-08, 7.21931181502e-09, 3.59880569789e-09, 1.83078896487e-09, 1.67397862239e-09, 1.64146574111e-09, 1.53151424875e-09, 1.48618473084e-09, 1.4282467431e-09, 1.35560773717e-09, 1.30388699837e-09, 1.28073429639e-09, 1.24684762515e-09, 1.17911391762e-09, 1.14993792266e-09, 1.12960962806e-09, 1.08379172303e-09, 1.06079178774e-09, 1.03875064106e-09, 1.01664499041e-09, 9.95999283049e-10, 9.82035230912e-10, 9.70581170989e-10, 9.6217811496e-10, 9.56944190555e-10]
    },
    "mfcc": {
        "mean": [-623.604797363, 144.985855103, -55.9225349426, 22.8137969971, -24.7360439301, -2.23688769341, -17.053319931, -5.17476797104, -9.06070804596, -1.87785160542, -7.52072143555, -6.23082590103, -8.01065158844],
        "cov": [[6031.11083984, 639.604980469, -505.504669189, 365.227661133, -268.553070068, 152.750930786, -206.37121582, 8.00419235229, -100.388237, 90.8558197021, -89.057434082, 1.25286102295, -42.1808891296], [639.604980469, 925.918334961, -31.1748275757, -14.9318904877, 0.10663498193, -117.233230591, 28.0340213776, -52.7068481445, -16.6280441284, -82.7694778442, 12.8786869049, -41.3875160217, -33.8047714233], [-505.504669189, -31.1748275757, 361.397674561, 21.4597396851, 40.8230476379, 18.6959629059, 14.7160997391, -1.371748209, -17.8478527069, -28.0334720612, 10.2491340637, 7.95845460892, 11.0724954605], [365.227661133, -14.9318904877, 21.4597396851, 166.252670288, 14.3050432205, 22.2569007874, -43.2947425842, -6.9303278923, -11.5916690826, 18.7369632721, -13.3850364685, 4.65948200226, 12.0461740494], [-268.553070068, 0.10663498193, 40.8230476379, 14.3050432205, 116.402282715, 12.9144420624, -2.91442775726, -14.0758209229, 9.62773990631, -10.4284563065, -1.92717850208, -7.96405267715, 6.06020784378], [152.750930786, -117.233230591, 18.6959629059, 22.2569007874, 12.9144420624, 119.518035889, 16.7604980469, 12.1255922318, 3.54919862747, 4.1286277771, -0.667918741703, 11.6759939194, 3.39900898933], [-206.37121582, 28.0340213776, 14.7160997391, -43.2947425842, -2.91442775726, 16.7604980469, 103.491661072, 27.543838501, -6.50789165497, -21.5382041931, 11.4739236832, 4.00278949738, -0.920790731907], [8.00419235229, -52.7068481445, -1.371748209, -6.9303278923, -14.0758209229, 12.1255922318, 27.543838501, 71.4091110229, 14.2067861557, 3.50256538391, -0.822473049164, 3.65150427818, 4.23535394669], [-100.388237, -16.6280441284, -17.8478527069, -11.5916690826, 9.62773990631, 3.54919862747, -6.50789165497, 14.2067861557, 68.8031539917, 16.6923122406, 6.41409730911, -0.45155826211, -1.49873232841], [90.8558197021, -82.7694778442, -28.0334720612, 18.7369632721, -10.4284563065, 4.1286277771, -21.5382041931, 3.50256538391, 16.6923122406, 88.7767791748, 13.7986478806, 4.32988166809, 2.19637084007], [-89.057434082, 12.8786869049, 10.2491340637, -13.3850364685, -1.92717850208, -0.667918741703, 11.4739236832, -0.822473049164, 6.41409730911, 13.7986478806, 55.2397117615, 21.1259975433, -6.22069978714], [1.25286102295, -41.3875160217, 7.95845460892, 4.65948200226, -7.96405267715, 11.6759939194, 4.00278949738, 3.65150427818, -0.45155826211, 4.32988166809, 21.1259975433, 58.7795066833, 20.9243278503], [-42.1808891296, -33.8047714233, 11.0724954605, 12.0461740494, 6.06020784378, 3.39900898933, -0.920790731907, 4.23535394669, -1.49873232841, 2.19637084007, -6.22069978714, 20.9243278503, 60.0772171021]],
        "icov": [[0.000440854375483, -0.000562874658499, 0.000510212499648, -0.000617358484305, 0.000858561717905, -0.00122110953089, 0.000989439780824, -0.000640609883703, 0.000770408601966, -0.000489959085826, 0.00060831051087, -0.000376813142793, 0.000296726211673], [-0.000562874658499, 0.00226195412688, -0.000436345231719, 0.000200409354875, -0.000945152132772, 0.0029869270511, -0.00211572553962, 0.0019361107843, -0.00131704285741, 0.00212255236693, -0.00179044785909, 0.00147515896242, -0.000134390866151], [0.000510212499648, -0.000436345231719, 0.00370547897182, -0.00123271381017, 2.14645733649e-05, -0.00151526357513, 0.000857577077113, -0.000836647115648, 0.00162016891409, 0.000608767441008, -0.000542442547157, -0.00021569141245, -0.00013025473163], [-0.000617358484305, 0.000200409354875, -0.00123271381017, 0.00880964659154, -0.00218242686242, -0.000413614936406, 0.00231615547091, -0.000247149087954, 0.00112307537347, -0.0014156724792, 0.00107304379344, -0.000590430980083, -0.00116693100426], [0.000858561717905, -0.000945152132772, 2.14645733649e-05, -0.00218242686242, 0.0117817092687, -0.00338612380438, 0.00148240511771, 0.00150615803432, -0.00118621136062, 0.00066925061401, 0.000282013061224, 0.00184327596799, -0.00124257616699], [-0.00122110953089, 0.0029869270511, -0.00151526357513, -0.000413614936406, -0.00338612380438, 0.0142180938274, -0.00577827589586, 0.0019318087725, -0.00307747651823, 0.00186293490697, -0.00103114708327, -0.000594083277974, 0.000453219428891], [0.000989439780824, -0.00211572553962, 0.000857577077113, 0.00231615547091, 0.00148240511771, -0.00577827589586, 0.0167774707079, -0.00760403648019, 0.00470132054761, 0.00102271384094, -0.00173337443266, -0.000525348819792, -6.42825107207e-05], [-0.000640609883703, 0.0019361107843, -0.000836647115648, -0.000247149087954, 0.00150615803432, 0.0019318087725, -0.00760403648019, 0.0195809975266, -0.00606388179585, 0.00075439538341, 0.000637360732071, 0.000760385999456, -0.00129249645397], [0.000770408601966, -0.00131704285741, 0.00162016891409, 0.00112307537347, -0.00118621136062, -0.00307747651823, 0.00470132054761, -0.00606388179585, 0.0189741384238, -0.0038248160854, -0.000659302866552, -0.000341561826644, 0.000733227760065], [-0.000489959085826, 0.00212255236693, 0.000608767441008, -0.0014156724792, 0.00066925061401, 0.00186293490697, 0.00102271384094, 0.00075439538341, -0.0038248160854, 0.0161149539053, -0.00677534053102, 0.00292468676344, -0.00159318733495], [0.00060831051087, -0.00179044785909, -0.000542442547157, 0.00107304379344, 0.000282013061224, -0.00103114708327, -0.00173337443266, 0.000637360732071, -0.000659302866552, -0.00677534053102, 0.0276832487434, -0.0128533421084, 0.00683726044372], [-0.000376813142793, 0.00147515896242, -0.00021569141245, -0.000590430980083, 0.00184327596799, -0.000594083277974, -0.000525348819792, 0.000760385999456, -0.000341561826644, 0.00292468676344, -0.0128533421084, 0.0265140943229, -0.0101713063195], [0.000296726211673, -0.000134390866151, -0.00013025473163, -0.00116693100426, -0.00124257616699, 0.000453219428891, -6.42825107207e-05, -0.00129249645397, 0.000733227760065, -0.00159318733495, 0.00683726044372, -0.0101713063195, 0.0215528570116]]
    },
    "spectral_contrast_coeffs": {
        "max": [-0.427940130234, -0.482622176409, -0.523293554783, -0.607033610344, -0.65301823616, -0.527223646641],
        "mean": [-0.641966998577, -0.739273309708, -0.733773589134, -0.767450749874, -0.771240234375, -0.6309248209],
        "min": [-0.978353857994, -0.978027522564, -0.969957172871, -0.97122079134, -0.965041339397, -0.962581276894],
        "stdev": [0.0793701931834, 0.0694383829832, 0.0672614723444, 0.0471569001675, 0.0398016273975, 0.0529584884644]
    },
    "spectral_contrast_valleys": {
        "max": [-5.53416538239, -4.61352777481, -5.52314901352, -5.63851213455, -5.97709417343, -9.38076305389],
        "mean": [-7.31933879852, -6.24332332611, -6.9027338028, -7.0534157753, -7.24646806717, -12.151008606],
        "min": [-27.5778808594, -27.4623680115, -27.4335670471, -27.7456207275, -27.4036598206, -27.3703632355],
        "stdev": [2.08936715126, 2.16782593727, 2.09217453003, 2.08807706833, 2.10333251953, 1.67463421822]
    }
},
"rhythm": {
    "beats_count": 105,
    "beats_loudness": {
        "max": 0.072818249464,
        "mean": 0.0348072908819,
        "min": 0.00533827207983,
        "stdev": 0.0117684323341
    },
    "bpm": 165.294662476,
    "bpm_histogram_first_peak_bpm": 167,
    "bpm_histogram_first_peak_weight": 0,
    "bpm_histogram_second_peak_bpm": 161,
    "bpm_histogram_second_peak_spread": 0.269230782986,
    "bpm_histogram_second_peak_weight": 0.182692304254,
    "danceability": 1.35676622391,
    "onset_rate": 1.84781491756,
    "beats_loudness_band_ratio": {
        "max": [0.384602069855, 0.624183773994, 0.773891568184, 0.727713525295, 0.489150285721, 0.131322160363],
        "mean": [0.0798479840159, 0.226125106215, 0.321226686239, 0.236813887954, 0.150731891394, 0.0410634987056],
        "min": [0.0019026407972, 0.0186987835914, 0.0446367226541, 0.0224899314344, 0.0110360784456, 0.00192223640624],
        "stdev": [0.0713437274098, 0.152879521251, 0.164316996932, 0.15385235846, 0.0975795462728, 0.0262684188783]
    },
