{
"metadata": {
    "version": {
        "essentia": "2.1-beta5",
        "essentia_git_sha": "Undefined",
        "extractor": "music 2.0"
    },
    "audio_properties": {
        "analysis": {
            "equal_loudness": 0,
            "length": 12.7477550507,
            "sample_rate": 44100,
            "start_time": 0,
            "downmix": "mix"
        },
        "bit_rate": 192000,
        "length": 169.018051147,
        "lossless": 0,
        "number_channels": 2,
        "replay_gain": 4.90286445618,
        "sample_rate": 44100,
        "codec": "mp3",
        "md5_encoded": "e2b6f28c47472cad51d4e602f31c0f9c"
    },
    "tags": {
        "file_name": "Belgium_Macédomienne_Philippe Lafontaine.mp3",
        "encoding": ["Lavf58.29.100"]
    }
},
"lowlevel": {
    "average_loudness": 0.921778678894,
    "barkbands_crest": {
        "max": 22.3473701477,
        "mean": 10.6158351898,
        "min": 4.12609481812,
        "stdev": 3.52081465721
    },
    "barkbands_flatness_db": {
        "max": 0.280663460493,
        "mean": 0.168392553926,
        "min": 0.0410246066749,
        "stdev": 0.0489588938653
    },
    "barkbands_kurtosis": {
        "max": 95.4124526978,
        "mean": 11.3207473755,
        "min": -1.08310878277,
        "stdev": 13.2681264877
    },
    "barkbands_skewness": {
        "max": 7.75069904327,
        "mean": 2.47794866562,
        "min": -1.90340554714,
        "stdev": 1.43758428097
    },
    "barkbands_spread": {
        "max": 68.9208297729,
        "mean": 13.2957258224,
        "min": 2.00131559372,
        "stdev": 15.3220682144
    },
    "dissonance": {
        "max": 0.499999970198,
        "mean": 0.449786633253,
        "min": 0.182060524821,
        "stdev": 0.033961776644
    },
    "dynamic_complexity": 4.40663814545,
    "erbbands_crest": {
        "max": 29.1241436005,
        "mean": 9.48108959198,
        "min": 2.56521248817,
        "stdev": 4.47500371933
    },
    "erbbands_flatness_db": {
        "max": 0.311529368162,
        "mean": 0.167576313019,
        "min": 0.0694026648998,
        "stdev": 0.0445670820773
    },
    "erbbands_kurtosis": {
        "max": 12.3639574051,
        "mean": 1.23283708096,
        "min": -1.35193479061,
        "stdev": 2.27028250694
    },
    "erbbands_skewness": {
        "max": 3.32620191574,
        "mean": 0.904628455639,
        "min": -0.664442241192,
        "stdev": 0.762038469315
    },
    "erbbands_spread": {
        "max": 103.831703186,
        "mean": 35.1374511719,
        "min": 5.03479576111,
        "stdev": 20.2383975983
    },
    "hfc": {
        "max": 50.3104858398,
        "mean": 8.2323102951,
        "min": 1.15977233446e-16,
        "stdev": 8.02261161804
    },
    "loudness_ebu128": {
        "integrated": -30.1551914215,
        "loudness_range": 6.46342086792,
        "momentary": {
            "max": -25.0279502869,
            "mean": -32.6279754639,
            "min": -50.0162582397,
            "stdev": 5.77914857864
        },
        "short_term": {
            "max": -28.7249031067,
            "mean": -30.7367515564,
            "min": -38.3327484131,
            "stdev": 2.50105881691
        }
    },
    "melbands_crest": {
        "max": 28.0926074982,
        "mean": 13.9776029587,
        "min": 3.19694447517,
        "stdev": 4.08511352539
    },
    "melbands_flatness_db": {
        "max": 0.381001740694,
        "mean": 0.241847679019,
        "min": 0.00748320436105,
        "stdev": 0.0565974228084
    },
    "melbands_kurtosis": {
        "max": 217.44468689,
        "mean": 25.0294456482,
        "min": -1.21741831303,
        "stdev": 34.950214386
    },
    "melbands_skewness": {
        "max": 11.360666275,
        "mean": 3.25674152374,
        "min": -0.712874054909,
        "stdev": 2.03227639198
    },
    "melbands_spread": {
        "max": 138.587768555,
        "mean": 11.8164176941,
        "min": 1.25052475929,
        "stdev": 10.7006235123
    },
    "pitch_salience": {
        "max": 0.868262887001,
        "mean": 0.596516788006,
        "min": 0.26234087348,
        "stdev": 0.103789038956
    },
    "silence_rate_20dB": {
        "max": 1,
        "mean": 1,
        "min": 1,
        "stdev": 0
    },
    "silence_rate_30dB": {
        "max": 1,
        "mean": 0.989090919495,
        "min": 0,
        "stdev": 0.103875473142
    },
    "silence_rate_60dB": {
        "max": 1,
        "mean": 0.127272725105,
        "min": 0,
        "stdev": 0.33327677846
    },
    "spectral_centroid": {
        "max": 11127.2988281,
        "mean": 739.443237305,
        "min": 238.301986694,
        "stdev": 667.511230469
    },
    "spectral_complexity": {
        "max": 37,
        "mean": 11.2563638687,
        "min": 0,
        "stdev": 5.67976093292
    },
    "spectral_decrease": {
        "max": -3.11622386313e-29,
        "mean": -5.34672439656e-09,
        "min": -3.96826571603e-08,
        "stdev": 5.49159162588e-09
    },
    "spectral_energy": {
        "max": 0.15374854207,
        "mean": 0.0209264680743,
        "min": 1.06370919286e-20,
        "stdev": 0.0214078035206
    },
    "spectral_energyband_high": {
        "max": 0.00176261807792,
        "mean": 0.000101338446257,
        "min": 7.75637243751e-21,
        "stdev": 0.000184665404959
    },
    "spectral_energyband_low": {
        "max": 0.0411567799747,
        "mean": 0.00469718268141,
        "min": 1.3967124377e-22,
        "stdev": 0.00675861677155
    },
    "spectral_energyband_middle_high": {
        "max": 0.0124866720289,
        "mean": 0.00162398326211,
        "min": 1.50753545469e-21,
        "stdev": 0.00165179057512
    },
    "spectral_energyband_middle_low": {
        "max": 0.144986972213,
        "mean": 0.0159697365016,
        "min": 3.21425225474e-22,
        "stdev": 0.0184707101434
    },
    "spectral_entropy": {
        "max": 9.81287384033,
        "mean": 7.21119832993,
        "min": 6.27243614197,
        "stdev": 0.486793071032
    },
    "spectral_flux": {
        "max": 0.252222985029,
        "mean": 0.0564468950033,
        "min": 1.03136277296e-10,
        "stdev": 0.0378082767129
    },
    "spectral_kurtosis": {
        "max": 20.7942333221,
        "mean": 7.15368080139,
        "min": -1.20212125778,
        "stdev": 4.44616985321
    },
    "spectral_rms": {
        "max": 0.0122473910451,
        "mean": 0.00397212384269,
        "min": 3.22143613868e-12,
        "stdev": 0.00215367786586
    },
    "spectral_rolloff": {
        "max": 18497.0214844,
        "mean": 908.115905762,
        "min": 150.732421875,
        "stdev": 1226.39367676
    },
    "spectral_skewness": {
        "max": 4.17249202728,
        "mean": 2.16598558426,
        "min": -0.0370461009443,
        "stdev": 0.654289424419
    },
    "spectral_spread": {
        "max": 40996724,
        "mean": 4780128.5,
        "min": 2158587,
        "stdev": 2317841.5
    },
    "spectral_strongpeak": {
        "max": 5.78082895279,
        "mean": 0.713361501694,
        "min": 3.63361030153e-09,
        "stdev": 0.788022100925
    },
    "zerocrossingrate": {
        "max": 0.48583984375,
        "mean": 0.0433460585773,
        "min": 0.0087890625,
        "stdev": 0.0363903529942
    },
    "barkbands": {
        "max": [0.00129430380184, 0.022498048842, 0.0273560248315, 0.0984055995941, 0.0478977262974, 0.0362748913467, 0.053533308208, 0.0306028407067, 0.00517271924764, 0.00931390654296, 0.00531882187352, 0.00405910052359, 0.0011319067562, 0.000847817631438, 0.00207786681131, 0.00118404475506, 0.000703454541508, 0.000495474843774, 0.000415203394368, 0.000610333110671, 0.000787194410805, 0.000267631141469, 0.000274973193882, 0.000164167751791, 5.17037951795e-05, 6.56518568576e-06, 4.50570723842e-06],
        "mean": [3.31118935719e-05, 0.00132141797803, 0.0019327349728, 0.00276541034691, 0.00582605879754, 0.00317779835314, 0.00222821626812, 0.00154246925376, 0.000331441318849, 0.000384366227081, 0.000415257265558, 0.000202882758458, 0.00014114487567, 0.00011572202493, 0.000189637445146, 8.03903458291e-05, 6.47893975838e-05, 3.18730344588e-05, 2.76976388704e-05, 3.39687358064e-05, 2.39649270952e-05, 1.74013184733e-05, 1.28215169752e-05, 1.17564313769e-05, 1.15816010293e-05, 2.54360224972e-06, 2.35134169912e-08],
        "min": [6.70451810497e-23, 8.30883967404e-23, 9.44562641933e-24, 1.32783418372e-23, 6.31533444512e-24, 6.03278221824e-23, 7.74729882054e-23, 5.43745729206e-23, 6.03993624002e-23, 8.21728132194e-23, 1.0274234239e-22, 9.00832958068e-23, 9.11738423657e-23, 8.11892677536e-23, 1.3864100405e-22, 1.77054503788e-22, 1.99144792701e-22, 1.47329417086e-22, 2.66120370975e-22, 3.47456474143e-22, 4.50073444447e-22, 6.10223668778e-22, 6.78204697608e-22, 7.46769963135e-22, 1.01772164646e-21, 1.74685480021e-21, 2.46321178993e-21],
        "stdev": [0.00011261052714, 0.00278740655631, 0.00344808073714, 0.00778310932219, 0.00674638431519, 0.00484040938318, 0.00545647647232, 0.00358748040162, 0.000572674209252, 0.00077127100667, 0.000688001106028, 0.000359660858521, 0.000191060113139, 0.000136186557938, 0.000276755657978, 0.000109339423943, 9.21320752241e-05, 4.56677298644e-05, 4.00861681555e-05, 7.08441002644e-05, 5.99148152105e-05, 3.56013806595e-05, 2.64058289758e-05, 1.79857124749e-05, 5.76231059313e-06, 4.6926825803e-07, 1.91499339053e-07]
    },
    "erbbands": {
        "max": [0.649416923523, 6.40218305588, 26.0163803101, 139.70614624, 297.352630615, 231.849197388, 254.028823853, 330.996612549, 585.916381836, 1723.18493652, 302.5597229, 156.374847412, 153.475906372, 386.823394775, 233.727264404, 185.955459595, 76.606918335, 38.8553733826, 127.378967285, 91.9238815308, 35.319229126, 47.4359474182, 31.007062912, 24.7753715515, 19.1275100708, 33.2849807739, 48.260597229, 21.7087020874, 9.65295600891, 9.8143787384, 5.82216596603, 3.49058794975, 2.60622620583, 0.781788289547, 0.294868648052, 0.0395326949656, 0.0110832192004, 0.00302006816491, 0.000660656078253, 0.000171894920641],
        "mean": [0.0269898250699, 0.359614104033, 2.0162665844, 6.22163820267, 11.2476663589, 23.5944786072, 24.118888855, 26.3658943176, 23.3265800476, 49.0939483643, 22.3888130188, 9.80003070831, 7.63064718246, 13.3690862656, 19.4419593811, 9.57317829132, 7.27469539642, 5.47163009644, 10.7401714325, 7.14067792892, 3.57890319824, 3.40894603729, 1.93991327286, 1.50007021427, 1.36022424698, 1.48636329174, 1.25866615772, 0.911874651909, 0.650507867336, 0.473193317652, 0.34249573946, 0.244832381606, 0.200595155358, 0.137854829431, 0.0759885907173, 0.0196609571576, 0.00254492810927, 0.000143454206409, 1.55472007464e-05, 2.39827004407e-05],
        "min": [4.26521304137e-21, 1.22290309058e-20, 9.37403721645e-21, 3.92631811376e-20, 1.46799904868e-20, 2.80463147634e-20, 1.54067739913e-19, 5.43989281087e-19, 1.29274422768e-18, 6.36356972875e-19, 1.66911719666e-18, 1.48706363602e-18, 2.32574092172e-18, 2.10742334944e-18, 5.39353729915e-18, 3.6219323212e-18, 4.3603407376e-18, 4.7042824363e-18, 5.43426146866e-18, 9.53006943277e-18, 8.01889648042e-18, 1.2800435518e-17, 7.73725719828e-18, 8.6212444394e-18, 1.68187275597e-17, 1.64856517055e-17, 1.87165545089e-17, 2.01811786994e-17, 2.17329463675e-17, 2.04585737179e-17, 1.84083652106e-17, 1.5631779629e-17, 1.23915816479e-17, 1.04416811976e-17, 8.94577799939e-18, 6.22684359773e-18, 2.74232396745e-18, 1.70606507987e-18, 3.49012341704e-19, 3.12742320075e-20],
        "stdev": [0.0689490735531, 0.736907720566, 3.42086172104, 12.6143665314, 23.3956394196, 28.0627117157, 29.9088191986, 43.7145805359, 50.0563278198, 149.479934692, 37.8850021362, 16.599527359, 11.9537801743, 27.854637146, 32.4873161316, 16.0593643188, 9.84923744202, 5.78541946411, 14.547328949, 10.4192390442, 4.16001319885, 5.57778453827, 2.76113462448, 2.17751097679, 1.91039788723, 3.14413833618, 3.26346135139, 2.17163181305, 1.37066590786, 0.976048648357, 0.626791059971, 0.402359336615, 0.281874358654, 0.0937698557973, 0.0288870874792, 0.00358710065484, 0.000535986502655, 0.000125245423988, 2.9466840715e-05, 2.41491325141e-05]
    },
    "gfcc": {
        "mean": [-58.2187232971, 113.447067261, -101.275108337, 22.6741981506, -66.0064163208, 11.9110050201, -56.6663513184, 3.68826627731, -35.8440246582, 0.508226454258, -16.8345928192, -4.50960254669, -5.71058654785],
        "cov": [[6018.06689453, 1714.6776123, -645.387329102, -397.128051758, -306.659545898, -356.726715088, -85.1603164673, -302.402893066, 241.429702759, -38.5309753418, 65.306098938, -148.505859375, 103.792663574], [1714.6776123, 930.954101562, -191.630523682, -417.877319336, -11.1848106384, -178.431228638, -22.5620098114, -122.432991028, 142.202590942, -12.5588827133, 72.2261199951, -34.06067276, 87.0763015747], [-645.387329102, -191.630523682, 569.06072998, 482.433868408, 9.53129959106, 57.6020812988, 105.464561462, 28.4692344666, -35.5967483521, -7.07369375229, -1.72279107571, -44.4049301147, -45.6341667175], [-397.128051758, -417.877319336, 482.433868408, 731.923400879, -42.0624198914, 87.712890625, 142.137832642, 33.3542022705, -31.6716575623, 3.76906466484, -39.3195724487, -61.1748275757, -76.4850006104], [-306.659545898, -11.1848106384, 9.53129959106, -42.0624198914, 132.816772461, 55.0803146362, 5.77037382126, 45.6636314392, 6.24286937714, 25.9121818542, 21.4103355408, 34.9936065674, 17.5253047943], [-356.726715088, -178.431228638, 57.6020812988, 87.712890625, 55.0803146362, 129.538894653, 43.417350769, 52.368560791, -37.8893318176, 5.77239370346, -13.2067213058, 21.2542896271, -9.13269996643], [-85.1603164673, -22.5620098114, 105.464561462, 142.137832642, 5.77037382126, 43.417350769, 107.4347229, 36.7309646606, 32.000289917, 7.99880027771, -5.36719751358, -19.5769767761, -14.9908370972], [-302.402893066, -122.432991028, 28.4692344666, 33.3542022705, 45.6636314392, 52.368560791, 36.7309646606, 117.702857971, 31.8429603577, 33.6765861511, -3.82863068581, 5.0467839241, -22.7349452972], [241.429702759, 142.202590942, -35.5967483521, -31.6716575623, 6.24286937714, -37.8893318176, 32.000289917, 31.8429603577, 113.162322998, 40.0788650513, 20.0783500671, -22.8013267517, -3.40227150917], [-38.5309753418, -12.5588827133, -7.07369375229, 3.76906466484, 25.9121818542, 5.77239370346, 7.99880027771, 33.6765861511, 40.0788650513, 62.7217826843, 28.5099906921, 12.7262029648, -4.22472953796], [65.306098938, 72.2261199951, -1.72279107571, -39.3195724487, 21.4103355408, -13.2067213058, -5.36719751358, -3.82863068581, 20.0783500671, 28.5099906921, 60.9718170166, 26.1015796661, 10.2916822433], [-148.505859375, -34.06067276, -44.4049301147, -61.1748275757, 34.9936065674, 21.2542896271, -19.5769767761, 5.0467839241, -22.8013267517, 12.7262029648, 26.1015796661, 63.2111282349, 26.4153137207], [103.792663574, 87.0763015747, -45.6341667175, -76.4850006104, 17.5253047943, -9.13269996643, -14.9908370972, -22.7349452972, -3.40227150917, -4.22472953796, 10.2916822433, 26.4153137207, 53.3186149597]],
        "icov": [[0.00178471475374, -0.00585161522031, 0.0042101345025, -0.00509975804016, 0.00351670989767, -0.00251839892007, 0.00408440781757, -0.0029667885974, 0.00267322128639, -0.000999246025458, -0.000526713614818, 0.000614961551037, 0.000554500962608], [-0.00585161522031, 0.0234629008919, -0.014758348465, 0.0194468908012, -0.0122787142172, 0.00968858692795, -0.0158587396145, 0.0134464791045, -0.0128579605371, 0.0054399240762, -0.00189165491611, 0.00242292298935, -0.00591641664505], [0.0042101345025, -0.014758348465, 0.0153137017041, -0.0158981811255, 0.00635999301448, -0.00455441512167, 0.00865309126675, -0.00949097890407, 0.0104550560936, -0.00119539932348, -0.00480998773128, 0.00429974216968, 0.00109355361201], [-0.00509975804016, 0.0194468908012, -0.0158981811255, 0.0209006983787, -0.00875628646463, 0.00683405436575, -0.0157840996981, 0.0124025968835, -0.0097578316927, 0.00109481601976, 0.00227833795361, 0.000236241045059, -0.00165031501092], [0.00351670989767, -0.0122787142172, 0.00635999301448, -0.00875628646463, 0.020770823583, -0.0119337970391, 0.0109608145431, -0.00914651248604, 0.00303642801009, -0.00371136865579, -0.00219076289795, -0.00202405150048, -0.00227477657609], [-0.00251839892007, 0.00968858692795, -0.00455441512167, 0.00683405436575, -0.0119337970391, 0.0244244635105, -0.015983376652, 0.000248297466896, 0.00612993957475, -0.000744736520573, 0.00310535612516, -0.00267997477204, -0.000236338921241], [0.00408440781757, -0.0158587396145, 0.00865309126675, -0.0157840996981, 0.0109608145431, -0.015983376652, 0.0319067165256, -0.0103784231469, -0.00296400533989, 0.00200917874463, -0.000973811431322, 0.000440514704678, 0.000857126258779], [-0.0029667885974, 0.0134464791045, -0.00949097890407, 0.0124025968835, -0.00914651248604, 0.000248297466896, -0.0103784231469, 0.0260993354023, -0.0149276489392, -0.0018088693032, 0.00566129339859, -0.00395049527287, 0.00451191700995], [0.00267322128639, -0.0128579605371, 0.0104550560936, -0.0097578316927, 0.00303642801009, 0.00612993957475, -0.00296400533989, -0.0149276489392, 0.0352794751525, -0.0158286914229, -0.0035674602259, 0.0113019961864, -0.000314578763209], [-0.000999246025458, 0.0054399240762, -0.00119539932348, 0.00109481601976, -0.00371136865579, -0.000744736520573, 0.00200917874463, -0.0018088693032, -0.0158286914229, 0.0355708561838, -0.0134321032092, -0.00376802985556, 0.000762292416766], [-0.000526713614818, -0.00189165491611, -0.00480998773128, 0.00227833795361, -0.00219076289795, 0.00310535612516, -0.000973811431322, 0.00566129339859, -0.0035674602259, -0.0134321032092, 0.0375462472439, -0.0218371134251, 0.00893772207201], [0.000614961551037, 0.00242292298935, 0.00429974216968, 0.000236241045059, -0.00202405150048, -0.00267997477204, 0.000440514704678, -0.00395049527287, 0.0113019961864, -0.00376802985556, -0.0218371134251, 0.0469727143645, -0.0211232472211], [0.000554500962608, -0.00591641664505, 0.00109355361201, -0.00165031501092, -0.00227477657609, -0.000236338921241, 0.000857126258779, 0.00451191700995, -0.000314578763209, 0.000762292416766, 0.00893772207201, -0.0211232472211, 0.0375588126481]]
    },
    "melbands": {
        "max": [0.0042633456178, 0.00870173145086, 0.0324678979814, 0.0110334297642, 0.00820639263839, 0.00756555842236, 0.00892159342766, 0.016603153199, 0.00191625906155, 0.000984371523373, 0.000771977007389, 0.00164876237977, 0.000794495339505, 0.000375538686058, 0.00042945871246, 8.11261415947e-05, 8.60501168063e-05, 0.000191537546925, 0.000100224657217, 9.7974712844e-05, 3.75268755306e-05, 5.76872153033e-05, 3.02185162582e-05, 2.45918290602e-05, 1.9886832888e-05, 1.54020963237e-05, 1.64277662407e-05, 2.60279339273e-05, 3.25644832628e-05, 2.11343412957e-05, 1.17039935503e-05, 6.3585684984e-06, 4.13586258219e-06, 6.29485248282e-06, 3.76851744477e-06, 2.29322517953e-06, 2.46172430707e-06, 2.16525791075e-06, 9.95923869596e-07, 5.89675835272e-07],
        "mean": [0.000303614593577, 0.000878562335856, 0.00119307090063, 0.00127249001525, 0.000941738195252, 0.000586738286074, 0.000374309049221, 0.000507752178237, 0.000148330145748, 5.24680654053e-05, 3.64180341421e-05, 5.28709460923e-05, 6.16413017269e-05, 3.20539693348e-05, 1.98830875888e-05, 1.22392739286e-05, 9.80199638434e-06, 1.68985170603e-05, 1.13420655907e-05, 7.83332961873e-06, 3.58284114554e-06, 3.9107367229e-06, 2.1851535621e-06, 1.50058815507e-06, 1.17731042337e-06, 9.84430471362e-07, 9.90329681372e-07, 1.00448642115e-06, 8.88812792255e-07, 5.7504405504e-07, 5.08302377966e-07, 4.00773870979e-07, 2.64669523631e-07, 2.6441313139e-07, 2.05739041803e-07, 1.59975854785e-07, 1.46227563391e-07, 1.48909066411e-07, 1.15215492258e-07, 1.20918741686e-07],
        "min": [3.40551284338e-23, 8.43035139026e-24, 5.4412217363e-24, 1.11647493777e-24, 4.38288752358e-24, 1.28662590441e-23, 1.95613239133e-23, 7.37999256129e-24, 1.55881944098e-23, 7.98796844981e-24, 1.14916917938e-23, 7.88143041797e-24, 1.43761238284e-23, 1.36884958654e-23, 8.01798145181e-24, 9.08277801306e-24, 8.82953236324e-24, 7.08134559979e-24, 1.28277145115e-23, 1.19001765923e-23, 8.84035316828e-24, 1.38493177827e-23, 7.86459770398e-24, 7.50465467242e-24, 6.51054399258e-24, 1.07553011828e-23, 1.19033099478e-23, 1.08741501779e-23, 1.07573593209e-23, 1.30306466127e-23, 1.13177037879e-23, 1.39459011788e-23, 8.60096149368e-24, 1.30188799635e-23, 1.0768559568e-23, 8.91065329671e-24, 1.00192671369e-23, 9.51779614811e-24, 6.23806157515e-24, 9.88090961164e-24],
        "stdev": [0.000652549555525, 0.00140566576738, 0.00268143857829, 0.00159410375636, 0.0010996471392, 0.000966096413322, 0.000790001126006, 0.00147769937757, 0.000236341671553, 9.60682227742e-05, 6.03703047091e-05, 0.000120755983517, 9.95112059172e-05, 4.78925976495e-05, 3.39649850503e-05, 1.50032319652e-05, 1.1075936527e-05, 2.16695916606e-05, 1.55255966092e-05, 1.12838297355e-05, 4.12023882745e-06, 6.62478487357e-06, 3.06526749227e-06, 2.18012860387e-06, 1.78168966158e-06, 1.45124079154e-06, 1.45365402204e-06, 2.36851246882e-06, 2.35229276768e-06, 1.53000280534e-06, 1.22940218716e-06, 9.04775617983e-07, 4.85292218855e-07, 6.0932757151e-07, 3.90920547488e-07, 2.71634661431e-07, 2.51437654697e-07, 2.4396496201e-07, 1.04332059436e-07, 7.32404288328e-08]
    },
    "melbands128": {
        "max": [0.00114353012759, 0.00636638328433, 0.0075386762619, 0.0139782335609, 0.0125537514687, 0.0122406557202, 0.0204478893429, 0.0617742538452, 0.029284067452, 0.0117023363709, 0.015361269936, 0.00993909686804, 0.00776695087552, 0.015510189347, 0.0120238177478, 0.0107142906636, 0.0162094794214, 0.016705095768, 0.0104671726003, 0.0336640179157, 0.0130089130253, 0.00336127588525, 0.00181027478538, 0.0012082720641, 0.00133403600194, 0.00146694714203, 0.000423089484684, 0.00144693406764, 0.00100793305319, 0.00257988460362, 0.00206841924228, 0.000411629443988, 0.00123749871273, 0.00168537476566, 0.00036274100421, 0.000272117496934, 0.00110116729047, 0.000472519925097, 0.000308017653879, 0.000146638805745, 0.000145729034557, 0.000176360277692, 8.29744167277e-05, 0.000149097031681, 0.000171097897692, 0.000315296347253, 0.000391840294469, 0.000128459083498, 0.000104895145341, 0.000299979146803, 0.000123036690638, 5.12214428454e-05, 8.67266498972e-05, 2.53700818575e-05, 4.57345558971e-05, 0.000113001835416, 4.83223629999e-05, 4.6472188842e-05, 3.2416148315e-05, 3.43916544807e-05, 2.47582702286e-05, 2.16063435801e-05, 1.87434161489e-05, 2.30372970691e-05, 3.18783932016e-05, 2.37155036302e-05, 1.71034353116e-05, 1.39716103149e-05, 2.59436310444e-05, 1.86976794794e-05, 4.73291402159e-05, 2.23457191169e-05, 3.73974035028e-05, 3.59435216524e-05, 3.19846840284e-05, 3.0743303796e-05, 1.14472131827e-05, 2.12823852053e-05, 1.05765211629e-05, 1.75484437932e-05, 9.75978218776e-06, 6.50931633572e-06, 4.11360451835e-06, 4.21082222601e-06, 4.36660457126e-06, 8.19888100523e-06, 9.37116874411e-06, 6.71160069032e-06, 4.04360434914e-06, 4.20403057433e-06, 2.90094703814e-06, 3.32455033458e-06, 1.86094416676e-06, 2.57543229054e-06, 3.805813094e-06, 4.07596598961e-06, 2.1098931029e-06, 1.67456153122e-06, 9.6437031516e-07, 8.80090055944e-07, 9.10060521164e-07, 6.72843839311e-07, 7.1678147151e-07, 3.7062403635e-07, 5.54359417038e-07, 2.7456721341e-07, 2.31435834053e-07, 8.89674183213e-08, 7.05511524757e-08, 4.84659885558e-08, 4.21673505002e-08, 3.7733911995e-08, 3.45924959788e-08, 3.01194518215e-08, 2.51149110397e-08, 2.38768880223e-08, 2.26689760296e-08, 2.14517310582e-08, 2.06357189114e-08, 2.01507734943e-08, 1.94099580852e-08, 1.88904962783e-08, 1.84890343036e-08, 1.80065988786e-08, 1.77355374831e-08, 1.75459593521e-08, 1.74283769638e-08, 1.72156848777e-08],
        "mean": [3.01144646073e-05, 0.000169473874848, 0.000385358551284, 0.00061952858232, 0.000959946541116, 0.000920953403693, 0.00126627169084, 0.00136524089612, 0.000915173965041, 0.00140902993735, 0.00138081179466, 0.00112000876106, 0.000672774447594, 0.00093834369909, 0.000711215776391, 0.000326419947669, 0.000295038276818, 0.000392468995415, 0.000388499698602, 0.000754984794185, 0.000436932838056, 0.00018621768686, 0.000138903109473, 5.51346383872e-05, 7.61338451412e-05, 3.81334684789e-05, 2.83304780169e-05, 4.36695117969e-05, 2.29461147683e-05, 7.97473912826e-05, 4.80490271002e-05, 2.88860301225e-05, 7.09350060788e-05, 9.43093109527e-05, 2.13097810047e-05, 2.07561770367e-05, 3.13066775561e-05, 1.03046877484e-05, 2.59847020061e-05, 1.49248180605e-05, 6.71696625432e-06, 1.15532047857e-05, 8.34035290609e-06, 8.776127288e-06, 1.38925943247e-05, 1.68516562553e-05, 2.65246617346e-05, 6.63331138639e-06, 6.46025591777e-06, 1.37753249874e-05, 7.27637007003e-06, 3.76084130949e-06, 3.14071075991e-06, 3.38172571901e-06, 4.7705907491e-06, 4.44476290795e-06, 2.59917783296e-06, 2.74753074336e-06, 1.89887782653e-06, 1.35714060434e-06, 1.71214594502e-06, 1.37174561132e-06, 1.18704645047e-06, 1.15645377718e-06, 1.03851527911e-06, 1.00209092579e-06, 9.67795017459e-07, 8.43344537316e-07, 1.25346764435e-06, 7.48580873733e-07, 1.07104074232e-06, 9.6688290796e-07, 1.20413665172e-06, 8.08543063613e-07, 6.10293341197e-07, 6.66897165047e-07, 4.46403021215e-07, 6.21082051566e-07, 4.67557640604e-07, 4.86638498387e-07, 4.44793897714e-07, 3.5290310052e-07, 3.0153245234e-07, 2.40969086462e-07, 2.54627593677e-07, 2.64459629307e-07, 2.82108089777e-07, 2.40501861981e-07, 1.99121117817e-07, 1.86851480066e-07, 1.5358223493e-07, 1.69275708117e-07, 1.41383722507e-07, 1.28304847635e-07, 1.62214121247e-07, 1.64105912859e-07, 1.46359198538e-07, 1.33515541734e-07, 1.0484047408e-07, 1.20074290066e-07, 9.82170220709e-08, 1.30952329869e-07, 1.27249393245e-07, 1.14896316461e-07, 7.91365906139e-08, 7.01068358921e-08, 6.39327382146e-08, 4.56280133676e-08, 2.7328352914e-08, 1.97871035112e-08, 1.67122724548e-08, 8.77828121304e-09, 5.93728577414e-09, 2.85331180905e-09, 1.28267396704e-09, 9.04595232054e-10, 5.61350022021e-10, 4.53750960416e-11, 4.36215924493e-11, 4.26539394083e-11, 4.12930765969e-11, 4.0389122602e-11, 3.95486386695e-11, 3.85056257712e-11, 3.79965607589e-11, 3.76489707465e-11, 3.74779859924e-11, 3.70488917323e-11],
        "min": [3.62213499459e-23, 4.10492039294e-23, 3.70325955682e-23, 1.40174303525e-23, 3.4362970358e-24, 5.64300880598e-24, 9.87359844877e-24, 4.16687137532e-24, 8.86123904961e-25, 5.50149278022e-25, 1.81063042891e-24, 1.44760847324e-24, 4.45844698767e-24, 9.01457388806e-24, 8.43019992897e-24, 1.90517623671e-23, 2.01037068064e-23, 2.38872241251e-23, 1.47500517861e-23, 1.58982707825e-24, 6.48033456421e-24, 1.37233209189e-23, 1.55682709387e-23, 2.08847485224e-23, 1.02291333256e-23, 7.58498684359e-25, 6.94465493758e-24, 1.98347336368e-23, 5.47639270533e-24, 1.01600472541e-23, 6.09797052801e-24, 9.47033590947e-24, 4.45346414776e-24, 3.57090826067e-23, 1.10988998053e-23, 1.18330666173e-23, 7.22670426563e-24, 5.74749224959e-24, 8.38827354958e-24, 1.39737811009e-23, 5.73738970241e-24, 9.34407714387e-24, 6.90595973246e-24, 1.35252269016e-23, 2.49486530392e-24, 5.15356360721e-24, 1.22032963951e-23, 1.45815810734e-23, 9.67818419191e-24, 1.62737334691e-23, 1.3899139082e-23, 6.10075205156e-24, 1.01070018802e-23, 7.71894479302e-24, 8.09634689413e-24, 1.86665631648e-23, 1.66186818325e-23, 5.88126254873e-24, 8.46517328834e-24, 3.34060189711e-24, 7.9932088528e-24, 1.08678511236e-23, 4.47951904017e-24, 7.19215846887e-24, 5.00846289889e-24, 8.29736443e-24, 1.81798754293e-23, 1.23865779712e-23, 8.44064681394e-24, 1.45753159401e-23, 8.21558558654e-24, 1.12142091815e-23, 1.21905697021e-23, 8.00331021669e-24, 1.48564328346e-23, 8.93051602544e-24, 1.83079233314e-23, 9.0622297642e-24, 7.36540810087e-24, 1.66947075134e-23, 1.47053864816e-23, 1.5325732498e-23, 7.82212306626e-24, 6.21641049875e-24, 1.08040701417e-23, 9.57536879469e-24, 1.75766303396e-23, 1.38302368151e-23, 6.11323025336e-24, 1.39083687546e-23, 8.72314894815e-24, 6.2932790775e-24, 1.05333173018e-23, 1.02025305693e-23, 9.37804076128e-24, 1.03866002175e-23, 1.07240906899e-23, 7.1762897429e-24, 4.88205346086e-24, 5.88227544613e-24, 9.47947328533e-24, 1.03718635069e-23, 1.06385616017e-23, 9.04361580228e-24, 7.97628147549e-24, 1.08670054647e-23, 1.21340359853e-23, 1.95355754934e-23, 1.04237295337e-23, 5.42859917296e-24, 6.95488173035e-24, 8.1728671908e-24, 7.258830626e-24, 9.19744052336e-24, 1.28754398074e-23, 1.48461508215e-23, 1.51394303734e-23, 1.24367550468e-23, 1.34936945535e-23, 1.16527109263e-23, 9.90943324425e-24, 8.99318708006e-24, 7.61906395837e-24, 8.24860493745e-24, 9.87453640439e-24, 8.88915210388e-24, 1.26441497343e-23, 9.74776803464e-24],
        "stdev": [0.000100769066194, 0.000585842237342, 0.000909843831323, 0.00144007080235, 0.00175755925011, 0.00166310940403, 0.00230162148364, 0.00474625593051, 0.00218662666157, 0.00204653502442, 0.0017699127784, 0.00151656847447, 0.00101496931165, 0.00164371891879, 0.00136014062446, 0.00081927672727, 0.00101559411269, 0.00110426917672, 0.00104815640952, 0.00281998212449, 0.00135149690323, 0.000366452615708, 0.000238256820012, 0.000105632818304, 0.000149592597154, 0.000125028105685, 5.12617843924e-05, 9.26081847865e-05, 6.79503064021e-05, 0.000209619058296, 0.000134846704896, 4.99632260471e-05, 0.000117685478472, 0.000210314348806, 3.93937662011e-05, 4.01616889576e-05, 8.2951184595e-05, 2.96530743071e-05, 4.55309127574e-05, 2.447548286e-05, 1.65422989085e-05, 1.93919513549e-05, 1.16393621283e-05, 1.6369345758e-05, 2.56592684309e-05, 2.89095314656e-05, 4.92152212246e-05, 1.1394799003e-05, 1.29034006022e-05, 2.86089561996e-05, 1.15478651423e-05, 6.60693058308e-06, 6.6129264269e-06, 3.86506144423e-06, 5.93288723394e-06, 1.13533315016e-05, 5.80923369853e-06, 3.95285042032e-06, 3.19594551002e-06, 2.75777802017e-06, 2.63896322394e-06, 2.12293980439e-06, 1.86629847576e-06, 1.97785470846e-06, 2.26001270676e-06, 1.62462265507e-06, 1.43426802879e-06, 1.61872821991e-06, 1.69160034602e-06, 1.40421570904e-06, 3.30893453793e-06, 2.36643154494e-06, 3.54049257112e-06, 2.26671977543e-06, 1.97113240574e-06, 1.98366501536e-06, 1.08612300664e-06, 1.68959218172e-06, 1.11623603516e-06, 1.3283458884e-06, 1.11686529181e-06, 8.15627004158e-07, 5.95522237745e-07, 4.49510338285e-07, 5.36671450391e-07, 6.66252219617e-07, 7.46230057302e-07, 5.73445220198e-07, 3.77545347874e-07, 3.55785658712e-07, 2.98107210028e-07, 3.09892243422e-07, 2.22511332026e-07, 2.49303070632e-07, 2.74138727718e-07, 4.15804294107e-07, 2.0622481145e-07, 1.89964254105e-07, 9.02922749901e-08, 9.49000096284e-08, 9.35181674322e-08, 7.99951820341e-08, 7.19609190014e-08, 4.7325627861e-08, 4.51917578914e-08, 3.00741334058e-08, 2.03578025548e-08, 1.25312213939e-08, 8.8074632032e-09, 5.67683766661e-09, 4.88017004585e-09, 2.7938893421e-09, 2.15359730049e-09, 1.46307210791e-09, 1.10195297331e-09, 1.03904185256e-09, 9.9128594222e-10, 9.13621844845e-10, 8.78870087817e-10, 8.5821372231e-10, 8.2665441159e-10, 8.04523059283e-10, 7.8742445897e-10, 7.66879004743e-10, 7.55331630575e-10, 7.47255257671e-10, 7.42243932983e-10, 7.33185012702e-10]
    },
    "mfcc": {
        "mean": [-703.544128418, 144.43586731, 16.0070343018, 13.2269592285, 9.73921489716, -1.37698125839, -2.82961726189, -9.3126115799, -7.57535266876, -6.41590166092, -8.77190494537, -7.36015081406, -0.74005061388],
        "cov": [[4200.90283203, 1529.84204102, -363.028656006, -132.977142334, -322.123504639, -69.2360534668, -401.468475342, -224.871704102, -20.6391658783, -56.4091339111, -18.3904285431, 92.6882629395, -11.5052919388], [1529.84204102, 1181.52050781, -377.787780762, -373.012969971, -58.8484954834, -136.614639282, -190.542144775, -126.2710495, -30.9184837341, -62.700881958, -20.7724075317, 12.9059114456, 38.1180801392], [-363.028656006, -377.787780762, 594.940368652, 425.203643799, 11.686879158, 111.244651794, 114.35635376, 58.4209861755, 17.1743335724, 56.3442649841, 24.1648483276, 2.84600067139, -26.9746551514], [-132.977142334, -373.012969971, 425.203643799, 436.313110352, 9.79882240295, 104.115158081, 71.656211853, 41.7992744446, 34.8909568787, 55.4411888123, 36.5553398132, 27.2782993317, -13.1283502579], [-322.123504639, -58.8484954834, 11.686879158, 9.79882240295, 111.846336365, 15.9943237305, 46.7382125854, 18.2511062622, -1.19011008739, 6.86532020569, 6.91466236115, -4.32855129242, 19.070350647], [-69.2360534668, -136.614639282, 111.244651794, 104.115158081, 15.9943237305, 101.486587524, 60.0999107361, 23.5969524384, 11.1023397446, 1.81759619713, 3.20024967194, 0.415331035852, -12.2805995941], [-401.468475342, -190.542144775, 114.35635376, 71.656211853, 46.7382125854, 60.0999107361, 115.532783508, 56.1903953552, 11.3067407608, 9.87414264679, 5.01563262939, -5.47797584534, 0.416824758053], [-224.871704102, -126.2710495, 58.4209861755, 41.7992744446, 18.2511062622, 23.5969524384, 56.1903953552, 72.6044006348, 35.8066596985, 21.739654541, 10.9499759674, 2.28319859505, 1.99364209175], [-20.6391658783, -30.9184837341, 17.1743335724, 34.8909568787, -1.19011008739, 11.1023397446, 11.3067407608, 35.8066596985, 73.9997558594, 46.6038475037, 20.0627346039, 10.3151025772, 0.625644087791], [-56.4091339111, -62.700881958, 56.3442649841, 55.4411888123, 6.86532020569, 1.81759619713, 9.87414264679, 21.739654541, 46.6038475037, 75.0246963501, 41.0049743652, 17.3102016449, 4.8162355423], [-18.3904285431, -20.7724075317, 24.1648483276, 36.5553398132, 6.91466236115, 3.20024967194, 5.01563262939, 10.9499759674, 20.0627346039, 41.0049743652, 65.7705535889, 42.4618606567, 16.4449291229], [92.6882629395, 12.9059114456, 2.84600067139, 27.2782993317, -4.32855129242, 0.415331035852, -5.47797584534, 2.28319859505, 10.3151025772, 17.3102016449, 42.4618606567, 64.4625091553, 34.6683654785], [-11.5052919388, 38.1180801392, -26.9746551514, -13.1283502579, 19.070350647, -12.2805995941, 0.416824758053, 1.99364209175, 0.625644087791, 4.8162355423, 16.4449291229, 34.6683654785, 53.4028053284]],
        "icov": [[0.00127823732328, -0.00192345923278, 0.00140924553853, -0.00224215304479, 0.0020987931639, -0.00220514088869, 0.00190271751489, -0.00113563262857, 0.00191509339493, -0.00206186226569, 0.00214237067848, -0.00217892951332, 0.0014982362045], [-0.00192345923278, 0.00454879458994, -0.00290972739458, 0.00508370250463, -0.00324083841406, 0.00332035357133, -0.00119972031098, 0.00355665315874, -0.00476209819317, 0.00468586245552, -0.00390393054113, 0.00324479513802, -0.00335489888676], [0.00140924553853, -0.00290972739458, 0.00913925468922, -0.00986366067082, 0.00390521530062, -0.00182397803292, -0.00226864684373, -0.00316443573684, 0.00705979019403, -0.0064105335623, 0.00362042454071, -0.000762510520872, 0.00276947533712], [-0.00224215304479, 0.00508370250463, -0.00986366067082, 0.0153125906363, -0.00501257833093, -1.20528202388e-05, 0.00131969619542, 0.0043106880039, -0.00778936222196, 0.00503762252629, -0.00424385070801, -5.60052903893e-05, -0.00273347832263], [0.0020987931639, -0.00324083841406, 0.00390521530062, -0.00501257833093, 0.0166716948152, -0.00387703790329, -0.00286630541086, -0.00113203865476, 0.00502734677866, -0.00478852167726, 5.73021861783e-05, 0.00389407249168, -0.0054473769851], [-0.00220514088869, 0.00332035357133, -0.00182397803292, -1.20528202388e-05, -0.00387703790329, 0.0233383085579, -0.0137498360127, 0.00618765270337, -0.008056871593, 0.0091691846028, -0.00405878899619, 0.000734950008336, 0.00289856060408], [0.00190271751489, -0.00119972031098, -0.00226864684373, 0.00131969619542, -0.00286630541086, -0.0137498360127, 0.0302071329206, -0.0158518385142, 0.00593812623993, -0.00210575549863, 0.00199700752273, -0.000989750144072, -0.00118967762683], [-0.00113563262857, 0.00355665315874, -0.00316443573684, 0.0043106880039, -0.00113203865476, 0.00618765270337, -0.0158518385142, 0.0351003147662, -0.0193598400801, 0.00746280979365, -0.00483856536448, 0.00259977648966, -0.00332547910511], [0.00191509339493, -0.00476209819317, 0.00705979019403, -0.00778936222196, 0.00502734677866, -0.008056871593, 0.00593812623993, -0.0193598400801, 0.0380758196115, -0.0258758980781, 0.0105671519414, -0.00606228969991, 0.0050602350384], [-0.00206186226569, 0.00468586245552, -0.0064105335623, 0.00503762252629, -0.00478852167726, 0.0091691846028, -0.00210575549863, 0.00746280979365, -0.0258758980781, 0.0428291149437, -0.0256691128016, 0.0119312144816, -0.00563262868673], [0.00214237067848, -0.00390393054113, 0.00362042454071, -0.00424385070801, 5.73021861783e-05, -0.00405878899619, 0.00199700752273, -0.00483856536448, 0.0105671519414, -0.0256691128016, 0.0473891124129, -0.0328494347632, 0.012168340385], [-0.00217892951332, 0.00324479513802, -0.000762510520872, -5.60052903893e-05, 0.00389407249168, 0.000734950008336, -0.000989750144072, 0.00259977648966, -0.00606228969991, 0.0119312144816, -0.0328494347632, 0.0538612641394, -0.0303506627679], [0.0014982362045, -0.00335489888676, 0.00276947533712, -0.00273347832263, -0.0054473769851, 0.00289856060408, -0.00118967762683, -0.00332547910511, 0.0050602350384, -0.00563262868673, 0.012168340385, -0.0303506627679, 0.0413200631738]]
    },
    "spectral_contrast_coeffs": {
        "max": [-0.393777340651, -0.501762747765, -0.54482126236, -0.660866320133, -0.728810787201, -0.689725935459],
        "mean": [-0.667824983597, -0.755398869514, -0.765473902225, -0.804215729237, -0.819849967957, -0.828536093235],
        "min": [-0.963029682636, -0.969081044197, -0.95996683836, -0.954702317715, -0.966720163822, -0.959853947163],
        "stdev": [0.0836527571082, 0.0781703963876, 0.0790311321616, 0.0540398955345, 0.0270076878369, 0.0337376259267]
    },
    "spectral_contrast_valleys": {
        "max": [-5.15500879288, -5.01598596573, -6.2497177124, -6.72603130341, -6.32757472992, -9.17864513397],
        "mean": [-6.78916883469, -6.9091835022, -7.97102355957, -8.25636005402, -8.41018676758, -10.5871810913],
        "min": [-26.9504547119, -26.8231506348, -27.1937561035, -27.4220714569, -27.0958442688, -27.258430481],
        "stdev": [1.20976471901, 1.25134944916, 1.09003460407, 1.03218615055, 0.950372695923, 0.77920538187]
    }
},
"rhythm": {
    "beats_count": 26,
    "beats_loudness": {
        "max": 0.104220889509,
        "mean": 0.0361421629786,
        "min": 0.000211546343053,
        "stdev": 0.0302923414856
    },
    "bpm": 126.8358078,
    "bpm_histogram_first_peak_bpm": 126,
    "bpm_histogram_first_peak_weight": 0.25,
    "bpm_histogram_second_peak_bpm": 133,
    "bpm_histogram_second_peak_spread": 0,
    "bpm_histogram_second_peak_weight": 0.0399999991059,
    "danceability": 0.97260171175,
    "onset_rate": 1.95934510231,
    "beats_loudness_band_ratio": {
        "max": [0.742549777031, 0.77504992485, 0.616174757481, 0.217356681824, 0.139784291387, 0.17457215488],
        "mean": [0.412141114473, 0.384747952223, 0.165097609162, 0.0478285588324, 0.0257380008698, 0.0197889395058],
        "min": [0.0781942009926, 0.11682587862, 0.0123694986105, 0.00269543100148, 0.00140122324228, 0.00142551446334],
        "stdev": [0.22526717186, 0.2050575912, 0.144204363227, 0.0516051910818, 0.0291892662644, 0.0420213639736]
    },
    "beats_position": [0.452789098024, 0.905578196049, 1.369977355, 1.83437633514, 2.29877543449, 2.77478456497, 3.25079369545, 3.72680258751, 4.20281171799, 4.67882061005, 5.15482997894, 5.61922883987, 6.08362817764, 6.5596370697, 7.03564596176, 7.51165533066, 7.98766422272, 8.46367359161, 8.93968200684, 9.41569137573, 9.89170074463, 10.3677091599, 10.8437185287, 11.3081178665, 11.7841272354, 12.2601356506],
