{
"metadata": {
    "version": {
        "essentia": "2.1-beta5",
        "essentia_git_sha": "Undefined",
        "extractor": "music 2.0"
    },
    "audio_properties": {
        "analysis": {
            "equal_loudness": 0,
            "length": 48.7502937317,
            "sample_rate": 44100,
            "start_time": 93.9943771362,
            "downmix": "mix"
        },
        "bit_rate": 192000,
        "length": 183.344772339,
        "lossless": 0,
        "number_channels": 2,
        "replay_gain": -8.95867347717,
        "sample_rate": 48000,
        "codec": "mp3",
        "md5_encoded": "ad6f9ce1653133df2bdff6837938374e"
    },
    "tags": {
        "file_name": "Sweden_Som En Vind_Edin-Ådahl.mp3",
        "encoding": ["Lavf58.29.100"]
    }
},
"lowlevel": {
    "average_loudness": 0.984136462212,
    "barkbands_crest": {
        "max": 24.8792858124,
        "mean": 8.79873657227,
        "min": 2.75574207306,
        "stdev": 3.58144450188
    },
    "barkbands_flatness_db": {
        "max": 0.334396451712,
        "mean": 0.183982372284,
        "min": 0.0766184106469,
        "stdev": 0.0271759703755
    },
    "barkbands_kurtosis": {
        "max": 55.2991142273,
        "mean": 1.05396175385,
        "min": -1.63569116592,
        "stdev": 2.44029283524
    },
    "barkbands_skewness": {
        "max": 6.74733304977,
        "mean": 0.941205978394,
        "min": -0.801967084408,
        "stdev": 0.620479822159
    },
    "barkbands_spread": {
        "max": 52.2415390015,
        "mean": 15.3892774582,
        "min": 1.58181238174,
        "stdev": 5.82275485992
    },
    "dissonance": {
        "max": 0.5,
        "mean": 0.464488744736,
        "min": 0.307491987944,
        "stdev": 0.0233121495694
    },
    "dynamic_complexity": 1.14802861214,
    "erbbands_crest": {
        "max": 27.6123504639,
        "mean": 9.09843826294,
        "min": 2.850512743,
        "stdev": 3.73897576332
    },
    "erbbands_flatness_db": {
        "max": 0.343644052744,
        "mean": 0.242857784033,
        "min": 0.132895886898,
        "stdev": 0.0270070936531
    },
    "erbbands_kurtosis": {
        "max": 13.8301391602,
        "mean": -0.0960553139448,
        "min": -1.57193589211,
        "stdev": 1.13944578171
    },
    "erbbands_skewness": {
        "max": 3.6940176487,
        "mean": 0.373483896255,
        "min": -1.4706274271,
        "stdev": 0.546028792858
    },
    "erbbands_spread": {
        "max": 73.0372848511,
        "mean": 26.0197906494,
        "min": 5.50190973282,
        "stdev": 8.46512985229
    },
    "hfc": {
        "max": 88.1288299561,
        "mean": 27.1270160675,
        "min": 0.73033028841,
        "stdev": 11.6155290604
    },
    "loudness_ebu128": {
        "integrated": -14.1435565948,
        "loudness_range": 0.86127948761,
        "momentary": {
            "max": -12.6437110901,
            "mean": -14.2236766815,
            "min": -18.2562923431,
            "stdev": 0.879954576492
        },
        "short_term": {
            "max": -13.6134214401,
            "mean": -14.1678504944,
            "min": -15.3059587479,
            "stdev": 0.331492334604
        }
    },
    "melbands_crest": {
        "max": 29.2439613342,
        "mean": 10.8048095703,
        "min": 3.46203422546,
        "stdev": 4.09835386276
    },
    "melbands_flatness_db": {
        "max": 0.365631312132,
        "mean": 0.188495337963,
        "min": 0.063846565783,
        "stdev": 0.0379759371281
    },
    "melbands_kurtosis": {
        "max": 83.0461730957,
        "mean": 3.46002793312,
        "min": -1.44157147408,
        "stdev": 3.95765161514
    },
    "melbands_skewness": {
        "max": 6.78978824615,
        "mean": 1.41736829281,
        "min": -0.568210184574,
        "stdev": 0.691416501999
    },
    "melbands_spread": {
        "max": 72.9985733032,
        "mean": 22.3799324036,
        "min": 1.65051519871,
        "stdev": 9.15978717804
    },
    "pitch_salience": {
        "max": 0.867070794106,
        "mean": 0.609177589417,
        "min": 0.200445130467,
        "stdev": 0.0834518447518
    },
    "silence_rate_20dB": {
        "max": 1,
        "mean": 1,
        "min": 1,
        "stdev": 0
    },
    "silence_rate_30dB": {
        "max": 1,
        "mean": 0.999524056911,
        "min": 0,
        "stdev": 0.0218115933239
    },
    "silence_rate_60dB": {
        "max": 0,
        "mean": 0,
        "min": 0,
        "stdev": 0
    },
    "spectral_centroid": {
        "max": 2948.59692383,
        "mean": 1312.42504883,
        "min": 411.411499023,
        "stdev": 395.607696533
    },
    "spectral_complexity": {
        "max": 55,
        "mean": 26.723941803,
        "min": 1,
        "stdev": 7.03716468811
    },
    "spectral_decrease": {
        "max": -1.57333424067e-10,
        "mean": -7.31689642208e-09,
        "min": -2.77283174199e-08,
        "stdev": 3.08988656883e-09
    },
    "spectral_energy": {
        "max": 0.109854318202,
        "mean": 0.0300761461258,
        "min": 0.000660055782646,
        "stdev": 0.0124739045277
    },
    "spectral_energyband_high": {
        "max": 0.00399306183681,
        "mean": 0.000425921258284,
        "min": 9.40634072322e-06,
        "stdev": 0.000467049947474
    },
    "spectral_energyband_low": {
        "max": 0.0159595198929,
        "mean": 0.000936333090067,
        "min": 8.11648988019e-06,
        "stdev": 0.00112674117554
    },
    "spectral_energyband_middle_high": {
        "max": 0.0651667416096,
        "mean": 0.0100718094036,
        "min": 0.000183770433068,
        "stdev": 0.00572606734931
    },
    "spectral_energyband_middle_low": {
        "max": 0.0962433516979,
        "mean": 0.01915682666,
        "min": 0.000456074194517,
        "stdev": 0.0108029525727
    },
    "spectral_entropy": {
        "max": 8.83598327637,
        "mean": 7.39735794067,
        "min": 6.17325878143,
        "stdev": 0.241248592734
    },
    "spectral_flux": {
        "max": 0.275023490191,
        "mean": 0.0998594835401,
        "min": 0.0392945222557,
        "stdev": 0.0304807964712
    },
    "spectral_kurtosis": {
        "max": 29.6286048889,
        "mean": 4.91466236115,
        "min": -0.531176328659,
        "stdev": 3.69653487206
    },
    "spectral_rms": {
        "max": 0.0103525333107,
        "mean": 0.00531194638461,
        "min": 0.000802469206974,
        "stdev": 0.0010610712925
    },
    "spectral_rolloff": {
        "max": 5943.1640625,
        "mean": 1536.49694824,
        "min": 258.3984375,
        "stdev": 608.153991699
    },
    "spectral_skewness": {
        "max": 3.68079066277,
        "mean": 1.2626863718,
        "min": 0.240345865488,
        "stdev": 0.434321016073
    },
    "spectral_spread": {
        "max": 26726606,
        "mean": 2628086.25,
        "min": 1666034.5,
        "stdev": 767862.5
    },
    "spectral_strongpeak": {
        "max": 9.40032196045,
        "mean": 1.72754597664,
        "min": 0.0241976417601,
        "stdev": 1.14066588879
    },
    "zerocrossingrate": {
        "max": 0.14501953125,
        "mean": 0.0545615367591,
        "min": 0.01220703125,
        "stdev": 0.0148510644212
    },
    "barkbands": {
        "max": [0.000226137024583, 0.00388358882628, 0.0112451352179, 0.0192557573318, 0.0392817892134, 0.0462212972343, 0.0468139797449, 0.0575923994184, 0.0682723224163, 0.0266460049897, 0.0562176778913, 0.0163654517382, 0.0161977894604, 0.0249434728175, 0.0141772329807, 0.0118120135739, 0.00811158772558, 0.00601086532697, 0.00265655829571, 0.00404844246805, 0.00168217928149, 0.00159121467732, 0.000797181623057, 0.000285244837869, 5.0788075896e-05, 1.39418830258e-06, 1.4864019704e-06],
        "mean": [5.85976067669e-06, 0.000254804384895, 0.000348549394403, 0.000794720079284, 0.00401183497161, 0.00278017204255, 0.00339642935432, 0.00301795196719, 0.0047268057242, 0.00153446081094, 0.00158474931959, 0.00128686404787, 0.00130059150979, 0.00118964212015, 0.000932283932343, 0.000762119772844, 0.000683314050548, 0.000504720315803, 0.000351107184542, 0.000322659878293, 0.000164444703842, 8.14784943941e-05, 3.12122319883e-05, 8.20567856863e-06, 1.18252751236e-06, 2.36746222626e-09, 2.41317432703e-09],
        "min": [3.83442655405e-09, 2.39885594056e-07, 1.23970687582e-06, 2.70642590294e-06, 2.64962000074e-05, 4.96768225275e-05, 2.6429492209e-05, 4.29748833994e-05, 3.43169085681e-05, 1.25374172057e-05, 8.3068771346e-06, 1.65465680766e-05, 4.95278163726e-06, 2.1903157176e-05, 1.6111676814e-05, 2.28909120779e-05, 1.06066108856e-05, 1.3010901057e-05, 1.65139263117e-05, 6.33273293715e-06, 2.19916637434e-06, 9.56818212217e-07, 5.22975028616e-07, 2.53023415553e-07, 1.30081744487e-07, 1.67621611036e-11, 2.14161691853e-11],
        "stdev": [1.1695293324e-05, 0.000298309751088, 0.000657535390928, 0.00116695009638, 0.00454212119803, 0.00369239901192, 0.00433289026842, 0.00492255017161, 0.00642563262954, 0.0022693707142, 0.00267695379443, 0.00159950845409, 0.00176511215977, 0.00149663572665, 0.00117406190839, 0.00101565488148, 0.000738986593205, 0.000547945324797, 0.000314389966661, 0.000336706405506, 0.000186882884009, 0.000132701039547, 6.19942802587e-05, 1.94253607333e-05, 2.92650270239e-06, 4.29742499364e-08, 4.58228477385e-08]
    },
    "erbbands": {
        "max": [0.0680205225945, 1.22419798374, 10.5304927826, 26.1183300018, 78.6930618286, 226.6668396, 273.362091064, 523.421447754, 415.083740234, 1397.11889648, 1375.15039062, 1639.69238281, 1078.03137207, 808.816101074, 1478.57678223, 416.799224854, 819.953308105, 1396.21472168, 1135.29638672, 851.051635742, 599.067932129, 421.545013428, 404.980133057, 139.870117188, 173.353179932, 167.718841553, 94.5404281616, 53.2580337524, 57.3181991577, 51.994468689, 20.4435482025, 9.27969264984, 3.92946410179, 0.835803627968, 0.347953647375, 0.0120514212176, 0.00259015173651, 0.000922939798329, 0.000219191308133, 0.000130420245114],
        "mean": [0.00400930037722, 0.0713141858578, 0.353091478348, 1.63779759407, 5.76266479492, 15.7137670517, 20.9043617249, 25.2400398254, 40.934211731, 58.4621162415, 78.5186386108, 99.1762237549, 69.9231414795, 59.8946800232, 54.6338272095, 48.2064361572, 59.079082489, 58.4753074646, 54.561668396, 46.7976760864, 42.8316078186, 40.6013374329, 31.0547065735, 20.4691257477, 17.6907539368, 14.6506681442, 8.75340938568, 5.0352025032, 3.18478655815, 1.80397939682, 0.778391301632, 0.27536585927, 0.0901658535004, 0.0220669358969, 0.00488664861768, 0.000196574139409, 2.73532295978e-05, 8.00203451945e-06, 1.73703192559e-05, 3.61596830771e-05],
        "min": [1.26643444673e-05, 0.000212725848542, 0.00215982319787, 0.0109510514885, 0.0476079173386, 0.0556203015149, 0.288187086582, 0.579050660133, 0.825844347477, 0.848620414734, 0.969953596592, 1.27769184113, 0.854334771633, 0.224831968546, 0.914835810661, 0.551554560661, 0.238818064332, 0.890144348145, 1.1151996851, 0.730462491512, 1.24822115898, 0.601155221462, 1.00588655472, 0.978557646275, 0.762444794178, 0.376565635204, 0.117457441986, 0.0727728456259, 0.0347474850714, 0.0215869080275, 0.0161665529013, 0.00671463925391, 0.00415735738352, 0.00309961196035, 0.000335382297635, 2.14275660255e-05, 4.23757637691e-06, 1.04035348159e-06, 4.25507732871e-06, 9.15704640647e-06],
        "stdev": [0.00532412109897, 0.0856174528599, 0.59435659647, 2.19228816032, 8.36321640015, 20.5760555267, 26.0506896973, 37.8240623474, 50.3778038025, 89.7035064697, 109.922027588, 145.418228149, 98.669342041, 86.9704055786, 70.6736831665, 52.1031188965, 75.8443908691, 77.7187728882, 65.5904312134, 57.7265853882, 53.6167831421, 40.2134971619, 33.5262069702, 17.7902450562, 16.2226276398, 15.4756650925, 9.14985561371, 6.45734167099, 4.86366224289, 3.36786437035, 1.5650305748, 0.624270439148, 0.234246611595, 0.0557038858533, 0.0134026473388, 0.000501705450006, 8.19638444227e-05, 2.85360110865e-05, 9.03737145563e-06, 1.4556012502e-05]
    },
    "gfcc": {
        "mean": [-13.9300374985, 148.593536377, -194.041137695, 28.99492836, -74.9738388062, -12.7404270172, -29.5832214355, -15.8501663208, -8.14655303955, -19.0641517639, -1.19787156582, -20.4825878143, 3.45300889015],
        "cov": [[552.185424805, -213.013046265, -99.9072952271, 153.536239624, -107.366615295, 48.1191673279, 43.9292526245, -31.6942481995, 19.9002494812, -19.7454948425, -10.8071098328, 12.9501647949, -32.3564109802], [-213.013046265, 364.604553223, 101.286819458, -127.380432129, 157.550201416, -69.5601882935, 9.21631813049, 14.0493440628, -5.63731527328, -2.01704144478, 17.5129089355, -25.0622367859, 6.62860679626], [-99.9072952271, 101.286819458, 273.300689697, 61.1549530029, -17.9596748352, 50.3631401062, -54.2333335876, 11.1961517334, -16.1017379761, -6.17987394333, -14.648018837, 4.80153608322, 9.82052898407], [153.536239624, -127.380432129, 61.1549530029, 209.07383728, -41.3465957642, 56.2321128845, -26.2661685944, -15.1587905884, 11.1087141037, -2.44330024719, -16.7891540527, 14.5179309845, 5.41203117371], [-107.366615295, 157.550201416, -17.9596748352, -41.3465957642, 188.322418213, -24.6665363312, -3.42528271675, 18.8100013733, 7.55385637283, 20.3361167908, 8.2377948761, -20.1971054077, 0.0876059755683], [48.1191673279, -69.5601882935, 50.3631401062, 56.2321128845, -24.6665363312, 135.778106689, 36.2876167297, 13.1548633575, -5.41413116455, -2.50834560394, -9.36898231506, 7.62771177292, -5.5112080574], [43.9292526245, 9.21631813049, -54.2333335876, -26.2661685944, -3.42528271675, 36.2876167297, 118.5701828, 28.0582561493, -2.22549676895, -6.40002632141, 9.8915348053, 0.0338059328496, -9.01650810242], [-31.6942481995, 14.0493440628, 11.1961517334, -15.1587905884, 18.8100013733, 13.1548633575, 28.0582561493, 69.8060150146, 26.0513687134, 2.75877523422, 0.129808753729, -3.19686150551, 1.41024887562], [19.9002494812, -5.63731527328, -16.1017379761, 11.1087141037, 7.55385637283, -5.41413116455, -2.22549676895, 26.0513687134, 78.8228530884, 24.9567432404, -9.16078186035, -4.91984367371, 1.44470286369], [-19.7454948425, -2.01704144478, -6.17987394333, -2.44330024719, 20.3361167908, -2.50834560394, -6.40002632141, 2.75877523422, 24.9567432404, 67.1913909912, 25.7575569153, 4.46175432205, 4.07292938232], [-10.8071098328, 17.5129089355, -14.648018837, -16.7891540527, 8.2377948761, -9.36898231506, 9.8915348053, 0.129808753729, -9.16078186035, 25.7575569153, 69.6918945312, 29.242067337, 1.79391181469], [12.9501647949, -25.0622367859, 4.80153608322, 14.5179309845, -20.1971054077, 7.62771177292, 0.0338059328496, -3.19686150551, -4.91984367371, 4.46175432205, 29.242067337, 58.7125205994, 25.7186965942], [-32.3564109802, 6.62860679626, 9.82052898407, 5.41203117371, 0.0876059755683, -5.5112080574, -9.01650810242, 1.41024887562, 1.44470286369, 4.07292938232, 1.79391181469, 25.7186965942, 53.6076202393]],
        "icov": [[0.00351765099913, -0.000485619500978, 0.00201848801225, -0.00299296248704, 0.0016302211443, -0.000412754452555, -0.000875476456713, 0.000915639277082, -0.000867898168508, 0.000606005138252, 0.00028205034323, -0.00103883526754, 0.002365474822], [-0.000485619500978, 0.0208817292005, -0.0170260630548, 0.0107425451279, -0.0166095141321, 0.0106937326491, -0.0127012012526, 0.0114614889026, -0.0086038755253, 0.00930305290967, -0.00820435211062, 0.00629737274721, -0.00537349423394], [0.00201848801225, -0.0170260630548, 0.0198600329459, -0.01076209452, 0.0144766243175, -0.0109689766541, 0.0133539671078, -0.0116821192205, 0.00869412254542, -0.00740195903927, 0.00706614507362, -0.00523584429175, 0.00477748224512], [-0.00299296248704, 0.0107425451279, -0.01076209452, 0.0141697442159, -0.00887790322304, 0.0028539034538, -0.0042053363286, 0.00694808689877, -0.00562918931246, 0.00452839536592, -0.00325981085189, 0.00229604449123, -0.0043607945554], [0.0016302211443, -0.0166095141321, 0.0144766243175, -0.00887790322304, 0.0199423599988, -0.00813264865428, 0.0104452008381, -0.010723865591, 0.00716718798503, -0.00873822998255, 0.00541931111366, -0.00221166969277, 0.00380273209885], [-0.000412754452555, 0.0106937326491, -0.0109689766541, 0.0028539034538, -0.00813264865428, 0.0168662089854, -0.0113969463855, 0.00447976775467, -0.0024555856362, 0.00235324259847, -0.000842317531351, 0.000305129651679, -0.000368420471204], [-0.000875476456713, -0.0127012012526, 0.0133539671078, -0.0042053363286, 0.0104452008381, -0.0113969463855, 0.0217197295278, -0.0129881706089, 0.00715747475624, -0.0041976920329, 0.00254879333079, -0.00265276618302, 0.00313979457133], [0.000915639277082, 0.0114614889026, -0.0116821192205, 0.00694808689877, -0.010723865591, 0.00447976775467, -0.0129881706089, 0.0284021049738, -0.0143661247566, 0.00866516213864, -0.00672726426274, 0.00448511075228, -0.00407740613446], [-0.000867898168508, -0.0086038755253, 0.00869412254542, -0.00562918931246, 0.00716718798503, -0.0024555856362, 0.00715747475624, -0.0143661247566, 0.0241723582149, -0.0136985629797, 0.0102009717375, -0.00405429350212, 0.00282629812136], [0.000606005138252, 0.00930305290967, -0.00740195903927, 0.00452839536592, -0.00873822998255, 0.00235324259847, -0.0041976920329, 0.00866516213864, -0.0136985629797, 0.0277928505093, -0.0158466454595, 0.00746474834159, -0.00535693811253], [0.00028205034323, -0.00820435211062, 0.00706614507362, -0.00325981085189, 0.00541931111366, -0.000842317531351, 0.00254879333079, -0.00672726426274, 0.0102009717375, -0.0158466454595, 0.0312190428376, -0.0196101199836, 0.0100220311433], [-0.00103883526754, 0.00629737274721, -0.00523584429175, 0.00229604449123, -0.00221166969277, 0.000305129651679, -0.00265276618302, 0.00448511075228, -0.00405429350212, 0.00746474834159, -0.0196101199836, 0.0361553430557, -0.0183549895883], [0.002365474822, -0.00537349423394, 0.00477748224512, -0.0043607945554, 0.00380273209885, -0.000368420471204, 0.00313979457133, -0.00407740613446, 0.00282629812136, -0.00535693811253, 0.0100220311433, -0.0183549895883, 0.0297039858997]]
    },
    "melbands": {
        "max": [0.000730443513021, 0.00408851774409, 0.00659783231094, 0.00964627135545, 0.00801888667047, 0.0106960702688, 0.00619407370687, 0.0142745468765, 0.0108994226903, 0.00995096378028, 0.00540864933282, 0.00293291476555, 0.00760639691725, 0.00216258550063, 0.0018009536434, 0.00179987668525, 0.0024011505302, 0.00223422329873, 0.000933133182116, 0.000888892041985, 0.000826046802104, 0.000489169906359, 0.000411857792642, 0.000382912578061, 0.000124297090224, 0.000127065024571, 0.000189368554857, 0.000134589980007, 7.18263472663e-05, 5.40562832612e-05, 3.32864947268e-05, 3.44493273587e-05, 3.81321151508e-05, 2.26503307204e-05, 1.28175852296e-05, 9.60984834819e-06, 4.48620403404e-06, 3.18092179441e-06, 1.67008954577e-06, 5.92273124767e-07],
        "mean": [5.36949992238e-05, 0.000165052464581, 0.000392124115024, 0.00074845389463, 0.000766423123423, 0.000568707007915, 0.000636277312879, 0.000653098861221, 0.000662820471916, 0.000638588797301, 0.0003405387979, 0.000237604268477, 0.000200649228645, 0.00014291361731, 0.000128534942633, 0.000138568124385, 0.000101053090475, 9.07881185412e-05, 7.26819926058e-05, 5.18896049471e-05, 4.81641509396e-05, 4.23642122769e-05, 3.16354817187e-05, 2.40199660766e-05, 1.57066824613e-05, 1.31790966407e-05, 1.28595074784e-05, 8.86853740667e-06, 6.01731017014e-06, 3.62712580682e-06, 2.64857317234e-06, 1.88094782061e-06, 1.34872959734e-06, 8.54346012602e-07, 4.95004485401e-07, 2.48144942816e-07, 1.30937706899e-07, 6.91162611588e-08, 3.10815693183e-08, 1.44421896664e-08],
        "min": [1.43884989257e-07, 1.47450737131e-06, 2.63818787971e-06, 2.92624372378e-06, 8.70314579515e-06, 1.28564497572e-05, 1.02808571683e-05, 9.40493828239e-06, 7.67020446801e-06, 5.67270944885e-06, 2.54183146353e-06, 7.18154126389e-07, 2.33057585319e-06, 1.73784383151e-06, 1.06072786821e-06, 4.74976673104e-07, 1.86220290743e-06, 1.92622678696e-06, 9.40318273024e-07, 1.4052378674e-06, 1.33264097713e-06, 5.65418304177e-07, 6.37192670183e-07, 4.67921836389e-07, 6.69649409701e-07, 4.74534232353e-07, 2.27684168408e-07, 1.73569674189e-07, 7.36999226092e-08, 2.54705838643e-08, 3.41286359173e-08, 1.48019765334e-08, 1.24315837624e-08, 9.79552883251e-09, 6.43282449531e-09, 2.87308510316e-09, 2.09416883834e-09, 1.49915158065e-09, 8.06866129466e-10, 1.31466071362e-09],
        "stdev": [6.3742583734e-05, 0.000234536040807, 0.000507649441715, 0.000934041570872, 0.000874362594914, 0.000784988689702, 0.000755189394113, 0.000973658636212, 0.000945748877712, 0.000940322352108, 0.000501511385664, 0.000348345201928, 0.000314005184919, 0.000202517374419, 0.000192216393771, 0.000195477943635, 0.000141076961881, 0.000123055157019, 9.43694321904e-05, 7.56793742767e-05, 6.52801318211e-05, 4.52253552794e-05, 3.36154225806e-05, 2.8262829801e-05, 1.46963338921e-05, 1.25731730805e-05, 1.40923948493e-05, 1.0351457604e-05, 6.65924790155e-06, 4.43946555606e-06, 3.77787432626e-06, 2.89120566777e-06, 2.46446097663e-06, 1.67197970313e-06, 1.0004955584e-06, 5.92249932652e-07, 3.06650321136e-07, 1.79207773954e-07, 9.85473107562e-08, 3.29432303658e-08]
    },
    "melbands128": {
        "max": [0.000102744626929, 0.000545315037016, 0.00110358570237, 0.00243850750849, 0.00530549371615, 0.00572478678077, 0.00537754222751, 0.0125317405909, 0.00983514077961, 0.0142945274711, 0.0175997018814, 0.0116865020245, 0.0122919147834, 0.0124249979854, 0.0108467498794, 0.02042661421, 0.0109805781394, 0.00865549221635, 0.0137800313532, 0.0263248961419, 0.0133802881464, 0.0166515503079, 0.0142291337252, 0.0229153223336, 0.0188336595893, 0.0186912920326, 0.0173832532018, 0.00602152338251, 0.00789449550211, 0.00413355045021, 0.0060389880091, 0.014063578099, 0.0116744926199, 0.00250669242814, 0.00544043537229, 0.00274560111575, 0.00190399365965, 0.00348021858372, 0.00385078415275, 0.00258651422337, 0.00314665213227, 0.00657526310533, 0.00333266798407, 0.00146196188871, 0.00282560219057, 0.00458891503513, 0.00196645502001, 0.00186724739615, 0.00112663954496, 0.00273636984639, 0.0015568411909, 0.00149856763892, 0.00176639331039, 0.00122836348601, 0.00131671503186, 0.000882459920831, 0.00114575587213, 0.00101208989508, 0.000540958717465, 0.00100173614919, 0.000620554783382, 0.000364482606528, 0.000354767311364, 0.000158875787747, 0.000328940106556, 0.00020928394224, 0.000186357588973, 0.000306251517031, 0.000355926342309, 0.000166484038346, 0.000144642603118, 0.000269766838755, 0.000112486341095, 9.33588817134e-05, 7.28414524929e-05, 7.88936231402e-05, 5.54502694285e-05, 4.42717500846e-05, 5.70366137254e-05, 5.52291057829e-05, 3.38252575602e-05, 4.5234872232e-05, 4.03051089961e-05, 3.32714153046e-05, 4.90574384457e-05, 3.35316690325e-05, 2.35858151427e-05, 2.08714645851e-05, 1.43380302688e-05, 1.06161523945e-05, 1.51993053805e-05, 1.12208163046e-05, 9.02053307072e-06, 6.40163671051e-06, 4.60987303086e-06, 4.5032734306e-06, 2.57492933997e-06, 2.87382476927e-06, 2.85569603875e-06, 1.97318490791e-06, 4.90839852318e-07, 7.15119313099e-07, 6.75985404541e-07, 7.97033692379e-07, 8.30550959563e-07, 7.90929632899e-08, 1.37045974569e-08, 9.98826443777e-09, 9.55099910271e-09, 9.17134101996e-09, 8.83062245549e-09, 8.50516634898e-09, 8.18421508342e-09, 7.9008177778e-09, 7.63110730162e-09, 7.38226013652e-09, 7.15340497948e-09, 6.94223434294e-09, 6.75810873929e-09, 6.58063781245e-09, 6.42676578622e-09, 6.28424468019e-09, 6.1560485598e-09, 6.0545515268e-09, 5.96949334408e-09, 5.8990567986e-09, 5.84736969955e-09, 5.8160432026e-09],
        "mean": [4.12424151364e-06, 1.9935072487e-05, 6.62465463392e-05, 0.000132627115818, 0.00015491139493, 0.000181975614396, 0.000293074612273, 0.000436960661318, 0.000571133452468, 0.000673481787089, 0.000964070321061, 0.00092355691595, 0.000742964504752, 0.000526603020262, 0.000550229102373, 0.000558675383218, 0.000681602396071, 0.000599699444138, 0.000635072065052, 0.000686195329763, 0.000616270059254, 0.000732877699193, 0.000582170148846, 0.000766518700402, 0.000594052893575, 0.000675442104694, 0.000534465303645, 0.000231233454542, 0.000279383122688, 0.000184084099601, 0.000251221819781, 0.00028607348213, 0.000197438639589, 0.000125313308672, 0.000193751926417, 0.000129317311803, 8.23841546662e-05, 0.000174838016392, 0.000114135444164, 0.000112147848995, 0.000162901880685, 0.000141597090987, 9.96735034278e-05, 6.59065990476e-05, 0.000124498721561, 9.30656970013e-05, 5.81304848311e-05, 8.15111998236e-05, 7.45594516047e-05, 5.5931697716e-05, 4.7209308832e-05, 4.72421124869e-05, 6.40034340904e-05, 4.06301369367e-05, 3.07451264234e-05, 4.98679219163e-05, 4.5151784434e-05, 3.15252909786e-05, 2.55605355051e-05, 3.43373285432e-05, 2.27984601224e-05, 1.86917950487e-05, 1.65907240444e-05, 1.32964796649e-05, 1.75797958946e-05, 1.23583840832e-05, 1.1201941561e-05, 1.31940887513e-05, 1.41485770655e-05, 1.10075752673e-05, 8.95172433957e-06, 8.18025273475e-06, 6.33544459561e-06, 6.00661905992e-06, 4.96258189742e-06, 3.67244024346e-06, 3.0606031487e-06, 3.06228457703e-06, 2.71824933407e-06, 2.15431964534e-06, 1.82099438462e-06, 1.96599262381e-06, 1.43554825627e-06, 1.36926894356e-06, 1.22536187064e-06, 8.56150506934e-07, 8.12101177416e-07, 6.27574479495e-07, 5.23289600096e-07, 3.41219134725e-07, 3.04111125615e-07, 2.07109252415e-07, 1.88046328731e-07, 1.31054122221e-07, 1.01124911112e-07, 7.53511031348e-08, 6.91768562433e-08, 4.74523851324e-08, 3.33337943914e-08, 2.32003909417e-08, 1.10204361192e-08, 1.54888724069e-08, 1.30370132467e-08, 1.152059248e-08, 3.55202112168e-09, 1.03535047202e-09, 1.40864445108e-10, 1.83403934401e-11, 1.66376409177e-11, 1.61597193959e-11, 1.51833181444e-11, 1.43065463989e-11, 1.33744421787e-11, 1.28746032932e-11, 1.24229472195e-11, 1.20167339621e-11, 1.16328439936e-11, 1.12853866877e-11, 1.09862596451e-11, 1.06976250774e-11, 1.04387843855e-11, 1.02097280283e-11, 1.00090899111e-11, 9.83688217687e-12, 9.66917691747e-12, 9.50113945852e-12, 9.38815691853e-12, 9.33331103375e-12],
        "min": [3.34607164199e-09, 1.22393313262e-08, 3.58404577128e-08, 3.27261062694e-08, 6.59017871385e-08, 5.18420222306e-07, 3.23933619484e-07, 1.33711057515e-06, 8.71704571637e-07, 1.40735016885e-06, 5.02438695094e-07, 3.49664958321e-07, 1.44276850733e-06, 1.27734290345e-06, 3.15852912536e-06, 1.28725798731e-06, 1.45492617776e-06, 6.03346165917e-07, 2.307906243e-06, 1.56768146553e-06, 1.59680087108e-06, 1.41344537496e-06, 1.91542312677e-06, 2.43807926381e-06, 1.74233696271e-06, 1.56155590503e-06, 1.09971210804e-06, 5.53795075575e-07, 6.82235963723e-07, 2.66487973022e-07, 4.27708414463e-07, 6.53696645259e-07, 6.2977971993e-07, 1.00658360225e-06, 3.07750667616e-07, 4.59571054989e-07, 3.81232837299e-07, 7.86436544331e-07, 4.67488746381e-07, 3.59706646691e-08, 4.5556060968e-07, 1.12607415304e-06, 2.2047049697e-07, 6.45487148176e-07, 4.45036846486e-07, 6.00010366725e-07, 6.02965826602e-07, 4.41797851636e-07, 6.12637165887e-07, 2.79100760281e-07, 1.96008898001e-07, 7.73171507262e-07, 6.47310116619e-07, 4.68992112701e-07, 4.54597852695e-07, 4.47192121555e-07, 2.92949835057e-07, 3.54751819032e-07, 3.13430575716e-07, 6.26863325692e-08, 2.71178947742e-07, 1.29533418658e-07, 7.10483760713e-08, 1.40258109127e-07, 2.5312976959e-07, 9.36252817496e-08, 1.36785175187e-07, 4.35793161557e-08, 1.91423961127e-08, 7.40250456488e-08, 6.29200656022e-08, 3.55734393054e-08, 4.65300864505e-08, 9.26748100483e-09, 8.80173445239e-09, 6.15037754059e-09, 6.74246081189e-09, 1.10561382272e-08, 2.61110089106e-09, 8.60132143288e-09, 1.72802749887e-09, 2.7209368092e-09, 7.13694214838e-09, 1.75397341096e-09, 1.06024167223e-09, 7.11399161801e-10, 1.4655991698e-10, 1.09382197744e-10, 3.34638261545e-10, 1.51158904838e-10, 6.82148157405e-11, 2.43978948156e-10, 3.90761062397e-10, 8.35704908053e-11, 2.06442654638e-10, 1.67819078079e-10, 4.98057983744e-11, 1.2166042479e-11, 5.94704190407e-12, 5.26354741043e-12, 9.70986346882e-11, 1.05457413635e-10, 1.88449408856e-10, 1.39221715753e-11, 7.60758426741e-13, 1.82930696957e-13, 6.28338052704e-14, 6.46186663206e-14, 6.27082411063e-14, 6.95991048539e-14, 7.81699195391e-14, 7.45866652403e-14, 6.46443415833e-14, 7.1704652578e-14, 5.45536889046e-14, 6.14199853087e-14, 8.24663620269e-14, 6.94078380382e-14, 6.97751047479e-14, 6.77157779177e-14, 6.00156385634e-14, 6.58176245168e-14, 5.71741750623e-14, 7.88386418865e-14, 5.27763664476e-14, 1.82530551817e-14, 2.58363704813e-15, 9.52442293248e-17],
        "stdev": [7.13472763891e-06, 3.316269067e-05, 9.68176536844e-05, 0.000166036785231, 0.000279017578578, 0.000344978354406, 0.000435899069998, 0.000684735132381, 0.000984641024843, 0.00110131560359, 0.00148283166345, 0.00128039007541, 0.00116964802146, 0.000824544287752, 0.00100528972689, 0.00123080820777, 0.00103086442687, 0.000923995510675, 0.00115923408885, 0.00151594891213, 0.00122247089166, 0.0015801244881, 0.00111476855818, 0.0016010121908, 0.00129341462161, 0.00141706969589, 0.00126762618311, 0.0005025860155, 0.000549595803022, 0.000382101279683, 0.000583412591368, 0.000613118580077, 0.000484227784909, 0.000242167283432, 0.000381919788197, 0.000234308492509, 0.000141812488437, 0.000326486071572, 0.000271647091722, 0.00021386971639, 0.000319140410284, 0.000335624150466, 0.000197282250156, 0.000128081257571, 0.000213400417124, 0.000183789190487, 0.000122679703054, 0.0001449896954, 0.000120006057841, 0.000125571415992, 0.000106952269562, 9.44816274568e-05, 0.000114199770906, 7.28303566575e-05, 5.99978920945e-05, 6.53985407553e-05, 6.30278300378e-05, 5.72555072722e-05, 3.70803390979e-05, 6.22035513516e-05, 3.76364187105e-05, 2.81809152511e-05, 2.37205513258e-05, 1.54686822498e-05, 2.30755085795e-05, 1.45531066664e-05, 1.58238781296e-05, 1.84257532965e-05, 2.12648319575e-05, 1.37846664074e-05, 1.2718565813e-05, 1.38986761158e-05, 8.22452784632e-06, 8.79762865225e-06, 6.4641476456e-06, 5.56649365535e-06, 4.5975143621e-06, 4.80113612866e-06, 4.46661988462e-06, 3.9736924009e-06, 2.91644983008e-06, 3.32520971824e-06, 2.66712254415e-06, 2.76393325294e-06, 2.6632180834e-06, 1.88628473552e-06, 1.62730361808e-06, 1.41129726217e-06, 1.0998135167e-06, 8.16116482838e-07, 8.00181283012e-07, 5.57939017654e-07, 4.52665489092e-07, 3.5506187146e-07, 2.42928564376e-07, 2.27906340911e-07, 1.70485108697e-07, 1.63361391969e-07, 1.27583064113e-07, 7.39330303645e-08, 2.57220573729e-08, 3.75487871906e-08, 3.53694176169e-08, 3.00080245097e-08, 2.21658869037e-08, 4.50929737994e-09, 6.95850654875e-10, 3.07968400781e-10, 2.94339969065e-10, 2.82911055693e-10, 2.72178890537e-10, 2.62201066414e-10, 2.5225568856e-10, 2.43549902468e-10, 2.35228725387e-10, 2.2756942164e-10, 2.20503657e-10, 2.13993614495e-10, 2.08350614539e-10, 2.02852540321e-10, 1.98130345463e-10, 1.93729782216e-10, 1.89764134961e-10, 1.86654414147e-10, 1.84029680383e-10, 1.81861262161e-10, 1.80264678185e-10, 1.79300796432e-10]
    },
    "mfcc": {
        "mean": [-623.032836914, 154.453125, -52.8620605469, 24.2517318726, -24.5720005035, -2.92192220688, -16.2506313324, -4.09380674362, -8.84704971313, -1.30826890469, -5.78063821793, -3.93944811821, -6.19830989838],
        "cov": [[759.460266113, -421.018218994, -32.1901168823, 61.7183685303, -132.44430542, 84.4537811279, -45.290096283, 58.8801574707, -28.0610218048, 36.1230201721, -32.6006202698, 23.9536018372, -23.6340446472], [-421.018218994, 582.97088623, -93.8430099487, -33.779132843, 103.339584351, -86.3519287109, 61.5067825317, -43.2805709839, 16.583732605, -17.7571811676, 38.2755966187, -13.886932373, 36.5780410767], [-32.1901168823, -93.8430099487, 340.030517578, 15.1107540131, 7.77818346024, 44.3161239624, -18.7623062134, 27.2186737061, -3.29243373871, -22.038980484, -16.6017818451, -17.53748703, -6.2159614563], [61.7183685303, -33.779132843, 15.1107540131, 113.085342407, 38.3402786255, 7.54125499725, -21.6113109589, -10.9440956116, 0.125599533319, 4.01846456528, -15.5486688614, -0.904829502106, 8.00816917419], [-132.44430542, 103.339584351, 7.77818346024, 38.3402786255, 161.303512573, 1.57516717911, -14.0910587311, -25.1377601624, 13.1923274994, 5.44905376434, 4.42801332474, -3.0932393074, 12.7372751236], [84.4537811279, -86.3519287109, 44.3161239624, 7.54125499725, 1.57516717911, 97.9273986816, 16.3164768219, 11.6723070145, 7.6894659996, 0.131873384118, 5.09584951401, 3.44244289398, -11.8182983398], [-45.290096283, 61.5067825317, -18.7623062134, -21.6113109589, -14.0910587311, 16.3164768219, 109.673591614, 27.3928604126, -8.45623874664, -6.45128536224, 11.2484149933, 12.9299316406, -1.03384411335], [58.8801574707, -43.2805709839, 27.2186737061, -10.9440956116, -25.1377601624, 11.6723070145, 27.3928604126, 87.4737701416, 16.2936763763, 7.69304800034, -0.733831524849, -4.87016820908, -4.55223703384], [-28.0610218048, 16.583732605, -3.29243373871, 0.125599533319, 13.1923274994, 7.6894659996, -8.45623874664, 16.2936763763, 76.241607666, 24.810508728, 6.37877655029, -4.78000164032, -4.59059143066], [36.1230201721, -17.7571811676, -22.038980484, 4.01846456528, 5.44905376434, 0.131873384118, -6.45128536224, 7.69304800034, 24.810508728, 72.7822341919, 16.0660705566, -1.45671236515, 0.18847578764], [-32.6006202698, 38.2755966187, -16.6017818451, -15.5486688614, 4.42801332474, 5.09584951401, 11.2484149933, -0.733831524849, 6.37877655029, 16.0660705566, 64.7956237793, 17.3312454224, -5.18058300018], [23.9536018372, -13.886932373, -17.53748703, -0.904829502106, -3.0932393074, 3.44244289398, 12.9299316406, -4.87016820908, -4.78000164032, -1.45671236515, 17.3312454224, 66.8256225586, 18.4568748474], [-23.6340446472, 36.5780410767, -6.2159614563, 8.00816917419, 12.7372751236, -11.8182983398, -1.03384411335, -4.55223703384, -4.59059143066, 0.18847578764, -5.18058300018, 18.4568748474, 66.847618103]],
        "icov": [[0.00330105470493, 0.00117378449067, 0.00116807641461, -0.00182262191083, 0.00197567045689, -0.00237441831268, 0.00178943155333, -0.00216585048474, 0.00194692134392, -0.00159445032477, 0.00113300583325, -0.00127935246564, 0.000514961080626], [0.00117378449067, 0.00402448093519, 0.000745035940781, 0.000262473971816, -0.00149201753084, 0.00239063519984, -0.00247290171683, 0.00112796667963, -0.00113420595881, 0.00126047583763, -0.0020421736408, 0.00195136852562, -0.00178228621371], [0.00116807641461, 0.000745035940781, 0.00391937932, -0.000729850551579, 0.000194890322746, -0.00220058835112, 0.00147980824113, -0.00206654006615, 0.000972846988589, 0.000746499048546, 0.000448932405561, 0.000439754658146, -0.0001087652563], [-0.00182262191083, 0.000262473971816, -0.000729850551579, 0.0117993187159, -0.0040226066485, 0.000887053029146, -0.000128197934828, 0.00194338324945, -0.000821690948214, 0.000108855121653, 0.00164498947561, 0.000480479880935, -0.0012776578078], [0.00197567045689, -0.00149201753084, 0.000194890322746, -0.0040226066485, 0.00995539873838, -0.00343534559943, 0.00269287312403, -0.000138780742418, 0.000503940857016, -0.00192025711294, 0.000802024791483, -0.00111578393262, -4.6896020649e-05], [-0.00237441831268, 0.00239063519984, -0.00220058835112, 0.000887053029146, -0.00343534559943, 0.0165024790913, -0.00617698580027, 0.0029685923364, -0.00434131035581, 0.002734614769, -0.00364986131899, 0.00184687180445, 0.00012163597421], [0.00178943155333, -0.00247290171683, 0.00147980824113, -0.000128197934828, 0.00269287312403, -0.00617698580027, 0.0151496799663, -0.00695094838738, 0.00468175578862, -0.0011578440899, 0.00145128648728, -0.00436545908451, 0.00193710241001], [-0.00216585048474, 0.00112796667963, -0.00206654006615, 0.00194338324945, -0.000138780742418, 0.0029685923364, -0.00695094838738, 0.0172028150409, -0.00581132527441, 0.000503038812894, -0.00119878759142, 0.00327981007285, -0.00159162422642], [0.00194692134392, -0.00113420595881, 0.000972846988589, -0.000821690948214, 0.000503940857016, -0.00434131035581, 0.00468175578862, -0.00581132527441, 0.0182506050915, -0.00650390284136, 0.00154580606613, -0.00160134828184, 0.00214456371032], [-0.00159445032477, 0.00126047583763, 0.000746499048546, 0.000108855121653, -0.00192025711294, 0.002734614769, -0.0011578440899, 0.000503038812894, -0.00650390284136, 0.0187079459429, -0.00624649273232, 0.00323418527842, -0.00220780470408], [0.00113300583325, -0.0020421736408, 0.000448932405561, 0.00164498947561, 0.000802024791483, -0.00364986131899, 0.00145128648728, -0.00119878759142, 0.00154580606613, -0.00624649273232, 0.0214801244438, -0.00764658488333, 0.00440510828048], [-0.00127935246564, 0.00195136852562, 0.000439754658146, 0.000480479880935, -0.00111578393262, 0.00184687180445, -0.00436545908451, 0.00327981007285, -0.00160134828184, 0.00323418527842, -0.00764658488333, 0.0208449997008, -0.00730885565281], [0.000514961080626, -0.00178228621371, -0.0001087652563, -0.0012776578078, -4.6896020649e-05, 0.00012163597421, 0.00193710241001, -0.00159162422642, 0.00214456371032, -0.00220780470408, 0.00440510828048, -0.00730885565281, 0.0187245476991]]
    },
    "spectral_contrast_coeffs": {
        "max": [-0.409228742123, -0.502750813961, -0.514873623848, -0.62756061554, -0.636941313744, -0.523334264755],
        "mean": [-0.639002084732, -0.725617349148, -0.722464382648, -0.767806053162, -0.768131911755, -0.639862298965],
        "min": [-0.848214864731, -0.891349554062, -0.878360390663, -0.888134539127, -0.864470541477, -0.930117189884],
        "stdev": [0.0687997415662, 0.0634789466858, 0.0554532930255, 0.0400288440287, 0.0321726240218, 0.0386711619794]
    },
    "spectral_contrast_valleys": {
        "max": [-5.54733657837, -4.51917457581, -5.36633300781, -5.6049246788, -5.80602931976, -9.29531955719],
        "mean": [-7.07958364487, -5.99317407608, -6.77824544907, -6.92874860764, -7.1673707962, -12.050204277],
        "min": [-9.33303833008, -7.44522094727, -8.00640773773, -8.59828281403, -8.82140922546, -13.3628931046],
        "stdev": [0.48873463273, 0.3947083354, 0.414160847664, 0.371767640114, 0.484006941319, 0.630217194557]
    }
},
"rhythm": {
    "beats_count": 133,
    "beats_loudness": {
        "max": 0.0974467024207,
        "mean": 0.0367685444653,
        "min": 0.00953328423202,
        "stdev": 0.0138620436192
    },
    "bpm": 165.041702271,
    "bpm_histogram_first_peak_bpm": 167,
    "bpm_histogram_first_peak_weight": 0,
    "bpm_histogram_second_peak_bpm": 161,
    "bpm_histogram_second_peak_spread": 0.199999988079,
    "bpm_histogram_second_peak_weight": 0.242424249649,
    "danceability": 1.57252025604,
    "onset_rate": 2.1943359375,
    "beats_loudness_band_ratio": {
        "max": [0.351740002632, 0.687740445137, 0.777958989143, 0.553199231625, 0.559335410595, 0.110112316906],
        "mean": [0.0912690162659, 0.240758761764, 0.372588187456, 0.186383739114, 0.126830309629, 0.0346458666027],
        "min": [0.00903300382197, 0.047115329653, 0.0835123509169, 0.0201163236052, 0.0195886902511, 0.00380367832258],
        "stdev": [0.0757451653481, 0.151146665215, 0.164920002222, 0.118220523, 0.0927490144968, 0.0235858280212]
    },
