{
"metadata": {
    "version": {
        "essentia": "2.1-beta5",
        "essentia_git_sha": "Undefined",
        "extractor": "music 2.0"
    },
    "audio_properties": {
        "analysis": {
            "equal_loudness": 0,
            "length": 32.4963264465,
            "sample_rate": 44100,
            "start_time": 77.7404098511,
            "downmix": "mix"
        },
        "bit_rate": 192000,
        "length": 198.414520264,
        "lossless": 0,
        "number_channels": 2,
        "replay_gain": -8.5477809906,
        "sample_rate": 48000,
        "codec": "mp3",
        "md5_encoded": "26caa71a6a62a2b8220bfbdfb12846d8"
    },
    "tags": {
        "file_name": "Austria_Keine Mauern Mehr_Simone.mp3",
        "encoding": ["Lavf58.29.100"]
    }
},
"lowlevel": {
    "average_loudness": 0.956494271755,
    "barkbands_crest": {
        "max": 20.5596485138,
        "mean": 7.39197444916,
        "min": 2.56101560593,
        "stdev": 2.98895812035
    },
    "barkbands_flatness_db": {
        "max": 0.264239996672,
        "mean": 0.136485502124,
        "min": 0.0601511523128,
        "stdev": 0.0338322110474
    },
    "barkbands_kurtosis": {
        "max": 40.7056159973,
        "mean": 1.61257946491,
        "min": -1.64452719688,
        "stdev": 4.06327486038
    },
    "barkbands_skewness": {
        "max": 5.42072105408,
        "mean": 0.963558197021,
        "min": -0.690911054611,
        "stdev": 0.860267102718
    },
    "barkbands_spread": {
        "max": 47.5140075684,
        "mean": 20.0726203918,
        "min": 3.15788841248,
        "stdev": 7.40685987473
    },
    "dissonance": {
        "max": 0.499912261963,
        "mean": 0.465661257505,
        "min": 0.306333482265,
        "stdev": 0.0215376261622
    },
    "dynamic_complexity": 1.73955380917,
    "erbbands_crest": {
        "max": 25.9881191254,
        "mean": 8.20016479492,
        "min": 2.88222312927,
        "stdev": 3.18544602394
    },
    "erbbands_flatness_db": {
        "max": 0.27180531621,
        "mean": 0.175888493657,
        "min": 0.0664153620601,
        "stdev": 0.0309060942382
    },
    "erbbands_kurtosis": {
        "max": 8.44505500793,
        "mean": 0.241027027369,
        "min": -1.49611449242,
        "stdev": 1.15667963028
    },
    "erbbands_skewness": {
        "max": 1.88400185108,
        "mean": 0.242311492562,
        "min": -1.66527962685,
        "stdev": 0.520102202892
    },
    "erbbands_spread": {
        "max": 80.802696228,
        "mean": 28.4766292572,
        "min": 7.95393896103,
        "stdev": 10.1217403412
    },
    "hfc": {
        "max": 75.5769042969,
        "mean": 25.7277755737,
        "min": 0.516330420971,
        "stdev": 14.0789804459
    },
    "loudness_ebu128": {
        "integrated": -14.179731369,
        "loudness_range": 2.55135822296,
        "momentary": {
            "max": -11.3678369522,
            "mean": -14.4754323959,
            "min": -20.3124656677,
            "stdev": 1.74517691135
        },
        "short_term": {
            "max": -12.5367069244,
            "mean": -14.2827939987,
            "min": -17.03008461,
            "stdev": 0.998638033867
        }
    },
    "melbands_crest": {
        "max": 26.466173172,
        "mean": 10.0142507553,
        "min": 3.35380554199,
        "stdev": 3.79578828812
    },
    "melbands_flatness_db": {
        "max": 0.384839057922,
        "mean": 0.185255095363,
        "min": 0.0709417909384,
        "stdev": 0.0520829372108
    },
    "melbands_kurtosis": {
        "max": 73.3463516235,
        "mean": 4.99684858322,
        "min": -1.01166129112,
        "stdev": 8.45475387573
    },
    "melbands_skewness": {
        "max": 7.01693630219,
        "mean": 1.6359064579,
        "min": -0.377988815308,
        "stdev": 1.06216454506
    },
    "melbands_spread": {
        "max": 73.7141189575,
        "mean": 26.0571250916,
        "min": 2.22156333923,
        "stdev": 11.622631073
    },
    "pitch_salience": {
        "max": 0.846558630466,
        "mean": 0.587715387344,
        "min": 0.273448079824,
        "stdev": 0.0834836736321
    },
    "silence_rate_20dB": {
        "max": 1,
        "mean": 1,
        "min": 1,
        "stdev": 0
    },
    "silence_rate_30dB": {
        "max": 1,
        "mean": 1,
        "min": 1,
        "stdev": 0
    },
    "silence_rate_60dB": {
        "max": 0,
        "mean": 0,
        "min": 0,
        "stdev": 0
    },
    "spectral_centroid": {
        "max": 2643.31787109,
        "mean": 1318.12316895,
        "min": 294.450897217,
        "stdev": 482.840026855
    },
    "spectral_complexity": {
        "max": 49,
        "mean": 24.6324062347,
        "min": 0,
        "stdev": 8.32880210876
    },
    "spectral_decrease": {
        "max": -1.37049968596e-10,
        "mean": -7.95501620132e-09,
        "min": -3.06665342009e-08,
        "stdev": 3.87351883901e-09
    },
    "spectral_energy": {
        "max": 0.118704430759,
        "mean": 0.0323575995862,
        "min": 0.000564091780689,
        "stdev": 0.0154596092179
    },
    "spectral_energyband_high": {
        "max": 0.00384883163497,
        "mean": 0.000495306274388,
        "min": 2.63603146777e-06,
        "stdev": 0.000467915524496
    },
    "spectral_energyband_low": {
        "max": 0.0865921676159,
        "mean": 0.00777688249946,
        "min": 7.79382680776e-05,
        "stdev": 0.00925691332668
    },
    "spectral_energyband_middle_high": {
        "max": 0.0421268828213,
        "mean": 0.0102184303105,
        "min": 0.000160696872626,
        "stdev": 0.00711775198579
    },
    "spectral_energyband_middle_low": {
        "max": 0.0684162974358,
        "mean": 0.0153875192627,
        "min": 0.00019156448252,
        "stdev": 0.00880185607821
    },
    "spectral_entropy": {
        "max": 8.15699195862,
        "mean": 7.44609117508,
        "min": 6.48866224289,
        "stdev": 0.265549629927
    },
    "spectral_flux": {
        "max": 0.237413540483,
        "mean": 0.0959660559893,
        "min": 0.023751495406,
        "stdev": 0.0350181423128
    },
    "spectral_kurtosis": {
        "max": 19.5403270721,
        "mean": 5.54632997513,
        "min": 1.54036092758,
        "stdev": 2.51064372063
    },
    "spectral_rms": {
        "max": 0.0107614686713,
        "mean": 0.00545743806288,
        "min": 0.000741844589356,
        "stdev": 0.00133595161606
    },
    "spectral_rolloff": {
        "max": 3703.7109375,
        "mean": 1399.56677246,
        "min": 107.666015625,
        "stdev": 641.564880371
    },
    "spectral_skewness": {
        "max": 3.45188045502,
        "mean": 1.63816428185,
        "min": 0.796584129333,
        "stdev": 0.404150158167
    },
    "spectral_spread": {
        "max": 8314863,
        "mean": 3469129,
        "min": 2231392.5,
        "stdev": 836261.3125
    },
    "spectral_strongpeak": {
        "max": 7.56311750412,
        "mean": 1.2534301281,
        "min": 0.0209950413555,
        "stdev": 1.35486125946
    },
    "zerocrossingrate": {
        "max": 0.0986328125,
        "mean": 0.0532759800553,
        "min": 0.0078125,
        "stdev": 0.0169613528997
    },
    "barkbands": {
        "max": [0.000522309681401, 0.0659507662058, 0.0355363860726, 0.0224485211074, 0.0543495714664, 0.018469305709, 0.0430040732026, 0.0132532538846, 0.0282812584192, 0.0226375702769, 0.0331923551857, 0.0130780199543, 0.0225912295282, 0.00986589305103, 0.0124873770401, 0.0072587733157, 0.0139872115105, 0.00350674591027, 0.00315631646663, 0.00273829861544, 0.00228385394439, 0.000894326076377, 0.000695747730788, 0.000484794174554, 0.000395998678869, 0.00142115855124, 9.80479512691e-07],
        "mean": [5.52343299205e-05, 0.00394925614819, 0.00280942115933, 0.00226183631457, 0.00440927222371, 0.00199519190937, 0.00125253282022, 0.0014754034346, 0.00314310914837, 0.00238495506346, 0.00144036021084, 0.000876561040059, 0.0013661676785, 0.000653440249152, 0.00137231638655, 0.000637599674519, 0.000576923717745, 0.000535287254024, 0.00050299038412, 0.00031141153886, 0.000163830191013, 6.49147914373e-05, 4.30917134508e-05, 2.69806478173e-05, 2.07523844438e-05, 2.879342901e-05, 9.81832481983e-09],
        "min": [3.34487424425e-07, 3.29649483319e-05, 8.27628537081e-06, 9.24001324165e-06, 1.97730623768e-05, 1.52636675921e-05, 6.38674191578e-06, 5.27788870386e-06, 1.65132587426e-05, 6.12065832684e-06, 7.80154914537e-06, 3.08616608891e-06, 1.06194702312e-05, 3.32706963491e-06, 3.24600523527e-06, 2.66005258709e-06, 8.95148104973e-07, 3.4724755551e-06, 1.7037904172e-06, 1.85258647889e-06, 4.77048956782e-07, 2.12066865402e-07, 1.21075004245e-07, 9.83817542988e-08, 1.08784647068e-07, 4.20602414009e-10, 2.53487734275e-11],
        "stdev": [5.91005591559e-05, 0.00604155566543, 0.00425439653918, 0.00246376940049, 0.0047068814747, 0.00193557259627, 0.00190374278463, 0.0016709092306, 0.00384119525552, 0.00307392911054, 0.00239126314409, 0.00131777208298, 0.00197996990755, 0.00110719026998, 0.00170700915623, 0.000833587255329, 0.000763184332754, 0.000547882926185, 0.000477584166219, 0.000301228661556, 0.000225299518206, 7.43910277379e-05, 5.29337121407e-05, 3.6709181586e-05, 3.35537406499e-05, 8.9579676569e-05, 4.40737295548e-08]
    },
    "erbbands": {
        "max": [0.846953630447, 17.9983901978, 43.4905586243, 59.9841537476, 137.762405396, 236.047271729, 98.7686309814, 171.402267456, 431.765228271, 421.780578613, 361.278503418, 702.418762207, 736.218994141, 727.575561523, 640.086730957, 639.738769531, 1057.08898926, 440.799224854, 675.142456055, 676.464904785, 337.00592041, 706.370117188, 225.458648682, 229.837432861, 184.771728516, 165.941894531, 132.691299438, 82.4186172485, 37.968120575, 19.4386138916, 23.4117431641, 12.3202085495, 5.794942379, 4.08220529556, 2.77492618561, 3.91674852371, 3.35175704956, 0.324184209108, 0.00543442647904, 0.000266643211944],
        "mean": [0.072745077312, 1.02557146549, 3.05684041977, 5.71915197372, 12.0315933228, 15.2497339249, 13.0138282776, 19.5849304199, 16.0121440887, 24.615688324, 31.2934932709, 80.8218154907, 72.5981521606, 78.5654907227, 53.4116325378, 39.0731239319, 61.0761413574, 43.4230995178, 66.5858612061, 47.0121231079, 34.5711975098, 27.8581447601, 32.5701980591, 26.3775405884, 22.534412384, 14.3528251648, 10.1310920715, 4.21884584427, 2.46136546135, 1.67712497711, 1.20388257504, 0.702406108379, 0.376227289438, 0.213595420122, 0.160641521215, 0.11001612246, 0.0625962466002, 0.00476689916104, 0.000104115017166, 4.25734324381e-05],
        "min": [0.0007607890293, 0.00825183931738, 0.0263428725302, 0.0345579832792, 0.0611529313028, 0.0640100613236, 0.107096128166, 0.148825511336, 0.0806455761194, 0.421526044607, 0.223974525928, 0.704296410084, 0.63284778595, 0.341785281897, 0.29681622982, 0.248912155628, 0.535267472267, 0.413671463728, 0.215308949351, 0.263747870922, 0.0876218676567, 0.0821277871728, 0.234989702702, 0.113683640957, 0.103424780071, 0.0803633108735, 0.022195039317, 0.0207495708019, 0.0136076277122, 0.00933550670743, 0.00284675625153, 0.00209006131627, 0.00140404747799, 0.00128281244542, 0.000723688688595, 0.000143567696796, 1.33443181767e-05, 1.74709407474e-06, 2.03195895665e-06, 1.50275457145e-06],
        "stdev": [0.104100033641, 1.63003027439, 4.75564718246, 6.31672668457, 14.2892389297, 17.3347396851, 13.4314880371, 19.6959896088, 22.4178962708, 28.3446502686, 38.001411438, 95.4810791016, 88.9820632935, 99.8356781006, 64.1507644653, 57.6888198853, 87.5474624634, 54.6214027405, 79.8414230347, 59.9300041199, 40.1861190796, 35.0920524597, 32.6399879456, 25.8448295593, 22.6442146301, 13.7014541626, 12.829870224, 5.36372756958, 2.90423178673, 1.97179639339, 1.52927017212, 0.896510064602, 0.551557719707, 0.32073751092, 0.280111193657, 0.2828142941, 0.21207408607, 0.018196394667, 0.000314150529448, 2.53640191659e-05]
    },
    "gfcc": {
        "mean": [22.3590774536, 121.641838074, -140.428588867, 31.1431083679, -55.9305305481, 11.9104061127, -33.2612686157, 10.5558452606, -27.3619766235, -1.56248295307, -16.7847232819, -7.27111721039, -6.00666952133],
        "cov": [[1936.66479492, -792.496948242, -267.942443848, -69.9161300659, -46.6556129456, 18.2909584045, -91.5482177734, 123.012397766, -123.614852905, 53.0092582703, -175.45765686, 49.6304168701, -194.386199951], [-792.496948242, 646.585693359, -48.8734817505, 59.2624816895, 39.1385269165, 3.40579271317, 107.509902954, -83.3939590454, 104.379386902, -80.6476745605, 150.022460938, -102.402732849, 142.097869873], [-267.942443848, -48.8734817505, 767.259399414, -85.7392654419, 91.4471969604, -2.59829878807, -55.1978912354, -3.93334507942, -73.1998138428, 95.5267333984, -98.9914321899, 137.442016602, -111.312988281], [-69.9161300659, 59.2624816895, -85.7392654419, 202.814804077, 3.06692743301, -25.500837326, -9.16310977936, -8.0189037323, 60.7198829651, -45.2224731445, 23.8136825562, -27.3293914795, 59.6966133118], [-46.6556129456, 39.1385269165, 91.4471969604, 3.06692743301, 153.351669312, -4.33892631531, 14.6765327454, 9.75582695007, -22.6492023468, 25.0489616394, -16.43957901, 18.2847518921, -15.2923440933], [18.2909584045, 3.40579271317, -2.59829878807, -25.500837326, -4.33892631531, 109.413368225, 37.0957603455, -0.414923489094, -21.5171546936, -3.00919318199, 24.8920974731, -15.3282432556, 3.06044220924], [-91.5482177734, 107.509902954, -55.1978912354, -9.16310977936, 14.6765327454, 37.0957603455, 121.576553345, 7.89781951904, -5.83439970016, -12.3284902573, 32.0564422607, -26.3899669647, 20.2018547058], [123.012397766, -83.3939590454, -3.93334507942, -8.0189037323, 9.75582695007, -0.414923489094, 7.89781951904, 89.659828186, 14.8579463959, 17.4683971405, -20.6030139923, 13.5037069321, -5.07337379456], [-123.614852905, 104.379386902, -73.1998138428, 60.7198829651, -22.6492023468, -21.5171546936, -5.83439970016, 14.8579463959, 110.638717651, -19.3792629242, 22.2845249176, -22.1426811218, 38.136089325], [53.0092582703, -80.6476745605, 95.5267333984, -45.2224731445, 25.0489616394, -3.00919318199, -12.3284902573, 17.4683971405, -19.3792629242, 88.5198287964, -2.48340463638, 40.4005012512, -29.1215438843], [-175.45765686, 150.022460938, -98.9914321899, 23.8136825562, -16.43957901, 24.8920974731, 32.0564422607, -20.6030139923, 22.2845249176, -2.48340463638, 116.833480835, -23.8904457092, 57.9473266602], [49.6304168701, -102.402732849, 137.442016602, -27.3293914795, 18.2847518921, -15.3282432556, -26.3899669647, 13.5037069321, -22.1426811218, 40.4005012512, -23.8904457092, 95.4928359985, -34.5332183838], [-194.386199951, 142.097869873, -111.312988281, 59.6966133118, -15.2923440933, 3.06044220924, 20.2018547058, -5.07337379456, 38.136089325, -29.1215438843, 57.9473266602, -34.5332183838, 125.192802429]],
        "icov": [[0.00135229842272, 0.00119607546367, 0.000812627724372, -0.000132198751089, -0.000137911134516, -0.000374613766326, 0.000242331851041, -0.000660687452182, 0.000541194051038, -5.40248656762e-05, 0.000469100952614, 0.000164296463481, 0.00110489141662], [0.00119607546367, 0.0108742490411, -0.00286547397263, 0.00392872933298, -0.00515258684754, 0.00366617622785, -0.00586894294247, 0.00655113393441, -0.00870434660465, 0.00728734675795, -0.00894296169281, 0.00647896528244, -0.00413993373513], [0.000812627724372, -0.00286547397263, 0.00398776354268, -0.00144226301927, 0.000955385738052, -0.00239306408912, 0.00258955382742, -0.00192560278811, 0.00359302037396, -0.00383992865682, 0.0050672320649, -0.00446629431099, 0.00286169652827], [-0.000132198751089, 0.00392872933298, -0.00144226301927, 0.00896719191223, -0.00348243815824, 0.00265186419711, -0.00149876438081, 0.00343696144409, -0.00659946864471, 0.00588691141456, -0.00432435190305, 0.00246950052679, -0.0042693563737], [-0.000137911134516, -0.00515258684754, 0.000955385738052, -0.00348243815824, 0.0104429004714, -0.00128711992875, 0.00125540024601, -0.00420607021078, 0.00621063774452, -0.00572137068957, 0.00541946990415, -0.00295811216347, 0.00253108725883], [-0.000374613766326, 0.00366617622785, -0.00239306408912, 0.00265186419711, -0.00128711992875, 0.0134223299101, -0.00495030730963, 0.00171577360015, -0.00136396964081, 0.00405615195632, -0.00699043646455, 0.00466167880222, -0.00187163671944], [0.000242331851041, -0.00586894294247, 0.00258955382742, -0.00149876438081, 0.00125540024601, -0.00495030730963, 0.014729373157, -0.00664952769876, 0.00676361424848, -0.00275975698605, 0.00319663900882, -0.0019972671289, 0.00295008486137], [-0.000660687452182, 0.00655113393441, -0.00192560278811, 0.00343696144409, -0.00420607021078, 0.00171577360015, -0.00664952769876, 0.0197613611817, -0.0106602301821, 0.0016029443359, -0.00230570882559, 0.00193888321519, -0.00527224503458], [0.000541194051038, -0.00870434660465, 0.00359302037396, -0.00659946864471, 0.00621063774452, -0.00136396964081, 0.00676361424848, -0.0106602301821, 0.0220659524202, -0.00616084784269, 0.00668764486909, -0.00385877443478, 0.00401544291526], [-5.40248656762e-05, 0.00728734675795, -0.00383992865682, 0.00588691141456, -0.00572137068957, 0.00405615195632, -0.00275975698605, 0.0016029443359, -0.00616084784269, 0.023513559252, -0.0117621254176, 0.000824710179586, -0.00184625259135], [0.000469100952614, -0.00894296169281, 0.0050672320649, -0.00432435190305, 0.00541946990415, -0.00699043646455, 0.00319663900882, -0.00230570882559, 0.00668764486909, -0.0117621254176, 0.0240214262158, -0.00681520020589, -0.000101803947473], [0.000164296463481, 0.00647896528244, -0.00446629431099, 0.00246950052679, -0.00295811216347, 0.00466167880222, -0.0019972671289, 0.00193888321519, -0.00385877443478, 0.000824710179586, -0.00681520020589, 0.0213147532195, -0.00192056316882], [0.00110489141662, -0.00413993373513, 0.00286169652827, -0.0042693563737, 0.00253108725883, -0.00187163671944, 0.00295008486137, -0.00527224503458, 0.00401544291526, -0.00184625259135, -0.000101803947473, -0.00192056316882, 0.0165123511106]]
    },
    "melbands": {
        "max": [0.0130344908684, 0.0207792874426, 0.0108044175431, 0.011880340986, 0.0048043448478, 0.00369742233306, 0.00785758253187, 0.00368422712199, 0.00299944006838, 0.00507268775254, 0.00383646506816, 0.00311009841971, 0.00376140722074, 0.00137245235965, 0.00273030344397, 0.00175597914495, 0.000977660878561, 0.000922727631405, 0.00122642528731, 0.000610662449617, 0.000440384785179, 0.00106324744411, 0.000306812726194, 0.000204473981285, 0.000206569762668, 0.00016057783796, 0.000108651351184, 9.94662259473e-05, 0.000106792445877, 0.000115435374028, 2.34426352108e-05, 2.67022842309e-05, 1.01778323369e-05, 1.1436353816e-05, 1.72723885044e-05, 7.89824662206e-06, 8.11552490632e-06, 5.22304571859e-06, 3.42019961863e-06, 3.6251938127e-06],
        "mean": [0.000892448588274, 0.0015587239759, 0.00119577907026, 0.00101056264248, 0.000508109049406, 0.000405282626161, 0.000255263381405, 0.000278559804428, 0.000240581255639, 0.000547021627426, 0.000355271942681, 0.000315784243867, 0.000181070659892, 0.000113170797704, 9.24391133594e-05, 0.000149090294144, 7.01834142092e-05, 9.59923054324e-05, 9.64990249486e-05, 5.1347848057e-05, 3.7535897718e-05, 2.83428944385e-05, 3.39647958754e-05, 2.34939852817e-05, 2.11169608519e-05, 1.82243147719e-05, 1.26234517666e-05, 8.68241477292e-06, 7.47469402995e-06, 3.94780045099e-06, 1.86854697404e-06, 1.49268737459e-06, 9.93048388409e-07, 8.80866821262e-07, 7.3343898066e-07, 5.22388063473e-07, 3.87637044241e-07, 2.66819114358e-07, 2.10688114066e-07, 1.73711782736e-07],
        "min": [8.10297206044e-06, 1.09116144813e-05, 6.12065923633e-06, 4.4398452701e-06, 3.52868323716e-06, 3.32182776219e-06, 1.17225340546e-06, 5.12292126587e-06, 1.22157780424e-06, 3.51837911694e-06, 2.66782581093e-06, 9.72104203356e-07, 1.51373797053e-06, 5.19043055647e-07, 1.19755713968e-06, 9.57074234975e-07, 5.18790102433e-07, 3.76893268594e-07, 2.93898438031e-07, 3.18683561318e-07, 5.12949327458e-08, 4.7173802642e-08, 1.75176992911e-07, 1.32522259833e-07, 6.42400550532e-08, 6.66795898496e-08, 6.58609380366e-08, 4.4377081565e-08, 1.4187964581e-08, 9.14498077265e-09, 8.71655903012e-09, 5.97162763682e-09, 6.30306362659e-10, 4.30085922432e-09, 1.43248535256e-09, 1.33538935465e-09, 1.24752097541e-09, 8.22178547466e-10, 8.79573025525e-10, 8.72908134664e-10],
        "stdev": [0.00131855776999, 0.00220379373059, 0.00121069408488, 0.00107364996802, 0.000511003774591, 0.000403661862947, 0.000367064087186, 0.000309956260026, 0.000305650726659, 0.000676060270052, 0.000454630790045, 0.000413927598856, 0.000265035341727, 0.000145662212162, 0.000160678406246, 0.000217887907638, 0.000105935992906, 0.0001228757028, 0.00013159615628, 6.50690853945e-05, 4.71550447401e-05, 4.54782020824e-05, 3.66541717085e-05, 2.4508604838e-05, 2.25649164349e-05, 1.96615364985e-05, 1.29104146254e-05, 8.65466245159e-06, 1.03105294329e-05, 6.93329548085e-06, 2.27228474614e-06, 1.8554763983e-06, 1.17714375847e-06, 1.08604126581e-06, 9.85606334325e-07, 6.47167439638e-07, 5.32840601863e-07, 4.023683573e-07, 3.28395231008e-07, 2.6967140343e-07]
    },
    "melbands128": {
        "max": [0.00051202008035, 0.0065197837539, 0.0169873312116, 0.0364760383964, 0.0276360809803, 0.0183638855815, 0.013637393713, 0.0123993894085, 0.0183250363916, 0.0126697048545, 0.0159133132547, 0.00942276977003, 0.00483251689002, 0.00634116120636, 0.00591089483351, 0.00388705963269, 0.0036875186488, 0.0112203937024, 0.0142307113856, 0.00509934313595, 0.00470584072173, 0.00352875236422, 0.00526468129829, 0.00269877794199, 0.00539431534708, 0.0111713558435, 0.0040728636086, 0.00653608422726, 0.00500950124115, 0.00615564314649, 0.00481798686087, 0.0112080164254, 0.00362085504457, 0.00353261060081, 0.0023700594902, 0.00220680283383, 0.00351569941267, 0.00410566851497, 0.00671923486516, 0.00348533526994, 0.00399347348139, 0.00137275457382, 0.00153312273324, 0.00244370545261, 0.00132545747329, 0.00183813914191, 0.00311849894933, 0.00176458316855, 0.00284466869198, 0.00135980278719, 0.00098607619293, 0.00139501981903, 0.000834755715914, 0.00116375321522, 0.00204776693135, 0.00148324039765, 0.000381506193662, 0.000495233165566, 0.000419824704295, 0.000444042729214, 0.000257807085291, 0.000232009449974, 0.000631337112281, 0.000477934634546, 0.000327162066242, 0.000255665829172, 0.000286266556941, 0.000142026445246, 0.000130874264869, 0.000307824404445, 0.000104239567008, 0.000161148636835, 0.000152714579599, 0.000251658348134, 0.000107401807327, 0.000161768562975, 0.000197921646759, 5.88781149418e-05, 4.16860057157e-05, 2.44799648499e-05, 3.09009119519e-05, 3.56358868885e-05, 1.51633139467e-05, 1.58799557539e-05, 1.04478012872e-05, 1.58511484187e-05, 1.65636374732e-05, 1.70491948666e-05, 2.58543805103e-05, 1.9446182705e-05, 9.85431142908e-06, 7.57057841838e-06, 8.75999830896e-06, 8.01634632808e-06, 9.43142640608e-06, 9.80512595561e-06, 6.54787982057e-06, 4.85899818159e-06, 4.54405244454e-06, 3.29542149302e-06, 5.68441691939e-06, 3.53059749614e-06, 6.17595424046e-06, 3.76672051061e-06, 3.56087412001e-06, 4.25663029091e-06, 4.31950502389e-06, 4.31267744716e-06, 6.50768424748e-06, 1.54217141244e-05, 8.2525475591e-06, 1.16725013868e-05, 8.3056929725e-06, 3.00073570543e-05, 5.68569976167e-06, 4.26513054208e-07, 2.85614980555e-08, 2.98255886655e-09, 2.88490964451e-09, 2.80294476518e-09, 2.72985523075e-09, 2.67795807751e-09, 2.62002197715e-09, 2.57122745317e-09, 2.53268273021e-09, 2.50375142841e-09, 2.47809484044e-09, 2.46449793906e-09],
        "mean": [5.05331772729e-05, 0.000396718387492, 0.00122009485494, 0.00188403297216, 0.00161741056945, 0.00139443308581, 0.00107618363108, 0.00122529012151, 0.00123527785763, 0.00107483868487, 0.000847377814353, 0.000589599716477, 0.000407872459618, 0.000374898663722, 0.000590017589275, 0.000303848675685, 0.00016832111578, 0.000286289840005, 0.000321009312756, 0.000241069545154, 0.000309769267915, 0.000225224226597, 0.000290683208732, 0.000128784871777, 0.0004373297852, 0.000969827815425, 0.000271102355327, 0.000396339921281, 0.000205017306143, 0.000356925884262, 0.000360158068361, 0.000224297153181, 0.000121850440337, 0.000235215920839, 9.23008847167e-05, 8.17394975456e-05, 0.000134733010782, 4.58670547232e-05, 0.000110601969936, 0.000149176616105, 0.000207621458685, 6.62015518174e-05, 4.96516950079e-05, 9.67094529187e-05, 4.6178487537e-05, 8.88114809641e-05, 0.00017196945555, 0.000102241145214, 7.14811831131e-05, 3.05388421111e-05, 6.0677593865e-05, 6.09272647125e-05, 2.88596384053e-05, 2.91596024908e-05, 4.95155691169e-05, 1.87898076547e-05, 1.76040703082e-05, 4.49141516583e-05, 2.81223474303e-05, 3.84685627068e-05, 2.07000157388e-05, 1.39229032357e-05, 2.64993814199e-05, 2.13691619138e-05, 1.80806946446e-05, 1.71609972313e-05, 2.14414740185e-05, 1.1489825738e-05, 1.17451472761e-05, 1.17310610221e-05, 6.99422207617e-06, 8.48508534546e-06, 9.42589758779e-06, 7.85378597357e-06, 4.13057568949e-06, 4.95308495374e-06, 3.37786400451e-06, 1.97383701561e-06, 1.74900117145e-06, 1.63476272519e-06, 1.52976349455e-06, 1.57741612838e-06, 1.007591095e-06, 9.37258334943e-07, 9.19140177302e-07, 1.0173573628e-06, 8.65484082624e-07, 6.60629041249e-07, 8.22252275157e-07, 6.964704653e-07, 5.12837061706e-07, 5.07019194629e-07, 4.60832382032e-07, 4.01666426342e-07, 3.44480099557e-07, 2.69831275546e-07, 2.51857471767e-07, 2.54974992231e-07, 2.26498187317e-07, 1.98955589781e-07, 1.12983791212e-07, 1.78607649559e-07, 2.26072714327e-07, 2.01842539127e-07, 1.86965380067e-07, 1.68408632817e-07, 1.4235058643e-07, 1.49507073388e-07, 1.91934773852e-07, 2.24834153073e-07, 2.30258933698e-07, 2.38116030005e-07, 1.82817714744e-07, 2.50426609227e-07, 1.19104711871e-07, 8.80687700544e-09, 3.34481581321e-10, 9.85945092929e-12, 1.24652883501e-11, 9.19481765033e-12, 6.68565289935e-12, 6.154195209e-12, 6.02294516344e-12, 5.90870928574e-12, 5.78790054079e-12, 5.65708330874e-12, 5.57235334264e-12, 5.53633354439e-12],
        "min": [1.40958436035e-08, 3.75474371594e-07, 2.69457177637e-06, 8.36879917188e-06, 1.2002398762e-05, 2.85718260784e-06, 2.35517609326e-06, 3.08481480715e-06, 3.26768849845e-06, 4.52761469205e-06, 3.2655011637e-06, 2.24595623877e-06, 3.64585639545e-06, 4.25157213613e-06, 2.20102265303e-06, 1.14027125164e-06, 6.06153832905e-07, 4.11907819853e-07, 1.10446308099e-06, 8.17125624053e-07, 7.68280017382e-07, 1.24054440676e-06, 2.23533632493e-07, 5.209147389e-07, 1.98343332158e-06, 1.57383260557e-06, 4.09478047914e-07, 3.0265090345e-07, 1.98686137765e-07, 4.57093506157e-07, 6.79492359268e-07, 1.36137572326e-07, 4.6372201723e-07, 1.63545038845e-07, 3.00084110449e-07, 8.45393230975e-08, 3.37967769326e-08, 2.33843181263e-07, 1.47193162547e-07, 1.11613746867e-06, 6.66000445904e-08, 1.72834859313e-07, 2.04381052527e-07, 2.25946180876e-07, 9.69028661757e-08, 1.40638647395e-07, 3.92980155084e-08, 1.28214281858e-07, 1.01050737555e-07, 3.33619212256e-08, 4.40705107962e-08, 1.72539031951e-07, 4.65548559703e-08, 1.35983873051e-08, 9.14040576561e-09, 3.46972655052e-08, 3.59613778755e-08, 7.95114729613e-08, 5.35628714715e-08, 1.13898785514e-07, 5.28167554137e-08, 3.50310429553e-08, 3.31481082583e-08, 5.33719379803e-08, 1.46358321018e-08, 3.89811845025e-08, 2.84834040798e-08, 4.14586693864e-08, 4.41450715982e-08, 3.05214022944e-08, 1.50091725715e-08, 3.45379866928e-08, 1.51998964526e-08, 1.26909496245e-08, 6.0675984237e-09, 5.24828225323e-09, 5.79798919986e-09, 7.50875361888e-09, 3.98246147171e-09, 4.20976675741e-09, 1.9723542799e-09, 6.73913008731e-11, 1.34402697305e-10, 1.56895385572e-10, 3.13006176533e-10, 3.27004201495e-10, 1.82433923523e-09, 1.57931756561e-09, 1.21501830819e-09, 1.24454879735e-09, 2.08347228359e-09, 7.34323601925e-10, 1.18478860056e-09, 1.24112375932e-09, 8.63790206029e-10, 8.94260665518e-10, 5.91875992662e-10, 6.71828592758e-10, 1.0199124878e-09, 2.7418131654e-10, 2.09467151957e-10, 6.73560651698e-10, 6.91562473953e-10, 6.84059309197e-10, 5.17667908539e-10, 2.2779338138e-10, 4.55566617416e-12, 1.55172992511e-11, 4.04925740291e-13, 1.86995777478e-13, 1.75821203842e-13, 1.45004817073e-13, 1.23675416154e-13, 7.47679167385e-14, 9.20166585072e-14, 1.16740398273e-13, 7.25448753803e-14, 8.4305182464e-14, 7.80758650006e-14, 7.6952401157e-14, 8.28159968987e-14, 7.97680470939e-14, 6.28636885928e-14, 6.82846859027e-14, 6.35811661567e-14, 2.36215228963e-14, 3.04238141028e-15, 1.13916508164e-16],
        "stdev": [5.67854076508e-05, 0.000603925960604, 0.00203425204381, 0.00317365722731, 0.00286409584805, 0.00199127523229, 0.00139598047826, 0.00135675142519, 0.00179234798998, 0.00133943452965, 0.00112626573537, 0.000863929977641, 0.000552184530534, 0.000504229043145, 0.00066739146132, 0.000341329985531, 0.000307149370201, 0.000581807515118, 0.000572591554374, 0.000330376264174, 0.000454333261587, 0.000316123332595, 0.000512211525347, 0.000225971205509, 0.000560800137464, 0.00143794354517, 0.000413610046962, 0.000781107053626, 0.000425569276558, 0.000640103127807, 0.000548312847968, 0.000693431298714, 0.000285641988739, 0.000340166880051, 0.000166994897882, 0.000154813547852, 0.000275846163277, 0.000171138366568, 0.000287414790364, 0.000283991917968, 0.000392931135138, 0.000133451292641, 0.000103108628537, 0.000217750348384, 0.00010972891323, 0.000167749254615, 0.000286163704004, 0.000174939108547, 0.000193458952708, 7.20118623576e-05, 9.28577137529e-05, 9.64266509982e-05, 6.95549606462e-05, 5.63484136364e-05, 0.000104277358332, 5.07656877744e-05, 3.22156010952e-05, 6.29435380688e-05, 3.98080774175e-05, 5.21551992279e-05, 2.72795950877e-05, 1.97556528292e-05, 4.62752250314e-05, 3.10042560159e-05, 2.98994764307e-05, 2.49754248216e-05, 3.00736246572e-05, 1.53189812409e-05, 1.64531556948e-05, 1.87028763321e-05, 9.76210321824e-06, 1.27801122289e-05, 1.53666187543e-05, 1.86302531802e-05, 8.13273163658e-06, 1.12165234896e-05, 9.43940995057e-06, 2.91602941616e-06, 2.70328155239e-06, 2.20715151045e-06, 2.20047240873e-06, 2.36744699578e-06, 1.40130350701e-06, 1.31367175982e-06, 1.16888315915e-06, 1.52773657192e-06, 1.20775553114e-06, 1.00552733784e-06, 1.26411816836e-06, 1.01055957202e-06, 7.29326586679e-07, 6.72099076837e-07, 6.56170243474e-07, 5.82949041927e-07, 5.640357017e-07, 4.45724538167e-07, 4.26292331213e-07, 4.36874955767e-07, 3.77995377221e-07, 3.28213388912e-07, 2.2725491533e-07, 2.88205342258e-07, 3.90428311903e-07, 3.32883445253e-07, 3.31864242753e-07, 3.82198749094e-07, 3.29089345996e-07, 3.5494034023e-07, 5.46272417523e-07, 7.10047572738e-07, 6.54118537113e-07, 7.52606695187e-07, 6.18560250132e-07, 1.22413325698e-06, 4.6565750722e-07, 3.36265806311e-08, 1.43508016581e-09, 8.38963759575e-11, 9.1505275579e-11, 7.97897720117e-11, 7.40002781274e-11, 7.2246750249e-11, 7.0674743835e-11, 6.93522114736e-11, 6.83083242747e-11, 6.752544357e-11, 6.68339897314e-11, 6.64655067095e-11]
    },
    "mfcc": {
        "mean": [-612.004089355, 145.32321167, -21.4865760803, 23.6761856079, -1.68385159969, 2.60379958153, 3.87282514572, 4.33068370819, -0.0696452334523, 5.79001331329, -5.1399846077, -4.75881052017, -5.46595430374],
        "cov": [[2196.74414062, -746.992431641, -459.000183105, -121.074653625, -93.4869842529, -105.767967224, -53.134563446, 48.8506126404, -17.3728408813, 60.8894996643, 34.788646698, -78.6770172119, -50.6574325562], [-746.992431641, 514.151611328, 94.9742660522, 10.5877141953, 21.027589798, 57.3610610962, 68.2086181641, -13.9502649307, -4.09158325195, 3.89002346992, 3.83780312538, 29.2143115997, 13.4124984741], [-459.000183105, 94.9742660522, 447.240997314, 13.5732269287, 61.0955200195, 43.717376709, -17.1390552521, -18.0152320862, -4.27088689804, -51.6197929382, -2.88415718079, 27.7966327667, 10.3584756851], [-121.074653625, 10.5877141953, 13.5732269287, 190.154891968, 54.2551498413, -8.95855426788, -39.6467094421, 3.33708524704, 33.6820487976, -20.6760864258, -15.6460199356, 18.5650577545, 7.93504619598], [-93.4869842529, 21.027589798, 61.0955200195, 54.2551498413, 128.834060669, 0.121211998165, -19.1480350494, -8.01381111145, 10.9612827301, -8.58708953857, -9.79608917236, 9.13677787781, 4.35548067093], [-105.767967224, 57.3610610962, 43.717376709, -8.95855426788, 0.121211998165, 95.5295639038, 32.6040725708, 6.36180305481, -21.267156601, -6.63918685913, 9.95417785645, -10.1067991257, -3.27661204338], [-53.134563446, 68.2086181641, -17.1390552521, -39.6467094421, -19.1480350494, 32.6040725708, 162.487960815, 1.44993925095, -14.9258956909, 14.8435297012, -11.190407753, 13.0036563873, -4.92979049683], [48.8506126404, -13.9502649307, -18.0152320862, 3.33708524704, -8.01381111145, 6.36180305481, 1.44993925095, 74.0120010376, 18.4007301331, 2.36984157562, 11.6671981812, -9.48672199249, 2.4242105484], [-17.3728408813, -4.09158325195, -4.27088689804, 33.6820487976, 10.9612827301, -21.267156601, -14.9258956909, 18.4007301331, 77.0605392456, 18.1943588257, -13.2955026627, -3.88928604126, -1.63603115082], [60.8894996643, 3.89002346992, -51.6197929382, -20.6760864258, -8.58708953857, -6.63918685913, 14.8435297012, 2.36984157562, 18.1943588257, 69.154548645, 8.68803405762, -14.8537931442, -5.17343902588], [34.788646698, 3.83780312538, -2.88415718079, -15.6460199356, -9.79608917236, 9.95417785645, -11.190407753, 11.6671981812, -13.2955026627, 8.68803405762, 69.6790771484, 9.05757045746, -2.7374792099], [-78.6770172119, 29.2143115997, 27.7966327667, 18.5650577545, 9.13677787781, -10.1067991257, 13.0036563873, -9.48672199249, -3.88928604126, -14.8537931442, 9.05757045746, 72.6295471191, 19.8249969482], [-50.6574325562, 13.4124984741, 10.3584756851, 7.93504619598, 4.35548067093, -3.27661204338, -4.92979049683, 2.4242105484, -1.63603115082, -5.17343902588, -2.7374792099, 19.8249969482, 51.5654449463]],
        "icov": [[0.00127153319772, 0.00164196593687, 0.000849658623338, 0.000513162929565, -0.000121151097119, 0.000279447005596, -8.47847113619e-05, -0.000393036491005, 0.000391540728742, -0.000356959179044, -0.000459397997474, 0.00014540484699, 0.000507090939209], [0.00164196593687, 0.00445165159181, 0.00072226068005, 0.000438081478933, -0.000312327581923, -0.000815222738311, -0.000934999901801, 2.3128297471e-05, 0.000158432754688, -0.000965549203102, -0.000804559560493, -0.000436379545135, 0.00015996734146], [0.000849658623338, 0.00072226068005, 0.00349656073377, 0.00100711232517, -0.00128720141947, -0.00125356507488, 0.000496438180562, 0.000409729895182, -0.000698835356161, 0.00181567214895, -0.000341283128364, -0.000708376988769, 0.000260948960204], [0.000513162929565, 0.000438081478933, 0.00100711232517, 0.0075187748298, -0.00253770593554, -0.000772025145125, 0.00154949887656, -0.000321825325955, -0.0029881966766, 0.00207928963937, 0.000942632788792, -0.00196356535889, 0.000278177845757], [-0.000121151097119, -0.000312327581923, -0.00128720141947, -0.00253770593554, 0.00960078369826, -8.21372741484e-05, 0.00061796605587, 0.000732161046471, -0.000142763165059, -0.000723871809896, 0.000897581980098, -0.000345121225109, -7.70052720327e-05], [0.000279447005596, -0.000815222738311, -0.00125356507488, -0.000772025145125, -8.21372741484e-05, 0.0145738292485, -0.00310144200921, -0.00177219754551, 0.00366279901937, 0.0010613866616, -0.00262442883104, 0.00442114938051, -3.93974514736e-05], [-8.47847113619e-05, -0.000934999901801, 0.000496438180562, 0.00154949887656, 0.00061796605587, -0.00310144200921, 0.00868386588991, -0.00137534539681, 0.001477511134, -0.00266433996148, 0.00383460172452, -0.00403605727479, 0.00200218288228], [-0.000393036491005, 2.3128297471e-05, 0.000409729895182, -0.000321825325955, 0.000732161046471, -0.00177219754551, -0.00137534539681, 0.0168266985565, -0.00617462769151, 0.00287202070467, -0.0046123303473, 0.0032230168581, -0.00291366362944], [0.000391540728742, 0.000158432754688, -0.000698835356161, -0.0029881966766, -0.000142763165059, 0.00366279901937, 0.001477511134, -0.00617462769151, 0.0196682531387, -0.00730513315648, 0.0046625980176, -0.000730661384296, 0.00203954312019], [-0.000356959179044, -0.000965549203102, 0.00181567214895, 0.00207928963937, -0.000723871809896, 0.0010613866616, -0.00266433996148, 0.00287202070467, -0.00730513315648, 0.0207588169724, -0.00503081968054, 0.00469349185005, -0.00126601627562], [-0.000459397997474, -0.000804559560493, -0.000341283128364, 0.000942632788792, 0.000897581980098, -0.00262442883104, 0.00383460172452, -0.0046123303473, 0.0046625980176, -0.00503081968054, 0.0191314481199, -0.00603590114042, 0.00300174183212], [0.00014540484699, -0.000436379545135, -0.000708376988769, -0.00196356535889, -0.000345121225109, 0.00442114938051, -0.00403605727479, 0.0032230168581, -0.000730661384296, 0.00469349185005, -0.00603590114042, 0.0203186105937, -0.00721096433699], [0.000507090939209, 0.00015996734146, 0.000260948960204, 0.000278177845757, -7.70052720327e-05, -3.93974514736e-05, 0.00200218288228, -0.00291366362944, 0.00203954312019, -0.00126601627562, 0.00300174183212, -0.00721096433699, 0.0229559466243]]
    },
    "spectral_contrast_coeffs": {
        "max": [-0.500085711479, -0.549681663513, -0.510704517365, -0.594043254852, -0.625391900539, -0.642054319382],
        "mean": [-0.718549132347, -0.747210681438, -0.699824094772, -0.746499717236, -0.758924126625, -0.751656293869],
        "min": [-0.935481607914, -0.895045757294, -0.906292021275, -0.899291217327, -0.879775464535, -0.855880737305],
        "stdev": [0.0559611096978, 0.0491845458746, 0.0668814629316, 0.0547414459288, 0.047221865505, 0.0347925014794]
    },
    "spectral_contrast_valleys": {
        "max": [-4.82395648956, -5.00900650024, -5.41798067093, -6.17013216019, -6.03189659119, -8.84977626801],
        "mean": [-6.20020723343, -6.28456783295, -7.00613451004, -7.27803230286, -7.36760091782, -10.5421876907],
        "min": [-8.06158256531, -8.05291080475, -9.09977531433, -9.20684528351, -9.41273498535, -12.7266187668],
        "stdev": [0.41783618927, 0.465618014336, 0.579782128334, 0.508629262447, 0.582390785217, 0.69375449419]
    }
},
"rhythm": {
    "beats_count": 67,
    "beats_loudness": {
        "max": 0.0895564928651,
        "mean": 0.0444239899516,
        "min": 0.0101365158334,
        "stdev": 0.0162044148892
    },
    "bpm": 125.83934021,
    "bpm_histogram_first_peak_bpm": 126,
    "bpm_histogram_first_peak_weight": 0.421875,
    "bpm_histogram_second_peak_bpm": 120,
    "bpm_histogram_second_peak_spread": 0,
    "bpm_histogram_second_peak_weight": 0.0151515156031,
    "danceability": 1.05615055561,
    "onset_rate": 2.92236304283,
    "beats_loudness_band_ratio": {
        "max": [0.864270091057, 0.575856864452, 0.447252124548, 0.438618838787, 0.400158107281, 0.0808203518391],
        "mean": [0.443841695786, 0.197469964623, 0.171726480126, 0.135852143168, 0.091855160892, 0.0323926843703],
        "min": [0.0436291769147, 0.0274273343384, 0.0180873945355, 0.00671310722828, 0.00373634998687, 0.000583040702622],
        "stdev": [0.182621657848, 0.123210698366, 0.0971334129572, 0.106607809663, 0.0766436457634, 0.0213707927614]
    },
    "beats_position": [0.487619042397, 0.96362811327, 1.43963718414, 1.91564619541, 2.39165520668, 2.87927436829, 3.34367346764, 3.8196823597, 4.29569149017, 4.78331041336, 5.24770975113, 5.71210861206, 6.18811798096, 6.66412687302, 7.14013576508, 7.6277551651, 8.10376358032, 8.59138298035, 9.06739234924, 9.54340076447, 10.0078001022, 10.4954195023, 10.95981884, 11.4474372864, 11.9234466553, 12.3994560242, 12.8638544083, 13.3514738083, 13.8390922546, 14.3267116547, 14.7678909302, 15.2555103302, 15.7199087143, 16.1959171295, 16.6719264984, 17.1711559296, 17.6471652985, 18.1231746674, 18.5991840363, 19.0635814667, 19.5512008667, 20.0272102356, 20.5032196045, 20.9908390045, 21.4668483734, 21.9544658661, 22.430475235, 22.918094635, 23.3941040039, 23.8701133728, 24.3461227417, 24.8221302032, 25.2981395721, 25.7857589722, 26.2617683411, 26.7261676788, 27.1905670166, 27.6665763855, 28.142583847, 28.6185932159, 29.0946025848, 29.5706119537, 30.0466213226, 30.5226306915, 30.9986381531, 31.4862575531, 31.9506568909],
