{
"metadata": {
    "version": {
        "essentia": "2.1-beta5",
        "essentia_git_sha": "Undefined",
        "extractor": "music 2.0"
    },
    "audio_properties": {
        "analysis": {
            "equal_loudness": 0,
            "length": 12.7477550507,
            "sample_rate": 44100,
            "start_time": 0,
            "downmix": "mix"
        },
        "bit_rate": 192000,
        "length": 179.443817139,
        "lossless": 0,
        "number_channels": 2,
        "replay_gain": -7.70362663269,
        "sample_rate": 44100,
        "codec": "mp3",
        "md5_encoded": "cc6f113c462094135ae0140ba6d418b2"
    },
    "tags": {
        "file_name": "Norway_Brandenburger Tor_Ketil Stokkan.mp3",
        "encoding": ["Lavf58.29.100"]
    }
},
"lowlevel": {
    "average_loudness": 0.878136754036,
    "barkbands_crest": {
        "max": 15.8662948608,
        "mean": 7.14996337891,
        "min": 2.21110296249,
        "stdev": 3.01516413689
    },
    "barkbands_flatness_db": {
        "max": 0.225276648998,
        "mean": 0.147270426154,
        "min": 0.090970903635,
        "stdev": 0.0303822532296
    },
    "barkbands_kurtosis": {
        "max": 49.92395401,
        "mean": 3.11592125893,
        "min": -1.88750886917,
        "stdev": 8.71836185455
    },
    "barkbands_skewness": {
        "max": 3.16442370415,
        "mean": -0.0564711466432,
        "min": -6.45057153702,
        "stdev": 1.99052071571
    },
    "barkbands_spread": {
        "max": 81.2388076782,
        "mean": 37.0600242615,
        "min": 4.4053030014,
        "stdev": 15.5236358643
    },
    "dissonance": {
        "max": 0.499885380268,
        "mean": 0.479938626289,
        "min": 0.407758295536,
        "stdev": 0.0160525999963
    },
    "dynamic_complexity": 7.59803199768,
    "erbbands_crest": {
        "max": 16.7629833221,
        "mean": 7.16977405548,
        "min": 2.78022956848,
        "stdev": 2.84993910789
    },
    "erbbands_flatness_db": {
        "max": 0.280592799187,
        "mean": 0.187827944756,
        "min": 0.106274142861,
        "stdev": 0.0325245819986
    },
    "erbbands_kurtosis": {
        "max": 29.1821060181,
        "mean": 1.99606227875,
        "min": -1.80506002903,
        "stdev": 5.8143286705
    },
    "erbbands_skewness": {
        "max": 1.78345012665,
        "mean": -0.624662935734,
        "min": -3.82829451561,
        "stdev": 1.18275225163
    },
    "erbbands_spread": {
        "max": 106.860176086,
        "mean": 47.546672821,
        "min": 4.87664604187,
        "stdev": 22.6510162354
    },
    "hfc": {
        "max": 364.577453613,
        "mean": 37.856918335,
        "min": 1.21864774174e-16,
        "stdev": 53.7824935913
    },
    "loudness_ebu128": {
        "integrated": -16.174993515,
        "loudness_range": 8.9764547348,
        "momentary": {
            "max": -10.572221756,
            "mean": -21.8552188873,
            "min": -53.8217163086,
            "stdev": 12.3814058304
        },
        "short_term": {
            "max": -14.0112848282,
            "mean": -17.3577136993,
            "min": -26.913854599,
            "stdev": 3.31137347221
        }
    },
    "melbands_crest": {
        "max": 21.2883815765,
        "mean": 9.32084655762,
        "min": 1.86546468735,
        "stdev": 3.23083639145
    },
    "melbands_flatness_db": {
        "max": 0.250960171223,
        "mean": 0.115212343633,
        "min": 0.00613308558241,
        "stdev": 0.0386141352355
    },
    "melbands_kurtosis": {
        "max": 36.1831855774,
        "mean": 5.44500350952,
        "min": -1.9369187355,
        "stdev": 6.66830682755
    },
    "melbands_skewness": {
        "max": 5.50604772568,
        "mean": 1.68122041225,
        "min": -2.82180261612,
        "stdev": 1.491106987
    },
    "melbands_spread": {
        "max": 290.223175049,
        "mean": 77.3650131226,
        "min": 8.28847885132,
        "stdev": 66.6786193848
    },
    "pitch_salience": {
        "max": 0.894293129444,
        "mean": 0.636249303818,
        "min": 0.42336076498,
        "stdev": 0.0744225978851
    },
    "silence_rate_20dB": {
        "max": 1,
        "mean": 1,
        "min": 1,
        "stdev": 0
    },
    "silence_rate_30dB": {
        "max": 1,
        "mean": 1,
        "min": 1,
        "stdev": 0
    },
    "silence_rate_60dB": {
        "max": 1,
        "mean": 0.209090903401,
        "min": 0,
        "stdev": 0.406657129526
    },
    "spectral_centroid": {
        "max": 11379.2451172,
        "mean": 2797.14746094,
        "min": 719.772338867,
        "stdev": 1377.62194824
    },
    "spectral_complexity": {
        "max": 48,
        "mean": 21.234544754,
        "min": 0,
        "stdev": 13.003704071
    },
    "spectral_decrease": {
        "max": 8.11470480174e-29,
        "mean": -3.68304009513e-09,
        "min": -1.46803538215e-08,
        "stdev": 2.90474244657e-09
    },
    "spectral_energy": {
        "max": 0.0776508301497,
        "mean": 0.0173343922943,
        "min": 1.07472224646e-20,
        "stdev": 0.0145179629326
    },
    "spectral_energyband_high": {
        "max": 0.053009942174,
        "mean": 0.00441362150013,
        "min": 8.21844651367e-21,
        "stdev": 0.00769470678642
    },
    "spectral_energyband_low": {
        "max": 0.0247872136533,
        "mean": 0.00201112707146,
        "min": 4.6116622348e-23,
        "stdev": 0.00248970719986
    },
    "spectral_energyband_middle_high": {
        "max": 0.0130227990448,
        "mean": 0.00328473048285,
        "min": 1.33596474588e-21,
        "stdev": 0.00260181678459
    },
    "spectral_energyband_middle_low": {
        "max": 0.0459308959544,
        "mean": 0.00842347834259,
        "min": 2.30273622674e-22,
        "stdev": 0.0078112911433
    },
    "spectral_entropy": {
        "max": 9.80322265625,
        "mean": 8.01708030701,
        "min": 7.31481933594,
        "stdev": 0.281162500381
    },
    "spectral_flux": {
        "max": 0.203552871943,
        "mean": 0.0650090649724,
        "min": 1.03668809648e-10,
        "stdev": 0.0422877781093
    },
    "spectral_kurtosis": {
        "max": 6.55210208893,
        "mean": 0.344219684601,
        "min": -1.19602310658,
        "stdev": 0.804529249668
    },
    "spectral_rms": {
        "max": 0.00870384462178,
        "mean": 0.00358577328734,
        "min": 3.23806975157e-12,
        "stdev": 0.00201340904459
    },
    "spectral_rolloff": {
        "max": 18970.7519531,
        "mean": 4732.36914062,
        "min": 409.130859375,
        "stdev": 2693.62304688
    },
    "spectral_skewness": {
        "max": 2.23334598541,
        "mean": 0.440119892359,
        "min": -0.246796712279,
        "stdev": 0.326710581779
    },
    "spectral_spread": {
        "max": 40770604,
        "mean": 4944756.5,
        "min": 2819674.25,
        "stdev": 1694735.125
    },
    "spectral_strongpeak": {
        "max": 18.1248874664,
        "mean": 0.891794383526,
        "min": 0,
        "stdev": 1.67977559566
    },
    "zerocrossingrate": {
        "max": 0.51171875,
        "mean": 0.15649946034,
        "min": 0.03369140625,
        "stdev": 0.0900506004691
    },
    "barkbands": {
        "max": [3.7146757677e-05, 0.00618326710537, 0.0145840169862, 0.0159416589886, 0.0259956791997, 0.0168376117945, 0.0180417392403, 0.0177508406341, 0.0101712858304, 0.00489400606602, 0.00371801177971, 0.00371511350386, 0.00271298596635, 0.00271368259564, 0.0023569795303, 0.00139785069041, 0.00164081947878, 0.00140686321538, 0.0032814044971, 0.010637473315, 0.0112808421254, 0.022174583748, 0.0215848702937, 0.0111860521138, 0.000178089670953, 1.14422721254e-06, 1.07012635908e-06],
        "mean": [1.55200632435e-06, 0.000306539353915, 0.00107175845187, 0.00108029402327, 0.00222243741155, 0.00157322443556, 0.0009356586379, 0.0015811175108, 0.000796918408014, 0.000376266805688, 0.000333667849191, 0.00030400743708, 0.000292787852231, 0.000329743808834, 0.000237682266743, 0.000127418228658, 0.000288990093395, 0.000196531662368, 0.000445881159976, 0.000767458637711, 0.000954700808506, 0.00117336155381, 0.00120687671006, 0.000720446347259, 9.05988599698e-06, 1.24060939299e-08, 2.50875098473e-09],
        "min": [1.11508466903e-24, 3.65672086549e-23, 6.94479614368e-24, 3.54004131674e-24, 2.71772426833e-23, 7.85894220238e-23, 1.68516466573e-23, 3.48985785137e-23, 4.59479512647e-23, 7.16416968395e-23, 4.33439719037e-23, 3.65049801512e-23, 1.05857358468e-22, 7.72415301049e-23, 1.17902683889e-22, 1.44393769046e-22, 2.58648431942e-22, 1.7681495513e-22, 2.51603512784e-22, 2.88106770063e-22, 3.6216407259e-22, 6.23853468659e-22, 6.98031889734e-22, 1.05335897428e-21, 1.20458419041e-21, 1.46412008456e-21, 2.77258400333e-21],
        "stdev": [3.26410645357e-06, 0.000526017451193, 0.00146980932914, 0.00165164971258, 0.00306542776525, 0.00197702366859, 0.00177588302176, 0.00265880487859, 0.00120497646276, 0.000487785669975, 0.000406132341595, 0.000482487434056, 0.000363477069186, 0.000453630142147, 0.000350100541255, 0.000145976780914, 0.000308103830321, 0.000201696151635, 0.000459962029709, 0.00101453438401, 0.00161690788809, 0.00221282290295, 0.00251248618588, 0.00140143022873, 2.40091012529e-05, 4.8749363657e-08, 4.55751631989e-08]
    },
    "erbbands": {
        "max": [0.126381918788, 1.96335983276, 12.0211143494, 47.0524330139, 67.1371002197, 84.0587844849, 128.619827271, 120.7760849, 221.141555786, 379.873779297, 382.895233154, 290.427703857, 173.239959717, 55.1216125488, 127.762413025, 188.468444824, 152.311309814, 141.416488647, 131.810836792, 86.3089370728, 54.0926437378, 60.7264404297, 83.2855834961, 90.6110076904, 237.563522339, 602.536315918, 250.540176392, 640.331359863, 973.627990723, 756.636108398, 789.182495117, 335.043945312, 124.99420929, 13.6552295685, 0.381730824709, 0.0241700317711, 0.00362510606647, 0.000872511533089, 0.000322380801663, 0.00021727407875],
        "mean": [0.00417208485305, 0.0983718708158, 0.908486306667, 3.00979328156, 5.82189512253, 6.40007638931, 10.0177555084, 12.9842710495, 13.7988100052, 26.7763996124, 26.1730537415, 23.2122478485, 14.0684814453, 8.16097450256, 15.0059194565, 15.1540575027, 15.4336328506, 17.4786911011, 15.0642204285, 8.76877593994, 8.71704673767, 12.415271759, 11.9355335236, 18.3320007324, 28.7537155151, 36.8287467957, 26.8033981323, 44.9239768982, 39.4473953247, 43.6929969788, 35.8730354309, 22.1316337585, 7.18324565887, 0.571623563766, 0.0182121805847, 0.00149611674715, 0.000274392514257, 6.73052636557e-05, 3.1384628528e-05, 3.1401803426e-05],
        "min": [9.46396907621e-22, 8.08009651725e-21, 1.19701508391e-20, 1.01194820447e-20, 2.66772129118e-20, 9.2383815347e-20, 6.23925947533e-19, 4.56338379948e-19, 2.41448437335e-19, 3.83272249821e-19, 8.02381530994e-19, 1.24918675778e-18, 1.87025722614e-18, 1.9095880099e-18, 2.24854491144e-18, 1.35626115217e-18, 4.23109004457e-18, 4.59867297877e-18, 5.09548220416e-18, 8.3107696411e-18, 6.18147025959e-18, 1.44171939396e-17, 9.65709128764e-18, 1.32168349296e-17, 1.11587996394e-17, 1.62354113723e-17, 1.28148913264e-17, 1.53821133591e-17, 2.00012057048e-17, 2.64020467444e-17, 1.93792899613e-17, 1.65294525733e-17, 1.97815429301e-17, 1.2094939791e-17, 1.00845418323e-17, 5.64204592981e-18, 2.70267802787e-18, 1.50610419635e-18, 3.62256459738e-19, 4.04509252556e-20],
        "stdev": [0.00764823332429, 0.158022895455, 1.23721623421, 4.13943910599, 8.93705368042, 9.50436687469, 15.2893295288, 16.6520614624, 23.7937316895, 49.5241088867, 43.1258010864, 34.9044914246, 18.2941074371, 8.91526889801, 17.1975402832, 24.4123573303, 18.7086658478, 22.4196491241, 20.1315975189, 9.90609741211, 8.82883358002, 12.4919996262, 11.5144262314, 17.590631485, 36.1612243652, 51.4154891968, 33.8999519348, 84.4034881592, 77.8969802856, 82.3903961182, 80.7192306519, 42.2869224548, 15.6700782776, 1.46222484112, 0.0435428954661, 0.00309559749439, 0.00049885927001, 0.00012671139848, 4.77335815958e-05, 3.48750181729e-05]
    },
    "gfcc": {
        "mean": [-76.9392776489, 65.8241195679, -146.602630615, 73.7928237915, -101.957351685, 20.0545501709, -31.6862926483, -12.5713281631, -9.62054157257, -19.2579536438, 1.37242877483, -19.0728664398, -8.12261104584],
        "cov": [[40300.4257812, 10644.2099609, -4863.05810547, -1333.39575195, -2498.61962891, -3035.48120117, -520.422851562, -2348.1940918, 524.911071777, -1610.12341309, 577.69354248, -1827.70495605, -73.6998519897], [10644.2099609, 4040.79003906, -1402.27868652, -558.084777832, -520.814147949, -1117.79602051, -31.9395599365, -736.422912598, 171.147766113, -430.996643066, 212.852798462, -472.05670166, 31.0781326294], [-4863.05810547, -1402.27868652, 885.055786133, 318.305084229, 240.597000122, 395.334014893, 75.6005249023, 259.977539062, -74.3076477051, 214.542953491, -89.4659347534, 228.235946655, 1.38115429878], [-1333.39575195, -558.084777832, 318.305084229, 242.451934814, 56.4684791565, 154.228012085, 46.0006599426, 66.7321548462, -25.9509468079, 69.9774932861, -32.3699569702, 85.5188369751, -9.18202400208], [-2498.61962891, -520.814147949, 240.597000122, 56.4684791565, 324.363708496, 254.893051147, 36.4081344604, 194.33656311, -30.1369037628, 89.5521774292, -33.0623703003, 82.2806625366, 19.9362812042], [-3035.48120117, -1117.79602051, 395.334014893, 154.228012085, 254.893051147, 433.104217529, 30.331867218, 267.323974609, -48.8453483582, 122.5157547, -63.3566627502, 115.433029175, 4.10212373734], [-520.422851562, -31.9395599365, 75.6005249023, 46.0006599426, 36.4081344604, 30.331867218, 112.106468201, 25.7492923737, 3.25863075256, 35.0487327576, 2.25575208664, 48.4770812988, 4.30976486206], [-2348.1940918, -736.422912598, 259.977539062, 66.7321548462, 194.33656311, 267.323974609, 25.7492923737, 240.326538086, -14.3711299896, 93.2333145142, -39.2527313232, 84.1247329712, 6.51430225372], [524.911071777, 171.147766113, -74.3076477051, -25.9509468079, -30.1369037628, -48.8453483582, 3.25863075256, -14.3711299896, 57.0554161072, 0.290851682425, 14.5602321625, -22.0764751434, -2.63723111153], [-1610.12341309, -430.996643066, 214.542953491, 69.9774932861, 89.5521774292, 122.5157547, 35.0487327576, 93.2333145142, 0.290851682425, 114.455802917, -3.41124391556, 90.4948425293, 11.5225715637], [577.69354248, 212.852798462, -89.4659347534, -32.3699569702, -33.0623703003, -63.3566627502, 2.25575208664, -39.2527313232, 14.5602321625, -3.41124391556, 50.5636558533, -4.36567544937, 7.11492824554], [-1827.70495605, -472.05670166, 228.235946655, 85.5188369751, 82.2806625366, 115.433029175, 48.4770812988, 84.1247329712, -22.0764751434, 90.4948425293, -4.36567544937, 142.267547607, 20.7529602051], [-73.6998519897, 31.0781326294, 1.38115429878, -9.18202400208, 19.9362812042, 4.10212373734, 4.30976486206, 6.51430225372, -2.63723111153, 11.5225715637, 7.11492824554, 20.7529602051, 40.7427597046]],
        "icov": [[0.000795166473836, -0.00134519475978, 0.00161884131376, -0.00220652204007, 0.00332213472575, -0.00262472662143, 0.000948755070567, 0.000701777345967, -0.00102408078965, 0.00152440438978, -0.00173788343091, 0.00296894949861, -0.00136776058935], [-0.00134519475978, 0.00541206309572, -0.00291264010593, 0.00491775386035, -0.00842536892742, 0.00888916663826, -0.00507051637396, 0.00208243657835, -0.00125000183471, 0.00106134160887, -0.00123050890397, -5.69215662836e-05, -0.0020606413018], [0.00161884131376, -0.00291264010593, 0.00833755731583, -0.00803929381073, 0.00676796445623, -0.00492091849446, 0.00260186288506, -0.000274062564131, 0.00134281488135, -0.00247106002644, 0.00129702477716, 0.00397622445598, -0.00145809841342], [-0.00220652204007, 0.00491775386035, -0.00803929381073, 0.0165068767965, -0.00912224594504, 0.00500724418089, -0.00590738002211, 0.00353155168705, -0.000329446047544, -0.000923931656871, 0.00295439944603, -0.00787398032844, 0.00400457764044], [0.00332213472575, -0.00842536892742, 0.00676796445623, -0.00912224594504, 0.0234314575791, -0.0170968472958, 0.00573714915663, -0.00296154245734, 0.000154758541612, 0.00188843451906, -0.00359281944111, 0.00877533573657, -0.00409304257482], [-0.00262472662143, 0.00888916663826, -0.00492091849446, 0.00500724418089, -0.0170968472958, 0.0267332214862, -0.00687624840066, -0.00711807841435, 0.00443705217913, -0.00311947823502, 0.00269403774291, -0.00166841456667, -0.00114464457147], [0.000948755070567, -0.00507051637396, 0.00260186288506, -0.00590738002211, 0.00573714915663, -0.00687624840066, 0.0162788107991, -0.0029272257816, 0.000107982428744, -0.00260690622963, 0.00219985400327, -0.00566045613959, 0.00403883401304], [0.000701777345967, 0.00208243657835, -0.000274062564131, 0.00353155168705, -0.00296154245734, -0.00711807841435, -0.0029272257816, 0.0225212331861, -0.0104694562033, 0.00470012519509, -0.00379037996754, 0.00536856753752, -0.00471883639693], [-0.00102408078965, -0.00125000183471, 0.00134281488135, -0.000329446047544, 0.000154758541612, 0.00443705217913, 0.000107982428744, -0.0104694562033, 0.0318510346115, -0.0168612226844, 0.0051796012558, -0.00199985154904, 0.00706570222974], [0.00152440438978, 0.00106134160887, -0.00247106002644, -0.000923931656871, 0.00188843451906, -0.00311947823502, -0.00260690622963, 0.00470012519509, -0.0168612226844, 0.0374413430691, -0.0170182622969, 0.00149201857857, -0.00873060896993], [-0.00173788343091, -0.00123050890397, 0.00129702477716, 0.00295439944603, -0.00359281944111, 0.00269403774291, 0.00219985400327, -0.00379037996754, 0.0051796012558, -0.0170182622969, 0.0419336557388, -0.0169493053108, 0.00673568528146], [0.00296894949861, -5.69215662836e-05, 0.00397622445598, -0.00787398032844, 0.00877533573657, -0.00166841456667, -0.00566045613959, 0.00536856753752, -0.00199985154904, 0.00149201857857, -0.0169493053108, 0.039285775274, -0.0184832941741], [-0.00136776058935, -0.0020606413018, -0.00145809841342, 0.00400457764044, -0.00409304257482, -0.00114464457147, 0.00403883401304, -0.00471883639693, 0.00706570222974, -0.00873060896993, 0.00673568528146, -0.0184832941741, 0.0382041446865]]
    },
    "melbands": {
        "max": [0.00138803967275, 0.00484904507175, 0.00788145232946, 0.00501521397382, 0.00448432983831, 0.00282352883369, 0.0034986154642, 0.0040329573676, 0.00311811058782, 0.00194308476057, 0.000864964618813, 0.000236260879319, 0.000568291754462, 0.000363807193935, 0.000270052609267, 0.000239165368839, 0.00031161683728, 0.000188626669114, 0.000145632351632, 0.000116711838928, 6.38239798718e-05, 8.02442300483e-05, 9.26853899728e-05, 6.74520488246e-05, 8.70378498803e-05, 0.000111336681584, 0.000291289645247, 0.000438271381427, 0.000156057809363, 0.000225765223149, 0.000449419894721, 0.000463567208499, 0.000631490140222, 0.000282900437014, 0.000502660812344, 0.000271945842542, 0.000210908227018, 0.000110551642138, 4.88393161504e-05, 1.39264682275e-06],
        "mean": [6.01914034633e-05, 0.000382806232665, 0.000586305104662, 0.000443869532319, 0.000348338129697, 0.000303069420625, 0.000201204951736, 0.000314252625685, 0.000203713905648, 0.000131039079861, 6.51674563414e-05, 2.97240476357e-05, 4.98498557135e-05, 3.71296955564e-05, 3.53631658072e-05, 2.92910262942e-05, 3.34972828568e-05, 2.37853892031e-05, 1.4126950191e-05, 1.15150851343e-05, 1.09599322968e-05, 1.36607814056e-05, 1.29360223582e-05, 9.8520413303e-06, 1.53461769514e-05, 1.52861593961e-05, 2.79498490272e-05, 2.32154616242e-05, 1.50027481141e-05, 2.00264821615e-05, 2.80980111711e-05, 2.01690218091e-05, 2.52578738582e-05, 2.26945448958e-05, 2.20737074415e-05, 1.58186976478e-05, 1.261754187e-05, 5.88686407355e-06, 1.61076400218e-06, 5.64217295107e-08],
        "min": [9.06732817223e-24, 7.96771917923e-24, 2.10062457236e-24, 3.55733906424e-24, 1.71250532253e-23, 1.11095076178e-23, 3.82701589786e-24, 5.02538672632e-24, 5.53245665544e-24, 8.46697504665e-24, 9.47070982954e-24, 7.65493504145e-24, 7.54826842529e-24, 3.76839288298e-24, 4.81263291234e-24, 1.24303305636e-23, 7.94093498491e-24, 7.03719936581e-24, 1.03832309925e-23, 1.15874926398e-23, 6.18455077337e-24, 1.29662605745e-23, 1.49973754571e-23, 7.5210014481e-24, 1.1081439158e-23, 9.25067759041e-24, 6.19076108084e-24, 1.20793450476e-23, 7.47218121326e-24, 9.1654411696e-24, 8.24412341864e-24, 9.92330536327e-24, 1.45420102327e-23, 1.44134811254e-23, 1.09944262224e-23, 8.83636389868e-24, 1.12246308229e-23, 1.39833689163e-23, 1.24014558879e-23, 9.31616487846e-24],
        "stdev": [0.000103182865132, 0.000497019558679, 0.000764067168348, 0.000624927401077, 0.000518458080478, 0.000386386411265, 0.000353212963091, 0.00058043905301, 0.00033438715036, 0.000208139186725, 8.90669107321e-05, 3.52513234247e-05, 6.17696059635e-05, 4.91882274218e-05, 4.30617001257e-05, 3.37625388056e-05, 4.64574877697e-05, 3.02409807773e-05, 1.89429101738e-05, 1.36878006742e-05, 1.20610393424e-05, 1.52669126692e-05, 1.41648415592e-05, 1.04312866824e-05, 1.57744052558e-05, 1.74497545231e-05, 4.06369581469e-05, 3.34531832777e-05, 1.83739393833e-05, 3.12484044116e-05, 5.65012815059e-05, 3.77049327653e-05, 5.55127044208e-05, 4.0275252104e-05, 5.13833074365e-05, 3.31398332492e-05, 2.41364814428e-05, 1.30316375362e-05, 4.45377600045e-06, 1.670664318e-07]
    },
    "melbands128": {
        "max": [3.42343992088e-05, 0.000661479309201, 0.00242232810706, 0.00391937606037, 0.00659365905449, 0.0094354134053, 0.0106949470937, 0.00676873559132, 0.00895734038204, 0.00615887437016, 0.00529711227864, 0.00911364797503, 0.00621173204854, 0.00580124510452, 0.00369614874944, 0.00526212202385, 0.0053255748935, 0.0032717869617, 0.00388614670373, 0.0073923417367, 0.0074958736077, 0.0028698653914, 0.00590080907568, 0.00137898302637, 0.00257535139099, 0.00311960233375, 0.000465553515824, 0.00173445965629, 0.000383914535632, 0.000413931411458, 0.000253062986303, 0.000542929512449, 0.00109864259139, 0.000876968319062, 0.000210966318264, 0.000506475800648, 0.0010449528927, 0.000156699563377, 0.000491651997436, 0.000681310251821, 0.000263731053565, 0.000572371180169, 0.000375296367565, 0.000678886426613, 0.000312974938424, 0.000213294813875, 0.000508903583977, 8.84073524503e-05, 5.07519944222e-05, 0.000235377825447, 0.000179383147042, 0.000205789590837, 6.9192785304e-05, 8.34001039038e-05, 0.000228907738347, 0.000100582466985, 5.86318383284e-05, 0.000249755423283, 9.32074181037e-05, 0.000130016676849, 8.33065714687e-05, 0.000107814659714, 0.000202235896722, 0.000130894375616, 0.000118593736261, 9.57367956289e-05, 0.000263412308414, 0.000322982959915, 0.000509778561536, 0.000376265874365, 0.000833857338876, 0.000222007671255, 0.000269829703029, 0.000189353449969, 0.000140998017741, 0.00021504452161, 0.00030743246316, 0.000710342079401, 0.000781282607932, 0.000292807992082, 0.000178859598236, 0.000757992151193, 0.000952834030613, 0.000957056414336, 0.000807991717011, 0.000379787379643, 0.000261641398538, 0.000260135129793, 0.000698166084476, 0.000608208822086, 0.000401780591346, 0.000215636435314, 0.000277844752418, 0.000365278974641, 0.000275625585346, 0.000182613352081, 0.000117556788609, 9.65581639321e-05, 7.48956008465e-05, 1.16673409138e-05, 2.09457721212e-06, 6.73604745316e-07, 1.04170482018e-07, 1.55955426351e-08, 1.30535742215e-08, 1.13520650658e-08, 1.00937436187e-08, 9.0871488112e-09, 8.27421597904e-09, 7.52565298967e-09, 7.2418750996e-09, 7.0890262549e-09, 6.59446541817e-09, 6.12603523464e-09, 5.82718140407e-09, 5.55701662464e-09, 5.31286259431e-09, 5.10004261045e-09, 4.9136699154e-09, 4.76638861713e-09, 4.62624782926e-09, 4.48787096374e-09, 4.3760368662e-09, 4.30426894127e-09, 4.21363699488e-09, 4.15982404078e-09, 4.11652489873e-09, 4.09409084412e-09],
        "mean": [1.17543049782e-06, 1.67640992004e-05, 6.97329305694e-05, 0.000169830891537, 0.00033885386074, 0.000592939555645, 0.000642931845505, 0.000487248413265, 0.000668504100759, 0.000437671929831, 0.000294976896839, 0.000403975893278, 0.000345566688338, 0.000310701521812, 0.000280180916889, 0.000319995888276, 0.000309538823785, 0.000118941730761, 0.000143481549458, 0.000334293814376, 0.00042917803512, 0.000191910527064, 0.000211257094634, 0.000123395628179, 0.00020591574139, 9.89192994894e-05, 4.79576301586e-05, 0.000101378675026, 2.91181313514e-05, 3.18998681905e-05, 2.36907089857e-05, 3.34134529112e-05, 6.43516905257e-05, 5.80362975597e-05, 1.98119505512e-05, 3.53242030542e-05, 6.01032043051e-05, 1.31725528263e-05, 4.50088446087e-05, 3.89109372918e-05, 1.6764850443e-05, 3.03695142065e-05, 3.11736293952e-05, 4.68217695015e-05, 1.38656641866e-05, 1.79192265932e-05, 3.95809111069e-05, 8.06465959613e-06, 6.00857765676e-06, 1.46384008985e-05, 1.23991858345e-05, 1.03672309706e-05, 3.83072756449e-06, 1.15569782793e-05, 2.6124967917e-05, 8.73155386216e-06, 6.44226474833e-06, 2.18332352233e-05, 9.61955538514e-06, 9.3936923804e-06, 8.84170549398e-06, 8.21754110802e-06, 2.18914956349e-05, 1.44043206092e-05, 1.06850584416e-05, 1.14409313028e-05, 2.07033554034e-05, 2.61926998064e-05, 2.97948081425e-05, 3.06741603708e-05, 2.56191688095e-05, 1.85202588909e-05, 1.46976499309e-05, 1.46843849507e-05, 1.43426586874e-05, 1.69408631336e-05, 2.31499125221e-05, 2.88393348455e-05, 3.39962898579e-05, 2.20018300752e-05, 1.54243225552e-05, 2.2535901735e-05, 2.32902821153e-05, 2.38883676502e-05, 2.86895137833e-05, 2.59692478721e-05, 2.07392458833e-05, 1.65055262187e-05, 2.69146985374e-05, 2.09304416785e-05, 1.63041913765e-05, 1.39612293424e-05, 1.60827294167e-05, 1.22671335703e-05, 1.26775157696e-05, 5.90986792304e-06, 5.43248233953e-06, 3.59497789759e-06, 1.7540095314e-06, 4.61449957356e-07, 5.13610984854e-08, 1.54689185905e-08, 1.9667774076e-09, 2.22672338901e-10, 7.77311756628e-11, 5.957263155e-11, 8.28939139552e-11, 9.08487313156e-11, 1.06694937607e-10, 9.42001268656e-11, 1.2249044834e-10, 9.78715511413e-11, 8.81885536819e-11, 6.0094013099e-11, 2.21810087658e-11, 1.30908218293e-11, 1.24401530743e-11, 1.19388752357e-11, 1.15125782171e-11, 1.11666509373e-11, 1.08410520144e-11, 1.05364267658e-11, 1.02723819034e-11, 1.00866459282e-11, 9.89046605032e-12, 9.76668745878e-12, 9.66563027532e-12, 9.61085898366e-12],
        "min": [5.41202017635e-25, 7.22681233958e-24, 1.13737129122e-23, 1.49757796009e-23, 8.50977469506e-24, 2.72719982886e-24, 1.95779085306e-24, 1.60041516932e-24, 2.88321008907e-24, 2.73571952664e-24, 4.46170064447e-24, 7.59136784084e-24, 2.7863851438e-23, 2.04608714699e-23, 8.84021117332e-24, 8.30527512716e-24, 3.12783960287e-24, 3.07321256291e-24, 4.78774632293e-24, 3.18389546715e-24, 5.14312579415e-24, 9.97409696152e-24, 5.54847092624e-24, 8.40001870238e-25, 7.16834670245e-24, 1.37643148647e-23, 6.75095803091e-24, 1.00507679306e-23, 1.00694142358e-23, 9.11875401465e-24, 7.96050346853e-24, 2.32430213773e-24, 1.08908811288e-23, 6.5964087411e-24, 6.67390919744e-24, 1.41618400187e-24, 1.94437647058e-24, 6.76082194767e-24, 3.79694846445e-24, 8.88250989506e-24, 1.99686664412e-23, 7.76779816002e-24, 9.60607914973e-24, 4.12021025278e-24, 9.33001333165e-24, 2.91561984772e-24, 1.28485372839e-23, 9.80791157892e-24, 7.26020087739e-24, 1.57865487512e-23, 1.33378740143e-23, 7.6688024273e-24, 3.75274740464e-24, 7.58164670791e-24, 6.98584846519e-24, 6.33551784581e-24, 2.64163642521e-23, 2.41319666432e-23, 7.61937792501e-24, 3.29343097321e-24, 8.07952206874e-24, 7.90541731152e-24, 1.69022063305e-23, 7.8001966774e-24, 8.57149517228e-24, 1.2190218659e-23, 6.74753831889e-24, 7.80961962091e-24, 3.54381286073e-24, 6.82567893585e-24, 1.91245111197e-23, 9.62107460668e-24, 7.52061727284e-24, 8.1740899252e-24, 5.5817435015e-24, 7.93407820593e-24, 1.20875160689e-23, 9.64903578147e-24, 7.68180048844e-24, 5.91789685474e-24, 9.79375073681e-24, 1.08762059494e-23, 1.28286603557e-23, 1.49541001255e-23, 1.4470129227e-23, 1.9243693803e-23, 1.08540847119e-23, 1.32624636449e-23, 7.82043017075e-24, 1.42288655855e-23, 9.97582298918e-24, 7.58226754144e-24, 5.12955186455e-24, 1.20520220613e-23, 1.56483340097e-23, 1.15120672821e-23, 1.28297505614e-23, 1.69186903679e-23, 1.49776492013e-23, 8.28746107019e-24, 8.22556231041e-24, 1.0578448823e-23, 9.16782589612e-24, 1.6527369605e-23, 1.08030753881e-23, 9.3959060942e-24, 1.06281186611e-23, 1.18475516813e-23, 9.11864041868e-24, 9.74602386318e-24, 6.62459276909e-24, 1.10334235613e-23, 7.59432764696e-24, 7.54564546278e-24, 9.18940834162e-24, 8.95999575747e-24, 1.38359860334e-23, 1.61108668243e-23, 1.23412342464e-23, 1.1341296251e-23, 1.08660643536e-23, 8.77410305174e-24, 1.01828973991e-23, 1.65947809248e-23, 1.04862562268e-23, 9.35197127494e-24, 1.42538582767e-23, 7.6305750167e-24],
        "stdev": [2.5693493626e-06, 3.91669673263e-05, 0.000146785227116, 0.000311817479087, 0.000562445900869, 0.000836127088405, 0.000944071332924, 0.000809979159385, 0.00111100275535, 0.000738318194635, 0.000518935266882, 0.000801487185527, 0.000647807610221, 0.000519271066878, 0.000452359498013, 0.00057072204072, 0.000644353742246, 0.000278016988887, 0.000383354956284, 0.00072238757275, 0.000966214109212, 0.000335159478709, 0.000552669691388, 0.000195644024643, 0.000375913601601, 0.000264535367023, 7.08538864274e-05, 0.000167186110048, 3.9793751057e-05, 5.68925606785e-05, 3.38054851454e-05, 5.114101441e-05, 0.000107820291305, 9.31001923163e-05, 2.75379643426e-05, 6.38853161945e-05, 0.000129162915982, 2.10743946809e-05, 7.23626289982e-05, 6.34116731817e-05, 3.14686622005e-05, 6.69387663947e-05, 4.64285330963e-05, 8.90654337127e-05, 3.09603492497e-05, 2.67954455921e-05, 7.76661254349e-05, 1.11570097943e-05, 8.02616614237e-06, 2.56059192907e-05, 1.77225610969e-05, 1.7051354007e-05, 5.50333925275e-06, 1.47413074956e-05, 3.76109674107e-05, 1.40395050039e-05, 8.05295621831e-06, 3.23468884744e-05, 1.16427781904e-05, 1.55634897965e-05, 1.20336098917e-05, 1.09514248834e-05, 2.78700372291e-05, 1.62555588759e-05, 1.44937712321e-05, 1.43827865031e-05, 3.36901321134e-05, 3.80540514016e-05, 5.71515301999e-05, 4.67120262329e-05, 5.22615700902e-05, 2.31737212744e-05, 2.18818386202e-05, 2.07121993299e-05, 2.10705402424e-05, 2.51367964665e-05, 4.32340893894e-05, 6.64500767016e-05, 8.43783127493e-05, 4.14147689298e-05, 2.74031172012e-05, 5.07378317707e-05, 6.04759807175e-05, 6.37654011371e-05, 6.21113795205e-05, 5.10938261868e-05, 3.89656233892e-05, 2.99762996292e-05, 7.15957503417e-05, 5.32876292709e-05, 4.09913627664e-05, 2.79715695797e-05, 3.12185184157e-05, 2.67698451353e-05, 2.61171917373e-05, 1.43229508467e-05, 1.36237622428e-05, 9.10280323296e-06, 6.09680182606e-06, 1.28975989355e-06, 1.85342912573e-07, 6.57805045989e-08, 8.70284377896e-09, 9.16726694555e-10, 6.0501847976e-10, 4.8610621084e-10, 4.37466979308e-10, 3.99769051196e-10, 3.73055308867e-10, 3.3598693272e-10, 3.27305432757e-10, 3.07911085518e-10, 2.87161433521e-10, 2.64550298334e-10, 2.48652959334e-10, 2.36662051067e-10, 2.26267185544e-10, 2.17204032538e-10, 2.09266506901e-10, 2.02993871712e-10, 1.97025368243e-10, 1.91131652172e-10, 1.86369031319e-10, 1.83312934277e-10, 1.79452744331e-10, 1.77160841552e-10, 1.75316719475e-10, 1.74361219907e-10]
    },
    "mfcc": {
        "mean": [-687.052368164, 58.1619110107, 12.4070043564, 30.7706031799, -23.9018535614, 16.2240619659, -13.5155239105, 8.65366172791, -17.8647251129, 10.8881483078, -12.0000391006, 8.61577033997, -11.1187152863],
        "cov": [[40798.7695312, 8689.71191406, -3053.96044922, 607.285827637, -2542.88720703, -713.217224121, -2107.67553711, -890.958312988, -1779.88427734, -265.185119629, -911.098754883, -223.287612915, -1042.51074219], [8689.71191406, 2942.19384766, -935.667541504, 246.872802734, -602.397521973, -210.175354004, -461.262573242, -249.677886963, -383.922180176, -124.253601074, -235.957901001, 1.20631551743, -183.595901489], [-3053.96044922, -935.667541504, 620.068481445, 50.9757499695, 151.528640747, 100.791687012, 149.564025879, 41.8523674011, 138.380844116, -7.59580469131, 77.9393463135, -0.15793260932, 103.150733948], [607.285827637, 246.872802734, 50.9757499695, 193.242324829, -113.346473694, 28.3416996002, -51.0227775574, -27.8343677521, -45.8373527527, -39.0486755371, -27.7921638489, 4.7282075882, 24.591835022], [-2542.88720703, -602.397521973, 151.528640747, -113.346473694, 342.468719482, 47.2816772461, 177.020523071, 79.4481811523, 147.793182373, 68.673789978, 72.4015960693, 10.5655355453, 15.1979255676], [-713.217224121, -210.175354004, 100.791687012, 28.3416996002, 47.2816772461, 93.1929702759, 62.7371444702, 30.9603691101, 34.6796913147, 13.3857460022, 15.3422203064, 0.693519473076, 30.3242435455], [-2107.67553711, -461.262573242, 149.564025879, -51.0227775574, 177.020523071, 62.7371444702, 196.383926392, 75.8138656616, 116.44859314, 31.8248157501, 52.2334136963, 12.1547756195, 48.1375312805], [-890.958312988, -249.677886963, 41.8523674011, -27.8343677521, 79.4481811523, 30.9603691101, 75.8138656616, 91.6142807007, 55.1427307129, 35.5822601318, 23.5735569, 11.9650440216, 9.42823028564], [-1779.88427734, -383.922180176, 138.380844116, -45.8373527527, 147.793182373, 34.6796913147, 116.44859314, 55.1427307129, 138.441192627, 33.5849151611, 52.9592704773, 8.50545883179, 42.6201019287], [-265.185119629, -124.253601074, -7.59580469131, -39.0486755371, 68.673789978, 13.3857460022, 31.8248157501, 35.5822601318, 33.5849151611, 77.0423202515, 20.4258861542, 9.27859020233, -19.2633056641], [-911.098754883, -235.957901001, 77.9393463135, -27.7921638489, 72.4015960693, 15.3422203064, 52.2334136963, 23.5735569, 52.9592704773, 20.4258861542, 60.7533073425, 15.0355405807, 25.108423233], [-223.287612915, 1.20631551743, -0.15793260932, 4.7282075882, 10.5655355453, 0.693519473076, 12.1547756195, 11.9650440216, 8.50545883179, 9.27859020233, 15.0355405807, 52.701335907, 17.6877346039], [-1042.51074219, -183.595901489, 103.150733948, 24.591835022, 15.1979255676, 30.3242435455, 48.1375312805, 9.42823028564, 42.6201019287, -19.2633056641, 25.108423233, 17.6877346039, 94.8653793335]],
        "icov": [[0.000157399830641, -0.000275245140074, -4.79723603348e-05, 0.000227803204325, 0.000398758973461, -0.000280847219983, 0.000448030419648, -2.73745481536e-05, 0.000544542737771, -0.000388113316149, 1.78734717338e-05, 0.000247476156801, 0.000617082114331], [-0.000275245140074, 0.00207161647268, 0.0020694991108, -0.00242426595651, 2.25866892833e-06, 0.00118496152572, -0.000931644812226, 0.0020973640494, -0.00180622446351, 0.00130579806864, 0.00126307818573, -0.00166700594127, 0.000300989253446], [-4.79723603348e-05, 0.0020694991108, 0.00539938220754, -0.00387302972376, 0.000186810022569, -0.000402412522817, -0.000663960003294, 0.00304931215942, -0.00277613056824, 0.00207925587893, -0.000549551274162, -0.000434143992607, 0.00063942943234], [0.000227803204325, -0.00242426595651, -0.00387302972376, 0.0117692388594, 0.00189116655383, -0.00541541306302, 0.00252058403566, -0.00238829548471, 0.00232171406969, 6.84415645082e-05, 0.00106486363802, -0.000457706715679, -0.00186722143553], [0.000398758973461, 2.25866892833e-06, 0.000186810022569, 0.00189116655383, 0.00958771072328, -0.00105755205732, -0.00299790408462, 0.00149895832874, -0.00297131948173, -0.00256135035306, -0.00106366653927, -0.000500083668157, 0.00505699636415], [-0.000280847219983, 0.00118496152572, -0.000402412522817, -0.00541541306302, -0.00105755205732, 0.019277157262, -0.00576102314517, -0.00157981389202, 0.00145226111636, -0.00339284143411, 0.00135636050254, 0.00222482066602, -0.00397916929796], [0.000448030419648, -0.000931644812226, -0.000663960003294, 0.00252058403566, -0.00299790408462, -0.00576102314517, 0.0174955576658, -0.00557418819517, -0.00313968001865, 0.00132340693381, -3.70498601114e-05, 0.000277527025901, -0.00117552850861], [-2.73745481536e-05, 0.0020973640494, 0.00304931215942, -0.00238829548471, 0.00149895832874, -0.00157981389202, -0.00557418819517, 0.0217869002372, -0.0043184645474, -0.00386523129418, 0.00244876998477, -0.00430998858064, 0.00330056948587], [0.000544542737771, -0.00180622446351, -0.00277613056824, 0.00232171406969, -0.00297131948173, 0.00145226111636, -0.00313968001865, -0.0043184645474, 0.0243941433728, -0.00531444093212, -0.00539734074846, 0.00446279393509, -0.00450280727819], [-0.000388113316149, 0.00130579806864, 0.00207925587893, 6.84415645082e-05, -0.00256135035306, -0.00339284143411, 0.00132340693381, -0.00386523129418, -0.00531444093212, 0.0235807262361, -0.00380140123889, -0.00486055016518, 0.00627921754494], [1.78734717338e-05, 0.00126307818573, -0.000549551274162, 0.00106486363802, -0.00106366653927, 0.00135636050254, -3.70498601114e-05, 0.00244876998477, -0.00539734074846, -0.00380140123889, 0.0317637138069, -0.00692095421255, -0.00298900762573], [0.000247476156801, -0.00166700594127, -0.000434143992607, -0.000457706715679, -0.000500083668157, 0.00222482066602, 0.000277527025901, -0.00430998858064, 0.00446279393509, -0.00486055016518, -0.00692095421255, 0.0252535492182, -0.00612815003842], [0.000617082114331, 0.000300989253446, 0.00063942943234, -0.00186722143553, 0.00505699636415, -0.00397916929796, -0.00117552850861, 0.00330056948587, -0.00450280727819, 0.00627921754494, -0.00298900762573, -0.00612815003842, 0.0236558876932]]
    },
    "spectral_contrast_coeffs": {
        "max": [-0.439378023148, -0.555712878704, -0.599793791771, -0.683501839638, -0.661244571209, -0.519084334373],
        "mean": [-0.716716825962, -0.770027756691, -0.781672000885, -0.809269845486, -0.787431776524, -0.668316185474],
        "min": [-0.959472537041, -0.975218653679, -0.953136146069, -0.971045732498, -0.960227847099, -0.959770023823],
        "stdev": [0.0836597457528, 0.0766505971551, 0.0712378919125, 0.0613202378154, 0.0456899926066, 0.0825872048736]
    },
    "spectral_contrast_valleys": {
        "max": [-5.64410972595, -4.93478631973, -6.34105539322, -6.51533126831, -5.90102815628, -7.9700088501],
        "mean": [-7.80906152725, -7.54088973999, -8.33978939056, -8.50455474854, -7.72405529022, -10.4574565887],
        "min": [-27.167760849, -27.00481987, -27.6679363251, -26.9312019348, -27.4162254333, -27.252243042],
        "stdev": [2.35411262512, 2.72978878021, 2.26914286613, 2.06215238571, 1.92535746098, 1.33733463287]
    }
},
"rhythm": {
    "beats_count": 25,
    "beats_loudness": {
        "max": 0.0619556382298,
        "mean": 0.0241366252303,
        "min": 1.96594874069e-06,
        "stdev": 0.0157448705286
    },
    "bpm": 122.218086243,
    "bpm_histogram_first_peak_bpm": 123,
    "bpm_histogram_first_peak_weight": 0.375,
    "bpm_histogram_second_peak_bpm": 0,
    "bpm_histogram_second_peak_spread": 0,
    "bpm_histogram_second_peak_weight": 0,
    "danceability": 0.816111445427,
    "onset_rate": 2.19446659088,
    "beats_loudness_band_ratio": {
        "max": [0.639626085758, 0.461048334837, 0.56487095356, 0.170248016715, 0.0941491499543, 0.96000534296],
        "mean": [0.233615249395, 0.17769703269, 0.133465543389, 0.0585227012634, 0.0419156551361, 0.419558435678],
        "min": [0.0168913602829, 0.00105740095023, 0.000719598378055, 0.00217432086356, 0.0109366271645, 0.0851221084595],
        "stdev": [0.155615732074, 0.125399366021, 0.115839242935, 0.050316542387, 0.0272271707654, 0.267681777477]
    },
    "beats_position": [0.476009070873, 0.96362811327, 1.45124709606, 1.93886613846, 2.41487526894, 2.90249419212, 3.39011335373, 3.87773227692, 4.3653512001, 4.85297060013, 5.34058952332, 5.8282084465, 6.31582736969, 6.80344676971, 7.2910656929, 7.79029464722, 8.28952407837, 8.77714252472, 9.26476192474, 9.76399040222, 10.2632198334, 10.7624483109, 11.261677742, 11.7609071732, 12.2601356506],
