{
"metadata": {
    "version": {
        "essentia": "2.1-beta5",
        "essentia_git_sha": "Undefined",
        "extractor": "music 2.0"
    },
    "audio_properties": {
        "analysis": {
            "equal_loudness": 0,
            "length": 35.9909286499,
            "sample_rate": 44100,
            "start_time": 142.744674683,
            "downmix": "mix"
        },
        "bit_rate": 192000,
        "length": 210.953292847,
        "lossless": 0,
        "number_channels": 2,
        "replay_gain": -1.33041000366,
        "sample_rate": 44100,
        "codec": "mp3",
        "md5_encoded": "88b817ba01372b1749a4f3832e68f504"
    },
    "tags": {
        "file_name": "France_White And Black Blues_Joelle Ursull.mp3",
        "encoding": ["Lavf58.29.100"]
    }
},
"lowlevel": {
    "average_loudness": 0.984203696251,
    "barkbands_crest": {
        "max": 23.9436073303,
        "mean": 9.71148109436,
        "min": 3.5052986145,
        "stdev": 3.26250624657
    },
    "barkbands_flatness_db": {
        "max": 0.275785475969,
        "mean": 0.162655770779,
        "min": 0.0844522789121,
        "stdev": 0.0340853333473
    },
    "barkbands_kurtosis": {
        "max": 58.680393219,
        "mean": 8.39807128906,
        "min": -1.88679051399,
        "stdev": 8.49076747894
    },
    "barkbands_skewness": {
        "max": 6.16625213623,
        "mean": 2.37395143509,
        "min": -0.526179909706,
        "stdev": 1.08749616146
    },
    "barkbands_spread": {
        "max": 71.3072662354,
        "mean": 16.6195850372,
        "min": 1.89972770214,
        "stdev": 10.3808765411
    },
    "dissonance": {
        "max": 0.499646157026,
        "mean": 0.463504999876,
        "min": 0.32896488905,
        "stdev": 0.0284232255071
    },
    "dynamic_complexity": 1.3125847578,
    "erbbands_crest": {
        "max": 23.4251403809,
        "mean": 7.64691734314,
        "min": 2.32777905464,
        "stdev": 3.6849489212
    },
    "erbbands_flatness_db": {
        "max": 0.25025844574,
        "mean": 0.162068650126,
        "min": 0.0905368104577,
        "stdev": 0.0229464620352
    },
    "erbbands_kurtosis": {
        "max": 24.451625824,
        "mean": 0.866375207901,
        "min": -1.81355702877,
        "stdev": 2.90182232857
    },
    "erbbands_skewness": {
        "max": 4.43653583527,
        "mean": 0.795951962471,
        "min": -2.5699660778,
        "stdev": 0.910984516144
    },
    "erbbands_spread": {
        "max": 146.240081787,
        "mean": 47.366859436,
        "min": 9.04775714874,
        "stdev": 18.5839633942
    },
    "hfc": {
        "max": 109.475608826,
        "mean": 20.3748264313,
        "min": 3.50479030609,
        "stdev": 13.5667333603
    },
    "loudness_ebu128": {
        "integrated": -21.8453922272,
        "loudness_range": 1.17070579529,
        "momentary": {
            "max": -19.5391349792,
            "mean": -21.9266605377,
            "min": -24.0457553864,
            "stdev": 0.840365111828
        },
        "short_term": {
            "max": -20.9185390472,
            "mean": -21.8319129944,
            "min": -22.5957126617,
            "stdev": 0.417371451855
        }
    },
    "melbands_crest": {
        "max": 28.525302887,
        "mean": 13.1564216614,
        "min": 4.91000747681,
        "stdev": 4.3644657135
    },
    "melbands_flatness_db": {
        "max": 0.348507076502,
        "mean": 0.204770877957,
        "min": 0.075813613832,
        "stdev": 0.0476874113083
    },
    "melbands_kurtosis": {
        "max": 107.292449951,
        "mean": 22.0531806946,
        "min": -1.33556711674,
        "stdev": 16.7972774506
    },
    "melbands_skewness": {
        "max": 9.68603038788,
        "mean": 3.48286890984,
        "min": 0.118416205049,
        "stdev": 1.41303050518
    },
    "melbands_spread": {
        "max": 84.4482574463,
        "mean": 15.2238769531,
        "min": 2.38782525063,
        "stdev": 11.3683891296
    },
    "pitch_salience": {
        "max": 0.858169317245,
        "mean": 0.63053894043,
        "min": 0.214978173375,
        "stdev": 0.103727266192
    },
    "silence_rate_20dB": {
        "max": 1,
        "mean": 1,
        "min": 1,
        "stdev": 0
    },
    "silence_rate_30dB": {
        "max": 1,
        "mean": 1,
        "min": 1,
        "stdev": 0
    },
    "silence_rate_60dB": {
        "max": 0,
        "mean": 0,
        "min": 0,
        "stdev": 0
    },
    "spectral_centroid": {
        "max": 3737.69970703,
        "mean": 1008.32073975,
        "min": 267.513793945,
        "stdev": 511.657318115
    },
    "spectral_complexity": {
        "max": 55,
        "mean": 21.2069625854,
        "min": 5,
        "stdev": 10.4679517746
    },
    "spectral_decrease": {
        "max": -1.22359622434e-09,
        "mean": -8.64409344103e-09,
        "min": -2.67096442741e-08,
        "stdev": 3.64102881178e-09
    },
    "spectral_energy": {
        "max": 0.104902245104,
        "mean": 0.0344729162753,
        "min": 0.00508346175775,
        "stdev": 0.0143371075392
    },
    "spectral_energyband_high": {
        "max": 0.0124849304557,
        "mean": 0.00093381293118,
        "min": 4.67130885227e-05,
        "stdev": 0.00122632773127
    },
    "spectral_energyband_low": {
        "max": 0.0668978095055,
        "mean": 0.00950905960053,
        "min": 0.000167592457728,
        "stdev": 0.00951639283448
    },
    "spectral_energyband_middle_high": {
        "max": 0.04179886356,
        "mean": 0.00394923985004,
        "min": 0.000140905292938,
        "stdev": 0.004556349013
    },
    "spectral_energyband_middle_low": {
        "max": 0.0943155959249,
        "mean": 0.0234458427876,
        "min": 0.0024026336614,
        "stdev": 0.0116255301982
    },
    "spectral_entropy": {
        "max": 8.43365192413,
        "mean": 7.53297472,
        "min": 6.27480697632,
        "stdev": 0.324053883553
    },
    "spectral_flux": {
        "max": 0.241460248828,
        "mean": 0.11273381114,
        "min": 0.0394603125751,
        "stdev": 0.0352299697697
    },
    "spectral_kurtosis": {
        "max": 11.9972896576,
        "mean": 2.40119242668,
        "min": -0.804126739502,
        "stdev": 1.57818675041
    },
    "spectral_rms": {
        "max": 0.0101165045053,
        "mean": 0.00567120173946,
        "min": 0.00222698785365,
        "stdev": 0.00121228839271
    },
    "spectral_rolloff": {
        "max": 7601.22070312,
        "mean": 916.33581543,
        "min": 129.19921875,
        "stdev": 915.492858887
    },
    "spectral_skewness": {
        "max": 2.850014925,
        "mean": 1.22719681263,
        "min": -0.335803121328,
        "stdev": 0.4012786448
    },
    "spectral_spread": {
        "max": 16753783,
        "mean": 4565170,
        "min": 2670556.5,
        "stdev": 1065128.625
    },
    "spectral_strongpeak": {
        "max": 12.2929410934,
        "mean": 0.842910706997,
        "min": 0.0460736565292,
        "stdev": 0.877895593643
    },
    "zerocrossingrate": {
        "max": 0.20458984375,
        "mean": 0.0478849336505,
        "min": 0.0126953125,
        "stdev": 0.0207715928555
    },
    "barkbands": {
        "max": [0.000256047293078, 0.0291404593736, 0.0421425178647, 0.0519565269351, 0.0402383059263, 0.0607299171388, 0.0372303761542, 0.0100454250351, 0.0206494145095, 0.0237133912742, 0.0137907695025, 0.0130127687007, 0.00723621388897, 0.0135856233537, 0.00715833064169, 0.0205882899463, 0.00700353365391, 0.00666179601103, 0.00952249485999, 0.00564597686753, 0.00586932757869, 0.00409765308723, 0.00194591016043, 0.00271428539418, 0.000814158294816, 5.8303348851e-06, 6.19708907834e-06],
        "mean": [2.26462343562e-05, 0.00170693558175, 0.00452154595405, 0.00583945354447, 0.00725606968626, 0.00537256756797, 0.00210523488931, 0.000811292673461, 0.00179768190719, 0.000634620839264, 0.000583941931836, 0.000471969717182, 0.000412395340391, 0.000358324788976, 0.000247114337981, 0.000382191501558, 0.000243048329139, 0.000302562839352, 0.000335103046382, 0.000293710851111, 0.000287177274004, 0.000211371690966, 0.000159534392878, 8.91286399565e-05, 2.69275442406e-05, 3.55475151537e-07, 5.87328496948e-09],
        "min": [1.62158553252e-08, 2.20110268856e-05, 2.25037620112e-05, 8.13206861494e-06, 0.000245910574449, 0.000128149491502, 4.03162121074e-05, 1.8851729692e-05, 4.01795696234e-05, 8.03517195891e-06, 1.4441598978e-05, 2.04357888833e-06, 4.6272457439e-06, 6.17722253082e-06, 2.72219449471e-06, 3.60164040103e-06, 2.80390486296e-06, 4.0190634536e-06, 3.39892130796e-06, 3.71493501916e-06, 6.24822450845e-06, 4.53592201666e-06, 5.62789227843e-06, 3.23650851897e-06, 8.32019736663e-07, 2.29693791765e-10, 1.39063330296e-10],
        "stdev": [2.84707111859e-05, 0.00259765749797, 0.00536919990554, 0.00684787239879, 0.00582577846944, 0.00638998299837, 0.00257486104965, 0.000851646065712, 0.00261978292838, 0.0013365392806, 0.00112666620407, 0.00110805255827, 0.000795469561126, 0.000850985117722, 0.000417972361902, 0.00123845471535, 0.000452087668236, 0.000526377290953, 0.000526980962604, 0.000428523781011, 0.000461371237179, 0.000339501537383, 0.000219438108616, 0.00016736141697, 5.65760383324e-05, 2.28789488688e-07, 1.59133790589e-07]
    },
    "erbbands": {
        "max": [0.295175433159, 8.49091720581, 42.9103050232, 141.175598145, 131.627548218, 174.986068726, 393.775299072, 552.374938965, 616.11114502, 254.263916016, 232.720672607, 582.711425781, 959.571289062, 311.466400146, 636.666015625, 315.194122314, 370.670440674, 743.886535645, 515.686767578, 274.356842041, 1302.36865234, 318.650665283, 250.752426147, 577.817565918, 285.399353027, 266.455688477, 264.352630615, 267.733642578, 134.278564453, 118.714065552, 50.2017021179, 49.1511116028, 55.4368743896, 13.5507011414, 3.43158888817, 0.118857748806, 0.0104380538687, 0.0038375982549, 0.000887108384632, 0.000120634082123],
        "mean": [0.0204245150089, 0.535123884678, 4.10489368439, 14.5405807495, 21.0518665314, 24.6186199188, 30.5577850342, 46.2263679504, 33.8067245483, 29.8687210083, 21.1914043427, 37.9847450256, 30.6877593994, 18.9246444702, 23.6669807434, 17.8754577637, 19.4521160126, 19.798740387, 13.237487793, 15.3534097672, 20.962518692, 14.4243860245, 15.7793903351, 16.866476059, 16.2306289673, 13.8237953186, 13.1024580002, 10.1757984161, 7.64526987076, 6.33853054047, 4.11986064911, 2.24435949326, 1.27868294716, 0.42863330245, 0.129095554352, 0.00697594881058, 0.000745371275116, 7.95346495579e-05, 2.34799481404e-05, 4.1199818952e-05],
        "min": [0.00039604952326, 0.00552634801716, 0.0548558905721, 0.238310456276, 0.435922056437, 0.754030585289, 0.964341819286, 1.51393079758, 1.00010168552, 0.874894678593, 1.32902669907, 0.94429910183, 0.482465922832, 0.607443511486, 0.403162121773, 0.197523534298, 0.341184973717, 0.349644809961, 0.329666107893, 0.165783777833, 0.236860066652, 0.192293539643, 0.271926671267, 0.290951967239, 0.217920050025, 0.216050043702, 0.206754341722, 0.283933967352, 0.180636942387, 0.177111759782, 0.116889327765, 0.0711293891072, 0.0369858145714, 0.013310666196, 0.00466653658077, 0.00104808865581, 0.00021826120792, 1.88222620636e-05, 5.52332949155e-06, 6.73112162985e-06],
        "stdev": [0.0248181819916, 0.770709037781, 4.79818058014, 17.0446605682, 19.6657772064, 21.618062973, 35.5016098022, 57.6251983643, 41.6906356812, 35.0668830872, 23.0065155029, 57.2459564209, 61.1062774658, 27.3565292358, 50.6674041748, 33.5522537231, 35.4792900085, 47.602394104, 23.8984661102, 25.2893772125, 73.1171875, 24.5859050751, 25.806306839, 28.1716423035, 24.1633319855, 19.6924991608, 19.7674407959, 18.0599975586, 12.1446075439, 9.62856674194, 5.67996835709, 3.90655827522, 2.68233799934, 0.889553546906, 0.264700263739, 0.0093205049634, 0.00041356505244, 0.000103364291135, 2.45017836278e-05, 1.6925172531e-05]
    },
    "gfcc": {
        "mean": [12.9671897888, 118.824394226, -124.210632324, 53.6245422363, -85.1441192627, 8.32127475739, -41.3332939148, -5.23655653, -23.431268692, -11.4717569351, -9.7414188385, -14.2891378403, -5.15535497665],
        "cov": [[849.460266113, -179.504150391, -448.474304199, 79.018951416, -12.3120660782, 63.4563446045, -27.6337509155, -20.1149024963, -5.20588207245, -62.1007156372, -4.98045110703, -70.8207321167, 18.0767536163], [-179.504150391, 229.556518555, 76.0261001587, -63.6607818604, 116.698348999, -58.3119850159, 49.6510276794, -12.7535495758, -5.66406106949, 0.761904597282, -14.5958824158, 3.26282095909, -18.6617221832], [-448.474304199, 76.0261001587, 574.114257812, -27.8682003021, -147.790313721, 36.038433075, -46.5576629639, 49.0176925659, 27.8221664429, 39.6587715149, 50.6819725037, 28.7423229218, 27.7760105133], [79.018951416, -63.6607818604, -27.8682003021, 209.699691772, 99.6747512817, -20.847694397, 14.3363389969, -27.3749370575, 2.49960803986, -7.46676301956, -47.0268440247, -4.06280946732, -20.9143409729], [-12.3120660782, 116.698348999, -147.790313721, 99.6747512817, 341.718841553, -38.5608024597, 57.3396835327, -37.410697937, -41.7005767822, -20.4976234436, -92.9057159424, -12.6070289612, -62.0255889893], [63.4563446045, -58.3119850159, 36.038433075, -20.847694397, -38.5608024597, 141.686767578, 13.9641523361, 30.1897735596, -0.246064022183, 1.47287297249, 26.3840808868, -14.8331050873, 12.8875293732], [-27.6337509155, 49.6510276794, -46.5576629639, 14.3363389969, 57.3396835327, 13.9641523361, 121.702964783, 2.77903699875, -10.0412731171, 8.43836593628, -15.631896019, -0.649192035198, -18.0684299469], [-20.1149024963, -12.7535495758, 49.0176925659, -27.3749370575, -37.410697937, 30.1897735596, 2.77903699875, 85.0623016357, 27.6196117401, 8.3659954071, 25.9037322998, 5.00833415985, 20.195892334], [-5.20588207245, -5.66406106949, 27.8221664429, 2.49960803986, -41.7005767822, -0.246064022183, -10.0412731171, 27.6196117401, 69.2273864746, 19.153635025, 17.3667850494, 10.929807663, 11.1655635834], [-62.1007156372, 0.761904597282, 39.6587715149, -7.46676301956, -20.4976234436, 1.47287297249, 8.43836593628, 8.3659954071, 19.153635025, 57.8776702881, 26.9019908905, 14.8681278229, 2.25946545601], [-4.98045110703, -14.5958824158, 50.6819725037, -47.0268440247, -92.9057159424, 26.3840808868, -15.631896019, 25.9037322998, 17.3667850494, 26.9019908905, 83.3932342529, 20.1484088898, 23.0899448395], [-70.8207321167, 3.26282095909, 28.7423229218, -4.06280946732, -12.6070289612, -14.8331050873, -0.649192035198, 5.00833415985, 10.929807663, 14.8681278229, 20.1484088898, 50.6773147583, 16.3994960785], [18.0767536163, -18.6617221832, 27.7760105133, -20.9143409729, -62.0255889893, 12.8875293732, -18.0684299469, 20.195892334, 11.1655635834, 2.25946545601, 23.0899448395, 16.3994960785, 55.525554657]],
        "icov": [[0.00421726191416, -0.00277426582761, 0.00466511258855, -0.00420902017504, 0.00310403062031, -0.00345011660829, 0.00297246989794, -0.000839922518935, 0.000623904867098, 0.00114220858086, -0.000986953265965, 0.00336017878726, -0.00143742794171], [-0.00277426582761, 0.0267540439963, -0.0118387490511, 0.0180162973702, -0.018782813102, 0.0153101682663, -0.0149197252467, 0.00967741943896, -0.0108914077282, 0.00734293973073, -0.00978335738182, 0.00742079829797, -0.00653878226876], [0.00466511258855, -0.0118387490511, 0.010455109179, -0.0103002563119, 0.0102957291529, -0.00888971984386, 0.00867710914463, -0.00528194988146, 0.00495170569047, -0.00293644843623, 0.00325393280946, -0.000948689470533, 0.00175245269202], [-0.00420902017504, 0.0180162973702, -0.0103002563119, 0.0196209605783, -0.0147970467806, 0.0112519776449, -0.0109951719642, 0.0080789225176, -0.00916335266083, 0.00388921028934, -0.00338093098253, 0.00228471006267, -0.00327323842794], [0.00310403062031, -0.018782813102, 0.0102957291529, -0.0147970467806, 0.0194792393595, -0.0112901832908, 0.0101616410539, -0.00815038383007, 0.0100044040009, -0.00558430049568, 0.0110480394214, -0.00655439868569, 0.00816112197936], [-0.00345011660829, 0.0153101682663, -0.00888971984386, 0.0112519776449, -0.0112901832908, 0.0187236499041, -0.0110435886309, 0.00333512597717, -0.00495487218723, 0.00407691346481, -0.00804711040109, 0.00692324340343, -0.00467832246795], [0.00297246989794, -0.0149197252467, 0.00867710914463, -0.0109951719642, 0.0101616410539, -0.0110435886309, 0.0189910754561, -0.00724486028776, 0.00757122877985, -0.00652161194012, 0.00683683203533, -0.00466493424028, 0.00554281519726], [-0.000839922518935, 0.00967741943896, -0.00528194988146, 0.0080789225176, -0.00815038383007, 0.00333512597717, -0.00724486028776, 0.0206754561514, -0.0107684740797, 0.00458123069257, -0.00691252015531, 0.00467432243749, -0.00707207852975], [0.000623904867098, -0.0108914077282, 0.00495170569047, -0.00916335266083, 0.0100044040009, -0.00495487218723, 0.00757122877985, -0.0107684740797, 0.0247828457505, -0.00907593406737, 0.00559069635347, -0.00587586406618, 0.00371025991626], [0.00114220858086, 0.00734293973073, -0.00293644843623, 0.00388921028934, -0.00558430049568, 0.00407691346481, -0.00652161194012, 0.00458123069257, -0.00907593406737, 0.0273611024022, -0.011878170073, 0.00123334268574, -0.000655987707432], [-0.000986953265965, -0.00978335738182, 0.00325393280946, -0.00338093098253, 0.0110480394214, -0.00804711040109, 0.00683683203533, -0.00691252015531, 0.00559069635347, -0.011878170073, 0.0291653554887, -0.0122943064198, 0.00394211756065], [0.00336017878726, 0.00742079829797, -0.000948689470533, 0.00228471006267, -0.00655439868569, 0.00692324340343, -0.00466493424028, 0.00467432243749, -0.00587586406618, 0.00123334268574, -0.0122943064198, 0.0346790961921, -0.0134100513533], [-0.00143742794171, -0.00653878226876, 0.00175245269202, -0.00327323842794, 0.00816112197936, -0.00467832246795, 0.00554281519726, -0.00707207852975, 0.00371025991626, -0.000655987707432, 0.00394211756065, -0.0134100513533, 0.0303507540375]]
    },
    "melbands": {
        "max": [0.00537627469748, 0.0165996663272, 0.0195459127426, 0.00863373838365, 0.0115294791758, 0.0119209596887, 0.00831875391304, 0.00247281906195, 0.00235185911879, 0.00378520763479, 0.00474551739171, 0.00134022976272, 0.00207126722671, 0.00181782850996, 0.000999097712338, 0.000983653357252, 0.00127989810426, 0.000904640706722, 0.000416566675995, 0.000839471525978, 0.00197835243307, 0.000342998508131, 0.000280024774838, 0.00042400957318, 0.000518969958648, 0.000360084755812, 0.000142576827784, 0.000208002646104, 0.000178146889084, 0.000154595865752, 0.000152517823153, 8.33731464809e-05, 6.46366897854e-05, 6.51868904242e-05, 3.42418461514e-05, 4.57154965261e-05, 2.71316494036e-05, 5.56707855139e-05, 1.23069803522e-05, 1.39735311677e-05],
        "mean": [0.000325619330397, 0.00177688221447, 0.00265769846737, 0.00162879563868, 0.00108036305755, 0.0010310835205, 0.000512695580255, 0.000290959171252, 0.000192636056454, 0.000240805762587, 0.000147706654388, 7.28769009584e-05, 8.27154217404e-05, 5.82069151278e-05, 4.15933936893e-05, 4.31761945947e-05, 3.4672950278e-05, 2.08497167478e-05, 1.98454818019e-05, 2.16296630242e-05, 2.52298323176e-05, 1.43311717693e-05, 1.4000783267e-05, 1.46842221511e-05, 1.34258325488e-05, 1.31018532556e-05, 1.00267861853e-05, 8.94355707715e-06, 8.73190492712e-06, 6.54107043374e-06, 5.7226870922e-06, 4.51939058621e-06, 3.66104791283e-06, 3.46675733454e-06, 2.5694141641e-06, 1.65894232396e-06, 1.24467942442e-06, 1.00261956959e-06, 5.54812345399e-07, 3.04678366092e-07],
        "min": [6.71080397296e-06, 2.58455438598e-05, 6.31364309811e-05, 4.85337659484e-05, 2.65783073701e-05, 3.30396906065e-05, 1.59459050337e-05, 6.4214905251e-06, 5.4118368098e-06, 5.09954088557e-06, 1.68606959505e-06, 1.61918489994e-06, 1.56687553954e-06, 3.99262518158e-07, 4.50028437626e-07, 3.88659373129e-07, 5.59803083888e-07, 4.22239821773e-07, 2.02572948638e-07, 1.92371956587e-07, 1.7112493822e-07, 1.4946436977e-07, 1.51094724288e-07, 2.1755090529e-07, 1.02523323164e-07, 1.22130401792e-07, 1.44852265294e-07, 1.30833157641e-07, 1.27039555764e-07, 1.05522708793e-07, 1.04714644067e-07, 6.96288466884e-08, 8.59993960489e-08, 1.00293910066e-07, 6.62726833411e-08, 4.91536731317e-08, 3.38171872727e-08, 2.17286260096e-08, 1.51456767128e-08, 8.91423823646e-09],
        "stdev": [0.000459546892671, 0.00193142797798, 0.00266047986224, 0.00135174277239, 0.00108899420593, 0.00125170277897, 0.000614741176832, 0.000329857255565, 0.000245977775194, 0.000360799807822, 0.000304346962366, 0.000113763395348, 0.000159774834174, 0.000151789980009, 8.60172658577e-05, 8.57852573972e-05, 8.64889079821e-05, 4.26013029937e-05, 3.2149720937e-05, 5.35691542609e-05, 0.000104077080323, 2.62229332293e-05, 2.40692388616e-05, 2.85295245703e-05, 2.39565270022e-05, 2.15660566028e-05, 1.45794156197e-05, 1.41297350638e-05, 1.36801827466e-05, 1.08710964923e-05, 1.07844070953e-05, 7.39960296414e-06, 6.13139764027e-06, 5.22380969414e-06, 3.5795317217e-06, 2.85733176497e-06, 2.28139901992e-06, 2.38364737015e-06, 1.02257740764e-06, 7.56920087497e-07]
    },
    "melbands128": {
        "max": [0.000118374256999, 0.000955404655542, 0.00602338043973, 0.0180045198649, 0.0241891462356, 0.024123409763, 0.0355481170118, 0.0196565277874, 0.0153717696667, 0.0134038366377, 0.0113271782175, 0.0108910016716, 0.0192155092955, 0.0191796142608, 0.0146595751867, 0.0181501116604, 0.0151476627216, 0.00805496703833, 0.00565212126821, 0.004468543455, 0.00256423279643, 0.00349192460999, 0.00341868866235, 0.00595762487501, 0.00665946491063, 0.00649109482765, 0.00722283357754, 0.00891912076622, 0.00580650800839, 0.00251747085713, 0.0018264290411, 0.00290624960326, 0.0030607234221, 0.00384411239065, 0.00415526004508, 0.00190708227456, 0.00172450649552, 0.00182577688247, 0.00151174457278, 0.00150697492063, 0.0017896539066, 0.00349497096613, 0.00212603178807, 0.00227502943017, 0.00072230322985, 0.00190203974489, 0.000656874501146, 0.000734966539312, 0.000615410623141, 0.000770167040173, 0.00122915615793, 0.00261496030726, 0.00279849371873, 0.00325152766891, 0.00106481218245, 0.000578012899496, 0.000839577638544, 0.000474894535728, 0.000432310160249, 0.000526872288901, 0.000600808416493, 0.000939566583838, 0.00045457368833, 0.000773264560848, 0.000394767208491, 0.000710124324542, 0.000377632357413, 0.000262679037405, 0.000208429977647, 0.000225483832764, 0.000210732076084, 0.000296504760627, 0.000437997718109, 0.000275066617178, 0.000201852672035, 0.000182906776899, 0.000233827347984, 0.000193579442566, 0.000193485451746, 0.000176758054295, 0.0001288515341, 8.32907171571e-05, 8.39582426124e-05, 9.94734655251e-05, 7.60887342039e-05, 0.000114328933705, 4.72462998005e-05, 6.164763181e-05, 5.62083951081e-05, 2.81191933027e-05, 7.26163125364e-05, 4.79221307614e-05, 3.89399028791e-05, 4.36973750766e-05, 3.54951043846e-05, 6.83888065396e-05, 7.92374121374e-05, 2.27512682613e-05, 1.89533184312e-05, 1.90315786313e-05, 6.5519002419e-06, 2.35779698414e-05, 1.83327174454e-05, 8.76449121279e-06, 4.72371220894e-06, 2.42424880526e-06, 2.66886587497e-07, 1.0959122676e-07, 4.17681391696e-08, 3.91169159286e-08, 4.0487812214e-08, 3.31406972975e-08, 3.16913144616e-08, 3.0874133472e-08, 3.05528082833e-08, 3.26242926008e-08, 2.95100335279e-08, 2.87129697796e-08, 2.80774159478e-08, 2.73595262001e-08, 2.68259796599e-08, 2.63381227938e-08, 2.57904133605e-08, 2.53977159304e-08, 2.50129268409e-08, 2.47304239309e-08, 2.45805598098e-08, 2.44319231513e-08],
        "mean": [1.41612626976e-05, 6.97168870829e-05, 0.000363204075256, 0.000976882409304, 0.00165790191386, 0.00242484547198, 0.00310653494671, 0.00271931756288, 0.00207475572824, 0.00161724176724, 0.0013427027734, 0.00109708926175, 0.000995997455902, 0.00108588393778, 0.00102243153378, 0.00115562288556, 0.000636695418507, 0.000350378890289, 0.000385934341466, 0.000397002091631, 0.000189955040696, 0.000141941491165, 0.000147603495861, 0.000305564579321, 0.00028825600748, 0.000167640799191, 0.000253397680353, 0.000130039683427, 9.48769229581e-05, 6.0629001382e-05, 6.76060808473e-05, 8.80306979525e-05, 9.67683517956e-05, 6.18693302386e-05, 7.70085171098e-05, 5.21632828168e-05, 3.53489922418e-05, 4.31295047747e-05, 4.2563322495e-05, 4.51929990959e-05, 3.61090060323e-05, 5.32292833668e-05, 3.91045541619e-05, 2.33589817071e-05, 2.30794939853e-05, 2.12734830711e-05, 1.61565549206e-05, 2.14138253796e-05, 1.93196119653e-05, 2.10791258723e-05, 2.09249919862e-05, 2.31065278058e-05, 2.94826131721e-05, 2.6348807296e-05, 1.47598175317e-05, 1.30937742142e-05, 1.32514605866e-05, 1.48299459397e-05, 1.41730479299e-05, 1.27688481371e-05, 1.58607435878e-05, 1.53769287863e-05, 1.22640403788e-05, 1.29587779156e-05, 1.48013641592e-05, 1.39248795676e-05, 1.14706735985e-05, 1.08688800537e-05, 9.66524385149e-06, 9.12095038075e-06, 8.67366543389e-06, 8.97433619684e-06, 9.23199513636e-06, 8.98302187125e-06, 7.83356335887e-06, 6.52827702652e-06, 6.03089620199e-06, 5.94323000769e-06, 5.74352679905e-06, 5.54557027499e-06, 4.89613194077e-06, 4.03873855248e-06, 3.51250992026e-06, 3.82308417102e-06, 3.49721062776e-06, 3.65223877452e-06, 3.5522541566e-06, 2.97896849588e-06, 2.70818895842e-06, 2.05491937777e-06, 1.81920734121e-06, 1.52928657826e-06, 1.43040983858e-06, 1.22055428164e-06, 1.15598618322e-06, 1.12344594072e-06, 1.0334089211e-06, 7.3679933621e-07, 6.00714031407e-07, 4.86391229515e-07, 2.06221997701e-07, 3.16823332014e-07, 3.39345945122e-07, 2.42851797339e-07, 1.34069239266e-07, 6.31455563394e-08, 1.57764841191e-08, 5.03833019749e-09, 2.38621189474e-09, 2.48523157609e-09, 2.24269713911e-09, 2.17430584648e-09, 1.63207580783e-09, 1.32404409658e-09, 1.33306610195e-09, 5.50992196313e-10, 3.23231372223e-11, 2.72763270304e-11, 2.66036619817e-11, 2.58961827676e-11, 2.53295179969e-11, 2.48423417254e-11, 2.42741972356e-11, 2.3859095255e-11, 2.35010448602e-11, 2.32321540478e-11, 2.30803223755e-11, 2.29339412045e-11],
        "min": [9.14593845103e-10, 2.29268550811e-07, 6.67917504416e-07, 5.77464288654e-06, 7.05502679921e-06, 1.08190361061e-05, 9.71967983787e-06, 2.99573230222e-06, 1.41397695188e-05, 1.41946620715e-05, 7.34838704375e-06, 3.2952921174e-06, 6.20139508101e-06, 5.82805068916e-06, 7.98478686193e-06, 3.50552932105e-06, 5.89099863646e-06, 2.84973134512e-06, 3.03741444441e-06, 2.59607577391e-06, 2.25571193369e-06, 6.93181959832e-07, 1.39779172059e-06, 1.94528911379e-06, 2.02372302738e-06, 1.22747758269e-06, 5.02494344801e-07, 7.14371537924e-07, 5.02929196955e-07, 3.75396496111e-07, 3.45053337014e-07, 4.98009569583e-07, 5.84260988035e-07, 3.09717364644e-07, 3.87082330633e-08, 1.33795566626e-07, 2.04025567996e-07, 2.0720494831e-07, 1.88052041494e-07, 1.07809938754e-07, 9.2293362286e-08, 2.29472135516e-07, 2.35706664853e-07, 7.77457032086e-08, 6.66321184895e-08, 7.77267956664e-08, 1.14075575652e-07, 6.4664391175e-08, 5.55440244909e-08, 5.0805304852e-08, 7.24097048987e-08, 4.19426697817e-08, 9.34152808441e-08, 8.10251137295e-08, 4.60459474994e-08, 1.04441234328e-07, 5.07544868356e-08, 1.01756128856e-07, 6.53929390637e-08, 6.39077200049e-08, 8.20118728484e-08, 6.01105583087e-08, 6.3024891972e-08, 6.7075603738e-08, 8.09019553571e-08, 6.91401282893e-08, 4.57587390201e-08, 2.15289688299e-08, 7.19277579719e-08, 1.06428998947e-07, 3.35440404342e-08, 4.86132130106e-08, 6.66571082775e-08, 7.34957765758e-08, 5.29000416805e-08, 5.9371103589e-08, 7.64426388855e-08, 4.50636328253e-08, 8.09472524566e-08, 6.17942674808e-08, 6.49717222245e-08, 2.54819294554e-08, 5.66351978648e-08, 7.58969420644e-08, 3.96171273565e-08, 9.50325400595e-08, 8.24529067245e-08, 4.84360924702e-08, 4.91271556768e-08, 3.98599837581e-08, 1.90779356757e-08, 1.05772155479e-08, 6.04455641096e-09, 7.06391434235e-09, 1.63611648674e-08, 1.77947221403e-08, 7.1876300467e-09, 8.46661940557e-09, 4.65250549198e-09, 5.50918066722e-09, 3.74647424195e-09, 3.16005843715e-09, 3.89535070866e-09, 3.1485773988e-09, 4.88846685354e-10, 1.67933911221e-09, 4.06983604803e-12, 5.95621588075e-13, 6.53127291833e-13, 7.98154023342e-13, 6.31605661869e-13, 5.57164069655e-13, 6.9858035372e-13, 5.27798020133e-13, 5.69740110125e-13, 4.74953518355e-13, 3.83042610217e-13, 3.89799222631e-13, 3.59404319457e-13, 3.49477770941e-13, 3.03964047942e-13, 4.08913219041e-13, 4.14261317307e-13, 3.51146900186e-13, 4.0025434681e-13, 4.26216570718e-13, 4.19059372706e-13, 4.90069139783e-13],
        "stdev": [1.70760558831e-05, 0.000101882535091, 0.00051684275968, 0.0016042070929, 0.00238638184965, 0.00293934857473, 0.00412712106481, 0.00305804074742, 0.00227034697309, 0.00178403814789, 0.00142562447581, 0.00126535072923, 0.00149354792666, 0.00170811661519, 0.00148602086119, 0.00180047634058, 0.00103451509494, 0.000513914099429, 0.000600692059379, 0.000559774751309, 0.000225673662499, 0.000199285670533, 0.000254395621596, 0.000583320565056, 0.000585105037317, 0.000377679476514, 0.000688161468133, 0.000393922498915, 0.000277503102552, 0.000128401748952, 0.000146833801409, 0.000176679051947, 0.000223614755669, 0.000252992176684, 0.000294831697829, 0.000149081664858, 0.000103020225652, 0.000118683572509, 0.000117082476208, 0.000118533942441, 9.95003574644e-05, 0.000194396154257, 0.000126969927805, 9.1629808594e-05, 4.48179307568e-05, 7.30696337996e-05, 3.55160409526e-05, 4.65047087346e-05, 3.87113432225e-05, 5.18693814229e-05, 6.80060184095e-05, 0.000109771477582, 0.00014697718143, 0.000155546382302, 4.20813594246e-05, 2.67708110187e-05, 3.34108990501e-05, 3.01876771118e-05, 2.93011544272e-05, 2.87881339318e-05, 3.88542175642e-05, 4.43736244051e-05, 2.73792247754e-05, 3.08574526571e-05, 2.79910527752e-05, 2.96249345411e-05, 2.34135040955e-05, 2.10437792703e-05, 1.62710057339e-05, 1.47709088196e-05, 1.49264133142e-05, 1.82776293514e-05, 2.01322764042e-05, 1.54517292685e-05, 1.3009860595e-05, 1.19244386951e-05, 1.18799289339e-05, 1.31093675009e-05, 1.22207666209e-05, 1.10830296762e-05, 8.56647693581e-06, 7.10965832695e-06, 6.25439133728e-06, 7.33210754333e-06, 6.32819092061e-06, 6.61046351524e-06, 5.52422670808e-06, 4.8504048209e-06, 4.23582605436e-06, 3.03996830553e-06, 3.56527039003e-06, 2.97419319395e-06, 2.96347911899e-06, 2.45719752456e-06, 2.20775041271e-06, 2.78611719295e-06, 3.15958413921e-06, 1.37296467528e-06, 1.18366131119e-06, 1.05447918486e-06, 4.48856468438e-07, 9.91395836536e-07, 9.32966429446e-07, 5.62071932109e-07, 2.79793425761e-07, 1.11720765972e-07, 2.50706193583e-08, 6.13497874724e-09, 2.81654011225e-09, 2.65438648839e-09, 2.07431205546e-09, 1.92233584606e-09, 1.62424340644e-09, 1.39372835495e-09, 1.34482713854e-09, 1.00365293854e-09, 7.5977185654e-10, 7.38425598446e-10, 7.21654513924e-10, 7.02850333489e-10, 6.88834156382e-10, 6.75987543719e-10, 6.61719568029e-10, 6.51525000617e-10, 6.41512232225e-10, 6.34061747551e-10, 6.30106744559e-10, 6.26313501062e-10]
    },
    "mfcc": {
        "mean": [-614.503540039, 123.348266602, 16.8214149475, 32.2182655334, -10.3412065506, 3.99248337746, -7.17549562454, -1.41941475868, -9.438621521, -1.37133526802, -6.66093111038, -4.45750331879, -6.07861948013],
        "cov": [[1290.38195801, -380.670196533, -489.184234619, -33.5282974243, -25.1882133484, 43.8782043457, -10.2416601181, 20.4101829529, 5.21709060669, -19.129234314, -10.9577598572, -40.7433509827, -17.7845630646], [-380.670196533, 380.113372803, -13.3469762802, 16.9881420135, 30.6121845245, -12.8444099426, 36.5102806091, -4.49864196777, 7.78882169724, 3.57704973221, 2.51906228065, -1.11465287209, 1.00483560562], [-489.184234619, -13.3469762802, 708.336914062, -156.201980591, -53.0945854187, -97.2520294189, -50.2921981812, -23.3720664978, -39.9177055359, 51.9912109375, -8.71496009827, 38.1030807495, 25.2766056061], [-33.5282974243, 16.9881420135, -156.201980591, 282.137145996, 62.0200767517, 70.8647766113, 0.587582051754, 2.83741593361, 41.7805328369, -48.6273040771, 18.1164569855, 1.75966966152, -19.7910747528], [-25.1882133484, 30.6121845245, -53.0945854187, 62.0200767517, 154.551269531, 27.966255188, 5.57148647308, 11.1544075012, 18.9974479675, -20.8409900665, 8.31105136871, -5.4529466629, -10.5694723129], [43.8782043457, -12.8444099426, -97.2520294189, 70.8647766113, 27.966255188, 124.583625793, 41.8857002258, 7.78845691681, 21.7440414429, -16.8156318665, 13.7450218201, -6.99432134628, -2.33468031883], [-10.2416601181, 36.5102806091, -50.2921981812, 0.587582051754, 5.57148647308, 41.8857002258, 104.614151001, 21.7907104492, 11.8539304733, 10.5287466049, 3.48607587814, -13.1175489426, 8.49861049652], [20.4101829529, -4.49864196777, -23.3720664978, 2.83741593361, 11.1544075012, 7.78845691681, 21.7907104492, 61.9485855103, 21.2624778748, 11.8696432114, -0.486219316721, -7.01196575165, 1.10667014122], [5.21709060669, 7.78882169724, -39.9177055359, 41.7805328369, 18.9974479675, 21.7440414429, 11.8539304733, 21.2624778748, 64.0337219238, 5.80611515045, 1.46804022789, -5.81585788727, -4.68826627731], [-19.129234314, 3.57704973221, 51.9912109375, -48.6273040771, -20.8409900665, -16.8156318665, 10.5287466049, 11.8696432114, 5.80611515045, 73.452911377, 4.7751493454, -1.59800672531, 9.43469238281], [-10.9577598572, 2.51906228065, -8.71496009827, 18.1164569855, 8.31105136871, 13.7450218201, 3.48607587814, -0.486219316721, 1.46804022789, 4.7751493454, 54.7440185547, 14.8084774017, 0.568993330002], [-40.7433509827, -1.11465287209, 38.1030807495, 1.75966966152, -5.4529466629, -6.99432134628, -13.1175489426, -7.01196575165, -5.81585788727, -1.59800672531, 14.8084774017, 50.4347114563, 11.6418828964], [-17.7845630646, 1.00483560562, 25.2766056061, -19.7910747528, -10.5694723129, -2.33468031883, 8.49861049652, 1.10667014122, -4.68826627731, 9.43469238281, 0.568993330002, 11.6418828964, 45.4799156189]],
        "icov": [[0.00207873154432, 0.00206966442056, 0.00172284978908, 0.00101639563218, 9.13979456527e-05, 0.000147343060235, 0.000296084734146, 2.89892996079e-05, -9.6595773357e-05, -9.75999355433e-05, 8.21159919724e-05, 0.000432533357525, 0.000123236721265], [0.00206966442056, 0.00496483780444, 0.00173161725979, 0.000730328203645, -0.000557338818908, 0.00127280212473, -0.00127769866958, 0.000917863391805, -0.000448245089501, -0.000257579173194, 3.85892999475e-05, 0.000253954116488, 0.000149026920553], [0.00172284978908, 0.00173161725979, 0.0032687773928, 0.00147490773816, 6.20303908363e-05, 0.000751209619921, 0.000721658812836, 0.000407993094996, 0.000174264248926, -0.000980401644483, 0.000357417564373, -0.000803364499006, -0.000208718542126], [0.00101639563218, 0.000730328203645, 0.00147490773816, 0.00608643097803, -0.000855587888509, -0.00189925334416, 0.00118681369349, 0.0003770646872, -0.00285091507249, 0.00244703493081, -0.00104013248347, -0.000676443160046, 0.00106754514854], [9.13979456527e-05, -0.000557338818908, 6.20303908363e-05, -0.000855587888509, 0.00765689648688, -0.000772279512603, 0.000438853952801, -0.00135696062353, -0.000989897293039, 0.00166249112226, -0.00100339052733, 0.000761666626204, 0.000702742428984], [0.000147343060235, 0.00127280212473, 0.000751209619921, -0.00189925334416, -0.000772279512603, 0.0123991752043, -0.0049517438747, 0.0011701224139, -0.00198985170573, 0.00172467238735, -0.00225328980014, 0.000780892500188, -0.000595228746533], [0.000296084734146, -0.00127769866958, 0.000721658812836, 0.00118681369349, 0.000438853952801, -0.0049517438747, 0.013831528835, -0.00371360522695, 0.000237531799939, -0.00154727615882, -0.000505155883729, 0.00282991817221, -0.00275970040821], [2.89892996079e-05, 0.000917863391805, 0.000407993094996, 0.0003770646872, -0.00135696062353, 0.0011701224139, -0.00371360522695, 0.020339936018, -0.00591280357912, -0.0024293907918, 0.000382964208256, 0.000832823803648, -0.000451414700365], [-9.6595773357e-05, -0.000448245089501, 0.000174264248926, -0.00285091507249, -0.000989897293039, -0.00198985170573, 0.000237531799939, -0.00591280357912, 0.0209717489779, -0.0037115062587, 0.0011935000075, 0.000406522944104, 0.00121477281209], [-9.75999355433e-05, -0.000257579173194, -0.000980401644483, 0.00244703493081, 0.00166249112226, 0.00172467238735, -0.00154727615882, -0.0024293907918, -0.0037115062587, 0.0182512197644, -0.00358312297612, 0.00196586828679, -0.00222675525583], [8.21159919724e-05, 3.85892999475e-05, 0.000357417564373, -0.00104013248347, -0.00100339052733, -0.00225328980014, -0.000505155883729, 0.000382964208256, 0.0011935000075, -0.00358312297612, 0.0216969195753, -0.00738162081689, 0.00160063919611], [0.000432533357525, 0.000253954116488, -0.000803364499006, -0.000676443160046, 0.000761666626204, 0.000780892500188, 0.00282991817221, 0.000832823803648, 0.000406522944104, 0.00196586828679, -0.00738162081689, 0.0257187597454, -0.006873333361], [0.000123236721265, 0.000149026920553, -0.000208718542126, 0.00106754514854, 0.000702742428984, -0.000595228746533, -0.00275970040821, -0.000451414700365, 0.00121477281209, -0.00222675525583, 0.00160063919611, -0.006873333361, 0.0255991760641]]
    },
    "spectral_contrast_coeffs": {
        "max": [-0.457391440868, -0.493031591177, -0.530542969704, -0.607763648033, -0.619317352772, -0.556878566742],
        "mean": [-0.660368859768, -0.762560248375, -0.780070364475, -0.818967342377, -0.806220829487, -0.727826833725],
        "min": [-0.846958518028, -0.897838532925, -0.898805916309, -0.899637460709, -0.878081321716, -0.846135497093],
        "stdev": [0.0627784132957, 0.068872384727, 0.0682282447815, 0.0408748425543, 0.030804887414, 0.0487685762346]
    },
    "spectral_contrast_valleys": {
        "max": [-5.02078819275, -4.66441488266, -5.75164651871, -5.90974092484, -5.55788898468, -8.16445064545],
        "mean": [-6.12894773483, -6.03483963013, -7.10141324997, -7.45749521255, -7.23175811768, -10.0812664032],
        "min": [-7.72039604187, -7.20444822311, -8.63346385956, -9.12188243866, -8.76975822449, -11.5897073746],
        "stdev": [0.412386894226, 0.406273186207, 0.515662133694, 0.645302057266, 0.602153837681, 0.617619395256]
    }
},
"rhythm": {
    "beats_count": 65,
    "beats_loudness": {
        "max": 0.073050417006,
        "mean": 0.0395633354783,
        "min": 0.0133219622076,
        "stdev": 0.0129342917353
    },
    "bpm": 97.4589538574,
    "bpm_histogram_first_peak_bpm": 98,
    "bpm_histogram_first_peak_weight": 0.125,
    "bpm_histogram_second_peak_bpm": 129,
    "bpm_histogram_second_peak_spread": 0.565217375755,
    "bpm_histogram_second_peak_weight": 0.15625,
    "danceability": 1.54323530197,
    "onset_rate": 4.36080312729,
    "beats_loudness_band_ratio": {
        "max": [0.823117911816, 0.673210084438, 0.612152993679, 0.50402110815, 0.252052456141, 0.292857021093],
        "mean": [0.401265621185, 0.355176091194, 0.178436174989, 0.0682851597667, 0.0374948605895, 0.0411364622414],
        "min": [0.0650435164571, 0.0537695102394, 0.0262337140739, 0.00663694133982, 0.00211126636714, 0.0037941862829],
        "stdev": [0.205126479268, 0.150402098894, 0.134635746479, 0.0848250463605, 0.0429660193622, 0.0410732142627]
    },
    "beats_position": [0.476009070873, 0.96362811327, 1.43963718414, 1.91564619541, 2.39165520668, 2.85605430603, 3.32045340538, 3.78485250473, 4.2492518425, 4.71365070343, 5.17804956436, 5.65405893326, 6.14167785645, 6.62929677963, 7.10530614853, 7.59292507172, 8.08054447174, 8.55655288696, 9.03256225586, 9.4853515625, 9.93814086914, 10.4025392532, 10.8553285599, 11.3081178665, 11.7725172043, 12.2369155884, 12.7013149261, 13.1541042328, 13.6068935394, 14.0364627838, 14.4544210434, 15.0233106613, 15.6038093567, 16.2075271606, 16.8228569031, 17.4381847382, 18.0535144806, 18.6688423157, 19.2841720581, 19.8994998932, 20.5032196045, 21.1185474396, 21.7454872131, 22.3608150482, 22.9877548218, 23.614692688, 24.2300224304, 24.8453502655, 25.4606800079, 26.076007843, 26.6913375854, 27.3066654205, 27.921995163, 28.537322998, 29.1526527405, 29.7679805756, 30.383310318, 30.9986381531, 31.6139678955, 32.2292976379, 32.8330154419, 33.4483451843, 34.0636711121, 34.690612793, 35.3059387207],
