{
"metadata": {
    "version": {
        "essentia": "2.1-beta5",
        "essentia_git_sha": "Undefined",
        "extractor": "music 2.0"
    },
    "audio_properties": {
        "analysis": {
            "equal_loudness": 0,
            "length": 32.4963264465,
            "sample_rate": 44100,
            "start_time": 93.9943771362,
            "downmix": "mix"
        },
        "bit_rate": 192000,
        "length": 186.433013916,
        "lossless": 0,
        "number_channels": 2,
        "replay_gain": -13.5822563171,
        "sample_rate": 44100,
        "codec": "mp3",
        "md5_encoded": "28673c8620377f6025bab75d69d386ef"
    },
    "tags": {
        "file_name": "Iceland_Eitt Lag Enn_Stjórnin.mp3",
        "encoding": ["Lavf58.29.100"]
    }
},
"lowlevel": {
    "average_loudness": 0.976408421993,
    "barkbands_crest": {
        "max": 23.4916534424,
        "mean": 7.28847074509,
        "min": 1.92590045929,
        "stdev": 3.06793189049
    },
    "barkbands_flatness_db": {
        "max": 0.235546633601,
        "mean": 0.106502361596,
        "min": 0.0392320379615,
        "stdev": 0.0263640526682
    },
    "barkbands_kurtosis": {
        "max": 23.4398956299,
        "mean": -0.208271846175,
        "min": -1.80880951881,
        "stdev": 1.78619837761
    },
    "barkbands_skewness": {
        "max": 4.43539428711,
        "mean": 0.396266430616,
        "min": -4.35729122162,
        "stdev": 0.742708861828
    },
    "barkbands_spread": {
        "max": 88.4670257568,
        "mean": 34.8879394531,
        "min": 6.97532892227,
        "stdev": 12.5586423874
    },
    "dissonance": {
        "max": 0.499999850988,
        "mean": 0.479948669672,
        "min": 0.378630012274,
        "stdev": 0.0150347743183
    },
    "dynamic_complexity": 1.23197066784,
    "erbbands_crest": {
        "max": 28.297492981,
        "mean": 8.56550312042,
        "min": 2.71987080574,
        "stdev": 4.22107505798
    },
    "erbbands_flatness_db": {
        "max": 0.297766238451,
        "mean": 0.15599629283,
        "min": 0.0680744126439,
        "stdev": 0.0350697562099
    },
    "erbbands_kurtosis": {
        "max": 10.6071910858,
        "mean": 0.289013087749,
        "min": -1.59776508808,
        "stdev": 1.24478304386
    },
    "erbbands_skewness": {
        "max": 1.92625617981,
        "mean": -0.193642482162,
        "min": -2.88411140442,
        "stdev": 0.602674126625
    },
    "erbbands_spread": {
        "max": 106.12550354,
        "mean": 35.2724113464,
        "min": 6.62538671494,
        "stdev": 15.5984020233
    },
    "hfc": {
        "max": 198.477920532,
        "mean": 38.2089500427,
        "min": 0.155249401927,
        "stdev": 21.3910675049
    },
    "loudness_ebu128": {
        "integrated": -9.5749797821,
        "loudness_range": 1.17706298828,
        "momentary": {
            "max": -7.64153623581,
            "mean": -9.66915798187,
            "min": -12.7289266586,
            "stdev": 0.922672331333
        },
        "short_term": {
            "max": -8.71674346924,
            "mean": -9.55726051331,
            "min": -10.929397583,
            "stdev": 0.449023842812
        }
    },
    "melbands_crest": {
        "max": 31.9103527069,
        "mean": 10.9770116806,
        "min": 3.22768115997,
        "stdev": 4.63108921051
    },
    "melbands_flatness_db": {
        "max": 0.288166165352,
        "mean": 0.118511803448,
        "min": 0.0192301739007,
        "stdev": 0.0395087264478
    },
    "melbands_kurtosis": {
        "max": 107.305007935,
        "mean": 3.6879761219,
        "min": -1.7408195734,
        "stdev": 7.69998311996
    },
    "melbands_skewness": {
        "max": 9.40557003021,
        "mean": 1.50550043583,
        "min": -1.87385129929,
        "stdev": 1.23387157917
    },
    "melbands_spread": {
        "max": 217.1302948,
        "mean": 48.1121063232,
        "min": 4.92668867111,
        "stdev": 21.4454803467
    },
    "pitch_salience": {
        "max": 0.824738681316,
        "mean": 0.569075524807,
        "min": 0.205930352211,
        "stdev": 0.0935627222061
    },
    "silence_rate_20dB": {
        "max": 1,
        "mean": 1,
        "min": 1,
        "stdev": 0
    },
    "silence_rate_30dB": {
        "max": 1,
        "mean": 1,
        "min": 1,
        "stdev": 0
    },
    "silence_rate_60dB": {
        "max": 1,
        "mean": 0.000713775865734,
        "min": 0,
        "stdev": 0.0267070475966
    },
    "spectral_centroid": {
        "max": 4763.9375,
        "mean": 2238.48510742,
        "min": 818.270324707,
        "stdev": 483.02255249
    },
    "spectral_complexity": {
        "max": 53,
        "mean": 29.5681648254,
        "min": 0,
        "stdev": 8.12358760834
    },
    "spectral_decrease": {
        "max": -2.31660211847e-11,
        "mean": -5.9101239458e-09,
        "min": -2.06562944527e-08,
        "stdev": 2.87170509594e-09
    },
    "spectral_energy": {
        "max": 0.0803509578109,
        "mean": 0.0257718991488,
        "min": 0.000101515666756,
        "stdev": 0.0118492785841
    },
    "spectral_energyband_high": {
        "max": 0.0273415390402,
        "mean": 0.00230233347975,
        "min": 1.44366495078e-05,
        "stdev": 0.00252009369433
    },
    "spectral_energyband_low": {
        "max": 0.0718414336443,
        "mean": 0.00546599505469,
        "min": 2.84940178972e-05,
        "stdev": 0.00736345397308
    },
    "spectral_energyband_middle_high": {
        "max": 0.0452970527112,
        "mean": 0.0113702369854,
        "min": 3.41172308254e-05,
        "stdev": 0.00772286299616
    },
    "spectral_energyband_middle_low": {
        "max": 0.0616228766739,
        "mean": 0.00778859294951,
        "min": 3.13710952469e-05,
        "stdev": 0.00705898553133
    },
    "spectral_entropy": {
        "max": 8.67453289032,
        "mean": 7.874751091,
        "min": 6.69740629196,
        "stdev": 0.26975569129
    },
    "spectral_flux": {
        "max": 0.252420276403,
        "mean": 0.100259929895,
        "min": 0.0318176411092,
        "stdev": 0.038513738662
    },
    "spectral_kurtosis": {
        "max": 11.3207149506,
        "mean": 2.95327067375,
        "min": -0.60468006134,
        "stdev": 1.47376668453
    },
    "spectral_rms": {
        "max": 0.00885387975723,
        "mean": 0.00488012982532,
        "min": 0.000314705685014,
        "stdev": 0.0011522306595
    },
    "spectral_rolloff": {
        "max": 10163.671875,
        "mean": 2920.70703125,
        "min": 107.666015625,
        "stdev": 1300.53503418
    },
    "spectral_skewness": {
        "max": 2.50536608696,
        "mean": 1.17239069939,
        "min": 0.0895005688071,
        "stdev": 0.27089458704
    },
    "spectral_spread": {
        "max": 11899963,
        "mean": 4521561,
        "min": 1720881.875,
        "stdev": 999857.1875
    },
    "spectral_strongpeak": {
        "max": 10.7865753174,
        "mean": 1.68903577328,
        "min": 0.00564523087814,
        "stdev": 1.85878944397
    },
    "zerocrossingrate": {
        "max": 0.2958984375,
        "mean": 0.0974094942212,
        "min": 0.01708984375,
        "stdev": 0.0304420664907
    },
    "barkbands": {
        "max": [0.00032402810757, 0.0552292093635, 0.0329921655357, 0.0412660390139, 0.0233664643019, 0.0301290154457, 0.0111259361729, 0.013774421066, 0.0605153702199, 0.0225444845855, 0.0223600957543, 0.029678074643, 0.0171241220087, 0.0245290845633, 0.0209197569638, 0.0217453464866, 0.0120700802654, 0.0212033335119, 0.00911595392972, 0.00492824334651, 0.00501698860899, 0.00724014686421, 0.0117363017052, 0.00600649183616, 0.00474960310385, 0.000872986216564, 1.09848606371e-05],
        "mean": [2.91701962851e-05, 0.00220357161015, 0.00229998445138, 0.00225692684762, 0.00201734388247, 0.00101573078427, 0.000593607255723, 0.000666358217131, 0.000922186300159, 0.00140298379119, 0.00116423459258, 0.00160813727416, 0.000817361928057, 0.00112220365554, 0.00133639760315, 0.000914420408662, 0.000892683397979, 0.000860451546032, 0.000995498965494, 0.000756606110372, 0.000538029707968, 0.000453050859505, 0.000462131050881, 0.000258188636508, 0.00013757988927, 4.70259146823e-05, 8.6814120337e-09],
        "min": [7.3985944482e-08, 8.44416263135e-06, 2.62193293565e-06, 1.48065373651e-06, 5.57502971787e-06, 4.10106122217e-06, 4.28448220191e-06, 1.20363336009e-06, 3.34028754878e-06, 1.30653495489e-06, 1.92902825802e-06, 1.91513754544e-06, 2.56196312876e-06, 2.75613433587e-06, 2.964292662e-06, 4.86111548526e-06, 3.48977778231e-06, 1.90765877051e-06, 1.78016523478e-06, 3.45729085893e-06, 5.46921774003e-06, 4.54194150734e-06, 1.19024275591e-06, 4.86297551561e-07, 4.84163308556e-07, 5.04879587027e-08, 9.68795443174e-12],
        "stdev": [3.21831030305e-05, 0.0038288095966, 0.00376817747019, 0.00413176696748, 0.00251617073081, 0.00189431512263, 0.000999731826596, 0.00113527732901, 0.00282679568045, 0.00229023420252, 0.00215186481364, 0.00328451092355, 0.00155427819118, 0.00224688998424, 0.00203858455643, 0.00141219829675, 0.00118264975026, 0.00105317216367, 0.000829413882457, 0.00065256410744, 0.000598593207542, 0.000573815777898, 0.000859436171595, 0.000452407752164, 0.000244687573286, 7.34104469302e-05, 2.93353593861e-07]
    },
    "erbbands": {
        "max": [0.733970165253, 14.892827034, 32.4054603577, 71.929725647, 146.572235107, 69.061088562, 81.8312759399, 306.170288086, 184.155792236, 325.988067627, 361.702972412, 1897.87426758, 443.753723145, 602.662719727, 1373.01745605, 1429.43151855, 799.870910645, 1019.81854248, 1269.35668945, 981.51385498, 758.786621094, 499.247009277, 710.937988281, 876.784790039, 561.422424316, 231.919906616, 214.758331299, 323.910858154, 276.987548828, 473.002166748, 327.021240234, 181.487289429, 87.6449050903, 60.6235694885, 24.2207393646, 6.70054101944, 0.734984099865, 0.0167796369642, 0.00160312617663, 0.000183823998668],
        "mean": [0.0358361080289, 0.60829436779, 2.50984168053, 5.06924200058, 8.01667785645, 6.10788059235, 6.2457151413, 9.67659854889, 7.95210599899, 12.0132980347, 14.285030365, 24.8145217896, 29.8399028778, 52.0360679626, 58.0563774109, 63.9799232483, 41.473613739, 54.1058387756, 75.7394866943, 53.6719360352, 47.808467865, 45.0841903687, 52.7473564148, 50.1679725647, 46.8181610107, 35.3072319031, 25.5644512177, 19.2720623016, 16.0978431702, 16.3906459808, 12.0713653564, 6.7163143158, 3.59990692139, 1.7527692318, 0.908640623093, 0.341271787882, 0.0582549087703, 0.00142367952503, 7.62457857491e-05, 4.13589987147e-05],
        "min": [0.000113881011202, 0.00129874469712, 0.00295821856707, 0.0177973266691, 0.0151354689151, 0.0192633029073, 0.0200924053788, 0.0290795061737, 0.0554797388613, 0.0692234039307, 0.0607600025833, 0.0768682062626, 0.105736598372, 0.143020018935, 0.0883151888847, 0.0693219453096, 0.149976834655, 0.166481077671, 0.206004098058, 0.13531267643, 0.317726910114, 0.193806543946, 0.113998256624, 0.0885433331132, 0.105157054961, 0.173588961363, 0.188163325191, 0.267155200243, 0.160459280014, 0.0563619248569, 0.0277959834784, 0.0116155827418, 0.00843176245689, 0.00677550304681, 0.00213524047285, 0.000315210025292, 8.13676815596e-05, 7.83881932875e-06, 1.93267442228e-06, 6.95681990237e-07],
        "stdev": [0.0491892136633, 1.07807898521, 4.11569023132, 7.5993309021, 14.8677053452, 7.02791166306, 7.65719175339, 20.5804672241, 13.1775655746, 18.075252533, 26.1565208435, 84.533203125, 52.7687301636, 79.2642745972, 122.145118713, 137.856384277, 69.7289581299, 91.7794036865, 108.533927917, 76.9360656738, 58.8094787598, 53.2408676147, 59.2280387878, 46.8913726807, 42.4306259155, 30.1412506104, 25.2279968262, 23.1793327332, 20.0454082489, 27.7882175446, 22.4092140198, 12.1399879456, 6.37376737595, 3.34523868561, 1.51878225803, 0.520031511784, 0.0903576761484, 0.00213468703441, 9.69293614617e-05, 2.25970197789e-05]
    },
    "gfcc": {
        "mean": [44.5136604309, 64.5886611938, -143.400756836, 51.0493888855, -62.7602424622, 25.5166282654, -41.7447853088, 12.4548177719, -31.9907569885, -0.0979861691594, -18.7372589111, -2.59170556068, -10.8603239059],
        "cov": [[959.354370117, -383.530792236, 183.572631836, 40.2769699097, -28.9124717712, 97.7919845581, -65.5055618286, -0.708488225937, -74.6371917725, -8.77653598785, -109.727745056, 74.3926925659, -102.726676941], [-383.530792236, 580.626403809, -111.090377808, -26.3837509155, 132.150375366, -69.7030487061, 77.039390564, -6.0883398056, 29.3988647461, -16.2222709656, 97.3016281128, -71.6185150146, 56.2923927307], [183.572631836, -111.090377808, 541.286132812, 232.254257202, 30.7235164642, 64.7142944336, -19.819858551, 24.7315196991, -29.9871311188, 14.8267450333, -118.869567871, -0.369386762381, -80.1722183228], [40.2769699097, -26.3837509155, 232.254257202, 250.759109497, 37.7610588074, 16.2565460205, 9.3183889389, -2.80596351624, 8.87379550934, -13.4770479202, -53.8005256653, -22.2870292664, -20.7764530182], [-28.9124717712, 132.150375366, 30.7235164642, 37.7610588074, 183.890319824, 61.7669181824, 61.1893310547, 17.3799991608, -30.1926593781, 2.28026103973, 10.1953639984, -19.1353988647, -17.1326847076], [97.7919845581, -69.7030487061, 64.7142944336, 16.2565460205, 61.7669181824, 190.138031006, 65.8264007568, -27.0251331329, -43.031452179, -10.0386190414, -8.10651111603, 16.5758476257, -42.7623252869], [-65.5055618286, 77.039390564, -19.819858551, 9.3183889389, 61.1893310547, 65.8264007568, 121.203216553, 28.6714420319, -17.364030838, -12.2234487534, -2.98930287361, -21.1192836761, 0.690955162048], [-0.708488225937, -6.0883398056, 24.7315196991, -2.80596351624, 17.3799991608, -27.0251331329, 28.6714420319, 125.526626587, 49.3835220337, -6.69569349289, -29.6936607361, 2.37423419952, 21.7151527405], [-74.6371917725, 29.3988647461, -29.9871311188, 8.87379550934, -30.1926593781, -43.031452179, -17.364030838, 49.3835220337, 108.11995697, 15.2588367462, 4.0607624054, 4.10452795029, 26.8667106628], [-8.77653598785, -16.2222709656, 14.8267450333, -13.4770479202, 2.28026103973, -10.0386190414, -12.2234487534, -6.69569349289, 15.2588367462, 85.6138153076, 41.6242828369, -3.95742297173, -22.9117946625], [-109.727745056, 97.3016281128, -118.869567871, -53.8005256653, 10.1953639984, -8.10651111603, -2.98930287361, -29.6936607361, 4.0607624054, 41.6242828369, 132.186050415, 9.28148555756, 11.664607048], [74.3926925659, -71.6185150146, -0.369386762381, -22.2870292664, -19.1353988647, 16.5758476257, -21.1192836761, 2.37423419952, 4.10452795029, -3.95742297173, 9.28148555756, 86.7679367065, 19.0392913818], [-102.726676941, 56.2923927307, -80.1722183228, -20.7764530182, -17.1326847076, -42.7623252869, 0.690955162048, 21.7151527405, 26.8667106628, -22.9117946625, 11.664607048, 19.0392913818, 93.3720932007]],
        "icov": [[0.0018355519278, 0.000213118255488, 0.000565163092688, -0.000646567263175, 0.000277943094261, -0.000931370828766, 0.00162891030777, -0.00134570617229, 0.00166314525995, -0.000524938339368, 0.00133866048418, -0.00150567502715, 0.00169014930725], [0.000213118255488, 0.00703785102814, -0.00412607938051, 0.0048714694567, -0.00662898505107, 0.00671064201742, -0.00719914957881, 0.00736147398129, -0.00737610785291, 0.00737643567845, -0.00649114046246, 0.00405854266137, -0.00235334294848], [0.000565163092688, -0.00412607938051, 0.00835721660405, -0.00810219440609, 0.00464944075793, -0.00642511993647, 0.00791223999113, -0.00840445514768, 0.00845120754093, -0.00821379106492, 0.00753797451034, -0.00391959538683, 0.00369914853945], [-0.000646567263175, 0.0048714694567, -0.00810219440609, 0.012930043973, -0.00675510428846, 0.00709645496681, -0.00856617093086, 0.0103393588215, -0.0107101593167, 0.00893301982433, -0.00561350677162, 0.00483678700402, -0.00306989206001], [0.000277943094261, -0.00662898505107, 0.00464944075793, -0.00675510428846, 0.0143107045442, -0.00873102899641, 0.00590505218133, -0.0104068852961, 0.0104383332655, -0.0080950204283, 0.00488335033879, -0.002874863334, 0.00278144143522], [-0.000931370828766, 0.00671064201742, -0.00642511993647, 0.00709645496681, -0.00873102899641, 0.0178844425827, -0.0152336191386, 0.01281321235, -0.00983015913516, 0.010095147416, -0.00726974522695, 0.000242909722147, 0.000877601269167], [0.00162891030777, -0.00719914957881, 0.00791223999113, -0.00856617093086, 0.00590505218133, -0.0152336191386, 0.0258888620883, -0.0163554828614, 0.0138894459233, -0.00959636922926, 0.00832314603031, -0.000863503897563, 0.0015239645727], [-0.00134570617229, 0.00736147398129, -0.00840445514768, 0.0103393588215, -0.0104068852961, 0.01281321235, -0.0163554828614, 0.0253738611937, -0.0183713380247, 0.0106362570077, -0.00557225057855, 0.0034270377364, -0.00476236641407], [0.00166314525995, -0.00737610785291, 0.00845120754093, -0.0107101593167, 0.0104383332655, -0.00983015913516, 0.0138894459233, -0.0183713380247, 0.0267116669565, -0.0140539491549, 0.00866892468184, -0.0053502949886, 0.00160655216314], [-0.000524938339368, 0.00737643567845, -0.00821379106492, 0.00893301982433, -0.0080950204283, 0.010095147416, -0.00959636922926, 0.0106362570077, -0.0140539491549, 0.0273096933961, -0.0149427494034, 0.00549752311781, 0.00213673361577], [0.00133866048418, -0.00649114046246, 0.00753797451034, -0.00561350677162, 0.00488335033879, -0.00726974522695, 0.00832314603031, -0.00557225057855, 0.00866892468184, -0.0149427494034, 0.0208120401949, -0.00704691000283, 0.00208631483838], [-0.00150567502715, 0.00405854266137, -0.00391959538683, 0.00483678700402, -0.002874863334, 0.000242909722147, -0.000863503897563, 0.0034270377364, -0.0053502949886, 0.00549752311781, -0.00704691000283, 0.0193721242249, -0.00778077589348], [0.00169014930725, -0.00235334294848, 0.00369914853945, -0.00306989206001, 0.00278144143522, 0.000877601269167, 0.0015239645727, -0.00476236641407, 0.00160655216314, 0.00213673361577, 0.00208631483838, -0.00778077589348, 0.0198777653277]]
    },
    "melbands": {
        "max": [0.0114697925746, 0.0159120503813, 0.014990368858, 0.00615676725283, 0.00255222991109, 0.00665266579017, 0.00269674602896, 0.00334551278502, 0.00251875538379, 0.0118686500937, 0.00229078647681, 0.00284711271524, 0.00348879164085, 0.00408177729696, 0.00282164453529, 0.00185042130761, 0.00236434978433, 0.00209219567478, 0.00230600615032, 0.00218400545418, 0.000702497316524, 0.000747671350837, 0.000514290004503, 0.00114617799409, 0.00068839348387, 0.000486912234919, 0.000271724478807, 0.000195094675291, 0.00018961247406, 0.000153349610628, 0.000242684938712, 0.000187563025975, 0.000109955712105, 0.000324813387124, 0.00026291483664, 0.000155462243129, 9.48452070588e-05, 6.78722426528e-05, 6.34271855233e-05, 4.91926875839e-05],
        "mean": [0.000474186439533, 0.00114913284779, 0.00101625721436, 0.000484719086671, 0.000235207582591, 0.000204669995583, 0.000127164312289, 0.000136214715894, 0.000113608686661, 0.00015611575509, 0.000147088518133, 0.000211403486901, 0.00016473994765, 0.000184598669875, 0.000120205302665, 8.53910314618e-05, 0.000105426523078, 0.000119850112242, 9.21179671423e-05, 7.12442779331e-05, 5.13475497428e-05, 4.66724086436e-05, 5.19095883647e-05, 3.96739997086e-05, 4.15154427174e-05, 3.34664146067e-05, 2.92556414934e-05, 2.28309036174e-05, 1.6384961782e-05, 1.42062153827e-05, 1.02067106127e-05, 9.3928347269e-06, 8.01878832135e-06, 9.61062778515e-06, 7.4476329246e-06, 5.19023660672e-06, 3.60186345461e-06, 2.60521983364e-06, 1.91715912479e-06, 1.34618642278e-06],
        "min": [1.60917318226e-06, 2.40037184085e-06, 3.20653543895e-06, 1.08059646209e-06, 8.07965534477e-07, 6.70648773848e-07, 9.28628480779e-07, 6.29103624306e-07, 5.15659905886e-07, 4.70791377438e-07, 2.87346836103e-07, 6.0229109522e-07, 3.10267751047e-07, 2.71411238373e-07, 1.55369178856e-07, 2.31021402897e-07, 3.1468044881e-07, 3.69533950106e-07, 2.24510017688e-07, 2.36221779915e-07, 3.69252006749e-07, 1.89765501091e-07, 1.56050660394e-07, 8.65454978793e-08, 6.8260320063e-08, 7.59926805927e-08, 8.99338630234e-08, 1.17552986012e-07, 1.2998086163e-07, 8.5237076064e-08, 1.40826330153e-07, 1.04654816369e-07, 4.77508947938e-08, 2.79317369234e-08, 1.81272010735e-08, 1.10608677772e-08, 4.43599912359e-09, 4.10237799287e-09, 9.51429157681e-09, 4.02276434386e-09],
        "stdev": [0.00075285253115, 0.00179101969115, 0.00160041369963, 0.000680001394358, 0.000256174476817, 0.00042296005995, 0.000209687306779, 0.00020373222651, 0.000215526364627, 0.000531734898686, 0.000275526574114, 0.000333775475156, 0.000320470542647, 0.000345151958754, 0.000276830542134, 0.000157808113727, 0.00020462484099, 0.000188593869098, 0.00015397570678, 0.000122526602354, 6.69584260322e-05, 6.77974385326e-05, 5.70123265788e-05, 5.30472279934e-05, 4.23034580308e-05, 3.22123232763e-05, 2.92769218504e-05, 2.27160362556e-05, 1.60297367984e-05, 1.74004726432e-05, 1.39609301186e-05, 1.23621448438e-05, 1.09528054963e-05, 1.81135364983e-05, 1.44388604895e-05, 9.90669741441e-06, 6.51765185467e-06, 4.60735191155e-06, 3.89035494663e-06, 2.58403997577e-06]
    },
    "melbands128": {
        "max": [0.000204068172025, 0.00236525968648, 0.0161869265139, 0.0290479604155, 0.0200048964471, 0.0159079227597, 0.013064305298, 0.0232709124684, 0.0163924880326, 0.00633649947122, 0.00465498585254, 0.00421247677878, 0.00374692445621, 0.00295115914196, 0.0077752256766, 0.014697949402, 0.00482694106176, 0.00373211409897, 0.00384773174301, 0.00513641955331, 0.00351620372385, 0.00483037251979, 0.00370735838078, 0.00492742145434, 0.0203078724444, 0.0120470095426, 0.00408011395484, 0.004400013946, 0.00584940146655, 0.00601524626836, 0.0049627260305, 0.00405447743833, 0.00277333543636, 0.0101566584781, 0.00516476854682, 0.00753836054355, 0.00936972349882, 0.00490179844201, 0.0031832321547, 0.00364428106695, 0.00317697506398, 0.00514055602252, 0.00332678761333, 0.00680533470586, 0.0036457227543, 0.00430436106399, 0.00447259703651, 0.00421567261219, 0.00242490554228, 0.00208962825127, 0.00406686775386, 0.00350681622513, 0.000738284375984, 0.00189734937157, 0.00152572290972, 0.000955939409323, 0.000534945982508, 0.000985147664323, 0.000771355233155, 0.00188661029097, 0.000670238165185, 0.00308796809986, 0.000888488837518, 0.000743385637179, 0.000291069154628, 0.000606634537689, 0.000743519922253, 0.000579795567319, 0.000431543507148, 0.000386584550142, 0.000343735329807, 0.000541338289622, 0.000136405506055, 0.000417635339545, 0.000201762275537, 0.000371007015929, 0.000265178881818, 0.000218187080463, 0.000306198868202, 0.000203686300665, 0.00036212411942, 0.000130560656544, 0.000103015867353, 0.000111338522402, 0.000202236129553, 0.00045312702423, 0.000354976160452, 0.000417141214712, 0.000334866112098, 0.000258457817836, 0.000218439890887, 0.000164615848917, 0.000100157703855, 0.000138346847962, 8.31167417346e-05, 6.45524123684e-05, 7.51147672418e-05, 6.31939183222e-05, 8.50367869134e-05, 6.74011535011e-05, 4.44590295956e-05, 5.85877241974e-05, 3.42327366525e-05, 4.92635153932e-05, 4.4482134399e-05, 3.11018957291e-05, 2.17061733565e-05, 2.11058577406e-05, 9.49628883973e-06, 9.50784942688e-06, 7.83410087024e-06, 4.92406570629e-06, 1.86087459042e-06, 2.92025305271e-07, 6.00493237357e-08, 5.66722420103e-08, 5.42754818866e-08, 5.22213916554e-08, 5.03954780129e-08, 4.87963554008e-08, 4.73835974901e-08, 4.61736888724e-08, 4.51025385928e-08, 4.42124168387e-08, 4.34514824121e-08, 4.28801207875e-08, 4.24633199714e-08, 4.21931716232e-08],
        "mean": [2.10825091926e-05, 0.000173875305336, 0.000625832704827, 0.00111442466732, 0.0013142155949, 0.00107196276076, 0.000946383341216, 0.0012366293231, 0.000809496850707, 0.00037977824104, 0.000320522754919, 0.000293732387945, 0.000206189506571, 0.000162403448485, 0.00025291275233, 0.000215035775909, 0.000106939973193, 0.000114293870865, 0.000149862244143, 0.000125282283989, 0.000146202466567, 0.000118001902592, 0.000116466653708, 8.29574637464e-05, 0.000182003335794, 0.000194084699615, 7.93479994172e-05, 0.000162189520779, 0.000157687623869, 0.000243843795033, 0.000240816181758, 0.00013083020167, 7.93831350165e-05, 0.000302349741105, 0.000169529739651, 0.00012620119378, 0.000251321354881, 9.04507687665e-05, 7.86228629295e-05, 8.3805025497e-05, 0.000105499340862, 5.38268395758e-05, 8.37819097796e-05, 0.000163786899066, 0.000100513912912, 0.000103913422208, 0.000161134303198, 9.36462165555e-05, 6.31444709143e-05, 5.2838899137e-05, 8.46688853926e-05, 8.2559636212e-05, 3.86354586226e-05, 4.35277288489e-05, 6.29382120678e-05, 4.37601229351e-05, 2.957585275e-05, 6.38250639895e-05, 4.70644517918e-05, 6.00937455602e-05, 3.30190559907e-05, 3.04843797494e-05, 4.60249975731e-05, 4.92429389851e-05, 2.67885206995e-05, 2.77384715446e-05, 4.5689761464e-05, 3.04360873997e-05, 2.75576603599e-05, 2.14578267332e-05, 2.01020611712e-05, 2.94223009405e-05, 1.75986479007e-05, 1.2979650819e-05, 1.39674375532e-05, 1.79002745426e-05, 1.24230627989e-05, 1.00761662907e-05, 9.98628547677e-06, 9.99192616291e-06, 9.99734947982e-06, 9.19973444979e-06, 7.92491846369e-06, 7.01204999132e-06, 8.92747902981e-06, 1.00577190096e-05, 9.97295774141e-06, 8.59583178681e-06, 7.75873013481e-06, 6.21587423666e-06, 5.40779637959e-06, 5.12183623869e-06, 4.44859233539e-06, 3.57870931111e-06, 3.24078791891e-06, 2.50339462582e-06, 2.60574211097e-06, 2.44764555646e-06, 2.07558923648e-06, 1.55030090809e-06, 1.32417005716e-06, 1.31812328164e-06, 1.42474982567e-06, 1.09553627681e-06, 1.10903681616e-06, 8.88964450496e-07, 7.06143680418e-07, 6.97208520251e-07, 5.64607603337e-07, 5.19360810358e-07, 4.25785970037e-07, 2.99654885794e-07, 1.24693315229e-07, 1.0386652427e-08, 6.20528767259e-11, 4.53181520088e-11, 4.28862188817e-11, 4.12623060719e-11, 3.98239635713e-11, 3.85610363085e-11, 3.74490889687e-11, 3.64969270084e-11, 3.5648393959e-11, 3.49436590774e-11, 3.43448325335e-11, 3.38956467061e-11, 3.35671490603e-11, 3.33519947771e-11],
        "min": [1.44843710359e-08, 3.80980736736e-07, 8.40824100123e-07, 5.96499205585e-07, 6.80821699461e-07, 1.51247741087e-06, 3.09240999741e-06, 1.06833317659e-06, 6.32603416761e-07, 6.07330377989e-07, 1.06966649582e-06, 8.90771161721e-07, 3.33917853368e-07, 3.70507905245e-07, 6.75212618262e-07, 2.68436281203e-07, 4.26201097525e-07, 8.72906156246e-08, 2.61747715058e-07, 1.5238646256e-07, 1.95705723627e-07, 1.82700290452e-07, 6.63981225557e-08, 1.8342817043e-07, 2.59264680835e-07, 3.26752882529e-07, 1.76617746206e-07, 1.58520464311e-07, 1.45828934706e-07, 1.19850341207e-07, 1.54511880623e-07, 1.06998442106e-07, 3.01618825915e-07, 2.19308702754e-07, 1.92989475067e-07, 5.05163306741e-08, 5.82948374017e-08, 1.32378985995e-07, 1.67081140034e-07, 1.45104323224e-07, 2.19528473622e-07, 1.1712125314e-07, 1.25325854583e-07, 2.70050207973e-07, 1.75827437943e-07, 2.25716831892e-07, 2.3110725067e-07, 3.0775422033e-07, 1.60589095799e-07, 4.24627941698e-08, 1.27403367856e-07, 5.49324795429e-07, 2.23289760015e-07, 1.75621735821e-07, 2.37205370013e-07, 1.31611301413e-07, 1.83916910146e-07, 2.11080518397e-07, 1.29563787254e-07, 4.57233788609e-08, 9.4521752203e-08, 1.16355650448e-07, 3.87223906273e-08, 4.84075535212e-08, 1.15192236194e-07, 7.85447227258e-08, 6.01317040605e-08, 6.12900663555e-08, 1.19368507967e-07, 7.66031647004e-08, 1.51905723556e-07, 1.17055932947e-07, 9.14594551205e-08, 1.99260128397e-07, 7.80603244266e-08, 5.73904763712e-08, 9.72998961402e-08, 8.58236504087e-08, 6.14570581092e-08, 1.09991084685e-07, 5.97003477765e-08, 5.26198142836e-08, 4.68785579244e-08, 1.85527380125e-08, 2.01634904329e-08, 2.521319864e-08, 3.25698614745e-08, 2.83765952958e-08, 2.13580264585e-08, 6.94372115362e-09, 7.41483408007e-09, 1.70882135109e-08, 8.55858850457e-09, 3.42582118229e-09, 1.83349957439e-09, 2.20315454769e-09, 4.57763338346e-09, 7.07208558381e-09, 1.02133741464e-08, 1.08103659358e-08, 6.4477809758e-09, 2.77380451941e-09, 1.16139275974e-09, 3.91669052746e-09, 3.78941455992e-09, 8.37388103303e-10, 5.65823055076e-10, 3.04247738114e-10, 1.88429799541e-10, 3.00936942033e-10, 4.65717964193e-10, 4.39871264413e-11, 7.70603524568e-13, 3.70608424049e-14, 2.39856860773e-14, 3.15896126531e-14, 3.61506885625e-14, 2.8916515585e-14, 3.57082663134e-14, 2.58330750996e-14, 3.11462756085e-14, 3.50090067342e-14, 2.35314578831e-14, 3.0852385669e-14, 3.47289437605e-14, 3.6950579044e-14, 2.99163498878e-14, 3.1822377307e-14],
        "stdev": [2.50226803473e-05, 0.000236687934375, 0.00101981300395, 0.00218208157457, 0.00235376018099, 0.00172157527413, 0.0014463145053, 0.00249009672552, 0.00162056356203, 0.0005944489385, 0.000423347053584, 0.000395030714571, 0.000332702737069, 0.000269216892775, 0.000558326020837, 0.000669022556394, 0.000260518136201, 0.000254642480286, 0.000322504027281, 0.000240177265368, 0.000296273326967, 0.000289812480332, 0.000295230391202, 0.000287936301902, 0.000874035002198, 0.000629806774668, 0.000206952943699, 0.000412147317547, 0.00044550318853, 0.000524282513652, 0.000459958129795, 0.000362663995475, 0.000193943778868, 0.00084949581651, 0.000508567725774, 0.00036316542537, 0.000785393291153, 0.000319802900776, 0.000252757687122, 0.000215865933569, 0.000234250590438, 0.000171592619154, 0.000216152271605, 0.000424704776378, 0.000327794376062, 0.000245355360676, 0.000333330681315, 0.000243856542511, 0.000172267973539, 0.000141792363138, 0.000197602712433, 0.000175956723979, 6.97624782333e-05, 9.67297091847e-05, 0.000137261376949, 8.89713337529e-05, 4.89626909257e-05, 0.000106059211248, 6.66045889375e-05, 0.000119346019346, 5.11599173478e-05, 9.45817155298e-05, 6.36845870758e-05, 6.31918592262e-05, 3.10510695272e-05, 3.61670608982e-05, 6.45795225864e-05, 3.84277918783e-05, 4.30472173321e-05, 2.75724542007e-05, 2.68687454081e-05, 4.22178418376e-05, 1.89761321963e-05, 1.93937903532e-05, 2.03962135856e-05, 3.15960896842e-05, 1.81396517291e-05, 1.62995947903e-05, 1.5355008145e-05, 1.49818724822e-05, 1.76849862328e-05, 1.2958118532e-05, 1.13029364002e-05, 1.09458069346e-05, 1.457970302e-05, 2.12083759834e-05, 2.05087180802e-05, 1.94241310965e-05, 1.57001850312e-05, 1.30263506435e-05, 1.13154019346e-05, 1.05913923107e-05, 8.77116326592e-06, 7.24743131286e-06, 5.7670881688e-06, 4.80445214635e-06, 5.17281159773e-06, 4.8255137699e-06, 4.78668425785e-06, 3.5158452647e-06, 2.69698443844e-06, 2.65559401669e-06, 2.72688248515e-06, 2.36875348492e-06, 2.27742907555e-06, 1.64106518241e-06, 1.2212888123e-06, 1.20368315493e-06, 9.13236533506e-07, 8.92263017249e-07, 7.17261457339e-07, 5.20590731412e-07, 1.96124176455e-07, 2.14366622231e-08, 1.61196533899e-09, 1.51348733546e-09, 1.44945644376e-09, 1.3946017674e-09, 1.34582711642e-09, 1.30313571045e-09, 1.26540677936e-09, 1.23308885325e-09, 1.20449172858e-09, 1.18072340793e-09, 1.16039267084e-09, 1.14512521687e-09, 1.13400011603e-09, 1.12678810726e-09]
    },
    "mfcc": {
        "mean": [-584.520324707, 81.5286331177, -14.9449691772, 24.6618061066, 3.99198579788, 8.99065208435, 3.82525110245, 7.0437245369, -2.71817421913, 3.00857400894, -5.07971525192, -5.28477191925, -2.49270439148],
        "cov": [[912.869262695, -328.746276855, 58.1170196533, -70.8458557129, -1.96463775635, 44.5642356873, -48.4109840393, 46.7517433167, -26.5704555511, -67.4176330566, -20.7030239105, -6.13926267624, -24.1648216248], [-328.746276855, 521.243164062, -183.212158203, 15.7077093124, 29.8162117004, -43.4960441589, 87.8947296143, -30.4532051086, -10.1589574814, 22.0473327637, 20.6097602844, 20.7076358795, 32.9583473206], [58.1170196533, -183.212158203, 452.554870605, 145.33833313, 67.8072662354, 77.510345459, -29.7597732544, 23.9256381989, 42.3675689697, 1.47349953651, -9.94012451172, 14.1512861252, -35.5210876465], [-70.8458557129, 15.7077093124, 145.33833313, 231.170440674, 65.9534378052, -6.50411081314, -1.33642601967, -6.01858377457, 55.140045166, 21.5661754608, -21.2803211212, 29.0429267883, -6.2882566452], [-1.96463775635, 29.8162117004, 67.8072662354, 65.9534378052, 124.396530151, 30.0662250519, 23.6839675903, 20.8062782288, 12.4818048477, 9.32931995392, 1.85188210011, 5.80699968338, 13.0405187607], [44.5642356873, -43.4960441589, 77.510345459, -6.50411081314, 30.0662250519, 201.900085449, 83.1548156738, 29.3259849548, -32.0322227478, -10.4220542908, 25.3446311951, -24.5466537476, -17.484992981], [-48.4109840393, 87.8947296143, -29.7597732544, -1.33642601967, 23.6839675903, 83.1548156738, 177.990997314, 26.8894309998, -13.8266038895, 13.4846286774, 15.861866951, -7.28798055649, -11.1277570724], [46.7517433167, -30.4532051086, 23.9256381989, -6.01858377457, 20.8062782288, 29.3259849548, 26.8894309998, 118.322647095, 58.5083427429, -5.17677783966, -12.5038061142, -18.574388504, 4.42765474319], [-26.5704555511, -10.1589574814, 42.3675689697, 55.140045166, 12.4818048477, -32.0322227478, -13.8266038895, 58.5083427429, 135.042861938, 25.6547832489, -30.3770027161, -6.31608963013, 1.15318119526], [-67.4176330566, 22.0473327637, 1.47349953651, 21.5661754608, 9.32931995392, -10.4220542908, 13.4846286774, -5.17677783966, 25.6547832489, 77.7286682129, 25.8770503998, -1.78334975243, -9.57745361328], [-20.7030239105, 20.6097602844, -9.94012451172, -21.2803211212, 1.85188210011, 25.3446311951, 15.861866951, -12.5038061142, -30.3770027161, 25.8770503998, 92.2385253906, 21.6216182709, -5.81927680969], [-6.13926267624, 20.7076358795, 14.1512861252, 29.0429267883, 5.80699968338, -24.5466537476, -7.28798055649, -18.574388504, -6.31608963013, -1.78334975243, 21.6216182709, 86.050994873, 21.9116172791], [-24.1648216248, 32.9583473206, -35.5210876465, -6.2882566452, 13.0405187607, -17.484992981, -11.1277570724, 4.42765474319, 1.15318119526, -9.57745361328, -5.81927680969, 21.9116172791, 73.2807693481]],
        "icov": [[0.0015993345296, 0.0010128953727, 0.000268711184617, 0.000377123447834, -0.000636518932879, -5.11158505105e-05, 0.000117185103591, -0.000485291122459, 0.000253811478615, 0.000933583592996, 0.000182573799975, -0.000548398005776, 0.000679134798702], [0.0010128953727, 0.00349859171547, 0.00133183551952, -0.000404277903726, -0.00130423018709, 0.00075988197932, -0.00157050217967, 0.000651406182442, -0.000213152743527, 0.000754340027925, -0.0005585232866, -0.000312432792271, -0.000342042680131], [0.000268711184617, 0.00133183551952, 0.00416754558682, -0.00197621830739, -0.00140134629328, -0.00171830062754, 0.00110825023148, -0.000260754342889, -0.000503176008351, 0.000359026162187, 0.000158823662787, -0.00120310345665, 0.00179076602217], [0.000377123447834, -0.000404277903726, -0.00197621830739, 0.00795966759324, -0.00309525895864, 0.000158899070811, -0.000333868549205, 0.00220985058695, -0.002723260317, -0.000870239222422, 0.00222690217197, -0.00265163858421, 0.00133461097721], [-0.000636518932879, -0.00130423018709, -0.00140134629328, -0.00309525895864, 0.0117185991257, -0.000898117898032, -0.000502066104673, -0.00217255484313, 0.00133421178907, -0.00155000493396, -0.000495871063322, 0.00103770394344, -0.00338604580611], [-5.11158505105e-05, 0.00075988197932, -0.00171830062754, 0.000158899070811, -0.000898117898032, 0.00894181337208, -0.00419373903424, -0.00121779320762, 0.00193631532602, 0.00202682660893, -0.0028760235291, 0.0030311178416, -0.000348058558302], [0.000117185103591, -0.00157050217967, 0.00110825023148, -0.000333868549205, -0.000502066104673, -0.00419373903424, 0.00930140726268, -0.00270035164431, 0.00151166832075, -0.00236300402321, 0.00124549889006, -0.00142943416722, 0.00211151945405], [-0.000485291122459, 0.000651406182442, -0.000260754342889, 0.00220985058695, -0.00217255484313, -0.00121779320762, -0.00270035164431, 0.0148872621357, -0.00850061886013, 0.00340413604863, -0.00126993434969, 0.00210196268745, -0.00175394699909], [0.000253811478615, -0.000213152743527, -0.000503176008351, -0.002723260317, 0.00133421178907, 0.00193631532602, 0.00151166832075, -0.00850061886013, 0.0149294100702, -0.00597658986226, 0.00410552881658, -0.000246498122578, 5.33978054591e-05], [0.000933583592996, 0.000754340027925, 0.000359026162187, -0.000870239222422, -0.00155000493396, 0.00202682660893, -0.00236300402321, 0.00340413604863, -0.00597658986226, 0.0196165759116, -0.00784334447235, 0.00291242729872, 0.00142702914309], [0.000182573799975, -0.0005585232866, 0.000158823662787, 0.00222690217197, -0.000495871063322, -0.0028760235291, 0.00124549889006, -0.00126993434969, 0.00410552881658, -0.00784334447235, 0.0171517264098, -0.00637436378747, 0.0024256836623], [-0.000548398005776, -0.000312432792271, -0.00120310345665, -0.00265163858421, 0.00103770394344, 0.0030311178416, -0.00142943416722, 0.00210196268745, -0.000246498122578, 0.00291242729872, -0.00637436378747, 0.0170146971941, -0.00586574804038], [0.000679134798702, -0.000342042680131, 0.00179076602217, 0.00133461097721, -0.00338604580611, -0.000348058558302, 0.00211151945405, -0.00175394699909, 5.33978054591e-05, 0.00142702914309, 0.0024256836623, -0.00586574804038, 0.0180848054588]]
    },
    "spectral_contrast_coeffs": {
        "max": [-0.487043231726, -0.462388366461, -0.507304906845, -0.606745779514, -0.603947162628, -0.603428483009],
        "mean": [-0.713055312634, -0.764008402824, -0.729437947273, -0.750184893608, -0.760767817497, -0.744753301144],
        "min": [-0.901392221451, -0.933782339096, -0.899420619011, -0.916734158993, -0.900050997734, -0.841460883617],
        "stdev": [0.0604915320873, 0.0672437921166, 0.0754288956523, 0.0509358756244, 0.0433890558779, 0.0284096244723]
    },
    "spectral_contrast_valleys": {
        "max": [-5.41532278061, -5.17851638794, -5.68633317947, -5.81976890564, -5.50418567657, -7.46603298187],
        "mean": [-6.69698810577, -6.78610420227, -7.11887454987, -7.13168764114, -6.75701713562, -9.37518882751],
        "min": [-8.72577953339, -8.67272377014, -9.16036128998, -8.79890537262, -8.77425575256, -11.4610366821],
        "stdev": [0.519021630287, 0.440413117409, 0.470516651869, 0.406461119652, 0.404742062092, 0.608519732952]
    }
},
"rhythm": {
    "beats_count": 80,
    "beats_loudness": {
        "max": 0.0814241692424,
        "mean": 0.0368753410876,
        "min": 0.0152110885829,
        "stdev": 0.0105390101671
    },
    "bpm": 149.241699219,
    "bpm_histogram_first_peak_bpm": 148,
    "bpm_histogram_first_peak_weight": 0.415584385395,
    "bpm_histogram_second_peak_bpm": 129,
    "bpm_histogram_second_peak_spread": 0,
    "bpm_histogram_second_peak_weight": 0.0126582281664,
    "danceability": 1.29918038845,
    "onset_rate": 4.67578077316,
    "beats_loudness_band_ratio": {
        "max": [0.923771381378, 0.241110906005, 0.53242957592, 0.435107052326, 0.723509550095, 0.322654128075],
        "mean": [0.542093038559, 0.0797547549009, 0.061967484653, 0.129544720054, 0.110592886806, 0.120173379779],
        "min": [0.00314156804234, 0.00920863263309, 0.00621705129743, 0.00497021712363, 0.0160213075578, 0.0171218309551],
        "stdev": [0.187099695206, 0.0502801351249, 0.0739910155535, 0.123939022422, 0.102693162858, 0.0693481937051]
    },
