{
"metadata": {
    "version": {
        "essentia": "2.1-beta5",
        "essentia_git_sha": "Undefined",
        "extractor": "music 2.0"
    },
    "audio_properties": {
        "analysis": {
            "equal_loudness": 0,
            "length": 32.4963264465,
            "sample_rate": 44100,
            "start_time": 126.490699768,
            "downmix": "mix"
        },
        "bit_rate": 192000,
        "length": 186.433013916,
        "lossless": 0,
        "number_channels": 2,
        "replay_gain": -13.5703201294,
        "sample_rate": 44100,
        "codec": "mp3",
        "md5_encoded": "28673c8620377f6025bab75d69d386ef"
    },
    "tags": {
        "file_name": "Iceland_Eitt Lag Enn_Stjórnin.mp3",
        "encoding": ["Lavf58.29.100"]
    }
},
"lowlevel": {
    "average_loudness": 0.979563355446,
    "barkbands_crest": {
        "max": 25.5701007843,
        "mean": 7.5529294014,
        "min": 2.24037408829,
        "stdev": 3.39513063431
    },
    "barkbands_flatness_db": {
        "max": 0.351934492588,
        "mean": 0.105557195842,
        "min": 0.0493627265096,
        "stdev": 0.0280750952661
    },
    "barkbands_kurtosis": {
        "max": 39.8780212402,
        "mean": -0.0589707382023,
        "min": -1.77766668797,
        "stdev": 2.50557327271
    },
    "barkbands_skewness": {
        "max": 5.92664003372,
        "mean": 0.373608142138,
        "min": -4.30754756927,
        "stdev": 0.75697851181
    },
    "barkbands_spread": {
        "max": 85.2797698975,
        "mean": 35.0107345581,
        "min": 1.67009353638,
        "stdev": 13.4815511703
    },
    "dissonance": {
        "max": 0.499854981899,
        "mean": 0.478216588497,
        "min": 0.315157592297,
        "stdev": 0.0201535429806
    },
    "dynamic_complexity": 1.9593937397,
    "erbbands_crest": {
        "max": 29.1944580078,
        "mean": 9.06806755066,
        "min": 2.30637955666,
        "stdev": 4.56282901764
    },
    "erbbands_flatness_db": {
        "max": 0.37163695693,
        "mean": 0.155597448349,
        "min": 0.0719703733921,
        "stdev": 0.0364490523934
    },
    "erbbands_kurtosis": {
        "max": 17.8107357025,
        "mean": 0.381897091866,
        "min": -1.55240511894,
        "stdev": 1.60962724686
    },
    "erbbands_skewness": {
        "max": 3.92959833145,
        "mean": -0.0959997847676,
        "min": -2.90673565865,
        "stdev": 0.686727821827
    },
    "erbbands_spread": {
        "max": 103.993667603,
        "mean": 34.9540214539,
        "min": 3.89848423004,
        "stdev": 15.1062116623
    },
    "hfc": {
        "max": 204.004165649,
        "mean": 40.8748970032,
        "min": 0.0616053305566,
        "stdev": 23.9887599945
    },
    "loudness_ebu128": {
        "integrated": -9.48197174072,
        "loudness_range": 1.43867969513,
        "momentary": {
            "max": -7.46104335785,
            "mean": -9.84821510315,
            "min": -24.078622818,
            "stdev": 2.10300683975
        },
        "short_term": {
            "max": -8.64147281647,
            "mean": -9.55670166016,
            "min": -11.0908412933,
            "stdev": 0.549342036247
        }
    },
    "melbands_crest": {
        "max": 31.271194458,
        "mean": 11.1401414871,
        "min": 3.22096037865,
        "stdev": 4.49861097336
    },
    "melbands_flatness_db": {
        "max": 0.350537329912,
        "mean": 0.113601543009,
        "min": 0.0215945485979,
        "stdev": 0.0386240966618
    },
    "melbands_kurtosis": {
        "max": 109.393722534,
        "mean": 3.62238740921,
        "min": -1.8173841238,
        "stdev": 7.85412311554
    },
    "melbands_skewness": {
        "max": 9.28936100006,
        "mean": 1.43498587608,
        "min": -1.81420993805,
        "stdev": 1.20785212517
    },
    "melbands_spread": {
        "max": 227.445480347,
        "mean": 49.6267356873,
        "min": 2.38879275322,
        "stdev": 23.6025085449
    },
    "pitch_salience": {
        "max": 0.847558677197,
        "mean": 0.568672716618,
        "min": 0.185234665871,
        "stdev": 0.0977863818407
    },
    "silence_rate_20dB": {
        "max": 1,
        "mean": 1,
        "min": 1,
        "stdev": 0
    },
    "silence_rate_30dB": {
        "max": 1,
        "mean": 1,
        "min": 1,
        "stdev": 0
    },
    "silence_rate_60dB": {
        "max": 1,
        "mean": 0.0264097079635,
        "min": 0,
        "stdev": 0.160351887345
    },
    "spectral_centroid": {
        "max": 4968.64794922,
        "mean": 2274.20263672,
        "min": 407.307128906,
        "stdev": 538.920532227
    },
    "spectral_complexity": {
        "max": 54,
        "mean": 28.5110626221,
        "min": 1,
        "stdev": 9.48803520203
    },
    "spectral_decrease": {
        "max": -2.2390957144e-11,
        "mean": -5.77053960171e-09,
        "min": -1.97284304448e-08,
        "stdev": 3.02673419661e-09
    },
    "spectral_energy": {
        "max": 0.0805589035153,
        "mean": 0.0254868417978,
        "min": 9.00964150787e-05,
        "stdev": 0.0126523263752
    },
    "spectral_energyband_high": {
        "max": 0.031982563436,
        "mean": 0.0027121163439,
        "min": 2.15908085011e-06,
        "stdev": 0.00283555290662
    },
    "spectral_energyband_low": {
        "max": 0.0703469440341,
        "mean": 0.00490005640313,
        "min": 1.98743782676e-05,
        "stdev": 0.00709315948188
    },
    "spectral_energyband_middle_high": {
        "max": 0.0794576406479,
        "mean": 0.0120768304914,
        "min": 1.82558160304e-05,
        "stdev": 0.00888590980321
    },
    "spectral_energyband_middle_low": {
        "max": 0.0535866133869,
        "mean": 0.00690946588293,
        "min": 5.04362069478e-05,
        "stdev": 0.0060022729449
    },
    "spectral_entropy": {
        "max": 8.65102386475,
        "mean": 7.89098739624,
        "min": 5.79979848862,
        "stdev": 0.27433899045
    },
    "spectral_flux": {
        "max": 0.239442303777,
        "mean": 0.0950574204326,
        "min": 0.00370979378931,
        "stdev": 0.0395317971706
    },
    "spectral_kurtosis": {
        "max": 11.8464746475,
        "mean": 2.68958282471,
        "min": -0.578674554825,
        "stdev": 1.3436435461
    },
    "spectral_rms": {
        "max": 0.00886532850564,
        "mean": 0.00480311643332,
        "min": 0.000296477548545,
        "stdev": 0.00133988657035
    },
    "spectral_rolloff": {
        "max": 9453.07617188,
        "mean": 3107.2512207,
        "min": 107.666015625,
        "stdev": 1471.04333496
    },
    "spectral_skewness": {
        "max": 2.5298409462,
        "mean": 1.1580940485,
        "min": 0.11808296293,
        "stdev": 0.272466391325
    },
    "spectral_spread": {
        "max": 11060636,
        "mean": 4750757.5,
        "min": 2853859,
        "stdev": 1054095
    },
    "spectral_strongpeak": {
        "max": 19.7245445251,
        "mean": 1.92498159409,
        "min": 0.0088079739362,
        "stdev": 2.13905739784
    },
    "zerocrossingrate": {
        "max": 0.3232421875,
        "mean": 0.103422917426,
        "min": 0.02587890625,
        "stdev": 0.0344523526728
    },
    "barkbands": {
        "max": [0.000389412656659, 0.055985763669, 0.0349321141839, 0.0311070866883, 0.0248103663325, 0.0220672506839, 0.024241566658, 0.022376768291, 0.0218623485416, 0.0745407864451, 0.0346514806151, 0.02161953412, 0.0191938951612, 0.0332549437881, 0.0252975821495, 0.0120060732588, 0.00978411827236, 0.0133814578876, 0.014940334484, 0.0113631747663, 0.0105520589277, 0.0073113925755, 0.0178048312664, 0.010908565484, 0.00369811966084, 0.00146665447392, 2.51037448606e-07],
        "mean": [2.61090608547e-05, 0.00227468949743, 0.00184363266453, 0.00188197928946, 0.00174151663668, 0.000843297166284, 0.000479519338114, 0.000772612751462, 0.000754979904741, 0.00173105939757, 0.00149193208199, 0.00179967377335, 0.000830112199765, 0.0012324214913, 0.00120996555779, 0.000881564687006, 0.000754944747314, 0.000824110407848, 0.00106711464468, 0.000801551446784, 0.000630677328445, 0.00056233687792, 0.00050288985949, 0.000319019949529, 0.000174502900336, 5.46283627045e-05, 1.20303489393e-09],
        "min": [2.00303304609e-07, 2.09510290006e-06, 4.70417307952e-06, 3.52774850398e-06, 1.87750106306e-06, 4.76649006487e-07, 8.7270603899e-07, 3.82470005889e-07, 2.76575462976e-07, 3.22441292155e-06, 4.24788368036e-07, 1.29736733356e-07, 6.47570857382e-07, 5.6319839814e-07, 1.13210955988e-06, 1.1296805269e-06, 6.58279418531e-07, 1.06743812012e-06, 5.99840291216e-07, 2.28014300774e-07, 2.74494794894e-07, 3.96331330421e-07, 2.69698460897e-07, 2.80807029185e-07, 2.55331713106e-07, 1.69690125063e-07, 9.04571643284e-12],
        "stdev": [3.2735435525e-05, 0.00395836122334, 0.00348798139021, 0.00337779661641, 0.00211584148929, 0.00160581548698, 0.00116577732842, 0.00166249508038, 0.00138215138577, 0.00500212423503, 0.00309881963767, 0.00309870787896, 0.00191758444998, 0.00271256011911, 0.00211097649299, 0.00136075599585, 0.000927366199903, 0.000962620717473, 0.00105944497045, 0.000783454859629, 0.000731051026378, 0.000677130999975, 0.000906215631403, 0.000580233288929, 0.000301402324112, 9.28010122152e-05, 8.57720294789e-09]
    },
    "erbbands": {
        "max": [0.639044940472, 15.2474708557, 39.3638381958, 66.1416397095, 137.343200684, 52.8977890015, 174.300857544, 272.99822998, 395.480804443, 331.077667236, 564.618164062, 331.621612549, 1912.25219727, 1303.53552246, 1191.82006836, 812.585449219, 651.341430664, 1348.21350098, 1265.34313965, 763.149841309, 705.25793457, 657.699645996, 733.462097168, 970.204711914, 517.132751465, 554.872558594, 356.790527344, 397.30569458, 225.811935425, 416.871246338, 422.452575684, 181.876678467, 193.166885376, 70.3970184326, 44.1186065674, 12.6748409271, 0.621766328812, 0.015512320213, 0.000687821069732, 0.000183999392902],
        "mean": [0.0323118008673, 0.631501674652, 2.17038917542, 4.08086109161, 6.88611841202, 5.14775276184, 5.96848297119, 7.56773042679, 6.43297624588, 12.0444660187, 14.4486808777, 19.6401824951, 41.2573852539, 55.8945465088, 86.0433197021, 55.3936462402, 37.5748252869, 61.6583480835, 74.3157577515, 45.0663490295, 45.7922859192, 41.9666175842, 50.500087738, 54.8277053833, 44.8618927002, 36.3577613831, 29.720790863, 23.3077964783, 19.6435375214, 19.3774032593, 13.0279588699, 8.06430721283, 4.52238273621, 2.12616610527, 1.18869054317, 0.431949973106, 0.0628464147449, 0.00154392968398, 8.42564113555e-05, 4.28666025982e-05],
        "min": [5.51810589968e-05, 0.000300602172501, 0.00424584979191, 0.0121222175658, 0.0155301056802, 0.00922062061727, 0.0053505548276, 0.0094625717029, 0.0428909361362, 0.0177276898175, 0.00897116959095, 0.0108843026683, 0.0475104413927, 0.176222294569, 0.0310834869742, 0.00599763356149, 0.0242621265352, 0.0236055385321, 0.0801408439875, 0.0629191398621, 0.0612071119249, 0.0389686971903, 0.0494770333171, 0.0520695820451, 0.0250534210354, 0.0147166009992, 0.00994852371514, 0.00810365565121, 0.0133011126891, 0.0112210707739, 0.00698659708723, 0.00550326704979, 0.00478213885799, 0.00350014679134, 0.002069135895, 0.00134262000211, 0.000137570459628, 3.20747358273e-06, 2.77056471987e-07, 1.31773447265e-07],
        "stdev": [0.0498682036996, 1.10324466228, 3.90142393112, 6.59321260452, 12.3146104813, 5.48802947998, 11.3076639175, 15.6291437149, 14.1498298645, 24.7338504791, 29.593837738, 33.1137771606, 141.100738525, 113.266433716, 159.081008911, 89.3164749146, 65.000213623, 104.561836243, 119.417709351, 64.1337280273, 64.2281723022, 52.6060256958, 59.5258369446, 61.3022575378, 43.9626655579, 34.843914032, 31.2463111877, 26.745141983, 23.4442176819, 29.5198898315, 22.8974056244, 13.114315033, 9.00441169739, 3.75990962982, 2.53325414658, 0.759658277035, 0.0877947956324, 0.00210402277298, 9.38936937018e-05, 2.41294510488e-05]
    },
    "gfcc": {
        "mean": [41.8263931274, 58.1893196106, -142.91734314, 50.0940971375, -65.6810684204, 28.9011917114, -41.0974502563, 11.3767337799, -32.5843276978, -0.157543182373, -18.9925708771, -1.08259832859, -11.6158437729],
        "cov": [[2207.99169922, -438.123718262, 151.907119751, 160.2447052, 0.413686007261, 127.918716431, 40.0765571594, 55.149017334, -68.4111022949, 64.7376861572, -88.5270996094, -1.52698552608, -44.3195152283], [-438.123718262, 579.020324707, -65.347869873, -38.1888694763, 66.4642944336, -48.9610214233, 16.9107627869, -44.4768600464, 37.3875045776, -38.098690033, 85.2529144287, -39.6228942871, 35.1044960022], [151.907119751, -65.347869873, 598.402770996, 218.139221191, 15.4326686859, 99.1080245972, -15.9299106598, 28.0841159821, -46.0965576172, 23.4565238953, -113.613578796, -19.5361709595, -41.9073104858], [160.2447052, -38.1888694763, 218.139221191, 250.187683105, 46.0812568665, 9.40561771393, -3.32005190849, -4.46944522858, 2.09420967102, -2.17625570297, -50.8651885986, -20.0429115295, -22.7552814484], [0.413686007261, 66.4642944336, 15.4326686859, 46.0812568665, 156.697418213, 60.131072998, 28.802066803, 5.07617902756, -16.7150688171, 2.60808300972, 1.47591328621, 5.63685178757, -17.8907985687], [127.918716431, -48.9610214233, 99.1080245972, 9.40561771393, 60.131072998, 153.648223877, 65.8500366211, 7.94363355637, -35.5178108215, 5.52609586716, -10.2172985077, 8.61166763306, -2.32275557518], [40.0765571594, 16.9107627869, -15.9299106598, -3.32005190849, 28.802066803, 65.8500366211, 118.480949402, 36.1485595703, -23.1419067383, -12.3116559982, 0.409734547138, 4.39948368073, 8.38938140869], [55.149017334, -44.4768600464, 28.0841159821, -4.46944522858, 5.07617902756, 7.94363355637, 36.1485595703, 102.703071594, 35.6153450012, 3.24681949615, -24.0370292664, 7.95782852173, 14.9021711349], [-68.4111022949, 37.3875045776, -46.0965576172, 2.09420967102, -16.7150688171, -35.5178108215, -23.1419067383, 35.6153450012, 112.638908386, 27.1316432953, 8.60242557526, -4.56499195099, 13.0754852295], [64.7376861572, -38.098690033, 23.4565238953, -2.17625570297, 2.60808300972, 5.52609586716, -12.3116559982, 3.24681949615, 27.1316432953, 83.0093154907, 26.6772327423, -1.69608342648, -19.635269165], [-88.5270996094, 85.2529144287, -113.613578796, -50.8651885986, 1.47591328621, -10.2172985077, 0.409734547138, -24.0370292664, 8.60242557526, 26.6772327423, 114.686965942, 20.724357605, 6.79322624207], [-1.52698552608, -39.6228942871, -19.5361709595, -20.0429115295, 5.63685178757, 8.61166763306, 4.39948368073, 7.95782852173, -4.56499195099, -1.69608342648, 20.724357605, 77.2096252441, 26.3850021362], [-44.3195152283, 35.1044960022, -41.9073104858, -22.7552814484, -17.8907985687, -2.32275557518, 8.38938140869, 14.9021711349, 13.0754852295, -19.635269165, 6.79322624207, 26.3850021362, 86.6220550537]],
        "icov": [[0.000640784099232, -2.0990086341e-05, 0.000664001272526, -0.000981026212685, 0.000714043679181, -0.00109029572923, 0.000670716806781, -0.000986194587313, 0.00106629764196, -0.00102079904173, 0.000588025781326, -0.000147414248204, 0.000229270022828], [-2.0990086341e-05, 0.0058326702565, -0.00453338818625, 0.00472973985597, -0.00648814765736, 0.00686681363732, -0.006071804557, 0.00659816432744, -0.00633196439594, 0.00597789557651, -0.00627308245748, 0.00518857873976, -0.00380584783852], [0.000664001272526, -0.00453338818625, 0.00888146646321, -0.00854792166501, 0.00784546788782, -0.0104547934607, 0.00886751618236, -0.00913606863469, 0.00894193630666, -0.00773811619729, 0.00757950218394, -0.00425692740828, 0.00387961464003], [-0.000981026212685, 0.00472973985597, -0.00854792166501, 0.0134011954069, -0.00966666731983, 0.0109021943063, -0.00906410906464, 0.0104352189228, -0.00993855297565, 0.00772674521431, -0.00519920373335, 0.004815465305, -0.00346264173277], [0.000714043679181, -0.00648814765736, 0.00784546788782, -0.00966666731983, 0.0172569826245, -0.0136830089614, 0.00894867349416, -0.0106062749401, 0.00973753817379, -0.00792751181871, 0.0071056894958, -0.00676608551294, 0.00664306944236], [-0.00109029572923, 0.00686681363732, -0.0104547934607, 0.0109021943063, -0.0136830089614, 0.0240540504456, -0.0167051330209, 0.0133868129924, -0.00977072305977, 0.0074231759645, -0.00788515433669, 0.00542210787535, -0.00627653114498], [0.000670716806781, -0.006071804557, 0.00886751618236, -0.00906410906464, 0.00894867349416, -0.0167051330209, 0.0239206552505, -0.0166433099657, 0.0128784570843, -0.00612827204168, 0.00554202543572, -0.0039051505737, 0.004081370309], [-0.000986194587313, 0.00659816432744, -0.00913606863469, 0.0104352189228, -0.0106062749401, 0.0133868129924, -0.0166433099657, 0.026620991528, -0.0166612993926, 0.00794337503612, -0.00400752108544, 0.00360810314305, -0.00612591672689], [0.00106629764196, -0.00633196439594, 0.00894193630666, -0.00993855297565, 0.00973753817379, -0.00977072305977, 0.0128784570843, -0.0166612993926, 0.0240246430039, -0.013402258046, 0.00731306197122, -0.00373642030172, 0.002095263917], [-0.00102079904173, 0.00597789557651, -0.00773811619729, 0.00772674521431, -0.00792751181871, 0.0074231759645, -0.00612827204168, 0.00794337503612, -0.013402258046, 0.0251903031021, -0.0128853730857, 0.00553188938648, 0.000188562029507], [0.000588025781326, -0.00627308245748, 0.00757950218394, -0.00519920373335, 0.0071056894958, -0.00788515433669, 0.00554202543572, -0.00400752108544, 0.00731306197122, -0.0128853730857, 0.0212406422943, -0.00896105263382, 0.00359209557064], [-0.000147414248204, 0.00518857873976, -0.00425692740828, 0.004815465305, -0.00676608551294, 0.00542210787535, -0.0039051505737, 0.00360810314305, -0.00373642030172, 0.00553188938648, -0.00896105263382, 0.0206442922354, -0.00823471229523], [0.000229270022828, -0.00380584783852, 0.00387961464003, -0.00346264173277, 0.00664306944236, -0.00627653114498, 0.004081370309, -0.00612591672689, 0.002095263917, 0.000188562029507, 0.00359209557064, -0.00823471229523, 0.0179867763072]]
    },
    "melbands": {
        "max": [0.0110370740294, 0.0164449643344, 0.012474425137, 0.00678245024756, 0.00463331863284, 0.00530587369576, 0.00566985365003, 0.0032253684476, 0.00419071177021, 0.00277136312798, 0.0104646682739, 0.00492607569322, 0.00317109632306, 0.00259598484263, 0.00144670181908, 0.0025125509128, 0.00248064636253, 0.00297147035599, 0.00238365144469, 0.000998208997771, 0.00105786288623, 0.000743731390685, 0.000536387902685, 0.000714751484338, 0.000954489514697, 0.000505728996359, 0.000208798941458, 0.000522933842149, 0.000219799068873, 0.000260963861365, 0.000214749234146, 0.000170794053702, 0.000201023212867, 0.000357963843271, 0.000293227058137, 0.000139446521644, 0.000117823256005, 0.000136029717396, 0.000107817591925, 4.53089960502e-05],
        "mean": [0.000472343584988, 0.00104679912329, 0.00083436188288, 0.00041781825712, 0.000216575077502, 0.000161794916494, 0.0001000655393, 0.000144394522067, 0.000112582652946, 0.000123071367852, 0.000209187943256, 0.000226707925322, 0.000240123627009, 0.000230450270465, 7.47971207602e-05, 9.79861360975e-05, 0.000118820571515, 0.000118347576063, 8.2360842498e-05, 6.43214880256e-05, 4.8962294386e-05, 4.30855434388e-05, 4.87069701194e-05, 3.63810868294e-05, 4.70314480481e-05, 3.26922236127e-05, 2.73232944892e-05, 2.45653118327e-05, 1.91516355699e-05, 1.71936208062e-05, 1.24732905533e-05, 1.17519575724e-05, 9.58348209679e-06, 1.10630844574e-05, 7.99359077064e-06, 5.63856110603e-06, 4.62724256067e-06, 3.32734771291e-06, 2.33211403611e-06, 1.62636081313e-06],
        "min": [7.28136853922e-07, 2.41196676143e-06, 3.16514820042e-06, 6.60881255499e-07, 2.28264696034e-07, 2.48638343692e-07, 6.04674596616e-07, 1.54700387611e-07, 7.27825550939e-08, 5.75027385707e-08, 2.4704183943e-07, 3.11002708031e-07, 8.79239152596e-08, 2.3228851731e-08, 1.12580540446e-08, 6.03773315788e-08, 3.3629572016e-08, 1.35833133186e-07, 6.99950177818e-08, 6.68387301062e-08, 6.83287524339e-08, 3.20352313565e-08, 3.61885206246e-08, 3.17016457529e-08, 4.26457056335e-08, 1.78434831355e-08, 1.41761260508e-08, 7.09117431441e-09, 6.54877352346e-09, 3.89914456278e-09, 4.85704232389e-09, 7.55288276366e-09, 6.412328446e-09, 6.11079498114e-09, 3.4027953788e-09, 2.6646154172e-09, 3.30533977966e-09, 3.0138584961e-09, 2.56192578263e-09, 2.41518516297e-09],
        "stdev": [0.000788109202404, 0.0017184142489, 0.00135614618193, 0.000568878895137, 0.000326604902511, 0.000315917190164, 0.000224616233027, 0.000310031377012, 0.000231028549024, 0.000229263867368, 0.000751696585212, 0.000482320669107, 0.000440983480075, 0.000390131928725, 0.000141276250361, 0.000234297214774, 0.000223509428906, 0.000218648303417, 0.000156137044542, 0.000103491300251, 7.76277811383e-05, 6.42707527732e-05, 5.41911686014e-05, 4.46214871772e-05, 5.92763535678e-05, 3.87550135201e-05, 2.57206957031e-05, 2.87298280455e-05, 2.04858588404e-05, 2.22093676712e-05, 1.52173242896e-05, 1.57263984875e-05, 1.30121143229e-05, 1.91748567886e-05, 1.52425882334e-05, 9.2342206699e-06, 8.59223564476e-06, 6.78884680383e-06, 4.77108642372e-06, 2.93935613627e-06]
    },
    "melbands128": {
        "max": [0.000210916376091, 0.00182894489262, 0.0145535869524, 0.0310069806874, 0.0244538728148, 0.0158116668463, 0.0136174568906, 0.019693903625, 0.0158366188407, 0.00624797446653, 0.00312661286443, 0.0060120858252, 0.0084879649803, 0.00598304904997, 0.00908327847719, 0.00500564742833, 0.00534308934584, 0.00945278722793, 0.00764870783314, 0.00616579828784, 0.00577955273911, 0.0067183393985, 0.00523785827681, 0.00248890370131, 0.00356792635284, 0.00509413704276, 0.00669019110501, 0.0153183545917, 0.0263902880251, 0.00462200632319, 0.0108546847478, 0.00892504025251, 0.00560636306182, 0.00891331676394, 0.00613821763545, 0.00297031877562, 0.00510132405907, 0.00149240833707, 0.00204464630224, 0.00233913888223, 0.00579679338261, 0.00303482194431, 0.0053975074552, 0.00417198240757, 0.00823154859245, 0.00307504762895, 0.00458159297705, 0.00591674121097, 0.00241690943949, 0.00219151726924, 0.00164434988983, 0.00218258611858, 0.00146923051216, 0.00163439952303, 0.00114553107414, 0.00145258556586, 0.00108715216629, 0.00108103908133, 0.00119476439431, 0.00187009107322, 0.000731612031814, 0.00092553178547, 0.000812425278127, 0.0024399952963, 0.000483459589304, 0.00100645353086, 0.00110158708412, 0.000493801606353, 0.000318090256769, 0.000351577356923, 0.000318227248499, 0.00134681107011, 0.000258353044046, 0.000479350565001, 0.000273350538919, 0.000465672870632, 0.000230244797422, 0.000294396391837, 0.000221277528908, 0.000324084452586, 0.000436405447545, 0.000181602968951, 0.000126265382278, 0.000134274814627, 0.000710990745574, 0.000344369880622, 0.000597626378294, 0.00054415629711, 0.000190401944565, 0.000216952976189, 0.000190337799722, 0.00012420018902, 0.000137424271088, 0.000144576450111, 0.000197339511942, 0.000124786631204, 0.000177515248652, 0.000154469467816, 0.000127766979858, 6.36991244392e-05, 6.19874481345e-05, 5.04749987158e-05, 7.99150147941e-05, 7.15072092135e-05, 0.00013283242879, 2.11131991819e-05, 1.90596601897e-05, 2.4939829018e-05, 6.18211197434e-05, 1.04142864075e-05, 6.15414501226e-06, 4.39835048383e-06, 2.30587056649e-06, 2.39335292918e-07, 4.01157418395e-09, 3.06086733737e-09, 6.45339115479e-09, 1.15914888799e-09, 1.13661158263e-09, 1.11540177095e-09, 1.09021314199e-09, 1.06942221745e-09, 1.04632247311e-09, 1.02955122205e-09, 1.01683717002e-09, 1.00599706343e-09, 9.94455406911e-10, 9.87730897073e-10],
        "mean": [1.788287409e-05, 0.000129236985231, 0.000621128128842, 0.00119863031432, 0.00121482321993, 0.000828410964459, 0.000745703058783, 0.00104338955134, 0.000695406342857, 0.000345495674992, 0.000257725128904, 0.000250374723691, 0.00020211165247, 0.000174376662471, 0.000209762889426, 0.000126883925986, 7.8007891716e-05, 0.000107729109004, 0.000113561283797, 0.000117403396871, 0.00020097263041, 0.000110967426735, 0.000122147350339, 6.94702321198e-05, 0.000113717469503, 0.000175994733581, 7.64354335843e-05, 0.000257685460383, 0.000271097203949, 0.000213723877096, 0.000249148753937, 0.000160618728842, 0.000117936746392, 0.000447924656328, 0.000323807267705, 0.000121475255582, 0.000156210444402, 5.03088522237e-05, 4.71049170301e-05, 7.10570893716e-05, 0.000143479861435, 8.14556042315e-05, 0.000106703511847, 0.000152011401951, 0.000113816066005, 8.48744093673e-05, 0.000174015993252, 8.87567803147e-05, 4.24431200372e-05, 3.6968402128e-05, 7.82149581937e-05, 8.7850203272e-05, 3.76395655621e-05, 3.83368533221e-05, 5.21661313542e-05, 4.60189330624e-05, 2.90651169053e-05, 5.01966715092e-05, 5.00159658259e-05, 6.06733701716e-05, 2.83153094642e-05, 2.20968231588e-05, 5.37438681931e-05, 5.92960859649e-05, 2.80088388536e-05, 2.85079258902e-05, 4.00983117288e-05, 3.04206969304e-05, 2.49484528467e-05, 2.03869149118e-05, 1.87469486264e-05, 3.573106369e-05, 2.28858625633e-05, 1.31320075525e-05, 1.63301210705e-05, 2.17041360884e-05, 1.55952529894e-05, 1.14218400995e-05, 1.19472842925e-05, 1.3237926396e-05, 1.31166225401e-05, 1.11971548904e-05, 8.82957647264e-06, 7.56931058277e-06, 1.23247400552e-05, 1.19908308989e-05, 1.05953668026e-05, 9.3919416031e-06, 8.41635301185e-06, 6.40571488475e-06, 5.8890955188e-06, 5.51281800654e-06, 4.96634993397e-06, 4.71433031635e-06, 4.75208071293e-06, 3.13992904921e-06, 3.34892138198e-06, 2.89486888505e-06, 2.56277417066e-06, 1.86678005321e-06, 1.52777784024e-06, 1.5744222992e-06, 1.87907642157e-06, 1.36395078698e-06, 1.5072757833e-06, 1.25758947433e-06, 8.27375174595e-07, 7.36581114325e-07, 9.12861480629e-07, 5.93150843997e-07, 4.53706292092e-07, 2.95766454883e-07, 1.28276639089e-07, 1.0494625613e-08, 1.64460320362e-11, 8.8406400256e-12, 1.05752186522e-11, 5.06610768961e-12, 4.87653103662e-12, 4.70556970125e-12, 4.55764679469e-12, 4.42953182814e-12, 4.31209278354e-12, 4.2165663322e-12, 4.13977142497e-12, 4.08126050316e-12, 4.03337606369e-12, 4.00348287508e-12],
        "min": [5.07331421318e-09, 1.27859607346e-07, 2.98941472465e-07, 3.52296837036e-07, 2.29877031188e-07, 1.96761675397e-06, 1.15777004339e-06, 1.59756382345e-06, 4.9161616289e-07, 2.01762759389e-07, 2.82483085812e-07, 4.9448040329e-08, 1.04121994582e-07, 1.30969510792e-07, 3.42040245016e-08, 5.42653708635e-08, 5.01778117723e-07, 9.21337459658e-08, 6.16396533815e-09, 4.29175734951e-08, 3.85132317149e-08, 5.18114262604e-08, 2.73549041196e-08, 5.2499611769e-08, 4.11915728193e-08, 2.50427163451e-08, 1.30646107266e-08, 1.76581167466e-08, 8.10562141851e-08, 2.49450323508e-07, 1.33888008236e-07, 5.23930339114e-08, 2.29154863973e-08, 1.5714084256e-08, 2.10379784704e-08, 2.05416039734e-08, 4.69744509957e-09, 3.07178504855e-09, 1.67598148693e-08, 3.92014207762e-08, 3.33328245006e-08, 8.60952109605e-09, 8.32673130446e-09, 1.31989317254e-08, 3.05356628871e-08, 5.16812725948e-08, 1.7441746536e-07, 1.99145553381e-08, 2.53947618489e-08, 5.10759932126e-08, 6.17420070625e-08, 1.57987845029e-08, 6.46760085488e-08, 5.24050207673e-08, 1.19142988808e-08, 8.71619665332e-09, 2.99949078908e-08, 5.74430707445e-08, 2.03247161323e-08, 1.0022061403e-08, 1.88402253798e-08, 3.87032663696e-08, 5.62720892106e-08, 2.06525179181e-08, 1.17918528275e-08, 6.68207045251e-09, 3.07388816623e-08, 1.02800923329e-08, 3.91274301847e-09, 5.72373348717e-09, 8.85761952674e-09, 5.3981152881e-09, 4.04078814853e-09, 8.07385180934e-09, 3.09112313523e-09, 2.92348190101e-09, 4.13913525676e-09, 3.1214635321e-09, 3.71083896944e-09, 5.11095610278e-09, 4.32946167805e-09, 6.31624397229e-09, 3.78667586176e-09, 4.66060789961e-09, 5.26678389789e-09, 4.5710506491e-09, 4.77137440669e-09, 1.3743929328e-09, 2.96700353175e-09, 2.1087069868e-09, 1.72761038808e-09, 2.13544182337e-09, 1.96594962532e-09, 2.06206607345e-09, 2.7297524241e-09, 2.32435515279e-09, 2.2487991469e-09, 2.0895380981e-09, 1.54975743349e-09, 1.64948055215e-09, 1.83128245901e-09, 1.81880921435e-09, 1.95038318829e-09, 1.68203206918e-09, 2.30532148926e-09, 2.00361349734e-09, 1.72123493236e-09, 1.60596813625e-09, 1.84719550766e-09, 1.27923371895e-09, 4.8416198134e-11, 1.58269841677e-10, 5.8812286638e-13, 1.16317938896e-13, 3.9166674732e-14, 3.1176701032e-14, 3.38877519524e-14, 2.9807092802e-14, 3.29360765549e-14, 2.61777412762e-14, 3.52648479537e-14, 2.49600619578e-14, 3.27283806881e-14, 3.47786036081e-14, 3.07935507605e-14, 3.13055584602e-14, 3.08146215521e-14, 3.19571131439e-14],
        "stdev": [2.27932214329e-05, 0.00019181035168, 0.00110871635843, 0.00222337897867, 0.00226316950284, 0.0015569711104, 0.00128216785379, 0.00201395247132, 0.0013530444121, 0.000529040698893, 0.000301351421513, 0.000345254695276, 0.000526452204213, 0.000404578953749, 0.00053430441767, 0.000262236746494, 0.000186561403098, 0.000332585186698, 0.00034132404835, 0.000285967224045, 0.000591847929172, 0.000285080226604, 0.000347898952896, 0.000170057362993, 0.000244053386268, 0.000432205881225, 0.000227374679525, 0.0010735160904, 0.00141762278508, 0.00049226853298, 0.000725132180378, 0.00060624757316, 0.000389042164898, 0.00102900655475, 0.000799219997134, 0.000295822683256, 0.00044707939378, 0.000139002440847, 0.000108012820419, 0.000156385547598, 0.000502849929035, 0.000235127023188, 0.000302610016661, 0.000352235045284, 0.000503761984874, 0.000209750418435, 0.000384019134799, 0.000265953800408, 0.00012084775517, 0.000106277198938, 0.000157166985446, 0.000169107021065, 9.9201737612e-05, 0.000100606994238, 9.11057068151e-05, 0.000108075328171, 6.07775109529e-05, 7.39008391974e-05, 8.19816123112e-05, 0.000120911645354, 4.61581294076e-05, 4.10719876527e-05, 7.90703852545e-05, 0.000106831423182, 4.05902246712e-05, 5.27335541847e-05, 6.68418288114e-05, 3.84626691812e-05, 3.65451742255e-05, 2.80755793938e-05, 2.44195052801e-05, 6.67853018967e-05, 3.07609225274e-05, 2.13546154555e-05, 2.60879351117e-05, 3.7032947148e-05, 2.23953738896e-05, 1.8742548491e-05, 1.67287180375e-05, 2.03913095902e-05, 2.58487762039e-05, 1.60968902492e-05, 1.24779908219e-05, 1.04753507912e-05, 3.3426353184e-05, 1.80011666089e-05, 2.47998359555e-05, 2.47863044933e-05, 1.5340408936e-05, 1.20382856039e-05, 1.10968467197e-05, 9.75734110398e-06, 8.04309183877e-06, 9.42139013205e-06, 1.29060790641e-05, 6.57802365822e-06, 7.7189233707e-06, 6.7041969487e-06, 6.11355517321e-06, 3.44888394466e-06, 2.85410987999e-06, 3.08798735205e-06, 3.94075459553e-06, 3.78170398108e-06, 6.19374895905e-06, 2.17497472477e-06, 1.38401708227e-06, 1.46534000578e-06, 2.84707766696e-06, 9.65416234067e-07, 7.18772241726e-07, 4.46769007567e-07, 2.03245889452e-07, 2.19802203105e-08, 1.40810210714e-10, 9.24042647954e-11, 1.76639536331e-10, 3.31734778536e-11, 3.22974494371e-11, 3.14852033334e-11, 3.06361359892e-11, 2.99247328306e-11, 2.91887902737e-11, 2.86442623093e-11, 2.82224070502e-11, 2.78739687581e-11, 2.75240854414e-11, 2.73246668347e-11]
    },
    "mfcc": {
        "mean": [-587.415222168, 75.4460830688, -12.4033164978, 21.4488887787, 1.94199085236, 11.6444444656, 3.69229578972, 8.28905582428, -3.23877501488, 2.09139561653, -4.2628030777, -5.76139831543, -2.8708627224],
        "cov": [[2212.79003906, -412.651794434, 23.4653491974, 32.5793151855, -31.6701641083, 59.3063964844, 68.2638549805, -7.06106805801, 60.633026123, 25.3468742371, -51.7700767517, 90.3924026489, 16.2433776855], [-412.651794434, 508.212646484, -98.1584701538, -36.4395942688, 23.0186080933, -13.6268949509, 20.2963790894, -5.7883682251, -50.098487854, 5.75996828079, 8.00989246368, -4.16852521896, 26.4899692535], [23.4653491974, -98.1584701538, 503.34487915, 116.047012329, 65.7757034302, 77.6016159058, 28.4559173584, -6.61747694016, 64.4948730469, 19.20952034, -25.1619033813, 26.922460556, -52.5132713318], [32.5793151855, -36.4395942688, 116.047012329, 207.318878174, 58.0352783203, 21.5357246399, -11.9217987061, 3.68118572235, 26.1739349365, 5.29795122147, -6.38534402847, 21.5673656464, -12.8499298096], [-31.6701641083, 23.0186080933, 65.7757034302, 58.0352783203, 123.914543152, 42.5771865845, 5.07391309738, 6.975086689, 8.84879112244, 10.5420703888, 4.64851522446, 7.71317243576, 2.59000492096], [59.3063964844, -13.6268949509, 77.6016159058, 21.5357246399, 42.5771865845, 133.864425659, 70.6901092529, 11.2609367371, 0.551360428333, -4.39583921432, 6.48260259628, -1.85650217533, -11.6621284485], [68.2638549805, 20.2963790894, 28.4559173584, -11.9217987061, 5.07391309738, 70.6901092529, 159.799682617, 35.8187294006, 3.44431090355, -0.719402313232, -14.543261528, -2.65640902519, -2.65664029121], [-7.06106805801, -5.7883682251, -6.61747694016, 3.68118572235, 6.975086689, 11.2609367371, 35.8187294006, 103.518539429, 41.9221839905, -6.18953704834, -5.63862943649, -25.4295196533, 1.6647490263], [60.633026123, -50.098487854, 64.4948730469, 26.1739349365, 8.84879112244, 0.551360428333, 3.44431090355, 41.9221839905, 124.167190552, 29.426240921, -30.9085788727, -4.84318113327, -8.54846572876], [25.3468742371, 5.75996828079, 19.20952034, 5.29795122147, 10.5420703888, -4.39583921432, -0.719402313232, -6.18953704834, 29.426240921, 68.8717956543, 29.8050689697, 7.03728294373, -7.55897092819], [-51.7700767517, 8.00989246368, -25.1619033813, -6.38534402847, 4.64851522446, 6.48260259628, -14.543261528, -5.63862943649, -30.9085788727, 29.8050689697, 99.8183059692, 15.5611610413, -10.4716892242], [90.3924026489, -4.16852521896, 26.922460556, 21.5673656464, 7.71317243576, -1.85650217533, -2.65640902519, -25.4295196533, -4.84318113327, 7.03728294373, 15.5611610413, 79.3329162598, 20.6107769012], [16.2433776855, 26.4899692535, -52.5132713318, -12.8499298096, 2.59000492096, -11.6621284485, -2.65664029121, 1.6647490263, -8.54846572876, -7.55897092819, -10.4716892242, 20.6107769012, 78.7149505615]],
        "icov": [[0.000622881576419, 0.000532396894414, 0.000220176778384, -2.35935658566e-05, 0.000172514352016, -0.000380546873203, -0.000142263495945, -0.000111499284685, 0.000134062385769, -0.000661851896439, 0.000709235901013, -0.000902058323845, 5.23808412254e-05], [0.000532396894414, 0.00269808573648, 0.000500321795698, 0.000222533693886, -0.000701789627783, 0.000131630949909, -0.000592822558247, -0.000202816954697, 0.00117584061809, -0.00138003728352, 0.000963208032772, -0.000616057543084, -0.000336248514941], [0.000220176778384, 0.000500321795698, 0.00308633805253, -0.000903290347196, -0.000659645476844, -0.0014086693991, -8.92860698514e-05, 0.000447883183369, -0.0008459482342, -0.000701072334778, 0.00133007776458, -0.00160826125648, 0.00193710194435], [-2.35935658566e-05, 0.000222533693886, -0.000903290347196, 0.0064449342899, -0.00248643266968, -8.59027932165e-05, 0.000950652756728, -0.000717002898455, -0.000298976548947, 0.000231466794503, 0.000599770457484, -0.00179036264308, 0.00103414943442], [0.000172514352016, -0.000701789627783, -0.000659645476844, -0.00248643266968, 0.0113124093041, -0.00395398167893, 0.00162821391132, -0.00133412226569, 0.000692941190209, -0.00237183389254, 0.000532885838766, -0.000359220954124, -0.00150781951379], [-0.000380546873203, 0.000131630949909, -0.0014086693991, -8.59027932165e-05, -0.00395398167893, 0.0130889918655, -0.0059536783956, 0.00181994063314, -0.0010397946462, 0.0039515318349, -0.00386182754301, 0.0023475678172, 4.84329648316e-05], [-0.000142263495945, -0.000592822558247, -8.92860698514e-05, 0.000950652756728, 0.00162821391132, -0.0059536783956, 0.0103663355112, -0.00469072163105, 0.00258646998554, -0.00332319457084, 0.00377011834644, -0.0020562466234, 0.000839630025439], [-0.000111499284685, -0.000202816954697, 0.000447883183369, -0.000717002898455, -0.00133412226569, 0.00181994063314, -0.00469072163105, 0.0161822345108, -0.00829317979515, 0.00679239723831, -0.00558984139934, 0.00599228451028, -0.00247503397986], [0.000134062385769, 0.00117584061809, -0.0008459482342, -0.000298976548947, 0.000692941190209, -0.0010397946462, 0.00258646998554, -0.00829317979515, 0.0164516475052, -0.0111271701753, 0.00865836814046, -0.00250198459253, 0.00157438288443], [-0.000661851896439, -0.00138003728352, -0.000701072334778, 0.000231466794503, -0.00237183389254, 0.0039515318349, -0.00332319457084, 0.00679239723831, -0.0111271701753, 0.0259991828352, -0.0123421419412, 0.00281391013414, -0.000511673628353], [0.000709235901013, 0.000963208032772, 0.00133007776458, 0.000599770457484, 0.000532885838766, -0.00386182754301, 0.00377011834644, -0.00558984139934, 0.00865836814046, -0.0123421419412, 0.0189260579646, -0.00633428944275, 0.00410197209567], [-0.000902058323845, -0.000616057543084, -0.00160826125648, -0.00179036264308, -0.000359220954124, 0.0023475678172, -0.0020562466234, 0.00599228451028, -0.00250198459253, 0.00281391013414, -0.00633428944275, 0.0191467404366, -0.00666579045355], [5.23808412254e-05, -0.000336248514941, 0.00193710194435, 0.00103414943442, -0.00150781951379, 4.84329648316e-05, 0.000839630025439, -0.00247503397986, 0.00157438288443, -0.000511673628353, 0.00410197209567, -0.00666579045355, 0.0168179254979]]
    },
    "spectral_contrast_coeffs": {
        "max": [-0.500225007534, -0.548400104046, -0.351602971554, -0.500073492527, -0.583421885967, -0.628984153271],
        "mean": [-0.715408146381, -0.772980213165, -0.721931934357, -0.749392807484, -0.756916344166, -0.741006076336],
        "min": [-0.877410233021, -0.913064777851, -0.897478163242, -0.875504791737, -0.871437549591, -0.868825078011],
        "stdev": [0.0586989596486, 0.0646879151464, 0.0824165046215, 0.0606934949756, 0.0461044684052, 0.0329043380916]
    },
    "spectral_contrast_valleys": {
        "max": [-5.40744686127, -5.40474939346, -5.88256454468, -5.63957262039, -5.60285949707, -7.33643054962],
        "mean": [-6.8235669136, -6.85590076447, -7.17398786545, -7.22610187531, -6.87062883377, -9.32371997833],
        "min": [-9.825507164, -9.3871383667, -10.6070356369, -10.1966581345, -9.98055362701, -12.212679863],
        "stdev": [0.615550279617, 0.554233849049, 0.587098002434, 0.549492120743, 0.567344903946, 0.670342743397]
    }
},
"rhythm": {
    "beats_count": 80,
    "beats_loudness": {
        "max": 0.079201079905,
        "mean": 0.0350391604006,
        "min": 0.00320794363506,
        "stdev": 0.011357486248
    },
    "bpm": 148.886016846,
    "bpm_histogram_first_peak_bpm": 148,
    "bpm_histogram_first_peak_weight": 0.472222208977,
    "bpm_histogram_second_peak_bpm": 140,
    "bpm_histogram_second_peak_spread": 0.25,
    "bpm_histogram_second_peak_weight": 0.0379746817052,
    "danceability": 1.14517199993,
    "onset_rate": 3.96826148033,
    "beats_loudness_band_ratio": {
        "max": [0.934036850929, 0.393941521645, 0.631948709488, 0.720143437386, 0.48464640975, 0.664542376995],
        "mean": [0.442371040583, 0.0784125775099, 0.0805681794882, 0.180433467031, 0.123269334435, 0.127254426479],
        "min": [0.00376561400481, 0.00516405701637, 0.00557318981737, 0.00502778496593, 0.00768360542133, 0.0139617342502],
        "stdev": [0.273678511381, 0.0700446665287, 0.104870185256, 0.176292747259, 0.105135731399, 0.0895459875464]
    },
