{
"metadata": {
    "version": {
        "essentia": "2.1-beta5",
        "essentia_git_sha": "Undefined",
        "extractor": "music 2.0"
    },
    "audio_properties": {
        "analysis": {
            "equal_loudness": 0,
            "length": 48.7502937317,
            "sample_rate": 44100,
            "start_time": 77.7520217896,
            "downmix": "mix"
        },
        "bit_rate": 192000,
        "length": 183.414428711,
        "lossless": 0,
        "number_channels": 2,
        "replay_gain": -8.95985984802,
        "sample_rate": 44100,
        "codec": "mp3",
        "md5_encoded": "70c82980c43463ebab209cb66d437d6e"
    },
    "tags": {
        "file_name": "Luxembourg_Quand Je Te Rêve_Céline Carzo.mp3",
        "encoding": ["Lavf58.29.100"]
    }
},
"lowlevel": {
    "average_loudness": 0.983944714069,
    "barkbands_crest": {
        "max": 24.2200450897,
        "mean": 9.20102596283,
        "min": 2.91198468208,
        "stdev": 3.64912891388
    },
    "barkbands_flatness_db": {
        "max": 0.344933241606,
        "mean": 0.20007699728,
        "min": 0.0942215994,
        "stdev": 0.0348516516387
    },
    "barkbands_kurtosis": {
        "max": 55.781463623,
        "mean": 3.19142055511,
        "min": -1.75361347198,
        "stdev": 5.4209728241
    },
    "barkbands_skewness": {
        "max": 6.14050626755,
        "mean": 1.27974426746,
        "min": -0.928308129311,
        "stdev": 0.917943239212
    },
    "barkbands_spread": {
        "max": 46.637676239,
        "mean": 13.8994617462,
        "min": 1.0683836937,
        "stdev": 7.2343916893
    },
    "dissonance": {
        "max": 0.5,
        "mean": 0.453139781952,
        "min": 0.259216308594,
        "stdev": 0.030419183895
    },
    "dynamic_complexity": 1.19653487206,
    "erbbands_crest": {
        "max": 27.6706867218,
        "mean": 10.0160589218,
        "min": 3.09315776825,
        "stdev": 4.27631855011
    },
    "erbbands_flatness_db": {
        "max": 0.367454200983,
        "mean": 0.243464574218,
        "min": 0.152991205454,
        "stdev": 0.0321896597743
    },
    "erbbands_kurtosis": {
        "max": 20.5382785797,
        "mean": 0.689235448837,
        "min": -1.79279792309,
        "stdev": 2.26888132095
    },
    "erbbands_skewness": {
        "max": 3.62202382088,
        "mean": 0.549579322338,
        "min": -2.1529519558,
        "stdev": 0.669140338898
    },
    "erbbands_spread": {
        "max": 74.7186813354,
        "mean": 26.6814746857,
        "min": 3.52333259583,
        "stdev": 11.5091495514
    },
    "hfc": {
        "max": 95.8368606567,
        "mean": 20.8881015778,
        "min": 0.458053320646,
        "stdev": 12.0432720184
    },
    "loudness_ebu128": {
        "integrated": -14.5792016983,
        "loudness_range": 1.3677406311,
        "momentary": {
            "max": -12.7657423019,
            "mean": -14.6814947128,
            "min": -17.9492435455,
            "stdev": 0.969970166683
        },
        "short_term": {
            "max": -13.8442840576,
            "mean": -14.606098175,
            "min": -15.9256181717,
            "stdev": 0.513483285904
        }
    },
    "melbands_crest": {
        "max": 30.1720066071,
        "mean": 11.4196014404,
        "min": 4.27214050293,
        "stdev": 4.16789340973
    },
    "melbands_flatness_db": {
        "max": 0.429235428572,
        "mean": 0.238530427217,
        "min": 0.0834686979651,
        "stdev": 0.0488175526261
    },
    "melbands_kurtosis": {
        "max": 77.6186599731,
        "mean": 6.48159360886,
        "min": -1.50827658176,
        "stdev": 8.35144138336
    },
    "melbands_skewness": {
        "max": 7.44034385681,
        "mean": 1.76574552059,
        "min": -1.21986234188,
        "stdev": 1.09061026573
    },
    "melbands_spread": {
        "max": 110.717247009,
        "mean": 18.2752914429,
        "min": 1.51885044575,
        "stdev": 10.2316446304
    },
    "pitch_salience": {
        "max": 0.870792388916,
        "mean": 0.60578250885,
        "min": 0.124251276255,
        "stdev": 0.0951705276966
    },
    "silence_rate_20dB": {
        "max": 1,
        "mean": 1,
        "min": 1,
        "stdev": 0
    },
    "silence_rate_30dB": {
        "max": 1,
        "mean": 0.999048054218,
        "min": 0,
        "stdev": 0.0308391824365
    },
    "silence_rate_60dB": {
        "max": 0,
        "mean": 0,
        "min": 0,
        "stdev": 0
    },
    "spectral_centroid": {
        "max": 3714.80053711,
        "mean": 1084.02258301,
        "min": 257.783569336,
        "stdev": 496.799591064
    },
    "spectral_complexity": {
        "max": 48,
        "mean": 20.4807243347,
        "min": 2,
        "stdev": 6.5238699913
    },
    "spectral_decrease": {
        "max": -2.12721049109e-10,
        "mean": -7.34159977256e-09,
        "min": -3.37413936791e-08,
        "stdev": 3.08761083367e-09
    },
    "spectral_energy": {
        "max": 0.135289981961,
        "mean": 0.0296034999192,
        "min": 0.000844407244585,
        "stdev": 0.0123721249402
    },
    "spectral_energyband_high": {
        "max": 0.00914299394935,
        "mean": 0.000238426669966,
        "min": 1.86821569059e-06,
        "stdev": 0.000449115847005
    },
    "spectral_energyband_low": {
        "max": 0.0657740756869,
        "mean": 0.00326635735109,
        "min": 7.261441624e-06,
        "stdev": 0.00465781521052
    },
    "spectral_energyband_middle_high": {
        "max": 0.0542571470141,
        "mean": 0.0083057526499,
        "min": 0.000108580745291,
        "stdev": 0.0075662904419
    },
    "spectral_energyband_middle_low": {
        "max": 0.11916501075,
        "mean": 0.0191058218479,
        "min": 0.000443734665168,
        "stdev": 0.0108797885478
    },
    "spectral_entropy": {
        "max": 8.20363807678,
        "mean": 7.08904361725,
        "min": 5.62231302261,
        "stdev": 0.350515723228
    },
    "spectral_flux": {
        "max": 0.31429207325,
        "mean": 0.0908673927188,
        "min": 0.0278560146689,
        "stdev": 0.03708184883
    },
    "spectral_kurtosis": {
        "max": 56.5291748047,
        "mean": 7.07986736298,
        "min": -1.05262029171,
        "stdev": 6.50015687943
    },
    "spectral_rms": {
        "max": 0.0114886993542,
        "mean": 0.00527098448947,
        "min": 0.00090764084598,
        "stdev": 0.00104795279913
    },
    "spectral_rolloff": {
        "max": 5167.96875,
        "mean": 1155.10461426,
        "min": 107.666015625,
        "stdev": 674.031677246
    },
    "spectral_skewness": {
        "max": 6.00654363632,
        "mean": 1.56780564785,
        "min": -0.0875989422202,
        "stdev": 0.760228335857
    },
    "spectral_spread": {
        "max": 20170582,
        "mean": 2559744.5,
        "min": 1254908,
        "stdev": 661501.0625
    },
    "spectral_strongpeak": {
        "max": 9.52787590027,
        "mean": 1.45838057995,
        "min": 0.0102128293365,
        "stdev": 1.42510819435
    },
    "zerocrossingrate": {
        "max": 0.1435546875,
        "mean": 0.0437340587378,
        "min": 0.00830078125,
        "stdev": 0.0159064363688
    },
    "barkbands": {
        "max": [0.000761553645134, 0.0359640493989, 0.0453454405069, 0.0438111945987, 0.0748863145709, 0.0421417616308, 0.0907586291432, 0.0588782355189, 0.0547913201153, 0.0439595393836, 0.0370517596602, 0.019097186625, 0.00854869931936, 0.0113799311221, 0.0170045476407, 0.0154743436724, 0.00969907827675, 0.00763093028218, 0.0110396267846, 0.00574260437861, 0.00468280771747, 0.00226387195289, 0.00109171681106, 0.000151157422806, 1.18758889585e-05, 9.65688286669e-07, 1.04045761873e-06],
        "mean": [1.49208744915e-05, 0.000966058112681, 0.00141371157952, 0.00197333935648, 0.00586599204689, 0.00387021549977, 0.00213691708632, 0.00243705534376, 0.00201606703922, 0.00242828414775, 0.00189972668886, 0.000952237925958, 0.00036510481732, 0.000576526450459, 0.000739728682674, 0.000397307157982, 0.000298380589811, 0.000296790531138, 0.000554908823688, 0.000277625425952, 7.30430547264e-05, 3.17537414958e-05, 1.38353552757e-05, 3.3071667076e-06, 6.87230908625e-07, 8.12158518215e-09, 1.6765409061e-09],
        "min": [9.31660260051e-09, 5.08212963268e-07, 1.07821915662e-06, 3.04704758491e-06, 3.84355516871e-05, 6.79356744513e-05, 9.05803153728e-06, 2.91054002446e-05, 1.62804135471e-05, 4.70119493912e-06, 2.98405598187e-06, 3.05610683426e-06, 4.1584085011e-06, 1.28881015371e-06, 2.94192034289e-07, 3.79763662295e-07, 3.37101369041e-07, 4.66927417619e-07, 4.59240311557e-07, 9.35707589633e-07, 1.78302485665e-07, 1.22533720059e-07, 1.50851320768e-07, 6.8983702306e-08, 1.57374948628e-08, 2.05409040471e-11, 2.66266366594e-11],
        "stdev": [3.32402305503e-05, 0.00212757964619, 0.00259753293358, 0.00289012282155, 0.00553545029834, 0.003915973939, 0.00382864847779, 0.00394776603207, 0.00351708382368, 0.00461614131927, 0.00392959546298, 0.00144546036609, 0.000605787092354, 0.000926069624256, 0.00137533189263, 0.000967050495092, 0.000717712857295, 0.000503872463014, 0.00100294337608, 0.000432779954281, 0.000172409578227, 0.000104019294668, 4.99477282574e-05, 9.86667055258e-06, 6.88287173034e-07, 2.1278310669e-08, 2.27149588028e-08]
    },
    "erbbands": {
        "max": [0.339384824038, 10.3150224686, 45.6119995117, 85.913482666, 207.406051636, 242.42906189, 329.300140381, 453.889404297, 1111.02209473, 790.122009277, 2221.51904297, 952.299621582, 1528.2590332, 1429.58520508, 1213.17932129, 850.295288086, 389.177368164, 555.178527832, 880.291564941, 1156.11120605, 822.763122559, 361.20489502, 294.190093994, 475.339782715, 749.822387695, 246.438247681, 214.057373047, 159.200241089, 100.200317383, 44.2937660217, 22.5327186584, 6.16567325592, 0.843587696552, 0.173000887036, 0.0694043859839, 0.00400235736743, 0.00175138376653, 0.000651228590868, 0.00015085117775, 0.000154981273226],
        "mean": [0.0144877713174, 0.27501770854, 1.44834136963, 4.41904687881, 12.3788328171, 19.5019741058, 31.6422462463, 28.995716095, 31.1610603333, 36.3480072021, 55.4515113831, 43.4929885864, 73.7638320923, 76.3829498291, 67.4514160156, 38.1303253174, 18.6235904694, 27.9277038574, 35.7974624634, 33.8119010925, 21.289068222, 15.0198936462, 14.2343540192, 23.7300815582, 27.0841503143, 13.6730823517, 5.01542949677, 2.01584720612, 1.16303610802, 0.753866136074, 0.342287480831, 0.125844866037, 0.0305011719465, 0.0112284561619, 0.00295807840303, 0.000135234382469, 3.51753224095e-05, 8.24605285743e-06, 1.59466417244e-05, 3.46373089997e-05],
        "min": [3.62404171028e-05, 0.000368675391655, 0.00444117048755, 0.0133587280288, 0.0370867997408, 0.112790904939, 0.511643528938, 0.408572405577, 0.226777330041, 0.218401357532, 0.911540985107, 0.974051833153, 0.730690777302, 0.409326761961, 0.512360870838, 0.212948530912, 0.177853360772, 0.108004972339, 0.0345489345491, 0.0297195091844, 0.0112666226923, 0.0191633272916, 0.0277175046504, 0.0441958978772, 0.0237617287785, 0.0483458302915, 0.0211563780904, 0.00528751313686, 0.00467277225107, 0.00537369120866, 0.00442338082939, 0.00184588634875, 0.00109588052146, 0.000462063413579, 0.00012618060282, 2.68129679171e-05, 7.35417052056e-06, 1.16361297842e-06, 1.78299046638e-06, 1.09891777811e-06],
        "stdev": [0.0263087935746, 0.608865916729, 2.69999885559, 6.08521795273, 14.7097682953, 21.2239379883, 33.4371299744, 32.1255950928, 51.5990829468, 57.3740081787, 98.4375228882, 68.6311264038, 123.377120972, 135.111297607, 126.464828491, 52.2304573059, 25.9533748627, 44.218372345, 63.4402961731, 68.327545166, 45.1819419861, 32.6016120911, 23.150390625, 39.553604126, 52.4117927551, 20.1641178131, 9.64438056946, 5.79708051682, 4.02783441544, 2.49486279488, 1.23179268837, 0.416521430016, 0.0622887201607, 0.0115775717422, 0.00371547346003, 0.000191144528799, 3.99111013394e-05, 1.46236825458e-05, 7.23679477233e-06, 1.43979013956e-05]
    },
    "gfcc": {
        "mean": [-32.2964324951, 167.011764526, -165.96546936, 29.0212745667, -64.6355895996, -13.3584594727, -24.4218921661, -12.0609741211, -19.8420372009, -18.6501674652, -0.617646992207, -22.2683143616, 5.15063524246],
        "cov": [[930.402526855, -242.962127686, -509.539001465, 234.921936035, 0.349717319012, -73.0412826538, 77.1523513794, -27.5522174835, 108.650184631, -20.2780323029, -21.2917194366, 27.3642559052, -70.113822937], [-242.962127686, 318.321228027, 238.402740479, -124.90397644, 125.934997559, -3.980717659, 27.8085689545, 46.0849838257, -56.1755561829, 45.6313095093, 42.6806602478, -50.3241767883, 1.46212530136], [-509.539001465, 238.402740479, 648.280517578, 13.9729309082, -79.5373840332, 97.1664505005, -87.8176422119, -24.0779705048, -41.2132606506, 19.6509609222, 29.7246875763, -13.9542989731, 0.534915268421], [234.921936035, -124.90397644, 13.9729309082, 305.103637695, -35.8096847534, 22.0832462311, -31.7995491028, -46.9157447815, 75.0480880737, -21.7135829926, -21.2799320221, 46.137550354, -28.7409763336], [0.349717319012, 125.934997559, -79.5373840332, -35.8096847534, 261.723144531, 9.43992519379, 71.1806259155, 71.8081054688, -41.4034919739, 10.5300788879, -2.69902968407, -26.8905086517, 14.0214328766], [-73.0412826538, -3.980717659, 97.1664505005, 22.0832462311, 9.43992519379, 224.657196045, 88.9511566162, -19.4313316345, -15.9536943436, -20.8807868958, -24.3373966217, 28.0020217896, 25.9456214905], [77.1523513794, 27.8085689545, -87.8176422119, -31.7995491028, 71.1806259155, 88.9511566162, 221.515792847, 47.7979774475, -62.0766944885, -1.39528012276, 13.5004472733, 3.00919103622, 15.1303215027], [-27.5522174835, 46.0849838257, -24.0779705048, -46.9157447815, 71.8081054688, -19.4313316345, 47.7979774475, 104.311576843, 1.280788064, 18.6321697235, 20.8056373596, -14.224738121, 1.49544370174], [108.650184631, -56.1755561829, -41.2132606506, 75.0480880737, -41.4034919739, -15.9536943436, -62.0766944885, 1.280788064, 140.738006592, 24.9003620148, -15.6301527023, 34.924495697, -6.65883541107], [-20.2780323029, 45.6313095093, 19.6509609222, -21.7135829926, 10.5300788879, -20.8807868958, -1.39528012276, 18.6321697235, 24.9003620148, 83.7520523071, 37.3987388611, -9.55521965027, 1.37836229801], [-21.2917194366, 42.6806602478, 29.7246875763, -21.2799320221, -2.69902968407, -24.3373966217, 13.5004472733, 20.8056373596, -15.6301527023, 37.3987388611, 76.1631011963, 9.95055007935, -13.093875885], [27.3642559052, -50.3241767883, -13.9542989731, 46.137550354, -26.8905086517, 28.0020217896, 3.00919103622, -14.224738121, 34.924495697, -9.55521965027, 9.95055007935, 89.1292648315, 30.0154438019], [-70.113822937, 1.46212530136, 0.534915268421, -28.7409763336, 14.0214328766, 25.9456214905, 15.1303215027, 1.49544370174, -6.65883541107, 1.37836229801, -13.093875885, 30.0154438019, 76.7321166992]],
        "icov": [[0.00398622499779, -0.00222827191465, 0.00410047918558, -0.00364068313502, 0.00169908255339, -0.000120861033793, -0.00103163416497, 0.000702896737494, -0.000955727358814, 0.000337585312082, -0.000363234867109, 0.000574845646042, 0.00183687906247], [-0.00222827191465, 0.0184176005423, -0.0119136292487, 0.0089888907969, -0.0122670195997, 0.00616875290871, -0.00651142653078, 0.00665056100115, -0.00674712099135, 0.000853468140122, -0.00530242267996, 0.00373404612765, -0.000593341945205], [0.00410047918558, -0.0119136292487, 0.012148283422, -0.00824920460582, 0.00902256835252, -0.00586315710098, 0.0054257013835, -0.00463772099465, 0.00517848832533, -0.00136625056621, 0.00160590768792, -0.000957243086305, 0.00127604021691], [-0.00364068313502, 0.0089888907969, -0.00824920460582, 0.0110678477213, -0.00695497822016, 0.00294872233644, -0.00286801997572, 0.00463729305193, -0.00491589168087, 0.00133187440224, -0.00107641145587, -0.00126969220582, 0.00131660548504], [0.00169908255339, -0.0122670195997, 0.00902256835252, -0.00695497822016, 0.0139735583216, -0.00496947439387, 0.00469973776489, -0.00884386431426, 0.00738412560895, -0.00260405126028, 0.00540176127106, -0.00195867125876, -0.000133593988721], [-0.000120861033793, 0.00616875290871, -0.00586315710098, 0.00294872233644, -0.00496947439387, 0.0106126042083, -0.00779165280983, 0.00566515699029, -0.00440880702808, 0.00133639131673, 0.00116748025175, -0.000767869292758, -0.000244044029387], [-0.00103163416497, -0.00651142653078, 0.0054257013835, -0.00286801997572, 0.00469973776489, -0.00779165280983, 0.0134598379955, -0.00865368545055, 0.00935290195048, -0.0030853273347, 0.00190071889665, -0.00312720774673, -0.000225553652854], [0.000702896737494, 0.00665056100115, -0.00463772099465, 0.00463729305193, -0.00884386431426, 0.00566515699029, -0.00865368545055, 0.0207921471447, -0.0108167063445, 0.00419106613845, -0.00832299422473, 0.00564925279468, -0.00135759892873], [-0.000955727358814, -0.00674712099135, 0.00517848832533, -0.00491589168087, 0.00738412560895, -0.00440880702808, 0.00935290195048, -0.0108167063445, 0.0219128075987, -0.0122870495543, 0.0131312822923, -0.0115669993684, 0.00477364938706], [0.000337585312082, 0.000853468140122, -0.00136625056621, 0.00133187440224, -0.00260405126028, 0.00133639131673, -0.0030853273347, 0.00419106613845, -0.0122870495543, 0.0244750529528, -0.0169474370778, 0.0108249140903, -0.00728104449809], [-0.000363234867109, -0.00530242267996, 0.00160590768792, -0.00107641145587, 0.00540176127106, 0.00116748025175, 0.00190071889665, -0.00832299422473, 0.0131312822923, -0.0169474370778, 0.0327007323503, -0.0166164431721, 0.011284369044], [0.000574845646042, 0.00373404612765, -0.000957243086305, -0.00126969220582, -0.00195867125876, -0.000767869292758, -0.00312720774673, 0.00564925279468, -0.0115669993684, 0.0108249140903, -0.0166164431721, 0.0263158697635, -0.0132184671238], [0.00183687906247, -0.000593341945205, 0.00127604021691, 0.00131660548504, -0.000133593988721, -0.000244044029387, -0.000225553652854, -0.00135759892873, 0.00477364938706, -0.00728104449809, 0.011284369044, -0.0132184671238, 0.0230255760252]]
    },
    "melbands": {
        "max": [0.00594147853553, 0.0188363995403, 0.0188450124115, 0.0191871412098, 0.0114723853767, 0.00919205788523, 0.0174227468669, 0.00701703317463, 0.0213739816099, 0.00715050427243, 0.00767396716401, 0.00607125833631, 0.00556728616357, 0.0025793784298, 0.00233830278739, 0.000942002458032, 0.00126666738652, 0.00146540650167, 0.00143826473504, 0.00139709329233, 0.00120437925216, 0.000563978741411, 0.000675968884025, 0.000375522911781, 0.000453479529824, 0.000652012007777, 0.000276911247056, 0.000178854796104, 0.000160405979841, 0.000126076382003, 7.61207047617e-05, 6.26847468084e-05, 2.80476178887e-05, 2.84654197458e-05, 1.55502275447e-05, 7.14395946488e-06, 3.57837143383e-06, 6.144962299e-07, 2.71425903975e-07, 1.488505319e-07],
        "mean": [0.000197630113689, 0.000646000436973, 0.000990285887383, 0.00117112894077, 0.0010553332977, 0.000664689927362, 0.000476907443954, 0.000427127437433, 0.000419184972998, 0.000282172171865, 0.000371413683752, 0.000307940354105, 0.000273669516901, 0.00011848424765, 5.51305856789e-05, 3.9268135879e-05, 5.23127455381e-05, 5.50978948013e-05, 5.38310669072e-05, 3.28301393893e-05, 2.51392739301e-05, 1.67823855008e-05, 1.18155112432e-05, 1.42886347021e-05, 1.93033902178e-05, 2.26671145356e-05, 1.35631089506e-05, 8.10240726423e-06, 3.49364427166e-06, 1.69445218035e-06, 9.51977256136e-07, 6.67386188979e-07, 5.48193611394e-07, 3.63462248743e-07, 2.1328688149e-07, 1.20520226687e-07, 5.61767805607e-08, 2.16164757205e-08, 1.2128544391e-08, 8.66470184491e-09],
        "min": [1.42000857295e-07, 6.106392334e-07, 3.452021474e-06, 6.18709464106e-06, 1.40500305861e-05, 1.09502079795e-05, 1.59887304108e-06, 2.72054171546e-06, 7.18604906069e-06, 2.87630905405e-06, 3.28724422616e-06, 1.27980160869e-06, 1.14473141366e-06, 4.36864297626e-07, 3.23695616089e-07, 3.31223787953e-07, 1.50185073267e-07, 5.58264439121e-08, 2.83050134442e-08, 2.56709071778e-08, 1.06228723595e-08, 1.88178432836e-08, 2.05834407296e-08, 1.84828898853e-08, 3.2894650559e-08, 1.23029497701e-08, 1.49999177523e-08, 2.29901342408e-08, 1.42605971476e-08, 4.02504074515e-09, 1.60995172749e-09, 1.13844744742e-09, 8.98363550217e-10, 1.71458480747e-09, 1.3262125842e-09, 1.25153409858e-09, 9.71321689747e-10, 7.11063152803e-10, 5.68792013489e-10, 2.2052849824e-10],
        "stdev": [0.00039759799256, 0.00113203527872, 0.00122334959451, 0.0012492176611, 0.00104254228063, 0.000712082372047, 0.000806244788691, 0.000642177998088, 0.000800519774202, 0.000479277397972, 0.000638012366835, 0.000585937465075, 0.000581779866479, 0.000189742873772, 8.61375083332e-05, 6.13748416072e-05, 9.24084379221e-05, 0.000103445876448, 0.000106031642645, 8.19815031718e-05, 6.3251805841e-05, 4.09621388826e-05, 3.02535408991e-05, 2.2950627681e-05, 3.54162584699e-05, 4.86857752549e-05, 2.40014378505e-05, 1.32746154122e-05, 7.36688753022e-06, 4.4572607294e-06, 3.07404252453e-06, 2.4877379019e-06, 1.6809282215e-06, 1.31548438276e-06, 8.24816311251e-07, 4.18773055344e-07, 1.87719649603e-07, 4.44517809228e-08, 1.70517076015e-08, 8.02400990096e-09]
    },
    "melbands128": {
        "max": [0.000391818233766, 0.00294731394388, 0.00545653607696, 0.0229628812522, 0.0284940972924, 0.0223747100681, 0.0167512781918, 0.0241412259638, 0.023173591122, 0.027737762779, 0.0142570054159, 0.0178751088679, 0.0147285927087, 0.0115928892046, 0.0167434439063, 0.0103724133223, 0.00954657606781, 0.0326945446432, 0.0293474309146, 0.0111783547327, 0.00959106534719, 0.0181811098009, 0.0361718758941, 0.0229062158614, 0.00681445980445, 0.0169313773513, 0.0091337505728, 0.0144413895905, 0.0139093585312, 0.0125773921609, 0.00976719241589, 0.00666810944676, 0.0112344035879, 0.00269350479357, 0.00603890419006, 0.00551060447469, 0.00274809543043, 0.00489078974351, 0.00157906603999, 0.00120129971765, 0.00187748495955, 0.00179437582847, 0.00193652743474, 0.00289068231359, 0.00195161707234, 0.00334529136308, 0.00449932785705, 0.00230650906451, 0.00316993403248, 0.002773439046, 0.00190880056471, 0.00144190597348, 0.00226966221817, 0.00131193210836, 0.00211370317265, 0.000815452367533, 0.000887128757313, 0.00136781216133, 0.0008055306389, 0.00038939746446, 0.000378938915674, 0.00128932087682, 0.000934454030357, 0.000828601769172, 0.00123808172066, 0.00152404000983, 0.00161328108516, 0.000668243097607, 0.00051766494289, 0.000632397131994, 0.000247105286689, 0.000172424683115, 0.000411768152844, 0.00012759854144, 0.000121451179439, 0.000158040653332, 0.000100801014923, 0.000108887397801, 7.91668499005e-05, 5.55508231628e-05, 4.46901613032e-05, 0.000109420332592, 4.20866963395e-05, 3.27896850649e-05, 3.7477537262e-05, 3.10774776153e-05, 3.53168215952e-05, 2.26413994824e-05, 1.98258403543e-05, 1.08084395833e-05, 7.81782182457e-06, 6.99952579453e-06, 7.30674764782e-06, 4.76173590869e-06, 2.63225706476e-06, 1.05556614471e-06, 5.48058153527e-07, 5.3776778941e-07, 3.62531153542e-07, 2.62093067249e-07, 1.09116882641e-07, 1.72059614556e-07, 3.33044738454e-07, 1.64812576031e-07, 1.01641951744e-07, 6.29098124705e-08, 9.2284038189e-09, 7.12277259396e-09, 6.76667122335e-09, 6.46052056297e-09, 6.18336581937e-09, 5.85395465436e-09, 5.34487565318e-09, 5.21628251704e-09, 5.0866439949e-09, 5.42057154718e-09, 5.1469264406e-09, 4.89551732485e-09, 4.74114347782e-09, 4.59637439221e-09, 4.48226344929e-09, 4.3858898735e-09, 4.29277458025e-09, 4.21931245498e-09, 4.14268042093e-09, 4.08166167531e-09, 4.05769062795e-09, 4.03600619592e-09],
        "mean": [1.13510623123e-05, 7.3013768997e-05, 0.000230123565416, 0.000516204047017, 0.000688257685397, 0.000700727337971, 0.000826973933727, 0.0010510898428, 0.00128447078168, 0.00126076268498, 0.00102580490056, 0.00105762574822, 0.0012682051165, 0.00077609939035, 0.000587773683947, 0.000708509236574, 0.000485360418679, 0.000482109433506, 0.000371764006559, 0.000401980272727, 0.000410478387494, 0.000622081162874, 0.00042934040539, 0.000215135383769, 0.000241482950514, 0.000286063848762, 0.000426587299444, 0.000392461573938, 0.000308515765937, 0.000349145353539, 0.000249165517744, 0.00032459871727, 0.000417392177042, 8.46616312629e-05, 0.000133101639221, 0.000131595152197, 0.000103301099443, 3.75405616069e-05, 4.24160862167e-05, 3.54838521162e-05, 2.8282220228e-05, 6.31362418062e-05, 4.88283840241e-05, 5.48710195289e-05, 4.41621414211e-05, 5.48129646631e-05, 6.9217850978e-05, 5.18197921338e-05, 4.68215293949e-05, 5.47177296539e-05, 2.70410273515e-05, 1.53839864652e-05, 2.75545608019e-05, 2.3764114303e-05, 3.20240833389e-05, 1.19900514619e-05, 9.93212688627e-06, 1.23051613627e-05, 1.27798602989e-05, 1.05175131466e-05, 1.25389942696e-05, 1.80180923053e-05, 2.1371355615e-05, 1.77718793566e-05, 1.8926732082e-05, 2.45410683419e-05, 2.62822450168e-05, 1.46662314364e-05, 1.09031152533e-05, 1.07327059595e-05, 9.12011364562e-06, 6.35292644802e-06, 4.27806025982e-06, 3.30068246512e-06, 2.03982381208e-06, 2.00900853997e-06, 1.33932667268e-06, 1.14965178e-06, 8.56581664266e-07, 8.43521775096e-07, 6.6365339535e-07, 6.31807040463e-07, 5.66707058169e-07, 5.95354492816e-07, 4.68777074047e-07, 4.07737189789e-07, 3.22177442058e-07, 2.76906490626e-07, 2.16699589828e-07, 1.655077142e-07, 1.27282874018e-07, 1.16949216533e-07, 9.1751672926e-08, 5.31111687962e-08, 3.81296132446e-08, 2.43768134567e-08, 1.93613871602e-08, 1.49240939606e-08, 1.21374910123e-08, 1.17382841225e-08, 7.09595893156e-09, 8.96056739919e-09, 8.29322566176e-09, 7.52606688081e-09, 1.8008751157e-09, 7.33720195711e-10, 1.16104278969e-10, 1.77767679049e-11, 2.76213669992e-11, 4.10952903651e-11, 5.72369651675e-11, 5.97340718556e-11, 6.34256258625e-11, 6.47080236615e-11, 6.38222183436e-11, 4.73790034983e-11, 1.54184425644e-11, 6.90470163683e-12, 6.70152605284e-12, 6.52381404107e-12, 6.36941367704e-12, 6.23852271925e-12, 6.11056691358e-12, 6.00217705399e-12, 5.91183352272e-12, 5.83941228705e-12, 5.79737733514e-12, 5.76509673333e-12],
        "min": [1.84886050913e-09, 1.90027069635e-08, 6.92330885954e-08, 7.58457687766e-08, 1.05282914831e-07, 3.43585242035e-07, 6.58436221102e-08, 1.75994830443e-06, 1.30310490931e-06, 9.1773438271e-07, 3.85862995245e-06, 8.43560792418e-06, 3.38291329172e-06, 5.40141354577e-06, 3.39465577781e-06, 8.23116806714e-07, 8.63764284986e-07, 3.10389623337e-07, 4.85960129026e-07, 5.12306939981e-07, 3.18507602515e-07, 1.48147762502e-06, 4.02266493893e-07, 7.99373822247e-07, 5.18452111464e-07, 5.74922694341e-07, 7.22287495591e-07, 6.99930978953e-07, 4.56447054376e-07, 7.03333000729e-08, 3.17486183121e-07, 1.24846692984e-07, 6.66670061378e-08, 1.36471285828e-07, 9.33846422413e-08, 2.81121288026e-07, 7.12820451554e-08, 9.20925771197e-08, 1.34317303946e-07, 3.61558356587e-08, 7.84898190886e-08, 1.08253871645e-07, 2.54413645706e-08, 6.08673502711e-08, 3.71107553576e-08, 4.17823393661e-08, 2.93049851052e-08, 1.25681109964e-09, 1.94000442377e-08, 2.98881772665e-08, 9.53716039476e-09, 8.19948020592e-09, 1.83535475706e-09, 8.14013567663e-09, 8.09238365207e-09, 4.04091382578e-09, 5.67658897666e-09, 1.64269806646e-08, 5.26955945546e-09, 2.14678230748e-09, 5.18830045593e-09, 3.66215280323e-09, 5.79826853198e-09, 1.40353213496e-08, 3.12274517356e-09, 2.51949305863e-09, 1.40586573494e-08, 1.05574171627e-08, 7.94971910523e-09, 7.13232495286e-09, 6.19037843208e-09, 3.07222181029e-09, 1.00878851939e-08, 1.95758009802e-09, 2.5451307728e-10, 8.06587241442e-10, 1.70118052978e-09, 1.58215565649e-10, 4.04242507523e-11, 4.89314352925e-11, 5.76227190963e-11, 1.81165818458e-10, 5.88740861618e-11, 1.15026960179e-10, 8.10293637743e-11, 1.58923860183e-10, 2.91910245975e-10, 5.64757546284e-11, 2.33041141939e-10, 1.28067181859e-10, 1.13078393871e-10, 2.56358892448e-11, 5.19766674145e-10, 7.64423732647e-11, 1.0696529773e-10, 1.00039962425e-10, 2.03844753577e-11, 4.23375362546e-11, 6.56627113793e-11, 1.4833922285e-11, 1.26766416808e-10, 8.12796427385e-11, 3.89903630216e-11, 1.56781393423e-11, 6.39664373987e-13, 1.0752781044e-13, 6.16889623151e-14, 8.41659844575e-14, 9.43367224073e-14, 9.37793137416e-14, 9.2362024333e-14, 9.67192973389e-14, 1.16541948618e-13, 9.20399891827e-14, 1.12583214778e-13, 9.85153324477e-14, 7.66543200984e-14, 7.37711690238e-14, 7.48805314629e-14, 6.24997490285e-14, 6.48631064766e-14, 6.88804346676e-14, 6.16219925022e-14, 6.40609798281e-14, 7.52068966456e-14, 7.03532758851e-14, 7.13928902433e-14, 8.9032947681e-14],
        "stdev": [2.54693168245e-05, 0.000158739087055, 0.000490039179567, 0.00128045247402, 0.00150993990246, 0.00124828366097, 0.00126508367248, 0.00157507287804, 0.00173437409103, 0.00179507117718, 0.00132698018569, 0.00130323763005, 0.00155132310465, 0.00105024199001, 0.000848370080348, 0.00103715399746, 0.000834136852063, 0.00125932262745, 0.000933731440455, 0.00088722188957, 0.000789297861047, 0.00115668738727, 0.00120086001698, 0.000697167008184, 0.000502161681652, 0.000786151154898, 0.00094401667593, 0.000977541436441, 0.000902792147826, 0.00101793312933, 0.000693949172273, 0.000704113510437, 0.00112241890747, 0.00019178976072, 0.000316510006087, 0.000265173614025, 0.000176476431079, 0.000130356755108, 8.9452129032e-05, 7.18134178896e-05, 8.31395373098e-05, 0.000129520616611, 0.000110096305434, 0.000174296903424, 0.000105895283923, 0.000171288891579, 0.000188896621694, 0.000157748261699, 0.000151715343236, 0.000161266114446, 0.000106760453491, 5.23100425198e-05, 0.000101036515844, 6.97126815794e-05, 0.000118699870654, 3.76761308871e-05, 3.67336906493e-05, 4.81917595607e-05, 3.59330479114e-05, 2.49979821092e-05, 2.36894775298e-05, 5.02974799019e-05, 5.9182078985e-05, 4.46573467343e-05, 5.44590366189e-05, 7.89878249634e-05, 7.9003679275e-05, 4.18582385464e-05, 2.60248452832e-05, 2.45192040893e-05, 1.77835991053e-05, 1.4114843907e-05, 1.3794267943e-05, 6.88571299179e-06, 5.4319202718e-06, 5.82675556871e-06, 3.85306975659e-06, 3.89748493035e-06, 3.29065778715e-06, 2.83369263343e-06, 2.51419169217e-06, 3.14060139317e-06, 1.93748405763e-06, 1.6744372715e-06, 1.82317683084e-06, 1.45410604091e-06, 1.39035876145e-06, 1.15240175091e-06, 9.06580339688e-07, 6.34082198303e-07, 4.70664815566e-07, 4.33354330198e-07, 3.72799007664e-07, 2.00105873205e-07, 9.82576509045e-08, 6.60925678631e-08, 3.85750311693e-08, 3.12786241352e-08, 2.07035597555e-08, 1.63136721909e-08, 7.46745953961e-09, 9.2254319739e-09, 1.20869394493e-08, 8.46892955764e-09, 4.8582107226e-09, 3.0916391669e-09, 5.28646737497e-10, 1.57336185747e-10, 1.49672663152e-10, 1.44596168372e-10, 1.38602990196e-10, 1.31391120206e-10, 1.20312565466e-10, 1.1743565842e-10, 1.15378470666e-10, 1.22988993989e-10, 1.12982158351e-10, 1.06874814554e-10, 1.03505801152e-10, 1.00346751741e-10, 9.78558484244e-11, 9.57514137423e-11, 9.37192684569e-11, 9.21156831368e-11, 9.04432223559e-11, 8.91117526991e-11, 8.85874082424e-11, 8.81141687392e-11]
    },
    "mfcc": {
        "mean": [-654.569824219, 178.704742432, -35.729259491, 31.2176971436, -18.0844631195, -4.9445476532, -0.241567701101, -4.85741043091, -9.90671253204, 2.1888999939, -10.4979019165, -11.147064209, -2.58370137215],
        "cov": [[1459.4810791, -562.351623535, -546.834106445, 222.636062622, -156.432113647, 88.6363067627, -187.710037231, 115.622169495, -15.1417779922, 50.3663673401, 24.4219913483, 13.5531101227, 11.6102647781], [-562.351623535, 581.516052246, 55.3097991943, -99.0079956055, 105.437896729, -111.836090088, 214.473571777, -85.7970275879, 5.55008220673, 53.178855896, 36.8955383301, -26.9301013947, 7.93687391281], [-546.834106445, 55.3097991943, 697.716796875, -29.3751468658, 26.3976478577, 89.625579834, -69.0017929077, -31.5249633789, -39.1280975342, -86.6006317139, 2.50252938271, 77.6323165894, -21.9000530243], [222.636062622, -99.0079956055, -29.3751468658, 208.144088745, 39.391242981, -6.8711476326, -55.9642753601, 10.6703701019, -14.8045186996, -1.80138218403, 10.2435970306, 35.0682029724, 18.114440918], [-156.432113647, 105.437896729, 26.3976478577, 39.391242981, 185.008834839, -16.0088710785, -17.956911087, -15.7585916519, 17.149848938, -0.0975970998406, 4.22516012192, 10.0528707504, 0.648370444775], [88.6363067627, -111.836090088, 89.625579834, -6.8711476326, -16.0088710785, 209.581817627, 17.6723632812, 53.8177566528, 50.6243133545, -45.0389785767, -4.94165992737, 6.34445428848, -1.14890193939], [-187.710037231, 214.473571777, -69.0017929077, -55.9642753601, -17.956911087, 17.6723632812, 311.252227783, 32.2872123718, 13.861289978, 52.3878555298, -6.40138626099, -54.6669464111, 17.0507621765], [115.622169495, -85.7970275879, -31.5249633789, 10.6703701019, -15.7585916519, 53.8177566528, 32.2872123718, 121.422843933, 37.0883903503, -14.5123157501, -7.26313257217, -8.57372951508, 9.40278339386], [-15.1417779922, 5.55008220673, -39.1280975342, -14.8045186996, 17.149848938, 50.6243133545, 13.861289978, 37.0883903503, 114.999389648, -1.40326976776, -11.7863836288, -5.01908445358, 9.42250823975], [50.3663673401, 53.178855896, -86.6006317139, -1.80138218403, -0.0975970998406, -45.0389785767, 52.3878555298, -14.5123157501, -1.40326976776, 120.650909424, 23.3938236237, -35.6906890869, -2.2934422493], [24.4219913483, 36.8955383301, 2.50252938271, 10.2435970306, 4.22516012192, -4.94165992737, -6.40138626099, -7.26313257217, -11.7863836288, 23.3938236237, 85.0819168091, 25.8709125519, 0.481924206018], [13.5531101227, -26.9301013947, 77.6323165894, 35.0682029724, 10.0528707504, 6.34445428848, -54.6669464111, -8.57372951508, -5.01908445358, -35.6906890869, 25.8709125519, 110.687721252, 28.1469688416], [11.6102647781, 7.93687391281, -21.9000530243, 18.114440918, 0.648370444775, -1.14890193939, 17.0507621765, 9.40278339386, 9.42250823975, -2.2934422493, 0.481924206018, 28.1469688416, 72.3299026489]],
        "icov": [[0.00339800235815, 0.000415152724599, 0.00301874312572, -0.00244633038528, 0.00237391982228, -0.00312778539956, 0.00252333795652, -0.00209709466435, 0.00240005971864, -0.00243908120319, 0.000225731928367, -0.0015299707884, 0.000746380013879], [0.000415152724599, 0.00592034030706, -0.000752367428504, 0.00147968984675, -0.002842776943, 0.00325984694064, -0.00442806910723, 0.00352411065251, -0.00215721386485, 0.00112778518815, -0.00340144149959, 0.000827994488645, -0.000634442607407], [0.00301874312572, -0.000752367428504, 0.00484145246446, -0.00195363699459, 0.00224054325372, -0.00451164133847, 0.00323790498078, -0.00213507027365, 0.00361557817087, -0.00184464175254, 0.00113322434481, -0.00293850293383, 0.00158214359544], [-0.00244633038528, 0.00147968984675, -0.00195363699459, 0.00828482862562, -0.00412411242723, 0.00289767142385, -0.00213920907117, 0.00134315283503, -0.000774278014433, 0.00131058727857, -0.000922837585676, -0.000287595961709, -0.00176291400567], [0.00237391982228, -0.002842776943, 0.00224054325372, -0.00412411242723, 0.00945547688752, -0.00323503953405, 0.00417770026252, -0.00241727172397, 0.000950767949689, -0.00217058765702, 0.00156908319332, -0.00136366207153, 0.00116291712038], [-0.00312778539956, 0.00325984694064, -0.00451164133847, 0.00289767142385, -0.00323503953405, 0.0121266068891, -0.00590995512903, 0.00237276568078, -0.00675061531365, 0.00538792554289, -0.00332725280896, 0.00264717661776, -0.000598741637077], [0.00252333795652, -0.00442806910723, 0.00323790498078, -0.00213920907117, 0.00417770026252, -0.00590995512903, 0.00990394689143, -0.00562941096723, 0.00427022529766, -0.00467553315684, 0.00308132148348, -0.000421414733864, -0.000698325515259], [-0.00209709466435, 0.00352411065251, -0.00213507027365, 0.00134315283503, -0.00241727172397, 0.00237276568078, -0.00562941096723, 0.0145754199475, -0.00566980568692, 0.00413350900635, -0.00269951042719, 0.00276486296207, -0.00172956706956], [0.00240005971864, -0.00215721386485, 0.00361557817087, -0.000774278014433, 0.000950767949689, -0.00675061531365, 0.00427022529766, -0.00566980568692, 0.0146197658032, -0.00372446211986, 0.00340663222596, -0.00238045910373, -0.000364212406566], [-0.00243908120319, 0.00112778518815, -0.00184464175254, 0.00131058727857, -0.00217058765702, 0.00538792554289, -0.00467553315684, 0.00413350900635, -0.00372446211986, 0.0147285852581, -0.00571830803528, 0.00555237755179, -0.00111948768608], [0.000225731928367, -0.00340144149959, 0.00113322434481, -0.000922837585676, 0.00156908319332, -0.00332725280896, 0.00308132148348, -0.00269951042719, 0.00340663222596, -0.00571830803528, 0.0168811585754, -0.00617435760796, 0.00213403790258], [-0.0015299707884, 0.000827994488645, -0.00293850293383, -0.000287595961709, -0.00136366207153, 0.00264717661776, -0.000421414733864, 0.00276486296207, -0.00238045910373, 0.00555237755179, -0.00617435760796, 0.0163874421269, -0.00671860156581], [0.000746380013879, -0.000634442607407, 0.00158214359544, -0.00176291400567, 0.00116291712038, -0.000598741637077, -0.000698325515259, -0.00172956706956, -0.000364212406566, -0.00111948768608, 0.00213403790258, -0.00671860156581, 0.0176776815206]]
    },
    "spectral_contrast_coeffs": {
        "max": [-0.321803510189, -0.518182694912, -0.473120450974, -0.612536847591, -0.595807552338, -0.461423933506],
        "mean": [-0.649326205254, -0.743880689144, -0.726138114929, -0.77380001545, -0.752220034599, -0.68292093277],
        "min": [-0.914201498032, -0.914340138435, -0.877599656582, -0.895842969418, -0.904186606407, -0.907299399376],
        "stdev": [0.0787572786212, 0.059262752533, 0.0700379759073, 0.0462903566658, 0.0506942272186, 0.050723657012]
    },
    "spectral_contrast_valleys": {
        "max": [-4.93473100662, -4.38442277908, -5.61239480972, -6.01599884033, -5.70094060898, -9.83678245544],
        "mean": [-6.57600593567, -6.16368484497, -6.89440774918, -7.49089431763, -7.74463605881, -12.3482275009],
        "min": [-9.41696643829, -7.93899011612, -9.03676700592, -10.4383382797, -10.3243875504, -13.7225656509],
        "stdev": [0.574097692966, 0.483320742846, 0.484914422035, 0.600359201431, 0.708109378815, 0.590358436108]
    }
},
"rhythm": {
    "beats_count": 112,
    "beats_loudness": {
        "max": 0.0672701746225,
        "mean": 0.0335064455867,
        "min": 0.0108957998455,
        "stdev": 0.0115279080346
    },
    "bpm": 139.266418457,
    "bpm_histogram_first_peak_bpm": 140,
    "bpm_histogram_first_peak_weight": 0.44000005722,
    "bpm_histogram_second_peak_bpm": 133,
    "bpm_histogram_second_peak_spread": 0.25,
    "bpm_histogram_second_peak_weight": 0.0540540553629,
    "danceability": 1.50394082069,
    "onset_rate": 2.6455078125,
    "beats_loudness_band_ratio": {
        "max": [0.852432787418, 0.838271617889, 0.715289711952, 0.826161026955, 0.320382833481, 0.298042565584],
        "mean": [0.262197256088, 0.322082966566, 0.226648524404, 0.171617627144, 0.0642326325178, 0.0334549285471],
        "min": [0.0101192267612, 0.0172539278865, 0.0128226112574, 0.00895054172724, 0.00133568490855, 0.00115529214963],
        "stdev": [0.190072581172, 0.189309284091, 0.144968017936, 0.170914828777, 0.0616191662848, 0.0455367788672]
    },
