{
"metadata": {
    "version": {
        "essentia": "2.1-beta5",
        "essentia_git_sha": "Undefined",
        "extractor": "music 2.0"
    },
    "audio_properties": {
        "analysis": {
            "equal_loudness": 0,
            "length": 12.7477550507,
            "sample_rate": 44100,
            "start_time": 0,
            "downmix": "mix"
        },
        "bit_rate": 192000,
        "length": 177.806808472,
        "lossless": 0,
        "number_channels": 1,
        "replay_gain": -13.1389942169,
        "sample_rate": 48000,
        "codec": "mp3",
        "md5_encoded": "3c350c869a6a689cbb8238ee6a26e34e"
    },
    "tags": {
        "file_name": "Cyprus_Milas Poli_Haris Anastasiou.mp3",
        "encoding": ["Lavf58.29.100"]
    }
},
"lowlevel": {
    "average_loudness": 0.968665897846,
    "barkbands_crest": {
        "max": 15.540930748,
        "mean": 6.09883546829,
        "min": 2.42716598511,
        "stdev": 2.53431725502
    },
    "barkbands_flatness_db": {
        "max": 0.235619097948,
        "mean": 0.120587907732,
        "min": 0.0500877574086,
        "stdev": 0.0213757380843
    },
    "barkbands_kurtosis": {
        "max": 15.9849243164,
        "mean": -0.3647133708,
        "min": -1.77325725555,
        "stdev": 1.60128474236
    },
    "barkbands_skewness": {
        "max": 2.7162334919,
        "mean": 0.36336800456,
        "min": -3.1663172245,
        "stdev": 0.747010648251
    },
    "barkbands_spread": {
        "max": 66.5850448608,
        "mean": 37.5764579773,
        "min": 6.51031494141,
        "stdev": 11.0199375153
    },
    "dissonance": {
        "max": 0.49997356534,
        "mean": 0.481791436672,
        "min": 0.362683534622,
        "stdev": 0.0143848191947
    },
    "dynamic_complexity": 3.30763101578,
    "erbbands_crest": {
        "max": 18.4044017792,
        "mean": 6.11122465134,
        "min": 2.48022866249,
        "stdev": 2.27800965309
    },
    "erbbands_flatness_db": {
        "max": 0.321953892708,
        "mean": 0.182213589549,
        "min": 0.0915098935366,
        "stdev": 0.0275004599243
    },
    "erbbands_kurtosis": {
        "max": 10.7189035416,
        "mean": -0.158383056521,
        "min": -1.5011664629,
        "stdev": 1.40831947327
    },
    "erbbands_skewness": {
        "max": 2.47483778,
        "mean": -0.299195885658,
        "min": -2.8266916275,
        "stdev": 0.492308169603
    },
    "erbbands_spread": {
        "max": 78.5776138306,
        "mean": 41.4652252197,
        "min": 5.84483480453,
        "stdev": 13.7700843811
    },
    "hfc": {
        "max": 128.775817871,
        "mean": 34.8383674622,
        "min": 1.12683916407e-16,
        "stdev": 24.3692359924
    },
    "loudness_ebu128": {
        "integrated": -13.3138189316,
        "loudness_range": 1.25767421722,
        "momentary": {
            "max": -10.9019298553,
            "mean": -14.943944931,
            "min": -35.4667816162,
            "stdev": 4.40306425095
        },
        "short_term": {
            "max": -12.3725204468,
            "mean": -13.4306974411,
            "min": -16.5519065857,
            "stdev": 0.673158288002
        }
    },
    "melbands_crest": {
        "max": 24.7258834839,
        "mean": 9.85444927216,
        "min": 1.75024223328,
        "stdev": 4.73687124252
    },
    "melbands_flatness_db": {
        "max": 0.287222713232,
        "mean": 0.105267293751,
        "min": 0.00668419944122,
        "stdev": 0.0381510332227
    },
    "melbands_kurtosis": {
        "max": 29.6802520752,
        "mean": 3.53821158409,
        "min": -1.61440956593,
        "stdev": 4.89679384232
    },
    "melbands_skewness": {
        "max": 4.99423027039,
        "mean": 1.59502124786,
        "min": -1.96345186234,
        "stdev": 1.0569113493
    },
    "melbands_spread": {
        "max": 152.550628662,
        "mean": 52.2494850159,
        "min": 8.62019348145,
        "stdev": 21.0247802734
    },
    "pitch_salience": {
        "max": 0.864682376385,
        "mean": 0.611625254154,
        "min": 0.352746456861,
        "stdev": 0.0948836579919
    },
    "silence_rate_20dB": {
        "max": 1,
        "mean": 1,
        "min": 1,
        "stdev": 0
    },
    "silence_rate_30dB": {
        "max": 1,
        "mean": 1,
        "min": 1,
        "stdev": 0
    },
    "silence_rate_60dB": {
        "max": 1,
        "mean": 0.127272725105,
        "min": 0,
        "stdev": 0.333276808262
    },
    "spectral_centroid": {
        "max": 11010.6640625,
        "mean": 2448.67211914,
        "min": 682.392456055,
        "stdev": 620.098937988
    },
    "spectral_complexity": {
        "max": 55,
        "mean": 27.1181812286,
        "min": 0,
        "stdev": 12.2783937454
    },
    "spectral_decrease": {
        "max": -1.08799477937e-28,
        "mean": -4.80656892066e-09,
        "min": -1.40489397893e-08,
        "stdev": 2.7887754328e-09
    },
    "spectral_energy": {
        "max": 0.0567473210394,
        "mean": 0.0213010571897,
        "min": 1.06313977918e-20,
        "stdev": 0.0122005073354
    },
    "spectral_energyband_high": {
        "max": 0.0185200236738,
        "mean": 0.00317285675555,
        "min": 7.68768251934e-21,
        "stdev": 0.00288301985711
    },
    "spectral_energyband_low": {
        "max": 0.0373151414096,
        "mean": 0.00425636395812,
        "min": 1.47170950707e-22,
        "stdev": 0.00564899342135
    },
    "spectral_energyband_middle_high": {
        "max": 0.0222193468362,
        "mean": 0.00722762383521,
        "min": 1.57755580886e-21,
        "stdev": 0.00480565568432
    },
    "spectral_energyband_middle_low": {
        "max": 0.0326427333057,
        "mean": 0.00722552090883,
        "min": 3.64202665874e-22,
        "stdev": 0.0050847181119
    },
    "spectral_entropy": {
        "max": 9.82733917236,
        "mean": 7.90002059937,
        "min": 7.16301250458,
        "stdev": 0.188419982791
    },
    "spectral_flux": {
        "max": 0.209007233381,
        "mean": 0.0831785649061,
        "min": 1.03108667437e-10,
        "stdev": 0.0365345999599
    },
    "spectral_kurtosis": {
        "max": 9.35847663879,
        "mean": 1.04665291309,
        "min": -1.17736315727,
        "stdev": 1.23437809944
    },
    "spectral_rms": {
        "max": 0.00744064804167,
        "mean": 0.0042341183871,
        "min": 3.22057376427e-12,
        "stdev": 0.00168931169901
    },
    "spectral_rolloff": {
        "max": 18949.21875,
        "mean": 3517.23388672,
        "min": 495.263671875,
        "stdev": 1775.62072754
    },
    "spectral_skewness": {
        "max": 2.34428215027,
        "mean": 0.639571726322,
        "min": -0.105545595288,
        "stdev": 0.269679456949
    },
    "spectral_spread": {
        "max": 40224996,
        "mean": 4100493,
        "min": 1882458.375,
        "stdev": 1747070.625
    },
    "spectral_strongpeak": {
        "max": 21.7776756287,
        "mean": 0.912700533867,
        "min": 0,
        "stdev": 1.64398360252
    },
    "zerocrossingrate": {
        "max": 0.8623046875,
        "mean": 0.111264206469,
        "min": 0.02783203125,
        "stdev": 0.0673829764128
    },
    "barkbands": {
        "max": [0.000792421808001, 0.01953673549, 0.027888122946, 0.0134184062481, 0.0156279858202, 0.0171375405043, 0.00930522195995, 0.00944825541228, 0.0143563626334, 0.00847748480737, 0.00972157344222, 0.00906317867339, 0.00784509629011, 0.00722643733025, 0.0068265190348, 0.00577865215018, 0.00934774335474, 0.00548778800294, 0.00355875538662, 0.00594672374427, 0.0149065079167, 0.00539319217205, 0.00433714082465, 0.00148000288755, 0.000137361421366, 2.06478694054e-06, 2.2000226636e-06],
        "mean": [6.58556455164e-05, 0.00190897856373, 0.00187671685126, 0.000880625157151, 0.00182610203046, 0.00179225963075, 0.00100254442077, 0.000789639540017, 0.000691022607498, 0.000766340992413, 0.000804034760222, 0.00073790299939, 0.000667495711241, 0.000431369437138, 0.000819169799797, 0.000556846673135, 0.00077813671669, 0.000662861100864, 0.000732455402613, 0.000909110647626, 0.00103878113441, 0.000779049121775, 0.000561023538467, 0.000214425046579, 8.29344571684e-06, 8.26387580588e-09, 4.6880557214e-09],
        "min": [1.14647695488e-23, 1.01167069204e-22, 1.85631971426e-23, 5.20362976897e-23, 1.01425695674e-22, 2.29689127231e-23, 5.73190940681e-23, 5.01002026809e-23, 6.56877155148e-23, 1.15230237712e-22, 7.24005052997e-23, 7.9415050158e-23, 1.05390737776e-22, 7.81432612284e-23, 6.79248240678e-23, 1.97266041569e-22, 1.92923141405e-22, 1.20390183204e-22, 3.98619947728e-22, 3.95581432226e-22, 4.66267181109e-22, 7.25939693346e-22, 6.66537381711e-22, 1.05008579475e-21, 7.85903068101e-22, 1.55390280543e-21, 2.38381618362e-21],
        "stdev": [9.227146802e-05, 0.00292695849203, 0.00350602343678, 0.00138545595109, 0.00199759355746, 0.00192598847207, 0.00121759588365, 0.00112088257447, 0.00135233544279, 0.000911350769456, 0.00128281046636, 0.00101323309354, 0.000870497548021, 0.000786351971328, 0.00107195822056, 0.000749830738641, 0.00104610016569, 0.00066909159068, 0.00064206920797, 0.000945482519455, 0.0013237510575, 0.000726773636416, 0.00054533930961, 0.000211495920666, 1.14750509965e-05, 8.79347084037e-08, 9.36998105772e-08]
    },
    "erbbands": {
        "max": [0.361649990082, 5.18152141571, 30.6621704102, 29.9549350739, 41.7876281738, 54.0689811707, 216.791564941, 87.9021682739, 109.604148865, 176.905258179, 121.397125244, 417.86907959, 314.331268311, 380.417358398, 285.238250732, 460.583282471, 304.688140869, 372.606658936, 398.421234131, 229.079269409, 321.97567749, 359.421508789, 335.72668457, 209.538482666, 212.672164917, 310.800170898, 319.416717529, 906.115966797, 181.064193726, 130.619674683, 145.878555298, 48.6807556152, 16.9043388367, 2.1651802063, 0.055553548038, 0.00827891565859, 0.00383840315044, 0.00136707234196, 0.000316359888529, 8.55165926623e-05],
        "mean": [0.0390415042639, 0.500943899155, 2.03085398674, 2.58683609962, 3.70972418785, 6.51422023773, 13.5163078308, 13.4827108383, 14.1647901535, 17.5304718018, 13.7526569366, 18.7871437073, 17.9439125061, 33.8153457642, 29.4969539642, 34.2421417236, 32.4207954407, 26.2069683075, 41.1423530579, 30.3063774109, 35.3747558594, 35.6912994385, 42.0846633911, 32.641456604, 41.1379508972, 42.2139625549, 42.8997077942, 38.5563735962, 28.0748577118, 23.1808357239, 15.3440380096, 6.99570798874, 2.34048008919, 0.263078898191, 0.00828904937953, 0.000646801316179, 0.000118915748317, 3.42956336681e-05, 2.31225985772e-05, 3.1517498428e-05],
        "min": [3.98306407703e-21, 1.83095378457e-20, 2.74089850261e-20, 8.76989680879e-20, 2.51557954438e-19, 4.34481993417e-19, 1.79428283238e-19, 2.59211443056e-19, 7.33121750003e-19, 7.05450283767e-19, 1.5479701853e-18, 1.61880600385e-18, 1.3521129448e-18, 4.91413484898e-18, 3.57930770424e-18, 2.89159181091e-18, 4.1331965278e-18, 5.32688019026e-18, 2.85045322392e-18, 7.57214533057e-18, 9.20474756966e-18, 1.16989436163e-17, 7.02032404495e-18, 1.68982709018e-17, 2.0164464688e-17, 2.00560692861e-17, 1.94049937716e-17, 1.84174410363e-17, 2.32719886891e-17, 2.68244035108e-17, 1.72207968944e-17, 1.57726898463e-17, 2.01936724354e-17, 9.33313427254e-18, 5.90707873398e-18, 6.49934915155e-18, 2.62384502716e-18, 1.17084892806e-18, 3.08253999297e-19, 3.74757698497e-20],
        "stdev": [0.0589756928384, 0.77802670002, 3.69632220268, 3.64104676247, 5.77238559723, 7.41528606415, 19.968547821, 13.5052433014, 15.3917293549, 23.6606197357, 15.5991010666, 38.2369880676, 25.7730979919, 47.5654029846, 35.6297225952, 48.8370399475, 38.3635253906, 36.2961730957, 52.1773872375, 32.754486084, 37.6208381653, 40.6600265503, 43.2245559692, 30.3287010193, 38.291053772, 42.5687942505, 44.1522712708, 62.7451705933, 26.640499115, 21.4988460541, 14.5018892288, 6.90072917938, 2.50352215767, 0.285298794508, 0.00870880298316, 0.000683631456923, 0.000186039280379, 6.28596390015e-05, 1.96054697881e-05, 1.85980916285e-05]
    },
    "gfcc": {
        "mean": [-14.3986196518, 97.1105575562, -176.02180481, 74.5679779053, -85.2282791138, 18.4164161682, -27.8150901794, -15.1894884109, -2.53941202164, -21.8362026215, 5.70252370834, -14.856877327, 1.59096229076],
        "cov": [[19066.1171875, 1637.72375488, -740.656677246, 665.36529541, -1407.03723145, -16.8468418121, -304.648834229, -226.510284424, 21.9507160187, -81.1747055054, 387.288299561, 41.6160430908, 240.128479004], [1637.72375488, 662.317260742, 91.3652420044, 155.399734497, -21.2285766602, 0.805871605873, 60.2881317139, -13.7501773834, 57.8344345093, -46.7980499268, 63.1887435913, -14.3575868607, 19.761592865], [-740.656677246, 91.3652420044, 540.528015137, 123.490524292, 44.2411117554, -8.62999725342, 88.203338623, 57.6882476807, -13.8025531769, 41.5433502197, 27.043346405, 49.5029563904, -0.510270893574], [665.36529541, 155.399734497, 123.490524292, 258.232055664, 35.4497184753, 26.4224948883, 41.0252151489, 0.571682095528, -1.10893046856, -26.7081127167, -0.71181344986, -18.5341567993, -1.14925420284], [-1407.03723145, -21.2285766602, 44.2411117554, 35.4497184753, 253.875, 79.5183181763, 66.6279678345, 27.7936191559, 32.3734970093, -11.4653959274, -47.987903595, -29.9329605103, -14.4549655914], [-16.8468418121, 0.805871605873, -8.62999725342, 26.4224948883, 79.5183181763, 113.767066956, 34.9526901245, 17.9123821259, 12.0600166321, 1.61766171455, -13.6627969742, -14.3188781738, 5.09962034225], [-304.648834229, 60.2881317139, 88.203338623, 41.0252151489, 66.6279678345, 34.9526901245, 102.107162476, 47.1933403015, 27.0405445099, 9.54161643982, 0.492846429348, 2.26384520531, -7.7373623848], [-226.510284424, -13.7501773834, 57.6882476807, 0.571682095528, 27.7936191559, 17.9123821259, 47.1933403015, 67.3088912964, 31.0997695923, 14.9605426788, 5.39087533951, 9.3129863739, -2.46068167686], [21.9507160187, 57.8344345093, -13.8025531769, -1.10893046856, 32.3734970093, 12.0600166321, 27.0405445099, 31.0997695923, 69.3135070801, 16.7524700165, 2.30823874474, 1.31756794453, 3.36971259117], [-81.1747055054, -46.7980499268, 41.5433502197, -26.7081127167, -11.4653959274, 1.61766171455, 9.54161643982, 14.9605426788, 16.7524700165, 56.2250404358, 26.2945919037, 19.8647422791, 7.60126018524], [387.288299561, 63.1887435913, 27.043346405, -0.71181344986, -47.987903595, -13.6627969742, 0.492846429348, 5.39087533951, 2.30823874474, 26.2945919037, 66.1481704712, 37.9294242859, 10.9574956894], [41.6160430908, -14.3575868607, 49.5029563904, -18.5341567993, -29.9329605103, -14.3188781738, 2.26384520531, 9.3129863739, 1.31756794453, 19.8647422791, 37.9294242859, 63.1604766846, 31.6588039398], [240.128479004, 19.761592865, -0.510270893574, -1.14925420284, -14.4549655914, 5.09962034225, -7.7373623848, -2.46068167686, 3.36971259117, 7.60126018524, 10.9574956894, 31.6588039398, 55.5729827881]],
        "icov": [[0.000306580099277, -0.000551170494873, 0.000517542241141, -0.000950921268668, 0.00191543041728, -0.00109863199759, 0.000429896987043, -0.000146465710714, -0.00026411152794, -0.000268364470685, -0.000166914367583, 6.48964996799e-05, -0.000442573160399], [-0.000551170494873, 0.00772326951846, -0.00420191045851, 0.00221565528773, -0.00158035871573, 0.00173946248833, -0.00638245884329, 0.0089427055791, -0.0112021090463, 0.0152035970241, -0.0159404743463, 0.0132705075666, -0.00723809190094], [0.000517542241141, -0.00420191045851, 0.0059598442167, -0.00393277872354, 0.00158798298799, -0.000262874411419, 0.00197145319544, -0.00674744648859, 0.0083806719631, -0.0111335683614, 0.00926092546433, -0.0100128594786, 0.00453698541969], [-0.000950921268668, 0.00221565528773, -0.00393277872354, 0.00906300358474, -0.00550428591669, 0.00220356020145, -0.00360264023766, 0.00350722088479, -0.0017204422038, 0.00692684296519, -0.00431134225801, 0.0056967320852, -0.00174625497311], [0.00191543041728, -0.00158035871573, 0.00158798298799, -0.00550428591669, 0.0194440186024, -0.0106528159231, -0.00156265823171, 0.00294819613919, -0.00770484656096, 0.00355672976002, -0.00136486138217, 0.00365551747382, -0.00369836576283], [-0.00109863199759, 0.00173946248833, -0.000262874411419, 0.00220356020145, -0.0106528159231, 0.0172729641199, -0.00388878723606, -0.00253434525803, 0.00413850834593, -0.00241210311651, 0.000482581177494, 0.00302735599689, -0.00257861171849], [0.000429896987043, -0.00638245884329, 0.00197145319544, -0.00360264023766, -0.00156265823171, -0.00388878723606, 0.0248353555799, -0.0166875962168, 0.00715230079368, -0.0125636355951, 0.0124338706955, -0.0125749427825, 0.00902173854411], [-0.000146465710714, 0.0089427055791, -0.00674744648859, 0.00350722088479, 0.00294819613919, -0.00253434525803, -0.0166875962168, 0.0396068841219, -0.0249030832201, 0.0197296068072, -0.0202876385301, 0.0142374439165, -0.00740600889549], [-0.00026411152794, -0.0112021090463, 0.0083806719631, -0.0017204422038, -0.00770484656096, 0.00413850834593, 0.00715230079368, -0.0249030832201, 0.0436591990292, -0.0330402255058, 0.0284248627722, -0.0221182908863, 0.0115429544821], [-0.000268364470685, 0.0152035970241, -0.0111335683614, 0.00692684296519, 0.00355672976002, -0.00241210311651, -0.0125636355951, 0.0197296068072, -0.0330402255058, 0.0621511936188, -0.0462933778763, 0.0317275710404, -0.0193792451173], [-0.000166914367583, -0.0159404743463, 0.00926092546433, -0.00431134225801, -0.00136486138217, 0.000482581177494, 0.0124338706955, -0.0202876385301, 0.0284248627722, -0.0462933778763, 0.0711255669594, -0.0524501539767, 0.0272832233459], [6.48964996799e-05, 0.0132705075666, -0.0100128594786, 0.0056967320852, 0.00365551747382, 0.00302735599689, -0.0125749427825, 0.0142374439165, -0.0221182908863, 0.0317275710404, -0.0524501539767, 0.0701417177916, -0.0380359478295], [-0.000442573160399, -0.00723809190094, 0.00453698541969, -0.00174625497311, -0.00369836576283, -0.00257861171849, 0.00902173854411, -0.00740600889549, 0.0115429544821, -0.0193792451173, 0.0272832233459, -0.0380359478295, 0.0409284606576]]
    },
    "melbands": {
        "max": [0.00416341191158, 0.0110713914037, 0.00570065295324, 0.00231366883963, 0.00663140183315, 0.00173831917346, 0.00162058905698, 0.00221287691966, 0.000889743736479, 0.00281739491038, 0.00156456220429, 0.00140728405677, 0.00071691715857, 0.0010073169833, 0.000545241578948, 0.0010538949864, 0.000847585441079, 0.000601895910222, 0.000697285577189, 0.00053618272068, 0.000571243232116, 0.000563540204894, 0.000360102101695, 0.000166558718774, 0.000192061532289, 0.000195198401343, 0.000300975050777, 0.000233805811149, 0.000230132078286, 0.000344278902048, 0.000469588820124, 0.000103019439848, 9.38852826948e-05, 8.6121923232e-05, 6.62418315187e-05, 8.55233156472e-05, 3.27847374137e-05, 1.59456067195e-05, 5.13057921125e-06, 7.21420860827e-07],
        "mean": [0.000446873571491, 0.000911882380024, 0.000492253981065, 0.000345311127603, 0.000441268231953, 0.00031100641354, 0.000217599139432, 0.000191368730157, 0.00010343624308, 0.000119746662676, 8.57852573972e-05, 0.000133012712467, 9.3492497399e-05, 9.07940266188e-05, 6.76561830915e-05, 7.10031672497e-05, 4.5937984396e-05, 6.02379368502e-05, 5.44434624317e-05, 4.2347892304e-05, 4.21602890128e-05, 3.93938316847e-05, 4.11481232732e-05, 2.89770359814e-05, 2.53567741311e-05, 3.01276559185e-05, 2.52473000728e-05, 2.94152614515e-05, 2.67704672297e-05, 2.75028432952e-05, 2.08095298149e-05, 1.64377215697e-05, 1.37259594339e-05, 1.19679252748e-05, 9.13013263926e-06, 6.20036189503e-06, 3.66944573216e-06, 1.95839538719e-06, 6.07361243965e-07, 5.90673288059e-08],
        "min": [3.16818151569e-23, 1.72522381136e-23, 2.08962138268e-23, 2.51372215611e-23, 9.24731704295e-24, 6.13565559674e-24, 1.07115730451e-23, 7.70474450786e-24, 1.39443865658e-23, 9.01994287538e-24, 6.28691139228e-24, 2.01355862533e-23, 1.24731357341e-23, 9.79791828897e-24, 6.42557381232e-24, 1.06907976043e-23, 9.61889577286e-24, 4.03019885691e-24, 5.82617639172e-24, 1.60287653367e-23, 8.62689135163e-24, 1.33669435387e-23, 7.55999799809e-24, 4.85467880415e-24, 1.51961226513e-23, 1.19511504174e-23, 1.43171990742e-23, 1.36508845552e-23, 1.18776956342e-23, 1.13293087207e-23, 1.03665181854e-23, 1.25930276033e-23, 1.65932694673e-23, 1.40262103744e-23, 1.04574691146e-23, 7.79472277158e-24, 1.04789490082e-23, 1.43157396815e-23, 1.1454276121e-23, 7.03704396022e-24],
        "stdev": [0.000675078015774, 0.00144253438339, 0.00068433774868, 0.000389934866689, 0.000593708653469, 0.000307389331283, 0.000239553046413, 0.000269394280622, 0.000119853131764, 0.000258042186033, 0.00012763099221, 0.000184947261005, 0.000118989220937, 0.000113710877486, 7.97270477051e-05, 9.98491232167e-05, 8.17789550638e-05, 7.80152258812e-05, 8.18787520984e-05, 6.06331777817e-05, 5.24655952177e-05, 5.93070071773e-05, 4.28847415606e-05, 2.93864086416e-05, 2.72657671303e-05, 3.1540152122e-05, 3.06765978166e-05, 3.22336891259e-05, 2.90179341391e-05, 3.56926029781e-05, 3.42317653121e-05, 1.60676809173e-05, 1.36277194542e-05, 1.21447556012e-05, 8.37759671413e-06, 7.31738509785e-06, 3.90288050767e-06, 2.18988452616e-06, 7.00125895037e-07, 7.68183241462e-08]
    },
    "melbands128": {
        "max": [0.000765101925936, 0.00254112458788, 0.0068721100688, 0.0102116912603, 0.0170229244977, 0.0112559152767, 0.00699373427778, 0.00704746507108, 0.00466882251203, 0.00264123827219, 0.00390226859599, 0.00707671046257, 0.0101177580655, 0.00501358835027, 0.00307643110864, 0.00220563891344, 0.00291162915528, 0.00173639063723, 0.00267502153292, 0.00228496082127, 0.00381803046912, 0.00127375836018, 0.00135185942054, 0.00122712296434, 0.00310103432275, 0.0052366158925, 0.000924473744817, 0.00310595915653, 0.000524572329596, 0.00176849984564, 0.00302080414258, 0.00224244175479, 0.000744474644307, 0.00186159042642, 0.000743576500099, 0.00178431277163, 0.00199799891561, 0.000330487207975, 0.00162927131169, 0.000888177077286, 0.00203627650626, 0.000505709962454, 0.000947742315475, 0.00162709422875, 0.000394147762563, 0.00101125473157, 0.00130916712806, 0.00146401964594, 0.00061853567604, 0.000275435828371, 0.00105560221709, 0.000665152154397, 0.00036372730392, 0.00114471057896, 0.00192464177962, 0.000364698353224, 0.000162977463333, 0.00059012148995, 0.000873795419466, 0.000627375149634, 0.000213838968193, 0.000207079167012, 0.00043712471961, 0.000219068257138, 0.000219115390792, 0.000407908839406, 0.0003910837695, 0.000340048107319, 0.000495854008477, 0.000281030283077, 0.000346157350577, 0.000475229870062, 0.000289791933028, 0.000260797853116, 0.000301242427668, 0.00035584779107, 0.000307423644699, 0.00170182622969, 0.000240776324063, 0.000231183308642, 0.00015215165331, 0.000106181192677, 0.000168886646861, 0.000108849184471, 0.000106166742626, 0.000167432590388, 0.000126750310301, 9.38463199418e-05, 9.91130727925e-05, 0.000145236539538, 0.000197600209503, 4.81686547573e-05, 3.22930791299e-05, 6.89871812938e-05, 3.06554356939e-05, 2.99522343994e-05, 1.35082100314e-05, 1.64005505212e-05, 5.25335190105e-06, 6.97291852703e-06, 9.17737168038e-07, 2.78032842971e-07, 2.86191635723e-07, 1.76883450109e-08, 1.67888956071e-08, 2.1779742454e-08, 1.51683465788e-08, 1.45781680061e-08, 1.43343257264e-08, 1.36291591346e-08, 1.30895516648e-08, 1.26007755341e-08, 1.2125213722e-08, 1.17083995832e-08, 1.13014104741e-08, 1.09310320795e-08, 1.05950492824e-08, 1.02809698532e-08, 9.99821203607e-09, 9.74006120202e-09, 9.50924761156e-09, 9.29989152354e-09, 9.12475783821e-09, 8.96043772514e-09, 8.83204975821e-09, 8.72497984972e-09, 8.65964722152e-09, 8.61131432828e-09],
        "mean": [4.99875095556e-05, 0.000237663334701, 0.000596019206569, 0.000878075137734, 0.00108236249071, 0.000855684804264, 0.000504123803694, 0.000451662723208, 0.000363851053407, 0.000290204072371, 0.000367461907445, 0.000415521091782, 0.000538075983059, 0.000372617068933, 0.000311260664603, 0.000274870923022, 0.00023783557117, 0.000195162079763, 0.000223109513172, 0.00018501636805, 0.000212643921259, 9.61125842878e-05, 0.000114642083645, 6.07375877735e-05, 0.000117687799502, 0.000174293920281, 4.98126610182e-05, 0.000107618499896, 5.04147392348e-05, 0.000145255355164, 0.000169554143213, 0.000107438027044, 5.22366499354e-05, 0.000140623305924, 5.63292051083e-05, 8.3216917119e-05, 0.000136626826134, 2.98964259855e-05, 6.378996477e-05, 8.00932029961e-05, 8.94758049981e-05, 2.7599191526e-05, 3.66566382581e-05, 7.28211598471e-05, 2.55699287663e-05, 6.29739079159e-05, 9.7634147096e-05, 5.65369227843e-05, 3.80221354135e-05, 2.08085839404e-05, 5.26563308085e-05, 5.68931536691e-05, 2.38733318838e-05, 3.81707359338e-05, 7.63224961702e-05, 2.77331419056e-05, 1.68809183378e-05, 4.9258924264e-05, 3.73555631086e-05, 5.83013752475e-05, 1.78343907464e-05, 1.61671687238e-05, 3.78983313567e-05, 2.4739665605e-05, 1.17603876788e-05, 3.3127507777e-05, 4.37927883468e-05, 2.06638778764e-05, 2.26036900131e-05, 2.53376492765e-05, 2.31191424973e-05, 4.20953001594e-05, 2.96180351143e-05, 2.10490616155e-05, 2.22467842832e-05, 3.64221996279e-05, 2.36928408412e-05, 2.11723436223e-05, 2.23810748139e-05, 1.89464226423e-05, 1.64663633768e-05, 1.59728442668e-05, 1.34923730002e-05, 1.25424203361e-05, 1.54479330376e-05, 1.42145090649e-05, 1.10062292151e-05, 6.41862970951e-06, 1.04760792965e-05, 9.34634408623e-06, 8.14637951407e-06, 4.58496742795e-06, 4.32203705714e-06, 3.58457464245e-06, 3.70195266441e-06, 2.4665894216e-06, 1.65216647474e-06, 9.76255364549e-07, 6.99355041434e-07, 3.90629509184e-07, 8.94251499517e-08, 4.10028944131e-09, 2.21066320805e-09, 6.30074048491e-11, 4.86060185156e-11, 2.23933663279e-10, 1.18498530433e-10, 2.02238004121e-10, 7.13926834317e-11, 2.96416988177e-11, 2.80959058102e-11, 2.71135718044e-11, 2.61240386962e-11, 2.51603165385e-11, 2.4243926311e-11, 2.34265246091e-11, 2.266142482e-11, 2.19466406853e-11, 2.13264440829e-11, 2.07648759298e-11, 2.02625867474e-11, 1.9811274149e-11, 1.94344072085e-11, 1.90797447286e-11, 1.8780404315e-11, 1.85088038646e-11, 1.83432592032e-11, 1.82369050417e-11],
        "min": [1.03413069797e-23, 3.50659274661e-23, 3.99588119872e-23, 2.70877984784e-23, 1.63291919684e-23, 7.38100309211e-24, 1.38248930714e-23, 3.11739338844e-23, 2.24908724808e-23, 2.61447310434e-23, 2.828601824e-23, 1.21717277594e-23, 3.38478205211e-24, 5.84385397575e-24, 5.9353819567e-24, 3.48537759474e-24, 1.3739115492e-23, 1.22668564959e-23, 7.08559440463e-24, 8.63552464538e-24, 5.82491500313e-24, 1.1040043682e-23, 1.59806053784e-23, 1.57241656308e-23, 1.30799567302e-23, 4.51415634479e-24, 3.4567758649e-24, 6.58967975757e-24, 4.25539576838e-24, 2.81699073811e-23, 2.0524237511e-23, 1.41324399616e-23, 1.56134521582e-23, 6.1647199935e-24, 1.33583370662e-23, 1.14360195131e-23, 4.42817918359e-24, 3.40104126423e-24, 1.07588155581e-23, 7.67928638873e-24, 1.2146611217e-23, 1.25887858982e-23, 1.09706215557e-23, 8.76268586786e-24, 2.93717744411e-24, 3.70657143156e-24, 3.26917369759e-24, 6.85665908132e-24, 4.97845857436e-24, 9.19485069301e-24, 2.46998297436e-23, 1.33086072747e-23, 9.66186344865e-24, 4.37649853911e-24, 1.04104782482e-23, 1.94775610847e-23, 1.05772000562e-23, 7.16968776599e-24, 7.69403572108e-24, 5.32965234962e-24, 4.09829096367e-24, 3.38665362461e-24, 1.28429679259e-23, 2.75592469989e-23, 3.85018908138e-24, 9.39641333176e-24, 1.46949388078e-23, 2.38060755815e-23, 1.03825399504e-23, 6.01268795883e-24, 1.92164323479e-23, 1.43986142528e-23, 8.14455812835e-24, 1.43593053139e-23, 1.08469486762e-23, 1.30857319809e-23, 9.50721831223e-24, 1.16428809306e-23, 7.45788705365e-24, 1.24808918145e-23, 1.61936814421e-23, 1.14805041684e-23, 8.12316185402e-24, 2.27127206778e-23, 1.68929671915e-23, 1.36069986453e-23, 1.4511882057e-23, 1.16716412214e-23, 1.1263468023e-23, 8.72769673127e-24, 6.76867111368e-24, 8.69460638288e-24, 7.22511628863e-24, 1.02569067515e-23, 1.25254892769e-23, 1.2001032459e-23, 1.48031042597e-23, 1.78838111984e-23, 1.31408749359e-23, 6.63909755455e-24, 6.95957860818e-24, 6.43815969363e-24, 8.75627400642e-24, 6.2936948072e-24, 5.64052941616e-24, 5.94440021457e-24, 6.72335184353e-24, 1.03562669379e-23, 1.31958332974e-23, 1.54616942527e-23, 9.40086487385e-24, 4.8205333543e-24, 8.49208685584e-24, 9.99866051238e-24, 6.92527893602e-24, 7.96724665155e-24, 1.07006962309e-23, 1.05117600998e-23, 8.25715066763e-24, 8.36658776329e-24, 1.16343423001e-23, 8.91045450376e-24, 7.80307996401e-24, 1.41305419623e-23, 1.29553624611e-23, 8.98239467401e-24, 6.73258467157e-24, 1.16153299634e-23],
        "stdev": [7.64888391132e-05, 0.000371929607354, 0.00103892211337, 0.00144974386785, 0.00202639470808, 0.00153237977065, 0.000745304801967, 0.000783643394243, 0.0006736338255, 0.000382688158425, 0.000480199436424, 0.000608106318396, 0.000935440533794, 0.000523327209521, 0.000394327798858, 0.000348069122992, 0.000376849930035, 0.000242344161961, 0.000356925913366, 0.000301112420857, 0.000427977473009, 0.000133857334731, 0.000184624077519, 0.000117009221867, 0.000274832855212, 0.00045491984929, 7.95137166278e-05, 0.000243949296419, 7.18740848242e-05, 0.000225010720897, 0.000331050832756, 0.000266150484094, 7.92659484432e-05, 0.000236773470533, 7.73780557211e-05, 0.000161597767146, 0.000246431387495, 4.58062750113e-05, 0.000128121333546, 0.000118255171401, 0.000170249433722, 4.25168800575e-05, 7.59368704166e-05, 0.000173709908267, 4.62525422336e-05, 0.000111171670142, 0.000167979567777, 0.000141473370604, 7.86930904724e-05, 3.43823594449e-05, 0.000108216474473, 9.08105939743e-05, 3.79893172067e-05, 7.37669251976e-05, 0.000180944960448, 4.71501953143e-05, 2.18601453525e-05, 8.47552946652e-05, 5.78682665946e-05, 9.12933392101e-05, 2.64021018666e-05, 2.26964129979e-05, 5.4027994338e-05, 3.09959286824e-05, 1.7450283849e-05, 4.64544209535e-05, 5.48349817109e-05, 3.48704088537e-05, 4.44807010354e-05, 3.76824827981e-05, 3.32884992531e-05, 6.25685279374e-05, 3.65427113138e-05, 3.10595860356e-05, 3.25661567331e-05, 4.75394735986e-05, 3.44315230905e-05, 9.89744658e-05, 3.00770589092e-05, 2.49104796239e-05, 1.99501500902e-05, 1.86755096365e-05, 1.74282286025e-05, 1.5961986719e-05, 1.58873317559e-05, 1.64305183716e-05, 1.50056112034e-05, 8.40876236907e-06, 1.08290023491e-05, 1.1978024304e-05, 1.28432875499e-05, 6.11707991993e-06, 4.7240114327e-06, 5.8872401496e-06, 3.84996701541e-06, 3.42215003002e-06, 2.1182090677e-06, 1.53781081735e-06, 8.01286660135e-07, 5.64162917271e-07, 1.15323636862e-07, 2.2927073573e-08, 1.79541768119e-08, 7.91158139002e-10, 7.18383186271e-10, 1.6839790673e-09, 7.45779937805e-10, 6.55250520509e-10, 6.12559059032e-10, 5.80449577292e-10, 5.57482671137e-10, 5.36663158357e-10, 5.16407416828e-10, 4.98657781733e-10, 4.81325646007e-10, 4.65552013607e-10, 4.51244375199e-10, 4.37869074332e-10, 4.25826957029e-10, 4.1483258495e-10, 4.05002503756e-10, 3.96086108356e-10, 3.88627130476e-10, 3.81628839641e-10, 3.76161823912e-10, 3.71603497973e-10, 3.68822000718e-10, 3.66763619475e-10]
    },
    "mfcc": {
        "mean": [-611.757568359, 80.3469467163, -16.5096950531, 32.7370986938, -15.4442367554, 18.9207420349, -11.9394655228, 10.3316278458, -10.8760089874, 4.21019744873, -11.1201896667, 6.23301696777, -5.31943559647],
        "cov": [[11460.5439453, 447.133361816, 571.207397461, 82.2803192139, -556.680847168, -131.677444458, -253.580657959, -115.405502319, -302.165344238, -46.8433494568, -202.367218018, 83.9064407349, 116.28868103], [447.133361816, 460.747772217, 100.252861023, 86.3220214844, 3.17397260666, 24.7928295135, 6.77474021912, 57.8748092651, -0.502486228943, 30.3810863495, 8.20896434784, 26.3546218872, 32.5885429382], [571.207397461, 100.252861023, 429.527648926, 159.756652832, -39.5007171631, -22.4521121979, 40.7527542114, 5.29535961151, -25.9174633026, -24.9119853973, 11.8967618942, 14.9152860641, 31.5173854828], [82.2803192139, 86.3220214844, 159.756652832, 227.64894104, 31.0587654114, 37.6992759705, 35.5054016113, 41.1715240479, 9.11925125122, 12.4800357819, 12.1914672852, -0.891394436359, -14.1577377319], [-556.680847168, 3.17397260666, -39.5007171631, 31.0587654114, 130.363449097, 69.4906997681, 33.328414917, 28.2115421295, 43.6580238342, 22.0461559296, 6.70228528976, -12.2862625122, -21.5961112976], [-131.677444458, 24.7928295135, -22.4521121979, 37.6992759705, 69.4906997681, 106.610366821, 42.4993667603, 29.1206264496, 38.7857704163, 22.7555046082, 7.03536128998, -5.96028709412, -15.0503149033], [-253.580657959, 6.77474021912, 40.7527542114, 35.5054016113, 33.328414917, 42.4993667603, 85.9172363281, 31.9391784668, 21.1170902252, 9.35443305969, 16.36876297, 1.89423751831, 3.88623714447], [-115.405502319, 57.8748092651, 5.29535961151, 41.1715240479, 28.2115421295, 29.1206264496, 31.9391784668, 76.2989501953, 37.495223999, 22.0082740784, 12.0199661255, 12.0771446228, 3.15059638023], [-302.165344238, -0.502486228943, -25.9174633026, 9.11925125122, 43.6580238342, 38.7857704163, 21.1170902252, 37.495223999, 84.9086608887, 30.0792808533, 10.0229234695, -0.290977776051, -1.54441344738], [-46.8433494568, 30.3810863495, -24.9119853973, 12.4800357819, 22.0461559296, 22.7555046082, 9.35443305969, 22.0082740784, 30.0792808533, 61.2604446411, 21.9051456451, -1.86103892326, -3.82354736328], [-202.367218018, 8.20896434784, 11.8967618942, 12.1914672852, 6.70228528976, 7.03536128998, 16.36876297, 12.0199661255, 10.0229234695, 21.9051456451, 55.6331062317, 16.9872512817, 3.899269104], [83.9064407349, 26.3546218872, 14.9152860641, -0.891394436359, -12.2862625122, -5.96028709412, 1.89423751831, 12.0771446228, -0.290977776051, -1.86103892326, 16.9872512817, 50.9804573059, 25.9753894806], [116.28868103, 32.5885429382, 31.5173854828, -14.1577377319, -21.5961112976, -15.0503149033, 3.88623714447, 3.15059638023, -1.54441344738, -3.82354736328, 3.899269104, 25.9753894806, 60.3325080872]],
        "icov": [[0.000161078191013, -4.3176140025e-05, -0.000240834458964, 4.29145984526e-05, 0.000692904985044, -0.000570612901356, 0.000434085144661, -6.868604396e-05, 0.000417695729993, -0.000521953625139, 0.000743357406463, -0.0003381788556, 5.2090367717e-06], [-4.3176140025e-05, 0.0029602793511, -0.000516422267538, -0.000431448162999, -0.000172561631189, -0.000903620559257, 0.00126227398869, -0.00238211126998, 0.00145743088797, -0.00154725881293, 0.000455768953543, -0.000369958055671, -0.00152225908823], [-0.000240834458964, -0.000516422267538, 0.00466392375529, -0.0033691925928, 6.99089287082e-05, 0.0023425410036, -0.00296581047587, 0.00179795466829, -0.000977349467576, 0.002627130365, -0.00187938625459, 0.000900655169971, -0.00190217862837], [4.29145984526e-05, -0.000431448162999, -0.0033691925928, 0.00806804094464, -0.00088664132636, -0.00200753193349, 0.000659003446344, -0.00342360557988, 0.00141301180702, -0.0010865292279, 3.5144341382e-05, 1.61291097811e-06, 0.00308615458198], [0.000692904985044, -0.000172561631189, 6.99089287082e-05, -0.00088664132636, 0.0163680929691, -0.00840545352548, 0.000382824015105, -0.000608492468018, -0.00142160919495, -0.00193046079949, 0.00270336959511, 4.14474561694e-05, 0.00193109142128], [-0.000570612901356, -0.000903620559257, 0.0023425410036, -0.00200753193349, -0.00840545352548, 0.0204262547195, -0.00818229466677, 0.00182424334344, -0.00482186116278, 0.000267050490947, -0.000969527231064, 2.42731985054e-05, 0.00235730386339], [0.000434085144661, 0.00126227398869, -0.00296581047587, 0.000659003446344, 0.000382824015105, -0.00818229466677, 0.0204787459224, -0.0070491223596, 0.00226781493984, 0.000344693864463, -0.00259877345525, 0.0021550366655, -0.00334959384054], [-6.868604396e-05, -0.00238211126998, 0.00179795466829, -0.00342360557988, -0.000608492468018, 0.00182424334344, -0.0070491223596, 0.0243490617722, -0.008281246759, -0.00199255766347, 0.00107474159449, -0.00575298909098, 0.00116540119052], [0.000417695729993, 0.00145743088797, -0.000977349467576, 0.00141301180702, -0.00142160919495, -0.00482186116278, 0.00226781493984, -0.008281246759, 0.0212054997683, -0.00757402833551, 0.00241450942121, 4.72903702757e-05, -0.00228910171427], [-0.000521953625139, -0.00154725881293, 0.002627130365, -0.0010865292279, -0.00193046079949, 0.000267050490947, 0.000344693864463, -0.00199255766347, -0.00757402833551, 0.0277553573251, -0.0129858544096, 0.00657879980281, -0.000756159250159], [0.000743357406463, 0.000455768953543, -0.00187938625459, 3.5144341382e-05, 0.00270336959511, -0.000969527231064, -0.00259877345525, 0.00107474159449, 0.00241450942121, -0.0129858544096, 0.0295570902526, -0.0122360130772, 0.00274477386847], [-0.0003381788556, -0.000369958055671, 0.000900655169971, 1.61291097811e-06, 4.14474561694e-05, 2.42731985054e-05, 0.0021550366655, -0.00575298909098, 4.72903702757e-05, 0.00657879980281, -0.0122360130772, 0.0317813232541, -0.0119100520387], [5.2090367717e-06, -0.00152225908823, -0.00190217862837, 0.00308615458198, 0.00193109142128, 0.00235730386339, -0.00334959384054, 0.00116540119052, -0.00228910171427, -0.000756159250159, 0.00274477386847, -0.0119100520387, 0.0253829006106]]
    },
    "spectral_contrast_coeffs": {
        "max": [-0.510049462318, -0.612178862095, -0.580217719078, -0.612659931183, -0.607143640518, -0.553532838821],
        "mean": [-0.717000544071, -0.778613805771, -0.756212115288, -0.771956622601, -0.761951327324, -0.648803055286],
        "min": [-0.968323051929, -0.968226313591, -0.969306528568, -0.969872057438, -0.959059894085, -0.962514340878],
        "stdev": [0.0605943053961, 0.0659041851759, 0.0695755258203, 0.0576135776937, 0.0465432666242, 0.0438207089901]
    },
    "spectral_contrast_valleys": {
        "max": [-5.34720754623, -5.38923549652, -5.92572975159, -6.23268032074, -5.57490777969, -8.89887714386],
        "mean": [-7.12120866776, -6.84210968018, -7.38474798203, -7.48848009109, -7.09870529175, -10.3833675385],
        "min": [-27.0766162872, -27.0687942505, -27.2535228729, -26.997335434, -27.4001674652, -27.1677341461],
        "stdev": [1.74242651463, 1.55495178699, 1.42428696156, 1.36602210999, 1.40971696377, 1.35285413265]
    }
},
"rhythm": {
    "beats_count": 25,
    "beats_loudness": {
        "max": 0.0523354820907,
        "mean": 0.0316531956196,
        "min": 0.000440966978204,
        "stdev": 0.0144107593223
    },
    "bpm": 119.960647583,
    "bpm_histogram_first_peak_bpm": 120,
    "bpm_histogram_first_peak_weight": 0.45454543829,
    "bpm_histogram_second_peak_bpm": 115,
    "bpm_histogram_second_peak_spread": 0,
    "bpm_histogram_second_peak_weight": 0.0416666679084,
    "danceability": 0.976746082306,
    "onset_rate": 3.52682137489,
    "beats_loudness_band_ratio": {
        "max": [0.790791630745, 0.320425450802, 0.167691469193, 0.29730579257, 0.607557356358, 0.294495165348],
        "mean": [0.518467903137, 0.0920241326094, 0.0681191757321, 0.0904193818569, 0.125337183475, 0.130117595196],
        "min": [0.0267546027899, 0.0154973836616, 0.00753508554772, 0.0176813993603, 0.0227199140936, 0.0463339872658],
        "stdev": [0.231599524617, 0.0676677972078, 0.0417124517262, 0.0654112100601, 0.163241326809, 0.0590370222926]
    },
    "beats_position": [0.49922901392, 1.02167797089, 1.53251695633, 2.04335594177, 2.54258489609, 3.01859402657, 3.50621318817, 3.99383211136, 4.5046710968, 5.00390005112, 5.50312900543, 6.00235795975, 6.5015873909, 7.01242637634, 7.50004529953, 8.01088428497, 8.51011276245, 9.0093421936, 9.50857162476, 10.0078001022, 10.5070295334, 11.0062580109, 11.5170974731, 12.0047159195, 12.5039453506],
