{
"metadata": {
    "version": {
        "essentia": "2.1-beta5",
        "essentia_git_sha": "Undefined",
        "extractor": "music 2.0"
    },
    "audio_properties": {
        "analysis": {
            "equal_loudness": 0,
            "length": 29.0017242432,
            "sample_rate": 44100,
            "start_time": 0,
            "downmix": "mix"
        },
        "bit_rate": 192000,
        "length": 183.460861206,
        "lossless": 0,
        "number_channels": 2,
        "replay_gain": -4.57598495483,
        "sample_rate": 44100,
        "codec": "mp3",
        "md5_encoded": "80d434003ed7a92b031bf3768a5a6c11"
    },
    "tags": {
        "file_name": "Spain_Bandido_Azúcar Moreno.mp3",
        "encoding": ["Lavf58.29.100"]
    }
},
"lowlevel": {
    "average_loudness": 0.97673279047,
    "barkbands_crest": {
        "max": 23.2387599945,
        "mean": 8.11900901794,
        "min": 2.38565254211,
        "stdev": 3.88864159584
    },
    "barkbands_flatness_db": {
        "max": 0.24594694376,
        "mean": 0.124303027987,
        "min": 0.063253685832,
        "stdev": 0.0312761701643
    },
    "barkbands_kurtosis": {
        "max": 35.2267608643,
        "mean": 1.51367461681,
        "min": -1.78741395473,
        "stdev": 4.73184919357
    },
    "barkbands_skewness": {
        "max": 5.69147586823,
        "mean": 1.09966421127,
        "min": -1.63751780987,
        "stdev": 1.07901299
    },
    "barkbands_spread": {
        "max": 73.7980422974,
        "mean": 28.7173595428,
        "min": 6.22092008591,
        "stdev": 11.4626331329
    },
    "dissonance": {
        "max": 0.499806433916,
        "mean": 0.479725778103,
        "min": 0.168222337961,
        "stdev": 0.0163891762495
    },
    "dynamic_complexity": 2.02466464043,
    "erbbands_crest": {
        "max": 25.577085495,
        "mean": 6.23470115662,
        "min": 2.30817389488,
        "stdev": 3.09365987778
    },
    "erbbands_flatness_db": {
        "max": 0.267947405577,
        "mean": 0.160628393292,
        "min": 0.0904347747564,
        "stdev": 0.0306420903653
    },
    "erbbands_kurtosis": {
        "max": 5.37208557129,
        "mean": -0.419849961996,
        "min": -1.51345658302,
        "stdev": 0.782543361187
    },
    "erbbands_skewness": {
        "max": 1.06905066967,
        "mean": -0.248774021864,
        "min": -1.80796515942,
        "stdev": 0.40990743041
    },
    "erbbands_spread": {
        "max": 88.5939712524,
        "mean": 43.2169075012,
        "min": 8.52561569214,
        "stdev": 15.4546327591
    },
    "hfc": {
        "max": 111.352165222,
        "mean": 25.5297241211,
        "min": 1.11787212919e-16,
        "stdev": 17.4962406158
    },
    "loudness_ebu128": {
        "integrated": -19.2327404022,
        "loudness_range": 2.85585594177,
        "momentary": {
            "max": -16.9200801849,
            "mean": -19.4353046417,
            "min": -22.7478046417,
            "stdev": 1.33370780945
        },
        "short_term": {
            "max": -17.4751186371,
            "mean": -19.2674274445,
            "min": -21.454366684,
            "stdev": 0.95750105381
        }
    },
    "melbands_crest": {
        "max": 27.1268615723,
        "mean": 12.2134752274,
        "min": 1.7765955925,
        "stdev": 4.93898057938
    },
    "melbands_flatness_db": {
        "max": 0.321547150612,
        "mean": 0.153532058001,
        "min": 0.00357536855154,
        "stdev": 0.0507565625012
    },
    "melbands_kurtosis": {
        "max": 123.150611877,
        "mean": 10.2188215256,
        "min": -1.27302289009,
        "stdev": 17.1493148804
    },
    "melbands_skewness": {
        "max": 9.73898887634,
        "mean": 2.43638038635,
        "min": -0.653213918209,
        "stdev": 1.70166182518
    },
    "melbands_spread": {
        "max": 121.976554871,
        "mean": 33.1478652954,
        "min": 3.08095526695,
        "stdev": 17.2678565979
    },
    "pitch_salience": {
        "max": 0.821438610554,
        "mean": 0.579507946968,
        "min": 0.16245803237,
        "stdev": 0.10929004848
    },
    "silence_rate_20dB": {
        "max": 1,
        "mean": 1,
        "min": 1,
        "stdev": 0
    },
    "silence_rate_30dB": {
        "max": 1,
        "mean": 1,
        "min": 1,
        "stdev": 0
    },
    "silence_rate_60dB": {
        "max": 1,
        "mean": 0.00319999991916,
        "min": 0,
        "stdev": 0.0564780682325
    },
    "spectral_centroid": {
        "max": 10795.2988281,
        "mean": 1840.81005859,
        "min": 600.191040039,
        "stdev": 590.149902344
    },
    "spectral_complexity": {
        "max": 54,
        "mean": 26.5695991516,
        "min": 0,
        "stdev": 9.76559257507
    },
    "spectral_decrease": {
        "max": -1.45110178699e-28,
        "mean": -6.13775208436e-09,
        "min": -1.74296648225e-08,
        "stdev": 3.04098501935e-09
    },
    "spectral_energy": {
        "max": 0.0703882053494,
        "mean": 0.0254809241742,
        "min": 1.06870991972e-20,
        "stdev": 0.0124679300934
    },
    "spectral_energyband_high": {
        "max": 0.00784386601299,
        "mean": 0.00119564891793,
        "min": 7.5033512975e-21,
        "stdev": 0.00106093101203
    },
    "spectral_energyband_low": {
        "max": 0.0528410337865,
        "mean": 0.00730779860169,
        "min": 8.40773190821e-23,
        "stdev": 0.00814549904317
    },
    "spectral_energyband_middle_high": {
        "max": 0.0438226871192,
        "mean": 0.008016792126,
        "min": 1.89113985791e-21,
        "stdev": 0.00700238114223
    },
    "spectral_energyband_middle_low": {
        "max": 0.053646016866,
        "mean": 0.00995779689401,
        "min": 3.82867897442e-22,
        "stdev": 0.00715088890865
    },
    "spectral_entropy": {
        "max": 9.80038833618,
        "mean": 7.74311971664,
        "min": 7.02093410492,
        "stdev": 0.244025200605
    },
    "spectral_flux": {
        "max": 0.250840365887,
        "mean": 0.0855780988932,
        "min": 1.03378423877e-10,
        "stdev": 0.0340150855482
    },
    "spectral_kurtosis": {
        "max": 11.3745441437,
        "mean": 2.64413404465,
        "min": -1.14967215061,
        "stdev": 1.39937376976
    },
    "spectral_rms": {
        "max": 0.00828682165593,
        "mean": 0.00482406048104,
        "min": 3.22899953303e-12,
        "stdev": 0.00126011751126
    },
    "spectral_rolloff": {
        "max": 18432.421875,
        "mean": 2021.95056152,
        "min": 86.1328125,
        "stdev": 1327.5625
    },
    "spectral_skewness": {
        "max": 2.66229915619,
        "mean": 1.05261361599,
        "min": 0.00618436560035,
        "stdev": 0.239721924067
    },
    "spectral_spread": {
        "max": 39510688,
        "mean": 3991224.25,
        "min": 2754965.75,
        "stdev": 1309721.625
    },
    "spectral_strongpeak": {
        "max": 11.5361299515,
        "mean": 1.06380367279,
        "min": 0,
        "stdev": 1.54579329491
    },
    "zerocrossingrate": {
        "max": 0.482421875,
        "mean": 0.0710546895862,
        "min": 0.00927734375,
        "stdev": 0.0282984636724
    },
    "barkbands": {
        "max": [0.00104631693102, 0.0294894371182, 0.0293406285346, 0.021966420114, 0.0294386222959, 0.026326328516, 0.0384907871485, 0.0145976506174, 0.017333721742, 0.0116032138467, 0.0166331864893, 0.00754361227155, 0.0352808348835, 0.0218621138483, 0.0204596854746, 0.00704432046041, 0.00859211198986, 0.00620414176956, 0.00678607262671, 0.00423000892624, 0.00379696325399, 0.00169368973002, 0.00137664063368, 0.000725802325178, 0.00036708675907, 1.3350865629e-05, 6.84350516167e-06],
        "mean": [2.99473995256e-05, 0.00371480244212, 0.00262683769688, 0.00226221093908, 0.00234912405722, 0.00213985471055, 0.00178324966691, 0.0004746823397, 0.000846772745717, 0.00077373086242, 0.000722024415154, 0.000632980198134, 0.000950397690758, 0.00122983031906, 0.000846094626468, 0.000557999825105, 0.000782229355536, 0.000667345768306, 0.000618458667304, 0.000541207380593, 0.000488689285703, 0.000206093958695, 0.000152329710545, 5.61781889701e-05, 2.6956995498e-05, 9.0042527745e-07, 6.3439671294e-09],
        "min": [3.5859985387e-23, 3.50886340384e-23, 2.37992992664e-23, 6.33573123269e-24, 3.63864711551e-23, 3.97639822763e-23, 4.49981974447e-23, 8.49348487514e-23, 8.9838868833e-23, 1.18238107546e-22, 7.1390933735e-23, 1.16615363866e-22, 9.16653216423e-23, 1.79958307091e-22, 1.66851919576e-22, 1.64909794515e-22, 1.07621036881e-22, 3.51226623424e-22, 3.56148433897e-22, 3.76529318027e-22, 5.30637776592e-22, 4.67236987774e-22, 8.75007040426e-22, 8.77348026183e-22, 9.58301462391e-22, 1.41487870528e-21, 2.38984515091e-21],
        "stdev": [3.1446943467e-05, 0.00534065812826, 0.00365443783812, 0.00276728160679, 0.00267155771144, 0.00274965586141, 0.00319435587153, 0.000734417466447, 0.00151257868856, 0.00144725327846, 0.0014617415145, 0.000733158318326, 0.00218947650865, 0.00228479015641, 0.00165584892966, 0.000680092314724, 0.000999612384476, 0.000819266715553, 0.000712868000846, 0.000564004760236, 0.000506219279487, 0.000206244818401, 0.000166234138305, 7.09242303856e-05, 3.87046711694e-05, 9.75568468675e-07, 1.9346536817e-07]
    },
    "erbbands": {
        "max": [0.348835766315, 8.78561306, 34.0466346741, 40.6032524109, 76.5217971802, 148.889541626, 154.672805786, 308.521057129, 691.088378906, 735.826416016, 131.351806641, 482.292327881, 294.333221436, 706.818237305, 311.617462158, 290.136016846, 1536.08813477, 1016.82525635, 888.06048584, 790.095031738, 280.483703613, 599.364196777, 435.722900391, 313.995422363, 416.951019287, 175.900466919, 206.253662109, 111.365615845, 73.9980697632, 52.9422721863, 36.8193435669, 16.4593219757, 12.9886903763, 5.14836931229, 2.79582595825, 0.215867310762, 0.0115960938856, 0.00418508937582, 0.000980161479674, 0.000122070341604],
        "mean": [0.0443368032575, 1.04621303082, 3.28003549576, 5.07671833038, 7.99640464783, 8.97502708435, 9.91307163239, 20.2501773834, 23.3946819305, 21.7249202728, 10.4136686325, 18.335149765, 24.1008529663, 30.2008152008, 23.8214149475, 23.6336460114, 42.3249702454, 59.4242362976, 46.3803672791, 44.9505577087, 31.1266288757, 45.2883110046, 41.1437454224, 32.7773399353, 29.8520431519, 23.8180408478, 21.8752803802, 15.4469652176, 8.28428268433, 6.60439586639, 3.59034919739, 1.49120998383, 0.798497974873, 0.356049597263, 0.179604098201, 0.0174727924168, 0.000634191848803, 3.97374969907e-05, 2.02740520763e-05, 3.25374930981e-05],
        "min": [2.20673632269e-21, 4.0915858921e-21, 2.28488578626e-20, 2.4190302478e-20, 7.13316099308e-20, 1.24436191666e-19, 1.50381112245e-19, 3.91812165862e-19, 4.79120640078e-19, 1.21754244646e-18, 2.0409560785e-18, 2.03668989449e-18, 4.27963437959e-18, 3.25248967819e-18, 2.19191281798e-18, 5.50098723354e-18, 4.3334313115e-18, 8.96321165798e-18, 1.05922106983e-17, 7.78088601251e-18, 8.13895347453e-18, 7.94712367303e-18, 1.48045990164e-17, 1.60387276749e-17, 1.99095574017e-17, 2.30882040462e-17, 1.88501938086e-17, 2.10319753185e-17, 1.67393248384e-17, 2.23792043821e-17, 2.64315357333e-17, 1.96290488754e-17, 1.38965730795e-17, 8.62704297549e-18, 8.02842973698e-18, 4.06109243458e-18, 2.71771803256e-18, 1.38871961601e-18, 3.43441564622e-19, 3.45503648341e-20],
        "stdev": [0.056863732636, 1.50578260422, 4.59169721603, 5.57854747772, 8.90777873993, 11.8244018555, 12.2598648071, 29.1834926605, 47.2254257202, 46.1239395142, 12.3698587418, 33.0219421387, 39.9499740601, 54.8338623047, 32.8933601379, 26.5120010376, 88.9480819702, 95.8545303345, 79.7374725342, 81.6737594604, 30.6420383453, 63.4922065735, 49.7293663025, 32.061000824, 33.1599349976, 23.8235492706, 25.4352169037, 15.510679245, 7.85119247437, 6.86177206039, 4.12485122681, 1.83491814137, 1.03726375103, 0.49501028657, 0.289171695709, 0.0229691434652, 0.000807231641375, 0.000123210978927, 2.87289658445e-05, 1.57004924404e-05]
    },
    "gfcc": {
        "mean": [15.9183778763, 105.425437927, -152.372879028, 63.2770309448, -66.8460388184, 16.8790054321, -40.2893371582, 0.0388738662004, -21.577287674, -2.93563461304, -7.32810163498, -9.78539085388, -2.60812091827],
        "cov": [[2505.70727539, -10.231171608, -592.448181152, -25.3057079315, -217.840866089, -51.1655540466, -39.3223114014, -56.0797576904, -13.0694904327, -64.1916503906, -20.5373802185, -87.5914764404, -5.98455190659], [-10.231171608, 504.853424072, -2.38421392441, -54.1797370911, 108.384735107, -127.885772705, 78.4531326294, -9.84534358978, 64.3377761841, -4.80390453339, 29.0162792206, -34.4185829163, -6.50574350357], [-592.448181152, -2.38421392441, 595.132995605, 212.599884033, 120.329841614, 124.945419312, -45.4141654968, 62.5788993835, -15.2314910889, 50.8052101135, -6.80193662643, 69.3750305176, -10.7705936432], [-25.3057079315, -54.1797370911, 212.599884033, 205.413528442, 85.7072677612, 53.7026634216, -14.5289258957, 25.4868030548, -0.272174566984, 25.3917579651, -5.48021650314, 30.921005249, -5.45145797729], [-217.840866089, 108.384735107, 120.329841614, 85.7072677612, 163.41192627, 17.2067642212, 41.0710296631, 24.0639324188, 23.0955696106, 27.0275821686, 5.49156570435, 14.2986497879, 2.84489917755], [-51.1655540466, -127.885772705, 124.945419312, 53.7026634216, 17.2067642212, 152.825668335, 5.07974386215, 23.572637558, -15.7082824707, 3.16197609901, 1.19384038448, 24.7191734314, 7.86375570297], [-39.3223114014, 78.4531326294, -45.4141654968, -14.5289258957, 41.0710296631, 5.07974386215, 94.1912002563, 18.547996521, 27.3739776611, 1.06235849857, 11.7565546036, -6.16806364059, 4.42127799988], [-56.0797576904, -9.84534358978, 62.5788993835, 25.4868030548, 24.0639324188, 23.572637558, 18.547996521, 56.7416000366, 17.8776855469, 19.7939548492, 0.154936552048, 12.9211130142, 1.44200384617], [-13.0694904327, 64.3377761841, -15.2314910889, -0.272174566984, 23.0955696106, -15.7082824707, 27.3739776611, 17.8776855469, 59.3639297485, 20.0648231506, 17.2752513885, 0.458155691624, 7.57014131546], [-64.1916503906, -4.80390453339, 50.8052101135, 25.3917579651, 27.0275821686, 3.16197609901, 1.06235849857, 19.7939548492, 20.0648231506, 57.2693138123, 19.6753501892, 18.5709667206, -0.0893076062202], [-20.5373802185, 29.0162792206, -6.80193662643, -5.48021650314, 5.49156570435, 1.19384038448, 11.7565546036, 0.154936552048, 17.2752513885, 19.6753501892, 48.3285140991, 17.2160263062, 5.13799333572], [-87.5914764404, -34.4185829163, 69.3750305176, 30.921005249, 14.2986497879, 24.7191734314, -6.16806364059, 12.9211130142, 0.458155691624, 18.5709667206, 17.2160263062, 50.741481781, 20.2219581604], [-5.98455190659, -6.50574350357, -10.7705936432, -5.45145797729, 2.84489917755, 7.86375570297, 4.42127799988, 1.44200384617, 7.57014131546, -0.0893076062202, 5.13799333572, 20.2219581604, 41.2200813293]],
        "icov": [[0.00109496933874, -0.00182724918704, 0.00249117380008, -0.00290130148642, 0.00237249140628, -0.00218319101259, 0.00163087400142, -0.00123088096734, 0.00106648146175, -0.00120622804388, 0.00108895997982, 1.4778307559e-05, -8.27679978102e-05], [-0.00182724918704, 0.00913586840034, -0.00698498915881, 0.00789277907461, -0.00798451714218, 0.00920367147774, -0.00582055002451, 0.00408096890897, -0.00527941435575, 0.006078094244, -0.00620071869344, 0.00392872979864, -0.000499620044138], [0.00249117380008, -0.00698498915881, 0.0109182260931, -0.00981607567519, 0.00543819973245, -0.00923893973231, 0.00751311937347, -0.00585308996961, 0.00444512814283, -0.00509491097182, 0.00549820065498, -0.00508047034964, 0.00257971743122], [-0.00290130148642, 0.00789277907461, -0.00981607567519, 0.0184491202235, -0.0118589727208, 0.00731760589406, -0.00399469817057, 0.0045797615312, -0.00571897393093, 0.00499985739589, -0.00300632813014, -0.00104068231303, 0.00233666435815], [0.00237249140628, -0.00798451714218, 0.00543819973245, -0.0118589727208, 0.0188423525542, -0.00710265152156, -0.000603961118031, -0.00252359267324, 0.00353819620796, -0.00811094231904, 0.00608006957918, -0.00127635721583, -0.00165459827986], [-0.00218319101259, 0.00920367147774, -0.00923893973231, 0.00731760589406, -0.00710265152156, 0.0187036525458, -0.0084496345371, 0.00163119775243, -0.00156244181562, 0.00738340243697, -0.00780914723873, 0.00318073062226, -0.00282349111512], [0.00163087400142, -0.00582055002451, 0.00751311937347, -0.00399469817057, -0.000603961118031, -0.0084496345371, 0.0219177268445, -0.00911206007004, -0.000932656170335, 0.000292568816803, -8.07699761936e-05, 9.2146674433e-06, 0.000551947741769], [-0.00123088096734, 0.00408096890897, -0.00585308996961, 0.0045797615312, -0.00252359267324, 0.00163119775243, -0.00911206007004, 0.0305192992091, -0.0103975534439, -0.00399767886847, 0.00578112900257, -0.00461080670357, 0.00275663402863], [0.00106648146175, -0.00527941435575, 0.00444512814283, -0.00571897393093, 0.00353819620796, -0.00156244181562, -0.000932656170335, -0.0103975534439, 0.0314998701215, -0.00995063222945, -0.00508223567158, 0.0062299259007, -0.00798500236124], [-0.00120622804388, 0.006078094244, -0.00509491097182, 0.00499985739589, -0.00811094231904, 0.00738340243697, 0.000292568816803, -0.00399767886847, -0.00995063222945, 0.0327628813684, -0.0125535512343, -0.00381671846844, 0.00470947660506], [0.00108895997982, -0.00620071869344, 0.00549820065498, -0.00300632813014, 0.00608006957918, -0.00780914723873, -8.07699761936e-05, 0.00578112900257, -0.00508223567158, -0.0125535512343, 0.0374720282853, -0.0179145801812, 0.00611906545237], [1.4778307559e-05, 0.00392872979864, -0.00508047034964, -0.00104068231303, -0.00127635721583, 0.00318073062226, 9.2146674433e-06, -0.00461080670357, 0.0062299259007, -0.00381671846844, -0.0179145801812, 0.0465275496244, -0.0229464359581], [-8.27679978102e-05, -0.000499620044138, 0.00257971743122, 0.00233666435815, -0.00165459827986, -0.00282349111512, 0.000551947741769, 0.00275663402863, -0.00798500236124, 0.00470947660506, 0.00611906545237, -0.0229464359581, 0.0376205705106]]
    },
    "melbands": {
        "max": [0.00549690425396, 0.0149112334475, 0.00834056735039, 0.00703675067052, 0.0041398848407, 0.00618678610772, 0.00896679982543, 0.00729072792456, 0.00132899195887, 0.00332437688485, 0.00155170029029, 0.00268018245697, 0.00119550153613, 0.000497005821671, 0.0010251312051, 0.00464994041249, 0.0017385778483, 0.002056555124, 0.00226469011977, 0.000754875247367, 0.000374902214389, 0.000719265604857, 0.000341160455719, 0.000338362238836, 0.000295684614684, 0.000432018976426, 0.000250357436016, 0.000159394767252, 0.000140394287882, 0.000130787899252, 5.85783272982e-05, 5.05759708176e-05, 3.10109935526e-05, 3.85596868e-05, 2.2481128326e-05, 1.70759303728e-05, 8.00932866696e-06, 1.28837291413e-05, 4.7186476877e-06, 3.84682471122e-06],
        "mean": [0.000731356965844, 0.00162880530115, 0.00100970512722, 0.000588051974773, 0.000349231209839, 0.000443042896222, 0.000367474160157, 0.000204089286854, 7.79102774686e-05, 0.000126756320242, 0.000124104291899, 0.000125581442262, 8.32416189951e-05, 6.09451526543e-05, 6.58777207718e-05, 0.000129695108626, 0.000103865779238, 7.54215507186e-05, 7.61711125961e-05, 4.51055493613e-05, 3.20304607158e-05, 4.83934891236e-05, 3.75148920284e-05, 3.48982503056e-05, 2.54370206676e-05, 2.42747864831e-05, 1.92992665689e-05, 1.52593256644e-05, 1.4082575035e-05, 1.17515546663e-05, 7.65690037952e-06, 4.67952622785e-06, 3.75593754143e-06, 3.72974318452e-06, 2.3939392122e-06, 1.07507355551e-06, 8.43781606363e-07, 5.9846735212e-07, 3.97686051201e-07, 2.52194581662e-07],
        "min": [1.61827241641e-23, 8.80550287121e-24, 5.60217933768e-24, 7.41048992389e-24, 5.56837033701e-24, 8.55140367389e-24, 7.97713738958e-24, 1.48405435982e-23, 1.65698797415e-23, 1.2800143034e-23, 2.06018472245e-23, 1.19929703005e-23, 7.22387619929e-24, 1.13831595216e-23, 1.0756746376e-23, 1.35595076411e-23, 1.57977631978e-23, 1.82942034626e-23, 9.50982234208e-24, 1.03474869161e-23, 9.59680924524e-24, 6.44204207258e-24, 1.48644997262e-23, 1.28299146445e-23, 1.2766840482e-23, 1.37512639499e-23, 1.30835563025e-23, 1.51253697167e-23, 1.08222589076e-23, 1.1317867871e-23, 1.2141966404e-23, 8.66838543525e-24, 9.98118251017e-24, 1.34885212037e-23, 1.62490105683e-23, 1.24996801147e-23, 1.1572235281e-23, 1.10748221927e-23, 6.12208955575e-24, 7.67595897343e-24],
        "stdev": [0.000997553928755, 0.00212801946327, 0.00102421967313, 0.000627837900538, 0.000401583034545, 0.000602882064413, 0.000653764873277, 0.000430845539086, 0.000108299667772, 0.00024125026539, 0.000215447071241, 0.000223011811613, 0.000138182294904, 6.70536246616e-05, 0.000106750667328, 0.000304329762002, 0.000166699290276, 0.000173006555997, 0.000173038817593, 7.00638847775e-05, 3.68988294213e-05, 7.623257261e-05, 4.18006529799e-05, 4.5833967306e-05, 2.75994116237e-05, 3.26229201164e-05, 2.51721012319e-05, 1.81258965313e-05, 1.66025638464e-05, 1.51153908519e-05, 7.8761822806e-06, 4.92369463245e-06, 4.10455368183e-06, 4.15755948779e-06, 2.71214298664e-06, 1.48729361626e-06, 1.0743757457e-06, 8.50300864386e-07, 5.28587122517e-07, 3.63573036566e-07]
    },
    "melbands128": {
        "max": [0.000558439700399, 0.00123809662182, 0.00886513292789, 0.0190412886441, 0.0217435415834, 0.0124948453158, 0.00946857593954, 0.0128446631134, 0.00948297511786, 0.00825465656817, 0.01052145008, 0.00603757193312, 0.00486043840647, 0.0107220588252, 0.00726567860693, 0.0109528638422, 0.0169714353979, 0.0127745093778, 0.00650994712487, 0.0141183137894, 0.00488240737468, 0.00077343697194, 0.0019234783249, 0.00235078088008, 0.00300405127928, 0.00630781985819, 0.00416325218976, 0.00172541243955, 0.00405112747103, 0.00151247694157, 0.00520705478266, 0.00354112661444, 0.00217563938349, 0.00180740153883, 0.0012731696479, 0.00076952658128, 0.00108910549898, 0.00208521797322, 0.00119448197074, 0.00589957786724, 0.0103465784341, 0.00515043269843, 0.00218269694597, 0.000638024706859, 0.00610856153071, 0.00119285739493, 0.000750311126467, 0.00425375904888, 0.00194064597599, 0.00212885136716, 0.00100060692057, 0.00064046040643, 0.000727750943042, 0.000420400931034, 0.000584093329962, 0.00142253132071, 0.000799003988504, 0.000583919580095, 0.000418012496084, 0.000996565329842, 0.000613852054812, 0.00051987869665, 0.00028584402753, 0.000341874139849, 0.00102619838435, 0.000643680628855, 0.000603472755756, 0.000498105073348, 0.000393287482439, 0.000304299814161, 0.000174308588612, 0.000357227050699, 0.000169491628185, 0.000341272650985, 0.000316663034027, 0.00026394991437, 0.000192643667106, 0.000186311226571, 8.49136631587e-05, 6.43477469566e-05, 7.13497938705e-05, 6.32644514553e-05, 4.57448477391e-05, 4.71922539873e-05, 3.05576249957e-05, 4.98251174577e-05, 5.80664527661e-05, 3.02178232232e-05, 2.87421262328e-05, 3.82620855817e-05, 2.60804608843e-05, 3.34373580699e-05, 1.21157954709e-05, 1.32218083309e-05, 8.76153353602e-06, 2.69044121524e-05, 1.04324662971e-05, 6.07277888776e-06, 8.88062822924e-06, 9.62339709076e-06, 4.71159910376e-06, 2.70003101832e-06, 3.89860770156e-06, 1.56159751441e-06, 7.57250472816e-06, 3.97224675908e-06, 5.53532970571e-07, 5.84387692015e-07, 1.60753501177e-07, 1.4314217367e-07, 3.93757382255e-08, 3.75345337034e-08, 3.63280960869e-08, 3.52808804394e-08, 3.42747661364e-08, 3.33576757328e-08, 3.25356275255e-08, 3.17063459931e-08, 3.09522896202e-08, 3.02484117753e-08, 2.95729574162e-08, 2.89529413777e-08, 2.84945329554e-08, 2.8080831882e-08, 2.76833720392e-08, 2.73906586301e-08, 2.72090812103e-08, 2.71013611552e-08],
        "mean": [1.10308292278e-05, 0.000132337168907, 0.000925073225517, 0.00206062430516, 0.00193933106493, 0.00113953079563, 0.000938255572692, 0.0012328318553, 0.000753338215873, 0.000513431616127, 0.000558602972887, 0.000275082013104, 0.000312096788548, 0.000397295574658, 0.000491939543281, 0.000444638921181, 0.000363614730304, 0.000343630905263, 0.000402049481636, 0.000242502195761, 0.000110540364403, 6.49640060146e-05, 9.12709219847e-05, 6.64294275339e-05, 8.30243006931e-05, 0.000200582697289, 0.000112528869067, 7.96285530669e-05, 0.000188266683836, 9.84749058262e-05, 0.000133294510306, 0.000120792974485, 5.12123224325e-05, 8.67693452165e-05, 7.48282109271e-05, 3.82841353712e-05, 5.65386544622e-05, 0.000101263394754, 3.4706084989e-05, 7.71927516325e-05, 0.000171140185557, 0.000169561695657, 9.24800915527e-05, 5.91380703554e-05, 0.000137631082907, 5.69942312723e-05, 3.67703578377e-05, 0.000103950849734, 7.66100856708e-05, 4.43611606897e-05, 4.69264305138e-05, 3.91173198295e-05, 3.62272076018e-05, 2.5264438591e-05, 3.12327611027e-05, 6.40682337689e-05, 4.66836354462e-05, 4.05576247431e-05, 2.75758557109e-05, 4.44636534667e-05, 3.98181873607e-05, 2.66974948318e-05, 1.67657599377e-05, 2.54700280493e-05, 4.03737722081e-05, 1.95442935365e-05, 1.90212613234e-05, 2.21145855903e-05, 2.11110018427e-05, 1.28374722408e-05, 1.27267794596e-05, 2.1233683583e-05, 1.14133972602e-05, 1.37575088957e-05, 1.47359714902e-05, 1.12112666102e-05, 1.14787972052e-05, 1.05996150523e-05, 7.62455692893e-06, 3.7128590975e-06, 5.04102808918e-06, 4.94110599902e-06, 3.86468718716e-06, 3.90457353205e-06, 3.18030197377e-06, 3.91159892388e-06, 4.04010597777e-06, 3.31232649842e-06, 2.63809170065e-06, 1.25338522139e-06, 1.3736572555e-06, 9.55279119808e-07, 7.5187318771e-07, 9.52249649799e-07, 8.29639020594e-07, 6.104353929e-07, 6.04692559136e-07, 4.79400512177e-07, 3.5274464949e-07, 4.19694941911e-07, 3.27362215558e-07, 2.0444478821e-07, 1.83257299113e-07, 1.37181700666e-07, 3.66018241493e-07, 1.82384198411e-07, 4.64082674512e-08, 2.67321418335e-08, 1.3201792548e-08, 9.10622244277e-09, 1.35456756922e-09, 3.86464055202e-11, 3.39013470074e-11, 3.28612970169e-11, 3.18936856092e-11, 3.10035642992e-11, 3.01994540486e-11, 2.9402633106e-11, 2.86994074339e-11, 2.8038380645e-11, 2.74167442221e-11, 2.68519928515e-11, 2.64067986228e-11, 2.60019731441e-11, 2.56461171744e-11, 2.53844948533e-11, 2.52114804727e-11, 2.51002482687e-11],
        "min": [2.27764133073e-23, 2.38583881036e-23, 1.19960831457e-23, 4.22336564905e-24, 1.07865045759e-23, 1.09045331557e-23, 4.27469446157e-24, 3.60425656658e-24, 7.71697895164e-24, 8.4458454073e-24, 6.6010677536e-24, 6.4298529883e-24, 4.17850312937e-24, 5.53475224067e-24, 9.20078134929e-24, 1.08510341868e-23, 7.46447483107e-24, 5.71533117935e-24, 1.00652119738e-23, 1.54009093645e-23, 1.3457088252e-23, 2.34466721308e-23, 1.24715777338e-23, 1.77731166584e-23, 1.23440260251e-23, 7.46145743811e-24, 2.25172677667e-23, 3.32410082024e-23, 6.56328013295e-24, 5.69532093362e-24, 2.11231959305e-23, 1.00944108713e-23, 4.1803466973e-24, 7.7702239073e-24, 4.43299794043e-24, 9.6578528798e-24, 2.78085112677e-23, 8.01749945779e-24, 3.1703039854e-24, 9.05752184232e-24, 8.93434752286e-24, 3.38455091587e-23, 9.6074762224e-24, 1.37946812764e-23, 1.52831781853e-23, 2.60884095302e-23, 1.31468884226e-23, 4.39576765001e-24, 1.0472672042e-23, 1.31907743324e-23, 8.58956718676e-24, 9.7956960678e-24, 7.76514600966e-24, 1.26259373025e-23, 8.56451690872e-24, 1.98662273307e-24, 1.00091350075e-23, 6.83252309307e-24, 2.8853060925e-23, 7.27453290232e-24, 7.19852063207e-24, 2.07099401012e-23, 1.77098011045e-23, 8.6008944405e-24, 5.56718191805e-24, 1.42149642786e-23, 1.93946817803e-23, 1.44232109358e-23, 4.73829657708e-24, 2.19619286221e-23, 2.03725237817e-23, 8.89399334325e-24, 7.45484757259e-24, 1.2463154277e-23, 1.2592428069e-23, 1.22844551939e-23, 7.10905512795e-24, 1.69199288796e-23, 1.4128359973e-23, 6.10619045864e-24, 8.13833480467e-24, 1.02888185417e-23, 8.87738229917e-24, 8.45615581933e-24, 1.30274091276e-23, 1.20623190627e-23, 1.31041305838e-23, 1.65790967923e-23, 1.70962250924e-23, 1.66686735258e-23, 1.22361485075e-23, 1.08590458582e-23, 1.34008771794e-23, 1.28064255222e-23, 7.77223708033e-24, 1.36579637929e-23, 1.25145083331e-23, 7.47739321726e-24, 5.39186270946e-24, 5.66431948891e-24, 5.83314124465e-24, 8.77094366381e-24, 9.0728052335e-24, 8.64401988847e-24, 1.05283088239e-23, 8.50292817126e-24, 9.08328603949e-24, 8.15855488739e-24, 6.96859765491e-24, 4.4600262872e-24, 5.83567348816e-24, 1.03426038671e-23, 7.39353256987e-24, 9.99378298541e-24, 1.01584703211e-23, 1.24994332012e-23, 9.50058004771e-24, 1.33930043475e-23, 9.18642565854e-24, 1.06191682452e-23, 1.23269550751e-23, 9.21563717786e-24, 9.67996386212e-24, 9.56872343043e-24, 1.07011166938e-23, 1.0339745824e-23, 1.02883657355e-23, 8.71244647225e-24],
        "stdev": [1.8366275981e-05, 0.000188026868273, 0.00132627098355, 0.00318795675412, 0.00296114361845, 0.00149143778253, 0.00121171574574, 0.00149383116513, 0.000995424692519, 0.00070155056892, 0.000839772052132, 0.00050039042253, 0.000446425226983, 0.0006509993691, 0.000761585950386, 0.000974904629402, 0.000979249365628, 0.000885750283487, 0.000659561424982, 0.00082669936819, 0.000229390323511, 7.55680011935e-05, 0.000144459045259, 0.00017317495076, 0.000174743196112, 0.000467938545626, 0.000341819948517, 0.000147583632497, 0.000474745756947, 0.000171946070623, 0.000359263300197, 0.000321049592458, 0.000157221526024, 0.000160639465321, 0.000127866660478, 6.06008834438e-05, 8.29312193673e-05, 0.000212627026485, 7.71343984525e-05, 0.000258692423813, 0.000543167407159, 0.000491960672662, 0.000175172885065, 7.61706687626e-05, 0.000484683929244, 0.000117307950859, 5.54517864657e-05, 0.000310899456963, 0.000176339774043, 0.000171410749317, 7.55558648962e-05, 5.10531972395e-05, 6.54794566799e-05, 3.66941603716e-05, 5.24247807334e-05, 0.000139726049383, 8.33342492115e-05, 5.88836810493e-05, 5.00822497997e-05, 9.57848969847e-05, 7.19328527339e-05, 4.46397898486e-05, 2.6081701435e-05, 3.20960352838e-05, 7.92078790255e-05, 4.36502996308e-05, 3.81759309676e-05, 4.17783812736e-05, 3.40636579494e-05, 2.3066664653e-05, 1.7540922272e-05, 3.71101523342e-05, 1.42161043186e-05, 2.64010723185e-05, 2.62137964455e-05, 2.35145689658e-05, 1.88658141269e-05, 1.61851057783e-05, 1.00995894172e-05, 5.40113205716e-06, 7.01230464983e-06, 5.81826225243e-06, 4.98766667079e-06, 5.43590977031e-06, 4.00661474487e-06, 5.73884744881e-06, 6.12884468865e-06, 3.82309781344e-06, 3.49606079908e-06, 2.63190145233e-06, 2.1831565391e-06, 1.61939385634e-06, 1.18197795018e-06, 1.36509731874e-06, 1.09918505586e-06, 1.41704879297e-06, 8.48823731303e-07, 6.39001882519e-07, 5.77820287617e-07, 7.0070819902e-07, 5.00812348037e-07, 2.98089503303e-07, 3.04751182512e-07, 1.91132926375e-07, 7.07543620138e-07, 3.50542450178e-07, 6.4862810234e-08, 3.36371819287e-08, 1.28312001024e-08, 1.12535838426e-08, 2.61699217852e-09, 1.06506314879e-09, 1.02698882731e-09, 9.97385396495e-10, 9.68943258961e-10, 9.43017774979e-10, 9.19779419295e-10, 8.96336171952e-10, 8.75018946189e-10, 8.55120529941e-10, 8.36025249029e-10, 8.18497158939e-10, 8.05538358239e-10, 7.93843546454e-10, 7.82607034733e-10, 7.74331709863e-10, 7.69198593709e-10, 7.66153585019e-10]
    },
    "mfcc": {
        "mean": [-603.859191895, 108.17817688, -15.8746128082, 37.0663452148, -0.403440654278, 13.0987758636, -3.00858569145, 0.925259172916, -5.94880914688, -0.721832633018, -1.53416597843, -0.603145301342, -2.32829833031],
        "cov": [[1889.20117188, -163.798416138, -385.729522705, -154.412811279, -226.487670898, -91.2945251465, -70.7322769165, -57.1351890564, -43.1478881836, 0.72793161869, -51.7751312256, -43.747127533, -96.2048339844], [-163.798416138, 559.096679688, -96.667388916, 97.0732803345, -18.1626930237, -30.3990726471, -13.3622255325, 0.817013800144, 12.1111516953, 35.374912262, 26.5215606689, 14.3504476547, 33.8024406433], [-385.729522705, -96.667388916, 399.599334717, 68.0547332764, 150.328414917, 72.1511077881, 27.8651981354, 35.4581260681, 7.63243818283, -10.5320739746, 12.1337614059, 23.950510025, 33.8489990234], [-154.412811279, 97.0732803345, 68.0547332764, 229.411911011, 95.228729248, 39.3282356262, 0.96341574192, 14.4676647186, 22.4656848907, 14.0300540924, 29.3569164276, 22.9406719208, 36.301071167], [-226.487670898, -18.1626930237, 150.328414917, 95.228729248, 154.890777588, 64.6241149902, 20.3679161072, 23.6725387573, 16.8815956116, 1.00586760044, 12.7870750427, 14.8574934006, 27.0365924835], [-91.2945251465, -30.3990726471, 72.1511077881, 39.3282356262, 64.6241149902, 93.8794326782, 39.2875938416, 35.169593811, 9.92576599121, 9.99984169006, 4.6149892807, 11.2534418106, 9.14236927032], [-70.7322769165, -13.3622255325, 27.8651981354, 0.96341574192, 20.3679161072, 39.2875938416, 58.9000816345, 32.331489563, 7.38905334473, 8.104637146, 5.15239429474, 3.35015201569, 0.138940051198], [-57.1351890564, 0.817013800144, 35.4581260681, 14.4676647186, 23.6725387573, 35.169593811, 32.331489563, 62.6813011169, 20.1919689178, 14.7809419632, 1.23020577431, 2.53219270706, 8.65517997742], [-43.1478881836, 12.1111516953, 7.63243818283, 22.4656848907, 16.8815956116, 9.92576599121, 7.38905334473, 20.1919689178, 45.6537780762, 17.8110427856, 0.024028910324, 0.564508318901, 11.2108764648], [0.72793161869, 35.374912262, -10.5320739746, 14.0300540924, 1.00586760044, 9.99984169006, 8.104637146, 14.7809419632, 17.8110427856, 50.4544563293, 20.840795517, 0.587972939014, 0.859331190586], [-51.7751312256, 26.5215606689, 12.1337614059, 29.3569164276, 12.7870750427, 4.6149892807, 5.15239429474, 1.23020577431, 0.024028910324, 20.840795517, 56.0618476868, 20.6275501251, -3.2447347641], [-43.747127533, 14.3504476547, 23.950510025, 22.9406719208, 14.8574934006, 11.2534418106, 3.35015201569, 2.53219270706, 0.564508318901, 0.587972939014, 20.6275501251, 41.2948226929, 15.8801307678], [-96.2048339844, 33.8024406433, 33.8489990234, 36.301071167, 27.0365924835, 9.14236927032, 0.138940051198, 8.65517997742, 11.2108764648, 0.859331190586, -3.2447347641, 15.8801307678, 65.4993591309]],
        "icov": [[0.000807495089248, 0.000356763601303, 0.000600105384365, -0.000144267498399, 0.000528124743141, -0.000159138056915, 0.000772694300395, -0.000192106192117, 0.000540764303878, -0.000655040785205, 0.000760621158406, -0.000358229095582, 0.000640285667032], [0.000356763601303, 0.00246406160295, 0.000859071034938, -0.00121130084153, 0.000443829048891, 0.00100956938695, 0.00018214721058, -0.000480383518152, 0.000766672659665, -0.00163659523241, 0.000171160834725, -0.000504087132867, -0.000760334543884], [0.000600105384365, 0.000859071034938, 0.00480066565797, 0.000254347454756, -0.00358948926441, -0.000180882387212, 0.000697440933436, -0.00154250662308, 0.00135669973679, 0.000291495613055, 4.22556404374e-05, -0.00108188600279, -0.000446174381068], [-0.000144267498399, -0.00121130084153, 0.000254347454756, 0.00744752632454, -0.00406203977764, -0.00149327330291, 0.00208381819539, 5.83691835345e-05, -0.00194231653586, 0.000825650582556, -0.00302585866302, -0.000112596993858, -0.00177376298234], [0.000528124743141, 0.000443829048891, -0.00358948926441, -0.00406203977764, 0.0163419283926, -0.00692248996347, 0.000877135957126, 0.0012081383029, -0.002826603828, 0.00235186540522, -0.0017937006196, 0.00205310061574, -0.00142159988172], [-0.000159138056915, 0.00100956938695, -0.000180882387212, -0.00149327330291, -0.00692248996347, 0.0226388629526, -0.00983108300716, -0.00474230526015, 0.00320875342004, -0.0047066276893, 0.00459699472412, -0.00501259975135, 0.00146691291593], [0.000772694300395, 0.00018214721058, 0.000697440933436, 0.00208381819539, 0.000877135957126, -0.00983108300716, 0.0298920106143, -0.0109806125984, 0.000730369065423, 0.000695490103681, -0.00293658720329, 0.000683549558744, 0.00147801404819], [-0.000192106192117, -0.000480383518152, -0.00154250662308, 5.83691835345e-05, 0.0012081383029, -0.00474230526015, -0.0109806125984, 0.0280927028507, -0.00823848508298, -0.00336341164075, 0.00178942992352, 0.000661380821839, -0.00141261576209], [0.000540764303878, 0.000766672659665, 0.00135669973679, -0.00194231653586, -0.002826603828, 0.00320875342004, 0.000730369065423, -0.00823848508298, 0.0319193564355, -0.0117215011269, 0.00605050614104, -0.00129061727785, -0.00211696187034], [-0.000655040785205, -0.00163659523241, 0.000291495613055, 0.000825650582556, 0.00235186540522, -0.0047066276893, 0.000695490103681, -0.00336341164075, -0.0117215011269, 0.0332139879465, -0.0159131810069, 0.00815891101956, -0.0017925449647], [0.000760621158406, 0.000171160834725, 4.22556404374e-05, -0.00302585866302, -0.0017937006196, 0.00459699472412, -0.00293658720329, 0.00178942992352, 0.00605050614104, -0.0159131810069, 0.0330262631178, -0.0173388551921, 0.00756553467363], [-0.000358229095582, -0.000504087132867, -0.00108188600279, -0.000112596993858, 0.00205310061574, -0.00501259975135, 0.000683549558744, 0.000661380821839, -0.00129061727785, 0.00815891101956, -0.0173388551921, 0.0375361740589, -0.00972679164261], [0.000640285667032, -0.000760334543884, -0.000446174381068, -0.00177376298234, -0.00142159988172, 0.00146691291593, 0.00147801404819, -0.00141261576209, -0.00211696187034, -0.0017925449647, 0.00756553467363, -0.00972679164261, 0.0214982461184]]
    },
    "spectral_contrast_coeffs": {
        "max": [-0.504673838615, -0.543089032173, -0.561023890972, -0.615721523762, -0.611082971096, -0.606790065765],
        "mean": [-0.717635571957, -0.752918720245, -0.766831815243, -0.771263718605, -0.767291069031, -0.712003290653],
        "min": [-0.964450657368, -0.973866164684, -0.961762070656, -0.958091199398, -0.959346175194, -0.959072649479],
        "stdev": [0.0538102462888, 0.0612295456231, 0.0600628629327, 0.0537925958633, 0.0469254106283, 0.0319977104664]
    },
    "spectral_contrast_valleys": {
        "max": [-5.03156995773, -5.12459802628, -5.77619171143, -5.44749641418, -5.34894371033, -8.45840454102],
        "mean": [-6.45828533173, -6.61216306686, -7.16028213501, -7.19389438629, -7.03542089462, -10.1378831863],
        "min": [-26.887840271, -27.2120018005, -27.4831886292, -27.1475772858, -27.2516117096, -27.2486019135],
        "stdev": [0.773653507233, 0.812140405178, 0.766758620739, 0.752561151981, 0.753188431263, 0.723033070564]
    }
},
"rhythm": {
    "beats_count": 61,
    "beats_loudness": {
        "max": 0.0643277019262,
        "mean": 0.0385804325342,
        "min": 0.0198324918747,
        "stdev": 0.0106408325955
    },
    "bpm": 127.840950012,
    "bpm_histogram_first_peak_bpm": 129,
    "bpm_histogram_first_peak_weight": 0.431034505367,
    "bpm_histogram_second_peak_bpm": 112,
    "bpm_histogram_second_peak_spread": 0,
    "bpm_histogram_second_peak_weight": 0.0166666675359,
    "danceability": 1.26715266705,
    "onset_rate": 4.85983419418,
    "beats_loudness_band_ratio": {
        "max": [0.931097447872, 0.359078884125, 0.643034875393, 0.590046525002, 0.227096274495, 0.159620136023],
        "mean": [0.565374553204, 0.130671337247, 0.103176318109, 0.0988707691431, 0.0769715607166, 0.0458801724017],
        "min": [0.0283048041165, 0.0342858284712, 0.00232507335022, 0.00698662968352, 0.0160951968282, 0.00689485576004],
        "stdev": [0.287774592638, 0.0835616588593, 0.138263359666, 0.124888598919, 0.0597126670182, 0.0336015447974]
    },
    "beats_position": [0.510838985443, 1.04489791393, 1.53251695633, 2.00852608681, 2.48453521729, 2.94893407822, 3.41333317757, 3.88934230804, 4.3653512001, 4.82975053787, 5.2941493988, 5.75854873657, 6.23455762863, 6.71056699753, 7.17496585846, 7.63936471939, 8.10376358032, 8.56816291809, 9.03256225586, 9.50857162476, 9.98458003998, 10.4489793777, 10.9249887466, 11.4009971619, 11.8653964996, 12.3297958374, 12.7941951752, 13.2702035904, 13.7462129593, 14.2106122971, 14.6866207123, 15.1626300812, 15.6270294189, 16.0914287567, 16.5558280945, 17.031835556, 17.5078449249, 17.9722442627, 18.4366436005, 18.9010429382, 19.3770523071, 19.853061676, 20.3174591064, 20.7818584442, 21.246257782, 21.7106571198, 22.1750564575, 22.6510658264, 23.1270751953, 23.5914726257, 24.0558719635, 24.5318813324, 25.0078907013, 25.4722900391, 25.948299408, 26.4243087769, 26.8887062073, 27.353105545, 27.8175048828, 28.2819042206, 28.7579135895],
