{
"metadata": {
    "version": {
        "essentia": "2.1-beta5",
        "essentia_git_sha": "Undefined",
        "extractor": "music 2.0"
    },
    "audio_properties": {
        "analysis": {
            "equal_loudness": 0,
            "length": 12.7477550507,
            "sample_rate": 44100,
            "start_time": 0,
            "downmix": "mix"
        },
        "bit_rate": 192000,
        "length": 210.953292847,
        "lossless": 0,
        "number_channels": 2,
        "replay_gain": 28.1823368073,
        "sample_rate": 44100,
        "codec": "mp3",
        "md5_encoded": "88b817ba01372b1749a4f3832e68f504"
    },
    "tags": {
        "file_name": "France_White And Black Blues_Joelle Ursull.mp3",
        "encoding": ["Lavf58.29.100"]
    }
},
"lowlevel": {
    "average_loudness": 0.000164371231222,
    "barkbands_crest": {
        "max": 23.5100631714,
        "mean": 6.82993555069,
        "min": 3.52818226814,
        "stdev": 1.68875181675
    },
    "barkbands_flatness_db": {
        "max": 0.29902407527,
        "mean": 0.0823906213045,
        "min": 0.0419180057943,
        "stdev": 0.0322901383042
    },
    "barkbands_kurtosis": {
        "max": 129.389602661,
        "mean": 4.56952619553,
        "min": -1.81186974049,
        "stdev": 11.1817045212
    },
    "barkbands_skewness": {
        "max": 7.10219478607,
        "mean": -1.73881912231,
        "min": -9.76031112671,
        "stdev": 1.13554930687
    },
    "barkbands_spread": {
        "max": 78.1869049072,
        "mean": 25.9529819489,
        "min": 1.90450060368,
        "stdev": 7.0567035675
    },
    "dissonance": {
        "max": 0.499955952168,
        "mean": 0.490302175283,
        "min": 0.377884417772,
        "stdev": 0.0149765256792
    },
    "dynamic_complexity": 18.0033721924,
    "erbbands_crest": {
        "max": 20.7769012451,
        "mean": 4.05944442749,
        "min": 2.61384868622,
        "stdev": 2.38392925262
    },
    "erbbands_flatness_db": {
        "max": 0.396673947573,
        "mean": 0.110537149012,
        "min": 0.0806876942515,
        "stdev": 0.0431465730071
    },
    "erbbands_kurtosis": {
        "max": 52.2908935547,
        "mean": 0.859727025032,
        "min": -1.64127111435,
        "stdev": 4.96190357208
    },
    "erbbands_skewness": {
        "max": 3.60914206505,
        "mean": -0.607260704041,
        "min": -4.37774944305,
        "stdev": 0.557402670383
    },
    "erbbands_spread": {
        "max": 70.5845031738,
        "mean": 35.4225769043,
        "min": 1.39090335369,
        "stdev": 7.37449121475
    },
    "hfc": {
        "max": 2149.99438477,
        "mean": 19.3529453278,
        "min": 1.05397341948e-16,
        "stdev": 147.534698486
    },
    "loudness_ebu128": {
        "integrated": -43.4652328491,
        "loudness_range": 16.7075042725,
        "momentary": {
            "max": -36.46118927,
            "mean": -275.297637939,
            "min": -300.691009521,
            "stdev": 74.9121780396
        },
        "short_term": {
            "max": -44.7920150757,
            "mean": -269.642333984,
            "min": -300.691009521,
            "stdev": 80.3180236816
        }
    },
    "melbands_crest": {
        "max": 28.0802993774,
        "mean": 3.15622138977,
        "min": 1.44145834446,
        "stdev": 2.91352748871
    },
    "melbands_flatness_db": {
        "max": 0.345101445913,
        "mean": 0.0209072884172,
        "min": 0.00265671079978,
        "stdev": 0.050376676023
    },
    "melbands_kurtosis": {
        "max": 180.497711182,
        "mean": -0.0656195953488,
        "min": -1.40247118473,
        "stdev": 8.68060684204
    },
    "melbands_skewness": {
        "max": 8.96073246002,
        "mean": 0.0636697486043,
        "min": -4.97134399414,
        "stdev": 0.843519449234
    },
    "melbands_spread": {
        "max": 163.401245117,
        "mean": 123.558776855,
        "min": 1.41308248043,
        "stdev": 29.6559963226
    },
    "pitch_salience": {
        "max": 0.950773715973,
        "mean": 0.787742853165,
        "min": 0.439007818699,
        "stdev": 0.0280984360725
    },
    "silence_rate_20dB": {
        "max": 1,
        "mean": 0.98727273941,
        "min": 0,
        "stdev": 0.11209500581
    },
    "silence_rate_30dB": {
        "max": 1,
        "mean": 0.974545478821,
        "min": 0,
        "stdev": 0.157501146197
    },
    "silence_rate_60dB": {
        "max": 1,
        "mean": 0.923636376858,
        "min": 0,
        "stdev": 0.265579044819
    },
    "spectral_centroid": {
        "max": 11917.7285156,
        "mean": 10261.1630859,
        "min": 274.904541016,
        "stdev": 2505.48754883
    },
    "spectral_complexity": {
        "max": 62,
        "mean": 2.25999999046,
        "min": 0,
        "stdev": 9.10682296753
    },
    "spectral_decrease": {
        "max": 5.07379311491e-18,
        "mean": -4.11985112692e-09,
        "min": -5.34198193236e-07,
        "stdev": 3.42544304033e-08
    },
    "spectral_energy": {
        "max": 2.21119642258,
        "mean": 0.0173046290874,
        "min": 9.68367822316e-21,
        "stdev": 0.142173305154
    },
    "spectral_energyband_high": {
        "max": 0.172552108765,
        "mean": 0.00149181764573,
        "min": 6.81239295311e-21,
        "stdev": 0.0113082723692
    },
    "spectral_energyband_low": {
        "max": 0.0588858909905,
        "mean": 0.000408972467994,
        "min": 1.13562569981e-23,
        "stdev": 0.00364530039951
    },
    "spectral_energyband_middle_high": {
        "max": 0.394460141659,
        "mean": 0.00321903219447,
        "min": 1.10776205348e-21,
        "stdev": 0.0253473315388
    },
    "spectral_energyband_middle_low": {
        "max": 1.76171588898,
        "mean": 0.0122915003449,
        "min": 1.05165401236e-22,
        "stdev": 0.108569823205
    },
    "spectral_entropy": {
        "max": 9.82499027252,
        "mean": 9.60063934326,
        "min": 6.45924472809,
        "stdev": 0.649419367313
    },
    "spectral_flux": {
        "max": 1.12077212334,
        "mean": 0.0221183989197,
        "min": 6.22596210698e-11,
        "stdev": 0.116813205183
    },
    "spectral_kurtosis": {
        "max": 12.0646858215,
        "mean": -0.686154782772,
        "min": -1.27845191956,
        "stdev": 1.81043076515
    },
    "spectral_rms": {
        "max": 0.046446364373,
        "mean": 0.000815411563963,
        "min": 3.07367716348e-12,
        "stdev": 0.00402711704373
    },
    "spectral_rolloff": {
        "max": 19745.9472656,
        "mean": 17386.0898438,
        "min": 236.865234375,
        "stdev": 4427.64160156
    },
    "spectral_skewness": {
        "max": 3.05500769615,
        "mean": 0.0936559438705,
        "min": -0.503149926662,
        "stdev": 0.389254003763
    },
    "spectral_spread": {
        "max": 43355928,
        "mean": 37242668,
        "min": 1527092.375,
        "stdev": 10684731
    },
    "spectral_strongpeak": {
        "max": 15.8831501007,
        "mean": 0.303062647581,
        "min": 0,
        "stdev": 1.41576552391
    },
    "zerocrossingrate": {
        "max": 0.52978515625,
        "mean": 0.464121103287,
        "min": 0.0009765625,
        "stdev": 0.117118932307
    },
    "barkbands": {
        "max": [0.00665926840156, 0.0119065549225, 0.0383706092834, 0.023965228349, 0.276827871799, 0.479062795639, 0.353941500187, 1.33557462692, 0.420242577791, 0.0899046063423, 0.026267696172, 0.0208270829171, 0.0505931153893, 0.0922236740589, 0.0477238446474, 0.0627682134509, 0.0229363720864, 0.0258902870119, 0.0403978675604, 0.0731116682291, 0.123919643462, 0.0212610270828, 0.00535011058673, 0.00283913686872, 0.00251720752567, 0.000698280171491, 0.000325561122736],
        "mean": [4.87249089929e-05, 7.21074320609e-05, 0.000260220520431, 0.00011679718591, 0.0021021028515, 0.00226190779358, 0.00238263001665, 0.00358680053614, 0.0017256513238, 0.000445828540251, 0.000363432103768, 0.000240033812588, 0.000305664754706, 0.00040992180584, 0.000269655982265, 0.000269426236628, 0.000244972063228, 0.000132223663968, 0.000212807834032, 0.000629119400401, 0.000893441902008, 0.000244538037805, 4.6953693527e-05, 1.91974304471e-05, 1.38223385875e-05, 4.35245647168e-06, 1.84004557013e-06],
        "min": [1.44057575362e-25, 1.61250170168e-24, 1.88978544705e-25, 3.31645678765e-25, 3.37812840481e-24, 5.02667020301e-24, 6.94389526453e-24, 7.49044413207e-24, 1.1563359807e-23, 1.16388664174e-23, 8.71697295612e-24, 1.15029851265e-23, 1.58758683161e-23, 2.15868599716e-23, 2.51785925824e-23, 4.12872095754e-23, 5.89962628397e-23, 5.89473029765e-23, 1.03136709734e-22, 1.53814308111e-22, 2.19110016553e-22, 2.31968146386e-22, 4.00306671183e-22, 5.00592904611e-22, 8.14556616637e-22, 1.19575611744e-21, 1.782398323e-21],
        "stdev": [0.000377819640562, 0.00065768416971, 0.00245689484291, 0.00117220403627, 0.0189050137997, 0.0261592753232, 0.024070661515, 0.0581919401884, 0.019362187013, 0.00444217771292, 0.00240943185054, 0.00169986672699, 0.00327817932703, 0.00482887029648, 0.00260357302614, 0.00313432235271, 0.00189860048704, 0.0012911001686, 0.00209991028532, 0.00566822476685, 0.00759175280109, 0.0017083408311, 0.000330865383148, 0.000160759082064, 0.00014032778563, 3.95872120862e-05, 2.1272124286e-05]
    },
    "erbbands": {
        "max": [0.146503046155, 4.08153009415, 35.8135375977, 73.7852935791, 531.529724121, 1550.60803223, 806.107849121, 5607.41699219, 6415.66894531, 10270.140625, 25229.5566406, 11050.1171875, 2853.90258789, 1379.73071289, 998.153198242, 869.125854492, 2226.91748047, 2714.40844727, 3955.2746582, 1316.44250488, 4013.85864258, 1358.18469238, 1148.32788086, 1437.75463867, 4190.96484375, 3623.17163086, 6930.79736328, 2533.29980469, 777.542419434, 304.664459229, 156.96534729, 74.6401367188, 55.4620933533, 42.3418464661, 10.5024757385, 3.20092988014, 1.50378167629, 0.250899583101, 0.04690881446, 0.00780157931149],
        "mean": [0.00146328867413, 0.0235160365701, 0.25171148777, 0.416579395533, 3.41477489471, 8.01912403107, 6.85523986816, 23.3677959442, 32.2534713745, 52.99451828, 71.4465332031, 44.3711204529, 18.6004047394, 11.9849061966, 13.8731527328, 9.86236190796, 13.3058691025, 17.9719543457, 20.6760902405, 9.45203971863, 18.3824424744, 13.3890857697, 7.18323373795, 7.63703489304, 19.6730995178, 28.8782196045, 43.7493133545, 22.9111671448, 9.43623733521, 3.88317060471, 1.16260898113, 0.513767540455, 0.302424818277, 0.202371239662, 0.0716226473451, 0.0210247151554, 0.00826954748482, 0.00162673380692, 0.000261864159256, 4.92848266731e-05],
        "min": [4.53587826091e-23, 3.24694492257e-22, 1.03430625423e-21, 2.56896105553e-21, 8.23345047138e-21, 1.26597666306e-20, 2.30461032801e-20, 4.4735061669e-20, 6.2228196484e-20, 1.33620675276e-19, 1.88809920176e-19, 2.96842784253e-19, 3.35755221424e-19, 5.76288254164e-19, 7.37257859861e-19, 7.84203461551e-19, 1.17085833724e-18, 1.28718174825e-18, 1.91980555163e-18, 2.44068407848e-18, 3.21973870261e-18, 4.54020578512e-18, 3.75779963195e-18, 5.64899631491e-18, 5.96850847499e-18, 7.97702625218e-18, 8.72645271433e-18, 9.3735106126e-18, 8.60092226611e-18, 8.64202404357e-18, 1.10412291502e-17, 1.01578242443e-17, 8.15943529368e-18, 7.86729247212e-18, 6.10793307595e-18, 4.03222093607e-18, 2.09187628303e-18, 8.63554846014e-19, 2.22984938882e-19, 2.52678118546e-20],
        "stdev": [0.0106344390661, 0.225408881903, 2.35672235489, 3.85057854652, 33.05834198, 82.3262939453, 58.9266204834, 285.764953613, 348.375244141, 572.082458496, 1102.49645996, 520.196166992, 166.824493408, 85.2303314209, 91.6968383789, 73.380859375, 139.201766968, 183.05506897, 210.982833862, 87.832359314, 209.487976074, 102.684272766, 61.5867424011, 74.7497024536, 205.820114136, 262.982879639, 417.288696289, 165.027420044, 64.1137390137, 27.2791595459, 8.77106189728, 4.20634078979, 2.80765938759, 2.16503453255, 0.679780602455, 0.184099346399, 0.0810030326247, 0.0163249503821, 0.00284391641617, 0.000488543242682]
    },
    "gfcc": {
        "mean": [-1150.37634277, 4.14677238464, -12.3640813828, 3.76809740067, -7.28996276855, -0.235202893615, -2.26111149788, -0.164196833968, -2.26415586472, 0.591799795628, -1.90913438797, -0.559618592262, -0.708549916744],
        "cov": [[132550.15625, 5450.65185547, -14115.25, 4218.47167969, -8323.19140625, -336.753448486, -2588.42504883, -183.557250977, -2632.96557617, 681.873413086, -2165.0456543, -678.300720215, -796.305053711], [5450.65185547, 530.896911621, -510.904937744, 13.5501737595, -355.781646729, -59.1750259399, -103.77759552, 22.7688713074, -166.72354126, -8.38104438782, -78.7110519409, -39.9759979248, -30.3690261841], [-14115.25, -510.904937744, 1578.98400879, -467.397583008, 878.638916016, 31.7774715424, 266.996185303, 16.4764976501, 265.462280273, -78.8016815186, 227.576400757, 69.790397644, 87.6432342529], [4218.47167969, 13.5501737595, -467.397583008, 310.458282471, -253.019744873, 26.7670993805, -74.2153930664, -46.4568023682, -37.194278717, 46.5175666809, -81.9890441895, -15.4810714722, -25.146068573], [-8323.19140625, -355.781646729, 878.638916016, -253.019744873, 558.967346191, 20.4009971619, 137.362213135, 13.0865001678, 169.762451172, -30.6657104492, 132.446029663, 40.0703086853, 51.1176757812], [-336.753448486, -59.1750259399, 31.7774715424, 26.7670993805, 20.4009971619, 34.5074996948, 18.9248390198, 0.643663823605, 9.46489429474, -4.05046606064, -0.396441191435, 4.65004253387, -2.62876749039], [-2588.42504883, -103.77759552, 266.996185303, -74.2153930664, 137.362213135, 18.9248390198, 96.6507568359, 2.70671725273, 52.2206687927, -27.2919788361, 48.5791816711, 16.1795463562, 13.3864479065], [-183.557250977, 22.7688713074, 16.4764976501, -46.4568023682, 13.0865001678, 0.643663823605, 2.70671725273, 19.5380935669, -9.29302883148, -9.8948135376, 3.95581555367, 0.406995385885, -1.53528618813], [-2632.96557617, -166.72354126, 265.462280273, -37.194278717, 169.762451172, 9.46489429474, 52.2206687927, -9.29302883148, 79.6603393555, 0.718581736088, 43.5782470703, 15.4206638336, 16.3710346222], [681.873413086, -8.38104438782, -78.8016815186, 46.5175666809, -30.6657104492, -4.05046606064, -27.2919788361, -9.8948135376, 0.718581736088, 21.6318874359, -11.6302213669, -3.68195033073, -3.15152311325], [-2165.0456543, -78.7110519409, 227.576400757, -81.9890441895, 132.446029663, -0.396441191435, 48.5791816711, 3.95581555367, 43.5782470703, -11.6302213669, 42.4681396484, 10.7808132172, 13.1041917801], [-678.300720215, -39.9759979248, 69.790397644, -15.4810714722, 40.0703086853, 4.65004253387, 16.1795463562, 0.406995385885, 15.4206638336, -3.68195033073, 10.7808132172, 7.29456043243, 4.63045358658], [-796.305053711, -30.3690261841, 87.6432342529, -25.146068573, 51.1176757812, -2.62876749039, 13.3864479065, -1.53528618813, 16.3710346222, -3.15152311325, 13.1041917801, 4.63045358658, 9.45055961609]],
        "icov": [[0.00126532523427, -0.00204787310213, 0.00412083882838, -0.00316049251705, 0.00749471085146, -0.00154194806237, 0.00471300678328, -0.00304392608814, 0.00344281014986, -0.00430239224806, -0.000583538261708, 0.00302052916959, -0.00279719638638], [-0.00204787310213, 0.0127200260758, -0.00913148280233, 0.00496928812936, -0.00840576179326, 0.0146577740088, -0.0109672481194, -0.000906082801521, 0.00828035455197, 0.00771836657077, 0.00508546968922, 0.013708143495, 0.00562092987821], [0.00412083882838, -0.00913148280233, 0.0254030618817, -0.000811397912912, 0.0123784793541, -0.0169224366546, 0.0171936582774, 0.0174967460334, 0.00303885177709, 0.0010737675475, -0.003150874516, -0.000801062502433, -0.013183273375], [-0.00316049251705, 0.00496928812936, -0.000811397912912, 0.0441414527595, -0.0220291297883, -0.0229356698692, -0.0156108522788, 0.0678628608584, -0.030890757218, 0.00750157237053, 0.05085182935, -0.012553379871, 0.0122059211135], [0.00749471085146, -0.00840576179326, 0.0123784793541, -0.0220291297883, 0.0749400183558, -0.0155343255028, 0.0415222719312, -0.0482755377889, 0.00561720877886, -0.0291486624628, -0.0296911634505, 0.0387977957726, -0.0425348058343], [-0.00154194806237, 0.0146577740088, -0.0169224366546, -0.0229356698692, -0.0155343255028, 0.103098116815, -0.0427876748145, -0.0519375801086, 0.0325863659382, -0.00754613010213, 0.0477089397609, -0.013294630684, 0.0593542233109], [0.00471300678328, -0.0109672481194, 0.0171936582774, -0.0156108522788, 0.0415222719312, -0.0427876748145, 0.0941129550338, 0.00665854057297, -0.0182924419641, 0.0603181533515, -0.0992383211851, -0.00280721159652, -0.0170521270484], [-0.00304392608814, -0.000906082801521, 0.0174967460334, 0.0678628608584, -0.0482755377889, -0.0519375801086, 0.00665854057297, 0.228191405535, -0.0199206415564, 0.0668464899063, 0.0327617935836, -0.0601908117533, 0.074090026319], [0.00344281014986, 0.00828035455197, 0.00303885177709, -0.030890757218, 0.00561720877886, 0.0325863659382, -0.0182924419641, -0.0199206415564, 0.132680818439, -0.0693478211761, -0.0348076149821, -0.00725530413911, 0.00653243763372], [-0.00430239224806, 0.00771836657077, 0.0010737675475, 0.00750157237053, -0.0291486624628, -0.00754613010213, 0.0603181533515, 0.0668464899063, -0.0693478211761, 0.210401728749, -0.0602827034891, -7.28656814317e-05, 0.0271879769862], [-0.000583538261708, 0.00508546968922, -0.003150874516, 0.05085182935, -0.0296911634505, 0.0477089397609, -0.0992383211851, 0.0327617935836, -0.0348076149821, -0.0602827034891, 0.332102507353, -0.00696598086506, 0.0345719084144], [0.00302052916959, 0.013708143495, -0.000801062502433, -0.012553379871, 0.0387977957726, -0.013294630684, -0.00280721159652, -0.0601908117533, -0.00725530413911, -7.28656814317e-05, -0.00696598086506, 0.372657924891, -0.107154749334], [-0.00279719638638, 0.00562092987821, -0.013183273375, 0.0122059211135, -0.0425348058343, 0.0593542233109, -0.0170521270484, 0.074090026319, 0.00653243763372, 0.0271879769862, 0.0345719084144, -0.107154749334, 0.328006058931]]
    },
    "melbands": {
        "max": [0.00195081206039, 0.0136153642088, 0.0173691995442, 0.0642903000116, 0.0369709543884, 0.111211679876, 0.0871961042285, 0.181249290705, 0.169492870569, 0.0645894706249, 0.0142307430506, 0.00719205429778, 0.00374408485368, 0.00345389032736, 0.00339202885516, 0.0058257333003, 0.0055167907849, 0.00813362002373, 0.00338543136604, 0.00175834307447, 0.00566411577165, 0.00155303766951, 0.000575583311729, 0.00145018938929, 0.00108292326331, 0.0016253690701, 0.00415609404445, 0.00227756961249, 0.00399600854144, 0.00313112651929, 0.00115933816414, 0.000423853372922, 0.000353853421984, 0.000114789399959, 7.2193754022e-05, 9.30029345909e-05, 3.08334674628e-05, 4.41978154413e-05, 2.68639269052e-05, 3.88771550206e-05],
        "mean": [1.8358203306e-05, 9.37124568736e-05, 0.000134348374559, 0.000476553599583, 0.000249903299846, 0.000518732354976, 0.00050295406254, 0.00068614538759, 0.000533523969352, 0.000250395096373, 8.58387502376e-05, 5.00905443914e-05, 5.11027465109e-05, 2.94005567412e-05, 2.34093149629e-05, 3.35374679707e-05, 3.34092364938e-05, 3.62594910257e-05, 1.8388927856e-05, 1.03174652395e-05, 2.50756802416e-05, 1.57322210725e-05, 6.98946632838e-06, 6.20010405328e-06, 5.79267771172e-06, 9.01905241335e-06, 2.22878898057e-05, 1.69636459759e-05, 2.66037150141e-05, 2.18578006752e-05, 1.10189366751e-05, 5.17893022334e-06, 4.19376874561e-06, 1.363753654e-06, 6.42381337457e-07, 4.54362066193e-07, 2.66715630914e-07, 2.2538826272e-07, 1.56050674605e-07, 1.80766690505e-07],
        "min": [5.21300486807e-25, 9.54303673885e-25, 7.73186288338e-25, 6.09592313813e-25, 6.60139611695e-25, 1.14993950205e-24, 1.02175335204e-24, 1.19888841983e-24, 1.45682522824e-24, 1.69384588278e-24, 1.18732933959e-24, 2.0682729922e-24, 1.77716773817e-24, 1.75979307673e-24, 1.40834923257e-24, 1.81533539256e-24, 2.18276984171e-24, 1.92604709023e-24, 1.67760540611e-24, 2.90239183363e-24, 2.51387271021e-24, 3.246030688e-24, 2.19752075177e-24, 2.91505995369e-24, 3.62946225022e-24, 3.21207062046e-24, 3.9798182552e-24, 4.37486559704e-24, 4.37619127779e-24, 4.35622599714e-24, 4.17740976815e-24, 4.53883349163e-24, 4.62191316672e-24, 4.30728388329e-24, 4.99406145421e-24, 4.82983678539e-24, 5.82368359126e-24, 4.93455491511e-24, 5.17376870158e-24, 5.46656468174e-24],
        "stdev": [0.000137273353175, 0.000882886350155, 0.00117636681534, 0.00460986001417, 0.00223208265379, 0.00611306121573, 0.00530682783574, 0.00858466885984, 0.0075614368543, 0.00296581094153, 0.000772029568907, 0.000391153473174, 0.000341291888617, 0.000219513749471, 0.00021763415134, 0.000367507280316, 0.000353141134838, 0.000399705488235, 0.000183541182196, 9.90621992969e-05, 0.00029235763941, 0.00012379004329, 4.84844895254e-05, 6.81130040903e-05, 5.70964039071e-05, 8.80856532604e-05, 0.000226648990065, 0.000157740112627, 0.000255219027167, 0.000196583670913, 8.03230359452e-05, 3.54558142135e-05, 3.03258711938e-05, 9.38151060836e-06, 4.55541749034e-06, 4.41618885816e-06, 2.1296889372e-06, 2.19491471398e-06, 1.40032898344e-06, 2.02133219318e-06]
    },
    "melbands128": {
        "max": [0.00324672833085, 0.00163823016919, 0.00133838225156, 0.00781347509474, 0.0183797907084, 0.0197915174067, 0.0142235057428, 0.0120168738067, 0.0466106720269, 0.119162239134, 0.113916970789, 0.039325222373, 0.0269402079284, 0.0219108946621, 0.148320749402, 0.165785908699, 0.177689567208, 0.0569189041853, 0.134205147624, 0.0720692425966, 0.348177313805, 0.437620997429, 0.0688260421157, 0.0811487659812, 0.108175694942, 0.0396437272429, 0.0105160921812, 0.0112633109093, 0.0305297058076, 0.00510855577886, 0.00287815509364, 0.00540673267096, 0.00677744066343, 0.00474910112098, 0.00382029847242, 0.00601676013321, 0.00299873203039, 0.00322263594717, 0.00563069060445, 0.00753547251225, 0.00711789960042, 0.00723119080067, 0.00599817931652, 0.00591087387875, 0.0185272004455, 0.00502819055691, 0.00545576307923, 0.00535161048174, 0.00171714357566, 0.00101997132879, 0.00132877437863, 0.00296761817299, 0.00569822452962, 0.00788486003876, 0.00288614677265, 0.00155730696861, 0.000972008740064, 0.000646054686513, 0.000831477227621, 0.000943385064602, 0.00158146454487, 0.00192090310156, 0.00108859990723, 0.00124002282973, 0.00114970351569, 0.00123843504116, 0.00236504897475, 0.00704090436921, 0.00443909689784, 0.00453305896372, 0.00240296963602, 0.0012599285692, 0.00284441118129, 0.0045051202178, 0.0095593445003, 0.00388841680251, 0.00242706178688, 0.00172696262598, 0.0016036456218, 0.000903418578673, 0.000479818234453, 0.000326152687194, 0.000566477887332, 0.000461649266072, 0.000299448322039, 0.000153910601512, 7.45201759855e-05, 7.95024752733e-05, 4.92909784953e-05, 0.000126263941638, 0.000155350149726, 6.27155241091e-05, 2.94308938464e-05, 3.06347501464e-05, 3.73756447516e-05, 3.4864693589e-05, 5.64451474929e-05, 3.9343482058e-05, 1.68195492734e-05, 2.72881443379e-05, 5.783747838e-05, 3.47511304426e-05, 3.05266548821e-05, 1.6270463675e-05, 1.33986304718e-05, 7.09822688805e-06, 1.10493310785e-05, 6.84273481966e-06, 3.88136777474e-06, 4.01189663535e-06, 3.78951949642e-06, 6.20784339844e-06, 6.31752345726e-06, 3.69467261407e-06, 2.42291093855e-06, 1.44825503412e-06, 2.30165505855e-06, 1.97491885956e-06, 1.21706364098e-06, 1.31224214783e-06, 1.65168955846e-06, 1.56708438226e-06, 2.63183505922e-06, 1.76054095391e-06, 1.4627978544e-06, 1.06394384147e-06, 1.384879738e-06, 1.31441765916e-06],
        "mean": [2.19889425352e-05, 1.18859989016e-05, 1.19529167932e-05, 3.9055434172e-05, 0.000119000920677, 0.000122364552226, 6.95714988979e-05, 6.05623645242e-05, 0.000291337113595, 0.000718405877706, 0.000424766389187, 0.000256289553363, 0.000217040913412, 0.000186187593499, 0.000471489649499, 0.000776845787186, 0.000622501480393, 0.000340150436386, 0.000523740891367, 0.000449865707196, 0.000949264212977, 0.000981855089776, 0.000290206575301, 0.000345786102116, 0.000370780297089, 0.000160296229296, 9.79353135335e-05, 6.96122879162e-05, 0.000100065095467, 4.62814314233e-05, 2.46101408266e-05, 6.67833301122e-05, 6.01430037932e-05, 3.55791198672e-05, 3.47030145349e-05, 2.55019585893e-05, 2.4812101401e-05, 2.13277889998e-05, 2.36417727137e-05, 2.86934318865e-05, 4.03387057304e-05, 3.2735766581e-05, 3.31865303451e-05, 2.64682548732e-05, 5.06803444296e-05, 3.28934729623e-05, 2.93460143439e-05, 2.40766257775e-05, 1.08784997792e-05, 7.22689992472e-06, 9.20162892726e-06, 1.33521261887e-05, 2.41145171458e-05, 3.31049632223e-05, 2.15383424802e-05, 1.49153474922e-05, 9.56818166742e-06, 7.07598746885e-06, 6.70087501931e-06, 5.27823794982e-06, 6.3751763264e-06, 6.91554305376e-06, 5.0579587878e-06, 5.95124583924e-06, 6.08933942203e-06, 6.01754936724e-06, 1.08261083369e-05, 2.21753762162e-05, 2.44537295657e-05, 2.55691847997e-05, 1.60917024914e-05, 1.12773268484e-05, 1.85782973858e-05, 2.85877558781e-05, 4.09544809372e-05, 2.09160189115e-05, 1.54586432473e-05, 1.32112918436e-05, 1.07971945909e-05, 8.99664064491e-06, 4.75197657579e-06, 3.57049043487e-06, 5.63853291169e-06, 5.00960595673e-06, 2.32052252613e-06, 1.54938823016e-06, 1.129309112e-06, 7.14695374882e-07, 5.6445219343e-07, 6.13532449734e-07, 6.18767444394e-07, 3.76197448304e-07, 2.43848319315e-07, 2.78529427078e-07, 2.81161504745e-07, 2.11586637988e-07, 2.32104682141e-07, 2.09182402955e-07, 1.25484049818e-07, 1.37590689064e-07, 2.01412547085e-07, 1.78547537644e-07, 1.88991677419e-07, 9.99102667265e-08, 6.25901037665e-08, 4.90854468183e-08, 4.8820957943e-08, 4.18915711009e-08, 3.04363645398e-08, 3.04967819886e-08, 2.56860381853e-08, 2.9720878203e-08, 3.10545154036e-08, 2.10453023897e-08, 1.9265902651e-08, 1.12510329942e-08, 1.1908396047e-08, 9.62368584823e-09, 5.5065636495e-09, 6.68106414636e-09, 7.73027952761e-09, 7.68930252804e-09, 8.40038261174e-09, 9.17887099661e-09, 7.1423080783e-09, 5.92538595967e-09, 6.90284407412e-09, 6.45668052357e-09],
        "min": [1.15037505804e-26, 8.40244839397e-26, 1.07845544131e-25, 1.0041649586e-25, 2.25183032453e-25, 5.66920805994e-26, 8.53010950774e-26, 1.53646857592e-25, 2.93393764167e-25, 3.34064819339e-25, 9.9609799303e-26, 1.2431970852e-25, 3.02082574e-25, 3.84371268126e-25, 2.4260470507e-25, 1.72549998663e-25, 3.58111543053e-25, 2.82413658531e-25, 6.01483661872e-25, 6.42852513818e-25, 7.7906729569e-25, 5.16449288063e-25, 6.45949483125e-25, 3.89185661578e-25, 4.78579527269e-25, 5.87972545326e-25, 4.70460077795e-25, 4.48993890665e-25, 6.7243124789e-25, 5.28702812415e-25, 8.36787163442e-25, 2.60376631929e-25, 5.20129472097e-25, 3.97170610269e-25, 8.15552753506e-25, 7.79485342666e-25, 4.56967548783e-25, 9.62801184948e-25, 5.06055404687e-25, 1.09559645201e-24, 3.61359036881e-25, 1.01663975844e-24, 8.85883992638e-25, 8.22236131007e-25, 6.62831895357e-25, 1.38207927696e-24, 1.07655147621e-24, 4.42286255691e-25, 8.36057072674e-25, 1.79979779096e-24, 1.31359185228e-24, 1.0029784625e-24, 6.8503211756e-25, 1.11724092171e-24, 1.88777629228e-24, 1.29468196892e-24, 1.1369348342e-24, 1.84642440084e-24, 4.44431217797e-25, 1.41320269929e-24, 1.35944685759e-24, 1.28263132973e-24, 1.04189504171e-24, 1.34245430065e-24, 1.876711532e-24, 2.12142683443e-24, 1.24264692867e-24, 1.67869995061e-24, 2.49890190517e-24, 2.08899715704e-24, 1.65286110749e-24, 1.6032605906e-24, 1.58327677172e-24, 2.19689262128e-24, 2.2221123072e-24, 2.6937704675e-24, 2.32127330628e-24, 2.33067258397e-24, 2.01923779276e-24, 2.24535964365e-24, 2.12924661536e-24, 2.55868572887e-24, 3.02096788288e-24, 2.41216822636e-24, 2.44348107392e-24, 2.63271342229e-24, 2.05131918806e-24, 2.83542365645e-24, 2.6701054292e-24, 2.36182825099e-24, 2.91181280499e-24, 2.55818263283e-24, 3.16378207787e-24, 3.31039562419e-24, 3.42702634245e-24, 3.63548401994e-24, 3.58216648908e-24, 3.35698574925e-24, 3.10901560674e-24, 3.06213202542e-24, 2.76516277385e-24, 3.48190108474e-24, 2.7764267215e-24, 4.58196958922e-24, 4.20162306478e-24, 3.4537643884e-24, 4.15888928625e-24, 3.80415115895e-24, 3.92547993832e-24, 4.21809290276e-24, 3.97723079143e-24, 3.9272450146e-24, 4.11721613121e-24, 4.39918223444e-24, 4.40728620252e-24, 3.67115985995e-24, 4.47047317217e-24, 4.95073918544e-24, 4.83232840256e-24, 5.10536420591e-24, 4.39093153823e-24, 4.47036194278e-24, 5.05495836064e-24, 4.40006851967e-24, 3.70612927502e-24, 4.11616339633e-24, 3.96045448099e-24, 5.45893442464e-24],
        "stdev": [0.000177276873728, 9.44114071899e-05, 9.49312307057e-05, 0.000407387182349, 0.00112522137351, 0.00117821362801, 0.000708540726919, 0.000606955960393, 0.00292983115651, 0.00738208508119, 0.00525909662247, 0.00257038511336, 0.00193571299314, 0.00158843502868, 0.00670268759131, 0.00989838503301, 0.00816631969064, 0.0036392014008, 0.00657238299027, 0.00463993987069, 0.0153055153787, 0.0187527518719, 0.00329596200027, 0.003764573019, 0.00489595951512, 0.00192392594181, 0.000709168729372, 0.000681655888911, 0.00136880844366, 0.000323696032865, 0.000176323359483, 0.000472725718282, 0.000462802534457, 0.000307790644001, 0.000266607821686, 0.00028075647424, 0.000221107242396, 0.000205993113923, 0.000271643715678, 0.000359130877769, 0.000449090468464, 0.000387832551496, 0.000365010811947, 0.000292960758088, 0.000812563695945, 0.000301217922242, 0.000297300779494, 0.000265734124696, 0.0001074827087, 5.99555460212e-05, 8.07390679256e-05, 0.000150879859575, 0.000313845725032, 0.000398638949264, 0.000193131767446, 0.000116513205285, 7.16481154086e-05, 4.84726588184e-05, 5.35562321602e-05, 4.84008633066e-05, 7.28521481506e-05, 8.8778710051e-05, 5.44012546015e-05, 6.29369387752e-05, 5.87438480579e-05, 5.93883669353e-05, 0.000114874834253, 0.000309581431793, 0.000262767425738, 0.000269031967036, 0.000159852861543, 9.26126303966e-05, 0.000170781931956, 0.000279256608337, 0.000469220947707, 0.000208253506571, 0.000125870399643, 0.000103605547338, 9.06384448172e-05, 6.6836415499e-05, 3.26326517097e-05, 2.40781755565e-05, 4.21453441959e-05, 3.7423811591e-05, 1.88253306987e-05, 1.0905228919e-05, 7.50420758777e-06, 4.89590865982e-06, 3.86270176023e-06, 6.11185214439e-06, 6.98617168382e-06, 3.35197842105e-06, 1.85123690244e-06, 2.20388369598e-06, 2.44033503805e-06, 1.95015400095e-06, 2.60588399215e-06, 1.95675715986e-06, 9.6483154266e-07, 1.34045853883e-06, 2.62698245024e-06, 1.96573569156e-06, 2.03597801374e-06, 9.67040250544e-07, 6.39551501536e-07, 4.26011041554e-07, 5.29256681148e-07, 3.77803843321e-07, 2.59899479715e-07, 2.6205583481e-07, 2.26258180192e-07, 3.13513794481e-07, 3.336167822e-07, 2.01514964715e-07, 1.72922298702e-07, 1.02065158103e-07, 1.38554966611e-07, 1.14901794745e-07, 6.3040289433e-08, 7.48802477801e-08, 8.91838496386e-08, 9.31064647602e-08, 1.244652168e-07, 1.12859460444e-07, 8.93088980547e-08, 6.86551189233e-08, 8.23801471483e-08, 8.1766842186e-08]
    },
    "mfcc": {
        "mean": [-1208.58874512, 6.8791217804, -0.631595671177, 3.05041027069, -2.58176016808, 0.454031705856, -0.349456459284, -0.757656276226, 0.372325211763, -0.0142575800419, -0.390731602907, 0.195684373379, -0.611641347408],
        "cov": [[34441.2695312, 4277.91162109, -463.810272217, 1713.63085938, -1529.12805176, 177.541702271, -204.532165527, -508.189819336, 196.561538696, -4.07604312897, -239.426849365, 118.573516846, -370.105041504], [4277.91162109, 872.237548828, -36.1894760132, 89.6264877319, -222.915039062, -113.630226135, 21.2320919037, -64.7041244507, 0.061744786799, -29.9489917755, -64.0152359009, 9.8710899353, -59.4021148682], [-463.810272217, -36.1894760132, 79.5693283081, -15.8714427948, 2.75601768494, 8.67429542542, 6.82997131348, 13.4626598358, -4.05585861206, -5.6216750145, -4.78099346161, -7.94187927246, 2.32644081116], [1713.63085938, 89.6264877319, -15.8714427948, 164.32774353, -63.0927886963, 69.6624679565, -37.2001037598, -33.0352745056, 18.0457382202, 11.5269889832, -7.80852985382, 5.73885631561, -10.748465538], [-1529.12805176, -222.915039062, 2.75601768494, -63.0927886963, 132.407333374, -1.17200148106, -7.65464735031, -1.89996016026, -6.29632425308, 8.46518325806, 8.37288379669, -8.12983417511, 18.8355331421], [177.541702271, -113.630226135, 8.67429542542, 69.6624679565, -1.17200148106, 70.2772674561, -17.8821582794, 1.09823727608, 11.6328020096, 10.2868080139, 10.5535068512, 0.74766677618, 1.29999232292], [-204.532165527, 21.2320919037, 6.82997131348, -37.2001037598, -7.65464735031, -17.8821582794, 28.4749240875, 20.5859203339, -3.64108777046, -7.30997037888, 0.58617824316, -4.95938205719, -4.67981624603], [-508.189819336, -64.7041244507, 13.4626598358, -33.0352745056, -1.89996016026, 1.09823727608, 20.5859203339, 37.1202278137, 1.24213719368, -5.50057649612, 10.2110567093, -4.19429206848, -0.22970880568], [196.561538696, 0.061744786799, -4.05585861206, 18.0457382202, -6.29632425308, 11.6328020096, -3.64108777046, 1.24213719368, 7.53621101379, 1.21987593174, 1.29229700565, -0.104264803231, -3.8174264431], [-4.07604312897, -29.9489917755, -5.6216750145, 11.5269889832, 8.46518325806, 10.2868080139, -7.30997037888, -5.50057649612, 1.21987593174, 7.70045232773, 2.85950231552, 0.985097646713, 3.46847653389], [-239.426849365, -64.0152359009, -4.78099346161, -7.80852985382, 8.37288379669, 10.5535068512, 0.58617824316, 10.2110567093, 1.29229700565, 2.85950231552, 12.1661863327, 2.42865777016, 3.23632121086], [118.573516846, 9.8710899353, -7.94187927246, 5.73885631561, -8.12983417511, 0.74766677618, -4.95938205719, -4.19429206848, -0.104264803231, 0.985097646713, 2.42865777016, 9.42071342468, 0.541808307171], [-370.105041504, -59.4021148682, 2.32644081116, -10.748465538, 18.8355331421, 1.29999232292, -4.67981624603, -0.22970880568, -3.8174264431, 3.46847653389, 3.23632121086, 0.541808307171, 8.75724029541]],
        "icov": [[0.000786384451203, -0.00340232136659, 0.00143248133827, -0.00345923192799, 0.00151480559725, -0.00264781876467, 0.000220225148951, 0.0028954250738, -0.00274170539342, -0.00202743452974, -0.00599856441841, 0.0013681006385, 0.00459840381518], [-0.00340232136659, 0.0322789102793, -0.010571859777, -0.000268020725343, 0.00625733565539, 0.0502738505602, -0.00643150415272, 0.00583965610713, 0.0298088677227, 0.000818505417556, 0.0298312008381, -0.00977261736989, 0.0556872077286], [0.00143248133827, -0.010571859777, 0.0261396020651, 0.00856786500663, 0.00329469586723, -0.0350309535861, 0.0137182641774, -0.0117337554693, 0.0129426140338, 0.00533964671195, 0.0228417795151, 0.0116473874077, -0.00809659343213], [-0.00345923192799, -0.000268020725343, 0.00856786500663, 0.074854336679, 0.000392134446884, -0.0672649294138, 0.030432227999, -0.0186243318021, -0.00535250175744, -0.00192485062871, 0.0706766173244, 0.00430549867451, -0.0614563636482], [0.00151480559725, 0.00625733565539, 0.00329469586723, 0.000392134446884, 0.0330015309155, 0.00880741421133, 0.00242668110877, 0.0333181470633, -0.0064256680198, -0.0121346991509, -0.0050770691596, 0.0210987441242, 0.0385285690427], [-0.00264781876467, 0.0502738505602, -0.0350309535861, -0.0672649294138, 0.00880741421133, 0.172195062041, -0.0230561830103, 0.0214032009244, 0.0164749454707, -0.0208743661642, -0.0470983833075, -0.00972547475249, 0.13305182755], [0.000220225148951, -0.00643150415272, 0.0137182641774, 0.030432227999, 0.00242668110877, -0.0230561830103, 0.171420514584, -0.0966825410724, 0.146347507834, -0.0490120649338, 0.0339446514845, 0.0371919833124, 0.155023783445], [0.0028954250738, 0.00583965610713, -0.0117337554693, -0.0186243318021, 0.0333181470633, 0.0214032009244, -0.0966825410724, 0.167878746986, -0.120222836733, 0.0727498084307, -0.111251063645, 0.0307926051319, -0.0218768119812], [-0.00274170539342, 0.0298088677227, 0.0129426140338, -0.00535250175744, -0.0064256680198, 0.0164749454707, 0.146347507834, -0.120222836733, 0.497516810894, -0.111730575562, 0.0515422783792, 0.0147818736732, 0.403914749622], [-0.00202743452974, 0.000818505417556, 0.00533964671195, -0.00192485062871, -0.0121346991509, -0.0208743661642, -0.0490120649338, 0.0727498084307, -0.111730575562, 0.333239227533, -0.0764651075006, 0.0251372754574, -0.232986658812], [-0.00599856441841, 0.0298312008381, 0.0228417795151, 0.0706766173244, -0.0050770691596, -0.0470983833075, 0.0339446514845, -0.111251063645, 0.0515422783792, -0.0764651075006, 0.343922793865, -0.0916100665927, -0.00603094231337], [0.0013681006385, -0.00977261736989, 0.0116473874077, 0.00430549867451, 0.0210987441242, -0.00972547475249, 0.0371919833124, 0.0307926051319, 0.0147818736732, 0.0251372754574, -0.0916100665927, 0.180381089449, -0.0103505654261], [0.00459840381518, 0.0556872077286, -0.00809659343213, -0.0614563636482, 0.0385285690427, 0.13305182755, 0.155023783445, -0.0218768119812, 0.403914749622, -0.232986658812, -0.00603094231337, -0.0103505654261, 0.863861143589]]
    },
    "spectral_contrast_coeffs": {
        "max": [-0.445167511702, -0.497581392527, -0.57011115551, -0.661789476871, -0.573895633221, -0.426923453808],
        "mean": [-0.938659787178, -0.945112526417, -0.944913685322, -0.949036061764, -0.942706644535, -0.933754086494],
        "min": [-0.982081055641, -0.986182034016, -0.976590096951, -0.975772917271, -0.969919502735, -0.964901447296],
        "stdev": [0.0865323096514, 0.0706024616957, 0.0584778599441, 0.0437939837575, 0.0578687228262, 0.0893906876445]
    },
    "spectral_contrast_valleys": {
        "max": [-4.38162851334, -3.12774181366, -4.3187122345, -4.64976787567, -4.43373918533, -7.50752878189],
        "mean": [-25.4042987823, -25.3181362152, -25.4272956848, -25.4107589722, -25.3899078369, -25.6672382355],
        "min": [-28.1180400848, -28.1617927551, -27.9890155792, -27.7081737518, -27.665102005, -27.430185318],
        "stdev": [5.69635295868, 5.91326475143, 5.73878097534, 5.67637586594, 5.84785079956, 4.9781832695]
    }
},
"rhythm": {
    "beats_count": 17,
    "beats_loudness": {
        "max": 0.0441336557269,
        "mean": 0.00267627346329,
        "min": 0,
        "stdev": 0.0103692868724
    },
    "bpm": 84.2560501099,
    "bpm_histogram_first_peak_bpm": 86,
    "bpm_histogram_first_peak_weight": 0.45454543829,
    "bpm_histogram_second_peak_bpm": 76,
    "bpm_histogram_second_peak_spread": 0.5,
    "bpm_histogram_second_peak_weight": 0.125,
    "danceability": 1.80287539959,
    "onset_rate": 0.470242828131,
    "beats_loudness_band_ratio": {
        "max": [0.0234390087426, 0.0126225296408, 0.0157610066235, 0.0484754219651, 0.515301644802, 0.934212446213],
        "mean": [0.00192708254326, 0.000925359141547, 0.00135139457416, 0.00319092464633, 0.0316347107291, 0.0791481286287],
        "min": [0, 0, 0, 0, 0, 0],
        "stdev": [0.0058064032346, 0.00301403156482, 0.00398073159158, 0.0114019326866, 0.121031999588, 0.234574720263]
    },
    "beats_position": [0.708208620548, 1.42802715302, 2.14784574509, 2.86766433716, 3.5758728981, 4.28408145905, 5.01551008224, 5.75854873657, 6.54802703857, 7.33750534058, 8.10376358032, 8.87002277374, 9.56662082672, 10.2632198334, 10.95981884, 11.656416893, 12.3297958374],
    "bpm_histogram": [0, 0, 0, 0, 0, 0, 0, 0, 0, 0, 0, 0, 0, 0, 0, 0, 0, 0, 0, 0, 0, 0, 0, 0, 0, 0, 0, 0, 0, 0, 0, 0, 0, 0, 0, 0, 0, 0, 0, 0, 0, 0, 0, 0, 0, 0, 0, 0, 0, 0, 0, 0, 0, 0, 0, 0, 0, 0, 0, 0, 0, 0, 0, 0, 0, 0, 0, 0, 0, 0, 0, 0, 0, 0, 0, 0, 0.125, 0, 0.125, 0, 0, 0.0625, 0.0625, 0.1875, 0, 0.125, 0.25, 0, 0, 0.0625, 0, 0, 0, 0, 0, 0, 0, 0, 0, 0, 0, 0, 0, 0, 0, 0, 0, 0, 0, 0, 0, 0, 0, 0, 0, 0, 0, 0, 0, 0, 0, 0, 0, 0, 0, 0, 0, 0, 0, 0, 0, 0, 0, 0, 0, 0, 0, 0, 0, 0, 0, 0, 0, 0, 0, 0, 0, 0, 0, 0, 0, 0, 0, 0, 0, 0, 0, 0, 0, 0, 0, 0, 0, 0, 0, 0, 0, 0, 0, 0, 0, 0, 0, 0, 0, 0, 0, 0, 0, 0, 0, 0, 0, 0, 0, 0, 0, 0, 0, 0, 0, 0, 0, 0, 0, 0, 0, 0, 0, 0, 0, 0, 0, 0, 0, 0, 0, 0, 0, 0, 0, 0, 0, 0, 0, 0, 0, 0, 0, 0, 0, 0, 0, 0, 0, 0, 0, 0, 0, 0, 0, 0, 0, 0, 0, 0, 0, 0, 0, 0, 0, 0, 0, 0, 0, 0, 0, 0, 0, 0]
},
"tonal": {
    "chords_changes_rate": 0.0398550741374,
    "chords_number_rate": 0.0144927538931,
    "chords_strength": {
        "max": 0.435619235039,
        "mean": -0.771873295307,
        "min": -1,
        "stdev": 0.510252356529
    },
    "hpcp_crest": {
        "max": 32.4438247681,
        "mean": 1.05986535549,
        "min": 0,
        "stdev": 3.67657804489
    },
