{
"metadata": {
    "version": {
        "essentia": "2.1-beta5",
        "essentia_git_sha": "Undefined",
        "extractor": "music 2.0"
    },
    "audio_properties": {
        "analysis": {
            "equal_loudness": 0,
            "length": 45.2557144165,
            "sample_rate": 44100,
            "start_time": 81.2350082397,
            "downmix": "mix"
        },
        "bit_rate": 192000,
        "length": 196.812332153,
        "lossless": 0,
        "number_channels": 2,
        "replay_gain": -2.26303482056,
        "sample_rate": 44100,
        "codec": "mp3",
        "md5_encoded": "0be0b47f8c3c358a1962883031f0959c"
    },
    "tags": {
        "file_name": "Ireland_Somewhere In Europe_Liam Reilly.mp3",
        "encoding": ["Lavf58.29.100"]
    }
},
"lowlevel": {
    "average_loudness": 0.974594712257,
    "barkbands_crest": {
        "max": 21.9264907837,
        "mean": 7.97312545776,
        "min": 2.65488266945,
        "stdev": 3.04294371605
    },
    "barkbands_flatness_db": {
        "max": 0.240216672421,
        "mean": 0.134182572365,
        "min": 0.0656120926142,
        "stdev": 0.0216029006988
    },
    "barkbands_kurtosis": {
        "max": 19.8431091309,
        "mean": 0.482275813818,
        "min": -1.79106974602,
        "stdev": 1.98754763603
    },
    "barkbands_skewness": {
        "max": 4.01542186737,
        "mean": 0.883016109467,
        "min": -2.25492143631,
        "stdev": 0.679725587368
    },
    "barkbands_spread": {
        "max": 70.3911590576,
        "mean": 22.6182994843,
        "min": 3.52752351761,
        "stdev": 9.24337005615
    },
    "dissonance": {
        "max": 0.499999880791,
        "mean": 0.469296306372,
        "min": 0,
        "stdev": 0.0219444129616
    },
    "dynamic_complexity": 1.20404791832,
    "erbbands_crest": {
        "max": 28.0762710571,
        "mean": 8.0427646637,
        "min": 2.30237722397,
        "stdev": 3.52006697655
    },
    "erbbands_flatness_db": {
        "max": 0.29082262516,
        "mean": 0.1922981143,
        "min": 0.092037320137,
        "stdev": 0.0260966718197
    },
    "erbbands_kurtosis": {
        "max": 8.0336523056,
        "mean": -0.388076335192,
        "min": -1.60373270512,
        "stdev": 0.895723640919
    },
    "erbbands_skewness": {
        "max": 2.67905926704,
        "mean": 0.0782383531332,
        "min": -2.40871143341,
        "stdev": 0.591879069805
    },
    "erbbands_spread": {
        "max": 94.1596832275,
        "mean": 35.2232551575,
        "min": 7.94718074799,
        "stdev": 12.3936033249
    },
    "hfc": {
        "max": 113.257110596,
        "mean": 25.067691803,
        "min": 3.71326277673e-05,
        "stdev": 13.8876962662
    },
    "loudness_ebu128": {
        "integrated": -21.7371063232,
        "loudness_range": 1.41804695129,
        "momentary": {
            "max": -19.5094203949,
            "mean": -21.8532333374,
            "min": -25.5437736511,
            "stdev": 1.03313493729
        },
        "short_term": {
            "max": -20.6939563751,
            "mean": -21.7590904236,
            "min": -22.7993431091,
            "stdev": 0.501585900784
        }
    },
    "melbands_crest": {
        "max": 26.8283824921,
        "mean": 10.7002105713,
        "min": 1.00000023842,
        "stdev": 3.79387545586
    },
    "melbands_flatness_db": {
        "max": 0.256335586309,
        "mean": 0.147588059306,
        "min": 5.65179163914e-07,
        "stdev": 0.033887963742
    },
    "melbands_kurtosis": {
        "max": 40.2235908508,
        "mean": 4.22672271729,
        "min": -1.70291054249,
        "stdev": 4.41076278687
    },
    "melbands_skewness": {
        "max": 4.9566411972,
        "mean": 1.73577344418,
        "min": -0.448351949453,
        "stdev": 0.783966600895
    },
    "melbands_spread": {
        "max": 185.605148315,
        "mean": 30.6872062683,
        "min": 4.45979976654,
        "stdev": 16.2530822754
    },
    "pitch_salience": {
        "max": 0.996097624302,
        "mean": 0.61848115921,
        "min": 0.320346444845,
        "stdev": 0.079407967627
    },
    "silence_rate_20dB": {
        "max": 1,
        "mean": 1,
        "min": 1,
        "stdev": 0
    },
    "silence_rate_30dB": {
        "max": 1,
        "mean": 1,
        "min": 1,
        "stdev": 0
    },
    "silence_rate_60dB": {
        "max": 1,
        "mean": 0.000512557686307,
        "min": 0,
        "stdev": 0.0226339325309
    },
    "spectral_centroid": {
        "max": 11025.0039062,
        "mean": 1600.21154785,
        "min": 527.200195312,
        "stdev": 570.270141602
    },
    "spectral_complexity": {
        "max": 54,
        "mean": 25.9292678833,
        "min": 0,
        "stdev": 6.67569446564
    },
    "spectral_decrease": {
        "max": 0,
        "mean": -5.37876099216e-09,
        "min": -1.91080697931e-08,
        "stdev": 2.1872119671e-09
    },
    "spectral_energy": {
        "max": 0.0765856876969,
        "mean": 0.0225743986666,
        "min": 3.3680118694e-09,
        "stdev": 0.00907171610743
    },
    "spectral_energyband_high": {
        "max": 0.0115980217233,
        "mean": 0.000918714562431,
        "min": 2.4446975555e-09,
        "stdev": 0.00118470285088
    },
    "spectral_energyband_low": {
        "max": 0.0170403998345,
        "mean": 0.00101717270445,
        "min": 2.3001238067e-11,
        "stdev": 0.00108486553654
    },
    "spectral_energyband_middle_high": {
        "max": 0.0480352081358,
        "mean": 0.00771739473566,
        "min": 4.9288390036e-10,
        "stdev": 0.00528048444539
    },
    "spectral_energyband_middle_low": {
        "max": 0.0648068487644,
        "mean": 0.0135028185323,
        "min": 1.01862650259e-10,
        "stdev": 0.00710680894554
    },
    "spectral_entropy": {
        "max": 10.0013389587,
        "mean": 7.58485031128,
        "min": 6.89497900009,
        "stdev": 0.250518918037
    },
    "spectral_flux": {
        "max": 0.248084321618,
        "mean": 0.082853898406,
        "min": 0.0271466132253,
        "stdev": 0.0293759927154
    },
    "spectral_kurtosis": {
        "max": 20.6766033173,
        "mean": 3.56993174553,
        "min": -1.20000219345,
        "stdev": 2.08734345436
    },
    "spectral_rms": {
        "max": 0.0086439428851,
        "mean": 0.00460024643689,
        "min": 1.81269558652e-06,
        "stdev": 0.000928193621803
    },
    "spectral_rolloff": {
        "max": 18755.4199219,
        "mean": 2091.81982422,
        "min": 366.064453125,
        "stdev": 1204.6652832
    },
    "spectral_skewness": {
        "max": 3.32050704956,
        "mean": 1.22402358055,
        "min": 2.72262832557e-16,
        "stdev": 0.336493432522
    },
    "spectral_spread": {
        "max": 40596008,
        "mean": 3590084.75,
        "min": 2226111.25,
        "stdev": 1250730.875
    },
    "spectral_strongpeak": {
        "max": 11.3632497787,
        "mean": 1.46875870228,
        "min": 0,
        "stdev": 1.47320306301
    },
    "zerocrossingrate": {
        "max": 0.26611328125,
        "mean": 0.0706851556897,
        "min": 0,
        "stdev": 0.0270273834467
    },
    "barkbands": {
        "max": [0.000220830756007, 0.00451795943081, 0.0137606253847, 0.00897714868188, 0.0372270680964, 0.0341638550162, 0.0240587387234, 0.0370841994882, 0.045283343643, 0.0277220662683, 0.0128468396142, 0.0229428913444, 0.0109500782564, 0.0251608341932, 0.0125892609358, 0.0146130770445, 0.0143799483776, 0.00591174792498, 0.0108126141131, 0.00595190562308, 0.0026495300699, 0.0050897942856, 0.00642137927935, 0.002439833479, 0.000440908566816, 3.40468068316e-06, 1.8317384729e-06],
        "mean": [1.27700277517e-05, 0.000279005151242, 0.000441603537183, 0.000618867925368, 0.00332328421064, 0.00318989227526, 0.00233865948394, 0.00197523855604, 0.00159462715965, 0.00104963441845, 0.000632457609754, 0.000570090662222, 0.000675097631756, 0.00102037633769, 0.000852632278111, 0.00100738136098, 0.000838275358547, 0.000370432971977, 0.000612209492829, 0.000538173888344, 0.000225857715122, 0.000163392891409, 0.000141017313581, 8.24445232865e-05, 2.07414486795e-05, 2.40321043066e-07, 1.81360304552e-09],
        "min": [6.57178261462e-12, 9.85767370509e-12, 6.57178261462e-12, 6.57178261462e-12, 1.64294567534e-11, 1.64294567534e-11, 1.64294567534e-11, 1.64294567534e-11, 2.3001238067e-11, 2.3001238067e-11, 2.3001238067e-11, 2.95730211153e-11, 3.28589135068e-11, 3.61448058983e-11, 4.27165906813e-11, 4.92883754644e-11, 5.58601602474e-11, 6.9003726344e-11, 8.54331883016e-11, 1.05148542651e-10, 1.38007424932e-10, 1.67580394006e-10, 2.00439248532e-10, 2.72728895023e-10, 3.81163572927e-10, 9.33797345004e-11, 1.14308895682e-10],
        "stdev": [1.57256326929e-05, 0.000253468810115, 0.000665565778036, 0.000859535357449, 0.00332706421614, 0.00312088709325, 0.00271737435833, 0.00269816815853, 0.00333397183567, 0.00182099675294, 0.000981260905974, 0.000905535067432, 0.00114409648813, 0.00155206630006, 0.00123826239724, 0.00148577266373, 0.00114180159289, 0.000484678574139, 0.000897809746675, 0.000666669104248, 0.000289019284537, 0.000365474290447, 0.000377156509785, 0.000206122698728, 4.17307528551e-05, 1.63343173654e-07, 4.14605132448e-08]
    },
    "erbbands": {
        "max": [0.0655031725764, 1.20150744915, 9.68022632599, 22.3170967102, 60.6039543152, 156.197937012, 226.593032837, 354.606262207, 402.463348389, 417.931610107, 720.781433105, 934.493713379, 882.396179199, 802.501037598, 476.71105957, 1082.28613281, 568.558532715, 1445.74121094, 810.701293945, 689.147460938, 886.013916016, 628.594726562, 343.543151855, 433.637664795, 553.622619629, 300.657196045, 165.671447754, 165.576828003, 171.857070923, 158.452316284, 190.607879639, 69.1006240845, 29.626247406, 7.38754844666, 2.0623049736, 0.093172416091, 0.00304567324929, 0.00118369446136, 0.00026545082801, 9.25759304664e-05],
        "mean": [0.00440304167569, 0.0796034261584, 0.444917678833, 1.42707836628, 4.38392400742, 12.3513221741, 22.6973209381, 26.6062755585, 35.7606086731, 37.8622016907, 37.7676734924, 42.4692268372, 32.6333084106, 25.300195694, 28.734254837, 26.3607215881, 32.0607261658, 50.0679550171, 51.4461364746, 48.8408432007, 50.3677177429, 43.3279571533, 25.0645771027, 23.174413681, 32.8324165344, 26.1536655426, 14.5857219696, 7.15393733978, 5.70468568802, 5.17824602127, 3.87623858452, 2.29941654205, 1.04728543758, 0.343991726637, 0.093305118382, 0.00474574835971, 0.000499302346725, 5.74954901822e-05, 1.76416651811e-05, 2.90214084089e-05],
        "min": [3.59244078929e-10, 2.00385086302e-09, 6.76470879313e-09, 1.64202482722e-08, 3.31432126188e-08, 5.89790545291e-08, 9.59280299639e-08, 1.45981516653e-07, 2.11036876863e-07, 2.92935482094e-07, 3.93539721699e-07, 5.14710563948e-07, 6.58311478219e-07, 8.26287987366e-07, 1.02042747585e-06, 1.24257906009e-06, 1.4943638007e-06, 1.77718379746e-06, 2.09191853173e-06, 2.4386856694e-06, 2.81632810584e-06, 3.2221391848e-06, 3.65088044418e-06, 4.09407493862e-06, 4.53887832919e-06, 4.96706206832e-06, 5.35383105671e-06, 5.66730568607e-06, 5.86890291743e-06, 5.91517346038e-06, 5.76297316002e-06, 5.37816822543e-06, 4.74864691569e-06, 3.89977640225e-06, 2.90744378617e-06, 1.89832144315e-06, 1.02586068351e-06, 4.16598680886e-07, 1.05546682505e-07, 1.12243681016e-08],
        "stdev": [0.00448726769537, 0.0733269751072, 0.5666654706, 1.88828492165, 6.11898946762, 13.52414608, 24.4318122864, 29.3018436432, 41.125, 44.2333641052, 56.9688110352, 84.6617279053, 55.5935211182, 49.5124702454, 36.0089492798, 42.3733139038, 50.1456413269, 79.4574661255, 77.9074325562, 66.912612915, 69.2999420166, 58.0498657227, 32.4522705078, 29.235906601, 50.9997253418, 32.325428009, 16.8671913147, 10.8290834427, 12.4307641983, 12.8747959137, 10.4985132217, 6.05531311035, 2.43347239494, 0.699785411358, 0.190111920238, 0.00714711705223, 0.00024434356601, 3.86826250178e-05, 1.06955612864e-05, 1.1602685845e-05]
    },
    "gfcc": {
        "mean": [8.37813282013, 108.029281616, -167.306045532, 36.7267799377, -79.8508911133, 0.335817217827, -49.1806221008, -3.10956311226, -18.3060398102, -5.40594244003, -4.67679071426, -13.1073827744, 0.593586027622],
        "cov": [[856.003723145, -118.389541626, -102.395942688, 183.315063477, -128.140487671, 41.8636627197, -35.4822769165, 4.00444793701, 0.0273931249976, -44.0757293701, 28.6961174011, -71.9259262085, 44.6404190063], [-118.389541626, 378.034393311, 11.0187215805, -126.012771606, 158.527389526, -97.7346572876, 56.8424263, -24.7421760559, -20.7417984009, 7.00641393661, -33.753112793, 16.8506641388, -28.9029140472], [-102.395942688, 11.0187215805, 254.720703125, 38.790145874, -64.0252456665, 77.8654937744, -44.7983856201, -30.0035762787, -7.09689760208, 2.17738032341, -17.6279907227, 35.3025817871, -35.3253135681], [183.315063477, -126.012771606, 38.790145874, 193.403305054, -46.2768363953, 11.5870580673, -37.8073120117, -16.653427124, 14.6691532135, -22.7228393555, -0.0146158384159, 7.32432126999, 19.2294902802], [-128.140487671, 158.527389526, -64.0252456665, -46.2768363953, 188.616790771, -65.1412582397, 25.9547042847, 16.3883190155, -11.3841352463, 0.992739021778, -20.079372406, 10.8965234756, 5.72409057617], [41.8636627197, -97.7346572876, 77.8654937744, 11.5870580673, -65.1412582397, 175.02507019, 5.97955036163, 0.796474635601, -16.9009799957, -9.14937591553, 5.09599637985, -12.0091075897, -15.2902441025], [-35.4822769165, 56.8424263, -44.7983856201, -37.8073120117, 25.9547042847, 5.97955036163, 105.370391846, 10.9299192429, -24.0500202179, 1.60899782181, -7.92648935318, -10.1523647308, -14.4932661057], [4.00444793701, -24.7421760559, -30.0035762787, -16.653427124, 16.3883190155, 0.796474635601, 10.9299192429, 98.9430236816, 27.448141098, -5.14551067352, 9.15372276306, -23.4722175598, 8.55269527435], [0.0273931249976, -20.7417984009, -7.09689760208, 14.6691532135, -11.3841352463, -16.9009799957, -24.0500202179, 27.448141098, 90.8944778442, 11.9575614929, -8.30036830902, 6.28922510147, -1.30707705021], [-44.0757293701, 7.00641393661, 2.17738032341, -22.7228393555, 0.992739021778, -9.14937591553, 1.60899782181, -5.14551067352, 11.9575614929, 62.4518852234, 18.179359436, -0.289195597172, -5.10781145096], [28.6961174011, -33.753112793, -17.6279907227, -0.0146158384159, -20.079372406, 5.09599637985, -7.92648935318, 9.15372276306, -8.30036830902, 18.179359436, 75.3264389038, 0.63416826725, 5.03457117081], [-71.9259262085, 16.8506641388, 35.3025817871, 7.32432126999, 10.8965234756, -12.0091075897, -10.1523647308, -23.4722175598, 6.28922510147, -0.289195597172, 0.63416826725, 81.5091629028, 10.450501442], [44.6404190063, -28.9029140472, -35.3253135681, 19.2294902802, 5.72409057617, -15.2902441025, -14.4932661057, 8.55269527435, -1.30707705021, -5.10781145096, 5.03457117081, 10.450501442, 56.4519920349]],
        "icov": [[0.00339901051484, -0.00433922186494, 0.0047999038361, -0.00535920215771, 0.00508038606495, -0.00306763965636, 0.00323816598393, -0.00218791235238, 0.00187470414676, -0.000538165855687, 0.000411650165915, 0.000850862765219, -0.000463063683128], [-0.00433922186494, 0.0147863449529, -0.0115092294291, 0.0119843054563, -0.0133264083415, 0.00883158482611, -0.00927037838846, 0.00774559518322, -0.00509665068239, 0.00399760529399, -0.00202119257301, 0.00159921799786, 3.52385868609e-05], [0.0047999038361, -0.0115092294291, 0.0177176650614, -0.0118756359443, 0.0128515511751, -0.00980905629694, 0.0117620537058, -0.00764458579943, 0.00750125665218, -0.00532178999856, 0.00517738610506, -0.00528194382787, 0.00587022071704], [-0.00535920215771, 0.0119843054563, -0.0118756359443, 0.0179815869778, -0.0110117420554, 0.00777445314452, -0.0074757616967, 0.00811944436282, -0.00657587125897, 0.00578745035455, -0.00254721334204, 0.00124483543914, -0.00274168862961], [0.00508038606495, -0.0133264083415, 0.0128515511751, -0.0110117420554, 0.0202666129917, -0.00615370459855, 0.00868729688227, -0.00938355457038, 0.00752439675853, -0.00438818428665, 0.00483142212033, -0.00331652560271, 0.000843039306346], [-0.00306763965636, 0.00883158482611, -0.00980905629694, 0.00777445314452, -0.00615370459855, 0.0133557012305, -0.00734220677987, 0.00392672792077, -0.00224461313337, 0.00363209331408, -0.00210266630165, 0.00222950847819, -2.59186981566e-05], [0.00323816598393, -0.00927037838846, 0.0117620537058, -0.0074757616967, 0.00868729688227, -0.00734220677987, 0.0200490728021, -0.00825107749552, 0.00895611662418, -0.00493198912591, 0.00508931372315, -0.00329368491657, 0.00604454474524], [-0.00218791235238, 0.00774559518322, -0.00764458579943, 0.00811944436282, -0.00938355457038, 0.00392672792077, -0.00825107749552, 0.0196366384625, -0.0107035003603, 0.00675947871059, -0.00601796014234, 0.0070913285017, -0.00534424278885], [0.00187470414676, -0.00509665068239, 0.00750125665218, -0.00657587125897, 0.00752439675853, -0.00224461313337, 0.00895611662418, -0.0107035003603, 0.0197108276188, -0.00765853980556, 0.00685149244964, -0.00556963076815, 0.00557556468993], [-0.000538165855687, 0.00399760529399, -0.00532178999856, 0.00578745035455, -0.00438818428665, 0.00363209331408, -0.00493198912591, 0.00675947871059, -0.00765853980556, 0.0224782861769, -0.00818341225386, 0.00390621484257, -0.00182762474287], [0.000411650165915, -0.00202119257301, 0.00517738610506, -0.00254721334204, 0.00483142212033, -0.00210266630165, 0.00508931372315, -0.00601796014234, 0.00685149244964, -0.00818341225386, 0.0187235344201, -0.00430483790115, 0.00245134741999], [0.000850862765219, 0.00159921799786, -0.00528194382787, 0.00124483543914, -0.00331652560271, 0.00222950847819, -0.00329368491657, 0.0070913285017, -0.00556963076815, 0.00390621484257, -0.00430483790115, 0.0186961852014, -0.00741579337046], [-0.000463063683128, 3.52385868609e-05, 0.00587022071704, -0.00274168862961, 0.000843039306346, -2.59186981566e-05, 0.00604454474524, -0.00534424278885, 0.00557556468993, -0.00182762474287, 0.00245134741999, -0.00741579337046, 0.0260926000774]]
    },
    "melbands": {
        "max": [0.000947270542383, 0.00373632763512, 0.00380942574702, 0.00842463318259, 0.0066065909341, 0.00709328940138, 0.00571495387703, 0.00586940487847, 0.00522922025993, 0.00648047029972, 0.00462029129267, 0.00315392389894, 0.00167305802461, 0.00192361173686, 0.00190821324941, 0.00149412429892, 0.00295419059694, 0.00159357103985, 0.000779651338235, 0.00127284077462, 0.00119661551435, 0.000828771328088, 0.000803911534604, 0.000253351056017, 0.000407768297009, 0.000611488183495, 0.000251993566053, 0.000198199748411, 0.000116501025332, 6.27878616797e-05, 0.000108088221168, 9.56422081799e-05, 0.000112146932224, 9.75101211225e-05, 0.00012923203758, 6.55192488921e-05, 4.53380162071e-05, 2.61594868789e-05, 1.09836973934e-05, 5.00852956975e-06],
        "mean": [5.86973874306e-05, 0.00019668204186, 0.000322520063492, 0.000567655544728, 0.000796100881416, 0.000605456414632, 0.00052494747797, 0.000417992792791, 0.000309164868668, 0.000247740157647, 0.000157060218044, 0.000101000012364, 9.39090678003e-05, 6.96199349477e-05, 5.75431331526e-05, 8.04193841759e-05, 9.33328265091e-05, 8.51917284308e-05, 5.69904259464e-05, 7.30877873139e-05, 5.79698935326e-05, 4.72256906505e-05, 3.39139915013e-05, 1.56537644216e-05, 1.88855574379e-05, 2.22918606596e-05, 2.14571336983e-05, 1.68102033058e-05, 1.09083566713e-05, 5.02512011735e-06, 3.78606296181e-06, 3.23440531247e-06, 3.06159245156e-06, 2.76404580291e-06, 2.36296818912e-06, 1.74606077508e-06, 1.26590350646e-06, 7.83263828907e-07, 4.79162849842e-07, 2.31426383834e-07],
        "min": [3.28589130731e-12, 3.28589152415e-12, 3.28589130731e-12, 3.28589174099e-12, 3.28589152415e-12, 3.28589130731e-12, 3.28589152415e-12, 3.28589152415e-12, 3.28589130731e-12, 3.28589130731e-12, 3.28589174099e-12, 3.28589152415e-12, 3.28589087363e-12, 3.28589130731e-12, 3.28589109047e-12, 3.28589130731e-12, 3.28589152415e-12, 3.28589087363e-12, 3.28589109047e-12, 3.28589174099e-12, 3.28589109047e-12, 3.28589130731e-12, 3.28589043995e-12, 3.28589130731e-12, 3.28589130731e-12, 3.28589109047e-12, 3.28589109047e-12, 3.28589087363e-12, 3.28589130731e-12, 3.28589065679e-12, 3.28589109047e-12, 3.28589174099e-12, 3.28589195783e-12, 3.28589152415e-12, 3.28589152415e-12, 3.28589174099e-12, 3.28589109047e-12, 3.28589087363e-12, 3.28589130731e-12, 3.28589043995e-12],
        "stdev": [5.26316143805e-05, 0.000221597641939, 0.000393980386434, 0.000634957512375, 0.000758243899327, 0.000621333485469, 0.000612285686657, 0.000511387828737, 0.000480728864204, 0.000522279122379, 0.000286660011625, 0.000211228485568, 0.000129835592816, 9.09773880267e-05, 8.60950094648e-05, 0.00014522857964, 0.000151988730067, 0.000139993950143, 7.80214322731e-05, 0.000115431728773, 8.80537481862e-05, 6.55788535369e-05, 6.01194769843e-05, 1.80751958396e-05, 2.61849345407e-05, 3.64100196748e-05, 3.04402055917e-05, 2.16692224058e-05, 1.37955021273e-05, 6.83032340021e-06, 6.58736826153e-06, 7.14331963536e-06, 7.70698443375e-06, 7.23393577573e-06, 6.61222111376e-06, 4.67166637463e-06, 3.4814368064e-06, 1.92558081835e-06, 9.68582526184e-07, 4.99100849538e-07]
    },
    "melbands128": {
        "max": [0.000121980410768, 0.000461170013295, 0.0013635357609, 0.00234977831133, 0.00283407093957, 0.00815222319216, 0.00554334139451, 0.00496973609552, 0.00706340186298, 0.0110386842862, 0.00964471604675, 0.00969408638775, 0.0113701773807, 0.00965558085591, 0.0119149461389, 0.0154391266406, 0.00862495414913, 0.0101043088362, 0.00519458018243, 0.00587239023298, 0.0122493840754, 0.0116569986567, 0.00930232554674, 0.0113080460578, 0.0111631266773, 0.0146246477962, 0.00940680317581, 0.00734874233603, 0.00778074702248, 0.00502060214058, 0.00669746799394, 0.00330252735876, 0.00292007834651, 0.00236650020815, 0.00148526148405, 0.0020712648984, 0.00575645593926, 0.00168197974563, 0.00220031407662, 0.00275577185676, 0.00288429553621, 0.0038764050696, 0.0059234756045, 0.00224626925774, 0.00309311598539, 0.00322029320523, 0.00280925817788, 0.0013599091908, 0.00208044145256, 0.00220190966502, 0.00280637666583, 0.00202839658596, 0.00199338886887, 0.00194080010988, 0.00254505756311, 0.00108118122444, 0.00106708623935, 0.00179464928806, 0.000863788125571, 0.00069376186002, 0.000289776187856, 0.000509807199705, 0.000580424151849, 0.000534906750545, 0.000378712953534, 0.000985682243481, 0.00114188715816, 0.000533445738256, 0.000404751830501, 0.000424359110184, 0.00029918315704, 0.000288261682726, 0.000281694578007, 0.000175864377525, 0.000212766084587, 0.000103750069684, 0.00010296239634, 0.000136004775413, 9.34868439799e-05, 0.000127824678202, 0.000120507233078, 9.84880753094e-05, 0.000126239043311, 0.000162212600117, 0.000157322254381, 0.000122626195662, 0.000102511447039, 0.000207921708352, 0.000111931782158, 0.000108681277197, 9.2485875939e-05, 6.87252686475e-05, 6.93710608175e-05, 6.85413833708e-05, 3.82351390726e-05, 2.8623649996e-05, 3.4621123632e-05, 1.8949571313e-05, 1.32088434839e-05, 1.32644890982e-05, 5.19283139511e-06, 6.50651236356e-06, 7.13493136573e-06, 4.46645390184e-06, 2.77041112895e-06, 8.31317208849e-07, 2.71311620281e-07, 1.64655418189e-07, 2.6865162539e-08, 1.42043194984e-08, 9.34040578215e-09, 9.65852553492e-09, 9.93876803079e-09, 9.63129309639e-09, 8.31787261291e-09, 1.06807531708e-08, 9.35043864558e-09, 8.68733707193e-09, 8.34146973716e-09, 8.09494338228e-09, 7.852367645e-09, 7.65948637849e-09, 7.50429762775e-09, 7.38796845923e-09, 7.21692483552e-09, 7.13960845999e-09, 7.06481895207e-09, 7.02415237086e-09],
        "mean": [8.10286019259e-06, 2.33470436797e-05, 6.80629018461e-05, 0.000147068742081, 0.00020601315191, 0.000221029200475, 0.000270788674243, 0.000321557861753, 0.000451889296528, 0.000466380704893, 0.000699176744092, 0.000933724746574, 0.00079646758968, 0.000683098798618, 0.00062487978721, 0.000530956080183, 0.000587804825045, 0.000599835184403, 0.000338095705956, 0.000438059796579, 0.000479790061945, 0.000268513249466, 0.000317179656122, 0.000273187353741, 0.00034251328907, 0.000208573663258, 0.000109616812551, 0.00021365720022, 0.000114433503768, 0.000122477198602, 8.81221421878e-05, 6.59639626974e-05, 0.000110627275717, 0.00011040672689, 5.091922867e-05, 6.08525442658e-05, 9.7795331385e-05, 3.00405463349e-05, 5.78358012717e-05, 7.80210102675e-05, 7.43709533708e-05, 0.000103438047518, 8.50941141834e-05, 0.000109234031697, 7.18384762877e-05, 8.82514505065e-05, 9.19650774449e-05, 3.99845448555e-05, 4.14827736677e-05, 8.79105427884e-05, 7.86522577982e-05, 6.62382080918e-05, 4.43942662969e-05, 6.30415597698e-05, 6.40891375951e-05, 4.13297384512e-05, 3.42483181157e-05, 5.13735285494e-05, 2.49864642683e-05, 1.92807601707e-05, 1.35606687763e-05, 1.49793322635e-05, 1.7748971004e-05, 2.20912497753e-05, 1.60654453794e-05, 1.67272301042e-05, 3.39278485626e-05, 2.45291121246e-05, 1.60010476975e-05, 2.03375111596e-05, 1.63810636877e-05, 1.59728751896e-05, 1.51681397256e-05, 9.55147243076e-06, 6.3745078478e-06, 5.52483015781e-06, 4.21122513217e-06, 3.90688501284e-06, 3.74809224013e-06, 3.69462713934e-06, 3.22091932503e-06, 3.21129800795e-06, 2.81067173091e-06, 3.12871134156e-06, 3.18145544043e-06, 2.84796396954e-06, 2.6542136311e-06, 2.55143527284e-06, 2.46542185778e-06, 2.0971167487e-06, 1.94481708604e-06, 1.57069814577e-06, 1.56196153966e-06, 1.30920147967e-06, 1.10202506676e-06, 8.63395939632e-07, 7.27355825347e-07, 6.34695254575e-07, 5.40598477983e-07, 4.08596406487e-07, 1.70163360735e-07, 2.38554434873e-07, 2.29815199759e-07, 1.82189367592e-07, 1.00638359868e-07, 3.72197419551e-08, 8.24557400136e-09, 3.56376617106e-09, 1.82204928922e-09, 1.67049529765e-09, 1.34868249901e-09, 1.35432609571e-09, 1.04763320241e-09, 8.58167259477e-10, 9.36843713717e-10, 3.70627722956e-10, 1.04451039831e-11, 8.48569565309e-12, 8.20791611761e-12, 7.99893051101e-12, 7.80508470355e-12, 7.64473727377e-12, 7.48317206811e-12, 7.34183026874e-12, 7.22654358229e-12, 7.16712409907e-12, 7.10052893219e-12, 7.05475521751e-12],
        "min": [3.28589130731e-12, 3.28589130731e-12, 3.28589130731e-12, 3.28589109047e-12, 3.28589152415e-12, 3.28589152415e-12, 3.28589152415e-12, 3.28589109047e-12, 3.28589109047e-12, 3.28589130731e-12, 3.28589152415e-12, 3.28589109047e-12, 3.28589152415e-12, 3.28589152415e-12, 3.28589152415e-12, 3.28589109047e-12, 3.28589130731e-12, 3.28589109047e-12, 3.28589109047e-12, 3.28589130731e-12, 3.28589130731e-12, 3.28589152415e-12, 3.28589130731e-12, 3.28589130731e-12, 3.28589130731e-12, 3.28589130731e-12, 3.28589109047e-12, 3.28589152415e-12, 3.28589130731e-12, 3.28589130731e-12, 3.28589152415e-12, 3.28589130731e-12, 3.28589152415e-12, 3.28589130731e-12, 3.28589152415e-12, 3.28589109047e-12, 3.28589130731e-12, 3.28589152415e-12, 3.28589130731e-12, 3.28589130731e-12, 3.28589087363e-12, 3.28589130731e-12, 3.28589152415e-12, 3.28589109047e-12, 3.28589130731e-12, 3.28589130731e-12, 3.28589109047e-12, 3.28589130731e-12, 3.28589130731e-12, 3.28589130731e-12, 3.28589109047e-12, 3.28589109047e-12, 3.28589152415e-12, 3.28589109047e-12, 3.28589109047e-12, 3.28589109047e-12, 3.28589130731e-12, 3.28589109047e-12, 3.28589152415e-12, 3.28589130731e-12, 3.28589109047e-12, 3.28589130731e-12, 3.28589195783e-12, 3.28589130731e-12, 3.28589152415e-12, 3.28589109047e-12, 3.28589087363e-12, 3.28589130731e-12, 3.28589109047e-12, 3.28589152415e-12, 3.28589174099e-12, 3.28589152415e-12, 3.28589109047e-12, 3.28589174099e-12, 3.28589152415e-12, 3.28589130731e-12, 3.28589130731e-12, 3.28589130731e-12, 3.28589152415e-12, 3.28589109047e-12, 3.28589152415e-12, 3.28589130731e-12, 3.28589195783e-12, 3.28589087363e-12, 3.28589087363e-12, 3.28589109047e-12, 3.28589130731e-12, 3.28589152415e-12, 3.28589109047e-12, 3.28589195783e-12, 3.28589130731e-12, 3.28589109047e-12, 3.28589087363e-12, 3.28589152415e-12, 3.28589087363e-12, 3.28589130731e-12, 3.28589195783e-12, 3.28589130731e-12, 3.28589087363e-12, 3.28589130731e-12, 3.28589174099e-12, 3.28589195783e-12, 3.28589152415e-12, 3.28589152415e-12, 3.28589152415e-12, 3.28589109047e-12, 2.07837479865e-12, 9.66219075235e-13, 4.93110218457e-13, 3.50385654735e-13, 4.59857792037e-13, 5.9652239745e-13, 5.03608277042e-13, 4.72090736729e-13, 4.36078175523e-13, 4.26366380353e-13, 3.50521261322e-13, 3.05808411363e-13, 2.89304712998e-13, 2.99695489779e-13, 3.63374911758e-13, 3.06799887145e-13, 3.37400598996e-13, 2.94685527065e-13, 2.73277358858e-13, 3.31185626883e-13, 2.64204484028e-13, 3.22504338773e-13],
        "stdev": [9.29326688492e-06, 3.01299005514e-05, 8.02500071586e-05, 0.000147494123667, 0.000263457710389, 0.000369814544683, 0.000418388983235, 0.000475047680084, 0.000738135131542, 0.00075256486889, 0.000887926202267, 0.00103551987559, 0.00114130298607, 0.000872537028044, 0.000920412188862, 0.000803460017778, 0.000773831212427, 0.00101728993468, 0.000514772953466, 0.000667889311444, 0.000793436483946, 0.000625230080914, 0.000683185178787, 0.000753837637603, 0.000848460069392, 0.000740035495255, 0.000321771251038, 0.000448987848358, 0.000352464034222, 0.000311500392854, 0.00029828332481, 0.000174259170308, 0.000196834560484, 0.000184772041393, 9.68202075455e-05, 0.000105806007923, 0.000230321515119, 8.005923155e-05, 0.000110242872324, 0.000200013775611, 0.000201709495741, 0.000320742605254, 0.000220231057028, 0.000175259352545, 0.000174784916453, 0.0002408351138, 0.000190053397091, 0.000105897495814, 0.000105951425212, 0.000181705254363, 0.000185744080227, 0.000143904893775, 0.000100398792711, 0.000147962506162, 0.000115003436804, 9.05896595214e-05, 8.14999220893e-05, 0.000125992592075, 5.46588853467e-05, 4.02670775657e-05, 1.85617773241e-05, 2.69847496384e-05, 2.82623514067e-05, 4.19184761995e-05, 3.44416548614e-05, 3.72816066374e-05, 7.76398301241e-05, 4.66516867164e-05, 3.21542647725e-05, 3.68844157492e-05, 2.70428863587e-05, 2.70881300821e-05, 2.61442746705e-05, 1.53467972268e-05, 1.23075014926e-05, 8.57663599163e-06, 7.7006243373e-06, 7.49134596845e-06, 6.87518922859e-06, 8.38355663291e-06, 7.76257365942e-06, 7.93790513853e-06, 7.05541060597e-06, 9.54369261308e-06, 7.91359161667e-06, 8.02619433671e-06, 7.65766253608e-06, 8.25834013085e-06, 6.95530616213e-06, 6.42328495815e-06, 5.64197625863e-06, 4.33078548667e-06, 4.3637132876e-06, 3.9954170461e-06, 3.12820452564e-06, 2.40940403273e-06, 1.84063446795e-06, 1.4550718106e-06, 1.12243480999e-06, 8.65623746904e-07, 3.67345705854e-07, 5.78764058901e-07, 5.56171926291e-07, 3.90764085978e-07, 2.27672131814e-07, 6.72534596902e-08, 1.73121517122e-08, 6.64141053264e-09, 1.97279059755e-09, 1.6517891499e-09, 1.15028642167e-09, 1.15151199687e-09, 9.810963153e-10, 8.07388378377e-10, 7.86116338691e-10, 4.42904379838e-10, 2.11721709609e-10, 1.96636887329e-10, 1.88807205981e-10, 1.83228557327e-10, 1.77735839935e-10, 1.73367792344e-10, 1.69855282617e-10, 1.67218947023e-10, 1.63347793625e-10, 1.61597721315e-10, 1.59903673635e-10, 1.58982216281e-10]
    },
    "mfcc": {
        "mean": [-608.829956055, 118.063911438, -26.5841197968, 19.4838008881, -8.17848777771, -5.77446126938, -14.6549329758, -9.97881126404, -10.2389717102, 1.24342060089, -9.67590808868, -1.44268465042, -1.46798443794],
        "cov": [[953.241577148, -361.410552979, 23.9891643524, 52.7945518494, -34.1018600464, -19.484205246, -5.03416919708, -1.81764423847, -11.3776979446, 46.4192352295, -53.6288146973, -22.2030467987, 12.3898868561], [-361.410552979, 588.27331543, -191.324005127, 17.6233959198, 16.8592834473, -16.5710201263, 42.4444122314, -22.5496864319, 22.1608409882, -33.6166114807, 29.1354904175, 4.57184743881, -17.7818470001], [23.9891643524, -191.324005127, 377.557800293, -58.8712043762, -9.05440235138, 82.3306350708, -46.5418167114, 21.1494026184, -34.1285171509, -36.6287345886, 29.354221344, 5.87084436417, -8.59657764435], [52.7945518494, 17.6233959198, -58.8712043762, 175.961166382, 15.1969146729, -16.7043266296, -33.814666748, -11.737449646, 13.8387346268, -24.7306556702, -34.9305038452, -2.79052829742, 28.5953483582], [-34.1018600464, 16.8592834473, -9.05440235138, 15.1969146729, 119.81211853, -18.9178066254, -17.0612125397, 6.07932043076, 9.05149364471, 1.34614479542, -23.053571701, 9.2136259079, 14.8611307144], [-19.484205246, -16.5710201263, 82.3306350708, -16.7043266296, -18.9178066254, 133.162994385, 3.62047815323, 5.09950733185, -8.32291316986, -42.0159454346, 20.0587882996, -16.7434368134, -14.256102562], [-5.03416919708, 42.4444122314, -46.5418167114, -33.814666748, -17.0612125397, 3.62047815323, 139.121398926, 5.098341465, -19.5349407196, 29.8556900024, -11.9134960175, -6.65145874023, -11.9386863708], [-1.81764423847, -22.5496864319, 21.1494026184, -11.737449646, 6.07932043076, 5.09950733185, 5.098341465, 84.4669952393, 17.4943752289, -4.2726483345, -0.816693723202, -4.29064846039, -1.04182755947], [-11.3776979446, 22.1608409882, -34.1285171509, 13.8387346268, 9.05149364471, -8.32291316986, -19.5349407196, 17.4943752289, 81.1989746094, 5.76150131226, -1.17398405075, -1.93415427208, -2.71067023277], [46.4192352295, -33.6166114807, -36.6287345886, -24.7306556702, 1.34614479542, -42.0159454346, 29.8556900024, -4.2726483345, 5.76150131226, 102.51499939, 1.17607176304, 0.922460198402, -8.3441400528], [-53.6288146973, 29.1354904175, 29.354221344, -34.9305038452, -23.053571701, 20.0587882996, -11.9134960175, -0.816693723202, -1.17398405075, 1.17607176304, 73.6928024292, 13.8977031708, -18.0078392029], [-22.2030467987, 4.57184743881, 5.87084436417, -2.79052829742, 9.2136259079, -16.7434368134, -6.65145874023, -4.29064846039, -1.93415427208, 0.922460198402, 13.8977031708, 70.9551315308, 15.6478767395], [12.3898868561, -17.7818470001, -8.59657764435, 28.5953483582, 14.8611307144, -14.256102562, -11.9386863708, -1.04182755947, -2.71067023277, -8.3441400528, -18.0078392029, 15.6478767395, 63.2165908813]],
        "icov": [[0.00150264019612, 0.000971362984274, 0.000238456646912, -0.00049015233526, 0.000418286857894, 5.33495331183e-05, -8.07903707027e-05, 0.000116971728858, 8.61571970745e-05, -0.000347326073097, 0.000502647366375, 0.000193702668184, 0.000186323115486], [0.000971362984274, 0.00312212319113, 0.00145365705248, -0.00037768058246, -0.000541185727343, 0.00033128526411, -0.0010984397959, 0.000704431324266, -0.000470299186418, 0.00160942273214, -0.00159382261336, 0.000166687357705, 0.000759431626648], [0.000238456646912, 0.00145365705248, 0.0044965124689, 0.00109790754505, -0.000307635928039, -0.00197859248146, 0.00133967050351, -0.000833487079944, 0.00159354403149, 0.000971614674199, -0.000780653848778, -0.000619602622464, 0.000469949765829], [-0.00049015233526, -0.00037768058246, 0.00109790754505, 0.00785876717418, 6.32158116787e-05, -4.01631150453e-05, 0.00197137892246, 0.000824237416964, -0.000700559467077, 0.0016640345566, 0.00285879499279, 0.00016660829715, -0.00209101592191], [0.000418286857894, -0.000541185727343, -0.000307635928039, 6.32158116787e-05, 0.0098880706355, 0.000338309881045, 0.00171251129359, -0.000920834892895, -0.000321653322317, -0.00107666209806, 0.0040150731802, -0.00149101368152, -0.000887725385837], [5.33495331183e-05, 0.00033128526411, -0.00197859248146, -4.01631150453e-05, 0.000338309881045, 0.0112407924607, -0.002209211234, 0.000529177312274, -0.000721427612007, 0.00475741969422, -0.0030477840919, 0.00291078304872, 0.000887063273694], [-8.07903707027e-05, -0.0010984397959, 0.00133967050351, 0.00197137892246, 0.00171251129359, -0.002209211234, 0.0104152187705, -0.00182952650357, 0.00332617759705, -0.00354735250585, 0.00409011822194, -0.000764333351981, 0.00106202089228], [0.000116971728858, 0.000704431324266, -0.000833487079944, 0.000824237416964, -0.000920834892895, 0.000529177312274, -0.00182952650357, 0.0134393572807, -0.00395424384624, 0.00158307573292, -0.000440551433712, 0.00103339808993, -0.000441067415522], [8.61571970745e-05, -0.000470299186418, 0.00159354403149, -0.000700559467077, -0.000321653322317, -0.000721427612007, 0.00332617759705, -0.00395424384624, 0.0150495097041, -0.00195191241801, 0.000518045912031, -0.000139143870911, 0.00143001799006], [-0.000347326073097, 0.00160942273214, 0.000971614674199, 0.0016640345566, -0.00107666209806, 0.00475741969422, -0.00354735250585, 0.00158307573292, -0.00195191241801, 0.0145029323176, -0.00273055885918, 0.000772963277996, 0.00144374766387], [0.000502647366375, -0.00159382261336, -0.000780653848778, 0.00285879499279, 0.0040150731802, -0.0030477840919, 0.00409011822194, -0.000440551433712, 0.000518045912031, -0.00273055885918, 0.0210816506296, -0.00545364897698, 0.00420488743111], [0.000193702668184, 0.000166687357705, -0.000619602622464, 0.00016660829715, -0.00149101368152, 0.00291078304872, -0.000764333351981, 0.00103339808993, -0.000139143870911, 0.000772963277996, -0.00545364897698, 0.0172278620303, -0.00499292835593], [0.000186323115486, 0.000759431626648, 0.000469949765829, -0.00209101592191, -0.000887725385837, 0.000887063273694, 0.00106202089228, -0.000441067415522, 0.00143001799006, 0.00144374766387, 0.00420488743111, -0.00499292835593, 0.0202930904925]]
    },
    "spectral_contrast_coeffs": {
        "max": [-0.422327637672, -0.514388382435, -0.537107288837, -0.599618077278, -0.628497481346, -0.587428629398],
        "mean": [-0.64923530817, -0.734310686588, -0.743154108524, -0.755497455597, -0.76375669241, -0.726615309715],
        "min": [-1, -1, -1, -1, -1, -1],
        "stdev": [0.0627914220095, 0.0582545809448, 0.0526356175542, 0.0456621311605, 0.041325353086, 0.0379123911262]
    },
    "spectral_contrast_valleys": {
        "max": [-5.48586130142, -4.73339080811, -5.67413806915, -5.72617292404, -5.58527851105, -8.30889701843],
        "mean": [-7.02630996704, -6.17269420624, -7.16208648682, -7.13599824905, -7.12942361832, -10.4275064468],
        "min": [-15.4422664642, -15.4422664642, -15.4422664642, -15.4422664642, -15.4422664642, -15.4422674179],
        "stdev": [0.492631822824, 0.442550331354, 0.431732475758, 0.385082781315, 0.448453903198, 0.692075908184]
    }
},
"rhythm": {
    "beats_count": 130,
    "beats_loudness": {
        "max": 0.0697590857744,
        "mean": 0.0277766045183,
        "min": 0.00701369298622,
        "stdev": 0.00971366651356
    },
    "bpm": 172.265518188,
    "bpm_histogram_first_peak_bpm": 172,
    "bpm_histogram_first_peak_weight": 0,
    "bpm_histogram_second_peak_bpm": 178,
    "bpm_histogram_second_peak_spread": 0,
    "bpm_histogram_second_peak_weight": 0.364341080189,
    "danceability": 1.41984081268,
    "onset_rate": 2.9373497963,
    "beats_loudness_band_ratio": {
        "max": [0.297047257423, 0.688723862171, 0.782623052597, 0.724635541439, 0.519598782063, 0.348740816116],
        "mean": [0.0832365304232, 0.287050366402, 0.282791107893, 0.157733201981, 0.173678711057, 0.0847461596131],
        "min": [0.0043207751587, 0.0321472361684, 0.0551373995841, 0.0103437248617, 0.0214768126607, 0.00767629174516],
        "stdev": [0.0653596445918, 0.159361451864, 0.161750793457, 0.130516335368, 0.119086183608, 0.0751727372408]
    },
