{
"metadata": {
    "version": {
        "essentia": "2.1-beta5",
        "essentia_git_sha": "Undefined",
        "extractor": "music 2.0"
    },
    "audio_properties": {
        "analysis": {
            "equal_loudness": 0,
            "length": 21.5481185913,
            "sample_rate": 44100,
            "start_time": 175.240997314,
            "downmix": "mix"
        },
        "bit_rate": 192000,
        "length": 196.812332153,
        "lossless": 0,
        "number_channels": 2,
        "replay_gain": -0.419654846191,
        "sample_rate": 44100,
        "codec": "mp3",
        "md5_encoded": "0be0b47f8c3c358a1962883031f0959c"
    },
    "tags": {
        "file_name": "Ireland_Somewhere In Europe_Liam Reilly.mp3",
        "encoding": ["Lavf58.29.100"]
    }
},
"lowlevel": {
    "average_loudness": 0.130538061261,
    "barkbands_crest": {
        "max": 22.325044632,
        "mean": 8.76622009277,
        "min": 3.42498779297,
        "stdev": 3.37462115288
    },
    "barkbands_flatness_db": {
        "max": 0.265444606543,
        "mean": 0.12188064307,
        "min": 0.0474673770368,
        "stdev": 0.0482131764293
    },
    "barkbands_kurtosis": {
        "max": 54.7082939148,
        "mean": 4.06552362442,
        "min": -1.85674381256,
        "stdev": 5.6756772995
    },
    "barkbands_skewness": {
        "max": 6.40123128891,
        "mean": 0.0358643308282,
        "min": -2.32866382599,
        "stdev": 1.97840571404
    },
    "barkbands_spread": {
        "max": 82.2322387695,
        "mean": 20.7866592407,
        "min": 2.96356058121,
        "stdev": 9.5776424408
    },
    "dissonance": {
        "max": 0.500000059605,
        "mean": 0.479286372662,
        "min": 0.365103304386,
        "stdev": 0.0206457413733
    },
    "dynamic_complexity": 5.4604139328,
    "erbbands_crest": {
        "max": 28.0376434326,
        "mean": 6.49722671509,
        "min": 2.74549198151,
        "stdev": 4.56869840622
    },
    "erbbands_flatness_db": {
        "max": 0.326907753944,
        "mean": 0.151560381055,
        "min": 0.0809037312865,
        "stdev": 0.0529091767967
    },
    "erbbands_kurtosis": {
        "max": 12.7759656906,
        "mean": 0.182079434395,
        "min": -1.50261199474,
        "stdev": 1.44004070759
    },
    "erbbands_skewness": {
        "max": 2.71970820427,
        "mean": -0.0177984219044,
        "min": -2.53261780739,
        "stdev": 0.835082650185
    },
    "erbbands_spread": {
        "max": 80.7430953979,
        "mean": 35.3682861328,
        "min": 3.51098060608,
        "stdev": 9.37074375153
    },
    "hfc": {
        "max": 143.983963013,
        "mean": 9.24276065826,
        "min": 1.04925233577e-16,
        "stdev": 16.9274616241
    },
    "loudness_ebu128": {
        "integrated": -23.5498466492,
        "loudness_range": 12.9750061035,
        "momentary": {
            "max": -19.7503681183,
            "mean": -152.081085205,
            "min": -300.691009521,
            "stdev": 136.083236694
        },
        "short_term": {
            "max": -22.1272239685,
            "mean": -132.750015259,
            "min": -300.691009521,
            "stdev": 131.843643188
        }
    },
    "melbands_crest": {
        "max": 27.2932720184,
        "mean": 8.32382392883,
        "min": 1.51130604744,
        "stdev": 6.43511486053
    },
    "melbands_flatness_db": {
        "max": 0.320172429085,
        "mean": 0.109756998718,
        "min": 0.00257825106382,
        "stdev": 0.100788541138
    },
    "melbands_kurtosis": {
        "max": 119.788414001,
        "mean": 6.08695888519,
        "min": -1.4115871191,
        "stdev": 13.1321115494
    },
    "melbands_skewness": {
        "max": 8.32728004456,
        "mean": 1.33981561661,
        "min": -1.18880629539,
        "stdev": 1.64473867416
    },
    "melbands_spread": {
        "max": 173.356567383,
        "mean": 71.7447357178,
        "min": 2.38547229767,
        "stdev": 57.9102210999
    },
    "pitch_salience": {
        "max": 0.925543367863,
        "mean": 0.684941530228,
        "min": 0.249092146754,
        "stdev": 0.121345661581
    },
    "silence_rate_20dB": {
        "max": 1,
        "mean": 1,
        "min": 1,
        "stdev": 0
    },
    "silence_rate_30dB": {
        "max": 1,
        "mean": 1,
        "min": 1,
        "stdev": 0
    },
    "silence_rate_60dB": {
        "max": 1,
        "mean": 0.533907413483,
        "min": 0,
        "stdev": 0.498847365379
    },
    "spectral_centroid": {
        "max": 11966.3339844,
        "mean": 5714.97558594,
        "min": 364.771087646,
        "stdev": 4986.23339844
    },
    "spectral_complexity": {
        "max": 40,
        "mean": 9.1743812561,
        "min": 0,
        "stdev": 10.3150997162
    },
    "spectral_decrease": {
        "max": 9.44166407829e-21,
        "mean": -3.15406767371e-09,
        "min": -3.79798450467e-08,
        "stdev": 4.76675632299e-09
    },
    "spectral_energy": {
        "max": 0.147604525089,
        "mean": 0.0127425212413,
        "min": 9.86967511533e-21,
        "stdev": 0.0191084127873
    },
    "spectral_energyband_high": {
        "max": 0.0204786453396,
        "mean": 0.000353556271875,
        "min": 6.8726050778e-21,
        "stdev": 0.00170332659036
    },
    "spectral_energyband_low": {
        "max": 0.0352497063577,
        "mean": 0.000888181501068,
        "min": 5.98555982116e-24,
        "stdev": 0.00202681450173
    },
    "spectral_energyband_middle_high": {
        "max": 0.053686697036,
        "mean": 0.00208194972947,
        "min": 1.07982612855e-21,
        "stdev": 0.00414078542963
    },
    "spectral_energyband_middle_low": {
        "max": 0.119663983583,
        "mean": 0.00966077391058,
        "min": 1.36611233386e-22,
        "stdev": 0.0152179561555
    },
    "spectral_entropy": {
        "max": 9.82563877106,
        "mean": 8.48287773132,
        "min": 6.47949361801,
        "stdev": 1.24748134613
    },
    "spectral_flux": {
        "max": 0.291772723198,
        "mean": 0.0373047441244,
        "min": 6.00687208308e-11,
        "stdev": 0.048444904387
    },
    "spectral_kurtosis": {
        "max": 16.0309257507,
        "mean": 2.21094536781,
        "min": -1.2697031498,
        "stdev": 3.89563465118
    },
    "spectral_rms": {
        "max": 0.0120001835749,
        "mean": 0.00230946368538,
        "min": 3.10305513923e-12,
        "stdev": 0.00266423239373
    },
    "spectral_rolloff": {
        "max": 19702.8808594,
        "mean": 9475.37304688,
        "min": 215.33203125,
        "stdev": 8744.10058594
    },
    "spectral_skewness": {
        "max": 3.12510085106,
        "mean": 0.828281998634,
        "min": -0.0993463769555,
        "stdev": 0.843277156353
    },
    "spectral_spread": {
        "max": 42976780,
        "mean": 20763512,
        "min": 2014446,
        "stdev": 18458842
    },
    "spectral_strongpeak": {
        "max": 5.93212652206,
        "mean": 0.481311261654,
        "min": 0,
        "stdev": 0.757487177849
    },
    "zerocrossingrate": {
        "max": 0.53857421875,
        "mean": 0.260975033045,
        "min": 0.017578125,
        "stdev": 0.225741639733
    },
    "barkbands": {
        "max": [0.00013096188195, 0.00313688348979, 0.0234534982592, 0.0185572132468, 0.0598699189723, 0.0825913995504, 0.0205743219703, 0.0545062571764, 0.0530461855233, 0.0117191178724, 0.0126996012405, 0.0109429145232, 0.0164036527276, 0.0112229604274, 0.00982005801052, 0.00354094011709, 0.00592819275334, 0.00613737013191, 0.00219533476047, 0.00430047046393, 0.00431968364865, 0.00862071290612, 0.0101513136178, 0.00275107030757, 0.000592964468524, 2.72379202215e-06, 1.26470138184e-06],
        "mean": [5.77508444621e-06, 0.000215329753701, 0.00057087012101, 0.000291577278404, 0.00390346790664, 0.0027788139414, 0.0007530314615, 0.000843807123601, 0.000851132615935, 0.00036417474621, 0.000234830338741, 0.000219078574446, 0.000190554594155, 0.000230650417507, 0.00020851365116, 0.000225466443226, 0.000224411167437, 0.000130763961351, 9.32944094529e-05, 0.000106124054582, 7.68113459344e-05, 8.67968483362e-05, 9.53326161834e-05, 3.35358090524e-05, 8.18656644697e-06, 1.98745325974e-07, 1.95652338775e-09],
        "min": [2.10212843706e-25, 1.03450164009e-24, 3.85585201799e-25, 9.83857854661e-25, 4.6349609261e-24, 3.13671211869e-24, 6.90245482345e-24, 5.06898864627e-24, 6.10478155306e-24, 7.87851952123e-24, 1.18478230494e-23, 1.78293687519e-23, 2.54194302391e-23, 2.73995720854e-23, 3.04929007986e-23, 4.26063743355e-23, 6.12460562761e-23, 5.04454429229e-23, 9.12262037972e-23, 1.66937545694e-22, 2.31076973377e-22, 2.67584219137e-22, 3.91589997994e-22, 5.49033962414e-22, 8.58569350106e-22, 1.27146919483e-21, 1.83819464416e-21],
        "stdev": [1.31494571178e-05, 0.000474112224765, 0.00140753749292, 0.00106162927113, 0.00756987789646, 0.00585072441027, 0.00171639444306, 0.00298928003758, 0.00386322150007, 0.000967455271166, 0.000853059464134, 0.000684938800987, 0.000740396499168, 0.000650241971016, 0.000616051896941, 0.000484160176711, 0.000534221879207, 0.000376483541913, 0.000215411768295, 0.000280328415101, 0.000279534986475, 0.000534940569196, 0.00071590981679, 0.000208894023672, 4.0744242142e-05, 2.75973604857e-07, 4.14720808806e-08]
    },
    "erbbands": {
        "max": [0.0700785890222, 0.941710472107, 17.103937149, 51.0110702515, 244.975997925, 243.575836182, 313.22253418, 799.82824707, 309.023101807, 616.200439453, 1447.03674316, 1580.34765625, 407.03225708, 575.963989258, 278.061004639, 449.231872559, 422.474639893, 581.149414062, 721.132629395, 548.289794922, 186.971038818, 283.371734619, 389.682983398, 145.099624634, 136.05065918, 247.938613892, 99.6147384644, 243.440567017, 270.240600586, 334.111114502, 307.623504639, 94.2182617188, 32.609462738, 10.3825521469, 2.40521454811, 0.10245193541, 0.0041294307448, 0.00083155662287, 0.000185789263924, 0.000163693286595],
        "mean": [0.0029060470406, 0.0689731240273, 0.560994327068, 0.871681034565, 5.09767627716, 15.4909105301, 19.935459137, 23.3872184753, 14.1866788864, 13.2501249313, 19.0426387787, 22.5538730621, 13.9810066223, 7.60608530045, 9.29438400269, 10.0691099167, 9.56148338318, 11.2989196777, 11.4840984344, 12.9185094833, 11.2725715637, 11.1199941635, 8.15891647339, 4.94576406479, 4.74739551544, 5.06439065933, 3.3879070282, 3.04024624825, 3.03470182419, 3.01794242859, 2.726603508, 1.06121742725, 0.417111486197, 0.138136431575, 0.0337404310703, 0.00224043987691, 0.000378642551368, 4.33789427916e-05, 9.10966173251e-06, 1.54941408255e-05],
        "min": [3.38102029e-23, 2.04508630338e-22, 8.84229316657e-22, 3.52200539738e-21, 4.85299312515e-21, 1.34027622288e-20, 3.64041476726e-20, 3.65496183693e-20, 9.2543235023e-20, 1.34188625239e-19, 2.09212989144e-19, 1.7593297986e-19, 3.94987427891e-19, 4.59359605436e-19, 7.89614515227e-19, 1.0194773575e-18, 1.24830312209e-18, 1.4667388778e-18, 2.14894409388e-18, 1.98009233583e-18, 3.14149961758e-18, 4.43613612431e-18, 3.80138005611e-18, 5.68424951184e-18, 5.81405937896e-18, 7.39298959042e-18, 6.87339195274e-18, 8.79721718855e-18, 9.25138732132e-18, 1.10730052935e-17, 1.1225855863e-17, 9.67645641296e-18, 9.64723377628e-18, 7.68479574947e-18, 6.14478107711e-18, 3.82117655612e-18, 2.23007789747e-18, 8.55276422444e-19, 2.35327921188e-19, 2.43039347991e-20],
        "stdev": [0.00747468275949, 0.144868373871, 1.26115953922, 2.66131877899, 15.8809537888, 30.4471740723, 35.2262001038, 56.5169906616, 30.8468360901, 37.0534095764, 82.2270050049, 105.894332886, 36.7913246155, 31.7051105499, 23.3026027679, 31.2103118896, 28.2491607666, 30.5814971924, 36.4580841064, 32.4038734436, 23.7610683441, 25.9392337799, 22.2297496796, 11.6130475998, 11.0172901154, 14.0818328857, 8.00299167633, 15.8781681061, 16.5722618103, 21.3847255707, 20.999874115, 7.09572029114, 2.52250790596, 0.702973008156, 0.168553560972, 0.0070468573831, 0.000528092961758, 6.82568133925e-05, 1.6960888388e-05, 2.3226482881e-05]
    },
    "gfcc": {
        "mean": [-613.70715332, 64.4419250488, -79.3682403564, 15.0330524445, -39.0794410706, -2.80773854256, -25.921421051, -3.89116477966, -12.2194910049, -2.65586423874, -5.21890306473, -3.40021777153, -0.42861276865],
        "cov": [[377440.625, 37058.6523438, -45159.4726562, 9286.7109375, -22693.4179688, -1739.16369629, -14971.7021484, -2376.92016602, -6980.24804688, -1721.11572266, -2999.85253906, -2166.53833008, -202.918243408], [37058.6523438, 4004.45214844, -4579.87060547, 774.932861328, -2062.31689453, -244.699737549, -1424.76953125, -207.166549683, -707.43157959, -123.458358765, -279.78704834, -180.652023315, 0.353307515383], [-45159.4726562, -4579.87060547, 5765.42626953, -942.551269531, 2599.08447266, 236.953659058, 1745.98901367, 228.89364624, 831.764221191, 160.211212158, 362.077758789, 232.835510254, -11.8862514496], [9286.7109375, 774.932861328, -942.551269531, 378.970428467, -607.809753418, -29.2432193756, -366.994049072, -83.497833252, -161.604400635, -67.631187439, -76.4857330322, -71.2971115112, -13.1672964096], [-22693.4179688, -2062.31689453, 2599.08447266, -607.809753418, 1531.9239502, 53.9950828552, 928.000915527, 173.54914856, 414.157592773, 128.320037842, 179.420516968, 143.706054688, 32.4072647095], [-1739.16369629, -244.699737549, 236.953659058, -29.2432193756, 53.9950828552, 121.691329956, 74.6877670288, 24.8912887573, 50.2765312195, -11.3644886017, 11.3504714966, 4.64046525955, -12.8949661255], [-14971.7021484, -1424.76953125, 1745.98901367, -366.994049072, 928.000915527, 74.6877670288, 685.116638184, 115.923774719, 285.008148193, 84.1150741577, 120.282546997, 90.2545852661, 18.9928436279], [-2376.92016602, -207.166549683, 228.89364624, -83.497833252, 173.54914856, 24.8912887573, 115.923774719, 79.3261108398, 66.6543960571, 8.68069076538, 11.6752815247, 5.9352388382, 11.9673700333], [-6980.24804688, -707.43157959, 831.764221191, -161.604400635, 414.157592773, 50.2765312195, 285.008148193, 66.6543960571, 171.950912476, 35.4365501404, 51.4716873169, 26.6746330261, 7.66446733475], [-1721.11572266, -123.458358765, 160.211212158, -67.631187439, 128.320037842, -11.3644886017, 84.1150741577, 8.68069076538, 35.4365501404, 56.4558906555, 28.5489139557, 24.2225494385, 3.90879273415], [-2999.85253906, -279.78704834, 362.077758789, -76.4857330322, 179.420516968, 11.3504714966, 120.282546997, 11.6752815247, 51.4716873169, 28.5489139557, 60.2050628662, 28.9193286896, 0.081181794405], [-2166.53833008, -180.652023315, 232.835510254, -71.2971115112, 143.706054688, 4.64046525955, 90.2545852661, 5.9352388382, 26.6746330261, 24.2225494385, 28.9193286896, 61.7862319946, 6.91341161728], [-202.918243408, 0.353307515383, -11.8862514496, -13.1672964096, 32.4072647095, -12.8949661255, 18.9928436279, 11.9673700333, 7.66446733475, 3.90879273415, 0.081181794405, 6.91341161728, 36.1246681213]],
        "icov": [[0.00103364652023, -0.00276113441214, 0.0027794665657, -0.00492456322536, 0.0031195410993, -0.000677799165715, 0.00241279345937, -0.000878347549587, 0.00132780021522, -0.000476449204143, 0.00068358250428, 0.000597949023359, 0.000588554132264], [-0.00276113441214, 0.0107516208664, -0.00521756708622, 0.0126003846526, -0.00884019955993, 0.00291585503146, -0.0057590091601, 0.00144523801282, -0.000480389920995, 0.000389933557017, -0.00235041324049, -0.00131024466828, -0.000902703672182], [0.0027794665657, -0.00521756708622, 0.0108316196129, -0.0140870790929, 0.0063295410946, -0.00133613287471, 0.00523101817816, 0.000409303203924, 0.00149543280713, 0.00173254660331, -0.000687922292855, 0.00134869723115, 0.0042907432653], [-0.00492456322536, 0.0126003846526, -0.0140870790929, 0.0319528058171, -0.0112015204504, 0.00414051022381, -0.0117503628135, 0.00649726670235, -0.00710908463225, 0.00483886525035, -0.00251995422877, -0.000791089085396, -0.0040797367692], [0.0031195410993, -0.00884019955993, 0.0063295410946, -0.0112015204504, 0.0170667842031, 0.00127334706485, 0.0038831254933, -0.00590485055, 0.00314637646079, -0.00247461278923, 0.00274737807922, 0.000166150988662, 0.000229968689382], [-0.000677799165715, 0.00291585503146, -0.00133613287471, 0.00414051022381, 0.00127334706485, 0.0138410925865, -0.00379408989102, -0.00237446185201, -0.00542598357424, 0.00576188508421, -0.00181268155575, -0.00328394793905, 0.00497379666194], [0.00241279345937, -0.0057590091601, 0.00523101817816, -0.0117503628135, 0.0038831254933, -0.00379408989102, 0.0178743880242, -0.00544753391296, 0.00286947726272, -0.00621670112014, 0.00170965341385, 0.000722948578186, -0.00146154325921], [-0.000878347549587, 0.00144523801282, 0.000409303203924, 0.00649726670235, -0.00590485055, -0.00237446185201, -0.00544753391296, 0.0291689708829, -0.0147578632459, 0.00832259189337, -0.000279681582469, 0.00201848335564, -0.00294948392548], [0.00132780021522, -0.000480389920995, 0.00149543280713, -0.00710908463225, 0.00314637646079, -0.00542598357424, 0.00286947726272, -0.0147578632459, 0.0394861251116, -0.0133916931227, 0.00296943704598, 0.00896677933633, -0.00466646859422], [-0.000476449204143, 0.000389933557017, 0.00173254660331, 0.00483886525035, -0.00247461278923, 0.00576188508421, -0.00621670112014, 0.00832259189337, -0.0133916931227, 0.0365467108786, -0.0119267171249, -0.00638333987445, 0.00457703461871], [0.00068358250428, -0.00235041324049, -0.000687922292855, -0.00251995422877, 0.00274737807922, -0.00181268155575, 0.00170965341385, -0.000279681582469, 0.00296943704598, -0.0119267171249, 0.0349728949368, -0.00495461560786, 0.000330090726493], [0.000597949023359, -0.00131024466828, 0.00134869723115, -0.000791089085396, 0.000166150988662, -0.00328394793905, 0.000722948578186, 0.00201848335564, 0.00896677933633, -0.00638333987445, -0.00495461560786, 0.0274796709418, -0.00530263828114], [0.000588554132264, -0.000902703672182, 0.0042907432653, -0.0040797367692, 0.000229968689382, 0.00497379666194, -0.00146154325921, -0.00294948392548, -0.00466646859422, 0.00457703461871, 0.000330090726493, -0.00530263828114, 0.035745035857]]
    },
    "melbands": {
        "max": [0.00073816429358, 0.00669081741944, 0.0122173400596, 0.0144240343943, 0.010668406263, 0.0167252421379, 0.00414359290153, 0.00759257702157, 0.0109970327467, 0.00961088947952, 0.0020467590075, 0.00220134458505, 0.00105064478703, 0.000781067763455, 0.0021694379393, 0.00183516414836, 0.000882344378624, 0.00152796809562, 0.000933953793719, 0.000369691930246, 0.000277596933302, 0.000338523648679, 0.000253203965258, 0.000393175840145, 0.000107464351458, 7.87407625467e-05, 0.000126330240164, 0.00016425724607, 4.44811885245e-05, 0.000108817963337, 0.00018155235739, 0.000162041629665, 0.000162698721397, 0.000189456506632, 0.000205321339308, 0.000123345205793, 4.26867154601e-05, 2.55078975897e-05, 1.44640498547e-05, 7.09312598701e-06],
        "mean": [4.19263633376e-05, 0.000217431006604, 0.000257076695561, 0.000730819068849, 0.000747286831029, 0.000521382375155, 0.000197469533305, 0.000148223771248, 0.000165530102095, 0.000130074855406, 6.43878811388e-05, 2.83552581095e-05, 3.15129364026e-05, 2.34054841712e-05, 2.59725165961e-05, 1.82195290108e-05, 2.1833981009e-05, 1.85606095329e-05, 1.60862236953e-05, 1.83174561244e-05, 1.28528781715e-05, 1.22981036839e-05, 1.08150825326e-05, 4.67358177048e-06, 3.97768826588e-06, 3.23180847772e-06, 3.67696179637e-06, 3.28729174726e-06, 2.05827723221e-06, 1.91210847333e-06, 1.70091402651e-06, 1.6577456563e-06, 1.74777301254e-06, 1.64615312315e-06, 1.73749833721e-06, 1.01877742509e-06, 5.09853975927e-07, 3.03816847236e-07, 1.99358893838e-07, 8.9908418488e-08],
        "min": [3.68741936789e-25, 4.97698853206e-25, 7.01813555596e-25, 7.13428990084e-25, 1.20399136381e-24, 6.3559706425e-25, 1.38301861308e-24, 1.35548243711e-24, 1.58481731846e-24, 1.06841713699e-24, 1.84996007542e-24, 1.58149512937e-24, 2.07616889822e-24, 2.51563680041e-24, 2.69805319335e-24, 1.88516575433e-24, 2.55550306955e-24, 2.85128054951e-24, 2.68138278749e-24, 2.14069673419e-24, 2.9429682748e-24, 3.51637667288e-24, 2.96822326225e-24, 2.26667131265e-24, 3.33130674907e-24, 3.50102110093e-24, 4.11748316063e-24, 4.36153660875e-24, 4.21669701339e-24, 4.30707325742e-24, 3.38301894799e-24, 4.43701837004e-24, 4.88690258884e-24, 4.27300551037e-24, 5.07576890575e-24, 4.72608461584e-24, 5.70421612919e-24, 5.34213804559e-24, 5.7108879203e-24, 5.93907027587e-24],
        "stdev": [9.33523187996e-05, 0.000477642490296, 0.000762569077779, 0.00156031223014, 0.00128851772752, 0.00120004522614, 0.000431679160101, 0.000428975821706, 0.000735831679776, 0.000638357130811, 0.000176755274879, 0.000123692298075, 8.82994208951e-05, 5.20245594089e-05, 0.000122457815451, 6.84637270751e-05, 5.74078731006e-05, 6.95006747264e-05, 5.30261531821e-05, 4.16103175667e-05, 2.937604404e-05, 3.19445425703e-05, 2.80479343928e-05, 1.53880137077e-05, 9.82485835266e-06, 7.61133287597e-06, 1.02999083538e-05, 9.28885674512e-06, 4.39490850113e-06, 7.07154777047e-06, 1.08093236122e-05, 9.05002707441e-06, 1.13867617983e-05, 1.19993246699e-05, 1.37140596053e-05, 7.62573472457e-06, 3.24397547047e-06, 1.91301774066e-06, 1.06384675291e-06, 4.46317187652e-07]
    },
    "melbands128": {
        "max": [0.000106435232738, 0.000391925044823, 0.00130121631082, 0.00212179799564, 0.004927970469, 0.013745364733, 0.0125846872106, 0.0135198617354, 0.033258356154, 0.0198770891875, 0.0165011696517, 0.0206584874541, 0.0105686113238, 0.0257670134306, 0.027807533741, 0.0121740279719, 0.00979092158377, 0.00446800002828, 0.00717526813969, 0.008345044218, 0.0103033557534, 0.0143095329404, 0.0179898887873, 0.0157653130591, 0.0191877856851, 0.0148297678679, 0.00258890888654, 0.0042178905569, 0.00108821736649, 0.00348854111508, 0.00466518197209, 0.00378089817241, 0.00138809287455, 0.00198621628806, 0.000367535656551, 0.00130779854953, 0.00199859007262, 0.00431163748726, 0.0018201796338, 0.000590934068896, 0.00285644223914, 0.00348778394982, 0.00101823220029, 0.00133973080665, 0.00164349447004, 0.00262222881429, 0.00108757289127, 0.00123458728194, 0.00196834513918, 0.000729426799808, 0.000809307326563, 0.00047181287664, 0.000311376526952, 0.000674217881169, 0.000832501158584, 0.000559399137273, 0.000315197132295, 0.000417133473093, 0.000670925714076, 0.000539960747119, 0.000647672219202, 7.60019829613e-05, 8.5734303866e-05, 0.000226245159865, 7.03626355971e-05, 0.000103389291326, 0.000122037446999, 0.000103819889773, 0.000207889286685, 0.00022889887623, 0.000313352560624, 7.07886647433e-05, 4.66890742246e-05, 3.8113539631e-05, 7.13267436367e-05, 9.15590135264e-05, 0.000140768577694, 0.000210389436688, 0.000249705655733, 0.000304073444568, 0.000107855383249, 0.000113983915071, 0.000216082582483, 0.000234072969761, 0.000209292382351, 0.000244632916292, 0.000159410526976, 0.000247509364272, 0.000252793193795, 0.000191328930669, 0.000208792233025, 0.00010871032282, 5.06998876517e-05, 4.22176635766e-05, 5.19571767654e-05, 3.55155134457e-05, 2.46196304943e-05, 2.76385162579e-05, 1.56984333444e-05, 1.26540971905e-05, 5.64965603189e-06, 7.67438814364e-06, 8.4168077592e-06, 3.61851948583e-06, 3.8640537241e-06, 1.21515211049e-06, 1.94614827365e-07, 8.92583642553e-08, 2.12925339582e-08, 1.7954331355e-08, 1.76526313567e-08, 1.19822818334e-08, 1.122551474e-08, 1.14262457274e-08, 9.05078856306e-09, 5.9728550994e-09, 6.26994989261e-09, 6.02488903212e-09, 5.83590775705e-09, 5.6105098345e-09, 5.46066836193e-09, 5.32369925921e-09, 5.19000487031e-09, 5.07321384902e-09, 4.98075181099e-09, 4.91066565189e-09, 4.87480855682e-09, 4.80897544008e-09],
        "mean": [3.6549924971e-06, 1.34129977596e-05, 4.37794551544e-05, 0.000121408163977, 0.000272128439974, 0.000268991454504, 0.000137081719004, 0.000173225882463, 0.000537774234544, 0.000691930414177, 0.000934249081183, 0.000917468685657, 0.00065381010063, 0.000599055958446, 0.000610564311501, 0.000433209177572, 0.000316119578201, 0.000120121971122, 9.50145840761e-05, 0.000157672431669, 0.000178877875442, 0.00011110054038, 0.000195466636796, 0.000160567520652, 0.00018872707733, 9.31625254452e-05, 4.39553332399e-05, 0.000104564867797, 3.06196270685e-05, 2.44092025241e-05, 2.83390272671e-05, 3.19505743391e-05, 3.20258041029e-05, 3.68740729755e-05, 1.47673954416e-05, 2.02197370527e-05, 3.49196816387e-05, 2.58559830399e-05, 2.23206643568e-05, 2.03044382943e-05, 1.8148944946e-05, 1.30345551952e-05, 1.83379634109e-05, 3.59746154572e-05, 1.265933588e-05, 1.70504772541e-05, 2.07660432352e-05, 1.43661372931e-05, 1.24067273646e-05, 2.24695741053e-05, 1.99916903512e-05, 1.56975165737e-05, 7.7584736573e-06, 1.10192513603e-05, 2.43594786298e-05, 8.92827665666e-06, 6.05156765232e-06, 1.42699855132e-05, 1.16233923109e-05, 5.95937672188e-06, 4.29006195191e-06, 4.00133376388e-06, 3.08254516312e-06, 5.29839053343e-06, 2.69790234597e-06, 3.25299220094e-06, 3.35130698659e-06, 3.46894148606e-06, 3.90885543311e-06, 3.54986650564e-06, 4.04055253966e-06, 2.54416795542e-06, 2.13188855014e-06, 2.01095622288e-06, 1.94611016013e-06, 2.0060690531e-06, 1.90533512523e-06, 1.67380915173e-06, 1.70337182226e-06, 1.77273705049e-06, 1.34943263674e-06, 1.82371104529e-06, 1.80687277407e-06, 1.70296937085e-06, 1.7477966594e-06, 1.65290043697e-06, 1.55778172939e-06, 1.74086460447e-06, 1.87975206245e-06, 1.68216865859e-06, 1.24582584249e-06, 8.1430789578e-07, 6.47074955396e-07, 5.17395449151e-07, 4.26118305086e-07, 3.42919406648e-07, 2.6880931614e-07, 2.61532619561e-07, 2.18401211782e-07, 1.81461246029e-07, 6.83501824028e-08, 8.73476864172e-08, 8.96426328723e-08, 5.57900001752e-08, 3.80411435685e-08, 1.44453702333e-08, 3.98924582257e-09, 2.18475415537e-09, 1.61104174445e-09, 1.53752210963e-09, 1.26864407868e-09, 1.26144950041e-09, 9.14989473078e-10, 8.59251614305e-10, 8.31021362835e-10, 3.8825265225e-10, 1.23494417817e-11, 9.1979262748e-12, 8.93455101569e-12, 8.64181642912e-12, 8.43805320755e-12, 8.24530721477e-12, 8.04973102064e-12, 7.88516127392e-12, 7.76617919279e-12, 7.67521896733e-12, 7.62631190837e-12, 7.52805196652e-12],
        "min": [3.84069873956e-26, 1.9078953515e-25, 1.17701473674e-25, 3.22609129185e-25, 2.15317168194e-25, 2.4486410131e-25, 1.8501347095e-25, 4.91518522444e-25, 1.7895452616e-25, 3.34111879822e-25, 4.51260830387e-25, 9.43795652197e-26, 1.99397363481e-25, 3.64325597619e-25, 4.51337990845e-25, 1.56938897409e-25, 3.91320565707e-25, 4.98416371504e-25, 6.37984601084e-25, 2.55697528121e-25, 6.48444354345e-25, 4.22673398651e-25, 5.79087111912e-25, 5.43043859937e-25, 2.89951791475e-25, 3.26098187013e-25, 2.8786680745e-25, 6.69723384225e-25, 4.19275676124e-25, 9.33837959598e-25, 7.74362529252e-25, 4.67866105923e-25, 5.99432623519e-25, 3.41920937183e-25, 4.37930954634e-25, 6.16380461903e-25, 1.46725870257e-24, 8.81107538464e-25, 7.51832464583e-25, 8.47833286875e-25, 8.03978487697e-25, 7.50929416062e-25, 1.20449465706e-24, 1.08399260392e-24, 8.36292251831e-25, 1.1394047577e-24, 1.23808129757e-24, 1.31804221108e-24, 7.91320721435e-25, 1.40942178758e-24, 7.19523482919e-25, 1.20112740429e-24, 1.63422624075e-24, 1.16077657734e-24, 1.32879921699e-24, 1.36606244235e-24, 1.50281335382e-24, 1.30129637039e-24, 6.27609354547e-25, 5.68221440411e-25, 1.46713573887e-24, 1.67878238658e-24, 1.21298605446e-24, 1.85273134378e-24, 1.65670690301e-24, 1.61478200273e-24, 1.59037257556e-24, 1.80537286819e-24, 1.32248832975e-24, 2.08470989524e-24, 2.37356610683e-24, 1.81766549046e-24, 2.37733410094e-24, 2.65858845442e-24, 2.09990158134e-24, 2.45056543928e-24, 2.15937419941e-24, 2.47637716531e-24, 2.15213324516e-24, 2.17540286693e-24, 2.18857191366e-24, 2.48299077793e-24, 2.91248215347e-24, 3.39741999824e-24, 2.66955440986e-24, 3.08975911761e-24, 3.21284666237e-24, 2.38496238589e-24, 3.22300758526e-24, 4.03428949513e-24, 2.12643215687e-24, 2.83860099096e-24, 3.04547877728e-24, 3.5560575597e-24, 3.99851820296e-24, 2.9527187928e-24, 3.67622040266e-24, 3.47796664097e-24, 3.31088116808e-24, 3.44429056336e-24, 2.97547841599e-24, 4.34334034868e-24, 3.85229455113e-24, 3.80231666291e-24, 4.22295386366e-24, 4.1270713705e-24, 4.14369109205e-24, 3.54689296813e-24, 3.39296332856e-24, 3.54352689865e-24, 3.45520879272e-24, 4.01841879701e-24, 3.9197922512e-24, 3.53625636212e-24, 5.16094024554e-24, 3.35630496229e-24, 4.6192550999e-24, 2.4392557377e-24, 4.49693038364e-24, 4.97855244881e-24, 5.3406214605e-24, 4.32950530612e-24, 5.10346344555e-24, 5.04744564381e-24, 4.01340676925e-24, 4.07303755394e-24, 5.28868167521e-24, 5.25696276151e-24],
        "stdev": [8.1132448031e-06, 4.07056359109e-05, 0.000136604823638, 0.00028862079489, 0.000598910613917, 0.000738994509447, 0.0005317243631, 0.000670592184179, 0.00200621038675, 0.00182617723476, 0.00197783485055, 0.00186182837933, 0.00131093442906, 0.00151639839169, 0.00178325141314, 0.0011109354673, 0.000822072732262, 0.000295396661386, 0.000359204015695, 0.000514529878274, 0.000587185029872, 0.000566224043723, 0.00118348374963, 0.000855881371535, 0.00109615107067, 0.000699044496287, 0.000148566105054, 0.000319612736348, 9.0659421403e-05, 0.000128827698063, 0.000203730916837, 0.000196341017727, 8.86195921339e-05, 0.000130769141833, 3.87155196222e-05, 6.28995330771e-05, 0.000116906827316, 0.000237740488956, 9.25359054236e-05, 4.93690458825e-05, 9.99957264867e-05, 0.000117725132441, 5.61755077797e-05, 0.00010434507567, 7.25906575099e-05, 0.000111629837193, 6.75138580846e-05, 7.1363436291e-05, 8.05584568297e-05, 5.9031535784e-05, 6.03465123277e-05, 4.18383169745e-05, 2.74730027741e-05, 3.77875694539e-05, 7.19353920431e-05, 3.62187420251e-05, 2.22148210014e-05, 3.69462868548e-05, 4.58989889012e-05, 2.49672775681e-05, 2.22532762564e-05, 9.13433268579e-06, 7.38661219657e-06, 1.83033698704e-05, 7.05785350874e-06, 9.34424861043e-06, 9.73597343545e-06, 9.28094868868e-06, 1.3714025954e-05, 1.30611933855e-05, 1.53557684826e-05, 6.47696106171e-06, 4.99393718201e-06, 4.59160446553e-06, 5.77308173888e-06, 6.86324074195e-06, 8.57874601934e-06, 9.95467598841e-06, 1.23679983517e-05, 1.47338505485e-05, 8.02237991593e-06, 7.61131968829e-06, 1.18562838907e-05, 1.23845693452e-05, 1.32089426188e-05, 1.29875406856e-05, 1.12661200546e-05, 1.39308958751e-05, 1.56866881298e-05, 1.35882291943e-05, 1.05232111309e-05, 6.15142425886e-06, 4.10703250964e-06, 3.26999497702e-06, 2.90482262244e-06, 2.34184790315e-06, 1.69847589859e-06, 1.60104195857e-06, 1.16403089123e-06, 9.51834806528e-07, 3.35440773824e-07, 4.47667702019e-07, 4.92372237204e-07, 2.60583448153e-07, 2.27996736157e-07, 6.89577959179e-08, 1.28657848819e-08, 4.70882888237e-09, 2.79805623116e-09, 2.55053822507e-09, 2.05577133094e-09, 1.97093319443e-09, 1.52418644372e-09, 1.38513545078e-09, 1.31121358216e-09, 6.92920831824e-10, 2.06147279802e-10, 1.97570432237e-10, 1.91370697067e-10, 1.83982218349e-10, 1.79068732065e-10, 1.74576908485e-10, 1.70191277737e-10, 1.66363076093e-10, 1.63328808811e-10, 1.61032437385e-10, 1.59854199322e-10, 1.57696231073e-10]
    },
    "mfcc": {
        "mean": [-947.686767578, 74.5693969727, -9.81120300293, 11.5408363342, -3.64103460312, -2.07618403435, -7.91530036926, -5.92027425766, -5.37318134308, -3.87379813194, -4.89660835266, -1.50590658188, -2.28729248047],
        "cov": [[93582.796875, 20375.8886719, -2353.98632812, 3673.56176758, -1064.50878906, -603.261535645, -2381.81860352, -1714.28771973, -1592.37646484, -1007.29217529, -1528.93579102, -496.279998779, -676.346130371], [20375.8886719, 5345.49902344, -939.486877441, 776.583129883, -201.880966187, -178.917190552, -453.508392334, -422.784088135, -318.626953125, -264.518615723, -294.097351074, -98.6129837036, -139.790267944], [-2353.98632812, -939.486877441, 538.96081543, -92.081451416, 5.52570056915, 65.4428939819, 8.19107818604, 73.1404800415, -25.9355964661, 21.0263309479, 21.1094512939, 15.0734920502, 14.0297355652], [3673.56176758, 776.583129883, -92.081451416, 269.516540527, -44.0952606201, -26.8774833679, -81.67628479, -87.7624969482, -62.213924408, -51.5692558289, -58.5651397705, -25.3510246277, -22.1575908661], [-1064.50878906, -201.880966187, 5.52570056915, -44.0952606201, 100.250411987, -7.25383806229, 19.6979293823, 22.6048145294, 23.381187439, 15.4355173111, 9.11962985992, 6.97778940201, 12.6405887604], [-603.261535645, -178.917190552, 65.4428939819, -26.8774833679, -7.25383806229, 69.8625030518, 21.5694656372, 22.2099895477, 2.58713674545, -1.5875633955, 22.8443450928, 6.760014534, 8.45855426788], [-2381.81860352, -453.508392334, 8.19107818604, -81.67628479, 19.6979293823, 21.5694656372, 113.468452454, 55.4458732605, 50.2094306946, 30.9990901947, 47.6006813049, 14.7136859894, 18.7498722076], [-1714.28771973, -422.784088135, 73.1404800415, -87.7624969482, 22.6048145294, 22.2099895477, 55.4458732605, 94.7279663086, 49.7346229553, 26.3827800751, 35.3734283447, 9.61438655853, 17.6329364777], [-1592.37646484, -318.626953125, -25.9355964661, -62.213924408, 23.381187439, 2.58713674545, 50.2094306946, 49.7346229553, 89.6684875488, 39.2598075867, 35.0645103455, 2.89347863197, 2.58635687828], [-1007.29217529, -264.518615723, 21.0263309479, -51.5692558289, 15.4355173111, -1.5875633955, 30.9990901947, 26.3827800751, 39.2598075867, 70.7743301392, 30.9342708588, -0.896829009056, -3.51803803444], [-1528.93579102, -294.097351074, 21.1094512939, -58.5651397705, 9.11962985992, 22.8443450928, 47.6006813049, 35.3734283447, 35.0645103455, 30.9342708588, 63.600025177, 16.667181015, 12.8361339569], [-496.279998779, -98.6129837036, 15.0734920502, -25.3510246277, 6.97778940201, 6.760014534, 14.7136859894, 9.61438655853, 2.89347863197, -0.896829009056, 16.667181015, 33.6752967834, 16.402305603], [-676.346130371, -139.790267944, 14.0297355652, -22.1575908661, 12.6405887604, 8.45855426788, 18.7498722076, 17.6329364777, 2.58635687828, -3.51803803444, 12.8361339569, 16.402305603, 41.8365135193]],
        "icov": [[0.000241985660978, -0.000673812348396, -7.021863712e-05, -0.000949996348936, 0.00054382631788, -0.00065740046557, 0.0015686530387, -0.00100534758531, 0.000686286191922, -0.00131613190752, 0.00173340691254, -0.000632862211205, 0.000433489767602], [-0.000673812348396, 0.00272285542451, 0.00159110920504, 0.00165379466489, -0.00113831437193, 0.00175151124131, -0.00271756458096, 0.00223733857274, -0.000220935995458, 0.00407419772819, -0.00450872629881, 0.00135888904333, 1.88042849913e-05], [-7.021863712e-05, 0.00159110920504, 0.00509511679411, -0.000886469904799, 0.000394403265091, -0.00200765836053, 0.00329343066551, -0.00367086613551, 0.00541631923988, -0.00056972092716, 0.000563300389331, -0.00127544533461, 0.00230550416745], [-0.000949996348936, 0.00165379466489, -0.000886469904799, 0.0112973013893, -0.00136471213773, 0.00291708018631, -0.00666922982782, 0.00765175744891, -0.00413980334997, 0.00650962814689, -0.00623484002426, 0.00543090887368, -0.00337799056433], [0.00054382631788, -0.00113831437193, 0.000394403265091, -0.00136471213773, 0.0131320627406, 0.000442085001851, 0.00411375006661, -0.00315867178142, 0.000407820858527, -0.00393195822835, 0.00569999730214, -0.00241205841303, -0.00159537035506], [-0.00065740046557, 0.00175151124131, -0.00200765836053, 0.00291708018631, 0.000442085001851, 0.0218909811229, -0.00632519973442, 0.00134360650554, -0.000818913627882, 0.00851858314127, -0.0126391937956, 0.00380866997875, -0.00169657589868], [0.0015686530387, -0.00271756458096, 0.00329343066551, -0.00666922982782, 0.00411375006661, -0.00632519973442, 0.0300824418664, -0.011923154816, 0.00494696898386, -0.00887668225914, 0.00627649668604, -0.00561690563336, 0.00244581815787], [-0.00100534758531, 0.00223733857274, -0.00367086613551, 0.00765175744891, -0.00315867178142, 0.00134360650554, -0.011923154816, 0.0292024798691, -0.0140968337655, 0.00695799803361, -0.00843827892095, 0.00588330952451, -0.00803631357849], [0.000686286191922, -0.000220935995458, 0.00541631923988, -0.00413980334997, 0.000407820858527, -0.000818913627882, 0.00494696898386, -0.0140968337655, 0.0296361707151, -0.00931264273822, 0.00121847365517, -0.00123462709598, 0.00760934036225], [-0.00131613190752, 0.00407419772819, -0.00056972092716, 0.00650962814689, -0.00393195822835, 0.00851858314127, -0.00887668225914, 0.00695799803361, -0.00931264273822, 0.0317572914064, -0.0194212775677, 0.0088659748435, 0.00221524387598], [0.00173340691254, -0.00450872629881, 0.000563300389331, -0.00623484002426, 0.00569999730214, -0.0126391937956, 0.00627649668604, -0.00843827892095, 0.00121847365517, -0.0194212775677, 0.0470842830837, -0.0160889476538, 0.0011965763988], [-0.000632862211205, 0.00135888904333, -0.00127544533461, 0.00543090887368, -0.00241205841303, 0.00380866997875, -0.00561690563336, 0.00588330952451, -0.00123462709598, 0.0088659748435, -0.0160889476538, 0.0447219200432, -0.0141654452309], [0.000433489767602, 1.88042849913e-05, 0.00230550416745, -0.00337799056433, -0.00159537035506, -0.00169657589868, 0.00244581815787, -0.00803631357849, 0.00760934036225, 0.00221524387598, 0.0011965763988, -0.0141654452309, 0.036429554224]]
    },
    "spectral_contrast_coeffs": {
        "max": [-0.370937466621, -0.514361143112, -0.561051011086, -0.640554130077, -0.654152989388, -0.613929986954],
        "mean": [-0.778176486492, -0.84801197052, -0.852694690228, -0.863748431206, -0.862094759941, -0.844032824039],
        "min": [-0.981851041317, -0.980548501015, -0.975804805756, -0.97533261776, -0.970685064793, -0.966263830662],
        "stdev": [0.183707848191, 0.120242930949, 0.108828440309, 0.0974262952805, 0.0958978906274, 0.113131858408]
    },
    "spectral_contrast_valleys": {
        "max": [-5.17008686066, -5.09240627289, -5.79035234451, -6.12809324265, -6.07764816284, -7.90485858917],
        "mean": [-16.5629405975, -16.1632461548, -16.7534332275, -16.8399543762, -16.9358215332, -18.6318073273],
        "min": [-28.156414032, -27.9631938934, -27.7463855743, -27.6417388916, -27.5900650024, -27.4342784882],
        "stdev": [9.98330020905, 10.3326864243, 9.830078125, 9.72161960602, 9.66233825684, 8.09255599976]
    }
},
"rhythm": {
    "beats_count": 40,
    "beats_loudness": {
        "max": 0.0916088819504,
        "mean": 0.0175331030041,
        "min": 0,
        "stdev": 0.0233587715775
    },
    "bpm": 109.723632812,
    "bpm_histogram_first_peak_bpm": 110,
    "bpm_histogram_first_peak_weight": 0.473684191704,
    "bpm_histogram_second_peak_bpm": 105,
    "bpm_histogram_second_peak_spread": 0.200000047684,
    "bpm_histogram_second_peak_weight": 0.102564103901,
    "danceability": 0.715174615383,
    "onset_rate": 1.06680381298,
    "beats_loudness_band_ratio": {
        "max": [0.480048120022, 0.788466453552, 0.738635182381, 0.56774944067, 0.288967639208, 0.692677617073],
        "mean": [0.0639551058412, 0.268644243479, 0.138334333897, 0.0811779946089, 0.0472262203693, 0.0312887318432],
        "min": [0, 0, 0, 0, 0, 0],
        "stdev": [0.091384075582, 0.300732076168, 0.179883435369, 0.13300485909, 0.0671683177352, 0.107978567481]
    },
    "beats_position": [0.476009070873, 0.975238084793, 1.46285712719, 1.93886613846, 2.41487526894, 2.89088439941, 3.34367346764, 3.76163268089, 4.1679816246, 4.60916090012, 5.05034017563, 5.4915189743, 5.93269824982, 6.47836732864, 7.02403593063, 7.55809497833, 8.08054447174, 8.6146030426, 9.14866161346, 9.69433116913, 10.2399997711, 10.8088884354, 11.3777770996, 11.9698867798, 12.5736055374, 13.177324295, 13.7462129593, 14.3151016235, 14.8723802567, 15.4296598434, 15.9869384766, 16.5209980011, 17.0550556183, 17.5891151428, 18.1347846985, 18.6804523468, 19.2261219025, 19.7717914581, 20.3174591064, 20.8631286621],
