{
"metadata": {
    "version": {
        "essentia": "2.1-beta5",
        "essentia_git_sha": "Undefined",
        "extractor": "music 2.0"
    },
    "audio_properties": {
        "analysis": {
            "equal_loudness": 0,
            "length": 23.1619052887,
            "sample_rate": 44100,
            "start_time": 175.229385376,
            "downmix": "mix"
        },
        "bit_rate": 192000,
        "length": 198.414520264,
        "lossless": 0,
        "number_channels": 2,
        "replay_gain": -7.19329452515,
        "sample_rate": 48000,
        "codec": "mp3",
        "md5_encoded": "26caa71a6a62a2b8220bfbdfb12846d8"
    },
    "tags": {
        "file_name": "Austria_Keine Mauern Mehr_Simone.mp3",
        "encoding": ["Lavf58.29.100"]
    }
},
"lowlevel": {
    "average_loudness": 0.766760528088,
    "barkbands_crest": {
        "max": 20.5604400635,
        "mean": 7.2651143074,
        "min": 2.44474577904,
        "stdev": 2.70563101768
    },
    "barkbands_flatness_db": {
        "max": 0.273724228144,
        "mean": 0.106144391,
        "min": 0.043634660542,
        "stdev": 0.0319485813379
    },
    "barkbands_kurtosis": {
        "max": 45.2888641357,
        "mean": 1.76961386204,
        "min": -1.27435183525,
        "stdev": 3.54712319374
    },
    "barkbands_skewness": {
        "max": 5.57713937759,
        "mean": 0.0915880054235,
        "min": -2.19879293442,
        "stdev": 1.3714427948
    },
    "barkbands_spread": {
        "max": 111.851020813,
        "mean": 23.6797294617,
        "min": 2.64401817322,
        "stdev": 8.12262630463
    },
    "dissonance": {
        "max": 0.5,
        "mean": 0.473937124014,
        "min": 0.383260339499,
        "stdev": 0.0224192328751
    },
    "dynamic_complexity": 4.68392181396,
    "erbbands_crest": {
        "max": 27.056722641,
        "mean": 7.31370544434,
        "min": 2.57287883759,
        "stdev": 4.07619810104
    },
    "erbbands_flatness_db": {
        "max": 0.251935303211,
        "mean": 0.145639747381,
        "min": 0.0766664892435,
        "stdev": 0.0389941968024
    },
    "erbbands_kurtosis": {
        "max": 5.91882896423,
        "mean": 0.18901693821,
        "min": -1.31664204597,
        "stdev": 0.858415484428
    },
    "erbbands_skewness": {
        "max": 2.02616143227,
        "mean": 0.0367129482329,
        "min": -1.0334700346,
        "stdev": 0.543145596981
    },
    "erbbands_spread": {
        "max": 89.0025405884,
        "mean": 31.0380363464,
        "min": 9.7493724823,
        "stdev": 10.2030153275
    },
    "hfc": {
        "max": 80.9818649292,
        "mean": 20.3209056854,
        "min": 1.07635414753e-16,
        "stdev": 19.2484111786
    },
    "loudness_ebu128": {
        "integrated": -15.1354446411,
        "loudness_range": 13.8073749542,
        "momentary": {
            "max": -12.9899578094,
            "mean": -88.6498184204,
            "min": -300.691009521,
            "stdev": 120.845581055
        },
        "short_term": {
            "max": -14.2973365784,
            "mean": -62.4209861755,
            "min": -300.691009521,
            "stdev": 99.8528060913
        }
    },
    "melbands_crest": {
        "max": 30.3740463257,
        "mean": 7.73443222046,
        "min": 1.00057923794,
        "stdev": 4.81694984436
    },
    "melbands_flatness_db": {
        "max": 0.363823920488,
        "mean": 0.11293156445,
        "min": 1.29429853502e-08,
        "stdev": 0.0758297741413
    },
    "melbands_kurtosis": {
        "max": 102.123466492,
        "mean": 2.98982930183,
        "min": -1.44590830803,
        "stdev": 8.53137779236
    },
    "melbands_skewness": {
        "max": 8.4802646637,
        "mean": 1.0522288084,
        "min": -0.443510651588,
        "stdev": 1.1625688076
    },
    "melbands_spread": {
        "max": 191.46282959,
        "mean": 57.5555534363,
        "min": 1.86246693134,
        "stdev": 47.2509613037
    },
    "pitch_salience": {
        "max": 0.997745811939,
        "mean": 0.642343103886,
        "min": 0.242084890604,
        "stdev": 0.134586960077
    },
    "silence_rate_20dB": {
        "max": 1,
        "mean": 1,
        "min": 1,
        "stdev": 0
    },
    "silence_rate_30dB": {
        "max": 1,
        "mean": 1,
        "min": 1,
        "stdev": 0
    },
    "silence_rate_60dB": {
        "max": 1,
        "mean": 0.388388395309,
        "min": 0,
        "stdev": 0.48738437891
    },
    "spectral_centroid": {
        "max": 12083.0527344,
        "mean": 4025.26611328,
        "min": 261.77911377,
        "stdev": 4120.06591797
    },
    "spectral_complexity": {
        "max": 44,
        "mean": 16.8358364105,
        "min": 0,
        "stdev": 13.5754528046
    },
    "spectral_decrease": {
        "max": 1.95870782759e-28,
        "mean": -5.49638379255e-09,
        "min": -2.69433879652e-08,
        "stdev": 5.22705612127e-09
    },
    "spectral_energy": {
        "max": 0.105251908302,
        "mean": 0.022587813437,
        "min": 9.88573162806e-21,
        "stdev": 0.0213125441223
    },
    "spectral_energyband_high": {
        "max": 0.00458955205977,
        "mean": 0.0005986574688,
        "min": 7.11729705833e-21,
        "stdev": 0.000684999104124
    },
    "spectral_energyband_low": {
        "max": 0.0780168175697,
        "mean": 0.00480959936976,
        "min": 1.16539131503e-23,
        "stdev": 0.00791474431753
    },
    "spectral_energyband_middle_high": {
        "max": 0.0459819547832,
        "mean": 0.00775912497193,
        "min": 1.17201173236e-21,
        "stdev": 0.00819460954517
    },
    "spectral_energyband_middle_low": {
        "max": 0.0633564665914,
        "mean": 0.0102179469541,
        "min": 1.27503095862e-22,
        "stdev": 0.0108696147799
    },
    "spectral_entropy": {
        "max": 9.82907962799,
        "mean": 8.19792366028,
        "min": 6.63127803802,
        "stdev": 0.978096008301
    },
    "spectral_flux": {
        "max": 0.235240891576,
        "mean": 0.0599377676845,
        "min": 6.33572500019e-11,
        "stdev": 0.0505034960806
    },
    "spectral_kurtosis": {
        "max": 14.2294578552,
        "mean": 3.09768509865,
        "min": -1.303414464,
        "stdev": 2.89573574066
    },
    "spectral_rms": {
        "max": 0.010133350268,
        "mean": 0.00368226063438,
        "min": 3.10557829453e-12,
        "stdev": 0.00291167316027
    },
    "spectral_rolloff": {
        "max": 19767.4804688,
        "mean": 6328.9765625,
        "min": 129.19921875,
        "stdev": 7586.32763672
    },
    "spectral_skewness": {
        "max": 2.46544480324,
        "mean": 1.19838631153,
        "min": -0.0942384898663,
        "stdev": 0.738617420197
    },
    "spectral_spread": {
        "max": 43279480,
        "mean": 13583491,
        "min": 2472784.5,
        "stdev": 15849690
    },
    "spectral_strongpeak": {
        "max": 10.6998205185,
        "mean": 1.15937697887,
        "min": 0,
        "stdev": 1.6215711832
    },
    "zerocrossingrate": {
        "max": 0.85888671875,
        "mean": 0.191042110324,
        "min": 0.009765625,
        "stdev": 0.20162653923
    },
    "barkbands": {
        "max": [0.000895818928257, 0.042130343616, 0.0430046580732, 0.024833701551, 0.0411462523043, 0.0176866855472, 0.00898500159383, 0.00969568174332, 0.0345435850322, 0.0224924944341, 0.0266301259398, 0.00857097376138, 0.0386000163853, 0.0173873715103, 0.00918311160058, 0.00535821169615, 0.00337542337365, 0.00315153226256, 0.00403956370428, 0.00221498287283, 0.00101689295843, 0.00070486048935, 0.000584018940572, 0.0007319371216, 0.000454427674413, 0.000711826200131, 5.82042389397e-07],
        "mean": [4.92645667691e-05, 0.00254136929289, 0.00164957856759, 0.00134568393696, 0.00299544399604, 0.000912295130547, 0.000771401508246, 0.000839119544253, 0.00304132723249, 0.00174584286287, 0.00130722147878, 0.000450869934866, 0.0011461195536, 0.000424684520112, 0.00100519566331, 0.000508289958816, 0.00036448877654, 0.000379214383429, 0.00042041024426, 0.000303295382764, 0.000141940792673, 7.5595198723e-05, 5.86462701904e-05, 4.45993100584e-05, 3.78085933335e-05, 2.81007396552e-05, 6.23054985383e-09],
        "min": [4.72536125504e-26, 1.77594263719e-24, 7.42503494126e-25, 6.14172095102e-25, 3.7100290089e-24, 3.38342678908e-24, 6.82240752968e-24, 7.4041719369e-24, 1.1252147869e-23, 1.20138727479e-23, 1.44648249263e-23, 2.30871740168e-23, 2.53052378899e-23, 3.16982613291e-23, 4.79906213818e-23, 5.43237513457e-23, 6.66340961656e-23, 8.21573515456e-23, 1.31486502645e-22, 1.57351812845e-22, 2.11003113912e-22, 3.2093113349e-22, 3.58599935911e-22, 5.01410593649e-22, 7.82331610794e-22, 1.1787342914e-21, 1.90890000728e-21],
        "stdev": [0.000115373295557, 0.00471226638183, 0.00358355417848, 0.00229904660955, 0.00452900724486, 0.00165458582342, 0.00107736745849, 0.0013507574331, 0.00532904360443, 0.0027671046555, 0.00277428561822, 0.000804894138128, 0.00342486705631, 0.00112718949094, 0.00144352775533, 0.000750841223635, 0.00048102546134, 0.000489057798404, 0.000513286388014, 0.000358965131454, 0.000168682905496, 0.000100887016742, 7.67577512306e-05, 6.87927094987e-05, 6.13519951003e-05, 7.28528466425e-05, 2.76582756698e-08]
    },
    "erbbands": {
        "max": [0.990699768066, 11.029753685, 58.0616378784, 65.7145843506, 118.953475952, 128.126327515, 161.46711731, 153.726257324, 124.275604248, 184.503555298, 230.988388062, 847.647583008, 555.508972168, 857.841674805, 513.786682129, 329.68170166, 2166.80249023, 378.663879395, 569.002990723, 323.376312256, 246.110046387, 238.415466309, 225.481414795, 265.670410156, 76.9967193604, 137.267486572, 62.5546035767, 30.0803089142, 24.7470302582, 29.4925441742, 17.8303794861, 16.0307369232, 11.2892513275, 5.10991859436, 4.04218101501, 3.32559323311, 1.6120609045, 0.117968983948, 0.00216811755672, 0.00018424114387],
        "mean": [0.05388539657, 0.640827417374, 1.83952105045, 3.32759404182, 7.8042883873, 9.54473400116, 8.80291557312, 8.61617946625, 10.5952596664, 15.3456172943, 15.2411746979, 73.508392334, 56.3082733154, 70.1869506836, 39.9853210449, 17.4885673523, 56.0717201233, 22.503692627, 55.2359809875, 32.1435852051, 24.9370079041, 23.8717250824, 24.5801334381, 23.92710495, 13.9582986832, 14.2613220215, 9.45929908752, 3.91041684151, 2.55957317352, 2.4941983223, 1.64298772812, 1.03242886066, 0.692571222782, 0.382296621799, 0.304087132215, 0.157393008471, 0.046409137547, 0.00260248105042, 6.81652891217e-05, 3.07919690385e-05],
        "min": [4.03015688951e-23, 5.45474773471e-22, 1.6244639774e-21, 2.32522610842e-21, 8.2921649468e-21, 1.74652934018e-20, 2.35949990089e-20, 3.28119607662e-20, 1.2644771397e-19, 1.60751281714e-19, 2.21149657748e-19, 3.05537822509e-19, 5.24752058569e-19, 6.5565830189e-19, 7.38022381542e-19, 1.22380285953e-18, 1.39734069915e-18, 1.70194127433e-18, 2.58802479791e-18, 1.85958659624e-18, 3.27625705874e-18, 4.10464183947e-18, 3.94030214486e-18, 6.00296302904e-18, 7.669089244e-18, 7.31996443158e-18, 8.04798180512e-18, 9.40649030362e-18, 1.01815974151e-17, 9.40278536166e-18, 1.09850387712e-17, 1.03066770499e-17, 9.69635672413e-18, 7.54586828405e-18, 6.15381264863e-18, 3.95573319918e-18, 2.34831137191e-18, 9.56960080784e-19, 2.37666283231e-19, 2.63171744722e-20],
        "stdev": [0.0923203006387, 1.24933373928, 4.11398363113, 5.63756847382, 13.6545085907, 14.8033952713, 17.1893444061, 14.1220188141, 14.879691124, 22.8783226013, 22.4542369843, 127.840583801, 84.8985748291, 109.972564697, 71.5777664185, 30.095199585, 187.163467407, 36.8922233582, 79.2033843994, 42.2550888062, 34.0116233826, 32.0162239075, 33.0150184631, 32.0117607117, 15.6613988876, 17.0755939484, 10.9140539169, 4.84135770798, 3.48999929428, 3.40419721603, 2.16603446007, 1.4722225666, 1.13249397278, 0.590070664883, 0.517526745796, 0.342107146978, 0.139468818903, 0.0104444762692, 0.000194659092813, 3.03434990201e-05]
    },
    "gfcc": {
        "mean": [-333.877197266, 63.4189987183, -102.932434082, 21.1967906952, -43.6980934143, 14.9196510315, -28.3860282898, 12.8568649292, -21.8383769989, 2.15985298157, -15.6599245071, -1.8341833353, -4.89857673645],
        "cov": [[329407.4375, 24296.7949219, -34481.7617188, 7451.32470703, -14877.4658203, 4637.91650391, -9570.86328125, 4370.28271484, -7649.80371094, 467.412780762, -5535.79101562, -904.282653809, -1717.87219238], [24296.7949219, 2438.18310547, -2258.06005859, 705.606811523, -1018.22302246, 249.854248047, -627.013183594, 278.514862061, -511.375701904, -66.7617645264, -368.332977295, -168.850753784, -83.3399276733], [-34481.7617188, -2258.06005859, 4345.58105469, -609.491943359, 1692.17712402, -543.551818848, 1065.01855469, -514.58996582, 727.491088867, -30.3617744446, 612.55847168, 19.4068775177, 114.34312439], [7451.32470703, 705.606811523, -609.491943359, 354.926605225, -302.89364624, 99.9960784912, -176.919815063, 110.030853271, -142.979400635, -33.3426055908, -132.26789856, -65.2276611328, -20.7656707764], [-14877.4658203, -1018.22302246, 1692.17712402, -302.89364624, 773.267944336, -213.188446045, 458.577667236, -199.422790527, 336.265136719, -14.1239337921, 263.185394287, 17.610956192, 70.9152297974], [4637.91650391, 249.854248047, -543.551818848, 99.9960784912, -213.188446045, 166.435348511, -136.076431274, 76.0206832886, -109.635299683, 36.1398506165, -68.648475647, 4.37532758713, -22.0153121948], [-9570.86328125, -627.013183594, 1065.01855469, -176.919815063, 458.577667236, -136.076431274, 355.843566895, -98.8266906738, 246.892623901, -44.0386009216, 155.855392456, 11.2574243546, 63.2822341919], [4370.28271484, 278.514862061, -514.58996582, 110.030853271, -199.422790527, 76.0206832886, -98.8266906738, 153.920425415, -42.711139679, -6.81310653687, -108.514831543, -5.40523052216, -1.34735238552], [-7649.80371094, -511.375701904, 727.491088867, -142.979400635, 336.265136719, -109.635299683, 246.892623901, -42.711139679, 272.490539551, -40.6684875488, 100.858978271, 17.7096595764, 74.3491287231], [467.412780762, -66.7617645264, -30.3617744446, -33.3426055908, -14.1239337921, 36.1398506165, -44.0386009216, -6.81310653687, -40.6684875488, 91.6048660278, 30.6330013275, 15.9113731384, -34.3486976624], [-5535.79101562, -368.332977295, 612.55847168, -132.26789856, 263.185394287, -68.648475647, 155.855392456, -108.514831543, 100.858978271, 30.6330013275, 159.096420288, 16.5602378845, 18.1511917114], [-904.282653809, -168.850753784, 19.4068775177, -65.2276611328, 17.610956192, 4.37532758713, 11.2574243546, -5.40523052216, 17.7096595764, 15.9113731384, 16.5602378845, 54.8175735474, 10.4838876724], [-1717.87219238, -83.3399276733, 114.34312439, -20.7656707764, 70.9152297974, -22.0153121948, 63.2822341919, -1.34735238552, 74.3491287231, -34.3486976624, 18.1511917114, 10.4838876724, 60.9508934021]],
        "icov": [[0.000299356936011, -0.00109940289985, 0.000709398300387, -0.000799977045972, 0.000493900442962, -0.000166630226886, 0.000126911356347, -0.00109139410779, 0.00203696568497, -0.00144617701881, 0.00169155607, -0.000848318741191, 0.000882344902493], [-0.00109940289985, 0.00614465214312, -0.00222379760817, 0.0010770468507, -0.000843769696075, 0.00155850290321, 0.000137031398481, 0.00325946626253, -0.00613150140271, 0.00656292121857, -0.00800274033099, 0.00658561382443, -0.0041429111734], [0.000709398300387, -0.00222379760817, 0.00436966819689, -0.00378252379596, -0.00204070610926, 0.00162946770433, -0.00283027812839, -0.000167288715602, 0.0045413961634, -0.00489434273914, 0.00411478383467, -0.00220171245746, 0.00422042701393], [-0.000799977045972, 0.0010770468507, -0.00378252379596, 0.0114718535915, 0.000643779931124, -0.00316960038617, 0.00164200377185, -8.80969746504e-05, -0.00487079191953, 0.00627520214766, -0.00365521456115, 0.00647375546396, -0.00421769684181], [0.000493900442962, -0.000843769696075, -0.00204070610926, 0.000643779931124, 0.0148146934807, -0.000736826448701, -0.00293191894889, -0.001809767331, 0.00189226446673, -0.0030735314358, -0.000284199923044, 0.00355734955519, -0.00225194171071], [-0.000166630226886, 0.00155850290321, 0.00162946770433, -0.00316960038617, -0.000736826448701, 0.0140319410712, -0.00299737928435, -0.000781011534855, 0.0016537780175, -0.00537603348494, -0.00108830630779, -0.000854616984725, -0.00225765071809], [0.000126911356347, 0.000137031398481, -0.00283027812839, 0.00164200377185, -0.00293191894889, -0.00299737928435, 0.0230772774667, -0.00776609033346, -0.00295676360838, 0.011475735344, -0.00780811905861, 0.00112387258559, 3.60189660569e-05], [-0.00109139410779, 0.00325946626253, -0.000167288715602, -8.80969746504e-05, -0.001809767331, -0.000781011534855, -0.00776609033346, 0.0254875384271, -0.0136277750134, -0.00397021137178, 0.00752595253289, 0.000701810058672, -0.00354567333125], [0.00203696568497, -0.00613150140271, 0.0045413961634, -0.00487079191953, 0.00189226446673, 0.0016537780175, -0.00295676360838, -0.0136277750134, 0.029769025743, -0.00875026080757, 0.00992181152105, -0.00355537724681, -0.00357480207458], [-0.00144617701881, 0.00656292121857, -0.00489434273914, 0.00627520214766, -0.0030735314358, -0.00537603348494, 0.011475735344, -0.00397021137178, -0.00875026080757, 0.0379135757685, -0.025168761611, 0.00205602939241, 0.00834670290351], [0.00169155607, -0.00800274033099, 0.00411478383467, -0.00365521456115, -0.000284199923044, -0.00108830630779, -0.00780811905861, 0.00752595253289, 0.00992181152105, -0.025168761611, 0.039988450706, -0.00784289836884, -0.000866713817231], [-0.000848318741191, 0.00658561382443, -0.00220171245746, 0.00647375546396, 0.00355734955519, -0.000854616984725, 0.00112387258559, 0.000701810058672, -0.00355537724681, 0.00205602939241, -0.00784289836884, 0.0371344573796, -0.0127238649875], [0.000882344902493, -0.0041429111734, 0.00422042701393, -0.00421769684181, -0.00225194171071, -0.00225765071809, 3.60189660569e-05, -0.00354567333125, -0.00357480207458, 0.00834670290351, -0.000866713817231, -0.0127238649875, 0.0394559018314]]
    },
    "melbands": {
        "max": [0.0106442151591, 0.0235996711999, 0.0106552001089, 0.00913339667022, 0.00551428645849, 0.00346234836616, 0.00199004565366, 0.00229726126418, 0.0018680797657, 0.00611770199612, 0.00291422521695, 0.00348421302624, 0.00226910039783, 0.000883906439412, 0.00216613383964, 0.00373618048616, 0.000955420255195, 0.00138152751606, 0.000804870796856, 0.000498113862704, 0.000349880108843, 0.000282035180135, 0.000137639013701, 0.000155975008965, 0.000253157137195, 6.53828756185e-05, 7.66322482377e-05, 9.82060300885e-05, 5.29613935214e-05, 2.62011290033e-05, 1.96191394934e-05, 1.61536663654e-05, 1.4805855244e-05, 1.39916246553e-05, 1.17753497761e-05, 9.94544825517e-06, 9.90409444057e-06, 9.97246752377e-06, 5.70968086322e-06, 3.81383961212e-06],
        "mean": [0.000609494338278, 0.000933129747864, 0.000720206997357, 0.000639923673589, 0.000346607441315, 0.00018347146397, 0.000161826770636, 0.000183111449587, 0.000101291770989, 0.000527052383404, 0.000289145187708, 0.00029022488161, 0.000142630582559, 6.5075517341e-05, 6.98397343513e-05, 0.000116483759484, 3.27225243382e-05, 8.29402561067e-05, 6.90309025231e-05, 3.84740960726e-05, 2.36161195062e-05, 2.50214507105e-05, 2.09202589758e-05, 1.83554111572e-05, 2.04677544389e-05, 1.16609480756e-05, 7.55513110562e-06, 1.05730150608e-05, 7.32936314307e-06, 3.24914140037e-06, 1.86355327969e-06, 1.49882214373e-06, 1.33660648771e-06, 1.3092979998e-06, 9.42988378938e-07, 7.92370769886e-07, 5.91325090227e-07, 5.12367535066e-07, 3.89623750152e-07, 3.04202757206e-07],
        "min": [6.69432393159e-25, 7.76150285278e-25, 7.89263125675e-25, 8.24247233277e-25, 8.76125290202e-25, 7.48179594858e-25, 1.81717481898e-24, 1.83110255269e-24, 1.46503638279e-24, 1.59046743609e-24, 1.73283986897e-24, 2.1794396654e-24, 2.25340858868e-24, 2.90443439173e-24, 2.37545957021e-24, 2.63775700449e-24, 2.90076894953e-24, 3.27025581754e-24, 2.87482469487e-24, 3.01159384874e-24, 3.10319203832e-24, 3.69918887677e-24, 1.75006957722e-24, 3.85748880576e-24, 4.16758135014e-24, 4.44246348243e-24, 4.40753863801e-24, 4.22802860586e-24, 3.96297055284e-24, 3.79405373936e-24, 4.28874841303e-24, 5.53792503923e-24, 5.56568111018e-24, 4.30880638483e-24, 4.29661611726e-24, 5.38520511785e-24, 5.68449066226e-24, 5.46423083676e-24, 5.58178018353e-24, 6.21448370598e-24],
        "stdev": [0.00107511575334, 0.00184591894504, 0.0011145704193, 0.000976536481176, 0.000621331739239, 0.000302249856759, 0.000225584823056, 0.000280123262201, 0.000159118426382, 0.000929683039431, 0.000451381347375, 0.000447884114692, 0.000266991904937, 0.000111022440251, 0.00021705684776, 0.000338787329383, 7.06423597876e-05, 0.000133817302412, 0.000106121486169, 5.80818523304e-05, 3.38823047059e-05, 3.62385835615e-05, 2.62495796051e-05, 2.35533825617e-05, 2.93998837151e-05, 1.32417490022e-05, 1.01272080428e-05, 1.33159965117e-05, 9.19122794585e-06, 4.15214526583e-06, 2.62046751232e-06, 2.18193804358e-06, 1.83988356639e-06, 1.7636452867e-06, 1.27984583287e-06, 1.04967159587e-06, 9.04372654986e-07, 8.82403696778e-07, 6.3462732669e-07, 4.70836909017e-07]
    },
    "melbands128": {
        "max": [0.000846818380523, 0.00824193377048, 0.0182639900595, 0.0239190850407, 0.0373826362193, 0.0168859902769, 0.0149921886623, 0.0108283087611, 0.0160589274019, 0.011850297451, 0.00703744823113, 0.0116748064756, 0.0079210260883, 0.00513977371156, 0.00490038469434, 0.00287856534123, 0.00254992977716, 0.00378116499633, 0.00286258407868, 0.00230178004131, 0.0038650976494, 0.00334527343512, 0.00194874312729, 0.00393615709618, 0.00331657659262, 0.0140010444447, 0.00271071610041, 0.00455747079104, 0.00726774474606, 0.00580708542839, 0.0060433219187, 0.00814918521792, 0.00209322921, 0.00395247619599, 0.00134106131736, 0.000882095424458, 0.00143352861051, 0.00301250745542, 0.00337950512767, 0.0114096133038, 0.00293224235065, 0.000907636771444, 0.000639353354927, 0.00185080978554, 0.00444947462529, 0.00182191771455, 0.00190239050426, 0.00184464105405, 0.00108346052002, 0.00061924837064, 0.000929453410208, 0.000768873956986, 0.000747315003537, 0.000241310131969, 0.00017079396639, 0.000534146965947, 0.000283820729237, 0.000207236313145, 0.000223483337322, 0.000578806037083, 0.000123473175336, 0.000103528072941, 0.000581958796829, 0.000271687604254, 0.000236958614551, 6.96304559824e-05, 0.000154109991854, 0.000103280879557, 0.000166547630215, 0.000109619126306, 0.000233321406995, 0.000176542191184, 0.000129530119011, 9.50997855398e-05, 4.83478834212e-05, 4.65146913484e-05, 2.43096037593e-05, 2.4817607482e-05, 2.70315522357e-05, 2.53087328019e-05, 2.51795172517e-05, 1.96234286705e-05, 1.23725712911e-05, 1.6675239749e-05, 3.24318316416e-05, 2.23350816668e-05, 1.25633714561e-05, 1.33012736114e-05, 1.50701998791e-05, 1.06671077447e-05, 1.78971804417e-05, 1.06040115497e-05, 7.81079415901e-06, 1.12220386654e-05, 7.92934770288e-06, 1.87577643374e-05, 1.40929105328e-05, 6.08274012848e-06, 8.40851134853e-06, 8.31212219055e-06, 2.83749091068e-06, 4.0938211896e-06, 6.1996547629e-06, 7.07625258656e-06, 8.89049806574e-06, 6.93495758242e-06, 4.94663163408e-06, 5.83761084272e-06, 1.24199314087e-05, 5.61665183341e-06, 9.11518145585e-06, 6.05068498771e-06, 5.54408006792e-06, 6.499398296e-06, 3.169898946e-06, 2.88768376322e-07, 1.96909422101e-08, 5.35857969108e-10, 5.18558918028e-10, 4.94840890486e-10, 4.73043271221e-10, 4.53445947457e-10, 4.35147362587e-10, 4.22951479395e-10, 4.15336876003e-10, 4.02689076529e-10, 3.95842386647e-10, 3.92059634757e-10],
        "mean": [4.55922163383e-05, 0.000319369777571, 0.000870743824635, 0.00112090155017, 0.000987778883427, 0.000788220204413, 0.000615956145339, 0.000730526109692, 0.000839441665448, 0.000657305005006, 0.00049601244973, 0.00048722064821, 0.000306707806885, 0.000157945061801, 0.000230728313909, 0.000155284375069, 0.000150408028276, 0.000178187299753, 0.000164064389537, 0.000141367228935, 0.000246743264142, 0.00015555266873, 6.85688937665e-05, 4.84179254272e-05, 0.000272552395472, 0.00115477351937, 0.000221602080273, 0.000164424491231, 0.000283257249976, 0.000296486832667, 0.000325200351654, 0.00022933659784, 5.2506398788e-05, 0.000186460281839, 8.22617876111e-05, 2.61405966739e-05, 2.55281720456e-05, 4.49729486718e-05, 8.87429632712e-05, 0.000208855271921, 0.000111754277896, 2.24956511374e-05, 1.7110738554e-05, 3.95171773562e-05, 6.37246630504e-05, 7.29652892915e-05, 0.000147363884025, 6.81739693391e-05, 4.40983858425e-05, 1.68923415913e-05, 4.3812662625e-05, 6.03393200436e-05, 2.02496030397e-05, 1.39470776048e-05, 1.04858954728e-05, 3.80952733394e-05, 2.41163434112e-05, 1.50167343236e-05, 1.64225693879e-05, 3.8779930037e-05, 1.2757192053e-05, 7.60422608437e-06, 2.55902723438e-05, 2.20298516069e-05, 1.88473459275e-05, 7.86069540482e-06, 1.2874262211e-05, 5.49769902136e-06, 7.92226637714e-06, 6.17273190073e-06, 8.1888092609e-06, 1.79977523658e-05, 8.34736511024e-06, 5.72060525883e-06, 4.14213673139e-06, 4.00057615479e-06, 2.3134264211e-06, 2.26987231144e-06, 1.84221266863e-06, 1.49821721607e-06, 1.4427160977e-06, 1.71051704001e-06, 9.1773853228e-07, 1.17659169518e-06, 1.90992886928e-06, 1.41854604863e-06, 1.2329129504e-06, 8.17222371552e-07, 9.52916934693e-07, 9.47592468492e-07, 9.77663376034e-07, 7.11413974841e-07, 5.42343173038e-07, 5.38242431958e-07, 7.23033792838e-07, 5.44494298538e-07, 4.55229013596e-07, 4.4615720185e-07, 4.65929247184e-07, 3.25593902062e-07, 2.07034531741e-07, 3.09389662334e-07, 4.06265144193e-07, 3.75818359544e-07, 3.82174818014e-07, 3.35193590217e-07, 2.33167241959e-07, 2.70780532219e-07, 2.83631464981e-07, 2.81463769625e-07, 2.76751052297e-07, 1.78153399588e-07, 1.20115601021e-07, 1.14599750134e-07, 5.67328122258e-08, 3.86576504141e-09, 2.47372372586e-10, 3.75136944078e-12, 3.53494056943e-12, 3.42362553238e-12, 3.32331623158e-12, 3.24334070885e-12, 3.17057404636e-12, 3.10563619092e-12, 3.02646601356e-12, 2.92390070489e-12, 2.86394432475e-12, 2.84196581199e-12],
        "min": [3.35572677655e-26, 2.93058695498e-25, 5.0743449995e-26, 4.89494699792e-25, 2.39761724323e-25, 4.04602468857e-25, 3.35863693374e-25, 2.60674500876e-25, 4.71492105074e-25, 3.65724050789e-25, 3.60450343074e-25, 1.12195643637e-25, 6.69633823861e-26, 5.71047978339e-25, 4.00765991756e-25, 1.02767991611e-25, 5.06792743114e-25, 6.84970931536e-25, 1.00522218013e-24, 4.57187000026e-25, 6.22394195102e-25, 4.03841661817e-25, 2.79170971825e-25, 2.77798526413e-25, 5.8922767233e-25, 6.84477412758e-26, 7.15682913601e-25, 3.90151449193e-25, 9.41089760684e-25, 6.35009855914e-25, 9.8161748969e-25, 6.544756397e-25, 1.01727932742e-24, 7.64250663649e-25, 6.15727728808e-25, 8.75471225904e-25, 7.09924130386e-25, 9.82765775345e-25, 6.11007974012e-25, 9.74527010659e-25, 1.12273602816e-24, 8.94518962714e-25, 1.65318917502e-24, 6.01533014983e-25, 1.13820066013e-24, 1.04824507618e-24, 1.03750305862e-24, 1.35296488614e-24, 7.40374210631e-25, 1.25111959061e-24, 1.70903559673e-24, 1.08068609343e-24, 9.75542964897e-25, 6.61468349283e-25, 1.43538951086e-24, 1.35971615498e-24, 1.15707277679e-24, 1.64086923844e-24, 1.06583677297e-24, 1.4768269937e-24, 1.3609714299e-24, 1.79082824525e-24, 2.4057431515e-24, 2.09440755956e-24, 2.02764606394e-24, 2.4957444894e-24, 2.81679963655e-24, 2.04682820292e-24, 2.79878895601e-24, 1.83513244863e-24, 2.00339963515e-24, 1.85900081582e-24, 1.47658925075e-24, 2.04790460363e-24, 2.56701728332e-24, 2.64507487268e-24, 2.56850270841e-24, 3.23243328979e-24, 2.64600691184e-24, 3.04863658748e-24, 2.92554095689e-24, 2.43651365719e-24, 3.19064358055e-24, 3.81396695519e-24, 2.97234486326e-24, 2.35080766693e-24, 3.2022274113e-24, 2.78647207627e-24, 3.20953029113e-24, 3.29061809244e-24, 3.73451209596e-24, 3.68079619034e-24, 4.00604906359e-24, 3.46106135177e-24, 3.61738518419e-24, 2.99876401219e-24, 4.66190880905e-24, 4.38222566928e-24, 3.03208214417e-24, 4.60896756484e-24, 4.31613726922e-24, 3.99216590052e-24, 4.88406663389e-24, 3.76393148013e-24, 3.91434358892e-24, 4.74282266653e-24, 4.16660119046e-24, 4.12734392194e-24, 4.41917788623e-24, 3.70151009999e-24, 4.76170839103e-24, 4.18233896552e-24, 4.74065132689e-24, 5.15365708723e-24, 4.58902003356e-24, 5.27561537761e-24, 4.27372061278e-24, 5.09945051013e-24, 4.76897340554e-24, 5.40109672079e-24, 3.69913050107e-24, 4.76001470667e-24, 5.63399528128e-24, 5.92779272037e-24, 5.4573188375e-24, 5.79477183908e-24, 5.63477862016e-24, 4.95028835144e-24],
        "stdev": [0.000109852073365, 0.00058620062191, 0.00167514302302, 0.00237863627262, 0.00245869974606, 0.00161349389236, 0.00120698788669, 0.0012757309014, 0.00168896524701, 0.00120817800052, 0.000875141646247, 0.00101111654658, 0.000733679567929, 0.000386728410376, 0.000415755726863, 0.00029029182042, 0.000266594608547, 0.00032150815241, 0.000301048217807, 0.000258087529801, 0.00047886359971, 0.000307540642098, 0.000151981861563, 0.000163247284945, 0.000489025784191, 0.00212726625614, 0.000379667239031, 0.00041690908256, 0.000676901836414, 0.000577867322136, 0.000661510333885, 0.00072806852404, 0.000142208125908, 0.00048010298633, 0.000158077498781, 5.45952825632e-05, 9.83349091257e-05, 0.000199918227736, 0.00033424582216, 0.000961352896411, 0.000248597556492, 6.53153838357e-05, 3.25876899296e-05, 0.000127547740703, 0.000259475084022, 0.000143217912409, 0.000261627777945, 0.000155815752805, 0.000104716615169, 4.23578858317e-05, 7.9738056229e-05, 0.00011106931197, 5.41509289178e-05, 2.30185487453e-05, 1.6378782675e-05, 6.34716416243e-05, 3.99260716222e-05, 2.73687455774e-05, 2.52271292993e-05, 7.10016247467e-05, 1.98598972929e-05, 1.24773778225e-05, 6.15774697508e-05, 3.67839165847e-05, 3.42449820891e-05, 1.15039756565e-05, 2.20918409468e-05, 9.76237970463e-06, 1.66949012055e-05, 1.10572218546e-05, 2.00160084205e-05, 2.79683608824e-05, 1.39905851029e-05, 9.41167309065e-06, 5.77582932237e-06, 7.31187174097e-06, 3.54866756425e-06, 3.18713546221e-06, 3.05003845824e-06, 2.60775027527e-06, 2.44483840106e-06, 2.74107196674e-06, 1.47070761614e-06, 1.82202086307e-06, 3.29970862367e-06, 2.32625552599e-06, 1.95060306396e-06, 1.20112861168e-06, 1.49173126829e-06, 1.3928372482e-06, 1.39586404657e-06, 1.0119944136e-06, 8.96347671642e-07, 9.74322006186e-07, 1.07051369014e-06, 1.09877316845e-06, 9.59240196607e-07, 7.56981023642e-07, 7.8189651731e-07, 6.0901300003e-07, 3.65278083336e-07, 5.08252924192e-07, 6.61339413455e-07, 6.14412670075e-07, 7.5889136042e-07, 6.42293684905e-07, 5.02686589243e-07, 5.97681321324e-07, 7.05337868112e-07, 6.79010383919e-07, 7.29597843474e-07, 5.17630780905e-07, 3.86146382425e-07, 5.50634410956e-07, 2.89172163548e-07, 1.85250339513e-08, 1.08840614299e-09, 1.78870945833e-11, 1.72897998002e-11, 1.6531708294e-11, 1.5835388556e-11, 1.52120850638e-11, 1.46332702899e-11, 1.42408394105e-11, 1.39897286464e-11, 1.35927241685e-11, 1.33742262057e-11, 1.32531338334e-11]
    },
    "mfcc": {
        "mean": [-796.584289551, 84.5394363403, -14.2291784286, 10.1594104767, 0.0970812737942, 1.1687527895, 2.25225520134, 3.87345004082, 1.99336445332, 4.94011259079, -4.17372560501, -5.06213617325, -3.81535029411],
        "cov": [[88762.6484375, 15645.1914062, -2241.82104492, 2402.79125977, -47.7690124512, 100.220733643, 511.208648682, 850.853271484, 423.13192749, 1038.74658203, -907.76953125, -1051.6595459, -821.091918945], [15645.1914062, 3142.98266602, -277.6612854, 521.049560547, 44.677318573, 39.8704452515, 122.279571533, 125.723114014, 29.6124534607, 204.325134277, -159.622283936, -182.237731934, -143.469421387], [-2241.82104492, -277.6612854, 477.946746826, 136.389907837, 71.7410049438, 42.8661231995, 70.3854141235, -58.0736656189, -56.1351928711, 3.00459718704, 27.0615539551, 18.3129844666, 24.1456794739], [2402.79125977, 521.049560547, 136.389907837, 273.03112793, 44.268737793, 0.137943968177, 37.248134613, 41.8328056335, 20.7324123383, 60.5260505676, -39.3814201355, -51.2446746826, -40.9897766113], [-47.7690124512, 44.677318573, 71.7410049438, 44.268737793, 79.0818634033, 26.0167636871, 29.5373191833, -16.6814861298, -6.36533403397, 22.1675434113, 6.29768800735, 8.21332550049, 6.15148210526], [100.220733643, 39.8704452515, 42.8661231995, 0.137943968177, 26.0167636871, 68.9695739746, 32.2318267822, -18.6120872498, -23.7012386322, -4.75812959671, 8.98005390167, 4.94659328461, 7.55633735657], [511.208648682, 122.279571533, 70.3854141235, 37.248134613, 29.5373191833, 32.2318267822, 91.2247314453, -20.0547637939, -42.1034965515, 24.3569049835, -8.79975605011, -2.23572063446, 12.3006362915], [850.853271484, 125.723114014, -58.0736656189, 41.8328056335, -16.6814861298, -18.6120872498, -20.0547637939, 106.3177948, 85.7916717529, 14.8263883591, -8.76857089996, -27.2736854553, -33.8873176575], [423.13192749, 29.6124534607, -56.1351928711, 20.7324123383, -6.36533403397, -23.7012386322, -42.1034965515, 85.7916717529, 120.077888489, 25.1988201141, 4.16226816177, -16.0673618317, -30.3924274445], [1038.74658203, 204.325134277, 3.00459718704, 60.5260505676, 22.1675434113, -4.75812959671, 24.3569049835, 14.8263883591, 25.1988201141, 68.3375701904, -0.872955977917, -8.23829078674, -10.2836580276], [-907.76953125, -159.622283936, 27.0615539551, -39.3814201355, 6.29768800735, 8.98005390167, -8.79975605011, -8.76857089996, 4.16226816177, -0.872955977917, 51.868560791, 29.9408302307, 10.5880308151], [-1051.6595459, -182.237731934, 18.3129844666, -51.2446746826, 8.21332550049, 4.94659328461, -2.23572063446, -27.2736854553, -16.0673618317, -8.23829078674, 29.9408302307, 57.5514793396, 28.102481842], [-821.091918945, -143.469421387, 24.1456794739, -40.9897766113, 6.15148210526, 7.55633735657, 12.3006362915, -33.8873176575, -30.3924274445, -10.2836580276, 10.5880308151, 28.102481842, 45.0519142151]],
        "icov": [[0.000125859703985, -0.000552270037588, 0.000275734055322, -0.000143213517731, 0.000371549307602, -0.000150496809511, -0.000289496500045, 0.000214834100916, -0.000371578586055, -5.14861458214e-05, 0.000134890840854, 0.000169812308741, 7.21432370483e-05], [-0.000552270037588, 0.00334173557349, 1.2537720977e-05, -0.00125229556579, -0.00137857603841, -0.000507584656589, 0.00086354650557, -0.00100666598883, 0.00247805775143, -0.00106599018909, -0.000172307365574, -0.000418791401898, 0.000440916541265], [0.000275734055322, 1.2537720977e-05, 0.00634709419683, -0.00639829365537, 0.000199429036002, -0.00145039067138, -0.00415541231632, 0.00334420567378, -0.00136806885712, 0.00224775564857, -0.00345930922776, 0.0008142014849, -0.00039647804806], [-0.000143213517731, -0.00125229556579, -0.00639829365537, 0.0139406565577, -0.00396421924233, 0.0025940455962, 0.00374952680431, -0.0057088159956, 0.00293371803127, -0.00517659075558, 0.00552091281861, 0.00143553316593, 0.00290764914826], [0.000371549307602, -0.00137857603841, 0.000199429036002, -0.00396421924233, 0.0214252993464, -0.00659101642668, -0.00365700712427, 0.00611252803355, -0.00575619190931, -0.00376433413476, 0.000311340583721, -0.00295571493916, -0.000527774041984], [-0.000150496809511, -0.000507584656589, -0.00145039067138, 0.0025940455962, -0.00659101642668, 0.0231730919331, -0.00747352838516, 0.00124110979959, -0.000886376888957, 0.00825232639909, -0.00669063953683, 0.00184411217924, 0.000473338470329], [-0.000289496500045, 0.00086354650557, -0.00415541231632, 0.00374952680431, -0.00365700712427, -0.00747352838516, 0.0264260675758, -0.00999025721103, 0.0144013958052, -0.0138298692182, 0.00629747891799, 0.000954022165388, -0.00538116320968], [0.000214834100916, -0.00100666598883, 0.00334420567378, -0.0057088159956, 0.00611252803355, 0.00124110979959, -0.00999025721103, 0.0326270759106, -0.0245540961623, 0.00924071203917, -0.00268747634254, 0.00224339053966, 0.00472683086991], [-0.000371578586055, 0.00247805775143, -0.00136806885712, 0.00293371803127, -0.00575619190931, -0.000886376888957, 0.0144013958052, -0.0245540961623, 0.0336589328945, -0.0143183441833, -0.000402826815844, 0.000314169999911, 0.00239205709659], [-5.14861458214e-05, -0.00106599018909, 0.00224775564857, -0.00517659075558, -0.00376433413476, 0.00825232639909, -0.0138298692182, 0.00924071203917, -0.0143183441833, 0.0328963547945, -0.00901741534472, -0.000520712288562, -9.72016860032e-05], [0.000134890840854, -0.000172307365574, -0.00345930922776, 0.00552091281861, 0.000311340583721, -0.00669063953683, 0.00629747891799, -0.00268747634254, -0.000402826815844, -0.00901741534472, 0.0365992411971, -0.0153283495456, 0.00475558731705], [0.000169812308741, -0.000418791401898, 0.0008142014849, 0.00143553316593, -0.00295571493916, 0.00184411217924, 0.000954022165388, 0.00224339053966, 0.000314169999911, -0.000520712288562, -0.0153283495456, 0.0369437299669, -0.0151970162988], [7.21432370483e-05, 0.000440916541265, -0.00039647804806, 0.00290764914826, -0.000527774041984, 0.000473338470329, -0.00538116320968, 0.00472683086991, 0.00239205709659, -9.72016860032e-05, 0.00475558731705, -0.0151970162988, 0.0427443534136]]
    },
    "spectral_contrast_coeffs": {
        "max": [-0.511652469635, -0.559166491032, -0.512567818165, -0.597846090794, -0.66330575943, -0.690889954567],
        "mean": [-0.789489150047, -0.820217728615, -0.772281348705, -0.80963152647, -0.813073754311, -0.822962939739],
        "min": [-0.982564687729, -0.998805344105, -0.998605251312, -0.985645294189, -0.989430248737, -0.965438425541],
        "stdev": [0.117381043732, 0.103366687894, 0.138733670115, 0.106271103024, 0.0993764773011, 0.088108099997]
    },
    "spectral_contrast_valleys": {
        "max": [-5.03468322754, -5.37401819229, -5.99749898911, -6.23974752426, -6.15688323975, -8.62540245056],
        "mean": [-12.2271614075, -12.1005964279, -12.5010232925, -12.6081457138, -12.6899251938, -14.6684923172],
        "min": [-28.0597553253, -27.966878891, -27.8227996826, -27.6164226532, -27.5862483978, -27.4438476562],
        "stdev": [9.02804851532, 8.99795913696, 8.79396152496, 8.70829105377, 8.65137958527, 7.4957036972]
    }
},
"rhythm": {
    "beats_count": 39,
    "beats_loudness": {
        "max": 0.0664289817214,
        "mean": 0.0290003828704,
        "min": 0,
        "stdev": 0.0231561157852
    },
    "bpm": 104.50125885,
    "bpm_histogram_first_peak_bpm": 105,
    "bpm_histogram_first_peak_weight": 0.466666638851,
    "bpm_histogram_second_peak_bpm": 81,
    "bpm_histogram_second_peak_spread": 0,
    "bpm_histogram_second_peak_weight": 0.184210538864,
    "danceability": 0.750137746334,
    "onset_rate": 1.55349755287,
    "beats_loudness_band_ratio": {
        "max": [0.760722517967, 0.429003834724, 0.557992339134, 0.555794715881, 0.414429366589, 0.122867576778],
        "mean": [0.23825904727, 0.109359413385, 0.16294413805, 0.175441339612, 0.109824709594, 0.0432407148182],
        "min": [0, 0, 0, 0, 0, 0],
        "stdev": [0.210233554244, 0.103846892715, 0.151046022773, 0.140840157866, 0.0993821024895, 0.0349389761686]
    },
    "beats_position": [0.429569154978, 0.870748281479, 1.31192743778, 1.75310659409, 2.20589566231, 2.67029476166, 3.13469386101, 3.59909296036, 4.07510185242, 4.55111122131, 5.0387301445, 5.52634906769, 6.09523820877, 6.66412687302, 7.23301553726, 7.81351470947, 8.38240337372, 8.93968200684, 9.52018165588, 10.1006803513, 10.6927890778, 11.2965078354, 11.8886165619, 12.4575052261, 13.0380039215, 13.6068935394, 14.1757822037, 14.7446708679, 15.3716096878, 15.9869384766, 16.602268219, 17.2292060852, 17.9606342316, 18.6920623779, 19.4351024628, 20.1781406403, 20.9211788177, 21.6642169952, 22.4072551727],
