{
"metadata": {
    "version": {
        "essentia": "2.1-beta5",
        "essentia_git_sha": "Undefined",
        "extractor": "music 2.0"
    },
    "audio_properties": {
        "analysis": {
            "equal_loudness": 0,
            "length": 32.4963264465,
            "sample_rate": 44100,
            "start_time": 61.4980506897,
            "downmix": "mix"
        },
        "bit_rate": 192000,
        "length": 140.945129395,
        "lossless": 0,
        "number_channels": 2,
        "replay_gain": -3.6964969635,
        "sample_rate": 44100,
        "codec": "mp3",
        "md5_encoded": "135e43015de8535c43ba1437275c6938"
    },
    "tags": {
        "file_name": "Finland_Fri_Beat.mp3",
        "encoding": ["Lavf58.29.100"]
    }
},
"lowlevel": {
    "average_loudness": 0.966212213039,
    "barkbands_crest": {
        "max": 22.6672134399,
        "mean": 8.32433414459,
        "min": 3.04370117188,
        "stdev": 3.34855937958
    },
    "barkbands_flatness_db": {
        "max": 0.26283839345,
        "mean": 0.148601621389,
        "min": 0.0871641859412,
        "stdev": 0.0242823753506
    },
    "barkbands_kurtosis": {
        "max": 26.4706268311,
        "mean": 1.69696640968,
        "min": -1.59117019176,
        "stdev": 2.8199224472
    },
    "barkbands_skewness": {
        "max": 4.20085430145,
        "mean": 1.11924159527,
        "min": -0.716972470284,
        "stdev": 0.66513800621
    },
    "barkbands_spread": {
        "max": 54.1077194214,
        "mean": 15.1727781296,
        "min": 2.94128727913,
        "stdev": 5.9879784584
    },
    "dissonance": {
        "max": 0.499999970198,
        "mean": 0.457005143166,
        "min": 0.356538742781,
        "stdev": 0.0255894251168
    },
    "dynamic_complexity": 1.91213071346,
    "erbbands_crest": {
        "max": 29.0691661835,
        "mean": 9.18936443329,
        "min": 3.08349442482,
        "stdev": 3.82303643227
    },
    "erbbands_flatness_db": {
        "max": 0.304770618677,
        "mean": 0.205999881029,
        "min": 0.116425685585,
        "stdev": 0.0262500829995
    },
    "erbbands_kurtosis": {
        "max": 11.7880649567,
        "mean": 0.035602144897,
        "min": -1.49246180058,
        "stdev": 1.27222025394
    },
    "erbbands_skewness": {
        "max": 3.24792981148,
        "mean": 0.435961276293,
        "min": -1.20590317249,
        "stdev": 0.491136223078
    },
    "erbbands_spread": {
        "max": 73.6734313965,
        "mean": 27.1192684174,
        "min": 7.27271080017,
        "stdev": 9.79425430298
    },
    "hfc": {
        "max": 87.7817230225,
        "mean": 20.3029308319,
        "min": 0.93056344986,
        "stdev": 13.6684780121
    },
    "loudness_ebu128": {
        "integrated": -20.3750591278,
        "loudness_range": 2.31596755981,
        "momentary": {
            "max": -17.1983966827,
            "mean": -20.6689548492,
            "min": -26.2342700958,
            "stdev": 1.65273582935
        },
        "short_term": {
            "max": -18.8848209381,
            "mean": -20.4493694305,
            "min": -22.4261608124,
            "stdev": 0.823721468449
        }
    },
    "melbands_crest": {
        "max": 30.1439781189,
        "mean": 10.7661504745,
        "min": 4.03770446777,
        "stdev": 4.29740047455
    },
    "melbands_flatness_db": {
        "max": 0.348478019238,
        "mean": 0.19031880796,
        "min": 0.0695439726114,
        "stdev": 0.0374492146075
    },
    "melbands_kurtosis": {
        "max": 46.1506195068,
        "mean": 4.71720314026,
        "min": -1.01054024696,
        "stdev": 5.18482923508
    },
    "melbands_skewness": {
        "max": 6.01767921448,
        "mean": 1.62604081631,
        "min": -0.465219557285,
        "stdev": 0.811003625393
    },
    "melbands_spread": {
        "max": 76.3536682129,
        "mean": 20.2990264893,
        "min": 3.3249206543,
        "stdev": 8.41952037811
    },
    "pitch_salience": {
        "max": 0.873249053955,
        "mean": 0.62531888485,
        "min": 0.249601200223,
        "stdev": 0.0853913873434
    },
    "silence_rate_20dB": {
        "max": 1,
        "mean": 1,
        "min": 1,
        "stdev": 0
    },
    "silence_rate_30dB": {
        "max": 1,
        "mean": 1,
        "min": 1,
        "stdev": 0
    },
    "silence_rate_60dB": {
        "max": 1,
        "mean": 0.00356887932867,
        "min": 0,
        "stdev": 0.0596332401037
    },
    "spectral_centroid": {
        "max": 2836.60986328,
        "mean": 1109.31530762,
        "min": 334.590148926,
        "stdev": 366.670257568
    },
    "spectral_complexity": {
        "max": 50,
        "mean": 21.3597431183,
        "min": 2,
        "stdev": 6.70329332352
    },
    "spectral_decrease": {
        "max": -2.92389473744e-10,
        "mean": -6.16271389475e-09,
        "min": -2.76994001069e-08,
        "stdev": 3.58792151545e-09
    },
    "spectral_energy": {
        "max": 0.111238971353,
        "mean": 0.0251010488719,
        "min": 0.00120732944924,
        "stdev": 0.0146165536717
    },
    "spectral_energyband_high": {
        "max": 0.0106517001987,
        "mean": 0.000299089035252,
        "min": 6.15396311332e-06,
        "stdev": 0.000506842392497
    },
    "spectral_energyband_low": {
        "max": 0.0191657748073,
        "mean": 0.00173146976158,
        "min": 1.35478112497e-05,
        "stdev": 0.00181675609201
    },
    "spectral_energyband_middle_high": {
        "max": 0.0557037070394,
        "mean": 0.00762256421149,
        "min": 0.000201321628992,
        "stdev": 0.00666942540556
    },
    "spectral_energyband_middle_low": {
        "max": 0.0980248004198,
        "mean": 0.0162478685379,
        "min": 0.000426261743996,
        "stdev": 0.0109821204096
    },
    "spectral_entropy": {
        "max": 8.18315792084,
        "mean": 7.34555387497,
        "min": 6.27895545959,
        "stdev": 0.248717352748
    },
    "spectral_flux": {
        "max": 0.298532277346,
        "mean": 0.0873394459486,
        "min": 0.0274146031588,
        "stdev": 0.0360063686967
    },
    "spectral_kurtosis": {
        "max": 20.0878982544,
        "mean": 6.28730249405,
        "min": 0.103318452835,
        "stdev": 3.21285200119
    },
    "spectral_rms": {
        "max": 0.010417573154,
        "mean": 0.00474544428289,
        "min": 0.0010853029089,
        "stdev": 0.00140341534279
    },
    "spectral_rolloff": {
        "max": 5060.30273438,
        "mean": 1331.53735352,
        "min": 193.798828125,
        "stdev": 588.282531738
    },
    "spectral_skewness": {
        "max": 3.46236824989,
        "mean": 1.76345705986,
        "min": 0.360495626926,
        "stdev": 0.434395372868
    },
    "spectral_spread": {
        "max": 7269637.5,
        "mean": 3146263.75,
        "min": 2037798,
        "stdev": 633779.625
    },
    "spectral_strongpeak": {
        "max": 8.27178668976,
        "mean": 1.36395907402,
        "min": 0.0499978177249,
        "stdev": 1.09107589722
    },
    "zerocrossingrate": {
        "max": 0.134765625,
        "mean": 0.0487911812961,
        "min": 0.01171875,
        "stdev": 0.0137964794412
    },
    "barkbands": {
        "max": [0.000303427281324, 0.00665567675605, 0.0133020039648, 0.0244481284171, 0.0835769549012, 0.022342864424, 0.0405129976571, 0.0871428102255, 0.0341717749834, 0.0339553356171, 0.0239327605814, 0.0122039001435, 0.00951676815748, 0.0180771574378, 0.0103012984619, 0.00977414287627, 0.00526188220829, 0.00395578704774, 0.00254675885662, 0.00191576732323, 0.00470468122512, 0.00216964702122, 0.00259343185462, 0.000466220051749, 0.000138876814162, 1.59195712968e-06, 3.34539826952e-08],
        "mean": [1.35806640174e-05, 0.000497691915371, 0.000730263243895, 0.00106021820102, 0.00374982878566, 0.00239158142358, 0.00309350737371, 0.00342925800942, 0.00189355469774, 0.00171893974766, 0.00116580852773, 0.0009505188209, 0.000711461936589, 0.000978053547442, 0.000741304946132, 0.00042499115807, 0.000498554902151, 0.000479998765513, 0.000207962366403, 0.000128741230583, 8.93670949154e-05, 8.29442578834e-05, 3.89836350223e-05, 1.79710586963e-05, 5.58922920391e-06, 3.89035790249e-07, 6.30023944126e-09],
        "min": [1.18450103059e-08, 1.46456397943e-06, 5.2605619203e-06, 8.83883876668e-06, 2.47181524173e-05, 4.38864590251e-05, 2.08277397178e-05, 1.74457145476e-05, 1.45334333865e-05, 1.57362483151e-05, 8.65591209731e-06, 1.45480753417e-05, 6.34229763818e-06, 4.87218676426e-06, 1.14097338155e-05, 6.05996410741e-06, 8.94412096386e-06, 4.97671771882e-06, 4.18416220782e-06, 1.79884602858e-06, 1.25563440179e-06, 6.99134091064e-07, 1.84777718459e-07, 9.95921425329e-08, 6.19189250983e-08, 2.27561098853e-08, 6.28084390053e-11],
        "stdev": [2.74101039395e-05, 0.000769827223849, 0.000894594122656, 0.0014614474494, 0.00461710290983, 0.00253395619802, 0.00425041979179, 0.00613322202116, 0.00300793349743, 0.00248261168599, 0.00214862660505, 0.00138823862653, 0.00101039465517, 0.00177848152816, 0.00116665160749, 0.000688198080752, 0.000625161861535, 0.00064132042462, 0.000287781469524, 0.000195302942302, 0.000190023725736, 0.000151897431351, 0.000100864097476, 3.82099206035e-05, 8.48275431053e-06, 8.58416839833e-08, 4.4824521872e-09]
    },
    "erbbands": {
        "max": [0.1934543401, 1.65546739101, 12.431227684, 38.2165603638, 192.802124023, 423.545898438, 172.710113525, 221.522460938, 480.640380859, 1083.06262207, 1940.40783691, 694.941711426, 803.060119629, 1429.52978516, 868.20513916, 606.395935059, 460.132324219, 1036.21252441, 622.204528809, 323.938690186, 461.958679199, 238.148635864, 209.492660522, 134.546218872, 114.801765442, 95.6238861084, 224.717651367, 111.241119385, 74.040802002, 102.055580139, 60.4196968079, 15.2454786301, 7.3415222168, 3.19425368309, 0.490337193012, 0.0255554001778, 0.00297191576101, 0.000427376537118, 6.81944002281e-05, 0.000128148880322],
        "mean": [0.0104958452284, 0.132417574525, 0.70963549614, 2.43369340897, 6.94932699203, 14.335723877, 17.7124023438, 19.7577571869, 34.780582428, 67.9886016846, 65.971862793, 44.4783172607, 52.0886535645, 49.1527748108, 47.9157066345, 42.6329421997, 39.0258178711, 48.5727157593, 45.2503356934, 30.0049343109, 21.6219711304, 28.1718521118, 28.5621433258, 13.9539070129, 9.03690719604, 6.73632621765, 4.65295982361, 2.90388607979, 3.04474854469, 1.93685400486, 1.04277181625, 0.484424352646, 0.24301071465, 0.0878876894712, 0.027784653008, 0.00370671250857, 0.000431486754678, 3.5536064388e-05, 1.5105154489e-05, 2.99537641695e-05],
        "min": [2.97674923786e-05, 0.00044584646821, 0.00458331173286, 0.031665340066, 0.0894291475415, 0.0742271393538, 0.102433994412, 0.483211696148, 0.554271280766, 0.894954025745, 0.70729637146, 0.317711681128, 0.346136778593, 0.425627350807, 1.01556444168, 0.545425355434, 0.729595005512, 0.72128033638, 0.753711819649, 0.317010372877, 0.470117539167, 0.487498730421, 0.494780093431, 0.2628441751, 0.208369776607, 0.100753679872, 0.029182408005, 0.045028835535, 0.0286927260458, 0.0361599735916, 0.00755507219583, 0.00224618683569, 0.00202045240439, 0.000814892817289, 0.000324855209328, 0.000124105674331, 4.43393255409e-05, 1.26961140268e-05, 1.53026201133e-06, 1.50753942307e-06],
        "stdev": [0.0201077461243, 0.191643133759, 0.855018913746, 2.7862663269, 9.84493255615, 21.2947406769, 19.7493610382, 23.0974159241, 47.2161064148, 98.5336151123, 133.934555054, 69.181137085, 81.6929244995, 84.2798080444, 76.5539932251, 62.2680358887, 49.5591812134, 93.7750320435, 63.7782402039, 36.5492477417, 35.7921333313, 33.3243141174, 36.2560119629, 16.5323238373, 12.9571886063, 10.0876617432, 9.39239883423, 5.62588214874, 5.59615278244, 4.50078773499, 2.56590509415, 1.11727523804, 0.49327108264, 0.159936100245, 0.0349486283958, 0.00182590784971, 0.000127641513245, 1.61218194989e-05, 8.47452429298e-06, 1.74022825377e-05]
    },
    "gfcc": {
        "mean": [-9.29558372498, 131.255371094, -157.048049927, 21.807182312, -70.750038147, 3.51606893539, -44.5642967224, -1.92896533012, -18.4803695679, -8.12410068512, -10.6339416504, -8.18640804291, -7.21648645401],
        "cov": [[1276.8404541, -168.026489258, -386.315490723, 178.013565063, -175.152984619, 33.2219238281, 133.322906494, -29.7834281921, 52.2963447571, -115.895767212, 90.1434326172, -108.264030457, 38.983757019], [-168.026489258, 260.699768066, 119.983535767, -103.226661682, 137.907928467, -39.3293762207, 7.56359577179, 24.0090045929, 6.82566547394, 8.24215507507, -10.5200939178, 23.5467414856, -9.94834136963], [-386.315490723, 119.983535767, 340.06741333, 48.9226074219, 58.5288391113, 16.9304065704, -92.5645141602, -3.50422549248, -7.53082752228, 33.9457931519, -38.0628013611, 27.5136165619, 4.24133253098], [178.013565063, -103.226661682, 48.9226074219, 229.774246216, -30.5478649139, 21.8034973145, -20.0313091278, -33.1854972839, 12.2600889206, -19.7118015289, -14.8740091324, -4.63175868988, 10.0670089722], [-175.152984619, 137.907928467, 58.5288391113, -30.5478649139, 160.915390015, -11.2928228378, -7.580555439, 24.4198551178, 4.25798463821, 15.626036644, -17.4977378845, 22.6041030884, -12.5360431671], [33.2219238281, -39.3293762207, 16.9304065704, 21.8034973145, -11.2928228378, 117.782920837, 39.8371429443, -4.15301322937, -40.1003494263, 7.02384901047, 20.7919178009, -26.3904266357, 13.199347496], [133.322906494, 7.56359577179, -92.5645141602, -20.0313091278, -7.580555439, 39.8371429443, 137.833953857, 9.97398948669, -31.7285881042, 1.86365282536, 26.0850944519, -18.1554317474, -15.2684907913], [-29.7834281921, 24.0090045929, -3.50422549248, -33.1854972839, 24.4198551178, -4.15301322937, 9.97398948669, 74.9241485596, 32.7524414062, -3.06846261024, 0.492569833994, -0.612758874893, -7.31726980209], [52.2963447571, 6.82566547394, -7.53082752228, 12.2600889206, 4.25798463821, -40.1003494263, -31.7285881042, 32.7524414062, 108.78780365, 6.86480140686, -19.4426498413, 16.7287750244, -16.649274826], [-115.895767212, 8.24215507507, 33.9457931519, -19.7118015289, 15.626036644, 7.02384901047, 1.86365282536, -3.06846261024, 6.86480140686, 80.6319961548, 15.1497869492, -9.60360145569, -1.21242916584], [90.1434326172, -10.5200939178, -38.0628013611, -14.8740091324, -17.4977378845, 20.7919178009, 26.0850944519, 0.492569833994, -19.4426498413, 15.1497869492, 71.1845779419, -5.60098028183, 4.24824094772], [-108.264030457, 23.5467414856, 27.5136165619, -4.63175868988, 22.6041030884, -26.3904266357, -18.1554317474, -0.612758874893, 16.7287750244, -9.60360145569, -5.60098028183, 84.7250442505, -1.77720284462], [38.983757019, -9.94834136963, 4.24133253098, 10.0670089722, -12.5360431671, 13.199347496, -15.2684907913, -7.31726980209, -16.649274826, -1.21242916584, 4.24824094772, -1.77720284462, 61.7555084229]],
        "icov": [[0.00562110217288, -0.00730539672077, 0.00761177996174, -0.00734329037368, 0.00587393017486, -0.00283375778235, 0.000138953531859, 0.00186019157991, -0.00516982469708, 0.00501786358654, -0.00536654656753, 0.00510977581143, -0.00277716410346], [-0.00730539672077, 0.0398668311536, -0.0287437979132, 0.0252066049725, -0.0302814058959, 0.0176227465272, -0.0199071448296, 0.010969218798, -0.00792526174337, 0.0105107072741, -0.00420241849497, 0.00202696654014, -0.00621966691688], [0.00761177996174, -0.0287437979132, 0.0273559112102, -0.021035540849, 0.0211049057543, -0.0144716305658, 0.0165647547692, -0.00780206359923, 0.00494424439967, -0.00715980911627, 0.00235751946457, -0.000518460234161, 0.00367851019837], [-0.00734329037368, 0.0252066049725, -0.021035540849, 0.0234112460166, -0.0188067536801, 0.00957341864705, -0.010979687795, 0.00810474902391, -0.00376698723994, 0.00472639268264, 0.00122189382091, -0.00126135884784, -0.00233684573323], [0.00587393017486, -0.0302814058959, 0.0211049057543, -0.0188067536801, 0.0309212617576, -0.0129565121606, 0.0147244026884, -0.011057718657, 0.00712088122964, -0.00938318669796, 0.00485674804077, -0.00319875730202, 0.0057160188444], [-0.00283375778235, 0.0176227465272, -0.0144716305658, 0.00957341864705, -0.0129565121606, 0.0203600414097, -0.0130461538211, 0.00431819772348, -0.00159779586829, 0.00522072473541, -0.00481293676421, 0.00421174941584, -0.00551060354337], [0.000138953531859, -0.0199071448296, 0.0165647547692, -0.010979687795, 0.0147244026884, -0.0130461538211, 0.0256697535515, -0.0123677002266, 0.0141653148457, -0.0133511275053, 0.00710570067167, -0.00646205525845, 0.0108982482925], [0.00186019157991, 0.010969218798, -0.00780206359923, 0.00810474902391, -0.011057718657, 0.00431819772348, -0.0123677002266, 0.0270813591778, -0.017726700753, 0.0141251739115, -0.00962297059596, 0.00846825260669, -0.00680528022349], [-0.00516982469708, -0.00792526174337, 0.00494424439967, -0.00376698723994, 0.00712088122964, -0.00159779586829, 0.0141653148457, -0.017726700753, 0.0289567969739, -0.0183544531465, 0.0145396310836, -0.0122999930754, 0.0115423919633], [0.00501786358654, 0.0105107072741, -0.00715980911627, 0.00472639268264, -0.00938318669796, 0.00522072473541, -0.0133511275053, 0.0141251739115, -0.0183544531465, 0.0310660842806, -0.0167077872902, 0.0132927717641, -0.00920754950494], [-0.00536654656753, -0.00420241849497, 0.00235751946457, 0.00122189382091, 0.00485674804077, -0.00481293676421, 0.00710570067167, -0.00962297059596, 0.0145396310836, -0.0167077872902, 0.028123555705, -0.010502776131, 0.00633577164263], [0.00510977581143, 0.00202696654014, -0.000518460234161, -0.00126135884784, -0.00319875730202, 0.00421174941584, -0.00646205525845, 0.00846825260669, -0.0122999930754, 0.0132927717641, -0.010502776131, 0.0218147356063, -0.00650648958981], [-0.00277716410346, -0.00621966691688, 0.00367851019837, -0.00233684573323, 0.0057160188444, -0.00551060354337, 0.0108982482925, -0.00680528022349, 0.0115423919633, -0.00920754950494, 0.00633577164263, -0.00650648958981, 0.0236066114157]]
    },
    "melbands": {
        "max": [0.00177511083893, 0.00493069645017, 0.0117806755006, 0.0196219831705, 0.00832801498473, 0.00446673110127, 0.00815666746348, 0.011763298884, 0.0178617332131, 0.00405276194215, 0.00412578228861, 0.00610209954903, 0.00352314859629, 0.00131796509959, 0.00114279275294, 0.00100712187123, 0.0018998516025, 0.000904450367671, 0.000588583061472, 0.000840245804284, 0.000554034078959, 0.000341269653291, 0.000472632847959, 0.000194707638002, 0.000138415358379, 0.000140769552672, 8.63595923875e-05, 5.23308808624e-05, 0.000130875545437, 0.000124167796457, 4.38018905697e-05, 4.64512959297e-05, 4.00333738071e-05, 6.47017150186e-05, 4.78681067761e-05, 1.14547810881e-05, 8.29590044304e-06, 4.00862063543e-06, 7.3369801612e-06, 1.28178362502e-06],
        "mean": [0.000115919399832, 0.000317349127727, 0.000537662417628, 0.00077387643978, 0.000642140512355, 0.000455009692814, 0.00054812268354, 0.000747070007492, 0.000519121414982, 0.000258216372458, 0.000253628386417, 0.000195352418814, 0.000172420724994, 9.58932723734e-05, 0.000115363378427, 6.97848008713e-05, 9.26989450818e-05, 7.25001300452e-05, 4.71220664622e-05, 3.5017987102e-05, 2.34590352193e-05, 2.76953323919e-05, 3.43883002643e-05, 1.85021108337e-05, 1.05599774542e-05, 7.46432488086e-06, 4.76384457215e-06, 4.26644146501e-06, 3.16700061376e-06, 1.84726786756e-06, 1.70327245996e-06, 1.84735358744e-06, 1.37320751037e-06, 9.44550151871e-07, 6.69382757224e-07, 3.63642243428e-07, 2.59198401409e-07, 1.85703456168e-07, 1.10326212166e-07, 6.1326936418e-08],
        "min": [3.61314192787e-07, 2.02187743525e-06, 7.32224270905e-06, 6.35389778836e-06, 3.25107930621e-06, 6.70895497024e-06, 4.39258474216e-06, 6.90503020451e-06, 3.631171694e-06, 2.11966380448e-06, 1.38304676511e-06, 1.42073815823e-06, 2.32956494983e-06, 1.87077068858e-06, 3.96146958792e-07, 7.13138433639e-07, 7.94993184172e-07, 1.1298360505e-06, 7.30878582544e-07, 2.114067712e-07, 4.40921354539e-07, 4.24084106498e-07, 4.03936610383e-07, 2.10445477933e-07, 1.62206646337e-07, 1.22479164588e-07, 9.16551883279e-08, 2.38962893917e-08, 4.15771150841e-09, 2.16939390896e-08, 2.00725285282e-08, 1.32929223184e-08, 1.51118033642e-08, 8.19080980818e-09, 4.04267197496e-09, 2.19479012742e-09, 1.16707954412e-09, 1.4255188141e-09, 1.04889863461e-09, 5.81664660881e-10],
        "stdev": [0.000196139721083, 0.00036286978866, 0.000640184618533, 0.00105144712143, 0.000697213807143, 0.000512067752425, 0.000746054924093, 0.00112171727233, 0.00109435722698, 0.000405131548177, 0.00041131611215, 0.000351530412445, 0.000303416658426, 0.00013258868421, 0.000162413358339, 0.000105329992948, 0.000184722826816, 0.000101366029412, 6.87999345246e-05, 4.97932087455e-05, 4.28937491961e-05, 3.65623491234e-05, 4.66129276901e-05, 2.32848251471e-05, 1.39685835165e-05, 1.18427524285e-05, 7.18388264431e-06, 6.64676736051e-06, 6.28584530205e-06, 4.60153842141e-06, 3.1034537642e-06, 3.45727266904e-06, 2.66018150796e-06, 2.50296125159e-06, 1.79343692253e-06, 8.83955920017e-07, 5.95335450271e-07, 3.62097551942e-07, 2.8180653544e-07, 9.73800595716e-08]
    },
    "melbands128": {
        "max": [0.000251158315223, 0.00148099369835, 0.00244871620089, 0.00320107047446, 0.005897434894, 0.00657928176224, 0.00661124382168, 0.0155202373862, 0.022112691775, 0.0226772669703, 0.0299011301249, 0.0175299849361, 0.00757135031745, 0.00659264950082, 0.00697184726596, 0.00679298210889, 0.0128067610785, 0.0137119442225, 0.0120179615915, 0.0209429375827, 0.023505827412, 0.0286915227771, 0.0322172604501, 0.0142101440579, 0.00869543384761, 0.00498871412128, 0.00867618620396, 0.00739916786551, 0.00410828692839, 0.00939850509167, 0.00773804821074, 0.00560076721013, 0.00723379570991, 0.00504731805995, 0.00196593790315, 0.00189818849321, 0.00387930590659, 0.00224497867748, 0.00222512986511, 0.00238018203527, 0.00133344787173, 0.0034430406522, 0.00400560861453, 0.00402059499174, 0.00139007146936, 0.0017065491993, 0.00215755123645, 0.000635764794424, 0.000686253828462, 0.000661784957629, 0.00124687631615, 0.00142448209226, 0.00135319505353, 0.000749306054786, 0.000778433575761, 0.000696951523423, 0.000407215848099, 0.00112425361294, 0.000739834329579, 0.000387396517908, 0.000239522982156, 0.000582998036407, 0.000240544613916, 0.00025259659742, 0.0002527408069, 0.000230859397561, 0.000163410310051, 9.62263366091e-05, 8.6541120254e-05, 0.000104877304693, 0.000107010731881, 6.62426537019e-05, 4.87470060762e-05, 0.000165784353158, 0.000207811972359, 0.000138428251375, 7.67681267462e-05, 8.00942143542e-05, 4.6146378736e-05, 4.29461506428e-05, 7.13226691005e-05, 4.86925273435e-05, 3.9435675717e-05, 2.49096210609e-05, 5.47361087229e-05, 6.44410465611e-05, 6.14862292423e-05, 8.69860814419e-05, 5.87558024563e-05, 1.85454500752e-05, 1.30553944473e-05, 1.37951274155e-05, 1.38957375384e-05, 7.88269881014e-06, 9.97901133815e-06, 7.44972112443e-06, 6.07890297033e-06, 9.88495685306e-06, 9.52061873249e-06, 5.60312901143e-06, 1.81314430847e-06, 1.75653440238e-06, 1.12701263788e-06, 1.30656565034e-06, 8.00866587269e-07, 3.58609270279e-07, 8.37956051214e-08, 2.60249635176e-08, 1.1020823365e-08, 8.61724736012e-09, 9.41529343379e-09, 9.41212086047e-09, 7.33292049304e-09, 7.10164149709e-09, 5.95921534341e-09, 3.62770191664e-09, 1.22974608274e-09, 1.13185710804e-10, 1.02110875311e-10, 9.34215413362e-11, 8.96548738027e-11, 8.42171610227e-11, 8.4197260275e-11, 8.3848532284e-11, 8.065286633e-11, 7.86501558325e-11, 7.80838033121e-11, 7.81593401111e-11],
        "mean": [1.02478106783e-05, 6.66264313622e-05, 0.000150203486555, 0.000228431817959, 0.000312401738483, 0.000375850970158, 0.000466380181024, 0.000551406643353, 0.000690970104188, 0.000807192409411, 0.000840984168462, 0.000699739728589, 0.000609006441664, 0.000546984258108, 0.000446302874479, 0.000370664725779, 0.00051291071577, 0.000575604033656, 0.000559139763936, 0.000903800013475, 0.000781403272413, 0.000483816605993, 0.00061536411522, 0.000336076365784, 0.000317547732266, 0.000139334646519, 0.00029865273973, 0.000298865081277, 0.000183072726941, 0.000231603044085, 0.000187415993423, 0.000135479218443, 0.000239641580265, 0.000138336181408, 7.27662118152e-05, 7.27082588128e-05, 0.00015281404194, 0.00011363637168, 0.000104155151348, 8.66921982379e-05, 3.53786199412e-05, 8.55388934724e-05, 0.000106116538518, 9.77159143076e-05, 6.50917427265e-05, 5.8055829868e-05, 0.000103418300569, 3.30365000991e-05, 2.85418664134e-05, 5.24364368175e-05, 3.20661783917e-05, 2.54833594227e-05, 2.21458340093e-05, 2.05556116271e-05, 3.01384170598e-05, 2.77667058981e-05, 2.42280348175e-05, 3.80449819204e-05, 4.14262503909e-05, 2.33734808717e-05, 1.47004384417e-05, 1.81003451871e-05, 1.08009116957e-05, 9.27024848352e-06, 7.57966881793e-06, 7.29637395125e-06, 8.48043964652e-06, 4.36474010712e-06, 3.3621925013e-06, 5.7752495195e-06, 4.92765047966e-06, 3.21895731759e-06, 2.99510656987e-06, 3.56463374374e-06, 2.71668864116e-06, 2.1542414288e-06, 1.19865671877e-06, 1.32922968987e-06, 1.80443498721e-06, 2.16449666368e-06, 1.76000742158e-06, 1.90560353985e-06, 1.52610664372e-06, 1.295477432e-06, 1.33616856601e-06, 9.35481295983e-07, 8.92640628081e-07, 7.57340899327e-07, 7.47496528675e-07, 5.08889172579e-07, 4.02939434707e-07, 2.90556386062e-07, 3.63337790077e-07, 2.4575746238e-07, 2.20854218469e-07, 1.98485111014e-07, 1.92518101017e-07, 1.45131423324e-07, 1.12571974853e-07, 9.39689073221e-08, 6.97959237073e-08, 5.33988853135e-08, 5.19958227585e-08, 4.80634589906e-08, 3.06886995816e-08, 1.86185271644e-08, 1.14374083537e-08, 7.08418257389e-09, 3.99065047674e-09, 2.95783086912e-09, 2.6897848393e-09, 1.58294066743e-09, 6.97958413287e-10, 4.91420626414e-10, 2.69554545351e-10, 2.17612608489e-10, 1.96735377989e-10, 4.506060889e-12, 4.27538603479e-12, 4.17914574474e-12, 4.08742050623e-12, 4.01918992879e-12, 3.94306635954e-12, 3.85979182643e-12, 3.81668698382e-12, 3.78637529316e-12, 3.76407195343e-12, 3.73646816612e-12],
        "min": [3.32080185572e-09, 6.21681195412e-08, 7.53169757672e-08, 7.37639936688e-07, 1.45138301377e-06, 3.00827377941e-06, 3.51001381205e-06, 4.27572194894e-06, 6.2782060013e-06, 4.50612515124e-06, 2.53563712249e-06, 1.20850199892e-06, 1.82569601748e-06, 2.08156961889e-06, 1.0010492133e-06, 1.77082540631e-06, 2.58373211182e-06, 1.87289947462e-06, 2.54544329437e-06, 2.56575162894e-06, 1.90276944068e-06, 7.79505739956e-07, 7.67889048348e-07, 7.89512682786e-07, 2.96910883435e-07, 3.04012900187e-07, 1.74161570499e-07, 5.12336498559e-07, 4.44310927605e-07, 7.6420400319e-07, 3.8111315348e-07, 3.26366148329e-07, 5.83639064189e-07, 7.10303027063e-07, 2.8542709174e-07, 1.96353738602e-07, 3.33805900254e-07, 2.55191167753e-07, 2.21183398708e-07, 9.66311688444e-08, 2.02881452083e-07, 3.45538779811e-07, 2.2780008635e-07, 2.70267179303e-07, 1.62040393548e-07, 6.39106701783e-07, 2.34556125633e-07, 1.91283461959e-07, 1.40061459319e-07, 5.93778359814e-08, 1.6401115488e-07, 2.39582618633e-07, 6.38804849018e-08, 2.38392360075e-07, 3.76412089054e-07, 2.57289485717e-07, 1.97294610871e-07, 2.12843588088e-07, 2.00056945232e-07, 9.03552006548e-08, 1.09301389273e-07, 1.58729250188e-07, 9.70113518406e-08, 6.43761524088e-08, 5.51059891052e-08, 8.7716806263e-08, 6.6466562032e-08, 2.92504722665e-08, 4.5043051955e-08, 6.68904220902e-08, 1.86681496928e-08, 2.78045142466e-09, 1.44916589839e-09, 2.21329621297e-09, 6.76886990902e-09, 1.59351536411e-08, 1.52347912064e-08, 1.50478349781e-08, 1.67364433423e-08, 1.03336432744e-08, 9.51021128515e-09, 1.5262273223e-08, 4.81567008492e-09, 9.52332968041e-09, 1.06049444781e-08, 5.26064081185e-09, 1.02876984709e-09, 2.97261260052e-09, 4.43553282992e-09, 4.93479035413e-09, 3.56304741267e-09, 1.01331387725e-09, 4.77160422285e-10, 1.37290712132e-09, 1.4437269158e-09, 9.62709023611e-10, 1.74496606054e-09, 1.79516934651e-09, 7.48052619848e-10, 9.57749324293e-10, 6.69578392731e-10, 4.47927306357e-10, 5.05801289741e-10, 5.7324073266e-10, 1.23524884765e-10, 3.92032545316e-10, 4.52665460671e-10, 1.21206572556e-10, 2.18124532325e-10, 1.97427837967e-10, 1.2590727072e-10, 1.57949070489e-10, 1.48414891488e-10, 1.15727365191e-10, 7.23132599807e-13, 2.63620641159e-13, 2.37715690231e-13, 1.58701841274e-13, 1.18470527442e-13, 1.20415599692e-13, 1.68944217882e-13, 1.41796364689e-13, 1.42855630211e-13, 1.46046477863e-13, 1.88275651038e-13, 1.3902328724e-13, 1.17878173585e-13, 1.60722224917e-13],
        "stdev": [2.12122886296e-05, 0.000144449484651, 0.000299435458146, 0.000335213873768, 0.000427950028097, 0.000460719660623, 0.000567092618439, 0.000868434959557, 0.00113088055514, 0.00137433304917, 0.00147485907655, 0.00109486468136, 0.000847421411891, 0.000740426359698, 0.000678475305904, 0.000675811083056, 0.000940100697335, 0.00106820731889, 0.00114786322229, 0.00157492770813, 0.0017788199475, 0.00128791516181, 0.00182660564315, 0.000793638813775, 0.000713634828571, 0.000310151197482, 0.000717007031199, 0.000555876176804, 0.00037359126145, 0.000524455623236, 0.000440658594016, 0.000370261084754, 0.000536921084858, 0.00029955257196, 0.000141543365316, 0.000157771704835, 0.000321728672134, 0.000259967782767, 0.00017913217016, 0.000161660907906, 9.08130168682e-05, 0.000267859897576, 0.000305164663587, 0.000265727372607, 0.000140880103572, 0.000120566481201, 0.000210783182411, 7.09269152139e-05, 5.38582025911e-05, 7.62327181292e-05, 5.83334731346e-05, 7.31777909095e-05, 6.51241934975e-05, 5.06978103658e-05, 5.6890934502e-05, 5.73796096432e-05, 4.16948096245e-05, 7.84588555689e-05, 7.63717034715e-05, 4.52117747045e-05, 2.46574236371e-05, 3.12573138217e-05, 1.75955428858e-05, 1.79324106284e-05, 1.60687777679e-05, 1.63942568179e-05, 1.6226016669e-05, 8.95920038602e-06, 7.01070575815e-06, 1.08557997009e-05, 9.77957097348e-06, 6.29229771221e-06, 6.30692011327e-06, 8.54482459545e-06, 7.62373565522e-06, 5.9420785874e-06, 3.28362193613e-06, 3.9385713535e-06, 3.4422284898e-06, 3.97846997657e-06, 3.83163796869e-06, 4.34614230471e-06, 2.81310190076e-06, 2.45888827521e-06, 3.55416932507e-06, 2.64173172582e-06, 2.42502414949e-06, 2.69345719062e-06, 2.21049845095e-06, 1.1745039501e-06, 1.05235585579e-06, 8.24614858175e-07, 9.45410420172e-07, 5.93435629526e-07, 5.32674391707e-07, 4.10704103615e-07, 3.70404336536e-07, 4.33833889701e-07, 3.45811173474e-07, 2.15447713003e-07, 1.23183198752e-07, 9.28733712158e-08, 8.40591951601e-08, 7.08158935936e-08, 4.49606929465e-08, 2.15995665798e-08, 6.30031404825e-09, 2.46254217018e-09, 1.37395805844e-09, 9.04724350992e-10, 8.03125121962e-10, 5.99532923307e-10, 3.18499004948e-10, 2.71548283859e-10, 2.17131049252e-10, 1.57047472249e-10, 1.48770371022e-10, 7.12689152485e-12, 6.8780346002e-12, 6.656612761e-12, 6.47942203363e-12, 6.29023265766e-12, 6.18869148636e-12, 6.10022839534e-12, 5.97352245793e-12, 5.8822508496e-12, 5.82052461784e-12, 5.77604197111e-12]
    },
    "mfcc": {
        "mean": [-635.443725586, 150.415557861, -26.3262882233, 11.9950561523, -7.33705472946, -1.44549012184, -14.7481765747, -0.868577778339, -8.32134342194, -5.49299573898, -0.748551011086, -3.36771059036, -3.96779990196],
        "cov": [[1763.31262207, -503.456390381, -202.776321411, 20.2922973633, -243.790908813, 4.76912927628, 51.6006813049, 80.7109680176, -52.5107192993, 116.503692627, -46.3459472656, 1.89026904106, -86.5661773682], [-503.456390381, 497.653289795, -45.294002533, -36.9181098938, 98.8911819458, -45.9056663513, 9.02022838593, 9.19107818604, 26.2564620972, -27.0652675629, 46.226650238, -2.98003673553, 17.963350296], [-202.776321411, -45.294002533, 282.358978271, 43.6358528137, 65.3446044922, 40.4382743835, -21.0475788116, -33.5950088501, 8.84258747101, -18.2780532837, -34.8764419556, 4.24486446381, 19.1968574524], [20.2922973633, -36.9181098938, 43.6358528137, 160.339324951, 44.1929473877, 21.2365589142, -50.3012619019, 7.28681087494, 16.8562297821, -33.7729797363, 13.6217508316, -5.67091989517, 3.07177424431], [-243.790908813, 98.8911819458, 65.3446044922, 44.1929473877, 180.660797119, -4.3289399147, -59.4552001953, -8.18304824829, 27.2142219543, -11.6314296722, -13.9971466064, 1.88917303085, 21.6680755615], [4.76912927628, -45.9056663513, 40.4382743835, 21.2365589142, -4.3289399147, 103.754295349, 42.9930038452, -18.0668067932, -2.5968644619, -10.3458003998, -0.394025623798, -4.89044761658, 6.11599826813], [51.6006813049, 9.02022838593, -21.0475788116, -50.3012619019, -59.4552001953, 42.9930038452, 196.601516724, -9.4227771759, -39.6916503906, 51.9751396179, -34.2641639709, -6.96866846085, 3.9471373558], [80.7109680176, 9.19107818604, -33.5950088501, 7.28681087494, -8.18304824829, -18.0668067932, -9.4227771759, 109.453948975, 6.83806657791, -23.0651302338, 35.7695503235, -9.20248222351, -29.7064151764], [-52.5107192993, 26.2564620972, 8.84258747101, 16.8562297821, 27.2142219543, -2.5968644619, -39.6916503906, 6.83806657791, 75.8704833984, 1.73094880581, 7.72025251389, 0.322286844254, 5.2352976799], [116.503692627, -27.0652675629, -18.2780532837, -33.7729797363, -11.6314296722, -10.3458003998, 51.9751396179, -23.0651302338, 1.73094880581, 113.138694763, -35.8194236755, -0.0403337217867, 11.6998529434], [-46.3459472656, 46.226650238, -34.8764419556, 13.6217508316, -13.9971466064, -0.394025623798, -34.2641639709, 35.7695503235, 7.72025251389, -35.8194236755, 140.923675537, 15.1845016479, -26.5617904663], [1.89026904106, -2.98003673553, 4.24486446381, -5.67091989517, 1.88917303085, -4.89044761658, -6.96866846085, -9.20248222351, 0.322286844254, -0.0403337217867, 15.1845016479, 56.630607605, 21.090133667], [-86.5661773682, 17.963350296, 19.1968574524, 3.07177424431, 21.6680755615, 6.11599826813, 3.9471373558, -29.7064151764, 5.2352976799, 11.6998529434, -26.5617904663, 21.090133667, 71.2227935791]],
        "icov": [[0.00127689156216, 0.00087554944912, 0.0008398439968, -0.000692311790772, 0.000957429409027, -0.000403169717174, 0.000406061299145, -0.0010081268847, 0.000450591323897, -0.00138206162956, 0.000817942433059, -0.000989207299426, 0.00122686941177], [0.00087554944912, 0.00383480661549, 0.00113507127389, 0.000618886610027, -0.00183039181866, 0.00179173180368, -0.0016636060318, -9.63142665569e-05, -0.000998624484055, 0.000785579846706, -0.00121308770031, 0.000656281539705, -0.000483014446218], [0.0008398439968, 0.00113507127389, 0.00511312205344, -0.000837023602799, -0.0010381572647, -0.00157311826479, 0.000297997816233, 0.000254698854405, 3.44838772435e-05, 1.52535139932e-05, 0.00142512936145, -0.00113742030226, 0.000796332373284], [-0.000692311790772, 0.000618886610027, -0.000837023602799, 0.00860708672553, -0.00244514155202, -0.00115775037557, 0.000820070796181, 4.17665651185e-05, -0.00103451276664, 0.00231278245337, -0.0014539277181, 0.00214022141881, -0.00180774240289], [0.000957429409027, -0.00183039181866, -0.0010381572647, -0.00244514155202, 0.00985321961343, -0.00149461673573, 0.00341035495512, -0.00136905850377, 7.41650364944e-05, -0.00249133631587, 0.00257230247371, -0.00129548634868, 0.000128020663396], [-0.000403169717174, 0.00179173180368, -0.00157311826479, -0.00115775037557, -0.00149461673573, 0.0148602798581, -0.00595871172845, 0.0032284874469, -0.00250246492215, 0.00418998859823, -0.00284357182682, 0.00275637255982, -0.00199357746169], [0.000406061299145, -0.0016636060318, 0.000297997816233, 0.000820070796181, 0.00341035495512, -0.00595871172845, 0.0102390013635, -0.00211876933463, 0.00457669701427, -0.00514205079526, 0.00263561215252, -0.000681622244883, 0.000513462349772], [-0.0010081268847, -9.63142665569e-05, 0.000254698854405, 4.17665651185e-05, -0.00136905850377, 0.0032284874469, -0.00211876933463, 0.0128601333126, -0.00232023722492, 0.0037112806458, -0.00289336894639, 0.00214063259773, 0.00219705072232], [0.000450591323897, -0.000998624484055, 3.44838772435e-05, -0.00103451276664, 7.41650364944e-05, -0.00250246492215, 0.00457669701427, -0.00232023722492, 0.0166598055512, -0.00390459317714, 0.000277623243164, -0.000143056749948, -0.000631496252026], [-0.00138206162956, 0.000785579846706, 1.52535139932e-05, 0.00231278245337, -0.00249133631587, 0.00418998859823, -0.00514205079526, 0.0037112806458, -0.00390459317714, 0.0146817518398, -4.33022505604e-05, 0.00166566111147, -0.00238489243202], [0.000817942433059, -0.00121308770031, 0.00142512936145, -0.0014539277181, 0.00257230247371, -0.00284357182682, 0.00263561215252, -0.00289336894639, 0.000277623243164, -4.33022505604e-05, 0.0114238411188, -0.00576284294948, 0.00504101393744], [-0.000989207299426, 0.000656281539705, -0.00113742030226, 0.00214022141881, -0.00129548634868, 0.00275637255982, -0.000681622244883, 0.00214063259773, -0.000143056749948, 0.00166566111147, -0.00576284294948, 0.0236485470086, -0.00948050525039], [0.00122686941177, -0.000483014446218, 0.000796332373284, -0.00180774240289, 0.000128020663396, -0.00199357746169, 0.000513462349772, 0.00219705072232, -0.000631496252026, -0.00238489243202, 0.00504101393744, -0.00948050525039, 0.0216624308378]]
    },
    "spectral_contrast_coeffs": {
        "max": [-0.366183161736, -0.465086191893, -0.538025736809, -0.566534698009, -0.611171126366, -0.622932553291],
        "mean": [-0.677577674389, -0.729727566242, -0.741062641144, -0.762631714344, -0.759236454964, -0.751583516598],
        "min": [-0.89499861002, -0.925429224968, -0.890377283096, -0.882481455803, -0.864236235619, -0.865088760853],
        "stdev": [0.0622698627412, 0.0680538341403, 0.0636138319969, 0.0453417003155, 0.0479119457304, 0.0403855852783]
    },
    "spectral_contrast_valleys": {
        "max": [-5.27859210968, -4.71694421768, -5.58690404892, -5.78417539597, -5.87806797028, -8.93255329132],
        "mean": [-6.72701501846, -6.15477275848, -6.98492002487, -7.33136367798, -7.71467208862, -10.7531471252],
        "min": [-8.23625850677, -7.83147954941, -8.36814308167, -8.70695209503, -9.2072095871, -12.523270607],
        "stdev": [0.47672611475, 0.429561346769, 0.530196845531, 0.469565212727, 0.54046112299, 0.48473829031]
    }
},
"rhythm": {
    "beats_count": 57,
    "beats_loudness": {
        "max": 0.0705861151218,
        "mean": 0.0354278571904,
        "min": 0.00472657056525,
        "stdev": 0.0155674833804
    },
    "bpm": 105.372543335,
    "bpm_histogram_first_peak_bpm": 105,
    "bpm_histogram_first_peak_weight": 0.58490562439,
    "bpm_histogram_second_peak_bpm": 112,
    "bpm_histogram_second_peak_spread": 0.33333337307,
    "bpm_histogram_second_peak_weight": 0.0357142873108,
    "danceability": 1.22241282463,
    "onset_rate": 3.32226538658,
    "beats_loudness_band_ratio": {
        "max": [0.539969921112, 0.782449424267, 0.734489262104, 0.653077602386, 0.396749407053, 0.102720580995],
        "mean": [0.177781552076, 0.251438587904, 0.343232363462, 0.170513957739, 0.101980224252, 0.0207575615495],
        "min": [0.0227440837771, 0.0433015525341, 0.0335314236581, 0.0132485330105, 0.00827687978745, 0.00149864784908],
        "stdev": [0.121566541493, 0.154569625854, 0.165786266327, 0.148142307997, 0.0796934366226, 0.0221592597663]
    },
    "beats_position": [0.522448956966, 1.04489791393, 1.57895684242, 2.11301589012, 2.67029476166, 3.22757363319, 3.78485250473, 4.3653512001, 4.93424034119, 5.50312900543, 6.06040811539, 6.62929677963, 7.19818592072, 7.75546455383, 8.32435321808, 8.893242836, 9.46213150024, 10.0310201645, 10.5999088287, 11.1687984467, 11.7376871109, 12.3181858063, 12.8870744705, 13.4675731659, 14.0248527527, 14.5937414169, 15.1626300812, 15.7199087143, 16.2771873474, 16.8344669342, 17.391746521, 17.9722442627, 18.5411338806, 19.1100215912, 19.6905212402, 20.2710208893, 20.851518631, 21.43201828, 22.0125160217, 22.5930156708, 23.1619052887, 23.7307929993, 24.2880725861, 24.8453502655, 25.4258499146, 26.0063495636, 26.563627243, 27.1209068298, 27.7014045715, 28.2819042206, 28.8507938385, 29.4196815491, 29.988571167, 30.5574588776, 31.1379585266, 31.7184581757, 32.2989578247],
