{
"metadata": {
    "version": {
        "essentia": "2.1-beta5",
        "essentia_git_sha": "Undefined",
        "extractor": "music 2.0"
    },
    "audio_properties": {
        "analysis": {
            "equal_loudness": 0,
            "length": 48.7502937317,
            "sample_rate": 44100,
            "start_time": 12.7477550507,
            "downmix": "mix"
        },
        "bit_rate": 192000,
        "length": 140.945129395,
        "lossless": 0,
        "number_channels": 2,
        "replay_gain": -3.17168617249,
        "sample_rate": 44100,
        "codec": "mp3",
        "md5_encoded": "135e43015de8535c43ba1437275c6938"
    },
    "tags": {
        "file_name": "Finland_Fri_Beat.mp3",
        "encoding": ["Lavf58.29.100"]
    }
},
"lowlevel": {
    "average_loudness": 0.93461316824,
    "barkbands_crest": {
        "max": 24.7772102356,
        "mean": 9.17690563202,
        "min": 3.01076745987,
        "stdev": 3.89180970192
    },
    "barkbands_flatness_db": {
        "max": 0.274109303951,
        "mean": 0.152130648494,
        "min": 0.0726490914822,
        "stdev": 0.0298160221428
    },
    "barkbands_kurtosis": {
        "max": 49.0088844299,
        "mean": 2.49208688736,
        "min": -1.86907029152,
        "stdev": 3.93374848366
    },
    "barkbands_skewness": {
        "max": 6.02552652359,
        "mean": 1.24507462978,
        "min": -0.577380239964,
        "stdev": 0.807743370533
    },
    "barkbands_spread": {
        "max": 84.8979492188,
        "mean": 15.6805486679,
        "min": 2.32777285576,
        "stdev": 7.99740457535
    },
    "dissonance": {
        "max": 0.500000119209,
        "mean": 0.455259919167,
        "min": 0.284740895033,
        "stdev": 0.0291649121791
    },
    "dynamic_complexity": 2.63534402847,
    "erbbands_crest": {
        "max": 30.1567726135,
        "mean": 9.90334320068,
        "min": 2.75907278061,
        "stdev": 4.61442756653
    },
    "erbbands_flatness_db": {
        "max": 0.299672931433,
        "mean": 0.199355617166,
        "min": 0.100153341889,
        "stdev": 0.0332992002368
    },
    "erbbands_kurtosis": {
        "max": 12.3459501266,
        "mean": 0.19587174058,
        "min": -1.8004566431,
        "stdev": 1.526907444
    },
    "erbbands_skewness": {
        "max": 3.19941020012,
        "mean": 0.470022171736,
        "min": -1.90411698818,
        "stdev": 0.589656591415
    },
    "erbbands_spread": {
        "max": 99.443939209,
        "mean": 29.3564548492,
        "min": 5.93028593063,
        "stdev": 12.6794462204
    },
    "hfc": {
        "max": 110.8804245,
        "mean": 16.6376953125,
        "min": 0.368497669697,
        "stdev": 15.222612381
    },
    "loudness_ebu128": {
        "integrated": -21.7363796234,
        "loudness_range": 4.70384979248,
        "momentary": {
            "max": -17.7085857391,
            "mean": -22.3695526123,
            "min": -30.3954277039,
            "stdev": 2.47617387772
        },
        "short_term": {
            "max": -19.2725124359,
            "mean": -21.941570282,
            "min": -25.4558143616,
            "stdev": 1.63019990921
        }
    },
    "melbands_crest": {
        "max": 30.4956264496,
        "mean": 11.5903224945,
        "min": 3.55298757553,
        "stdev": 4.59281492233
    },
    "melbands_flatness_db": {
        "max": 0.354741454124,
        "mean": 0.199349701405,
        "min": 0.0724717378616,
        "stdev": 0.0442298166454
    },
    "melbands_kurtosis": {
        "max": 84.2984390259,
        "mean": 6.38239479065,
        "min": -1.08797907829,
        "stdev": 7.29082155228
    },
    "melbands_skewness": {
        "max": 7.16715812683,
        "mean": 1.82250320911,
        "min": -0.411935150623,
        "stdev": 1.03077375889
    },
    "melbands_spread": {
        "max": 131.407684326,
        "mean": 20.02302742,
        "min": 2.17585206032,
        "stdev": 10.6108646393
    },
    "pitch_salience": {
        "max": 0.870439887047,
        "mean": 0.602661252022,
        "min": 0.221128761768,
        "stdev": 0.106926217675
    },
    "silence_rate_20dB": {
        "max": 1,
        "mean": 1,
        "min": 1,
        "stdev": 0
    },
    "silence_rate_30dB": {
        "max": 1,
        "mean": 0.999048054218,
        "min": 0,
        "stdev": 0.0308390911669
    },
    "silence_rate_60dB": {
        "max": 1,
        "mean": 0.0237981919199,
        "min": 0,
        "stdev": 0.152415663004
    },
    "spectral_centroid": {
        "max": 3604.13012695,
        "mean": 1102.13195801,
        "min": 320.245239258,
        "stdev": 428.706237793
    },
    "spectral_complexity": {
        "max": 51,
        "mean": 18.1142311096,
        "min": 0,
        "stdev": 7.57127523422
    },
    "spectral_decrease": {
        "max": -1.19233622975e-10,
        "mean": -5.14495868131e-09,
        "min": -3.21846016504e-08,
        "stdev": 4.03019306816e-09
    },
    "spectral_energy": {
        "max": 0.129449009895,
        "mean": 0.0209273118526,
        "min": 0.000519315362908,
        "stdev": 0.0164278708398
    },
    "spectral_energyband_high": {
        "max": 0.00933075509965,
        "mean": 0.000269961397862,
        "min": 5.48731168237e-06,
        "stdev": 0.000530432967935
    },
    "spectral_energyband_low": {
        "max": 0.0206284336746,
        "mean": 0.00189554586541,
        "min": 2.45917726716e-05,
        "stdev": 0.00219508167356
    },
    "spectral_energyband_middle_high": {
        "max": 0.0675217881799,
        "mean": 0.00581467710435,
        "min": 5.36189108971e-05,
        "stdev": 0.00670567294583
    },
    "spectral_energyband_middle_low": {
        "max": 0.118538871408,
        "mean": 0.0136894797906,
        "min": 0.000107077074063,
        "stdev": 0.0120147997513
    },
    "spectral_entropy": {
        "max": 8.50109863281,
        "mean": 7.29566526413,
        "min": 6.37050676346,
        "stdev": 0.313442200422
    },
    "spectral_flux": {
        "max": 0.290789097548,
        "mean": 0.0784721449018,
        "min": 0.0132862087339,
        "stdev": 0.0410244092345
    },
    "spectral_kurtosis": {
        "max": 21.1193771362,
        "mean": 6.22089767456,
        "min": -1.09801101685,
        "stdev": 3.25555276871
    },
    "spectral_rms": {
        "max": 0.0112379593775,
        "mean": 0.00422277487814,
        "min": 0.000711792905349,
        "stdev": 0.00160782423336
    },
    "spectral_rolloff": {
        "max": 8742.48046875,
        "mean": 1262.72131348,
        "min": 215.33203125,
        "stdev": 789.719970703
    },
    "spectral_skewness": {
        "max": 3.37590503693,
        "mean": 1.77562093735,
        "min": 0.0195503588766,
        "stdev": 0.476090073586
    },
    "spectral_spread": {
        "max": 9300883,
        "mean": 3375060.25,
        "min": 2040348.75,
        "stdev": 796412
    },
    "spectral_strongpeak": {
        "max": 7.63791275024,
        "mean": 1.23501300812,
        "min": 0.0155891524628,
        "stdev": 1.08047831059
    },
    "zerocrossingrate": {
        "max": 0.23876953125,
        "mean": 0.0482554808259,
        "min": 0.01171875,
        "stdev": 0.0191240608692
    },
    "barkbands": {
        "max": [0.000218308588956, 0.00923770386726, 0.0127257350832, 0.0260006636381, 0.0610237419605, 0.0201774537563, 0.046964250505, 0.101302273571, 0.0576928593218, 0.0415473729372, 0.0148327900097, 0.0154294129461, 0.0170930847526, 0.0143120065331, 0.0172599554062, 0.00820161681622, 0.00674725649878, 0.00716792186722, 0.00348872947507, 0.00328936544247, 0.00361165031791, 0.00169882702176, 0.00515066972002, 0.00266676628962, 0.000613245007116, 1.60906824931e-06, 3.44925226159e-08],
        "mean": [1.3328989553e-05, 0.00054691999685, 0.000860799627844, 0.00101863592863, 0.00369484419934, 0.00147639797069, 0.00201897928491, 0.00290399743244, 0.00201305141672, 0.00140717998147, 0.000683804100845, 0.000683001708239, 0.00051292864373, 0.000823301728815, 0.000582233304158, 0.00034364205203, 0.000433420413174, 0.000381776102586, 0.00020385683456, 0.000108238469693, 8.23773370939e-05, 6.50448491797e-05, 3.95108108933e-05, 2.20762522076e-05, 7.57453199185e-06, 4.33889795204e-07, 6.84493572933e-09],
        "min": [1.4155522976e-08, 5.24339884578e-06, 2.30268028645e-06, 3.90983132093e-06, 2.72077850241e-05, 1.55738453032e-05, 1.26867698782e-05, 8.4452876763e-06, 4.68563439426e-06, 1.02592662188e-06, 5.82645270697e-07, 1.80422262019e-06, 1.56960140885e-06, 1.74560602773e-06, 2.60919864559e-06, 1.95461234398e-06, 3.40295582646e-06, 2.3199268071e-06, 1.7013097704e-06, 1.04762818864e-06, 7.01754970578e-07, 5.70131362565e-07, 3.00700264688e-07, 7.69726682393e-08, 1.65870957858e-07, 1.2694157725e-08, 7.5708411762e-11],
        "stdev": [2.53891903412e-05, 0.000900248473044, 0.00111826695502, 0.00137327774428, 0.00467635970563, 0.00199557561427, 0.00357837718911, 0.00661989534274, 0.00403916230425, 0.00274711684324, 0.00140157889109, 0.00142396870069, 0.0010329085635, 0.00172164593823, 0.00124171713833, 0.000597749545705, 0.000585082510952, 0.000596146215685, 0.000315442244755, 0.000189565049368, 0.000178799382411, 0.000126928745885, 0.000158750161063, 9.5979499747e-05, 2.41702382482e-05, 1.03279347741e-07, 5.01925478957e-09]
    },
    "erbbands": {
        "max": [0.205326586962, 2.46376132965, 11.7772378922, 44.5702209473, 94.2676773071, 267.78793335, 370.084625244, 215.276809692, 736.214294434, 1175.04321289, 2816.21801758, 1171.48474121, 1321.69421387, 1019.5111084, 633.73223877, 760.556213379, 564.647705078, 842.713500977, 855.71484375, 415.382751465, 547.518188477, 349.095855713, 548.778442383, 274.728179932, 129.461364746, 153.843261719, 229.177062988, 59.9038467407, 64.4645690918, 74.2071990967, 181.12071228, 87.4514312744, 26.6120014191, 12.5834007263, 2.08431577682, 0.0792603343725, 0.00526803638786, 0.000408738240367, 8.51337390486e-05, 0.000149571802467],
        "mean": [0.0120145110413, 0.14538680017, 0.820362865925, 2.45338916779, 6.89886903763, 14.3627290726, 13.8339862823, 11.416721344, 22.3577423096, 52.5929908752, 54.0454750061, 42.0929679871, 52.9555282593, 33.0837135315, 30.3473815918, 29.9998817444, 28.3995819092, 42.2714424133, 34.3541526794, 23.575334549, 17.5906620026, 24.3223686218, 23.3006458282, 12.538898468, 8.76458358765, 5.57419157028, 4.13728809357, 2.62771844864, 2.33732223511, 1.60908019543, 1.15251553059, 0.579926669598, 0.305385887623, 0.120562508702, 0.0355122350156, 0.0042770775035, 0.000477678200696, 3.82611833629e-05, 1.30467633426e-05, 2.50380671787e-05],
        "min": [8.31433717394e-05, 0.00180294341408, 0.00936946924776, 0.019875748083, 0.0948866680264, 0.0734439119697, 0.142537638545, 0.133250400424, 0.138606891036, 0.250764936209, 0.38437756896, 0.198001280427, 0.115191906691, 0.0864304378629, 0.165683269501, 0.179673314095, 0.136127069592, 0.129377871752, 0.135291039944, 0.172556012869, 0.0979954302311, 0.214235678315, 0.147518754005, 0.135263934731, 0.101847760379, 0.0595281869173, 0.0354676172137, 0.0219434686005, 0.0228417217731, 0.0212853588164, 0.00812726840377, 0.00226670526899, 0.00124822184443, 0.00264800898731, 0.000732582586352, 7.93124054326e-05, 2.22071521421e-05, 4.11559904023e-06, 9.77939180302e-07, 7.34020602522e-07],
        "stdev": [0.0233849957585, 0.229506716132, 1.05007553101, 2.94635987282, 8.94667339325, 20.8650856018, 21.4942474365, 16.3180732727, 45.3048553467, 92.4109420776, 144.135345459, 83.9635238647, 106.190490723, 64.4820175171, 57.1241645813, 62.5742797852, 48.9329490662, 86.3528213501, 67.1577682495, 39.5202331543, 32.8185958862, 32.5637550354, 33.8502807617, 17.9144058228, 15.1291818619, 9.58243942261, 9.38768672943, 5.10896253586, 4.34407949448, 4.13974905014, 5.23502254486, 2.7530002594, 1.22111022472, 0.452005058527, 0.0884001776576, 0.00376020767726, 0.000200257447432, 1.97931694856e-05, 9.86819850368e-06, 1.95711636479e-05]
    },
    "gfcc": {
        "mean": [-26.0013656616, 127.667045593, -146.334640503, 26.9996776581, -68.1022567749, 4.54246902466, -45.5739593506, 2.73622584343, -21.0808734894, -9.06015968323, -13.3228521347, -9.39725971222, -8.10235214233],
        "cov": [[1815.45129395, -152.457717896, -645.635192871, 101.091499329, -192.990203857, 18.8141479492, 138.036331177, -91.736000061, 112.860992432, -131.671279907, 84.0011749268, -155.932189941, 55.1546478271], [-152.457717896, 312.363311768, 112.202880859, -141.367797852, 147.680618286, -52.8709793091, 25.8199768066, 27.6497383118, 4.75323152542, -0.0585608035326, 0.00115215487313, 27.0257549286, -17.6979961395], [-645.635192871, 112.202880859, 513.298706055, 99.2647476196, 40.0115776062, 22.3963470459, -91.8927688599, 9.55276298523, -42.7771263123, 46.9330940247, -19.2153224945, 67.146156311, 14.5099201202], [101.091499329, -141.367797852, 99.2647476196, 309.122039795, -23.3084011078, 9.41133117676, -48.0827980042, -33.7516479492, 14.202340126, -8.58043003082, -16.2823638916, 11.050327301, 40.6131744385], [-192.990203857, 147.680618286, 40.0115776062, -23.3084011078, 204.874786377, -20.2781486511, -9.66292476654, 46.4277648926, 14.3728380203, -3.70784902573, -23.5322704315, 33.2945327759, -16.0825767517], [18.8141479492, -52.8709793091, 22.3963470459, 9.41133117676, -20.2781486511, 137.778167725, 49.9784126282, 1.16929650307, -51.8872642517, 1.13758289814, 22.5779075623, -18.7496433258, 10.486333847], [138.036331177, 25.8199768066, -91.8927688599, -48.0827980042, -9.66292476654, 49.9784126282, 156.385818481, 17.7476215363, -50.014339447, -3.68103837967, 21.9364967346, -28.9057617188, -10.3484640121], [-91.736000061, 27.6497383118, 9.55276298523, -33.7516479492, 46.4277648926, 1.16929650307, 17.7476215363, 101.822059631, 29.6989822388, 3.87325716019, -0.0558650195599, -2.22131204605, -7.84325790405], [112.860992432, 4.75323152542, -42.7771263123, 14.202340126, 14.3728380203, -51.8872642517, -50.014339447, 29.6989822388, 148.630691528, 9.49579143524, -26.3006191254, 9.7273607254, -20.3787994385], [-131.671279907, -0.0585608035326, 46.9330940247, -8.58043003082, -3.70784902573, 1.13758289814, -3.68103837967, 3.87325716019, 9.49579143524, 75.5354385376, 19.2712211609, -3.59398078918, -6.75507831573], [84.0011749268, 0.00115215487313, -19.2153224945, -16.2823638916, -23.5322704315, 22.5779075623, 21.9364967346, -0.0558650195599, -26.3006191254, 19.2712211609, 73.5480499268, -4.15464639664, 3.03078985214], [-155.932189941, 27.0257549286, 67.146156311, 11.050327301, 33.2945327759, -18.7496433258, -28.9057617188, -2.22131204605, 9.7273607254, -3.59398078918, -4.15464639664, 83.8936920166, 5.96835517883], [55.1546478271, -17.6979961395, 14.5099201202, 40.6131744385, -16.0825767517, 10.486333847, -10.3484640121, -7.84325790405, -20.3787994385, -6.75507831573, 3.03078985214, 5.96835517883, 69.1819076538]],
        "icov": [[0.00466635124758, -0.00496279634535, 0.00562253408134, -0.0046421950683, 0.00418992666528, -0.00259866961278, -0.000859054853208, 0.00303927646019, -0.00569263705984, 0.00629920559004, -0.00578017206863, 0.00478710141033, -0.00308140716515], [-0.00496279634535, 0.0272584073246, -0.0180663280189, 0.0173877477646, -0.020685242489, 0.0139461848885, -0.0127219082788, 0.00803405512124, -0.00480695348233, 0.0038277390413, -0.00472189113498, 0.00212167133577, -0.00442168628797], [0.00562253408134, -0.0180663280189, 0.0169572010636, -0.0134892184287, 0.0140368836001, -0.0103035839275, 0.00887381844223, -0.00432361615822, 0.00184387015179, -0.00115503219422, 0.000888404902071, -0.000772672472522, 0.00137829990126], [-0.0046421950683, 0.0173877477646, -0.0134892184287, 0.0158641822636, -0.0132488226518, 0.00839839503169, -0.00676052924246, 0.00504354806617, -0.0020981465932, 0.000752525171265, -0.000307970010908, -6.36380791548e-05, -0.00365280988626], [0.00418992666528, -0.020685242489, 0.0140368836001, -0.0132488226518, 0.0220947526395, -0.0101824309677, 0.00964396167547, -0.00875576306134, 0.00393667398021, -0.00230612116866, 0.00488924700767, -0.00361512089148, 0.00436341715977], [-0.00259866961278, 0.0139461848885, -0.0103035839275, 0.00839839503169, -0.0101824309677, 0.0168852191418, -0.00917243026197, 0.00359219824895, -0.000655622046907, 0.00245698611252, -0.00416537513956, 0.00275774812326, -0.00302971340716], [-0.000859054853208, -0.0127219082788, 0.00887381844223, -0.00676052924246, 0.00964396167547, -0.00917243026197, 0.0192272234708, -0.0107525307685, 0.0121051762253, -0.00881414022297, 0.00799315515906, -0.00517561845481, 0.00762875890359], [0.00303927646019, 0.00803405512124, -0.00432361615822, 0.00504354806617, -0.00875576306134, 0.00359219824895, -0.0107525307685, 0.0216989815235, -0.0145020950586, 0.0109207490459, -0.0113814566284, 0.00913412682712, -0.00764497695491], [-0.00569263705984, -0.00480695348233, 0.00184387015179, -0.0020981465932, 0.00393667398021, -0.000655622046907, 0.0121051762253, -0.0145020950586, 0.0245597213507, -0.0165878087282, 0.0163629408926, -0.0117014469579, 0.0112423123792], [0.00629920559004, 0.0038277390413, -0.00115503219422, 0.000752525171265, -0.00230612116866, 0.00245698611252, -0.00881414022297, 0.0109207490459, -0.0165878087282, 0.0308104809374, -0.019160317257, 0.0128362644464, -0.00737699819729], [-0.00578017206863, -0.00472189113498, 0.000888404902071, -0.000307970010908, 0.00488924700767, -0.00416537513956, 0.00799315515906, -0.0113814566284, 0.0163629408926, -0.019160317257, 0.0306853521615, -0.0120586911216, 0.00771314464509], [0.00478710141033, 0.00212167133577, -0.000772672472522, -6.36380791548e-05, -0.00361512089148, 0.00275774812326, -0.00517561845481, 0.00913412682712, -0.0117014469579, 0.0128362644464, -0.0120586911216, 0.0231300946325, -0.00773201929405], [-0.00308140716515, -0.00442168628797, 0.00137829990126, -0.00365280988626, 0.00436341715977, -0.00302971340716, 0.00762875890359, -0.00764497695491, 0.0112423123792, -0.00737699819729, 0.00771314464509, -0.00773201929405, 0.022303884849]]
    },
    "melbands": {
        "max": [0.00223608547822, 0.00474713649601, 0.00843214523047, 0.0103272991255, 0.0134274093434, 0.00474780378863, 0.010692329146, 0.0175925772637, 0.0229752417654, 0.006291014608, 0.00645375344902, 0.004948255606, 0.00239301705733, 0.00118137651589, 0.00235287984833, 0.00178446958307, 0.00145002896897, 0.00153852021322, 0.00128568743821, 0.000383951206459, 0.000675601011608, 0.000488179619424, 0.000513334118295, 0.000310404080665, 0.000243996662903, 0.00012395720114, 9.36582146096e-05, 0.000115789189294, 0.000162958487635, 7.52972337068e-05, 2.90084881271e-05, 2.89280596917e-05, 4.65816629003e-05, 4.65479133709e-05, 0.000105450948467, 8.24721573736e-05, 4.10127868236e-05, 2.39023229369e-05, 1.72034724528e-05, 8.60051477503e-06],
        "mean": [0.000129406515043, 0.000358891382348, 0.000537812127732, 0.000781437905971, 0.000532448175363, 0.000267423718469, 0.000352372619091, 0.000605664798059, 0.000426850077929, 0.000261479144683, 0.000260078464635, 0.00013332918752, 0.000103221413156, 6.71173474984e-05, 8.22031724965e-05, 5.93313598074e-05, 7.75031658122e-05, 5.37356318091e-05, 3.82306607207e-05, 2.73280911642e-05, 1.88341273315e-05, 2.3075928766e-05, 3.07862428599e-05, 1.41446662383e-05, 9.74373688223e-06, 7.1327308433e-06, 4.38733422925e-06, 3.46427259501e-06, 2.80194831248e-06, 1.72094178197e-06, 1.54586848566e-06, 1.38506584335e-06, 1.11469444164e-06, 7.89997443462e-07, 7.2971482723e-07, 4.4135848043e-07, 3.15334943934e-07, 2.33596153976e-07, 1.45751513969e-07, 8.55144648426e-08],
        "min": [9.68334916251e-07, 3.93558048017e-06, 5.55675569558e-06, 6.18644298811e-06, 4.93659399581e-06, 3.10289328809e-06, 2.24329119192e-06, 2.99081057165e-06, 2.41367183662e-06, 8.89982743502e-07, 3.12654378831e-07, 1.71700463625e-07, 3.40546932875e-07, 2.69444655032e-07, 2.13653194692e-07, 1.38819615358e-07, 1.1974863412e-07, 9.92961020074e-08, 1.92829304524e-07, 1.8061679441e-07, 8.65340084033e-08, 1.70685410694e-07, 1.88345879337e-07, 7.31370448648e-08, 6.10807191492e-08, 5.82454049436e-08, 5.32720108026e-08, 3.00081275384e-08, 1.33692523718e-08, 1.4834834694e-08, 1.29605162158e-08, 1.24905588095e-08, 9.47765954606e-09, 6.28869356589e-09, 5.34923927376e-09, 2.12920769904e-09, 1.07271036498e-09, 7.27919224897e-10, 1.1824750068e-09, 2.66955701989e-09],
        "stdev": [0.000228468663408, 0.000445635116193, 0.000617579440586, 0.00099374470301, 0.000781987619121, 0.000380239594961, 0.000674518407322, 0.00111218239181, 0.00117499020416, 0.000513607461471, 0.000536051054951, 0.000285924266791, 0.000208008816116, 0.000125528153148, 0.000166833226103, 0.000113481532026, 0.000160677882377, 0.000107738604129, 7.99067202024e-05, 4.37642702309e-05, 3.94372473238e-05, 3.43089377566e-05, 4.38232273154e-05, 2.16164116864e-05, 1.5133226043e-05, 1.31647166199e-05, 7.37678828955e-06, 6.40414873487e-06, 6.78715468894e-06, 3.86552301279e-06, 3.03072215502e-06, 2.49859226642e-06, 2.52843369708e-06, 2.25397116083e-06, 3.1561698961e-06, 2.33833065977e-06, 1.4442803149e-06, 9.59175054049e-07, 6.10403674273e-07, 3.11106077788e-07]
    },
    "melbands128": {
        "max": [0.000197754154215, 0.00147036288399, 0.00399742089212, 0.00459130387753, 0.00533915124834, 0.00642540678382, 0.00868336111307, 0.0138694969937, 0.0121529353783, 0.0124045545235, 0.0186498984694, 0.0186562128365, 0.0156385563314, 0.00692272791639, 0.0076104728505, 0.0080891456455, 0.0140781914815, 0.0170468986034, 0.0142471985891, 0.0160097628832, 0.0340691804886, 0.0218800120056, 0.0424144826829, 0.0211375020444, 0.0125707313418, 0.00917031429708, 0.01180912368, 0.0095991846174, 0.0115228574723, 0.00742277037352, 0.00415973737836, 0.00327756255865, 0.00462409248576, 0.00472472654656, 0.00239352183416, 0.00190075882711, 0.0049302065745, 0.00505774421617, 0.00245133973658, 0.00236216629855, 0.00217399094254, 0.00500193843618, 0.0027215522714, 0.00337903737091, 0.00207688030787, 0.00174474553205, 0.00317566865124, 0.00185605883598, 0.00138842395972, 0.000650373112876, 0.00073334062472, 0.000655770010781, 0.0016054995358, 0.000969093292952, 0.000915044278372, 0.000833962752949, 0.000544296810403, 0.00081580929691, 0.000641109305434, 0.00102508836426, 0.000199883856112, 0.00022095516033, 0.000314095639624, 0.000268643983873, 0.000235392231843, 0.000175785840838, 0.00024939281866, 0.000131801367388, 0.000130598564283, 9.9784519989e-05, 9.06018976821e-05, 0.000201061615371, 9.88471219898e-05, 0.000215542982914, 0.000161941366969, 6.60767036607e-05, 5.53151730855e-05, 4.55825138488e-05, 4.93538100272e-05, 4.96464999742e-05, 3.15561701427e-05, 4.52189960924e-05, 5.89792107348e-05, 5.70192314626e-05, 5.39291941095e-05, 5.69154180994e-05, 3.94346097892e-05, 4.69076330774e-05, 9.35678981477e-05, 0.000195079614059, 8.02993308753e-05, 3.98343399866e-05, 9.30698079173e-05, 3.18831225741e-05, 1.77849869942e-05, 4.19857169618e-05, 2.18179629883e-05, 1.93964169739e-05, 2.20296878979e-05, 1.44654395626e-05, 1.21831681099e-05, 7.50010667616e-06, 4.28517523687e-06, 4.50277320851e-06, 1.69352244939e-06, 5.84177996643e-07, 3.40057994208e-07, 5.58250583538e-08, 1.82896844336e-08, 1.12613740555e-08, 1.1279740697e-08, 7.74581998542e-09, 9.02091379373e-09, 6.48363540634e-09, 2.09402117868e-09, 2.6550670551e-09, 1.14046916355e-09, 1.37090491736e-10, 1.22605342545e-10, 1.16991458188e-10, 1.12109661832e-10, 1.06128612842e-10, 1.00446172213e-10, 1.06781694598e-10, 1.05334685419e-10, 9.91617274404e-11, 9.64604160436e-11, 9.31047600128e-11],
        "mean": [1.10056926133e-05, 7.76771776145e-05, 0.000169931998244, 0.000245171861025, 0.000360626290785, 0.00044222039287, 0.000472156505566, 0.000528103555553, 0.000679094169755, 0.000836526451167, 0.000856765254866, 0.000648317683954, 0.000480881310068, 0.000345193926478, 0.0002328742994, 0.000220106594497, 0.000323906831909, 0.000368060864275, 0.00037272204645, 0.000661851197947, 0.000736983784009, 0.000434274348663, 0.000439290713985, 0.00031943799695, 0.000277982093394, 0.000161549905897, 0.000384712184314, 0.000275278434856, 0.000171130319359, 0.000165816178196, 0.000113999310997, 6.92658941261e-05, 0.000136627350003, 9.93811772787e-05, 5.30187462573e-05, 4.62170064566e-05, 0.000108637148514, 8.67236012709e-05, 6.97863506502e-05, 5.66012968193e-05, 2.83637782559e-05, 0.000107622123323, 9.49358363869e-05, 5.78617982683e-05, 4.43357384938e-05, 5.22398586327e-05, 7.01292883605e-05, 3.29006179527e-05, 2.66031565843e-05, 3.48902940459e-05, 2.73703954008e-05, 2.12042432395e-05, 1.85888366104e-05, 1.70766688825e-05, 2.06226977753e-05, 2.35067764152e-05, 2.18805434997e-05, 3.82651523978e-05, 3.52179376932e-05, 1.62827454915e-05, 1.18088373711e-05, 1.33642843139e-05, 1.00567694972e-05, 1.01253581306e-05, 6.41215592623e-06, 6.32240880805e-06, 9.31048998609e-06, 4.12490044255e-06, 3.06133142658e-06, 4.51389632872e-06, 3.69607778339e-06, 3.02913713313e-06, 2.62149296759e-06, 2.97516066894e-06, 2.57472743215e-06, 2.02410319616e-06, 1.14708745969e-06, 1.15918078336e-06, 1.77248637101e-06, 1.81686004908e-06, 1.30987132252e-06, 1.35637321819e-06, 1.11841859507e-06, 1.15267323508e-06, 1.09684685867e-06, 7.16154545444e-07, 7.82006736699e-07, 6.91731884217e-07, 8.14983025066e-07, 6.88587022069e-07, 4.79636298678e-07, 3.42755754446e-07, 4.23269568728e-07, 3.00306709278e-07, 2.69998679414e-07, 2.6606679171e-07, 2.37406936776e-07, 1.73659387315e-07, 1.4780904678e-07, 1.36156600661e-07, 9.86478596587e-08, 7.36628038567e-08, 7.03195652818e-08, 6.39069668296e-08, 3.77977613653e-08, 2.14608686377e-08, 1.30712773938e-08, 8.01971467013e-09, 4.48981429813e-09, 3.18237658448e-09, 2.94895530217e-09, 1.7491305071e-09, 7.72086339307e-10, 5.34256916485e-10, 2.74954947699e-10, 2.34682995259e-10, 2.19676152269e-10, 3.78009689522e-12, 3.54990320993e-12, 3.48571930868e-12, 3.41664782404e-12, 3.36312184698e-12, 3.2880631811e-12, 3.22355597077e-12, 3.20002900046e-12, 3.17154787675e-12, 3.15544682397e-12, 3.1316143255e-12],
        "min": [1.80252102133e-09, 2.42137989659e-08, 2.03858306236e-07, 1.00001864212e-06, 1.09597397113e-06, 1.46888237396e-06, 1.87907517102e-06, 1.27791690829e-06, 3.14150292979e-06, 5.97422194915e-06, 1.92949232769e-06, 9.900651321e-08, 1.48077231188e-06, 1.28513477193e-06, 4.84388067434e-07, 3.18958399248e-07, 6.29984185707e-07, 6.97662358107e-07, 9.17374677556e-07, 9.71766439761e-07, 6.96863935445e-07, 2.88184708097e-07, 1.68250423371e-07, 4.98699250784e-07, 3.0901250625e-07, 1.19272513643e-07, 1.684083486e-07, 6.94904400689e-08, 1.36628315772e-07, 7.684607084e-08, 6.83564138626e-08, 2.11268158523e-08, 4.08662330642e-08, 8.56600337329e-08, 9.0780375217e-08, 1.34576055189e-07, 6.68891644295e-08, 6.89109853624e-08, 9.14964459753e-08, 1.08170787883e-07, 4.81586930334e-08, 2.5771006662e-08, 5.80062291533e-08, 3.56684246583e-08, 4.10001845808e-08, 6.41909849719e-08, 9.77778711331e-08, 6.74331772643e-08, 1.77524732692e-08, 1.40412822702e-07, 1.03417718833e-07, 1.80586194887e-08, 1.56915902494e-08, 2.96144442302e-08, 4.78888395605e-08, 5.59329542682e-08, 6.37722692431e-08, 7.83767859502e-08, 8.57086561723e-08, 2.09811652496e-08, 3.34668293078e-08, 3.66792640705e-08, 3.76772533173e-08, 2.09226413972e-08, 1.12372715577e-08, 3.04148173313e-08, 2.09303916421e-08, 1.59829411928e-08, 4.67119036784e-08, 2.54380001508e-08, 1.67763793968e-08, 1.07294280127e-08, 8.87213325029e-09, 6.71056454848e-09, 8.43213232571e-09, 1.25307861865e-08, 7.33458138669e-09, 5.65526825369e-09, 9.63452073677e-09, 8.50227799276e-09, 7.58039409021e-09, 9.72303215718e-09, 3.85707954464e-09, 5.71184743947e-09, 6.53331166944e-09, 5.531570757e-09, 5.14045606081e-09, 6.90749368815e-09, 3.72211017563e-09, 2.69549293996e-09, 2.6207156445e-09, 2.21825757762e-09, 8.02351518558e-10, 9.89931359108e-10, 1.47494394476e-09, 3.40496075779e-10, 8.47719394681e-10, 7.12329473185e-10, 6.370199368e-10, 1.56786128525e-09, 2.89380852614e-09, 3.37780248216e-09, 1.8312734662e-09, 1.09009412608e-09, 9.46942524394e-10, 1.18537013538e-10, 1.09719705543e-10, 1.53109538936e-10, 1.01774373651e-10, 4.38794070523e-11, 1.5465080605e-10, 9.32206742355e-11, 4.10317439747e-11, 7.6218770878e-12, 8.66336191153e-13, 2.71687972684e-13, 2.73541091037e-13, 1.84019208834e-13, 1.43389301626e-13, 1.75630939913e-13, 1.51159277153e-13, 1.10710987361e-13, 1.70918943061e-13, 1.57083330718e-13, 1.75748223483e-13, 1.36339900416e-13, 1.78259018874e-13, 1.68012522297e-13],
        "stdev": [2.23485385504e-05, 0.000167840567883, 0.000357343902579, 0.000400746066589, 0.000517912849318, 0.000582401524298, 0.000632619427051, 0.000766433018725, 0.00103480287362, 0.0012928545475, 0.00142990541644, 0.00124085776042, 0.000917409837712, 0.00051422661636, 0.00041870525456, 0.00049906084314, 0.000898990081623, 0.000909014604986, 0.000877089332789, 0.00136490166187, 0.0018203088548, 0.00138313998468, 0.00183378357906, 0.00104968820233, 0.000744671211578, 0.000456583307823, 0.00107061350718, 0.000639765697997, 0.000602084386628, 0.000430262152804, 0.000303495471599, 0.000189180471352, 0.000354302901542, 0.000265964219579, 0.000132138637127, 0.000129259351525, 0.000314578937832, 0.000267408788204, 0.000164331184351, 0.000143262805068, 0.000102827820228, 0.000317919417284, 0.000234019738855, 0.000178023808985, 0.00014168175403, 0.000137200710014, 0.00018974635168, 0.00010040961206, 7.7908844105e-05, 6.69688888593e-05, 5.6436201703e-05, 5.10040663357e-05, 6.60831501591e-05, 4.52341373602e-05, 4.44211182185e-05, 5.25013674633e-05, 4.27768209192e-05, 6.98941512383e-05, 6.90031811246e-05, 4.25175203418e-05, 2.14002575376e-05, 2.54164406215e-05, 1.82813928404e-05, 1.98939906113e-05, 1.46556621985e-05, 1.45233971125e-05, 2.21574955503e-05, 9.73484566202e-06, 7.13995814294e-06, 9.23371317185e-06, 7.68912013882e-06, 8.59078772919e-06, 6.80626453686e-06, 9.07099547476e-06, 6.65079960527e-06, 5.1172255553e-06, 3.26748022417e-06, 3.03787123812e-06, 3.82647385777e-06, 4.14440091845e-06, 2.60196929958e-06, 2.87668081e-06, 2.37122026192e-06, 3.17479202749e-06, 3.03040565086e-06, 2.4588771339e-06, 2.26781912716e-06, 2.21965069613e-06, 3.22425898958e-06, 4.95307585879e-06, 2.37926633417e-06, 1.58861962518e-06, 2.60551587417e-06, 1.40314512009e-06, 9.61666501098e-07, 1.38549228268e-06, 9.17762008612e-07, 7.68925701777e-07, 6.74874456763e-07, 5.81848553338e-07, 4.02891657814e-07, 2.83924435962e-07, 2.17181380435e-07, 1.86186838391e-07, 9.21021197087e-08, 3.27894937868e-08, 1.200028521e-08, 3.11017611665e-09, 1.64535285396e-09, 1.03232611348e-09, 9.03731867119e-10, 6.50055509421e-10, 3.52554679894e-10, 2.81754453102e-10, 1.61268706722e-10, 1.53593610053e-10, 1.6671941605e-10, 6.3780764524e-12, 6.0809131168e-12, 5.89765779616e-12, 5.73546722268e-12, 5.57157878861e-12, 5.43129690528e-12, 5.41068969143e-12, 5.33327288582e-12, 5.22451439749e-12, 5.16113497426e-12, 5.11054046304e-12]
    },
    "mfcc": {
        "mean": [-656.208312988, 146.84727478, -17.7160778046, 16.7503356934, -2.15861678123, -3.43578004837, -11.6651611328, 0.71346861124, -5.65830373764, -5.09088182449, -0.208179235458, -3.06357765198, -6.57053518295],
        "cov": [[2529.76904297, -513.895141602, -466.425048828, -84.2865829468, -314.062103271, 33.5391693115, -24.3573246002, 53.1485443115, -63.5165405273, 158.157592773, -31.6770763397, -64.6508789062, -108.272026062], [-513.895141602, 590.071289062, -68.687713623, -64.2966690063, 83.6876220703, -62.6954154968, 29.734746933, 28.0897350311, 11.1539497375, -34.3064422607, 71.9619216919, 3.72308921814, -0.0249170996249], [-466.425048828, -68.687713623, 442.850738525, 84.750869751, 62.570186615, 45.0813865662, 9.62001895905, -47.5525665283, 0.279811859131, -33.6038894653, -83.8132629395, 29.8379955292, 76.1101531982], [-84.2865829468, -64.2966690063, 84.750869751, 228.585723877, 82.420715332, 18.2636146545, -62.8461990356, -5.36082077026, 32.1824378967, -34.7434959412, -25.2334594727, -0.695264399052, 27.1140613556], [-314.062103271, 83.6876220703, 62.570186615, 82.420715332, 224.024032593, -12.3688745499, -78.0185546875, 11.5645074844, 37.3156929016, -27.3575553894, 1.06631076336, 10.197593689, 17.0327091217], [33.5391693115, -62.6954154968, 45.0813865662, 18.2636146545, -12.3688745499, 107.764060974, 30.4137210846, -5.9743475914, -10.394536972, -15.9718542099, -9.76441478729, -7.84117555618, 2.90296387672], [-24.3573246002, 29.734746933, 9.62001895905, -62.8461990356, -78.0185546875, 30.4137210846, 251.402114868, -2.34778404236, -32.0344467163, 34.6345710754, -34.0886993408, -2.85090112686, -1.4718132019], [53.1485443115, 28.0897350311, -47.5525665283, -5.36082077026, 11.5645074844, -5.9743475914, -2.34778404236, 102.885246277, 17.3534011841, -16.7290496826, 38.7033309937, -16.6485805511, -25.6734752655], [-63.5165405273, 11.1539497375, 0.279811859131, 32.1824378967, 37.3156929016, -10.394536972, -32.0344467163, 17.3534011841, 87.3273468018, 6.43210220337, 6.48359012604, 7.41315031052, -1.99673175812], [158.157592773, -34.3064422607, -33.6038894653, -34.7434959412, -27.3575553894, -15.9718542099, 34.6345710754, -16.7290496826, 6.43210220337, 105.398925781, -6.3256111145, -6.22232103348, -3.69055604935], [-31.6770763397, 71.9619216919, -83.8132629395, -25.2334594727, 1.06631076336, -9.76441478729, -34.0886993408, 38.7033309937, 6.48359012604, -6.3256111145, 148.01171875, 16.5657062531, -48.5996932983], [-64.6508789062, 3.72308921814, 29.8379955292, -0.695264399052, 10.197593689, -7.84117555618, -2.85090112686, -16.6485805511, 7.41315031052, -6.22232103348, 16.5657062531, 88.3986816406, 34.8638877869], [-108.272026062, -0.0249170996249, 76.1101531982, 27.1140613556, 17.0327091217, 2.90296387672, -1.4718132019, -25.6734752655, -1.99673175812, -3.69055604935, -48.5996932983, 34.8638877869, 104.149971008]],
        "icov": [[0.000928643101361, 0.000524662318639, 0.0009453422972, -0.000229116005357, 0.000873179233167, -0.000551744131371, 0.000654461968224, -0.000939175777603, 0.000754200329538, -0.00121728004888, 0.000957356474828, -0.000525852490682, 0.000578739272896], [0.000524662318639, 0.00281500350684, 0.000808989745565, 0.000823032925837, -0.000900313258171, 0.00121902721003, -0.000812493846752, 1.07552650661e-05, -0.000124483296531, 0.000835058686789, -0.00111718464177, 0.000830581935588, -0.000927070039324], [0.0009453422972, 0.000808989745565, 0.00413254182786, -0.000682356650941, 5.52678029635e-05, -0.00138169748243, 0.000235694344155, -0.000143785728142, 0.000714454508852, -0.000372721988242, 0.00191106391139, -0.00109816296026, -0.000602143118158], [-0.000229116005357, 0.000823032925837, -0.000682356650941, 0.0064125135541, -0.00209656194784, -0.000316220044624, 0.000309306313284, 0.000829924305435, -0.00210760021582, 0.00208663474768, -0.000348325032974, 0.00142040627543, -0.00145259592682], [0.000873179233167, -0.000900313258171, 5.52678029635e-05, -0.00209656194784, 0.00756528275087, -0.000603641034104, 0.00242827716284, -0.00188914511818, -0.000403041922254, -0.0014229909284, 0.00165920553263, -0.00129945075605, 0.000912250368856], [-0.000551744131371, 0.00121902721003, -0.00138169748243, -0.000316220044624, -0.000603641034104, 0.0120522659272, -0.00266697700135, 0.00160904659424, -0.000368786189938, 0.0034757591784, -0.0022776639089, 0.00252074771561, -0.00115006952547], [0.000654461968224, -0.000812493846752, 0.000235694344155, 0.000309306313284, 0.00242827716284, -0.00266697700135, 0.00639584707096, -0.00223802379332, 0.00211617373861, -0.00329852174036, 0.00312164379284, -0.0019522854127, 0.00167718995363], [-0.000939175777603, 1.07552650661e-05, -0.000143785728142, 0.000829924305435, -0.00188914511818, 0.00160904659424, -0.00223802379332, 0.0140226585791, -0.00396305462345, 0.00453718472272, -0.0045777936466, 0.00413565896451, -0.000833946396597], [0.000754200329538, -0.000124483296531, 0.000714454508852, -0.00210760021582, -0.000403041922254, -0.000368786189938, 0.00211617373861, -0.00396305462345, 0.0149404192343, -0.00402910308912, 0.00194805581123, -0.00306258443743, 0.00201766402461], [-0.00121728004888, 0.000835058686789, -0.000372721988242, 0.00208663474768, -0.0014229909284, 0.0034757591784, -0.00329852174036, 0.00453718472272, -0.00402910308912, 0.0143228573725, -0.00246310443617, 0.00306246988475, -0.00207267818041], [0.000957356474828, -0.00111718464177, 0.00191106391139, -0.000348325032974, 0.00165920553263, -0.0022776639089, 0.00312164379284, -0.0045777936466, 0.00194805581123, -0.00246310443617, 0.0129502583295, -0.00639471411705, 0.00653058988973], [-0.000525852490682, 0.000830581935588, -0.00109816296026, 0.00142040627543, -0.00129945075605, 0.00252074771561, -0.0019522854127, 0.00413565896451, -0.00306258443743, 0.00306246988475, -0.00639471411705, 0.0170391760767, -0.00761760352179], [0.000578739272896, -0.000927070039324, -0.000602143118158, -0.00145259592682, 0.000912250368856, -0.00115006952547, 0.00167718995363, -0.000833946396597, 0.00201766402461, -0.00207267818041, 0.00653058988973, -0.00761760352179, 0.0162847395986]]
    },
    "spectral_contrast_coeffs": {
        "max": [-0.414882898331, -0.470766842365, -0.510968387127, -0.605794370174, -0.598067939281, -0.627326011658],
        "mean": [-0.688267886639, -0.743961274624, -0.741054713726, -0.767935812473, -0.757353067398, -0.765735089779],
        "min": [-0.900678932667, -0.916616737843, -0.907399058342, -0.896759808064, -0.878209888935, -0.874053835869],
        "stdev": [0.0639351829886, 0.074981212616, 0.0737148076296, 0.0560974143445, 0.0556726939976, 0.0417252853513]
    },
    "spectral_contrast_valleys": {
        "max": [-5.15489959717, -4.66093301773, -5.37854671478, -5.73352193832, -6.03241920471, -8.19160652161],
        "mean": [-6.73535013199, -6.40727090836, -7.34997177124, -7.65886974335, -7.9477314949, -10.7879953384],
        "min": [-8.56726646423, -7.89666843414, -9.2709569931, -9.22944068909, -9.3675403595, -11.7197933197],
        "stdev": [0.494583964348, 0.530153155327, 0.648464024067, 0.621111452579, 0.642797350883, 0.526844024658]
    }
},
"rhythm": {
    "beats_count": 86,
    "beats_loudness": {
        "max": 0.0936148911715,
        "mean": 0.0314016342163,
        "min": 0.00346638332121,
        "stdev": 0.0197037868202
    },
    "bpm": 106.064193726,
    "bpm_histogram_first_peak_bpm": 105,
    "bpm_histogram_first_peak_weight": 0.333333313465,
    "bpm_histogram_second_peak_bpm": 110,
    "bpm_histogram_second_peak_spread": 0.285714328289,
    "bpm_histogram_second_peak_weight": 0.0588235296309,
    "danceability": 1.14581370354,
    "onset_rate": 3.5478515625,
    "beats_loudness_band_ratio": {
        "max": [0.780235409737, 0.707421660423, 0.811523139477, 0.58384758234, 0.448691964149, 0.128031358123],
        "mean": [0.280975401402, 0.233449116349, 0.300247937441, 0.131889849901, 0.0924097970128, 0.0206935424358],
        "min": [0.0196814257652, 0.0386904813349, 0.0359950996935, 0.00525261228904, 0.0063715451397, 0.00132143683732],
        "stdev": [0.18464051187, 0.148358613253, 0.199339926243, 0.113932855427, 0.0856433734298, 0.026568878442]
    },
