{
"metadata": {
    "version": {
        "essentia": "2.1-beta5",
        "essentia_git_sha": "Undefined",
        "extractor": "music 2.0"
    },
    "audio_properties": {
        "analysis": {
            "equal_loudness": 0,
            "length": 16.2423591614,
            "sample_rate": 44100,
            "start_time": 0,
            "downmix": "mix"
        },
        "bit_rate": 192000,
        "length": 165.25642395,
        "lossless": 0,
        "number_channels": 2,
        "replay_gain": -8.98660087585,
        "sample_rate": 44100,
        "codec": "mp3",
        "md5_encoded": "57953fdea7ce32c4800467a153724094"
    },
    "tags": {
        "file_name": "Denmark_Hallo Hallo_Lonnie Devantier.mp3",
        "encoding": ["Lavf58.29.100"]
    }
},
"lowlevel": {
    "average_loudness": 0.9814696908,
    "barkbands_crest": {
        "max": 20.5958099365,
        "mean": 7.78086185455,
        "min": 3.0379524231,
        "stdev": 2.84977984428
    },
    "barkbands_flatness_db": {
        "max": 0.272846519947,
        "mean": 0.175814494491,
        "min": 0.0817856043577,
        "stdev": 0.0315201282501
    },
    "barkbands_kurtosis": {
        "max": 14.5293121338,
        "mean": 0.760485172272,
        "min": -1.72502958775,
        "stdev": 2.10621237755
    },
    "barkbands_skewness": {
        "max": 3.37499308586,
        "mean": 0.816991329193,
        "min": -1.80397546291,
        "stdev": 0.744845807552
    },
    "barkbands_spread": {
        "max": 38.5097503662,
        "mean": 16.5485420227,
        "min": 3.08040189743,
        "stdev": 6.1868429184
    },
    "dissonance": {
        "max": 0.499899655581,
        "mean": 0.465356618166,
        "min": 0.267973661423,
        "stdev": 0.0264422856271
    },
    "dynamic_complexity": 1.33401298523,
    "erbbands_crest": {
        "max": 28.5068283081,
        "mean": 8.77662086487,
        "min": 3.30557107925,
        "stdev": 3.92768287659
    },
    "erbbands_flatness_db": {
        "max": 0.344488292933,
        "mean": 0.237667351961,
        "min": 0.112581349909,
        "stdev": 0.0359142646194
    },
    "erbbands_kurtosis": {
        "max": 8.03586864471,
        "mean": -0.0518537610769,
        "min": -1.58494889736,
        "stdev": 1.16150474548
    },
    "erbbands_skewness": {
        "max": 1.91596865654,
        "mean": 0.076332770288,
        "min": -1.67870914936,
        "stdev": 0.498559951782
    },
    "erbbands_spread": {
        "max": 60.1313743591,
        "mean": 26.0846004486,
        "min": 4.89332199097,
        "stdev": 9.62449932098
    },
    "hfc": {
        "max": 100.490646362,
        "mean": 26.4556751251,
        "min": 1.1664202196e-16,
        "stdev": 15.8004379272
    },
    "loudness_ebu128": {
        "integrated": -14.1229133606,
        "loudness_range": 1.29876327515,
        "momentary": {
            "max": -12.1320772171,
            "mean": -14.197303772,
            "min": -16.0180301666,
            "stdev": 0.802243709564
        },
        "short_term": {
            "max": -13.3077764511,
            "mean": -14.1231489182,
            "min": -14.8225164413,
            "stdev": 0.438547134399
        }
    },
    "melbands_crest": {
        "max": 27.3424053192,
        "mean": 10.2138214111,
        "min": 1.96891212463,
        "stdev": 3.54384112358
    },
    "melbands_flatness_db": {
        "max": 0.323152512312,
        "mean": 0.199135035276,
        "min": 0.0047737583518,
        "stdev": 0.0429247170687
    },
    "melbands_kurtosis": {
        "max": 21.4781093597,
        "mean": 3.1164662838,
        "min": -1.50599396229,
        "stdev": 3.8559076786
    },
    "melbands_skewness": {
        "max": 3.96047902107,
        "mean": 1.39842140675,
        "min": -0.991459667683,
        "stdev": 0.859152317047
    },
    "melbands_spread": {
        "max": 116.67628479,
        "mean": 23.9913902283,
        "min": 5.55162239075,
        "stdev": 10.1838560104
    },
    "pitch_salience": {
        "max": 0.86596763134,
        "mean": 0.641246140003,
        "min": 0.27932280302,
        "stdev": 0.0804898738861
    },
    "silence_rate_20dB": {
        "max": 1,
        "mean": 1,
        "min": 1,
        "stdev": 0
    },
    "silence_rate_30dB": {
        "max": 1,
        "mean": 1,
        "min": 1,
        "stdev": 0
    },
    "silence_rate_60dB": {
        "max": 1,
        "mean": 0.00142653356306,
        "min": 0,
        "stdev": 0.0377424173057
    },
    "spectral_centroid": {
        "max": 11069.4052734,
        "mean": 1251.56726074,
        "min": 433.67098999,
        "stdev": 562.310058594
    },
    "spectral_complexity": {
        "max": 46,
        "mean": 24.5549221039,
        "min": 0,
        "stdev": 7.356341362
    },
    "spectral_decrease": {
        "max": -1.09273148369e-28,
        "mean": -7.26361282233e-09,
        "min": -2.13150439521e-08,
        "stdev": 3.28384253123e-09
    },
    "spectral_energy": {
        "max": 0.0883459225297,
        "mean": 0.029814152047,
        "min": 1.09921947495e-20,
        "stdev": 0.0135731548071
    },
    "spectral_energyband_high": {
        "max": 0.00228322204202,
        "mean": 0.000380008656066,
        "min": 8.11121434104e-21,
        "stdev": 0.000402280420531
    },
    "spectral_energyband_low": {
        "max": 0.0155500620604,
        "mean": 0.00197358708829,
        "min": 3.36280075853e-23,
        "stdev": 0.00199758959934
    },
    "spectral_energyband_middle_high": {
        "max": 0.0691164135933,
        "mean": 0.0111592877656,
        "min": 1.72772301737e-21,
        "stdev": 0.00920592620969
    },
    "spectral_energyband_middle_low": {
        "max": 0.0731882750988,
        "mean": 0.0172302871943,
        "min": 2.31588660114e-22,
        "stdev": 0.00981912948191
    },
    "spectral_entropy": {
        "max": 9.80311393738,
        "mean": 7.30818271637,
        "min": 6.39267206192,
        "stdev": 0.328791260719
    },
    "spectral_flux": {
        "max": 0.259063482285,
        "mean": 0.0979795008898,
        "min": 1.04843668469e-10,
        "stdev": 0.036768566817
    },
    "spectral_kurtosis": {
        "max": 36.1916351318,
        "mean": 6.61304235458,
        "min": -1.21433341503,
        "stdev": 5.70232820511
    },
    "spectral_rms": {
        "max": 0.00928391888738,
        "mean": 0.00525727821514,
        "min": 3.27476609198e-12,
        "stdev": 0.00120332813822
    },
    "spectral_rolloff": {
        "max": 18281.6894531,
        "mean": 1548.14904785,
        "min": 387.59765625,
        "stdev": 833.960571289
    },
    "spectral_skewness": {
        "max": 4.25344896317,
        "mean": 1.47995138168,
        "min": -0.0140882842243,
        "stdev": 0.635075628757
    },
    "spectral_spread": {
        "max": 40420568,
        "mean": 2668764.75,
        "min": 1479712.375,
        "stdev": 1720982.75
    },
    "spectral_strongpeak": {
        "max": 10.3547058105,
        "mean": 1.72103381157,
        "min": 5.29170929298e-09,
        "stdev": 1.87357592583
    },
    "zerocrossingrate": {
        "max": 0.50537109375,
        "mean": 0.0533034577966,
        "min": 0.013671875,
        "stdev": 0.0222655162215
    },
    "barkbands": {
        "max": [0.000164231591043, 0.00565528403968, 0.00673062540591, 0.0100646708161, 0.0271882228553, 0.0329780727625, 0.0438694432378, 0.0185703411698, 0.0481469705701, 0.0544656775892, 0.0295807160437, 0.0166471209377, 0.0207862891257, 0.0237237885594, 0.0266145337373, 0.0134965768084, 0.0322137996554, 0.00447418121621, 0.0025636262726, 0.00123321963474, 0.00165116868448, 0.00062423129566, 0.00054149562493, 0.000121050601592, 1.43559364005e-05, 5.4562809737e-07, 5.58741135137e-07],
        "mean": [1.1762757822e-05, 0.000459084636532, 0.000826941686682, 0.00128555472475, 0.00435491651297, 0.00444399053231, 0.00208947295323, 0.00163783773314, 0.00271349516697, 0.0019846833311, 0.00140632095281, 0.0017163651064, 0.00118969904725, 0.00121364137158, 0.00181687460281, 0.000781046866905, 0.000651211536024, 0.000397117401008, 0.000353225274011, 0.000221952461288, 0.000167811318533, 6.30727226962e-05, 2.21060327021e-05, 5.08711991642e-06, 9.02964472971e-07, 8.72992078627e-09, 2.8754707504e-09],
        "min": [1.84379670516e-24, 2.54453301203e-23, 5.52394642399e-24, 1.38307921732e-23, 2.38079798918e-23, 3.43562997502e-23, 2.32341025159e-23, 6.3134431511e-23, 6.29134494834e-23, 4.90018558653e-23, 4.89873471356e-23, 5.89225706094e-23, 1.14644789324e-22, 1.28213499817e-22, 1.25376087047e-22, 1.68811677257e-22, 1.64079218645e-22, 2.59118466824e-22, 4.34447940072e-22, 3.98712212899e-22, 3.96188085194e-22, 6.35852838199e-22, 9.19275844456e-22, 9.66486935579e-22, 1.34135555625e-21, 1.79364462699e-21, 2.17449526195e-21],
        "stdev": [1.67832913576e-05, 0.00062348326901, 0.000965404207818, 0.00130054226611, 0.00330059789121, 0.00435533281416, 0.00325026060455, 0.00219222577289, 0.00451194681227, 0.00418649567291, 0.00339112919755, 0.00232741143554, 0.00219501089305, 0.00201861397363, 0.00298848631792, 0.00144759612158, 0.00147123006172, 0.000486611679662, 0.000368157401681, 0.000225846786634, 0.00019869323296, 9.05388005776e-05, 4.47493075626e-05, 1.02099384094e-05, 1.13643818622e-06, 2.88385706426e-08, 2.97777251745e-08]
    },
    "erbbands": {
        "max": [0.10249967128, 1.54625213146, 6.73477506638, 25.1062889099, 85.6802139282, 79.6581954956, 244.447006226, 316.08984375, 469.647613525, 590.565612793, 556.017456055, 767.957702637, 2099.42163086, 1412.65783691, 1359.81506348, 722.785949707, 577.987426758, 988.986999512, 2049.76098633, 978.45135498, 914.672363281, 1365.26660156, 190.236343384, 187.867721558, 123.065414429, 69.9435119629, 91.6300201416, 40.1067390442, 26.1321258545, 13.5353126526, 14.4832248688, 5.44416046143, 1.36273288727, 0.273143559694, 0.0687553063035, 0.00237868516706, 0.00103237654548, 0.000359424127964, 9.5226263511e-05, 0.000105922546936],
        "mean": [0.00726631935686, 0.132763668895, 0.827043890953, 3.02641201019, 8.23687267303, 15.205830574, 33.5903892517, 31.1870574951, 29.1580104828, 28.0531997681, 44.0857772827, 56.490070343, 69.912437439, 62.7577171326, 70.0344238281, 70.1758956909, 50.8489265442, 68.1140441895, 98.2667160034, 58.0774879456, 48.8986816406, 30.6223831177, 21.7286014557, 20.7768440247, 15.0838594437, 11.3109016418, 8.99023342133, 4.48475933075, 2.50820636749, 1.31515717506, 0.546768188477, 0.183067142963, 0.0521453022957, 0.015823058784, 0.00366800720803, 0.000170937710209, 3.9984461182e-05, 1.02906406028e-05, 1.71054525708e-05, 3.57354147127e-05],
        "min": [3.5556697399e-22, 6.86691982667e-21, 9.2644592113e-21, 1.91192345743e-20, 9.31375772178e-20, 8.79362655261e-20, 5.03982309483e-20, 3.52620115795e-19, 4.61462660445e-19, 5.46390327912e-19, 1.30848961064e-18, 1.65084880943e-18, 1.63512224483e-18, 1.85978305163e-18, 1.74820010931e-18, 3.13626645943e-18, 4.76022796985e-18, 5.85617445267e-18, 8.17658853804e-18, 6.31402636634e-18, 9.06958129449e-18, 9.08241500169e-18, 1.24181622697e-17, 2.06658089311e-17, 2.12996211862e-17, 1.91094553737e-17, 1.5194677541e-17, 1.84402993453e-17, 1.91778913345e-17, 3.33035487759e-17, 2.20360418876e-17, 2.00261170762e-17, 1.55973920766e-17, 1.30239711524e-17, 1.11454845131e-17, 5.85381657433e-18, 3.41290667554e-18, 1.31967619445e-18, 2.75673397071e-19, 3.21984964821e-20],
        "stdev": [0.0100855669007, 0.17636936903, 0.980229496956, 2.94523906708, 8.78823947906, 12.4583787918, 33.9390296936, 35.5626029968, 37.7092971802, 45.8380088806, 60.3360366821, 82.071105957, 157.453872681, 105.503593445, 138.348129272, 87.4138031006, 71.4961547852, 105.2162323, 170.472396851, 104.758857727, 86.7108688354, 60.7911834717, 24.4952220917, 21.7334136963, 15.9355478287, 11.9998378754, 9.98423480988, 5.84679460526, 3.55016827583, 1.96954739094, 1.22827529907, 0.42366155982, 0.0969362482429, 0.0220775250345, 0.00478205317631, 0.000225422700169, 5.42709931324e-05, 1.89594557014e-05, 8.55734015204e-06, 1.63359836733e-05]
    },
    "gfcc": {
        "mean": [-17.5854721069, 156.288818359, -182.782806396, 28.4613437653, -65.3864517212, -7.91673183441, -30.6546230316, -19.6846046448, -14.8746623993, -17.3542900085, -2.53402757645, -19.5644283295, 5.09555149078],
        "cov": [[3104.21850586, 63.8118858337, -556.486572266, 370.145843506, -187.31968689, -51.7570037842, 18.9831199646, -57.0711479187, 62.7472496033, -41.2902755737, -22.8601036072, -9.02604484558, -41.9479637146], [63.8118858337, 338.866607666, 103.974830627, -152.657058716, 132.104385376, -9.53956604004, 0.301230370998, 22.1889572144, -40.3132286072, 11.6424674988, 22.3169765472, -34.940322876, 20.8134651184], [-556.486572266, 103.974830627, 359.767669678, 13.3347225189, -24.0778617859, 48.539932251, -36.6446418762, -5.43117761612, -17.7441062927, 11.8598022461, -7.30622577667, 7.97339057922, -8.42851257324], [370.145843506, -152.657058716, 13.3347225189, 378.308624268, -123.542793274, -3.64786100388, -1.86704850197, -24.5962257385, 61.1677856445, -7.76131534576, -23.3010540009, 43.948184967, -53.049407959], [-187.31968689, 132.104385376, -24.0778617859, -123.542793274, 254.156265259, -0.849762916565, 19.1793670654, 70.5177307129, -18.8357315063, 7.85737037659, 19.6104888916, -25.33244133, 18.6510429382], [-51.7570037842, -9.53956604004, 48.539932251, -3.64786100388, -0.849762916565, 111.567871094, 37.0670547485, -4.44944477081, -8.38027954102, -0.955517828465, -6.41429710388, -13.0207662582, -19.2948760986], [18.9831199646, 0.301230370998, -36.6446418762, -1.86704850197, 19.1793670654, 37.0670547485, 112.567947388, 6.411860466, -7.64312410355, 16.4379901886, 7.97315692902, -5.69953155518, -18.3185939789], [-57.0711479187, 22.1889572144, -5.43117761612, -24.5962257385, 70.5177307129, -4.44944477081, 6.411860466, 101.702697754, 28.5812168121, -12.5335235596, 4.45824241638, 2.59490585327, 11.9503221512], [62.7472496033, -40.3132286072, -17.7441062927, 61.1677856445, -18.8357315063, -8.38027954102, -7.64312410355, 28.5812168121, 67.9909667969, 4.53281545639, -10.309217453, 15.235291481, -5.60096883774], [-41.2902755737, 11.6424674988, 11.8598022461, -7.76131534576, 7.85737037659, -0.955517828465, 16.4379901886, -12.5335235596, 4.53281545639, 59.9258422852, 22.7623195648, -1.76207053661, -7.89585113525], [-22.8601036072, 22.3169765472, -7.30622577667, -23.3010540009, 19.6104888916, -6.41429710388, 7.97315692902, 4.45824241638, -10.309217453, 22.7623195648, 57.6600875854, 14.5462598801, 3.2187538147], [-9.02604484558, -34.940322876, 7.97339057922, 43.948184967, -25.33244133, -13.0207662582, -5.69953155518, 2.59490585327, 15.235291481, -1.76207053661, 14.5462598801, 52.8348426819, 7.00478744507], [-41.9479637146, 20.8134651184, -8.42851257324, -53.049407959, 18.6510429382, -19.2948760986, -18.3185939789, 11.9503221512, -5.60096883774, -7.89585113525, 3.2187538147, 7.00478744507, 55.5117797852]],
        "icov": [[0.00131287996192, -0.0029869589489, 0.0035168081522, -0.00211142445914, 0.00193623057567, -0.00159854209051, 0.0012129554525, -0.000773098377977, 0.000871627649758, -0.000646976812277, 0.000817184627522, -0.000317133817589, -2.26988195209e-05], [-0.0029869589489, 0.0122526735067, -0.0103446012363, 0.00597500056028, -0.00666689919308, 0.00566518399864, -0.0038695903495, 0.00286647537723, -0.00256258039735, 0.00281717674807, -0.00412795925513, 0.00386104709469, -0.000502448005136], [0.0035168081522, -0.0103446012363, 0.0141056803986, -0.00637082289904, 0.00660308822989, -0.00745342019945, 0.0061715580523, -0.00422425707802, 0.00548930093646, -0.00506865885109, 0.00498076807708, -0.00409489171579, 0.000787142547779], [-0.00211142445914, 0.00597500056028, -0.00637082289904, 0.00822499860078, -0.00262037012726, 0.00358377839439, -0.00255678477697, 0.00253974320367, -0.00472097005695, 0.0024385957513, -0.000722596712876, -0.00194540829398, 0.0039505828172], [0.00193623057567, -0.00666689919308, 0.00660308822989, -0.00262037012726, 0.0101830707863, -0.00315332366154, 0.00215277262032, -0.0067834360525, 0.00435316748917, -0.00337592954747, 0.00166247715242, -4.76143031847e-05, -1.67890812008e-05], [-0.00159854209051, 0.00566518399864, -0.00745342019945, 0.00358377839439, -0.00315332366154, 0.0149857290089, -0.00667883036658, 0.00251096743159, -0.00247526238672, 0.00417456729338, -0.002105623018, 0.0040640514344, 0.00243809213862], [0.0012129554525, -0.0038695903495, 0.0061715580523, -0.00255678477697, 0.00215277262032, -0.00667883036658, 0.0141809666529, -0.00410500261933, 0.00529731763527, -0.0061145122163, 0.00251809088513, -0.00289624719881, 0.0032639533747], [-0.000773098377977, 0.00286647537723, -0.00422425707802, 0.00253974320367, -0.0067834360525, 0.00251096743159, -0.00410500261933, 0.019617497921, -0.0134587315843, 0.00921767298132, -0.00579387368634, 0.00233764271252, -0.00230502546765], [0.000871627649758, -0.00256258039735, 0.00548930093646, -0.00472097005695, 0.00435316748917, -0.00247526238672, 0.00529731763527, -0.0134587315843, 0.0294593591243, -0.0116148833185, 0.0103716943413, -0.00773496646434, 0.00195877673104], [-0.000646976812277, 0.00281717674807, -0.00506865885109, 0.0024385957513, -0.00337592954747, 0.00417456729338, -0.0061145122163, 0.00921767298132, -0.0116148833185, 0.0277191326022, -0.0140557317063, 0.00675362767652, 0.0013324188767], [0.000817184627522, -0.00412795925513, 0.00498076807708, -0.000722596712876, 0.00166247715242, -0.002105623018, 0.00251809088513, -0.00579387368634, 0.0103716943413, -0.0140557317063, 0.0296751651913, -0.0138129005209, 0.00208828342147], [-0.000317133817589, 0.00386104709469, -0.00409489171579, -0.00194540829398, -4.76143031847e-05, 0.0040640514344, -0.00289624719881, 0.00233764271252, -0.00773496646434, 0.00675362767652, -0.0138129005209, 0.0314245931804, -0.00718277739361], [-2.26988195209e-05, -0.000502448005136, 0.000787142547779, 0.0039505828172, -1.67890812008e-05, 0.00243809213862, 0.0032639533747, -0.00230502546765, 0.00195877673104, 0.0013324188767, 0.00208828342147, -0.00718277739361, 0.0256790984422]]
    },
    "melbands": {
        "max": [0.00122360372916, 0.003024186939, 0.00451940391213, 0.00662402994931, 0.00685224495828, 0.00634586298838, 0.00776114081964, 0.00535882497206, 0.00476969499141, 0.00606839498505, 0.0104713886976, 0.00618052668869, 0.00472128903493, 0.00206114165485, 0.00229710224085, 0.00205970020033, 0.00189590977971, 0.00382242910564, 0.00262648053467, 0.00108940480277, 0.00118220085278, 0.00210809591226, 0.000220142494072, 0.000247743708314, 0.000150925363414, 0.000148854029248, 4.06873659813e-05, 5.77737700951e-05, 4.73954169138e-05, 4.8450583563e-05, 2.39839737333e-05, 1.61380849022e-05, 1.51363501573e-05, 7.46015575714e-06, 1.01179221019e-05, 6.53859979138e-06, 2.33499918068e-06, 9.06235527509e-07, 4.26793803854e-07, 1.81994025183e-07],
        "mean": [9.52153131948e-05, 0.000363753671991, 0.000643737323117, 0.000865380337927, 0.00104293192271, 0.000722031109035, 0.0004523259704, 0.000291297503281, 0.000352636969183, 0.00038672372466, 0.00034515792504, 0.00024683526135, 0.000228621371207, 0.000212426530197, 0.000121654717077, 0.000124794212752, 0.000116469571367, 0.000152202585014, 0.0001125486815, 5.37051128049e-05, 6.04270098847e-05, 3.53454197466e-05, 1.8983553673e-05, 2.21195223276e-05, 1.58018210641e-05, 1.41623722811e-05, 7.09093683327e-06, 7.50427398089e-06, 5.97112421019e-06, 3.83495489586e-06, 2.23085612561e-06, 1.47994251165e-06, 1.00364263744e-06, 6.0680616798e-07, 3.52387644398e-07, 1.62949888249e-07, 8.65086988711e-08, 3.73754502903e-08, 2.0637802578e-08, 1.0830677688e-08],
        "min": [5.78779436438e-24, 6.54868423405e-24, 6.50210081431e-24, 5.99177525624e-24, 1.95117526829e-24, 8.25861794892e-24, 6.37560026284e-24, 8.86700325624e-24, 9.11180651665e-24, 1.0777905992e-23, 8.22755655077e-24, 7.76439501407e-24, 6.12249187481e-24, 5.8676156495e-24, 1.31627595151e-23, 8.45178710764e-24, 1.09230264219e-23, 1.32658525914e-23, 8.79037488563e-24, 1.08930820508e-23, 1.00680345181e-23, 9.53109792069e-24, 8.95578718454e-24, 1.29956740422e-23, 1.61713724557e-23, 1.86662397318e-23, 1.10035691203e-23, 1.31544094224e-23, 9.46769716974e-24, 1.04133355024e-23, 1.06854420276e-23, 1.04056504195e-23, 1.35410435627e-23, 2.00572318551e-23, 1.24889389846e-23, 1.1727733965e-23, 1.23789433754e-23, 1.14057872078e-23, 9.54744390751e-24, 1.11716430359e-23],
        "stdev": [0.000126518920297, 0.00041061497177, 0.00058197742328, 0.000743662647437, 0.000973507470917, 0.000773210078478, 0.000603115360718, 0.000428203522461, 0.000486872566398, 0.000640264886897, 0.000787384982686, 0.000463297066744, 0.000514841289259, 0.000302391679725, 0.000173148408066, 0.00021619196923, 0.000188835663721, 0.000306537665892, 0.000225085605052, 9.52649934334e-05, 0.000121747078083, 8.91844319995e-05, 2.37090316659e-05, 2.83873487206e-05, 1.77537094714e-05, 1.69267532328e-05, 7.20584557712e-06, 8.66019036039e-06, 6.62332513457e-06, 4.90052434543e-06, 3.22024220623e-06, 2.16691159949e-06, 1.55855173034e-06, 9.70023734226e-07, 8.31007355373e-07, 4.48458052915e-07, 1.90267215316e-07, 6.58632970385e-08, 3.89234102727e-08, 1.27745583001e-08]
    },
    "melbands128": {
        "max": [7.79828114901e-05, 0.00075700506568, 0.00162022723816, 0.00303507852368, 0.00336672202684, 0.00369975622743, 0.00549136567861, 0.00516446214169, 0.010111246258, 0.00953159760684, 0.00592521112412, 0.00475063780323, 0.0109661482275, 0.0149207757786, 0.00779689336196, 0.0101265069097, 0.00630560237914, 0.00874175690114, 0.00960989203304, 0.00820067431778, 0.00197419454344, 0.00508685875684, 0.00859280955046, 0.00831227656454, 0.00398732768372, 0.0138472355902, 0.0178311988711, 0.0206985510886, 0.00983645301312, 0.0116178058088, 0.00595158198848, 0.00574430543929, 0.00818723998964, 0.0099095730111, 0.00565605098382, 0.0033600833267, 0.00269682053477, 0.00406482955441, 0.00409596133977, 0.00239926739596, 0.00387545838021, 0.00538608571514, 0.00367644382641, 0.00229134876281, 0.00393233029172, 0.00889379903674, 0.00319810281508, 0.00534357968718, 0.00281359162182, 0.00372864259407, 0.00206350395456, 0.0014844625257, 0.00276480289176, 0.00258894683793, 0.00636500027031, 0.00149609590881, 0.000464602082502, 0.000455672852695, 0.000317051948514, 0.000289252318908, 0.000357834389433, 0.00068212376209, 0.000194653286599, 0.000206043288927, 0.000298448954709, 0.000301408173982, 0.000143619254231, 5.69658695895e-05, 6.96249699104e-05, 8.21804205771e-05, 0.000119816199003, 6.77343196003e-05, 5.3993317124e-05, 8.75407567946e-05, 0.000132688801386, 5.95375131525e-05, 3.34196156473e-05, 4.02011210099e-05, 2.24558370974e-05, 3.23202330037e-05, 1.83395532076e-05, 2.30808127526e-05, 1.25457554532e-05, 2.78157185676e-05, 1.97462995857e-05, 8.26967061585e-06, 1.06590541691e-05, 1.37100096254e-05, 1.50366386151e-05, 7.7208642324e-06, 1.03260090327e-05, 6.12028816249e-06, 3.79391985916e-06, 4.00010685553e-06, 1.64399409641e-06, 6.40792507056e-07, 9.52972811774e-07, 1.05905940018e-06, 6.41896860998e-07, 3.31170440404e-07, 1.07060834864e-07, 1.7604786251e-07, 3.90817888274e-07, 1.5483105642e-07, 5.40615872069e-08, 2.5229850209e-08, 1.14575664512e-08, 3.81545017802e-09, 3.65571595218e-09, 3.64837959843e-09, 3.55963347687e-09, 3.3222125051e-09, 3.12753600795e-09, 3.25768212406e-09, 2.96990831927e-09, 2.86342549671e-09, 2.74745581841e-09, 2.62919996885e-09, 2.55014054318e-09, 2.47496556582e-09, 2.41240272203e-09, 2.35732255938e-09, 2.30838304027e-09, 2.26614482735e-09, 2.23314633452e-09, 2.2047674797e-09, 2.18552020925e-09, 2.17288698146e-09],
        "mean": [8.33162812341e-06, 3.91434878111e-05, 0.000108733314846, 0.000242891459493, 0.000370077206753, 0.000416732305894, 0.000611329625826, 0.000621704908554, 0.000818598782644, 0.00100196234416, 0.00079955678666, 0.000767149380408, 0.0013558564242, 0.00107087416109, 0.000698929652572, 0.000582347740419, 0.000390142318793, 0.000507014163304, 0.000398459291318, 0.000332716590492, 0.000154009496327, 0.000375246920157, 0.000445328449132, 0.000227998651098, 0.000313018099405, 0.000445899146143, 0.000590606767219, 0.00030481457361, 0.000135458874865, 0.000355700147338, 0.000216782282223, 0.000172479485627, 0.000301322637824, 0.000184218908544, 0.000216510365135, 0.000240710403887, 0.000198678608285, 6.87536594342e-05, 0.000128396583023, 9.003062587e-05, 9.32484254008e-05, 0.00023572576174, 0.000116215560411, 5.22483023815e-05, 9.61768746492e-05, 0.000204300129553, 0.000182262054295, 0.000119529991935, 7.72487546783e-05, 6.75729388604e-05, 4.53230204585e-05, 4.58346694359e-05, 5.80628329772e-05, 7.27701626602e-05, 5.76362253923e-05, 2.60903925664e-05, 1.90810733329e-05, 2.86324411718e-05, 1.30667240228e-05, 1.26376544358e-05, 3.04962431983e-05, 2.19338908209e-05, 1.42298094943e-05, 1.57807098731e-05, 1.46240217873e-05, 1.77391011675e-05, 1.12781171993e-05, 5.80596179134e-06, 6.62707134325e-06, 7.9323663158e-06, 8.67174003361e-06, 6.42630448056e-06, 5.68200493944e-06, 6.19720594841e-06, 5.92953165324e-06, 4.3786048991e-06, 2.701224048e-06, 2.47626940109e-06, 2.2786559839e-06, 1.95666189029e-06, 1.28970521018e-06, 1.56999715273e-06, 1.17695572044e-06, 9.08662798338e-07, 8.97417805845e-07, 7.08940433469e-07, 4.78485674194e-07, 4.4037403768e-07, 4.07081699905e-07, 2.27763095495e-07, 1.9502027726e-07, 1.37189076099e-07, 1.23592926116e-07, 9.53821341909e-08, 6.1506817417e-08, 3.51986422231e-08, 3.91292580559e-08, 2.64050594723e-08, 2.20142446494e-08, 1.86863786666e-08, 8.94646579042e-09, 1.05995843214e-08, 9.91152315777e-09, 8.72286598508e-09, 2.51373211135e-09, 9.93308768571e-10, 1.82545770167e-10, 2.5315503166e-11, 3.1296253783e-11, 4.23772267277e-11, 5.73530285763e-11, 6.03692096313e-11, 7.25970533688e-11, 6.98770624696e-11, 6.74931430189e-11, 5.00459014507e-11, 2.16359100774e-11, 1.24778095842e-11, 1.21046783708e-11, 1.1773677519e-11, 1.14848755506e-11, 1.12318964893e-11, 1.10004522852e-11, 1.07998948326e-11, 1.06488212345e-11, 1.05184047236e-11, 1.0432062332e-11, 1.03717607419e-11],
        "min": [1.71784441202e-24, 9.53740525806e-25, 8.60031147229e-24, 1.29424543301e-23, 6.4375388601e-24, 2.54198633237e-24, 1.27974183084e-24, 1.03691545585e-23, 1.14054298538e-23, 2.81537909528e-24, 6.76443256403e-24, 1.0797078073e-24, 1.56231683608e-24, 1.13412185482e-24, 5.95862377112e-24, 1.39847368011e-23, 1.30571128961e-23, 2.17095132484e-24, 2.66647726068e-24, 2.16539636356e-24, 1.55360507039e-23, 2.05814677919e-23, 4.09597250146e-24, 2.85357929018e-24, 1.21238510022e-23, 1.4455202401e-23, 6.60761687684e-24, 6.3540174229e-24, 1.18566180597e-23, 6.01710360775e-24, 6.41738346397e-24, 1.12357111632e-23, 3.47499618523e-24, 5.33108886533e-24, 6.24220191161e-24, 5.38099772822e-24, 6.76192950838e-24, 1.56970051499e-23, 1.62659095466e-23, 7.61350091126e-24, 6.85090512988e-24, 8.10952875986e-24, 1.3947062382e-23, 9.55926893248e-24, 1.05730774691e-23, 1.6200782768e-23, 1.27170538925e-23, 1.26515776485e-23, 2.47058870121e-24, 8.07010859156e-24, 1.26090769784e-23, 1.38535949865e-23, 1.01748013196e-23, 7.73152160243e-24, 1.12890365827e-23, 9.77373575792e-24, 8.05029950537e-24, 8.67419145151e-24, 7.95294381447e-24, 1.20964499186e-23, 1.26357412659e-23, 9.67767458777e-24, 2.74769877392e-23, 1.44837528548e-23, 6.21671776007e-24, 3.00754545402e-23, 1.20356247985e-23, 1.5288738077e-23, 5.86665126705e-24, 1.57130458475e-23, 1.27882399118e-23, 1.16305628675e-23, 1.49373462976e-23, 6.91770744906e-24, 6.10740136013e-24, 1.12795418528e-23, 1.13044769572e-23, 1.15050266985e-23, 8.09510917137e-24, 1.43511500698e-23, 1.0485352981e-23, 9.39329575346e-24, 8.18462437373e-24, 1.27647342234e-23, 1.8687381204e-23, 2.44478218165e-23, 2.10516904226e-23, 9.25305995034e-24, 1.61274423696e-23, 1.16775679334e-23, 4.97821244976e-24, 1.95194117334e-23, 8.19587668568e-24, 1.26523341661e-23, 1.49677442637e-23, 1.01580845682e-23, 1.17432082605e-23, 9.58114641196e-24, 1.03935548152e-23, 8.44601185695e-24, 1.09254734684e-23, 1.32405080682e-23, 8.80051490371e-24, 1.45150390783e-23, 1.47728751098e-23, 1.23427173049e-23, 1.01637257125e-23, 7.51911212623e-24, 9.84927628934e-24, 1.15377186721e-23, 1.16933467292e-23, 8.55649734875e-24, 8.52047795982e-24, 1.4773701836e-23, 1.32449256893e-23, 1.29211511414e-23, 8.85123865991e-24, 6.04203752881e-24, 1.30699168975e-23, 9.41107825599e-24, 6.18212463165e-24, 7.67419113614e-24, 8.74667278034e-24, 9.14836706417e-24, 9.46203551502e-24, 1.41273013217e-23, 8.50671785905e-24, 7.33781059097e-24],
        "stdev": [1.19261085274e-05, 6.33423624095e-05, 0.000166565427207, 0.000353120529326, 0.000512651284225, 0.000478265894344, 0.000679042423144, 0.000683331338223, 0.0010614010971, 0.0010982536478, 0.00081785133807, 0.000771944178268, 0.00151521340013, 0.00147347326856, 0.000964882958215, 0.00099345552735, 0.000548427051399, 0.000839856220409, 0.000721140531823, 0.00070752465399, 0.000211357459193, 0.000588314433116, 0.000757710717153, 0.000499200657941, 0.000488596677314, 0.00122987513896, 0.00147048931103, 0.0011675824644, 0.000509647186846, 0.000854077574331, 0.000471097038826, 0.000488293357193, 0.000921570579521, 0.000628331152257, 0.000550505414139, 0.000427393446444, 0.000341536244377, 0.000202248280402, 0.000309997907607, 0.000211335383938, 0.000299949810142, 0.000562976230867, 0.000265812414, 0.00014514932991, 0.000300845480524, 0.000608690897934, 0.000334828248015, 0.00040011483361, 0.000262116169324, 0.000213135819649, 0.00011726764933, 0.000127188817714, 0.000176307090442, 0.00019647719455, 0.0002624168701, 7.00182354194e-05, 3.62367900379e-05, 4.66935853183e-05, 2.28688550123e-05, 2.35760380747e-05, 4.85967502755e-05, 5.17077169206e-05, 2.31286176131e-05, 2.30381428992e-05, 2.73385740002e-05, 2.81555494439e-05, 1.66086483659e-05, 7.60732427807e-06, 8.38306732476e-06, 1.16223700388e-05, 1.30001344587e-05, 8.74455690791e-06, 7.60009879741e-06, 9.29812540562e-06, 1.00755414678e-05, 6.98174108038e-06, 4.30257887274e-06, 4.64012828161e-06, 3.52919369107e-06, 3.1927170312e-06, 2.15709405893e-06, 2.70416808235e-06, 1.83654219654e-06, 1.92964284906e-06, 1.66532481671e-06, 1.10464156933e-06, 9.63296201917e-07, 1.10021028377e-06, 1.0056736528e-06, 6.16018155597e-07, 6.5390997861e-07, 3.81950798101e-07, 2.79401234593e-07, 2.59811997694e-07, 1.18438613583e-07, 6.23288016754e-08, 7.43976542594e-08, 6.14814084088e-08, 4.99644805529e-08, 3.18583275316e-08, 9.43394695696e-09, 1.36670426087e-08, 1.87334006085e-08, 9.71096358882e-09, 5.64885738186e-09, 2.82293877163e-09, 8.27495516553e-10, 2.04207248333e-10, 1.958439938e-10, 1.95905444644e-10, 1.90033572212e-10, 1.76849035416e-10, 1.66527625023e-10, 1.71197306331e-10, 1.59679033884e-10, 1.54552495801e-10, 1.45838785492e-10, 1.40001579774e-10, 1.35745831242e-10, 1.31785610202e-10, 1.28432528501e-10, 1.25495780434e-10, 1.22894042165e-10, 1.20633461553e-10, 1.18923357273e-10, 1.17353002316e-10, 1.16363960134e-10, 1.1570051861e-10]
    },
    "mfcc": {
        "mean": [-631.619689941, 165.044967651, -48.3793983459, 24.3915519714, -16.5877246857, 3.72175979614, -9.77607059479, -7.39115667343, -9.51772499084, -2.22440576553, -9.61554336548, -6.18148469925, -7.35591173172],
        "cov": [[1806.05554199, -405.913848877, -187.900177002, 321.007995605, -169.93119812, 98.6529998779, -145.309906006, 89.9974136353, -7.81558799744, 1.5093255043, 23.5386962891, 39.8988990784, 24.5209407806], [-405.913848877, 648.628051758, -73.0409164429, -170.274246216, 149.352020264, -88.4897460938, 150.770294189, -70.0328216553, 17.9956302643, 32.4423675537, -30.0624408722, -1.59148073196, -20.4951972961], [-187.900177002, -73.0409164429, 394.515350342, 31.3601779938, -46.7827415466, 73.6488723755, -56.3709259033, 4.67990350723, -16.8920555115, -61.9283638, 36.9028968811, -6.17583703995, 7.73838710785], [321.007995605, -170.274246216, 31.3601779938, 224.485397339, -19.5308132172, 28.3332366943, -62.4321022034, 24.89909935, 6.5079908371, -41.4761734009, 32.7249526978, 33.402381897, 25.7094802856], [-169.93119812, 149.352020264, -46.7827415466, -19.5308132172, 176.139297485, -56.5441055298, 26.6113834381, 6.6483259201, 21.9446411133, 23.2909240723, -27.4495792389, 6.29041385651, -2.06584596634], [98.6529998779, -88.4897460938, 73.6488723755, 28.3332366943, -56.5441055298, 128.155807495, 7.31420278549, 0.830774784088, -10.1751241684, -14.7390260696, 42.2214279175, -3.90950369835, 1.83123409748], [-145.309906006, 150.770294189, -56.3709259033, -62.4321022034, 26.6113834381, 7.31420278549, 140.919647217, -4.91619300842, -5.03947925568, 34.0416145325, -1.56555438042, 5.8774728775, -15.5157613754], [89.9974136353, -70.0328216553, 4.67990350723, 24.89909935, 6.6483259201, 0.830774784088, -4.91619300842, 91.6973495483, 27.182598114, 0.267879366875, 6.63059520721, 7.69551849365, 6.80342054367], [-7.81558799744, 17.9956302643, -16.8920555115, 6.5079908371, 21.9446411133, -10.1751241684, -5.03947925568, 27.182598114, 65.9721221924, 11.8038129807, -0.727598130703, 5.10448265076, -0.604760289192], [1.5093255043, 32.4423675537, -61.9283638, -41.4761734009, 23.2909240723, -14.7390260696, 34.0416145325, 0.267879366875, 11.8038129807, 83.2036972046, -13.0581121445, -14.6273031235, -14.552239418], [23.5386962891, -30.0624408722, 36.9028968811, 32.7249526978, -27.4495792389, 42.2214279175, -1.56555438042, 6.63059520721, -0.727598130703, -13.0581121445, 78.5783691406, 23.7180023193, 12.7635641098], [39.8988990784, -1.59148073196, -6.17583703995, 33.402381897, 6.29041385651, -3.90950369835, 5.8774728775, 7.69551849365, 5.10448265076, -14.6273031235, 23.7180023193, 68.8359069824, 21.3218593597], [24.5209407806, -20.4951972961, 7.73838710785, 25.7094802856, -2.06584596634, 1.83123409748, -15.5157613754, 6.80342054367, -0.604760289192, -14.552239418, 12.7635641098, 21.3218593597, 47.18359375]],
        "icov": [[0.0013266048627, -0.000583479588386, 0.00113382795826, -0.00184140412603, 0.00136707164347, -0.00162275263574, 0.00188739853911, -0.0017052013427, 0.00126468378585, -0.00137411651667, 0.00111333956011, -0.000921139551792, 0.000571372918785], [-0.000583479588386, 0.00408971635625, -0.000839123444166, 0.00244021578692, -0.00280109071173, 0.00284246634692, -0.00451288651675, 0.00390464509837, -0.00274180318229, 0.00231293565594, -0.00163959909696, 0.00102686067112, -0.000734599656425], [0.00113382795826, -0.000839123444166, 0.00436029117554, -0.00127229292411, 0.00115272763651, -0.00324391177855, 0.00314674619585, -0.00209034606814, 0.00174973579124, 0.000621575862169, 0.000296487298328, -0.00034907850204, 0.000828624644782], [-0.00184140412603, 0.00244021578692, -0.00127229292411, 0.00952564924955, -0.00312717421912, 0.0016438702587, -0.00148486567196, 0.00247293175198, -0.0027171659749, 0.00415372662246, -0.00293300929479, -0.000788459612522, -0.00161437981296], [0.00136707164347, -0.00280109071173, 0.00115272763651, -0.00312717421912, 0.00998469442129, -9.93609428406e-05, 0.00245145335793, -0.00354945473373, 0.000619796279352, -0.00330667058006, 0.00314497156069, -0.00190606724937, 0.000345365668181], [-0.00162275263574, 0.00284246634692, -0.00324391177855, 0.0016438702587, -9.93609428406e-05, 0.0154890287668, -0.00710760941729, 0.00396676920354, -0.00267165410332, 0.0028621358797, -0.00717831170186, 0.00458450661972, -0.00108180695679], [0.00188739853911, -0.00451288651675, 0.00314674619585, -0.00148486567196, 0.00245145335793, -0.00710760941729, 0.0165268220007, -0.00600338447839, 0.00578874442726, -0.00604584440589, 0.00236731115729, -0.00533678708598, 0.00401614187285], [-0.0017052013427, 0.00390464509837, -0.00209034606814, 0.00247293175198, -0.00354945473373, 0.00396676920354, -0.00600338447839, 0.0177116394043, -0.00873053912073, 0.00296025699936, -0.00274479552172, 0.00177559338044, -0.00251852092333], [0.00126468378585, -0.00274180318229, 0.00174973579124, -0.0027171659749, 0.000619796279352, -0.00267165410332, 0.00578874442726, -0.00873053912073, 0.0213252790272, -0.00491135567427, 0.00124007475097, -0.00282399519347, 0.00233787624165], [-0.00137411651667, 0.00231293565594, 0.000621575862169, 0.00415372662246, -0.00330667058006, 0.0028621358797, -0.00604584440589, 0.00296025699936, -0.00491135567427, 0.0188758913428, -0.00217962404713, 0.0043341726996, 0.00107248988934], [0.00111333956011, -0.00163959909696, 0.000296487298328, -0.00293300929479, 0.00314497156069, -0.00717831170186, 0.00236731115729, -0.00274479552172, 0.00124007475097, -0.00217962404713, 0.0200004465878, -0.0069345110096, -0.0010837278096], [-0.000921139551792, 0.00102686067112, -0.00034907850204, -0.000788459612522, -0.00190606724937, 0.00458450661972, -0.00533678708598, 0.00177559338044, -0.00282399519347, 0.0043341726996, -0.0069345110096, 0.0220114476979, -0.00763112911955], [0.000571372918785, -0.000734599656425, 0.000828624644782, -0.00161437981296, 0.000345365668181, -0.00108180695679, 0.00401614187285, -0.00251852092333, 0.00233787624165, 0.00107248988934, -0.0010837278096, -0.00763112911955, 0.0271647796035]]
    },
    "spectral_contrast_coeffs": {
        "max": [-0.406474024057, -0.54660230875, -0.50512778759, -0.599044501781, -0.593796789646, -0.538233101368],
        "mean": [-0.641419649124, -0.760517001152, -0.729686558247, -0.754527926445, -0.769622385502, -0.661588191986],
        "min": [-0.965940833092, -0.967975497246, -0.962442874908, -0.964249312878, -0.960434913635, -0.960669398308],
        "stdev": [0.0717643946409, 0.0556913167238, 0.0693366900086, 0.0558747462928, 0.0452504977584, 0.0555910095572]
    },
    "spectral_contrast_valleys": {
        "max": [-5.40193271637, -4.66097068787, -5.72397041321, -5.82768392563, -6.0764093399, -9.68360328674],
        "mean": [-6.76803302765, -6.08354568481, -6.77544212341, -7.08832263947, -7.43978691101, -12.0920391083],
        "min": [-27.1587619781, -27.1308345795, -27.1622333527, -27.1209392548, -27.2066802979, -27.2358207703],
        "stdev": [0.930038273335, 0.895343005657, 0.854780972004, 0.859640479088, 0.970674455166, 0.801818013191]
    }
},
"rhythm": {
    "beats_count": 27,
    "beats_loudness": {
        "max": 0.0645547136664,
        "mean": 0.0318299457431,
        "min": 0.0154183031991,
        "stdev": 0.0108977621421
    },
    "bpm": 101.786857605,
    "bpm_histogram_first_peak_bpm": 101,
    "bpm_histogram_first_peak_weight": 0.565217375755,
    "bpm_histogram_second_peak_bpm": 96,
    "bpm_histogram_second_peak_spread": 0.33333337307,
    "bpm_histogram_second_peak_weight": 0.0769230797887,
    "danceability": 1.92499470711,
    "onset_rate": 3.87597632408,
    "beats_loudness_band_ratio": {
        "max": [0.332859069109, 0.555085837841, 0.423594981432, 0.344605535269, 0.551078498363, 0.10545977205],
        "mean": [0.145127952099, 0.321559220552, 0.23278953135, 0.165757715702, 0.152497425675, 0.0440357476473],
        "min": [0.00488863931969, 0.049459643662, 0.0370723828673, 0.0658826604486, 0.0348962321877, 0.0048233079724],
        "stdev": [0.0854089483619, 0.119835704565, 0.105766452849, 0.0737496092916, 0.101006999612, 0.0220991969109]
    },
    "beats_position": [0.615328788757, 1.25387752056, 1.88081634045, 2.50775504112, 3.11147379875, 3.7151927948, 4.29569149017, 4.88780021667, 5.47990942001, 6.08362817764, 6.66412687302, 7.24462556839, 7.8251247406, 8.4172334671, 9.0093421936, 9.6014509201, 10.1935596466, 10.774058342, 11.354557991, 11.9350566864, 12.5271654129, 13.1192741394, 13.7113828659, 14.3034915924, 14.8839902878, 15.4877090454, 16.0682086945],
