{
"metadata": {
    "version": {
        "essentia": "2.1-beta5",
        "essentia_git_sha": "Undefined",
        "extractor": "music 2.0"
    },
    "audio_properties": {
        "analysis": {
            "equal_loudness": 0,
            "length": 12.7477550507,
            "sample_rate": 44100,
            "start_time": 0,
            "downmix": "mix"
        },
        "bit_rate": 192000,
        "length": 185.318450928,
        "lossless": 0,
        "number_channels": 2,
        "replay_gain": -7.91643333435,
        "sample_rate": 48000,
        "codec": "mp3",
        "md5_encoded": "7a98b40fac734997bb5526796b87220b"
    },
    "tags": {
        "file_name": "Netherlands_Ik Wil Alles Met Je Delen_Maywood.mp3",
        "encoding": ["Lavf58.29.100"]
    }
},
"lowlevel": {
    "average_loudness": 0.645170807838,
    "barkbands_crest": {
        "max": 24.3407020569,
        "mean": 8.87099933624,
        "min": 2.20623040199,
        "stdev": 4.45289897919
    },
    "barkbands_flatness_db": {
        "max": 0.264018982649,
        "mean": 0.126347914338,
        "min": 0.0249082818627,
        "stdev": 0.048737373203
    },
    "barkbands_kurtosis": {
        "max": 16.1007652283,
        "mean": 0.704925119877,
        "min": -1.71363937855,
        "stdev": 1.70794987679
    },
    "barkbands_skewness": {
        "max": 2.69730234146,
        "mean": -0.0835852995515,
        "min": -2.4678580761,
        "stdev": 0.785177230835
    },
    "barkbands_spread": {
        "max": 88.3035354614,
        "mean": 23.8132400513,
        "min": 2.98755168915,
        "stdev": 16.6890048981
    },
    "dissonance": {
        "max": 0.499945163727,
        "mean": 0.473307490349,
        "min": 0.382825016975,
        "stdev": 0.024920091033
    },
    "dynamic_complexity": 5.9901175499,
    "erbbands_crest": {
        "max": 27.0961036682,
        "mean": 10.4706821442,
        "min": 2.25169897079,
        "stdev": 5.45801210403
    },
    "erbbands_flatness_db": {
        "max": 0.334199994802,
        "mean": 0.198041141033,
        "min": 0.0555817298591,
        "stdev": 0.0603892765939
    },
    "erbbands_kurtosis": {
        "max": 22.8538303375,
        "mean": 1.00930130482,
        "min": -1.26948034763,
        "stdev": 2.08241438866
    },
    "erbbands_skewness": {
        "max": 1.3748486042,
        "mean": -0.0287273842841,
        "min": -1.62294614315,
        "stdev": 0.559857368469
    },
    "erbbands_spread": {
        "max": 99.517074585,
        "mean": 25.1869602203,
        "min": 2.49241185188,
        "stdev": 20.5104122162
    },
    "hfc": {
        "max": 168.020507812,
        "mean": 24.5657634735,
        "min": 1.27758072079e-16,
        "stdev": 24.0115776062
    },
    "loudness_ebu128": {
        "integrated": -16.2152671814,
        "loudness_range": 6.95063018799,
        "momentary": {
            "max": -11.4458961487,
            "mean": -20.0396442413,
            "min": -40.9261016846,
            "stdev": 7.4033703804
        },
        "short_term": {
            "max": -13.8120613098,
            "mean": -17.4649848938,
            "min": -23.2381324768,
            "stdev": 2.76936817169
        }
    },
    "melbands_crest": {
        "max": 32.4959793091,
        "mean": 11.5595340729,
        "min": 2.01457095146,
        "stdev": 5.95936822891
    },
    "melbands_flatness_db": {
        "max": 0.259176403284,
        "mean": 0.131499603391,
        "min": 0.00688170082867,
        "stdev": 0.0576936751604
    },
    "melbands_kurtosis": {
        "max": 35.8946266174,
        "mean": 2.67155861855,
        "min": -1.47251403332,
        "stdev": 6.7965259552
    },
    "melbands_skewness": {
        "max": 5.75253772736,
        "mean": 0.636921584606,
        "min": -2.36855340004,
        "stdev": 1.45089924335
    },
    "melbands_spread": {
        "max": 137.34866333,
        "mean": 39.2686729431,
        "min": 7.03872966766,
        "stdev": 17.5897121429
    },
    "pitch_salience": {
        "max": 0.860478878021,
        "mean": 0.613748729229,
        "min": 0.181121185422,
        "stdev": 0.142492935061
    },
    "silence_rate_20dB": {
        "max": 1,
        "mean": 1,
        "min": 1,
        "stdev": 0
    },
    "silence_rate_30dB": {
        "max": 1,
        "mean": 0.998181819916,
        "min": 0,
        "stdev": 0.0426013097167
    },
    "silence_rate_60dB": {
        "max": 1,
        "mean": 0.210909083486,
        "min": 0,
        "stdev": 0.407952040434
    },
    "spectral_centroid": {
        "max": 11060.4921875,
        "mean": 2095.63647461,
        "min": 684.013366699,
        "stdev": 668.904541016
    },
    "spectral_complexity": {
        "max": 38,
        "mean": 15.4799995422,
        "min": 0,
        "stdev": 8.79579639435
    },
    "spectral_decrease": {
        "max": 1.10563196431e-28,
        "mean": -3.56804230606e-09,
        "min": -2.79954992521e-08,
        "stdev": 3.97466104474e-09
    },
    "spectral_energy": {
        "max": 0.119696214795,
        "mean": 0.0156948044896,
        "min": 1.11707373226e-20,
        "stdev": 0.0169165432453
    },
    "spectral_energyband_high": {
        "max": 0.0129482634366,
        "mean": 0.000626999710221,
        "min": 8.42829189532e-21,
        "stdev": 0.0011774514569
    },
    "spectral_energyband_low": {
        "max": 0.000756756402552,
        "mean": 0.000186948353075,
        "min": 4.68727581475e-23,
        "stdev": 9.86486920738e-05
    },
    "spectral_energyband_middle_high": {
        "max": 0.101041406393,
        "mean": 0.0112033216283,
        "min": 1.51223338012e-21,
        "stdev": 0.0129141341895
    },
    "spectral_energyband_middle_low": {
        "max": 0.0507918782532,
        "mean": 0.00389167480171,
        "min": 3.23109475061e-22,
        "stdev": 0.00623276457191
    },
    "spectral_entropy": {
        "max": 9.80183792114,
        "mean": 7.57646226883,
        "min": 6.30630016327,
        "stdev": 0.632100403309
    },
    "spectral_flux": {
        "max": 0.144931584597,
        "mean": 0.0504225865006,
        "min": 1.05691712327e-10,
        "stdev": 0.0273574441671
    },
    "spectral_kurtosis": {
        "max": 21.1190090179,
        "mean": 5.21574258804,
        "min": -1.1784273386,
        "stdev": 3.03644895554
    },
    "spectral_rms": {
        "max": 0.010806331411,
        "mean": 0.00335189700127,
        "min": 3.3012544521e-12,
        "stdev": 0.00201910338365
    },
    "spectral_rolloff": {
        "max": 18626.2207031,
        "mean": 3016.33374023,
        "min": 473.73046875,
        "stdev": 1785.73925781
    },
    "spectral_skewness": {
        "max": 3.0863058567,
        "mean": 1.66265130043,
        "min": 0.0186139680445,
        "stdev": 0.381383061409
    },
    "spectral_spread": {
        "max": 40340604,
        "mean": 4432188,
        "min": 2321962.5,
        "stdev": 2365363
    },
    "spectral_strongpeak": {
        "max": 16.8958530426,
        "mean": 3.08226084709,
        "min": 0,
        "stdev": 3.31471920013
    },
    "zerocrossingrate": {
        "max": 0.7890625,
        "mean": 0.109694600105,
        "min": 0.0283203125,
        "stdev": 0.0584471710026
    },
    "barkbands": {
        "max": [0.000283392728306, 0.000406056293286, 0.00014624382311, 0.000690768123604, 0.00518041430041, 0.00674182036892, 0.0466644801199, 0.00111135072075, 0.00628164503723, 0.025796437636, 0.0119858495891, 0.00864871218801, 0.094176210463, 0.00272330176085, 0.0384337194264, 0.00847763288766, 0.00817052740604, 0.0136335771531, 0.002602762077, 0.00145772635005, 0.00116129778326, 0.00307444250211, 0.00564999226481, 0.00242994213477, 0.00343219633214, 0.00713692838326, 3.17958847518e-06],
        "mean": [6.26287801424e-05, 7.84839212429e-05, 2.70868185908e-05, 7.65029762988e-05, 0.000442703545559, 0.000520290748682, 0.00193085870706, 0.000104836304672, 0.000557090505026, 0.00121355010197, 0.000851701246575, 0.000295353471301, 0.00378399854526, 0.000302502710838, 0.00257345545106, 0.000592177791987, 0.000568023009691, 0.000800131470896, 0.00017087784363, 0.00015923367755, 0.000146224410855, 0.000130238462589, 0.000143487326568, 6.79145741742e-05, 6.4036299591e-05, 3.14190328936e-05, 7.05759450881e-09],
        "min": [4.78536632958e-24, 2.39032506233e-23, 1.19371662801e-23, 1.99687169283e-23, 6.4600804027e-23, 4.09629372563e-23, 7.41638176822e-23, 8.10668176085e-23, 2.9848877911e-23, 5.27821025667e-23, 3.19805410045e-23, 6.18534791731e-23, 1.2692423604e-22, 4.17486995158e-23, 7.73912495938e-23, 2.46055561323e-22, 2.02888082847e-22, 1.43475433978e-22, 2.78128525271e-22, 3.378761939e-22, 5.12640994201e-22, 5.1646554333e-22, 8.07108658976e-22, 7.14385569523e-22, 1.10985868168e-21, 1.68707353242e-21, 3.14945564912e-21],
        "stdev": [4.37628950749e-05, 6.07013389526e-05, 2.22780872718e-05, 9.31290051085e-05, 0.000734117813408, 0.000974683789536, 0.00475442176685, 0.000157414542628, 0.00106810219586, 0.00259630405344, 0.00181403267197, 0.000683738791849, 0.0106739997864, 0.000380694458727, 0.00454470003024, 0.0010254640365, 0.0010458251927, 0.0016346310731, 0.000243680580752, 0.0002223871561, 0.000163941745996, 0.000257075531408, 0.000521189940628, 0.000198493493372, 0.000253413250903, 0.000310442293994, 1.35431804438e-07]
    },
    "erbbands": {
        "max": [0.0130459005013, 0.0907648056746, 0.220774695277, 1.11992645264, 3.08982300758, 13.591301918, 107.339752197, 26.9889965057, 673.227355957, 238.30140686, 78.1585083008, 143.371612549, 411.478179932, 1012.26629639, 132.109848022, 364.886230469, 3406.04907227, 1487.82470703, 2156.12719727, 900.809692383, 289.990936279, 322.754211426, 979.59197998, 187.856628418, 59.131439209, 34.6805152893, 68.9710388184, 50.5854949951, 83.3002624512, 233.292419434, 208.674621582, 98.1030578613, 35.124961853, 28.9805755615, 34.9402122498, 22.3681564331, 15.3769540787, 0.283376902342, 0.00887545850128, 0.000702801102307],
        "mean": [0.00348914205097, 0.0133388815448, 0.0313572622836, 0.157179564238, 0.343112051487, 1.11703443527, 7.46676683426, 2.32622337341, 27.215259552, 11.3335409164, 4.22955417633, 13.5453586578, 21.0781383514, 61.2450294495, 15.5989151001, 16.8532447815, 142.826950073, 69.3200531006, 92.4210586548, 86.3411102295, 35.3294372559, 29.3643455505, 55.7754402161, 12.2348060608, 10.3024454117, 6.15825605392, 6.88047885895, 4.76003599167, 3.63731884956, 5.38697862625, 3.71221446991, 2.10824012756, 0.770458996296, 0.689587771893, 0.499764353037, 0.169083148241, 0.0526984445751, 0.00109739846084, 5.06591204612e-05, 2.44960920099e-05],
        "min": [1.17563064754e-21, 3.54983227018e-21, 1.03425372746e-20, 4.68547830745e-20, 1.53787467857e-19, 2.27499535569e-19, 3.22378883738e-19, 2.48822623249e-19, 6.87745723526e-19, 1.31276913294e-18, 1.95765444132e-18, 8.20508728829e-19, 1.3815008108e-18, 1.73014099878e-18, 7.7900638916e-19, 3.66531546279e-18, 5.65770569958e-18, 2.34494950311e-18, 3.26762274071e-18, 5.18790805709e-18, 1.55541818157e-17, 1.00990720869e-17, 1.19085404302e-17, 1.25411863607e-17, 1.40439898996e-17, 1.61872628432e-17, 2.29319231587e-17, 1.72367714064e-17, 2.03945582102e-17, 1.94759526333e-17, 1.94461542789e-17, 1.58398039725e-17, 1.25826884935e-17, 9.71959967217e-18, 9.94211539285e-18, 6.45329421659e-18, 3.3066282357e-18, 1.81896251558e-18, 4.47591513657e-19, 4.0950736216e-20],
        "stdev": [0.0027356040664, 0.0128045203164, 0.0277668349445, 0.148156613111, 0.458214879036, 1.69892942905, 14.8078041077, 3.82114601135, 69.2393035889, 24.4468708038, 7.85922050476, 25.5717144012, 46.8578224182, 104.406356812, 19.8624858856, 32.8364944458, 400.100646973, 160.066802979, 200.250930786, 134.371459961, 41.9259147644, 41.589099884, 116.614608765, 17.915266037, 10.6072673798, 6.10917901993, 9.02718257904, 5.33497285843, 5.99357366562, 17.9019565582, 15.5320568085, 6.96105861664, 2.03147125244, 2.43918991089, 2.4752907753, 1.0010355711, 0.668346881866, 0.0124993929639, 0.000389161345083, 3.72232570953e-05]
    },
    "gfcc": {
        "mean": [-47.8714981079, 48.531288147, -159.449203491, 24.8130149841, -58.9009208679, 20.8122177124, -47.6404075623, 12.5082960129, -23.876285553, 8.5047082901, -20.6304969788, 6.17601013184, -4.59742736816],
        "cov": [[11697.7470703, 1358.90356445, -2788.39355469, -831.960632324, -510.855712891, -471.859436035, -292.974060059, -245.700531006, 235.488342285, -21.9990329742, 203.729812622, 99.6522064209, 404.913879395], [1358.90356445, 1309.30822754, -391.110168457, -470.070770264, -152.465896606, -515.171875, -34.1270179749, -291.304656982, 79.597869873, 48.7696266174, 117.938362122, -79.7000961304, 110.199279785], [-2788.39355469, -391.110168457, 1208.6159668, 328.526397705, 20.9054431915, 154.450912476, -30.7924747467, 102.053825378, -127.329032898, -1.51218962669, -79.5477905273, 17.309928894, -146.986419678], [-831.960632324, -470.070770264, 328.526397705, 340.03225708, 81.2696990967, 206.908065796, 37.8108711243, 140.608261108, -66.7462463379, -40.1394195557, -85.4878158569, 30.4148349762, -38.6715698242], [-510.855712891, -152.465896606, 20.9054431915, 81.2696990967, 157.030517578, 103.416778564, 39.4117927551, 31.9785690308, -26.6610355377, 19.1224479675, -0.749001562595, -13.5624656677, -47.4805221558], [-471.859436035, -515.171875, 154.450912476, 206.908065796, 103.416778564, 329.141998291, 35.2481994629, 106.883552551, -46.9156455994, 23.2048149109, -57.8964347839, -20.5006790161, -96.5676498413], [-292.974060059, -34.1270179749, -30.7924747467, 37.8108711243, 39.4117927551, 35.2481994629, 111.095039368, 6.63758707047, 12.8313188553, 18.9629383087, -42.6308822632, -20.8595275879, 2.06639146805], [-245.700531006, -291.304656982, 102.053825378, 140.608261108, 31.9785690308, 106.883552551, 6.63758707047, 154.076965332, -12.3443584442, -59.5418319702, -34.9885215759, 30.2610645294, -15.2665958405], [235.488342285, 79.597869873, -127.329032898, -66.7462463379, -26.6610355377, -46.9156455994, 12.8313188553, -12.3443584442, 71.6146087646, 11.5293874741, 16.9371776581, 3.81787323952, 18.6919364929], [-21.9990329742, 48.7696266174, -1.51218962669, -40.1394195557, 19.1224479675, 23.2048149109, 18.9629383087, -59.5418319702, 11.5293874741, 124.468719482, 21.7818336487, -35.1323776245, -47.7434387207], [203.729812622, 117.938362122, -79.5477905273, -85.4878158569, -0.749001562595, -57.8964347839, -42.6308822632, -34.9885215759, 16.9371776581, 21.7818336487, 118.655960083, 10.6957740784, -4.08879947662], [99.6522064209, -79.7000961304, 17.309928894, 30.4148349762, -13.5624656677, -20.5006790161, -20.8595275879, 30.2610645294, 3.81787323952, -35.1323776245, 10.6957740784, 82.2325515747, 37.7634963989], [404.913879395, 110.199279785, -146.986419678, -38.6715698242, -47.4805221558, -96.5676498413, 2.06639146805, -15.2665958405, 18.6919364929, -47.7434387207, -4.08879947662, 37.7634963989, 135.56817627]],
        "icov": [[0.000508646364324, -0.000814483268186, 0.00142532552127, -0.000511334335897, 0.00163847825024, -0.00109905365389, 0.00140331767034, -0.000654026924167, 0.000837866449729, -0.000787864555605, 0.000477307825349, -0.00148721667938, 0.000273976649623], [-0.000814483268186, 0.00489153387025, -0.00220582657494, 0.00182088348083, -0.00261079776101, 0.00624166149646, -0.00260559865274, 0.00297960173339, -0.000943953404203, 0.00132412731182, -0.00132441800088, 0.00594835542142, -0.000609200797044], [0.00142532552127, -0.00220582657494, 0.00561365298927, -0.00316299009137, 0.00548761151731, -0.00209886254743, 0.00428555393592, -0.0017777394969, 0.00396429048851, -0.00270213815384, 0.0016895950539, -0.00455318437889, 0.00270254490897], [-0.000511334335897, 0.00182088348083, -0.00316299009137, 0.0113669568673, -0.00343004660681, -0.00115571753122, -0.00370672112331, -0.00302388938144, 0.00276703084819, 0.00108077342156, 0.00172366457991, -0.00071702193236, -0.00219755712897], [0.00163847825024, -0.00261079776101, 0.00548761151731, -0.00343004660681, 0.0158850569278, -0.00486247614026, 0.000345446285792, -0.00244006491266, 0.00655652303249, -0.00284973811358, -0.00173376803286, -0.00487513421103, 0.00341772497632], [-0.00109905365389, 0.00624166149646, -0.00209886254743, -0.00115571753122, -0.00486247614026, 0.0159036908299, -0.00283009628765, 0.000660351826809, 0.000191723476746, -0.00103209202643, -0.000203749121283, 0.0088933845982, 0.00247328402475], [0.00140331767034, -0.00260559865274, 0.00428555393592, -0.00370672112331, 0.000345446285792, -0.00283009628765, 0.0188116263598, -0.00161610380746, -0.00325739197433, -0.00482382578775, 0.00667968811467, -0.00108564819675, -0.00159375031944], [-0.000654026924167, 0.00297960173339, -0.0017777394969, -0.00302388938144, -0.00244006491266, 0.000660351826809, -0.00161610380746, 0.0175999123603, -0.0059233927168, 0.00839183945209, -0.00103884295095, 0.00123565027025, 0.00176030013245], [0.000837866449729, -0.000943953404203, 0.00396429048851, 0.00276703084819, 0.00655652303249, 0.000191723476746, -0.00325739197433, -0.0059233927168, 0.0249170251191, -0.00502206012607, -0.000755316286813, -0.00514003681019, 0.0013726191828], [-0.000787864555605, 0.00132412731182, -0.00270213815384, 0.00108077342156, -0.00284973811358, -0.00103209202643, -0.00482382578775, 0.00839183945209, -0.00502206012607, 0.0163694769144, -0.00326460367069, 0.00349159911275, 0.00332695944235], [0.000477307825349, -0.00132441800088, 0.0016895950539, 0.00172366457991, -0.00173376803286, -0.000203749121283, 0.00667968811467, -0.00103884295095, -0.000755316286813, -0.00326460367069, 0.0145230060443, -0.00521249789745, 0.00184782443102], [-0.00148721667938, 0.00594835542142, -0.00455318437889, -0.00071702193236, -0.00487513421103, 0.0088933845982, -0.00108564819675, 0.00123565027025, -0.00514003681019, 0.00349159911275, -0.00521249789745, 0.0270274728537, -0.00649882620201], [0.000273976649623, -0.000609200797044, 0.00270254490897, -0.00219755712897, 0.00341772497632, 0.00247328402475, -0.00159375031944, 0.00176030013245, 0.0013726191828, 0.00332695944235, 0.00184782443102, -0.00649882620201, 0.0153862806037]]
    },
    "melbands": {
        "max": [0.000113074704132, 0.000129503430799, 0.000241530418862, 0.000412187713664, 0.00300478027202, 0.00062613771297, 0.0105858035386, 0.0018957068678, 0.00093839596957, 0.000992089393549, 0.00210293196142, 0.00441297516227, 0.000921689847019, 0.000702073506545, 0.00201796274632, 0.0127074951306, 0.00113252643496, 0.0029485905543, 0.00234066718258, 0.000752491876483, 0.000321319879731, 0.000506360665895, 0.000508436351083, 0.000699132389855, 0.000198818874196, 4.35466172348e-05, 9.75205257419e-05, 2.64615409833e-05, 6.7306238634e-05, 3.37170313287e-05, 3.20261024171e-05, 3.54636395059e-05, 8.39208660182e-05, 0.000155960966367, 0.000168954516994, 5.29675817234e-05, 5.74268415221e-05, 3.08649068756e-05, 1.33872554215e-05, 3.24676257151e-05],
        "mean": [3.07216614601e-05, 1.81077339221e-05, 3.18216152664e-05, 4.39066679974e-05, 0.000210124868318, 5.72355784243e-05, 0.000429025036283, 9.31297545321e-05, 3.44125910487e-05, 9.06599889277e-05, 0.000101247082057, 0.00024680266506, 7.72547791712e-05, 2.78825500573e-05, 4.80092130601e-05, 0.000498496810906, 6.45555483061e-05, 0.000106264335045, 0.000216082742554, 5.28696655238e-05, 3.88110456697e-05, 3.36071461788e-05, 3.9080845454e-05, 3.7355483073e-05, 7.4886420407e-06, 5.52908659301e-06, 8.7725566118e-06, 2.67078917204e-06, 4.79551181343e-06, 3.22741470882e-06, 2.6987304409e-06, 2.3027964744e-06, 2.00289719032e-06, 3.18159391099e-06, 2.55068425759e-06, 1.08711219582e-06, 1.37355493735e-06, 5.05938317019e-07, 3.84736296155e-07, 6.56764143514e-07],
        "min": [8.05951103416e-24, 5.26110901442e-24, 1.0712305108e-23, 1.5290473571e-23, 1.02071903707e-23, 5.98429685485e-24, 1.26301853185e-23, 1.57586151866e-23, 1.43479441391e-23, 4.03387534316e-24, 7.12474951566e-24, 7.30308414506e-24, 2.8226871027e-24, 4.45701323297e-24, 1.70444158636e-23, 8.43419235401e-24, 3.88793449797e-24, 4.71486819706e-24, 6.38171432928e-24, 9.50945078859e-24, 1.97323347581e-23, 7.73039274248e-24, 1.56865811419e-23, 6.47488511308e-24, 1.09826745615e-23, 9.13632036928e-24, 1.46107499943e-23, 8.41467277977e-24, 1.67019965882e-23, 8.37449057184e-24, 1.06656234751e-23, 1.4045693661e-23, 6.01245327271e-24, 1.35338175968e-23, 1.10513843463e-23, 1.21980157602e-23, 7.91510294571e-24, 8.27520296059e-24, 7.75294312031e-24, 8.53133505246e-24],
        "stdev": [2.09429181268e-05, 1.51614185597e-05, 3.4657674405e-05, 5.82162501814e-05, 0.000412736000726, 9.46884611039e-05, 0.00108262291178, 0.000194673164515, 8.32724763313e-05, 0.000175905122887, 0.000239596920437, 0.000435912777903, 0.000138919931487, 4.29853898822e-05, 0.000154503402882, 0.00145280233119, 0.000115859809739, 0.000275356083876, 0.000390545232221, 8.48336349009e-05, 5.0629631005e-05, 6.44544852548e-05, 6.42084414721e-05, 8.24228773126e-05, 1.67706657521e-05, 6.26476003163e-06, 1.40438687595e-05, 3.31432761413e-06, 8.10991150502e-06, 3.62274954568e-06, 4.04984893976e-06, 3.58495890396e-06, 5.65765503779e-06, 1.1334559531e-05, 1.22512756207e-05, 3.43326883012e-06, 4.89241438117e-06, 1.60702609264e-06, 9.06149523416e-07, 2.61738136942e-06]
    },
    "melbands128": {
        "max": [0.000182816904271, 0.000145375539432, 0.000118916199426, 0.000187423094758, 0.000130067695864, 7.36359652365e-05, 0.000205160933547, 0.000444422650617, 0.000398426840547, 0.000647175940685, 0.000722235068679, 0.00234799087048, 0.00544100254774, 0.00168183841743, 0.000413695146563, 0.00101055111736, 0.0037931704428, 0.0203344468027, 0.00874532572925, 0.000851722201332, 0.000147719256347, 0.000287763832603, 0.000849500356708, 0.00245833862573, 0.000846468436066, 0.00199391762726, 0.000797612941824, 0.00407223682851, 0.00160202640109, 0.00814699474722, 0.004407516215, 0.00320103578269, 0.000166161247762, 0.000150689607835, 0.000329548347509, 0.00113079103176, 0.00105221953709, 0.00445179035887, 0.000798017776106, 0.00679462589324, 0.0277329031378, 0.00229659490287, 0.000186856181244, 0.000691037275828, 0.000274247548077, 0.00311101181433, 0.00988736748695, 0.00449707312509, 0.00304904510267, 0.000246346055064, 0.00133674719837, 0.000997063005343, 0.000214602434426, 0.000350574642653, 0.00184379762504, 0.000238155116676, 0.000150760417455, 0.000235954576056, 0.000355854106601, 0.00266094016843, 0.000419106945628, 0.000123689562315, 0.000385959050618, 0.000348281289916, 3.64892111975e-05, 5.24297538504e-05, 0.000129889827804, 0.000108357897261, 0.000190049249795, 2.86116828647e-05, 2.51375386142e-05, 7.66611701692e-05, 4.19463030994e-05, 0.000144668345456, 2.1143896447e-05, 5.75373160245e-05, 5.5258278735e-05, 4.06835169997e-05, 2.001266148e-05, 0.00012572488049, 2.57040846918e-05, 4.08732448705e-05, 5.61749693588e-05, 0.000129508960526, 9.10584931262e-05, 0.000276535691228, 0.000173294931301, 0.000169703169377, 0.00027394326753, 0.00011347841064, 7.36464280635e-05, 2.75979291473e-05, 7.21066462575e-05, 0.00011677594739, 0.000112692949187, 3.6180299503e-05, 2.30708319577e-05, 1.95010652533e-05, 1.17899544421e-05, 7.57095449444e-06, 4.19402604166e-05, 6.49959911243e-05, 3.59086734534e-05, 7.9036137322e-05, 5.78868020966e-05, 9.66245861491e-05, 1.05002363853e-05, 1.02007807072e-05, 1.78401423909e-05, 3.07381446873e-06, 0.000341747043421, 5.36529732926e-05, 6.82819245412e-06, 2.61872401097e-06, 1.56977488786e-08, 1.54502295402e-08, 1.52317323199e-08, 1.4785173974e-08, 1.44057867857e-08, 1.40594798026e-08, 1.37553550772e-08, 1.34817028652e-08, 1.32136159792e-08, 1.29930111115e-08, 1.27844970166e-08, 1.26329782191e-08, 1.25315189337e-08, 1.24614238928e-08],
        "mean": [4.47124293714e-05, 3.55669908458e-05, 2.41528141487e-05, 2.25812273129e-05, 1.51436825035e-05, 1.42920880535e-05, 3.10550240101e-05, 3.9168564399e-05, 3.0126544516e-05, 3.64742336387e-05, 3.40660299116e-05, 0.00015872324002, 0.000375067204004, 0.000122338344227, 1.09882639663e-05, 1.94400963665e-05, 0.000177810841706, 0.00078360538464, 0.000374859460862, 3.65228297596e-05, 5.64040328754e-06, 2.49019922194e-05, 3.90288696508e-05, 4.1000686906e-05, 7.25668214727e-05, 0.000145466008689, 6.11001014477e-05, 0.000123429810628, 5.91555435676e-05, 0.000252933357842, 0.000334235257469, 0.000208604644286, 2.72303223028e-05, 1.88502763194e-05, 1.71413412318e-05, 3.35224103765e-05, 4.03087469749e-05, 5.06564538227e-05, 3.15599572787e-05, 0.000261161971139, 0.00102878571488, 9.80305776466e-05, 2.02315368369e-05, 4.29929605161e-05, 2.57893207163e-05, 8.01803253125e-05, 0.000267553317826, 0.000275673344731, 0.0001811406255, 2.61678051174e-05, 5.81909844186e-05, 6.06507201155e-05, 2.35603474721e-05, 2.14620122279e-05, 8.31933284644e-05, 2.22798498726e-05, 1.20506465464e-05, 1.86355300684e-05, 2.7903368391e-05, 0.000122955461848, 1.83975607797e-05, 5.50889899387e-06, 9.72842190095e-06, 8.0313457147e-06, 3.35103186444e-06, 3.97752501158e-06, 9.32473267312e-06, 7.62813988331e-06, 1.2482445527e-05, 2.48515311796e-06, 2.44205011768e-06, 2.72023953585e-06, 2.82820019493e-06, 8.11480549601e-06, 2.42553232965e-06, 3.53162931788e-06, 3.53024847755e-06, 2.00821818908e-06, 1.56520093242e-06, 5.37004325452e-06, 1.87063551493e-06, 1.66869028817e-06, 1.21983407553e-06, 1.49820334627e-06, 2.84836892206e-06, 4.24508652941e-06, 3.0194903502e-06, 2.4108726393e-06, 3.42647444995e-06, 1.37304448344e-06, 1.39524433962e-06, 7.25469362806e-07, 1.03901174953e-06, 2.18927539208e-06, 9.7062036275e-07, 4.96360542002e-07, 4.38182240714e-07, 4.6068055326e-07, 3.52591541741e-07, 2.9182427852e-07, 5.62730235742e-07, 9.09623281586e-07, 5.18287379236e-07, 6.73131921758e-07, 6.68265954573e-07, 5.86781823131e-07, 2.07727438806e-07, 2.0876250062e-07, 1.91790292092e-07, 1.46036256865e-07, 9.65153731158e-07, 1.96869109459e-07, 3.38681331868e-08, 1.08791260445e-08, 2.40682529462e-10, 1.93201066256e-10, 6.26091539724e-11, 2.94251463473e-11, 2.86355800183e-11, 2.79251691215e-11, 2.72996330403e-11, 2.67485512906e-11, 2.62156008707e-11, 2.57708437923e-11, 2.53201400818e-11, 2.49490064025e-11, 2.47096423184e-11, 2.45653948572e-11],
        "min": [1.50561903624e-24, 1.10765198214e-23, 9.9536386428e-24, 4.11090406068e-24, 3.56945399559e-24, 6.70402948452e-24, 9.06014007167e-24, 1.02489124351e-23, 1.4975535054e-23, 2.11365197912e-23, 1.17745418156e-23, 5.39420247091e-24, 1.14226814529e-23, 1.45587687938e-23, 4.18376798705e-24, 3.32162308703e-24, 2.74661428739e-24, 1.67369178827e-23, 2.24883276156e-23, 1.24562675213e-23, 1.07084665108e-23, 2.77946525594e-23, 1.14927520228e-23, 7.39300876623e-24, 6.43677603161e-24, 1.22510502872e-24, 2.06844969704e-24, 8.42098366701e-24, 1.19354039648e-23, 5.09451776289e-24, 8.72253915867e-24, 5.51619941547e-24, 1.34147276047e-24, 2.02182387603e-24, 1.27392753154e-24, 4.61624638441e-24, 9.99470043064e-24, 2.08075821486e-23, 1.94611117571e-23, 1.19395107747e-23, 5.83563483397e-24, 3.26593207091e-24, 3.59430232525e-24, 4.9111434956e-24, 3.41312464114e-24, 5.1588647525e-24, 4.8129109858e-24, 8.99672433236e-24, 4.76448833686e-24, 4.73654491144e-24, 1.07170075079e-23, 8.9075783169e-24, 3.36344510012e-23, 1.71579408364e-23, 6.0865699102e-24, 3.91081856397e-24, 7.77996712834e-24, 2.65809742795e-23, 1.09324280661e-23, 1.23757232452e-23, 6.02844387769e-24, 2.11615448257e-24, 7.32517067268e-24, 1.45871425428e-23, 1.51400220191e-23, 8.84209102885e-24, 4.63884212175e-24, 1.05927784814e-23, 2.10499801721e-23, 1.57834090848e-23, 4.30906552564e-24, 7.33281631258e-24, 1.05675089e-23, 2.48111380173e-23, 1.48534162305e-23, 4.29129919476e-24, 7.04811325644e-24, 1.19006790967e-23, 6.20866585681e-24, 1.66370102268e-23, 1.64506828587e-23, 1.43925510679e-23, 6.17590012468e-24, 3.59097727653e-24, 5.97538667093e-24, 1.2552314492e-23, 1.63789990682e-23, 1.63329501018e-23, 9.31247616486e-24, 7.54281424099e-24, 1.21726933251e-23, 1.46089324587e-23, 1.14114851501e-23, 8.98187481468e-24, 3.73248551229e-24, 5.93170902033e-24, 9.4558958106e-24, 1.22794916811e-23, 7.14785367385e-24, 6.31913596582e-24, 5.92764244236e-24, 1.08047209519e-23, 8.88145518802e-24, 9.43063254011e-24, 1.56348113561e-23, 1.02638542495e-23, 8.99220652595e-24, 1.03124875243e-23, 1.0826181124e-23, 1.55345676454e-23, 8.12725919756e-24, 7.71886432921e-24, 9.52663691227e-24, 1.49604078573e-23, 9.40866434162e-24, 1.11339599393e-23, 1.93126891555e-23, 1.53118027921e-23, 1.42404429081e-23, 1.20130515437e-23, 1.29847341192e-23, 1.72270766062e-23, 1.28960377545e-23, 1.29939140935e-23, 9.51500200278e-24, 8.40123453425e-24, 9.83169415749e-24, 1.06993109912e-23],
        "stdev": [2.87201946776e-05, 2.9155795346e-05, 2.00878985197e-05, 2.55803643086e-05, 1.77034762601e-05, 1.14170761663e-05, 2.60141223407e-05, 5.75254998694e-05, 4.53238135378e-05, 6.90473680152e-05, 5.68164723518e-05, 0.000317658006679, 0.000754090433475, 0.000234021877986, 2.80454169115e-05, 6.76811614539e-05, 0.000412134861108, 0.00208282237872, 0.000880361476447, 7.53748390707e-05, 1.00152219602e-05, 3.89711167372e-05, 8.79995131982e-05, 0.000188515230548, 0.000150115927681, 0.000341157603543, 0.00010112302698, 0.000467093370389, 0.000167913080077, 0.000706623890437, 0.000566215778235, 0.000497008790262, 3.34870819643e-05, 2.20359343075e-05, 3.10337236442e-05, 6.386651512e-05, 7.46421137592e-05, 0.000321220053593, 8.06935568107e-05, 0.000786604301538, 0.00305445562117, 0.000243404429057, 3.22991472785e-05, 7.19741292414e-05, 3.91309367842e-05, 0.000264727656031, 0.000844183086883, 0.000657749711536, 0.000401018944103, 3.38823701895e-05, 0.000137911934871, 0.000132288885652, 3.44372783729e-05, 3.36645571224e-05, 0.000229981524171, 3.25696964865e-05, 2.22188500629e-05, 3.30351795128e-05, 4.29455503763e-05, 0.000307162816171, 4.60961891804e-05, 9.96093331196e-06, 2.51745841524e-05, 2.45809987973e-05, 4.53008078694e-06, 5.88096918364e-06, 1.58910897881e-05, 1.3429230421e-05, 2.7291911465e-05, 3.4158579183e-06, 3.52165807271e-06, 5.51707626073e-06, 4.47617412647e-06, 1.83832180483e-05, 3.13107034344e-06, 5.90838362768e-06, 5.72519547859e-06, 3.29957128997e-06, 2.45317960434e-06, 1.41228847497e-05, 2.9302520943e-06, 3.17061289934e-06, 3.53772134076e-06, 6.70218196319e-06, 7.50987101128e-06, 1.92716233869e-05, 1.29160298457e-05, 1.18113821372e-05, 2.03150284506e-05, 6.81076335241e-06, 5.45547163711e-06, 1.9939741378e-06, 4.23690426032e-06, 9.70883320406e-06, 5.45535112906e-06, 1.82837243301e-06, 1.29248871872e-06, 1.24615189634e-06, 8.0599818375e-07, 5.51586310849e-07, 2.76031937574e-06, 4.49195295005e-06, 2.33388050219e-06, 3.97321855417e-06, 3.84915665563e-06, 5.00920441482e-06, 5.46796457002e-07, 6.24890105883e-07, 8.24917833597e-07, 2.5705676876e-07, 1.47902128447e-05, 2.30355499298e-06, 3.61332809007e-07, 1.39458379067e-07, 1.01955310861e-09, 8.13303979719e-10, 6.55216991774e-10, 6.29780172456e-10, 6.13620987355e-10, 5.98870508739e-10, 5.85916815066e-10, 5.74260639041e-10, 5.62841273588e-10, 5.53444734486e-10, 5.44564504601e-10, 5.38113442694e-10, 5.33793287349e-10, 5.30807786614e-10]
    },
    "mfcc": {
        "mean": [-679.284362793, 82.9011535645, -35.4053192139, 5.71615123749, 2.61866998672, 5.61735343933, -8.78485012054, 1.23639321327, 3.57816958427, 0.0771321952343, -3.18217873573, -4.28499412537, -0.789757192135],
        "cov": [[8165.98632812, 1101.55725098, -2049.19775391, -634.277282715, -596.925048828, -291.830963135, -594.897216797, -228.628540039, -98.3000106812, -68.6667480469, -46.4856147766, -134.761642456, 24.1858043671], [1101.55725098, 1400.96496582, -280.202148438, -31.3079471588, -317.883972168, -240.254669189, -282.744720459, -330.09185791, -126.681266785, -84.235244751, -4.04267501831, -49.2973823547, -63.2783470154], [-2049.19775391, -280.202148438, 885.085021973, 204.044387817, 157.782623291, 11.8062896729, 94.8201599121, 93.5026473999, -18.3745059967, 23.9626502991, -49.7890090942, -33.9704589844, -4.63687515259], [-634.277282715, -31.3079471588, 204.044387817, 154.566726685, 23.254989624, 8.55088043213, 28.3243713379, 28.0055294037, 29.7038097382, -12.8529186249, -13.3528251648, -41.5634346008, -1.79558038712], [-596.925048828, -317.883972168, 157.782623291, 23.254989624, 208.413452148, 57.442943573, 124.363357544, 76.2817153931, -17.2846813202, 17.0710659027, -2.02312874794, 60.6142196655, 22.6853160858], [-291.830963135, -240.254669189, 11.8062896729, 8.55088043213, 57.442943573, 168.390136719, 95.7761688232, 8.3277425766, 55.0631484985, 14.3854255676, 59.1114082336, 56.2305488586, -6.59078454971], [-594.897216797, -282.744720459, 94.8201599121, 28.3243713379, 124.363357544, 95.7761688232, 172.128845215, 47.7622871399, 36.859375, 22.8686122894, 24.5142116547, 61.6976547241, -3.8892018795], [-228.628540039, -330.09185791, 93.5026473999, 28.0055294037, 76.2817153931, 8.3277425766, 47.7622871399, 190.443328857, 34.3288345337, 29.1233768463, -57.6977767944, -41.6312026978, 28.6287250519], [-98.3000106812, -126.681266785, -18.3745059967, 29.7038097382, -17.2846813202, 55.0631484985, 36.859375, 34.3288345337, 123.633384705, 18.1337795258, 7.34253120422, -27.600320816, -27.3838920593], [-68.6667480469, -84.235244751, 23.9626502991, -12.8529186249, 17.0710659027, 14.3854255676, 22.8686122894, 29.1233768463, 18.1337795258, 65.7030029297, 9.96610736847, 12.5918684006, -12.4521656036], [-46.4856147766, -4.04267501831, -49.7890090942, -13.3528251648, -2.02312874794, 59.1114082336, 24.5142116547, -57.6977767944, 7.34253120422, 9.96610736847, 123.716583252, 76.7176055908, -1.0565584898], [-134.761642456, -49.2973823547, -33.9704589844, -41.5634346008, 60.6142196655, 56.2305488586, 61.6976547241, -41.6312026978, -27.600320816, 12.5918684006, 76.7176055908, 167.175964355, -1.09258019924], [24.1858043671, -63.2783470154, -4.63687515259, -1.79558038712, 22.6853160858, -6.59078454971, -3.8892018795, 28.6287250519, -27.3838920593, -12.4521656036, -1.0565584898, -1.09258019924, 85.1220779419]],
        "icov": [[0.00045237239101, 2.3242615498e-05, 0.000836322142277, 0.000656505697407, 0.000106230872916, 2.67144127974e-06, 0.000803883187473, -8.01840651548e-05, 0.000228206568863, -8.69468640303e-05, 0.000184542426723, 0.000308483751724, 5.06893411512e-05], [2.3242615498e-05, 0.00256754970178, 0.000504777184688, -0.00141121202614, 0.00165805628058, 0.00203661411069, 0.000770092650782, 0.00321045680903, 0.00137494539376, 6.3819308707e-05, 0.00066133600194, -0.000317928235745, 0.00102682341821], [0.000836322142277, 0.000504777184688, 0.00371354958043, -0.00182974222116, -0.000613345415331, 0.000256217113929, 0.00156263064127, 0.000336759607308, 0.00195212650578, -0.00143701769412, 0.000845027738251, 0.000814571976662, 0.000881472835317], [0.000656505697407, -0.00141121202614, -0.00182974222116, 0.0136242434382, -0.000579539046157, -0.000329506146954, -0.000789277779404, -0.00203682226129, -0.00357335829176, 0.00411214958876, -0.00179041305091, 0.00315027730539, -0.000799767731223], [0.000106230872916, 0.00165805628058, -0.000613345415331, -0.000579539046157, 0.0139007754624, 0.000303340464598, -0.0067358170636, -0.00138886331115, 0.00509861111641, 0.000328837195411, 0.00193898880389, -0.00277355103754, -0.000688208790962], [2.67144127974e-06, 0.00203661411069, 0.000256217113929, -0.000329506146954, 0.000303340464598, 0.0132946297526, -0.00366585026495, 0.00278398324735, -0.00348974717781, 0.00126407074276, -0.00342031638138, -0.00106198980939, 0.000371118483599], [0.000803883187473, 0.000770092650782, 0.00156263064127, -0.000789277779404, -0.0067358170636, -0.00366585026495, 0.0175147280097, 0.000373159418814, -0.00292963930406, -0.00119105784688, 0.00110459409188, -0.00259065139107, 0.00146231253166], [-8.01840651548e-05, 0.00321045680903, 0.000336759607308, -0.00203682226129, -0.00138886331115, 0.00278398324735, 0.000373159418814, 0.0144004849717, -0.00184861128218, -0.00428962428123, 0.00498294271529, 0.00117124558892, -0.00300107430667], [0.000228206568863, 0.00137494539376, 0.00195212650578, -0.00357335829176, 0.00509861111641, -0.00348974717781, -0.00292963930406, -0.00184861128218, 0.0167294759303, -0.00233743200079, -0.000883042346686, 0.0034191175364, 0.00492000253871], [-8.69468640303e-05, 6.3819308707e-05, -0.00143701769412, 0.00411214958876, 0.000328837195411, 0.00126407074276, -0.00119105784688, -0.00428962428123, -0.00233743200079, 0.0205197893083, -0.00352508109063, -0.000783758761827, 0.00367512647063], [0.000184542426723, 0.00066133600194, 0.000845027738251, -0.00179041305091, 0.00193898880389, -0.00342031638138, 0.00110459409188, 0.00498294271529, -0.000883042346686, -0.00352508109063, 0.016080211848, -0.00592577597126, -0.00263575324789], [0.000308483751724, -0.000317928235745, 0.000814571976662, 0.00315027730539, -0.00277355103754, -0.00106198980939, -0.00259065139107, 0.00117124558892, 0.0034191175364, -0.000783758761827, -0.00592577597126, 0.0130454767495, 0.00101065437775], [5.06893411512e-05, 0.00102682341821, 0.000881472835317, -0.000799767731223, -0.000688208790962, 0.000371118483599, 0.00146231253166, -0.00300107430667, 0.00492000253871, 0.00367512647063, -0.00263575324789, 0.00101065437775, 0.0159168429673]]
    },
    "spectral_contrast_coeffs": {
        "max": [-0.474078416824, -0.453964054585, -0.492015302181, -0.560416936874, -0.562196791172, -0.623367726803],
        "mean": [-0.736669540405, -0.758745312691, -0.739985942841, -0.752189338207, -0.764489233494, -0.761446118355],
        "min": [-0.968119263649, -0.978420257568, -0.962069928646, -0.958660960197, -0.958937525749, -0.959549665451],
        "stdev": [0.0878937840462, 0.111466512084, 0.107784442604, 0.0946169495583, 0.0753732919693, 0.0498646646738]
    },
    "spectral_contrast_valleys": {
        "max": [-6.25508069992, -5.73268508911, -6.24681997299, -5.8328742981, -6.3783864975, -8.67621135712],
        "mean": [-8.16157054901, -7.80696630478, -7.86322641373, -7.65561962128, -7.91181659698, -10.4975643158],
        "min": [-27.1545009613, -27.0294017792, -27.0990352631, -27.3686656952, -27.285150528, -27.2056083679],
        "stdev": [1.12521970272, 1.25255560875, 1.33201217651, 1.429053545, 1.25606882572, 1.05065345764]
    }
},
"rhythm": {
    "beats_count": 20,
    "beats_loudness": {
        "max": 0.0746757164598,
        "mean": 0.0183636639267,
        "min": 9.8698263173e-05,
        "stdev": 0.0215578731149
    },
    "bpm": 99.6248321533,
    "bpm_histogram_first_peak_bpm": 99,
    "bpm_histogram_first_peak_weight": 0.444444417953,
    "bpm_histogram_second_peak_bpm": 94,
    "bpm_histogram_second_peak_spread": 0,
    "bpm_histogram_second_peak_weight": 0.0526315793395,
    "danceability": 0.76467102766,
    "onset_rate": 1.48910236359,
    "beats_loudness_band_ratio": {
        "max": [0.708404183388, 0.432217627764, 0.840650260448, 0.72338950634, 0.707568943501, 0.456486344337],
        "mean": [0.0726416930556, 0.0529295802116, 0.181664735079, 0.252540677786, 0.349654018879, 0.120222583413],
        "min": [0.00578110432252, 0.00322390161455, 0.0205467883497, 0.0206232108176, 0.0211608503014, 0.00369545351714],
        "stdev": [0.155179426074, 0.0948919951916, 0.224340677261, 0.157418712974, 0.208710223436, 0.108580060303]
    },
    "beats_position": [0.603718817234, 1.21904754639, 1.83437633514, 2.4497051239, 3.08825397491, 3.69197273254, 4.31891155243, 4.91102027893, 5.51473903656, 6.10684776306, 6.6989569664, 7.2910656929, 7.89478445053, 8.498503685, 9.10222244263, 9.70594120026, 10.2980499268, 10.8901586533, 11.4938774109, 12.0859861374],
