{
"metadata": {
    "version": {
        "essentia": "2.1-beta5",
        "essentia_git_sha": "Undefined",
        "extractor": "music 2.0"
    },
    "audio_properties": {
        "analysis": {
            "equal_loudness": 0,
            "length": 35.9909286499,
            "sample_rate": 44100,
            "start_time": 77.7404098511,
            "downmix": "mix"
        },
        "bit_rate": 192000,
        "length": 181.649703979,
        "lossless": 0,
        "number_channels": 2,
        "replay_gain": -2.81989097595,
        "sample_rate": 44100,
        "codec": "mp3",
        "md5_encoded": "d629b703adebccd99dc8e3ee153adedb"
    },
    "tags": {
        "file_name": "Germany_Frei Zu Leben_Chris Kempers and Daniel Kovac.mp3",
        "encoding": ["Lavf58.29.100"]
    }
},
"lowlevel": {
    "average_loudness": 0.941194713116,
    "barkbands_crest": {
        "max": 23.0798969269,
        "mean": 9.18385982513,
        "min": 2.72109007835,
        "stdev": 3.61812090874
    },
    "barkbands_flatness_db": {
        "max": 0.293991446495,
        "mean": 0.162003442645,
        "min": 0.0763207823038,
        "stdev": 0.0282867457718
    },
    "barkbands_kurtosis": {
        "max": 79.4609985352,
        "mean": 3.60666561127,
        "min": -1.84308290482,
        "stdev": 5.37405204773
    },
    "barkbands_skewness": {
        "max": 7.81754207611,
        "mean": 1.49160456657,
        "min": -1.28688061237,
        "stdev": 0.93776589632
    },
    "barkbands_spread": {
        "max": 77.5294570923,
        "mean": 14.807352066,
        "min": 1.36469328403,
        "stdev": 8.66530036926
    },
    "dissonance": {
        "max": 0.499870717525,
        "mean": 0.452692717314,
        "min": 0.326418727636,
        "stdev": 0.0270279608667
    },
    "dynamic_complexity": 2.05222797394,
    "erbbands_crest": {
        "max": 26.6102657318,
        "mean": 9.0365524292,
        "min": 3.18808722496,
        "stdev": 3.67440128326
    },
    "erbbands_flatness_db": {
        "max": 0.289816349745,
        "mean": 0.196923971176,
        "min": 0.115586109459,
        "stdev": 0.0282767787576
    },
    "erbbands_kurtosis": {
        "max": 11.5891942978,
        "mean": 0.171619325876,
        "min": -1.79847896099,
        "stdev": 1.34557056427
    },
    "erbbands_skewness": {
        "max": 3.32140111923,
        "mean": 0.5024985075,
        "min": -1.94233930111,
        "stdev": 0.640095710754
    },
    "erbbands_spread": {
        "max": 116.348869324,
        "mean": 30.7930927277,
        "min": 7.58214139938,
        "stdev": 12.7147417068
    },
    "hfc": {
        "max": 99.2237014771,
        "mean": 18.609828949,
        "min": 0.916833639145,
        "stdev": 14.4012384415
    },
    "loudness_ebu128": {
        "integrated": -21.2999382019,
        "loudness_range": 3.69172477722,
        "momentary": {
            "max": -17.9790973663,
            "mean": -21.6910934448,
            "min": -28.4818592072,
            "stdev": 1.9179661274
        },
        "short_term": {
            "max": -19.0258731842,
            "mean": -21.5164356232,
            "min": -23.4559078217,
            "stdev": 1.21019279957
        }
    },
    "melbands_crest": {
        "max": 27.1728572845,
        "mean": 11.6709241867,
        "min": 3.8505551815,
        "stdev": 4.05124950409
    },
    "melbands_flatness_db": {
        "max": 0.364623367786,
        "mean": 0.209095865488,
        "min": 0.0658765509725,
        "stdev": 0.044359318912
    },
    "melbands_kurtosis": {
        "max": 109.778556824,
        "mean": 8.52131271362,
        "min": -1.57111680508,
        "stdev": 9.50457668304
    },
    "melbands_skewness": {
        "max": 7.88532495499,
        "mean": 2.1316037178,
        "min": -0.193244099617,
        "stdev": 1.09690380096
    },
    "melbands_spread": {
        "max": 149.925094604,
        "mean": 18.2238101959,
        "min": 1.35819125175,
        "stdev": 12.3555269241
    },
    "pitch_salience": {
        "max": 0.801585435867,
        "mean": 0.599122703075,
        "min": 0.221888408065,
        "stdev": 0.0903669297695
    },
    "silence_rate_20dB": {
        "max": 1,
        "mean": 1,
        "min": 1,
        "stdev": 0
    },
    "silence_rate_30dB": {
        "max": 1,
        "mean": 1,
        "min": 1,
        "stdev": 0
    },
    "silence_rate_60dB": {
        "max": 1,
        "mean": 0.00386847206391,
        "min": 0,
        "stdev": 0.0620756112039
    },
    "spectral_centroid": {
        "max": 3743.75756836,
        "mean": 1005.87023926,
        "min": 304.310150146,
        "stdev": 463.57635498
    },
    "spectral_complexity": {
        "max": 46,
        "mean": 19.5228881836,
        "min": 5,
        "stdev": 7.0015630722
    },
    "spectral_decrease": {
        "max": -4.51481213526e-10,
        "mean": -6.40597574986e-09,
        "min": -2.64139856654e-08,
        "stdev": 3.42519368424e-09
    },
    "spectral_energy": {
        "max": 0.108692221344,
        "mean": 0.0258655827492,
        "min": 0.00178715400398,
        "stdev": 0.0139131154865
    },
    "spectral_energyband_high": {
        "max": 0.0113018574193,
        "mean": 0.000363254308468,
        "min": 5.00700843986e-06,
        "stdev": 0.000936929776799
    },
    "spectral_energyband_low": {
        "max": 0.0428330227733,
        "mean": 0.00339386495762,
        "min": 2.43641989073e-05,
        "stdev": 0.00483406335115
    },
    "spectral_energyband_middle_high": {
        "max": 0.097342081368,
        "mean": 0.00655494723469,
        "min": 0.0001489440765,
        "stdev": 0.00788547284901
    },
    "spectral_energyband_middle_low": {
        "max": 0.0831444635987,
        "mean": 0.016376638785,
        "min": 0.00134684424847,
        "stdev": 0.00972757581621
    },
    "spectral_entropy": {
        "max": 8.31893062592,
        "mean": 7.2816619873,
        "min": 6.20755386353,
        "stdev": 0.295989722013
    },
    "spectral_flux": {
        "max": 0.263058841228,
        "mean": 0.0822817236185,
        "min": 0.0159250460565,
        "stdev": 0.0356753244996
    },
    "spectral_kurtosis": {
        "max": 21.2289123535,
        "mean": 6.04785013199,
        "min": -1.110278368,
        "stdev": 3.34454298019
    },
    "spectral_rms": {
        "max": 0.0102976299822,
        "mean": 0.00484079541638,
        "min": 0.00132044113707,
        "stdev": 0.00134217378218
    },
    "spectral_rolloff": {
        "max": 8462.54882812,
        "mean": 1159.21069336,
        "min": 193.798828125,
        "stdev": 884.110168457
    },
    "spectral_skewness": {
        "max": 3.54576325417,
        "mean": 1.71988034248,
        "min": -0.116643831134,
        "stdev": 0.504684865475
    },
    "spectral_spread": {
        "max": 10060745,
        "mean": 3297891,
        "min": 2051048.75,
        "stdev": 869638.5
    },
    "spectral_strongpeak": {
        "max": 8.90909194946,
        "mean": 1.12043368816,
        "min": 0.0534064397216,
        "stdev": 0.968648552895
    },
    "zerocrossingrate": {
        "max": 0.18603515625,
        "mean": 0.044661834836,
        "min": 0.01220703125,
        "stdev": 0.0212143138051
    },
    "barkbands": {
        "max": [0.000195668195374, 0.0222725570202, 0.0247787684202, 0.0211365111172, 0.0404001325369, 0.0460944622755, 0.0483314730227, 0.0516750663519, 0.0582873113453, 0.0831813216209, 0.0201537478715, 0.0136863896623, 0.0173473823816, 0.0124040031806, 0.0178259108216, 0.0119406618178, 0.011460814625, 0.00608986383304, 0.00385277485475, 0.00422830088064, 0.00379386567511, 0.00422971555963, 0.0022698296234, 0.00354880397208, 0.000918315199669, 1.48304354752e-06, 1.36560720421e-06],
        "mean": [8.77797174326e-06, 0.00132657971699, 0.00146024266724, 0.00139654090162, 0.00413217348978, 0.00468166172504, 0.00247848080471, 0.00149384827819, 0.0017759752227, 0.00125539384317, 0.00108088634443, 0.000812825514004, 0.00084290758241, 0.000706953462213, 0.00065874523716, 0.000372384296497, 0.000426348065957, 0.000262337591266, 0.000239724264247, 0.000181829236681, 9.47550724959e-05, 8.21967842057e-05, 6.07975598541e-05, 2.54152437265e-05, 7.38287826607e-06, 4.55919604292e-07, 5.8586406837e-09],
        "min": [3.48442252829e-09, 5.12510837325e-07, 4.85264081362e-07, 8.95749690244e-06, 3.79414523195e-05, 3.37439741998e-05, 1.55772759172e-05, 7.58789792599e-06, 8.69743234944e-06, 7.64450123825e-06, 1.04903601823e-05, 5.58646479476e-06, 4.62127854917e-06, 3.36955804414e-06, 6.36547338217e-06, 4.54241308034e-06, 2.97437077279e-06, 1.85157443866e-06, 1.23330221413e-06, 1.09246195734e-06, 4.8036207545e-07, 3.51379696895e-07, 3.36984328442e-07, 5.84039071327e-07, 9.40200152399e-07, 2.61147562242e-07, 7.09864667048e-11],
        "stdev": [1.73399530468e-05, 0.00263461354189, 0.0023617206607, 0.00142486183904, 0.00395371578634, 0.00537656852975, 0.00426218146458, 0.00248750671744, 0.00380615470931, 0.00335052912124, 0.00185340642929, 0.00150593777653, 0.00159817212261, 0.00145905138925, 0.00115886819549, 0.000755979097448, 0.000870620191563, 0.000392986636143, 0.000384339480661, 0.000283329223748, 0.000290001102258, 0.000300232990412, 0.000191733954125, 0.000144121295307, 3.53716459358e-05, 8.98064769217e-08, 3.52472753207e-08]
    },
    "erbbands": {
        "max": [0.455351322889, 6.10959005356, 25.2532978058, 43.7990913391, 52.7967758179, 197.653869629, 364.335357666, 534.894714355, 474.63269043, 1023.13287354, 970.892578125, 1492.08911133, 1195.45422363, 1930.11560059, 649.152587891, 611.057678223, 775.519348145, 712.205078125, 1123.84350586, 371.720062256, 600.512634277, 417.805786133, 337.41506958, 282.494995117, 181.158294678, 222.708969116, 167.603515625, 164.299499512, 181.091384888, 118.42024231, 57.2466430664, 76.7301025391, 62.8831863403, 17.2737827301, 1.52155995369, 0.0488096289337, 0.00273670093156, 0.000857943261508, 0.000199079455342, 0.000129043619381],
        "mean": [0.0214868132025, 0.364952981472, 1.53519558907, 3.30700421333, 7.1873998642, 16.7932243347, 29.6031761169, 39.6267929077, 27.694814682, 40.7833976746, 36.2411804199, 39.1156921387, 39.2889099121, 49.2877006531, 32.5271224976, 34.3854370117, 35.1925086975, 41.8561325073, 34.2134513855, 28.276096344, 24.0831604004, 21.0406017303, 16.3270263672, 12.8468532562, 10.8142061234, 7.77351808548, 5.23561382294, 3.4105246067, 3.00260066986, 2.4916806221, 1.57076835632, 0.731452465057, 0.323564022779, 0.126025721431, 0.0283308271319, 0.00399605976418, 0.000493015046231, 3.63703438779e-05, 1.56339992827e-05, 3.06676702166e-05],
        "min": [6.1787890445e-05, 0.00146104337182, 0.00406508985907, 0.0602582134306, 0.222862690687, 0.299785882235, 0.543698489666, 0.440690249205, 0.467979878187, 0.541268706322, 0.4980699718, 0.298427343369, 0.496332198381, 0.910238623619, 0.545454204082, 0.346060007811, 0.252582132816, 0.242116898298, 0.296078324318, 0.283925384283, 0.364783316851, 0.20978140831, 0.156937271357, 0.0839683786035, 0.0523687712848, 0.0481904558837, 0.0232096016407, 0.0153750600293, 0.0114643480629, 0.0124220568687, 0.0101112164557, 0.0109256152064, 0.0119290063158, 0.00964309088886, 0.00579576333985, 0.00219274684787, 0.000289319606964, 1.42401959238e-05, 1.66957954661e-06, 2.10383609556e-06],
        "stdev": [0.0471038855612, 0.712962329388, 2.56914782524, 3.37498116493, 6.60018968582, 19.5582542419, 36.6980743408, 51.7291259766, 37.2460441589, 70.4471893311, 58.4127845764, 80.3285217285, 85.628692627, 100.02281189, 53.2439079285, 64.4363861084, 64.0521774292, 78.7071304321, 67.5004806519, 42.0799713135, 45.5158042908, 36.1831665039, 23.4183311462, 20.5224094391, 16.9115352631, 12.926115036, 13.4270048141, 10.9917631149, 11.4376173019, 8.55531311035, 4.76353693008, 3.29270792007, 2.07294440269, 0.679970979691, 0.0712738856673, 0.00255081965588, 0.00017309623945, 2.89014478767e-05, 9.90318221739e-06, 1.65030396602e-05]
    },
    "gfcc": {
        "mean": [-13.4750404358, 134.154388428, -145.495727539, 29.3191814423, -67.9050445557, 1.64754331112, -44.2302093506, -2.57164978981, -20.9517059326, -7.63148546219, -9.39592552185, -7.38107013702, -3.69341230392],
        "cov": [[1244.01171875, -186.448913574, -567.942138672, 125.553222656, -147.314483643, 39.5049057007, 143.614501953, -101.497016907, 112.308891296, -67.9998168945, 114.526168823, -71.6171646118, -23.5709381104], [-186.448913574, 341.115203857, 121.028297424, -143.1121521, 197.891677856, -22.1492195129, 13.6823701859, 25.6790752411, -18.2992744446, 34.8930473328, -2.39243030548, 10.6335763931, -12.3172502518], [-567.942138672, 121.028297424, 577.601806641, 113.843582153, 45.0941123962, 62.4662208557, -68.0797195435, 50.8029670715, -31.3855247498, 44.3934669495, -43.2071990967, 25.3056373596, 28.2664489746], [125.553222656, -143.1121521, 113.843582153, 306.044158936, -41.6657905579, 33.876121521, 19.6543464661, 6.05198335648, 44.5443687439, -10.2655000687, -7.37537097931, -5.54201698303, 10.9091367722], [-147.314483643, 197.891677856, 45.0941123962, -41.6657905579, 234.908584595, 10.1312246323, 14.7295598984, 40.9994430542, -13.3784656525, 3.35806512833, -21.2515830994, 10.8677530289, -9.66358947754], [39.5049057007, -22.1492195129, 62.4662208557, 33.876121521, 10.1312246323, 197.59173584, 64.2668075562, -15.1403808594, -20.7170562744, -14.9421367645, -6.38602495193, -23.7168273926, -18.7625045776], [143.614501953, 13.6823701859, -68.0797195435, 19.6543464661, 14.7295598984, 64.2668075562, 114.777572632, 6.02465105057, -5.75305509567, 1.29378688335, 9.02245521545, -18.3216362, -17.7333889008], [-101.497016907, 25.6790752411, 50.8029670715, 6.05198335648, 40.9994430542, -15.1403808594, 6.02465105057, 102.987678528, 28.607006073, 1.82419979572, -6.84309148788, -0.961146891117, -2.62539410591], [112.308891296, -18.2992744446, -31.3855247498, 44.5443687439, -13.3784656525, -20.7170562744, -5.75305509567, 28.607006073, 89.9512176514, 8.71352863312, 3.0226020813, 0.107886783779, -4.41307878494], [-67.9998168945, 34.8930473328, 44.3934669495, -10.2655000687, 3.35806512833, -14.9421367645, 1.29378688335, 1.82419979572, 8.71352863312, 60.0940361023, 14.7043952942, 4.04487848282, -0.0438906140625], [114.526168823, -2.39243030548, -43.2071990967, -7.37537097931, -21.2515830994, -6.38602495193, 9.02245521545, -6.84309148788, 3.0226020813, 14.7043952942, 63.0082244873, 15.2127799988, 2.08525919914], [-71.6171646118, 10.6335763931, 25.3056373596, -5.54201698303, 10.8677530289, -23.7168273926, -18.3216362, -0.961146891117, 0.107886783779, 4.04487848282, 15.2127799988, 60.5713005066, 27.2348327637], [-23.5709381104, -12.3172502518, 28.2664489746, 10.9091367722, -9.66358947754, -18.7625045776, -17.7333889008, -2.62539410591, -4.41307878494, -0.0438906140625, 2.08525919914, 27.2348327637, 54.2435951233]],
        "icov": [[0.00763513240963, -0.00570628559217, 0.00728355254978, -0.00617846380919, 0.00427607214078, -0.0026877084747, -0.00180382444523, 0.00482663419098, -0.00738823739812, 0.00772820971906, -0.0113176619634, 0.0090643838048, -0.00576568348333], [-0.00570628559217, 0.0251644961536, -0.0167248025537, 0.0175990704447, -0.019529145211, 0.011729395017, -0.012717072852, 0.00711778271943, -0.0052587450482, -0.00072078849189, -0.000580481893849, -0.000187736368389, 0.00486363191158], [0.00728355254978, -0.0167248025537, 0.0171649977565, -0.0149944778532, 0.0127598792315, -0.0105528775603, 0.0100441435352, -0.00441274838522, 0.00227879895829, -0.000498014385812, -0.00308290030807, 0.00310969282873, -0.00612661195919], [-0.00617846380919, 0.0175990704447, -0.0149944778532, 0.0180175099522, -0.0129297431558, 0.00885469838977, -0.0100867431611, 0.00447070691735, -0.00472839828581, 9.9425931694e-05, 0.0027639393229, -0.0020360017661, 0.00371109531261], [0.00427607214078, -0.019529145211, 0.0127598792315, -0.0129297431558, 0.0204688943923, -0.00932431500405, 0.00907873362303, -0.00785707030445, 0.00534407794476, -0.00021544971969, 0.00301197753288, -0.00258395634592, -0.00199999520555], [-0.0026877084747, 0.011729395017, -0.0105528775603, 0.00885469838977, -0.00932431500405, 0.0141386622563, -0.0120775150135, 0.00650318153203, -0.00349096208811, 0.0043156100437, -0.00163215177599, 0.00220125541091, 0.00348653178662], [-0.00180382444523, -0.012717072852, 0.0100441435352, -0.0100867431611, 0.00907873362303, -0.0120775150135, 0.0259205959737, -0.0128207933158, 0.0133744301274, -0.0111058391631, 0.00861112494022, -0.00621180143207, 0.00228327792138], [0.00482663419098, 0.00711778271943, -0.00441274838522, 0.00447070691735, -0.00785707030445, 0.00650318153203, -0.0128207933158, 0.0231041125953, -0.0170759372413, 0.0119305280969, -0.0132401408628, 0.0113727916032, -0.00369020598009], [-0.00738823739812, -0.0052587450482, 0.00227879895829, -0.00472839828581, 0.00534407794476, -0.00349096208811, 0.0133744301274, -0.0170759372413, 0.0300814211369, -0.0164073687047, 0.0175721887499, -0.014598544687, 0.00773755507544], [0.00772820971906, -0.00072078849189, -0.000498014385812, 9.9425931694e-05, -0.00021544971969, 0.0043156100437, -0.0111058391631, 0.0119305280969, -0.0164073687047, 0.0338378250599, -0.0213777404279, 0.0136540820822, -0.00550603400916], [-0.0113176619634, -0.000580481893849, -0.00308290030807, 0.0027639393229, 0.00301197753288, -0.00163215177599, 0.00861112494022, -0.0132401408628, 0.0175721887499, -0.0213777404279, 0.042503207922, -0.0243715271354, 0.0101621793583], [0.0090643838048, -0.000187736368389, 0.00310969282873, -0.0020360017661, -0.00258395634592, 0.00220125541091, -0.00621180143207, 0.0113727916032, -0.014598544687, 0.0136540820822, -0.0243715271354, 0.0388342440128, -0.0182318519801], [-0.00576568348333, 0.00486363191158, -0.00612661195919, 0.00371109531261, -0.00199999520555, 0.00348653178662, 0.00228327792138, -0.00369020598009, 0.00773755507544, -0.00550603400916, 0.0101621793583, -0.0182318519801, 0.0302863977849]]
    },
    "melbands": {
        "max": [0.00540540926158, 0.0111147835851, 0.00805277191103, 0.00799779966474, 0.00988115742803, 0.0102728968486, 0.00620831083506, 0.00931903813034, 0.00631597964093, 0.0080830026418, 0.00752940913662, 0.00979601219296, 0.00173857843038, 0.00167926645372, 0.00166216911748, 0.00218288740143, 0.00156013283413, 0.00180133257527, 0.000714996771421, 0.000687240215484, 0.000798308639787, 0.000651598442346, 0.000210486992728, 0.000431031017797, 0.000240810099058, 0.000134013302159, 0.000108511987492, 0.000165244957316, 0.000127607345348, 0.00010773739632, 8.99200240383e-05, 0.000122438839753, 5.3415842558e-05, 7.14062116458e-05, 3.47773784597e-05, 3.46514098055e-05, 5.40555593034e-05, 6.43320527161e-05, 2.07775938179e-05, 1.46137945194e-05],
        "mean": [0.00028259048122, 0.000707133498508, 0.000688851694576, 0.000825056922622, 0.00099340826273, 0.000863163324539, 0.000465312157758, 0.000421257340349, 0.000297996739391, 0.000248169759288, 0.000194400185137, 0.00019749578496, 0.000117912495625, 8.78518549143e-05, 7.67228120822e-05, 9.28332956391e-05, 7.61373885325e-05, 5.35803883395e-05, 5.12447986694e-05, 2.83552435576e-05, 2.92519489449e-05, 2.52423324127e-05, 1.42359012898e-05, 1.24903990582e-05, 1.03259008029e-05, 8.3408149294e-06, 6.75287219565e-06, 4.91030414196e-06, 3.73010084331e-06, 2.31723674915e-06, 1.86931288226e-06, 1.78640561899e-06, 1.42478950238e-06, 1.3715739442e-06, 9.88900524135e-07, 5.86515511714e-07, 3.93834483248e-07, 2.47585717261e-07, 1.54340867198e-07, 8.81978223788e-08],
        "min": [1.37458897598e-07, 1.87741636637e-06, 1.60724339366e-05, 2.53258767771e-05, 2.19380726776e-05, 6.24196536592e-06, 7.36140327717e-06, 4.12727968069e-06, 1.87918612937e-06, 1.50967969148e-06, 1.09857012376e-06, 2.20692277253e-06, 1.41785494634e-06, 7.13114559403e-07, 4.66451666625e-07, 4.50917099215e-07, 3.67764016573e-07, 3.38856239068e-07, 4.22879168127e-07, 3.52557037786e-07, 4.20333151396e-07, 1.71244167291e-07, 1.26250668586e-07, 6.39757686827e-08, 6.57514078739e-08, 3.47303092951e-08, 4.58566766781e-08, 2.42670576966e-08, 1.47369041414e-08, 1.15603304707e-08, 8.04284372435e-09, 6.27999163783e-09, 6.58459242686e-09, 6.33808872053e-09, 5.29964427898e-09, 5.29545785e-09, 6.08908701238e-09, 7.23100823663e-09, 8.86117579313e-09, 6.58818510857e-09],
        "stdev": [0.000570013653487, 0.00115094112698, 0.000619403319433, 0.00079295784235, 0.00107417802792, 0.00105790840462, 0.000644639949314, 0.000674018752761, 0.000534949125722, 0.000502927345224, 0.000449161598226, 0.000439560186351, 0.000189594051335, 0.000156976835569, 0.000165382720297, 0.000179381269845, 0.000153900095029, 0.000117911382404, 8.24164962978e-05, 5.19038512721e-05, 6.29105124972e-05, 5.11677972099e-05, 1.72251584445e-05, 2.19887533603e-05, 1.81601826625e-05, 1.46292695717e-05, 1.00030538306e-05, 9.13296207727e-06, 9.34350009629e-06, 6.88116779202e-06, 6.57535156279e-06, 7.41051871955e-06, 4.7583343985e-06, 4.89857666253e-06, 3.05646130982e-06, 1.89457864508e-06, 2.26291513172e-06, 1.90812033907e-06, 9.18109037684e-07, 4.83174119381e-07]
    },
    "melbands128": {
        "max": [0.00012030974176, 0.0023120676633, 0.00860190391541, 0.0131204174832, 0.0163630340248, 0.0124478675425, 0.00896811764687, 0.0107361618429, 0.00681140646338, 0.0107580618933, 0.0139299463481, 0.0142050329596, 0.0147441653535, 0.0188514012843, 0.0183234773576, 0.00913082808256, 0.0122711574659, 0.0093287518248, 0.0159478932619, 0.0162352621555, 0.0121034597978, 0.01807131432, 0.00514838378876, 0.017778897658, 0.0157964397222, 0.00907430239022, 0.0117899430916, 0.00727121206, 0.0224640853703, 0.0188230127096, 0.00502902967855, 0.00630700029433, 0.00152434874326, 0.00448187254369, 0.00239480682649, 0.00309316511266, 0.00334002426825, 0.0032640742138, 0.00146000646055, 0.00292121386155, 0.0033927091863, 0.00261817034334, 0.00286453939043, 0.00226382422261, 0.00294218142517, 0.0033606167417, 0.00236350949854, 0.00178322428837, 0.00107994768769, 0.000849945761729, 0.00115778320469, 0.00103272276465, 0.00110171176493, 0.00159115390852, 0.00220212270506, 0.000428509578342, 0.000319987739203, 0.000277862855, 0.000300611922285, 0.000463957490865, 0.000793259183411, 0.000325336732203, 0.000442988937721, 0.000331512797857, 0.00026893458562, 0.000205784366699, 0.000241958681727, 0.000144267294672, 0.000169031409314, 0.000149882878759, 0.000239004424657, 0.000151393149281, 0.000221362774028, 0.000114051013952, 0.000186877965461, 0.000155065543368, 0.000106869119918, 0.000181189898285, 0.000120011980471, 0.000110456654511, 0.000166292782524, 0.000145559417433, 6.5095438913e-05, 5.40611508768e-05, 9.70383189269e-05, 9.54888892011e-05, 7.57365778554e-05, 6.15682001808e-05, 3.60563863069e-05, 5.70312076889e-05, 3.12756674248e-05, 3.8289665099e-05, 4.2218787712e-05, 6.7702618253e-05, 5.41674526175e-05, 0.000145800047903, 3.81388817914e-05, 1.86966535694e-05, 3.09040769935e-05, 2.29286306421e-05, 2.88470037049e-05, 1.20523627629e-05, 6.34396064925e-06, 2.60777437688e-06, 1.06553989099e-06, 2.19374840071e-07, 8.89070221888e-08, 2.51681253616e-08, 1.43646197159e-08, 9.52835144119e-09, 1.14500231518e-08, 9.46003808622e-09, 8.35393798582e-09, 7.11801240172e-09, 6.81363898636e-09, 6.802446606e-09, 6.80255052288e-09, 6.39003250313e-09, 6.18070217229e-09, 6.03525762699e-09, 5.89544280061e-09, 5.76893333104e-09, 5.64113777912e-09, 5.54903545336e-09, 5.45032241561e-09, 5.37726574379e-09, 5.34162269972e-09, 5.31156674199e-09],
        "mean": [7.30228248358e-06, 0.000106851664896, 0.000365614687325, 0.000675267889164, 0.000776663713623, 0.000709378684405, 0.000620807521045, 0.000755228800699, 0.000679958960973, 0.000739334500395, 0.00104965618812, 0.000834712292999, 0.00105028739199, 0.00106558809057, 0.00109802186489, 0.000616894161794, 0.000341124483384, 0.000375784642529, 0.000745356664993, 0.000418171344791, 0.000315128476359, 0.000270737276878, 0.000322777341353, 0.00029592186911, 0.000203248244361, 0.000293699791655, 0.000198115929379, 0.000198832814931, 0.000155970425112, 0.000181730618351, 0.000229360273806, 0.000208252342418, 5.62964050914e-05, 0.000126076789456, 6.9739522587e-05, 7.73659630795e-05, 0.000111690416816, 8.9036198915e-05, 4.25156176789e-05, 5.91960779275e-05, 0.00014341113274, 8.10084893601e-05, 6.56750999042e-05, 8.19669439807e-05, 6.13279844401e-05, 4.4315285777e-05, 5.0197391829e-05, 6.18736885372e-05, 4.97221517435e-05, 2.31821195484e-05, 2.92416698358e-05, 2.93685370707e-05, 2.2320291464e-05, 2.84408670268e-05, 4.56755406049e-05, 2.15018226299e-05, 1.39456542456e-05, 1.26896438815e-05, 1.22847377497e-05, 2.14766005229e-05, 1.14641488835e-05, 7.16361864761e-06, 1.12397456178e-05, 1.13398100439e-05, 9.04039370653e-06, 7.84266558185e-06, 8.81572213984e-06, 6.7173386924e-06, 7.23135644876e-06, 5.00812393511e-06, 4.0600561988e-06, 5.47370700588e-06, 5.49217020307e-06, 2.82940595753e-06, 2.47863567893e-06, 2.81654502032e-06, 1.88976036952e-06, 1.8179282506e-06, 1.89384263649e-06, 1.89029640296e-06, 1.92225365936e-06, 1.75388618118e-06, 1.43009253861e-06, 1.34561651066e-06, 1.48828905822e-06, 1.39100563956e-06, 1.40458291753e-06, 1.18642572033e-06, 9.9442706869e-07, 8.42121096412e-07, 6.36429490442e-07, 5.33240609002e-07, 4.52210088042e-07, 3.88466702361e-07, 3.57359567715e-07, 3.42918212937e-07, 1.95318605734e-07, 1.63970639733e-07, 1.7124730789e-07, 1.40444569752e-07, 1.08634409912e-07, 8.03073163524e-08, 6.07965660038e-08, 4.93593645956e-08, 2.50703831028e-08, 1.46989611594e-08, 1.1822026913e-08, 8.3000148976e-09, 4.76778794223e-09, 3.3835299007e-09, 2.93219426517e-09, 1.94822646904e-09, 8.09329769869e-10, 5.58799062578e-10, 2.88779167246e-10, 2.00054028898e-10, 1.52616738691e-10, 9.11678805365e-12, 8.75109793658e-12, 8.55201239686e-12, 8.36815165772e-12, 8.209607473e-12, 8.03185816467e-12, 7.88518295797e-12, 7.78507553562e-12, 7.70784391174e-12, 7.6535661489e-12, 7.60176643855e-12],
        "min": [2.65720356829e-09, 2.65300155178e-08, 1.3087154116e-07, 1.82152007255e-07, 1.24670884816e-06, 1.55159241899e-07, 2.03493709705e-06, 5.06460219185e-06, 8.79818890098e-06, 2.98435907098e-06, 1.25827853026e-06, 1.04250784716e-06, 2.57927854364e-06, 5.83328255743e-06, 7.46027922105e-07, 9.35587479489e-07, 1.41428495226e-06, 1.50656694586e-06, 6.92430944582e-07, 2.45774094765e-06, 4.90776074002e-07, 4.16052273522e-07, 2.51721075983e-07, 2.63632244923e-07, 9.92700051938e-07, 1.01089746352e-07, 3.33178945766e-07, 2.81149908687e-07, 2.60965578036e-07, 3.37682479312e-07, 2.35245352087e-07, 1.80453497478e-07, 2.57994912545e-07, 1.37277380574e-08, 6.61627055365e-08, 8.14248437564e-08, 1.82217164024e-07, 2.69155179922e-07, 8.99181316072e-08, 1.85623719062e-07, 2.02050273401e-07, 1.31642195811e-07, 1.27735077626e-07, 1.66420392134e-07, 1.50132379417e-07, 7.79582904897e-08, 1.20684887861e-07, 1.39601169735e-07, 7.19726429566e-08, 5.19545508837e-08, 9.32654273811e-08, 1.39813991495e-07, 5.79293235603e-08, 1.72862385739e-07, 1.03669535179e-07, 4.60350797482e-08, 8.48583283641e-08, 2.96633118069e-08, 2.53814302908e-08, 6.88861803155e-08, 3.4965271567e-08, 1.57281796476e-08, 2.00577687792e-08, 3.16085611018e-08, 2.8330639168e-08, 1.78949761676e-08, 1.26171570969e-08, 1.52292258804e-08, 3.36296501757e-08, 2.36422295075e-08, 7.84684495159e-09, 1.34448709943e-08, 1.89610425139e-08, 6.30587093653e-09, 1.02175565786e-08, 8.88284912293e-09, 4.41234249138e-09, 5.46503153842e-09, 6.62606103319e-09, 8.27149637672e-09, 3.7826533017e-09, 4.92709162359e-09, 4.55181492498e-09, 4.06567846056e-09, 5.97413407633e-09, 3.77980446942e-09, 6.67562050083e-09, 4.06886568882e-09, 4.33415880963e-09, 3.77358411185e-09, 3.18999981985e-09, 4.19221191095e-09, 2.86671264504e-09, 2.15407114368e-09, 4.01733046829e-09, 2.99901925516e-09, 5.68933788969e-09, 5.99241589683e-09, 6.60669075003e-09, 4.63260718675e-09, 4.6571386747e-09, 4.74207784151e-09, 5.28554977564e-09, 5.9189479984e-09, 3.19677773142e-09, 3.59914498205e-09, 3.47985795734e-09, 3.05525271749e-09, 1.22871035568e-09, 1.10936237974e-09, 3.96907118283e-10, 2.44076814315e-10, 1.05536454575e-10, 2.80996441393e-11, 1.0722728044e-12, 9.04962953532e-13, 3.19663945921e-13, 1.8991613024e-13, 1.90152540523e-13, 1.28167550358e-13, 1.90790918763e-13, 2.05571331984e-13, 1.91721801195e-13, 1.80258328338e-13, 1.60023971613e-13, 2.24573628465e-13, 1.88651123802e-13, 1.83695032384e-13],
        "stdev": [1.58083112183e-05, 0.000283223285805, 0.000811600999441, 0.0013899251353, 0.00147409981582, 0.00110896059778, 0.000739178794902, 0.000798008870333, 0.000825519033242, 0.000853462610394, 0.00146369123831, 0.00121264974587, 0.00161899859086, 0.00166959560011, 0.00177207775414, 0.00093483919045, 0.000823093752842, 0.000622373016085, 0.00157407391816, 0.000942982267588, 0.000673952570651, 0.000715743575711, 0.00061711523449, 0.00109238375444, 0.000663343642373, 0.000691744731739, 0.000633250223473, 0.000596910249442, 0.00075714715058, 0.000688380270731, 0.000461129326141, 0.000480220711324, 0.000120533630252, 0.00029905088013, 0.000182031420991, 0.000189745915122, 0.000263747468125, 0.000274446763797, 0.000113947688078, 0.000165523626492, 0.00031549774576, 0.00021565843781, 0.000198694848223, 0.000213692692341, 0.00019509359845, 0.000161669129739, 0.000144114790601, 0.000123936086311, 9.91612905636e-05, 6.67403874104e-05, 7.55299624871e-05, 6.54828618281e-05, 6.60544174025e-05, 8.22139700176e-05, 0.000151079919306, 4.56290326838e-05, 2.86817812594e-05, 2.24315044761e-05, 1.94678668777e-05, 4.17002011091e-05, 3.23479362123e-05, 1.95646844077e-05, 2.5965659006e-05, 2.32185575442e-05, 2.04340740311e-05, 1.70497278305e-05, 1.8874217858e-05, 1.15556149467e-05, 1.25565611597e-05, 1.00339875644e-05, 1.12409461508e-05, 1.13198830149e-05, 1.52093716679e-05, 9.39388246479e-06, 9.64105129242e-06, 8.86323596205e-06, 5.79658581046e-06, 7.09714140612e-06, 7.01853423379e-06, 7.59215117796e-06, 9.37061486184e-06, 7.50510571379e-06, 4.8914580475e-06, 4.52909307569e-06, 5.58941565032e-06, 5.40795508641e-06, 5.234519449e-06, 4.36935033576e-06, 2.98824920719e-06, 2.83392728306e-06, 1.93445544028e-06, 1.87156479114e-06, 1.96218024939e-06, 2.42409691964e-06, 2.4001235488e-06, 3.99293139708e-06, 1.16033641007e-06, 8.85134397777e-07, 1.18302682495e-06, 9.11365134471e-07, 8.39094184357e-07, 4.27549849746e-07, 2.24473183152e-07, 1.28366991703e-07, 5.32695203503e-08, 1.338944422e-08, 4.89267426573e-09, 2.60958565867e-09, 1.55488821818e-09, 1.02694208692e-09, 9.206321816e-10, 6.90286494631e-10, 3.68759578429e-10, 2.96500851649e-10, 2.27178942325e-10, 2.08303499449e-10, 2.09723252653e-10, 1.64861319041e-10, 1.59386420728e-10, 1.5559349642e-10, 1.51946302762e-10, 1.48679721312e-10, 1.45406645058e-10, 1.43016223864e-10, 1.4047561725e-10, 1.38628566959e-10, 1.37680700174e-10, 1.36869390821e-10]
    },
    "mfcc": {
        "mean": [-642.696044922, 152.387008667, -17.4660148621, 21.2951755524, -4.30885076523, -0.603283941746, -11.6913833618, -1.82671570778, -9.66761112213, -1.75103700161, -7.60731315613, -4.91121530533, -0.463281869888],
        "cov": [[1844.4230957, -523.461303711, -436.00567627, -35.4272346497, -302.449066162, 103.413970947, -49.6044654846, 90.8980026245, -149.156768799, 140.331237793, 54.2172966003, -46.5977134705, -22.8402423859], [-523.461303711, 643.395385742, -108.721488953, -68.1422042847, 140.99041748, -40.635219574, 62.8615036011, -29.1799297333, 18.2831821442, -23.0789070129, 35.3282775879, -9.76837444305, 25.3316650391], [-436.00567627, -108.721488953, 522.570678711, 80.1502914429, 76.0611724854, 45.1334533691, 11.0411872864, -29.9119434357, 67.4653930664, -40.1356239319, -21.6312541962, 52.5378036499, 8.46851348877], [-35.4272346497, -68.1422042847, 80.1502914429, 223.133224487, 52.3465995789, -22.366355896, -29.1099376678, 1.54372656345, 43.7698707581, -6.71719741821, -19.2106876373, 48.0665931702, 30.1393489838], [-302.449066162, 140.99041748, 76.0611724854, 52.3465995789, 186.93309021, -5.40089273453, 5.77094841003, 20.2550506592, 44.7171020508, -10.4928359985, -10.4965457916, 15.4757471085, 14.0641202927], [103.413970947, -40.635219574, 45.1334533691, -22.366355896, -5.40089273453, 174.751525879, 60.719329834, 20.3300361633, -2.87498760223, 8.63522911072, 20.7462596893, -26.2292709351, -16.5351219177], [-49.6044654846, 62.8615036011, 11.0411872864, -29.1099376678, 5.77094841003, 60.719329834, 136.845733643, 22.842590332, 6.96346902847, 3.21684384346, 18.4317646027, -5.17024803162, -18.9842567444], [90.8980026245, -29.1799297333, -29.9119434357, 1.54372656345, 20.2550506592, 20.3300361633, 22.842590332, 96.8240203857, 17.7327060699, 23.3080291748, 14.4181833267, -6.80635499954, -9.43531703949], [-149.156768799, 18.2831821442, 67.4653930664, 43.7698707581, 44.7171020508, -2.87498760223, 6.96346902847, 17.7327060699, 87.9193572998, 4.98347473145, -2.16179800034, 23.5488357544, -1.43345355988], [140.331237793, -23.0789070129, -40.1356239319, -6.71719741821, -10.4928359985, 8.63522911072, 3.21684384346, 23.3080291748, 4.98347473145, 89.7341461182, 27.0268878937, -16.4713592529, -5.82358074188], [54.2172966003, 35.3282775879, -21.6312541962, -19.2106876373, -10.4965457916, 20.7462596893, 18.4317646027, 14.4181833267, -2.16179800034, 27.0268878937, 73.3520126343, 7.92804765701, -9.21643924713], [-46.5977134705, -9.76837444305, 52.5378036499, 48.0665931702, 15.4757471085, -26.2292709351, -5.17024803162, -6.80635499954, 23.5488357544, -16.4713592529, 7.92804765701, 88.6402435303, 21.8000068665], [-22.8402423859, 25.3316650391, 8.46851348877, 30.1393489838, 14.0641202927, -16.5351219177, -18.9842567444, -9.43531703949, -1.43345355988, -5.82358074188, -9.21643924713, 21.8000068665, 71.6002883911]],
        "icov": [[0.00168607884552, 0.00102394015994, 0.00128696439788, -0.000397052674089, 0.00118149828631, -0.00118182785809, 0.00051439285744, -0.000969888700638, 0.00166896008886, -0.00152898067608, -0.000221113717998, -0.000812727666926, -0.0001778742444], [0.00102394015994, 0.0038475387264, 0.00186167482752, 0.000975864124484, -0.00238614156842, 0.000440995645477, -0.0015856095124, 0.00177074118983, -0.000308564864099, 0.000422814890044, -0.00270053930581, 0.000774176151026, -0.00183720886707], [0.00128696439788, 0.00186167482752, 0.00393304228783, -0.000238939770497, -0.000763464311603, -0.00165349117015, -0.000201873466722, 0.0012133277487, -0.000662995676976, -0.000117222982226, -0.000470367842354, -0.00129278039094, -0.000427977560321], [-0.000397052674089, 0.000975864124484, -0.000238939770497, 0.00661405082792, -0.0022659630049, 0.000545793853234, 0.000271835568128, 0.0007968863938, -0.00255454191938, 0.000248530966928, 0.000567714043427, -0.00177108077332, -0.00189815356862], [0.00118149828631, -0.00238614156842, -0.000763464311603, -0.0022659630049, 0.0105125103146, -0.00146722060163, 0.00174399011303, -0.0043970211409, -1.38969899126e-05, -0.00143586087506, 0.00247272662818, -0.00101279956289, 0.000254033744568], [-0.00118182785809, 0.000440995645477, -0.00165349117015, 0.000545793853234, -0.00146722060163, 0.00904018152505, -0.00396276265383, 0.00044428408728, -0.00104009720962, 0.0017927614972, -0.00272082770243, 0.00384054007009, -0.000577999162488], [0.00051439285744, -0.0015856095124, -0.000201873466722, 0.000271835568128, 0.00174399011303, -0.00396276265383, 0.0106686986983, -0.00298702856526, 0.000565930036828, -0.000665303436108, 0.00044452137081, -0.00192315666936, 0.00241188169457], [-0.000969888700638, 0.00177074118983, 0.0012133277487, 0.0007968863938, -0.0043970211409, 0.00044428408728, -0.00298702856526, 0.0150863882154, -0.00443989830092, -0.00039723070222, -0.00275895558298, 0.00184098386671, -0.000289315503323], [0.00166896008886, -0.000308564864099, -0.000662995676976, -0.00255454191938, -1.38969899126e-05, -0.00104009720962, 0.000565930036828, -0.00443989830092, 0.018424032256, -0.00422774394974, 0.002014773665, -0.0045380522497, 0.00278881494887], [-0.00152898067608, 0.000422814890044, -0.000117222982226, 0.000248530966928, -0.00143586087506, 0.0017927614972, -0.000665303436108, -0.00039723070222, -0.00422774394974, 0.0163729898632, -0.006371807307, 0.00495513575152, -0.00134258670732], [-0.000221113717998, -0.00270053930581, -0.000470367842354, 0.000567714043427, 0.00247272662818, -0.00272082770243, 0.00044452137081, -0.00275895558298, 0.002014773665, -0.006371807307, 0.0201604068279, -0.00621207524091, 0.003350332845], [-0.000812727666926, 0.000774176151026, -0.00129278039094, -0.00177108077332, -0.00101279956289, 0.00384054007009, -0.00192315666936, 0.00184098386671, -0.0045380522497, 0.00495513575152, -0.00621207524091, 0.0178565643728, -0.00474039046094], [-0.0001778742444, -0.00183720886707, -0.000427977560321, -0.00189815356862, 0.000254033744568, -0.000577999162488, 0.00241188169457, -0.000289315503323, 0.00278881494887, -0.00134258670732, 0.003350332845, -0.00474039046094, 0.0176484752446]]
    },
    "spectral_contrast_coeffs": {
        "max": [-0.384458333254, -0.45783868432, -0.480809658766, -0.583037018776, -0.61409509182, -0.568727731705],
        "mean": [-0.665013194084, -0.715577840805, -0.732708930969, -0.764608383179, -0.767527520657, -0.756473898888],
        "min": [-0.842376947403, -0.890107452869, -0.877979874611, -0.880556821823, -0.876028120518, -0.867510437965],
        "stdev": [0.0714550614357, 0.0694483295083, 0.064436301589, 0.0521765910089, 0.0468976981938, 0.0423007942736]
    },
    "spectral_contrast_valleys": {
        "max": [-5.17620134354, -4.70805740356, -5.45200490952, -5.86994600296, -5.87202739716, -8.08713531494],
        "mean": [-6.59875249863, -6.40423583984, -7.24258565903, -7.52085733414, -7.75651359558, -10.8157539368],
        "min": [-8.8925037384, -7.81474351883, -8.80910968781, -9.1979932785, -9.62696266174, -11.7253704071],
        "stdev": [0.559299707413, 0.459895133972, 0.579877078533, 0.529651522636, 0.54376500845, 0.516163170338]
    }
},
"rhythm": {
    "beats_count": 88,
    "beats_loudness": {
        "max": 0.081437818706,
        "mean": 0.0316859073937,
        "min": 0.00771823851392,
        "stdev": 0.0142579199746
    },
    "bpm": 148.177032471,
    "bpm_histogram_first_peak_bpm": 148,
    "bpm_histogram_first_peak_weight": 0.475609779358,
    "bpm_histogram_second_peak_bpm": 157,
    "bpm_histogram_second_peak_spread": 0.399999976158,
    "bpm_histogram_second_peak_weight": 0.0344827584922,
    "danceability": 1.10585975647,
    "onset_rate": 2.49982357025,
    "beats_loudness_band_ratio": {
        "max": [0.858643710613, 0.773579835892, 0.745617330074, 0.702256500721, 0.329710692167, 0.125496655703],
        "mean": [0.24679876864, 0.311696320772, 0.227607429028, 0.152639567852, 0.0797091647983, 0.0190969072282],
        "min": [0.0129113504663, 0.0406579896808, 0.033167835325, 0.00882770866156, 0.00888923928142, 0.00233536888845],
        "stdev": [0.197784736753, 0.185265824199, 0.142468035221, 0.149919986725, 0.0682351738214, 0.0188184697181]
    },
