{
"metadata": {
    "version": {
        "essentia": "2.1-beta5",
        "essentia_git_sha": "Undefined",
        "extractor": "music 2.0"
    },
    "audio_properties": {
        "analysis": {
            "equal_loudness": 0,
            "length": 48.7502937317,
            "sample_rate": 44100,
            "start_time": 29.0017242432,
            "downmix": "mix"
        },
        "bit_rate": 192000,
        "length": 269.444366455,
        "lossless": 0,
        "number_channels": 2,
        "replay_gain": -1.89383506775,
        "sample_rate": 44100,
        "codec": "mp3",
        "md5_encoded": "9085a9c84eedaf4ef7d48ef83eb25432"
    },
    "tags": {
        "file_name": "Norway_Romeo_Ketil Stokkan.mp3",
        "encoding": ["Lavf58.29.100"]
    }
},
"lowlevel": {
    "average_loudness": 0.790676891804,
    "barkbands_crest": {
        "max": 26.3515319824,
        "mean": 11.1210641861,
        "min": 2.77116084099,
        "stdev": 4.73365306854
    },
    "barkbands_flatness_db": {
        "max": 0.377079695463,
        "mean": 0.177222773433,
        "min": 0.0286664608866,
        "stdev": 0.0767876431346
    },
    "barkbands_kurtosis": {
        "max": 190.717147827,
        "mean": 8.87992477417,
        "min": -1.7796459198,
        "stdev": 13.3322401047
    },
    "barkbands_skewness": {
        "max": 12.6190567017,
        "mean": 1.71669971943,
        "min": -2.09075570107,
        "stdev": 1.5088224411
    },
    "barkbands_spread": {
        "max": 69.0379486084,
        "mean": 12.6880702972,
        "min": 0.752834498882,
        "stdev": 12.0739297867
    },
    "dissonance": {
        "max": 0.500000059605,
        "mean": 0.425413668156,
        "min": 0.137259483337,
        "stdev": 0.0677115917206
    },
    "dynamic_complexity": 6.15505552292,
    "erbbands_crest": {
        "max": 30.4616546631,
        "mean": 12.1420259476,
        "min": 2.9391913414,
        "stdev": 5.35211515427
    },
    "erbbands_flatness_db": {
        "max": 0.385122805834,
        "mean": 0.22246363759,
        "min": 0.06838003546,
        "stdev": 0.0654895827174
    },
    "erbbands_kurtosis": {
        "max": 58.8550300598,
        "mean": 2.92788505554,
        "min": -1.88999652863,
        "stdev": 4.86956787109
    },
    "erbbands_skewness": {
        "max": 5.53402280807,
        "mean": 0.992281019688,
        "min": -2.98567271233,
        "stdev": 1.10870182514
    },
    "erbbands_spread": {
        "max": 95.4541091919,
        "mean": 22.2534751892,
        "min": 1.93635523319,
        "stdev": 14.5977973938
    },
    "hfc": {
        "max": 109.311393738,
        "mean": 8.17145252228,
        "min": 0.0612190365791,
        "stdev": 12.5429983139
    },
    "loudness_ebu128": {
        "integrated": -24.7877635956,
        "loudness_range": 7.11603355408,
        "momentary": {
            "max": -18.8290882111,
            "mean": -27.3646507263,
            "min": -46.7963867188,
            "stdev": 5.45507574081
        },
        "short_term": {
            "max": -21.019487381,
            "mean": -25.6483974457,
            "min": -32.2400054932,
            "stdev": 2.39072418213
        }
    },
    "melbands_crest": {
        "max": 31.5239849091,
        "mean": 14.0672025681,
        "min": 3.43297815323,
        "stdev": 5.51871538162
    },
    "melbands_flatness_db": {
        "max": 0.453456997871,
        "mean": 0.255560219288,
        "min": 0.0551394708455,
        "stdev": 0.0921508595347
    },
    "melbands_kurtosis": {
        "max": 210.66267395,
        "mean": 11.4752235413,
        "min": -1.76538515091,
        "stdev": 15.8706035614
    },
    "melbands_skewness": {
        "max": 10.4502658844,
        "mean": 1.97279798985,
        "min": -1.07907176018,
        "stdev": 1.50826323032
    },
    "melbands_spread": {
        "max": 124.335632324,
        "mean": 16.7520465851,
        "min": 0.799224674702,
        "stdev": 18.3196048737
    },
    "pitch_salience": {
        "max": 0.890266537666,
        "mean": 0.646063089371,
        "min": 0.136247232556,
        "stdev": 0.122992388904
    },
    "silence_rate_20dB": {
        "max": 1,
        "mean": 1,
        "min": 1,
        "stdev": 0
    },
    "silence_rate_30dB": {
        "max": 1,
        "mean": 0.993812441826,
        "min": 0,
        "stdev": 0.0784165263176
    },
    "silence_rate_60dB": {
        "max": 1,
        "mean": 0.407425045967,
        "min": 0,
        "stdev": 0.491351038218
    },
    "spectral_centroid": {
        "max": 4082.80151367,
        "mean": 984.935974121,
        "min": 268.166687012,
        "stdev": 705.348205566
    },
    "spectral_complexity": {
        "max": 42,
        "mean": 8.26511192322,
        "min": 0,
        "stdev": 8.0002117157
    },
    "spectral_decrease": {
        "max": -1.84043301432e-11,
        "mean": -3.45580564165e-09,
        "min": -3.83264335824e-08,
        "stdev": 5.10773867646e-09
    },
    "spectral_energy": {
        "max": 0.1518330127,
        "mean": 0.0137841952965,
        "min": 7.57688248996e-05,
        "stdev": 0.0203303955495
    },
    "spectral_energyband_high": {
        "max": 0.00316105200909,
        "mean": 5.34891660209e-05,
        "min": 4.65572412622e-07,
        "stdev": 0.000209499485209
    },
    "spectral_energyband_low": {
        "max": 0.00305653852411,
        "mean": 0.000223645431106,
        "min": 1.56479904945e-06,
        "stdev": 0.000325670320308
    },
    "spectral_energyband_middle_high": {
        "max": 0.0346008352935,
        "mean": 0.00198479066603,
        "min": 6.38473602521e-06,
        "stdev": 0.00412134965882
    },
    "spectral_energyband_middle_low": {
        "max": 0.143270388246,
        "mean": 0.0117547577247,
        "min": 9.29139241634e-06,
        "stdev": 0.0182674434036
    },
    "spectral_entropy": {
        "max": 8.38223171234,
        "mean": 6.98320102692,
        "min": 5.21393728256,
        "stdev": 0.705619692802
    },
    "spectral_flux": {
        "max": 0.362614303827,
        "mean": 0.0579895451665,
        "min": 0.00420561712235,
        "stdev": 0.0524715445936
    },
    "spectral_kurtosis": {
        "max": 67.226852417,
        "mean": 12.6391372681,
        "min": 0.252377271652,
        "stdev": 8.87090682983
    },
    "spectral_rms": {
        "max": 0.0121708568186,
        "mean": 0.0028642679099,
        "min": 0.000271883793175,
        "stdev": 0.00228996784426
    },
    "spectral_rolloff": {
        "max": 5943.1640625,
        "mean": 1129.89367676,
        "min": 129.19921875,
        "stdev": 1013.90380859
    },
    "spectral_skewness": {
        "max": 6.2373790741,
        "mean": 2.475928545,
        "min": -0.0445176325738,
        "stdev": 0.997512042522
    },
    "spectral_spread": {
        "max": 15862447,
        "mean": 3211168.75,
        "min": 1104432.25,
        "stdev": 1185001.125
    },
    "spectral_strongpeak": {
        "max": 6.13461589813,
        "mean": 0.887209355831,
        "min": 0,
        "stdev": 0.987570464611
    },
    "zerocrossingrate": {
        "max": 0.18994140625,
        "mean": 0.0463634766638,
        "min": 0.01025390625,
        "stdev": 0.0280870441347
    },
    "barkbands": {
        "max": [0.00114458368625, 0.000352466973709, 0.000835238781292, 0.00957699399441, 0.0552195012569, 0.0610065124929, 0.101352863014, 0.0732143595815, 0.0535317398608, 0.0341101624072, 0.01902542077, 0.0112708294764, 0.00481652608141, 0.00752450246364, 0.0201819892973, 0.00471827154979, 0.00424322439358, 0.00434918189421, 0.00199404591694, 0.00474823918194, 0.00231262971647, 0.000682952697389, 0.00014434212062, 9.19711310416e-05, 1.17016670629e-05, 1.65298411048e-06, 1.16725925636e-06],
        "mean": [3.5857749026e-05, 2.74921094388e-05, 5.2512063121e-05, 0.000323330197716, 0.00224120053463, 0.0025238795206, 0.00334437238052, 0.00183170230594, 0.00125195819419, 0.000647258944809, 0.000272633216809, 0.000164255150594, 0.000172302054125, 0.000192618026631, 0.00020997536194, 0.000158018418006, 0.00013980625954, 6.88706495566e-05, 5.74489531573e-05, 2.85050155071e-05, 2.43938411586e-05, 1.00716142697e-05, 2.36990740632e-06, 1.43384431794e-06, 7.85356746746e-07, 8.06626644589e-07, 3.47278160007e-07],
        "min": [1.89680502416e-08, 1.40417498073e-07, 2.93017752284e-08, 1.04980761861e-08, 4.21269817252e-07, 5.06779542775e-07, 5.50415734324e-07, 3.89686050539e-07, 3.83917154068e-07, 2.09448899113e-07, 2.7191330787e-07, 2.60964412746e-07, 2.83082300712e-07, 2.62937959405e-07, 3.30673884719e-07, 2.68560626182e-07, 2.89334593617e-07, 2.57999744235e-07, 1.08698976931e-07, 1.37612076401e-07, 1.54422608034e-07, 2.4163805179e-08, 3.76282827119e-08, 3.90581966769e-08, 5.24444345729e-08, 5.05345774116e-08, 1.77243126842e-08],
        "stdev": [4.14505630033e-05, 2.64894788415e-05, 8.948508912e-05, 0.00081055785995, 0.00490710278973, 0.00560258841142, 0.00877238251269, 0.00592297548428, 0.00419472670183, 0.00221116049215, 0.00108077272307, 0.000534143822733, 0.000460399693111, 0.000599703693297, 0.000800867273938, 0.000416863767896, 0.000352109695086, 0.000191046579857, 0.000177167792572, 0.000143733850564, 0.000117643445265, 4.85593263875e-05, 9.79412016022e-06, 5.06797096023e-06, 7.06820628693e-07, 1.371219156e-07, 1.84121930147e-07]
    },
    "erbbands": {
        "max": [0.0128799332306, 0.0974212437868, 0.5395860672, 11.5939016342, 92.2229385376, 289.874542236, 390.893280029, 691.667541504, 1749.27990723, 1458.86486816, 1867.87792969, 1239.14453125, 1417.28479004, 780.714416504, 805.565490723, 418.666168213, 249.039505005, 432.785003662, 1160.27758789, 514.33013916, 227.134628296, 204.572967529, 254.67829895, 124.558303833, 209.027832031, 173.257858276, 98.5361709595, 55.1704940796, 24.8614082336, 14.1921033859, 3.07913947105, 1.724203825, 1.33746349812, 0.268249511719, 0.0242002978921, 0.00688646780327, 0.00319171813317, 0.00210739229806, 0.000108723630547, 0.000172734289663],
        "mean": [0.00159872916993, 0.00436831451952, 0.0501238182187, 0.608404040337, 3.42728209496, 8.70038509369, 14.5164785385, 22.4939651489, 39.7599487305, 50.604133606, 38.8638496399, 28.5573196411, 21.888671875, 16.2345504761, 9.44637489319, 6.7044095993, 7.66938495636, 9.66221427917, 10.9418973923, 10.1765737534, 8.38052082062, 7.98705863953, 4.4157538414, 3.04506039619, 2.38954997063, 1.36693656445, 1.10038709641, 0.81077849865, 0.385248720646, 0.193808093667, 0.0550259873271, 0.0338221974671, 0.0215057265013, 0.0100893620402, 0.00513875624165, 0.00294048478827, 0.00157164386474, 0.000804340990726, 2.49892127613e-05, 1.61938132806e-05],
        "min": [4.97421524415e-06, 3.64031584468e-05, 0.000157098853379, 0.000650306756143, 0.00199745036662, 0.00138517224696, 0.00277948379517, 0.00403341557831, 0.00627805758268, 0.00894210394472, 0.00676567060873, 0.0108367204666, 0.00946358777583, 0.0127742066979, 0.0160590857267, 0.0147482575849, 0.0149755356833, 0.0213105529547, 0.0209086760879, 0.0205016266555, 0.0220754202455, 0.0156695246696, 0.0155562451109, 0.0158136077225, 0.00626231217757, 0.00660442654043, 0.00824913661927, 0.00298505974934, 0.000961520301644, 0.000784936826676, 0.00127232971136, 0.000757134228479, 0.00064211525023, 0.000558115949389, 0.000409651867812, 0.000175455759745, 9.8663418612e-05, 2.39606069954e-05, 2.54743872574e-06, 3.0010124874e-07],
        "stdev": [0.00124225078616, 0.00668639549986, 0.0721213892102, 1.22401845455, 8.31571388245, 23.0675010681, 33.2920341492, 54.9455032349, 112.70967865, 136.184448242, 126.664756775, 93.2405700684, 80.1008148193, 51.6233100891, 32.4666786194, 21.0054321289, 20.0095596313, 29.4579315186, 42.5799484253, 31.7611656189, 21.0294971466, 19.6114902496, 11.4017076492, 9.14148616791, 8.27959632874, 6.26326942444, 5.00155878067, 3.97296929359, 1.85028076172, 0.95863866806, 0.205622002482, 0.126301899552, 0.0689234957099, 0.0160153768957, 0.00179201434366, 0.000599104561843, 0.000288758426905, 0.000296101585263, 1.2620452253e-05, 2.31735630223e-05]
    },
    "gfcc": {
        "mean": [-122.80027771, 107.163208008, -118.885871887, -6.30789613724, -58.75573349, -21.1994285583, -48.0311851501, 4.56868886948, -21.7940387726, 5.29518890381, -19.3047199249, 3.39186120033, -10.795208931],
        "cov": [[3329.20581055, 1029.81005859, -1249.57104492, -539.83404541, -99.7148361206, -673.551696777, -41.3380012512, -204.792251587, 23.9407367706, -300.816711426, 54.6735534668, -225.151092529, 81.145614624], [1029.81005859, 1162.04699707, 250.168624878, -596.763244629, -93.9576644897, -505.742095947, -246.279556274, -77.96043396, -37.5047073364, -227.219467163, 30.4186668396, -136.873291016, -55.5675239563], [-1249.57104492, 250.168624878, 1243.84484863, 99.5650177002, -117.057434082, -106.901321411, -223.771408081, 7.27650117874, -35.6844139099, -26.8058414459, -35.4162902832, 29.8427696228, -92.7869491577], [-539.83404541, -596.763244629, 99.5650177002, 683.500671387, 112.096618652, 51.3195877075, -29.680929184, -9.43322658539, 12.7983350754, 89.6702728271, -43.7393722534, 78.3200912476, 26.5096073151], [-99.7148361206, -93.9576644897, -117.057434082, 112.096618652, 245.918121338, 41.8892021179, -81.8468780518, 5.84101867676, 4.61807918549, 23.710975647, -11.2546482086, 28.0903720856, 16.3076038361], [-673.551696777, -505.742095947, -106.901321411, 51.3195877075, 41.8892021179, 557.772155762, 241.662216187, 29.9141120911, -21.6035346985, 130.278701782, -1.04580724239, 64.3180465698, 5.06001424789], [-41.3380012512, -246.279556274, -223.771408081, -29.680929184, -81.8468780518, 241.662216187, 294.280548096, 77.3951873779, -31.4979610443, 36.9081726074, 9.7420539856, 4.32905721664, 7.0629940033], [-204.792251587, -77.96043396, 7.27650117874, -9.43322658539, 5.84101867676, 29.9141120911, 77.3951873779, 147.670257568, 38.4127960205, 7.33160877228, -7.0967297554, 11.9289531708, -10.4302797318], [23.9407367706, -37.5047073364, -35.6844139099, 12.7983350754, 4.61807918549, -21.6035346985, -31.4979610443, 38.4127960205, 114.245994568, 36.8123779297, -29.4500293732, -7.13493394852, 7.10199546814], [-300.816711426, -227.219467163, -26.8058414459, 89.6702728271, 23.710975647, 130.278701782, 36.9081726074, 7.33160877228, 36.8123779297, 140.367141724, 32.5013580322, 12.85754776, -15.1028051376], [54.6735534668, 30.4186668396, -35.4162902832, -43.7393722534, -11.2546482086, -1.04580724239, 9.7420539856, -7.0967297554, -29.4500293732, 32.5013580322, 105.637947083, 24.2239379883, -26.2291374207], [-225.151092529, -136.873291016, 29.8427696228, 78.3200912476, 28.0903720856, 64.3180465698, 4.32905721664, 11.9289531708, -7.13493394852, 12.85754776, 24.2239379883, 90.9621353149, 29.8324642181], [81.145614624, -55.5675239563, -92.7869491577, 26.5096073151, 16.3076038361, 5.06001424789, 7.0629940033, -10.4302797318, 7.10199546814, -15.1028051376, -26.2291374207, 29.8324642181, 81.8584365845]],
        "icov": [[0.0134603865445, -0.0160469338298, 0.0156485941261, -0.0102755185217, 0.00514339655638, 0.00299865193665, -0.00897381454706, 0.0146011933684, -0.0164380464703, 0.0161127112806, -0.011495157145, 0.00854129903018, -0.00414317194372], [-0.0160469338298, 0.0278374217451, -0.0215838756412, 0.018798135221, -0.0105565991253, 0.00200221780688, 0.00807626545429, -0.0120016634464, 0.0164139121771, -0.0124263400212, 0.00890712067485, -0.00483909621835, 0.00490485969931], [0.0156485941261, -0.0215838756412, 0.0213398858905, -0.0144054554403, 0.0104953460395, 0.00060503417626, -0.00516648730263, 0.012409158051, -0.0147617021576, 0.0153775047511, -0.00929508823901, 0.00663344422355, -0.002689254703], [-0.0102755185217, 0.018798135221, -0.0144054554403, 0.0152863478288, -0.00856239441782, 0.00348013360053, 0.00333308568224, -0.00586317386478, 0.0108427051455, -0.0102463066578, 0.00846028700471, -0.00613451190293, 0.00423894077539], [0.00514339655638, -0.0105565991253, 0.0104953460395, -0.00856239441782, 0.0149729577824, -0.00560482079163, 0.00899390690029, -0.00436718575656, 0.00185253436211, 0.00113275973126, 0.000369617890101, 0.000686316518113, -0.00164756854065], [0.00299865193665, 0.00200221780688, 0.00060503417626, 0.00348013360053, -0.00560482079163, 0.0111395828426, -0.0117582213134, 0.0111835291609, -0.00620627496392, 0.00284426612779, -0.00101468805224, -0.00106758519541, 0.0019400700694], [-0.00897381454706, 0.00807626545429, -0.00516648730263, 0.00333308568224, 0.00899390690029, -0.0117582213134, 0.0278654433787, -0.0247921999544, 0.0228183027357, -0.0138936936855, 0.00998808257282, -0.00284560769796, 0.000508537690621], [0.0146011933684, -0.0120016634464, 0.012409158051, -0.00586317386478, -0.00436718575656, 0.0111835291609, -0.0247921999544, 0.0358928181231, -0.03027603589, 0.0237955078483, -0.015654342249, 0.00757553614676, -0.000525004579686], [-0.0164380464703, 0.0164139121771, -0.0147617021576, 0.0108427051455, 0.00185253436211, -0.00620627496392, 0.0228183027357, -0.03027603589, 0.0430337525904, -0.0328052528203, 0.025990312919, -0.0143841179088, 0.00516510475427], [0.0161127112806, -0.0124263400212, 0.0153775047511, -0.0102463066578, 0.00113275973126, 0.00284426612779, -0.0138936936855, 0.0237955078483, -0.0328052528203, 0.0434648990631, -0.0298292823136, 0.0214466247708, -0.00633821822703], [-0.011495157145, 0.00890712067485, -0.00929508823901, 0.00846028700471, 0.000369617890101, -0.00101468805224, 0.00998808257282, -0.015654342249, 0.025990312919, -0.0298292823136, 0.0372788198292, -0.0256402865052, 0.0148290591314], [0.00854129903018, -0.00483909621835, 0.00663344422355, -0.00613451190293, 0.000686316518113, -0.00106758519541, -0.00284560769796, 0.00757553614676, -0.0143841179088, 0.0214466247708, -0.0256402865052, 0.035961009562, -0.0172225348651], [-0.00414317194372, 0.00490485969931, -0.002689254703, 0.00423894077539, -0.00164756854065, 0.0019400700694, 0.000508537690621, -0.000525004579686, 0.00516510475427, -0.00633821822703, 0.0148290591314, -0.0172225348651, 0.0247399155051]]
    },
    "melbands": {
        "max": [0.000131924767629, 0.000258209998719, 0.00417716801167, 0.014988376759, 0.0100782308728, 0.0137560293078, 0.0230527073145, 0.0145997470245, 0.0141965132207, 0.00679167918861, 0.00692075816914, 0.00291232857853, 0.00276411953382, 0.000958518008702, 0.000930779846385, 0.000562961795367, 0.000787406577729, 0.00165731215384, 0.000925504777115, 0.000462536932901, 0.000269846816082, 0.000274648424238, 0.000265983631834, 0.000191306055058, 0.000115643779282, 0.000100479417597, 0.000237279193243, 8.44232345116e-05, 6.81236124365e-05, 5.86979622312e-05, 3.1765546737e-05, 1.58310831466e-05, 1.26451550386e-05, 6.28876159681e-06, 1.59631633778e-06, 1.09184668418e-06, 1.47164473674e-06, 1.29564136842e-06, 3.75558869337e-07, 1.67253119798e-07],
        "mean": [1.30062953758e-05, 2.27622804232e-05, 0.000174304805114, 0.000454175751656, 0.000486773409648, 0.00050794321578, 0.000633826770354, 0.000525506737176, 0.000307750247885, 0.000165107470821, 0.000106624414911, 6.74425973557e-05, 3.48623725586e-05, 1.95777520275e-05, 1.64991342899e-05, 1.75779478013e-05, 1.76812754944e-05, 1.73358330358e-05, 1.55240995809e-05, 1.17406425488e-05, 9.28962253965e-06, 8.55749567563e-06, 5.86049191043e-06, 2.74706940218e-06, 2.42350415647e-06, 2.19548815039e-06, 1.19259584608e-06, 8.18303817596e-07, 7.01894180111e-07, 5.65024720345e-07, 4.43515546067e-07, 2.21542919121e-07, 1.637569369e-07, 7.94753702849e-08, 2.96542363998e-08, 2.35852493091e-08, 1.94489011562e-08, 1.59824669055e-08, 1.15746177087e-08, 7.40511696407e-09],
        "min": [4.09710416704e-08, 1.23509892092e-07, 1.4810582627e-07, 1.42188014252e-07, 9.32855570568e-08, 9.5649987486e-08, 9.467316886e-08, 1.35759464115e-07, 5.45578444644e-08, 5.06989934479e-08, 2.90897332889e-08, 4.06265812103e-08, 4.04526510067e-08, 2.91093318339e-08, 2.41433806281e-08, 2.8701716559e-08, 3.35058096823e-08, 2.71431375154e-08, 2.88589099284e-08, 2.57274841431e-08, 1.44225298371e-08, 1.45145291341e-08, 1.15664038347e-08, 8.43959391261e-09, 8.66367599883e-09, 2.76300471391e-09, 4.02543154365e-09, 4.34245039926e-09, 4.0683478808e-09, 2.3390951398e-09, 1.41873546244e-09, 4.89709384155e-10, 4.53618309582e-10, 4.36540997795e-10, 8.35896629692e-10, 4.55124188337e-10, 4.9221221543e-10, 4.02049088466e-10, 4.34888985934e-10, 5.24994048234e-10],
        "stdev": [9.52256596065e-06, 3.35105869453e-05, 0.000352177594323, 0.00114512781147, 0.001004024758, 0.0011849218281, 0.00169798510615, 0.0014095880324, 0.00103482801933, 0.000532584788743, 0.000397586816689, 0.000216228538193, 0.000129900465254, 6.22137013124e-05, 5.02540824527e-05, 4.94948581036e-05, 5.44674076082e-05, 6.78139767842e-05, 5.5525379139e-05, 3.31986593665e-05, 2.38500379055e-05, 2.20609999815e-05, 1.55842153617e-05, 7.97039956524e-06, 7.86406599218e-06, 7.2733532761e-06, 6.47339311399e-06, 3.67647135135e-06, 3.08777907776e-06, 2.82162818621e-06, 2.25889993999e-06, 1.05954688934e-06, 8.28201052627e-07, 3.8950068415e-07, 1.09149503658e-07, 8.25553456707e-08, 7.73863888526e-08, 5.73135743309e-08, 2.72153410918e-08, 8.78875017207e-09]
    },
    "melbands128": {
        "max": [0.000475264532724, 0.000158231443493, 4.28227394877e-05, 0.000209456833545, 0.000331185612595, 0.000539902364835, 0.001998138614, 0.00695468857884, 0.0129419658333, 0.0242034830153, 0.021107390523, 0.0150093780831, 0.0169569887221, 0.0186345688999, 0.0269875824451, 0.0271145440638, 0.0408867113292, 0.0286482572556, 0.0332343839109, 0.026768727228, 0.0234545636922, 0.0215992331505, 0.025978974998, 0.0214268025011, 0.0154676958919, 0.00596127985045, 0.0119840241969, 0.0128721063957, 0.00693957088515, 0.00541019113734, 0.00613136542961, 0.00374414119869, 0.00464947149158, 0.0028365238104, 0.00118815083988, 0.00152749358676, 0.00149919698015, 0.00155080796685, 0.00104201224167, 0.000640866113827, 0.000757090281695, 0.00138073938433, 0.00150747550651, 0.000601935142186, 0.00119545846246, 0.00184828345664, 0.00438583828509, 0.00116987363435, 0.00171716930345, 0.0008770977729, 0.00041350981337, 0.000563724082895, 0.0005436479114, 0.000493549625389, 0.000670899695251, 0.000554765691049, 0.000249035365414, 0.000649096502457, 0.00029082846595, 0.000315695884638, 0.00023951883486, 0.000172981803189, 0.000173279782757, 0.00014407990966, 0.000128694286104, 0.000172531756107, 7.94401275925e-05, 0.000336163211614, 0.000268352130661, 0.000112004396215, 9.50251414906e-05, 7.52571068006e-05, 4.623804125e-05, 9.21658574953e-05, 7.22625482013e-05, 9.54718198045e-05, 4.02252553613e-05, 5.35292601853e-05, 4.86861135869e-05, 2.82536366285e-05, 2.53400485235e-05, 1.59299361258e-05, 1.55735979206e-05, 1.46571337609e-05, 1.27681669255e-05, 1.00985989775e-05, 3.81699055652e-06, 2.69952192866e-06, 2.00465865419e-06, 1.79627647867e-06, 1.55555005676e-06, 1.28722001591e-06, 1.27557325413e-06, 1.27872374378e-06, 2.41676525548e-06, 2.08470873986e-06, 9.24219307308e-07, 5.36212155566e-07, 6.04567162554e-07, 3.54861157348e-07, 3.13606875579e-07, 1.05972453923e-07, 5.59181110305e-08, 3.46715189892e-08, 2.14626236783e-08, 2.36980799428e-08, 1.92988078851e-08, 1.60702935403e-08, 1.40407179217e-08, 1.22948273784e-08, 1.21046550561e-08, 1.14609335355e-08, 1.16595062494e-08, 1.37550832946e-08, 1.52282861876e-08, 2.27676135722e-08, 3.94778787438e-08, 3.87581383654e-10, 4.47156756067e-10, 4.55237930685e-10, 4.77771822105e-10, 4.75180395032e-10, 4.69399352721e-10, 4.65754768086e-10, 4.71223393639e-10, 4.79577544343e-10, 4.69237426692e-10, 4.58449472829e-10],
        "mean": [2.41113011725e-05, 1.75318837137e-05, 7.5263292274e-06, 5.75027252125e-06, 1.28053043227e-05, 3.06031324726e-05, 9.77473464445e-05, 0.000186022807611, 0.000315542245517, 0.000539149390534, 0.000495393294841, 0.000413366593421, 0.000490274687763, 0.000562701025046, 0.000530281453393, 0.000425979291322, 0.000556899583898, 0.000690405024216, 0.000719938776456, 0.000588958966546, 0.000424867524998, 0.000338322104653, 0.000293852092, 0.000285600021016, 0.000189465703443, 0.000111796114652, 0.000108358442958, 0.000117738796689, 9.69658503891e-05, 7.20711541362e-05, 6.23475207249e-05, 4.43033459305e-05, 3.63933031622e-05, 2.46535455517e-05, 2.16782209463e-05, 1.813795825e-05, 1.56464284373e-05, 1.69027498487e-05, 1.70914463524e-05, 1.51895437739e-05, 1.87247369468e-05, 1.89657657756e-05, 1.88863377844e-05, 1.5722693206e-05, 1.67380985658e-05, 1.79097223736e-05, 1.80046281457e-05, 1.57473368745e-05, 1.4466826542e-05, 1.3824222151e-05, 1.08820413516e-05, 1.03223164842e-05, 1.01214345705e-05, 8.33828380564e-06, 8.49165553518e-06, 8.97467907635e-06, 8.53104302223e-06, 6.7272430897e-06, 5.17763555763e-06, 3.41450936503e-06, 2.56427642853e-06, 2.25320809477e-06, 2.2367019028e-06, 2.37235258282e-06, 2.89700551548e-06, 2.48677906711e-06, 1.59304772751e-06, 1.3231833691e-06, 1.10822043098e-06, 9.94653305497e-07, 8.46731325055e-07, 7.1455684747e-07, 6.73065585488e-07, 7.28345071366e-07, 7.05907098109e-07, 5.82340646815e-07, 4.90674324283e-07, 4.99861641856e-07, 4.9576379979e-07, 3.23289867765e-07, 2.30721965977e-07, 1.81476650596e-07, 1.7272323305e-07, 1.7862662105e-07, 1.41550387411e-07, 1.05026579433e-07, 5.23644523298e-08, 3.64493786265e-08, 2.82537957474e-08, 2.35357902056e-08, 2.76117653186e-08, 2.21286260427e-08, 2.03663432785e-08, 1.94848972512e-08, 1.91301747776e-08, 1.76502279459e-08, 1.52273358367e-08, 1.34226318949e-08, 1.30643460494e-08, 9.70347091567e-09, 8.17798007091e-09, 7.13923453688e-09, 6.20169116061e-09, 5.98790572681e-09, 5.67388225292e-09, 5.49263390326e-09, 5.31828359129e-09, 4.99768937345e-09, 5.03024111254e-09, 5.03596053747e-09, 4.95912422238e-09, 4.63916727256e-09, 4.58661464364e-09, 4.82637840804e-09, 5.73063507758e-09, 8.97585383797e-09, 1.21212329063e-08, 6.97889229045e-12, 2.74589877745e-12, 2.72522651147e-12, 2.70021049791e-12, 2.66245294041e-12, 2.60801775141e-12, 2.56303658852e-12, 2.55527326729e-12, 2.55404768515e-12, 2.54222554466e-12, 2.51147648685e-12],
        "min": [1.88256485956e-08, 4.21974561959e-08, 4.51570159044e-08, 3.09832230982e-08, 1.54945496433e-08, 1.57630211106e-08, 3.66673233998e-08, 8.18011791637e-09, 8.0105962752e-08, 1.05791482241e-08, 3.68225805403e-08, 1.83551609467e-08, 1.76036518695e-08, 2.61839723237e-08, 3.43151249638e-08, 2.09892085934e-08, 4.69972576411e-08, 4.57744206983e-08, 4.5860822695e-08, 3.8221713794e-08, 4.5624869216e-08, 2.35748878197e-08, 3.69918744525e-08, 3.76765605381e-08, 9.99195837181e-09, 1.71893415057e-08, 6.50046949602e-09, 8.55714432646e-09, 9.32604926618e-09, 1.02379358324e-08, 9.62450297237e-09, 1.27735440003e-08, 1.38221558643e-08, 1.50593066905e-08, 1.2331687671e-08, 9.52850509606e-09, 9.54951051568e-09, 9.32228161332e-09, 9.0012379772e-09, 1.56137485163e-08, 1.0905905512e-08, 1.26049570781e-08, 1.3329916726e-08, 1.43424543353e-08, 9.01948826737e-09, 5.14771336668e-09, 1.319700349e-08, 8.27203372467e-09, 8.25285972894e-09, 3.97006827413e-09, 8.70243610507e-09, 6.42883835056e-09, 5.87421533638e-09, 8.42693648195e-09, 5.09159425732e-09, 7.03908309418e-09, 7.49690620694e-09, 5.54563595045e-09, 5.82193848686e-09, 3.70168695696e-09, 5.79254999522e-09, 4.17365964012e-09, 4.87035967112e-09, 3.5338185711e-09, 1.79520820431e-09, 1.33002298064e-09, 3.69927466437e-09, 6.62442189991e-09, 2.52558418623e-09, 3.26561999664e-09, 1.74310543777e-09, 2.58589083479e-09, 2.23382334852e-09, 3.28919158576e-09, 2.23255169907e-09, 6.6670979848e-10, 1.31946376047e-09, 2.41058839556e-09, 1.13417897296e-09, 3.17991327714e-10, 8.25778889713e-10, 3.17530446381e-10, 4.13747369699e-10, 5.113874324e-10, 4.9531267976e-10, 1.64802269054e-10, 3.93439392177e-10, 9.9080377236e-10, 7.72956476602e-10, 9.81672632072e-10, 4.71469197016e-10, 3.08361974843e-10, 3.36835531689e-10, 6.74836964087e-10, 3.70058012011e-10, 4.51851694949e-10, 2.16751894211e-10, 6.5956906603e-10, 5.54000123554e-10, 2.76124206833e-10, 2.80615641834e-10, 5.82972337071e-10, 7.28589466537e-10, 8.72918126671e-10, 3.60818541711e-10, 3.15303283482e-10, 2.44932574223e-10, 2.04322156416e-10, 4.09061895468e-10, 2.2706987679e-10, 3.45877049224e-10, 3.75500519567e-10, 3.28899130153e-10, 2.39945674441e-10, 3.59073049072e-10, 3.00772573514e-10, 1.35873576279e-10, 8.58745366483e-13, 1.59779755073e-13, 2.04324052252e-13, 2.00036764497e-13, 1.8854407239e-13, 1.77560196364e-13, 2.1661483913e-13, 2.1763767546e-13, 1.84889281077e-13, 2.27083380312e-13, 2.06917314771e-13],
        "stdev": [2.07337743632e-05, 1.40577922139e-05, 6.07370566286e-06, 1.41595983223e-05, 2.86122558464e-05, 5.54528160137e-05, 0.000214902087464, 0.000517104694154, 0.000886628055014, 0.00172651873436, 0.00159942894243, 0.00120034150314, 0.00146009016316, 0.00154572946485, 0.00164240587037, 0.00157142395619, 0.00229955418035, 0.00227955193259, 0.00246629840694, 0.00205266941339, 0.00166819966398, 0.00144087593071, 0.00135874573607, 0.00131227320526, 0.000815128150862, 0.000455500354292, 0.000565693771932, 0.00060189247597, 0.000436664384324, 0.000270951713901, 0.000283069326542, 0.00022118067136, 0.000181571653229, 9.91255146801e-05, 7.55638830015e-05, 7.24632191123e-05, 6.35972392047e-05, 6.60011501168e-05, 5.41039626114e-05, 4.56499619759e-05, 6.10124116065e-05, 7.2490729508e-05, 7.72885250626e-05, 4.7314693802e-05, 6.30255890428e-05, 9.09343507374e-05, 0.000114836584544, 6.25943066552e-05, 6.17406185484e-05, 4.68222606287e-05, 3.44790532836e-05, 3.25013097608e-05, 3.17432895827e-05, 2.48698725045e-05, 2.90831048915e-05, 2.84180350718e-05, 2.45516184805e-05, 2.31733774854e-05, 1.57408085215e-05, 1.10871997094e-05, 8.62360047904e-06, 8.30362660054e-06, 9.1200136012e-06, 8.46515558806e-06, 1.00567276604e-05, 9.39451001614e-06, 5.88889815845e-06, 8.75339628692e-06, 7.23067932995e-06, 5.53883455723e-06, 4.22896300734e-06, 3.0360420169e-06, 2.58246359408e-06, 3.82845246349e-06, 3.91463618143e-06, 3.33851426149e-06, 2.45793171416e-06, 2.75411139228e-06, 2.73129353445e-06, 1.62439471296e-06, 1.20956303817e-06, 8.88085537554e-07, 9.17231488984e-07, 9.51413255734e-07, 7.5565935731e-07, 5.83608368743e-07, 2.27017523002e-07, 1.48330158822e-07, 1.14862260148e-07, 8.08072968539e-08, 8.89973037488e-08, 8.85558080199e-08, 8.15840692781e-08, 8.14950240624e-08, 8.51303383342e-08, 7.58600506856e-08, 5.26259178457e-08, 3.82085687534e-08, 3.32958585147e-08, 2.08654302725e-08, 1.37477718098e-08, 7.54463691521e-09, 3.81555675943e-09, 2.80192713475e-09, 2.11155448682e-09, 2.03352268358e-09, 1.86213389153e-09, 1.64535229885e-09, 1.60199686849e-09, 1.59823654311e-09, 1.5088749139e-09, 1.44155098969e-09, 1.41502398687e-09, 1.47744816381e-09, 1.86537008062e-09, 3.05908942622e-09, 6.24845242214e-09, 1.19799526202e-11, 1.10587459329e-11, 1.11775319903e-11, 1.15807771359e-11, 1.14803002174e-11, 1.1321001428e-11, 1.12313483167e-11, 1.13140937591e-11, 1.1445335131e-11, 1.12338636657e-11, 1.09943616711e-11]
    },
    "mfcc": {
        "mean": [-773.792602539, 159.41986084, -15.0336179733, 14.5606889725, -3.93541312218, -18.0249004364, -18.0908737183, -11.4568281174, -4.01602506638, -4.16957950592, -3.70539975166, -1.09078764915, -3.50218725204],
        "cov": [[4156.11132812, 746.756774902, -1482.21228027, -151.725784302, -437.083526611, -359.850524902, -213.155151367, -127.259880066, -94.7448730469, -117.548324585, -113.726913452, -118.06476593, -138.394165039], [746.756774902, 1656.42883301, 176.165969849, -275.776733398, -16.4431152344, -540.119567871, -238.698440552, -116.336120605, -210.030822754, -129.349746704, -90.3580703735, -46.8851242065, -87.2466506958], [-1482.21228027, 176.165969849, 1092.61022949, 157.625930786, 78.2345199585, -54.0269203186, -69.2540893555, -18.0187511444, -64.779838562, -47.4705162048, -7.94125366211, 29.1628990173, 12.7009897232], [-151.725784302, -275.776733398, 157.625930786, 553.708068848, 185.67805481, -84.2540206909, -130.151351929, -61.5881195068, -20.7002029419, -64.6173629761, -39.9244689941, -16.4647636414, 6.69066095352], [-437.083526611, -16.4431152344, 78.2345199585, 185.67805481, 351.522583008, 20.2702732086, -109.2525177, -46.8271026611, -21.9026985168, -35.818195343, -27.579536438, -6.01502084732, 16.7794189453], [-359.850524902, -540.119567871, -54.0269203186, -84.2540206909, 20.2702732086, 380.662689209, 159.336898804, 20.6449127197, 64.1753311157, 55.7251205444, 32.29164505, 11.4182386398, 28.9268932343], [-213.155151367, -238.698440552, -69.2540893555, -130.151351929, -109.2525177, 159.336898804, 262.445373535, 91.6957626343, 3.02011942863, 58.4773330688, 40.3497543335, -1.88331246376, 18.6053791046], [-127.259880066, -116.336120605, -18.0187511444, -61.5881195068, -46.8271026611, 20.6449127197, 91.6957626343, 142.139785767, 59.9163093567, 10.6216945648, 10.1724481583, -1.69116342068, 5.59500408173], [-94.7448730469, -210.030822754, -64.779838562, -20.7002029419, -21.9026985168, 64.1753311157, 3.02011942863, 59.9163093567, 175.205505371, 55.9654083252, -14.6669540405, 12.1249637604, -6.96828460693], [-117.548324585, -129.349746704, -47.4705162048, -64.6173629761, -35.818195343, 55.7251205444, 58.4773330688, 10.6216945648, 55.9654083252, 119.151268005, 55.3094100952, 2.38929772377, 7.15115261078], [-113.726913452, -90.3580703735, -7.94125366211, -39.9244689941, -27.579536438, 32.29164505, 40.3497543335, 10.1724481583, -14.6669540405, 55.3094100952, 112.453666687, 34.7496986389, 11.8102350235], [-118.06476593, -46.8851242065, 29.1628990173, -16.4647636414, -6.01502084732, 11.4182386398, -1.88331246376, -1.69116342068, 12.1249637604, 2.38929772377, 34.7496986389, 89.9120559692, 35.9747314453], [-138.394165039, -87.2466506958, 12.7009897232, 6.69066095352, 16.7794189453, 28.9268932343, 18.6053791046, 5.59500408173, -6.96828460693, 7.15115261078, 11.8102350235, 35.9747314453, 80.8527374268]],
        "icov": [[0.00222824094817, -0.0018669803394, 0.00357382115908, -0.00249238754623, 0.00452394131571, -0.00298928888515, 0.00415045069531, -0.00221064453945, 0.00286924093962, -0.00101817201357, 0.00167593092192, -0.000352056958945, 0.00102196680382], [-0.0018669803394, 0.0050951349549, -0.00363858952187, 0.0058656251058, -0.00533671956509, 0.00787856057286, -0.00419460609555, 0.00493148015812, -0.00170551624615, 0.00272675673477, -0.000485465861857, 0.00128760328516, 0.000411201035604], [0.00357382115908, -0.00363858952187, 0.00686973752454, -0.0049919844605, 0.00756887765601, -0.00599084701389, 0.00728739518672, -0.00478936638683, 0.00537810940295, -0.00245332578197, 0.00299552245997, -0.00150004297029, 0.00166230055038], [-0.00249238754623, 0.0058656251058, -0.0049919844605, 0.00946880504489, -0.00797196757048, 0.00997912045568, -0.00599406287074, 0.00741710048169, -0.00418041367084, 0.00516944983974, -0.00203424459323, 0.00288003520109, -0.00078764744103], [0.00452394131571, -0.00533671956509, 0.00756887765601, -0.00797196757048, 0.0143699012697, -0.0104483626783, 0.0119959106669, -0.00766291702166, 0.00787198264152, -0.00443177577108, 0.004447133746, -0.00144201831426, 0.00104372936767], [-0.00298928888515, 0.00787856057286, -0.00599084701389, 0.00997912045568, -0.0104483626783, 0.0180875007063, -0.0126248979941, 0.0128092002124, -0.00853605568409, 0.00800048839301, -0.00410108128563, 0.00402542203665, -0.00141920638271], [0.00415045069531, -0.00419460609555, 0.00728739518672, -0.00599406287074, 0.0119959106669, -0.0126248979941, 0.0211809426546, -0.0153005039319, 0.014595429413, -0.0107596889138, 0.00749638304114, -0.00330782984383, 0.00272761425003], [-0.00221064453945, 0.00493148015812, -0.00478936638683, 0.00741710048169, -0.00766291702166, 0.0128092002124, -0.0153005039319, 0.0235228762031, -0.0154215861112, 0.0138304093853, -0.00881604664028, 0.00724795414135, -0.00391278974712], [0.00286924093962, -0.00170551624615, 0.00537810940295, -0.00418041367084, 0.00787198264152, -0.00853605568409, 0.014595429413, -0.0154215861112, 0.0230328403413, -0.0160802770406, 0.0138795115054, -0.00885783880949, 0.00702193472534], [-0.00101817201357, 0.00272675673477, -0.00245332578197, 0.00516944983974, -0.00443177577108, 0.00800048839301, -0.0107596889138, 0.0138304093853, -0.0160802770406, 0.0259432997555, -0.0153669379652, 0.0100352587178, -0.00516742980108], [0.00167593092192, -0.000485465861857, 0.00299552245997, -0.00203424459323, 0.004447133746, -0.00410108128563, 0.00749638304114, -0.00881604664028, 0.0138795115054, -0.0153669379652, 0.0222030822188, -0.0108826840296, 0.00562625192106], [-0.000352056958945, 0.00128760328516, -0.00150004297029, 0.00288003520109, -0.00144201831426, 0.00402542203665, -0.00330782984383, 0.00724795414135, -0.00885783880949, 0.0100352587178, -0.0108826840296, 0.0206839535385, -0.00936167035252], [0.00102196680382, 0.000411201035604, 0.00166230055038, -0.00078764744103, 0.00104372936767, -0.00141920638271, 0.00272761425003, -0.00391278974712, 0.00702193472534, -0.00516742980108, 0.00562625192106, -0.00936167035252, 0.0187052562833]]
    },
    "spectral_contrast_coeffs": {
        "max": [-0.307701021433, -0.356206655502, -0.452476143837, -0.606068968773, -0.607156634331, -0.61752641201],
        "mean": [-0.622279524803, -0.733528316021, -0.788330376148, -0.821166157722, -0.808921992779, -0.811804294586],
        "min": [-0.913269221783, -0.955156326294, -0.920316576958, -0.935360014439, -0.905484616756, -0.927465617657],
        "stdev": [0.125873446465, 0.109423719347, 0.0786498114467, 0.0516308918595, 0.0541593767703, 0.0490153692663]
    },
    "spectral_contrast_valleys": {
        "max": [-6.57584285736, -4.46161937714, -5.49871635437, -5.31876420975, -6.35490512848, -9.88292884827],
        "mean": [-8.49950122833, -7.17916584015, -8.28223514557, -8.42323493958, -8.80315971375, -11.7445430756],
        "min": [-10.169095993, -9.61639595032, -10.1141691208, -10.2196302414, -10.3066234589, -12.1987638474],
        "stdev": [0.523077964783, 0.85830616951, 0.956538021564, 0.938054382801, 0.757226407528, 0.30368873477]
    }
},
"rhythm": {
    "beats_count": 106,
    "beats_loudness": {
        "max": 0.131563812494,
        "mean": 0.0261168926954,
        "min": 8.461165271e-05,
        "stdev": 0.0274426247925
    },
    "bpm": 132.198150635,
    "bpm_histogram_first_peak_bpm": 133,
    "bpm_histogram_first_peak_weight": 0.299999952316,
    "bpm_histogram_second_peak_bpm": 157,
    "bpm_histogram_second_peak_spread": 0.391304373741,
    "bpm_histogram_second_peak_weight": 0.133333340287,
    "danceability": 1.20500421524,
    "onset_rate": 3.896484375,
    "beats_loudness_band_ratio": {
        "max": [0.734598100185, 0.976567208767, 0.911423504353, 0.566804170609, 0.716829776764, 0.350802958012],
        "mean": [0.0915402323008, 0.321459174156, 0.444812715054, 0.105681478977, 0.0768450051546, 0.0173777397722],
        "min": [0.000544405775145, 0.0131450286135, 0.0137594034895, 0.000472192157758, 0.000625142245553, 0.000177213645657],
        "stdev": [0.121224097908, 0.260364383459, 0.272770524025, 0.137215211987, 0.107801519334, 0.0460794866085]
    },
