{
"metadata": {
    "version": {
        "essentia": "2.1-beta5",
        "essentia_git_sha": "Undefined",
        "extractor": "music 2.0"
    },
    "audio_properties": {
        "analysis": {
            "equal_loudness": 0,
            "length": 25.3445796967,
            "sample_rate": 44100,
            "start_time": 146.227661133,
            "downmix": "mix"
        },
        "bit_rate": 192000,
        "length": 171.595458984,
        "lossless": 0,
        "number_channels": 1,
        "replay_gain": -7.91102600098,
        "sample_rate": 44100,
        "codec": "mp3",
        "md5_encoded": "386436eb23d83f1dbd9015910f261a74"
    },
    "tags": {
        "file_name": "Cyprus_Tora Zo_Elpida.mp3",
        "encoding": ["Lavf58.29.100"]
    }
},
"lowlevel": {
    "average_loudness": 0.961841583252,
    "barkbands_crest": {
        "max": 23.9136447906,
        "mean": 9.50475788116,
        "min": 3.44858813286,
        "stdev": 3.73069667816
    },
    "barkbands_flatness_db": {
        "max": 0.313646644354,
        "mean": 0.174776360393,
        "min": 0.0536025576293,
        "stdev": 0.0366098843515
    },
    "barkbands_kurtosis": {
        "max": 24.957611084,
        "mean": 2.91225361824,
        "min": -1.50267326832,
        "stdev": 3.034263134
    },
    "barkbands_skewness": {
        "max": 3.65676093102,
        "mean": 0.732989490032,
        "min": -1.92782342434,
        "stdev": 0.726641774178
    },
    "barkbands_spread": {
        "max": 46.4124183655,
        "mean": 10.473865509,
        "min": 1.60187470913,
        "stdev": 5.22666931152
    },
    "dissonance": {
        "max": 0.499999970198,
        "mean": 0.44822204113,
        "min": 0.248126164079,
        "stdev": 0.0401744097471
    },
    "dynamic_complexity": 3.21284842491,
    "erbbands_crest": {
        "max": 27.542678833,
        "mean": 11.1616535187,
        "min": 2.73482608795,
        "stdev": 4.4700050354
    },
    "erbbands_flatness_db": {
        "max": 0.353017836809,
        "mean": 0.226037710905,
        "min": 0.0890475064516,
        "stdev": 0.0452653765678
    },
    "erbbands_kurtosis": {
        "max": 21.3674087524,
        "mean": 2.91646027565,
        "min": -0.956921100616,
        "stdev": 2.76899862289
    },
    "erbbands_skewness": {
        "max": 2.99870753288,
        "mean": 0.670234262943,
        "min": -1.43746554852,
        "stdev": 0.658982634544
    },
    "erbbands_spread": {
        "max": 63.2199516296,
        "mean": 14.9408388138,
        "min": 3.05290770531,
        "stdev": 8.67835330963
    },
    "hfc": {
        "max": 100.690200806,
        "mean": 24.9193534851,
        "min": 1.15573582542e-16,
        "stdev": 18.8543395996
    },
    "loudness_ebu128": {
        "integrated": -18.7120666504,
        "loudness_range": 1.88074493408,
        "momentary": {
            "max": -15.6391925812,
            "mean": -19.5284805298,
            "min": -29.4098911285,
            "stdev": 2.96925854683
        },
        "short_term": {
            "max": -17.2222232819,
            "mean": -18.6225204468,
            "min": -23.2641887665,
            "stdev": 0.951452672482
        }
    },
    "melbands_crest": {
        "max": 29.5781860352,
        "mean": 11.2881355286,
        "min": 1.8339318037,
        "stdev": 4.33020448685
    },
    "melbands_flatness_db": {
        "max": 0.350151479244,
        "mean": 0.208495929837,
        "min": 0.00639418326318,
        "stdev": 0.0375411920249
    },
    "melbands_kurtosis": {
        "max": 33.1118927002,
        "mean": 2.66166520119,
        "min": -1.24602723122,
        "stdev": 3.23874783516
    },
    "melbands_skewness": {
        "max": 4.97491979599,
        "mean": 0.686366915703,
        "min": -1.20231723785,
        "stdev": 0.799637973309
    },
    "melbands_spread": {
        "max": 137.804321289,
        "mean": 17.4410686493,
        "min": 2.80543375015,
        "stdev": 9.6316242218
    },
    "pitch_salience": {
        "max": 0.927474200726,
        "mean": 0.597252428532,
        "min": 0.268930077553,
        "stdev": 0.10055950284
    },
    "silence_rate_20dB": {
        "max": 1,
        "mean": 1,
        "min": 1,
        "stdev": 0
    },
    "silence_rate_30dB": {
        "max": 1,
        "mean": 1,
        "min": 1,
        "stdev": 0
    },
    "silence_rate_60dB": {
        "max": 1,
        "mean": 0.0585544370115,
        "min": 0,
        "stdev": 0.234789639711
    },
    "spectral_centroid": {
        "max": 11858.3984375,
        "mean": 1076.85205078,
        "min": 402.21685791,
        "stdev": 504.688751221
    },
    "spectral_complexity": {
        "max": 34,
        "mean": 17.9121685028,
        "min": 0,
        "stdev": 5.36802959442
    },
    "spectral_decrease": {
        "max": 3.20589497356e-25,
        "mean": -6.54073684103e-09,
        "min": -3.11459302793e-08,
        "stdev": 4.77293049528e-09
    },
    "spectral_energy": {
        "max": 0.126684844494,
        "mean": 0.0269464980811,
        "min": 1.04367001551e-20,
        "stdev": 0.0196499507874
    },
    "spectral_energyband_high": {
        "max": 0.00128437893,
        "mean": 0.000239593573497,
        "min": 7.42079560275e-21,
        "stdev": 0.000192051331396
    },
    "spectral_energyband_low": {
        "max": 0.0120518598706,
        "mean": 0.000616853474639,
        "min": 3.50811430153e-23,
        "stdev": 0.00113469175994
    },
    "spectral_energyband_middle_high": {
        "max": 0.080181889236,
        "mean": 0.0162404626608,
        "min": 1.6651551647e-21,
        "stdev": 0.015029498376
    },
    "spectral_energyband_middle_low": {
        "max": 0.11572997272,
        "mean": 0.0111720375717,
        "min": 2.86103643965e-22,
        "stdev": 0.0103548569605
    },
    "spectral_entropy": {
        "max": 9.80433940887,
        "mean": 7.23964834213,
        "min": 5.92123222351,
        "stdev": 0.334217786789
    },
    "spectral_flux": {
        "max": 0.265878587961,
        "mean": 0.0941561385989,
        "min": 6.79100456424e-11,
        "stdev": 0.0441568344831
    },
    "spectral_kurtosis": {
        "max": 20.5034370422,
        "mean": 8.32487392426,
        "min": -1.17422950268,
        "stdev": 3.43311691284
    },
    "spectral_rms": {
        "max": 0.0111173279583,
        "mean": 0.00472601270303,
        "min": 3.19094750623e-12,
        "stdev": 0.00198850198649
    },
    "spectral_rolloff": {
        "max": 18863.0859375,
        "mean": 1415.20214844,
        "min": 258.3984375,
        "stdev": 1079.99182129
    },
    "spectral_skewness": {
        "max": 3.72160291672,
        "mean": 2.34410071373,
        "min": -0.0841464921832,
        "stdev": 0.478827536106
    },
    "spectral_spread": {
        "max": 39910100,
        "mean": 3925353.5,
        "min": 2402795.75,
        "stdev": 1790588.625
    },
    "spectral_strongpeak": {
        "max": 10.5122432709,
        "mean": 2.20187234879,
        "min": 3.14308579163e-09,
        "stdev": 1.83842146397
    },
    "zerocrossingrate": {
        "max": 0.515625,
        "mean": 0.0560446791351,
        "min": 0.02685546875,
        "stdev": 0.0258447267115
    },
    "barkbands": {
        "max": [0.000111081404611, 0.00431965477765, 0.00840884353966, 0.0195547379553, 0.0318929664791, 0.022068630904, 0.0226724259555, 0.0158849842846, 0.0832471698523, 0.0690640285611, 0.0558389611542, 0.0146597558632, 0.0395266190171, 0.0335809551179, 0.011330335401, 0.00474775908515, 0.00282432860695, 0.000792538747191, 0.000352687289706, 0.000541836372577, 0.0007410509279, 0.000440725678345, 4.82280411234e-05, 9.6943200333e-05, 2.26848442253e-05, 2.32845723076e-05, 2.83278410507e-07],
        "mean": [4.43378849013e-06, 0.00013349224173, 0.000263863010332, 0.000941927253734, 0.00188693928067, 0.0014732676791, 0.00137263373472, 0.00070976850111, 0.00295394123532, 0.00728233298287, 0.00239465758204, 0.00155071786139, 0.00267024338245, 0.00193552300334, 0.00062130857259, 0.000246085779509, 0.00020300851611, 4.13020570704e-05, 6.56349493511e-06, 5.62544810236e-05, 0.000105419065221, 5.0372142141e-05, 6.51525306239e-06, 1.23196832646e-05, 1.05471135612e-05, 1.30848084154e-05, 1.18323240095e-09],
        "min": [1.15263890518e-23, 8.44230342184e-24, 7.38694035511e-25, 1.98979213953e-23, 5.45570396035e-23, 3.97209388699e-23, 5.17366346754e-23, 7.26577496855e-23, 2.5326947342e-23, 1.88829477111e-23, 3.31389232904e-23, 1.15910854279e-22, 1.028667426e-22, 1.09968447122e-22, 4.93247492556e-23, 1.34510894382e-22, 1.81614624691e-22, 2.5846867263e-22, 2.40314143302e-22, 2.85347978327e-22, 3.79401125131e-22, 4.49225917534e-22, 5.17227242177e-22, 7.21767994931e-22, 1.09412892145e-21, 1.62597384455e-21, 2.11851011905e-21],
        "stdev": [7.80881509854e-06, 0.0003688702418, 0.000666268868372, 0.00190653034952, 0.00318482122384, 0.00215510069393, 0.00216970499605, 0.00111939106137, 0.00556986080483, 0.00982303358614, 0.00458238134161, 0.0019696187228, 0.00419578095898, 0.00331355747767, 0.00104713975452, 0.00035156312515, 0.000249670847552, 6.14914679318e-05, 1.45404183058e-05, 5.94459561398e-05, 0.000103469035821, 5.80006271775e-05, 4.41069187218e-06, 9.88351712294e-06, 2.37916879087e-06, 2.5854994874e-06, 8.66426308477e-09]
    },
    "erbbands": {
        "max": [0.0412763468921, 1.39404344559, 8.62762260437, 25.4667987823, 145.273880005, 82.5117263794, 164.007598877, 261.737487793, 397.247009277, 259.318817139, 510.370758057, 1020.18817139, 2869.62841797, 1867.21655273, 712.61505127, 558.363708496, 1512.3046875, 1591.19641113, 1062.69458008, 329.980560303, 170.438766479, 193.652282715, 42.2197723389, 7.53755044937, 25.6675319672, 22.1281833649, 32.3117294312, 23.2139854431, 21.3749198914, 5.36195325851, 1.85252535343, 2.27635860443, 1.57280600071, 0.299045115709, 0.210928559303, 0.123152308166, 0.0512239336967, 0.00329714035615, 8.35153769003e-05, 0.000148685270688],
        "mean": [0.00184287328739, 0.0409451760352, 0.277634352446, 1.50625646114, 6.25986146927, 5.49540281296, 8.43737983704, 12.5263414383, 21.994852066, 15.1617212296, 18.0059623718, 63.0682411194, 196.776382446, 174.123672485, 68.3907318115, 67.5593719482, 112.228118896, 92.69165802, 73.7628097534, 22.072511673, 12.2388591766, 12.1696434021, 3.63826560974, 0.373278975487, 0.792493522167, 2.43954372406, 4.70657539368, 3.45992708206, 2.07500195503, 0.584552943707, 0.192153275013, 0.250965803862, 0.19653326273, 0.107631132007, 0.0831715986133, 0.0616151429713, 0.0265897251666, 0.00130590400659, 4.1710849473e-05, 3.36829252774e-05],
        "min": [4.98902142188e-22, 1.14225645437e-21, 2.62724578476e-21, 6.29847759388e-20, 5.7122017025e-20, 2.30159438226e-19, 3.70529790978e-19, 2.90919705778e-19, 6.00988177448e-19, 1.42746506609e-18, 1.12862301215e-18, 6.98980128714e-19, 5.21885515855e-19, 6.00950592429e-19, 2.59659459585e-18, 4.71621327586e-18, 4.86339021353e-18, 5.81526913061e-18, 4.18472781201e-18, 5.18344293614e-18, 1.10236954028e-17, 1.21652782672e-17, 1.32424419598e-17, 1.17007344624e-17, 1.38639151618e-17, 1.50585004511e-17, 1.18593248381e-17, 1.95081531202e-17, 1.41916995416e-17, 1.66130077414e-17, 1.33491151716e-17, 1.3893557179e-17, 1.22385540618e-17, 1.14252477496e-17, 7.6349225488e-18, 4.84560748472e-18, 3.38217050514e-18, 1.27666848946e-18, 3.14436398894e-19, 2.94845524352e-20],
        "stdev": [0.00443354807794, 0.112067595124, 0.688375592232, 2.68904709816, 12.975022316, 8.95667076111, 13.7903299332, 18.8266143799, 35.7632255554, 22.6872196198, 30.2057723999, 104.016578674, 281.840576172, 232.356552124, 98.3178405762, 73.8885192871, 163.026550293, 148.590072632, 105.636199951, 28.0008964539, 14.8934259415, 15.6632566452, 4.24941253662, 0.435034245253, 1.21681833267, 2.39561700821, 4.69566679001, 3.48356366158, 2.42514824867, 0.650882363319, 0.151583522558, 0.225886836648, 0.139693766832, 0.0324948765337, 0.0189525559545, 0.0135228708386, 0.00584217486903, 0.000346071930835, 1.18373927762e-05, 2.32981274166e-05]
    },
    "gfcc": {
        "mean": [-22.2544307709, 86.5829315186, -145.344772339, -26.3736152649, -71.2949829102, 20.7341575623, -40.6362953186, -8.35440540314, -35.0580406189, 10.6373405457, -38.8132705688, 1.41759955883, -2.25423645973],
        "cov": [[6715.89453125, 1183.17797852, -637.572021484, 95.5252685547, -170.124191284, -83.109375, -29.6898822784, -263.672973633, -122.881668091, -25.0406589508, -199.570587158, -96.0228347778, 36.2084083557], [1183.17797852, 553.473815918, 114.749221802, 130.453811646, 18.6952648163, -95.2852630615, -7.33299016953, -110.528892517, -26.5850162506, -38.8936843872, -29.8210067749, -44.9735603333, -0.31914126873], [-637.572021484, 114.749221802, 468.30569458, 229.356170654, 14.986741066, -33.4575996399, -79.7309417725, -27.6681976318, -32.8917999268, -50.7726020813, -27.2685585022, -9.35916233063, -48.5789108276], [95.5252685547, 130.453811646, 229.356170654, 370.14175415, 54.3906898499, -30.3133049011, -23.7766971588, -76.3163604736, -32.8379554749, -57.9465827942, -84.3525161743, -47.8794326782, -37.2533378601], [-170.124191284, 18.6952648163, 14.986741066, 54.3906898499, 103.241439819, 35.9730644226, 38.588218689, -0.206078156829, -0.779130995274, -15.4941978455, -11.7019119263, -11.4361829758, 4.4063744545], [-83.109375, -95.2852630615, -33.4575996399, -30.3133049011, 35.9730644226, 112.260536194, 58.4815635681, 20.8296489716, -7.57207870483, 3.20912075043, -4.69983196259, 5.64601659775, 8.64889144897], [-29.6898822784, -7.33299016953, -79.7309417725, -23.7766971588, 38.588218689, 58.4815635681, 140.263473511, 21.6288871765, -3.38132476807, -0.681803405285, 10.8653364182, -7.98060750961, 25.5787639618], [-263.672973633, -110.528892517, -27.6681976318, -76.3163604736, -0.206078156829, 20.8296489716, 21.6288871765, 135.242538452, 60.8871192932, 32.314037323, 46.8134422302, 35.6911621094, 5.58389377594], [-122.881668091, -26.5850162506, -32.8917999268, -32.8379554749, -0.779130995274, -7.57207870483, -3.38132476807, 60.8871192932, 94.7306442261, 46.7098999023, 33.4080352783, 17.899471283, 6.85570526123], [-25.0406589508, -38.8936843872, -50.7726020813, -57.9465827942, -15.4941978455, 3.20912075043, -0.681803405285, 32.314037323, 46.7098999023, 80.5638809204, 55.9366950989, 19.5925045013, 4.71688985825], [-199.570587158, -29.8210067749, -27.2685585022, -84.3525161743, -11.7019119263, -4.69983196259, 10.8653364182, 46.8134422302, 33.4080352783, 55.9366950989, 96.9041900635, 46.8172950745, 14.8151960373], [-96.0228347778, -44.9735603333, -9.35916233063, -47.8794326782, -11.4361829758, 5.64601659775, -7.98060750961, 35.6911621094, 17.899471283, 19.5925045013, 46.8172950745, 65.4982757568, 23.3454704285], [36.2084083557, -0.31914126873, -48.5789108276, -37.2533378601, 4.4063744545, 8.64889144897, 25.5787639618, 5.58389377594, 6.85570526123, 4.71688985825, 14.8151960373, 23.3454704285, 51.2285270691]],
        "icov": [[0.00228937133215, -0.00760127510875, 0.00676615349948, -0.00348041253164, 0.0062807444483, -0.00640049017966, 0.00440806290135, -0.00444406177849, 0.0050840866752, -0.00369782489724, 0.00506648654118, -0.00294486968778, 0.000580434920266], [-0.00760127510875, 0.0281487870961, -0.0231874678284, 0.0116322990507, -0.0216143354774, 0.0239459834993, -0.0159501507878, 0.0170841738582, -0.0178142823279, 0.0127624003217, -0.0172524545342, 0.0106315379962, -0.00270966277458], [0.00676615349948, -0.0231874678284, 0.0242386367172, -0.0130756497383, 0.0191259477288, -0.0206066612154, 0.015729451552, -0.0146433431655, 0.0159222204238, -0.00820553209633, 0.0117254517972, -0.00851834658533, 0.00324146286584], [-0.00348041253164, 0.0116322990507, -0.0130756497383, 0.0115694366395, -0.0125599652529, 0.0124731212854, -0.00887267570943, 0.00910547468811, -0.00876507069916, 0.00382983335294, -0.00207615783438, 0.00244551268406, 0.00126488157548], [0.0062807444483, -0.0216143354774, 0.0191259477288, -0.0125599652529, 0.0315554440022, -0.0233704466373, 0.0112643903121, -0.0128059247509, 0.0116064669564, -0.00569485360757, 0.00991160329431, -0.00463482551277, -0.000351060734829], [-0.00640049017966, 0.0239459834993, -0.0206066612154, 0.0124731212854, -0.0233704466373, 0.0360618196428, -0.020126728341, 0.0129399765283, -0.0112555036321, 0.003918484319, -0.00525597855449, 0.00201883050613, 0.000508987403009], [0.00440806290135, -0.0159501507878, 0.015729451552, -0.00887267570943, 0.0112643903121, -0.020126728341, 0.0232722423971, -0.0126173654571, 0.0117519702762, -0.00309150293469, 0.0018399329856, 0.0031597467605, -0.00582701340318], [-0.00444406177849, 0.0170841738582, -0.0146433431655, 0.00910547468811, -0.0128059247509, 0.0129399765283, -0.0126173654571, 0.0249986462295, -0.0198287330568, 0.0102684143931, -0.0116324964911, 0.000795053958427, 0.00318487035111], [0.0050840866752, -0.0178142823279, 0.0159222204238, -0.00876507069916, 0.0116064669564, -0.0112555036321, 0.0117519702762, -0.0198287330568, 0.0331936627626, -0.0202699806541, 0.0146343642846, -0.00657666288316, -0.00159521505702], [-0.00369782489724, 0.0127624003217, -0.00820553209633, 0.00382983335294, -0.00569485360757, 0.003918484319, -0.00309150293469, 0.0102684143931, -0.0202699806541, 0.0384733341634, -0.029001923278, 0.0124921007082, -0.000185607626918], [0.00506648654118, -0.0172524545342, 0.0117254517972, -0.00207615783438, 0.00991160329431, -0.00525597855449, 0.0018399329856, -0.0116324964911, 0.0146343642846, -0.029001923278, 0.0468427799642, -0.026258258149, 0.00543608143926], [-0.00294486968778, 0.0106315379962, -0.00851834658533, 0.00244551268406, -0.00463482551277, 0.00201883050613, 0.0031597467605, 0.000795053958427, -0.00657666288316, 0.0124921007082, -0.026258258149, 0.0406662076712, -0.0169665813446], [0.000580434920266, -0.00270966277458, 0.00324146286584, 0.00126488157548, -0.000351060734829, 0.000508987403009, -0.00582701340318, 0.00318487035111, -0.00159521505702, -0.000185607626918, 0.00543608143926, -0.0169665813446, 0.0319838002324]]
    },
    "melbands": {
        "max": [0.000684071797878, 0.00342853367329, 0.00872460193932, 0.00814613234252, 0.00541420001537, 0.00533122522756, 0.00536386203021, 0.00290562584996, 0.00554239889607, 0.00993061996996, 0.0141157032922, 0.0069068283774, 0.00436787074432, 0.00217300676741, 0.0040134601295, 0.00538479769602, 0.00354711618274, 0.00230649020523, 0.00107152061537, 0.000342249782989, 0.000172918007593, 0.000224345174502, 6.41726437607e-05, 1.90104383364e-05, 7.2394941526e-06, 1.02222784335e-05, 2.03751078516e-05, 1.93699015654e-05, 1.85747103387e-05, 2.14263091038e-05, 1.51323883983e-05, 1.21215389299e-05, 7.94963125372e-06, 1.60883450917e-06, 1.1646582152e-06, 1.23301981603e-06, 1.40680572258e-06, 1.31735100695e-06, 5.91692526086e-07, 2.15644689661e-07],
        "mean": [2.69629126706e-05, 0.000116107723443, 0.000437256938312, 0.000432000728324, 0.000277522573015, 0.000300873740343, 0.000310765113682, 0.000162091935636, 0.000156281152158, 0.000440685282229, 0.00104858586565, 0.000780913396738, 0.000249751290539, 0.000162806463777, 0.000234539664234, 0.000257096253335, 0.000164515528013, 0.000144586301758, 4.15067588619e-05, 2.07963930734e-05, 1.18473653856e-05, 1.37502856887e-05, 5.65734626434e-06, 1.45133844853e-06, 1.29635452595e-07, 2.94683587754e-07, 9.51039453412e-07, 1.81164989499e-06, 2.99557518701e-06, 2.67932227871e-06, 1.79057929017e-06, 1.33398498292e-06, 6.43066414341e-07, 1.80719467835e-07, 8.63318234678e-08, 1.3804552168e-07, 1.59008365586e-07, 1.48464934568e-07, 1.04814183999e-07, 8.49506278655e-08],
        "min": [4.72788124655e-24, 1.83624158706e-24, 1.32224975849e-23, 1.12049747757e-23, 1.25178578365e-23, 6.35304120753e-24, 9.68490686455e-24, 1.52438976454e-23, 7.81180397676e-24, 4.11043744945e-24, 2.68148750877e-24, 2.32354423961e-24, 6.69282529308e-24, 9.36152832481e-24, 1.48522897371e-23, 6.77870779097e-24, 9.44271157829e-24, 6.94905047054e-24, 3.66770780463e-24, 6.83874641675e-24, 1.14777865426e-23, 1.26146834129e-23, 1.24487007675e-23, 9.81151351781e-24, 8.70380134559e-24, 1.05487347993e-23, 8.20045129007e-24, 1.03799769413e-23, 6.5177652253e-24, 8.85196046764e-24, 1.15334383129e-23, 6.894840738e-24, 1.0180476385e-23, 7.93355755773e-24, 8.09120983192e-24, 6.83764043376e-24, 9.10713724896e-24, 8.42640629687e-24, 8.80337294677e-24, 9.94935670581e-24],
        "stdev": [7.05875427229e-05, 0.000273638754152, 0.000848566240165, 0.000775494845584, 0.000430627143942, 0.000431786756963, 0.000495058891829, 0.000241271176492, 0.000298958271742, 0.00080072064884, 0.00148800038733, 0.00103960267734, 0.000421819451731, 0.000254103768384, 0.000337244535331, 0.000476128945593, 0.000301610387396, 0.000227033073315, 7.56230510888e-05, 2.7988675356e-05, 1.53412238433e-05, 1.83237898455e-05, 6.61203148411e-06, 1.96252062779e-06, 2.97783941505e-07, 5.04453112171e-07, 1.39671533361e-06, 1.94730478142e-06, 3.0180358408e-06, 2.83636973109e-06, 1.92041261471e-06, 1.53294979555e-06, 8.92756077064e-07, 1.69294992247e-07, 7.44109058815e-08, 1.23049005651e-07, 1.47643902437e-07, 1.18823521689e-07, 5.04177570804e-08, 2.42755735513e-08]
    },
    "melbands128": {
        "max": [3.56870150426e-05, 0.000179008129635, 0.00091884250287, 0.00283397710882, 0.0049860086292, 0.00371688930318, 0.00256912759505, 0.0134465619922, 0.018286768347, 0.00962288025767, 0.00502037629485, 0.00730371568352, 0.00745570100844, 0.00795189943165, 0.00717916805297, 0.00726222246885, 0.00863621663302, 0.00780366314575, 0.00510321743786, 0.004006232135, 0.00365207670256, 0.0032680821605, 0.00754828751087, 0.00958218891174, 0.00708363717422, 0.0139972902834, 0.0361607074738, 0.0150197586045, 0.0230831410736, 0.00976676587015, 0.013503447175, 0.0141798043624, 0.00459659844637, 0.00527012953535, 0.00445847585797, 0.0025489225518, 0.00255092419684, 0.00550731411204, 0.00621743313968, 0.00439951755106, 0.0109940180555, 0.00840963423252, 0.00473945587873, 0.0068942932412, 0.00440831109881, 0.0034407672938, 0.00144498154987, 0.00220592925325, 0.000618464197032, 0.00025085255038, 0.000744538556319, 0.000364493433153, 0.000230459612794, 0.000330719689373, 0.000197121757083, 0.000376043928554, 0.000295438629109, 7.50722392695e-05, 0.000143963523442, 6.69171131449e-05, 1.64703869814e-05, 5.98213637204e-06, 1.22224482766e-05, 7.50284971218e-06, 4.89701187689e-06, 7.41513986213e-06, 1.37317420013e-05, 5.61756569368e-05, 2.14418087126e-05, 1.32098375616e-05, 1.54272365762e-05, 4.96905558975e-05, 4.22746961704e-05, 2.7164718631e-05, 4.72119536425e-05, 3.86316896765e-05, 2.1634850782e-05, 2.41881134571e-05, 2.59939024545e-05, 1.59317096404e-05, 1.992682337e-05, 1.5661586076e-05, 1.75439581653e-05, 7.73140891397e-06, 6.09987591815e-06, 2.5854433261e-06, 1.1548488601e-06, 5.82170855523e-07, 1.62583546626e-06, 2.00068507183e-06, 1.20022718875e-06, 1.50899052187e-06, 2.15051363739e-06, 1.75844672867e-06, 1.5796150592e-06, 1.75666752966e-06, 1.63579829859e-06, 1.03169577415e-06, 5.80579467169e-07, 5.24176641648e-07, 3.13352302328e-07, 2.46047136443e-07, 2.65297785518e-07, 3.42082245197e-07, 3.07106006403e-07, 2.62024570929e-07, 2.53254597737e-07, 2.56693738265e-07, 2.73039205467e-07, 4.29313899986e-07, 2.36385332641e-07, 2.42501556613e-07, 2.5660852998e-07, 2.72145030067e-07, 5.10691364752e-08, 2.23901097662e-09, 1.79305703618e-09, 1.54468315916e-09, 1.38661349069e-09, 1.26513854948e-09, 1.17340570593e-09, 1.11102715916e-09, 1.06450792625e-09, 1.01966168842e-09, 9.86354997679e-10, 9.6170604813e-10, 9.42350530941e-10, 9.32990795732e-10],
        "mean": [1.93333744392e-06, 7.1813951763e-06, 3.28278692905e-05, 7.27672813809e-05, 0.000124422571389, 0.000128124724142, 0.000192578809219, 0.000617448647972, 0.000710463675205, 0.000415536575019, 0.000272121455055, 0.00022088654805, 0.000280231062789, 0.000353925279342, 0.000253474019701, 0.000257329986198, 0.000447173573775, 0.000316675053909, 0.000162836746313, 0.000148165083374, 0.000190709048184, 0.000121631310321, 0.000126931379782, 0.00022366642952, 0.000277224346064, 0.000630824535619, 0.000609330832958, 0.00100853922777, 0.00162905745674, 0.000874821154866, 0.000553118123207, 0.000439655414084, 0.000134158297442, 0.000220969624934, 0.000181107097887, 0.000125679682242, 0.000135175563628, 0.000316807592753, 0.000229729586863, 0.000208097364521, 0.000365976127796, 0.00015110943059, 0.000107522129838, 0.000206272583455, 0.000223470153287, 0.000132680783281, 4.82758114231e-05, 5.43817041034e-05, 3.14749886456e-05, 1.34140345835e-05, 2.61974419118e-05, 2.08313667827e-05, 1.04005011963e-05, 8.94261575013e-06, 1.10019100248e-05, 1.68482420122e-05, 1.52446464199e-05, 4.22118682764e-06, 4.0497993723e-06, 3.79095786229e-06, 8.80512288859e-07, 2.23958082302e-07, 1.58030317721e-07, 7.95778092311e-08, 1.13064388074e-07, 2.33750910184e-07, 3.73958926048e-07, 8.42017925606e-07, 1.18212631151e-06, 9.39147241752e-07, 1.07555320028e-06, 2.98387590192e-06, 2.84331599687e-06, 2.78705556411e-06, 3.38238623954e-06, 3.02556009046e-06, 2.12555733015e-06, 2.18921059059e-06, 1.62682965765e-06, 1.6264682472e-06, 1.49835295815e-06, 1.20755078115e-06, 8.80342327036e-07, 6.33348236079e-07, 4.25825504635e-07, 2.15207933252e-07, 1.08571050816e-07, 6.12432558e-08, 7.72764465751e-08, 1.07752597955e-07, 1.20839246165e-07, 1.49000527472e-07, 1.65618644132e-07, 1.51796456294e-07, 1.62683321037e-07, 1.61207125871e-07, 1.49741381961e-07, 1.26073146589e-07, 1.05707165687e-07, 9.32242301133e-08, 8.71176624173e-08, 8.05495687928e-08, 8.59335287373e-08, 8.8372054563e-08, 9.48677154611e-08, 9.77484617692e-08, 9.89601502965e-08, 9.66195798924e-08, 1.04480477603e-07, 1.31796866754e-07, 1.02049050099e-07, 9.50091560981e-08, 9.90660140587e-08, 8.76094148339e-08, 1.34341000546e-08, 6.85024129435e-12, 6.09480174663e-12, 5.70998283378e-12, 5.44502073638e-12, 5.24362844811e-12, 5.06558206839e-12, 4.92845434602e-12, 4.80770241326e-12, 4.69493931579e-12, 4.62501738296e-12, 4.56828802217e-12, 4.52222937916e-12, 4.48760863539e-12],
        "min": [9.35399391431e-24, 5.66798059237e-24, 2.44465588502e-24, 1.86666164129e-24, 9.56381632117e-25, 2.95524403517e-25, 1.0708703958e-23, 4.79297015984e-24, 1.52947073874e-24, 6.82393476439e-24, 1.5456934266e-23, 1.21064495195e-23, 1.09521551108e-23, 6.09678684222e-24, 7.27170720255e-24, 5.56996068059e-24, 4.67919314591e-24, 1.39302233571e-23, 1.04361856474e-23, 1.89323840463e-23, 9.76498807934e-24, 1.07114689155e-23, 7.58657077768e-24, 3.64567413069e-24, 4.33164627462e-24, 5.18084005073e-24, 1.25060850736e-24, 1.37433443781e-24, 1.55290582409e-24, 2.38491880133e-24, 8.66805490253e-25, 2.54846347205e-24, 5.87635031188e-24, 7.02768097013e-24, 1.10689183577e-23, 8.63644051289e-24, 4.34313090611e-24, 2.56949209775e-23, 6.1783716259e-24, 4.11029308791e-24, 3.71303299123e-24, 9.55697176952e-24, 3.83233242593e-24, 2.32926072016e-24, 9.58384904942e-24, 7.04908671079e-24, 3.91240141338e-24, 2.14670075454e-24, 2.34900551419e-24, 3.55375290257e-24, 8.35102748194e-24, 8.91045213718e-24, 8.5753266697e-24, 9.49323575269e-24, 9.93494342821e-24, 1.45372044921e-23, 8.91584005716e-24, 7.48104169894e-24, 1.05607885939e-23, 1.27712091937e-23, 5.13323268953e-24, 9.89770130487e-24, 7.72988313833e-24, 6.32379734491e-24, 9.70671097997e-24, 1.04684910792e-23, 9.07936697851e-24, 6.51856631355e-24, 9.47296202742e-24, 5.59345769151e-24, 1.18469095485e-23, 6.11746170325e-24, 6.57110997186e-24, 6.50987701068e-24, 6.03643582752e-24, 8.53643819366e-24, 8.53939484433e-24, 1.44745121382e-23, 1.09113323478e-23, 9.64968816944e-24, 6.35817550873e-24, 3.37515282147e-24, 1.24178941714e-23, 8.69281724634e-24, 1.16106259859e-23, 7.65865294289e-24, 5.84030686269e-24, 1.03249996471e-23, 4.83304547712e-24, 3.97698230024e-24, 6.07580748087e-24, 7.40886013726e-24, 8.47356361293e-24, 8.44990173008e-24, 7.14463591022e-24, 1.06805313685e-23, 7.88275018227e-24, 7.35334957308e-24, 8.86525592934e-24, 9.59268744701e-24, 9.65715710449e-24, 9.76398070397e-24, 7.66847978319e-24, 9.00909603793e-24, 7.53473393874e-24, 6.49012708906e-24, 5.68187006633e-24, 5.35627758846e-24, 7.62527150483e-24, 7.05140990616e-24, 9.81901558502e-24, 1.09771769899e-23, 6.76221980919e-24, 1.07669992012e-23, 8.01197822032e-24, 8.61249542897e-24, 8.86373500551e-24, 9.4047926123e-24, 1.3439597628e-23, 9.59605193877e-24, 6.75087362279e-24, 1.0471027267e-23, 8.61315728327e-24, 8.32300714258e-24, 6.20222638524e-24, 5.8605230011e-24, 1.10549184432e-23, 1.24714759707e-23],
        "stdev": [3.05263870359e-06, 1.64041503012e-05, 9.31593822315e-05, 0.000215693813516, 0.00036342034582, 0.000309164897772, 0.000329035334289, 0.00131585763302, 0.00157178274821, 0.000843295361847, 0.000497622182593, 0.0004566689895, 0.00051919859834, 0.000691284076311, 0.000506540178321, 0.000507372664288, 0.000807803473435, 0.000640984275378, 0.000349401758285, 0.000305886234855, 0.000336045195581, 0.000228087606956, 0.000373607967049, 0.000543741858564, 0.000607970869169, 0.00141368922777, 0.00179552438203, 0.0020571378991, 0.00271820998751, 0.00153128965758, 0.00134115444962, 0.0011034605559, 0.000380964076612, 0.000509042176418, 0.000416997208958, 0.000277200218989, 0.000250498764217, 0.000540748471394, 0.000511936435942, 0.000486882723635, 0.000875399156939, 0.000499101472087, 0.000335607852321, 0.000565381371416, 0.000434839254012, 0.00028382128221, 0.000113889640488, 0.000131941284053, 5.96203062742e-05, 2.09409517993e-05, 4.81706956634e-05, 3.60890880984e-05, 1.9920989871e-05, 1.74419365067e-05, 1.986967618e-05, 2.86168797174e-05, 2.60926826741e-05, 6.7525538725e-06, 8.10475194157e-06, 6.17980140305e-06, 1.35874881835e-06, 4.73338218399e-07, 4.85787552407e-07, 2.98257788245e-07, 3.28800581428e-07, 4.63996002509e-07, 6.7608613108e-07, 2.20449237531e-06, 2.04393222702e-06, 1.16433466246e-06, 1.34388858442e-06, 4.21996219302e-06, 3.85651401302e-06, 3.30858938469e-06, 4.81578172185e-06, 4.0201794036e-06, 2.64687218987e-06, 2.72112674793e-06, 2.05808100873e-06, 2.07324615076e-06, 1.77222682396e-06, 1.72344391558e-06, 1.44649300182e-06, 9.55162249738e-07, 6.0139177549e-07, 2.60996614543e-07, 9.3833982362e-08, 4.89796292413e-08, 8.38636964318e-08, 1.44208115671e-07, 1.14753177627e-07, 1.45085465419e-07, 1.83938126952e-07, 1.57579819415e-07, 1.60385454251e-07, 1.43624703242e-07, 1.41511108609e-07, 9.03042476352e-08, 5.97277818315e-08, 4.55429329804e-08, 3.66581573985e-08, 3.02548244235e-08, 3.39364341073e-08, 3.46485578007e-08, 3.31811662591e-08, 3.39993384557e-08, 3.54542954994e-08, 3.28593081633e-08, 3.61883856215e-08, 4.89802474135e-08, 3.10543484261e-08, 3.05763521169e-08, 3.18158797086e-08, 3.06490335333e-08, 7.2965149478e-09, 6.79681796956e-11, 5.4549465639e-11, 4.70865499369e-11, 4.23370886959e-11, 3.86871125413e-11, 3.59310602105e-11, 3.40515775299e-11, 3.26490917635e-11, 3.13002193608e-11, 3.02962481491e-11, 2.95526624006e-11, 2.8968952237e-11, 2.86868463012e-11]
    },
    "mfcc": {
        "mean": [-666.632324219, 141.859161377, -25.0710353851, -33.0595474243, -22.6147899628, 17.7820930481, -9.4243144989, -19.789056778, 16.2311325073, -12.8348522186, -17.9136600494, 2.29188847542, -14.0129098892],
        "cov": [[3142.50097656, 823.333190918, -214.122314453, 239.381591797, -143.038253784, 189.887710571, -49.2016639709, -143.743164062, 137.236557007, -106.614486694, -54.4942855835, 39.7064361572, -126.852622986], [823.333190918, 474.029174805, 55.2804641724, 61.9549789429, -13.3805074692, 18.2139701843, -22.1794395447, -53.656993866, 12.8506507874, -47.5359153748, -16.7525978088, 12.806145668, -22.3916130066], [-214.122314453, 55.2804641724, 372.339294434, 193.514022827, 96.9651565552, 18.9572658539, -40.5264930725, -2.27870750427, -41.7626571655, -26.0905513763, -40.0422058105, -41.1985855103, 9.24435043335], [239.381591797, 61.9549789429, 193.514022827, 340.832275391, 79.4533691406, 59.779510498, -2.33330440521, -14.3093948364, -5.96013689041, -36.7875785828, -23.9580879211, -55.0686645508, -31.0794372559], [-143.038253784, -13.3805074692, 96.9651565552, 79.4533691406, 113.899505615, 15.5231800079, -27.7731380463, 10.2184638977, -6.37342882156, -0.194101795554, -9.73518848419, -19.6531944275, 8.08515262604], [189.887710571, 18.2139701843, 18.9572658539, 59.779510498, 15.5231800079, 149.635177612, 37.1448707581, -11.6204872131, 40.3353729248, -27.9764328003, -32.3400306702, -12.0194225311, -42.6391868591], [-49.2016639709, -22.1794395447, -40.5264930725, -2.33330440521, -27.7731380463, 37.1448707581, 132.557128906, 43.9281082153, -4.76259946823, 9.58992004395, 5.13820743561, -17.4397335052, -18.2691402435], [-143.743164062, -53.656993866, -2.27870750427, -14.3093948364, 10.2184638977, -11.6204872131, 43.9281082153, 85.7380447388, 15.4781112671, 13.2383775711, 9.78252315521, -6.57426834106, 8.95407581329], [137.236557007, 12.8506507874, -41.7626571655, -5.96013689041, -6.37342882156, 40.3353729248, -4.76259946823, 15.4781112671, 88.059928894, 11.309756279, -16.2557601929, 18.1463413239, -1.77555525303], [-106.614486694, -47.5359153748, -26.0905513763, -36.7875785828, -0.194101795554, -27.9764328003, 9.58992004395, 13.2383775711, 11.309756279, 77.5272903442, 29.8347644806, 4.46810770035, 19.1930046082], [-54.4942855835, -16.7525978088, -40.0422058105, -23.9580879211, -9.73518848419, -32.3400306702, 5.13820743561, 9.78252315521, -16.2557601929, 29.8347644806, 85.442527771, 19.2130947113, -9.83102607727], [39.7064361572, 12.806145668, -41.1985855103, -55.0686645508, -19.6531944275, -12.0194225311, -17.4397335052, -6.57426834106, 18.1463413239, 4.46810770035, 19.2130947113, 84.5284576416, 43.1513900757], [-126.852622986, -22.3916130066, 9.24435043335, -31.0794372559, 8.08515262604, -42.6391868591, -18.2691402435, 8.95407581329, -1.77555525303, 19.1930046082, -9.83102607727, 43.1513900757, 108.926490784]],
        "icov": [[0.00133466068655, -0.00225993501954, 0.00192269007675, -0.00187359435949, 0.00188006297685, -0.00176689552609, 0.00199027033523, -0.00113640446216, 0.000799989909865, -0.00112741824705, 0.0011165101314, -0.000726097321603, 0.000588114489801], [-0.00225993501954, 0.0064539774321, -0.00396594544873, 0.00306001817808, -0.00301166111603, 0.00400946289301, -0.00432672910392, 0.00417337846011, -0.00320384535007, 0.00371238449588, -0.0023711360991, 0.000784060684964, -0.000602115411311], [0.00192269007675, -0.00396594544873, 0.00822191406041, -0.00520213739946, 0.0012746786233, -0.00397856486961, 0.00555004691705, -0.00462383171543, 0.00571499345824, -0.00338266370818, 0.00434998422861, -0.00149904715363, 0.000576334714424], [-0.00187359435949, 0.00306001817808, -0.00520213739946, 0.00815369747579, -0.00486999191344, 0.00237566651776, -0.00470519205555, 0.00427477806807, -0.00403475016356, 0.00434692157432, -0.00396105414256, 0.0040196403861, -0.00141566118691], [0.00188006297685, -0.00301166111603, 0.0012746786233, -0.00486999191344, 0.0173977930099, -0.00671346671879, 0.0087651303038, -0.00713443290442, 0.00454991823062, -0.00448168348521, 0.00169788720086, 0.000795335625298, -0.00108811375685], [-0.00176689552609, 0.00400946289301, -0.00397856486961, 0.00237566651776, -0.00671346671879, 0.0170696917921, -0.0108199156821, 0.00903705973178, -0.0107088759542, 0.00655565364286, -5.30229990545e-05, -0.000545155780856, 0.00328616867773], [0.00199027033523, -0.00432672910392, 0.00555004691705, -0.00470519205555, 0.0087651303038, -0.0108199156821, 0.0195454694331, -0.0139772295952, 0.010860835202, -0.00763936294243, 0.00408382620662, -0.000734070781618, 0.0013384281192], [-0.00113640446216, 0.00417337846011, -0.00462383171543, 0.00427477806807, -0.00713443290442, 0.00903705973178, -0.0139772295952, 0.0251135956496, -0.0139467008412, 0.00746084703133, -0.00708934152499, 0.00506720365956, -0.00338413496502], [0.000799989909865, -0.00320384535007, 0.00571499345824, -0.00403475016356, 0.00454991823062, -0.0107088759542, 0.010860835202, -0.0139467008412, 0.0266112089157, -0.0120789017528, 0.0104905422777, -0.00852289330214, 0.0039604078047], [-0.00112741824705, 0.00371238449588, -0.00338266370818, 0.00434692157432, -0.00448168348521, 0.00655565364286, -0.00763936294243, 0.00746084703133, -0.0120789017528, 0.0240812674165, -0.0118841519579, 0.00735623529181, -0.00644498737529], [0.0011165101314, -0.0023711360991, 0.00434998422861, -0.00396105414256, 0.00169788720086, -5.30229990545e-05, 0.00408382620662, -0.00708934152499, 0.0104905422777, -0.0118841519579, 0.0234957393259, -0.0117480671033, 0.00947398785502], [-0.000726097321603, 0.000784060684964, -0.00149904715363, 0.0040196403861, 0.000795335625298, -0.000545155780856, -0.000734070781618, 0.00506720365956, -0.00852289330214, 0.00735623529181, -0.0117480671033, 0.0248059164733, -0.0125446980819], [0.000588114489801, -0.000602115411311, 0.000576334714424, -0.00141566118691, -0.00108811375685, 0.00328616867773, 0.0013384281192, -0.00338413496502, 0.0039604078047, -0.00644498737529, 0.00947398785502, -0.0125446980819, 0.0181834306568]]
    },
    "spectral_contrast_coeffs": {
        "max": [-0.436828136444, -0.489202320576, -0.452970534563, -0.537726342678, -0.573065280914, -0.607257008553],
        "mean": [-0.658988714218, -0.77472704649, -0.691590726376, -0.745650470257, -0.736875236034, -0.757599234581],
        "min": [-0.961833953857, -0.964554131031, -0.969060063362, -0.962648391724, -0.959835112095, -0.96186453104],
        "stdev": [0.0780263543129, 0.0613752752542, 0.0833930671215, 0.0659182071686, 0.0560198612511, 0.0518268123269]
    },
    "spectral_contrast_valleys": {
        "max": [-5.62628889084, -5.08775615692, -5.35410737991, -6.01518583298, -7.2996468544, -9.93520069122],
        "mean": [-7.80067920685, -6.57123041153, -6.77089166641, -7.34114646912, -8.81984138489, -10.6608476639],
        "min": [-27.8661079407, -27.422454834, -27.4632034302, -27.4328403473, -27.3753700256, -27.2914810181],
        "stdev": [1.29515612125, 1.16497921944, 1.13264727592, 1.10584175587, 1.01395344734, 0.814072430134]
    }
},
"rhythm": {
    "beats_count": 55,
    "beats_loudness": {
        "max": 0.0762148499489,
        "mean": 0.0365719795227,
        "min": 0.00219904561527,
        "stdev": 0.0181034207344
    },
    "bpm": 134.714675903,
    "bpm_histogram_first_peak_bpm": 136,
    "bpm_histogram_first_peak_weight": 0.485714316368,
    "bpm_histogram_second_peak_bpm": 129,
    "bpm_histogram_second_peak_spread": 0.428571403027,
    "bpm_histogram_second_peak_weight": 0.148148149252,
    "danceability": 1.16950774193,
    "onset_rate": 2.12965750694,
    "beats_loudness_band_ratio": {
        "max": [0.669510185719, 0.557024478912, 0.631247520447, 0.882360458374, 0.38384860754, 0.0563684776425],
        "mean": [0.124932266772, 0.139034032822, 0.276969611645, 0.449649035931, 0.09644728899, 0.0141457170248],
        "min": [0.000859719584696, 0.0124895516783, 0.0276643577963, 0.114321231842, 0.0125772636384, 0.00229125283659],
        "stdev": [0.162045687437, 0.113619059324, 0.171814516187, 0.20883628726, 0.0699309259653, 0.0122026419267]
    },
    "beats_position": [0.406349211931, 0.812698423862, 1.23065757751, 1.64861679077, 2.08979582787, 2.53097510338, 2.97215414047, 3.41333317757, 3.86612248421, 4.31891155243, 4.77170038223, 5.21287965775, 5.66566896439, 6.13006782532, 6.57124710083, 7.01242637634, 7.46521520615, 7.90639448166, 8.35918331146, 8.78875255585, 9.21832180023, 9.65950107574, 10.1122903824, 10.5650787354, 11.017868042, 11.4706573486, 11.9118366241, 12.3530158997, 12.7941951752, 13.235373497, 13.6997728348, 14.1409521103, 14.5821313858, 15.0349206924, 15.4877090454, 15.9288883209, 16.3700675964, 16.8228569031, 17.2756462097, 17.7168254852, 18.181224823, 18.6456241608, 19.1100215912, 19.5628108978, 20.0272102356, 20.4916095734, 20.9676189423, 21.4436283112, 21.9196376801, 22.4072551727, 22.8948745728, 23.3708839417, 23.8468933105, 24.3112926483, 24.7873020172],
