{
"metadata": {
    "version": {
        "essentia": "2.1-beta5",
        "essentia_git_sha": "Undefined",
        "extractor": "music 2.0"
    },
    "audio_properties": {
        "analysis": {
            "equal_loudness": 0,
            "length": 24.3345127106,
            "sample_rate": 44100,
            "start_time": 207.737319946,
            "downmix": "mix"
        },
        "bit_rate": 192000,
        "length": 232.095062256,
        "lossless": 0,
        "number_channels": 2,
        "replay_gain": 0.397630691528,
        "sample_rate": 48000,
        "codec": "mp3",
        "md5_encoded": "3cb5086a3a7c5332346a22873ff9adf5"
    },
    "tags": {
        "file_name": "Finland_Päivä Kahden Ihmisen_Kari Kuivalainen.mp3",
        "encoding": ["Lavf58.29.100"]
    }
},
"lowlevel": {
    "average_loudness": 0.00889760628343,
    "barkbands_crest": {
        "max": 21.3576774597,
        "mean": 7.55094385147,
        "min": 2.69769668579,
        "stdev": 3.04630923271
    },
    "barkbands_flatness_db": {
        "max": 0.305174410343,
        "mean": 0.11451613158,
        "min": 0.0466521419585,
        "stdev": 0.0543663576245
    },
    "barkbands_kurtosis": {
        "max": 29.2745056152,
        "mean": 3.34140014648,
        "min": -1.61441981792,
        "stdev": 4.11175060272
    },
    "barkbands_skewness": {
        "max": 4.35570144653,
        "mean": -0.141285449266,
        "min": -2.22956204414,
        "stdev": 1.67970108986
    },
    "barkbands_spread": {
        "max": 74.889213562,
        "mean": 20.2895488739,
        "min": 3.0827255249,
        "stdev": 8.22928905487
    },
    "dissonance": {
        "max": 0.500000119209,
        "mean": 0.475377589464,
        "min": 0.269900798798,
        "stdev": 0.0308397598565
    },
    "dynamic_complexity": 10.7878065109,
    "erbbands_crest": {
        "max": 27.6569137573,
        "mean": 6.88564682007,
        "min": 2.65291333199,
        "stdev": 4.71018791199
    },
    "erbbands_flatness_db": {
        "max": 0.356947481632,
        "mean": 0.152330189943,
        "min": 0.0698923394084,
        "stdev": 0.0639294758439
    },
    "erbbands_kurtosis": {
        "max": 21.9764099121,
        "mean": 0.658718466759,
        "min": -1.66602182388,
        "stdev": 1.529702425
    },
    "erbbands_skewness": {
        "max": 2.94229769707,
        "mean": 0.127846419811,
        "min": -1.23991656303,
        "stdev": 0.831783175468
    },
    "erbbands_spread": {
        "max": 111.180923462,
        "mean": 29.9074459076,
        "min": 2.9398150444,
        "stdev": 9.70377349854
    },
    "hfc": {
        "max": 168.627120972,
        "mean": 10.727314949,
        "min": 1.06968018965e-16,
        "stdev": 25.3711605072
    },
    "loudness_ebu128": {
        "integrated": -24.5889511108,
        "loudness_range": 12.6464653015,
        "momentary": {
            "max": -17.2074546814,
            "mean": -146.550476074,
            "min": -300.691009521,
            "stdev": 132.388839722
        },
        "short_term": {
            "max": -22.2921981812,
            "mean": -126.377944946,
            "min": -300.691009521,
            "stdev": 129.358306885
        }
    },
    "melbands_crest": {
        "max": 27.2275276184,
        "mean": 7.0775179863,
        "min": 1.56320035458,
        "stdev": 5.72767400742
    },
    "melbands_flatness_db": {
        "max": 0.365671426058,
        "mean": 0.0997307151556,
        "min": 0.00259008165449,
        "stdev": 0.103028692305
    },
    "melbands_kurtosis": {
        "max": 37.2207679749,
        "mean": 2.85722303391,
        "min": -1.41798174381,
        "stdev": 6.26988887787
    },
    "melbands_skewness": {
        "max": 5.03240156174,
        "mean": 0.855903506279,
        "min": -1.88093292713,
        "stdev": 1.05542898178
    },
    "melbands_spread": {
        "max": 163.603805542,
        "mean": 69.924118042,
        "min": 2.99833440781,
        "stdev": 55.5003890991
    },
    "pitch_salience": {
        "max": 0.893574774265,
        "mean": 0.719188690186,
        "min": 0.333490759134,
        "stdev": 0.108343653381
    },
    "silence_rate_20dB": {
        "max": 1,
        "mean": 1,
        "min": 1,
        "stdev": 0
    },
    "silence_rate_30dB": {
        "max": 1,
        "mean": 0.989513814449,
        "min": 0,
        "stdev": 0.101862452924
    },
    "silence_rate_60dB": {
        "max": 1,
        "mean": 0.690181136131,
        "min": 0,
        "stdev": 0.462421357632
    },
    "spectral_centroid": {
        "max": 11998.4521484,
        "mean": 5612.68701172,
        "min": 314.776885986,
        "stdev": 4746.67871094
    },
    "spectral_complexity": {
        "max": 53,
        "mean": 7.41658735275,
        "min": 0,
        "stdev": 11.2348937988
    },
    "spectral_decrease": {
        "max": 2.07582314603e-28,
        "mean": -1.67526914563e-09,
        "min": -3.93282917344e-08,
        "stdev": 4.61058702328e-09
    },
    "spectral_energy": {
        "max": 0.162575602531,
        "mean": 0.00729585718364,
        "min": 9.92896635535e-21,
        "stdev": 0.0196001697332
    },
    "spectral_energyband_high": {
        "max": 0.00548138096929,
        "mean": 0.000338138779625,
        "min": 6.92196853488e-21,
        "stdev": 0.000771813327447
    },
    "spectral_energyband_low": {
        "max": 0.00237086415291,
        "mean": 9.84586658888e-05,
        "min": 9.84823893725e-24,
        "stdev": 0.000274278165307
    },
    "spectral_energyband_middle_high": {
        "max": 0.0623832531273,
        "mean": 0.00351765658706,
        "min": 1.11286963123e-21,
        "stdev": 0.00845364294946
    },
    "spectral_energyband_middle_low": {
        "max": 0.129515394568,
        "mean": 0.00338762719184,
        "min": 1.44428844957e-22,
        "stdev": 0.0121585633606
    },
    "spectral_entropy": {
        "max": 9.82531642914,
        "mean": 8.51132965088,
        "min": 6.22111368179,
        "stdev": 1.22681736946
    },
    "spectral_flux": {
        "max": 0.301646411419,
        "mean": 0.0254425611347,
        "min": 6.29061455704e-11,
        "stdev": 0.0396536551416
    },
    "spectral_kurtosis": {
        "max": 19.4527187347,
        "mean": 2.937073946,
        "min": -1.27377724648,
        "stdev": 4.47545814514
    },
    "spectral_rms": {
        "max": 0.012594060041,
        "mean": 0.00147296639625,
        "min": 3.11236193068e-12,
        "stdev": 0.00222446024418
    },
    "spectral_rolloff": {
        "max": 19638.28125,
        "mean": 9365.01757812,
        "min": 279.931640625,
        "stdev": 8318.84277344
    },
    "spectral_skewness": {
        "max": 3.52450942993,
        "mean": 1.0887093544,
        "min": -0.0908626019955,
        "stdev": 1.01540851593
    },
    "spectral_spread": {
        "max": 42790744,
        "mean": 20104608,
        "min": 2425178.5,
        "stdev": 17823186
    },
    "spectral_strongpeak": {
        "max": 14.2383003235,
        "mean": 0.716885864735,
        "min": 0,
        "stdev": 1.67762613297
    },
    "zerocrossingrate": {
        "max": 0.82080078125,
        "mean": 0.266542434692,
        "min": 0.0087890625,
        "stdev": 0.210326358676
    },
    "barkbands": {
        "max": [2.88798219117e-05, 0.00111666088924, 0.000869817507919, 0.00110902322922, 0.00329811987467, 0.00240086438134, 0.00113056180999, 0.0543186888099, 0.128601640463, 0.00480460515246, 0.00408079149202, 0.00335628446192, 0.0312826372683, 0.0215559490025, 0.0532767474651, 0.00348759349436, 0.00370547152124, 0.00370792346075, 0.00546864932403, 0.002539469162, 0.00219480949454, 0.00173398724291, 0.00102623936255, 0.00135929277167, 0.00120431312826, 0.00134795368649, 6.50672654956e-06],
        "mean": [5.14480916536e-07, 5.05264288222e-05, 2.14998981392e-05, 4.04622369388e-05, 0.000141368480399, 0.000141772907227, 6.35656906525e-05, 0.00118425453547, 0.00175205420237, 0.000203373769182, 0.000123807578348, 0.000199311674805, 0.00062488875119, 0.000526824849658, 0.00119247799739, 0.000195408443687, 0.000192557359696, 9.23523402889e-05, 0.000175197521457, 6.55024196021e-05, 7.47010635678e-05, 6.89344306011e-05, 4.61515810457e-05, 4.47370148322e-05, 4.06331164413e-05, 3.29015456373e-05, 7.76348585418e-08],
        "min": [1.72432618626e-25, 1.54086928579e-24, 5.09651920161e-25, 3.10968648363e-25, 5.02897880445e-24, 4.75116644832e-24, 5.22077179533e-24, 4.28027249703e-24, 5.14978772449e-24, 8.75662820497e-24, 6.98350002627e-24, 2.02710841579e-23, 2.2968975832e-23, 3.30628139903e-23, 2.41113537078e-23, 3.07989251872e-23, 4.36498101212e-23, 5.04124653816e-23, 1.02077446243e-22, 1.3360988901e-22, 1.87136941329e-22, 2.64109166942e-22, 3.8344680775e-22, 5.72442355858e-22, 7.89134191882e-22, 1.20217878312e-21, 1.82899064425e-21],
        "stdev": [1.87906050542e-06, 0.00015731115127, 7.26313010091e-05, 0.000119280608487, 0.000385873019695, 0.000283402943751, 0.000140287607792, 0.00571782421321, 0.0103282472119, 0.000468302896479, 0.00036484040902, 0.00040231217281, 0.00224354444072, 0.00187005882617, 0.00498790852726, 0.000432730448665, 0.000479943206301, 0.000284864538116, 0.000611551164184, 0.000180578805157, 0.000200034774025, 0.000187041179743, 0.000111610104796, 0.000122165656649, 0.000112329864351, 0.000105838764284, 2.64491916369e-07]
    },
    "erbbands": {
        "max": [0.038479115814, 0.287069171667, 0.744222521782, 3.1009747982, 4.83225774765, 15.3355398178, 25.330488205, 16.5554733276, 18.6021785736, 110.47479248, 1562.43408203, 3352.53417969, 705.336669922, 125.028274536, 156.583267212, 120.097549438, 652.396728516, 1122.19726562, 3411.05078125, 588.857910156, 199.880630493, 215.894256592, 159.124969482, 316.593536377, 219.474563599, 117.089447021, 58.0067634583, 89.4329452515, 76.3512420654, 40.3913230896, 27.9595241547, 23.5073757172, 27.3434925079, 12.859539032, 9.76510238647, 5.41081047058, 2.40695118904, 0.327549338341, 0.00559003883973, 0.000239930654061],
        "mean": [0.000869568786584, 0.0132868764922, 0.0232039280236, 0.104670085013, 0.236716911197, 0.445613980293, 1.18437719345, 1.00776350498, 1.0630235672, 2.8805398941, 38.7453689575, 43.7330513, 14.1008415222, 6.12523651123, 6.01820659637, 9.01030921936, 19.8416118622, 36.8768997192, 74.0105895996, 20.3221626282, 11.2486200333, 9.09173774719, 5.65264606476, 8.27438163757, 6.9690694809, 3.0929582119, 2.91882824898, 3.01295900345, 2.72082638741, 1.59010720253, 1.29374217987, 1.00011050701, 0.711490035057, 0.469786256552, 0.284909129143, 0.15226611495, 0.0568986274302, 0.0072258352302, 0.000139764844789, 1.50524738274e-05],
        "min": [4.85272266577e-23, 4.14511771544e-22, 1.19948802275e-21, 2.0022203591e-21, 6.11390354929e-21, 1.51213285022e-20, 3.23401673179e-20, 4.1188140283e-20, 8.30281764368e-20, 1.1242282791e-19, 1.80931244561e-19, 2.08631300228e-19, 4.38176130334e-19, 6.1930195621e-19, 7.19280588512e-19, 8.8491482078e-19, 1.39141405346e-18, 1.45885636355e-18, 1.91007066979e-18, 1.99709854883e-18, 3.06695348039e-18, 3.41137804577e-18, 3.91695124975e-18, 5.31183087979e-18, 6.1110498925e-18, 7.3772723316e-18, 8.62184993561e-18, 7.67512600811e-18, 8.72536910773e-18, 9.53917669132e-18, 1.00788748179e-17, 1.03832963085e-17, 7.62678805465e-18, 7.71850335943e-18, 5.90541568735e-18, 3.54273804936e-18, 2.19505734508e-18, 9.12329861026e-19, 2.10979549664e-19, 2.68143100203e-20],
        "stdev": [0.00278361467645, 0.0411934405565, 0.070660173893, 0.311987280846, 0.642828524113, 1.45126056671, 2.96003222466, 2.15494728088, 2.22211956978, 10.5713405609, 168.683486938, 268.501434326, 50.3834838867, 13.3432598114, 15.5667352676, 17.6214237213, 54.9974098206, 105.671020508, 307.434631348, 61.2013244629, 26.1701660156, 20.5593357086, 13.986905098, 30.2728366852, 21.7739505768, 8.17867565155, 7.16736888885, 8.38490867615, 7.93719768524, 3.84861922264, 3.1510488987, 2.542740345, 2.054292202, 1.27206861973, 0.839371204376, 0.474570423365, 0.189425498247, 0.0240387879312, 0.00042380366358, 3.31470509991e-05]
    },
    "gfcc": {
        "mean": [-610.422546387, 22.3206443787, -85.3626937866, -6.73790407181, -38.2542572021, 1.04612576962, -27.6663990021, 2.70190548897, -13.7218351364, 4.53875637054, -12.0964994431, 1.09805226326, -7.20715093613],
        "cov": [[337364.53125, 9726.79882812, -45030.03125, -3647.73022461, -19761.0546875, 1062.40661621, -13817.9492188, 1596.15600586, -6766.67626953, 2463.14428711, -6260.56689453, 349.440673828, -3704.79833984], [9726.79882812, 2827.58422852, -45.1566238403, 385.279663086, -64.2759246826, -295.02947998, -326.17276001, -26.9987163544, -198.256317139, -45.2883300781, -36.2076148987, -26.8611736298, -54.0201721191], [-45030.03125, -45.1566238403, 7186.33837891, 837.90045166, 2969.34277344, -255.019348145, 1889.20214844, -148.819900513, 755.956054688, -434.566741943, 900.812744141, -1.71904325485, 480.777191162], [-3647.73022461, 385.279663086, 837.90045166, 253.34262085, 358.123901367, -74.7858886719, 178.641998291, -13.2386417389, 56.5315513611, -51.2881469727, 103.827072144, -5.98772239685, 50.5809745789], [-19761.0546875, -64.2759246826, 2969.34277344, 358.123901367, 1323.01953125, -98.0411224365, 849.661315918, -83.8012390137, 373.776672363, -176.156845093, 402.722717285, -21.0398960114, 220.559677124], [1062.40661621, -295.02947998, -255.019348145, -74.7858886719, -98.0411224365, 140.304702759, -19.2809200287, 55.7683181763, -36.0879249573, 13.0004739761, -35.7076301575, 1.62966036797, -31.4381446838], [-13817.9492188, -326.17276001, 1889.20214844, 178.641998291, 849.661315918, -19.2809200287, 644.550476074, -35.0257797241, 304.756591797, -95.1821289062, 272.881286621, -37.5523643494, 148.044906616], [1596.15600586, -26.9987163544, -148.819900513, -13.2386417389, -83.8012390137, 55.7683181763, -35.0257797241, 82.1430587769, -53.8526573181, 0.70630812645, -28.9387340546, 1.87529063225, -34.3669624329], [-6766.67626953, -198.256317139, 755.956054688, 56.5315513611, 373.776672363, -36.0879249573, 304.756591797, -53.8526573181, 249.021911621, -11.241812706, 126.611045837, -51.5242424011, 90.4397277832], [2463.14428711, -45.2883300781, -434.566741943, -51.2881469727, -176.156845093, 13.0004739761, -95.1821289062, 0.70630812645, -11.241812706, 54.4848670959, -44.7047767639, -4.41556692123, -21.7668857574], [-6260.56689453, -36.2076148987, 900.812744141, 103.827072144, 402.722717285, -35.7076301575, 272.881286621, -28.9387340546, 126.611045837, -44.7047767639, 151.620361328, -1.99825704098, 73.2659683228], [349.440673828, -26.8611736298, -1.71904325485, -5.98772239685, -21.0398960114, 1.62966036797, -37.5523643494, 1.87529063225, -51.5242424011, -4.41556692123, -1.99825704098, 49.5891685486, 1.50135934353], [-3704.79833984, -54.0201721191, 480.777191162, 50.5809745789, 220.559677124, -31.4381446838, 148.044906616, -34.3669624329, 90.4397277832, -21.7668857574, 73.2659683228, 1.50135934353, 68.0632781982]],
        "icov": [[0.000288313662168, -0.000757695524953, 0.000804111361504, -0.000937132048421, 0.00129016139545, -0.000368340348359, 0.00028303579893, -0.00116528011858, 0.00104694603942, -0.0015652111033, 0.00146554375533, -0.000735300884116, 0.00110049522482], [-0.000757695524953, 0.00284247449599, -0.00209218426608, 0.00131629128009, -0.00387252354994, 0.00211076484993, 0.000860720465425, 0.00264167413116, -0.00219090096653, 0.00440690247342, -0.00481985416263, 0.00381068326533, -0.0027759722434], [0.000804111361504, -0.00209218426608, 0.00481994170696, -0.00294600706547, -0.00115834106691, 0.000719816191122, -0.000736253976356, -0.00456878403202, 0.00304960296489, -0.00188445206732, 0.00464336574078, -0.00482391472906, 0.0040852916427], [-0.000937132048421, 0.00131629128009, -0.00294600706547, 0.0150207169354, -0.0100981630385, 0.00361210014671, 0.00129310472403, -0.000213969833567, 0.000565495400224, -0.00222878530622, -0.00388098950498, 0.00603484548628, -0.00626662839204], [0.00129016139545, -0.00387252354994, -0.00115834106691, -0.0100981630385, 0.0313609279692, -0.00632253056392, -0.00894526299089, 0.00340564106591, 0.00122775870841, 0.00583237176761, -0.00240990333259, -0.00421203812584, 0.00239030038938], [-0.000368340348359, 0.00211076484993, 0.000719816191122, 0.00361210014671, -0.00632253056392, 0.0169557426125, -0.00394808221608, -0.00697368057445, 0.0024935270194, -0.000889210612513, 0.0021232299041, 0.000790785183199, 0.00134267762769], [0.00028303579893, 0.000860720465425, -0.000736253976356, 0.00129310472403, -0.00894526299089, -0.00394808221608, 0.0285570137203, -0.00912115816027, -0.00620641093701, -0.00408028718084, -0.00995557475835, 0.00974799506366, -0.00178404443432], [-0.00116528011858, 0.00264167413116, -0.00456878403202, -0.000213969833567, 0.00340564106591, -0.00697368057445, -0.00912115816027, 0.0300448294729, -0.0013926216634, 0.0109569700435, -0.00611646240577, 0.00225780648179, 0.00374145712703], [0.00104694603942, -0.00219090096653, 0.00304960296489, 0.000565495400224, 0.00122775870841, 0.0024935270194, -0.00620641093701, -0.0013926216634, 0.0327454805374, -0.0251150615513, 0.00449647568166, 0.0197802130133, -0.0135631356388], [-0.0015652111033, 0.00440690247342, -0.00188445206732, -0.00222878530622, 0.00583237176761, -0.000889210612513, -0.00408028718084, 0.0109569700435, -0.0251150615513, 0.0683494508266, -0.0172469951212, -0.00869344733655, 0.00235239509493], [0.00146554375533, -0.00481985416263, 0.00464336574078, -0.00388098950498, -0.00240990333259, 0.0021232299041, -0.00995557475835, -0.00611646240577, 0.00449647568166, -0.0172469951212, 0.0532178767025, -0.0165156684816, 0.00497571658343], [-0.000735300884116, 0.00381068326533, -0.00482391472906, 0.00603484548628, -0.00421203812584, 0.000790785183199, 0.00974799506366, 0.00225780648179, 0.0197802130133, -0.00869344733655, -0.0165156684816, 0.0533533729613, -0.0259200111032], [0.00110049522482, -0.0027759722434, 0.0040852916427, -0.00626662839204, 0.00239030038938, 0.00134267762769, -0.00178404443432, 0.00374145712703, -0.0135631356388, 0.00235239509493, 0.00497571658343, -0.0259200111032, 0.060824804008]]
    },
    "melbands": {
        "max": [0.000324957247358, 0.000393573165638, 0.000460760318674, 0.000811529869679, 0.000757900823373, 0.000340337108355, 0.000272202218184, 0.00282911257818, 0.0126840379089, 0.0179769769311, 0.00351801468059, 0.00049543165369, 0.000519519671798, 0.000391653826227, 0.000330472306814, 0.00320221018046, 0.00184096384328, 0.00557240424678, 0.00219235545956, 0.000282468099613, 0.000279493484413, 0.000301294145174, 0.000133103749249, 0.000220506743062, 0.000312643998768, 0.000208703291719, 0.000114874164865, 6.57210766803e-05, 3.42511339113e-05, 3.90681016142e-05, 5.78199942538e-05, 5.82564389333e-05, 2.47784973908e-05, 2.33858827414e-05, 1.86438010132e-05, 1.58278380695e-05, 1.61280077009e-05, 1.94805361389e-05, 1.3916750504e-05, 1.29556710817e-05],
        "mean": [1.19035330499e-05, 1.5608207832e-05, 1.98592424567e-05, 2.65375001618e-05, 3.51847811544e-05, 2.26469182962e-05, 1.57122776727e-05, 5.76199854549e-05, 0.000343879975844, 0.000250097422395, 6.27462286502e-05, 2.39555611188e-05, 1.84928703675e-05, 2.2614862246e-05, 2.17846154555e-05, 7.03978294041e-05, 6.12184085185e-05, 0.000117183895782, 5.30908109795e-05, 1.54258177645e-05, 1.33820994961e-05, 1.01101659311e-05, 6.63491164232e-06, 4.44530724053e-06, 7.03675050318e-06, 6.18302738076e-06, 3.35278923558e-06, 1.73212629306e-06, 1.80460926913e-06, 1.67649625382e-06, 1.80546430784e-06, 1.77407127921e-06, 9.90745320451e-07, 8.26804466669e-07, 7.43725706798e-07, 6.86758255597e-07, 5.79703566927e-07, 5.11692462624e-07, 4.36462812559e-07, 3.79886870405e-07],
        "min": [8.38898944085e-25, 8.27692879103e-25, 9.29786567204e-25, 1.15329669685e-24, 1.28184513123e-24, 9.57287737474e-25, 1.56305846394e-24, 9.52047926126e-25, 1.30483904611e-24, 1.15639475084e-24, 2.00788805649e-24, 1.5915089297e-24, 1.13692517066e-24, 1.82586550236e-24, 1.59492203501e-24, 2.08834417743e-24, 2.50487575159e-24, 2.56796667742e-24, 2.86572755091e-24, 1.43170217777e-24, 2.89258510929e-24, 2.98830470267e-24, 3.41724170621e-24, 3.09321117293e-24, 3.93748048484e-24, 4.0600718361e-24, 3.67327440161e-24, 4.20552634854e-24, 3.76844849767e-24, 3.67703529597e-24, 4.2526915532e-24, 4.33344093318e-24, 4.46107231676e-24, 4.72342063256e-24, 5.18013165364e-24, 5.39768016421e-24, 4.90947939352e-24, 4.27441559924e-24, 4.82272323217e-24, 5.42815228326e-24],
        "stdev": [3.7103844079e-05, 4.4918331696e-05, 5.262346167e-05, 8.81633313838e-05, 8.71086958796e-05, 4.64021977677e-05, 3.43011233781e-05, 0.000261921988567, 0.00151493516751, 0.0014586574398, 0.000244103488512, 5.42344387213e-05, 5.1889786846e-05, 4.62987627543e-05, 4.66465571662e-05, 0.000236549865804, 0.000187215555343, 0.000483930431074, 0.000204045543796, 3.67488100892e-05, 3.32877389155e-05, 2.45458541031e-05, 1.49157285705e-05, 1.504876127e-05, 2.75371858152e-05, 2.05097258004e-05, 1.06068710011e-05, 4.48874106951e-06, 4.46987223768e-06, 4.22477705797e-06, 5.2976574807e-06, 5.65472646485e-06, 2.5198221465e-06, 2.04409093385e-06, 1.82116991709e-06, 1.72458157977e-06, 1.55126417667e-06, 1.51751407884e-06, 1.21441928513e-06, 1.05391859506e-06]
    },
    "melbands128": {
        "max": [2.81010561594e-05, 0.000287395087071, 0.000533822283614, 0.000512418511789, 0.000288720184471, 0.000522614340298, 0.000778176705353, 0.000443631695816, 0.000345592969097, 0.00142271257937, 0.000964369159192, 0.000887399772182, 0.00126634794287, 0.000735938665457, 0.000422289711423, 0.000475919863675, 0.000239115601289, 0.000419702904765, 0.00025947089307, 0.000400202639867, 0.00180297007319, 0.0170666240156, 0.0202354192734, 0.0383654162288, 0.0370119661093, 0.00796938408166, 0.0106855537742, 0.0017403223319, 0.00144228199497, 0.000655699172057, 0.000792040373199, 0.000626162742265, 0.000619912229013, 0.000796732143499, 0.00098859204445, 0.000372507143766, 0.000690337328706, 0.000504431605805, 0.000816331070382, 0.001183307264, 0.00472450116649, 0.0076237488538, 0.00248756213114, 0.00398614676669, 0.00536157144234, 0.0116732856259, 0.0108731221408, 0.00429277913645, 0.00222994596697, 0.000841297151055, 0.000398441770812, 0.000315722369123, 0.000291373231448, 0.000731846201234, 0.000479361013277, 0.000590870040469, 0.000237424945226, 0.000289266812615, 0.000155725661898, 0.000140855336213, 0.000424396654125, 0.000259299151367, 0.000445105426479, 0.000725124322344, 0.000584822788369, 0.000290145224426, 0.000264274771325, 0.000152838561917, 0.000191601415281, 0.00011926778825, 5.85658526688e-05, 3.83737606171e-05, 5.52219025849e-05, 4.81054812553e-05, 7.30609608581e-05, 3.71587084373e-05, 6.78916476318e-05, 4.66495075671e-05, 8.76907579368e-05, 5.16933650943e-05, 0.00010014767031, 7.93421277194e-05, 3.61461716238e-05, 3.1483858038e-05, 2.30028908845e-05, 2.93342236546e-05, 3.46524575434e-05, 2.60752258328e-05, 1.74362976395e-05, 2.39399778366e-05, 2.8407876016e-05, 2.10993039218e-05, 2.23573115363e-05, 1.98344005184e-05, 1.97827866941e-05, 2.18280983972e-05, 2.87790317088e-05, 2.36780106206e-05, 1.82772855624e-05, 9.99568055704e-06, 9.95326081465e-06, 1.4648198885e-05, 1.6680556655e-05, 1.99910027732e-05, 1.57386475621e-05, 9.98135692498e-06, 7.87930457591e-06, 1.278997388e-05, 1.0851415027e-05, 1.60045001394e-05, 1.63390432135e-05, 1.01460000224e-05, 8.98766938917e-06, 8.75156638358e-06, 1.14630665848e-05, 3.54366761712e-06, 3.30211008759e-07, 5.0842361432e-09, 1.84541821824e-08, 1.12125526641e-08, 8.58079651778e-09, 4.7534665093e-09, 5.35975885896e-09, 8.0161288718e-10, 3.8768316335e-10, 3.80565023939e-10, 3.79987541432e-10, 3.79476422507e-10],
        "mean": [3.16240885923e-07, 2.88313344754e-06, 2.01571183425e-05, 2.29801680689e-05, 1.07825162559e-05, 1.27510356833e-05, 2.33495120483e-05, 1.68290753209e-05, 2.07050597965e-05, 3.73814873456e-05, 1.92514398805e-05, 2.61778659478e-05, 5.35533799848e-05, 2.67329560302e-05, 2.18659388338e-05, 2.26987340284e-05, 1.13673331725e-05, 2.07198881981e-05, 1.20576869449e-05, 6.27515646556e-06, 2.97733786283e-05, 0.000330819078954, 0.000385744788218, 0.00035114196362, 0.000374927098164, 0.000146698905155, 0.00013756613771, 3.38417303283e-05, 2.56467028521e-05, 3.0062854421e-05, 2.0913023036e-05, 1.64692264661e-05, 1.95052125491e-05, 1.85420813068e-05, 1.91147828446e-05, 2.58706277236e-05, 2.66561346507e-05, 1.60891268024e-05, 2.12297982216e-05, 3.32988420269e-05, 7.58894675528e-05, 0.000146864607814, 3.86351312045e-05, 3.51242233592e-05, 5.49321011931e-05, 0.000162946322234, 0.000172258340172, 2.86894482997e-05, 1.84603977686e-05, 2.00468057301e-05, 1.6094691091e-05, 9.68556014413e-06, 8.94771346793e-06, 1.96009368665e-05, 1.44705818457e-05, 6.4750825004e-06, 8.30292447063e-06, 1.00367806226e-05, 4.24955214839e-06, 4.03912872571e-06, 4.62806247015e-06, 4.474794423e-06, 5.27123620486e-06, 9.08320544113e-06, 7.92795890447e-06, 5.79679681323e-06, 5.67792267248e-06, 3.94877451981e-06, 3.14796375278e-06, 1.93817822947e-06, 1.62195726716e-06, 1.54969256982e-06, 1.85000226338e-06, 1.73186231223e-06, 1.99226678887e-06, 1.60923309522e-06, 1.67782195604e-06, 1.51960841777e-06, 1.99112059818e-06, 1.79535470579e-06, 2.22171320274e-06, 1.50199139171e-06, 1.15120587907e-06, 9.37379297739e-07, 9.15493899356e-07, 8.26828056688e-07, 8.24663175081e-07, 7.69738051076e-07, 7.02113993611e-07, 7.88023726273e-07, 6.88884483679e-07, 6.60271609831e-07, 6.62433933485e-07, 5.68455789107e-07, 5.41887629879e-07, 5.39171480796e-07, 5.0960727549e-07, 4.62678030999e-07, 4.47472586984e-07, 4.11274157841e-07, 4.15790765373e-07, 3.66130990415e-07, 3.44404099906e-07, 3.72096252477e-07, 3.23279380154e-07, 2.92324926932e-07, 2.75461729871e-07, 2.74189659422e-07, 2.67607987325e-07, 2.66871751364e-07, 2.2065820815e-07, 2.07962870036e-07, 1.70508258179e-07, 1.56863080747e-07, 1.57508637244e-07, 9.45491009929e-08, 6.18673645647e-09, 1.94315161184e-10, 2.30124599931e-10, 2.07679415332e-10, 2.01618235995e-10, 1.3777005925e-10, 7.17813933293e-11, 4.84805338236e-12, 1.80741391905e-12, 1.53568629167e-12, 1.38999348056e-12, 1.36429485331e-12],
        "min": [6.80280980891e-27, 1.1922318636e-25, 1.48282467851e-25, 3.77539855946e-25, 1.17093520761e-25, 2.30117283459e-25, 1.25661141837e-25, 1.90768938485e-25, 1.60718502569e-25, 2.57480600286e-25, 1.99678789608e-25, 2.29818157265e-25, 1.98180089474e-25, 5.22536681149e-25, 2.41350268319e-25, 1.37364620597e-25, 2.12344370524e-25, 3.38341850604e-25, 1.27572588788e-25, 3.8761651863e-25, 4.89574769174e-25, 4.37497179743e-25, 2.26214443434e-25, 5.7884409345e-25, 3.75934573308e-25, 2.5944912872e-25, 3.96299116184e-25, 5.13480163527e-25, 2.91551404175e-25, 3.45047266906e-25, 4.53160259536e-25, 6.41685196894e-25, 7.41427832978e-25, 7.19286972558e-25, 8.49791239641e-25, 4.89038935404e-25, 6.59040383328e-25, 8.72612887022e-25, 4.62195280698e-25, 5.00033536359e-25, 4.36706543901e-25, 8.49961830812e-25, 1.08942963049e-24, 6.89986410563e-25, 6.65518114651e-25, 4.16873397453e-25, 6.3040670462e-25, 6.97930535702e-25, 7.58345152305e-25, 1.1306075781e-24, 8.04880993877e-25, 8.32780933334e-25, 8.80317494268e-25, 6.78625876756e-25, 1.76754186019e-24, 1.39544021411e-24, 1.29254671966e-24, 1.95238202826e-24, 1.46867825777e-24, 1.35358078929e-24, 2.0282012248e-24, 1.98831996731e-24, 1.33438316891e-24, 2.07291149432e-24, 1.6715798893e-24, 2.14649683399e-24, 2.07631227369e-24, 1.66329053891e-24, 1.74405786547e-24, 1.72048413783e-24, 2.31026652728e-24, 1.9895141055e-24, 2.6381236276e-24, 2.54006111733e-24, 1.6595576491e-24, 2.25078680946e-24, 2.5943450028e-24, 2.57061843335e-24, 1.90110883043e-24, 2.3140566095e-24, 2.1867784384e-24, 2.93343528519e-24, 3.74735001833e-24, 3.16262403006e-24, 2.59828201036e-24, 2.73972339016e-24, 2.79745361171e-24, 2.85076049295e-24, 2.3984432299e-24, 2.60938404431e-24, 3.18253980969e-24, 2.54974990697e-24, 3.56970603665e-24, 2.74323224347e-24, 3.76412199003e-24, 3.42757460078e-24, 3.11599584246e-24, 3.89536753985e-24, 2.84272318362e-24, 3.713105172e-24, 2.73268872304e-24, 3.21550295426e-24, 4.06366470309e-24, 4.03003516827e-24, 4.19264306666e-24, 4.23770043499e-24, 3.99802003729e-24, 4.30124554749e-24, 3.71871752291e-24, 3.9808492964e-24, 4.49010555351e-24, 3.75241292762e-24, 4.35822615396e-24, 3.73805684244e-24, 4.52702779375e-24, 4.47714023011e-24, 4.23334710608e-24, 3.38868928017e-24, 5.16817252232e-24, 4.31639956548e-24, 4.27410360475e-24, 4.88752145022e-24, 5.03658263472e-24, 4.90737629034e-24, 5.67101612913e-24, 4.79189573129e-24, 5.45630633453e-24, 4.79348331386e-24],
        "stdev": [1.23285792597e-06, 1.16562860057e-05, 6.33683303022e-05, 7.1994967584e-05, 3.46520537278e-05, 4.32511806139e-05, 7.40879841032e-05, 4.86424578412e-05, 5.22458358319e-05, 0.000151345302584, 7.44419085095e-05, 7.53485655878e-05, 0.000143237717566, 6.15598619333e-05, 5.2659346693e-05, 5.88375078223e-05, 2.35282041103e-05, 5.36464249308e-05, 2.71674052783e-05, 2.10212019738e-05, 0.000136614049552, 0.00168625137303, 0.00183642364573, 0.00295581482351, 0.00299336737953, 0.00056704581948, 0.000696962815709, 0.000120463235362, 9.54135612119e-05, 7.02660981915e-05, 5.47502168047e-05, 5.69157236896e-05, 6.11530049355e-05, 6.00836319791e-05, 6.16345350863e-05, 5.83173423365e-05, 6.51643058518e-05, 4.34494468209e-05, 7.50598774175e-05, 0.000108043932414, 0.000300320592942, 0.000593011616729, 0.000127752049593, 0.000203695090022, 0.000385172432289, 0.000823553535156, 0.000854997895658, 0.000182272779057, 9.18818550417e-05, 7.16392678441e-05, 4.20882024628e-05, 2.76102109638e-05, 2.536005195e-05, 6.98166550137e-05, 4.87334837089e-05, 2.62855883193e-05, 2.25503372349e-05, 2.85868609353e-05, 1.22560823002e-05, 1.24862790472e-05, 1.91404433281e-05, 1.86176948773e-05, 2.45980209002e-05, 4.52337953902e-05, 3.75647941837e-05, 2.23458864639e-05, 2.10892958421e-05, 1.45508793139e-05, 1.27126450025e-05, 6.34566140434e-06, 4.4526768761e-06, 4.28770590588e-06, 5.53370182388e-06, 4.53610982731e-06, 6.30377826383e-06, 3.9780370571e-06, 5.13233226229e-06, 4.14519263359e-06, 6.86279827278e-06, 5.34601031177e-06, 8.1303251136e-06, 5.11196958541e-06, 3.30761577061e-06, 2.55384816228e-06, 2.45492719841e-06, 2.16463490688e-06, 2.2873555281e-06, 1.98273710339e-06, 1.77647007149e-06, 2.18551826947e-06, 1.89482932456e-06, 1.78312382104e-06, 1.92513425645e-06, 1.62032608841e-06, 1.64483435583e-06, 1.64141033565e-06, 1.620579269e-06, 1.44525620271e-06, 1.3611089571e-06, 1.09594202513e-06, 1.16345017886e-06, 1.06911397779e-06, 1.08551989797e-06, 1.25633357584e-06, 1.05155879737e-06, 8.59892679728e-07, 8.21401783924e-07, 9.0434645017e-07, 8.61667786012e-07, 9.71893200585e-07, 8.24417043077e-07, 7.34711306905e-07, 6.08482025655e-07, 5.64748631859e-07, 6.1067913748e-07, 3.0779330018e-07, 2.03021084388e-08, 4.34397851024e-10, 8.55095438901e-10, 6.59318877272e-10, 5.84348069932e-10, 3.57895213465e-10, 2.3492627288e-10, 2.94069595064e-11, 1.33681477346e-11, 1.31262830466e-11, 1.30820900987e-11, 1.30526882705e-11]
    },
    "mfcc": {
        "mean": [-973.206237793, 52.4315757751, -20.843328476, -6.78641843796, -5.1913561821, -4.16594743729, -8.85660266876, -5.84254217148, -2.60245370865, -0.444641798735, -0.485331118107, -1.86974132061, -4.15595293045],
        "cov": [[75812.5, 9334.18261719, -6624.76025391, -2676.76977539, -1883.69592285, -842.584472656, -2147.99169922, -1300.40234375, -410.937713623, 343.45300293, 72.5579452515, -499.007171631, -1187.27941895], [9334.18261719, 4227.86474609, 173.147903442, 618.093933105, 268.361480713, -133.153823853, -149.967819214, -162.893554688, -139.163314819, -69.7992172241, -33.7733459473, -24.3988208771, -81.7784042358], [-6624.76025391, 173.147903442, 1189.82080078, 613.677490234, 396.228271484, 35.5405235291, 345.759521484, 192.428771973, 2.41197156906, -67.4744338989, -38.98046875, 25.1075401306, 169.761962891], [-2676.76977539, 618.093933105, 613.677490234, 579.19140625, 267.67175293, 36.1263809204, 132.27947998, 45.3977088928, -12.3362617493, -30.8199214935, -3.39008164406, 19.0866699219, 73.2397079468], [-1883.69592285, 268.361480713, 396.228271484, 267.67175293, 189.422271729, 16.0641345978, 110.676025391, 58.4691696167, -8.65357112885, -29.5583629608, -14.112121582, 4.68564319611, 50.6848106384], [-842.584472656, -133.153823853, 35.5405235291, 36.1263809204, 16.0641345978, 65.9954147339, 7.77025985718, 1.72462511063, 20.2325878143, 15.0563583374, 14.975607872, 17.5137081146, 2.91354727745], [-2147.99169922, -149.967819214, 345.759521484, 132.27947998, 110.676025391, 7.77025985718, 195.991653442, 112.041374207, -0.723370730877, -11.0307197571, -3.14993286133, 4.28289079666, 59.3288078308], [-1300.40234375, -162.893554688, 192.428771973, 45.3977088928, 58.4691696167, 1.72462511063, 112.041374207, 93.2927322388, 8.56471824646, 7.36882066727, -1.45102393627, -2.38105750084, 36.0324440002], [-410.937713623, -139.163314819, 2.41197156906, -12.3362617493, -8.65357112885, 20.2325878143, -0.723370730877, 8.56471824646, 44.199798584, 24.5280799866, 6.56342077255, 11.1391401291, 0.900388240814], [343.45300293, -69.7992172241, -67.4744338989, -30.8199214935, -29.5583629608, 15.0563583374, -11.0307197571, 7.36882066727, 24.5280799866, 90.7531967163, 23.4299240112, -8.29722690582, -8.39733982086], [72.5579452515, -33.7733459473, -38.98046875, -3.39008164406, -14.112121582, 14.975607872, -3.14993286133, -1.45102393627, 6.56342077255, 23.4299240112, 44.4375801086, 11.5795469284, -14.5244474411], [-499.007171631, -24.3988208771, 25.1075401306, 19.0866699219, 4.68564319611, 17.5137081146, 4.28289079666, -2.38105750084, 11.1391401291, -8.29722690582, 11.5795469284, 42.2431945801, 5.74755525589], [-1187.27941895, -81.7784042358, 169.761962891, 73.2397079468, 50.6848106384, 2.91354727745, 59.3288078308, 36.0324440002, 0.900388240814, -8.39733982086, -14.5244474411, 5.74755525589, 51.5011024475]],
        "icov": [[0.000108171683678, -0.000307137350319, 0.000515729945619, 0.000152795866597, 0.000320146093145, 0.000245875329711, -0.000236267296714, -4.07753832405e-05, -0.000106685838546, -6.78262440488e-05, -7.75161606725e-05, 0.000650988018606, -4.32307715528e-05], [-0.000307137350319, 0.00137191801332, -0.00132129737176, -0.0010165637359, -0.00192235282157, 0.000580581021495, 0.000992708606645, 0.000568589079194, 0.00120332406368, -0.000368227541912, 0.00080014084233, -0.002519588219, 0.0016423035413], [0.000515729945619, -0.00132129737176, 0.00805201288313, -0.00170531717595, -0.00325095653534, 0.0018118058797, -0.00405538408086, -0.00173659063876, -0.00275711319409, 0.00111736916006, 0.000465733959572, 0.00277498923242, -0.00528951827437], [0.000152795866597, -0.0010165637359, -0.00170531717595, 0.00799588859081, -0.00577471405268, -0.00128294224851, -0.000829484662972, 0.00566698657349, -0.000147124635987, -0.00126892549451, -0.00364535325207, 0.0013200606918, -0.00247474270873], [0.000320146093145, -0.00192235282157, -0.00325095653534, -0.00577471405268, 0.0297531336546, -0.00508639123291, -0.000712344597559, -0.0078096780926, 0.00150648038834, 0.00351533200592, 0.00259853596799, 0.00506270769984, 0.00126176036429], [0.000245875329711, 0.000580581021495, 0.0018118058797, -0.00128294224851, -0.00508639123291, 0.0251760501415, -0.0014161944855, 0.00515639455989, -0.00604116404429, -0.00374226458371, -0.00315941683948, -0.00541586522013, 0.00325656379573], [-0.000236267296714, 0.000992708606645, -0.00405538408086, -0.000829484662972, -0.000712344597559, -0.0014161944855, 0.0250259358436, -0.022435715422, 0.00634320033714, 0.00185956934001, -0.00305037153885, -0.00276265060529, -0.00203429488465], [-4.07753832405e-05, 0.000568589079194, -0.00173659063876, 0.00566698657349, -0.0078096780926, 0.00515639455989, -0.022435715422, 0.0463193841279, -0.00738864950836, -0.00587486196309, -0.00294105405919, 0.0040291165933, -0.00364687270485], [-0.000106685838546, 0.00120332406368, -0.00275711319409, -0.000147124635987, 0.00150648038834, -0.00604116404429, 0.00634320033714, -0.00738864950836, 0.0378630980849, -0.010353917256, 0.00650459062308, -0.0122429123148, 0.00632056361064], [-6.78262440488e-05, -0.000368227541912, 0.00111736916006, -0.00126892549451, 0.00351533200592, -0.00374226458371, 0.00185956934001, -0.00587486196309, -0.010353917256, 0.0196564923972, -0.0102734584361, 0.00974799692631, -0.00590594252571], [-7.75161606725e-05, 0.00080014084233, 0.000465733959572, -0.00364535325207, 0.00259853596799, -0.00315941683948, -0.00305037153885, -0.00294105405919, 0.00650459062308, -0.0102734584361, 0.0388038307428, -0.0146161178127, 0.0171113498509], [0.000650988018606, -0.002519588219, 0.00277498923242, 0.0013200606918, 0.00506270769984, -0.00541586522013, -0.00276265060529, 0.0040291165933, -0.0122429123148, 0.00974799692631, -0.0146161178127, 0.0405218042433, -0.0111710345373], [-4.32307715528e-05, 0.0016423035413, -0.00528951827437, -0.00247474270873, 0.00126176036429, 0.00325656379573, -0.00203429488465, -0.00364687270485, 0.00632056361064, -0.00590594252571, 0.0171113498509, -0.0111710345373, 0.0504513084888]]
    },
    "spectral_contrast_coeffs": {
        "max": [-0.412296175957, -0.26462200284, -0.526106119156, -0.436478406191, -0.527584791183, -0.560452580452],
        "mean": [-0.810176074505, -0.840807139874, -0.85238468647, -0.86182063818, -0.866033375263, -0.866172611713],
        "min": [-0.986363947392, -0.983017385006, -0.978626012802, -0.973532319069, -0.970157206059, -0.967059850693],
        "stdev": [0.146990403533, 0.151519268751, 0.115161851048, 0.117985732853, 0.0966207161546, 0.0941177383065]
    },
    "spectral_contrast_valleys": {
        "max": [-6.34166765213, -5.70130729675, -5.45273256302, -5.83688592911, -5.9149723053, -8.04347038269],
        "mean": [-17.0286026001, -16.2380371094, -16.5088844299, -16.457075119, -16.6616382599, -18.0028343201],
        "min": [-28.3263912201, -28.1461639404, -27.9180240631, -27.7951965332, -27.5522212982, -27.4487190247],
        "stdev": [8.97701263428, 9.60824012756, 9.4448928833, 9.4776763916, 9.30676460266, 8.15916824341]
    }
},
"rhythm": {
    "beats_count": 46,
    "beats_loudness": {
        "max": 0.101956114173,
        "mean": 0.00768804270774,
        "min": 0,
        "stdev": 0.0195226948708
    },
    "bpm": 122.319068909,
    "bpm_histogram_first_peak_bpm": 123,
    "bpm_histogram_first_peak_weight": 0.371428608894,
    "bpm_histogram_second_peak_bpm": 99,
    "bpm_histogram_second_peak_spread": 0.5,
    "bpm_histogram_second_peak_weight": 0.0444444455206,
    "danceability": 0.739195644855,
    "onset_rate": 1.1911547184,
    "beats_loudness_band_ratio": {
        "max": [0.586344957352, 0.734956562519, 0.69367825985, 0.55903339386, 0.531526684761, 0.241240888834],
        "mean": [0.0661959052086, 0.100445985794, 0.131745874882, 0.134420543909, 0.11108790338, 0.0474757626653],
        "min": [0, 0, 0, 0, 0, 0],
        "stdev": [0.157376632094, 0.194791033864, 0.177998319268, 0.175641715527, 0.154785186052, 0.0698781013489]
    },
    "beats_position": [0.638548731804, 1.28870749474, 1.92725622654, 2.55419492722, 3.13469386101, 3.73841261864, 4.34213161469, 4.841360569, 5.34058952332, 5.8282084465, 6.31582736969, 6.80344676971, 7.2910656929, 7.77868461609, 8.26630401611, 8.75392246246, 9.22993183136, 9.71755123138, 10.1935596466, 10.6927890778, 11.1920175552, 11.6912469864, 12.1904764175, 12.7013149261, 13.2121543884, 13.7113828659, 14.2454423904, 14.7795009613, 15.2787294388, 15.7779588699, 16.2771873474, 16.7764167786, 17.2640361786, 17.7516555786, 18.2392749786, 18.7268924713, 19.2145118713, 19.7021312714, 20.1897506714, 20.6773700714, 21.1649875641, 21.6526069641, 22.1402263641, 22.6278457642, 23.1154651642, 23.6030826569],
