{
"metadata": {
    "version": {
        "essentia": "2.1-beta5",
        "essentia_git_sha": "Undefined",
        "extractor": "music 2.0"
    },
    "audio_properties": {
        "analysis": {
            "equal_loudness": 0,
            "length": 29.6402721405,
            "sample_rate": 44100,
            "start_time": 142.744674683,
            "downmix": "mix"
        },
        "bit_rate": 192000,
        "length": 172.408172607,
        "lossless": 0,
        "number_channels": 1,
        "replay_gain": -9.40669631958,
        "sample_rate": 48000,
        "codec": "mp3",
        "md5_encoded": "05fd3429d477b3f9819971b8eb29db3f"
    },
    "tags": {
        "file_name": "Ireland_You Can Count On Me_Luv Bug.mp3",
        "encoding": ["Lavf58.29.100"]
    }
},
"lowlevel": {
    "average_loudness": 0.96004140377,
    "barkbands_crest": {
        "max": 22.6845607758,
        "mean": 8.9578666687,
        "min": 3.18371510506,
        "stdev": 3.7968518734
    },
    "barkbands_flatness_db": {
        "max": 0.302185803652,
        "mean": 0.191572129726,
        "min": 0.041171297431,
        "stdev": 0.0301380846649
    },
    "barkbands_kurtosis": {
        "max": 29.281414032,
        "mean": 1.36707913876,
        "min": -1.85478913784,
        "stdev": 2.57288098335
    },
    "barkbands_skewness": {
        "max": 4.72013473511,
        "mean": 0.79581284523,
        "min": -2.0617287159,
        "stdev": 0.858688592911
    },
    "barkbands_spread": {
        "max": 40.0031814575,
        "mean": 15.6653203964,
        "min": 3.50765061378,
        "stdev": 6.80073833466
    },
    "dissonance": {
        "max": 0.5,
        "mean": 0.453175187111,
        "min": 0.336193442345,
        "stdev": 0.0289178919047
    },
    "dynamic_complexity": 2.09123897552,
    "erbbands_crest": {
        "max": 29.7885818481,
        "mean": 10.5807638168,
        "min": 2.26672053337,
        "stdev": 4.84180593491
    },
    "erbbands_flatness_db": {
        "max": 0.359820008278,
        "mean": 0.254896938801,
        "min": 0.0643281340599,
        "stdev": 0.0339759960771
    },
    "erbbands_kurtosis": {
        "max": 15.1183986664,
        "mean": 0.580206513405,
        "min": -1.6975556612,
        "stdev": 1.8478705883
    },
    "erbbands_skewness": {
        "max": 2.19105648994,
        "mean": 0.277453303337,
        "min": -2.41687846184,
        "stdev": 0.745216727257
    },
    "erbbands_spread": {
        "max": 87.5995330811,
        "mean": 24.96808815,
        "min": 4.2448797226,
        "stdev": 11.3595399857
    },
    "hfc": {
        "max": 107.648170471,
        "mean": 20.220457077,
        "min": 1.17041486192e-06,
        "stdev": 16.7673625946
    },
    "loudness_ebu128": {
        "integrated": -18.2799625397,
        "loudness_range": 4.66688156128,
        "momentary": {
            "max": -14.1460952759,
            "mean": -18.8100185394,
            "min": -24.1558322906,
            "stdev": 2.23064684868
        },
        "short_term": {
            "max": -16.4742660522,
            "mean": -18.6062774658,
            "min": -22.1299057007,
            "stdev": 1.77986812592
        }
    },
    "melbands_crest": {
        "max": 31.4051074982,
        "mean": 11.1389474869,
        "min": 3.80315756798,
        "stdev": 4.65881919861
    },
    "melbands_flatness_db": {
        "max": 0.330602377653,
        "mean": 0.199704810977,
        "min": 0.0884995013475,
        "stdev": 0.0411131829023
    },
    "melbands_kurtosis": {
        "max": 45.041557312,
        "mean": 3.72071957588,
        "min": -1.76454293728,
        "stdev": 5.08247470856
    },
    "melbands_skewness": {
        "max": 5.90145015717,
        "mean": 1.32404243946,
        "min": -1.39858305454,
        "stdev": 0.98680305481
    },
    "melbands_spread": {
        "max": 75.5682067871,
        "mean": 24.1056194305,
        "min": 4.55766296387,
        "stdev": 13.0509462357
    },
    "pitch_salience": {
        "max": 0.832615852356,
        "mean": 0.569997370243,
        "min": 0.261100202799,
        "stdev": 0.0994068011642
    },
    "silence_rate_20dB": {
        "max": 1,
        "mean": 1,
        "min": 1,
        "stdev": 0
    },
    "silence_rate_30dB": {
        "max": 1,
        "mean": 1,
        "min": 1,
        "stdev": 0
    },
    "silence_rate_60dB": {
        "max": 1,
        "mean": 0.00234741787426,
        "min": 0,
        "stdev": 0.0483931675553
    },
    "spectral_centroid": {
        "max": 2899.63842773,
        "mean": 1364.5682373,
        "min": 410.002471924,
        "stdev": 527.359008789
    },
    "spectral_complexity": {
        "max": 45,
        "mean": 19.5477313995,
        "min": 0,
        "stdev": 6.78685426712
    },
    "spectral_decrease": {
        "max": -2.30299131578e-15,
        "mean": -4.76653916337e-09,
        "min": -1.66023319537e-08,
        "stdev": 2.71294386955e-09
    },
    "spectral_energy": {
        "max": 0.0716642290354,
        "mean": 0.0198240913451,
        "min": 8.79819594957e-09,
        "stdev": 0.0114817023277
    },
    "spectral_energyband_high": {
        "max": 0.00295599829406,
        "mean": 0.000289611489279,
        "min": 4.00989415283e-11,
        "stdev": 0.000372403796064
    },
    "spectral_energyband_low": {
        "max": 0.0242710784078,
        "mean": 0.000975271337666,
        "min": 5.49929879412e-09,
        "stdev": 0.00145597720984
    },
    "spectral_energyband_middle_high": {
        "max": 0.0647451132536,
        "mean": 0.0081708682701,
        "min": 1.58183091625e-10,
        "stdev": 0.00878886319697
    },
    "spectral_energyband_middle_low": {
        "max": 0.0519982539117,
        "mean": 0.0109060928226,
        "min": 9.40914679504e-10,
        "stdev": 0.00736322486773
    },
    "spectral_entropy": {
        "max": 8.37400817871,
        "mean": 7.23555326462,
        "min": 6.04479598999,
        "stdev": 0.328262835741
    },
    "spectral_flux": {
        "max": 0.198486328125,
        "mean": 0.0719563364983,
        "min": 0.00314363534562,
        "stdev": 0.0348711982369
    },
    "spectral_kurtosis": {
        "max": 22.4666137695,
        "mean": 5.08663129807,
        "min": -0.540095329285,
        "stdev": 3.75388026237
    },
    "spectral_rms": {
        "max": 0.00836159754544,
        "mean": 0.00422145752236,
        "min": 2.92977915706e-06,
        "stdev": 0.00123283860739
    },
    "spectral_rolloff": {
        "max": 3574.51171875,
        "mean": 1534.53918457,
        "min": 129.19921875,
        "stdev": 724.286743164
    },
    "spectral_skewness": {
        "max": 3.27688622475,
        "mean": 1.30983769894,
        "min": 0.0932134613395,
        "stdev": 0.478165477514
    },
    "spectral_spread": {
        "max": 11710766,
        "mean": 2688469.25,
        "min": 1549410,
        "stdev": 582749.8125
    },
    "spectral_strongpeak": {
        "max": 17.1690998077,
        "mean": 2.04090476036,
        "min": 0,
        "stdev": 2.3904094696
    },
    "zerocrossingrate": {
        "max": 0.1298828125,
        "mean": 0.0563013479114,
        "min": 0.00146484375,
        "stdev": 0.0201524235308
    },
    "barkbands": {
        "max": [0.000272970792139, 0.00916230492294, 0.0150259882212, 0.015972616151, 0.029090680182, 0.018730616197, 0.0331662669778, 0.0249778963625, 0.0383515022695, 0.0292844679207, 0.0100908428431, 0.0155711453408, 0.0576898939908, 0.0398808382452, 0.013460774906, 0.0132562099025, 0.0343261100352, 0.0140992701054, 0.00401446316391, 0.00273838406429, 0.00192883575801, 0.000904647982679, 0.000750294944737, 0.000220064379391, 4.8181677812e-06, 1.34837489441e-06, 1.22744279452e-06],
        "mean": [8.10150413599e-06, 0.000290049618343, 0.000447007274488, 0.00100474711508, 0.00202739145607, 0.00170268153306, 0.00175633956678, 0.00177192257252, 0.00214627385139, 0.00110515498091, 0.000863888708409, 0.000449364277301, 0.00195149204228, 0.00100887659937, 0.000602932064794, 0.000384349987144, 0.00101878796704, 0.000599309278186, 0.000319235870847, 0.00016637108638, 0.000110381188279, 6.29626301816e-05, 2.09074114537e-05, 5.34074160896e-06, 2.23973884772e-07, 2.78110023899e-09, 2.5504647283e-09],
        "min": [1.65108704486e-09, 2.80709167022e-09, 4.79991046909e-10, 2.67517952235e-10, 3.21838167228e-10, 1.49425610774e-10, 8.46305595048e-11, 5.41714555158e-11, 5.11029135675e-11, 3.40209353744e-11, 2.453579874e-11, 2.293657278e-11, 1.67613041502e-11, 1.48679315387e-11, 1.24778572891e-11, 1.09619544345e-11, 9.50874361888e-12, 8.61263838026e-12, 7.98310202665e-12, 6.7926064079e-12, 6.23925954304e-12, 6.32073733631e-12, 4.59536835667e-12, 4.91627051569e-12, 5.92511673406e-12, 3.97152493184e-12, 4.63212064192e-12],
        "stdev": [1.80444367288e-05, 0.000685056846123, 0.000815824081656, 0.0017343867803, 0.00247099157423, 0.0020698858425, 0.0029584269505, 0.00292527046986, 0.00365910446271, 0.00171675253659, 0.001115967636, 0.000790669175331, 0.00561912124977, 0.00306116114371, 0.00149954063818, 0.000693008478265, 0.00285416957922, 0.00145115249325, 0.000398658507038, 0.000227129101404, 0.000194183696294, 9.98726391117e-05, 3.72432914446e-05, 1.12280476969e-05, 3.24930113038e-07, 4.98684649131e-08, 4.65408085404e-08]
    },
    "erbbands": {
        "max": [0.133797079325, 2.89950323105, 16.7267017365, 22.653049469, 126.40776062, 58.6145935059, 47.1480369568, 200.88508606, 625.962036133, 396.206115723, 477.209655762, 1042.58349609, 876.354064941, 596.899902344, 543.409118652, 624.956237793, 2400.20996094, 2379.47387695, 858.703063965, 399.41619873, 760.872924805, 2009.03491211, 813.767944336, 659.665405273, 272.966552734, 102.9945755, 131.416137695, 27.8675384521, 26.9210643768, 29.6866550446, 20.286365509, 7.21105718613, 1.42927277088, 0.109256111085, 0.0120922978967, 0.00571022182703, 0.0023339020554, 0.000918765668757, 0.000223214781727, 9.01195526239e-05],
        "mean": [0.00399757036939, 0.0838699191809, 0.432779073715, 1.74605751038, 6.16261482239, 5.92266988754, 7.26493024826, 18.6273002625, 24.8542957306, 34.3884658813, 29.1732845306, 58.5768089294, 38.4037895203, 32.5782394409, 37.1133422852, 21.7659187317, 81.5443267822, 75.6325454712, 36.6988258362, 21.6019172668, 25.3617343903, 51.2017402649, 39.344203949, 23.4748649597, 14.4531040192, 7.00284814835, 7.11368703842, 2.5757727623, 2.14957594872, 1.5053819418, 0.592876076698, 0.191211134195, 0.0486772246659, 0.00642364146188, 0.000249171425821, 4.44104698545e-05, 1.76770099642e-05, 6.36937284071e-06, 1.20100085041e-05, 2.42417554546e-05],
        "min": [1.48945645151e-07, 4.0548698621e-07, 5.92529943333e-07, 7.86348607562e-07, 9.6309872788e-07, 1.03480886082e-06, 1.20123161196e-06, 1.21403047615e-06, 1.1612551134e-06, 1.25236579152e-06, 1.26505085518e-06, 1.21455855151e-06, 1.13760506792e-06, 1.03480761027e-06, 9.80174831966e-07, 9.16674480322e-07, 8.13717463188e-07, 7.66539073993e-07, 6.88266709403e-07, 6.36861273051e-07, 5.95909398271e-07, 5.39394875432e-07, 4.72439182886e-07, 4.38921233581e-07, 3.6892132016e-07, 3.24227983128e-07, 2.58786457152e-07, 2.59401019775e-07, 2.21881009566e-07, 1.7827080967e-07, 1.28373073949e-07, 9.6714444453e-08, 8.82496280497e-08, 6.81264253899e-08, 4.01967845676e-08, 1.95867340125e-08, 6.76610589778e-09, 2.64755661838e-09, 6.5577132613e-10, 6.96268181999e-11],
        "stdev": [0.0100670559332, 0.192088097334, 0.823108971119, 2.42940378189, 11.2657842636, 6.90780878067, 7.01944541931, 23.7031269073, 44.9984321594, 45.6794166565, 48.4864807129, 98.2797927856, 59.3300971985, 45.3314399719, 48.6646499634, 36.5415039062, 224.452880859, 190.651077271, 84.832321167, 34.2740364075, 44.6050643921, 141.737854004, 86.4454269409, 53.9427108765, 21.0040817261, 8.32906246185, 13.217042923, 3.32638573647, 3.59598779678, 2.50861024857, 1.0949062109, 0.406702548265, 0.0804857611656, 0.0086690755561, 0.00051077111857, 0.000211513382965, 8.86024499778e-05, 3.29057293129e-05, 1.0382776054e-05, 1.4426744201e-05]
    },
    "gfcc": {
        "mean": [-52.7157974243, 153.289657593, -194.464416504, 34.6652069092, -73.6598052979, -14.855512619, -22.8812866211, -20.8904685974, -1.16514968872, -27.2234325409, 5.03212070465, -20.4551525116, -3.18408727646],
        "cov": [[1926.13171387, -383.958587646, -456.654907227, 211.991638184, -82.6568984985, 77.4490432739, 24.409614563, -186.982711792, 80.1170501709, -23.0578746796, -58.9675636292, -38.5154075623, -174.148971558], [-383.958587646, 602.955627441, 410.546844482, -6.03468036652, 76.5590896606, -43.429775238, 70.2195358276, 50.6128883362, -33.1831855774, -28.2523155212, 3.49022555351, -11.0873756409, 100.534584045], [-456.654907227, 410.546844482, 560.643615723, 160.053039551, 11.9941244125, 0.980269908905, 4.5693488121, 45.8906211853, -54.0400886536, -53.6623497009, -40.1978340149, -8.01257801056, 91.9933242798], [211.991638184, -6.03468036652, 160.053039551, 318.516876221, 20.3037261963, 6.62641334534, -35.4189949036, -18.6713466644, -8.0290145874, -50.984539032, -59.485622406, -1.46452653408, -14.8651666641], [-82.6568984985, 76.5590896606, 11.9941244125, 20.3037261963, 172.492553711, 7.43417358398, -2.85155630112, 58.0820274353, 5.04189395905, 26.9499034882, 40.8058776855, 15.7555351257, 5.49584770203], [77.4490432739, -43.429775238, 0.980269908905, 6.62641334534, 7.43417358398, 173.051742554, 51.0688896179, -39.5012512207, -30.2142963409, -19.1269168854, -14.5747966766, -19.990655899, -22.7805309296], [24.409614563, 70.2195358276, 4.5693488121, -35.4189949036, -2.85155630112, 51.0688896179, 120.329223633, 13.2106714249, -10.2147798538, -2.26775312424, -6.45796346664, -8.61657142639, -1.18247270584], [-186.982711792, 50.6128883362, 45.8906211853, -18.6713466644, 58.0820274353, -39.5012512207, 13.2106714249, 164.344223022, 40.8449020386, 9.64763355255, 36.1842269897, 38.0359382629, 46.9033432007], [80.1170501709, -33.1831855774, -54.0400886536, -8.0290145874, 5.04189395905, -30.2142963409, -10.2147798538, 40.8449020386, 76.5278167725, 37.6712112427, 14.8965320587, 15.8309297562, -2.90942025185], [-23.0578746796, -28.2523155212, -53.6623497009, -50.984539032, 26.9499034882, -19.1269168854, -2.26775312424, 9.64763355255, 37.6712112427, 98.8334350586, 57.2288093567, -5.96993017197, 2.75515198708], [-58.9675636292, 3.49022555351, -40.1978340149, -59.485622406, 40.8058776855, -14.5747966766, -6.45796346664, 36.1842269897, 14.8965320587, 57.2288093567, 93.339263916, 34.1406860352, 13.4420881271], [-38.5154075623, -11.0873756409, -8.01257801056, -1.46452653408, 15.7555351257, -19.990655899, -8.61657142639, 38.0359382629, 15.8309297562, -5.96993017197, 34.1406860352, 79.3871154785, 27.8555030823], [-174.148971558, 100.534584045, 91.9933242798, -14.8651666641, 5.49584770203, -22.7805309296, -1.18247270584, 46.9033432007, -2.90942025185, 2.75515198708, 13.4420881271, 27.8555030823, 89.8397064209]],
        "icov": [[0.00123658019584, -0.00052807724569, 0.00162639992777, -0.00174163409974, 0.00062894745497, -0.000432676839409, -0.000583731220104, 0.0010781690944, -0.00192881911062, 0.00116637640167, -0.00110958900768, 0.0007399955648, 0.000154000445036], [-0.00052807724569, 0.0117417005822, -0.0100909657776, 0.00534587027505, -0.00892004091293, 0.00716553162783, -0.00958447903395, 0.00875946693122, -0.0101234540343, 0.0131315132603, -0.00917965825647, 0.00828456226736, -0.00720812520012], [0.00162639992777, -0.0100909657776, 0.012973642908, -0.00780155556276, 0.00807095039636, -0.00627303123474, 0.00697720423341, -0.00708450796083, 0.00828827358782, -0.00920895114541, 0.00632279459387, -0.00444695679471, 0.00255913008004], [-0.00174163409974, 0.00534587027505, -0.00780155556276, 0.00934034492821, -0.00569275487214, 0.00318288314156, -0.0016147029819, 0.00287832506001, -0.00282814796083, 0.00413948809728, 0.000922661740333, 0.000375664938474, -0.000665963045321], [0.00062894745497, -0.00892004091293, 0.00807095039636, -0.00569275487214, 0.0149361519143, -0.00671427277848, 0.00794928334653, -0.0103814853355, 0.0104576842859, -0.0127172926441, 0.00517299678177, -0.00675515504554, 0.00695223454386], [-0.000432676839409, 0.00716553162783, -0.00627303123474, 0.00318288314156, -0.00671427277848, 0.0121932793409, -0.00929935183376, 0.00737982802093, -0.00543766096234, 0.00993269681931, -0.00681119924411, 0.00614989362657, -0.00374829722568], [-0.000583731220104, -0.00958447903395, 0.00697720423341, -0.0016147029819, 0.00794928334653, -0.00929935183376, 0.0195964425802, -0.0115496190265, 0.0128893097863, -0.0149678559974, 0.0121104978025, -0.00870262179524, 0.00738845719025], [0.0010781690944, 0.00875946693122, -0.00708450796083, 0.00287832506001, -0.0103814853355, 0.00737982802093, -0.0115496190265, 0.0213993936777, -0.0203931741416, 0.0194494854659, -0.0147310094908, 0.00910717900842, -0.0106760142371], [-0.00192881911062, -0.0101234540343, 0.00828827358782, -0.00282814796083, 0.0104576842859, -0.00543766096234, 0.0128893097863, -0.0203931741416, 0.0418905615807, -0.0323915481567, 0.0225237607956, -0.0185884926468, 0.0121761038899], [0.00116637640167, 0.0131315132603, -0.00920895114541, 0.00413948809728, -0.0127172926441, 0.00993269681931, -0.0149678559974, 0.0194494854659, -0.0323915481567, 0.0487805046141, -0.0346033982933, 0.0258110351861, -0.0147441271693], [-0.00110958900768, -0.00917965825647, 0.00632279459387, 0.000922661740333, 0.00517299678177, -0.00681119924411, 0.0121104978025, -0.0147310094908, 0.0225237607956, -0.0346033982933, 0.0418960303068, -0.0243979506195, 0.0106932325289], [0.0007399955648, 0.00828456226736, -0.00444695679471, 0.000375664938474, -0.00675515504554, 0.00614989362657, -0.00870262179524, 0.00910717900842, -0.0185884926468, 0.0258110351861, -0.0243979506195, 0.0322558768094, -0.0138614084572], [0.000154000445036, -0.00720812520012, 0.00255913008004, -0.000665963045321, 0.00695223454386, -0.00374829722568, 0.00738845719025, -0.0106760142371, 0.0121761038899, -0.0147441271693, 0.0106932325289, -0.0138614084572, 0.0246045775712]]
    },
    "melbands": {
        "max": [0.00179387023672, 0.00678406376392, 0.00751332193613, 0.00731141166762, 0.00214453204535, 0.00412507401779, 0.00814145244658, 0.00521540502086, 0.00377918384038, 0.00717029254884, 0.00464830221608, 0.00257143937051, 0.00135696225334, 0.000876448990311, 0.00220952113159, 0.00795551482588, 0.00504722818732, 0.00138090888504, 0.000907109293621, 0.000594520650338, 0.00118614826351, 0.00212559383363, 0.00180538417771, 0.000459618953755, 0.000568084360566, 0.00020861698431, 0.00013924112136, 5.67091628909e-05, 0.000105737133708, 3.42364946846e-05, 1.50383311848e-05, 1.67086327565e-05, 2.095353193e-05, 1.70308085217e-05, 1.26023842313e-05, 6.62846468913e-06, 4.53283792012e-06, 1.10736527859e-06, 2.5716335017e-07, 2.98152329492e-08],
        "mean": [5.92211545154e-05, 0.000194075357285, 0.000476269808132, 0.000422638579039, 0.000280879787169, 0.000390042638173, 0.000382804806577, 0.000399616721552, 0.000224475661526, 0.000373327813577, 0.000181365714525, 0.000126393788378, 0.000114400303573, 6.72044698149e-05, 7.12531182216e-05, 0.000228377059102, 0.000130420070491, 5.52951314603e-05, 4.03902195103e-05, 2.7407957532e-05, 2.96919752145e-05, 4.85979653604e-05, 6.24039894319e-05, 2.05195337912e-05, 1.90806113096e-05, 1.03872880572e-05, 7.65403456171e-06, 4.18291710957e-06, 5.34473883818e-06, 2.31718240684e-06, 1.26839415771e-06, 1.24750783925e-06, 1.15042291782e-06, 6.4580194703e-07, 3.73782995666e-07, 1.73056051267e-07, 8.97060985494e-08, 3.78953508573e-08, 1.3776057628e-08, 1.74864878133e-09],
        "min": [1.26440735659e-09, 3.70879882361e-10, 1.40908229529e-10, 7.10188574615e-11, 4.33289758239e-11, 2.72517269168e-11, 1.82987184433e-11, 1.34581287087e-11, 9.88360174953e-12, 7.3821478444e-12, 5.5568193276e-12, 4.19170254062e-12, 3.28265279542e-12, 2.70617295933e-12, 2.08854960236e-12, 1.65668531411e-12, 1.37726082709e-12, 1.11258756114e-12, 9.4152279289e-13, 7.86832675837e-13, 6.80884114281e-13, 5.75714931457e-13, 4.48396121665e-13, 4.05093954258e-13, 3.51322351202e-13, 2.82486355271e-13, 2.32779507475e-13, 2.16633582275e-13, 1.62681567978e-13, 1.59332508125e-13, 1.41092310903e-13, 1.30827030524e-13, 1.12861265201e-13, 9.22479323831e-14, 7.85761362118e-14, 5.97879561072e-14, 5.60810112812e-14, 6.05943585781e-14, 6.29913330698e-14, 5.46896343045e-14],
        "stdev": [0.000143608573126, 0.000349041161826, 0.00075642997399, 0.000593898759689, 0.000273960118648, 0.000495230488013, 0.000661997299176, 0.000572135788389, 0.000368874694686, 0.000640433339868, 0.000295692298096, 0.000191732280655, 0.000147110637045, 8.59873034642e-05, 0.000182359697646, 0.000694941147231, 0.000376887735911, 0.000133423716761, 9.28276203922e-05, 4.2471649067e-05, 6.52548333164e-05, 0.000134951071232, 0.000180901333806, 4.73617874377e-05, 4.692159564e-05, 1.48537956193e-05, 1.19764035844e-05, 5.49944024897e-06, 1.07445694084e-05, 3.56022451342e-06, 1.75583943474e-06, 2.0861300527e-06, 2.12564850699e-06, 1.06829122615e-06, 7.13780423212e-07, 3.38473626016e-07, 2.11782648307e-07, 6.45269153665e-08, 1.95045011253e-08, 2.52714049687e-09]
    },
    "melbands128": {
        "max": [0.000112617468403, 0.000531660043634, 0.00299245398492, 0.00575374951586, 0.00944508612156, 0.00633498979732, 0.00304245273583, 0.010593155399, 0.0156936552376, 0.00788330566138, 0.00319624599069, 0.0047204149887, 0.00226797326468, 0.00301747908816, 0.00724469218403, 0.00969517044723, 0.0160592757165, 0.0121299084276, 0.00652950955555, 0.00483190827072, 0.010150346905, 0.00771387387067, 0.00683908676729, 0.00502394419163, 0.00824578199536, 0.0131122758612, 0.00778234470636, 0.00652930885553, 0.00822641607374, 0.00505601149052, 0.00285478308797, 0.00267539010383, 0.00167636119295, 0.00420555286109, 0.00102140067611, 0.000810138066299, 0.00295756501146, 0.00302201788872, 0.00496219936758, 0.0112227620557, 0.0144672924653, 0.00461967196316, 0.0113907111809, 0.00732631236315, 0.00207278691232, 0.00273143337108, 0.0029511039611, 0.00213781208731, 0.00114370987285, 0.000706966093276, 0.00116137415171, 0.000818834232632, 0.000904445885681, 0.00274838181213, 0.00379262957722, 0.00233428436331, 0.00458704074845, 0.00469533586875, 0.00276636867784, 0.00131570128724, 0.000865172129124, 0.00078635243699, 0.00162128091324, 0.000435696885688, 0.000204700714676, 0.000338796700817, 0.000595607503783, 0.000418023904786, 0.000137564755278, 6.31332077319e-05, 4.46426020062e-05, 0.000110738896183, 0.000285366724711, 0.000198518755496, 9.81373450486e-05, 6.46290864097e-05, 2.01361217478e-05, 2.21902100748e-05, 1.81592822628e-05, 2.06506447284e-05, 2.146146835e-05, 3.06866495521e-05, 2.2211635951e-05, 2.78311963484e-05, 4.23027704528e-05, 1.84926793736e-05, 1.65444107552e-05, 1.00628130895e-05, 1.50698606376e-05, 1.19590304166e-05, 9.12761151994e-06, 4.39858604295e-06, 8.49588377605e-06, 4.83737403556e-06, 2.46893819167e-06, 2.12459463e-06, 5.68748362184e-07, 5.57007069801e-07, 3.20542113741e-07, 2.06241537626e-07, 9.45928562146e-08, 1.29350041789e-08, 1.22811343317e-08, 1.54817350051e-08, 1.37542794931e-08, 1.22073817721e-08, 9.57631574039e-09, 9.15381281885e-09, 1.07301518781e-08, 9.50152134749e-09, 8.75404282397e-09, 7.43486072707e-09, 6.69283739541e-09, 6.93238400018e-09, 7.29803240063e-09, 8.63249116634e-09, 6.38450536883e-09, 6.68753896704e-09, 7.01757274513e-09, 8.30351254422e-09, 6.29075058711e-09, 5.50555423473e-09, 5.18205567346e-09, 4.51730741702e-09, 4.43344161383e-09, 4.35625624462e-09, 4.31066160544e-09, 4.28354685056e-09],
        "mean": [4.44732495453e-06, 1.58876082423e-05, 7.37225345802e-05, 0.000156569760293, 0.000190423961612, 0.000235689542023, 0.000238859414821, 0.000657649710774, 0.000712159730028, 0.000319234735798, 0.000301507243421, 0.000384459737688, 0.00019361313025, 0.000237846033997, 0.000515083083883, 0.000391985842725, 0.00033624554635, 0.000437350099673, 0.000386252562748, 0.000324663880747, 0.000531805329956, 0.000249606469879, 0.000163670105394, 0.000164908487932, 0.000435740774265, 0.000516715284903, 0.000142359378515, 0.00022013191483, 8.42240842758e-05, 0.000144928024383, 0.000144639154314, 8.27074036351e-05, 8.2678932813e-05, 0.000202582945349, 5.56439445063e-05, 3.46124579664e-05, 5.92615397181e-05, 3.50731861545e-05, 9.67003361438e-05, 0.000202682844247, 0.000359881611075, 9.98421382974e-05, 0.000141571450513, 0.000148995270138, 3.00009378407e-05, 4.70695813419e-05, 6.9634981628e-05, 4.52670792583e-05, 2.77973613265e-05, 1.47899172589e-05, 3.11494368361e-05, 3.86238243664e-05, 1.7774722437e-05, 2.79617870547e-05, 5.03122500959e-05, 3.54754884029e-05, 5.39174725418e-05, 0.000102523961687, 4.77003377455e-05, 2.79605155811e-05, 1.34603815241e-05, 1.6290383428e-05, 3.28926071234e-05, 1.46558222696e-05, 8.34591719467e-06, 8.70650637808e-06, 1.35626332849e-05, 1.10324490379e-05, 6.18151671006e-06, 2.72306033366e-06, 2.75290835816e-06, 6.08890286458e-06, 6.15292083239e-06, 5.45590273759e-06, 4.15836575485e-06, 2.51936648965e-06, 1.50915502672e-06, 1.00608440334e-06, 1.29842123897e-06, 1.52428913225e-06, 1.10522921659e-06, 1.35658183353e-06, 9.54335519054e-07, 1.13972214422e-06, 1.42446219797e-06, 6.81794745105e-07, 4.47496944389e-07, 3.38746190209e-07, 4.41365870074e-07, 3.50750951839e-07, 1.6828066407e-07, 1.36511133064e-07, 1.44665193602e-07, 8.89682212346e-08, 5.69066322953e-08, 5.28266390631e-08, 3.14169668059e-08, 2.09148911523e-08, 1.56622750325e-08, 9.77952829828e-09, 3.30119931391e-09, 6.53364307102e-11, 3.10684603044e-11, 2.70452583939e-11, 2.4759637049e-11, 2.32940125522e-11, 2.19221914927e-11, 2.51036916948e-11, 2.03310892427e-11, 1.80285543439e-11, 1.69326011545e-11, 1.54324539259e-11, 1.43500940297e-11, 1.42985996307e-11, 1.4235186814e-11, 1.50000966509e-11, 1.29095770532e-11, 1.27798310129e-11, 1.2796212874e-11, 1.36200729514e-11, 1.18211005221e-11, 1.10130715311e-11, 1.06074342018e-11, 9.87483966125e-12, 8.7832172091e-12, 6.20454685893e-12, 5.90406933412e-12, 5.8617264688e-12],
        "min": [1.33473912478e-10, 1.55030188687e-09, 1.00294472727e-09, 5.80629655467e-10, 3.38118394394e-10, 2.22905346958e-10, 1.6272469483e-10, 1.2440425079e-10, 9.57413245906e-11, 6.97328306209e-11, 5.40278308203e-11, 5.07738955047e-11, 4.39057748491e-11, 2.93699162213e-11, 2.6582205187e-11, 2.86479832912e-11, 1.90147342316e-11, 1.51891277334e-11, 1.9408658708e-11, 1.33682596243e-11, 1.03550883146e-11, 1.38455063387e-11, 8.30598784196e-12, 8.06484393157e-12, 9.46701571303e-12, 5.21173599069e-12, 7.08951864228e-12, 5.56289649761e-12, 4.42031350759e-12, 4.92516661135e-12, 3.53095612644e-12, 4.08273848757e-12, 2.92000191388e-12, 3.35702320976e-12, 2.68252954572e-12, 2.72335973217e-12, 2.24624724203e-12, 2.19455378349e-12, 1.94018629288e-12, 1.65260004032e-12, 1.6603855877e-12, 1.47910188871e-12, 1.4284704062e-12, 1.35969122246e-12, 1.1436258841e-12, 1.07264468575e-12, 1.04693261439e-12, 9.42199768726e-13, 9.50061427099e-13, 7.68455449014e-13, 8.06722852582e-13, 7.72742384404e-13, 6.08509119829e-13, 7.28993688331e-13, 6.31304795766e-13, 5.50260141272e-13, 5.63221886664e-13, 4.17265018111e-13, 4.47776310388e-13, 4.1725230584e-13, 4.25612588792e-13, 3.66005321753e-13, 3.61976751741e-13, 3.70649474654e-13, 2.99637945749e-13, 2.69583183901e-13, 2.809388193e-13, 2.61219052031e-13, 2.17200484486e-13, 1.95853912515e-13, 2.28161267006e-13, 2.2464953617e-13, 1.84837984762e-13, 1.50766023472e-13, 1.36769922102e-13, 1.49191734813e-13, 1.66784825967e-13, 1.94240985601e-13, 1.0321398006e-13, 1.26781194592e-13, 1.69668085462e-13, 1.05520999653e-13, 1.12215155245e-13, 1.16008629569e-13, 1.17937289709e-13, 8.50304933886e-14, 9.49204500807e-14, 8.15961136006e-14, 8.55092364103e-14, 6.93979175883e-14, 5.48393321313e-14, 5.16020975678e-14, 7.80069775051e-14, 4.90139206348e-14, 4.92677255872e-14, 5.71941785924e-14, 7.06963377813e-14, 5.48485309091e-14, 6.46097690865e-14, 6.48071819733e-14, 6.22294709794e-14, 5.00224895414e-14, 5.13162950989e-14, 4.45457134179e-14, 5.26760065959e-14, 3.83276343877e-14, 4.36696340168e-14, 2.96445742845e-14, 3.61796740299e-14, 3.3873267689e-14, 2.68566703707e-14, 2.74081853811e-14, 1.76527968133e-14, 1.60980644505e-14, 1.7147148637e-14, 1.53813339696e-14, 2.28324490255e-14, 2.28725086017e-14, 3.15907442892e-14, 2.19703592206e-14, 1.7444650325e-14, 1.38547900163e-14, 1.62552636011e-14, 1.82102766297e-14, 1.83340552484e-14, 1.70560519376e-14, 4.05554335299e-15, 1.26006355004e-16],
        "stdev": [8.94082313607e-06, 4.20191936428e-05, 0.000212357423152, 0.000367160420865, 0.000441772572231, 0.000396715913666, 0.000317342404742, 0.00120819383301, 0.0014011337189, 0.000623488507699, 0.000392059591832, 0.000525125826243, 0.000262095534708, 0.000300602201605, 0.000765575212426, 0.000685782462824, 0.000880584411789, 0.00102133816108, 0.000698616728187, 0.000489520956762, 0.00104190362617, 0.000568543968257, 0.000517856853548, 0.00042546534678, 0.000892300158739, 0.00108516903128, 0.000365169835277, 0.000444167933892, 0.00029468521825, 0.000296652346151, 0.000236121224589, 0.000185548575246, 0.000171324674739, 0.000328189809807, 9.22476901906e-05, 7.29965177015e-05, 0.00016722419241, 0.000146811362356, 0.000320552033372, 0.000758604495786, 0.00137257983442, 0.000364672276191, 0.0006635915488, 0.000459960574517, 0.000102200225228, 0.000189871512703, 0.000239538596361, 0.000141306227306, 8.1764155766e-05, 3.74293485947e-05, 6.43321109237e-05, 7.02528777765e-05, 5.22907066625e-05, 0.000109342887299, 0.000174433953362, 0.000125861974084, 0.000259552150965, 0.000402444216888, 0.000182394767762, 8.66785412654e-05, 4.73749241792e-05, 6.69039654895e-05, 0.000128031679196, 2.74794620054e-05, 1.75067434611e-05, 1.55093948706e-05, 3.07075497403e-05, 2.6133553547e-05, 1.11869430839e-05, 3.6335400182e-06, 3.83618817068e-06, 1.12021944005e-05, 1.52598131535e-05, 1.6571560991e-05, 9.3022481451e-06, 4.62204798168e-06, 2.50544667324e-06, 1.7882098291e-06, 1.92255970433e-06, 2.20651850213e-06, 2.0322850105e-06, 2.9045336305e-06, 2.03659192266e-06, 2.56659950537e-06, 3.1911156384e-06, 1.21871892134e-06, 9.08004551547e-07, 6.70086876653e-07, 9.7536803878e-07, 7.31499653739e-07, 3.80059276495e-07, 2.74574290415e-07, 3.88758621739e-07, 2.41081096419e-07, 1.11435319639e-07, 1.14496167214e-07, 5.04211392638e-08, 3.62155745393e-08, 2.39957689274e-08, 1.41483287308e-08, 5.43710765299e-09, 5.80597736555e-10, 4.76397477023e-10, 5.38295852337e-10, 4.8736426006e-10, 4.41548797525e-10, 3.74729830499e-10, 3.57026880282e-10, 3.80245168685e-10, 3.45067890928e-10, 3.21404680648e-10, 2.8604510427e-10, 2.61554639058e-10, 2.63729427186e-10, 2.65939409383e-10, 2.91433099875e-10, 2.37276615023e-10, 2.39716940742e-10, 2.43701892e-10, 2.71238254079e-10, 2.22365792446e-10, 2.02784136705e-10, 1.93649818403e-10, 1.76406847463e-10, 1.53458551422e-10, 1.21972973388e-10, 1.20521745361e-10, 1.19763921003e-10]
    },
    "mfcc": {
        "mean": [-660.19342041, 153.854797363, -50.2494392395, 28.8142910004, -25.2105770111, -0.272513478994, -18.1237506866, 3.40141177177, -14.8822040558, 2.05598592758, -7.5901389122, 0.35212123394, -8.68185806274],
        "cov": [[2103.16455078, -598.344970703, -379.919647217, 32.4221343994, -186.660202026, 275.536895752, -187.938964844, 61.6365623474, -134.869812012, 67.1324539185, 36.056388855, 74.6081314087, -117.982978821], [-598.344970703, 661.055969238, 210.765274048, 31.1215076447, 58.1110496521, -95.7766876221, 121.114112854, -9.71143531799, 74.5084152222, 2.12914729118, -12.3429098129, -51.6591072083, 46.383605957], [-379.919647217, 210.765274048, 508.264282227, 161.439697266, 55.4589195251, 24.7051715851, 45.2608947754, 16.3384532928, 76.5642166138, -53.858997345, -59.4160919189, -73.1585083008, -15.9022321701], [32.4221343994, 31.1215076447, 161.439697266, 276.04385376, 83.1917572021, -17.0878887177, -22.7404899597, 3.00621342659, 40.7843933105, -32.9362869263, -40.5602264404, 30.5685081482, 12.3334617615], [-186.660202026, 58.1110496521, 55.4589195251, 83.1917572021, 202.376327515, -40.0638847351, 26.2539672852, 4.11896038055, 30.9696025848, -26.7675037384, 2.60177612305, 18.2308349609, 38.3290061951], [275.536895752, -95.7766876221, 24.7051715851, -17.0878887177, -40.0638847351, 206.140167236, 19.4860401154, 12.3311052322, -39.9759674072, 10.0867767334, 4.43357992172, -41.7077217102, -52.9580001831], [-187.938964844, 121.114112854, 45.2608947754, -22.7404899597, 26.2539672852, 19.4860401154, 142.643997192, 26.5783843994, 20.2169208527, 9.56622982025, 15.6096935272, -20.6854896545, -1.74471879005], [61.6365623474, -9.71143531799, 16.3384532928, 3.00621342659, 4.11896038055, 12.3311052322, 26.5783843994, 121.422096252, 34.2539367676, -30.0024585724, 11.2037191391, -5.36822605133, -17.8507537842], [-134.869812012, 74.5084152222, 76.5642166138, 40.7843933105, 30.9696025848, -39.9759674072, 20.2169208527, 34.2539367676, 102.123535156, 2.6207921505, -11.2797269821, 0.422101944685, 6.32603263855], [67.1324539185, 2.12914729118, -53.858997345, -32.9362869263, -26.7675037384, 10.0867767334, 9.56622982025, -30.0024585724, 2.6207921505, 101.135002136, 25.7053184509, -1.18916869164, -4.75296354294], [36.056388855, -12.3429098129, -59.4160919189, -40.5602264404, 2.60177612305, 4.43357992172, 15.6096935272, 11.2037191391, -11.2797269821, 25.7053184509, 83.5429229736, 18.7326641083, -3.08726811409], [74.6081314087, -51.6591072083, -73.1585083008, 30.5685081482, 18.2308349609, -41.7077217102, -20.6854896545, -5.36822605133, 0.422101944685, -1.18916869164, 18.7326641083, 109.478988647, 33.9580841064], [-117.982978821, 46.383605957, -15.9022321701, 12.3334617615, 38.3290061951, -52.9580001831, -1.74471879005, -17.8507537842, 6.32603263855, -4.75296354294, -3.08726811409, 33.9580841064, 88.2472839355]],
        "icov": [[0.00117550953291, 0.000236003746977, 0.000771806633566, -0.000876526290085, 0.000494679261465, -0.00137809116859, 0.00114496855531, -0.00112760416232, 0.00061784661375, -0.000867755617946, 0.000153832297656, -0.00060226873029, 0.000607938272879], [0.000236003746977, 0.00259390193969, -0.00065247976454, -0.000196525332285, 0.000279122992652, 0.00103866949212, -0.00172094686422, 0.000432153756265, -0.000467104895506, -0.000299280043691, -0.000330878130626, 0.00109157036059, -0.000996742164716], [0.000771806633566, -0.00065247976454, 0.00437427684665, -0.00255950680003, 0.000476345798234, -0.00188114889897, 0.000309199211188, 0.000110027445771, -0.00177944928873, 0.00130563345738, 0.000435376510723, 0.00178938452154, 0.000737915979698], [-0.000876526290085, -0.000196525332285, -0.00255950680003, 0.00686084246263, -0.00250129774213, 0.000666020088829, 0.000668520282488, 0.000534577120561, -0.000909860944375, 0.000291061238386, 0.00212465599179, -0.00275973486714, 0.000335951452143], [0.000494679261465, 0.000279122992652, 0.000476345798234, -0.00250129774213, 0.00714593101293, -4.4704258471e-05, -0.00122723693494, 0.000394730042899, -0.00110391050112, 0.00165387592278, -0.00192490115296, 0.000421501346864, -0.00218623247929], [-0.00137809116859, 0.00103866949212, -0.00188114889897, 0.000666020088829, -4.4704258471e-05, 0.00913668330759, -0.00324684241787, 0.000366551394109, 0.00255148857832, -0.000302594678942, -0.00024138133449, 0.00242611882277, 0.0015506928321], [0.00114496855531, -0.00172094686422, 0.000309199211188, 0.000668520282488, -0.00122723693494, -0.00324684241787, 0.0113990129903, -0.00335568143055, 0.000171068226337, -0.00219720602036, -0.000792678270955, -0.00070345524, 0.000641116406769], [-0.00112760416232, 0.000432153756265, 0.000110027445771, 0.000534577120561, 0.000394730042899, 0.000366551394109, -0.00335568143055, 0.0134912477806, -0.00656040292233, 0.00647813780233, -0.00346557074226, 0.00134483596776, 0.00110206741374], [0.00061784661375, -0.000467104895506, -0.00177944928873, -0.000909860944375, -0.00110391050112, 0.00255148857832, 0.000171068226337, -0.00656040292233, 0.0165666900575, -0.00531630776823, 0.00296239089221, -0.00158854119945, 0.000806026509963], [-0.000867755617946, -0.000299280043691, 0.00130563345738, 0.000291061238386, 0.00165387592278, -0.000302594678942, -0.00219720602036, 0.00647813780233, -0.00531630776823, 0.0152617320418, -0.00491805514321, 0.00181458855513, -0.000108443229692], [0.000153832297656, -0.000330878130626, 0.000435376510723, 0.00212465599179, -0.00192490115296, -0.00024138133449, -0.000792678270955, -0.00346557074226, 0.00296239089221, -0.00491805514321, 0.0167973358184, -0.00416705850512, 0.00184950861149], [-0.00060226873029, 0.00109157036059, 0.00178938452154, -0.00275973486714, 0.000421501346864, 0.00242611882277, -0.00070345524, 0.00134483596776, -0.00158854119945, 0.00181458855513, -0.00416705850512, 0.015062564984, -0.00487014744431], [0.000607938272879, -0.000996742164716, 0.000737915979698, 0.000335951452143, -0.00218623247929, 0.0015506928321, 0.000641116406769, 0.00110206741374, 0.000806026509963, -0.000108443229692, 0.00184950861149, -0.00487014744431, 0.0167453922331]]
    },
    "spectral_contrast_coeffs": {
        "max": [-0.432931303978, -0.505750834942, -0.497042238712, -0.508638620377, -0.577022194862, -0.554111421108],
        "mean": [-0.669277310371, -0.709786534309, -0.690682053566, -0.735870242119, -0.751692533493, -0.675864934921],
        "min": [-0.943756461143, -0.99138790369, -0.918534636497, -0.952168762684, -0.937866151333, -0.91559612751],
        "stdev": [0.0741302445531, 0.0660666227341, 0.0693097859621, 0.0587683878839, 0.0480754859746, 0.0481862686574]
    },
    "spectral_contrast_valleys": {
        "max": [-5.71406936646, -5.06121778488, -5.75895690918, -6.03997516632, -5.99792289734, -10.1052532196],
        "mean": [-7.3895277977, -6.54063749313, -7.54676628113, -7.71880578995, -7.65940380096, -12.0031681061],
        "min": [-15.8018913269, -15.3050842285, -16.7370929718, -17.4231281281, -17.3700485229, -18.8317298889],
        "stdev": [0.721807181835, 0.582323312759, 0.708282053471, 0.807023465633, 0.736482381821, 0.522626101971]
    }
},
"rhythm": {
    "beats_count": 65,
    "beats_loudness": {
        "max": 0.0596349127591,
        "mean": 0.0247676614672,
        "min": 0.00581896677613,
        "stdev": 0.0119067253545
    },
    "bpm": 134.56590271,
    "bpm_histogram_first_peak_bpm": 136,
    "bpm_histogram_first_peak_weight": 0.517241358757,
    "bpm_histogram_second_peak_bpm": 129,
    "bpm_histogram_second_peak_spread": 0.199999988079,
    "bpm_histogram_second_peak_weight": 0.0625,
    "danceability": 1.13485944271,
    "onset_rate": 2.83287239075,
    "beats_loudness_band_ratio": {
        "max": [0.653044700623, 0.692150294781, 0.788240075111, 0.805467069149, 0.579367995262, 0.124069385231],
        "mean": [0.160353600979, 0.210455179214, 0.304182559252, 0.227382719517, 0.123927392066, 0.0362084694207],
        "min": [0.00444267410785, 0.0146298808977, 0.0465463735163, 0.0257610771805, 0.0090149147436, 0.00378248188645],
        "stdev": [0.15847812593, 0.148329332471, 0.16773326695, 0.199355691671, 0.133224308491, 0.0280776377767]
    },
    "beats_position": [0.476009070873, 0.96362811327, 1.43963718414, 1.89242625237, 2.34521532059, 2.79800438881, 3.25079369545, 3.69197273254, 4.15637159348, 4.62077093124, 5.07355976105, 5.52634906769, 5.9675283432, 6.40870714188, 6.84988641739, 7.2910656929, 7.73224496841, 8.17342376709, 8.60299301147, 9.03256225586, 9.47374153137, 9.93814086914, 10.379319191, 10.8321084976, 11.2848978043, 11.7376871109, 12.1904764175, 12.6432647705, 13.084444046, 13.5372333527, 14.0016326904, 14.4428119659, 14.8839902878, 15.3251695633, 15.7663488388, 16.2075271606, 16.6487064362, 17.1014957428, 17.5542850494, 18.0070743561, 18.4598636627, 18.9126529694, 19.3538322449, 19.8066215515, 20.2594108582, 20.7121982574, 21.1649875641, 21.6177768707, 22.0705661774, 22.5117454529, 22.9529247284, 23.3941040039, 23.8236732483, 24.2648525238, 24.7060317993, 25.158821106, 25.6000003815, 26.0411777496, 26.4823570251, 26.9351463318, 27.3879356384, 27.8407249451, 28.2819042206, 28.7230834961, 29.1642627716],
