{
"metadata": {
    "version": {
        "essentia": "2.1-beta5",
        "essentia_git_sha": "Undefined",
        "extractor": "music 2.0"
    },
    "audio_properties": {
        "analysis": {
            "equal_loudness": 0,
            "length": 31.3121089935,
            "sample_rate": 44100,
            "start_time": 175.240997314,
            "downmix": "mix"
        },
        "bit_rate": 192000,
        "length": 206.576339722,
        "lossless": 0,
        "number_channels": 2,
        "replay_gain": -9.73736953735,
        "sample_rate": 48000,
        "codec": "mp3",
        "md5_encoded": "54a5473bdddb2b5b644090c19cdd4a55"
    },
    "tags": {
        "file_name": "Switzerland_Pas Pour Moi_Daniela Simons.mp3",
        "encoding": ["Lavf58.29.100"]
    }
},
"lowlevel": {
    "average_loudness": 0.134306713939,
    "barkbands_crest": {
        "max": 24.2889060974,
        "mean": 9.16100311279,
        "min": 2.17700076103,
        "stdev": 4.96927070618
    },
    "barkbands_flatness_db": {
        "max": 0.314190477133,
        "mean": 0.114225924015,
        "min": 0.0417681373656,
        "stdev": 0.0481342338026
    },
    "barkbands_kurtosis": {
        "max": 41.7551498413,
        "mean": 2.57710576057,
        "min": -1.78546583652,
        "stdev": 3.23002338409
    },
    "barkbands_skewness": {
        "max": 5.4554309845,
        "mean": -0.952429115772,
        "min": -3.35730743408,
        "stdev": 1.17941939831
    },
    "barkbands_spread": {
        "max": 67.699180603,
        "mean": 21.681268692,
        "min": 1.84639418125,
        "stdev": 9.06365203857
    },
    "dissonance": {
        "max": 0.499997079372,
        "mean": 0.481663286686,
        "min": 0.285418152809,
        "stdev": 0.0261958744377
    },
    "dynamic_complexity": 6.4978928566,
    "erbbands_crest": {
        "max": 31.513010025,
        "mean": 9.40215587616,
        "min": 2.54125595093,
        "stdev": 7.95639133453
    },
    "erbbands_flatness_db": {
        "max": 0.354517042637,
        "mean": 0.165999084711,
        "min": 0.0796433463693,
        "stdev": 0.0707822963595
    },
    "erbbands_kurtosis": {
        "max": 18.625743866,
        "mean": 1.69851350784,
        "min": -1.57590842247,
        "stdev": 3.34481596947
    },
    "erbbands_skewness": {
        "max": 3.5997607708,
        "mean": -0.278863996267,
        "min": -2.58580589294,
        "stdev": 0.659927010536
    },
    "erbbands_spread": {
        "max": 71.0417633057,
        "mean": 26.9331474304,
        "min": 2.44182705879,
        "stdev": 12.7903556824
    },
    "hfc": {
        "max": 197.862380981,
        "mean": 18.581445694,
        "min": 1.0300836493e-16,
        "stdev": 28.4238891602
    },
    "loudness_ebu128": {
        "integrated": -13.0392227173,
        "loudness_range": 11.0410785675,
        "momentary": {
            "max": -9.64208602905,
            "mean": -146.962417603,
            "min": -300.691009521,
            "stdev": 140.868530273
        },
        "short_term": {
            "max": -11.2314720154,
            "mean": -133.721054077,
            "min": -300.691009521,
            "stdev": 138.448120117
        }
    },
    "melbands_crest": {
        "max": 28.35338974,
        "mean": 7.38386154175,
        "min": 1.51020669937,
        "stdev": 6.1945939064
    },
    "melbands_flatness_db": {
        "max": 0.352511763573,
        "mean": 0.077204734087,
        "min": 0.00292428745888,
        "stdev": 0.074133194983
    },
    "melbands_kurtosis": {
        "max": 63.4248886108,
        "mean": 0.613139033318,
        "min": -1.66709828377,
        "stdev": 4.34890222549
    },
    "melbands_skewness": {
        "max": 5.36401605606,
        "mean": 0.1812030375,
        "min": -2.50156950951,
        "stdev": 0.929820001125
    },
    "melbands_spread": {
        "max": 212.865707397,
        "mean": 80.8409118652,
        "min": 2.32302594185,
        "stdev": 50.3029594421
    },
    "pitch_salience": {
        "max": 0.992845654488,
        "mean": 0.684937655926,
        "min": 0.233997419477,
        "stdev": 0.1420699507
    },
    "silence_rate_20dB": {
        "max": 1,
        "mean": 1,
        "min": 1,
        "stdev": 0
    },
    "silence_rate_30dB": {
        "max": 1,
        "mean": 1,
        "min": 1,
        "stdev": 0
    },
    "silence_rate_60dB": {
        "max": 1,
        "mean": 0.601481497288,
        "min": 0,
        "stdev": 0.489591538906
    },
    "spectral_centroid": {
        "max": 11978.25,
        "mean": 6211.93066406,
        "min": 445.682983398,
        "stdev": 4474.49853516
    },
    "spectral_complexity": {
        "max": 41,
        "mean": 9.30296325684,
        "min": 0,
        "stdev": 11.1953783035
    },
    "spectral_decrease": {
        "max": 2.30413877056e-28,
        "mean": -2.63819766033e-09,
        "min": -1.85839237332e-08,
        "stdev": 3.93120425102e-09
    },
    "spectral_energy": {
        "max": 0.0785908550024,
        "mean": 0.0116425501183,
        "min": 9.84758438465e-21,
        "stdev": 0.0172274280339
    },
    "spectral_energyband_high": {
        "max": 0.0242278445512,
        "mean": 0.000533347949386,
        "min": 6.76123175144e-21,
        "stdev": 0.00147587130778
    },
    "spectral_energyband_low": {
        "max": 0.00824064295739,
        "mean": 0.000348968576873,
        "min": 9.64681119371e-24,
        "stdev": 0.000736729474738
    },
    "spectral_energyband_middle_high": {
        "max": 0.0775092840195,
        "mean": 0.0084065310657,
        "min": 1.15002490413e-21,
        "stdev": 0.0139823723584
    },
    "spectral_energyband_middle_low": {
        "max": 0.0620031803846,
        "mean": 0.00256712944247,
        "min": 1.31492649449e-22,
        "stdev": 0.00586650473997
    },
    "spectral_entropy": {
        "max": 9.82567024231,
        "mean": 8.59905338287,
        "min": 6.38520717621,
        "stdev": 1.14633059502
    },
    "spectral_flux": {
        "max": 0.269975662231,
        "mean": 0.0445424616337,
        "min": 6.19874568342e-11,
        "stdev": 0.0576833896339
    },
    "spectral_kurtosis": {
        "max": 11.6048583984,
        "mean": 2.05373191833,
        "min": -1.26952576637,
        "stdev": 3.30690383911
    },
    "spectral_rms": {
        "max": 0.00875636935234,
        "mean": 0.00214864290319,
        "min": 3.09958048811e-12,
        "stdev": 0.00259651336819
    },
    "spectral_rolloff": {
        "max": 19745.9472656,
        "mean": 9989.87304688,
        "min": 387.59765625,
        "stdev": 8198.64648438
    },
    "spectral_skewness": {
        "max": 2.74109387398,
        "mean": 0.805515885353,
        "min": -0.103081695735,
        "stdev": 0.782508850098
    },
    "spectral_spread": {
        "max": 42742464,
        "mean": 20675776,
        "min": 2171972.75,
        "stdev": 18390746
    },
    "spectral_strongpeak": {
        "max": 20.4854469299,
        "mean": 2.10139083862,
        "min": 0,
        "stdev": 3.4491622448
    },
    "zerocrossingrate": {
        "max": 0.81591796875,
        "mean": 0.281744420528,
        "min": 0.0244140625,
        "stdev": 0.206121996045
    },
    "barkbands": {
        "max": [2.85938949673e-05, 0.00442134123296, 0.00472741620615, 0.00660872180015, 0.0151055054739, 0.0446813553572, 0.0207807570696, 0.0213820375502, 0.0509673878551, 0.0176927484572, 0.0110159320757, 0.0159591529518, 0.0389322675765, 0.0706995055079, 0.0429049916565, 0.012644385919, 0.0215105954558, 0.00244545331225, 0.00585931818932, 0.00604894943535, 0.00477918190882, 0.00305889127776, 0.00592089444399, 0.0124340485781, 0.00282076746225, 0.000235929474002, 2.43475324169e-06],
        "mean": [8.18490946131e-07, 0.000131230903207, 0.000103443366243, 0.000216158878175, 0.000418095849454, 0.000370187393855, 0.000410037086112, 0.000442531716544, 0.000534229911864, 0.000449373590527, 0.000236855674302, 0.000658798555378, 0.000584537861869, 0.0025729034096, 0.00292931753211, 0.00012238988711, 0.000425689708209, 0.000130051645101, 0.000317500787787, 0.000242983194767, 0.00014355831081, 5.4070551414e-05, 6.05585446465e-05, 5.86982023378e-05, 2.31702924793e-05, 5.35763456355e-06, 5.81125636501e-09],
        "min": [1.63860905334e-25, 1.58132434098e-24, 4.47802858609e-25, 3.66964805733e-25, 4.07920131862e-24, 5.30249660182e-24, 5.72918515456e-24, 5.34853255209e-24, 1.28831398787e-23, 1.05250839605e-23, 5.97260238636e-24, 1.17471336323e-23, 1.95111902251e-23, 1.86405717756e-23, 3.63826593792e-23, 3.56418022378e-23, 3.73444922374e-23, 6.09560836291e-23, 1.08625174772e-22, 1.29986291152e-22, 1.83853134261e-22, 2.41377754994e-22, 3.54027647618e-22, 5.45229810072e-22, 7.85474584101e-22, 1.19711644181e-21, 1.81004606757e-21],
        "stdev": [2.26130396186e-06, 0.000341309496434, 0.000298972474411, 0.000631484435871, 0.00103791465517, 0.00153798330575, 0.00141902617179, 0.00143779092468, 0.00326939346269, 0.00129601545632, 0.00097967532929, 0.00144947855733, 0.00257465359755, 0.00900636147708, 0.00729010812938, 0.000491489074193, 0.00122507486958, 0.000233530372498, 0.000715691712685, 0.00052651623264, 0.000366118561942, 0.000201500530238, 0.000295639387332, 0.000551548262592, 0.000138412186061, 2.07744997169e-05, 7.0596797741e-08]
    },
    "erbbands": {
        "max": [0.0629049688578, 1.2285143137, 3.85743904114, 13.9503955841, 41.3764343262, 55.1699371338, 52.4740982056, 511.209716797, 437.13671875, 649.275268555, 638.714599609, 1036.91918945, 1331.7253418, 605.05456543, 391.61050415, 813.174133301, 1082.94226074, 2952.06225586, 2600.77832031, 822.016540527, 1009.98388672, 493.629821777, 182.493881226, 364.594726562, 361.963623047, 250.238449097, 294.310455322, 112.018760681, 119.357017517, 222.561462402, 235.425186157, 300.469482422, 181.035583496, 42.4601554871, 13.9304256439, 1.85069799423, 0.239105239511, 0.00782307051122, 0.000875480065588, 0.000169639737578],
        "mean": [0.0020200656727, 0.036097958684, 0.122567161918, 0.470535993576, 1.12404751778, 1.45535469055, 1.52796113491, 3.17175412178, 6.12397909164, 5.39774990082, 11.8873615265, 11.0550069809, 15.9580945969, 15.6405038834, 8.1824836731, 31.2047023773, 30.1866931915, 113.729766846, 201.629974365, 37.0546684265, 17.3259334564, 16.2309989929, 7.82708978653, 13.3793258667, 13.7886514664, 11.0483293533, 10.8236598969, 2.77181792259, 1.76269114017, 1.98416829109, 1.90429127216, 1.43137705326, 0.793500244617, 0.272380501032, 0.161713659763, 0.0460416413844, 0.00568831339478, 0.000167068501469, 1.6175546989e-05, 1.63370095834e-05],
        "min": [7.12085806481e-23, 3.24858903491e-22, 8.16100209169e-22, 3.56869626945e-21, 4.52296421661e-21, 2.04188710259e-20, 2.81608663535e-20, 4.29512757586e-20, 7.62762177516e-20, 1.22288882495e-19, 2.68212279645e-19, 2.88253728513e-19, 4.08271483239e-19, 6.60252669808e-19, 5.50832959885e-19, 1.0183683151e-18, 9.2243935228e-19, 1.35247442272e-18, 2.02702945891e-18, 2.08944106331e-18, 3.2293989314e-18, 3.43422539468e-18, 4.7735972765e-18, 5.32669366103e-18, 5.50462145156e-18, 6.7977471129e-18, 7.20163707214e-18, 6.786982598e-18, 8.96812180209e-18, 9.98817611808e-18, 1.04021427915e-17, 9.67738202806e-18, 8.90723055566e-18, 7.10146219123e-18, 5.50292986721e-18, 3.53704621956e-18, 1.96325900356e-18, 9.27421357712e-19, 2.18147276467e-19, 2.58046859995e-20],
        "stdev": [0.00567639665678, 0.0926898345351, 0.327920377254, 1.26609110832, 2.93636822701, 3.90349578857, 3.59499120712, 16.5969409943, 21.357131958, 24.7504444122, 36.6633911133, 62.8244628906, 66.4567108154, 56.111618042, 21.74061203, 68.8059387207, 104.550559998, 364.003570557, 441.700317383, 82.1801757812, 57.6929168701, 34.5698432922, 14.6832427979, 32.3208351135, 31.6621265411, 21.4284000397, 26.2603988647, 6.87916994095, 6.20375537872, 9.74268531799, 9.52732086182, 12.2286300659, 8.14389896393, 2.06961965561, 0.8328089118, 0.172984912992, 0.0225610192865, 0.000652581162285, 4.26810183853e-05, 2.42394653469e-05]
    },
    "gfcc": {
        "mean": [-611.385925293, 32.6320838928, -95.227104187, 13.5167608261, -36.2701644897, 7.49455308914, -26.2172164917, 1.78615415096, -14.4683647156, 3.21822166443, -8.53685951233, -6.63325500488, -5.36237573624],
        "cov": [[377692.84375, 19813.5507812, -53398.3984375, 8208.71875, -20098.0585938, 4396.59521484, -14697.7167969, 676.743713379, -8244.46777344, 1911.8704834, -4761.31787109, -4039.26538086, -3019.94848633], [19813.5507812, 1655.26647949, -2476.16430664, 515.318359375, -941.856567383, 117.811653137, -728.381652832, -73.9650497437, -414.723968506, 79.7406234741, -224.05065918, -297.407501221, -160.456451416], [-53398.3984375, -2476.16430664, 8130.50244141, -1004.62554932, 2973.27954102, -650.953491211, 2120.02197266, -177.988723755, 1165.06054688, -269.409942627, 694.151794434, 545.227478027, 415.765136719], [8208.71875, 515.318359375, -1004.62554932, 390.013671875, -356.182220459, 111.513816833, -296.869415283, -15.0115156174, -162.644851685, 35.3464050293, -77.9945068359, -110.743804932, -60.7855606079], [-20098.0585938, -941.856567383, 2973.27954102, -356.182220459, 1288.81311035, -170.06930542, 843.67199707, -81.3452758789, 462.921295166, -50.4344177246, 256.828186035, 170.674087524, 169.22895813], [4396.59521484, 117.811653137, -650.953491211, 111.513816833, -170.06930542, 154.09602356, -136.170349121, 21.555273056, -91.6930389404, 54.4364051819, -47.4797554016, -33.4716949463, -24.8402633667], [-14697.7167969, -728.381652832, 2120.02197266, -296.869415283, 843.67199707, -136.170349121, 671.856872559, -16.9055862427, 334.098419189, -63.2714004517, 209.489761353, 147.527297974, 129.391815186], [676.743713379, -73.9650497437, -177.988723755, -15.0115156174, -81.3452758789, 21.555273056, -16.9055862427, 99.5989151001, -5.01496553421, 1.91931700706, -18.7449188232, 40.5421218872, -9.66586112976], [-8244.46777344, -414.723968506, 1165.06054688, -162.644851685, 462.921295166, -91.6930389404, 334.098419189, -5.01496553421, 248.490509033, -22.9025688171, 98.8309249878, 68.9038009644, 71.936378479], [1911.8704834, 79.7406234741, -269.409942627, 35.3464050293, -50.4344177246, 54.4364051819, -63.2714004517, 1.91931700706, -22.9025688171, 66.1653671265, -21.5065917969, -22.4274272919, -10.4255332947], [-4761.31787109, -224.05065918, 694.151794434, -77.9945068359, 256.828186035, -47.4797554016, 209.489761353, -18.7449188232, 98.8309249878, -21.5065917969, 121.007888794, 66.3722229004, 55.1519584656], [-4039.26538086, -297.407501221, 545.227478027, -110.743804932, 170.674087524, -33.4716949463, 147.527297974, 40.5421218872, 68.9038009644, -22.4274272919, 66.3722229004, 124.321403503, 42.2600364685], [-3019.94848633, -160.456451416, 415.765136719, -60.7855606079, 169.22895813, -24.8402633667, 129.391815186, -9.66586112976, 71.936378479, -10.4255332947, 55.1519584656, 42.2600364685, 56.5726127625]],
        "icov": [[0.00023973073985, -0.000770594109781, 0.000501817907207, -0.000636176089756, 0.000946982472669, -0.00122109637596, 0.000404944759794, -0.000223123715841, 0.000738553411793, -0.000967462605331, 0.000554974540137, 0.000237042593653, 7.13424306014e-05], [-0.000770594109781, 0.00459261750802, -0.00133200269192, 0.000608108355664, -0.00283983908594, 0.00620886124671, -0.00157960713841, 0.00152953492943, -0.000896887620911, 0.00158903445117, -0.0018849587068, 0.00111440382898, -0.000133277251734], [0.000501817907207, -0.00133200269192, 0.00350089324638, -0.0019453195855, -0.000681460311171, 0.000698356248904, -0.0014673875412, 0.00262722279876, -7.16605645721e-05, -0.000579015875701, 0.00130594184157, -0.00367297208868, 0.00279613700695], [-0.000636176089756, 0.000608108355664, -0.0019453195855, 0.00785371474922, -0.00294322753325, -0.0013247418683, 0.00230215582997, -0.00134163233452, -0.00224148342386, 0.00512343319133, -0.00460336683318, 0.00243012863211, -0.000305541267153], [0.000946982472669, -0.00283983908594, -0.000681460311171, -0.00294322753325, 0.0138378813863, -0.00837647821754, -0.00365294888616, 0.00237521855161, 0.00101312459446, -0.00871305633336, 0.00513015501201, 0.00231931824237, -0.00159628025722], [-0.00122109637596, 0.00620886124671, 0.000698356248904, -0.0013247418683, -0.00837647821754, 0.0260034576058, -0.00656887376681, 0.00197585602291, 0.00100015173666, -0.00415937416255, -0.00085812760517, -0.00411599781364, -0.000420392578235], [0.000404944759794, -0.00157960713841, -0.0014673875412, 0.00230215582997, -0.00365294888616, -0.00656887376681, 0.0193828977644, -0.0100731495768, 0.000293668126687, 0.003689608071, -0.00902414508164, 0.00832274090499, -0.00472915545106], [-0.000223123715841, 0.00152953492943, 0.00262722279876, -0.00134163233452, 0.00237521855161, 0.00197585602291, -0.0100731495768, 0.026683403179, -0.00859177019447, 0.000747445272282, 0.00827050022781, -0.0187068134546, 0.0100125810131], [0.000738553411793, -0.000896887620911, -7.16605645721e-05, -0.00224148342386, 0.00101312459446, 0.00100015173666, 0.000293668126687, -0.00859177019447, 0.0220506191254, -0.00873641110957, 0.00167273788247, 0.00958763621747, -0.00817316025496], [-0.000967462605331, 0.00158903445117, -0.000579015875701, 0.00512343319133, -0.00871305633336, -0.00415937416255, 0.003689608071, 0.000747445272282, -0.00873641110957, 0.0313784442842, -0.0049930983223, -0.00166918651666, 0.00155502720736], [0.000554974540137, -0.0018849587068, 0.00130594184157, -0.00460336683318, 0.00513015501201, -0.00085812760517, -0.00902414508164, 0.00827050022781, 0.00167273788247, -0.0049930983223, 0.0283481962979, -0.0101350694895, -0.00704711908475], [0.000237042593653, 0.00111440382898, -0.00367297208868, 0.00243012863211, 0.00231931824237, -0.00411599781364, 0.00832274090499, -0.0187068134546, 0.00958763621747, -0.00166918651666, -0.0101350694895, 0.0326950289309, -0.0125996703282], [7.13424306014e-05, -0.000133277251734, 0.00279613700695, -0.000305541267153, -0.00159628025722, -0.000420392578235, -0.00472915545106, 0.0100125810131, -0.00817316025496, 0.00155502720736, -0.00704711908475, -0.0125996703282, 0.0443081781268]]
    },
    "melbands": {
        "max": [0.000892183277756, 0.00150062725879, 0.00265341997147, 0.00395323941484, 0.00150868925266, 0.0103449542075, 0.0056780311279, 0.00699413474649, 0.00548885110766, 0.00725274905562, 0.00653477897868, 0.00256632827222, 0.000862187647726, 0.00156215345487, 0.00161778740585, 0.00404917122796, 0.00664666714147, 0.00461295805871, 0.0024174975697, 0.00026314004208, 0.00167806935497, 0.000813661434222, 0.000194805936189, 8.90188312042e-05, 0.000354274787242, 0.000266636285232, 0.000220118963625, 0.000211768696317, 0.000234930485021, 0.000177909430931, 5.64630427107e-05, 6.81977908243e-05, 6.93829715601e-05, 0.000139900454087, 0.000123992373119, 0.000143398719956, 0.000194861699129, 0.000173157488462, 6.54249306535e-05, 3.02780572383e-05],
        "mean": [2.82729633909e-05, 6.20218052063e-05, 9.71996996668e-05, 9.90961343632e-05, 5.17590051459e-05, 7.66007287893e-05, 9.26674765651e-05, 5.85274792684e-05, 9.62963677011e-05, 7.42697739042e-05, 7.86991877249e-05, 6.20556020294e-05, 2.5240737159e-05, 6.62047677906e-05, 6.19541242486e-05, 7.30568863219e-05, 0.000235987216001, 0.000328395108227, 0.000150482970639, 6.32138835499e-06, 2.62061093963e-05, 2.22363141802e-05, 6.94410391588e-06, 6.18916828898e-06, 1.14572330858e-05, 1.10939072329e-05, 6.17604018771e-06, 8.40220218379e-06, 8.12884081824e-06, 3.74132764591e-06, 1.01127932339e-06, 1.0138212474e-06, 9.76735123004e-07, 1.0533835848e-06, 1.15836667192e-06, 8.45577858399e-07, 8.64949186052e-07, 6.24953997885e-07, 3.37675146511e-07, 1.92645728703e-07],
        "min": [5.89134833262e-25, 6.41346036008e-25, 6.40646316385e-25, 1.05394686419e-24, 1.21911067192e-24, 8.61592598783e-25, 1.12955060309e-24, 1.32604648686e-24, 1.94545208242e-24, 1.79917222426e-24, 1.62617591522e-24, 2.08757819349e-24, 1.55544506873e-24, 1.39366448821e-24, 1.65499645535e-24, 2.15089749455e-24, 2.03331836828e-24, 2.49404409972e-24, 2.2974802753e-24, 2.96794992194e-24, 3.03322934514e-24, 2.40812235599e-24, 2.65897558791e-24, 3.05721170274e-24, 3.46154531794e-24, 3.565705723e-24, 3.86766156157e-24, 4.40172433871e-24, 3.98959697498e-24, 2.92479134182e-24, 3.78564842642e-24, 4.70157904625e-24, 4.25440653681e-24, 4.27153822909e-24, 4.81267472196e-24, 4.92487085864e-24, 5.14487785422e-24, 4.72744066774e-24, 5.31853887718e-24, 5.46330708064e-24],
        "stdev": [7.54791180952e-05, 0.000146330770804, 0.000245733448537, 0.000262224173639, 0.000116990398965, 0.000355955417035, 0.000311244948534, 0.000266558607109, 0.000305443070829, 0.000472956104204, 0.000332717580022, 0.000226209682296, 8.707910456e-05, 0.000150637730258, 0.000147823258885, 0.000287044240395, 0.000827684882097, 0.000742057571188, 0.000377088988898, 1.5196998902e-05, 9.76810988504e-05, 5.35535327799e-05, 1.53342843987e-05, 1.039153085e-05, 3.07495647576e-05, 2.37502390519e-05, 1.66781301232e-05, 1.74411816261e-05, 2.02742994588e-05, 1.13346086437e-05, 3.3005496789e-06, 3.58067336492e-06, 4.22015364165e-06, 5.56400345886e-06, 5.11289317728e-06, 5.80022197028e-06, 8.12158032204e-06, 6.98638405083e-06, 2.9447369343e-06, 1.38214613798e-06]
    },
    "melbands128": {
        "max": [2.31765716308e-05, 0.000259811757132, 0.00151011033449, 0.00241398648359, 0.00223733950406, 0.00287091429345, 0.00349169410765, 0.00382280466147, 0.00471154926345, 0.00535919470713, 0.00307865045033, 0.00262904120609, 0.00161056825891, 0.0044122133404, 0.0142003297806, 0.0132756046951, 0.0130707565695, 0.00468915048987, 0.00573736475781, 0.0100770182908, 0.00671060429886, 0.00437738094479, 0.00943039078265, 0.00509025948122, 0.00626750756055, 0.013956299983, 0.0195804275572, 0.00551321962848, 0.00245612370782, 0.00495078088716, 0.00500770891085, 0.0028932094574, 0.0010173690971, 0.00160755682737, 0.0029143311549, 0.00218422547914, 0.00429035536945, 0.00104036508128, 0.00435568857938, 0.00556491222233, 0.00617887359113, 0.00928663369268, 0.010578174144, 0.0158003754914, 0.0141979539767, 0.00709810853004, 0.00959599763155, 0.00441377609968, 0.00204885657877, 0.000122188896057, 0.000243046626565, 0.000699202588294, 0.000276143808151, 0.00465055229142, 0.00231999531388, 0.00029327039374, 0.000191719314898, 0.000334343960276, 0.000219707333599, 0.000326254667016, 0.0001005510494, 0.000130135405925, 0.000316415884299, 0.000885634275619, 0.000517691951245, 0.000368016859284, 0.000562768487725, 0.000389676017221, 0.000287176517304, 6.19175334577e-05, 0.000154512308654, 0.00050610647304, 0.000589878880419, 0.000236251857132, 0.000375002331566, 0.000326677691191, 0.000111862958875, 3.31643605023e-05, 7.8118086094e-05, 6.5767315391e-05, 9.89570035017e-05, 7.17383663869e-05, 7.44992139516e-05, 7.3356415669e-05, 0.0001631458872, 0.000172158281202, 0.000123256730149, 8.19569468149e-05, 7.7075776062e-05, 0.000296026555588, 9.04459448066e-05, 5.75476660742e-05, 0.000319516984746, 0.000180848335731, 0.000228469099966, 0.000223353374167, 0.000204077456146, 0.00010310811922, 0.000105939434434, 5.43194364582e-05, 2.62307985395e-05, 2.74973190244e-05, 4.3427280616e-05, 2.46763029281e-05, 1.47771497723e-05, 1.09978909677e-05, 8.96126766747e-06, 5.00281112181e-06, 3.18145680467e-06, 3.58094985131e-06, 2.34717140302e-06, 1.61473894877e-06, 5.51101038582e-07, 7.82489308904e-08, 3.46248718586e-08, 4.88235976093e-08, 1.8277141578e-08, 2.08816430813e-09, 1.17546139489e-09, 8.13465064198e-08, 2.66932342896e-08, 1.08193198844e-09, 1.06277253664e-09, 1.03764941084e-09, 1.02333619356e-09, 1.01086750082e-09, 1.00082908627e-09, 9.94524462783e-10],
        "mean": [5.95468236497e-07, 8.0306244854e-06, 4.01589350076e-05, 6.62503443891e-05, 6.32302617305e-05, 4.86870267196e-05, 9.54363858909e-05, 0.000104831058707, 0.000112108100438, 0.000121149983897, 7.777546125e-05, 4.26955884905e-05, 5.47254021512e-05, 4.85621130792e-05, 4.70110062452e-05, 0.00011449433805, 0.000121353841678, 7.93334911577e-05, 7.29480962036e-05, 5.72415265196e-05, 4.12052540923e-05, 8.5349449364e-05, 0.000142674034578, 5.38276071893e-05, 4.4027747208e-05, 9.73182686721e-05, 0.000105802515463, 8.46097973408e-05, 4.50084735348e-05, 5.23814014741e-05, 8.61188746057e-05, 4.60147348349e-05, 1.26414688566e-05, 1.50574896907e-05, 2.79725063592e-05, 8.65147085278e-05, 0.000131617460283, 3.53323157469e-05, 3.93763875763e-05, 7.08451843821e-05, 6.84961269144e-05, 9.30126261665e-05, 0.000191293263924, 0.000393286813051, 0.000228481629165, 0.000282022811007, 0.000542348832823, 0.000121570948977, 1.68632795976e-05, 6.3883258008e-06, 5.32552849108e-06, 6.11279483564e-06, 6.59480747345e-06, 4.44703837275e-05, 5.41941008123e-05, 1.07189662231e-05, 6.31084230918e-06, 6.97632276569e-06, 6.81901428834e-06, 7.67159963289e-06, 5.0639159781e-06, 5.89738283452e-06, 9.48908200371e-06, 1.6471820345e-05, 9.09967820917e-06, 8.90235060069e-06, 1.58885832207e-05, 7.22607819625e-06, 4.26289307143e-06, 2.84342854684e-06, 6.28848101769e-06, 1.41971659104e-05, 1.02545818663e-05, 6.24475842415e-06, 5.90987701798e-06, 6.1401228777e-06, 1.27027067265e-06, 7.12714609108e-07, 1.09047709884e-06, 1.16918818094e-06, 1.13151440928e-06, 8.86476016149e-07, 8.42440783799e-07, 7.94226536982e-07, 1.29881152588e-06, 1.39892415518e-06, 8.262177289e-07, 6.47508954899e-07, 1.44308035033e-06, 1.33694754822e-06, 7.71175109548e-07, 5.63409230381e-07, 1.19301239465e-06, 8.64572598402e-07, 7.45019860915e-07, 6.67723895731e-07, 7.05816262325e-07, 3.72229010281e-07, 4.1063020717e-07, 2.77677827398e-07, 1.23657827089e-07, 1.82838320484e-07, 2.61490498588e-07, 2.26405575177e-07, 1.89749457036e-07, 1.61668225473e-07, 1.26775319131e-07, 8.75234107411e-08, 6.65340280648e-08, 6.8457708835e-08, 4.63289957509e-08, 2.46356410827e-08, 7.32725391472e-09, 1.20625764932e-09, 4.40385894418e-10, 4.36843478058e-10, 1.22688817439e-10, 4.74821180638e-12, 3.32683186555e-12, 8.06744393511e-11, 3.40387093511e-11, 3.50676952754e-12, 2.63833204416e-12, 2.31101466089e-12, 2.26266271344e-12, 2.21073094726e-12, 2.17751055902e-12, 2.16283111212e-12],
        "min": [9.47754824902e-27, 9.91507685378e-26, 8.80514524605e-26, 2.70392823494e-25, 6.74193871301e-26, 1.66534182378e-25, 2.71551955987e-25, 1.44999857387e-25, 2.12752753954e-25, 3.17782434432e-25, 2.88940151319e-25, 1.12395262424e-25, 1.95723342422e-25, 2.25796174591e-25, 3.65915497469e-25, 2.10677063697e-25, 9.59494723768e-26, 1.24039773832e-25, 3.94635235971e-25, 3.78043913413e-25, 3.41871362205e-25, 8.04089322654e-25, 4.68619714607e-25, 2.47224964784e-25, 3.06068343028e-25, 4.63914997472e-25, 2.39761329893e-25, 6.69467004431e-25, 1.93312830015e-25, 1.04098085053e-25, 8.97994585255e-25, 3.21912910132e-25, 2.91970437227e-25, 5.0308859743e-25, 3.90510109734e-25, 3.76350598828e-25, 3.72307588081e-25, 6.56348444792e-25, 7.50699857539e-25, 3.39280028087e-25, 6.07304173454e-25, 6.84751332381e-25, 6.44656096367e-25, 4.35006055612e-25, 6.61899215248e-25, 7.93923666599e-25, 8.50427258746e-25, 7.68044246439e-25, 5.64347443113e-25, 8.42218372166e-25, 1.19279259579e-24, 7.39986830623e-25, 5.36122147836e-25, 1.50626925484e-24, 8.4525676855e-25, 1.3138900417e-24, 1.2832941701e-24, 1.38397076819e-24, 1.96973361552e-24, 1.26686880416e-24, 1.15780059958e-24, 1.1324934487e-24, 9.79518823859e-25, 1.59809157952e-24, 1.57004905346e-24, 1.81381328545e-24, 1.81882925751e-24, 1.86600688674e-24, 2.00160024343e-24, 1.87708604372e-24, 1.84733947949e-24, 1.83396887879e-24, 2.39869645425e-24, 2.34140858646e-24, 1.87945065428e-24, 1.85191861983e-24, 1.83976306214e-24, 1.16976969027e-24, 1.48174583727e-24, 1.87978513131e-24, 1.85327703831e-24, 2.51829210622e-24, 2.02803181692e-24, 2.90305526565e-24, 2.16554230283e-24, 3.3227042209e-24, 2.85402006621e-24, 2.7044664353e-24, 2.69142577567e-24, 3.2980690809e-24, 2.67203340525e-24, 2.96726558511e-24, 2.39258771262e-24, 3.07344922118e-24, 2.94622410097e-24, 2.87228633769e-24, 3.39606197419e-24, 3.47477096544e-24, 3.6669639088e-24, 4.02184481992e-24, 3.40138520758e-24, 2.42341718566e-24, 3.3976720393e-24, 3.71823828991e-24, 4.06248575047e-24, 3.67182131982e-24, 3.84895648621e-24, 2.760131419e-24, 2.95592945669e-24, 4.33098836463e-24, 2.93451030539e-24, 4.01408597849e-24, 3.7760894044e-24, 4.60648462514e-24, 4.4464030538e-24, 4.40725662023e-24, 4.89014875147e-24, 4.93278944441e-24, 3.7017459694e-24, 4.67944282039e-24, 4.55513333008e-24, 3.2504007802e-24, 4.71551151313e-24, 5.00739162578e-24, 4.57368418313e-24, 5.08634831935e-24, 4.35625202955e-24, 5.47639467748e-24],
        "stdev": [1.88058697859e-06, 2.56958628597e-05, 0.00012166898523, 0.000175419263542, 0.000186388468137, 0.00014452249161, 0.000271850760328, 0.00032657320844, 0.000310961331706, 0.000386546947993, 0.000224130839342, 0.000119265205285, 0.000133749752422, 0.000172386149643, 0.000413533969549, 0.000542973633856, 0.000490301579703, 0.000378522614483, 0.000323097512592, 0.000365101732314, 0.000273936166195, 0.00029319289024, 0.000471159291919, 0.00027572651743, 0.000369442132069, 0.000853237812407, 0.000883805274498, 0.000265549082542, 0.000169240156538, 0.000275529018836, 0.000375347357476, 0.000226584888878, 5.63391004107e-05, 7.35655412427e-05, 0.000128686238895, 0.000225017560297, 0.00034403175232, 0.000100075929367, 0.000268745905487, 0.00041415731539, 0.000385541381547, 0.000556113547646, 0.000915527576581, 0.00168953137472, 0.0012056552805, 0.000937897711992, 0.00151349534281, 0.000440218514996, 8.27030598884e-05, 1.24980060718e-05, 1.56156638695e-05, 2.59019689111e-05, 2.07383200177e-05, 0.000240571011091, 0.000149454674101, 2.45441242441e-05, 1.52232760229e-05, 2.21660811803e-05, 1.84209275176e-05, 2.13883195102e-05, 1.00937340903e-05, 1.25894184748e-05, 2.68134717771e-05, 6.14915479673e-05, 3.44127547578e-05, 2.34593771893e-05, 4.59385155409e-05, 3.0873081414e-05, 1.59363899002e-05, 7.13591907697e-06, 1.40160400406e-05, 3.79465964215e-05, 3.8025133108e-05, 2.04121934075e-05, 2.3481921744e-05, 2.09064019145e-05, 4.19248044636e-06, 2.03787158171e-06, 4.08139703723e-06, 3.91805951949e-06, 4.80157495986e-06, 3.42266184816e-06, 3.27280235979e-06, 3.69157214664e-06, 7.38482049201e-06, 7.45455326978e-06, 4.61689342046e-06, 3.56519558409e-06, 4.52982430943e-06, 9.55229370447e-06, 4.90507727591e-06, 3.44590080203e-06, 1.14378863145e-05, 7.80675509304e-06, 8.06290518085e-06, 7.74716318119e-06, 8.91148374649e-06, 3.69714803128e-06, 3.78936874768e-06, 2.15978161577e-06, 9.99526491796e-07, 1.23548545616e-06, 1.94396830011e-06, 1.40716781516e-06, 9.54432266553e-07, 7.33709782708e-07, 5.47124670902e-07, 3.71119966758e-07, 2.70605937658e-07, 2.59398888147e-07, 1.64896448496e-07, 1.22079143239e-07, 3.89378413956e-08, 6.0325531237e-09, 2.3156461193e-09, 2.62349519886e-09, 7.92994170329e-10, 6.60009547016e-11, 4.03739992827e-11, 2.23642615538e-09, 7.78831610315e-10, 4.14272331717e-11, 3.04631112003e-11, 2.8484520298e-11, 2.80903668382e-11, 2.77469124066e-11, 2.7472000369e-11, 2.72988402716e-11]
    },
    "mfcc": {
        "mean": [-945.869506836, 46.4868774414, -23.7133026123, 3.85438990593, -3.26361393929, 0.75526458025, -3.59676170349, -4.78701162338, -4.33301448822, 3.90630102158, -2.12544083595, -1.72202146053, -2.71565556526],
        "cov": [[95288.65625, 13762.3320312, -6243.21289062, 1613.83520508, -790.480651855, 566.671813965, -783.9921875, -1461.35705566, -1273.64648438, 1299.96948242, -664.280273438, -464.861968994, -710.941467285], [13762.3320312, 2460.19702148, -823.688537598, 321.013793945, -103.308433533, 61.0028495789, -139.465286255, -263.841705322, -206.16734314, 174.948287964, -97.5218200684, -96.1946182251, -97.0897521973], [-6243.21289062, -823.688537598, 762.237670898, 45.4950485229, 104.260238647, -1.83443498611, 58.669128418, 76.9224395752, 51.4386482239, -102.237617493, 29.9394073486, 26.1357803345, 58.0849189758], [1613.83520508, 321.013793945, 45.4950485229, 221.145843506, 54.4338531494, 59.580280304, 6.91690015793, -39.650806427, -29.1675224304, 50.9938201904, -30.9378185272, -6.07140302658, 13.8709173203], [-790.480651855, -103.308433533, 104.260238647, 54.4338531494, 104.294281006, 56.651222229, 21.4448223114, -2.98493504524, 19.1456813812, 12.7276363373, -4.7108130455, 11.9114351273, 24.109834671], [566.671813965, 61.0028495789, -1.83443498611, 59.580280304, 56.651222229, 118.755203247, 46.8593940735, -24.1131534576, 2.44991397858, 49.1643676758, -8.45474910736, 7.21899557114, 6.90802288055], [-783.9921875, -139.465286255, 58.669128418, 6.91690015793, 21.4448223114, 46.8593940735, 101.722457886, 29.2304954529, 5.03789424896, 2.3739221096, 20.4787883759, 4.7808508873, 0.110361501575], [-1461.35705566, -263.841705322, 76.9224395752, -39.650806427, -2.98493504524, -24.1131534576, 29.2304954529, 89.1969146729, 38.1673965454, -30.1618556976, 31.3594741821, 15.5839176178, 5.26342725754], [-1273.64648438, -206.16734314, 51.4386482239, -29.1675224304, 19.1456813812, 2.44991397858, 5.03789424896, 38.1673965454, 81.2141342163, 11.5264492035, 15.4612064362, 24.2578315735, 22.4486465454], [1299.96948242, 174.948287964, -102.237617493, 50.9938201904, 12.7276363373, 49.1643676758, 2.3739221096, -30.1618556976, 11.5264492035, 93.2994766235, -13.9418563843, 6.76294136047, 11.7615690231], [-664.280273438, -97.5218200684, 29.9394073486, -30.9378185272, -4.7108130455, -8.45474910736, 20.4787883759, 31.3594741821, 15.4612064362, -13.9418563843, 53.4404029846, 7.89371919632, -7.13348293304], [-464.861968994, -96.1946182251, 26.1357803345, -6.07140302658, 11.9114351273, 7.21899557114, 4.7808508873, 15.5839176178, 24.2578315735, 6.76294136047, 7.89371919632, 40.1449813843, 22.2091770172], [-710.941467285, -97.0897521973, 58.0849189758, 13.8709173203, 24.109834671, 6.90802288055, 0.110361501575, 5.26342725754, 22.4486465454, 11.7615690231, -7.13348293304, 22.2091770172, 55.6728019714]],
        "icov": [[0.000106281484477, -0.000377987627871, 0.000358642020728, -0.00019272181089, 0.000212605678826, -0.000357556797098, 0.000257769803284, -0.00028502594796, 0.000480723887449, -0.000257577979937, 0.000249733100645, -0.00036856677616, 0.000390200642869], [-0.000377987627871, 0.00293017202057, 0.000107215957541, -0.0018667379627, 0.000329254602548, 0.00097834772896, 0.000135960042826, 0.00287639140151, -0.000858875690028, 0.00104761042167, -0.00194879935589, 0.00208521471359, -0.000856372585986], [0.000358642020728, 0.000107215957541, 0.00486040627584, -0.00405275402591, 7.42412667023e-05, -0.00113851926289, 0.000780856411438, 0.000524088798556, 0.000949010835029, 0.00290838535875, -0.000695639289916, -0.00029418268241, -0.00020526201115], [-0.00019272181089, -0.0018667379627, -0.00405275402591, 0.0120771275833, -0.00482707377523, 0.000259314925643, -0.00136884849053, -0.00323069142178, 0.00235170382075, -0.00495199207217, 0.00324802729301, 0.000297716673231, -0.00173548830207], [0.000212605678826, 0.000329254602548, 7.42412667023e-05, -0.00482707377523, 0.0194017682225, -0.00940185692161, 0.00221037701704, 0.00179888436105, -0.00249404972419, 0.0025721990969, -0.000215850857785, -2.83622230199e-05, -0.00254974165], [-0.000357556797098, 0.00097834772896, -0.00113851926289, 0.000259314925643, -0.00940185692161, 0.0219198968261, -0.0104580670595, 0.00602035503834, -0.00218960433267, -0.00599845591933, 0.000969501910731, -0.0023844873067, 0.00229229172692], [0.000257769803284, 0.000135960042826, 0.000780856411438, -0.00136884849053, 0.00221037701704, -0.0104580670595, 0.0186259374022, -0.00730126537383, 0.00578747643158, -0.00143827195279, -0.00425335951149, 0.00154255551752, 0.000858817424159], [-0.00028502594796, 0.00287639140151, 0.000524088798556, -0.00323069142178, 0.00179888436105, 0.00602035503834, -0.00730126537383, 0.0268564336002, -0.0105116060004, 0.00669697998092, -0.00720629282296, -0.00190479878802, 0.00024417808163], [0.000480723887449, -0.000858875690028, 0.000949010835029, 0.00235170382075, -0.00249404972419, -0.00218960433267, 0.00578747643158, -0.0105116060004, 0.0268864035606, -0.0103097362444, -0.00110507337376, -0.0059496560134, -0.0010322885355], [-0.000257577979937, 0.00104761042167, 0.00290838535875, -0.00495199207217, 0.0025721990969, -0.00599845591933, -0.00143827195279, 0.00669697998092, -0.0103097362444, 0.0250498093665, -0.0011270516552, 8.94474796951e-05, -0.00557786272839], [0.000249733100645, -0.00194879935589, -0.000695639289916, 0.00324802729301, -0.000215850857785, 0.000969501910731, -0.00425335951149, -0.00720629282296, -0.00110507337376, -0.0011270516552, 0.0284605491906, -0.00638908986002, 0.00724911876023], [-0.00036856677616, 0.00208521471359, -0.00029418268241, 0.000297716673231, -2.83622230199e-05, -0.0023844873067, 0.00154255551752, -0.00190479878802, -0.0059496560134, 8.94474796951e-05, -0.00638908986002, 0.0398241505027, -0.0146774612367], [0.000390200642869, -0.000856372585986, -0.00020526201115, -0.00173548830207, -0.00254974165, 0.00229229172692, 0.000858817424159, 0.00024417808163, -0.0010322885355, -0.00557786272839, 0.00724911876023, -0.0146774612367, 0.0312716886401]]
    },
    "spectral_contrast_coeffs": {
        "max": [-0.396676808596, -0.427702456713, -0.542513608932, -0.516884744167, -0.608130931854, -0.647181272507],
        "mean": [-0.82894718647, -0.856003403664, -0.848487973213, -0.838451862335, -0.85492348671, -0.854302763939],
        "min": [-0.988219559193, -0.996290683746, -0.976844549179, -0.979001998901, -0.969187736511, -0.966101825237],
        "stdev": [0.13874091208, 0.117073461413, 0.120920754969, 0.139383152127, 0.104960970581, 0.101943053305]
    },
    "spectral_contrast_valleys": {
        "max": [-5.93600988388, -4.84547901154, -5.06805849075, -6.29818248749, -5.93039512634, -7.42021083832],
        "mean": [-17.0484619141, -16.5240325928, -16.7065181732, -16.6788158417, -16.6534729004, -18.2487030029],
        "min": [-28.0816440582, -28.0990085602, -28.2062625885, -27.8124656677, -27.6745052338, -27.4869155884],
        "stdev": [9.52513885498, 9.93907833099, 9.81754970551, 9.80433273315, 9.84754562378, 8.37631034851]
    }
},
"rhythm": {
    "beats_count": 69,
    "beats_loudness": {
        "max": 0.0726466625929,
        "mean": 0.0167572125793,
        "min": 0,
        "stdev": 0.0205956939608
    },
    "bpm": 172.265655518,
    "bpm_histogram_first_peak_bpm": 172,
    "bpm_histogram_first_peak_weight": 0,
    "bpm_histogram_second_peak_bpm": 110,
    "bpm_histogram_second_peak_spread": 0.333333313465,
    "bpm_histogram_second_peak_weight": 0.147058829665,
    "danceability": 0.842945694923,
    "onset_rate": 1.30891227722,
    "beats_loudness_band_ratio": {
        "max": [0.269953340292, 0.498447090387, 0.862800896168, 0.781956553459, 0.856842577457, 0.784444272518],
        "mean": [0.0372612960637, 0.0419322066009, 0.103003270924, 0.142923489213, 0.255619823933, 0.0837047845125],
        "min": [0, 0, 0, 0, 0, 0],
        "stdev": [0.0568661652505, 0.0797719359398, 0.18266262114, 0.190809980035, 0.290755867958, 0.163810014725]
    },
    "beats_position": [0.371519267559, 0.754648506641, 1.11455774307, 1.47446703911, 1.83437633514, 2.18267560005, 2.53097510338, 2.87927436829, 3.22757363319, 3.5758728981, 3.93578219414, 4.29569149017, 4.6439909935, 4.99229001999, 5.34058952332, 5.70049858093, 6.06040811539, 6.43192720413, 6.80344676971, 7.1517457962, 7.50004529953, 7.84834432602, 8.20825386047, 8.56816291809, 8.91646194458, 9.26476192474, 9.61306095123, 9.96135997772, 10.4025392532, 10.8321084976, 11.2732877731, 11.7144670486, 12.1672563553, 12.6200447083, 13.0496139526, 13.479183197, 13.9087524414, 14.3499317169, 14.7911109924, 15.2322902679, 15.6850786209, 16.1494789124, 16.6603164673, 17.1827659607, 17.7052154541, 18.1928348541, 18.6804523468, 19.1564617157, 19.6440811157, 20.1317005157, 20.6309299469, 21.1765975952, 21.7222671509, 22.2679367065, 22.8136043549, 23.3592739105, 23.9513835907, 24.5434913635, 25.1356010437, 25.6928787231, 26.2501583099, 26.8074378967, 27.3647155762, 27.921995163, 28.4676647186, 29.0133323669, 29.5590019226, 30.1046714783, 30.6503391266],
