{
"metadata": {
    "version": {
        "essentia": "2.1-beta5",
        "essentia_git_sha": "Undefined",
        "extractor": "music 2.0"
    },
    "audio_properties": {
        "analysis": {
            "equal_loudness": 0,
            "length": 12.7477550507,
            "sample_rate": 44100,
            "start_time": 0,
            "downmix": "mix"
        },
        "bit_rate": 192000,
        "length": 177.725540161,
        "lossless": 0,
        "number_channels": 1,
        "replay_gain": 0.583883285522,
        "sample_rate": 48000,
        "codec": "mp3",
        "md5_encoded": "2083c34d9f0d3d02a1633f828ea42faa"
    },
    "tags": {
        "file_name": "Austria_Die Zeit Ist Einsam_Timna Brauer.mp3",
        "encoding": ["Lavf58.29.100"]
    }
},
"lowlevel": {
    "average_loudness": 0.865143239498,
    "barkbands_crest": {
        "max": 22.4454479218,
        "mean": 8.97681617737,
        "min": 2.38817477226,
        "stdev": 4.16360855103
    },
    "barkbands_flatness_db": {
        "max": 0.216676384211,
        "mean": 0.119994163513,
        "min": 0.036164637655,
        "stdev": 0.039057020098
    },
    "barkbands_kurtosis": {
        "max": 19.9868869781,
        "mean": 1.79686355591,
        "min": -1.68601167202,
        "stdev": 2.90793204308
    },
    "barkbands_skewness": {
        "max": 4.20899581909,
        "mean": 0.756339669228,
        "min": -1.97938287258,
        "stdev": 0.948926329613
    },
    "barkbands_spread": {
        "max": 93.5378265381,
        "mean": 28.1668510437,
        "min": 5.02332735062,
        "stdev": 18.5989398956
    },
    "dissonance": {
        "max": 0.499999821186,
        "mean": 0.452606409788,
        "min": 0.310492396355,
        "stdev": 0.0400888286531
    },
    "dynamic_complexity": 4.22211790085,
    "erbbands_crest": {
        "max": 34.1234550476,
        "mean": 12.3180847168,
        "min": 2.63258504868,
        "stdev": 7.16500234604
    },
    "erbbands_flatness_db": {
        "max": 0.301234781742,
        "mean": 0.153299614787,
        "min": 0.0647850036621,
        "stdev": 0.0431768335402
    },
    "erbbands_kurtosis": {
        "max": 45.2968482971,
        "mean": 2.14274048805,
        "min": -1.34487557411,
        "stdev": 4.38929176331
    },
    "erbbands_skewness": {
        "max": 5.33553647995,
        "mean": 0.538511931896,
        "min": -1.22413575649,
        "stdev": 0.804505288601
    },
    "erbbands_spread": {
        "max": 88.2284088135,
        "mean": 31.3391590118,
        "min": 3.21203589439,
        "stdev": 17.3619384766
    },
    "hfc": {
        "max": 146.591964722,
        "mean": 23.0383148193,
        "min": 1.11040553376e-16,
        "stdev": 18.6069889069
    },
    "loudness_ebu128": {
        "integrated": -27.2420959473,
        "loudness_range": 8.25683403015,
        "momentary": {
            "max": -23.9491920471,
            "mean": -29.6396160126,
            "min": -41.5344390869,
            "stdev": 4.95349121094
        },
        "short_term": {
            "max": -25.4622020721,
            "mean": -28.7591991425,
            "min": -37.431098938,
            "stdev": 3.37886500359
        }
    },
    "melbands_crest": {
        "max": 28.9464130402,
        "mean": 11.0657978058,
        "min": 1.83702611923,
        "stdev": 4.63937044144
    },
    "melbands_flatness_db": {
        "max": 0.276163935661,
        "mean": 0.16103541851,
        "min": 0.00595278851688,
        "stdev": 0.0589430592954
    },
    "melbands_kurtosis": {
        "max": 43.7454338074,
        "mean": 3.75901579857,
        "min": -1.53991007805,
        "stdev": 5.18531227112
    },
    "melbands_skewness": {
        "max": 5.59272193909,
        "mean": 1.24898266792,
        "min": -2.42735147476,
        "stdev": 1.05134189129
    },
    "melbands_spread": {
        "max": 148.76802063,
        "mean": 37.9123573303,
        "min": 5.10564184189,
        "stdev": 30.1252250671
    },
    "pitch_salience": {
        "max": 0.870767951012,
        "mean": 0.559100151062,
        "min": 0.143977716565,
        "stdev": 0.157001286745
    },
    "silence_rate_20dB": {
        "max": 1,
        "mean": 1,
        "min": 1,
        "stdev": 0
    },
    "silence_rate_30dB": {
        "max": 1,
        "mean": 0.994545459747,
        "min": 0,
        "stdev": 0.0736533030868
    },
    "silence_rate_60dB": {
        "max": 1,
        "mean": 0.209090903401,
        "min": 0,
        "stdev": 0.406657338142
    },
    "spectral_centroid": {
        "max": 11200.1425781,
        "mean": 1548.81628418,
        "min": 511.943267822,
        "stdev": 1132.1348877
    },
    "spectral_complexity": {
        "max": 35,
        "mean": 13.9418182373,
        "min": 0,
        "stdev": 8.06520175934
    },
    "spectral_decrease": {
        "max": 5.54310684349e-29,
        "mean": -5.69780711501e-09,
        "min": -2.99715274821e-08,
        "stdev": 5.11884490351e-09
    },
    "spectral_energy": {
        "max": 0.126415684819,
        "mean": 0.0235945023596,
        "min": 1.02768475017e-20,
        "stdev": 0.0208564065397
    },
    "spectral_energyband_high": {
        "max": 0.00432715844363,
        "mean": 0.000654468953144,
        "min": 7.34023515811e-21,
        "stdev": 0.000375862931833
    },
    "spectral_energyband_low": {
        "max": 0.0237679984421,
        "mean": 0.00400693854317,
        "min": 5.26606274536e-23,
        "stdev": 0.00475549930707
    },
    "spectral_energyband_middle_high": {
        "max": 0.0883408412337,
        "mean": 0.00870992429554,
        "min": 1.55253319144e-21,
        "stdev": 0.0112368958071
    },
    "spectral_energyband_middle_low": {
        "max": 0.0942935720086,
        "mean": 0.0104701202363,
        "min": 2.45334226911e-22,
        "stdev": 0.0127901369706
    },
    "spectral_entropy": {
        "max": 9.8078584671,
        "mean": 7.68220949173,
        "min": 6.76065587997,
        "stdev": 0.574963390827
    },
    "spectral_flux": {
        "max": 0.252995252609,
        "mean": 0.0600524544716,
        "min": 6.64677132778e-11,
        "stdev": 0.0317431725562
    },
    "spectral_kurtosis": {
        "max": 13.6895885468,
        "mean": 3.6398422718,
        "min": -1.24231958389,
        "stdev": 2.21575903893
    },
    "spectral_rms": {
        "max": 0.0111055104062,
        "mean": 0.00424256594852,
        "min": 3.16641634787e-12,
        "stdev": 0.00224045966752
    },
    "spectral_rolloff": {
        "max": 19272.2167969,
        "mean": 3603.43701172,
        "min": 387.59765625,
        "stdev": 4350.85302734
    },
    "spectral_skewness": {
        "max": 3.20325446129,
        "mean": 1.75981676579,
        "min": -0.0245260950178,
        "stdev": 0.508783638477
    },
    "spectral_spread": {
        "max": 41575812,
        "mean": 7669017.5,
        "min": 3733907.75,
        "stdev": 3720379.75
    },
    "spectral_strongpeak": {
        "max": 16.6285877228,
        "mean": 1.72284138203,
        "min": 0,
        "stdev": 2.09475040436
    },
    "zerocrossingrate": {
        "max": 0.630859375,
        "mean": 0.125126957893,
        "min": 0.02734375,
        "stdev": 0.101755931973
    },
    "barkbands": {
        "max": [0.00017723601195, 0.00542354304343, 0.0204972680658, 0.00195690174587, 0.0172329563648, 0.0714775696397, 0.0153245460242, 0.0136052081361, 0.0785744488239, 0.0341615714133, 0.0523289851844, 0.032108232379, 0.0793782696128, 0.0520572923124, 0.00715234270319, 0.0100424988195, 0.00890942756087, 0.000805749674328, 6.77941497997e-05, 0.0010002333438, 0.00391473481432, 0.000653781753499, 8.08274562587e-05, 0.000161866570124, 0.000176660949364, 0.000248498166911, 9.72171619651e-06],
        "mean": [1.46879310705e-05, 0.00035488899448, 0.00346624106169, 0.000244945840677, 0.00144786189776, 0.00380290206522, 0.0014026517747, 0.00120465341024, 0.00221296516247, 0.000636188546196, 0.00166202813853, 0.00130679027643, 0.00208822079003, 0.00129167584237, 0.000570177857298, 0.000709831772838, 0.000445524347015, 4.28863022535e-05, 1.05645185613e-05, 4.42429336545e-05, 0.000185999655514, 6.97077557561e-05, 4.37653725385e-05, 7.58610767662e-05, 0.000111283836304, 0.000147875995026, 6.79218672417e-08],
        "min": [1.60440542499e-24, 1.87061781817e-23, 1.2160738927e-23, 1.79134644798e-23, 1.73148326487e-23, 1.55251628457e-23, 4.06632710865e-23, 8.79157158762e-24, 3.69580955443e-23, 1.77341832173e-23, 4.1386659692e-23, 8.09975051339e-23, 8.12200648834e-23, 1.61760709113e-23, 6.88453931898e-23, 1.09566973719e-22, 1.53797218228e-22, 1.40692256974e-22, 2.53782712636e-22, 2.52146602496e-22, 3.07323901341e-22, 4.25108988157e-22, 5.03960848427e-22, 6.33079531423e-22, 8.99511357305e-22, 1.68594474188e-21, 2.0476827791e-21],
        "stdev": [1.83837000804e-05, 0.000592839845922, 0.00421770708635, 0.000350599584635, 0.00202395254746, 0.0083666164428, 0.00200300524011, 0.00183756661136, 0.00726016005501, 0.00252006854862, 0.00515274191275, 0.00266350619495, 0.00613992009312, 0.00401052832603, 0.000958128948696, 0.00119538500439, 0.000931906979531, 8.52578014019e-05, 7.67672099755e-06, 5.61798733543e-05, 0.000344310363289, 6.17431578576e-05, 1.11470108095e-05, 1.92710685951e-05, 2.27158343478e-05, 3.21230072586e-05, 4.14806322624e-07]
    },
    "erbbands": {
        "max": [0.0430009774864, 1.64315438271, 21.216091156, 14.9654388428, 11.3778772354, 102.817375183, 113.998809814, 887.03503418, 174.652938843, 212.886047363, 272.798370361, 981.631713867, 1583.86083984, 565.207092285, 1846.00683594, 1181.95825195, 3731.08569336, 3431.55761719, 577.289916992, 655.879394531, 668.682495117, 627.197631836, 91.4772186279, 14.5263328552, 12.9972715378, 37.9607849121, 74.5450057983, 211.431091309, 26.9293422699, 8.57280349731, 2.21520471573, 3.76609516144, 2.60368013382, 1.8619351387, 1.61662006378, 1.33778476715, 0.509736716747, 0.0329926908016, 0.00154817570001, 0.000170741419424],
        "mean": [0.00400313036516, 0.174015596509, 3.13132977486, 2.60020852089, 1.71221411228, 7.0426030159, 10.1220111847, 43.7947845459, 16.695640564, 28.2068805695, 27.7937927246, 41.1182403564, 42.0126838684, 30.5925960541, 65.3768997192, 54.5283241272, 96.2610244751, 76.9317703247, 25.7708530426, 39.2004470825, 42.256401062, 31.1142463684, 5.32667732239, 1.0446511507, 1.12331557274, 2.40076971054, 5.94949913025, 6.97191047668, 2.76004076004, 1.53786921501, 1.27837228775, 1.38055694103, 1.37797021866, 1.07915556431, 0.892251491547, 0.691747486591, 0.299476116896, 0.0149118090048, 0.000323151558405, 4.63762953586e-05],
        "min": [5.29515195969e-22, 3.42662234469e-21, 1.62790033123e-20, 6.45416978726e-20, 8.19991055937e-20, 3.18584056969e-20, 7.46601976404e-20, 1.29779998143e-19, 4.78031036416e-19, 8.06090143571e-19, 2.44386453624e-19, 6.09447701874e-19, 9.41366588864e-19, 1.43524873226e-18, 3.61475777016e-18, 3.47931273512e-18, 3.56802951018e-18, 1.52988646614e-18, 4.59797649269e-18, 4.12234350457e-18, 4.93607746909e-18, 8.81813989497e-18, 8.31549366958e-18, 1.27692623894e-17, 1.06633912444e-17, 1.27509949328e-17, 1.10589142717e-17, 1.54904128079e-17, 1.49691368208e-17, 1.4050064714e-17, 1.31271313281e-17, 1.19250054603e-17, 1.08973650709e-17, 8.94909416646e-18, 7.32319870778e-18, 5.98906598116e-18, 3.04753975821e-18, 1.12168834349e-18, 2.85769110598e-19, 2.94820482752e-20],
        "stdev": [0.00457382155582, 0.244916006923, 3.85222434998, 3.29724383354, 1.96824717522, 11.3574819565, 15.9175853729, 104.161178589, 23.9437503815, 33.5811195374, 37.2777748108, 98.0701217651, 154.399795532, 66.8590087891, 165.089050293, 97.7465820312, 287.814544678, 254.471160889, 57.3576774597, 70.7243270874, 78.00831604, 62.1820106506, 9.21275043488, 1.49841427803, 1.06241953373, 2.6112203598, 8.95349502563, 17.903591156, 2.41170406342, 0.733201026917, 0.325567632914, 0.393992006779, 0.361733555794, 0.247027903795, 0.203364104033, 0.163960710168, 0.0682536140084, 0.00386614562012, 9.06435452634e-05, 2.61072709691e-05]
    },
    "gfcc": {
        "mean": [-5.71605825424, 47.6417274475, -100.946640015, -2.70880293846, -63.0433158875, 24.9877204895, -53.2627944946, 7.44393587112, -27.8856773376, 17.8635120392, -34.0173873901, 6.08254575729, -14.7487630844],
        "cov": [[19806.8828125, 2704.60693359, -1634.43334961, -458.567138672, -902.301696777, 38.5441665649, -649.535888672, -107.065879822, -430.023254395, 197.229751587, -428.835601807, 151.022277832, -202.34286499], [2704.60693359, 1331.44848633, -180.810745239, -208.844451904, -125.086990356, -173.241470337, -9.85314655304, -113.902374268, -89.0265655518, -20.2464847565, -4.11848783493, 42.7631950378, -44.2643051147], [-1634.43334961, -180.810745239, 525.576538086, 287.508056641, 63.0552940369, -46.0673789978, 64.5340423584, 28.512260437, -5.19307231903, -25.3913459778, 41.3571281433, -29.6756896973, -44.3892440796], [-458.567138672, -208.844451904, 287.508056641, 289.107940674, 70.1737136841, -2.81026816368, 0.144902214408, 37.3154678345, 13.8380565643, 0.673726975918, -10.3043775558, -28.0821170807, -34.3921279907], [-902.301696777, -125.086990356, 63.0552940369, 70.1737136841, 152.358688354, 48.1724281311, 22.7304878235, 11.8897237778, 49.9583778381, -17.2142086029, -10.3711519241, -41.0826759338, -0.201678439975], [38.5441665649, -173.241470337, -46.0673789978, -2.81026816368, 48.1724281311, 119.343078613, 20.161857605, 20.4729061127, 2.16627430916, 3.80352640152, -21.5533332825, -34.8295249939, -14.1077423096], [-649.535888672, -9.85314655304, 64.5340423584, 0.144902214408, 22.7304878235, 20.161857605, 116.935058594, 29.3678359985, -9.37305355072, -15.6071548462, 31.0312919617, -9.84494018555, -13.7095956802], [-107.065879822, -113.902374268, 28.512260437, 37.3154678345, 11.8897237778, 20.4729061127, 29.3678359985, 81.2337112427, 25.9197673798, -11.3457298279, -14.2376346588, -16.0727539062, -4.42310571671], [-430.023254395, -89.0265655518, -5.19307231903, 13.8380565643, 49.9583778381, 2.16627430916, -9.37305355072, 25.9197673798, 78.2590713501, 20.4219493866, -16.3333625793, -17.7944984436, 28.6984767914], [197.229751587, -20.2464847565, -25.3913459778, 0.673726975918, -17.2142086029, 3.80352640152, -15.6071548462, -11.3457298279, 20.4219493866, 54.4074745178, 8.43101501465, -1.91875255108, 4.87384557724], [-428.835601807, -4.11848783493, 41.3571281433, -10.3043775558, -10.3711519241, -21.5533332825, 31.0312919617, -14.2376346588, -16.3333625793, 8.43101501465, 73.5794372559, 35.2856712341, -21.1758422852], [151.022277832, 42.7631950378, -29.6756896973, -28.0821170807, -41.0826759338, -34.8295249939, -9.84494018555, -16.0727539062, -17.7944984436, -1.91875255108, 35.2856712341, 81.8588104248, 29.6394462585], [-202.34286499, -44.2643051147, -44.3892440796, -34.3921279907, -0.201678439975, -14.1077423096, -13.7095956802, -4.42310571671, 28.6984767914, 4.87384557724, -21.1758422852, 29.6394462585, 102.284385681]],
        "icov": [[0.00109740241896, -0.00251688132994, 0.00273271580227, -0.00315995467827, 0.00308678857982, -0.00396889494732, 0.00410694116727, -0.00451123574749, 0.0050103366375, -0.00492295436561, 0.00445035845041, -0.00285750022158, 0.00159740797244], [-0.00251688132994, 0.00753858452663, -0.00632714526728, 0.00911565776914, -0.00882853101939, 0.0131326429546, -0.0111590512097, 0.0113816410303, -0.00925315637141, 0.00883872061968, -0.00527748931199, 0.00434236600995, -0.000782848743256], [0.00273271580227, -0.00632714526728, 0.0144401602447, -0.0167045779526, 0.0114441318437, -0.00900216307491, 0.00766450585797, -0.00815089792013, 0.00957420375198, -0.00462416699156, 0.00238453946076, -0.00038270992809, 0.000912200426683], [-0.00315995467827, 0.00911565776914, -0.0167045779526, 0.0268656797707, -0.0215006247163, 0.0185153130442, -0.00963665451854, 0.00492152292281, -0.00253115338273, -0.00336849829182, 0.00496014114469, -0.00297263474204, 0.00366913620383], [0.00308678857982, -0.00882853101939, 0.0114441318437, -0.0215006247163, 0.0364759787917, -0.0265995971859, 0.00964399985969, 0.00155454874039, -0.013670027256, 0.0138969989493, -0.00552674708888, 0.00440990645438, -0.00146289367694], [-0.00396889494732, 0.0131326429546, -0.00900216307491, 0.0185153130442, -0.0265995971859, 0.0402550213039, -0.0202297288924, 0.0102882524952, 0.000212630839087, -0.000456923095044, 0.00204791128635, 0.00525435945019, 0.0022473980207], [0.00410694116727, -0.0111590512097, 0.00766450585797, -0.00963665451854, 0.00964399985969, -0.0202297288924, 0.0332654677331, -0.026864670217, 0.0234470851719, -0.0162287764251, 0.00254050455987, -0.00357272988185, -0.000336990284268], [-0.00451123574749, 0.0113816410303, -0.00815089792013, 0.00492152292281, 0.00155454874039, 0.0102882524952, -0.026864670217, 0.0484104938805, -0.0436464883387, 0.0386352017522, -0.0173151772469, 0.0124177392572, -0.00274451216683], [0.0050103366375, -0.00925315637141, 0.00957420375198, -0.00253115338273, -0.013670027256, 0.000212630839087, 0.0234470851719, -0.0436464883387, 0.0739405378699, -0.0579432249069, 0.0348511710763, -0.0162288825959, 0.00440189009532], [-0.00492295436561, 0.00883872061968, -0.00462416699156, -0.00336849829182, 0.0138969989493, -0.000456923095044, -0.0162287764251, 0.0386352017522, -0.0579432249069, 0.077637962997, -0.0517747811973, 0.0317255631089, -0.0169474519789], [0.00445035845041, -0.00527748931199, 0.00238453946076, 0.00496014114469, -0.00552674708888, 0.00204791128635, 0.00254050455987, -0.0173151772469, 0.0348511710763, -0.0517747811973, 0.0796049013734, -0.0474212020636, 0.0319966375828], [-0.00285750022158, 0.00434236600995, -0.00038270992809, -0.00297263474204, 0.00440990645438, 0.00525435945019, -0.00357272988185, 0.0124177392572, -0.0162288825959, 0.0317255631089, -0.0474212020636, 0.047069106251, -0.0245630163699], [0.00159740797244, -0.000782848743256, 0.000912200426683, 0.00366913620383, -0.00146289367694, 0.0022473980207, -0.000336990284268, -0.00274451216683, 0.00440189009532, -0.0169474519789, 0.0319966375828, -0.0245630163699, 0.0276852250099]]
    },
    "melbands": {
        "max": [0.000935051240958, 0.00723872566596, 0.00220561446622, 0.00351767521352, 0.00375092262402, 0.017096074298, 0.00288209761493, 0.00206904765218, 0.00177608802915, 0.00929230637848, 0.00811512116343, 0.00244961702265, 0.00814288109541, 0.00213948404416, 0.00789756607264, 0.00549299316481, 0.00570765743032, 0.00136205728631, 0.000556493236218, 0.000634945288766, 0.000941383943427, 0.000723342876881, 0.000268556294031, 6.3144689193e-05, 7.24965548216e-06, 3.68190876543e-06, 1.45857493408e-05, 3.77419964934e-05, 7.48214806663e-05, 0.0001262135047, 9.03802792891e-05, 1.15632683446e-05, 1.91973613255e-05, 2.03221725315e-06, 1.38395932936e-06, 1.82769156254e-06, 2.17436581806e-06, 1.93162645701e-06, 1.91488788914e-06, 1.72328873305e-06],
        "mean": [5.82203683734e-05, 0.00109381927177, 0.000428233295679, 0.000312971125823, 0.000372134789359, 0.000864322588313, 0.000272419303656, 0.000317915750202, 0.000221391048399, 0.000286261900328, 0.00021061291045, 0.000112385125249, 0.00026069759042, 0.000119419761177, 0.000244440656388, 0.000180719172931, 0.000130911168526, 4.08165942645e-05, 4.16707698605e-05, 4.34285611846e-05, 4.88419354951e-05, 3.26158951793e-05, 1.10555192805e-05, 2.32554657487e-06, 5.2180342891e-07, 4.74618701674e-07, 1.4064842162e-06, 1.26974271097e-06, 4.20177502747e-06, 3.58530246558e-06, 3.72662634618e-06, 1.60586137099e-06, 1.10810151455e-06, 7.54716950269e-07, 7.07106437403e-07, 7.79516142302e-07, 8.54993174926e-07, 9.61114665188e-07, 9.27570852127e-07, 8.97237953268e-07],
        "min": [4.92809256658e-24, 8.21808864219e-24, 1.0697689882e-23, 5.63183301354e-24, 2.71893059442e-24, 2.82376015075e-24, 7.58237719311e-24, 8.93395624785e-24, 2.03512860684e-24, 4.14555635366e-24, 4.76960686084e-24, 5.34773659144e-24, 9.13432218461e-24, 9.62204490559e-24, 7.20516205203e-24, 6.25795073072e-24, 1.91914593782e-24, 8.11547046019e-24, 5.44059695847e-24, 5.60197265613e-24, 3.21508919671e-24, 8.32906165003e-24, 7.24788754752e-24, 8.18619420693e-24, 9.80495335052e-24, 7.8305244349e-24, 6.44316777709e-24, 8.69997852564e-24, 6.94031778032e-24, 6.64470241128e-24, 9.68800708791e-24, 8.47785659397e-24, 7.64808220676e-24, 7.43476317394e-24, 6.62525462339e-24, 6.67724213476e-24, 7.71931713537e-24, 8.32141127697e-24, 6.53925024649e-24, 7.57533503181e-24],
        "stdev": [9.02265819605e-05, 0.00133300246671, 0.000505331030581, 0.000446620135335, 0.000538489373866, 0.00200336542912, 0.000377257558284, 0.00037256340147, 0.000276740262052, 0.000868201197591, 0.000801071408205, 0.000264789123321, 0.000766211131122, 0.000258903804934, 0.00067202327773, 0.000505311298184, 0.000430766842328, 0.000120283133583, 6.90940505592e-05, 6.99150987202e-05, 0.000102984704426, 7.22752811271e-05, 2.61641525867e-05, 5.97622420173e-06, 6.02217426149e-07, 3.73300110823e-07, 1.66332392837e-06, 2.03158947443e-06, 7.91175170889e-06, 1.05804565464e-05, 8.20238165034e-06, 1.60484887601e-06, 1.35656352995e-06, 2.71555364861e-07, 2.02722816312e-07, 2.28313524531e-07, 2.71531462204e-07, 2.91065532565e-07, 2.4581015623e-07, 2.29551801567e-07]
    },
    "melbands128": {
        "max": [0.000110442349978, 0.000275978207355, 0.000908243120648, 0.00336086400785, 0.0111620770767, 0.008450162597, 0.00347392307594, 0.000836966559291, 0.000814690429252, 0.00332667562179, 0.00806350633502, 0.00420907884836, 0.00462049245834, 0.0111902346835, 0.033487457782, 0.00959463603795, 0.00119332515169, 0.00473608169705, 0.00338326953351, 0.00408808793873, 0.00365226482973, 0.00534379947931, 0.000794663908891, 0.0034155366011, 0.00489577930421, 0.0150634991005, 0.0265679676086, 0.00349983898923, 0.0124525418505, 0.00209928071126, 0.00113535695709, 0.00930820219219, 0.0158128049225, 0.0024018920958, 0.00526395486668, 0.00203055958264, 0.0025982724037, 0.0120601495728, 0.0234250053763, 0.0064145619981, 0.002136929892, 0.0223871972412, 0.00630999030545, 0.000940341153182, 0.00425815954804, 0.000956486153882, 0.000908767106012, 0.000633955933154, 0.000777643639594, 0.00209973263554, 0.000278321647784, 0.000459909759229, 0.00190952559933, 0.000708366336767, 9.04871631064e-05, 0.00124151248019, 0.000957859272603, 0.000769595790189, 5.71114760533e-05, 2.19568264583e-05, 0.000132234854391, 5.89890478295e-05, 3.45476792063e-06, 2.97774067803e-06, 8.76978174347e-06, 5.21065294379e-06, 2.44520060733e-06, 3.1173833122e-05, 2.13431230804e-05, 2.80648328044e-05, 1.37543174787e-05, 0.000105806568172, 5.68540162931e-05, 0.000142473974847, 2.46269792115e-05, 1.61548359756e-05, 0.000294866651529, 0.000253224483458, 6.29180722171e-05, 6.40153957647e-05, 1.81081049959e-05, 9.87287239695e-06, 5.88731636526e-05, 1.23845684357e-05, 5.6369522099e-06, 2.79560936178e-06, 2.55496934187e-06, 1.91384515347e-06, 1.90376817955e-06, 1.89256400063e-06, 2.25067947213e-06, 1.85095962024e-06, 5.3837707128e-06, 2.61370109911e-06, 3.64175252798e-06, 2.69310453405e-06, 2.98608188132e-06, 2.50591119766e-06, 2.38123880081e-06, 2.23860683946e-06, 2.60988713308e-06, 2.26353768085e-06, 2.55509280578e-06, 2.22545941142e-06, 2.58980435319e-06, 3.08747189592e-06, 2.4671310257e-06, 2.42753026214e-06, 2.68025814876e-06, 3.73288639821e-06, 3.03096771859e-06, 3.21915285895e-06, 2.11021938412e-06, 2.21083064389e-06, 7.28110137516e-07, 6.03093539553e-08, 5.5077105543e-08, 4.67593892495e-08, 4.44344792072e-08, 4.2525837074e-08, 4.09699794091e-08, 3.97176975753e-08, 3.86048206735e-08, 3.77249378403e-08, 3.6904701517e-08, 3.65041437078e-08, 3.60586476233e-08, 3.58188714245e-08],
        "mean": [8.5493811639e-06, 1.70764724317e-05, 2.65927901637e-05, 0.000229761280934, 0.00142392271664, 0.0016629107995, 0.000542074209079, 9.08020447241e-05, 0.000112429312139, 0.000345691805705, 0.000472518149763, 0.000248824624578, 0.000167635560501, 0.000640652433503, 0.00148822122719, 0.000626730383374, 0.000110342407424, 0.00026410719147, 0.00036475219531, 0.000323487271089, 0.000284612382529, 0.000354387244442, 0.000110556633445, 0.000236952386331, 0.000248399242992, 0.000291474105325, 0.000448870880064, 0.000110496861453, 0.000148346283822, 6.18570047664e-05, 4.18154522777e-05, 0.000298471626593, 0.00041501360829, 6.91242821631e-05, 0.000196819877601, 8.6629865109e-05, 7.04656049493e-05, 0.000272033765214, 0.000399334006943, 0.000135757611133, 6.84247715981e-05, 0.000337087607477, 0.000128581363242, 3.67368884326e-05, 7.06708378857e-05, 3.44413019775e-05, 2.22530488827e-05, 2.06229287869e-05, 5.33638085471e-05, 9.32641560212e-05, 1.18503303383e-05, 2.21982827497e-05, 0.000102911930298, 2.78757834167e-05, 5.34315176992e-06, 5.17927765031e-05, 3.72721042368e-05, 1.41104110298e-05, 2.44539819505e-06, 1.03284742181e-06, 3.76603361474e-06, 1.93915411728e-06, 3.27579272152e-07, 2.99830588801e-07, 4.19233032289e-07, 4.29476216368e-07, 4.18470705199e-07, 1.14571514587e-06, 1.64931441304e-06, 1.7263917016e-06, 1.25388532979e-06, 9.49886498347e-07, 1.98716111299e-06, 8.05040508567e-06, 2.07005382435e-06, 7.40342841254e-07, 6.28585712548e-06, 6.34688785794e-06, 2.40897770709e-06, 2.45819387601e-06, 1.6174025177e-06, 1.13513749511e-06, 1.55685188474e-06, 1.07507219127e-06, 8.74252918948e-07, 7.05763341102e-07, 7.9767698935e-07, 6.62912782445e-07, 7.05033983195e-07, 7.23860239304e-07, 7.19628133083e-07, 7.88435386312e-07, 9.00841257589e-07, 8.39608787828e-07, 8.15717783098e-07, 9.25027791254e-07, 1.04862238004e-06, 9.55899508881e-07, 9.10854339509e-07, 9.19161720958e-07, 9.15569273729e-07, 8.69310440521e-07, 9.0091691618e-07, 9.42071437748e-07, 1.01276623354e-06, 1.05651110971e-06, 1.08270864985e-06, 1.07259484139e-06, 1.14528847917e-06, 1.53753717314e-06, 1.17527690691e-06, 1.10197527192e-06, 1.08995175196e-06, 9.67349137682e-07, 1.53716200657e-07, 1.01135562147e-08, 2.30034746806e-09, 9.2593759049e-11, 8.6612293726e-11, 8.2966196413e-11, 7.99718694044e-11, 7.76001277125e-11, 7.55361606597e-11, 7.38461444771e-11, 7.1728373241e-11, 7.00355953787e-11, 6.87080878303e-11, 6.81850409467e-11],
        "min": [1.41622186719e-24, 4.51174519144e-24, 5.10982639762e-24, 3.63039626153e-24, 4.54783912772e-24, 7.39432221963e-24, 1.38953998813e-23, 7.19127731124e-24, 2.49176074183e-24, 2.78477425038e-24, 7.16732887466e-25, 8.88647569604e-25, 1.53438613104e-24, 3.40181395348e-24, 2.34594315615e-24, 1.20356675943e-24, 4.45319356847e-24, 5.55278560096e-24, 3.18172195814e-24, 8.56141431878e-24, 1.83411442363e-24, 1.00647725783e-24, 1.45052725859e-24, 3.97146500707e-24, 2.33333893383e-24, 2.09999624464e-24, 8.29848145704e-24, 1.76035336519e-24, 1.61631416782e-24, 3.76250561404e-24, 4.99581666972e-24, 1.42586115581e-24, 2.4729511424e-24, 5.5427311743e-24, 9.55602434758e-24, 9.96329035598e-24, 1.26214362594e-24, 7.19740991592e-24, 5.93864705199e-24, 3.75079457947e-24, 2.49077466569e-24, 1.05876710014e-24, 1.02572171682e-24, 9.87407137089e-25, 1.48321824615e-24, 3.76716935971e-24, 3.37515203261e-24, 4.96433244213e-24, 6.979968296e-24, 4.67040089669e-24, 4.84203849144e-24, 4.08175683352e-24, 2.72266407587e-24, 1.98439558152e-24, 1.63186448981e-24, 7.48671991974e-24, 5.47043010018e-24, 5.06102154556e-24, 4.67436097844e-24, 5.69582698789e-24, 7.368759182e-24, 5.87623474375e-24, 5.44168203664e-24, 2.84171955533e-24, 8.27618667014e-24, 7.55808185495e-24, 6.73981458176e-24, 6.04884460956e-24, 3.80271582653e-24, 2.90148129093e-24, 6.75168220522e-24, 9.41689768289e-24, 8.22267507949e-24, 3.78037962443e-24, 2.46001323191e-24, 4.7528084623e-24, 4.84373454238e-24, 9.074078455e-24, 7.82986100288e-24, 8.22160775069e-24, 5.06563993173e-24, 6.46754476235e-24, 8.37958582443e-24, 3.81907206854e-24, 6.67176349578e-24, 5.43657613443e-24, 4.66142563174e-24, 7.62260436611e-24, 4.1882708051e-24, 5.9216084453e-24, 5.92793274318e-24, 5.47208315821e-24, 5.3600964641e-24, 6.71447794721e-24, 9.12117266218e-24, 1.00447639103e-23, 7.83539012896e-24, 5.94992894623e-24, 4.41840795799e-24, 5.9958146185e-24, 6.90926663737e-24, 7.69204384729e-24, 4.68368886421e-24, 4.85224161839e-24, 7.01970400866e-24, 6.21138427149e-24, 7.80522329908e-24, 8.09691881829e-24, 6.1285495377e-24, 9.60870842313e-24, 8.25887748415e-24, 8.84068448986e-24, 6.99946735986e-24, 4.35718840744e-24, 6.17683492485e-24, 8.60144664313e-24, 8.46960905321e-24, 7.98925271536e-24, 7.83088021117e-24, 6.04615696046e-24, 6.65139747378e-24, 8.20569405965e-24, 7.91079813175e-24, 6.25811994139e-24, 8.53372214556e-24, 7.99860229481e-24, 6.52958078394e-24, 8.81011612978e-24],
        "stdev": [1.00970319181e-05, 2.15468789975e-05, 7.19074087101e-05, 0.000405130995205, 0.00184561731294, 0.00204937788658, 0.000730175699573, 0.000122897807159, 0.00014880496019, 0.000521841342561, 0.000863947847392, 0.000462249474367, 0.000374598457711, 0.00131136353593, 0.00391448289156, 0.00130216381513, 0.000169623701368, 0.000572735618334, 0.000554754573386, 0.000522482849192, 0.000436708709458, 0.000689151755068, 0.000140824762639, 0.000422754208557, 0.000517498410773, 0.00135766528547, 0.00242835097015, 0.000298829807434, 0.000900179729797, 0.000184981079656, 9.23076440813e-05, 0.000939761870541, 0.00141957064625, 0.000170706392964, 0.000587253423873, 0.000199911883101, 0.000201841074158, 0.000796479405835, 0.00168242864311, 0.000527256808709, 0.000177642228664, 0.00151439290494, 0.000409429398132, 9.62958147284e-05, 0.000325083383359, 8.3683997218e-05, 6.95004782756e-05, 4.54759356217e-05, 9.76996016107e-05, 0.000220966496272, 2.66959978035e-05, 4.81745992147e-05, 0.000238959226408, 6.57879500068e-05, 9.43988925428e-06, 0.000125788210426, 9.94623478618e-05, 6.13094525761e-05, 6.54390169075e-06, 2.33408400163e-06, 1.19254773381e-05, 4.83098256154e-06, 3.74595686026e-07, 3.42830134059e-07, 6.6017099698e-07, 4.66232478402e-07, 3.17812919093e-07, 2.11130759453e-06, 2.72916236099e-06, 2.71326894108e-06, 1.74885678916e-06, 4.77169714941e-06, 4.70620079795e-06, 1.68780534295e-05, 3.38602831107e-06, 9.75267994363e-07, 2.52655918302e-05, 2.12459726754e-05, 5.99290342507e-06, 5.26464418726e-06, 2.27231544159e-06, 1.3185925809e-06, 3.84346867577e-06, 1.22459937302e-06, 6.53367180803e-07, 3.39075285183e-07, 3.729269622e-07, 2.94620065233e-07, 2.91175439315e-07, 3.0299341347e-07, 2.96779745668e-07, 3.07123940502e-07, 4.63756776981e-07, 3.49299426716e-07, 3.69249733012e-07, 3.99616283175e-07, 4.25390453529e-07, 3.5651419239e-07, 3.34648547096e-07, 3.37363559311e-07, 3.60520033382e-07, 3.19528425052e-07, 3.33395348662e-07, 3.39267785421e-07, 3.51468941062e-07, 3.78549145807e-07, 3.68821588381e-07, 3.80083662321e-07, 4.09960165371e-07, 5.66080018416e-07, 3.84520177477e-07, 3.77948424557e-07, 3.35001175245e-07, 3.23944391312e-07, 7.72311494757e-08, 7.67346630681e-09, 2.93025625986e-09, 1.99170169246e-09, 1.89273063889e-09, 1.81142711941e-09, 1.74515246698e-09, 1.69180769394e-09, 1.64439895034e-09, 1.60691848716e-09, 1.57200197304e-09, 1.55497881238e-09, 1.53602186526e-09, 1.52581081103e-09]
    },
    "mfcc": {
        "mean": [-660.188781738, 103.367034912, 13.4193458557, -16.0298995972, 1.39211308956, 9.86520195007, -11.1311130524, -12.7227182388, 9.11316680908, -4.67635297775, -6.36844348907, 6.7622795105, -0.599586009979],
        "cov": [[7295.91601562, 2524.70532227, -261.356719971, -320.916931152, -242.254470825, 16.0589580536, -258.944152832, -268.771179199, 118.359794617, -397.459655762, -123.588256836, 448.550323486, -121.604866028], [2524.70532227, 1309.47546387, -61.522983551, -102.196937561, -157.199279785, -30.8155345917, -117.669219971, -136.156097412, 17.7380962372, -251.421615601, -64.7609024048, 259.709350586, -74.7491073608], [-261.356719971, -61.522983551, 399.758666992, 262.302520752, 34.7274284363, -12.7398405075, 37.7373085022, 12.9225997925, -42.090259552, -0.370277941227, 20.4889945984, -1.63317131996, 10.2560529709], [-320.916931152, -102.196937561, 262.302520752, 261.999969482, 66.3753585815, -11.1972961426, 28.4792709351, 26.4401912689, -11.9715242386, 22.5629425049, 27.4655437469, -14.6441793442, 4.8923459053], [-242.254470825, -157.199279785, 34.7274284363, 66.3753585815, 108.941299438, 36.5218734741, 6.91498947144, 21.0707492828, 9.38766479492, 62.0654754639, 13.9952611923, -60.0300674438, 8.05510807037], [16.0589580536, -30.8155345917, -12.7398405075, -11.1972961426, 36.5218734741, 70.6011734009, 14.2940273285, -9.19544219971, 6.09729290009, 13.7711448669, 1.15212702751, -9.98062610626, 3.97752261162], [-258.944152832, -117.669219971, 37.7373085022, 28.4792709351, 6.91498947144, 14.2940273285, 89.685836792, 58.0086555481, -14.7960176468, 25.6205291748, 32.3589134216, -18.492357254, -16.5180301666], [-268.771179199, -136.156097412, 12.9225997925, 26.4401912689, 21.0707492828, -9.19544219971, 58.0086555481, 91.1006011963, 9.42588233948, 26.8011665344, 31.853811264, -25.1966228485, -12.4282884598], [118.359794617, 17.7380962372, -42.090259552, -11.9715242386, 9.38766479492, 6.09729290009, -14.7960176468, 9.42588233948, 85.510345459, 45.6631393433, -36.6699943542, -20.8173065186, 26.1680831909], [-397.459655762, -251.421615601, -0.370277941227, 22.5629425049, 62.0654754639, 13.7711448669, 25.6205291748, 26.8011665344, 45.6631393433, 160.6302948, 22.8769321442, -121.36038208, 14.8199529648], [-123.588256836, -64.7609024048, 20.4889945984, 27.4655437469, 13.9952611923, 1.15212702751, 32.3589134216, 31.853811264, -36.6699943542, 22.8769321442, 120.561203003, 23.7628173828, -70.705909729], [448.550323486, 259.709350586, -1.63317131996, -14.6441793442, -60.0300674438, -9.98062610626, -18.492357254, -25.1966228485, -20.8173065186, -121.36038208, 23.7628173828, 182.664550781, -17.701713562], [-121.604866028, -74.7491073608, 10.2560529709, 4.8923459053, 8.05510807037, 3.97752261162, -16.5180301666, -12.4282884598, 26.1680831909, 14.8199529648, -70.705909729, -17.701713562, 127.887435913]],
        "icov": [[0.000462204043288, -0.000934251991566, -0.000125272388686, 0.000393037655158, -0.000274780177278, -0.00029671570519, 0.000156462017912, -1.14134845717e-05, -0.000472076440929, 4.08786763728e-05, -0.000373856979422, 0.000137783121318, -0.00016168539878], [-0.000934251991566, 0.00360369915143, -0.000166724072187, -0.000269348325673, 0.000594639393967, 0.0013242540881, -0.000699399155565, 0.00237465277314, -0.00170242716558, 0.0021840762347, 0.000816406798549, -0.00101151515264, 0.00171005853917], [-0.000125272388686, -0.000166724072187, 0.0092532467097, -0.0104573946446, 0.00459743104875, -0.00278165377676, 0.000608795322478, -0.00153101154137, 0.00597771955654, -0.00307646486908, 0.00269035506062, -0.00074478238821, -0.000314101227559], [0.000393037655158, -0.000269348325673, -0.0104573946446, 0.0179066527635, -0.0122211137787, 0.00895350798965, -0.00611703516915, 0.00590034853667, -0.00936825945973, 0.00652221264318, -0.00563630834222, 0.00131695577875, -0.00112825899851], [-0.000274780177278, 0.000594639393967, 0.00459743104875, -0.0122211137787, 0.0291767287999, -0.0204124283046, 0.0172541681677, -0.0164104923606, 0.0124166235328, -0.0126223862171, 0.00584783218801, -0.000722983037122, 0.00167111412156], [-0.00029671570519, 0.0013242540881, -0.00278165377676, 0.00895350798965, -0.0204124283046, 0.0331384316087, -0.0219542644918, 0.0222452674061, -0.0156277026981, 0.0135634690523, -0.00874344725162, 0.00358766037971, -0.0027578456793], [0.000156462017912, -0.000699399155565, 0.000608795322478, -0.00611703516915, 0.0172541681677, -0.0219542644918, 0.0396934896708, -0.0323183648288, 0.0214418228716, -0.0191424880177, 0.0114870602265, -0.00715701887384, 0.0046984795481], [-1.14134845717e-05, 0.00237465277314, -0.00153101154137, 0.00590034853667, -0.0164104923606, 0.0222452674061, -0.0323183648288, 0.0442658215761, -0.0275008212775, 0.0238091815263, -0.0185562185943, 0.0104591175914, -0.00419999426231], [-0.000472076440929, -0.00170242716558, 0.00597771955654, -0.00936825945973, 0.0124166235328, -0.0156277026981, 0.0214418228716, -0.0275008212775, 0.0441242940724, -0.0329245254397, 0.0255669467151, -0.0151962405071, 0.00505460519344], [4.08786763728e-05, 0.0021840762347, -0.00307646486908, 0.00652221264318, -0.0126223862171, 0.0135634690523, -0.0191424880177, 0.0238091815263, -0.0329245254397, 0.0426215901971, -0.0271170511842, 0.0224927477539, -0.00855396594852], [-0.000373856979422, 0.000816406798549, 0.00269035506062, -0.00563630834222, 0.00584783218801, -0.00874344725162, 0.0114870602265, -0.0185562185943, 0.0255669467151, -0.0271170511842, 0.0356949418783, -0.0189418625087, 0.0147294718772], [0.000137783121318, -0.00101151515264, -0.00074478238821, 0.00131695577875, -0.000722983037122, 0.00358766037971, -0.00715701887384, 0.0104591175914, -0.0151962405071, 0.0224927477539, -0.0189418625087, 0.022318162024, -0.0073052784428], [-0.00016168539878, 0.00171005853917, -0.000314101227559, -0.00112825899851, 0.00167111412156, -0.0027578456793, 0.0046984795481, -0.00419999426231, 0.00505460519344, -0.00855396594852, 0.0147294718772, -0.0073052784428, 0.0160021111369]]
    },
    "spectral_contrast_coeffs": {
        "max": [-0.496214270592, -0.533074438572, -0.466923415661, -0.560569286346, -0.557141184807, -0.674261510372],
        "mean": [-0.690649449825, -0.759950757027, -0.755072236061, -0.740881979465, -0.761519491673, -0.819088935852],
        "min": [-0.968694329262, -0.9809679389, -0.96884983778, -0.962291955948, -0.963436245918, -0.962700128555],
        "stdev": [0.0861736312509, 0.0938068851829, 0.0957027673721, 0.0769887417555, 0.0747940763831, 0.0335335731506]
    },
    "spectral_contrast_valleys": {
        "max": [-5.95994949341, -5.45387840271, -5.15939950943, -5.51318597794, -7.61457014084, -9.18870925903],
        "mean": [-7.63731813431, -6.82847499847, -7.58192491531, -7.89524316788, -8.69985103607, -9.65663719177],
        "min": [-27.619550705, -27.2732372284, -27.3238449097, -27.3786144257, -27.471162796, -27.3595561981],
        "stdev": [2.07047820091, 2.14020037651, 2.05392050743, 2.03736233711, 1.84342324734, 1.73154509068]
    }
},
"rhythm": {
    "beats_count": 19,
    "beats_loudness": {
        "max": 0.0998611971736,
        "mean": 0.0356146357954,
        "min": 0.000622154388111,
        "stdev": 0.0296563077718
    },
    "bpm": 91.8846588135,
    "bpm_histogram_first_peak_bpm": 92,
    "bpm_histogram_first_peak_weight": 0.357142925262,
    "bpm_histogram_second_peak_bpm": 85,
    "bpm_histogram_second_peak_spread": 0.25,
    "bpm_histogram_second_peak_weight": 0.166666671634,
    "danceability": 0.795724034309,
    "onset_rate": 0.705364227295,
    "beats_loudness_band_ratio": {
        "max": [0.377214729786, 0.568451702595, 0.810224592686, 0.805881142616, 0.931251347065, 0.618159890175],
        "mean": [0.150744661689, 0.150738477707, 0.185253962874, 0.273806333542, 0.14108158648, 0.112620688975],
        "min": [0.00532746734098, 0.00424491148442, 0.00489418255165, 0.00304499920458, 0.00855537410825, 0.00681450357661],
        "stdev": [0.109551876783, 0.153487756848, 0.174024358392, 0.221152111888, 0.201963454485, 0.186044231057]
    },
    "beats_position": [0.603718817234, 1.23065757751, 1.8575963974, 2.48453521729, 3.14630389214, 3.80807256699, 4.45823097229, 5.10838985443, 5.75854873657, 6.40870714188, 7.05886602402, 7.72063493729, 8.38240337372, 9.06739234924, 9.75238037109, 10.4605894089, 11.1687984467, 11.8653964996, 12.5852155685],
