{
"metadata": {
    "version": {
        "essentia": "2.1-beta5",
        "essentia_git_sha": "Undefined",
        "extractor": "music 2.0"
    },
    "audio_properties": {
        "analysis": {
            "equal_loudness": 0,
            "length": 12.7477550507,
            "sample_rate": 44100,
            "start_time": 0,
            "downmix": "mix"
        },
        "bit_rate": 192000,
        "length": 189.126541138,
        "lossless": 0,
        "number_channels": 2,
        "replay_gain": -0.886165618896,
        "sample_rate": 48000,
        "codec": "mp3",
        "md5_encoded": "8bbb3db84ba946e63b3b33978df96836"
    },
    "tags": {
        "file_name": "Germany_Über Die Brücke Geh_n_Ingrid Peters.mp3",
        "encoding": ["Lavf58.29.100"]
    }
},
"lowlevel": {
    "average_loudness": 0.846357762814,
    "barkbands_crest": {
        "max": 23.216342926,
        "mean": 9.99185562134,
        "min": 2.54016160965,
        "stdev": 3.65810465813
    },
    "barkbands_flatness_db": {
        "max": 0.392401069403,
        "mean": 0.211858019233,
        "min": 0.0309607312083,
        "stdev": 0.0880001708865
    },
    "barkbands_kurtosis": {
        "max": 74.0442657471,
        "mean": 9.00360870361,
        "min": -1.86870348454,
        "stdev": 10.3669233322
    },
    "barkbands_skewness": {
        "max": 7.21951198578,
        "mean": 1.23026561737,
        "min": -5.28717327118,
        "stdev": 1.8045810461
    },
    "barkbands_spread": {
        "max": 79.5455856323,
        "mean": 14.306473732,
        "min": 1.01405656338,
        "stdev": 16.2557353973
    },
    "dissonance": {
        "max": 0.499998629093,
        "mean": 0.406300485134,
        "min": 0.12187551707,
        "stdev": 0.08811609447
    },
    "dynamic_complexity": 6.98319816589,
    "erbbands_crest": {
        "max": 30.0557994843,
        "mean": 12.0815734863,
        "min": 2.12436437607,
        "stdev": 5.18484687805
    },
    "erbbands_flatness_db": {
        "max": 0.390829920769,
        "mean": 0.242928937078,
        "min": 0.0768585056067,
        "stdev": 0.0764077082276
    },
    "erbbands_kurtosis": {
        "max": 33.5322113037,
        "mean": 5.44258975983,
        "min": -1.80436003208,
        "stdev": 6.67142057419
    },
    "erbbands_skewness": {
        "max": 4.49520015717,
        "mean": 0.974535048008,
        "min": -4.01647901535,
        "stdev": 1.57141506672
    },
    "erbbands_spread": {
        "max": 99.354019165,
        "mean": 23.9156360626,
        "min": 2.25705170631,
        "stdev": 21.2048454285
    },
    "hfc": {
        "max": 76.4439544678,
        "mean": 7.2571554184,
        "min": 0.0053721559234,
        "stdev": 11.6951408386
    },
    "loudness_ebu128": {
        "integrated": -26.3615245819,
        "loudness_range": 4.72062492371,
        "momentary": {
            "max": -21.2082386017,
            "mean": -28.4881057739,
            "min": -47.2249832153,
            "stdev": 5.11066818237
        },
        "short_term": {
            "max": -24.2160491943,
            "mean": -27.0500392914,
            "min": -29.7990112305,
            "stdev": 1.73451185226
        }
    },
    "melbands_crest": {
        "max": 26.67096138,
        "mean": 11.9657669067,
        "min": 2.88042235374,
        "stdev": 4.48702383041
    },
    "melbands_flatness_db": {
        "max": 0.463269114494,
        "mean": 0.251886278391,
        "min": 0.038627948612,
        "stdev": 0.113570205867
    },
    "melbands_kurtosis": {
        "max": 77.3090362549,
        "mean": 11.6572256088,
        "min": -1.81949937344,
        "stdev": 14.3206367493
    },
    "melbands_skewness": {
        "max": 6.69330883026,
        "mean": 1.63193368912,
        "min": -3.27928686142,
        "stdev": 1.67620253563
    },
    "melbands_spread": {
        "max": 185.205581665,
        "mean": 24.7877101898,
        "min": 1.51908504963,
        "stdev": 34.7328186035
    },
    "pitch_salience": {
        "max": 0.892753064632,
        "mean": 0.724513173103,
        "min": 0.285984098911,
        "stdev": 0.0826964825392
    },
    "silence_rate_20dB": {
        "max": 1,
        "mean": 1,
        "min": 1,
        "stdev": 0
    },
    "silence_rate_30dB": {
        "max": 1,
        "mean": 0.992727279663,
        "min": 0,
        "stdev": 0.0849696844816
    },
    "silence_rate_60dB": {
        "max": 1,
        "mean": 0.463636368513,
        "min": 0,
        "stdev": 0.498676657677
    },
    "spectral_centroid": {
        "max": 5078.86425781,
        "mean": 1283.0032959,
        "min": 277.251190186,
        "stdev": 1230.44067383
    },
    "spectral_complexity": {
        "max": 28,
        "mean": 5.92181825638,
        "min": 0,
        "stdev": 4.78475618362
    },
    "spectral_decrease": {
        "max": -4.78892587478e-13,
        "mean": -3.13840309296e-09,
        "min": -3.10588212926e-08,
        "stdev": 5.11300468631e-09
    },
    "spectral_energy": {
        "max": 0.12415689975,
        "mean": 0.0125032942742,
        "min": 2.29471902458e-06,
        "stdev": 0.0203110054135
    },
    "spectral_energyband_high": {
        "max": 0.0034585823305,
        "mean": 0.000141844153404,
        "min": 6.54776783904e-07,
        "stdev": 0.000423392222729
    },
    "spectral_energyband_low": {
        "max": 0.00614575389773,
        "mean": 0.000523405440617,
        "min": 2.03569541668e-07,
        "stdev": 0.000713165267371
    },
    "spectral_energyband_middle_high": {
        "max": 0.0235148370266,
        "mean": 0.00100321753416,
        "min": 6.54720736293e-07,
        "stdev": 0.002343588043
    },
    "spectral_energyband_middle_low": {
        "max": 0.1157675758,
        "mean": 0.0110369920731,
        "min": 8.15256328224e-07,
        "stdev": 0.0185491591692
    },
    "spectral_entropy": {
        "max": 8.42028903961,
        "mean": 6.99136590958,
        "min": 5.13725614548,
        "stdev": 0.840149283409
    },
    "spectral_flux": {
        "max": 0.368383198977,
        "mean": 0.0615651011467,
        "min": 0.00151483295485,
        "stdev": 0.060213893652
    },
    "spectral_kurtosis": {
        "max": 62.9211196899,
        "mean": 10.0224838257,
        "min": -0.729396343231,
        "stdev": 10.9171409607
    },
    "spectral_rms": {
        "max": 0.0110058477148,
        "mean": 0.00256227562204,
        "min": 4.73154323117e-05,
        "stdev": 0.00237341155298
    },
    "spectral_rolloff": {
        "max": 8441.015625,
        "mean": 1669.4107666,
        "min": 258.3984375,
        "stdev": 1941.20849609
    },
    "spectral_skewness": {
        "max": 6.4136762619,
        "mean": 2.0942466259,
        "min": -0.292515933514,
        "stdev": 1.32811427116
    },
    "spectral_spread": {
        "max": 15308545,
        "mean": 3529349.75,
        "min": 1113697.75,
        "stdev": 1546436.25
    },
    "spectral_strongpeak": {
        "max": 6.25734710693,
        "mean": 0.817081034184,
        "min": 0.00149690930266,
        "stdev": 1.02352249622
    },
    "zerocrossingrate": {
        "max": 0.275390625,
        "mean": 0.0647079199553,
        "min": 0.0107421875,
        "stdev": 0.0589809119701
    },
    "barkbands": {
        "max": [6.73122804074e-06, 0.000463329284685, 0.00320816459134, 0.00851474702358, 0.0136831272393, 0.0520046763122, 0.0680453777313, 0.0838429033756, 0.0358045175672, 0.00590269360691, 0.00694334600121, 0.00592960929498, 0.01493126899, 0.00588429672644, 0.00545740826055, 0.00195954344235, 0.000868917442858, 0.00110350968316, 0.00111623993143, 0.00215290347114, 0.00161863444373, 0.0010141475359, 0.000630953873042, 0.000324876105879, 1.02246085589e-05, 1.19627415529e-07, 6.05144307997e-08],
        "mean": [6.8923714025e-07, 5.52247402084e-05, 0.000305510417093, 0.000346869550413, 0.00117604550906, 0.00209732959047, 0.00361661193892, 0.00264890771359, 0.00107976398431, 0.000176329922397, 9.20888196561e-05, 0.000124702404719, 0.000230129924603, 0.000170256214915, 0.000102406658698, 3.06386755256e-05, 3.01304189634e-05, 2.16027001443e-05, 2.07218108699e-05, 6.65651750751e-05, 5.48831267224e-05, 2.92491204164e-05, 1.90600221686e-05, 7.08434163244e-06, 4.6582226787e-07, 3.66933008422e-08, 7.10944025872e-10],
        "min": [1.78827730402e-09, 6.45300275437e-08, 2.44590108167e-08, 1.04617203789e-08, 7.82608609029e-08, 6.43379962639e-08, 7.83081048894e-08, 4.68700527279e-08, 4.83664948092e-08, 3.55336347013e-08, 1.84483894827e-08, 1.81900912111e-08, 2.76027343205e-08, 1.32613839909e-08, 5.17527851684e-08, 1.12620401893e-08, 9.0021146093e-08, 1.32842401968e-07, 3.82808060806e-08, 1.23164767274e-07, 2.22976495934e-07, 8.61865885327e-08, 4.28392681329e-08, 1.12721156853e-08, 1.23406938002e-08, 2.6752688953e-10, 4.87639650881e-11],
        "stdev": [8.16962540284e-07, 7.6160999015e-05, 0.000460987328552, 0.000792203820311, 0.00185607129242, 0.00546157127246, 0.008006808348, 0.00807437300682, 0.00338119152002, 0.000520700821653, 0.000435335212387, 0.00046347125317, 0.00110714393668, 0.000571034208406, 0.000435498921433, 0.000148384526256, 9.18560399441e-05, 8.56500773807e-05, 7.99302069936e-05, 0.000189127880731, 0.000188978388906, 0.000108131192974, 6.61383019178e-05, 2.77503550024e-05, 6.2373834453e-07, 1.97373886124e-08, 2.78374900908e-09]
    },
    "erbbands": {
        "max": [0.00207521743141, 0.177705585957, 2.16140627861, 17.2375411987, 32.6081085205, 42.5224685669, 235.795227051, 655.311950684, 1008.54187012, 1805.06750488, 1267.19262695, 942.381103516, 214.239105225, 307.544342041, 191.342651367, 282.543487549, 589.467834473, 447.294403076, 313.033843994, 213.011077881, 121.387123108, 49.1261634827, 81.3876953125, 28.2140865326, 84.9152297974, 121.950759888, 60.8498725891, 63.7742424011, 36.9575805664, 24.5884151459, 16.9001693726, 7.94422531128, 4.09298276901, 0.40110129118, 0.0212331227958, 0.00188613182399, 0.000149208019138, 3.74900882889e-05, 6.22261213721e-05, 0.000142322314787],
        "mean": [0.000439867959358, 0.0208081752062, 0.26478138566, 0.853686332703, 2.01561737061, 3.83688879013, 8.77921772003, 20.9859752655, 49.3720321655, 55.009513855, 53.3372459412, 25.6812934875, 8.73252296448, 4.52372980118, 3.60415220261, 5.96098089218, 9.65198707581, 9.80691432953, 7.91917419434, 2.81714963913, 1.70301175117, 1.76360237598, 1.43734180927, 0.616490840912, 1.87760365009, 3.28683519363, 2.33532476425, 1.90178442001, 1.06948816776, 0.83842086792, 0.494413107634, 0.244959488511, 0.0663618370891, 0.00907391775399, 0.00255701038986, 0.000484472198877, 1.92387142306e-05, 2.79137452708e-06, 6.60957493892e-06, 1.44104351421e-05],
        "min": [1.54947406372e-06, 1.50548939928e-05, 5.22325317434e-05, 0.000198158057174, 0.000226630290854, 0.000217451801291, 0.000664193241391, 0.000390044937376, 0.000847542134579, 0.00178252358455, 0.00112890067976, 0.00143330451101, 0.00290991412476, 0.000578545965254, 0.00111569999717, 0.000591680232901, 0.00112457387149, 0.00106171076186, 0.00185127707664, 0.00203688419424, 0.00136704021133, 0.00547623634338, 0.00804561097175, 0.00552368490025, 0.00162471877411, 0.00618356326595, 0.00815566629171, 0.00754435919225, 0.00367198162712, 0.0022990333382, 0.000698095129337, 0.000270021497272, 0.000164224373293, 0.00011880882812, 9.11766837817e-05, 1.10028340714e-05, 4.22477938855e-07, 6.15272597315e-08, 1.12784972472e-08, 4.52762893843e-09],
        "stdev": [0.000374630122678, 0.0255484357476, 0.351663142443, 1.54596793652, 3.78851556778, 6.37118625641, 21.5091438293, 57.3591384888, 112.492424011, 158.191055298, 155.054733276, 77.5606002808, 24.247549057, 17.0039768219, 13.8970527649, 22.0493507385, 41.9097633362, 35.7784957886, 29.7465934753, 12.5844802856, 7.8820734024, 5.3573513031, 5.7415266037, 2.16508364677, 6.38509178162, 9.88212490082, 7.26660919189, 6.90388345718, 4.00080108643, 2.82383394241, 1.78809893131, 0.911796569824, 0.28733381629, 0.0265180878341, 0.00149578310084, 0.000228203949519, 1.52822449309e-05, 3.95800134356e-06, 9.96045946522e-06, 2.30373734667e-05]
    },
    "gfcc": {
        "mean": [-172.934997559, 122.116592407, -122.175102234, 33.5800895691, -89.2381668091, -3.04570150375, -46.2915916443, -6.34910726547, -15.6848258972, 0.40999007225, -3.95784449577, -21.5829181671, -6.11876869202],
        "cov": [[6228.48681641, 2287.12109375, -916.046813965, -1521.1829834, -225.236083984, -1242.26940918, 240.67930603, -612.396972656, 425.175048828, -388.982818604, 372.106292725, -763.888916016, -249.2237854], [2287.12109375, 2982.3684082, 762.118103027, -1683.60742188, -56.3520278931, -781.676940918, -78.9636230469, -105.864326477, -33.9563713074, -267.536071777, 233.800308228, -382.24105835, -203.630844116], [-916.046813965, 762.118103027, 1367.60632324, -1.09143519402, -163.541152954, -42.75233078, -126.100723267, 53.9043464661, -133.720321655, -39.2011299133, 31.5019493103, 100.869926453, 26.9315223694], [-1521.1829834, -1683.60742188, -1.09143519402, 1508.10705566, 66.4173812866, 404.44619751, -67.299621582, 8.07991123199, 72.0303878784, 230.925354004, -169.766937256, 239.866027832, 182.293762207], [-225.236083984, -56.3520278931, -163.541152954, 66.4173812866, 272.356933594, 91.0122909546, -124.550720215, 35.9669075012, 20.0596561432, 80.1170501709, -46.3154907227, -2.03567528725, -2.38091993332], [-1242.26940918, -781.676940918, -42.75233078, 404.44619751, 91.0122909546, 567.479003906, 42.5611000061, 75.3289260864, -58.1080513, 136.093978882, -79.552734375, 146.373321533, 11.0553655624], [240.67930603, -78.9636230469, -126.100723267, -67.299621582, -124.550720215, 42.5611000061, 231.014190674, 38.7215194702, -21.2678871155, -47.3029174805, 25.0658245087, -23.5147075653, -20.945306778], [-612.396972656, -105.864326477, 53.9043464661, 8.07991123199, 35.9669075012, 75.3289260864, 38.7215194702, 212.110107422, -53.2934875488, -17.781665802, -56.5131378174, 74.3784561157, 22.4014530182], [425.175048828, -33.9563713074, -133.720321655, 72.0303878784, 20.0596561432, -58.1080513, -21.2678871155, -53.2934875488, 138.11618042, 24.0502719879, -12.5842170715, -58.4363632202, 8.82966709137], [-388.982818604, -267.536071777, -39.2011299133, 230.925354004, 80.1170501709, 136.093978882, -47.3029174805, -17.781665802, 24.0502719879, 170.524383545, -22.5256500244, -1.02291119099, 25.2844467163], [372.106292725, 233.800308228, 31.5019493103, -169.766937256, -46.3154907227, -79.552734375, 25.0658245087, -56.5131378174, -12.5842170715, -22.5256500244, 104.023094177, -33.1726379395, -35.214214325], [-763.888916016, -382.24105835, 100.869926453, 239.866027832, -2.03567528725, 146.373321533, -23.5147075653, 74.3784561157, -58.4363632202, -1.02291119099, -33.1726379395, 194.17628479, 58.7155036926], [-249.2237854, -203.630844116, 26.9315223694, 182.293762207, -2.38091993332, 11.0553655624, -20.945306778, 22.4014530182, 8.82966709137, 25.2844467163, -35.214214325, 58.7155036926, 92.2010955811]],
        "icov": [[0.00266584916972, -0.00168959749863, 0.00183602585457, -0.000712245877367, -0.000597136386205, 0.00157721852884, -0.00304819154553, 0.00426701083779, -0.00441776076332, 0.0038303968031, -0.00266751600429, 0.00234311935492, -0.000725752615836], [-0.00168959749863, 0.005202235654, -0.00440454436466, 0.00410434696823, -0.00378980883397, 0.00188524380792, -0.000375959207304, -0.000673367001582, 0.00163967558183, -0.00228751124814, 0.00193036790006, 6.84413898853e-05, 0.00101229804568], [0.00183602585457, -0.00440454436466, 0.0050286501646, -0.00349516514689, 0.00452277623117, -0.00147319666576, 0.00171603821218, 0.000341156410286, -0.0011611552909, 0.00268203020096, -0.00283929263242, 0.000994467060082, -0.00106486491859], [-0.000712245877367, 0.00410434696823, -0.00349516514689, 0.00504303118214, -0.00355785433203, 0.00193296303041, -0.00190579367336, 0.00170399446506, -0.000929451605771, -0.00250030169263, 0.00271434523165, -0.00122592796106, -0.000388931512134], [-0.000597136386205, -0.00378980883397, 0.00452277623117, -0.00355785433203, 0.0136520676315, -0.00517461448908, 0.010184828192, -0.00691486895084, 0.00247590360232, -0.00209252932109, -0.00039507940528, 0.000695982773323, 0.000438560062321], [0.00157721852884, 0.00188524380792, -0.00147319666576, 0.00193296303041, -0.00517461448908, 0.00786736421287, -0.00700241047889, 0.00525490008295, -0.00252114259638, -0.00162118498702, 0.00195036095101, -0.00216601090506, 0.00390137406066], [-0.00304819154553, -0.000375959207304, 0.00171603821218, -0.00190579367336, 0.010184828192, -0.00700241047889, 0.0172356683761, -0.0114390244707, 0.00692561734468, -0.00129376503173, -0.00192837964278, 0.00253423419781, -0.000664453720674], [0.00426701083779, -0.000673367001582, 0.000341156410286, 0.00170399446506, -0.00691486895084, 0.00525490008295, -0.0114390244707, 0.017538856715, -0.00640392303467, 0.00550205260515, 0.00215801945888, -0.000169349790667, -0.00105396762956], [-0.00441776076332, 0.00163967558183, -0.0011611552909, -0.000929451605771, 0.00247590360232, -0.00252114259638, 0.00692561734468, -0.00640392303467, 0.0192880611867, -0.00632294546813, 0.00571387214586, -0.000321718369378, -0.000373854156351], [0.0038303968031, -0.00228751124814, 0.00268203020096, -0.00250030169263, -0.00209252932109, -0.00162118498702, -0.00129376503173, 0.00550205260515, -0.00632294546813, 0.0182482339442, -0.00794848054647, 0.00974699202925, -0.00567022850737], [-0.00266751600429, 0.00193036790006, -0.00283929263242, 0.00271434523165, -0.00039507940528, 0.00195036095101, -0.00192837964278, 0.00215801945888, 0.00571387214586, -0.00794848054647, 0.0216602254659, -0.00754949543625, 0.00602203281596], [0.00234311935492, 6.84413898853e-05, 0.000994467060082, -0.00122592796106, 0.000695982773323, -0.00216601090506, 0.00253423419781, -0.000169349790667, -0.000321718369378, 0.00974699202925, -0.00754949543625, 0.0185417532921, -0.00782065652311], [-0.000725752615836, 0.00101229804568, -0.00106486491859, -0.000388931512134, 0.000438560062321, 0.00390137406066, -0.000664453720674, -0.00105396762956, -0.000373854156351, -0.00567022850737, 0.00602203281596, -0.00782065652311, 0.0207195952535]]
    },
    "melbands": {
        "max": [6.43348539597e-05, 0.000918331090361, 0.00294885993935, 0.00208302843384, 0.00673623103648, 0.0127536840737, 0.013444038108, 0.0167119707912, 0.00851928442717, 0.0051470156759, 0.00104506767821, 0.00120810163207, 0.000738038332202, 0.000520837726071, 0.00091618404258, 0.00173609086778, 0.00065828114748, 0.000537503627129, 0.000456639216281, 0.000158287599334, 0.00015641230857, 5.70339943806e-05, 6.66019695927e-05, 4.97744804306e-05, 2.46012950811e-05, 5.06366122863e-05, 7.95172236394e-05, 7.51894403948e-05, 3.96474242734e-05, 5.66127164348e-05, 3.41281302099e-05, 2.35309325944e-05, 1.76798257598e-05, 1.33685653054e-05, 1.08168624138e-05, 6.71872612656e-06, 4.64174900117e-06, 3.65192340723e-06, 1.0571347957e-06, 9.81633405672e-08],
        "mean": [8.70055191626e-06, 0.00010536735499, 0.000180391682079, 0.000203147472348, 0.000289888354018, 0.000494219304528, 0.000736002635676, 0.000602949527092, 0.000400206277845, 0.000141136115417, 3.95040660806e-05, 1.79863272933e-05, 1.24466259876e-05, 1.21675147966e-05, 1.84248347068e-05, 2.38207303482e-05, 1.717752275e-05, 1.38095911097e-05, 5.73433044337e-06, 2.38171605815e-06, 1.89073909951e-06, 1.75876050434e-06, 1.87211060165e-06, 7.55813516662e-07, 4.16523448621e-07, 8.76123806393e-07, 2.18818945541e-06, 2.11401152228e-06, 1.34966876431e-06, 1.52789573349e-06, 9.11103882117e-07, 5.94677771915e-07, 5.40485245892e-07, 4.33093219954e-07, 3.05204110873e-07, 1.97736312657e-07, 1.30291837763e-07, 5.39737534666e-08, 1.4184679209e-08, 4.57406601484e-09],
        "min": [1.93306757268e-08, 3.41650725488e-08, 3.51861260128e-08, 1.43944065556e-08, 2.08094768084e-08, 9.2203862323e-09, 1.70426091017e-08, 2.00717948928e-08, 7.35885574699e-09, 9.38669497685e-09, 1.40526275061e-08, 1.76035330757e-09, 3.09350012273e-09, 2.79608025622e-09, 1.13008469249e-09, 3.16233061959e-09, 1.58090007751e-09, 2.34776975638e-09, 3.42722894509e-09, 1.38148059659e-09, 1.36485012181e-09, 5.15545695023e-09, 4.48568693301e-09, 5.88038595595e-09, 4.33414593104e-09, 7.44453054757e-10, 1.703172825e-09, 3.75495634586e-09, 3.95241661622e-09, 4.41350112013e-09, 3.89903487275e-09, 2.1110346804e-09, 1.12987685874e-09, 1.43683498433e-09, 4.3233513991e-10, 1.72809891397e-10, 1.49646461889e-10, 1.28335869709e-10, 7.98587376782e-11, 1.13118653333e-10],
        "stdev": [1.10637110993e-05, 0.000132905013743, 0.000300180341583, 0.00027844592114, 0.000664705876261, 0.00125399732497, 0.00158775842283, 0.00174575659912, 0.00114326516632, 0.000438086222857, 0.000113299043733, 6.75966221024e-05, 5.57311432203e-05, 4.45030636911e-05, 7.39272509236e-05, 0.000119823183923, 6.2559331127e-05, 5.29890785401e-05, 2.70467444352e-05, 1.13721389425e-05, 9.37256754696e-06, 5.58457395528e-06, 6.77358002577e-06, 3.20984622704e-06, 1.68950691659e-06, 3.52123424818e-06, 7.26594362277e-06, 6.40401185592e-06, 4.24783229391e-06, 5.4985944189e-06, 3.42758585248e-06, 2.30536011259e-06, 1.95188863472e-06, 1.45124931805e-06, 1.12996099233e-06, 7.31549505417e-07, 5.02652483192e-07, 2.47134437359e-07, 6.34150936207e-08, 6.47449249769e-09]
    },
    "melbands128": {
        "max": [5.46443516214e-06, 1.11568251668e-05, 3.96140676457e-05, 0.000329931150191, 0.00103821465746, 0.00201992550865, 0.00371461035684, 0.0042272862047, 0.00463914126158, 0.00331575376913, 0.00324736721814, 0.00660908129066, 0.00738687533885, 0.0192664526403, 0.0191809292883, 0.0178079493344, 0.0276449136436, 0.0204495377839, 0.0178193021566, 0.0331045426428, 0.0354328453541, 0.0233626961708, 0.0120114330202, 0.00977521482855, 0.0103178368881, 0.00527839269489, 0.00215077050962, 0.00117550068535, 0.00130922195967, 0.000788585632108, 0.00159573345445, 0.00165651680436, 0.00135805096943, 0.000468337733764, 0.000529042852577, 0.000877619313542, 0.00165358965751, 0.000870060292073, 0.00166836020071, 0.00196278071962, 0.00320759601891, 0.00247417786159, 0.00121472019237, 0.00071621790994, 0.000770181533881, 0.000928639725316, 0.00111226050649, 0.000435395719251, 0.000816102023236, 0.000307654612698, 0.000218671862967, 0.000190468301298, 0.00024450419005, 0.000127586172312, 0.000157551738084, 6.47731576464e-05, 6.57955970382e-05, 7.28839804651e-05, 9.1308625997e-05, 0.000173760432517, 2.83670015051e-05, 2.06893000723e-05, 1.70736111613e-05, 3.61049023923e-05, 3.86243482353e-05, 4.42757118435e-05, 7.79470719863e-05, 0.000122652461869, 0.000105815459392, 0.000160253126523, 0.000112225534394, 5.26962212462e-05, 6.14563541603e-05, 5.24551869603e-05, 6.2406717916e-05, 8.27842304716e-05, 7.35790235922e-05, 6.0094804212e-05, 3.21110346704e-05, 3.16109289997e-05, 3.67383036064e-05, 2.51296132774e-05, 2.30629666476e-05, 2.16193748201e-05, 1.54508452397e-05, 1.45797057485e-05, 1.72681193362e-05, 1.18176585602e-05, 1.16349856398e-05, 1.20812055684e-05, 7.84603071224e-06, 8.16759984446e-06, 6.53047254673e-06, 5.93985305386e-06, 7.26468078938e-06, 3.75650142814e-06, 5.46019828107e-06, 2.02902651836e-06, 1.2397796354e-06, 4.04989805247e-07, 1.74882160309e-07, 8.52158592579e-08, 1.8103737176e-08, 1.70193636961e-08, 1.02223483012e-08, 9.39121047594e-09, 9.82569048347e-09, 5.71301761454e-09, 1.56184276623e-09, 3.30861282816e-10, 3.29794469511e-10, 3.19785226077e-10, 3.14466952478e-10, 3.06271619177e-10, 3.05125785749e-10, 2.93003121765e-10, 2.88126106307e-10, 2.80913597939e-10, 2.69304634148e-10, 2.66140026683e-10, 2.65095001506e-10, 2.57519061631e-10, 2.57072058085e-10, 2.47901227324e-10, 2.4022001055e-10, 2.41732522888e-10, 2.41306141735e-10, 2.40407138641e-10],
        "mean": [4.67078280053e-07, 1.04894809283e-06, 4.71645444122e-06, 3.64446495951e-05, 0.000102754143882, 0.000163711505593, 0.000166723490111, 0.000179927505087, 0.000211157195736, 0.000185104625416, 0.000194848704268, 0.000298571947496, 0.000294095894787, 0.00030299538048, 0.000388228916563, 0.000592029944528, 0.000933114264626, 0.000718140276149, 0.000553528021555, 0.000656794873066, 0.00059501855867, 0.000551240635104, 0.000379161763703, 0.000263679801719, 0.000155462214025, 0.000108697931864, 5.12037768203e-05, 3.47939349012e-05, 2.47415155172e-05, 1.87398964044e-05, 1.64382963703e-05, 1.38435379995e-05, 1.47770788317e-05, 8.70824260346e-06, 8.4557577793e-06, 1.32418790599e-05, 1.818808596e-05, 1.89393540495e-05, 1.86077486433e-05, 1.91970084416e-05, 3.09098541038e-05, 2.09616337088e-05, 1.66562622326e-05, 1.56655914907e-05, 1.35933041747e-05, 1.60532053997e-05, 1.10437003968e-05, 5.03660430695e-06, 4.34207140643e-06, 2.37908170675e-06, 2.28336466535e-06, 2.14095052797e-06, 1.87735349755e-06, 1.72411023414e-06, 1.85456872259e-06, 1.7109515511e-06, 1.74675506059e-06, 2.02316937248e-06, 1.99369878828e-06, 1.44605814967e-06, 5.90266324707e-07, 3.5174872437e-07, 3.55049877498e-07, 4.37287525301e-07, 5.06611343098e-07, 6.92716696449e-07, 1.12902125693e-06, 1.77926176548e-06, 2.39592532125e-06, 2.91525611829e-06, 2.41584143623e-06, 1.53703456363e-06, 1.28998476612e-06, 1.32057448354e-06, 1.38319160214e-06, 1.59358171459e-06, 1.64372568179e-06, 1.24601581319e-06, 7.32538978809e-07, 6.84922952132e-07, 5.85222949212e-07, 5.54016139631e-07, 6.14106284047e-07, 5.03551632391e-07, 5.37923256161e-07, 4.73542542068e-07, 3.8442081518e-07, 3.70141123085e-07, 3.13041482514e-07, 2.56763001971e-07, 2.14254484376e-07, 1.83590472602e-07, 1.58953085361e-07, 1.43745538139e-07, 1.08679685695e-07, 6.61662014068e-08, 4.78083457267e-08, 2.4133175458e-08, 1.51827261874e-08, 7.57677653951e-09, 5.433090422e-09, 4.22679979906e-09, 3.29409566291e-09, 2.89278756505e-09, 2.69562638877e-09, 2.60561816567e-09, 2.31066477063e-09, 1.63168745182e-09, 3.03824521097e-10, 4.17582288192e-12, 3.99664329409e-12, 4.17956988463e-12, 4.73784856833e-12, 4.50059737742e-12, 4.41383908589e-12, 4.16254183899e-12, 3.71129429272e-12, 3.71864952026e-12, 4.61472049809e-12, 3.03323837401e-12, 2.86891886116e-12, 2.80963533689e-12, 2.78627294847e-12, 2.7121549364e-12, 2.4794643335e-12, 2.13446621489e-12, 1.94230655864e-12, 1.90766282979e-12],
        "min": [4.9844689487e-10, 7.29899829466e-09, 1.90350846196e-08, 2.56374175223e-08, 1.9230110837e-08, 1.66111906452e-08, 1.3064040516e-08, 3.64183261325e-09, 2.26698233519e-08, 1.03511617056e-08, 9.45829814469e-09, 1.90554345636e-08, 1.43557681298e-08, 2.0625456898e-08, 8.75946337686e-09, 2.71748179514e-09, 3.8110679057e-09, 8.56696225071e-09, 8.90009310694e-09, 6.22811224815e-09, 7.66381713646e-09, 9.31198762544e-09, 6.84719081434e-09, 1.47055412292e-09, 6.4081016049e-09, 2.85334200711e-09, 6.78178979641e-09, 6.0611902164e-09, 2.25796115139e-09, 1.57431478964e-09, 2.07202144331e-09, 9.34522348395e-10, 2.38170683176e-09, 4.04679578736e-09, 2.12544604139e-09, 1.830595453e-09, 5.63448177004e-10, 3.89018206537e-10, 1.90357596352e-09, 2.82235523841e-09, 2.60681676245e-09, 1.74357461802e-09, 1.88730497896e-09, 2.15142612059e-10, 4.59027704736e-10, 2.7849562656e-09, 3.68084185354e-09, 1.71357905643e-09, 2.26940577441e-09, 1.54270640706e-09, 7.58761498076e-10, 6.48059050867e-10, 4.08410721908e-10, 8.73785710453e-10, 2.682595035e-09, 2.35986430397e-09, 1.77568737492e-09, 1.18721565912e-09, 2.31973595888e-09, 3.09817616007e-09, 2.90073920439e-09, 2.78488654359e-09, 3.0597135936e-09, 3.2910749681e-09, 1.05245523407e-09, 3.96271598868e-10, 4.8189574553e-10, 1.15442810866e-09, 2.14836815005e-09, 2.0993338179e-09, 2.74599609718e-09, 1.80792814053e-09, 2.10673545276e-09, 2.50140441693e-09, 2.81633938393e-09, 2.72888578401e-09, 2.93752400182e-09, 1.6936314573e-09, 1.66754021702e-09, 1.43553247067e-09, 1.59737822969e-09, 1.61248214781e-09, 2.47829801125e-09, 2.20031159959e-10, 8.31001878421e-10, 1.7807524344e-09, 1.72818259703e-09, 8.34881219713e-10, 2.43364994823e-10, 2.05245570539e-10, 1.67013528007e-10, 1.66302277504e-10, 1.79793790966e-10, 1.55409018987e-10, 1.1999416738e-10, 1.4845816243e-10, 1.45459547185e-10, 7.74843106344e-11, 8.28524540641e-11, 7.19677234473e-11, 6.5376142e-11, 7.66750343772e-11, 2.24018137374e-10, 2.34754521378e-10, 8.66208563211e-11, 3.62413814237e-11, 3.27685517609e-11, 2.24957227325e-12, 1.91405441843e-12, 3.42188056319e-13, 3.26321760412e-13, 3.61771214114e-13, 2.73661301953e-13, 2.67478449329e-13, 3.66666847709e-13, 3.73233318167e-13, 2.92746621215e-13, 2.56162549939e-13, 2.12704094789e-13, 2.52420236406e-13, 2.10846382129e-13, 1.82659822597e-13, 2.39792289757e-13, 2.39657279482e-13, 1.69293209009e-13, 4.88354609572e-14, 6.60492363588e-15, 3.88974920024e-16],
        "stdev": [5.69162011743e-07, 1.0610094705e-06, 6.30736758467e-06, 5.27463307662e-05, 0.000146501959534, 0.000270301185083, 0.000343204563251, 0.00045432895422, 0.000478281493997, 0.00035827991087, 0.000395600742195, 0.000799164583441, 0.000846833339892, 0.00119152350817, 0.0015503668692, 0.00187155290041, 0.00260610808618, 0.00201770756394, 0.00175304920413, 0.0025250306353, 0.00242334511131, 0.00218795239925, 0.00132007151842, 0.00106505455915, 0.00065849267412, 0.000431626016507, 0.000198806286789, 0.000120534074085, 9.42912010942e-05, 6.60111909383e-05, 8.42414156068e-05, 8.65356923896e-05, 8.37773477542e-05, 3.62033169949e-05, 3.91871180909e-05, 5.85203051742e-05, 9.35213029152e-05, 8.34111197037e-05, 0.000101224097307, 0.00010685838788, 0.000203976771445, 0.0001356300927, 7.82441202318e-05, 6.37431803625e-05, 5.33208767592e-05, 8.11634236015e-05, 6.28478155704e-05, 2.41007783188e-05, 3.71425812773e-05, 1.47349473991e-05, 1.26471340991e-05, 1.32999939524e-05, 1.29870422825e-05, 8.29778218758e-06, 8.49895513966e-06, 6.15638873569e-06, 5.95161827732e-06, 7.22058393876e-06, 8.66973368829e-06, 9.03973705135e-06, 2.03887134376e-06, 1.34957144837e-06, 1.42844908169e-06, 2.15485101762e-06, 2.46004401561e-06, 3.09862957693e-06, 5.09980327479e-06, 7.72841303842e-06, 9.14873999136e-06, 1.17438839879e-05, 8.66302343638e-06, 4.81178267364e-06, 4.3566678869e-06, 4.56288489659e-06, 5.01553267895e-06, 6.17906198386e-06, 6.40113330519e-06, 4.9461573326e-06, 2.85325654659e-06, 2.89488457383e-06, 2.57206215792e-06, 2.25924077313e-06, 2.46129093284e-06, 1.90274579381e-06, 1.83305883183e-06, 1.62481205734e-06, 1.37755307605e-06, 1.35842333293e-06, 1.20216384403e-06, 1.05946560325e-06, 8.36119284031e-07, 7.02598924818e-07, 6.53244228488e-07, 5.56391682949e-07, 4.99280019994e-07, 2.77980603869e-07, 2.83294951942e-07, 1.13717845807e-07, 7.94362549073e-08, 2.19995577311e-08, 1.08218634054e-08, 5.02253261203e-09, 1.78655423788e-09, 1.44342482411e-09, 1.17142806566e-09, 1.20405430071e-09, 1.2946120842e-09, 8.91904550215e-10, 2.31925298411e-10, 1.55987757433e-11, 1.54533157104e-11, 1.50015885131e-11, 1.48214236023e-11, 1.43925904181e-11, 1.42859439556e-11, 1.36219022173e-11, 1.32746313941e-11, 1.30144003213e-11, 1.30984485411e-11, 1.22680017187e-11, 1.21844496298e-11, 1.18482992514e-11, 1.17942842992e-11, 1.140578864e-11, 1.1091943336e-11, 1.11428461944e-11, 1.11159779298e-11, 1.1072734743e-11]
    },
    "mfcc": {
        "mean": [-807.256835938, 138.454376221, 15.1938352585, 22.1567516327, -15.1799182892, -4.03231954575, -16.7818946838, -15.8543577194, -14.1910982132, 6.9421415329, -3.61304545403, 1.85432159901, -2.15427827835],
        "cov": [[6302.67871094, 1923.41870117, -1227.36218262, -436.038665771, -804.975952148, -505.84954834, -509.123168945, -360.857055664, -533.157592773, 365.857116699, -80.0788803101, -19.7902317047, 8.89670372009], [1923.41870117, 4408.32177734, 359.754241943, -967.543945312, -255.99105835, -1048.7109375, -78.2101745605, -280.74230957, -470.150970459, -86.9382553101, 61.5605735779, -140.528121948, 187.769088745], [-1227.36218262, 359.754241943, 1272.1340332, 227.572463989, 31.6273345947, -6.8849568367, 56.1901054382, 15.5842418671, 7.26072311401, -174.140457153, -11.424033165, 22.5480594635, 14.4248142242], [-436.038665771, -967.543945312, 227.572463989, 662.473937988, 173.276351929, 188.613693237, -101.186248779, -20.3136959076, 137.975662231, 13.0314378738, -85.4952774048, 26.8431015015, 8.55126285553], [-804.975952148, -255.99105835, 31.6273345947, 173.276351929, 446.332672119, 154.625488281, -42.391872406, -49.2337875366, 86.2159423828, -10.9944782257, 12.5130367279, -4.6454668045, 8.1877746582], [-505.84954834, -1048.7109375, -6.8849568367, 188.613693237, 154.625488281, 501.1328125, 49.3498916626, -7.89432048798, 108.23184967, 39.4402160645, 55.3216590881, 85.6224822998, -85.375328064], [-509.123168945, -78.2101745605, 56.1901054382, -101.186248779, -42.391872406, 49.3498916626, 225.41255188, 96.1023254395, 22.7107372284, -14.7710552216, 48.6730117798, 27.6351490021, -5.34100198746], [-360.857055664, -280.74230957, 15.5842418671, -20.3136959076, -49.2337875366, -7.89432048798, 96.1023254395, 229.563156128, 67.6455764771, -59.8069076538, 5.12010478973, 1.59601247311, -8.30843257904], [-533.157592773, -470.150970459, 7.26072311401, 137.975662231, 86.2159423828, 108.23184967, 22.7107372284, 67.6455764771, 194.863357544, 31.7489967346, -14.2118597031, 10.3848733902, -5.30659008026], [365.857116699, -86.9382553101, -174.140457153, 13.0314378738, -10.9944782257, 39.4402160645, -14.7710552216, -59.8069076538, 31.7489967346, 179.175262451, 23.4299716949, -4.94390535355, -9.83730792999], [-80.0788803101, 61.5605735779, -11.424033165, -85.4952774048, 12.5130367279, 55.3216590881, 48.6730117798, 5.12010478973, -14.2118597031, 23.4299716949, 110.829864502, 23.2924671173, -33.6120872498], [-19.7902317047, -140.528121948, 22.5480594635, 26.8431015015, -4.6454668045, 85.6224822998, 27.6351490021, 1.59601247311, 10.3848733902, -4.94390535355, 23.2924671173, 90.4907226562, 0.823728919029], [8.89670372009, 187.769088745, 14.4248142242, 8.55126285553, 8.1877746582, -85.375328064, -5.34100198746, -8.30843257904, -5.30659008026, -9.83730792999, -33.6120872498, 0.823728919029, 90.7369689941]],
        "icov": [[0.00131084676832, -0.0012602590723, 0.00141727970913, -0.00135537877213, 0.00216824980453, -0.00186002871487, 0.00248213321902, -0.00161955645308, 0.00239458703436, -0.00224532163702, 0.001785146771, -0.00134584319312, 0.00100399390794], [-0.0012602590723, 0.00246898899786, -0.00199761101976, 0.00274789659306, -0.00248605571687, 0.00391349894926, -0.00212280056439, 0.00297321425751, -0.00185072037857, 0.00204183463939, -0.00266465335153, 0.00103231996763, -0.00175654806662], [0.00141727970913, -0.00199761101976, 0.00294587248936, -0.00283246813342, 0.00272419303656, -0.00281311501749, 0.0019409788074, -0.00186686287634, 0.00213959463872, -0.00103462662082, 0.00179817166645, -0.00122315902263, 0.001534239389], [-0.00135537877213, 0.00274789659306, -0.00283246813342, 0.00593927036971, -0.00327166588977, 0.00339250988327, -0.000882941589225, 0.0028486433439, -0.00284717069007, 0.00132700114045, -0.000684786587954, 0.000352309609298, -0.00224635843188], [0.00216824980453, -0.00248605571687, 0.00272419303656, -0.00327166588977, 0.00720613775775, -0.00484958384186, 0.00448201410472, -0.0017912251642, 0.00217433413491, -0.00200644950382, 0.00116848270409, -0.000133658002596, 3.74671144527e-05], [-0.00186002871487, 0.00391349894926, -0.00281311501749, 0.00339250988327, -0.00484958384186, 0.0106817893684, -0.00440802751109, 0.00555044366047, -0.00379644101486, 0.00284430198371, -0.00455028843135, -0.00199260376394, 0.00136718212161], [0.00248213321902, -0.00212280056439, 0.0019409788074, -0.000882941589225, 0.00448201410472, -0.00440802751109, 0.0119898440316, -0.00566449342296, 0.00431755417958, -0.00485096080229, 0.0013939011842, -0.00325400778092, -0.000168297905475], [-0.00161955645308, 0.00297321425751, -0.00186686287634, 0.0028486433439, -0.0017912251642, 0.00555044366047, -0.00566449342296, 0.0116413319483, -0.00642664823681, 0.0065399389714, -0.00449536368251, 0.00232690363191, -0.0012021404691], [0.00239458703436, -0.00185072037857, 0.00213959463872, -0.00284717069007, 0.00217433413491, -0.00379644101486, 0.00431755417958, -0.00642664823681, 0.0138138355687, -0.00745328702033, 0.00520256254822, -0.00288448156789, 0.00137381977402], [-0.00224532163702, 0.00204183463939, -0.00103462662082, 0.00132700114045, -0.00200644950382, 0.00284430198371, -0.00485096080229, 0.0065399389714, -0.00745328702033, 0.0132665457204, -0.00658022472635, 0.00441039307043, -0.00227034278214], [0.001785146771, -0.00266465335153, 0.00179817166645, -0.000684786587954, 0.00116848270409, -0.00455028843135, 0.0013939011842, -0.00449536368251, 0.00520256254822, -0.00658022472635, 0.0185532420874, -0.00576869538054, 0.0069173797965], [-0.00134584319312, 0.00103231996763, -0.00122315902263, 0.000352309609298, -0.000133658002596, -0.00199260376394, -0.00325400778092, 0.00232690363191, -0.00288448156789, 0.00441039307043, -0.00576869538054, 0.017499672249, -0.00567065319046], [0.00100399390794, -0.00175654806662, 0.001534239389, -0.00224635843188, 3.74671144527e-05, 0.00136718212161, -0.000168297905475, -0.0012021404691, 0.00137381977402, -0.00227034278214, 0.0069173797965, -0.00567065319046, 0.0181363373995]]
    },
    "spectral_contrast_coeffs": {
        "max": [-0.359155893326, -0.39208266139, -0.52637720108, -0.588992118835, -0.664169728756, -0.562476873398],
        "mean": [-0.673538684845, -0.739810466766, -0.816572070122, -0.816731035709, -0.820551872253, -0.794916927814],
        "min": [-0.897969961166, -0.949022889137, -0.932701826096, -0.934054911137, -0.912716209888, -0.913068532944],
        "stdev": [0.12844799459, 0.12524817884, 0.081872753799, 0.0700545683503, 0.0584539100528, 0.0667025670409]
    },
    "spectral_contrast_valleys": {
        "max": [-6.31378793716, -4.63432598114, -5.73554039001, -6.35449504852, -6.69875955582, -9.48951244354],
        "mean": [-8.46816444397, -7.49249887466, -8.854347229, -9.14773750305, -9.12899971008, -11.7980413437],
        "min": [-10.9869699478, -10.5063343048, -11.5452098846, -11.5901880264, -10.4486684799, -13.5681009293],
        "stdev": [0.872022986412, 1.24118983746, 1.04530465603, 0.90993231535, 0.770203053951, 0.445948451757]
    }
},
"rhythm": {
    "beats_count": 22,
    "beats_loudness": {
        "max": 0.0960920155048,
        "mean": 0.0303769987077,
        "min": 8.48494382808e-05,
        "stdev": 0.0285673514009
    },
    "bpm": 111.643302917,
    "bpm_histogram_first_peak_bpm": 112,
    "bpm_histogram_first_peak_weight": 0.461538493633,
    "bpm_histogram_second_peak_bpm": 105,
    "bpm_histogram_second_peak_spread": 0.428571462631,
    "bpm_histogram_second_peak_weight": 0.190476194024,
    "danceability": 1.31519770622,
    "onset_rate": 4.85917615891,
    "beats_loudness_band_ratio": {
        "max": [0.669061839581, 0.832258522511, 0.838369548321, 0.171161606908, 0.635114014149, 0.598690450191],
        "mean": [0.121690630913, 0.252705067396, 0.498648762703, 0.0469427555799, 0.0699768364429, 0.07607717067],
        "min": [0.000413069501519, 0.00322986184619, 0.00399020686746, 0.00108849594835, 0.000244561233558, 0.000444370904006],
        "stdev": [0.161433175206, 0.236139088869, 0.295614153147, 0.0433573499322, 0.153583347797, 0.176045700908]
    },
    "beats_position": [0.592108845711, 1.17260766029, 1.74149656296, 2.29877543449, 2.86766433716, 3.3785033226, 3.90095233917, 4.48145103455, 5.07355976105, 5.64244890213, 6.21133756638, 6.74539661407, 7.27945566177, 7.8251247406, 8.38240337372, 8.90485286713, 9.45052146912, 9.98458003998, 10.5186395645, 11.0526981354, 11.5867567062, 12.1208162308],
