{
"metadata": {
    "version": {
        "essentia": "2.1-beta5",
        "essentia_git_sha": "Undefined",
        "extractor": "music 2.0"
    },
    "audio_properties": {
        "analysis": {
            "equal_loudness": 0,
            "length": 34.9576416016,
            "sample_rate": 44100,
            "start_time": 142.744674683,
            "downmix": "mix"
        },
        "bit_rate": 192000,
        "length": 177.725540161,
        "lossless": 0,
        "number_channels": 1,
        "replay_gain": -8.73791122437,
        "sample_rate": 48000,
        "codec": "mp3",
        "md5_encoded": "2083c34d9f0d3d02a1633f828ea42faa"
    },
    "tags": {
        "file_name": "Austria_Die Zeit Ist Einsam_Timna Brauer.mp3",
        "encoding": ["Lavf58.29.100"]
    }
},
"lowlevel": {
    "average_loudness": 0.842352211475,
    "barkbands_crest": {
        "max": 26.8076286316,
        "mean": 11.225230217,
        "min": 3.06275582314,
        "stdev": 4.99948501587
    },
    "barkbands_flatness_db": {
        "max": 0.447793781757,
        "mean": 0.181143984199,
        "min": 0.0764698013663,
        "stdev": 0.04050610587
    },
    "barkbands_kurtosis": {
        "max": 374.645568848,
        "mean": 8.37612628937,
        "min": -1.87172555923,
        "stdev": 13.8582715988
    },
    "barkbands_skewness": {
        "max": 19.2527523041,
        "mean": 1.85677301884,
        "min": -1.55766248703,
        "stdev": 1.41840612888
    },
    "barkbands_spread": {
        "max": 136.686416626,
        "mean": 11.0667629242,
        "min": 1.3963060379,
        "stdev": 7.7511920929
    },
    "dissonance": {
        "max": 0.499913811684,
        "mean": 0.427054107189,
        "min": 0.177793368697,
        "stdev": 0.0497611276805
    },
    "dynamic_complexity": 3.54738926888,
    "erbbands_crest": {
        "max": 28.5547924042,
        "mean": 11.4238958359,
        "min": 3.0548312664,
        "stdev": 5.16100502014
    },
    "erbbands_flatness_db": {
        "max": 0.31276717782,
        "mean": 0.200982555747,
        "min": 0.0293126516044,
        "stdev": 0.0436692461371
    },
    "erbbands_kurtosis": {
        "max": 37.6723556519,
        "mean": 3.34145903587,
        "min": -1.77928435802,
        "stdev": 5.04421138763
    },
    "erbbands_skewness": {
        "max": 4.97121715546,
        "mean": 1.05013537407,
        "min": -1.76636064053,
        "stdev": 1.02864027023
    },
    "erbbands_spread": {
        "max": 102.158546448,
        "mean": 21.2988815308,
        "min": 3.16271209717,
        "stdev": 12.0183401108
    },
    "hfc": {
        "max": 73.4468078613,
        "mean": 13.7255153656,
        "min": 5.86758588383e-08,
        "stdev": 12.6954040527
    },
    "loudness_ebu128": {
        "integrated": -19.5351428986,
        "loudness_range": 6.0439453125,
        "momentary": {
            "max": -14.2069396973,
            "mean": -20.8126182556,
            "min": -30.1994380951,
            "stdev": 3.59599041939
        },
        "short_term": {
            "max": -16.5395412445,
            "mean": -20.0414676666,
            "min": -25.8351039886,
            "stdev": 2.28971767426
        }
    },
    "melbands_crest": {
        "max": 39.8877944946,
        "mean": 13.3994293213,
        "min": 3.94815778732,
        "stdev": 6.02220201492
    },
    "melbands_flatness_db": {
        "max": 0.423075467348,
        "mean": 0.239821344614,
        "min": 0.0874375402927,
        "stdev": 0.048674069345
    },
    "melbands_kurtosis": {
        "max": 763.741088867,
        "mean": 10.7808742523,
        "min": -1.45666265488,
        "stdev": 23.4061813354
    },
    "melbands_skewness": {
        "max": 26.8859176636,
        "mean": 1.93191182613,
        "min": -1.19344234467,
        "stdev": 1.54186582565
    },
    "melbands_spread": {
        "max": 137.921798706,
        "mean": 13.4915523529,
        "min": 1.25857257843,
        "stdev": 8.65287590027
    },
    "pitch_salience": {
        "max": 0.884853124619,
        "mean": 0.576697289944,
        "min": 0.00895677134395,
        "stdev": 0.139984741807
    },
    "silence_rate_20dB": {
        "max": 1,
        "mean": 1,
        "min": 1,
        "stdev": 0
    },
    "silence_rate_30dB": {
        "max": 1,
        "mean": 1,
        "min": 1,
        "stdev": 0
    },
    "silence_rate_60dB": {
        "max": 1,
        "mean": 0.080955542624,
        "min": 0,
        "stdev": 0.272766649723
    },
    "spectral_centroid": {
        "max": 4587.48046875,
        "mean": 813.43572998,
        "min": 329.550140381,
        "stdev": 440.417480469
    },
    "spectral_complexity": {
        "max": 37,
        "mean": 14.4777708054,
        "min": 0,
        "stdev": 6.47285366058
    },
    "spectral_decrease": {
        "max": -7.11977845154e-18,
        "mean": -4.93329466167e-09,
        "min": -2.67458677428e-08,
        "stdev": 4.23036894404e-09
    },
    "spectral_energy": {
        "max": 0.105784825981,
        "mean": 0.0198643561453,
        "min": 3.21937754233e-11,
        "stdev": 0.0169335324317
    },
    "spectral_energyband_high": {
        "max": 0.00137982389424,
        "mean": 0.000130508327857,
        "min": 4.01329230265e-12,
        "stdev": 0.000160875977599
    },
    "spectral_energyband_low": {
        "max": 0.0233414229006,
        "mean": 0.00152276805602,
        "min": 1.73121430386e-11,
        "stdev": 0.00253321649507
    },
    "spectral_energyband_middle_high": {
        "max": 0.059492841363,
        "mean": 0.00476496852934,
        "min": 9.03026514242e-13,
        "stdev": 0.00677807116881
    },
    "spectral_energyband_middle_low": {
        "max": 0.0971140041947,
        "mean": 0.013734024018,
        "min": 7.49684656801e-13,
        "stdev": 0.0148949818686
    },
    "spectral_entropy": {
        "max": 9.23144245148,
        "mean": 7.02519893646,
        "min": 5.82761001587,
        "stdev": 0.441044360399
    },
    "spectral_flux": {
        "max": 0.23585113883,
        "mean": 0.0595224089921,
        "min": 6.86472139932e-06,
        "stdev": 0.0335001163185
    },
    "spectral_kurtosis": {
        "max": 26.1145133972,
        "mean": 9.23544597626,
        "min": -0.606159448624,
        "stdev": 4.12100601196
    },
    "spectral_rms": {
        "max": 0.0101589718834,
        "mean": 0.00402517663315,
        "min": 1.77224606546e-07,
        "stdev": 0.00178263464477
    },
    "spectral_rolloff": {
        "max": 15719.2382812,
        "mean": 1009.6887207,
        "min": 21.533203125,
        "stdev": 747.211669922
    },
    "spectral_skewness": {
        "max": 4.53150987625,
        "mean": 2.59559416771,
        "min": 0.496638506651,
        "stdev": 0.576404690742
    },
    "spectral_spread": {
        "max": 19236328,
        "mean": 4560777.5,
        "min": 2356735.25,
        "stdev": 1593710.875
    },
    "spectral_strongpeak": {
        "max": 9.4204044342,
        "mean": 1.28253173828,
        "min": 0,
        "stdev": 1.23734271526
    },
    "zerocrossingrate": {
        "max": 0.5849609375,
        "mean": 0.0474653430283,
        "min": 0,
        "stdev": 0.0278322491795
    },
    "barkbands": {
        "max": [7.14204361429e-05, 0.00207935716026, 0.0190391540527, 0.0033491156064, 0.022044133395, 0.0833932161331, 0.0732104852796, 0.0277594421059, 0.0384352207184, 0.053766336292, 0.0539165660739, 0.0189316850156, 0.0147052342072, 0.0183469317853, 0.0123829040676, 0.00626718299463, 0.00371084664948, 0.00140810280573, 7.22583135939e-05, 0.0004576878855, 0.000726525962818, 0.000701997953001, 0.000142590521136, 0.000492064049467, 5.7583067246e-05, 3.26974695781e-05, 1.11082658805e-06],
        "mean": [4.10242091675e-06, 0.000207482444239, 0.00119883508887, 0.000254688929999, 0.00169581186492, 0.00447764480487, 0.00358142680489, 0.00154376414139, 0.00177845405415, 0.000826849136502, 0.000826147850603, 0.000729254330508, 0.000784414238296, 0.000782602641266, 0.000440473027993, 0.000309424824081, 0.000246308074566, 3.17118501698e-05, 3.48220964952e-06, 2.20954480028e-05, 3.81606587325e-05, 2.98342310998e-05, 7.28387021809e-06, 1.79702583409e-05, 1.17362624223e-05, 1.43853321788e-05, 6.13793904591e-09],
        "min": [1.34183671119e-11, 6.36738014745e-12, 1.12886494924e-14, 4.71323690797e-15, 2.86413687905e-14, 1.34598522649e-13, 5.12376870532e-14, 1.62510846793e-13, 9.74104694476e-14, 1.87159654636e-13, 1.00663550304e-13, 5.17570842684e-14, 6.5419146337e-14, 5.95080422113e-14, 1.20268907138e-13, 1.04673607564e-13, 9.83652382095e-14, 1.2095481409e-14, 4.86496930794e-14, 1.23850921381e-13, 4.71685577153e-14, 1.538730894e-13, 5.46185275827e-13, 4.96501711272e-13, 5.24259997393e-13, 6.71245773808e-13, 1.67360190376e-12],
        "stdev": [6.76419540468e-06, 0.000289730669465, 0.00219121598639, 0.000418352283305, 0.00235672760755, 0.00900978595018, 0.00893085729331, 0.00308999256231, 0.0033858420793, 0.00295867444947, 0.00265469262376, 0.00164855422918, 0.0016229437897, 0.00159242737573, 0.000908063084353, 0.000571487704292, 0.00046153695439, 6.80771045154e-05, 6.41354745312e-06, 4.154177077e-05, 6.86070561642e-05, 5.80238047405e-05, 8.61788339535e-06, 3.79987832275e-05, 4.86536373501e-06, 3.97279745812e-06, 2.90127584179e-08]
    },
    "erbbands": {
        "max": [0.0496236681938, 0.843303799629, 15.4666385651, 20.205280304, 20.9693813324, 111.078773499, 268.172363281, 1067.19543457, 893.932006836, 1656.43005371, 437.064544678, 456.546813965, 2147.4230957, 633.963256836, 1623.97424316, 664.837097168, 549.003356934, 1169.6171875, 619.905944824, 297.918395996, 324.182525635, 201.242294312, 88.9235153198, 5.80412054062, 6.75395011902, 27.1746768951, 33.6632423401, 20.595785141, 32.3226623535, 17.3246707916, 3.14411568642, 8.38395500183, 9.26724338531, 1.13026642799, 0.340208232403, 0.177382677794, 0.0617781318724, 0.00318500353023, 0.000167987396708, 0.00012055967818],
        "mean": [0.00266232481226, 0.081368714571, 1.10119140148, 1.17006707191, 1.85870718956, 7.05771350861, 17.1548919678, 44.5800323486, 43.4965667725, 59.3328475952, 28.1720352173, 35.8560409546, 43.5347709656, 23.481672287, 30.4367141724, 28.4795894623, 35.4930152893, 41.6102409363, 27.4223136902, 22.1645698547, 17.1023368835, 14.415599823, 3.39789867401, 0.390526026487, 0.451071768999, 1.08478200436, 1.52760112286, 1.46001088619, 1.05855226517, 0.532334208488, 0.204307451844, 0.375074326992, 0.270232707262, 0.124871917069, 0.0908388718963, 0.0674534365535, 0.0292167440057, 0.00145786826033, 4.05360588047e-05, 2.48235210165e-05],
        "min": [4.61324728418e-10, 1.88790982847e-10, 6.30843571825e-11, 4.24724595771e-11, 2.94459873151e-11, 6.80881254156e-11, 1.7920664952e-10, 1.13911169386e-09, 4.9553494641e-10, 2.39629560639e-09, 2.72037370408e-09, 2.28323338014e-09, 4.70693883869e-09, 6.0685079184e-09, 2.97260149829e-09, 2.0634014497e-09, 2.85239076803e-09, 2.55577137231e-09, 4.52603954315e-09, 8.86908768649e-09, 4.78874584431e-09, 5.51556134099e-09, 7.73280717237e-10, 1.39674383171e-09, 3.72417230388e-09, 6.98595981063e-09, 1.64345925757e-09, 2.82860779244e-09, 4.00902289144e-09, 1.47948622242e-08, 1.33920172729e-08, 8.05914890378e-09, 9.58896073655e-09, 5.43585265689e-09, 4.35933644738e-09, 3.53217211035e-09, 1.08897046935e-09, 3.74133529712e-10, 2.20078386071e-10, 2.96458378679e-11],
        "stdev": [0.00366420019418, 0.119810760021, 1.95749473572, 1.98716902733, 2.69832062721, 10.19140625, 27.1322021484, 98.4682312012, 101.74180603, 170.153717041, 44.8960609436, 58.916267395, 136.338088989, 42.0378646851, 83.383354187, 61.3534011841, 71.8293609619, 84.2458572388, 59.4308013916, 38.4969940186, 30.7892227173, 25.4023151398, 6.82749843597, 0.562870919704, 0.688471853733, 2.14029335976, 3.06406807899, 2.53250980377, 2.04525208473, 1.09942615032, 0.240500286222, 0.80110925436, 0.559388875961, 0.0883346199989, 0.030941799283, 0.0205449126661, 0.00831037014723, 0.000457660615211, 1.15529028335e-05, 1.93770029e-05]
    },
    "gfcc": {
        "mean": [-44.6207885742, 95.8404769897, -109.591468811, -18.0745677948, -72.4704589844, 13.1215190887, -55.8925628662, 1.72773230076, -22.49958992, 14.9592847824, -29.132314682, 7.44158124924, -7.88249635696],
        "cov": [[7782.21728516, 1323.45336914, -1192.75158691, -255.085983276, -72.0391769409, -138.6769104, -258.421203613, -253.360229492, -77.6984176636, -73.4620132446, -282.479522705, -136.309906006, 10.5673151016], [1323.45336914, 758.66418457, 340.599578857, -17.7573242188, 43.2136154175, -72.127281189, -83.8020706177, -32.0841598511, -63.3060035706, -51.1685447693, -48.9979515076, -59.4629516602, -46.1433639526], [-1192.75158691, 340.599578857, 1270.15161133, 221.240615845, -104.690505981, 19.1788654327, -40.3930358887, 99.2074203491, -68.8811187744, -7.63058137894, 39.8593063354, 20.0887260437, -86.4098434448], [-255.085983276, -17.7573242188, 221.240615845, 290.449371338, 77.0634918213, 9.34884643555, 10.6219472885, 17.3999881744, -14.5999193192, -23.0363750458, -23.508649826, 6.14629030228, -13.9078378677], [-72.0391769409, 43.2136154175, -104.690505981, 77.0634918213, 262.488952637, 79.9778060913, 47.0874176025, 7.53699398041, -36.0407104492, -18.4091911316, -40.1372947693, -39.8095245361, -2.61328148842], [-138.6769104, -72.127281189, 19.1788654327, 9.34884643555, 79.9778060913, 220.97076416, 115.906654358, 14.7088088989, -50.0216789246, 12.4726171494, -35.3750724792, -38.6785163879, 0.921501278877], [-258.421203613, -83.8020706177, -40.3930358887, 10.6219472885, 47.0874176025, 115.906654358, 160.667388916, 36.6052780151, -40.023273468, 12.8901805878, -12.0330438614, -36.8463020325, 4.66313314438], [-253.360229492, -32.0841598511, 99.2074203491, 17.3999881744, 7.53699398041, 14.7088088989, 36.6052780151, 89.6081924438, 16.0286388397, 0.323749363422, 6.72749948502, -4.68255376816, -17.8709621429], [-77.6984176636, -63.3060035706, -68.8811187744, -14.5999193192, -36.0407104492, -50.0216789246, -40.023273468, 16.0286388397, 109.358894348, 20.2635726929, 15.6168165207, 11.6429243088, 0.273158431053], [-73.4620132446, -51.1685447693, -7.63058137894, -23.0363750458, -18.4091911316, 12.4726171494, 12.8901805878, 0.323749363422, 20.2635726929, 69.5064620972, 24.1422252655, -6.05515098572, -2.31742501259], [-282.479522705, -48.9979515076, 39.8593063354, -23.508649826, -40.1372947693, -35.3750724792, -12.0330438614, 6.72749948502, 15.6168165207, 24.1422252655, 90.6927261353, 43.7722129822, -3.75457811356], [-136.309906006, -59.4629516602, 20.0887260437, 6.14629030228, -39.8095245361, -38.6785163879, -36.8463020325, -4.68255376816, 11.6429243088, -6.05515098572, 43.7722129822, 86.9511947632, 20.8997116089], [10.5673151016, -46.1433639526, -86.4098434448, -13.9078378677, -2.61328148842, 0.921501278877, 4.66313314438, -17.8709621429, 0.273158431053, -2.31742501259, -3.75457811356, 20.8997116089, 56.522228241]],
        "icov": [[0.00174480129499, -0.00553938001394, 0.00484846252948, -0.0035144793801, 0.00517399515957, -0.00392928905785, 0.00441041821614, -0.0039447164163, 0.00320781697519, -0.00342121138237, 0.00225123693235, -0.00169108249247, 0.00101027917117], [-0.00553938001394, 0.0201536640525, -0.0165818203241, 0.0126235457137, -0.0177801027894, 0.0141120981425, -0.0137895634398, 0.0142571562901, -0.00966159533709, 0.0120136709884, -0.00601438013837, 0.00687279738486, -0.00256341975182], [0.00484846252948, -0.0165818203241, 0.0155900325626, -0.0118325883523, 0.0162486415356, -0.0126335825771, 0.0139675475657, -0.0139547511935, 0.0105569176376, -0.0103148911148, 0.0048310784623, -0.00493301311508, 0.00354243977927], [-0.0035144793801, 0.0126235457137, -0.0118325883523, 0.0132537446916, -0.0135577172041, 0.0102164661512, -0.0109497280791, 0.0104213431478, -0.00767398765311, 0.00806958042085, -0.0013934832532, 0.00166195561178, -0.000799762434326], [0.00517399515957, -0.0177801027894, 0.0162486415356, -0.0135577172041, 0.0220863763243, -0.0147580327466, 0.0146562568843, -0.0145436301827, 0.0112425498664, -0.00980391539633, 0.00529416883364, -0.00334980571643, 0.00261023477651], [-0.00392928905785, 0.0141120981425, -0.0126335825771, 0.0102164661512, -0.0147580327466, 0.0191055629402, -0.0163662806153, 0.0118048209697, -0.00644202390686, 0.00618741568178, -0.000605118344538, 0.00304987840354, -0.00133896328043], [0.00441041821614, -0.0137895634398, 0.0139675475657, -0.0109497280791, 0.0146562568843, -0.0163662806153, 0.0267895385623, -0.0180326048285, 0.013727135025, -0.0101484535262, 0.00173288700171, 0.00176366756205, -0.00140969583299], [-0.0039447164163, 0.0142571562901, -0.0139547511935, 0.0104213431478, -0.0145436301827, 0.0118048209697, -0.0180326048285, 0.028573339805, -0.0139260357246, 0.0111401621252, -0.00371952774003, 0.00242004613392, 0.00264643598348], [0.00320781697519, -0.00966159533709, 0.0105569176376, -0.00767398765311, 0.0112425498664, -0.00644202390686, 0.013727135025, -0.0139260357246, 0.0209788046777, -0.0109872659668, 0.00372927333228, -0.00187663338147, 0.00124269525986], [-0.00342121138237, 0.0120136709884, -0.0103148911148, 0.00806958042085, -0.00980391539633, 0.00618741568178, -0.0101484535262, 0.0111401621252, -0.0109872659668, 0.0271201655269, -0.0113515648991, 0.00888035818934, -0.00240354379639], [0.00225123693235, -0.00601438013837, 0.0048310784623, -0.0013934832532, 0.00529416883364, -0.000605118344538, 0.00173288700171, -0.00371952774003, 0.00372927333228, -0.0113515648991, 0.0244405642152, -0.0141978226602, 0.00703739095479], [-0.00169108249247, 0.00687279738486, -0.00493301311508, 0.00166195561178, -0.00334980571643, 0.00304987840354, 0.00176366756205, 0.00242004613392, -0.00187663338147, 0.00888035818934, -0.0141978226602, 0.0259204171598, -0.0109448358417], [0.00101027917117, -0.00256341975182, 0.00354243977927, -0.000799762434326, 0.00261023477651, -0.00133896328043, -0.00140969583299, 0.00264643598348, 0.00124269525986, -0.00240354379639, 0.00703739095479, -0.0109448358417, 0.0261348132044]]
    },
    "melbands": {
        "max": [0.000444880541181, 0.00566894328222, 0.00292959157377, 0.00386059214361, 0.00732964323834, 0.0204793270677, 0.0145761528984, 0.0148660177365, 0.00286652171053, 0.00415373174474, 0.0106033980846, 0.00209582224488, 0.00790357217193, 0.00236389413476, 0.00285581499338, 0.00228828121908, 0.0019080596976, 0.000964789825957, 0.000787409546319, 0.00050120067317, 0.000422589073423, 0.00024973944528, 0.000263986265054, 3.23748863593e-05, 3.53799237018e-06, 3.10747327603e-06, 1.07758733066e-05, 1.71737719938e-05, 2.67924624495e-05, 1.98527122848e-05, 1.40884430948e-05, 2.59252537944e-05, 1.17366007544e-05, 8.139782949e-06, 1.55474288022e-06, 2.87762941298e-06, 6.64884419166e-06, 8.21082812763e-06, 3.43429178429e-06, 6.52155677017e-07],
        "mean": [3.75358686142e-05, 0.000397737632738, 0.000222336297156, 0.000303686858388, 0.000556695624255, 0.000971183588263, 0.000675277609844, 0.000595130084548, 0.000194523119717, 0.000250976154348, 0.000214404892176, 8.89870425453e-05, 0.000118811884022, 6.87795691192e-05, 8.47331757541e-05, 8.35766695673e-05, 7.47849553591e-05, 4.67849677079e-05, 3.21381376125e-05, 2.33248229051e-05, 1.91212911886e-05, 1.62107717188e-05, 6.32188812233e-06, 1.28167800995e-06, 1.40504155866e-07, 1.60545894801e-07, 5.95696917571e-07, 6.87479541739e-07, 1.01994442048e-06, 7.7827195355e-07, 8.8792552333e-07, 6.90120202762e-07, 4.09166830195e-07, 2.18562817622e-07, 8.79980959212e-08, 1.68110361187e-07, 2.49345134762e-07, 2.07291776633e-07, 1.29614718958e-07, 9.53944123694e-08],
        "min": [3.92831210269e-12, 6.95722708502e-15, 3.59101396758e-15, 5.90156441714e-15, 6.82744723794e-15, 2.53490720033e-14, 7.66056343387e-15, 2.96427853509e-14, 1.88465034052e-14, 1.29983143457e-14, 2.40368722783e-14, 2.53552756726e-14, 1.21004153759e-14, 5.52864460958e-15, 6.03773851594e-15, 6.21977521367e-15, 4.54261355569e-15, 7.18750569722e-15, 9.52200303876e-15, 1.03434911664e-14, 5.00928593446e-15, 7.18365085028e-15, 7.67594226994e-16, 7.94560950238e-16, 1.03316451989e-15, 2.27994206698e-15, 3.86522436711e-15, 4.68962755863e-15, 5.57331744486e-16, 1.48982115757e-15, 1.75847353866e-15, 2.31958956166e-15, 2.57002755801e-15, 1.16086390582e-14, 9.79494924161e-15, 3.66035462574e-15, 5.47712848925e-15, 6.53804106733e-15, 6.7287606998e-15, 3.77013602493e-15],
        "stdev": [4.75700508105e-05, 0.000682201760355, 0.000337074190611, 0.000432737986557, 0.000807587697636, 0.00202042236924, 0.0015033732634, 0.00158892606851, 0.000295067671686, 0.000462588010123, 0.000677454925608, 0.000154095672769, 0.00038852498983, 0.000144558143802, 0.000228124394198, 0.000180336181074, 0.000153224173118, 0.000106943691208, 6.33784511592e-05, 4.46918929811e-05, 3.84176200896e-05, 2.94883302558e-05, 1.66333811649e-05, 2.40886492975e-06, 2.57840753193e-07, 2.90358485699e-07, 1.00828924587e-06, 1.50474579641e-06, 2.1800453851e-06, 1.55709619776e-06, 1.60204331223e-06, 1.46388777011e-06, 8.04236833574e-07, 4.56801046766e-07, 8.04846678193e-08, 2.75605145816e-07, 5.77504181365e-07, 4.70285272058e-07, 1.83408687349e-07, 4.80403521408e-08]
    },
    "melbands128": {
        "max": [3.46871638612e-05, 0.000367894914234, 0.000779487309046, 0.00139647803735, 0.00602409197018, 0.0104041211307, 0.00469338288531, 0.00189360731747, 0.00233038212173, 0.00546727189794, 0.00860847625881, 0.00980894453824, 0.00820278190076, 0.02099031955, 0.0343374796212, 0.0329389981925, 0.0248538181186, 0.0269192121923, 0.0289465263486, 0.0304910633713, 0.0092263026163, 0.00803128443658, 0.00237755663693, 0.00467619672418, 0.00315752136521, 0.00734322145581, 0.0152742480859, 0.0205231290311, 0.0115691889077, 0.00157492107246, 0.00190740427934, 0.0106411445886, 0.0143057173118, 0.0013747708872, 0.00383708020672, 0.00293682562187, 0.00334365712479, 0.00651456508785, 0.00248041772284, 0.00147837831173, 0.00252095144242, 0.00734412437305, 0.00199722335674, 0.0016711531207, 0.00272974302061, 0.0012298458023, 0.00266596558504, 0.000893293705303, 0.000861414126121, 0.000923293118831, 0.00080699136015, 0.00107268290594, 0.000990155152977, 0.000817217980511, 0.000407004583394, 0.000496107444633, 0.000473424937809, 0.000785727461334, 0.000214231637074, 8.55687685544e-05, 3.31383344019e-05, 1.35514874273e-05, 4.7061580517e-06, 3.47294940184e-06, 7.21763717593e-06, 4.72086048831e-06, 5.60049102205e-06, 1.14935246529e-05, 2.17737524508e-05, 4.64066797576e-05, 2.78274565062e-05, 2.44979346462e-05, 3.30571747327e-05, 3.61318598152e-05, 2.85373243969e-05, 2.58654417848e-05, 1.3922497601e-05, 1.59643168445e-05, 1.74246160896e-05, 4.28744497185e-05, 3.73761395167e-05, 3.28601781803e-05, 5.73581246499e-06, 1.95526263269e-05, 1.92579955183e-05, 1.50197101902e-05, 1.91634148905e-06, 1.16955266094e-06, 1.8481744064e-06, 2.58832551481e-06, 2.27742543757e-06, 3.24635266225e-06, 8.56830956764e-06, 9.88178908301e-06, 6.29370561001e-06, 9.08571564651e-06, 1.1003241525e-05, 7.46689011066e-06, 4.95604126627e-06, 1.81808775324e-06, 9.35357320486e-07, 9.94115680442e-07, 6.18913247763e-07, 4.91588366458e-07, 4.29172331451e-07, 5.14646501415e-07, 4.44433197799e-07, 3.51107814822e-07, 3.48271356643e-07, 5.13447730555e-07, 2.90145976578e-07, 2.61115985722e-07, 2.69899260275e-07, 2.69724409918e-07, 6.79512410784e-08, 4.99400965026e-09, 5.59261614796e-09, 5.00248731328e-09, 4.91946350323e-09, 4.81493911408e-09, 4.71636685262e-09, 4.6390256081e-09, 4.56751747535e-09, 4.49540626946e-09, 4.46078507466e-09, 4.40575309568e-09, 4.37692992961e-09, 4.35755609374e-09],
        "mean": [2.22376934289e-06, 1.23239842651e-05, 3.08896778733e-05, 0.000123717807583, 0.000506014679559, 0.000576259393711, 0.000227183976676, 0.000134928443003, 0.000152289474499, 0.000284973531961, 0.000425128004281, 0.000429354986409, 0.000493086059578, 0.000840453314595, 0.00107566546649, 0.00101917400025, 0.000779244699515, 0.00051191059174, 0.000624704407528, 0.000871260010172, 0.00041627389146, 0.000316316843964, 0.000114350710646, 0.000151679094415, 0.000194007719983, 0.000308742775815, 0.000351159309503, 0.000198264810024, 0.000123245132272, 5.82273605687e-05, 6.94919872331e-05, 0.000151421671035, 0.000165162680787, 4.45324803877e-05, 8.81391752046e-05, 5.99965205765e-05, 6.23596279183e-05, 0.000118430929433, 6.91577297403e-05, 6.38252167846e-05, 8.76961639733e-05, 0.000112185021862, 7.36955116736e-05, 5.54716389161e-05, 6.64434992359e-05, 4.00015487685e-05, 3.27447851305e-05, 3.1506333471e-05, 3.02590106003e-05, 3.69842928194e-05, 1.6229438188e-05, 1.76362191269e-05, 2.52157315117e-05, 1.72003274201e-05, 1.14057675091e-05, 2.12355935219e-05, 1.45550466186e-05, 9.0368275778e-06, 2.82551150121e-06, 1.81402458566e-06, 1.52303857703e-06, 6.13345036982e-07, 1.07736120469e-07, 5.73139651294e-08, 6.12165393932e-08, 1.15171246762e-07, 2.09870734125e-07, 4.72372619242e-07, 6.08461107277e-07, 8.96077210655e-07, 7.00792554653e-07, 5.44283693671e-07, 8.0624789689e-07, 1.37855192861e-06, 8.90669127784e-07, 6.50276831493e-07, 7.97540565145e-07, 8.75722946603e-07, 8.35986668335e-07, 1.00327724795e-06, 8.59527858665e-07, 5.14761495651e-07, 3.57759034841e-07, 4.12549525208e-07, 4.61864431145e-07, 2.95525097727e-07, 1.25724639588e-07, 6.70610589282e-08, 7.6509053315e-08, 1.08948547961e-07, 1.20091854683e-07, 1.7013317688e-07, 2.74431016578e-07, 2.75419239415e-07, 2.08936228319e-07, 2.32111219134e-07, 2.18046764644e-07, 1.65658235574e-07, 1.27967666685e-07, 1.12357497528e-07, 9.99046463335e-08, 9.07565080865e-08, 9.09937512006e-08, 9.50627736529e-08, 1.04573757653e-07, 1.0677005946e-07, 1.07088759194e-07, 1.0674295936e-07, 1.12940348629e-07, 1.4466681364e-07, 1.13635429955e-07, 1.05892972613e-07, 1.08444737634e-07, 9.46264293589e-08, 1.4805340065e-08, 9.58882417912e-10, 2.17710197092e-10, 6.44573760686e-12, 6.18418901158e-12, 6.04451861827e-12, 5.89363887554e-12, 5.79754560331e-12, 5.7225274866e-12, 5.5891610784e-12, 5.45350396786e-12, 5.25379392768e-12, 5.15409286431e-12, 5.12045050458e-12],
        "min": [6.32957748714e-12, 4.78379098487e-12, 1.51263127458e-12, 8.84418271041e-15, 2.93373821161e-15, 6.58670607477e-15, 3.87213065024e-15, 1.00570572344e-15, 8.47682621525e-16, 3.57707095823e-15, 1.25990147558e-15, 2.69122971419e-15, 2.73189555423e-15, 7.38390383857e-15, 2.14445330254e-14, 1.47085949919e-14, 5.21834848892e-15, 4.98695941652e-16, 9.44947414858e-15, 1.58926725133e-14, 3.92298125679e-14, 2.15297665628e-14, 6.58091321644e-15, 1.11867073832e-14, 1.36973333676e-14, 1.06321074788e-14, 7.44921431397e-15, 2.49552660573e-14, 2.83533199902e-14, 2.2396826757e-14, 2.52887039651e-14, 2.01812731701e-14, 1.16420104622e-14, 4.48685083567e-15, 7.03878958157e-15, 4.88408768859e-15, 4.14349163094e-15, 7.23267118804e-15, 5.92094537801e-15, 6.31140681438e-15, 7.33355365909e-15, 4.662257383e-15, 2.57284669542e-15, 5.29796111563e-15, 8.1443386784e-15, 7.74647375054e-15, 6.09170002039e-15, 5.03127618032e-15, 1.3043414615e-14, 1.56209866955e-14, 9.71083209369e-15, 2.80663414161e-15, 4.9624611061e-15, 4.18344066935e-15, 8.90711048212e-15, 9.66192356428e-15, 4.31799608818e-15, 2.72664114416e-16, 3.80304128293e-17, 1.48143799309e-16, 9.55809235978e-16, 1.34089286017e-15, 4.29735045419e-16, 8.93957196104e-16, 1.97328734096e-15, 2.25095702304e-15, 2.54240771942e-15, 2.75474278568e-15, 2.89233672345e-15, 7.3663533159e-15, 6.60512650027e-15, 2.62552007452e-15, 2.78891341826e-16, 1.20715363699e-16, 5.69218210774e-16, 2.05282712283e-15, 1.50753187535e-15, 1.43204535788e-15, 1.09038286602e-15, 2.83633916355e-15, 3.09739556493e-15, 1.71357242801e-15, 1.70873819922e-15, 9.60272358456e-16, 5.01846353644e-15, 7.1736533204e-15, 1.47546769724e-14, 1.96996282134e-14, 9.17947307928e-15, 2.89237335763e-15, 4.39190013635e-15, 4.11643909267e-15, 2.15631125558e-15, 7.14031749173e-15, 5.82165448186e-15, 5.19726372128e-15, 7.31770059045e-15, 7.06795800815e-15, 7.45884677265e-15, 7.34870707851e-15, 2.77330339513e-15, 2.97852296111e-15, 4.33597817414e-15, 5.15380796647e-15, 7.18633425066e-15, 4.00588477591e-15, 2.09777492618e-15, 3.1147624932e-15, 1.09386698782e-14, 7.40137982234e-15, 3.32115498805e-15, 1.81851451622e-15, 5.62732225387e-15, 1.93152459325e-15, 1.9534631701e-15, 1.82731561206e-15, 2.68709894627e-15, 3.45786250585e-15, 4.44460845556e-15, 8.63675450602e-15, 7.48838111745e-15, 6.08685753303e-15, 1.07258596265e-14, 1.32561638804e-14, 7.60337176927e-15, 5.90938507234e-15, 6.64512540774e-16, 5.57491939592e-17],
        "stdev": [3.2646416912e-06, 2.26202773774e-05, 5.06982432853e-05, 0.00019495554443, 0.000907668669242, 0.00108450779226, 0.00042722481885, 0.000232961931033, 0.000244629569352, 0.000556892424356, 0.000696941628121, 0.000806607538834, 0.000882838736288, 0.00195990246721, 0.00274523394182, 0.00287339719944, 0.00234588747844, 0.00171805731952, 0.00226572342217, 0.00309137674049, 0.00095595192397, 0.000805328192655, 0.000180730843567, 0.000257670268184, 0.000356215576176, 0.000748638878576, 0.00120886275545, 0.00101197534241, 0.000389926834032, 0.000115694805572, 0.00014301428746, 0.000511233462021, 0.000700743461493, 0.000103947430034, 0.000245999079198, 0.000151771004312, 0.000180899180123, 0.000434171786765, 0.000194945387193, 0.000164789977134, 0.00025041110348, 0.000326359877363, 0.000179880080395, 0.000146594364196, 0.000188663281733, 0.000107791594928, 0.000126001541503, 7.92173741502e-05, 6.07152214798e-05, 8.95436751307e-05, 4.75707493024e-05, 5.93079275859e-05, 5.65365990042e-05, 5.16216096003e-05, 3.1979256164e-05, 4.71891653433e-05, 3.37874007528e-05, 4.13098205172e-05, 8.98552571016e-06, 4.79251093566e-06, 3.31243995788e-06, 1.38671066452e-06, 3.07647439968e-07, 1.70671526689e-07, 2.62377909621e-07, 2.96580793702e-07, 4.8725388524e-07, 9.92566015157e-07, 1.32360969474e-06, 2.61794616563e-06, 1.85570945632e-06, 1.61658851994e-06, 2.22000403483e-06, 3.07113282361e-06, 2.19190837925e-06, 1.78055438482e-06, 1.59594890192e-06, 1.7163214352e-06, 1.79830692559e-06, 2.50366656473e-06, 2.08591700357e-06, 1.3095294662e-06, 6.24905226232e-07, 9.65169306255e-07, 1.26567476855e-06, 7.96343897491e-07, 1.41161024203e-07, 5.31660440117e-08, 7.56654827683e-08, 1.68646238308e-07, 1.62715537044e-07, 2.71450119271e-07, 6.35752712697e-07, 7.52137111704e-07, 4.48701058531e-07, 5.80800133321e-07, 5.51931464088e-07, 3.66631581983e-07, 2.03820988531e-07, 1.12424501708e-07, 7.12044325724e-08, 5.42270619519e-08, 4.39103367e-08, 4.47163941431e-08, 4.61678233421e-08, 4.72355488057e-08, 4.83054698464e-08, 4.53935200539e-08, 4.55593607285e-08, 6.11367454439e-08, 4.26374739959e-08, 3.98319386363e-08, 3.88492438219e-08, 3.61029499629e-08, 8.42551095559e-09, 7.88531850926e-10, 2.47035003564e-10, 1.28834790059e-10, 1.26699761793e-10, 1.24012258795e-10, 1.21469376224e-10, 1.1948245171e-10, 1.1765058372e-10, 1.15775930509e-10, 1.14880188695e-10, 1.13463238804e-10, 1.12722622903e-10, 1.12223862148e-10]
    },
    "mfcc": {
        "mean": [-698.700378418, 150.907501221, 7.21777677536, -22.7416324615, -5.72298145294, 4.13603878021, -22.856546402, -17.0311717987, 8.00367546082, -8.92853546143, -9.47005748749, 6.33815956116, -2.66242909431],
        "cov": [[4339.37207031, 611.329101562, -1102.04882812, -254.183273315, -87.9120635986, 218.199249268, -189.568649292, -176.306793213, 226.725311279, -136.663665771, -154.188323975, 158.031692505, -154.62727356], [611.329101562, 764.299377441, 286.007995605, 27.822719574, 97.0489273071, -21.6578845978, 13.9777870178, -23.9608078003, -38.7779159546, 14.9855365753, -27.6458148956, -50.8087234497, 29.0242595673], [-1102.04882812, 286.007995605, 1117.98144531, 257.757415771, 85.9186553955, -106.436782837, 50.0491333008, 89.5306777954, -135.407836914, 56.4494590759, 56.0695343018, -98.4377822876, 83.8713226318], [-254.183273315, 27.822719574, 257.757415771, 279.663360596, 96.9857940674, -44.8785476685, -9.6824131012, 27.62799263, -21.7642402649, -17.6971263885, 1.31884300709, -9.33076000214, 30.621509552], [-87.9120635986, 97.0489273071, 85.9186553955, 96.9857940674, 178.025894165, 35.7900085449, 6.48609209061, 24.7847537994, 7.79497909546, 4.90995788574, -29.8527946472, -4.74188232422, 27.6583385468], [218.199249268, -21.6578845978, -106.436782837, -44.8785476685, 35.7900085449, 186.150604248, 96.404548645, -4.28308439255, 69.482208252, 3.14449906349, -39.9618415833, 19.7621173859, -20.3435935974], [-189.568649292, 13.9777870178, 50.0491333008, -9.6824131012, 6.48609209061, 96.404548645, 236.643661499, 51.0604934692, 23.354681015, 61.2726707458, -6.86315202713, -36.0284576416, -0.236002773046], [-176.306793213, -23.9608078003, 89.5306777954, 27.62799263, 24.7847537994, -4.28308439255, 51.0604934692, 93.6927185059, 12.8891401291, 10.0908250809, 8.48049068451, -16.7122879028, 2.35370993614], [226.725311279, -38.7779159546, -135.407836914, -21.7642402649, 7.79497909546, 69.482208252, 23.354681015, 12.8891401291, 122.882110596, 13.5373249054, -37.932384491, 30.2530860901, -13.7329864502], [-136.663665771, 14.9855365753, 56.4494590759, -17.6971263885, 4.90995788574, 3.14449906349, 61.2726707458, 10.0908250809, 13.5373249054, 112.097579956, 33.1628112793, -42.0285110474, 9.96926879883], [-154.188323975, -27.6458148956, 56.0695343018, 1.31884300709, -29.8527946472, -39.9618415833, -6.86315202713, 8.48049068451, -37.932384491, 33.1628112793, 107.167831421, -9.6195306778, -11.145734787], [158.031692505, -50.8087234497, -98.4377822876, -9.33076000214, -4.74188232422, 19.7621173859, -36.0284576416, -16.7122879028, 30.2530860901, -42.0285110474, -9.6195306778, 97.7883911133, 9.7928943634], [-154.62727356, 29.0242595673, 83.8713226318, 30.621509552, 27.6583385468, -20.3435935974, -0.236002773046, 2.35370993614, -13.7329864502, 9.96926879883, -11.145734787, 9.7928943634, 82.3753738403]],
        "icov": [[0.000713893794455, -0.00111719255801, 0.000833362224512, -0.000625807268079, 0.00116133596748, -0.00119392271154, 0.00106529332697, -0.000612635863945, 1.39924577525e-05, -0.000462447671453, 0.000467724428745, -0.000591310556047, 0.00064547668444], [-0.00111719255801, 0.00355677586049, -0.00195574597456, 0.00190548948012, -0.00337973143905, 0.00283956294879, -0.0023588873446, 0.00272835791111, -0.000721654854715, 0.00152046000585, -0.000612363568507, 0.00163236656226, -0.000897260557394], [0.000833362224512, -0.00195574597456, 0.00282460195012, -0.00238706870005, 0.00225787214004, -0.00212641782127, 0.00171336648054, -0.00274702091701, 0.00199230248109, -0.00177316751797, 0.00060499709798, -0.000338618061505, -0.000266149116214], [-0.000625807268079, 0.00190548948012, -0.00238706870005, 0.00741464784369, -0.00554882083088, 0.00427083624527, -0.00265482137911, 0.00285129272379, -0.00278479140252, 0.00404213601723, -0.00180192501284, 0.00117260206025, -0.000679855351336], [0.00116133596748, -0.00337973143905, 0.00225787214004, -0.00554882083088, 0.012889508158, -0.00745097687468, 0.00526892766356, -0.00634220940992, 0.00329673639499, -0.00479134079069, 0.00374524458311, -0.00150975619908, -0.00102131569292], [-0.00119392271154, 0.00283956294879, -0.00212641782127, 0.00427083624527, -0.00745097687468, 0.015281370841, -0.00870243180543, 0.00709352409467, -0.00645589921623, 0.00490653887391, -0.0010554814944, 7.41043477319e-05, 0.00156215787865], [0.00106529332697, -0.0023588873446, 0.00171336648054, -0.00265482137911, 0.00526892766356, -0.00870243180543, 0.0111048761755, -0.00742117641494, 0.0036620318424, -0.0064806016162, 0.00287930876948, -0.000295349542284, 0.000218294444494], [-0.000612635863945, 0.00272835791111, -0.00274702091701, 0.00285129272379, -0.00634220940992, 0.00709352409467, -0.00742117641494, 0.019465284422, -0.00783429760486, 0.00677938712761, -0.00447763176635, 0.00368695217185, -0.000241139539867], [1.39924577525e-05, -0.000721654854715, 0.00199230248109, -0.00278479140252, 0.00329673639499, -0.00645589921623, 0.0036620318424, -0.00783429760486, 0.0185062754899, -0.00979457888752, 0.00747481686994, -0.00667252438143, 0.00289551261812], [-0.000462447671453, 0.00152046000585, -0.00177316751797, 0.00404213601723, -0.00479134079069, 0.00490653887391, -0.0064806016162, 0.00677938712761, -0.00979457888752, 0.0204921253026, -0.00935830827802, 0.00909810792655, -0.00495350686833], [0.000467724428745, -0.000612363568507, 0.00060499709798, -0.00180192501284, 0.00374524458311, -0.0010554814944, 0.00287930876948, -0.00447763176635, 0.00747481686994, -0.00935830827802, 0.0163344163448, -0.00517188059166, 0.00496926391497], [-0.000591310556047, 0.00163236656226, -0.000338618061505, 0.00117260206025, -0.00150975619908, 7.41043477319e-05, -0.000295349542284, 0.00368695217185, -0.00667252438143, 0.00909810792655, -0.00517188059166, 0.0183459110558, -0.0064514358528], [0.00064547668444, -0.000897260557394, -0.000266149116214, -0.000679855351336, -0.00102131569292, 0.00156215787865, 0.000218294444494, -0.000241139539867, 0.00289551261812, -0.00495350686833, 0.00496926391497, -0.0064514358528, 0.0174487736076]]
    },
    "spectral_contrast_coeffs": {
        "max": [-0.438681602478, -0.449469566345, -0.497683078051, -0.567707240582, -0.533715963364, -0.619982123375],
        "mean": [-0.666735172272, -0.71503919363, -0.739060759544, -0.779825747013, -0.757478296757, -0.808723449707],
        "min": [-0.954269170761, -0.968127429485, -0.950307607651, -0.94446927309, -0.945400297642, -0.940153777599],
        "stdev": [0.0735649988055, 0.082985855639, 0.0638695508242, 0.0540111660957, 0.0772281363606, 0.0499068647623]
    },
    "spectral_contrast_valleys": {
        "max": [-5.6309094429, -4.96412754059, -5.22513771057, -5.39595365524, -7.18246364594, -9.63526725769],
        "mean": [-7.5137925148, -6.57461977005, -7.51388454437, -7.88099479675, -9.2739906311, -10.6196126938],
        "min": [-19.5438404083, -18.5439376831, -18.5984420776, -18.8892707825, -17.7520713806, -18.6078834534],
        "stdev": [1.16280865669, 1.03695940971, 1.14448928833, 1.17801034451, 0.799841821194, 0.599077403545]
    }
},
"rhythm": {
    "beats_count": 90,
    "beats_loudness": {
        "max": 0.0714288949966,
        "mean": 0.0227559376508,
        "min": 0.00266514369287,
        "stdev": 0.01656422019
    },
    "bpm": 163.061920166,
    "bpm_histogram_first_peak_bpm": 161,
    "bpm_histogram_first_peak_weight": 0.391304314137,
    "bpm_histogram_second_peak_bpm": 185,
    "bpm_histogram_second_peak_spread": 0,
    "bpm_histogram_second_peak_weight": 0.146067410707,
    "danceability": 0.894180059433,
    "onset_rate": 1.08666884899,
    "beats_loudness_band_ratio": {
        "max": [0.68630695343, 0.919858157635, 0.854609429836, 0.631599724293, 0.417787402868, 0.0954368785024],
        "mean": [0.12103587389, 0.344686508179, 0.334717303514, 0.165237829089, 0.0697679594159, 0.009032798931],
        "min": [0.000980016775429, 0.00959998648614, 0.04622380808, 0.00957356020808, 0.00303017836995, 0.000928023830056],
        "stdev": [0.152157664299, 0.260684341192, 0.226691097021, 0.167297646403, 0.0819452628493, 0.0110705718398]
    },
