{
"metadata": {
    "version": {
        "essentia": "2.1-beta5",
        "essentia_git_sha": "Undefined",
        "extractor": "music 2.0"
    },
    "audio_properties": {
        "analysis": {
            "equal_loudness": 0,
            "length": 12.7477550507,
            "sample_rate": 44100,
            "start_time": 0,
            "downmix": "mix"
        },
        "bit_rate": 192000,
        "length": 232.095062256,
        "lossless": 0,
        "number_channels": 2,
        "replay_gain": 5.79982566833,
        "sample_rate": 48000,
        "codec": "mp3",
        "md5_encoded": "3cb5086a3a7c5332346a22873ff9adf5"
    },
    "tags": {
        "file_name": "Finland_Päivä Kahden Ihmisen_Kari Kuivalainen.mp3",
        "encoding": ["Lavf58.29.100"]
    }
},
"lowlevel": {
    "average_loudness": 0.0323824621737,
    "barkbands_crest": {
        "max": 24.72240448,
        "mean": 8.25021362305,
        "min": 3.44676423073,
        "stdev": 3.97067809105
    },
    "barkbands_flatness_db": {
        "max": 0.377441912889,
        "mean": 0.107565045357,
        "min": 0.0253798272461,
        "stdev": 0.0690364763141
    },
    "barkbands_kurtosis": {
        "max": 80.6825256348,
        "mean": 5.84910821915,
        "min": -1.82817065716,
        "stdev": 9.88710975647
    },
    "barkbands_skewness": {
        "max": 7.57387113571,
        "mean": -0.571167528629,
        "min": -2.28353714943,
        "stdev": 2.15979623795
    },
    "barkbands_spread": {
        "max": 90.4392089844,
        "mean": 23.514585495,
        "min": 1.09240412712,
        "stdev": 10.6622133255
    },
    "dissonance": {
        "max": 0.499914705753,
        "mean": 0.473249018192,
        "min": 0.210190698504,
        "stdev": 0.0438115298748
    },
    "dynamic_complexity": 10.4883184433,
    "erbbands_crest": {
        "max": 27.4549884796,
        "mean": 5.75501823425,
        "min": 2.56602096558,
        "stdev": 4.47104597092
    },
    "erbbands_flatness_db": {
        "max": 0.333890020847,
        "mean": 0.126840263605,
        "min": 0.0485310666263,
        "stdev": 0.0583828948438
    },
    "erbbands_kurtosis": {
        "max": 19.0848865509,
        "mean": 0.724624276161,
        "min": -1.52269542217,
        "stdev": 2.22626662254
    },
    "erbbands_skewness": {
        "max": 3.61843347549,
        "mean": -0.160385653377,
        "min": -2.21567726135,
        "stdev": 0.931039094925
    },
    "erbbands_spread": {
        "max": 90.0051651001,
        "mean": 35.4154205322,
        "min": 5.10896015167,
        "stdev": 11.3716688156
    },
    "hfc": {
        "max": 323.286895752,
        "mean": 6.5832824707,
        "min": 1.01460703386e-16,
        "stdev": 27.8578605652
    },
    "loudness_ebu128": {
        "integrated": -28.6254386902,
        "loudness_range": 3.15409088135,
        "momentary": {
            "max": -22.2888813019,
            "mean": -215.353424072,
            "min": -300.691009521,
            "stdev": 122.810943604
        },
        "short_term": {
            "max": -28.2671527863,
            "mean": -193.362945557,
            "min": -300.691009521,
            "stdev": 128.703826904
        }
    },
    "melbands_crest": {
        "max": 29.9213638306,
        "mean": 6.1839928627,
        "min": 1.0002951622,
        "stdev": 6.5864572525
    },
    "melbands_flatness_db": {
        "max": 0.471467614174,
        "mean": 0.0768385082483,
        "min": -4.14174309071e-07,
        "stdev": 0.117669351399
    },
    "melbands_kurtosis": {
        "max": 78.8086471558,
        "mean": 3.89975976944,
        "min": -1.41903495789,
        "stdev": 11.5167179108
    },
    "melbands_skewness": {
        "max": 6.65934514999,
        "mean": 0.814972281456,
        "min": -0.405375391245,
        "stdev": 1.4617934227
    },
    "melbands_spread": {
        "max": 164.392272949,
        "mean": 97.6466903687,
        "min": 1.54948806763,
        "stdev": 54.2663536072
    },
    "pitch_salience": {
        "max": 0.997745931149,
        "mean": 0.731217503548,
        "min": 0.217358216643,
        "stdev": 0.120033487678
    },
    "silence_rate_20dB": {
        "max": 1,
        "mean": 1,
        "min": 1,
        "stdev": 0
    },
    "silence_rate_30dB": {
        "max": 1,
        "mean": 0.980000019073,
        "min": 0,
        "stdev": 0.139999672771
    },
    "silence_rate_60dB": {
        "max": 1,
        "mean": 0.809090912342,
        "min": 0,
        "stdev": 0.393017500639
    },
    "spectral_centroid": {
        "max": 11997.1152344,
        "mean": 7936.45263672,
        "min": 264.272491455,
        "stdev": 4635.47949219
    },
    "spectral_complexity": {
        "max": 31,
        "mean": 2.31454539299,
        "min": 0,
        "stdev": 5.34663820267
    },
    "spectral_decrease": {
        "max": 2.57378533318e-28,
        "mean": -2.12529860377e-09,
        "min": -6.88287542516e-08,
        "stdev": 7.02896985061e-09
    },
    "spectral_energy": {
        "max": 0.289098531008,
        "mean": 0.00861848983914,
        "min": 9.85658966733e-21,
        "stdev": 0.0289159771055
    },
    "spectral_energyband_high": {
        "max": 0.00729214958847,
        "mean": 0.00014485893189,
        "min": 6.79989477104e-21,
        "stdev": 0.000673347851261
    },
    "spectral_energyband_low": {
        "max": 0.00137014850043,
        "mean": 2.33764767472e-05,
        "min": 9.69494669729e-24,
        "stdev": 0.000126684244606
    },
    "spectral_energyband_middle_high": {
        "max": 0.227961316705,
        "mean": 0.00232218834572,
        "min": 1.16867978584e-21,
        "stdev": 0.0155224232003
    },
    "spectral_energyband_middle_low": {
        "max": 0.154090031981,
        "mean": 0.00617936486378,
        "min": 1.24707890306e-22,
        "stdev": 0.0183606315404
    },
    "spectral_entropy": {
        "max": 9.82532024384,
        "mean": 8.98389816284,
        "min": 5.10316133499,
        "stdev": 1.29786515236
    },
    "spectral_flux": {
        "max": 0.468827158213,
        "mean": 0.0238402280957,
        "min": 6.18863502111e-11,
        "stdev": 0.0576523244381
    },
    "spectral_kurtosis": {
        "max": 35.4132347107,
        "mean": 1.47375750542,
        "min": -1.29280495644,
        "stdev": 5.1100897789
    },
    "spectral_rms": {
        "max": 0.0167942661792,
        "mean": 0.00116567395162,
        "min": 3.10099754035e-12,
        "stdev": 0.00265508750454
    },
    "spectral_rolloff": {
        "max": 19789.0136719,
        "mean": 13463.7275391,
        "min": 236.865234375,
        "stdev": 7994.90380859
    },
    "spectral_skewness": {
        "max": 4.91956710815,
        "mean": 0.629990100861,
        "min": -0.111455328763,
        "stdev": 1.02802538872
    },
    "spectral_spread": {
        "max": 43245408,
        "mean": 29361564,
        "min": 1998658.25,
        "stdev": 16645085
    },
    "spectral_strongpeak": {
        "max": 11.2647819519,
        "mean": 0.375341266394,
        "min": 0,
        "stdev": 1.14768588543
    },
    "zerocrossingrate": {
        "max": 0.779296875,
        "mean": 0.368374466896,
        "min": 0.009765625,
        "stdev": 0.205047279596
    },
    "barkbands": {
        "max": [0.000155459158123, 0.000221488880925, 0.000346976914443, 0.00464614061639, 0.0693179517984, 0.0211168974638, 0.12880897522, 0.07918651402, 0.0416062250733, 0.118250533938, 0.0516609326005, 0.0303105134517, 0.0773168876767, 0.0392555296421, 0.0231340136379, 0.0154367284849, 0.00844963081181, 0.0197063330561, 0.000549177522771, 0.00310779735446, 0.00334829394706, 0.00132616900373, 0.00172676518559, 0.000721987336874, 0.000649154069833, 0.00017097176169, 1.09756581423e-06],
        "mean": [5.00866747188e-07, 1.26568659198e-06, 2.70844930128e-06, 0.000113665220852, 0.00251797097735, 0.000438956019934, 0.00153081316967, 0.000876771344338, 0.000589248957112, 0.000738932925742, 0.000359998724889, 0.000144520876347, 0.000372720416635, 0.000203550967854, 0.000168244107044, 0.000130069689476, 9.11654860829e-05, 0.000173241060111, 7.08367588231e-06, 4.38581664639e-05, 4.26931765105e-05, 2.31612302741e-05, 2.60055458057e-05, 1.1269661627e-05, 6.79238428347e-06, 3.19049968311e-06, 9.62405763971e-08],
        "min": [3.46768185459e-26, 1.81389572141e-24, 3.9501135006e-25, 7.66598560222e-25, 3.44964061802e-24, 3.22698876904e-24, 4.1417863874e-24, 3.32385714111e-24, 8.96634451004e-24, 9.17080542376e-24, 9.96336135346e-24, 1.63342264787e-23, 2.01634724863e-23, 1.21797985953e-23, 2.90638477143e-23, 4.62654425355e-23, 5.34175899793e-23, 7.35986714188e-23, 1.03939378861e-22, 1.61004970899e-22, 2.02340891058e-22, 2.55512804508e-22, 3.52262694405e-22, 5.19460690415e-22, 8.63957939043e-22, 1.25534553426e-21, 1.77831553237e-21],
        "stdev": [6.64064236844e-06, 9.59490080277e-06, 1.76363919309e-05, 0.000438378570834, 0.00820153485984, 0.00206012185663, 0.00939433835447, 0.00571580976248, 0.00309564406052, 0.00730448355898, 0.00293113267981, 0.00148328277282, 0.00396531866863, 0.00198165862821, 0.00133048021235, 0.000998771633022, 0.000563043460716, 0.00116090336815, 4.01542492909e-05, 0.000245676201303, 0.000237808475504, 0.000135591399157, 0.000154497407493, 6.03509324719e-05, 4.40360709035e-05, 1.49811712618e-05, 1.9595633205e-07]
    },
    "erbbands": {
        "max": [0.00739379739389, 0.0504360422492, 0.316654145718, 6.37564754486, 145.379058838, 354.602539062, 264.662719727, 198.840652466, 977.156005859, 1932.11291504, 1393.96166992, 745.089538574, 1819.38330078, 2493.85839844, 2404.82421875, 681.814758301, 2524.9987793, 1444.89160156, 1206.0592041, 1451.60754395, 799.981933594, 331.510894775, 1177.33190918, 118.027565002, 44.2575721741, 167.234024048, 186.052581787, 53.6608467102, 53.8530464172, 73.1212692261, 48.9411125183, 17.0220146179, 13.5679636002, 10.1673564911, 3.25161910057, 0.847727179527, 0.297247976065, 0.0419414825737, 0.000805781106465, 0.000362260296242],
        "mean": [4.78874280816e-05, 0.000429846317274, 0.00596818095073, 0.21593144536, 3.79735660553, 10.6217594147, 4.67380714417, 4.28820133209, 15.1645116806, 24.0429573059, 18.027305603, 13.5390691757, 20.1746845245, 20.0238246918, 12.1302928925, 4.87133026123, 15.0801753998, 12.1139526367, 9.19151687622, 10.0025196075, 6.55569934845, 5.43106079102, 11.3676185608, 1.60289752483, 0.505360841751, 2.31184697151, 2.7599170208, 0.721628665924, 0.771137535572, 0.897629678249, 0.728841662407, 0.279605686665, 0.189997300506, 0.0985264480114, 0.038264401257, 0.0140312667936, 0.00577767146751, 0.000918235862628, 3.5748751543e-05, 1.13365131256e-05],
        "min": [3.66284116393e-23, 3.60653271428e-22, 1.08682454909e-21, 3.16424473374e-21, 4.61613512662e-21, 1.10317289744e-20, 2.41187642798e-20, 5.67138421668e-20, 5.77707204957e-20, 6.36897793899e-20, 1.45886510064e-19, 3.04777772773e-19, 4.20736009396e-19, 6.36354698128e-19, 7.45251681602e-19, 8.86177408587e-19, 1.07814648662e-18, 8.74956083192e-19, 1.73082456016e-18, 2.62411944433e-18, 2.32420174539e-18, 3.98082779102e-18, 4.56595881272e-18, 5.39324034131e-18, 4.51453175327e-18, 7.97709821689e-18, 7.33834024889e-18, 8.97693789306e-18, 8.92699355486e-18, 1.03275211741e-17, 9.15561138692e-18, 1.03565601767e-17, 8.52773332551e-18, 8.61215703319e-18, 6.35093309732e-18, 3.93276363434e-18, 2.17055687572e-18, 8.99793318457e-19, 2.18857281776e-19, 2.18613447672e-20],
        "stdev": [0.000321980653098, 0.00225406885147, 0.0214138198644, 0.696304678917, 13.1015491486, 37.6615791321, 22.719991684, 18.9001255035, 72.8294219971, 147.506851196, 107.537452698, 66.3068771362, 125.124435425, 163.925598145, 113.488304138, 40.0925941467, 146.83152771, 100.83556366, 71.7109527588, 74.1331253052, 49.9172477722, 29.8805751801, 75.5802536011, 8.85838508606, 2.86212086678, 13.3616752625, 14.8303537369, 3.6709728241, 4.64734983444, 5.32142400742, 4.28663873672, 1.57492721081, 1.04540550709, 0.655785083771, 0.234918728471, 0.0699013471603, 0.0289469268173, 0.00415666447952, 9.23967163544e-05, 3.61772035831e-05]
    },
    "gfcc": {
        "mean": [-915.015441895, 21.6148376465, -35.2784957886, -0.664530277252, -23.4513683319, -6.0189204216, -17.2600822449, -1.82759678364, -8.75570869446, -2.51789808273, -8.90713596344, -2.32241034508, -4.10673093796],
        "cov": [[281655.75, 17859.75, -28672.9394531, -888.713806152, -18967.4296875, -4992.19677734, -13983.4550781, -1717.67541504, -6943.91650391, -2285.6652832, -7202.83837891, -1933.55737305, -3196.78417969], [17859.75, 1621.62072754, -1738.32824707, -169.653167725, -1140.21057129, -423.898101807, -920.52520752, -174.546340942, -430.46987915, -186.947525024, -448.254150391, -175.264068604, -197.674087524], [-28672.9394531, -1738.32824707, 3148.97558594, 179.541107178, 1950.49389648, 492.471069336, 1371.99609375, 165.864334106, 708.711547852, 231.724319458, 724.271179199, 189.831710815, 315.405548096], [-888.713806152, -169.653167725, 179.541107178, 151.217987061, 67.9937362671, 22.7379379272, 13.6962661743, 21.5894165039, 32.7464904785, 23.6930198669, 15.3768014908, 20.67694664, 13.3851995468], [-18967.4296875, -1140.21057129, 1950.49389648, 67.9937362671, 1348.03076172, 333.671203613, 938.217285156, 121.187843323, 469.35345459, 163.26965332, 486.972747803, 125.96194458, 209.273391724], [-4992.19677734, -423.898101807, 492.471069336, 22.7379379272, 333.671203613, 157.808990479, 280.39175415, 49.4742012024, 105.805000305, 50.3706207275, 128.718856812, 47.2714347839, 44.9688491821], [-13983.4550781, -920.52520752, 1371.99609375, 13.6962661743, 938.217285156, 280.39175415, 776.324768066, 107.398040771, 307.80355835, 118.8175354, 360.232818604, 104.717391968, 157.931091309], [-1717.67541504, -174.546340942, 165.864334106, 21.5894165039, 121.187843323, 49.4742012024, 107.398040771, 48.3415794373, 41.4529724121, 27.2468452454, 36.1653251648, 18.4275894165, 13.5291996002], [-6943.91650391, -430.46987915, 708.711547852, 32.7464904785, 469.35345459, 105.805000305, 307.80355835, 41.4529724121, 216.013198853, 62.2714538574, 167.31640625, 42.7139205933, 81.7151794434], [-2285.6652832, -186.947525024, 231.724319458, 23.6930198669, 163.26965332, 50.3706207275, 118.8175354, 27.2468452454, 62.2714538574, 47.4735450745, 61.7681808472, 18.6983623505, 17.8930149078], [-7202.83837891, -448.254150391, 724.271179199, 15.3768014908, 486.972747803, 128.718856812, 360.232818604, 36.1653251648, 167.31640625, 61.7681808472, 211.335479736, 52.9575996399, 76.5710067749], [-1933.55737305, -175.264068604, 189.831710815, 20.67694664, 125.96194458, 47.2714347839, 104.717391968, 18.4275894165, 42.7139205933, 18.6983623505, 52.9575996399, 35.3395118713, 25.8139972687], [-3196.78417969, -197.674087524, 315.405548096, 13.3851995468, 209.273391724, 44.9688491821, 157.931091309, 13.5291996002, 81.7151794434, 17.8930149078, 76.5710067749, 25.8139972687, 58.2437973022]],
        "icov": [[0.00116786465514, -0.00292838155292, 0.0031027214136, -0.00239387573674, 0.00355040584691, -0.00232256064191, 0.00535843148828, -0.00272883009166, 0.00604099500924, -0.00366408657283, 0.00408358266577, -0.00239336816594, 0.00139217497781], [-0.00292838155292, 0.0132619272918, -0.00825858674943, 0.00973904319108, -0.0119088832289, 0.013522842899, -0.011076788418, 0.0109893055633, -0.00996159203351, 0.0114520620555, -0.00614148564637, 0.0105010420084, 0.000475004519103], [0.0031027214136, -0.00825858674943, 0.0129642086104, -0.0107054142281, 0.00608352245763, -0.00685120746493, 0.0110349385068, -0.0045353542082, 0.0118509531021, -0.00635291682556, 0.00842894613743, -0.00510321743786, 0.00559193501249], [-0.00239387573674, 0.00973904319108, -0.0107054142281, 0.020584365353, -0.00836986582726, 0.00760046904907, -0.000667554617394, 0.000490450125653, -0.00430988799781, 0.000874399789609, -0.0040753739886, 0.00134972110391, -0.00865631084889], [0.00355040584691, -0.0119088832289, 0.00608352245763, -0.00836986582726, 0.026349440217, -0.0110796978697, 0.0106515549123, -0.0128028998151, 0.00974715407938, -0.0148723935708, 0.00367243471555, -0.00611632317305, 0.000178061964107], [-0.00232256064191, 0.013522842899, -0.00685120746493, 0.00760046904907, -0.0110796978697, 0.0380162894726, -0.0174057949334, 0.0100569520146, -0.00640834448859, 0.0104706007987, -0.000929905625526, -0.00123607553542, 0.0166365578771], [0.00535843148828, -0.011076788418, 0.0110349385068, -0.000667554617394, 0.0106515549123, -0.0174057949334, 0.0489539504051, -0.0277360193431, 0.0399771034718, -0.0214115381241, 0.0104170087725, -0.00856080371886, -0.0136346612126], [-0.00272883009166, 0.0109893055633, -0.0045353542082, 0.000490450125653, -0.0128028998151, 0.0100569520146, -0.0277360193431, 0.0626864731312, -0.0179228074849, 8.83578977664e-05, 0.013340825215, -0.00131157878786, 0.0190130323172], [0.00604099500924, -0.00996159203351, 0.0118509531021, -0.00430988799781, 0.00974715407938, -0.00640834448859, 0.0399771034718, -0.0179228074849, 0.0639179944992, -0.0292373988777, 0.0233006030321, -0.0057978508994, -0.00849463883787], [-0.00366408657283, 0.0114520620555, -0.00635291682556, 0.000874399789609, -0.0148723935708, 0.0104706007987, -0.0214115381241, 8.83578977664e-05, -0.0292373988777, 0.0679721981287, -0.0197507981211, 0.00833582226187, 0.0177613757551], [0.00408358266577, -0.00614148564637, 0.00842894613743, -0.0040753739886, 0.00367243471555, -0.000929905625526, 0.0104170087725, 0.013340825215, 0.0233006030321, -0.0197507981211, 0.0604218170047, -0.0210062041879, 0.0180110055953], [-0.00239336816594, 0.0105010420084, -0.00510321743786, 0.00134972110391, -0.00611632317305, -0.00123607553542, -0.00856080371886, -0.00131157878786, -0.0057978508994, 0.00833582226187, -0.0210062041879, 0.0760361477733, -0.0224601011723], [0.00139217497781, 0.000475004519103, 0.00559193501249, -0.00865631084889, 0.000178061964107, 0.0166365578771, -0.0136346612126, 0.0190130323172, -0.00849463883787, 0.0177613757551, 0.0180110055953, -0.0224601011723, 0.0787076801062]]
    },
    "melbands": {
        "max": [7.08946463419e-05, 0.00014265725622, 0.00443024095148, 0.0182674564421, 0.0103004053235, 0.00464913016185, 0.0200888607651, 0.0169153288007, 0.00905952136964, 0.00607722066343, 0.0113450912759, 0.0128602636978, 0.00794624444097, 0.00400088680908, 0.001052977168, 0.0099441241473, 0.00254150107503, 0.00292956456542, 0.0017741691554, 0.00124316581059, 0.000835344952065, 0.000379041710403, 0.0012566234218, 0.000718302209862, 4.60221963294e-05, 1.72958443727e-05, 5.89906630921e-05, 0.000144127756357, 0.000128565152409, 0.000101384037407, 1.51060612552e-05, 2.9947839721e-05, 3.55764423148e-05, 4.04729216825e-05, 2.96736452583e-05, 2.06450258702e-05, 7.9321953308e-06, 8.71635438671e-06, 1.1388546227e-05, 7.68633435655e-06],
        "mean": [3.55475151537e-07, 2.06132085623e-06, 0.00011698227172, 0.000573015247937, 0.000230028032092, 9.28940426093e-05, 0.000270364747848, 0.000259379361523, 0.000125169928651, 8.82975946297e-05, 0.000108430664113, 9.044673061e-05, 4.59138937003e-05, 2.21058562602e-05, 7.67976143834e-06, 4.642274871e-05, 1.96404853341e-05, 1.61874941114e-05, 1.24794687508e-05, 1.30521730171e-05, 6.33575791653e-06, 4.81816550746e-06, 9.94078527583e-06, 7.27775932319e-06, 6.91465402269e-07, 2.01169697789e-07, 6.25568816304e-07, 1.71468423105e-06, 2.03674289878e-06, 8.69617963417e-07, 2.70122853863e-07, 4.08665442819e-07, 4.97769860885e-07, 4.96693019159e-07, 4.49328268814e-07, 2.82408251451e-07, 1.28134686861e-07, 1.28487272377e-07, 1.25234677739e-07, 6.80458214219e-08],
        "min": [4.29241602459e-25, 6.46643680721e-25, 6.55465216401e-25, 5.36676371926e-25, 6.86921044997e-25, 1.19107416091e-24, 8.48037700457e-25, 5.37111921753e-25, 6.66835117932e-25, 1.35668752075e-24, 1.52151823196e-24, 1.79138813928e-24, 1.92440231524e-24, 1.87793821071e-24, 1.58745201528e-24, 1.86004684538e-24, 9.89990064908e-25, 1.87629619674e-24, 2.41790738666e-24, 2.69652615585e-24, 1.8604485728e-24, 3.32228415246e-24, 2.50568847554e-24, 3.77116139032e-24, 3.43227857835e-24, 3.60675567793e-24, 2.41086206992e-24, 3.74556679825e-24, 4.33476976938e-24, 4.20870940229e-24, 3.54034147832e-24, 4.19868219132e-24, 4.93717235559e-24, 4.78182197753e-24, 4.50566346829e-24, 5.55978082504e-24, 5.60821096816e-24, 5.067733963e-24, 5.1444282035e-24, 5.9973532917e-24],
        "stdev": [3.05206026496e-06, 1.07294135887e-05, 0.000381121470127, 0.00194785487838, 0.000985811580904, 0.000417509436375, 0.00145086122211, 0.00148328521755, 0.000736561021768, 0.000461631949292, 0.000745392520912, 0.000820326327812, 0.000395205774112, 0.000213332212297, 5.98599835939e-05, 0.000507008517161, 0.000166995901964, 0.000146597987623, 9.92335262708e-05, 9.16617136681e-05, 4.97389446537e-05, 2.74687645287e-05, 6.81299716234e-05, 4.58853755845e-05, 4.03978674512e-06, 1.08815390831e-06, 3.90257855543e-06, 1.04493519757e-05, 1.06504312498e-05, 5.7129450397e-06, 1.37870608796e-06, 2.56939870269e-06, 2.9182401704e-06, 3.04613740809e-06, 2.63838410319e-06, 1.68826443314e-06, 7.16277497759e-07, 6.82438837885e-07, 7.99220060799e-07, 4.67036414875e-07]
    },
    "melbands128": {
        "max": [7.74065483711e-05, 6.7462453444e-05, 6.43621169729e-05, 8.39183776407e-05, 0.000121057251818, 0.000189874495845, 0.000958494725637, 0.0035399524495, 0.0173491835594, 0.0309960525483, 0.0242107938975, 0.0191746298224, 0.0113011207432, 0.0088005438447, 0.00669524027035, 0.010635510087, 0.00704772304744, 0.0238458421081, 0.0556767396629, 0.0289259124547, 0.022175764665, 0.0269690714777, 0.0115599492565, 0.0125429583713, 0.0048159584403, 0.0130236651748, 0.0082891760394, 0.00421619275585, 0.0347282886505, 0.0262470282614, 0.00954374112189, 0.00801653135568, 0.0116765489802, 0.0114451618865, 0.00969272851944, 0.0034449074883, 0.000308941758703, 0.000668421678711, 0.00143641780596, 0.00893089920282, 0.0227100607008, 0.00388469547033, 0.00412789685652, 0.00420407392085, 0.00839580595493, 0.00186195992865, 0.00227354466915, 0.000743444543332, 0.00453608995304, 0.00206690258346, 0.00167726154905, 0.00279283686541, 0.000185043332749, 0.000735747627914, 0.000915911048651, 0.000243683694862, 0.000479192240164, 0.000410983921029, 0.00273922784254, 0.00222841417417, 0.000566818693187, 0.000210272512049, 9.02265674085e-05, 2.20103920583e-05, 3.02667140204e-05, 9.07056437427e-06, 2.39018263528e-05, 7.55926448619e-05, 3.12058837153e-05, 0.00014680242748, 0.000194314037799, 0.000248314754572, 9.25523345359e-05, 0.000290012045298, 0.000277348648524, 0.000119314710901, 3.6135501432e-05, 1.69925860973e-05, 1.40845240821e-05, 2.67963841907e-05, 3.52801325789e-05, 5.6068169215e-05, 3.87178370147e-05, 4.54635701317e-05, 4.95136337122e-05, 5.19397071912e-05, 5.97831858613e-05, 3.46826345776e-05, 3.42523271684e-05, 3.60578269465e-05, 2.74932081084e-05, 1.52377069753e-05, 1.33995799843e-05, 1.02866488305e-05, 7.45656871004e-06, 8.21536832518e-06, 8.07179185358e-06, 1.02404419522e-05, 1.34120145958e-05, 1.28125238916e-05, 1.25989026856e-05, 6.33702120467e-06, 4.69759925181e-06, 5.08148468725e-06, 4.19620482717e-06, 2.77268986792e-06, 2.82642281491e-06, 2.10267580769e-06, 1.13936505386e-06, 9.02045485418e-07, 1.66825930137e-06, 1.02864089513e-06, 1.42774251799e-06, 8.50245157835e-07, 1.006101229e-06, 7.27600706796e-07, 8.22939085765e-08, 9.62301527352e-09, 1.98760883308e-08, 1.54579922196e-08, 1.33545228209e-08, 1.04779118715e-08, 6.05275740639e-09, 2.31975838538e-09, 2.09751549463e-09, 2.07446970713e-09, 2.07892925097e-09, 2.06378780732e-09],
        "mean": [2.58633406247e-07, 3.20125479902e-07, 3.40515612152e-07, 5.22910056588e-07, 7.24307767541e-07, 1.59020805768e-06, 1.4609914615e-05, 7.86198943388e-05, 0.000332908093696, 0.000759101880249, 0.000649402791169, 0.00032786335214, 0.000126835962874, 7.78275716584e-05, 7.93924700702e-05, 0.000109605825855, 0.000133779074531, 0.000300409883494, 0.000471064297017, 0.000223092967644, 0.000192630264792, 0.000237826490775, 8.91913296073e-05, 5.6427452364e-05, 7.31382970116e-05, 0.000113244692329, 9.80932964012e-05, 5.97049365751e-05, 0.000182320116437, 0.00011928940512, 3.9113801904e-05, 7.46844671085e-05, 4.40346375399e-05, 2.86490103463e-05, 3.50213013007e-05, 1.92822080862e-05, 2.73473915513e-06, 3.10581390295e-06, 8.70806798048e-06, 3.78743752663e-05, 8.15481325844e-05, 1.56257920025e-05, 1.44373188959e-05, 2.00272043003e-05, 2.66312636086e-05, 1.38457380672e-05, 8.10590154288e-06, 7.37503341952e-06, 2.15174604818e-05, 1.0040143934e-05, 1.26172053569e-05, 1.64226421475e-05, 2.97899691759e-06, 4.80998960484e-06, 6.18410922471e-06, 2.96566872748e-06, 6.26936071058e-06, 5.00272562931e-06, 1.23318832266e-05, 1.8409877157e-05, 5.15442525284e-06, 1.8660035721e-06, 9.53842572926e-07, 3.25639831544e-07, 2.36241405105e-07, 1.40728872111e-07, 1.77895643105e-07, 3.95611152726e-07, 3.94637652334e-07, 1.43253623719e-06, 1.89187699107e-06, 1.81042162239e-06, 1.76150729203e-06, 2.61057289208e-06, 1.60096624313e-06, 1.05169476683e-06, 4.21618210567e-07, 2.87598055593e-07, 2.12497269558e-07, 2.81760492271e-07, 4.16873064069e-07, 4.42132630951e-07, 4.67428407092e-07, 4.9580353334e-07, 5.46152080005e-07, 4.96324332744e-07, 5.06280969148e-07, 4.273861407e-07, 4.59627528926e-07, 4.69678582249e-07, 3.53926026264e-07, 2.26412055326e-07, 1.59163207059e-07, 1.24311242189e-07, 1.09754815014e-07, 1.07131057803e-07, 1.37331298333e-07, 1.49171469843e-07, 1.38624727697e-07, 1.06725750015e-07, 8.96897276448e-08, 6.05386034636e-08, 4.07980742523e-08, 5.0199105317e-08, 4.31358166963e-08, 4.00219093422e-08, 3.29356204531e-08, 2.71290865328e-08, 2.17554045889e-08, 1.8908579591e-08, 1.91190245857e-08, 1.97124592205e-08, 1.99636396303e-08, 1.59282969037e-08, 1.82187847031e-08, 1.28781900699e-08, 1.70965253066e-09, 5.3110027487e-10, 5.96700910904e-10, 5.90087312347e-10, 4.7135173542e-10, 4.22594376159e-10, 2.76516948228e-10, 1.28803911981e-11, 5.41742432164e-12, 4.89812877758e-12, 4.65164625568e-12, 4.58354274674e-12],
        "min": [8.30396762256e-28, 5.83914595526e-26, 3.68880233967e-25, 3.50561256722e-25, 2.18615346334e-25, 1.83603135563e-25, 1.83417654642e-25, 2.89044207003e-25, 2.35462876124e-25, 2.50663042476e-25, 2.06801291462e-25, 1.0383524646e-25, 2.16480195687e-25, 3.85391043409e-25, 3.75713790862e-25, 5.0429678721e-25, 9.6095984801e-26, 3.08368464212e-25, 2.42580842027e-25, 2.94369560455e-25, 1.78499402721e-25, 4.48700434408e-25, 2.47413675104e-25, 3.48392012492e-25, 6.54883727307e-25, 3.3793963015e-25, 3.33523143068e-25, 6.50317307349e-25, 7.02651128662e-25, 4.88364360723e-25, 4.10519985678e-25, 7.11736538315e-25, 7.21740872316e-25, 4.39870221258e-25, 5.86187895439e-25, 4.88037772308e-25, 2.18989710138e-25, 7.50475821041e-25, 7.20224188618e-25, 7.34575688547e-25, 8.51412644624e-25, 7.22598265512e-25, 3.83930467443e-25, 7.5939966212e-25, 7.60938680443e-25, 9.39454945066e-25, 5.60291366858e-25, 1.00466780813e-24, 1.67783871172e-24, 1.46751853363e-24, 1.09910333317e-24, 9.72230242133e-25, 8.17349384218e-25, 1.71434285568e-24, 2.11621719701e-24, 1.21497773103e-24, 1.51147800479e-24, 1.92056233757e-24, 1.67054510101e-24, 1.38394631351e-24, 2.04053545948e-24, 2.14423181712e-24, 1.46046591992e-24, 1.76252411319e-24, 2.5076217764e-24, 2.14887643291e-24, 1.93277331274e-24, 1.29130268601e-24, 2.33691227651e-24, 2.643794157e-24, 1.55354499863e-24, 2.42748908843e-24, 2.56939175465e-24, 2.2706560463e-24, 2.10938388663e-24, 1.75982403953e-24, 2.13575649277e-24, 2.37409306591e-24, 1.45951593418e-24, 2.79461252916e-24, 2.72037992912e-24, 2.6066664185e-24, 2.52741962132e-24, 2.1334707683e-24, 1.90829436721e-24, 3.23595752588e-24, 2.9522162884e-24, 2.13879794599e-24, 3.30635764243e-24, 2.66465676693e-24, 3.21168506469e-24, 3.68727944369e-24, 3.15278831508e-24, 3.60574909141e-24, 3.67672211819e-24, 3.47180603173e-24, 3.85863383737e-24, 3.47095642854e-24, 3.95947313802e-24, 3.44666385139e-24, 3.3262493618e-24, 4.94426737058e-24, 3.63810816574e-24, 3.12583727668e-24, 4.60575611209e-24, 3.61741003331e-24, 3.6864610005e-24, 4.43934314312e-24, 3.65071416301e-24, 3.82410066238e-24, 4.31643388092e-24, 3.98062841535e-24, 4.45374695439e-24, 3.14324329534e-24, 4.93882344147e-24, 4.77116131126e-24, 4.68390146223e-24, 4.35726847682e-24, 4.68513563511e-24, 4.04004541873e-24, 5.01776159681e-24, 4.44403725994e-24, 4.40045506151e-24, 4.06918160183e-24, 3.95717873608e-24, 5.63758025967e-24, 5.39401432758e-24, 5.6480046621e-24],
        "stdev": [3.30589523401e-06, 2.90612956633e-06, 2.78855236502e-06, 3.6652588733e-06, 5.25433279108e-06, 1.04473938336e-05, 8.47479386721e-05, 0.000304116809275, 0.00125047203619, 0.00305467657745, 0.00249089323916, 0.00184875773266, 0.000856222817674, 0.00062419794267, 0.000474182277685, 0.000649038120173, 0.000603734864853, 0.00168379058596, 0.0037126368843, 0.00176777190063, 0.00152815377805, 0.00181513244752, 0.000645604915917, 0.000605140172411, 0.000443646713393, 0.000825413211714, 0.000615392695181, 0.000365494663129, 0.00209123385139, 0.00152722012717, 0.000428007508162, 0.00058254256146, 0.000523688388057, 0.000493321393151, 0.000442307791673, 0.000185263765161, 2.04218831641e-05, 3.43118663295e-05, 7.70338156144e-05, 0.000410367007134, 0.00107172154821, 0.000179295006092, 0.000184101212653, 0.000220221976633, 0.000365490675904, 0.000102802230685, 0.000103918100649, 5.53809004487e-05, 0.000223151218961, 9.87925668596e-05, 0.000108220876427, 0.000170430896105, 1.42826456795e-05, 3.77304168069e-05, 5.22712762177e-05, 1.700586472e-05, 3.98983975174e-05, 2.99911698676e-05, 0.000126457729493, 0.000135424328619, 3.53990944859e-05, 1.27742232507e-05, 6.81170422467e-06, 1.64274024428e-06, 1.65336189184e-06, 6.23714925041e-07, 1.19291792089e-06, 3.54277108272e-06, 2.18116042561e-06, 1.01667592389e-05, 1.34558267746e-05, 1.32793265948e-05, 8.86665475264e-06, 1.66035770235e-05, 1.34311012516e-05, 7.63942989579e-06, 2.23402503252e-06, 1.46995193973e-06, 1.15885848118e-06, 1.82170288099e-06, 2.80689505416e-06, 3.27739712702e-06, 2.84679663309e-06, 3.19904893331e-06, 3.43061446983e-06, 3.25327710016e-06, 3.56732812179e-06, 2.49648951467e-06, 2.77094864032e-06, 2.89625450023e-06, 2.18688569475e-06, 1.37304982673e-06, 1.0187739008e-06, 7.39556753615e-07, 6.59151510263e-07, 6.12987662407e-07, 7.01257476976e-07, 8.4704032588e-07, 9.39852270676e-07, 7.43115776913e-07, 6.79193703945e-07, 4.06310334711e-07, 2.80624959714e-07, 3.32562564154e-07, 2.84710921505e-07, 2.44853168851e-07, 2.07558173315e-07, 1.53407299308e-07, 1.02348863606e-07, 8.51284482906e-08, 1.08491740036e-07, 1.03921578898e-07, 1.12430164734e-07, 8.11739866435e-08, 9.28437344783e-08, 6.19115638756e-08, 5.08538411381e-09, 1.23451704415e-09, 1.51754098177e-09, 1.51262091741e-09, 1.20877663434e-09, 1.1129857036e-09, 7.38212546647e-10, 1.02454884854e-10, 8.94025894982e-11, 8.84223180786e-11, 8.86157675017e-11, 8.79713940583e-11]
    },
    "mfcc": {
        "mean": [-1116.25708008, 36.7346572876, -0.531615316868, 1.97779941559, -3.14064049721, -5.51635122299, -7.7810087204, -4.34963226318, -2.42965555191, -2.50440454483, -5.14164352417, -2.0506067276, -4.45010328293],
        "cov": [[57490.2265625, 12619.4892578, -903.924682617, 149.982833862, -1484.88720703, -2142.26855469, -3175.53759766, -1597.46411133, -967.54119873, -1100.42114258, -2037.70739746, -786.075500488, -1857.53295898], [12619.4892578, 3581.43212891, -103.868545532, 118.361785889, -264.369628906, -520.017883301, -695.762268066, -424.469146729, -242.360595703, -228.759384155, -469.75604248, -183.82749939, -409.290557861], [-903.924682617, -103.868545532, 237.959762573, 101.663215637, 81.5822372437, 36.7737503052, 18.4667949677, 4.93491697311, 5.45556116104, 18.9625778198, 11.0528182983, 0.480984270573, 44.5176887512], [149.982833862, 118.361785889, 101.663215637, 134.091293335, 54.4838752747, -11.0941133499, -23.4747180939, -22.9185752869, 7.81014585495, 5.63352966309, -30.6879558563, -0.350473731756, 20.3659362793], [-1484.88720703, -264.369628906, 81.5822372437, 54.4838752747, 137.38381958, 55.6733169556, 40.0606575012, 18.6522159576, 24.6783103943, 33.7905082703, 47.0698242188, 23.8757476807, 63.5715637207], [-2142.26855469, -520.017883301, 36.7737503052, -11.0941133499, 55.6733169556, 112.163764954, 138.137313843, 68.7958755493, 37.2915878296, 41.5223464966, 84.3231124878, 28.9523200989, 70.3200149536], [-3175.53759766, -695.762268066, 18.4667949677, -23.4747180939, 40.0606575012, 138.137313843, 279.491516113, 114.444541931, 45.7260246277, 64.7596435547, 130.513885498, 39.9524116516, 99.3869018555], [-1597.46411133, -424.469146729, 4.93491697311, -22.9185752869, 18.6522159576, 68.7958755493, 114.444541931, 79.3497238159, 39.3888244629, 27.4124736786, 62.9579353333, 21.5667114258, 54.9538841248], [-967.54119873, -242.360595703, 5.45556116104, 7.81014585495, 24.6783103943, 37.2915878296, 45.7260246277, 39.3888244629, 61.12317276, 27.5363388062, 32.6581802368, 13.3983736038, 38.665512085], [-1100.42114258, -228.759384155, 18.9625778198, 5.63352966309, 33.7905082703, 41.5223464966, 64.7596435547, 27.4124736786, 27.5363388062, 42.8589286804, 50.4908638, 10.0770950317, 38.45911026], [-2037.70739746, -469.75604248, 11.0528182983, -30.6879558563, 47.0698242188, 84.3231124878, 130.513885498, 62.9579353333, 32.6581802368, 50.4908638, 112.44354248, 26.7919979095, 65.7228240967], [-786.075500488, -183.82749939, 0.480984270573, -0.350473731756, 23.8757476807, 28.9523200989, 39.9524116516, 21.5667114258, 13.3983736038, 10.0770950317, 26.7919979095, 38.1179237366, 31.8445110321], [-1857.53295898, -409.290557861, 44.5176887512, 20.3659362793, 63.5715637207, 70.3200149536, 99.3869018555, 54.9538841248, 38.665512085, 38.45911026, 65.7228240967, 31.8445110321, 84.7609863281]],
        "icov": [[0.000224504023208, -0.000347196153598, 0.0004086192057, -0.000687577528879, 0.000732300861273, -0.00011320035992, 0.00107546080835, -0.000602367392275, 0.000441389449406, 0.000577738450374, 7.43415366742e-05, 0.000436135625932, 0.00118325697258], [-0.000347196153598, 0.00195117050316, -0.00065433367854, 0.000356881006155, -0.00106255360879, 0.00329380575567, -0.00246419641189, 0.00441582780331, -0.000670732872095, 0.000212082726648, 0.000469317106763, 0.000514504383318, -0.000185851487913], [0.0004086192057, -0.00065433367854, 0.00878186896443, -0.00740549573675, 0.000244121678406, -0.00458065699786, 0.00399562856182, -0.00341140851378, 0.00467952806503, 0.000748512160499, -0.00061820569681, 0.00435599451885, 0.000474561675219], [-0.000687577528879, 0.000356881006155, -0.00740549573675, 0.0224538818002, -0.00729369185865, 0.00507358368486, -0.00808370485902, 0.00957055576146, -0.00704106874764, -0.00591496005654, 0.0118499016389, -0.0019052948337, -0.0128925088793], [0.000732300861273, -0.00106255360879, 0.000244121678406, -0.00729369185865, 0.0197763107717, -0.00791993271559, 0.0087679438293, 0.00246995012276, 0.0029654216487, -0.000746843579691, -0.00468159420416, -0.000642189988866, -0.00474483845755], [-0.00011320035992, 0.00329380575567, -0.00458065699786, 0.00507358368486, -0.00791993271559, 0.045853972435, -0.0131369624287, 0.00261085596867, -0.0052688526921, 0.00431732786819, -0.00401318492368, -0.000295606965665, -0.000112179346615], [0.00107546080835, -0.00246419641189, 0.00399562856182, -0.00808370485902, 0.0087679438293, -0.0131369624287, 0.0226136595011, -0.0191287510097, 0.0113542424515, -0.00689198588952, -0.0050748209469, 0.000237804226344, 0.00351559882984], [-0.000602367392275, 0.00441582780331, -0.00341140851378, 0.00957055576146, 0.00246995012276, 0.00261085596867, -0.0191287510097, 0.0693789348006, -0.0243714936078, 0.0222894772887, -0.00311819999479, 0.00599453737959, -0.0177861079574], [0.000441389449406, -0.000670732872095, 0.00467952806503, -0.00704106874764, 0.0029654216487, -0.0052688526921, 0.0113542424515, -0.0243714936078, 0.038332156837, -0.0223946757615, 0.00583368726075, -0.000853713718243, -0.00122452434152], [0.000577738450374, 0.000212082726648, 0.000748512160499, -0.00591496005654, -0.000746843579691, 0.00431732786819, -0.00689198588952, 0.0222894772887, -0.0223946757615, 0.0808603689075, -0.0282780919224, 0.015154151246, -0.00491853943095], [7.43415366742e-05, 0.000469317106763, -0.00061820569681, 0.0118499016389, -0.00468159420416, -0.00401318492368, -0.0050748209469, -0.00311819999479, 0.00583368726075, -0.0282780919224, 0.0434450283647, -0.0029281124007, -0.00623141415417], [0.000436135625932, 0.000514504383318, 0.00435599451885, -0.0019052948337, -0.000642189988866, -0.000295606965665, 0.000237804226344, 0.00599453737959, -0.000853713718243, 0.015154151246, -0.0029281124007, 0.0449449159205, -0.0143279852346], [0.00118325697258, -0.000185851487913, 0.000474561675219, -0.0128925088793, -0.00474483845755, -0.000112179346615, 0.00351559882984, -0.0177861079574, -0.00122452434152, -0.00491853943095, -0.00623141415417, -0.0143279852346, 0.0637459903955]]
    },
    "spectral_contrast_coeffs": {
        "max": [-0.287876367569, -0.414359271526, -0.440560698509, -0.546884775162, -0.563678622246, -0.666741728783],
        "mean": [-0.837067008018, -0.884339272976, -0.89920425415, -0.911927103996, -0.910292387009, -0.913118422031],
        "min": [-0.984657406807, -0.998991370201, -0.998721301556, -0.986373662949, -0.989507555962, -0.966124176979],
        "stdev": [0.21191316843, 0.14304305613, 0.110776223242, 0.0880376920104, 0.0858526304364, 0.0748080536723]
    },
    "spectral_contrast_valleys": {
        "max": [-6.71210765839, -5.27825641632, -5.82283449173, -5.62168216705, -6.01473140717, -8.15539169312],
        "mean": [-21.6343574524, -21.1958084106, -21.530714035, -21.531993866, -21.5698890686, -22.3117771149],
        "min": [-28.1106472015, -28.1165618896, -27.9157485962, -27.7863712311, -27.529914856, -27.438293457],
        "stdev": [8.32412052155, 8.98741722107, 8.56590461731, 8.50730705261, 8.46601867676, 7.37344884872]
    }
},
"rhythm": {
    "beats_count": 19,
    "beats_loudness": {
        "max": 0.261442899704,
        "mean": 0.0208480414003,
        "min": 0,
        "stdev": 0.0601331293583
    },
    "bpm": 92.9147796631,
    "bpm_histogram_first_peak_bpm": 92,
    "bpm_histogram_first_peak_weight": 0.285714268684,
    "bpm_histogram_second_peak_bpm": 99,
    "bpm_histogram_second_peak_spread": 0.25,
    "bpm_histogram_second_peak_weight": 0.166666671634,
    "danceability": 0.880164384842,
    "onset_rate": 1.17560708523,
    "beats_loudness_band_ratio": {
        "max": [0.211750239134, 0.768822193146, 0.599300563335, 0.708613097668, 0.18650020659, 0.587699353695],
        "mean": [0.021193023771, 0.0874903574586, 0.101032078266, 0.0528710000217, 0.0241686999798, 0.0394073314965],
        "min": [0, 0, 0, 0, 0, 0],
        "stdev": [0.0503228046, 0.183500349522, 0.183631390333, 0.158596724272, 0.0512347891927, 0.132249355316]
    },
    "beats_position": [0.638548731804, 1.28870749474, 1.93886613846, 2.58902478218, 3.23918366432, 3.88934230804, 4.53950119019, 5.20126962662, 5.85142850876, 6.51319694519, 7.17496585846, 7.80190467834, 8.42884349823, 9.05578231812, 9.682721138, 10.2864398956, 10.8785486221, 11.4822673798, 12.0975961685],
    "bpm_histogram": [0, 0, 0, 0, 0, 0, 0, 0, 0, 0, 0, 0, 0, 0, 0, 0, 0, 0, 0, 0, 0, 0, 0, 0, 0, 0, 0, 0, 0, 0, 0, 0, 0, 0, 0, 0, 0, 0, 0, 0, 0, 0, 0, 0, 0, 0, 0, 0, 0, 0, 0, 0, 0, 0, 0, 0, 0, 0, 0, 0, 0, 0, 0, 0, 0, 0, 0, 0, 0, 0, 0, 0, 0, 0, 0, 0, 0, 0, 0, 0, 0, 0, 0, 0, 0, 0, 0, 0, 0, 0, 0, 0.166666671634, 0.388888895512, 0, 0, 0, 0.222222223878, 0, 0.0555555559695, 0.111111111939, 0, 0.0555555559695, 0, 0, 0, 0, 0, 0, 0, 0, 0, 0, 0, 0, 0, 0, 0, 0, 0, 0, 0, 0, 0, 0, 0, 0, 0, 0, 0, 0, 0, 0, 0, 0, 0, 0, 0, 0, 0, 0, 0, 0, 0, 0, 0, 0, 0, 0, 0, 0, 0, 0, 0, 0, 0, 0, 0, 0, 0, 0, 0, 0, 0, 0, 0, 0, 0, 0, 0, 0, 0, 0, 0, 0, 0, 0, 0, 0, 0, 0, 0, 0, 0, 0, 0, 0, 0, 0, 0, 0, 0, 0, 0, 0, 0, 0, 0, 0, 0, 0, 0, 0, 0, 0, 0, 0, 0, 0, 0, 0, 0, 0, 0, 0, 0, 0, 0, 0, 0, 0, 0, 0, 0, 0, 0, 0, 0, 0, 0, 0, 0, 0, 0, 0, 0, 0, 0, 0, 0, 0, 0, 0, 0, 0, 0, 0, 0, 0, 0, 0]
},
"tonal": {
    "chords_changes_rate": 0.0471014492214,
    "chords_number_rate": 0.0326086953282,
