{
"metadata": {
    "version": {
        "essentia": "2.1-beta5",
        "essentia_git_sha": "Undefined",
        "extractor": "music 2.0"
    },
    "audio_properties": {
        "analysis": {
            "equal_loudness": 0,
            "length": 12.7477550507,
            "sample_rate": 44100,
            "start_time": 0,
            "downmix": "mix"
        },
        "bit_rate": 192000,
        "length": 178.480194092,
        "lossless": 0,
        "number_channels": 1,
        "replay_gain": -6.64974212646,
        "sample_rate": 48000,
        "codec": "mp3",
        "md5_encoded": "067abf2b8807b2682f7cbe7d069914b6"
    },
    "tags": {
        "file_name": "France_Européennes_Cocktail Chic.mp3",
        "encoding": ["Lavf58.29.100"]
    }
},
"lowlevel": {
    "average_loudness": 0.953055381775,
    "barkbands_crest": {
        "max": 19.0456600189,
        "mean": 7.41956520081,
        "min": 2.60819625854,
        "stdev": 2.74346613884
    },
    "barkbands_flatness_db": {
        "max": 0.226556614041,
        "mean": 0.139551639557,
        "min": 0.0431496948004,
        "stdev": 0.0356748923659
    },
    "barkbands_kurtosis": {
        "max": 44.402053833,
        "mean": 2.44364261627,
        "min": -1.61501133442,
        "stdev": 3.18612766266
    },
    "barkbands_skewness": {
        "max": 5.996322155,
        "mean": 1.09577727318,
        "min": -1.9936068058,
        "stdev": 0.840345740318
    },
    "barkbands_spread": {
        "max": 85.006111145,
        "mean": 16.6982936859,
        "min": 4.48857307434,
        "stdev": 12.8675737381
    },
    "dissonance": {
        "max": 0.499945253134,
        "mean": 0.46609801054,
        "min": 0.372461110353,
        "stdev": 0.0252434331924
    },
    "dynamic_complexity": 4.31879520416,
    "erbbands_crest": {
        "max": 19.985206604,
        "mean": 8.02589416504,
        "min": 2.66660094261,
        "stdev": 2.75849819183
    },
    "erbbands_flatness_db": {
        "max": 0.261157155037,
        "mean": 0.181165292859,
        "min": 0.0734035000205,
        "stdev": 0.0364840067923
    },
    "erbbands_kurtosis": {
        "max": 7.33152866364,
        "mean": 1.17874884605,
        "min": -1.37666988373,
        "stdev": 1.54012227058
    },
    "erbbands_skewness": {
        "max": 2.0055706501,
        "mean": 0.552332282066,
        "min": -1.29096996784,
        "stdev": 0.474293977022
    },
    "erbbands_spread": {
        "max": 84.5362014771,
        "mean": 25.872051239,
        "min": 7.32395648956,
        "stdev": 13.5975446701
    },
    "hfc": {
        "max": 60.7835426331,
        "mean": 17.9895267487,
        "min": 1.18493741862e-16,
        "stdev": 12.4352083206
    },
    "loudness_ebu128": {
        "integrated": -20.0557041168,
        "loudness_range": 6.61164093018,
        "momentary": {
            "max": -17.3868083954,
            "mean": -22.5821800232,
            "min": -41.6180877686,
            "stdev": 5.81760978699
        },
        "short_term": {
            "max": -18.9754581451,
            "mean": -20.9081516266,
            "min": -28.5261306763,
            "stdev": 2.57645797729
        }
    },
    "melbands_crest": {
        "max": 28.5781211853,
        "mean": 9.21612930298,
        "min": 1.9693428278,
        "stdev": 3.86202955246
    },
    "melbands_flatness_db": {
        "max": 0.333032429218,
        "mean": 0.176539465785,
        "min": 0.00432909280062,
        "stdev": 0.0507806278765
    },
    "melbands_kurtosis": {
        "max": 100.521614075,
        "mean": 4.5066409111,
        "min": -1.2720515728,
        "stdev": 6.99528503418
    },
    "melbands_skewness": {
        "max": 8.35462379456,
        "mean": 1.40079128742,
        "min": -0.687304496765,
        "stdev": 1.02019095421
    },
    "melbands_spread": {
        "max": 159.993988037,
        "mean": 23.4627628326,
        "min": 2.50574183464,
        "stdev": 21.9823608398
    },
    "pitch_salience": {
        "max": 0.938079833984,
        "mean": 0.650319159031,
        "min": 0.173352196813,
        "stdev": 0.121330663562
    },
    "silence_rate_20dB": {
        "max": 1,
        "mean": 1,
        "min": 1,
        "stdev": 0
    },
    "silence_rate_30dB": {
        "max": 1,
        "mean": 1,
        "min": 1,
        "stdev": 0
    },
    "silence_rate_60dB": {
        "max": 1,
        "mean": 0.17090909183,
        "min": 0,
        "stdev": 0.37643250823
    },
    "spectral_centroid": {
        "max": 11411.9628906,
        "mean": 1238.8470459,
        "min": 380.687194824,
        "stdev": 895.043273926
    },
    "spectral_complexity": {
        "max": 39,
        "mean": 18.190908432,
        "min": 0,
        "stdev": 8.29928684235
    },
    "spectral_decrease": {
        "max": 1.22041197232e-28,
        "mean": -6.08390093859e-09,
        "min": -2.26435741268e-08,
        "stdev": 4.98753482958e-09
    },
    "spectral_energy": {
        "max": 0.088183671236,
        "mean": 0.0245937649161,
        "min": 1.03053084925e-20,
        "stdev": 0.0198403131217
    },
    "spectral_energyband_high": {
        "max": 0.00215966487303,
        "mean": 0.00037338983384,
        "min": 7.07022854278e-21,
        "stdev": 0.000315081881126
    },
    "spectral_energyband_low": {
        "max": 0.024960309267,
        "mean": 0.00105150835589,
        "min": 4.73364916083e-23,
        "stdev": 0.00202786293812
    },
    "spectral_energyband_middle_high": {
        "max": 0.0469051711261,
        "mean": 0.00686717126518,
        "min": 1.46598315945e-21,
        "stdev": 0.00577806262299
    },
    "spectral_energyband_middle_low": {
        "max": 0.0792467445135,
        "mean": 0.0169765707105,
        "min": 3.13402270254e-22,
        "stdev": 0.01640852727
    },
    "spectral_entropy": {
        "max": 9.81577396393,
        "mean": 7.54372167587,
        "min": 6.79775094986,
        "stdev": 0.442155450583
    },
    "spectral_flux": {
        "max": 0.252628475428,
        "mean": 0.0749042257667,
        "min": 6.51157530673e-11,
        "stdev": 0.0411433763802
    },
    "spectral_kurtosis": {
        "max": 13.3338279724,
        "mean": 5.58011579514,
        "min": -1.24425554276,
        "stdev": 2.50924754143
    },
    "spectral_rms": {
        "max": 0.00927538983524,
        "mean": 0.00434853415936,
        "min": 3.17079804253e-12,
        "stdev": 0.00225480902009
    },
    "spectral_rolloff": {
        "max": 19530.6152344,
        "mean": 2122.1940918,
        "min": 129.19921875,
        "stdev": 2945.69702148
    },
    "spectral_skewness": {
        "max": 2.88586711884,
        "mean": 1.91333937645,
        "min": -0.0200514923781,
        "stdev": 0.443412065506
    },
    "spectral_spread": {
        "max": 41557052,
        "mean": 5043088.5,
        "min": 3209524.25,
        "stdev": 3220976.75
    },
    "spectral_strongpeak": {
        "max": 6.54116773605,
        "mean": 1.12365186214,
        "min": 0,
        "stdev": 1.04701793194
    },
    "zerocrossingrate": {
        "max": 0.61376953125,
        "mean": 0.0805912613869,
        "min": 0.01953125,
        "stdev": 0.0774921476841
    },
    "barkbands": {
        "max": [0.000132807472255, 0.00947438552976, 0.0150451362133, 0.0332247391343, 0.0485657416284, 0.0252557378262, 0.0231130756438, 0.021084472537, 0.022487167269, 0.0313850492239, 0.0252713114023, 0.0103599270806, 0.012140231207, 0.00941311195493, 0.00718380091712, 0.00245864759199, 0.000643725390546, 0.000118085634313, 0.000449881248642, 0.00157190870959, 0.00104841717985, 0.000597508624196, 0.000159462841111, 9.47727749008e-05, 3.36438788509e-05, 4.58121758129e-05, 3.11197709379e-07],
        "mean": [4.51056985185e-06, 0.000105803977931, 0.000330690556439, 0.00233941222541, 0.00503977201879, 0.00338325556368, 0.00161115021911, 0.00157697917894, 0.00279212929308, 0.001647653291, 0.000946190906689, 0.000983619014733, 0.00113812542986, 0.000921556202229, 0.000748344522435, 0.000414277659729, 9.48155648075e-05, 9.52393475018e-06, 5.05185780639e-05, 0.000190733146155, 0.000147393482621, 3.57804492523e-05, 2.0027930077e-05, 2.17397118831e-05, 1.78890295501e-05, 2.18662316911e-05, 9.1132053015e-09],
        "min": [1.03164941488e-23, 1.51243757519e-23, 5.73938197062e-24, 6.58063388957e-24, 9.3824331388e-24, 3.28816378839e-23, 2.65264829236e-23, 3.53843243493e-23, 7.29551186923e-23, 2.27291857826e-23, 1.72878315177e-23, 4.23324060986e-23, 6.1916506004e-23, 1.05169370784e-22, 1.0206717843e-22, 1.39701700112e-22, 1.3571809138e-22, 1.73752369904e-22, 2.5222864403e-22, 3.06139903164e-22, 3.81018580288e-22, 3.85830152182e-22, 4.86156320905e-22, 8.33928263679e-22, 1.04865347578e-21, 1.58349167794e-21, 2.3495942111e-21],
        "stdev": [8.92271236808e-06, 0.000501913367771, 0.000973317248281, 0.00430510565639, 0.00701792631298, 0.00422970019281, 0.00258148717694, 0.00250093336217, 0.00402696896344, 0.00294811232015, 0.00180176261347, 0.00126027059741, 0.0013818689622, 0.00110408046748, 0.000897376099601, 0.000362535676686, 8.8191118266e-05, 1.34553338285e-05, 5.64334332012e-05, 0.000185411699931, 0.000164503115229, 4.99154302815e-05, 1.91710405488e-05, 1.24300713651e-05, 3.87283535019e-06, 4.28102930528e-06, 1.49809356031e-08]
    },
    "erbbands": {
        "max": [0.110785149038, 3.03619766235, 17.83751297, 56.2633094788, 166.084640503, 187.71661377, 120.624771118, 263.704315186, 389.353149414, 368.218505859, 601.319396973, 492.887542725, 397.582885742, 1290.50219727, 856.19128418, 321.157775879, 654.276428223, 519.016906738, 437.889862061, 229.481063843, 77.4762802124, 32.3411216736, 13.2273349762, 7.04567623138, 34.3525886536, 101.261047363, 43.2442398071, 38.7188339233, 26.5349998474, 3.87518215179, 5.33208417892, 3.50046467781, 0.811640799046, 0.341244220734, 0.280254751444, 0.184823334217, 0.109334073961, 0.0055578071624, 0.000127944425913, 0.000102388425148],
        "mean": [0.00168098835275, 0.0330528765917, 0.309266239405, 3.71258115768, 14.0044202805, 17.8001213074, 17.3452682495, 31.9931926727, 25.9850349426, 24.0269088745, 41.8315544128, 57.1804389954, 58.1373596191, 54.4880867004, 43.6554641724, 39.9333953857, 57.7045135498, 46.5154685974, 38.1225013733, 41.6582641602, 15.1707458496, 5.24565458298, 1.33131837845, 1.08547472954, 4.21663761139, 10.0188932419, 7.75086927414, 4.17683410645, 1.62128043175, 0.40307700634, 0.660088896751, 0.573951482773, 0.278267294168, 0.175577804446, 0.143497407436, 0.102784842253, 0.04438707605, 0.00222675641999, 5.91365242144e-05, 3.1476123695e-05],
        "min": [4.65920940592e-22, 3.41888327842e-21, 1.17144906375e-20, 1.75566338516e-20, 3.78014108236e-20, 3.62815246092e-20, 1.42067171607e-19, 3.15801789742e-19, 4.23824081417e-19, 6.3290380401e-19, 9.33227545227e-19, 1.79630996771e-18, 1.10917330761e-18, 1.24643565846e-18, 8.9707241123e-19, 1.67601050629e-18, 2.49849366354e-18, 6.15902926316e-18, 4.12080081273e-18, 7.04545792786e-18, 6.13706389559e-18, 8.43037085869e-18, 8.31437449421e-18, 1.23034753321e-17, 1.2926624402e-17, 1.30429532931e-17, 1.6770383816e-17, 1.38736221262e-17, 1.31746710523e-17, 1.47132170654e-17, 1.2937419109e-17, 1.40979733607e-17, 1.46463411673e-17, 9.98546710157e-18, 8.20640426322e-18, 5.92898040864e-18, 2.79326609227e-18, 1.33485754363e-18, 2.95058167931e-19, 3.47810512897e-20],
        "stdev": [0.00580758508295, 0.15380884707, 0.977549433708, 6.376557827, 24.9989185333, 26.2262458801, 21.6342124939, 41.7690696716, 37.359828949, 37.7736968994, 65.4430999756, 83.2734451294, 75.2811889648, 110.201248169, 65.4018096924, 42.7507667542, 70.9203262329, 58.9131965637, 50.3134498596, 38.5180549622, 12.509308815, 4.5866932869, 1.39607644081, 1.08263731003, 4.41675281525, 10.1905241013, 8.11698246002, 4.96403312683, 2.32209014893, 0.332532942295, 0.699854791164, 0.435913294554, 0.0990784466267, 0.0423468500376, 0.0330542139709, 0.0222804620862, 0.00958044826984, 0.000564331014175, 1.40061501952e-05, 2.2783253371e-05]
    },
    "gfcc": {
        "mean": [-24.164024353, 73.6089630127, -134.136001587, -14.7773017883, -75.6142349243, 11.2359638214, -48.589679718, -6.7364358902, -39.0537872314, 16.5189781189, -31.7777385712, -5.71332406998, -5.40178251266],
        "cov": [[15361.3173828, 2971.57202148, -1568.15612793, 185.795944214, -754.654968262, -692.604370117, -433.269561768, -703.676391602, -649.403015137, -148.526199341, -489.776367188, -568.487426758, 19.6076145172], [2971.57202148, 1335.97558594, -102.404472351, 248.720825195, -77.1190032959, -404.193267822, -24.2220897675, -314.908752441, -215.231124878, -176.474807739, -153.472213745, -284.868103027, 18.2042140961], [-1568.15612793, -102.404472351, 663.756469727, 332.537536621, 97.4456100464, 11.7071990967, 70.8883972168, 23.868516922, -30.9159374237, -77.1232452393, 15.4755630493, 25.4795513153, -76.4973907471], [185.795944214, 248.720825195, 332.537536621, 381.819030762, 22.9226322174, -109.382339478, 30.5776691437, -100.748596191, -92.9813690186, -103.145980835, -42.0805892944, -62.3979263306, -49.5286560059], [-754.654968262, -77.1190032959, 97.4456100464, 22.9226322174, 107.782043457, 50.6233062744, 32.8354072571, 35.75522995, 23.703666687, -0.836456954479, 22.1019687653, 17.5614376068, -0.175793588161], [-692.604370117, -404.193267822, 11.7071990967, -109.382339478, 50.6233062744, 210.671035767, 22.6550865173, 118.633079529, 70.6318435669, 69.9332199097, 43.2549057007, 99.2776107788, -12.9982042313], [-433.269561768, -24.2220897675, 70.8883972168, 30.5776691437, 32.8354072571, 22.6550865173, 70.8939056396, 27.3820343018, 10.1118011475, -9.60912132263, 8.88718414307, -3.52155685425, -9.89242267609], [-703.676391602, -314.908752441, 23.868516922, -100.748596191, 35.75522995, 118.633079529, 27.3820343018, 148.755813599, 72.493019104, 62.0941123962, 48.2050857544, 73.2455062866, -6.83521461487], [-649.403015137, -215.231124878, -30.9159374237, -92.9813690186, 23.703666687, 70.6318435669, 10.1118011475, 72.493019104, 94.1852111816, 59.2177085876, 41.3024215698, 52.0862770081, 15.307682991], [-148.526199341, -176.474807739, -77.1232452393, -103.145980835, -0.836456954479, 69.9332199097, -9.60912132263, 62.0941123962, 59.2177085876, 84.19581604, 43.8112564087, 48.2045783997, 10.2390213013], [-489.776367188, -153.472213745, 15.4755630493, -42.0805892944, 22.1019687653, 43.2549057007, 8.88718414307, 48.2050857544, 41.3024215698, 43.8112564087, 66.5914916992, 55.0340080261, 3.80749034882], [-568.487426758, -284.868103027, 25.4795513153, -62.3979263306, 17.5614376068, 99.2776107788, -3.52155685425, 73.2455062866, 52.0862770081, 48.2045783997, 55.0340080261, 108.178390503, 13.0441761017], [19.6076145172, 18.2042140961, -76.4973907471, -49.5286560059, -0.175793588161, -12.9982042313, -9.89242267609, -6.83521461487, 15.307682991, 10.2390213013, 3.80749034882, 13.0441761017, 51.0284347534]],
        "icov": [[0.00169708277099, -0.00468932790682, 0.00448404578492, -0.00510046072304, 0.00673608388752, -0.00573417264968, 0.0054305610247, -0.00486257579178, 0.0056583257392, -0.00423742085695, 0.00266230176203, -0.00213228841312, 0.00125561212189], [-0.00468932790682, 0.0160942301154, -0.0120165543631, 0.0140272956342, -0.0197033081204, 0.0188882276416, -0.0161664411426, 0.0152968103066, -0.0128400810063, 0.010434656404, -0.00649527600035, 0.00905058719218, -0.00475132558495], [0.00448404578492, -0.0120165543631, 0.0166009422392, -0.0173696000129, 0.015660116449, -0.0140866311267, 0.0136511409655, -0.0147902825847, 0.0143373515457, -0.00854154396802, 0.00660179089755, -0.00843992922455, 0.00680027669296], [-0.00510046072304, 0.0140272956342, -0.0173696000129, 0.0247112158686, -0.0219877697527, 0.0208962690085, -0.0193674620241, 0.0195899885148, -0.0144584560767, 0.0111014489084, -0.0043709888123, 0.00313738523982, 0.000652006652672], [0.00673608388752, -0.0197033081204, 0.015660116449, -0.0219877697527, 0.0446548908949, -0.0329611971974, 0.0225313883275, -0.0220575593412, 0.0181650817394, -0.0080435089767, -0.000949993787799, 0.00166791328229, -0.00444406084716], [-0.00573417264968, 0.0188882276416, -0.0140866311267, 0.0208962690085, -0.0329611971974, 0.0433745123446, -0.0268866233528, 0.0174017231911, -0.0150864422321, 0.00113386753947, 0.00868812855333, -0.0108972908929, 0.00911890994757], [0.0054305610247, -0.0161664411426, 0.0136511409655, -0.0193674620241, 0.0225313883275, -0.0268866233528, 0.0419219359756, -0.0230330917984, 0.0132370311767, -0.00199565081857, -0.00341340410523, 0.00595639180392, -0.00122066703625], [-0.00486257579178, 0.0152968103066, -0.0147902825847, 0.0195899885148, -0.0220575593412, 0.0174017231911, -0.0230330917984, 0.0354106612504, -0.0186061114073, 0.00471306405962, -0.00357100786641, 0.000758496054914, 0.00259633129463], [0.0056583257392, -0.0128400810063, 0.0143373515457, -0.0144584560767, 0.0181650817394, -0.0150864422321, 0.0132370311767, -0.0186061114073, 0.0479645989835, -0.0280823279172, 0.00986380781978, -0.0072905337438, -0.00146630092058], [-0.00423742085695, 0.010434656404, -0.00854154396802, 0.0111014489084, -0.0080435089767, 0.00113386753947, -0.00199565081857, 0.00471306405962, -0.0280823279172, 0.0548049658537, -0.0312182381749, 0.0165928583592, -0.0081031024456], [0.00266230176203, -0.00649527600035, 0.00660179089755, -0.0043709888123, -0.000949993787799, 0.00868812855333, -0.00341340410523, -0.00357100786641, 0.00986380781978, -0.0312182381749, 0.0535878837109, -0.0326932184398, 0.0156820621341], [-0.00213228841312, 0.00905058719218, -0.00843992922455, 0.00313738523982, 0.00166791328229, -0.0108972908929, 0.00595639180392, 0.000758496054914, -0.0072905337438, 0.0165928583592, -0.0326932184398, 0.0508712157607, -0.0252373721451], [0.00125561212189, -0.00475132558495, 0.00680027669296, 0.000652006652672, -0.00444406084716, 0.00911890994757, -0.00122066703625, 0.00259633129463, -0.00146630092058, -0.0081031024456, 0.0156820621341, -0.0252373721451, 0.0414023138583]]
    },
    "melbands": {
        "max": [0.00148770934902, 0.00716376444325, 0.0137767586857, 0.0115817645565, 0.00503648817539, 0.00556141883135, 0.00531045999378, 0.00367070641369, 0.00475675147027, 0.00269502354786, 0.00195147306658, 0.00554954772815, 0.0039255451411, 0.0015895870747, 0.00122317695059, 0.000941382197198, 0.000963122292887, 0.000676212832332, 0.000383212201996, 0.000251770805335, 0.000108290485514, 3.97258590965e-05, 3.28117603203e-05, 2.42372948378e-06, 5.8562131926e-06, 2.18638997467e-05, 3.17889316648e-05, 6.99974552845e-05, 3.24947177432e-05, 2.43847207457e-05, 2.10950511246e-05, 2.04670250241e-05, 5.31928390046e-06, 9.72750058281e-07, 3.01761156152e-06, 3.48774938175e-06, 1.63805236753e-06, 7.62177592151e-07, 2.79126936675e-07, 3.13388483164e-07],
        "mean": [2.2414364139e-05, 0.000140757445479, 0.0010195132345, 0.00112570531201, 0.00066493160557, 0.000688734813593, 0.000390159257222, 0.000261711422354, 0.000354244984919, 0.000369896326447, 0.000287932925858, 0.000226944073802, 0.000152684384375, 0.000120757016703, 0.00011750246631, 0.000111644214485, 7.97084867372e-05, 5.95953097218e-05, 5.5520740716e-05, 4.16925431637e-05, 1.4167883819e-05, 5.09047367814e-06, 3.08188009512e-06, 2.31729885058e-07, 7.82154700119e-07, 2.33508922065e-06, 4.58538806924e-06, 6.97140194461e-06, 5.31814657734e-06, 3.24098687088e-06, 2.10896087083e-06, 1.07096184365e-06, 3.00246256302e-07, 1.95814664039e-07, 3.8316551354e-07, 4.0055542172e-07, 3.22034907185e-07, 2.02182633302e-07, 1.4591464037e-07, 1.47179207488e-07],
        "min": [5.18115204522e-24, 7.5696165791e-24, 3.81560108056e-24, 2.62977235162e-24, 4.27172637241e-24, 6.81453627557e-24, 7.05834793782e-24, 7.07895614011e-24, 9.1052092729e-24, 9.59742928991e-24, 4.78968297645e-24, 4.73142520417e-24, 2.6599352372e-24, 3.82106512562e-24, 5.23201542981e-24, 7.9597130299e-24, 1.14707080937e-23, 5.95743377445e-24, 7.42764054883e-24, 8.98002572472e-24, 5.83322131403e-24, 7.16121697758e-24, 7.77461234052e-24, 8.69559088128e-24, 9.63098901054e-24, 6.46373377532e-24, 9.88210868022e-24, 7.35621313816e-24, 8.95826578551e-24, 6.77715136841e-24, 8.30807794995e-24, 7.88268865112e-24, 5.82480022387e-24, 8.73614227612e-24, 7.2021501811e-24, 6.67735730845e-24, 9.89546961737e-24, 1.06213068472e-23, 9.13851261374e-24, 8.0842749557e-24],
        "stdev": [9.3177848612e-05, 0.000396943185478, 0.0017977404641, 0.00165354728233, 0.000819322827738, 0.000880765321199, 0.000546734256204, 0.000386571715353, 0.00051408901345, 0.000531633617356, 0.000377144024242, 0.000478439236758, 0.000278673687717, 0.000181929324754, 0.0001421594352, 0.000124615806271, 0.000104712962639, 7.91567654232e-05, 5.71975360799e-05, 3.99451237172e-05, 1.47377704707e-05, 4.95464928463e-06, 3.51220933226e-06, 3.03790045564e-07, 8.43355337565e-07, 2.65737480731e-06, 4.7474859457e-06, 7.07797198629e-06, 5.80955747864e-06, 3.8225125536e-06, 2.58485169979e-06, 1.60509978286e-06, 4.26367705586e-07, 1.37468958883e-07, 4.38588273255e-07, 3.79677658202e-07, 2.24534204563e-07, 8.4875949824e-08, 4.00701196668e-08, 4.02301729707e-08]
    },
    "melbands128": {
        "max": [6.52515955153e-05, 0.000433929759311, 0.00236936588772, 0.0062519069761, 0.0105354087427, 0.00586543418467, 0.00927179306746, 0.0195529144257, 0.0204785950482, 0.0107691530138, 0.0130409328267, 0.00784703344107, 0.0059057357721, 0.00516574643552, 0.00750221824273, 0.011457329616, 0.0068616704084, 0.00790511071682, 0.00370910111815, 0.00638136919588, 0.00220656744204, 0.00458233617246, 0.00816816743463, 0.00343241286464, 0.00625399220735, 0.00234795641154, 0.00645856559277, 0.00148504017852, 0.00465159351006, 0.00969572365284, 0.00573340523988, 0.00390656897798, 0.00772786466405, 0.000735286215786, 0.00218249857426, 0.00230392836966, 0.000537566607818, 0.00255015306175, 0.00240660039708, 0.00233901105821, 0.00119677744806, 0.00178415584378, 0.00197836640291, 0.000419660325861, 0.000816631538328, 0.000407765095588, 0.0018642883515, 0.000441203417722, 0.000293775781756, 0.000766258104704, 0.000175192311872, 0.000115125534649, 0.00019125455583, 0.00010103785462, 4.6399411076e-05, 4.54822111351e-05, 7.01687094988e-05, 7.41054827813e-05, 1.98321376956e-05, 4.16450075136e-06, 3.62480386684e-06, 3.40124665854e-06, 4.42615419161e-06, 1.1096797607e-05, 2.55670784099e-05, 1.71969004441e-05, 4.57007372461e-05, 3.2769417885e-05, 4.68317339255e-05, 0.00010311837832, 0.00012774062634, 3.92473411921e-05, 7.81320341048e-05, 6.34015013929e-05, 3.43179526681e-05, 2.59535208897e-05, 2.91054802801e-05, 2.78820243693e-05, 1.96210803551e-05, 2.56367147813e-05, 2.38270822592e-05, 2.3129319743e-05, 1.16261053336e-05, 3.51677658728e-06, 4.1763119043e-06, 7.51483867134e-07, 1.82507153568e-06, 2.07740595215e-06, 4.70934764962e-06, 3.7806396449e-06, 4.59728971691e-06, 3.64546031051e-06, 3.06148081108e-06, 2.05733749681e-06, 1.91510662262e-06, 1.40100200952e-06, 7.16804663625e-07, 6.3320311483e-07, 3.53471790504e-07, 4.30391622785e-07, 4.41542056251e-07, 3.90385565652e-07, 3.77007950192e-07, 6.05585341873e-07, 5.15337205798e-07, 4.52639483228e-07, 4.04290460665e-07, 4.16989735186e-07, 4.37312763779e-07, 5.20612161381e-07, 4.47248197588e-07, 4.4704705715e-07, 4.48210613513e-07, 3.67917067479e-07, 9.47953537889e-08, 5.03807351393e-09, 2.46772136059e-09, 1.90868543193e-09, 1.5854842994e-09, 1.39616507244e-09, 1.23887411441e-09, 1.11937581426e-09, 1.04768071996e-09, 9.80988179577e-10, 9.35620247944e-10, 9.01094476813e-10, 8.72325711665e-10, 8.58082271904e-10],
        "mean": [2.33899845625e-06, 6.84865563017e-06, 2.89848612738e-05, 5.52649435122e-05, 8.35941900732e-05, 0.000195362474187, 0.000514074461535, 0.00149171613157, 0.0015324682463, 0.000954717921559, 0.00107019126881, 0.000764895637985, 0.000510410580318, 0.000593385251705, 0.000751309096813, 0.000801992719062, 0.000411814864492, 0.000371688482119, 0.00023832275474, 0.000302111759083, 0.000187925004866, 0.000378943746909, 0.000363247731002, 0.000315115437843, 0.000459308677819, 0.000225164403673, 0.000589696050156, 0.000147118480527, 0.000229826051509, 0.000323074636981, 0.000173427819391, 0.000129433668917, 0.000241263813223, 5.76636957703e-05, 0.000149735875311, 0.000149172483361, 5.12109218107e-05, 0.000103599653812, 0.00017264620692, 0.000145816913573, 4.86294811708e-05, 0.000145920421346, 9.26764478208e-05, 3.01778254652e-05, 7.59872054914e-05, 4.87121287733e-05, 7.52529304009e-05, 3.64839943359e-05, 4.76155510114e-05, 9.51856927713e-05, 2.65113976639e-05, 1.18741281767e-05, 2.06216973311e-05, 1.23624386106e-05, 5.34519904249e-06, 4.31378339272e-06, 4.45020805273e-06, 5.95472693021e-06, 1.31122635594e-06, 2.456640118e-07, 2.27063608804e-07, 1.64468033859e-07, 2.14943767674e-07, 7.98473706709e-07, 2.07643620342e-06, 1.78130915174e-06, 3.17494254887e-06, 3.05052776639e-06, 3.7792447074e-06, 8.50437118061e-06, 8.09615539765e-06, 5.58283136343e-06, 5.1515830819e-06, 6.1532964537e-06, 4.4144048843e-06, 3.04353602587e-06, 2.96059897664e-06, 2.65058292825e-06, 1.98412953978e-06, 1.66475194874e-06, 1.12752672976e-06, 9.10612925509e-07, 5.52150765998e-07, 2.29183427791e-07, 1.01910927697e-07, 1.17184242754e-07, 2.4569376933e-07, 3.18630696938e-07, 4.18544829017e-07, 4.12567572994e-07, 3.58441383241e-07, 4.1184924271e-07, 4.51117585953e-07, 3.24558357079e-07, 2.42169875264e-07, 2.22544215944e-07, 2.03878357752e-07, 1.62983937457e-07, 1.39100109209e-07, 1.38768001534e-07, 1.43782145301e-07, 1.4595370601e-07, 1.54196399649e-07, 1.62516528235e-07, 1.65193895896e-07, 1.63535389675e-07, 1.62276734272e-07, 1.59896487162e-07, 1.69628791014e-07, 2.24920114533e-07, 1.75407791403e-07, 1.575529609e-07, 1.6540694503e-07, 1.43579498513e-07, 2.31963834807e-08, 1.55437462901e-09, 3.43380879286e-10, 8.38744785431e-12, 7.47755850294e-12, 7.00447035443e-12, 6.59437825526e-12, 6.28651557893e-12, 6.08962880122e-12, 5.8775970202e-12, 5.64125048758e-12, 5.35824249553e-12, 5.17859843549e-12, 5.11962911301e-12],
        "min": [5.98872946428e-24, 3.46192673218e-24, 4.2716782519e-24, 5.06361847566e-24, 7.11775941918e-24, 1.92494840421e-24, 2.94318797256e-24, 3.5412466962e-24, 3.31853548544e-24, 3.08552786493e-24, 1.3848386138e-24, 6.06242366676e-25, 3.7029596319e-24, 5.04435449236e-24, 9.33456900337e-24, 2.91411687048e-24, 3.44271915243e-24, 5.40263144968e-24, 4.91609675322e-24, 4.79610864295e-24, 4.70053972201e-24, 5.3759150974e-24, 3.72995642423e-24, 1.46887415165e-23, 8.55593015776e-24, 1.80172024499e-24, 7.09187452629e-24, 3.27630204194e-24, 1.5009661374e-24, 3.97307743876e-24, 5.0585468889e-24, 3.44944774152e-24, 1.28267994328e-24, 1.74261563052e-24, 5.63582267757e-24, 2.92160986579e-24, 3.57911478067e-24, 8.09171628062e-24, 1.65984065295e-24, 1.69143098233e-24, 7.78795592273e-24, 1.32265657406e-23, 7.38229761286e-24, 1.03899165887e-23, 4.70277969255e-24, 4.23923437502e-24, 3.85152107302e-24, 4.38604967252e-24, 5.60481689412e-24, 8.83058391483e-24, 7.54093123001e-24, 2.805555016e-24, 7.93007473683e-24, 2.92674180041e-24, 1.0442043334e-24, 2.50349701994e-24, 9.24135877654e-24, 1.07722388153e-23, 3.55484231948e-24, 7.07190451248e-24, 7.60350841018e-24, 4.28038806515e-24, 9.48466241237e-24, 7.73126127833e-24, 3.8897469059e-24, 3.54720693477e-24, 7.83912854079e-24, 1.4620710152e-23, 4.79988176466e-24, 6.4737495478e-24, 4.50106717022e-24, 7.39838406444e-24, 4.87089344563e-24, 4.88153084051e-24, 1.2165650375e-23, 2.16164887983e-24, 4.22807554308e-24, 6.52905500815e-24, 4.29229434279e-24, 7.59353089745e-24, 7.46048556148e-24, 5.71241318286e-24, 5.25165017774e-24, 5.00831025431e-24, 5.77309118039e-24, 8.53743531384e-24, 9.05031559795e-24, 7.25539513675e-24, 5.54972797609e-24, 8.27462393668e-24, 7.4415055681e-24, 6.35671887707e-24, 5.08494256922e-24, 1.06846926097e-23, 1.16059172751e-23, 1.03329387432e-23, 1.14228250256e-23, 8.06153682897e-24, 1.17142688982e-23, 5.64858013613e-24, 8.20307346372e-24, 6.13617940038e-24, 1.06398939878e-23, 5.5194585943e-24, 7.3064289153e-24, 5.63385525847e-24, 9.12339646107e-24, 9.96106340164e-24, 8.49690916256e-24, 9.61459648093e-24, 1.12647302004e-23, 7.12458464373e-24, 6.65574725282e-24, 9.14145112061e-24, 9.52453696454e-24, 1.07683071325e-23, 1.08214132487e-23, 9.25582648554e-24, 5.66251970275e-24, 8.74017177762e-24, 8.37928132412e-24, 8.58129755789e-24, 8.1197239982e-24, 7.10399379638e-24, 8.93128122052e-24, 9.38160167941e-24, 9.77758855458e-24, 9.69589727468e-24],
        "stdev": [4.30195086665e-06, 2.25951662287e-05, 0.000117842224427, 0.000302239612211, 0.00050632795319, 0.000490123638883, 0.000944531580899, 0.00286759226583, 0.00299548730254, 0.00159980589524, 0.0017757731257, 0.00113903556485, 0.000809662451502, 0.000889077899046, 0.00107850995846, 0.00129482196644, 0.000642122875433, 0.000763922405895, 0.00042136706179, 0.000620302802417, 0.000291506992653, 0.000611210067291, 0.000852506491356, 0.000544269860256, 0.000915425189305, 0.000325508095557, 0.00114387331996, 0.000203521223739, 0.000543386384379, 0.00082211982226, 0.000481357099488, 0.000283140776446, 0.000525010167621, 8.36892431835e-05, 0.000260633794824, 0.000259814201854, 7.51062543713e-05, 0.000209235440707, 0.00026163549046, 0.000248208205448, 9.13640033104e-05, 0.00024486365146, 0.000164304234204, 4.93888110213e-05, 0.000106882034743, 5.83801738685e-05, 0.000198283916689, 5.11511061632e-05, 4.56723610114e-05, 0.000116263792734, 2.90127154585e-05, 1.65813762578e-05, 2.80515196209e-05, 1.43092665894e-05, 6.44678993922e-06, 5.86100713917e-06, 6.70920371704e-06, 7.72829935158e-06, 2.11604424294e-06, 4.4242523245e-07, 4.22054455385e-07, 3.21075106058e-07, 4.3212267542e-07, 1.14751617275e-06, 2.54768588093e-06, 2.29178067457e-06, 5.12826682098e-06, 3.83129054171e-06, 4.99833686263e-06, 1.07681335066e-05, 1.04036280391e-05, 5.84465351494e-06, 6.8637386903e-06, 8.25819643069e-06, 5.31007890459e-06, 3.94801008952e-06, 4.40796475232e-06, 3.56375903721e-06, 2.61689888248e-06, 2.4091141313e-06, 1.81901373253e-06, 1.79563176061e-06, 9.29089594592e-07, 3.36499027753e-07, 1.87503644611e-07, 8.08789692996e-08, 2.07091602533e-07, 3.49511395825e-07, 5.81332471938e-07, 5.12615429216e-07, 3.71236495766e-07, 4.61658459017e-07, 3.9986940692e-07, 2.48300352723e-07, 1.79070497097e-07, 1.34895373094e-07, 1.00804527392e-07, 6.47533369147e-08, 5.55347305919e-08, 5.54684618237e-08, 5.70943008427e-08, 5.43862626046e-08, 5.84972781326e-08, 6.68645228075e-08, 5.88522759415e-08, 5.67081741565e-08, 5.80881405199e-08, 5.30645039021e-08, 5.89127608919e-08, 8.15604579429e-08, 5.21262961684e-08, 4.89078217925e-08, 5.23032248623e-08, 4.86500084662e-08, 1.14252802774e-08, 1.05994812927e-09, 3.03419678271e-10, 8.14590131459e-11, 6.7751734778e-11, 5.97211793907e-11, 5.30573432411e-11, 4.79943688958e-11, 4.49554456161e-11, 4.21335015488e-11, 4.02170415026e-11, 3.87614801367e-11, 3.75489986326e-11, 3.69464597805e-11]
    },
    "mfcc": {
        "mean": [-665.619384766, 125.896606445, -15.0910205841, -19.0326156616, -19.8168582916, 7.72710227966, -6.81258630753, -29.6252231598, 1.66550338268, 3.41837668419, -23.3236179352, -2.50609230995, -2.24920105934],
        "cov": [[7446.15039062, 2334.20336914, -380.651489258, 688.10949707, -484.973144531, 29.5891151428, -162.716522217, -646.372375488, -86.2736358643, 12.7688760757, -686.675964355, -158.689697266, -247.362640381], [2334.20336914, 963.394714355, -53.9307975769, 294.603942871, -136.20262146, -15.5364847183, -28.4358043671, -220.034133911, -28.4922180176, 4.03144836426, -240.19493103, -85.5109100342, -78.8876876831], [-380.651489258, -53.9307975769, 441.483154297, 311.792022705, 66.7658843994, 37.8329467773, 52.0982933044, 77.6891937256, -50.7902908325, -57.1415748596, 26.0772666931, -39.5112724304, -21.2554759979], [688.10949707, 294.603942871, 311.792022705, 531.31463623, -2.42683553696, 23.7963104248, 34.2513618469, -36.1419143677, -73.970664978, -58.5017318726, -104.982315063, -71.3759307861, -84.4823074341], [-484.973144531, -136.20262146, 66.7658843994, -2.42683553696, 103.796417236, 16.3244781494, 26.2596740723, 60.6862487793, 0.56297236681, -10.4191656113, 52.8055915833, 4.8840136528, 19.8445072174], [29.5891151428, -15.5364847183, 37.8329467773, 23.7963104248, 16.3244781494, 76.1523742676, 12.1209039688, 5.21775054932, 1.38867270947, -13.2201766968, -7.94406461716, 3.05046105385, -2.71685814857], [-162.716522217, -28.4358043671, 52.0982933044, 34.2513618469, 26.2596740723, 12.1209039688, 73.0010757446, 47.6645774841, -1.41908025742, -0.61788970232, 26.7105007172, -2.02322506905, 1.0486073494], [-646.372375488, -220.034133911, 77.6891937256, -36.1419143677, 60.6862487793, 5.21775054932, 47.6645774841, 124.451591492, 14.5317249298, -12.894777298, 78.1962432861, 14.1614027023, 23.6035900116], [-86.2736358643, -28.4922180176, -50.7902908325, -73.970664978, 0.56297236681, 1.38867270947, -1.41908025742, 14.5317249298, 53.7144165039, 23.074098587, 10.6677961349, 8.10639381409, 11.2074918747], [12.7688760757, 4.03144836426, -57.1415748596, -58.5017318726, -10.4191656113, -13.2201766968, -0.61788970232, -12.894777298, 23.074098587, 60.655166626, 21.3807449341, 4.4791932106, 5.05019855499], [-686.675964355, -240.19493103, 26.0772666931, -104.982315063, 52.8055915833, -7.94406461716, 26.7105007172, 78.1962432861, 10.6677961349, 21.3807449341, 129.49609375, 38.3791389465, 28.3142662048], [-158.689697266, -85.5109100342, -39.5112724304, -71.3759307861, 4.8840136528, 3.05046105385, -2.02322506905, 14.1614027023, 8.10639381409, 4.4791932106, 38.3791389465, 57.2926216125, 28.0434303284], [-247.362640381, -78.8876876831, -21.2554759979, -84.4823074341, 19.8445072174, -2.71685814857, 1.0486073494, 23.6035900116, 11.2074918747, 5.05019855499, 28.3142662048, 28.0434303284, 64.7030258179]],
        "icov": [[0.000924962921999, -0.00181865342893, 0.000776118657086, -0.000502196431626, 0.0012144142529, -0.00129865354393, 0.000880076549947, -0.000534037768375, 0.000861560169142, -0.000564890506212, 0.000701519893482, -0.00100122136064, 0.000693447538652], [-0.00181865342893, 0.00644425721839, -0.00121988996398, -0.000105741222796, -0.0017757731257, 0.00346489157528, -0.00394667871296, 0.0046618739143, -0.00280841509812, 0.000735681212973, 0.00108903588261, 0.00279388576746, -0.00183960283175], [0.000776118657086, -0.00121988996398, 0.00818743836135, -0.00578341446817, 0.00154907105025, -0.00375253008679, 0.00226546311751, -0.00319269648753, 0.00151857524179, 0.00193598889746, -0.00489219091833, 0.00404380308464, -0.00291256583296], [-0.000502196431626, -0.000105741222796, -0.00578341446817, 0.00807008799165, -0.00241371523589, 0.00213795807213, -0.00288635143079, 0.000710618449375, 0.0029308500234, -0.000716478098184, 0.00553395645693, -0.00235516787507, 0.00535327428952], [0.0012144142529, -0.0017757731257, 0.00154907105025, -0.00241371523589, 0.0182404424995, -0.00520304357633, 0.000872905366123, -0.00350177031942, 0.000571327225771, 0.00206825626083, -0.00558103015646, 0.00397130008787, -0.00425389362499], [-0.00129865354393, 0.00346489157528, -0.00375253008679, 0.00213795807213, -0.00520304357633, 0.0185263566673, -0.0057932138443, 0.0045302840881, -0.00463775824755, 0.00297889695503, 0.00428904453292, -0.0035885469988, 0.00188265589532], [0.000880076549947, -0.00394667871296, 0.00226546311751, -0.00288635143079, 0.000872905366123, -0.0057932138443, 0.0245112460107, -0.01381043531, 0.00469579873607, -0.00530564552173, -0.00254700426012, 0.000381652906071, 0.000207921359106], [-0.000534037768375, 0.0046618739143, -0.00319269648753, 0.000710618449375, -0.00350177031942, 0.0045302840881, -0.01381043531, 0.0305665172637, -0.0125842420384, 0.011903478764, -0.00835317280143, 0.00409563072026, -0.00301039381884], [0.000861560169142, -0.00280841509812, 0.00151857524179, 0.0029308500234, 0.000571327225771, -0.00463775824755, 0.00469579873607, -0.0125842420384, 0.0322876311839, -0.0142181348056, 0.00777582637966, -0.00319883879274, 0.00184077152517], [-0.000564890506212, 0.000735681212973, 0.00193598889746, -0.000716478098184, 0.00206825626083, 0.00297889695503, -0.00530564552173, 0.011903478764, -0.0142181348056, 0.0315518900752, -0.0149722192436, 0.00758543424308, -0.00306346453726], [0.000701519893482, 0.00108903588261, -0.00489219091833, 0.00553395645693, -0.00558103015646, 0.00428904453292, -0.00254700426012, -0.00835317280143, 0.00777582637966, -0.0149722192436, 0.0318963564932, -0.015506060794, 0.00719293160364], [-0.00100122136064, 0.00279388576746, 0.00404380308464, -0.00235516787507, 0.00397130008787, -0.0035885469988, 0.000381652906071, 0.00409563072026, -0.00319883879274, 0.00758543424308, -0.015506060794, 0.0342308357358, -0.0131257046014], [0.000693447538652, -0.00183960283175, -0.00291256583296, 0.00535327428952, -0.00425389362499, 0.00188265589532, 0.000207921359106, -0.00301039381884, 0.00184077152517, -0.00306346453726, 0.00719293160364, -0.0131257046014, 0.0268364157528]]
    },
    "spectral_contrast_coeffs": {
        "max": [-0.375487565994, -0.575780570507, -0.542044103146, -0.581868290901, -0.619956016541, -0.624046385288],
        "mean": [-0.622686445713, -0.773654580116, -0.752701222897, -0.780226588249, -0.765296459198, -0.785853028297],
        "min": [-0.964877724648, -0.981994390488, -0.963267087936, -0.965409338474, -0.964829683304, -0.964014589787],
        "stdev": [0.100354768336, 0.0790134370327, 0.0826808512211, 0.0628444105387, 0.0574474968016, 0.0520487911999]
    },
    "spectral_contrast_valleys": {
        "max": [-5.75408935547, -4.81651496887, -5.47403240204, -6.02220344543, -6.68688678741, -9.8644323349],
        "mean": [-7.96420097351, -6.4931178093, -7.09048938751, -7.35819816589, -8.42806911469, -10.4037380219],
        "min": [-28.2297115326, -27.3267803192, -27.6849365234, -27.1891536713, -27.2602043152, -27.2847614288],
        "stdev": [1.9093734026, 1.81141448021, 1.72536456585, 1.70350456238, 1.55997920036, 1.31141293049]
    }
},
"rhythm": {
    "beats_count": 21,
    "beats_loudness": {
        "max": 0.0605184361339,
        "mean": 0.0307558234781,
        "min": 9.21193495742e-05,
        "stdev": 0.019157351926
    },
    "bpm": 100.757286072,
    "bpm_histogram_first_peak_bpm": 99,
    "bpm_histogram_first_peak_weight": 0.5,
    "bpm_histogram_second_peak_bpm": 105,
    "bpm_histogram_second_peak_spread": 0,
    "bpm_histogram_second_peak_weight": 0.20000000298,
    "danceability": 0.867841780186,
    "onset_rate": 1.80259752274,
    "beats_loudness_band_ratio": {
        "max": [0.653714895248, 0.668784320354, 0.536954939365, 0.613560557365, 0.24996085465, 0.745204865932],
        "mean": [0.157846570015, 0.289670199156, 0.250122696161, 0.225886389613, 0.0797535330057, 0.073183439672],
        "min": [0.00111788057256, 0.0148244807497, 0.0365887843072, 0.0531967654824, 0.0237824637443, 0.00651420187205],
        "stdev": [0.175844505429, 0.186833709478, 0.127802744508, 0.16925868392, 0.0597478151321, 0.161035597324]
    },
    "beats_position": [0.592108845711, 1.19582760334, 1.79954648018, 2.40326523781, 2.99537420273, 3.59909296036, 4.20281171799, 4.78331041336, 5.36380958557, 5.95591831207, 6.54802703857, 7.1517457962, 7.76707458496, 8.38240337372, 8.95129203796, 9.52018165588, 10.1006803513, 10.6811790466, 11.2500677109, 11.8189563751, 12.3994560242],
    "bpm_histogram": [0, 0, 0, 0, 0, 0, 0, 0, 0, 0, 0, 0, 0, 0, 0, 0, 0, 0, 0, 0, 0, 0, 0, 0, 0, 0, 0, 0, 0, 0, 0, 0, 0, 0, 0, 0, 0, 0, 0, 0, 0, 0, 0, 0, 0, 0, 0, 0, 0, 0, 0, 0, 0, 0, 0, 0, 0, 0, 0, 0, 0, 0, 0, 0, 0, 0, 0, 0, 0, 0, 0, 0, 0, 0, 0, 0, 0, 0, 0, 0, 0, 0, 0, 0, 0, 0, 0, 0, 0, 0, 0, 0, 0, 0, 0, 0, 0, 0, 0.10000000149, 0.300000011921, 0, 0.15000000596, 0, 0.25, 0, 0.20000000298, 0, 0, 0, 0, 0, 0, 0, 0, 0, 0, 0, 0, 0, 0, 0, 0, 0, 0, 0, 0, 0, 0, 0, 0, 0, 0, 0, 0, 0, 0, 0, 0, 0, 0, 0, 0, 0, 0, 0, 0, 0, 0, 0, 0, 0, 0, 0, 0, 0, 0, 0, 0, 0, 0, 0, 0, 0, 0, 0, 0, 0, 0, 0, 0, 0, 0, 0, 0, 0, 0, 0, 0, 0, 0, 0, 0, 0, 0, 0, 0, 0, 0, 0, 0, 0, 0, 0, 0, 0, 0, 0, 0, 0, 0, 0, 0, 0, 0, 0, 0, 0, 0, 0, 0, 0, 0, 0, 0, 0, 0, 0, 0, 0, 0, 0, 0, 0, 0, 0, 0, 0, 0, 0, 0, 0, 0, 0, 0, 0, 0, 0, 0, 0, 0, 0, 0, 0, 0, 0, 0, 0, 0, 0, 0]
},
"tonal": {
