{
"metadata": {
    "version": {
        "essentia": "2.1-beta5",
        "essentia_git_sha": "Undefined",
        "extractor": "music 2.0"
    },
    "audio_properties": {
        "analysis": {
            "equal_loudness": 0,
            "length": 12.7477550507,
            "sample_rate": 44100,
            "start_time": 0,
            "downmix": "mix"
        },
        "bit_rate": 192000,
        "length": 178.259597778,
        "lossless": 0,
        "number_channels": 2,
        "replay_gain": 7.43629646301,
        "sample_rate": 44100,
        "codec": "mp3",
        "md5_encoded": "c039f61deb7bc21976cd32a47eabbf7f"
    },
    "tags": {
        "file_name": "Spain_Valentino_Cadillac.mp3",
        "encoding": ["Lavf58.29.100"]
    }
},
"lowlevel": {
    "average_loudness": 0.9628688097,
    "barkbands_crest": {
        "max": 20.1878490448,
        "mean": 7.46240663528,
        "min": 3.33555603027,
        "stdev": 3.13925099373
    },
    "barkbands_flatness_db": {
        "max": 0.245750591159,
        "mean": 0.126884356141,
        "min": 0.034439008683,
        "stdev": 0.0281318966299
    },
    "barkbands_kurtosis": {
        "max": 26.3359508514,
        "mean": 1.84532821178,
        "min": -1.42959570885,
        "stdev": 3.56207489967
    },
    "barkbands_skewness": {
        "max": 4.87354898453,
        "mean": 0.872431516647,
        "min": -1.79820990562,
        "stdev": 1.10192775726
    },
    "barkbands_spread": {
        "max": 47.3284263611,
        "mean": 15.5796413422,
        "min": 4.9204492569,
        "stdev": 7.00996589661
    },
    "dissonance": {
        "max": 0.499999940395,
        "mean": 0.476060181856,
        "min": 0.106935881078,
        "stdev": 0.0261096470058
    },
    "dynamic_complexity": 3.00265836716,
    "erbbands_crest": {
        "max": 27.5328140259,
        "mean": 7.7885518074,
        "min": 2.49087190628,
        "stdev": 3.77645969391
    },
    "erbbands_flatness_db": {
        "max": 0.288945317268,
        "mean": 0.191478207707,
        "min": 0.101179294288,
        "stdev": 0.0516591183841
    },
    "erbbands_kurtosis": {
        "max": 5.81947135925,
        "mean": 0.197545602918,
        "min": -1.4225474596,
        "stdev": 1.06433391571
    },
    "erbbands_skewness": {
        "max": 2.50510644913,
        "mean": 0.0385424941778,
        "min": -1.45084393024,
        "stdev": 0.428395092487
    },
    "erbbands_spread": {
        "max": 90.9200134277,
        "mean": 28.3775978088,
        "min": 7.74068927765,
        "stdev": 17.7278404236
    },
    "hfc": {
        "max": 110.07183075,
        "mean": 25.049823761,
        "min": 1.20622401833e-16,
        "stdev": 19.5195770264
    },
    "loudness_ebu128": {
        "integrated": -30.8583278656,
        "loudness_range": 4.69025993347,
        "momentary": {
            "max": -27.9507389069,
            "mean": -31.8371238708,
            "min": -46.0655822754,
            "stdev": 3.32805919647
        },
        "short_term": {
            "max": -29.3483181,
            "mean": -31.4437103271,
            "min": -34.79347229,
            "stdev": 1.45376646519
        }
    },
    "melbands_crest": {
        "max": 28.2405586243,
        "mean": 9.86449718475,
        "min": 1.9083725214,
        "stdev": 4.98787975311
    },
    "melbands_flatness_db": {
        "max": 0.315267384052,
        "mean": 0.160980328918,
        "min": 0.00748169235885,
        "stdev": 0.0481670685112
    },
    "melbands_kurtosis": {
        "max": 90.2158432007,
        "mean": 6.64765119553,
        "min": -1.3117108345,
        "stdev": 11.6707134247
    },
    "melbands_skewness": {
        "max": 8.18794536591,
        "mean": 1.60768246651,
        "min": -0.71402823925,
        "stdev": 1.65091323853
    },
    "melbands_spread": {
        "max": 128.022689819,
        "mean": 22.0224056244,
        "min": 4.10247325897,
        "stdev": 9.68902206421
    },
    "pitch_salience": {
        "max": 0.925526916981,
        "mean": 0.678188323975,
        "min": 0.149630934,
        "stdev": 0.13477113843
    },
    "silence_rate_20dB": {
        "max": 1,
        "mean": 1,
        "min": 1,
        "stdev": 0
    },
    "silence_rate_30dB": {
        "max": 1,
        "mean": 0.978181838989,
        "min": 0,
        "stdev": 0.146089330316
    },
    "silence_rate_60dB": {
        "max": 1,
        "mean": 0.0854545459151,
        "min": 0,
        "stdev": 0.279555916786
    },
    "spectral_centroid": {
        "max": 10691.6181641,
        "mean": 1541.9152832,
        "min": 499.600463867,
        "stdev": 685.556945801
    },
    "spectral_complexity": {
        "max": 51,
        "mean": 25.7927265167,
        "min": 0,
        "stdev": 11.5833969116
    },
    "spectral_decrease": {
        "max": -5.36025612054e-30,
        "mean": -6.39434905025e-09,
        "min": -4.90609330939e-08,
        "stdev": 6.67574351354e-09
    },
    "spectral_energy": {
        "max": 0.189867526293,
        "mean": 0.0264058671892,
        "min": 1.09610349204e-20,
        "stdev": 0.0261290054768
    },
    "spectral_energyband_high": {
        "max": 0.00408917572349,
        "mean": 0.000492896302603,
        "min": 7.70092387149e-21,
        "stdev": 0.000598520913627
    },
    "spectral_energyband_low": {
        "max": 0.127595707774,
        "mean": 0.00721176061779,
        "min": 4.16050132351e-23,
        "stdev": 0.018216188997
    },
    "spectral_energyband_middle_high": {
        "max": 0.0391788966954,
        "mean": 0.010432026349,
        "min": 1.6871671355e-21,
        "stdev": 0.00981853436679
    },
    "spectral_energyband_middle_low": {
        "max": 0.136134788394,
        "mean": 0.0104469386861,
        "min": 3.26758808717e-22,
        "stdev": 0.0154964569956
    },
    "spectral_entropy": {
        "max": 9.81268596649,
        "mean": 7.6346244812,
        "min": 6.84567975998,
        "stdev": 0.303039044142
    },
    "spectral_flux": {
        "max": 0.397707641125,
        "mean": 0.0882677510381,
        "min": 1.04694961034e-10,
        "stdev": 0.0512224137783
    },
    "spectral_kurtosis": {
        "max": 15.155254364,
        "mean": 6.1408700943,
        "min": -1.19296610355,
        "stdev": 2.56621932983
    },
    "spectral_rms": {
        "max": 0.0136101655662,
        "mean": 0.00459880754352,
        "min": 3.27012115303e-12,
        "stdev": 0.0021477395203
    },
    "spectral_rolloff": {
        "max": 18970.7519531,
        "mean": 1741.56567383,
        "min": 150.732421875,
        "stdev": 1081.98205566
    },
    "spectral_skewness": {
        "max": 3.38375544548,
        "mean": 1.80338573456,
        "min": 0.0389780774713,
        "stdev": 0.382191240788
    },
    "spectral_spread": {
        "max": 40170384,
        "mean": 3711548.5,
        "min": 2149189.75,
        "stdev": 1943182.125
    },
    "spectral_strongpeak": {
        "max": 9.35019302368,
        "mean": 1.06334793568,
        "min": 1.65254254725e-09,
        "stdev": 1.12200641632
    },
    "zerocrossingrate": {
        "max": 0.51708984375,
        "mean": 0.0688299015164,
        "min": 0.01513671875,
        "stdev": 0.030622029677
    },
    "barkbands": {
        "max": [0.000467540783575, 0.0535367578268, 0.0634116902947, 0.101169392467, 0.0263632163405, 0.0216311439872, 0.0271207485348, 0.00832071527839, 0.00574448890984, 0.00520881079137, 0.00698860222474, 0.00782100949436, 0.0190460514277, 0.02320198901, 0.0211938824505, 0.0111284609884, 0.00578843476251, 0.00552724162117, 0.00442314101383, 0.00145556998905, 0.00165583391208, 0.00120392628014, 0.00061270291917, 0.000327088375343, 0.000123742836877, 2.27163982345e-05, 1.52803613673e-06],
        "mean": [1.38889281516e-05, 0.00157922424842, 0.00354855181649, 0.00292991800234, 0.00259490543976, 0.00233527598903, 0.00108534097672, 0.000623245141469, 0.000688208499923, 0.000623881584033, 0.000839302665554, 0.00104885757901, 0.00147510226816, 0.00162094458938, 0.00159737712238, 0.00137413071934, 0.000977772520855, 0.000527328695171, 0.000326739129378, 0.000189980564755, 0.000160834737471, 0.000127694816911, 5.86785572523e-05, 3.4610635339e-05, 1.95138800336e-05, 3.94468179366e-06, 6.14073769611e-07],
        "min": [2.46587999046e-24, 2.72212043238e-23, 7.42292394947e-24, 2.31009065075e-23, 6.26633237784e-23, 1.84479208985e-23, 1.1202435748e-22, 2.99246622004e-23, 4.76114474991e-23, 4.52119314184e-23, 6.58021382114e-23, 7.03525845244e-23, 8.48244271573e-23, 9.27302586208e-23, 1.81463441076e-22, 1.55604795173e-22, 1.80594949396e-22, 2.50458313941e-22, 2.414947336e-22, 5.90659665893e-22, 4.82637471153e-22, 5.7119810133e-22, 5.50295685479e-22, 8.91976359887e-22, 1.35143076151e-21, 1.55461790469e-21, 2.31701165563e-21],
        "stdev": [5.26810290467e-05, 0.00625619152561, 0.00974708329886, 0.0102531136945, 0.0036859549582, 0.0037001518067, 0.0023425668478, 0.000868757779244, 0.000667374872137, 0.000795275438577, 0.000895621720701, 0.00123807543423, 0.00177058088593, 0.00230676820502, 0.00218880083412, 0.00185384496581, 0.0010996152414, 0.000711346161552, 0.000361634156434, 0.000184362768778, 0.00021908855706, 0.000179887196282, 0.000101548263046, 4.79924892716e-05, 1.61164189194e-05, 2.00924387173e-06, 2.98213279848e-07]
    },
    "erbbands": {
        "max": [1.34508001804, 14.283082962, 37.4260482788, 259.136505127, 177.3543396, 62.7140235901, 202.751663208, 157.573745728, 115.511428833, 718.776062012, 95.8903427124, 112.651016235, 163.452957153, 188.765594482, 281.025054932, 295.841033936, 977.352294922, 1277.69897461, 773.191772461, 2042.01647949, 480.180297852, 286.190673828, 272.038330078, 233.969970703, 75.8356628418, 83.6484222412, 99.6449279785, 38.8018951416, 43.4357643127, 34.1611785889, 16.5007152557, 9.47545814514, 3.9403219223, 1.30242049694, 1.15375566483, 0.268333733082, 0.0132819004357, 0.00279882317409, 0.000154333174578, 0.000213677005377],
        "mean": [0.0377508215606, 0.421037882566, 2.72617888451, 9.39371585846, 6.68248128891, 9.71905612946, 18.5727844238, 15.6321249008, 10.8061256409, 23.8863716125, 12.2182588577, 15.2058877945, 19.8571014404, 23.5182342529, 37.0619697571, 47.8426856995, 70.3020324707, 84.9079360962, 68.6676483154, 100.170349121, 68.3827362061, 54.1532859802, 31.9419078827, 20.1546535492, 13.5273971558, 10.050037384, 8.03463363647, 5.05484485626, 4.45592164993, 2.9688179493, 1.51436269283, 0.982734501362, 0.427662879229, 0.216377943754, 0.140211760998, 0.0342256985605, 0.00376771064475, 0.00125450629275, 4.74984844914e-05, 3.33023381245e-05],
        "min": [7.28265785409e-22, 6.39556541411e-21, 8.66612813185e-21, 4.11392946216e-20, 2.34870490309e-19, 1.44721516644e-19, 1.21431147899e-19, 1.38908246396e-19, 6.3423923541e-19, 2.02647690226e-18, 1.03700572828e-18, 1.17263987748e-18, 1.82061212052e-18, 5.36961709699e-19, 3.88747963171e-18, 3.04025477855e-18, 3.9916952899e-18, 2.28125680274e-18, 1.10849266205e-17, 7.00267697376e-18, 8.73885546043e-18, 1.21093269434e-17, 1.20788081147e-17, 1.11559731633e-17, 2.04498287644e-17, 2.25002738453e-17, 2.152877834e-17, 2.11722386806e-17, 1.81476031399e-17, 1.8423929441e-17, 1.7146789045e-17, 1.75565776292e-17, 1.3836963963e-17, 1.38290197204e-17, 1.09084046234e-17, 5.61924841854e-18, 2.97393185063e-18, 1.33774750589e-18, 2.87293552768e-19, 3.34175829904e-20],
        "stdev": [0.149798065424, 1.53671455383, 6.83093214035, 30.8672447205, 16.8828029633, 12.5577878952, 33.0055007935, 23.8839950562, 14.9466400146, 61.9828262329, 12.4910383224, 14.7305049896, 21.9923248291, 27.4476490021, 38.6439056396, 50.5191383362, 84.5866622925, 123.306167603, 94.4625854492, 162.087356567, 87.5135040283, 59.3276176453, 42.5085372925, 24.4416980743, 11.5138025284, 9.6881942749, 11.6072463989, 6.24143838882, 6.60133504868, 4.72325897217, 2.53030657768, 1.44106781483, 0.549115300179, 0.177527815104, 0.13037891686, 0.0241677742451, 0.00122350570746, 0.000487404031446, 1.98495545192e-05, 3.01503550872e-05]
    },
    "gfcc": {
        "mean": [-7.98721504211, 71.593536377, -163.732345581, 11.3040971756, -60.4911422729, 8.96923160553, -49.1802940369, 2.61119318008, -25.9823741913, 4.80794525146, -15.5407152176, -0.474454790354, -10.0073251724],
        "cov": [[5748.31640625, 1005.64129639, -187.942886353, 735.068054199, -166.407806396, -52.0693244934, 3.61885976791, -337.023681641, -195.359695435, -271.956634521, -31.3786792755, -106.285522461, 19.1884365082], [1005.64129639, 1473.63452148, 1503.66125488, 675.157287598, 208.829605103, -42.7372283936, -6.70355463028, -178.819580078, -285.285736084, -117.13910675, 13.6516275406, -89.7264022827, -47.3011550903], [-187.942886353, 1503.66125488, 2334.2434082, 917.465759277, 246.61907959, 40.8686141968, -62.139415741, -138.084915161, -289.628692627, -62.2947692871, -13.6539068222, -105.363365173, -117.908851624], [735.068054199, 675.157287598, 917.465759277, 663.280273438, 75.9679107666, 24.8365573883, -5.13048458099, -156.134124756, -136.492828369, -120.577682495, -30.1748981476, -70.3484268188, -35.239490509], [-166.407806396, 208.829605103, 246.61907959, 75.9679107666, 146.06690979, 41.560131073, 21.7536773682, 9.9992609024, -46.5492286682, -12.3907432556, 2.87172174454, -8.58252239227, 4.19996404648], [-52.0693244934, -42.7372283936, 40.8686141968, 24.8365573883, 41.560131073, 91.6250610352, 23.394651413, 25.1920661926, 13.6293087006, 8.26913166046, -8.71680450439, -1.23649537563, 1.30913412571], [3.61885976791, -6.70355463028, -62.139415741, -5.13048458099, 21.7536773682, 23.394651413, 60.3179206848, 17.7622909546, 10.8648500443, -11.1272954941, 5.96042108536, 1.3273203373, 8.57511043549], [-337.023681641, -178.819580078, -138.084915161, -156.134124756, 9.9992609024, 25.1920661926, 17.7622909546, 113.949562073, 57.8389205933, 59.5230522156, 7.87246704102, 18.4802684784, -4.29255008698], [-195.359695435, -285.285736084, -289.628692627, -136.492828369, -46.5492286682, 13.6293087006, 10.8648500443, 57.8389205933, 111.093444824, 52.0962753296, 9.29826927185, 17.4593429565, 11.5416526794], [-271.956634521, -117.13910675, -62.2947692871, -120.577682495, -12.3907432556, 8.26913166046, -11.1272954941, 59.5230522156, 52.0962753296, 87.8856964111, 25.1647224426, 15.6303129196, -4.60504484177], [-31.3786792755, 13.6516275406, -13.6539068222, -30.1748981476, 2.87172174454, -8.71680450439, 5.96042108536, 7.87246704102, 9.29826927185, 25.1647224426, 45.7490577698, 18.8633594513, 7.20623207092], [-106.285522461, -89.7264022827, -105.363365173, -70.3484268188, -8.58252239227, -1.23649537563, 1.3273203373, 18.4802684784, 17.4593429565, 15.6303129196, 18.8633594513, 44.284122467, 21.2372245789], [19.1884365082, -47.3011550903, -117.908851624, -35.239490509, 4.19996404648, 1.30913412571, 8.57511043549, -4.29255008698, 11.5416526794, -4.60504484177, 7.20623207092, 21.2372245789, 48.6742248535]],
        "icov": [[0.00127411284484, -0.00375321065076, 0.00357692851685, -0.00318057951517, 0.00324097531848, -0.00355783686973, 0.00330848083831, -0.00213457248174, 0.000843651650939, -0.000638247700408, 0.00023687191424, -0.000553742283955, 0.00120349449571], [-0.00375321065076, 0.0152303706855, -0.0124911423773, 0.00902552530169, -0.0111154718325, 0.0137254092842, -0.0125864259899, 0.00760732032359, 0.00127936026547, 0.00167338689789, -0.00363555643708, 0.0051438449882, -0.00581684149802], [0.00357692851685, -0.0124911423773, 0.0129934726283, -0.0116561921313, 0.00830589421093, -0.0110466806218, 0.0117503330112, -0.00787614844739, 0.00373893440701, -0.00520575046539, 0.00219358806498, -0.00362548581325, 0.00618141377345], [-0.00318057951517, 0.00902552530169, -0.0116561921313, 0.0153066376224, -0.00677762366831, 0.00612904131413, -0.00925704929978, 0.010355819948, -0.00617867149413, 0.00851390697062, -0.00171130662784, 0.00378947402351, -0.00329483742826], [0.00324097531848, -0.0111154718325, 0.00830589421093, -0.00677762366831, 0.0221990942955, -0.0153265902773, 0.00713532231748, -0.0105757080019, 0.00620881468058, 0.000918103847653, -0.00188115681522, 0.00145979318768, -0.00230301055126], [-0.00355783686973, 0.0137254092842, -0.0110466806218, 0.00612904131413, -0.0153265902773, 0.0293823666871, -0.0168660283089, 0.00581797491759, -0.00201880908571, -0.00370060792193, 0.00475397799164, 0.000903314969037, -0.00453413790092], [0.00330848083831, -0.0125864259899, 0.0117503330112, -0.00925704929978, 0.00713532231748, -0.0168660283089, 0.0375671163201, -0.0147660002112, -0.00286728003994, 0.0105005372316, -0.008854159154, 0.00168674520683, 0.00239213323221], [-0.00213457248174, 0.00760732032359, -0.00787614844739, 0.010355819948, -0.0105757080019, 0.00581797491759, -0.0147660002112, 0.0296180024743, -0.00766028044745, -0.00799251254648, 0.0066496655345, -0.00516924727708, 0.00495305424556], [0.000843651650939, 0.00127936026547, 0.00373893440701, -0.00617867149413, 0.00620881468058, -0.00201880908571, -0.00286728003994, -0.00766028044745, 0.029457192868, -0.0137763181701, -0.00124933838379, 0.00439043622464, -0.00517614046112], [-0.000638247700408, 0.00167338689789, -0.00520575046539, 0.00851390697062, 0.000918103847653, -0.00370060792193, 0.0105005372316, -0.00799251254648, -0.0137763181701, 0.0394438579679, -0.0188350696117, 0.00548652745783, 0.000289933668682], [0.00023687191424, -0.00363555643708, 0.00219358806498, -0.00171130662784, -0.00188115681522, 0.00475397799164, -0.008854159154, 0.0066496655345, -0.00124933838379, -0.0188350696117, 0.0416965000331, -0.0192815866321, 0.00338308536448], [-0.000553742283955, 0.0051438449882, -0.00362548581325, 0.00378947402351, 0.00145979318768, 0.000903314969037, 0.00168674520683, -0.00516924727708, 0.00439043622464, 0.00548652745783, -0.0192815866321, 0.0451942272484, -0.0191113241017], [0.00120349449571, -0.00581684149802, 0.00618141377345, -0.00329483742826, -0.00230301055126, -0.00453413790092, 0.00239213323221, 0.00495305424556, -0.00517614046112, 0.000289933668682, 0.00338308536448, -0.0191113241017, 0.0364345572889]]
    },
    "melbands": {
        "max": [0.0135120581836, 0.0172729380429, 0.0396800227463, 0.00721277017146, 0.00609239377081, 0.00342656276189, 0.0023210668005, 0.00668392563239, 0.000715107482392, 0.000620076491032, 0.000805641408078, 0.000734438188374, 0.000962102087215, 0.000972705252934, 0.00168379233219, 0.00154266948812, 0.00220649503171, 0.00122921273578, 0.00169169309083, 0.00200015795417, 0.000612453441136, 0.000380025594495, 0.000308574351948, 0.000210414378671, 0.00022115597676, 0.000124911544845, 5.24032075191e-05, 5.6733009842e-05, 7.53595013521e-05, 2.02924402402e-05, 2.30972982536e-05, 2.29740708164e-05, 2.96684393106e-05, 1.62842279678e-05, 1.06651486931e-05, 7.50867229726e-06, 6.11932637185e-06, 3.1965537346e-06, 1.45318699651e-06, 8.57805218857e-07],
        "mean": [0.000401037978008, 0.00124228873756, 0.00146200309973, 0.000552576384507, 0.000589016068261, 0.000363505008863, 0.000183348514838, 0.000233050202951, 9.33818955673e-05, 9.74264839897e-05, 9.87559178611e-05, 9.04434200493e-05, 0.000125190927065, 0.000114643764391, 0.000138731702464, 0.000160742172739, 0.000152528082253, 0.00010500731878, 0.000123707097373, 0.000116890463687, 7.46432415326e-05, 6.06162320764e-05, 3.58037723345e-05, 2.37227104662e-05, 1.53042092279e-05, 1.25501728689e-05, 6.95549215379e-06, 6.11925815974e-06, 5.43523674423e-06, 3.33365233018e-06, 2.82913720184e-06, 2.50099651566e-06, 2.42821329266e-06, 1.3452620351e-06, 8.86550537871e-07, 6.93335607593e-07, 5.58721126254e-07, 3.19238637303e-07, 2.08133982937e-07, 1.70876560901e-07],
        "min": [7.68355728167e-24, 5.92004728957e-24, 1.3469304552e-23, 1.50879587771e-23, 3.86207405978e-24, 3.08831747431e-24, 1.41223330757e-23, 1.80370142971e-23, 9.11993493942e-24, 6.81718763707e-24, 8.83015635222e-24, 1.33100339297e-24, 1.0921284617e-23, 8.23285848492e-24, 1.23573845957e-23, 4.96098767189e-24, 4.05971093223e-24, 1.81516626079e-23, 1.18484565047e-23, 9.17042677052e-24, 9.48043096247e-24, 1.14773274255e-23, 8.81138935128e-24, 1.4954199522e-23, 7.11703918917e-24, 1.26078132232e-23, 1.99081576544e-23, 1.32667866027e-23, 1.47591741736e-23, 1.30469720892e-23, 1.08141770276e-23, 9.54888673411e-24, 1.25336208551e-23, 9.28092646182e-24, 1.05253726836e-23, 8.63654148709e-24, 1.19466886201e-23, 9.357823834e-24, 9.5432834551e-24, 1.25920407383e-23],
        "stdev": [0.00158486852888, 0.00301842018962, 0.00447630044073, 0.000851868710015, 0.000941270322073, 0.000551671604626, 0.000271367083769, 0.000582029926591, 9.25932399696e-05, 9.42983097048e-05, 0.000113279762445, 0.000111714245577, 0.000129366846522, 0.000134068177431, 0.000162526994245, 0.000195952801732, 0.000218161774683, 0.000155546309543, 0.000167202771991, 0.000180950883077, 0.000100702614873, 6.67104832246e-05, 4.86755598104e-05, 3.12617703457e-05, 2.04496191145e-05, 1.152175264e-05, 7.0345408858e-06, 6.06305911788e-06, 8.69600535225e-06, 3.97997200707e-06, 3.6238704979e-06, 3.83841143048e-06, 3.63333492714e-06, 2.42764758696e-06, 1.52182315105e-06, 1.09849122509e-06, 8.3452363242e-07, 4.4682607836e-07, 2.13700701579e-07, 1.20620967436e-07]
    },
    "melbands128": {
        "max": [0.000463899428723, 0.00813633296639, 0.0245505683124, 0.0282041598111, 0.0146201755852, 0.0428980737925, 0.0652732178569, 0.0429987460375, 0.016126262024, 0.00560056790709, 0.0036403122358, 0.00587479025126, 0.010088076815, 0.00556996604428, 0.00388282048516, 0.00588433630764, 0.00188735919073, 0.00239909766242, 0.00725265825167, 0.0130903311074, 0.00271802116185, 0.000795304193161, 0.00118346512318, 0.000779056514148, 0.00140901759733, 0.000706837803591, 0.00250706961378, 0.000917314959224, 0.00127961358521, 0.0007848207606, 0.00093461421784, 0.00156887609046, 0.0015821569832, 0.00123072287533, 0.0016102126101, 0.00139053596649, 0.0011219776934, 0.00107385590672, 0.00492391269654, 0.00251289759763, 0.00118393171579, 0.00641606468707, 0.00321144564077, 0.000761696719564, 0.00114482990466, 0.00162125087809, 0.00184332765639, 0.000931341084652, 0.00233304034919, 0.00666522514075, 0.00104765605647, 0.000869294570293, 0.000778767105658, 0.000743031327147, 0.000826339004561, 0.000475281209219, 0.000362306163879, 0.000513993552886, 0.000508642522618, 0.000313084834488, 0.000262605317403, 0.000268409814453, 0.000191872488358, 0.000393876485759, 0.000447893253295, 7.06474820618e-05, 4.62831849291e-05, 8.65056063049e-05, 5.2048570069e-05, 7.32795233489e-05, 8.19678098196e-05, 3.62391729141e-05, 3.34817486873e-05, 0.000173841151991, 4.378741869e-05, 1.8240954887e-05, 3.41160812241e-05, 2.91114956781e-05, 1.76887024281e-05, 4.14874048147e-05, 2.30679725064e-05, 3.40801561833e-05, 4.1834791773e-05, 3.62555801985e-05, 2.47439802479e-05, 2.65094513452e-05, 2.02288538276e-05, 1.32695513457e-05, 1.51198319145e-05, 8.68644383445e-06, 1.15931725304e-05, 5.66999051443e-06, 8.69119139679e-06, 8.03487000667e-06, 5.54116286366e-06, 4.61717081635e-06, 2.90194702757e-06, 2.81026200355e-06, 1.63802098996e-06, 1.5928699213e-06, 1.38752761814e-06, 8.8186635594e-07, 8.21141611596e-07, 2.0692302769e-06, 2.1153302896e-06, 1.69961219854e-06, 1.36217693125e-06, 7.02303452726e-07, 2.97531613569e-07, 1.80661615445e-07, 1.09626235201e-07, 3.82113078956e-08, 1.73181788909e-08, 1.4197875764e-08, 1.06106270437e-08, 2.88843828855e-08, 5.28851877846e-08, 2.30882868379e-09, 2.3034614216e-09, 2.3163644336e-09, 2.2604651484e-09, 2.17815765424e-09, 2.12946393852e-09, 2.12088724361e-09, 2.06863703944e-09, 2.01908423314e-09, 2.07395678409e-09, 2.01627825547e-09],
        "mean": [1.31096294353e-05, 0.00021628466493, 0.000634278752841, 0.000629767600913, 0.000849554373417, 0.00210807821713, 0.00220628641546, 0.00111468718387, 0.000551995064598, 0.000542084162589, 0.000550358148757, 0.000474432337796, 0.00077164103277, 0.000514525338076, 0.000335911347065, 0.000329425238306, 0.000153546905494, 0.000120280099509, 0.000227859825827, 0.000394345843233, 0.000128866886371, 7.79014371801e-05, 0.000103246558865, 8.46687471494e-05, 0.000105604194687, 8.52728553582e-05, 0.00012307074212, 9.46695217863e-05, 8.86234483914e-05, 8.60393847688e-05, 8.28252159408e-05, 0.000111647168524, 0.000161470423336, 0.000101485136838, 9.53236594796e-05, 0.000126523678773, 0.000137111375807, 0.000108714528324, 0.000172562155058, 0.000161868476425, 0.000120096054161, 0.000221635185881, 0.000176029760041, 0.000102435362351, 0.000110674991447, 0.000105299259303, 0.000100888020825, 9.97083843686e-05, 0.000133368492243, 0.000193033265532, 9.26842840272e-05, 7.65874501667e-05, 7.67021483625e-05, 7.40486866562e-05, 7.00694290572e-05, 6.52991075185e-05, 4.64111144538e-05, 3.9474809455e-05, 3.26215231325e-05, 2.62950452452e-05, 2.49887161772e-05, 2.12383674807e-05, 1.42965500345e-05, 1.44749137689e-05, 1.47073415064e-05, 1.54601966642e-05, 8.81900996319e-06, 6.45119780529e-06, 5.59980162507e-06, 9.10164999368e-06, 7.17348666512e-06, 4.12082499679e-06, 3.87037562177e-06, 7.81967537478e-06, 4.40937446911e-06, 2.79429627881e-06, 3.23761173604e-06, 2.78693414657e-06, 2.43828048951e-06, 3.4877748476e-06, 2.27203645409e-06, 2.1433229449e-06, 2.76353898698e-06, 2.87414354716e-06, 1.65225128512e-06, 1.61295395174e-06, 1.16670992156e-06, 9.80678237283e-07, 9.10652090624e-07, 7.23971197658e-07, 8.46359171192e-07, 5.64065373965e-07, 6.90639012646e-07, 5.88711884575e-07, 4.94902394621e-07, 3.74111010615e-07, 2.87998005888e-07, 2.21007780965e-07, 2.08073956287e-07, 2.0937270051e-07, 1.65657482398e-07, 1.62608543519e-07, 1.59293449542e-07, 2.11173059483e-07, 1.68551594015e-07, 1.44874746866e-07, 1.18629330359e-07, 7.80304461045e-08, 4.8775842032e-08, 3.00341227444e-08, 2.04102033052e-08, 1.17471783412e-08, 6.94502721998e-09, 4.42728076422e-09, 3.2938018979e-09, 1.31172939177e-08, 2.12049808823e-08, 2.35335865378e-11, 1.36020942773e-11, 1.36355397459e-11, 1.34499729063e-11, 1.34255228462e-11, 1.30892579761e-11, 1.28072934202e-11, 1.2767101612e-11, 1.27625696469e-11, 1.29384662706e-11, 1.26473232928e-11],
        "min": [1.43536328123e-24, 4.24330134742e-24, 1.30161268389e-23, 9.42605320255e-24, 4.25915390174e-24, 3.98776721211e-24, 5.22454255045e-24, 1.50333601361e-23, 2.89982555078e-23, 1.72945668121e-23, 5.14732963391e-24, 3.38691670972e-24, 5.32494324444e-24, 2.13503192403e-24, 1.95073409783e-24, 4.80656893856e-24, 3.37058176696e-24, 9.04762479341e-24, 3.56544555667e-23, 3.07188147846e-23, 2.01490379095e-24, 3.94879708896e-24, 1.24085296036e-23, 1.06118484049e-23, 9.24321102194e-24, 2.09164062994e-24, 8.51285440803e-24, 1.3950113696e-23, 4.92708952993e-24, 9.20762885917e-25, 3.85644193804e-25, 9.18022777562e-25, 1.15035515286e-23, 2.05337306631e-23, 8.98573313336e-24, 4.12839468467e-24, 5.52658950245e-24, 1.41442697197e-23, 1.84705485847e-23, 5.54800194843e-24, 2.91144105429e-24, 1.34815559563e-24, 7.75957260875e-25, 5.17499104155e-24, 1.65536591835e-23, 2.07361003066e-23, 2.27763328435e-23, 7.26467292986e-24, 1.36363695145e-23, 4.22455288471e-24, 8.07712866476e-24, 1.4097297786e-23, 1.26511745406e-23, 6.97913131458e-24, 2.74231893976e-24, 9.44698247123e-24, 2.58434224652e-23, 7.00578771343e-24, 4.05429224668e-24, 6.71158124997e-24, 2.31105369214e-23, 1.28619242535e-23, 8.49996994287e-24, 5.15125855565e-24, 4.80392231022e-24, 1.92719776219e-23, 1.15910085929e-23, 1.2383210324e-23, 3.11243902641e-23, 1.36891711303e-23, 1.09039280994e-23, 1.08551977947e-23, 2.35722524761e-23, 1.19725206593e-23, 1.03652970287e-23, 1.13900218226e-23, 1.22153217907e-23, 2.2306012394e-23, 3.27961920205e-24, 9.9917713901e-24, 1.21508544998e-23, 6.80496581507e-24, 1.04291182425e-23, 1.5368069085e-23, 1.26473059667e-23, 8.12985297222e-24, 6.67147161724e-24, 1.30660656785e-23, 1.13049912945e-23, 8.65964801186e-24, 8.11600294131e-24, 8.83443513377e-24, 1.03885668477e-23, 1.11785203253e-23, 1.42273146849e-23, 9.93361735303e-24, 6.71665362559e-24, 1.09500764623e-23, 9.09428276051e-24, 9.76585267089e-24, 1.07457843648e-23, 1.58408286924e-23, 9.82883532557e-24, 1.18401813538e-23, 1.35384071896e-23, 1.53915582074e-23, 7.10807299612e-24, 7.90565002548e-24, 1.09358107017e-23, 7.95030901905e-24, 1.40141250253e-23, 7.4598576282e-24, 8.0845029365e-24, 1.11788382362e-23, 9.43634152648e-24, 9.95260365729e-24, 1.00181919195e-23, 1.26790292192e-23, 1.28684615438e-23, 7.52868889762e-24, 6.98777013035e-24, 6.84294473449e-24, 1.38925442049e-23, 9.13648366349e-24, 6.6100410464e-24, 1.38789111107e-23, 1.26394788888e-23, 9.31751540833e-24],
        "stdev": [5.15903811902e-05, 0.000943516730331, 0.0026213042438, 0.00267998292111, 0.00217309501022, 0.00608611898497, 0.00762631371617, 0.00380964274518, 0.00154107715935, 0.000880795181729, 0.000745731638744, 0.000703484227415, 0.00159156927839, 0.000891168660019, 0.000578984967433, 0.000597746460699, 0.000235304119997, 0.000251978490269, 0.000609933864325, 0.0011332113063, 0.000262020854279, 9.38259254326e-05, 0.000136759641464, 0.000100442739495, 0.000151752916281, 0.000109184198664, 0.000189640646568, 0.000132642890094, 0.000150858308189, 0.000129532054416, 0.0001319427829, 0.00014201272279, 0.000188236735994, 0.000157773174578, 0.000160336479894, 0.000159091956448, 0.00016762514133, 0.000166219091625, 0.000310968927806, 0.000239833825617, 0.000193362269783, 0.000519903143868, 0.000306246074615, 0.000139745490742, 0.000179875365575, 0.000187584446394, 0.000176877947524, 0.000155709814862, 0.000200311449589, 0.000496990978718, 0.000147785729496, 0.000129300533445, 0.000122077486594, 0.000105506042019, 0.000107875122922, 7.04599369783e-05, 6.19173079031e-05, 5.5837452237e-05, 5.5245396652e-05, 4.44633697043e-05, 3.71513378923e-05, 2.78866809822e-05, 2.23490933422e-05, 2.6855552278e-05, 3.1093833968e-05, 1.31335991682e-05, 8.79318304214e-06, 8.81710184331e-06, 7.24680103303e-06, 9.3306925919e-06, 8.20813056635e-06, 5.43264923181e-06, 4.84525116917e-06, 1.78417394636e-05, 6.20767195869e-06, 3.46554952557e-06, 4.39690211351e-06, 3.944150194e-06, 3.16967793879e-06, 5.25746372659e-06, 3.48122489413e-06, 4.29523242929e-06, 5.19027571499e-06, 4.44251099907e-06, 2.86286444862e-06, 3.16121258948e-06, 2.38634629568e-06, 1.73458010977e-06, 1.72414024746e-06, 1.15115790322e-06, 1.68843507709e-06, 8.69632003742e-07, 1.05521428395e-06, 9.59316821536e-07, 8.57983707192e-07, 5.98829785758e-07, 3.75922155627e-07, 2.67232422857e-07, 2.43368162955e-07, 2.08845236216e-07, 1.63893304261e-07, 1.01433315081e-07, 1.10912878881e-07, 2.11213787793e-07, 1.97245654476e-07, 1.50875806071e-07, 1.16651811766e-07, 6.0265321622e-08, 2.8554506315e-08, 1.7669204766e-08, 9.21388032538e-09, 4.18427603677e-09, 2.34802577381e-09, 1.68454195038e-09, 1.4082320865e-09, 5.09366504531e-09, 1.01676276287e-08, 9.86725076646e-11, 9.80240333348e-11, 9.85586751101e-11, 9.61736384975e-11, 9.26585475014e-11, 9.0598480107e-11, 9.02275962278e-11, 8.80065534337e-11, 8.58903503875e-11, 8.82213122e-11, 8.57670878762e-11]
    },
    "mfcc": {
        "mean": [-636.432250977, 107.867424011, -43.8953399658, 0.748172342777, -1.87432086468, -0.258579105139, -9.44474029541, -6.84729528427, -6.21767902374, -4.83954429626, -3.35009002686, 0.127817615867, 0.109693519771],
        "cov": [[3962.06518555, 102.249702454, -306.123962402, 406.985443115, -239.012557983, 223.229797363, -48.1049003601, 106.406059265, -145.062927246, -71.4668807983, -155.185394287, -147.153778076, -159.130233765], [102.249702454, 1159.5213623, 1060.68920898, 569.31628418, 320.388793945, 108.175216675, 265.037109375, -28.9109954834, -104.086799622, -93.0298309326, -23.1967658997, -45.8527183533, -12.3421401978], [-306.123962402, 1060.68920898, 1879.18493652, 938.677490234, 474.815460205, 262.913421631, 263.865142822, -18.7932434082, -133.323257446, -65.2742614746, -49.3864212036, -74.4441375732, -13.2918519974], [406.985443115, 569.31628418, 938.677490234, 642.492736816, 235.050338745, 177.956802368, 148.35798645, 17.0384998322, -104.120727539, -55.9793739319, -62.2523994446, -85.2911529541, -45.7110862732], [-239.012557983, 320.388793945, 474.815460205, 235.050338745, 200.072219849, 80.8547363281, 102.60483551, 3.5555138588, -17.0230197906, -9.48073673248, -14.9763450623, -18.3614521027, 6.00356388092], [223.229797363, 108.175216675, 262.913421631, 177.956802368, 80.8547363281, 123.977561951, 54.0520706177, 23.2600307465, -17.8769454956, -7.03577041626, -35.8565750122, -33.8522872925, -13.0433740616], [-48.1049003601, 265.037109375, 263.865142822, 148.35798645, 102.60483551, 54.0520706177, 125.107002258, 21.6743087769, -17.4098320007, -16.9855995178, -5.74388647079, -15.3413591385, -7.60338115692], [106.406059265, -28.9109954834, -18.7932434082, 17.0384998322, 3.5555138588, 23.2600307465, 21.6743087769, 56.3368530273, 15.3042449951, -2.45580434799, -2.87294840813, -8.55938339233, -11.7093849182], [-145.062927246, -104.086799622, -133.323257446, -104.120727539, -17.0230197906, -17.8769454956, -17.4098320007, 15.3042449951, 68.107421875, 31.2759819031, 13.2721681595, 19.6948204041, 17.6973590851], [-71.4668807983, -93.0298309326, -65.2742614746, -55.9793739319, -9.48073673248, -7.03577041626, -16.9855995178, -2.45580434799, 31.2759819031, 59.6721916199, 19.3411960602, 12.5271015167, 13.5743370056], [-155.185394287, -23.1967658997, -49.3864212036, -62.2523994446, -14.9763450623, -35.8565750122, -5.74388647079, -2.87294840813, 13.2721681595, 19.3411960602, 68.0400390625, 39.6419410706, 4.67683267593], [-147.153778076, -45.8527183533, -74.4441375732, -85.2911529541, -18.3614521027, -33.8522872925, -15.3413591385, -8.55938339233, 19.6948204041, 12.5271015167, 39.6419410706, 57.4672241211, 24.8844451904], [-159.130233765, -12.3421401978, -13.2918519974, -45.7110862732, 6.00356388092, -13.0433740616, -7.60338115692, -11.7093849182, 17.6973590851, 13.5743370056, 4.67683267593, 24.8844451904, 55.7067184448]],
        "icov": [[0.00107677816413, -0.00147666886915, 0.00150867912453, -0.00212513306178, 0.00263927038759, -0.00299764168449, 0.00220492738299, -0.00186986359768, 0.00138450437225, -0.00175587995909, 0.00132587598637, -0.00162428047042, 0.00088877097005], [-0.00147666886915, 0.00562479905784, -0.00270162569359, 0.00154415064026, -0.00448895758018, 0.00640348205343, -0.0082675581798, 0.00607027625665, -0.00280533568002, 0.00554876262322, -0.00262077804655, 0.00284226168878, -0.00172941014171], [0.00150867912453, -0.00270162569359, 0.00561348395422, -0.00677717570215, 0.00065088988049, -0.00520431064069, 0.00384892197326, -0.000689322536346, 0.00159355544019, -0.00235155900009, 0.000409625441534, -0.00338183762506, 0.000124159501866], [-0.00212513306178, 0.00154415064026, -0.00677717570215, 0.0147925904021, -0.00521169416606, 0.00254672416486, -0.00234794057906, -0.00143869663589, 0.0033878411632, 0.00200008484535, -0.000906720058993, 0.0066022593528, 0.000891073490493], [0.00263927038759, -0.00448895758018, 0.00065088988049, -0.00521169416606, 0.0238981451839, -0.0097546055913, -0.000717204238754, -0.00299661490135, -0.00117112603039, -0.00559926498681, 0.00401595048606, -0.00353077123873, -0.00018729371368], [-0.00299764168449, 0.00640348205343, -0.00520431064069, 0.00254672416486, -0.0097546055913, 0.0274497997016, -0.0104796532542, 0.00126855773851, -0.00347967166454, 0.00211760867387, 0.00317591661587, 0.00410157022998, -0.00149090052582], [0.00220492738299, -0.0082675581798, 0.00384892197326, -0.00234794057906, -0.000717204238754, -0.0104796532542, 0.0286703370512, -0.0149744013324, 0.00643339427188, -0.00564382830635, 0.000988928368315, -0.00317354709841, 0.00251377001405], [-0.00186986359768, 0.00607027625665, -0.000689322536346, -0.00143869663589, -0.00299661490135, 0.00126855773851, -0.0149744013324, 0.0357098206878, -0.0163251757622, 0.0114312320948, -0.00723607745022, 0.00571475783363, 0.00119620491751], [0.00138450437225, -0.00280533568002, 0.00159355544019, 0.0033878411632, -0.00117112603039, -0.00347967166454, 0.00643339427188, -0.0163251757622, 0.033796787262, -0.0151415420696, 0.00573011208326, -0.00634979829192, -0.0014401699882], [-0.00175587995909, 0.00554876262322, -0.00235155900009, 0.00200008484535, -0.00559926498681, 0.00211760867387, -0.00564382830635, 0.0114312320948, -0.0151415420696, 0.0325853228569, -0.013653293252, 0.00974495057017, -0.00631137611344], [0.00132587598637, -0.00262077804655, 0.000409625441534, -0.000906720058993, 0.00401595048606, 0.00317591661587, 0.000988928368315, -0.00723607745022, 0.00573011208326, -0.013653293252, 0.0355465710163, -0.025642445311, 0.0114621995017], [-0.00162428047042, 0.00284226168878, -0.00338183762506, 0.0066022593528, -0.00353077123873, 0.00410157022998, -0.00317354709841, 0.00571475783363, -0.00634979829192, 0.00974495057017, -0.025642445311, 0.0471250638366, -0.0165460668504], [0.00088877097005, -0.00172941014171, 0.000124159501866, 0.000891073490493, -0.00018729371368, -0.00149090052582, 0.00251377001405, 0.00119620491751, -0.0014401699882, -0.00631137611344, 0.0114621995017, -0.0165460668504, 0.029557634145]]
    },
    "spectral_contrast_coeffs": {
        "max": [-0.499393463135, -0.49637183547, -0.623949408531, -0.59291768074, -0.653417170048, -0.681226968765],
        "mean": [-0.689848065376, -0.786518275738, -0.790559232235, -0.78494644165, -0.77409029007, -0.769612371922],
        "min": [-0.956833124161, -0.975563168526, -0.970893323421, -0.962320625782, -0.962819337845, -0.959629356861],
        "stdev": [0.0755080655217, 0.059033755213, 0.0535967722535, 0.0574498176575, 0.0422282107174, 0.0427693016827]
    },
    "spectral_contrast_valleys": {
        "max": [-5.01929140091, -5.37389993668, -5.33430719376, -5.29139328003, -6.05151748657, -8.91252231598],
        "mean": [-7.68202495575, -6.57388544083, -6.9318189621, -6.89257860184, -7.38950681686, -10.2137441635],
        "min": [-27.284954071, -27.3381175995, -27.0910816193, -27.1887016296, -27.0875911713, -27.243768692],
        "stdev": [1.605879426, 1.06260561943, 1.17315483093, 1.26556444168, 1.17785358429, 0.846438169479]
    }
},
"rhythm": {
    "beats_count": 29,
    "beats_loudness": {
        "max": 0.14304484427,
        "mean": 0.0528721921146,
        "min": 0.00220080791041,
        "stdev": 0.0381077714264
    },
    "bpm": 139.178909302,
    "bpm_histogram_first_peak_bpm": 140,
    "bpm_histogram_first_peak_weight": 0.428571462631,
    "bpm_histogram_second_peak_bpm": 0,
    "bpm_histogram_second_peak_spread": 0,
    "bpm_histogram_second_peak_weight": 0,
    "danceability": 0.992416858673,
    "onset_rate": 2.03771901131,
    "beats_loudness_band_ratio": {
        "max": [0.804892897606, 0.338270574808, 0.822478532791, 0.426587313414, 0.610863208771, 0.0643266588449],
        "mean": [0.383499115705, 0.100399434566, 0.140047460794, 0.163984268904, 0.200634092093, 0.0280536096543],
        "min": [0.000516953179613, 0.0016436612932, 0.0120334308594, 0.0113285053521, 0.0137259941548, 0.00325994216837],
        "stdev": [0.347678184509, 0.101497910917, 0.207400590181, 0.148230552673, 0.216588139534, 0.0170914493501]
    },
    "beats_position": [0.429569154978, 0.870748281479, 1.30031740665, 1.72988653183, 2.15945577621, 2.60063481331, 3.04181408882, 3.48299312592, 3.92417216301, 4.3653512001, 4.80653047562, 5.23609972, 5.66566896439, 6.10684776306, 6.53641700745, 6.9543762207, 7.38394546509, 7.81351470947, 8.24308395386, 8.67265319824, 9.10222244263, 9.52018165588, 9.94974994659, 10.379319191, 10.7972784042, 11.2268476486, 11.656416893, 12.0743761063, 12.5039453506],
