{
"metadata": {
    "version": {
        "essentia": "2.1-beta5",
        "essentia_git_sha": "Undefined",
        "extractor": "music 2.0"
    },
    "audio_properties": {
        "analysis": {
            "equal_loudness": 0,
            "length": 48.7502937317,
            "sample_rate": 44100,
            "start_time": 12.7477550507,
            "downmix": "mix"
        },
        "bit_rate": 192000,
        "length": 177.725540161,
        "lossless": 0,
        "number_channels": 1,
        "replay_gain": -9.37499046326,
        "sample_rate": 48000,
        "codec": "mp3",
        "md5_encoded": "2083c34d9f0d3d02a1633f828ea42faa"
    },
    "tags": {
        "file_name": "Austria_Die Zeit Ist Einsam_Timna Brauer.mp3",
        "encoding": ["Lavf58.29.100"]
    }
},
"lowlevel": {
    "average_loudness": 0.468687623739,
    "barkbands_crest": {
        "max": 25.6198272705,
        "mean": 13.2699155807,
        "min": 3.78720378876,
        "stdev": 5.15358304977
    },
    "barkbands_flatness_db": {
        "max": 0.372253239155,
        "mean": 0.190789580345,
        "min": 0.0757520496845,
        "stdev": 0.0460768453777
    },
    "barkbands_kurtosis": {
        "max": 123.006385803,
        "mean": 14.6367912292,
        "min": -1.90644562244,
        "stdev": 15.5191869736
    },
    "barkbands_skewness": {
        "max": 8.98645782471,
        "mean": 2.70269727707,
        "min": -1.9725124836,
        "stdev": 1.5241856575
    },
    "barkbands_spread": {
        "max": 87.3067703247,
        "mean": 10.5101137161,
        "min": 0.804012656212,
        "stdev": 10.3547363281
    },
    "dissonance": {
        "max": 0.49996638298,
        "mean": 0.426511198282,
        "min": 0.199994280934,
        "stdev": 0.0427665449679
    },
    "dynamic_complexity": 3.88012099266,
    "erbbands_crest": {
        "max": 31.2044467926,
        "mean": 12.8453998566,
        "min": 3.13255691528,
        "stdev": 5.19976663589
    },
    "erbbands_flatness_db": {
        "max": 0.358221679926,
        "mean": 0.197410658002,
        "min": 0.0797032639384,
        "stdev": 0.0445029884577
    },
    "erbbands_kurtosis": {
        "max": 46.0893249512,
        "mean": 4.69205999374,
        "min": -1.83594727516,
        "stdev": 5.53666639328
    },
    "erbbands_skewness": {
        "max": 5.94578075409,
        "mean": 1.4848947525,
        "min": -2.64645147324,
        "stdev": 1.09481370449
    },
    "erbbands_spread": {
        "max": 129.085693359,
        "mean": 23.7173213959,
        "min": 2.50607085228,
        "stdev": 17.3420391083
    },
    "hfc": {
        "max": 106.72441864,
        "mean": 8.95170402527,
        "min": 0.138447776437,
        "stdev": 11.0059680939
    },
    "loudness_ebu128": {
        "integrated": -20.1559906006,
        "loudness_range": 7.74601745605,
        "momentary": {
            "max": -14.0308418274,
            "mean": -21.8171386719,
            "min": -32.1295318604,
            "stdev": 3.73613095284
        },
        "short_term": {
            "max": -15.6582460403,
            "mean": -20.9898338318,
            "min": -27.4569168091,
            "stdev": 2.62437939644
        }
    },
    "melbands_crest": {
        "max": 32.2311706543,
        "mean": 15.1632061005,
        "min": 4.03813934326,
        "stdev": 5.93688678741
    },
    "melbands_flatness_db": {
        "max": 0.451323956251,
        "mean": 0.254847168922,
        "min": 0.0920502319932,
        "stdev": 0.0494017191231
    },
    "melbands_kurtosis": {
        "max": 140.921066284,
        "mean": 17.4319553375,
        "min": -1.71902549267,
        "stdev": 18.7207565308
    },
    "melbands_skewness": {
        "max": 9.82350921631,
        "mean": 2.60760688782,
        "min": -1.26738762856,
        "stdev": 1.56009447575
    },
    "melbands_spread": {
        "max": 133.467956543,
        "mean": 11.071436882,
        "min": 0.94120490551,
        "stdev": 10.7413225174
    },
    "pitch_salience": {
        "max": 0.852422237396,
        "mean": 0.530425071716,
        "min": 0.104813531041,
        "stdev": 0.1424241364
    },
    "silence_rate_20dB": {
        "max": 1,
        "mean": 1,
        "min": 1,
        "stdev": 0
    },
    "silence_rate_30dB": {
        "max": 1,
        "mean": 0.99857211113,
        "min": 0,
        "stdev": 0.0377607904375
    },
    "silence_rate_60dB": {
        "max": 1,
        "mean": 0.118514992297,
        "min": 0,
        "stdev": 0.323223471642
    },
    "spectral_centroid": {
        "max": 4094.79858398,
        "mean": 640.447387695,
        "min": 304.721740723,
        "stdev": 355.651184082
    },
    "spectral_complexity": {
        "max": 23,
        "mean": 9.73108005524,
        "min": 0,
        "stdev": 3.25024580956
    },
    "spectral_decrease": {
        "max": -6.6899610851e-11,
        "mean": -3.87182952366e-09,
        "min": -3.07978957892e-08,
        "stdev": 4.49181580819e-09
    },
    "spectral_energy": {
        "max": 0.120564982295,
        "mean": 0.0154251381755,
        "min": 0.000265051727183,
        "stdev": 0.0177876763046
    },
    "spectral_energyband_high": {
        "max": 0.00737155554816,
        "mean": 0.000140562813613,
        "min": 3.24750908476e-06,
        "stdev": 0.000398775358917
    },
    "spectral_energyband_low": {
        "max": 0.00343006034382,
        "mean": 0.000356141827069,
        "min": 6.65454854243e-06,
        "stdev": 0.000360700476449
    },
    "spectral_energyband_middle_high": {
        "max": 0.064887419343,
        "mean": 0.00190727284644,
        "min": 2.01560578716e-05,
        "stdev": 0.00484763970599
    },
    "spectral_energyband_middle_low": {
        "max": 0.118437446654,
        "mean": 0.0131231062114,
        "min": 0.000193272688193,
        "stdev": 0.0163371674716
    },
    "spectral_entropy": {
        "max": 8.39795780182,
        "mean": 6.94669151306,
        "min": 5.06365442276,
        "stdev": 0.439993590117
    },
    "spectral_flux": {
        "max": 0.269332647324,
        "mean": 0.0468409471214,
        "min": 0.00861440505832,
        "stdev": 0.0318873636425
    },
    "spectral_kurtosis": {
        "max": 23.5484828949,
        "mean": 7.99958896637,
        "min": -0.900839805603,
        "stdev": 3.78254342079
    },
    "spectral_rms": {
        "max": 0.0108454767615,
        "mean": 0.00342373619787,
        "min": 0.000508514523972,
        "stdev": 0.00182398559991
    },
    "spectral_rolloff": {
        "max": 8807.08007812,
        "mean": 917.913330078,
        "min": 301.46484375,
        "stdev": 1084.99987793
    },
    "spectral_skewness": {
        "max": 4.15450763702,
        "mean": 2.4971575737,
        "min": -0.0143937179819,
        "stdev": 0.611415207386
    },
    "spectral_spread": {
        "max": 12610047,
        "mean": 5326077,
        "min": 2258238.75,
        "stdev": 1472983.5
    },
    "spectral_strongpeak": {
        "max": 16.0080318451,
        "mean": 1.1771376133,
        "min": 0.0160282440484,
        "stdev": 1.35639560223
    },
    "zerocrossingrate": {
        "max": 0.2490234375,
        "mean": 0.0469798147678,
        "min": 0.009765625,
        "stdev": 0.0280185360461
    },
    "barkbands": {
        "max": [0.000151263637235, 0.00166596833151, 0.00216037267819, 0.00340102473274, 0.0579289272428, 0.114280372858, 0.0747569352388, 0.0245323739946, 0.0586697310209, 0.0169283319265, 0.00445081200451, 0.00704389018938, 0.0111595513299, 0.0530602000654, 0.00591693678871, 0.00238383328542, 0.00341943092644, 0.00114824413322, 0.000150619700435, 0.00288825831376, 0.00158047850709, 0.00567971821874, 0.000368878652807, 0.00185976387002, 0.000153963628691, 3.63597901014e-05, 9.59142880674e-07],
        "mean": [3.09876440951e-06, 0.000107372194179, 0.000191078492207, 0.000198999332497, 0.00209504179657, 0.00701635563746, 0.00139768060762, 0.00110913044773, 0.0011552904034, 0.000378242781153, 0.000179406706593, 0.000157220842084, 0.000193556814338, 0.000836717372295, 0.000116453193186, 5.35905164725e-05, 7.98584514996e-05, 1.08118892967e-05, 2.23050324166e-06, 1.35565660457e-05, 2.44449092861e-05, 3.62225982826e-05, 9.72459656623e-06, 3.34396791004e-05, 1.21227312775e-05, 1.34862448249e-05, 6.06798211678e-09],
        "min": [4.16308409967e-09, 7.48459910938e-07, 1.04613000929e-07, 2.72604665952e-07, 5.86352098253e-06, 8.3495860963e-06, 2.69496354122e-06, 6.55605253996e-06, 2.59482908405e-06, 1.49653067183e-06, 5.11665575686e-07, 6.38504900508e-07, 6.03027956458e-07, 9.12065559078e-07, 3.21465478237e-07, 3.41499429624e-07, 5.03214835135e-07, 8.19915069172e-09, 5.8140166459e-08, 4.07052766604e-07, 2.70338574637e-07, 8.90463297765e-07, 2.2945408773e-07, 5.69468625145e-07, 3.71481718275e-07, 4.47107822765e-07, 3.63286484228e-11],
        "stdev": [7.41882149669e-06, 0.000151750587975, 0.000236782158026, 0.000280260079307, 0.00403030635789, 0.0134239066392, 0.00525428541005, 0.00182949495502, 0.00332336407155, 0.00110157637391, 0.000352828908945, 0.000369267683709, 0.000724526355043, 0.00387850077823, 0.000322920473991, 0.000128693252918, 0.000275044731097, 4.40831136075e-05, 5.83307837587e-06, 8.38188134367e-05, 0.000109805667307, 0.000186581266462, 2.37712829403e-05, 0.000123302248539, 1.20530739878e-05, 3.75108174921e-06, 2.17147810844e-08]
    },
    "erbbands": {
        "max": [0.0117086032405, 0.485705256462, 2.7177567482, 5.54156732559, 15.8787240982, 211.415969849, 849.065734863, 1385.92980957, 1318.73461914, 1333.53540039, 622.538391113, 1767.44189453, 1055.08154297, 333.304138184, 128.736557007, 268.604736328, 385.372070312, 2151.35571289, 2005.49365234, 107.479660034, 165.180908203, 236.574523926, 55.1296043396, 3.42804956436, 15.0155591965, 96.2906112671, 145.00201416, 105.149505615, 210.024017334, 68.6922225952, 14.7976465225, 42.0823440552, 40.4029693604, 3.74821853638, 0.878403425217, 0.284225463867, 0.0577749274671, 0.00340138794854, 0.000153305823915, 0.000135522233904],
        "mean": [0.00108415889554, 0.0333503559232, 0.205265939236, 0.406389892101, 1.49401569366, 7.49045467377, 35.8683204651, 58.2486076355, 28.1257667542, 22.7717914581, 23.3153896332, 21.0956001282, 24.2969722748, 8.80699062347, 5.51637411118, 6.01632118225, 8.93726348877, 32.0814552307, 22.9341049194, 4.73320436478, 3.87381362915, 4.7022395134, 1.07043194771, 0.160686001182, 0.193201377988, 0.559056818485, 1.04864919186, 1.1556122303, 1.19283998013, 0.705882906914, 0.3009506464, 0.676919937134, 0.506546080112, 0.152246177197, 0.0873161107302, 0.0632590949535, 0.0273966286331, 0.00137650943361, 3.65743144357e-05, 1.94351541722e-05],
        "min": [2.93782886729e-05, 0.000315506826155, 0.00203668745235, 0.00539487274364, 0.0161158647388, 0.0233751293272, 0.0383248329163, 0.0878867805004, 0.152640014887, 0.294787973166, 0.255470097065, 0.112549573183, 0.0665993914008, 0.0635766610503, 0.0410162322223, 0.0332299433649, 0.0337600857019, 0.0547632426023, 0.0258430726826, 0.0240454338491, 0.0327951461077, 0.041639700532, 0.0206972043961, 0.00836085993797, 0.00929346680641, 0.0213048998266, 0.0171099249274, 0.0132798338309, 0.0319575667381, 0.0158059354872, 0.00657641282305, 0.0106258383021, 0.00903644226491, 0.00407408550382, 0.00270288041793, 0.00237629027106, 0.000820874702185, 9.57857337198e-05, 1.29755962917e-05, 1.99610099116e-06],
        "stdev": [0.00144165509846, 0.0451010763645, 0.258507579565, 0.481814205647, 1.68149065971, 13.6898584366, 73.9720535278, 126.622444153, 89.7167663574, 64.1351928711, 32.6114692688, 64.3173141479, 78.267288208, 15.1850776672, 10.4996023178, 14.8233137131, 26.5205841064, 121.076805115, 124.711105347, 9.8310213089, 9.72570896149, 16.0518226624, 3.28122854233, 0.27209725976, 0.588901102543, 2.96895551682, 5.64290475845, 5.6997218132, 6.5496840477, 3.14236235619, 0.791161060333, 2.43303894997, 2.0301156044, 0.301061242819, 0.049887239933, 0.0218424145132, 0.00761037133634, 0.000424202909926, 1.12806055768e-05, 2.00798440346e-05]
    },
    "gfcc": {
        "mean": [-64.9913024902, 91.8516769409, -94.2288284302, -18.1637306213, -80.5226821899, 9.50452613831, -65.5523376465, -2.87738895416, -24.5267066956, 13.9452075958, -29.3165416718, 5.47149372101, -8.44803142548],
        "cov": [[978.382873535, 155.56439209, -390.748046875, -12.0561819077, -52.4860916138, -90.7173995972, -10.9247188568, -168.457321167, 75.9945907593, -60.4922676086, 36.2296600342, -22.7036170959, 91.5564880371], [155.56439209, 302.914978027, 18.4856586456, -155.515014648, 86.0062866211, -51.1555480957, -2.98680520058, -4.32059383392, -29.921667099, -7.74804353714, 8.01217269897, -11.6380834579, -16.892080307], [-390.748046875, 18.4856586456, 446.340637207, 110.337715149, -12.6001081467, 44.6448631287, 1.25357425213, 82.4566955566, -52.7443084717, 16.2400035858, -18.4347476959, -0.0640221759677, -75.9901275635], [-12.0561819077, -155.515014648, 110.337715149, 301.140777588, -37.4699707031, 3.14778184891, 20.7730102539, 24.4256649017, 45.6268234253, 7.81797170639, -10.9263048172, 31.1734828949, 21.2816867828], [-52.4860916138, 86.0062866211, -12.6001081467, -37.4699707031, 142.687179565, 13.7602958679, -6.45083427429, 32.2044410706, -17.1030368805, 7.581346035, -13.5942382812, -6.48169898987, -18.97706604], [-90.7173995972, -51.1555480957, 44.6448631287, 3.14778184891, 13.7602958679, 163.703353882, 55.8467330933, -2.1447956562, -29.3427562714, 21.7693729401, -30.2225551605, -51.6632347107, -30.9402770996], [-10.9247188568, -2.98680520058, 1.25357425213, 20.7730102539, -6.45083427429, 55.8467330933, 110.683509827, 31.8534965515, -3.15026378632, 39.5422477722, -5.45824098587, -8.57485961914, 6.02056646347], [-168.457321167, -4.32059383392, 82.4566955566, 24.4256649017, 32.2044410706, -2.1447956562, 31.8534965515, 136.798980713, 43.7343254089, 0.727102220058, -5.69579982758, 30.5463790894, -4.8696770668], [75.9945907593, -29.921667099, -52.7443084717, 45.6268234253, -17.1030368805, -29.3427562714, -3.15026378632, 43.7343254089, 118.745132446, 9.01881027222, 22.0894832611, 43.9451675415, 39.3027954102], [-60.4922676086, -7.74804353714, 16.2400035858, 7.81797170639, 7.581346035, 21.7693729401, 39.5422477722, 0.727102220058, 9.01881027222, 81.2781982422, 23.0295810699, -11.893368721, -6.13038635254], [36.2296600342, 8.01217269897, -18.4347476959, -10.9263048172, -13.5942382812, -30.2225551605, -5.45824098587, -5.69579982758, 22.0894832611, 23.0295810699, 81.9850234985, 43.7280349731, 16.4919948578], [-22.7036170959, -11.6380834579, -0.0640221759677, 31.1734828949, -6.48169898987, -51.6632347107, -8.57485961914, 30.5463790894, 43.9451675415, -11.893368721, 43.7280349731, 104.731948853, 50.0873184204], [91.5564880371, -16.892080307, -75.9901275635, 21.2816867828, -18.97706604, -30.9402770996, 6.02056646347, -4.8696770668, 39.3027954102, -6.13038635254, 16.4919948578, 50.0873184204, 81.662109375]],
        "icov": [[0.00659065460786, -0.00841530133039, 0.00619116518646, -0.00629445863888, 0.00451299548149, -0.00146443140693, -0.000638045952655, 0.00402803532779, -0.00360832782462, 0.00605453969911, -0.00440832739696, 0.0052673490718, -0.00109654432163], [-0.00841530133039, 0.0230538323522, -0.015324623324, 0.0160564556718, -0.0173010453582, 0.0109771406278, -0.0114868637174, 0.00504807615653, -0.00354503816925, 0.00121025554836, 0.00224723294377, -0.000937354110647, -0.00103641464375], [0.00619116518646, -0.015324623324, 0.015656247735, -0.0127884270623, 0.0139106130227, -0.0085383374244, 0.0106324683875, -0.00749307591468, 0.006572233513, -0.0032507320866, -0.000921617611311, -0.00166597275529, 0.00435799593106], [-0.00629445863888, 0.0160564556718, -0.0127884270623, 0.0159561112523, -0.0117233935744, 0.00765813328326, -0.00911663938314, 0.00476333778352, -0.0049439528957, 0.000362402177416, 0.0037388750352, -0.00209700269625, -0.00160888233222], [0.00451299548149, -0.0173010453582, 0.0139106130227, -0.0117233935744, 0.0241389926523, -0.0113880904391, 0.0159590989351, -0.0126808499917, 0.00989682320505, -0.00913866702467, 0.00292820110917, -0.00467576179653, 0.00355034181848], [-0.00146443140693, 0.0109771406278, -0.0085383374244, 0.00765813328326, -0.0113880904391, 0.0168257765472, -0.0151499062777, 0.00951474532485, -0.00699473265558, 0.00662412913516, -0.000647383159958, 0.0064230854623, -0.000560767774004], [-0.000638045952655, -0.0114868637174, 0.0106324683875, -0.00911663938314, 0.0159590989351, -0.0151499062777, 0.0322827287018, -0.0205792728812, 0.0163457784802, -0.0205214433372, 0.00608399836347, -0.00786030106246, -0.000844637339469], [0.00402803532779, 0.00504807615653, -0.00749307591468, 0.00476333778352, -0.0126808499917, 0.00951474532485, -0.0205792728812, 0.0289842672646, -0.0199254825711, 0.0169600360096, -0.00361610203981, 0.00531468354166, 0.000551440229174], [-0.00360832782462, -0.00354503816925, 0.006572233513, -0.0049439528957, 0.00989682320505, -0.00699473265558, 0.0163457784802, -0.0199254825711, 0.026456490159, -0.016350954771, 0.00436716107652, -0.00974218826741, -0.000894409429748], [0.00605453969911, 0.00121025554836, -0.0032507320866, 0.000362402177416, -0.00913866702467, 0.00662412913516, -0.0205214433372, 0.0169600360096, -0.016350954771, 0.0351146161556, -0.016428174451, 0.01660698466, -0.0031093780417], [-0.00440832739696, 0.00224723294377, -0.000921617611311, 0.0037388750352, 0.00292820110917, -0.000647383159958, 0.00608399836347, -0.00361610203981, 0.00436716107652, -0.016428174451, 0.0264320988208, -0.0178176239133, 0.00560154998675], [0.0052673490718, -0.000937354110647, -0.00166597275529, -0.00209700269625, -0.00467576179653, 0.0064230854623, -0.00786030106246, 0.00531468354166, -0.00974218826741, 0.01660698466, -0.0178176239133, 0.0326489880681, -0.0153511725366], [-0.00109654432163, -0.00103641464375, 0.00435799593106, -0.00160888233222, 0.00355034181848, -0.000560767774004, -0.000844637339469, 0.000551440229174, -0.000894409429748, -0.0031093780417, 0.00560154998675, -0.0153511725366, 0.0269243307412]]
    },
    "melbands": {
        "max": [0.000263515248662, 0.00104582414497, 0.0010938171763, 0.00631873589009, 0.0222511477768, 0.0274601168931, 0.0176518857479, 0.0117026865482, 0.00435644434765, 0.0116744274274, 0.00515681318939, 0.00141325639561, 0.000628271780442, 0.000354597868863, 0.00091331906151, 0.00130162353162, 0.00480975722894, 0.00473258364946, 0.000364953215467, 7.650173211e-05, 0.000207796445466, 0.000308953342028, 0.000103690952528, 1.80196129804e-05, 2.28602152674e-06, 5.93080085309e-06, 1.52196216732e-05, 8.77183992998e-05, 0.000140082207508, 2.88275441562e-05, 9.20397214941e-05, 0.00016502662038, 4.39754694526e-05, 3.2107836887e-05, 6.22266998107e-06, 1.46807433339e-05, 2.91232991003e-05, 3.27840680256e-05, 1.20131790027e-05, 1.80838151209e-06],
        "mean": [1.93565138034e-05, 8.44673559186e-05, 0.000103542828583, 0.000264249334577, 0.00108154909685, 0.00130269897636, 0.000410057837144, 0.000259423803072, 0.000172686297446, 0.000148451945279, 0.000120969911222, 3.55434749508e-05, 2.15846430365e-05, 1.40698575706e-05, 1.7742289856e-05, 2.50943448918e-05, 6.7806809966e-05, 4.77749781567e-05, 8.69415725901e-06, 3.15394345307e-06, 4.60537421532e-06, 5.38670747119e-06, 1.99593750949e-06, 3.87923734024e-07, 8.20722050321e-08, 9.38407751505e-08, 1.76781128403e-07, 4.30343675362e-07, 7.58088845032e-07, 4.22706023073e-07, 8.36183744468e-07, 8.13717178971e-07, 4.80131689073e-07, 2.98089901207e-07, 1.22197292285e-07, 2.68085983635e-07, 4.61113529582e-07, 4.03888122946e-07, 2.03535435617e-07, 9.96701174927e-08],
        "min": [1.84198881925e-07, 9.10882192784e-07, 1.50645507802e-06, 1.37961694691e-06, 9.14608051517e-07, 2.0481716092e-06, 1.91312346942e-06, 8.15033672552e-07, 9.82391611615e-07, 3.98880729335e-07, 2.94187259442e-07, 1.85584426049e-07, 1.11371299738e-07, 6.65978490133e-08, 7.95205679083e-08, 6.74222278008e-08, 9.88077957231e-08, 4.59379840834e-08, 2.21830660507e-08, 3.48974964481e-08, 2.00838510267e-08, 3.12653227752e-08, 8.73548522407e-09, 2.99806873771e-10, 4.8282733367e-10, 3.32924754431e-09, 4.22880486184e-09, 1.34157422949e-08, 1.17961764801e-08, 6.87185019999e-09, 8.12092793012e-09, 2.1357735136e-08, 1.39772939889e-08, 6.01602501149e-09, 1.65580416045e-09, 4.79404338449e-09, 6.82560052923e-09, 7.59285256891e-09, 4.35424940548e-09, 4.08647615746e-10],
        "stdev": [2.60914221144e-05, 9.86887534964e-05, 0.000111969966383, 0.000430056679761, 0.00207959371619, 0.00268776528537, 0.00126766192261, 0.00061402033316, 0.000233321639826, 0.0004814787535, 0.000389778375393, 6.89297521603e-05, 4.57486748928e-05, 2.86923350359e-05, 5.23980415892e-05, 9.21539758565e-05, 0.000274634599918, 0.000295462348731, 2.42057431024e-05, 4.90006459586e-06, 1.34499987325e-05, 1.99918340513e-05, 6.5991757765e-06, 1.02980789052e-06, 1.43773064565e-07, 2.5823442229e-07, 5.76417164666e-07, 2.58527938968e-06, 4.67549625682e-06, 1.68843860138e-06, 4.51076039099e-06, 4.9972686611e-06, 2.05669221032e-06, 1.33112428102e-06, 2.83546796709e-07, 8.69908490131e-07, 1.70771249941e-06, 1.68965846115e-06, 6.86333748945e-07, 1.18395348636e-07]
    },
    "melbands128": {
        "max": [5.62679560971e-05, 5.10966274305e-05, 0.000284204783384, 0.00109352055006, 0.00166791351512, 0.000750034058001, 0.00124477257486, 0.00190365547314, 0.00145935069304, 0.00378946913406, 0.012937720865, 0.0270339027047, 0.0410936772823, 0.0418651625514, 0.0341809205711, 0.0463777631521, 0.0322798043489, 0.0259257331491, 0.0252535901964, 0.0202104225755, 0.00739720836282, 0.00889477599412, 0.00481666391715, 0.00344375381246, 0.0150139518082, 0.0171832870692, 0.0158233121037, 0.00642135506496, 0.00359672936611, 0.00205735792406, 0.00188433157746, 0.000999996089377, 0.00111343432218, 0.000593905861024, 0.000820194545668, 0.000365969841368, 0.00109748484101, 0.00181851373054, 0.000776881235652, 0.0016760150902, 0.00268110982142, 0.00327278859913, 0.00842436682433, 0.0117978053167, 0.0153646338731, 0.00323382369243, 0.00141025299672, 0.000857204315253, 0.000416992057581, 0.000252127152635, 4.60732735519e-05, 7.12296896381e-05, 0.000553087680601, 0.000296876416542, 0.000598616024945, 0.000681171542965, 0.000328594585881, 0.000140554126119, 0.000205543779884, 6.98080912116e-05, 1.76221037691e-05, 9.07549292606e-06, 6.68065240461e-06, 1.98137786356e-06, 2.79215396404e-06, 3.2729844861e-06, 1.2693764802e-05, 2.31844969676e-05, 1.60578911164e-05, 1.25900814965e-05, 3.21397310472e-05, 0.000177318433998, 0.000241175759584, 0.000124271828099, 7.05067577655e-05, 5.18164488312e-05, 2.78648913081e-05, 8.74610122992e-05, 9.60900870268e-05, 0.000200374503038, 0.000272700359346, 0.000109369306301, 2.37156182266e-05, 4.49325343652e-05, 7.90958802099e-05, 7.15154601494e-05, 5.50590493731e-06, 5.87950466979e-07, 2.94004917123e-06, 1.79928665602e-05, 1.2596173292e-05, 1.31274146042e-05, 3.49571746483e-05, 4.13398120145e-05, 1.89236634469e-05, 2.86320428131e-05, 3.79510856874e-05, 4.33017194155e-05, 8.8184424385e-06, 5.4417919273e-06, 4.53429402114e-06, 1.67695611708e-06, 5.69441965581e-07, 1.42300882544e-06, 1.47034131714e-06, 9.26924940359e-07, 6.86467785727e-07, 5.26318444827e-07, 5.22508798895e-07, 5.84533779602e-07, 2.92819322567e-07, 2.7765440791e-07, 3.30720865804e-07, 2.42813769091e-07, 8.61138360619e-08, 7.08550507156e-09, 5.07856467991e-09, 4.71494043808e-09, 4.48753345594e-09, 4.29871294116e-09, 4.13514067432e-09, 4.00312938353e-09, 3.90195964428e-09, 3.81126019633e-09, 3.73271413778e-09, 3.68816310825e-09, 3.64210350767e-09, 3.6163811945e-09],
        "mean": [1.4237105006e-06, 3.41632903655e-06, 1.83749543794e-05, 6.47127089906e-05, 0.000106659215817, 8.64221656229e-05, 6.07775255048e-05, 0.000124491518363, 0.000148091479787, 0.000137030161568, 0.000386379368138, 0.000757192727178, 0.00123462022748, 0.00161103438586, 0.00129995041061, 0.00135707913432, 0.000556643528398, 0.000207720673643, 0.000222898539505, 0.00025374989491, 0.000280413631117, 0.000309801951516, 0.000104840539279, 0.000123938807519, 9.57779411692e-05, 0.000173464170075, 0.000239333530772, 8.27238036436e-05, 7.56175941206e-05, 2.38844677369e-05, 3.13109230774e-05, 3.44119725924e-05, 2.16334046854e-05, 9.23894367588e-06, 1.86511642823e-05, 1.02403528217e-05, 1.48748904394e-05, 2.61491550191e-05, 1.20767963381e-05, 1.2995106772e-05, 2.49066088145e-05, 4.48202190455e-05, 6.92811372573e-05, 5.95475939917e-05, 0.000118757612654, 2.21784794121e-05, 8.01978785603e-06, 1.23742156575e-05, 7.01172211848e-06, 3.78101617571e-06, 1.68733492956e-06, 3.00097167383e-06, 6.52151584291e-06, 3.97024678023e-06, 3.7108120523e-06, 7.26050484445e-06, 5.19438981428e-06, 2.36720848079e-06, 1.03162756204e-06, 6.34840205294e-07, 3.5136082488e-07, 2.2640196562e-07, 8.64267235556e-08, 4.89948845939e-08, 4.83868944912e-08, 7.3929413702e-08, 1.21036293876e-07, 2.03955622169e-07, 1.75680455072e-07, 1.54469191216e-07, 3.03914731603e-07, 6.02951217843e-07, 8.95433288406e-07, 7.90264948591e-07, 6.3135723849e-07, 4.11885906715e-07, 3.04923418071e-07, 4.44296517799e-07, 8.89238776836e-07, 1.26784163967e-06, 1.09795644221e-06, 5.51567893581e-07, 2.91112058903e-07, 4.74652239291e-07, 6.57177110952e-07, 4.49425186844e-07, 1.34233033577e-07, 6.04820726835e-08, 1.01514459061e-07, 1.86693455362e-07, 1.84271385706e-07, 2.31167831544e-07, 5.05752097979e-07, 5.36236427706e-07, 3.65245483636e-07, 4.44368083663e-07, 4.41928875716e-07, 3.21208091236e-07, 2.0045710869e-07, 1.4629304701e-07, 1.20178441421e-07, 8.54382449234e-08, 8.19665970653e-08, 9.20714171571e-08, 1.0065170386e-07, 1.00853746687e-07, 1.01757485993e-07, 1.00399432768e-07, 1.05287568886e-07, 1.34694445819e-07, 1.0684860996e-07, 9.963756753e-08, 1.01310817513e-07, 8.86085089746e-08, 1.44008858172e-08, 9.85108217222e-10, 2.24005633487e-10, 5.55831942972e-12, 5.25091645512e-12, 5.08515625441e-12, 4.938286325e-12, 4.8145363564e-12, 4.71923541912e-12, 4.62382996474e-12, 4.49542139624e-12, 4.34891142195e-12, 4.25636175611e-12, 4.22337512185e-12],
        "min": [4.61654409145e-10, 9.33621713273e-09, 1.88900592946e-08, 1.04919976707e-07, 1.13717298689e-07, 4.41159642151e-08, 2.12133656419e-07, 1.39693185019e-07, 4.34684721995e-07, 3.41633182188e-07, 3.94363325995e-07, 1.63874673831e-07, 1.66326913131e-07, 5.32484477844e-07, 6.04322394793e-07, 7.67945834923e-07, 5.52191920633e-07, 1.37428258995e-07, 3.45037364013e-07, 1.60386306902e-07, 3.63158846994e-07, 1.28013809331e-07, 1.65743244906e-07, 9.4679137419e-08, 1.02113105527e-07, 6.83270116042e-08, 6.61188934714e-08, 1.34178577582e-07, 5.071910536e-08, 1.42091437283e-07, 3.82856377712e-08, 6.08117147749e-08, 3.13395673857e-08, 3.58594043348e-08, 3.29155760426e-08, 2.54020342538e-08, 2.42050059995e-08, 2.5430136219e-08, 1.55423762749e-08, 1.02092068133e-08, 4.28004476305e-08, 4.36337330711e-08, 2.92189454854e-08, 5.04634343201e-08, 1.42809639669e-08, 2.67156945455e-08, 1.92427336287e-08, 3.5206153548e-09, 7.86267584374e-09, 1.21302248246e-08, 1.07108029113e-08, 7.90556331509e-09, 7.2196049139e-09, 1.88079862795e-09, 5.03652453077e-09, 7.74243424928e-09, 8.14683343009e-09, 1.49747303446e-09, 2.76464434679e-10, 2.59148924542e-10, 1.56614179958e-10, 3.91530224908e-10, 7.62854987513e-11, 7.27640170339e-11, 1.42109518597e-10, 4.08126560325e-10, 1.10217635019e-09, 3.32015770432e-09, 8.61256121976e-10, 2.70409383774e-09, 6.36511454655e-10, 4.31682423141e-09, 2.18738716029e-09, 8.27428703332e-09, 5.73108893676e-10, 4.38459002439e-09, 8.50789105833e-10, 7.15184800271e-10, 2.53359178082e-09, 1.31869324349e-08, 1.57900768016e-08, 1.15597798001e-08, 1.06144231182e-08, 1.18815934869e-08, 7.64622321014e-09, 9.55751922049e-09, 3.77850556399e-10, 2.79331974218e-10, 5.49100313829e-11, 7.71752731166e-11, 3.08140790661e-10, 6.4687917245e-09, 8.12712386278e-09, 6.46872866383e-09, 4.19188372902e-09, 8.4729645522e-09, 5.02834085481e-09, 2.58242605078e-09, 5.52234036277e-09, 6.20508977534e-10, 7.12271387704e-12, 1.05283256072e-11, 3.54572760042e-11, 1.84547543913e-09, 2.57951060512e-09, 5.12866149549e-09, 2.78524403541e-09, 9.19284814938e-10, 5.72233682661e-09, 6.59155219296e-09, 3.29152305412e-09, 1.99125471667e-09, 3.27118465648e-09, 2.35170238838e-09, 3.21118742708e-10, 2.33830180696e-13, 1.61547058825e-13, 1.29114004644e-13, 1.13741359538e-13, 1.1070875797e-13, 1.06691063861e-13, 1.20754575501e-13, 1.17009958038e-13, 1.20459130409e-13, 8.87050713915e-14, 3.04391386229e-14, 4.32513657593e-15, 1.10319509962e-16],
        "stdev": [2.73991258837e-06, 5.62200330023e-06, 3.20112121699e-05, 9.7624702903e-05, 0.000150810461491, 0.000104134756839, 9.30738024181e-05, 0.000170380080817, 0.000192650681129, 0.000249057018664, 0.000819531967863, 0.00179588259198, 0.00306105497293, 0.00399587210268, 0.00310654938221, 0.00442942185327, 0.00223390990868, 0.00123140541837, 0.00118535629008, 0.000994752976112, 0.000532915641088, 0.000552914454602, 0.000210987913306, 0.000237616754021, 0.000466349185444, 0.000782499788329, 0.00105673691723, 0.000342418003129, 0.000244894123171, 7.39841852919e-05, 7.48111997382e-05, 7.91704878793e-05, 7.19875242794e-05, 2.86691174551e-05, 4.67847239634e-05, 2.52981135418e-05, 6.23376035946e-05, 9.77357412921e-05, 4.06893741456e-05, 6.834926171e-05, 0.000143675759318, 0.000192007282749, 0.000357840850484, 0.000407764455304, 0.0009069199441, 0.000138742572744, 4.39022478531e-05, 4.76056775369e-05, 2.03442687052e-05, 9.69077063928e-06, 2.7680769108e-06, 5.78135131946e-06, 2.60072847595e-05, 1.66996651387e-05, 2.29648412642e-05, 3.48493340425e-05, 2.22387334361e-05, 9.44723524299e-06, 6.86085877533e-06, 2.73564432973e-06, 1.12667407848e-06, 5.98317569711e-07, 2.33597376109e-07, 1.1804834088e-07, 1.21348548987e-07, 1.85969867061e-07, 4.62729900619e-07, 8.28620386528e-07, 5.8691000504e-07, 4.48086638016e-07, 1.26205770812e-06, 4.72510510008e-06, 7.00600276105e-06, 4.98710869579e-06, 3.35673917107e-06, 1.83269753506e-06, 1.09623545086e-06, 2.64359869107e-06, 5.17215858054e-06, 7.56127747081e-06, 7.79428864917e-06, 3.3486819575e-06, 1.10571261303e-06, 2.02543401429e-06, 3.22835558109e-06, 2.52474910667e-06, 3.2120283322e-07, 4.4304183433e-08, 2.02921953019e-07, 6.40560529064e-07, 6.15806300175e-07, 6.96531060385e-07, 1.96911605599e-06, 2.1760722575e-06, 1.35520679123e-06, 1.89133470485e-06, 1.9740227799e-06, 1.61438185842e-06, 6.76447371006e-07, 3.53941743469e-07, 2.51670257967e-07, 7.10790502012e-08, 4.23285868578e-08, 7.30158902229e-08, 6.97397979366e-08, 6.06780474754e-08, 5.90399977796e-08, 4.91299481098e-08, 4.73200110207e-08, 5.6726680242e-08, 3.90847461063e-08, 3.77508087013e-08, 3.6570636297e-08, 3.33135439234e-08, 8.07049804763e-09, 7.32185645447e-10, 2.16484788429e-10, 1.04057693018e-10, 9.91833143393e-11, 9.50871534289e-11, 9.15422876391e-11, 8.86728884764e-11, 8.64527893718e-11, 8.449326655e-11, 8.27712759444e-11, 8.17879930448e-11, 8.07907005185e-11, 8.02255484267e-11]
    },
    "mfcc": {
        "mean": [-724.078308105, 146.399307251, 22.8043079376, -20.8582019806, -3.82744812965, 0.350527137518, -26.7384719849, -21.3022193909, -0.233192324638, -7.7686290741, -9.81015396118, 0.969602227211, -7.44301843643],
        "cov": [[1237.90258789, 3.03963160515, -324.860809326, -17.2797241211, -115.789260864, 82.5012054443, -148.2368927, -73.8514938354, -8.61495304108, -65.5124359131, -52.0072975159, 31.2013168335, -131.638656616], [3.03963160515, 494.608123779, -98.4335861206, -108.940231323, 41.1236038208, -60.7992134094, 49.2617874146, -23.1502895355, -43.2579269409, -1.23687040806, -0.225576743484, -30.6892108917, 36.435546875], [-324.860809326, -98.4335861206, 391.527069092, 91.412940979, 18.9457759857, 4.93003892899, 34.0669708252, 33.7368011475, 16.4844341278, 0.29440766573, 5.9905257225, 41.1742095947, 49.5508308411], [-17.2797241211, -108.940231323, 91.412940979, 218.517745972, 21.9388427734, -21.1406745911, -29.6764526367, 22.2444324493, 48.6982955933, -23.8307342529, -7.60801506042, 58.0097732544, 28.6523780823], [-115.789260864, 41.1236038208, 18.9457759857, 21.9388427734, 124.83139801, -18.5639247894, -17.3598480225, 31.9629173279, 4.25353431702, 2.13824295998, -3.9085662365, 5.22837972641, 12.900557518], [82.5012054443, -60.7992134094, 4.93003892899, -21.1406745911, -18.5639247894, 129.590682983, 46.6749191284, -33.13722229, 8.57632255554, 11.7949829102, 10.0275058746, -13.0725030899, -21.8341712952], [-148.2368927, 49.2617874146, 34.0669708252, -29.6764526367, -17.3598480225, 46.6749191284, 158.078704834, -6.02585029602, -4.61436033249, 39.0666694641, 24.0247859955, -20.7971992493, 10.3642253876], [-73.8514938354, -23.1502895355, 33.7368011475, 22.2444324493, 31.9629173279, -33.13722229, -6.02585029602, 100.127418518, 45.745136261, -1.04371953011, 2.3112244606, 12.9664049149, 17.6262893677], [-8.61495304108, -43.2579269409, 16.4844341278, 48.6982955933, 4.25353431702, 8.57632255554, -4.61436033249, 45.745136261, 113.953704834, 19.2663612366, -5.96715211868, 13.747423172, 12.8364086151], [-65.5124359131, -1.23687040806, 0.29440766573, -23.8307342529, 2.13824295998, 11.7949829102, 39.0666694641, -1.04371953011, 19.2663612366, 88.5947799683, 38.5801620483, -22.2642707825, -9.28398990631], [-52.0072975159, -0.225576743484, 5.9905257225, -7.60801506042, -3.9085662365, 10.0275058746, 24.0247859955, 2.3112244606, -5.96715211868, 38.5801620483, 81.6172790527, 5.58753156662, -5.78347063065], [31.2013168335, -30.6892108917, 41.1742095947, 58.0097732544, 5.22837972641, -13.0725030899, -20.7971992493, 12.9664049149, 13.747423172, -22.2642707825, 5.58753156662, 81.5600662231, 29.8479976654], [-131.638656616, 36.435546875, 49.5508308411, 28.6523780823, 12.900557518, -21.8341712952, 10.3642253876, 17.6262893677, 12.8364086151, -9.28398990631, -5.78347063065, 29.8479976654, 84.0819244385]],
        "icov": [[0.0022894477006, -0.00111624097917, 0.00145723391324, -0.000922316394281, 0.00242788507603, -0.00282303011045, 0.00238154060207, -0.00102006422821, 0.000741332012694, -0.000657210126519, 0.00184695550706, -0.00284951459616, 0.00329112540931], [-0.00111624097917, 0.00392196467146, -3.70077577827e-05, 0.00218055187725, -0.00298228813335, 0.00388572737575, -0.00297902710736, 0.00256047863513, -0.00111721048597, 0.00183158891741, -0.00163357669953, 0.00203832611442, -0.00333445658907], [0.00145723391324, -3.70077577827e-05, 0.00427535874769, -0.00154702819418, 0.00118755165022, -0.00201941234991, 0.000519277818967, -0.00144618772902, 0.00127067579888, -0.000742653151974, 0.00130284181796, -0.00235084723681, 0.000485826691147], [-0.000922316394281, 0.00218055187725, -0.00154702819418, 0.00824584253132, -0.00295383343473, 0.00360484560952, -0.00163736811373, 0.0030661826022, -0.00413834070787, 0.0028521376662, -0.00154955021571, -0.00178338773549, -0.0018655564636], [0.00242788507603, -0.00298228813335, 0.00118755165022, -0.00295383343473, 0.0129071129486, -0.00481337169185, 0.00487300101668, -0.00590148288757, 0.00337145919912, -0.00358351413161, 0.00348291313276, -0.00291272089817, 0.00316955056041], [-0.00282303011045, 0.00388572737575, -0.00201941234991, 0.00360484560952, -0.00481337169185, 0.0164526216686, -0.00772976595908, 0.00782484654337, -0.00567943416536, 0.00426588580012, -0.00435848068446, 0.00394685519859, -0.00218135653995], [0.00238154060207, -0.00297902710736, 0.000519277818967, -0.00163736811373, 0.00487300101668, -0.00772976595908, 0.0125417904928, -0.00360518274829, 0.00296837510541, -0.00495480000973, 0.00165792088956, -0.0013603286352, 0.00132299272809], [-0.00102006422821, 0.00256047863513, -0.00144618772902, 0.0030661826022, -0.00590148288757, 0.00782484654337, -0.00360518274829, 0.0184028316289, -0.00914418883622, 0.00508587853983, -0.00431497581303, 0.00177353201434, -0.00234401528724], [0.000741332012694, -0.00111721048597, 0.00127067579888, -0.00413834070787, 0.00337145919912, -0.00567943416536, 0.00296837510541, -0.00914418883622, 0.0159646309912, -0.00767298415303, 0.00517609901726, -0.00237767398357, -0.000219329580432], [-0.000657210126519, 0.00183158891741, -0.000742653151974, 0.0028521376662, -0.00358351413161, 0.00426588580012, -0.00495480000973, 0.00508587853983, -0.00767298415303, 0.0210448913276, -0.0104373777285, 0.00607738178223, -0.000534949300345], [0.00184695550706, -0.00163357669953, 0.00130284181796, -0.00154955021571, 0.00348291313276, -0.00435848068446, 0.00165792088956, -0.00431497581303, 0.00517609901726, -0.0104373777285, 0.0196514390409, -0.00737584615126, 0.00442111399025], [-0.00284951459616, 0.00203832611442, -0.00235084723681, -0.00178338773549, -0.00291272089817, 0.00394685519859, -0.0013603286352, 0.00177353201434, -0.00237767398357, 0.00607738178223, -0.00737584615126, 0.0228696186095, -0.00967539940029], [0.00329112540931, -0.00333445658907, 0.000485826691147, -0.0018655564636, 0.00316955056041, -0.00218135653995, 0.00132299272809, -0.00234401528724, -0.000219329580432, -0.000534949300345, 0.00442111399025, -0.00967539940029, 0.0218288134784]]
    },
    "spectral_contrast_coeffs": {
        "max": [-0.330028653145, -0.359275639057, -0.499951660633, -0.539773225784, -0.594529151917, -0.57349395752],
        "mean": [-0.633338809013, -0.69958782196, -0.757352292538, -0.791592478752, -0.803496003151, -0.827576339245],
        "min": [-0.949211657047, -0.880735993385, -0.935003042221, -0.907591700554, -0.89690977335, -0.883330345154],
        "stdev": [0.0930506885052, 0.0815165489912, 0.0607366524637, 0.0585013590753, 0.0538613274693, 0.0478891283274]
    },
    "spectral_contrast_valleys": {
        "max": [-6.14187097549, -4.56153964996, -6.17075538635, -6.76147413254, -7.36641454697, -9.16026592255],
        "mean": [-7.62699270248, -6.84744501114, -7.9064822197, -8.23983955383, -9.26958465576, -10.587931633],
        "min": [-9.18552970886, -8.70663928986, -9.69006347656, -10.5900201797, -10.5899562836, -12.1089992523],
        "stdev": [0.483003765345, 0.499951422215, 0.503133118153, 0.48232498765, 0.353807985783, 0.236129462719]
    }
},
"rhythm": {
    "beats_count": 92,
    "beats_loudness": {
        "max": 0.084949105978,
        "mean": 0.0185043495148,
        "min": 0.000871467927936,
        "stdev": 0.0204235389829
    },
    "bpm": 146.179702759,
    "bpm_histogram_first_peak_bpm": 148,
    "bpm_histogram_first_peak_weight": 0.360000014305,
    "bpm_histogram_second_peak_bpm": 112,
    "bpm_histogram_second_peak_spread": 0.608695626259,
    "bpm_histogram_second_peak_weight": 0.0989011004567,
    "danceability": 0.912553787231,
    "onset_rate": 1.1279296875,
    "beats_loudness_band_ratio": {
        "max": [0.314461916685, 0.952369630337, 0.874830901623, 0.627819418907, 0.658657371998, 0.47285631299],
        "mean": [0.0806321874261, 0.496796071529, 0.299982070923, 0.0900351926684, 0.0443095862865, 0.0292975977063],
        "min": [0.00232521560974, 0.0580618195236, 0.0226456522942, 0.0025676053483, 0.00145360617898, 0.000628682086244],
        "stdev": [0.076519459486, 0.242374911904, 0.191069751978, 0.112111695111, 0.0963216498494, 0.0842303261161]
    },
