{
"metadata": {
    "version": {
        "essentia": "2.1-beta5",
        "essentia_git_sha": "Undefined",
        "extractor": "music 2.0"
    },
    "audio_properties": {
        "analysis": {
            "equal_loudness": 0,
            "length": 48.7502937317,
            "sample_rate": 44100,
            "start_time": 29.0017242432,
            "downmix": "mix"
        },
        "bit_rate": 192000,
        "length": 245.783218384,
        "lossless": 0,
        "number_channels": 2,
        "replay_gain": -8.29402542114,
        "sample_rate": 44100,
        "codec": "mp3",
        "md5_encoded": "7b21167acc1917c2d6f57b940eac1d40"
    },
    "tags": {
        "file_name": "Denmark_Du Er Fuld Af Løgn_Lise Haavik and Trax.mp3",
        "encoding": ["Lavf58.29.100"]
    }
},
"lowlevel": {
    "average_loudness": 0.781620085239,
    "barkbands_crest": {
        "max": 26.5403842926,
        "mean": 10.3948040009,
        "min": 2.39717102051,
        "stdev": 5.43538236618
    },
    "barkbands_flatness_db": {
        "max": 0.406901717186,
        "mean": 0.160129666328,
        "min": 0.0213995575905,
        "stdev": 0.0903157144785
    },
    "barkbands_kurtosis": {
        "max": 390.052032471,
        "mean": 13.915930748,
        "min": -1.89696788788,
        "stdev": 27.0680809021
    },
    "barkbands_skewness": {
        "max": 18.5066452026,
        "mean": 2.12326025963,
        "min": -1.41651761532,
        "stdev": 2.26829624176
    },
    "barkbands_spread": {
        "max": 123.964698792,
        "mean": 20.2335624695,
        "min": 0.553127765656,
        "stdev": 22.9621124268
    },
    "dissonance": {
        "max": 0.500000119209,
        "mean": 0.436944097281,
        "min": 0.144148156047,
        "stdev": 0.0687642395496
    },
    "dynamic_complexity": 7.47024440765,
    "erbbands_crest": {
        "max": 28.9810237885,
        "mean": 10.7409830093,
        "min": 1.84830319881,
        "stdev": 5.43285703659
    },
    "erbbands_flatness_db": {
        "max": 0.397992759943,
        "mean": 0.185043469071,
        "min": 0.0326035507023,
        "stdev": 0.0749349594116
    },
    "erbbands_kurtosis": {
        "max": 58.9429740906,
        "mean": 2.92488288879,
        "min": -1.85050559044,
        "stdev": 5.60459947586
    },
    "erbbands_skewness": {
        "max": 6.65733957291,
        "mean": 0.847913920879,
        "min": -3.73719882965,
        "stdev": 1.23079252243
    },
    "erbbands_spread": {
        "max": 134.473205566,
        "mean": 30.61602211,
        "min": 2.17656445503,
        "stdev": 23.1449432373
    },
    "hfc": {
        "max": 84.8616027832,
        "mean": 7.9454240799,
        "min": 0.147324427962,
        "stdev": 10.0272626877
    },
    "loudness_ebu128": {
        "integrated": -17.6281738281,
        "loudness_range": 6.68665313721,
        "momentary": {
            "max": -12.5445785522,
            "mean": -21.5861606598,
            "min": -43.2940292358,
            "stdev": 7.43727207184
        },
        "short_term": {
            "max": -16.1616096497,
            "mean": -19.3814182281,
            "min": -35.0897216797,
            "stdev": 3.50401806831
        }
    },
    "melbands_crest": {
        "max": 32.672832489,
        "mean": 13.3080396652,
        "min": 2.84099793434,
        "stdev": 6.47886371613
    },
    "melbands_flatness_db": {
        "max": 0.498780339956,
        "mean": 0.230542436242,
        "min": 0.0502087846398,
        "stdev": 0.110110253096
    },
    "melbands_kurtosis": {
        "max": 371.922454834,
        "mean": 17.4835071564,
        "min": -1.78136622906,
        "stdev": 30.7728710175
    },
    "melbands_skewness": {
        "max": 15.3643932343,
        "mean": 2.45471572876,
        "min": -2.143460989,
        "stdev": 2.17562890053
    },
    "melbands_spread": {
        "max": 166.713302612,
        "mean": 20.2055301666,
        "min": 0.554313063622,
        "stdev": 19.8520069122
    },
    "pitch_salience": {
        "max": 0.887051224709,
        "mean": 0.616817593575,
        "min": 0.100750751793,
        "stdev": 0.154511615634
    },
    "silence_rate_20dB": {
        "max": 1,
        "mean": 1,
        "min": 1,
        "stdev": 0
    },
    "silence_rate_30dB": {
        "max": 1,
        "mean": 0.995716333389,
        "min": 0,
        "stdev": 0.0653079226613
    },
    "silence_rate_60dB": {
        "max": 1,
        "mean": 0.423607796431,
        "min": 0,
        "stdev": 0.494127392769
    },
    "spectral_centroid": {
        "max": 3771.97802734,
        "mean": 1122.22717285,
        "min": 213.693511963,
        "stdev": 742.004455566
    },
    "spectral_complexity": {
        "max": 39,
        "mean": 8.24131393433,
        "min": 0,
        "stdev": 8.15452957153
    },
    "spectral_decrease": {
        "max": -1.17978142446e-12,
        "mean": -3.8519534229e-09,
        "min": -3.77090358938e-08,
        "stdev": 5.76617020798e-09
    },
    "spectral_energy": {
        "max": 0.150019407272,
        "mean": 0.0152588197961,
        "min": 2.2098844056e-05,
        "stdev": 0.0225475281477
    },
    "spectral_energyband_high": {
        "max": 0.0012065480696,
        "mean": 8.14661107142e-05,
        "min": 2.93067864732e-06,
        "stdev": 0.000141338736285
    },
    "spectral_energyband_low": {
        "max": 0.0764187499881,
        "mean": 0.00100154615939,
        "min": 7.92894184087e-07,
        "stdev": 0.00324268615805
    },
    "spectral_energyband_middle_high": {
        "max": 0.0240148659796,
        "mean": 0.0017212992534,
        "min": 1.6533751932e-06,
        "stdev": 0.00280031934381
    },
    "spectral_energyband_middle_low": {
        "max": 0.140129759908,
        "mean": 0.0130904735997,
        "min": 2.63985452875e-06,
        "stdev": 0.0215313658118
    },
    "spectral_entropy": {
        "max": 8.68397331238,
        "mean": 7.17097520828,
        "min": 4.64438533783,
        "stdev": 0.830201387405
    },
    "spectral_flux": {
        "max": 0.367445468903,
        "mean": 0.0590651668608,
        "min": 0.00205765035935,
        "stdev": 0.0554419457912
    },
    "spectral_kurtosis": {
        "max": 86.5823516846,
        "mean": 10.4767961502,
        "min": -0.969015359879,
        "stdev": 10.4117898941
    },
    "spectral_rms": {
        "max": 0.0120979500934,
        "mean": 0.00293497275561,
        "min": 0.000146832724568,
        "stdev": 0.00250451290049
    },
    "spectral_rolloff": {
        "max": 15633.1054688,
        "mean": 2253.18945312,
        "min": 129.19921875,
        "stdev": 3422.94799805
    },
    "spectral_skewness": {
        "max": 7.48802709579,
        "mean": 2.31607890129,
        "min": 0.107636511326,
        "stdev": 1.07637786865
    },
    "spectral_spread": {
        "max": 11481358,
        "mean": 4288223,
        "min": 944293.9375,
        "stdev": 2159744.5
    },
    "spectral_strongpeak": {
        "max": 5.60511255264,
        "mean": 0.808192431927,
        "min": 0.00171088799834,
        "stdev": 0.861427724361
    },
    "zerocrossingrate": {
        "max": 0.47314453125,
        "mean": 0.0844489485025,
        "min": 0.0078125,
        "stdev": 0.0782516226172
    },
    "barkbands": {
        "max": [3.05108187604e-05, 0.0198795516044, 0.0523375421762, 0.035233952105, 0.128535851836, 0.105857461691, 0.128570944071, 0.0862006992102, 0.0462030768394, 0.0240652356297, 0.012804986909, 0.0128245707601, 0.00671612750739, 0.00748805049807, 0.00432737730443, 0.00567046971992, 0.0040661371313, 0.00167433032766, 0.00263519119471, 0.00116062886082, 0.000733729859348, 0.000470574334031, 0.000961094396189, 0.000319143000524, 7.2074282798e-05, 4.12892040913e-06, 1.27832263388e-05],
        "mean": [5.95933784098e-07, 0.000115056784125, 0.000296906509902, 0.00167708133813, 0.00392869347706, 0.00339414342307, 0.00205449387431, 0.00124060036615, 0.000678738462739, 0.000290321244393, 0.000176410190761, 0.000183462776477, 0.000192812687601, 0.000227610420552, 0.000206980024814, 0.00022664887365, 0.000147301267134, 7.96116655692e-05, 4.32702654507e-05, 3.23069871229e-05, 2.11265087273e-05, 1.3332331946e-05, 1.25730593936e-05, 5.72901626583e-06, 3.04285458697e-06, 3.19781815961e-06, 6.78622109263e-06],
        "min": [1.35933797552e-09, 1.15526084699e-07, 5.39824149826e-08, 6.70198119224e-08, 2.62373504256e-07, 1.1532542743e-07, 1.01264234331e-07, 7.78598803208e-08, 7.67962973214e-08, 6.66649526693e-08, 5.80415076001e-08, 6.64443433607e-08, 7.65441114936e-08, 8.17603620362e-08, 6.11598167666e-08, 7.0777709027e-08, 1.05164012609e-07, 1.01850055501e-07, 9.11469513198e-08, 1.20466282283e-07, 1.87049806755e-07, 2.52256199929e-07, 2.87807978339e-07, 1.70181408521e-07, 1.1437756342e-07, 7.74735227083e-08, 1.61010405009e-07],
        "stdev": [1.77938011348e-06, 0.00091203924967, 0.00164927972946, 0.00406978046522, 0.0114346817136, 0.0091803111136, 0.00689219124615, 0.00474709318951, 0.00252464041114, 0.00103999883868, 0.000607078836765, 0.000642206228804, 0.000503516057506, 0.000570003408939, 0.000460448412923, 0.00051672529662, 0.000311851646984, 0.000171704799868, 0.00012308510486, 7.97177563072e-05, 5.03684022988e-05, 3.79610573873e-05, 5.39499305887e-05, 2.11049973586e-05, 2.66380857283e-06, 2.77480125987e-07, 1.99656506084e-06]
    },
    "erbbands": {
        "max": [0.234067112207, 6.93209171295, 57.3488082886, 60.9526634216, 306.865509033, 651.741027832, 889.163818359, 1181.94543457, 2008.62536621, 1237.5144043, 1568.81665039, 962.512573242, 1202.71069336, 357.421173096, 608.964416504, 555.181274414, 317.903717041, 446.673339844, 264.875854492, 315.931762695, 269.029327393, 229.649871826, 119.285614014, 92.6976394653, 106.357368469, 40.8438415527, 46.4913978577, 16.1919002533, 18.5018901825, 22.2907772064, 23.3888683319, 13.01242733, 4.08841085434, 1.36461305618, 0.147098317742, 0.0186519194394, 0.0103186285123, 0.0208305902779, 0.000516607833561, 0.000177000983967],
        "mean": [0.00154457346071, 0.0358320400119, 0.293112069368, 2.96842455864, 10.7428693771, 13.1194524765, 16.8132972717, 31.1176567078, 30.3497409821, 29.1376991272, 24.5896644592, 15.3645896912, 12.4762296677, 7.40874910355, 7.8328332901, 7.72683000565, 8.97438049316, 10.8701238632, 11.3235464096, 11.4298238754, 12.289273262, 8.41526317596, 5.03864955902, 2.7750723362, 1.84132659435, 1.46835184097, 1.13604927063, 0.63286948204, 0.504309296608, 0.380901098251, 0.34913995862, 0.182987093925, 0.0754414647818, 0.035227842629, 0.021557174623, 0.0122444424778, 0.00716258166358, 0.0112830316648, 0.000284367561108, 2.24997911573e-05],
        "min": [3.90014201912e-06, 1.82844396477e-05, 8.61242297105e-05, 0.000327971589286, 0.000293063640129, 0.00086289900355, 0.000887706992216, 0.00114767986815, 0.00125125644263, 0.00153453589883, 0.00189290102571, 0.00198762188666, 0.00181029364467, 0.00295941997319, 0.0026721348986, 0.00330844824202, 0.00463760271668, 0.00401391321793, 0.00410641916096, 0.00362004013732, 0.00520814303309, 0.00661834608763, 0.00486032385379, 0.00548605574295, 0.00594466086477, 0.00644173007458, 0.00638605374843, 0.00716395769268, 0.00875699706376, 0.00618793675676, 0.00733262766153, 0.00650247232988, 0.00235326681286, 0.00124297803268, 0.000703845231328, 0.000366043241229, 0.00017574634694, 0.000219489171286, 1.17538147606e-05, 1.02258002244e-06],
        "stdev": [0.0106087746099, 0.280548334122, 1.75384795666, 6.79273700714, 28.2324695587, 46.8549385071, 57.7958374023, 93.7450332642, 102.717849731, 92.0205764771, 98.5859298706, 53.1052017212, 53.7431144714, 23.2447471619, 26.4501152039, 27.7076740265, 23.725643158, 27.1047019958, 25.5303668976, 25.0826320648, 27.0099906921, 17.2021484375, 10.3111543655, 7.06188440323, 5.08193349838, 3.55788803101, 2.6689081192, 1.50029814243, 1.4361692667, 1.24206066132, 1.52304327488, 0.829427301884, 0.213818326592, 0.0543342866004, 0.0072199893184, 0.00129570544232, 0.000792381470092, 0.00314569636248, 7.86693053669e-05, 2.52137724601e-05]
    },
    "gfcc": {
        "mean": [-104.84400177, 69.4345703125, -102.498809814, -10.6549119949, -53.0627861023, -17.7063655853, -52.9119110107, -1.92517542839, -25.4244060516, 0.327610641718, -26.2486801147, 1.18321633339, -17.8893146515],
        "cov": [[4564.13769531, 1665.63793945, -1475.49401855, 105.540092468, -126.693153381, -726.159118652, -163.700637817, -356.465240479, -14.5501947403, -328.825500488, -147.78994751, -137.356933594, 61.7051200867], [1665.63793945, 1568.44934082, 254.446792603, -295.903656006, -122.419250488, -622.57824707, -270.722900391, -87.5110702515, -65.4371948242, -170.5809021, -82.5327224731, -111.030220032, 9.10660457611], [-1475.49401855, 254.446792603, 1717.1817627, 294.0262146, -106.938751221, -124.244804382, -106.292556763, 49.4779624939, -107.788337708, -53.088180542, -60.8902435303, -63.4305152893, -57.4675559998], [105.540092468, -295.903656006, 294.0262146, 1066.41992188, 143.049545288, -28.0002784729, 93.478012085, -108.827377319, -90.1714019775, -87.0584106445, -147.552612305, -69.0426483154, -29.9714546204], [-126.693153381, -122.419250488, -106.938751221, 143.049545288, 267.13973999, 70.9407958984, 13.1002244949, 26.1088085175, 4.59903240204, 57.5194473267, -13.2628202438, 5.67618703842, -4.47896242142], [-726.159118652, -622.57824707, -124.244804382, -28.0002784729, 70.9407958984, 535.44342041, 248.114501953, 37.2978477478, 12.0149908066, 89.9898300171, 76.2437667847, 50.8159599304, -25.9923801422], [-163.700637817, -270.722900391, -106.292556763, 93.478012085, 13.1002244949, 248.114501953, 302.260192871, 49.6675109863, -70.8127441406, 15.380191803, 5.31232070923, -18.0600299835, -32.5506210327], [-356.465240479, -87.5110702515, 49.4779624939, -108.827377319, 26.1088085175, 37.2978477478, 49.6675109863, 159.043014526, 35.3638381958, 20.1181697845, 10.1937417984, 8.92569923401, -10.633887291], [-14.5501947403, -65.4371948242, -107.788337708, -90.1714019775, 4.59903240204, 12.0149908066, -70.8127441406, 35.3638381958, 140.479370117, 58.0264053345, 15.8421573639, 26.3194446564, 12.3552684784], [-328.825500488, -170.5809021, -53.088180542, -87.0584106445, 57.5194473267, 89.9898300171, 15.380191803, 20.1181697845, 58.0264053345, 147.348861694, 58.6674308777, 15.6871395111, -2.58008670807], [-147.78994751, -82.5327224731, -60.8902435303, -147.552612305, -13.2628202438, 76.2437667847, 5.31232070923, 10.1937417984, 15.8421573639, 58.6674308777, 120.186981201, 67.0797576904, -2.16916704178], [-137.356933594, -111.030220032, -63.4305152893, -69.0426483154, 5.67618703842, 50.8159599304, -18.0600299835, 8.92569923401, 26.3194446564, 15.6871395111, 67.0797576904, 105.994194031, 32.5045967102], [61.7051200867, 9.10660457611, -57.4675559998, -29.9714546204, -4.47896242142, -25.9923801422, -32.5506210327, -10.633887291, 12.3552684784, -2.58008670807, -2.16916704178, 32.5045967102, 59.6061439514]],
        "icov": [[0.0174421612173, -0.0222927499563, 0.0192116480321, -0.013260726817, 0.00634917896241, 0.00159609131515, -0.00880617741495, 0.0147585719824, -0.0189868118614, 0.0199081953615, -0.0153374979272, 0.0115296700969, -0.00584709225222], [-0.0222927499563, 0.0308543685824, -0.0253625400364, 0.0187036022544, -0.0102131068707, 0.00129436072893, 0.00881256256253, -0.0157685633749, 0.0220384355634, -0.0220026150346, 0.0177900232375, -0.0124349296093, 0.00702015403658], [0.0192116480321, -0.0253625400364, 0.0224855206907, -0.0158196464181, 0.00899739190936, -3.55966149073e-05, -0.00687958532944, 0.0134529639035, -0.0179075859487, 0.0195108577609, -0.0154152316973, 0.0116662178189, -0.00535171711817], [-0.013260726817, 0.0187036022544, -0.0158196464181, 0.0133233908564, -0.008146321401, 0.00208089710213, 0.00263977469876, -0.00640264200047, 0.0112418178469, -0.0114146266133, 0.0116992192343, -0.00794529635459, 0.0048462273553], [0.00634917896241, -0.0102131068707, 0.00899739190936, -0.008146321401, 0.0114624258131, -0.00441766949371, 0.0034915113356, -0.00159232364967, 0.000259549822658, -0.00124769308604, 7.8927305367e-06, -5.90001945966e-05, 4.81852803205e-05], [0.00159609131515, 0.00129436072893, -3.55966149073e-05, 0.00208089710213, -0.00441766949371, 0.00979126617312, -0.0100404564291, 0.00848317146301, -0.00858357641846, 0.00712836720049, -0.00525467703119, 0.00235687848181, -0.000258666521404], [-0.00880617741495, 0.00881256256253, -0.00687958532944, 0.00263977469876, 0.0034915113356, -0.0100404564291, 0.0202714987099, -0.0181632339954, 0.022075612098, -0.0179962273687, 0.0123718064278, -0.00721245771274, 0.0052068172954], [0.0147585719824, -0.0157685633749, 0.0134529639035, -0.00640264200047, -0.00159232364967, 0.00848317146301, -0.0181632339954, 0.0290017426014, -0.026924520731, 0.0247818287462, -0.0159609615803, 0.0114551093429, -0.00445747887716], [-0.0189868118614, 0.0220384355634, -0.0179075859487, 0.0112418178469, 0.000259549822658, -0.00858357641846, 0.022075612098, -0.026924520731, 0.0416302233934, -0.0344735123217, 0.0253781508654, -0.0189422518015, 0.00933622941375], [0.0199081953615, -0.0220026150346, 0.0195108577609, -0.0114146266133, -0.00124769308604, 0.00712836720049, -0.0179962273687, 0.0247818287462, -0.0344735123217, 0.0438717491925, -0.0310851074755, 0.0237938966602, -0.0116300731897], [-0.0153374979272, 0.0177900232375, -0.0154152316973, 0.0116992192343, 7.8927305367e-06, -0.00525467703119, 0.0123718064278, -0.0159609615803, 0.0253781508654, -0.0310851074755, 0.0411431267858, -0.0298094153404, 0.0169451031834], [0.0115296700969, -0.0124349296093, 0.0116662178189, -0.00794529635459, -5.90001945966e-05, 0.00235687848181, -0.00721245771274, 0.0114551093429, -0.0189422518015, 0.0237938966602, -0.0298094153404, 0.0358041673899, -0.0193083863705], [-0.00584709225222, 0.00702015403658, -0.00535171711817, 0.0048462273553, 4.81852803205e-05, -0.000258666521404, 0.0052068172954, -0.00445747887716, 0.00933622941375, -0.0116300731897, 0.0169451031834, -0.0193083863705, 0.0296806860715]]
    },
    "melbands": {
        "max": [0.00347010931, 0.0216269735247, 0.0162993315607, 0.0256387423724, 0.0332966297865, 0.0234271921217, 0.0297571197152, 0.0170685816556, 0.0119342170656, 0.00572503870353, 0.00581647083163, 0.00143721397035, 0.001853452879, 0.00128982157912, 0.00208077207208, 0.000858394429088, 0.000925663218368, 0.00059009809047, 0.000353718060069, 0.00042167265201, 0.000311332783895, 0.000319199549267, 0.000295286037726, 0.000109055734356, 9.05887063709e-05, 0.000137397611979, 5.6578690419e-05, 2.8130296414e-05, 4.49981052952e-05, 1.64367120306e-05, 1.0954073332e-05, 1.22146784634e-05, 1.00149327409e-05, 1.64961584233e-05, 1.83396186912e-05, 3.15819052048e-05, 6.57248028801e-06, 3.67515372091e-06, 1.33752769216e-06, 1.01395005458e-06],
        "mean": [2.27700729738e-05, 0.000136663889862, 0.000759224640206, 0.000900379440282, 0.000575425860006, 0.000686492072418, 0.000457173475297, 0.000306176225422, 0.000186464123544, 9.2706803116e-05, 6.06937901466e-05, 2.95525805996e-05, 2.53229809459e-05, 2.2045976948e-05, 1.86813231267e-05, 2.00494250748e-05, 2.020800639e-05, 1.84882701433e-05, 1.57099057105e-05, 1.49516345118e-05, 1.40285656016e-05, 8.87629903445e-06, 6.41167571303e-06, 3.21021411764e-06, 2.16220792026e-06, 1.50627579387e-06, 1.18202285648e-06, 9.11208303478e-07, 7.90277510987e-07, 4.80017092741e-07, 3.26710960508e-07, 2.93764429671e-07, 2.34514430986e-07, 2.0474472251e-07, 2.04742434562e-07, 1.77712749405e-07, 8.87296707219e-08, 5.60881900924e-08, 3.90655330307e-08, 2.63920689747e-08],
        "min": [4.5396721049e-08, 6.23691676083e-08, 6.40645438921e-08, 5.04221127073e-08, 4.25720152464e-08, 2.50740264107e-08, 1.9554633468e-08, 1.92073486005e-08, 1.61188893344e-08, 9.68396207668e-09, 7.12004011305e-09, 9.28406773681e-09, 7.95808308141e-09, 3.86347354109e-09, 1.03247472794e-08, 7.35192351442e-09, 7.29653670817e-09, 7.14538739288e-09, 4.94026863862e-09, 5.33379385104e-09, 6.11416473006e-09, 5.99275784552e-09, 3.50875173361e-09, 4.66987115644e-09, 3.86956910958e-09, 3.60937080224e-09, 2.95331759048e-09, 3.39571948338e-09, 2.75025180407e-09, 4.04985911473e-09, 3.02712099831e-09, 3.47210282747e-09, 4.57813209565e-09, 2.0288832836e-09, 2.80234480066e-09, 5.30380495078e-09, 2.60487698078e-09, 1.99933114509e-09, 8.15310707836e-10, 1.12599962687e-09],
        "stdev": [0.000171969877556, 0.000704799313098, 0.00168998725712, 0.00259213382378, 0.00193325674627, 0.0019542183727, 0.00150885677431, 0.000988194951788, 0.000765201053582, 0.000337897974532, 0.000263502704911, 9.68772001215e-05, 8.6373234808e-05, 7.32926928322e-05, 6.72601745464e-05, 5.41868248547e-05, 5.22363006894e-05, 4.51666273875e-05, 3.47440654878e-05, 3.57984426955e-05, 3.16131336149e-05, 1.99959267775e-05, 1.57351460075e-05, 7.8673592725e-06, 6.02569843977e-06, 4.86875933348e-06, 3.45010175806e-06, 2.18192212742e-06, 1.99896976483e-06, 1.12265024654e-06, 8.40382256229e-07, 8.57580573665e-07, 7.05591901351e-07, 7.73376427787e-07, 9.13967028282e-07, 1.19197932236e-06, 3.82998649684e-07, 1.86240470157e-07, 6.49942037967e-08, 3.93624723927e-08]
    },
    "melbands128": {
        "max": [2.65329344984e-05, 0.00076481414726, 0.00512821413577, 0.0135558396578, 0.0315916910768, 0.0215546377003, 0.0145413028076, 0.0233262516558, 0.0393228717148, 0.0444227829576, 0.0485665053129, 0.0608019903302, 0.0434202626348, 0.0454639792442, 0.043606467545, 0.0348566696048, 0.0380371175706, 0.0529008880258, 0.0304734706879, 0.0213790126145, 0.0315835736692, 0.0198113713413, 0.0201354231685, 0.00816436763853, 0.00883455015719, 0.00897548906505, 0.015649067238, 0.00908086914569, 0.00366353103891, 0.00218277494423, 0.00190084916539, 0.00209347717464, 0.00233118212782, 0.00349458586425, 0.00107655639295, 0.00253587914631, 0.00215069809929, 0.00372550659813, 0.00122013501823, 0.0010564213153, 0.00142836768646, 0.00194789597299, 0.00191154936329, 0.000955801922828, 0.00164708809461, 0.000698173884302, 0.000866123184096, 0.000770330079831, 0.000492873776238, 0.000860261614434, 0.000554215162992, 0.000944794155657, 0.000781926442869, 0.000513655890245, 0.000312957039569, 0.000626877590548, 0.000349275884219, 0.000612346164417, 0.000230217352509, 9.73152637016e-05, 0.00016013259301, 0.000289497867925, 0.000187461831956, 0.000159156115842, 0.000214968400542, 0.000216569023905, 8.33396916278e-05, 0.000113068213977, 5.60994776606e-05, 5.3179301176e-05, 3.64701518265e-05, 2.33087375818e-05, 4.97851397085e-05, 8.52572848089e-05, 2.59935713984e-05, 1.72908530658e-05, 1.32298382596e-05, 1.42553726619e-05, 1.53517157742e-05, 1.60578038049e-05, 1.30870057546e-05, 1.5528723452e-05, 1.38215136758e-05, 1.08032591015e-05, 1.55940215336e-05, 1.55054640345e-05, 2.65889848379e-05, 2.28402805078e-05, 2.95259360428e-05, 2.38249795075e-05, 6.19077982265e-05, 2.99547737086e-05, 1.59926421475e-05, 8.26528776088e-06, 5.07650202053e-06, 5.51682933292e-06, 3.51458834302e-06, 2.69867837233e-06, 1.4441922076e-06, 1.84015959803e-06, 1.91284220818e-06, 7.27303927306e-07, 6.54066241168e-07, 3.1685385693e-07, 1.67550808783e-07, 5.56791519557e-08, 6.38838812961e-08, 4.18837196037e-08, 3.09090424366e-08, 2.68634412492e-08, 5.40820650485e-08, 3.05531635547e-08, 2.44146800554e-08, 4.25386019742e-08, 2.08680148717e-08, 2.07989970136e-07, 4.29795733226e-07, 6.98571867019e-10, 2.60863219914e-10, 2.12355313889e-10, 1.89233365089e-10, 1.7259751961e-10, 1.62164254247e-10, 1.53714430073e-10, 1.48090428809e-10, 1.43668119068e-10, 1.41189060443e-10, 1.39381367559e-10],
        "mean": [4.76464151689e-07, 5.26834082848e-06, 2.79428313661e-05, 6.34392708889e-05, 9.33993505896e-05, 0.000167812308064, 0.000485446100356, 0.000982732977718, 0.00113283307292, 0.0010068701813, 0.000698872609064, 0.000467553298222, 0.000530189659912, 0.000695956929121, 0.000780062924605, 0.000642554252408, 0.000515746884048, 0.000427008140832, 0.00038600328844, 0.000326384411892, 0.000273204525001, 0.000212473983993, 0.000207927223528, 0.000113263064122, 8.95131815923e-05, 8.29559066915e-05, 9.38521916396e-05, 5.49463511561e-05, 3.93529007852e-05, 3.39918660757e-05, 2.49939821515e-05, 2.23536026169e-05, 2.74940030067e-05, 2.63294459728e-05, 2.10445195989e-05, 2.30155746976e-05, 1.93429168576e-05, 1.73539428943e-05, 1.87151199498e-05, 2.11155893339e-05, 1.91821600311e-05, 2.02813680517e-05, 2.06811619137e-05, 1.89413385669e-05, 2.20518832066e-05, 1.76564353751e-05, 1.62122996699e-05, 1.4978904801e-05, 1.60065064847e-05, 1.568271e-05, 1.35482296173e-05, 1.55255365826e-05, 1.75878340087e-05, 1.1616939446e-05, 9.79942251433e-06, 9.20597540244e-06, 7.47330750528e-06, 7.52409414417e-06, 6.16304487266e-06, 3.89697243008e-06, 3.09863344228e-06, 2.76623609352e-06, 1.91849244402e-06, 2.07537163988e-06, 2.35726361097e-06, 1.39244662023e-06, 1.08769484086e-06, 1.26172756154e-06, 1.21881112136e-06, 1.03752495306e-06, 9.10301992008e-07, 8.43425880248e-07, 8.62679428337e-07, 8.60033424033e-07, 6.07133074482e-07, 5.05746982071e-07, 4.21077032797e-07, 3.28406571271e-07, 3.3042900327e-07, 3.08597748244e-07, 2.86084230083e-07, 3.06487208945e-07, 2.5912575552e-07, 2.38705467837e-07, 1.97588278184e-07, 1.98125064799e-07, 2.14490128769e-07, 2.04056576081e-07, 2.13168164009e-07, 1.84557194416e-07, 2.30282878988e-07, 1.67002482954e-07, 1.04787559962e-07, 8.03240141067e-08, 9.40946449646e-08, 6.02806338179e-08, 5.40233351387e-08, 3.68328905154e-08, 3.82320450854e-08, 4.60825937409e-08, 2.13749409284e-08, 2.29328076529e-08, 2.42511557502e-08, 4.05325479846e-08, 1.50604204663e-08, 1.81804935551e-08, 3.34609744357e-08, 2.42446063226e-08, 1.57046073923e-08, 1.69526295224e-08, 3.19279536143e-08, 1.26213430818e-08, 1.38531843774e-08, 2.63601656059e-08, 9.38902022796e-09, 1.06157003188e-07, 2.32828540447e-07, 2.43878875428e-11, 2.39097782372e-12, 2.19382411543e-12, 2.09464845642e-12, 2.0295514401e-12, 1.97034077422e-12, 1.92509853544e-12, 1.89648058542e-12, 1.87235795444e-12, 1.85790835841e-12, 1.84584899449e-12],
        "min": [1.48194546912e-11, 3.16227533048e-09, 1.03434540932e-08, 1.32558408694e-08, 4.66853045111e-09, 2.59131329727e-08, 1.91769711222e-08, 1.59641970754e-08, 1.64540310266e-08, 1.91836182495e-08, 1.71229448398e-08, 5.30295451995e-09, 1.12342721792e-08, 2.16015187959e-08, 2.1984966736e-08, 5.3975846015e-09, 4.95870233763e-09, 7.04887170855e-09, 7.94585819364e-09, 1.04247206423e-08, 1.2177085118e-08, 5.16829246067e-09, 4.39264091767e-09, 3.71113628717e-09, 3.43583539397e-09, 1.68110614318e-09, 5.84576564933e-09, 5.22892973365e-09, 4.27349489129e-09, 3.02238745142e-09, 3.80684683776e-09, 2.78377787488e-09, 4.09084233155e-09, 4.05912548018e-09, 3.37780692306e-09, 1.48734757843e-09, 3.49262574417e-09, 4.24299573254e-09, 5.00158181538e-09, 1.04261010936e-09, 2.8862741086e-09, 4.78464556863e-09, 2.71835576271e-09, 1.65508484695e-09, 3.43460260233e-09, 3.86342913217e-09, 3.07893688323e-09, 2.28004237712e-09, 2.68781907842e-09, 2.13082218536e-09, 2.52983411997e-09, 2.4644797314e-09, 1.37778566334e-09, 2.14128181852e-09, 2.64800181782e-09, 2.90689916582e-09, 1.97708072136e-09, 1.92172389113e-09, 1.99098315612e-09, 1.60570823304e-09, 2.14679407584e-09, 1.80817449902e-09, 2.51236320636e-09, 2.03130801069e-09, 1.36368882853e-09, 1.2569946195e-09, 1.94838745138e-09, 1.14834897147e-09, 9.97364302258e-10, 1.36399724848e-09, 1.68437608306e-09, 2.25995266945e-09, 1.62171076568e-09, 1.26790666855e-09, 1.10346476401e-09, 2.62092036962e-09, 2.38012010101e-09, 1.3435281776e-09, 1.44935574653e-09, 2.40242936655e-09, 1.33788968792e-09, 1.16468923395e-09, 4.33401847744e-09, 4.7863757402e-09, 1.35469346851e-09, 1.06555997359e-09, 3.09068171056e-09, 1.21353949112e-09, 2.00991756572e-09, 1.69617797585e-09, 1.59590918258e-09, 2.22826046503e-09, 2.87729462478e-09, 1.6476220388e-09, 3.28446203568e-09, 1.61549129629e-09, 2.47551246169e-09, 8.36822278139e-10, 4.41695208186e-10, 1.15824450031e-09, 9.52689371836e-10, 1.04139652457e-09, 1.52208134985e-09, 7.11994796454e-10, 6.64806876216e-10, 4.00879857088e-10, 1.47846901388e-09, 5.25215593239e-10, 5.79952696977e-10, 4.03322292231e-10, 8.68431104806e-10, 2.81580980754e-10, 5.12625109028e-10, 4.89729368169e-10, 3.73197445169e-10, 1.70673253308e-09, 4.35724789583e-09, 2.7419193218e-12, 7.32884009014e-14, 5.07096568783e-14, 4.93755156119e-14, 4.5272992847e-14, 4.83711005549e-14, 4.25816371367e-14, 5.01116007956e-14, 4.72717229401e-14, 4.51775085169e-14, 4.75566851524e-14],
        "stdev": [1.61317939273e-06, 3.64322258974e-05, 0.000222925082198, 0.000539348984603, 0.000951913534664, 0.000758091977332, 0.001305218786, 0.00252538733184, 0.00345294876024, 0.00371680385433, 0.00307833915576, 0.00283233774826, 0.0024695508182, 0.00235981680453, 0.00283187604509, 0.00251931138337, 0.00211320351809, 0.00212362129241, 0.00167055043858, 0.00126386724878, 0.0012911449885, 0.000996877672151, 0.00121471076272, 0.000539548578672, 0.000414541253122, 0.000404235208407, 0.000619995815214, 0.00029433297459, 0.00016965350369, 0.000146823542309, 0.000109777567559, 8.30192584544e-05, 0.00012135583529, 0.000125754333567, 6.90680390107e-05, 0.000103219805169, 9.38188532018e-05, 9.45304491324e-05, 5.88678230997e-05, 7.11773900548e-05, 6.740821118e-05, 7.30528408894e-05, 7.3798604717e-05, 5.36141924385e-05, 8.46481707413e-05, 4.86612916575e-05, 4.72830033686e-05, 3.97382427764e-05, 4.23594246968e-05, 4.78191650473e-05, 3.89547967643e-05, 5.27145566593e-05, 5.31836922164e-05, 2.96262041957e-05, 2.36235555349e-05, 2.98351824313e-05, 1.72773743543e-05, 2.71788849204e-05, 1.7273312551e-05, 9.50873254624e-06, 9.074558875e-06, 1.26631739477e-05, 6.56448992231e-06, 8.24849030323e-06, 8.59993451741e-06, 6.18135663899e-06, 3.6771248233e-06, 4.61779472971e-06, 3.83852193409e-06, 3.21693619298e-06, 2.62141929852e-06, 1.92517882169e-06, 2.28190242524e-06, 2.98394274978e-06, 1.66308120697e-06, 1.26193162941e-06, 1.10973167011e-06, 9.31373676849e-07, 1.01353316495e-06, 8.47676915328e-07, 9.00026293493e-07, 1.01014586562e-06, 8.01948033313e-07, 7.4388236726e-07, 7.12759117505e-07, 8.12751750345e-07, 9.69298980635e-07, 1.06284142021e-06, 1.13958287784e-06, 8.74827094322e-07, 2.09257495953e-06, 1.17626200336e-06, 6.67620668082e-07, 4.28526675478e-07, 3.03402401869e-07, 2.79000687442e-07, 1.7163337418e-07, 9.99180258532e-08, 6.32826555602e-08, 6.33445011999e-08, 6.03570669e-08, 3.8702367533e-08, 2.48173925854e-08, 1.36030608999e-08, 6.10835959591e-09, 4.81266537733e-09, 5.99847282956e-09, 4.23635126978e-09, 3.97477695202e-09, 2.82591328116e-09, 5.5166924362e-09, 2.94993496297e-09, 2.4231028295e-09, 4.96764762659e-09, 2.26869945052e-09, 3.06964906827e-08, 6.71679529773e-08, 2.60043375722e-11, 9.71072701417e-12, 7.76981690792e-12, 6.99707089144e-12, 6.5045876671e-12, 6.1884707428e-12, 5.94081728256e-12, 5.77198488658e-12, 5.63782354135e-12, 5.55971197899e-12, 5.50484050704e-12]
    },
    "mfcc": {
        "mean": [-765.157836914, 131.532913208, -7.24854898453, 6.87460231781, 3.00595617294, -14.0315151215, -19.6923809052, -12.6415367126, -6.10459136963, -7.27946329117, -9.00168418884, -4.34526062012, -6.37268543243],
        "cov": [[5843.60644531, 939.54486084, -1631.74145508, 388.011352539, -395.11807251, -136.848480225, -428.594360352, -122.374855042, -133.770645142, -199.864273071, -334.845153809, -94.2321395874, -178.624603271], [939.54486084, 1768.39477539, 174.383041382, -150.598388672, -39.7526321411, -556.179870605, -292.713104248, -237.860565186, -89.7452774048, -184.397338867, -117.307106018, 14.9332990646, -79.3742218018], [-1631.74145508, 174.383041382, 1439.41296387, 385.312011719, 105.732162476, -71.1647109985, 33.8575897217, -5.33597230911, -34.169418335, -37.7805023193, -60.5575485229, -29.9748020172, -32.5068473816], [388.011352539, -150.598388672, 385.312011719, 1001.15344238, 163.573867798, 30.094203949, -11.1050052643, -37.4816131592, 26.2501125336, -67.5354156494, -151.540817261, -83.5999450684, -63.5873451233], [-395.11807251, -39.7526321411, 105.732162476, 163.573867798, 279.505981445, 15.5069694519, -68.1589813232, -26.7982082367, 21.4430809021, -13.2203178406, 6.20313692093, 8.50983428955, 10.6946344376], [-136.848480225, -556.179870605, -71.1647109985, 30.094203949, 15.5069694519, 400.094543457, 198.711502075, 76.8770751953, 21.2845077515, 83.3494567871, 56.4760894775, -15.5933885574, 32.6208877563], [-428.594360352, -292.713104248, 33.8575897217, -11.1050052643, -68.1589813232, 198.711502075, 346.148681641, 123.671226501, 22.6216545105, 75.8180465698, 63.0646858215, -10.223531723, 20.41106987], [-122.374855042, -237.860565186, -5.33597230911, -37.4816131592, -26.7982082367, 76.8770751953, 123.671226501, 180.542999268, 36.1956672668, 19.4019985199, 32.9537963867, 2.08253240585, -1.78099751472], [-133.770645142, -89.7452774048, -34.169418335, 26.2501125336, 21.4430809021, 21.2845077515, 22.6216545105, 36.1956672668, 121.929153442, 50.9615402222, 1.62080764771, 8.50253105164, -1.9446901083], [-199.864273071, -184.397338867, -37.7805023193, -67.5354156494, -13.2203178406, 83.3494567871, 75.8180465698, 19.4019985199, 50.9615402222, 136.370544434, 57.5999679565, -0.450789928436, 17.5968055725], [-334.845153809, -117.307106018, -60.5575485229, -151.540817261, 6.20313692093, 56.4760894775, 63.0646858215, 32.9537963867, 1.62080764771, 57.5999679565, 144.274047852, 46.0618858337, 25.4736537933], [-94.2321395874, 14.9332990646, -29.9748020172, -83.5999450684, 8.50983428955, -15.5933885574, -10.223531723, 2.08253240585, 8.50253105164, -0.450789928436, 46.0618858337, 82.4601898193, 25.6965579987], [-178.624603271, -79.3742218018, -32.5068473816, -63.5873451233, 10.6946344376, 32.6208877563, 20.41106987, -1.78099751472, -1.9446901083, 17.5968055725, 25.4736537933, 25.6965579987, 85.6097869873]],
        "icov": [[0.00211163074709, -0.0022925271187, 0.00303370668553, -0.00275321141817, 0.00340366666205, -0.00330606731586, 0.00384079036303, -0.00377028761432, 0.00368066527881, -0.00265885307454, 0.00309714162722, -0.00185461482033, 0.00149295583833], [-0.0022925271187, 0.00383037375286, -0.00342033896595, 0.00341417943127, -0.00376301677898, 0.00508071482182, -0.00470845075324, 0.00554064754397, -0.00410272506997, 0.0038544726558, -0.00306087196805, 0.00192555901594, -0.000775486056227], [0.00303370668553, -0.00342033896595, 0.00520529551432, -0.00428451644257, 0.00458019599319, -0.00453678471968, 0.00521936826408, -0.00565594015643, 0.00579311698675, -0.00415247725323, 0.00463235098869, -0.00279722455889, 0.00219357176684], [-0.00275321141817, 0.00341417943127, -0.00428451644257, 0.00534620927647, -0.00534388516098, 0.00445763021708, -0.00558776734397, 0.00580891827121, -0.00539647042751, 0.00435695005581, -0.00267296237871, 0.00302000320517, -0.00094215554418], [0.00340366666205, -0.00376301677898, 0.00458019599319, -0.00534388516098, 0.0104179177433, -0.00620872434229, 0.00785409007221, -0.00586486840621, 0.00450023869053, -0.003322502831, 0.00301178218797, -0.00284630456008, 0.00119583378546], [-0.00330606731586, 0.00508071482182, -0.00453678471968, 0.00445763021708, -0.00620872434229, 0.0109555348754, -0.00857668742537, 0.00698886858299, -0.00521590188146, 0.00374918128364, -0.00481303781271, 0.00362457055598, -0.00235274271108], [0.00384079036303, -0.00470845075324, 0.00521936826408, -0.00558776734397, 0.00785409007221, -0.00857668742537, 0.0131327649578, -0.0101810786873, 0.00693932874128, -0.00640596309677, 0.00404405361041, -0.00253629079089, 0.00145610340405], [-0.00377028761432, 0.00554064754397, -0.00565594015643, 0.00580891827121, -0.00586486840621, 0.00698886858299, -0.0101810786873, 0.0166809335351, -0.00980417430401, 0.00830370932817, -0.00662911962718, 0.00377603806555, -0.00080899434397], [0.00368066527881, -0.00410272506997, 0.00579311698675, -0.00539647042751, 0.00450023869053, -0.00521590188146, 0.00693932874128, -0.00980417430401, 0.0189506132156, -0.0114261349663, 0.00891380570829, -0.00695375818759, 0.00384805467911], [-0.00265885307454, 0.0038544726558, -0.00415247725323, 0.00435695005581, -0.003322502831, 0.00374918128364, -0.00640596309677, 0.00830370932817, -0.0114261349663, 0.0179920885712, -0.00927721895278, 0.00654753018171, -0.00279060401954], [0.00309714162722, -0.00306087196805, 0.00463235098869, -0.00267296237871, 0.00301178218797, -0.00481303781271, 0.00404405361041, -0.00662911962718, 0.00891380570829, -0.00927721895278, 0.0184053238481, -0.00976972840726, 0.00331872352399], [-0.00185461482033, 0.00192555901594, -0.00279722455889, 0.00302000320517, -0.00284630456008, 0.00362457055598, -0.00253629079089, 0.00377603806555, -0.00695375818759, 0.00654753018171, -0.00976972840726, 0.0203364547342, -0.00594654912129], [0.00149295583833, -0.000775486056227, 0.00219357176684, -0.00094215554418, 0.00119583378546, -0.00235274271108, 0.00145610340405, -0.00080899434397, 0.00384805467911, -0.00279060401954, 0.00331872352399, -0.00594654912129, 0.0160516090691]]
    },
    "spectral_contrast_coeffs": {
        "max": [-0.254156798124, -0.340304017067, -0.472620725632, -0.566925525665, -0.588132321835, -0.615675985813],
        "mean": [-0.640881717205, -0.751754760742, -0.801791965961, -0.817464053631, -0.807564973831, -0.803962945938],
        "min": [-0.933266162872, -0.950183272362, -0.940735161304, -0.920570492744, -0.912140190601, -0.877302646637],
        "stdev": [0.142472088337, 0.123041525483, 0.0761633515358, 0.0645248889923, 0.0570767708123, 0.0489578135312]
    },
    "spectral_contrast_valleys": {
        "max": [-5.30940246582, -4.47628736496, -5.192943573, -5.81728506088, -6.42622232437, -9.41178512573],
        "mean": [-8.39182472229, -7.4189581871, -8.3434047699, -8.37872695923, -8.78765392303, -11.4243736267],
        "min": [-10.4513053894, -10.4492797852, -10.9879751205, -10.9464416504, -10.505730629, -11.9969072342],
        "stdev": [0.86707419157, 0.873642683029, 0.978836119175, 1.02620232105, 0.925379693508, 0.450791031122]
    }
},
"rhythm": {
    "beats_count": 100,
    "beats_loudness": {
        "max": 0.118767641485,
        "mean": 0.0233356337994,
        "min": 2.52083264058e-05,
        "stdev": 0.0238689035177
    },
    "bpm": 122.521751404,
    "bpm_histogram_first_peak_bpm": 123,
    "bpm_histogram_first_peak_weight": 0.476190507412,
    "bpm_histogram_second_peak_bpm": 140,
    "bpm_histogram_second_peak_spread": 0.3125,
    "bpm_histogram_second_peak_weight": 0.111111111939,
    "danceability": 1.13833248615,
    "onset_rate": 2.8095703125,
    "beats_loudness_band_ratio": {
        "max": [0.857751727104, 0.936105370522, 0.830756902695, 0.484688848257, 0.581360459328, 0.679228782654],
        "mean": [0.190626531839, 0.337348848581, 0.276881188154, 0.0989413335919, 0.116039894521, 0.056334529072],
        "min": [0.000293074263027, 0.00934632122517, 0.00981020368636, 0.000361160957254, 0.000367689091945, 0.000139825642691],
        "stdev": [0.214729055762, 0.280908823013, 0.229333147407, 0.122684702277, 0.154342412949, 0.122529834509]
    },
