{
"metadata": {
    "version": {
        "essentia": "2.1-beta5",
        "essentia_git_sha": "Undefined",
        "extractor": "music 2.0"
    },
    "audio_properties": {
        "analysis": {
            "equal_loudness": 0,
            "length": 48.7502937317,
            "sample_rate": 44100,
            "start_time": 175.252609253,
            "downmix": "mix"
        },
        "bit_rate": 192000,
        "length": 245.783218384,
        "lossless": 0,
        "number_channels": 2,
        "replay_gain": -6.66948890686,
        "sample_rate": 44100,
        "codec": "mp3",
        "md5_encoded": "7b21167acc1917c2d6f57b940eac1d40"
    },
    "tags": {
        "file_name": "Denmark_Du Er Fuld Af Løgn_Lise Haavik and Trax.mp3",
        "encoding": ["Lavf58.29.100"]
    }
},
"lowlevel": {
    "average_loudness": 0.97101610899,
    "barkbands_crest": {
        "max": 23.328660965,
        "mean": 8.8161907196,
        "min": 2.96476531029,
        "stdev": 3.50371479988
    },
    "barkbands_flatness_db": {
        "max": 0.23246884346,
        "mean": 0.129356622696,
        "min": 0.0444412231445,
        "stdev": 0.0282090194523
    },
    "barkbands_kurtosis": {
        "max": 42.3580551147,
        "mean": 1.40347790718,
        "min": -1.82800269127,
        "stdev": 3.87635660172
    },
    "barkbands_skewness": {
        "max": 5.87138652802,
        "mean": 0.902652561665,
        "min": -2.01552343369,
        "stdev": 1.04208159447
    },
    "barkbands_spread": {
        "max": 53.8767318726,
        "mean": 20.1236000061,
        "min": 3.2766187191,
        "stdev": 7.19267606735
    },
    "dissonance": {
        "max": 0.500000119209,
        "mean": 0.470471948385,
        "min": 0.256366312504,
        "stdev": 0.0202763304114
    },
    "dynamic_complexity": 1.72838377953,
    "erbbands_crest": {
        "max": 29.1497325897,
        "mean": 9.62874126434,
        "min": 3.07479333878,
        "stdev": 4.45389986038
    },
    "erbbands_flatness_db": {
        "max": 0.319404304028,
        "mean": 0.183409497142,
        "min": 0.0957686379552,
        "stdev": 0.0365679450333
    },
    "erbbands_kurtosis": {
        "max": 18.9319934845,
        "mean": 0.0606102384627,
        "min": -1.80608439445,
        "stdev": 1.73073875904
    },
    "erbbands_skewness": {
        "max": 3.55227136612,
        "mean": -0.122941218317,
        "min": -3.78636980057,
        "stdev": 0.637060105801
    },
    "erbbands_spread": {
        "max": 129.853118896,
        "mean": 31.8985900879,
        "min": 4.80649852753,
        "stdev": 14.5133285522
    },
    "hfc": {
        "max": 95.1456680298,
        "mean": 22.9094142914,
        "min": 2.01488804817,
        "stdev": 14.1323814392
    },
    "loudness_ebu128": {
        "integrated": -17.1773281097,
        "loudness_range": 2.51992225647,
        "momentary": {
            "max": -14.4500608444,
            "mean": -17.3697834015,
            "min": -21.8442611694,
            "stdev": 1.32897043228
        },
        "short_term": {
            "max": -15.7156991959,
            "mean": -17.3074855804,
            "min": -19.5758552551,
            "stdev": 0.916211843491
        }
    },
    "melbands_crest": {
        "max": 31.434211731,
        "mean": 12.362531662,
        "min": 3.81870651245,
        "stdev": 4.7527923584
    },
    "melbands_flatness_db": {
        "max": 0.338348329067,
        "mean": 0.18939216435,
        "min": 0.0787595435977,
        "stdev": 0.0383858568966
    },
    "melbands_kurtosis": {
        "max": 136.191970825,
        "mean": 5.7169213295,
        "min": -1.78252565861,
        "stdev": 10.132188797
    },
    "melbands_skewness": {
        "max": 9.59808731079,
        "mean": 1.75291252136,
        "min": -1.22044944763,
        "stdev": 1.39902341366
    },
    "melbands_spread": {
        "max": 76.5464096069,
        "mean": 28.2389545441,
        "min": 2.49505543709,
        "stdev": 13.1865139008
    },
    "pitch_salience": {
        "max": 0.821828186512,
        "mean": 0.548240244389,
        "min": 0.203071385622,
        "stdev": 0.100023627281
    },
    "silence_rate_20dB": {
        "max": 1,
        "mean": 1,
        "min": 1,
        "stdev": 0
    },
    "silence_rate_30dB": {
        "max": 1,
        "mean": 1,
        "min": 1,
        "stdev": 0
    },
    "silence_rate_60dB": {
        "max": 1,
        "mean": 0.00523560214788,
        "min": 0,
        "stdev": 0.0721687152982
    },
    "spectral_centroid": {
        "max": 3270.51513672,
        "mean": 1520.55444336,
        "min": 361.562042236,
        "stdev": 508.871185303
    },
    "spectral_complexity": {
        "max": 45,
        "mean": 22.2860546112,
        "min": 2,
        "stdev": 6.74958515167
    },
    "spectral_decrease": {
        "max": -2.91390578333e-10,
        "mean": -6.00800209583e-09,
        "min": -3.21364765909e-08,
        "stdev": 3.54353946186e-09
    },
    "spectral_energy": {
        "max": 0.1247433424,
        "mean": 0.0247535351664,
        "min": 0.0012974711135,
        "stdev": 0.0141771435738
    },
    "spectral_energyband_high": {
        "max": 0.00604520784691,
        "mean": 0.000394807459088,
        "min": 1.5217426153e-05,
        "stdev": 0.000401935569244
    },
    "spectral_energyband_low": {
        "max": 0.0578380823135,
        "mean": 0.00286976760253,
        "min": 2.72650754596e-06,
        "stdev": 0.00515556242317
    },
    "spectral_energyband_middle_high": {
        "max": 0.0590957552195,
        "mean": 0.00899834930897,
        "min": 0.000284050503979,
        "stdev": 0.00765556888655
    },
    "spectral_energyband_middle_low": {
        "max": 0.115513391793,
        "mean": 0.0133719276637,
        "min": 5.90427298448e-05,
        "stdev": 0.0115658352152
    },
    "spectral_entropy": {
        "max": 8.35707950592,
        "mean": 7.38819980621,
        "min": 6.44131135941,
        "stdev": 0.249170720577
    },
    "spectral_flux": {
        "max": 0.275950103998,
        "mean": 0.0929693505168,
        "min": 0.0223697442561,
        "stdev": 0.0384136922657
    },
    "spectral_kurtosis": {
        "max": 20.2684803009,
        "mean": 6.39996480942,
        "min": -0.384967327118,
        "stdev": 3.04853057861
    },
    "spectral_rms": {
        "max": 0.0110318092629,
        "mean": 0.00472529744729,
        "min": 0.00112508912571,
        "stdev": 0.00134956615511
    },
    "spectral_rolloff": {
        "max": 7084.42382812,
        "mean": 1667.96484375,
        "min": 150.732421875,
        "stdev": 784.469970703
    },
    "spectral_skewness": {
        "max": 3.83113479614,
        "mean": 1.48351156712,
        "min": 0.383706778288,
        "stdev": 0.385318815708
    },
    "spectral_spread": {
        "max": 20307254,
        "mean": 3049610.25,
        "min": 1714645.375,
        "stdev": 733115.6875
    },
    "spectral_strongpeak": {
        "max": 12.21991539,
        "mean": 1.56928277016,
        "min": 0.0435112603009,
        "stdev": 1.80672168732
    },
    "zerocrossingrate": {
        "max": 0.134765625,
        "mean": 0.060628913343,
        "min": 0.015625,
        "stdev": 0.0177278630435
    },
    "barkbands": {
        "max": [3.45065564034e-05, 0.0168744269758, 0.0415433458984, 0.0500120259821, 0.0509146153927, 0.0494835525751, 0.0401396416128, 0.0527846254408, 0.0465249344707, 0.021358281374, 0.0152500197291, 0.018311643973, 0.0505302846432, 0.03187546134, 0.0233334396034, 0.0136471660808, 0.0262194145471, 0.00757166557014, 0.00720923859626, 0.00556662864983, 0.00207187701017, 0.000912609975785, 0.000746556208469, 0.000427533348557, 5.69609073864e-05, 6.51281516184e-06, 1.74038577825e-05],
        "mean": [2.16912599171e-06, 0.000702135730535, 0.00139888958074, 0.00285201892257, 0.00395140657201, 0.00203831400722, 0.00179535616189, 0.000989967607893, 0.00149290950503, 0.00112617225386, 0.000673792848829, 0.000590995361563, 0.00151227577589, 0.00144419306889, 0.00101773976348, 0.000591045187321, 0.000968540494796, 0.000413975008996, 0.000672947440762, 0.000294831319479, 0.00013344855688, 4.24571226176e-05, 2.05387623282e-05, 8.94255026651e-06, 4.13922043663e-06, 4.67640802526e-06, 9.65568233369e-06],
        "min": [1.16991338839e-09, 3.52993765773e-07, 6.60121031615e-07, 1.76808441665e-07, 1.66788595379e-06, 5.55785049983e-07, 5.31157775185e-06, 2.73464070233e-06, 4.30470208812e-06, 3.28098462887e-06, 1.29847421704e-06, 2.65024118562e-06, 9.54726328928e-06, 5.45276770936e-06, 6.21348772256e-06, 5.22145592186e-06, 6.61001149638e-06, 1.04638502307e-05, 4.31659373135e-06, 5.57044359084e-06, 2.15491149902e-06, 1.0748266277e-06, 9.10307278446e-07, 9.75639750322e-07, 1.01133093722e-06, 1.25882843349e-06, 1.30891487515e-06],
        "stdev": [3.39177086062e-06, 0.00166270276532, 0.00327320815995, 0.00473549775779, 0.00532499188557, 0.00357322278433, 0.00349654187448, 0.00234094611369, 0.00378392403945, 0.00191918085329, 0.00112630811054, 0.00103727250826, 0.00363197061233, 0.00277074193582, 0.00230301171541, 0.000934297451749, 0.00175492384005, 0.000476908666315, 0.000762987649068, 0.000366596650565, 0.00017458498769, 6.39809586573e-05, 4.0293973143e-05, 2.3413771487e-05, 2.67939822152e-06, 4.26038951673e-07, 2.46213630817e-06]
    },
    "erbbands": {
        "max": [0.272150248289, 5.05030870438, 42.6684875488, 75.5966033936, 263.1378479, 270.406341553, 239.653121948, 484.004333496, 568.829528809, 768.153564453, 1450.69006348, 1428.46557617, 1003.06439209, 644.159606934, 721.354614258, 679.570800781, 2091.47973633, 1176.69360352, 1433.33129883, 611.936035156, 954.496398926, 1705.4173584, 469.488098145, 370.056427002, 518.866455078, 234.000259399, 285.68637085, 44.6457138062, 32.5866546631, 26.8832511902, 24.4484806061, 11.0323085785, 5.62986564636, 1.21078336239, 0.218270629644, 0.0258263591677, 0.0145400008187, 0.0285133067518, 0.000728750601411, 0.000146264312207],
        "mean": [0.00965888611972, 0.214218392968, 1.41064250469, 5.04220104218, 15.5206193924, 10.5622320175, 12.7945747375, 17.8788452148, 23.3242645264, 25.2061328888, 23.5381259918, 31.6027927399, 35.9170761108, 35.0852432251, 24.3029937744, 27.4311676025, 65.627746582, 65.7685775757, 81.3112411499, 31.62840271, 39.039680481, 56.2958374023, 26.7039031982, 29.741979599, 28.2022571564, 13.177947998, 10.1039657593, 2.65814757347, 1.61116027832, 0.944765985012, 0.591359317303, 0.266153782606, 0.113297306001, 0.046121314168, 0.0309975463897, 0.0178666897118, 0.0104354023933, 0.0160791296512, 0.000408364256145, 3.72211143258e-05],
        "min": [1.8468921553e-05, 0.00016886726371, 0.000723546138033, 0.00152741745114, 0.00433685770258, 0.0105851721019, 0.00849328842014, 0.00502406060696, 0.0490499511361, 0.128843203187, 0.194573789835, 0.152125537395, 0.450501352549, 0.284856826067, 0.146985292435, 0.350551873446, 0.60399544239, 0.56155371666, 0.828923940659, 0.466768234968, 0.654507339001, 0.440462112427, 0.658901870251, 0.312473237514, 0.387273937464, 0.20485804975, 0.0865570604801, 0.0581756904721, 0.0417137667537, 0.032787758857, 0.0268310848624, 0.0222145337611, 0.0166996810585, 0.0113786505535, 0.00734695838764, 0.00452470919117, 0.00230270531029, 0.00134305574466, 0.00014750965056, 7.48505226511e-06],
        "stdev": [0.0222606714815, 0.50260579586, 3.29396557808, 7.49629926682, 26.4295806885, 16.7027683258, 22.1412582397, 32.1102638245, 41.9795875549, 50.858757019, 65.8328323364, 81.6162109375, 65.165512085, 53.1651382446, 36.8557243347, 45.7353973389, 147.637878418, 113.487457275, 162.13142395, 44.4185600281, 65.9929885864, 99.5321960449, 31.1445064545, 33.7885437012, 34.125038147, 13.8592443466, 14.5737686157, 3.11242461205, 2.42104172707, 1.50878667831, 1.24295556545, 0.633661150932, 0.279216587543, 0.0579799748957, 0.00988782383502, 0.00199118838646, 0.00110708829015, 0.0038895830512, 9.55885552685e-05, 1.66191603057e-05]
    },
    "gfcc": {
        "mean": [8.32626819611, 92.8227081299, -140.478897095, 12.3178386688, -39.5565452576, -16.9287719727, -34.5540885925, -3.36358308792, -32.1239738464, -1.13681447506, -22.566865921, -2.8385155201, -20.7279338837],
        "cov": [[686.744934082, 153.966461182, -168.39012146, 141.583175659, -21.2889728546, 18.2803401947, 77.4997940063, -91.0583496094, 17.7297515869, -23.1699810028, 20.5639400482, -57.6972694397, -31.5561637878], [153.966461182, 318.133422852, 237.333755493, 51.5533332825, 65.7152633667, -1.51320850849, 27.4902114868, 18.1055316925, -3.99674797058, 17.0280895233, 5.01024770737, -17.8872127533, 4.31379032135], [-168.39012146, 237.333755493, 588.933898926, 212.968795776, -12.281334877, 15.3404655457, -43.5340309143, -9.179438591, 15.2152919769, -34.8812828064, -59.6715164185, 17.1590442657, 3.11860442162], [141.583175659, 51.5533332825, 212.968795776, 310.13671875, -0.205996349454, 8.01953315735, -9.80695438385, -68.868347168, 18.2754478455, -54.2763595581, -52.782875061, 2.54010653496, -15.3213281631], [-21.2889728546, 65.7152633667, -12.281334877, -0.205996349454, 185.845581055, 47.1777839661, 26.55809021, 35.1418533325, -20.2706432343, 32.1563415527, 11.7214727402, -9.31824111938, 16.956111908], [18.2803401947, -1.51320850849, 15.3404655457, 8.01953315735, 47.1777839661, 194.588378906, 80.7332305908, -61.2496757507, -15.289144516, 14.8889532089, -25.6543159485, -35.5753936768, -6.65695905685], [77.4997940063, 27.4902114868, -43.5340309143, -9.80695438385, 26.55809021, 80.7332305908, 118.081459045, 9.46854400635, -10.6302165985, 36.1922073364, 8.38681697845, -24.9956054688, -5.1193652153], [-91.0583496094, 18.1055316925, -9.179438591, -68.868347168, 35.1418533325, -61.2496757507, 9.46854400635, 179.290588379, 59.9193344116, 25.8811378479, 55.3413734436, 30.1655979156, 27.2960567474], [17.7297515869, -3.99674797058, 15.2152919769, 18.2754478455, -20.2706432343, -15.289144516, -10.6302165985, 59.9193344116, 93.5683135986, 21.9601402283, 5.07628965378, 15.2659444809, 7.08536672592], [-23.1699810028, 17.0280895233, -34.8812828064, -54.2763595581, 32.1563415527, 14.8889532089, 36.1922073364, 25.8811378479, 21.9601402283, 105.993003845, 61.0782394409, -6.59725189209, 1.33253610134], [20.5639400482, 5.01024770737, -59.6715164185, -52.782875061, 11.7214727402, -25.6543159485, 8.38681697845, 55.3413734436, 5.07628965378, 61.0782394409, 131.835464478, 34.5199317932, -8.55147838593], [-57.6972694397, -17.8872127533, 17.1590442657, 2.54010653496, -9.31824111938, -35.5753936768, -24.9956054688, 30.1655979156, 15.2659444809, -6.59725189209, 34.5199317932, 86.0442047119, 30.3476867676], [-31.5561637878, 4.31379032135, 3.11860442162, -15.3213281631, 16.956111908, -6.65695905685, -5.1193652153, 27.2960567474, 7.08536672592, 1.33253610134, -8.55147838593, 30.3476867676, 73.3606414795]],
        "icov": [[0.026468962431, -0.0322639793158, 0.0269780345261, -0.0200079120696, 0.0103722317144, -0.000412390538258, -0.0102597465739, 0.0190344005823, -0.0244496427476, 0.0243479572237, -0.0222032740712, 0.0160433296114, -0.00958152394742], [-0.0322639793158, 0.048262514174, -0.0392608977854, 0.0289515145123, -0.0193784832954, 0.0079433042556, 0.00284291291609, -0.0149832293391, 0.0217923615128, -0.0226381160319, 0.0202849600464, -0.0140911117196, 0.00847253017128], [0.0269780345261, -0.0392608977854, 0.035268433392, -0.0269463453442, 0.0172940865159, -0.00841016694903, 0.000137894734507, 0.00927793327719, -0.0150793725625, 0.0160411931574, -0.0147762699053, 0.01100973133, -0.0065285502933], [-0.0200079120696, 0.0289515145123, -0.0269463453442, 0.0259300470352, -0.015610950999, 0.0088455658406, -0.00360549381003, -0.00113624497317, 0.00475375913084, -0.00661779707298, 0.00943059287965, -0.00839330814779, 0.00506669655442], [0.0103722317144, -0.0193784832954, 0.0172940865159, -0.015610950999, 0.0192802827805, -0.0116912135854, 0.00905662961304, -0.00798047333956, 0.006594480481, -0.00384271540679, 0.000539245142136, 0.00143770396244, -0.00140922528226], [-0.000412390538258, 0.0079433042556, -0.00841016694903, 0.0088455658406, -0.0116912135854, 0.0199449826032, -0.0198664590716, 0.0181680694222, -0.016364203766, 0.0127405747771, -0.00932590384036, 0.00689750257879, -0.00466516753659], [-0.0102597465739, 0.00284291291609, 0.000137894734507, -0.00360549381003, 0.00905662961304, -0.0198664590716, 0.036451112479, -0.0299472492188, 0.031944707036, -0.0299874693155, 0.0223213471472, -0.0127250272781, 0.00977656524628], [0.0190344005823, -0.0149832293391, 0.00927793327719, -0.00113624497317, -0.00798047333956, 0.0181680694222, -0.0299472492188, 0.045480016619, -0.0461454764009, 0.0386342965066, -0.0340043455362, 0.0201362743974, -0.0156205100939], [-0.0244496427476, 0.0217923615128, -0.0150793725625, 0.00475375913084, 0.006594480481, -0.016364203766, 0.031944707036, -0.0461454764009, 0.0617998428643, -0.0479653179646, 0.0392816849053, -0.0257652569562, 0.0163652170449], [0.0243479572237, -0.0226381160319, 0.0160411931574, -0.00661779707298, -0.00384271540679, 0.0127405747771, -0.0299874693155, 0.0386342965066, -0.0479653179646, 0.0568515397608, -0.0425726957619, 0.0272727422416, -0.0173277389258], [-0.0222032740712, 0.0202849600464, -0.0147762699053, 0.00943059287965, 0.000539245142136, -0.00932590384036, 0.0223213471472, -0.0340043455362, 0.0392816849053, -0.0425726957619, 0.0452884994447, -0.0285574365407, 0.0191653948277], [0.0160433296114, -0.0140911117196, 0.01100973133, -0.00839330814779, 0.00143770396244, 0.00689750257879, -0.0127250272781, 0.0201362743974, -0.0257652569562, 0.0272727422416, -0.0285574365407, 0.0342512689531, -0.0180828124285], [-0.00958152394742, 0.00847253017128, -0.0065285502933, 0.00506669655442, -0.00140922528226, -0.00466516753659, 0.00977656524628, -0.0156205100939, 0.0163652170449, -0.0173277389258, 0.0191653948277, -0.0180828124285, 0.0251926798373]]
    },
    "melbands": {
        "max": [0.00346320983954, 0.0158711709082, 0.0205133743584, 0.0130191165954, 0.00799840316176, 0.0101571725681, 0.00798027496785, 0.00673944596201, 0.0112128481269, 0.0081077972427, 0.00489765359089, 0.00302869593725, 0.00226522376761, 0.00105414004065, 0.00391282467172, 0.0070003955625, 0.00263399607502, 0.00323045463301, 0.00213108561002, 0.000568147865124, 0.00169466750231, 0.00170801603235, 0.000731507258024, 0.000227083321079, 0.000341883715009, 0.000333286268869, 0.000205850767088, 0.000171770851011, 0.000299497012747, 3.45642802131e-05, 2.99654348055e-05, 2.33523514908e-05, 1.14036656669e-05, 1.58349212143e-05, 1.4857181668e-05, 1.27704815895e-05, 7.90157901065e-06, 4.4968282964e-06, 2.12498798646e-06, 6.56299562252e-07],
        "mean": [0.000141302429256, 0.000588131661061, 0.00130048743449, 0.000919299433008, 0.000451169849839, 0.000397223368054, 0.000367013650248, 0.000267404742772, 0.000189671074622, 0.000206858647289, 0.000182065006811, 0.000146955397213, 8.80699444679e-05, 6.28627021797e-05, 9.99092808343e-05, 0.000164040087839, 0.000114104659588, 0.000143745273817, 6.23879896011e-05, 3.13604068651e-05, 4.79884183733e-05, 6.26076507615e-05, 3.26085537381e-05, 1.97442441277e-05, 2.40237259277e-05, 2.81203101622e-05, 1.10274831968e-05, 8.38163759909e-06, 8.18951684778e-06, 2.37267431658e-06, 1.23249640183e-06, 9.72778479991e-07, 6.78212586536e-07, 4.39147072484e-07, 3.62777967666e-07, 2.21953399659e-07, 1.45731277712e-07, 8.65178861886e-08, 5.5429893564e-08, 3.31596936576e-08],
        "min": [8.15440444057e-08, 3.76985155981e-07, 3.70020387663e-07, 5.57836415283e-07, 3.74266249992e-07, 1.20148115457e-07, 8.46357124829e-07, 1.31050342134e-06, 1.26331360661e-06, 5.86463499985e-07, 1.71221654455e-06, 3.54851039219e-07, 3.53885667437e-07, 2.2909810582e-07, 6.39345387299e-07, 7.86555347077e-07, 8.56485712575e-07, 6.14290570411e-07, 4.42734943817e-07, 5.17072237471e-07, 3.69400623867e-07, 3.78471639806e-07, 3.76142253344e-07, 4.57171495327e-07, 1.98732593049e-07, 2.58303145984e-07, 3.04401311269e-07, 9.47924405637e-08, 6.04051351161e-08, 4.71969734406e-08, 2.09555697239e-08, 1.58723985066e-08, 1.89993922817e-08, 1.44995304652e-08, 1.42479112952e-08, 1.15869109862e-08, 1.18531451321e-08, 1.22369234745e-08, 1.05933386507e-08, 9.13822617576e-09],
        "stdev": [0.000330561713781, 0.00128976523411, 0.00200436194427, 0.0013253679499, 0.000719571427908, 0.000688964442816, 0.000658284174278, 0.000495981017593, 0.000590015784837, 0.000520424451679, 0.00033447239548, 0.000235721439822, 0.000146545367897, 9.62342091952e-05, 0.000225579278776, 0.000444023811724, 0.000215824475163, 0.000299932871712, 0.000142195320223, 4.07214174629e-05, 0.000101357756648, 0.000117518909974, 5.54514444957e-05, 2.28911048907e-05, 3.10157847707e-05, 3.6835019273e-05, 1.30706921482e-05, 1.04547971205e-05, 1.39842777571e-05, 3.00737451653e-06, 1.73642797563e-06, 1.58910756909e-06, 9.72061116045e-07, 7.77819707309e-07, 7.46481475744e-07, 5.92420974499e-07, 4.14517472791e-07, 2.37325849639e-07, 1.03189762513e-07, 3.32981144879e-08]
    },
    "melbands128": {
        "max": [3.44094150933e-05, 0.0011188929202, 0.00627875002101, 0.0101327784359, 0.0223495662212, 0.0194184910506, 0.0150598660111, 0.0319774597883, 0.0330384336412, 0.0132307074964, 0.0208502188325, 0.011381758377, 0.0103814937174, 0.0174372587353, 0.0175261553377, 0.0113902315497, 0.00789195206016, 0.0139308068901, 0.014859251678, 0.0127303460613, 0.00498342001811, 0.0130267851055, 0.0195298530161, 0.0187577027828, 0.0182361099869, 0.0154446978122, 0.0123352920637, 0.00712935114279, 0.00687934458256, 0.00667530158535, 0.00290822796524, 0.00218623573892, 0.00310352211818, 0.00384476943873, 0.00141914852429, 0.00180213479325, 0.00331888790242, 0.00705941300839, 0.00597917288542, 0.00572475977242, 0.0129374116659, 0.00405024643987, 0.00434808991849, 0.00510466704145, 0.0081642428413, 0.00595579436049, 0.0057801422663, 0.00515707861632, 0.00224983040243, 0.000612266128883, 0.00110593007412, 0.000835062412079, 0.00215345015749, 0.00337669416331, 0.00440607266501, 0.00319166108966, 0.00449645798653, 0.00186790642329, 0.000938062614296, 0.000479452166473, 0.000241800749791, 0.000417152245063, 0.000342926039593, 0.000782338902354, 0.000865785521455, 0.000699981872458, 0.00105292920489, 0.000279832718661, 0.000187431127415, 0.00015354246716, 0.000387119536754, 0.000206605240237, 0.000549109245185, 0.000362292659702, 0.000171889187186, 4.3346430175e-05, 1.8887423721e-05, 2.36874657276e-05, 4.46845006081e-05, 3.29740687448e-05, 3.45716143784e-05, 2.3605001843e-05, 8.25201277621e-06, 1.20028844321e-05, 1.7885278794e-05, 2.65111029876e-05, 1.40299380291e-05, 5.64113679502e-06, 1.78111331479e-05, 2.8919424949e-05, 2.46133731707e-05, 1.23249974422e-05, 1.00176712294e-05, 9.00960640138e-06, 2.65135040536e-05, 6.4339610617e-06, 4.15789145336e-06, 4.38304323325e-06, 2.13513794733e-06, 1.12930501928e-06, 1.05794015326e-06, 5.287820386e-07, 7.49813068524e-07, 3.91848288928e-07, 1.74869128955e-07, 6.55971561514e-08, 9.34563786359e-08, 6.2528194178e-08, 4.91452887275e-08, 4.22392538724e-08, 8.07530895486e-08, 3.92172765373e-08, 3.65697268023e-08, 6.60384742446e-08, 2.78489338257e-08, 2.69812943543e-07, 5.96365509864e-07, 3.79005582474e-09, 3.97124422236e-09, 4.02052346971e-09, 4.0050447403e-09, 3.97461441537e-09, 3.93041776903e-09, 3.89272925005e-09, 3.85232112876e-09, 3.82212528294e-09, 3.79338338519e-09, 3.78268705248e-09],
        "mean": [1.98716998057e-06, 3.65129162674e-05, 0.000177422378329, 0.000380132027203, 0.000650544185191, 0.000682919169776, 0.000738459988497, 0.00180711154826, 0.00179047952406, 0.000704518344719, 0.00053252314683, 0.000460972252768, 0.000413979665609, 0.000463421689346, 0.000417932053097, 0.000359794095857, 0.00031792986556, 0.000405922502978, 0.000379148084903, 0.000270230608294, 0.000212910526898, 0.000244309980189, 0.000145318743307, 0.000200859169126, 0.000197847228264, 0.000213697756408, 0.000226824980928, 0.000136335278512, 0.000201172631932, 0.000171099280124, 0.00012670547585, 0.00010216110968, 0.000105578852526, 5.2305716963e-05, 6.56617194181e-05, 6.71592351864e-05, 5.21325346199e-05, 0.000103605016193, 0.000123125108075, 0.000147540471517, 0.000209041740163, 0.000123526639072, 0.000103221587779, 9.42720798776e-05, 0.00017257934087, 0.000159853254445, 0.000108812520921, 7.37296795705e-05, 3.26767840306e-05, 3.17170524795e-05, 2.95512127195e-05, 3.06998081214e-05, 5.19175810041e-05, 5.33581442141e-05, 4.623357745e-05, 7.58182140999e-05, 6.6161788709e-05, 3.58269135177e-05, 2.14605497604e-05, 2.18832556129e-05, 1.84443961189e-05, 2.13570747292e-05, 1.47105565702e-05, 2.67360264843e-05, 3.58427168976e-05, 3.25063701894e-05, 2.11011465581e-05, 1.33306775751e-05, 9.41977123148e-06, 6.01761576036e-06, 7.26323150957e-06, 1.08233643914e-05, 1.01156556411e-05, 8.59772535478e-06, 4.67639256385e-06, 2.19858043238e-06, 1.51142785398e-06, 1.27904763758e-06, 1.23716722555e-06, 1.18646062219e-06, 9.83077825367e-07, 9.50965215907e-07, 6.88013415129e-07, 6.90351384947e-07, 6.49097842143e-07, 4.81860695345e-07, 3.78513988153e-07, 3.10889873845e-07, 3.96242512579e-07, 3.80638198294e-07, 2.65971891622e-07, 1.62597928011e-07, 1.64053659546e-07, 1.11741329079e-07, 2.05401391895e-07, 8.19795005214e-08, 7.25730231466e-08, 5.50078169681e-08, 5.90285864632e-08, 6.07262435892e-08, 2.31766730252e-08, 2.78308167623e-08, 3.38950059131e-08, 5.90469362294e-08, 2.20548237451e-08, 2.63723709537e-08, 4.83656492634e-08, 3.53338194259e-08, 2.30497629872e-08, 2.47698039857e-08, 4.6661160269e-08, 1.85784241324e-08, 2.03198595727e-08, 3.87072525143e-08, 1.37285995905e-08, 1.51508004365e-07, 3.30998005893e-07, 6.79057643449e-11, 7.92769842828e-12, 7.83643896302e-12, 7.74814934434e-12, 7.65227898408e-12, 7.53750100529e-12, 7.44126808783e-12, 7.36475897628e-12, 7.29896958845e-12, 7.25030322238e-12, 7.22005354808e-12],
        "min": [7.15612402669e-10, 1.56622821379e-08, 6.73813431717e-08, 7.27842177639e-08, 2.13962564999e-07, 2.41171846938e-07, 1.02683678449e-07, 4.7888597976e-08, 1.17898288465e-07, 5.74446552548e-08, 3.91650360143e-07, 3.1751559959e-07, 2.68268053105e-07, 1.61039096724e-07, 5.57553079261e-08, 5.30272394883e-08, 4.38771650124e-07, 8.40542611513e-07, 4.73510567645e-07, 3.42782129792e-07, 5.25603866208e-07, 2.9981976013e-07, 1.57659926003e-07, 2.14947107224e-07, 5.48614764284e-07, 2.43484066687e-07, 2.87024164436e-07, 4.09822547454e-07, 1.93318498987e-07, 2.16252686869e-07, 5.43866391922e-08, 8.84050308514e-08, 1.26426357383e-07, 1.46547861846e-07, 1.03332169488e-07, 4.31838955706e-08, 7.79915083626e-08, 1.40675268767e-07, 2.09427469144e-07, 2.93417805608e-08, 1.03979743926e-07, 9.86816743875e-08, 1.98126457462e-07, 1.1559069435e-07, 2.22230553959e-07, 2.88007470317e-07, 6.19454425532e-08, 1.50310953018e-07, 1.4674944282e-07, 2.35185027009e-07, 5.71110163605e-08, 1.50228245843e-07, 1.8113205158e-07, 3.3573914493e-07, 1.94505616946e-07, 1.52962144284e-07, 2.51894334724e-07, 1.46741342633e-07, 1.86795972468e-07, 2.18319851086e-08, 2.35930443182e-07, 1.71930835791e-07, 1.09976113549e-07, 1.498093809e-07, 1.6769757849e-07, 1.18382288861e-07, 3.34901990584e-08, 1.82528594905e-07, 1.29800326931e-07, 7.68918653193e-08, 5.35042552485e-08, 7.61610081668e-08, 8.62255689071e-08, 4.30840465526e-08, 2.58050647517e-08, 3.00368583339e-08, 1.24351915431e-08, 1.14222791225e-08, 1.06907158681e-08, 1.08282760536e-08, 9.48247258492e-09, 9.1729530638e-09, 1.0125703831e-08, 1.33981252759e-08, 1.11008020554e-08, 1.06349880014e-08, 1.06851771875e-08, 4.94330221201e-09, 7.80297071401e-09, 1.75686114545e-08, 3.95483468196e-09, 7.14763137566e-09, 6.44959863294e-09, 3.98855171113e-09, 1.06392503696e-08, 5.70015545875e-09, 8.07278244253e-09, 8.57427195911e-09, 1.17201786054e-08, 1.05856088339e-08, 4.61743621116e-09, 7.18753057072e-09, 7.43494643629e-09, 8.79287931355e-09, 7.83448683706e-09, 5.43392797425e-09, 9.01028762712e-09, 9.09368846891e-09, 6.53370824111e-09, 8.87428264207e-09, 5.44063594177e-09, 6.56479315353e-09, 6.70169386652e-09, 8.36708924368e-09, 5.52235013274e-09, 1.50569388069e-08, 1.72407101928e-08, 1.08279427091e-11, 1.03147877609e-13, 1.04932528595e-13, 9.58854442243e-14, 8.58974688795e-14, 8.87993156654e-14, 7.68498153027e-14, 8.08977315475e-14, 8.978166382e-14, 9.22385811394e-14, 9.16121562292e-14],
        "stdev": [3.23930612467e-06, 8.63754103193e-05, 0.000473111052997, 0.000948934932239, 0.00171249138657, 0.00152961409185, 0.00122312305029, 0.00315322424285, 0.00322305294685, 0.00119236705359, 0.00113716581836, 0.000919323589187, 0.000857629755046, 0.00114863959607, 0.000928857829422, 0.000823773036245, 0.000672109075822, 0.000948029919527, 0.00106403045356, 0.000766078650486, 0.000405749102356, 0.000713201181497, 0.000786362565123, 0.00100531720091, 0.000708555511665, 0.000713857880328, 0.000703057157807, 0.000357057375368, 0.000464352953713, 0.00038415659219, 0.000279126834357, 0.000206793512916, 0.000259871245362, 0.000128851024783, 0.000116934163088, 0.000138922288897, 0.000158728871611, 0.000340435246471, 0.000368570443243, 0.000430168234743, 0.000817609310616, 0.000308091577608, 0.000312806892907, 0.000274210236967, 0.000507380638737, 0.000427753664553, 0.000379458331736, 0.000264236499788, 7.97064931248e-05, 6.17658733972e-05, 5.95569799771e-05, 5.76874117542e-05, 0.000125726073748, 0.000175509761903, 0.000174181521288, 0.000178844537004, 0.000189401340322, 9.69985776464e-05, 4.5426430006e-05, 4.22431148763e-05, 2.73905025097e-05, 4.03190679208e-05, 2.62602025032e-05, 5.65361042391e-05, 6.66763953632e-05, 6.24274616712e-05, 5.06740652781e-05, 2.33303399e-05, 1.53159671754e-05, 8.52157882036e-06, 1.41794334922e-05, 2.03427352972e-05, 2.78644147329e-05, 1.86044180737e-05, 8.88792328624e-06, 3.40953033628e-06, 2.16435932998e-06, 1.90835658032e-06, 2.06662934943e-06, 2.14941064769e-06, 2.0245563519e-06, 1.66514598732e-06, 1.07314713205e-06, 9.99222606879e-07, 1.13956434689e-06, 1.12667692065e-06, 6.65044467496e-07, 5.29776571057e-07, 8.86291729785e-07, 1.16586465992e-06, 9.30141936806e-07, 4.33593157823e-07, 4.62194009287e-07, 3.69674950207e-07, 9.21647085761e-07, 2.55832304674e-07, 1.92601362414e-07, 1.81771767416e-07, 1.26894107666e-07, 5.9419644316e-08, 4.40024834347e-08, 2.96517548293e-08, 3.45393686985e-08, 2.15479278864e-08, 8.539753793e-09, 6.70225741572e-09, 9.19855036585e-09, 6.56948051514e-09, 5.90919491117e-09, 4.40042224881e-09, 8.55112691767e-09, 4.29954027936e-09, 3.58340335183e-09, 7.41754391242e-09, 3.4216640632e-09, 3.85747220832e-08, 8.2422339176e-08, 1.18714829633e-10, 1.22564985938e-10, 1.24650650912e-10, 1.24510624033e-10, 1.2361807411e-10, 1.2233179747e-10, 1.21190169011e-10, 1.20002327519e-10, 1.19038404134e-10, 1.18211870848e-10, 1.17884715878e-10]
    },
    "mfcc": {
        "mean": [-637.072998047, 139.377334595, -41.8669433594, 30.3586330414, -2.89304423332, -3.9686152935, -2.44927072525, -5.17966032028, -10.5680809021, 0.395392358303, -7.28016805649, -6.55638217926, -6.93640995026],
        "cov": [[927.936645508, -60.0841293335, -181.631362915, 64.5928268433, -122.480171204, 131.787857056, -5.79573297501, 13.4493150711, -54.1710624695, 45.1361923218, -7.13867616653, 12.6881837845, -56.540927887], [-60.0841293335, 360.290130615, 70.8218002319, 10.8973245621, 66.7042922974, -46.8622131348, 78.4152679443, -20.8122749329, 19.9933242798, 39.7590751648, 35.4772834778, 7.91445016861, 18.4392967224], [-181.631362915, 70.8218002319, 566.846984863, 188.53225708, 51.9832878113, 82.9221191406, -73.4722137451, 30.5594806671, 32.3467979431, -59.7645606995, 0.105286747217, 1.28271484375, -25.5324344635], [64.5928268433, 10.8973245621, 188.53225708, 265.811645508, 66.5673675537, 6.92418336868, -45.1542396545, 21.6262226105, 8.85368824005, -37.8253097534, -23.0945320129, 23.2095165253, 4.66373443604], [-122.480171204, 66.7042922974, 51.9832878113, 66.5673675537, 157.74206543, -12.0156564713, 1.82319331169, 18.2539253235, 21.4696578979, 0.628540694714, -11.7024822235, 4.94350767136, 13.7062234879], [131.787857056, -46.8622131348, 82.9221191406, 6.92418336868, -12.0156564713, 301.974578857, 56.8115577698, -20.2820034027, 26.2599601746, -10.0128040314, 25.3557281494, -71.4493408203, -77.2939834595], [-5.79573297501, 78.4152679443, -73.4722137451, -45.1542396545, 1.82319331169, 56.8115577698, 165.688446045, -4.43031406403, -12.9495010376, 51.6177825928, 22.2479515076, -6.33565378189, 6.58818912506], [13.4493150711, -20.8122749329, 30.5594806671, 21.6262226105, 18.2539253235, -20.2820034027, -4.43031406403, 91.311958313, 22.4306564331, -13.0879936218, -4.99181461334, 6.04778337479, 9.6831073761], [-54.1710624695, 19.9933242798, 32.3467979431, 8.85368824005, 21.4696578979, 26.2599601746, -12.9495010376, 22.4306564331, 125.492378235, 17.4441719055, 0.951515972614, -16.0829429626, -21.9944972992], [45.1361923218, 39.7590751648, -59.7645606995, -37.8253097534, 0.628540694714, -10.0128040314, 51.6177825928, -13.0879936218, 17.4441719055, 118.199386597, 31.0551662445, 8.35565090179, -3.89986252785], [-7.13867616653, 35.4772834778, 0.105286747217, -23.0945320129, -11.7024822235, 25.3557281494, 22.2479515076, -4.99181461334, 0.951515972614, 31.0551662445, 93.1708755493, 26.8745689392, -6.79151916504], [12.6881837845, 7.91445016861, 1.28271484375, 23.2095165253, 4.94350767136, -71.4493408203, -6.33565378189, 6.04778337479, -16.0829429626, 8.35565090179, 26.8745689392, 118.714294434, 66.6730880737], [-56.540927887, 18.4392967224, -25.5324344635, 4.66373443604, 13.7062234879, -77.2939834595, 6.58818912506, 9.6831073761, -21.9944972992, -3.89986252785, -6.79151916504, 66.6730880737, 113.269615173]],
        "icov": [[0.00330324308015, -0.00224752607755, 0.00272524519823, -0.00254383077845, 0.00353023968637, -0.00410797307268, 0.00356747000478, -0.00378782814369, 0.00295352889225, -0.00324158580042, 0.00314403278753, -0.0032962502446, 0.00221036863513], [-0.00224752607755, 0.0063016382046, -0.00314844050445, 0.00182663975284, -0.00408178474754, 0.00515994988382, -0.00581212341785, 0.00499905506149, -0.00337520288303, 0.00261511420831, -0.00442845048383, 0.00370142562315, -0.00201656972058], [0.00272524519823, -0.00314844050445, 0.00524154771119, -0.00367469154298, 0.00311817671172, -0.00484892586246, 0.0047610104084, -0.00429091928527, 0.00257191085257, -0.00226692040451, 0.00266650877893, -0.00328326551244, 0.00212328974158], [-0.00254383077845, 0.00182663975284, -0.00367469154298, 0.00778243970126, -0.00461128586903, 0.00286513566971, -0.00222335732542, 0.0025568716228, -0.00198709848337, 0.00295442342758, -0.000859293912072, 0.000606082146987, -0.000984462792985], [0.00353023968637, -0.00408178474754, 0.00311817671172, -0.00461128586903, 0.0119588086382, -0.00475673982874, 0.00419140327722, -0.00549955153838, 0.00241176225245, -0.00405457569286, 0.00455937068909, -0.00329872313887, 0.00139653135557], [-0.00410797307268, 0.00515994988382, -0.00484892586246, 0.00286513566971, -0.00475673982874, 0.0118103083223, -0.00885460246354, 0.00735983904451, -0.00550615554675, 0.00611437438056, -0.00693226093426, 0.00698048993945, -0.000964075385127], [0.00356747000478, -0.00581212341785, 0.0047610104084, -0.00222335732542, 0.00419140327722, -0.00885460246354, 0.0153254522011, -0.00711864931509, 0.00602070381865, -0.0077447751537, 0.00450290925801, -0.0038829643745, 0.000517405453138], [-0.00378782814369, 0.00499905506149, -0.00429091928527, 0.0025568716228, -0.00549955153838, 0.00735983904451, -0.00711864931509, 0.0182134825736, -0.00690683443099, 0.0061179343611, -0.00514743011445, 0.00469803065062, -0.00343682314269], [0.00295352889225, -0.00337520288303, 0.00257191085257, -0.00198709848337, 0.00241176225245, -0.00550615554675, 0.00602070381865, -0.00690683443099, 0.0128009160981, -0.00580098805949, 0.00390243856236, -0.00298211257905, 0.00315166707151], [-0.00324158580042, 0.00261511420831, -0.00226692040451, 0.00295442342758, -0.00405457569286, 0.00611437438056, -0.0077447751537, 0.0061179343611, -0.00580098805949, 0.0155573189259, -0.00645277509466, 0.00268423277885, -0.000643682957161], [0.00314403278753, -0.00442845048383, 0.00266650877893, -0.000859293912072, 0.00455937068909, -0.00693226093426, 0.00450290925801, -0.00514743011445, 0.00390243856236, -0.00645277509466, 0.0189898647368, -0.0101502090693, 0.00547155039385], [-0.0032962502446, 0.00370142562315, -0.00328326551244, 0.000606082146987, -0.00329872313887, 0.00698048993945, -0.0038829643745, 0.00469803065062, -0.00298211257905, 0.00268423277885, -0.0101502090693, 0.0202410332859, -0.0110357701778], [0.00221036863513, -0.00201656972058, 0.00212328974158, -0.000984462792985, 0.00139653135557, -0.000964075385127, 0.000517405453138, -0.00343682314269, 0.00315166707151, -0.000643682957161, 0.00547155039385, -0.0110357701778, 0.0176299214363]]
    },
    "spectral_contrast_coeffs": {
        "max": [-0.403044044971, -0.495227992535, -0.524106919765, -0.538880348206, -0.5858938694, -0.608548879623],
        "mean": [-0.659133791924, -0.738785147667, -0.734056711197, -0.75299268961, -0.753487765789, -0.73862940073],
        "min": [-0.857822537422, -0.925466358662, -0.894398570061, -0.893077671528, -0.866283416748, -0.921814084053],
        "stdev": [0.0789982229471, 0.0660458803177, 0.0603952035308, 0.0569194294512, 0.0536988340318, 0.0443769581616]
    },
    "spectral_contrast_valleys": {
        "max": [-5.21257400513, -5.23679113388, -5.85419750214, -5.91094112396, -6.02476835251, -9.01473045349],
        "mean": [-6.94991254807, -6.60650682449, -7.26715230942, -7.24476003647, -7.28142499924, -11.0522661209],
        "min": [-9.82637500763, -8.16096305847, -9.00188064575, -9.00601673126, -8.85151576996, -11.6427497864],
        "stdev": [0.697302162647, 0.464502990246, 0.525292754173, 0.47680619359, 0.394205331802, 0.294361531734]
    }
},
"rhythm": {
    "beats_count": 78,
    "beats_loudness": {
        "max": 0.0596123971045,
        "mean": 0.02908375673,
        "min": 0.0118616921827,
        "stdev": 0.0101131750271
    },
    "bpm": 97.7006225586,
    "bpm_histogram_first_peak_bpm": 98,
    "bpm_histogram_first_peak_weight": 0.205882310867,
    "bpm_histogram_second_peak_bpm": 92,
    "bpm_histogram_second_peak_spread": 0,
    "bpm_histogram_second_peak_weight": 0.11688311398,
    "danceability": 1.38474190235,
    "onset_rate": 3.076171875,
    "beats_loudness_band_ratio": {
        "max": [0.789775550365, 0.621525287628, 0.800541162491, 0.586611807346, 0.581677794456, 0.280233114958],
        "mean": [0.356323778629, 0.252211987972, 0.121002048254, 0.161399260163, 0.178057849407, 0.0605840086937],
        "min": [0.000341514329193, 0.0102502554655, 0.0152079705149, 0.0122274253517, 0.0263528302312, 0.00617428217083],
        "stdev": [0.194831833243, 0.135176360607, 0.111704930663, 0.120606936514, 0.127460375428, 0.0461976453662]
    },
    "beats_position": [0.638548731804, 1.30031740665, 1.95047616959, 2.60063481331, 3.25079369545, 3.87773227692, 4.5046710968, 5.14321994781, 5.78176879883, 6.43192720413, 7.08208608627, 7.72063493729, 8.37079334259, 9.02095222473, 9.65950107574, 10.3096599579, 10.9482088089, 11.5867567062, 12.2136955261, 12.840634346, 13.4675731659, 14.0945119858, 14.7098407745, 15.301949501, 15.9056682587, 16.5209980011, 17.1363258362, 17.7400455475, 18.3553733826, 18.970703125, 19.574420929, 20.1781406403, 20.7934684753, 21.4087982178, 22.0125160217, 22.616235733, 23.219953537, 23.8352832794, 24.4390010834, 25.0543308258, 25.6580486298, 26.2733783722, 26.8887062073, 27.4924259186, 28.0961437225, 28.711473465, 29.3268013, 29.9305210114, 30.5458488464, 31.1611785889, 31.776506424, 32.3802261353, 32.9955558777, 33.5992736816, 34.2029914856, 34.818321228, 35.4336509705, 36.0373687744, 36.6526985168, 37.2564163208, 37.8717460632, 38.4870758057, 39.1024017334, 39.7061233521, 40.309841156, 40.91355896, 41.5172767639, 42.1326065063, 42.7363243103, 43.3516540527, 43.9669837952, 44.5823135376, 45.1976394653, 45.8129692078, 46.4166870117, 47.0320167542, 47.6589546204, 48.2742843628],
