{
"metadata": {
    "version": {
        "essentia": "2.1-beta5",
        "essentia_git_sha": "Undefined",
        "extractor": "music 2.0"
    },
    "audio_properties": {
        "analysis": {
            "equal_loudness": 0,
            "length": 28.3747844696,
            "sample_rate": 44100,
            "start_time": 191.4949646,
            "downmix": "mix"
        },
        "bit_rate": 192000,
        "length": 219.892974854,
        "lossless": 0,
        "number_channels": 2,
        "replay_gain": -8.76029205322,
        "sample_rate": 48000,
        "codec": "mp3",
        "md5_encoded": "372f56c851fd7b3df85fb631afe61413"
    },
    "tags": {
        "file_name": "Iceland_Gleðibankinn_Icy.mp3",
        "encoding": ["Lavf58.29.100"]
    }
},
"lowlevel": {
    "average_loudness": 0.428249746561,
    "barkbands_crest": {
        "max": 22.9796104431,
        "mean": 7.21530199051,
        "min": 2.41549038887,
        "stdev": 3.17207074165
    },
    "barkbands_flatness_db": {
        "max": 0.271918654442,
        "mean": 0.106339976192,
        "min": 0.03663540259,
        "stdev": 0.036439396441
    },
    "barkbands_kurtosis": {
        "max": 42.4586868286,
        "mean": 1.67248010635,
        "min": -1.7835766077,
        "stdev": 3.18325543404
    },
    "barkbands_skewness": {
        "max": 5.61799144745,
        "mean": -0.229318186641,
        "min": -2.46066498756,
        "stdev": 1.41027092934
    },
    "barkbands_spread": {
        "max": 85.5529098511,
        "mean": 25.7093372345,
        "min": 2.95900273323,
        "stdev": 10.8248806
    },
    "dissonance": {
        "max": 0.499999910593,
        "mean": 0.481353074312,
        "min": 0.23520603776,
        "stdev": 0.0240879431367
    },
    "dynamic_complexity": 5.695997715,
    "erbbands_crest": {
        "max": 27.1865177155,
        "mean": 6.75850582123,
        "min": 2.43558883667,
        "stdev": 4.36055231094
    },
    "erbbands_flatness_db": {
        "max": 0.324739485979,
        "mean": 0.154557451606,
        "min": 0.0766437351704,
        "stdev": 0.0495894476771
    },
    "erbbands_kurtosis": {
        "max": 14.7705593109,
        "mean": 0.280513972044,
        "min": -1.49679911137,
        "stdev": 1.29196131229
    },
    "erbbands_skewness": {
        "max": 3.76364254951,
        "mean": -0.184852942824,
        "min": -1.97419512272,
        "stdev": 0.692444503307
    },
    "erbbands_spread": {
        "max": 87.5807418823,
        "mean": 32.850769043,
        "min": 5.69187831879,
        "stdev": 10.8730916977
    },
    "hfc": {
        "max": 288.251556396,
        "mean": 12.6264038086,
        "min": 1.05024362901e-16,
        "stdev": 20.2910060883
    },
    "loudness_ebu128": {
        "integrated": -16.3056812286,
        "loudness_range": 7.90446662903,
        "momentary": {
            "max": -11.5008544922,
            "mean": -115.191596985,
            "min": -300.691009521,
            "stdev": 132.442840576
        },
        "short_term": {
            "max": -13.904958725,
            "mean": -97.0188217163,
            "min": -300.691009521,
            "stdev": 124.140670776
        }
    },
    "melbands_crest": {
        "max": 29.5415458679,
        "mean": 7.43657445908,
        "min": 1.52737295628,
        "stdev": 5.51399755478
    },
    "melbands_flatness_db": {
        "max": 0.312413573265,
        "mean": 0.0842312425375,
        "min": 0.00269445031881,
        "stdev": 0.0691099464893
    },
    "melbands_kurtosis": {
        "max": 78.4754943848,
        "mean": 2.32614803314,
        "min": -1.57247316837,
        "stdev": 6.82116127014
    },
    "melbands_skewness": {
        "max": 6.48773097992,
        "mean": 0.933579683304,
        "min": -2.23877215385,
        "stdev": 1.1489739418
    },
    "melbands_spread": {
        "max": 201.935501099,
        "mean": 71.4949264526,
        "min": 2.75968360901,
        "stdev": 49.3566703796
    },
    "pitch_salience": {
        "max": 0.859297990799,
        "mean": 0.687163770199,
        "min": 0.289704471827,
        "stdev": 0.120868325233
    },
    "silence_rate_20dB": {
        "max": 1,
        "mean": 1,
        "min": 1,
        "stdev": 0
    },
    "silence_rate_30dB": {
        "max": 1,
        "mean": 0.995094001293,
        "min": 0,
        "stdev": 0.0698697790504
    },
    "silence_rate_60dB": {
        "max": 1,
        "mean": 0.472608327866,
        "min": 0,
        "stdev": 0.499246925116
    },
    "spectral_centroid": {
        "max": 11803.4492188,
        "mean": 5105.99609375,
        "min": 517.697265625,
        "stdev": 4332.13818359
    },
    "spectral_complexity": {
        "max": 48,
        "mean": 12.5486507416,
        "min": 0,
        "stdev": 12.4538354874
    },
    "spectral_decrease": {
        "max": 2.66440948523e-28,
        "mean": -2.38474906489e-09,
        "min": -3.97761219517e-08,
        "stdev": 4.03211641853e-09
    },
    "spectral_energy": {
        "max": 0.158958464861,
        "mean": 0.0101458467543,
        "min": 9.82354525589e-21,
        "stdev": 0.0166766531765
    },
    "spectral_energyband_high": {
        "max": 0.037562392652,
        "mean": 0.000530314922798,
        "min": 6.74429393593e-21,
        "stdev": 0.00143775879405
    },
    "spectral_energyband_low": {
        "max": 0.0272802021354,
        "mean": 0.000688552099746,
        "min": 1.18523747768e-23,
        "stdev": 0.00196872302331
    },
    "spectral_energyband_middle_high": {
        "max": 0.0473105460405,
        "mean": 0.00374016608112,
        "min": 1.14107333972e-21,
        "stdev": 0.00633134134114
    },
    "spectral_energyband_middle_low": {
        "max": 0.137276545167,
        "mean": 0.00532559351996,
        "min": 1.39985185167e-22,
        "stdev": 0.0120667433366
    },
    "spectral_entropy": {
        "max": 9.8221540451,
        "mean": 8.49296092987,
        "min": 6.48668718338,
        "stdev": 0.983722567558
    },
    "spectral_flux": {
        "max": 0.341075897217,
        "mean": 0.0448071956635,
        "min": 6.3833043018e-11,
        "stdev": 0.0511265173554
    },
    "spectral_kurtosis": {
        "max": 12.8270959854,
        "mean": 1.85664689541,
        "min": -1.2661331892,
        "stdev": 2.62589240074
    },
    "spectral_rms": {
        "max": 0.0124531695619,
        "mean": 0.00218465528451,
        "min": 3.09579510464e-12,
        "stdev": 0.00226398441009
    },
    "spectral_rolloff": {
        "max": 19810.546875,
        "mean": 8305.65234375,
        "min": 387.59765625,
        "stdev": 7840.73730469
    },
    "spectral_skewness": {
        "max": 2.60754489899,
        "mean": 0.845200181007,
        "min": -0.0878811702132,
        "stdev": 0.681933760643
    },
    "spectral_spread": {
        "max": 44509744,
        "mean": 16677393,
        "min": 2439037.75,
        "stdev": 17350712
    },
    "spectral_strongpeak": {
        "max": 13.9128446579,
        "mean": 0.784731566906,
        "min": 0,
        "stdev": 1.45860934258
    },
    "zerocrossingrate": {
        "max": 0.845703125,
        "mean": 0.241930380464,
        "min": 0.0234375,
        "stdev": 0.210625395179
    },
    "barkbands": {
        "max": [0.000207198885619, 0.0235840640962, 0.0100510446355, 0.0136400302872, 0.013145128265, 0.119731277227, 0.0798700973392, 0.0461601130664, 0.057445384562, 0.0301911570132, 0.0153004368767, 0.0204659290612, 0.019142575562, 0.0162169393152, 0.0271116439253, 0.0156102627516, 0.0338501110673, 0.00274525512941, 0.00807512924075, 0.0180419143289, 0.0144210988656, 0.00551880337298, 0.00576228275895, 0.00492753321305, 0.000266833696514, 7.70125625422e-05, 8.34508711023e-08],
        "mean": [4.79638629258e-06, 0.00034438847797, 0.000239139641053, 0.000333131232765, 0.000915776006877, 0.000981903984211, 0.00124142901041, 0.000724605051801, 0.00101647304837, 0.000503186543938, 0.000225320225582, 0.000272016652161, 0.000346575077856, 0.000361557875294, 0.000481107155792, 0.000440872448962, 0.000637565972283, 0.00018236739561, 0.000269314972684, 0.000185292272363, 0.00017310428666, 0.000137728682603, 6.68115681037e-05, 4.31340231444e-05, 1.43826182466e-05, 3.8711355046e-06, 2.13181716724e-09],
        "min": [1.48750311672e-25, 1.10848348097e-24, 1.31479496377e-25, 2.80530154513e-25, 3.73935451862e-24, 6.76039832936e-24, 5.14765937777e-24, 6.79950768646e-24, 9.7883068077e-24, 5.76377118323e-24, 1.04830936834e-23, 1.37266278238e-23, 1.97052121424e-23, 2.55275136494e-23, 4.03084004305e-23, 4.55672438364e-23, 5.06700821097e-23, 7.98467274672e-23, 1.16142804629e-22, 1.51223297623e-22, 2.00208341285e-22, 2.83563814773e-22, 2.98157337623e-22, 5.28082422617e-22, 7.7454044184e-22, 1.2310364005e-21, 1.72662340838e-21],
        "stdev": [1.47203436427e-05, 0.00132269132882, 0.00085204502102, 0.000885536835995, 0.00165098183788, 0.00530705833808, 0.00496944366023, 0.00321719050407, 0.00367428502068, 0.00178286712617, 0.000795143307187, 0.00117794680409, 0.00111695181113, 0.000921513710637, 0.00149720336776, 0.00117573700845, 0.00218099239282, 0.000299915671349, 0.00057003000984, 0.000673359667417, 0.000512236030772, 0.00029271049425, 0.000208307552384, 0.000180685688974, 2.65468697762e-05, 7.38101516617e-06, 7.23912219058e-09]
    },
    "erbbands": {
        "max": [0.58910036087, 5.56468009949, 9.83041381836, 19.4022502899, 79.2900161743, 50.4998092651, 130.728485107, 1396.74121094, 1043.83337402, 770.143249512, 1462.77636719, 1712.38171387, 691.433959961, 1338.96960449, 367.343170166, 822.051574707, 1020.19958496, 338.708953857, 1601.81567383, 637.844421387, 1057.46313477, 2386.22094727, 238.153518677, 339.528259277, 754.226074219, 787.957397461, 759.44140625, 302.252685547, 211.391921997, 173.083694458, 172.727371216, 161.556655884, 43.4877281189, 6.87463283539, 0.951574087143, 0.488917022943, 0.0983211994171, 0.00211973511614, 0.000193541622139, 0.000186002958799],
        "mean": [0.00828237179667, 0.0844583585858, 0.250157207251, 0.681673824787, 2.63149380684, 2.9466176033, 2.71433019638, 10.3314523697, 19.5011882782, 13.1114788055, 18.7195262909, 21.1386871338, 18.1660079956, 17.040096283, 9.10388374329, 11.6725893021, 16.9537010193, 16.1239128113, 27.9942474365, 18.3110809326, 28.2042427063, 38.0229415894, 13.9483289719, 11.7458744049, 12.9568758011, 8.22557163239, 8.81325531006, 5.3808016777, 4.80531930923, 3.44248151779, 1.90184533596, 1.1364467144, 0.564884662628, 0.202508479357, 0.0846806615591, 0.0305960867554, 0.00431173574179, 0.000124973856146, 1.19331762107e-05, 1.36918151838e-05],
        "min": [4.21803231824e-23, 2.12403007541e-22, 9.20746937516e-22, 3.18011484811e-21, 7.24365455146e-21, 1.49326683146e-20, 2.94827526712e-20, 4.59928221022e-20, 6.88123085906e-20, 8.73656401504e-20, 2.06871098658e-19, 3.21774188861e-19, 4.08503042112e-19, 4.71200127218e-19, 5.22458028236e-19, 8.58823941597e-19, 1.38408771477e-18, 1.63640799369e-18, 2.17537437561e-18, 2.50741625401e-18, 3.13175418919e-18, 3.66275699316e-18, 4.82192819892e-18, 5.15860518389e-18, 6.81567335755e-18, 7.19472597812e-18, 8.6410628597e-18, 8.45599360535e-18, 1.01738558317e-17, 8.78103091833e-18, 9.24714471196e-18, 8.80500261248e-18, 9.14179168042e-18, 7.59278017813e-18, 5.7346227432e-18, 3.40796241023e-18, 2.2069943885e-18, 8.7318467591e-19, 2.29310621671e-19, 2.46743404613e-20],
        "stdev": [0.0324895344675, 0.325185060501, 0.894412994385, 1.59530842304, 5.96270465851, 5.5537314415, 7.05874204636, 59.2998924255, 80.4335327148, 45.3766899109, 90.4990997314, 88.1921386719, 56.1498298645, 73.9964294434, 21.5671806335, 50.0317611694, 55.052570343, 33.0393829346, 89.9610137939, 40.4159049988, 77.1085968018, 143.858779907, 25.4547080994, 21.8082962036, 31.9016265869, 29.6496238708, 27.5239524841, 12.8652048111, 10.4886550903, 8.13971424103, 6.24841547012, 5.39897203445, 1.95808839798, 0.440067499876, 0.149392232299, 0.0554215796292, 0.00909421499819, 0.000258587591816, 1.72117888724e-05, 2.12507566175e-05]
    },
    "gfcc": {
        "mean": [-475.455780029, 43.3002624512, -108.031974792, 21.3525905609, -50.532119751, 6.14031553268, -31.0140113831, 4.03328037262, -14.4300832748, -0.376013278961, -11.7840900421, -1.92911076546, -5.09218788147],
        "cov": [[350796.9375, 21295.1035156, -46323.0976562, 9755.8203125, -21815.0527344, 2242.6640625, -13458.609375, 1484.6628418, -6107.40478516, -417.777160645, -5183.02636719, -1023.50018311, -2208.66479492], [21295.1035156, 2503.37231445, -2315.3503418, 956.507873535, -1185.09033203, -54.5834579468, -608.996032715, 6.08228254318, -223.393127441, -123.993041992, -256.4581604, -139.012863159, -69.9166488647], [-46323.0976562, -2315.3503418, 6645.86132812, -990.467285156, 2987.61621094, -358.855194092, 1888.5501709, -238.18560791, 835.371765137, 25.3206825256, 704.95501709, 109.304786682, 287.194061279], [9755.8203125, 956.507873535, -990.467285156, 743.693908691, -478.91418457, 57.458404541, -243.408447266, 11.0223436356, -89.6507110596, -60.3902740479, -127.578353882, -67.5657272339, -37.6596679688], [-21815.0527344, -1185.09033203, 2987.61621094, -478.91418457, 1544.49169922, -103.663902283, 896.179443359, -52.8550682068, 414.253997803, 27.8221912384, 300.083740234, 63.204750061, 149.463134766], [2242.6640625, -54.5834579468, -358.855194092, 57.458404541, -103.663902283, 140.605484009, -66.2006759644, 57.0272369385, -70.0827865601, 12.8387794495, -49.8212928772, 15.3266706467, -17.3338375092], [-13458.609375, -608.996032715, 1888.5501709, -243.408447266, 896.179443359, -66.2006759644, 677.125549316, -31.8452548981, 285.776763916, -3.31837058067, 213.417282104, 34.976978302, 110.424423218], [1484.6628418, 6.08228254318, -238.18560791, 11.0223436356, -52.8550682068, 57.0272369385, -31.8452548981, 87.2902297974, -16.5266399384, 22.0958061218, -34.5718536377, 12.8431959152, -4.38955926895], [-6107.40478516, -223.393127441, 835.371765137, -89.6507110596, 414.253997803, -70.0827865601, 285.776763916, -16.5266399384, 205.236404419, 3.04989290237, 95.5436630249, 2.51711821556, 60.3303031921], [-417.777160645, -123.993041992, 25.3206825256, -60.3902740479, 27.8221912384, 12.8387794495, -3.31837058067, 22.0958061218, 3.04989290237, 66.8613586426, 18.2068443298, 28.9735889435, -2.81551361084], [-5183.02636719, -256.4581604, 704.95501709, -127.578353882, 300.083740234, -49.8212928772, 213.417282104, -34.5718536377, 95.5436630249, 18.2068443298, 141.284301758, 34.7749862671, 45.0126724243], [-1023.50018311, -139.012863159, 109.304786682, -67.5657272339, 63.204750061, 15.3266706467, 34.976978302, 12.8431959152, 2.51711821556, 28.9735889435, 34.7749862671, 80.1607589722, 23.9994010925], [-2208.66479492, -69.9166488647, 287.194061279, -37.6596679688, 149.463134766, -17.3338375092, 110.424423218, -4.38955926895, 60.3303031921, -2.81551361084, 45.0126724243, 23.9994010925, 63.6722450256]],
        "icov": [[0.00027504292666, -0.000673731963616, 0.000801036425401, -0.000745516561437, 0.000865247973707, -0.000316394638503, 0.00053793808911, -0.000744759105146, 0.000671168323606, -0.000557768624276, 0.000793243700173, -0.000456419453258, 0.000596046913415], [-0.000673731963616, 0.00305099994875, -0.00155923888087, 0.000473613763461, -0.00181706657168, 0.00318787549622, -0.00209710747004, 0.00130142329726, -0.000987592618912, 0.00185301015154, -0.00175593176391, 0.00151299417485, -0.00215851934627], [0.000801036425401, -0.00155923888087, 0.00504002533853, -0.00242139399052, -0.000714362540748, 0.00190081750043, -0.00141761091072, 0.000163594944752, 0.0033230020199, -0.00182556407526, 0.000889915216248, -0.00139864068478, 0.00324187916704], [-0.000745516561437, 0.000473613763461, -0.00242139399052, 0.00532869063318, -0.00202179513872, -0.00239816610701, -0.000960981065873, 0.00314218690619, -0.00346581800841, 0.00209554727189, -0.00186206889339, 0.00158077501692, -0.00119361269753], [0.000865247973707, -0.00181706657168, -0.000714362540748, -0.00202179513872, 0.0104661472142, -0.00383571721613, 0.00148314796388, -0.00446527265012, -0.00115212332457, -0.0022312537767, 0.00477837957442, -0.00142620678525, -0.000294960773317], [-0.000316394638503, 0.00318787549622, 0.00190081750043, -0.00239816610701, -0.00383571721613, 0.0196991059929, -0.0063459337689, -0.00479044346139, 0.00774082401767, -0.000119650452689, 0.00111394922715, -0.000955967232585, -0.000191709274077], [0.00053793808911, -0.00209710747004, -0.00141761091072, -0.000960981065873, 0.00148314796388, -0.0063459337689, 0.0140155106783, -0.00528993271291, -0.00446092663333, 0.0031896114815, -0.0025942530483, -0.000348192843376, -0.00136431341525], [-0.000744759105146, 0.00130142329726, 0.000163594944752, 0.00314218690619, -0.00446527265012, -0.00479044346139, -0.00528993271291, 0.024354590103, -0.00427624490112, -0.00528944702819, 0.0029814876616, -0.000866991758812, -0.00121691951063], [0.000671168323606, -0.000987592618912, 0.0033230020199, -0.00346581800841, -0.00115212332457, 0.00774082401767, -0.00446092663333, -0.00427624490112, 0.0200674962252, -0.00468336464837, 0.00156232819427, 0.00306783034466, -0.00406996160746], [-0.000557768624276, 0.00185301015154, -0.00182556407526, 0.00209554727189, -0.0022312537767, -0.000119650452689, 0.0031896114815, -0.00528944702819, -0.00468336464837, 0.0251752845943, -0.00769678549841, -0.00537110725418, 0.00448569608852], [0.000793243700173, -0.00175593176391, 0.000889915216248, -0.00186206889339, 0.00477837957442, 0.00111394922715, -0.0025942530483, 0.0029814876616, 0.00156232819427, -0.00769678549841, 0.0238623861223, -0.00599671481177, -0.00216589216143], [-0.000456419453258, 0.00151299417485, -0.00139864068478, 0.00158077501692, -0.00142620678525, -0.000955967232585, -0.000348192843376, -0.000866991758812, 0.00306783034466, -0.00537110725418, -0.00599671481177, 0.0216582138091, -0.0103640900925], [0.000596046913415, -0.00215851934627, 0.00324187916704, -0.00119361269753, -0.000294960773317, -0.000191709274077, -0.00136431341525, -0.00121691951063, -0.00406996160746, 0.00448569608852, -0.00216589216143, -0.0103640900925, 0.0310971047729]]
    },
    "melbands": {
        "max": [0.00624612625688, 0.00443950342014, 0.00598273100331, 0.00328010111116, 0.00358631042764, 0.0279158782214, 0.0169401168823, 0.00670344335958, 0.013373346068, 0.00945133809, 0.00354744982906, 0.00555664720014, 0.00190104835201, 0.00155438377988, 0.00264633330517, 0.00147963699419, 0.000670799228828, 0.00238011730835, 0.00108745065518, 0.000798343564384, 0.00137797021307, 0.00267602549866, 0.00070713768946, 0.000154185065185, 0.000332527852152, 0.000411644869018, 0.000749117054511, 0.0004506004625, 0.000567124865483, 0.000296690704999, 0.000119926182379, 0.000104078433651, 0.000126313141664, 8.2405305875e-05, 9.14841875783e-05, 0.000118528783787, 8.42935551191e-05, 3.55641750502e-05, 1.13392816274e-05, 3.36840912496e-06],
        "mean": [8.71635056683e-05, 0.000125442486024, 0.000180844799615, 0.000216614469537, 9.78420503088e-05, 0.000232543839957, 0.000287546601612, 0.000138352494105, 0.000155435860506, 0.000136349990498, 8.83198736119e-05, 6.99093507137e-05, 3.22132545989e-05, 2.62552057393e-05, 4.03023441322e-05, 3.25777800754e-05, 2.82101464109e-05, 4.47294405603e-05, 3.15231736749e-05, 2.0299166863e-05, 3.46433807863e-05, 3.89316919609e-05, 2.43360791501e-05, 7.97295797383e-06, 9.31028444029e-06, 1.16860783237e-05, 6.96119741406e-06, 4.95032281833e-06, 6.23734149485e-06, 3.49125411958e-06, 3.07500749841e-06, 2.93581138067e-06, 2.31108947446e-06, 1.62940875725e-06, 1.15525620004e-06, 7.79166271059e-07, 6.389363989e-07, 4.40444807737e-07, 2.31131124906e-07, 1.48954896417e-07],
        "min": [4.31127275845e-25, 8.63853079707e-25, 5.66785319133e-25, 8.41288896805e-25, 9.02072404489e-25, 1.2383834313e-24, 1.12385995774e-24, 8.61656003479e-25, 1.54866402039e-24, 1.41620332896e-24, 1.77234917855e-24, 1.09302170862e-24, 2.00316751283e-24, 1.74367309857e-24, 2.4565457938e-24, 1.5484128668e-24, 1.91449461671e-24, 3.03967335266e-24, 2.9553182867e-24, 2.78197320253e-24, 3.09456623875e-24, 2.30662120104e-24, 3.36107480976e-24, 3.52620745748e-24, 2.93648738803e-24, 4.24068035706e-24, 4.15877450699e-24, 3.75895692326e-24, 5.19778162753e-24, 4.43403253151e-24, 4.04569681825e-24, 4.52355877792e-24, 5.38178698355e-24, 4.77233868616e-24, 4.95847751649e-24, 5.28981802935e-24, 4.42866472748e-24, 5.51785681223e-24, 4.65571467322e-24, 5.00604149034e-24],
        "stdev": [0.000340751663316, 0.000412107270677, 0.000414252572227, 0.000409425847465, 0.000221489011892, 0.00125953939278, 0.00115545885637, 0.00045607922948, 0.000767730234656, 0.000540389097296, 0.000279441679595, 0.000307502079522, 9.06380228116e-05, 9.0059635113e-05, 0.000169220700627, 8.86438720045e-05, 6.07022811892e-05, 0.000145941390656, 8.46159964567e-05, 4.51474770671e-05, 0.000102853256976, 0.000157452974236, 6.36327677057e-05, 1.45451522258e-05, 1.88873345905e-05, 2.66265778919e-05, 2.60434389929e-05, 1.92814459297e-05, 2.07294542633e-05, 1.07829446279e-05, 6.45792943033e-06, 6.33794934402e-06, 5.66585413253e-06, 3.91272033085e-06, 3.54010876435e-06, 3.76397292712e-06, 3.00008127851e-06, 1.59101875852e-06, 6.71540874464e-07, 2.94675601253e-07]
    },
    "melbands128": {
        "max": [0.000206301236176, 0.0033600598108, 0.0105309728533, 0.00870733708143, 0.00600540544838, 0.00559559650719, 0.00421639718115, 0.00946318265051, 0.00989400129765, 0.00578048080206, 0.00366624258459, 0.00230203568935, 0.00207533943467, 0.0105611355975, 0.038813509047, 0.036840531975, 0.0319444313645, 0.02951490134, 0.0244893264025, 0.00968752242625, 0.00645785499364, 0.0167799331248, 0.0263227783144, 0.0107252085581, 0.0217387937009, 0.016392018646, 0.0091491676867, 0.00270938337781, 0.00303863035515, 0.00678096478805, 0.00841556768864, 0.00380735076033, 0.00263375742361, 0.000925064610783, 0.00183451513294, 0.00248470250517, 0.00486398302019, 0.00515085551888, 0.00391603307799, 0.00350365717895, 0.00140836357605, 0.00210101320408, 0.00122496625409, 0.00116388814058, 0.00336294784211, 0.00360840605572, 0.00511388527229, 0.00101997633465, 0.00133979227394, 0.00239222450182, 0.00053766509518, 0.000668708933517, 0.00325161986984, 0.00111552840099, 0.000876377802342, 0.00422544497997, 0.00409403908998, 0.00188607128803, 0.000346647488186, 0.000265367765678, 0.000227871365496, 0.000390677392716, 0.000287598726572, 0.00055180687923, 0.000653107068501, 0.000416306982515, 0.000537764863111, 0.000653836294077, 0.000999636133201, 0.00064110866515, 0.000256363477092, 0.000522942165844, 0.000507102522533, 0.000726406287868, 0.000328277557855, 0.000368976092432, 0.000254344224231, 0.00018496112898, 8.35839528008e-05, 6.51149384794e-05, 0.000217303619138, 0.000135008391226, 0.000136792426929, 0.000138327144668, 9.5836003311e-05, 0.000101260571682, 6.61700396449e-05, 6.48302811896e-05, 9.41583275562e-05, 0.000128914281959, 6.65779298288e-05, 0.000135419817525, 0.000159628878464, 7.48341117287e-05, 5.61341403227e-05, 6.02019681537e-05, 2.65005783149e-05, 3.05353532895e-05, 1.39339299494e-05, 8.37056632008e-06, 3.51584230884e-06, 4.91449964102e-06, 3.68885298485e-06, 1.57978877269e-06, 1.7891020434e-06, 1.85361136573e-06, 1.33804780944e-06, 1.07721245968e-06, 1.06065806449e-06, 1.41932423503e-06, 1.1354778735e-06, 3.90428539276e-07, 2.89231479655e-07, 2.85262196087e-08, 1.44606291386e-08, 1.44424578963e-08, 3.51947115895e-09, 2.80252654417e-10, 2.80055922897e-10, 2.83555484648e-10, 2.85078516349e-10, 2.85102025321e-10, 2.83981699267e-10, 2.8326288537e-10, 2.84370721415e-10, 2.83004536472e-10, 2.82412093711e-10, 2.82460305145e-10],
        "mean": [4.44544639322e-06, 5.12907645316e-05, 0.000131854772917, 0.000138347968459, 0.000122895042296, 0.000119917065604, 0.000105801715108, 0.000204711672268, 0.000286315422272, 0.000255499442574, 0.000151574480697, 8.82898675627e-05, 6.50414076517e-05, 0.000125166945509, 0.000206774653634, 0.000306892412482, 0.000344925414538, 0.000314039585646, 0.000178204543772, 0.0001325737976, 0.000108409127279, 0.000166875688592, 0.00016643422714, 0.000138691932079, 0.000139868541737, 0.000118817828479, 0.000169499529875, 5.7061908592e-05, 5.3015530284e-05, 8.91600866453e-05, 7.43728451198e-05, 3.39085381711e-05, 3.97546536988e-05, 1.54408189701e-05, 3.00108877127e-05, 2.42206297116e-05, 2.89911258733e-05, 4.0942330088e-05, 5.12690421601e-05, 3.69912850147e-05, 1.97162753466e-05, 4.02699879487e-05, 2.74307749351e-05, 1.93306968868e-05, 3.76929529011e-05, 5.2382449212e-05, 5.33622405783e-05, 3.01251457131e-05, 2.16857679334e-05, 2.51799574471e-05, 1.39652665894e-05, 1.90350674529e-05, 5.29540957359e-05, 2.93896828225e-05, 1.97101271624e-05, 4.44768884336e-05, 5.27552838321e-05, 3.53061514033e-05, 1.17654535643e-05, 6.11175346421e-06, 8.37519928609e-06, 8.86646193976e-06, 7.34176501282e-06, 7.79031142883e-06, 1.51232852659e-05, 1.36355474751e-05, 8.73016233527e-06, 7.41224994272e-06, 7.2827101576e-06, 5.06271044287e-06, 4.43974704467e-06, 4.94772029924e-06, 6.10405322732e-06, 7.49400032873e-06, 5.15385590916e-06, 3.48535968442e-06, 2.72092756859e-06, 2.77735534837e-06, 3.18201387017e-06, 3.29545605382e-06, 3.40941392096e-06, 2.6533559776e-06, 1.97619806386e-06, 2.3751210847e-06, 2.55708459918e-06, 1.94595827452e-06, 1.22387666579e-06, 1.13373971544e-06, 1.2478235476e-06, 1.17884701467e-06, 6.63455807626e-07, 6.94090829256e-07, 8.72156931564e-07, 6.56202303162e-07, 4.80573305595e-07, 5.14039300015e-07, 4.49955393833e-07, 3.32526894908e-07, 2.19362405574e-07, 1.89756718783e-07, 1.60170841923e-07, 1.50562939893e-07, 1.22231256228e-07, 1.11929402635e-07, 9.41554532119e-08, 7.67907835098e-08, 7.50467137323e-08, 6.18292048671e-08, 4.98129821835e-08, 4.50594441759e-08, 3.70516346493e-08, 1.79908639097e-08, 7.43950012705e-09, 8.38052627294e-10, 3.29322069614e-10, 3.2007371753e-10, 7.61604876387e-11, 2.043554128e-12, 1.95329538134e-12, 1.90863904542e-12, 1.86566669232e-12, 1.82893479007e-12, 1.798513595e-12, 1.76755962297e-12, 1.72538697739e-12, 1.67063509294e-12, 1.63832792818e-12, 1.62762620222e-12],
        "min": [3.03235204553e-26, 1.99986272798e-25, 4.93567033978e-26, 9.68463024554e-26, 2.01750880687e-25, 6.97229226031e-26, 2.9402120441e-25, 1.02065276782e-25, 2.29255403616e-25, 3.78401563225e-25, 1.21810206395e-25, 1.69150143747e-25, 3.05275217343e-25, 5.2593031146e-25, 2.1870724863e-25, 4.47008820804e-25, 2.85294233431e-25, 5.2777161142e-25, 4.55703251271e-25, 4.56536239083e-25, 2.70859040289e-25, 5.25142485934e-25, 2.7410384706e-25, 5.12663347363e-25, 7.92719421124e-25, 3.44865286556e-25, 4.00111163249e-25, 4.18093617362e-25, 2.83790565938e-25, 4.6437219167e-25, 6.83639975277e-25, 4.57079961462e-25, 6.92076546836e-25, 9.68976486722e-25, 1.20528144721e-24, 4.54083867744e-25, 4.97083097966e-25, 7.55871925456e-25, 5.44921102373e-25, 4.66445022306e-25, 5.61849909487e-25, 5.34945956226e-25, 4.56299876635e-25, 4.60030794286e-25, 1.17874426497e-24, 1.26044609588e-24, 6.89664604618e-25, 4.91537997448e-25, 1.241472512e-24, 8.47670189882e-25, 1.13373886285e-24, 9.56352345656e-25, 1.43747525909e-24, 1.60429104016e-24, 9.52153140449e-25, 1.4497540763e-24, 1.48515075815e-24, 1.29453957952e-24, 1.0708264168e-24, 2.28771950211e-24, 2.20268976286e-24, 1.28166546816e-24, 1.71780772999e-24, 1.59207266942e-24, 1.2861047829e-24, 1.79158850995e-24, 1.57929006592e-24, 2.13162739758e-24, 2.40426068465e-24, 9.38768537471e-25, 1.22071294702e-24, 2.62556417313e-24, 2.20573082164e-24, 2.75359511475e-24, 1.60132364126e-24, 2.71595146122e-24, 2.7385905859e-24, 2.58700682145e-24, 2.42285019188e-24, 2.68402882418e-24, 2.61781598131e-24, 2.36907965764e-24, 2.12635780673e-24, 2.51104996868e-24, 3.17051283633e-24, 2.22976859672e-24, 3.31154105023e-24, 2.66412566632e-24, 2.32622498618e-24, 2.73340954469e-24, 2.90268903698e-24, 3.46035019367e-24, 3.42925014134e-24, 3.30890428265e-24, 3.38026227355e-24, 3.12592858733e-24, 2.7305808867e-24, 4.01025408664e-24, 2.45855127544e-24, 3.26968980984e-24, 3.19627742792e-24, 4.33465617341e-24, 3.31904706174e-24, 3.94378387791e-24, 3.86842951766e-24, 3.6659951876e-24, 3.87012990734e-24, 3.61904218653e-24, 3.15151726294e-24, 3.33226837051e-24, 3.73940185028e-24, 3.58634981846e-24, 4.06734316149e-24, 4.21959568278e-24, 4.22292625352e-24, 3.46908485604e-24, 3.90549888046e-24, 4.27801122724e-24, 4.85731123299e-24, 4.66557977327e-24, 4.6305791982e-24, 4.41213572493e-24, 3.99886648505e-24, 5.49130690961e-24, 5.09063932825e-24, 4.07314523345e-24, 4.54678875943e-24, 4.87199469545e-24],
        "stdev": [1.4371990801e-05, 0.000201263828785, 0.000564884860069, 0.000542563444469, 0.00049542268971, 0.000406907551223, 0.000276719336398, 0.000583178421948, 0.000721100135706, 0.000557611288968, 0.000329015776515, 0.000211872524233, 0.000163158707437, 0.00053022702923, 0.00151269615162, 0.00199280399829, 0.0018342876574, 0.00146182219032, 0.00103473116178, 0.000598219863605, 0.000402719102567, 0.000858496117871, 0.00127049104776, 0.0007477683248, 0.000936625699978, 0.00060628762003, 0.000706025224645, 0.00020292258705, 0.000159377595992, 0.000419932679506, 0.000446793594165, 0.000157216112711, 0.00013162077812, 4.6690034651e-05, 0.00010170085443, 0.000104243823444, 0.000222808797844, 0.000249847682426, 0.000227702679695, 0.000158477938385, 6.40372090857e-05, 0.000131497770781, 6.55192052363e-05, 6.33066229057e-05, 0.000163144941325, 0.000195580520085, 0.000252939091297, 9.95547889033e-05, 7.16968279448e-05, 8.95164848771e-05, 3.44156032952e-05, 5.31239747943e-05, 0.000202584182261, 8.97466670722e-05, 5.5272696045e-05, 0.000228671648074, 0.000270145334071, 0.000108641157567, 2.38713491854e-05, 1.2892025552e-05, 1.85087192222e-05, 2.1971985916e-05, 1.69701161212e-05, 2.3735117793e-05, 4.33002132922e-05, 3.60765807272e-05, 2.41717625613e-05, 2.64141017396e-05, 3.46481647284e-05, 2.23840706894e-05, 1.62293836183e-05, 2.48046108027e-05, 2.50728207902e-05, 2.6473097023e-05, 1.52273451022e-05, 1.33934454425e-05, 9.43159011513e-06, 8.50501601235e-06, 6.88201498633e-06, 6.7464429776e-06, 9.80138429441e-06, 6.56142401567e-06, 5.61710294278e-06, 6.53543565932e-06, 6.03675607636e-06, 5.48093976249e-06, 3.19125319947e-06, 3.37968072017e-06, 3.76857997253e-06, 4.90383808938e-06, 2.36800178754e-06, 4.15927615904e-06, 5.09914798386e-06, 2.87377406494e-06, 2.2979543246e-06, 2.3874249564e-06, 1.36593223488e-06, 1.33948958592e-06, 7.35744322355e-07, 4.77409457744e-07, 3.41854814678e-07, 3.31892323402e-07, 2.51145593211e-07, 2.25049859637e-07, 1.79962995617e-07, 1.50684968503e-07, 1.43440473721e-07, 1.2118167092e-07, 9.53376400048e-08, 9.84664012549e-08, 7.55146416509e-08, 4.34721840747e-08, 2.44933229254e-08, 2.66886979183e-09, 1.08422448797e-09, 1.1259818633e-09, 2.78216477634e-10, 9.37580135058e-12, 9.29399786298e-12, 9.31572614188e-12, 9.29799987004e-12, 9.24850647455e-12, 9.17779567622e-12, 9.12363327249e-12, 9.12095746153e-12, 9.0611459308e-12, 9.02825383897e-12, 9.01907281498e-12]
    },
    "mfcc": {
        "mean": [-874.919067383, 57.3367729187, -20.3378105164, 8.40578460693, -7.14746427536, -1.12427759171, -10.1806974411, -0.50658839941, -2.82533574104, -1.02876007557, -2.11230015755, -2.33655309677, -3.2683866024],
        "cov": [[90519.5, 13024.3964844, -4272.41064453, 2421.31494141, -1573.94958496, -93.1318817139, -2272.22290039, 6.64336776733, -560.93951416, -123.466499329, -425.995025635, -515.143981934, -830.059020996], [13024.3964844, 2602.95874023, -434.858642578, 611.000793457, -243.312164307, -14.2945146561, -332.181884766, 31.0462322235, -55.4139976501, -16.8544597626, -26.2836856842, -80.6547470093, -98.5212860107], [-4272.41064453, -434.858642578, 589.141357422, 184.034423828, 81.0276565552, 71.9186782837, 145.547698975, 27.3714866638, 10.1822519302, 3.93065881729, 23.0818538666, 37.5362930298, 50.3311576843], [2421.31494141, 611.000793457, 184.034423828, 542.06262207, 28.6008434296, 115.746749878, -37.3557739258, 76.494354248, 33.5660362244, 40.3220443726, 12.8664493561, -0.389862447977, -16.72722435], [-1573.94958496, -243.312164307, 81.0276565552, 28.6008434296, 157.377868652, 38.0948295593, 56.0780563354, 13.0973186493, 36.4123039246, 22.7620353699, 10.4050369263, 1.7839307785, 12.5022220612], [-93.1318817139, -14.2945146561, 71.9186782837, 115.746749878, 38.0948295593, 95.5057678223, 39.228603363, 44.3862991333, 27.4666175842, 14.4998111725, 9.71516227722, 11.4320421219, -9.91979503632], [-2272.22290039, -332.181884766, 145.547698975, -37.3557739258, 56.0780563354, 39.228603363, 161.101348877, 40.2993354797, 29.0018291473, 5.19109010696, 24.85014534, 22.4914035797, 22.4722957611], [6.64336776733, 31.0462322235, 27.3714866638, 76.494354248, 13.0973186493, 44.3862991333, 40.2993354797, 93.3350601196, 49.0618591309, 17.3352603912, 13.9794893265, 6.22526311874, -5.5500497818], [-560.93951416, -55.4139976501, 10.1822519302, 33.5660362244, 36.4123039246, 27.4666175842, 29.0018291473, 49.0618591309, 87.6086425781, 42.3733520508, 17.2148914337, 2.34689116478, -5.59907674789], [-123.466499329, -16.8544597626, 3.93065881729, 40.3220443726, 22.7620353699, 14.4998111725, 5.19109010696, 17.3352603912, 42.3733520508, 68.236869812, 20.2245502472, -6.65105104446, -9.70889759064], [-425.995025635, -26.2836856842, 23.0818538666, 12.8664493561, 10.4050369263, 9.71516227722, 24.85014534, 13.9794893265, 17.2148914337, 20.2245502472, 51.4958343506, 18.6172599792, 6.74573659897], [-515.143981934, -80.6547470093, 37.5362930298, -0.389862447977, 1.7839307785, 11.4320421219, 22.4914035797, 6.22526311874, 2.34689116478, -6.65105104446, 18.6172599792, 49.1183052063, 21.8005771637], [-830.059020996, -98.5212860107, 50.3311576843, -16.72722435, 12.5022220612, -9.91979503632, 22.4722957611, -5.5500497818, -5.59907674789, -9.70889759064, 6.74573659897, 21.8005771637, 51.4312667847]],
        "icov": [[8.70715302881e-05, -0.000273784185993, 0.000438366550952, -0.000189739992493, 0.000152404900291, -0.000201834031031, 8.93487231224e-05, -8.78789214767e-05, 0.000470764440252, -0.000189025289728, 0.000362430029782, -0.000185221564607, 0.000312147923978], [-0.000273784185993, 0.00221264199354, -0.000101297278889, -0.00174814614002, 0.000810546858702, 0.00186053500511, -7.38166636438e-05, 0.000267056748271, -0.00130126753356, 0.00184658938088, -0.00203926977701, 0.00175752141513, -0.000697252631653], [0.000438366550952, -0.000101297278889, 0.00654059322551, -0.00476497225463, 0.00171639258042, 0.000235787723796, -0.00269039487466, 0.00101075018756, 0.00295530166477, 0.000242849491769, 0.00149373314343, -0.000368867913494, 0.000171278123162], [-0.000189739992493, -0.00174814614002, -0.00476497225463, 0.00845547858626, -0.00262368656695, -0.0057858787477, 0.00343643641099, -0.00257038511336, -0.000419545831392, -0.00302714202553, -9.73656733549e-06, -0.000632706680335, -0.00160262780264], [0.000152404900291, 0.000810546858702, 0.00171639258042, -0.00262368656695, 0.0104338880628, -0.00248116464354, -0.00178485247307, 0.00280056335032, -0.0024298033677, -4.76348686789e-05, -7.67106757849e-05, 0.0033436936792, -0.00213419576176], [-0.000201834031031, 0.00186053500511, 0.000235787723796, -0.0057858787477, -0.00248116464354, 0.0234334431589, -0.0047375257127, -0.0038823611103, -0.000739889394026, 0.00149433687329, 0.000637061079033, -0.00523664848879, 0.00730567192659], [8.93487231224e-05, -7.38166636438e-05, -0.00269039487466, 0.00343643641099, -0.00178485247307, -0.0047375257127, 0.0143810613081, -0.00564964534715, 0.000300200190395, 0.000818233122118, -0.00343323918059, 0.000422436831286, -0.00186368473805], [-8.78789214767e-05, 0.000267056748271, 0.00101075018756, -0.00257038511336, 0.00280056335032, -0.0038823611103, -0.00564964534715, 0.021737402305, -0.0113181089982, 0.00369477807544, -0.00141918146983, 0.00098765513394, -0.000114320522698], [0.000470764440252, -0.00130126753356, 0.00295530166477, -0.000419545831392, -0.0024298033677, -0.000739889394026, 0.000300200190395, -0.0113181089982, 0.0269342754036, -0.0129234446213, 0.00238431338221, -0.00301079475321, 0.00262801349163], [-0.000189025289728, 0.00184658938088, 0.000242849491769, -0.00302714202553, -4.76348686789e-05, 0.00149433687329, 0.000818233122118, 0.00369477807544, -0.0129234446213, 0.0274988096207, -0.0110282050446, 0.00742211425677, 0.00168994651176], [0.000362430029782, -0.00203926977701, 0.00149373314343, -9.73656733549e-06, -7.67106757849e-05, 0.000637061079033, -0.00343323918059, -0.00141918146983, 0.00238431338221, -0.0110282050446, 0.0306834224612, -0.0130533017218, 0.00165274797473], [-0.000185221564607, 0.00175752141513, -0.000368867913494, -0.000632706680335, 0.0033436936792, -0.00523664848879, 0.000422436831286, 0.00098765513394, -0.00301079475321, 0.00742211425677, -0.0130533017218, 0.0342734381557, -0.0131106022745], [0.000312147923978, -0.000697252631653, 0.000171278123162, -0.00160262780264, -0.00213419576176, 0.00730567192659, -0.00186368473805, -0.000114320522698, 0.00262801349163, 0.00168994651176, 0.00165274797473, -0.0131106022745, 0.0311322342604]]
    },
    "spectral_contrast_coeffs": {
        "max": [-0.370132267475, -0.372474074364, -0.467300474644, -0.60375893116, -0.626183986664, -0.608898282051],
        "mean": [-0.788042724133, -0.837982535362, -0.839139163494, -0.851000249386, -0.846962273121, -0.816602289677],
        "min": [-0.981819033623, -0.982312142849, -0.983951568604, -0.974494099617, -0.968720257282, -0.966005861759],
        "stdev": [0.146172106266, 0.120612993836, 0.109381496906, 0.0957822874188, 0.0913522168994, 0.115034423769]
    },
    "spectral_contrast_valleys": {
        "max": [-5.64136266708, -5.22243976593, -5.98478126526, -5.77075481415, -5.5443778038, -8.00498104095],
        "mean": [-14.8098869324, -14.1027698517, -14.4518861771, -14.3882808685, -14.3761310577, -16.3019332886],
        "min": [-28.1393680573, -27.9814548492, -27.9982318878, -27.7825107574, -27.617805481, -27.4293880463],
        "stdev": [9.1946439743, 9.63882827759, 9.38865280151, 9.42845821381, 9.44359397888, 8.03607559204]
    }
},
"rhythm": {
    "beats_count": 57,
    "beats_loudness": {
        "max": 0.116979070008,
        "mean": 0.0132438223809,
        "min": 0,
        "stdev": 0.0188460685313
    },
    "bpm": 136.031677246,
    "bpm_histogram_first_peak_bpm": 136,
    "bpm_histogram_first_peak_weight": 0.344827592373,
    "bpm_histogram_second_peak_bpm": 99,
    "bpm_histogram_second_peak_spread": 0.285714268684,
    "bpm_histogram_second_peak_weight": 0.0892857164145,
    "danceability": 0.933262765408,
    "onset_rate": 2.14891672134,
    "beats_loudness_band_ratio": {
        "max": [0.722368359566, 0.634750008583, 0.698641717434, 0.450307399035, 0.628227829933, 0.801427483559],
        "mean": [0.110304497182, 0.133841529489, 0.164322286844, 0.104020759463, 0.150775313377, 0.0843574851751],
        "min": [0, 0, 0, 0, 0, 0],
        "stdev": [0.161666989326, 0.159334093332, 0.191087707877, 0.119195885956, 0.164349555969, 0.120815746486]
    },
    "beats_position": [0.46439909935, 0.9287981987, 1.40480720997, 1.86920630932, 2.33360528946, 2.7863945961, 3.22757363319, 3.66875267029, 4.1099319458, 4.55111122131, 4.99229001999, 5.4334692955, 5.86303853989, 6.29260778427, 6.73378658295, 7.17496585846, 7.61614513397, 8.05732440948, 8.498503685, 8.93968200684, 9.38086128235, 9.83365058899, 10.2980499268, 10.7624483109, 11.2384576797, 11.7144670486, 12.1672563553, 12.5968255997, 13.0263938904, 13.4675731659, 13.8855323792, 14.3267116547, 14.7678909302, 15.2090702057, 15.6618595123, 16.114648819, 16.5558280945, 16.9853973389, 17.426574707, 17.9490242004, 18.483083725, 19.0171432495, 19.6208610535, 20.2245807648, 20.8282985687, 21.43201828, 22.035736084, 22.616235733, 23.1967334747, 23.7656230927, 24.3345127106, 24.9034004211, 25.4606800079, 26.0179595947, 26.5752372742, 27.132516861, 27.6897945404],
