{
"metadata": {
    "version": {
        "essentia": "2.1-beta5",
        "essentia_git_sha": "Undefined",
        "extractor": "music 2.0"
    },
    "audio_properties": {
        "analysis": {
            "equal_loudness": 0,
            "length": 12.7477550507,
            "sample_rate": 44100,
            "start_time": 0,
            "downmix": "mix"
        },
        "bit_rate": 192000,
        "length": 181.603271484,
        "lossless": 0,
        "number_channels": 1,
        "replay_gain": -8.02790260315,
        "sample_rate": 48000,
        "codec": "mp3",
        "md5_encoded": "686f32e584bbe1a818d042a0194a16c4"
    },
    "tags": {
        "file_name": "Turkey_Halley_Klips ve Onlar.mp3",
        "encoding": ["Lavf58.29.100"]
    }
},
"lowlevel": {
    "average_loudness": 0.961557865143,
    "barkbands_crest": {
        "max": 20.3200569153,
        "mean": 8.82796573639,
        "min": 3.27914953232,
        "stdev": 3.40476965904
    },
    "barkbands_flatness_db": {
        "max": 0.295788794756,
        "mean": 0.19213706255,
        "min": 0.048403147608,
        "stdev": 0.0440128557384
    },
    "barkbands_kurtosis": {
        "max": 35.1771202087,
        "mean": 3.30775046349,
        "min": -1.78778636456,
        "stdev": 4.26394557953
    },
    "barkbands_skewness": {
        "max": 5.15068769455,
        "mean": 1.48424208164,
        "min": -2.0021648407,
        "stdev": 0.930965185165
    },
    "barkbands_spread": {
        "max": 55.816947937,
        "mean": 15.2369604111,
        "min": 3.43212580681,
        "stdev": 8.33212375641
    },
    "dissonance": {
        "max": 0.499697029591,
        "mean": 0.447355985641,
        "min": 0.317492932081,
        "stdev": 0.0320648811758
    },
    "dynamic_complexity": 4.5252494812,
    "erbbands_crest": {
        "max": 29.3458747864,
        "mean": 8.96765422821,
        "min": 2.34755468369,
        "stdev": 4.19411039352
    },
    "erbbands_flatness_db": {
        "max": 0.338228166103,
        "mean": 0.23139321804,
        "min": 0.094260558486,
        "stdev": 0.0449319668114
    },
    "erbbands_kurtosis": {
        "max": 13.8493480682,
        "mean": -0.0653785541654,
        "min": -1.65422737598,
        "stdev": 1.54910957813
    },
    "erbbands_skewness": {
        "max": 2.66628479958,
        "mean": 0.482654869556,
        "min": -1.63976573944,
        "stdev": 0.612421989441
    },
    "erbbands_spread": {
        "max": 88.7836151123,
        "mean": 32.5591583252,
        "min": 4.22262191772,
        "stdev": 14.7981405258
    },
    "hfc": {
        "max": 102.329376221,
        "mean": 14.2989397049,
        "min": 1.17010216595e-16,
        "stdev": 12.6375236511
    },
    "loudness_ebu128": {
        "integrated": -18.917098999,
        "loudness_range": 2.82887840271,
        "momentary": {
            "max": -15.5804233551,
            "mean": -21.4201793671,
            "min": -42.9883956909,
            "stdev": 6.71745538712
        },
        "short_term": {
            "max": -17.7968769073,
            "mean": -19.2767944336,
            "min": -23.7032794952,
            "stdev": 1.1744685173
        }
    },
    "melbands_crest": {
        "max": 26.4977684021,
        "mean": 12.9897098541,
        "min": 1.25636076927,
        "stdev": 4.61684465408
    },
    "melbands_flatness_db": {
        "max": 0.33342346549,
        "mean": 0.218800053,
        "min": 0.000687106454279,
        "stdev": 0.0542184747756
    },
    "melbands_kurtosis": {
        "max": 100.842842102,
        "mean": 9.09315395355,
        "min": -1.36470997334,
        "stdev": 10.1554374695
    },
    "melbands_skewness": {
        "max": 8.79096698761,
        "mean": 2.22968053818,
        "min": -0.623192191124,
        "stdev": 1.18612921238
    },
    "melbands_spread": {
        "max": 150.470504761,
        "mean": 18.7410926819,
        "min": 2.96651029587,
        "stdev": 15.7159585953
    },
    "pitch_salience": {
        "max": 0.979572832584,
        "mean": 0.595130443573,
        "min": 0.20215447247,
        "stdev": 0.112021148205
    },
    "silence_rate_20dB": {
        "max": 1,
        "mean": 1,
        "min": 1,
        "stdev": 0
    },
    "silence_rate_30dB": {
        "max": 1,
        "mean": 0.970909118652,
        "min": 0,
        "stdev": 0.168061226606
    },
    "silence_rate_60dB": {
        "max": 1,
        "mean": 0.12909090519,
        "min": 0,
        "stdev": 0.335298240185
    },
    "spectral_centroid": {
        "max": 11368.6826172,
        "mean": 1111.62231445,
        "min": 365.744293213,
        "stdev": 864.947631836
    },
    "spectral_complexity": {
        "max": 43,
        "mean": 15.1090908051,
        "min": 0,
        "stdev": 7.71438694
    },
    "spectral_decrease": {
        "max": 3.10483589955e-29,
        "mean": -6.48449338669e-09,
        "min": -5.73228220446e-08,
        "stdev": 7.35636085381e-09
    },
    "spectral_energy": {
        "max": 0.221929013729,
        "mean": 0.0257709287107,
        "min": 1.05624211069e-20,
        "stdev": 0.0287253670394
    },
    "spectral_energyband_high": {
        "max": 0.00569887878373,
        "mean": 0.000184501710464,
        "min": 7.67429576434e-21,
        "stdev": 0.000485844677314
    },
    "spectral_energyband_low": {
        "max": 0.178300723433,
        "mean": 0.00563631206751,
        "min": 2.70757289065e-23,
        "stdev": 0.0180751141161
    },
    "spectral_energyband_middle_high": {
        "max": 0.0271765217185,
        "mean": 0.0039441739209,
        "min": 1.39788747442e-21,
        "stdev": 0.00394377252087
    },
    "spectral_energyband_middle_low": {
        "max": 0.169815331697,
        "mean": 0.0177521035075,
        "min": 2.89039014326e-22,
        "stdev": 0.0179509073496
    },
    "spectral_entropy": {
        "max": 9.81481456757,
        "mean": 7.17667770386,
        "min": 6.31407213211,
        "stdev": 0.46339687705
    },
    "spectral_flux": {
        "max": 0.376087248325,
        "mean": 0.0691149383783,
        "min": 6.5964560203e-11,
        "stdev": 0.0516273230314
    },
    "spectral_kurtosis": {
        "max": 26.8590526581,
        "mean": 5.27943706512,
        "min": -1.22403037548,
        "stdev": 4.33413219452
    },
    "spectral_rms": {
        "max": 0.014714486897,
        "mean": 0.00435892958194,
        "min": 3.21010926174e-12,
        "stdev": 0.00247832736932
    },
    "spectral_rolloff": {
        "max": 18863.0859375,
        "mean": 1317.91052246,
        "min": 129.19921875,
        "stdev": 1912.63293457
    },
    "spectral_skewness": {
        "max": 3.54862189293,
        "mean": 1.452480793,
        "min": -0.0217573679984,
        "stdev": 0.538277983665
    },
    "spectral_spread": {
        "max": 41159320,
        "mean": 3210413.5,
        "min": 1300689.25,
        "stdev": 2974896.25
    },
    "spectral_strongpeak": {
        "max": 6.05301523209,
        "mean": 1.120652318,
        "min": 0,
        "stdev": 1.00392687321
    },
    "zerocrossingrate": {
        "max": 0.84375,
        "mean": 0.0547594092786,
        "min": 0.01513671875,
        "stdev": 0.0688352808356
    },
    "barkbands": {
        "max": [0.00187936436851, 0.0706271380186, 0.12290276587, 0.0604968033731, 0.0416277125478, 0.0437874495983, 0.0464230366051, 0.0657991319895, 0.0467440783978, 0.0351939164102, 0.00963155645877, 0.00723183294758, 0.0108147673309, 0.00463252468035, 0.00732135772705, 0.00361413345672, 0.00345498602837, 0.00366752990521, 0.0034963672515, 0.00179538957309, 0.00260013411753, 0.00221658241935, 0.000444951350801, 0.000148112841998, 2.58738850789e-06, 1.69984980403e-06, 1.80435711172e-06],
        "mean": [2.75308120763e-05, 0.00179961929098, 0.0024240440689, 0.00219085626304, 0.00414260383695, 0.00392820686102, 0.00305679976009, 0.00289326743223, 0.000892794458196, 0.00107045704499, 0.000477323250379, 0.000423210847657, 0.000315023702569, 0.000364466977771, 0.000417138624471, 0.000316250749165, 0.000446329388069, 0.000146168255014, 0.000204744690564, 8.92606476555e-05, 8.25295719551e-05, 4.44915604021e-05, 1.34188667289e-05, 4.19794923801e-06, 1.94026455347e-07, 4.03634636825e-09, 4.17181267309e-09],
        "min": [6.92809122515e-24, 4.85808668326e-24, 3.48244184889e-24, 1.86160792223e-23, 1.40297555153e-23, 2.26096465342e-23, 2.77251255146e-23, 4.17901147134e-23, 5.83932386311e-23, 3.63059505448e-23, 2.60651097345e-23, 3.34132291598e-23, 3.96766269751e-23, 8.46232234503e-23, 1.27393122341e-22, 9.05496388195e-23, 1.42213824509e-22, 1.2864492469e-22, 2.87469597643e-22, 2.52803641589e-22, 3.55495257068e-22, 5.16620740669e-22, 4.99636931412e-22, 7.63852424182e-22, 1.26697049148e-21, 1.41398094371e-21, 2.29190462378e-21],
        "stdev": [0.000137851035106, 0.00705396663398, 0.010657091625, 0.0049128131941, 0.00552516942844, 0.00492662796751, 0.00465823244303, 0.00518861599267, 0.00375232263468, 0.00309109711088, 0.000854806567077, 0.000751952757128, 0.000736273417715, 0.00056683679577, 0.000661078374833, 0.000407124025514, 0.000565673981328, 0.000241711823037, 0.000277719431324, 0.000177070309292, 0.000211029633647, 0.000166966812685, 3.91946123273e-05, 9.67671076069e-06, 2.54637171793e-07, 7.23967943372e-08, 7.68515988625e-08]
    },
    "erbbands": {
        "max": [1.80694055557, 16.7996425629, 123.380104065, 197.054122925, 161.865753174, 118.591720581, 581.148193359, 223.325012207, 658.080749512, 464.583892822, 1659.50927734, 1310.4588623, 1330.0949707, 561.88848877, 542.913330078, 368.025817871, 429.406799316, 238.726013184, 419.993560791, 124.676025391, 124.842018127, 170.361068726, 233.731246948, 90.7621307373, 219.619125366, 66.1215667725, 150.286331177, 62.9433746338, 78.2657775879, 40.3065948486, 15.5512971878, 5.779692173, 0.997892439365, 0.0795733779669, 0.0124273402616, 0.00679266219959, 0.00314582348801, 0.00111819279846, 0.000256631785305, 0.000247337360634],
        "mean": [0.0307098422199, 0.506539642811, 2.36957287788, 6.10902118683, 6.99690389633, 11.9329843521, 45.2913627625, 18.3068599701, 46.3954582214, 45.3983612061, 56.7796287537, 27.2338790894, 33.0222015381, 21.1449623108, 21.3353977203, 21.4976577759, 15.6061172485, 22.2004756927, 24.4580726624, 15.9955787659, 18.7264728546, 18.5590896606, 10.1695480347, 7.94810438156, 10.7854700089, 4.70316505432, 4.23408222198, 2.19997382164, 1.58375859261, 0.885300993919, 0.38127759099, 0.138652145863, 0.0418348647654, 0.0057227560319, 0.00022046243248, 4.41749507445e-05, 1.88333178812e-05, 5.63253297514e-06, 1.3683888028e-05, 2.96223024634e-05],
        "min": [2.62420928874e-22, 6.30195657901e-22, 3.17255692955e-21, 5.58447209123e-20, 1.18811841715e-19, 4.1432071322e-20, 1.26770883096e-19, 1.78222486549e-19, 2.7440755224e-19, 4.28957150709e-19, 1.2865652919e-18, 1.19346094408e-18, 1.3732581628e-18, 1.29969657733e-18, 1.56942001256e-18, 1.43339605448e-18, 1.88237976481e-18, 2.93358756382e-18, 5.58526163512e-18, 3.74086641763e-18, 6.76957210047e-18, 8.37090898036e-18, 8.50142815485e-18, 1.01829945231e-17, 1.32528065329e-17, 9.81049854968e-18, 1.46459540467e-17, 1.51151739036e-17, 1.6634279518e-17, 1.48791329527e-17, 1.57584590311e-17, 1.65604718463e-17, 1.2412434044e-17, 1.2812141778e-17, 8.46131899413e-18, 4.74345977806e-18, 2.98772632811e-18, 1.18298408124e-18, 2.83023387952e-19, 3.59470689919e-20],
        "stdev": [0.134245604277, 1.97815179825, 10.7898921967, 13.933801651, 17.8520030975, 15.9412374496, 62.7488059998, 24.7031650543, 69.2786865234, 66.2227172852, 114.393981934, 103.894882202, 113.278671265, 40.6056556702, 41.4491882324, 37.8305854797, 32.0034408569, 30.5497608185, 38.5207099915, 17.9611263275, 20.1265029907, 22.9791889191, 16.4434566498, 10.2709531784, 16.4258022308, 8.02010536194, 11.1401586533, 5.51466560364, 6.24419927597, 3.17502403259, 1.1781090498, 0.37594306469, 0.0733606144786, 0.00795188359916, 0.000591953925323, 0.000290957395919, 0.000134356887429, 4.76821696793e-05, 1.76240500878e-05, 3.23358253809e-05]
    },
    "gfcc": {
        "mean": [-86.7679901123, 159.945617676, -171.074417114, 42.6313743591, -67.8832931519, -10.3968887329, -31.6710014343, -20.5713939667, 2.63645601273, -21.8717403412, 7.59327077866, -20.2067317963, 1.32008814812],
        "cov": [[20267.7695312, 3798.53588867, -2376.00683594, 254.312210083, -525.24597168, -1324.62475586, 106.252792358, -645.343261719, 298.14251709, -311.141235352, 251.278198242, -308.335906982, 14.2529611588], [3798.53588867, 1117.24572754, -305.731109619, -85.0941085815, 45.4260749817, -366.691223145, 16.9108295441, -153.843994141, 65.7136917114, -80.5795516968, 74.2970352173, -83.8542480469, 17.4388580322], [-2376.00683594, -305.731109619, 774.721313477, 227.936019897, 95.3182601929, 157.352584839, -7.62055635452, 48.7319412231, -72.3625030518, 25.7452449799, -69.7152404785, -5.98714208603, -24.1093044281], [254.312210083, -85.0941085815, 227.936019897, 471.994354248, -38.7438430786, 108.6352005, -21.3092136383, -6.36910820007, -37.6219139099, -0.497893124819, -32.0593910217, -24.7927265167, -10.9524316788], [-525.24597168, 45.4260749817, 95.3182601929, -38.7438430786, 175.340881348, -17.1005191803, 27.1060600281, 24.3044815063, 19.7495441437, 33.703918457, 22.2177581787, 17.3364524841, 16.8099536896], [-1324.62475586, -366.691223145, 157.352584839, 108.6352005, -17.1005191803, 408.753540039, -44.0115699768, 103.142578125, -44.5925102234, -5.71723365784, -28.9518871307, 18.9780807495, 29.0521011353], [106.252792358, 16.9108295441, -7.62055635452, -21.3092136383, 27.1060600281, -44.0115699768, 130.069458008, 22.3993453979, 20.0138053894, 12.8667135239, -1.8344783783, 14.9228725433, -7.19019460678], [-645.343261719, -153.843994141, 48.7319412231, -6.36910820007, 24.3044815063, 103.142578125, 22.3993453979, 103.104202271, 19.9062099457, 22.3103218079, -1.99424862862, 15.3502626419, 7.49761009216], [298.14251709, 65.7136917114, -72.3625030518, -37.6219139099, 19.7495441437, -44.5925102234, 20.0138053894, 19.9062099457, 76.4921569824, 30.9837417603, 11.8718194962, -5.35886526108, 0.73078173399], [-311.141235352, -80.5795516968, 25.7452449799, -0.497893124819, 33.703918457, -5.71723365784, 12.8667135239, 22.3103218079, 30.9837417603, 77.9587631226, 31.1792850494, 10.207242012, 6.19497871399], [251.278198242, 74.2970352173, -69.7152404785, -32.0593910217, 22.2177581787, -28.9518871307, -1.8344783783, -1.99424862862, 11.8718194962, 31.1792850494, 75.1605987549, 29.4428253174, 17.4074440002], [-308.335906982, -83.8542480469, -5.98714208603, -24.7927265167, 17.3364524841, 18.9780807495, 14.9228725433, 15.3502626419, -5.35886526108, 10.207242012, 29.4428253174, 70.0306396484, 30.0821552277], [14.2529611588, 17.4388580322, -24.1093044281, -10.9524316788, 16.8099536896, 29.0521011353, -7.19019460678, 7.49761009216, 0.73078173399, 6.19497871399, 17.4074440002, 30.0821552277, 64.4143295288]],
        "icov": [[0.000619001861196, -0.00205744081177, 0.00135529856198, -0.00122466462199, 0.00155054940842, -3.62641512766e-05, -0.000483379728394, 0.000198898400413, -0.000101890451333, -0.000994890462607, 0.000848790514283, -0.000803324568551, 0.000496307795402], [-0.00205744081177, 0.0107632530853, -0.00471792882308, 0.00375463906676, -0.00659745372832, 0.00190212042071, 3.95522829422e-06, 0.00215212348849, -0.00392300309613, 0.0118588004261, -0.0108132986352, 0.0105207115412, -0.0060594403185], [0.00135529856198, -0.00471792882308, 0.00545130204409, -0.0035707349889, 0.00165045156609, -0.000309360475512, -0.000527840747964, -0.000460626819404, 0.002724486636, -0.00476466398686, 0.00514574442059, -0.00293499580584, 0.00252151605673], [-0.00122466462199, 0.00375463906676, -0.0035707349889, 0.0052755442448, -0.00196214113384, -0.000832010759041, 0.000744088145439, 0.000545264221728, 0.000445781362941, 0.000910070200916, -0.00139897444751, 0.00198368146084, -0.000919000071008], [0.00155054940842, -0.00659745372832, 0.00165045156609, -0.00196214113384, 0.0125006204471, -0.000115378155897, -0.00180202128831, -0.00139950821176, -0.000424421014031, -0.00617684144527, 0.00244040763937, -0.00435037910938, 0.000449736107839], [-3.62641512766e-05, 0.00190212042071, -0.000309360475512, -0.000832010759041, -0.000115378155897, 0.00583115639165, 0.0012454421958, -0.0046794670634, 0.00117624702398, 0.00389978266321, -0.00236518168822, 0.00320894271135, -0.00392819102854], [-0.000483379728394, 3.95522829422e-06, -0.000527840747964, 0.000744088145439, -0.00180202128831, 0.0012454421958, 0.0108933988959, -0.00462167244405, 0.00140726123936, -0.00356739503331, 0.00551156979054, -0.00628507835791, 0.00347016798332], [0.000198898400413, 0.00215212348849, -0.000460626819404, 0.000545264221728, -0.00139950821176, -0.0046794670634, -0.00462167244405, 0.0211387127638, -0.0100261233747, 0.00374699686654, -0.00467201881111, 0.00288368971087, -0.00153771345504], [-0.000101890451333, -0.00392300309613, 0.002724486636, 0.000445781362941, -0.000424421014031, 0.00117624702398, 0.00140726123936, -0.0100261233747, 0.0277151092887, -0.0176245868206, 0.011198297143, -0.0046380572021, 0.00360485911369], [-0.000994890462607, 0.0118588004261, -0.00476466398686, 0.000910070200916, -0.00617684144527, 0.00389978266321, -0.00356739503331, 0.00374699686654, -0.0176245868206, 0.0420224629343, -0.0288570709527, 0.0194021146744, -0.0107043795288], [0.000848790514283, -0.0108132986352, 0.00514574442059, -0.00139897444751, 0.00244040763937, -0.00236518168822, 0.00551156979054, -0.00467201881111, 0.011198297143, -0.0288570709527, 0.0419041663408, -0.0260097216815, 0.00948748551309], [-0.000803324568551, 0.0105207115412, -0.00293499580584, 0.00198368146084, -0.00435037910938, 0.00320894271135, -0.00628507835791, 0.00288368971087, -0.0046380572021, 0.0194021146744, -0.0260097216815, 0.0403700955212, -0.0184186603874], [0.000496307795402, -0.0060594403185, 0.00252151605673, -0.000919000071008, 0.000449736107839, -0.00392819102854, 0.00347016798332, -0.00153771345504, 0.00360485911369, -0.0107043795288, 0.00948748551309, -0.0184186603874, 0.0270896907896]]
    },
    "melbands": {
        "max": [0.0196251999587, 0.047676987946, 0.0297146812081, 0.00735369557515, 0.0168999116868, 0.00577743723989, 0.0103741344064, 0.00637148972601, 0.012600001879, 0.00696411170065, 0.00669055758044, 0.002426690422, 0.00141549692489, 0.000926671142224, 0.000649434456136, 0.0014875701163, 0.000542504247278, 0.000594762328546, 0.000328437949065, 0.000322777748806, 0.000214944491745, 0.000236927109654, 0.000242746638833, 0.000137345094117, 7.92857535998e-05, 0.000184564094525, 0.000103645506897, 3.67250577256e-05, 0.000114576672786, 4.92390936415e-05, 3.34956384904e-05, 4.64277218271e-05, 4.32694614574e-05, 1.30750386234e-05, 9.60803208727e-06, 6.2367666942e-06, 2.49180152423e-06, 8.18983039608e-07, 1.86427371318e-07, 3.51914515306e-08],
        "mean": [0.000405613332987, 0.0010838189628, 0.00104587478563, 0.000599177263211, 0.00135984423105, 0.000494515057653, 0.000702805700712, 0.000513814971782, 0.000434399815276, 0.000140392308822, 0.000159547518706, 8.14873565105e-05, 6.73550748616e-05, 5.36816041858e-05, 4.04950587836e-05, 3.52551323886e-05, 4.08127853007e-05, 3.65482592315e-05, 2.1522933821e-05, 2.79416999547e-05, 2.2232230549e-05, 2.2176101993e-05, 1.36002790896e-05, 6.96341703588e-06, 5.96771269556e-06, 8.22436140879e-06, 5.02657576362e-06, 2.66202800958e-06, 2.89671379505e-06, 1.81151210654e-06, 1.13337773655e-06, 9.13446172035e-07, 7.72091993895e-07, 3.63565249017e-07, 2.43962858804e-07, 1.2290449547e-07, 6.54153851087e-08, 3.25367217613e-08, 1.36317783728e-08, 1.3289092049e-09],
        "min": [1.70378789677e-24, 2.13502442985e-24, 1.03216398885e-23, 4.56494794304e-24, 3.56840993818e-24, 4.49129752234e-24, 4.34696043137e-24, 4.55185600745e-24, 1.11654970206e-23, 6.56811466701e-24, 7.15833211325e-24, 4.78002613568e-24, 4.75818612709e-24, 5.17052096123e-24, 4.50024162729e-24, 3.54668589215e-24, 6.07798000381e-24, 9.16369936472e-24, 7.54591919751e-24, 5.38942157939e-24, 8.07459799897e-24, 7.93020095458e-24, 7.52066302677e-24, 4.14219462291e-24, 7.4589393941e-24, 1.0926405902e-23, 7.63657824818e-24, 5.34131960241e-24, 9.25610179799e-24, 9.48720648879e-24, 7.65647016477e-24, 8.09119563242e-24, 9.61425174871e-24, 7.86849546571e-24, 9.46182173372e-24, 8.51133663965e-24, 9.32928047987e-24, 9.21532794439e-24, 7.63655063805e-24, 1.18182297214e-23],
        "stdev": [0.00163513293955, 0.00436299853027, 0.00233623548411, 0.00102419464383, 0.00176494230982, 0.00065442972118, 0.00106498040259, 0.000800492940471, 0.000919713580515, 0.000562064931728, 0.000565075315535, 0.000170207480551, 0.000124040117953, 9.51898982748e-05, 6.14343807683e-05, 9.076979768e-05, 6.27020926913e-05, 5.63076464459e-05, 3.04216664517e-05, 3.77062679036e-05, 2.81034608633e-05, 3.10665745928e-05, 2.54589394899e-05, 1.05081389847e-05, 8.73595308803e-06, 1.29144627863e-05, 8.49594016472e-06, 4.58606973552e-06, 8.14893883216e-06, 4.37685366705e-06, 2.94804044643e-06, 3.52658798874e-06, 3.31969272338e-06, 1.13550754577e-06, 7.66352627579e-07, 3.86981469092e-07, 1.62563580375e-07, 5.93509454916e-08, 1.90220035279e-08, 2.4125623721e-09]
    },
    "melbands128": {
        "max": [0.00155552907381, 0.00925592146814, 0.0358898080885, 0.0307812578976, 0.0628929808736, 0.0564291998744, 0.0456458963454, 0.0287710353732, 0.0191586297005, 0.00797840114683, 0.00561140291393, 0.0144784264266, 0.0286392066628, 0.0122255394235, 0.00168360292446, 0.012829484418, 0.0112104667351, 0.0193138569593, 0.00926279369742, 0.00708423182368, 0.0130600035191, 0.0155272530392, 0.0194580294192, 0.0127974096686, 0.0150318527594, 0.00548288878053, 0.00279046082869, 0.0136722000316, 0.00285533675924, 0.00414430722594, 0.00269659841433, 0.000654472154565, 0.00130286882631, 0.00394869735464, 0.00090750848176, 0.00103917927481, 0.00174402771518, 0.000270376913249, 0.00158574385568, 0.000990165397525, 0.00294159492478, 0.000783356430475, 0.000570309872273, 0.00111378636211, 0.00043224246474, 0.00065365456976, 0.00158994761296, 0.000128651357954, 0.000161258125445, 0.000415914226323, 0.000579905579798, 0.000430752988905, 0.000337593519362, 0.000449709506938, 0.000605463224929, 0.000507235527039, 0.00010462726641, 0.000555194856133, 0.000306272995658, 0.000425074249506, 8.75399928191e-05, 0.000105717699626, 0.000148616571096, 8.26430405141e-05, 0.000155633839313, 0.000159955350682, 0.000423224788392, 0.000174595465069, 8.87978676474e-05, 8.65396577865e-05, 3.92911751987e-05, 3.70942980226e-05, 9.18277073652e-05, 0.000173736945726, 7.11926622898e-05, 7.83236100688e-05, 3.73274851881e-05, 4.18074050685e-05, 3.5037908674e-05, 3.99942109652e-05, 5.09152523591e-05, 7.91212878539e-05, 5.28155069333e-05, 6.31799630355e-05, 3.633050801e-05, 9.33231785893e-06, 9.17119268706e-06, 1.47933587868e-05, 1.10134187707e-05, 1.14316399049e-05, 6.65580319037e-06, 6.15789895164e-06, 3.83015776606e-06, 2.09496124626e-06, 1.93107416635e-06, 1.17506260722e-06, 5.84843462548e-07, 3.40744634286e-07, 3.45094463228e-07, 8.68738041504e-08, 1.03486947012e-07, 1.65082632009e-08, 1.55601025398e-08, 1.47209711088e-08, 1.39864306803e-08, 1.3317989378e-08, 1.27070896028e-08, 1.21555290278e-08, 1.17066125682e-08, 1.1243525222e-08, 1.07719744236e-08, 1.03761435e-08, 9.95042270802e-09, 9.62333235321e-09, 9.26736909435e-09, 8.96533869366e-09, 8.6959071055e-09, 8.42455794015e-09, 8.17333045688e-09, 8.00352939478e-09, 7.79327979927e-09, 7.62510588004e-09, 7.50777040537e-09, 7.37265626327e-09, 7.22741910764e-09, 7.13943348885e-09, 7.07718195159e-09, 7.04264735418e-09],
        "mean": [1.81766190508e-05, 0.000128795945784, 0.00060540944105, 0.000865461537614, 0.00108428183012, 0.00123454572167, 0.00136083189864, 0.00092255580239, 0.000708365114406, 0.000437543872977, 0.000509426638018, 0.00126868521329, 0.00212643807754, 0.000827897922136, 0.000163389413501, 0.000494668260217, 0.000620794249699, 0.000963956525084, 0.000498378707562, 0.000451995816547, 0.000577051425353, 0.000462240102934, 0.000544264621567, 0.000192998006241, 0.000201201517484, 6.52085072943e-05, 0.000114058282634, 0.000273613753961, 6.57977143419e-05, 0.000104525599454, 8.34559468785e-05, 3.70417474187e-05, 7.52767591621e-05, 9.74360955297e-05, 1.93708747247e-05, 5.30441720912e-05, 8.97914214875e-05, 1.6769145077e-05, 3.76723546651e-05, 3.03262295347e-05, 3.06048168568e-05, 4.82560535602e-05, 4.21560253017e-05, 4.69668957521e-05, 8.52067751111e-06, 4.07531151723e-05, 6.6852204327e-05, 9.80444474408e-06, 8.20859077066e-06, 2.04159423447e-05, 4.37941635028e-05, 1.99487694772e-05, 1.07615160232e-05, 2.47897605732e-05, 4.38262359239e-05, 1.58768089022e-05, 8.20829063741e-06, 2.50347929978e-05, 9.35342814046e-06, 5.86214900977e-06, 7.94537481852e-06, 5.92761261942e-06, 7.82895131124e-06, 5.56951272301e-06, 3.76383559342e-06, 7.07819162926e-06, 1.42544286064e-05, 5.62114610148e-06, 2.58037175627e-06, 3.82449934477e-06, 2.57199189946e-06, 2.23379311137e-06, 2.48804190051e-06, 3.65143682757e-06, 2.23789788834e-06, 2.35129778048e-06, 1.32170794132e-06, 9.72868406279e-07, 1.20602385323e-06, 1.25665576434e-06, 7.68294682985e-07, 8.8721009206e-07, 8.55320649862e-07, 8.22462936867e-07, 6.96036636327e-07, 3.66751663705e-07, 2.7035923722e-07, 2.71149389164e-07, 2.77218731526e-07, 2.02658043236e-07, 1.20661738379e-07, 1.10139204423e-07, 1.10789741825e-07, 5.33056052632e-08, 5.23255572205e-08, 3.54700517846e-08, 3.17503356939e-08, 2.03214067795e-08, 1.68939138234e-08, 8.10215183833e-09, 2.4939048604e-09, 6.4750899087e-11, 3.6715422369e-11, 3.38697576929e-11, 3.22115910334e-11, 3.07020103785e-11, 3.0450666294e-11, 3.26540287865e-11, 2.7676153036e-11, 2.59318989893e-11, 2.48833419147e-11, 2.40245340982e-11, 2.31273698109e-11, 2.23340668876e-11, 2.15292627476e-11, 2.08673252289e-11, 2.02546382444e-11, 1.95133041669e-11, 1.8924552897e-11, 1.85045121587e-11, 1.80204288991e-11, 1.76391418832e-11, 1.73654458868e-11, 1.70516448184e-11, 1.66609399888e-11, 1.63217998145e-11, 1.611110724e-11, 1.60211757055e-11],
        "min": [4.64202192145e-25, 2.57479624071e-24, 1.88861524585e-24, 7.05254616169e-25, 1.4477892703e-25, 2.43682229902e-24, 1.43629372295e-23, 4.12671204436e-24, 1.07487063056e-23, 1.2555504251e-24, 8.85930634039e-25, 1.42415129979e-24, 5.12480094975e-24, 4.86238163646e-24, 1.76479583538e-24, 3.48154728062e-24, 4.5670613014e-24, 3.83826820981e-24, 3.19797328165e-24, 3.08669735122e-24, 4.00642968897e-24, 4.151378936e-24, 1.23942314997e-23, 1.41428813245e-23, 7.93542084719e-24, 1.30474458001e-24, 4.33328473872e-24, 5.4997141947e-24, 4.77326047013e-24, 3.02413792043e-24, 1.6918165381e-24, 2.17760654987e-24, 4.54579085038e-24, 4.67644120464e-24, 1.14789171775e-24, 3.2665509323e-24, 2.37432420216e-24, 1.52393185051e-24, 2.9587920357e-24, 5.04880051242e-24, 4.02618631591e-24, 1.4848016872e-24, 2.48446239795e-24, 1.03003800871e-23, 8.50727873916e-24, 8.69837398256e-24, 4.17314479167e-24, 6.90269700375e-24, 5.06339010043e-24, 1.2650469299e-24, 2.59949153135e-24, 3.51067873056e-24, 5.73651603895e-24, 7.57675655916e-24, 6.39137235335e-24, 5.55477786918e-24, 7.88016035192e-24, 9.02098890494e-24, 4.21817218328e-24, 4.54945234827e-24, 2.64743317236e-24, 2.43492489133e-24, 4.39242445749e-24, 7.10536878094e-24, 9.31209987821e-24, 1.16203952393e-23, 5.65145316754e-24, 6.46694996123e-24, 4.38402308885e-24, 4.80835570851e-24, 4.16238946209e-24, 4.47193138155e-24, 6.77642246093e-24, 7.32919938533e-24, 6.12756425043e-24, 1.02994381872e-23, 7.25288655908e-24, 8.37746536631e-24, 5.98256136086e-24, 5.61456958149e-24, 4.27333722638e-24, 6.64974954335e-24, 1.1832870191e-23, 9.97296889042e-24, 9.04645017952e-24, 4.65997373325e-24, 8.15220771255e-24, 1.16879028001e-23, 7.44613065958e-24, 7.33384183175e-24, 4.81331922132e-24, 6.7384175091e-24, 5.48845123313e-24, 9.69445444808e-24, 8.70938174763e-24, 9.34809560132e-24, 1.03562535273e-23, 6.86294551388e-24, 4.84090450389e-24, 7.94590559748e-24, 8.08146108885e-24, 1.1909048122e-23, 9.95164755787e-24, 1.17407825132e-23, 5.24379075654e-24, 8.05532060503e-24, 1.06210402122e-23, 8.36131343928e-24, 6.39172970734e-24, 5.89878078285e-24, 7.28142439118e-24, 5.90874488495e-24, 7.80302632146e-24, 8.66614980344e-24, 5.32636477179e-24, 8.20981349129e-24, 7.67931005456e-24, 8.78458228e-24, 8.82189461196e-24, 7.93697963634e-24, 6.96758396865e-24, 9.29673365664e-24, 1.07902240551e-23, 7.65676440989e-24, 8.39129567571e-24, 8.57389646488e-24, 9.25150668322e-24, 9.0739514484e-24],
        "stdev": [0.000103141173895, 0.000651516951621, 0.00268114311621, 0.0034989900887, 0.00557296629995, 0.00496861012653, 0.00313874729909, 0.0025574110914, 0.00213075312786, 0.000949162873439, 0.000829338503536, 0.00162115436979, 0.00314356875606, 0.00123252347112, 0.000263330701273, 0.00118487048894, 0.00112332846038, 0.00187267817091, 0.000929997419007, 0.000860835891217, 0.00139330292586, 0.00104108802043, 0.0013129186118, 0.00100497435778, 0.00111886544619, 0.000356108386768, 0.000285281916149, 0.00114725937601, 0.000235731145949, 0.000274372752756, 0.000207037985092, 7.66607554397e-05, 0.000169490318513, 0.000293410645099, 5.76410457143e-05, 0.000106256287836, 0.00019216669898, 2.72142860922e-05, 9.19980666367e-05, 8.31982542877e-05, 0.000168062106241, 9.02054234757e-05, 6.91146415193e-05, 0.000116587580123, 3.21427105519e-05, 6.95097769494e-05, 0.000139156778459, 1.64936900546e-05, 1.68291480804e-05, 4.22173834522e-05, 7.28039958631e-05, 3.78374897991e-05, 2.45151131821e-05, 4.61788877146e-05, 7.73666106397e-05, 4.85458949697e-05, 1.40595711855e-05, 5.72740136704e-05, 2.116106225e-05, 2.50889588642e-05, 1.12250017992e-05, 9.09381287784e-06, 1.56337573571e-05, 8.25583992992e-06, 1.0277889487e-05, 1.33072817334e-05, 2.66483384621e-05, 1.24406569739e-05, 6.6822244662e-06, 9.24923278944e-06, 4.58121348856e-06, 4.25298594564e-06, 7.43316786611e-06, 1.14064023364e-05, 6.63157743475e-06, 5.9796620917e-06, 3.36346079166e-06, 3.23408835357e-06, 3.14174712912e-06, 3.31901560457e-06, 3.09005872623e-06, 4.77810772281e-06, 3.64115044249e-06, 3.94817243432e-06, 2.95247514259e-06, 9.72031102719e-07, 8.27506710266e-07, 1.12507063932e-06, 8.55084806517e-07, 6.83644884703e-07, 4.2944299139e-07, 3.77906218318e-07, 2.95368153047e-07, 1.47865321765e-07, 1.19232524298e-07, 7.83476252764e-08, 5.45138085783e-08, 3.58707517023e-08, 2.73864593225e-08, 9.26335452789e-09, 6.56799148402e-09, 7.40584982228e-10, 6.62904120485e-10, 6.27000229514e-10, 5.95715476948e-10, 5.67245250771e-10, 5.41187816783e-10, 5.17723586224e-10, 4.98588392794e-10, 4.78887707267e-10, 4.58802884573e-10, 4.41941455653e-10, 4.23805657235e-10, 4.09874995055e-10, 3.94713456364e-10, 3.81848164199e-10, 3.70371816549e-10, 3.58819474133e-10, 3.48119949534e-10, 3.40887845729e-10, 3.31933258657e-10, 3.24769877658e-10, 3.19771792379e-10, 3.14017034597e-10, 3.07834424618e-10, 3.04092862002e-10, 3.01444258444e-10, 2.99973712536e-10]
    },
    "mfcc": {
        "mean": [-693.459106445, 158.239990234, -31.3767433167, 33.3560600281, -9.42819023132, 3.63611841202, -20.9698524475, -2.10056328773, -13.8632049561, 3.81058692932, -8.50900650024, 4.21203184128, -4.48687314987],
        "cov": [[9773.35644531, 2494.734375, -1120.45117188, 912.354431152, -702.249389648, -204.739974976, -456.276275635, -206.639190674, -273.013244629, 62.1147193909, -86.4100646973, 117.865226746, 84.4394378662], [2494.734375, 1201.30700684, -360.935546875, 134.694778442, -99.2716293335, -155.277297974, -122.319343567, -97.5551605225, -96.5658798218, -1.87901496887, -20.1716346741, -0.54379850626, 15.1801977158], [-1120.45117188, -360.935546875, 586.779174805, 100.50793457, 154.564361572, 122.115966797, 97.4094009399, 47.6102828979, 44.3046302795, -10.4108018875, 13.4501237869, -47.9326782227, -68.1170883179], [912.354431152, 134.694778442, 100.50793457, 434.073608398, -30.7445030212, 16.3151931763, -34.1919212341, -48.7031974792, -33.1236381531, 11.8607006073, 5.43421506882, 7.5978064537, -0.485743522644], [-702.249389648, -99.2716293335, 154.564361572, -30.7445030212, 218.2840271, 54.112285614, 55.0488891602, 1.67052078247, 29.3242893219, -0.564525187016, 3.08215165138, 0.694678604603, 13.6172409058], [-204.739974976, -155.277297974, 122.115966797, 16.3151931763, 54.112285614, 112.860534668, 47.7233009338, 30.2037334442, 24.52967453, 3.4578166008, -6.70604896545, -4.09308004379, -4.58696603775], [-456.276275635, -122.319343567, 97.4094009399, -34.1919212341, 55.0488891602, 47.7233009338, 108.292961121, 46.6663169861, 25.7259693146, -1.79206502438, 6.92629432678, -5.95986557007, -3.78123569489], [-206.639190674, -97.5551605225, 47.6102828979, -48.7031974792, 1.67052078247, 30.2037334442, 46.6663169861, 100.758834839, 39.5530700684, -6.58031272888, -2.53319048882, -4.83676195145, -2.86176896095], [-273.013244629, -96.5658798218, 44.3046302795, -33.1236381531, 29.3242893219, 24.52967453, 25.7259693146, 39.5530700684, 85.7590103149, 29.5936050415, 9.14359664917, -1.27705490589, 1.68434345722], [62.1147193909, -1.87901496887, -10.4108018875, 11.8607006073, -0.564525187016, 3.4578166008, -1.79206502438, -6.58031272888, 29.5936050415, 61.8362808228, 23.5363769531, 4.03192567825, -4.91460704803], [-86.4100646973, -20.1716346741, 13.4501237869, 5.43421506882, 3.08215165138, -6.70604896545, 6.92629432678, -2.53319048882, 9.14359664917, 23.5363769531, 72.2283401489, 21.9885997772, -20.94348526], [117.865226746, -0.54379850626, -47.9326782227, 7.5978064537, 0.694678604603, -4.09308004379, -5.95986557007, -4.83676195145, -1.27705490589, 4.03192567825, 21.9885997772, 77.7181472778, 38.0440177917], [84.4394378662, 15.1801977158, -68.1170883179, -0.485743522644, 13.6172409058, -4.58696603775, -3.78123569489, -2.86176896095, 1.68434345722, -4.91460704803, -20.94348526, 38.0440177917, 107.090744019]],
        "icov": [[0.000627701694611, -0.0010771601228, 0.000520534114912, -0.000908474554308, 0.00113698176574, -0.00158033287153, 0.000870152609423, -0.000618426769506, 0.000417453091359, -0.000701875134837, 0.000588129973039, -0.000812017649878, 0.000151376385475], [-0.0010771601228, 0.00316251185723, -0.00010543926328, 0.000950286688749, -0.00245006242767, 0.0038230731152, -0.00127190246712, 0.000982343452051, -7.49027003621e-06, 0.00096026196843, -0.000679013319314, 0.00179283041507, 6.94031841704e-05], [0.000520534114912, -0.00010543926328, 0.00429695332423, -0.00222745793872, -0.00115888996515, -0.00250599905849, -0.00014209683286, -0.00106457935181, -0.000217484062887, 0.000921334431041, -0.0002057676611, 0.000896449142601, 0.00202112062834], [-0.000908474554308, 0.000950286688749, -0.00222745793872, 0.00458287866786, -0.00038257802953, 0.00110509328078, -0.000505587318912, 0.00211106031202, 0.000233188271523, -1.63368895301e-05, -0.00100522942375, 0.000529140350409, -0.00106885691639], [0.00113698176574, -0.00245006242767, -0.00115888996515, -0.00038257802953, 0.00950604490936, -0.00467606540769, -0.000690932851285, 0.00227215094492, -0.00137332547456, -0.000345162552549, 0.000551486213226, -0.00190707785077, -0.00186967826448], [-0.00158033287153, 0.0038230731152, -0.00250599905849, 0.00110509328078, -0.00467606540769, 0.0188584290445, -0.00534958997741, -0.000458781229099, -0.0010295396205, -0.00063076853985, 0.00241049122997, 0.000387914886232, 0.000637219462078], [0.000870152609423, -0.00127190246712, -0.00014209683286, -0.000505587318912, -0.000690932851285, -0.00534958997741, 0.0166305750608, -0.00638709077612, 0.00143395084888, -0.000849646050483, -0.00171986466739, 0.000172796717379, -0.000782524177339], [-0.000618426769506, 0.000982343452051, -0.00106457935181, 0.00211106031202, 0.00227215094492, -0.000458781229099, -0.00638709077612, 0.017933703959, -0.00852541439235, 0.00602216599509, -0.00038610160118, 0.000410964712501, -0.000185092998436], [0.000417453091359, -7.49027003621e-06, -0.000217484062887, 0.000233188271523, -0.00137332547456, -0.0010295396205, 0.00143395084888, -0.00852541439235, 0.0215498860925, -0.0120653882623, 0.000843803980388, 0.000115599999845, -0.0012807258172], [-0.000701875134837, 0.00096026196843, 0.000921334431041, -1.63368895301e-05, -0.000345162552549, -0.00063076853985, -0.000849646050483, 0.00602216599509, -0.0120653882623, 0.0265277866274, -0.00848763622344, 0.00279341847636, -9.4030481705e-05], [0.000588129973039, -0.000679013319314, -0.0002057676611, -0.00100522942375, 0.000551486213226, 0.00241049122997, -0.00171986466739, -0.00038610160118, 0.000843803980388, -0.00848763622344, 0.0227764714509, -0.0104922568426, 0.00723808817565], [-0.000812017649878, 0.00179283041507, 0.000896449142601, 0.000529140350409, -0.00190707785077, 0.000387914886232, 0.000172796717379, 0.000410964712501, 0.000115599999845, 0.00279341847636, -0.0104922568426, 0.0216100849211, -0.00836762972176], [0.000151376385475, 6.94031841704e-05, 0.00202112062834, -0.00106885691639, -0.00186967826448, 0.000637219462078, -0.000782524177339, -0.000185092998436, -0.0012807258172, -9.4030481705e-05, 0.00723808817565, -0.00836762972176, 0.0151258287951]]
    },
    "spectral_contrast_coeffs": {
        "max": [-0.42994582653, -0.45201715827, -0.505289435387, -0.591729938984, -0.593002438545, -0.524944543839],
        "mean": [-0.66264796257, -0.701126754284, -0.728104174137, -0.747427463531, -0.759269177914, -0.702074944973],
        "min": [-0.975494205952, -0.986938536167, -0.975860357285, -0.976965725422, -0.977182090282, -0.961782336235],
        "stdev": [0.0942430868745, 0.0998609289527, 0.0802664756775, 0.0762252137065, 0.0619585327804, 0.0597344599664]
    },
    "spectral_contrast_valleys": {
        "max": [-4.60735702515, -5.1162853241, -5.9935669899, -6.06276130676, -5.96319627762, -10.236038208],
        "mean": [-7.25085258484, -7.0726313591, -8.08090877533, -8.26236534119, -8.33214664459, -12.2039785385],
        "min": [-28.0042133331, -27.4908676147, -27.5224323273, -27.1615753174, -27.2393569946, -27.3094367981],
        "stdev": [1.99923825264, 1.96114885807, 1.7942148447, 1.74266803265, 1.74710142612, 1.28740680218]
    }
},
"rhythm": {
    "beats_count": 20,
    "beats_loudness": {
        "max": 0.174910724163,
        "mean": 0.0663661509752,
        "min": 0.000113099973532,
        "stdev": 0.0499506182969
    },
    "bpm": 97.6290512085,
    "bpm_histogram_first_peak_bpm": 98,
    "bpm_histogram_first_peak_weight": 0.10526317358,
    "bpm_histogram_second_peak_bpm": 0,
    "bpm_histogram_second_peak_spread": 0,
    "bpm_histogram_second_peak_weight": 0,
    "danceability": 1.29435253143,
    "onset_rate": 2.7430832386,
    "beats_loudness_band_ratio": {
        "max": [0.793971180916, 0.588817000389, 0.619283974171, 0.205809921026, 0.239495694637, 0.106441706419],
        "mean": [0.385110467672, 0.301291793585, 0.22586145997, 0.0601962208748, 0.0556872971356, 0.0220681503415],
        "min": [0.0393574349582, 0.0944032222033, 0.0746546834707, 0.00183781806845, 0.00412273360416, 0.00237049069256],
        "stdev": [0.255283296108, 0.15117046237, 0.141008540988, 0.0584105923772, 0.051957167685, 0.0271094124764]
    },
    "beats_position": [0.626938760281, 1.26548755169, 1.90403628349, 2.50775504112, 3.11147379875, 3.72680258751, 4.34213161469, 4.94585037231, 5.54956912994, 6.1648979187, 6.78022670746, 7.39555549622, 8.01088428497, 8.62621307373, 9.24154186249, 9.85687065125, 10.47219944, 11.0759181976, 11.6912469864, 12.3065757751],
