{
"metadata": {
    "version": {
        "essentia": "2.1-beta5",
        "essentia_git_sha": "Undefined",
        "extractor": "music 2.0"
    },
    "audio_properties": {
        "analysis": {
            "equal_loudness": 0,
            "length": 97.5005874634,
            "sample_rate": 44100,
            "start_time": 77.7520217896,
            "downmix": "mix"
        },
        "bit_rate": 192000,
        "length": 245.783218384,
        "lossless": 0,
        "number_channels": 2,
        "replay_gain": -6.53573417664,
        "sample_rate": 44100,
        "codec": "mp3",
        "md5_encoded": "7b21167acc1917c2d6f57b940eac1d40"
    },
    "tags": {
        "file_name": "Denmark_Du Er Fuld Af Løgn_Lise Haavik and Trax.mp3",
        "encoding": ["Lavf58.29.100"]
    }
},
"lowlevel": {
    "average_loudness": 0.951895713806,
    "barkbands_crest": {
        "max": 23.1173458099,
        "mean": 9.66176700592,
        "min": 3.0980193615,
        "stdev": 3.40739297867
    },
    "barkbands_flatness_db": {
        "max": 0.308023869991,
        "mean": 0.140130087733,
        "min": 0.0556509271264,
        "stdev": 0.0329865068197
    },
    "barkbands_kurtosis": {
        "max": 98.7907180786,
        "mean": 4.14515113831,
        "min": -1.7312182188,
        "stdev": 8.00049781799
    },
    "barkbands_skewness": {
        "max": 8.00075244904,
        "mean": 1.55876374245,
        "min": -1.5628080368,
        "stdev": 1.26788842678
    },
    "barkbands_spread": {
        "max": 64.368270874,
        "mean": 17.5455875397,
        "min": 1.75971090794,
        "stdev": 7.39745616913
    },
    "dissonance": {
        "max": 0.500000119209,
        "mean": 0.466369718313,
        "min": 0.324420750141,
        "stdev": 0.0213117003441
    },
    "dynamic_complexity": 1.73154425621,
    "erbbands_crest": {
        "max": 28.8927345276,
        "mean": 9.30628108978,
        "min": 2.67040777206,
        "stdev": 4.11221504211
    },
    "erbbands_flatness_db": {
        "max": 0.307510107756,
        "mean": 0.171126499772,
        "min": 0.0898705497384,
        "stdev": 0.0327891223133
    },
    "erbbands_kurtosis": {
        "max": 19.4175987244,
        "mean": -0.209302186966,
        "min": -1.83659493923,
        "stdev": 1.31586170197
    },
    "erbbands_skewness": {
        "max": 3.97271442413,
        "mean": 0.143148675561,
        "min": -2.47570610046,
        "stdev": 0.633203685284
    },
    "erbbands_spread": {
        "max": 107.839195251,
        "mean": 37.1272621155,
        "min": 4.90959358215,
        "stdev": 15.4229202271
    },
    "hfc": {
        "max": 74.0626144409,
        "mean": 19.9528751373,
        "min": 0.76229172945,
        "stdev": 12.7649593353
    },
    "loudness_ebu128": {
        "integrated": -17.1515579224,
        "loudness_range": 2.13270187378,
        "momentary": {
            "max": -14.4257678986,
            "mean": -17.3065490723,
            "min": -22.2988643646,
            "stdev": 1.18202602863
        },
        "short_term": {
            "max": -15.6622228622,
            "mean": -17.2163906097,
            "min": -19.2696342468,
            "stdev": 0.730016291142
        }
    },
    "melbands_crest": {
        "max": 30.4222698212,
        "mean": 13.6939792633,
        "min": 4.19199180603,
        "stdev": 5.12193202972
    },
    "melbands_flatness_db": {
        "max": 0.442326962948,
        "mean": 0.210628584027,
        "min": 0.100456386805,
        "stdev": 0.0451034791768
    },
    "melbands_kurtosis": {
        "max": 289.319000244,
        "mean": 12.3682184219,
        "min": -1.65091109276,
        "stdev": 21.129650116
    },
    "melbands_skewness": {
        "max": 15.1078386307,
        "mean": 2.5489358902,
        "min": -1.1627985239,
        "stdev": 1.80018103123
    },
    "melbands_spread": {
        "max": 75.8364257812,
        "mean": 21.4023246765,
        "min": 1.19317543507,
        "stdev": 12.5203704834
    },
    "pitch_salience": {
        "max": 0.859377086163,
        "mean": 0.532404899597,
        "min": 0.109478615224,
        "stdev": 0.118398800492
    },
    "silence_rate_20dB": {
        "max": 1,
        "mean": 1,
        "min": 1,
        "stdev": 0
    },
    "silence_rate_30dB": {
        "max": 1,
        "mean": 1,
        "min": 1,
        "stdev": 0
    },
    "silence_rate_60dB": {
        "max": 1,
        "mean": 0.00309523800388,
        "min": 0,
        "stdev": 0.0555483363569
    },
    "spectral_centroid": {
        "max": 3173.51000977,
        "mean": 1219.51977539,
        "min": 207.755661011,
        "stdev": 504.277099609
    },
    "spectral_complexity": {
        "max": 43,
        "mean": 19.9971427917,
        "min": 2,
        "stdev": 6.86894369125
    },
    "spectral_decrease": {
        "max": -2.11338363476e-10,
        "mean": -7.04602998169e-09,
        "min": -4.03442363961e-08,
        "stdev": 4.41983072363e-09
    },
    "spectral_energy": {
        "max": 0.156223163009,
        "mean": 0.0284031387419,
        "min": 0.000866782851517,
        "stdev": 0.0173294916749
    },
    "spectral_energyband_high": {
        "max": 0.00614171894267,
        "mean": 0.000378734664991,
        "min": 2.03394083655e-05,
        "stdev": 0.000379568547942
    },
    "spectral_energyband_low": {
        "max": 0.0754575654864,
        "mean": 0.0041990573518,
        "min": 2.51773562923e-05,
        "stdev": 0.00723226321861
    },
    "spectral_energyband_middle_high": {
        "max": 0.0501457303762,
        "mean": 0.00669014081359,
        "min": 4.31390362792e-05,
        "stdev": 0.00643906230107
    },
    "spectral_energyband_middle_low": {
        "max": 0.140411600471,
        "mean": 0.0184767376631,
        "min": 0.000656406395137,
        "stdev": 0.0150413801894
    },
    "spectral_entropy": {
        "max": 8.24757862091,
        "mean": 7.34906959534,
        "min": 6.20712375641,
        "stdev": 0.263194262981
    },
    "spectral_flux": {
        "max": 0.352350950241,
        "mean": 0.0962680056691,
        "min": 0.014288215898,
        "stdev": 0.0451269038022
    },
    "spectral_kurtosis": {
        "max": 21.2729358673,
        "mean": 5.71580266953,
        "min": -0.308007001877,
        "stdev": 2.97382688522
    },
    "spectral_rms": {
        "max": 0.012345559895,
        "mean": 0.00503891939297,
        "min": 0.000919587851968,
        "stdev": 0.00152306340169
    },
    "spectral_rolloff": {
        "max": 6352.29492188,
        "mean": 1268.9921875,
        "min": 107.666015625,
        "stdev": 770.711791992
    },
    "spectral_skewness": {
        "max": 3.84273386002,
        "mean": 1.48108196259,
        "min": 0.281834721565,
        "stdev": 0.434449195862
    },
    "spectral_spread": {
        "max": 9592697,
        "mean": 3349016.75,
        "min": 1977850.875,
        "stdev": 692302.25
    },
    "spectral_strongpeak": {
        "max": 12.1879177094,
        "mean": 1.28922986984,
        "min": 0.0447750836611,
        "stdev": 1.51692283154
    },
    "zerocrossingrate": {
        "max": 0.15234375,
        "mean": 0.0508393794298,
        "min": 0.00634765625,
        "stdev": 0.0168380849063
    },
    "barkbands": {
        "max": [5.5520740716e-05, 0.0280443318188, 0.0527149811387, 0.061361990869, 0.0872848182917, 0.0639356970787, 0.0658915415406, 0.0360060408711, 0.0398470759392, 0.0262451469898, 0.0155149949715, 0.0141526963562, 0.0237487070262, 0.0312906764448, 0.0222840923816, 0.0122478026897, 0.0178764946759, 0.00704867159948, 0.00967921316624, 0.00405298173428, 0.00595250446349, 0.000681684876326, 0.000747374317143, 0.000451096682809, 7.12684413884e-05, 6.2533831624e-06, 1.87647110579e-05],
        "mean": [3.29501472152e-06, 0.00098209141288, 0.0019865387585, 0.00468966923654, 0.00611629616469, 0.00279072904959, 0.00197890237905, 0.000832501100376, 0.00175790546928, 0.000959243217949, 0.000534989521839, 0.000652303744573, 0.000809119839687, 0.00134798116051, 0.000552469980903, 0.000436937785707, 0.000695940980222, 0.000296829937724, 0.000484325486468, 0.000247377960477, 0.000140256030136, 5.59435757168e-05, 2.33278369706e-05, 8.99639053387e-06, 4.31935768574e-06, 4.80503877043e-06, 1.00781262518e-05],
        "min": [3.19254600534e-09, 1.42879139275e-06, 7.0038913691e-07, 5.17530406796e-06, 1.86347915587e-05, 2.91963006021e-05, 1.08749247829e-06, 2.17152251025e-06, 3.47351669916e-06, 1.3433799495e-06, 1.15002080747e-06, 9.03812974684e-07, 1.80919028026e-06, 2.41783300226e-06, 1.21411392229e-06, 1.43493070937e-06, 4.04222828365e-06, 1.78622519797e-06, 2.63380707111e-06, 2.34995150095e-06, 1.16459398214e-06, 8.55047687764e-07, 8.54247275583e-07, 1.19797164189e-06, 2.30564705817e-06, 2.84437919618e-06, 3.56756595465e-06],
        "stdev": [5.12946189701e-06, 0.00224506482482, 0.00463480455801, 0.00687927519903, 0.00780216977, 0.00446620490402, 0.00472474377602, 0.00234158686362, 0.0033041050192, 0.00198131939396, 0.00103885412682, 0.00122413062491, 0.00171957642306, 0.0027948457282, 0.00119642936625, 0.000730632222258, 0.00136595440563, 0.000389158667531, 0.000690392451361, 0.00030198978493, 0.000196708308067, 7.53215135774e-05, 3.63687577192e-05, 2.02859300771e-05, 3.60228864338e-06, 4.1617062152e-07, 2.87797956844e-06]
    },
    "erbbands": {
        "max": [0.372313678265, 8.54233837128, 55.6081390381, 104.955329895, 390.995880127, 371.03112793, 433.500915527, 559.684143066, 1144.83398438, 618.437561035, 814.715759277, 1012.23168945, 1028.71520996, 829.28302002, 471.239929199, 603.230285645, 1068.54797363, 1791.21960449, 1735.64050293, 497.438446045, 791.626525879, 1059.85217285, 323.656097412, 316.018615723, 404.919006348, 191.866485596, 359.656402588, 41.0059623718, 24.4029083252, 16.5346622467, 17.8932991028, 9.11264514923, 7.74046468735, 1.29648911953, 0.298328995705, 0.0319034084678, 0.0149880722165, 0.0302257426083, 0.000761114642955, 0.000181103270734],
        "mean": [0.0142390755937, 0.298606187105, 1.99953269958, 8.0507106781, 25.4334316254, 16.4353580475, 14.6822547913, 25.4746990204, 32.2776145935, 20.8890304565, 21.6878585815, 37.354598999, 38.3960647583, 22.6079654694, 22.5995388031, 30.1268806458, 39.7903633118, 54.9127883911, 49.8933410645, 25.2067565918, 28.5223197937, 39.3804283142, 18.7083435059, 21.116437912, 20.7963695526, 11.2230491638, 9.047082901, 3.18680620193, 2.10593628883, 1.17250001431, 0.657230556011, 0.27574416995, 0.119685664773, 0.0485010407865, 0.0319650061429, 0.0183524843305, 0.0107441078871, 0.0167770497501, 0.000426565762609, 4.09525455325e-05],
        "min": [0.000101074328995, 0.00098173879087, 0.00694418605417, 0.0224280487746, 0.0633991137147, 0.0468525625765, 0.0852025821805, 0.248450666666, 0.0865955576301, 0.0479963719845, 0.0682108923793, 0.084909632802, 0.0749314948916, 0.0549771264195, 0.0630544349551, 0.0539798811078, 0.0700509473681, 0.126522257924, 0.110060736537, 0.0903504565358, 0.126081079245, 0.218398422003, 0.122099623084, 0.199235737324, 0.131965249777, 0.11618258059, 0.061334323138, 0.0374729409814, 0.029307750985, 0.0312715806067, 0.0266301464289, 0.0214843899012, 0.0253600943834, 0.019490307197, 0.0167133752257, 0.00919035822153, 0.00627267220989, 0.00582662643865, 0.000177066453034, 8.11886366137e-06],
        "stdev": [0.0299404766411, 0.677681744099, 4.5757060051, 10.8231468201, 39.3386802673, 20.85272789, 20.7971458435, 42.5497550964, 77.1970443726, 41.9546775818, 54.1408195496, 77.1580886841, 70.6419143677, 41.5680274963, 36.6144256592, 55.0326690674, 76.0251312256, 116.425132751, 117.788856506, 34.9318733215, 48.5256347656, 78.4444503784, 24.2179336548, 25.9103031158, 28.8983612061, 12.4853467941, 13.3214569092, 3.61632943153, 2.91318011284, 1.52335107327, 1.02276051044, 0.541758596897, 0.298287659883, 0.0727364271879, 0.0119540169835, 0.00197533913888, 0.00117919710465, 0.00453571695834, 0.00011215514678, 1.97509289137e-05]
    },
    "gfcc": {
        "mean": [8.29718589783, 98.4669647217, -126.559387207, 17.7446899414, -41.2818908691, -15.2565116882, -34.3535423279, -7.62686872482, -32.9160614014, -1.89973974228, -24.5606861115, -2.15486526489, -19.8704051971],
        "cov": [[788.894042969, 76.9419174194, -392.550018311, 60.4280204773, -46.7766799927, -31.7380065918, 71.2196121216, -36.2633666992, 52.2221221924, -47.5747413635, 25.935798645, -51.411151886, -22.8324260712], [76.9419174194, 254.425216675, 121.806991577, -64.460105896, 68.6299591064, -14.9448280334, 26.2198486328, 71.026725769, 9.56601428986, 41.3465843201, 54.0047187805, 12.3381128311, 11.5440044403], [-392.550018311, 121.806991577, 604.907592773, 171.270721436, 2.8827278614, 38.4301109314, -55.0401191711, -27.3256607056, 16.5207653046, -4.04520368576, -36.9092330933, 45.8236923218, -7.03835725784], [60.4280204773, -64.460105896, 171.270721436, 324.421691895, -9.74436855316, 5.67374849319, -23.7362060547, -89.5229644775, 40.4944458008, -62.6737251282, -82.5618667603, 5.75803136826, -17.7673816681], [-46.7766799927, 68.6299591064, 2.8827278614, -9.74436855316, 178.391662598, 35.8681793213, 22.8519268036, 62.2240447998, -11.4078826904, 28.5052013397, 16.1458053589, 0.389374405146, 26.9054851532], [-31.7380065918, -14.9448280334, 38.4301109314, 5.67374849319, 35.8681793213, 166.127227783, 61.0340957642, -44.6178207397, -21.782793045, -4.2780547142, -19.9412403107, -25.7790203094, -13.3601980209], [71.2196121216, 26.2198486328, -55.0401191711, -23.7362060547, 22.8519268036, 61.0340957642, 115.162223816, 25.3749713898, -19.5225944519, 16.482427597, 1.11206531525, -24.6148643494, -4.76354646683], [-36.2633666992, 71.026725769, -27.3256607056, -89.5229644775, 62.2240447998, -44.6178207397, 25.3749713898, 187.783828735, 47.4921340942, 41.4515457153, 60.0249824524, 12.6017856598, 38.2490692139], [52.2221221924, 9.56601428986, 16.5207653046, 40.4944458008, -11.4078826904, -21.782793045, -19.5225944519, 47.4921340942, 90.2723770142, 19.1534137726, -1.15082406998, 1.90660631657, -1.24386954308], [-47.5747413635, 41.3465843201, -4.04520368576, -62.6737251282, 28.5052013397, -4.2780547142, 16.482427597, 41.4515457153, 19.1534137726, 94.8861160278, 59.8125152588, -1.1387873888, 6.19689464569], [25.935798645, 54.0047187805, -36.9092330933, -82.5618667603, 16.1458053589, -19.9412403107, 1.11206531525, 60.0249824524, -1.15082406998, 59.8125152588, 134.801727295, 45.2016906738, 12.4782190323], [-51.411151886, 12.3381128311, 45.8236923218, 5.75803136826, 0.389374405146, -25.7790203094, -24.6148643494, 12.6017856598, 1.90660631657, -1.1387873888, 45.2016906738, 92.8874282837, 32.6392745972], [-22.8324260712, 11.5440044403, -7.03835725784, -17.7673816681, 26.9054851532, -13.3601980209, -4.76354646683, 38.2490692139, -1.24386954308, 6.19689464569, 12.4782190323, 32.6392745972, 69.2841415405]],
        "icov": [[0.0259271971881, -0.0299724657089, 0.0255791060627, -0.0176582019776, 0.00890296045691, 0.00107334635686, -0.0124046178535, 0.019876210019, -0.0269996412098, 0.02760563232, -0.023718142882, 0.0171055290848, -0.0102081373334], [-0.0299724657089, 0.0442584753036, -0.0345064997673, 0.0262334961444, -0.0167762842029, 0.00554240588099, 0.00559980422258, -0.0164506398141, 0.022368343547, -0.025268221274, 0.0206112340093, -0.015864238143, 0.00944370683283], [0.0255791060627, -0.0345064997673, 0.0307246427983, -0.0229313131422, 0.0135418782011, -0.00509461108595, -0.0043487790972, 0.0127605460584, -0.0184846520424, 0.0201046150178, -0.0172457862645, 0.0120879663154, -0.00688378233463], [-0.0176582019776, 0.0262334961444, -0.0229313131422, 0.0236554332078, -0.0137770669535, 0.00728791160509, -0.00193350994959, -0.00151934369933, 0.00341827585362, -0.00774249061942, 0.0103743411601, -0.00816535111517, 0.00373990321532], [0.00890296045691, -0.0167762842029, 0.0135418782011, -0.0137770669535, 0.0174750257283, -0.00939487572759, 0.00614263629541, -0.00595063203946, 0.00499912165105, -0.00158178200945, -0.000276078470051, 0.0017506480217, -0.00186229066458], [0.00107334635686, 0.00554240588099, -0.00509461108595, 0.00728791160509, -0.00939487572759, 0.0177388712764, -0.0165030565113, 0.0150188589469, -0.0148347867653, 0.0121256848797, -0.00967145524919, 0.00724628521129, -0.00459805177525], [-0.0124046178535, 0.00559980422258, -0.0043487790972, -0.00193350994959, 0.00614263629541, -0.0165030565113, 0.0332948639989, -0.027440758422, 0.0335178822279, -0.0287523958832, 0.0231172163039, -0.0136898662895, 0.0113710016012], [0.019876210019, -0.0164506398141, 0.0127605460584, -0.00151934369933, -0.00595063203946, 0.0150188589469, -0.027440758422, 0.0416619814932, -0.0452819727361, 0.0366468206048, -0.0323109924793, 0.0216678716242, -0.017960852012], [-0.0269996412098, 0.022368343547, -0.0184846520424, 0.00341827585362, 0.00499912165105, -0.0148347867653, 0.0335178822279, -0.0452819727361, 0.0663933828473, -0.0505996085703, 0.0405292548239, -0.0268304590136, 0.0199330095202], [0.02760563232, -0.025268221274, 0.0201046150178, -0.00774249061942, -0.00158178200945, 0.0121256848797, -0.0287523958832, 0.0366468206048, -0.0505996085703, 0.0607437975705, -0.0441665202379, 0.0296686198562, -0.0182549022138], [-0.023718142882, 0.0206112340093, -0.0172457862645, 0.0103743411601, -0.000276078470051, -0.00967145524919, 0.0231172163039, -0.0323109924793, 0.0405292548239, -0.0441665202379, 0.0466912277043, -0.030597159639, 0.0180101655424], [0.0171055290848, -0.015864238143, 0.0120879663154, -0.00816535111517, 0.0017506480217, 0.00724628521129, -0.0136898662895, 0.0216678716242, -0.0268304590136, 0.0296686198562, -0.030597159639, 0.0347114950418, -0.0187483765185], [-0.0102081373334, 0.00944370683283, -0.00688378233463, 0.00373990321532, -0.00186229066458, -0.00459805177525, 0.0113710016012, -0.017960852012, 0.0199330095202, -0.0182549022138, 0.0180101655424, -0.0187483765185, 0.0278685204685]]
    },
    "melbands": {
        "max": [0.00517281610519, 0.0214869361371, 0.0280543733388, 0.0210327394307, 0.0123005136847, 0.0114558394998, 0.0154124032706, 0.00552911264822, 0.00559538416564, 0.0068231029436, 0.00503559829667, 0.00357520068064, 0.00228932267055, 0.00156792695634, 0.00296217016876, 0.00213636597618, 0.0033748075366, 0.00365226715803, 0.00130434334278, 0.000421055796323, 0.00117864459753, 0.00154018669855, 0.00079594028648, 0.000270248594461, 0.000306684116367, 0.00057029601885, 0.000119026561151, 0.000168813159689, 0.000339768594131, 3.13256350637e-05, 3.18676393363e-05, 1.96874752874e-05, 1.06265952127e-05, 9.49659806793e-06, 1.0532219676e-05, 2.17696760956e-05, 5.77140826863e-06, 7.51726065573e-06, 2.87687544187e-06, 7.90143474205e-07],
        "mean": [0.000201476796065, 0.000834600185044, 0.00210343929939, 0.00149560230784, 0.00055040436564, 0.000577980303206, 0.000464100245154, 0.000210409751162, 0.000192468156456, 0.000239143118961, 0.000190669350559, 9.41035686992e-05, 8.11493955553e-05, 6.28081179457e-05, 0.000107436411781, 7.48612364987e-05, 0.000104322556581, 9.18853111216e-05, 3.93175541831e-05, 2.46948202403e-05, 3.575338269e-05, 4.32869564975e-05, 2.44951152126e-05, 1.41256950883e-05, 1.69197683135e-05, 2.07637840504e-05, 9.22380786506e-06, 7.05030834069e-06, 6.85671375322e-06, 2.74537319456e-06, 1.54104213834e-06, 1.24393636725e-06, 9.42743383803e-07, 5.18354056567e-07, 4.02361479246e-07, 2.53719832699e-07, 1.38600327659e-07, 9.15821658509e-08, 5.83682435717e-08, 3.46528921114e-08],
        "min": [3.02037193478e-07, 3.52014512828e-06, 3.48751450474e-06, 4.89434842166e-06, 2.38144389186e-06, 5.46173487237e-06, 6.1646994709e-07, 5.0893874004e-07, 4.42834732439e-07, 5.02459386098e-07, 3.46010097019e-07, 1.98398240059e-07, 1.53044624085e-07, 1.88756033026e-07, 1.21636858808e-07, 1.39317364756e-07, 2.6925624752e-07, 1.34071072466e-07, 9.61061203952e-08, 8.90739286774e-08, 1.60587489972e-07, 1.95066462538e-07, 1.43772766137e-07, 7.49489643681e-08, 1.46806954149e-07, 8.38708018591e-08, 9.2124189166e-08, 6.18975022348e-08, 3.2473195688e-08, 2.82407324192e-08, 1.69296185959e-08, 1.03377093552e-08, 1.4751163846e-08, 1.17054623772e-08, 1.26240724541e-08, 1.10888551674e-08, 1.42098359746e-08, 1.23825794063e-08, 1.72355107964e-08, 1.55928674417e-08],
        "stdev": [0.000445191340987, 0.00178535003215, 0.00290545402095, 0.0020221543964, 0.00069492449984, 0.00093462766381, 0.00107996119186, 0.000445613695774, 0.000460042094346, 0.000473746156786, 0.000359288504114, 0.000192879175302, 0.000151787462528, 0.000123241348774, 0.000248948403168, 0.000142054137541, 0.000231410682318, 0.000241458925302, 7.90487174527e-05, 3.5193090298e-05, 7.16021022527e-05, 9.68678359641e-05, 4.31089320045e-05, 1.86672859854e-05, 2.29646393564e-05, 3.46654160239e-05, 1.06446141217e-05, 9.65389335761e-06, 1.18022662718e-05, 3.40432825396e-06, 1.96523978957e-06, 1.79767528152e-06, 1.29078523514e-06, 6.9259334623e-07, 5.88598027207e-07, 7.31060254111e-07, 2.98145693023e-07, 2.55235931945e-07, 1.2910531666e-07, 4.11339726725e-08]
    },
    "melbands128": {
        "max": [5.24067872902e-05, 0.00171714485623, 0.00818083342165, 0.0177588369697, 0.0309758782387, 0.0268957447261, 0.0204400401562, 0.0387555956841, 0.0468249879777, 0.023943785578, 0.0242008473724, 0.0101448148489, 0.0145460274071, 0.0246686469764, 0.0141858886927, 0.0190826766193, 0.0215329322964, 0.0228569675237, 0.0159434620291, 0.010293699801, 0.0105435131118, 0.014078816399, 0.00827817060053, 0.0125088607892, 0.0104438588023, 0.0116081442684, 0.0102575253695, 0.0086971372366, 0.0091751916334, 0.00632412871346, 0.00373090151697, 0.00296724773943, 0.0043431869708, 0.00185700925067, 0.00206449744292, 0.00274566700682, 0.00297004100867, 0.00591457914561, 0.00649999408051, 0.00398809555918, 0.00360635109246, 0.00705007975921, 0.0072552729398, 0.00499961292371, 0.00646549928933, 0.00648893369362, 0.00266835745424, 0.00301585858688, 0.00143482873682, 0.00136750028469, 0.000428983621532, 0.000689839187544, 0.0017267416697, 0.00181739637628, 0.00274076638743, 0.00307136843912, 0.00264713657089, 0.00213892874308, 0.0011420926312, 0.000376925483579, 0.000563156558201, 0.000338452518918, 0.000470436963951, 0.00077925628284, 0.000921629951335, 0.00117232091725, 0.000520405708812, 0.000300842075376, 0.000182679243153, 6.51678346912e-05, 0.000338354264386, 0.000337872072123, 0.000571311509702, 0.000771789753344, 0.000167038320797, 6.2940933276e-05, 2.52753943641e-05, 2.42476016865e-05, 5.3238174587e-05, 5.2883176977e-05, 2.73870628007e-05, 1.75043132913e-05, 1.08757985799e-05, 1.39625635711e-05, 1.71440096892e-05, 1.91264371097e-05, 8.11103654996e-06, 9.87588009593e-06, 1.3612222574e-05, 1.46977272379e-05, 4.35229085269e-05, 1.95616939891e-05, 9.34267609409e-06, 5.70807787881e-06, 2.0098323148e-05, 7.51251945985e-06, 1.2060069821e-05, 3.94318476538e-06, 4.84141082779e-06, 1.69881673173e-06, 9.43805730458e-07, 8.50624019222e-07, 8.67646690494e-07, 6.30764247944e-07, 3.5428459455e-07, 9.07664698957e-08, 8.65092175673e-08, 6.57279102256e-08, 5.1186631822e-08, 4.62895570763e-08, 8.98334420185e-08, 4.28074997672e-08, 3.88912511085e-08, 6.96491824215e-08, 2.97836884045e-08, 2.81954413595e-07, 6.43280316126e-07, 4.33403357647e-09, 2.49930987017e-09, 2.0480830365e-09, 1.80718984222e-09, 1.66472435836e-09, 1.55623947062e-09, 1.48478629391e-09, 1.42881795284e-09, 1.39196554283e-09, 1.37636035902e-09, 1.36342481749e-09],
        "mean": [3.07892787532e-06, 5.63796529605e-05, 0.000259924709098, 0.000521382899024, 0.000903516833205, 0.000976632116362, 0.00115506257862, 0.00299082719721, 0.00290783611126, 0.00120494270232, 0.000831535609905, 0.000581886153668, 0.000401549652452, 0.000610852788668, 0.000572143937461, 0.000566808274016, 0.000608721224125, 0.000475274369819, 0.000229300261708, 0.000248054333497, 0.000169851438841, 0.000186185992789, 0.000146521764691, 0.000261913170107, 0.000288743991405, 0.000164327691891, 0.000291413016384, 0.000157183676492, 0.000173727516085, 0.000114801179734, 5.07166987518e-05, 7.52105406718e-05, 0.000125153266708, 3.82996622648e-05, 5.61321721761e-05, 7.52825362724e-05, 6.02796899329e-05, 0.000133338893647, 0.000118218726129, 7.70450205891e-05, 3.7512381823e-05, 0.000110886263428, 0.000124427839182, 7.01393000782e-05, 0.000139897456393, 9.67178712017e-05, 3.83998158213e-05, 4.38709648733e-05, 3.42157436535e-05, 3.54805633833e-05, 1.90339887922e-05, 1.71629635588e-05, 4.02069854317e-05, 4.02173791372e-05, 3.55814372597e-05, 5.05819662067e-05, 4.26612677984e-05, 3.22419327858e-05, 1.7207561541e-05, 9.19660305954e-06, 1.68664300872e-05, 1.50550622493e-05, 1.07991054392e-05, 1.53425771714e-05, 3.04512323055e-05, 2.46899653575e-05, 1.27503026306e-05, 1.05895660454e-05, 9.26160737436e-06, 5.83967675993e-06, 6.03237731411e-06, 9.10142807697e-06, 6.99083966538e-06, 7.59221529734e-06, 5.01571867062e-06, 2.49236086347e-06, 2.04123011827e-06, 1.61554135047e-06, 1.47757145896e-06, 1.52356517447e-06, 1.17004321964e-06, 1.23605479985e-06, 1.0320183037e-06, 9.97895654109e-07, 8.22415358925e-07, 5.22539039594e-07, 4.43565710384e-07, 4.16951195348e-07, 4.16395067759e-07, 3.87959715908e-07, 3.12124797119e-07, 2.05048181101e-07, 1.62230165301e-07, 1.16701869501e-07, 1.67938949858e-07, 9.31425674366e-08, 8.87950264428e-08, 5.45949383479e-08, 6.23654443643e-08, 6.50694715887e-08, 2.41567938986e-08, 2.93268147544e-08, 3.46215607294e-08, 6.1195919443e-08, 2.2572399061e-08, 2.71262496909e-08, 4.98733925269e-08, 3.62659200448e-08, 2.36306885171e-08, 2.54529446408e-08, 4.78294666095e-08, 1.91809412797e-08, 2.07684891507e-08, 3.95270269848e-08, 1.42396148206e-08, 1.5817096255e-07, 3.45595708495e-07, 6.57343554589e-11, 5.60795247045e-12, 5.30825643857e-12, 5.13368557734e-12, 5.008732578e-12, 4.88843557647e-12, 4.79307002074e-12, 4.72539802426e-12, 4.67560191952e-12, 4.64064940989e-12, 4.60967288646e-12],
        "min": [5.18424692064e-10, 1.01937676078e-08, 5.73930307723e-08, 3.39466311061e-07, 2.82363487258e-07, 2.90796577929e-07, 1.05782544324e-06, 2.12262057175e-06, 6.70320901008e-07, 2.04001980819e-06, 9.57891870712e-07, 4.22690561663e-07, 3.97414481768e-07, 1.40389283843e-06, 1.0650180684e-06, 3.29423329504e-07, 2.94630922326e-07, 1.84353822874e-07, 1.7089949722e-07, 1.16427429475e-07, 2.13856779396e-07, 7.85038878348e-08, 1.26830741465e-07, 1.14401537132e-07, 3.20298823908e-07, 1.32270784547e-07, 1.42575515838e-07, 1.24289286418e-07, 5.31619264166e-08, 1.24233096699e-07, 6.69950424026e-08, 1.29357474066e-07, 1.18283232098e-07, 4.8662034402e-08, 4.60496671906e-08, 5.67743754232e-08, 2.34432881996e-08, 7.26506783622e-08, 4.74077062051e-08, 6.23241902531e-08, 7.72811077354e-08, 1.83811337706e-07, 7.91650762721e-08, 1.43611416092e-07, 8.82015314119e-08, 2.55545895556e-08, 3.88288050601e-08, 6.25876452887e-08, 8.42138305757e-08, 8.97091325669e-08, 3.98878512442e-08, 4.93268217383e-08, 7.99126880224e-08, 5.50173240299e-08, 1.65122102658e-07, 8.07618434351e-08, 1.59237757202e-07, 1.39495554663e-07, 4.91882552467e-08, 5.98201310709e-08, 4.16429379868e-08, 5.61510944408e-08, 5.74679397403e-08, 1.14288937425e-07, 6.55937171246e-08, 5.54871917302e-08, 3.84908318551e-08, 5.27989385546e-08, 4.90727849467e-08, 3.45300108506e-08, 4.82373749833e-08, 2.02360883605e-08, 3.20058255454e-08, 1.46698573289e-08, 1.90877269546e-08, 2.47308786783e-08, 1.24045227423e-08, 8.09024669479e-09, 1.13643743305e-08, 7.42863637271e-09, 5.44186207208e-09, 4.61458871115e-09, 1.02304635874e-08, 1.23921051198e-08, 6.18568396504e-09, 5.80357140123e-09, 1.08500612939e-08, 5.44904166233e-09, 7.77780151395e-09, 1.50894372553e-08, 3.35504068971e-09, 5.33537081182e-09, 5.57826140835e-09, 3.44792905338e-09, 1.7842415545e-08, 5.80598102928e-09, 1.0025640762e-08, 9.13732467467e-09, 1.52966137534e-08, 1.87514714867e-08, 4.71894656684e-09, 6.58157173206e-09, 1.44198244456e-08, 2.55923477965e-08, 7.4041937026e-09, 8.59527737873e-09, 2.19824976e-08, 1.68847265059e-08, 6.95193902445e-09, 1.31098847334e-08, 2.32953318857e-08, 7.98521604395e-09, 1.04995727668e-08, 1.87236484095e-08, 4.96043339737e-09, 5.3616666662e-08, 1.07396800786e-07, 9.36889541642e-12, 7.76018450345e-14, 9.60988490932e-14, 7.62005205029e-14, 7.64935735738e-14, 7.73125934475e-14, 8.95253313214e-14, 8.84758913811e-14, 9.07803766512e-14, 7.7327338597e-14, 8.93364158691e-14],
        "stdev": [4.97413930134e-06, 0.000120482618513, 0.000626681663562, 0.00128024094738, 0.00233618868515, 0.00219854409806, 0.00179096544161, 0.00459822127596, 0.00477681215852, 0.00210040365346, 0.00122208357789, 0.00083999853814, 0.000746158300899, 0.00120486249216, 0.00114425935317, 0.00138433568645, 0.00160870642867, 0.00153584918007, 0.000797181332018, 0.000612566946074, 0.000551482429728, 0.000733862048946, 0.000532076810487, 0.000778766931035, 0.000787353841588, 0.000487081037136, 0.000720589479897, 0.000428529659985, 0.000482118717628, 0.000322544074152, 0.000161374497111, 0.000184532007552, 0.000274526217254, 0.000101552381238, 0.000129007254145, 0.000200634269277, 0.00018122055917, 0.000425403646659, 0.000328156485921, 0.000214043378946, 0.000137410461321, 0.00029773186543, 0.000404011836508, 0.000245983334025, 0.000424686528277, 0.00037088667159, 0.00013989272702, 0.000147188518895, 7.46686200728e-05, 7.6645243098e-05, 3.90608729504e-05, 4.05343525927e-05, 0.000100979814306, 0.000115694470878, 0.000136882415973, 0.000162993252161, 0.000125466438476, 8.20109489723e-05, 4.03816302423e-05, 1.92492661881e-05, 3.15807774314e-05, 2.32523070736e-05, 2.33505325014e-05, 3.30459915858e-05, 6.59937795717e-05, 5.83170658501e-05, 3.1115985621e-05, 1.86576853594e-05, 1.38526602314e-05, 6.99191105014e-06, 1.0601565009e-05, 1.97588942683e-05, 1.77004876605e-05, 1.931623774e-05, 8.94361892279e-06, 3.86928695661e-06, 2.84404723061e-06, 2.17860406337e-06, 2.22740845857e-06, 2.3796651476e-06, 1.92547167899e-06, 2.15079489863e-06, 1.55205873398e-06, 1.41759721828e-06, 1.28564624902e-06, 8.60854015627e-07, 6.20382934358e-07, 7.43294378935e-07, 7.16110150734e-07, 6.80115817886e-07, 1.33392325097e-06, 6.76378533626e-07, 3.84831452038e-07, 2.93320027822e-07, 5.90018032653e-07, 3.03233179011e-07, 3.11390238039e-07, 1.67154269093e-07, 1.78844913989e-07, 8.99323353565e-08, 4.62766109877e-08, 4.05481941357e-08, 3.35975229859e-08, 2.61134083246e-08, 1.14657918715e-08, 7.28149007756e-09, 9.17068021522e-09, 6.46888453915e-09, 6.12498718411e-09, 4.27292690119e-09, 8.5025684271e-09, 4.50969306343e-09, 3.64880792247e-09, 7.53037454615e-09, 3.60457486082e-09, 4.42480967422e-08, 9.68874189766e-08, 7.53213533211e-11, 4.02214442308e-11, 3.3898238383e-11, 3.08531047932e-11, 2.91290568055e-11, 2.7831844468e-11, 2.69480045917e-11, 2.62819783298e-11, 2.58106990642e-11, 2.5653352706e-11, 2.54829386759e-11]
    },
    "mfcc": {
        "mean": [-640.351318359, 142.49067688, -27.7907485962, 35.2953872681, -2.6101539135, 1.5095717907, -2.89650034904, -5.65168428421, -9.99012565613, -2.43744254112, -7.67840385437, -7.65820503235, -8.7199344635],
        "cov": [[1156.88342285, -126.540710449, -389.873077393, 22.6398353577, -164.211929321, 29.1818141937, -63.0997695923, 50.4384460449, -58.2879753113, 81.6803894043, -37.9516716003, 12.3111505508, -33.3828811646], [-126.540710449, 401.121673584, -14.8840017319, -78.3666305542, 57.2045173645, -121.728004456, 103.938179016, -16.9589729309, 8.76572704315, 40.484790802, 47.8567619324, 36.9156341553, 63.1113052368], [-389.873077393, -14.8840017319, 546.728393555, 141.512817383, 59.1101875305, 113.202758789, -81.3542938232, 12.2545452118, 24.818605423, -93.7978286743, 17.9680233002, 8.69561004639, -9.45496177673], [22.6398353577, -78.3666305542, 141.512817383, 248.946228027, 57.0879096985, 30.4387969971, -74.5841445923, 20.8351860046, 30.4370365143, -44.4016532898, -17.3672084808, 15.7398529053, -1.53801763058], [-164.211929321, 57.2045173645, 59.1101875305, 57.0879096985, 164.673141479, -14.0332422256, 2.31228899956, 14.8177747726, 27.6797409058, -2.64891958237, 1.19768083096, 16.9795532227, 13.7680702209], [29.1818141937, -121.728004456, 113.202758789, 30.4387969971, -14.0332422256, 259.571136475, 12.7909965515, 1.32424926758, 10.0612239838, -39.6440391541, 4.63250350952, -52.5275764465, -52.936088562], [-63.0997695923, 103.938179016, -81.3542938232, -74.5841445923, 2.31228899956, 12.7909965515, 175.897384644, 6.17557525635, -1.74106931686, 42.3696136475, 10.8152503967, 0.164185166359, 14.0516119003], [50.4384460449, -16.9589729309, 12.2545452118, 20.8351860046, 14.8177747726, 1.32424926758, 6.17557525635, 84.3058547974, 24.6308765411, -9.12124633789, -8.03999710083, 2.6237142086, 0.139871791005], [-58.2879753113, 8.76572704315, 24.818605423, 30.4370365143, 27.6797409058, 10.0612239838, -1.74106931686, 24.6308765411, 110.676620483, 21.1833324432, 5.09326887131, -4.60281276703, -19.9594726562], [81.6803894043, 40.484790802, -93.7978286743, -44.4016532898, -2.64891958237, -39.6440391541, 42.3696136475, -9.12124633789, 21.1833324432, 130.071121216, 36.0052146912, -1.9616445303, -15.7813768387], [-37.9516716003, 47.8567619324, 17.9680233002, -17.3672084808, 1.19768083096, 4.63250350952, 10.8152503967, -8.03999710083, 5.09326887131, 36.0052146912, 88.6446151733, 29.2992687225, -7.40930747986], [12.3111505508, 36.9156341553, 8.69561004639, 15.7398529053, 16.9795532227, -52.5275764465, 0.164185166359, 2.6237142086, -4.60281276703, -1.9616445303, 29.2992687225, 99.6530838013, 44.9418296814], [-33.3828811646, 63.1113052368, -9.45496177673, -1.53801763058, 13.7680702209, -52.936088562, 14.0516119003, 0.139871791005, -19.9594726562, -15.7813768387, -7.40930747986, 44.9418296814, 96.8235549927]],
        "icov": [[0.00317929801531, -0.00189691758715, 0.00294737936929, -0.00196016393602, 0.00311953015625, -0.00340496469289, 0.00370300933719, -0.00378374103457, 0.00282345619053, -0.00364248920232, 0.00337055954151, -0.00354383978993, 0.00164335616864], [-0.00189691758715, 0.00615016557276, -0.00253130192868, 0.00212736288086, -0.00326141645201, 0.00475341500714, -0.00520551903173, 0.00365102710202, -0.00279140472412, 0.00300956354477, -0.00498543400317, 0.00366860139184, -0.00323265674524], [0.00294737936929, -0.00253130192868, 0.0056036435999, -0.00282755913213, 0.0024437350221, -0.00449047191069, 0.00458573782817, -0.00367067195475, 0.00237900996581, -0.00189584831242, 0.00217157159932, -0.00348178809509, 0.00166937184986], [-0.00196016393602, 0.00212736288086, -0.00282755913213, 0.00737729296088, -0.00368604017422, 0.00185466150288, -0.000770800979808, 0.00186278251931, -0.00289433216676, 0.00253237783909, -0.00100359367207, 0.000861538166646, -0.00123467866797], [0.00311953015625, -0.00326141645201, 0.0024437350221, -0.00368604017422, 0.0107073783875, -0.00338142109104, 0.00349180283956, -0.00446583610028, 0.00171255820896, -0.00400486821309, 0.00410803221166, -0.00416901521385, 0.00145964173134], [-0.00340496469289, 0.00475341500714, -0.00449047191069, 0.00185466150288, -0.00338142109104, 0.0109755583107, -0.00741918198764, 0.00512320129201, -0.00387331703678, 0.00665629142895, -0.00687126116827, 0.00731490878388, -0.00076524191536], [0.00370300933719, -0.00520551903173, 0.00458573782817, -0.000770800979808, 0.00349180283956, -0.00741918198764, 0.0138953952119, -0.00648317160085, 0.00407927436754, -0.00706316158175, 0.00588346691802, -0.00537880929187, 0.00118186778855], [-0.00378374103457, 0.00365102710202, -0.00367067195475, 0.00186278251931, -0.00446583610028, 0.00512320129201, -0.00648317160085, 0.0182294808328, -0.00669248634949, 0.00603383360431, -0.00385179417208, 0.0040911086835, -0.00225249188952], [0.00282345619053, -0.00279140472412, 0.00237900996581, -0.00289433216676, 0.00171255820896, -0.00387331703678, 0.00407927436754, -0.00669248634949, 0.0140203339979, -0.00606966530904, 0.00392572628334, -0.00362244294956, 0.00391848850995], [-0.00364248920232, 0.00300956354477, -0.00189584831242, 0.00253237783909, -0.00400486821309, 0.00665629142895, -0.00706316158175, 0.00603383360431, -0.00606966530904, 0.016971917823, -0.00979984831065, 0.00619002524763, -0.000245504750637], [0.00337055954151, -0.00498543400317, 0.00217157159932, -0.00100359367207, 0.00410803221166, -0.00687126116827, 0.00588346691802, -0.00385179417208, 0.00392572628334, -0.00979984831065, 0.0222516581416, -0.0120592452586, 0.00593087356538], [-0.00354383978993, 0.00366860139184, -0.00348178809509, 0.000861538166646, -0.00416901521385, 0.00731490878388, -0.00537880929187, 0.0040911086835, -0.00362244294956, 0.00619002524763, -0.0120592452586, 0.0213779229671, -0.0091561069712], [0.00164335616864, -0.00323265674524, 0.00166937184986, -0.00123467866797, 0.00145964173134, -0.00076524191536, 0.00118186778855, -0.00225249188952, 0.00391848850995, -0.000245504750637, 0.00593087356538, -0.0091561069712, 0.0178224910051]]
    },
    "spectral_contrast_coeffs": {
        "max": [-0.380700021982, -0.433903962374, -0.46989941597, -0.544717252254, -0.60171765089, -0.607914865017],
        "mean": [-0.643884658813, -0.728757023811, -0.731886506081, -0.759019911289, -0.772281587124, -0.729820072651],
        "min": [-0.859678804874, -0.895870387554, -0.900631904602, -0.896843075752, -0.878738701344, -0.857556581497],
        "stdev": [0.0811743289232, 0.0744497999549, 0.064185500145, 0.0548538267612, 0.0509069003165, 0.0474412739277]
    },
    "spectral_contrast_valleys": {
        "max": [-4.9013133049, -5.10603618622, -5.47251939774, -5.92469501495, -6.04173660278, -9.20534229279],
        "mean": [-6.68962621689, -6.63768339157, -7.42802619934, -7.4369225502, -7.34475755692, -11.0367422104],
        "min": [-8.73328781128, -8.75218963623, -9.61203956604, -9.5036649704, -9.19706249237, -11.6557807922],
        "stdev": [0.592016220093, 0.525451123714, 0.551937520504, 0.466424316168, 0.462122708559, 0.310442060232]
    }
},
"rhythm": {
    "beats_count": 157,
    "beats_loudness": {
        "max": 0.0657335743308,
        "mean": 0.0299357101321,
        "min": 0.0135836414993,
        "stdev": 0.00961154513061
    },
    "bpm": 97.5746917725,
    "bpm_histogram_first_peak_bpm": 98,
    "bpm_histogram_first_peak_weight": 0.2077922225,
    "bpm_histogram_second_peak_bpm": 88,
    "bpm_histogram_second_peak_spread": 0,
    "bpm_histogram_second_peak_weight": 0.0128205129877,
    "danceability": 1.3788408041,
    "onset_rate": 3.2508752346,
    "beats_loudness_band_ratio": {
        "max": [0.839702248573, 0.639764249325, 0.694525837898, 0.472892284393, 0.557642102242, 0.220749944448],
        "mean": [0.440917760134, 0.30553483963, 0.134415149689, 0.115327872336, 0.108253359795, 0.0529838316143],
        "min": [0.0110103972256, 0.0433806702495, 0.00773627171293, 0.00901346001774, 0.0109850773588, 0.00114152079914],
        "stdev": [0.1796669662, 0.123774521053, 0.123834744096, 0.0923291742802, 0.0890176147223, 0.0295096617192]
    },
