{
"metadata": {
    "version": {
        "essentia": "2.1-beta5",
        "essentia_git_sha": "Undefined",
        "extractor": "music 2.0"
    },
    "audio_properties": {
        "analysis": {
            "equal_loudness": 0,
            "length": 12.7477550507,
            "sample_rate": 44100,
            "start_time": 0,
            "downmix": "mix"
        },
        "bit_rate": 192000,
        "length": 166.649612427,
        "lossless": 0,
        "number_channels": 2,
        "replay_gain": -10.8321800232,
        "sample_rate": 44100,
        "codec": "mp3",
        "md5_encoded": "669c54cf27cd137d62979cb8112c2f4a"
    },
    "tags": {
        "file_name": "Sweden_E_ De_ Det Här Du Kallar Kärlek_Lasse Holm _ Monica Törnell.mp3",
        "encoding": ["Lavf58.29.100"]
    }
},
"lowlevel": {
    "average_loudness": 0.924707710743,
    "barkbands_crest": {
        "max": 20.6993465424,
        "mean": 7.24394416809,
        "min": 2.95982289314,
        "stdev": 3.39267134666
    },
    "barkbands_flatness_db": {
        "max": 0.245985120535,
        "mean": 0.140792742372,
        "min": 0.0226019658148,
        "stdev": 0.0605534762144
    },
    "barkbands_kurtosis": {
        "max": 15.2529430389,
        "mean": -0.130805820227,
        "min": -1.85065948963,
        "stdev": 1.86283397675
    },
    "barkbands_skewness": {
        "max": 3.84682822227,
        "mean": 0.270355820656,
        "min": -1.94723320007,
        "stdev": 0.769152998924
    },
    "barkbands_spread": {
        "max": 103.710273743,
        "mean": 34.1865158081,
        "min": 4.20440578461,
        "stdev": 27.8392715454
    },
    "dissonance": {
        "max": 0.499999970198,
        "mean": 0.4752625525,
        "min": 0.329292416573,
        "stdev": 0.0222563073039
    },
    "dynamic_complexity": 8.60028934479,
    "erbbands_crest": {
        "max": 27.8645038605,
        "mean": 7.86163425446,
        "min": 2.32710027695,
        "stdev": 5.15406322479
    },
    "erbbands_flatness_db": {
        "max": 0.337396413088,
        "mean": 0.199947431684,
        "min": 0.0622887834907,
        "stdev": 0.0733769536018
    },
    "erbbands_kurtosis": {
        "max": 9.85477256775,
        "mean": 0.17213447392,
        "min": -1.4172911644,
        "stdev": 1.70506751537
    },
    "erbbands_skewness": {
        "max": 1.44374287128,
        "mean": -0.173186376691,
        "min": -2.12357997894,
        "stdev": 0.56833666563
    },
    "erbbands_spread": {
        "max": 90.0766067505,
        "mean": 35.6239776611,
        "min": 4.51666688919,
        "stdev": 19.5690765381
    },
    "hfc": {
        "max": 82.547744751,
        "mean": 20.9657230377,
        "min": 1.16693333628e-16,
        "stdev": 17.8122711182
    },
    "loudness_ebu128": {
        "integrated": -12.9629058838,
        "loudness_range": 4.73736190796,
        "momentary": {
            "max": -10.8799953461,
            "mean": -19.5840148926,
            "min": -45.520324707,
            "stdev": 12.55119133
        },
        "short_term": {
            "max": -12.0387992859,
            "mean": -13.8920240402,
            "min": -26.7050266266,
            "stdev": 2.54111599922
        }
    },
    "melbands_crest": {
        "max": 25.4561710358,
        "mean": 10.2516622543,
        "min": 1.70568823814,
        "stdev": 4.37233066559
    },
    "melbands_flatness_db": {
        "max": 0.27427560091,
        "mean": 0.140991836786,
        "min": 0.00522181252018,
        "stdev": 0.0519562363625
    },
    "melbands_kurtosis": {
        "max": 49.2162742615,
        "mean": 2.58638763428,
        "min": -1.60885953903,
        "stdev": 4.80068254471
    },
    "melbands_skewness": {
        "max": 6.10921573639,
        "mean": 1.28505074978,
        "min": -1.1075347662,
        "stdev": 1.01948559284
    },
    "melbands_spread": {
        "max": 152.406188965,
        "mean": 46.9420776367,
        "min": 6.22530508041,
        "stdev": 31.9538803101
    },
    "pitch_salience": {
        "max": 0.929117202759,
        "mean": 0.633137762547,
        "min": 0.358399510384,
        "stdev": 0.0904367789626
    },
    "silence_rate_20dB": {
        "max": 1,
        "mean": 1,
        "min": 1,
        "stdev": 0
    },
    "silence_rate_30dB": {
        "max": 1,
        "mean": 1,
        "min": 1,
        "stdev": 0
    },
    "silence_rate_60dB": {
        "max": 1,
        "mean": 0.22909091413,
        "min": 0,
        "stdev": 0.420247644186
    },
    "spectral_centroid": {
        "max": 11392.9882812,
        "mean": 2071.58056641,
        "min": 612.029296875,
        "stdev": 1038.23962402
    },
    "spectral_complexity": {
        "max": 50,
        "mean": 19.8654537201,
        "min": 0,
        "stdev": 13.147562027
    },
    "spectral_decrease": {
        "max": 1.10651969765e-28,
        "mean": -4.2649874743e-09,
        "min": -1.84237514134e-08,
        "stdev": 3.58402862943e-09
    },
    "spectral_energy": {
        "max": 0.0747222676873,
        "mean": 0.0179987177253,
        "min": 1.04396049808e-20,
        "stdev": 0.0149909816682
    },
    "spectral_energyband_high": {
        "max": 0.00377171067521,
        "mean": 0.000430052808952,
        "min": 7.77354128198e-21,
        "stdev": 0.000579348823521
    },
    "spectral_energyband_low": {
        "max": 0.0115744825453,
        "mean": 0.000716258538887,
        "min": 3.35638858155e-23,
        "stdev": 0.00141840206925
    },
    "spectral_energyband_middle_high": {
        "max": 0.0426108762622,
        "mean": 0.00936209410429,
        "min": 1.30612777977e-21,
        "stdev": 0.00910346861929
    },
    "spectral_energyband_middle_low": {
        "max": 0.061599906534,
        "mean": 0.00813761353493,
        "min": 2.72247485181e-22,
        "stdev": 0.00867789890617
    },
    "spectral_entropy": {
        "max": 9.81128025055,
        "mean": 7.80642127991,
        "min": 6.90347528458,
        "stdev": 0.541712522507
    },
    "spectral_flux": {
        "max": 0.207482308149,
        "mean": 0.0686968266964,
        "min": 6.56728629811e-11,
        "stdev": 0.047070607543
    },
    "spectral_kurtosis": {
        "max": 19.9639892578,
        "mean": 2.97980880737,
        "min": -1.25190114975,
        "stdev": 3.18394899368
    },
    "spectral_rms": {
        "max": 0.00853813625872,
        "mean": 0.00355564150959,
        "min": 3.19139159544e-12,
        "stdev": 0.00221746135503
    },
    "spectral_rolloff": {
        "max": 19013.8183594,
        "mean": 4020.32592773,
        "min": 301.46484375,
        "stdev": 3839.84741211
    },
    "spectral_skewness": {
        "max": 3.51330280304,
        "mean": 1.03392577171,
        "min": -0.0393327213824,
        "stdev": 0.400836437941
    },
    "spectral_spread": {
        "max": 42344364,
        "mean": 4705981,
        "min": 1739491.625,
        "stdev": 4274808
    },
    "spectral_strongpeak": {
        "max": 11.3271875381,
        "mean": 1.50176095963,
        "min": 0,
        "stdev": 1.89848124981
    },
    "zerocrossingrate": {
        "max": 0.50830078125,
        "mean": 0.117950990796,
        "min": 0.02685546875,
        "stdev": 0.0944489017129
    },
    "barkbands": {
        "max": [9.09575173864e-05, 0.00475095259026, 0.00685462355614, 0.0191708672792, 0.0508073046803, 0.00722290109843, 0.0145336128771, 0.0118845924735, 0.0157956723124, 0.0205920506269, 0.010800790973, 0.0348141267896, 0.0201513376087, 0.0213147364557, 0.0160426422954, 0.0184051245451, 0.0125935170799, 0.00683850934729, 0.00293691200204, 0.00138067500666, 0.00153306860011, 0.00125106063206, 0.000749805418309, 0.000242009540671, 0.000146667982335, 2.45633473241e-05, 3.9966374743e-07],
        "mean": [4.27802115155e-06, 0.00015549006639, 0.000301368738292, 0.00105647614691, 0.00225840415806, 0.00112981942948, 0.000684321916196, 0.00119995849673, 0.00113913184032, 0.0014973108191, 0.000768238911405, 0.00204257573932, 0.000881819811184, 0.00117095257156, 0.000539740314707, 0.000604230503086, 0.00095622689696, 0.000594486715272, 0.000484002230223, 0.000201805247343, 0.00015348449233, 0.000115742099297, 4.64587174065e-05, 9.65962499322e-06, 2.47952789323e-06, 2.3713981534e-07, 1.24865922047e-08],
        "min": [4.43735481921e-24, 1.38390562801e-23, 9.06234809334e-24, 5.24144823408e-24, 2.10940727636e-23, 6.2369043162e-24, 1.61385148213e-23, 5.69664921762e-23, 5.21639827158e-23, 6.01207682829e-23, 1.88075326085e-23, 3.60965963269e-23, 7.29992191723e-23, 4.86506960111e-23, 9.90939490561e-23, 1.37673368331e-22, 7.75645844228e-23, 1.21675496365e-22, 1.67665859947e-22, 2.51703552968e-22, 3.236201773e-22, 4.86182574196e-22, 3.96992268934e-22, 6.23813987748e-22, 1.10157314306e-21, 1.53475860276e-21, 2.26300217385e-21],
        "stdev": [8.45388240123e-06, 0.000477208464872, 0.000736349145882, 0.00225435849279, 0.00420351419598, 0.00135564606171, 0.00112690159585, 0.00180051801726, 0.00188827433158, 0.00257711787708, 0.00143633305561, 0.00483649130911, 0.00189971167129, 0.00223366334103, 0.00114979315549, 0.001796407043, 0.00164723815396, 0.000901494524442, 0.000594893528614, 0.000240342313191, 0.000216599903069, 0.000208831508644, 7.21892647562e-05, 1.98253183044e-05, 8.04939827503e-06, 1.1522964769e-06, 3.12408872105e-08]
    },
    "erbbands": {
        "max": [0.0681337118149, 1.42349326611, 6.83441019058, 27.8662033081, 122.848838806, 163.145736694, 343.285552979, 59.8300323486, 197.498168945, 178.798431396, 382.980285645, 393.653808594, 783.624694824, 389.923339844, 568.705078125, 1672.94641113, 802.489990234, 1362.72460938, 470.394378662, 1083.03149414, 1145.09301758, 803.839111328, 396.958740234, 174.324279785, 187.035217285, 88.2454299927, 70.7952804565, 51.0385627747, 54.5294303894, 35.7721405029, 15.0449180603, 5.1921582222, 3.85671234131, 1.4686037302, 1.32053685188, 0.238375648856, 0.00610568188131, 0.000264858623268, 5.85319394304e-05, 9.01109888218e-05],
        "mean": [0.00258767767809, 0.0457103997469, 0.301249653101, 1.72841906548, 6.69265270233, 6.45829820633, 8.86021614075, 9.33626461029, 10.5333824158, 14.9603939056, 26.4269180298, 27.9273529053, 46.8401031494, 33.7651863098, 40.0274734497, 90.7081375122, 45.1540718079, 68.3182754517, 31.8148612976, 29.5764942169, 42.181728363, 44.2396354675, 36.9130973816, 25.8442173004, 20.3609085083, 9.72250366211, 7.7662525177, 4.95624017715, 4.46533107758, 2.66420555115, 1.20626139641, 0.328288644552, 0.108240686357, 0.0352239497006, 0.0150827653706, 0.00251106405631, 0.000188355130376, 2.97915594274e-05, 1.22578503579e-05, 2.26296360779e-05],
        "min": [5.2507268476e-22, 1.93069084459e-21, 9.95379469842e-21, 1.65170471518e-20, 4.75745982285e-20, 5.92986006353e-20, 7.30165380645e-20, 6.99137641997e-20, 2.49423544115e-19, 7.29508366594e-19, 1.13330351025e-18, 9.53589733378e-19, 1.61598159565e-18, 1.59607208209e-18, 1.72565509492e-18, 1.97559805676e-18, 3.76401010399e-18, 3.43757423539e-18, 4.28500278177e-18, 5.59329810836e-18, 7.41607620132e-18, 5.33152687735e-18, 7.48386034379e-18, 7.77872541675e-18, 7.47532632141e-18, 1.07260410768e-17, 1.19984748151e-17, 1.70066299077e-17, 1.47523906849e-17, 1.71022569496e-17, 1.25420797157e-17, 1.27925938458e-17, 1.24275052747e-17, 1.03075034033e-17, 8.93903730458e-18, 5.44487419592e-18, 2.85404339457e-18, 1.0385151261e-18, 2.86216098321e-19, 3.346746909e-20],
        "stdev": [0.00704082194716, 0.138517454267, 0.745274424553, 3.35709500313, 13.6661176682, 13.1938581467, 19.7809734344, 11.1046323776, 18.785150528, 20.1330757141, 45.6720809937, 43.5536003113, 84.7883300781, 49.4972839355, 68.1527709961, 221.100296021, 73.325630188, 141.433578491, 46.9969367981, 68.8693313599, 95.6079864502, 77.4973297119, 53.5796546936, 29.8243579865, 26.8247623444, 11.4375019073, 10.0013599396, 7.57488107681, 8.49405956268, 4.29611825943, 1.94983839989, 0.576827645302, 0.256931364536, 0.0910220071673, 0.0684794485569, 0.0123007707298, 0.00039875152288, 4.81973329443e-05, 8.9571767603e-06, 1.85787339433e-05]
    },
    "gfcc": {
        "mean": [-96.4639053345, 100.554412842, -171.60874939, 37.2795791626, -73.2319717407, 3.12166428566, -34.028629303, -9.85744094849, -15.8768768311, -17.9995555878, -5.75588321686, -11.800488472, -6.11934947968],
        "cov": [[28320.1855469, 7736.67236328, -7790.38867188, 559.807434082, -1213.80895996, -1886.43103027, 696.028381348, -2487.66650391, 778.067932129, -2335.02685547, 727.437011719, -1348.58862305, 216.161315918], [7736.67236328, 3298.42431641, -2812.37670898, 94.0865249634, -206.677185059, -916.589477539, 513.83416748, -1124.80163574, 456.730377197, -988.679748535, 377.88873291, -535.916809082, 107.02166748], [-7790.38867188, -2812.37670898, 2984.76025391, 39.4068832397, 218.70425415, 892.828918457, -418.382873535, 1005.79656982, -370.357910156, 919.675170898, -359.094268799, 501.399932861, -92.2699279785], [559.807434082, 94.0865249634, 39.4068832397, 279.838623047, -53.020690918, -24.9684257507, 12.060915947, -66.1926574707, 55.847492218, -62.9755859375, -53.477809906, -24.1803741455, -0.720017373562], [-1213.80895996, -206.677185059, 218.70425415, -53.020690918, 199.478729248, 47.0333747864, -5.79166984558, 104.378608704, 12.9510412216, 84.2885513306, -9.30932617188, 56.8421211243, -1.63691437244], [-1886.43103027, -916.589477539, 892.828918457, -24.9684257507, 47.0333747864, 431.178649902, -144.416442871, 342.180786133, -171.366943359, 322.936431885, -108.675987244, 147.020935059, -35.5708847046], [696.028381348, 513.83416748, -418.382873535, 12.060915947, -5.79166984558, -144.416442871, 234.069107056, -224.970977783, 94.876701355, -187.27961731, 71.9021148682, -93.4500808716, -16.9584445953], [-2487.66650391, -1124.80163574, 1005.79656982, -66.1926574707, 104.378608704, 342.180786133, -224.970977783, 569.968505859, -152.978607178, 417.598083496, -121.401679993, 196.848342896, 1.24540996552], [778.067932129, 456.730377197, -370.357910156, 55.847492218, 12.9510412216, -171.366943359, 94.876701355, -152.978607178, 176.107879639, -152.830886841, 41.3269844055, -74.2580566406, 19.5925064087], [-2335.02685547, -988.679748535, 919.675170898, -62.9755859375, 84.2885513306, 322.936431885, -187.27961731, 417.598083496, -152.830886841, 406.501525879, -88.0414962769, 179.806915283, -19.4472846985], [727.437011719, 377.88873291, -359.094268799, -53.477809906, -9.30932617188, -108.675987244, 71.9021148682, -121.401679993, 41.3269844055, -88.0414962769, 115.925750732, -54.5189094543, 19.3822746277], [-1348.58862305, -535.916809082, 501.399932861, -24.1803741455, 56.8421211243, 147.020935059, -93.4500808716, 196.848342896, -74.2580566406, 179.806915283, -54.5189094543, 155.397628784, -4.25514030457], [216.161315918, 107.02166748, -92.2699279785, -0.720017373562, -1.63691437244, -35.5708847046, -16.9584445953, 1.24540996552, 19.5925064087, -19.4472846985, 19.3822746277, -4.25514030457, 66.9927749634]],
        "icov": [[0.000613039184827, -0.00109138013795, 0.0019096621545, -0.00135354604572, 0.00154228496831, -0.00164363940712, 0.00123116956092, -0.00107394705992, 0.000312340678647, -0.000200883368962, 0.000689463166054, -0.00106066244189, 0.00146117364056], [-0.00109138013795, 0.00471686618403, -0.00221866928041, 0.00175914948341, -0.00285498495214, 0.0029523416888, -0.00269783637486, 0.0031518007163, -0.00160690955818, 0.00124432647135, -0.00323708471842, 0.00340289319865, -0.00431047799066], [0.0019096621545, -0.00221866928041, 0.00866579543799, -0.00541717745364, 0.00431271176785, -0.00639209197834, 0.00296441256069, -0.0032355459407, 0.000670753710438, -0.00266047846526, 0.00344999996014, -0.00479842629284, 0.00451038731262], [-0.00135354604572, 0.00175914948341, -0.00541717745364, 0.00872986577451, -0.00177210639231, 0.00361353857443, -0.00237322738394, 0.00318833277561, -0.00290575367399, 0.00116103969049, 0.00190823152661, 0.0027548877988, -0.00378509727307], [0.00154228496831, -0.00285498495214, 0.00431271176785, -0.00177210639231, 0.0110238576308, -0.00386848091148, 0.00192609219812, -0.00352867553011, -0.00209702295251, -0.00108987546992, 0.00174685241655, -0.00442122342065, 0.00378456409089], [-0.00164363940712, 0.0029523416888, -0.00639209197834, 0.00361353857443, -0.00386848091148, 0.0126133738086, -0.00428659468889, 0.00259686517529, 0.00242578354664, -0.00242983922362, -0.000585311674513, 0.00438335770741, -0.00367570156232], [0.00123116956092, -0.00269783637486, 0.00296441256069, -0.00237322738394, 0.00192609219812, -0.00428659468889, 0.0119172250852, -0.00122384494171, -0.00136698666029, 0.00311151170172, -0.00236440845765, -0.00137425691355, 0.0071049882099], [-0.00107394705992, 0.0031518007163, -0.0032355459407, 0.00318833277561, -0.00352867553011, 0.00259686517529, -0.00122384494171, 0.0112847397104, -0.0016355405096, -0.0061062653549, 0.000980311306193, 0.00273479847237, -0.00662302365527], [0.000312340678647, -0.00160690955818, 0.000670753710438, -0.00290575367399, -0.00209702295251, 0.00242578354664, -0.00136698666029, -0.0016355405096, 0.0129189426079, 0.00038825313095, 0.00124734523706, 0.000418922340032, -0.000626811815891], [-0.000200883368962, 0.00124432647135, -0.00266047846526, 0.00116103969049, -0.00108987546992, -0.00242983922362, 0.00311151170172, -0.0061062653549, 0.00038825313095, 0.0197347328067, -0.00746916653588, -0.00159087881912, 0.0022680494003], [0.000689463166054, -0.00323708471842, 0.00344999996014, 0.00190823152661, 0.00174685241655, -0.000585311674513, -0.00236440845765, 0.000980311306193, 0.00124734523706, -0.00746916653588, 0.0218405015767, -0.0019216153305, -0.00213991780765], [-0.00106066244189, 0.00340289319865, -0.00479842629284, 0.0027548877988, -0.00442122342065, 0.00438335770741, -0.00137425691355, 0.00273479847237, 0.000418922340032, -0.00159087881912, -0.0019216153305, 0.0192704442888, -0.00557682150975], [0.00146117364056, -0.00431047799066, 0.00451038731262, -0.00378509727307, 0.00378456409089, -0.00367570156232, 0.0071049882099, -0.00662302365527, -0.000626811815891, 0.0022680494003, -0.00213991780765, -0.00557682150975, 0.0244389437139]]
    },
    "melbands": {
        "max": [0.000840161577798, 0.00270490325056, 0.00836858246475, 0.00572512298822, 0.012940146029, 0.00141960999463, 0.00306081469171, 0.00209933938459, 0.0036088488996, 0.00283163785934, 0.00391451409087, 0.00169817381538, 0.00169746868778, 0.00442538177595, 0.00232127681375, 0.00234158150852, 0.00263318466023, 0.000780534232035, 0.00116648478433, 0.00153468735516, 0.0014311124105, 0.0010870489059, 0.000489061989356, 0.00030805595452, 0.000164749348187, 0.000156189315021, 8.45931645017e-05, 5.51296761842e-05, 5.31507321284e-05, 2.85578789772e-05, 2.78486168099e-05, 3.20326180372e-05, 2.56561525021e-05, 2.19453286263e-05, 9.4168999567e-06, 4.67477411803e-06, 2.90000502901e-06, 2.80320250567e-06, 1.82960070561e-06, 1.00774923339e-06],
        "mean": [3.35468866979e-05, 0.000128792700707, 0.000487262383103, 0.000464799726615, 0.000321791012539, 0.00021512285457, 0.000154474430019, 0.00018378738605, 0.000212948740227, 0.000174679036718, 0.000235163461184, 0.00013700821728, 0.000108090003778, 0.000238229738898, 0.000142439850606, 0.000102564226836, 0.000129052961711, 4.92023318657e-05, 4.01158322347e-05, 4.32522319898e-05, 5.33802522114e-05, 4.92540020787e-05, 4.43946082669e-05, 2.35065745073e-05, 2.08363126148e-05, 1.66947284015e-05, 9.49968489294e-06, 5.81748872719e-06, 5.28263353772e-06, 3.705843028e-06, 2.5415915843e-06, 2.57706483353e-06, 2.10624534702e-06, 1.24881432839e-06, 7.9765220562e-07, 3.24436285837e-07, 1.41640555285e-07, 8.13659539745e-08, 4.39900738058e-08, 2.46093101453e-08],
        "min": [4.57573009389e-24, 5.09448226415e-24, 4.0934808843e-24, 4.63367942156e-24, 2.69281574859e-24, 1.63381593448e-24, 3.70392874752e-24, 9.23155481321e-24, 7.9434333074e-24, 6.62628250915e-24, 7.69819932893e-24, 7.33015864019e-24, 4.40196139141e-24, 4.08335782673e-24, 7.06761232029e-24, 6.52459833846e-24, 5.42213603556e-24, 5.16982124161e-24, 8.56863791809e-24, 7.51787598119e-24, 6.56806851864e-24, 4.83598082855e-24, 6.07424474742e-24, 6.99289930396e-24, 5.20894361491e-24, 5.32366647307e-24, 6.7572618184e-24, 6.92425972774e-24, 7.94959509993e-24, 6.9390934682e-24, 8.96480149811e-24, 6.95647207394e-24, 9.85126737427e-24, 6.90369570166e-24, 7.08573245529e-24, 7.80509471476e-24, 6.52743823772e-24, 8.433801079e-24, 7.32520617142e-24, 9.45419975965e-24],
        "stdev": [9.9344390037e-05, 0.000308089656755, 0.000969432410784, 0.000798881112132, 0.000771146034822, 0.000257995125139, 0.000263752852334, 0.000251799647231, 0.000388772255974, 0.000288554496365, 0.000432619854109, 0.000215420717723, 0.000207836535992, 0.000602448941208, 0.000289293879177, 0.000231125144637, 0.00026693061227, 7.67389137764e-05, 8.88313516043e-05, 0.000132279659738, 0.000116445065942, 9.94374204311e-05, 7.13927365723e-05, 3.25298860844e-05, 2.59210009972e-05, 2.26173888223e-05, 1.2598226931e-05, 7.20151547284e-06, 7.26266580386e-06, 5.20416824656e-06, 4.06138042308e-06, 4.85546343043e-06, 4.10422717323e-06, 1.91688241102e-06, 1.32641400796e-06, 5.49770788894e-07, 2.68384894753e-07, 1.92917099184e-07, 1.28345419625e-07, 6.13638988511e-08]
    },
    "melbands128": {
        "max": [5.77471000724e-05, 0.000288864743197, 0.00143054663204, 0.00291788950562, 0.00374805228785, 0.00323220412247, 0.00500723998994, 0.0136600611731, 0.015303674154, 0.00630901567638, 0.0100566074252, 0.0232678242028, 0.014199401252, 0.00293497368693, 0.00182575779036, 0.00198737741448, 0.00502514559776, 0.00448212772608, 0.00282069458626, 0.00218472164124, 0.00265531498007, 0.00340336468071, 0.0066985283047, 0.00351644540206, 0.00286628026515, 0.0061600250192, 0.00331659987569, 0.00751239899546, 0.00657083373517, 0.00306819891557, 0.0019154578913, 0.00200604414567, 0.00277634011582, 0.0038682220038, 0.00443353224546, 0.00989708304405, 0.00776893272996, 0.00342344888486, 0.00155219295993, 0.00337366224267, 0.00261741713621, 0.00818671938032, 0.00580644560978, 0.00153777271044, 0.000639940844849, 0.00145962287206, 0.00203921901993, 0.00260613742284, 0.00274033634923, 0.00217139092274, 0.00274957693182, 0.00341831706464, 0.00289664114825, 0.00152926694136, 0.00242601148784, 0.00240564020351, 0.000480932852952, 0.00140832527541, 0.000954428513069, 0.000802933529485, 0.000443642988103, 0.000448400649475, 0.000336193596013, 0.000305543508148, 0.000217930675717, 0.000234401144553, 0.00035665804171, 0.000261776120169, 8.0764410086e-05, 0.000133433073643, 8.03564471425e-05, 5.36711704626e-05, 0.000125257531181, 8.34655802464e-05, 3.57372591679e-05, 3.0036930184e-05, 5.1154904213e-05, 3.74227311113e-05, 3.89038323192e-05, 3.32439194608e-05, 3.30917209794e-05, 6.24409949523e-05, 3.7098692701e-05, 2.88591127173e-05, 1.82855001185e-05, 3.58958786819e-05, 1.73702701431e-05, 1.38296081786e-05, 1.13400319606e-05, 1.56472488015e-05, 6.00598059464e-06, 4.05836999562e-06, 4.18947684011e-06, 2.80361678051e-06, 3.79119569516e-06, 3.15581110044e-06, 3.02332296087e-06, 3.46585534317e-06, 2.80089398075e-06, 1.16414423701e-06, 8.86310260739e-07, 1.15864645522e-06, 7.82904464813e-07, 1.7154179659e-06, 2.51585174738e-06, 1.32044601742e-06, 1.24635050724e-06, 7.76934371061e-07, 3.48764501723e-07, 2.82701559939e-08, 7.16069381568e-09, 5.61919888398e-09, 2.99801272696e-09, 2.18652029815e-09, 2.09707895493e-09, 2.42963937858e-09, 5.36325073242e-09, 1.88331350515e-09, 1.82799386739e-09, 1.77349190889e-09, 1.72943570576e-09, 1.68696157044e-09, 1.64959623739e-09, 1.61833124679e-09, 1.59035462577e-09, 1.56935853202e-09, 1.55181079098e-09, 1.5423665678e-09],
        "mean": [2.696181582e-06, 1.25008673422e-05, 4.3461441237e-05, 7.89884579717e-05, 0.000126199971419, 0.000154258566909, 0.000231070138398, 0.000685207545757, 0.000774433196057, 0.000374726194423, 0.000318753853207, 0.000415958958911, 0.000307501351926, 0.000234473918681, 0.000203846444492, 0.000212066734093, 0.000211430611671, 0.000121853947348, 0.000120015080029, 0.000148682738654, 0.000240232111537, 0.000220237954636, 0.000244881550316, 0.000147378246766, 0.000164086857694, 0.00019970430003, 0.00016537301417, 0.000317616650136, 0.000200056878384, 0.000153321088874, 0.000115830327559, 9.33474511839e-05, 0.000105243365397, 0.000129500156618, 0.000116663111839, 0.000370715803001, 0.000281172571704, 0.000105237319076, 7.88690304034e-05, 8.20046989247e-05, 9.53693888732e-05, 0.000151445463416, 0.000149469458847, 0.000124243961181, 4.46855628979e-05, 3.66586609744e-05, 4.94482010254e-05, 4.11437940784e-05, 3.53931136488e-05, 3.59255463991e-05, 4.50235274911e-05, 5.44236318092e-05, 3.07280788547e-05, 6.33734889561e-05, 8.33741651149e-05, 3.99296914111e-05, 2.24772338697e-05, 5.87189824728e-05, 4.6062090405e-05, 3.35550394084e-05, 1.78516620508e-05, 1.98273701244e-05, 2.45855844696e-05, 2.09950194403e-05, 1.48284825627e-05, 1.57811809913e-05, 2.05097039725e-05, 1.16751962196e-05, 6.48151308269e-06, 6.5471376729e-06, 5.21867241332e-06, 6.00232351644e-06, 6.30386375633e-06, 4.8736219469e-06, 4.38660435975e-06, 4.09694621339e-06, 3.4507440887e-06, 2.57701140072e-06, 2.49138270192e-06, 2.45094224738e-06, 2.17229649024e-06, 3.0168766898e-06, 2.48940386882e-06, 2.13407520278e-06, 1.71358885837e-06, 1.2200813444e-06, 1.20683102978e-06, 1.01931902918e-06, 8.41341545765e-07, 6.03918635989e-07, 3.46624830172e-07, 2.77357855794e-07, 2.19481933073e-07, 1.26194180439e-07, 1.06361738972e-07, 8.99084326988e-08, 8.20496524057e-08, 5.60542545713e-08, 5.13774800481e-08, 3.31334817361e-08, 2.21555698232e-08, 2.60116230777e-08, 2.11432862329e-08, 2.4787636832e-08, 1.76323808887e-08, 1.27750920953e-08, 8.80277806203e-09, 6.09827921494e-09, 3.00600588865e-09, 1.33959943138e-09, 8.68317251435e-10, 5.24701671001e-10, 2.96571739389e-10, 9.3695197434e-11, 7.6361495252e-12, 1.84405490877e-10, 3.88318904809e-10, 6.06894352481e-12, 5.81998511884e-12, 5.65857256885e-12, 5.52102330867e-12, 5.39651483222e-12, 5.27746379583e-12, 5.17889160376e-12, 5.09691074069e-12, 5.03831004695e-12, 4.98701297272e-12, 4.95545228116e-12],
        "min": [3.34286242734e-25, 3.51954986587e-24, 4.87156437183e-24, 2.22861449321e-24, 4.6631437708e-24, 6.21054374019e-24, 2.51580620829e-24, 3.9408410323e-24, 3.85250557143e-24, 2.19829896306e-24, 2.63098128096e-24, 3.39830312803e-24, 2.51136985178e-24, 1.79762270423e-24, 1.4327180334e-24, 8.65901554263e-25, 4.12619534047e-24, 3.09694327387e-24, 2.953718674e-24, 5.83161795424e-24, 5.98492242155e-24, 1.0326633378e-23, 2.08665266243e-24, 3.61264610231e-24, 2.15808362297e-24, 7.92585748643e-24, 7.720918523e-24, 3.74585118261e-24, 5.04419435359e-24, 9.5530314093e-24, 1.60597249718e-24, 2.69369000368e-24, 2.54316390449e-24, 4.10633024515e-24, 5.01618269171e-24, 3.06695038783e-24, 2.14827275711e-24, 5.15928679308e-24, 8.94528429045e-24, 9.52735635342e-24, 1.93129064867e-24, 4.0064079953e-24, 5.20679949097e-24, 3.03236850068e-24, 7.4913278535e-25, 4.47726013696e-24, 3.20794783615e-24, 6.81868805051e-24, 5.3757608751e-24, 4.43857439817e-24, 6.63871022385e-24, 4.32610847107e-24, 1.05624530905e-23, 2.79941531157e-24, 4.64756928994e-24, 3.35382793905e-24, 2.87739105661e-24, 4.90593267489e-24, 4.09256501678e-24, 7.17339067907e-24, 8.30665326716e-24, 4.11644107537e-24, 4.835147397e-24, 4.31301298561e-24, 6.86567023944e-24, 3.58887693437e-24, 2.805106943e-24, 4.82078184549e-24, 7.96078824732e-24, 4.00345528893e-24, 5.33070114019e-24, 3.4405336133e-24, 7.1218370412e-24, 7.42912991822e-24, 4.43188209668e-24, 7.36339335012e-24, 6.18469750149e-24, 7.02964128948e-24, 7.82196213863e-24, 5.54196992352e-24, 6.25872657542e-24, 4.79076608247e-24, 4.89921276327e-24, 9.21163449763e-24, 8.28022879342e-24, 7.97334691293e-24, 2.32741202463e-24, 7.56516819246e-24, 8.22777427638e-24, 5.29288906485e-24, 7.12782528433e-24, 6.46755659527e-24, 7.04898652546e-24, 5.05633452849e-24, 7.21958085166e-24, 8.88333898787e-24, 6.55343396556e-24, 8.23811782057e-24, 6.60492449457e-24, 6.74017588006e-24, 6.93588674862e-24, 7.77147267412e-24, 5.29059269076e-24, 6.49831191538e-24, 6.84583906515e-24, 8.5162228441e-24, 9.02403627462e-24, 1.01309161986e-23, 8.20545503479e-24, 7.07188242437e-24, 6.95425616366e-24, 7.95434404258e-24, 7.53311046299e-24, 9.17545339221e-24, 1.06974753119e-23, 8.78867173494e-24, 4.92222383587e-24, 5.97051506041e-24, 8.51218703171e-24, 5.32052365122e-24, 6.7852632251e-24, 7.55639211489e-24, 9.4163849233e-24, 8.58843753795e-24, 9.75120194616e-24, 8.4628879583e-24, 7.40444724935e-24, 6.98356550173e-24],
        "stdev": [5.56969143872e-06, 3.06428737531e-05, 0.000147439772263, 0.000260781846009, 0.000382659287425, 0.000358033721568, 0.000477239897009, 0.00151090137661, 0.00166789256036, 0.000697651994415, 0.000748585327528, 0.00145428930409, 0.000781414390076, 0.000364243256627, 0.000286323338514, 0.000333612493705, 0.000464263634058, 0.000294630794087, 0.000198638066649, 0.000252718833508, 0.000398517906433, 0.000426274695201, 0.000633866991848, 0.00039526380715, 0.000322645792039, 0.000513650767971, 0.000349072273821, 0.000735328590963, 0.000540781009477, 0.000333058065735, 0.00023315649014, 0.000216173764784, 0.000307083741063, 0.000348958710674, 0.000363914354239, 0.00126951967832, 0.000744761433452, 0.000371609756257, 0.000184684773558, 0.00022592098685, 0.000263231893769, 0.000634644937236, 0.000448693754151, 0.00024126083008, 9.48882370722e-05, 9.8242337117e-05, 0.000131697990582, 0.000141401033034, 0.000142733872053, 0.000129245003336, 0.000190422768355, 0.000254042737652, 0.000157540256623, 0.000154428416863, 0.000210686819628, 0.000153815752128, 4.74284170195e-05, 0.000131166088977, 0.000107239509816, 7.18380542821e-05, 3.37298661179e-05, 3.75993004127e-05, 4.04680067732e-05, 3.38279969583e-05, 2.48279302468e-05, 2.55847025983e-05, 4.22492375947e-05, 2.66481220024e-05, 9.69774737314e-06, 1.15629645734e-05, 7.95246978669e-06, 8.4776283984e-06, 1.17740655696e-05, 8.27282383398e-06, 6.4357723204e-06, 5.700834663e-06, 6.74054172123e-06, 4.68957887279e-06, 4.32594424638e-06, 4.07373909184e-06, 4.30922364103e-06, 6.96452889315e-06, 5.24889901499e-06, 4.57301212009e-06, 3.04083164337e-06, 2.16042644752e-06, 1.91451476894e-06, 1.89726154076e-06, 1.62276421634e-06, 1.16426315344e-06, 5.72460294279e-07, 5.58819124308e-07, 4.52811804053e-07, 2.38538973463e-07, 2.33386685977e-07, 2.14402106735e-07, 1.95105968714e-07, 1.93112470015e-07, 1.73244771418e-07, 8.37991862568e-08, 5.72910821006e-08, 6.76283420376e-08, 5.74463996372e-08, 8.62878195562e-08, 1.21202191394e-07, 6.68337136744e-08, 5.87924837703e-08, 3.72609747501e-08, 1.62035167506e-08, 2.78587064528e-09, 1.71707670304e-09, 1.05896091895e-09, 6.69752808768e-10, 2.5160087902e-10, 8.94165921861e-11, 4.30399355045e-10, 9.13110254075e-10, 8.02553579149e-11, 7.79032602316e-11, 7.55809581587e-11, 7.37034114295e-11, 7.18934425881e-11, 7.03013897096e-11, 6.89693371858e-11, 6.77773046021e-11, 6.68823815775e-11, 6.61349447428e-11, 6.57325860409e-11]
    },
    "mfcc": {
        "mean": [-708.325683594, 112.890823364, -36.5712127686, 22.6969413757, -16.9672698975, 5.30925226212, -13.1335248947, 6.21051502228, -13.0727357864, -2.11401033401, -6.09632730484, -1.98888516426, -7.38045835495],
        "cov": [[23919.0332031, 5865.21728516, -5447.60888672, 1310.45483398, -2435.2644043, 396.395874023, -1447.39111328, 384.912231445, -1328.42333984, -242.796508789, -785.950866699, -263.623748779, -803.508728027], [5865.21728516, 1913.03686523, -1619.05163574, 372.114257812, -701.945556641, 130.470870972, -408.944396973, 136.940170288, -412.839752197, -45.32188797, -191.114532471, -65.5218734741, -183.862518311], [-5447.60888672, -1619.05163574, 1877.3770752, -317.859893799, 679.140686035, -50.9353065491, 409.988464355, -125.237716675, 409.642303467, 38.7881088257, 207.52772522, 76.5306549072, 194.326538086], [1310.45483398, 372.114257812, -317.859893799, 344.347412109, -195.956222534, 103.303764343, -193.586776733, 90.5195007324, -92.6268386841, 15.8699378967, -109.338417053, 1.52531683445, -92.0545272827], [-2435.2644043, -701.945556641, 679.140686035, -195.956222534, 483.689331055, -120.594703674, 190.515914917, -87.7034912109, 232.489593506, 10.0620946884, 139.411804199, 15.3435688019, 130.122955322], [396.395874023, 130.470870972, -50.9353065491, 103.303764343, -120.594703674, 218.65776062, -55.163356781, 64.0800476074, -77.9566955566, 16.9063415527, -55.5749740601, 4.96085596085, -61.1477127075], [-1447.39111328, -408.944396973, 409.988464355, -193.586776733, 190.515914917, -55.163356781, 251.58934021, -61.2307891846, 107.671646118, -4.47433280945, 106.09274292, 18.5699367523, 79.1086044312], [384.912231445, 136.940170288, -125.237716675, 90.5195007324, -87.7034912109, 64.0800476074, -61.2307891846, 103.81224823, -32.0370559692, 20.6007614136, -45.6660079956, 5.98426103592, -35.7733650208], [-1328.42333984, -412.839752197, 409.642303467, -92.6268386841, 232.489593506, -77.9566955566, 107.671646118, -32.0370559692, 192.354019165, 27.9842567444, 71.9281463623, 7.06012010574, 73.5736541748], [-242.796508789, -45.32188797, 38.7881088257, 15.8699378967, 10.0620946884, 16.9063415527, -4.47433280945, 20.6007614136, 27.9842567444, 83.3286437988, 5.0383067131, 15.4811639786, -5.79803943634], [-785.950866699, -191.114532471, 207.52772522, -109.338417053, 139.411804199, -55.5749740601, 106.09274292, -45.6660079956, 71.9281463623, 5.0383067131, 115.576370239, 11.0647268295, 64.0042648315], [-263.623748779, -65.5218734741, 76.5306549072, 1.52531683445, 15.3435688019, 4.96085596085, 18.5699367523, 5.98426103592, 7.06012010574, 15.4811639786, 11.0647268295, 56.5761985779, 13.4308156967], [-803.508728027, -183.862518311, 194.326538086, -92.0545272827, 130.122955322, -61.1477127075, 79.1086044312, -35.7733650208, 73.5736541748, -5.79803943634, 64.0042648315, 13.4308156967, 104.700111389]],
        "icov": [[0.000228611112107, -0.000489348429255, 0.000182695715921, -2.65978615062e-05, 0.000220970061491, -2.47448660957e-05, 9.14117918001e-05, 0.000323666026816, -0.000474538945127, 0.000432315107901, 0.000121978402603, -9.04004627955e-05, 0.000579512910917], [-0.000489348429255, 0.00351697183214, 0.00116680178326, -0.000589809729718, 0.000625878339633, -0.000407112180255, 0.000416304916143, -0.000816965708509, 0.00156882428564, -0.00042448026943, -0.00171968259383, 0.000789243378676, -0.00204874784686], [0.000182695715921, 0.00116680178326, 0.00284490105696, -0.000361901562428, -0.000397597061237, -0.00174204970244, -0.000694675312843, 0.000986122642644, -0.00219037826173, 0.00101472740062, -0.000214824365685, -0.00123201846145, 7.59729737183e-05], [-2.65978615062e-05, -0.000589809729718, -0.000361901562428, 0.00657973345369, 0.000192126899492, -0.00100269389804, 0.00344430864789, -0.00169690721668, -0.00145372352563, 0.000187043347978, 0.00132275209762, -0.00193786481395, 0.00168214039877], [0.000220970061491, 0.000625878339633, -0.000397597061237, 0.000192126899492, 0.0081614619121, 0.00042909826152, 0.00106750486884, 0.00138532510027, -0.00485302042216, 0.00137768045533, -0.00304112909362, 0.000662495498545, -0.00126341648865], [-2.47448660957e-05, -0.000407112180255, -0.00174204970244, -0.00100269389804, 0.00042909826152, 0.00815496314317, -0.000735365145374, -0.00331457215361, 0.0042394218035, -0.00176422833465, 0.000604752451181, 0.00103170529474, 0.00152061448898], [9.14117918001e-05, 0.000416304916143, -0.000694675312843, 0.00344430864789, 0.00106750486884, -0.000735365145374, 0.0107245203108, 0.000227338969125, -0.00135241192766, 0.00170716934372, -0.00472322525457, -0.00140825111885, 8.14690283732e-05], [0.000323666026816, -0.000816965708509, 0.000986122642644, -0.00169690721668, 0.00138532510027, -0.00331457215361, 0.000227338969125, 0.01621369645, -0.00386235793121, -0.00149640243035, 0.00270559918135, -0.00241040368564, 0.000724064593669], [-0.000474538945127, 0.00156882428564, -0.00219037826173, -0.00145372352563, -0.00485302042216, 0.0042394218035, -0.00135241192766, -0.00386235793121, 0.0194952189922, -0.00634197006002, -0.00039313378511, 0.00480902893469, -0.00431724125519], [0.000432315107901, -0.00042448026943, 0.00101472740062, 0.000187043347978, 0.00137768045533, -0.00176422833465, 0.00170716934372, -0.00149640243035, -0.00634197006002, 0.0165845025331, -0.00252487859689, -0.00463623041287, 0.00382286170498], [0.000121978402603, -0.00171968259383, -0.000214824365685, 0.00132275209762, -0.00304112909362, 0.000604752451181, -0.00472322525457, 0.00270559918135, -0.00039313378511, -0.00252487859689, 0.0203569959849, -0.00141891743988, -0.00402214797214], [-9.04004627955e-05, 0.000789243378676, -0.00123201846145, -0.00193786481395, 0.000662495498545, 0.00103170529474, -0.00140825111885, -0.00241040368564, 0.00480902893469, -0.00463623041287, -0.00141891743988, 0.0223092287779, -0.00433578155935], [0.000579512910917, -0.00204874784686, 7.59729737183e-05, 0.00168214039877, -0.00126341648865, 0.00152061448898, 8.14690283732e-05, 0.000724064593669, -0.00431724125519, 0.00382286170498, -0.00402214797214, -0.00433578155935, 0.0206432230771]]
    },
    "spectral_contrast_coeffs": {
        "max": [-0.425009727478, -0.5803399086, -0.540077388287, -0.596679747105, -0.625511348248, -0.398272663355],
        "mean": [-0.700849115849, -0.798390030861, -0.765250921249, -0.792509794235, -0.790396988392, -0.691201806068],
        "min": [-0.969375908375, -0.971566796303, -0.961741924286, -0.965502977371, -0.963410139084, -0.962456822395],
        "stdev": [0.113393157721, 0.070715226233, 0.0942804813385, 0.074099957943, 0.0670297592878, 0.12251727283]
    },
    "spectral_contrast_valleys": {
        "max": [-5.68238258362, -4.92832612991, -5.93528461456, -6.10139656067, -5.98175811768, -9.02663421631],
        "mean": [-8.06433868408, -7.30865955353, -7.84950637817, -8.07901763916, -7.95591878891, -11.804356575],
        "min": [-27.3966312408, -27.5429668427, -27.4692459106, -27.4717445374, -27.3726615906, -27.2852153778],
        "stdev": [2.14040064812, 2.36356258392, 2.35175538063, 2.27983236313, 2.20170211792, 1.67137777805]
    }
},
"rhythm": {
    "beats_count": 25,
    "beats_loudness": {
        "max": 0.0620258301497,
        "mean": 0.0289136487991,
        "min": 1.27990606416e-05,
        "stdev": 0.0175384320319
    },
    "bpm": 123.345092773,
    "bpm_histogram_first_peak_bpm": 123,
    "bpm_histogram_first_peak_weight": 0.45454543829,
    "bpm_histogram_second_peak_bpm": 117,
    "bpm_histogram_second_peak_spread": 0,
    "bpm_histogram_second_peak_weight": 0.0416666679084,
    "danceability": 0.90408295393,
    "onset_rate": 2.7430832386,
    "beats_loudness_band_ratio": {
        "max": [0.522038340569, 0.72278124094, 0.608872771263, 0.616777598858, 0.637096166611, 0.5554702878],
        "mean": [0.141673624516, 0.171360686421, 0.199865967035, 0.228130996227, 0.187416195869, 0.145293280482],
        "min": [0.0175348222256, 0.0395447164774, 0.0531661584973, 0.0214531812817, 0.0206683650613, 0.0156886316836],
        "stdev": [0.114127747715, 0.13360799849, 0.143816351891, 0.192410647869, 0.183407828212, 0.179092362523]
    },
    "beats_position": [0.476009070873, 0.96362811327, 1.45124709606, 1.93886613846, 2.42648530006, 2.92571425438, 3.41333317757, 3.90095233917, 4.38857126236, 4.87619018555, 5.34058952332, 5.81659841537, 6.29260778427, 6.78022670746, 7.2910656929, 7.79029464722, 8.26630401611, 8.75392246246, 9.22993183136, 9.70594120026, 10.2051696777, 10.6927890778, 11.1687984467, 11.656416893, 12.1556463242],
