{
"metadata": {
    "version": {
        "essentia": "2.1-beta5",
        "essentia_git_sha": "Undefined",
        "extractor": "music 2.0"
    },
    "audio_properties": {
        "analysis": {
            "equal_loudness": 0,
            "length": 12.7477550507,
            "sample_rate": 44100,
            "start_time": 0,
            "downmix": "mix"
        },
        "bit_rate": 192000,
        "length": 171.595458984,
        "lossless": 0,
        "number_channels": 1,
        "replay_gain": -6.92314720154,
        "sample_rate": 44100,
        "codec": "mp3",
        "md5_encoded": "386436eb23d83f1dbd9015910f261a74"
    },
    "tags": {
        "file_name": "Cyprus_Tora Zo_Elpida.mp3",
        "encoding": ["Lavf58.29.100"]
    }
},
"lowlevel": {
    "average_loudness": 0.921562194824,
    "barkbands_crest": {
        "max": 26.0779495239,
        "mean": 10.8272314072,
        "min": 2.73893165588,
        "stdev": 4.32976865768
    },
    "barkbands_flatness_db": {
        "max": 0.356741607189,
        "mean": 0.179952308536,
        "min": 0.0571630224586,
        "stdev": 0.0609856508672
    },
    "barkbands_kurtosis": {
        "max": 256.024902344,
        "mean": 15.6097955704,
        "min": -1.30630552769,
        "stdev": 21.1083087921
    },
    "barkbands_skewness": {
        "max": 14.9199924469,
        "mean": 2.81408190727,
        "min": -1.91522121429,
        "stdev": 1.75073039532
    },
    "barkbands_spread": {
        "max": 52.4879875183,
        "mean": 13.3351259232,
        "min": 1.11737680435,
        "stdev": 10.3742837906
    },
    "dissonance": {
        "max": 0.500000119209,
        "mean": 0.428493738174,
        "min": 0.247389912605,
        "stdev": 0.0500347241759
    },
    "dynamic_complexity": 5.00761127472,
    "erbbands_crest": {
        "max": 29.8399124146,
        "mean": 12.1234149933,
        "min": 2.90479755402,
        "stdev": 5.09662532806
    },
    "erbbands_flatness_db": {
        "max": 0.31494230032,
        "mean": 0.190006136894,
        "min": 0.0924994274974,
        "stdev": 0.0470388382673
    },
    "erbbands_kurtosis": {
        "max": 88.4418563843,
        "mean": 7.1517457962,
        "min": -1.57057094574,
        "stdev": 9.78804206848
    },
    "erbbands_skewness": {
        "max": 7.99447965622,
        "mean": 1.84930145741,
        "min": -0.63190984726,
        "stdev": 1.18620920181
    },
    "erbbands_spread": {
        "max": 84.2869567871,
        "mean": 23.7235813141,
        "min": 2.88542795181,
        "stdev": 13.6007032394
    },
    "hfc": {
        "max": 89.6717605591,
        "mean": 7.7364859581,
        "min": 1.16030384763e-16,
        "stdev": 10.1677570343
    },
    "loudness_ebu128": {
        "integrated": -22.8702945709,
        "loudness_range": 3.83895111084,
        "momentary": {
            "max": -19.3302249908,
            "mean": -24.6494522095,
            "min": -39.9995574951,
            "stdev": 4.575776577
        },
        "short_term": {
            "max": -20.8205509186,
            "mean": -23.4918251038,
            "min": -27.514957428,
            "stdev": 1.26277458668
        }
    },
    "melbands_crest": {
        "max": 31.5240573883,
        "mean": 13.6190233231,
        "min": 1.35541725159,
        "stdev": 5.40132522583
    },
    "melbands_flatness_db": {
        "max": 0.411511451006,
        "mean": 0.225297853351,
        "min": 0.00091070891358,
        "stdev": 0.0752279907465
    },
    "melbands_kurtosis": {
        "max": 301.46206665,
        "mean": 20.3656158447,
        "min": -1.1741232872,
        "stdev": 24.4243545532
    },
    "melbands_skewness": {
        "max": 11.4625835419,
        "mean": 2.67546081543,
        "min": -0.589821338654,
        "stdev": 1.49073278904
    },
    "melbands_spread": {
        "max": 130.367645264,
        "mean": 12.9000663757,
        "min": 0.715974450111,
        "stdev": 13.895447731
    },
    "pitch_salience": {
        "max": 0.932868123055,
        "mean": 0.628497004509,
        "min": 0.149119347334,
        "stdev": 0.110260933638
    },
    "silence_rate_20dB": {
        "max": 1,
        "mean": 1,
        "min": 1,
        "stdev": 0
    },
    "silence_rate_30dB": {
        "max": 1,
        "mean": 1,
        "min": 1,
        "stdev": 0
    },
    "silence_rate_60dB": {
        "max": 1,
        "mean": 0.350909084082,
        "min": 0,
        "stdev": 0.477255046368
    },
    "spectral_centroid": {
        "max": 11439.0517578,
        "mean": 817.765625,
        "min": 243.388504028,
        "stdev": 791.172485352
    },
    "spectral_complexity": {
        "max": 28,
        "mean": 8.46545410156,
        "min": 0,
        "stdev": 6.7738609314
    },
    "spectral_decrease": {
        "max": 4.1646327173e-29,
        "mean": -3.48612783085e-09,
        "min": -2.86627113155e-08,
        "stdev": 4.88237938967e-09
    },
    "spectral_energy": {
        "max": 0.116313159466,
        "mean": 0.0138591798022,
        "min": 1.03671087393e-20,
        "stdev": 0.0192971900105
    },
    "spectral_energyband_high": {
        "max": 0.00144595000893,
        "mean": 0.000100482895505,
        "min": 7.11307876033e-21,
        "stdev": 0.00011390470172
    },
    "spectral_energyband_low": {
        "max": 0.0261812321842,
        "mean": 0.000582306238357,
        "min": 1.52973066841e-23,
        "stdev": 0.00241711572744
    },
    "spectral_energyband_middle_high": {
        "max": 0.0302859656513,
        "mean": 0.00163389998488,
        "min": 1.71816742532e-21,
        "stdev": 0.00329463137314
    },
    "spectral_energyband_middle_low": {
        "max": 0.101774930954,
        "mean": 0.0118688698858,
        "min": 3.71239380879e-22,
        "stdev": 0.0170032251626
    },
    "spectral_entropy": {
        "max": 9.80561351776,
        "mean": 7.27111625671,
        "min": 5.82578086853,
        "stdev": 0.614568173885
    },
    "spectral_flux": {
        "max": 0.288355350494,
        "mean": 0.0554955229163,
        "min": 6.89176632429e-11,
        "stdev": 0.050154555589
    },
    "spectral_kurtosis": {
        "max": 20.7175998688,
        "mean": 6.40544843674,
        "min": -1.21575593948,
        "stdev": 4.31451225281
    },
    "spectral_rms": {
        "max": 0.0106525234878,
        "mean": 0.00297543033957,
        "min": 3.18029131675e-12,
        "stdev": 0.00216054846533
    },
    "spectral_rolloff": {
        "max": 19250.6835938,
        "mean": 1455.3684082,
        "min": 236.865234375,
        "stdev": 2327.74609375
    },
    "spectral_skewness": {
        "max": 3.98715400696,
        "mean": 2.24300742149,
        "min": -0.0576252005994,
        "stdev": 0.63797134161
    },
    "spectral_spread": {
        "max": 41218368,
        "mean": 6363670.5,
        "min": 2407272.75,
        "stdev": 2972867
    },
    "spectral_strongpeak": {
        "max": 4.82242584229,
        "mean": 0.832741260529,
        "min": 0,
        "stdev": 0.754723250866
    },
    "zerocrossingrate": {
        "max": 0.517578125,
        "mean": 0.0730379968882,
        "min": 0.01220703125,
        "stdev": 0.0598028376698
    },
    "barkbands": {
        "max": [0.000111136600026, 0.00269601773471, 0.0146597102284, 0.0266391802579, 0.0347171872854, 0.0245367661119, 0.0628404915333, 0.0639651790261, 0.0176638048142, 0.0118322856724, 0.00793589092791, 0.00700195133686, 0.00897900667042, 0.00714090187103, 0.00276610651053, 0.00118359399494, 0.00236163288355, 0.000267988856649, 6.19723505224e-05, 0.000308898510411, 0.000925959844608, 0.000377479649615, 2.68070725724e-05, 0.000108707099571, 2.74881949736e-05, 3.39503676514e-05, 3.06650576931e-07],
        "mean": [4.9659670367e-06, 6.31894363323e-05, 0.000237848405959, 0.000463144679088, 0.00371722993441, 0.00179368152749, 0.00360421114601, 0.000903922889847, 0.00129520776682, 0.000438947434304, 0.000250632292591, 0.00016342017625, 0.000291616946924, 0.000260350672761, 0.000139126947033, 5.46236296941e-05, 5.82692991884e-05, 1.00660536191e-05, 2.56839393842e-06, 1.58577313414e-05, 2.58837317233e-05, 1.36358185046e-05, 5.92054402659e-06, 1.21136799862e-05, 1.41352647915e-05, 1.86100551218e-05, 1.09722297914e-09],
        "min": [4.6421663816e-24, 1.0917870427e-23, 2.93872696414e-24, 2.18217070185e-24, 4.09515429493e-23, 6.28332002412e-23, 1.60720722227e-23, 6.4432334892e-23, 8.02967883908e-23, 7.82745592375e-23, 3.07066789484e-23, 8.49292068182e-23, 1.26207710525e-22, 2.19063568423e-22, 1.4306844486e-22, 1.99796177239e-22, 1.66043911439e-22, 1.94288792161e-22, 2.51510919446e-22, 2.72244885095e-22, 3.59182279343e-22, 4.79378831904e-22, 5.64632860089e-22, 6.06915552173e-22, 1.14372825425e-21, 1.43872618502e-21, 2.54473371087e-21],
        "stdev": [1.09535421871e-05, 0.000237055850448, 0.0010882827919, 0.00206996290945, 0.00614433875307, 0.0031742376741, 0.00685030873865, 0.0034194663167, 0.00227724900469, 0.00103582523298, 0.00073712784797, 0.00049905362539, 0.000858953688294, 0.000619270082098, 0.000329989852617, 0.000106463128759, 0.000148330567754, 2.27048458328e-05, 4.23490246249e-06, 3.60362209904e-05, 6.78375436109e-05, 2.64032987616e-05, 2.47776119977e-06, 8.988386071e-06, 3.7875840917e-06, 5.03733690493e-06, 1.3077057659e-08]
    },
    "erbbands": {
        "max": [0.0333573557436, 0.762381076813, 9.28112888336, 52.9244842529, 88.1606445312, 142.90763855, 394.159484863, 171.028030396, 260.159332275, 1246.58544922, 944.682861328, 541.289672852, 275.620452881, 298.272644043, 273.353485107, 347.473571777, 363.916290283, 455.57901001, 220.547988892, 169.526153564, 100.606361389, 122.113975525, 18.4951934814, 2.2004570961, 4.14984703064, 17.6542739868, 45.2689971924, 20.8842887878, 14.6004629135, 4.79266881943, 0.72205221653, 1.3683334589, 2.36987066269, 0.57801681757, 0.253768563271, 0.150028198957, 0.0753784775734, 0.00463751982898, 0.000102374855487, 0.000138324714499],
        "mean": [0.00104888528585, 0.0196924470365, 0.19692581892, 1.16073489189, 3.2364320755, 11.7832870483, 27.8019294739, 11.644405365, 18.2846069336, 74.2778625488, 18.4009456635, 31.9568500519, 16.7652759552, 14.3452682495, 8.08201313019, 8.1444196701, 12.8506183624, 14.233953476, 9.83280086517, 5.64556217194, 3.204028368, 3.07244539261, 0.906266093254, 0.162356823683, 0.243544593453, 0.728950679302, 1.25229990482, 0.811933875084, 0.53201007843, 0.232822015882, 0.171594187617, 0.212783291936, 0.219681322575, 0.142100989819, 0.11253324151, 0.0854445025325, 0.038473945111, 0.00188086612616, 4.56798406958e-05, 1.80591832759e-05],
        "min": [1.18409763679e-22, 1.64451634198e-21, 4.71904721926e-21, 6.63734287546e-21, 7.05871926159e-20, 1.88167446409e-19, 1.58702691379e-19, 5.71584284816e-19, 4.70706765682e-19, 6.40010009255e-19, 7.54850130334e-19, 1.57121302993e-18, 1.75598615362e-18, 2.62606393915e-18, 2.57971225314e-18, 3.63472632374e-18, 5.96717919574e-18, 1.38331556235e-17, 6.34462295002e-18, 7.56645598232e-18, 1.24318992581e-17, 9.16777921373e-18, 9.75465724089e-18, 1.05330209624e-17, 1.37871594184e-17, 1.21211415641e-17, 1.1495765724e-17, 1.72292027038e-17, 1.48021621423e-17, 1.93971504451e-17, 1.46168951918e-17, 1.16265098916e-17, 1.09834522388e-17, 1.14693009075e-17, 9.09988257469e-18, 6.03556593929e-18, 2.61930608034e-18, 1.12523250222e-18, 3.64182032807e-19, 3.68447409023e-20],
        "stdev": [0.00314189656638, 0.0743696168065, 0.834165751934, 4.95264959335, 9.16118717194, 20.9615592957, 55.1654167175, 19.4023075104, 29.8043441772, 137.391876221, 53.8345336914, 57.0231666565, 30.5057220459, 33.8784217834, 22.6195449829, 25.022562027, 36.2178916931, 38.5031814575, 21.7005558014, 14.5793571472, 7.12721014023, 7.78294467926, 1.9876447916, 0.276062846184, 0.47121027112, 1.83293390274, 3.16264605522, 2.03719639778, 1.10419821739, 0.283440560102, 0.0754044726491, 0.129443839192, 0.17913658917, 0.0475960336626, 0.0325068086386, 0.0243125092238, 0.0111676724628, 0.000605436507612, 1.41075124702e-05, 2.17757624341e-05]
    },
    "gfcc": {
        "mean": [-91.6557006836, 65.0518569946, -104.436325073, -28.3579845428, -90.8539276123, 3.60789275169, -63.3954696655, 1.19450056553, -26.8374271393, 18.8398590088, -28.6630420685, 6.86291027069, -6.19046020508],
        "cov": [[12117.4296875, 2452.65820312, -1037.32568359, -312.934509277, -503.436859131, -342.669128418, -368.26651001, -423.621246338, -279.277618408, -43.098651886, -390.24331665, -279.442810059, 4.19266366959], [2452.65820312, 1220.95056152, -42.524810791, -69.0997695923, -25.5838394165, -236.26739502, -43.0875053406, -253.545288086, -103.894767761, -134.026626587, -106.288574219, -176.814605713, 5.56114292145], [-1037.32568359, -42.524810791, 560.754333496, 17.0590019226, -157.171096802, -105.559211731, -78.027381897, 13.2174453735, -20.7581481934, -32.5100708008, 61.8419837952, 40.8109893799, -11.5830659866], [-312.934509277, -69.0997695923, 17.0590019226, 294.082977295, 195.941986084, 106.586845398, 97.0898513794, -18.4703330994, -49.3840751648, -21.6911582947, -27.6130275726, -2.52471375465, 5.14271688461], [-503.436859131, -25.5838394165, -157.171096802, 195.941986084, 384.423461914, 201.099014282, 135.710754395, -15.2423191071, -19.0721931458, -38.1409301758, -31.9231014252, -28.9036445618, -15.8010139465], [-342.669128418, -236.26739502, -105.559211731, 106.586845398, 201.099014282, 216.650161743, 89.188835144, 57.5337677002, -0.897274792194, 8.32098197937, -14.0468559265, 14.2079153061, -21.8457164764], [-368.26651001, -43.0875053406, -78.027381897, 97.0898513794, 135.710754395, 89.188835144, 138.338012695, 25.513256073, 2.2571721077, -6.38083076477, -10.0253171921, -23.5593910217, -2.91933059692], [-423.621246338, -253.545288086, 13.2174453735, -18.4703330994, -15.2423191071, 57.5337677002, 25.513256073, 118.579994202, 59.5655937195, 43.6773643494, 30.4370269775, 43.9612388611, -10.283657074], [-279.277618408, -103.894767761, -20.7581481934, -49.3840751648, -19.0721931458, -0.897274792194, 2.2571721077, 59.5655937195, 88.597442627, 54.2379684448, 35.1324920654, 26.2509803772, 8.32796096802], [-43.098651886, -134.026626587, -32.5100708008, -21.6911582947, -38.1409301758, 8.32098197937, -6.38083076477, 43.6773643494, 54.2379684448, 84.9827194214, 48.8240699768, 44.5706634521, 15.4351272583], [-390.24331665, -106.288574219, 61.8419837952, -27.6130275726, -31.9231014252, -14.0468559265, -10.0253171921, 30.4370269775, 35.1324920654, 48.8240699768, 80.0349197388, 58.4058990479, 15.3171300888], [-279.442810059, -176.814605713, 40.8109893799, -2.52471375465, -28.9036445618, 14.2079153061, -23.5593910217, 43.9612388611, 26.2509803772, 44.5706634521, 58.4058990479, 90.7371826172, 28.6587333679], [4.19266366959, 5.56114292145, -11.5830659866, 5.14271688461, -15.8010139465, -21.8457164764, -2.91933059692, -10.283657074, 8.32796096802, 15.4351272583, 15.3171300888, 28.6587333679, 50.5804634094]],
        "icov": [[0.00100850255694, -0.00308576202951, 0.00236234464683, -0.00162955373526, 0.00311076035723, -0.00289283506572, 0.0032645999454, -0.00272958655842, 0.00299592548981, -0.00304230884649, 0.00192875682842, -0.0013012153795, 0.000906469416805], [-0.00308576202951, 0.0115908421576, -0.00730315223336, 0.0058523202315, -0.0104839494452, 0.0111022545025, -0.0106597077101, 0.0110900858417, -0.0090599572286, 0.00945276673883, -0.00495845777914, 0.00546529563144, -0.00311456574127], [0.00236234464683, -0.00730315223336, 0.00960252061486, -0.00714698154479, 0.0100424494594, -0.00722783152014, 0.010325582698, -0.00820857938379, 0.00591583969072, -0.00021710783767, -0.00326516502537, -0.000969049404375, 0.00310541014187], [-0.00162955373526, 0.0058523202315, -0.00714698154479, 0.0128602320328, -0.0112853087485, 0.00811111647636, -0.0112752746791, 0.00652874726802, 0.00158838706557, -0.00430649053305, 0.0078917555511, -0.00379451806657, -0.00198548426852], [0.00311076035723, -0.0104839494452, 0.0100424494594, -0.0112853087485, 0.0237716548145, -0.021288273856, 0.00884930044413, -0.00114210962784, -0.00128820934333, 0.00338698690757, -0.00396656990051, -0.00204866635613, 0.00439271843061], [-0.00289283506572, 0.0111022545025, -0.00722783152014, 0.00811111647636, -0.021288273856, 0.0309118051082, -0.0133737679571, 0.000360499863746, 0.00202732998878, -0.00212886673398, 0.00689351232722, -0.00400437694043, 0.0030383314006], [0.0032645999454, -0.0106597077101, 0.010325582698, -0.0112752746791, 0.00884930044413, -0.0133737679571, 0.0313536226749, -0.0209006015211, 0.0113334516063, -0.00419380608946, -0.0081525593996, 0.0137220351025, -0.00693132029846], [-0.00272958655842, 0.0110900858417, -0.00820857938379, 0.00652874726802, -0.00114210962784, 0.000360499863746, -0.0209006015211, 0.0435052998364, -0.0280420016497, 0.0107555920258, 0.00334990816191, -0.0127970362082, 0.0114723350853], [0.00299592548981, -0.0090599572286, 0.00591583969072, 0.00158838706557, -0.00128820934333, 0.00202732998878, 0.0113334516063, -0.0280420016497, 0.045397810638, -0.0294233318418, 0.00729898177087, 0.00296164653264, -0.00501719163731], [-0.00304230884649, 0.00945276673883, -0.00021710783767, -0.00430649053305, 0.00338698690757, -0.00212886673398, -0.00419380608946, 0.0107555920258, -0.0294233318418, 0.0535466969013, -0.0324750766158, 0.00882686674595, -0.00497842673212], [0.00192875682842, -0.00495845777914, -0.00326516502537, 0.0078917555511, -0.00396656990051, 0.00689351232722, -0.0081525593996, 0.00334990816191, 0.00729898177087, -0.0324750766158, 0.0580672957003, -0.0354396924376, 0.0119878947735], [-0.0013012153795, 0.00546529563144, -0.000969049404375, -0.00379451806657, -0.00204866635613, -0.00400437694043, 0.0137220351025, -0.0127970362082, 0.00296164653264, 0.00882686674595, -0.0354396924376, 0.0540644824505, -0.027590341866], [0.000906469416805, -0.00311456574127, 0.00310541014187, -0.00198548426852, 0.00439271843061, 0.0030383314006, -0.00693132029846, 0.0114723350853, -0.00501719163731, -0.00497842673212, 0.0119878947735, -0.027590341866, 0.0399153605103]]
    },
    "melbands": {
        "max": [0.000537079293281, 0.0040436219424, 0.0104574598372, 0.00780625408515, 0.012531934306, 0.00383190833963, 0.00685551110655, 0.0117234680802, 0.00607000943273, 0.00313085527159, 0.00136101408862, 0.00123429612722, 0.00123025430366, 0.000330295268213, 0.00183453550562, 0.000844735768624, 0.000837611500174, 0.000354874122422, 0.00018151938275, 0.000134826914291, 0.000153646993567, 0.000141226948472, 5.1780436479e-05, 9.67984669842e-06, 1.38846576192e-06, 2.56252837971e-06, 7.04258945916e-06, 1.25466694954e-05, 3.12453303195e-05, 1.92847128346e-05, 1.2497885109e-05, 8.56846327224e-06, 6.22933293926e-06, 1.0562486068e-06, 4.03552860462e-07, 1.25479266444e-06, 9.25341851143e-07, 1.31701892769e-06, 2.07119933293e-06, 2.38557703369e-07],
        "mean": [1.34690790219e-05, 8.89450529939e-05, 0.000233158556512, 0.000524139322806, 0.000923368905205, 0.000254800484981, 0.00043228326831, 0.000695218041074, 0.000129982145154, 0.000200283655431, 8.14420636743e-05, 5.96837417106e-05, 3.32266245096e-05, 1.51385929712e-05, 2.59431544691e-05, 2.98576942441e-05, 2.59679109149e-05, 1.71154679265e-05, 8.71186693985e-06, 5.17440412295e-06, 3.64069614989e-06, 3.64731363334e-06, 1.50775656493e-06, 3.77909600502e-07, 8.45649594794e-08, 1.12572266175e-07, 2.94164237857e-07, 4.90587297008e-07, 9.0871304792e-07, 5.51773894131e-07, 4.42399823442e-07, 3.43895976584e-07, 1.74742794457e-07, 1.06443899028e-07, 8.92635654282e-08, 1.17064232086e-07, 1.32735351599e-07, 1.54472729719e-07, 1.39572435387e-07, 1.13144210445e-07],
        "min": [2.04088808031e-24, 3.30062775125e-24, 2.63246532554e-24, 9.87109223768e-24, 5.77072696426e-24, 1.4077079281e-23, 6.81832280791e-24, 7.99945978661e-24, 4.50877828557e-24, 1.02544328837e-23, 8.74633435901e-24, 1.09901616404e-23, 6.7179749676e-24, 1.09526031838e-23, 4.67662934797e-24, 1.14482366019e-23, 2.64684811366e-23, 8.74677217682e-24, 9.46670004956e-24, 1.00550664337e-23, 1.46085774713e-23, 1.06525157623e-23, 6.6851733423e-24, 1.00874704731e-23, 7.67808337585e-24, 1.19418237149e-23, 7.34929246144e-24, 7.81996868713e-24, 6.6182787264e-24, 8.02830842992e-24, 1.10571398755e-23, 8.45293568912e-24, 9.3409043453e-24, 1.10084340255e-23, 8.48545647993e-24, 7.561297252e-24, 6.98408614993e-24, 7.59071150857e-24, 7.43084726841e-24, 1.04490764234e-23],
        "stdev": [4.73885265819e-05, 0.000367516098777, 0.000883220345713, 0.00107356871013, 0.00176915538032, 0.000432193657616, 0.000762749521527, 0.00129757658578, 0.000371546280803, 0.000357249868102, 0.000151111642481, 0.000142963413964, 0.000103546874016, 3.51902599505e-05, 0.000101260069641, 8.2220256445e-05, 7.10346503183e-05, 3.81618810934e-05, 1.99450787477e-05, 1.23561403598e-05, 9.49794502958e-06, 9.38887023949e-06, 3.83818451155e-06, 9.58961436481e-07, 1.37954032198e-07, 2.01356840535e-07, 7.63901766732e-07, 1.22245273815e-06, 2.37238077716e-06, 1.56391820383e-06, 1.05558706309e-06, 7.05103673226e-07, 3.77040720423e-07, 7.36201997142e-08, 4.06440392453e-08, 8.2389867373e-08, 7.98556953896e-08, 1.19912471064e-07, 1.15132046119e-07, 3.53374005613e-08]
    },
    "melbands128": {
        "max": [4.75703382108e-05, 0.000104449987703, 0.00069632823579, 0.00147756340448, 0.00297286035493, 0.00952526554465, 0.0117382565513, 0.0138365998864, 0.0104891946539, 0.0126199889928, 0.00961002707481, 0.0157876312733, 0.0191183239222, 0.00722499797121, 0.00413786992431, 0.00342741725035, 0.0014289788669, 0.0024727890268, 0.0234288591892, 0.0192885398865, 0.0193563681096, 0.0146090146154, 0.00208813347854, 0.00315940589644, 0.00567485578358, 0.00391460675746, 0.00300685712136, 0.00220066145994, 0.00100346433464, 0.00226840912364, 0.00177597149741, 0.00170860777143, 0.00242128479294, 0.000259019056102, 0.000240529188886, 0.000313111493597, 0.0011567651527, 0.00334818265401, 0.00139023934025, 0.000909458263777, 0.0013012913987, 0.00121254648548, 0.0011258807499, 0.000913006835617, 0.000372696929844, 0.000423810473876, 0.000538430991583, 0.000145354541019, 0.00037417083513, 0.000369320623577, 4.04783786507e-05, 0.000102839076135, 0.000161383562954, 0.000162179363542, 0.000209707126487, 0.000127392646391, 0.000108677610115, 0.00010741368169, 2.50358953053e-05, 2.06342119782e-05, 1.63819768204e-05, 6.96651386534e-06, 1.95156485461e-06, 1.44359205478e-06, 1.7973300146e-06, 2.73438263321e-06, 4.55428062196e-06, 5.66571679883e-06, 6.84203314449e-06, 2.84271718556e-05, 1.23376466945e-05, 1.27404146042e-05, 3.1790259527e-05, 3.69518456864e-05, 3.15781544487e-05, 2.72708693956e-05, 2.87981674774e-05, 1.26885533973e-05, 1.59924948093e-05, 9.38160610531e-06, 1.06664165287e-05, 9.2283662525e-06, 6.37833636574e-06, 8.48682066135e-06, 3.32228614752e-06, 1.79323444627e-06, 3.8712209971e-07, 3.02154546716e-07, 5.56659529138e-07, 7.12599899089e-07, 7.45896613807e-07, 3.15646025228e-06, 9.05316255739e-07, 1.33335993269e-06, 7.472605148e-07, 2.00521549232e-06, 1.41149462252e-06, 3.83391989089e-06, 3.51156882061e-06, 5.41793440334e-07, 3.1776465903e-07, 2.86375950509e-07, 3.16420198487e-07, 3.62035109447e-07, 3.7878578496e-07, 4.11295019376e-07, 3.73239970486e-07, 3.87824968584e-07, 3.66204318425e-07, 4.99782856878e-07, 3.5870206716e-07, 4.5585605335e-07, 3.91329621152e-07, 3.76571335892e-07, 7.0566670729e-08, 1.37683897616e-09, 1.39464395588e-09, 1.38772127123e-09, 1.37561051439e-09, 1.33380095857e-09, 1.32961042176e-09, 1.30420763078e-09, 1.29934507598e-09, 1.28093158303e-09, 1.26956156699e-09, 1.25798405026e-09, 1.23727750267e-09, 1.23455623502e-09],
        "mean": [2.2507349513e-06, 5.29511862624e-06, 1.58951279445e-05, 3.306758299e-05, 5.93949116592e-05, 0.000139748808579, 0.000250178884016, 0.000204144918825, 0.000267531751888, 0.000540815934073, 0.00056984834373, 0.00113425659947, 0.00125595729332, 0.000316931575071, 0.000256634870311, 0.000216600703425, 8.27523035696e-05, 0.000167072401382, 0.0012706842972, 0.00107200909406, 0.000244986877078, 0.000144639241626, 7.06496139173e-05, 0.00015863153385, 0.000253037345828, 0.000222180766286, 0.000110238004709, 4.95589156344e-05, 6.68171269353e-05, 7.26842336007e-05, 5.09202618559e-05, 4.44981742476e-05, 4.61575909867e-05, 1.19680344142e-05, 8.09509583632e-06, 1.62179694598e-05, 2.67130872089e-05, 2.49675704254e-05, 2.69823067356e-05, 2.84323341475e-05, 3.11482726829e-05, 3.22267769661e-05, 2.45356350206e-05, 2.58751606452e-05, 1.91395629372e-05, 1.64215434779e-05, 1.38822979352e-05, 5.85931456953e-06, 8.5485053205e-06, 9.21835544432e-06, 3.3017252008e-06, 2.92103754873e-06, 3.86886449633e-06, 3.11045982926e-06, 4.93186917083e-06, 4.10912116422e-06, 2.19084540731e-06, 2.30904788623e-06, 9.84744701782e-07, 5.33518516477e-07, 4.12056181176e-07, 2.08107849176e-07, 8.77399131127e-08, 5.90167132941e-08, 5.15039069171e-08, 9.87295294408e-08, 1.55372532618e-07, 1.93948082483e-07, 2.32532727296e-07, 5.96344023052e-07, 4.05201092235e-07, 3.75612586367e-07, 1.01722469026e-06, 1.10645748919e-06, 6.62489185288e-07, 4.9826439863e-07, 6.12725330029e-07, 4.09880044572e-07, 4.28094693916e-07, 4.3821310669e-07, 4.00749797791e-07, 3.02633026195e-07, 2.07775812555e-07, 1.66142413605e-07, 1.42238079093e-07, 1.17581670622e-07, 9.6995862009e-08, 7.71438877223e-08, 8.80403447923e-08, 9.67437685517e-08, 1.00267392611e-07, 1.2905312019e-07, 1.3537797372e-07, 1.32500389327e-07, 1.23039725963e-07, 1.51455367359e-07, 1.57790069011e-07, 1.72392489617e-07, 1.43130094443e-07, 1.22198457575e-07, 1.15021542513e-07, 1.08036651625e-07, 1.14807335194e-07, 1.20259372238e-07, 1.30619042693e-07, 1.29624055489e-07, 1.3425386669e-07, 1.32528967356e-07, 1.42024006777e-07, 1.85581768619e-07, 1.47558779418e-07, 1.41672700238e-07, 1.42170648587e-07, 1.27045211684e-07, 1.919748982e-08, 5.53079847546e-12, 5.1372612761e-12, 5.01216299367e-12, 4.92455945814e-12, 4.80506780198e-12, 4.74527058272e-12, 4.66235860683e-12, 4.61417319284e-12, 4.53134535103e-12, 4.48614019197e-12, 4.45969086313e-12, 4.41433131368e-12, 4.38147998785e-12],
        "min": [1.06906863749e-24, 8.09663167292e-25, 1.08318530339e-24, 2.08672563207e-24, 3.40293729141e-24, 1.65889125885e-24, 7.81950286476e-25, 1.50698416003e-24, 6.82047639818e-24, 1.17044065591e-23, 1.33711655222e-23, 1.80388409045e-24, 2.70171035251e-24, 1.17468835634e-23, 7.44672309412e-24, 1.99780523083e-23, 8.04054839572e-24, 4.54769752719e-24, 3.06727914561e-24, 5.31379821757e-24, 1.47685568852e-23, 4.13461248632e-24, 2.3772869665e-24, 2.05109396827e-24, 9.12745830587e-24, 6.45533240668e-24, 9.40709450842e-24, 1.97856530778e-24, 8.42874605832e-24, 1.65663503778e-23, 7.26115461022e-24, 5.43402614156e-24, 4.34827901238e-24, 8.30695224544e-24, 9.47945277495e-24, 9.86933702216e-24, 6.19032247418e-24, 2.62931796774e-24, 1.82133783519e-24, 7.09050190832e-24, 8.69731612008e-24, 1.33163349561e-23, 3.85315417286e-23, 1.40591500503e-23, 2.39759323228e-24, 8.74384076969e-24, 1.12801129881e-23, 9.92495013826e-24, 4.81517343888e-24, 9.74699495096e-24, 3.64321446238e-24, 1.21577609771e-23, 1.414773913e-23, 7.02239875751e-24, 4.15641620731e-24, 1.05080650753e-23, 5.41365183653e-24, 6.13688898076e-24, 6.73289942707e-24, 9.12558633895e-24, 1.07469605564e-23, 1.10342439766e-23, 3.68119969269e-24, 6.20096381336e-24, 9.99446929439e-24, 5.96344844442e-24, 1.47265421534e-23, 3.65046291081e-24, 6.38607160249e-24, 3.73020767643e-24, 5.64831507886e-24, 1.00475919766e-23, 8.03931619499e-24, 5.7467333654e-24, 5.56816799418e-24, 7.1979692183e-24, 7.87257072115e-24, 7.46275984747e-24, 1.39400683412e-23, 8.75878021751e-24, 9.55927287678e-24, 3.65838149658e-24, 6.92268437251e-24, 9.42445970352e-24, 1.14191560335e-23, 7.60122386899e-24, 6.61005958463e-24, 1.40114823413e-23, 6.82130627986e-24, 6.48498134937e-24, 8.41000824524e-24, 7.12052122121e-24, 5.0554616539e-24, 6.38330782831e-24, 6.33306291067e-24, 8.29661106783e-24, 6.97369369636e-24, 5.50504492227e-24, 7.13631658311e-24, 6.79191963341e-24, 7.00848640659e-24, 1.22075246895e-23, 9.70307748664e-24, 7.77852666833e-24, 1.01092572336e-23, 1.02018537266e-23, 4.37430787238e-24, 7.1035717558e-24, 1.30646141745e-23, 1.25002047072e-23, 1.03494014815e-23, 6.18358520762e-24, 7.7835233133e-24, 7.14551943443e-24, 9.07341028981e-24, 5.85882142813e-24, 9.31903633215e-24, 1.06656558184e-23, 1.07977032453e-23, 1.24061922088e-23, 1.03023017523e-23, 8.63816496283e-24, 1.29410667238e-23, 9.78844091405e-24, 1.08494075556e-23, 8.63917628251e-24, 7.33751555699e-24, 7.43968487713e-24],
        "stdev": [4.19798607254e-06, 1.11205381472e-05, 6.50263318676e-05, 0.000132249188027, 0.000249759294093, 0.000661518832203, 0.00112419773359, 0.000969243468717, 0.00091163313482, 0.00156348163728, 0.00117956823669, 0.00224610627629, 0.00258315284736, 0.000661726400722, 0.000457886606455, 0.000386629923014, 0.000200099224458, 0.000300025974866, 0.00252240570262, 0.00202124938369, 0.00103783048689, 0.00077188067371, 0.000197133020265, 0.000328453577822, 0.00051165901823, 0.000462098483695, 0.000256506493315, 0.000149603612954, 0.000134449684992, 0.000225257972488, 0.000155543646542, 0.000144508274388, 0.000180244620424, 2.80353451672e-05, 1.76364883373e-05, 3.42929779436e-05, 0.000103299811599, 0.000156365902512, 0.000109654123662, 7.86178788985e-05, 0.000106655235868, 0.000108732165245, 7.87354656495e-05, 8.14229715616e-05, 4.34129105997e-05, 4.33248387708e-05, 4.39085670223e-05, 1.38836940096e-05, 2.75247839454e-05, 3.28009846271e-05, 5.7650195231e-06, 6.67510721541e-06, 1.09763968794e-05, 9.55555515247e-06, 1.41128894029e-05, 1.08779877337e-05, 6.67726271786e-06, 7.02762508809e-06, 2.45606179305e-06, 1.55555449055e-06, 1.41786586028e-06, 5.89214835145e-07, 1.9586954636e-07, 1.20227383604e-07, 8.88661233489e-08, 1.86466252217e-07, 3.64321493862e-07, 4.91112871259e-07, 6.18347996806e-07, 2.46074955612e-06, 1.27602652356e-06, 1.12667794383e-06, 2.88109777102e-06, 3.05307526105e-06, 1.99853229788e-06, 1.67628388681e-06, 2.38677603193e-06, 1.24975542803e-06, 1.18761477097e-06, 8.33148817492e-07, 9.22742572129e-07, 7.58625162689e-07, 5.59634599995e-07, 4.36270823911e-07, 2.30331039575e-07, 1.23040393873e-07, 5.31684456462e-08, 4.2508130349e-08, 5.29078185707e-08, 6.48393481129e-08, 6.00623266678e-08, 1.67102442106e-07, 1.01992057466e-07, 1.01352448212e-07, 7.62120677678e-08, 1.23552567288e-07, 1.21385809848e-07, 2.64831840013e-07, 1.72904861984e-07, 5.84514232571e-08, 4.65505678449e-08, 4.45091643542e-08, 4.88899587481e-08, 5.18767926394e-08, 5.41436584456e-08, 5.39126965293e-08, 5.34032800203e-08, 5.08228552576e-08, 5.47376650673e-08, 7.58974039172e-08, 5.48628307229e-08, 5.64717517193e-08, 5.50141727729e-08, 5.16875715562e-08, 1.07911342084e-08, 5.87775175753e-11, 5.94919460917e-11, 5.91905691127e-11, 5.86681050962e-11, 5.68851840632e-11, 5.67008766328e-11, 5.5615321376e-11, 5.54040008316e-11, 5.46185804917e-11, 5.41320356595e-11, 5.36371294602e-11, 5.2755126656e-11, 5.26394691724e-11]
    },
    "mfcc": {
        "mean": [-742.803833008, 125.899925232, 13.5340509415, -28.4507846832, -16.4017906189, -9.75625514984, -27.3800678253, -25.9727325439, -0.277661979198, -7.46686792374, -8.94630718231, 0.732533335686, -7.16251850128],
        "cov": [[5616.29589844, 1970.0637207, -493.915863037, 83.475944519, -210.322189331, 160.454986572, -151.878128052, -369.495666504, 187.120147705, -196.222045898, -209.879989624, 110.038871765, -287.759490967], [1970.0637207, 1103.25427246, 38.9345474243, 45.4810447693, -104.847946167, -41.5450363159, -112.092147827, -176.231628418, -27.2430725098, -114.440093994, -89.3796005249, -18.7731494904, -153.314666748], [-493.915863037, 38.9345474243, 551.503601074, 41.8424301147, -86.415763855, -209.182418823, -109.82384491, -38.3547363281, -155.562820435, -17.6677913666, 4.69065189362, -94.7940368652, -7.48028469086], [83.475944519, 45.4810447693, 41.8424301147, 210.819534302, 46.1192092896, 83.2038650513, 68.5763931274, 1.4407851696, 13.2847824097, -38.7602767944, -39.0996170044, -12.6513442993, -20.5183200836], [-210.322189331, -104.847946167, -86.415763855, 46.1192092896, 163.869049072, 126.650558472, 83.6389770508, 66.9375534058, 26.6828861237, 2.67139172554, 3.92504668236, 4.49400615692, 18.0621891022], [160.454986572, -41.5450363159, -209.182418823, 83.2038650513, 126.650558472, 224.653396606, 141.934570312, 50.6820297241, 83.862739563, -8.57660293579, -24.6549224854, 26.990404129, -0.558947265148], [-151.878128052, -112.092147827, -109.82384491, 68.5763931274, 83.6389770508, 141.934570312, 158.968292236, 80.5102157593, 49.0305366516, 10.2623577118, -7.4969201088, 4.07695627213, 9.74064826965], [-369.495666504, -176.231628418, -38.3547363281, 1.4407851696, 66.9375534058, 50.6820297241, 80.5102157593, 105.247367859, 34.6204528809, 28.2071266174, 24.4338989258, -0.385381221771, 22.6273937225], [187.120147705, -27.2430725098, -155.562820435, 13.2847824097, 26.6828861237, 83.862739563, 49.0305366516, 34.6204528809, 105.508514404, 26.7352428436, 0.685391008854, 35.5998916626, -4.69199800491], [-196.222045898, -114.440093994, -17.6677913666, -38.7602767944, 2.67139172554, -8.57660293579, 10.2623577118, 28.2071266174, 26.7352428436, 64.0859527588, 37.7928314209, 9.11437988281, 19.5398674011], [-209.879989624, -89.3796005249, 4.69065189362, -39.0996170044, 3.92504668236, -24.6549224854, -7.4969201088, 24.4338989258, 0.685391008854, 37.7928314209, 64.2613525391, 25.2935733795, 25.4228248596], [110.038871765, -18.7731494904, -94.7940368652, -12.6513442993, 4.49400615692, 26.990404129, 4.07695627213, -0.385381221771, 35.5998916626, 9.11437988281, 25.2935733795, 76.2764205933, 29.7380237579], [-287.759490967, -153.314666748, -7.48028469086, -20.5183200836, 18.0621891022, -0.558947265148, 9.74064826965, 22.6273937225, -4.69199800491, 19.5398674011, 25.4228248596, 29.7380237579, 78.7813339233]],
        "icov": [[0.000878070539329, -0.00135080364998, 0.000426913029514, -1.93063806364e-05, 0.000849770440254, -0.00104950775858, 0.000743803451769, 0.000529134937096, -0.000955309777055, -6.12855728832e-05, 0.000594222801737, -0.000593179138377, 0.000158252762049], [-0.00135080364998, 0.00385939679109, -0.000950507819653, 0.000448181206593, -0.00168991158716, 0.00213034567423, -0.00180480862036, 0.00177271384746, 0.000382942816941, 0.00233894702978, -0.0010870215483, 0.000193768108147, 0.00244005420245], [0.000426913029514, -0.000950507819653, 0.00578060606495, -0.0037893964909, 0.0015553671401, 0.00177834823262, 0.00290378835052, -0.00295455008745, 0.00546618644148, -0.00254642916843, -1.01820942291e-05, 0.00284212827682, -0.000695298309438], [-1.93063806364e-05, 0.000448181206593, -0.0037893964909, 0.00983640179038, -0.002864157781, 0.000226141302846, -0.00699573103338, 0.0064173778519, -0.00647767167538, 0.00671627745032, -0.000207607168704, -0.000501435482875, 0.000888445065357], [0.000849770440254, -0.00168991158716, 0.0015553671401, -0.002864157781, 0.0198123585433, -0.0178023930639, 0.0118723036721, -0.0140231037512, 0.00966054480523, -0.00430375197902, -5.27697557118e-05, 0.000874844379723, -0.00156239082571], [-0.00104950775858, 0.00213034567423, 0.00177834823262, 0.000226141302846, -0.0178023930639, 0.0345367714763, -0.0241481438279, 0.0160471703857, -0.0146519439295, 0.0099751483649, -0.000929994159378, 0.000426707789302, 3.56817145075e-05], [0.000743803451769, -0.00180480862036, 0.00290378835052, -0.00699573103338, 0.0118723036721, -0.0241481438279, 0.0355712398887, -0.0254902467132, 0.0149362469092, -0.0128334183246, 0.00715008424595, -0.000995531328954, -0.000170841580257], [0.000529134937096, 0.00177271384746, -0.00295455008745, 0.0064173778519, -0.0140231037512, 0.0160471703857, -0.0254902467132, 0.0412089750171, -0.0224718227983, 0.0130917169154, -0.0130946468562, 0.00778287416324, -0.00187957833987], [-0.000955309777055, 0.000382942816941, 0.00546618644148, -0.00647767167538, 0.00966054480523, -0.0146519439295, 0.0149362469092, -0.0224718227983, 0.0403302833438, -0.0245192833245, 0.0130580859259, -0.0121479323134, 0.0072315861471], [-6.12855728832e-05, 0.00233894702978, -0.00254642916843, 0.00671627745032, -0.00430375197902, 0.0099751483649, -0.0128334183246, 0.0130917169154, -0.0245192833245, 0.0448987744749, -0.024081774056, 0.0119541399181, -0.00461813760921], [0.000594222801737, -0.0010870215483, -1.01820942291e-05, -0.000207607168704, -5.27697557118e-05, -0.000929994159378, 0.00715008424595, -0.0130946468562, 0.0130580859259, -0.024081774056, 0.0416807122529, -0.0197438187897, 0.00363549869508], [-0.000593179138377, 0.000193768108147, 0.00284212827682, -0.000501435482875, 0.000874844379723, 0.000426707789302, -0.000995531328954, 0.00778287416324, -0.0121479323134, 0.0119541399181, -0.0197438187897, 0.033580981195, -0.0139532415196], [0.000158252762049, 0.00244005420245, -0.000695298309438, 0.000888445065357, -0.00156239082571, 3.56817145075e-05, -0.000170841580257, -0.00187957833987, 0.0072315861471, -0.00461813760921, 0.00363549869508, -0.0139532415196, 0.0247746873647]]
    },
    "spectral_contrast_coeffs": {
        "max": [-0.329453229904, -0.507202327251, -0.58215790987, -0.684862613678, -0.631442070007, -0.612385749817],
        "mean": [-0.58899128437, -0.74306088686, -0.787552952766, -0.836356937885, -0.825238883495, -0.831533789635],
        "min": [-0.968274235725, -0.966561496258, -0.963295280933, -0.964872658253, -0.962200701237, -0.961147010326],
        "stdev": [0.115347296, 0.0816785022616, 0.0617608018219, 0.0424923226237, 0.054747313261, 0.0432217419147]
    },
    "spectral_contrast_valleys": {
        "max": [-5.38203954697, -4.73774719238, -5.72364091873, -5.89980125427, -7.17895746231, -10.1588449478],
        "mean": [-8.7484292984, -6.94894218445, -7.8574385643, -8.20176887512, -9.17388248444, -10.61460495],
        "min": [-27.2336235046, -27.0098762512, -27.3799648285, -27.5257110596, -27.3251647949, -27.3559818268],
        "stdev": [1.63262379169, 1.62163674831, 1.50096523762, 1.4854259491, 1.26213145256, 1.1336619854]
    }
},
"rhythm": {
    "beats_count": 14,
    "beats_loudness": {
        "max": 0.0340045168996,
        "mean": 0.0176421683282,
        "min": 0.000234142135014,
        "stdev": 0.00942373741418
    },
    "bpm": 70.8840408325,
    "bpm_histogram_first_peak_bpm": 71,
    "bpm_histogram_first_peak_weight": 0.153846263885,
    "bpm_histogram_second_peak_bpm": 0,
    "bpm_histogram_second_peak_spread": 0,
    "bpm_histogram_second_peak_weight": 0,
    "danceability": 1.62338531017,
    "onset_rate": 3.68356895447,
    "beats_loudness_band_ratio": {
        "max": [0.215174466372, 0.634207189083, 0.892482280731, 0.432458668947, 0.2073122859, 0.202994197607],
        "mean": [0.0202768277377, 0.285539835691, 0.549651563168, 0.114179171622, 0.0299080647528, 0.0206244233996],
        "min": [0.00155007140711, 0.0445606708527, 0.165021300316, 0.00562578579411, 0.00128549989313, 0.00304696033709],
        "stdev": [0.0542443841696, 0.171421512961, 0.202328875661, 0.129736766219, 0.0522773899138, 0.0506414398551]
    },
    "beats_position": [0.824308395386, 1.66022670269, 2.48453521729, 3.32045340538, 4.15637159348, 5.00390005112, 5.83981847763, 6.68734693527, 7.53487491608, 8.38240337372, 9.24154186249, 10.1006803513, 10.95981884, 11.8305664062],
    "bpm_histogram": [0, 0, 0, 0, 0, 0, 0, 0, 0, 0, 0, 0, 0, 0, 0, 0, 0, 0, 0, 0, 0, 0, 0, 0, 0, 0, 0, 0, 0, 0, 0, 0, 0, 0, 0, 0, 0, 0, 0, 0, 0, 0, 0, 0, 0, 0, 0, 0, 0, 0, 0, 0, 0, 0, 0, 0, 0, 0, 0, 0, 0, 0, 0, 0, 0, 0, 0, 0, 0, 0.0769230797887, 0.230769231915, 0.307692319155, 0.307692319155, 0.0769230797887, 0, 0, 0, 0, 0, 0, 0, 0, 0, 0, 0, 0, 0, 0, 0, 0, 0, 0, 0, 0, 0, 0, 0, 0, 0, 0, 0, 0, 0, 0, 0, 0, 0, 0, 0, 0, 0, 0, 0, 0, 0, 0, 0, 0, 0, 0, 0, 0, 0, 0, 0, 0, 0, 0, 0, 0, 0, 0, 0, 0, 0, 0, 0, 0, 0, 0, 0, 0, 0, 0, 0, 0, 0, 0, 0, 0, 0, 0, 0, 0, 0, 0, 0, 0, 0, 0, 0, 0, 0, 0, 0, 0, 0, 0, 0, 0, 0, 0, 0, 0, 0, 0, 0, 0, 0, 0, 0, 0, 0, 0, 0, 0, 0, 0, 0, 0, 0, 0, 0, 0, 0, 0, 0, 0, 0, 0, 0, 0, 0, 0, 0, 0, 0, 0, 0, 0, 0, 0, 0, 0, 0, 0, 0, 0, 0, 0, 0, 0, 0, 0, 0, 0, 0, 0, 0, 0, 0, 0, 0, 0, 0, 0, 0, 0, 0, 0, 0, 0, 0, 0, 0, 0, 0, 0, 0, 0]
},
"tonal": {
