{
"metadata": {
    "version": {
        "essentia": "2.1-beta5",
        "essentia_git_sha": "Undefined",
        "extractor": "music 2.0"
    },
    "audio_properties": {
        "analysis": {
            "equal_loudness": 0,
            "length": 32.4963264465,
            "sample_rate": 44100,
            "start_time": 45.2440834045,
            "downmix": "mix"
        },
        "bit_rate": 192000,
        "length": 232.095062256,
        "lossless": 0,
        "number_channels": 2,
        "replay_gain": 3.94130897522,
        "sample_rate": 48000,
        "codec": "mp3",
        "md5_encoded": "3cb5086a3a7c5332346a22873ff9adf5"
    },
    "tags": {
        "file_name": "Finland_Päivä Kahden Ihmisen_Kari Kuivalainen.mp3",
        "encoding": ["Lavf58.29.100"]
    }
},
"lowlevel": {
    "average_loudness": 0.189748838544,
    "barkbands_crest": {
        "max": 25.3764972687,
        "mean": 10.4633560181,
        "min": 3.94705867767,
        "stdev": 3.31431150436
    },
    "barkbands_flatness_db": {
        "max": 0.320418506861,
        "mean": 0.18939332664,
        "min": 0.067495547235,
        "stdev": 0.0509946867824
    },
    "barkbands_kurtosis": {
        "max": 145.956497192,
        "mean": 12.1832094193,
        "min": -1.8220512867,
        "stdev": 12.1800680161
    },
    "barkbands_skewness": {
        "max": 10.0924863815,
        "mean": 2.39404940605,
        "min": -3.29648327827,
        "stdev": 1.2883746624
    },
    "barkbands_spread": {
        "max": 71.1676330566,
        "mean": 10.6678142548,
        "min": 1.1779102087,
        "stdev": 11.1686840057
    },
    "dissonance": {
        "max": 0.498408526182,
        "mean": 0.428533583879,
        "min": 0.2121655792,
        "stdev": 0.0503620803356
    },
    "dynamic_complexity": 5.1193447113,
    "erbbands_crest": {
        "max": 24.8423957825,
        "mean": 10.0979528427,
        "min": 2.95032525063,
        "stdev": 4.05014371872
    },
    "erbbands_flatness_db": {
        "max": 0.317451536655,
        "mean": 0.1827108711,
        "min": 0.0858374536037,
        "stdev": 0.04412888363
    },
    "erbbands_kurtosis": {
        "max": 29.8273086548,
        "mean": 2.39715003967,
        "min": -1.76528346539,
        "stdev": 4.01522779465
    },
    "erbbands_skewness": {
        "max": 4.17525815964,
        "mean": 0.989134788513,
        "min": -3.67836380005,
        "stdev": 0.999868392944
    },
    "erbbands_spread": {
        "max": 113.62828064,
        "mean": 31.7842750549,
        "min": 4.42025995255,
        "stdev": 20.5006809235
    },
    "hfc": {
        "max": 181.122207642,
        "mean": 9.94463729858,
        "min": 0.0253466665745,
        "stdev": 20.0377407074
    },
    "loudness_ebu128": {
        "integrated": -29.5922546387,
        "loudness_range": 8.51409721375,
        "momentary": {
            "max": -21.2572002411,
            "mean": -32.980091095,
            "min": -52.3173751831,
            "stdev": 5.91512393951
        },
        "short_term": {
            "max": -24.0998249054,
            "mean": -31.6683883667,
            "min": -38.4731216431,
            "stdev": 2.87321734428
        }
    },
    "melbands_crest": {
        "max": 30.5761146545,
        "mean": 14.2480106354,
        "min": 4.2427520752,
        "stdev": 4.36514949799
    },
    "melbands_flatness_db": {
        "max": 0.440845280886,
        "mean": 0.279594808817,
        "min": 0.0647017508745,
        "stdev": 0.0734341517091
    },
    "melbands_kurtosis": {
        "max": 142.168502808,
        "mean": 18.2551002502,
        "min": -1.86782181263,
        "stdev": 16.9821243286
    },
    "melbands_skewness": {
        "max": 9.52511501312,
        "mean": 2.88573408127,
        "min": -0.879449367523,
        "stdev": 1.50596880913
    },
    "melbands_spread": {
        "max": 207.186264038,
        "mean": 12.026558876,
        "min": 1.14364683628,
        "stdev": 20.0103473663
    },
    "pitch_salience": {
        "max": 0.865953028202,
        "mean": 0.593913912773,
        "min": 0.184491276741,
        "stdev": 0.0971198827028
    },
    "silence_rate_20dB": {
        "max": 1,
        "mean": 1,
        "min": 1,
        "stdev": 0
    },
    "silence_rate_30dB": {
        "max": 1,
        "mean": 0.980728030205,
        "min": 0,
        "stdev": 0.137479275465
    },
    "silence_rate_60dB": {
        "max": 1,
        "mean": 0.206281229854,
        "min": 0,
        "stdev": 0.404638022184
    },
    "spectral_centroid": {
        "max": 4665.00097656,
        "mean": 707.064941406,
        "min": 204.463302612,
        "stdev": 613.279541016
    },
    "spectral_complexity": {
        "max": 53,
        "mean": 10.5981445312,
        "min": 0,
        "stdev": 8.28303718567
    },
    "spectral_decrease": {
        "max": -1.30095509018e-11,
        "mean": -4.29156887805e-09,
        "min": -5.98167702037e-08,
        "stdev": 6.34285735046e-09
    },
    "spectral_energy": {
        "max": 0.240055516362,
        "mean": 0.0170993637294,
        "min": 5.14001148986e-05,
        "stdev": 0.0253027565777
    },
    "spectral_energyband_high": {
        "max": 0.0240561570972,
        "mean": 0.000548942247406,
        "min": 7.29120415599e-07,
        "stdev": 0.00206434074789
    },
    "spectral_energyband_low": {
        "max": 0.0784063264728,
        "mean": 0.00364816887304,
        "min": 1.70573025571e-06,
        "stdev": 0.00625434005633
    },
    "spectral_energyband_middle_high": {
        "max": 0.0516844838858,
        "mean": 0.00157561374363,
        "min": 2.19924754674e-06,
        "stdev": 0.00395836401731
    },
    "spectral_energyband_middle_low": {
        "max": 0.172796562314,
        "mean": 0.0124471690506,
        "min": 4.43088829343e-05,
        "stdev": 0.0190258622169
    },
    "spectral_entropy": {
        "max": 8.47673130035,
        "mean": 6.87203454971,
        "min": 5.49796724319,
        "stdev": 0.609596192837
    },
    "spectral_flux": {
        "max": 0.338292568922,
        "mean": 0.0472695231438,
        "min": 0.00176369491965,
        "stdev": 0.0456727743149
    },
    "spectral_kurtosis": {
        "max": 51.8654632568,
        "mean": 10.8380708694,
        "min": -0.275602579117,
        "stdev": 8.5392036438
    },
    "spectral_rms": {
        "max": 0.015303610824,
        "mean": 0.00341545860283,
        "min": 0.000223934039241,
        "stdev": 0.00223985710181
    },
    "spectral_rolloff": {
        "max": 8505.61523438,
        "mean": 787.029968262,
        "min": 107.666015625,
        "stdev": 1135.13818359
    },
    "spectral_skewness": {
        "max": 5.78336191177,
        "mean": 2.45672035217,
        "min": -0.0477396287024,
        "stdev": 1.07506632805
    },
    "spectral_spread": {
        "max": 9810595,
        "mean": 3802634.5,
        "min": 1434886.5,
        "stdev": 1100216.5
    },
    "spectral_strongpeak": {
        "max": 8.26842975616,
        "mean": 0.582620024681,
        "min": 0.010967399925,
        "stdev": 0.662603199482
    },
    "zerocrossingrate": {
        "max": 0.27587890625,
        "mean": 0.0359250940382,
        "min": 0.005859375,
        "stdev": 0.0318127796054
    },
    "barkbands": {
        "max": [0.00124289828818, 0.059001557529, 0.0405526682734, 0.0525173284113, 0.139274016023, 0.0571248792112, 0.0137900495902, 0.0319066531956, 0.0270878896117, 0.0197760127485, 0.0284285712987, 0.0274714063853, 0.00364493089728, 0.0192403104156, 0.0116677144542, 0.017763864249, 0.021832909435, 0.00781493633986, 0.00482879532501, 0.00473053520545, 0.00888442713767, 0.0118176098913, 0.00840689521283, 0.00182716129348, 0.000693557260092, 0.000968525884673, 1.94337508219e-06],
        "mean": [2.24360428547e-05, 0.00107872055378, 0.00147795688827, 0.00260039675049, 0.00516690453514, 0.00245230947621, 0.000765691453125, 0.000777949346229, 0.000535943428986, 0.000406255741837, 0.000153510685777, 0.000193439642317, 7.93949584477e-05, 0.000157828690135, 0.00013853245764, 0.000129752632347, 0.000153265020344, 0.000125821228721, 9.20529273571e-05, 0.000105476217868, 0.000154159701196, 0.000160512281582, 0.00011093064677, 3.49564215867e-05, 1.4474638192e-05, 1.05059716589e-05, 2.11030041442e-07],
        "min": [4.04980404767e-09, 7.62752421224e-08, 8.44300842573e-08, 2.02489871981e-07, 6.58926137476e-06, 2.28101157518e-06, 5.16500904268e-07, 1.10850237434e-07, 3.68074239532e-07, 5.61590013604e-07, 8.37658191699e-08, 3.03340002006e-08, 7.61251186532e-08, 5.89224455894e-08, 8.46382803843e-08, 7.70252412963e-08, 3.28955280793e-08, 3.62642893492e-08, 5.34792654605e-08, 3.45479875818e-08, 3.67709240834e-08, 3.54909843736e-08, 3.91522547716e-08, 5.49214895784e-08, 9.44682625459e-08, 1.17542462874e-07, 6.22363383052e-10],
        "stdev": [7.2951981565e-05, 0.00287770922296, 0.00290257018059, 0.00468585919589, 0.0114226192236, 0.00506538292393, 0.00134143198375, 0.00189891608898, 0.00211132527329, 0.00123364198953, 0.000958461023401, 0.000996140413918, 0.00020828776178, 0.000808911339846, 0.000591724354308, 0.000633232179098, 0.000723896780983, 0.000520159315784, 0.000279760482954, 0.00035385179217, 0.000613089709077, 0.00074830633821, 0.000528804666828, 0.00014806110994, 5.52865276404e-05, 4.91245664307e-05, 1.43525497265e-07]
    },
    "erbbands": {
        "max": [1.21898448467, 14.7436647415, 48.2824020386, 83.3029937744, 447.479553223, 627.62298584, 347.14352417, 603.830688477, 284.507080078, 536.372070312, 656.891784668, 637.236999512, 1081.26477051, 542.055236816, 655.487548828, 1205.57067871, 214.800292969, 438.260620117, 955.342102051, 396.825256348, 1121.51977539, 516.992492676, 348.068511963, 297.677520752, 184.49079895, 206.945205688, 415.522338867, 348.496826172, 322.651062012, 531.589782715, 169.426437378, 72.3337554932, 21.6901187897, 7.225004673, 6.96121883392, 6.76039409637, 0.943293452263, 0.119874849916, 0.00210667122155, 0.000295617763186],
        "mean": [0.0249151084572, 0.281483858824, 1.4736828804, 5.4469833374, 15.8361721039, 15.7824239731, 16.155828476, 19.3580284119, 15.6586809158, 9.13855648041, 17.6715717316, 11.6793956757, 14.6721286774, 11.3090305328, 7.08245134354, 7.57039737701, 4.14479160309, 6.75857925415, 9.28541946411, 5.73906326294, 9.01792907715, 7.31282567978, 6.25399637222, 5.83517551422, 4.35634183884, 4.80030155182, 6.72090864182, 5.63800954819, 5.55605697632, 4.89875268936, 3.052713871, 1.1216019392, 0.422802716494, 0.172904863954, 0.101700991392, 0.0555698238313, 0.0163228996098, 0.00202463241294, 7.72063140175e-05, 2.2877848096e-05],
        "min": [8.97934751265e-06, 4.66303135909e-05, 0.000114223796118, 0.00104302109685, 0.00952691677958, 0.012564368546, 0.0401494652033, 0.0187278334051, 0.0297073759139, 0.00677031744272, 0.00695664249361, 0.00911363679916, 0.0210490636528, 0.0170171782374, 0.00572469038889, 0.00397943845019, 0.00498076388612, 0.00385565776378, 0.0052189049311, 0.00535278907046, 0.0040690866299, 0.00217700330541, 0.00211955606937, 0.002868904965, 0.00229771668091, 0.00168175215367, 0.0016888694372, 0.00125480710994, 0.00134751643054, 0.00103906262666, 0.00100476760417, 0.00110267079435, 0.0008798360941, 0.000855223333929, 0.000682714220602, 0.000448796781711, 0.00011090789485, 7.48672682676e-05, 5.98837323196e-06, 4.44730147819e-07],
        "stdev": [0.0696838051081, 0.737141609192, 3.02521753311, 8.36899185181, 34.4135780334, 40.664806366, 27.4489612579, 45.1858139038, 28.0560073853, 21.1411266327, 40.2659645081, 42.113899231, 65.5626144409, 29.9291286469, 31.3881816864, 38.353012085, 10.7748937607, 26.0090999603, 46.4954414368, 20.6105136871, 46.0530052185, 22.1823749542, 22.5732727051, 20.2293014526, 12.4786844254, 15.9040355682, 26.8462619781, 21.105682373, 24.6503620148, 28.4778251648, 12.8812475204, 4.99070119858, 1.68811106682, 0.609228074551, 0.43517896533, 0.311570495367, 0.0643864050508, 0.00736986007541, 0.000140486110467, 3.32012496074e-05]
    },
    "gfcc": {
        "mean": [-89.7176208496, 117.645278931, -85.7348175049, 15.5896348953, -58.5252571106, -6.19046449661, -43.8964729309, -2.52197289467, -26.0098590851, -5.33655595779, -23.7944583893, 2.90716314316, -12.9300642014],
        "cov": [[8593.58398438, -887.328186035, -1611.00109863, 1789.95556641, -579.002197266, 390.71182251, -39.5444488525, -9.00273036957, -2.69491362572, 52.855091095, -139.532669067, -83.2729110718, -100.533905029], [-887.328186035, 979.368591309, 252.121566772, -461.83682251, 260.995147705, -139.904403687, 97.8844070435, 12.8393821716, 41.6481552124, -56.2212905884, 63.4670219421, 8.92123031616, 35.7846755981], [-1611.00109863, 252.121566772, 769.201416016, -173.702392578, 172.593383789, 20.7445678711, -32.5829277039, -11.7331027985, 64.3587417603, -45.902721405, -16.2648696899, 91.8641586304, 58.5101547241], [1789.95556641, -461.83682251, -173.702392578, 917.940795898, -20.2823581696, 176.178009033, -94.4689712524, -68.1634902954, 91.2644119263, 5.27985191345, -95.8411712646, -23.027923584, 10.1953392029], [-579.002197266, 260.995147705, 172.593383789, -20.2823581696, 375.178741455, -5.11405086517, -102.842468262, -5.73306274414, 84.8538970947, 3.69434499741, -22.4673900604, 13.2155733109, 9.25374984741], [390.71182251, -139.904403687, 20.7445678711, 176.178009033, -5.11405086517, 187.242340088, 4.31089830399, 1.73312497139, 24.707818985, -4.79104614258, -21.7266578674, 11.1494340897, -11.3770713806], [-39.5444488525, 97.8844070435, -32.5829277039, -94.4689712524, -102.842468262, 4.31089830399, 278.8074646, 66.0540771484, -113.548728943, 2.85203719139, 51.383895874, 5.43587303162, -6.59885549545], [-9.00273036957, 12.8393821716, -11.7331027985, -68.1634902954, -5.73306274414, 1.73312497139, 66.0540771484, 138.016601562, -11.2297687531, 6.76772117615, 51.6313781738, 18.1323986053, 8.2788028717], [-2.69491362572, 41.6481552124, 64.3587417603, 91.2644119263, 84.8538970947, 24.707818985, -113.548728943, -11.2297687531, 162.136291504, 4.82855939865, -30.6853179932, 5.86275672913, 9.77329349518], [52.855091095, -56.2212905884, -45.902721405, 5.27985191345, 3.69434499741, -4.79104614258, 2.85203719139, 6.76772117615, 4.82855939865, 78.8971252441, 20.6638965607, -20.1763515472, -2.71802926064], [-139.532669067, 63.4670219421, -16.2648696899, -95.8411712646, -22.4673900604, -21.7266578674, 51.383895874, 51.6313781738, -30.6853179932, 20.6638965607, 113.078277588, 2.95206689835, 12.3576965332], [-83.2729110718, 8.92123031616, 91.8641586304, -23.027923584, 13.2155733109, 11.1494340897, 5.43587303162, 18.1323986053, 5.86275672913, -20.1763515472, 2.95206689835, 90.4788970947, 22.7970123291], [-100.533905029, 35.7846755981, 58.5101547241, 10.1953392029, 9.25374984741, -11.3770713806, -6.59885549545, 8.2788028717, 9.77329349518, -2.71802926064, 12.3576965332, 22.7970123291, 73.6491088867]],
        "icov": [[0.000752977153752, -0.00139054039028, 0.00130802975036, -0.00167127349414, 0.00162532820832, -0.00110822811257, 0.001500695711, -0.00123513489962, 0.00131649698596, -0.0014254640555, 0.00103637296706, -0.00152126257308, 0.000863249937538], [-0.00139054039028, 0.00568133639172, -0.00243501155637, 0.00431748386472, -0.00536595797166, 0.00329499249347, -0.00563263474032, 0.00399089744315, -0.00512345368043, 0.00577645935118, -0.00352989253588, 0.00410794001073, -0.00287805986591], [0.00130802975036, -0.00243501155637, 0.00421688752249, -0.00235798023641, 0.00211693276651, -0.00256426562555, 0.00232205633074, -0.00151491502766, 0.00166741700377, -0.00183059566189, 0.00201554875821, -0.00391041254625, 0.000244602066232], [-0.00167127349414, 0.00431748386472, -0.00235798023641, 0.00592674408108, -0.00446288427338, 0.00136552378535, -0.00433602230623, 0.00392508879304, -0.004614520818, 0.00427416525781, -0.00200013723224, 0.00410801265389, -0.00355020561256], [0.00162532820832, -0.00536595797166, 0.00211693276651, -0.00446288427338, 0.00877946708351, -0.0030918600969, 0.00631393305957, -0.00448652682826, 0.00392194930464, -0.00601266557351, 0.0037953092251, -0.00415638182312, 0.00315856584348], [-0.00110822811257, 0.00329499249347, -0.00256426562555, 0.00136552378535, -0.0030918600969, 0.00938166119158, -0.00407367339358, 0.0017755611334, -0.00370952906087, 0.00340809067711, -0.00191913102753, 0.00175147270784, 0.000405438797316], [0.001500695711, -0.00563263474032, 0.00232205633074, -0.00433602230623, 0.00631393305957, -0.00407367339358, 0.0117297954857, -0.00636022211984, 0.00877598766237, -0.00607913453132, 0.00295916572213, -0.00422919541597, 0.00330772995949], [-0.00123513489962, 0.00399089744315, -0.00151491502766, 0.00392508879304, -0.00448652682826, 0.0017755611334, -0.00636022211984, 0.0131253534928, -0.00531628821045, 0.00416494207457, -0.00625428277999, 0.00134782784153, -0.00268081948161], [0.00131649698596, -0.00512345368043, 0.00166741700377, -0.004614520818, 0.00392194930464, -0.00370952906087, 0.00877598766237, -0.00531628821045, 0.0147626316175, -0.00647860066965, 0.00438774144277, -0.00381839461625, 0.00216627446935], [-0.0014254640555, 0.00577645935118, -0.00183059566189, 0.00427416525781, -0.00601266557351, 0.00340809067711, -0.00607913453132, 0.00416494207457, -0.00647860066965, 0.02059385553, -0.00669178692624, 0.00705577433109, -0.00306222494692], [0.00103637296706, -0.00352989253588, 0.00201554875821, -0.00200013723224, 0.0037953092251, -0.00191913102753, 0.00295916572213, -0.00625428277999, 0.00438774144277, -0.00669178692624, 0.0151373520494, -0.00262620206922, -0.000555954582524], [-0.00152126257308, 0.00410794001073, -0.00391041254625, 0.00410801265389, -0.00415638182312, 0.00175147270784, -0.00422919541597, 0.00134782784153, -0.00381839461625, 0.00705577433109, -0.00262620206922, 0.0179618205875, -0.00562433106825], [0.000863249937538, -0.00287805986591, 0.000244602066232, -0.00355020561256, 0.00315856584348, 0.000405438797316, 0.00330772995949, -0.00268081948161, 0.00216627446935, -0.00306222494692, -0.000555954582524, -0.00562433106825, 0.018149016425]]
    },
    "melbands": {
        "max": [0.0146697871387, 0.0203287508339, 0.0242959558964, 0.0352609083056, 0.0100726401433, 0.0126850204542, 0.00420814706013, 0.00593356555328, 0.00435403641313, 0.00408177589998, 0.00521249929443, 0.00196983013302, 0.00350945163518, 0.00366187444888, 0.00108515250031, 0.000380417302949, 0.00101198907942, 0.00201858323999, 0.000417121511418, 0.000653617375065, 0.00144066778012, 0.000844339898322, 0.000152725537191, 0.000562515167985, 0.000273371755611, 0.000123862133478, 0.000199245158001, 0.000166364596225, 0.000311343581416, 0.000269078620477, 0.000199878850253, 0.000164576864336, 0.000276298756944, 0.000279763597064, 0.000109374879685, 8.28479314805e-05, 3.11176227115e-05, 1.83791762538e-05, 8.86329507921e-06, 5.94153971178e-06],
        "mean": [0.000262139103143, 0.000654601724818, 0.00125862506684, 0.00124170025811, 0.000541687302757, 0.000437685288489, 0.00022646614525, 0.000111748544441, 0.000133519337396, 7.4080984632e-05, 7.16439826647e-05, 4.60419141746e-05, 2.33058635786e-05, 2.50501489063e-05, 1.01977366285e-05, 9.58695545705e-06, 1.23581476146e-05, 1.57717513503e-05, 8.2708793343e-06, 7.79067613621e-06, 1.1626979358e-05, 8.00148063718e-06, 5.85418911214e-06, 6.50056426821e-06, 4.51825781056e-06, 3.3783840081e-06, 2.94772144116e-06, 3.17959302265e-06, 4.41729343947e-06, 3.44237855643e-06, 3.24371376337e-06, 3.12879751618e-06, 3.09907227347e-06, 2.48866626862e-06, 1.95239954337e-06, 1.02642241018e-06, 5.41253598385e-07, 3.20175445268e-07, 1.75814605541e-07, 1.3499074214e-07],
        "min": [3.37866694622e-08, 1.06120175758e-07, 1.01175977818e-07, 2.04049979402e-06, 1.40227859902e-06, 4.55468352811e-07, 5.7365906514e-07, 5.60929862559e-08, 5.59757324936e-08, 5.235560252e-08, 1.03033016785e-07, 6.50292335536e-08, 1.62282205451e-08, 2.77451017716e-09, 7.73435093748e-09, 1.09344000521e-08, 3.85503762246e-09, 6.33697627705e-09, 4.71271466296e-09, 4.60668703184e-09, 4.20097023834e-09, 1.87876247892e-09, 1.2693470719e-09, 1.33154787196e-09, 1.94365701311e-09, 1.6930530311e-09, 1.23903531879e-09, 8.16365197664e-10, 8.05451760844e-10, 8.23095924751e-10, 6.50134335256e-10, 6.41230679665e-10, 5.16570508591e-10, 4.82439421745e-10, 4.9911136335e-10, 5.26220844677e-10, 5.53488088695e-10, 4.92822282983e-10, 5.47206779888e-10, 5.96384108764e-10],
        "stdev": [0.000717467686627, 0.00127745862119, 0.00214950507507, 0.00294937007129, 0.000902725441847, 0.000978543190286, 0.00040026451461, 0.000281660526525, 0.000296745303785, 0.000289367017103, 0.000321727362461, 0.00012179537589, 0.000127597930259, 0.000132632732857, 3.76988718926e-05, 2.62706926151e-05, 4.93074476253e-05, 8.88842041604e-05, 2.8404097975e-05, 3.41573686455e-05, 6.53058159514e-05, 3.03122524201e-05, 1.48832232298e-05, 3.40498081641e-05, 1.58553029905e-05, 9.48063461692e-06, 1.05145536509e-05, 1.07503446998e-05, 1.7957194359e-05, 1.44919295053e-05, 1.19968472063e-05, 1.35564196171e-05, 1.64231478266e-05, 1.52554839588e-05, 8.07589640317e-06, 4.61576064481e-06, 2.44826583184e-06, 1.323789661e-06, 6.43560440494e-07, 4.76485382706e-07]
    },
    "melbands128": {
        "max": [0.00117435574066, 0.00557840662077, 0.0249401032925, 0.0245061814785, 0.0285701155663, 0.0163009092212, 0.0176695454866, 0.0333085283637, 0.0532381907105, 0.0520068071783, 0.0422952212393, 0.00998294819146, 0.0124353375286, 0.0201342049986, 0.011790917255, 0.0255987476557, 0.00755263632163, 0.00474446080625, 0.00291117047891, 0.00892939325422, 0.00733472313732, 0.0118473172188, 0.00340404408053, 0.00477568386123, 0.00587810063735, 0.00531080504879, 0.0104785626754, 0.00723874662071, 0.00403008842841, 0.00322222290561, 0.00183621351607, 0.00764824962243, 0.00456251390278, 0.00135430018418, 0.00444192299619, 0.0072848056443, 0.00278595415875, 0.000776837405283, 0.000459127943031, 0.000398550037062, 0.000356610369636, 0.00105653470382, 0.00142983254045, 0.00234332680702, 0.003129420802, 0.00311592966318, 0.00149191741366, 0.000578425591812, 0.000563756737392, 0.000707319471985, 0.000972873065621, 0.00165636639576, 0.00281533668749, 0.00332430796698, 0.00243355589919, 0.000207359043998, 0.000242163718212, 0.000381658581318, 0.000280584470602, 0.000398572155973, 0.000956541742198, 0.000815602717921, 0.000489918980747, 0.000286067574052, 0.000197871442651, 0.000173106003786, 0.000107741347165, 0.000146647449583, 0.000323292944813, 0.000161831558216, 0.00021759813535, 0.000174796252395, 0.000468889804324, 0.000501633039676, 0.000589167466387, 0.000323171872878, 0.000238473541685, 0.000218581379158, 0.000215399704757, 0.000225321666221, 0.000158167196787, 0.000218893255806, 0.000206742086448, 0.000248426309554, 0.000421912205638, 0.000497123983223, 0.000223572089453, 0.000130341461045, 0.000168471698998, 0.000127800187329, 0.000107771913463, 6.44409083179e-05, 5.11743455718e-05, 3.84334416594e-05, 3.00108149531e-05, 3.17055018968e-05, 2.4081004085e-05, 1.23507898024e-05, 9.6511648735e-06, 7.25431300452e-06, 7.49158516555e-06, 5.73858005737e-06, 7.97684970166e-06, 1.04183145595e-05, 7.37835171094e-06, 7.68331665313e-06, 9.52316258918e-06, 1.53648034029e-05, 1.32989944177e-05, 1.34226065711e-05, 9.78340449365e-06, 5.61128172194e-06, 2.64745449385e-06, 1.70316695858e-06, 2.10096914088e-06, 2.55078020928e-06, 2.96156770219e-07, 1.15890381736e-08, 2.2900854546e-08, 1.12173879074e-08, 7.10378422752e-09, 7.17046910736e-09, 8.06033195744e-09, 2.85113110898e-09, 2.8214377501e-09, 2.77726464049e-09, 2.76312284164e-09, 2.75275113815e-09],
        "mean": [1.87939094758e-05, 0.000161123651196, 0.000360401463695, 0.000463482370833, 0.000657534459606, 0.00074170564767, 0.000986558734439, 0.00143171346281, 0.00165611039847, 0.00155152822845, 0.000745036115404, 0.000434602232417, 0.000612700649071, 0.000481577997562, 0.000415319344029, 0.000484793039504, 0.000272695033345, 0.000221346970648, 9.95409282041e-05, 7.06634818926e-05, 0.000124217534903, 0.000203594070626, 0.000138576389872, 5.68050454604e-05, 7.62129784562e-05, 5.64927067899e-05, 0.000126659346279, 6.69528526487e-05, 3.25043474732e-05, 6.50361180305e-05, 4.14704045397e-05, 2.6364439691e-05, 2.75049587799e-05, 1.33248431666e-05, 2.68792573479e-05, 3.19167011185e-05, 1.84008458746e-05, 5.32932517672e-06, 8.78802802617e-06, 8.88807699084e-06, 6.93198944646e-06, 1.48618719322e-05, 1.32204158945e-05, 9.86539544101e-06, 1.45296417031e-05, 1.96532473637e-05, 1.46041129483e-05, 5.99022177994e-06, 7.06685796104e-06, 7.2535954132e-06, 7.20456637282e-06, 9.07702087716e-06, 1.02050044006e-05, 1.45026651808e-05, 1.18845018733e-05, 5.85500947636e-06, 5.83952396482e-06, 7.97896518634e-06, 4.9246132221e-06, 3.29957811118e-06, 7.51777497499e-06, 8.91824947757e-06, 3.73902548745e-06, 3.74323940378e-06, 4.31813487012e-06, 3.45168882632e-06, 2.81956045001e-06, 2.86480167233e-06, 3.03939009427e-06, 2.9252908007e-06, 2.75904335467e-06, 3.40169890478e-06, 4.50792322226e-06, 4.4587100092e-06, 4.81935512653e-06, 3.0780263387e-06, 3.21204720422e-06, 3.12230508825e-06, 3.3323540265e-06, 3.44010049957e-06, 2.69478050541e-06, 3.46347133018e-06, 2.88280489258e-06, 3.06031301989e-06, 3.32490367327e-06, 2.78403763332e-06, 2.15897284761e-06, 1.94189442482e-06, 2.19511093746e-06, 1.8524153802e-06, 1.02802505353e-06, 9.24357436816e-07, 7.15612316071e-07, 5.45436932953e-07, 4.21120290639e-07, 3.59057395372e-07, 3.20027481848e-07, 2.31555603136e-07, 1.82393037562e-07, 1.37844409664e-07, 1.27213098722e-07, 1.36485766689e-07, 1.42452748264e-07, 1.43500628269e-07, 1.10463545866e-07, 8.94007214924e-08, 9.85505579365e-08, 1.13021485504e-07, 1.05695860952e-07, 9.03350283465e-08, 6.61271357671e-08, 5.85066715075e-08, 5.02359540633e-08, 3.87969691928e-08, 3.73385091734e-08, 2.62089230318e-08, 3.73456021663e-09, 1.3900139928e-09, 1.35066291485e-09, 1.00396746472e-09, 9.33055077645e-10, 9.21669074394e-10, 6.62997490242e-10, 3.68205362034e-11, 8.13382521059e-12, 7.01261704955e-12, 6.4373129223e-12, 6.33169038033e-12],
        "min": [5.32539333811e-12, 1.30217809868e-08, 3.82065827864e-08, 3.13741139735e-08, 4.71493821763e-09, 5.3131905986e-08, 1.07347631229e-07, 9.1495593324e-08, 6.65870771854e-08, 4.05881976917e-08, 9.62958992545e-08, 5.75084641241e-07, 7.43938358028e-07, 2.90247442081e-07, 5.32674988563e-08, 1.04469073392e-08, 2.57511317159e-07, 9.79370895493e-08, 7.19233455015e-08, 1.25282859642e-08, 1.82505766055e-09, 8.42327096962e-09, 1.61656750208e-08, 1.32220705495e-08, 7.01675251236e-09, 1.27827215479e-08, 4.12421456986e-08, 2.57217998012e-08, 2.34988064562e-08, 4.20036627702e-08, 4.6549189392e-08, 1.36765443415e-08, 2.8393078999e-09, 3.48297368724e-09, 3.00394237263e-10, 2.96044788684e-09, 3.35145733388e-09, 1.93050553321e-09, 4.7273607251e-09, 5.73438718732e-09, 2.04116812341e-09, 3.36893668518e-09, 2.79369971601e-09, 7.69882657625e-10, 1.08943387644e-09, 4.55225102058e-09, 6.45699582691e-09, 2.50619169861e-09, 3.02896507876e-09, 1.22431453864e-09, 1.02478225905e-09, 3.08944714256e-09, 1.430944363e-09, 7.94013410577e-10, 8.27675039616e-10, 5.45439249322e-10, 1.08366671192e-09, 8.81655415341e-10, 7.78782982547e-10, 4.4130096799e-10, 7.03663571855e-10, 9.21847320701e-10, 1.24495935783e-09, 9.40331368326e-10, 1.1940484157e-09, 1.1465873806e-09, 6.93810175978e-10, 4.65056076981e-10, 6.85871859307e-10, 2.29057620094e-10, 1.60295263174e-10, 4.40236347377e-10, 2.03064454141e-10, 4.53954679402e-10, 2.23594517901e-10, 3.94512117419e-10, 3.01873553932e-10, 1.32399452513e-10, 3.52398721315e-10, 2.54678889089e-10, 4.80106010503e-10, 3.68072433643e-10, 3.05613534479e-10, 2.65623967266e-10, 4.0344425023e-10, 3.47436718284e-10, 3.05750536e-10, 3.05312497506e-10, 2.68704086759e-10, 2.27322952129e-10, 1.18426296547e-10, 3.63051533281e-10, 1.86399770619e-10, 1.14924965378e-10, 3.51432327683e-10, 1.50332898907e-10, 1.44870192231e-11, 3.37924341287e-11, 2.36796082742e-10, 3.49613504813e-10, 2.89395313269e-10, 4.11906647679e-10, 3.57556650954e-10, 5.23120158302e-11, 3.05722613891e-10, 4.07865963226e-10, 3.85625309463e-10, 5.51228174217e-10, 3.31469657278e-10, 2.785229547e-10, 1.79644632503e-10, 8.05545647548e-12, 7.75133984776e-11, 2.21547571955e-10, 1.92199867133e-10, 4.55717304171e-11, 3.04855706651e-12, 2.28741765113e-12, 1.16773539623e-12, 1.03680627452e-12, 1.14127132224e-12, 1.17518213043e-12, 1.32329433869e-12, 1.26737672006e-12, 8.60956434184e-13, 2.88904262926e-13, 3.45539975756e-14, 1.01671397538e-15],
        "stdev": [6.61477461108e-05, 0.000478526373627, 0.00112520798575, 0.00126853992697, 0.00160465959925, 0.00136856071185, 0.00153507874347, 0.00297518866137, 0.00386772165075, 0.00450193230063, 0.00224215839989, 0.000726199592464, 0.00109627714846, 0.00127512635663, 0.00109253020491, 0.00149777450133, 0.000651677546557, 0.000459393224446, 0.000200981055968, 0.000281058572, 0.000455819477793, 0.000603431952186, 0.000333948177285, 0.000247773947194, 0.000395044160541, 0.000326363253407, 0.000746651028749, 0.000363813480362, 0.000200243812287, 0.000151303131133, 0.000105614868517, 0.000251850084169, 0.000153177257744, 6.48185814498e-05, 0.000167879668879, 0.000218809160287, 8.79923027242e-05, 2.53448215517e-05, 2.64252194029e-05, 2.4812099582e-05, 2.20290203288e-05, 6.29146888969e-05, 5.8404286392e-05, 6.90795714036e-05, 0.000114003829367, 0.000148747509229, 7.2745642683e-05, 2.56306338997e-05, 2.97553633573e-05, 3.29731010424e-05, 3.4158834751e-05, 6.90663073328e-05, 7.9381337855e-05, 0.000116966657515, 7.54760549171e-05, 1.57939157361e-05, 1.61440784723e-05, 2.28919816436e-05, 1.51887834363e-05, 1.55303696374e-05, 5.12971455464e-05, 5.12852711836e-05, 1.85388853424e-05, 1.42984463309e-05, 1.44175155583e-05, 1.19535252452e-05, 8.46395141707e-06, 1.02269004856e-05, 1.40585070767e-05, 1.14925278467e-05, 1.07595960799e-05, 1.19689557323e-05, 1.96288092411e-05, 2.19463636313e-05, 2.28143508139e-05, 1.50474315888e-05, 1.42387680171e-05, 1.26000759337e-05, 1.30569505927e-05, 1.36857170219e-05, 1.17279205369e-05, 1.70818602783e-05, 1.44276336869e-05, 1.55693214765e-05, 2.15738509723e-05, 2.29572851822e-05, 1.17680638141e-05, 9.00518898561e-06, 9.91438264464e-06, 8.31018041936e-06, 5.01807835462e-06, 4.69772157885e-06, 3.52296001438e-06, 2.56741327576e-06, 1.93552205019e-06, 1.67208145285e-06, 1.34349761538e-06, 9.08189633719e-07, 6.8866120273e-07, 5.16042973686e-07, 4.88151670197e-07, 4.72928689987e-07, 5.69301391806e-07, 6.20558466835e-07, 5.2094583225e-07, 4.29439211302e-07, 5.12044891821e-07, 6.57860823594e-07, 6.13146312389e-07, 6.14977182067e-07, 3.85304872452e-07, 2.72274974122e-07, 1.92012038269e-07, 1.44152323855e-07, 1.44408559777e-07, 1.22282287407e-07, 1.01932879915e-08, 1.27352672852e-09, 1.70535241484e-09, 1.05122022198e-09, 9.62829704854e-10, 9.44285427629e-10, 7.66619823178e-10, 1.2106847469e-10, 1.06700620561e-10, 1.04924978428e-10, 1.04461134187e-10, 1.04061752271e-10]
    },
    "mfcc": {
        "mean": [-748.260864258, 160.428756714, 19.6885070801, 25.5096378326, 1.68410158157, -1.63184952736, -13.241235733, -0.94392478466, -4.03350687027, -8.58771324158, -7.82864713669, -4.11003303528, -8.42651939392],
        "cov": [[10820.7871094, -2506.85620117, -799.299133301, 911.735168457, -378.985137939, 530.71697998, -114.183906555, 136.518936157, -40.7932929993, 96.8989486694, 27.2089233398, 171.460083008, -23.0371360779], [-2506.85620117, 1705.48791504, 5.88405990601, -356.161865234, 67.4365997314, -265.042175293, 102.428344727, -1.3348788023, 25.615278244, -81.7640151978, 2.31785297394, 37.2426071167, 37.6555290222], [-799.299133301, 5.88405990601, 516.762878418, 9.1149148941, 61.6584587097, 74.742729187, -37.6825294495, 66.729675293, 46.73487854, -37.3849868774, -33.3617477417, -22.9188289642, -18.9787960052], [911.735168457, -356.161865234, 9.1149148941, 383.582977295, 108.456283569, 139.18536377, -44.5211868286, 12.6835489273, 31.708688736, 24.39594841, -22.297712326, 10.061542511, -20.3696746826], [-378.985137939, 67.4365997314, 61.6584587097, 108.456283569, 535.121032715, 122.500053406, -213.997299194, -1.89384400845, 50.1458587646, 36.0233917236, -13.61972332, -23.4420223236, -43.4046974182], [530.71697998, -265.042175293, 74.742729187, 139.18536377, 122.500053406, 258.178771973, -72.9205703735, 14.7654619217, 44.3435211182, -9.91743278503, 2.75153255463, 4.19285345078, -43.049282074], [-114.183906555, 102.428344727, -37.6825294495, -44.5211868286, -213.997299194, -72.9205703735, 289.871185303, 32.9759025574, -32.6338043213, 5.74199867249, 15.4440727234, 5.55504417419, 53.9419517517], [136.518936157, -1.3348788023, 66.729675293, 12.6835489273, -1.89384400845, 14.7654619217, 32.9759025574, 144.475509644, 30.5597648621, -30.3047046661, 6.94204473495, 20.1053218842, 11.5387573242], [-40.7932929993, 25.615278244, 46.73487854, 31.708688736, 50.1458587646, 44.3435211182, -32.6338043213, 30.5597648621, 100.54133606, -18.5669326782, -13.207110405, 22.3202209473, -12.8028125763], [96.8989486694, -81.7640151978, -37.3849868774, 24.39594841, 36.0233917236, -9.91743278503, 5.74199867249, -30.3047046661, -18.5669326782, 141.144439697, 21.9134101868, -22.9618492126, 11.7164077759], [27.2089233398, 2.31785297394, -33.3617477417, -22.297712326, -13.61972332, 2.75153255463, 15.4440727234, 6.94204473495, -13.207110405, 21.9134101868, 82.3100967407, 1.17844760418, 2.18930721283], [171.460083008, 37.2426071167, -22.9188289642, 10.061542511, -23.4420223236, 4.19285345078, 5.55504417419, 20.1053218842, 22.3202209473, -22.9618492126, 1.17844760418, 80.5608596802, 16.8621673584], [-23.0371360779, 37.6555290222, -18.9787960052, -20.3696746826, -43.4046974182, -43.049282074, 53.9419517517, 11.5387573242, -12.8028125763, 11.7164077759, 2.18930721283, 16.8621673584, 68.4157333374]],
        "icov": [[0.000239408924244, 0.000205851174542, 0.000423233024776, -0.000304920889903, 0.000307258567773, -0.000326144770952, 0.00025136518525, -0.00044732785318, 0.00022326837643, -0.000136872055009, 0.000133370966068, -0.000350052752765, 8.13541464595e-06], [0.000205851174542, 0.00119807838928, 0.000252619152889, 0.000472231477033, -0.000526632764377, 0.000721767777577, -0.000516898406204, 7.72298153606e-06, -0.000395706068957, 0.000541076820809, -8.63910463522e-05, -0.000914677220862, 0.000208360623219], [0.000423233024776, 0.000252619152889, 0.00312594231218, -0.000325759872794, 0.000623634667136, -0.00134426087607, 0.000708044448402, -0.00194422632921, -0.000149153202074, -5.16955224157e-05, 0.00119493773673, 0.00063460477395, -0.000120620752568], [-0.000304920889903, 0.000472231477033, -0.000325759872794, 0.00445086183026, -0.00123401079327, -0.000737183727324, -0.000980898039415, 0.000412894383771, -0.000752841006033, -0.000373020971892, 0.00110798503738, -0.000562341243494, 0.000355359428795], [0.000307258567773, -0.000526632764377, 0.000623634667136, -0.00123401079327, 0.00405895989388, -0.00186846160796, 0.00295761669986, -0.00137352093589, 3.83756487281e-05, -0.00160606962163, 0.000559329113457, 0.000960959820077, -0.000474454951473], [-0.000326144770952, 0.000721767777577, -0.00134426087607, -0.000737183727324, -0.00186846160796, 0.00749052502215, -0.000907398993149, 0.00110696232878, -0.00198290240951, 0.00140806904528, -0.00189183326438, -0.000634975323919, 0.00256197806448], [0.00025136518525, -0.000516898406204, 0.000708044448402, -0.000980898039415, 0.00295761669986, -0.000907398993149, 0.00658698379993, -0.00221816659905, 0.00111174338963, -0.00109409762081, -3.93747068301e-05, 0.00106606970076, -0.0031065067742], [-0.00044732785318, 7.72298153606e-06, -0.00194422632921, 0.000412894383771, -0.00137352093589, 0.00110696232878, -0.00221816659905, 0.00999587960541, -0.00286035286263, 0.00237272470258, -0.00226387451403, -0.000662548467517, -0.00138897425495], [0.00022326837643, -0.000395706068957, -0.000149153202074, -0.000752841006033, 3.83756487281e-05, -0.00198290240951, 0.00111174338963, -0.00286035286263, 0.0138437021524, -0.000400462828111, 0.0021096013952, -0.00387943489477, 0.00195779534988], [-0.000136872055009, 0.000541076820809, -5.16955224157e-05, -0.000373020971892, -0.00160606962163, 0.00140806904528, -0.00109409762081, 0.00237272470258, -0.000400462828111, 0.00960393436253, -0.00299248215742, 0.00240080594085, -0.00235536810942], [0.000133370966068, -8.63910463522e-05, 0.00119493773673, 0.00110798503738, 0.000559329113457, -0.00189183326438, -3.93747068301e-05, -0.00226387451403, 0.0021096013952, -0.00299248215742, 0.0143689773977, -0.00107970123645, 0.0010446870001], [-0.000350052752765, -0.000914677220862, 0.00063460477395, -0.000562341243494, 0.000960959820077, -0.000634975323919, 0.00106606970076, -0.000662548467517, -0.00387943489477, 0.00240080594085, -0.00107970123645, 0.0171527676284, -0.00545464782044], [8.13541464595e-06, 0.000208360623219, -0.000120620752568, 0.000355359428795, -0.000474454951473, 0.00256197806448, -0.0031065067742, -0.00138897425495, 0.00195779534988, -0.00235536810942, 0.0010446870001, -0.00545464782044, 0.0206522438675]]
    },
    "spectral_contrast_coeffs": {
        "max": [-0.428062617779, -0.520711898804, -0.506680607796, -0.605997920036, -0.625272333622, -0.548024058342],
        "mean": [-0.662789583206, -0.722714602947, -0.751540184021, -0.808997750282, -0.793304920197, -0.7837844491],
        "min": [-0.842655658722, -0.902035951614, -0.900683939457, -0.911617517471, -0.906402945518, -0.890536010265],
        "stdev": [0.0733710452914, 0.0711740329862, 0.0664428547025, 0.0500311106443, 0.0537096746266, 0.059834510088]
    },
    "spectral_contrast_valleys": {
        "max": [-4.60546064377, -5.04867219925, -5.40408229828, -5.79240942001, -5.76269054413, -8.02525424957],
        "mean": [-7.05266237259, -7.36708211899, -8.44124984741, -8.7797164917, -9.03320121765, -11.4851207733],
        "min": [-10.8880882263, -10.0551462173, -10.9265842438, -11.1201534271, -11.1626634598, -13.287935257],
        "stdev": [0.973089993, 0.948113739491, 0.997291445732, 1.02202391624, 1.27050471306, 1.10114133358]
    }
},
"rhythm": {
    "beats_count": 69,
    "beats_loudness": {
        "max": 0.226271107793,
        "mean": 0.02697654441,
        "min": 0.00014592311345,
        "stdev": 0.0404128804803
    },
    "bpm": 136.923797607,
    "bpm_histogram_first_peak_bpm": 136,
    "bpm_histogram_first_peak_weight": 0.567567586899,
    "bpm_histogram_second_peak_bpm": 144,
    "bpm_histogram_second_peak_spread": 0.0909090638161,
    "bpm_histogram_second_peak_weight": 0.147058829665,
    "danceability": 1.04227817059,
    "onset_rate": 1.84570300579,
    "beats_loudness_band_ratio": {
        "max": [0.93274384737, 0.897276043892, 0.618245482445, 0.274145334959, 0.376159161329, 0.620200932026],
        "mean": [0.401067018509, 0.413668930531, 0.151264965534, 0.055525328964, 0.0313652642071, 0.0394145585597],
        "min": [0.0125804087147, 0.0513271391392, 0.00541686732322, 0.0034466877114, 0.000458707741927, 0.000318428035825],
        "stdev": [0.214634284377, 0.190277904272, 0.146773219109, 0.0615419484675, 0.0505753755569, 0.0996310412884]
    },
