{
"metadata": {
    "version": {
        "essentia": "2.1-beta5",
        "essentia_git_sha": "Undefined",
        "extractor": "music 2.0"
    },
    "audio_properties": {
        "analysis": {
            "equal_loudness": 0,
            "length": 51.7456703186,
            "sample_rate": 44100,
            "start_time": 126.490699768,
            "downmix": "mix"
        },
        "bit_rate": 192000,
        "length": 178.259597778,
        "lossless": 0,
        "number_channels": 2,
        "replay_gain": 1.95113563538,
        "sample_rate": 44100,
        "codec": "mp3",
        "md5_encoded": "c039f61deb7bc21976cd32a47eabbf7f"
    },
    "tags": {
        "file_name": "Spain_Valentino_Cadillac.mp3",
        "encoding": ["Lavf58.29.100"]
    }
},
"lowlevel": {
    "average_loudness": 0.637460947037,
    "barkbands_crest": {
        "max": 24.694984436,
        "mean": 8.91501998901,
        "min": 2.31368899345,
        "stdev": 4.01590967178
    },
    "barkbands_flatness_db": {
        "max": 0.284311085939,
        "mean": 0.130011916161,
        "min": 0.0485044233501,
        "stdev": 0.0402448475361
    },
    "barkbands_kurtosis": {
        "max": 23.0355300903,
        "mean": 1.20908296108,
        "min": -1.8060413599,
        "stdev": 2.98628592491
    },
    "barkbands_skewness": {
        "max": 4.42485523224,
        "mean": 0.878875136375,
        "min": -2.05790328979,
        "stdev": 0.859843015671
    },
    "barkbands_spread": {
        "max": 63.0150260925,
        "mean": 20.5729007721,
        "min": 2.83772563934,
        "stdev": 9.41536808014
    },
    "dissonance": {
        "max": 0.500000059605,
        "mean": 0.467895627022,
        "min": 0.281349927187,
        "stdev": 0.0265716444701
    },
    "dynamic_complexity": 3.53467655182,
    "erbbands_crest": {
        "max": 30.7262992859,
        "mean": 10.0864343643,
        "min": 2.4700858593,
        "stdev": 5.39927482605
    },
    "erbbands_flatness_db": {
        "max": 0.362555861473,
        "mean": 0.196470335126,
        "min": 0.0925371646881,
        "stdev": 0.0512072555721
    },
    "erbbands_kurtosis": {
        "max": 14.1808452606,
        "mean": 0.428921192884,
        "min": -1.6175224781,
        "stdev": 1.97844195366
    },
    "erbbands_skewness": {
        "max": 3.22329378128,
        "mean": 0.21050940454,
        "min": -3.09347677231,
        "stdev": 0.820986270905
    },
    "erbbands_spread": {
        "max": 96.8168106079,
        "mean": 29.3444404602,
        "min": 4.51949357986,
        "stdev": 14.00507164
    },
    "hfc": {
        "max": 94.0463562012,
        "mean": 19.1102638245,
        "min": 1.12480641735e-16,
        "stdev": 16.8845062256
    },
    "loudness_ebu128": {
        "integrated": -27.0271911621,
        "loudness_range": 5.38292884827,
        "momentary": {
            "max": -21.3623027802,
            "mean": -28.1101284027,
            "min": -40.8780517578,
            "stdev": 3.19144272804
        },
        "short_term": {
            "max": -23.3369503021,
            "mean": -27.3425312042,
            "min": -32.3438186646,
            "stdev": 1.79460203648
        }
    },
    "melbands_crest": {
        "max": 32.3045806885,
        "mean": 12.24314785,
        "min": 2.07478284836,
        "stdev": 5.42164087296
    },
    "melbands_flatness_db": {
        "max": 0.324063807726,
        "mean": 0.165486097336,
        "min": 0.00516745913774,
        "stdev": 0.0415629334748
    },
    "melbands_kurtosis": {
        "max": 70.5221862793,
        "mean": 4.97552728653,
        "min": -1.77894568443,
        "stdev": 7.1959900856
    },
    "melbands_skewness": {
        "max": 7.28526973724,
        "mean": 1.62432336807,
        "min": -1.19860243797,
        "stdev": 1.11836504936
    },
    "melbands_spread": {
        "max": 152.036941528,
        "mean": 28.7343044281,
        "min": 3.64987373352,
        "stdev": 16.0978565216
    },
    "pitch_salience": {
        "max": 0.91554659605,
        "mean": 0.574432373047,
        "min": 0.183068946004,
        "stdev": 0.105797253549
    },
    "silence_rate_20dB": {
        "max": 1,
        "mean": 1,
        "min": 1,
        "stdev": 0
    },
    "silence_rate_30dB": {
        "max": 1,
        "mean": 1,
        "min": 1,
        "stdev": 0
    },
    "silence_rate_60dB": {
        "max": 1,
        "mean": 0.085201792419,
        "min": 0,
        "stdev": 0.279179871082
    },
    "spectral_centroid": {
        "max": 11756.5244141,
        "mean": 1674.41784668,
        "min": 388.409362793,
        "stdev": 606.812805176
    },
    "spectral_complexity": {
        "max": 54,
        "mean": 19.8807182312,
        "min": 0,
        "stdev": 8.55675792694
    },
    "spectral_decrease": {
        "max": 1.56580075548e-29,
        "mean": -4.29729229978e-09,
        "min": -2.51479672642e-08,
        "stdev": 3.7150158505e-09
    },
    "spectral_energy": {
        "max": 0.103281892836,
        "mean": 0.017952311784,
        "min": 1.02247496634e-20,
        "stdev": 0.0154311163351
    },
    "spectral_energyband_high": {
        "max": 0.00392010109499,
        "mean": 0.000389096647268,
        "min": 7.21779627159e-21,
        "stdev": 0.000430511456216
    },
    "spectral_energyband_low": {
        "max": 0.0245952475816,
        "mean": 0.00217326520942,
        "min": 5.11659316757e-23,
        "stdev": 0.00348956859671
    },
    "spectral_energyband_middle_high": {
        "max": 0.0731301531196,
        "mean": 0.00804591737688,
        "min": 1.36456376835e-21,
        "stdev": 0.0101686893031
    },
    "spectral_energyband_middle_low": {
        "max": 0.0914577022195,
        "mean": 0.00938929338008,
        "min": 2.2789431721e-22,
        "stdev": 0.0104601681232
    },
    "spectral_entropy": {
        "max": 9.80799674988,
        "mean": 7.54263877869,
        "min": 6.40140104294,
        "stdev": 0.287541180849
    },
    "spectral_flux": {
        "max": 0.271063148975,
        "mean": 0.0691074803472,
        "min": 6.36958125133e-11,
        "stdev": 0.0341553092003
    },
    "spectral_kurtosis": {
        "max": 13.0744037628,
        "mean": 4.57649183273,
        "min": -1.18882393837,
        "stdev": 2.03761434555
    },
    "spectral_rms": {
        "max": 0.010038068518,
        "mean": 0.00382715533487,
        "min": 3.15838024137e-12,
        "stdev": 0.00169332826044
    },
    "spectral_rolloff": {
        "max": 18906.1523438,
        "mean": 1885.54797363,
        "min": 172.265625,
        "stdev": 1158.70678711
    },
    "spectral_skewness": {
        "max": 2.66094923019,
        "mean": 1.39027106762,
        "min": -0.098748922348,
        "stdev": 0.346178561449
    },
    "spectral_spread": {
        "max": 41098744,
        "mean": 3528536.5,
        "min": 2214433.75,
        "stdev": 1542375.5
    },
    "spectral_strongpeak": {
        "max": 10.8287992477,
        "mean": 1.53737711906,
        "min": 0,
        "stdev": 1.77823841572
    },
    "zerocrossingrate": {
        "max": 0.5068359375,
        "mean": 0.0665223002434,
        "min": 0.0107421875,
        "stdev": 0.0263252146542
    },
    "barkbands": {
        "max": [0.000117140167276, 0.0114535903558, 0.0121198426932, 0.0290026310831, 0.017974101007, 0.0137744732201, 0.0131254699081, 0.0172625929117, 0.0601060800254, 0.0812631845474, 0.0178689062595, 0.0100047467276, 0.0348458513618, 0.0370388478041, 0.00928236451, 0.0119181415066, 0.0163194369525, 0.00693969940767, 0.00465392274782, 0.00471361866221, 0.00185506429989, 0.00141908298247, 0.00074532488361, 0.000290721771307, 0.000112538720714, 1.35830787258e-05, 7.62689296607e-07],
        "mean": [5.28998270966e-06, 0.000558077939786, 0.00106530031189, 0.00089755730005, 0.000970331835561, 0.000938407320064, 0.000783981522545, 0.000726404774468, 0.00251523754559, 0.00330686266534, 0.000630316033494, 0.000469346210593, 0.00080097373575, 0.00143171136733, 0.000448347243946, 0.000417814735556, 0.000612944655586, 0.000412162364228, 0.000384366401704, 0.000300538609736, 0.000118519492389, 9.36182113946e-05, 4.02953592129e-05, 1.57127324201e-05, 6.77682464811e-06, 1.21190976188e-06, 2.32997308558e-07],
        "min": [9.20269275927e-24, 1.68914588895e-23, 1.69824050855e-23, 2.77334227536e-24, 2.87302321266e-23, 3.40127981577e-23, 2.84972404805e-23, 3.58039510192e-23, 2.55923722153e-23, 3.82593878718e-23, 2.6493211926e-23, 3.62171374287e-23, 1.03226046654e-22, 3.72684618234e-23, 8.99550964433e-23, 9.09058884043e-23, 1.33337990744e-22, 1.37232994619e-22, 3.36795542812e-22, 2.82048091119e-22, 4.29165878912e-22, 4.06841519191e-22, 5.11986328002e-22, 8.58317419488e-22, 9.65872709546e-22, 1.54135514601e-21, 2.08832650852e-21],
        "stdev": [1.1654181435e-05, 0.0013606386492, 0.00192039820831, 0.00220274506137, 0.00137014419306, 0.00128157634754, 0.00122246786486, 0.00126056838781, 0.00490288203582, 0.00901484396309, 0.00146770582069, 0.000833027472254, 0.00205449410714, 0.00340445130132, 0.000838455278426, 0.000888158683665, 0.000992374843918, 0.000526570656803, 0.000427956518251, 0.000405396829592, 0.000166956524481, 0.000137466689921, 5.40029068361e-05, 2.20489600906e-05, 7.43717555451e-06, 7.0984924605e-07, 1.19339247817e-07]
    },
    "erbbands": {
        "max": [0.230444669724, 3.0304608345, 11.2022867203, 48.3408241272, 121.866294861, 42.8458213806, 51.1931724548, 132.392944336, 297.901000977, 523.684509277, 323.503051758, 1717.56408691, 3182.72949219, 424.887908936, 725.889343262, 505.594787598, 1956.73156738, 2171.12451172, 958.559143066, 374.3359375, 725.969848633, 695.797424316, 439.550872803, 109.867736816, 270.633270264, 152.339996338, 111.717224121, 111.912063599, 52.2966270447, 40.2307014465, 19.4618148804, 7.64526414871, 7.05914068222, 1.22491025925, 0.981861710548, 0.235666960478, 0.00811966694891, 0.00132824410684, 8.81574305822e-05, 0.000122432029457],
        "mean": [0.0115105938166, 0.152430146933, 0.910751521587, 2.62255692482, 2.84791016579, 3.49311852455, 4.04552316666, 8.43107223511, 10.6283874512, 14.5806808472, 20.0041389465, 60.2722053528, 138.999526978, 28.2136363983, 26.3945350647, 23.591791153, 41.6232185364, 66.9224777222, 38.9170265198, 20.2142066956, 27.9149265289, 32.6042633057, 26.3450565338, 16.2917995453, 21.8930110931, 13.1860485077, 6.76955509186, 3.7118833065, 3.22605586052, 2.3230369091, 1.07379567623, 0.468057215214, 0.194151580334, 0.0783031508327, 0.0479035452008, 0.0110202208161, 0.00117787299678, 0.000456637877505, 2.24926225201e-05, 2.25595485972e-05],
        "min": [8.50131340455e-22, 2.58620805403e-21, 2.26133763443e-20, 1.40671740532e-20, 6.63880102363e-20, 6.07641384985e-20, 2.45327526667e-19, 2.41636569226e-19, 3.81055535026e-19, 5.58837431577e-19, 6.14538636653e-19, 4.58442262137e-19, 8.51481369492e-19, 9.45031102375e-19, 1.19985318906e-18, 1.58224213923e-18, 4.31546288064e-18, 3.40138074089e-18, 3.24842222433e-18, 5.22038813102e-18, 5.02150537403e-18, 7.93424943398e-18, 8.14378338213e-18, 1.87769353849e-17, 1.30097974126e-17, 1.45601588736e-17, 1.68885399491e-17, 1.46720168535e-17, 1.70007800864e-17, 1.11853132596e-17, 1.53815244065e-17, 1.73799282463e-17, 1.27587067376e-17, 9.6464562265e-18, 7.14530607242e-18, 5.16168477731e-18, 3.1917036905e-18, 1.22204003424e-18, 2.69969650705e-19, 2.99720913958e-20],
        "stdev": [0.0293348897249, 0.345747411251, 1.47200548649, 5.81610631943, 6.31971883774, 4.60824489594, 5.02190494537, 12.2806167603, 17.796792984, 28.7128162384, 29.8167114258, 112.161933899, 354.768920898, 48.8887290955, 57.1039810181, 37.7593536377, 106.501792908, 144.517684937, 78.0595397949, 30.7724208832, 60.6007270813, 50.1129875183, 33.3758888245, 15.2773561478, 28.6353626251, 15.9523925781, 9.36912727356, 6.16544961929, 4.87701272964, 3.29013419151, 1.45901870728, 0.619207620621, 0.357569724321, 0.0833664312959, 0.0567696020007, 0.0106268106028, 0.000484167278046, 0.000194339474547, 1.05331619125e-05, 1.8742206521e-05]
    },
    "gfcc": {
        "mean": [-26.7476043701, 88.8030319214, -160.660629272, 22.615026474, -68.167640686, 0.585300028324, -36.571269989, 6.40308141708, -25.1078281403, -3.37592697144, -16.7116565704, -6.08556604385, -13.8679275513],
        "cov": [[5211.85644531, 569.227111816, -759.933532715, 414.146514893, -136.161193848, 73.0662612915, 92.8312149048, -126.518508911, 149.363830566, -139.553695679, -52.356098175, -161.753448486, -86.2874221802], [569.227111816, 546.16027832, 385.588806152, 209.224700928, 225.878189087, 85.7954559326, 15.6341867447, 12.7362861633, -35.8781280518, -34.6042366028, 22.3888015747, -24.7248039246, -73.0255584717], [-759.933532715, 385.588806152, 981.229248047, 439.373443604, 307.540893555, 179.569152832, -134.849777222, 24.1511383057, -88.8350906372, -20.7851238251, -25.0708351135, 30.1685314178, -82.4949874878], [414.146514893, 209.224700928, 439.373443604, 638.178222656, 249.849655151, 97.1936721802, -125.696624756, -41.1704063416, 72.3333129883, -47.6858177185, -76.8126144409, -6.68437957764, -57.2194366455], [-136.161193848, 225.878189087, 307.540893555, 249.849655151, 324.265014648, 121.035163879, -46.570526123, 13.1513977051, 22.5275249481, -5.70450687408, -33.4894256592, -3.10212349892, -29.6040725708], [73.0662612915, 85.7954559326, 179.569152832, 97.1936721802, 121.035163879, 284.672546387, 74.1035995483, -14.8535413742, -17.9767856598, -19.8983821869, -19.4458694458, -32.260219574, -49.7876701355], [92.8312149048, 15.6341867447, -134.849777222, -125.696624756, -46.570526123, 74.1035995483, 200.735122681, 30.2271995544, -0.339384645224, 0.42003852129, 47.1512145996, -20.141462326, -7.22302246094], [-126.518508911, 12.7362861633, 24.1511383057, -41.1704063416, 13.1513977051, -14.8535413742, 30.2271995544, 106.71370697, 19.6203613281, 21.3603458405, 21.8637237549, 14.3880195618, 4.96086215973], [149.363830566, -35.8781280518, -88.8350906372, 72.3333129883, 22.5275249481, -17.9767856598, -0.339384645224, 19.6203613281, 137.584060669, 26.3010978699, -22.000585556, -6.10544586182, 22.2430667877], [-139.553695679, -34.6042366028, -20.7851238251, -47.6858177185, -5.70450687408, -19.8983821869, 0.42003852129, 21.3603458405, 26.3010978699, 82.1966552734, 36.1309127808, 14.6088581085, 17.6482200623], [-52.356098175, 22.3888015747, -25.0708351135, -76.8126144409, -33.4894256592, -19.4458694458, 47.1512145996, 21.8637237549, -22.000585556, 36.1309127808, 112.606567383, 40.3325843811, -1.49678456783], [-161.753448486, -24.7248039246, 30.1685314178, -6.68437957764, -3.10212349892, -32.260219574, -20.141462326, 14.3880195618, -6.10544586182, 14.6088581085, 40.3325843811, 88.194190979, 39.5150756836], [-86.2874221802, -73.0255584717, -82.4949874878, -57.2194366455, -29.6040725708, -49.7876701355, -7.22302246094, 4.96086215973, 22.2430667877, 17.6482200623, -1.49678456783, 39.5150756836, 92.3201751709]],
        "icov": [[0.00168206414673, -0.00498254364356, 0.00460050627589, -0.00344213377684, 0.00405870191753, -0.00321247661486, 0.00268954155035, -0.00167309935205, 0.00116935651749, -0.000733369961381, 0.000836225051899, -0.000222971022595, -0.000554768717848], [-0.00498254364356, 0.0187226161361, -0.0149879604578, 0.0102287931368, -0.0144391311333, 0.0109306918457, -0.00955670978874, 0.00555986491963, -0.00358426035382, 0.00415837205946, -0.00487502198666, 0.00275190034881, 0.00212952471338], [0.00460050627589, -0.0149879604578, 0.0158429965377, -0.011078948155, 0.0110703157261, -0.0103882718831, 0.00914474390447, -0.00673877960071, 0.00628699827939, -0.00381132564507, 0.00330510595813, -0.00223573972471, -0.00101588794496], [-0.00344213377684, 0.0102287931368, -0.011078948155, 0.0113650271669, -0.00961290486157, 0.00671578105539, -0.00465857656673, 0.00567885814235, -0.0065963244997, 0.00404362659901, -0.00164121633861, -0.000299025763525, 0.00280516478233], [0.00405870191753, -0.0144391311333, 0.0110703157261, -0.00961290486157, 0.0170454066247, -0.0104862386361, 0.00828531384468, -0.00574331311509, 0.00222033006139, -0.00345810013823, 0.00363147794269, -0.00152493629139, -0.00208848644979], [-0.00321247661486, 0.0109306918457, -0.0103882718831, 0.00671578105539, -0.0104862386361, 0.013275933452, -0.0100957900286, 0.00571362441406, -0.00205637700856, 0.00141157652251, -0.000213806401007, 0.00081951438915, 0.003094852902], [0.00268954155035, -0.00955670978874, 0.00914474390447, -0.00465857656673, 0.00828531384468, -0.0100957900286, 0.0153170134872, -0.00619374308735, 0.00090546021238, 0.00124495790806, -0.00367069104686, 0.00260035856627, -0.00264666555449], [-0.00167309935205, 0.00555986491963, -0.00673877960071, 0.00567885814235, -0.00574331311509, 0.00571362441406, -0.00619374308735, 0.0149351861328, -0.00513008236885, 0.000109139669803, -0.000951765279751, -0.00165854464285, 0.00219431496225], [0.00116935651749, -0.00358426035382, 0.00628699827939, -0.0065963244997, 0.00222033006139, -0.00205637700856, 0.00090546021238, -0.00513008236885, 0.0151127204299, -0.00689136376604, 0.00406644167379, 0.000391641166061, -0.00268866145052], [-0.000733369961381, 0.00415837205946, -0.00381132564507, 0.00404362659901, -0.00345810013823, 0.00141157652251, 0.00124495790806, 0.000109139669803, -0.00689136376604, 0.0205929875374, -0.0100027900189, 0.00398658635095, -0.00269653927535], [0.000836225051899, -0.00487502198666, 0.00330510595813, -0.00164121633861, 0.00363147794269, -0.000213806401007, -0.00367069104686, -0.000951765279751, 0.00406644167379, -0.0100027900189, 0.0210674703121, -0.0121780270711, 0.00616116495803], [-0.000222971022595, 0.00275190034881, -0.00223573972471, -0.000299025763525, -0.00152493629139, 0.00081951438915, 0.00260035856627, -0.00165854464285, 0.000391641166061, 0.00398658635095, -0.0121780270711, 0.0234441813082, -0.0110577587038], [-0.000554768717848, 0.00212952471338, -0.00101588794496, 0.00280516478233, -0.00208848644979, 0.003094852902, -0.00264666555449, 0.00219431496225, -0.00268866145052, -0.00269653927535, 0.00616116495803, -0.0110577587038, 0.0194991286844]]
    },
    "melbands": {
        "max": [0.00253670825623, 0.00413136743009, 0.0109188016504, 0.00481158308685, 0.00203001429327, 0.00362238800153, 0.00387077732012, 0.00531170610338, 0.00529433740303, 0.0109455306083, 0.0156874600798, 0.00205530645326, 0.00298388372175, 0.00105614610948, 0.00205175229348, 0.00344179477543, 0.00428560236469, 0.0023169380147, 0.000933434581384, 0.000649638823234, 0.00115788599942, 0.000981612713076, 0.00062179856468, 0.000211176928133, 0.000102504185634, 0.000211256905459, 0.00027480776771, 0.000116889277706, 0.000112265646749, 3.8424426748e-05, 8.59808496898e-05, 3.15057659463e-05, 3.10376854031e-05, 2.19703888433e-05, 1.15972479762e-05, 1.05328490463e-05, 4.03199874199e-06, 6.09950348007e-06, 1.86946704162e-06, 8.66859807047e-07],
        "mean": [0.000130863394588, 0.000406129605835, 0.000449295912404, 0.00021998284501, 0.000146511301864, 0.000191889703274, 0.000164875455084, 0.000154361594468, 0.000191889455891, 0.000390434404835, 0.000687199586537, 0.00010129630391, 9.81826669886e-05, 5.08863849973e-05, 7.46479199734e-05, 9.04128391994e-05, 0.00013204611605, 7.27283622837e-05, 3.08019007207e-05, 2.06893309951e-05, 3.71345522581e-05, 3.24951179209e-05, 3.5623274016e-05, 1.61261268659e-05, 1.2299887203e-05, 1.58406910487e-05, 1.47940081661e-05, 7.23886887499e-06, 4.91945729664e-06, 2.26249539992e-06, 2.2180047381e-06, 1.97629833565e-06, 1.54697761445e-06, 1.08502069907e-06, 6.48900311262e-07, 3.80838883984e-07, 2.44651573666e-07, 1.50163614876e-07, 8.01659751914e-08, 5.98537894803e-08],
        "min": [6.30283770509e-24, 8.62028858586e-24, 3.35234488055e-24, 6.16865640942e-24, 6.612952732e-24, 5.4849175307e-24, 6.30325501251e-24, 5.43550288917e-24, 5.18710873392e-24, 3.14108911342e-24, 4.40250886088e-24, 3.54891402977e-24, 3.59582719338e-24, 4.08220411766e-24, 6.72558668648e-24, 1.02636625563e-23, 5.4998281851e-24, 3.96101851653e-24, 7.1403886831e-24, 5.12133390607e-24, 5.18277275995e-24, 7.25229806884e-24, 7.15927243545e-24, 7.07760482138e-24, 1.58689642054e-23, 1.07922640494e-23, 6.80739787324e-24, 9.58140515834e-24, 1.00126667378e-23, 9.01781531752e-24, 7.42380747369e-24, 9.40609265507e-24, 6.48481687187e-24, 6.34999502114e-24, 8.04410931385e-24, 1.17675501414e-23, 8.91377481931e-24, 1.00579576089e-23, 7.01585910061e-24, 7.52870783028e-24],
        "stdev": [0.000328018446453, 0.000632311566733, 0.000932578346692, 0.000339200370945, 0.000172607411514, 0.000283130619209, 0.000256768020336, 0.000304153480101, 0.000311821699142, 0.000743291224353, 0.0017785866512, 0.000200293099624, 0.000238164546317, 9.22252293094e-05, 0.000138502553455, 0.000214243220398, 0.00030984726618, 0.000175404158654, 6.22785300948e-05, 3.21778861689e-05, 8.8147855422e-05, 5.70250449528e-05, 5.15641841048e-05, 1.98409725272e-05, 1.25065444081e-05, 2.05120049941e-05, 2.31868561968e-05, 9.53588460106e-06, 7.85411248216e-06, 3.06012816509e-06, 4.38791948909e-06, 3.11541020892e-06, 2.35510970015e-06, 1.53298276473e-06, 9.11586539587e-07, 5.73107229229e-07, 3.20311102087e-07, 3.15214407465e-07, 1.12399192176e-07, 5.68556934866e-08]
    },
    "melbands128": {
        "max": [0.00011173641542, 0.00135609868448, 0.00405585812405, 0.00560493953526, 0.00538796465844, 0.00819417927414, 0.012577008456, 0.0189719665796, 0.0141012752429, 0.00368047039956, 0.00255564460531, 0.00320260552689, 0.00214622728527, 0.00301990751177, 0.00248730601743, 0.0070222960785, 0.00995565671474, 0.00308269867674, 0.00386320101097, 0.00966650992632, 0.0071921008639, 0.00489631993696, 0.00431422097608, 0.0174123663455, 0.0218321681023, 0.0194050036371, 0.0243342965841, 0.0309031438082, 0.0115413889289, 0.00333260325715, 0.00132697145455, 0.00152737158351, 0.00625517079607, 0.00132063473575, 0.00225930544548, 0.00208332133479, 0.00270336586982, 0.00128294620663, 0.00517100514844, 0.0105632515624, 0.00397774437442, 0.00391645776108, 0.00824209116399, 0.0071958033368, 0.00755297765136, 0.00250561209396, 0.00118974782526, 0.00152481370606, 0.00104509631637, 0.0012459816644, 0.000545637623873, 0.00187812536024, 0.00192329124548, 0.00232934346423, 0.00275206915103, 0.00128968781792, 0.00100507773459, 0.00115783733781, 0.00125665334053, 0.000470304803457, 0.000361770944437, 0.00024865596788, 0.000151261439896, 0.000206009164685, 0.0002126389154, 0.000380807381589, 0.000456259032944, 0.000413653324358, 0.000556652608793, 0.000288281968096, 0.000116251103464, 0.000160755691468, 0.000187213518075, 0.000190335398656, 6.88821237418e-05, 3.55363299605e-05, 6.05355999141e-05, 8.09921039036e-05, 0.000153328554006, 6.48265631753e-05, 8.43134330353e-05, 5.16649452038e-05, 3.49839610863e-05, 4.59289803985e-05, 5.87705362705e-05, 3.72901631636e-05, 1.73003172677e-05, 1.51702533913e-05, 1.56206588144e-05, 1.48619628817e-05, 1.54682547873e-05, 1.33000312417e-05, 6.7422893153e-06, 4.41079873781e-06, 2.8790370834e-06, 1.08386893771e-05, 7.90724698163e-06, 5.41715871805e-06, 2.43196086558e-06, 1.12564146093e-06, 1.35688173941e-06, 7.16198599093e-07, 2.10828420677e-06, 1.65701624155e-06, 1.29233535517e-06, 9.07995854504e-07, 2.19770004151e-06, 5.99816814884e-07, 1.00043038742e-07, 6.47006999088e-08, 2.99754532307e-08, 5.4124246418e-08, 6.07213124226e-09, 5.66751534592e-09, 4.41769998361e-09, 1.40272486959e-08, 2.71905982174e-08, 2.02542871364e-09, 2.36236630258e-09, 2.41804820611e-09, 2.46144749028e-09, 2.39985342709e-09, 2.34981101244e-09, 2.30610908147e-09, 2.29579888433e-09, 2.27828977906e-09, 2.22366347558e-09, 2.2495070251e-09],
        "mean": [5.06421201862e-06, 6.53003444313e-05, 0.000186126533663, 0.000251899502473, 0.000351667229552, 0.000591791467741, 0.000579448707867, 0.000393255060771, 0.000275899510598, 0.000202614959562, 0.000203440198675, 0.000149197992869, 0.000119600263133, 0.000158826238476, 0.000170161496499, 0.000246139621595, 0.000192358595086, 0.00013527754345, 0.000141669414006, 0.000195441258256, 0.000131868087919, 0.000113669120765, 0.000165705467225, 0.000273677724181, 0.000467665726319, 0.000283280416625, 0.00059746572515, 0.00113990297541, 0.000333359406795, 6.66725536576e-05, 4.70041122753e-05, 6.94304690114e-05, 0.000166401383467, 5.26496296516e-05, 3.51898561348e-05, 5.2442530432e-05, 7.82742354204e-05, 4.42844902864e-05, 9.53540002229e-05, 0.000122003038996, 3.85435378121e-05, 0.000137144568725, 0.000113002402941, 0.00017622949963, 9.79316173471e-05, 4.91538776259e-05, 4.3533204007e-05, 2.6849378628e-05, 2.57978572336e-05, 3.21628285747e-05, 1.39001322168e-05, 1.4965000446e-05, 4.25831967732e-05, 3.93591362808e-05, 4.02000550821e-05, 2.97334936477e-05, 2.40130466409e-05, 5.07655313413e-05, 3.543135972e-05, 1.72138497874e-05, 1.5990839529e-05, 1.47605560414e-05, 9.89501677395e-06, 1.16190094559e-05, 1.54627396114e-05, 1.48405924847e-05, 1.76381599886e-05, 1.73171865754e-05, 1.52453276314e-05, 8.95601897355e-06, 7.4432805377e-06, 6.47830802336e-06, 5.20645062352e-06, 5.7148504311e-06, 2.78505694951e-06, 2.71627550319e-06, 1.5621918692e-06, 1.56725661782e-06, 2.58312047663e-06, 2.55281656791e-06, 2.32694992519e-06, 1.6224008732e-06, 1.31741069254e-06, 1.57312888405e-06, 1.70447435721e-06, 1.50397795551e-06, 7.16489694241e-07, 5.59024272206e-07, 7.57513248573e-07, 6.32242631582e-07, 4.09991685046e-07, 3.06983878318e-07, 3.25090269371e-07, 2.47186960678e-07, 1.96983876322e-07, 1.82318458997e-07, 1.46305197291e-07, 9.76269234343e-08, 7.93959671341e-08, 7.28182598664e-08, 5.81904018304e-08, 5.64680142645e-08, 5.76851242329e-08, 7.39540837458e-08, 5.67262254947e-08, 4.79150052968e-08, 3.98387136613e-08, 2.43482123352e-08, 1.52758818928e-08, 9.48732292727e-09, 6.23473095374e-09, 3.53801477004e-09, 2.08053485551e-09, 1.32110300477e-09, 9.91047466314e-10, 4.66677008149e-09, 8.00269273071e-09, 8.50116331497e-12, 4.95093072442e-12, 4.95691552041e-12, 4.93297243331e-12, 4.88398470971e-12, 4.77032519389e-12, 4.66812482766e-12, 4.65714706382e-12, 4.66594081081e-12, 4.63555799649e-12, 4.61102466973e-12],
        "min": [5.35426954303e-24, 5.92304417215e-24, 4.89188897862e-24, 3.26044672661e-24, 1.07363700988e-23, 6.64427800412e-24, 2.6133498453e-24, 9.65155441712e-25, 5.86939019211e-24, 2.78395008795e-24, 2.71060673137e-24, 2.72965318628e-24, 1.05230873536e-23, 3.17974724208e-24, 5.46717526009e-24, 3.87148556481e-24, 5.61467568328e-24, 2.54636135495e-24, 5.73447328364e-24, 4.00043276837e-24, 4.22459351105e-24, 4.47831247741e-24, 2.69754812516e-24, 2.02277386177e-24, 4.58940835034e-25, 1.79646603693e-24, 4.94889127877e-24, 2.40139810564e-24, 2.81433937661e-24, 3.99320522476e-24, 3.67493377052e-24, 3.10438716259e-24, 2.85523648973e-24, 4.89998781911e-24, 3.66222640463e-24, 1.87247101021e-24, 1.88879017575e-24, 4.07939064524e-24, 8.12718662236e-24, 1.92876609656e-24, 6.31918605849e-24, 2.61472049112e-24, 4.18299687552e-24, 4.44666298346e-24, 1.5835769333e-24, 1.96783857441e-24, 7.53774186537e-24, 5.62758854744e-24, 7.96412986211e-24, 6.92737572831e-24, 4.2450198809e-24, 3.22636635778e-24, 6.59824954802e-24, 3.94108873462e-24, 4.20175874885e-24, 3.66284211057e-24, 1.12819139575e-23, 6.50340914012e-24, 2.83886525936e-24, 4.98288329518e-24, 6.17946577597e-24, 5.03235039596e-24, 8.74823314721e-24, 1.793597857e-23, 1.24645616049e-23, 1.0178332261e-23, 8.72375637104e-24, 6.99604449239e-24, 5.37947995983e-24, 4.10024378884e-24, 1.06876752928e-23, 5.69005094835e-24, 4.94601785293e-24, 1.21499102333e-23, 1.14974812439e-23, 6.26188438563e-24, 6.04764277997e-24, 5.96269271567e-24, 4.43386371528e-24, 6.05435559185e-24, 1.11715933377e-23, 8.38425666985e-24, 7.74748656943e-24, 5.87830392591e-24, 4.18964618409e-24, 4.62622586929e-24, 6.81249233696e-24, 6.53939579132e-24, 7.48226285563e-24, 8.70877590245e-24, 7.8133083345e-24, 1.11420165757e-23, 1.08891156581e-23, 7.38084374221e-24, 7.29246607727e-24, 7.88089951458e-24, 7.74511130925e-24, 5.23153540795e-24, 5.53769784729e-24, 6.51722091128e-24, 6.57987618867e-24, 8.04395943028e-24, 6.8896831654e-24, 8.00553480444e-24, 6.59811425837e-24, 8.36894961284e-24, 7.68986974664e-24, 7.34956619618e-24, 8.95807330344e-24, 7.5264051453e-24, 5.81388554439e-24, 8.74156490598e-24, 8.91872176605e-24, 8.52175275905e-24, 1.00741694894e-23, 6.16130540907e-24, 7.12228984736e-24, 6.25825956977e-24, 7.83018206926e-24, 8.04886693397e-24, 6.8454990661e-24, 7.92537312584e-24, 8.36260480458e-24, 7.72299717149e-24, 8.41532832318e-24, 7.36151349459e-24, 7.22163110115e-24, 9.25170784275e-24],
        "stdev": [1.15246475616e-05, 0.000180738526979, 0.000530542922206, 0.000628561771009, 0.000596045108978, 0.00114873505663, 0.00138337560929, 0.00102511141449, 0.000705443206243, 0.000342943618307, 0.000289996212814, 0.000222460235818, 0.000196247026906, 0.000255910970736, 0.000261206878349, 0.000517294218298, 0.000498880632222, 0.000262886373093, 0.000282520340988, 0.000503939168993, 0.000374537485186, 0.000255758466665, 0.000330811308231, 0.000718891969882, 0.00110862276051, 0.000924184685573, 0.00178383034654, 0.00331656634808, 0.00107316090725, 0.000189788872376, 0.000103780468635, 0.000137218507007, 0.000491792685352, 0.000114735572424, 0.000119717115012, 0.000130395026645, 0.000180452829227, 9.49099703575e-05, 0.0002568049822, 0.000489044061396, 0.000168104132172, 0.000347720313584, 0.000316282355925, 0.000588210998103, 0.000371811678633, 0.000140368007123, 0.000103328304249, 8.34171296447e-05, 6.75438568578e-05, 6.50041256449e-05, 2.79667219729e-05, 5.33639504283e-05, 0.000133900146466, 0.000131605615024, 0.000108433741843, 6.97442155797e-05, 5.58712017664e-05, 9.28665758693e-05, 6.67388449074e-05, 3.69823974324e-05, 2.61625245912e-05, 1.94963831746e-05, 1.40736501635e-05, 1.63416825671e-05, 2.04823809327e-05, 2.68409439741e-05, 3.15561737807e-05, 3.09532806568e-05, 3.57038879883e-05, 1.48336876009e-05, 1.14355334517e-05, 1.27307894218e-05, 1.11419749373e-05, 1.19488968267e-05, 5.19265950061e-06, 4.1664247874e-06, 3.08332823806e-06, 3.99344844482e-06, 7.09196456228e-06, 4.73590262118e-06, 4.59270631836e-06, 3.191956921e-06, 2.21719005822e-06, 2.8708195714e-06, 3.12903830491e-06, 2.40628719439e-06, 1.07454036424e-06, 8.68376218932e-07, 1.19383435049e-06, 9.61914111031e-07, 7.19696117812e-07, 5.921825732e-07, 4.97054202242e-07, 3.55318007905e-07, 2.64544098627e-07, 4.32339902545e-07, 3.82370643592e-07, 2.07637029348e-07, 1.18802198301e-07, 8.34135107652e-08, 6.63799681888e-08, 4.65463294574e-08, 8.11303806358e-08, 9.05798955841e-08, 7.47179527139e-08, 5.91384292647e-08, 8.0148659265e-08, 2.35595614129e-08, 9.49784695337e-09, 5.95666671543e-09, 2.89292345634e-09, 2.05898564865e-09, 7.28470339606e-10, 5.18573739505e-10, 4.26341822957e-10, 1.93683646899e-09, 4.11778300347e-09, 4.31434402093e-11, 5.00825457495e-11, 5.12521865226e-11, 5.21624930749e-11, 5.08565550783e-11, 4.9796736179e-11, 4.8870612418e-11, 4.86499278363e-11, 4.82764245247e-11, 4.71205019448e-11, 4.76670473926e-11]
    },
    "mfcc": {
        "mean": [-654.282958984, 116.299369812, -35.5293159485, 17.3837242126, -14.1199092865, -5.77934980392, -7.55118083954, 2.16508674622, -7.64311075211, 1.18235623837, 0.357200145721, -4.26998090744, -5.93971204758],
        "cov": [[3481.11743164, 8.79928302765, -468.641815186, 200.568527222, -214.682144165, 235.093658447, -168.007736206, 134.1665802, -15.7165555954, 200.784576416, 48.3062210083, -81.770690918, -112.131462097], [8.79928302765, 534.820861816, 170.411209106, 45.8650512695, 141.16418457, 14.8255386353, 155.427337646, 43.4656791687, -38.045173645, -0.963199853897, 41.978351593, 8.60217952728, 41.0169181824], [-468.641815186, 170.411209106, 670.724060059, 256.607971191, 336.159759521, 150.10697937, 95.5039138794, 60.3902244568, -0.554696381092, -79.6823120117, -25.884021759, 69.5396499634, 53.007724762], [200.568527222, 45.8650512695, 256.607971191, 441.431915283, 304.995361328, 82.5695571899, -80.1311416626, 29.6603889465, 35.5584945679, -24.0557918549, -38.3362007141, 37.5585823059, 73.2729949951], [-214.682144165, 141.16418457, 336.159759521, 304.995361328, 504.126800537, 178.173156738, -7.0957326889, 46.5782737732, 67.360824585, -22.3826408386, -30.6382904053, 30.462480545, 59.407875061], [235.093658447, 14.8255386353, 150.10697937, 82.5695571899, 178.173156738, 282.772125244, 57.8574371338, 66.3103256226, 38.933631897, 23.0913410187, 18.9572963715, -15.2159881592, -36.5479316711], [-168.007736206, 155.427337646, 95.5039138794, -80.1311416626, -7.0957326889, 57.8574371338, 209.602905273, 60.4570732117, -45.1568908691, 3.96468114853, 30.9374675751, 10.69277668, 7.90650320053], [134.1665802, 43.4656791687, 60.3902244568, 29.6603889465, 46.5782737732, 66.3103256226, 60.4570732117, 119.954551697, 11.7569246292, 17.1308383942, 19.8223781586, -2.29618430138, 14.2168941498], [-15.7165555954, -38.045173645, -0.554696381092, 35.5584945679, 67.360824585, 38.933631897, -45.1568908691, 11.7569246292, 126.525108337, 24.7854804993, -8.18058395386, -1.76601004601, -17.777765274], [200.784576416, -0.963199853897, -79.6823120117, -24.0557918549, -22.3826408386, 23.0913410187, 3.96468114853, 17.1308383942, 24.7854804993, 117.835266113, 47.3357963562, -32.9874076843, -22.1235790253], [48.3062210083, 41.978351593, -25.884021759, -38.3362007141, -30.6382904053, 18.9572963715, 30.9374675751, 19.8223781586, -8.18058395386, 47.3357963562, 87.8046875, 11.9781112671, -10.7723636627], [-81.770690918, 8.60217952728, 69.5396499634, 37.5585823059, 30.462480545, -15.2159881592, 10.69277668, -2.29618430138, -1.76601004601, -32.9874076843, 11.9781112671, 103.790794373, 48.7545890808], [-112.131462097, 41.0169181824, 53.007724762, 73.2729949951, 59.407875061, -36.5479316711, 7.90650320053, 14.2168941498, -17.777765274, -22.1235790253, -10.7723636627, 48.7545890808, 109.469825745]],
        "icov": [[0.000852643803228, -0.000920737278648, 0.000796597974841, -0.0010453495197, 0.00131599837914, -0.0016872684937, 0.00161449878942, -0.00144794664811, 0.00114662188571, -0.00142477150075, 0.00149810407311, -0.00129020330496, 0.000946582760662], [-0.000920737278648, 0.00419167755172, -0.000947108317632, 0.000741428870242, -0.00278778024949, 0.0032812289428, -0.00454495288432, 0.00200301851146, -0.00119384669233, 0.0021099478472, -0.00376581354067, 0.0027771985624, -0.00124976877123], [0.000796597974841, -0.000947108317632, 0.00389840942807, -0.00213791197166, -7.97055472503e-05, -0.00180921237916, -0.000199139525648, -0.00153803196736, 0.00140437646769, 0.000143500074046, 0.00161238457076, -0.002367292298, 0.00183754961472], [-0.0010453495197, 0.000741428870242, -0.00213791197166, 0.00673263380304, -0.00348586635664, 0.00147570751142, 0.00152352068108, 0.000496872817166, -0.000475693261251, 0.000631615577731, -0.000524512899574, 0.000865301815793, -0.00299653946422], [0.00131599837914, -0.00278778024949, -7.97055472503e-05, -0.00348586635664, 0.00797917041928, -0.00549998227507, 0.00367926759645, -0.00161767355166, -0.000261302076979, -0.00229330500588, 0.00344209186733, -0.00170415174216, -0.000865912763402], [-0.0016872684937, 0.0032812289428, -0.00180921237916, 0.00147570751142, -0.00549998227507, 0.0106564173475, -0.00600270740688, 0.00103383942042, -0.00276552885771, 0.00271680369042, -0.00481845531613, 0.00337752373889, 0.00189394864719], [0.00161449878942, -0.00454495288432, -0.000199139525648, 0.00152352068108, 0.00367926759645, -0.00600270740688, 0.0146002350375, -0.00668530492112, 0.00524961855263, -0.00418927054852, 0.00426405668259, -0.00441517215222, 0.000638178025838], [-0.00144794664811, 0.00200301851146, -0.00153803196736, 0.000496872817166, -0.00161767355166, 0.00103383942042, -0.00668530492112, 0.0149213382974, -0.00442168815061, 0.00256720441394, -0.00526140443981, 0.00485383020714, -0.00493217678741], [0.00114662188571, -0.00119384669233, 0.00140437646769, -0.000475693261251, -0.000261302076979, -0.00276552885771, 0.00524961855263, -0.00442168815061, 0.0130781074986, -0.00556616857648, 0.00523347966373, -0.00494702812284, 0.00439099827781], [-0.00142477150075, 0.0021099478472, 0.000143500074046, 0.000631615577731, -0.00229330500588, 0.00271680369042, -0.00418927054852, 0.00256720441394, -0.00556616857648, 0.017655249685, -0.0118761900812, 0.00811124779284, -0.00273852120154], [0.00149810407311, -0.00376581354067, 0.00161238457076, -0.000524512899574, 0.00344209186733, -0.00481845531613, 0.00426405668259, -0.00526140443981, 0.00523347966373, -0.0118761900812, 0.0234149377793, -0.0102900639176, 0.00475129438564], [-0.00129020330496, 0.0027771985624, -0.002367292298, 0.000865301815793, -0.00170415174216, 0.00337752373889, -0.00441517215222, 0.00485383020714, -0.00494702812284, 0.00811124779284, -0.0102900639176, 0.018978914246, -0.00868343375623], [0.000946582760662, -0.00124976877123, 0.00183754961472, -0.00299653946422, -0.000865912763402, 0.00189394864719, 0.000638178025838, -0.00493217678741, 0.00439099827781, -0.00273852120154, 0.00475129438564, -0.00868343375623, 0.0178799685091]]
    },
    "spectral_contrast_coeffs": {
        "max": [-0.432783544064, -0.492412209511, -0.461402386427, -0.550859332085, -0.601061701775, -0.58810031414],
        "mean": [-0.701368689537, -0.758374273777, -0.727194309235, -0.756431937218, -0.75927734375, -0.749931156635],
        "min": [-0.966508805752, -0.977129817009, -0.973728179932, -0.974036991596, -0.958987593651, -0.962060272694],
        "stdev": [0.0693816244602, 0.0699236169457, 0.0874333307147, 0.0676736682653, 0.0509197153151, 0.0466646067798]
    },
    "spectral_contrast_valleys": {
        "max": [-5.41379737854, -5.15177345276, -5.83249568939, -5.91858959198, -5.84640312195, -9.28190422058],
        "mean": [-7.56678915024, -6.70973920822, -7.48859643936, -7.63785648346, -7.51996231079, -10.6621246338],
        "min": [-27.7241077423, -27.2024230957, -27.3655567169, -27.4165458679, -27.5361862183, -27.3924217224],
        "stdev": [1.30295658112, 0.98324996233, 1.0051330328, 1.00930547714, 1.00581181049, 0.77511537075]
    }
},
"rhythm": {
    "beats_count": 119,
    "beats_loudness": {
        "max": 0.093732483685,
        "mean": 0.0254308599979,
        "min": 0.000770658720285,
        "stdev": 0.015745703131
    },
    "bpm": 140.630447388,
    "bpm_histogram_first_peak_bpm": 140,
    "bpm_histogram_first_peak_weight": 0.378640830517,
    "bpm_histogram_second_peak_bpm": 126,
    "bpm_histogram_second_peak_spread": 0.444444477558,
    "bpm_histogram_second_peak_weight": 0.0423728823662,
    "danceability": 0.953204214573,
    "onset_rate": 2.80153822899,
    "beats_loudness_band_ratio": {
        "max": [0.85050457716, 0.441119670868, 0.906308412552, 0.732692778111, 0.524668633938, 0.223619446158],
        "mean": [0.315565407276, 0.126483350992, 0.259814113379, 0.183187648654, 0.134026661515, 0.051187813282],
        "min": [9.48458473431e-05, 0.00446546822786, 0.0179421473294, 0.00646996125579, 0.00485040433705, 0.00491145299748],
        "stdev": [0.243650361896, 0.0913184806705, 0.201422601938, 0.167492732406, 0.111171722412, 0.0370901934803]
    },
