{
"metadata": {
    "version": {
        "essentia": "2.1-beta5",
        "essentia_git_sha": "Undefined",
        "extractor": "music 2.0"
    },
    "audio_properties": {
        "analysis": {
            "equal_loudness": 0,
            "length": 48.7502937317,
            "sample_rate": 44100,
            "start_time": 93.9943771362,
            "downmix": "mix"
        },
        "bit_rate": 192000,
        "length": 178.480194092,
        "lossless": 0,
        "number_channels": 1,
        "replay_gain": -7.66607666016,
        "sample_rate": 48000,
        "codec": "mp3",
        "md5_encoded": "067abf2b8807b2682f7cbe7d069914b6"
    },
    "tags": {
        "file_name": "France_Européennes_Cocktail Chic.mp3",
        "encoding": ["Lavf58.29.100"]
    }
},
"lowlevel": {
    "average_loudness": 0.952491104603,
    "barkbands_crest": {
        "max": 22.8148365021,
        "mean": 10.2213029861,
        "min": 3.36275482178,
        "stdev": 3.91515684128
    },
    "barkbands_flatness_db": {
        "max": 0.287207275629,
        "mean": 0.163955062628,
        "min": 0.0782168656588,
        "stdev": 0.0332048460841
    },
    "barkbands_kurtosis": {
        "max": 69.4399795532,
        "mean": 5.67507171631,
        "min": -1.38461244106,
        "stdev": 6.04483222961
    },
    "barkbands_skewness": {
        "max": 6.77774572372,
        "mean": 1.66740584373,
        "min": -0.927914321423,
        "stdev": 0.969993233681
    },
    "barkbands_spread": {
        "max": 40.8985290527,
        "mean": 10.724032402,
        "min": 1.46492815018,
        "stdev": 4.59096622467
    },
    "dissonance": {
        "max": 0.499999880791,
        "mean": 0.441823512316,
        "min": 0.193192094564,
        "stdev": 0.0360529124737
    },
    "dynamic_complexity": 2.94311714172,
    "erbbands_crest": {
        "max": 28.9803447723,
        "mean": 11.3818788528,
        "min": 3.52094888687,
        "stdev": 4.48567295074
    },
    "erbbands_flatness_db": {
        "max": 0.335815906525,
        "mean": 0.202487826347,
        "min": 0.110366724432,
        "stdev": 0.0371903032064
    },
    "erbbands_kurtosis": {
        "max": 39.8300132751,
        "mean": 2.55434465408,
        "min": -1.31617963314,
        "stdev": 3.19021463394
    },
    "erbbands_skewness": {
        "max": 5.44223594666,
        "mean": 1.05712115765,
        "min": -1.14689135551,
        "stdev": 0.726078510284
    },
    "erbbands_spread": {
        "max": 80.64793396,
        "mean": 20.5809173584,
        "min": 2.4824898243,
        "stdev": 9.40142440796
    },
    "hfc": {
        "max": 124.370269775,
        "mean": 16.0952548981,
        "min": 0.485452622175,
        "stdev": 14.4737510681
    },
    "loudness_ebu128": {
        "integrated": -20.2246227264,
        "loudness_range": 3.03558158875,
        "momentary": {
            "max": -16.1971702576,
            "mean": -20.9497661591,
            "min": -27.8826370239,
            "stdev": 2.67826294899
        },
        "short_term": {
            "max": -18.4453487396,
            "mean": -20.3346481323,
            "min": -22.8949184418,
            "stdev": 0.991825282574
        }
    },
    "melbands_crest": {
        "max": 28.1748447418,
        "mean": 12.2456302643,
        "min": 4.2930059433,
        "stdev": 4.31149101257
    },
    "melbands_flatness_db": {
        "max": 0.341811090708,
        "mean": 0.213397487998,
        "min": 0.0961553752422,
        "stdev": 0.0347839444876
    },
    "melbands_kurtosis": {
        "max": 94.8062438965,
        "mean": 8.17322444916,
        "min": -1.42610538006,
        "stdev": 9.93470096588
    },
    "melbands_skewness": {
        "max": 6.96699380875,
        "mean": 1.74131345749,
        "min": -0.868022680283,
        "stdev": 1.16230642796
    },
    "melbands_spread": {
        "max": 59.6082725525,
        "mean": 14.0840711594,
        "min": 1.58010542393,
        "stdev": 6.40424966812
    },
    "pitch_salience": {
        "max": 0.850893616676,
        "mean": 0.591952204704,
        "min": 0.246567070484,
        "stdev": 0.0942603796721
    },
    "silence_rate_20dB": {
        "max": 1,
        "mean": 1,
        "min": 1,
        "stdev": 0
    },
    "silence_rate_30dB": {
        "max": 1,
        "mean": 0.99857211113,
        "min": 0,
        "stdev": 0.0377616398036
    },
    "silence_rate_60dB": {
        "max": 1,
        "mean": 0.0280818659812,
        "min": 0,
        "stdev": 0.165208414197
    },
    "spectral_centroid": {
        "max": 3052.90600586,
        "mean": 908.348388672,
        "min": 412.746154785,
        "stdev": 244.179977417
    },
    "spectral_complexity": {
        "max": 40,
        "mean": 15.6482629776,
        "min": 0,
        "stdev": 4.81217765808
    },
    "spectral_decrease": {
        "max": -9.92303808567e-11,
        "mean": -5.37978905868e-09,
        "min": -2.95679711826e-08,
        "stdev": 4.58902071898e-09
    },
    "spectral_energy": {
        "max": 0.117928110063,
        "mean": 0.0217645075172,
        "min": 0.000418550189352,
        "stdev": 0.0185308549553
    },
    "spectral_energyband_high": {
        "max": 0.00283192656934,
        "mean": 0.000257390347542,
        "min": 4.71379416922e-06,
        "stdev": 0.000244883296546
    },
    "spectral_energyband_low": {
        "max": 0.0170533265918,
        "mean": 0.000641192717012,
        "min": 3.66175936506e-06,
        "stdev": 0.0014180294238
    },
    "spectral_energyband_middle_high": {
        "max": 0.081774443388,
        "mean": 0.00524237146601,
        "min": 0.000135604699608,
        "stdev": 0.00678840233013
    },
    "spectral_energyband_middle_low": {
        "max": 0.10892868042,
        "mean": 0.0159832201898,
        "min": 0.000187099823961,
        "stdev": 0.0154540017247
    },
    "spectral_entropy": {
        "max": 8.15848064423,
        "mean": 7.24256849289,
        "min": 6.19774103165,
        "stdev": 0.26175647974
    },
    "spectral_flux": {
        "max": 0.291284948587,
        "mean": 0.0788540318608,
        "min": 0.0196909885854,
        "stdev": 0.0404324010015
    },
    "spectral_kurtosis": {
        "max": 17.5324668884,
        "mean": 6.93028402328,
        "min": 0.35213804245,
        "stdev": 2.47701478004
    },
    "spectral_rms": {
        "max": 0.0107262209058,
        "mean": 0.00423713773489,
        "min": 0.000639016157947,
        "stdev": 0.00181116280146
    },
    "spectral_rolloff": {
        "max": 5447.90039062,
        "mean": 1057.90966797,
        "min": 215.33203125,
        "stdev": 413.760955811
    },
    "spectral_skewness": {
        "max": 3.3674788475,
        "mean": 2.16265821457,
        "min": 0.771405160427,
        "stdev": 0.38175201416
    },
    "spectral_spread": {
        "max": 8765313,
        "mean": 4366525.5,
        "min": 2530099.5,
        "stdev": 855455.375
    },
    "spectral_strongpeak": {
        "max": 10.9717721939,
        "mean": 1.51411211491,
        "min": 0.0183111336082,
        "stdev": 1.26332187653
    },
    "zerocrossingrate": {
        "max": 0.1328125,
        "mean": 0.0498239770532,
        "min": 0.01318359375,
        "stdev": 0.0126430103555
    },
    "barkbands": {
        "max": [0.000247873802437, 0.00342592177913, 0.0105937793851, 0.0245150178671, 0.0312091745436, 0.0640612244606, 0.0583532676101, 0.0622769147158, 0.082487732172, 0.0454489141703, 0.0169537104666, 0.0104835312814, 0.0456846244633, 0.042310655117, 0.0341942459345, 0.00907381717116, 0.00295657524839, 0.000347331544617, 0.000469336693641, 0.000727880105842, 0.00158081634436, 0.000688795465976, 0.000341365928762, 0.000295355479466, 0.000149910221808, 3.24356296915e-05, 1.47362186453e-06],
        "mean": [4.68180678581e-06, 0.000129314008518, 0.00030380996759, 0.000824584858492, 0.00185355497524, 0.00236346828751, 0.00351697579026, 0.00262209260836, 0.00440868875012, 0.00139948062133, 0.00116935186088, 0.000424166908488, 0.000767606368754, 0.000843773013912, 0.000382619415177, 0.000296139420243, 0.000131844426505, 1.14330741781e-05, 3.25019282172e-05, 6.98998410371e-05, 0.00013081873476, 2.11072692764e-05, 1.21390939967e-05, 1.5137590708e-05, 1.34033707582e-05, 1.5884241293e-05, 7.20166504209e-09],
        "min": [3.67362718023e-09, 2.69511190254e-07, 1.07439831254e-07, 3.35426079801e-07, 1.7363090592e-05, 5.76790171181e-06, 1.63595068443e-05, 8.33510966913e-06, 1.25987153297e-05, 6.16175111645e-06, 3.22448886436e-06, 3.89439992432e-06, 3.82547887057e-06, 5.74214118387e-06, 3.6476153582e-06, 3.40663996212e-06, 3.3491812701e-07, 9.87196813185e-09, 6.74615250773e-07, 9.33301237183e-07, 1.44747673403e-06, 2.82893410031e-07, 2.13572448615e-07, 3.61470597454e-07, 4.30025437481e-07, 4.31359012509e-07, 5.9501209515e-11],
        "stdev": [1.13790747491e-05, 0.000356892269338, 0.000847395916935, 0.00197770586237, 0.0029169744812, 0.00378177990206, 0.00542851677164, 0.00585798406973, 0.00907722860575, 0.00294272857718, 0.0016682355199, 0.00075704959454, 0.0022352009546, 0.00228803814389, 0.00135857972782, 0.000516050611623, 0.000239071523538, 2.24991035793e-05, 4.24544086854e-05, 7.53178537707e-05, 0.000161373478477, 3.70363195543e-05, 1.7027314243e-05, 1.64335178852e-05, 8.30341832625e-06, 3.55484894499e-06, 3.26261293537e-08]
    },
    "erbbands": {
        "max": [0.0526287406683, 1.00241148472, 9.41854286194, 40.4040870667, 147.858123779, 123.584373474, 150.865753174, 650.344421387, 645.584106445, 1005.15844727, 1709.33874512, 2139.59960938, 1626.22229004, 1095.77270508, 673.312255859, 418.343383789, 2165.37158203, 1129.45349121, 2398.04663086, 295.297912598, 617.80871582, 161.012634277, 25.8951339722, 15.3232803345, 24.4433269501, 47.0072555542, 97.6805648804, 37.9359054565, 24.7263774872, 5.27104854584, 10.5377445221, 7.89463281631, 2.89861392975, 0.767259716988, 1.78512394428, 0.303773880005, 0.0685964524746, 0.00357259903103, 0.000232177975704, 0.000136011120048],
        "mean": [0.00189164176118, 0.0398324541748, 0.293071359396, 1.40766441822, 5.36114025116, 5.86497688293, 9.99829769135, 22.2628479004, 41.444683075, 68.7181854248, 55.4603118896, 92.5750579834, 64.542175293, 44.1867904663, 45.5264549255, 18.8877658844, 36.3075408936, 37.7700805664, 33.7424736023, 17.4168376923, 14.053404808, 7.69070529938, 1.40241932869, 0.827144622803, 2.05086302757, 3.34669756889, 6.86247301102, 3.05977010727, 0.913959264755, 0.232187926769, 0.413791269064, 0.385352492332, 0.200062811375, 0.127215400338, 0.110176488757, 0.075319558382, 0.0321641266346, 0.00160457729362, 4.47783313575e-05, 2.73651858151e-05],
        "min": [1.21686998682e-05, 7.0771209721e-05, 0.000361411541235, 0.00242892326787, 0.00924425106496, 0.0452875196934, 0.0462132841349, 0.0662096962333, 0.211329907179, 0.340357661247, 0.173151373863, 0.296414762735, 0.402619093657, 0.705156564713, 0.392447799444, 0.476908743382, 0.307472348213, 0.344886422157, 0.289295196533, 0.484694242477, 0.293204247952, 0.0740147233009, 0.014899879694, 0.0329619459808, 0.0540250129998, 0.0407770574093, 0.11406288296, 0.0652508363128, 0.013090015389, 0.00660035712644, 0.00694994162768, 0.00779155641794, 0.00540689565241, 0.00424069119617, 0.00327283400111, 0.00199670041911, 0.00088156684069, 5.71536584175e-05, 1.76961350462e-06, 6.15478256805e-07],
        "stdev": [0.00470941048115, 0.110094256699, 0.813878297806, 3.07973361015, 12.6204433441, 8.73910331726, 15.0745077133, 35.8276405334, 66.3842926025, 110.73387146, 120.820571899, 187.910202026, 150.419052124, 79.4580688477, 59.1535415649, 29.650976181, 97.5282440186, 90.3385620117, 115.427726746, 21.9912376404, 30.8269615173, 13.0103416443, 2.0586707592, 1.18622410297, 2.37204813957, 3.47983407974, 8.6726474762, 3.84222221375, 1.54753470421, 0.249992758036, 0.623362779617, 0.539971351624, 0.134817093611, 0.0508135221899, 0.0886763334274, 0.021295722574, 0.00779130263254, 0.000442153279437, 1.26857066789e-05, 2.15087584365e-05]
    },
    "gfcc": {
        "mean": [-22.6285762787, 86.9135360718, -130.438796997, -19.0609741211, -81.6422805786, 2.60562133789, -48.4513587952, -1.01486623287, -35.062297821, 17.3702220917, -31.7125778198, -4.57151794434, -4.97270154953],
        "cov": [[1125.20532227, 331.824768066, -218.458312988, 148.436508179, 33.8344421387, -68.5226974487, 158.816101074, -46.492275238, 95.0784759521, -29.8381500244, -42.5653648376, -150.376449585, -9.73376083374], [331.824768066, 271.083557129, 107.616416931, 97.6536102295, 54.1647567749, -8.26745033264, 53.7902832031, -10.750582695, 24.5232429504, -28.3969650269, -32.0825691223, -62.4011039734, -20.2100658417], [-218.458312988, 107.616416931, 425.125640869, 214.83026123, 34.0841560364, 51.2922973633, -48.9884185791, -18.2984809875, -38.2246932983, -49.7939872742, -35.1878738403, 26.6866989136, -43.6816215515], [148.436508179, 97.6536102295, 214.83026123, 330.646850586, 82.7880249023, 19.0080432892, 2.49994039536, -31.7640476227, -5.9441781044, -56.5526504517, -53.7219047546, -7.00774621964, -37.1267127991], [33.8344421387, 54.1647567749, 34.0841560364, 82.7880249023, 154.70690918, 103.115135193, 26.7670097351, -1.76592314243, -28.8254108429, -19.8208656311, -22.7991199493, -3.93739128113, -11.603978157], [-68.5226974487, -8.26745033264, 51.2922973633, 19.0080432892, 103.115135193, 219.217956543, 76.253868103, -30.8049697876, -72.7588882446, -18.1380348206, -23.6902580261, -12.3302001953, -5.01543092728], [158.816101074, 53.7902832031, -48.9884185791, 2.49994039536, 26.7670097351, 76.253868103, 132.59942627, 14.3882379532, -12.9318275452, -5.57663631439, -14.3599224091, -35.3259315491, 7.67323970795], [-46.492275238, -10.750582695, -18.2984809875, -31.7640476227, -1.76592314243, -30.8049697876, 14.3882379532, 96.4543228149, 54.337020874, 0.752080500126, 8.20864009857, 22.9394569397, 8.9292755127], [95.0784759521, 24.5232429504, -38.2246932983, -5.9441781044, -28.8254108429, -72.7588882446, -12.9318275452, 54.337020874, 106.141967773, 27.9446811676, 5.6005616188, -4.46255922318, 3.28154301643], [-29.8381500244, -28.3969650269, -49.7939872742, -56.5526504517, -19.8208656311, -18.1380348206, -5.57663631439, 0.752080500126, 27.9446811676, 85.722038269, 57.5901908875, 3.90470004082, 4.65067052841], [-42.5653648376, -32.0825691223, -35.1878738403, -53.7219047546, -22.7991199493, -23.6902580261, -14.3599224091, 8.20864009857, 5.6005616188, 57.5901908875, 90.739364624, 40.3785057068, 2.75217676163], [-150.376449585, -62.4011039734, 26.6866989136, -7.00774621964, -3.93739128113, -12.3302001953, -35.3259315491, 22.9394569397, -4.46255922318, 3.90470004082, 40.3785057068, 91.3548278809, 28.0200977325], [-9.73376083374, -20.2100658417, -43.6816215515, -37.1267127991, -11.603978157, -5.01543092728, 7.67323970795, 8.9292755127, 3.28154301643, 4.65067052841, 2.75217676163, 28.0200977325, 61.768157959]],
        "icov": [[0.00673704920337, -0.0087309665978, 0.00833615567535, -0.00617515621707, 0.00369535922073, -0.00174954428803, -0.00176077429205, 0.0042761922814, -0.00494196126238, 0.00487337866798, -0.00413948623464, 0.00182939961087, -0.000208584751817], [-0.0087309665978, 0.0282595548779, -0.0222542285919, 0.0151447113603, -0.0209293067455, 0.0156614426523, -0.0136518292129, 0.010001222603, -0.00883893761784, 0.00836603343487, -0.00707738520578, 0.0100676938891, -0.00558655615896], [0.00833615567535, -0.0222542285919, 0.0233980175108, -0.0166486296803, 0.0186891835183, -0.0144025655463, 0.0122054256499, -0.00869361031801, 0.00694053107873, -0.00515509024262, 0.00474753789604, -0.00711053935811, 0.00568762933835], [-0.00617515621707, 0.0151447113603, -0.0166486296803, 0.0172879155725, -0.0160847324878, 0.0116480207071, -0.0102471336722, 0.0101079735905, -0.00709665566683, 0.00491232192144, -4.17165574618e-05, 0.00012089554366, 0.000289582996629], [0.00369535922073, -0.0209293067455, 0.0186891835183, -0.0160847324878, 0.0315566211939, -0.0219588708133, 0.0188254900277, -0.0193181205541, 0.0154399489984, -0.013408399187, 0.0106141977012, -0.00956522580236, 0.00593799119815], [-0.00174954428803, 0.0156614426523, -0.0144025655463, 0.0116480207071, -0.0219588708133, 0.0243319701403, -0.0205581486225, 0.016590224579, -0.00856691412628, 0.00873067136854, -0.00528784561902, 0.00554939126596, -0.00281348405406], [-0.00176077429205, -0.0136518292129, 0.0122054256499, -0.0102471336722, 0.0188254900277, -0.0205581486225, 0.0327384024858, -0.0263211838901, 0.0204559098929, -0.0149247776717, 0.0087803574279, -0.00139396463055, -0.000388446787838], [0.0042761922814, 0.010001222603, -0.00869361031801, 0.0101079735905, -0.0193181205541, 0.016590224579, -0.0263211838901, 0.0438862740993, -0.0336893461645, 0.0239108521491, -0.0142096113414, 0.00147593696602, -0.00152970664203], [-0.00494196126238, -0.00883893761784, 0.00694053107873, -0.00709665566683, 0.0154399489984, -0.00856691412628, 0.0204559098929, -0.0336893461645, 0.0421887524426, -0.0290408469737, 0.0201000813395, -0.00768749555573, 0.00404279166833], [0.00487337866798, 0.00836603343487, -0.00515509024262, 0.00491232192144, -0.013408399187, 0.00873067136854, -0.0149247776717, 0.0239108521491, -0.0290408469737, 0.0476742461324, -0.0366643927991, 0.0203334931284, -0.0102372467518], [-0.00413948623464, -0.00707738520578, 0.00474753789604, -4.17165574618e-05, 0.0106141977012, -0.00528784561902, 0.0087803574279, -0.0142096113414, 0.0201000813395, -0.0366643927991, 0.0469893738627, -0.0294070597738, 0.015831431374], [0.00182939961087, 0.0100676938891, -0.00711053935811, 0.00012089554366, -0.00956522580236, 0.00554939126596, -0.00139396463055, 0.00147593696602, -0.00768749555573, 0.0203334931284, -0.0294070597738, 0.0405293218791, -0.0209577288479], [-0.000208584751817, -0.00558655615896, 0.00568762933835, 0.000289582996629, 0.00593799119815, -0.00281348405406, -0.000388446787838, -0.00152970664203, 0.00404279166833, -0.0102372467518, 0.015831431374, -0.0209577288479, 0.0290393102914]]
    },
    "melbands": {
        "max": [0.000747365644202, 0.00361305382103, 0.0111413896084, 0.00790300033987, 0.00400366773829, 0.0141371423379, 0.0109036425129, 0.00945955701172, 0.0151718342677, 0.0123386513442, 0.00809928588569, 0.00540038384497, 0.00244413665496, 0.00158246641513, 0.0041784257628, 0.00320687307976, 0.00274750334211, 0.00438124779612, 0.000946970481891, 0.000324820488458, 0.000764303666074, 0.000227184733376, 5.56976337975e-05, 6.30900740362e-06, 1.42134495036e-05, 2.1502670279e-05, 2.3661474188e-05, 3.38585887221e-05, 9.37961158343e-05, 3.09436873067e-05, 2.46873805736e-05, 2.13213807001e-05, 3.63325762009e-06, 3.8177481656e-06, 7.34544391889e-06, 5.60071612199e-06, 5.78017943553e-06, 2.6433003768e-06, 4.74085112501e-07, 8.59588396906e-07],
        "mean": [2.67339837592e-05, 0.000122248849948, 0.000388923974242, 0.000403474143241, 0.000336802157108, 0.000505886098836, 0.000648338464089, 0.000739264709409, 0.000479783804622, 0.000595810241066, 0.000313718017424, 0.000174802436959, 0.000176535875653, 5.38627609785e-05, 7.04074482201e-05, 7.19604067854e-05, 6.97089199093e-05, 6.16480392637e-05, 2.41211891989e-05, 2.0991472411e-05, 1.51301874212e-05, 8.73546832736e-06, 2.93168091048e-06, 2.64241350578e-07, 6.0186164319e-07, 1.56149189934e-06, 1.4736955336e-06, 2.25225971917e-06, 4.67059635412e-06, 2.96109669762e-06, 1.42296732975e-06, 6.0630122789e-07, 1.46364868669e-07, 1.13080318442e-07, 2.35132489479e-07, 2.52189693128e-07, 2.25434007461e-07, 1.46654201671e-07, 1.04343108376e-07, 1.06967867453e-07],
        "min": [1.27841133235e-07, 2.27140930065e-07, 7.91166257841e-07, 2.47617890636e-06, 2.32923389376e-06, 1.48869207806e-06, 3.2556736187e-06, 2.34964591073e-06, 9.44732278185e-07, 1.69209465639e-06, 1.39284236411e-06, 1.60916806635e-06, 7.90571959897e-07, 4.12573228914e-07, 2.73179807664e-07, 5.18964441198e-07, 5.40808457572e-07, 1.18462878618e-07, 4.51982998584e-07, 5.47003139673e-07, 4.58719320306e-08, 2.70119855372e-08, 8.73027783399e-09, 7.67906016552e-10, 2.34400632237e-09, 2.71116160633e-08, 3.68982888688e-08, 1.40441667185e-08, 4.11925640265e-08, 2.79367284861e-08, 3.30188676401e-08, 6.88182266728e-09, 8.5219115098e-10, 3.43498007815e-09, 5.0478248248e-09, 2.20793872074e-09, 5.91719073739e-09, 4.62588589656e-09, 1.88569648785e-09, 4.15939060971e-09],
        "stdev": [7.04010089976e-05, 0.000319506769301, 0.000893917109352, 0.000712771376129, 0.000465712771984, 0.000788494769949, 0.00101774942596, 0.00123454071581, 0.00105619162787, 0.00122898549307, 0.000761080766097, 0.000351993920049, 0.0002452241024, 9.94038346107e-05, 0.00018969757366, 0.000180342743988, 0.000177933412488, 0.000223560768063, 4.95439817314e-05, 2.79754840449e-05, 3.74397423002e-05, 1.71629108081e-05, 4.68898724648e-06, 4.83484541292e-07, 1.02657975276e-06, 2.11061069422e-06, 1.74457250068e-06, 2.44935790761e-06, 6.19966840532e-06, 3.82316329706e-06, 2.02961473406e-06, 1.1628512766e-06, 2.30369764154e-07, 1.22281377912e-07, 3.68269354567e-07, 3.71898863705e-07, 3.15519997685e-07, 1.1480028661e-07, 3.45077921793e-08, 4.90440577039e-08]
    },
    "melbands128": {
        "max": [0.000124066937133, 0.000280964333797, 0.00110518396832, 0.00192557577975, 0.0045346962288, 0.00539117213339, 0.00572563242167, 0.0176020041108, 0.0189227890223, 0.00914940331131, 0.00896728597581, 0.00661267805845, 0.00640152953565, 0.0130671178922, 0.0115708578378, 0.0281058643013, 0.0113257654011, 0.0192241854966, 0.0167828928679, 0.0169066358358, 0.0174003690481, 0.0205455180258, 0.0284154564142, 0.0209121424705, 0.0223988108337, 0.0170475710183, 0.0240840930492, 0.0105578778312, 0.0122644547373, 0.0110275223851, 0.00620757555589, 0.00411713449284, 0.00398978590965, 0.00269576068968, 0.00261296960525, 0.00294945435598, 0.00106893270276, 0.00321539747529, 0.011044960469, 0.00462774233893, 0.00343310460448, 0.00638044672087, 0.00268829241395, 0.00513097224757, 0.00775532750413, 0.0080041475594, 0.00340203102678, 0.00111627904698, 0.000883362314198, 0.000661545433104, 0.000479842943605, 0.000863341847435, 0.00199484103359, 0.000540279026609, 0.000601756444667, 0.000488053512527, 0.000153212007717, 0.000132041008328, 5.19722852914e-05, 2.24334635277e-05, 8.48720901558e-06, 3.96019186155e-06, 6.17902060185e-06, 1.67298931046e-05, 6.41548031126e-05, 4.0633509343e-05, 3.44472537108e-05, 3.27648122038e-05, 3.65801461157e-05, 4.69539190817e-05, 6.20325299678e-05, 2.93835182674e-05, 7.3384740972e-05, 0.00017955317162, 8.80749503267e-05, 4.85065611429e-05, 3.23593849316e-05, 2.24794475798e-05, 3.06407418975e-05, 4.96259453939e-05, 3.50356858689e-05, 1.17533654702e-05, 5.38327776667e-06, 5.14043358635e-06, 5.00671922055e-06, 1.99080250241e-06, 5.78910112381e-06, 7.20740263205e-06, 1.05494955278e-05, 9.01899511518e-06, 7.17078000889e-06, 6.45334557703e-06, 9.8351674751e-06, 6.9417415034e-06, 6.1324572016e-06, 4.24002564614e-06, 1.58510772508e-06, 8.42823681069e-07, 6.27485633231e-07, 3.31902612061e-07, 5.40159419415e-07, 7.38672099487e-07, 2.22004337047e-06, 2.62066669166e-06, 3.66296490029e-06, 2.59004650616e-06, 1.19062565318e-06, 4.68686465638e-07, 4.18542185798e-07, 4.54073784795e-07, 3.41636678058e-07, 3.50651589542e-07, 3.09023192813e-07, 3.56769419341e-07, 7.45834398685e-08, 1.2599669752e-08, 9.52728118619e-09, 7.86860532287e-09, 7.05338631946e-09, 6.49508580253e-09, 6.10197048445e-09, 5.76622349868e-09, 5.50547474276e-09, 5.32170263412e-09, 5.17199572059e-09, 5.0422972464e-09, 4.95789409527e-09, 4.90602758418e-09],
        "mean": [2.25328562919e-06, 7.70274527895e-06, 3.35520780936e-05, 6.90147426212e-05, 0.000122792029288, 0.00015630722919, 0.000194435153389, 0.000531651894562, 0.000600003288127, 0.000368035631254, 0.000310302595608, 0.000283906527329, 0.000273156590993, 0.000506181677338, 0.000471564504551, 0.00052248116117, 0.000630394089967, 0.000683506834321, 0.000590574229136, 0.000935934076551, 0.000722159165889, 0.000462858413812, 0.000305880937958, 0.000685765815433, 0.000671911868267, 0.000508340541273, 0.000595766003244, 0.000205419244594, 0.000184102624189, 0.000225339375902, 0.000129008782096, 0.000152099368279, 0.000278487219475, 9.5259223599e-05, 6.90332017257e-05, 4.31392691098e-05, 2.52128993452e-05, 5.7573291997e-05, 0.000118942734844, 8.32029109006e-05, 3.64488732885e-05, 9.73544229055e-05, 6.68771608616e-05, 5.18856031704e-05, 8.89282964636e-05, 6.24762033112e-05, 3.72146278096e-05, 1.90468672372e-05, 1.72969848791e-05, 3.12389347528e-05, 1.71945848706e-05, 1.71049268829e-05, 2.09456466109e-05, 1.16107275971e-05, 8.30917906569e-06, 1.10770088213e-05, 6.16287161392e-06, 4.31103990195e-06, 1.54302506417e-06, 4.29283403491e-07, 2.17226258314e-07, 1.05031126907e-07, 1.54915639428e-07, 6.24307631369e-07, 1.55540089963e-06, 1.71200076693e-06, 1.53088569732e-06, 1.3349439314e-06, 1.35528421197e-06, 1.74720912582e-06, 2.14715987568e-06, 2.25515077545e-06, 3.8373609641e-06, 5.82269740335e-06, 4.89573994855e-06, 3.04637978843e-06, 2.20758852265e-06, 1.67883661106e-06, 1.34342622005e-06, 1.19646199437e-06, 6.73199053836e-07, 4.18088831111e-07, 2.19269352897e-07, 1.18164543039e-07, 8.20027494797e-08, 8.14952585415e-08, 1.2886872014e-07, 1.6214583809e-07, 2.51314475008e-07, 2.9047504313e-07, 2.27820663667e-07, 2.39952925085e-07, 2.93715970656e-07, 2.39544050373e-07, 1.7369538341e-07, 1.64399523328e-07, 1.46436676118e-07, 1.16291950292e-07, 1.00381178925e-07, 9.90059376704e-08, 1.02270220737e-07, 1.05092404112e-07, 1.16160727259e-07, 1.22969524341e-07, 1.30700470891e-07, 1.28091187435e-07, 1.21651979157e-07, 1.1802032418e-07, 1.24515878497e-07, 1.61363288953e-07, 1.25772075421e-07, 1.18015698547e-07, 1.17848443892e-07, 1.03614958391e-07, 1.64255080648e-08, 1.11366615929e-09, 2.55141741068e-10, 7.61583764802e-12, 6.97535605665e-12, 6.61475691929e-12, 6.33187946519e-12, 6.09943562671e-12, 5.92226528234e-12, 5.76671002617e-12, 5.56918833966e-12, 5.33271820799e-12, 5.19189509093e-12, 5.14084348008e-12],
        "min": [5.67021429809e-10, 6.35043351238e-09, 4.72531880291e-08, 6.21046547522e-09, 3.76360276277e-08, 4.98308452279e-08, 7.6837025631e-09, 1.60830097684e-07, 1.07329285015e-07, 5.1443294069e-07, 2.74795354471e-07, 9.31513909563e-07, 6.72582302741e-07, 2.86173275299e-07, 9.17848751669e-07, 6.77172096175e-08, 4.61503447013e-07, 5.13676923219e-07, 3.77344179014e-07, 1.78102220616e-06, 3.49998714455e-07, 3.68024529962e-07, 2.06261915991e-07, 9.10309552182e-07, 3.9238719296e-07, 8.92391142315e-07, 2.94731108852e-07, 5.49421997675e-07, 2.30614858765e-07, 1.91047703879e-07, 5.64033157957e-08, 3.06776769321e-07, 2.10715896287e-07, 3.2828435792e-07, 1.04242090515e-07, 4.71713015315e-08, 1.08477863137e-07, 7.40161922863e-08, 1.37842803838e-07, 6.76240574649e-08, 3.68073820312e-08, 1.40601258636e-07, 1.22554453696e-07, 4.4046231551e-08, 1.00530705538e-07, 1.47339713763e-08, 3.71599817584e-08, 3.15953414542e-08, 1.20522727798e-07, 1.39798544296e-07, 5.96666112074e-08, 2.58559449406e-08, 1.62582427521e-08, 4.51362636156e-09, 1.07666533466e-08, 7.96174681739e-09, 2.09663708617e-09, 7.80572384507e-10, 2.28386295986e-10, 1.64675495462e-10, 3.62490815142e-10, 2.77453393593e-10, 3.61846219654e-10, 8.52042603139e-10, 3.96924981771e-09, 5.98318372624e-09, 6.11245409843e-09, 4.6919370611e-09, 7.03041758143e-09, 1.39215838857e-08, 7.54041007411e-09, 1.48288137325e-08, 5.92061910609e-09, 4.90005014342e-09, 7.72284014516e-09, 2.50286413817e-09, 3.76967257409e-09, 3.68675001639e-09, 3.23215521014e-09, 1.33773960798e-08, 2.54500398533e-09, 1.82271989169e-10, 7.67636440524e-11, 4.96528998473e-11, 2.66640626245e-10, 1.59899349317e-09, 7.79327880007e-10, 6.18006978925e-09, 7.50964446183e-09, 1.891904855e-09, 1.79787129628e-09, 2.33718266962e-09, 2.40130182405e-09, 8.6329619009e-09, 6.08868555574e-09, 3.9656531392e-09, 6.45445652481e-09, 1.21450027812e-09, 1.8984220862e-09, 1.21232479611e-09, 4.3967389729e-09, 3.14568127102e-09, 5.74707126333e-09, 7.15947789942e-09, 2.35690444939e-09, 2.37752173504e-09, 3.39240724401e-09, 1.31422861482e-09, 2.34594343951e-09, 6.96641899722e-09, 4.26014246102e-09, 1.73138414716e-09, 1.84608295317e-09, 5.37213784568e-09, 4.66267913168e-10, 3.70002233062e-13, 2.39763693925e-13, 1.86663361092e-13, 1.49208146923e-13, 1.50730935979e-13, 1.71005015161e-13, 1.46450410935e-13, 1.74164109241e-13, 1.51764804066e-13, 1.14531702265e-13, 4.2012658001e-14, 5.25381037029e-15, 1.9863176723e-16],
        "stdev": [4.86197086502e-06, 1.87095756701e-05, 9.76124574663e-05, 0.00020455950289, 0.000390171306208, 0.000419535615947, 0.000432112195995, 0.00132839987054, 0.0015441380674, 0.000754586304538, 0.000522215501405, 0.000444041914307, 0.000493544328492, 0.00100733130239, 0.000829634082038, 0.00130059197545, 0.00113025144674, 0.0015671113506, 0.00117328297347, 0.00185392017011, 0.00170001096558, 0.0016524544917, 0.00110681250226, 0.00180849281605, 0.00169439939782, 0.00153479201254, 0.00200111162849, 0.000628077308647, 0.000601325067692, 0.000611135794315, 0.000323854212184, 0.000291720993118, 0.000438531016698, 0.000172441708855, 0.000163108183187, 0.000119186843222, 5.85352790949e-05, 0.000164814293385, 0.000473601685371, 0.000233461512835, 0.000140465970617, 0.000310823292239, 0.000199879825232, 0.000241651403485, 0.000364996230928, 0.000339609017828, 0.000146097736433, 5.63400426472e-05, 3.49873116647e-05, 4.82324576296e-05, 2.90866337309e-05, 4.91471328132e-05, 8.30867065815e-05, 2.96976795653e-05, 2.57187803072e-05, 3.03353281197e-05, 1.1635210285e-05, 8.28508200357e-06, 3.43683655046e-06, 1.17740614769e-06, 5.09013943883e-07, 2.21227054453e-07, 3.17475723932e-07, 1.25271878915e-06, 3.56917848876e-06, 3.06396600536e-06, 2.33563059737e-06, 2.18176865019e-06, 2.08377196032e-06, 2.49453478318e-06, 3.00771080219e-06, 2.98755776384e-06, 5.89372848481e-06, 9.89072213997e-06, 8.24435210234e-06, 4.84337078888e-06, 3.27143447976e-06, 2.49296454058e-06, 2.3113318548e-06, 2.44294369622e-06, 1.63512402196e-06, 9.12710049761e-07, 4.17974945321e-07, 2.36723678881e-07, 1.35291003289e-07, 7.62860636883e-08, 1.71796713744e-07, 2.43987386739e-07, 4.49434224947e-07, 5.28779821707e-07, 3.4946242522e-07, 3.62555624633e-07, 5.08416064804e-07, 3.72832147377e-07, 2.3410865424e-07, 1.73364554712e-07, 1.08565224366e-07, 6.16296134126e-08, 4.57072495408e-08, 3.88739458401e-08, 4.25958752714e-08, 5.60918991255e-08, 9.23573040268e-08, 1.31238522272e-07, 1.4556481176e-07, 1.14354101299e-07, 7.30935383331e-08, 4.73341685847e-08, 4.71776964162e-08, 6.29585485967e-08, 4.198329151e-08, 4.08958982234e-08, 3.90521108784e-08, 3.78204561002e-08, 8.6561540158e-09, 8.80689021709e-10, 3.02668057284e-10, 1.7163651056e-10, 1.53865031827e-10, 1.41693073941e-10, 1.33121846879e-10, 1.25801313811e-10, 1.20116139257e-10, 1.16109080683e-10, 1.12846398892e-10, 1.10021262933e-10, 1.08182421354e-10, 1.07051895126e-10]
    },
    "mfcc": {
        "mean": [-671.851135254, 140.643783569, -9.84671974182, -16.6866855621, -23.9513130188, -2.98357701302, -10.9523935318, -29.809720993, 5.37637901306, 1.33970475197, -22.2710170746, 3.36394929886, -3.54881381989],
        "cov": [[1310.99035645, 188.15562439, -245.570755005, 162.686035156, -117.56162262, 56.3280982971, -3.90747213364, -29.0730876923, 100.898292542, 112.198829651, 0.611604332924, 105.334060669, -159.136566162], [188.15562439, 214.157409668, 8.83051872253, 10.5040340424, 2.02821493149, -6.75236558914, 18.6740436554, -2.45859861374, 26.5938606262, 32.5378761292, 23.174200058, 4.33138418198, -27.4042739868], [-245.570755005, 8.83051872253, 371.483337402, 161.328353882, 78.4163818359, 64.6301651001, -13.5953636169, 50.9094963074, -28.4169044495, -45.8621406555, -10.057220459, -34.534198761, 37.2536125183], [162.686035156, 10.5040340424, 161.328353882, 289.078857422, 81.032875061, 24.3885364532, -40.1381149292, 35.208820343, 22.7427883148, -32.8465270996, -9.69630622864, 36.2935791016, -13.1204938889], [-117.56162262, 2.02821493149, 78.4163818359, 81.032875061, 161.103775024, 60.2656173706, 5.1625161171, 45.8244400024, 0.852043151855, -30.182554245, -1.03467190266, -14.5147924423, 18.810956955], [56.3280982971, -6.75236558914, 64.6301651001, 24.3885364532, 60.2656173706, 219.464355469, 119.421607971, 29.9932365417, 3.45842623711, 13.0638599396, -12.7366847992, -64.0932998657, -9.75463581085], [-3.90747213364, 18.6740436554, -13.5953636169, -40.1381149292, 5.1625161171, 119.421607971, 166.276824951, 38.7804412842, -1.24835216999, 23.1249027252, -6.11224937439, -53.6261978149, -0.52695286274], [-29.0730876923, -2.45859861374, 50.9094963074, 35.208820343, 45.8244400024, 29.9932365417, 38.7804412842, 115.04561615, 44.019329071, -16.2169589996, -4.75683736801, -21.8045425415, 1.40706682205], [100.898292542, 26.5938606262, -28.4169044495, 22.7427883148, 0.852043151855, 3.45842623711, -1.24835216999, 44.019329071, 99.437538147, 31.041267395, -13.2890758514, 1.96245718002, -18.9115848541], [112.198829651, 32.5378761292, -45.8621406555, -32.8465270996, -30.182554245, 13.0638599396, 23.1249027252, -16.2169589996, 31.041267395, 90.0512008667, 22.4350662231, -6.46971225739, -23.5316753387], [0.611604332924, 23.174200058, -10.057220459, -9.69630622864, -1.03467190266, -12.7366847992, -6.11224937439, -4.75683736801, -13.2890758514, 22.4350662231, 76.8461914062, 25.7752799988, -10.0562639236], [105.334060669, 4.33138418198, -34.534198761, 36.2935791016, -14.5147924423, -64.0932998657, -53.6261978149, -21.8045425415, 1.96245718002, -6.46971225739, 25.7752799988, 119.357643127, 17.6311206818], [-159.136566162, -27.4042739868, 37.2536125183, -13.1204938889, 18.810956955, -9.75463581085, -0.52695286274, 1.40706682205, -18.9115848541, -23.5316753387, -10.0562639236, 17.6311206818, 103.012207031]],
        "icov": [[0.00404164288193, -0.00411134818569, 0.00495443167165, -0.00480521656573, 0.00493781873956, -0.00573962926865, 0.00451626162976, -0.00432942342013, 0.00389034906402, -0.00418089237064, 0.00367367640138, -0.00315169617534, 0.0020404048264], [-0.00411134818569, 0.0100918952376, -0.00637170625851, 0.00516319274902, -0.00626557180658, 0.00786647293717, -0.00747288390994, 0.00689857685938, -0.00696478271857, 0.00390491564758, -0.0054588848725, 0.00276899873279, -0.000341542996466], [0.00495443167165, -0.00637170625851, 0.0117579866201, -0.00910109095275, 0.00718066142872, -0.00937208067626, 0.00880087167025, -0.00878670904785, 0.00862058531493, -0.00556563027203, 0.00437919329852, -0.00108837755397, -0.000561353226658], [-0.00480521656573, 0.00516319274902, -0.00910109095275, 0.0125986132771, -0.00839662831277, 0.00661950698122, -0.00530983926728, 0.00578612089157, -0.00689836824313, 0.00601135427132, -0.00296945520677, -0.000237461455981, 0.000757771311328], [0.00493781873956, -0.00626557180658, 0.00718066142872, -0.00839662831277, 0.0163692887872, -0.0110978344455, 0.00905627571046, -0.00946593564004, 0.00664433091879, -0.00355589413084, 0.00303892558441, -0.00200983742252, -0.000521303736605], [-0.00573962926865, 0.00786647293717, -0.00937208067626, 0.00661950698122, -0.0110978344455, 0.0194837339222, -0.0154550513253, 0.0104275736958, -0.00867187231779, 0.00585007714108, -0.00549062946811, 0.00587651133537, -0.00068899668986], [0.00451626162976, -0.00747288390994, 0.00880087167025, -0.00530983926728, 0.00905627571046, -0.0154550513253, 0.0214825663716, -0.0137407742441, 0.0114135965705, -0.00884876120836, 0.00606836937368, -0.00147342891432, -0.000771300168708], [-0.00432942342013, 0.00689857685938, -0.00878670904785, 0.00578612089157, -0.00946593564004, 0.0104275736958, -0.0137407742441, 0.0248495712876, -0.0181145761162, 0.0124937817454, -0.00903605483472, 0.00513718882576, -0.000865043024532], [0.00389034906402, -0.00696478271857, 0.00862058531493, -0.00689836824313, 0.00664433091879, -0.00867187231779, 0.0114135965705, -0.0181145761162, 0.027233382687, -0.0153334541246, 0.0117822531611, -0.004720619414, 0.0018873445224], [-0.00418089237064, 0.00390491564758, -0.00556563027203, 0.00601135427132, -0.00355589413084, 0.00585007714108, -0.00884876120836, 0.0124937817454, -0.0153334541246, 0.0252159107476, -0.0120807308704, 0.00547513738275, -0.000825378927402], [0.00367367640138, -0.0054588848725, 0.00437919329852, -0.00296945520677, 0.00303892558441, -0.00549062946811, 0.00606836937368, -0.00903605483472, 0.0117822531611, -0.0120807308704, 0.023008633405, -0.00886004138738, 0.0045066550374], [-0.00315169617534, 0.00276899873279, -0.00108837755397, -0.000237461455981, -0.00200983742252, 0.00587651133537, -0.00147342891432, 0.00513718882576, -0.004720619414, 0.00547513738275, -0.00886004138738, 0.017230220139, -0.00635297689587], [0.0020404048264, -0.000341542996466, -0.000561353226658, 0.000757771311328, -0.000521303736605, -0.00068899668986, -0.000771300168708, -0.000865043024532, 0.0018873445224, -0.000825378927402, 0.0045066550374, -0.00635297689587, 0.0147913973778]]
    },
    "spectral_contrast_coeffs": {
        "max": [-0.409753620625, -0.452809989452, -0.488275527954, -0.535644769669, -0.586524009705, -0.641577839851],
        "mean": [-0.642705023289, -0.717694163322, -0.726362287998, -0.770705580711, -0.762703299522, -0.786304414272],
        "min": [-0.850956559181, -0.916495382786, -0.886771500111, -0.89104527235, -0.863377034664, -0.88211530447],
        "stdev": [0.0703036934137, 0.076025865972, 0.0657533556223, 0.0530226379633, 0.0425369516015, 0.0435000807047]
    },
    "spectral_contrast_valleys": {
        "max": [-5.58465766907, -4.4384765625, -5.44211530685, -6.05556249619, -6.85103654861, -9.59412002563],
        "mean": [-7.6830573082, -6.30147218704, -7.17160987854, -7.57230806351, -8.49513912201, -10.5286884308],
        "min": [-10.0048999786, -8.22932910919, -8.91527938843, -9.41939163208, -10.1347990036, -12.145029068],
        "stdev": [0.773148477077, 0.533998608589, 0.473334938288, 0.514598190784, 0.445620179176, 0.184637665749]
    }
},
"rhythm": {
    "beats_count": 85,
    "beats_loudness": {
        "max": 0.107510611415,
        "mean": 0.0335466526449,
        "min": 0.00731660751626,
        "stdev": 0.0216357689351
    },
    "bpm": 105.470924377,
    "bpm_histogram_first_peak_bpm": 105,
    "bpm_histogram_first_peak_weight": 0.512195110321,
    "bpm_histogram_second_peak_bpm": 110,
    "bpm_histogram_second_peak_spread": 0,
    "bpm_histogram_second_peak_weight": 0.023809524253,
    "danceability": 1.13442337513,
    "onset_rate": 2.21484375,
    "beats_loudness_band_ratio": {
        "max": [0.681923449039, 0.776058733463, 0.827675461769, 0.748741567135, 0.449014246464, 0.0517875142395],
        "mean": [0.184606894851, 0.209010407329, 0.415641725063, 0.17987652123, 0.0595749169588, 0.0172765105963],
        "min": [0.000625538639724, 0.0216390322894, 0.0522934235632, 0.0110948653892, 0.00313113792799, 0.00361143564805],
        "stdev": [0.1762624681, 0.156680449843, 0.230173155665, 0.156434744596, 0.0646413192153, 0.0106008909643]
    },
