{
"metadata": {
    "version": {
        "essentia": "2.1-beta5",
        "essentia_git_sha": "Undefined",
        "extractor": "music 2.0"
    },
    "audio_properties": {
        "analysis": {
            "equal_loudness": 0,
            "length": 12.7477550507,
            "sample_rate": 44100,
            "start_time": 0,
            "downmix": "mix"
        },
        "bit_rate": 192000,
        "length": 179.408996582,
        "lossless": 0,
        "number_channels": 2,
        "replay_gain": -13.3222007751,
        "sample_rate": 48000,
        "codec": "mp3",
        "md5_encoded": "bead5ba5dd2f13c0d5c2a9b9a12b5e33"
    },
    "tags": {
        "file_name": "Israel_Yavoh Yom_Moti Galadi and Sarai Tzuriel.mp3",
        "encoding": ["Lavf58.29.100"]
    }
},
"lowlevel": {
    "average_loudness": 0.985028028488,
    "barkbands_crest": {
        "max": 15.6292629242,
        "mean": 6.1839594841,
        "min": 2.40781259537,
        "stdev": 2.42541027069
    },
    "barkbands_flatness_db": {
        "max": 0.209364905953,
        "mean": 0.134796112776,
        "min": 0.0417231544852,
        "stdev": 0.0237528905272
    },
    "barkbands_kurtosis": {
        "max": 7.97884464264,
        "mean": -0.142224952579,
        "min": -1.66423726082,
        "stdev": 1.23187243938
    },
    "barkbands_skewness": {
        "max": 2.79215693474,
        "mean": 0.687194943428,
        "min": -2.00908756256,
        "stdev": 0.615659415722
    },
    "barkbands_spread": {
        "max": 78.593788147,
        "mean": 29.1362686157,
        "min": 9.77850055695,
        "stdev": 9.35727787018
    },
    "dissonance": {
        "max": 0.500000059605,
        "mean": 0.478346884251,
        "min": 0.295759469271,
        "stdev": 0.0155248893425
    },
    "dynamic_complexity": 2.52154564857,
    "erbbands_crest": {
        "max": 22.3041877747,
        "mean": 6.22683429718,
        "min": 2.51839709282,
        "stdev": 2.38818025589
    },
    "erbbands_flatness_db": {
        "max": 0.297988891602,
        "mean": 0.186536565423,
        "min": 0.0932520106435,
        "stdev": 0.025278493762
    },
    "erbbands_kurtosis": {
        "max": 2.81842756271,
        "mean": -0.547832906246,
        "min": -1.65324068069,
        "stdev": 0.534374177456
    },
    "erbbands_skewness": {
        "max": 0.968790531158,
        "mean": -0.116036899388,
        "min": -1.09128236771,
        "stdev": 0.330962151289
    },
    "erbbands_spread": {
        "max": 99.2291793823,
        "mean": 38.331111908,
        "min": 12.8109102249,
        "stdev": 13.3123245239
    },
    "hfc": {
        "max": 84.2722854614,
        "mean": 25.2228946686,
        "min": 1.18306428467e-16,
        "stdev": 17.0323810577
    },
    "loudness_ebu128": {
        "integrated": -10.6963233948,
        "loudness_range": 1.86666488647,
        "momentary": {
            "max": -7.1913394928,
            "mean": -11.1262359619,
            "min": -31.1991519928,
            "stdev": 2.39372777939
        },
        "short_term": {
            "max": -9.60573005676,
            "mean": -10.9233846664,
            "min": -12.0097837448,
            "stdev": 0.570295333862
        }
    },
    "melbands_crest": {
        "max": 22.8925476074,
        "mean": 9.6832113266,
        "min": 1.95806729794,
        "stdev": 3.93776321411
    },
    "melbands_flatness_db": {
        "max": 0.227083772421,
        "mean": 0.129320025444,
        "min": 0.00504554947838,
        "stdev": 0.0353715009987
    },
    "melbands_kurtosis": {
        "max": 33.2303123474,
        "mean": 3.84023118019,
        "min": -1.32705783844,
        "stdev": 4.59314775467
    },
    "melbands_skewness": {
        "max": 5.56798839569,
        "mean": 1.70657348633,
        "min": -0.895645618439,
        "stdev": 0.896307051182
    },
    "melbands_spread": {
        "max": 143.838592529,
        "mean": 37.6047439575,
        "min": 8.80041980743,
        "stdev": 15.2886428833
    },
    "pitch_salience": {
        "max": 0.999175071716,
        "mean": 0.621039330959,
        "min": 0.408065348864,
        "stdev": 0.0742464959621
    },
    "silence_rate_20dB": {
        "max": 1,
        "mean": 1,
        "min": 1,
        "stdev": 0
    },
    "silence_rate_30dB": {
        "max": 1,
        "mean": 1,
        "min": 1,
        "stdev": 0
    },
    "silence_rate_60dB": {
        "max": 1,
        "mean": 0.034545455128,
        "min": 0,
        "stdev": 0.18262667954
    },
    "spectral_centroid": {
        "max": 11510.1396484,
        "mean": 1935.76135254,
        "min": 730.85748291,
        "stdev": 708.393615723
    },
    "spectral_complexity": {
        "max": 59,
        "mean": 28.4836368561,
        "min": 0,
        "stdev": 10.5728130341
    },
    "spectral_decrease": {
        "max": 9.76788083228e-25,
        "mean": -5.27913313064e-09,
        "min": -1.8003733615e-08,
        "stdev": 3.02149483211e-09
    },
    "spectral_energy": {
        "max": 0.0733660236001,
        "mean": 0.0222124606371,
        "min": 1.09000045009e-20,
        "stdev": 0.0126640610397
    },
    "spectral_energyband_high": {
        "max": 0.00728508643806,
        "mean": 0.00121975049842,
        "min": 7.59672011694e-21,
        "stdev": 0.00141788262408
    },
    "spectral_energyband_low": {
        "max": 0.0372148677707,
        "mean": 0.00338113470934,
        "min": 5.76979808055e-23,
        "stdev": 0.00408367440104
    },
    "spectral_energyband_middle_high": {
        "max": 0.0380620732903,
        "mean": 0.00784658826888,
        "min": 1.3794850282e-21,
        "stdev": 0.0058586676605
    },
    "spectral_energyband_middle_low": {
        "max": 0.0560728982091,
        "mean": 0.0106922173873,
        "min": 3.18756225041e-22,
        "stdev": 0.00807217136025
    },
    "spectral_entropy": {
        "max": 9.80755710602,
        "mean": 7.71436500549,
        "min": 6.88698768616,
        "stdev": 0.273595303297
    },
    "spectral_flux": {
        "max": 0.209817662835,
        "mean": 0.0813368856907,
        "min": 7.02232022531e-11,
        "stdev": 0.0337618738413
    },
    "spectral_kurtosis": {
        "max": 8.94766616821,
        "mean": 2.2184047699,
        "min": -1.19295799732,
        "stdev": 1.72266554832
    },
    "spectral_rms": {
        "max": 0.00846029631793,
        "mean": 0.00441702734679,
        "min": 3.26100453064e-12,
        "stdev": 0.0014698865125
    },
    "spectral_rolloff": {
        "max": 18992.2851562,
        "mean": 2470.7590332,
        "min": 366.064453125,
        "stdev": 1594.30029297
    },
    "spectral_skewness": {
        "max": 2.22506332397,
        "mean": 0.912843883038,
        "min": -0.0508046038449,
        "stdev": 0.289495497942
    },
    "spectral_spread": {
        "max": 40367604,
        "mean": 3656041.5,
        "min": 2363051,
        "stdev": 2428475.25
    },
    "spectral_strongpeak": {
        "max": 7.31843852997,
        "mean": 0.915517687798,
        "min": 0,
        "stdev": 1.1238874197
    },
    "zerocrossingrate": {
        "max": 0.51806640625,
        "mean": 0.0802423655987,
        "min": 0.03173828125,
        "stdev": 0.0403056889772
    },
    "barkbands": {
        "max": [0.000844119873364, 0.0148997921497, 0.0260109566152, 0.0326484814286, 0.027313420549, 0.0174875538796, 0.00721537601203, 0.00703484518453, 0.00979221146554, 0.0088184857741, 0.00966837164015, 0.00514850346372, 0.00698240566999, 0.0150789739564, 0.00456975540146, 0.00504127843305, 0.00835915841162, 0.00343390624039, 0.0034123393707, 0.00224936660379, 0.00269971368834, 0.00396717200056, 0.00151129637379, 0.000525966577698, 7.76055603637e-05, 4.10446000387e-06, 4.45351770395e-06],
        "mean": [3.92291731259e-05, 0.00155009957962, 0.00112444139086, 0.00201082602143, 0.00313273700885, 0.0016853393754, 0.00134045991581, 0.00106906262226, 0.0010460637277, 0.00108739943244, 0.000937220291235, 0.000476506451378, 0.00082041323185, 0.000977516872808, 0.00069745752262, 0.000578844454139, 0.000991060049273, 0.000620553502813, 0.000578195147682, 0.00045611630776, 0.000389473018004, 0.000353702955181, 0.000175204069819, 6.48600471322e-05, 9.66357310972e-06, 1.14048059885e-08, 9.07616115597e-09],
        "min": [1.42475884102e-23, 2.41458931937e-23, 1.45017767488e-23, 2.57231132886e-23, 8.39312283533e-23, 4.04755127247e-23, 2.43050884798e-23, 1.55636687242e-23, 8.27588485195e-23, 3.58236378319e-23, 6.65864868323e-23, 9.3699169139e-23, 6.03236696186e-23, 6.86016099265e-23, 9.87512426354e-23, 1.47351101294e-22, 1.57338862904e-22, 1.17301016521e-22, 2.69764807383e-22, 3.42533805389e-22, 3.83309937228e-22, 3.52596691801e-22, 6.07994309995e-22, 8.01318091765e-22, 1.21703289512e-21, 1.39085310706e-21, 2.43156385162e-21],
        "stdev": [8.05022136774e-05, 0.002542066155, 0.00207282765768, 0.00303873280063, 0.0040971012786, 0.00175964867231, 0.00142133177724, 0.0010311761871, 0.00112400553189, 0.00117764179595, 0.00136887549888, 0.000524373084772, 0.000994374509901, 0.0016827917425, 0.000679746386595, 0.000642733240966, 0.000990736763924, 0.000524889561348, 0.000487905344926, 0.000372440816136, 0.000436979404185, 0.000565220834687, 0.000252828467637, 8.67514463607e-05, 1.11383897092e-05, 1.77087557063e-07, 1.89712864085e-07]
    },
    "erbbands": {
        "max": [0.496417164803, 3.80918622017, 26.2874393463, 54.5046691895, 113.174911499, 73.3164520264, 169.865921021, 125.122360229, 128.620239258, 172.143234253, 152.522735596, 288.628601074, 318.217498779, 343.572174072, 457.895111084, 263.570129395, 363.426605225, 722.228149414, 250.367355347, 473.978607178, 220.960494995, 554.222900391, 246.125198364, 224.990707397, 156.275146484, 118.808006287, 120.472335815, 98.8234558105, 139.843780518, 80.6114959717, 48.6228637695, 19.5130310059, 6.40551424026, 1.46941936016, 0.10044657439, 0.0165807940066, 0.00767740886658, 0.00275420187972, 0.000638505676761, 9.41195539781e-05],
        "mean": [0.0355997271836, 0.386977434158, 1.17996942997, 3.91709065437, 10.8099164963, 8.99773693085, 10.8945055008, 14.3147583008, 20.929265976, 17.8410739899, 23.9295558929, 28.7027683258, 27.6044597626, 33.1408843994, 39.9750709534, 25.9058265686, 42.3896255493, 49.5773468018, 37.4701957703, 40.7407951355, 30.0519351959, 50.5407333374, 40.3803482056, 33.2875976562, 24.5321788788, 24.6218986511, 17.4920959473, 13.3137607574, 12.6351280212, 8.98655033112, 4.96940517426, 2.00747609138, 0.726201295853, 0.227075263858, 0.00984745379537, 0.000444794743089, 7.6805241406e-05, 2.12875711441e-05, 1.75067252712e-05, 2.88470182568e-05],
        "min": [7.40127173711e-22, 5.16617226767e-21, 1.87008928263e-20, 4.66547830809e-20, 2.25076154868e-19, 2.81280699347e-19, 2.60981092579e-19, 3.63368655771e-19, 3.06287015499e-19, 2.81761575626e-19, 5.81233450059e-19, 2.04371700059e-18, 8.61662618664e-19, 2.10707303845e-18, 2.59324099886e-18, 2.95330817001e-18, 2.88796627829e-18, 3.87912469393e-18, 6.20071337577e-18, 5.31638616342e-18, 8.98045754657e-18, 8.60907413105e-18, 5.83786687776e-18, 1.12918433691e-17, 1.31802958804e-17, 1.56408289849e-17, 1.78892630541e-17, 1.84442350707e-17, 1.17629508521e-17, 1.56727995156e-17, 1.50626396629e-17, 1.29782379906e-17, 1.56668239628e-17, 1.19750275535e-17, 8.7831782792e-18, 6.13843329309e-18, 2.1098529857e-18, 1.3230743558e-18, 3.41139934567e-19, 3.31912327706e-20],
        "stdev": [0.0624186471105, 0.636148989201, 2.07268691063, 5.10741567612, 17.4302330017, 11.2447814941, 14.9013805389, 15.1151008606, 22.4306869507, 18.4536342621, 23.4966011047, 30.868938446, 28.6256732941, 39.6061515808, 59.0378456116, 28.241268158, 52.1373443604, 81.0752639771, 37.4743804932, 49.7981414795, 26.895324707, 52.7969398499, 32.2887458801, 29.7114505768, 20.1838188171, 19.5619010925, 17.3447246552, 16.466917038, 21.1563415527, 13.2295608521, 7.69181919098, 2.85024547577, 0.942075967789, 0.248667657375, 0.0119062084705, 0.000845509348437, 0.000335314340191, 0.000118421710795, 2.86876511382e-05, 1.70176681422e-05]
    },
    "gfcc": {
        "mean": [-10.9554615021, 118.641174316, -176.447616577, 60.7234077454, -80.1539459229, 11.1098470688, -33.5006828308, -8.29483890533, -7.13752365112, -21.4758968353, 4.22948646545, -19.6776332855, 2.8283662796],
        "cov": [[14053.4257812, 1361.78112793, -1547.39343262, 465.3621521, -509.397705078, -91.0836715698, -88.5497436523, -308.357940674, 15.4655752182, -302.283691406, -45.1235198975, -200.656982422, -5.36438417435], [1361.78112793, 634.860717773, 63.9702301025, 79.7654876709, 79.9555969238, -42.3086395264, 60.162853241, 23.4650821686, 40.8380737305, -47.3130722046, 47.3211669922, -36.7990036011, 38.2963676453], [-1547.39343262, 63.9702301025, 639.502929688, 178.871322632, 103.419296265, 59.261100769, 40.6828804016, 11.1848669052, 4.92134714127, -1.23888623714, -43.1463928223, 12.4561777115, -17.9384250641], [465.3621521, 79.7654876709, 178.871322632, 227.856491089, -11.1577558517, 58.7233009338, 4.30189228058, -35.616973877, -5.79396295547, -37.4841499329, -45.7266960144, -16.6503410339, -23.7171726227], [-509.397705078, 79.9555969238, 103.419296265, -11.1577558517, 164.108047485, 34.1268882751, 44.0440216064, 55.8352241516, 17.6820144653, 18.3077812195, 27.2486152649, 2.89590620995, 12.3849802017], [-91.0836715698, -42.3086395264, 59.261100769, 58.7233009338, 34.1268882751, 106.777664185, 15.1383161545, 24.9493103027, 3.14318490028, 12.7988414764, -3.68937134743, 7.36594676971, -4.55867242813], [-88.5497436523, 60.162853241, 40.6828804016, 4.30189228058, 44.0440216064, 15.1383161545, 73.5889816284, 27.5170974731, 21.6934528351, 2.6894903183, 12.6614789963, 10.2353143692, 7.9435505867], [-308.357940674, 23.4650821686, 11.1848669052, -35.616973877, 55.8352241516, 24.9493103027, 27.5170974731, 111.191299438, 34.6570968628, 36.1428489685, 28.9384822845, 6.00330734253, 19.9811172485], [15.4655752182, 40.8380737305, 4.92134714127, -5.79396295547, 17.6820144653, 3.14318490028, 21.6934528351, 34.6570968628, 67.6259536743, 31.9666118622, 13.8355045319, 3.92446899414, 7.64430427551], [-302.283691406, -47.3130722046, -1.23888623714, -37.4841499329, 18.3077812195, 12.7988414764, 2.6894903183, 36.1428489685, 31.9666118622, 72.1901168823, 36.3245658875, 12.8090867996, 7.96598768234], [-45.1235198975, 47.3211669922, -43.1463928223, -45.7266960144, 27.2486152649, -3.68937134743, 12.6614789963, 28.9384822845, 13.8355045319, 36.3245658875, 69.1158905029, 25.5153560638, 16.9229927063], [-200.656982422, -36.7990036011, 12.4561777115, -16.6503410339, 2.89590620995, 7.36594676971, 10.2353143692, 6.00330734253, 3.92446899414, 12.8090867996, 25.5153560638, 44.8397865295, 19.0036277771], [-5.36438417435, 38.2963676453, -17.9384250641, -23.7171726227, 12.3849802017, -4.55867242813, 7.9435505867, 19.9811172485, 7.64430427551, 7.96598768234, 16.9229927063, 19.0036277771, 44.3370246887]],
        "icov": [[0.000382980913855, -0.00116902927402, 0.00142200815026, -0.00116231420543, 0.000502039096318, -0.000353154842742, 0.00020346911333, 0.000337084376952, 3.59224213753e-05, -0.000521848793142, 0.00123790267389, -0.000985856982879, 0.000682383251842], [-0.00116902927402, 0.00838692300022, -0.0052450094372, 0.00139420689084, -0.00198495062068, 0.00274488050491, -0.00233589345589, -0.000175388282514, -0.00422121677548, 0.00898401252925, -0.0141185270622, 0.0133647294715, -0.00865355599672], [0.00142200815026, -0.0052450094372, 0.00844068452716, -0.00667535699904, -0.00056925980607, 8.76065405464e-06, 0.000519363849889, 0.000373185321223, 0.00205917516723, -0.00580876227468, 0.0101799024269, -0.00945856235921, 0.00530250091106], [-0.00116231420543, 0.00139420689084, -0.00667535699904, 0.013960974291, 0.0013634202769, -0.00587324472144, 0.000201508562895, 0.00153017765842, -0.00160867383238, 0.00375912012532, -0.00107304821722, 0.00312134600244, 0.000385686085792], [0.000502039096318, -0.00198495062068, -0.00056925980607, 0.0013634202769, 0.0117015438154, -0.00434520142153, -0.00308578601107, -0.00141471158713, 0.000117417403089, 0.00114064058289, -0.0033625846263, 0.0041167694144, -0.000956992735155], [-0.000353154842742, 0.00274488050491, 8.76065405464e-06, -0.00587324472144, -0.00434520142153, 0.0167531371117, -0.00204664492048, -0.00448993826285, 0.00280194263905, -0.00364305684343, 0.00118152215146, -0.00314910709858, 0.000844826747198], [0.00020346911333, -0.00233589345589, 0.000519363849889, 0.000201508562895, -0.00308578601107, -0.00204664492048, 0.0202417392284, -0.002045806963, -0.00497770821676, 0.0031343807932, 0.00187835295219, -0.00778025202453, 0.00322000589222], [0.000337084376952, -0.000175388282514, 0.000373185321223, 0.00153017765842, -0.00141471158713, -0.00448993826285, -0.002045806963, 0.0164316222072, -0.00547182327136, -0.00100014149211, -0.00387774803676, 0.00649086851627, -0.00612217234448], [3.59224213753e-05, -0.00422121677548, 0.00205917516723, -0.00160867383238, 0.000117417403089, 0.00280194263905, -0.00497770821676, -0.00547182327136, 0.027366116643, -0.0185392107815, 0.0130698876455, -0.00974259153008, 0.00503595033661], [-0.000521848793142, 0.00898401252925, -0.00580876227468, 0.00375912012532, 0.00114064058289, -0.00364305684343, 0.0031343807932, -0.00100014149211, -0.0185392107815, 0.0418355092406, -0.0316322222352, 0.0197666976601, -0.00968527141958], [0.00123790267389, -0.0141185270622, 0.0101799024269, -0.00107304821722, -0.0033625846263, 0.00118152215146, 0.00187835295219, -0.00387774803676, 0.0130698876455, -0.0316322222352, 0.0584741644561, -0.0419355928898, 0.0174464900047], [-0.000985856982879, 0.0133647294715, -0.00945856235921, 0.00312134600244, 0.0041167694144, -0.00314910709858, -0.00778025202453, 0.00649086851627, -0.00974259153008, 0.0197666976601, -0.0419355928898, 0.0660015717149, -0.0309800822288], [0.000682383251842, -0.00865355599672, 0.00530250091106, 0.000385686085792, -0.000956992735155, 0.000844826747198, 0.00322000589222, -0.00612217234448, 0.00503595033661, -0.00968527141958, 0.0174464900047, -0.0309800822288, 0.0424909666181]]
    },
    "melbands": {
        "max": [0.00392951071262, 0.00991686992347, 0.0120422784239, 0.00702087720856, 0.00531072355807, 0.00256441091187, 0.00189730408601, 0.00175671628676, 0.00112304789945, 0.00158631883096, 0.00160534132738, 0.00146550335921, 0.00139772763941, 0.00062291364884, 0.000643078761641, 0.000514071143698, 0.00160062138457, 0.000500498048496, 0.000405592669267, 0.000473137188237, 0.000225228257477, 0.000772317347582, 0.000504147668835, 0.000246663956204, 0.000202614814043, 0.000109189146315, 9.10315065994e-05, 7.72123603383e-05, 6.24553576927e-05, 6.99589218129e-05, 5.77856699238e-05, 7.67984965933e-05, 8.85737972567e-05, 3.08500239043e-05, 3.09286006086e-05, 1.927555968e-05, 8.57463055581e-06, 6.03931357546e-06, 2.76803598354e-06, 1.0735284377e-06],
        "mean": [0.000388795422623, 0.000596314668655, 0.000935682153795, 0.000718014431186, 0.000379411212634, 0.000327075162204, 0.000308212387608, 0.000194540232769, 0.000196103079361, 0.000168957354617, 0.000132905071951, 0.000129442691104, 0.000138649658766, 6.32185547147e-05, 8.33579324535e-05, 7.57037851145e-05, 9.89367836155e-05, 6.1260885559e-05, 4.57822425233e-05, 5.4613516113e-05, 3.06541187456e-05, 5.12871083629e-05, 5.55165024707e-05, 2.71399694611e-05, 2.70966847893e-05, 1.82400526683e-05, 1.54642311827e-05, 1.59514311235e-05, 1.12496672955e-05, 9.15940108825e-06, 7.26033613319e-06, 7.0642981882e-06, 6.80553011989e-06, 4.23065148425e-06, 3.26541453433e-06, 1.68835481418e-06, 9.64584955909e-07, 5.29573640051e-07, 3.61397894721e-07, 1.25668421447e-07],
        "min": [7.68952028125e-24, 8.98483619852e-24, 1.45114560721e-23, 1.89713695522e-23, 9.84303955503e-24, 7.80548362318e-24, 5.28225443099e-24, 2.68777729399e-24, 6.76382829658e-24, 1.26629601225e-23, 3.836511811e-24, 7.87982271945e-24, 8.6183203779e-24, 9.74460785786e-24, 6.26125881893e-24, 5.42544727921e-24, 6.65693448848e-24, 8.25808310122e-24, 7.18625700044e-24, 6.08440527588e-24, 1.12966388352e-23, 1.08370539938e-23, 3.81909376222e-24, 6.14225520707e-24, 9.56515777914e-24, 9.09728516511e-24, 9.46179806789e-24, 1.0424340112e-23, 1.16459196228e-23, 6.88396629042e-24, 9.88014757201e-24, 6.87675373516e-24, 5.7890238041e-24, 1.02159759146e-23, 8.77342857566e-24, 7.94924642341e-24, 7.97050070278e-24, 1.12517526497e-23, 1.01455014479e-23, 9.80112895285e-24],
        "stdev": [0.000654141011182, 0.000880666426383, 0.00127595115919, 0.00101909320801, 0.000460001378087, 0.000326830253471, 0.000327603542246, 0.000198739668122, 0.000186845383723, 0.000186900098925, 0.000142412245623, 0.00016852049157, 0.000205855525564, 7.54000357119e-05, 9.82713536359e-05, 7.72710118326e-05, 0.000181191440788, 6.70153458486e-05, 4.8169917136e-05, 6.40867219772e-05, 2.82454602711e-05, 6.44096071483e-05, 5.62015993637e-05, 2.79850573861e-05, 2.65713333647e-05, 1.59111968969e-05, 1.33392204589e-05, 1.30125636133e-05, 1.0930035387e-05, 1.11907684186e-05, 9.15554119274e-06, 1.16342798719e-05, 1.19898259072e-05, 5.70047086512e-06, 5.16917316418e-06, 2.64103596237e-06, 1.31374633838e-06, 7.52020298478e-07, 4.12206333067e-07, 1.49221662582e-07]
    },
    "melbands128": {
        "max": [0.000841676606797, 0.00430379295722, 0.00720662763342, 0.00703606661409, 0.0133840236813, 0.0117154056206, 0.00939563196152, 0.0189254581928, 0.0130026694387, 0.00887507945299, 0.00451776292175, 0.00553484540433, 0.00672536343336, 0.0057378122583, 0.00414723763242, 0.00245497375727, 0.00300121074542, 0.00314863491803, 0.00136073271278, 0.00296102138236, 0.00272592576221, 0.0028989603743, 0.00171983405016, 0.00192609243095, 0.00334295001812, 0.00286021176726, 0.00138748402242, 0.00301053677686, 0.00116035121027, 0.00229477928951, 0.00182929856237, 0.000929613830522, 0.002321514301, 0.00285115255974, 0.000436619680841, 0.00081632938236, 0.00126170809381, 0.000606316549238, 0.00195543002337, 0.00123292545322, 0.000524884730112, 0.00077093730215, 0.00163670710754, 0.00293893879279, 0.000749606173486, 0.000337259058142, 0.000790057005361, 0.000349134817952, 0.000522493268363, 0.00153198954649, 0.000647898181342, 0.000382557540433, 0.000289563846309, 0.000321357743815, 0.000465623685159, 0.00179385684896, 0.000364737497875, 0.0011070134351, 0.000361186510418, 0.000266322400421, 0.000436119473306, 0.000252749654464, 0.000481981114717, 0.000150524749188, 0.000284578592982, 0.000140192671097, 0.000297038961435, 0.000191501370864, 0.000147702550748, 0.000170136554516, 0.000105924926174, 0.000144229226862, 8.83887259988e-05, 9.96175440378e-05, 0.000154481094796, 9.89454711089e-05, 7.94697989477e-05, 5.65567461308e-05, 8.08038021205e-05, 7.10369786248e-05, 7.51824336476e-05, 0.000150564679643, 7.61966584832e-05, 0.000121583063446, 7.1976770414e-05, 3.27007874148e-05, 3.51503331331e-05, 5.90553390794e-05, 5.48803400306e-05, 3.31525043293e-05, 1.62731466844e-05, 2.8029537134e-05, 1.50002824739e-05, 9.78276148089e-06, 7.11641996531e-06, 7.04733838575e-06, 7.21568176232e-06, 3.90278228224e-06, 3.95936967834e-06, 4.00674753109e-06, 1.27595887989e-06, 2.08501819543e-06, 1.68503021314e-07, 3.29085132478e-08, 3.18064579119e-08, 3.08712984065e-08, 2.98884721417e-08, 2.88678805305e-08, 2.78719305413e-08, 2.69080384641e-08, 2.5968370565e-08, 2.50691538639e-08, 2.42408475515e-08, 2.34429737844e-08, 2.26830376704e-08, 2.19841655991e-08, 2.13450235265e-08, 2.07611758896e-08, 2.02167882435e-08, 1.9693654707e-08, 1.92373530439e-08, 1.88327753392e-08, 1.8486367992e-08, 1.81895600804e-08, 1.79334271877e-08, 1.7718731371e-08, 1.756980339e-08, 1.7479148795e-08],
        "mean": [3.5188102629e-05, 0.000212234299397, 0.000585043628234, 0.000641667924356, 0.000567113398574, 0.000570383796003, 0.000647874665447, 0.0011984964367, 0.00120122754015, 0.000662957550958, 0.000448866310762, 0.000384321145248, 0.000390712782973, 0.00032151438063, 0.000323874177411, 0.000323517422657, 0.000356070813723, 0.000344834290445, 0.000195834451006, 0.000196576060262, 0.000184205928235, 0.000191874030861, 0.000220187517698, 0.000145245212479, 0.000240153589402, 0.000141619340866, 0.00010539903451, 0.000180338625796, 7.52651540097e-05, 0.000178528032848, 0.000120771597722, 8.17619875306e-05, 0.000192776846234, 0.000149497194798, 3.42335370078e-05, 4.75369852211e-05, 9.04718908714e-05, 3.28413261741e-05, 0.000142944962136, 0.000105557781353, 4.14992791775e-05, 6.00809617026e-05, 9.49300592765e-05, 0.000146342921653, 5.26750554855e-05, 4.6625991672e-05, 7.19467643648e-05, 2.02126557269e-05, 3.99589807785e-05, 8.76593257999e-05, 4.81971219415e-05, 4.04018064728e-05, 2.54893384408e-05, 2.47931129707e-05, 4.48550381407e-05, 6.04637498327e-05, 3.33284951921e-05, 9.56029689405e-05, 4.55523513665e-05, 2.2795275072e-05, 2.63403435383e-05, 2.51809160545e-05, 3.8712289097e-05, 2.48048199865e-05, 1.43344495882e-05, 1.73889166035e-05, 2.31217363762e-05, 1.3597466932e-05, 1.04809423647e-05, 2.28372609854e-05, 1.76252833626e-05, 1.27160619741e-05, 1.06615234472e-05, 1.18824891615e-05, 9.71817007667e-06, 9.89740328805e-06, 9.56461553869e-06, 6.13196471022e-06, 7.6373171396e-06, 7.32588159735e-06, 6.13992688159e-06, 7.89836485637e-06, 6.97563746144e-06, 7.10838321538e-06, 6.5842582444e-06, 3.76848129235e-06, 3.75980175704e-06, 4.19810066887e-06, 3.40749534189e-06, 2.63500874098e-06, 1.54641304562e-06, 1.52976940626e-06, 1.76242861016e-06, 7.71033967339e-07, 6.97511836734e-07, 5.76170123168e-07, 5.16938712281e-07, 3.86362842164e-07, 4.3249693249e-07, 3.13791730377e-07, 1.87941466834e-07, 1.19383244623e-07, 6.07408123798e-09, 1.1324495508e-10, 8.22033829895e-11, 8.3962135855e-11, 8.31604993201e-11, 8.18366832633e-11, 8.06315014756e-11, 8.01068586465e-11, 7.34426131022e-11, 6.8810526721e-11, 6.46499936918e-11, 6.20990689426e-11, 6.21906137699e-11, 5.76744173253e-11, 5.26322284367e-11, 4.27418794802e-11, 4.00151231594e-11, 3.89794654887e-11, 3.80744255568e-11, 3.72705893925e-11, 3.65821227477e-11, 3.59790357229e-11, 3.54081278187e-11, 3.48716854004e-11, 3.45176387473e-11, 3.43296259475e-11],
        "min": [1.26050766648e-23, 7.90615568532e-24, 3.33148503163e-24, 9.64302466137e-24, 1.11043752888e-23, 6.31114677701e-24, 6.05628948436e-24, 1.65707175118e-23, 2.25263822656e-23, 2.16225117513e-23, 1.4821988012e-23, 8.15984861928e-24, 7.45286753171e-24, 1.01758568155e-23, 8.0207337875e-24, 4.6664984018e-24, 1.84663719607e-24, 3.09915819808e-24, 1.80887383289e-24, 4.18281109877e-24, 1.99701163676e-24, 1.20022248223e-24, 5.2772601526e-24, 1.40110768668e-23, 1.07655674186e-23, 9.73513679383e-24, 4.48237944981e-24, 2.30093528885e-24, 1.16424579039e-24, 7.21418188762e-24, 9.81898481944e-24, 9.73512101661e-24, 2.67330268245e-24, 6.4219986947e-24, 8.11153483314e-24, 6.42160386982e-24, 7.98498971103e-24, 5.54638202257e-24, 5.07796588338e-24, 5.67604314525e-24, 4.00405048448e-24, 7.56553343506e-24, 1.41213369416e-24, 3.06749766008e-24, 3.58013556668e-24, 4.88244868017e-24, 8.57119303856e-24, 8.07608894608e-24, 5.36378833314e-24, 5.26989455832e-24, 5.51628737346e-24, 2.36599540872e-24, 1.16494040214e-23, 7.55734742545e-24, 1.22810938576e-23, 1.42742408647e-23, 1.997286752e-24, 5.20272068566e-24, 2.96128128628e-24, 4.21721292842e-24, 7.95148205522e-24, 5.87422788161e-24, 5.72930111712e-24, 1.44149326295e-23, 1.00998453341e-23, 5.09332382191e-24, 8.95032590049e-24, 9.33327842693e-24, 5.1616482482e-24, 7.0331580314e-24, 8.27208696001e-24, 8.01265506297e-24, 1.58865053165e-23, 1.26345477193e-23, 6.97604213528e-24, 8.63197713789e-24, 4.75461771478e-24, 2.9971618357e-24, 4.68606767427e-24, 9.73569767393e-24, 7.96171752546e-24, 5.10864665613e-24, 5.96309503474e-24, 5.34288115257e-24, 6.07938535951e-24, 9.23371313664e-24, 9.26069927935e-24, 6.69187944886e-24, 1.1625518102e-23, 5.21433705692e-24, 9.47462257963e-24, 6.43192808691e-24, 7.049998634e-24, 5.7260770426e-24, 9.35868527011e-24, 9.55727942528e-24, 1.04685399886e-23, 1.0761311514e-23, 8.91739411315e-24, 9.3467742593e-24, 7.27035903927e-24, 7.09981598903e-24, 1.12411093384e-23, 8.91467964277e-24, 9.88675743753e-24, 1.01139414896e-23, 7.45771271539e-24, 6.76748151143e-24, 1.09423227485e-23, 1.03317254752e-23, 7.48527157112e-24, 5.23738126169e-24, 5.82048673244e-24, 4.4838909073e-24, 7.03681045739e-24, 1.10869201635e-23, 9.18272590089e-24, 1.10251894311e-23, 7.3335562641e-24, 1.02247961683e-23, 1.33388806008e-23, 1.05571566783e-23, 8.1496865131e-24, 8.10226098434e-24, 8.55765934087e-24, 1.40590143663e-23, 1.09831147459e-23, 1.11281342015e-23],
        "stdev": [7.68298996263e-05, 0.000414798822021, 0.00112100481056, 0.00108137074858, 0.00109882757533, 0.00099936069455, 0.000929805799387, 0.00195046619046, 0.00211147172377, 0.00114558311179, 0.00060023018159, 0.000505163450725, 0.000679812626913, 0.000457013491541, 0.000472678279039, 0.000377421121811, 0.000455768662505, 0.0005313953734, 0.000259411812294, 0.000292099663056, 0.000247349438723, 0.000271670520306, 0.000284482433926, 0.000204566225875, 0.000305900641251, 0.000283722707536, 0.000133649285999, 0.000259992841166, 8.9202883828e-05, 0.000290845549898, 0.000192998675629, 0.000124518221128, 0.000344995351043, 0.000309386436129, 4.63262258563e-05, 6.30269933026e-05, 0.000134420930408, 5.91136376897e-05, 0.000246793526458, 0.000146158927237, 6.61991871311e-05, 9.73771457211e-05, 0.000186618170119, 0.000342125451425, 8.76849444467e-05, 5.11590405949e-05, 9.44797939155e-05, 3.90920613427e-05, 5.85215020692e-05, 0.000158893366461, 7.6227945101e-05, 5.61209017178e-05, 3.56206546712e-05, 3.138772081e-05, 5.36502702744e-05, 0.000134714253363, 4.76482673548e-05, 0.000125240068883, 4.81355200463e-05, 2.7184622013e-05, 4.46481608378e-05, 3.37231031153e-05, 5.6184377172e-05, 2.51080382441e-05, 2.52870522672e-05, 1.8017448383e-05, 2.66023434961e-05, 2.05102915061e-05, 1.53048913489e-05, 2.3500973839e-05, 1.71582723851e-05, 1.75425102498e-05, 1.14371796371e-05, 1.31431197588e-05, 1.51367130456e-05, 1.2848080587e-05, 1.41645050462e-05, 8.88054091774e-06, 1.07216710603e-05, 9.14494285098e-06, 9.78539810603e-06, 1.74943670572e-05, 1.29500540424e-05, 1.41802065627e-05, 1.13223022709e-05, 4.74384160043e-06, 5.14960129294e-06, 7.52907953938e-06, 6.44933152216e-06, 4.71139765068e-06, 2.33922037296e-06, 3.04051127387e-06, 2.477636599e-06, 1.17474451145e-06, 1.01135947261e-06, 9.96553694677e-07, 8.05280649274e-07, 5.36419634045e-07, 5.61238209684e-07, 4.03426724915e-07, 2.29788199135e-07, 2.0328809569e-07, 1.55208130792e-08, 1.42158440575e-09, 1.39662059695e-09, 1.3374833463e-09, 1.2992814602e-09, 1.24835108917e-09, 1.21106813467e-09, 1.17723086834e-09, 1.12690667908e-09, 1.08047026881e-09, 1.04148556446e-09, 1.00615560328e-09, 9.7650731945e-10, 9.42610101085e-10, 9.14529896257e-10, 8.84470885421e-10, 8.61143545361e-10, 8.38860869656e-10, 8.19424750276e-10, 8.02191757465e-10, 7.87436615912e-10, 7.74794117753e-10, 7.63884511201e-10, 7.54741769082e-10, 7.48400286188e-10, 7.44539208064e-10]
    },
    "mfcc": {
        "mean": [-612.184448242, 107.087509155, -22.3097629547, 26.8913230896, -9.08413410187, 4.79032564163, -8.53856372833, 3.76910996437, -7.32551193237, 0.224076539278, -3.63957214355, -0.0386728830636, -5.26420640945],
        "cov": [[7970.26953125, 749.949768066, -487.029266357, 250.755432129, -225.950744629, 141.088241577, -174.022842407, 56.5249290466, -91.7053756714, -13.5192317963, -89.3128967285, -99.916519165, -104.900863647], [749.949768066, 618.519592285, 6.25146532059, 96.0390930176, 67.2232971191, -53.1201171875, 57.223526001, 35.6880264282, 25.0284385681, 34.5943527222, 19.9965324402, 6.56457519531, 20.7600212097], [-487.029266357, 6.25146532059, 457.25793457, 171.285202026, 67.4757919312, 104.193862915, 4.93607139587, 48.8479232788, 24.1629600525, -6.97309827805, -0.526216030121, -13.3558626175, -47.8412704468], [250.755432129, 96.0390930176, 171.285202026, 156.676254272, 32.4577789307, 53.9539871216, 3.99213552475, 31.9082393646, 11.8861284256, 0.481688052416, -7.65568876266, -5.14514875412, -29.458562851], [-225.950744629, 67.2232971191, 67.4757919312, 32.4577789307, 116.691879272, 20.0289306641, 44.4891052246, 22.8206233978, 25.1130867004, 23.6602973938, 17.3756217957, 1.09316134453, 10.713306427], [141.088241577, -53.1201171875, 104.193862915, 53.9539871216, 20.0289306641, 110.906929016, 3.62648463249, 23.6632556915, -2.13113856316, -1.89817535877, -10.331199646, -6.62363100052, -18.6209411621], [-174.022842407, 57.223526001, 4.93607139587, 3.99213552475, 44.4891052246, 3.62648463249, 82.378074646, 28.1764297485, 16.4509162903, 4.13028907776, 10.5896987915, 16.3885326385, 15.3312644958], [56.5249290466, 35.6880264282, 48.8479232788, 31.9082393646, 22.8206233978, 23.6632556915, 28.1764297485, 66.051940918, 26.4411392212, 5.50735473633, -0.645570397377, 3.43210864067, -1.41188645363], [-91.7053756714, 25.0284385681, 24.1629600525, 11.8861284256, 25.1130867004, -2.13113856316, 16.4509162903, 26.4411392212, 60.9846229553, 29.8698310852, 12.9295520782, 0.841320097446, 9.20057106018], [-13.5192317963, 34.5943527222, -6.97309827805, 0.481688052416, 23.6602973938, -1.89817535877, 4.13028907776, 5.50735473633, 29.8698310852, 61.3142662048, 28.8431034088, 0.792429625988, 8.56386852264], [-89.3128967285, 19.9965324402, -0.526216030121, -7.65568876266, 17.3756217957, -10.331199646, 10.5896987915, -0.645570397377, 12.9295520782, 28.8431034088, 55.871006012, 22.6926307678, 11.8084125519], [-99.916519165, 6.56457519531, -13.3558626175, -5.14514875412, 1.09316134453, -6.62363100052, 16.3885326385, 3.43210864067, 0.841320097446, 0.792429625988, 22.6926307678, 57.0433235168, 22.7338581085], [-104.900863647, 20.7600212097, -47.8412704468, -29.458562851, 10.713306427, -18.6209411621, 15.3312644958, -1.41188645363, 9.20057106018, 8.56386852264, 11.8084125519, 22.7338581085, 60.5889892578]],
        "icov": [[0.00030523177702, -0.000457728601759, 0.000861124368384, -0.000797662185505, 0.000498127366882, -0.000995581503958, 0.000771987310145, -0.00050892343279, 0.00014204022591, 0.000248144904617, -0.000325533503201, 0.000437411450548, 0.000218844172196], [-0.000457728601759, 0.00322207529098, -0.000731634849217, -0.00165731681045, -0.00138252379838, 0.0037825293839, -0.00237106857821, -0.000126847095089, 0.000893226650078, -0.00157173455227, 0.000310165953124, 5.24798888364e-05, -0.00126964738593], [0.000861124368384, -0.000731634849217, 0.00711665535346, -0.00647138431668, -0.000358060322469, -0.00444689625874, 0.00302936555818, -0.00195641443133, -0.00111846823711, 0.00311189261265, -0.00296238414012, 0.00188802042976, 0.00169796112459], [-0.000797662185505, -0.00165731681045, -0.00647138431668, 0.017384102568, -0.00186517869588, -0.0011458954541, 8.19528213469e-05, -1.77442016138e-05, -0.0014596588444, -0.000942356069572, 0.00374111509882, -0.00419600540772, 0.00368581246585], [0.000498127366882, -0.00138252379838, -0.000358060322469, -0.00186517869588, 0.0149742867798, -0.00306839495897, -0.00550874648616, 2.3904878617e-05, -0.000755766697694, -0.00278089335188, -0.00254468433559, 0.00375849474221, -0.00245620147325], [-0.000995581503958, 0.0037825293839, -0.00444689625874, -0.0011458954541, -0.00306839495897, 0.0182728003711, -0.00344270095229, -0.00265494687483, 0.00438172137365, -0.00443585542962, 0.00370313227177, -0.00131632352713, -0.00038673292147], [0.000771987310145, -0.00237106857821, 0.00302936555818, 8.19528213469e-05, -0.00550874648616, -0.00344270095229, 0.0218520611525, -0.00754292262718, -0.00139700842556, 0.0047022132203, -0.00187707482837, -0.00300847482868, -0.000166148893186], [-0.00050892343279, -0.000126847095089, -0.00195641443133, -1.77442016138e-05, 2.3904878617e-05, -0.00265494687483, -0.00754292262718, 0.0255325678736, -0.0105585949495, 0.00155287841335, 0.00284535530955, -0.00242294115014, 0.00103079492692], [0.00014204022591, 0.000893226650078, -0.00111846823711, -0.0014596588444, -0.000755766697694, 0.00438172137365, -0.00139700842556, -0.0105585949495, 0.0292314644903, -0.0132915740833, 0.00086746015586, 0.00215707137249, -0.00360384793021], [0.000248144904617, -0.00157173455227, 0.00311189261265, -0.000942356069572, -0.00278089335188, -0.00443585542962, 0.0047022132203, 0.00155287841335, -0.0132915740833, 0.0318368859589, -0.0154302716255, 0.00547962682322, -0.00058842706494], [-0.000325533503201, 0.000310165953124, -0.00296238414012, 0.00374111509882, -0.00254468433559, 0.00370313227177, -0.00187707482837, 0.00284535530955, 0.00086746015586, -0.0154302716255, 0.0325143523514, -0.0135383624583, 0.00173145183362], [0.000437411450548, 5.24798888364e-05, 0.00188802042976, -0.00419600540772, 0.00375849474221, -0.00131632352713, -0.00300847482868, -0.00242294115014, 0.00215707137249, 0.00547962682322, -0.0135383624583, 0.0280722677708, -0.00917096342891], [0.000218844172196, -0.00126964738593, 0.00169796112459, 0.00368581246585, -0.00245620147325, -0.00038673292147, -0.000166148893186, 0.00103079492692, -0.00360384793021, -0.00058842706494, 0.00173145183362, -0.00917096342891, 0.0245669037104]]
    },
    "spectral_contrast_coeffs": {
        "max": [-0.451700240374, -0.5525816679, -0.598579525948, -0.622463822365, -0.614678382874, -0.564302444458],
        "mean": [-0.699620425701, -0.778658688068, -0.75195145607, -0.770053088665, -0.75937050581, -0.646507203579],
        "min": [-0.991224169731, -0.989344716072, -0.987972199917, -0.987323701382, -0.992387652397, -0.960706353188],
        "stdev": [0.0741563364863, 0.0522421374917, 0.0570200718939, 0.0507687106729, 0.0478677526116, 0.0488872602582]
    },
    "spectral_contrast_valleys": {
        "max": [-5.50560903549, -5.19039869308, -6.06200027466, -5.96270036697, -5.74964284897, -8.9821434021],
        "mean": [-6.93995571136, -6.42886209488, -7.2462720871, -7.36261558533, -7.20073843002, -11.174118042],
        "min": [-26.8970165253, -27.4901027679, -27.4216785431, -27.4791927338, -27.3299999237, -27.2357807159],
        "stdev": [1.7055644989, 1.65742218494, 1.57726716995, 1.56332373619, 1.58688414097, 1.3401389122]
    }
},
"rhythm": {
    "beats_count": 18,
    "beats_loudness": {
        "max": 0.0543427616358,
        "mean": 0.0352842360735,
        "min": 0.0188928823918,
        "stdev": 0.010121813044
    },
    "bpm": 89.0564117432,
    "bpm_histogram_first_peak_bpm": 89,
    "bpm_histogram_first_peak_weight": 0.230769217014,
    "bpm_histogram_second_peak_bpm": 94,
    "bpm_histogram_second_peak_spread": 0.5,
    "bpm_histogram_second_peak_weight": 0.117647059262,
    "danceability": 1.43288469315,
    "onset_rate": 3.21332597733,
    "beats_loudness_band_ratio": {
        "max": [0.508203029633, 0.299344748259, 0.295897305012, 0.437836289406, 0.275456786156, 0.233942508698],
        "mean": [0.274780839682, 0.185055717826, 0.160456702113, 0.175940752029, 0.136045217514, 0.149211525917],
        "min": [0.000368420412997, 0.00961518567055, 0.0636538341641, 0.0354539267719, 0.0617255158722, 0.0625974833965],
        "stdev": [0.127401232719, 0.0710098966956, 0.0558883845806, 0.11214594543, 0.0554341115057, 0.0447297692299]
    },
    "beats_position": [0.615328788757, 1.24226760864, 1.86920630932, 2.50775504112, 3.14630389214, 3.80807256699, 4.48145103455, 5.15482997894, 5.8282084465, 6.51319694519, 7.19818592072, 7.89478445053, 8.57977294922, 9.26476192474, 9.96135997772, 10.6347389221, 11.3081178665, 11.9814968109],
