{
"metadata": {
    "version": {
        "essentia": "2.1-beta5",
        "essentia_git_sha": "Undefined",
        "extractor": "music 2.0"
    },
    "audio_properties": {
        "analysis": {
            "equal_loudness": 0,
            "length": 12.7477550507,
            "sample_rate": 44100,
            "start_time": 0,
            "downmix": "mix"
        },
        "bit_rate": 192000,
        "length": 186.444641113,
        "lossless": 0,
        "number_channels": 1,
        "replay_gain": 1.37972068787,
        "sample_rate": 48000,
        "codec": "mp3",
        "md5_encoded": "eeb45494176336a8e9931c9460bf641c"
    },
    "tags": {
        "file_name": "Luxembourg_L_amour De Ma Vie_Sherisse Laurence.mp3",
        "encoding": ["Lavf58.29.100"]
    }
},
"lowlevel": {
    "average_loudness": 0.0526419356465,
    "barkbands_crest": {
        "max": 17.3725357056,
        "mean": 6.77764177322,
        "min": 2.80197644234,
        "stdev": 2.41814160347
    },
    "barkbands_flatness_db": {
        "max": 0.229416236281,
        "mean": 0.0848713889718,
        "min": 0.0386637933552,
        "stdev": 0.0413145571947
    },
    "barkbands_kurtosis": {
        "max": 38.1800575256,
        "mean": 2.48651337624,
        "min": -1.58305597305,
        "stdev": 6.4699921608
    },
    "barkbands_skewness": {
        "max": 5.38678264618,
        "mean": -0.0127231758088,
        "min": -1.98091351986,
        "stdev": 1.56188178062
    },
    "barkbands_spread": {
        "max": 100.832046509,
        "mean": 48.1624031067,
        "min": 3.73763632774,
        "stdev": 25.1809005737
    },
    "dissonance": {
        "max": 0.499999910593,
        "mean": 0.468441396952,
        "min": 0.283923536539,
        "stdev": 0.0495849587023
    },
    "dynamic_complexity": 8.66546535492,
    "erbbands_crest": {
        "max": 21.8271160126,
        "mean": 5.75603961945,
        "min": 2.61262798309,
        "stdev": 3.44730901718
    },
    "erbbands_flatness_db": {
        "max": 0.256698518991,
        "mean": 0.115259662271,
        "min": 0.0682169422507,
        "stdev": 0.0472265034914
    },
    "erbbands_kurtosis": {
        "max": 24.5225124359,
        "mean": 2.27597022057,
        "min": -1.4626686573,
        "stdev": 4.76942396164
    },
    "erbbands_skewness": {
        "max": 4.07096624374,
        "mean": 0.110147826374,
        "min": -1.50791251659,
        "stdev": 1.37008535862
    },
    "erbbands_spread": {
        "max": 83.3661270142,
        "mean": 45.9530067444,
        "min": 6.77230405807,
        "stdev": 20.715341568
    },
    "hfc": {
        "max": 63.0576438904,
        "mean": 10.6846141815,
        "min": 1.11848649277e-16,
        "stdev": 11.5873575211
    },
    "loudness_ebu128": {
        "integrated": -32.9632949829,
        "loudness_range": 13.7242107391,
        "momentary": {
            "max": -24.3689117432,
            "mean": -37.6892776489,
            "min": -42.1070556641,
            "stdev": 5.71543216705
        },
        "short_term": {
            "max": -27.3792686462,
            "mean": -38.0139579773,
            "min": -41.9226837158,
            "stdev": 5.10638237
        }
    },
    "melbands_crest": {
        "max": 21.043264389,
        "mean": 8.0010471344,
        "min": 1.55739831924,
        "stdev": 3.32511162758
    },
    "melbands_flatness_db": {
        "max": 0.288957923651,
        "mean": 0.0857193619013,
        "min": 0.00198642211035,
        "stdev": 0.0705310329795
    },
    "melbands_kurtosis": {
        "max": 50.018699646,
        "mean": 3.26226139069,
        "min": -1.25217211246,
        "stdev": 6.13199329376
    },
    "melbands_skewness": {
        "max": 4.41099023819,
        "mean": 1.27710795403,
        "min": -0.046574421227,
        "stdev": 0.507407128811
    },
    "melbands_spread": {
        "max": 196.221542358,
        "mean": 91.3549423218,
        "min": 3.41651821136,
        "stdev": 57.9265022278
    },
    "pitch_salience": {
        "max": 0.94397687912,
        "mean": 0.741658985615,
        "min": 0.49229863286,
        "stdev": 0.0629662424326
    },
    "silence_rate_20dB": {
        "max": 1,
        "mean": 1,
        "min": 1,
        "stdev": 0
    },
    "silence_rate_30dB": {
        "max": 1,
        "mean": 1,
        "min": 1,
        "stdev": 0
    },
    "silence_rate_60dB": {
        "max": 1,
        "mean": 0.694545447826,
        "min": 0,
        "stdev": 0.460599899292
    },
    "spectral_centroid": {
        "max": 10857.5351562,
        "mean": 2656.95239258,
        "min": 557.117614746,
        "stdev": 1309.60095215
    },
    "spectral_complexity": {
        "max": 26,
        "mean": 5.77636384964,
        "min": 0,
        "stdev": 7.93515062332
    },
    "spectral_decrease": {
        "max": 8.57204756154e-29,
        "mean": -2.1504895642e-09,
        "min": -2.38444304301e-08,
        "stdev": 4.55850024395e-09
    },
    "spectral_energy": {
        "max": 0.0957138836384,
        "mean": 0.00908557325602,
        "min": 9.87887830743e-21,
        "stdev": 0.0182349234819
    },
    "spectral_energyband_high": {
        "max": 0.00102504354436,
        "mean": 0.000489997677505,
        "min": 7.02171326894e-21,
        "stdev": 0.000112412701128
    },
    "spectral_energyband_low": {
        "max": 0.0115310000256,
        "mean": 0.000257568346569,
        "min": 4.40610906428e-23,
        "stdev": 0.000954821531195
    },
    "spectral_energyband_middle_high": {
        "max": 0.0280045401305,
        "mean": 0.00216952036135,
        "min": 1.40261155217e-21,
        "stdev": 0.0041357553564
    },
    "spectral_energyband_middle_low": {
        "max": 0.0827873125672,
        "mean": 0.00622712355107,
        "min": 2.91525428169e-22,
        "stdev": 0.0146274007857
    },
    "spectral_entropy": {
        "max": 9.80347442627,
        "mean": 8.3968629837,
        "min": 6.57073307037,
        "stdev": 0.662539541721
    },
    "spectral_flux": {
        "max": 0.124159008265,
        "mean": 0.0310624651611,
        "min": 6.36171185175e-11,
        "stdev": 0.0234868358821
    },
    "spectral_kurtosis": {
        "max": 9.20070743561,
        "mean": 1.47142577171,
        "min": -1.20291888714,
        "stdev": 2.34079504013
    },
    "spectral_rms": {
        "max": 0.00966330152005,
        "mean": 0.0020357996691,
        "min": 3.10450168177e-12,
        "stdev": 0.0021724391263
    },
    "spectral_rolloff": {
        "max": 19422.9492188,
        "mean": 8964.15722656,
        "min": 559.86328125,
        "stdev": 5403.16308594
    },
    "spectral_skewness": {
        "max": 2.85085177422,
        "mean": 1.19890022278,
        "min": 0.00282489438541,
        "stdev": 0.647428810596
    },
    "spectral_spread": {
        "max": 40582228,
        "mean": 9788612,
        "min": 5171982,
        "stdev": 2995230
    },
    "spectral_strongpeak": {
        "max": 4.80755281448,
        "mean": 0.683650135994,
        "min": 0,
        "stdev": 1.04640293121
    },
    "zerocrossingrate": {
        "max": 0.5947265625,
        "mean": 0.275889545679,
        "min": 0.03369140625,
        "stdev": 0.134498998523
    },
    "barkbands": {
        "max": [8.91154049896e-05, 0.00595684396103, 0.00736137107015, 0.00628008320928, 0.0101470891386, 0.00967017747462, 0.0343914702535, 0.0440642274916, 0.0246772039682, 0.0114911971614, 0.0151551906019, 0.00815203785896, 0.00489882612601, 0.00468946155161, 0.0012646378018, 0.00224988115951, 0.000189400598174, 0.000133903318783, 0.000475705397548, 0.000232290462009, 0.00034273750498, 8.51544245961e-05, 9.4361101219e-05, 0.000169193051988, 0.000210987229366, 0.00028641326935, 2.85858959614e-07],
        "mean": [1.13414216685e-05, 8.49323550938e-05, 0.000118203053717, 0.000123515768792, 0.000419611431425, 0.000520389003213, 0.00178680568933, 0.00215514888987, 0.00119642820209, 0.000640279788058, 0.000428049446782, 0.000427346793003, 0.000254785874858, 0.000170964267454, 0.000106251478428, 0.000100363002275, 1.71625979419e-05, 7.80415666668e-06, 1.78079098987e-05, 2.11192145798e-05, 3.20193903462e-05, 3.33806892741e-05, 4.57223286503e-05, 8.03891743999e-05, 0.000123145873658, 0.000162550379173, 5.62462396658e-08],
        "min": [6.90616562515e-24, 1.34337884563e-23, 2.26932941891e-23, 5.20631868025e-24, 2.54134617174e-23, 1.97953395009e-23, 2.34567474623e-23, 2.4448607522e-23, 6.04961461669e-23, 2.89721442118e-23, 4.83207880697e-23, 7.0907084321e-23, 4.77025924881e-23, 4.21294668976e-23, 4.52969958675e-23, 1.09660097171e-22, 1.26362655428e-22, 1.82424664934e-22, 2.16994127523e-22, 2.82799111944e-22, 4.30963068137e-22, 3.06043927191e-22, 5.88976072638e-22, 6.20042450071e-22, 1.01494798627e-21, 1.54135777134e-21, 2.28288682029e-21],
        "stdev": [1.19255582831e-05, 0.000388774613384, 0.000542360532563, 0.000419810734456, 0.00112381204963, 0.00145183491986, 0.0053337472491, 0.0059797684662, 0.00341450795531, 0.00170885224361, 0.0013075962197, 0.000974062131718, 0.000534097081982, 0.000366529275198, 0.000207598830457, 0.00025856072898, 2.60525521298e-05, 7.02482566339e-06, 4.22594312113e-05, 2.57214014709e-05, 3.93454793084e-05, 1.07248361019e-05, 1.27287357827e-05, 2.01995080715e-05, 2.72716388281e-05, 3.61838137906e-05, 5.30153236866e-08]
    },
    "erbbands": {
        "max": [0.0800584852695, 1.76142024994, 6.19542074203, 16.3875732422, 21.2926559448, 41.6305656433, 49.7709579468, 121.679718018, 489.490325928, 402.450134277, 903.402587891, 748.483703613, 175.834518433, 459.61227417, 555.527038574, 221.222732544, 185.429977417, 165.054763794, 216.74836731, 111.84702301, 138.875244141, 13.0579605103, 8.14444732666, 9.12120723724, 22.6497955322, 14.6150875092, 21.5115184784, 7.20521736145, 3.09349989891, 2.52687907219, 2.88104701042, 3.4322681427, 2.96035575867, 2.24887943268, 2.04214763641, 1.34945046902, 0.683055758476, 0.0337734855711, 0.00068187591387, 0.000133409630507],
        "mean": [0.00207141810097, 0.0219037998468, 0.125654503703, 0.26890668273, 0.809339940548, 1.45832645893, 2.55739974976, 5.95733642578, 25.1263790131, 23.6792087555, 46.2809677124, 35.5257339478, 11.1641998291, 23.2842140198, 22.3332271576, 13.928896904, 11.8009414673, 7.73529911041, 9.10808181763, 5.25576782227, 4.75687408447, 1.17384767532, 0.464408457279, 0.631483137608, 0.927757799625, 1.07469344139, 1.37796759605, 1.15978145599, 1.16268634796, 1.23944664001, 1.33864569664, 1.45559477806, 1.47089672089, 1.1963082552, 0.983717262745, 0.758965313435, 0.329855471849, 0.0164123494178, 0.000343803403666, 3.06235488097e-05],
        "min": [3.52784276613e-22, 3.55150076779e-21, 1.97459240547e-20, 3.01226964284e-20, 5.93750502185e-20, 7.07672465708e-20, 1.31765231613e-19, 2.19211030735e-19, 3.27106996421e-19, 4.30217205276e-19, 4.91376975214e-19, 1.08811266883e-18, 9.95315722005e-19, 1.62027497322e-18, 2.06945389817e-18, 2.32143523984e-18, 2.02297110403e-18, 2.23614402649e-18, 2.85570085773e-18, 4.47465585748e-18, 7.97564155183e-18, 7.54507088194e-18, 1.01350163932e-17, 1.32458855127e-17, 1.39063172671e-17, 1.35154570569e-17, 1.42431601018e-17, 1.48878415102e-17, 1.16050768148e-17, 1.30567258503e-17, 1.7155247794e-17, 1.35403849719e-17, 9.5061970003e-18, 9.85299329929e-18, 7.46983466933e-18, 5.29581914467e-18, 3.08711476705e-18, 1.10796159141e-18, 2.84912978664e-19, 3.78930533882e-20],
        "stdev": [0.00502870883793, 0.111244544387, 0.537100434303, 1.05013668537, 2.11035299301, 4.29837751389, 6.47106838226, 16.3300914764, 74.4899520874, 61.256313324, 126.013275146, 102.171081543, 24.4322719574, 61.9141311646, 57.5213623047, 28.7819862366, 23.3562049866, 16.7402057648, 18.2645816803, 12.476313591, 13.3439683914, 1.82570314407, 0.446656942368, 0.959010839462, 1.75693821907, 1.52581119537, 2.41476607323, 0.752294659615, 0.417290061712, 0.356072187424, 0.387257725, 0.421601355076, 0.382137954235, 0.290252566338, 0.236355409026, 0.186301708221, 0.0785107538104, 0.0045549524948, 8.78192440723e-05, 2.28531662287e-05]
    },
    "gfcc": {
        "mean": [-74.7831726074, -0.333888530731, -87.2566452026, -1.13520419598, -73.8009185791, 29.7510242462, -44.1798286438, 16.3390007019, -31.915348053, 20.367433548, -22.6300754547, 9.67997074127, -15.122256279],
        "cov": [[13082.9882812, 2215.859375, -1376.57373047, -1336.89440918, -1043.74804688, 8.83371925354, -511.332946777, -159.745422363, -255.465682983, 170.133331299, -362.764862061, -211.971603394, -99.5917434692], [2215.859375, 1485.07141113, -390.391662598, -854.238708496, -349.489685059, -147.285217285, -89.3613510132, -176.285827637, 0.306979477406, 0.719858765602, -107.785041809, -196.765579224, -13.4084892273], [-1376.57373047, -390.391662598, 627.395690918, 467.931274414, 34.446762085, -56.300365448, 105.245407104, 91.2705307007, -16.489112854, -55.3032188416, 67.283782959, 30.2205066681, -89.8214263916], [-1336.89440918, -854.238708496, 467.931274414, 683.791381836, 193.838409424, 43.9599685669, 80.6375808716, 126.554229736, -27.8277721405, -24.744184494, 70.624168396, 103.391525269, -35.4270324707], [-1043.74804688, -349.489685059, 34.446762085, 193.838409424, 191.938674927, 63.8835525513, 37.6542205811, 25.7552852631, 20.4982299805, 2.52801942825, 25.2455253601, 44.9097595215, 37.4710540771], [8.83371925354, -147.285217285, -56.300365448, 43.9599685669, 63.8835525513, 78.9462127686, 12.3211755753, 18.2226905823, 5.95075178146, 15.0233430862, 1.64476037025, 26.0273418427, 18.7937335968], [-511.332946777, -89.3613510132, 105.245407104, 80.6375808716, 37.6542205811, 12.3211755753, 57.4997901917, 29.5922470093, 10.3817634583, -7.94500923157, 18.3721618652, 6.73360681534, -8.85241985321], [-159.745422363, -176.285827637, 91.2705307007, 126.554229736, 25.7552852631, 18.2226905823, 29.5922470093, 56.6492156982, 10.8367671967, 3.49239134789, 15.9977941513, 21.55327034, -14.1289567947], [-255.465682983, 0.306979477406, -16.489112854, -27.8277721405, 20.4982299805, 5.95075178146, 10.3817634583, 10.8367671967, 42.0377693176, 17.8921737671, 6.59338665009, -2.44836091995, 5.61353731155], [170.133331299, 0.719858765602, -55.3032188416, -24.744184494, 2.52801942825, 15.0233430862, -7.94500923157, 3.49239134789, 17.8921737671, 35.9385452271, 10.2209367752, 5.26224565506, 5.71362066269], [-362.764862061, -107.785041809, 67.283782959, 70.624168396, 25.2455253601, 1.64476037025, 18.3721618652, 15.9977941513, 6.59338665009, 10.2209367752, 40.9304924011, 28.2085704803, -0.306635022163], [-211.971603394, -196.765579224, 30.2205066681, 103.391525269, 44.9097595215, 26.0273418427, 6.73360681534, 21.55327034, -2.44836091995, 5.26224565506, 28.2085704803, 55.9680023193, 20.5617408752], [-99.5917434692, -13.4084892273, -89.8214263916, -35.4270324707, 37.4710540771, 18.7937335968, -8.85241985321, -14.1289567947, 5.61353731155, 5.71362066269, -0.306635022163, 20.5617408752, 50.3438796997]],
        "icov": [[0.0018786265282, -0.00378769170493, 0.00246457825415, -0.00296311941929, 0.00585491908714, -0.00525968102738, 0.007106883917, -0.00923394411802, 0.0109973596409, -0.0109325060621, 0.0105415433645, -0.00695787323639, 0.00420389836654], [-0.00378769170493, 0.0129523752257, -0.00773440347984, 0.0129037126899, -0.0110576162115, 0.013499384746, -0.0159679297358, 0.0195188634098, -0.016967156902, 0.0168561451137, -0.0180723611265, 0.0193246789277, -0.010925210081], [0.00246457825415, -0.00773440347984, 0.0186843238771, -0.0198367927223, 0.0176887623966, -0.00475190393627, -0.0027367726434, -0.00225031981245, -0.00117105664685, 0.00333450059406, 0.00106821639929, -0.00760356709361, 0.012551642023], [-0.00296311941929, 0.0129037126899, -0.0198367927223, 0.033339407295, -0.0279409997165, 0.0155997565016, -0.00212012976408, -0.00636604614556, 0.0124426595867, -0.00406051147729, -0.000987980165519, 0.00408353982493, -0.00414277426898], [0.00585491908714, -0.0110576162115, 0.0176887623966, -0.0279409997165, 0.0492803603411, -0.0287632327527, 0.0100861294195, -0.00564030883834, 0.00672797020525, -0.015316109173, 0.017439827323, -0.00633572181687, -0.00153466174379], [-0.00525968102738, 0.013499384746, -0.00475190393627, 0.0155997565016, -0.0287632327527, 0.0510096102953, -0.0350860506296, 0.0184991136193, -0.0155250430107, 0.00888973008841, -0.00558981485665, -0.000157877293532, -0.00216887774877], [0.007106883917, -0.0159679297358, -0.0027367726434, -0.00212012976408, 0.0100861294195, -0.0350860506296, 0.0817795097828, -0.0636383071542, 0.044886097312, -0.0281245466322, 0.0176907256246, -0.00782897230238, 0.00703440560028], [-0.00923394411802, 0.0195188634098, -0.00225031981245, -0.00636604614556, -0.00564030883834, 0.0184991136193, -0.0636383071542, 0.116134077311, -0.0911432728171, 0.0591363273561, -0.0449964366853, 0.0217649172992, -0.00857999827713], [0.0109973596409, -0.016967156902, -0.00117105664685, 0.0124426595867, 0.00672797020525, -0.0155250430107, 0.044886097312, -0.0911432728171, 0.139234632254, -0.108811311424, 0.0765982419252, -0.0384681783617, 0.0200062356889], [-0.0109325060621, 0.0168561451137, 0.00333450059406, -0.00406051147729, -0.015316109173, 0.00888973008841, -0.0281245466322, 0.0591363273561, -0.108811311424, 0.148401767015, -0.113004736602, 0.0593665875494, -0.0239579658955], [0.0105415433645, -0.0180723611265, 0.00106821639929, -0.000987980165519, 0.017439827323, -0.00558981485665, 0.0176907256246, -0.0449964366853, 0.0765982419252, -0.113004736602, 0.151945948601, -0.0963797643781, 0.0414131730795], [-0.00695787323639, 0.0193246789277, -0.00760356709361, 0.00408353982493, -0.00633572181687, -0.000157877293532, -0.00782897230238, 0.0217649172992, -0.0384681783617, 0.0593665875494, -0.0963797643781, 0.11737497896, -0.0607777349651], [0.00420389836654, -0.010925210081, 0.012551642023, -0.00414277426898, -0.00153466174379, -0.00216887774877, 0.00703440560028, -0.00857999827713, 0.0200062356889, -0.0239579658955, 0.0414131730795, -0.0607777349651, 0.0710932612419]]
    },
    "melbands": {
        "max": [0.00102594261989, 0.00282720522955, 0.00271777063608, 0.00244583468884, 0.00158356199972, 0.00239522126503, 0.00772129558027, 0.00661009456962, 0.00652494793758, 0.00399703532457, 0.00101888994686, 0.00196691253223, 0.00242499727756, 0.00114994193427, 0.000245487783104, 0.000633100396954, 0.000248211581493, 0.000457729067421, 7.94112493168e-05, 0.000154574139742, 0.000182610281627, 1.36792887133e-05, 4.60595083496e-06, 7.33127944841e-06, 7.53449057811e-06, 3.21736479236e-05, 5.3197759371e-06, 1.0998448488e-05, 1.7611653675e-05, 5.43802889297e-06, 3.73605712412e-06, 2.01180318982e-06, 1.45869796597e-06, 1.73909359091e-06, 1.90525975086e-06, 2.19129788093e-06, 2.24932045967e-06, 2.17603042074e-06, 2.11388373828e-06, 1.97393342205e-06],
        "mean": [2.10818216146e-05, 5.22482587257e-05, 6.19877391728e-05, 8.83018437889e-05, 8.79634462763e-05, 0.000117119154311, 0.000394420610974, 0.000351826398401, 0.00033971623634, 0.000195405460545, 5.0773818657e-05, 9.79901087703e-05, 7.47465746826e-05, 5.89455739828e-05, 2.02059109142e-05, 2.65951639449e-05, 1.24657763081e-05, 1.64375724125e-05, 7.03575051375e-06, 6.8105578066e-06, 5.22236950928e-06, 1.14049487365e-06, 4.50873898217e-07, 3.70994172272e-07, 4.94307073495e-07, 8.30249007322e-07, 5.68453799588e-07, 7.19212778222e-07, 8.84999167283e-07, 7.0299449817e-07, 6.66820255901e-07, 6.56604584037e-07, 6.37907362488e-07, 7.16297734016e-07, 7.47760225295e-07, 8.24685457701e-07, 9.09509196845e-07, 1.01741113667e-06, 1.02549824987e-06, 9.93162984742e-07],
        "min": [4.09907706356e-24, 8.42023109371e-24, 6.29074525628e-24, 5.31293993691e-24, 4.64976784529e-24, 4.4512951747e-24, 4.85809733289e-24, 6.8380632632e-24, 3.40978973167e-24, 8.50397498968e-24, 4.62894112853e-24, 5.99339794312e-24, 6.54759126727e-24, 4.04302139649e-24, 4.71523541181e-24, 5.7622695865e-24, 3.54033003983e-24, 4.87710690855e-24, 4.37641531428e-24, 7.34827088657e-24, 1.03968009778e-23, 6.52019215588e-24, 6.37835812056e-24, 7.51144203165e-24, 1.09662567883e-23, 7.57983784985e-24, 8.30677159629e-24, 9.2131262336e-24, 7.16108997098e-24, 9.72555134497e-24, 7.31066352064e-24, 5.84553819378e-24, 7.2313822108e-24, 6.84009221345e-24, 9.85281275278e-24, 8.73593165026e-24, 8.07712550931e-24, 6.13562088686e-24, 7.73278377988e-24, 8.19323242393e-24],
        "stdev": [7.72373969085e-05, 0.000223009759793, 0.000192922903807, 0.000255558203207, 0.000218701883568, 0.000323895190377, 0.00118262204342, 0.000928722438402, 0.000916181714274, 0.000552625686396, 0.000118918222142, 0.000266323448159, 0.000217807362787, 0.000139917174238, 3.50223963324e-05, 6.32490846328e-05, 2.60657634499e-05, 3.5023145756e-05, 1.39086787385e-05, 1.78859809239e-05, 1.67867547134e-05, 1.76758749149e-06, 4.18490628817e-07, 3.60906170727e-07, 7.39721372156e-07, 2.5322106012e-06, 5.46106946331e-07, 1.10649659746e-06, 1.79148639745e-06, 6.12554629242e-07, 4.0916424382e-07, 2.76879433159e-07, 2.1333443101e-07, 2.35605185139e-07, 2.4060543069e-07, 2.72604864904e-07, 2.82317870415e-07, 2.92380718747e-07, 2.99860232644e-07, 2.66440679297e-07]
    },
    "melbands128": {
        "max": [4.46264093625e-05, 0.000365430110833, 0.00155571952928, 0.00370418583043, 0.00407758448273, 0.00425197603181, 0.00353065086529, 0.00294915307313, 0.00256553222425, 0.00425971997902, 0.00222662603483, 0.00146019563545, 0.0014106980525, 0.00293800071813, 0.00425644824281, 0.00256558996625, 0.00263983779587, 0.0147706791759, 0.00689531676471, 0.00152241659816, 0.0105041610077, 0.016563847661, 0.00166685751174, 0.00509576173499, 0.00925359781832, 0.00464464211836, 0.000718872644939, 0.000480545626488, 0.00271927472204, 0.00328600266948, 0.00195963378064, 0.00170374312438, 0.00487938150764, 0.00121802173089, 0.00203157961369, 0.00124600587878, 0.000210987054743, 0.00033928087214, 0.000521535635926, 0.000635802396573, 0.00120424001943, 0.000706414401066, 0.000208443190786, 0.00013414901332, 0.000829524942674, 0.000544007634744, 0.000221942056669, 0.000118017953355, 9.07604480744e-05, 0.000356615375495, 0.000217291526496, 0.000161795411259, 0.000378605822334, 0.000151776417624, 1.99598434847e-05, 2.73349050985e-05, 1.17192503239e-05, 4.73609725304e-06, 4.33772765973e-06, 1.37453689604e-05, 7.66522134654e-06, 3.87153386328e-06, 1.44071816521e-06, 3.69942335965e-06, 3.29285976477e-05, 7.44878925616e-05, 7.20398065823e-06, 3.92579795516e-06, 4.66011715616e-06, 1.42045400935e-05, 2.06035674637e-05, 9.55926407187e-06, 5.23937433172e-06, 3.71178757632e-05, 2.0004419639e-05, 3.6839871882e-06, 8.65658603288e-06, 5.0649118748e-06, 4.07189145335e-06, 2.8839465358e-06, 3.25147038893e-06, 2.94534424938e-06, 2.08678034141e-06, 2.33404648498e-06, 1.84350290056e-06, 2.28019484894e-06, 3.06811307382e-06, 2.81839720628e-06, 2.95787117466e-06, 2.93590278488e-06, 3.54070925823e-06, 2.57948204307e-06, 3.23012682202e-06, 2.84134080175e-06, 2.43131967181e-06, 3.11793110086e-06, 3.06052220367e-06, 2.4977080102e-06, 2.61551349467e-06, 2.51528376793e-06, 2.51533015216e-06, 2.9552968499e-06, 2.5813742468e-06, 3.05299204229e-06, 3.08915150526e-06, 3.62554987987e-06, 2.56736097981e-06, 3.26544750351e-06, 3.70700377061e-06, 4.74590387967e-06, 3.07052437165e-06, 3.08604398924e-06, 3.63022036254e-06, 2.87402349386e-06, 5.97602479502e-07, 6.38699120259e-08, 1.31895347977e-08, 1.14574683074e-09, 6.15738793286e-10, 3.7943989617e-10, 2.24580548602e-10, 1.33062671992e-10, 9.23435147793e-11, 6.46017683792e-11, 5.42223974054e-11, 5.25624162251e-11, 5.14411117869e-11, 5.10511598273e-11],
        "mean": [7.04202557245e-06, 1.58483962878e-05, 2.3302356567e-05, 3.77350843337e-05, 6.36633485556e-05, 5.35037106602e-05, 4.68940779683e-05, 7.00632663211e-05, 7.01456956449e-05, 0.000116778195661, 7.2271868703e-05, 7.09597807145e-05, 6.56415650155e-05, 0.000133066350827, 0.000176016314072, 5.21534020663e-05, 0.000148966224515, 0.000719422590919, 0.000362045248039, 5.05593379785e-05, 0.00047833492863, 0.000821432971861, 8.57442501001e-05, 0.000191494924366, 0.000369379529729, 0.000122925353935, 1.93826581381e-05, 2.11563856283e-05, 9.17116776691e-05, 0.000141484575579, 7.94169609435e-05, 4.68684120278e-05, 0.000117192350444, 3.572145215e-05, 9.40125901252e-05, 6.05547174928e-05, 1.09742741188e-05, 2.10395173781e-05, 2.22410253627e-05, 2.8239475796e-05, 3.25622349919e-05, 1.600611904e-05, 1.05311855805e-05, 7.00307418811e-06, 2.35211682593e-05, 1.74187898665e-05, 1.1239878404e-05, 5.47155013919e-06, 5.50840240976e-06, 8.59133251652e-06, 6.43726161798e-06, 5.67540155316e-06, 8.00071120466e-06, 3.80639880859e-06, 1.29244097025e-06, 1.20377785606e-06, 7.30114493308e-07, 4.30641534876e-07, 3.82332245863e-07, 3.94527688741e-07, 3.615850801e-07, 3.73745450588e-07, 3.36708524173e-07, 3.91726359794e-07, 9.4519390359e-07, 1.13006638003e-06, 5.42932411918e-07, 4.89811725402e-07, 5.45626960502e-07, 7.06571086084e-07, 7.84149676747e-07, 6.98367159657e-07, 6.37893663225e-07, 1.15743318929e-06, 8.77574848346e-07, 6.0811566982e-07, 6.84560063746e-07, 6.723714705e-07, 6.20053242528e-07, 7.33213141757e-07, 6.48122522762e-07, 6.36360084627e-07, 6.43291400593e-07, 6.34798198007e-07, 6.41137091861e-07, 6.51400512197e-07, 8.25661402359e-07, 6.82985216827e-07, 7.62248362207e-07, 7.62062143167e-07, 7.5208384942e-07, 8.73777764809e-07, 8.95683172075e-07, 8.8432989287e-07, 8.98694111129e-07, 1.02984699879e-06, 1.05671142592e-06, 1.01955015452e-06, 1.00774889233e-06, 1.04420064417e-06, 1.01292562249e-06, 9.7146664757e-07, 9.67759888226e-07, 1.06269817479e-06, 1.13533508284e-06, 1.16493436053e-06, 1.12990744583e-06, 1.16282080853e-06, 1.28724877868e-06, 1.6747906102e-06, 1.30192290726e-06, 1.21439336453e-06, 1.2022815099e-06, 1.06153254364e-06, 1.69341177525e-07, 1.16913119186e-08, 2.49278508946e-09, 8.18829119092e-12, 5.23880504949e-12, 4.73478157723e-12, 4.25803923371e-12, 4.04665450454e-12, 4.05178061241e-12, 3.83539120602e-12, 3.12215162578e-12, 1.96199220065e-12, 1.33828755369e-12, 1.23842028212e-12],
        "min": [3.26557491414e-24, 2.45632116566e-24, 5.11736514686e-24, 5.45002502958e-24, 8.33754427135e-24, 1.20396156459e-23, 6.35070736254e-24, 1.81704998174e-24, 6.06608003705e-24, 6.28759770126e-24, 1.49567603617e-24, 4.5328543204e-24, 1.55136912304e-24, 2.51943792668e-24, 4.38401638354e-24, 2.83161404992e-24, 4.61642900571e-24, 6.1560121524e-24, 4.01212487028e-24, 2.9535567603e-24, 4.3002807706e-24, 2.66263787466e-24, 4.84313343037e-24, 2.10151342138e-24, 2.80288413019e-24, 1.15097969404e-23, 5.45147061718e-24, 4.5075650175e-24, 2.06381119492e-24, 2.30533358283e-24, 6.98982747959e-24, 5.48773139755e-24, 5.30597547841e-24, 5.32092163155e-24, 2.74075462858e-24, 2.0017203475e-24, 4.29447081003e-24, 7.67616328841e-24, 2.03947306106e-24, 2.50022521934e-24, 7.26697167054e-24, 3.60641055128e-24, 1.60092408321e-24, 2.85401178317e-24, 4.7207412665e-24, 4.56182089841e-24, 9.82213572711e-25, 4.90019331737e-24, 4.97664379985e-24, 3.53533694473e-24, 3.39408706092e-24, 9.1164828841e-24, 4.27570972555e-24, 1.11661446754e-23, 6.35519755881e-24, 3.97653817155e-24, 8.1351722613e-24, 1.6141326716e-24, 7.11030705021e-24, 4.52917941187e-24, 4.57675876851e-24, 6.37796526783e-24, 5.42619433049e-24, 1.14513873124e-23, 5.01917523555e-24, 5.07825342318e-24, 1.06234525488e-23, 4.95627107254e-24, 5.90163172617e-24, 1.04969192596e-23, 5.737814504e-24, 6.1717167953e-24, 8.20637879091e-24, 3.98972555931e-24, 9.8652743885e-24, 3.71333867483e-24, 7.05760483085e-24, 6.41695156263e-24, 4.13008679131e-24, 5.06445506265e-24, 6.1293991409e-24, 4.51924844194e-24, 6.37115305948e-24, 6.80037306688e-24, 3.53523557611e-24, 4.83108239676e-24, 7.75940625771e-24, 4.91004106248e-24, 8.01020564986e-24, 1.09689681033e-23, 8.10439564195e-24, 6.94665154453e-24, 6.61945176257e-24, 6.3611463589e-24, 6.24426754389e-24, 5.92587697166e-24, 6.07454412013e-24, 5.97708074972e-24, 7.16215651092e-24, 7.71971077696e-24, 7.90656115983e-24, 6.68861040927e-24, 6.96737097621e-24, 7.39309238548e-24, 7.86150300265e-24, 7.85977381954e-24, 8.94654094587e-24, 9.14750720578e-24, 6.62585336881e-24, 1.03229959404e-23, 8.65339471146e-24, 5.58619583245e-24, 1.03706336727e-23, 1.07136240834e-23, 8.69870057097e-24, 6.69601544658e-24, 8.02475303382e-24, 8.96784571234e-24, 8.14858447441e-24, 7.59828536212e-24, 9.70724977197e-24, 8.68115788216e-24, 1.0262342792e-23, 1.0734621983e-23, 1.28996112944e-23, 8.95601122104e-24, 6.60280837519e-24, 1.06727784435e-23],
        "stdev": [7.34302784622e-06, 2.12248523894e-05, 0.000102100617369, 0.000217497261474, 0.000280287233181, 0.000268787611276, 0.000223446986638, 0.000222265138291, 0.000201293238206, 0.000409573636716, 0.000229222132475, 0.000189956903341, 0.000178873524419, 0.000411866087234, 0.00053930003196, 0.000203387709917, 0.000392496061977, 0.00223958678544, 0.0011182060698, 0.000142359262099, 0.00132929405663, 0.00232547288761, 0.000217080654693, 0.000670240959153, 0.00121397036128, 0.000417900184402, 5.93572185608e-05, 4.63419164589e-05, 0.000256458995864, 0.000420334137743, 0.000244565744651, 0.000139538751682, 0.000402626785217, 0.000105547449493, 0.000244682829361, 0.000155851885211, 2.31538324442e-05, 4.91135360789e-05, 4.947247362e-05, 6.12817966612e-05, 0.000107893400127, 5.13321829203e-05, 2.52062200161e-05, 1.4881484276e-05, 5.83065775572e-05, 4.1889721615e-05, 2.36907562794e-05, 1.3745268916e-05, 1.28178880914e-05, 3.01399959426e-05, 1.91127019207e-05, 1.53782257257e-05, 3.19822902384e-05, 1.29219970404e-05, 2.63671540779e-06, 2.40764825321e-06, 1.15444447601e-06, 5.20029573181e-07, 4.63775648996e-07, 7.0921561246e-07, 3.94423182115e-07, 2.81672271285e-07, 2.16321481616e-07, 3.33695282961e-07, 3.1180265978e-06, 5.22852769791e-06, 6.32263663647e-07, 4.14168113139e-07, 4.828897886e-07, 1.31104104639e-06, 1.81759060069e-06, 9.23960271848e-07, 5.95688902649e-07, 3.45927719536e-06, 1.82419955763e-06, 3.9499437321e-07, 6.63147034174e-07, 6.35276649064e-07, 4.52414752772e-07, 4.04001127663e-07, 3.84236528816e-07, 3.45468123442e-07, 2.96459660376e-07, 3.13595307944e-07, 2.90921036594e-07, 2.73111169236e-07, 3.93028415147e-07, 3.29076527805e-07, 3.40834986901e-07, 3.590342601e-07, 3.47736914819e-07, 3.74940725578e-07, 4.12448031284e-07, 3.94833080009e-07, 3.53788976781e-07, 4.31931880485e-07, 4.1789428451e-07, 3.78473970386e-07, 4.08614027947e-07, 4.03784497394e-07, 3.68308491261e-07, 3.75589422674e-07, 3.60425474355e-07, 3.8351532794e-07, 4.05803604053e-07, 4.36942912074e-07, 4.05650723678e-07, 4.2217442342e-07, 4.96615825796e-07, 6.43306350412e-07, 4.30237548699e-07, 4.30418339192e-07, 3.81778988867e-07, 3.83984996688e-07, 8.92734348668e-08, 8.6797573573e-09, 2.14228323969e-09, 4.89083114286e-11, 2.65239930713e-11, 1.67207393764e-11, 1.05288937291e-11, 7.19606535818e-12, 5.88866498966e-12, 5.13246606673e-12, 4.70445730982e-12, 4.46065840515e-12, 4.3398201699e-12, 4.28935272717e-12]
    },
    "mfcc": {
        "mean": [-729.188171387, 59.6194763184, 23.4108047485, -18.2129096985, -5.96393442154, 3.87479972839, 0.937478780746, -5.47598600388, 0.765087127686, 2.42753410339, -0.27655005455, 1.78460597992, 2.76771116257],
        "cov": [[5479.62060547, 2530.08349609, -462.232391357, -1086.21142578, -594.422241211, -150.461395264, -309.085968018, -470.790924072, 10.4505748749, 83.8486328125, -252.958526611, -78.8860931396, 45.8702316284], [2530.08349609, 1711.86987305, -249.436386108, -705.462341309, -437.244293213, -147.63848877, -219.071212769, -299.843109131, -15.4617500305, 45.1992797852, -141.390777588, -54.6970291138, 18.1511955261], [-462.232391357, -249.436386108, 498.202972412, 340.291534424, 9.47457408905, -65.5216369629, 69.4124069214, 107.196334839, -58.1262741089, -28.6986446381, 101.585983276, 17.6787796021, -37.6952629089], [-1086.21142578, -705.462341309, 340.291534424, 467.444976807, 171.65725708, 21.2204990387, 115.934646606, 151.069137573, -22.8545589447, -29.4222412109, 92.0375595093, 25.0826187134, -28.6361980438], [-594.422241211, -437.244293213, 9.47457408905, 171.65725708, 155.896636963, 66.1500396729, 55.5355911255, 70.828125, 16.6778411865, -6.92692708969, 24.3796844482, 11.0442752838, -2.38913297653], [-150.461395264, -147.63848877, -65.5216369629, 21.2204990387, 66.1500396729, 67.0640029907, 29.4549446106, 14.5120029449, 18.6265735626, 2.65559840202, -8.20245838165, 0.0973087325692, 7.13170862198], [-309.085968018, -219.071212769, 69.4124069214, 115.934646606, 55.5355911255, 29.4549446106, 66.0521011353, 56.1332626343, 0.15569101274, -6.25666379929, 22.5455112457, 5.65395689011, -5.23618221283], [-470.790924072, -299.843109131, 107.196334839, 151.069137573, 70.828125, 14.5120029449, 56.1332626343, 93.8385009766, 5.90692663193, -10.7983198166, 41.8019943237, 10.3137178421, -12.6018066406], [10.4505748749, -15.4617500305, -58.1262741089, -22.8545589447, 16.6778411865, 18.6265735626, 0.15569101274, 5.90692663193, 37.218788147, 16.6039104462, -7.96210193634, -0.377522110939, 3.74835824966], [83.8486328125, 45.1992797852, -28.6986446381, -29.4222412109, -6.92692708969, 2.65559840202, -6.25666379929, -10.7983198166, 16.6039104462, 31.6599884033, 4.7325835228, 1.54417741299, 4.04443836212], [-252.958526611, -141.390777588, 101.585983276, 92.0375595093, 24.3796844482, -8.20245838165, 22.5455112457, 41.8019943237, -7.96210193634, 4.7325835228, 62.9885215759, 23.3918266296, -6.2600607872], [-78.8860931396, -54.6970291138, 17.6787796021, 25.0826187134, 11.0442752838, 0.0973087325692, 5.65395689011, 10.3137178421, -0.377522110939, 1.54417741299, 23.3918266296, 29.6117477417, 8.81877040863], [45.8702316284, 18.1511955261, -37.6952629089, -28.6361980438, -2.38913297653, 7.13170862198, -5.23618221283, -12.6018066406, 3.74835824966, 4.04443836212, -6.2600607872, 8.81877040863, 27.3407344818]],
        "icov": [[0.000632323150057, -0.000933566712774, -0.000420056283474, 0.000399187352741, -0.000654748408124, -0.000261876935838, -0.000411621876992, 0.000540354347322, -0.000371696427464, -0.000258907646639, 0.000730141531676, -0.000565162976272, 1.79307990038e-05], [-0.000933566712774, 0.00625123409554, -0.00287840538658, 0.00528711033985, 0.00508615002036, 0.00147395650856, -4.2747342377e-05, 0.005544741638, -0.00175522535574, -0.000895494478755, 0.0015908149071, 0.000607050431427, 0.00213424349204], [-0.000420056283474, -0.00287840538658, 0.0146192535758, -0.0154203083366, 0.0102267321199, -4.21154800279e-05, 0.00191918364726, -0.00899746548384, 0.00683169579133, 0.00128268497065, -0.00858436059207, 0.00382535299286, -0.000580031366553], [0.000399187352741, 0.00528711033985, -0.0154203083366, 0.0268610455096, -0.0174784418195, 0.010337812826, -0.0116027100012, 0.0102751925588, -0.00338443880901, -0.00052875536494, 0.00578368920833, -0.00335052399896, 0.00393088627607], [-0.000654748408124, 0.00508615002036, 0.0102267321199, -0.0174784418195, 0.0479761511087, -0.0273956749588, 0.0155616244301, -0.0104744266719, 0.00070996559225, -0.000427919381764, -0.00299070333131, 0.00103569729254, 0.00195302360225], [-0.000261876935838, 0.00147395650856, -4.21154800279e-05, 0.010337812826, -0.0273956749588, 0.0550733543932, -0.0314935669303, 0.0174947846681, -0.011883831583, 0.0036966339685, 0.00132409576327, 0.00308259669691, -0.00410576164722], [-0.000411621876992, -4.2747342377e-05, 0.00191918364726, -0.0116027100012, 0.0155616244301, -0.0314935669303, 0.0550682060421, -0.0296874102205, 0.0144597049803, -0.00911779887974, 0.00466726673767, -0.000912765681278, -0.00162026798353], [0.000540354347322, 0.005544741638, -0.00899746548384, 0.0102751925588, -0.0104744266719, 0.0174947846681, -0.0296874102205, 0.0591895915568, -0.0320072844625, 0.02071470581, -0.0156773719937, 0.00650252681226, 0.00552344927564], [-0.000371696427464, -0.00175522535574, 0.00683169579133, -0.00338443880901, 0.00070996559225, -0.011883831583, 0.0144597049803, -0.0320072844625, 0.0654309168458, -0.0371142290533, 0.0172841157764, -0.00881018768996, 0.00216047372669], [-0.000258907646639, -0.000895494478755, 0.00128268497065, -0.00052875536494, -0.000427919381764, 0.0036966339685, -0.00911779887974, 0.02071470581, -0.0371142290533, 0.0630202814937, -0.0290256980807, 0.0129743507132, -0.00602141954005], [0.000730141531676, 0.0015908149071, -0.00858436059207, 0.00578368920833, -0.00299070333131, 0.00132409576327, 0.00466726673767, -0.0156773719937, 0.0172841157764, -0.0290256980807, 0.0564996749163, -0.0354750156403, 0.0113053433597], [-0.000565162976272, 0.000607050431427, 0.00382535299286, -0.00335052399896, 0.00103569729254, 0.00308259669691, -0.000912765681278, 0.00650252681226, -0.00881018768996, 0.0129743507132, -0.0354750156403, 0.0663792937994, -0.0258258767426], [1.79307990038e-05, 0.00213424349204, -0.000580031366553, 0.00393088627607, 0.00195302360225, -0.00410576164722, -0.00162026798353, 0.00552344927564, 0.00216047372669, -0.00602141954005, 0.0113053433597, -0.0258258767426, 0.0534363053739]]
    },
    "spectral_contrast_coeffs": {
        "max": [-0.505071640015, -0.535929381847, -0.501699566841, -0.621331691742, -0.599434912205, -0.788804292679],
        "mean": [-0.780776143074, -0.825744211674, -0.828131973743, -0.842090547085, -0.846385419369, -0.847753226757],
        "min": [-0.970373690128, -0.97633087635, -0.965522825718, -0.963420927525, -0.957675337791, -0.963015794754],
        "stdev": [0.0784114450216, 0.0947488024831, 0.0892342031002, 0.0616054497659, 0.0380675643682, 0.0149291241542]
    },
    "spectral_contrast_valleys": {
        "max": [-5.78132295609, -5.32566022873, -5.82783699036, -6.11555767059, -7.77279090881, -9.08315944672],
        "mean": [-8.46412181854, -7.57635831833, -8.02801322937, -8.42390346527, -8.51606750488, -9.53873443604],
        "min": [-27.2409687042, -27.1844768524, -27.550403595, -27.3015899658, -27.2929916382, -27.2768764496],
        "stdev": [1.60597467422, 1.7814258337, 1.70178675652, 1.65291285515, 1.45701134205, 1.37365996838]
    }
},
"rhythm": {
    "beats_count": 29,
    "beats_loudness": {
        "max": 0.0890465900302,
        "mean": 0.0122221298516,
        "min": 0.000565339985769,
        "stdev": 0.0229098182172
    },
    "bpm": 162.54095459,
    "bpm_histogram_first_peak_bpm": 161,
    "bpm_histogram_first_peak_weight": 0,
    "bpm_histogram_second_peak_bpm": 144,
    "bpm_histogram_second_peak_spread": 0.142857134342,
    "bpm_histogram_second_peak_weight": 0.214285716414,
    "danceability": 0.727909862995,
    "onset_rate": 0.0783738046885,
    "beats_loudness_band_ratio": {
        "max": [0.137967824936, 0.309328645468, 0.774744570255, 0.490866005421, 0.314336687326, 0.759464144707],
        "mean": [0.0793870016932, 0.0767889991403, 0.189722120762, 0.152654066682, 0.0592998936772, 0.463264256716],
        "min": [0.00622591516003, 0.0206806045026, 0.0351629033685, 0.0395473241806, 0.00353906163946, 0.00722794001922],
        "stdev": [0.040969517082, 0.0537043698132, 0.218335837126, 0.14612852037, 0.061411909759, 0.308842033148]
    },
    "beats_position": [0.53405892849, 1.07972788811, 1.62539684772, 2.18267560005, 2.73995471001, 3.20435357094, 3.66875267029, 4.13315200806, 4.58594083786, 5.02712011337, 5.47990942001, 5.93269824982, 6.35065746307, 6.78022670746, 7.19818592072, 7.61614513397, 8.03410434723, 8.45206356049, 8.87002277374, 9.24154186249, 9.61306095123, 9.98458003998, 10.3560991287, 10.7276191711, 11.0991382599, 11.4706573486, 11.8305664062, 12.1904764175, 12.5619955063],
