{
"metadata": {
    "version": {
        "essentia": "2.1-beta5",
        "essentia_git_sha": "Undefined",
        "extractor": "music 2.0"
    },
    "audio_properties": {
        "analysis": {
            "equal_loudness": 0,
            "length": 27.5040359497,
            "sample_rate": 44100,
            "start_time": 223.991287231,
            "downmix": "mix"
        },
        "bit_rate": 192000,
        "length": 251.518554688,
        "lossless": 0,
        "number_channels": 2,
        "replay_gain": -15.5681934357,
        "sample_rate": 44100,
        "codec": "mp3",
        "md5_encoded": "590581b2e5652de7d7fecac9c662655e"
    },
    "tags": {
        "file_name": "Belgium_J_aime La Vie_Sandra Kim.mp3",
        "encoding": ["Lavf58.29.100"]
    }
},
"lowlevel": {
    "average_loudness": 0.838656127453,
    "barkbands_crest": {
        "max": 21.0191688538,
        "mean": 7.58505296707,
        "min": 2.30177569389,
        "stdev": 3.25008869171
    },
    "barkbands_flatness_db": {
        "max": 0.249385207891,
        "mean": 0.117316052318,
        "min": 0.0471713878214,
        "stdev": 0.031334862113
    },
    "barkbands_kurtosis": {
        "max": 43.5533409119,
        "mean": 0.995949566364,
        "min": -1.80973386765,
        "stdev": 3.71948456764
    },
    "barkbands_skewness": {
        "max": 3.64552950859,
        "mean": 0.277649015188,
        "min": -6.38156461716,
        "stdev": 1.13830041885
    },
    "barkbands_spread": {
        "max": 95.2671203613,
        "mean": 31.3683071136,
        "min": 4.09589672089,
        "stdev": 17.2005367279
    },
    "dissonance": {
        "max": 0.499955415726,
        "mean": 0.472949802876,
        "min": 0.317051768303,
        "stdev": 0.026526607573
    },
    "dynamic_complexity": 3.33820748329,
    "erbbands_crest": {
        "max": 22.5347709656,
        "mean": 8.70775699615,
        "min": 3.14159584045,
        "stdev": 3.31401371956
    },
    "erbbands_flatness_db": {
        "max": 0.325639605522,
        "mean": 0.179231464863,
        "min": 0.0847199261189,
        "stdev": 0.0399649813771
    },
    "erbbands_kurtosis": {
        "max": 46.5427970886,
        "mean": 1.20043003559,
        "min": -1.59535896778,
        "stdev": 3.74566078186
    },
    "erbbands_skewness": {
        "max": 3.00614237785,
        "mean": 0.00926074478775,
        "min": -6.02546787262,
        "stdev": 0.966143012047
    },
    "erbbands_spread": {
        "max": 119.919059753,
        "mean": 33.3120651245,
        "min": 4.03329133987,
        "stdev": 18.576883316
    },
    "hfc": {
        "max": 202.339599609,
        "mean": 22.4659442902,
        "min": 0.000906096363906,
        "stdev": 20.2629318237
    },
    "loudness_ebu128": {
        "integrated": -9.76421260834,
        "loudness_range": 5.60977697372,
        "momentary": {
            "max": -6.00864219666,
            "mean": -10.8179311752,
            "min": -21.1188926697,
            "stdev": 3.1203815937
        },
        "short_term": {
            "max": -6.43301296234,
            "mean": -10.3778438568,
            "min": -13.1411571503,
            "stdev": 1.77193009853
        }
    },
    "melbands_crest": {
        "max": 23.7788982391,
        "mean": 10.4799222946,
        "min": 3.23463988304,
        "stdev": 4.36940431595
    },
    "melbands_flatness_db": {
        "max": 0.271164983511,
        "mean": 0.120350971818,
        "min": 0.0230331514031,
        "stdev": 0.046278718859
    },
    "melbands_kurtosis": {
        "max": 65.1479110718,
        "mean": 4.09702110291,
        "min": -1.94056999683,
        "stdev": 8.16565990448
    },
    "melbands_skewness": {
        "max": 7.04136133194,
        "mean": 1.26257383823,
        "min": -2.5255959034,
        "stdev": 1.30441701412
    },
    "melbands_spread": {
        "max": 278.513153076,
        "mean": 52.5892906189,
        "min": 5.23520040512,
        "stdev": 39.3237495422
    },
    "pitch_salience": {
        "max": 0.883449137211,
        "mean": 0.677790462971,
        "min": 0.356983631849,
        "stdev": 0.0990686044097
    },
    "silence_rate_20dB": {
        "max": 1,
        "mean": 1,
        "min": 1,
        "stdev": 0
    },
    "silence_rate_30dB": {
        "max": 1,
        "mean": 1,
        "min": 1,
        "stdev": 0
    },
    "silence_rate_60dB": {
        "max": 1,
        "mean": 0.155986502767,
        "min": 0,
        "stdev": 0.362841784954
    },
    "spectral_centroid": {
        "max": 6694.79736328,
        "mean": 2068.02124023,
        "min": 412.780700684,
        "stdev": 876.073974609
    },
    "spectral_complexity": {
        "max": 44,
        "mean": 19.1500835419,
        "min": 0,
        "stdev": 10.7724914551
    },
    "spectral_decrease": {
        "max": -6.14999858765e-14,
        "mean": -3.08051562037e-09,
        "min": -1.07011555173e-08,
        "stdev": 2.51041543109e-09
    },
    "spectral_energy": {
        "max": 0.0432954840362,
        "mean": 0.013664316386,
        "min": 3.14300137916e-07,
        "stdev": 0.0106585994363
    },
    "spectral_energyband_high": {
        "max": 0.026822404936,
        "mean": 0.000986247556284,
        "min": 8.82199486796e-08,
        "stdev": 0.00187538098544
    },
    "spectral_energyband_low": {
        "max": 0.0185607783496,
        "mean": 0.000906712317374,
        "min": 4.73190659989e-08,
        "stdev": 0.00128396402579
    },
    "spectral_energyband_middle_high": {
        "max": 0.032887969166,
        "mean": 0.0069094048813,
        "min": 5.32558956934e-08,
        "stdev": 0.00762097397819
    },
    "spectral_energyband_middle_low": {
        "max": 0.0347337462008,
        "mean": 0.00514195393771,
        "min": 1.21577500067e-07,
        "stdev": 0.00600675167516
    },
    "spectral_entropy": {
        "max": 8.75249195099,
        "mean": 7.88603878021,
        "min": 6.89687347412,
        "stdev": 0.361137598753
    },
    "spectral_flux": {
        "max": 0.167765527964,
        "mean": 0.0678565204144,
        "min": 0.0112643670291,
        "stdev": 0.0309340190142
    },
    "spectral_kurtosis": {
        "max": 15.7879810333,
        "mean": 3.05186963081,
        "min": -1.27059197426,
        "stdev": 2.13115501404
    },
    "spectral_rms": {
        "max": 0.00649919174612,
        "mean": 0.00332968193106,
        "min": 1.75109762495e-05,
        "stdev": 0.00149808323476
    },
    "spectral_rolloff": {
        "max": 10658.9355469,
        "mean": 3396.546875,
        "min": 322.998046875,
        "stdev": 2375.51953125
    },
    "spectral_skewness": {
        "max": 2.42075777054,
        "mean": 1.37335824966,
        "min": -0.556903898716,
        "stdev": 0.428314000368
    },
    "spectral_spread": {
        "max": 15923937,
        "mean": 5282229.5,
        "min": 2039626.125,
        "stdev": 1953638.875
    },
    "spectral_strongpeak": {
        "max": 9.99944400787,
        "mean": 1.41015076637,
        "min": 0,
        "stdev": 1.80434823036
    },
    "zerocrossingrate": {
        "max": 0.35693359375,
        "mean": 0.118436612189,
        "min": 0.02685546875,
        "stdev": 0.0561133399606
    },
    "barkbands": {
        "max": [0.000964170438237, 0.0129143819213, 0.00519733596593, 0.00838360004127, 0.0107270311564, 0.0227130521089, 0.0243863817304, 0.0207909327, 0.0123745771125, 0.015556672588, 0.0118604917079, 0.0242375116795, 0.006073188968, 0.0116639984772, 0.0107839889824, 0.0148924225941, 0.0162512175739, 0.0161811746657, 0.00891664251685, 0.00436711590737, 0.00496559822932, 0.00305529171601, 0.0127542577684, 0.0146954264492, 0.000548867450561, 0.000108678024844, 2.10441470472e-07],
        "mean": [0.000100304307125, 0.000234329301747, 0.000400101213017, 0.000464984186692, 0.00112359924242, 0.00110091932584, 0.00106868252624, 0.000703147845343, 0.000486798584461, 0.000482315197587, 0.00049801170826, 0.000877125945408, 0.000487165700179, 0.000663878861815, 0.000939706747886, 0.00105616811197, 0.000831996207125, 0.000431723921793, 0.000612543895841, 0.000206703436561, 0.000172255531652, 9.45358551689e-05, 0.00020193522505, 0.000336166354828, 8.29915006761e-05, 6.22575544185e-06, 7.07760738905e-10],
        "min": [1.50593351123e-08, 2.94749415986e-08, 8.63888072189e-09, 2.11102868519e-09, 1.03454578237e-08, 2.65154813661e-08, 4.65216416501e-08, 2.50991174511e-08, 7.67240582178e-09, 1.42843425976e-08, 3.72157815676e-09, 1.01698893751e-09, 3.32862049035e-09, 4.6624810679e-09, 1.8049780337e-08, 4.18289403115e-09, 2.41576691984e-09, 1.34714950306e-09, 1.30123878339e-09, 2.75806510963e-09, 4.79264539166e-09, 3.53767370953e-09, 1.78643659865e-08, 2.94932664957e-08, 2.46810856197e-08, 6.17701983313e-12, 5.61120507697e-12],
        "stdev": [0.000118360047054, 0.000752491352614, 0.000642271945253, 0.000907470297534, 0.00144934409764, 0.00227136537433, 0.0024603556376, 0.00184002367314, 0.00108046992682, 0.00118195416871, 0.00136067264248, 0.00256556039676, 0.00076119787991, 0.00105647160672, 0.00127756036818, 0.00194446975365, 0.00155146978796, 0.00107252260204, 0.00107623869553, 0.000349065492628, 0.000301943480736, 0.000220356028876, 0.000659990822896, 0.00100021122489, 7.13330155122e-05, 6.32345245322e-06, 6.70220812182e-09]
    },
    "erbbands": {
        "max": [0.153499215841, 3.56435346603, 7.47104310989, 12.6366500854, 49.4823951721, 44.8687744141, 127.295448303, 278.490081787, 401.633392334, 312.658721924, 440.315307617, 382.833862305, 214.043777466, 452.247711182, 572.801147461, 515.117431641, 324.577148438, 438.338226318, 686.914733887, 399.119354248, 961.605163574, 1094.18078613, 747.265014648, 864.051940918, 431.796661377, 143.537612915, 237.160110474, 165.468612671, 107.792922974, 118.552276611, 471.562103271, 328.602722168, 207.831253052, 18.2808303833, 1.89512598515, 0.807997405529, 0.103207953274, 0.00221170531586, 0.000314841716317, 0.000148420382175],
        "mean": [0.0063507007435, 0.0585784837604, 0.379016727209, 1.08362615108, 2.44591617584, 4.08488845825, 5.7696762085, 10.3253602982, 15.1492462158, 16.5074539185, 12.9627885818, 12.3563785553, 12.749912262, 16.9344882965, 32.0749778748, 26.7967605591, 22.8249187469, 29.3678798676, 53.3626976013, 40.3409385681, 63.5133323669, 47.831199646, 23.6626377106, 26.1334037781, 31.3264312744, 10.2248830795, 8.01661396027, 5.85501384735, 3.4285492897, 3.12563657761, 6.74037647247, 7.68900251389, 4.76222515106, 1.3488663435, 0.419204056263, 0.0736056193709, 0.0037236942444, 0.000133962312248, 2.36916239373e-05, 2.14828687604e-05],
        "min": [1.0688374914e-06, 5.79309062232e-06, 1.11652516352e-05, 8.28478823678e-06, 1.0967282833e-05, 4.02231962653e-05, 9.04257976799e-05, 0.000272367644357, 0.000532207486685, 0.000815457082354, 0.000388447515434, 0.000176468616701, 0.000361226557288, 0.00035762830521, 0.000105055813037, 6.84148690198e-05, 0.000146195030538, 0.000126793936943, 0.000878616818227, 0.000635310774669, 0.000141789831105, 0.000139233467053, 9.37850563787e-05, 4.02442528866e-05, 8.49780699355e-05, 0.000142981181853, 0.000176071000169, 0.000189102909644, 0.00015552318655, 0.000323016109178, 0.000437462935224, 0.000707289087586, 0.000432549190009, 0.000228795877774, 0.000181011128007, 6.4805164584e-05, 1.64447476436e-06, 6.94448658578e-08, 7.71782815434e-09, 1.54306822875e-09],
        "stdev": [0.00934606511146, 0.207649454474, 0.617091596127, 1.70732843876, 4.14887952805, 6.14626598358, 11.9718208313, 23.1463451385, 36.3435783386, 36.2159843445, 33.3579940796, 27.6121444702, 26.1526927948, 41.8844146729, 75.2099075317, 62.8358078003, 34.7358207703, 41.856754303, 82.5243225098, 47.6208457947, 122.816764832, 94.5342941284, 48.1668663025, 56.8796577454, 57.1999702454, 15.0980920792, 13.4750843048, 10.515455246, 8.10394477844, 7.69104099274, 23.0487442017, 24.6606960297, 13.3962783813, 1.65314972401, 0.294910997152, 0.0579761452973, 0.00583197921515, 0.000138214018079, 2.05164415092e-05, 1.53320634126e-05]
    },
    "gfcc": {
        "mean": [-21.6121559143, 57.1796531677, -149.268859863, 37.711605072, -69.239654541, 28.8490257263, -61.3974685669, 15.3863697052, -22.1883010864, 1.53487944603, -9.09982299805, -11.6347084045, -0.805560648441],
        "cov": [[2332.90136719, 792.281311035, -737.115234375, -7.59496879578, 88.6895828247, -481.842987061, -2.06076955795, -264.248016357, -115.345016479, -236.614059448, 23.4530849457, -87.3187942505, 5.49378061295], [792.281311035, 1263.15759277, -60.1662712097, -161.702011108, -9.51853942871, -509.360748291, -128.981338501, -274.10824585, -201.247283936, -163.253494263, -64.5490951538, -90.6142959595, -10.1455421448], [-737.115234375, -60.1662712097, 1072.30151367, 116.603767395, -150.200424194, 104.354423523, -283.427490234, 13.2576980591, 7.13271760941, 167.777435303, -122.504203796, 12.1567468643, -17.9436187744], [-7.59496879578, -161.702011108, 116.603767395, 404.457275391, 43.5119018555, -53.0298614502, 11.9922266006, -59.9667930603, 59.6902618408, -37.3841629028, -12.8436689377, 13.9325294495, 2.51309680939], [88.6895828247, -9.51853942871, -150.200424194, 43.5119018555, 201.198226929, 53.8683433533, -15.0560131073, 38.835308075, -19.9835605621, -45.5597190857, 1.68099582195, 26.0285301208, 6.73586368561], [-481.842987061, -509.360748291, 104.354423523, -53.0298614502, 53.8683433533, 467.996520996, 81.0863418579, 123.328994751, 29.3174781799, 45.5607528687, 31.6465053558, 24.3705234528, -3.95669412613], [-2.06076955795, -128.981338501, -283.427490234, 11.9922266006, -15.0560131073, 81.0863418579, 303.252105713, 58.9498291016, 31.937335968, -51.250164032, 42.4863815308, -6.14132261276, -21.0682659149], [-264.248016357, -274.10824585, 13.2576980591, -59.9667930603, 38.835308075, 123.328994751, 58.9498291016, 236.67755127, 88.8439178467, 71.0471725464, 28.9742908478, 41.2785568237, -0.098607480526], [-115.345016479, -201.247283936, 7.13271760941, 59.6902618408, -19.9835605621, 29.3174781799, 31.937335968, 88.8439178467, 159.84197998, 72.2557296753, 16.7924003601, 12.9127254486, 1.78582894802], [-236.614059448, -163.253494263, 167.777435303, -37.3841629028, -45.5597190857, 45.5607528687, -51.250164032, 71.0471725464, 72.2557296753, 212.31086731, 21.5394802094, 9.4059009552, 6.31031131744], [23.4530849457, -64.5490951538, -122.504203796, -12.8436689377, 1.68099582195, 31.6465053558, 42.4863815308, 28.9742908478, 16.7924003601, 21.5394802094, 134.412536621, 6.08310461044, 0.769183516502], [-87.3187942505, -90.6142959595, 12.1567468643, 13.9325294495, 26.0285301208, 24.3705234528, -6.14132261276, 41.2785568237, 12.9127254486, 9.4059009552, 6.08310461044, 73.8239364624, 15.1027908325], [5.49378061295, -10.1455421448, -17.9436187744, 2.51309680939, 6.73586368561, -3.95669412613, -21.0682659149, -0.098607480526, 1.78582894802, 6.31031131744, 0.769183516502, 15.1027908325, 86.9092559814]],
        "icov": [[0.000844779715408, -0.000602943706326, 0.00100126257166, -0.000720247044228, 0.000663145794533, -0.000268417701591, 0.000836048566271, -0.00029406385147, 0.00017569900956, -3.98269476136e-05, 0.00023353821598, 0.000233308179304, 0.000199157191673], [-0.000602943706326, 0.00630089594051, -0.00546167558059, 0.00775754451752, -0.00893911253661, 0.00832359772176, -0.00560544850305, 0.00702786771581, -0.00199783267453, 0.00335601647384, -0.00310975406319, 0.00295866420493, -0.00154665426817], [0.00100126257166, -0.00546167558059, 0.00863593164831, -0.00941738113761, 0.0120700625703, -0.00871209334582, 0.00891798641533, -0.00839397776872, 0.0044616679661, -0.0041753705591, 0.00526665057987, -0.00235328404233, 0.00274849822745], [-0.000720247044228, 0.00775754451752, -0.00941738113761, 0.0150315938517, -0.0156093817204, 0.011835904792, -0.0101544819772, 0.0126768313348, -0.00724515039474, 0.00566052971408, -0.00551451649517, 0.00261945580132, -0.00279498938471], [0.000663145794533, -0.00893911253661, 0.0120700625703, -0.0156093817204, 0.0249288827181, -0.0149001721293, 0.0138524305075, -0.0155683122575, 0.00798089709133, -0.00464116362855, 0.00724403653294, -0.00538746127859, 0.00363298598677], [-0.000268417701591, 0.00832359772176, -0.00871209334582, 0.011835904792, -0.0149001721293, 0.01493519824, -0.00986033678055, 0.00989232305437, -0.00372000364587, 0.00470381928608, -0.00557133927941, 0.00411978317425, -0.00262835691683], [0.000836048566271, -0.00560544850305, 0.00891798641533, -0.0101544819772, 0.0138524305075, -0.00986033678055, 0.0138021558523, -0.0103036612272, 0.00409592874348, -0.00219974876381, 0.00422275811434, -0.00167734292336, 0.00356897269376], [-0.00029406385147, 0.00702786771581, -0.00839397776872, 0.0126768313348, -0.0155683122575, 0.00989232305437, -0.0103036612272, 0.0185546483845, -0.00867757387459, 0.00332982419059, -0.00533754564822, 0.000230162695516, -0.00213658739813], [0.00017569900956, -0.00199783267453, 0.0044616679661, -0.00724515039474, 0.00798089709133, -0.00372000364587, 0.00409592874348, -0.00867757387459, 0.0139429178089, -0.00478590326384, 0.00276788161136, -0.000301330786897, 0.00117036991287], [-3.98269476136e-05, 0.00335601647384, -0.0041753705591, 0.00566052971408, -0.00464116362855, 0.00470381928608, -0.00219974876381, 0.00332982419059, -0.00478590326384, 0.00986336078495, -0.00377927534282, 0.00193027267233, -0.00150687806308], [0.00023353821598, -0.00310975406319, 0.00526665057987, -0.00551451649517, 0.00724403653294, -0.00557133927941, 0.00422275811434, -0.00533754564822, 0.00276788161136, -0.00377927534282, 0.0115579562262, -0.00201590778306, 0.00153712241445], [0.000233308179304, 0.00295866420493, -0.00235328404233, 0.00261945580132, -0.00538746127859, 0.00411978317425, -0.00167734292336, 0.000230162695516, -0.000301330786897, 0.00193027267233, -0.00201590778306, 0.0182704422623, -0.00332331121899], [0.000199157191673, -0.00154665426817, 0.00274849822745, -0.00279498938471, 0.00363298598677, -0.00262835691683, 0.00356897269376, -0.00213658739813, 0.00117036991287, -0.00150687806308, 0.00153712241445, -0.00332331121899, 0.0130721926689]]
    },
    "melbands": {
        "max": [0.00258879200555, 0.00425358582288, 0.0036972714588, 0.00224248715676, 0.00348342210054, 0.00538466963917, 0.00583094498143, 0.00415549334139, 0.00322084082291, 0.00221770838834, 0.00115721975453, 0.00200234074146, 0.00195486960001, 0.00322022405453, 0.000861870881636, 0.000520519970451, 0.000932176713832, 0.00107573205605, 0.000614840129856, 0.000922823615838, 0.0012526785722, 0.00120051810518, 0.0010443252977, 0.000897624180652, 0.000708430830855, 0.00045923734433, 0.000317975674989, 9.14373522392e-05, 0.000137025577715, 0.0001352798281, 8.34690945339e-05, 7.28205050109e-05, 5.69319745409e-05, 8.07798642199e-05, 0.000257712235907, 0.000283022643998, 0.000220376998186, 0.000193544809008, 4.51461892226e-05, 8.09842640592e-06],
        "mean": [6.66103878757e-05, 0.000162210504641, 0.000228529315791, 0.000236564228544, 0.000201449875021, 0.0002277752792, 0.000231003185036, 0.000178997172043, 0.00010153074254, 7.23908524378e-05, 6.13991505816e-05, 6.39321224298e-05, 9.26431457628e-05, 0.000113951740786, 4.37967137259e-05, 4.80387352582e-05, 5.51711964363e-05, 8.60581203597e-05, 6.1130602262e-05, 5.82658467465e-05, 7.4000992754e-05, 5.10612189828e-05, 3.03450360661e-05, 1.85066019185e-05, 1.99424321181e-05, 2.79294126813e-05, 1.18592861327e-05, 5.58356759939e-06, 5.21482706972e-06, 4.04451657232e-06, 3.25192854689e-06, 2.09332392842e-06, 1.39596318149e-06, 1.77355070718e-06, 3.56124610335e-06, 4.84301426695e-06, 4.64495451524e-06, 3.87801992474e-06, 1.90180560367e-06, 8.70618180215e-07],
        "min": [9.60574020326e-09, 6.31202956569e-09, 1.49111401004e-09, 1.69101321834e-09, 3.01007307968e-09, 6.03112049191e-09, 8.66671712174e-09, 8.46678549493e-09, 2.55272558647e-09, 1.07814657202e-09, 1.88858706451e-09, 1.58627766478e-09, 4.31295860137e-10, 1.04733159645e-10, 3.16114995291e-10, 2.68860267383e-10, 1.84301157669e-10, 1.35500943799e-09, 1.21091880967e-09, 5.23510013117e-10, 9.12377257078e-11, 1.34228572701e-10, 1.37699143754e-10, 5.2364876324e-11, 2.59646991407e-11, 5.74807354492e-11, 4.31349886365e-11, 1.13971963811e-10, 1.29260546711e-10, 7.15324049994e-11, 1.21116533469e-10, 8.64728705308e-11, 6.12179543169e-11, 2.60708760136e-10, 2.14695969336e-10, 4.07937433833e-10, 4.26171681278e-10, 4.23446749886e-10, 8.02057725791e-11, 2.27995275437e-10],
        "stdev": [0.000145378828165, 0.000289403484203, 0.000348747184034, 0.000304724468151, 0.000366262887837, 0.000486992386868, 0.000534948543645, 0.00040717839147, 0.000254154147115, 0.000158185372129, 0.000129628475406, 0.000166223981068, 0.000221482812776, 0.000346055807313, 7.83772629802e-05, 7.26449143258e-05, 8.58282874105e-05, 0.000143333381857, 7.95298474259e-05, 9.32645634748e-05, 0.000147155413288, 0.000106530860648, 6.02579711995e-05, 5.03235860378e-05, 4.78328074678e-05, 5.43994428881e-05, 2.2515294404e-05, 8.67064045451e-06, 8.60137333802e-06, 7.83944960858e-06, 6.12299390923e-06, 5.15423062097e-06, 3.74452656615e-06, 4.80793414681e-06, 1.19881588034e-05, 1.73695661942e-05, 1.44881241795e-05, 1.19835876831e-05, 3.71032251678e-06, 7.9561448274e-07]
    },
    "melbands128": {
        "max": [0.000550510070752, 0.000477005494758, 0.00352203892544, 0.00704824831337, 0.00513606611639, 0.00286800204776, 0.00287396227941, 0.00534490216523, 0.00637368438765, 0.00339493667707, 0.00339532736689, 0.00510995276272, 0.00634871749207, 0.00871443375945, 0.00841366965324, 0.00757429562509, 0.00847149640322, 0.0108060901985, 0.00594432093203, 0.00515657570213, 0.00874432269484, 0.00607703719288, 0.00393710192293, 0.00327914441004, 0.004315122962, 0.00172518868931, 0.00189902179409, 0.00163921224885, 0.0008954674704, 0.00436749821529, 0.00308799929917, 0.00231396104209, 0.00401043100283, 0.00286182761192, 0.00812260247767, 0.00321986828931, 0.00139180046972, 0.00160371861421, 0.00130014063325, 0.00109931500629, 0.00101311621256, 0.000910571252462, 0.00165517046116, 0.00198056036606, 0.00291880685836, 0.00187474163249, 0.00171579886228, 0.000935525458772, 0.00113102199975, 0.000938215758651, 0.00115315616131, 0.00239626714028, 0.00286601437256, 0.00137318484485, 0.00122582004406, 0.0016689596232, 0.00200658850372, 0.000880845240317, 0.00178340007551, 0.0011841407977, 0.000538615626283, 0.00212512002327, 0.00100301229395, 0.000544215727132, 0.000461941643152, 0.000766500947066, 0.00068158400245, 0.000616350327618, 0.000254372163909, 0.000152004417032, 9.21684404602e-05, 0.000172238607774, 8.92283715075e-05, 0.000141263531987, 0.000220038869884, 0.000190810926142, 0.0002023063862, 7.53992935643e-05, 7.84956500866e-05, 0.000105071769212, 9.63457132457e-05, 9.29046364035e-05, 5.4626056226e-05, 7.39115857868e-05, 6.78430369589e-05, 0.000102547572169, 0.00015122439072, 6.76197887515e-05, 0.000239976638113, 0.000434074405348, 0.00032012941665, 0.000218332526856, 0.000349562760675, 0.000260350614553, 0.000181334748049, 0.000373931368813, 0.000146248334204, 9.58767923294e-05, 6.3153092924e-05, 2.96200560115e-05, 8.31375564303e-06, 8.90774845175e-06, 8.33485319163e-06, 4.41683187091e-06, 2.89436798084e-06, 1.76957757958e-06, 1.92978905034e-06, 1.57443412263e-06, 2.51625829151e-06, 1.10465930447e-06, 1.0531184671e-06, 8.08164031696e-07, 6.78488447647e-08, 1.48144629897e-09, 9.15017894787e-10, 9.06785702082e-10, 9.10449660108e-10, 9.05342634194e-10, 9.05523933614e-10, 9.08179753623e-10, 9.10753361616e-10, 9.08770114716e-10, 9.06536568035e-10, 9.08068842342e-10, 9.06761221664e-10, 9.06537400702e-10, 9.05615304969e-10, 9.07176167519e-10],
        "mean": [6.94985501468e-05, 5.67065326322e-05, 5.36945699423e-05, 0.000105892322608, 0.000167618505657, 0.000206078839255, 0.000205918913707, 0.000249666685704, 0.000239518951275, 0.000245247763814, 0.000230055404245, 0.000201616392587, 0.000190552716958, 0.000199946647626, 0.000240882553044, 0.000237551896134, 0.000223675771849, 0.000263043300947, 0.000195805347175, 0.000183136507985, 0.000183361873496, 0.000117353520181, 8.23796945042e-05, 9.30899623199e-05, 9.68441308942e-05, 5.02851216879e-05, 4.98040608363e-05, 8.46125403768e-05, 3.81485369871e-05, 7.22993718227e-05, 6.83093385305e-05, 5.68364157516e-05, 9.82916753856e-05, 7.99638874014e-05, 0.00020406791009, 9.07261055545e-05, 3.63669605576e-05, 3.43753381458e-05, 5.77395003347e-05, 5.16573891218e-05, 4.51724772574e-05, 4.22241719207e-05, 4.86849203298e-05, 6.42586455797e-05, 7.43763521314e-05, 9.57903830567e-05, 0.000100463868876, 5.26896437805e-05, 5.12642254762e-05, 4.73755935673e-05, 4.62238458567e-05, 7.9233017459e-05, 0.000105495535536, 5.42253146705e-05, 4.74140288134e-05, 5.75316371396e-05, 4.73861800856e-05, 3.89963606722e-05, 2.32693746511e-05, 1.43137240229e-05, 1.38129589686e-05, 2.56222610915e-05, 2.62864014076e-05, 1.55342477228e-05, 1.44743708006e-05, 3.37608471455e-05, 3.54355579475e-05, 1.21154625958e-05, 8.47952287586e-06, 6.93882884661e-06, 5.06823243995e-06, 5.37715914106e-06, 5.18683646078e-06, 5.42294083061e-06, 4.89048261443e-06, 4.18769013777e-06, 3.71804026145e-06, 3.20605204251e-06, 3.30442230734e-06, 3.33615253112e-06, 2.11706674236e-06, 1.81218490525e-06, 1.29669115267e-06, 1.32971888434e-06, 1.46808019963e-06, 1.5324026208e-06, 1.86845727512e-06, 2.25248095376e-06, 3.67579787053e-06, 4.41568727183e-06, 4.64671666123e-06, 4.88691239298e-06, 5.43207306691e-06, 4.42078862761e-06, 4.2543233576e-06, 4.87329907628e-06, 3.74311389351e-06, 2.61630339082e-06, 2.15646855395e-06, 1.44026387261e-06, 8.51634808896e-07, 8.77391642007e-07, 6.94150116942e-07, 6.20724961209e-07, 4.41423139819e-07, 3.68033795439e-07, 2.43015534807e-07, 1.63896316963e-07, 1.02372162303e-07, 5.72602090188e-08, 1.67175269183e-08, 8.05867284015e-09, 4.14639711455e-10, 8.37245897611e-12, 4.63111710439e-12, 4.00163235881e-12, 3.68654282448e-12, 3.23482213238e-12, 3.15126050254e-12, 3.0814784318e-12, 3.02045129359e-12, 2.96139176549e-12, 2.90907228861e-12, 2.86772949137e-12, 2.83131612773e-12, 2.80415079178e-12, 2.78409456947e-12, 2.77246520013e-12],
        "min": [7.98343524622e-09, 9.55964107874e-09, 1.04165529535e-08, 9.4991996491e-09, 6.81679868109e-09, 3.69079189433e-09, 1.63542879239e-09, 9.59384571786e-10, 9.5875263284e-10, 8.72962396814e-11, 2.34228458851e-09, 3.03107361432e-09, 2.85889312224e-09, 3.27555160773e-09, 5.72418379363e-09, 7.83407383409e-09, 7.85432696659e-09, 8.28611490533e-09, 1.034642505e-08, 1.03923234462e-08, 7.11738268322e-09, 4.03451227982e-09, 1.99005945056e-09, 9.80497572023e-10, 8.48188241864e-10, 1.1866844174e-09, 1.38649836057e-09, 1.80353443291e-09, 2.55090659707e-09, 2.13901629742e-09, 1.16245901793e-09, 6.39578390249e-10, 4.67302530005e-10, 2.22693391505e-10, 4.76773273639e-11, 6.47403103349e-11, 2.04709554863e-10, 2.55074655842e-10, 5.16915399373e-10, 2.91475149572e-10, 2.58216448223e-10, 1.37494363117e-10, 6.51768569671e-11, 1.1908717068e-10, 8.34051383514e-10, 1.76589587397e-09, 1.79434733738e-09, 1.25036547782e-09, 1.01351749215e-09, 7.47427231218e-10, 5.35375632715e-10, 2.02191666188e-10, 5.61165003354e-11, 4.4094075613e-11, 1.34947636399e-10, 1.05598571554e-10, 1.91388488391e-10, 1.71533134918e-10, 1.20219306732e-10, 6.23068679984e-11, 5.85363493788e-11, 3.4756208328e-11, 2.64127417854e-11, 2.85461949218e-11, 1.44102429642e-11, 4.21941405426e-11, 1.1832182456e-10, 4.43344215506e-11, 2.7099747793e-11, 2.11147141438e-11, 1.33177788242e-10, 1.48384249332e-10, 1.15849489724e-10, 6.28519042367e-11, 5.00899426104e-11, 8.09749836628e-11, 3.75563885546e-11, 1.33587169104e-10, 5.27346603885e-11, 7.12641334832e-11, 6.15175896335e-11, 1.34150121567e-10, 5.42349880284e-11, 4.87291908213e-11, 5.65065251534e-11, 3.46960342401e-11, 5.01502797623e-11, 2.33235264435e-10, 1.25791252414e-10, 1.29090585443e-10, 2.92327134721e-10, 5.84831794104e-10, 1.00299976658e-10, 4.77300754476e-10, 3.13122389128e-10, 5.63455060387e-10, 5.55377299705e-10, 3.36958343172e-11, 1.65607319524e-11, 6.15498832457e-11, 5.02279780268e-11, 5.87615928138e-11, 1.13953048386e-11, 7.88795949131e-13, 3.21235160868e-12, 4.86125571221e-13, 1.4465525674e-13, 1.25225174739e-13, 3.77157208459e-14, 3.81705029997e-14, 2.95760357665e-14, 2.75166682788e-14, 2.3956859852e-14, 1.8406647666e-14, 1.96684404603e-14, 1.98004624036e-14, 1.70545238901e-14, 1.50610708123e-14, 1.90535284219e-14, 1.95847959568e-14, 1.84802328063e-14, 2.01292026667e-14, 1.6178159886e-14, 1.58977852042e-14, 1.95524545448e-14, 1.77282505082e-14, 1.87544800517e-14, 1.75203174722e-14],
        "stdev": [7.55118162488e-05, 6.21333529125e-05, 0.000181629191502, 0.000434306712123, 0.000349951937096, 0.000344587693689, 0.000365519721527, 0.000544605834875, 0.000501732109115, 0.000403041573009, 0.000428942585131, 0.000465494842501, 0.00050866487436, 0.000585409230553, 0.000657720316667, 0.000701612385456, 0.000702059012838, 0.000816815940198, 0.00057526276214, 0.000511690042913, 0.000590059615206, 0.000438045826741, 0.000265424576355, 0.000273644312983, 0.000279442872852, 0.000134924339363, 0.000117478462926, 0.000222357353778, 7.7935103036e-05, 0.000240179375396, 0.00024426553864, 0.000193563580979, 0.000359620869858, 0.000229906581808, 0.00077898876043, 0.000287832081085, 9.49633104028e-05, 8.93759788596e-05, 0.000118158197438, 9.96249436866e-05, 9.33404371608e-05, 7.72759813117e-05, 9.7781077784e-05, 0.000137210110552, 0.000169297956745, 0.000201998234843, 0.000184436124982, 9.41409816733e-05, 0.000107133302663, 8.20705463411e-05, 8.53416640894e-05, 0.00023627342307, 0.000300305895507, 0.000119706637633, 9.14696211112e-05, 0.00016412154946, 0.000137729410199, 8.58722050907e-05, 6.74221955705e-05, 4.54103501397e-05, 4.12345689256e-05, 0.000100425910205, 8.11091740616e-05, 4.28724270023e-05, 3.59610348823e-05, 8.08590266388e-05, 7.79252004577e-05, 3.56871023541e-05, 2.16404405364e-05, 1.28330029838e-05, 8.5715601017e-06, 1.21990387925e-05, 8.76524700288e-06, 9.43182658375e-06, 1.11435601866e-05, 8.84883411345e-06, 8.67685048433e-06, 6.16611532678e-06, 6.69704286338e-06, 7.78698358772e-06, 5.57727480555e-06, 5.81240738029e-06, 3.79402513317e-06, 4.26355154559e-06, 3.9949627535e-06, 4.78627634948e-06, 6.33554645901e-06, 6.04373781243e-06, 1.17309673442e-05, 1.8540848032e-05, 1.81541727216e-05, 1.70965704456e-05, 2.03445324587e-05, 1.50921314344e-05, 1.19108744912e-05, 1.91554263438e-05, 1.11133786049e-05, 7.04650483385e-06, 4.56675297755e-06, 2.27131499742e-06, 8.29422276638e-07, 8.59917690832e-07, 7.09016489964e-07, 5.27073723333e-07, 3.94211213006e-07, 3.23251015288e-07, 2.42692607344e-07, 1.66485534692e-07, 1.26571052306e-07, 8.32970172837e-08, 5.86691335513e-08, 4.26696864508e-08, 2.98787639075e-09, 6.61757801335e-11, 3.33616398396e-11, 3.21648679913e-11, 3.06704696362e-11, 2.9335790741e-11, 2.91459217872e-11, 2.9060191753e-11, 2.89980435497e-11, 2.87960575523e-11, 2.86318382198e-11, 2.86009427947e-11, 2.84748960522e-11, 2.84146473711e-11, 2.83558697356e-11, 2.83620158609e-11]
    },
    "mfcc": {
        "mean": [-647.653503418, 77.8854598999, -14.3647174835, 1.94347715378, 17.4267520905, -2.03639888763, -5.07276964188, -5.01968050003, -1.95991683006, 7.94028806686, -9.18721580505, 4.20611476898, -4.06685686111],
        "cov": [[2899.07788086, 580.701965332, -1011.17889404, 282.094238281, -226.391189575, -120.503036499, -46.1973304749, -17.2397022247, -211.828323364, -140.552383423, -203.823318481, -59.164478302, -71.0744094849], [580.701965332, 1320.64599609, -77.7342681885, 103.513412476, -92.685546875, -212.083007812, -114.885940552, -233.560470581, -139.232620239, -200.942581177, -152.202209473, -157.812225342, -18.0718650818], [-1011.17889404, -77.7342681885, 1041.08105469, 19.0232486725, 154.640884399, 74.1613693237, -121.216178894, -170.480682373, 57.6626853943, -0.897525012493, 14.1849336624, 30.6834888458, -20.1576423645], [282.094238281, 103.513412476, 19.0232486725, 529.045227051, -29.650800705, -31.3056106567, -157.736328125, -31.7677116394, -55.646320343, -34.541934967, -75.4834442139, -75.6851806641, 2.52609300613], [-226.391189575, -92.685546875, 154.640884399, -29.650800705, 348.833709717, 14.0273485184, -16.6294345856, -26.9707641602, 26.921585083, -34.2555427551, -18.2058677673, 45.2066574097, -13.7565784454], [-120.503036499, -212.083007812, 74.1613693237, -31.3056106567, 14.0273485184, 209.844085693, 49.3554344177, 36.7555999756, 8.9124546051, 7.87131071091, 2.96699023247, -1.78686523438, -20.338552475], [-46.1973304749, -114.885940552, -121.216178894, -157.736328125, -16.6294345856, 49.3554344177, 218.235366821, 90.6098098755, -0.693156421185, 23.8947620392, 21.3086948395, 21.6147708893, -8.18635749817], [-17.2397022247, -233.560470581, -170.480682373, -31.7677116394, -26.9707641602, 36.7555999756, 90.6098098755, 280.249420166, 19.4861240387, 40.695148468, 44.9132194519, -23.341632843, -7.44210577011], [-211.828323364, -139.232620239, 57.6626853943, -55.646320343, 26.921585083, 8.9124546051, -0.693156421185, 19.4861240387, 159.036178589, 40.4272346497, 21.9315986633, 44.832408905, 1.02520751953], [-140.552383423, -200.942581177, -0.897525012493, -34.541934967, -34.2555427551, 7.87131071091, 23.8947620392, 40.695148468, 40.4272346497, 138.85256958, 64.3798675537, 40.1391944885, 25.4596576691], [-203.823318481, -152.202209473, 14.1849336624, -75.4834442139, -18.2058677673, 2.96699023247, 21.3086948395, 44.9132194519, 21.9315986633, 64.3798675537, 147.444442749, 45.998916626, 28.5239753723], [-59.164478302, -157.812225342, 30.6834888458, -75.6851806641, 45.2066574097, -1.78686523438, 21.6147708893, -23.341632843, 44.832408905, 40.1391944885, 45.998916626, 146.100036621, 24.4822826385], [-71.0744094849, -18.0718650818, -20.1576423645, 2.52609300613, -13.7565784454, -20.338552475, -8.18635749817, -7.44210577011, 1.02520751953, 25.4596576691, 28.5239753723, 24.4822826385, 82.7967529297]],
        "icov": [[0.000810242199805, -0.000182564137504, 0.000804473063909, -0.000258175801719, 0.000273010402452, -0.000124294296256, 0.000411686574807, 5.84412882745e-05, 0.000624354928732, 8.77324200701e-05, 0.000646646367386, -0.000883463770151, 0.00092395034153], [-0.000182564137504, 0.00171153002884, -0.000108799373265, 0.000295189500321, 0.000361096695997, 0.00142149429303, -8.46465627546e-05, 0.00109879591037, 0.000282938941382, 0.0014774663141, 0.000269816606306, 0.00152012007311, -0.000319324375596], [0.000804473063909, -0.000108799373265, 0.00210746470839, -0.000239777917159, -0.000195910877665, -0.000695484515745, 0.000974766386207, 0.000912012765184, 0.000252247729804, -3.98290576413e-05, 0.000174492990482, -0.00064449198544, 0.00130176800303], [-0.000258175801719, 0.000295189500321, -0.000239777917159, 0.00293736997992, 0.000160346142366, 0.000157689733896, 0.00200982927345, -0.000373524002498, 0.000663885497488, -0.000181758441613, 0.00112224067561, 0.000993016525172, -0.000707241648342], [0.000273010402452, 0.000361096695997, -0.000195910877665, 0.000160346142366, 0.00363995158114, 0.000260977190919, 0.000407212239224, -6.95809067111e-05, 6.20909413556e-05, 0.00152908451855, 0.000899997947272, -0.00139168510213, 0.000593972683419], [-0.000124294296256, 0.00142149429303, -0.000695484515745, 0.000157689733896, 0.000260977190919, 0.00669720349833, -0.00142158998642, 0.000281510438072, 0.000217886263272, 0.00102916161995, 0.00040921283653, 0.00136715325061, 0.000738281523809], [0.000411686574807, -8.46465627546e-05, 0.000974766386207, 0.00200982927345, 0.000407212239224, -0.00142158998642, 0.00788995996118, -0.00187271449249, 0.00150975713041, -0.000580305350013, 0.00124321889598, -0.00156700133812, 0.00103594979737], [5.84412882745e-05, 0.00109879591037, 0.000912012765184, -0.000373524002498, -6.95809067111e-05, 0.000281510438072, -0.00187271449249, 0.00608947174624, -0.000753451662604, 0.000115091366752, -0.00156564463396, 0.00268175336532, 0.000663551152684], [0.000624354928732, 0.000282938941382, 0.000252247729804, 0.000663885497488, 6.20909413556e-05, 0.000217886263272, 0.00150975713041, -0.000753451662604, 0.00842584297061, -0.00147704128176, 0.00134391593747, -0.00234229583293, 0.00136372528505], [8.77324200701e-05, 0.0014774663141, -3.98290576413e-05, -0.000181758441613, 0.00152908451855, 0.00102916161995, -0.000580305350013, 0.000115091366752, -0.00147704128176, 0.0119168944657, -0.00272715371102, -0.000486374745378, -0.00170929427259], [0.000646646367386, 0.000269816606306, 0.000174492990482, 0.00112224067561, 0.000899997947272, 0.00040921283653, 0.00124321889598, -0.00156564463396, 0.00134391593747, -0.00272715371102, 0.0109429229051, -0.00249058171175, -0.00135703303386], [-0.000883463770151, 0.00152012007311, -0.00064449198544, 0.000993016525172, -0.00139168510213, 0.00136715325061, -0.00156700133812, 0.00268175336532, -0.00234229583293, -0.000486374745378, -0.00249058171175, 0.0120153129101, -0.00293931737542], [0.00092395034153, -0.000319324375596, 0.00130176800303, -0.000707241648342, 0.000593972683419, 0.000738281523809, 0.00103594979737, 0.000663551152684, 0.00136372528505, -0.00170929427259, -0.00135703303386, -0.00293931737542, 0.0154271768406]]
    },
    "spectral_contrast_coeffs": {
        "max": [-0.422981470823, -0.453761011362, -0.540934622288, -0.594779193401, -0.582642436028, -0.591594338417],
        "mean": [-0.694203138351, -0.757201254368, -0.788093686104, -0.795263171196, -0.784142971039, -0.792474150658],
        "min": [-0.965444862843, -0.938760817051, -0.914389193058, -0.900263667107, -0.922258555889, -0.898950874805],
        "stdev": [0.104253396392, 0.0883353054523, 0.0745768547058, 0.0585876703262, 0.0500245541334, 0.0586507096887]
    },
    "spectral_contrast_valleys": {
        "max": [-5.3012804985, -4.96018505096, -5.67540788651, -5.78091096878, -5.5737323761, -8.10282707214],
        "mean": [-7.89696455002, -7.2555680275, -7.5658955574, -7.12256669998, -7.42505311966, -9.6501865387],
        "min": [-10.8931360245, -10.864192009, -12.520031929, -12.2630977631, -12.4419384003, -13.5932674408],
        "stdev": [0.676701486111, 0.764428019524, 0.809539556503, 0.744670987129, 0.718277215958, 0.568114280701]
    }
},
"rhythm": {
    "beats_count": 66,
    "beats_loudness": {
        "max": 0.035773538053,
        "mean": 0.0186227858067,
        "min": 0.000837637810037,
        "stdev": 0.0103117749095
    },
    "bpm": 143.422744751,
    "bpm_histogram_first_peak_bpm": 144,
    "bpm_histogram_first_peak_weight": 0.523809552193,
    "bpm_histogram_second_peak_bpm": 129,
    "bpm_histogram_second_peak_spread": 0.357142806053,
    "bpm_histogram_second_peak_weight": 0.13846154511,
    "danceability": 1.11030471325,
    "onset_rate": 3.343552351,
    "beats_loudness_band_ratio": {
        "max": [0.531151592731, 0.638597846031, 0.800964593887, 0.552177727222, 0.777458965778, 0.923485815525],
        "mean": [0.134217500687, 0.168969035149, 0.20368398726, 0.171226680279, 0.240089297295, 0.130835875869],
        "min": [0.00673166336492, 0.00195135816466, 0.00362536939792, 0.00252224621363, 0.0150626469404, 0.00976491067559],
        "stdev": [0.129250258207, 0.168713793159, 0.195479333401, 0.149702236056, 0.178214892745, 0.165037974715]
    },
