{
"metadata": {
    "version": {
        "essentia": "2.1-beta5",
        "essentia_git_sha": "Undefined",
        "extractor": "music 2.0"
    },
    "audio_properties": {
        "analysis": {
            "equal_loudness": 0,
            "length": 48.7502937317,
            "sample_rate": 44100,
            "start_time": 12.7477550507,
            "downmix": "mix"
        },
        "bit_rate": 192000,
        "length": 219.892974854,
        "lossless": 0,
        "number_channels": 2,
        "replay_gain": -10.9041004181,
        "sample_rate": 48000,
        "codec": "mp3",
        "md5_encoded": "372f56c851fd7b3df85fb631afe61413"
    },
    "tags": {
        "file_name": "Iceland_Gleðibankinn_Icy.mp3",
        "encoding": ["Lavf58.29.100"]
    }
},
"lowlevel": {
    "average_loudness": 0.383869171143,
    "barkbands_crest": {
        "max": 24.8061084747,
        "mean": 8.65567684174,
        "min": 2.35168409348,
        "stdev": 4.21700811386
    },
    "barkbands_flatness_db": {
        "max": 0.295245140791,
        "mean": 0.126648649573,
        "min": 0.0300939474255,
        "stdev": 0.0464887470007
    },
    "barkbands_kurtosis": {
        "max": 80.958770752,
        "mean": 1.8905916214,
        "min": -1.81457591057,
        "stdev": 5.51263332367
    },
    "barkbands_skewness": {
        "max": 8.39768028259,
        "mean": 0.913296878338,
        "min": -2.98141551018,
        "stdev": 1.08713018894
    },
    "barkbands_spread": {
        "max": 85.5654449463,
        "mean": 26.8197746277,
        "min": 1.48072063923,
        "stdev": 16.6819934845
    },
    "dissonance": {
        "max": 0.500000178814,
        "mean": 0.46804729104,
        "min": 0.2257181108,
        "stdev": 0.0310452692211
    },
    "dynamic_complexity": 9.75440216064,
    "erbbands_crest": {
        "max": 28.9698734283,
        "mean": 8.31888103485,
        "min": 2.0634765625,
        "stdev": 4.57590007782
    },
    "erbbands_flatness_db": {
        "max": 0.343112379313,
        "mean": 0.172060787678,
        "min": 0.0655326619744,
        "stdev": 0.0519164130092
    },
    "erbbands_kurtosis": {
        "max": 16.2879543304,
        "mean": 0.444711118937,
        "min": -1.77478039265,
        "stdev": 1.93222737312
    },
    "erbbands_skewness": {
        "max": 3.30562543869,
        "mean": 0.160169422626,
        "min": -2.51022315025,
        "stdev": 0.788345098495
    },
    "erbbands_spread": {
        "max": 131.60635376,
        "mean": 36.6434326172,
        "min": 5.02303314209,
        "stdev": 19.638299942
    },
    "hfc": {
        "max": 277.359191895,
        "mean": 12.8032302856,
        "min": 1.11850369813e-16,
        "stdev": 19.78881073
    },
    "loudness_ebu128": {
        "integrated": -14.7684001923,
        "loudness_range": 12.5673828125,
        "momentary": {
            "max": -8.40499687195,
            "mean": -21.9762096405,
            "min": -51.5062255859,
            "stdev": 11.654250145
        },
        "short_term": {
            "max": -11.5698604584,
            "mean": -19.8493824005,
            "min": -50.9424972534,
            "stdev": 9.84342670441
        }
    },
    "melbands_crest": {
        "max": 32.9132080078,
        "mean": 12.0109081268,
        "min": 2.40570282936,
        "stdev": 6.18691587448
    },
    "melbands_flatness_db": {
        "max": 0.375901997089,
        "mean": 0.149815693498,
        "min": 0.00481016514823,
        "stdev": 0.054450519383
    },
    "melbands_kurtosis": {
        "max": 207.169647217,
        "mean": 7.65586280823,
        "min": -1.74965822697,
        "stdev": 12.7625589371
    },
    "melbands_skewness": {
        "max": 12.6827192307,
        "mean": 1.89840853214,
        "min": -2.02827429771,
        "stdev": 1.51946806908
    },
    "melbands_spread": {
        "max": 252.071411133,
        "mean": 33.3593406677,
        "min": 1.56385040283,
        "stdev": 22.668170929
    },
    "pitch_salience": {
        "max": 0.920760214329,
        "mean": 0.615633606911,
        "min": 0.147598460317,
        "stdev": 0.124960914254
    },
    "silence_rate_20dB": {
        "max": 1,
        "mean": 1,
        "min": 1,
        "stdev": 0
    },
    "silence_rate_30dB": {
        "max": 1,
        "mean": 0.99857211113,
        "min": 0,
        "stdev": 0.0377610698342
    },
    "silence_rate_60dB": {
        "max": 1,
        "mean": 0.379343181849,
        "min": 0,
        "stdev": 0.485217183828
    },
    "spectral_centroid": {
        "max": 11564.8320312,
        "mean": 1813.94421387,
        "min": 277.905700684,
        "stdev": 809.380187988
    },
    "spectral_complexity": {
        "max": 52,
        "mean": 11.7896242142,
        "min": 0,
        "stdev": 10.0943384171
    },
    "spectral_decrease": {
        "max": 4.81036573129e-29,
        "mean": -2.9615871977e-09,
        "min": -2.99133731119e-08,
        "stdev": 4.26536317377e-09
    },
    "spectral_energy": {
        "max": 0.117839761078,
        "mean": 0.012339008972,
        "min": 1.0577223924e-20,
        "stdev": 0.0175162069499
    },
    "spectral_energyband_high": {
        "max": 0.0430563911796,
        "mean": 0.000515940715559,
        "min": 7.49592848241e-21,
        "stdev": 0.00167417223565
    },
    "spectral_energyband_low": {
        "max": 0.0401325449347,
        "mean": 0.00134128914215,
        "min": 3.8367783671e-23,
        "stdev": 0.0029494848568
    },
    "spectral_energyband_middle_high": {
        "max": 0.0564587339759,
        "mean": 0.00361576396972,
        "min": 1.60086459126e-21,
        "stdev": 0.00602435413748
    },
    "spectral_energyband_middle_low": {
        "max": 0.108480423689,
        "mean": 0.00724142137915,
        "min": 2.98929966926e-22,
        "stdev": 0.0122129963711
    },
    "spectral_entropy": {
        "max": 9.80735588074,
        "mean": 7.72605895996,
        "min": 6.16460466385,
        "stdev": 0.452092975378
    },
    "spectral_flux": {
        "max": 0.324477314949,
        "mean": 0.0513035729527,
        "min": 7.07115546672e-11,
        "stdev": 0.0465297996998
    },
    "spectral_kurtosis": {
        "max": 24.8288612366,
        "mean": 3.37307024002,
        "min": -1.19042360783,
        "stdev": 2.47109746933
    },
    "spectral_rms": {
        "max": 0.0107222022489,
        "mean": 0.00268142577261,
        "min": 3.21235768021e-12,
        "stdev": 0.00220181816258
    },
    "spectral_rolloff": {
        "max": 19035.3515625,
        "mean": 2388.95092773,
        "min": 86.1328125,
        "stdev": 1796.28881836
    },
    "spectral_skewness": {
        "max": 3.80784630775,
        "mean": 1.31189227104,
        "min": -0.0638593658805,
        "stdev": 0.475580781698
    },
    "spectral_spread": {
        "max": 40828564,
        "mean": 4529514.5,
        "min": 1994137.625,
        "stdev": 1725338
    },
    "spectral_strongpeak": {
        "max": 11.679063797,
        "mean": 0.916546165943,
        "min": 0,
        "stdev": 1.47469437122
    },
    "zerocrossingrate": {
        "max": 0.8212890625,
        "mean": 0.0862424150109,
        "min": 0.01123046875,
        "stdev": 0.0506663359702
    },
    "barkbands": {
        "max": [0.000307307520416, 0.0326608493924, 0.0187374893576, 0.0217434763908, 0.0733166113496, 0.0477108433843, 0.0470890589058, 0.0494012907147, 0.0646447390318, 0.0438149645925, 0.0126155400649, 0.0063468660228, 0.015961760655, 0.0352468676865, 0.00650353496894, 0.00541977304965, 0.0218474976718, 0.00997424963862, 0.0237958561629, 0.0117313237861, 0.0140037769452, 0.022704353556, 0.00636755814776, 0.00421837670729, 0.00256585446186, 0.000195644577616, 1.94885416249e-07],
        "mean": [6.8322469815e-06, 0.000618743768428, 0.000488448305987, 0.000537749612704, 0.00119942054152, 0.00111624109559, 0.00107724801637, 0.00102717522532, 0.00193194765598, 0.000682473473717, 0.000350893416908, 0.000196582928766, 0.000521405832842, 0.000712385575753, 0.000199905451154, 0.000198054185603, 0.000469291961053, 0.00019886669179, 0.000221782785957, 0.000142875025631, 0.000146140315337, 0.000155293848366, 7.48817619751e-05, 4.38763599959e-05, 1.65282581293e-05, 3.96081395593e-06, 2.52593346239e-09],
        "min": [3.03418090861e-24, 2.25705837199e-23, 2.1625460119e-24, 1.01121136989e-23, 4.50701131603e-23, 3.07264130928e-23, 6.56226628891e-23, 4.49764722154e-23, 3.86623948201e-23, 5.51993490852e-23, 2.62230649313e-23, 1.24904739501e-22, 8.72378682108e-23, 8.56072927197e-23, 1.54332583414e-22, 1.36176425877e-22, 2.21593779823e-22, 2.0467181726e-22, 1.85977744938e-22, 1.95049456022e-22, 3.64368339286e-22, 6.33408000482e-22, 6.69718977648e-22, 6.5843475785e-22, 1.08950591886e-21, 1.69336604236e-21, 2.08717580659e-21],
        "stdev": [1.99370660994e-05, 0.00180702004582, 0.00128236005548, 0.00116640771739, 0.00262391474098, 0.00276337424293, 0.00301157101057, 0.00331575633027, 0.00635558273643, 0.002671999624, 0.00100405467674, 0.00043614153401, 0.00145524146501, 0.0023363311775, 0.000453417189419, 0.000422267854447, 0.00128633331042, 0.000469846476335, 0.000889818591531, 0.000409977190429, 0.000528537784703, 0.000652472663205, 0.000287615665002, 0.000215139792999, 8.37314219098e-05, 1.04033524622e-05, 7.31760430028e-09]
    },
    "erbbands": {
        "max": [0.632767915726, 8.31054401398, 14.8136253357, 49.0029373169, 137.179504395, 297.673614502, 155.134033203, 591.514160156, 609.056213379, 811.417053223, 1339.13830566, 1790.72058105, 2110.93237305, 1444.30053711, 526.993164062, 203.832443237, 856.351745605, 1729.74194336, 580.416381836, 434.1590271, 363.704040527, 1172.54528809, 578.055541992, 820.082946777, 877.465820312, 597.150512695, 648.201171875, 400.44821167, 462.395507812, 732.83392334, 165.560943604, 93.3580474854, 64.8366546631, 39.9645729065, 9.64443588257, 1.46819257736, 0.262619912624, 0.00666352175176, 0.000346301007085, 0.000166475845617],
        "mean": [0.0128496773541, 0.158486276865, 0.496911644936, 1.26626610756, 2.84728193283, 4.34125232697, 5.97798109055, 9.44194030762, 12.2296943665, 22.9156551361, 23.9312820435, 44.2647972107, 34.5302963257, 14.2471780777, 13.3311386108, 10.6250295639, 26.4177875519, 37.7657661438, 15.0375003815, 12.0817975998, 13.7047863007, 23.2989196777, 13.8677215576, 9.37531280518, 10.6413440704, 7.09290885925, 6.69951295853, 5.30482006073, 4.95958900452, 4.13440179825, 2.14474725723, 1.16720044613, 0.57601338625, 0.229880660772, 0.0991958752275, 0.0308206882328, 0.00465010711923, 0.000127483479446, 1.31541310111e-05, 1.6064304873e-05],
        "min": [3.00641908686e-22, 5.03850453339e-21, 4.53472286367e-21, 1.82573705371e-20, 8.391911458e-20, 9.54265798432e-20, 1.71524727581e-19, 2.51649978282e-19, 8.75008402366e-19, 7.93531370523e-19, 1.29564390932e-18, 9.14741195909e-19, 1.68076762199e-18, 1.61729019538e-18, 2.35850554578e-18, 5.69644256766e-18, 4.82334226418e-18, 3.83404500491e-18, 6.36095563122e-18, 8.7586366576e-18, 9.83717429725e-18, 1.20692310175e-17, 1.09255586949e-17, 1.24299586924e-17, 9.21737696325e-18, 8.55340901173e-18, 1.44684344698e-17, 1.58285774772e-17, 1.96881492758e-17, 2.34463285837e-17, 1.68776906481e-17, 1.4238741303e-17, 1.24688609966e-17, 9.40986271898e-18, 7.32053684057e-18, 5.75211471802e-18, 3.33491926021e-18, 1.19223071971e-18, 3.40204961981e-19, 2.84757862912e-20],
        "stdev": [0.0379322431982, 0.46545997262, 1.28783071041, 2.6675362587, 6.39818143845, 10.7740335464, 14.1376657486, 26.6557731628, 34.4545249939, 60.6707344055, 80.5460510254, 146.051818848, 138.251358032, 51.7719039917, 35.4468994141, 21.2491722107, 70.5041656494, 122.496643066, 34.170627594, 27.805809021, 31.9222946167, 63.1640625, 31.8937911987, 34.2812995911, 37.236995697, 20.339515686, 25.3161754608, 17.0239028931, 16.771692276, 20.8439350128, 8.62816905975, 5.63731575012, 2.90579557419, 1.28222167492, 0.430462807417, 0.0819672569633, 0.0140049504116, 0.000382086233003, 2.27844338951e-05, 2.21504888032e-05]
    },
    "gfcc": {
        "mean": [-108.143516541, 77.9710006714, -144.301605225, 39.9976730347, -73.7333221436, 16.0412406921, -44.1602783203, 7.84258794785, -20.6322441101, 2.26188135147, -14.8318824768, -5.08013916016, -8.16663551331],
        "cov": [[24081.3535156, 3218.59912109, -1793.1550293, -212.393112183, -566.841491699, -931.525817871, -57.8783874512, -562.700866699, -224.889984131, -188.463119507, -411.183319092, -176.445480347, -456.478759766], [3218.59912109, 1705.90686035, 134.241271973, -178.97883606, -98.6847381592, -402.113616943, 0.109718613327, -248.066101074, -11.4933996201, -162.880645752, -29.1911067963, -74.2647781372, 10.209233284], [-1793.1550293, 134.241271973, 917.305847168, 262.493682861, 68.1066589355, 23.2004890442, -16.0875473022, -20.67137146, -57.2532463074, 7.77369689941, 1.78250920773, 38.1386871338, 46.1240692139], [-212.393112183, -178.97883606, 262.493682861, 643.428039551, 76.6618499756, 55.6721572876, 50.9696846008, -43.0084381104, 31.0618591309, -18.4109535217, 14.6149158478, -38.4472236633, 10.4058856964], [-566.841491699, -98.6847381592, 68.1066589355, 76.6618499756, 257.240539551, 81.5852966309, 30.9342556, 76.7693481445, 18.5855751038, 75.4493713379, 10.2563333511, 43.5716514587, -8.77156639099], [-931.525817871, -402.113616943, 23.2004890442, 55.6721572876, 81.5852966309, 264.149902344, 59.941444397, 89.7213592529, 6.2776761055, 67.1253890991, 30.3966197968, 39.9700241089, 1.76162171364], [-57.8783874512, 0.109718613327, -16.0875473022, 50.9696846008, 30.9342556, 59.941444397, 192.999694824, 64.77293396, 32.7162628174, 1.32056939602, 26.5594959259, -5.15434169769, -20.1185150146], [-562.700866699, -248.066101074, -20.67137146, -43.0084381104, 76.7693481445, 89.7213592529, 64.77293396, 194.700759888, 25.495595932, 68.7833557129, 15.0770301819, 34.9046440125, -1.25800144672], [-224.889984131, -11.4933996201, -57.2532463074, 31.0618591309, 18.5855751038, 6.2776761055, 32.7162628174, 25.495595932, 142.883407593, 11.3435983658, 16.6787014008, -9.08310127258, -0.97277790308], [-188.463119507, -162.880645752, 7.77369689941, -18.4109535217, 75.4493713379, 67.1253890991, 1.32056939602, 68.7833557129, 11.3435983658, 137.428207397, 13.1009073257, 45.0369377136, -12.7481613159], [-411.183319092, -29.1911067963, 1.78250920773, 14.6149158478, 10.2563333511, 30.3966197968, 26.5594959259, 15.0770301819, 16.6787014008, 13.1009073257, 99.4173660278, 8.95992660522, 20.5330352783], [-176.445480347, -74.2647781372, 38.1386871338, -38.4472236633, 43.5716514587, 39.9700241089, -5.15434169769, 34.9046440125, -9.08310127258, 45.0369377136, 8.95992660522, 98.1050949097, 19.7046947479], [-456.478759766, 10.209233284, 46.1240692139, 10.4058856964, -8.77156639099, 1.76162171364, -20.1185150146, -1.25800144672, -0.97277790308, -12.7481613159, 20.5330352783, 19.7046947479, 92.1866149902]],
        "icov": [[0.000140653559356, -0.000401781871915, 0.000422583689215, -0.000364524545148, 0.000348622066667, -7.2704620834e-05, 0.000145605124999, -0.000188940713997, 0.000354682822945, -0.000300201470964, 0.000378042896045, -0.000392300571548, 0.000596319616307], [-0.000401781871915, 0.00246090162545, -0.00158824399114, 0.00171209289692, -0.00157418637536, 0.00192701339256, -0.00154519861098, 0.00199342123233, -0.00121000036597, 0.00117802468594, -0.00113363366108, 0.00141622428782, -0.00205734046176], [0.000422583689215, -0.00158824399114, 0.00274656550027, -0.00189622491598, 0.00102158973459, -0.000601098989137, 0.000834019097965, -0.000951945490669, 0.00175496726297, -0.00104828143958, 0.00123519462068, -0.00182457396295, 0.00137438392267], [-0.000364524545148, 0.00171209289692, -0.00189622491598, 0.00344560248777, -0.00193970568944, 0.000486987817567, -0.00150171341375, 0.00218450510874, -0.00158980477136, 0.00109779532067, -0.00102134165354, 0.00239392509684, -0.00207576830871], [0.000348622066667, -0.00157418637536, 0.00102158973459, -0.00193970568944, 0.00657671084628, -0.00138760171831, 0.000792911218014, -0.00231666234322, 0.000621272134595, -0.00259569240734, 0.00111405493226, -0.00253495783545, 0.00234344531782], [-7.2704620834e-05, 0.00192701339256, -0.000601098989137, 0.000486987817567, -0.00138760171831, 0.00760797178373, -0.00251719402149, 0.000577971455641, 0.000172457002918, -0.000801511923783, -0.00108962971717, -0.000399019074393, -0.000927540997509], [0.000145605124999, -0.00154519861098, 0.000834019097965, -0.00150171341375, 0.000792911218014, -0.00251719402149, 0.00819341652095, -0.0039030672051, -0.000380664132535, 0.0013925251551, -0.00126525259111, -0.000505860138219, 0.00308121857233], [-0.000188940713997, 0.00199342123233, -0.000951945490669, 0.00218450510874, -0.00231666234322, 0.000577971455641, -0.0039030672051, 0.0102100344375, -0.00147265638225, -0.00189540546853, -2.93091397907e-05, 0.00054095662199, -0.00225731823593], [0.000354682822945, -0.00121000036597, 0.00175496726297, -0.00158980477136, 0.000621272134595, 0.000172457002918, -0.000380664132535, -0.00147265638225, 0.00889033637941, -0.00155159749556, 2.97301994578e-05, -0.000101500852907, 0.00103863317054], [-0.000300201470964, 0.00117802468594, -0.00104828143958, 0.00109779532067, -0.00259569240734, -0.000801511923783, 0.0013925251551, -0.00189540546853, -0.00155159749556, 0.0125491153449, -0.00209293281659, -0.00261299684644, 0.00157366972417], [0.000378042896045, -0.00113363366108, 0.00123519462068, -0.00102134165354, 0.00111405493226, -0.00108962971717, -0.00126525259111, -2.93091397907e-05, 2.97301994578e-05, -0.00209293281659, 0.0126613853499, -0.0010490892455, -0.00153991254047], [-0.000392300571548, 0.00141622428782, -0.00182457396295, 0.00239392509684, -0.00253495783545, -0.000399019074393, -0.000505860138219, 0.00054095662199, -0.000101500852907, -0.00261299684644, -0.0010490892455, 0.0156190879643, -0.00526059931144], [0.000596319616307, -0.00205734046176, 0.00137438392267, -0.00207576830871, 0.00234344531782, -0.000927540997509, 0.00308121857233, -0.00225731823593, 0.00103863317054, 0.00157366972417, -0.00153991254047, -0.00526059931144, 0.016153190285]]
    },
    "melbands": {
        "max": [0.00795396510512, 0.00722695048898, 0.00838237442076, 0.0200174301863, 0.00430680485442, 0.0114250564948, 0.00817703735083, 0.00895833503455, 0.0113997003064, 0.012107681483, 0.0104456013069, 0.00598381040618, 0.00199462566525, 0.00074653950287, 0.0012899559224, 0.00201686494984, 0.00396184623241, 0.00155578705017, 0.000525658484548, 0.000486111443024, 0.000540494220331, 0.00140653573908, 0.00123902538326, 0.000447886646725, 0.000746523728594, 0.00126585038379, 0.000441642157966, 0.000362913124263, 0.00039843301056, 0.000272452976787, 0.00026955321664, 0.00022071141575, 0.000547063769773, 0.000273295125226, 9.64105056482e-05, 8.7267064373e-05, 5.51840348635e-05, 5.72098615521e-05, 4.85375785502e-05, 2.8554464734e-05],
        "mean": [0.000148164865095, 0.000250590732321, 0.000270235585049, 0.000252339843428, 0.000214746411075, 0.000218105997192, 0.000195917382371, 0.000245063682087, 0.000211662278161, 0.000280031817965, 0.000165862744325, 5.47978706891e-05, 5.29528369952e-05, 2.19808534894e-05, 3.89771776099e-05, 6.08117952652e-05, 7.14856068953e-05, 2.56981111306e-05, 1.53394248628e-05, 1.34667707243e-05, 1.78406844498e-05, 2.52539903158e-05, 2.12865015783e-05, 7.52747564547e-06, 7.35273715691e-06, 8.98462712939e-06, 5.88613102082e-06, 4.35525498688e-06, 4.31319995187e-06, 3.16680302603e-06, 3.23891799781e-06, 2.96677831102e-06, 2.75254774351e-06, 1.90205082617e-06, 1.26968484437e-06, 8.80257687186e-07, 6.35766355117e-07, 4.35349818417e-07, 2.71748291425e-07, 1.67217933722e-07],
        "min": [5.31317225645e-24, 3.79225789751e-24, 5.16302559934e-24, 9.75410732088e-24, 5.09638578551e-24, 6.4396837729e-24, 1.28411882557e-23, 8.88935405227e-24, 9.02705603416e-24, 5.9027771522e-24, 8.30801878538e-24, 6.20511401058e-24, 6.51088399163e-24, 1.18844159402e-23, 9.9761898095e-24, 8.82352282087e-24, 6.99050353339e-24, 9.33119977845e-24, 1.35195944347e-23, 9.83588064231e-24, 1.3255827747e-23, 1.13465682085e-23, 1.45058677815e-23, 8.60972021631e-24, 1.02780947665e-23, 6.61378024709e-24, 6.82016479813e-24, 5.2635540888e-24, 5.99314235218e-24, 6.16184104563e-24, 8.99221993659e-24, 8.81741388202e-24, 1.20906951783e-23, 1.37149921255e-23, 9.90384968677e-24, 9.21799429424e-24, 8.31533152598e-24, 6.99546546848e-24, 8.38017668125e-24, 7.41486179102e-24],
        "stdev": [0.000438407732872, 0.000611451920122, 0.000517520180438, 0.000630546186585, 0.000451586354757, 0.000571971933823, 0.000550460244995, 0.000649312045425, 0.000712985172868, 0.000940320605878, 0.000683456950355, 0.000230098274187, 0.0001512044837, 4.96927896165e-05, 9.83130885288e-05, 0.000169805396581, 0.000248123513302, 7.03016121406e-05, 3.54866533598e-05, 3.08559792757e-05, 4.73717554996e-05, 7.48562961235e-05, 6.04652595939e-05, 1.89521942957e-05, 3.01914424199e-05, 4.01171091653e-05, 1.71956544364e-05, 1.2965148926e-05, 1.65908932104e-05, 1.09399552457e-05, 1.13181613415e-05, 9.7796182672e-06, 1.42845792652e-05, 8.8168962975e-06, 4.89092644784e-06, 4.36369236922e-06, 3.20635172102e-06, 2.23588676818e-06, 1.66950746916e-06, 8.94612469438e-07]
    },
    "melbands128": {
        "max": [0.000283001136268, 0.00260992790572, 0.0135930357501, 0.0140056377277, 0.0093339253217, 0.0103351352736, 0.0106936311349, 0.0101326163858, 0.0100301001221, 0.0358527600765, 0.015472101979, 0.00588345061988, 0.00710536539555, 0.0132028991356, 0.0217941738665, 0.0124707967043, 0.0137170944363, 0.0137903168797, 0.0191755369306, 0.0151805337518, 0.0169788245112, 0.0206914227456, 0.0219732709229, 0.0166895333678, 0.0214460287243, 0.0237321592867, 0.0266320444643, 0.0165008027107, 0.0134627949446, 0.00702505279332, 0.00941819883883, 0.00162180885673, 0.00361595512368, 0.00177410803735, 0.00150720693637, 0.00114927161485, 0.000790450605564, 0.00107811717317, 0.00327005260624, 0.00294231856242, 0.00423378869891, 0.00696320878342, 0.00503246067092, 0.0092670544982, 0.0024655344896, 0.000813083723187, 0.00107046833728, 0.000896675221156, 0.000763942312915, 0.00157063314691, 0.000215233070776, 0.000423397490522, 0.00104680634104, 0.00128982146271, 0.00272487243637, 0.00280152074993, 0.00101410585921, 0.00313772051595, 0.00177670968696, 0.000510025944095, 0.000458145077573, 0.000713266956154, 0.000725258491002, 0.000871302501764, 0.00216565839946, 0.0020642511081, 0.000555562437512, 0.00044174384675, 0.000290921627311, 0.000705087615643, 0.00032556487713, 0.000387456733733, 0.000304346292978, 0.000545089191291, 0.000622072489932, 0.000352888979251, 0.000113626141683, 0.000131470893393, 0.000338094600011, 0.000381445919629, 0.000344079016941, 0.000186212782864, 0.000210229904042, 0.000561220163945, 0.0011717195157, 0.000398476782721, 5.09136189066e-05, 7.61686169426e-05, 0.000113400346891, 0.000152998909471, 0.000109696564323, 9.5641858934e-05, 7.68940808484e-05, 5.97385551373e-05, 4.4858250476e-05, 7.81757335062e-05, 6.20437131147e-05, 6.4722422394e-05, 6.19688653387e-05, 6.45921027171e-05, 3.65842388419e-05, 2.2088197511e-05, 1.69290651684e-05, 2.5429051675e-05, 1.4968260075e-05, 1.43761481013e-05, 6.16715760771e-06, 3.43111855727e-06, 2.1197197384e-06, 3.15573947773e-06, 2.02410524253e-06, 1.25204530832e-06, 1.38686584705e-06, 4.95423471136e-08, 2.17789413171e-08, 1.78884445035e-08, 5.44535394553e-09, 9.42768196843e-10, 9.39534672284e-10, 9.41307920499e-10, 9.40940436678e-10, 9.38487065838e-10, 9.34980648459e-10, 8.86451023696e-10, 6.49236164829e-10, 2.56029197843e-10, 7.8083740862e-11, 7.74555697358e-11],
        "mean": [6.21968683845e-06, 7.09910818841e-05, 0.000221061825869, 0.000271914788755, 0.000239651009906, 0.000252504105447, 0.000237477142946, 0.000292575539788, 0.000301783584291, 0.000223275084863, 0.000252655358054, 0.000222941423999, 0.000177406240255, 0.000248007127084, 0.000205125121283, 0.00022064143559, 0.000209800578887, 0.000155777292093, 0.000211795879295, 0.000318983074976, 0.00021570174431, 0.000168163140188, 0.000187229306903, 0.000262555404333, 0.000352125120116, 0.000230664532864, 0.000277770799585, 0.000159816234373, 7.96146050561e-05, 6.25695975032e-05, 4.07650913985e-05, 4.30801301263e-05, 9.2336878879e-05, 1.99274545594e-05, 1.38215082188e-05, 2.74887406704e-05, 3.01284562738e-05, 1.57803624461e-05, 6.56830525259e-05, 7.14911730029e-05, 3.73128823412e-05, 8.2822276454e-05, 8.30590361147e-05, 6.89271109877e-05, 3.26326953655e-05, 1.63536442415e-05, 1.77350375452e-05, 1.2677880477e-05, 1.20870863611e-05, 2.59459702647e-05, 9.17516172194e-06, 8.01336682343e-06, 1.27213488668e-05, 2.25276653509e-05, 2.987899461e-05, 2.67147297563e-05, 1.56009191414e-05, 3.50630580215e-05, 1.72546660906e-05, 7.72974908614e-06, 7.08924744686e-06, 7.98998371465e-06, 5.08006633027e-06, 6.89578064339e-06, 1.10986793516e-05, 9.32740658754e-06, 7.7186141425e-06, 7.67924302636e-06, 4.68480720883e-06, 4.46715057478e-06, 5.08072480443e-06, 3.80255823984e-06, 3.74340038434e-06, 4.6677505452e-06, 4.81384677187e-06, 3.12756469611e-06, 2.53828238783e-06, 2.43989006776e-06, 3.38677318723e-06, 4.13676070821e-06, 3.23202016261e-06, 2.55190366261e-06, 1.90862397176e-06, 2.86900012725e-06, 3.53629025085e-06, 2.34374897445e-06, 1.24679866076e-06, 1.05078242996e-06, 1.40451504649e-06, 1.40366751111e-06, 8.40433415306e-07, 7.71787370013e-07, 8.29978830552e-07, 6.59033275952e-07, 4.91136916025e-07, 5.11774942424e-07, 4.16452792251e-07, 3.37097930014e-07, 3.07966928403e-07, 2.21119123012e-07, 1.61913291663e-07, 1.62986566465e-07, 1.65846259392e-07, 1.50589471559e-07, 1.21195625979e-07, 7.26353448499e-08, 6.19652809064e-08, 5.48588161564e-08, 5.40692006723e-08, 4.92347425052e-08, 3.84838614309e-08, 1.9325151257e-08, 9.32127353082e-09, 5.42932920844e-10, 2.08359038356e-10, 1.99729358052e-10, 7.37508595861e-11, 5.33639148495e-12, 7.31593344933e-12, 4.24905770291e-12, 2.37833927899e-12, 2.287892098e-12, 2.22821717674e-12, 2.14710389225e-12, 1.98823292899e-12, 1.74674695281e-12, 1.61314950113e-12, 1.58653537356e-12],
        "min": [1.41533794855e-24, 1.20155664323e-24, 6.11794843043e-24, 7.54654476421e-24, 3.0310268455e-24, 8.36887743207e-25, 2.85207019927e-24, 5.84152565278e-24, 1.0428502931e-23, 4.33477450254e-24, 2.38628727778e-24, 1.7926317785e-24, 4.43502570739e-24, 1.19179559393e-23, 4.92377710299e-24, 1.5977196316e-24, 1.42746463393e-23, 1.07374145506e-23, 6.31780831292e-24, 7.17593317777e-24, 6.92165096472e-24, 6.18443362752e-24, 6.95435319355e-24, 3.86663959226e-24, 5.42852304788e-24, 4.35032807858e-24, 4.03145472347e-24, 1.12759407028e-23, 4.90054199389e-24, 6.86342987447e-24, 7.56233302637e-24, 3.67785137258e-24, 3.09178787064e-24, 6.98508879214e-24, 6.53702960304e-24, 1.00085212737e-23, 1.10729099939e-23, 6.14872504979e-24, 6.53322019373e-24, 1.08545572396e-23, 6.0044084692e-24, 4.47131449232e-24, 5.34056190151e-24, 7.1971156708e-24, 1.22157304207e-23, 4.47801271027e-24, 5.61666597935e-24, 1.4836025003e-23, 5.63487683334e-24, 4.09360710204e-24, 7.69923273672e-24, 1.47737278684e-24, 4.1595905836e-24, 1.58990781816e-23, 8.93088442349e-24, 1.3463020486e-23, 4.8943612687e-24, 1.76477745492e-23, 1.03270782956e-23, 4.96652153114e-24, 8.22329196872e-24, 5.25576290407e-24, 5.34419421154e-24, 1.29908359583e-23, 7.90275332824e-24, 4.78143504126e-24, 5.71276935356e-24, 7.15001909704e-24, 5.58536989508e-24, 4.60435548956e-24, 5.75360552718e-24, 4.31504745788e-24, 3.93376455555e-24, 5.57481296402e-24, 6.44467568471e-24, 8.59898145281e-24, 4.17086656138e-24, 5.34537040315e-24, 6.08718798272e-24, 9.2902531643e-24, 1.07810093708e-23, 5.40675600892e-24, 1.07409667913e-23, 9.48316673209e-24, 8.8523809305e-24, 1.22857867911e-23, 1.30427327507e-23, 9.91317717811e-24, 9.49171482886e-24, 6.66064529018e-24, 9.07454782724e-24, 1.01512222671e-23, 8.77493135569e-24, 9.52316276885e-24, 6.91333715964e-24, 6.79702829664e-24, 5.63596388367e-24, 7.57401842296e-24, 1.16335242514e-23, 5.37213211493e-24, 8.21094314011e-24, 9.36594515702e-24, 4.44271591792e-24, 4.74523224216e-24, 7.55509838301e-24, 8.35655029713e-24, 1.00650108143e-23, 8.19683988485e-24, 9.10456004038e-24, 8.35485582391e-24, 9.34245524584e-24, 8.50330051361e-24, 7.40028679694e-24, 1.26943283876e-23, 1.07207687967e-23, 8.45721762611e-24, 7.79703571175e-24, 8.66147264713e-24, 1.02279358347e-23, 1.10974072804e-23, 8.11088086745e-24, 7.28617727814e-24, 8.05908504927e-24, 8.59393826504e-24, 6.8669182174e-24, 7.67518115658e-24, 1.13821316358e-23, 1.06565831291e-23],
        "stdev": [1.90788978216e-05, 0.000212140919757, 0.000731270178221, 0.000820418121293, 0.000702754186932, 0.00066144100856, 0.000577079830691, 0.000654539791867, 0.00069917330984, 0.000950109853875, 0.000668083142955, 0.00049710739404, 0.000551493896637, 0.000784119532909, 0.000798611785285, 0.000643330044113, 0.000627797679044, 0.00074442330515, 0.000864812696818, 0.000956812349614, 0.000791586004198, 0.000827349314932, 0.000980380806141, 0.00121450936422, 0.00137616368011, 0.00129395432305, 0.00153303216211, 0.000766169570852, 0.000523042341229, 0.000333085510647, 0.000255219056271, 0.000128938292619, 0.000292475480819, 7.25920835976e-05, 5.73481120227e-05, 7.23065822967e-05, 7.2068622103e-05, 6.22189036221e-05, 0.00022353969689, 0.000231539655942, 0.000207597026019, 0.000389413675293, 0.000320018123602, 0.000431897875387, 0.000100014585769, 5.08309603902e-05, 6.0158832639e-05, 4.09352505812e-05, 3.4736640373e-05, 8.65530601004e-05, 1.91511462617e-05, 2.47404532274e-05, 4.71946477774e-05, 7.8152086644e-05, 0.000120290838822, 0.00011279420869, 5.25825744262e-05, 0.000124794067233, 5.77560022066e-05, 2.3504742785e-05, 2.08723504329e-05, 2.48963406193e-05, 2.77660110442e-05, 3.30037401e-05, 6.10773058725e-05, 5.94219964114e-05, 2.7935293474e-05, 2.87529273919e-05, 1.38731038533e-05, 1.80798069778e-05, 1.34234487632e-05, 1.55532015924e-05, 1.34833499033e-05, 2.02817063837e-05, 2.2479935069e-05, 1.36028293127e-05, 6.60447358314e-06, 6.78273590893e-06, 1.37272709253e-05, 1.80631577678e-05, 1.31641509142e-05, 7.4061417763e-06, 7.15302121534e-06, 1.48675007949e-05, 2.84684865619e-05, 1.22047895275e-05, 3.49245101461e-06, 3.34852848027e-06, 5.58612237e-06, 7.06296896169e-06, 4.67066320198e-06, 4.26468068326e-06, 4.28886369264e-06, 3.5631294395e-06, 2.48272476711e-06, 2.88495652967e-06, 2.17813112613e-06, 1.87703585652e-06, 1.89073148249e-06, 1.78921686711e-06, 1.03418778963e-06, 8.08790105111e-07, 7.15724240763e-07, 7.92860987531e-07, 5.67668337226e-07, 4.02299662028e-07, 2.01411822331e-07, 1.63197086067e-07, 1.42362992506e-07, 1.32703576128e-07, 1.0146697349e-07, 7.09627556716e-08, 5.38159135033e-08, 2.48755882559e-09, 1.10968723099e-09, 9.24647969303e-10, 2.33253333315e-10, 2.40267441359e-11, 3.17779795533e-11, 2.3928961243e-11, 2.11066962519e-11, 2.10286059399e-11, 2.09183850797e-11, 1.98669674462e-11, 1.48691354368e-11, 7.19934311819e-12, 4.63703467984e-12, 4.52098991924e-12]
    },
    "mfcc": {
        "mean": [-735.635009766, 96.2754211426, -11.0804185867, 18.4145812988, -4.45500946045, 3.57454943657, -9.47138214111, -0.347557783127, -2.63355827332, 0.945334374905, 1.22727239132, 1.03808367252, -4.31699562073],
        "cov": [[22674.7773438, 2749.61499023, -1425.9342041, 454.265350342, -1072.36730957, -33.5811576843, -670.782531738, -186.324645996, -411.104431152, -254.684555054, 21.8659763336, -220.683959961, -402.983612061], [2749.61499023, 1710.42089844, -26.0289440155, -14.6377677917, -188.077926636, -132.671875, -146.424636841, -114.44556427, -67.1371841431, -148.34765625, -78.9862823486, -101.083496094, -54.6492195129], [-1425.9342041, -26.0289440155, 718.933959961, 249.674194336, 98.8781738281, 76.4739761353, 66.968421936, -8.172706604, 4.31976461411, -20.2541694641, -75.631477356, -33.7162055969, 18.2480621338], [454.265350342, -14.6377677917, 249.674194336, 511.413513184, 78.7050094604, 99.583190918, 2.6479241848, 13.4616508484, -1.16027069092, 14.1706562042, -1.28693437576, -10.0541992188, 2.90223288536], [-1072.36730957, -188.077926636, 98.8781738281, 78.7050094604, 253.867233276, 54.730670929, 47.6753730774, -3.47982192039, 35.338470459, 25.59790802, -8.56368923187, 28.4773578644, 54.0083351135], [-33.5811576843, -132.671875, 76.4739761353, 99.583190918, 54.730670929, 188.321014404, 31.2093372345, 28.8423786163, 2.91543531418, 16.1776924133, 23.4521598816, -3.51441836357, 7.72176504135], [-670.782531738, -146.424636841, 66.968421936, 2.6479241848, 47.6753730774, 31.2093372345, 204.770858765, 53.0460166931, 21.2992038727, 29.9950504303, 26.2356967926, 22.1210308075, 30.7574462891], [-186.324645996, -114.44556427, -8.172706604, 13.4616508484, -3.47982192039, 28.8423786163, 53.0460166931, 130.456497192, 37.1262550354, 28.8977203369, 59.0241699219, 32.6084289551, -11.0612726212], [-411.104431152, -67.1371841431, 4.31976461411, -1.16027069092, 35.338470459, 2.91543531418, 21.2992038727, 37.1262550354, 106.833000183, 35.8782043457, 16.172914505, 27.1234073639, 14.8396196365], [-254.684555054, -148.34765625, -20.2541694641, 14.1706562042, 25.59790802, 16.1776924133, 29.9950504303, 28.8977203369, 35.8782043457, 100.733787537, 56.3423881531, 22.1860923767, 4.45604276657], [21.8659763336, -78.9862823486, -75.631477356, -1.28693437576, -8.56368923187, 23.4521598816, 26.2356967926, 59.0241699219, 16.172914505, 56.3423881531, 150.730072021, 55.5539283752, -7.54081487656], [-220.683959961, -101.083496094, -33.7162055969, -10.0541992188, 28.4773578644, -3.51441836357, 22.1210308075, 32.6084289551, 27.1234073639, 22.1860923767, 55.5539283752, 102.071815491, 27.0002555847], [-402.983612061, -54.6492195129, 18.2480621338, 2.90223288536, 54.0083351135, 7.72176504135, 30.7574462891, -11.0612726212, 14.8396196365, 4.45604276657, -7.54081487656, 27.0002555847, 101.664825439]],
        "icov": [[9.84403013717e-05, -0.000121382508951, 0.000239686298301, -0.000222027752898, 0.000286527938442, -0.000167395352037, 7.27108927094e-05, 3.8922917156e-05, 0.000170396320755, -2.40109093284e-05, 8.40373759274e-05, -8.57955164975e-05, 0.000136205897434], [-0.000121382508951, 0.000945874780882, -0.000310517818434, 0.000133989975438, 2.27034197451e-05, 0.000615290773567, 8.3911967522e-05, 0.000401680154027, -0.000469585793326, 0.00107368768658, -0.000510906334966, 0.000663429382257, -0.000153866712935], [0.000239686298301, -0.000310517818434, 0.00252238987014, -0.00138166954275, 0.000364287494449, -0.000693506211974, -0.000536266888957, 0.000157548420248, 0.000244974624366, 0.000250863027759, 0.00111771828961, 2.82554492514e-06, 0.000443789089331], [-0.000222027752898, 0.000133989975438, -0.00138166954275, 0.00315985735506, -0.00116566859651, -0.000609835260548, 0.000396620482206, -0.000490262522362, 1.72167674464e-05, -0.000545652583241, -0.000301251304336, 0.00021773474873, -0.000216797678149], [0.000286527938442, 2.27034197451e-05, 0.000364287494449, -0.00116566859651, 0.00645953789353, -0.00152751931455, -0.000382910948247, 0.00137337378692, -0.00081317697186, -0.000605214270763, 0.00105328275822, -0.00143700791523, -0.00132943270728], [-0.000167395352037, 0.000615290773567, -0.000693506211974, -0.000609835260548, -0.00152751931455, 0.00721750501543, -0.000319670565659, -0.00114679080434, 0.000188789330423, 0.000561948050745, -0.00171464076266, 0.00200614263304, -0.000667831627652], [7.27108927094e-05, 8.3911967522e-05, -0.000536266888957, 0.000396620482206, -0.000382910948247, -0.000319670565659, 0.00648851785809, -0.00254362775013, 0.000632396142464, -0.000995821435936, -0.000197815781576, 0.000213912862819, -0.00171396462247], [3.8922917156e-05, 0.000401680154027, 0.000157548420248, -0.000490262522362, 0.00137337378692, -0.00114679080434, -0.00254362775013, 0.0122696906328, -0.0036619019229, 0.00117710686754, -0.00319704739377, -0.00149942480493, 0.00246194005013], [0.000170396320755, -0.000469585793326, 0.000244974624366, 1.72167674464e-05, -0.00081317697186, 0.000188789330423, 0.000632396142464, -0.0036619019229, 0.0129609322175, -0.00448154378682, 0.00215642736293, -0.00219408771954, -0.000746321980841], [-2.40109093284e-05, 0.00107368768658, 0.000250863027759, -0.000545652583241, -0.000605214270763, 0.000561948050745, -0.000995821435936, 0.00117710686754, -0.00448154378682, 0.0160962603986, -0.00598006835207, 0.0019782888703, 0.000140388132422], [8.40373759274e-05, -0.000510906334966, 0.00111771828961, -0.000301251304336, 0.00105328275822, -0.00171464076266, -0.000197815781576, -0.00319704739377, 0.00215642736293, -0.00598006835207, 0.0128016155213, -0.00594381522387, 0.00162459420972], [-8.57955164975e-05, 0.000663429382257, 2.82554492514e-06, 0.00021773474873, -0.00143700791523, 0.00200614263304, 0.000213912862819, -0.00149942480493, -0.00219408771954, 0.0019782888703, -0.00594381522387, 0.0156305618584, -0.00396551704034], [0.000136205897434, -0.000153866712935, 0.000443789089331, -0.000216797678149, -0.00132943270728, -0.000667831627652, -0.00171396462247, 0.00246194005013, -0.000746321980841, 0.000140388132422, 0.00162459420972, -0.00396551704034, 0.0130397891626]]
    },
    "spectral_contrast_coeffs": {
        "max": [-0.301072061062, -0.430899858475, -0.491760641336, -0.566528260708, -0.579590797424, -0.597520172596],
        "mean": [-0.737699985504, -0.770846664906, -0.788398981094, -0.800446510315, -0.796575248241, -0.761807799339],
        "min": [-0.971401751041, -0.961908042431, -0.967681765556, -0.963155627251, -0.958528757095, -0.960661530495],
        "stdev": [0.0964245721698, 0.091490752995, 0.0833077505231, 0.0696314945817, 0.0618369542062, 0.0651349574327]
    },
    "spectral_contrast_valleys": {
        "max": [-5.03222036362, -4.88905715942, -5.28664588928, -6.06154680252, -5.3436756134, -7.8511390686],
        "mean": [-8.14386558533, -7.68563556671, -8.41619110107, -8.38064861298, -8.31617069244, -10.9469766617],
        "min": [-27.4322090149, -27.2407436371, -27.3157596588, -27.2671661377, -27.4993553162, -27.2678813934],
        "stdev": [1.79434382915, 1.70233368874, 1.59902644157, 1.57452952862, 1.50122070312, 1.19008886814]
    }
},
"rhythm": {
    "beats_count": 108,
    "beats_loudness": {
        "max": 0.107389859855,
        "mean": 0.0174439065158,
        "min": 2.2469121177e-06,
        "stdev": 0.0188117921352
    },
    "bpm": 135.74899292,
    "bpm_histogram_first_peak_bpm": 136,
    "bpm_histogram_first_peak_weight": 0.511904716492,
    "bpm_histogram_second_peak_bpm": 129,
    "bpm_histogram_second_peak_spread": 0.187499940395,
    "bpm_histogram_second_peak_weight": 0.121495328844,
    "danceability": 0.902865350246,
    "onset_rate": 3.1787109375,
    "beats_loudness_band_ratio": {
        "max": [0.918263852596, 0.784829497337, 0.74972486496, 0.727340459824, 0.523052036762, 0.818385362625],
        "mean": [0.290258497, 0.182171732187, 0.210282191634, 0.146623060107, 0.130329012871, 0.108400590718],
        "min": [0.00133131351322, 9.40441896091e-05, 0.00443665543571, 0.00181931443512, 0.00246403133497, 0.00233238539658],
        "stdev": [0.239202708006, 0.16958117485, 0.187057435513, 0.147161409259, 0.131239578128, 0.121590301394]
    },
