{
"metadata": {
    "version": {
        "essentia": "2.1-beta5",
        "essentia_git_sha": "Undefined",
        "extractor": "music 2.0"
    },
    "audio_properties": {
        "analysis": {
            "equal_loudness": 0,
            "length": 48.7502937317,
            "sample_rate": 44100,
            "start_time": 61.4980506897,
            "downmix": "mix"
        },
        "bit_rate": 192000,
        "length": 186.444641113,
        "lossless": 0,
        "number_channels": 1,
        "replay_gain": -7.84436798096,
        "sample_rate": 48000,
        "codec": "mp3",
        "md5_encoded": "eeb45494176336a8e9931c9460bf641c"
    },
    "tags": {
        "file_name": "Luxembourg_L_amour De Ma Vie_Sherisse Laurence.mp3",
        "encoding": ["Lavf58.29.100"]
    }
},
"lowlevel": {
    "average_loudness": 0.935098528862,
    "barkbands_crest": {
        "max": 25.9745540619,
        "mean": 11.027759552,
        "min": 3.6711397171,
        "stdev": 4.24756669998
    },
    "barkbands_flatness_db": {
        "max": 0.349793881178,
        "mean": 0.18446958065,
        "min": 0.0639965087175,
        "stdev": 0.0392931066453
    },
    "barkbands_kurtosis": {
        "max": 207.276443481,
        "mean": 6.13928365707,
        "min": -1.54952442646,
        "stdev": 9.03214740753
    },
    "barkbands_skewness": {
        "max": 10.2440767288,
        "mean": 1.44384634495,
        "min": -1.40195083618,
        "stdev": 1.23178470135
    },
    "barkbands_spread": {
        "max": 54.1241073608,
        "mean": 9.99668979645,
        "min": 0.687690019608,
        "stdev": 5.58240270615
    },
    "dissonance": {
        "max": 0.499999970198,
        "mean": 0.427257925272,
        "min": 0.219697907567,
        "stdev": 0.0460937954485
    },
    "dynamic_complexity": 2.77661061287,
    "erbbands_crest": {
        "max": 33.0416564941,
        "mean": 12.8065671921,
        "min": 3.15314078331,
        "stdev": 5.54670715332
    },
    "erbbands_flatness_db": {
        "max": 0.388891667128,
        "mean": 0.217524915934,
        "min": 0.110511504114,
        "stdev": 0.0491540394723
    },
    "erbbands_kurtosis": {
        "max": 228.33493042,
        "mean": 3.51235055923,
        "min": -1.6570674181,
        "stdev": 8.27666091919
    },
    "erbbands_skewness": {
        "max": 10.3570146561,
        "mean": 0.844834446907,
        "min": -2.0272591114,
        "stdev": 0.929001092911
    },
    "erbbands_spread": {
        "max": 101.314941406,
        "mean": 19.0694580078,
        "min": 0.775175511837,
        "stdev": 12.686466217
    },
    "hfc": {
        "max": 142.651153564,
        "mean": 18.9710998535,
        "min": 0.137413799763,
        "stdev": 16.5147209167
    },
    "loudness_ebu128": {
        "integrated": -19.4709835052,
        "loudness_range": 4.03313827515,
        "momentary": {
            "max": -15.4990997314,
            "mean": -20.1305770874,
            "min": -27.1256523132,
            "stdev": 2.53923797607
        },
        "short_term": {
            "max": -17.0376396179,
            "mean": -19.5982475281,
            "min": -22.5308761597,
            "stdev": 1.3516087532
        }
    },
    "melbands_crest": {
        "max": 32.7715110779,
        "mean": 13.4568901062,
        "min": 4.64367341995,
        "stdev": 5.15646076202
    },
    "melbands_flatness_db": {
        "max": 0.367599338293,
        "mean": 0.234973505139,
        "min": 0.083484582603,
        "stdev": 0.0400787554681
    },
    "melbands_kurtosis": {
        "max": 139.131103516,
        "mean": 7.10858392715,
        "min": -1.6449791193,
        "stdev": 11.814037323
    },
    "melbands_skewness": {
        "max": 10.1459627151,
        "mean": 1.39960801601,
        "min": -2.45383763313,
        "stdev": 1.37033009529
    },
    "melbands_spread": {
        "max": 68.1758956909,
        "mean": 14.0500383377,
        "min": 0.990584731102,
        "stdev": 7.48045492172
    },
    "pitch_salience": {
        "max": 0.925251305103,
        "mean": 0.556824624538,
        "min": 0.151842281222,
        "stdev": 0.106233410537
    },
    "silence_rate_20dB": {
        "max": 1,
        "mean": 1,
        "min": 1,
        "stdev": 0
    },
    "silence_rate_30dB": {
        "max": 1,
        "mean": 0.99714422226,
        "min": 0,
        "stdev": 0.0533627271652
    },
    "silence_rate_60dB": {
        "max": 1,
        "mean": 0.027129938826,
        "min": 0,
        "stdev": 0.162462562323
    },
    "spectral_centroid": {
        "max": 3027.83789062,
        "mean": 876.770507812,
        "min": 303.902923584,
        "stdev": 329.402099609
    },
    "spectral_complexity": {
        "max": 33,
        "mean": 14.4226560593,
        "min": 0,
        "stdev": 4.93878602982
    },
    "spectral_decrease": {
        "max": -5.86797763158e-11,
        "mean": -5.97978644379e-09,
        "min": -3.29844311864e-08,
        "stdev": 4.56907489621e-09
    },
    "spectral_energy": {
        "max": 0.130330920219,
        "mean": 0.0242898464203,
        "min": 0.000233934857533,
        "stdev": 0.0185716617852
    },
    "spectral_energyband_high": {
        "max": 0.00422360235825,
        "mean": 0.000179172115168,
        "min": 1.55355337483e-06,
        "stdev": 0.000247150223004
    },
    "spectral_energyband_low": {
        "max": 0.0197868552059,
        "mean": 0.000707708997652,
        "min": 5.46339776974e-07,
        "stdev": 0.00139122398105
    },
    "spectral_energyband_middle_high": {
        "max": 0.12053014338,
        "mean": 0.0088505987078,
        "min": 1.17585723274e-05,
        "stdev": 0.0124029936269
    },
    "spectral_energyband_middle_low": {
        "max": 0.121601857245,
        "mean": 0.0150858918205,
        "min": 0.000213896404603,
        "stdev": 0.014114767313
    },
    "spectral_entropy": {
        "max": 8.15703582764,
        "mean": 7.02348136902,
        "min": 5.60090970993,
        "stdev": 0.357772439718
    },
    "spectral_flux": {
        "max": 0.33752989769,
        "mean": 0.0763644948602,
        "min": 0.0137464115396,
        "stdev": 0.0393151082098
    },
    "spectral_kurtosis": {
        "max": 22.040763855,
        "mean": 8.59597969055,
        "min": -0.0853345394135,
        "stdev": 3.6472260952
    },
    "spectral_rms": {
        "max": 0.0112761743367,
        "mean": 0.00453294394538,
        "min": 0.000477733323351,
        "stdev": 0.00177477055695
    },
    "spectral_rolloff": {
        "max": 7321.2890625,
        "mean": 1106.5546875,
        "min": 193.798828125,
        "stdev": 584.973144531
    },
    "spectral_skewness": {
        "max": 3.87671780586,
        "mean": 2.41545915604,
        "min": 0.494267255068,
        "stdev": 0.537236273289
    },
    "spectral_spread": {
        "max": 17549368,
        "mean": 4297810,
        "min": 2376883.5,
        "stdev": 1177071.75
    },
    "spectral_strongpeak": {
        "max": 9.93099403381,
        "mean": 2.04636931419,
        "min": 0.0131913451478,
        "stdev": 1.86328744888
    },
    "zerocrossingrate": {
        "max": 0.15087890625,
        "mean": 0.0474034883082,
        "min": 0.01123046875,
        "stdev": 0.0152756199241
    },
    "barkbands": {
        "max": [0.000212889921386, 0.00599919399247, 0.0148633420467, 0.0334883518517, 0.0793456435204, 0.0524718016386, 0.051656216383, 0.108431115746, 0.0884561762214, 0.0978670194745, 0.0690390691161, 0.0201413445175, 0.0462005063891, 0.038442902267, 0.0199257694185, 0.00386375491507, 0.0090117668733, 0.000670332810842, 0.00108999374788, 0.00112018326763, 0.00210415944457, 0.000756125722546, 0.000626720138825, 0.000495860644151, 0.000159746283316, 3.48041285179e-05, 3.46206525137e-06],
        "mean": [4.9634431889e-06, 0.000135444352054, 0.000313558179187, 0.00105299812276, 0.00243611866608, 0.002211621264, 0.00354638136923, 0.0021341945976, 0.00307198171504, 0.00329014495946, 0.000848869443871, 0.000745587050915, 0.00231623160653, 0.000876198580954, 0.000671651156154, 0.000165687582921, 0.000197641464183, 1.12415582407e-05, 5.09929886903e-05, 6.8765191827e-05, 6.61338417558e-05, 1.68328770087e-05, 1.39605581353e-05, 1.52429374793e-05, 1.21664679682e-05, 1.52425382112e-05, 7.61502949587e-09],
        "min": [2.23266471977e-09, 1.23086351778e-07, 6.36010213384e-08, 1.89302909348e-07, 3.89064416595e-06, 3.04279706143e-06, 2.39312976191e-06, 5.00948090121e-06, 5.96526933805e-06, 8.26305040391e-06, 4.71623081921e-07, 9.56798089646e-07, 6.08940467828e-07, 4.66814896072e-07, 1.14294351761e-07, 6.12470998362e-08, 4.38292204308e-07, 1.20918492996e-08, 1.90762037278e-07, 1.67239932125e-07, 6.67841220547e-07, 1.40081240829e-07, 1.32346428927e-07, 9.53103977963e-08, 1.73280795934e-07, 2.59240209743e-07, 5.6768652279e-11],
        "stdev": [1.06606521513e-05, 0.000374784896849, 0.000797678600065, 0.00258283992298, 0.00410407362506, 0.00349634350277, 0.0066740680486, 0.00607101945207, 0.00716250669211, 0.00721298158169, 0.00276089645922, 0.00166408973746, 0.00517164682969, 0.00235285516828, 0.00173648528289, 0.000292653945507, 0.000662355450913, 2.83860554191e-05, 9.03587424546e-05, 9.07966605155e-05, 0.000117901116027, 3.77032010874e-05, 3.04961431539e-05, 2.76168775599e-05, 6.69212067805e-06, 3.34132255375e-06, 7.56104157063e-08]
    },
    "erbbands": {
        "max": [0.0879852250218, 1.8308750391, 12.9967164993, 47.6633491516, 290.82522583, 204.857833862, 191.83694458, 477.705047607, 846.715393066, 790.717468262, 2790.82080078, 2409.54052734, 2765.77490234, 2792.52246094, 763.637268066, 1006.54644775, 2280.25854492, 2266.20678711, 1310.67553711, 340.320037842, 354.991119385, 530.773071289, 36.1397666931, 10.9292840958, 70.8723526001, 45.7759513855, 90.0874023438, 60.8625068665, 26.2054786682, 6.73035669327, 25.9028949738, 16.5064582825, 5.14097547531, 1.49146461487, 1.25937986374, 0.28248783946, 0.0676601082087, 0.0034722937271, 0.000514488434419, 0.000156145601068],
        "mean": [0.00189966289327, 0.0419598408043, 0.319297939539, 1.73220455647, 7.18792772293, 6.81751871109, 12.4788217545, 20.0208282471, 52.5116653442, 34.2873077393, 58.2958183289, 71.1132278442, 76.2554016113, 104.267120361, 32.2660675049, 41.29139328, 102.035621643, 58.9594268799, 43.2907295227, 16.0284843445, 11.4278268814, 9.91025733948, 1.60176753998, 0.846463620663, 3.61568641663, 3.26147270203, 3.43157362938, 1.84150564671, 0.737641990185, 0.235567674041, 0.482704430819, 0.404247879982, 0.195386633277, 0.118445560336, 0.0987333357334, 0.0715124234557, 0.0309543460608, 0.00154351000674, 4.49300096079e-05, 3.03326123685e-05],
        "min": [1.14206286526e-05, 6.31772418274e-05, 0.000318269128911, 0.00260121095926, 0.0146655291319, 0.00966812297702, 0.0248633939773, 0.0428750626743, 0.140123724937, 0.110298134387, 0.174377068877, 0.26669678092, 0.383514285088, 0.118089176714, 0.0214142389596, 0.0430132485926, 0.0267915837467, 0.0331058725715, 0.00981935858727, 0.0117741497234, 0.0285542625934, 0.0317511744797, 0.00569259654731, 0.00684213265777, 0.00969066936523, 0.00786442216486, 0.0258187130094, 0.0190973989666, 0.00557524338365, 0.00431999284774, 0.00342441629618, 0.00250564934686, 0.00177518941928, 0.00127431808505, 0.00163776543923, 0.00128425459843, 0.000491311948281, 1.80573988473e-05, 1.34121182782e-06, 3.69816149259e-07],
        "stdev": [0.0045519778505, 0.114329256117, 0.783204674721, 3.66144156456, 17.2942485809, 10.9324150085, 18.7123394012, 32.2639808655, 102.864105225, 61.5545120239, 159.678421021, 164.361984253, 184.780014038, 229.998809814, 58.6188468933, 82.5896911621, 235.952362061, 134.286300659, 107.967475891, 29.5482826233, 21.6264457703, 33.3237571716, 3.13043498993, 1.1162788868, 5.94362306595, 3.99173760414, 5.60654783249, 3.76151013374, 1.70369005203, 0.310390621424, 1.1564412117, 0.923939943314, 0.228622630239, 0.0577687062323, 0.0629036128521, 0.0193904340267, 0.00727632269263, 0.000408418825828, 1.56778642122e-05, 2.17008127947e-05]
    },
    "gfcc": {
        "mean": [-27.0541725159, 91.7039794922, -124.502967834, -23.2804164886, -79.2735290527, 7.7982301712, -47.530002594, -3.2671186924, -39.6632575989, 14.2839431763, -27.6434192657, -7.91544866562, -10.2705850601],
        "cov": [[1267.31445312, 286.593383789, -538.989624023, 92.4320220947, 213.249923706, -106.105049133, 61.559009552, -25.4459018707, 80.6815567017, 0.907709121704, 66.3856277466, -65.4670333862, 56.17993927], [286.593383789, 364.077850342, 159.186203003, 28.9341964722, 98.4577178955, 5.07861471176, 33.9591789246, 40.6441841125, 38.0590705872, -7.24487447739, 1.96198284626, -23.4009170532, 0.113385930657], [-538.989624023, 159.186203003, 816.960876465, 246.516876221, -119.958183289, 88.7364425659, -22.2310428619, -9.9576883316, 3.32974410057, -22.8747463226, -129.902023315, 0.643639445305, -62.1702079773], [92.4320220947, 28.9341964722, 246.516876221, 412.334014893, 37.8091773987, -21.51263237, -39.6955604553, -40.0172233582, 45.6488189697, -29.4606513977, -114.103126526, 0.0973076224327, -9.04777431488], [213.249923706, 98.4577178955, -119.958183289, 37.8091773987, 206.125274658, 33.2748947144, 3.59787273407, 46.3987808228, 23.9969825745, 3.12207698822, 23.7352733612, 9.8424949646, 7.95310735703], [-106.105049133, 5.07861471176, 88.7364425659, -21.51263237, 33.2748947144, 180.939407349, 98.733505249, -16.5497264862, -43.9146537781, 18.8955688477, 16.448381424, -23.2269153595, -31.9864501953], [61.559009552, 33.9591789246, -22.2310428619, -39.6955604553, 3.59787273407, 98.733505249, 164.242706299, 12.1167755127, -44.0996894836, 17.1542739868, 41.0645027161, -40.1298179626, -20.352437973], [-25.4459018707, 40.6441841125, -9.9576883316, -40.0172233582, 46.3987808228, -16.5497264862, 12.1167755127, 130.137191772, 61.8828659058, 3.41605162621, 22.9123306274, 31.7034187317, 16.953622818], [80.6815567017, 38.0590705872, 3.32974410057, 45.6488189697, 23.9969825745, -43.9146537781, -44.0996894836, 61.8828659058, 113.409568787, 25.6836585999, -14.1192703247, 17.9049243927, 25.5943851471], [0.907709121704, -7.24487447739, -22.8747463226, -29.4606513977, 3.12207698822, 18.8955688477, 17.1542739868, 3.41605162621, 25.6836585999, 88.2788467407, 57.5145721436, -9.92164897919, -2.64046859741], [66.3856277466, 1.96198284626, -129.902023315, -114.103126526, 23.7352733612, 16.448381424, 41.0645027161, 22.9123306274, -14.1192703247, 57.5145721436, 143.20501709, 25.1709194183, -0.562215924263], [-65.4670333862, -23.4009170532, 0.643639445305, 0.0973076224327, 9.8424949646, -23.2269153595, -40.1298179626, 31.7034187317, 17.9049243927, -9.92164897919, 25.1709194183, 93.2170715332, 38.3914451599], [56.17993927, 0.113385930657, -62.1702079773, -9.04777431488, 7.95310735703, -31.9864501953, -20.352437973, 16.953622818, 25.5943851471, -2.64046859741, -0.562215924263, 38.3914451599, 73.423538208]],
        "icov": [[0.00730769289657, -0.00964602921158, 0.00887866783887, -0.00660889223218, 0.00361214973964, -0.00142931437586, -0.000824560644105, 0.00402157567441, -0.00496303662658, 0.00358754303306, -0.00373842520639, 0.00282526668161, -0.000691017659847], [-0.00964602921158, 0.0222945399582, -0.0186238177121, 0.0137287881225, -0.0159420650452, 0.010548600927, -0.00751492707059, 0.00306593254209, -0.00275319581851, 0.00211812788621, 3.84875347663e-05, 0.000771596271079, -0.00256746727973], [0.00887866783887, -0.0186238177121, 0.0187563169748, -0.0137765230611, 0.0153797790408, -0.0111280251294, 0.0074159107171, -0.00435725273564, 0.0024197474122, -0.00178255862556, 0.000518035434652, -0.000424620229751, 0.00328559894115], [-0.00660889223218, 0.0137287881225, -0.0137765230611, 0.0144653730094, -0.013088259846, 0.00956301484257, -0.00775346858427, 0.00666325120255, -0.0046902783215, 0.000485206226585, 0.00405384413898, -0.00328092137352, 0.000448031438282], [0.00361214973964, -0.0159420650452, 0.0153797790408, -0.013088259846, 0.0245271231979, -0.0171342715621, 0.0147211048752, -0.0145658086985, 0.0103532001376, -0.00521521875635, 0.00142050592694, -0.00122602423653, 0.00284863682464], [-0.00142931437586, 0.010548600927, -0.0111280251294, 0.00956301484257, -0.0171342715621, 0.0226905215532, -0.0177111905068, 0.0133146317676, -0.00820923224092, 0.00234631611966, -0.000330596929416, -0.0011102212593, 0.000114414127893], [-0.000824560644105, -0.00751492707059, 0.0074159107171, -0.00775346858427, 0.0147211048752, -0.0177111905068, 0.0250637121499, -0.0181417390704, 0.0163477119058, -0.00601364579052, -0.00054585468024, 0.00519908033311, -0.000845007656608], [0.00402157567441, 0.00306593254209, -0.00435725273564, 0.00666325120255, -0.0145658086985, 0.0133146317676, -0.0181417390704, 0.0315125621855, -0.0259949769825, 0.0133277652785, -0.00716851418838, -0.00144589459524, -0.000635164207779], [-0.00496303662658, -0.00275319581851, 0.0024197474122, -0.0046902783215, 0.0103532001376, -0.00820923224092, 0.0163477119058, -0.0259949769825, 0.0374112017453, -0.021388977766, 0.0124907912686, -0.00409168098122, -0.00046647322597], [0.00358754303306, 0.00211812788621, -0.00178255862556, 0.000485206226585, -0.00521521875635, 0.00234631611966, -0.00601364579052, 0.0133277652785, -0.021388977766, 0.031786788255, -0.0197482015938, 0.0120445378125, -0.0052051297389], [-0.00373842520639, 3.84875347663e-05, 0.000518035434652, 0.00405384413898, 0.00142050592694, -0.000330596929416, -0.00054585468024, -0.00716851418838, 0.0124907912686, -0.0197482015938, 0.0254210997373, -0.0153877101839, 0.00818082969636], [0.00282526668161, 0.000771596271079, -0.000424620229751, -0.00328092137352, -0.00122602423653, -0.0011102212593, 0.00519908033311, -0.00144589459524, -0.00409168098122, 0.0120445378125, -0.0153877101839, 0.0275525599718, -0.01416759938], [-0.000691017659847, -0.00256746727973, 0.00328559894115, 0.000448031438282, 0.00284863682464, 0.000114414127893, -0.000845007656608, -0.000635164207779, -0.00046647322597, -0.0052051297389, 0.00818082969636, -0.01416759938, 0.0240892264992]]
    },
    "melbands": {
        "max": [0.00114805623889, 0.00484895613045, 0.0162897538394, 0.0198197010905, 0.00555955432355, 0.0114641571417, 0.0123530514538, 0.00990228820592, 0.0190597865731, 0.0129636256024, 0.0133305853233, 0.0134002482519, 0.00512219686061, 0.00227690069005, 0.0068496898748, 0.00558466464281, 0.00446880375966, 0.00258077750914, 0.000969953252934, 0.000393927999539, 0.00061464071041, 0.000769794511143, 9.74036156549e-05, 9.0449993877e-06, 9.86405211734e-06, 4.30459404015e-05, 4.60710070911e-05, 3.62114587915e-05, 7.70759725128e-05, 2.68179919658e-05, 4.10240900237e-05, 2.11994429264e-05, 3.29870999849e-06, 4.10079019275e-06, 1.46005540955e-05, 1.27589291878e-05, 9.14158954402e-06, 4.46408012067e-06, 5.87763281601e-07, 1.62702201578e-06],
        "mean": [2.68949370366e-05, 0.000132205808768, 0.000498137378599, 0.000511120888405, 0.000408394262195, 0.000451896339655, 0.000796380103566, 0.000364605453797, 0.000483114272356, 0.000441868964117, 0.000383499806048, 0.00044797375449, 0.000115598195407, 8.11046484159e-05, 0.000205692325835, 0.00018789403839, 9.71816261881e-05, 6.76223862683e-05, 3.72653448721e-05, 1.12869020086e-05, 1.43955485328e-05, 1.24070620586e-05, 3.31755268235e-06, 3.06809482709e-07, 4.60193803065e-07, 2.71831754617e-06, 2.22910557568e-06, 2.13289922613e-06, 2.43660747401e-06, 1.49593438437e-06, 9.2584889444e-07, 4.83562416775e-07, 1.51530386461e-07, 1.17266715449e-07, 2.77882293176e-07, 2.80168535483e-07, 2.32201557537e-07, 1.44654407563e-07, 9.85778854101e-08, 9.86166739381e-08],
        "min": [6.52595630868e-08, 8.69942624604e-08, 5.41029919532e-07, 7.68536722262e-07, 1.06384584342e-06, 8.01996975497e-07, 1.00379816104e-06, 6.02283648732e-07, 4.3054666321e-07, 1.07153368845e-06, 9.829756209e-07, 4.78906542867e-07, 6.36205115256e-08, 9.54899519456e-08, 8.46586232228e-08, 7.1629081333e-08, 5.56331656298e-08, 1.46895242636e-08, 7.94137289262e-09, 7.85985054819e-09, 5.73666847359e-09, 2.61428052539e-08, 1.96901295269e-09, 4.56646054303e-10, 3.97295840671e-09, 7.55230189498e-09, 6.23046680914e-09, 4.18410550651e-09, 1.32727873137e-08, 4.62647520294e-09, 7.59499485525e-09, 2.93897173265e-09, 5.47917156091e-10, 2.18337481428e-09, 1.60224855605e-09, 2.58163224132e-09, 1.28729904514e-09, 1.147181794e-09, 1.46832357384e-09, 8.15355172268e-10],
        "stdev": [7.14443740435e-05, 0.000310556788463, 0.00114759034477, 0.000974027265329, 0.000594351906329, 0.000730245723389, 0.00152179249562, 0.000671215704642, 0.00124175613746, 0.00104180478957, 0.000948943838011, 0.00101818854455, 0.00028048621607, 0.000177363283001, 0.000580478343181, 0.000380570971174, 0.000255240505794, 0.000178982503712, 8.93994001672e-05, 2.18524764932e-05, 3.31274131895e-05, 4.73317559226e-05, 8.07906417322e-06, 7.42407792131e-07, 7.72486998812e-07, 5.08045604874e-06, 2.92542335956e-06, 2.94959204439e-06, 4.37352946392e-06, 2.51293363362e-06, 2.22205380851e-06, 1.19024821288e-06, 2.82915209482e-07, 1.54724887125e-07, 6.7722936592e-07, 6.52908681786e-07, 5.29699434537e-07, 2.0001733958e-07, 3.47663728917e-08, 5.65691919974e-08]
    },
    "melbands128": {
        "max": [9.6756448329e-05, 0.000433964742115, 0.00153707095888, 0.00369397830218, 0.00593390129507, 0.00756735354662, 0.00618867762387, 0.0228591747582, 0.0346399173141, 0.0232531744987, 0.00892650894821, 0.00830308068544, 0.00897447112948, 0.00966281816363, 0.0112763121724, 0.0266075916588, 0.0162103511393, 0.0233297329396, 0.0162263065577, 0.0135331545025, 0.0188179742545, 0.0417985543609, 0.0241888146847, 0.0233971457928, 0.0279735531658, 0.016317917034, 0.0295275878161, 0.0197213646024, 0.0147090703249, 0.0324473455548, 0.016866825521, 0.0175204575062, 0.0058688367717, 0.00416204007342, 0.00517342146486, 0.00521251186728, 0.0020797746256, 0.0125707043335, 0.0109593113884, 0.00729075679556, 0.0111272046342, 0.00756161333993, 0.0101177068427, 0.00793536100537, 0.00536937499419, 0.00468998635188, 0.00448370305821, 0.00241339462809, 0.00119057390839, 0.000716826063581, 0.000879515777342, 0.000253905804129, 0.000457012967672, 0.00152459042147, 0.00197942997329, 0.00157164153643, 0.000540000735782, 0.000193032814423, 0.000113972499094, 3.02785956592e-05, 1.5513101971e-05, 6.22392917649e-06, 1.30706375785e-05, 2.25728472287e-05, 3.16604164254e-05, 6.70960289426e-05, 0.000103212645627, 0.000141380733112, 3.02685966744e-05, 6.64841136313e-05, 4.6098317398e-05, 7.92236460256e-05, 8.70557050803e-05, 0.000104377832031, 4.25963153248e-05, 2.66830429609e-05, 2.95536210615e-05, 3.09698843921e-05, 6.7781402322e-05, 4.91462706123e-05, 3.2288258808e-05, 1.61601728905e-05, 6.87163264956e-06, 2.80016070064e-06, 2.19686285163e-06, 2.70700570582e-06, 3.98983365812e-06, 8.32230034575e-06, 1.96579640033e-05, 2.94180408673e-05, 1.40942102007e-05, 9.26982465899e-06, 2.00472968572e-05, 1.23619229271e-05, 5.44545036973e-06, 5.06619244334e-06, 6.93331594448e-06, 1.69645102233e-06, 4.81787651552e-07, 3.30258956183e-07, 9.33857734253e-07, 1.99396708922e-06, 2.47792149821e-06, 2.32686556956e-06, 2.0374864107e-06, 1.60933063853e-06, 1.48172193803e-06, 8.25755364531e-07, 4.76546716754e-07, 5.22269203884e-07, 3.12532279167e-07, 4.16013136828e-07, 4.31890356367e-07, 2.58969095057e-07, 7.55433688937e-08, 1.76731269619e-08, 2.02013872297e-08, 1.70212537398e-08, 1.58808699524e-08, 1.50888208594e-08, 1.4487856248e-08, 1.40082203615e-08, 1.36308342391e-08, 1.33192719076e-08, 1.30666650833e-08, 1.2850667197e-08, 1.2709754138e-08, 1.26213759444e-08],
        "mean": [2.52654399446e-06, 8.746259482e-06, 2.94126730296e-05, 7.51062834752e-05, 0.000138271207106, 0.000155960980919, 0.000229480705457, 0.000682765094098, 0.000819796638098, 0.000487555167638, 0.00032071620808, 0.000369978137314, 0.000435488647781, 0.000449059240054, 0.000406367355026, 0.000465385470307, 0.000654746196233, 0.00114582583774, 0.000565975962672, 0.000289968214929, 0.000243228205363, 0.000563514942769, 0.000501211965457, 0.000402109173592, 0.000552748679183, 0.000340992031852, 0.000487347366288, 0.000302618253045, 0.000325064756908, 0.000732371932827, 0.000371460337192, 0.000158113150974, 0.000128161569592, 4.59865368612e-05, 9.04596672626e-05, 9.18039950193e-05, 6.88874351908e-05, 0.000140565884067, 0.000403926358558, 0.000209830963286, 0.000110557681182, 0.000193771964405, 9.77519230219e-05, 5.51650882699e-05, 4.75241758977e-05, 7.41750991438e-05, 9.60945326369e-05, 2.73336609098e-05, 2.13926523429e-05, 1.70811235876e-05, 7.33883143766e-06, 7.18025057722e-06, 1.56123933266e-05, 1.49573970702e-05, 1.88333415281e-05, 1.31302285808e-05, 5.93540153204e-06, 5.84249983149e-06, 1.4005598814e-06, 4.5895671974e-07, 2.80440389133e-07, 1.43839798739e-07, 2.07077022196e-07, 4.01757716872e-07, 1.07202083655e-06, 3.14975545734e-06, 3.72098202206e-06, 2.1334064968e-06, 1.91479853129e-06, 2.20841388909e-06, 1.97344797925e-06, 2.14613919525e-06, 2.63917968368e-06, 2.7876835702e-06, 1.74551746568e-06, 1.61298510193e-06, 1.43483589454e-06, 9.33043679652e-07, 9.40838162933e-07, 8.2655259348e-07, 4.88206126192e-07, 4.12346594203e-07, 2.43609378003e-07, 1.13083459041e-07, 8.23124040039e-08, 8.47519743274e-08, 1.2918695802e-07, 1.76616850922e-07, 2.9959031167e-07, 3.54013707238e-07, 2.73806904261e-07, 2.47401942488e-07, 3.09879055749e-07, 2.44399188887e-07, 1.76057923795e-07, 1.71052860765e-07, 1.41244882457e-07, 1.06860213123e-07, 9.50734886374e-08, 9.44948297388e-08, 9.75356968524e-08, 9.6686029849e-08, 1.02663136659e-07, 1.09508498269e-07, 1.15178274029e-07, 1.141136039e-07, 1.113432333e-07, 1.11891274912e-07, 1.19533709153e-07, 1.55223844445e-07, 1.20015286598e-07, 1.13619549325e-07, 1.14385812822e-07, 9.91800774841e-08, 1.59530504362e-08, 1.0455777355e-09, 2.38268627051e-10, 1.22555689555e-11, 1.14750734956e-11, 1.09865979162e-11, 1.06003209682e-11, 1.02982344874e-11, 1.00610197257e-11, 9.84089806172e-12, 9.59566540809e-12, 9.31977325175e-12, 9.15282433178e-12, 9.08349090389e-12],
        "min": [4.62399951662e-10, 1.364248714e-08, 1.83342852011e-08, 1.1674254452e-08, 7.37533545347e-09, 2.8737966673e-08, 2.33853878484e-08, 1.48276825485e-07, 4.68922848995e-07, 1.11612806108e-07, 1.07138475869e-07, 1.24356517972e-07, 2.1394134464e-08, 3.92284960071e-08, 2.91735119617e-07, 1.76876227442e-07, 5.19494278706e-07, 1.37872973482e-07, 1.20712712715e-07, 2.6582853252e-07, 1.02357297749e-07, 7.01098628042e-08, 1.70339802708e-07, 4.58947994275e-07, 1.93745790966e-07, 1.3156054024e-07, 5.7727980618e-08, 1.11027112837e-07, 2.38137516817e-07, 6.32518776911e-07, 2.58022026856e-07, 8.12204632439e-08, 4.85260187588e-08, 3.78091193909e-08, 4.9336019714e-08, 6.62816219688e-08, 2.79476584097e-08, 1.96460590018e-08, 3.50987185982e-08, 3.37799406225e-08, 5.796456648e-08, 6.80960994259e-08, 1.98947933683e-08, 1.46719960625e-08, 1.80128392202e-08, 1.39107347863e-08, 1.25646897331e-08, 1.27049677445e-08, 2.59318611029e-09, 2.3901916002e-09, 3.12015746573e-09, 2.22172769071e-09, 7.67441388216e-10, 1.25022392439e-09, 1.77179237948e-09, 3.20678261723e-09, 2.57952836868e-09, 7.28324622834e-10, 4.08671624319e-10, 2.60480165215e-10, 1.41985465052e-10, 1.15585374605e-10, 2.16548917686e-10, 1.01030506183e-09, 1.95221705468e-09, 6.53387788319e-09, 5.16234699433e-09, 3.18449377978e-09, 4.51431025894e-09, 6.7177086116e-09, 2.50020559811e-09, 3.11059977776e-09, 8.31332869211e-09, 1.0474678902e-08, 2.33018271345e-09, 2.03295447143e-09, 6.9183136997e-10, 6.09962969023e-10, 4.77399497711e-09, 2.08799333379e-09, 9.80387437899e-10, 3.27319199522e-10, 2.41301173487e-10, 3.9748766778e-11, 1.13095352527e-10, 6.44800934868e-10, 1.74187131385e-09, 1.79846637582e-09, 1.29079114064e-09, 9.53421230854e-10, 4.44556036427e-09, 2.77756195821e-09, 4.24100643492e-10, 1.13136944258e-09, 2.23859886184e-09, 5.01549246579e-10, 1.36743971701e-09, 1.17838150349e-09, 8.79157913136e-10, 2.73417999352e-09, 5.97072780106e-10, 9.43651684571e-11, 1.03068209523e-09, 2.46948816951e-09, 2.01389305232e-09, 2.17734075214e-09, 8.2608159202e-10, 2.11581441256e-09, 2.2279098566e-09, 2.75815592587e-09, 2.71833022758e-09, 2.98389157827e-09, 1.41229461459e-09, 4.39812491981e-10, 7.27998286654e-11, 5.93185927895e-13, 2.43390106246e-13, 1.68932725339e-13, 1.64593260354e-13, 1.53205112442e-13, 1.42022434394e-13, 1.55986348512e-13, 1.59729461645e-13, 1.43271882531e-13, 7.45093480729e-14, 4.64940890963e-14, 5.44144722635e-15, 1.90500753862e-16],
        "stdev": [4.7416669986e-06, 1.93161722564e-05, 9.10521630431e-05, 0.000219452078454, 0.00039031621418, 0.000389399996493, 0.000461203540908, 0.00178000191227, 0.00212745694444, 0.00104146974627, 0.000588985043578, 0.000730778789148, 0.000781175273005, 0.000964161299635, 0.000832895457279, 0.00124336173758, 0.001449991134, 0.00272517255507, 0.00122097274289, 0.000899856502656, 0.000730193103664, 0.00191251351498, 0.00177184201311, 0.00130696501583, 0.00170568702742, 0.00121624302119, 0.00190299982205, 0.00117913773283, 0.00106491986662, 0.00197535031475, 0.00109195907135, 0.000709327345248, 0.000334829703206, 0.000158818351338, 0.00028190627927, 0.000288597133476, 0.000177133493708, 0.000720468815416, 0.00123203033581, 0.000641659775283, 0.000421209260821, 0.000562759465538, 0.000389156863093, 0.000296334561426, 0.00020598944684, 0.000275044352747, 0.000343633175362, 0.000106724975922, 7.40690156817e-05, 3.94138405682e-05, 3.26467488776e-05, 1.82209059858e-05, 3.77922187909e-05, 5.88072252867e-05, 9.58384334808e-05, 7.91367929196e-05, 2.86096328637e-05, 1.51370622916e-05, 4.33203103967e-06, 1.7381729549e-06, 9.79272840596e-07, 3.65699747817e-07, 6.11313168974e-07, 1.02155433979e-06, 2.47598268288e-06, 7.26277221474e-06, 8.93838205229e-06, 5.41125564268e-06, 2.98497434414e-06, 3.35748177349e-06, 3.11000439979e-06, 4.90282218379e-06, 5.71232567381e-06, 5.92373135078e-06, 3.12591919283e-06, 2.76734999716e-06, 2.9923164675e-06, 2.23079700845e-06, 2.87673174171e-06, 2.23551660383e-06, 1.42666908687e-06, 1.10783025775e-06, 6.12171959347e-07, 2.06008394343e-07, 9.89619195479e-08, 9.30750942985e-08, 1.64389362567e-07, 3.97406523689e-07, 7.65536981362e-07, 1.05757624169e-06, 6.75006219808e-07, 5.10937752551e-07, 8.66480888817e-07, 6.11473410572e-07, 3.4532644122e-07, 2.99075935573e-07, 2.16311704548e-07, 6.68586253028e-08, 4.09084073283e-08, 3.8518230383e-08, 4.55816362432e-08, 6.78055016579e-08, 9.44764906308e-08, 1.07558179252e-07, 8.93193146112e-08, 7.30666371851e-08, 5.85446784385e-08, 4.72633487902e-08, 4.47950014859e-08, 5.98851315203e-08, 3.77752265024e-08, 3.94875279142e-08, 3.88595111644e-08, 3.37906875814e-08, 8.26598078874e-09, 8.75316819027e-10, 4.82067996632e-10, 3.71214975425e-10, 3.46349698921e-10, 3.29072685767e-10, 3.15969278519e-10, 3.0550820207e-10, 2.97277397143e-10, 2.90483609389e-10, 2.84976153786e-10, 2.80265893826e-10, 2.77195127962e-10, 2.75268308148e-10]
    },
    "mfcc": {
        "mean": [-679.919616699, 146.137054443, -4.41308307648, -21.176776886, -21.7757587433, -0.150633320212, -5.35167074203, -27.2885913849, -2.91025447845, 4.51642036438, -18.7869358063, -1.37029600143, -4.81704092026],
        "cov": [[1610.81738281, 145.666900635, -676.560913086, 132.371047974, 30.1633663177, 37.0961494446, -24.4624595642, -73.5942153931, 34.6571388245, 90.0291900635, -119.667984009, 104.358711243, 29.2807121277], [145.666900635, 395.849700928, 18.7177181244, -58.2633628845, 58.7298851013, -35.568271637, 51.0617752075, 24.8346652985, 20.0121021271, 40.6869735718, 35.2043800354, 4.86999702454, 55.115436554], [-676.560913086, 18.7177181244, 761.477416992, 158.522903442, -0.0146247427911, 102.334190369, -23.8435115814, 50.8758583069, 34.7281455994, -56.4536323547, 56.2740859985, -25.7696170807, -60.1892356873], [132.371047974, -58.2633628845, 158.522903442, 317.459503174, 100.443191528, 44.6626205444, -84.3732681274, 15.1654834747, 73.3738021851, -47.1408920288, -37.9669914246, 42.71875, -24.1392650604], [30.1633663177, 58.7298851013, -0.0146247427911, 100.443191528, 191.265274048, 2.42569637299, -59.3973350525, 37.002658844, 50.0593109131, -24.5973262787, -8.7956495285, 21.0505065918, 21.6854934692], [37.0961494446, -35.568271637, 102.334190369, 44.6626205444, 2.42569637299, 183.602264404, 73.7874755859, -9.59031391144, 6.09877061844, 11.4485912323, 10.2850437164, -20.9779109955, -34.534412384], [-24.4624595642, 51.0617752075, -23.8435115814, -84.3732681274, -59.3973350525, 73.7874755859, 199.938186646, 26.1011180878, -51.8243942261, 58.2729721069, 48.0226211548, -32.7451667786, 7.8668217659], [-73.5942153931, 24.8346652985, 50.8758583069, 15.1654834747, 37.002658844, -9.59031391144, 26.1011180878, 108.388015747, 36.1848258972, -21.4642658234, 10.5129957199, 1.38584780693, 1.93641197681], [34.6571388245, 20.0121021271, 34.7281455994, 73.3738021851, 50.0593109131, 6.09877061844, -51.8243942261, 36.1848258972, 122.814811707, 0.214648500085, -22.0010509491, 16.6222229004, -3.72535085678], [90.0291900635, 40.6869735718, -56.4536323547, -47.1408920288, -24.5973262787, 11.4485912323, 58.2729721069, -21.4642658234, 0.214648500085, 130.09916687, 45.547088623, -18.120470047, 6.63275432587], [-119.667984009, 35.2043800354, 56.2740859985, -37.9669914246, -8.7956495285, 10.2850437164, 48.0226211548, 10.5129957199, -22.0010509491, 45.547088623, 104.670425415, -0.651682674885, -7.62744140625], [104.358711243, 4.86999702454, -25.7696170807, 42.71875, 21.0505065918, -20.9779109955, -32.7451667786, 1.38584780693, 16.6222229004, -18.120470047, -0.651682674885, 95.8934173584, 36.9162559509], [29.2807121277, 55.115436554, -60.1892356873, -24.1392650604, 21.6854934692, -34.534412384, 7.8668217659, 1.93641197681, -3.72535085678, 6.63275432587, -7.62744140625, 36.9162559509, 102.572143555]],
        "icov": [[0.00401947135106, -0.00409580674022, 0.00501923216507, -0.00447217794135, 0.00395960872993, -0.00540908798575, 0.00444784667343, -0.00319011323154, 0.00336975394748, -0.00397116085514, 0.00334548461251, -0.0033304640092, 0.00183361722156], [-0.00409580674022, 0.00786164030433, -0.00585575820878, 0.00563467154279, -0.00624992139637, 0.00732754450291, -0.00692921923473, 0.00462120166048, -0.00508784502745, 0.00374327972531, -0.00354437879287, 0.00314168049954, -0.00275371898897], [0.00501923216507, -0.00585575820878, 0.00854202546179, -0.00700606312603, 0.00662178266793, -0.00847094878554, 0.00726890750229, -0.00546026462689, 0.00447043357417, -0.00376928597689, 0.00187695259228, -0.00269466405734, 0.00188642775174], [-0.00447217794135, 0.00563467154279, -0.00700606312603, 0.0111637711525, -0.00761161604896, 0.00562252243981, -0.00516011333093, 0.00443522492424, -0.00532882101834, 0.00400534691289, -0.00133379839826, 0.000534491613507, -0.000164751050761], [0.00395960872993, -0.00624992139637, 0.00662178266793, -0.00761161604896, 0.0140148987994, -0.00870045274496, 0.00970256235451, -0.0078328801319, 0.00397119717672, -0.00328766810708, 0.000837203871924, -0.00116810144391, -0.00132676772773], [-0.00540908798575, 0.00732754450291, -0.00847094878554, 0.00562252243981, -0.00870045274496, 0.0183699894696, -0.014412837103, 0.0102246291935, -0.00826382264495, 0.00647357944399, -0.0035007072147, 0.00404730439186, 0.000460195646156], [0.00444784667343, -0.00692921923473, 0.00726890750229, -0.00516011333093, 0.00970256235451, -0.014412837103, 0.0206209588796, -0.0130035309121, 0.0106313545257, -0.00859639048576, 0.00159158755559, -0.00127871264704, -0.00121472694445], [-0.00319011323154, 0.00462120166048, -0.00546026462689, 0.00443522492424, -0.0078328801319, 0.0102246291935, -0.0130035309121, 0.020490495488, -0.0110030760989, 0.00883071497083, -0.00457242457196, 0.00267260777764, -0.000296355545288], [0.00336975394748, -0.00508784502745, 0.00447043357417, -0.00532882101834, 0.00397119717672, -0.00826382264495, 0.0106313545257, -0.0110030760989, 0.0182814504951, -0.00882697477937, 0.00641700252891, -0.00436143577099, 0.00219319970347], [-0.00397116085514, 0.00374327972531, -0.00376928597689, 0.00400534691289, -0.00328766810708, 0.00647357944399, -0.00859639048576, 0.00883071497083, -0.00882697477937, 0.0177778732032, -0.00996904354542, 0.00651522679254, -0.00333610991947], [0.00334548461251, -0.00354437879287, 0.00187695259228, -0.00133379839826, 0.000837203871924, -0.0035007072147, 0.00159158755559, -0.00457242457196, 0.00641700252891, -0.00996904354542, 0.0192544832826, -0.00764956464991, 0.00540823349729], [-0.0033304640092, 0.00314168049954, -0.00269466405734, 0.000534491613507, -0.00116810144391, 0.00404730439186, -0.00127871264704, 0.00267260777764, -0.00436143577099, 0.00651522679254, -0.00764956464991, 0.018783506006, -0.00844442844391], [0.00183361722156, -0.00275371898897, 0.00188642775174, -0.000164751050761, -0.00132676772773, 0.000460195646156, -0.00121472694445, -0.000296355545288, 0.00219319970347, -0.00333610991947, 0.00540823349729, -0.00844442844391, 0.0160445924848]]
    },
    "spectral_contrast_coeffs": {
        "max": [-0.360076844692, -0.473757922649, -0.42069002986, -0.437497586012, -0.56566798687, -0.608487486839],
        "mean": [-0.625799417496, -0.706793010235, -0.70516949892, -0.741557061672, -0.757675886154, -0.808609187603],
        "min": [-0.896833598614, -0.923654556274, -0.889376580715, -0.903450548649, -0.891216695309, -0.880243360996],
        "stdev": [0.0879356190562, 0.0737711340189, 0.076983012259, 0.077414162457, 0.060878995806, 0.0443901158869]
    },
    "spectral_contrast_valleys": {
        "max": [-5.5261259079, -4.91297531128, -5.67173194885, -6.11756229401, -7.13229084015, -9.40637683868],
        "mean": [-7.73064041138, -6.4971704483, -7.32990598679, -7.8451499939, -8.75329685211, -10.5404663086],
        "min": [-10.3936166763, -8.44338703156, -9.3969783783, -10.0763463974, -10.5093050003, -11.5910482407],
        "stdev": [0.875319719315, 0.539748489857, 0.595564007759, 0.66633784771, 0.496662586927, 0.171324297786]
    }
},
"rhythm": {
    "beats_count": 126,
    "beats_loudness": {
        "max": 0.121005550027,
        "mean": 0.0333822444081,
        "min": 0.00310205598362,
        "stdev": 0.0206980220973
    },
    "bpm": 155.977035522,
    "bpm_histogram_first_peak_bpm": 157,
    "bpm_histogram_first_peak_weight": 0.4571428895,
    "bpm_histogram_second_peak_bpm": 152,
    "bpm_histogram_second_peak_spread": 0,
    "bpm_histogram_second_peak_weight": 0.0719999969006,
    "danceability": 1.17157125473,
    "onset_rate": 2.501953125,
    "beats_loudness_band_ratio": {
        "max": [0.752362728119, 0.697741806507, 0.831060767174, 0.942349672318, 0.565912008286, 0.0885665416718],
        "mean": [0.136928200722, 0.226238951087, 0.3734562397, 0.272657901049, 0.0555841587484, 0.0135922897607],
        "min": [0.000708410225343, 0.00928622856736, 0.0296559389681, 0.0165032912046, 0.000797873944975, 0.00163370883092],
        "stdev": [0.169469028711, 0.163064882159, 0.215791985393, 0.236259505153, 0.0771334916353, 0.0129162045196]
    },
