{
"metadata": {
    "version": {
        "essentia": "2.1-beta5",
        "essentia_git_sha": "Undefined",
        "extractor": "music 2.0"
    },
    "audio_properties": {
        "analysis": {
            "equal_loudness": 0,
            "length": 29.0017242432,
            "sample_rate": 44100,
            "start_time": 32.4963264465,
            "downmix": "mix"
        },
        "bit_rate": 192000,
        "length": 251.518554688,
        "lossless": 0,
        "number_channels": 2,
        "replay_gain": -14.7595481873,
        "sample_rate": 44100,
        "codec": "mp3",
        "md5_encoded": "590581b2e5652de7d7fecac9c662655e"
    },
    "tags": {
        "file_name": "Belgium_J_aime La Vie_Sandra Kim.mp3",
        "encoding": ["Lavf58.29.100"]
    }
},
"lowlevel": {
    "average_loudness": 0.842444777489,
    "barkbands_crest": {
        "max": 20.5681095123,
        "mean": 7.26390790939,
        "min": 2.40048146248,
        "stdev": 3.13964653015
    },
    "barkbands_flatness_db": {
        "max": 0.305316984653,
        "mean": 0.122458934784,
        "min": 0.0509182550013,
        "stdev": 0.037023961544
    },
    "barkbands_kurtosis": {
        "max": 40.9359855652,
        "mean": 1.88384747505,
        "min": -1.94052159786,
        "stdev": 4.56283855438
    },
    "barkbands_skewness": {
        "max": 4.71033000946,
        "mean": 0.364762932062,
        "min": -6.34576892853,
        "stdev": 1.35184013844
    },
    "barkbands_spread": {
        "max": 123.209739685,
        "mean": 35.3370323181,
        "min": 2.29933691025,
        "stdev": 24.0238380432
    },
    "dissonance": {
        "max": 0.499985992908,
        "mean": 0.475966393948,
        "min": 0.307352662086,
        "stdev": 0.0277407951653
    },
    "dynamic_complexity": 3.843719244,
    "erbbands_crest": {
        "max": 26.6315536499,
        "mean": 7.9964556694,
        "min": 2.66974568367,
        "stdev": 3.1717338562
    },
    "erbbands_flatness_db": {
        "max": 0.355174481869,
        "mean": 0.172974348068,
        "min": 0.0801769718528,
        "stdev": 0.0427971817553
    },
    "erbbands_kurtosis": {
        "max": 82.5335922241,
        "mean": 2.2174270153,
        "min": -1.78268742561,
        "stdev": 6.26319217682
    },
    "erbbands_skewness": {
        "max": 3.67180800438,
        "mean": 0.0127314869314,
        "min": -6.74946832657,
        "stdev": 1.26292610168
    },
    "erbbands_spread": {
        "max": 163.292419434,
        "mean": 38.4552955627,
        "min": 2.66876530647,
        "stdev": 26.8079967499
    },
    "hfc": {
        "max": 296.611480713,
        "mean": 27.5284500122,
        "min": 0.0171623304486,
        "stdev": 33.1234893799
    },
    "loudness_ebu128": {
        "integrated": -10.1668949127,
        "loudness_range": 5.6901216507,
        "momentary": {
            "max": -6.49209833145,
            "mean": -11.763007164,
            "min": -40.5417480469,
            "stdev": 4.79501533508
        },
        "short_term": {
            "max": -7.42730474472,
            "mean": -10.6610088348,
            "min": -15.1531610489,
            "stdev": 1.86343240738
        }
    },
    "melbands_crest": {
        "max": 31.3086738586,
        "mean": 10.30697155,
        "min": 2.95209860802,
        "stdev": 5.25967645645
    },
    "melbands_flatness_db": {
        "max": 0.366053849459,
        "mean": 0.126585289836,
        "min": 0.0224311370403,
        "stdev": 0.056215018034
    },
    "melbands_kurtosis": {
        "max": 169.236526489,
        "mean": 7.74611854553,
        "min": -1.92965114117,
        "stdev": 14.2546224594
    },
    "melbands_skewness": {
        "max": 11.2183790207,
        "mean": 1.61279380322,
        "min": -2.54059958458,
        "stdev": 1.83836650848
    },
    "melbands_spread": {
        "max": 290.591369629,
        "mean": 53.9394073486,
        "min": 2.21277666092,
        "stdev": 47.3061904907
    },
    "pitch_salience": {
        "max": 0.868342399597,
        "mean": 0.693496704102,
        "min": 0.278775215149,
        "stdev": 0.0927102342248
    },
    "silence_rate_20dB": {
        "max": 1,
        "mean": 1,
        "min": 1,
        "stdev": 0
    },
    "silence_rate_30dB": {
        "max": 1,
        "mean": 1,
        "min": 1,
        "stdev": 0
    },
    "silence_rate_60dB": {
        "max": 1,
        "mean": 0.184799998999,
        "min": 0,
        "stdev": 0.388133615255
    },
    "spectral_centroid": {
        "max": 6825.62060547,
        "mean": 2182.11499023,
        "min": 298.506408691,
        "stdev": 1068.40441895
    },
    "spectral_complexity": {
        "max": 57,
        "mean": 19.1944007874,
        "min": 0,
        "stdev": 14.7286272049
    },
    "spectral_decrease": {
        "max": -1.60311282478e-12,
        "mean": -3.08907832647e-09,
        "min": -1.59517306031e-08,
        "stdev": 2.57395549319e-09
    },
    "spectral_energy": {
        "max": 0.0655799731612,
        "mean": 0.0141558209434,
        "min": 7.89466503193e-06,
        "stdev": 0.0113253071904
    },
    "spectral_energyband_high": {
        "max": 0.0392795912921,
        "mean": 0.00193558633327,
        "min": 1.53181599671e-06,
        "stdev": 0.00394271221012
    },
    "spectral_energyband_low": {
        "max": 0.0348508097231,
        "mean": 0.00149860989768,
        "min": 1.02211618014e-06,
        "stdev": 0.00269053434022
    },
    "spectral_energyband_middle_high": {
        "max": 0.0311013683677,
        "mean": 0.00607869122177,
        "min": 2.57341957877e-06,
        "stdev": 0.00650948751718
    },
    "spectral_energyband_middle_low": {
        "max": 0.0518559999764,
        "mean": 0.00490907905623,
        "min": 1.70638861618e-06,
        "stdev": 0.0064304638654
    },
    "spectral_entropy": {
        "max": 8.86932945251,
        "mean": 7.96516180038,
        "min": 6.61612129211,
        "stdev": 0.346290081739
    },
    "spectral_flux": {
        "max": 0.188162147999,
        "mean": 0.0694096684456,
        "min": 0.00186120346189,
        "stdev": 0.0340694971383
    },
    "spectral_kurtosis": {
        "max": 16.0412731171,
        "mean": 2.30348992348,
        "min": -1.18234050274,
        "stdev": 1.91279399395
    },
    "spectral_rms": {
        "max": 0.00799877848476,
        "mean": 0.00334911071695,
        "min": 8.77616766957e-05,
        "stdev": 0.00161059235688
    },
    "spectral_rolloff": {
        "max": 10981.9335938,
        "mean": 3650.44287109,
        "min": 172.265625,
        "stdev": 2684.94042969
    },
    "spectral_skewness": {
        "max": 3.0780851841,
        "mean": 1.2441791296,
        "min": -0.714914679527,
        "stdev": 0.591627180576
    },
    "spectral_spread": {
        "max": 15695190,
        "mean": 5960404,
        "min": 2401607.75,
        "stdev": 2377567.75
    },
    "spectral_strongpeak": {
        "max": 17.0469055176,
        "mean": 1.05123662949,
        "min": 0,
        "stdev": 1.50458467007
    },
    "zerocrossingrate": {
        "max": 0.37158203125,
        "mean": 0.13078789413,
        "min": 0.02294921875,
        "stdev": 0.0631175711751
    },
    "barkbands": {
        "max": [0.00126177677885, 0.0159145258367, 0.0193362571299, 0.0144480010495, 0.0146219525486, 0.0220523923635, 0.0358946546912, 0.0130925774574, 0.0142633961514, 0.00475858990103, 0.00434340257198, 0.00779321789742, 0.0100912433118, 0.0113780610263, 0.0089566167444, 0.00825761444867, 0.0130203226581, 0.00793212000281, 0.0200830921531, 0.0105711072683, 0.00875784084201, 0.00512903463095, 0.0189115162939, 0.0185242276639, 0.00166523631196, 0.000167742808117, 8.08563345345e-06],
        "mean": [0.000134893372888, 0.000464279932203, 0.000680780096445, 0.000743277545553, 0.00152873178013, 0.00101750320755, 0.000636425276753, 0.000446782214567, 0.000467046105769, 0.000294587400276, 0.000247377902269, 0.000469438033178, 0.000655621814076, 0.000784811098129, 0.00091366271954, 0.000845563481562, 0.000828199554235, 0.000449235143606, 0.00041914024041, 0.00033898075344, 0.000355426513124, 0.000245939940214, 0.000431392953033, 0.000604019674938, 0.000138985851663, 1.37119350256e-05, 7.68271846141e-09],
        "min": [7.66980861044e-08, 1.76110930283e-07, 8.38668228198e-08, 6.28700291827e-08, 2.02941379257e-07, 1.28178484715e-07, 7.2083963687e-08, 9.72913767328e-08, 6.26895584332e-08, 1.57226935471e-07, 5.92242273001e-08, 1.16499542457e-07, 2.10731229799e-07, 1.92996068904e-07, 1.72108286733e-07, 1.80491397828e-07, 8.08361235727e-08, 1.01577995792e-07, 1.12865471635e-07, 5.57519150846e-08, 1.91099189806e-07, 1.37107861065e-07, 1.89274999229e-07, 3.68312953469e-07, 1.51451928332e-07, 5.04148892772e-12, 7.08480713332e-12],
        "stdev": [0.000156213645823, 0.00125682912767, 0.0015134481946, 0.00158629531506, 0.00247408519499, 0.00205864501186, 0.0019600186497, 0.00109227083158, 0.00109509704635, 0.000453165936051, 0.000402546225814, 0.000746345496736, 0.00106358691119, 0.00111379474401, 0.00124387384858, 0.00115757668391, 0.00119811610784, 0.000758094654884, 0.00109578319825, 0.000729617429897, 0.000663503014948, 0.000525128445588, 0.0015224426752, 0.00184245384298, 0.000141212338349, 1.74996657734e-05, 2.28907097721e-07]
    },
    "erbbands": {
        "max": [0.435221791267, 4.67626857758, 23.1589603424, 27.1327610016, 77.8763580322, 80.5737380981, 97.2604980469, 235.226913452, 518.992248535, 264.602996826, 293.80682373, 413.516265869, 225.016052246, 191.02104187, 153.465148926, 338.39151001, 535.042785645, 652.579833984, 381.977722168, 488.673828125, 418.402770996, 675.792480469, 420.052459717, 1335.69360352, 647.742919922, 372.945373535, 337.226074219, 305.463806152, 180.70135498, 240.613723755, 554.313171387, 541.933349609, 285.714416504, 37.3792648315, 4.01333808899, 1.18856310844, 0.194150328636, 0.00509762670845, 0.00115489214659, 0.000215553794987],
        "mean": [0.013838481158, 0.112704895437, 0.669677317142, 1.60982584953, 4.18129062653, 5.46292495728, 5.6879863739, 9.22935581207, 8.91363716125, 9.2921295166, 10.5603370667, 10.1966543198, 9.76671218872, 10.6543073654, 11.8593702316, 20.9093742371, 30.1933460236, 38.4909248352, 45.0096244812, 50.4595718384, 47.611530304, 42.2523651123, 27.3361663818, 21.2867870331, 21.2979164124, 17.0117835999, 14.9801263809, 12.3744802475, 8.77499675751, 7.92642641068, 13.7444934845, 14.8142175674, 8.23818397522, 2.29601669312, 0.664321124554, 0.143229097128, 0.0109005719423, 0.000315609300742, 3.93672016799e-05, 2.59277112491e-05],
        "min": [5.72457338421e-06, 2.843859329e-05, 0.00010895315063, 0.000478941336041, 0.000404492602684, 0.00091126258485, 0.00146089191549, 0.000959337630775, 0.000990001717582, 0.00178089516703, 0.0025208031293, 0.00175279518589, 0.00342219090089, 0.00290943286382, 0.00330349477008, 0.00665488187224, 0.0106192827225, 0.00947974529117, 0.0107735460624, 0.0105703575537, 0.0100526511669, 0.00512613542378, 0.00616352818906, 0.00548058282584, 0.00618402473629, 0.00781154027209, 0.00857535004616, 0.00733789615333, 0.00518696103245, 0.00573259778321, 0.00517890462652, 0.0090959072113, 0.00382069102488, 0.00166657089721, 0.000684869359247, 3.0495099054e-05, 1.03102672711e-06, 1.02326872309e-07, 2.78214855598e-08, 1.73158376526e-08],
        "stdev": [0.0308965146542, 0.325479179621, 1.5560939312, 2.87899923325, 8.1857624054, 10.33091259, 10.3035736084, 21.3803272247, 29.5787734985, 21.5080738068, 25.1435756683, 27.2061061859, 18.0476703644, 15.7800064087, 17.3920345306, 32.6574363708, 48.1123161316, 56.2316017151, 61.8094024658, 67.5554122925, 62.4526252747, 57.4442176819, 41.3210144043, 63.4932556152, 44.5253295898, 35.0179595947, 28.0001163483, 25.6353931427, 19.2196273804, 19.0926475525, 49.8290061951, 50.7303581238, 23.0244789124, 3.27182865143, 0.537622153759, 0.143119424582, 0.0208385512233, 0.00044494777103, 5.38555141247e-05, 2.41639900196e-05]
    },
    "gfcc": {
        "mean": [-29.0322246552, 46.4186668396, -134.545806885, 45.19115448, -70.1404800415, 31.9321098328, -62.2428741455, 16.399892807, -19.8438186646, 2.28343772888, -11.9162034988, -7.15462875366, -1.85987651348],
        "cov": [[6091.97363281, 568.364868164, -1071.00195312, -168.122741699, 158.409637451, -352.605407715, 195.660308838, -175.80619812, -180.071289062, -87.4260177612, -34.3199577332, -42.2738647461, -117.822158813], [568.364868164, 1236.49902344, 5.05423116684, -213.608215332, -110.775108337, -418.960662842, -21.3537902832, -232.769561768, -154.884521484, -24.9907951355, -207.883850098, -81.4189071655, -46.165687561], [-1071.00195312, 5.05423116684, 2016.39331055, 553.139160156, -333.452423096, -209.885360718, -358.16027832, -45.1140174866, -39.1791572571, 15.5044708252, -265.130218506, 16.1814098358, -101.353248596], [-168.122741699, -213.608215332, 553.139160156, 744.426269531, -66.8520050049, -160.877578735, 26.0052566528, -166.18838501, -5.3747344017, -58.7298355103, -61.7429962158, -6.41931962967, -57.8752822876], [158.409637451, -110.775108337, -333.452423096, -66.8520050049, 269.239257812, 143.737640381, 0.147101297975, 85.9048461914, 24.2465305328, 32.0102005005, 75.0292053223, 27.8655548096, 13.7791309357], [-352.605407715, -418.960662842, -209.885360718, -160.877578735, 143.737640381, 440.500701904, 94.6022720337, 148.03086853, 77.3237075806, 25.3371238708, 144.281188965, 14.3098869324, 42.4033889771], [195.660308838, -21.3537902832, -358.16027832, 26.0052566528, 0.147101297975, 94.6022720337, 357.878967285, -17.783285141, -66.0915985107, -25.9980163574, 20.5127735138, 0.659083783627, -14.2913064957], [-175.80619812, -232.769561768, -45.1140174866, -166.18838501, 85.9048461914, 148.03086853, -17.783285141, 253.17086792, 55.2369346619, 6.05224943161, 76.0716094971, 47.9272689819, 33.4171104431], [-180.071289062, -154.884521484, -39.1791572571, -5.3747344017, 24.2465305328, 77.3237075806, -66.0915985107, 55.2369346619, 139.916213989, 13.9000024796, 67.213684082, -3.71084451675, 36.2088356018], [-87.4260177612, -24.9907951355, 15.5044708252, -58.7298355103, 32.0102005005, 25.3371238708, -25.9980163574, 6.05224943161, 13.9000024796, 114.939186096, 1.23408055305, -4.04337358475, -0.0748431831598], [-34.3199577332, -207.883850098, -265.130218506, -61.7429962158, 75.0292053223, 144.281188965, 20.5127735138, 76.0716094971, 67.213684082, 1.23408055305, 182.94682312, 11.0760564804, 39.9348869324], [-42.2738647461, -81.4189071655, 16.1814098358, -6.41931962967, 27.8655548096, 14.3098869324, 0.659083783627, 47.9272689819, -3.71084451675, -4.04337358475, 11.0760564804, 90.6421813965, 5.40968418121], [-117.822158813, -46.165687561, -101.353248596, -57.8752822876, 13.7791309357, 42.4033889771, -14.2913064957, 33.4171104431, 36.2088356018, -0.0748431831598, 39.9348869324, 5.40968418121, 85.1724853516]],
        "icov": [[0.000217191889533, 5.73732831981e-05, 5.90850868321e-05, 0.000139926851261, -0.000257555046119, 0.000336521974532, -0.000109250438982, 0.000128439540276, 5.29041753907e-05, 0.000205578427995, -5.49068608962e-05, 0.000111342640594, 0.000298704748275], [5.73732831981e-05, 0.00350629980676, -0.00207399087958, 0.00442952895537, -0.00432687485591, 0.00503042759374, -0.00343125592917, 0.00414803344756, -0.00152017059736, 0.00272340863012, -0.000487198238261, 0.00239209434949, -0.00076070043724], [5.90850868321e-05, -0.00207399087958, 0.00380854750983, -0.00501298671588, 0.00610991520807, -0.00492831598967, 0.00535656092688, -0.00457944069058, 0.00312638818286, -0.00312238559127, 0.00278355926275, -0.00204324652441, 0.00173674034886], [0.000139926851261, 0.00442952895537, -0.00501298671588, 0.00976379588246, -0.00916041247547, 0.00883672200143, -0.00785485841334, 0.00846813712269, -0.00516823586076, 0.0058794086799, -0.00288684456609, 0.00309029687196, -0.000934556417633], [-0.000257555046119, -0.00432687485591, 0.00610991520807, -0.00916041247547, 0.0157435592264, -0.0106323901564, 0.00954355113208, -0.00898883864284, 0.00589024368674, -0.00696251867339, 0.00299937301315, -0.00481572607532, 0.00260834302753], [0.000336521974532, 0.00503042759374, -0.00492831598967, 0.00883672200143, -0.0106323901564, 0.0135520175099, -0.00918845366687, 0.00656449142843, -0.00545695517212, 0.0049443198368, -0.00432934332639, 0.00453648809344, -0.00174595077988], [-0.000109250438982, -0.00343125592917, 0.00535656092688, -0.00785485841334, 0.00954355113208, -0.00918845366687, 0.011586134322, -0.00654451502487, 0.00698306877166, -0.00422008475289, 0.00308949151076, -0.00317279016599, 0.00234869820997], [0.000128439540276, 0.00414803344756, -0.00457944069058, 0.00846813712269, -0.00898883864284, 0.00656449142843, -0.00654451502487, 0.0134685318917, -0.00524313189089, 0.00549094099551, -0.00314291846007, 0.000376891781343, -0.00178216095082], [5.29041753907e-05, -0.00152017059736, 0.00312638818286, -0.00516823586076, 0.00589024368674, -0.00545695517212, 0.00698306877166, -0.00524313189089, 0.0146547695622, -0.00369646027684, -0.000691816443577, 0.000114382011816, -0.00146586587653], [0.000205578427995, 0.00272340863012, -0.00312238559127, 0.0058794086799, -0.00696251867339, 0.0049443198368, -0.00422008475289, 0.00549094099551, -0.00369646027684, 0.0130290267989, -0.00109883607365, 0.00258063571528, -0.000223323353566], [-5.49068608962e-05, -0.000487198238261, 0.00278355926275, -0.00288684456609, 0.00299937301315, -0.00432934332639, 0.00308949151076, -0.00314291846007, -0.000691816443577, -0.00109883607365, 0.0115785785019, -0.00121866317932, -0.000625954358838], [0.000111342640594, 0.00239209434949, -0.00204324652441, 0.00309029687196, -0.00481572607532, 0.00453648809344, -0.00317279016599, 0.000376891781343, 0.000114382011816, 0.00258063571528, -0.00121866317932, 0.0147601282224, -0.00145304435864], [0.000298704748275, -0.00076070043724, 0.00173674034886, -0.000934556417633, 0.00260834302753, -0.00174595077988, 0.00234869820997, -0.00178216095082, -0.00146586587653, -0.000223323353566, -0.000625954358838, -0.00145304435864, 0.0157227423042]]
    },
    "melbands": {
        "max": [0.00430435547605, 0.00966723728925, 0.00557809369639, 0.00396221317351, 0.00297837518156, 0.00498379720375, 0.00812567491084, 0.00293518882245, 0.00260198581964, 0.00241800048389, 0.00111227470916, 0.000827239768114, 0.000670778565109, 0.000867311493494, 0.00139390502591, 0.00108828721568, 0.00139853125438, 0.000618721009232, 0.000755083281547, 0.000707798288204, 0.000611843192019, 0.00092764897272, 0.000488052377477, 0.000510019890498, 0.00134570198134, 0.000599704566412, 0.00063944311114, 0.000206953161978, 0.000209239544347, 0.000156542591867, 0.000193707310245, 0.000120393771795, 0.000130321175675, 0.000193192652659, 0.00033396188519, 0.000475182750961, 0.000267324910965, 0.000253322679782, 7.78109242674e-05, 2.33464052144e-05],
        "mean": [0.000134033427457, 0.000279023515759, 0.000370817899238, 0.000344519183272, 0.000210944170249, 0.000202113864361, 0.00013742558076, 9.92411878542e-05, 8.35339451442e-05, 6.43639359623e-05, 4.81677416246e-05, 4.2907329771e-05, 3.64785119018e-05, 5.05022035213e-05, 5.96664067416e-05, 6.98239746271e-05, 6.98771254974e-05, 7.06400096533e-05, 6.79876320646e-05, 6.25069296802e-05, 5.60351181775e-05, 4.71606363135e-05, 3.05438261421e-05, 2.19466037379e-05, 1.62925261975e-05, 1.62940650625e-05, 1.34051251734e-05, 1.03377869891e-05, 9.11563802219e-06, 8.3764507508e-06, 6.87051351633e-06, 4.96959000884e-06, 4.50452898804e-06, 4.37469179815e-06, 7.33963543098e-06, 9.78294247034e-06, 8.63176865096e-06, 6.56153133605e-06, 3.2963312151e-06, 1.45390754369e-06],
        "min": [9.85266268572e-08, 5.03058679158e-08, 9.5287298052e-08, 4.92270793018e-08, 6.28428509231e-08, 2.22763176794e-08, 1.5824864974e-08, 1.89645756876e-08, 2.03144789879e-08, 9.55053636176e-09, 1.80350454571e-08, 1.18679848171e-08, 7.63562901795e-09, 1.43373277695e-08, 1.52108867724e-08, 1.83514732299e-08, 1.48868721794e-08, 1.66016977943e-08, 1.24256036571e-08, 1.41576705914e-08, 1.08589315317e-08, 3.95585963986e-09, 6.17654549728e-09, 3.70035957431e-09, 4.04374089769e-09, 3.89477250451e-09, 1.96037941436e-09, 8.36215374722e-10, 2.5414863547e-09, 3.30249649849e-09, 3.5900244999e-09, 2.87098700369e-09, 2.84117152027e-09, 2.42586262189e-09, 2.43009368184e-09, 3.15288617436e-09, 3.7907734729e-09, 4.97504398789e-11, 2.02228767066e-09, 1.10927689256e-09],
        "stdev": [0.000313305237796, 0.000630074588116, 0.000658274744637, 0.000573342433199, 0.000358148477972, 0.000447814963991, 0.000440318777692, 0.000221773036174, 0.000197327390197, 0.0001681905851, 8.96034543985e-05, 6.58437566017e-05, 5.76763959543e-05, 7.81742492109e-05, 9.97252500383e-05, 0.000106933082861, 0.000105699262349, 0.000101188707049, 9.36486685532e-05, 8.68911738507e-05, 7.65242439229e-05, 6.97829018463e-05, 4.51730775239e-05, 4.44415272796e-05, 5.87145805184e-05, 3.46710839949e-05, 3.13058808388e-05, 2.16112221096e-05, 1.79989783646e-05, 1.58608127094e-05, 1.57613485499e-05, 1.12238949441e-05, 1.10034943646e-05, 1.25147635117e-05, 2.62430912699e-05, 3.78358199669e-05, 2.81749034912e-05, 1.96310938918e-05, 6.61840795146e-06, 1.80357403678e-06]
    },
    "melbands128": {
        "max": [0.000795981148258, 0.00277350982651, 0.00697384728119, 0.00939081795514, 0.013800073415, 0.00785088166595, 0.00636229477823, 0.0089666666463, 0.00973920430988, 0.00672844145447, 0.00622031372041, 0.00455941166729, 0.00468710251153, 0.00480309640989, 0.00838994700462, 0.0108737265691, 0.0107866330072, 0.0155308516696, 0.00678364560008, 0.00438438681886, 0.00348730711266, 0.00417165830731, 0.00485152564943, 0.00186926871538, 0.00474113924429, 0.00516536645591, 0.00348743377253, 0.000872724864166, 0.000900206621736, 0.0014422906097, 0.000918861071113, 0.000890701427124, 0.00141874002293, 0.000714055495337, 0.000984283862635, 0.00146401801612, 0.00145300058648, 0.00269444007427, 0.00218785228208, 0.00172382965684, 0.00194882112555, 0.00199278024957, 0.00181144510861, 0.00162282283418, 0.000872799777426, 0.00132505467627, 0.00108701153658, 0.00125081767328, 0.00120654935017, 0.00175823969766, 0.00106444966514, 0.000737891765311, 0.00075553834904, 0.000805459101684, 0.00179210968781, 0.00131838337984, 0.000344598345691, 0.00118779169861, 0.000412303546909, 0.000407866784371, 0.000903368229046, 0.000657983589917, 0.00145570584573, 0.00217626290396, 0.00112793466542, 0.000404371297918, 0.000424909725552, 0.00068722886499, 0.000885111978278, 0.000375211879145, 0.000239563698415, 0.000296041107504, 0.000172749932972, 0.00030361537938, 0.000299522798741, 0.000185121913091, 0.00020742212655, 0.00020507829322, 0.00028008519439, 0.000247523246799, 0.000218808127102, 0.000152503911522, 0.000136064729304, 0.000189058773685, 9.12910545594e-05, 0.000174800967216, 0.000214212021092, 0.000397519062972, 0.000400738179451, 0.000485542899696, 0.000620549137238, 0.000563518318813, 0.000562447239645, 0.000344258005498, 0.00035862767254, 0.000301759660942, 0.000339487596648, 0.000176083456608, 0.000107288149593, 8.32369405543e-05, 3.81082463718e-05, 3.25818909914e-05, 1.55353500304e-05, 7.58224359743e-06, 5.73356737732e-06, 4.79951177113e-06, 6.86628573021e-06, 3.50219988832e-06, 2.33131231653e-06, 2.74599005934e-06, 2.79515552393e-06, 1.42475471421e-06, 1.45266000118e-07, 4.36182681085e-08, 4.20627550568e-08, 4.06055846724e-08, 3.92405823391e-08, 3.79993032595e-08, 3.6862438435e-08, 3.58447564963e-08, 3.49333504346e-08, 3.41204327015e-08, 3.3418100287e-08, 3.28094351687e-08, 3.22986046797e-08, 3.19033262031e-08, 3.16126573807e-08, 3.14365031784e-08],
        "mean": [9.29039742914e-05, 0.000115076873044, 0.000144880192238, 0.000181849114597, 0.000312810676405, 0.000330582668539, 0.000275372411124, 0.000435801135609, 0.00044832326239, 0.000314497214276, 0.000326248758938, 0.000216713888221, 0.000176880523213, 0.000202478768188, 0.000226709744311, 0.000198316207388, 0.000138593517477, 0.000131817432703, 0.000125946171465, 0.000105617531517, 7.69903635955e-05, 0.000102606762084, 8.54638128658e-05, 6.33291056147e-05, 6.84939732309e-05, 5.7072888012e-05, 7.36635774956e-05, 3.64394436474e-05, 3.98496558773e-05, 4.90681813972e-05, 4.10185784858e-05, 3.65760861314e-05, 3.80809979106e-05, 3.13467171509e-05, 4.67229510832e-05, 5.55352926312e-05, 5.94574376009e-05, 5.02430084452e-05, 7.11918328307e-05, 6.65920379106e-05, 6.09350681771e-05, 8.84680775926e-05, 7.12011897122e-05, 5.96599529672e-05, 6.67816129862e-05, 7.38866365282e-05, 7.53495478421e-05, 6.22529842076e-05, 6.31192378933e-05, 8.30721110106e-05, 5.77285645704e-05, 4.89172307425e-05, 5.56284976483e-05, 5.62384848308e-05, 6.52892704238e-05, 4.35544970969e-05, 3.36709090334e-05, 4.14676505898e-05, 2.52518530033e-05, 1.86105971807e-05, 2.65157523245e-05, 1.9459404939e-05, 1.56206770043e-05, 1.58978218678e-05, 1.64682951436e-05, 1.46993215822e-05, 1.93057203433e-05, 1.35827940539e-05, 1.0604914678e-05, 1.4709824427e-05, 1.09949869511e-05, 8.93996548257e-06, 5.98820679443e-06, 1.10756609502e-05, 9.34194395086e-06, 9.46272848523e-06, 6.92166031513e-06, 7.52526011638e-06, 6.76240188113e-06, 6.86633666191e-06, 4.86512863063e-06, 4.02771138397e-06, 4.90838829137e-06, 5.35041954208e-06, 3.24134111906e-06, 3.57458134204e-06, 4.82704035676e-06, 5.92402238908e-06, 7.24538040231e-06, 8.61837725097e-06, 8.99226324691e-06, 1.03307365862e-05, 1.07241530714e-05, 8.73496810527e-06, 7.3832252383e-06, 7.07967592462e-06, 7.23314360584e-06, 4.4203870857e-06, 3.67747952623e-06, 2.46183276431e-06, 1.58127102168e-06, 1.3807148207e-06, 1.118023647e-06, 9.19977651392e-07, 6.90825061156e-07, 5.20347498423e-07, 5.43307749012e-07, 3.5054813452e-07, 1.72245194108e-07, 1.08409359711e-07, 1.04508302456e-07, 3.95616233106e-08, 1.15204212836e-09, 5.3900089253e-11, 4.71345046327e-11, 4.66053202974e-11, 3.91011840961e-11, 3.58503574049e-11, 3.48482527557e-11, 3.39387129511e-11, 3.31275944176e-11, 3.23675634906e-11, 3.16937691369e-11, 3.1100306358e-11, 3.0610743107e-11, 3.02156633047e-11, 2.98812780075e-11, 2.96824266555e-11],
        "min": [7.04181157829e-10, 1.92616482764e-08, 4.38923919432e-08, 2.83316357041e-08, 1.29387265346e-08, 2.72595048756e-08, 1.87831106224e-09, 2.19604423535e-08, 1.7764703486e-08, 1.99421670288e-08, 1.27851222942e-08, 3.79702669306e-08, 2.24438441165e-08, 1.16627951741e-08, 4.11675449286e-09, 8.84065443074e-09, 8.02319988225e-09, 2.58375898454e-09, 4.33978941672e-09, 8.33839042258e-09, 4.96515850656e-09, 1.04786197497e-08, 1.31989388308e-08, 3.56326523843e-09, 7.58349294472e-09, 5.23071674863e-09, 4.5531929338e-09, 6.64762023206e-09, 3.7802165842e-09, 9.96232252248e-09, 6.77432065999e-09, 5.07960162821e-09, 4.07274836078e-09, 4.00436039882e-09, 8.32075297552e-09, 5.10853848112e-09, 1.08323954251e-08, 8.89915874325e-09, 1.00178070284e-08, 1.66553668635e-08, 1.50857584202e-08, 4.83598494583e-09, 8.65828386765e-09, 5.75685277227e-09, 1.39309950242e-08, 1.00944026471e-08, 1.21045378165e-08, 1.04518358413e-08, 9.09610431421e-09, 7.30195726106e-09, 1.40119302827e-08, 6.68859545527e-09, 7.01202429454e-09, 4.08582456757e-09, 2.57943044701e-09, 2.73475686541e-09, 6.13289508067e-09, 8.88860274273e-09, 4.46596670756e-09, 2.93355362224e-09, 5.22161980321e-10, 5.64403176972e-11, 3.98706345717e-11, 5.31210408994e-10, 3.34447070038e-09, 1.98549865438e-09, 1.85423476573e-09, 2.57909027468e-10, 2.83777289861e-11, 3.98897803677e-10, 9.33531141278e-10, 7.75071895553e-10, 1.4917275748e-10, 2.48328736047e-11, 2.70491462562e-10, 2.38741693082e-09, 2.53804643968e-09, 1.03137753893e-09, 3.30377600277e-11, 6.63559429626e-10, 2.21320761717e-09, 1.06112929554e-09, 3.43674810832e-11, 2.84494039438e-10, 2.25304130907e-09, 4.37015396093e-10, 3.64441810063e-11, 2.59970822647e-09, 1.16870302325e-09, 1.49276702111e-10, 1.9158910014e-09, 1.48205359096e-09, 3.42692471622e-11, 5.36042099597e-10, 9.19282316936e-10, 8.05605495507e-12, 5.89849078868e-13, 8.99301900309e-13, 6.69970301459e-10, 1.13669858248e-10, 3.8236639549e-11, 3.74491236632e-11, 1.58316651455e-10, 8.56058800236e-12, 5.09425314432e-11, 1.06143175846e-11, 6.04386245912e-12, 3.55873269492e-14, 2.2296046777e-14, 2.12447857158e-14, 2.11088640328e-14, 1.70766348382e-14, 2.11836468777e-14, 2.07395170102e-14, 2.19476299385e-14, 2.13605005808e-14, 2.01727825118e-14, 2.16234009729e-14, 2.17714809668e-14, 2.19825768238e-14, 1.75167751804e-14, 2.21269468134e-14, 1.75123197871e-14, 2.27031494461e-14, 2.20899704372e-14, 1.84670072338e-14, 1.960452166e-14, 2.00396035215e-14],
        "stdev": [0.000103627098724, 0.000208985278732, 0.00049429317005, 0.000566646107472, 0.00083454156993, 0.000701530720107, 0.000552429934032, 0.000986185856164, 0.00100202753674, 0.000658081728034, 0.000730332860257, 0.000487038050778, 0.00040734099457, 0.000499581161421, 0.000646858301479, 0.0005695046857, 0.00051786628319, 0.000672799535096, 0.000427423015935, 0.000296747428365, 0.00021981644386, 0.000310788745992, 0.000257924664766, 0.000193941101315, 0.00027152596158, 0.00020689656958, 0.000227018230362, 7.33597335056e-05, 8.55223333929e-05, 9.61761543294e-05, 7.74266809458e-05, 6.94351620041e-05, 8.48019553814e-05, 6.51562440908e-05, 9.19357407838e-05, 9.84506114037e-05, 0.000124629252241, 0.000125050166389, 0.000156899390277, 0.000132147411932, 0.000121754303109, 0.000173816733877, 0.00013283098815, 0.000112801448267, 0.000118726587971, 0.000128801810206, 0.000126565195387, 0.000112014284241, 0.000103678838059, 0.000137982628075, 9.9590200989e-05, 8.61801236169e-05, 9.18123114388e-05, 9.18658042792e-05, 0.000130449130666, 7.98937180662e-05, 5.12873084517e-05, 8.07138567325e-05, 3.80944693461e-05, 3.30663060595e-05, 6.91654713592e-05, 4.40593867097e-05, 6.85180784785e-05, 8.18321204861e-05, 5.01953618368e-05, 3.16262921842e-05, 4.82271316287e-05, 3.50948503183e-05, 3.33260759362e-05, 3.67656757589e-05, 2.48628603003e-05, 2.17542001337e-05, 1.2495836927e-05, 2.59226490016e-05, 2.04857751669e-05, 2.0605235477e-05, 1.52704869834e-05, 1.86603683687e-05, 1.82873682206e-05, 1.79439339263e-05, 1.27453904497e-05, 1.16302417155e-05, 1.33300045491e-05, 1.5125074242e-05, 8.37924017105e-06, 1.14807553473e-05, 1.4189941794e-05, 2.16018452193e-05, 2.62465964624e-05, 3.60681369784e-05, 3.7168210838e-05, 4.18037961936e-05, 4.13230263803e-05, 3.0029714253e-05, 2.37749627559e-05, 2.24357918341e-05, 2.35480565607e-05, 1.13433579827e-05, 7.83039740782e-06, 4.41240172222e-06, 2.42416899709e-06, 2.00145723284e-06, 1.43303850564e-06, 9.21537093745e-07, 7.76016179316e-07, 5.81507038078e-07, 6.58982173718e-07, 4.3270293304e-07, 2.39256792156e-07, 2.14629068296e-07, 3.06253241433e-07, 1.31942641701e-07, 5.62077095978e-09, 1.26008270485e-09, 1.2018012141e-09, 1.178812159e-09, 1.11337317144e-09, 1.07563191687e-09, 1.043494402e-09, 1.01474051384e-09, 9.88965576099e-10, 9.65970636813e-10, 9.46061673446e-10, 9.28834620328e-10, 9.14374020944e-10, 9.03166430533e-10, 8.94890883618e-10, 8.8989354774e-10]
    },
    "mfcc": {
        "mean": [-658.474243164, 66.5536651611, -0.6248087883, 5.91204357147, 20.0584907532, 1.38550782204, -7.96192407608, -1.46116244793, 0.270391255617, 5.40607404709, -6.59834432602, 5.22588062286, -3.9481883049],
        "cov": [[6883.89355469, 416.709869385, -1661.57739258, -10.9709453583, -409.441619873, -34.6095199585, 183.516220093, -6.8442440033, -183.96812439, 4.06587505341, -148.168670654, 37.5043029785, -30.134929657], [416.709869385, 1375.59277344, -101.946807861, -49.0294151306, -219.017471313, -146.552352905, -138.92350769, -226.38885498, 13.0333900452, -156.673141479, -48.3160018921, -123.228591919, -35.3567810059], [-1661.57739258, -101.946807861, 1973.97717285, 610.782531738, 163.705123901, -20.7918643951, -314.536315918, -111.466049194, 26.2840366364, -125.452377319, -58.7040252686, -60.2952041626, -96.4530334473], [-10.9709453583, -49.0294151306, 610.782531738, 905.45098877, -138.787811279, 80.1033630371, -161.162780762, -84.2102203369, -71.662109375, -137.491455078, -48.7771034241, -130.146316528, -69.1997451782], [-409.441619873, -219.017471313, 163.705123901, -138.787811279, 475.297302246, -72.9834442139, -73.4705352783, 19.5088710785, 9.65616607666, 73.4459228516, -8.90286922455, 77.3523406982, 42.4848480225], [-34.6095199585, -146.552352905, -20.7918643951, 80.1033630371, -72.9834442139, 256.822235107, 66.3408966064, -1.38498711586, -11.0994939804, 18.144908905, 26.7982540131, -18.3661651611, -12.6082143784], [183.516220093, -138.92350769, -314.536315918, -161.162780762, -73.4705352783, 66.3408966064, 280.704376221, 110.611076355, 11.3011598587, 51.6952362061, 40.0123176575, 41.0368614197, 14.9220638275], [-6.8442440033, -226.38885498, -111.466049194, -84.2102203369, 19.5088710785, -1.38498711586, 110.611076355, 229.629455566, 6.32470178604, 20.3297157288, 28.8190174103, 28.6347885132, 21.7254295349], [-183.96812439, 13.0333900452, 26.2840366364, -71.662109375, 9.65616607666, -11.0994939804, 11.3011598587, 6.32470178604, 112.860877991, 13.2611436844, 2.04328370094, 16.5628204346, -11.549492836], [4.06587505341, -156.673141479, -125.452377319, -137.491455078, 73.4459228516, 18.144908905, 51.6952362061, 20.3297157288, 13.2611436844, 134.557739258, 15.6717214584, 42.9811553955, 19.9462013245], [-148.168670654, -48.3160018921, -58.7040252686, -48.7771034241, -8.90286922455, 26.7982540131, 40.0123176575, 28.8190174103, 2.04328370094, 15.6717214584, 103.9037323, 7.23143434525, 5.60329341888], [37.5043029785, -123.228591919, -60.2952041626, -130.146316528, 77.3523406982, -18.3661651611, 41.0368614197, 28.6347885132, 16.5628204346, 42.9811553955, 7.23143434525, 109.33543396, 16.5904827118], [-30.134929657, -35.3567810059, -96.4530334473, -69.1997451782, 42.4848480225, -12.6082143784, 14.9220638275, 21.7254295349, -11.549492836, 19.9462013245, 5.60329341888, 16.5904827118, 78.6046676636]],
        "icov": [[0.000230650970479, -6.27060653642e-05, 0.000231572237681, -0.000139960160595, 0.000100697950984, 5.49216347281e-05, 7.28099621483e-06, -4.19983225584e-05, 0.000319950428093, -8.04351366241e-05, 0.00038101588143, -0.000329329661326, 0.000295539037324], [-6.27060653642e-05, 0.00137940689456, 4.10798784287e-05, 0.000533398299012, 0.000407475075917, 0.000686522980686, 0.000135012684041, 0.00121598760597, -0.000311141251586, 0.00127233134117, 2.17237975448e-05, 0.00123511697166, 1.37679735417e-05], [0.000231572237681, 4.10798784287e-05, 0.00106506131124, -0.000601400330197, -0.000288288021693, 5.47175550309e-05, 0.000532029895112, 9.77271065494e-06, -0.000174282948137, 0.000339642749168, 0.000355242664227, -0.000417413073592, 0.00089658878278], [-0.000139960160595, 0.000533398299012, -0.000601400330197, 0.00231934175827, 0.000502056733239, -0.00042764187674, 0.000531795201823, 0.000364478881238, 0.000805447227322, 0.00125720258802, 0.000303463835735, 0.00166301208083, 0.000375200412236], [0.000100697950984, 0.000407475075917, -0.000288288021693, 0.000502056733239, 0.00343238632195, 0.000610403716564, 0.00132564501837, -0.000163048505783, 0.000376857293304, -0.00122044235468, 0.000404475576943, -0.00136518164072, -0.00102934823371], [5.49216347281e-05, 0.000686522980686, 5.47175550309e-05, -0.00042764187674, 0.000610403716564, 0.0052139563486, -0.00136981427204, 0.00116013374645, 0.000232386344578, -0.000625975837465, -0.000873602228239, 0.00112555455416, 0.000484022515593], [7.28099621483e-06, 0.000135012684041, 0.000532029895112, 0.000531795201823, 0.00132564501837, -0.00136981427204, 0.00661835679784, -0.00239226059057, -0.000191672952496, -0.000986742204987, -0.000548440730199, -0.0015322935069, 0.000237825777731], [-4.19983225584e-05, 0.00121598760597, 9.77271065494e-06, 0.000364478881238, -0.000163048505783, 0.00116013374645, -0.00239226059057, 0.00681393360719, -0.000384392304113, 0.00161246268544, -0.000847940973472, 0.000861408014316, -0.000878237595316], [0.000319950428093, -0.000311141251586, -0.000174282948137, 0.000805447227322, 0.000376857293304, 0.000232386344578, -0.000191672952496, -0.000384392304113, 0.0105376057327, -0.000870616640896, 0.000627516885288, -0.00132120761555, 0.00245749601163], [-8.04351366241e-05, 0.00127233134117, 0.000339642749168, 0.00125720258802, -0.00122044235468, -0.000625975837465, -0.000986742204987, 0.00161246268544, -0.000870616640896, 0.0118016637862, -0.000444112054538, -0.000533452024683, -0.000612493779045], [0.00038101588143, 2.17237975448e-05, 0.000355242664227, 0.000303463835735, 0.000404475576943, -0.000873602228239, -0.000548440730199, -0.000847940973472, 0.000627516885288, -0.000444112054538, 0.0112844714895, -0.000265687616775, 0.000295204576105], [-0.000329329661326, 0.00123511697166, -0.000417413073592, 0.00166301208083, -0.00136518164072, 0.00112555455416, -0.0015322935069, 0.000861408014316, -0.00132120761555, -0.000533452024683, -0.000265687616775, 0.0144440885633, -0.000736071204301], [0.000295539037324, 1.37679735417e-05, 0.00089658878278, 0.000375200412236, -0.00102934823371, 0.000484022515593, 0.000237825777731, -0.000878237595316, 0.00245749601163, -0.000612493779045, 0.000295204576105, -0.000736071204301, 0.0157542601228]]
    },
    "spectral_contrast_coeffs": {
        "max": [-0.431258887053, -0.494812309742, -0.543727338314, -0.593230962753, -0.41579914093, -0.5511328578],
        "mean": [-0.726444602013, -0.778077721596, -0.807476103306, -0.804988503456, -0.788614034653, -0.787869930267],
        "min": [-0.923155486584, -0.932308316231, -0.920263648033, -0.911424160004, -0.898676633835, -0.885834574699],
        "stdev": [0.0957581028342, 0.0875546038151, 0.0589514560997, 0.0507234893739, 0.0496229864657, 0.0738398134708]
    },
    "spectral_contrast_valleys": {
        "max": [-5.54261302948, -5.26452112198, -5.72610664368, -5.41345310211, -5.35458469391, -7.58708238602],
        "mean": [-7.69054460526, -7.37928342819, -7.78391551971, -7.38584280014, -7.54316711426, -9.51393318176],
        "min": [-10.7097082138, -10.3615274429, -10.7137870789, -10.4858999252, -10.8330421448, -12.4142532349],
        "stdev": [0.906332015991, 0.912905335426, 1.12586045265, 1.13387775421, 1.00585269928, 0.73326677084]
    }
},
"rhythm": {
    "beats_count": 64,
    "beats_loudness": {
        "max": 0.0583347119391,
        "mean": 0.0192026812583,
        "min": 2.38536867982e-05,
        "stdev": 0.0145416567102
    },
    "bpm": 130.586303711,
    "bpm_histogram_first_peak_bpm": 129,
    "bpm_histogram_first_peak_weight": 0.5,
    "bpm_histogram_second_peak_bpm": 136,
    "bpm_histogram_second_peak_spread": 0.33333337307,
    "bpm_histogram_second_peak_weight": 0.15873016417,
    "danceability": 0.947302818298,
    "onset_rate": 2.96415424347,
    "beats_loudness_band_ratio": {
        "max": [0.750227868557, 0.748513698578, 0.618772983551, 0.453650295734, 0.665058612823, 0.926071405411],
        "mean": [0.233555197716, 0.159029558301, 0.0977887660265, 0.128912359476, 0.219087824225, 0.207769870758],
        "min": [0.00526998564601, 0.0029387504328, 0.00133693381213, 0.000747540441807, 0.00719547923654, 0.016061251983],
        "stdev": [0.212197899818, 0.179799586535, 0.142180815339, 0.132421061397, 0.204423293471, 0.238036453724]
    },
