{
"metadata": {
    "version": {
        "essentia": "2.1-beta5",
        "essentia_git_sha": "Undefined",
        "extractor": "music 2.0"
    },
    "audio_properties": {
        "analysis": {
            "equal_loudness": 0,
            "length": 12.7477550507,
            "sample_rate": 44100,
            "start_time": 0,
            "downmix": "mix"
        },
        "bit_rate": 192000,
        "length": 173.383407593,
        "lossless": 0,
        "number_channels": 2,
        "replay_gain": -0.72864151001,
        "sample_rate": 44100,
        "codec": "mp3",
        "md5_encoded": "3e7383da7e8cc91bb764a194600b230f"
    },
    "tags": {
        "file_name": "Belgium_Geef Het Op_Clouseau.mp3",
        "encoding": ["Lavf58.29.100"]
    }
},
"lowlevel": {
    "average_loudness": 0.795355141163,
    "barkbands_crest": {
        "max": 23.579744339,
        "mean": 8.84817695618,
        "min": 2.59947824478,
        "stdev": 4.6475815773
    },
    "barkbands_flatness_db": {
        "max": 0.280279368162,
        "mean": 0.132115110755,
        "min": 0.0358271747828,
        "stdev": 0.0618702359498
    },
    "barkbands_kurtosis": {
        "max": 30.0883026123,
        "mean": 1.83836209774,
        "min": -1.66765117645,
        "stdev": 4.73295116425
    },
    "barkbands_skewness": {
        "max": 4.49197292328,
        "mean": 0.841727018356,
        "min": -1.91095089912,
        "stdev": 1.19991266727
    },
    "barkbands_spread": {
        "max": 65.6330795288,
        "mean": 21.7910251617,
        "min": 1.87404477596,
        "stdev": 14.1607179642
    },
    "dissonance": {
        "max": 0.500000059605,
        "mean": 0.464262455702,
        "min": 0.240444138646,
        "stdev": 0.0398318246007
    },
    "dynamic_complexity": 7.43769407272,
    "erbbands_crest": {
        "max": 26.65691185,
        "mean": 8.79791355133,
        "min": 3.08451557159,
        "stdev": 4.47314977646
    },
    "erbbands_flatness_db": {
        "max": 0.322422862053,
        "mean": 0.202540159225,
        "min": 0.0853577554226,
        "stdev": 0.061104465276
    },
    "erbbands_kurtosis": {
        "max": 14.4982433319,
        "mean": 0.46644243598,
        "min": -1.5344517231,
        "stdev": 1.90334093571
    },
    "erbbands_skewness": {
        "max": 3.50284552574,
        "mean": -0.0117079494521,
        "min": -2.32945919037,
        "stdev": 0.955035865307
    },
    "erbbands_spread": {
        "max": 65.8039779663,
        "mean": 27.1045608521,
        "min": 5.64718675613,
        "stdev": 11.4137973785
    },
    "hfc": {
        "max": 91.5676422119,
        "mean": 13.2861604691,
        "min": 1.19182207595e-16,
        "stdev": 15.8138751984
    },
    "loudness_ebu128": {
        "integrated": -23.8729724884,
        "loudness_range": 15.4333438873,
        "momentary": {
            "max": -19.8145046234,
            "mean": -29.2253932953,
            "min": -45.236831665,
            "stdev": 7.47966909409
        },
        "short_term": {
            "max": -22.5376586914,
            "mean": -27.8391036987,
            "min": -38.8690643311,
            "stdev": 5.60325431824
        }
    },
    "melbands_crest": {
        "max": 27.719039917,
        "mean": 11.9219102859,
        "min": 2.83100509644,
        "stdev": 5.63382434845
    },
    "melbands_flatness_db": {
        "max": 0.34055557847,
        "mean": 0.178715407848,
        "min": 0.0121816219762,
        "stdev": 0.0677540972829
    },
    "melbands_kurtosis": {
        "max": 44.8686027527,
        "mean": 5.29915332794,
        "min": -1.68098139763,
        "stdev": 7.65870761871
    },
    "melbands_skewness": {
        "max": 5.52157115936,
        "mean": 1.66451239586,
        "min": -1.07048463821,
        "stdev": 1.2458691597
    },
    "melbands_spread": {
        "max": 149.83203125,
        "mean": 32.2636909485,
        "min": 2.4240937233,
        "stdev": 25.8306045532
    },
    "pitch_salience": {
        "max": 0.939415156841,
        "mean": 0.647993564606,
        "min": 0.229933395982,
        "stdev": 0.139780342579
    },
    "silence_rate_20dB": {
        "max": 1,
        "mean": 1,
        "min": 1,
        "stdev": 0
    },
    "silence_rate_30dB": {
        "max": 1,
        "mean": 1,
        "min": 1,
        "stdev": 0
    },
    "silence_rate_60dB": {
        "max": 1,
        "mean": 0.349090903997,
        "min": 0,
        "stdev": 0.476682811975
    },
    "spectral_centroid": {
        "max": 11140.2412109,
        "mean": 1695.0045166,
        "min": 453.825531006,
        "stdev": 870.873168945
    },
    "spectral_complexity": {
        "max": 46,
        "mean": 13.6818180084,
        "min": 0,
        "stdev": 10.8053197861
    },
    "spectral_decrease": {
        "max": -1.12726112055e-28,
        "mean": -3.5558538336e-09,
        "min": -2.11201101052e-08,
        "stdev": 4.13600398375e-09
    },
    "spectral_energy": {
        "max": 0.0835166051984,
        "mean": 0.0146257141605,
        "min": 1.12356281876e-20,
        "stdev": 0.016805017367
    },
    "spectral_energyband_high": {
        "max": 0.00259686890058,
        "mean": 0.000170816099853,
        "min": 8.28104324497e-21,
        "stdev": 0.000290850002784
    },
    "spectral_energyband_low": {
        "max": 0.0361652895808,
        "mean": 0.000527472642716,
        "min": 1.80569996148e-22,
        "stdev": 0.00218002684414
    },
    "spectral_energyband_middle_high": {
        "max": 0.049697060138,
        "mean": 0.00433620344847,
        "min": 1.80619672928e-21,
        "stdev": 0.006101784762
    },
    "spectral_energyband_middle_low": {
        "max": 0.0771880820394,
        "mean": 0.00965192634612,
        "min": 2.06635740127e-22,
        "stdev": 0.0130862612277
    },
    "spectral_entropy": {
        "max": 9.802485466,
        "mean": 7.43770647049,
        "min": 6.25704526901,
        "stdev": 0.499302268028
    },
    "spectral_flux": {
        "max": 0.240504831076,
        "mean": 0.0405497066677,
        "min": 1.05998244904e-10,
        "stdev": 0.0330858491361
    },
    "spectral_kurtosis": {
        "max": 25.1512756348,
        "mean": 7.55128908157,
        "min": -1.20376217365,
        "stdev": 4.11467123032
    },
    "spectral_rms": {
        "max": 0.00902660563588,
        "mean": 0.00305479974486,
        "min": 3.31082904148e-12,
        "stdev": 0.00222197803669
    },
    "spectral_rolloff": {
        "max": 18001.7578125,
        "mean": 2043.92956543,
        "min": 366.064453125,
        "stdev": 1274.27905273
    },
    "spectral_skewness": {
        "max": 4.08330917358,
        "mean": 1.70511996746,
        "min": -0.00723915733397,
        "stdev": 0.520329117775
    },
    "spectral_spread": {
        "max": 41664876,
        "mean": 3214664.75,
        "min": 1362270.25,
        "stdev": 1894159.125
    },
    "spectral_strongpeak": {
        "max": 9.83153152466,
        "mean": 1.08748936653,
        "min": 0,
        "stdev": 1.32239103317
    },
    "zerocrossingrate": {
        "max": 0.49755859375,
        "mean": 0.0700710192323,
        "min": 0.01708984375,
        "stdev": 0.0371903479099
    },
    "barkbands": {
        "max": [0.000230574107263, 0.0234482381493, 0.0112856645137, 0.00889647006989, 0.0117390528321, 0.0702251791954, 0.0252905357629, 0.0167463067919, 0.0353503227234, 0.00544753670692, 0.00738383457065, 0.0105700297281, 0.00544245820493, 0.0239468030632, 0.00681697251275, 0.00595150887966, 0.0064930212684, 0.00813100580126, 0.00388792203739, 0.00253352895379, 0.00159880705178, 0.00028154530446, 2.65717844741e-05, 8.22687434265e-05, 5.1758976042e-05, 1.17520596632e-06, 2.51819471941e-07],
        "mean": [6.54770565234e-06, 0.000175698747626, 0.000303599605104, 6.57641721773e-05, 0.000822213536594, 0.00429421756417, 0.00251844478771, 0.000926311884541, 0.000966079998761, 0.000220937072299, 0.000335283781169, 0.000376303360099, 0.000328849011566, 0.000958437565714, 0.000481634313473, 0.000553757243324, 0.00035422804649, 0.000458673195681, 0.000227568714763, 0.00013517390471, 8.8771157607e-05, 1.495296965e-05, 1.78611605861e-06, 5.54961206944e-06, 4.07168636229e-06, 7.74010345594e-07, 9.3556089098e-08],
        "min": [1.05076651229e-23, 1.2735776875e-22, 2.63035539872e-23, 2.72696372279e-23, 2.90967653022e-23, 2.58612302113e-23, 3.45067513021e-23, 5.91380810978e-23, 2.29500778801e-23, 1.97296333828e-22, 5.51489629614e-23, 4.97771041868e-23, 1.08202256975e-22, 5.48347123312e-23, 1.64042464037e-22, 2.59874586846e-22, 1.30969628358e-22, 3.09647191371e-22, 3.12853727935e-22, 5.63353769463e-22, 3.12399899411e-22, 4.59216960805e-22, 7.04990627417e-22, 9.72117357715e-22, 1.24159244489e-21, 2.0843931597e-21, 2.33303989559e-21],
        "stdev": [1.44520809044e-05, 0.00149819185026, 0.000863814377226, 0.000406675448176, 0.00170435803011, 0.00865704845637, 0.00466592144221, 0.00206999224611, 0.00224610208534, 0.000406110659242, 0.000757403264288, 0.000741601746995, 0.000584976864047, 0.00197941670194, 0.000838931708131, 0.000912153278477, 0.000750939594582, 0.0010086876573, 0.000437494192738, 0.00026232530945, 0.000166274432559, 3.0988958315e-05, 2.97705241792e-06, 1.27175389935e-05, 7.78652884037e-06, 1.0633078773e-07, 4.23850998743e-08]
    },
    "erbbands": {
        "max": [0.624797999859, 6.48104429245, 15.1930608749, 17.7471485138, 26.8962020874, 44.6603546143, 100.662887573, 766.273010254, 439.092132568, 670.946838379, 694.08782959, 579.40838623, 145.714019775, 150.324234009, 255.956222534, 411.649627686, 302.173706055, 532.808166504, 1049.34130859, 514.072387695, 308.638244629, 473.691772461, 514.026123047, 252.092605591, 115.509353638, 108.815498352, 105.591537476, 41.9067764282, 10.6474151611, 2.40755009651, 1.04055058956, 1.56838524342, 1.57490086555, 0.92585760355, 0.261629402637, 0.0170185100287, 0.0024455350358, 0.000593907083385, 5.4149357311e-05, 9.95098380372e-05],
        "mean": [0.00416336813942, 0.0468058399856, 0.259195268154, 0.37173396349, 0.736088931561, 3.91266465187, 8.59530735016, 45.6495399475, 34.8681373596, 44.4685096741, 20.0569324493, 14.6320152283, 15.3248262405, 9.1102104187, 13.2982501984, 14.1250152588, 17.8946609497, 38.5991668701, 30.6150779724, 37.1175460815, 24.0598545074, 22.7135257721, 24.2884979248, 18.0936508179, 9.25187015533, 5.9474067688, 5.17298984528, 1.98547124863, 0.647027254105, 0.137503996491, 0.0520896688104, 0.0971229970455, 0.100832052529, 0.0553861297667, 0.0217676982284, 0.00396016379818, 0.00143249263056, 0.000332288938807, 1.54553108587e-05, 1.78219743248e-05],
        "min": [2.50711072549e-21, 3.08447152433e-20, 3.98597237621e-20, 8.68203794927e-20, 2.70432920316e-20, 1.02172102029e-19, 2.64179980954e-19, 2.16582341221e-19, 4.36864893967e-19, 1.10453447874e-18, 8.8459439169e-19, 5.09852054195e-19, 2.10109479737e-18, 7.4863857262e-18, 1.67907541726e-18, 2.66755655945e-18, 4.44435871319e-18, 3.54982119694e-18, 2.54129901947e-18, 1.60721738958e-17, 1.1565022248e-17, 8.69180294565e-18, 2.01890964723e-17, 1.48723401455e-17, 1.59544048833e-17, 2.53255125362e-17, 1.74088249738e-17, 1.42992776889e-17, 1.51144840349e-17, 1.74793735539e-17, 1.90210231487e-17, 1.72927566446e-17, 1.79656697273e-17, 1.06886434141e-17, 1.13924913974e-17, 8.03278484291e-18, 3.85698230971e-18, 1.39167916484e-18, 3.08815965126e-19, 3.35500029743e-20],
        "stdev": [0.0348365977407, 0.373975038528, 0.861522257328, 1.15429580212, 2.88968062401, 7.79082632065, 14.7861700058, 93.2671890259, 67.1847305298, 98.1747741699, 49.9145736694, 33.9020843506, 25.0829677582, 14.838848114, 26.4230213165, 28.1134700775, 29.162612915, 72.45287323, 73.7280960083, 61.199836731, 42.4655647278, 47.0060501099, 55.085647583, 36.530796051, 15.828379631, 11.1487560272, 9.79307174683, 3.88518214226, 1.27815198898, 0.268199414015, 0.0936937406659, 0.226564690471, 0.227230846882, 0.113179542124, 0.0384500287473, 0.00195165514015, 0.000229968136409, 7.77782261139e-05, 9.55798714131e-06, 1.99080222956e-05]
    },
    "gfcc": {
        "mean": [-86.7370529175, 90.8361663818, -157.507644653, 11.7284154892, -50.9439697266, -12.4766778946, -45.5955963135, 8.27849006653, -27.7664470673, 12.6548900604, -12.6626653671, -2.41853165627, -5.18808031082],
        "cov": [[7630.45996094, 1436.39074707, -2059.22949219, -763.073913574, -600.439086914, -1052.46496582, -244.314865112, -410.726715088, 203.459762573, 81.3998413086, 379.379760742, -222.955307007, 310.132293701], [1436.39074707, 915.160095215, -220.853134155, -540.933288574, -92.6032409668, -390.895477295, -104.53742981, -168.134140015, 97.9348831177, 20.1311397552, 111.459503174, -51.0136833191, 28.3974170685], [-2059.22949219, -220.853134155, 1237.70239258, 424.870544434, 21.6298618317, 296.227508545, -45.0591087341, 113.059455872, -103.98613739, 11.2097415924, -96.6531219482, 33.9765319824, -122.190917969], [-763.073913574, -540.933288574, 424.870544434, 641.149169922, 31.4045352936, 234.195861816, 58.071762085, 104.71321106, -104.713508606, -4.91916656494, -83.522644043, -3.9581348896, -30.1691818237], [-600.439086914, -92.6032409668, 21.6298618317, 31.4045352936, 248.757858276, 160.961349487, 74.2289886475, 53.5780639648, -22.4976177216, -31.4542236328, -73.0154266357, 29.0749511719, -45.3096008301], [-1052.46496582, -390.895477295, 296.227508545, 234.195861816, 160.961349487, 393.743438721, 99.0509567261, 140.306060791, -71.9549484253, -33.5992431641, -114.694030762, 26.190618515, -71.8334579468], [-244.314865112, -104.53742981, -45.0591087341, 58.071762085, 74.2289886475, 99.0509567261, 148.95526123, 82.3416824341, 6.14046001434, -5.48049497604, -37.4965171814, -4.11849927902, -32.741104126], [-410.726715088, -168.134140015, 113.059455872, 104.71321106, 53.5780639648, 140.306060791, 82.3416824341, 133.254013062, 13.3537826538, 4.07024621964, -41.5587348938, -4.26509284973, -51.3425941467], [203.459762573, 97.9348831177, -103.98613739, -104.713508606, -22.4976177216, -71.9549484253, 6.14046001434, 13.3537826538, 94.3534088135, 44.5500297546, 39.451915741, -15.2566719055, -5.26491355896], [81.3998413086, 20.1311397552, 11.2097415924, -4.91916656494, -31.4542236328, -33.5992431641, -5.48049497604, 4.07024621964, 44.5500297546, 65.3482055664, 40.1294403076, -2.7640850544, -0.60799497366], [379.379760742, 111.459503174, -96.6531219482, -83.522644043, -73.0154266357, -114.694030762, -37.4965171814, -41.5587348938, 39.451915741, 40.1294403076, 94.2657928467, 2.5983080864, 37.1084747314], [-222.955307007, -51.0136833191, 33.9765319824, -3.9581348896, 29.0749511719, 26.190618515, -4.11849927902, -4.26509284973, -15.2566719055, -2.7640850544, 2.5983080864, 63.3231582642, 17.8059139252], [310.132293701, 28.3974170685, -122.190917969, -30.1691818237, -45.3096008301, -71.8334579468, -32.741104126, -51.3425941467, -5.26491355896, -0.60799497366, 37.1084747314, 17.8059139252, 83.8656234741]],
        "icov": [[0.00166425993666, -0.00474595604464, 0.00428319955245, -0.00373608386144, 0.00346312229522, -0.00225484766997, 0.00327278627083, -0.00267428299412, 0.00205805408768, -0.00215002289042, 6.13163865637e-05, -0.000771137885749, 0.000179555354407], [-0.00474595604464, 0.0182568114251, -0.0139012066647, 0.0142620066181, -0.0115553922951, 0.00998780876398, -0.0107966288924, 0.00960297230631, -0.0055888784118, 0.00669182091951, -0.00128702411894, 0.00673021702096, -0.000940769677982], [0.00428319955245, -0.0139012066647, 0.0133542930707, -0.0115663325414, 0.0101537182927, -0.00761064980179, 0.0107087222859, -0.00829931162298, 0.00640298239887, -0.00700824754313, 0.00103010341991, -0.00509059522301, 0.0032070663292], [-0.00373608386144, 0.0142620066181, -0.0115663325414, 0.0143437730148, -0.00887412764132, 0.00754449144006, -0.00908585544676, 0.00541398581117, -0.000240244960878, 0.00212521385401, 0.00022852406255, 0.00699423765764, -0.00285606482066], [0.00346312229522, -0.0115553922951, 0.0101537182927, -0.00887412764132, 0.0152853606269, -0.00842924136668, 0.00565313966945, -0.00426099589095, 0.00256559322588, -0.0035832663998, 0.00351725961082, -0.00722446292639, 0.00345699186437], [-0.00225484766997, 0.00998780876398, -0.00761064980179, 0.00754449144006, -0.00842924136668, 0.0139469215646, -0.00587861100212, -0.00118997402024, 0.00258136051707, 0.00131727789994, 0.00219274894334, 0.0030292889569, -0.000491546350531], [0.00327278627083, -0.0107966288924, 0.0107087222859, -0.00908585544676, 0.00565313966945, -0.00587861100212, 0.0199343468994, -0.0130949942395, 0.00485206162557, -0.00544072594494, 0.00153430912178, -0.00289622554556, 0.00187286909204], [-0.00267428299412, 0.00960297230631, -0.00829931162298, 0.00541398581117, -0.00426099589095, -0.00118997402024, -0.0130949942395, 0.0280233453959, -0.015131842345, 0.00735274422914, -0.000343066989444, 0.00215708650649, 0.00401289667934], [0.00205805408768, -0.0055888784118, 0.00640298239887, -0.000240244960878, 0.00256559322588, 0.00258136051707, 0.00485206162557, -0.015131842345, 0.033804744482, -0.0202149897814, -0.00118397688493, 0.00321352598257, 0.0015693095047], [-0.00215002289042, 0.00669182091951, -0.00700824754313, 0.00212521385401, -0.0035832663998, 0.00131727789994, -0.00544072594494, 0.00735274422914, -0.0202149897814, 0.0371114239097, -0.0130392787978, -0.000515140476637, 0.00268701720051], [6.13163865637e-05, -0.00128702411894, 0.00103010341991, 0.00022852406255, 0.00351725961082, 0.00219274894334, 0.00153430912178, -0.000343066989444, -0.00118397688493, -0.0130392787978, 0.0272713787854, -0.00426797987893, -0.00537014240399], [-0.000771137885749, 0.00673021702096, -0.00509059522301, 0.00699423765764, -0.00722446292639, 0.0030292889569, -0.00289622554556, 0.00215708650649, 0.00321352598257, -0.000515140476637, -0.00426797987893, 0.0271831378341, -0.00913157407194], [0.000179555354407, -0.000940769677982, 0.0032070663292, -0.00285606482066, 0.00345699186437, -0.000491546350531, 0.00187286909204, 0.00401289667934, 0.0015693095047, 0.00268701720051, -0.00537014240399, -0.00913157407194, 0.0242910776287]]
    },
    "melbands": {
        "max": [0.00571122206748, 0.00824309699237, 0.00342912203632, 0.00233682221733, 0.00302871596068, 0.0157985724509, 0.00576964952052, 0.00675997138023, 0.00758440932259, 0.00308010936715, 0.000757257337682, 0.00064207467949, 0.0011522640707, 0.000663185666781, 0.00207767286338, 0.000667717482429, 0.00108893297147, 0.00238141370937, 0.00072219473077, 0.000574899080675, 0.000397597556002, 0.00050529348664, 0.000656203483231, 0.000498209381476, 0.000226807853323, 0.000138640738442, 0.000116634364531, 5.50745789951e-05, 6.32283772575e-05, 4.35969959653e-05, 2.28002791118e-05, 7.26913413018e-06, 3.84085251426e-06, 7.21983610674e-07, 4.86161980007e-07, 6.39766426502e-07, 1.49075060563e-06, 1.14162003229e-06, 1.10652274543e-06, 7.24580672795e-07],
        "mean": [4.48396640422e-05, 0.000110729226435, 6.8777888373e-05, 0.000154435663717, 0.000278338207863, 0.000974410795607, 0.000536487088539, 0.00042106222827, 0.000152631502715, 0.000100249657407, 7.62747004046e-05, 3.43326937582e-05, 5.01133654325e-05, 3.20061990351e-05, 4.68027610623e-05, 4.72811807413e-05, 7.26457510609e-05, 5.34219470865e-05, 4.60680748802e-05, 4.02310761274e-05, 2.59200714936e-05, 2.13536113733e-05, 2.17229553527e-05, 2.33769824263e-05, 1.42112776302e-05, 7.58734859119e-06, 5.70444899495e-06, 3.41176269103e-06, 3.22575624523e-06, 2.19522667066e-06, 8.63723926159e-07, 4.10471812984e-07, 1.49733921262e-07, 4.22083807905e-08, 2.39881288167e-08, 3.43140520442e-08, 7.15236225801e-08, 7.25771513999e-08, 6.17702653471e-08, 4.25353867683e-08],
        "min": [2.95402092605e-23, 3.05565524073e-23, 1.16934114158e-23, 3.56657938645e-24, 8.88438896173e-24, 5.0625128871e-24, 6.40170012032e-24, 1.33168224722e-23, 6.40701230965e-24, 2.77814150789e-24, 1.21957154418e-23, 3.29325067905e-23, 5.90817927168e-24, 3.57916684549e-24, 1.37670080359e-23, 8.43458520674e-24, 5.87700546086e-24, 1.94064298913e-24, 1.52487349405e-23, 2.30719821335e-23, 1.11382055887e-23, 7.88028183649e-24, 1.5634170801e-23, 1.47174734084e-23, 1.22256598129e-23, 8.05195216897e-24, 1.38376300195e-23, 1.9803755069e-23, 1.18124166054e-23, 8.34649705376e-24, 8.72154282734e-24, 8.36079121336e-24, 8.8241113111e-24, 1.05385703266e-23, 1.23134450433e-23, 8.36094267465e-24, 1.17305123331e-23, 1.26818225756e-23, 1.12290673766e-23, 7.94015085717e-24],
        "stdev": [0.000376524985768, 0.000440638366854, 0.000211093181861, 0.000345112581272, 0.000450543622719, 0.00193126720842, 0.000944130297285, 0.000941351405345, 0.000465056626126, 0.000202206720132, 0.000125807375298, 5.7317345636e-05, 0.000113330228487, 5.5136220908e-05, 0.000123068923131, 8.54089666973e-05, 0.000138548202813, 0.000160622861586, 8.26468967716e-05, 6.89082808094e-05, 5.07352815475e-05, 4.63024443889e-05, 5.8822632127e-05, 5.3022409702e-05, 2.99831444863e-05, 1.39811181725e-05, 1.13098412839e-05, 6.50950460113e-06, 6.1221571741e-06, 4.24645759267e-06, 1.85441592748e-06, 8.53863923567e-07, 3.60872405736e-07, 7.51576507696e-08, 4.14537204563e-08, 6.4581939796e-08, 1.90327511973e-07, 1.62303038564e-07, 1.40710383789e-07, 8.58747668531e-08]
    },
    "melbands128": {
        "max": [0.000229766606935, 0.00429644342512, 0.00951069407165, 0.0124423056841, 0.00967777334154, 0.00473215058446, 0.00354967452586, 0.00461290590465, 0.00298045459203, 0.00404398143291, 0.00348349520937, 0.00299868406728, 0.00400731340051, 0.00576123921201, 0.0150535386056, 0.0305539667606, 0.00971472356468, 0.00725407339633, 0.00510879978538, 0.0123705128208, 0.00564178125933, 0.00432676495984, 0.00992530025542, 0.0146013954654, 0.00205681519583, 0.00130741647445, 0.00218693935312, 0.000637096585706, 0.000765300355852, 0.00103199039586, 0.000586746784393, 0.00114149053115, 0.0022027019877, 0.000477031833725, 0.00104970147368, 0.000459668081021, 0.000709151558112, 0.00455861911178, 0.000697540526744, 0.000385241874028, 0.000888158509042, 0.00221711583436, 0.00132214848418, 0.00158095371444, 0.0060908566229, 0.00181605212856, 0.000519084511325, 0.000950526562519, 0.00101779203396, 0.00192341487855, 0.000527469790541, 0.000358545861673, 0.000952297705226, 0.000420544645749, 0.000398429197958, 0.000784163770732, 0.000797002809122, 0.000837522326037, 0.000655456446111, 0.000857198785525, 0.000394817325287, 0.00114735146053, 0.000335499644279, 0.000246104493272, 0.000241551577346, 0.000225787254749, 0.000135882582981, 0.000122877259855, 0.000186473887879, 0.000146591541125, 8.7317370344e-05, 6.96958813933e-05, 6.21573126409e-05, 4.98187800986e-05, 0.00016373944527, 3.82488578907e-05, 1.95154298126e-05, 5.91909374634e-05, 2.33787959587e-05, 2.13063904084e-05, 1.09367692858e-05, 5.78124945605e-06, 5.50796221432e-06, 6.20970286036e-06, 1.96009932552e-06, 1.49643437908e-06, 4.92262358875e-07, 3.81365680369e-07, 2.73903793868e-07, 1.38963036989e-06, 6.48831075978e-07, 5.61083311368e-07, 1.15627631203e-06, 2.48032461059e-06, 2.05451669899e-06, 1.34327694923e-06, 1.37930476285e-06, 1.46830950598e-06, 1.43390695939e-06, 1.23292261378e-06, 7.16109525456e-07, 7.68445715948e-07, 7.69320934069e-07, 5.59316333693e-07, 3.74514485202e-07, 1.15387514654e-07, 7.3062778938e-08, 1.85151716181e-08, 1.33997266616e-08, 1.28118058385e-08, 1.11052003149e-08, 1.07899680302e-08, 8.87842865893e-09, 8.86229489794e-09, 6.6815895039e-09, 8.52879633584e-09, 9.07178598908e-09, 6.87425505408e-10, 6.00072380674e-10, 5.54177648215e-10, 5.07975106423e-10, 4.68527439068e-10, 4.46227638173e-10, 4.24749985184e-10, 3.91309373793e-10, 3.85646431456e-10, 3.61672775062e-10, 3.56145224423e-10],
        "mean": [4.64796994493e-06, 2.43185295403e-05, 6.90350716468e-05, 7.10593449185e-05, 0.000107515486889, 0.000162889133207, 7.91328857304e-05, 2.67288014584e-05, 6.27647168585e-05, 0.000126357132103, 0.000258341256995, 0.000208565208595, 0.000161853182362, 0.000525894691236, 0.000992768793367, 0.00140888453461, 0.000685708189849, 0.000294311001198, 0.000336366065312, 0.000770162208937, 0.000225089999731, 0.000156733512995, 0.000138709292514, 0.000184149539564, 5.09659330419e-05, 7.07850776962e-05, 0.000190053600818, 3.69989211322e-05, 3.90064087696e-05, 3.22165687976e-05, 2.46294348472e-05, 5.28058553755e-05, 7.54795692046e-05, 1.86908600881e-05, 4.2969288188e-05, 2.7619784305e-05, 2.24758496188e-05, 8.23014634079e-05, 2.85678288492e-05, 2.59801181528e-05, 3.15078395943e-05, 0.000110866203613, 7.41167314118e-05, 3.68947112293e-05, 0.000108183434349, 4.13304223912e-05, 1.65900200955e-05, 4.75677734357e-05, 4.23347155447e-05, 8.092988719e-05, 2.89235158561e-05, 1.84538239409e-05, 4.01436227548e-05, 2.05801825359e-05, 9.73710939434e-06, 2.57603060163e-05, 2.81264365185e-05, 2.15351556108e-05, 1.62991600519e-05, 2.63927795459e-05, 1.71174178831e-05, 3.60291051038e-05, 1.15891825772e-05, 9.69433313003e-06, 1.12551742859e-05, 7.53314316171e-06, 6.76484933138e-06, 3.75908621209e-06, 8.04025603429e-06, 3.94068911191e-06, 3.05813136947e-06, 3.39004463967e-06, 2.48935839409e-06, 2.53905386671e-06, 5.51996890863e-06, 1.84073030596e-06, 1.12640736916e-06, 1.28727560877e-06, 7.3798696576e-07, 6.10302890891e-07, 5.07130380356e-07, 2.99570871221e-07, 2.24408282179e-07, 1.47663442363e-07, 7.69660957189e-08, 5.19831395707e-08, 3.00529343633e-08, 1.9853334976e-08, 1.9097988968e-08, 3.28947109551e-08, 2.85604819794e-08, 3.31274954135e-08, 4.56627695655e-08, 8.15431917545e-08, 8.10830087516e-08, 6.53496456948e-08, 7.85792622082e-08, 7.14305414817e-08, 5.86655630741e-08, 6.90171333417e-08, 3.23112168132e-08, 4.27693613858e-08, 4.42424799019e-08, 3.78990989702e-08, 2.5469407916e-08, 1.28568817814e-08, 9.79735492734e-09, 6.70388633495e-09, 5.07101738378e-09, 5.02769248456e-09, 4.9979136385e-09, 5.07303266062e-09, 4.7615209553e-09, 3.67615693442e-09, 3.37093020164e-09, 4.04663813569e-09, 3.39816552675e-09, 6.20547276758e-12, 4.17063996186e-12, 4.0525833557e-12, 3.9292844152e-12, 3.81926174714e-12, 3.72409048044e-12, 3.61987176345e-12, 3.54504836944e-12, 3.52749795519e-12, 3.48335141113e-12, 3.45324745361e-12],
        "min": [3.20099836601e-24, 1.51927526375e-23, 3.92845252399e-23, 5.92955629781e-23, 2.60397936104e-23, 1.46563256442e-23, 2.18902400985e-23, 7.81188128512e-24, 1.22436379529e-24, 1.59857515126e-24, 5.57546929629e-24, 1.12368242459e-23, 1.14765101656e-23, 3.50090513837e-24, 4.56981994799e-24, 4.92775453968e-24, 8.35078293506e-24, 5.56771794904e-24, 5.32301290181e-24, 1.36945906048e-23, 1.84586241633e-23, 9.17769927921e-24, 3.516222845e-24, 5.46145365194e-24, 3.05858826502e-24, 1.55766502193e-24, 2.67554028641e-24, 4.25599727482e-24, 2.23397551304e-23, 5.82503412113e-23, 2.58411962998e-23, 1.04977317863e-23, 3.21103149343e-24, 4.17751823653e-24, 3.69362898511e-24, 3.00220206523e-24, 2.60024430187e-24, 2.37658215873e-23, 1.15534785353e-23, 6.19426441212e-24, 9.71170052519e-24, 7.11447933553e-24, 1.00021693657e-23, 1.97219604483e-24, 1.65529168654e-24, 1.51653923775e-24, 3.04797986078e-24, 6.9956185075e-24, 2.66901936495e-23, 2.7557284313e-23, 2.21586500215e-23, 1.93982916078e-23, 1.23853394596e-23, 7.53663903782e-24, 8.53021723656e-24, 8.10893080329e-24, 7.32977446493e-24, 7.89658522482e-24, 1.61919869689e-23, 3.58864690253e-23, 7.37034637014e-24, 5.90565215577e-24, 1.95977913753e-23, 9.49869545901e-24, 1.01298520252e-23, 3.64647245792e-24, 1.03158827816e-23, 1.7367733661e-23, 1.60578743041e-23, 5.42697766937e-24, 1.77912525707e-23, 3.22662506472e-23, 1.50151800477e-23, 6.66817812296e-24, 9.44385306002e-24, 8.905592754e-24, 8.27227234233e-24, 6.71997473e-24, 6.75740144678e-24, 1.43947204354e-23, 6.31423753403e-24, 8.04351845703e-24, 8.05053616364e-24, 1.04016185514e-23, 6.47166143299e-24, 9.55434644043e-24, 1.03399706494e-23, 1.6694590762e-23, 1.40691007418e-23, 8.28410683363e-24, 7.32557772491e-24, 1.01309824629e-23, 5.81254053654e-24, 1.39113033172e-23, 1.3818741534e-23, 1.00297850194e-23, 1.44737879639e-23, 1.25071364279e-23, 1.26364133754e-23, 1.01198256031e-23, 7.36592638249e-24, 8.38290140681e-24, 7.08968228184e-24, 9.13619809584e-24, 1.39693066818e-23, 1.44088599782e-23, 1.95633260423e-23, 1.42486517947e-23, 1.14524641075e-23, 1.52987108565e-23, 1.3804359022e-23, 1.06907060964e-23, 1.07183864367e-23, 1.74877541146e-23, 7.58744246898e-24, 9.33338255657e-24, 1.17555310567e-23, 1.23219686854e-23, 1.06753367194e-23, 9.95310142852e-24, 7.60916217628e-24, 9.17793672634e-24, 1.11341248113e-23, 9.61954342766e-24, 9.62932530289e-24, 1.0014866082e-23, 9.96535717155e-24, 5.88666230163e-24],
        "stdev": [1.13983924166e-05, 0.000209435529541, 0.000620926497504, 0.000642030616291, 0.000469407037599, 0.00044897972839, 0.000244660041062, 0.000207719567697, 0.000315673882142, 0.00043213495519, 0.000565127003938, 0.000412909634179, 0.000395838869736, 0.00106780591886, 0.00192197412252, 0.00362715194933, 0.00149912270717, 0.000946843007114, 0.000787925499026, 0.00184487935621, 0.000547512958292, 0.0005276016891, 0.000582395819947, 0.000826746050734, 0.000127809747937, 0.000131618580781, 0.000385012186598, 6.70220688335e-05, 9.64567880146e-05, 6.62093880237e-05, 6.53144961689e-05, 0.000124709797092, 0.000209231322515, 4.49723556812e-05, 8.50982178235e-05, 4.95449421578e-05, 5.90906929574e-05, 0.000261412671534, 5.90818926867e-05, 5.22470982105e-05, 8.58843341121e-05, 0.000255884107901, 0.000168055208633, 0.000121413111628, 0.000417187722633, 0.000120270851767, 4.0629736759e-05, 0.000114078349725, 8.72601740411e-05, 0.000183420241228, 5.82049833611e-05, 3.96264440496e-05, 9.40175887081e-05, 4.03478552471e-05, 2.91301039397e-05, 6.19270649622e-05, 6.97659488651e-05, 7.18794326531e-05, 5.23061862623e-05, 8.69202704052e-05, 4.03510857723e-05, 0.000108194966742, 3.50697919203e-05, 2.46560921369e-05, 2.60660999629e-05, 1.60494382726e-05, 1.55220550369e-05, 8.86558609636e-06, 1.79523249244e-05, 1.00055403891e-05, 6.87628516971e-06, 7.54755728849e-06, 5.60278476769e-06, 5.3048929658e-06, 1.35577638503e-05, 4.04032198276e-06, 2.26875658882e-06, 3.66387325812e-06, 1.71301883256e-06, 1.52080667704e-06, 1.19247067687e-06, 6.41463827833e-07, 5.66113044442e-07, 4.7285624305e-07, 1.60341699029e-07, 1.20821198379e-07, 4.75860773008e-08, 3.10849870289e-08, 2.640992669e-08, 9.35290955795e-08, 6.02865739552e-08, 5.66474191999e-08, 1.0102171899e-07, 2.64641101921e-07, 2.28676199754e-07, 1.53284872795e-07, 1.78546216034e-07, 1.89514409499e-07, 1.44932542412e-07, 1.55188715212e-07, 6.76193252502e-08, 9.47975209442e-08, 9.30965384782e-08, 7.54893676458e-08, 5.10903390705e-08, 1.65191096357e-08, 7.93095100704e-09, 2.34574537572e-09, 1.656712878e-09, 1.59622026707e-09, 1.58831570118e-09, 1.40065481435e-09, 1.27172516962e-09, 1.11046449813e-09, 9.61455137727e-10, 1.08293141121e-09, 1.44966949556e-09, 2.98409873201e-11, 2.61748487468e-11, 2.42420025026e-11, 2.23111511904e-11, 2.0656070604e-11, 1.97131391072e-11, 1.88092284803e-11, 1.74326664215e-11, 1.71835583956e-11, 1.6196637781e-11, 1.5964330552e-11]
    },
    "mfcc": {
        "mean": [-720.850646973, 130.418548584, -48.3992843628, 19.8024539948, -1.24852871895, -15.1628761292, -3.4650349617, -18.9245815277, -1.68061602116, -3.56726336479, -2.03252220154, 1.13018155098, -4.38442182541],
        "cov": [[6669.16162109, 1249.12585449, -1644.68640137, -193.527984619, -822, -691.356018066, -538.766540527, -756.108032227, -235.880172729, -292.249694824, 60.3498191833, 95.057975769, -116.174797058], [1249.12585449, 1273.52026367, -312.645111084, -295.390075684, -179.769744873, -257.199462891, -264.343505859, -222.135726929, -162.560455322, -63.9687156677, -21.4753761292, 2.94461369514, 43.8529968262], [-1644.68640137, -312.645111084, 1079.05212402, 239.019271851, 206.300048828, 114.630447388, 111.317695618, 75.5492172241, 6.07944393158, 48.3755683899, -25.5179615021, -15.5037441254, 30.271686554], [-193.527984619, -295.390075684, 239.019271851, 314.942169189, 46.2973823547, 39.9098472595, 56.1353607178, -0.538011550903, 17.7153320312, 14.7235336304, 9.95751285553, -4.22264766693, -33.0650367737], [-822, -179.769744873, 206.300048828, 46.2973823547, 220.598205566, 138.931182861, 93.7417678833, 110.999946594, 35.8642044067, 35.7932090759, -20.5233230591, -21.5812110901, 2.98842334747], [-691.356018066, -257.199462891, 114.630447388, 39.9098472595, 138.931182861, 190.649398804, 132.533843994, 126.549293518, 63.8158454895, 24.7442073822, -7.3025636673, -21.9078407288, -15.1140031815], [-538.766540527, -264.343505859, 111.317695618, 56.1353607178, 93.7417678833, 132.533843994, 171.518493652, 136.955505371, 75.78150177, 36.3938789368, 4.49753761292, -10.307674408, -18.7657604218], [-756.108032227, -222.135726929, 75.5492172241, -0.538011550903, 110.999946594, 126.549293518, 136.955505371, 206.714920044, 93.5686264038, 60.619430542, 4.07725763321, -11.4355745316, 8.6209897995], [-235.880172729, -162.560455322, 6.07944393158, 17.7153320312, 35.8642044067, 63.8158454895, 75.78150177, 93.5686264038, 103.387283325, 46.427154541, 20.7651119232, 11.5008106232, 4.6765255928], [-292.249694824, -63.9687156677, 48.3755683899, 14.7235336304, 35.7932090759, 24.7442073822, 36.3938789368, 60.619430542, 46.427154541, 86.9507598877, 32.2778625488, 9.66957187653, 21.2320919037], [60.3498191833, -21.4753761292, -25.5179615021, 9.95751285553, -20.5233230591, -7.3025636673, 4.49753761292, 4.07725763321, 20.7651119232, 32.2778625488, 59.0932540894, 33.0240058899, 9.5410194397], [95.057975769, 2.94461369514, -15.5037441254, -4.22264766693, -21.5812110901, -21.9078407288, -10.307674408, -11.4355745316, 11.5008106232, 9.66957187653, 33.0240058899, 67.154800415, 35.211265564], [-116.174797058, 43.8529968262, 30.271686554, -33.0650367737, 2.98842334747, -15.1140031815, -18.7657604218, 8.6209897995, 4.6765255928, 21.2320919037, 9.5410194397, 35.211265564, 83.3986434937]],
        "icov": [[0.000710486667231, -0.000270682910923, 0.000782651826739, -0.000417523668148, 0.000540299864952, 0.000991116976365, -0.000752092746552, 0.001767487498, -0.000997245311737, 0.000969143933617, -0.00030912013608, -0.000191932340385, 0.000416331575252], [-0.000270682910923, 0.00166440743487, -0.000240923764068, 0.00131271511782, -0.000390636065276, 0.000623158179224, 0.000896003853995, -0.000224157469347, 0.00134691293351, -0.000735176785383, 0.000136700618896, 0.00054618215654, -0.000427234190283], [0.000782651826739, -0.000240923764068, 0.00231472263113, -0.00140617508441, -0.000457498128526, 0.00137331278529, -0.00160043954384, 0.00219093752094, -0.00024693243904, 0.000542160123587, 0.00025221798569, -5.03323717567e-05, -0.00063388037961], [-0.000417523668148, 0.00131271511782, -0.00140617508441, 0.00567983370274, -0.000863588706125, 0.000378013151931, -0.000807571457699, 0.00141434872057, 0.000222903632675, -0.00128860108089, -0.000682384590618, 0.000184303891729, 0.001577766845], [0.000540299864952, -0.000390636065276, -0.000457498128526, -0.000863588706125, 0.0117573868483, -0.0069263712503, 0.0013752116356, -0.00144880346488, 0.00198028585874, -0.00310090533458, 0.00434924429283, -0.00169815355912, 0.000462189287646], [0.000991116976365, 0.000623158179224, 0.00137331278529, 0.000378013151931, -0.0069263712503, 0.019784713164, -0.00899358931929, 0.00176338409074, -0.00400579441339, 0.00571682583541, -0.00337476981804, 0.00359790632501, -3.16742916766e-05], [-0.000752092746552, 0.000896003853995, -0.00160043954384, -0.000807571457699, 0.0013752116356, -0.00899358931929, 0.0215156022459, -0.0101962313056, -0.00104330235627, -0.00125291850418, 0.000791239086539, -0.00263578863814, 0.00435786088929], [0.001767487498, -0.000224157469347, 0.00219093752094, 0.00141434872057, -0.00144880346488, 0.00176338409074, -0.0101962313056, 0.0213895943016, -0.00881554093212, -0.00147982221097, 0.000449649844086, 0.00295306346379, -0.00221555004828], [-0.000997245311737, 0.00134691293351, -0.00024693243904, 0.000222903632675, 0.00198028585874, -0.00400579441339, -0.00104330235627, -0.00881554093212, 0.0239715334028, -0.00801991485059, 0.000673801521771, -0.00457198033109, 0.000510988989845], [0.000969143933617, -0.000735176785383, 0.000542160123587, -0.00128860108089, -0.00310090533458, 0.00571682583541, -0.00125291850418, -0.00147982221097, -0.00801991485059, 0.0258575379848, -0.0154278567061, 0.00717009417713, -0.00534838810563], [-0.00030912013608, 0.000136700618896, 0.00025221798569, -0.000682384590618, 0.00434924429283, -0.00337476981804, 0.000791239086539, 0.000449649844086, 0.000673801521771, -0.0154278567061, 0.0355034321547, -0.0173827372491, 0.00566684454679], [-0.000191932340385, 0.00054618215654, -5.03323717567e-05, 0.000184303891729, -0.00169815355912, 0.00359790632501, -0.00263578863814, 0.00295306346379, -0.00457198033109, 0.00717009417713, -0.0173827372491, 0.03118801862, -0.0133967977017], [0.000416331575252, -0.000427234190283, -0.00063388037961, 0.001577766845, 0.000462189287646, -3.16742916766e-05, 0.00435786088929, -0.00221555004828, 0.000510988989845, -0.00534838810563, 0.00566684454679, -0.0133967977017, 0.0211789738387]]
    },
    "spectral_contrast_coeffs": {
        "max": [-0.416910886765, -0.362329006195, -0.48733818531, -0.555030286312, -0.608523905277, -0.654769301414],
        "mean": [-0.705142438412, -0.746620953083, -0.775889694691, -0.78221654892, -0.789465546608, -0.781384646893],
        "min": [-0.958484768867, -0.968896448612, -0.969147801399, -0.96365660429, -0.958726286888, -0.959420144558],
        "stdev": [0.115835338831, 0.135146021843, 0.0990527197719, 0.0855137854815, 0.056186594069, 0.0474428869784]
    },
    "spectral_contrast_valleys": {
        "max": [-5.73503732681, -5.03190279007, -5.13713550568, -5.23276042938, -5.9755282402, -9.5941028595],
        "mean": [-8.21849918365, -7.25409841537, -7.98445129395, -7.86926841736, -7.94554328918, -11.3561019897],
        "min": [-27.0815181732, -27.3400421143, -26.9389381409, -26.9453258514, -27.3211135864, -27.2389755249],
        "stdev": [0.932793498039, 1.2362216711, 1.16004419327, 1.17010068893, 1.11974084377, 0.828455924988]
    }
},
"rhythm": {
    "beats_count": 29,
    "beats_loudness": {
        "max": 0.0547273047268,
        "mean": 0.0168357472867,
        "min": 0.000162316122442,
        "stdev": 0.0174018926919
    },
    "bpm": 134.338592529,
    "bpm_histogram_first_peak_bpm": 136,
    "bpm_histogram_first_peak_weight": 0.476190507412,
    "bpm_histogram_second_peak_bpm": 157,
    "bpm_histogram_second_peak_spread": 0.16666662693,
    "bpm_histogram_second_peak_weight": 0.178571432829,
    "danceability": 0.733485579491,
    "onset_rate": 2.82145690918,
    "beats_loudness_band_ratio": {
        "max": [0.456479251385, 0.779961943626, 0.871658623219, 0.427269339561, 0.48179140687, 0.568991005421],
        "mean": [0.0884985253215, 0.251926004887, 0.223791971803, 0.160319656134, 0.209970653057, 0.112671680748],
        "min": [0.00164548645262, 0.00559108518064, 0.0390939824283, 0.0158461965621, 0.0183160807937, 0.0032534704078],
        "stdev": [0.108423709869, 0.215836212039, 0.19749096036, 0.129591330886, 0.135854586959, 0.161139398813]
    },
    "beats_position": [0.383129239082, 0.754648506641, 1.13777780533, 1.52090704441, 1.90403628349, 2.28716540337, 2.67029476166, 3.13469386101, 3.58748292923, 4.04027223587, 4.48145103455, 4.92263031006, 5.36380958557, 5.81659841537, 6.26938772202, 6.71056699753, 7.16335582733, 7.61614513397, 8.05732440948, 8.51011276245, 8.96290206909, 9.4040813446, 9.84526062012, 10.2864398956, 10.7392292023, 11.1920175552, 11.6331968307, 12.0743761063, 12.5155553818],
