{
"metadata": {
    "version": {
        "essentia": "2.1-beta5",
        "essentia_git_sha": "Undefined",
        "extractor": "music 2.0"
    },
    "audio_properties": {
        "analysis": {
            "equal_loudness": 0,
            "length": 48.7502937317,
            "sample_rate": 44100,
            "start_time": 45.2440834045,
            "downmix": "mix"
        },
        "bit_rate": 192000,
        "length": 187.176055908,
        "lossless": 0,
        "number_channels": 2,
        "replay_gain": -4.52181243896,
        "sample_rate": 44100,
        "codec": "mp3",
        "md5_encoded": "96b346c7ba755fa6c29993a2a5dc9031"
    },
    "tags": {
        "file_name": "Ireland_Could It Be That I_m In Love_Kim Jackson.mp3",
        "encoding": ["Lavf58.29.100"]
    }
},
"lowlevel": {
    "average_loudness": 0.977032005787,
    "barkbands_crest": {
        "max": 23.6051864624,
        "mean": 8.80498218536,
        "min": 2.93839931488,
        "stdev": 3.57323670387
    },
    "barkbands_flatness_db": {
        "max": 0.305748730898,
        "mean": 0.173956692219,
        "min": 0.0841199532151,
        "stdev": 0.0294247772545
    },
    "barkbands_kurtosis": {
        "max": 22.1796779633,
        "mean": 0.488846510649,
        "min": -1.74668622017,
        "stdev": 2.14790797234
    },
    "barkbands_skewness": {
        "max": 4.53256368637,
        "mean": 0.689480245113,
        "min": -1.68529200554,
        "stdev": 0.800616443157
    },
    "barkbands_spread": {
        "max": 39.1138534546,
        "mean": 16.5863437653,
        "min": 2.80151462555,
        "stdev": 6.07859325409
    },
    "dissonance": {
        "max": 0.499555975199,
        "mean": 0.459132730961,
        "min": 0.324818938971,
        "stdev": 0.0263225249946
    },
    "dynamic_complexity": 1.13506126404,
    "erbbands_crest": {
        "max": 31.8000450134,
        "mean": 9.99718952179,
        "min": 3.14233756065,
        "stdev": 4.65494537354
    },
    "erbbands_flatness_db": {
        "max": 0.363208502531,
        "mean": 0.249859824777,
        "min": 0.149088099599,
        "stdev": 0.0297659151256
    },
    "erbbands_kurtosis": {
        "max": 13.1056804657,
        "mean": -0.0845636725426,
        "min": -1.73993086815,
        "stdev": 1.2675845623
    },
    "erbbands_skewness": {
        "max": 2.23957562447,
        "mean": 0.00304214097559,
        "min": -3.31422877312,
        "stdev": 0.64540040493
    },
    "erbbands_spread": {
        "max": 64.8956451416,
        "mean": 24.9947757721,
        "min": 4.95966148376,
        "stdev": 9.20614528656
    },
    "hfc": {
        "max": 79.4811630249,
        "mean": 27.4545898438,
        "min": 0.639704227448,
        "stdev": 12.9584283829
    },
    "loudness_ebu128": {
        "integrated": -18.7577075958,
        "loudness_range": 1.81857681274,
        "momentary": {
            "max": -16.6597747803,
            "mean": -18.8889923096,
            "min": -26.0140266418,
            "stdev": 1.13623523712
        },
        "short_term": {
            "max": -17.5690040588,
            "mean": -18.7721233368,
            "min": -20.7729377747,
            "stdev": 0.608947217464
        }
    },
    "melbands_crest": {
        "max": 27.4640979767,
        "mean": 10.5120105743,
        "min": 3.71198153496,
        "stdev": 4.04778766632
    },
    "melbands_flatness_db": {
        "max": 0.371257334948,
        "mean": 0.215282216668,
        "min": 0.10886438936,
        "stdev": 0.0407188870013
    },
    "melbands_kurtosis": {
        "max": 53.8770675659,
        "mean": 2.73815512657,
        "min": -1.70686686039,
        "stdev": 4.5978102684
    },
    "melbands_skewness": {
        "max": 6.54938936234,
        "mean": 1.2964566946,
        "min": -1.07591021061,
        "stdev": 0.923247158527
    },
    "melbands_spread": {
        "max": 71.6796417236,
        "mean": 26.4150104523,
        "min": 3.48086071014,
        "stdev": 12.2165164948
    },
    "pitch_salience": {
        "max": 0.863224685192,
        "mean": 0.57091987133,
        "min": 0.215081050992,
        "stdev": 0.0862228944898
    },
    "silence_rate_20dB": {
        "max": 1,
        "mean": 1,
        "min": 1,
        "stdev": 0
    },
    "silence_rate_30dB": {
        "max": 1,
        "mean": 1,
        "min": 1,
        "stdev": 0
    },
    "silence_rate_60dB": {
        "max": 1,
        "mean": 0.000951927679125,
        "min": 0,
        "stdev": 0.0308393761516
    },
    "spectral_centroid": {
        "max": 2953.35205078,
        "mean": 1475.22814941,
        "min": 445.415557861,
        "stdev": 517.483276367
    },
    "spectral_complexity": {
        "max": 50,
        "mean": 24.1627788544,
        "min": 1,
        "stdev": 6.66218090057
    },
    "spectral_decrease": {
        "max": -1.43297623767e-10,
        "mean": -6.53742615597e-09,
        "min": -1.56435771004e-08,
        "stdev": 2.28913643596e-09
    },
    "spectral_energy": {
        "max": 0.0648066699505,
        "mean": 0.0271639749408,
        "min": 0.000598861952312,
        "stdev": 0.00936950650066
    },
    "spectral_energyband_high": {
        "max": 0.00566677702591,
        "mean": 0.000368036620785,
        "min": 2.750211479e-06,
        "stdev": 0.000424184807343
    },
    "spectral_energyband_low": {
        "max": 0.0148147698492,
        "mean": 0.000977657851763,
        "min": 7.8459179349e-06,
        "stdev": 0.0013462593779
    },
    "spectral_energyband_middle_high": {
        "max": 0.0546980425715,
        "mean": 0.0116747356951,
        "min": 0.000325081520714,
        "stdev": 0.00762437656522
    },
    "spectral_energyband_middle_low": {
        "max": 0.0543015152216,
        "mean": 0.0146428616717,
        "min": 0.000226735224715,
        "stdev": 0.00834562815726
    },
    "spectral_entropy": {
        "max": 7.9756360054,
        "mean": 7.18992233276,
        "min": 6.04952383041,
        "stdev": 0.270629912615
    },
    "spectral_flux": {
        "max": 0.192385062575,
        "mean": 0.0855021029711,
        "min": 0.020835807547,
        "stdev": 0.027183227241
    },
    "spectral_kurtosis": {
        "max": 35.5116958618,
        "mean": 7.25431156158,
        "min": -0.170405387878,
        "stdev": 4.64739704132
    },
    "spectral_rms": {
        "max": 0.00795147940516,
        "mean": 0.00506499968469,
        "min": 0.000764366122894,
        "stdev": 0.000920418242458
    },
    "spectral_rolloff": {
        "max": 4198.97460938,
        "mean": 1722.71350098,
        "min": 258.3984375,
        "stdev": 670.126708984
    },
    "spectral_skewness": {
        "max": 4.0699672699,
        "mean": 1.39869332314,
        "min": 0.190973103046,
        "stdev": 0.575362205505
    },
    "spectral_spread": {
        "max": 8722067,
        "mean": 2362635.25,
        "min": 1529993.625,
        "stdev": 388158.9375
    },
    "spectral_strongpeak": {
        "max": 12.321190834,
        "mean": 2.23683714867,
        "min": 0.0757114887238,
        "stdev": 1.85097658634
    },
    "zerocrossingrate": {
        "max": 0.1103515625,
        "mean": 0.0588012859225,
        "min": 0.01416015625,
        "stdev": 0.017197035253
    },
    "barkbands": {
        "max": [4.94265332236e-05, 0.0097637809813, 0.00894776638597, 0.0179585646838, 0.0379436165094, 0.0398692749441, 0.0266401879489, 0.0255950801075, 0.0364466197789, 0.0400536283851, 0.0308129675686, 0.0160746276379, 0.0205714590847, 0.0255598258227, 0.0184085182846, 0.0190835613757, 0.0127329500392, 0.00851857010275, 0.0071963230148, 0.00461865309626, 0.00228027300909, 0.00121353415307, 0.000122448662296, 3.50803529727e-05, 2.13503044506e-05, 3.63386811841e-06, 3.97026269638e-06],
        "mean": [3.02574858324e-06, 0.000255364342593, 0.000378002267098, 0.000834624632262, 0.0026138832327, 0.00432265037671, 0.00270571513101, 0.00125643203501, 0.00249359570444, 0.00203968188725, 0.00146888033487, 0.000874582445249, 0.00152843585238, 0.00136720691808, 0.00117831258103, 0.00130751170218, 0.000860092171934, 0.000535827828571, 0.000562655448448, 0.000429662730312, 0.000121927965665, 2.14146893995e-05, 1.74863873781e-06, 1.36936057515e-06, 1.00901695532e-06, 3.26699733932e-07, 4.38441709605e-08],
        "min": [6.44907149905e-09, 6.58037549783e-07, 3.01837985717e-08, 6.15801127424e-07, 1.84222990356e-05, 4.07223633374e-05, 1.92135976249e-05, 9.97743609332e-06, 2.06294134841e-05, 3.8217904148e-06, 8.69764699019e-06, 4.89461399411e-06, 8.94712138688e-06, 4.89967260364e-06, 1.27422135847e-05, 5.23352855453e-06, 6.82970085109e-06, 2.22887979362e-06, 1.86064391983e-06, 1.02737601537e-06, 5.76460365664e-07, 1.87784564787e-07, 1.44970130123e-07, 2.14632848383e-07, 2.37946849779e-07, 2.14629551465e-07, 5.49460743571e-09],
        "stdev": [4.4210564738e-06, 0.000763692019973, 0.000574184989091, 0.00126165489201, 0.00321779260412, 0.00545177143067, 0.0031819480937, 0.00221680733375, 0.00306419492699, 0.00346357002854, 0.00262102973647, 0.00134788372088, 0.00253171939403, 0.00247070961632, 0.00181595433969, 0.00193894444965, 0.00138715317007, 0.000783732568379, 0.000608195725363, 0.000495545566082, 0.00015739108494, 4.73521613458e-05, 3.93242544305e-06, 2.2565936888e-06, 1.3924770883e-06, 8.29871851238e-08, 8.80160015981e-08]
    },
    "erbbands": {
        "max": [0.138076812029, 2.68509626389, 8.05055904388, 32.7720603943, 51.1442909241, 232.589126587, 232.82460022, 438.689849854, 526.065368652, 642.825439453, 480.015991211, 1134.44799805, 1053.74841309, 687.194091797, 1110.42932129, 624.22467041, 1150.34619141, 900.930847168, 1135.81762695, 794.50579834, 1304.47583008, 625.158996582, 484.010101318, 272.157165527, 330.064025879, 215.491607666, 178.840026855, 32.2722167969, 72.0913391113, 10.6888198853, 1.30907535553, 0.589412093163, 0.832881033421, 0.333564698696, 0.121252253652, 0.015009239316, 0.00688408222049, 0.00239419704303, 0.000564956921153, 7.80654663686e-05],
        "mean": [0.00413005286828, 0.0725057795644, 0.383393853903, 1.6641112566, 4.28575706482, 11.261639595, 17.8786888123, 41.0625915527, 39.0838394165, 38.1753692627, 28.8477840424, 53.188117981, 66.0001754761, 54.8098182678, 59.4836845398, 40.3593025208, 78.6236190796, 52.8895683289, 73.4182815552, 68.518157959, 69.5706787109, 49.5822753906, 27.8513774872, 30.8844470978, 26.7351455688, 19.4406795502, 10.0006151199, 2.33977985382, 0.922568798065, 0.235612884164, 0.0337284319103, 0.0225424263626, 0.0264758151025, 0.0143043138087, 0.00525511661544, 0.00151812541299, 0.000611619092524, 0.000148492719745, 1.90566042875e-05, 3.3150674426e-05],
        "min": [4.27768063673e-05, 0.000326001929352, 0.000541614426766, 0.0073365168646, 0.0140781654045, 0.0793974027038, 0.231837257743, 0.223425045609, 0.31027457118, 0.274083584547, 0.59253436327, 0.466202378273, 0.55338126421, 0.41794359684, 0.739515125751, 0.515629708767, 0.508915007114, 0.706842124462, 0.631576001644, 0.723214447498, 0.325222730637, 0.325500637293, 0.182290822268, 0.101907685399, 0.100312635303, 0.0503526739776, 0.0364357084036, 0.0112457023934, 0.00755398301408, 0.00595621298999, 0.0047815288417, 0.00449240440503, 0.00377623713575, 0.00284767430276, 0.00164763070643, 0.000831475073937, 0.000347132765455, 7.33334891265e-05, 4.27212717113e-06, 2.21673599299e-06],
        "stdev": [0.0114835239947, 0.205361530185, 0.587955653667, 2.21665287018, 4.74918174744, 15.9634523392, 23.7872600555, 53.4475288391, 50.893863678, 47.9832611084, 41.5092163086, 77.8383178711, 97.7431182861, 67.3147583008, 101.718910217, 51.9983139038, 129.708023071, 84.3794021606, 122.226577759, 82.1737442017, 113.805541992, 69.8411560059, 39.3759040833, 34.1997642517, 28.7785949707, 21.5880012512, 12.3661222458, 2.92099022865, 2.36482310295, 0.462167531252, 0.0557068884373, 0.0344264321029, 0.0453152656555, 0.0216413456947, 0.0059926644899, 0.000458181864815, 0.00016470621631, 5.88912771491e-05, 1.31478454932e-05, 1.13012056318e-05]
    },
    "gfcc": {
        "mean": [-20.8796768188, 136.499465942, -182.623641968, 5.4856967926, -48.9195365906, -30.2043952942, -32.7252960205, -4.83590984344, -32.6401138306, 1.03365981579, -15.9322328568, -10.4758319855, -0.540821135044],
        "cov": [[488.103363037, -68.1373291016, -191.95463562, 202.292816162, -1.75165164471, -19.1109905243, 74.2816238403, -0.687039971352, 16.6223430634, -2.94624066353, 13.0160207748, -23.7075996399, 26.0968589783], [-68.1373291016, 344.738586426, 267.379211426, -72.1952514648, 124.606086731, 8.18982791901, -23.0193157196, 3.04687380791, -21.6374320984, -24.9150657654, -4.51325702667, -8.30803394318, -39.3542785645], [-191.95463562, 267.379211426, 442.915222168, 30.2192134857, 27.9225883484, 76.1449661255, -62.7955207825, -19.2995414734, -0.525936543941, -23.8198490143, -22.6086483002, 14.4564876556, -64.2399597168], [202.292816162, -72.1952514648, 30.2192134857, 296.805847168, 2.72678470612, 15.8670196533, 20.2030410767, 0.547171533108, 24.5043201447, -5.63049602509, -20.3743648529, 3.27760505676, -18.006483078], [-1.75165164471, 124.606086731, 27.9225883484, 2.72678470612, 195.380477905, 39.3091545105, 16.4559936523, 30.5008945465, -21.1395721436, -4.9391207695, 3.82329344749, -31.556060791, -16.0723590851], [-19.1109905243, 8.18982791901, 76.1449661255, 15.8670196533, 39.3091545105, 218.483779907, 74.0830307007, -26.4475345612, -10.5678596497, 23.519525528, -6.73125934601, -40.3079986572, -40.7158851624], [74.2816238403, -23.0193157196, -62.7955207825, 20.2030410767, 16.4559936523, 74.0830307007, 129.960784912, 20.6463851929, -13.0437355042, 28.6642627716, 8.1553030014, -27.4766464233, -9.84139823914], [-0.687039971352, 3.04687380791, -19.2995414734, 0.547171533108, 30.5008945465, -26.4475345612, 20.6463851929, 108.881988525, 37.8351593018, -9.53690814972, 2.65625452995, 4.98863840103, 12.7527103424], [16.6223430634, -21.6374320984, -0.525936543941, 24.5043201447, -21.1395721436, -10.5678596497, -13.0437355042, 37.8351593018, 87.7224731445, 22.7957363129, -7.02174758911, 25.8270626068, 1.60988426208], [-2.94624066353, -24.9150657654, -23.8198490143, -5.63049602509, -4.9391207695, 23.519525528, 28.6642627716, -9.53690814972, 22.7957363129, 77.7705841064, 39.9898605347, -2.8828728199, -5.14369297028], [13.0160207748, -4.51325702667, -22.6086483002, -20.3743648529, 3.82329344749, -6.73125934601, 8.1553030014, 2.65625452995, -7.02174758911, 39.9898605347, 81.5534820557, 28.2082920074, 7.97876119614], [-23.7075996399, -8.30803394318, 14.4564876556, 3.27760505676, -31.556060791, -40.3079986572, -27.4766464233, 4.98863840103, 25.8270626068, -2.8828728199, 28.2082920074, 82.7417373657, 26.4528255463], [26.0968589783, -39.3542785645, -64.2399597168, -18.006483078, -16.0723590851, -40.7158851624, -9.84139823914, 12.7527103424, 1.60988426208, -5.14369297028, 7.97876119614, 26.4528255463, 76.862487793]],
        "icov": [[0.0160704553127, -0.0205980073661, 0.0196559522301, -0.0181652698666, 0.0120521793142, -0.00629775691777, -0.000196058579604, 0.00491676433012, -0.0108811287209, 0.0128102526069, -0.0147361131385, 0.0121054025367, -0.0070383278653], [-0.0205980073661, 0.0453714206815, -0.0397012941539, 0.0301733240485, -0.0280192922801, 0.0185983814299, -0.0122377034277, 0.00366663746536, 0.00347449979745, -0.0055840248242, 0.0117696654052, -0.00917930435389, 0.00742002716288], [0.0196559522301, -0.0397012941539, 0.0388311333954, -0.0278304778039, 0.0242305137217, -0.0180127266794, 0.0127674331889, -0.00342513876967, -0.00275543984026, 0.00588954007253, -0.010383957997, 0.00680870329961, -0.00415228307247], [-0.0181652698666, 0.0301733240485, -0.0278304778039, 0.0267800521106, -0.0185229107738, 0.0113983862102, -0.00600377842784, -0.0006589567638, 0.00628742342815, -0.00914977770299, 0.0142033956945, -0.0114777488634, 0.00786737259477], [0.0120521793142, -0.0280192922801, 0.0242305137217, -0.0185229107738, 0.0238656811416, -0.0131212454289, 0.00953696481884, -0.00656090676785, 0.00167305627838, 0.00181578740012, -0.00696081854403, 0.00647644605488, -0.00359658431262], [-0.00629775691777, 0.0185983814299, -0.0180127266794, 0.0113983862102, -0.0131212454289, 0.0169316809624, -0.013539374806, 0.00849688984454, -0.00580010563135, 0.00300212716684, 2.77932740573e-05, 0.00229644728824, 0.00188765721396], [-0.000196058579604, -0.0122377034277, 0.0127674331889, -0.00600377842784, 0.00953696481884, -0.013539374806, 0.0255838762969, -0.0163428746164, 0.017982730642, -0.0178403779864, 0.0104108396918, -0.00778705766425, 0.00390310632065], [0.00491676433012, 0.00366663746536, -0.00342513876967, -0.0006589567638, -0.00656090676785, 0.00849688984454, -0.0163428746164, 0.0274787917733, -0.0265862867236, 0.0239584743977, -0.0183476097882, 0.0146835660562, -0.00732037052512], [-0.0108811287209, 0.00347449979745, -0.00275543984026, 0.00628742342815, 0.00167305627838, -0.00580010563135, 0.017982730642, -0.0265862867236, 0.0471374876797, -0.0387388765812, 0.0328932590783, -0.0280356798321, 0.0112888542935], [0.0128102526069, -0.0055840248242, 0.00588954007253, -0.00914977770299, 0.00181578740012, 0.00300212716684, -0.0178403779864, 0.0239584743977, -0.0387388765812, 0.0539310611784, -0.0403813533485, 0.0280922334641, -0.0097748786211], [-0.0147361131385, 0.0117696654052, -0.010383957997, 0.0142033956945, -0.00696081854403, 2.77932740573e-05, 0.0104108396918, -0.0183476097882, 0.0328932590783, -0.0403813533485, 0.0482791103423, -0.0315379239619, 0.0110656190664], [0.0121054025367, -0.00917930435389, 0.00680870329961, -0.0114777488634, 0.00647644605488, 0.00229644728824, -0.00778705766425, 0.0146835660562, -0.0280356798321, 0.0280922334641, -0.0315379239619, 0.0390958935022, -0.0143850315362], [-0.0070383278653, 0.00742002716288, -0.00415228307247, 0.00786737259477, -0.00359658431262, 0.00188765721396, 0.00390310632065, -0.00732037052512, 0.0112888542935, -0.0097748786211, 0.0110656190664, -0.0143850315362, 0.0224454086274]]
    },
    "melbands": {
        "max": [0.00196609366685, 0.00311544490978, 0.00616572378203, 0.00877951085567, 0.00684330752119, 0.00849031936377, 0.00698502454907, 0.00576843880117, 0.0031407433562, 0.00643839174882, 0.0056284177117, 0.00370843871497, 0.00452401908115, 0.00194961263333, 0.0032587798778, 0.00186354119796, 0.00169228226878, 0.00255305389874, 0.00205253320746, 0.00109830638394, 0.00194500409998, 0.000885594112333, 0.00108945311513, 0.000465881894343, 0.000259582622675, 0.000458629161585, 0.00026734045241, 0.00019038382743, 0.000176526897121, 2.90319567284e-05, 1.48170702232e-05, 4.8141238949e-05, 2.23980168812e-05, 4.3232535063e-06, 9.18020191421e-07, 1.96718175971e-07, 4.68138466658e-07, 5.71154032514e-07, 5.21808601661e-07, 2.64851991005e-07],
        "mean": [5.46756491531e-05, 0.000174589295057, 0.000362743274309, 0.000540026288945, 0.000635120260995, 0.000903891923372, 0.00058224023087, 0.000394588569179, 0.000244980154093, 0.000342096871464, 0.000334890995873, 0.000232118254644, 0.000221389986109, 9.87771782093e-05, 0.000172139480128, 0.000128020968987, 9.39770689001e-05, 0.000125070248032, 8.92803218449e-05, 8.39057538542e-05, 8.13894075691e-05, 5.40034016012e-05, 2.82430955849e-05, 2.75680104096e-05, 2.42652440647e-05, 2.37809981627e-05, 1.54767949425e-05, 1.25190308609e-05, 7.92820810602e-06, 2.22737776312e-06, 9.83267113952e-07, 5.71672842398e-07, 2.55720919995e-07, 7.8175752094e-08, 1.61790723041e-08, 9.83335191052e-09, 1.45926808415e-08, 1.9195065093e-08, 1.67659592876e-08, 1.06390007915e-08],
        "min": [2.02199842647e-07, 6.67815811539e-07, 1.13966154913e-06, 2.54007977674e-06, 7.71890518081e-06, 5.27035081177e-06, 6.97413133821e-06, 3.10645958734e-07, 3.25615087604e-06, 3.04488776237e-06, 1.25192696032e-06, 9.93397634375e-07, 2.05329365599e-06, 9.67692926679e-07, 7.71263216848e-07, 8.46447392178e-07, 3.82088444439e-07, 2.92577141181e-07, 1.05071603684e-06, 7.86836437783e-07, 2.14200824189e-07, 3.32933836944e-07, 2.02355039391e-07, 1.11122389512e-07, 7.50510196212e-08, 7.62663603382e-08, 4.35900489038e-08, 2.50999576679e-08, 2.43552698009e-08, 1.37145805823e-08, 4.7584012286e-09, 3.68650576732e-09, 2.88460522135e-09, 2.47230658168e-09, 2.23937957067e-09, 1.95477434239e-09, 2.34682273614e-09, 2.1992319077e-09, 2.32725461125e-09, 2.00705430053e-09],
        "stdev": [0.000162475800607, 0.000275841390248, 0.000433567474829, 0.00067436817335, 0.000765524513554, 0.00113642250653, 0.000714827270713, 0.000503536895849, 0.000325572822476, 0.000470567756565, 0.000517586478963, 0.000328308320604, 0.000388861953979, 0.000170472369064, 0.000289281510049, 0.000203972434974, 0.000170267972862, 0.000240969966399, 0.000142206612509, 0.000117092706205, 0.00015729975712, 8.79817889654e-05, 5.67372844671e-05, 4.07278275816e-05, 2.86190916086e-05, 2.82129149127e-05, 2.03296822292e-05, 1.58855000336e-05, 1.11093077066e-05, 2.86380532089e-06, 1.38770224112e-06, 1.55018324222e-06, 7.21308083484e-07, 1.62446880836e-07, 3.26045395127e-08, 1.23921219952e-08, 2.516306985e-08, 3.46245769833e-08, 2.85462125049e-08, 1.60563349283e-08]
    },
    "melbands128": {
        "max": [4.67010831926e-05, 0.000573327182792, 0.00328322290443, 0.00544850388542, 0.00353288697079, 0.0045535042882, 0.00650167046115, 0.00943785905838, 0.00452484469861, 0.0112376324832, 0.0185455661267, 0.00909880176187, 0.00965073984116, 0.016955351457, 0.0144336698577, 0.0150385368615, 0.0156972650439, 0.00994344707578, 0.00726797617972, 0.0119503531605, 0.0085301399231, 0.00937147811055, 0.00266296346672, 0.00589183298871, 0.0145212933421, 0.00608873786405, 0.0135751031339, 0.00669400766492, 0.0143153527752, 0.00504261534661, 0.00222226185724, 0.00598529260606, 0.00822629965842, 0.00543871289119, 0.00423047225922, 0.00242145755328, 0.00122222979553, 0.00734833441675, 0.00384179246612, 0.00551710836589, 0.00170305161737, 0.0034680753015, 0.00391474505886, 0.00447615981102, 0.00670880498365, 0.00395425967872, 0.00313497311436, 0.00348277762532, 0.0031317116227, 0.00221965112723, 0.00200825952925, 0.00188585475553, 0.00413735164329, 0.00511192716658, 0.00245128385723, 0.00203030696139, 0.00136729818769, 0.00186072883662, 0.00111173640471, 0.000583039072808, 0.000652014277875, 0.000856695696712, 0.000438131333794, 0.000541465240531, 0.000517005799338, 0.00111447484232, 0.000406193837989, 0.000347668421455, 0.000416247610701, 0.000227849493967, 0.00022484883084, 0.000286831200356, 0.000279637490166, 0.000220152054681, 6.52268718113e-05, 4.4209362386e-05, 4.05090249842e-05, 2.26815536735e-05, 2.13090970647e-05, 1.76922967512e-05, 1.31843926283e-05, 0.000132238172228, 2.03340678127e-05, 4.40158291894e-05, 5.14297698828e-06, 3.49502806785e-06, 1.15587208711e-05, 8.64588173499e-07, 6.45376985631e-07, 2.00295275476e-07, 1.64003836289e-07, 2.54918887777e-07, 2.97698846907e-07, 4.41747886271e-07, 6.9483991183e-07, 6.20521859673e-07, 7.58959174618e-07, 9.35387618028e-07, 6.99059000908e-07, 6.64873311962e-07, 2.53006788853e-07, 3.4951480643e-07, 3.74010596715e-07, 2.99360692679e-07, 1.91119497117e-07, 5.1646800614e-08, 3.20267155018e-08, 2.89677242193e-08, 2.30480026175e-08, 2.26500702638e-08, 2.59080810139e-08, 2.52815404167e-08, 2.02102192759e-08, 2.0925696731e-08, 1.82620958356e-08, 1.8066909746e-08, 1.94297555822e-08, 1.87559958675e-08, 1.80558590301e-08, 1.75368946032e-08, 1.7148707343e-08, 1.67467426593e-08, 1.64093858501e-08, 1.61332334159e-08, 1.59020725476e-08, 1.57081263552e-08, 1.56281618757e-08, 1.55162851456e-08],
        "mean": [2.42766554948e-06, 1.94563799596e-05, 7.19777526683e-05, 0.000129932333948, 0.000169873805135, 0.000192783845705, 0.000304028420942, 0.000460928160464, 0.000378988712328, 0.000498544133734, 0.000715458707418, 0.000543672358617, 0.000421906966949, 0.00100002251565, 0.00104388047475, 0.000804484938271, 0.000670773850288, 0.000563503359444, 0.000396536663175, 0.000504223338794, 0.000321254687151, 0.000306666363031, 0.000116396746307, 0.000333354080794, 0.000435632740846, 0.000226885531447, 0.000433813635027, 0.00024557596771, 0.000424282538006, 0.000276350066997, 0.000122754368931, 0.000198800407816, 0.000338516576448, 0.000130179920234, 0.000110911154479, 0.000101047866337, 4.50911029475e-05, 0.000174977700226, 0.000244476745138, 0.000222425689572, 3.56161290256e-05, 0.000106537489046, 0.000106368061097, 4.99917696288e-05, 0.000169656079379, 0.00013491869322, 9.4088332844e-05, 6.8788707722e-05, 9.4246082881e-05, 0.000112593064841, 7.39632087061e-05, 6.2944367528e-05, 0.000104228594864, 8.20237401058e-05, 4.87870711368e-05, 6.23699670541e-05, 4.41510674136e-05, 3.77391916118e-05, 1.88209560292e-05, 1.50765654325e-05, 3.07021582557e-05, 3.71397545678e-05, 2.0426708943e-05, 1.67268062796e-05, 3.65765554307e-05, 2.5729294066e-05, 1.59861156135e-05, 1.57619633683e-05, 1.78930458787e-05, 1.03087668322e-05, 1.32511549964e-05, 1.38879195219e-05, 9.31901740842e-06, 8.29243435874e-06, 4.01173110731e-06, 2.11691508412e-06, 1.4920732383e-06, 1.29517547975e-06, 8.71022621141e-07, 7.87171813954e-07, 5.6426813444e-07, 5.7670553133e-07, 3.44421408727e-07, 2.46957654326e-07, 1.45149229525e-07, 9.23852141455e-08, 6.50033840088e-08, 2.39885018516e-08, 1.24517436362e-08, 9.18180020903e-09, 8.87366535807e-09, 9.61593471516e-09, 1.20243095481e-08, 1.40654679015e-08, 1.71617458022e-08, 1.72460445924e-08, 2.2451866144e-08, 1.70773599706e-08, 1.7604440572e-08, 1.82651920255e-08, 8.73867200823e-09, 1.04555937241e-08, 1.018606266e-08, 7.93457832771e-09, 5.33097876954e-09, 4.08270217633e-09, 3.44100592464e-09, 2.80269052411e-09, 2.18004614361e-09, 2.08745265518e-09, 2.06881400899e-09, 2.18344919922e-09, 1.98848182364e-09, 1.55874591012e-09, 1.45448064703e-09, 1.71647052127e-09, 1.52854429114e-09, 1.55527726114e-11, 1.42713488596e-11, 1.38963528185e-11, 1.35940694465e-11, 1.32877415668e-11, 1.30200286316e-11, 1.27939369168e-11, 1.26192337829e-11, 1.24843295424e-11, 1.24056763126e-11, 1.23204779712e-11],
        "min": [2.54860688109e-10, 2.0894260544e-08, 1.2125998694e-07, 2.2200129024e-07, 1.74801073172e-07, 1.74544467768e-08, 2.08459169926e-07, 2.77496923218e-07, 7.47174681237e-07, 9.75162265604e-07, 9.25196843582e-08, 5.09246206093e-07, 8.61594116941e-07, 1.65666460816e-06, 1.49001857608e-06, 6.45013983558e-07, 2.46047477503e-07, 3.05933696154e-07, 4.50144199249e-07, 4.74366856906e-07, 1.45427165421e-07, 1.08369043517e-07, 3.5149716382e-07, 8.47806063575e-07, 1.62501396517e-06, 8.42914687382e-07, 1.80553257678e-07, 6.37324660602e-07, 4.02241113306e-07, 1.64690405313e-07, 1.05363774594e-07, 4.18437537064e-07, 3.01919499179e-07, 1.8893133813e-07, 1.72977848933e-07, 7.84573472856e-08, 2.52941475765e-07, 4.15858153247e-07, 3.14095586873e-07, 1.16566823749e-07, 1.5959535915e-07, 3.66890560599e-07, 2.52475956586e-07, 1.3453900749e-07, 1.10956868582e-07, 1.46832164205e-07, 1.38764889357e-07, 7.2146313812e-08, 1.04470871065e-07, 9.78527125994e-08, 1.84056318631e-07, 8.48859897928e-08, 1.4719054775e-07, 3.55297125054e-08, 9.49443403897e-08, 7.72001556015e-08, 4.51152750713e-08, 1.25553967223e-07, 2.32690631208e-08, 1.72217529126e-08, 3.42803758713e-08, 1.05164581043e-07, 5.96221880755e-08, 5.00700636508e-08, 6.79253417957e-08, 4.11424707636e-08, 4.48547652354e-08, 3.1829920033e-08, 2.80739538283e-08, 1.6030268668e-08, 1.20402612325e-08, 1.25608403678e-08, 1.615757661e-08, 1.68808966805e-08, 1.7480283887e-08, 1.0792411409e-08, 3.52523987779e-09, 5.58812596196e-09, 3.78466458173e-09, 2.95498558955e-09, 1.97116745149e-09, 3.36678707136e-09, 2.21209139895e-09, 2.0139845347e-09, 1.36330646772e-09, 1.25663812689e-09, 1.33065813923e-09, 1.48847456583e-09, 1.28849919623e-09, 1.37822275814e-09, 1.23126187024e-09, 1.26977395265e-09, 1.29324895237e-09, 1.29678290328e-09, 1.23675558683e-09, 1.35208277907e-09, 1.27051014154e-09, 1.1987382198e-09, 1.59843682734e-09, 1.17689902268e-09, 1.69077618573e-09, 1.50484713579e-09, 1.39888456374e-09, 8.48963732647e-10, 9.45862388413e-10, 9.40160282958e-10, 1.13554254888e-09, 8.93673191005e-10, 6.59008625448e-10, 6.45818731826e-10, 4.39814740183e-10, 6.27006724319e-10, 5.82595804932e-10, 5.74043146351e-10, 3.92595261856e-10, 5.40794464765e-10, 3.30858479503e-10, 3.21562492345e-13, 1.34539474288e-13, 1.35783514966e-13, 1.47485918877e-13, 1.0050227523e-13, 1.21770310306e-13, 1.15549510606e-13, 1.22732851443e-13, 1.29531951029e-13, 1.24894669259e-13, 1.47762092275e-13],
        "stdev": [4.15524345954e-06, 5.30612378498e-05, 0.000243851856794, 0.000401573110139, 0.000328615104081, 0.000287065777229, 0.000440875359345, 0.0006971944822, 0.000469923834316, 0.00078130007023, 0.00117730966303, 0.00090006319806, 0.000774758751504, 0.00173585873563, 0.00164631777443, 0.00150651019067, 0.0011704628123, 0.000957714393735, 0.000593592063524, 0.000864713627379, 0.000605870911386, 0.000741146563087, 0.000218019384192, 0.000548486539628, 0.000913822441362, 0.0004054257588, 0.00085742585361, 0.000541441782843, 0.00110986782238, 0.00049273885088, 0.000226936099352, 0.000421889999416, 0.000669508357532, 0.000447967468062, 0.000266397895757, 0.000232107064221, 8.70920703164e-05, 0.000483647774672, 0.000442772317911, 0.000533756392542, 9.10569069674e-05, 0.000210339509067, 0.000286608265014, 0.000180718503543, 0.000480226590298, 0.000313893455314, 0.000284957321128, 0.000186695426237, 0.000235258718021, 0.00018068679492, 0.000176923189429, 0.00015954344417, 0.000244550959906, 0.000259680935415, 0.000168506725458, 0.00012347716256, 8.15814200905e-05, 0.000108585234557, 5.70074807911e-05, 3.48407302226e-05, 5.76339989493e-05, 7.10054519004e-05, 4.26963779319e-05, 3.57805693056e-05, 5.29820972588e-05, 4.95810527354e-05, 3.06903893943e-05, 2.99100083794e-05, 3.26461777149e-05, 1.87028399523e-05, 2.24236082431e-05, 2.39406326727e-05, 1.81655159395e-05, 1.49731004058e-05, 5.71251030124e-06, 3.82247571906e-06, 2.54563724411e-06, 2.13921134673e-06, 1.40801546422e-06, 1.44526973145e-06, 1.07259234028e-06, 3.63342905985e-06, 8.03873206223e-07, 1.12486270609e-06, 2.93794045092e-07, 1.86351527987e-07, 2.79851235518e-07, 5.31917194735e-08, 2.35449757469e-08, 1.19685648059e-08, 1.19909202567e-08, 1.33903714783e-08, 1.82212165356e-08, 2.51668534901e-08, 3.55878029268e-08, 3.56559795023e-08, 4.5312940955e-08, 3.3111916764e-08, 3.30115383917e-08, 3.40654793263e-08, 1.22733903041e-08, 1.72281851007e-08, 1.71073732957e-08, 1.20732863707e-08, 7.21332726883e-09, 2.90459611918e-09, 1.47141898665e-09, 1.04465647244e-09, 8.24728507709e-10, 7.67621688436e-10, 8.08887734571e-10, 7.91988752358e-10, 6.63748611629e-10, 6.05861250058e-10, 5.59759738561e-10, 5.87715986988e-10, 7.24045878808e-10, 4.11637252062e-10, 3.96339544517e-10, 3.84968973366e-10, 3.76454006856e-10, 3.67622071673e-10, 3.60211804828e-10, 3.54153983917e-10, 3.49070272687e-10, 3.4482378064e-10, 3.4305439045e-10, 3.40604405791e-10]
    },
    "mfcc": {
        "mean": [-650.704589844, 173.203857422, -72.6812210083, 29.8529281616, -17.4131526947, -17.0999927521, -0.419740021229, -20.6820049286, -1.96579241753, -7.64172792435, -8.1741476059, -8.38631820679, -4.49962377548],
        "cov": [[788.552734375, -341.193572998, -241.005706787, 175.975494385, -97.279335022, 18.1747875214, 34.116897583, -5.89779663086, 57.17943573, -13.2795152664, -3.45813727379, 12.2108640671, 57.0596313477], [-341.193572998, 527.139587402, 122.784461975, -71.779335022, 132.858093262, -32.0532264709, 29.3222637177, 20.9420261383, -44.6006355286, 26.0273399353, -22.5718097687, 3.80350732803, -29.2732143402], [-241.005706787, 122.784461975, 415.499908447, 7.90789699554, 51.7516822815, 99.212852478, -50.0048904419, 33.0748558044, -19.4813804626, -39.1581192017, 64.9476928711, -6.58654499054, -39.7496337891], [175.975494385, -71.779335022, 7.90789699554, 221.50642395, 37.8542289734, -22.215045929, -23.4139881134, 15.2061977386, 19.6649456024, -38.6264419556, 3.45119953156, 29.4657936096, 7.43825244904], [-97.279335022, 132.858093262, 51.7516822815, 37.8542289734, 175.238494873, 0.624124705791, 5.58606147766, 31.7657337189, 0.644140124321, 2.53710222244, -9.28052806854, 15.5619487762, -14.3045148849], [18.1747875214, -32.0532264709, 99.212852478, -22.215045929, 0.624124705791, 209.708465576, 70.442741394, -1.61419951916, 1.63693094254, 13.5558137894, 64.6843032837, -16.371055603, -16.1108837128], [34.116897583, 29.3222637177, -50.0048904419, -23.4139881134, 5.58606147766, 70.442741394, 179.859405518, 8.6029920578, -13.3612203598, 55.8825340271, 1.39247846603, 0.121831692755, -9.43307685852], [-5.89779663086, 20.9420261383, 33.0748558044, 15.2061977386, 31.7657337189, -1.61419951916, 8.6029920578, 89.4339981079, 34.8593101501, -8.57283782959, 15.6818475723, 4.07343673706, -8.87288379669], [57.17943573, -44.6006355286, -19.4813804626, 19.6649456024, 0.644140124321, 1.63693094254, -13.3612203598, 34.8593101501, 86.752571106, 23.9020252228, 11.8951435089, -6.94709300995, -7.72019910812], [-13.2795152664, 26.0273399353, -39.1581192017, -38.6264419556, 2.53710222244, 13.5558137894, 55.8825340271, -8.57283782959, 23.9020252228, 91.3616638184, 12.1796712875, -17.8613471985, -3.81621599197], [-3.45813727379, -22.5718097687, 64.9476928711, 3.45119953156, -9.28052806854, 64.6843032837, 1.39247846603, 15.6818475723, 11.8951435089, 12.1796712875, 116.515098572, 32.8837547302, -12.888504982], [12.2108640671, 3.80350732803, -6.58654499054, 29.4657936096, 15.5619487762, -16.371055603, 0.121831692755, 4.07343673706, -6.94709300995, -17.8613471985, 32.8837547302, 94.1606903076, 29.2161045074], [57.0596313477, -29.2732143402, -39.7496337891, 7.43825244904, -14.3045148849, -16.1108837128, -9.43307685852, -8.87288379669, -7.72019910812, -3.81621599197, -12.888504982, 29.2161045074, 87.8305892944]],
        "icov": [[0.00283509097062, 0.000769213482272, 0.00145792926196, -0.0022046896629, 0.000944657018408, -0.00091781723313, -0.000501774251461, -0.000186953548109, -0.000831788231153, 0.000576367601752, -0.000135831578518, 0.00051189691294, -0.00106449367013], [0.000769213482272, 0.00346404756419, -0.000749887665734, 0.000651737558655, -0.00190731289331, 0.000985291437246, -0.000684193160851, -0.000491394603159, 0.00126487237867, -0.00112084264401, 0.000604022352491, -0.000408985069953, 0.000294378143735], [0.00145792926196, -0.000749887665734, 0.00501463003457, -0.00170932582114, 0.000490936101414, -0.0032080381643, 0.0023135386873, -0.0020473478362, 0.00148441118654, 0.00061034783721, -0.00110913650133, 0.000619100290351, 0.000538606313057], [-0.0022046896629, 0.000651737558655, -0.00170932582114, 0.00794615317136, -0.00319102522917, 0.00240603322163, -0.00119211000856, 0.00160575890914, -0.00205958168954, 0.00325184501708, -0.000900854123756, -0.000764096097555, 0.000241020607064], [0.000944657018408, -0.00190731289331, 0.000490936101414, -0.00319102522917, 0.00951498746872, -0.00264932354912, 0.00196390436031, -0.00391032034531, 0.00140505027957, -0.00326900440268, 0.00347266159952, -0.00312079396099, 0.00165177427698], [-0.00091781723313, 0.000985291437246, -0.0032080381643, 0.00240603322163, -0.00264932354912, 0.0113461390138, -0.0071796644479, 0.00510145211592, -0.00378305092454, 0.00535348895937, -0.0071192085743, 0.00521090906113, -0.00221493467689], [-0.000501774251461, -0.000684193160851, 0.0023135386873, -0.00119211000856, 0.00196390436031, -0.0071796644479, 0.0135848326609, -0.00728115998209, 0.00809158850461, -0.0111658452079, 0.00585257587954, -0.00540943071246, 0.00385659188032], [-0.000186953548109, -0.000491394603159, -0.0020473478362, 0.00160575890914, -0.00391032034531, 0.00510145211592, -0.00728115998209, 0.0203409567475, -0.0122235035524, 0.0102977575734, -0.00600123452023, 0.00393775152043, -0.00235056853853], [-0.000831788231153, 0.00126487237867, 0.00148441118654, -0.00205958168954, 0.00140505027957, -0.00378305092454, 0.00809158850461, -0.0122235035524, 0.0230170730501, -0.0131496125832, 0.00344472122379, -0.00276120449416, 0.00385307194665], [0.000576367601752, -0.00112084264401, 0.00061034783721, 0.00325184501708, -0.00326900440268, 0.00535348895937, -0.0111658452079, 0.0102977575734, -0.0131496125832, 0.026334354654, -0.00958090368658, 0.00890761055052, -0.00483708130196], [-0.000135831578518, 0.000604022352491, -0.00110913650133, -0.000900854123756, 0.00347266159952, -0.0071192085743, 0.00585257587954, -0.00600123452023, 0.00344472122379, -0.00958090368658, 0.0187159515917, -0.0111659262329, 0.00549306767061], [0.00051189691294, -0.000408985069953, 0.000619100290351, -0.000764096097555, -0.00312079396099, 0.00521090906113, -0.00540943071246, 0.00393775152043, -0.00276120449416, 0.00890761055052, -0.0111659262329, 0.0199786201119, -0.00799948070198], [-0.00106449367013, 0.000294378143735, 0.000538606313057, 0.000241020607064, 0.00165177427698, -0.00221493467689, 0.00385659188032, -0.00235056853853, 0.00385307194665, -0.00483708130196, 0.00549306767061, -0.00799948070198, 0.0160335749388]]
    },
    "spectral_contrast_coeffs": {
        "max": [-0.359606385231, -0.504052340984, -0.473708927631, -0.53603130579, -0.617788612843, -0.579673349857],
        "mean": [-0.636209130287, -0.708326518536, -0.696782827377, -0.71813672781, -0.747303187847, -0.727045357227],
        "min": [-0.817687153816, -0.898532450199, -0.874375700951, -0.932122647762, -0.863337993622, -0.869098186493],
        "stdev": [0.0753359273076, 0.0626959353685, 0.0661185830832, 0.0585227236152, 0.0434733070433, 0.0450595468283]
    },
    "spectral_contrast_valleys": {
        "max": [-5.5842833519, -4.63682460785, -5.49614334106, -5.80088758469, -5.93236017227, -10.1842269897],
        "mean": [-7.30117988586, -6.32015991211, -7.1366944313, -7.26546144485, -7.34330463409, -11.714343071],
        "min": [-9.51937294006, -8.4812746048, -8.86238098145, -8.79763317108, -9.26504611969, -12.3081274033],
        "stdev": [0.643457829952, 0.430144965649, 0.467189013958, 0.429397284985, 0.549765408039, 0.305423289537]
    }
},
"rhythm": {
    "beats_count": 124,
    "beats_loudness": {
        "max": 0.0661538094282,
        "mean": 0.0303456373513,
        "min": 0.00538458535448,
        "stdev": 0.00941280182451
    },
    "bpm": 152.706329346,
    "bpm_histogram_first_peak_bpm": 152,
    "bpm_histogram_first_peak_weight": 0.373134315014,
    "bpm_histogram_second_peak_bpm": 157,
    "bpm_histogram_second_peak_spread": 0.166666686535,
    "bpm_histogram_second_peak_weight": 0.325203239918,
    "danceability": 1.24315619469,
    "onset_rate": 2.091796875,
    "beats_loudness_band_ratio": {
        "max": [0.341898590326, 0.752435266972, 0.60011947155, 0.688692986965, 0.54920732975, 0.246023610234],
        "mean": [0.0841849669814, 0.247858092189, 0.252692461014, 0.233838737011, 0.174547612667, 0.0453713312745],
        "min": [0.000590876326896, 0.0166125670075, 0.0347474813461, 0.0141390273347, 0.0110083213076, 0.00134984694887],
        "stdev": [0.0769192576408, 0.177183359861, 0.128764554858, 0.157151862979, 0.122245587409, 0.0443610362709]
    },
