{
"metadata": {
    "version": {
        "essentia": "2.1-beta5",
        "essentia_git_sha": "Undefined",
        "extractor": "music 2.0"
    },
    "audio_properties": {
        "analysis": {
            "equal_loudness": 0,
            "length": 48.7502937317,
            "sample_rate": 44100,
            "start_time": 29.0017242432,
            "downmix": "mix"
        },
        "bit_rate": 192000,
        "length": 226.406188965,
        "lossless": 0,
        "number_channels": 2,
        "replay_gain": -9.95895385742,
        "sample_rate": 48000,
        "codec": "mp3",
        "md5_encoded": "7127233158c718581128d1f5f090404d"
    },
    "tags": {
        "file_name": "Switzerland_Canzone Per Te_Sandra Simò.mp3",
        "encoding": ["Lavf58.29.100"]
    }
},
"lowlevel": {
    "average_loudness": 0.959478259087,
    "barkbands_crest": {
        "max": 23.6555500031,
        "mean": 9.62823867798,
        "min": 2.4414036274,
        "stdev": 3.65870094299
    },
    "barkbands_flatness_db": {
        "max": 0.23906429112,
        "mean": 0.150198385119,
        "min": 0.042642172426,
        "stdev": 0.0385841056705
    },
    "barkbands_kurtosis": {
        "max": 25.0473480225,
        "mean": 2.36894416809,
        "min": -1.84269595146,
        "stdev": 3.25794839859
    },
    "barkbands_skewness": {
        "max": 4.53424882889,
        "mean": 1.15793192387,
        "min": -2.3883728981,
        "stdev": 0.850506305695
    },
    "barkbands_spread": {
        "max": 80.2393112183,
        "mean": 17.6838722229,
        "min": 2.69854998589,
        "stdev": 11.1878633499
    },
    "dissonance": {
        "max": 0.499993860722,
        "mean": 0.458685666323,
        "min": 0.330474078655,
        "stdev": 0.0269202645868
    },
    "dynamic_complexity": 2.2990899086,
    "erbbands_crest": {
        "max": 28.6005706787,
        "mean": 10.2133102417,
        "min": 3.50617337227,
        "stdev": 4.07047748566
    },
    "erbbands_flatness_db": {
        "max": 0.308790594339,
        "mean": 0.204275205731,
        "min": 0.101984128356,
        "stdev": 0.038112051785
    },
    "erbbands_kurtosis": {
        "max": 16.502161026,
        "mean": 0.484540849924,
        "min": -1.77576315403,
        "stdev": 1.97921526432
    },
    "erbbands_skewness": {
        "max": 3.45100641251,
        "mean": 0.584119260311,
        "min": -3.15984869003,
        "stdev": 0.757625162601
    },
    "erbbands_spread": {
        "max": 109.638748169,
        "mean": 30.6777267456,
        "min": 5.81574964523,
        "stdev": 14.8998727798
    },
    "hfc": {
        "max": 237.338638306,
        "mean": 24.7394542694,
        "min": 0.0330503582954,
        "stdev": 20.9014167786
    },
    "loudness_ebu128": {
        "integrated": -12.8433046341,
        "loudness_range": 3.49987030029,
        "momentary": {
            "max": -10.492477417,
            "mean": -13.46717453,
            "min": -34.3846282959,
            "stdev": 2.75504899025
        },
        "short_term": {
            "max": -11.478263855,
            "mean": -13.1136512756,
            "min": -19.8667182922,
            "stdev": 1.77244257927
        }
    },
    "melbands_crest": {
        "max": 29.5259170532,
        "mean": 12.0774030685,
        "min": 2.66332793236,
        "stdev": 4.12439012527
    },
    "melbands_flatness_db": {
        "max": 0.303636938334,
        "mean": 0.184822276235,
        "min": 0.0403192713857,
        "stdev": 0.0489288978279
    },
    "melbands_kurtosis": {
        "max": 111.609786987,
        "mean": 6.17488765717,
        "min": -1.87762832642,
        "stdev": 6.68629789352
    },
    "melbands_skewness": {
        "max": 9.40891838074,
        "mean": 1.7356017828,
        "min": -1.58942484856,
        "stdev": 0.989238083363
    },
    "melbands_spread": {
        "max": 242.005233765,
        "mean": 24.1738052368,
        "min": 3.91239643097,
        "stdev": 21.4034023285
    },
    "pitch_salience": {
        "max": 0.904668211937,
        "mean": 0.596038103104,
        "min": 0.271659463644,
        "stdev": 0.0960199609399
    },
    "silence_rate_20dB": {
        "max": 1,
        "mean": 1,
        "min": 1,
        "stdev": 0
    },
    "silence_rate_30dB": {
        "max": 1,
        "mean": 1,
        "min": 1,
        "stdev": 0
    },
    "silence_rate_60dB": {
        "max": 1,
        "mean": 0.0337934307754,
        "min": 0,
        "stdev": 0.180703446269
    },
    "spectral_centroid": {
        "max": 5027.625,
        "mean": 1333.37988281,
        "min": 405.315368652,
        "stdev": 594.602478027
    },
    "spectral_complexity": {
        "max": 51,
        "mean": 20.380771637,
        "min": 0,
        "stdev": 7.98677158356
    },
    "spectral_decrease": {
        "max": -5.33628133001e-12,
        "mean": -6.43225339658e-09,
        "min": -2.12858228821e-08,
        "stdev": 3.64136321096e-09
    },
    "spectral_energy": {
        "max": 0.0858390852809,
        "mean": 0.0265207588673,
        "min": 2.36669748119e-05,
        "stdev": 0.0146741773933
    },
    "spectral_energyband_high": {
        "max": 0.0323515981436,
        "mean": 0.000848567055073,
        "min": 1.53475491516e-06,
        "stdev": 0.00225016428158
    },
    "spectral_energyband_low": {
        "max": 0.0411347933114,
        "mean": 0.00166258250829,
        "min": 2.78289439848e-06,
        "stdev": 0.0035883882083
    },
    "spectral_energyband_middle_high": {
        "max": 0.0451224520802,
        "mean": 0.00621133670211,
        "min": 1.18003690659e-05,
        "stdev": 0.00572175672278
    },
    "spectral_energyband_middle_low": {
        "max": 0.0783859342337,
        "mean": 0.0183880664408,
        "min": 1.8854963173e-06,
        "stdev": 0.011601424776
    },
    "spectral_entropy": {
        "max": 8.60923576355,
        "mean": 7.42436599731,
        "min": 6.60658359528,
        "stdev": 0.339731603861
    },
    "spectral_flux": {
        "max": 0.230383083224,
        "mean": 0.0806004777551,
        "min": 0.00358315464109,
        "stdev": 0.0358443669975
    },
    "spectral_kurtosis": {
        "max": 16.3589782715,
        "mean": 5.08729171753,
        "min": -1.34414088726,
        "stdev": 2.77225518227
    },
    "spectral_rms": {
        "max": 0.00915125384927,
        "mean": 0.00483880192041,
        "min": 0.000151953048771,
        "stdev": 0.00156842498109
    },
    "spectral_rolloff": {
        "max": 9733.0078125,
        "mean": 1675.30529785,
        "min": 258.3984375,
        "stdev": 1434.20959473
    },
    "spectral_skewness": {
        "max": 2.98754835129,
        "mean": 1.51179969311,
        "min": -0.274455606937,
        "stdev": 0.413185983896
    },
    "spectral_spread": {
        "max": 15528203,
        "mean": 3633556.5,
        "min": 2031492,
        "stdev": 1437690.375
    },
    "spectral_strongpeak": {
        "max": 26.7160282135,
        "mean": 1.64918124676,
        "min": 0,
        "stdev": 1.46744012833
    },
    "zerocrossingrate": {
        "max": 0.36572265625,
        "mean": 0.0618079006672,
        "min": 0.01806640625,
        "stdev": 0.0386252626777
    },
    "barkbands": {
        "max": [0.000673723989166, 0.0230668261647, 0.023033356294, 0.0210593920201, 0.0443875603378, 0.0315305367112, 0.0445010885596, 0.0293009076267, 0.0589161813259, 0.0268989950418, 0.0264971870929, 0.0223733056337, 0.00651543820277, 0.0120132807642, 0.0207024142146, 0.0064981020987, 0.0157359112054, 0.0151160303503, 0.00315129407682, 0.00766935897991, 0.00951604545116, 0.0166708473116, 0.00786235742271, 0.0208093281835, 0.00969802681357, 0.000635610136669, 3.12887641485e-06],
        "mean": [6.31031289231e-05, 0.000499651825521, 0.000717877934221, 0.00105521583464, 0.00428937887773, 0.00199560378678, 0.00330998841673, 0.00257820170373, 0.00473114894703, 0.000978663214482, 0.000995350652374, 0.000668317312375, 0.000306496745907, 0.0006032056408, 0.00092687678989, 0.000438858289272, 0.000513048726134, 0.000573562749196, 0.000274853344308, 0.000322749925544, 0.00013498699991, 0.000174984728801, 9.14207485039e-05, 0.000192920328118, 6.78397482261e-05, 1.64620269061e-05, 3.08185192921e-08],
        "min": [8.29896791288e-08, 1.39594430948e-06, 3.22021577404e-07, 7.12205832087e-08, 2.30872245766e-07, 1.28613251604e-07, 2.54702513303e-07, 1.82400995641e-07, 1.62198006137e-07, 1.68146883084e-07, 3.4583837305e-07, 5.83209839533e-07, 1.13127362056e-06, 3.86573532296e-07, 9.92819195744e-07, 8.8067673687e-07, 9.82614210443e-07, 6.94991683758e-07, 5.02499290178e-07, 4.4243853381e-07, 3.8050845319e-07, 2.53602991052e-07, 2.83086876607e-07, 1.21702953493e-07, 9.01140069232e-08, 1.1825203039e-08, 1.55646762839e-11],
        "stdev": [7.0904068707e-05, 0.00184201437514, 0.00179324299097, 0.00186522421427, 0.00558755453676, 0.00325701618567, 0.00454122247174, 0.00377544923685, 0.00538532854989, 0.00229572644457, 0.00191849342082, 0.00177305052057, 0.000479020964121, 0.00132030178793, 0.00177744380198, 0.000732073618565, 0.0010777011048, 0.000847045448609, 0.00037448189687, 0.000504663214087, 0.000435998110333, 0.000712178822141, 0.000388171174563, 0.00109880312812, 0.000474246946396, 5.07640106662e-05, 1.37124587241e-07]
    },
    "erbbands": {
        "max": [0.501534640789, 6.43931484222, 26.3835697174, 41.9659194946, 102.383209229, 207.357513428, 230.645706177, 348.074859619, 615.03338623, 591.519165039, 972.304077148, 982.817443848, 945.021240234, 1086.20263672, 957.09564209, 913.739318848, 293.582061768, 620.202758789, 544.815185547, 783.380737305, 446.504852295, 908.897155762, 1079.04638672, 323.068847656, 175.811920166, 395.638580322, 159.329528809, 458.56741333, 599.466308594, 492.32043457, 219.799255371, 371.78692627, 354.675415039, 171.082824707, 16.7702217102, 4.38441562653, 1.27856647968, 0.0879572480917, 0.00139011570718, 0.000270799151622],
        "mean": [0.0128179453313, 0.126168325543, 0.69405734539, 2.28975391388, 8.5312166214, 16.5790786743, 14.9843816757, 16.4439105988, 36.7397384644, 51.8168067932, 82.3038635254, 102.949546814, 46.3360137939, 34.8077735901, 32.274936676, 27.4533748627, 15.2827501297, 26.6493930817, 37.5315933228, 43.0972671509, 23.9647350311, 30.0118293762, 31.3127231598, 24.7049312592, 10.9674415588, 15.3171758652, 7.04254102707, 5.44725942612, 5.9386548996, 4.64328193665, 2.5774512291, 3.42746925354, 3.31184506416, 1.18456995487, 0.222672179341, 0.103597536683, 0.0237637534738, 0.00144383846782, 5.09749661433e-05, 3.54495641659e-05],
        "min": [4.81686583953e-05, 9.63484344538e-05, 0.000260283646639, 0.000330392591422, 0.000615109689534, 0.000468327052658, 0.000514808401931, 0.000694541609846, 0.00234335078858, 0.0060049877502, 0.00461701257154, 0.00340498914011, 0.00664629088715, 0.0137761216611, 0.030092490837, 0.0336232669652, 0.0445436313748, 0.0268512945622, 0.0314985066652, 0.0255343466997, 0.069833599031, 0.0540488623083, 0.0414245091379, 0.0284980498254, 0.0220726504922, 0.0198533944786, 0.0199580490589, 0.0135332662612, 0.0101766325533, 0.00844970438629, 0.00684296758845, 0.00383304408751, 0.00158317037858, 0.000924213789403, 0.000476542743854, 0.000164952478372, 4.91890978083e-06, 1.96391354734e-07, 3.85165321859e-08, 3.69344128615e-08],
        "stdev": [0.0388068109751, 0.492150783539, 1.90491771698, 3.49594807625, 12.9762535095, 24.8819065094, 28.351890564, 24.4026260376, 52.1643371582, 67.5486526489, 104.830307007, 121.880218506, 86.4119720459, 63.2702331543, 75.0351333618, 72.1158370972, 22.3593120575, 52.9029960632, 61.3487434387, 78.445930481, 37.4045982361, 60.470954895, 55.0633163452, 31.1077651978, 14.8372068405, 24.2944202423, 12.9250326157, 20.8880653381, 23.5559005737, 19.5724620819, 11.1272039413, 18.9731426239, 19.9020557404, 8.41749286652, 0.91675812006, 0.330259114504, 0.074178032577, 0.00502969929948, 0.000116578878078, 2.32708298427e-05]
    },
    "gfcc": {
        "mean": [-7.67417097092, 104.165657043, -154.313354492, 21.6876621246, -78.3219146729, -4.53207540512, -44.8949737549, 11.4795665741, -19.5878353119, -5.07699871063, -17.0963001251, -10.8910284042, -9.19064235687],
        "cov": [[2668.53588867, -411.880310059, 358.317779541, -39.3171653748, -186.012466431, -65.4263076782, -162.039474487, 1.05737173557, -122.979431152, 4.91547060013, -111.40499115, -14.5941152573, -49.1720275879], [-411.880310059, 1300.7701416, -253.994796753, -91.3711166382, 159.931838989, -321.614776611, 147.271636963, -111.956954956, 57.5404968262, -222.840637207, 72.1384811401, -229.291046143, 105.677352905], [358.317779541, -253.994796753, 502.433746338, 87.0287322998, -132.955444336, 49.2099609375, -103.562271118, 26.4261054993, -28.6099643707, 44.3479804993, -71.1125946045, 63.7946968079, -79.9974594116], [-39.3171653748, -91.3711166382, 87.0287322998, 322.903778076, 108.669036865, 12.629781723, -0.149666205049, 17.4233818054, 49.9149131775, 26.5123443604, -36.9797401428, 30.9360980988, 19.0148391724], [-186.012466431, 159.931838989, -132.955444336, 108.669036865, 249.074111938, 4.78934764862, 58.4515457153, 35.069694519, 51.8477706909, 15.5843677521, -24.4340362549, -35.6013374329, 34.7768440247], [-65.4263076782, -321.614776611, 49.2099609375, 12.629781723, 4.78934764862, 260.565643311, 35.6553459167, 34.8446350098, -18.1980075836, 42.8582839966, -0.735547423363, 43.6758460999, -30.0784626007], [-162.039474487, 147.271636963, -103.562271118, -0.149666205049, 58.4515457153, 35.6553459167, 189.686553955, 22.1272621155, 9.89908599854, -2.98450875282, 1.70364177227, -16.2510089874, -12.9029254913], [1.05737173557, -111.956954956, 26.4261054993, 17.4233818054, 35.069694519, 34.8446350098, 22.1272621155, 107.838691711, 49.6743202209, 46.3101882935, -20.3397159576, 2.95743966103, -21.5704650879], [-122.979431152, 57.5404968262, -28.6099643707, 49.9149131775, 51.8477706909, -18.1980075836, 9.89908599854, 49.6743202209, 123.981132507, 33.552192688, -13.2847328186, -22.3561038971, 5.18303585052], [4.91547060013, -222.840637207, 44.3479804993, 26.5123443604, 15.5843677521, 42.8582839966, -2.98450875282, 46.3101882935, 33.552192688, 142.148269653, -24.6741447449, 41.7119789124, -30.9020118713], [-111.40499115, 72.1384811401, -71.1125946045, -36.9797401428, -24.4340362549, -0.735547423363, 1.70364177227, -20.3397159576, -13.2847328186, -24.6741447449, 106.130531311, 2.78375458717, 28.5640087128], [-14.5941152573, -229.291046143, 63.7946968079, 30.9360980988, -35.6013374329, 43.6758460999, -16.2510089874, 2.95743966103, -22.3561038971, 41.7119789124, 2.78375458717, 127.339569092, -5.49414014816], [-49.1720275879, 105.677352905, -79.9974594116, 19.0148391724, 34.7768440247, -30.0784626007, -12.9029254913, -21.5704650879, 5.18303585052, -30.9020118713, 28.5640087128, -5.49414014816, 108.264732361]],
        "icov": [[0.000530239311047, 0.00056454987498, -0.00051444809651, 0.00029117410304, -0.000233184080571, 0.000710028223693, -0.000318203674396, 0.00024005449086, 0.000242036025156, 0.000343017833075, 0.000118043841212, 0.000821303518023, -0.000362574734027], [0.00056454987498, 0.00641971407458, -0.00380133464932, 0.00360244396143, -0.00557508924976, 0.00631947629154, -0.00614189123735, 0.00642308825627, -0.00431782519445, 0.00527916802093, -0.00379376998171, 0.00548786250874, -0.0023641847074], [-0.00051444809651, -0.00380133464932, 0.00646034209058, -0.00401200354099, 0.00572769111022, -0.00423611607403, 0.00531494198367, -0.00522668519989, 0.00350176962093, -0.00309069734067, 0.00412904378027, -0.00363634782843, 0.00320665165782], [0.00029117410304, 0.00360244396143, -0.00401200354099, 0.0071148998104, -0.00614459300414, 0.00353816826828, -0.00383136514574, 0.00502281775698, -0.00454791029915, 0.00328760617413, -0.00192089634947, 0.00132892746478, -0.00236699008383], [-0.000233184080571, -0.00557508924976, 0.00572769111022, -0.00614459300414, 0.0128348190337, -0.00585096795112, 0.00475349696353, -0.00781035795808, 0.00429813750088, -0.00551615143195, 0.00577950524166, -0.00260337209329, 0.000472225190606], [0.000710028223693, 0.00631947629154, -0.00423611607403, 0.00353816826828, -0.00585096795112, 0.0109784333035, -0.00693230563775, 0.00490479776636, -0.00274962396361, 0.00433783559129, -0.00434995349497, 0.00443805148825, -0.00177425518632], [-0.000318203674396, -0.00614189123735, 0.00531494198367, -0.00383136514574, 0.00475349696353, -0.00693230563775, 0.0129061983898, -0.00766121409833, 0.00486786616966, -0.00430463580415, 0.00403686007485, -0.00493691070005, 0.00423229765147], [0.00024005449086, 0.00642308825627, -0.00522668519989, 0.00502281775698, -0.00781035795808, 0.00490479776636, -0.00766121409833, 0.021220177412, -0.0102123711258, 0.00314135523513, -0.00382632738911, 0.00487017445266, -0.00107622577343], [0.000242036025156, -0.00431782519445, 0.00350176962093, -0.00454791029915, 0.00429813750088, -0.00274962396361, 0.00486786616966, -0.0102123711258, 0.0163708180189, -0.00622664391994, 0.00332721020095, -0.000524444447365, 0.000646249391139], [0.000343017833075, 0.00527916802093, -0.00309069734067, 0.00328760617413, -0.00551615143195, 0.00433783559129, -0.00430463580415, 0.00314135523513, -0.00622664391994, 0.0147758005187, -0.00218450115062, 0.000772678758949, 0.000362659135135], [0.000118043841212, -0.00379376998171, 0.00412904378027, -0.00192089634947, 0.00577950524166, -0.00434995349497, 0.00403686007485, -0.00382632738911, 0.00332721020095, -0.00218450115062, 0.015040544793, -0.00378616550006, -0.00114435388241], [0.000821303518023, 0.00548786250874, -0.00363634782843, 0.00132892746478, -0.00260337209329, 0.00443805148825, -0.00493691070005, 0.00487017445266, -0.000524444447365, 0.000772678758949, -0.00378616550006, 0.0159253273159, -0.00340007105842], [-0.000362574734027, -0.0023641847074, 0.00320665165782, -0.00236699008383, 0.000472225190606, -0.00177425518632, 0.00423229765147, -0.00107622577343, 0.000646249391139, 0.000362659135135, -0.00114435388241, -0.00340007105842, 0.0140120731667]]
    },
    "melbands": {
        "max": [0.00449695577845, 0.0111269587651, 0.00819871202111, 0.0113538466394, 0.00828742794693, 0.00666414573789, 0.00830539315939, 0.00667806109414, 0.0112406164408, 0.00661167921498, 0.0047767679207, 0.00402212422341, 0.00247545097955, 0.00326439156197, 0.00150781089906, 0.000573918165173, 0.00137988920324, 0.0010164626874, 0.00216855295002, 0.00053041864885, 0.00063146307366, 0.00121831800789, 0.000588899303693, 0.000752299558371, 0.000297186983516, 0.000147763406858, 0.000209131248994, 0.000306678150082, 0.000133511828608, 0.000302281347103, 0.000426527898526, 0.000367335655028, 0.000641630322207, 0.000233264639974, 0.000127250154037, 0.000134433124913, 0.000336217519362, 0.000289679301204, 0.000482947041746, 8.19750493974e-05],
        "mean": [0.000129458683659, 0.000302452681353, 0.000570177799091, 0.000934202049393, 0.000579771352932, 0.00038000321365, 0.000622051244136, 0.000541904009879, 0.000749382306822, 0.000641650694888, 0.000213449457078, 0.000134292145958, 0.000115356619062, 8.45235190354e-05, 4.5614411647e-05, 3.15435790981e-05, 5.37576052011e-05, 5.41178087587e-05, 8.06153620942e-05, 3.84411359846e-05, 2.50228895311e-05, 3.26241752191e-05, 2.62785160885e-05, 2.67471823463e-05, 2.01169023057e-05, 7.02953957443e-06, 9.55979703576e-06, 1.03950278572e-05, 4.82193718199e-06, 3.22223513649e-06, 3.14740782414e-06, 3.25831842929e-06, 3.82246389563e-06, 1.97014128389e-06, 1.37098663799e-06, 1.54018721332e-06, 2.36905202655e-06, 2.1880928216e-06, 2.42538862949e-06, 5.17448654591e-07],
        "min": [5.47432875919e-07, 1.66150300629e-07, 6.76270985878e-08, 5.44989617879e-08, 2.25529444009e-08, 1.76584453726e-08, 4.00581576798e-08, 6.31312246924e-08, 3.48499291647e-08, 2.15623856548e-08, 2.9566519899e-08, 5.08022459655e-08, 8.18933614255e-08, 1.11131598146e-07, 4.78080259825e-08, 9.54958068178e-08, 4.25713935215e-08, 2.48004532466e-08, 5.2135309403e-08, 3.97810637764e-08, 8.27768502631e-08, 5.42052767116e-08, 4.35680327371e-08, 2.64234980563e-08, 2.31202541556e-08, 1.67612359547e-08, 1.32614053072e-08, 1.37984912385e-08, 1.32037332179e-08, 1.01610053704e-08, 7.11901426698e-09, 6.37940988923e-09, 3.5501370732e-09, 5.22868504049e-09, 3.76692765869e-09, 2.5521542657e-09, 1.83282444777e-09, 1.08529596421e-09, 9.73286118366e-10, 7.25636772891e-10],
        "stdev": [0.000412044260884, 0.000820673827548, 0.00083172833547, 0.00119067821652, 0.00100872572511, 0.000567547569517, 0.000845404400025, 0.000717101676855, 0.000968723848928, 0.00080773117952, 0.000433584995335, 0.000254354788922, 0.000236447056523, 0.000229669269174, 9.21967512113e-05, 4.59367220174e-05, 0.000117290146591, 0.00010047986143, 0.000167301041074, 6.5057676693e-05, 4.74701482744e-05, 7.43101772969e-05, 4.13956295233e-05, 4.13440320699e-05, 2.74007288681e-05, 1.11296230898e-05, 1.50254572873e-05, 1.74339402292e-05, 8.71446263773e-06, 1.22276369439e-05, 1.55048473971e-05, 1.38588047776e-05, 2.00552676688e-05, 8.51205459185e-06, 6.54867744743e-06, 7.32122362024e-06, 1.50917239807e-05, 1.47729597302e-05, 1.89937127288e-05, 3.55785959982e-06]
    },
    "melbands128": {
        "max": [0.000589035334997, 0.00438666529953, 0.00594693329185, 0.0133051201701, 0.0152828022838, 0.0112567348406, 0.00811687577516, 0.0128364125267, 0.0140210073441, 0.0177835468203, 0.0129033215344, 0.0175915900618, 0.010149599053, 0.0140570476651, 0.0122469356284, 0.0107555100694, 0.0121735669672, 0.0112700359896, 0.0176466740668, 0.00997259095311, 0.0121012544259, 0.010116755031, 0.0154978744686, 0.0243366267532, 0.00820877216756, 0.0115629434586, 0.00743048032746, 0.00871739629656, 0.0064498744905, 0.00515055656433, 0.00881493929774, 0.00587758189067, 0.00373018928804, 0.00706359464675, 0.00419317558408, 0.00661691976711, 0.0054664388299, 0.00128882355057, 0.00177571445238, 0.00109047221486, 0.000809040269814, 0.00164198176935, 0.00207884609699, 0.00279560429044, 0.00293383002281, 0.00210614665411, 0.00252933637239, 0.00531217688695, 0.00332882837392, 0.00131666695233, 0.000921383500099, 0.00126164488029, 0.00126537703909, 0.00068497803295, 0.00173971382901, 0.00218168157153, 0.00128953147214, 0.000835777958855, 0.000392671499867, 0.0028655983042, 0.000711360014975, 0.000359937344911, 0.000844063586555, 0.000299758772599, 0.000291142176138, 0.000180947507033, 0.000234028717387, 0.000194904627278, 0.000328275142238, 0.000455019791843, 0.00028880283935, 0.000425098143751, 0.000254534737905, 8.81089581526e-05, 0.000114178961667, 0.000302245869534, 0.000546017021406, 0.000270494347205, 0.000861509761307, 0.000416240451159, 0.00047309754882, 0.000337478792062, 0.000256219820585, 0.00147241109516, 0.000274647609331, 0.000457817455754, 0.000131275417516, 0.000151310727233, 0.00024367516744, 0.000143274693983, 0.00014920780086, 0.000228468008572, 0.000183705749805, 0.000533021404408, 0.00082024151925, 0.000508572964463, 0.000278140854789, 0.000431000808021, 0.00081830722047, 0.000401665573008, 6.76898707752e-05, 9.75926304818e-05, 5.33846905455e-05, 4.48386090284e-05, 1.92451298062e-05, 1.12664229164e-05, 9.20137790672e-06, 9.72573889158e-06, 1.44684008774e-05, 6.31274724583e-06, 5.70611973671e-06, 1.34440406327e-05, 2.52462723438e-06, 3.644388471e-06, 4.35063657278e-06, 2.91039782496e-07, 7.46891331005e-08, 1.48147769607e-08, 1.43300393773e-08, 1.38787283888e-08, 1.35056579254e-08, 1.31538024917e-08, 1.28757706719e-08, 1.26298260739e-08, 1.24154420078e-08, 1.2255792825e-08, 1.21307044409e-08, 1.20599068509e-08],
        "mean": [4.27043232776e-05, 9.44094354054e-05, 0.000159345712746, 0.000208608849789, 0.000306597183226, 0.000365391606465, 0.000395045412006, 0.000600017141551, 0.00086693384219, 0.00101838505361, 0.000988462707028, 0.00067793764174, 0.0004903927329, 0.000434397428762, 0.000326862791553, 0.00037209916627, 0.000447745493148, 0.000639819714706, 0.000964206294157, 0.000483784766402, 0.000412786204834, 0.000406975712394, 0.000946016283706, 0.000963043479715, 0.000541769259144, 0.000753542350139, 0.000205536751309, 0.000201988310437, 0.000146543417941, 8.08636905276e-05, 0.000162951298989, 0.000175492808921, 7.93169965618e-05, 0.000120228352898, 7.06381979398e-05, 8.95279517863e-05, 7.89826372056e-05, 4.03862977691e-05, 2.91766482405e-05, 2.73407094937e-05, 3.77392170776e-05, 2.48710639426e-05, 4.9887032219e-05, 7.31822947273e-05, 6.09652197454e-05, 3.66498752555e-05, 6.0997557739e-05, 0.0001059087881, 8.17342443042e-05, 3.61514430551e-05, 3.8209320337e-05, 3.4574601159e-05, 2.03000690817e-05, 2.30292225751e-05, 2.94565670629e-05, 3.94196467823e-05, 2.9997967431e-05, 2.02743922273e-05, 2.34789276874e-05, 4.11467881349e-05, 2.08470373764e-05, 2.05106061912e-05, 3.41585655406e-05, 1.41506588989e-05, 1.0001865121e-05, 6.23604182692e-06, 5.44798785995e-06, 7.4164236139e-06, 1.11598765216e-05, 1.15645443657e-05, 1.14478743853e-05, 9.49036530073e-06, 6.9967500167e-06, 3.57810381502e-06, 2.63991773863e-06, 3.71432588508e-06, 3.22947335007e-06, 2.59516582446e-06, 3.26397685058e-06, 3.52490678779e-06, 3.59064756594e-06, 3.12922861667e-06, 2.45465753324e-06, 5.48829711988e-06, 3.05090793518e-06, 2.34417416323e-06, 1.51552865191e-06, 1.21660946206e-06, 1.454713356e-06, 1.38975917707e-06, 1.42368480738e-06, 1.48379331222e-06, 1.77763558895e-06, 2.67597806669e-06, 2.47323077929e-06, 2.46340846388e-06, 1.66243444255e-06, 2.52273525803e-06, 3.22368964589e-06, 2.13639600588e-06, 4.69789455337e-07, 3.63246243751e-07, 2.9511531352e-07, 2.65060862148e-07, 2.2902062824e-07, 1.83028532774e-07, 1.80175973696e-07, 1.79321588689e-07, 2.19042078697e-07, 1.54692457954e-07, 1.40293764161e-07, 1.07264227722e-07, 4.63814124885e-08, 4.81642636885e-08, 3.10654861835e-08, 5.37122657462e-09, 1.19675191979e-09, 1.16052159202e-11, 1.07067211e-11, 1.03827658277e-11, 1.01057036003e-11, 9.85475763493e-12, 9.65163539368e-12, 9.46681361774e-12, 9.29076000161e-12, 9.1298670013e-12, 9.01772493483e-12, 8.96239853165e-12],
        "min": [5.03986399281e-08, 2.96768945418e-07, 2.75356882184e-07, 4.83191513467e-08, 6.35270680505e-08, 1.20468328646e-07, 5.5989413994e-08, 3.5366774398e-08, 4.62534543999e-08, 3.03340961239e-08, 2.9091635767e-09, 1.04988586713e-08, 8.59248050489e-09, 1.36415287955e-08, 7.19886639189e-09, 2.24205787269e-09, 2.39983428685e-08, 4.81630735294e-08, 5.21206722226e-08, 6.16888229388e-08, 1.76709384903e-08, 1.86137789626e-08, 2.03673238275e-08, 8.74875993873e-09, 9.82649872583e-09, 1.03095096904e-08, 1.68632467989e-08, 3.30818359373e-08, 1.9733533918e-08, 1.8710837324e-08, 2.4593951764e-08, 5.15550162561e-08, 5.02110566458e-08, 4.19308250343e-08, 6.05188503755e-08, 3.90033427777e-08, 3.57094975811e-08, 3.09612318006e-08, 2.69184070589e-08, 2.84526091576e-08, 9.36675235153e-08, 4.9081975817e-08, 3.13589652023e-08, 1.8407730451e-08, 9.40806543781e-09, 1.47243994775e-08, 1.64039573036e-08, 7.01242015566e-08, 7.77989583867e-09, 6.94227697551e-09, 2.25163994116e-08, 4.09093026121e-08, 8.6147721845e-08, 6.6567700685e-08, 1.49726027132e-08, 2.71678732844e-08, 3.25025872883e-08, 1.97998009099e-08, 1.65495670501e-08, 2.31562076181e-08, 2.03906918017e-08, 1.8323795814e-08, 1.96318516998e-08, 1.90881461748e-08, 2.24923351055e-08, 1.44951348702e-08, 1.44560896587e-08, 1.01515631457e-08, 6.66992061582e-09, 3.70301278529e-09, 7.10921677083e-09, 1.1436911862e-08, 6.26124885272e-09, 9.39720390392e-09, 1.33890800669e-08, 7.27115301302e-09, 7.1121113443e-09, 1.43517064899e-09, 3.56417717562e-09, 4.51020953918e-09, 4.40672387469e-09, 4.40548930669e-09, 3.7020371213e-09, 4.19952650432e-09, 6.27208063264e-10, 2.92903235e-09, 5.98015370556e-09, 8.98668583993e-10, 1.05395814298e-09, 2.43808861988e-09, 2.50411202884e-09, 6.14241879582e-10, 5.63770863327e-10, 4.75482743456e-11, 1.77489897779e-10, 6.98046842551e-10, 1.47881998314e-10, 6.28415319781e-10, 6.89649115593e-10, 2.83937821172e-11, 3.19296256102e-11, 1.42951830928e-11, 1.31117089408e-10, 2.31853869437e-10, 1.22596044427e-10, 3.84947518306e-10, 1.37074837592e-10, 2.48314823564e-11, 6.22822279861e-11, 2.81049033872e-12, 1.01212563179e-13, 1.11327166561e-13, 6.11222498396e-14, 6.42352111172e-14, 4.49420977321e-14, 5.6374315074e-14, 3.75132460902e-14, 5.16622707884e-14, 5.52654405258e-14, 5.84407739215e-14, 5.46516702878e-14, 4.7158420425e-14, 5.36290338581e-14, 4.9463081878e-14, 3.18538361107e-14, 1.44139850744e-14, 2.22972741277e-15, 8.59211428151e-17],
        "stdev": [4.87066754431e-05, 0.000292985205306, 0.000570227042772, 0.00096116180066, 0.00105592492037, 0.000828873889986, 0.000640782236587, 0.00116652343422, 0.00162513100076, 0.00160987651907, 0.0017330404371, 0.00175279972609, 0.00112221937161, 0.00113499816507, 0.000637855206151, 0.000823743001092, 0.000979480450042, 0.00112928322051, 0.00157807033975, 0.00089400226716, 0.000908530957531, 0.00105011533014, 0.00139434379525, 0.00150992302224, 0.000865161884576, 0.00138389598578, 0.000603134685662, 0.00067017955007, 0.000483453128254, 0.000242780442932, 0.00042975024553, 0.000397628115024, 0.000243643808062, 0.00046797664254, 0.000279878557194, 0.000358647055691, 0.000284862646367, 8.08100885479e-05, 9.09950686037e-05, 6.95840280969e-05, 6.16138713667e-05, 7.45770958019e-05, 0.00013932758884, 0.000212695071241, 0.00020468479488, 9.77494855761e-05, 0.000160414798302, 0.000296100071864, 0.000233748345636, 0.00010810160893, 8.0554120359e-05, 7.09388114046e-05, 5.87280155742e-05, 6.00143357588e-05, 9.49567111093e-05, 0.000108409760287, 7.83716677688e-05, 4.497530972e-05, 3.71588503185e-05, 0.000129012056277, 3.70218622265e-05, 3.38170902978e-05, 5.94924786128e-05, 2.4769187803e-05, 2.09256140806e-05, 1.26334398374e-05, 1.0279777598e-05, 1.30300486489e-05, 2.06993463507e-05, 2.23191345867e-05, 2.14890842472e-05, 2.07587199839e-05, 1.50511068568e-05, 6.84054884914e-06, 6.11359746472e-06, 1.34566480483e-05, 2.05363176065e-05, 9.12123505259e-06, 2.55881441262e-05, 1.82861149369e-05, 1.75504992512e-05, 1.33902394737e-05, 1.0675291378e-05, 3.94828202843e-05, 1.20586164485e-05, 1.41043674375e-05, 5.71536656935e-06, 6.04700335316e-06, 8.84817472979e-06, 6.35725109532e-06, 6.70198141961e-06, 8.60491581989e-06, 1.00813740573e-05, 1.93943269551e-05, 2.41986654146e-05, 2.28186599998e-05, 1.21647362903e-05, 1.79874768946e-05, 2.96507187159e-05, 1.927555968e-05, 3.40948599842e-06, 2.70184568762e-06, 1.88226499631e-06, 1.39747282901e-06, 9.8791599612e-07, 6.38203573544e-07, 5.68417306113e-07, 6.45847080705e-07, 8.0074272546e-07, 5.08513380737e-07, 4.15349120431e-07, 4.26882735383e-07, 1.60408333727e-07, 2.04389024816e-07, 1.59994272053e-07, 1.86201933872e-08, 4.51167858628e-09, 3.23100074473e-10, 3.125298631e-10, 3.02688901721e-10, 2.94552049418e-10, 2.8687788256e-10, 2.80815121156e-10, 2.75451106369e-10, 2.70773792277e-10, 2.67294048006e-10, 2.64567090458e-10, 2.63023158809e-10]
    },
    "mfcc": {
        "mean": [-636.372375488, 129.511001587, -23.9052448273, 16.6688175201, -12.8165054321, -16.2543640137, -15.1663236618, -0.583656728268, -3.43938565254, 4.49272489548, -3.41045665741, -2.73541927338, -7.74235868454],
        "cov": [[2430.14331055, -279.50491333, 243.967422485, -40.8310432434, -9.10869121552, -128.501571655, -27.6199131012, -97.9076385498, -68.9749298096, 52.9664268494, -105.309791565, -114.27709198, -103.501556396], [-279.50491333, 1134.9276123, -292.876281738, 122.494026184, -96.7579650879, -140.088623047, 7.15551042557, -10.6022720337, -19.5499019623, 7.71519184113, -76.6576690674, -4.65092897415, -44.2409629822], [243.967422485, -292.876281738, 583.794433594, -50.5880088806, 4.28056192398, -11.0114355087, -57.0234909058, -20.7173576355, -25.2134037018, -83.6285476685, 6.34444189072, 22.9199943542, 7.37502145767], [-40.8310432434, 122.494026184, -50.5880088806, 357.31237793, 66.6993713379, 6.06718444824, -49.793170929, 1.33547377586, 69.4134902954, 4.29378509521, -17.6339759827, 8.31297969818, 20.9262924194], [-9.10869121552, -96.7579650879, 4.28056192398, 66.6993713379, 203.154129028, 18.7625656128, -30.1881999969, -4.44329595566, 36.4717979431, 31.0696773529, -8.3748254776, -13.9775371552, 0.435726165771], [-128.501571655, -140.088623047, -11.0114355087, 6.06718444824, 18.7625656128, 166.924438477, 53.5028762817, 34.4289703369, 30.1294307709, 6.90770673752, 26.7738037109, -8.4622592926, 7.67266321182], [-27.6199131012, 7.15551042557, -57.0234909058, -49.793170929, -30.1881999969, 53.5028762817, 148.54473877, 40.1205444336, -8.72362709045, 4.31957054138, -5.02212667465, -0.783610403538, 2.5908203125], [-97.9076385498, -10.6022720337, -20.7173576355, 1.33547377586, -4.44329595566, 34.4289703369, 40.1205444336, 100.45349884, 24.1665287018, -3.42884135246, 14.0240354538, 0.997867584229, 9.47593975067], [-68.9749298096, -19.5499019623, -25.2134037018, 69.4134902954, 36.4717979431, 30.1294307709, -8.72362709045, 24.1665287018, 126.301353455, 48.2723464966, 26.8610916138, 5.60058021545, 20.6534671783], [52.9664268494, 7.71519184113, -83.6285476685, 4.29378509521, 31.0696773529, 6.90770673752, 4.31957054138, -3.42884135246, 48.2723464966, 137.226226807, 28.5106163025, -7.79483413696, -14.4549722672], [-105.309791565, -76.6576690674, 6.34444189072, -17.6339759827, -8.3748254776, 26.7738037109, -5.02212667465, 14.0240354538, 26.8610916138, 28.5106163025, 112.38608551, 17.5885028839, 4.49454975128], [-114.27709198, -4.65092897415, 22.9199943542, 8.31297969818, -13.9775371552, -8.4622592926, -0.783610403538, 0.997867584229, 5.60058021545, -7.79483413696, 17.5885028839, 99.441116333, 37.0699272156], [-103.501556396, -44.2409629822, 7.37502145767, 20.9262924194, 0.435726165771, 7.67266321182, 2.5908203125, 9.47593975067, 20.6534671783, -14.4549722672, 4.49454975128, 37.0699272156, 93.0592269897]],
        "icov": [[0.0005833535688, 0.000257277133642, -0.000237638290855, -0.000173132139025, 0.000245078321313, 0.000567228416912, -0.000251357327215, 0.000297880207654, 0.00012120485917, -0.000531126686838, 0.000549372751266, 0.000530854158569, 0.000410241424106], [0.000257277133642, 0.00147663336247, 0.000521406240296, -0.000626685738098, 0.000797529006377, 0.00134646822698, -0.000351450464223, 3.66840831703e-05, -4.03741105401e-05, -0.000145102079841, 0.000845543458126, 2.01289567485e-05, 0.000916614371818], [-0.000237638290855, 0.000521406240296, 0.0024366795551, 0.000287236063741, -5.71646341996e-05, 9.74012291408e-05, 0.000806055555586, 9.93079083855e-05, -0.000301775638945, 0.00166337157134, -0.000206289711059, -0.000766463985201, 0.000326190929627], [-0.000173132139025, -0.000626685738098, 0.000287236063741, 0.00389868835919, -0.00109816447366, -0.000864730158355, 0.00139918166678, -4.66599340143e-05, -0.00198913668282, 0.000895144359674, 0.000553808698896, -0.000536266597919, -0.000580335734412], [0.000245078321313, 0.000797529006377, -5.71646341996e-05, -0.00109816447366, 0.00633520446718, -0.000200185095309, 0.000997097813524, 0.000130466112751, -0.000714447582141, -0.00158637238201, 0.00158548203763, 0.000803493137937, 0.000364508479834], [0.000567228416912, 0.00134646822698, 9.74012291408e-05, -0.000864730158355, -0.000200185095309, 0.00934259966016, -0.00356631074101, -0.000655736890621, -0.00134844449349, 0.000306778441882, -0.00103395723272, 0.00155778205954, 0.000630761380307], [-0.000251357327215, -0.000351450464223, 0.000806055555586, 0.00139918166678, 0.000997097813524, -0.00356631074101, 0.0100139901042, -0.00332577433437, 0.00117300706916, -0.000723045843188, 0.00154246890452, -0.000834471371491, -0.000590665731579], [0.000297880207654, 3.66840831703e-05, 9.93079083855e-05, -4.66599340143e-05, 0.000130466112751, -0.000655736890621, -0.00332577433437, 0.0126964338124, -0.00268924236298, 0.00157162209507, -0.00113002024591, 0.000670782581437, -0.000167084173881], [0.00012120485917, -4.03741105401e-05, -0.000301775638945, -0.00198913668282, -0.000714447582141, -0.00134844449349, 0.00117300706916, -0.00268924236298, 0.0125226872042, -0.0044128340669, -0.00137828686275, 0.000355021940777, -0.00259704585187], [-0.000531126686838, -0.000145102079841, 0.00166337157134, 0.000895144359674, -0.00158637238201, 0.000306778441882, -0.000723045843188, 0.00157162209507, -0.0044128340669, 0.0111937271431, -0.00277137150988, -0.000366183376173, 0.00184723816346], [0.000549372751266, 0.000845543458126, -0.000206289711059, 0.000553808698896, 0.00158548203763, -0.00103395723272, 0.00154246890452, -0.00113002024591, -0.00137828686275, -0.00277137150988, 0.0119369532913, -0.00182298873551, 0.00107982917689], [0.000530854158569, 2.01289567485e-05, -0.000766463985201, -0.000536266597919, 0.000803493137937, 0.00155778205954, -0.000834471371491, 0.000670782581437, 0.000355021940777, -0.000366183376173, -0.00182298873551, 0.0131381824613, -0.00467713735998], [0.000410241424106, 0.000916614371818, 0.000326190929627, -0.000580335734412, 0.000364508479834, 0.000630761380307, -0.000590665731579, -0.000167084173881, -0.00259704585187, 0.00184723816346, 0.00107982917689, -0.00467713735998, 0.0143965715542]]
    },
    "spectral_contrast_coeffs": {
        "max": [-0.362242609262, -0.501382827759, -0.533656895161, -0.617872059345, -0.63653331995, -0.524152159691],
        "mean": [-0.621430873871, -0.713186740875, -0.725192725658, -0.774277508259, -0.774464428425, -0.740310311317],
        "min": [-0.975555956364, -0.936627030373, -0.936250627041, -0.931080281734, -0.895291090012, -0.839609324932],
        "stdev": [0.0923512503505, 0.0658802688122, 0.0640788897872, 0.0465266481042, 0.0349217094481, 0.0370683073997]
    },
    "spectral_contrast_valleys": {
        "max": [-5.35019779205, -4.77462720871, -5.72827720642, -5.64804172516, -5.7806096077, -7.42109870911],
        "mean": [-7.51165103912, -6.24040460587, -7.3067855835, -7.45269775391, -7.35481595993, -10.7334089279],
        "min": [-10.3431425095, -10.042886734, -9.95858860016, -9.91124248505, -9.70676994324, -12.782201767],
        "stdev": [0.681490361691, 0.656107187271, 0.539786815643, 0.504549741745, 0.531489908695, 0.902052223682]
    }
},
"rhythm": {
    "beats_count": 102,
    "beats_loudness": {
        "max": 0.0622354894876,
        "mean": 0.0308504812419,
        "min": 0.000229399156524,
        "stdev": 0.013592264615
    },
    "bpm": 126.975296021,
    "bpm_histogram_first_peak_bpm": 126,
    "bpm_histogram_first_peak_weight": 0.47000002861,
    "bpm_histogram_second_peak_bpm": 133,
    "bpm_histogram_second_peak_spread": 0,
    "bpm_histogram_second_peak_weight": 0.00990098994225,
    "danceability": 1.02709114552,
    "onset_rate": 3.5888671875,
    "beats_loudness_band_ratio": {
        "max": [0.740749776363, 0.771559178829, 0.777033805847, 0.561198472977, 0.54337066412, 0.540318906307],
        "mean": [0.132726609707, 0.200656890869, 0.389221012592, 0.117406874895, 0.127984464169, 0.0864662826061],
        "min": [0.00455814739689, 0.00426601897925, 0.0273963902146, 0.00981242768466, 0.00996312778443, 0.00606608903036],
        "stdev": [0.162834510207, 0.155349239707, 0.192435100675, 0.116764046252, 0.099382147193, 0.107537433505]
    },
