{
"metadata": {
    "version": {
        "essentia": "2.1-beta5",
        "essentia_git_sha": "Undefined",
        "extractor": "music 2.0"
    },
    "audio_properties": {
        "analysis": {
            "equal_loudness": 0,
            "length": 12.7477550507,
            "sample_rate": 44100,
            "start_time": 0,
            "downmix": "mix"
        },
        "bit_rate": 192000,
        "length": 173.197647095,
        "lossless": 0,
        "number_channels": 2,
        "replay_gain": 1.9843082428,
        "sample_rate": 44100,
        "codec": "mp3",
        "md5_encoded": "b9b8fce774a4c1b141ea1cac752a2629"
    },
    "tags": {
        "file_name": "Yugoslavia_Brazil_Baby Doll.mp3",
        "encoding": ["Lavf58.29.100"]
    }
},
"lowlevel": {
    "average_loudness": 0.906297683716,
    "barkbands_crest": {
        "max": 22.204454422,
        "mean": 8.6804523468,
        "min": 2.29703474045,
        "stdev": 3.35736203194
    },
    "barkbands_flatness_db": {
        "max": 0.219477415085,
        "mean": 0.134567007422,
        "min": 0.0379129685462,
        "stdev": 0.0374748781323
    },
    "barkbands_kurtosis": {
        "max": 26.4174137115,
        "mean": 3.952242136,
        "min": -1.70408165455,
        "stdev": 4.55497455597
    },
    "barkbands_skewness": {
        "max": 4.46707677841,
        "mean": 1.56099677086,
        "min": -1.91348409653,
        "stdev": 1.14952862263
    },
    "barkbands_spread": {
        "max": 51.8137626648,
        "mean": 19.1168117523,
        "min": 3.14918351173,
        "stdev": 10.0217132568
    },
    "dissonance": {
        "max": 0.499816298485,
        "mean": 0.471264600754,
        "min": 0.375779956579,
        "stdev": 0.0206490717828
    },
    "dynamic_complexity": 3.96817350388,
    "erbbands_crest": {
        "max": 18.6636714935,
        "mean": 7.47749996185,
        "min": 2.63334679604,
        "stdev": 2.84519577026
    },
    "erbbands_flatness_db": {
        "max": 0.305216640234,
        "mean": 0.17390447855,
        "min": 0.0940371379256,
        "stdev": 0.0318049937487
    },
    "erbbands_kurtosis": {
        "max": 12.7723846436,
        "mean": -0.129524737597,
        "min": -1.66795682907,
        "stdev": 1.24589323997
    },
    "erbbands_skewness": {
        "max": 3.2034072876,
        "mean": 0.411411613226,
        "min": -1.48137760162,
        "stdev": 0.648831069469
    },
    "erbbands_spread": {
        "max": 90.7600021362,
        "mean": 43.1429595947,
        "min": 7.18275499344,
        "stdev": 18.8150539398
    },
    "hfc": {
        "max": 86.0676956177,
        "mean": 16.6452121735,
        "min": 1.12600285139e-16,
        "stdev": 15.3844594955
    },
    "loudness_ebu128": {
        "integrated": -26.0040988922,
        "loudness_range": 6.56966209412,
        "momentary": {
            "max": -22.0440731049,
            "mean": -27.9234409332,
            "min": -42.0961608887,
            "stdev": 4.68841934204
        },
        "short_term": {
            "max": -24.0585002899,
            "mean": -27.0383892059,
            "min": -31.3392963409,
            "stdev": 2.01531147957
        }
    },
    "melbands_crest": {
        "max": 27.564163208,
        "mean": 11.4324684143,
        "min": 2.06180000305,
        "stdev": 4.5635266304
    },
    "melbands_flatness_db": {
        "max": 0.299046784639,
        "mean": 0.184888362885,
        "min": 0.00429427763447,
        "stdev": 0.052872043103
    },
    "melbands_kurtosis": {
        "max": 60.5589675903,
        "mean": 12.4567041397,
        "min": -1.29157793522,
        "stdev": 10.9694280624
    },
    "melbands_skewness": {
        "max": 6.42734575272,
        "mean": 2.56684017181,
        "min": -0.801146924496,
        "stdev": 1.48969340324
    },
    "melbands_spread": {
        "max": 139.350494385,
        "mean": 22.0554676056,
        "min": 3.98789215088,
        "stdev": 14.8863534927
    },
    "pitch_salience": {
        "max": 0.916548013687,
        "mean": 0.653924882412,
        "min": 0.27944663167,
        "stdev": 0.0996277704835
    },
    "silence_rate_20dB": {
        "max": 1,
        "mean": 1,
        "min": 1,
        "stdev": 0
    },
    "silence_rate_30dB": {
        "max": 1,
        "mean": 1,
        "min": 1,
        "stdev": 0
    },
    "silence_rate_60dB": {
        "max": 1,
        "mean": 0.178181812167,
        "min": 0,
        "stdev": 0.382662981749
    },
    "spectral_centroid": {
        "max": 10857.2167969,
        "mean": 1399.81555176,
        "min": 368.378753662,
        "stdev": 755.429748535
    },
    "spectral_complexity": {
        "max": 52,
        "mean": 18.5254554749,
        "min": 0,
        "stdev": 11.032289505
    },
    "spectral_decrease": {
        "max": 3.32493410763e-30,
        "mean": -6.06367667189e-09,
        "min": -2.6994412039e-08,
        "stdev": 4.89058260555e-09
    },
    "spectral_energy": {
        "max": 0.104927867651,
        "mean": 0.0243954788893,
        "min": 1.02006442956e-20,
        "stdev": 0.0194558911026
    },
    "spectral_energyband_high": {
        "max": 0.00491463951766,
        "mean": 0.000701191020198,
        "min": 7.56070140958e-21,
        "stdev": 0.000752471736632
    },
    "spectral_energyband_low": {
        "max": 0.0631474852562,
        "mean": 0.0050670998171,
        "min": 2.56993070442e-23,
        "stdev": 0.00841265451163
    },
    "spectral_energyband_middle_high": {
        "max": 0.0465335249901,
        "mean": 0.00411436054856,
        "min": 1.4266519936e-21,
        "stdev": 0.00693664792925
    },
    "spectral_energyband_middle_low": {
        "max": 0.0733212456107,
        "mean": 0.0152924759313,
        "min": 2.31251583005e-22,
        "stdev": 0.0129851810634
    },
    "spectral_entropy": {
        "max": 9.80638885498,
        "mean": 7.52822637558,
        "min": 6.67472505569,
        "stdev": 0.329163968563
    },
    "spectral_flux": {
        "max": 0.238107815385,
        "mean": 0.078939974308,
        "min": 1.00998237551e-10,
        "stdev": 0.0427578352392
    },
    "spectral_kurtosis": {
        "max": 21.897190094,
        "mean": 3.36360883713,
        "min": -1.20989489555,
        "stdev": 2.72208666801
    },
    "spectral_rms": {
        "max": 0.010117739439,
        "mean": 0.00436559831724,
        "min": 3.1546549227e-12,
        "stdev": 0.00217761169188
    },
    "spectral_rolloff": {
        "max": 18755.4199219,
        "mean": 1499.7689209,
        "min": 258.3984375,
        "stdev": 1505.61254883
    },
    "spectral_skewness": {
        "max": 3.63623952866,
        "mean": 1.18775236607,
        "min": 0.0247092247009,
        "stdev": 0.483078956604
    },
    "spectral_spread": {
        "max": 41848220,
        "mean": 3656607,
        "min": 1743391.375,
        "stdev": 1761614
    },
    "spectral_strongpeak": {
        "max": 6.29428863525,
        "mean": 0.764790534973,
        "min": 0,
        "stdev": 0.912359178066
    },
    "zerocrossingrate": {
        "max": 0.51025390625,
        "mean": 0.0612500011921,
        "min": 0.0166015625,
        "stdev": 0.0347474403679
    },
    "barkbands": {
        "max": [0.000232607795624, 0.0376293994486, 0.0324488580227, 0.0262562669814, 0.0516634620726, 0.0409073233604, 0.0228321067989, 0.039108555764, 0.0194775704294, 0.00868878234178, 0.0270889215171, 0.0130383614451, 0.0107180299237, 0.00707097817212, 0.012017483823, 0.00788937602192, 0.00958424527198, 0.00217110384256, 0.00301295192912, 0.00516698369756, 0.00190731720068, 0.00190235464834, 0.000341068895068, 0.000153287241119, 6.12910207565e-06, 1.97020949599e-06, 2.06033291761e-06],
        "mean": [8.75852765603e-06, 0.00181587971747, 0.00250542187132, 0.0020366795361, 0.005784756504, 0.00291537842713, 0.000884121225681, 0.00245762616396, 0.00111670477781, 0.000304390036035, 0.000598470796831, 0.000514116196427, 0.000472228421131, 0.000377041928004, 0.000667436805088, 0.000384583399864, 0.00027266307734, 0.000206033524591, 0.000236231164308, 0.000321069004713, 0.000209445846849, 0.000252578727668, 3.31823066517e-05, 1.86330598808e-05, 1.1784278513e-06, 5.7810365206e-07, 3.1097542319e-07],
        "min": [2.11061139364e-23, 1.21927729906e-23, 6.00718999275e-24, 3.50813623186e-24, 1.27773362763e-23, 5.67692580172e-23, 4.92182688106e-23, 4.13761015776e-23, 5.33385334948e-23, 1.51120202969e-22, 8.83956888277e-23, 1.21602959027e-22, 8.27622122224e-23, 1.03893605995e-22, 1.60158352754e-22, 9.27181922044e-23, 2.26191816537e-22, 1.63875301256e-22, 1.85400311377e-22, 2.75156577007e-22, 5.49829386642e-22, 4.51395297645e-22, 6.20747148984e-22, 6.48260093004e-22, 1.4036132162e-21, 1.7840559154e-21, 2.0114489967e-21],
        "stdev": [1.9199676899e-05, 0.00435360241681, 0.00407859589905, 0.00290009845048, 0.00656974082813, 0.0042110667564, 0.00183654215652, 0.0035607398022, 0.00221105897799, 0.000593342003413, 0.00229624798521, 0.00116526626516, 0.00116254785098, 0.000825011287816, 0.00146244012285, 0.000859046645928, 0.000654999515973, 0.000280896347249, 0.000387443520594, 0.000540315813851, 0.000291941221803, 0.000267028342932, 4.51006890216e-05, 2.03304916795e-05, 7.66217738146e-07, 1.20220576605e-07, 1.38643443393e-07]
    },
    "erbbands": {
        "max": [0.327817499638, 10.6703138351, 36.6581687927, 43.5365600586, 96.739112854, 213.287796021, 181.086517334, 470.643341064, 255.924865723, 903.705627441, 490.194610596, 563.647338867, 442.128265381, 324.102203369, 1158.03967285, 315.957824707, 416.692810059, 379.329437256, 592.172119141, 710.496154785, 309.216400146, 349.94342041, 107.667854309, 134.633132935, 181.995239258, 257.904632568, 92.5840606689, 66.4161834717, 81.9417114258, 19.5965309143, 7.50977611542, 4.0080499649, 2.39256238937, 0.125990182161, 0.0172719340771, 0.00928961485624, 0.00359386997297, 0.00144235196058, 0.000281034008367, 0.000117611554742],
        "mean": [0.0197312589735, 0.540693283081, 2.85401916504, 4.50995349884, 12.0214662552, 22.2113170624, 19.9593772888, 27.1292324066, 14.2439107895, 29.6883182526, 48.3569602966, 27.1848964691, 15.1276721954, 13.2867918015, 27.9495429993, 18.4135456085, 21.6831741333, 18.3450222015, 30.0017337799, 34.0885848999, 18.4697475433, 14.9844903946, 10.1962413788, 11.9435186386, 14.2202196121, 15.7689876556, 9.79590415955, 8.24333381653, 10.2845077515, 3.11740994453, 0.81168872118, 0.412612050772, 0.251882523298, 0.0221667066216, 0.00668863020837, 0.00330781959929, 0.00105008843821, 0.000560370041057, 2.77122890111e-05, 2.92355234706e-05],
        "min": [3.39021619934e-22, 2.92996965515e-21, 8.66333639729e-21, 7.44993675568e-21, 4.1468283092e-20, 3.22441917486e-20, 9.19727001202e-20, 6.27656945686e-19, 8.22686902177e-19, 8.70637063021e-19, 7.5936819084e-19, 8.50192983989e-19, 2.47153295225e-18, 4.82842818417e-18, 4.86536593443e-18, 5.07385267192e-18, 4.49919789267e-18, 5.6955152982e-18, 4.9671376875e-18, 8.24037657098e-18, 5.30915040101e-18, 1.27679107763e-17, 8.13096208263e-18, 1.11907685157e-17, 7.74225915944e-18, 1.27061137671e-17, 1.65458175146e-17, 2.46632055634e-17, 1.70092835031e-17, 1.74302075927e-17, 1.85432055766e-17, 1.10559000256e-17, 1.25151367888e-17, 1.44422012639e-17, 1.07238498754e-17, 5.90733226483e-18, 3.76956172667e-18, 1.17322717572e-18, 2.64105870741e-19, 3.17295109242e-20],
        "stdev": [0.042750749737, 1.25864315033, 5.02134895325, 5.8330116272, 14.7324380875, 27.5927352905, 23.528553009, 45.1452026367, 21.5813350677, 58.1929512024, 63.4995918274, 52.7259674072, 32.4798355103, 30.2644042969, 87.0659179688, 37.537021637, 49.20337677, 38.9449501038, 73.9441604614, 74.3311386108, 34.0021514893, 31.0609436035, 13.9241695404, 16.3746871948, 23.6515979767, 27.5977878571, 13.7852506638, 9.7205247879, 11.3351955414, 3.47888588905, 0.986968994141, 0.471376568079, 0.296401768923, 0.0169809591025, 0.00215308112092, 0.000724247831386, 0.00023105290893, 0.000191530532902, 1.66489571711e-05, 2.2657086447e-05]
    },
    "gfcc": {
        "mean": [-28.5769882202, 108.187553406, -141.847869873, 39.6178283691, -68.077507019, -5.88585710526, -31.4480285645, -12.846745491, -17.1357154846, -1.81842339039, -20.6006660461, -6.18595504761, -14.1248273849],
        "cov": [[9102.92285156, 1857.14624023, -272.499328613, 844.438903809, -635.084594727, -287.366577148, -81.2477416992, -626.257446289, 236.204711914, -324.675292969, 109.829078674, -350.650817871, 35.5393676758], [1857.14624023, 768.223449707, 318.474304199, 223.133560181, -103.434921265, -87.4126358032, -37.1428451538, -187.095245361, 94.4942626953, -75.1125411987, 65.3280029297, -110.446105957, 20.9728279114], [-272.499328613, 318.474304199, 761.707824707, 307.550292969, -78.8719558716, -33.0412483215, -40.1440200806, -94.3966751099, 18.0150928497, 2.14291334152, 12.9180593491, -56.4787521362, -16.7767982483], [844.438903809, 223.133560181, 307.550292969, 468.258117676, -120.882545471, -76.9715042114, 11.1728858948, -138.307418823, 36.1636505127, -52.8599967957, 20.4830493927, -70.9327545166, -17.4965419769], [-635.084594727, -103.434921265, -78.8719558716, -120.882545471, 242.561737061, 114.030563354, 35.0795173645, 98.742149353, -22.9779262543, 39.8842506409, 2.25649094582, 36.2121009827, 6.95502567291], [-287.366577148, -87.4126358032, -33.0412483215, -76.9715042114, 114.030563354, 205.120071411, 64.7419052124, 52.702167511, 2.43965578079, 26.6882858276, -4.65206861496, 11.7160758972, -0.809489130974], [-81.2477416992, -37.1428451538, -40.1440200806, 11.1728858948, 35.0795173645, 64.7419052124, 107.97379303, 50.0178718567, 13.0809688568, -1.71417784691, -2.06476092339, 11.8718280792, -2.82989168167], [-626.257446289, -187.095245361, -94.3966751099, -138.307418823, 98.742149353, 52.702167511, 50.0178718567, 171.169158936, -0.0397701710463, 49.7680206299, -4.36995220184, 48.4810371399, -0.815318286419], [236.204711914, 94.4942626953, 18.0150928497, 36.1636505127, -22.9779262543, 2.43965578079, 13.0809688568, -0.0397701710463, 95.8938064575, 20.5990333557, 29.0973339081, -17.3928108215, 3.44923949242], [-324.675292969, -75.1125411987, 2.14291334152, -52.8599967957, 39.8842506409, 26.6882858276, -1.71417784691, 49.7680206299, 20.5990333557, 91.1455230713, 15.3949604034, 21.8130187988, -2.23442816734], [109.829078674, 65.3280029297, 12.9180593491, 20.4830493927, 2.25649094582, -4.65206861496, -2.06476092339, -4.36995220184, 29.0973339081, 15.3949604034, 54.7449684143, -4.62958478928, 15.2584810257], [-350.650817871, -110.446105957, -56.4787521362, -70.9327545166, 36.2121009827, 11.7160758972, 11.8718280792, 48.4810371399, -17.3928108215, 21.8130187988, -4.62958478928, 80.4443817139, 14.824587822], [35.5393676758, 20.9728279114, -16.7767982483, -17.4965419769, 6.95502567291, -0.809489130974, -2.82989168167, -0.815318286419, 3.44923949242, -2.23442816734, 15.2584810257, 14.824587822, 48.7531509399]],
        "icov": [[0.00199819565751, -0.00694010173902, 0.00564921181649, -0.00504912203178, 0.00474877422675, -0.00380692095496, 0.00362634495832, -0.00316570675932, 0.00293395482004, -0.00202070432715, 0.00325149507262, -0.000107223037048, -0.000207459554076], [-0.00694010173902, 0.027433661744, -0.0209250357002, 0.018500553444, -0.0175967924297, 0.0145679572597, -0.0137380147353, 0.0139448884875, -0.0131383799016, 0.00938262697309, -0.0136453174055, 0.00232374365442, -0.000192035397049], [0.00564921181649, -0.0209250357002, 0.0184549633414, -0.0161867812276, 0.0140770431608, -0.0118905128911, 0.0119342608377, -0.0104017779231, 0.00974228419363, -0.00749385822564, 0.0103192105889, -0.000730033847503, -0.000302139669657], [-0.00504912203178, 0.018500553444, -0.0161867812276, 0.017812455073, -0.0123096788302, 0.0116984788328, -0.0129374861717, 0.0118237659335, -0.00901735667139, 0.00661191437393, -0.0101836221293, 0.00174203026108, 0.00153997528832], [0.00474877422675, -0.0175967924297, 0.0140770431608, -0.0123096788302, 0.0190434288234, -0.0130228884518, 0.00990540813655, -0.0116049572825, 0.0103143388405, -0.0062734070234, 0.00672286190093, -0.00110880343709, -0.00080159236677], [-0.00380692095496, 0.0145679572597, -0.0118905128911, 0.0116984788328, -0.0130228884518, 0.0165628287941, -0.0129534127191, 0.00938090216368, -0.00739705376327, 0.00309310737066, -0.00583884166554, 0.0023192584049, -6.00684616074e-05], [0.00362634495832, -0.0137380147353, 0.0119342608377, -0.0129374861717, 0.00990540813655, -0.0129534127191, 0.0236029922962, -0.0130708506331, 0.00416164239869, -0.000555933220312, 0.00700201932341, -0.00292473705485, 0.000631437345874], [-0.00316570675932, 0.0139448884875, -0.0104017779231, 0.0118237659335, -0.0116049572825, 0.00938090216368, -0.0130708506331, 0.0206816531718, -0.00828177202493, 0.00128425832372, -0.00621050037444, -0.000933444593102, 0.00124352262355], [0.00293395482004, -0.0131383799016, 0.00974228419363, -0.00901735667139, 0.0103143388405, -0.00739705376327, 0.00416164239869, -0.00828177202493, 0.0219464376569, -0.00906273163855, 0.000489397614729, 0.00177763961256, -0.000523423368577], [-0.00202070432715, 0.00938262697309, -0.00749385822564, 0.00661191437393, -0.0062734070234, 0.00309310737066, -0.000555933220312, 0.00128425832372, -0.00906273163855, 0.0209914259613, -0.00952526926994, -0.00252379011363, 0.00351823586971], [0.00325149507262, -0.0136453174055, 0.0103192105889, -0.0101836221293, 0.00672286190093, -0.00583884166554, 0.00700201932341, -0.00621050037444, 0.000489397614729, -0.00952526926994, 0.0331656113267, 0.000368372217054, -0.00832053180784], [-0.000107223037048, 0.00232374365442, -0.000730033847503, 0.00174203026108, -0.00110880343709, 0.0023192584049, -0.00292473705485, -0.000933444593102, 0.00177763961256, -0.00252379011363, 0.000368372217054, 0.0196908246726, -0.00688040489331], [-0.000207459554076, -0.000192035397049, -0.000302139669657, 0.00153997528832, -0.00080159236677, -6.00684616074e-05, 0.000631437345874, 0.00124352262355, -0.000523423368577, 0.00351823586971, -0.00832053180784, -0.00688040489331, 0.0262593813241]]
    },
    "melbands": {
        "max": [0.00673935655504, 0.0148139344528, 0.00868726056069, 0.0137367676944, 0.00553913973272, 0.00937796570361, 0.00334667065181, 0.0102317780256, 0.00364047475159, 0.00340592185967, 0.00217938027345, 0.00109894899651, 0.00428721727803, 0.00174409791362, 0.0010189153254, 0.00119428872131, 0.000573034805711, 0.00109881791286, 0.000836627965327, 0.00076453544898, 0.000527337077074, 0.000534406048246, 0.000120928518299, 0.000135773254442, 0.000105053979496, 0.00011971402273, 0.000240213557845, 0.000213493651245, 6.85875929776e-05, 4.74192202091e-05, 3.82722682843e-05, 5.76738348173e-05, 1.97743047465e-05, 9.87126168184e-06, 5.45616194358e-06, 3.45034300153e-06, 2.02138630812e-06, 2.79007190329e-06, 2.76503726582e-07, 4.64442813097e-08],
        "mean": [0.000328404013999, 0.00121250038501, 0.00102778873406, 0.00125391164329, 0.000780029396992, 0.000570540083572, 0.000221033609705, 0.000411243701819, 0.000350886490196, 0.000160226161825, 7.09767264198e-05, 4.83475014335e-05, 9.68511230894e-05, 6.44147294224e-05, 3.86682077078e-05, 5.07747827214e-05, 3.05275862047e-05, 4.66558121843e-05, 4.76382992929e-05, 3.65383748431e-05, 1.93606047105e-05, 1.69192098838e-05, 9.14607426239e-06, 1.03571428554e-05, 9.3372846095e-06, 9.61762725638e-06, 1.05771823655e-05, 1.07112764454e-05, 5.63188632441e-06, 6.17777186562e-06, 4.33248169429e-06, 7.96347649157e-06, 2.04810658033e-06, 1.34671790875e-06, 4.35847766767e-07, 3.34030005433e-07, 2.3003019578e-07, 2.65527404508e-07, 2.76643437047e-08, 9.98838345367e-09],
        "min": [4.04914966244e-24, 4.13714394097e-24, 2.28131533206e-24, 3.26696350655e-24, 2.53819112255e-24, 1.36847361543e-23, 1.2031595297e-23, 9.69060796231e-24, 6.9289660719e-24, 5.69593545627e-24, 1.39073179919e-23, 2.09173568767e-23, 1.40948412731e-23, 1.5499316607e-23, 1.02196401735e-23, 8.52967055595e-24, 1.12176328378e-23, 5.77878438955e-24, 1.44895588711e-23, 8.0339061869e-24, 5.60678549651e-24, 1.32611399363e-23, 1.02080281409e-23, 8.20592282931e-24, 9.28906198434e-24, 6.17022387604e-24, 4.47872781268e-24, 1.00542113085e-23, 8.83213560423e-24, 1.51347050966e-23, 1.35841516557e-23, 1.07453820458e-23, 7.10348024793e-24, 1.0746293969e-23, 1.28920311299e-23, 6.73004059515e-24, 6.25370429247e-24, 7.97903933322e-24, 1.19821739502e-23, 1.18099096055e-23],
        "stdev": [0.000770832004491, 0.00219659716822, 0.00119698350318, 0.00159528315999, 0.00083333888324, 0.000914449919946, 0.000335648219334, 0.000706914986949, 0.00045721445349, 0.000325214408804, 0.000158091686899, 0.000105359533336, 0.000345060223481, 0.000162893571542, 8.51445729495e-05, 0.00013282483269, 6.35728938505e-05, 0.000117527903058, 0.000100063858554, 8.70257426868e-05, 4.00113458454e-05, 4.17659284722e-05, 1.32873374241e-05, 1.65786495927e-05, 1.31689748741e-05, 1.63681688718e-05, 1.91047183762e-05, 1.98016205104e-05, 8.68482493388e-06, 7.96672884462e-06, 5.39172879144e-06, 9.47609169089e-06, 2.89574813905e-06, 1.57834608672e-06, 6.05848924806e-07, 4.50672018815e-07, 2.60857518697e-07, 3.44359762039e-07, 3.19421964434e-08, 6.21938012202e-09]
    },
    "melbands128": {
        "max": [0.000231485173572, 0.00235763611272, 0.00726654799655, 0.0226500872523, 0.0208487436175, 0.0133580081165, 0.00830373167992, 0.0147079760209, 0.00931211560965, 0.0254276189953, 0.0133530311286, 0.00657398952171, 0.00890363194048, 0.00499998545274, 0.0116958636791, 0.015219932422, 0.00613622926176, 0.00376259814948, 0.00563812069595, 0.013160655275, 0.0124135259539, 0.00761015992612, 0.00440854486078, 0.00647780811414, 0.00639754487202, 0.00272026937455, 0.00370675628074, 0.00231487397105, 0.00109519122634, 0.00123630743474, 0.000720217300113, 0.00532060861588, 0.00685281306505, 0.00387366348878, 0.00315798446536, 0.00166996079497, 0.00117935321759, 0.00128218135796, 0.00151165295392, 0.00188962102402, 0.00216610333882, 0.00199771230109, 0.000387611013139, 0.000657331664115, 0.00131038168911, 0.00247750547715, 0.0027421542909, 0.00077964150114, 0.00209162780084, 0.0013115957845, 0.00129534653388, 0.000608154921792, 0.000399326032493, 0.000566700589843, 0.00173809425905, 0.000517952139489, 0.000535287952516, 0.000135179448989, 0.000105742372398, 0.000106451436295, 0.000259668158833, 0.000293513032375, 0.000173828506377, 0.000156572830747, 0.00012490573863, 0.000175397202838, 0.000204776646569, 0.000254258629866, 0.00034931243863, 0.000112073546916, 0.000476910849102, 7.87656463217e-05, 0.000105607199657, 9.46763102547e-05, 8.6593645392e-05, 9.35821371968e-05, 4.46748163085e-05, 3.69808003597e-05, 6.40046928311e-05, 5.4751526477e-05, 0.00013375391427, 6.80043303873e-05, 3.08628004859e-05, 2.07421071536e-05, 2.28910703299e-05, 1.91000362975e-05, 1.0252485481e-05, 9.65091658145e-06, 6.33330591882e-06, 4.50100606031e-06, 3.79868879463e-06, 5.60527723792e-06, 1.62225035183e-06, 3.32699141836e-06, 2.59630314758e-06, 8.302346032e-06, 6.39051052076e-07, 3.90048541021e-07, 4.68915487772e-07, 3.0028911624e-07, 5.99420957315e-08, 5.44026548255e-08, 4.11454621485e-08, 4.17260395125e-08, 1.82413657512e-08, 1.89322566513e-08, 3.02073246417e-08, 1.73174310447e-08, 1.62101905232e-08, 1.69405769412e-08, 1.20392948944e-08, 1.34151667552e-08, 1.17011618173e-08, 9.21292198086e-09, 8.55684678669e-09, 1.35981421678e-08, 2.4342959648e-08, 9.22671894443e-09, 8.48551007238e-09, 8.15012768385e-09, 7.9005131326e-09, 7.76075115283e-09, 7.58638840637e-09, 7.4162853636e-09, 7.24935489416e-09, 7.19307857722e-09, 7.09738046112e-09, 7.07513558851e-09],
        "mean": [7.72901239543e-06, 8.15586317913e-05, 0.000303893728415, 0.00108055188321, 0.00157549709547, 0.00108125526458, 0.000763922231272, 0.00118036032654, 0.00114617671352, 0.00132057699375, 0.0013273335062, 0.000969861866906, 0.000673216825817, 0.000456750276498, 0.000649405643344, 0.000694995629601, 0.00019712948415, 0.000155363683007, 0.000182198098628, 0.000265339709586, 0.000594617042225, 0.000709256215487, 0.000197677669348, 0.000164092009072, 0.000211282953387, 0.000124026541016, 0.00014025499695, 4.84956726723e-05, 3.23479398503e-05, 5.0960756198e-05, 3.29995600623e-05, 8.21403518785e-05, 0.000133363879286, 6.84844781063e-05, 9.41246544244e-05, 5.25025934621e-05, 3.77894139092e-05, 3.11766962113e-05, 4.63322649011e-05, 5.14672174177e-05, 5.20509092894e-05, 5.04319432366e-05, 2.25450912694e-05, 1.96778855752e-05, 4.84144366055e-05, 4.62882780994e-05, 5.80343876209e-05, 3.70683919755e-05, 5.05778043589e-05, 5.65212940273e-05, 3.24529901263e-05, 1.95932152565e-05, 1.97704812308e-05, 1.79145790753e-05, 2.00061986106e-05, 1.94343610929e-05, 1.1574439668e-05, 1.15752181955e-05, 6.89283388056e-06, 6.40605640001e-06, 1.22683450172e-05, 1.1520634871e-05, 1.01730538518e-05, 8.37983861857e-06, 8.78135506355e-06, 8.73472799867e-06, 1.11671342893e-05, 1.13707155833e-05, 9.99531130219e-06, 8.57688610267e-06, 1.48874132719e-05, 9.16618682822e-06, 5.96965446675e-06, 5.15733700013e-06, 4.87533861815e-06, 7.63968000683e-06, 5.89306910115e-06, 3.13994337375e-06, 3.3550684293e-06, 2.93457014777e-06, 1.86979286809e-05, 2.83848498839e-06, 2.25282656174e-06, 1.86311820016e-06, 2.16392709262e-06, 1.92716993297e-06, 9.01983185031e-07, 5.79094830755e-07, 3.94088885969e-07, 3.48565663444e-07, 2.71041500355e-07, 4.96785389714e-07, 1.7064228075e-07, 9.99320945994e-08, 1.9138373375e-07, 7.20214131888e-07, 8.61967208721e-08, 4.19940597851e-08, 2.91004642605e-08, 2.2644719877e-08, 8.70419736287e-09, 8.74198580192e-09, 8.81767991956e-09, 8.24536527944e-09, 6.20674711627e-09, 6.31329566403e-09, 7.22799597952e-09, 5.94525051412e-09, 5.49527001681e-09, 5.42921041458e-09, 4.77637485119e-09, 4.00798816358e-09, 2.90894086596e-09, 1.98109129101e-09, 9.19499754115e-10, 5.47668088657e-09, 1.04166613113e-08, 2.70185592649e-11, 2.05160506639e-11, 1.98521893369e-11, 1.92951557509e-11, 1.90041090503e-11, 1.85828887e-11, 1.81525350307e-11, 1.78541296331e-11, 1.77555158076e-11, 1.75780397182e-11, 1.75153589549e-11],
        "min": [6.33293393192e-24, 2.93959116126e-24, 3.47604852568e-24, 5.37888594757e-24, 5.62257099765e-24, 1.99134800989e-24, 1.00273145043e-24, 2.09378317615e-24, 4.43071103267e-24, 5.37502841775e-24, 6.73676119702e-25, 3.7663959309e-25, 1.94169237135e-24, 5.85703584147e-24, 1.47689229166e-23, 1.74483883777e-23, 1.590754897e-23, 1.02089171872e-23, 9.57953082483e-24, 7.93602432578e-24, 1.41123808065e-23, 1.9184410906e-24, 7.36818962443e-24, 1.02780340242e-23, 2.882955287e-24, 4.37299441897e-24, 9.99200015976e-24, 7.51974084837e-24, 2.23252984654e-23, 3.76275229085e-23, 1.24521922659e-23, 6.27392792507e-24, 1.69601181872e-23, 1.80061083045e-23, 1.34611903287e-23, 1.70415475653e-23, 1.37589506106e-23, 8.7082402659e-24, 7.20873638079e-24, 1.46417143625e-23, 5.97844035149e-24, 4.57294580932e-24, 1.58416727735e-23, 1.2287596438e-23, 4.28765386852e-24, 1.34819770108e-24, 1.03883656882e-23, 2.00899490723e-23, 1.43057037931e-23, 7.8283148355e-24, 8.73038595809e-24, 6.26774128342e-24, 3.41307691506e-24, 5.4154997432e-24, 1.00002027355e-23, 1.4029212779e-23, 1.58755007069e-23, 1.61189116278e-23, 5.99932228852e-24, 2.71376355549e-24, 5.86124125896e-24, 1.61226587171e-23, 1.02881890307e-23, 5.69355940722e-24, 1.02065821589e-23, 5.08355417403e-24, 4.74013265084e-24, 6.14433503885e-24, 3.42201747013e-24, 2.93311757146e-24, 1.27725273802e-23, 1.04008864885e-23, 1.25438823578e-23, 6.68774345113e-24, 6.57769419941e-24, 1.53020919144e-23, 1.98577163104e-23, 1.56232040567e-23, 1.19406175466e-23, 1.23793630494e-23, 1.28819494875e-23, 1.05506769749e-23, 4.44845251443e-24, 6.8316143253e-24, 9.27106096734e-24, 8.13310860117e-24, 1.20540604779e-23, 1.35756745565e-23, 1.80823848432e-23, 6.68785546938e-24, 6.67858793147e-24, 5.77847476164e-24, 9.04691087429e-24, 5.16379197771e-24, 3.70846943089e-24, 1.15937096526e-23, 7.06384866491e-24, 6.21833729151e-24, 1.18420998636e-23, 1.70035844231e-23, 1.18743800518e-23, 1.0978764178e-23, 9.66997924964e-24, 1.27636613725e-23, 1.54965634824e-23, 1.29846820544e-23, 6.08885602911e-24, 6.23266261112e-24, 1.05026116799e-23, 1.0519290566e-23, 1.71145708416e-23, 1.22729062702e-23, 1.31838071129e-23, 9.1199696493e-24, 1.17529380709e-23, 1.02797316529e-23, 9.04224081773e-24, 7.71947806299e-24, 5.94005674643e-24, 7.25959660994e-24, 8.6005252536e-24, 1.00087027117e-23, 9.84607824723e-24, 7.05535973271e-24, 1.14052160725e-23, 8.26418415146e-24, 1.40357335032e-23, 7.46948961985e-24],
        "stdev": [1.84460568562e-05, 0.000197542685783, 0.000791421334725, 0.00266394019127, 0.00309356651269, 0.00165246287361, 0.00113574520219, 0.00165234785527, 0.00157531828154, 0.00244268635288, 0.00174695777241, 0.00114235340152, 0.0009973422857, 0.000692303932738, 0.00111723167356, 0.00148809794337, 0.000385876774089, 0.000364304258255, 0.000448908394901, 0.000842909212224, 0.00101592158899, 0.00105135201011, 0.000321317551425, 0.000405175494961, 0.000526843068656, 0.000290047551971, 0.000381180609111, 0.000131758381031, 7.79928377597e-05, 0.000102313686511, 6.41527440166e-05, 0.000401466793846, 0.000561804219615, 0.000262683111941, 0.000282166933175, 0.000153997825691, 0.000106196821434, 8.56382248458e-05, 0.000121005745314, 0.000167965801666, 0.000195698739844, 0.000155543748406, 4.0623897803e-05, 6.20263963356e-05, 0.000127816601889, 0.000176986373845, 0.000222924776608, 9.13739495445e-05, 0.000135043737828, 0.000158446564456, 0.000110955515993, 6.24789681751e-05, 3.7045123463e-05, 4.26292899647e-05, 9.08603178686e-05, 4.95695057907e-05, 3.00446045003e-05, 1.91994768102e-05, 1.11105082397e-05, 1.0182619917e-05, 2.48071410169e-05, 2.17589076783e-05, 1.43747829497e-05, 1.74627584784e-05, 1.41134805745e-05, 1.6146017515e-05, 2.72380530077e-05, 2.28011631407e-05, 2.10478337976e-05, 1.46883476191e-05, 4.02296755055e-05, 1.22019118862e-05, 1.07655796455e-05, 9.85781844065e-06, 9.40766221902e-06, 1.12194811663e-05, 7.06175887899e-06, 5.1998613344e-06, 6.80181983626e-06, 5.0972948884e-06, 2.55700415437e-05, 4.36403570347e-06, 3.96173709305e-06, 3.30309489982e-06, 2.64276286543e-06, 2.47387902164e-06, 1.41048928981e-06, 9.28506892706e-07, 6.3268220174e-07, 5.2202489087e-07, 4.75981494219e-07, 8.6639215624e-07, 2.38228864191e-07, 2.46024484341e-07, 2.71873346946e-07, 1.07062612642e-06, 8.78959838246e-08, 5.0550205799e-08, 4.14381986502e-08, 3.19887725198e-08, 5.65339464131e-09, 6.3390488414e-09, 5.22635001943e-09, 5.40547118177e-09, 2.76074008099e-09, 2.59111510026e-09, 3.25304716497e-09, 2.38225084104e-09, 2.36799690967e-09, 2.10148543012e-09, 1.75319525564e-09, 1.59455304516e-09, 1.10912268259e-09, 9.71752567303e-10, 6.20833551235e-10, 1.90696947122e-09, 3.91887633455e-09, 3.92888582779e-10, 3.61331048415e-10, 3.47045003846e-10, 3.36414673896e-10, 3.30461130682e-10, 3.23036153382e-10, 3.15793752259e-10, 3.08681941119e-10, 3.06283526319e-10, 3.02207342484e-10, 3.01260294489e-10]
    },
    "mfcc": {
        "mean": [-657.844177246, 129.543624878, -19.2097969055, 37.1935691833, -18.2059497833, 11.7211284637, -15.8886260986, -5.13975048065, -5.5385518074, 0.396053791046, -4.66618728638, -1.09666919708, -7.6271686554],
        "cov": [[6003.07910156, 855.526489258, 433.202636719, 663.370849609, -271.126098633, 263.877075195, -357.575469971, -97.5199508667, -236.593856812, 90.8686447144, -128.14855957, 7.70955991745, -159.98500061], [855.526489258, 575.569641113, 215.452880859, 52.0449562073, 57.0770683289, 20.5552196503, -47.9547157288, -54.236869812, -18.1309261322, -17.0533866882, 3.52184438705, 44.4461326599, -32.5679168701], [433.202636719, 215.452880859, 828.32611084, 378.127593994, 10.3381891251, 94.8559951782, -79.0641098022, -92.1572723389, -62.3781433105, -22.5559463501, -10.4212942123, 51.4307174683, -78.9346542358], [663.370849609, 52.0449562073, 378.127593994, 414.232879639, -18.021282196, 37.8785362244, -73.2109298706, -38.566696167, -65.6659393311, -1.81747376919, -31.1109161377, 5.98077344894, -20.2064819336], [-271.126098633, 57.0770683289, 10.3381891251, -18.021282196, 145.303817749, 34.6820106506, 45.5484313965, -6.56868314743, 12.5781745911, 15.3505735397, 5.08099317551, 21.6689243317, 13.3408508301], [263.877075195, 20.5552196503, 94.8559951782, 37.8785362244, 34.6820106506, 148.829589844, 30.5111560822, 3.31774973869, 7.0947394371, 5.27660512924, 13.5187196732, 9.16505432129, -21.2898406982], [-357.575469971, -47.9547157288, -79.0641098022, -73.2109298706, 45.5484313965, 30.5111560822, 127.992141724, 53.5073890686, 36.9517669678, 19.4954319, 6.29970693588, -2.61721158028, 11.7305631638], [-97.5199508667, -54.236869812, -92.1572723389, -38.566696167, -6.56868314743, 3.31774973869, 53.5073890686, 111.042327881, 40.7844161987, 8.35387897491, 18.2081069946, -15.0133228302, 4.29934835434], [-236.593856812, -18.1309261322, -62.3781433105, -65.6659393311, 12.5781745911, 7.0947394371, 36.9517669678, 40.7844161987, 72.1743392944, 12.6819114685, 25.873468399, 15.0356044769, 8.41133880615], [90.8686447144, -17.0533866882, -22.5559463501, -1.81747376919, 15.3505735397, 5.27660512924, 19.4954319, 8.35387897491, 12.6819114685, 91.1948013306, 10.6993494034, 12.1005783081, 18.0532455444], [-128.14855957, 3.52184438705, -10.4212942123, -31.1109161377, 5.08099317551, 13.5187196732, 6.29970693588, 18.2081069946, 25.873468399, 10.6993494034, 85.5564498901, 22.9464511871, 6.75248908997], [7.70955991745, 44.4461326599, 51.4307174683, 5.98077344894, 21.6689243317, 9.16505432129, -2.61721158028, -15.0133228302, 15.0356044769, 12.1005783081, 22.9464511871, 74.4253158569, 8.28710079193], [-159.98500061, -32.5679168701, -78.9346542358, -20.2064819336, 13.3408508301, -21.2898406982, 11.7305631638, 4.29934835434, 8.41133880615, 18.0532455444, 6.75248908997, 8.28710079193, 65.5840148926]],
        "icov": [[0.00092308211606, -0.00162254634779, 0.00110904534813, -0.00128413690254, 0.00214213877916, -0.00255649536848, 0.00179104169365, -0.00109226477798, 0.00191421434283, -0.00200432166457, 0.0013029447291, -0.000846659066156, 0.00114986801054], [-0.00162254634779, 0.00504067959264, -0.00246565416455, 0.00263134366833, -0.0048256884329, 0.00462286220863, -0.00227678613737, 0.00198581023142, -0.00319377682172, 0.00373168499209, -0.00226139463484, 0.000689650711138, -0.00132433441468], [0.00110904534813, -0.00246565416455, 0.00428915349767, -0.00399209465832, 0.0025931710843, -0.00373124168254, 0.00171223969664, 0.000138114817673, 0.00206686998717, -0.00204779393971, 0.00106744398363, -0.00233465689234, 0.00384297734126], [-0.00128413690254, 0.00263134366833, -0.00399209465832, 0.00709476647899, -0.00292358617298, 0.00279902131297, -0.00035750598181, -0.000602334912401, 0.000161633462994, 0.00193712976761, -0.00041305454215, 0.0012934935512, -0.00351280043833], [0.00214213877916, -0.0048256884329, 0.0025931710843, -0.00292358617298, 0.0144030395895, -0.00746174249798, 0.000290323747322, -0.000557140854653, 0.00411112001166, -0.005099252332, 0.00332929450087, -0.00337324547581, 0.000641865306534], [-0.00255649536848, 0.00462286220863, -0.00373124168254, 0.00279902131297, -0.00746174249798, 0.0158515386283, -0.00750607857481, 0.00355373462662, -0.00585615355521, 0.00531852198765, -0.00526469573379, 0.00250404304825, -0.000283228757326], [0.00179104169365, -0.00227678613737, 0.00171223969664, -0.00035750598181, 0.000290323747322, -0.00750607857481, 0.0176849812269, -0.00776755297557, 0.00185223063454, -0.00531899509951, 0.00471553392708, -0.00115191750228, 0.00092606182443], [-0.00109226477798, 0.00198581023142, 0.000138114817673, -0.000602334912401, -0.000557140854653, 0.00355373462662, -0.00776755297557, 0.0170511063188, -0.00932457856834, 0.00262810569257, -0.00423906277865, 0.00451473239809, 0.000179243885214], [0.00191421434283, -0.00319377682172, 0.00206686998717, 0.000161633462994, 0.00411112001166, -0.00585615355521, 0.00185223063454, -0.00932457856834, 0.0276267956942, -0.00517168547958, -0.000163928518305, -0.00692939432338, 0.00193649344146], [-0.00200432166457, 0.00373168499209, -0.00204779393971, 0.00193712976761, -0.005099252332, 0.00531852198765, -0.00531899509951, 0.00262810569257, -0.00517168547958, 0.0167168732733, -0.00365194864571, 0.000418253825046, -0.00497640203685], [0.0013029447291, -0.00226139463484, 0.00106744398363, -0.00041305454215, 0.00332929450087, -0.00526469573379, 0.00471553392708, -0.00423906277865, -0.000163928518305, -0.00365194864571, 0.0167488772422, -0.00505880173296, 0.000202159048058], [-0.000846659066156, 0.000689650711138, -0.00233465689234, 0.0012934935512, -0.00337324547581, 0.00250404304825, -0.00115191750228, 0.00451473239809, -0.00692939432338, 0.000418253825046, -0.00505880173296, 0.0194906443357, -0.00389351812191], [0.00114986801054, -0.00132433441468, 0.00384297734126, -0.00351280043833, 0.000641865306534, -0.000283228757326, 0.00092606182443, 0.000179243885214, 0.00193649344146, -0.00497640203685, 0.000202159048058, -0.00389351812191, 0.0221306886524]]
    },
    "spectral_contrast_coeffs": {
        "max": [-0.427224546671, -0.524638295174, -0.53693240881, -0.605453014374, -0.657712221146, -0.530792534351],
        "mean": [-0.687474429607, -0.764437437057, -0.802090883255, -0.802934885025, -0.803434252739, -0.662042319775],
        "min": [-0.979270875454, -0.957785904408, -0.961784780025, -0.961456656456, -0.969587385654, -0.960907876492],
        "stdev": [0.0796872749925, 0.0739606544375, 0.0568250454962, 0.0555385947227, 0.0389158241451, 0.0593635551631]
    },
    "spectral_contrast_valleys": {
        "max": [-4.94593524933, -4.94344902039, -5.49171161652, -5.91444778442, -5.89717912674, -10.0288829803],
        "mean": [-6.9052028656, -6.5366897583, -7.36595964432, -7.55174636841, -7.51982688904, -11.4076242447],
        "min": [-26.6444587708, -27.1275119781, -27.0693874359, -27.4633827209, -26.9473781586, -27.2740859985],
        "stdev": [1.49702847004, 1.25819933414, 1.12084591389, 1.11724257469, 1.12731659412, 0.861357867718]
    }
},
"rhythm": {
    "beats_count": 24,
    "beats_loudness": {
        "max": 0.0840386524796,
        "mean": 0.0425512492657,
        "min": 0.0001727053168,
        "stdev": 0.0215035360307
    },
    "bpm": 118.328468323,
    "bpm_histogram_first_peak_bpm": 117,
    "bpm_histogram_first_peak_weight": 0.409090936184,
    "bpm_histogram_second_peak_bpm": 123,
    "bpm_histogram_second_peak_spread": 0,
    "bpm_histogram_second_peak_weight": 0.0434782616794,
    "danceability": 0.952847361565,
    "onset_rate": 3.99706411362,
    "beats_loudness_band_ratio": {
        "max": [0.749344050884, 0.474522441626, 0.57320189476, 0.483383595943, 0.481215983629, 0.175502508879],
        "mean": [0.42368555069, 0.229338690639, 0.17931073904, 0.0728703811765, 0.085558898747, 0.0466456376016],
        "min": [0.00165286951233, 0.0155984740704, 0.039796192199, 0.0100343199447, 0.0101139517501, 0.00869172159582],
        "stdev": [0.239783972502, 0.130452141166, 0.122706659138, 0.105375446379, 0.109914362431, 0.0409190282226]
    },
    "beats_position": [0.487619042397, 0.986848056316, 1.49768710136, 1.99691605568, 2.50775504112, 2.99537420273, 3.49460315704, 3.99383211136, 4.5046710968, 5.01551008224, 5.52634906769, 6.03718805313, 6.54802703857, 7.05886602402, 7.56970500946, 8.08054447174, 8.57977294922, 9.07900238037, 9.58984088898, 10.1006803513, 10.6115188599, 11.110748291, 11.6099767685, 12.1324262619],
