{
"metadata": {
    "version": {
        "essentia": "2.1-beta5",
        "essentia_git_sha": "Undefined",
        "extractor": "music 2.0"
    },
    "audio_properties": {
        "analysis": {
            "equal_loudness": 0,
            "length": 20.4103393555,
            "sample_rate": 44100,
            "start_time": 158.987030029,
            "downmix": "mix"
        },
        "bit_rate": 192000,
        "length": 179.420593262,
        "lossless": 0,
        "number_channels": 2,
        "replay_gain": -4.04377937317,
        "sample_rate": 44100,
        "codec": "mp3",
        "md5_encoded": "f519035de657a9a79c28502324ff3b66"
    },
    "tags": {
        "file_name": "Finland_Hullu Yö_Kaija.mp3",
        "encoding": ["Lavf58.29.100"]
    }
},
"lowlevel": {
    "average_loudness": 0.972820818424,
    "barkbands_crest": {
        "max": 24.213098526,
        "mean": 8.90392589569,
        "min": 2.6786634922,
        "stdev": 3.94068145752
    },
    "barkbands_flatness_db": {
        "max": 0.299427121878,
        "mean": 0.164013564587,
        "min": 0.0524954684079,
        "stdev": 0.0389858148992
    },
    "barkbands_kurtosis": {
        "max": 11.6204538345,
        "mean": 0.30290222168,
        "min": -1.88092160225,
        "stdev": 1.87938320637
    },
    "barkbands_skewness": {
        "max": 3.27804613113,
        "mean": 0.618206501007,
        "min": -1.47541630268,
        "stdev": 0.687887609005
    },
    "barkbands_spread": {
        "max": 63.1744880676,
        "mean": 18.755821228,
        "min": 3.09821867943,
        "stdev": 9.19213294983
    },
    "dissonance": {
        "max": 0.500000059605,
        "mean": 0.46997320652,
        "min": 0.281915634871,
        "stdev": 0.0264789592475
    },
    "dynamic_complexity": 1.61886775494,
    "erbbands_crest": {
        "max": 30.4054698944,
        "mean": 9.80372524261,
        "min": 2.70898199081,
        "stdev": 4.66561126709
    },
    "erbbands_flatness_db": {
        "max": 0.372833579779,
        "mean": 0.245862469077,
        "min": 0.081792473793,
        "stdev": 0.0436104498804
    },
    "erbbands_kurtosis": {
        "max": 9.60569858551,
        "mean": -0.00834109354764,
        "min": -1.69684004784,
        "stdev": 1.34798395634
    },
    "erbbands_skewness": {
        "max": 2.91035223007,
        "mean": 0.0467404574156,
        "min": -1.95750296116,
        "stdev": 0.709552824497
    },
    "erbbands_spread": {
        "max": 59.8371963501,
        "mean": 25.5296611786,
        "min": 6.46062517166,
        "stdev": 11.0005807877
    },
    "hfc": {
        "max": 81.7704849243,
        "mean": 28.6028518677,
        "min": 4.89124715841e-07,
        "stdev": 13.3451986313
    },
    "loudness_ebu128": {
        "integrated": -19.1836261749,
        "loudness_range": 1.77327537537,
        "momentary": {
            "max": -17.2864170074,
            "mean": -19.38630867,
            "min": -28.5143871307,
            "stdev": 1.48354244232
        },
        "short_term": {
            "max": -18.1653995514,
            "mean": -19.1679477692,
            "min": -20.3969516754,
            "stdev": 0.607949018478
        }
    },
    "melbands_crest": {
        "max": 29.9343452454,
        "mean": 11.6707963943,
        "min": 3.69154453278,
        "stdev": 5.0098400116
    },
    "melbands_flatness_db": {
        "max": 0.350745797157,
        "mean": 0.199507787824,
        "min": 0.0352037064731,
        "stdev": 0.0448033101857
    },
    "melbands_kurtosis": {
        "max": 27.6209201813,
        "mean": 2.43891072273,
        "min": -1.52130973339,
        "stdev": 3.51286959648
    },
    "melbands_skewness": {
        "max": 4.72153520584,
        "mean": 1.23578870296,
        "min": -1.00428664684,
        "stdev": 0.827155470848
    },
    "melbands_spread": {
        "max": 104.128456116,
        "mean": 28.8098659515,
        "min": 4.47811365128,
        "stdev": 14.5327482224
    },
    "pitch_salience": {
        "max": 0.898610651493,
        "mean": 0.614648461342,
        "min": 0.164802774787,
        "stdev": 0.108134917915
    },
    "silence_rate_20dB": {
        "max": 1,
        "mean": 1,
        "min": 1,
        "stdev": 0
    },
    "silence_rate_30dB": {
        "max": 1,
        "mean": 1,
        "min": 1,
        "stdev": 0
    },
    "silence_rate_60dB": {
        "max": 1,
        "mean": 0.0215909089893,
        "min": 0,
        "stdev": 0.145343542099
    },
    "spectral_centroid": {
        "max": 3189.01538086,
        "mean": 1684.25,
        "min": 499.747558594,
        "stdev": 539.920288086
    },
    "spectral_complexity": {
        "max": 52,
        "mean": 28.9272727966,
        "min": 0,
        "stdev": 8.56216144562
    },
    "spectral_decrease": {
        "max": -2.45873812253e-18,
        "mean": -6.60815757669e-09,
        "min": -2.2245556508e-08,
        "stdev": 3.27717164517e-09
    },
    "spectral_energy": {
        "max": 0.0905364230275,
        "mean": 0.0275350566953,
        "min": 5.36448871435e-11,
        "stdev": 0.0133315185085
    },
    "spectral_energyband_high": {
        "max": 0.00400571199134,
        "mean": 0.000518261513207,
        "min": 3.27169888403e-11,
        "stdev": 0.000581466651056
    },
    "spectral_energyband_low": {
        "max": 0.0237175859511,
        "mean": 0.00144140224438,
        "min": 9.49568765632e-13,
        "stdev": 0.00219393265434
    },
    "spectral_energyband_middle_high": {
        "max": 0.0678222924471,
        "mean": 0.0123371500522,
        "min": 7.57126653039e-12,
        "stdev": 0.00850872136652
    },
    "spectral_energyband_middle_low": {
        "max": 0.0690133199096,
        "mean": 0.0140885356814,
        "min": 8.03026568852e-12,
        "stdev": 0.0104495706037
    },
    "spectral_entropy": {
        "max": 8.68625068665,
        "mean": 7.38818836212,
        "min": 6.15509462357,
        "stdev": 0.272172093391
    },
    "spectral_flux": {
        "max": 0.259016185999,
        "mean": 0.0906369239092,
        "min": 0.00124334380962,
        "stdev": 0.0324642173946
    },
    "spectral_kurtosis": {
        "max": 39.4454574585,
        "mean": 6.74602270126,
        "min": 0.0649881362915,
        "stdev": 5.46326160431
    },
    "spectral_rms": {
        "max": 0.00939830951393,
        "mean": 0.00500724418089,
        "min": 2.28771668276e-07,
        "stdev": 0.00133826548699
    },
    "spectral_rolloff": {
        "max": 17614.1601562,
        "mean": 1979.90283203,
        "min": 387.59765625,
        "stdev": 966.284423828
    },
    "spectral_skewness": {
        "max": 3.62420248985,
        "mean": 1.23836326599,
        "min": 0.0791238248348,
        "stdev": 0.635505497456
    },
    "spectral_spread": {
        "max": 10053577,
        "mean": 2377148.25,
        "min": 1244809.125,
        "stdev": 496192.9375
    },
    "spectral_strongpeak": {
        "max": 8.75736141205,
        "mean": 1.90293323994,
        "min": 1.11839963211e-05,
        "stdev": 1.56676781178
    },
    "zerocrossingrate": {
        "max": 0.4638671875,
        "mean": 0.0637573227286,
        "min": 0.021484375,
        "stdev": 0.0227537192404
    },
    "barkbands": {
        "max": [9.7121563158e-05, 0.0084678567946, 0.0166874118149, 0.00613934034482, 0.0357385091484, 0.0374675020576, 0.0414985343814, 0.0551625750959, 0.0468706972897, 0.0642475932837, 0.0304976440966, 0.0257940962911, 0.0162131115794, 0.0189138017595, 0.0221116393805, 0.0139482300729, 0.0110606690869, 0.00607168674469, 0.00425054086372, 0.00408477522433, 0.0011366183171, 0.00016119639622, 1.12537436507e-05, 3.55368028977e-05, 5.61374190511e-06, 6.16991144398e-07, 3.56003141633e-07],
        "mean": [3.94703693019e-06, 0.000329102273099, 0.00080982648069, 0.000628721434623, 0.00296968291514, 0.00232335948385, 0.00252252654172, 0.00228798994794, 0.0022868164815, 0.00316768279299, 0.00155643851031, 0.00111966836266, 0.00131633738056, 0.00132555537857, 0.00112947262824, 0.000776587519795, 0.000840100226924, 0.000754481705371, 0.000593285541981, 0.00057469116291, 0.000188296180568, 2.48901087616e-05, 1.42815940762e-06, 2.77795697912e-06, 1.01750254089e-06, 3.63032228279e-07, 4.8196952207e-08],
        "min": [1.63668731346e-12, 2.33488955167e-13, 2.51600447426e-14, 7.4223057713e-14, 1.26451691999e-13, 3.8083204125e-12, 5.9378223909e-13, 1.86765902223e-12, 1.45500137546e-12, 4.38864656421e-13, 4.81424416391e-13, 1.00424486435e-12, 7.51627709725e-13, 1.99035476685e-13, 4.17728026648e-13, 3.76258865644e-13, 1.08673183299e-12, 1.09071096339e-12, 1.13062673373e-12, 1.46623598679e-12, 2.04620673704e-12, 2.65047857793e-12, 2.28452369869e-12, 2.93413058607e-12, 4.7531553346e-12, 7.93811631011e-12, 9.72715050868e-12],
        "stdev": [6.00304565523e-06, 0.000707052298822, 0.00131517986301, 0.000898525409866, 0.00376921636052, 0.00395175395533, 0.00501314178109, 0.00473996857181, 0.00474062934518, 0.00668709678575, 0.00327204028144, 0.00184913421981, 0.00174031639472, 0.00232007703744, 0.00167963397689, 0.000988833722658, 0.000968597189058, 0.00069426529808, 0.000625292013865, 0.000658265314996, 0.000210774087464, 2.58369600488e-05, 1.39790870435e-06, 4.0587337935e-06, 6.38219205484e-07, 5.11821696136e-08, 2.38129906904e-08]
    },
    "erbbands": {
        "max": [0.101814597845, 2.52699661255, 13.8721313477, 25.680480957, 42.1262550354, 137.101791382, 348.815612793, 418.937774658, 596.358642578, 1014.45343018, 1000.58752441, 1014.63708496, 1474.43041992, 2413.73730469, 990.08795166, 809.042114258, 809.654907227, 1046.40856934, 1489.15270996, 658.533569336, 747.598327637, 543.933837891, 365.38470459, 292.465209961, 288.996704102, 248.999938965, 70.1775588989, 35.4684562683, 6.66228580475, 2.84954857826, 0.328529506922, 0.530655622482, 0.926479816437, 0.185794487596, 0.0266635287553, 0.00314880372025, 0.00121709215455, 0.000383396662073, 5.5980963225e-05, 0.00010670494521],
        "mean": [0.00437960540876, 0.102762274444, 0.797987222672, 1.67298305035, 5.40082454681, 10.2109193802, 15.5436401367, 18.9492053986, 32.0141906738, 46.1262779236, 45.8951339722, 60.0730476379, 79.5113983154, 87.7118377686, 66.0655975342, 50.3137702942, 63.4276733398, 69.1723709106, 69.7571258545, 46.0574760437, 44.2479705811, 46.7610778809, 40.0044670105, 31.0479297638, 35.7205467224, 29.7211055756, 11.0449924469, 5.34542369843, 1.14169049263, 0.25936499238, 0.0379229411483, 0.0370794385672, 0.0537787899375, 0.0187085159123, 0.00546302972361, 0.00166927988175, 0.000689876731485, 0.000165655903402, 1.9666251319e-05, 3.37826350005e-05],
        "min": [2.1482015819e-11, 1.27636026748e-11, 2.85287401341e-11, 1.22170190631e-10, 5.71091729462e-10, 3.22641108275e-10, 5.72311531499e-09, 4.1739930623e-08, 1.52369814543e-08, 3.28272626859e-08, 2.4883235028e-08, 3.38436194625e-08, 1.71465650567e-08, 1.8451332906e-08, 1.86096595911e-08, 4.50069670421e-08, 4.51227144538e-08, 1.61857691694e-08, 2.17563460581e-08, 1.4033008533e-08, 2.72360196618e-08, 6.57706777929e-08, 6.58195133951e-08, 4.2974701131e-08, 6.68361650469e-08, 7.81099558367e-08, 6.78805776033e-08, 8.78308128449e-08, 8.61519851014e-08, 9.0329947966e-08, 6.28576728445e-08, 4.55736071103e-08, 6.2747929519e-08, 4.00433819436e-08, 3.96863484298e-08, 3.06742222733e-08, 1.40352813816e-08, 5.80763925839e-09, 1.64303237682e-09, 1.29570770779e-10],
        "stdev": [0.00915038678795, 0.208658844233, 1.23839569092, 2.60447263718, 6.05561256409, 14.0861787796, 32.690410614, 33.1128120422, 55.8699493408, 95.0467681885, 84.2137832642, 121.295829773, 163.693984985, 206.87260437, 117.390197754, 72.4465560913, 80.086265564, 106.126754761, 111.340339661, 53.5276756287, 49.9765281677, 52.9861755371, 36.6473426819, 29.81275177, 41.7804031372, 35.6088142395, 11.6747989655, 6.34323263168, 1.18018245697, 0.292011529207, 0.0348740033805, 0.043051622808, 0.0897528082132, 0.0210184175521, 0.00285269040614, 0.000309726601699, 0.000115530383482, 4.02810474043e-05, 7.41337862564e-06, 1.56842015713e-05]
    },
    "gfcc": {
        "mean": [-19.5970630646, 125.770225525, -186.049026489, 12.1294822693, -47.5437469482, -22.3379707336, -26.4102344513, 0.36024326086, -29.8362731934, 1.11805272102, -15.1432971954, -10.1408472061, -3.39325642586],
        "cov": [[2412.31079102, 653.05847168, 134.528182983, 562.768188477, -80.7508621216, -133.276260376, 148.385787964, -223.125762939, -174.98739624, -71.7613220215, -9.25793647766, -189.532836914, -30.2068347931], [653.05847168, 498.570739746, 311.424194336, 159.789291382, 20.0760002136, -81.2063217163, 8.50577259064, -86.8734970093, -78.8681030273, -68.6453552246, -7.86944150925, -29.8234615326, 11.0269527435], [134.528182983, 311.424194336, 534.733337402, 369.480316162, -62.5959434509, -25.4252605438, -34.7528572083, -60.9014816284, -84.3971557617, -66.3092575073, 0.530591070652, -9.45935726166, 25.611371994], [562.768188477, 159.789291382, 369.480316162, 752.792236328, -41.636100769, -48.1995925903, 80.6385040283, -149.065597534, -157.247207642, -22.2481174469, -35.8781738281, -86.3827056885, -25.4363155365], [-80.7508621216, 20.0760002136, -62.5959434509, -41.636100769, 162.089096069, 45.0966682434, -5.34078216553, 6.72972774506, -3.97010302544, -7.92375612259, -41.5448875427, -3.8611073494, -5.96323728561], [-133.276260376, -81.2063217163, -25.4252605438, -48.1995925903, 45.0966682434, 216.322723389, 71.8877792358, 32.1241035461, -26.7791900635, -27.1658802032, -36.6545600891, -36.4416694641, 5.85610103607], [148.385787964, 8.50577259064, -34.7528572083, 80.6385040283, -5.34078216553, 71.8877792358, 238.979980469, -0.394076913595, -81.0836029053, -19.0606098175, -26.8962268829, -24.6073589325, 2.08126473427], [-223.125762939, -86.8734970093, -60.9014816284, -149.065597534, 6.72972774506, 32.1241035461, -0.394076913595, 115.083679199, 72.6008148193, 7.23983383179, 13.6866312027, 28.2393016815, 10.5957365036], [-174.98739624, -78.8681030273, -84.3971557617, -157.247207642, -3.97010302544, -26.7791900635, -81.0836029053, 72.6008148193, 138.406692505, 61.8873977661, 31.7135868073, 25.0868434906, -10.8127918243], [-71.7613220215, -68.6453552246, -66.3092575073, -22.2481174469, -7.92375612259, -27.1658802032, -19.0606098175, 7.23983383179, 61.8873977661, 92.5601119995, 41.5294113159, 8.93472385406, -21.8134326935], [-9.25793647766, -7.86944150925, 0.530591070652, -35.8781738281, -41.5448875427, -36.6545600891, -26.8962268829, 13.6866312027, 31.7135868073, 41.5294113159, 83.0285720825, 40.7336807251, -0.469547688961], [-189.532836914, -29.8234615326, -9.45935726166, -86.3827056885, -3.8611073494, -36.4416694641, -24.6073589325, 28.2393016815, 25.0868434906, 8.93472385406, 40.7336807251, 101.205154419, 38.1914558411], [-30.2068347931, 11.0269527435, 25.611371994, -25.4363155365, -5.96323728561, 5.85610103607, 2.08126473427, 10.5957365036, -10.8127918243, -21.8134326935, -0.469547688961, 38.1914558411, 59.9817848206]],
        "icov": [[0.00415963074192, -0.0110567901284, 0.0109708961099, -0.00686496356502, 0.00647937320173, -0.00359480711631, 0.00275779259391, -0.00221951794811, -0.000963217520621, 0.00241389055736, -0.00257195089944, 0.00205910019577, -0.00280363927595], [-0.0110567901284, 0.0370573736727, -0.0353486612439, 0.0212108418345, -0.0227894280106, 0.0144416801631, -0.011981007643, 0.0127481538802, -0.00153053400572, -0.000966369174421, 0.00129731057677, 0.000936880242079, 0.00498186005279], [0.0109708961099, -0.0353486612439, 0.0379423312843, -0.0228328630328, 0.0224617645144, -0.0140580218285, 0.0125418826938, -0.0117468135431, 0.000450548308436, 0.00522164395079, -0.00391230545938, -0.00022888786043, -0.00651937350631], [-0.00686496356502, 0.0212108418345, -0.0228328630328, 0.016033437103, -0.0128939431161, 0.00890955887735, -0.00727733317763, 0.00734007777646, 0.00260381260887, -0.00500278407708, 0.00345018180087, 0.000642154365778, 0.00426433049142], [0.00647937320173, -0.0227894280106, 0.0224617645144, -0.0128939431161, 0.0227430798113, -0.010842836462, 0.00949432421476, -0.00960018765181, 0.00389900337905, -0.00228728819638, 0.0060913991183, -0.00476546538994, 3.2910869777e-05], [-0.00359480711631, 0.0144416801631, -0.0140580218285, 0.00890955887735, -0.010842836462, 0.0132530741394, -0.0067396950908, 0.00316094700247, 0.000697142735589, 0.000402710575145, -0.000888065376785, 0.00620304094627, -0.00106526864693], [0.00275779259391, -0.011981007643, 0.0125418826938, -0.00727733317763, 0.00949432421476, -0.0067396950908, 0.0125700365752, -0.0109721552581, 0.0102553507313, -0.00555978436023, 0.00393577711657, -0.00299405283295, 1.80522292794e-05], [-0.00221951794811, 0.0127481538802, -0.0117468135431, 0.00734007777646, -0.00960018765181, 0.00316094700247, -0.0109721552581, 0.0297453831881, -0.020816359669, 0.0131747322157, -0.00743506709114, 0.00229745358229, -0.00195208797231], [-0.000963217520621, -0.00153053400572, 0.000450548308436, 0.00260381260887, 0.00389900337905, 0.000697142735589, 0.0102553507313, -0.020816359669, 0.0344153493643, -0.0226343013346, 0.00981211103499, -0.00352187664248, 0.00464089820161], [0.00241389055736, -0.000966369174421, 0.00522164395079, -0.00500278407708, -0.00228728819638, 0.000402710575145, -0.00555978436023, 0.0131747322157, -0.0226343013346, 0.0350967049599, -0.0186464320868, 0.00566161656752, -0.000426420272561], [-0.00257195089944, 0.00129731057677, -0.00391230545938, 0.00345018180087, 0.0060913991183, -0.000888065376785, 0.00393577711657, -0.00743506709114, 0.00981211103499, -0.0186464320868, 0.0319833494723, -0.0159031208605, 0.00883287936449], [0.00205910019577, 0.000936880242079, -0.00022888786043, 0.000642154365778, -0.00476546538994, 0.00620304094627, -0.00299405283295, 0.00229745358229, -0.00352187664248, 0.00566161656752, -0.0159031208605, 0.0283806920052, -0.0169174708426], [-0.00280363927595, 0.00498186005279, -0.00651937350631, 0.00426433049142, 3.2910869777e-05, -0.00106526864693, 1.80522292794e-05, -0.00195208797231, 0.00464089820161, -0.000426420272561, 0.00883287936449, -0.0169174708426, 0.0309098120779]]
    },
    "melbands": {
        "max": [0.00136884581298, 0.00531713152304, 0.0037951299455, 0.00567704392597, 0.0102732172236, 0.00836826860905, 0.00903889257461, 0.0124917430803, 0.00670109968632, 0.00761801190674, 0.00756182149053, 0.0106860995293, 0.00431784335524, 0.00381667120382, 0.00207135500386, 0.00139771541581, 0.0023831196595, 0.00251879100688, 0.00100854353514, 0.000819341570605, 0.000840138527565, 0.000746518897358, 0.0003102311166, 0.000363726052456, 0.000256559782429, 0.000168781523826, 0.000257506093476, 0.000188482008525, 6.52813614579e-05, 3.44625477737e-05, 1.6184641936e-05, 3.97433177568e-06, 4.63303376819e-06, 5.65446214296e-07, 1.49845533315e-07, 2.42615612933e-07, 3.88973518284e-07, 5.48379659904e-07, 6.49169351163e-07, 5.00644290469e-08],
        "mean": [6.26712790108e-05, 0.000321102212183, 0.00038240334834, 0.000595884514041, 0.00052840745775, 0.000434259010945, 0.00051072757924, 0.00051299307961, 0.000346946791979, 0.00037989433622, 0.000393806636566, 0.000362376857083, 0.000231666999753, 0.000135420516017, 0.000124237587443, 0.000133702793391, 0.000130114072817, 0.000115710769023, 6.87801075401e-05, 5.58523497602e-05, 5.06787473569e-05, 5.08921039e-05, 3.68036162399e-05, 3.78937875212e-05, 2.30201967497e-05, 2.11359638342e-05, 2.68570038315e-05, 1.85577682714e-05, 6.88168074703e-06, 4.97495284435e-06, 2.22087237489e-06, 6.17965554284e-07, 3.34308822403e-07, 6.20266078499e-08, 1.48745717965e-08, 1.99326457562e-08, 2.31355663516e-08, 3.50858719855e-08, 3.62254723996e-08, 1.01597610325e-08],
        "min": [2.09775556301e-13, 1.37946295012e-14, 3.80241153776e-14, 2.8661792449e-14, 1.64157722788e-13, 8.56415144964e-13, 2.198360851e-13, 4.16709364497e-13, 1.95612840162e-13, 2.11215390338e-13, 7.84857882895e-14, 6.98290844635e-14, 6.85400561719e-14, 6.41048087009e-14, 1.31995190602e-13, 8.66119174536e-14, 2.12823922846e-14, 3.02376904711e-14, 2.77361853374e-14, 2.46966109943e-14, 2.99301937943e-14, 7.01529695338e-14, 4.46680791855e-14, 6.87377536618e-14, 2.84863854781e-14, 4.3735041901e-14, 4.70347027927e-14, 5.2702308663e-14, 3.61312813436e-14, 5.39525326813e-14, 4.77030388931e-14, 4.20053735176e-14, 6.36881430298e-14, 4.27935580038e-14, 3.06945055039e-14, 4.33288218401e-14, 2.15346031209e-14, 4.61302477879e-14, 3.63343761274e-14, 3.4075183403e-14],
        "stdev": [0.000133819252369, 0.000503050512634, 0.000459938310087, 0.000730004918296, 0.000992361688986, 0.000750048609916, 0.000919487792999, 0.00104302389082, 0.000595584511757, 0.000824621703941, 0.00082906690659, 0.000909233291168, 0.000483381212689, 0.000228887787671, 0.000183601267054, 0.000177398091182, 0.00022931372223, 0.00019893348508, 9.07380672288e-05, 7.26307844161e-05, 6.12923759036e-05, 6.38205601717e-05, 3.84476625186e-05, 3.83667065762e-05, 2.50712473644e-05, 2.35021816479e-05, 3.38696663675e-05, 2.37655549427e-05, 7.68457357481e-06, 5.8658524722e-06, 2.69403153652e-06, 6.30846670902e-07, 4.35314433389e-07, 7.75968302946e-08, 1.39141302924e-08, 2.29150920461e-08, 2.9689163128e-08, 5.42210152332e-08, 6.91727493063e-08, 6.70815181181e-09]
    },
    "melbands128": {
        "max": [4.97199107485e-05, 0.000726464437321, 0.00211729877628, 0.00547919888049, 0.00659947749227, 0.00893250945956, 0.00612730020657, 0.00325393374078, 0.00458764284849, 0.00654699467123, 0.010492965579, 0.016673495993, 0.0174107477069, 0.0124183259904, 0.0162031166255, 0.0148938940838, 0.0126760322601, 0.0167397595942, 0.0136724933982, 0.0192587971687, 0.0226183179766, 0.0168269369751, 0.00654933229089, 0.00696294987574, 0.00920621585101, 0.0184391867369, 0.00948438793421, 0.0140940453857, 0.00964138936251, 0.0217475313693, 0.00955749023706, 0.00752058718354, 0.00787563063204, 0.00486543262377, 0.0051712593995, 0.00543273240328, 0.00289627443999, 0.00234075728804, 0.00449368963018, 0.0020111517515, 0.00267155445181, 0.00291959918104, 0.00355352391489, 0.0032018055208, 0.00326958717778, 0.00508820731193, 0.00222204416059, 0.00225196569227, 0.001344353077, 0.00151180417743, 0.00159544928465, 0.000714700203389, 0.00203176913783, 0.000767118821386, 0.00191126507707, 0.000774859159719, 0.000988201471046, 0.00060280301841, 0.000498191220686, 0.000624313775916, 0.000590819399804, 0.000392473273678, 0.000666332722176, 0.000421108357841, 0.000256752915448, 0.000205715958145, 0.000325363362208, 0.000556105747819, 0.000250600918662, 0.000130825792439, 0.000443919037934, 6.85831473675e-05, 0.000128157218569, 6.14197560935e-05, 4.78855617985e-05, 4.5985012548e-05, 5.75903468416e-05, 4.04403435823e-05, 1.70804942172e-05, 1.15554430522e-05, 5.64324818697e-06, 3.6078422454e-06, 5.62951345273e-06, 8.21402863949e-06, 2.42102260017e-06, 1.35320988193e-06, 4.92979268074e-07, 1.53141911596e-07, 1.48639685449e-07, 1.56536131612e-07, 3.11337998937e-07, 2.86290827489e-07, 1.79724892746e-07, 4.99599025261e-07, 7.57428267661e-07, 5.68762970943e-07, 6.31199213785e-07, 1.65593394286e-06, 1.4375708588e-06, 1.47999159594e-07, 8.34062490185e-08, 5.40468789723e-08, 5.20852800889e-08, 6.44852420351e-08, 4.16771221978e-08, 1.88981950089e-08, 9.78663816653e-09, 7.96343258003e-09, 6.25355056627e-09, 4.98580199348e-09, 5.4577560249e-09, 5.19235499041e-09, 5.22103116296e-09, 4.07580103001e-09, 3.84348064486e-09, 4.18231405064e-09, 6.12065731431e-09, 1.71409308969e-09, 1.5954906285e-09, 1.54339296898e-09, 1.4727772335e-09, 1.42815237414e-09, 1.39391043152e-09, 1.37257516464e-09, 1.35735889195e-09, 1.32732191904e-09, 1.33220356968e-09, 1.32212141235e-09],
        "mean": [3.2714824556e-06, 2.19564190047e-05, 6.08442787779e-05, 0.000187806028407, 0.000378599826945, 0.000389971624827, 0.000317482656101, 0.000323123415001, 0.000536445702892, 0.000729066727217, 0.00052636442706, 0.000532158825081, 0.000576398335397, 0.000450527237263, 0.00039585281047, 0.000470157887321, 0.00044516849448, 0.000550009543076, 0.000547170813661, 0.000527156575117, 0.000496037886478, 0.000444847799372, 0.000328655034536, 0.000212947794353, 0.000433911540313, 0.000428109371569, 0.000315656419843, 0.000478887843201, 0.000296680547763, 0.000527982891072, 0.000292839133181, 0.00020999093249, 0.000306412868667, 0.000188749254448, 0.000113886009785, 0.000132066765218, 0.000149472602061, 8.73065582709e-05, 0.000144347213791, 0.000158360548085, 0.000135115682497, 8.96038909559e-05, 0.000137870621984, 0.000153750181198, 9.74731592578e-05, 0.000130683198222, 0.000112987792818, 5.28724085598e-05, 5.8275029005e-05, 6.66088817525e-05, 5.21621659573e-05, 4.77516769024e-05, 5.74320292799e-05, 4.29688407166e-05, 5.6575940107e-05, 5.56937338843e-05, 4.17909359385e-05, 4.27498016506e-05, 3.23932254105e-05, 3.0263521694e-05, 4.44472389063e-05, 3.66603162547e-05, 3.06456895487e-05, 1.79719354492e-05, 1.35646332637e-05, 1.51288822963e-05, 2.71767130471e-05, 4.07011757488e-05, 2.04011048481e-05, 1.76214489329e-05, 3.00400952256e-05, 9.20801358006e-06, 8.61847638589e-06, 6.9520156103e-06, 4.75424258184e-06, 4.91120044899e-06, 5.72816679778e-06, 3.28756732415e-06, 1.77417280156e-06, 1.0225544429e-06, 6.58397482312e-07, 3.97433638e-07, 5.44962915683e-07, 3.53525479113e-07, 1.55978042926e-07, 8.14302509866e-08, 3.00351103988e-08, 1.50372834185e-08, 1.15568230541e-08, 1.44481306918e-08, 2.34490364903e-08, 1.94348448446e-08, 1.89559550279e-08, 2.22660236915e-08, 2.74500049358e-08, 2.53481964307e-08, 3.07460084059e-08, 5.63603528292e-08, 5.04210433405e-08, 1.87412769748e-08, 8.60662208169e-09, 9.853301286e-09, 9.59858148519e-09, 7.70629959845e-09, 5.7675766385e-09, 4.31403579526e-09, 3.7541028064e-09, 3.03927416567e-09, 2.4053556924e-09, 2.36497510464e-09, 2.30570695869e-09, 2.44758546764e-09, 2.31278463048e-09, 1.75019465587e-09, 1.57746327112e-09, 1.91040450126e-09, 1.73295655603e-09, 7.02581872888e-12, 5.87802116009e-12, 5.73324851136e-12, 5.56956130521e-12, 5.44065010058e-12, 5.32307574755e-12, 5.22715334558e-12, 5.18428225696e-12, 5.1161722428e-12, 5.09408617719e-12, 5.05858072444e-12],
        "min": [6.75217965308e-13, 2.67914922018e-13, 5.65313922518e-14, 1.49996761702e-14, 1.40559188366e-14, 1.22467962217e-14, 1.46664737375e-14, 4.9488174382e-14, 7.36442902645e-14, 2.06467313271e-14, 7.27863288982e-15, 1.0477604434e-14, 6.091221955e-14, 4.87787653151e-13, 1.15854786702e-12, 1.03255663568e-12, 2.66292250837e-13, 7.68308282121e-14, 1.15440941311e-13, 3.63085917669e-13, 6.98347575514e-13, 2.40650164726e-13, 4.78144000088e-14, 2.25994881988e-13, 2.76584012854e-13, 1.78954236412e-13, 1.46408438758e-13, 5.12597607318e-14, 3.89401781219e-14, 7.05623710504e-14, 9.44468705718e-14, 3.88104804371e-14, 1.14957292275e-13, 3.68759689939e-14, 1.58487267499e-14, 3.13098410588e-14, 2.08246262031e-13, 1.80480372943e-13, 2.48276757904e-14, 1.47250647006e-13, 9.5078926557e-14, 1.10677077244e-14, 2.54237481219e-14, 2.63889540238e-14, 9.1833169148e-15, 2.62663087352e-14, 6.26292773068e-14, 4.05884127577e-14, 3.57107015332e-15, 7.79618272609e-15, 2.79715740994e-14, 4.42236511625e-14, 2.13263482123e-14, 2.49249964879e-14, 4.76463418958e-14, 7.30533119891e-14, 1.09477836139e-13, 2.30772788167e-14, 2.87636464668e-14, 6.18335948849e-14, 1.12641822681e-13, 2.79398476333e-14, 2.95664100841e-14, 2.6959486618e-14, 2.76724139209e-14, 3.56006795766e-14, 6.84773486287e-14, 4.88268279975e-14, 3.07993105846e-14, 5.45296162282e-14, 7.21562092303e-14, 3.78127027302e-14, 3.83226572221e-14, 2.68929335452e-14, 5.02457877551e-14, 3.71593760536e-14, 7.43120165013e-14, 5.71481271051e-14, 4.17576672025e-14, 4.23204121758e-14, 3.18411746622e-14, 4.19401689213e-14, 6.30836867661e-14, 6.39130878755e-14, 7.20878773884e-14, 5.04088212686e-14, 3.07871810728e-14, 2.63987491128e-14, 2.76021118803e-14, 2.8605928932e-14, 6.51839557808e-14, 4.03745166098e-14, 2.56709953452e-14, 9.73458205049e-15, 2.37012303907e-14, 4.73030902642e-14, 4.8212891741e-14, 5.5269533389e-14, 3.56282860744e-14, 2.60199339559e-14, 2.76076667224e-14, 3.76282697763e-14, 4.14186541238e-14, 2.975994356e-14, 3.89960619677e-14, 4.93883634076e-14, 7.09454874405e-14, 7.17816986948e-14, 5.17123372118e-14, 3.30797096258e-14, 5.78998451289e-14, 4.64431078773e-14, 4.27539880127e-14, 4.19062537221e-14, 3.72757753212e-14, 5.13273336322e-14, 4.50977925522e-14, 4.88092774748e-14, 3.48212906805e-14, 5.95330940578e-14, 5.6389510845e-14, 5.75234846735e-14, 3.52398909749e-14, 3.45810585842e-14, 2.85016219068e-14, 3.37281133469e-14, 4.72580653809e-14, 3.01067933875e-14],
        "stdev": [5.14128259965e-06, 5.12707265443e-05, 0.000174187152879, 0.00042338721687, 0.000624573149253, 0.000680652388837, 0.000615164462943, 0.000434126326581, 0.000677943520714, 0.0010739058489, 0.000861220411025, 0.00118358875625, 0.00152099144179, 0.00110652961303, 0.000949736859184, 0.00117381836753, 0.00101552170236, 0.00133049325086, 0.00148411490954, 0.00141309737228, 0.00150030583609, 0.00122359022498, 0.000727590289898, 0.000478140456835, 0.00102110055741, 0.00149437726941, 0.000875184545293, 0.00145405018702, 0.000853930716403, 0.00172068970278, 0.000885904300958, 0.000596238358412, 0.000828879128676, 0.000442589836894, 0.000293847813737, 0.000300635205349, 0.000282833178062, 0.000228884062381, 0.000312233285513, 0.000239328102907, 0.000294004974421, 0.000186828372534, 0.000316289253533, 0.000372910115402, 0.000259846216068, 0.000326559558744, 0.000228705554036, 0.000131095104734, 9.64654318523e-05, 0.000119135074783, 0.000107918836875, 6.49815556244e-05, 0.000106472114567, 6.35830656392e-05, 0.000111253393698, 8.63060849952e-05, 7.61649789638e-05, 5.70600022911e-05, 4.3470881792e-05, 5.10824393132e-05, 5.58510910196e-05, 4.62320640509e-05, 4.10273351008e-05, 3.37010533258e-05, 2.14126866922e-05, 1.98102643481e-05, 3.98641022912e-05, 6.38724086457e-05, 2.81120137515e-05, 2.10892321775e-05, 4.86271164846e-05, 1.04683203972e-05, 1.17547906484e-05, 8.96116580407e-06, 6.05151990385e-06, 6.27298413747e-06, 8.33947433421e-06, 4.81822462461e-06, 2.23904385166e-06, 1.242465828e-06, 7.50115930259e-07, 4.31150681379e-07, 8.05241484159e-07, 5.82793916237e-07, 2.33808307826e-07, 1.25784183069e-07, 3.50885152045e-08, 1.58827688779e-08, 1.2087594925e-08, 1.54639998584e-08, 3.44990738199e-08, 2.36277148957e-08, 2.17743298947e-08, 3.21598854214e-08, 4.19841903465e-08, 3.75982835976e-08, 5.15487776909e-08, 1.34975337573e-07, 1.15955778313e-07, 1.60139119743e-08, 6.8593584146e-09, 7.32876292986e-09, 7.5311090697e-09, 5.01359531668e-09, 3.93826526945e-09, 2.15965578754e-09, 1.28933697052e-09, 9.71094649138e-10, 8.02862554217e-10, 7.22837789624e-10, 7.40886130224e-10, 6.87980172831e-10, 6.63085752972e-10, 5.47681400231e-10, 5.00214814014e-10, 5.45670675312e-10, 7.32908234102e-10, 5.78402117868e-11, 5.38730796085e-11, 5.21152600241e-11, 4.97391433596e-11, 4.8234742589e-11, 4.70798157404e-11, 4.63583824106e-11, 4.58413723647e-11, 4.48306704259e-11, 4.49919060341e-11, 4.46519453356e-11]
    },
    "mfcc": {
        "mean": [-645.668762207, 158.784210205, -75.5975112915, 30.0737037659, -16.7585773468, -12.9511356354, 3.64997315407, -15.0661153793, 2.95923638344, -7.40740728378, -3.26269340515, -1.72999370098, -7.50091791153],
        "cov": [[1821.98706055, 165.709579468, 225.787094116, 566.669799805, -169.731063843, 153.075546265, 183.110107422, -125.522956848, -69.9553451538, -11.0400676727, -16.9301300049, -79.8571472168, -21.9896202087], [165.709579468, 486.357147217, 64.2805023193, -34.3434371948, 53.7208976746, -53.5878181458, -32.1819953918, 14.4798650742, -23.5179042816, -40.201461792, -5.91393899918, -35.7796783447, -35.0864257812], [225.787094116, 64.2805023193, 658.967773438, 391.804046631, 38.4519386292, 63.6931266785, 64.120300293, -19.4592037201, -56.5417251587, -40.4873428345, -74.0421676636, -61.7845726013, 21.4173221588], [566.669799805, -34.3434371948, 391.804046631, 686.577209473, -25.6746673584, 119.632324219, 111.950149536, -82.13646698, -51.1009407043, -53.4863853455, -77.7762756348, -52.0470809937, 22.5916442871], [-169.731063843, 53.7208976746, 38.4519386292, -25.6746673584, 209.914627075, -6.70685815811, -77.9078826904, -0.954128146172, -3.65272641182, 2.01549887657, -3.70399999619, 0.652463614941, -22.7741966248], [153.075546265, -53.5878181458, 63.6931266785, 119.632324219, -6.70685815811, 170.93977356, 130.321502686, -0.621954917908, 14.668923378, 11.8068561554, -25.6048927307, -51.3506813049, -21.0203838348], [183.110107422, -32.1819953918, 64.120300293, 111.950149536, -77.9078826904, 130.321502686, 225.122024536, 51.6657905579, 24.5611209869, 9.59078598022, -40.5546150208, -55.7151756287, -25.2537937164], [-125.522956848, 14.4798650742, -19.4592037201, -82.13646698, -0.954128146172, -0.621954917908, 51.6657905579, 101.109092712, 45.5871238708, 0.337074398994, -12.0259160995, -15.5592021942, -12.6149663925], [-69.9553451538, -23.5179042816, -56.5417251587, -51.1009407043, -3.65272641182, 14.668923378, 24.5611209869, 45.5871238708, 82.0297088623, 32.2479515076, -8.93504905701, -2.76286149025, -8.27624320984], [-11.0400676727, -40.201461792, -40.4873428345, -53.4863853455, 2.01549887657, 11.8068561554, 9.59078598022, 0.337074398994, 32.2479515076, 73.4249954224, 33.6359825134, 7.09616041183, -13.2022066116], [-16.9301300049, -5.91393899918, -74.0421676636, -77.7762756348, -3.70399999619, -25.6048927307, -40.5546150208, -12.0259160995, -8.93504905701, 33.6359825134, 86.5825271606, 40.712726593, -1.58317792416], [-79.8571472168, -35.7796783447, -61.7845726013, -52.0470809937, 0.652463614941, -51.3506813049, -55.7151756287, -15.5592021942, -2.76286149025, 7.09616041183, 40.712726593, 115.647727966, 49.7743759155], [-21.9896202087, -35.0864257812, 21.4173221588, 22.5916442871, -22.7741966248, -21.0203838348, -25.2537937164, -12.6149663925, -8.27624320984, -13.2022066116, -1.58317792416, 49.7743759155, 88.164855957]],
        "icov": [[0.00102968793362, -0.000606428773608, 0.000193061088794, -0.000813330814708, 0.000737531867344, -0.000283066299744, -0.000352305622073, 0.000813823600765, 0.000263412424829, -0.000539293105248, -0.000346285814885, 0.00016206743021, 0.000161806688993], [-0.000606428773608, 0.00292500085197, -0.000543841335457, 0.000829967844766, -0.00121239945292, 0.00162770075258, -0.000641843013, 0.00015921787417, -0.000748814607505, 0.00244754157029, -0.00093030143762, 0.000906133383978, 0.000614003452938], [0.000193061088794, -0.000543841335457, 0.00290252454579, -0.0018059280701, -0.000347856199369, -0.000319310725899, 0.00043518221355, -0.00192152301315, 0.00276325782761, -0.00212308787741, 0.0014495938085, 0.000696275557857, -0.00115247082431], [-0.000813330814708, 0.000829967844766, -0.0018059280701, 0.00399206485599, -0.000807857431937, 0.00017341999046, -0.00180591468234, 0.00355523102917, -0.00200786441565, 0.00321734976023, 8.56704282342e-05, 0.000114523929369, -0.000402536825277], [0.000737531867344, -0.00121239945292, -0.000347856199369, -0.000807857431937, 0.00842083245516, -0.00477597024292, 0.00652718171477, -0.00377942947671, 0.00299746193923, -0.00366158457473, 0.00342066586018, -0.00235374108888, 0.00348168425262], [-0.000283066299744, 0.00162770075258, -0.000319310725899, 0.00017341999046, -0.00477597024292, 0.0162870306522, -0.0117575200275, 0.00823385361582, -0.00588069902733, 0.0034705454018, -0.00401034997776, 0.00470335688442, -0.00168958283029], [-0.000352305622073, -0.000641843013, 0.00043518221355, -0.00180591468234, 0.00652718171477, -0.0117575200275, 0.0180532336235, -0.0132513334975, 0.00698970723897, -0.00748240761459, 0.00697538815439, -0.00261979759671, 0.00331162149087], [0.000813823600765, 0.00015921787417, -0.00192152301315, 0.00355523102917, -0.00377942947671, 0.00823385361582, -0.0132513334975, 0.0272668544203, -0.0165371112525, 0.0118080088869, -0.00653700670227, 0.00382039719261, -0.00114369601943], [0.000263412424829, -0.000748814607505, 0.00276325782761, -0.00200786441565, 0.00299746193923, -0.00588069902733, 0.00698970723897, -0.0165371112525, 0.0295069925487, -0.0180956013501, 0.0117654167116, -0.00371438963339, 0.000987509149127], [-0.000539293105248, 0.00244754157029, -0.00212308787741, 0.00321734976023, -0.00366158457473, 0.0034705454018, -0.00748240761459, 0.0118080088869, -0.0180956013501, 0.0313554853201, -0.0151756955311, 0.00274178292602, 0.00113497511484], [-0.000346285814885, -0.00093030143762, 0.0014495938085, 8.56704282342e-05, 0.00342066586018, -0.00401034997776, 0.00697538815439, -0.00653700670227, 0.0117654167116, -0.0151756955311, 0.025265166536, -0.00855491682887, 0.00427486561239], [0.00016206743021, 0.000906133383978, 0.000696275557857, 0.000114523929369, -0.00235374108888, 0.00470335688442, -0.00261979759671, 0.00382039719261, -0.00371438963339, 0.00274178292602, -0.00855491682887, 0.0176879540086, -0.00956550240517], [0.000161806688993, 0.000614003452938, -0.00115247082431, -0.000402536825277, 0.00348168425262, -0.00168958283029, 0.00331162149087, -0.00114369601943, 0.000987509149127, 0.00113497511484, 0.00427486561239, -0.00956550240517, 0.019031394273]]
    },
    "spectral_contrast_coeffs": {
        "max": [-0.358828008175, -0.429633229971, -0.504852831364, -0.589384675026, -0.55287027359, -0.581393659115],
        "mean": [-0.684194743633, -0.733827829361, -0.737260520458, -0.772359251976, -0.757360935211, -0.696609914303],
        "min": [-0.903171002865, -0.925248086452, -0.929090976715, -0.920520186424, -0.933316707611, -0.90835493803],
        "stdev": [0.0784881263971, 0.0841673612595, 0.0797037854791, 0.0511188581586, 0.0423477366567, 0.0542648434639]
    },
    "spectral_contrast_valleys": {
        "max": [-5.41851663589, -5.03504800797, -5.24835777283, -5.4413228035, -5.83423471451, -10.4927902222],
        "mean": [-7.28023815155, -6.38913249969, -6.83807373047, -6.91259670258, -7.03296232224, -11.5693244934],
        "min": [-18.4265594482, -16.0094299316, -16.8067893982, -17.3492126465, -16.2929649353, -17.8820209503],
        "stdev": [1.01644611359, 0.60255664587, 0.610631525517, 0.600237190723, 0.622886180878, 0.380018144846]
    }
},
"rhythm": {
    "beats_count": 42,
    "beats_loudness": {
        "max": 0.0558419935405,
        "mean": 0.031521897763,
        "min": 0.00806826073676,
        "stdev": 0.011632735841
    },
    "bpm": 126.723320007,
    "bpm_histogram_first_peak_bpm": 126,
    "bpm_histogram_first_peak_weight": 0.458333313465,
    "bpm_histogram_second_peak_bpm": 133,
    "bpm_histogram_second_peak_spread": 0.0909091234207,
    "bpm_histogram_second_peak_weight": 0.243902444839,
    "danceability": 1.08825933933,
    "onset_rate": 1.95867693424,
    "beats_loudness_band_ratio": {
        "max": [0.546863913536, 0.492931932211, 0.665999948978, 0.862153351307, 0.453884243965, 0.204170182347],
        "mean": [0.123773314059, 0.194260627031, 0.28885358572, 0.252984464169, 0.145164817572, 0.053360093385],
        "min": [0.000238268272369, 0.00253365095705, 0.0193399954587, 0.0170115754008, 0.0111097292975, 0.000602835847531],
        "stdev": [0.137182891369, 0.141638442874, 0.195151999593, 0.205644786358, 0.0929728075862, 0.0506321005523]
    },
    "beats_position": [0.53405892849, 1.01006805897, 1.48607707024, 1.93886613846, 2.41487526894, 2.89088439941, 3.34367346764, 3.83129239082, 4.27247142792, 4.76009082794, 5.21287965775, 5.66566896439, 6.13006782532, 6.59446716309, 7.07047605515, 7.5464849472, 8.0224943161, 8.498503685, 8.97451210022, 9.45052146912, 9.92653083801, 10.3909292221, 10.9017686844, 11.412607193, 11.9350566864, 12.445895195, 12.9567346573, 13.4443531036, 13.9203624725, 14.4195919037, 14.8839902878, 15.3367795944, 15.8011789322, 16.2539672852, 16.7067565918, 17.1595458984, 17.6239452362, 18.088344574, 18.5411338806, 18.9939231873, 19.458322525, 19.9343299866],
