{
"metadata": {
    "version": {
        "essentia": "2.1-beta5",
        "essentia_git_sha": "Undefined",
        "extractor": "music 2.0"
    },
    "audio_properties": {
        "analysis": {
            "equal_loudness": 0,
            "length": 32.4963264465,
            "sample_rate": 44100,
            "start_time": 93.9943771362,
            "downmix": "mix"
        },
        "bit_rate": 192000,
        "length": 173.058319092,
        "lossless": 0,
        "number_channels": 2,
        "replay_gain": -4.85146713257,
        "sample_rate": 44100,
        "codec": "mp3",
        "md5_encoded": "85f355657f9335ccdb5b1a3850243d07"
    },
    "tags": {
        "file_name": "Germany_Dieser Traum Darf Niemals Sterben_Atlantis 2000.mp3",
        "encoding": ["Lavf58.29.100"]
    }
},
"lowlevel": {
    "average_loudness": 0.97830426693,
    "barkbands_crest": {
        "max": 21.2910728455,
        "mean": 8.97280311584,
        "min": 2.90333771706,
        "stdev": 3.54007863998
    },
    "barkbands_flatness_db": {
        "max": 0.271160721779,
        "mean": 0.17434926331,
        "min": 0.0750160515308,
        "stdev": 0.0313105434179
    },
    "barkbands_kurtosis": {
        "max": 17.9405059814,
        "mean": 1.27572154999,
        "min": -1.89193820953,
        "stdev": 3.02665781975
    },
    "barkbands_skewness": {
        "max": 3.59456205368,
        "mean": 0.99213385582,
        "min": -2.24011468887,
        "stdev": 0.909495055676
    },
    "barkbands_spread": {
        "max": 54.4231071472,
        "mean": 17.7016353607,
        "min": 3.08321619034,
        "stdev": 7.8618683815
    },
    "dissonance": {
        "max": 0.499753952026,
        "mean": 0.46347334981,
        "min": 0.243898272514,
        "stdev": 0.0236737057567
    },
    "dynamic_complexity": 1.51717185974,
    "erbbands_crest": {
        "max": 28.1766834259,
        "mean": 9.42862701416,
        "min": 2.98628759384,
        "stdev": 4.11331605911
    },
    "erbbands_flatness_db": {
        "max": 0.339186698198,
        "mean": 0.235848233104,
        "min": 0.131682693958,
        "stdev": 0.0346864685416
    },
    "erbbands_kurtosis": {
        "max": 14.4760990143,
        "mean": -0.195003375411,
        "min": -1.79518997669,
        "stdev": 1.4495677948
    },
    "erbbands_skewness": {
        "max": 2.34045362473,
        "mean": -0.0182692818344,
        "min": -3.63811159134,
        "stdev": 0.732784450054
    },
    "erbbands_spread": {
        "max": 84.9704589844,
        "mean": 29.3332042694,
        "min": 4.27205610275,
        "stdev": 10.9394445419
    },
    "hfc": {
        "max": 75.756652832,
        "mean": 21.1303844452,
        "min": 0.954780995846,
        "stdev": 13.9052209854
    },
    "loudness_ebu128": {
        "integrated": -19.1642951965,
        "loudness_range": 1.58477783203,
        "momentary": {
            "max": -16.7753772736,
            "mean": -19.3677978516,
            "min": -24.3030700684,
            "stdev": 1.37541592121
        },
        "short_term": {
            "max": -18.2290859222,
            "mean": -19.2587680817,
            "min": -20.9151668549,
            "stdev": 0.596749544144
        }
    },
    "melbands_crest": {
        "max": 30.153377533,
        "mean": 11.8211307526,
        "min": 3.49158072472,
        "stdev": 4.71115159988
    },
    "melbands_flatness_db": {
        "max": 0.356689542532,
        "mean": 0.231438100338,
        "min": 0.100087352097,
        "stdev": 0.0438978672028
    },
    "melbands_kurtosis": {
        "max": 34.8242454529,
        "mean": 4.78756713867,
        "min": -1.74066483974,
        "stdev": 5.79276943207
    },
    "melbands_skewness": {
        "max": 5.07043981552,
        "mean": 1.74289619923,
        "min": -1.27315104008,
        "stdev": 1.02842223644
    },
    "melbands_spread": {
        "max": 114.382476807,
        "mean": 24.9944591522,
        "min": 3.610414505,
        "stdev": 14.6204624176
    },
    "pitch_salience": {
        "max": 0.878911554813,
        "mean": 0.601221323013,
        "min": 0.272007167339,
        "stdev": 0.0912949740887
    },
    "silence_rate_20dB": {
        "max": 1,
        "mean": 1,
        "min": 1,
        "stdev": 0
    },
    "silence_rate_30dB": {
        "max": 1,
        "mean": 1,
        "min": 1,
        "stdev": 0
    },
    "silence_rate_60dB": {
        "max": 1,
        "mean": 0.00142755173147,
        "min": 0,
        "stdev": 0.0377558507025
    },
    "spectral_centroid": {
        "max": 3549.3293457,
        "mean": 1339.05834961,
        "min": 372.904724121,
        "stdev": 573.627807617
    },
    "spectral_complexity": {
        "max": 47,
        "mean": 21.955745697,
        "min": 3,
        "stdev": 6.92611312866
    },
    "spectral_decrease": {
        "max": -3.47416095892e-10,
        "mean": -5.88875792573e-09,
        "min": -1.89448563503e-08,
        "stdev": 2.73961053843e-09
    },
    "spectral_energy": {
        "max": 0.0765123739839,
        "mean": 0.0241421051323,
        "min": 0.00139783043414,
        "stdev": 0.0112114464864
    },
    "spectral_energyband_high": {
        "max": 0.00321232923307,
        "mean": 0.000189811413293,
        "min": 3.05950061374e-06,
        "stdev": 0.000289545074338
    },
    "spectral_energyband_low": {
        "max": 0.0269468389452,
        "mean": 0.00197846605442,
        "min": 7.67464916862e-06,
        "stdev": 0.00251751043834
    },
    "spectral_energyband_middle_high": {
        "max": 0.0377327613533,
        "mean": 0.00794623605907,
        "min": 0.000271974829957,
        "stdev": 0.00687276897952
    },
    "spectral_energyband_middle_low": {
        "max": 0.05860754475,
        "mean": 0.0145863061771,
        "min": 0.0010141186649,
        "stdev": 0.00872593279928
    },
    "spectral_entropy": {
        "max": 8.01411914825,
        "mean": 7.18406057358,
        "min": 6.2384519577,
        "stdev": 0.292010486126
    },
    "spectral_flux": {
        "max": 0.240340560675,
        "mean": 0.0843801647425,
        "min": 0.0191105846316,
        "stdev": 0.0323041826487
    },
    "spectral_kurtosis": {
        "max": 34.3943824768,
        "mean": 8.18318271637,
        "min": 0.178925514221,
        "stdev": 4.85453605652
    },
    "spectral_rms": {
        "max": 0.00863980408758,
        "mean": 0.00472373468801,
        "min": 0.00116779154632,
        "stdev": 0.00111336132977
    },
    "spectral_rolloff": {
        "max": 4586.57226562,
        "mean": 1546.73193359,
        "min": 258.3984375,
        "stdev": 806.913879395
    },
    "spectral_skewness": {
        "max": 4.26694917679,
        "mean": 1.48664724827,
        "min": -0.23899294436,
        "stdev": 0.599717020988
    },
    "spectral_spread": {
        "max": 5925698.5,
        "mean": 2344452.25,
        "min": 1460865.125,
        "stdev": 468746.28125
    },
    "spectral_strongpeak": {
        "max": 15.5088472366,
        "mean": 1.48645877838,
        "min": 0.049872867763,
        "stdev": 1.69370913506
    },
    "zerocrossingrate": {
        "max": 0.14306640625,
        "mean": 0.0518264733255,
        "min": 0.013671875,
        "stdev": 0.0197517387569
    },
    "barkbands": {
        "max": [0.000145790560055, 0.0163588672876, 0.0104270940647, 0.0240903906524, 0.0331805758178, 0.0433074682951, 0.0508070401847, 0.0447323285043, 0.0287057794631, 0.019690785557, 0.0193526241928, 0.012386280112, 0.0201627966017, 0.0166981518269, 0.0244226418436, 0.0196102969348, 0.0190975032747, 0.0193880796432, 0.0103694647551, 0.00345112779178, 0.00132964388467, 0.000319589860737, 2.37108433794e-05, 5.3940606449e-05, 2.78755069303e-05, 5.22050356722e-07, 1.55017033876e-07],
        "mean": [8.4296480054e-06, 0.000671517802402, 0.000865471374709, 0.00114935194142, 0.00466296589002, 0.00260104006156, 0.00260679074563, 0.00169176631607, 0.00156859168783, 0.0010657653911, 0.000690462125931, 0.000555463426281, 0.00100090797059, 0.000829216907732, 0.000997545546852, 0.000887035974301, 0.000748384802137, 0.000696772534866, 0.000512821075972, 0.000252413650742, 6.32551600575e-05, 1.16387018352e-05, 1.0707481124e-06, 2.0687846245e-06, 1.06049526494e-06, 2.99770817946e-07, 3.83239999735e-08],
        "min": [1.60604685107e-08, 2.39783366851e-06, 1.00853367258e-06, 7.39765937396e-07, 2.12707273022e-05, 2.50627017522e-05, 2.33848277276e-05, 1.20962813526e-05, 5.66058224649e-06, 6.38354595139e-06, 4.58171552964e-06, 6.86524390403e-06, 8.398045793e-06, 4.28721523349e-06, 7.44765202398e-06, 3.39933171745e-06, 6.48395507596e-06, 1.54906081207e-06, 2.58000932263e-06, 2.24782638725e-06, 9.17256784305e-07, 2.02433312779e-07, 1.30483115868e-07, 1.94253388486e-07, 2.12261255683e-07, 1.31957335725e-07, 7.26785831517e-09],
        "stdev": [1.58328912221e-05, 0.00146817101631, 0.00118603848387, 0.00154216843657, 0.00463941087946, 0.00372926099226, 0.00443042581901, 0.00334833515808, 0.00238042045385, 0.00183320441283, 0.00143855344504, 0.00108961435035, 0.0020008275751, 0.00160033267457, 0.00212919083424, 0.00163783063181, 0.00150029524229, 0.00126024987549, 0.000769743113779, 0.000392389629269, 0.00010960221698, 2.52178633673e-05, 2.15982868212e-06, 4.99616362504e-06, 2.02223964152e-06, 3.7525815344e-08, 1.79293451197e-08]
    },
    "erbbands": {
        "max": [0.195762217045, 4.48855257034, 13.5009050369, 46.5909156799, 136.047164917, 170.684555054, 223.250930786, 372.195251465, 643.518920898, 900.376342773, 695.376220703, 720.521972656, 624.649047852, 868.745117188, 588.24017334, 500.790008545, 1116.35253906, 950.665771484, 1603.90234375, 1889.76611328, 722.148132324, 1292.52124023, 1247.38244629, 603.989562988, 322.253479004, 173.685058594, 76.6914825439, 38.551486969, 12.2325468063, 2.64566659927, 0.877607166767, 1.36191058159, 0.860439658165, 0.429632991552, 0.125558570027, 0.00522514525801, 0.000890105846338, 0.000286433380097, 4.32739652751e-05, 8.94429977052e-05],
        "mean": [0.0112404404208, 0.188247144222, 0.958498358727, 2.41019320488, 9.36387252808, 17.4992198944, 17.7777919769, 21.6543617249, 36.1925315857, 37.9649085999, 35.914855957, 37.8291397095, 30.4509220123, 39.0367965698, 26.9269046783, 25.8660354614, 51.4709815979, 43.5327987671, 52.6803970337, 55.0761566162, 40.9617652893, 41.6913604736, 39.7968711853, 27.456861496, 22.90574646, 12.8793230057, 4.35585927963, 1.60998475552, 0.510830461979, 0.0911910533905, 0.0312881730497, 0.0419473685324, 0.0330975204706, 0.0152155691758, 0.00545341521502, 0.00139398814645, 0.000562422559597, 0.000134066707687, 1.6306175894e-05, 2.89651961793e-05],
        "min": [5.96432291786e-05, 0.000800851208623, 0.00249781343155, 0.00912742875516, 0.0257609616965, 0.108193844557, 0.249965161085, 0.178544655442, 0.860729753971, 0.647775173187, 0.499832928181, 0.422305494547, 0.45446279645, 0.5657351017, 0.630545735359, 0.519187152386, 0.594426870346, 0.6526876688, 0.262903809547, 0.353372007608, 0.281897157431, 0.397696197033, 0.119652606547, 0.0821872279048, 0.2201192379, 0.109380289912, 0.0444022864103, 0.032194186002, 0.0101929744706, 0.00407318398356, 0.00413516908884, 0.00396593520418, 0.00348710408434, 0.00215905089863, 0.00131615484133, 0.000513077131473, 0.00023905748094, 6.24650347163e-05, 3.25848873217e-06, 2.60005390373e-06],
        "stdev": [0.0237265303731, 0.396943569183, 1.32038545609, 2.8983566761, 11.4077949524, 20.0699920654, 24.339471817, 35.6651268005, 62.2140274048, 68.1612091064, 62.2331123352, 62.5653419495, 50.9637527466, 73.4294815063, 48.7591362, 42.8048820496, 103.69128418, 82.8159484863, 121.05305481, 122.358078003, 68.1732788086, 82.7012557983, 72.4284820557, 43.378742218, 30.1551761627, 19.8180828094, 7.00752830505, 3.01643490791, 1.07003581524, 0.204608529806, 0.0644100233912, 0.105753563344, 0.0767006278038, 0.0310865566134, 0.00899587385356, 0.000388681131881, 8.31579818623e-05, 3.14697572321e-05, 6.41916540189e-06, 1.34469928526e-05]
    },
    "gfcc": {
        "mean": [-31.1784057617, 146.987167358, -163.902008057, 14.4746599197, -39.6853179932, -27.6844673157, -36.1660575867, 1.54537701607, -30.7768802643, -0.942443728447, -13.4993638992, -12.6609621048, -4.74704790115],
        "cov": [[608.651733398, -47.6194152832, -297.623199463, 138.048919678, 30.2307357788, -0.849858283997, 121.623023987, 9.97651004791, 36.1152458191, 9.23133850098, 28.3670558929, -44.1632080078, 30.0279636383], [-47.6194152832, 420.784515381, 208.463867188, -181.201416016, 167.248092651, 30.8645820618, 37.2840652466, -3.27541947365, -21.7314949036, -16.0558605194, -15.9779996872, -5.56365156174, -35.5132217407], [-297.623199463, 208.463867188, 540.646728516, 84.8246002197, -13.1512670517, 102.640487671, -77.8014907837, -13.9495201111, -16.2259349823, -49.8729362488, -40.9326934814, 16.5164642334, -28.1287727356], [138.048919678, -181.201416016, 84.8246002197, 403.934112549, -25.6427116394, 2.48911166191, -14.6847581863, 7.02302408218, 32.3776054382, -17.3487968445, -17.5786018372, 6.92857265472, 14.5320949554], [30.2307357788, 167.248092651, -13.1512670517, -25.6427116394, 230.304794312, 2.0189037323, 21.5919761658, 21.1601448059, 4.83934020996, 2.10866212845, 4.00966119766, -0.364571839571, -9.05659294128], [-0.849858283997, 30.8645820618, 102.640487671, 2.48911166191, 2.0189037323, 231.276428223, 76.7449798584, -19.134054184, -20.5495929718, 24.1552848816, -4.30041837692, -30.5230922699, 9.11945056915], [121.623023987, 37.2840652466, -77.8014907837, -14.6847581863, 21.5919761658, 76.7449798584, 166.167617798, 24.1929092407, -14.8930902481, 37.6798591614, 18.9231090546, -17.5268363953, -2.86321735382], [9.97651004791, -3.27541947365, -13.9495201111, 7.02302408218, 21.1601448059, -19.134054184, 24.1929092407, 102.578323364, 41.4590797424, -4.24904298782, 25.991519928, 15.2199010849, -2.57231783867], [36.1152458191, -21.7314949036, -16.2259349823, 32.3776054382, 4.83934020996, -20.5495929718, -14.8930902481, 41.4590797424, 83.4015274048, 25.1434593201, 3.3110127449, 8.68164920807, 5.32359266281], [9.23133850098, -16.0558605194, -49.8729362488, -17.3487968445, 2.10866212845, 24.1552848816, 37.6798591614, -4.24904298782, 25.1434593201, 102.922187805, 39.0642662048, -13.7306680679, 16.7043857574], [28.3670558929, -15.9779996872, -40.9326934814, -17.5786018372, 4.00966119766, -4.30041837692, 18.9231090546, 25.991519928, 3.3110127449, 39.0642662048, 82.0257720947, 18.6808795929, 2.01664233208], [-44.1632080078, -5.56365156174, 16.5164642334, 6.92857265472, -0.364571839571, -30.5230922699, -17.5268363953, 15.2199010849, 8.68164920807, -13.7306680679, 18.6808795929, 65.6387176514, 15.758231163], [30.0279636383, -35.5132217407, -28.1287727356, 14.5320949554, -9.05659294128, 9.11945056915, -2.86321735382, -2.57231783867, 5.32359266281, 16.7043857574, 2.01664233208, 15.758231163, 82.0635910034]],
        "icov": [[0.0148145109415, -0.0213261824101, 0.0204437207431, -0.0173381026834, 0.0124379778281, -0.00728412019089, 0.00204286025837, 0.00329643813893, -0.0090697305277, 0.0127331893891, -0.0132057806477, 0.0103421006352, -0.00588022312149], [-0.0213261824101, 0.0469038970768, -0.0402092896402, 0.0338762179017, -0.0288817211986, 0.0170716065913, -0.0147680779919, 0.00298477825709, 0.00604880554602, -0.0125941867009, 0.0164297949523, -0.0103771984577, 0.0065738032572], [0.0204437207431, -0.0402092896402, 0.0384073257446, -0.0304762925953, 0.0244889538735, -0.0168436579406, 0.0132909193635, -0.0020227888599, -0.00617549289018, 0.0129610411823, -0.0146493101493, 0.00911182817072, -0.00497225113213], [-0.0173381026834, 0.0338762179017, -0.0304762925953, 0.0280013326555, -0.0203237086535, 0.0124812852591, -0.00961771421134, 0.00114810978994, 0.00476614432409, -0.0105188945308, 0.0136645864695, -0.00912482663989, 0.00491820788011], [0.0124379778281, -0.0288817211986, 0.0244889538735, -0.0203237086535, 0.0223890952766, -0.0105767874047, 0.00929802190512, -0.00338012189604, -0.00283912708983, 0.00666348310187, -0.00901307351887, 0.00547770829871, -0.0031946785748], [-0.00728412019089, 0.0170716065913, -0.0168436579406, 0.0124812852591, -0.0105767874047, 0.0137720480561, -0.0104783978313, 0.00391800981015, 0.00049958442105, -0.00330740702339, 0.00402614567429, 0.000294832017971, -0.000385786930565], [0.00204286025837, -0.0147680779919, 0.0132909193635, -0.00961771421134, 0.00929802190512, -0.0104783978313, 0.0206734016538, -0.0117263812572, 0.0105050392449, -0.00822552479804, 0.00315945758484, -0.0035819595214, 0.0032677531708], [0.00329643813893, 0.00298477825709, -0.0020227888599, 0.00114810978994, -0.00338012189604, 0.00391800981015, -0.0117263812572, 0.0239685196429, -0.0187610164285, 0.0150967398658, -0.0136467376724, 0.00646617310122, -0.00403970712796], [-0.0090697305277, 0.00604880554602, -0.00617549289018, 0.00476614432409, -0.00283912708983, 0.00049958442105, 0.0105050392449, -0.0187610164285, 0.0331145264208, -0.0231462512165, 0.0184934474528, -0.0133461626247, 0.00705684581771], [0.0127331893891, -0.0125941867009, 0.0129610411823, -0.0105188945308, 0.00666348310187, -0.00330740702339, -0.00822552479804, 0.0150967398658, -0.0231462512165, 0.0350962541997, -0.0257597919554, 0.0185464750975, -0.0110856872052], [-0.0132057806477, 0.0164297949523, -0.0146493101493, 0.0136645864695, -0.00901307351887, 0.00402614567429, 0.00315945758484, -0.0136467376724, 0.0184934474528, -0.0257597919554, 0.0355960279703, -0.0197115913033, 0.00969564262778], [0.0103421006352, -0.0103771984577, 0.00911182817072, -0.00912482663989, 0.00547770829871, 0.000294832017971, -0.0035819595214, 0.00646617310122, -0.0133461626247, 0.0185464750975, -0.0197115913033, 0.031686604023, -0.0113961175084], [-0.00588022312149, 0.0065738032572, -0.00497225113213, 0.00491820788011, -0.0031946785748, -0.000385786930565, 0.0032677531708, -0.00403970712796, 0.00705684581771, -0.0110856872052, 0.00969564262778, -0.0113961175084, 0.0180333908647]]
    },
    "melbands": {
        "max": [0.0033490313217, 0.0061797844246, 0.00818470399827, 0.00897118262947, 0.00615546526387, 0.00805676169693, 0.010658540763, 0.0106187080964, 0.00508985482156, 0.00518923904747, 0.00306393927895, 0.00350219546817, 0.00241141580045, 0.00160950177815, 0.00191862997599, 0.00175025232602, 0.00173761276528, 0.00279995123856, 0.00142135983333, 0.00212998944335, 0.0010727745248, 0.00126980780624, 0.00119682587683, 0.000623296888079, 0.000569679075852, 0.000477776949992, 0.000136858201586, 0.000134477799293, 4.29934298154e-05, 3.71183887182e-05, 1.92641437025e-05, 8.58640032675e-06, 3.23936615132e-06, 6.66676726269e-07, 4.56232726265e-07, 5.81102483466e-07, 9.41010057431e-07, 7.60261173127e-07, 7.42374822948e-07, 2.81256291146e-07],
        "mean": [0.000142336226418, 0.000414287555031, 0.000607520982157, 0.00103458797093, 0.000639199162833, 0.000486360746436, 0.000564234622288, 0.000405651633628, 0.000281915999949, 0.000230698264204, 0.000143513927469, 0.000155561749125, 9.87577368505e-05, 6.45330073894e-05, 8.8744200184e-05, 9.84334619716e-05, 7.73922147346e-05, 8.0711870396e-05, 7.05811689841e-05, 6.58107237541e-05, 4.66327801405e-05, 4.1957693611e-05, 4.55744520877e-05, 2.86198173853e-05, 2.11920469155e-05, 2.07231842069e-05, 1.14514996312e-05, 7.71883424022e-06, 2.88606634058e-06, 1.47213893342e-06, 7.30312535779e-07, 3.29833198975e-07, 9.92472379835e-08, 2.6535671438e-08, 1.46362522102e-08, 2.04339816179e-08, 2.80155916244e-08, 2.46592151143e-08, 1.81809269861e-08, 1.1367792041e-08],
        "min": [6.53173856335e-07, 1.25991869027e-06, 2.11707924791e-06, 4.8734336815e-06, 8.92353000381e-06, 4.07936840929e-06, 8.92495336302e-06, 6.57445934849e-06, 4.30732643508e-06, 2.00030785891e-06, 1.6857055698e-06, 1.84525754321e-06, 1.6674471226e-06, 1.01854993773e-06, 1.03562331333e-06, 8.37992956804e-07, 5.33683362391e-07, 4.0020742631e-07, 5.69801784422e-07, 2.61876976992e-07, 2.75383939652e-07, 3.92907878677e-07, 1.72737046e-07, 7.06055729438e-08, 3.51827225131e-08, 1.20926131331e-07, 1.35352252073e-07, 5.10440969492e-08, 2.3567810814e-08, 1.86241990718e-08, 9.79741088258e-09, 4.80236117539e-09, 3.01193536778e-09, 1.54812440645e-09, 1.83711401647e-09, 1.81677228817e-09, 1.93908733515e-09, 2.01241423525e-09, 1.92764404439e-09, 1.8044876704e-09],
        "stdev": [0.000314225064358, 0.000578888866585, 0.000667457585223, 0.00112829904538, 0.000751503161155, 0.000769698875956, 0.000963647093158, 0.000749220431317, 0.000478323403513, 0.000380129728001, 0.000253375008469, 0.000304580316879, 0.000196347638848, 0.000127853389131, 0.000175275607035, 0.000176669724169, 0.000158939132234, 0.000202023860766, 0.000136461749207, 0.00014577213733, 9.29059824557e-05, 9.46253931033e-05, 9.01324747247e-05, 5.08046141476e-05, 3.69173321815e-05, 3.20214676321e-05, 1.63035456353e-05, 1.30381095005e-05, 4.93385095979e-06, 2.83825352199e-06, 1.47629907588e-06, 7.1367713872e-07, 2.2903444119e-07, 6.43872581918e-08, 3.09189580605e-08, 4.77624837458e-08, 7.34500176236e-08, 6.11666521877e-08, 3.90620016333e-08, 2.48336995412e-08]
    },
    "melbands128": {
        "max": [0.000145437166793, 0.00113503250759, 0.00490275677294, 0.00875572860241, 0.00911374017596, 0.00477435486391, 0.00992720201612, 0.0116988793015, 0.0181524194777, 0.0147642288357, 0.0114411273971, 0.00989964511245, 0.0114463763312, 0.0142435301095, 0.0129453530535, 0.0172201320529, 0.0152091179043, 0.0189851112664, 0.0128457006067, 0.0155263440683, 0.0176532212645, 0.0121387569234, 0.00896530691534, 0.00402499223128, 0.00878412276506, 0.0114197097719, 0.00604479014874, 0.00581694208086, 0.00394110940397, 0.00592683209106, 0.00701191648841, 0.00382986338809, 0.00502403639257, 0.00241636601277, 0.00283359363675, 0.0020069880411, 0.00262990477495, 0.00228290795349, 0.00527131324634, 0.00500896200538, 0.00128378649242, 0.00394771480933, 0.00403337739408, 0.00173494941555, 0.00210430077277, 0.00655056815594, 0.00510356575251, 0.00200120545924, 0.00253168377094, 0.00736924307421, 0.00115664163604, 0.00159854174126, 0.00208814349025, 0.00214562891051, 0.00238652713597, 0.00215125107206, 0.00371495028958, 0.00203594914638, 0.00253658881411, 0.00179612613283, 0.0010310531361, 0.00126376119442, 0.000813378836028, 0.000939834455494, 0.000868390023243, 0.000991154578514, 0.000398086122004, 0.000218061104533, 0.000213994062506, 0.0003428994969, 0.000279820902506, 0.000164030803717, 6.69740329613e-05, 5.44358408661e-05, 8.95408447832e-05, 4.99267116538e-05, 5.41451227036e-05, 2.30975037994e-05, 2.16767093661e-05, 2.16618591367e-05, 9.14532483876e-06, 8.66654772835e-06, 4.77087951367e-06, 3.75474292014e-06, 2.63337460638e-06, 1.12574809918e-06, 6.08387722423e-07, 4.11810702872e-07, 3.90798078342e-07, 7.55700114041e-07, 4.00018961955e-07, 5.91560421981e-07, 1.07927371573e-06, 1.17746037631e-06, 1.23867971524e-06, 1.00056558949e-06, 8.33817580315e-07, 7.78806679591e-07, 9.8320822417e-07, 8.32730904676e-07, 2.97998440146e-07, 3.27850813164e-07, 6.24128517757e-07, 2.69564537803e-07, 7.51417985612e-08, 4.71269636648e-08, 1.73579000062e-08, 6.62099131077e-09, 4.94075225177e-09, 4.79701922629e-09, 4.23545820638e-09, 4.34810765171e-09, 4.01703070807e-09, 3.15216786007e-09, 2.81913958844e-09, 3.35792282868e-09, 4.56449500419e-09, 5.44304823435e-10, 5.49659484594e-10, 5.39727373905e-10, 5.24084498021e-10, 5.12864806179e-10, 5.03343811076e-10, 4.91541807257e-10, 4.84281781343e-10, 4.76004125005e-10, 4.72813455055e-10, 4.69733418829e-10],
        "mean": [7.79247693572e-06, 6.23520027148e-05, 0.000170906147105, 0.000344627536833, 0.000497235392686, 0.000389086519135, 0.00040551359416, 0.000656180432998, 0.000896376848686, 0.00127579760738, 0.000998868606985, 0.000626087246928, 0.000652006419841, 0.000475117354654, 0.000449132698122, 0.000553528021555, 0.000464849377749, 0.000703474215697, 0.000476947694551, 0.000439323572209, 0.000341399922036, 0.000346614950104, 0.000263666152023, 0.000213297025766, 0.00031088112155, 0.000167667531059, 0.0002227442601, 0.000136341026518, 6.8232875492e-05, 0.000195128392079, 0.000175981127541, 9.82468845905e-05, 0.000133472291054, 5.13889244758e-05, 6.57789714751e-05, 6.88084110152e-05, 6.68584179948e-05, 4.43267090304e-05, 0.00013735081302, 0.000162601849297, 4.27785307693e-05, 8.99930819287e-05, 9.66432853602e-05, 5.61952692806e-05, 5.85248890275e-05, 8.66900809342e-05, 0.000115685805213, 4.87723773404e-05, 4.34952125943e-05, 0.000127197272377, 5.3710580687e-05, 2.87849106826e-05, 5.15503925271e-05, 5.00782116433e-05, 4.75235246995e-05, 4.18182280555e-05, 3.29799986503e-05, 5.40706059837e-05, 4.73983927805e-05, 3.30469665641e-05, 2.78294082818e-05, 2.68876428891e-05, 1.93572450371e-05, 1.69197082869e-05, 2.89773797704e-05, 2.07363700611e-05, 1.7926813598e-05, 1.24591379063e-05, 9.39813071454e-06, 1.02263684312e-05, 1.02230351331e-05, 4.92661092721e-06, 3.10789255309e-06, 2.86114686787e-06, 2.09661243389e-06, 1.63685876942e-06, 1.13126714041e-06, 9.28343297346e-07, 6.69683515753e-07, 5.64381707591e-07, 3.70486446855e-07, 2.57375347701e-07, 1.41792426689e-07, 9.29648820147e-08, 5.09802546844e-08, 3.11175867296e-08, 1.94849860691e-08, 1.18664598148e-08, 1.31862698538e-08, 1.77892065523e-08, 1.73904890488e-08, 2.11654604954e-08, 2.5224682787e-08, 2.81883512088e-08, 3.09577004032e-08, 2.63329269501e-08, 2.38088802007e-08, 2.13389217407e-08, 1.94946263576e-08, 1.78336776457e-08, 8.39511304918e-09, 1.11214921716e-08, 1.30587389791e-08, 9.32245924901e-09, 5.0314321598e-09, 3.3931997212e-09, 3.01563574112e-09, 2.53195731048e-09, 2.00901650871e-09, 1.95370231104e-09, 1.90985582904e-09, 1.98344607405e-09, 1.85868032077e-09, 1.43080902681e-09, 1.33576660843e-09, 1.55835633286e-09, 1.38120714865e-09, 5.76995872956e-12, 4.90211170268e-12, 4.80760656979e-12, 4.69977789325e-12, 4.61153467843e-12, 4.52471437054e-12, 4.43045166526e-12, 4.37815495663e-12, 4.33543001846e-12, 4.3045675531e-12, 4.27804753428e-12],
        "min": [2.02970507068e-09, 2.7665848279e-08, 1.19803075904e-07, 1.08135952814e-06, 8.81321284396e-07, 3.11634892114e-07, 8.19721321932e-08, 3.44569031085e-07, 1.53431642502e-06, 1.21402729292e-06, 1.52496909323e-06, 1.80217887191e-06, 4.14632324919e-07, 3.45036232829e-06, 7.34780655876e-07, 4.30241954064e-07, 5.7682325405e-07, 9.07473747702e-07, 1.37033975989e-06, 1.24538576074e-06, 1.11228541755e-06, 1.20404774862e-06, 9.12362395411e-07, 4.05898276767e-07, 2.37696525573e-07, 1.7518345885e-07, 2.69674245601e-07, 4.31413070601e-07, 4.80071435049e-07, 3.05740826434e-07, 4.02577597924e-07, 1.84628248689e-07, 2.41918769461e-07, 2.15843385831e-07, 1.42385431445e-07, 2.7139856229e-07, 1.79787463139e-07, 1.79276895551e-07, 1.83163024303e-07, 1.66066499219e-07, 2.96325424642e-07, 4.19393728635e-07, 4.30268869422e-07, 1.9763676562e-07, 1.2176242592e-07, 3.27947986989e-07, 1.65198329682e-07, 1.86813593928e-07, 1.10161792577e-07, 1.32254101004e-07, 1.87672668517e-07, 1.44855619055e-07, 1.50504419594e-07, 2.11505636116e-07, 2.44779386094e-07, 1.83497704143e-07, 3.51460514025e-08, 1.92707972246e-07, 5.59850050763e-08, 7.74643282853e-08, 5.58366402004e-08, 4.11795575417e-08, 3.90046892562e-08, 1.78110024507e-08, 3.47761570652e-08, 3.88063163825e-08, 6.51707168231e-08, 4.65543905648e-08, 6.46420303951e-08, 5.62464776976e-08, 2.27089120841e-08, 3.01107334622e-08, 1.19396350584e-08, 1.11675868553e-08, 1.62988289532e-08, 9.41788425024e-09, 1.78602395096e-08, 7.84424880607e-09, 5.06488584406e-09, 2.72014921698e-09, 2.49739673386e-09, 2.00022043373e-09, 1.68297764613e-09, 1.56548451979e-09, 1.33752897646e-09, 9.49608836009e-10, 1.1212467621e-09, 1.28164545643e-09, 1.20620835542e-09, 1.11258380286e-09, 9.55222123622e-10, 1.0024610031e-09, 1.15177267723e-09, 8.7430485074e-10, 1.42256439961e-09, 1.29898058976e-09, 1.18233367541e-09, 1.17198473149e-09, 1.3096671525e-09, 1.83361281714e-09, 7.3634659481e-10, 1.1871966743e-09, 1.35232469667e-09, 1.32350763682e-09, 7.7384215702e-10, 8.59981308388e-10, 9.7411179123e-10, 6.83030798587e-10, 5.60185620113e-10, 7.50149553586e-10, 6.25323237635e-10, 6.98705371338e-10, 6.81426137739e-10, 5.10460063108e-10, 5.58870894007e-10, 5.9753585413e-10, 2.83850276617e-10, 2.80243845708e-13, 1.00712732425e-13, 1.05255180385e-13, 1.19713538128e-13, 1.28618903722e-13, 8.94801065383e-14, 1.35492799706e-13, 1.1897853037e-13, 1.30512720314e-13, 1.52123634327e-13, 1.25935110322e-13],
        "stdev": [1.55841262313e-05, 0.000135836336995, 0.000469237769721, 0.000777213368565, 0.000765089935157, 0.000526693416759, 0.000580812222324, 0.000890707131475, 0.00138697156217, 0.00174686778337, 0.00136497383937, 0.000861958134919, 0.00113953580149, 0.00102443422657, 0.00104251259472, 0.00116910447832, 0.000918202975299, 0.00167357164901, 0.00102008529939, 0.00107909494545, 0.000986649189144, 0.000774559099227, 0.000672966241837, 0.000440675066784, 0.000685949809849, 0.000488851161208, 0.000472048297524, 0.000372273847461, 0.000194261127035, 0.000424302124884, 0.000461559538962, 0.000251132645644, 0.000350687449099, 0.000153849847266, 0.00019377998251, 0.000163857723237, 0.000158716909937, 0.000151727857883, 0.000372815149603, 0.000423603487434, 0.000103856684291, 0.000256502331467, 0.000281859771349, 0.000145122190588, 0.000174803673872, 0.000366634747479, 0.000330743496306, 0.000162819284014, 0.000127456398332, 0.000431977823609, 0.00010972902237, 8.28285628813e-05, 0.000129844556795, 0.000141435884871, 0.000153103130287, 0.000128663654323, 0.000150635285536, 0.000124843747471, 0.000141155192978, 9.22158142203e-05, 6.20137507212e-05, 7.06733335392e-05, 4.74768457934e-05, 4.49779072369e-05, 6.87103456585e-05, 4.5997556299e-05, 3.39885591529e-05, 2.38483899011e-05, 1.82616950042e-05, 2.3780425181e-05, 2.05429041671e-05, 1.12986463137e-05, 6.66942241878e-06, 5.43395208297e-06, 4.98228973811e-06, 3.48765865965e-06, 2.67164023171e-06, 1.94013045984e-06, 1.4870022369e-06, 1.26844474835e-06, 8.33733793115e-07, 6.59371778511e-07, 3.25638211507e-07, 2.27554920684e-07, 1.52283988086e-07, 8.67378417979e-08, 4.56446507258e-08, 2.69586433177e-08, 2.93880297875e-08, 4.5971056295e-08, 3.75457318569e-08, 5.26325507622e-08, 7.27677829104e-08, 8.03015467454e-08, 8.230843207e-08, 7.53424131972e-08, 6.19960474069e-08, 4.98964318751e-08, 4.56010127436e-08, 3.92121854986e-08, 1.64914872869e-08, 2.67904045614e-08, 3.58283749335e-08, 2.03533261356e-08, 7.04427893794e-09, 2.60053978351e-09, 1.16956211382e-09, 8.04311395264e-10, 6.57193688358e-10, 5.98571359145e-10, 5.92031090818e-10, 5.33069699493e-10, 5.03259878215e-10, 4.04926869813e-10, 3.76968234406e-10, 4.39126707219e-10, 6.04381933389e-10, 2.11369238085e-11, 2.13211219513e-11, 2.09213583957e-11, 2.03338543919e-11, 1.98956198738e-11, 1.95371340633e-11, 1.90826764113e-11, 1.88060574058e-11, 1.84853781587e-11, 1.83710512081e-11, 1.82458805009e-11]
    },
    "mfcc": {
        "mean": [-665.893005371, 181.788574219, -59.9354972839, 36.994846344, -1.84820711613, -18.1644515991, 1.64880800247, -16.1120967865, -2.87079238892, -4.14684867859, -5.13463020325, -3.01382064819, -8.95963478088],
        "cov": [[900.790649414, -313.236846924, -317.645294189, 121.849441528, -122.163246155, 25.9738483429, 60.2761001587, -5.39169740677, 64.1434631348, 42.8534049988, 17.2007598877, 36.126914978, 15.4982213974], [-313.236846924, 726.810119629, -21.3648300171, -171.819793701, 88.4252700806, 5.93878221512, 61.3550567627, 34.3955459595, -32.1315498352, 28.0988140106, 17.6025848389, -40.2029457092, -9.96646785736], [-317.645294189, -21.3648300171, 564.061767578, 30.4451560974, 61.6762771606, 88.7086715698, -30.4655952454, 40.8660392761, 7.21117544174, -43.3397750854, -9.18367195129, -11.4060287476, -26.652173996], [121.849441528, -171.819793701, 30.4451560974, 299.767150879, 62.8372421265, -29.3540382385, -43.3376464844, 17.4614868164, 25.0009040833, -40.4409332275, -2.67746400833, 23.0944232941, 20.7233009338], [-122.163246155, 88.4252700806, 61.6762771606, 62.8372421265, 201.585540771, -2.57550287247, -38.3301773071, 31.6655693054, -2.61834764481, -7.23267173767, -16.6923923492, -1.81586360931, 2.98278880119], [25.9738483429, 5.93878221512, 88.7086715698, -29.3540382385, -2.57550287247, 196.151199341, 77.4132461548, -16.1832904816, 28.9352016449, 29.827173233, 5.91730737686, -24.0408649445, -10.2028846741], [60.2761001587, 61.3550567627, -30.4655952454, -43.3376464844, -38.3301773071, 77.4132461548, 167.593475342, 16.5525398254, 0.675986886024, 50.7327613831, 4.11500501633, 3.97702598572, 20.9858207703], [-5.39169740677, 34.3955459595, 40.8660392761, 17.4614868164, 31.6655693054, -16.1832904816, 16.5525398254, 117.876800537, 13.651216507, -30.1439933777, 25.557592392, 8.19963550568, -11.2036161423], [64.1434631348, -32.1315498352, 7.21117544174, 25.0009040833, -2.61834764481, 28.9352016449, 0.675986886024, 13.651216507, 88.3838424683, 24.2027645111, -19.725561142, 5.17517328262, 12.6480541229], [42.8534049988, 28.0988140106, -43.3397750854, -40.4409332275, -7.23267173767, 29.827173233, 50.7327613831, -30.1439933777, 24.2027645111, 119.312591553, 10.6633653641, -5.06991815567, 18.224937439], [17.2007598877, 17.6025848389, -9.18367195129, -2.67746400833, -16.6923923492, 5.91730737686, 4.11500501633, 25.557592392, -19.725561142, 10.6633653641, 110.361618042, 10.7529973984, -23.2839221954], [36.126914978, -40.2029457092, -11.4060287476, 23.0944232941, -1.81586360931, -24.0408649445, 3.97702598572, 8.19963550568, 5.17517328262, -5.06991815567, 10.7529973984, 77.0945281982, 35.9300308228], [15.4982213974, -9.96646785736, -26.652173996, 20.7233009338, 2.98278880119, -10.2028846741, 20.9858207703, -11.2036161423, 12.6480541229, 18.224937439, -23.2839221954, 35.9300308228, 91.2415924072]],
        "icov": [[0.00222142483108, 0.000678284675814, 0.00140385888517, -0.000961994170211, 0.000983479083516, -0.000969703833107, -0.000151437328896, -0.00085732829757, -0.000549880904146, -0.000663456972688, 0.000219243680476, -0.000717166578397, 0.000661410856992], [0.000678284675814, 0.00226441165432, 0.000452994863736, 0.00114059483167, -0.00134081440046, 0.00044147783774, -0.00126916507725, -0.000129968393594, -0.000488898658659, 0.00034754400258, -0.000829903816339, 0.00106562220026, -0.00025851308601], [0.00140385888517, 0.000452994863736, 0.00314989103936, -0.000748536374886, 0.000449056882644, -0.0024381596595, 0.00113771611359, -0.0018707702402, 0.00043445819756, -0.000346818589605, 0.000879222818185, -0.00083440443268, 0.000684420985635], [-0.000961994170211, 0.00114059483167, -0.000748536374886, 0.00563618773594, -0.00307274982333, 0.00177738792263, -0.00103988393676, 0.00145997758955, -0.00234943791293, 0.0028378739953, -0.00195183546748, 0.0010014292784, -0.00162673578598], [0.000983479083516, -0.00134081440046, 0.000449056882644, -0.00307274982333, 0.00864026881754, -0.00293026259169, 0.00424716901034, -0.00456880778074, 0.00340645085089, -0.00373449735343, 0.0035671016667, -0.00168943370227, 0.000216867163545], [-0.000969703833107, 0.00044147783774, -0.0024381596595, 0.00177738792263, -0.00293026259169, 0.0107566202059, -0.00697781378403, 0.00573592726141, -0.00586655549705, 0.00312910811044, -0.00378736085258, 0.00374364480376, 0.000452415057225], [-0.000151437328896, -0.00126916507725, 0.00113771611359, -0.00103988393676, 0.00424716901034, -0.00697781378403, 0.0135208806023, -0.00721391011029, 0.0064447587356, -0.00665228627622, 0.00412814738229, -0.00266846269369, -0.00191951158922], [-0.00085732829757, -0.000129968393594, -0.0018707702402, 0.00145997758955, -0.00456880778074, 0.00573592726141, -0.00721391011029, 0.0162582620978, -0.00796147808433, 0.00772133190185, -0.00655055418611, 0.00141946296208, 0.00103045662399], [-0.000549880904146, -0.000488898658659, 0.00043445819756, -0.00234943791293, 0.00340645085089, -0.00586655549705, 0.0064447587356, -0.00796147808433, 0.0193721652031, -0.00797498133034, 0.00694990018383, -0.00293715088628, -0.000689041800797], [-0.000663456972688, 0.00034754400258, -0.000346818589605, 0.0028378739953, -0.00373449735343, 0.00312910811044, -0.00665228627622, 0.00772133190185, -0.00797498133034, 0.0158771686256, -0.00607715407386, 0.00369343464263, -0.0027161880862], [0.000219243680476, -0.000829903816339, 0.000879222818185, -0.00195183546748, 0.0035671016667, -0.00378736085258, 0.00412814738229, -0.00655055418611, 0.00694990018383, -0.00607715407386, 0.0145615506917, -0.00536129996181, 0.00435594050214], [-0.000717166578397, 0.00106562220026, -0.00083440443268, 0.0010014292784, -0.00168943370227, 0.00374364480376, -0.00266846269369, 0.00141946296208, -0.00293715088628, 0.00369343464263, -0.00536129996181, 0.0196622554213, -0.00841260049492], [0.000661410856992, -0.00025851308601, 0.000684420985635, -0.00162673578598, 0.000216867163545, 0.000452415057225, -0.00191951158922, 0.00103045662399, -0.000689041800797, -0.0027161880862, 0.00435594050214, -0.00841260049492, 0.0170626975596]]
    },
    "spectral_contrast_coeffs": {
        "max": [-0.382261157036, -0.475955694914, -0.499149650335, -0.571034193039, -0.558107435703, -0.559485435486],
        "mean": [-0.654778301716, -0.725749313831, -0.749261021614, -0.760396003723, -0.746018469334, -0.746954441071],
        "min": [-0.873250901699, -0.900208771229, -0.900057077408, -0.902652442455, -0.864874660969, -0.841249108315],
        "stdev": [0.0740711465478, 0.0724572762847, 0.0638166815042, 0.058874823153, 0.0580663792789, 0.0412229113281]
    },
    "spectral_contrast_valleys": {
        "max": [-5.33195781708, -4.901658535, -5.5472073555, -5.78059482574, -5.76233673096, -9.97546577454],
        "mean": [-6.87312889099, -6.36841869354, -7.21105718613, -7.26224374771, -7.51405954361, -11.7453536987],
        "min": [-9.07764720917, -7.86948013306, -8.78427600861, -8.83438205719, -9.24182605743, -12.3138561249],
        "stdev": [0.634298801422, 0.443770110607, 0.508015692234, 0.447446137667, 0.566924571991, 0.412767648697]
    }
},
"rhythm": {
    "beats_count": 41,
    "beats_loudness": {
        "max": 0.0505338609219,
        "mean": 0.0248655509204,
        "min": 0.0105337006971,
        "stdev": 0.00943574588746
    },
    "bpm": 73.9697418213,
    "bpm_histogram_first_peak_bpm": 74,
    "bpm_histogram_first_peak_weight": 0.151515066624,
    "bpm_histogram_second_peak_bpm": 92,
    "bpm_histogram_second_peak_spread": 0.285714268684,
    "bpm_histogram_second_peak_weight": 0.125,
    "danceability": 1.34948766232,
    "onset_rate": 2.70703101158,
    "beats_loudness_band_ratio": {
        "max": [0.656910657883, 0.802209854126, 0.527193069458, 0.447238534689, 0.435050487518, 0.263143509626],
        "mean": [0.200562775135, 0.233667626977, 0.226136386395, 0.15501280129, 0.169145718217, 0.0603635907173],
        "min": [0.0085402932018, 0.0231276340783, 0.044935721904, 0.010259764269, 0.0123383058235, 0.0017214587424],
        "stdev": [0.194146603346, 0.164820969105, 0.119349040091, 0.114375308156, 0.122664518654, 0.0585620254278]
    },
    "beats_position": [0.603718817234, 1.23065757751, 1.8575963974, 2.50775504112, 3.15791368484, 3.80807256699, 4.45823097229, 5.10838985443, 5.94430828094, 6.7570066452, 7.55809497833, 8.35918331146, 9.17188167572, 9.97297000885, 10.7856683731, 11.6099767685, 12.4226751328, 13.235373497, 14.0364627838, 14.8259410858, 15.6270294189, 16.4165077209, 17.2292060852, 18.0419044495, 18.877822876, 19.6905212402, 20.5032196045, 21.3159179688, 22.1402263641, 22.9529247284, 23.7656230927, 24.5783214569, 25.4026298523, 26.1921081543, 26.9931964874, 27.8058948517, 28.6302032471, 29.4429016113, 30.2555999756, 31.0682983398, 31.8809967041],
