{
"metadata": {
    "version": {
        "essentia": "2.1-beta5",
        "essentia_git_sha": "Undefined",
        "extractor": "music 2.0"
    },
    "audio_properties": {
        "analysis": {
            "equal_loudness": 0,
            "length": 52.2448997498,
            "sample_rate": 44100,
            "start_time": 61.4980506897,
            "downmix": "mix"
        },
        "bit_rate": 192000,
        "length": 167.090789795,
        "lossless": 0,
        "number_channels": 2,
        "replay_gain": -3.93243789673,
        "sample_rate": 44100,
        "codec": "mp3",
        "md5_encoded": "d3fd934340282fa1145c839a2cbc9466"
    },
    "tags": {
        "file_name": "United KingdomUK_A Message To Your Heart_Samantha Janus.mp3",
        "encoding": ["Lavf58.29.100"]
    }
},
"lowlevel": {
    "average_loudness": 0.95019286871,
    "barkbands_crest": {
        "max": 23.5159473419,
        "mean": 8.591340065,
        "min": 2.69571805,
        "stdev": 3.50289034843
    },
    "barkbands_flatness_db": {
        "max": 0.273022174835,
        "mean": 0.157070815563,
        "min": 0.0635985061526,
        "stdev": 0.0301485341042
    },
    "barkbands_kurtosis": {
        "max": 23.2775974274,
        "mean": 0.69242221117,
        "min": -1.8440669775,
        "stdev": 2.8538415432
    },
    "barkbands_skewness": {
        "max": 4.5613822937,
        "mean": 0.732249319553,
        "min": -2.19872331619,
        "stdev": 0.850771427155
    },
    "barkbands_spread": {
        "max": 49.2129249573,
        "mean": 20.7480278015,
        "min": 3.28997826576,
        "stdev": 8.35863113403
    },
    "dissonance": {
        "max": 0.500000059605,
        "mean": 0.471304029226,
        "min": 0.316076129675,
        "stdev": 0.023713953793
    },
    "dynamic_complexity": 1.48953855038,
    "erbbands_crest": {
        "max": 28.6767578125,
        "mean": 9.76779747009,
        "min": 2.80277299881,
        "stdev": 5.28164148331
    },
    "erbbands_flatness_db": {
        "max": 0.362568467855,
        "mean": 0.226489558816,
        "min": 0.123976372182,
        "stdev": 0.0360911414027
    },
    "erbbands_kurtosis": {
        "max": 13.7565174103,
        "mean": 0.139354869723,
        "min": -1.712449193,
        "stdev": 1.61262321472
    },
    "erbbands_skewness": {
        "max": 2.89558959007,
        "mean": -0.0727673619986,
        "min": -3.05740976334,
        "stdev": 0.731363594532
    },
    "erbbands_spread": {
        "max": 73.7811889648,
        "mean": 29.5763244629,
        "min": 4.06209754944,
        "stdev": 12.5545883179
    },
    "hfc": {
        "max": 80.1658935547,
        "mean": 26.5356464386,
        "min": 3.01064610481,
        "stdev": 13.6386165619
    },
    "loudness_ebu128": {
        "integrated": -19.4564189911,
        "loudness_range": 1.51633644104,
        "momentary": {
            "max": -16.9835987091,
            "mean": -19.601102829,
            "min": -22.7067527771,
            "stdev": 1.13646936417
        },
        "short_term": {
            "max": -18.0852527618,
            "mean": -19.5065441132,
            "min": -20.3452167511,
            "stdev": 0.514496028423
        }
    },
    "melbands_crest": {
        "max": 29.978219986,
        "mean": 11.2304172516,
        "min": 3.54102396965,
        "stdev": 4.43733453751
    },
    "melbands_flatness_db": {
        "max": 0.350891947746,
        "mean": 0.20387879014,
        "min": 0.0591480955482,
        "stdev": 0.041546087712
    },
    "melbands_kurtosis": {
        "max": 56.3552131653,
        "mean": 3.77729177475,
        "min": -1.74079716206,
        "stdev": 5.93763971329
    },
    "melbands_skewness": {
        "max": 6.57904911041,
        "mean": 1.48410642147,
        "min": -1.08981132507,
        "stdev": 1.08086144924
    },
    "melbands_spread": {
        "max": 87.0089874268,
        "mean": 29.8271121979,
        "min": 3.59310030937,
        "stdev": 13.7066431046
    },
    "pitch_salience": {
        "max": 0.833376467228,
        "mean": 0.596531033516,
        "min": 0.201484844089,
        "stdev": 0.0996496677399
    },
    "silence_rate_20dB": {
        "max": 1,
        "mean": 1,
        "min": 1,
        "stdev": 0
    },
    "silence_rate_30dB": {
        "max": 1,
        "mean": 1,
        "min": 1,
        "stdev": 0
    },
    "silence_rate_60dB": {
        "max": 1,
        "mean": 0.001776988036,
        "min": 0,
        "stdev": 0.0421167239547
    },
    "spectral_centroid": {
        "max": 3333.99511719,
        "mean": 1609.33752441,
        "min": 338.747558594,
        "stdev": 508.992248535
    },
    "spectral_complexity": {
        "max": 54,
        "mean": 27.9560203552,
        "min": 4,
        "stdev": 8.04746341705
    },
    "spectral_decrease": {
        "max": -3.39251959858e-10,
        "mean": -6.53681020424e-09,
        "min": -1.94835632072e-08,
        "stdev": 2.64550248374e-09
    },
    "spectral_energy": {
        "max": 0.0776979550719,
        "mean": 0.0270782653242,
        "min": 0.00165768514853,
        "stdev": 0.0108683984727
    },
    "spectral_energyband_high": {
        "max": 0.00388799235225,
        "mean": 0.000465773162432,
        "min": 9.19892409001e-06,
        "stdev": 0.00041514026816
    },
    "spectral_energyband_low": {
        "max": 0.0259222574532,
        "mean": 0.00263396417722,
        "min": 1.91274630197e-05,
        "stdev": 0.00302332174033
    },
    "spectral_energyband_middle_high": {
        "max": 0.0517430528998,
        "mean": 0.010677235201,
        "min": 0.000424065307016,
        "stdev": 0.00838976446539
    },
    "spectral_energyband_middle_low": {
        "max": 0.0706136077642,
        "mean": 0.0143140451983,
        "min": 0.000358583551133,
        "stdev": 0.00899591948837
    },
    "spectral_entropy": {
        "max": 8.04939556122,
        "mean": 7.37395715714,
        "min": 6.22534513474,
        "stdev": 0.264213353395
    },
    "spectral_flux": {
        "max": 0.221814066172,
        "mean": 0.0898275077343,
        "min": 0.0260888990015,
        "stdev": 0.0297982022166
    },
    "spectral_kurtosis": {
        "max": 34.3043022156,
        "mean": 5.65191364288,
        "min": 0.206451416016,
        "stdev": 3.75278067589
    },
    "spectral_rms": {
        "max": 0.00870648492128,
        "mean": 0.00503631355241,
        "min": 0.00127171294298,
        "stdev": 0.00102633750066
    },
    "spectral_rolloff": {
        "max": 4844.97070312,
        "mean": 1791.94055176,
        "min": 236.865234375,
        "stdev": 787.819396973
    },
    "spectral_skewness": {
        "max": 3.95677423477,
        "mean": 1.14548265934,
        "min": 0.0862524881959,
        "stdev": 0.48348531127
    },
    "spectral_spread": {
        "max": 6415832,
        "mean": 2514849,
        "min": 1560311.5,
        "stdev": 375678.15625
    },
    "spectral_strongpeak": {
        "max": 17.7801475525,
        "mean": 1.78838956356,
        "min": 0.0576281510293,
        "stdev": 1.95169460773
    },
    "zerocrossingrate": {
        "max": 0.13720703125,
        "mean": 0.0600930824876,
        "min": 0.015625,
        "stdev": 0.0177315622568
    },
    "barkbands": {
        "max": [9.74516151473e-05, 0.015159943141, 0.0194209422916, 0.0100617241114, 0.030648810789, 0.0386676564813, 0.0205152053386, 0.0499187335372, 0.0493893288076, 0.0443029142916, 0.0349549874663, 0.0360724367201, 0.0147887263447, 0.0246740300208, 0.0174998752773, 0.02196117118, 0.0191309582442, 0.0134112816304, 0.00405832426623, 0.00446710735559, 0.00159027357586, 0.00050435657613, 1.66187492141e-05, 4.92026701977e-05, 1.87408058991e-05, 9.72447651293e-07, 8.45646241032e-07],
        "mean": [5.90156741964e-06, 0.000681358738802, 0.00129911361728, 0.00128283759113, 0.00458706589416, 0.00208635139279, 0.00125605345238, 0.00159351667389, 0.00244775484316, 0.00226827803999, 0.000853749574162, 0.00180468859617, 0.00070596835576, 0.00128683820367, 0.00114537717309, 0.000848657218739, 0.000858654733747, 0.000730176980142, 0.000611626135651, 0.000539151835255, 0.000159758448717, 1.85590597539e-05, 1.61246532571e-06, 3.42750718119e-06, 1.37630217978e-06, 3.7298931943e-07, 6.12767365737e-08],
        "min": [1.78374630622e-08, 1.30368653117e-06, 5.42992347619e-06, 1.11626866328e-06, 2.33459086303e-05, 4.13205270888e-05, 1.0125200788e-05, 7.96606218501e-06, 1.30129110403e-05, 7.96292897576e-06, 8.01761052571e-06, 1.19861560961e-05, 6.89143780619e-06, 2.22132675844e-05, 2.58932977886e-05, 1.27055018311e-05, 1.40097172334e-05, 1.14322456284e-05, 1.33362664201e-05, 7.29776274966e-06, 1.27260295812e-06, 3.54331604058e-07, 1.96161238364e-07, 2.64645109382e-07, 3.22608826764e-07, 2.57090960076e-07, 6.62648291794e-09],
        "stdev": [1.03137126644e-05, 0.00156874896493, 0.00179303623736, 0.00105323456228, 0.00383290322497, 0.00263307848945, 0.00156320584938, 0.0033667802345, 0.00505051994696, 0.00473456084728, 0.00246496801265, 0.00314362277277, 0.00130111025646, 0.00239313486964, 0.00163363385946, 0.00171741947997, 0.00142656103708, 0.00104086846113, 0.000526909134351, 0.000493126455694, 0.000156577603775, 2.48752585321e-05, 1.56258556672e-06, 3.82003327104e-06, 1.34519609674e-06, 4.86254911891e-08, 3.56752742903e-08]
    },
    "erbbands": {
        "max": [0.173525080085, 4.30754518509, 16.9517993927, 27.962688446, 75.3049926758, 127.908607483, 240.485305786, 350.06350708, 261.019439697, 400.061859131, 1361.87548828, 1450.1015625, 1786.08850098, 1621.85266113, 1671.08508301, 1359.69726562, 614.830200195, 1206.25183105, 1156.30004883, 1477.05444336, 1121.42431641, 1017.15643311, 782.275817871, 381.888397217, 223.028869629, 254.538101196, 103.841781616, 38.6836128235, 24.9033622742, 2.55468058586, 0.581693708897, 1.00589358807, 1.01202082634, 0.364427357912, 0.0639415085316, 0.00478064734489, 0.0017584374873, 0.00054524774896, 0.000128591898829, 8.95933408174e-05],
        "mean": [0.0110380481929, 0.196286812425, 1.19796812534, 3.37559247017, 9.39665222168, 17.7663459778, 14.4739141464, 16.8732852936, 16.3549156189, 25.4416408539, 38.5530281067, 46.8734741211, 91.0471572876, 52.0252532959, 40.9902839661, 77.1790313721, 38.3796310425, 58.9142036438, 61.5015487671, 61.5199356079, 47.2303085327, 45.4287528992, 38.0537719727, 37.1179695129, 28.9118900299, 26.880563736, 11.8402643204, 3.29245567322, 0.855962574482, 0.141149818897, 0.0503842122853, 0.0633255541325, 0.0590766891837, 0.0218366030604, 0.00642147334293, 0.00174497440457, 0.000704523699824, 0.00018814203213, 1.97950448637e-05, 3.30253860739e-05],
        "min": [4.60515293526e-05, 0.000735264911782, 0.00758356554434, 0.00662097055465, 0.0189146883786, 0.0784809663892, 0.336432278156, 0.499237477779, 0.490349322557, 0.476817280054, 0.449427753687, 0.621335327625, 0.627866566181, 0.6047950387, 0.602827489376, 0.597220718861, 0.859104633331, 1.31147098541, 1.76237499714, 1.46307075024, 0.793152928352, 0.895700335503, 0.728693008423, 0.69663053751, 0.566837251186, 0.433154881001, 0.17182725668, 0.0397525317967, 0.0172966364771, 0.00685107521713, 0.00557633116841, 0.00504492083564, 0.00511116581038, 0.00396807212383, 0.0020821292419, 0.00102007156238, 0.00044788440573, 7.91637576185e-05, 4.06518256568e-06, 2.81472580355e-06],
        "stdev": [0.0232171602547, 0.431563585997, 1.70423781872, 2.9003098011, 7.96724271774, 16.3312225342, 18.2402019501, 23.7805233002, 22.2984428406, 31.973865509, 95.2676467896, 94.1391372681, 219.515762329, 121.255386353, 101.622344971, 127.796943665, 60.5017280579, 98.1330795288, 103.096389771, 102.830383301, 72.3680953979, 77.2481460571, 57.6327209473, 36.2919425964, 23.9771747589, 25.1838207245, 10.419342041, 3.56764650345, 1.11160409451, 0.175798997283, 0.0511574745178, 0.0673615559936, 0.0709587410092, 0.0243110433221, 0.00477652484551, 0.000323783053318, 0.000108402957267, 4.81266106362e-05, 6.99870133758e-06, 1.30089028971e-05]
    },
    "gfcc": {
        "mean": [-9.83003520966, 135.762802124, -170.285766602, 23.7199859619, -43.3200263977, -22.3898639679, -31.3641891479, -1.9087382555, -37.4549789429, -4.56692886353, -16.011428833, -17.963722229, -3.00108718872],
        "cov": [[413.508636475, -48.5433921814, -192.460891724, 70.6388244629, -27.2177600861, 25.9693241119, 66.282371521, -14.7808055878, 17.7241001129, 13.9792699814, 33.6355438232, -31.2311496735, 11.5247907639], [-48.5433921814, 275.981384277, 173.027801514, -112.61894989, 108.330406189, 25.9122161865, 47.8912620544, 46.7901687622, 10.3726730347, 9.0613822937, 12.5881271362, -1.74512314796, 3.24543452263], [-192.460891724, 173.027801514, 383.707794189, 86.3728942871, -1.00121593475, 8.90026473999, -41.9137687683, 32.8048019409, 22.7261352539, -4.81333494186, -3.02460336685, 30.3230285645, -17.5731105804], [70.6388244629, -112.61894989, 86.3728942871, 309.045013428, -37.9678077698, -31.3808479309, -56.8757019043, -7.83978796005, 36.5499916077, 5.35927963257, -0.300393402576, 40.3173294067, -8.90728664398], [-27.2177600861, 108.330406189, -1.00121593475, -37.9678077698, 190.711471558, 47.6858940125, 27.7462062836, 40.4500350952, 10.7410640717, 5.26962041855, 7.71909713745, 5.4233789444, 27.7016105652], [25.9693241119, 25.9122161865, 8.90026473999, -31.3808479309, 47.6858940125, 166.260787964, 76.8874435425, -14.0077676773, -17.367647171, 24.6260852814, 28.1575737, -15.6350603104, 10.77140522], [66.282371521, 47.8912620544, -41.9137687683, -56.8757019043, 27.7462062836, 76.8874435425, 149.208679199, 29.7164974213, -12.5765171051, 20.7624588013, 12.7742834091, -23.8372020721, 10.6592845917], [-14.7808055878, 46.7901687622, 32.8048019409, -7.83978796005, 40.4500350952, -14.0077676773, 29.7164974213, 130.892410278, 73.5111999512, -14.8096942902, -9.91025066376, 9.05225849152, 20.2873325348], [17.7241001129, 10.3726730347, 22.7261352539, 36.5499916077, 10.7410640717, -17.367647171, -12.5765171051, 73.5111999512, 98.6683349609, 18.140996933, -11.6132068634, 13.23416996, 13.7217130661], [13.9792699814, 9.0613822937, -4.81333494186, 5.35927963257, 5.26962041855, 24.6260852814, 20.7624588013, -14.8096942902, 18.140996933, 77.2326049805, 39.5596389771, -2.55389666557, -7.35676050186], [33.6355438232, 12.5881271362, -3.02460336685, -0.300393402576, 7.71909713745, 28.1575737, 12.7742834091, -9.91025066376, -11.6132068634, 39.5596389771, 73.9917984009, 18.8922405243, -7.56483840942], [-31.2311496735, -1.74512314796, 30.3230285645, 40.3173294067, 5.4233789444, -15.6350603104, -23.8372020721, 9.05225849152, 13.23416996, -2.55389666557, 18.8922405243, 71.5679550171, 18.4020328522], [11.5247907639, 3.24543452263, -17.5731105804, -8.90728664398, 27.7016105652, 10.77140522, 10.6592845917, 20.2873325348, 13.7217130661, -7.35676050186, -7.56483840942, 18.4020328522, 60.0172996521]],
        "icov": [[0.0176046825945, -0.0247487220913, 0.0234098769724, -0.0191996581852, 0.0148962661624, -0.00667385663837, -7.72382190917e-05, 0.00520098721609, -0.0106090055779, 0.0143312569708, -0.0145405940711, 0.0128284562379, -0.00704327970743], [-0.0247487220913, 0.0556005164981, -0.0463321059942, 0.036729965359, -0.0327540785074, 0.0178095083684, -0.0114412521943, 0.00257710786536, 0.00351347937249, -0.013771397993, 0.0118661746383, -0.0152119286358, 0.0103819007054], [0.0234098769724, -0.0463321059942, 0.0431592054665, -0.0325546860695, 0.027716036886, -0.0159864332527, 0.00926887150854, -0.00250501744449, -0.00453818682581, 0.013231895864, -0.0118880588561, 0.0134211825207, -0.00786128640175], [-0.0191996581852, 0.036729965359, -0.0325546860695, 0.0296722594649, -0.0213447269052, 0.0114393737167, -0.00517642498016, 0.00089856662089, 0.00342736090533, -0.0120016839355, 0.0116981901228, -0.0145013527945, 0.00865281745791], [0.0148962661624, -0.0327540785074, 0.027716036886, -0.0213447269052, 0.0260818321258, -0.012872072868, 0.00807838141918, -0.00543466955423, 0.000404376245569, 0.00609756819904, -0.0063016875647, 0.00848993472755, -0.00821011140943], [-0.00667385663837, 0.0178095083684, -0.0159864332527, 0.0114393737167, -0.012872072868, 0.0167714320123, -0.0111295152456, 0.00852777250111, -0.00512538617477, 0.000490799895488, -0.00349093275145, -0.000485905853566, 0.000301627471345], [-7.72382190917e-05, -0.0114412521943, 0.00926887150854, -0.00517642498016, 0.00807838141918, -0.0111295152456, 0.0211079139262, -0.0174385961145, 0.0176543407142, -0.0129401618615, 0.00961799267679, -0.00112064974383, -0.00107275752816], [0.00520098721609, 0.00257710786536, -0.00250501744449, 0.00089856662089, -0.00543466955423, 0.00852777250111, -0.0174385961145, 0.0361302234232, -0.0358871519566, 0.0264547038823, -0.020065240562, 0.00858418177813, -0.00358952768147], [-0.0106090055779, 0.00351347937249, -0.00453818682581, 0.00342736090533, 0.000404376245569, -0.00512538617477, 0.0176543407142, -0.0358871519566, 0.051265694201, -0.0364976860583, 0.0296835806221, -0.0146169066429, 0.00278410199098], [0.0143312569708, -0.013771397993, 0.013231895864, -0.0120016839355, 0.00609756819904, 0.000490799895488, -0.0129401618615, 0.0264547038823, -0.0364976860583, 0.0485192425549, -0.0356041304767, 0.018295135349, -0.00526616349816], [-0.0145405940711, 0.0118661746383, -0.0118880588561, 0.0116981901228, -0.0063016875647, -0.00349093275145, 0.00961799267679, -0.020065240562, 0.0296835806221, -0.0356041304767, 0.0462463237345, -0.0239588785917, 0.0110396705568], [0.0128284562379, -0.0152119286358, 0.0134211825207, -0.0145013527945, 0.00848993472755, -0.000485905853566, -0.00112064974383, 0.00858418177813, -0.0146169066429, 0.018295135349, -0.0239588785917, 0.0327195562422, -0.0138649521396], [-0.00704327970743, 0.0103819007054, -0.00786128640175, 0.00865281745791, -0.00821011140943, 0.000301627471345, -0.00107275752816, -0.00358952768147, 0.00278410199098, -0.00526616349816, 0.0110396705568, -0.0138649521396, 0.0259351488203]]
    },
    "melbands": {
        "max": [0.0028473327402, 0.00634784530848, 0.0042650392279, 0.00769386254251, 0.00633591879159, 0.00754236849025, 0.00347651471384, 0.00379118532874, 0.0101651856676, 0.00924926158041, 0.00858749635518, 0.00704226503149, 0.00479074427858, 0.00542874773964, 0.00253813015297, 0.00158190296497, 0.00275990879163, 0.00254327477887, 0.00102437927853, 0.00205399934202, 0.00148421328049, 0.00130969483871, 0.00105101952795, 0.000495880492963, 0.00034271235927, 0.000177744048415, 0.00013671083434, 0.000191507060663, 7.56720546633e-05, 4.30419277109e-05, 2.25014282478e-05, 1.76322027983e-05, 4.74090165881e-06, 5.5896214235e-07, 3.58034867531e-07, 5.45650664208e-07, 6.18353567461e-07, 8.15059365777e-07, 6.03727301041e-07, 2.73434068276e-07],
        "mean": [0.000144099409226, 0.000522788090166, 0.000723261851817, 0.00105169671588, 0.000551396107767, 0.000382716971217, 0.000254968384979, 0.000284990324872, 0.000308694463456, 0.000329643982695, 0.000447232159786, 0.00020722480258, 0.000118223942991, 0.000213041072129, 0.00012504820188, 7.39733150112e-05, 0.000115812341392, 0.000101012483356, 8.23927621241e-05, 6.77440984873e-05, 5.62410750717e-05, 5.1206916396e-05, 3.50270493072e-05, 3.48709472746e-05, 2.9613962397e-05, 2.17406068259e-05, 1.92270617845e-05, 1.76067023858e-05, 8.42387089506e-06, 3.54603412234e-06, 1.29841282615e-06, 5.24116217093e-07, 1.76936268304e-07, 3.37828183206e-08, 2.27851391088e-08, 3.45561765869e-08, 4.04145694688e-08, 4.35217408778e-08, 3.37045200638e-08, 1.35652973299e-08],
        "min": [4.17582469936e-07, 3.47772515852e-06, 1.36599999223e-06, 3.06915944748e-06, 1.19731030281e-05, 8.70517669682e-06, 6.82600239088e-06, 3.64798097507e-06, 3.87648242395e-06, 2.04951220439e-06, 2.73469663625e-06, 1.84922578228e-06, 1.37974768677e-06, 1.13430974125e-06, 8.96923666005e-07, 1.24741075069e-06, 1.05289620933e-06, 7.56078918585e-07, 1.87820717201e-06, 1.43754516557e-06, 6.90894353284e-07, 9.58433815867e-07, 4.57515454855e-07, 5.23217863702e-07, 5.42241650692e-07, 3.58122917987e-07, 3.80309984394e-07, 2.30316288707e-07, 1.13693140236e-07, 2.79893619393e-08, 1.78763048808e-08, 8.66634941588e-09, 3.9954302089e-09, 3.01758795729e-09, 2.72632183496e-09, 2.39638997535e-09, 2.9043298877e-09, 2.94867308348e-09, 3.07520831022e-09, 2.77494849321e-09],
        "stdev": [0.00032120294054, 0.00072234775871, 0.000508494034875, 0.000928636349272, 0.000583245244343, 0.000516989151947, 0.000325688539306, 0.000337749923347, 0.000792953767814, 0.000672646856401, 0.00107916188426, 0.000513171777129, 0.000313833123073, 0.000401177152526, 0.000201068178285, 0.000129341307911, 0.000213444945985, 0.000193406682229, 0.000116687755508, 0.000150451203808, 9.2615657195e-05, 9.4735136372e-05, 6.72084424878e-05, 4.73578766105e-05, 3.13999480568e-05, 1.93563209905e-05, 1.79272792593e-05, 1.82076237252e-05, 8.0992203948e-06, 4.02874957217e-06, 1.57599322392e-06, 7.33751107873e-07, 2.61551605263e-07, 4.0104016108e-08, 2.50331293472e-08, 4.01494233415e-08, 4.30814743879e-08, 5.42320783836e-08, 4.17821368615e-08, 1.52424348698e-08]
    },
    "melbands128": {
        "max": [9.48572705965e-05, 0.00128172186669, 0.00349257304333, 0.00876928493381, 0.00881980918348, 0.0105005446821, 0.00712341303006, 0.00529131526127, 0.00894826557487, 0.0125202620402, 0.00834514386952, 0.00706388987601, 0.0101266624406, 0.014368513599, 0.0121659543365, 0.0106522999704, 0.00730870757252, 0.00489901844412, 0.0070991627872, 0.00548581965268, 0.00339439557865, 0.0133334621787, 0.017252927646, 0.0107362316921, 0.0136221628636, 0.0112260049209, 0.0192348659039, 0.0126871960238, 0.0161254312843, 0.0127060804516, 0.0117778377607, 0.00581530481577, 0.00626590847969, 0.010995852761, 0.00860299356282, 0.0104502886534, 0.00603515934199, 0.00453983061016, 0.00393004948273, 0.00316186971031, 0.00344870961271, 0.00215216400102, 0.00361724686809, 0.00618593906984, 0.00535613764077, 0.00344061502255, 0.00428573647514, 0.00159559980966, 0.00198579882272, 0.00549099501222, 0.00370470900089, 0.00184407480992, 0.00318430294283, 0.00193173543084, 0.0028695568908, 0.00265167979524, 0.00170304451603, 0.00177365948912, 0.00167643325403, 0.00158675969578, 0.00106663804036, 0.000683657592162, 0.000916419608984, 0.000517097010743, 0.000498425622936, 0.000256317434832, 0.000239771354245, 0.000347304827301, 0.000233864877373, 0.000214689658605, 0.000465098331915, 0.000217227934627, 0.000148836130393, 0.000118415919133, 0.000142571137985, 0.000102649028122, 5.21534821019e-05, 2.78874667856e-05, 3.20468861901e-05, 1.56044025061e-05, 1.82950843737e-05, 2.4751852834e-05, 8.68707320478e-06, 3.51941389454e-06, 1.28160741042e-06, 9.41231121487e-07, 4.30597424383e-07, 1.89169213627e-07, 5.22167965755e-07, 5.93793970438e-07, 5.67491383663e-07, 7.66083928738e-07, 9.76805949904e-07, 6.76714591918e-07, 4.8649638984e-07, 7.36179003979e-07, 1.22499704958e-06, 7.94724599018e-07, 7.67552478464e-07, 6.1423469333e-07, 2.33135963867e-07, 3.53504503892e-07, 2.31210179891e-07, 1.40218787692e-07, 5.60433974783e-08, 4.50700561316e-08, 1.43012917064e-08, 1.02366763954e-08, 7.26859861189e-09, 7.19371762159e-09, 6.06975980588e-09, 7.395061008e-09, 6.35367758406e-09, 5.41913758312e-09, 4.4713193148e-09, 5.06929120903e-09, 6.02326233334e-09, 3.95426313915e-09, 3.92142585071e-09, 3.8184513329e-09, 3.76629261112e-09, 3.66258756657e-09, 3.57465901324e-09, 3.52458506825e-09, 3.46655970596e-09, 3.42803119224e-09, 3.4100289259e-09, 3.38538708178e-09],
        "mean": [5.19533932675e-06, 5.48892530787e-05, 0.000182074654731, 0.00035021835356, 0.000513792794663, 0.000685647013597, 0.000671713147312, 0.000637442863081, 0.000891051022336, 0.00131888943724, 0.00102848559618, 0.000570554228034, 0.000488211982884, 0.00042162911268, 0.000363232626114, 0.000411453103879, 0.000279907719232, 0.000206443844945, 0.000221151072765, 0.000336120690918, 0.000249508710112, 0.000339803926181, 0.000355558877345, 0.000216995947994, 0.000259957974777, 0.000273293466307, 0.000709047482815, 0.000486013886984, 0.000243730202783, 0.000223702954827, 0.000221860012971, 0.000109903390694, 0.000113914429676, 0.000106807601696, 0.000160651179613, 0.000285929796519, 0.000244603899773, 8.58246858115e-05, 8.40189604787e-05, 8.09897828731e-05, 5.28212331119e-05, 9.28648296394e-05, 0.000118749609101, 0.000130932108732, 0.000114209287858, 8.62296437845e-05, 0.000106574203528, 5.83884684602e-05, 8.19101842353e-05, 0.000113307280117, 5.72587341594e-05, 3.20652980008e-05, 5.52564088139e-05, 6.48622080917e-05, 6.69100118103e-05, 5.34978680662e-05, 3.17499834637e-05, 3.87769869121e-05, 3.54664553015e-05, 2.96757443721e-05, 3.51099333784e-05, 3.80683741241e-05, 3.5701883462e-05, 2.53285561485e-05, 2.33053979173e-05, 2.14585834328e-05, 2.09731661016e-05, 2.0431505618e-05, 1.74466404133e-05, 1.86539800779e-05, 2.36286705331e-05, 1.26542627186e-05, 1.01789028122e-05, 8.4492003225e-06, 5.4853508118e-06, 4.09784888689e-06, 2.46826562034e-06, 1.67422638242e-06, 1.19604180782e-06, 8.90663500286e-07, 5.69148710383e-07, 3.78848426408e-07, 3.2464134847e-07, 1.4945257476e-07, 7.15640666726e-08, 4.14131022808e-08, 2.05188044333e-08, 1.51533026127e-08, 2.0751814489e-08, 2.91512911588e-08, 3.46185480282e-08, 3.49856037474e-08, 3.73455897318e-08, 3.90047780741e-08, 4.48107151385e-08, 4.21654107186e-08, 4.53805242273e-08, 4.06089171179e-08, 4.06703328792e-08, 2.86289960627e-08, 1.11843601047e-08, 1.24447652183e-08, 1.31771775713e-08, 9.65022639576e-09, 6.56552812117e-09, 4.43809300421e-09, 3.88970766707e-09, 3.16092108044e-09, 2.52014831226e-09, 2.41483277819e-09, 2.37893904576e-09, 2.47033571377e-09, 2.35786723479e-09, 1.74663139507e-09, 1.62659030689e-09, 2.15068252096e-09, 2.17612794451e-09, 8.72439447075e-12, 7.43342280091e-12, 7.27105094883e-12, 7.1252717268e-12, 6.97448652651e-12, 6.83080935565e-12, 6.71316084319e-12, 6.63268138329e-12, 6.568140129e-12, 6.51826552803e-12, 6.47468970799e-12],
        "min": [1.09790523894e-10, 1.78411134755e-08, 8.54347206314e-08, 2.11704531239e-07, 6.30585986983e-07, 2.04070443033e-06, 1.19536025522e-06, 2.80325565427e-07, 2.04562888939e-06, 1.75645061518e-06, 5.39008794931e-07, 2.15558929995e-06, 2.77261187875e-06, 3.08179551212e-06, 2.28892349696e-06, 5.72213991745e-07, 6.32984210824e-07, 6.0068532548e-07, 6.90591377861e-07, 1.37747588269e-06, 1.85782141671e-06, 3.75513565132e-07, 4.16220586885e-07, 6.7522239533e-07, 4.01924324933e-07, 5.60968089758e-07, 6.49756657367e-07, 3.44334921465e-07, 5.56663394491e-07, 4.20334259843e-07, 1.77460918849e-07, 6.08566494975e-07, 3.0657457728e-07, 3.8160064264e-07, 4.58607303244e-07, 1.05117078419e-06, 6.59875809106e-07, 2.14332558812e-07, 2.5703698725e-07, 2.56138378063e-07, 1.32185974167e-07, 1.46401347934e-07, 3.07392838295e-07, 2.71688065823e-07, 4.05741843679e-07, 3.03267171375e-07, 3.34249364187e-07, 3.47543220869e-07, 3.47695362279e-07, 8.27114774893e-07, 4.92085177939e-07, 1.21293822986e-07, 1.64886202469e-07, 3.88562341413e-07, 6.4837388436e-07, 4.16625283606e-07, 2.06272375181e-07, 1.66970309579e-07, 2.09649769545e-07, 1.52393553776e-07, 2.12551711343e-07, 1.23641285654e-07, 2.66284587269e-07, 2.96689393053e-07, 1.77181590288e-07, 1.76514106442e-07, 2.33241777892e-07, 2.67395535047e-07, 1.71172246155e-07, 9.24403451563e-08, 1.44936734614e-07, 1.75397786961e-07, 7.29663369725e-08, 5.89654121086e-08, 3.44096804383e-08, 3.32945013781e-08, 9.60648804949e-09, 1.03150030739e-08, 8.55883897088e-09, 1.10098330453e-08, 3.39832895158e-09, 3.02375857686e-09, 3.21574455953e-09, 2.45850917402e-09, 1.56470481016e-09, 1.84730142294e-09, 1.17935794464e-09, 1.73981118401e-09, 1.82586545883e-09, 1.2583486475e-09, 2.05671324416e-09, 1.8345793773e-09, 2.10200212791e-09, 1.55344881403e-09, 2.68924926772e-09, 1.73198788644e-09, 1.95777594136e-09, 2.71475308899e-09, 1.91110238745e-09, 2.52159981784e-09, 1.48573064962e-09, 1.68895075703e-09, 1.49970325047e-09, 1.43677736375e-09, 1.25612964474e-09, 1.2592068499e-09, 1.02402808455e-09, 1.00216834831e-09, 7.14902526067e-10, 7.66909924454e-10, 7.0312133893e-10, 8.83319306588e-10, 8.93651652678e-10, 5.4180632203e-10, 5.41251155006e-10, 7.95858268177e-10, 3.96788268908e-10, 5.14205594337e-13, 1.19423446284e-13, 1.23327387257e-13, 1.30219606257e-13, 1.10965422506e-13, 1.50970856367e-13, 1.54728389389e-13, 1.25701464754e-13, 1.48550131072e-13, 1.64238089274e-13, 1.48650162275e-13],
        "stdev": [9.98861651169e-06, 0.000128517727717, 0.00044827448437, 0.000866976217367, 0.000900591199752, 0.000913478899747, 0.000706677790731, 0.000545230868738, 0.000869299517944, 0.00150058732834, 0.00108938571066, 0.00067509355722, 0.000810997211374, 0.000751679355744, 0.000655506446492, 0.000781716255005, 0.000553869409487, 0.000361631711712, 0.000335497461492, 0.000572586315684, 0.00034543860238, 0.000825618219096, 0.00136079685763, 0.000705239886884, 0.000883210857864, 0.000785830197856, 0.0023055083584, 0.00137096492108, 0.000863080378622, 0.000703061232343, 0.000778955523856, 0.000364637875464, 0.000369507411961, 0.000583972374443, 0.000491272134241, 0.000645484542474, 0.000506107695401, 0.000258432904957, 0.000203771473025, 0.000212401209865, 0.000160154435434, 0.000200509210117, 0.000275391415926, 0.000389470456867, 0.000362075050361, 0.000221955793677, 0.000276455830317, 0.000135972426506, 0.000163899821928, 0.000300291139865, 0.000211294420296, 9.3462280347e-05, 0.000150515770656, 0.000127523264382, 0.000153481480083, 0.000143198005389, 9.29930683924e-05, 0.000102460573544, 8.74668112374e-05, 8.29644995974e-05, 6.32508817944e-05, 7.1240006946e-05, 5.60301741643e-05, 3.5996457882e-05, 3.29568465531e-05, 2.51165638474e-05, 2.52246882155e-05, 2.65755516011e-05, 2.19887497224e-05, 2.08228084375e-05, 3.4984870581e-05, 1.7925611246e-05, 1.37910310514e-05, 1.07939467853e-05, 7.62987292546e-06, 6.00345083512e-06, 3.97486837755e-06, 2.31204126067e-06, 1.6265926206e-06, 1.16154819807e-06, 8.80543041148e-07, 7.35890239412e-07, 5.36249899596e-07, 2.41308754312e-07, 1.02488037612e-07, 6.27441849588e-08, 2.57823824512e-08, 1.64743259035e-08, 2.7753840115e-08, 3.63157894867e-08, 4.77742894134e-08, 4.81857860279e-08, 4.74776165049e-08, 4.51508590515e-08, 4.87025282325e-08, 5.83748480665e-08, 6.44379412051e-08, 5.82439128038e-08, 5.32116111174e-08, 3.62316150415e-08, 1.27820269924e-08, 1.56764627945e-08, 1.62344964139e-08, 9.92404380895e-09, 4.83190509826e-09, 2.17338769204e-09, 1.34898081594e-09, 9.59198387385e-10, 7.9795209329e-10, 7.28243687576e-10, 7.15702996867e-10, 6.86994017229e-10, 6.5592514753e-10, 5.07626718438e-10, 4.7736170572e-10, 5.83831372136e-10, 9.48040423943e-10, 1.11727994911e-10, 1.10729841962e-10, 1.08157184597e-10, 1.06188904891e-10, 1.03591225875e-10, 1.01335113911e-10, 9.9804262077e-11, 9.84101133916e-11, 9.72173105906e-11, 9.6483217249e-11, 9.59669288481e-11]
    },
    "mfcc": {
        "mean": [-639.693664551, 164.38861084, -60.9300804138, 39.5455360413, -6.1820526123, -13.5915527344, 10.0712375641, -17.2693347931, -1.65166270733, -3.46860766411, -12.5495672226, -3.00199270248, -11.6156778336],
        "cov": [[650.849914551, -250.97177124, -178.338729858, 29.6189613342, -107.270195007, 42.7138977051, 21.4194488525, -24.7414665222, 6.64431238174, 1.17362856865, 34.8062286377, 23.236749649, -4.95911693573], [-250.97177124, 479.832550049, 7.84119701385, -115.080413818, 68.7450180054, -20.973361969, 82.1112670898, 37.231842041, 8.92849826813, 76.8874588013, -5.72238206863, -8.18036937714, 10.8759355545], [-178.338729858, 7.84119701385, 369.408752441, 91.9267807007, 23.6930007935, 18.6986751556, -50.2044563293, 10.5095777512, -6.0678153038, -40.4006385803, 32.3040046692, 2.90914773941, 13.6057634354], [29.6189613342, -115.080413818, 91.9267807007, 228.306869507, 46.4284095764, -34.7926139832, -77.1286239624, 12.4514284134, 22.8229293823, -50.6007537842, 3.36810731888, 27.2785701752, 18.56823349], [-107.270195007, 68.7450180054, 23.6930007935, 46.4284095764, 173.899978638, -9.31158733368, -25.7235336304, 32.774887085, 23.0808029175, 3.25349879265, -24.3427295685, 25.6138114929, 16.3307342529], [42.7138977051, -20.973361969, 18.6986751556, -34.7926139832, -9.31158733368, 156.448532104, 79.449256897, -32.3519477844, -20.69323349, -0.410885900259, 12.0769319534, -9.84953594208, 15.5566558838], [21.4194488525, 82.1112670898, -50.2044563293, -77.1286239624, -25.7235336304, 79.449256897, 164.466003418, 11.4652576447, -21.5743713379, 50.8379631042, -0.3475920856, -5.37120723724, 4.79033279419], [-24.7414665222, 37.231842041, 10.5095777512, 12.4514284134, 32.774887085, -32.3519477844, 11.4652576447, 98.6161346436, 50.788848877, 8.56516456604, -0.481000870466, 10.5234012604, -1.07713580132], [6.64431238174, 8.92849826813, -6.0678153038, 22.8229293823, 23.0808029175, -20.69323349, -21.5743713379, 50.788848877, 99.89112854, 37.1066246033, -1.15816104412, 3.52374362946, -4.70908784866], [1.17362856865, 76.8874588013, -40.4006385803, -50.6007537842, 3.25349879265, -0.410885900259, 50.8379631042, 8.56516456604, 37.1066246033, 116.03263855, 13.8205356598, 0.00490048993379, -11.7718582153], [34.8062286377, -5.72238206863, 32.3040046692, 3.36810731888, -24.3427295685, 12.0769319534, -0.3475920856, -0.481000870466, -1.15816104412, 13.8205356598, 79.099899292, 20.6222515106, -0.414362996817], [23.236749649, -8.18036937714, 2.90914773941, 27.2785701752, 25.6138114929, -9.84953594208, -5.37120723724, 10.5234012604, 3.52374362946, 0.00490048993379, 20.6222515106, 80.5289916992, 34.2964706421], [-4.95911693573, 10.8759355545, 13.6057634354, 18.56823349, 16.3307342529, 15.5566558838, 4.79033279419, -1.07713580132, -4.70908784866, -11.7718582153, -0.414362996817, 34.2964706421, 69.7094573975]],
        "icov": [[0.00273463129997, 0.00106147560291, 0.00149272254203, -0.000796799955424, 0.00126570824068, -0.000904072367121, -0.000114550675789, -0.00024600001052, -0.000237410873524, -0.000326883833623, -0.000919166370295, -0.000778618850745, 0.000165508448845], [0.00106147560291, 0.00395893258974, -0.000275929545751, 0.00169633468613, -0.00176051922608, 0.00215826462954, -0.00254474836402, 0.000404506339692, -0.000609734095633, -0.000665262748953, -0.00121512659825, 0.00112802768126, -0.0015439693816], [0.00149272254203, -0.000275929545751, 0.00450880872086, -0.00212918198667, 0.00106732524, -0.00250782165676, 0.00210744189098, -0.0018929381622, 0.00140161381569, -0.000268885196419, -0.00172298389953, 0.000273981568171, -0.000123853227706], [-0.000796799955424, 0.00169633468613, -0.00212918198667, 0.00791767425835, -0.00286697712727, 0.00288007967174, -0.000850396056194, 0.00164484966081, -0.00291370297782, 0.002809651196, -0.000789838959463, -0.000236580497585, -0.00151266925968], [0.00126570824068, -0.00176051922608, 0.00106732524, -0.00286697712727, 0.0100826648995, -0.0045610088855, 0.00487038725987, -0.00462996726856, 0.00226334389299, -0.00298002781346, 0.00440161768347, -0.00402389094234, 0.000825179333333], [-0.000904072367121, 0.00215826462954, -0.00250782165676, 0.00288007967174, -0.0045610088855, 0.0154557069764, -0.0115473978221, 0.00903930421919, -0.00625156331807, 0.00570482993498, -0.00442549725994, 0.00389337097295, -0.00352694094181], [-0.000114550675789, -0.00254474836402, 0.00210744189098, -0.000850396056194, 0.00487038725987, -0.0115473978221, 0.0189588684589, -0.0111082252115, 0.0104433689266, -0.00947805028409, 0.00466103013605, -0.00203676754609, 0.000300285842968], [-0.00024600001052, 0.000404506339692, -0.0018929381622, 0.00164484966081, -0.00462996726856, 0.00903930421919, -0.0111082252115, 0.0224517527968, -0.0144599787891, 0.00825472548604, -0.00348537089303, -0.000163812335813, 0.000505423755385], [-0.000237410873524, -0.000609734095633, 0.00140161381569, -0.00291370297782, 0.00226334389299, -0.00625156331807, 0.0104433689266, -0.0144599787891, 0.0230293907225, -0.0117570878938, 0.00358692277223, 9.87339517451e-05, 4.76242457808e-05], [-0.000326883833623, -0.000665262748953, -0.000268885196419, 0.002809651196, -0.00298002781346, 0.00570482993498, -0.00947805028409, 0.00825472548604, -0.0117570878938, 0.0183936934918, -0.00508240051568, 4.78137262689e-05, 0.0018466913607], [-0.000919166370295, -0.00121512659825, -0.00172298389953, -0.000789838959463, 0.00440161768347, -0.00442549725994, 0.00466103013605, -0.00348537089303, 0.00358692277223, -0.00508240051568, 0.0184928029776, -0.00694279978052, 0.0031629295554], [-0.000778618850745, 0.00112802768126, 0.000273981568171, -0.000236580497585, -0.00402389094234, 0.00389337097295, -0.00203676754609, -0.000163812335813, 9.87339517451e-05, 4.78137262689e-05, -0.00694279978052, 0.0205681957304, -0.0101565048099], [0.000165508448845, -0.0015439693816, -0.000123853227706, -0.00151266925968, 0.000825179333333, -0.00352694094181, 0.000300285842968, 0.000505423755385, 4.76242457808e-05, 0.0018466913607, 0.0031629295554, -0.0101565048099, 0.0209367480129]]
    },
    "spectral_contrast_coeffs": {
        "max": [-0.372561454773, -0.474807024002, -0.458168029785, -0.538096189499, -0.596937358379, -0.591362833977],
        "mean": [-0.659476101398, -0.757663309574, -0.736125767231, -0.766931831837, -0.767911672592, -0.729997873306],
        "min": [-0.836261868477, -0.909738183022, -0.912703156471, -0.877354621887, -0.866860985756, -0.842691957951],
        "stdev": [0.0682511851192, 0.0637748911977, 0.082597233355, 0.0583474859595, 0.0390302725136, 0.0422104150057]
    },
    "spectral_contrast_valleys": {
        "max": [-5.23173856735, -4.84102296829, -5.44267225266, -5.81891536713, -5.65649795532, -9.96493625641],
        "mean": [-6.72565793991, -6.34312391281, -6.89881038666, -7.07083559036, -6.94786453247, -11.3984794617],
        "min": [-8.58584022522, -7.90828275681, -8.34183597565, -8.28680324554, -8.62145709991, -12.1723804474],
        "stdev": [0.52533185482, 0.439701408148, 0.450055956841, 0.406048774719, 0.470351547003, 0.32720553875]
    }
},
"rhythm": {
    "beats_count": 117,
    "beats_loudness": {
        "max": 0.0602173805237,
        "mean": 0.0312326401472,
        "min": 0.0143473483622,
        "stdev": 0.00807452108711
    },
    "bpm": 135.994918823,
    "bpm_histogram_first_peak_bpm": 136,
    "bpm_histogram_first_peak_weight": 0.300000011921,
    "bpm_histogram_second_peak_bpm": 129,
    "bpm_histogram_second_peak_spread": 0,
    "bpm_histogram_second_peak_weight": 0.0344827584922,
    "danceability": 1.13624715805,
    "onset_rate": 2.48772835732,
    "beats_loudness_band_ratio": {
        "max": [0.769767045975, 0.677196681499, 0.730121612549, 0.839338839054, 0.749796152115, 0.164819225669],
        "mean": [0.230398893356, 0.257807195187, 0.199988901615, 0.162136942148, 0.158673688769, 0.0557566434145],
        "min": [0.00417671352625, 0.0216837488115, 0.0225189104676, 0.0160358715802, 0.00838483031839, 0.004805712495],
        "stdev": [0.159092158079, 0.164357632399, 0.146771684289, 0.152756974101, 0.12128508091, 0.0323117673397]
    },
