{
"metadata": {
    "version": {
        "essentia": "2.1-beta5",
        "essentia_git_sha": "Undefined",
        "extractor": "music 2.0"
    },
    "audio_properties": {
        "analysis": {
            "equal_loudness": 0,
            "length": 12.7477550507,
            "sample_rate": 44100,
            "start_time": 0,
            "downmix": "mix"
        },
        "bit_rate": 192000,
        "length": 181.30140686,
        "lossless": 0,
        "number_channels": 2,
        "replay_gain": 2.22114753723,
        "sample_rate": 44100,
        "codec": "mp3",
        "md5_encoded": "83e580a2a8b9f1bae5adaf6f904928a3"
    },
    "tags": {
        "file_name": "Malta_Could It Be_Paul Giordimaina and Georgina.mp3",
        "encoding": ["Lavf58.29.100"]
    }
},
"lowlevel": {
    "average_loudness": 0.597801983356,
    "barkbands_crest": {
        "max": 26.2310581207,
        "mean": 9.4187746048,
        "min": 2.69071364403,
        "stdev": 5.39380645752
    },
    "barkbands_flatness_db": {
        "max": 0.348590552807,
        "mean": 0.129876345396,
        "min": 0.0301086660475,
        "stdev": 0.0665194094181
    },
    "barkbands_kurtosis": {
        "max": 171.3097229,
        "mean": 6.34909677505,
        "min": -1.28547763824,
        "stdev": 22.0998840332
    },
    "barkbands_skewness": {
        "max": 11.082868576,
        "mean": 1.22385263443,
        "min": -1.86580502987,
        "stdev": 2.01246070862
    },
    "barkbands_spread": {
        "max": 48.5670318604,
        "mean": 17.1922607422,
        "min": 0.551586866379,
        "stdev": 10.7560071945
    },
    "dissonance": {
        "max": 0.499999940395,
        "mean": 0.466140180826,
        "min": 0.342290312052,
        "stdev": 0.037824831903
    },
    "dynamic_complexity": 7.46671152115,
    "erbbands_crest": {
        "max": 31.3681945801,
        "mean": 8.72351169586,
        "min": 2.63302564621,
        "stdev": 6.05902004242
    },
    "erbbands_flatness_db": {
        "max": 0.344283938408,
        "mean": 0.188110753894,
        "min": 0.0731103643775,
        "stdev": 0.0684389621019
    },
    "erbbands_kurtosis": {
        "max": 43.0210227966,
        "mean": 1.2175372839,
        "min": -1.37450385094,
        "stdev": 5.43920373917
    },
    "erbbands_skewness": {
        "max": 5.99953603745,
        "mean": 0.248436719179,
        "min": -2.11796164513,
        "stdev": 1.09400975704
    },
    "erbbands_spread": {
        "max": 53.903427124,
        "mean": 25.5393314362,
        "min": 3.15802693367,
        "stdev": 13.1310520172
    },
    "hfc": {
        "max": 85.0346832275,
        "mean": 8.64636230469,
        "min": 1.1528916476e-16,
        "stdev": 10.9392871857
    },
    "loudness_ebu128": {
        "integrated": -28.1188678741,
        "loudness_range": 16.7466526031,
        "momentary": {
            "max": -23.1640262604,
            "mean": -33.6521530151,
            "min": -45.9952926636,
            "stdev": 7.36528348923
        },
        "short_term": {
            "max": -26.135848999,
            "mean": -32.4286727905,
            "min": -44.1515808105,
            "stdev": 5.70324993134
        }
    },
    "melbands_crest": {
        "max": 31.5608177185,
        "mean": 11.81944561,
        "min": 1.84401166439,
        "stdev": 6.18582820892
    },
    "melbands_flatness_db": {
        "max": 0.418929249048,
        "mean": 0.197425782681,
        "min": 0.00523515930399,
        "stdev": 0.072286374867
    },
    "melbands_kurtosis": {
        "max": 179.822998047,
        "mean": 10.0704317093,
        "min": -1.49344992638,
        "stdev": 25.8960132599
    },
    "melbands_skewness": {
        "max": 10.1421318054,
        "mean": 1.85163545609,
        "min": -1.19689953327,
        "stdev": 1.89131700993
    },
    "melbands_spread": {
        "max": 130.660980225,
        "mean": 22.5026893616,
        "min": 0.680098056793,
        "stdev": 13.2658748627
    },
    "pitch_salience": {
        "max": 0.911662936211,
        "mean": 0.63685464859,
        "min": 0.131599396467,
        "stdev": 0.155281588435
    },
    "silence_rate_20dB": {
        "max": 1,
        "mean": 1,
        "min": 1,
        "stdev": 0
    },
    "silence_rate_30dB": {
        "max": 1,
        "mean": 1,
        "min": 1,
        "stdev": 0
    },
    "silence_rate_60dB": {
        "max": 1,
        "mean": 0.358181804419,
        "min": 0,
        "stdev": 0.479467093945
    },
    "spectral_centroid": {
        "max": 11113.5,
        "mean": 1282.52819824,
        "min": 364.931091309,
        "stdev": 755.316467285
    },
    "spectral_complexity": {
        "max": 37,
        "mean": 12.043636322,
        "min": 0,
        "stdev": 9.57922554016
    },
    "spectral_decrease": {
        "max": 9.17029511766e-30,
        "mean": -2.96708324576e-09,
        "min": -2.70839350947e-08,
        "stdev": 4.24990131975e-09
    },
    "spectral_energy": {
        "max": 0.109933823347,
        "mean": 0.0119827045128,
        "min": 1.04224579467e-20,
        "stdev": 0.0168690364808
    },
    "spectral_energyband_high": {
        "max": 0.000666117703076,
        "mean": 3.94997950934e-05,
        "min": 7.71406990399e-21,
        "stdev": 6.78643627907e-05
    },
    "spectral_energyband_low": {
        "max": 0.0021027228795,
        "mean": 0.000214203901123,
        "min": 8.39177419873e-23,
        "stdev": 0.000220054542297
    },
    "spectral_energyband_middle_high": {
        "max": 0.0334891229868,
        "mean": 0.00307396426797,
        "min": 1.49375378962e-21,
        "stdev": 0.00449335528538
    },
    "spectral_energyband_middle_low": {
        "max": 0.0811402201653,
        "mean": 0.00872237421572,
        "min": 2.78802452297e-22,
        "stdev": 0.0149154113606
    },
    "spectral_entropy": {
        "max": 9.79302883148,
        "mean": 7.3868932724,
        "min": 5.55099630356,
        "stdev": 0.612285614014
    },
    "spectral_flux": {
        "max": 0.195772394538,
        "mean": 0.0326108671725,
        "min": 1.02090440268e-10,
        "stdev": 0.0281051602215
    },
    "spectral_kurtosis": {
        "max": 25.6400661469,
        "mean": 9.54640102386,
        "min": -1.19142198563,
        "stdev": 4.61007738113
    },
    "spectral_rms": {
        "max": 0.01035627909,
        "mean": 0.00271549844183,
        "min": 3.1887695609e-12,
        "stdev": 0.00207762047648
    },
    "spectral_rolloff": {
        "max": 18389.3554688,
        "mean": 1489.89892578,
        "min": 366.064453125,
        "stdev": 997.791931152
    },
    "spectral_skewness": {
        "max": 3.79653835297,
        "mean": 2.18182182312,
        "min": -0.0217049010098,
        "stdev": 0.527438461781
    },
    "spectral_spread": {
        "max": 40096960,
        "mean": 3445427.75,
        "min": 1429522.375,
        "stdev": 2097159.75
    },
    "spectral_strongpeak": {
        "max": 4.25249767303,
        "mean": 0.791796684265,
        "min": 0,
        "stdev": 0.917882442474
    },
    "zerocrossingrate": {
        "max": 0.48828125,
        "mean": 0.0580850504339,
        "min": 0.015625,
        "stdev": 0.0306098200381
    },
    "barkbands": {
        "max": [0.000218721455894, 0.000387261097785, 0.00155900872778, 0.00196614256129, 0.031178874895, 0.076134480536, 0.0124406302348, 0.0253776349127, 0.0219406243414, 0.00252154120244, 0.00145072292071, 0.00660136621445, 0.0142724625766, 0.01196349971, 0.0045043672435, 0.00522333569825, 0.00519354827702, 0.00213283416815, 0.00102313735988, 0.000819060893264, 0.000321888364851, 0.000148532126332, 3.00263855024e-05, 2.64430964307e-05, 3.11735384457e-05, 2.69429947366e-05, 2.81664961221e-05],
        "mean": [9.32430612011e-06, 6.24711174169e-05, 0.00011620598525, 0.000140571806696, 0.00262762140483, 0.00375537783839, 0.000472769723274, 0.000970435445197, 0.000670012377668, 0.000233791710343, 0.000142395656439, 0.000335524469847, 0.000659789773636, 0.00049687048886, 0.000433605193393, 0.000334812619258, 0.000293275166769, 0.000113593319838, 5.847878856e-05, 2.96364833048e-05, 1.48014405568e-05, 4.24730342274e-06, 1.64836853855e-06, 1.58681928042e-06, 1.98345605895e-06, 1.56479416091e-06, 2.98532967236e-07],
        "min": [1.06421801067e-23, 4.70418015731e-23, 1.84831182944e-23, 1.74969885203e-23, 4.05401803863e-23, 2.29808166341e-23, 3.08547449849e-23, 9.45746469717e-23, 6.57335199344e-23, 3.64162995637e-23, 1.40494786156e-23, 1.04458095927e-22, 1.40160261801e-22, 1.08018736374e-22, 1.18287963555e-22, 1.46009810563e-22, 2.66473502982e-22, 2.00390599708e-22, 2.90620977053e-22, 2.60201112152e-22, 3.48861555322e-22, 6.20774512991e-22, 7.30250635178e-22, 6.65337404367e-22, 1.12869975981e-21, 1.74563482998e-21, 2.47601572187e-21],
        "stdev": [1.16838173199e-05, 4.48762912129e-05, 0.0001631211926, 0.000276305625448, 0.00535068335012, 0.011625835672, 0.00109580950812, 0.0022816399578, 0.00189424725249, 0.000340753176715, 0.000202571827685, 0.000646724249236, 0.00135295395739, 0.00118114112411, 0.000699823722243, 0.000693983689416, 0.000566278060433, 0.000261426146608, 0.000101210287539, 6.68216089252e-05, 3.11280637106e-05, 9.74496742856e-06, 2.32810180023e-06, 1.09938957848e-06, 1.28271722133e-06, 1.1040000345e-06, 1.19382491448e-06]
    },
    "erbbands": {
        "max": [0.0109406830743, 0.088765360415, 1.01957917213, 4.93775272369, 34.0375671387, 144.755706787, 113.533256531, 952.858825684, 258.137542725, 469.380187988, 272.433746338, 605.179931641, 68.6771392822, 70.1464614868, 80.4893112183, 376.842651367, 722.121459961, 607.167663574, 238.643127441, 226.499298096, 301.730926514, 340.389099121, 157.402954102, 82.8511962891, 26.3572902679, 40.4260177612, 16.232843399, 11.4260692596, 6.19849348068, 2.46278095245, 0.791638314724, 0.585999310017, 0.443307936192, 0.349625855684, 0.211655318737, 0.105620972812, 0.0508036725223, 0.017561674118, 0.00403037853539, 0.00042620729073],
        "mean": [0.00145121035166, 0.0164719391614, 0.111777938902, 0.325701832771, 2.91144347191, 9.80283260345, 13.9542598724, 43.8259468079, 13.2583847046, 12.9262933731, 18.598285675, 19.3003311157, 6.66445064545, 7.64071178436, 6.80842971802, 18.271030426, 31.4729766846, 24.2986526489, 24.1172657013, 20.6435375214, 18.8410396576, 15.0164136887, 7.37032365799, 3.74763131142, 2.38639259338, 1.40078055859, 0.882877826691, 0.403948068619, 0.173246085644, 0.0813100114465, 0.0440444722772, 0.0327297486365, 0.0278495959938, 0.0225146133453, 0.0134059684351, 0.00649750279263, 0.00286510610022, 0.000796044711024, 3.00247556879e-05, 1.51345302584e-05],
        "min": [1.54666729748e-21, 9.62925313158e-21, 2.14864073832e-20, 4.47261856333e-20, 9.01165068256e-20, 1.39429809621e-19, 1.69751833959e-19, 2.12863724928e-19, 3.02187921974e-19, 1.35201843941e-18, 1.49853859567e-18, 1.48895322674e-18, 1.20163938219e-18, 9.22843430009e-19, 9.62878661464e-19, 4.74959539025e-18, 5.55383828442e-18, 6.88677242633e-18, 6.53329250799e-18, 5.02071086705e-18, 9.79337425664e-18, 1.45035598674e-17, 1.14303547627e-17, 1.54846457047e-17, 1.13884100882e-17, 1.34282920727e-17, 1.47825381095e-17, 1.51844651691e-17, 1.93976616427e-17, 2.2716391324e-17, 2.29442961263e-17, 1.35277762578e-17, 1.20663855162e-17, 1.09040619252e-17, 9.14441384296e-18, 5.75864861768e-18, 3.13246060143e-18, 1.31385511768e-18, 4.11664500564e-19, 3.31291716065e-20],
        "stdev": [0.00119131384417, 0.0116859655827, 0.119155928493, 0.591194748878, 5.62684631348, 22.2807025909, 24.5958652496, 145.785568237, 28.3602695465, 36.5396957397, 40.3565483093, 52.7554283142, 9.46416187286, 11.7346191406, 9.56831455231, 36.5057830811, 66.0853652954, 57.8023605347, 40.9470024109, 35.0852813721, 36.9047203064, 31.649066925, 16.4658889771, 7.44921731949, 3.76518344879, 3.17804193497, 1.89135169983, 0.887865722179, 0.413260251284, 0.17412404716, 0.056069791317, 0.02541843988, 0.0184972975403, 0.0145829692483, 0.0087776882574, 0.00435871211812, 0.00209465366788, 0.000738564063795, 0.00017097624368, 2.60106808128e-05]
    },
    "gfcc": {
        "mean": [-92.9211273193, 98.0909194946, -135.513824463, 1.23666846752, -43.7513618469, -1.54562950134, -48.2388191223, 4.99807786942, -29.3159999847, 8.64543819427, -18.0586910248, 0.0391239225864, -13.1020336151],
        "cov": [[5435.19775391, 1251.02404785, -1523.50927734, -808.577758789, -21.1581325531, -573.770446777, -287.78314209, -389.33013916, -17.5663318634, -75.5704193115, 43.487953186, -193.797485352, 91.1810073853], [1251.02404785, 797.890686035, -96.339050293, -499.003601074, -175.246856689, -356.382995605, -271.002838135, -250.35105896, -60.1183242798, -77.8176116943, 65.1911468506, -121.426841736, 20.4786319733], [-1523.50927734, -96.339050293, 1095.35290527, 195.728775024, -250.230529785, 75.9957275391, -118.332611084, 56.3449516296, -79.5765533447, 11.7784452438, 32.018409729, 53.0918731689, -57.9952545166], [-808.577758789, -499.003601074, 195.728775024, 424.505554199, 124.958351135, 267.770141602, 168.191589355, 160.302612305, -5.92616891861, 29.1473655701, -64.4590530396, 74.4653549194, -38.0247192383], [-21.1581325531, -175.246856689, -250.230529785, 124.958351135, 201.855316162, 136.428314209, 119.37461853, 41.6507949829, 9.51016044617, -13.8769359589, -48.1524467468, 8.68701934814, -6.23649215698], [-573.770446777, -356.382995605, 75.9957275391, 267.770141602, 136.428314209, 297.250823975, 169.368103027, 136.842422485, -12.9947271347, -0.768795907497, -75.7824478149, 37.6202049255, -58.9155769348], [-287.78314209, -271.002838135, -118.332611084, 168.191589355, 119.37461853, 169.368103027, 178.54637146, 107.100814819, 18.2169761658, 10.87059021, -45.7368278503, 21.2632217407, -17.3982334137], [-389.33013916, -250.35105896, 56.3449516296, 160.302612305, 41.6507949829, 136.842422485, 107.100814819, 142.671401978, 32.1340904236, 24.0811862946, -38.1263275146, 22.9483985901, -27.3022861481], [-17.5663318634, -60.1183242798, -79.5765533447, -5.92616891861, 9.51016044617, -12.9947271347, 18.2169761658, 32.1340904236, 73.6867599487, 41.0204925537, 9.32141590118, 15.1895189285, 26.1900424957], [-75.5704193115, -77.8176116943, 11.7784452438, 29.1473655701, -13.8769359589, -0.768795907497, 10.87059021, 24.0811862946, 41.0204925537, 62.7376327515, 36.1830406189, 29.1174259186, 17.1606636047], [43.487953186, 65.1911468506, 32.018409729, -64.4590530396, -48.1524467468, -75.7824478149, -45.7368278503, -38.1263275146, 9.32141590118, 36.1830406189, 80.4021072388, 27.619852066, 26.6348571777], [-193.797485352, -121.426841736, 53.0918731689, 74.4653549194, 8.68701934814, 37.6202049255, 21.2632217407, 22.9483985901, 15.1895189285, 29.1174259186, 27.619852066, 65.4983139038, 31.0015716553], [91.1810073853, 20.4786319733, -57.9952545166, -38.0247192383, -6.23649215698, -58.9155769348, -17.3982334137, -27.3022861481, 26.1900424957, 17.1606636047, 26.6348571777, 31.0015716553, 77.6641159058]],
        "icov": [[0.00120356923435, -0.00333628547378, 0.00317167514004, -0.00306287617423, 0.00305356131867, -0.00172093918081, 0.00229747639969, -0.00117489194963, 0.00112414883915, -0.00149251485709, 0.000304725806927, -0.00101272680331, -0.00037268147571], [-0.00333628547378, 0.0194068122655, -0.00913368910551, 0.0155579941347, -0.00900371186435, 0.00571090728045, -0.00212776847184, 0.00591789139435, 0.000859077845234, 0.00716315768659, -0.00305914925411, 0.0103239230812, -0.000134948582854], [0.00317167514004, -0.00913368910551, 0.0129411490634, -0.0139796696603, 0.016584130004, -0.0112875513732, 0.0118420375511, -0.00357577693649, 0.000756666064262, 0.00285489228554, -0.00748665863648, 0.00309947715141, -0.00388689851388], [-0.00306287617423, 0.0155579941347, -0.0139796696603, 0.0309274494648, -0.022531952709, 0.0146312899888, -0.0106417089701, -0.00060927256709, 0.0136582329869, -0.0152310915291, 0.0209978483617, -0.0150490719825, 0.00845394283533], [0.00305356131867, -0.00900371186435, 0.016584130004, -0.022531952709, 0.0368386283517, -0.0232509039342, 0.00999496597797, 0.00508463289589, -0.0114411460236, 0.0184783320874, -0.0197312869132, 0.0155320437625, -0.0101697845384], [-0.00172093918081, 0.00571090728045, -0.0112875513732, 0.0146312899888, -0.0232509039342, 0.0340835563838, -0.0179405808449, -0.00366970640607, 0.0134164858609, -0.0172775387764, 0.0283217169344, -0.0274947527796, 0.0184842832386], [0.00229747639969, -0.00212776847184, 0.0118420375511, -0.0106417089701, 0.00999496597797, -0.0179405808449, 0.03383487463, -0.0110971797258, 0.00179804034997, 0.00624301563948, -0.0143803199753, 0.0151965990663, -0.0107522187755], [-0.00117489194963, 0.00591789139435, -0.00357577693649, -0.00060927256709, 0.00508463289589, -0.00366970640607, -0.0110971797258, 0.0297364443541, -0.016909185797, 0.0059194075875, 0.000244401308009, 0.00455428939313, 0.0049350024201], [0.00112414883915, 0.000859077845234, 0.000756666064262, 0.0136582329869, -0.0114411460236, 0.0134164858609, 0.00179804034997, -0.016909185797, 0.0501553304493, -0.0404369980097, 0.0265211127698, -0.0163834430277, -0.0011107781902], [-0.00149251485709, 0.00716315768659, 0.00285489228554, -0.0152310915291, 0.0184783320874, -0.0172775387764, 0.00624301563948, 0.0059194075875, -0.0404369980097, 0.0763664469123, -0.0538322404027, 0.0303317680955, -0.0104888407513], [0.000304725806927, -0.00305914925411, -0.00748665863648, 0.0209978483617, -0.0197312869132, 0.0283217169344, -0.0143803199753, 0.000244401308009, 0.0265211127698, -0.0538322404027, 0.0744658857584, -0.0554066859186, 0.0214338302612], [-0.00101272680331, 0.0103239230812, 0.00309947715141, -0.0150490719825, 0.0155320437625, -0.0274947527796, 0.0151965990663, 0.00455428939313, -0.0163834430277, 0.0303317680955, -0.0554066859186, 0.0844373852015, -0.0370724610984], [-0.00037268147571, -0.000134948582854, -0.00388689851388, 0.00845394283533, -0.0101697845384, 0.0184842832386, -0.0107522187755, 0.0049350024201, -0.0011107781902, -0.0104888407513, 0.0214338302612, -0.0370724610984, 0.0372571311891]]
    },
    "melbands": {
        "max": [0.000108115418698, 0.000399554031901, 0.00170624582097, 0.00466637313366, 0.00552112795413, 0.0183487292379, 0.00354045256972, 0.00583654548973, 0.00223049498163, 0.00327399582602, 0.000288195791654, 0.000315146928187, 0.00023324911308, 0.000713427201845, 0.00134381151292, 0.000895792269148, 0.00135113042779, 0.000459463160951, 0.000401862576837, 0.000325224478729, 0.000354778196197, 0.000477895897347, 0.000163414864801, 9.5793941e-05, 7.21551550669e-05, 2.27083528443e-05, 2.0350662453e-05, 2.59247590293e-05, 1.25357137222e-05, 7.82342249295e-06, 6.40366579319e-06, 3.4764063912e-06, 2.64751315626e-06, 1.16772844194e-06, 4.41524463213e-07, 4.21904701398e-07, 3.30534106752e-07, 2.98913278129e-07, 3.2174418152e-07, 2.85335232775e-07],
        "mean": [1.4896162611e-05, 4.54169676232e-05, 0.000128395666252, 0.000413140311139, 0.000575870915782, 0.000875711266417, 0.000169934821315, 0.000158149181516, 0.000154691981152, 0.000103941732959, 2.91497635772e-05, 3.05038956867e-05, 1.96570636035e-05, 3.67323809769e-05, 6.92840549164e-05, 5.13920749654e-05, 4.69593323942e-05, 3.87071086152e-05, 3.24211068801e-05, 2.50762750511e-05, 2.19586599997e-05, 1.76171906787e-05, 8.87677015271e-06, 4.59702278022e-06, 2.88554520012e-06, 2.04609409593e-06, 1.23332961266e-06, 8.45606734856e-07, 6.07157517152e-07, 3.61896809409e-07, 1.90459260807e-07, 1.01693522936e-07, 6.30612788655e-08, 3.78078262031e-08, 2.56120014086e-08, 2.09078638846e-08, 1.9439566401e-08, 1.90474196415e-08, 2.03894856554e-08, 1.84685688964e-08],
        "min": [1.41155252061e-23, 1.20991628113e-23, 9.01224911497e-24, 7.93859522347e-24, 6.71474931536e-24, 4.73189615413e-24, 5.16630489413e-24, 1.82716357298e-23, 1.05395753353e-23, 9.99797104795e-24, 6.53382643333e-24, 4.11508502348e-24, 2.33019650641e-24, 6.37421147321e-24, 1.74781016126e-23, 1.29245440321e-23, 1.23879143016e-23, 9.61283968769e-24, 8.26926204911e-24, 9.69038392581e-24, 1.15750633474e-23, 1.7212116648e-23, 1.13372328285e-23, 9.55356389041e-24, 1.3289521574e-23, 8.25840416761e-24, 6.38910950584e-24, 1.04053538078e-23, 8.67922832839e-24, 8.46008907981e-24, 8.91143426901e-24, 1.0911541396e-23, 1.2410784957e-23, 1.23171069356e-23, 1.53562267051e-23, 8.91668098289e-24, 7.38697713575e-24, 7.07404942528e-24, 1.1243135922e-23, 8.35365281103e-24],
        "stdev": [1.10672017399e-05, 4.53864304291e-05, 0.00024936493719, 0.00081336859148, 0.00104574405123, 0.00280626071617, 0.000370898400433, 0.000450813240604, 0.000324637570884, 0.00029004222597, 4.20709766331e-05, 4.92234321428e-05, 2.76836708508e-05, 6.96824135957e-05, 0.000146056554513, 9.1552225058e-05, 0.000123717618408, 7.04540580045e-05, 5.30827128387e-05, 4.90811689815e-05, 4.42577438662e-05, 3.87862310163e-05, 1.98377674678e-05, 1.07432178993e-05, 5.89541741647e-06, 3.20794538311e-06, 2.28422322834e-06, 2.03627905648e-06, 1.39204826155e-06, 7.55739563374e-07, 4.42223324626e-07, 2.37920559698e-07, 1.62076574384e-07, 7.47027826264e-08, 3.57131142437e-08, 2.08562394022e-08, 1.41357618944e-08, 1.26830723701e-08, 1.36392523942e-08, 1.20734604536e-08]
    },
    "melbands128": {
        "max": [0.000106380954094, 9.42374317674e-05, 0.000132336514071, 0.000162289637956, 0.000287001166726, 0.000985524384305, 0.000699441356119, 0.0012542194454, 0.00455595739186, 0.00234451284632, 0.00962234660983, 0.0123107414693, 0.003233384341, 0.0106199271977, 0.0354387611151, 0.0116795590147, 0.00794520881027, 0.00212262570858, 0.00103623594623, 0.0053135342896, 0.0104324426502, 0.00296087516472, 0.00305538857356, 0.00559449568391, 0.00699656037614, 0.00323340273462, 0.000361191341653, 0.000416701368522, 0.000595524616074, 0.000688796455506, 0.000389742897823, 0.000193727290025, 0.000216808155528, 0.000442746240878, 0.000387877458706, 0.0012046219781, 0.0015636557946, 0.00036577967694, 0.00397702027112, 0.00151916244067, 0.0009873873787, 0.000662070757244, 0.00138217560016, 0.00264992052689, 0.00118982675485, 0.000508953642566, 0.000780325557571, 0.000642325088847, 0.000518617860507, 0.000502229377162, 0.000469354825327, 0.000400928460294, 0.000511645281222, 0.000388092099456, 0.000679561751895, 0.00110304856207, 0.000205865639145, 0.000219999274123, 0.00017611439398, 0.000224567134865, 0.000112190762593, 9.76347801043e-05, 9.85416700132e-05, 7.34325731173e-05, 4.63116230094e-05, 3.92872607335e-05, 2.40802528424e-05, 3.24695574818e-05, 1.8747530703e-05, 7.49090177123e-05, 2.33325499721e-05, 2.2355314286e-05, 3.69998815586e-05, 1.44034620462e-05, 1.14414824566e-05, 8.76592730492e-06, 1.00429724625e-05, 7.34257127988e-06, 8.0175777839e-06, 3.17393391924e-06, 2.23926758736e-06, 4.84297743242e-06, 4.02894420404e-06, 2.27952364185e-06, 1.90680873402e-06, 1.10537632736e-06, 9.54602910497e-07, 1.23233985505e-06, 4.45236850055e-07, 4.87562090257e-07, 4.99628526995e-07, 4.24272371902e-07, 3.68914214732e-07, 3.47524576227e-07, 2.65976467517e-07, 3.30382079028e-07, 2.92436538984e-07, 2.90972280936e-07, 3.2097105418e-07, 3.55580056066e-07, 2.88803562398e-07, 2.69556750254e-07, 2.78718687241e-07, 2.62272493501e-07, 2.62000554585e-07, 2.00264722139e-07, 2.05654174579e-07, 1.66030545756e-07, 1.89160815012e-07, 1.77905718601e-07, 1.705859205e-07, 1.55889551934e-07, 1.62763072353e-07, 1.64627465438e-07, 1.61758165973e-07, 1.38726576893e-07, 1.28059198801e-07, 1.32462020019e-07, 1.29138328475e-07, 1.25983760313e-07, 1.22716343753e-07, 1.20274236792e-07, 1.18080535572e-07, 1.16112261139e-07, 1.14509688842e-07, 1.13134824176e-07, 1.12288319087e-07, 1.1145895229e-07],
        "mean": [6.17343675913e-06, 1.17279460028e-05, 1.36316130011e-05, 2.98001650663e-05, 5.08582415932e-05, 5.84471017646e-05, 3.7144516682e-05, 9.39483288676e-05, 0.000366788357496, 0.000228236152907, 0.000573797267862, 0.000871294934768, 0.000300635350868, 0.000488395453431, 0.0014666558709, 0.000724790908862, 0.000283211033093, 5.27789270564e-05, 3.60569574696e-05, 0.000154354071128, 0.000224707633606, 0.000151605563588, 0.000138024362968, 0.00014647518401, 0.000193869287614, 4.13831185142e-05, 2.22211037908e-05, 3.69693152606e-05, 2.18421173486e-05, 3.42427156284e-05, 3.63053877663e-05, 1.83495194506e-05, 1.78169721039e-05, 1.89274778677e-05, 2.50423890975e-05, 4.63575961476e-05, 5.40251749044e-05, 2.84325797111e-05, 0.000144963487401, 5.58707106393e-05, 3.1641611713e-05, 2.88868905045e-05, 4.85470663989e-05, 5.58860701858e-05, 4.52580570709e-05, 3.01269883494e-05, 3.8553858758e-05, 4.03783778893e-05, 2.38901066041e-05, 2.57672727457e-05, 2.85513560812e-05, 2.02505398192e-05, 1.93916603166e-05, 2.39133041759e-05, 2.49922741205e-05, 1.72631498572e-05, 1.16372775665e-05, 9.16936005524e-06, 8.78221453604e-06, 6.45801810606e-06, 4.23617939305e-06, 3.35382765115e-06, 2.91301876132e-06, 2.87187481263e-06, 2.57043689089e-06, 2.00120712179e-06, 1.89195827716e-06, 1.30341925342e-06, 1.05382321181e-06, 1.15784121135e-06, 8.61883449943e-07, 6.18716853751e-07, 8.03414138772e-07, 5.51208529487e-07, 5.01987472035e-07, 4.16765885802e-07, 2.76547069689e-07, 2.25588763669e-07, 1.94958673205e-07, 1.37577217174e-07, 1.04463801165e-07, 9.10537778509e-08, 7.89417953229e-08, 6.24264799853e-08, 4.83193147716e-08, 3.89572711867e-08, 3.72130841697e-08, 2.90544139858e-08, 2.42092959013e-08, 2.40165825005e-08, 2.06329726637e-08, 2.046787273e-08, 2.04939514248e-08, 1.80800689975e-08, 2.12984545556e-08, 1.75055987484e-08, 2.02075902678e-08, 1.80354629009e-08, 1.84098887246e-08, 2.54312269021e-08, 1.77014189973e-08, 1.7655754192e-08, 1.66998024298e-08, 1.8987984518e-08, 1.38889726387e-08, 1.33797870561e-08, 1.44095730903e-08, 1.27882024969e-08, 1.02354977827e-08, 9.82173542496e-09, 9.79769509968e-09, 1.06086881502e-08, 9.13575792794e-09, 7.77431097276e-09, 7.42600292369e-09, 9.20590093045e-09, 9.3274561408e-09, 2.47298292955e-10, 2.3769983204e-10, 2.3195541321e-10, 2.25977597745e-10, 2.21553275725e-10, 2.17516046841e-10, 2.13836240381e-10, 2.10959014146e-10, 2.08461109485e-10, 2.06986067175e-10, 2.05444952717e-10],
        "min": [9.50619279305e-24, 1.36166685023e-23, 1.50969817681e-23, 1.68564413539e-23, 1.18078459453e-23, 9.18193940657e-24, 8.94196555262e-24, 8.66863787074e-24, 1.00086301365e-23, 6.42778617273e-24, 8.26024142466e-24, 8.04476012409e-24, 3.87305855345e-24, 8.2119300051e-24, 6.3161864149e-24, 1.27971777058e-24, 3.63571200074e-24, 3.38678339223e-24, 1.17877631244e-23, 1.01787188029e-23, 2.96754610405e-23, 2.0778916521e-23, 3.33298978381e-24, 6.88436860948e-24, 5.4805784013e-24, 1.87545463992e-23, 5.68521996416e-24, 3.74669408049e-24, 6.6134863964e-24, 8.06326522321e-24, 1.2028398241e-24, 1.28708474536e-24, 1.73403519046e-24, 4.02331367893e-24, 2.98138481481e-24, 4.015330801e-24, 1.56854294049e-23, 2.84692800946e-23, 9.13516074375e-24, 7.07231708673e-24, 1.51031774817e-23, 2.09238539352e-23, 1.06636252904e-23, 1.10624717864e-23, 5.49745726365e-24, 6.047438465e-24, 1.98951477603e-23, 8.57594986982e-24, 5.00636255673e-24, 2.09605450392e-24, 9.43766523508e-24, 2.06276587534e-23, 5.73963953371e-24, 7.14762648191e-24, 2.44564109341e-23, 2.14930407441e-23, 6.42783192666e-24, 1.31820976513e-23, 1.41170650625e-23, 7.87302273844e-24, 7.10072317907e-24, 1.03077417371e-23, 1.961256674e-23, 1.06317505767e-23, 9.59758627323e-24, 6.64881316546e-24, 1.01651677502e-23, 7.08299589681e-24, 7.3814148775e-24, 1.94755084686e-24, 1.06854033734e-23, 1.71892601921e-23, 3.63883312892e-24, 8.70881376778e-24, 1.24608902462e-23, 6.52700160321e-24, 6.64679762585e-24, 1.18118218043e-23, 4.86229486176e-24, 1.18741741591e-23, 1.3982911377e-23, 7.39730253613e-24, 1.12989983182e-23, 1.38085888942e-23, 1.24857582974e-23, 1.20512174232e-23, 1.24112764173e-23, 1.28267118692e-23, 2.0725078342e-23, 1.22733117447e-23, 7.20575921974e-24, 7.81094806267e-24, 1.19477322831e-23, 6.33029992535e-24, 6.08479852304e-24, 6.06278220404e-24, 6.64633693108e-24, 9.57345265155e-24, 1.12118134109e-23, 1.38922917694e-23, 7.23310271643e-24, 6.10524382555e-24, 1.09713922728e-23, 1.11003655088e-23, 1.02169880231e-23, 1.08316069093e-23, 7.99944400939e-24, 1.49068789117e-23, 1.13953702995e-23, 5.74650893447e-24, 8.56106169795e-24, 6.69514848845e-24, 1.08801747086e-23, 1.27380257597e-23, 1.2290018241e-23, 1.07256960219e-23, 8.11652437836e-24, 1.10653456066e-23, 1.00160564731e-23, 1.29336806191e-23, 1.70712197794e-23, 1.16412456219e-23, 1.09986647721e-23, 7.941790899e-24, 8.44025238348e-24, 8.29049660696e-24, 8.14363752768e-24, 1.16421086357e-23],
        "stdev": [6.44027431917e-06, 1.04897526398e-05, 1.43047072925e-05, 2.27639193326e-05, 4.04133934353e-05, 9.84226426226e-05, 6.96189163136e-05, 0.000193947096705, 0.000756515364628, 0.000408204912674, 0.00141490786336, 0.00206592679024, 0.000607363064773, 0.00162381958216, 0.0054446356371, 0.00192710582633, 0.000765913340729, 0.000130253640236, 9.35212738113e-05, 0.000449353334261, 0.000782593968324, 0.000393997412175, 0.000401060155127, 0.000468573794933, 0.000605852226727, 0.000171951833181, 3.69482550013e-05, 6.48557688692e-05, 4.4802454795e-05, 8.10298879514e-05, 6.65498519083e-05, 2.92483964586e-05, 3.04360764858e-05, 3.95450006181e-05, 5.18502929481e-05, 0.000109576983959, 0.000145916797919, 5.16251711815e-05, 0.000382775993785, 0.000121045501146, 7.68281024648e-05, 6.29360365565e-05, 0.000133433699375, 0.00021072353411, 0.000129006424686, 6.35131145827e-05, 8.13659789856e-05, 7.72630010033e-05, 5.6680644775e-05, 5.29332610313e-05, 6.68709690217e-05, 5.30225552211e-05, 5.01504182466e-05, 5.14759703947e-05, 5.76962265768e-05, 6.58991775708e-05, 2.86514223262e-05, 2.1933368771e-05, 2.25950061576e-05, 1.69309732883e-05, 1.1330176676e-05, 8.25536699267e-06, 7.61103274272e-06, 6.48294599159e-06, 4.91383707413e-06, 3.63765548173e-06, 3.02250418827e-06, 2.68082203547e-06, 2.13058706322e-06, 4.35366837337e-06, 1.9121312107e-06, 1.48333992911e-06, 2.72487977782e-06, 1.28146757561e-06, 1.09297752715e-06, 9.29745738176e-07, 7.08657751147e-07, 5.60504702207e-07, 5.02820284964e-07, 2.98826904555e-07, 2.13945071437e-07, 2.83808446966e-07, 2.23627679929e-07, 1.52259460151e-07, 1.22177524986e-07, 7.81795677085e-08, 6.54145893009e-08, 6.70249278301e-08, 3.32882201803e-08, 2.74995333172e-08, 2.8599547619e-08, 1.9404501117e-08, 1.70339209404e-08, 1.57268047474e-08, 1.29293518114e-08, 1.47147423135e-08, 1.35821291991e-08, 1.31989601471e-08, 1.41958107491e-08, 1.61590083536e-08, 1.28193464732e-08, 1.24320003181e-08, 1.22133156921e-08, 1.19025846956e-08, 1.14792939598e-08, 8.98971652674e-09, 9.20809473115e-09, 7.53986473256e-09, 8.32905211468e-09, 7.7303168311e-09, 7.46628892045e-09, 6.80713485579e-09, 6.98251767517e-09, 7.06974390141e-09, 6.93934154583e-09, 6.01935523648e-09, 6.18958706511e-09, 5.64278845872e-09, 5.50134560129e-09, 5.36695710096e-09, 5.22776222311e-09, 5.12372499983e-09, 5.03027175469e-09, 4.94642504734e-09, 4.87815166039e-09, 4.81958073451e-09, 4.78351536159e-09, 4.74818495633e-09]
    },
    "mfcc": {
        "mean": [-736.381164551, 145.685913086, -33.8382797241, 8.53342819214, 7.72265720367, -5.33046102524, -4.54303121567, -11.9517822266, -5.13409566879, -3.08662319183, -1.77607929707, -0.801570475101, -3.01111650467],
        "cov": [[4003.82250977, 1274.55151367, -1556.80651855, -334.996887207, -220.822052002, -200.278015137, -294.42779541, -385.184906006, -163.546951294, -143.238372803, -56.1437644958, -31.7265758514, -103.992164612], [1274.55151367, 1087.06494141, -45.237663269, -257.250946045, -111.067634583, -286.380767822, -262.957122803, -346.678436279, -293.919708252, -125.048240662, -78.8577270508, -50.7623329163, -115.911735535], [-1556.80651855, -45.237663269, 1146.3894043, 95.4384231567, 58.3787193298, -81.013130188, -7.85530138016, -9.51846599579, -118.535247803, 2.36541819572, -16.5706558228, -13.1171293259, -10.8646173477], [-334.996887207, -257.250946045, 95.4384231567, 136.280929565, 42.4900131226, 56.6809616089, 57.239730835, 63.4694099426, 54.9408226013, 16.6330127716, 5.01161670685, 12.9309072495, 22.4249343872], [-220.822052002, -111.067634583, 58.3787193298, 42.4900131226, 84.7541732788, 63.0961265564, 44.0929832458, 54.8732643127, 28.1007404327, 1.15450370312, 0.0388702303171, 0.287974536419, 1.649725914], [-200.278015137, -286.380767822, -81.013130188, 56.6809616089, 63.0961265564, 166.753112793, 119.894256592, 126.979637146, 95.8013687134, 14.6241550446, 14.6983566284, 11.4037132263, 20.4619159698], [-294.42779541, -262.957122803, -7.85530138016, 57.239730835, 44.0929832458, 119.894256592, 158.113128662, 142.27507019, 78.5604400635, 31.6809539795, 18.5122070312, 6.32775878906, 22.55352211], [-385.184906006, -346.678436279, -9.51846599579, 63.4694099426, 54.8732643127, 126.979637146, 142.27507019, 194.688659668, 125.920227051, 50.9992485046, 30.5499095917, 1.28897869587, 29.8845977783], [-163.546951294, -293.919708252, -118.535247803, 54.9408226013, 28.1007404327, 95.8013687134, 78.5604400635, 125.920227051, 155.567306519, 61.9342002869, 17.8693695068, 7.60667657852, 25.4643707275], [-143.238372803, -125.048240662, 2.36541819572, 16.6330127716, 1.15450370312, 14.6241550446, 31.6809539795, 50.9992485046, 61.9342002869, 66.787612915, 27.0633296967, -1.62278211117, 17.5022087097], [-56.1437644958, -78.8577270508, -16.5706558228, 5.01161670685, 0.0388702303171, 14.6983566284, 18.5122070312, 30.5499095917, 17.8693695068, 27.0633296967, 51.103012085, 18.3381652832, 12.9403610229], [-31.7265758514, -50.7623329163, -13.1171293259, 12.9309072495, 0.287974536419, 11.4037132263, 6.32775878906, 1.28897869587, 7.60667657852, -1.62278211117, 18.3381652832, 41.8514213562, 14.4211740494], [-103.992164612, -115.911735535, -10.8646173477, 22.4249343872, 1.649725914, 20.4619159698, 22.55352211, 29.8845977783, 25.4643707275, 17.5022087097, 12.9403610229, 14.4211740494, 44.1245040894]],
        "icov": [[0.00275273690931, -0.00491701671854, 0.00350905116647, -0.00434118462726, 0.00248023122549, -0.00275827664882, 0.00163172895554, -0.000939229503274, -0.000434202491306, -0.000325709290337, -0.00165374320932, 0.000439910625573, -0.00164926645812], [-0.00491701671854, 0.0149532500654, -0.00563909253106, 0.013737604022, -0.00616963021457, 0.00946801435202, -0.00419794907793, 0.00540774594992, 0.00417820410803, 0.00176518340595, 0.00533378124237, 0.000236004852923, 0.00889289751649], [0.00350905116647, -0.00563909253106, 0.00605057971552, -0.00653823185712, 0.00212590582669, -0.00253924913704, 0.00303183402866, -0.00329272751696, 0.0037492737174, -0.0034706115257, 0.000275873899227, -0.000672882364597, -0.00060030532768], [-0.00434118462726, 0.013737604022, -0.00653823185712, 0.0251033175737, -0.00932820420712, 0.00984967220575, -0.00799336377531, 0.0088959094137, -0.00348496669903, 0.00611223792657, 0.00366282183677, -0.000200146139832, 0.00390828633681], [0.00248023122549, -0.00616963021457, 0.00212590582669, -0.00932820420712, 0.023635962978, -0.0133357364684, 0.007102469448, -0.00798835419118, 0.00355306896381, -0.00281844986603, 0.00119081418961, -0.00104781321716, 0.00104368501343], [-0.00275827664882, 0.00946801435202, -0.00253924913704, 0.00984967220575, -0.0133357364684, 0.0310695767403, -0.017155662179, 0.00694881798699, -0.0109360525385, 0.0167867951095, -0.00389424990863, 0.00296792923473, 0.00271797995083], [0.00163172895554, -0.00419794907793, 0.00303183402866, -0.00799336377531, 0.007102469448, -0.017155662179, 0.0319993793964, -0.0243905670941, 0.0171660259366, -0.0161588992923, 0.010231481865, -0.00876196101308, 0.00184620940126], [-0.000939229503274, 0.00540774594992, -0.00329272751696, 0.0088959094137, -0.00798835419118, 0.00694881798699, -0.0243905670941, 0.0394566208124, -0.0234785228968, 0.0158246401697, -0.0163575876504, 0.0160188935697, -0.00368533818983], [-0.000434202491306, 0.00417820410803, 0.0037492737174, -0.00348496669903, 0.00355306896381, -0.0109360525385, 0.0171660259366, -0.0234785228968, 0.0442304238677, -0.034181676805, 0.0239560585469, -0.015504877083, 0.010787432082], [-0.000325709290337, 0.00176518340595, -0.0034706115257, 0.00611223792657, -0.00281844986603, 0.0167867951095, -0.0161588992923, 0.0158246401697, -0.034181676805, 0.0554035007954, -0.03022922948, 0.021603602916, -0.0106741879135], [-0.00165374320932, 0.00533378124237, 0.000275873899227, 0.00366282183677, 0.00119081418961, -0.00389424990863, 0.010231481865, -0.0163575876504, 0.0239560585469, -0.03022922948, 0.0473855212331, -0.0249923579395, 0.00836766883731], [0.000439910625573, 0.000236004852923, -0.000672882364597, -0.000200146139832, -0.00104781321716, 0.00296792923473, -0.00876196101308, 0.0160188935697, -0.015504877083, 0.021603602916, -0.0249923579395, 0.0433324761689, -0.0125691890717], [-0.00164926645812, 0.00889289751649, -0.00060030532768, 0.00390828633681, 0.00104368501343, 0.00271797995083, 0.00184620940126, -0.00368533818983, 0.010787432082, -0.0106741879135, 0.00836766883731, -0.0125691890717, 0.0399184823036]]
    },
    "spectral_contrast_coeffs": {
        "max": [-0.411006569862, -0.436990380287, -0.630712687969, -0.58820348978, -0.652630746365, -0.64405465126],
        "mean": [-0.702890098095, -0.776782810688, -0.814313113689, -0.803586065769, -0.807887494564, -0.813969016075],
        "min": [-0.956905543804, -0.961362957954, -0.962095201015, -0.961342275143, -0.962106049061, -0.960483014584],
        "stdev": [0.122978903353, 0.111547462642, 0.0633467808366, 0.0677984878421, 0.0449022836983, 0.0389532186091]
    },
    "spectral_contrast_valleys": {
        "max": [-5.21336221695, -5.11590385437, -6.06198358536, -5.39527177811, -6.23383235931, -9.1295375824],
        "mean": [-7.8765835762, -7.20923900604, -7.79103088379, -7.86119031906, -8.36708450317, -11.3716363907],
        "min": [-27.1410007477, -27.134016037, -27.3714733124, -27.182636261, -27.2574634552, -27.2470226288],
        "stdev": [0.940498352051, 1.12806713581, 1.09343159199, 1.20516645908, 1.01617193222, 0.697309076786]
    }
},
"rhythm": {
    "beats_count": 29,
    "beats_loudness": {
        "max": 0.0738475620747,
        "mean": 0.016897380352,
        "min": 0.000224863295443,
        "stdev": 0.0222961176187
    },
    "bpm": 151.360809326,
    "bpm_histogram_first_peak_bpm": 152,
    "bpm_histogram_first_peak_weight": 0.210526287556,
    "bpm_histogram_second_peak_bpm": 120,
    "bpm_histogram_second_peak_spread": 0.199999988079,
    "bpm_histogram_second_peak_weight": 0.142857149243,
    "danceability": 0.810208320618,
    "onset_rate": 0.940485656261,
    "beats_loudness_band_ratio": {
        "max": [0.580922245979, 0.98116260767, 0.687817394733, 0.442663192749, 0.56220728159, 0.109097279608],
        "mean": [0.202604576945, 0.319980680943, 0.222214415669, 0.164007514715, 0.151827380061, 0.029126022011],
        "min": [0.00188377522863, 0.00588066037744, 0.0121203381568, 0.00367695582099, 0.00204127700999, 0.000366465101251],
        "stdev": [0.195700377226, 0.248615890741, 0.169925123453, 0.108086414635, 0.167869850993, 0.0323449708521]
    },
    "beats_position": [0.49922901392, 0.99845802784, 1.49768710136, 1.99691605568, 2.49614500999, 2.9837641716, 3.45977306366, 3.93578219414, 4.41179132462, 4.80653047562, 5.20126962662, 5.59600877762, 5.99074840546, 6.38548755646, 6.79183673859, 7.17496585846, 7.56970500946, 7.96444416046, 8.35918331146, 8.75392246246, 9.14866161346, 9.54340076447, 9.93814086914, 10.3328800201, 10.7392292023, 11.1455783844, 11.5403175354, 11.9350566864, 12.3414058685],
