{
"metadata": {
    "version": {
        "essentia": "2.1-beta5",
        "essentia_git_sha": "Undefined",
        "extractor": "music 2.0"
    },
    "audio_properties": {
        "analysis": {
            "equal_loudness": 0,
            "length": 27.0396137238,
            "sample_rate": 44100,
            "start_time": 158.998641968,
            "downmix": "mix"
        },
        "bit_rate": 192000,
        "length": 186.06149292,
        "lossless": 0,
        "number_channels": 2,
        "replay_gain": -3.05401420593,
        "sample_rate": 44100,
        "codec": "mp3",
        "md5_encoded": "f085910810cc20f2ab483b9cbbce31d9"
    },
    "tags": {
        "file_name": "Italy_Comme E_ Ddoce _o Mare_Peppino di Capri.mp3",
        "encoding": ["Lavf58.29.100"]
    }
},
"lowlevel": {
    "average_loudness": 0.89106041193,
    "barkbands_crest": {
        "max": 23.9164581299,
        "mean": 8.81012153625,
        "min": 3.36065649986,
        "stdev": 3.8434214592
    },
    "barkbands_flatness_db": {
        "max": 0.287832051516,
        "mean": 0.182879969478,
        "min": 0.0587886236608,
        "stdev": 0.0317141823471
    },
    "barkbands_kurtosis": {
        "max": 53.1462745667,
        "mean": 2.23653078079,
        "min": -1.74237477779,
        "stdev": 5.99072980881
    },
    "barkbands_skewness": {
        "max": 6.42605543137,
        "mean": 0.906502425671,
        "min": -2.14991474152,
        "stdev": 0.99872148037
    },
    "barkbands_spread": {
        "max": 69.5519256592,
        "mean": 12.1398735046,
        "min": 1.9373742342,
        "stdev": 5.83456087112
    },
    "dissonance": {
        "max": 0.499985069036,
        "mean": 0.449412286282,
        "min": 0.274969995022,
        "stdev": 0.0360301546752
    },
    "dynamic_complexity": 2.99452853203,
    "erbbands_crest": {
        "max": 23.0281257629,
        "mean": 9.52816867828,
        "min": 2.83418130875,
        "stdev": 3.58776569366
    },
    "erbbands_flatness_db": {
        "max": 0.345610588789,
        "mean": 0.246316239238,
        "min": 0.0825083181262,
        "stdev": 0.0402204915881
    },
    "erbbands_kurtosis": {
        "max": 8.61867523193,
        "mean": 0.0879969969392,
        "min": -1.62657654285,
        "stdev": 1.30863845348
    },
    "erbbands_skewness": {
        "max": 2.66369390488,
        "mean": 0.299721419811,
        "min": -1.31301772594,
        "stdev": 0.601027131081
    },
    "erbbands_spread": {
        "max": 91.2724914551,
        "mean": 21.2927951813,
        "min": 7.40572452545,
        "stdev": 9.5962638855
    },
    "hfc": {
        "max": 85.6083450317,
        "mean": 21.7828483582,
        "min": 1.14219931248e-16,
        "stdev": 16.2489070892
    },
    "loudness_ebu128": {
        "integrated": -20.7710533142,
        "loudness_range": 5.50548934937,
        "momentary": {
            "max": -17.2619342804,
            "mean": -21.9472999573,
            "min": -111.464202881,
            "stdev": 6.20502662659
        },
        "short_term": {
            "max": -18.0887241364,
            "mean": -21.2117519379,
            "min": -25.5690288544,
            "stdev": 1.96635496616
        }
    },
    "melbands_crest": {
        "max": 29.2012710571,
        "mean": 11.1384925842,
        "min": 1.7126789093,
        "stdev": 4.81446361542
    },
    "melbands_flatness_db": {
        "max": 0.358798950911,
        "mean": 0.24102987349,
        "min": 0.00326969358139,
        "stdev": 0.0566041320562
    },
    "melbands_kurtosis": {
        "max": 136.732391357,
        "mean": 4.80703258514,
        "min": -1.31492638588,
        "stdev": 11.8676643372
    },
    "melbands_skewness": {
        "max": 9.55621337891,
        "mean": 1.35121560097,
        "min": -0.601254582405,
        "stdev": 1.19425690174
    },
    "melbands_spread": {
        "max": 146.638305664,
        "mean": 19.7813949585,
        "min": 1.95732176304,
        "stdev": 15.8417291641
    },
    "pitch_salience": {
        "max": 0.85567009449,
        "mean": 0.623147964478,
        "min": 0.280717372894,
        "stdev": 0.10866432637
    },
    "silence_rate_20dB": {
        "max": 1,
        "mean": 1,
        "min": 1,
        "stdev": 0
    },
    "silence_rate_30dB": {
        "max": 1,
        "mean": 1,
        "min": 1,
        "stdev": 0
    },
    "silence_rate_60dB": {
        "max": 1,
        "mean": 0.0257289875299,
        "min": 0,
        "stdev": 0.158325478435
    },
    "spectral_centroid": {
        "max": 11617.6074219,
        "mean": 1248.54431152,
        "min": 270.505950928,
        "stdev": 1174.72387695
    },
    "spectral_complexity": {
        "max": 44,
        "mean": 20.7006855011,
        "min": 0,
        "stdev": 9.36767482758
    },
    "spectral_decrease": {
        "max": 2.36662460464e-28,
        "mean": -6.18860607204e-09,
        "min": -1.93704696727e-08,
        "stdev": 3.64492436233e-09
    },
    "spectral_energy": {
        "max": 0.0790625587106,
        "mean": 0.025332942605,
        "min": 1.01296699372e-20,
        "stdev": 0.0149813052267
    },
    "spectral_energyband_high": {
        "max": 0.00188443867955,
        "mean": 9.41338585108e-05,
        "min": 7.36720173076e-21,
        "stdev": 0.000158278577146
    },
    "spectral_energyband_low": {
        "max": 0.0233209449798,
        "mean": 0.00198295526206,
        "min": 3.2330230422e-23,
        "stdev": 0.00267957849428
    },
    "spectral_energyband_middle_high": {
        "max": 0.0481381267309,
        "mean": 0.0101993288845,
        "min": 1.19026503969e-21,
        "stdev": 0.00959380622953
    },
    "spectral_energyband_middle_low": {
        "max": 0.0596649087965,
        "mean": 0.0140368528664,
        "min": 2.25173920912e-22,
        "stdev": 0.0102593926713
    },
    "spectral_entropy": {
        "max": 9.8142118454,
        "mean": 7.07527637482,
        "min": 6.09487867355,
        "stdev": 0.46476650238
    },
    "spectral_flux": {
        "max": 0.217557236552,
        "mean": 0.0711202397943,
        "min": 6.4449397208e-11,
        "stdev": 0.0349138565361
    },
    "spectral_kurtosis": {
        "max": 40.3103141785,
        "mean": 11.6189193726,
        "min": -1.23653233051,
        "stdev": 6.03140687943
    },
    "spectral_rms": {
        "max": 0.00878260750324,
        "mean": 0.0047178408131,
        "min": 3.14366111268e-12,
        "stdev": 0.00156749680173
    },
    "spectral_rolloff": {
        "max": 19379.8828125,
        "mean": 1562.81848145,
        "min": 129.19921875,
        "stdev": 2095.67407227
    },
    "spectral_skewness": {
        "max": 4.57374620438,
        "mean": 2.06937932968,
        "min": -0.0758708938956,
        "stdev": 0.718599319458
    },
    "spectral_spread": {
        "max": 41799824,
        "mean": 2656524.5,
        "min": 1372369.875,
        "stdev": 4211581.5
    },
    "spectral_strongpeak": {
        "max": 8.26579093933,
        "mean": 1.58701384068,
        "min": 4.47353543098e-10,
        "stdev": 1.32992136478
    },
    "zerocrossingrate": {
        "max": 0.5224609375,
        "mean": 0.0524249076843,
        "min": 0.009765625,
        "stdev": 0.0547142662108
    },
    "barkbands": {
        "max": [0.000121679055155, 0.00928694568574, 0.0159778837115, 0.0146517651156, 0.025008186698, 0.0221687965095, 0.0432840399444, 0.0223918706179, 0.0284477323294, 0.0264260210097, 0.0265075042844, 0.0200769677758, 0.0277659520507, 0.0177556928247, 0.0103613687679, 0.0119899092242, 0.0073700202629, 0.00468019582331, 0.00339036970399, 0.00166537344921, 0.000630700204056, 0.000119014199299, 9.0542689577e-06, 0.000171473904629, 9.63601269177e-06, 8.07808191894e-06, 8.6364989329e-06],
        "mean": [5.82552729611e-06, 0.000356862408808, 0.00104634731542, 0.00123148784041, 0.00283528049476, 0.00139215507079, 0.00371928978711, 0.00171185669024, 0.00234602834098, 0.00237136962824, 0.00129599054344, 0.00130028300919, 0.00146825087722, 0.00117493979633, 0.0010726674227, 0.000603391672485, 0.00061498186551, 0.00035821768688, 0.000258401385508, 0.00012208087719, 3.73242255591e-05, 5.98111046202e-06, 7.84923940955e-07, 1.8695691324e-06, 8.37778884488e-07, 4.47206019771e-07, 5.43859606239e-08],
        "min": [1.63584150741e-25, 9.89066151015e-24, 1.41642184343e-24, 3.62573764346e-24, 1.41631676716e-23, 1.28528586639e-23, 2.10105718368e-23, 1.29494767699e-23, 2.83874152653e-23, 1.56827188789e-23, 1.89292396467e-23, 4.08237096174e-23, 2.18013843839e-23, 3.98402619704e-23, 5.64993476807e-23, 5.82861807399e-23, 1.08729455873e-22, 1.12230597275e-22, 1.26688688485e-22, 2.29533002191e-22, 2.59516027477e-22, 3.44539405355e-22, 5.76042136428e-22, 5.8584355016e-22, 8.46568819363e-22, 1.40579112863e-21, 2.14343438761e-21],
        "stdev": [7.9529991126e-06, 0.000552034238353, 0.00164828915149, 0.00190839602146, 0.00309622450732, 0.00203151465394, 0.00504337577149, 0.00291422428563, 0.00334104150534, 0.00347478315234, 0.00237875315361, 0.00209999713115, 0.00247965520248, 0.00213928520679, 0.00119557022117, 0.00097496638773, 0.000801688118372, 0.000488816003781, 0.000356983509846, 0.000207013465115, 5.80071136937e-05, 8.88876184035e-06, 8.4349107965e-07, 8.9387576736e-06, 6.73658576034e-07, 2.35804606064e-07, 2.5227035394e-07]
    },
    "erbbands": {
        "max": [0.161670818925, 2.39246177673, 13.3609676361, 32.0572814941, 68.1973800659, 108.749633789, 152.069091797, 198.549102783, 390.96875, 589.139587402, 483.000946045, 564.347167969, 887.372253418, 771.179870605, 974.012451172, 537.862548828, 1537.59069824, 1016.93652344, 732.31628418, 755.868347168, 689.039245605, 337.873779297, 289.549072266, 244.657196045, 134.932723999, 87.2132415771, 44.0942420959, 14.481795311, 2.66298103333, 0.7738956213, 0.351296335459, 3.59513115883, 2.00106620789, 0.234921500087, 0.0582585036755, 0.0326838120818, 0.0151833565906, 0.00534558994696, 0.00123357656412, 0.000151025495143],
        "mean": [0.00502797169611, 0.116517528892, 1.06569623947, 2.81578183174, 7.526948452, 9.54917144775, 9.30663204193, 11.7945795059, 46.0083351135, 43.1332321167, 43.8195304871, 50.2724380493, 72.1106262207, 76.3402862549, 50.0510215759, 54.2350540161, 72.3731079102, 61.7646522522, 63.2272338867, 41.0152053833, 34.9208183289, 32.4026794434, 21.9174175262, 16.5350036621, 10.7682142258, 6.1262345314, 2.4009346962, 0.852329611778, 0.229332134128, 0.0430426932871, 0.0244359988719, 0.0392148755491, 0.0269842613488, 0.0115463938564, 0.00478115165606, 0.00194524577819, 0.000833434751257, 0.000183778713108, 1.85063818208e-05, 3.02563475998e-05],
        "min": [9.88549557563e-23, 2.86020476569e-21, 3.16413426797e-21, 1.21857856772e-20, 1.71000802367e-20, 2.51457397064e-20, 6.48486271163e-20, 2.01640758097e-19, 3.38595113413e-19, 3.7837681401e-19, 3.78701611647e-19, 5.50702730638e-19, 9.6845396219e-19, 6.04785918737e-19, 1.342112021e-18, 1.56457345795e-18, 1.8200198592e-18, 2.31008404708e-18, 3.20721063864e-18, 3.86591172442e-18, 3.44736681307e-18, 5.317700967e-18, 5.2551061421e-18, 6.56164619143e-18, 1.0156879604e-17, 9.82655991563e-18, 1.16780970105e-17, 1.05707106198e-17, 1.11616261156e-17, 1.37789926642e-17, 1.63415055576e-17, 1.17636010161e-17, 1.01680523325e-17, 7.70305162559e-18, 6.18080189766e-18, 5.14660899705e-18, 2.51452814613e-18, 1.13836409784e-18, 2.63968403662e-19, 3.1614791313e-20],
        "stdev": [0.00868592690676, 0.170940354466, 1.60225725174, 4.22897005081, 8.71549510956, 11.108133316, 16.1909370422, 16.8699703217, 61.961063385, 67.8804702759, 69.8580627441, 70.6989974976, 107.346641541, 108.025299072, 86.242729187, 72.7929763794, 128.02230835, 104.054924011, 77.587272644, 59.8686714172, 48.1707725525, 43.2229766846, 30.3571872711, 22.2772064209, 14.5293960571, 10.624537468, 3.82446146011, 1.32924234867, 0.320391446352, 0.0548878647387, 0.0288433171809, 0.184686809778, 0.0998816341162, 0.0143814897165, 0.00256963772699, 0.00097706890665, 0.00044773099944, 0.000157185641001, 3.65676642105e-05, 1.82398289326e-05]
    },
    "gfcc": {
        "mean": [-57.6832580566, 140.07321167, -160.913391113, -4.01203203201, -38.8344764709, -14.3704919815, -34.1599006653, 5.88971710205, -28.1287612915, -1.02486622334, -14.8862113953, -12.3674440384, -8.31470394135],
        "cov": [[20695.3007812, 2503.72949219, -3331.87133789, -176.54586792, -590.878356934, -410.84576416, -264.390716553, -12.9616279602, -559.288635254, -138.061965942, -178.963302612, -308.603179932, -78.9819793701], [2503.72949219, 1160.91894531, 502.193359375, -6.74299097061, -52.2831764221, -173.910369873, -220.516281128, -90.0242004395, -92.9057006836, -50.4274368286, -59.1366958618, -89.8686523438, -130.105743408], [-3331.87133789, 502.193359375, 1979.0098877, 312.596130371, 71.7074661255, 18.7051258087, -274.004486084, -98.6600494385, 66.9347381592, 24.6219215393, -40.1137733459, 7.87327671051, -136.713882446], [-176.54586792, -6.74299097061, 312.596130371, 354.555664062, 66.9141693115, 25.9412765503, -49.565700531, -40.2757110596, 1.16041338444, 26.8360691071, -40.9793968201, -13.4593200684, -0.562959671021], [-590.878356934, -52.2831764221, 71.7074661255, 66.9141693115, 176.932312012, 52.7250022888, -23.1224308014, 17.3064060211, 68.1525650024, 26.1992988586, -16.0631427765, 9.71389961243, 18.3324489594], [-410.84576416, -173.910369873, 18.7051258087, 25.9412765503, 52.7250022888, 161.929138184, 57.8872909546, 35.0356407166, 30.6948299408, 21.655330658, 12.5378389359, 23.9013290405, 17.3027133942], [-264.390716553, -220.516281128, -274.004486084, -49.565700531, -23.1224308014, 57.8872909546, 231.360565186, 59.1843070984, -36.4070587158, -24.2999649048, 54.0665245056, 7.85122728348, 15.7345590591], [-12.9616279602, -90.0242004395, -98.6600494385, -40.2757110596, 17.3064060211, 35.0356407166, 59.1843070984, 115.042411804, 38.7021560669, 4.69880151749, 25.1550045013, 20.6585178375, -0.0743080228567], [-559.288635254, -92.9057006836, 66.9347381592, 1.16041338444, 68.1525650024, 30.6948299408, -36.4070587158, 38.7021560669, 107.239936829, 49.5731964111, -3.07155179977, 22.4227828979, 15.9623641968], [-138.061965942, -50.4274368286, 24.6219215393, 26.8360691071, 26.1992988586, 21.655330658, -24.2999649048, 4.69880151749, 49.5731964111, 80.3932266235, 19.8926277161, 13.2436504364, 4.61778879166], [-178.963302612, -59.1366958618, -40.1137733459, -40.9793968201, -16.0631427765, 12.5378389359, 54.0665245056, 25.1550045013, -3.07155179977, 19.8926277161, 82.9915847778, 16.5980815887, -6.06112098694], [-308.603179932, -89.8686523438, 7.87327671051, -13.4593200684, 9.71389961243, 23.9013290405, 7.85122728348, 20.6585178375, 22.4227828979, 13.2436504364, 16.5980815887, 58.5690383911, 26.2256145477], [-78.9819793701, -130.105743408, -136.713882446, -0.562959671021, 18.3324489594, 17.3027133942, 15.7345590591, -0.0743080228567, 15.9623641968, 4.61778879166, -6.06112098694, 26.2256145477, 61.5824966431]],
        "icov": [[0.00185231631622, -0.00620875274763, 0.00568171264604, -0.00455827033147, 0.00555286183953, -0.00485011190176, 0.00494926655665, -0.0040472233668, 0.00247727055103, -0.00123381137382, 0.000365095562302, -0.000518542539794, -2.2381052986e-05], [-0.00620875274763, 0.0226062498987, -0.019377456978, 0.0159036666155, -0.0192428361624, 0.0172342918813, -0.0152618484572, 0.0129574770108, -0.00599739095196, 0.00370711809956, -0.00062595208874, 0.00269955745898, 0.00179110839963], [0.00568171264604, -0.019377456978, 0.0185682121664, -0.0150168500841, 0.01730591245, -0.0155672840774, 0.0156842563301, -0.0110342213884, 0.00554508622736, -0.00226094131358, 0.000498821842484, -0.00353052164428, 0.00291878241114], [-0.00455827033147, 0.0159036666155, -0.0150168500841, 0.0158523712307, -0.0155562609434, 0.0121438214555, -0.012117035687, 0.00920191034675, -0.00190406036563, -0.000608048751019, 0.00162195484154, 0.00326418643817, -0.00180441874545], [0.00555286183953, -0.0192428361624, 0.01730591245, -0.0155562609434, 0.0258399117738, -0.0169326029718, 0.0147488974035, -0.011447201483, 0.000370951427612, -0.00158184685279, 0.000811696110759, -0.000817113323137, -0.00152220239397], [-0.00485011190176, 0.0172342918813, -0.0155672840774, 0.0121438214555, -0.0169326029718, 0.0221159141511, -0.0153634855524, 0.00909606553614, -0.00509797548875, 0.000572635210119, 0.000547415053006, 0.000180804534466, -0.000239458706346], [0.00494926655665, -0.0152618484572, 0.0156842563301, -0.012117035687, 0.0147488974035, -0.0153634855524, 0.0230479352176, -0.0147264609113, 0.0113166756928, -0.000869675190188, -0.00359670352191, 0.000931143178605, -0.000786892545875], [-0.0040472233668, 0.0129574770108, -0.0110342213884, 0.00920191034675, -0.011447201483, 0.00909606553614, -0.0147264609113, 0.0254613384604, -0.0166479460895, 0.00818320270628, -0.00304016284645, -0.00480239884928, 0.00786554440856], [0.00247727055103, -0.00599739095196, 0.00554508622736, -0.00190406036563, 0.000370951427612, -0.00509797548875, 0.0113166756928, -0.0166479460895, 0.0332441367209, -0.016721284017, 0.00589237641543, 0.00113797327504, -0.00605817977339], [-0.00123381137382, 0.00370711809956, -0.00226094131358, -0.000608048751019, -0.00158184685279, 0.000572635210119, -0.000869675190188, 0.00818320270628, -0.016721284017, 0.0259990971535, -0.00991497375071, -0.00182765605859, 0.00395397376269], [0.000365095562302, -0.00062595208874, 0.000498821842484, 0.00162195484154, 0.000811696110759, 0.000547415053006, -0.00359670352191, -0.00304016284645, 0.00589237641543, -0.00991497375071, 0.0207573026419, -0.00537197431549, 0.00433474313468], [-0.000518542539794, 0.00269955745898, -0.00353052164428, 0.00326418643817, -0.000817113323137, 0.000180804534466, 0.000931143178605, -0.00480239884928, 0.00113797327504, -0.00182765605859, -0.00537197431549, 0.0301614198834, -0.0163521301001], [-2.2381052986e-05, 0.00179110839963, 0.00291878241114, -0.00180441874545, -0.00152220239397, -0.000239458706346, -0.000786892545875, 0.00786554440856, -0.00605817977339, 0.00395397376269, 0.00433474313468, -0.0163521301001, 0.0358521565795]]
    },
    "melbands": {
        "max": [0.00219305418432, 0.00506041850895, 0.00569693185389, 0.00566676259041, 0.00433421134949, 0.00430802209303, 0.00641716411337, 0.00518976012245, 0.00318329734728, 0.00347892614082, 0.004603064619, 0.00338928867131, 0.00421127164736, 0.00295217824169, 0.00177125527989, 0.00252194330096, 0.00221963808872, 0.00164544291329, 0.00069629115751, 0.00105349346995, 0.00110427488107, 0.000405909930123, 0.000342714542057, 0.000262772635324, 0.000231597907259, 0.000140623393236, 0.000109768923721, 6.11871873843e-05, 3.19075734296e-05, 2.3467488063e-05, 5.32155854671e-06, 2.13130124394e-06, 9.8123416592e-07, 2.30180688732e-07, 2.22210587708e-07, 1.37550529189e-07, 3.76371849597e-06, 2.27935379371e-06, 1.00299224925e-07, 2.38563330868e-07],
        "mean": [6.86187704559e-05, 0.000418392388383, 0.000616227218416, 0.000673939590342, 0.000322919862811, 0.000266350223683, 0.00074631778989, 0.000439856812591, 0.000346065440681, 0.000329038652126, 0.000356184405973, 0.000309280410875, 0.000176096829819, 0.00015511699894, 0.00014668359654, 0.000136964314152, 0.000113050125947, 0.000100665951322, 6.97167197359e-05, 4.29172105214e-05, 4.04790916946e-05, 3.44726176991e-05, 2.59707321675e-05, 1.67269281519e-05, 1.31215201691e-05, 8.72590771905e-06, 5.98575161348e-06, 3.47055629391e-06, 1.60740023603e-06, 8.42096596898e-07, 3.86307277722e-07, 1.51449100372e-07, 4.02113009557e-08, 1.44752103637e-08, 1.27816264239e-08, 1.44995704332e-08, 3.05369063369e-08, 2.23144809297e-08, 1.17777432251e-08, 9.08667274757e-09],
        "min": [1.63387963499e-24, 2.66712018232e-24, 3.39820885915e-24, 2.37724200143e-24, 2.08033191443e-24, 4.80876828276e-24, 4.73822124087e-24, 3.69067864533e-24, 3.78525557369e-24, 3.57718325474e-24, 4.82956305065e-24, 2.16932035492e-24, 3.64945790202e-24, 3.55011862038e-24, 3.43040818915e-24, 2.06239992276e-24, 3.57265637644e-24, 3.94309796335e-24, 3.92907201646e-24, 3.59426169891e-24, 3.73314263343e-24, 6.24978128719e-24, 3.29056287217e-24, 5.60989400291e-24, 4.42716983606e-24, 5.81639727751e-24, 7.9965583562e-24, 5.41125212165e-24, 6.77818477619e-24, 6.88308039962e-24, 5.39075554318e-24, 5.73726664011e-24, 6.61142076412e-24, 7.92881413711e-24, 1.00673971185e-23, 6.71434384086e-24, 6.4388392973e-24, 6.1150817099e-24, 4.9280527291e-24, 7.23058388356e-24],
        "stdev": [0.000111922803626, 0.000595856050495, 0.000785906857345, 0.000708286592271, 0.000510404352099, 0.000392487359932, 0.000994676025584, 0.000651480455417, 0.00053008570103, 0.000474212050904, 0.000540445500519, 0.000459871604107, 0.000333243748173, 0.000278128834907, 0.00021159251628, 0.000227345750318, 0.000207717443118, 0.000141003736644, 8.01722635515e-05, 7.49033497414e-05, 5.99601626163e-05, 4.70388295071e-05, 4.03857011406e-05, 2.39650544245e-05, 1.95489519683e-05, 1.23734580484e-05, 9.47406260821e-06, 6.637241313e-06, 2.72452098216e-06, 1.53554867666e-06, 5.84322719988e-07, 2.16922828145e-07, 6.34907664221e-08, 1.78706542897e-08, 1.74938126207e-08, 1.38263889227e-08, 1.94914662188e-07, 1.10712150558e-07, 9.34886834614e-09, 1.39918441278e-08]
    },
    "melbands128": {
        "max": [0.000102740421426, 0.000743439421058, 0.00374239403754, 0.00418316945434, 0.00590056180954, 0.00846522301435, 0.00794763769954, 0.00792248919606, 0.00807112921029, 0.00795704778284, 0.00724395550787, 0.00650325650349, 0.00753278238699, 0.00864875968546, 0.00683140009642, 0.00794903561473, 0.009666018188, 0.0117803104222, 0.0183717440814, 0.00988153461367, 0.00411372305825, 0.00905365962535, 0.0055127912201, 0.00421726237983, 0.00706908013672, 0.00795602239668, 0.00986174680293, 0.00822351872921, 0.00600952282548, 0.00673471437767, 0.00405964162201, 0.00439473055303, 0.00824385136366, 0.00378281599842, 0.00560930324718, 0.0031722295098, 0.00230280589312, 0.00174783938564, 0.00483708502725, 0.00728393020108, 0.00304037868045, 0.00447948416695, 0.00420998316258, 0.00491615431383, 0.00437459954992, 0.00123058678582, 0.00180367659777, 0.000916632649023, 0.000823659764137, 0.00262518273667, 0.00150132947601, 0.00050395069411, 0.00158473779447, 0.00275539234281, 0.000826907635201, 0.000510785263032, 0.000755235552788, 0.000703967467416, 0.000325997447362, 0.000604383880273, 0.000366715772543, 0.00055229786085, 0.00050644762814, 0.000259236985585, 0.000295633624773, 0.000279515457805, 0.000154387918883, 0.000135357346153, 0.000252004188951, 0.000137910523335, 0.000131924534799, 4.24383397331e-05, 5.77756909479e-05, 4.87386678287e-05, 3.21003353747e-05, 3.69890258298e-05, 2.03437793971e-05, 8.79260369402e-06, 6.96163988323e-06, 1.02694157249e-05, 2.57911187873e-06, 1.66212021213e-06, 1.9955193693e-06, 8.63824425323e-07, 4.32691109609e-07, 4.53838055137e-07, 1.59451502668e-07, 2.83214149022e-07, 2.86397835225e-07, 1.56403487495e-07, 1.66816079172e-07, 2.12432823332e-07, 1.83301281709e-07, 3.25005271407e-06, 7.30197325538e-06, 5.26554595126e-06, 2.45486830863e-07, 9.18221942925e-08, 1.1588049631e-07, 1.19752598948e-07, 1.67596098777e-07, 5.07929712512e-07, 6.78383997865e-08, 7.20692696632e-08, 6.66300934427e-08, 6.26071923193e-08, 5.9226685778e-08, 5.89561679476e-08, 5.75109879719e-08, 5.37821449598e-08, 5.07615069978e-08, 5.02499268862e-08, 4.91669673863e-08, 4.76007429029e-08, 4.03359550205e-08, 4.24889314843e-08, 4.24919370801e-08, 4.10424618735e-08, 3.93674284282e-08, 3.81164255714e-08, 3.71522830278e-08, 3.62342547078e-08, 3.55050069345e-08, 3.48701831854e-08, 3.43469999109e-08, 3.39413865902e-08, 3.3644610653e-08, 3.3445459735e-08],
        "mean": [4.89161084261e-06, 2.66057340923e-05, 6.52456001262e-05, 0.000202274241019, 0.000506608630531, 0.000484836200485, 0.000536720792297, 0.000639381934889, 0.000745633675251, 0.000876714708284, 0.000483804062242, 0.000274709658697, 0.000330368085997, 0.000306125177303, 0.000213882827666, 0.00026502381661, 0.000424096710049, 0.00109184044413, 0.000806407420896, 0.000423421413871, 0.000244539871346, 0.000432047323557, 0.000355643394869, 0.000270685675787, 0.000309499358991, 0.000322980660712, 0.000456939131254, 0.000382258353056, 0.000222199392738, 0.000374598719645, 0.000310814619297, 0.000237794491113, 0.000184730743058, 0.00010037177708, 0.000178336340468, 0.000171361345565, 0.00012394868827, 9.73014466581e-05, 0.000215404797927, 0.000183228214155, 9.12446776056e-05, 0.000114320442663, 0.000122191049741, 0.000109973676444, 9.16824283195e-05, 9.80781042017e-05, 0.000125696024043, 5.49779761059e-05, 5.44918584637e-05, 5.9923997469e-05, 3.36391749443e-05, 3.46105734934e-05, 4.88798177685e-05, 3.64800325769e-05, 3.97191615775e-05, 3.32730160153e-05, 2.95394329441e-05, 3.65010637324e-05, 1.84229502338e-05, 1.82182502613e-05, 1.63412678376e-05, 1.63944314409e-05, 1.63020285981e-05, 1.09971388156e-05, 1.01534760688e-05, 8.22166202852e-06, 9.09568643692e-06, 6.2044864535e-06, 5.26384246768e-06, 5.26759367858e-06, 4.50830566479e-06, 1.76132664365e-06, 1.70166913449e-06, 1.84343878118e-06, 1.10025632694e-06, 1.09533254999e-06, 5.62586592423e-07, 3.83377823709e-07, 3.96076671905e-07, 3.9987074274e-07, 1.45755166159e-07, 7.38674614809e-08, 6.03948819844e-08, 3.76365747456e-08, 2.41449242822e-08, 1.5441775858e-08, 1.14374500981e-08, 1.10926237085e-08, 1.2974674668e-08, 1.35921016664e-08, 1.42583056473e-08, 1.41593456959e-08, 1.58836552799e-08, 2.8208244629e-08, 4.50837660537e-08, 3.0138206597e-08, 1.6267730274e-08, 1.22467271879e-08, 1.21461205538e-08, 1.24078871622e-08, 7.57944462748e-09, 1.03322470579e-08, 7.20345694205e-09, 6.70611255416e-09, 4.74825245789e-09, 4.20005585866e-09, 4.2907681852e-09, 3.77228115411e-09, 2.95480706569e-09, 2.8922586548e-09, 2.85052581539e-09, 2.92371971078e-09, 2.87651147346e-09, 2.16402162856e-09, 1.97132665747e-09, 2.17234696898e-09, 1.75322578677e-09, 4.02276753575e-11, 3.77567178911e-11, 3.66078348191e-11, 3.56978752114e-11, 3.48513717885e-11, 3.41398402603e-11, 3.35242215932e-11, 3.30485569466e-11, 3.26709874432e-11, 3.23899726484e-11, 3.21952811633e-11],
        "min": [1.23687065185e-26, 5.6775694925e-25, 8.63158980718e-25, 3.39247147378e-24, 1.76022280871e-24, 4.26242451905e-25, 1.86954828055e-24, 2.14771996283e-24, 1.25385388112e-24, 6.7357272962e-25, 2.83414920235e-25, 8.24574364034e-25, 7.98176119917e-25, 2.19182557047e-24, 2.05534060374e-24, 1.2919644417e-24, 1.64061137953e-24, 2.53909002956e-24, 2.92003096069e-24, 1.7975990384e-24, 9.58753441036e-25, 2.59128382806e-24, 1.3939817089e-24, 1.72317553402e-24, 8.30601606476e-25, 1.67291286701e-24, 2.38906426539e-24, 2.39723252563e-24, 2.51489034078e-24, 1.10065236016e-24, 2.2145585696e-24, 2.26071639889e-24, 1.96889919789e-24, 2.44279259556e-24, 8.87305618597e-25, 1.27213691589e-24, 5.84122194134e-24, 3.43900795631e-24, 1.64553525208e-24, 9.12577566556e-25, 1.26045398449e-24, 2.05678698021e-24, 2.54573105509e-24, 2.47663137574e-24, 2.71574714624e-24, 3.05237302716e-24, 4.24399238957e-24, 1.15683532965e-24, 1.14386951321e-24, 1.93783227773e-24, 1.95800404272e-24, 2.64674015805e-24, 2.97493311589e-24, 3.93111950494e-24, 4.05593268293e-24, 3.90196715018e-24, 2.04779869905e-24, 1.35688453876e-24, 2.22700383646e-24, 3.41613730094e-24, 3.58642831012e-24, 4.6852882797e-24, 3.23184302462e-24, 2.74114688967e-24, 2.59743812641e-24, 3.56347088006e-24, 4.24929235156e-24, 3.2774101943e-24, 3.78957655929e-24, 4.45886626724e-24, 4.81284472149e-24, 3.51806522964e-24, 4.38334545734e-24, 4.12698301808e-24, 4.89382799873e-24, 5.81456554249e-24, 4.0158514492e-24, 5.87092807644e-24, 4.65580657552e-24, 4.08944901621e-24, 3.54875822974e-24, 3.37965603395e-24, 4.77821412218e-24, 4.7577510703e-24, 2.62324649979e-24, 6.42329242658e-24, 5.64397239958e-24, 7.20056930384e-24, 6.23725457044e-24, 5.01762078514e-24, 6.07146519602e-24, 4.88051360437e-24, 4.59808680637e-24, 5.71457505617e-24, 3.8072655818e-24, 5.87226046251e-24, 5.70683199195e-24, 5.60476640702e-24, 3.7113890051e-24, 4.2487397545e-24, 3.89432821561e-24, 6.00329223102e-24, 8.27243800312e-24, 5.18719471976e-24, 5.61290232397e-24, 4.87441728729e-24, 3.54305082109e-24, 7.21203618596e-24, 5.86523920603e-24, 6.67414033368e-24, 6.81930730632e-24, 4.60485957167e-24, 7.4551197296e-24, 7.44763028417e-24, 6.68635032277e-24, 6.67106929818e-24, 6.88700813807e-24, 5.9346163672e-24, 5.84450636371e-24, 5.14786921477e-24, 7.13408410675e-24, 7.27941121815e-24, 6.34077836476e-24, 7.09108014336e-24, 7.71433784533e-24, 5.98202454102e-24, 9.056406393e-24, 7.31006950837e-24],
        "stdev": [6.90613524057e-06, 5.22572518094e-05, 0.000157868082169, 0.000314876408083, 0.000794638239313, 0.000792268954683, 0.000944144499954, 0.000991956912912, 0.0010124683613, 0.00103102857247, 0.000650024216156, 0.000576828315388, 0.00073950557271, 0.000619065598585, 0.000428954139352, 0.0005380276707, 0.00077356462134, 0.00171447638422, 0.00152506295126, 0.00107378640678, 0.000519177643582, 0.000978451105766, 0.000720229232684, 0.0005626877537, 0.000651493202895, 0.000740303366911, 0.000914385775104, 0.000818058149889, 0.000499513756949, 0.000789086916484, 0.000528941396624, 0.000478112022392, 0.000569988798816, 0.000289264688035, 0.000498966954183, 0.000340675876942, 0.000235495870584, 0.000199342845008, 0.000466188270366, 0.000477927387692, 0.000195566899492, 0.000269720621873, 0.000330045178998, 0.000253002042882, 0.000282072316622, 0.000152379463543, 0.000196391440113, 9.55452269409e-05, 8.9487999503e-05, 0.000166238343809, 7.6724390965e-05, 5.94206321693e-05, 8.65947367856e-05, 9.71658155322e-05, 6.4826279413e-05, 5.55502265343e-05, 6.44416504656e-05, 7.12778855814e-05, 3.35993099725e-05, 4.16239781771e-05, 2.73143868981e-05, 2.98356153507e-05, 3.15674951707e-05, 2.18014392885e-05, 2.02109731617e-05, 1.5358271412e-05, 1.53110922838e-05, 1.2033215171e-05, 1.26273562273e-05, 1.15951852422e-05, 1.16064102258e-05, 3.19989430864e-06, 3.8431203393e-06, 3.26083022628e-06, 2.26526822189e-06, 2.0663721898e-06, 1.31153251459e-06, 7.28140435058e-07, 6.85457848704e-07, 6.86229043367e-07, 2.78992530411e-07, 1.2458525589e-07, 1.27719090415e-07, 5.9557361709e-08, 3.57774432302e-08, 2.62884096713e-08, 1.44411567149e-08, 2.17290825333e-08, 2.10925144017e-08, 1.50029464407e-08, 1.63333666592e-08, 1.44820493375e-08, 1.86829129944e-08, 1.48463328742e-07, 3.93514852703e-07, 2.36276108012e-07, 1.71540701643e-08, 1.07770450342e-08, 1.27561934349e-08, 9.71939240202e-09, 8.93867468932e-09, 2.68952007332e-08, 5.38176525566e-09, 3.8673007019e-09, 2.79702438988e-09, 2.32984653792e-09, 2.14574047419e-09, 2.0287473923e-09, 1.86849002937e-09, 1.75388126245e-09, 1.67519176308e-09, 1.61340507621e-09, 1.59180868486e-09, 1.48412526713e-09, 1.27188071186e-09, 1.33860178497e-09, 1.38918399006e-09, 1.20129350911e-09, 1.15229092934e-09, 1.11567011185e-09, 1.08745257243e-09, 1.06057929106e-09, 1.03923603056e-09, 1.02065111918e-09, 1.00534047753e-09, 9.9346975091e-10, 9.84780590407e-10, 9.78949699082e-10]
    },
    "mfcc": {
        "mean": [-687.154296875, 182.310211182, -59.2865219116, 14.0311756134, -1.66307365894, -15.0557012558, 3.25038766861, -10.1782531738, -0.239857643843, -0.50675880909, -4.30542469025, -1.04721260071, -8.43174934387],
        "cov": [[6927.23339844, 1237.39160156, -1743.0802002, -4.65937662125, -503.727935791, -215.266906738, 253.314346313, -82.4802474976, -1.01296949387, -71.4172210693, -78.5178146362, 25.9205131531, -177.441207886], [1237.39160156, 1393.87524414, 496.859710693, 122.694953918, 144.823028564, -107.283988953, -101.138786316, -73.9791946411, -129.132583618, -22.2726478577, -27.8985481262, -53.5898017883, 12.847910881], [-1743.0802002, 496.859710693, 1456.29040527, 319.708343506, 339.398864746, 93.6875534058, -145.20199585, -55.8945007324, -115.88444519, -1.71159219742, -5.27977705002, -40.7798881531, 56.6733970642], [-4.65937662125, 122.694953918, 319.708343506, 314.197845459, 129.723815918, 43.996723175, -35.529296875, -59.8043403625, 3.82295012474, -16.1987895966, -22.059431076, 1.09562301636, 3.0506901741], [-503.727935791, 144.823028564, 339.398864746, 129.723815918, 331.889160156, 82.3529434204, -125.87537384, -36.6900253296, 35.3762588501, 29.5295238495, -0.368639081717, -3.39583039284, 22.9424953461], [-215.266906738, -107.283988953, 93.6875534058, 43.996723175, 82.3529434204, 147.54083252, 7.14558839798, -26.4598655701, 31.2188739777, -3.01510596275, 7.44078493118, 6.9801068306, -17.3778400421], [253.314346313, -101.138786316, -145.20199585, -35.529296875, -125.87537384, 7.14558839798, 170.680267334, 67.2699127197, -14.3340501785, 5.90137863159, 7.17289924622, 27.9524517059, -2.12422657013], [-82.4802474976, -73.9791946411, -55.8945007324, -59.8043403625, -36.6900253296, -26.4598655701, 67.2699127197, 114.613937378, 22.7078971863, 8.90338611603, 10.9540748596, 7.00607585907, 12.7063837051], [-1.01296949387, -129.132583618, -115.88444519, 3.82295012474, 35.3762588501, 31.2188739777, -14.3340501785, 22.7078971863, 102.404899597, 10.9564552307, 3.68393111229, 7.62207889557, -3.47847914696], [-71.4172210693, -22.2726478577, -1.71159219742, -16.1987895966, 29.5295238495, -3.01510596275, 5.90137863159, 8.90338611603, 10.9564552307, 67.2049713135, 22.5730571747, 7.66657829285, 12.0842819214], [-78.5178146362, -27.8985481262, -5.27977705002, -22.059431076, -0.368639081717, 7.44078493118, 7.17289924622, 10.9540748596, 3.68393111229, 22.5730571747, 55.3403816223, 20.1413803101, 8.68542385101], [25.9205131531, -53.5898017883, -40.7798881531, 1.09562301636, -3.39583039284, 6.9801068306, 27.9524517059, 7.00607585907, 7.62207889557, 7.66657829285, 20.1413803101, 61.4582939148, 25.5699920654], [-177.441207886, 12.847910881, 56.6733970642, 3.0506901741, 22.9424953461, -17.3778400421, -2.12422657013, 12.7063837051, -3.47847914696, 12.0842819214, 8.68542385101, 25.5699920654, 75.9964752197]],
        "icov": [[0.000898518250324, -0.00147527316585, 0.00164460856467, -0.00141032610554, 0.00101003737655, -0.000898745260201, -6.80265729898e-05, -0.000195263171918, 0.000169421982719, -0.000637099146843, 0.000732796965167, -0.000953956972808, 0.00104408839252], [-0.00147527316585, 0.00351849012077, -0.00297843385488, 0.00244887918234, -0.00263495347463, 0.00310755008832, -0.000716421287507, 0.00133407406975, 0.000172060972545, 0.00180811679456, -0.00156060408335, 0.00223731482401, -0.00150764081627], [0.00164460856467, -0.00297843385488, 0.0047445888631, -0.00415058806539, 0.00162117357831, -0.00371194002219, 0.00186701316852, -0.00271137128584, 0.00347066391259, -0.00179113785271, 0.00118157779798, -0.00102088274434, 0.000791290425695], [-0.00141032610554, 0.00244887918234, -0.00415058806539, 0.0083462651819, -0.00411002384499, 0.0042328373529, -0.00435673678294, 0.0057348436676, -0.00417442480102, 0.00372148584574, -0.000476726418128, 0.00102851621341, -0.000893063319381], [0.00101003737655, -0.00263495347463, 0.00162117357831, -0.00411002384499, 0.0108864102513, -0.00809208489954, 0.0088007748127, -0.00560335768387, 0.000730480009224, -0.00689286226407, 0.00394927151501, -0.00385142094456, -0.000220250338316], [-0.000898745260201, 0.00310755008832, -0.00371194002219, 0.0042328373529, -0.00809208489954, 0.0181328617036, -0.0112665165216, 0.0110311582685, -0.007892918773, 0.00722112925723, -0.00539192045107, 0.00266829039901, 0.00261333794333], [-6.80265729898e-05, -0.000716421287507, 0.00186701316852, -0.00435673678294, 0.0088007748127, -0.0112665165216, 0.0213776435703, -0.015527267009, 0.00943679362535, -0.00798184238374, 0.0051534329541, -0.00746744824573, 0.000330083188601], [-0.000195263171918, 0.00133407406975, -0.00271137128584, 0.0057348436676, -0.00560335768387, 0.0110311582685, -0.015527267009, 0.0230770297348, -0.0112222945318, 0.00601486954838, -0.00498401001096, 0.00515501387417, -0.00160302233417], [0.000169421982719, 0.000172060972545, 0.00347066391259, -0.00417442480102, 0.000730480009224, -0.007892918773, 0.00943679362535, -0.0112222945318, 0.0206397771835, -0.00465574068949, 0.00245691160671, -0.00253662071191, 0.0003183108347], [-0.000637099146843, 0.00180811679456, -0.00179113785271, 0.00372148584574, -0.00689286226407, 0.00722112925723, -0.00798184238374, 0.00601486954838, -0.00465574068949, 0.0229878239334, -0.0101313265041, 0.0043056467548, -0.00226278300397], [0.000732796965167, -0.00156060408335, 0.00118157779798, -0.000476726418128, 0.00394927151501, -0.00539192045107, 0.0051534329541, -0.00498401001096, 0.00245691160671, -0.0101313265041, 0.0267832130194, -0.0104009816423, 0.00182698632125], [-0.000953956972808, 0.00223731482401, -0.00102088274434, 0.00102851621341, -0.00385142094456, 0.00266829039901, -0.00746744824573, 0.00515501387417, -0.00253662071191, 0.0043056467548, -0.0104009816423, 0.0276025794446, -0.0100826481357], [0.00104408839252, -0.00150764081627, 0.000791290425695, -0.000893063319381, -0.000220250338316, 0.00261333794333, 0.000330083188601, -0.00160302233417, 0.0003183108347, -0.00226278300397, 0.00182698632125, -0.0100826481357, 0.0197962764651]]
    },
    "spectral_contrast_coeffs": {
        "max": [-0.461747467518, -0.448758065701, -0.49886572361, -0.560374677181, -0.624168872833, -0.617126524448],
        "mean": [-0.685970008373, -0.721943438053, -0.723936200142, -0.757350802422, -0.753180086613, -0.783407270908],
        "min": [-0.981207728386, -0.98345375061, -0.987793207169, -0.988202989101, -0.99187284708, -0.970438182354],
        "stdev": [0.0828792527318, 0.0887676849961, 0.0805167928338, 0.0661484226584, 0.0499708279967, 0.0504110716283]
    },
    "spectral_contrast_valleys": {
        "max": [-5.49635457993, -4.61590719223, -5.29341173172, -5.48011875153, -6.1744055748, -10.0728111267],
        "mean": [-7.4083571434, -6.79101800919, -7.37226629257, -7.61284971237, -8.18043708801, -11.8923549652],
        "min": [-27.7621612549, -27.6293983459, -27.4841136932, -27.441362381, -27.3636512756, -27.3889694214],
        "stdev": [2.3051841259, 2.32781839371, 2.33672308922, 2.32883000374, 2.24409985542, 1.71137142181]
    }
},
"rhythm": {
    "beats_count": 44,
    "beats_loudness": {
        "max": 0.0781255960464,
        "mean": 0.0294306688011,
        "min": 0.00426148623228,
        "stdev": 0.016890315339
    },
    "bpm": 77.6082305908,
    "bpm_histogram_first_peak_bpm": 78,
    "bpm_histogram_first_peak_weight": 0.200000047684,
    "bpm_histogram_second_peak_bpm": 105,
    "bpm_histogram_second_peak_spread": 0.66666662693,
    "bpm_histogram_second_peak_weight": 0.139534890652,
    "danceability": 0.865652740002,
    "onset_rate": 1.18293988705,
    "beats_loudness_band_ratio": {
        "max": [0.804200828075, 0.71267914772, 0.66141551733, 0.633143723011, 0.486407756805, 0.0581268519163],
        "mean": [0.165481880307, 0.194247022271, 0.322811961174, 0.235382646322, 0.127694755793, 0.0149568757042],
        "min": [0.00102870969567, 0.00382170779631, 0.0367754809558, 0.0208303201944, 0.00569564476609, 0.000557196792215],
        "stdev": [0.177913039923, 0.169066622853, 0.176558554173, 0.169799253345, 0.114839874208, 0.0159517079592]
    },
    "beats_position": [0.441179126501, 0.882358253002, 1.31192743778, 1.74149656296, 2.18267560005, 2.63546490669, 3.13469386101, 3.62231278419, 4.1099319458, 4.66721057892, 5.22448968887, 5.78176879883, 6.33904743195, 6.90793657303, 7.46521520615, 8.0224943161, 8.59138298035, 9.17188167572, 9.76399040222, 10.4025392532, 11.017868042, 11.6331968307, 12.2136955261, 12.8174142838, 13.3979139328, 13.966802597, 14.5356912613, 15.1161899567, 15.6850786209, 16.2539672852, 16.8460769653, 17.4497947693, 18.088344574, 18.7385025024, 19.5279808044, 20.3174591064, 21.0837192535, 21.8499774933, 22.616235733, 23.3824939728, 24.1487522125, 24.9150104523, 25.6928787231, 26.470746994],
