{
"metadata": {
    "version": {
        "essentia": "2.1-beta5",
        "essentia_git_sha": "Undefined",
        "extractor": "music 2.0"
    },
    "audio_properties": {
        "analysis": {
            "equal_loudness": 0,
            "length": 12.7477550507,
            "sample_rate": 44100,
            "start_time": 0,
            "downmix": "mix"
        },
        "bit_rate": 192000,
        "length": 231.363647461,
        "lossless": 0,
        "number_channels": 2,
        "replay_gain": 20.3727970123,
        "sample_rate": 48000,
        "codec": "mp3",
        "md5_encoded": "a934a52d22219eda67dbcb98d342489f"
    },
    "tags": {
        "file_name": "Turkey_Iki Dakika_Izel Çeliköz, Rayhan Soykarçi and Can Ugurluér.mp3",
        "encoding": ["Lavf58.29.100"]
    }
},
"lowlevel": {
    "average_loudness": 6.96253191563e-05,
    "barkbands_crest": {
        "max": 19.8226070404,
        "mean": 6.8288064003,
        "min": 2.58163046837,
        "stdev": 1.57289516926
    },
    "barkbands_flatness_db": {
        "max": 0.229003623128,
        "mean": 0.0804078429937,
        "min": 0.032397992909,
        "stdev": 0.0268430039287
    },
    "barkbands_kurtosis": {
        "max": 11.4573688507,
        "mean": 3.07452702522,
        "min": -1.7120257616,
        "stdev": 1.31391215324
    },
    "barkbands_skewness": {
        "max": 3.27448058128,
        "mean": -1.62108826637,
        "min": -2.19480037689,
        "stdev": 0.815698206425
    },
    "barkbands_spread": {
        "max": 63.8696060181,
        "mean": 27.2412242889,
        "min": 9.84845161438,
        "stdev": 6.13564157486
    },
    "dissonance": {
        "max": 0.49997895956,
        "mean": 0.491537749767,
        "min": 0.354313760996,
        "stdev": 0.0121255693957
    },
    "dynamic_complexity": 9.53504562378,
    "erbbands_crest": {
        "max": 20.3858146667,
        "mean": 3.9689977169,
        "min": 2.64041376114,
        "stdev": 2.08737659454
    },
    "erbbands_flatness_db": {
        "max": 0.273492366076,
        "mean": 0.106188669801,
        "min": 0.0819659382105,
        "stdev": 0.0278720352799
    },
    "erbbands_kurtosis": {
        "max": 3.07847118378,
        "mean": 0.109003350139,
        "min": -1.74200499058,
        "stdev": 0.437611281872
    },
    "erbbands_skewness": {
        "max": 1.50728416443,
        "mean": -0.608804702759,
        "min": -1.71900486946,
        "stdev": 0.262802481651
    },
    "erbbands_spread": {
        "max": 91.8110961914,
        "mean": 37.1354484558,
        "min": 13.191906929,
        "stdev": 6.81603193283
    },
    "hfc": {
        "max": 1535.29394531,
        "mean": 16.4323139191,
        "min": 1.02831063729e-16,
        "stdev": 112.334281921
    },
    "loudness_ebu128": {
        "integrated": -35.1140060425,
        "loudness_range": 12.3949241638,
        "momentary": {
            "max": -31.6783008575,
            "mean": -276.524414062,
            "min": -300.691009521,
            "stdev": 74.4910049438
        },
        "short_term": {
            "max": -39.7392501831,
            "mean": -271.20791626,
            "min": -300.691009521,
            "stdev": 79.7827606201
        }
    },
    "melbands_crest": {
        "max": 29.8060646057,
        "mean": 3.50257515907,
        "min": 1.00003576279,
        "stdev": 4.48317146301
    },
    "melbands_flatness_db": {
        "max": 0.275810599327,
        "mean": 0.0197736993432,
        "min": 1.12172621414e-07,
        "stdev": 0.0499208010733
    },
    "melbands_kurtosis": {
        "max": 49.0771446228,
        "mean": -0.269564092159,
        "min": -1.42963159084,
        "stdev": 4.9856672287
    },
    "melbands_skewness": {
        "max": 6.40770339966,
        "mean": 0.200607001781,
        "min": -0.39983189106,
        "stdev": 0.846503615379
    },
    "melbands_spread": {
        "max": 164.493377686,
        "mean": 125.374855042,
        "min": 8.19292926788,
        "stdev": 26.4633846283
    },
    "pitch_salience": {
        "max": 0.997746288776,
        "mean": 0.775158464909,
        "min": 0.254466742277,
        "stdev": 0.0706770643592
    },
    "silence_rate_20dB": {
        "max": 1,
        "mean": 0.98727273941,
        "min": 0,
        "stdev": 0.112095013261
    },
    "silence_rate_30dB": {
        "max": 1,
        "mean": 0.974545478821,
        "min": 0,
        "stdev": 0.157501146197
    },
    "silence_rate_60dB": {
        "max": 1,
        "mean": 0.9418181777,
        "min": 0,
        "stdev": 0.234086915851
    },
    "spectral_centroid": {
        "max": 11840.1035156,
        "mean": 10257.0126953,
        "min": 778.468933105,
        "stdev": 2509.56762695
    },
    "spectral_complexity": {
        "max": 58,
        "mean": 1.94000005722,
        "min": 0,
        "stdev": 8.59037590027
    },
    "spectral_decrease": {
        "max": 2.31643294436e-28,
        "mean": -2.87649237762e-09,
        "min": -2.49314325629e-07,
        "stdev": 2.04158592254e-08
    },
    "spectral_energy": {
        "max": 1.08022558689,
        "mean": 0.012347003445,
        "min": 9.69245732364e-21,
        "stdev": 0.0865828245878
    },
    "spectral_energyband_high": {
        "max": 0.0924991667271,
        "mean": 0.000906640372705,
        "min": 6.80603965671e-21,
        "stdev": 0.00630629854277
    },
    "spectral_energyband_low": {
        "max": 0.020159278065,
        "mean": 0.000288788258331,
        "min": 6.43904400671e-24,
        "stdev": 0.00164028001018
    },
    "spectral_energyband_middle_high": {
        "max": 0.47410005331,
        "mean": 0.00415624864399,
        "min": 1.11891475438e-21,
        "stdev": 0.0347729809582
    },
    "spectral_energyband_middle_low": {
        "max": 0.67997354269,
        "mean": 0.00703604286537,
        "min": 1.14614093169e-22,
        "stdev": 0.0536123588681
    },
    "spectral_entropy": {
        "max": 9.82961940765,
        "mean": 9.62189865112,
        "min": 6.60983371735,
        "stdev": 0.605350613594
    },
    "spectral_flux": {
        "max": 0.862907409668,
        "mean": 0.0182640235871,
        "min": 6.29428384413e-11,
        "stdev": 0.0929844155908
    },
    "spectral_kurtosis": {
        "max": 8.01058959961,
        "mean": -0.835998117924,
        "min": -1.27523112297,
        "stdev": 1.27608263493
    },
    "spectral_rms": {
        "max": 0.0324634946883,
        "mean": 0.000707607483491,
        "min": 3.07507014644e-12,
        "stdev": 0.00339781492949
    },
    "spectral_rolloff": {
        "max": 19659.8144531,
        "mean": 17488.0917969,
        "min": 301.46484375,
        "stdev": 4268.15136719
    },
    "spectral_skewness": {
        "max": 2.33058428764,
        "mean": 0.105401240289,
        "min": -0.0976949930191,
        "stdev": 0.350744217634
    },
    "spectral_spread": {
        "max": 42809464,
        "mean": 37486968,
        "min": 3266405,
        "stdev": 9985180
    },
    "spectral_strongpeak": {
        "max": 12.4780073166,
        "mean": 0.142537921667,
        "min": 0,
        "stdev": 0.890197992325
    },
    "zerocrossingrate": {
        "max": 0.74853515625,
        "mean": 0.469352811575,
        "min": 0.03857421875,
        "stdev": 0.109168678522
    },
    "barkbands": {
        "max": [0.011627625674, 0.00659952778369, 0.00383998360485, 0.0443374626338, 0.439896821976, 0.0733712166548, 0.292093068361, 0.00236859661527, 0.428519338369, 0.0753655433655, 0.248510465026, 0.0597423799336, 0.0668729171157, 0.161605715752, 0.0226176045835, 0.014883344993, 0.104370638728, 0.12935565412, 0.0181839428842, 0.061166960746, 0.0284088253975, 0.0170912481844, 0.012855370529, 0.00580515014008, 0.00593869248405, 0.00158768484835, 0.000285772664938],
        "mean": [0.000109917324153, 0.000113633650471, 4.96170505357e-05, 0.000174803091795, 0.00292619899847, 0.00103227968793, 0.00182150036562, 4.42539567302e-05, 0.00103225640487, 0.000189161321032, 0.00064455519896, 0.000269933399977, 0.000324845866999, 0.000565657042898, 0.000145538026118, 0.000186979697901, 0.000709720363375, 0.000728598446585, 0.000178254602361, 0.000444557168521, 0.000207554243389, 0.000135217458592, 0.00014367265976, 8.82748281583e-05, 6.33868039586e-05, 1.52757893375e-05, 1.146110435e-06],
        "min": [1.41849886489e-25, 2.05630439455e-24, 3.92348550074e-25, 7.29517413815e-25, 2.29590314514e-24, 4.6526097167e-24, 4.13329351089e-24, 1.2100464629e-24, 1.0218463193e-23, 7.48608961988e-24, 3.32057035215e-24, 1.13985154879e-23, 1.63618334549e-23, 2.36929008629e-23, 3.6453388648e-23, 4.08904535608e-23, 5.37929931069e-23, 5.68317484227e-23, 1.15091839955e-22, 1.45860633811e-22, 1.92295826591e-22, 3.02400020898e-22, 2.59565959217e-22, 5.34466718099e-22, 8.38396876717e-22, 1.29831459844e-21, 1.92434441443e-21],
        "stdev": [0.000756395107601, 0.00061279226793, 0.000289259536657, 0.00209222757258, 0.0279360450804, 0.00720236543566, 0.0195367597044, 0.000222612216021, 0.018526840955, 0.00326615874656, 0.011012846604, 0.00341904326342, 0.00408003292978, 0.00786099024117, 0.00127492635511, 0.0012602256611, 0.00636585010216, 0.00751578249037, 0.00123850419186, 0.00377009203658, 0.00166243640706, 0.00106123252772, 0.000886462803464, 0.000548430951312, 0.000426702463301, 0.000115063929115, 1.54734916578e-05]
    },
    "erbbands": {
        "max": [0.395362228155, 1.13007104397, 3.34816098213, 54.5780715942, 755.243041992, 2568.62768555, 827.7265625, 718.835449219, 4192.11621094, 2340.53466797, 592.565551758, 12566.3730469, 2583.54199219, 6797.71435547, 3555.17138672, 2693.97167969, 3131.62475586, 7400.89941406, 2836.83349609, 909.380065918, 1020.69360352, 7340.91308594, 7782.16748047, 2430.82177734, 1163.95397949, 3086.97460938, 1969.94445801, 626.682006836, 466.514190674, 369.3699646, 451.537109375, 230.572937012, 104.593597412, 57.0760040283, 46.9600296021, 12.8693065643, 1.75083899498, 0.283159255981, 0.0457484051585, 0.00435117771849],
        "mean": [0.00492105679587, 0.0205550864339, 0.0564083270729, 0.364351958036, 4.16885709763, 12.4588136673, 12.9303646088, 5.05989742279, 23.8468837738, 12.8790254593, 2.81569766998, 29.5641479492, 7.04903030396, 26.2295227051, 10.6800994873, 12.6668815613, 15.1347837448, 24.4616756439, 16.1568222046, 9.02221012115, 12.6850442886, 44.4096336365, 42.9790039062, 15.7276973724, 10.5959558487, 22.4196891785, 11.9030780792, 6.93644857407, 4.7641787529, 4.52358007431, 3.91918134689, 2.21035575867, 1.38342988491, 0.684563338757, 0.450684010983, 0.125853076577, 0.0174250807613, 0.00150279095396, 0.000202788272873, 3.10018403979e-05],
        "min": [5.03431308189e-23, 2.10563017879e-22, 1.02997446123e-21, 4.30655430054e-21, 8.61641570795e-21, 8.86380895018e-21, 2.86412062578e-20, 5.66944421965e-20, 8.16993495569e-20, 1.02865486178e-19, 2.16521013534e-19, 2.03608672473e-19, 3.59008767708e-19, 4.60666550804e-19, 3.48379936276e-19, 6.6525173584e-19, 1.21249106125e-18, 1.713696855e-18, 2.32973144779e-18, 2.54320525719e-18, 3.11430419378e-18, 3.56221856637e-18, 3.76882553592e-18, 4.4631439849e-18, 6.39536014084e-18, 6.95650127043e-18, 7.84615056284e-18, 9.51516198377e-18, 8.7872571068e-18, 9.76863742042e-18, 7.97519404712e-18, 7.23529670562e-18, 9.24879080138e-18, 8.14704991836e-18, 5.97323208987e-18, 3.64593048514e-18, 2.29460170756e-18, 9.40838847633e-19, 2.21709219583e-19, 2.59997616836e-20],
        "stdev": [0.0301151759923, 0.106593295932, 0.299665510654, 3.19798946381, 44.1762046814, 137.594238281, 88.6699981689, 40.5414352417, 270.791168213, 139.502639771, 27.5747833252, 541.52545166, 114.421905518, 379.31137085, 162.363586426, 160.25970459, 189.766265869, 347.684570312, 175.71031189, 69.0838165283, 79.5117645264, 417.684112549, 461.364044189, 141.079467773, 72.9280700684, 189.120803833, 106.742828369, 49.5768318176, 36.8122329712, 26.7366027832, 28.1382045746, 15.4645519257, 8.55622291565, 4.39096736908, 3.27936220169, 0.938370525837, 0.132334396243, 0.0152954403311, 0.00249395915307, 0.000260983128101]
    },
    "gfcc": {
        "mean": [-1158.37768555, 2.91765236855, -9.929895401, 5.91649723053, -6.08463048935, -0.56380045414, -5.54397964478, 1.38427221775, -1.62517905235, -0.410178989172, -0.6810593009, 0.35149744153, -0.505589127541],
        "cov": [[125157.375, 3676.45507812, -11535.0605469, 6778.18701172, -7012.5546875, -573.375488281, -6358.84570312, 1569.8548584, -1942.92993164, -434.24105835, -819.800598145, 384.734588623, -547.294494629], [3676.45507812, 239.196487427, -308.47769165, 221.000656128, -203.153198242, -46.983001709, -195.473815918, 47.2673377991, -57.4077033997, -32.5095939636, -0.587948858738, -0.289141893387, -11.8456840515], [-11535.0605469, -308.47769165, 1107.78137207, -600.889404297, 648.118469238, 41.8222923279, 574.652282715, -139.911880493, 179.464538574, 38.1608161926, 84.9875030518, -34.2246170044, 52.0596008301], [6778.18701172, 221.000656128, -600.889404297, 452.656494141, -393.835693359, -72.0987472534, -388.603393555, 100.950317383, -94.9129257202, -50.0153656006, -22.2733974457, 34.5975761414, -26.7990245819], [-7012.5546875, -203.153198242, 648.118469238, -393.835693359, 409.636535645, 50.8952064514, 368.207275391, -89.4890136719, 106.161628723, 32.1694221497, 38.8977432251, -24.2041931152, 29.7799358368], [-573.375488281, -46.983001709, 41.8222923279, -72.0987472534, 50.8952064514, 70.278137207, 57.0806503296, -8.44644641876, 4.83466148376, 30.7457942963, -16.4541416168, -9.6359462738, -0.174390882254], [-6358.84570312, -195.473815918, 574.652282715, -388.603393555, 368.207275391, 57.0806503296, 352.743865967, -88.0430984497, 92.6383895874, 36.4267883301, 28.0838565826, -28.1296329498, 26.1125717163], [1569.8548584, 47.2673377991, -139.911880493, 100.950317383, -89.4890136719, -8.44644641876, -88.0430984497, 29.7976970673, -18.5519294739, -6.12633895874, -7.12398386002, 6.72772073746, -6.36291122437], [-1942.92993164, -57.4077033997, 179.464538574, -94.9129257202, 106.161628723, 4.83466148376, 92.6383895874, -18.5519294739, 37.8321533203, 6.32686901093, 15.8333044052, -4.71937847137, 9.26724624634], [-434.24105835, -32.5095939636, 38.1608161926, -50.0153656006, 32.1694221497, 30.7457942963, 36.4267883301, -6.12633895874, 6.32686901093, 21.115278244, -6.99653911591, -5.70418357849, -0.445497125387], [-819.800598145, -0.587948858738, 84.9875030518, -22.2733974457, 38.8977432251, -16.4541416168, 28.0838565826, -7.12398386002, 15.8333044052, -6.99653911591, 20.487531662, 0.0178222935647, 8.26354598999], [384.734588623, -0.289141893387, -34.2246170044, 34.5975761414, -24.2041931152, -9.6359462738, -28.1296329498, 6.72772073746, -4.71937847137, -5.70418357849, 0.0178222935647, 9.9108543396, 0.237174004316], [-547.294494629, -11.8456840515, 52.0596008301, -26.7990245819, 29.7799358368, -0.174390882254, 26.1125717163, -6.36291122437, 9.26724624634, -0.445497125387, 8.26354598999, 0.237174004316, 8.34159088135]],
        "icov": [[0.00187744305003, -0.00429360289127, 0.00713307177648, -0.00676461588591, 0.0062231682241, 0.00393718434498, 0.00262561300769, -0.0022938051261, 0.0137281501666, -0.0176092144102, 0.0122585128993, -0.000114666705485, -0.00960377324373], [-0.00429360289127, 0.0270861070603, -0.014441229403, 0.013390882872, -0.0233423523605, -0.00652105221525, 0.00317447423004, -0.00535201886669, -0.00794344674796, 0.0478390343487, -0.0480432361364, 0.0435822717845, 0.016819447279], [0.00713307177648, -0.014441229403, 0.0519646443427, -0.0370982885361, -0.00772236846387, 0.0278709549457, -0.0054053706117, -0.00462694559246, 0.0496052503586, -0.0882084965706, 0.0154489772394, 0.00119971705135, -0.0296155977994], [-0.00676461588591, 0.013390882872, -0.0370982885361, 0.118955716491, -0.0205689333379, -0.0455189943314, 0.0904978513718, -0.0443589687347, -0.05265346542, 0.147487074137, -0.0626186430454, -0.0297329369932, 0.0734857022762], [0.0062231682241, -0.0233423523605, -0.00772236846387, -0.0205689333379, 0.133235245943, -0.0174220409244, -0.0549181699753, -0.00156436325051, 0.00837221276015, -0.0247203242034, 0.0560362935066, -0.0535276941955, -0.0126405293122], [0.00393718434498, -0.00652105221525, 0.0278709549457, -0.0455189943314, -0.0174220409244, 0.0819320306182, -0.0286863967776, -0.0210294332355, 0.0613445080817, -0.129273802042, 0.0588271506131, 0.0284032747149, -0.0675917863846], [0.00262561300769, 0.00317447423004, -0.0054053706117, 0.0904978513718, -0.0549181699753, -0.0286863967776, 0.230706274509, 0.0244942773134, -0.0115500474349, 0.0501063838601, 0.0377501025796, 0.0637525618076, -0.0305085908622], [-0.0022938051261, -0.00535201886669, -0.00462694559246, -0.0443589687347, -0.00156436325051, -0.0210294332355, 0.0244942773134, 0.258382409811, -0.141442388296, -0.0322713516653, 0.0267618242651, 0.0120678059757, -0.0176124200225], [0.0137281501666, -0.00794344674796, 0.0496052503586, -0.05265346542, 0.00837221276015, 0.0613445080817, -0.0115500474349, -0.141442388296, 0.318962216377, -0.150555461645, 0.0158579405397, 0.0321230478585, -0.0686788037419], [-0.0176092144102, 0.0478390343487, -0.0882084965706, 0.147487074137, -0.0247203242034, -0.129273802042, 0.0501063838601, -0.0322713516653, -0.150555461645, 0.4081620574, -0.116821721196, 0.00352288014255, 0.14569683373], [0.0122585128993, -0.0480432361364, 0.0154489772394, -0.0626186430454, 0.0560362935066, 0.0588271506131, 0.0377501025796, 0.0267618242651, 0.0158579405397, -0.116821721196, 0.340897679329, 0.022670969367, -0.22032314539], [-0.000114666705485, 0.0435822717845, 0.00119971705135, -0.0297329369932, -0.0535276941955, 0.0284032747149, 0.0637525618076, 0.0120678059757, 0.0321230478585, 0.00352288014255, 0.022670969367, 0.304214209318, -0.113927274942], [-0.00960377324373, 0.016819447279, -0.0296155977994, 0.0734857022762, -0.0126405293122, -0.0675917863846, -0.0305085908622, -0.0176124200225, -0.0686788037419, 0.14569683373, -0.22032314539, -0.113927274942, 0.365943044424]]
    },
    "melbands": {
        "max": [0.00298182875849, 0.00168089708313, 0.0223266687244, 0.113109782338, 0.0298215672374, 0.0201108958572, 0.0629227310419, 0.0209397953004, 0.00641483720392, 0.0821692347527, 0.00832421798259, 0.0251029785722, 0.0225574616343, 0.00731639610603, 0.0034831489902, 0.00861409027129, 0.0164044257253, 0.00639789318666, 0.00208673300222, 0.00130328547675, 0.00120990432333, 0.00696128141135, 0.00817247666419, 0.00597252557054, 0.00152004684787, 0.000580507854465, 0.00157786731143, 0.00211257231422, 0.00183245504741, 0.000276898499578, 0.000449250102974, 0.000321032217471, 0.000233740895055, 0.000169863036717, 0.000243949907599, 0.000235427098232, 0.000119050673675, 8.01791538834e-05, 8.43647430884e-05, 3.55658085027e-05],
        "mean": [4.54941509815e-05, 2.96199687e-05, 0.000141376687679, 0.000664566527121, 0.000436475733295, 0.000138252711622, 0.000377900869353, 0.000107717860374, 2.38376287598e-05, 0.000193600426428, 2.42788373725e-05, 9.98547839117e-05, 5.73942052142e-05, 3.36521552526e-05, 1.80641291081e-05, 3.93718692067e-05, 5.08709490532e-05, 3.30634029524e-05, 1.24935286294e-05, 1.26021532196e-05, 1.47378495967e-05, 4.24358149758e-05, 4.85973287141e-05, 3.10515133606e-05, 1.07173291326e-05, 6.46752596367e-06, 1.08832164187e-05, 1.57696722454e-05, 9.01315888768e-06, 3.98303745897e-06, 4.10344500779e-06, 2.8044469218e-06, 2.22095400204e-06, 2.62468370238e-06, 2.20809579332e-06, 1.94692552213e-06, 1.17162039714e-06, 9.4309598353e-07, 8.76054116361e-07, 4.78716117414e-07],
        "min": [7.31700241244e-25, 6.80887245148e-25, 1.4153140855e-24, 3.64109646946e-25, 1.10840893362e-24, 1.19257408132e-24, 9.94567627525e-25, 1.215803767e-24, 1.62560517435e-24, 1.11333675048e-24, 1.7755852832e-24, 1.56221832707e-24, 4.73915781598e-25, 1.51643155823e-24, 2.32999258587e-24, 2.13850113707e-24, 2.55901152843e-24, 2.66942128958e-24, 2.6876997884e-24, 2.59351630442e-24, 2.85100997022e-24, 2.68809066898e-24, 3.71493887918e-24, 2.56679285239e-24, 2.94182363762e-24, 4.24919768825e-24, 3.33659132827e-24, 3.53807705309e-24, 4.15059204725e-24, 4.202089676e-24, 4.5060172724e-24, 4.94465549014e-24, 4.45673555393e-24, 4.6583281694e-24, 4.35040578138e-24, 3.75449315383e-24, 3.85435150594e-24, 5.56663760403e-24, 5.53740833534e-24, 5.83252317213e-24],
        "stdev": [0.000262544373982, 0.000154819121235, 0.00136343983468, 0.007268730551, 0.00278311618604, 0.00110813498031, 0.00413634302095, 0.00119388324674, 0.000287774571916, 0.00354590197094, 0.000374592171283, 0.00143501500133, 0.000990330241621, 0.000430566753494, 0.000218559725909, 0.000502542650793, 0.000751953746658, 0.000389495515265, 0.000115091192129, 9.2016896815e-05, 8.94730474101e-05, 0.000383867853088, 0.000487488054205, 0.000334638170898, 9.29906891542e-05, 4.31896442024e-05, 8.52432058309e-05, 0.000134553964017, 9.24309570109e-05, 2.56585735769e-05, 3.20588806062e-05, 2.263134229e-05, 1.5923371393e-05, 1.44195282701e-05, 1.50937667058e-05, 1.55875222845e-05, 8.11108384369e-06, 5.81486710871e-06, 5.81786252951e-06, 3.06464949063e-06]
    },
    "melbands128": {
        "max": [0.00656300643459, 0.00413825828582, 0.00252402713522, 0.00204280158505, 0.00132771581411, 0.00222057267092, 0.00949214585125, 0.0331018567085, 0.0591210089624, 0.185996860266, 0.194651126862, 0.0268404912204, 0.0413003750145, 0.0228243842721, 0.0123111605644, 0.0240486767143, 0.091867081821, 0.101317375898, 0.0858478695154, 0.0130406981334, 0.000581378058996, 0.000530802411959, 0.000696350471117, 0.0114654740319, 0.11116015166, 0.113599270582, 0.00793931819499, 0.000675562594552, 0.000722343567759, 0.0151968598366, 0.0410536378622, 0.0778886824846, 0.00918962527066, 0.00051243318012, 0.00395441846922, 0.0126545242965, 0.00828730221838, 0.000695279741194, 0.00207223859616, 0.0146597595885, 0.0187266096473, 0.00342435063794, 0.00907446816564, 0.0412035658956, 0.0198028087616, 0.00163952447474, 0.00161948986351, 0.00385285308585, 0.00239196349867, 0.00108156423084, 0.00248444150202, 0.000960808596574, 0.00111685344018, 0.00241758069023, 0.00263536861166, 0.00813145190477, 0.0159055907279, 0.00462355418131, 0.00983238127083, 0.0136664640158, 0.00647007254884, 0.00635867007077, 0.000646948406938, 0.00155097187962, 0.000913294265047, 0.000547954521608, 0.000413717789343, 0.000660621270072, 0.00182279094588, 0.00319977919571, 0.00203380617313, 0.00350797222927, 0.00167259108275, 0.00238102860749, 0.000544465088751, 0.000251462712185, 0.000378191267373, 0.000323359126924, 0.000672624795698, 0.000632338167634, 0.000530048331711, 0.000255272578215, 0.000340440834407, 0.000228049029829, 0.000419003859861, 0.000258421641774, 0.000212133978494, 0.000126784769236, 0.000188247911865, 0.000450870109489, 0.000393558351789, 0.000132891960675, 0.000107532316179, 0.00018723741232, 0.000101712423202, 8.43792513479e-05, 7.96324384282e-05, 7.45651559555e-05, 0.000117240851978, 8.3011960669e-05, 2.45223218371e-05, 3.51697126462e-05, 4.11310102209e-05, 0.00010196128278, 6.40392900095e-05, 3.87271502404e-05, 2.71803037322e-05, 2.13279345189e-05, 2.18420191231e-05, 3.03630513372e-05, 1.7524791474e-05, 7.20877324056e-06, 3.74229784939e-06, 2.65920834863e-06, 2.80630229099e-06, 1.63688196153e-06, 2.48493256549e-06, 1.69660131633e-06, 2.09538848139e-06, 2.1265777832e-06, 8.80902632616e-07, 6.09365599757e-07, 6.19770105459e-07, 8.55074802075e-07, 9.24971232052e-07, 6.46669434445e-07, 6.63240314225e-07, 7.54673976644e-07],
        "mean": [7.18307492207e-05, 4.93335683132e-05, 3.65547530237e-05, 3.39248472301e-05, 2.55735794781e-05, 2.59759272012e-05, 4.68433827336e-05, 0.000106879866507, 0.000318628590321, 0.000938784622122, 0.0007525748224, 0.00032580664265, 0.000581486034207, 0.000242977490416, 4.70466402476e-05, 8.26071263873e-05, 0.000278847612208, 0.000531251076609, 0.000414696027292, 7.01497701812e-05, 7.34934928914e-06, 8.91376839718e-06, 1.05244544102e-05, 3.68395340047e-05, 0.000247297633905, 0.000279049418168, 2.31853118748e-05, 2.60567981059e-06, 4.6423697313e-06, 3.93626178266e-05, 0.000158151713549, 0.000181536233868, 1.98585876205e-05, 2.63638116849e-06, 1.70052135218e-05, 5.97418984398e-05, 3.65939522453e-05, 2.96496682495e-06, 9.73090027401e-06, 4.70986669825e-05, 5.69808617001e-05, 1.21237289932e-05, 2.57136343862e-05, 0.000101620964415, 6.00751227466e-05, 9.76669070951e-06, 1.17455156214e-05, 1.6962942027e-05, 9.43049235502e-06, 9.19985632208e-06, 1.76374760485e-05, 1.05492508737e-05, 8.25835923024e-06, 1.7901589672e-05, 2.63171968982e-05, 3.5045977711e-05, 7.76678789407e-05, 3.68389119103e-05, 5.07537915837e-05, 4.28642670158e-05, 2.69766987913e-05, 3.06879846903e-05, 6.32453520666e-06, 8.67506787472e-06, 9.01886687643e-06, 4.88153045808e-06, 6.50814081382e-06, 6.39568452243e-06, 1.08300710053e-05, 1.86674642464e-05, 1.62972319231e-05, 1.60900744959e-05, 1.06698116724e-05, 9.05181605049e-06, 4.23913024861e-06, 4.31153875979e-06, 3.47993250216e-06, 3.62943774235e-06, 4.67625068268e-06, 4.04418142352e-06, 3.0037281249e-06, 2.22123026106e-06, 2.31554236052e-06, 1.91129015548e-06, 2.55223312706e-06, 2.63377683041e-06, 2.93097900794e-06, 2.06319759855e-06, 1.79433618541e-06, 2.68599069386e-06, 2.53273901762e-06, 1.58860666488e-06, 1.1852936268e-06, 1.29525187731e-06, 1.0065745073e-06, 1.00338286302e-06, 8.90120020358e-07, 9.72110115072e-07, 1.00353020116e-06, 8.64435264702e-07, 2.87127022602e-07, 4.69967318395e-07, 5.39870598004e-07, 7.02301292677e-07, 5.6267549553e-07, 4.5350441269e-07, 3.16187282579e-07, 2.50594467843e-07, 1.85044683576e-07, 1.77760668407e-07, 1.35658751788e-07, 6.96850648296e-08, 2.22315073017e-08, 1.66008611302e-08, 1.55443729e-08, 8.72163319343e-09, 7.85750309262e-09, 7.49663531252e-09, 7.54830686844e-09, 6.81974610117e-09, 4.33888436291e-09, 2.95136670658e-09, 3.07747138883e-09, 3.86691967336e-09, 3.36056826811e-09, 3.20984572255e-09, 3.1199283157e-09, 3.10727510389e-09],
        "min": [2.6553754486e-26, 2.07942502021e-25, 2.53145217966e-25, 2.27451722461e-25, 1.76430664301e-25, 2.59161268445e-25, 1.86850925213e-25, 2.58860934307e-25, 1.70953726296e-25, 2.61161597833e-25, 1.50694718218e-25, 2.71676176928e-26, 1.90345677631e-25, 1.1168769117e-25, 3.8345054419e-25, 1.7708137594e-25, 6.20727036187e-25, 2.88954720594e-25, 4.26578210828e-25, 2.40807211542e-25, 1.75962253487e-25, 1.70950435267e-25, 4.55468220025e-25, 3.81630592778e-25, 4.77730269201e-25, 1.58290820112e-25, 4.30190158394e-25, 4.53001057544e-25, 5.46793019997e-25, 1.86030756391e-25, 4.87605673747e-25, 5.25470405552e-25, 2.13758231133e-25, 2.20302226773e-25, 5.5614368413e-25, 6.09083498529e-25, 6.00369691667e-25, 5.84936219702e-25, 5.96554217987e-25, 8.42361353205e-25, 6.78063764057e-25, 5.71430526574e-25, 1.09728550182e-24, 6.85434535229e-25, 5.67744771209e-25, 6.76953442333e-25, 1.12212111109e-24, 1.43335750377e-24, 8.34175343592e-25, 7.15336209234e-25, 4.02011331954e-25, 1.41853253939e-24, 1.02348746553e-24, 1.40976464625e-24, 1.51600833436e-24, 1.26660423993e-24, 1.49825285032e-24, 9.11970045052e-25, 1.42890201738e-24, 1.91153717717e-24, 1.5368711415e-24, 1.07181683167e-24, 1.05542824636e-24, 1.99999431984e-24, 1.3078529878e-24, 1.70948426136e-24, 2.27102483877e-24, 1.65583915601e-24, 2.38126499483e-24, 1.52554635296e-24, 1.38097733688e-24, 2.07705242243e-24, 2.09284679826e-24, 1.90994269207e-24, 2.06539305825e-24, 2.77856769e-24, 1.65434880055e-24, 2.30534028815e-24, 2.51853744196e-24, 2.8015217674e-24, 2.53757088067e-24, 2.3126058943e-24, 2.42854695091e-24, 2.6295842083e-24, 2.88583857361e-24, 1.95825371719e-24, 2.42960402452e-24, 2.7252211685e-24, 3.19082028539e-24, 3.20524855135e-24, 2.01242420391e-24, 2.98375277803e-24, 2.60230894807e-24, 2.37974979025e-24, 3.96630191245e-24, 2.89019071923e-24, 2.70771989488e-24, 3.2539445406e-24, 3.45519064891e-24, 3.04061111106e-24, 3.81242552098e-24, 3.35894843519e-24, 4.20702084552e-24, 4.03761454385e-24, 3.44943117545e-24, 3.80976745416e-24, 2.86883191579e-24, 4.26867703058e-24, 3.88502636224e-24, 4.23121718164e-24, 3.63620977198e-24, 5.34654817249e-24, 4.31564462559e-24, 4.68947634224e-24, 4.75964394204e-24, 5.03564191809e-24, 4.31276528329e-24, 4.88663674272e-24, 4.33945126442e-24, 4.99399834533e-24, 4.37281929185e-24, 4.7648890782e-24, 3.88870718723e-24, 4.69431363731e-24, 4.32638457238e-24, 5.7160817805e-24, 5.46016859753e-24, 4.19486449897e-24],
        "stdev": [0.000473308755318, 0.000318306876579, 0.000204782816581, 0.000178019618033, 0.000128136278363, 0.000162109601661, 0.000452760461485, 0.00146752141882, 0.00363863562234, 0.0111076291651, 0.00946651212871, 0.00215884018689, 0.00437321793288, 0.00192317459732, 0.000565642432775, 0.00113277172204, 0.00429905019701, 0.00595387676731, 0.0048157479614, 0.00076881662244, 4.64000077045e-05, 5.04029048898e-05, 6.06403591519e-05, 0.000533467333298, 0.00476018199697, 0.00498553970829, 0.000357771321433, 3.18025086017e-05, 4.89156518597e-05, 0.000662449165247, 0.00229331897572, 0.00337169761769, 0.000392497575376, 2.50762259384e-05, 0.000233339087572, 0.00078617077088, 0.000503214192577, 3.27830675815e-05, 0.000115219845611, 0.00069483515108, 0.000865798618179, 0.000161526273587, 0.00040438643191, 0.00178806926124, 0.000895173987374, 9.8118558526e-05, 0.000104794882645, 0.000185185475857, 0.000112933099444, 7.00408709235e-05, 0.000150358551764, 7.68280006014e-05, 6.38828423689e-05, 0.000143646742799, 0.000184058953892, 0.000376236595912, 0.000903441628907, 0.000285129150143, 0.000527315365616, 0.00062778335996, 0.000292023614747, 0.000330236420268, 4.40335679741e-05, 8.28271950013e-05, 6.53190872981e-05, 3.67503489542e-05, 3.86704596167e-05, 4.47716083727e-05, 9.21761820791e-05, 0.000166463112691, 0.000129852080136, 0.000172139174538, 9.7879448731e-05, 0.000111033405119, 3.36381126544e-05, 2.75341844826e-05, 2.40031531575e-05, 2.49940421782e-05, 4.08099585911e-05, 3.76569114451e-05, 2.73649093288e-05, 1.79071048478e-05, 2.04113057407e-05, 1.47444798131e-05, 2.13244420593e-05, 1.69673239725e-05, 1.65822712006e-05, 1.07648684207e-05, 1.1506044757e-05, 2.55338181887e-05, 2.3304584829e-05, 1.09106576929e-05, 7.605362498e-06, 1.09265765786e-05, 6.8628637564e-06, 6.26024075245e-06, 5.63833873457e-06, 6.37812399873e-06, 7.22403774489e-06, 5.75647391088e-06, 1.86123941148e-06, 3.12014890369e-06, 3.58570105163e-06, 5.85220595894e-06, 4.32505203207e-06, 3.31963747158e-06, 2.25100643547e-06, 1.7825930172e-06, 1.4638801531e-06, 1.62508058565e-06, 1.13196222173e-06, 5.49025401142e-07, 2.28146433301e-07, 1.64828065863e-07, 1.63451872481e-07, 8.692974518e-08, 1.13522688139e-07, 1.04278555568e-07, 1.10255527375e-07, 1.0238326098e-07, 5.6363841594e-08, 3.74242894452e-08, 3.88015273245e-08, 5.06948758527e-08, 4.64127154487e-08, 4.12247018744e-08, 4.09165785697e-08, 4.2043879489e-08]
    },
    "mfcc": {
        "mean": [-1212.29748535, 4.42941379547, 0.929929316044, 4.31356811523, 1.62382185459, -1.50149703026, -1.5796751976, 0.386742651463, -1.13076901436, -0.312066525221, -0.774509608746, 0.562772274017, 0.173052430153],
        "cov": [[32795.4179688, 2629.06079102, 397.385223389, 2380.35498047, 847.383361816, -785.870605469, -856.070983887, 163.042129517, -620.676391602, -177.059921265, -444.769470215, 297.242248535, 57.1395988464], [2629.06079102, 304.552246094, 47.1380882263, 208.470031738, 72.442741394, -79.6167144775, -67.4523773193, 10.448059082, -63.0713577271, -9.66526985168, -39.4909858704, 29.6497955322, -0.939602553844], [397.385223389, 47.1380882263, 60.9672966003, 84.8280029297, 39.7343444824, -39.4817581177, -29.7458953857, 9.33306694031, -28.6335430145, -4.88747215271, -13.4755868912, 17.3447647095, 6.08066940308], [2380.35498047, 208.470031738, 84.8280029297, 284.717407227, 105.593917847, -120.917602539, -101.835105896, 34.7234115601, -89.1259994507, -27.8933486938, -50.6452255249, 34.0954589844, 18.9839611053], [847.383361816, 72.442741394, 39.7343444824, 105.593917847, 54.9524879456, -39.3565864563, -37.213886261, 15.3915233612, -28.1511383057, -7.18943691254, -16.5284061432, 17.5565700531, 8.07188796997], [-785.870605469, -79.6167144775, -39.4817581177, -120.917602539, -39.3565864563, 66.503364563, 45.9450798035, -15.3047780991, 44.0643081665, 11.6490535736, 23.7734642029, -14.8611154556, -10.3444185257], [-856.070983887, -67.4523773193, -29.7458953857, -101.835105896, -37.213886261, 45.9450798035, 42.8458633423, -12.1711044312, 30.6388454437, 9.77828407288, 17.9376525879, -12.9763879776, -8.96812438965], [163.042129517, 10.448059082, 9.33306694031, 34.7234115601, 15.3915233612, -15.3047780991, -12.1711044312, 11.5242052078, -9.99168491364, -4.71442079544, -5.78463172913, 2.96453857422, 4.64801836014], [-620.676391602, -63.0713577271, -28.6335430145, -89.1259994507, -28.1511383057, 44.0643081665, 30.6388454437, -9.99168491364, 38.4708595276, 11.8235712051, 17.5491962433, -7.55165290833, -5.73212862015], [-177.059921265, -9.66526985168, -4.88747215271, -27.8933486938, -7.18943691254, 11.6490535736, 9.77828407288, -4.71442079544, 11.8235712051, 10.1807670593, 7.32710695267, 0.752823591232, -1.90659999847], [-444.769470215, -39.4909858704, -13.4755868912, -50.6452255249, -16.5284061432, 23.7734642029, 17.9376525879, -5.78463172913, 17.5491962433, 7.32710695267, 13.943985939, -5.87341976166, -3.19274401665], [297.242248535, 29.6497955322, 17.3447647095, 34.0954589844, 17.5565700531, -14.8611154556, -12.9763879776, 2.96453857422, -7.55165290833, 0.752823591232, -5.87341976166, 11.1563634872, 2.87382054329], [57.1395988464, -0.939602553844, 6.08066940308, 18.9839611053, 8.07188796997, -10.3444185257, -8.96812438965, 4.64801836014, -5.73212862015, -1.90659999847, -3.19274401665, 2.87382054329, 6.0873131752]],
        "icov": [[0.000355407479219, -0.000944275292568, 0.00223490130156, -0.00413944479078, 0.00103133183438, -0.005550570786, 0.00395214604214, 0.00196391553618, 9.79380565695e-05, -0.00316034583375, 0.00384204881266, -0.00101986364461, 0.00231703883037], [-0.000944275292568, 0.0178035404533, 0.00416353903711, -0.00798147451133, 0.00011461541726, 0.00613763462752, -0.0135359903798, 0.00557809695601, 0.00999405607581, -0.019500490278, 0.00467707077041, -0.0104206921533, 0.0290965270251], [0.00223490130156, 0.00416353903711, 0.0662656649947, -0.0323645472527, -0.0123957041651, -0.0268247537315, 0.0149994203821, 0.0251397378743, 0.0308978762478, -0.0232379864901, 0.00792420748621, -0.0650826990604, 0.0448566302657], [-0.00413944479078, -0.00798147451133, -0.0323645472527, 0.152943998575, -0.0667883232236, 0.086186774075, 0.041127897799, -0.0631707832217, 0.0430811494589, 0.0748483464122, -0.0281745363027, 0.0134346140549, -0.0202797800303], [0.00103133183438, 0.00011461541726, -0.0123957041651, -0.0667883232236, 0.137151673436, -0.0787412300706, 0.0163439884782, -0.0579859726131, 0.00773677695543, -0.030925616622, 0.00254629179835, -0.0824316889048, 0.00153719540685], [-0.005550570786, 0.00613763462752, -0.0268247537315, 0.086186774075, -0.0787412300706, 0.256548851728, -0.132822915912, 0.028692888096, -0.112078055739, 0.13777127862, -0.130112320185, 0.067088060081, -0.0284548513591], [0.00395214604214, -0.0135359903798, 0.0149994203821, 0.041127897799, 0.0163439884782, -0.132822915912, 0.282868206501, -0.0503756031394, 0.077962487936, -0.0818983837962, 0.0815222337842, -0.00822554435581, 0.119787469506], [0.00196391553618, 0.00557809695601, 0.0251397378743, -0.0631707832217, -0.0579859726131, 0.028692888096, -0.0503756031394, 0.254461795092, -0.0618753135204, 0.0207452755421, 0.00558912940323, 0.0675948485732, -0.0692910328507], [9.79380565695e-05, 0.00999405607581, 0.0308978762478, 0.0430811494589, 0.00773677695543, -0.112078055739, 0.077962487936, -0.0618753135204, 0.226846665144, -0.0850416496396, 0.0161686167121, -0.106352768838, 0.042455624789], [-0.00316034583375, -0.019500490278, -0.0232379864901, 0.0748483464122, -0.030925616622, 0.13777127862, -0.0818983837962, 0.0207452755421, -0.0850416496396, 0.373005032539, -0.212232336402, -0.101164199412, -0.0717293247581], [0.00384204881266, 0.00467707077041, 0.00792420748621, -0.0281745363027, 0.00254629179835, -0.130112320185, 0.0815222337842, 0.00558912940323, 0.0161686167121, -0.212232336402, 0.371345847845, 0.0857167541981, 0.0390140600502], [-0.00101986364461, -0.0104206921533, -0.0650826990604, 0.0134346140549, -0.0824316889048, 0.067088060081, -0.00822554435581, 0.0675948485732, -0.106352768838, -0.101164199412, 0.0857167541981, 0.39779150486, -0.0840129479766], [0.00231703883037, 0.0290965270251, 0.0448566302657, -0.0202797800303, 0.00153719540685, -0.0284548513591, 0.119787469506, -0.0692910328507, 0.042455624789, -0.0717293247581, 0.0390140600502, -0.0840129479766, 0.422083854675]]
    },
    "spectral_contrast_coeffs": {
        "max": [-0.334699094296, -0.421706736088, -0.434539139271, -0.59769141674, -0.549217700958, -0.676740527153],
        "mean": [-0.933990359306, -0.943248927593, -0.946699857712, -0.94494509697, -0.942238211632, -0.943649768829],
        "min": [-0.982861816883, -0.998858094215, -0.998541355133, -0.985208809376, -0.988573670387, -0.965834915638],
        "stdev": [0.10560631007, 0.0767292231321, 0.0534618124366, 0.0574602782726, 0.0643559917808, 0.055298179388]
    },
    "spectral_contrast_valleys": {
        "max": [-5.52268123627, -4.81834030151, -5.26958179474, -4.67637205124, -4.18633127213, -7.33417892456],
        "mean": [-25.5330429077, -25.5023708344, -25.6485118866, -25.5840587616, -25.4966659546, -25.715259552],
        "min": [-28.1522922516, -28.025560379, -27.9795284271, -27.7741127014, -27.6084499359, -27.4194889069],
        "stdev": [5.53492069244, 5.5424747467, 5.26311159134, 5.36150360107, 5.66872024536, 5.01003646851]
    }
},
"rhythm": {
    "beats_count": 28,
    "beats_loudness": {
        "max": 1.08722984791,
        "mean": 0.042791120708,
        "min": 0,
        "stdev": 0.201976448298
    },
    "bpm": 134.909423828,
    "bpm_histogram_first_peak_bpm": 136,
    "bpm_histogram_first_peak_weight": 0.3125,
    "bpm_histogram_second_peak_bpm": 129,
    "bpm_histogram_second_peak_spread": 0,
    "bpm_histogram_second_peak_weight": 0.333333343267,
    "danceability": 2.33398532867,
    "onset_rate": 0.391869038343,
    "beats_loudness_band_ratio": {
        "max": [0.0311127919704, 0.726447939873, 0.213101238012, 0.00463759433478, 0.253573089838, 0.124230965972],
        "mean": [0.00249671051279, 0.0589771606028, 0.0108771938831, 0.00023716679425, 0.0234439764172, 0.0117939813063],
        "min": [0, 0, 0, 0, 0, 0],
        "stdev": [0.00743129849434, 0.175786018372, 0.041865080595, 0.000888840761036, 0.0691511705518, 0.0344318263233]
    },
    "beats_position": [0.452789098024, 0.917188167572, 1.38158726692, 1.84598636627, 2.31038546562, 2.77478456497, 3.21596360207, 3.66875267029, 4.12154197693, 4.57433080673, 5.02712011337, 5.47990942001, 5.94430828094, 6.40870714188, 6.87310647964, 7.33750534058, 7.77868461609, 8.2198638916, 8.66104316711, 9.10222244263, 9.54340076447, 9.98458003998, 10.4257593155, 10.866938591, 11.3081178665, 11.749297142, 12.1672563553, 12.5852155685],
    "bpm_histogram": [0, 0, 0, 0, 0, 0, 0, 0, 0, 0, 0, 0, 0, 0, 0, 0, 0, 0, 0, 0, 0, 0, 0, 0, 0, 0, 0, 0, 0, 0, 0, 0, 0, 0, 0, 0, 0, 0, 0, 0, 0, 0, 0, 0, 0, 0, 0, 0, 0, 0, 0, 0, 0, 0, 0, 0, 0, 0, 0, 0, 0, 0, 0, 0, 0, 0, 0, 0, 0, 0, 0, 0, 0, 0, 0, 0, 0, 0, 0, 0, 0, 0, 0, 0, 0, 0, 0, 0, 0, 0, 0, 0, 0, 0, 0, 0, 0, 0, 0, 0, 0, 0, 0, 0, 0, 0, 0, 0, 0, 0, 0, 0, 0, 0, 0, 0, 0, 0, 0, 0, 0, 0, 0, 0, 0, 0, 0, 0, 0, 0.333333343267, 0, 0, 0, 0.185185179114, 0, 0, 0.407407402992, 0, 0, 0, 0, 0, 0, 0, 0.074074074626, 0, 0, 0, 0, 0, 0, 0, 0, 0, 0, 0, 0, 0, 0, 0, 0, 0, 0, 0, 0, 0, 0, 0, 0, 0, 0, 0, 0, 0, 0, 0, 0, 0, 0, 0, 0, 0, 0, 0, 0, 0, 0, 0, 0, 0, 0, 0, 0, 0, 0, 0, 0, 0, 0, 0, 0, 0, 0, 0, 0, 0, 0, 0, 0, 0, 0, 0, 0, 0, 0, 0, 0, 0, 0, 0, 0, 0, 0, 0, 0, 0, 0, 0, 0, 0, 0, 0, 0, 0, 0, 0, 0, 0, 0, 0, 0, 0, 0, 0, 0, 0, 0, 0, 0, 0]
},
"tonal": {
    "chords_changes_rate": 0.0181159414351,
    "chords_number_rate": 0.0108695654199,
    "chords_strength": {
        "max": 0.567963778973,
        "mean": -0.763528764248,
        "min": -1,
