{
"metadata": {
    "version": {
        "essentia": "2.1-beta5",
        "essentia_git_sha": "Undefined",
        "extractor": "music 2.0"
    },
    "audio_properties": {
        "analysis": {
            "equal_loudness": 0,
            "length": 46.9158973694,
            "sample_rate": 44100,
            "start_time": 142.744674683,
            "downmix": "mix"
        },
        "bit_rate": 192000,
        "length": 189.683807373,
        "lossless": 0,
        "number_channels": 2,
        "replay_gain": -3.75826454163,
        "sample_rate": 48000,
        "codec": "mp3",
        "md5_encoded": "b966ef7941b91b8a7906f3a9128ca77b"
    },
    "tags": {
        "file_name": "France_C_est Le Dernier Qui A Parlé Qui A Raison_Amina.mp3",
        "encoding": ["Lavf58.29.100"]
    }
},
"lowlevel": {
    "average_loudness": 0.939082801342,
    "barkbands_crest": {
        "max": 26.6123352051,
        "mean": 9.55497550964,
        "min": 2.85955715179,
        "stdev": 4.13281774521
    },
    "barkbands_flatness_db": {
        "max": 0.373484164476,
        "mean": 0.13519282639,
        "min": 0.0300532039255,
        "stdev": 0.0418773368001
    },
    "barkbands_kurtosis": {
        "max": 98.5850601196,
        "mean": 2.60089755058,
        "min": -1.90885519981,
        "stdev": 5.90163421631
    },
    "barkbands_skewness": {
        "max": 9.94262599945,
        "mean": 1.09310257435,
        "min": -2.19330501556,
        "stdev": 1.14527618885
    },
    "barkbands_spread": {
        "max": 145.623626709,
        "mean": 21.627166748,
        "min": 2.09246039391,
        "stdev": 12.667550087
    },
    "dissonance": {
        "max": 0.499999940395,
        "mean": 0.462423592806,
        "min": 0.266903072596,
        "stdev": 0.0261836778373
    },
    "dynamic_complexity": 2.83675980568,
    "erbbands_crest": {
        "max": 29.7981777191,
        "mean": 10.0162725449,
        "min": 2.83787465096,
        "stdev": 5.42437505722
    },
    "erbbands_flatness_db": {
        "max": 0.348763883114,
        "mean": 0.178766578436,
        "min": 0.063350148499,
        "stdev": 0.0469168461859
    },
    "erbbands_kurtosis": {
        "max": 21.2885990143,
        "mean": 0.180487260222,
        "min": -1.72765171528,
        "stdev": 1.89860534668
    },
    "erbbands_skewness": {
        "max": 4.28676843643,
        "mean": 0.386620342731,
        "min": -1.17766213417,
        "stdev": 0.657587110996
    },
    "erbbands_spread": {
        "max": 129.119110107,
        "mean": 35.0778121948,
        "min": 6.70411252975,
        "stdev": 16.5611228943
    },
    "hfc": {
        "max": 108.454551697,
        "mean": 23.8993339539,
        "min": 1.11167806841e-16,
        "stdev": 15.7617149353
    },
    "loudness_ebu128": {
        "integrated": -18.6276073456,
        "loudness_range": 2.03747558594,
        "momentary": {
            "max": -16.7060832977,
            "mean": -22.2197761536,
            "min": -300.691009521,
            "stdev": 25.8919563293
        },
        "short_term": {
            "max": -17.3573322296,
            "mean": -18.7047424316,
            "min": -25.6828918457,
            "stdev": 0.973314404488
        }
    },
    "melbands_crest": {
        "max": 39.6354827881,
        "mean": 12.3741416931,
        "min": 1.620200634,
        "stdev": 5.13060569763
    },
    "melbands_flatness_db": {
        "max": 0.342582911253,
        "mean": 0.174114689231,
        "min": 0.00333053641953,
        "stdev": 0.0570145472884
    },
    "melbands_kurtosis": {
        "max": 173.164779663,
        "mean": 8.1021604538,
        "min": -1.58218193054,
        "stdev": 12.7254285812
    },
    "melbands_skewness": {
        "max": 12.7752695084,
        "mean": 1.92828190327,
        "min": -1.13034009933,
        "stdev": 1.38563418388
    },
    "melbands_spread": {
        "max": 192.626785278,
        "mean": 28.2368278503,
        "min": 2.41892981529,
        "stdev": 21.6757640839
    },
    "pitch_salience": {
        "max": 0.916189491749,
        "mean": 0.561007380486,
        "min": 0.0201414320618,
        "stdev": 0.118721477687
    },
    "silence_rate_20dB": {
        "max": 1,
        "mean": 1,
        "min": 1,
        "stdev": 0
    },
    "silence_rate_30dB": {
        "max": 1,
        "mean": 1,
        "min": 1,
        "stdev": 0
    },
    "silence_rate_60dB": {
        "max": 1,
        "mean": 0.0509396642447,
        "min": 0,
        "stdev": 0.219873666763
    },
    "spectral_centroid": {
        "max": 11604.1582031,
        "mean": 1622.17724609,
        "min": 325.683837891,
        "stdev": 1293.48303223
    },
    "spectral_complexity": {
        "max": 56,
        "mean": 20.9559841156,
        "min": 0,
        "stdev": 9.18017482758
    },
    "spectral_decrease": {
        "max": 1.64744252073e-28,
        "mean": -6.48887654719e-09,
        "min": -2.34307382385e-08,
        "stdev": 3.79660747285e-09
    },
    "spectral_energy": {
        "max": 0.0939543172717,
        "mean": 0.0266582705081,
        "min": 1.01844593437e-20,
        "stdev": 0.0152199296281
    },
    "spectral_energyband_high": {
        "max": 0.0112249627709,
        "mean": 0.000727175036445,
        "min": 7.49816122383e-21,
        "stdev": 0.0011107774917
    },
    "spectral_energyband_low": {
        "max": 0.059505995363,
        "mean": 0.00393496220931,
        "min": 1.53348943285e-23,
        "stdev": 0.00586223974824
    },
    "spectral_energyband_middle_high": {
        "max": 0.0537244081497,
        "mean": 0.0082362703979,
        "min": 1.2964865616e-21,
        "stdev": 0.00763046182692
    },
    "spectral_energyband_middle_low": {
        "max": 0.0793372988701,
        "mean": 0.0145509326831,
        "min": 1.5509790471e-22,
        "stdev": 0.0122430464253
    },
    "spectral_entropy": {
        "max": 9.81726837158,
        "mean": 7.55711269379,
        "min": 6.38565778732,
        "stdev": 0.454575181007
    },
    "spectral_flux": {
        "max": 0.242253050208,
        "mean": 0.0764129757881,
        "min": 6.39138880709e-11,
        "stdev": 0.0345928072929
    },
    "spectral_kurtosis": {
        "max": 15.4027748108,
        "mean": 4.59469127655,
        "min": -1.24970531464,
        "stdev": 2.21798825264
    },
    "spectral_rms": {
        "max": 0.00957406591624,
        "mean": 0.00481001054868,
        "min": 3.15215128305e-12,
        "stdev": 0.00169466098305
    },
    "spectral_rolloff": {
        "max": 19466.015625,
        "mean": 1957.45727539,
        "min": 21.533203125,
        "stdev": 2532.70751953
    },
    "spectral_skewness": {
        "max": 2.78601837158,
        "mean": 1.46183013916,
        "min": -0.0662859603763,
        "stdev": 0.334057509899
    },
    "spectral_spread": {
        "max": 43164676,
        "mean": 4551215.5,
        "min": 1842118.75,
        "stdev": 4624904.5
    },
    "spectral_strongpeak": {
        "max": 19.218744278,
        "mean": 1.6391159296,
        "min": 0,
        "stdev": 1.5960123539
    },
    "zerocrossingrate": {
        "max": 0.6513671875,
        "mean": 0.0730813592672,
        "min": 0,
        "stdev": 0.0669272840023
    },
    "barkbands": {
        "max": [0.00299525656737, 0.0538937300444, 0.037918612361, 0.0277858301997, 0.0476676598191, 0.0538761839271, 0.0375098176301, 0.0424199476838, 0.0202535279095, 0.0208076387644, 0.0464281141758, 0.0234024487436, 0.0109232058749, 0.0174772553146, 0.00753721129149, 0.0050042825751, 0.0083788856864, 0.00695979129523, 0.00638147536665, 0.00396430678666, 0.00370070082135, 0.00302595854737, 0.00503901438788, 0.0021022411529, 0.00163095758762, 0.00231945724227, 8.93459673534e-06],
        "mean": [9.46890140767e-05, 0.00230178004131, 0.00103604106698, 0.00141983386129, 0.0039476021193, 0.00367692275904, 0.00176879565697, 0.00280154705979, 0.000481166265672, 0.000949879235122, 0.00231186323799, 0.0010974368779, 0.000579015293624, 0.000875064753927, 0.000334395474056, 0.000385862076655, 0.000575333251618, 0.000505599018652, 0.000599331979174, 0.000322750071064, 0.00013928602857, 8.3713355707e-05, 0.000212369093788, 6.16156394244e-05, 5.84790068388e-05, 3.78320910386e-05, 6.61285355363e-08],
        "min": [7.24094783953e-25, 3.20651092601e-24, 3.96544442064e-24, 2.43068727845e-25, 1.07936177347e-23, 1.05427978321e-23, 1.01826457524e-23, 9.98617915514e-24, 1.71745242704e-23, 2.05924992228e-23, 2.20385285937e-23, 2.94496259405e-23, 3.15454021738e-23, 5.49550925053e-23, 4.58495929316e-23, 6.14484842953e-23, 6.56788802727e-23, 1.22191676454e-22, 1.48488878533e-22, 1.71358827078e-22, 2.78128121374e-22, 2.85153981653e-22, 4.49031390746e-22, 6.3158778914e-22, 9.86159637186e-22, 1.45776163847e-21, 2.11571192213e-21],
        "stdev": [0.000131321183289, 0.00386049575172, 0.00285321706906, 0.00283694360405, 0.00607080943882, 0.00643077446148, 0.00371894356795, 0.00472481874749, 0.00116515101399, 0.00174966198392, 0.00484974822029, 0.00264889909886, 0.00098861171864, 0.00137972668745, 0.00064082199242, 0.000528996402863, 0.00088211754337, 0.000672135909554, 0.000703544996213, 0.000407597282901, 0.000248260650551, 0.000171359963133, 0.000499791349284, 0.000132176806801, 0.000146063466673, 0.000123054589494, 3.9884804437e-07]
    },
    "erbbands": {
        "max": [1.38675403595, 12.3882074356, 41.4594306946, 84.5574645996, 214.776748657, 245.222381592, 299.17868042, 532.797302246, 699.211364746, 729.174682617, 454.689178467, 628.120483398, 520.618286133, 500.938659668, 2260.96533203, 999.716369629, 570.885986328, 721.608398438, 616.061523438, 364.522918701, 287.23324585, 336.016174316, 349.765228271, 393.957000732, 194.597732544, 198.545532227, 165.128707886, 187.535293579, 128.833709717, 56.7053413391, 221.813613892, 40.65965271, 40.9428672791, 21.3816890717, 18.2267570496, 12.0317811966, 3.75261449814, 0.180176764727, 0.00332438666373, 0.000280594773358],
        "mean": [0.0530980564654, 0.561864793301, 1.24173367023, 2.94037771225, 7.59665822983, 12.9728240967, 22.7530212402, 31.0682220459, 34.0148849487, 52.4548835754, 29.3915672302, 13.6861600876, 27.9274864197, 26.7827358246, 122.393371582, 40.5026016235, 30.2824878693, 41.2859687805, 27.0521144867, 19.1799926758, 20.1825008392, 27.5164756775, 29.5644493103, 33.6015892029, 25.6956157684, 14.662984848, 7.95827245712, 4.54437971115, 2.98012518883, 3.1325366497, 7.70442199707, 1.82870829105, 0.957752466202, 0.611807584763, 0.46178394556, 0.198739469051, 0.0668081641197, 0.0027378348168, 8.28471893328e-05, 3.71256683138e-05],
        "min": [9.47962979534e-23, 6.98115698317e-22, 5.26199516397e-21, 6.57115832904e-21, 1.6980353921e-20, 2.76927305944e-20, 5.33489328273e-20, 8.00496606097e-20, 1.01114603315e-19, 1.06947034427e-19, 2.12462051193e-19, 3.07797809189e-19, 7.81674511924e-19, 1.04361572855e-18, 1.12143781116e-18, 1.92454571013e-18, 1.61316701022e-18, 2.10421533623e-18, 3.75309462862e-18, 3.76663185294e-18, 4.12175082966e-18, 4.91762141526e-18, 6.41692391223e-18, 6.09367082783e-18, 9.48694189e-18, 8.32216818994e-18, 1.02760275266e-17, 1.12021017173e-17, 1.02255413851e-17, 1.32736233602e-17, 1.20904531633e-17, 1.16909935835e-17, 1.12491823562e-17, 9.20338437601e-18, 6.96180349815e-18, 4.58071571485e-18, 2.66500243251e-18, 1.11707091791e-18, 2.69063293399e-19, 2.87300150826e-20],
        "stdev": [0.0868771448731, 0.976792871952, 2.93804693222, 5.56691455841, 15.2665863037, 22.8032226562, 38.558139801, 58.277053833, 79.0448455811, 83.8021850586, 45.7114906311, 31.1445064545, 49.4394950867, 47.1191177368, 252.824691772, 86.0090789795, 50.0107955933, 60.4580459595, 46.3371543884, 27.0074996948, 25.6949386597, 37.8862991333, 35.3751373291, 41.3008728027, 28.668302536, 18.9017162323, 12.6760873795, 9.27929878235, 6.42521238327, 5.62623214722, 19.5263271332, 3.48211574554, 2.18030953407, 1.48201656342, 1.26339113712, 0.607826590538, 0.222127407789, 0.0104091074318, 0.000233807819313, 2.56055791397e-05]
    },
    "gfcc": {
        "mean": [-18.656375885, 95.5809249878, -139.351257324, 32.6030349731, -63.0018959045, 10.1251544952, -40.3795890808, 11.605758667, -26.7400741577, 2.2733399868, -2.56620192528, 2.06605219841, -9.7681312561],
        "cov": [[32993.859375, 2754.8894043, -2397.98242188, 848.948059082, -1517.32800293, 97.1556854248, -1162.20935059, 190.722549438, -811.666015625, 34.9137878418, -132.087554932, 79.4917221069, -488.855041504], [2754.8894043, 1491.22912598, -289.677001953, 192.39414978, 19.8355808258, -187.666519165, 13.3671236038, -89.5949325562, -19.2642917633, -141.612243652, 216.059524536, -157.221405029, 44.6528091431], [-2397.98242188, -289.677001953, 1254.19335938, 0.274423241615, 75.2414779663, 20.4810428619, -95.4030456543, -55.8269538879, -25.7331924438, 44.2703857422, -97.8347015381, 110.635536194, -87.7709503174], [848.948059082, 192.39414978, 0.274423241615, 270.369537354, 55.8555488586, 30.3839435577, -39.8779144287, -35.1918373108, 54.0031929016, -11.1457147598, -35.5447349548, -32.3598518372, 28.0420188904], [-1517.32800293, 19.8355808258, 75.2414779663, 55.8555488586, 232.177337646, 32.1075019836, 90.8607025146, -11.5351085663, 76.3837509155, -2.25117754936, -7.74560451508, -36.4943618774, 38.7440567017], [97.1556854248, -187.666519165, 20.4810428619, 30.3839435577, 32.1075019836, 175.731567383, 23.6405506134, 26.5137290955, 4.52020454407, 12.7761278152, -75.5951080322, 29.5490226746, -3.75461220741], [-1162.20935059, 13.3671236038, -95.4030456543, -39.8779144287, 90.8607025146, 23.6405506134, 203.788314819, 43.0758857727, 19.1402931213, -31.407579422, 56.2576980591, -28.3695049286, 38.4680786133], [190.722549438, -89.5949325562, -55.8269538879, -35.1918373108, -11.5351085663, 26.5137290955, 43.0758857727, 99.6141967773, 9.35088539124, 15.7698717117, -1.47207784653, 22.2870197296, -12.9329957962], [-811.666015625, -19.2642917633, -25.7331924438, 54.0031929016, 76.3837509155, 4.52020454407, 19.1402931213, 9.35088539124, 152.233779907, 24.3532772064, -1.33406150341, -26.6063842773, 38.778011322], [34.9137878418, -141.612243652, 44.2703857422, -11.1457147598, -2.25117754936, 12.7761278152, -31.407579422, 15.7698717117, 24.3532772064, 114.51978302, -15.9493837357, 21.9505386353, 5.78730487823], [-132.087554932, 216.059524536, -97.8347015381, -35.5447349548, -7.74560451508, -75.5951080322, 56.2576980591, -1.47207784653, -1.33406150341, -15.9493837357, 195.965179443, 0.196990713477, 24.9687290192], [79.4917221069, -157.221405029, 110.635536194, -32.3598518372, -36.4943618774, 29.5490226746, -28.3695049286, 22.2870197296, -26.6063842773, 21.9505386353, 0.196990713477, 107.453659058, 6.20824623108], [-488.855041504, 44.6528091431, -87.7709503174, 28.0420188904, 38.7440567017, -3.75461220741, 38.4680786133, -12.9329957962, 38.778011322, 5.78730487823, 24.9687290192, 6.20824623108, 138.587921143]],
        "icov": [[0.00027441396378, -0.000651323702186, 0.000544757815078, -0.000860405678395, 0.000945768028032, -0.000604685686994, 0.00100483070128, -0.00101221073419, 0.00108927499969, -0.000777906738222, 0.000378706026822, -0.000627532950602, 0.000730349158403], [-0.000651323702186, 0.00292841764167, -0.00124528713059, 0.00101593974978, -0.00242331484333, 0.00205109547824, -0.00180460384581, 0.00220188079402, -0.00182575313374, 0.00289060152136, -0.00238584773615, 0.00311851571314, -0.0021155232098], [0.000544757815078, -0.00124528713059, 0.0022672296036, -0.00176429585554, 0.00103207561187, -0.000699416385032, 0.00197895034216, -0.000950143265072, 0.00218648067676, -0.00180724565871, 0.00129529985134, -0.00306676584296, 0.00253792665899], [-0.000860405678395, 0.00101593974978, -0.00176429585554, 0.0085148923099, -0.00387312658131, -2.79371324723e-05, -0.0012945876224, 0.00378042901866, -0.00513476366177, 0.00284389988519, -0.000203337345738, 0.00240083085373, -0.00316137983464], [0.000945768028032, -0.00242331484333, 0.00103207561187, -0.00387312658131, 0.0112227145582, -0.00294937589206, -0.000781080278102, -0.00138719542883, 0.000783241121098, -0.0033112668898, 0.00212286808528, -0.00101972476114, 0.0020065442659], [-0.000604685686994, 0.00205109547824, -0.000699416385032, -2.79371324723e-05, -0.00294937589206, 0.0105332080275, -0.00470376061276, 0.00188139092643, -0.00185742112808, 0.00136922625825, 0.00245592487045, -0.0020839185454, -0.000526605639607], [0.00100483070128, -0.00180460384581, 0.00197895034216, -0.0012945876224, -0.000781080278102, -0.00470376061276, 0.0150856301188, -0.00953945610672, 0.00562084186822, 0.000512149941642, -0.00267774867825, 0.00250342208892, -0.000569343101233], [-0.00101221073419, 0.00220188079402, -0.000950143265072, 0.00378042901866, -0.00138719542883, 0.00188139092643, -0.00953945610672, 0.0197562593967, -0.00695893028751, 0.000322452135151, 0.000478179630591, -0.00338140828535, 0.0012827363098], [0.00108927499969, -0.00182575313374, 0.00218648067676, -0.00513476366177, 0.000783241121098, -0.00185742112808, 0.00562084186822, -0.00695893028751, 0.0144827747717, -0.00445321667939, 0.000236917563598, 0.000900093116798, 0.00042596750427], [-0.000777906738222, 0.00289060152136, -0.00180724565871, 0.00284389988519, -0.0033112668898, 0.00136922625825, 0.000512149941642, 0.000322452135151, -0.00445321667939, 0.0137455854565, -0.00230489694513, 0.00238885870203, -0.00356431538239], [0.000378706026822, -0.00238584773615, 0.00129529985134, -0.000203337345738, 0.00212286808528, 0.00245592487045, -0.00267774867825, 0.000478179630591, 0.000236917563598, -0.00230489694513, 0.0100048910826, -0.00551357679069, 0.0017014159821], [-0.000627532950602, 0.00311851571314, -0.00306676584296, 0.00240083085373, -0.00101972476114, -0.0020839185454, 0.00250342208892, -0.00338140828535, 0.000900093116798, 0.00238885870203, -0.00551357679069, 0.019933950156, -0.00667941756546], [0.000730349158403, -0.0021155232098, 0.00253792665899, -0.00316137983464, 0.0020065442659, -0.000526605639607, -0.000569343101233, 0.0012827363098, 0.00042596750427, -0.00356431538239, 0.0017014159821, -0.00667941756546, 0.012445339933]]
    },
    "melbands": {
        "max": [0.0143910031766, 0.0154721448198, 0.0123707139865, 0.010971265845, 0.0102169699967, 0.0111929001287, 0.00902460422367, 0.00943187903613, 0.00365286250599, 0.00405814824626, 0.00261473911814, 0.00201368122362, 0.00637426460162, 0.00294691883028, 0.00132185244001, 0.000893022690434, 0.00169413012918, 0.00105237483513, 0.000474874599604, 0.000579289742745, 0.000338631507475, 0.000388778717024, 0.000657801458146, 0.000431896536611, 0.000380147132091, 0.000177406298462, 0.00015619120677, 0.000122921104776, 8.921832341e-05, 0.00011380657088, 0.000138508767122, 9.17913712328e-05, 2.76119480986e-05, 4.92300750921e-05, 0.000128995321575, 6.5063679358e-05, 1.95778120542e-05, 1.63659951795e-05, 5.04806484969e-05, 1.12381176223e-05],
        "mean": [0.000581009953748, 0.000691967201419, 0.000672246096656, 0.000689190870617, 0.000828285992611, 0.000734482542612, 0.000464885262772, 0.000633906922303, 0.000194177715457, 7.8454540926e-05, 0.000139247873449, 8.87015776243e-05, 0.000352719885996, 0.000202646871912, 6.65102197672e-05, 5.1739069022e-05, 8.58183557284e-05, 4.89353951707e-05, 2.35525585595e-05, 3.12560841849e-05, 2.20595939027e-05, 2.54082533502e-05, 3.67250358977e-05, 2.38055108639e-05, 2.82530654658e-05, 1.75943332579e-05, 1.63695804076e-05, 8.26493487693e-06, 5.43735541214e-06, 3.46943534169e-06, 2.399658797e-06, 1.83420752364e-06, 1.25650444716e-06, 1.8972758653e-06, 4.64505183118e-06, 2.56246926256e-06, 7.4055225241e-07, 6.22058337285e-07, 6.52612357044e-07, 4.92162996579e-07],
        "min": [1.33868620793e-24, 2.15610279324e-24, 1.94325707696e-24, 2.28931024012e-24, 1.54953571169e-24, 1.98677419436e-24, 1.647202411e-24, 1.05577721871e-24, 1.41224512076e-24, 1.98673159587e-24, 3.74255098301e-24, 3.77267048123e-24, 2.88527453806e-24, 3.15941218288e-24, 4.067898914e-24, 2.93800259261e-24, 4.20848457693e-24, 5.66984388183e-24, 3.15962182267e-24, 5.09415015371e-24, 4.02006396643e-24, 3.8344083134e-24, 3.18948770211e-24, 5.29726408743e-24, 4.41283781114e-24, 5.81785351474e-24, 5.14905329499e-24, 4.6696834277e-24, 5.90795641847e-24, 5.42541256933e-24, 6.92686217986e-24, 5.74300165889e-24, 5.16782700124e-24, 7.36900609546e-24, 6.29296550529e-24, 5.93639367082e-24, 6.71132487017e-24, 6.67323629909e-24, 6.32839048753e-24, 7.62496227135e-24],
        "stdev": [0.000946532352827, 0.00129490182735, 0.00119986885693, 0.00102416286245, 0.00135769229382, 0.00134903669823, 0.00105877046008, 0.00106186373159, 0.000310617644573, 0.00019965696265, 0.000258291751379, 0.000196015811525, 0.000725282763597, 0.000423372548539, 0.000132501227199, 7.81235576142e-05, 0.00013513576414, 8.63379536895e-05, 4.24782920163e-05, 4.62306379632e-05, 3.0975730624e-05, 3.65029809473e-05, 6.00040621066e-05, 3.55725751433e-05, 3.78243457817e-05, 2.07069260796e-05, 2.04405005206e-05, 1.18872358144e-05, 8.92093612492e-06, 6.10837469139e-06, 6.02633281233e-06, 4.36503432866e-06, 2.18896229853e-06, 3.93491245632e-06, 1.184352368e-05, 5.86357509746e-06, 1.49061395405e-06, 1.2467784245e-06, 2.07372522709e-06, 1.14935266993e-06]
    },
    "melbands128": {
        "max": [0.00148939760402, 0.00824105087668, 0.0240148454905, 0.0235271565616, 0.022963732481, 0.0163686629385, 0.0203647688031, 0.0186788514256, 0.029950145632, 0.0157343950123, 0.0175684094429, 0.0198606811464, 0.0149359228089, 0.0179969035089, 0.0196277089417, 0.0225701145828, 0.0226301718503, 0.0138532780111, 0.00949439872056, 0.00864993222058, 0.0174235869199, 0.00331406877376, 0.00681015430018, 0.00181253766641, 0.00642563356087, 0.00614744611084, 0.00442465906963, 0.0050023724325, 0.00694845523685, 0.0039386106655, 0.00313861411996, 0.00713820708916, 0.00927980523556, 0.0153274545446, 0.00678575737402, 0.00633350620046, 0.00511850882322, 0.00259239785373, 0.00296100834385, 0.00253864726983, 0.000697234470863, 0.00187034835108, 0.00189948244952, 0.00481358170509, 0.00143231404945, 0.00126055418514, 0.00126322393771, 0.000764241151046, 0.000552511250135, 0.000521153735463, 0.00088735751342, 0.000462942029117, 0.000781056063715, 0.000576171616558, 0.00127926014829, 0.000542221823707, 0.000536176259629, 0.00143637740985, 0.00120269681793, 0.000477858295199, 0.000957790238317, 0.00114538741764, 0.000809647259302, 0.000613148789853, 0.000399816897698, 0.000317101279506, 0.000284174544504, 0.000410535285482, 0.000271720957244, 0.000246903917287, 0.00025316409301, 0.000136487855343, 0.000244941038545, 0.000124396334286, 0.00013980998483, 0.000165284858667, 9.59068711381e-05, 0.000105751481897, 0.000151883607032, 0.000191656596144, 8.93940232345e-05, 0.000128285013488, 3.69052613678e-05, 3.29114227497e-05, 2.32203892665e-05, 4.31832231698e-05, 4.471163993e-05, 0.000178019632585, 2.74989979516e-05, 0.000429250794696, 3.59999758075e-05, 2.62617995759e-05, 4.129080844e-05, 2.42899677687e-05, 2.19890644075e-05, 1.92086936295e-05, 1.92279712792e-05, 3.42633611581e-05, 0.000113120535389, 1.94757321879e-05, 7.66379434936e-06, 1.49595607581e-05, 2.18468230742e-05, 5.40017717867e-05, 2.77348735835e-05, 1.66447553056e-05, 1.4735568584e-05, 1.96299733943e-05, 2.41952675424e-05, 1.35698019221e-05, 4.54062137578e-05, 2.10720027098e-05, 5.33893717147e-06, 4.71806924907e-06, 5.75720378038e-06, 1.26275779166e-06, 2.84556278984e-07, 1.56949619967e-09, 1.14089981906e-09, 1.44684611514e-10, 1.53082532761e-10, 1.54425680576e-10, 1.53873136455e-10, 1.56886503788e-10, 1.57216614727e-10, 1.60037233465e-10, 1.60564062046e-10, 1.60212315636e-10],
        "mean": [6.74377006362e-05, 0.000321190484101, 0.000868472619914, 0.000950254732743, 0.000687064079102, 0.000490455597173, 0.000508994678967, 0.000814093800727, 0.000827888550702, 0.000488213147037, 0.000674505834468, 0.00112100352999, 0.000734410074074, 0.000693417678121, 0.000613814394455, 0.000862269895151, 0.000863872584887, 0.000252230325714, 0.000166738347616, 0.000622499384917, 0.00103284604847, 0.00023114871874, 0.00010760036821, 6.27118643024e-05, 9.95326117845e-05, 6.30815848126e-05, 8.10405545053e-05, 0.000208566038054, 0.000120896940643, 8.77282072906e-05, 7.63466450735e-05, 8.12756479718e-05, 0.000314244854962, 0.000720360898413, 0.000213348626858, 7.63881253079e-05, 8.88899521669e-05, 3.12385855068e-05, 9.39092496992e-05, 7.33563065296e-05, 3.53420400643e-05, 2.82679975498e-05, 7.49546743464e-05, 0.00014944319264, 5.32951380592e-05, 2.94410510833e-05, 3.85735620512e-05, 2.18334935198e-05, 1.61448224389e-05, 2.56960993283e-05, 3.97555886593e-05, 3.28329879267e-05, 1.2492741007e-05, 2.22181643039e-05, 3.08975868393e-05, 1.64182474691e-05, 2.3260472517e-05, 6.21242506895e-05, 2.77515919151e-05, 1.79270118679e-05, 2.27123418881e-05, 2.61220102402e-05, 3.94078779209e-05, 2.52132922469e-05, 1.70512576005e-05, 1.4099739019e-05, 1.94810618268e-05, 2.50863668043e-05, 1.18855541587e-05, 1.11009630928e-05, 8.367918781e-06, 6.92414778314e-06, 7.12961309546e-06, 4.64591767013e-06, 4.16044986196e-06, 4.16261445935e-06, 2.77971025753e-06, 2.38136976805e-06, 2.17887804865e-06, 2.74879153039e-06, 2.04922230296e-06, 1.44157183968e-06, 1.2799129081e-06, 1.16185947263e-06, 1.26403597278e-06, 1.5218658973e-06, 1.5402374629e-06, 3.89092429032e-06, 1.69635370639e-06, 1.119146782e-05, 1.73130422354e-06, 9.91634806269e-07, 9.35757384468e-07, 7.06611615442e-07, 6.40915970962e-07, 6.59524005187e-07, 5.33805291525e-07, 6.59897580135e-07, 9.36943649776e-07, 4.82627910969e-07, 2.47364880579e-07, 5.19989328041e-07, 7.31508066565e-07, 7.15304338428e-07, 5.64568949812e-07, 4.05490055755e-07, 3.19810794736e-07, 3.07994554305e-07, 2.76279280342e-07, 2.88820928063e-07, 6.69442272283e-07, 3.63901250466e-07, 1.05276626527e-07, 6.66856081466e-08, 3.62043302005e-08, 1.30116522001e-08, 2.55544851946e-09, 7.11928519609e-12, 4.8820014871e-12, 4.19711834732e-12, 4.0875683914e-12, 4.00229719158e-12, 3.93410521174e-12, 3.85414443416e-12, 3.70516421364e-12, 3.49452975237e-12, 3.37295035652e-12, 3.34096509139e-12],
        "min": [5.8524821419e-25, 6.05225524969e-25, 1.54387021128e-24, 6.59190710634e-25, 2.00350593416e-24, 1.17743998207e-24, 5.62596960765e-25, 5.13472151658e-26, 8.24009194499e-25, 1.07285270465e-24, 9.36015412911e-25, 8.34754663319e-25, 1.25808523241e-24, 1.68587838764e-24, 9.94543665875e-25, 1.53375445067e-24, 1.04645692572e-24, 6.06396588982e-25, 3.07198879313e-25, 5.56660190807e-25, 1.21356290899e-24, 4.31104349575e-25, 3.62763086033e-25, 1.15596847013e-24, 5.93345772774e-25, 1.16802620906e-24, 2.03886544095e-24, 1.40221219055e-24, 2.04493355624e-24, 1.18773737789e-24, 1.92695585799e-24, 1.8800480192e-24, 1.00556740538e-24, 2.07789315094e-24, 2.09439040184e-24, 9.87449735577e-25, 2.93566460611e-24, 1.39035225849e-24, 1.87560377408e-24, 1.22041239102e-24, 2.03197336043e-24, 1.5447590603e-24, 1.55166632639e-24, 3.13037204359e-24, 1.85383752398e-24, 1.82917615436e-24, 2.21443570452e-24, 1.13820036431e-24, 1.89472438191e-24, 2.30568896467e-24, 2.51593637034e-24, 2.87230172048e-24, 3.03238408068e-24, 3.19794507987e-24, 1.70190981617e-24, 2.38274568675e-24, 3.50502733103e-24, 2.16864548441e-24, 2.62572470632e-24, 2.87371496479e-24, 2.65878428914e-24, 2.54414998062e-24, 3.01015614974e-24, 3.16218660669e-24, 3.01965068238e-24, 3.48357780859e-24, 3.77973670279e-24, 3.49892430864e-24, 2.59929372447e-24, 4.98014594784e-24, 2.36390058859e-24, 2.97227445743e-24, 2.91448152143e-24, 3.61996712594e-24, 2.9297025926e-24, 3.54364049462e-24, 1.92517599058e-24, 4.84692114601e-24, 5.00831380418e-24, 4.80934612337e-24, 3.43258702297e-24, 4.64001279133e-24, 3.21216626984e-24, 3.61262953623e-24, 3.50078838696e-24, 4.33276527382e-24, 3.38304931913e-24, 4.2338472439e-24, 5.56165279197e-24, 5.02199777987e-24, 3.93590039645e-24, 3.96835847283e-24, 4.62305425402e-24, 4.60719420552e-24, 4.29033441788e-24, 6.46220456846e-24, 5.36142293371e-24, 3.13975061368e-24, 5.67404890488e-24, 6.06652534903e-24, 6.81461516166e-24, 6.28699698368e-24, 4.70283096851e-24, 4.66792505674e-24, 5.24171408021e-24, 5.23925125646e-24, 6.56776835707e-24, 4.50295333665e-24, 5.47810413907e-24, 4.15608922447e-24, 5.94267221476e-24, 4.03596345797e-24, 5.1142053645e-24, 6.04016556188e-24, 5.79558278809e-24, 7.76304132876e-24, 5.19737733632e-24, 6.907391515e-24, 6.28911980838e-24, 5.55520700951e-24, 7.72627646627e-24, 5.83603596974e-24, 7.33049311721e-24, 6.09704519416e-24, 6.05866356125e-24, 5.65675667941e-24, 6.73620790971e-24, 7.63017585308e-24],
        "stdev": [8.67754934006e-05, 0.000539261032827, 0.00156616931781, 0.00178416678682, 0.00163806637283, 0.00137599685695, 0.0011365537066, 0.00173096382059, 0.00192762771621, 0.00104729109444, 0.00141860463191, 0.00242098653689, 0.00155808380805, 0.00184925668873, 0.00161360809579, 0.00216964096762, 0.0024474284146, 0.000801952846814, 0.000491346698254, 0.00107292737812, 0.00193847925402, 0.000384974293411, 0.000438719376689, 0.000135093025165, 0.000314806646202, 0.000280903535895, 0.000224033748964, 0.000405003112974, 0.000423566903919, 0.000251159071922, 0.000244269904215, 0.00031759167905, 0.000847237475682, 0.00169088866096, 0.000648943008855, 0.000351726950612, 0.0003610906424, 9.88632164081e-05, 0.000222541086259, 0.000164682627656, 5.92475334997e-05, 8.03632210591e-05, 0.000137094189995, 0.000298137223581, 0.000128906627651, 7.84226285759e-05, 9.47208318394e-05, 5.16117979714e-05, 3.30257244059e-05, 4.38404204033e-05, 7.64218711993e-05, 5.22418376931e-05, 2.74414614978e-05, 4.50990009995e-05, 6.84581827954e-05, 3.54653238901e-05, 4.17076116719e-05, 0.000131734966999, 5.6555520132e-05, 3.08838425553e-05, 5.41131157661e-05, 6.15025492152e-05, 7.12863038643e-05, 4.41826123279e-05, 3.32241106662e-05, 2.34190338233e-05, 3.23528111039e-05, 4.18057607021e-05, 2.09018307942e-05, 2.06021286431e-05, 1.66988302226e-05, 1.06509751276e-05, 1.36291500894e-05, 9.74563317868e-06, 9.37035747484e-06, 8.23403115646e-06, 5.70068550587e-06, 5.7304296206e-06, 6.40760890747e-06, 8.33176181914e-06, 5.2969103308e-06, 4.20848027716e-06, 2.63441847892e-06, 2.22210019274e-06, 2.18838226829e-06, 3.1744689295e-06, 3.32052150043e-06, 1.20013046399e-05, 3.1540623695e-06, 3.35232070938e-05, 3.42256612385e-06, 2.15207660403e-06, 2.2037859253e-06, 1.60968033924e-06, 1.26716702198e-06, 1.32281570586e-06, 1.08504559648e-06, 1.81635573426e-06, 3.88705348087e-06, 1.2883248246e-06, 5.92516869347e-07, 1.25502128867e-06, 1.8593615323e-06, 2.26355905397e-06, 1.77356798758e-06, 1.13857709039e-06, 8.85867564193e-07, 1.02446449546e-06, 9.71379790826e-07, 8.06331740932e-07, 2.50563903137e-06, 1.24297048387e-06, 3.40787465802e-07, 2.6855926194e-07, 2.28529103197e-07, 6.33736334521e-08, 1.31719923857e-08, 4.01064945144e-11, 2.61312829014e-11, 6.59138715831e-12, 6.55397350974e-12, 6.44958392249e-12, 6.35042062339e-12, 6.30419848269e-12, 6.24058790755e-12, 6.22161567057e-12, 6.18937887054e-12, 6.16126507452e-12]
    },
    "mfcc": {
        "mean": [-640.138977051, 118.942817688, -17.4900970459, 22.0059814453, -0.666745901108, -2.87671113014, 0.288261920214, 3.76150226593, -14.3081150055, 2.71925449371, -3.0099568367, 3.19607114792, 1.96047115326],
        "cov": [[11371.3974609, 1449.77905273, 28.1582794189, 376.655578613, 21.8928012848, -84.4382553101, -11.1471309662, 6.51645183563, -311.417114258, 10.9067897797, -52.1135559082, 74.3347167969, 60.705280304], [1449.77905273, 1156.34118652, -3.75299239159, 238.838165283, 22.4867610931, -78.6837692261, 87.3753662109, 1.31968772411, -160.219863892, -1.72444915771, -18.2584762573, 55.0533332825, 25.2546634674], [28.1582794189, -3.75299239159, 740.635192871, 47.948589325, 114.089515686, 28.3071346283, -60.4172935486, -31.5580921173, -75.0366516113, -61.7359390259, -47.6903114319, -11.9526147842, 17.8759632111], [376.655578613, 238.838165283, 47.948589325, 229.880249023, 76.0200653076, 25.53840065, -13.2871265411, -16.4051113129, -5.20502233505, 0.632044315338, -1.71650660038, 22.1342849731, -8.01937770844], [21.8928012848, 22.4867610931, 114.089515686, 76.0200653076, 157.398162842, 78.0890426636, -53.7791061401, -6.9368314743, 31.5979976654, 0.948877036572, 2.64970207214, -1.48449122906, -8.71951770782], [-84.4382553101, -78.6837692261, 28.3071346283, 25.53840065, 78.0890426636, 167.394485474, -15.6136989594, 3.07434463501, 84.2737808228, 10.9169883728, 6.86378002167, -31.8365287781, -41.3213615417], [-11.1471309662, 87.3753662109, -60.4172935486, -13.2871265411, -53.7791061401, -15.6136989594, 159.710632324, 41.3876686096, -28.9148654938, 1.44641304016, 6.68062210083, 2.84818959236, 6.6548500061], [6.51645183563, 1.31968772411, -31.5580921173, -16.4051113129, -6.9368314743, 3.07434463501, 41.3876686096, 125.203102112, 16.4731750488, 7.00112771988, -4.42858362198, 0.199214503169, 16.0393028259], [-311.417114258, -160.219863892, -75.0366516113, -5.20502233505, 31.5979976654, 84.2737808228, -28.9148654938, 16.4731750488, 185.566162109, 25.2165641785, 20.6370220184, -33.8026542664, -44.3023376465], [10.9067897797, -1.72444915771, -61.7359390259, 0.632044315338, 0.948877036572, 10.9169883728, 1.44641304016, 7.00112771988, 25.2165641785, 86.0478057861, 28.3761463165, 2.06308937073, -13.3460445404], [-52.1135559082, -18.2584762573, -47.6903114319, -1.71650660038, 2.64970207214, 6.86378002167, 6.68062210083, -4.42858362198, 20.6370220184, 28.3761463165, 73.4213180542, 19.8142566681, -6.19391918182], [74.3347167969, 55.0533332825, -11.9526147842, 22.1342849731, -1.48449122906, -31.8365287781, 2.84818959236, 0.199214503169, -33.8026542664, 2.06308937073, 19.8142566681, 78.4803390503, 36.4077033997], [60.705280304, 25.2546634674, 17.8759632111, -8.01937770844, -8.71951770782, -41.3213615417, 6.6548500061, 16.0393028259, -44.3023376465, -13.3460445404, -6.19391918182, 36.4077033997, 85.3144226074]],
        "icov": [[0.000108829088276, -0.000121755372675, 9.97173356154e-06, -7.14748675819e-05, 8.69667928782e-05, -8.63071181811e-05, 0.000133201232529, -5.86050664424e-05, 0.000133690788061, -4.40188778157e-05, 6.61480544295e-06, 3.99713608203e-05, -3.65292726201e-05], [-0.000121755372675, 0.00153138651513, 0.000149395025801, -0.00136962265242, -0.000366032414604, 0.000543591333553, -0.000825723807793, -3.93796035496e-05, 0.000865294074174, -0.000186074394151, 0.000278065941529, -0.000120833959954, 0.000262936053332], [9.97173356154e-06, 0.000149395025801, 0.00182210735511, -8.30673161545e-05, -0.00138882966712, -0.000116508010251, 0.000250718323514, 0.000142390563269, 0.00107969623059, 0.000799982401077, 0.000509894569404, 0.000500867085066, -0.000176527842996], [-7.14748675819e-05, -0.00136962265242, -8.30673161545e-05, 0.00719172786921, -0.00292269513011, -0.000151386018842, -0.000101905221527, 0.000802572059911, -0.000884152308572, 8.5239240434e-05, 0.000837751256768, -0.00229165237397, 0.00122771982569], [8.69667928782e-05, -0.000366032414604, -0.00138882966712, -0.00292269513011, 0.0125047564507, -0.00517872162163, 0.00345227797516, -0.00088874908397, -0.000195041531697, -0.000199636109755, -0.00122213212308, -0.000347468914697, -0.00134264642838], [-8.63071181811e-05, 0.000543591333553, -0.000116508010251, -0.000151386018842, -0.00517872162163, 0.0110324453562, -0.00176983315032, 9.44016865105e-05, -0.00324897048995, -0.000100016644865, 3.77986434614e-05, 0.00162276916672, 0.00245262519456], [0.000133201232529, -0.000825723807793, 0.000250718323514, -0.000101905221527, 0.00345227797516, -0.00176983315032, 0.00894785951823, -0.00299078016542, 0.00175039365422, 0.000481924973428, -0.00178651162423, 0.000751033425331, -1.83864231076e-05], [-5.86050664424e-05, -3.93796035496e-05, 0.000142390563269, 0.000802572059911, -0.00088874908397, 9.44016865105e-05, -0.00299078016542, 0.00977264903486, -0.00195178715512, -0.00102735194378, 0.00168981601018, -6.19162383373e-05, -0.00257527432404], [0.000133690788061, 0.000865294074174, 0.00107969623059, -0.000884152308572, -0.000195041531697, -0.00324897048995, 0.00175039365422, -0.00195178715512, 0.00989036168903, -0.00069506309228, -0.00190486724023, 0.00215691328049, 0.0019446616061], [-4.40188778157e-05, -0.000186074394151, 0.000799982401077, 8.5239240434e-05, -0.000199636109755, -0.000100016644865, 0.000481924973428, -0.00102735194378, -0.00069506309228, 0.0143327480182, -0.00487897684798, 6.46036569378e-05, 0.00151290209033], [6.61480544295e-06, 0.000278065941529, 0.000509894569404, 0.000837751256768, -0.00122213212308, 3.77986434614e-05, -0.00178651162423, 0.00168981601018, -0.00190486724023, -0.00487897684798, 0.0187506247312, -0.00669105444103, 0.00206425855868], [3.99713608203e-05, -0.000120833959954, 0.000500867085066, -0.00229165237397, -0.000347468914697, 0.00162276916672, 0.000751033425331, -6.19162383373e-05, 0.00215691328049, 6.46036569378e-05, -0.00669105444103, 0.0202894806862, -0.00762361520901], [-3.65292726201e-05, 0.000262936053332, -0.000176527842996, 0.00122771982569, -0.00134264642838, 0.00245262519456, -1.83864231076e-05, -0.00257527432404, 0.0019446616061, 0.00151290209033, 0.00206425855868, -0.00762361520901, 0.0180078968406]]
    },
    "spectral_contrast_coeffs": {
        "max": [-0.372890174389, -0.409140169621, -0.505212903023, -0.630032598972, -0.637676715851, -0.662551641464],
        "mean": [-0.698445439339, -0.712536036968, -0.733797371387, -0.786941468716, -0.77118909359, -0.771180450916],
        "min": [-0.980037391186, -0.975292623043, -0.975661456585, -0.969219982624, -0.966197550297, -0.964109420776],
        "stdev": [0.0901730433106, 0.0905665829778, 0.0784769803286, 0.0489459522069, 0.0521521493793, 0.0407996401191]
    },
    "spectral_contrast_valleys": {
        "max": [-5.47429466248, -5.24179649353, -5.736805439, -5.69962215424, -5.81302070618, -8.04840278625],
        "mean": [-7.23809480667, -7.06745529175, -7.62094593048, -7.73314285278, -7.61332559586, -10.5809373856],
        "min": [-27.4257335663, -27.6189537048, -27.7443466187, -27.6297531128, -27.4780693054, -27.3463840485],
        "stdev": [2.72815728188, 2.67076301575, 2.57850384712, 2.56897473335, 2.56417036057, 2.25787997246]
    }
},
"rhythm": {
    "beats_count": 140,
    "beats_loudness": {
        "max": 0.0748425722122,
        "mean": 0.0313058719039,
        "min": 0,
        "stdev": 0.0144692333415
    },
    "bpm": 178.2059021,
    "bpm_histogram_first_peak_bpm": 178,
    "bpm_histogram_first_peak_weight": 0,
    "bpm_histogram_second_peak_bpm": 185,
    "bpm_histogram_second_peak_spread": 0,
    "bpm_histogram_second_peak_weight": 0.35971224308,
    "danceability": 0.980912208557,
    "onset_rate": 3.66522598267,
    "beats_loudness_band_ratio": {
        "max": [0.880556941032, 0.754320383072, 0.784403681755, 0.72400945425, 0.596119165421, 0.458701848984],
        "mean": [0.222583338618, 0.24432349205, 0.196939334273, 0.191838026047, 0.120324201882, 0.0865414068103],
        "min": [0, 0, 0, 0, 0, 0],
        "stdev": [0.188123837113, 0.197813808918, 0.148140624166, 0.155752569437, 0.126817077398, 0.0688881203532]
    },
