{
"metadata": {
    "version": {
        "essentia": "2.1-beta5",
        "essentia_git_sha": "Undefined",
        "extractor": "music 2.0"
    },
    "audio_properties": {
        "analysis": {
            "equal_loudness": 0,
            "length": 32.4963264465,
            "sample_rate": 44100,
            "start_time": 12.7477550507,
            "downmix": "mix"
        },
        "bit_rate": 192000,
        "length": 187.176055908,
        "lossless": 0,
        "number_channels": 2,
        "replay_gain": -3.90368652344,
        "sample_rate": 44100,
        "codec": "mp3",
        "md5_encoded": "96b346c7ba755fa6c29993a2a5dc9031"
    },
    "tags": {
        "file_name": "Ireland_Could It Be That I_m In Love_Kim Jackson.mp3",
        "encoding": ["Lavf58.29.100"]
    }
},
"lowlevel": {
    "average_loudness": 0.972878158092,
    "barkbands_crest": {
        "max": 25.4343357086,
        "mean": 12.4589338303,
        "min": 3.52652812004,
        "stdev": 4.95224618912
    },
    "barkbands_flatness_db": {
        "max": 0.343477606773,
        "mean": 0.21531458199,
        "min": 0.068253390491,
        "stdev": 0.0406861975789
    },
    "barkbands_kurtosis": {
        "max": 69.3489990234,
        "mean": 4.82616853714,
        "min": -1.72782886028,
        "stdev": 8.72644615173
    },
    "barkbands_skewness": {
        "max": 7.94261550903,
        "mean": 1.48134410381,
        "min": -2.38773107529,
        "stdev": 1.37686991692
    },
    "barkbands_spread": {
        "max": 48.0063438416,
        "mean": 11.0793151855,
        "min": 0.940449595451,
        "stdev": 6.14414644241
    },
    "dissonance": {
        "max": 0.499260395765,
        "mean": 0.438359111547,
        "min": 0.23654922843,
        "stdev": 0.0344037078321
    },
    "dynamic_complexity": 1.9458322525,
    "erbbands_crest": {
        "max": 31.3929672241,
        "mean": 12.3483285904,
        "min": 3.67926859856,
        "stdev": 5.35982227325
    },
    "erbbands_flatness_db": {
        "max": 0.416744142771,
        "mean": 0.265754133463,
        "min": 0.12489580363,
        "stdev": 0.0412363298237
    },
    "erbbands_kurtosis": {
        "max": 20.4489536285,
        "mean": 0.778094291687,
        "min": -1.83748996258,
        "stdev": 2.55420708656
    },
    "erbbands_skewness": {
        "max": 3.98468089104,
        "mean": 0.531040906906,
        "min": -3.66845178604,
        "stdev": 0.918989896774
    },
    "erbbands_spread": {
        "max": 70.8843231201,
        "mean": 23.3204193115,
        "min": 3.24675107002,
        "stdev": 11.454249382
    },
    "hfc": {
        "max": 94.8371810913,
        "mean": 20.2851066589,
        "min": 0.299828410149,
        "stdev": 15.0897979736
    },
    "loudness_ebu128": {
        "integrated": -20.0440807343,
        "loudness_range": 2.58292198181,
        "momentary": {
            "max": -16.9064941406,
            "mean": -20.4268226624,
            "min": -27.6289958954,
            "stdev": 1.97084736824
        },
        "short_term": {
            "max": -18.5340595245,
            "mean": -20.0997562408,
            "min": -23.3083953857,
            "stdev": 1.04743432999
        }
    },
    "melbands_crest": {
        "max": 30.932849884,
        "mean": 14.510723114,
        "min": 4.4260020256,
        "stdev": 5.61762666702
    },
    "melbands_flatness_db": {
        "max": 0.429304867983,
        "mean": 0.277815759182,
        "min": 0.0677531436086,
        "stdev": 0.0484330691397
    },
    "melbands_kurtosis": {
        "max": 131.817642212,
        "mean": 8.98919200897,
        "min": -1.77369952202,
        "stdev": 12.9857063293
    },
    "melbands_skewness": {
        "max": 9.18256473541,
        "mean": 1.9966853857,
        "min": -1.63169085979,
        "stdev": 1.52292859554
    },
    "melbands_spread": {
        "max": 94.0505065918,
        "mean": 15.8714132309,
        "min": 1.25593984127,
        "stdev": 9.87203788757
    },
    "pitch_salience": {
        "max": 0.851366996765,
        "mean": 0.533266365528,
        "min": 0.144468963146,
        "stdev": 0.124864019454
    },
    "silence_rate_20dB": {
        "max": 1,
        "mean": 1,
        "min": 1,
        "stdev": 0
    },
    "silence_rate_30dB": {
        "max": 1,
        "mean": 1,
        "min": 1,
        "stdev": 0
    },
    "silence_rate_60dB": {
        "max": 1,
        "mean": 0.00713775865734,
        "min": 0,
        "stdev": 0.0841834321618
    },
    "spectral_centroid": {
        "max": 3707.61523438,
        "mean": 1021.10650635,
        "min": 280.539245605,
        "stdev": 489.389953613
    },
    "spectral_complexity": {
        "max": 52,
        "mean": 15.7758741379,
        "min": 0,
        "stdev": 5.49385070801
    },
    "spectral_decrease": {
        "max": -8.50626860616e-11,
        "mean": -6.29123508844e-09,
        "min": -1.73389800295e-08,
        "stdev": 3.0402091955e-09
    },
    "spectral_energy": {
        "max": 0.0684641003609,
        "mean": 0.0255844499916,
        "min": 0.000348241854226,
        "stdev": 0.0125288357958
    },
    "spectral_energyband_high": {
        "max": 0.00534351170063,
        "mean": 0.000174986562342,
        "min": 2.26766746891e-06,
        "stdev": 0.000344643864082
    },
    "spectral_energyband_low": {
        "max": 0.00485541950911,
        "mean": 0.000717233866453,
        "min": 6.58720864521e-06,
        "stdev": 0.000785778800491
    },
    "spectral_energyband_middle_high": {
        "max": 0.0576360300183,
        "mean": 0.00835460610688,
        "min": 7.69373727962e-05,
        "stdev": 0.00937245599926
    },
    "spectral_energyband_middle_low": {
        "max": 0.0646299868822,
        "mean": 0.0168293826282,
        "min": 0.000251990772085,
        "stdev": 0.0101793333888
    },
    "spectral_entropy": {
        "max": 8.18068027496,
        "mean": 6.7378692627,
        "min": 5.59139537811,
        "stdev": 0.377144098282
    },
    "spectral_flux": {
        "max": 0.231900840998,
        "mean": 0.0721207559109,
        "min": 0.0121589843184,
        "stdev": 0.0373748280108
    },
    "spectral_kurtosis": {
        "max": 47.3160629272,
        "mean": 12.2677259445,
        "min": 0.594446897507,
        "stdev": 7.23210716248
    },
    "spectral_rms": {
        "max": 0.00817277468741,
        "mean": 0.00482384394854,
        "min": 0.000582879176363,
        "stdev": 0.00130036263727
    },
    "spectral_rolloff": {
        "max": 4866.50390625,
        "mean": 1172.70410156,
        "min": 258.3984375,
        "stdev": 663.46081543
    },
    "spectral_skewness": {
        "max": 5.22379732132,
        "mean": 2.12247991562,
        "min": 0.118249394,
        "stdev": 0.825568795204
    },
    "spectral_spread": {
        "max": 17364914,
        "mean": 2324898.25,
        "min": 1368952,
        "stdev": 595916.75
    },
    "spectral_strongpeak": {
        "max": 12.982252121,
        "mean": 2.09360480309,
        "min": 0.0143966721371,
        "stdev": 1.92319178581
    },
    "zerocrossingrate": {
        "max": 0.12060546875,
        "mean": 0.0433810539544,
        "min": 0.0107421875,
        "stdev": 0.0183241665363
    },
    "barkbands": {
        "max": [4.40268486273e-05, 0.0007341481396, 0.00280480529182, 0.00894820597023, 0.0341157466173, 0.0571668222547, 0.0431335940957, 0.030888421461, 0.024121850729, 0.0451057069004, 0.0339394807816, 0.0217529274523, 0.0135515965521, 0.0303926318884, 0.0186948608607, 0.0238073132932, 0.00678460486233, 0.014207014814, 0.00484758522362, 0.00532896723598, 0.000977369956672, 0.000229930155911, 7.26167927496e-05, 4.96246138937e-05, 2.64636964857e-05, 1.00178147022e-06, 7.42383463148e-07],
        "mean": [2.23970823754e-06, 8.99503720575e-05, 0.000287050905172, 0.00078344414942, 0.00279968045652, 0.00655119679868, 0.00253312755376, 0.00166474166326, 0.0020891383756, 0.00185589212924, 0.00127687933855, 0.00108314375393, 0.000685546780005, 0.00131415610667, 0.000824119197205, 0.000537503045052, 0.000281339453068, 0.000309581490001, 0.0003308976884, 0.000224694580538, 5.40101827937e-05, 3.19814876093e-06, 7.78716469085e-07, 9.73342821453e-07, 7.89118303146e-07, 3.70192793753e-07, 5.73026497364e-08],
        "min": [5.7400262321e-09, 8.70879716786e-07, 1.14958811537e-06, 8.49252387525e-07, 5.44796148461e-06, 2.49306140176e-05, 9.10466405912e-06, 2.97667747873e-06, 5.47894433112e-06, 2.55433792518e-06, 2.4867256343e-06, 4.2073138502e-06, 1.56033445364e-06, 7.63466687204e-06, 3.03912179334e-06, 3.15220177072e-06, 3.3801045447e-06, 2.04147977456e-06, 9.33716478357e-07, 6.88673083005e-07, 3.07334971694e-07, 1.32852918e-07, 1.47390736061e-07, 2.04817212079e-07, 2.98720408409e-07, 2.4270784138e-07, 9.89644544092e-09],
        "stdev": [2.24267910198e-06, 0.000112568297482, 0.000410181819461, 0.0010841494659, 0.00365241104737, 0.00890883710235, 0.00491974176839, 0.00372555688955, 0.00297970604151, 0.00406080810353, 0.00321972742677, 0.00254860892892, 0.00139970018063, 0.00325483991764, 0.0020046713762, 0.0016747066984, 0.000681139412336, 0.000934017181862, 0.000584925932344, 0.000419831078034, 0.000107889623905, 1.61624138855e-05, 3.42380235452e-06, 3.06799688587e-06, 1.78900006631e-06, 5.12158173649e-08, 3.79379905269e-08]
    },
    "erbbands": {
        "max": [0.0131763797253, 0.257085502148, 2.99553251266, 15.0003757477, 27.909488678, 179.453018188, 353.359527588, 602.061279297, 698.978149414, 858.854919434, 684.577575684, 583.941833496, 1125.89233398, 842.889404297, 1001.45831299, 762.563598633, 583.466186523, 1568.80383301, 2058.2175293, 1316.49523926, 1036.37963867, 423.318878174, 515.192871094, 424.831420898, 197.440444946, 360.771484375, 68.542640686, 23.0230407715, 9.94295787811, 4.26694583893, 1.34911239147, 0.859248459339, 0.908283770084, 0.379347115755, 0.110545538366, 0.00633348152041, 0.00175938010216, 0.000577349390369, 0.000110568405944, 8.00131019787e-05],
        "mean": [0.00138753268402, 0.0285668410361, 0.267154693604, 1.56804537773, 4.03667354584, 12.6841306686, 23.7328052521, 63.6990318298, 46.9291191101, 30.9217834473, 35.4985389709, 45.2285232544, 59.4450454712, 48.9844932556, 55.9370994568, 41.2796211243, 36.4636192322, 51.2913665771, 62.5926895142, 37.3497123718, 25.3958778381, 16.772605896, 14.1576385498, 18.9404449463, 14.085442543, 10.5366849899, 5.06876325607, 0.598363697529, 0.145326331258, 0.0605827495456, 0.017301177606, 0.0176402404904, 0.0175647512078, 0.0105020776391, 0.00437712948769, 0.00161682441831, 0.000696119037457, 0.000179252412636, 1.77076162799e-05, 3.02523803839e-05],
        "min": [1.37406677823e-05, 0.000251922116149, 0.00139262294397, 0.00323260365985, 0.0163091365248, 0.0374152101576, 0.0775308609009, 0.36163726449, 0.182957351208, 0.114694431424, 0.339747935534, 0.372360825539, 0.233326017857, 0.172477692366, 0.53290784359, 0.232639178634, 0.245451778173, 0.432972818613, 0.269841194153, 0.204534873366, 0.221272021532, 0.18340484798, 0.12355080992, 0.0754966512322, 0.0566762797534, 0.0337139852345, 0.0159043520689, 0.0123558454216, 0.00740634836257, 0.00423219799995, 0.00394663633779, 0.00463409814984, 0.00382686802186, 0.00316028762609, 0.00192557706032, 0.000889878487214, 0.000399930693675, 8.65246693138e-05, 4.30475211033e-06, 2.46801619141e-06],
        "stdev": [0.00135872908868, 0.0358031392097, 0.364872545004, 1.96898341179, 4.19575214386, 18.4270858765, 35.2279548645, 90.9287185669, 83.5276565552, 60.6223831177, 71.1437759399, 65.9625320435, 108.564147949, 95.9386672974, 113.611434937, 93.4421844482, 65.6859588623, 129.365463257, 181.134490967, 82.5149307251, 78.3251953125, 39.7628250122, 36.6351165771, 35.6730957031, 22.6907997131, 23.4372673035, 8.53004837036, 1.46856164932, 0.682183742523, 0.315035372972, 0.0583386048675, 0.0549623630941, 0.0550742298365, 0.0269465874881, 0.00762557610869, 0.000451838393928, 0.00011288857786, 4.59336297354e-05, 8.14822124084e-06, 1.5087812244e-05]
    },
    "gfcc": {
        "mean": [-56.4444923401, 144.294570923, -158.21395874, -8.65662479401, -45.1261863708, -30.222776413, -41.1336288452, -2.65574479103, -37.9061813354, 1.69633841515, -11.1239500046, -13.1142301559, -2.07563734055],
        "cov": [[963.862487793, -38.3942146301, -645.198303223, 80.8840484619, -11.8844165802, -213.522140503, 283.071960449, 90.6929550171, -89.1646270752, 33.4341201782, 37.8607826233, -156.915176392, 71.6365814209], [-38.3942146301, 313.671356201, 243.64414978, -60.6078186035, 99.8177032471, 39.1713790894, -44.2044067383, -41.6930541992, -25.7441158295, -54.7819404602, -38.1192398071, -20.7646598816, -51.9192008972], [-645.198303223, 243.64414978, 808.329040527, 100.762931824, 10.9322624207, 142.719970703, -292.018218994, -127.611427307, 56.6051216125, -75.262588501, -59.0788345337, 117.956047058, -93.885345459], [80.8840484619, -60.6078186035, 100.762931824, 351.143157959, 31.5302600861, -89.3594512939, -75.3697814941, 14.2974424362, 34.2570075989, -15.5567560196, -47.4345245361, 28.8369026184, 7.22174310684], [-11.8844165802, 99.8177032471, 10.9322624207, 31.5302600861, 226.806900024, 49.9975967407, -47.7884979248, 2.92136955261, 7.11316633224, -62.6754226685, -85.3953552246, -26.2864627838, -6.33047485352], [-213.522140503, 39.1713790894, 142.719970703, -89.3594512939, 49.9975967407, 277.617919922, 3.38422775269, -58.6218566895, -9.94791889191, -32.2941932678, -61.4863166809, -1.4645332098, -38.4831886292], [283.071960449, -44.2044067383, -292.018218994, -75.3697814941, -47.7884979248, 3.38422775269, 242.212921143, 55.2920608521, -84.5717773438, 46.5085258484, 54.2096824646, -65.3786239624, 26.4158058167], [90.6929550171, -41.6930541992, -127.611427307, 14.2974424362, 2.92136955261, -58.6218566895, 55.2920608521, 114.856506348, 41.1450080872, 7.23373794556, 3.68184351921, -6.40733337402, 6.89827775955], [-89.1646270752, -25.7441158295, 56.6051216125, 34.2570075989, 7.11316633224, -9.94791889191, -84.5717773438, 41.1450080872, 126.41015625, 15.6542358398, -37.0182647705, 22.3163509369, -25.2836933136], [33.4341201782, -54.7819404602, -75.262588501, -15.5567560196, -62.6754226685, -32.2941932678, 46.5085258484, 7.23373794556, 15.6542358398, 104.085098267, 67.4156494141, -14.7477445602, -2.33130908012], [37.8607826233, -38.1192398071, -59.0788345337, -47.4345245361, -85.3953552246, -61.4863166809, 54.2096824646, 3.68184351921, -37.0182647705, 67.4156494141, 128.871658325, 22.47240448, 12.1885700226], [-156.915176392, -20.7646598816, 117.956047058, 28.8369026184, -26.2864627838, -1.4645332098, -65.3786239624, -6.40733337402, 22.3163509369, -14.7477445602, 22.47240448, 99.5219192505, 16.2205219269], [71.6365814209, -51.9192008972, -93.885345459, 7.22174310684, -6.33047485352, -38.4831886292, 26.4158058167, 6.89827775955, -25.2836933136, -2.33130908012, 12.1885700226, 16.2205219269, 89.2248001099]],
        "icov": [[0.0173984449357, -0.0213845074177, 0.0223457571119, -0.0181907210499, 0.0127232912928, -0.00342936976813, -0.00354361347854, 0.0107732573524, -0.0141812022775, 0.0177226811647, -0.0150796547532, 0.0135806882754, -0.00575158977881], [-0.0213845074177, 0.0374581739306, -0.0344820208848, 0.0267729852349, -0.0223407056183, 0.0103785870597, -0.0033597801812, -0.0102259982377, 0.0162301231176, -0.0191879607737, 0.0195012539625, -0.0137778092176, 0.00913075357676], [0.0223457571119, -0.0344820208848, 0.0368549413979, -0.0269799865782, 0.0216396581382, -0.0102051207796, 0.00457949796692, 0.0121025359258, -0.0154103673995, 0.0213574133813, -0.0200298782438, 0.0136067066342, -0.00574591010809], [-0.0181907210499, 0.0267729852349, -0.0269799865782, 0.025038395077, -0.0164830219001, 0.00845249090344, 0.000614322721958, -0.0110287163407, 0.016214709729, -0.020507151261, 0.0206898711622, -0.0153869232163, 0.00694487290457], [0.0127232912928, -0.0223407056183, 0.0216396581382, -0.0164830219001, 0.020454807207, -0.0081499023363, 0.00628140335903, 0.00298970937729, -0.00652131391689, 0.0124211562797, -0.00922660343349, 0.0103987753391, -0.00541911181062], [-0.00342936976813, 0.0103785870597, -0.0102051207796, 0.00845249090344, -0.0081499023363, 0.0122158527374, -0.00976679287851, 0.00458030495793, 7.9462712165e-05, -0.00305384374224, 0.00898875016719, -0.00487384805456, 0.00419909041375], [-0.00354361347854, -0.0033597801812, 0.00457949796692, 0.000614322721958, 0.00628140335903, -0.00976679287851, 0.0281190816313, -0.0192874148488, 0.0218822676688, -0.0139615815133, 0.00434577465057, -0.0011893780902, 0.00051705975784], [0.0107732573524, -0.0102259982377, 0.0121025359258, -0.0110287163407, 0.00298970937729, 0.00458030495793, -0.0192874148488, 0.033119879663, -0.0296552088112, 0.0230969171971, -0.0150901842862, 0.00796246528625, -0.00282151205465], [-0.0141812022775, 0.0162301231176, -0.0154103673995, 0.016214709729, -0.00652131391689, 7.9462712165e-05, 0.0218822676688, -0.0296552088112, 0.0471831336617, -0.0363341234624, 0.0301371682435, -0.0191381014884, 0.0104713886976], [0.0177226811647, -0.0191879607737, 0.0213574133813, -0.020507151261, 0.0124211562797, -0.00305384374224, -0.0139615815133, 0.0230969171971, -0.0363341234624, 0.0502348542213, -0.0370455719531, 0.0253607984632, -0.00788304861635], [-0.0150796547532, 0.0195012539625, -0.0200298782438, 0.0206898711622, -0.00922660343349, 0.00898875016719, 0.00434577465057, -0.0150901842862, 0.0301371682435, -0.0370455719531, 0.0448581203818, -0.0263980329037, 0.0100495526567], [0.0135806882754, -0.0137778092176, 0.0136067066342, -0.0153869232163, 0.0103987753391, -0.00487384805456, -0.0011893780902, 0.00796246528625, -0.0191381014884, 0.0253607984632, -0.0263980329037, 0.0353829488158, -0.0125726349652], [-0.00575158977881, 0.00913075357676, -0.00574591010809, 0.00694487290457, -0.00541911181062, 0.00419909041375, 0.00051705975784, -0.00282151205465, 0.0104713886976, -0.00788304861635, 0.0100495526567, -0.0125726349652, 0.0196962188929]]
    },
    "melbands": {
        "max": [0.00013930471323, 0.00105417415034, 0.00281165679917, 0.00614057201892, 0.0105049517006, 0.0129325259477, 0.00985531974584, 0.00909051205963, 0.00460625020787, 0.00369232683443, 0.00624327361584, 0.00448306044564, 0.00435642758384, 0.00334933470003, 0.00315258954652, 0.00213562278077, 0.00264022848569, 0.00422971136868, 0.00118319015019, 0.00249802693725, 0.0016452310374, 0.000528419739567, 0.000269909913186, 0.00100019201636, 0.000286882917862, 0.000295359437587, 0.00010080341599, 0.000333587900968, 5.64118709008e-05, 2.54160677287e-05, 8.0455420175e-06, 6.17729847363e-06, 4.24464633397e-06, 2.58366367234e-06, 7.37993843813e-07, 3.21934493286e-07, 6.95422443187e-07, 8.21866535716e-07, 4.38148731519e-07, 2.76977658586e-07],
        "mean": [1.84242999239e-05, 0.000115549541079, 0.000335661286954, 0.000567710143514, 0.000817504886072, 0.00138775433879, 0.000657768046949, 0.000359188270522, 0.000278595951386, 0.00028935141745, 0.000302922475385, 0.000207891600439, 0.000198477835511, 0.00013098285126, 9.68362946878e-05, 7.20586831449e-05, 9.32715774979e-05, 0.000109672066174, 5.91088173678e-05, 3.65372070519e-05, 2.94796554954e-05, 1.80088281923e-05, 9.61071418715e-06, 1.78001155291e-05, 1.50065206981e-05, 1.42151529872e-05, 7.4658187259e-06, 6.86638486513e-06, 3.91722869608e-06, 9.17577494874e-07, 1.4008475091e-07, 7.71462183025e-08, 5.18361851221e-08, 2.53858676302e-08, 8.63638316417e-09, 8.21406320739e-09, 1.17590808202e-08, 1.29524115877e-08, 1.13663523038e-08, 7.91745957684e-09],
        "min": [2.17822616833e-07, 7.67820836245e-07, 1.24545965718e-06, 9.66296397564e-07, 2.11391648008e-06, 7.61216324463e-06, 3.30964576278e-06, 1.19221260775e-06, 2.98983252378e-07, 9.21025844036e-07, 6.59142926906e-07, 5.08431980961e-07, 9.79020796876e-07, 5.21431218203e-07, 4.75358405083e-07, 1.33727482421e-07, 6.41704957616e-07, 5.22811205883e-07, 1.72789995645e-07, 2.06352737564e-07, 2.01418671963e-07, 1.5241189999e-07, 7.95316950075e-08, 5.21300087541e-08, 4.53794939403e-08, 3.39676091698e-08, 2.58790109342e-08, 1.21787468998e-08, 6.65274191292e-09, 6.59380505752e-09, 5.23750820491e-09, 2.91249890871e-09, 2.04314520857e-09, 2.24424212547e-09, 2.08274153479e-09, 2.1470552003e-09, 2.12336170868e-09, 2.11966844077e-09, 2.32174746095e-09, 2.18760809467e-09],
        "stdev": [2.00012837013e-05, 0.000137479451951, 0.000371330650523, 0.00070998625597, 0.0010656376835, 0.00188438675832, 0.00115596712567, 0.000701996090356, 0.000514009676408, 0.000421653443482, 0.00057688128436, 0.000442050339188, 0.000468368089059, 0.000325351284118, 0.000250498240348, 0.000152573411469, 0.000239487868384, 0.000364178820746, 0.000135782305733, 0.00012370517652, 0.000114271009807, 4.90142519993e-05, 2.34460658248e-05, 6.11131545156e-05, 2.78349016298e-05, 2.73705627478e-05, 1.30238186102e-05, 1.78426325874e-05, 6.81517713019e-06, 1.9606125079e-06, 5.94473476667e-07, 3.929977197e-07, 2.83106118104e-07, 1.4101749457e-07, 2.90734032404e-08, 2.1303275588e-08, 3.97132673413e-08, 4.47250769753e-08, 3.16325099448e-08, 1.9989080613e-08]
    },
    "melbands128": {
        "max": [2.29898414545e-05, 7.76015294832e-05, 0.000238802793319, 0.00048132793745, 0.00160903343931, 0.00153377023526, 0.00291881943122, 0.00484238006175, 0.00345456670038, 0.00621976098046, 0.0129187386483, 0.011034165509, 0.0165181383491, 0.0183622315526, 0.0179738327861, 0.0266049150378, 0.0175061132759, 0.0172138884664, 0.00948827899992, 0.015398548916, 0.0108879832551, 0.0116884596646, 0.00648673903197, 0.00568378297612, 0.00638885004446, 0.00449802679941, 0.00974160060287, 0.00641006510705, 0.0162369925529, 0.00774743268266, 0.00535034062341, 0.0110511351377, 0.00912397447973, 0.00505414418876, 0.00432569114491, 0.00615707179531, 0.00381470378488, 0.00710572581738, 0.00341609306633, 0.0021899829153, 0.00179976224899, 0.00923090055585, 0.00431173294783, 0.00308682932518, 0.00535909831524, 0.00874252710491, 0.00424755224958, 0.00293518602848, 0.00142442644574, 0.00512222759426, 0.00560546992347, 0.00137329299469, 0.00258466484956, 0.00297361286357, 0.0010915256571, 0.00121310260147, 0.000561554625165, 0.000690039072651, 0.000499724701513, 0.000848360999953, 0.00141583930235, 0.00215845298953, 0.000334398500854, 0.000456566223875, 0.000528914039023, 0.000648725312203, 0.000255690712947, 0.000207155870157, 0.000246074632742, 0.000250272249104, 0.000759325223044, 0.000199320493266, 0.000130043408717, 0.000120539261843, 7.81190610724e-05, 2.49458771577e-05, 4.77023786516e-05, 1.67705366039e-05, 7.94260904513e-06, 5.60061516808e-06, 8.77164893609e-06, 7.09321238901e-06, 5.87859540246e-06, 5.01163958688e-06, 2.73943737739e-06, 3.36262633027e-06, 3.10116433866e-06, 7.42744475701e-07, 8.00078908014e-07, 7.1237894872e-07, 3.68228143088e-07, 4.51751105857e-07, 5.84758765854e-07, 7.11239295015e-07, 9.46298882809e-07, 1.68962912994e-06, 1.14272779683e-06, 7.86342468473e-07, 5.72191368065e-07, 7.65442052852e-07, 2.09531435758e-07, 2.81020447801e-07, 3.88056662359e-07, 1.96975506128e-07, 1.30876216531e-07, 8.34873432609e-08, 2.40719479905e-08, 9.81997683169e-09, 5.9594627011e-09, 5.80755576962e-09, 6.2038196802e-09, 5.89612447754e-09, 6.58010623766e-09, 5.69082958535e-09, 5.24604981678e-09, 5.07819830631e-09, 5.11013942273e-09, 3.34380922951e-09, 3.20346615901e-09, 3.11302095213e-09, 3.04781000438e-09, 2.97974245278e-09, 2.92298740767e-09, 2.87335644167e-09, 2.82115819594e-09, 2.78893641514e-09, 2.76026357326e-09, 2.75160361163e-09],
        "mean": [1.62254411862e-06, 6.57778900859e-06, 2.13408966374e-05, 4.8316338507e-05, 9.8306882137e-05, 0.000154866371304, 0.000294490455417, 0.000422424753197, 0.000349336391082, 0.000490908685606, 0.000829498807434, 0.000610887887888, 0.000534772640094, 0.00143134931568, 0.00165515090339, 0.00128215295263, 0.000911860028282, 0.000580756692216, 0.000249958829954, 0.000317312253173, 0.000422409211751, 0.000499864574522, 0.000104708706203, 0.000266032409854, 0.000366110354662, 0.000196491644601, 0.000383104867069, 0.000229466051678, 0.00038063590182, 0.000249931646977, 0.00010488434782, 0.000184242700925, 0.000289845775114, 0.000115522947453, 0.000158620125148, 0.000145181285916, 6.21616854914e-05, 0.000117707240861, 9.79151373031e-05, 7.3605835496e-05, 3.15093493555e-05, 0.000123164092656, 0.000114510650747, 4.28734565503e-05, 0.000134536443511, 0.000135859372676, 6.39418649371e-05, 6.72681999276e-05, 4.30773143307e-05, 5.90633790125e-05, 3.47361019521e-05, 1.6881407646e-05, 3.58438010153e-05, 3.3872671338e-05, 1.40511392601e-05, 2.26170359383e-05, 1.34429210448e-05, 1.2569219507e-05, 5.85012548981e-06, 8.42316785565e-06, 1.8918497517e-05, 2.89126692223e-05, 7.85620431998e-06, 9.59099361353e-06, 2.75870697806e-05, 1.54648860189e-05, 6.18861849944e-06, 7.03985733708e-06, 8.80753395904e-06, 5.8682726376e-06, 8.45605518407e-06, 6.41209953756e-06, 4.33689729107e-06, 4.30855334344e-06, 2.40897043113e-06, 7.61367175528e-07, 3.90156060348e-07, 1.95110985146e-07, 1.0345939927e-07, 7.19573165497e-08, 8.07884248388e-08, 8.11607705486e-08, 6.92058463869e-08, 4.94493086478e-08, 3.57688634267e-08, 3.38636461095e-08, 2.11206021561e-08, 8.69881944254e-09, 8.40360847576e-09, 7.84921549979e-09, 7.27325977223e-09, 8.10441935784e-09, 1.0125932981e-08, 1.08709095059e-08, 1.3614227079e-08, 1.45075418345e-08, 1.33734454622e-08, 9.7500798546e-09, 1.11905951172e-08, 1.42259093394e-08, 7.08773040259e-09, 7.35509519956e-09, 7.1590093853e-09, 6.57928600489e-09, 4.4934247434e-09, 3.68555164165e-09, 3.50533668758e-09, 3.04338976242e-09, 2.44229192425e-09, 2.38793029794e-09, 2.36111974417e-09, 2.50477727448e-09, 2.31155583563e-09, 1.78384740313e-09, 1.65883362602e-09, 2.0685710922e-09, 2.02724148579e-09, 1.18978099942e-11, 1.07287963236e-11, 1.04840554641e-11, 1.02623525997e-11, 1.0068194542e-11, 9.86833184613e-12, 9.67842646304e-12, 9.53677588289e-12, 9.44686256305e-12, 9.35810630376e-12, 9.30372185542e-12],
        "min": [8.0185046103e-11, 3.44158621601e-08, 4.52703829978e-08, 4.52898206049e-07, 3.02769990412e-07, 3.78609399831e-07, 9.11719482133e-08, 4.5194420295e-07, 5.96533880071e-07, 6.79115203184e-07, 2.17499120936e-07, 1.1031354461e-06, 4.67583788577e-07, 3.38852544246e-07, 1.71060730736e-06, 3.19919365666e-07, 3.32530191827e-07, 5.3871781347e-07, 7.36210381547e-07, 1.81735629212e-07, 3.77921651307e-07, 1.03991297351e-07, 6.84861589662e-08, 4.34831832763e-08, 2.01962492952e-07, 1.09840556206e-07, 4.36303544404e-08, 1.6860953167e-07, 7.91391556731e-08, 1.48482669715e-07, 7.18783397247e-08, 1.94851040192e-07, 6.55745964195e-08, 1.68113245991e-07, 8.99421053191e-08, 1.07245625713e-07, 5.86392197022e-08, 1.00594469643e-07, 1.76128310159e-07, 4.6699227596e-08, 5.67907250115e-08, 1.64660605151e-07, 1.53657012447e-07, 5.84818558025e-08, 7.84533611409e-08, 4.79627075833e-08, 8.31289170833e-08, 5.77248613354e-08, 1.64701702943e-07, 5.2617401991e-08, 3.35248770966e-08, 7.48031112607e-08, 7.9719598034e-08, 9.74071951987e-08, 8.55476542938e-08, 2.8006644115e-08, 4.64892977448e-08, 4.10107610094e-08, 1.15673657319e-08, 2.6413227161e-08, 1.98244336502e-08, 2.97429370022e-08, 2.67586361957e-08, 3.01353217935e-08, 1.18756346978e-08, 2.2004366329e-08, 8.84432882486e-09, 1.7781125905e-08, 2.1542678752e-08, 9.83640724428e-09, 6.13748118994e-09, 5.12378095507e-09, 4.43976944098e-09, 5.78181680311e-09, 3.62819285726e-09, 5.71006353312e-09, 4.74683936602e-09, 2.73394529238e-09, 1.79522807731e-09, 1.51864787412e-09, 1.94572735701e-09, 1.00939856473e-09, 1.6134558134e-09, 1.31974331463e-09, 1.42345568666e-09, 1.29306465535e-09, 1.25386079297e-09, 1.21165544265e-09, 7.44325434621e-10, 1.2661676152e-09, 1.12862508228e-09, 1.23379062522e-09, 1.2114784731e-09, 1.14992038114e-09, 1.25278876162e-09, 1.43779832484e-09, 1.1680640899e-09, 1.28516808307e-09, 1.55507839938e-09, 2.15816031712e-09, 1.63433055977e-09, 1.18634935209e-09, 9.62566137908e-10, 1.44275880132e-09, 1.10177644785e-09, 1.00441566175e-09, 1.16196285926e-09, 9.92493642826e-10, 7.87034437622e-10, 7.89603549212e-10, 7.44279082809e-10, 1.04346997709e-09, 8.28706880895e-10, 5.96341809267e-10, 6.22434159769e-10, 6.26079743604e-10, 3.53863049973e-10, 3.70075389604e-13, 1.69952918926e-13, 1.47549602202e-13, 1.56585939419e-13, 1.65388319359e-13, 1.35962692927e-13, 1.37977072801e-13, 1.50255662404e-13, 1.66429709098e-13, 1.68815374006e-13, 1.63311624965e-13],
        "stdev": [1.64534003488e-06, 8.86167708813e-06, 2.21540576604e-05, 7.0161127951e-05, 0.000175629887963, 0.000218955174205, 0.000420469732489, 0.000590518582612, 0.000439541734522, 0.000749687547795, 0.00137325981632, 0.00116722728126, 0.00123906705994, 0.00261473399587, 0.00274400762282, 0.00284353550524, 0.00189944100566, 0.00152788718697, 0.000670848414302, 0.000993397086859, 0.000973327143583, 0.00128458824474, 0.000320749531966, 0.000511446618475, 0.000720939482562, 0.000450891529908, 0.000962585385423, 0.000629450543784, 0.00121748726815, 0.000684846716467, 0.000395566719817, 0.000658452627249, 0.000817835039925, 0.00039610118256, 0.000426140555646, 0.000516562140547, 0.000279545085505, 0.000484632269945, 0.000247865275014, 0.000203123083338, 0.000121621618746, 0.000496903434396, 0.000405166909331, 0.00019119650824, 0.000464147888124, 0.000645212829113, 0.000268733216217, 0.000234244740568, 0.000135172900627, 0.000228616292588, 0.000204125986784, 8.42377485242e-05, 0.00016646264703, 0.000159845003509, 6.19124693912e-05, 9.15207783692e-05, 4.20325632149e-05, 4.7196943342e-05, 2.01756811293e-05, 3.85472412745e-05, 8.01546993898e-05, 0.000118238051073, 2.18929180846e-05, 3.01807285723e-05, 6.60873411107e-05, 4.39444156655e-05, 2.02951978281e-05, 1.51532294694e-05, 2.33110786212e-05, 1.93570522242e-05, 3.74029259547e-05, 1.63353033713e-05, 1.11598974399e-05, 1.05798153527e-05, 6.36933691567e-06, 2.1471121272e-06, 1.8012954115e-06, 9.6646874681e-07, 4.59602119918e-07, 3.16815800261e-07, 4.24325804715e-07, 4.5846408625e-07, 4.16916549284e-07, 2.80580394474e-07, 1.9215902114e-07, 2.09323246736e-07, 1.24385152844e-07, 2.98575741908e-08, 3.05033651671e-08, 2.42329374345e-08, 1.8527885004e-08, 2.22824478868e-08, 3.20798250186e-08, 4.03097608626e-08, 4.61710314426e-08, 6.80677842979e-08, 4.89117439884e-08, 2.86299037811e-08, 3.38011290069e-08, 4.54766677649e-08, 1.59514996767e-08, 1.95989855456e-08, 2.03321608439e-08, 1.36476110413e-08, 8.9528828795e-09, 4.60702009875e-09, 1.58043289566e-09, 9.80810987983e-10, 7.78746900298e-10, 7.24789783746e-10, 7.19360737644e-10, 6.84697631925e-10, 6.60023424803e-10, 5.17924980681e-10, 4.95346652585e-10, 5.58679547069e-10, 8.58336735021e-10, 1.41511816154e-10, 1.37342262563e-10, 1.33884792142e-10, 1.31071861698e-10, 1.28450930448e-10, 1.25986637789e-10, 1.23587140521e-10, 1.2146300632e-10, 1.2017678519e-10, 1.18822326978e-10, 1.18354909207e-10]
    },
    "mfcc": {
        "mean": [-699.981994629, 190.994628906, -54.9512672424, 20.3278236389, -5.61022996902, -24.3660869598, 3.93573689461, -24.4575157166, -11.8004350662, -1.76386082172, -12.8440332413, -6.32319259644, -7.42219161987],
        "cov": [[1382.64978027, -189.557525635, -719.171936035, 215.137985229, -351.18850708, -256.440917969, 260.672637939, -91.3170776367, 72.5390167236, 162.450744629, -75.8492660522, 52.1401062012, 60.7876548767], [-189.557525635, 445.550354004, 108.872779846, -125.116027832, 97.0294418335, 62.4530487061, 21.2066383362, 26.258895874, -36.6953430176, -2.37446737289, 5.89588165283, -35.0277099609, -46.1980934143], [-719.171936035, 108.872779846, 706.531311035, -24.3707275391, 210.15071106, 210.035430908, -208.037033081, 46.1138038635, -58.5313453674, -164.338439941, 62.7423706055, -21.2199726105, -36.2335090637], [215.137985229, -125.116027832, -24.3707275391, 363.76461792, 81.6833877563, -103.536659241, -44.728187561, -28.275762558, 25.2822990417, -26.5420818329, -41.3865661621, 25.8991832733, 28.46301651], [-351.18850708, 97.0294418335, 210.15071106, 81.6833877563, 327.683807373, 104.96937561, -158.371261597, 65.1326980591, 35.7099227905, -73.9119338989, 13.2435922623, -58.3895721436, -59.6162109375], [-256.440917969, 62.4530487061, 210.035430908, -103.536659241, 104.96937561, 244.821502686, -14.1828098297, 30.8176250458, 8.43553638458, -43.7402076721, 21.502286911, -58.6805648804, -37.6346893311], [260.672637939, 21.2066383362, -208.037033081, -44.728187561, -158.371261597, -14.1828098297, 261.663696289, -25.9161300659, -30.1345558167, 91.0030441284, -82.0597457886, -6.30940485001, 45.0208129883], [-91.3170776367, 26.258895874, 46.1138038635, -28.275762558, 65.1326980591, 30.8176250458, -25.9161300659, 120.157958984, 49.6537780762, -35.8565940857, 5.44025707245, -24.8662643433, -15.7520494461], [72.5390167236, -36.6953430176, -58.5313453674, 25.2822990417, 35.7099227905, 8.43553638458, -30.1345558167, 49.6537780762, 112.38785553, 27.9662475586, -5.82732582092, -20.64453125, -10.6064414978], [162.450744629, -2.37446737289, -164.338439941, -26.5420818329, -73.9119338989, -43.7402076721, 91.0030441284, -35.8565940857, 27.9662475586, 133.349319458, -6.4881439209, -5.17860794067, 15.1885547638], [-75.8492660522, 5.89588165283, 62.7423706055, -41.3865661621, 13.2435922623, 21.502286911, -82.0597457886, 5.44025707245, -5.82732582092, -6.4881439209, 130.809387207, 50.76197052, -32.6901130676], [52.1401062012, -35.0277099609, -21.2199726105, 25.8991832733, -58.3895721436, -58.6805648804, -6.30940485001, -24.8662643433, -20.64453125, -5.17860794067, 50.76197052, 134.802993774, 57.8402061462], [60.7876548767, -46.1980934143, -36.2335090637, 28.46301651, -59.6162109375, -37.6346893311, 45.0208129883, -15.7520494461, -10.6064414978, 15.1885547638, -32.6901130676, 57.8402061462, 127.841629028]],
        "icov": [[0.00286944909021, -0.000698583666235, 0.00234642275609, -0.0027276694309, 0.00304806651548, -0.000888041511644, -0.000348429195583, 0.000377220247174, -0.00152750790585, 0.000850538606755, -0.00089301582193, 0.000617031415459, 0.000249341333983], [-0.000698583666235, 0.00360491452739, -0.00133688980713, 0.00248173810542, -0.00328848720528, 0.00179731415119, -0.00218117143959, 0.000428736559115, 0.00052806828171, -7.14423877071e-05, -0.000208720302908, -0.000262169545749, 0.000637508754153], [0.00234642275609, -0.00133688980713, 0.00583939952776, -0.00346075301059, 0.00367710739374, -0.00506787095219, 0.00434978958219, -0.00231920229271, 0.0033131763339, -0.000251384743024, 0.00112566584721, -0.000445817539003, 2.62654648395e-05], [-0.0027276694309, 0.00248173810542, -0.00346075301059, 0.00897172559053, -0.00772515917197, 0.00638001179323, -0.00431021256372, 0.00502533093095, -0.00378388096578, 0.00389999779873, -0.000662524776999, -3.31107548845e-05, -0.00130345288198], [0.00304806651548, -0.00328848720528, 0.00367710739374, -0.00772515917197, 0.0138747571036, -0.0080582164228, 0.00905340816826, -0.00650694407523, 0.00358292926103, -0.0044947238639, 0.00432180427015, -0.000529742217623, 0.00240847095847], [-0.000888041511644, 0.00179731415119, -0.00506787095219, 0.00638001179323, -0.0080582164228, 0.0154246110469, -0.0122526986524, 0.00893097929657, -0.0107586700469, 0.00989664159715, -0.0092014586553, 0.00655920989811, -0.00297562335618], [-0.000348429195583, -0.00218117143959, 0.00434978958219, -0.00431021256372, 0.00905340816826, -0.0122526986524, 0.0220295488834, -0.0124536417425, 0.015936229378, -0.0157078057528, 0.0152088562027, -0.00679331226274, 0.00304329837672], [0.000377220247174, 0.000428736559115, -0.00231920229271, 0.00502533093095, -0.00650694407523, 0.00893097929657, -0.0124536417425, 0.0224866960198, -0.0178597308695, 0.0155291380361, -0.0103274919093, 0.00677031418309, -0.00408012000844], [-0.00152750790585, 0.00052806828171, 0.0033131763339, -0.00378388096578, 0.00358292926103, -0.0107586700469, 0.015936229378, -0.0178597308695, 0.0288360994309, -0.0181613229215, 0.0122448829934, -0.0062731760554, 0.00390898622572], [0.000850538606755, -7.14423877071e-05, -0.000251384743024, 0.00389999779873, -0.0044947238639, 0.00989664159715, -0.0157078057528, 0.0155291380361, -0.0181613229215, 0.0267137810588, -0.0144482059404, 0.00952480733395, -0.00579174002632], [-0.00089301582193, -0.000208720302908, 0.00112566584721, -0.000662524776999, 0.00432180427015, -0.0092014586553, 0.0152088562027, -0.0103274919093, 0.0122448829934, -0.0144482059404, 0.0255455318838, -0.0151561880484, 0.00961574725807], [0.000617031415459, -0.000262169545749, -0.000445817539003, -3.31107548845e-05, -0.000529742217623, 0.00655920989811, -0.00679331226274, 0.00677031418309, -0.0062731760554, 0.00952480733395, -0.0151561880484, 0.0201014988124, -0.0102189555764], [0.000249341333983, 0.000637508754153, 2.62654648395e-05, -0.00130345288198, 0.00240847095847, -0.00297562335618, 0.00304329837672, -0.00408012000844, 0.00390898622572, -0.00579174002632, 0.00961574725807, -0.0102189555764, 0.0149990022182]]
    },
    "spectral_contrast_coeffs": {
        "max": [-0.333715707064, -0.356616914272, -0.451640844345, -0.50207054615, -0.564851522446, -0.630865395069],
        "mean": [-0.620981752872, -0.683062136173, -0.697887897491, -0.724965453148, -0.743843436241, -0.804556131363],
        "min": [-0.900736451149, -0.903020203114, -0.886361837387, -0.911240816116, -0.876025915146, -0.956711411476],
        "stdev": [0.0685650631785, 0.0886044725776, 0.0896980687976, 0.0655888095498, 0.0563947670162, 0.0329631008208]
    },
    "spectral_contrast_valleys": {
        "max": [-5.88368749619, -4.84878778458, -5.87854385376, -6.36318588257, -5.81237888336, -9.89808082581],
        "mean": [-7.43252944946, -6.6251115799, -7.61356782913, -7.86092662811, -8.20895957947, -11.9227542877],
        "min": [-9.34892940521, -8.89753341675, -8.99553585052, -9.05088424683, -10.0080003738, -12.2998533249],
        "stdev": [0.602976918221, 0.55797970295, 0.57774913311, 0.429121345282, 0.609153389931, 0.25885412097]
    }
},
"rhythm": {
    "beats_count": 79,
    "beats_loudness": {
        "max": 0.0561155565083,
        "mean": 0.0292202252895,
        "min": 0.00531157711521,
        "stdev": 0.0124047482386
    },
    "bpm": 148.350799561,
    "bpm_histogram_first_peak_bpm": 148,
    "bpm_histogram_first_peak_weight": 0.45454543829,
    "bpm_histogram_second_peak_bpm": 157,
    "bpm_histogram_second_peak_spread": 0,
    "bpm_histogram_second_peak_weight": 0.0769230797887,
    "danceability": 1.17737257481,
    "onset_rate": 2.52246069908,
    "beats_loudness_band_ratio": {
        "max": [0.568980932236, 0.921036303043, 0.874938666821, 0.839003503323, 0.730231642723, 0.191801413894],
        "mean": [0.0834073275328, 0.355750769377, 0.282416373491, 0.191860094666, 0.108223348856, 0.0255573317409],
        "min": [0.00400124629959, 0.0294014625251, 0.0134746236727, 0.0047289323993, 0.00240555801429, 0.000466193800094],
        "stdev": [0.100442484021, 0.266399502754, 0.197459623218, 0.200124800205, 0.126839503646, 0.0394487455487]
    },
    "beats_position": [0.46439909935, 0.940408170223, 1.40480720997, 1.88081634045, 2.34521532059, 2.82122445107, 3.20435357094, 3.58748292923, 3.97061228752, 4.3653512001, 4.77170038223, 5.17804956436, 5.5727891922, 5.9675283432, 6.3622674942, 6.74539661407, 7.14013576508, 7.5464849472, 7.95283412933, 8.35918331146, 8.75392246246, 9.14866161346, 9.55501079559, 9.96135997772, 10.3677091599, 10.774058342, 11.1804075241, 11.5751476288, 11.9698867798, 12.3762359619, 12.782585144, 13.1889343262, 13.5836734772, 13.9784126282, 14.3847618103, 14.7911109924, 15.1974601746, 15.6038093567, 16.0101585388, 16.4048976898, 16.8112468719, 17.2175960541, 17.6239452362, 18.0302944183, 18.4366436005, 18.8313827515, 19.2493419647, 19.6440811157, 20.0504302979, 20.45677948, 20.851518631, 21.2694778442, 21.6642169952, 22.0589561462, 22.4536952972, 22.8600444794, 23.2663936615, 23.6843528748, 24.0907020569, 24.4738311768, 24.8685703278, 25.2516994476, 25.6580486298, 26.076007843, 26.4939670563, 26.9119262695, 27.3182754517, 27.7246246338, 28.142583847, 28.5489330292, 28.9552822113, 29.3500213623, 29.7563705444, 30.1627197266, 30.5806789398, 30.9986381531, 31.4049873352, 31.8345565796, 32.2525177002],
