{
"metadata": {
    "version": {
        "essentia": "2.1-beta5",
        "essentia_git_sha": "Undefined",
        "extractor": "music 2.0"
    },
    "audio_properties": {
        "analysis": {
            "equal_loudness": 0,
            "length": 48.7502937317,
            "sample_rate": 44100,
            "start_time": 12.7477550507,
            "downmix": "mix"
        },
        "bit_rate": 192000,
        "length": 189.683807373,
        "lossless": 0,
        "number_channels": 2,
        "replay_gain": -4.68277359009,
        "sample_rate": 48000,
        "codec": "mp3",
        "md5_encoded": "b966ef7941b91b8a7906f3a9128ca77b"
    },
    "tags": {
        "file_name": "France_C_est Le Dernier Qui A Parlé Qui A Raison_Amina.mp3",
        "encoding": ["Lavf58.29.100"]
    }
},
"lowlevel": {
    "average_loudness": 0.963308990002,
    "barkbands_crest": {
        "max": 25.7384910583,
        "mean": 12.9338979721,
        "min": 3.2342247963,
        "stdev": 5.01989078522
    },
    "barkbands_flatness_db": {
        "max": 0.387975841761,
        "mean": 0.18277387321,
        "min": 0.0451452285051,
        "stdev": 0.052591457963
    },
    "barkbands_kurtosis": {
        "max": 130.083007812,
        "mean": 7.08529996872,
        "min": -1.87340247631,
        "stdev": 11.5988788605
    },
    "barkbands_skewness": {
        "max": 8.48448944092,
        "mean": 1.98097932339,
        "min": -1.2378718853,
        "stdev": 1.40048646927
    },
    "barkbands_spread": {
        "max": 94.2873458862,
        "mean": 16.0054893494,
        "min": 0.640094041824,
        "stdev": 13.5338277817
    },
    "dissonance": {
        "max": 0.499999970198,
        "mean": 0.447256237268,
        "min": 0.249514102936,
        "stdev": 0.0313117615879
    },
    "dynamic_complexity": 2.65652322769,
    "erbbands_crest": {
        "max": 30.6133899689,
        "mean": 12.1349382401,
        "min": 2.6084280014,
        "stdev": 5.36068534851
    },
    "erbbands_flatness_db": {
        "max": 0.388379752636,
        "mean": 0.215838730335,
        "min": 0.0742197260261,
        "stdev": 0.0529594868422
    },
    "erbbands_kurtosis": {
        "max": 69.8088226318,
        "mean": 0.80172586441,
        "min": -1.82117879391,
        "stdev": 4.2052936554
    },
    "erbbands_skewness": {
        "max": 7.47039031982,
        "mean": 0.79929715395,
        "min": -1.93149614334,
        "stdev": 0.865709483624
    },
    "erbbands_spread": {
        "max": 146.579711914,
        "mean": 35.0428085327,
        "min": 2.16597652435,
        "stdev": 19.3258552551
    },
    "hfc": {
        "max": 115.19947052,
        "mean": 18.092754364,
        "min": 0.601846456528,
        "stdev": 14.4749040604
    },
    "loudness_ebu128": {
        "integrated": -18.625415802,
        "loudness_range": 2.17410087585,
        "momentary": {
            "max": -15.4980735779,
            "mean": -19.0806884766,
            "min": -27.1978034973,
            "stdev": 2.2432513237
        },
        "short_term": {
            "max": -17.0335559845,
            "mean": -18.6687316895,
            "min": -19.944726944,
            "stdev": 0.674702048302
        }
    },
    "melbands_crest": {
        "max": 31.167722702,
        "mean": 15.7225017548,
        "min": 3.71799063683,
        "stdev": 5.18045902252
    },
    "melbands_flatness_db": {
        "max": 0.449396282434,
        "mean": 0.223575204611,
        "min": 0.0467657037079,
        "stdev": 0.0629748478532
    },
    "melbands_kurtosis": {
        "max": 236.904876709,
        "mean": 16.0339832306,
        "min": -1.54801356792,
        "stdev": 20.074005127
    },
    "melbands_skewness": {
        "max": 10.779463768,
        "mean": 2.88078451157,
        "min": -0.496880054474,
        "stdev": 1.64646160603
    },
    "melbands_spread": {
        "max": 146.09034729,
        "mean": 17.7320594788,
        "min": 0.621382236481,
        "stdev": 14.5074148178
    },
    "pitch_salience": {
        "max": 0.854935109615,
        "mean": 0.503778159618,
        "min": 0.0702461972833,
        "stdev": 0.125833973289
    },
    "silence_rate_20dB": {
        "max": 1,
        "mean": 1,
        "min": 1,
        "stdev": 0
    },
    "silence_rate_30dB": {
        "max": 1,
        "mean": 1,
        "min": 1,
        "stdev": 0
    },
    "silence_rate_60dB": {
        "max": 1,
        "mean": 0.0599714405835,
        "min": 0,
        "stdev": 0.237432122231
    },
    "spectral_centroid": {
        "max": 4088.29199219,
        "mean": 1160.00219727,
        "min": 305.521789551,
        "stdev": 615.003967285
    },
    "spectral_complexity": {
        "max": 46,
        "mean": 14.2070446014,
        "min": 2,
        "stdev": 6.32074117661
    },
    "spectral_decrease": {
        "max": -1.89512489035e-10,
        "mean": -5.91099436065e-09,
        "min": -2.06721058049e-08,
        "stdev": 3.87943455138e-09
    },
    "spectral_energy": {
        "max": 0.0801024585962,
        "mean": 0.0239505767822,
        "min": 0.000774710788392,
        "stdev": 0.0153239713982
    },
    "spectral_energyband_high": {
        "max": 0.0117199672386,
        "mean": 0.000462997326395,
        "min": 3.92066294808e-06,
        "stdev": 0.00105250661727
    },
    "spectral_energyband_low": {
        "max": 0.0407177731395,
        "mean": 0.00108104408719,
        "min": 6.72188480166e-06,
        "stdev": 0.00300845736638
    },
    "spectral_energyband_middle_high": {
        "max": 0.0449225790799,
        "mean": 0.0053724818863,
        "min": 8.55134276208e-05,
        "stdev": 0.0068968613632
    },
    "spectral_energyband_middle_low": {
        "max": 0.0762474015355,
        "mean": 0.0173206329346,
        "min": 6.26256369287e-05,
        "stdev": 0.0141486339271
    },
    "spectral_entropy": {
        "max": 8.74345779419,
        "mean": 7.18580341339,
        "min": 5.19184494019,
        "stdev": 0.471711963415
    },
    "spectral_flux": {
        "max": 0.278598070145,
        "mean": 0.0714204907417,
        "min": 0.0108273839578,
        "stdev": 0.0373617373407
    },
    "spectral_kurtosis": {
        "max": 26.1594753265,
        "mean": 5.5744228363,
        "min": -1.34568405151,
        "stdev": 3.35103178024
    },
    "spectral_rms": {
        "max": 0.00884017720819,
        "mean": 0.00453009968624,
        "min": 0.000869376410265,
        "stdev": 0.00168658955954
    },
    "spectral_rolloff": {
        "max": 12338.5253906,
        "mean": 1467.73669434,
        "min": 193.798828125,
        "stdev": 1737.34289551
    },
    "spectral_skewness": {
        "max": 3.78537106514,
        "mean": 1.56829702854,
        "min": 0.122694216669,
        "stdev": 0.541906416416
    },
    "spectral_spread": {
        "max": 17444314,
        "mean": 3896021.75,
        "min": 2001074.25,
        "stdev": 1946497.625
    },
    "spectral_strongpeak": {
        "max": 10.7920122147,
        "mean": 1.54133021832,
        "min": 0.0293996967375,
        "stdev": 1.2840141058
    },
    "zerocrossingrate": {
        "max": 0.36279296875,
        "mean": 0.054336104542,
        "min": 0.01123046875,
        "stdev": 0.0411590784788
    },
    "barkbands": {
        "max": [0.00114469905384, 0.0221692230552, 0.0255487076938, 0.0211669262499, 0.0737843289971, 0.0686400160193, 0.0387348420918, 0.0319811068475, 0.0200918633491, 0.00899558886886, 0.0353797078133, 0.0255359169096, 0.0120637901127, 0.00888096075505, 0.00827503949404, 0.00579794403166, 0.0073127723299, 0.00568829663098, 0.00809459481388, 0.00334648485295, 0.00346202868968, 0.00478090206161, 0.00430539948866, 0.00863096583635, 0.0070143523626, 0.0026413500309, 4.38649567513e-06],
        "mean": [4.79552400066e-05, 0.000580401101615, 0.000316017889418, 0.000510175188538, 0.0063616973348, 0.00589349027723, 0.00173302006442, 0.0019979022909, 0.000568678718992, 0.000465468328912, 0.00183544820175, 0.000946225132793, 0.000259079795796, 0.00033484204323, 0.000143448560266, 0.000161625517649, 0.000347171677276, 0.000393867550883, 0.000452940614196, 0.000239432032686, 8.30445424072e-05, 4.62311472802e-05, 6.44779356662e-05, 7.14008929208e-05, 7.01953540556e-05, 2.63155707216e-05, 3.31814682397e-08],
        "min": [1.31114560986e-07, 1.617135581e-06, 6.46931681558e-08, 1.37134634315e-07, 3.95450842916e-06, 1.05838698801e-05, 6.954640412e-06, 3.51449102709e-06, 1.75630418653e-06, 5.37068490303e-06, 1.8268169697e-06, 1.28465944726e-06, 1.01002376596e-06, 2.07879247682e-06, 1.36867083711e-06, 2.31962371799e-06, 3.56195073437e-06, 2.7293506264e-06, 2.55173654296e-06, 2.49631170846e-06, 7.44015267173e-07, 3.81604309041e-07, 3.07920913656e-07, 2.03709959123e-07, 8.85122162231e-08, 7.95851384794e-09, 5.05168372411e-11],
        "stdev": [7.08856532583e-05, 0.00191622704733, 0.00142094388139, 0.00177438755054, 0.00901386886835, 0.00999337527901, 0.00418954435736, 0.00313773774542, 0.00147268734872, 0.000863092602231, 0.00401749787852, 0.00281248497777, 0.000668033666443, 0.000678393640555, 0.00042600458255, 0.000259161373833, 0.000515318533871, 0.000653470400721, 0.000764206633903, 0.000418094015913, 0.000199653964955, 0.000168590748217, 0.000225678275456, 0.00034080282785, 0.000384065933758, 0.000143192097312, 2.36864181602e-07]
    },
    "erbbands": {
        "max": [0.575282931328, 6.16192579269, 28.9066066742, 39.9757804871, 166.895690918, 311.734954834, 449.939483643, 585.891113281, 659.664367676, 620.47869873, 293.720245361, 540.082092285, 375.071563721, 380.928161621, 1783.33813477, 1285.1159668, 626.168273926, 464.428924561, 514.303955078, 310.349121094, 400.935516357, 319.518127441, 361.268585205, 270.575531006, 462.856048584, 191.584274292, 142.666610718, 155.057800293, 160.626861572, 100.302597046, 133.805831909, 199.100296021, 170.757904053, 80.0570831299, 53.4210090637, 19.3720588684, 1.94210541248, 0.0948419198394, 0.00224150205031, 0.000225399722694],
        "mean": [0.0139562059194, 0.140775665641, 0.355015546083, 1.06121480465, 6.36766004562, 24.2198829651, 45.3630218506, 46.8226470947, 30.2142829895, 43.2426872253, 21.0397624969, 15.9044628143, 15.3544063568, 15.5896091461, 101.631813049, 32.3523139954, 14.3139104843, 14.9957227707, 11.9916219711, 8.00815010071, 11.1136627197, 15.9485025406, 20.6770477295, 24.9992790222, 20.8832740784, 11.2572364807, 5.41514730453, 2.36011481285, 1.72580564022, 1.3846988678, 2.06835269928, 1.23187279701, 1.34551560879, 0.710408806801, 0.565968513489, 0.194739818573, 0.0291349235922, 0.00128433748614, 5.05620191689e-05, 3.17231897498e-05],
        "min": [6.72898750054e-05, 0.000117042625789, 0.000501027214341, 0.00127482612152, 0.00564836990088, 0.0126455975696, 0.033428940922, 0.127748802304, 0.170408457518, 0.146164521575, 0.0740307420492, 0.0943113788962, 0.210166305304, 0.10572271049, 0.0942378565669, 0.100682355464, 0.121716827154, 0.173085838556, 0.104688324034, 0.120759285986, 0.175106719136, 0.185715138912, 0.174783349037, 0.158044353127, 0.0989738404751, 0.0953123420477, 0.0472330451012, 0.0251073166728, 0.0159780886024, 0.00748824048787, 0.0087978253141, 0.00458253314719, 0.00319181848317, 0.00113018299453, 0.000623001600616, 0.00012276074267, 4.39230916527e-06, 4.16702221173e-07, 4.72296704856e-07, 9.32168404688e-07],
        "stdev": [0.0438135489821, 0.491375297308, 1.58996856213, 2.88649153709, 13.6980381012, 39.0007667542, 65.7751312256, 83.9131011963, 77.6707458496, 67.2402496338, 29.71068573, 38.6397514343, 29.5655250549, 28.2627906799, 218.266708374, 97.5050964355, 34.1552886963, 28.9070644379, 30.4450473785, 16.8266944885, 16.3969612122, 24.3748760223, 32.5815238953, 39.8351402283, 37.9935760498, 19.8283996582, 11.1779737473, 6.66492843628, 6.17221212387, 5.00029039383, 7.65885686874, 5.52119731903, 6.77239513397, 3.69360589981, 3.32023239136, 1.07551336288, 0.140548318624, 0.00661538355052, 0.000182000891073, 2.36223422689e-05]
    },
    "gfcc": {
        "mean": [-37.0673446655, 106.064712524, -147.632232666, 22.2894535065, -77.470123291, -9.34590816498, -50.8463668823, 5.02687549591, -32.6183242798, -5.1835899353, 2.17984080315, 0.158508807421, 0.622988939285],
        "cov": [[2187.36669922, -617.573852539, 299.886138916, 182.119979858, 7.28760671616, 213.694229126, -35.3354606628, 90.3877944946, -112.561637878, 57.5589942932, -126.390518188, -0.767638623714, -143.925445557], [-617.573852539, 1066.24841309, -234.997955322, -59.397026062, 148.460830688, -232.243545532, 173.286956787, -102.338684082, 48.2589645386, -188.216079712, 138.439666748, -151.997711182, 106.277839661], [299.886138916, -234.997955322, 1263.58959961, 78.8783798218, -49.1190719604, 287.781036377, -381.143035889, 3.29245781898, -124.612548828, -37.3656387329, -348.900482178, 51.4687232971, -62.098323822], [182.119979858, -59.397026062, 78.8783798218, 282.336547852, 40.5337982178, 12.1508493423, -15.8036813736, -11.538517952, 30.087934494, 5.56137895584, -77.2597045898, -8.93587970734, -11.4149980545], [7.28760671616, 148.460830688, -49.1190719604, 40.5337982178, 156.792144775, 25.4713535309, 62.5711250305, 9.10383892059, -0.675644278526, -1.59814715385, 21.162361145, -30.0044136047, -7.32435750961], [213.694229126, -232.243545532, 287.781036377, 12.1508493423, 25.4713535309, 289.664794922, -0.442888528109, 54.8263702393, -56.1394805908, 50.9235954285, -79.3997421265, 32.7075996399, -73.9830245972], [-35.3354606628, 173.286956787, -381.143035889, -15.8036813736, 62.5711250305, -0.442888528109, 333.314239502, 55.9751052856, 40.893737793, 33.6088905334, 172.94708252, -15.5212659836, -22.8655033112], [90.3877944946, -102.338684082, 3.29245781898, -11.538517952, 9.10383892059, 54.8263702393, 55.9751052856, 114.597488403, 19.4413509369, 38.8934707642, 21.2887325287, 7.40932512283, -22.5116481781], [-112.561637878, 48.2589645386, -124.612548828, 30.087934494, -0.675644278526, -56.1394805908, 40.893737793, 19.4413509369, 130.364456177, 36.4176673889, 39.1095352173, 3.87983441353, 5.34048318863], [57.5589942932, -188.216079712, -37.3656387329, 5.56137895584, -1.59814715385, 50.9235954285, 33.6088905334, 38.8934707642, 36.4176673889, 138.487182617, 26.3009796143, 43.8351287842, -25.4157085419], [-126.390518188, 138.439666748, -348.900482178, -77.2597045898, 21.162361145, -79.3997421265, 172.94708252, 21.2887325287, 39.1095352173, 26.3009796143, 231.566055298, 0.944910824299, 26.2644252777], [-0.767638623714, -151.997711182, 51.4687232971, -8.93587970734, -30.0044136047, 32.7075996399, -15.5212659836, 7.40932512283, 3.87983441353, 43.8351287842, 0.944910824299, 101.548484802, 11.5124349594], [-143.925445557, 106.277839661, -62.098323822, -11.4149980545, -7.32435750961, -73.9830245972, -22.8655033112, -22.5116481781, 5.34048318863, -25.4157085419, 26.2644252777, 11.5124349594, 114.992881775]],
        "icov": [[0.000670279026963, 0.000585184607189, -0.000214324332774, -0.0002915552177, -0.000305982423015, 0.000208198631299, -0.000394873059122, -4.53776701761e-05, 0.000380015000701, 0.000268300878815, -0.000124481332023, 0.000598645186983, 0.000190615857719], [0.000585184607189, 0.00462687946856, -0.00189400359523, 0.0014788126573, -0.00353897921741, 0.00227409764193, -0.00404181657359, 0.003601413453, -0.00245280354284, 0.00351924728602, -0.00071853765985, 0.00424300460145, -0.00264971307479], [-0.000214324332774, -0.00189400359523, 0.00290661188774, -0.000851320510264, 0.00150306010619, -0.00255025131628, 0.00348046328872, -0.00215710187331, 0.00138386560138, -0.000544279988389, 0.00137283641379, -0.00242334511131, 0.00143657694571], [-0.0002915552177, 0.0014788126573, -0.000851320510264, 0.00543973175809, -0.00256945868023, 0.00121510075405, -0.00233053416014, 0.00233807158656, -0.00283433566801, 0.000756419380195, 0.00220997515135, 0.00136186764576, -0.00138127303217], [-0.000305982423015, -0.00353897921741, 0.00150306010619, -0.00256945868023, 0.0106831258163, -0.00309384264983, 0.00197165692225, -0.0026713446714, 0.00235736067407, -0.00275923684239, -0.00014722024207, -0.000692959642038, 0.00138714851346], [0.000208198631299, 0.00227409764193, -0.00255025131628, 0.00121510075405, -0.00309384264983, 0.00887173321098, -0.00423907767981, -1.71610809048e-05, 0.0014219203731, -0.00063872867031, 0.0015306690475, 0.000484797172248, 0.000961401965469], [-0.000394873059122, -0.00404181657359, 0.00348046328872, -0.00233053416014, 0.00197165692225, -0.00423907767981, 0.0113306660205, -0.00527259847149, 0.00196448597126, -0.00191536697093, -0.00351547496393, -0.00364477699623, 0.00416181795299], [-4.53776701761e-05, 0.003601413453, -0.00215710187331, 0.00233807158656, -0.0026713446714, -1.71610809048e-05, -0.00527259847149, 0.0149676864967, -0.00458313291892, 0.000949278124608, -0.000927139946725, 0.00405230885372, -0.00238877418451], [0.000380015000701, -0.00245280354284, 0.00138386560138, -0.00283433566801, 0.00235736067407, 0.0014219203731, 0.00196448597126, -0.00458313291892, 0.0128813227639, -0.00494610518217, 0.00017773732543, -0.00236232066527, 0.00227135932073], [0.000268300878815, 0.00351924728602, -0.000544279988389, 0.000756419380195, -0.00275923684239, -0.00063872867031, -0.00191536697093, 0.000949278124608, -0.00494610518217, 0.0141899641603, -0.00192170054652, -0.00127976841759, 1.57440117619e-05], [-0.000124481332023, -0.00071853765985, 0.00137283641379, 0.00220997515135, -0.00014722024207, 0.0015306690475, -0.00351547496393, -0.000927139946725, 0.00017773732543, -0.00192170054652, 0.0110691040754, -0.00172540300991, -0.00122454250231], [0.000598645186983, 0.00424300460145, -0.00242334511131, 0.00136186764576, -0.000692959642038, 0.000484797172248, -0.00364477699623, 0.00405230885372, -0.00236232066527, -0.00127976841759, -0.00172540300991, 0.0176256708801, -0.00555294612423], [0.000190615857719, -0.00264971307479, 0.00143657694571, -0.00138127303217, 0.00138714851346, 0.000961401965469, 0.00416181795299, -0.00238877418451, 0.00227135932073, 1.57440117619e-05, -0.00122454250231, -0.00555294612423, 0.0138227343559]]
    },
    "melbands": {
        "max": [0.00515845324844, 0.0116548528895, 0.00908695161343, 0.0197653360665, 0.0144746107981, 0.0127163026482, 0.00921693537384, 0.00767898093909, 0.00213037501089, 0.00351995136589, 0.00180526089389, 0.00161457702052, 0.00521649094298, 0.00345150241628, 0.00191947771236, 0.000850320036989, 0.000898708531167, 0.00106182240415, 0.000305231602397, 0.000282353285002, 0.000542423804291, 0.000310684961732, 0.000345677370206, 0.000435828755144, 0.000281345477561, 0.000378151336918, 0.000229801909882, 0.000156656795298, 9.42981932894e-05, 0.000108159219963, 9.19111262192e-05, 9.20442907955e-05, 8.51418808452e-05, 5.44799040654e-05, 8.18418266135e-05, 5.4120162531e-05, 0.000191734376131, 0.000178741014679, 4.97092842124e-05, 9.20884558582e-05],
        "mean": [0.000149797881022, 0.000188324105693, 0.000322039879393, 0.00102278357372, 0.00163903774228, 0.00107917771675, 0.000407443993026, 0.000500213471241, 0.000140982534504, 9.28521185415e-05, 7.28459126549e-05, 4.34024223068e-05, 0.000290390133159, 0.000176418863703, 3.66536951333e-05, 2.07717512239e-05, 3.08692142426e-05, 2.20021629502e-05, 9.23111838347e-06, 1.18947464216e-05, 1.4469233065e-05, 1.59030823852e-05, 1.96653199964e-05, 2.00370996026e-05, 2.07614903047e-05, 1.39979028972e-05, 1.25748565551e-05, 6.43249086352e-06, 3.61517027159e-06, 2.21810114454e-06, 1.12282168629e-06, 1.07697223939e-06, 6.84067060774e-07, 8.10487392755e-07, 1.24463224438e-06, 8.6990115733e-07, 7.37268123885e-07, 1.01188391e-06, 7.41708333862e-07, 5.69339874801e-07],
        "min": [9.10577114155e-07, 1.82905068868e-07, 2.68966658723e-07, 6.71786835937e-07, 8.37434299683e-07, 2.10410189538e-06, 1.23829931908e-06, 1.31024125949e-06, 6.41371855181e-07, 5.01978774992e-07, 5.33806769454e-07, 3.16130893907e-07, 2.32434558711e-07, 3.62718253655e-07, 1.2360497692e-07, 8.71970726735e-08, 2.19026574655e-07, 1.1101469255e-07, 1.21856302826e-07, 1.63800891073e-07, 1.92138600141e-07, 1.56808070528e-07, 1.39834838819e-07, 1.19423560818e-07, 1.1718101689e-07, 8.42609750862e-08, 8.01935726713e-08, 4.70278038733e-08, 2.94097421971e-08, 1.61003885779e-08, 6.58407417475e-09, 6.45457287618e-09, 5.32585886504e-09, 3.98244370814e-09, 4.46488401806e-09, 1.94754012917e-09, 2.81063372576e-09, 2.08700501325e-09, 1.3399280574e-09, 6.99960645001e-10],
        "stdev": [0.000465799821541, 0.000701839511748, 0.000787937315181, 0.00153585441876, 0.00217739120126, 0.00187354453374, 0.0010522013763, 0.000787477125414, 0.00019881920889, 0.000238511827774, 0.000147461221786, 0.000109799701022, 0.00061724090483, 0.000431199325249, 0.000109274253191, 4.77597968711e-05, 6.24910535407e-05, 5.74830373807e-05, 2.0762121494e-05, 2.08352666959e-05, 2.35496881942e-05, 2.52058616752e-05, 3.3342410461e-05, 3.75001473003e-05, 3.63177750842e-05, 2.76142618532e-05, 2.21385344048e-05, 1.30396674649e-05, 7.64453398006e-06, 5.78115259486e-06, 3.85793464375e-06, 3.7422182686e-06, 2.88378669211e-06, 3.00741180581e-06, 4.87155375595e-06, 2.6172131129e-06, 4.69416636406e-06, 5.87791646467e-06, 3.33225580107e-06, 3.44954355569e-06]
    },
    "melbands128": {
        "max": [0.000800520007033, 0.00395252695307, 0.00896600075066, 0.0129759712145, 0.0170304700732, 0.0118058435619, 0.00944919232279, 0.0153439901769, 0.0192597154528, 0.0346904806793, 0.0210893377662, 0.0306990481913, 0.0229927040637, 0.030350683257, 0.0204426478595, 0.0204718075693, 0.0198181793094, 0.0165313314646, 0.0120688546449, 0.00946598500013, 0.0126774189994, 0.00455740094185, 0.00252267811447, 0.00695635471493, 0.00543036917225, 0.00585134420544, 0.00481011159718, 0.00315274205059, 0.00152032775804, 0.00237029115669, 0.00237591261975, 0.00303762918338, 0.00754061993212, 0.011147971265, 0.00756803574041, 0.00596673833206, 0.00734283728525, 0.00123294303194, 0.00304252956994, 0.00186685705557, 0.000334811164066, 0.000644695828669, 0.00208986760117, 0.00208359304816, 0.00185199151747, 0.0015007473994, 0.00131621502806, 0.000470980070531, 0.000650214089546, 0.000968669191934, 0.000529092387296, 0.000286226801109, 0.00122736545745, 0.000630161026493, 0.000638596364297, 0.000702520192135, 0.000757072761189, 0.000739338225685, 0.000464368495159, 0.000930448819418, 0.000799787812866, 0.000621150422376, 0.000585159577895, 0.000430156214861, 0.000383047969081, 0.000469416350825, 0.000868882576469, 0.000693378737196, 0.000374182389351, 0.000354654970579, 0.000315182725899, 0.000204259878956, 0.00021934628603, 0.000125393562485, 0.000188552439795, 0.000163212040206, 0.000129029562231, 7.04377162037e-05, 8.62214292283e-05, 0.000150484323967, 6.57628406771e-05, 0.000110950910312, 0.000115610018838, 6.77749630995e-05, 9.05746564968e-05, 6.84429032844e-05, 7.76824745117e-05, 0.000124709506053, 7.87121098256e-05, 0.000195892236661, 6.65400293656e-05, 3.08798480546e-05, 3.64753759641e-05, 0.000174642904312, 0.000399556622142, 0.000285661546513, 0.000210871367017, 6.08578884567e-05, 7.1095986641e-05, 6.81634483044e-05, 3.74309493054e-05, 0.000153723987751, 0.000115751492558, 0.000101221667137, 0.00011744848598, 5.99345585215e-05, 4.14272944909e-05, 7.918272604e-05, 2.62862704403e-05, 2.98314844258e-05, 2.36085197685e-05, 7.68477548263e-06, 4.57700525658e-06, 2.71484350378e-06, 2.59094781541e-06, 1.31371541556e-06, 2.46238016643e-07, 1.08586037939e-08, 1.05279429619e-08, 1.02655297596e-08, 9.98520377493e-09, 9.7644763386e-09, 9.56101153804e-09, 9.40526767579e-09, 9.25636722826e-09, 9.1586551676e-09, 9.06295039016e-09, 9.01190144731e-09],
        "mean": [3.05678149743e-05, 8.92570096767e-05, 0.0002159843134, 0.000236915890127, 0.000183668438694, 0.000155952191562, 0.000153781540575, 0.000313491822453, 0.000654306495562, 0.0007843937492, 0.00138559937477, 0.00198253151029, 0.00139885605313, 0.00171940168366, 0.00120571197476, 0.000632910057902, 0.000692808825988, 0.000273454206763, 0.000180021219421, 0.000554427271709, 0.000725271820556, 0.0001650890772, 6.04378183198e-05, 7.92622304289e-05, 0.000140706528327, 7.0636117016e-05, 5.81002423132e-05, 0.000111459703476, 3.68215260096e-05, 4.70464219688e-05, 3.68092405552e-05, 4.8021775001e-05, 0.000273396959528, 0.000586048874538, 0.000193467116333, 8.89731600182e-05, 5.19379791513e-05, 1.32619916258e-05, 5.13981249242e-05, 3.25947585225e-05, 9.40607060329e-06, 7.79761649028e-06, 2.98553495668e-05, 4.9451358791e-05, 2.57918563875e-05, 1.91002600332e-05, 1.3290366951e-05, 7.44360158933e-06, 6.37215907773e-06, 1.38176292239e-05, 1.33207267936e-05, 1.07533660412e-05, 6.31874172541e-06, 2.09800309676e-05, 2.3160397177e-05, 8.91274248715e-06, 1.40153269967e-05, 2.82263481495e-05, 1.58662824106e-05, 1.58196562552e-05, 1.87729510799e-05, 2.44865696004e-05, 2.82114269794e-05, 1.85111985047e-05, 9.22095205169e-06, 1.08928015834e-05, 2.02813225769e-05, 1.78448171937e-05, 8.56819406181e-06, 8.55863618199e-06, 7.16990098226e-06, 4.77663934362e-06, 4.97274095324e-06, 2.61586978922e-06, 3.29484146278e-06, 2.82757537207e-06, 1.45842409438e-06, 1.10080463855e-06, 9.18764612834e-07, 1.37937001909e-06, 1.18467210086e-06, 1.00512727386e-06, 7.40027303436e-07, 6.18577644218e-07, 6.44590500087e-07, 6.94754135111e-07, 7.61942430927e-07, 1.27019006868e-06, 8.34007266803e-07, 2.08696769732e-06, 7.43284033433e-07, 6.84101166826e-07, 5.82753614253e-07, 6.58636565731e-07, 8.84994847183e-07, 9.97896677291e-07, 1.09779000468e-06, 9.15150394576e-07, 8.93388403256e-07, 6.10793165379e-07, 2.80101630779e-07, 6.14168016e-07, 8.02594513516e-07, 8.34078662137e-07, 7.3849241744e-07, 5.21161325651e-07, 3.89570402604e-07, 4.2772865072e-07, 3.21625037714e-07, 2.68294115813e-07, 2.56324653947e-07, 1.15361920905e-07, 3.79789391047e-08, 3.05643901299e-08, 1.59018025414e-08, 6.88507162394e-09, 1.46931844469e-09, 1.10523838345e-11, 1.02366240484e-11, 9.99033321347e-12, 9.7330598442e-12, 9.52321468212e-12, 9.3435632495e-12, 9.18181589787e-12, 8.96354084706e-12, 8.71687964865e-12, 8.55909787489e-12, 8.49976772993e-12],
        "min": [1.16529905725e-08, 2.88470971554e-07, 2.50422772297e-07, 1.06352381124e-07, 1.18116290082e-07, 2.38145698717e-08, 5.7476306381e-08, 4.15713010682e-08, 5.1857441008e-08, 1.90170325709e-07, 5.72897818074e-07, 2.64773404979e-07, 2.3782681069e-07, 3.52749594867e-07, 8.24705921332e-07, 7.4601604183e-07, 7.79303547915e-07, 1.37778641829e-07, 2.31396029449e-07, 6.22243078396e-07, 3.49960259882e-07, 2.42455172383e-07, 5.46515970257e-08, 4.27799022873e-08, 5.52200702941e-08, 1.01816581832e-07, 1.44089852938e-07, 3.56869293228e-07, 2.98544023281e-07, 1.50913415098e-08, 1.71643801394e-08, 6.12353687757e-08, 1.56838467547e-07, 4.39034721467e-07, 9.50639531538e-08, 1.51269645698e-08, 4.00253057364e-08, 1.75438472638e-08, 4.09714040472e-08, 5.02781460909e-08, 2.38900188521e-08, 2.70532680702e-08, 1.04536731271e-07, 2.25912955898e-07, 2.60049652923e-08, 2.15513580315e-08, 6.33470165212e-08, 2.495114515e-08, 3.99692936526e-08, 3.54898617161e-08, 9.47845109067e-08, 1.07240396119e-07, 4.77276955735e-08, 7.84819746968e-08, 1.43115798323e-07, 3.46019675135e-08, 5.84425592365e-08, 8.76502497249e-08, 6.93590820333e-08, 5.11260154212e-08, 7.69273498236e-08, 6.98814019984e-08, 6.20854905264e-08, 2.4270658372e-08, 3.94724715136e-08, 3.23683870818e-08, 2.21348273044e-08, 4.29255955225e-08, 3.74414135251e-08, 5.45106821903e-08, 2.48701539363e-08, 3.12971373262e-08, 2.34635439966e-08, 1.30400881204e-08, 1.16183631604e-08, 1.03609396618e-08, 4.04414235433e-09, 1.28262911403e-09, 2.14596715398e-10, 3.34055072493e-09, 4.34108482494e-09, 2.20048868016e-09, 2.69784461437e-09, 9.59671342393e-10, 2.03390707054e-11, 2.80738388092e-09, 3.02872749103e-09, 3.29386917741e-09, 3.24322013689e-09, 3.25311844129e-09, 1.53381429779e-09, 1.17323162296e-09, 2.08715289496e-09, 2.24091190049e-09, 1.27757482371e-09, 1.48727363758e-09, 1.38912670256e-09, 1.36945066398e-09, 5.82274728433e-10, 9.71889346779e-10, 2.4889626471e-10, 2.34962577172e-10, 5.62954516337e-10, 8.00719657246e-10, 5.58562140984e-10, 2.46159037598e-10, 4.43274694728e-10, 2.51670045914e-10, 6.00320626543e-11, 2.54425224378e-13, 2.31533189973e-13, 1.6198506295e-13, 1.53646314963e-13, 1.09373407141e-13, 1.793896249e-13, 1.94158003477e-13, 1.55068720451e-13, 1.85979595439e-13, 1.48257952139e-13, 1.48894324604e-13, 1.59438109416e-13, 1.5089858074e-13, 1.27320761356e-13, 1.46375357039e-13, 9.88205556881e-14, 4.84726496409e-14, 7.69611848886e-15, 2.34521850224e-16],
        "stdev": [4.34570247307e-05, 0.000279672298348, 0.000761226692703, 0.00091694004368, 0.000931746733841, 0.000633952266071, 0.000489061349072, 0.00115387397818, 0.00167908181902, 0.0017925107386, 0.00262225908227, 0.00356019637547, 0.00270992075093, 0.00383810931817, 0.00273785623722, 0.00175902154297, 0.00222681951709, 0.00104752823245, 0.000672338588629, 0.00100696249865, 0.00122924393509, 0.000327904592268, 0.000184441305464, 0.000270226213615, 0.000406055507483, 0.00031459965976, 0.000222604474402, 0.000243116679485, 9.10197341e-05, 0.000169766295585, 0.000137516311952, 0.000170441620867, 0.000703270256054, 0.00143448694143, 0.000609779322986, 0.000493080937304, 0.000330858340021, 5.39835164091e-05, 0.000165758523508, 9.63350030361e-05, 2.55065588135e-05, 3.29635913658e-05, 9.76069859462e-05, 0.00010795223352, 0.00010321544687, 8.71648517204e-05, 5.3881733038e-05, 1.92265324586e-05, 2.74897938652e-05, 4.77617213619e-05, 2.82119144686e-05, 1.83537122211e-05, 3.13371383527e-05, 4.02536643378e-05, 4.02229998144e-05, 3.05447429128e-05, 4.01196775783e-05, 5.59406726097e-05, 3.68223700207e-05, 4.65621233161e-05, 5.40134933544e-05, 6.28475027042e-05, 6.21077924734e-05, 4.41053307441e-05, 2.42058631557e-05, 2.88170467684e-05, 5.3231316997e-05, 4.63215874333e-05, 2.17820379476e-05, 2.32540587604e-05, 1.87077839655e-05, 1.20725426314e-05, 1.26177710627e-05, 7.16229669706e-06, 1.03052516351e-05, 8.33092326502e-06, 5.02360899191e-06, 3.83880387744e-06, 3.75936315322e-06, 5.64506126466e-06, 3.93705022361e-06, 4.4812318265e-06, 3.66113567907e-06, 2.51930191553e-06, 2.8809217838e-06, 3.10505356538e-06, 3.01573027173e-06, 6.40674898023e-06, 3.15275792673e-06, 1.03186657725e-05, 2.51527126238e-06, 2.05964306588e-06, 1.84305849871e-06, 4.28651219408e-06, 9.08650963538e-06, 7.40448240322e-06, 6.91914056006e-06, 4.2379892875e-06, 4.10065285905e-06, 3.22876394421e-06, 1.70961448021e-06, 4.54434211861e-06, 5.01334989167e-06, 4.95243193654e-06, 5.19870445714e-06, 3.4997003695e-06, 2.41210500462e-06, 3.13091777571e-06, 1.77024821824e-06, 1.54170822952e-06, 1.41145039834e-06, 5.5705925206e-07, 2.00244883786e-07, 1.76778442551e-07, 1.14269369078e-07, 4.7886686616e-08, 1.0319717525e-08, 2.39951780667e-10, 2.32933200506e-10, 2.27250482321e-10, 2.21124452082e-10, 2.16263187913e-10, 2.11764869529e-10, 2.08333530982e-10, 2.0503246323e-10, 2.02847322273e-10, 2.00745309265e-10, 1.99612756879e-10]
    },
    "mfcc": {
        "mean": [-669.165649414, 130.487701416, -18.5871829987, 20.838224411, -7.36086893082, -20.2032184601, -5.79061794281, -6.15867900848, -20.690776825, -8.18165683746, -11.4959754944, 0.262381285429, 0.0003184536763],
        "cov": [[2125.73095703, -573.789672852, -29.380645752, 67.3517684937, 9.88945770264, 60.6851654053, 124.918006897, 22.2233066559, -1.72401666641, 95.5670700073, 16.7086200714, 60.3862304688, -27.8069229126], [-573.789672852, 927.624328613, -151.161148071, 46.0008506775, -11.6780691147, -77.4904937744, 73.9370193481, 12.7536659241, -37.2869224548, -28.0474452972, -37.6466255188, -28.953289032, -29.765668869], [-29.380645752, -151.161148071, 1007.56665039, -120.805496216, 294.777801514, 133.536727905, -95.1452713013, 21.7519645691, 71.8472671509, -32.0287322998, -84.3736038208, -185.29977417, -153.523529053], [67.3517684937, 46.0008506775, -120.805496216, 266.640045166, -10.7176303864, 3.46191263199, -31.5232486725, -0.691276013851, 18.7031021118, 5.75776004791, -11.5200252533, 25.7645969391, 8.10688877106], [9.88945770264, -11.6780691147, 294.777801514, -10.7176303864, 247.652542114, 47.6514511108, -39.4769706726, -8.5868139267, 30.0555591583, 10.0558185577, -60.3539466858, -81.2284545898, -79.7108688354], [60.6851654053, -77.4904937744, 133.536727905, 3.46191263199, 47.6514511108, 178.49118042, 23.344587326, 21.8084926605, 32.8556060791, 3.92060780525, 30.3516941071, -22.0583133698, -21.0990123749], [124.918006897, 73.9370193481, -95.1452713013, -31.5232486725, -39.4769706726, 23.344587326, 232.781951904, 48.2889175415, -27.3145809174, 45.5108299255, 44.4090309143, 29.7723941803, 38.8592948914], [22.2233066559, 12.7536659241, 21.7519645691, -0.691276013851, -8.5868139267, 21.8084926605, 48.2889175415, 99.6723175049, 17.2769622803, 13.7838335037, 19.2370758057, 11.0053720474, 18.7251224518], [-1.72401666641, -37.2869224548, 71.8472671509, 18.7031021118, 30.0555591583, 32.8556060791, -27.3145809174, 17.2769622803, 102.592010498, 11.2508325577, 5.62181806564, -12.7104940414, -23.1532688141], [95.5670700073, -28.0474452972, -32.0287322998, 5.75776004791, 10.0558185577, 3.92060780525, 45.5108299255, 13.7838335037, 11.2508325577, 111.595855713, 37.1305618286, 17.3749828339, 6.49428129196], [16.7086200714, -37.6466255188, -84.3736038208, -11.5200252533, -60.3539466858, 30.3516941071, 44.4090309143, 19.2370758057, 5.62181806564, 37.1305618286, 128.495529175, 56.6702423096, 41.4710922241], [60.3862304688, -28.953289032, -185.29977417, 25.7645969391, -81.2284545898, -22.0583133698, 29.7723941803, 11.0053720474, -12.7104940414, 17.3749828339, 56.6702423096, 126.855194092, 74.8680267334], [-27.8069229126, -29.765668869, -153.523529053, 8.10688877106, -79.7108688354, -21.0990123749, 38.8592948914, 18.7251224518, -23.1532688141, 6.49428129196, 41.4710922241, 74.8680267334, 135.389892578]],
        "icov": [[0.000684504630044, 0.000510891783051, 4.2455172661e-05, -0.000282886205241, -2.44044658757e-05, -3.97708117816e-06, -0.000574295292608, -8.71273805387e-05, 0.000200316993869, -0.00027829647297, 0.000313645316055, -0.000445761514129, 0.000677912961692], [0.000510891783051, 0.00167933956254, 0.000301373860566, -0.00050088390708, -0.000234441671637, 0.000628791516647, -0.00103204220068, -0.000425668229582, 0.000370843219571, 0.000375998322852, 0.000188677775441, 0.000213691746467, 0.00103033601772], [4.2455172661e-05, 0.000301373860566, 0.00216949754395, 0.000770532758906, -0.00171301420778, -0.000726640748326, 0.000459939008579, -0.00100345141254, -0.000289332994726, 0.000514928076882, 1.08851409095e-05, 0.0014065153664, 0.000518616929185], [-0.000282886205241, -0.00050088390708, 0.000770532758906, 0.00461812596768, -0.000287508184556, -0.000975906092208, 0.00126932479907, -0.000285391695797, -0.00095407635672, -0.000460056442535, 0.00112033600453, -0.000798790773842, -0.000259755266597], [-2.44044658757e-05, -0.000234441671637, -0.00171301420778, -0.000287508184556, 0.00762338843197, -0.00107239198405, 0.00026118272217, 0.000799125700723, -0.000343045743648, -0.00231364066713, 0.00246617826633, 0.000598512298893, 0.00111981446389], [-3.97708117816e-06, 0.000628791516647, -0.000726640748326, -0.000975906092208, -0.00107239198405, 0.00797623116523, -0.00157374411356, -0.000589216302615, -0.00136835512239, 0.00152595341206, -0.00320781650953, 0.00116725510452, 0.000546626164578], [-0.000574295292608, -0.00103204220068, 0.000459939008579, 0.00126932479907, 0.00026118272217, -0.00157374411356, 0.006916125305, -0.00252463831566, 0.00178677483927, -0.00216447585262, -0.000554649683181, 0.000419691437855, -0.0012794729555], [-8.71273805387e-05, -0.000425668229582, -0.00100345141254, -0.000285391695797, 0.000799125700723, -0.000589216302615, -0.00252463831566, 0.0127398017794, -0.0027250291314, -0.000354253657861, -0.000227340744459, -0.000519571301993, -0.00198301160708], [0.000200316993869, 0.000370843219571, -0.000289332994726, -0.00095407635672, -0.000343045743648, -0.00136835512239, 0.00178677483927, -0.0027250291314, 0.012340539135, -0.0014595008688, -0.000893653021194, -0.0001188787719, 0.00182041106746], [-0.00027829647297, 0.000375998322852, 0.000514928076882, -0.000460056442535, -0.00231364066713, 0.00152595341206, -0.00216447585262, -0.000354253657861, -0.0014595008688, 0.0119112143293, -0.00373613252304, -3.11128642352e-05, 0.000523507304024], [0.000313645316055, 0.000188677775441, 1.08851409095e-05, 0.00112033600453, 0.00246617826633, -0.00320781650953, -0.000554649683181, -0.000227340744459, -0.000893653021194, -0.00373613252304, 0.0132349682972, -0.00440070731565, -0.000400235090638], [-0.000445761514129, 0.000213691746467, 0.0014065153664, -0.000798790773842, 0.000598512298893, 0.00116725510452, 0.000419691437855, -0.000519571301993, -0.0001188787719, -3.11128642352e-05, -0.00440070731565, 0.0160880200565, -0.00548339448869], [0.000677912961692, 0.00103033601772, 0.000518616929185, -0.000259755266597, 0.00111981446389, 0.000546626164578, -0.0012794729555, -0.00198301160708, 0.00182041106746, 0.000523507304024, -0.000400235090638, -0.00548339448869, 0.01318243891]]
    },
    "spectral_contrast_coeffs": {
        "max": [-0.307814717293, -0.34783488512, -0.430623173714, -0.603945016861, -0.603200256824, -0.624736070633],
        "mean": [-0.592451751232, -0.683457255363, -0.713690042496, -0.787865281105, -0.769946992397, -0.78278195858],
        "min": [-0.923778295517, -0.893851697445, -0.881521940231, -0.894372105598, -0.908488690853, -0.889716267586],
        "stdev": [0.105017468333, 0.0813249498606, 0.0778127759695, 0.0453596636653, 0.0488500148058, 0.0425988361239]
    },
    "spectral_contrast_valleys": {
        "max": [-5.69832086563, -5.27226734161, -5.87320661545, -6.34692382812, -5.83429956436, -8.06269168854],
        "mean": [-7.64193439484, -6.90321016312, -7.74085855484, -7.95604038239, -7.65011787415, -10.7509479523],
        "min": [-9.63880252838, -8.73031520844, -9.88589668274, -9.41985702515, -9.28503513336, -12.4294090271],
        "stdev": [0.74360871315, 0.5395616889, 0.503247797489, 0.475142210722, 0.565454542637, 0.806018769741]
    }
},
"rhythm": {
    "beats_count": 130,
    "beats_loudness": {
        "max": 0.0707012414932,
        "mean": 0.0280886292458,
        "min": 0.00118571147323,
        "stdev": 0.015323434025
    },
    "bpm": 178.205856323,
    "bpm_histogram_first_peak_bpm": 178,
    "bpm_histogram_first_peak_weight": 0,
    "bpm_histogram_second_peak_bpm": 185,
    "bpm_histogram_second_peak_spread": 0,
    "bpm_histogram_second_peak_weight": 0.294573634863,
    "danceability": 1.09080505371,
    "onset_rate": 3.69140625,
    "beats_loudness_band_ratio": {
        "max": [0.845315754414, 0.943342447281, 0.786597788334, 0.732531309128, 0.344202339649, 0.578448832035],
        "mean": [0.105843365192, 0.42289981246, 0.209350600839, 0.163712278008, 0.0783799812198, 0.0786664113402],
        "min": [0.00125517265406, 0.00377970631234, 0.0196523591876, 0.00550978677347, 0.00150546536315, 0.00088311987929],
        "stdev": [0.171082660556, 0.281443715096, 0.17248415947, 0.177620470524, 0.0666729733348, 0.0942418351769]
    },
