{
"metadata": {
    "version": {
        "essentia": "2.1-beta5",
        "essentia_git_sha": "Undefined",
        "extractor": "music 2.0"
    },
    "audio_properties": {
        "analysis": {
            "equal_loudness": 0,
            "length": 46.8694801331,
            "sample_rate": 44100,
            "start_time": 126.490699768,
            "downmix": "mix"
        },
        "bit_rate": 192000,
        "length": 173.383407593,
        "lossless": 0,
        "number_channels": 2,
        "replay_gain": -4.40759849548,
        "sample_rate": 44100,
        "codec": "mp3",
        "md5_encoded": "3e7383da7e8cc91bb764a194600b230f"
    },
    "tags": {
        "file_name": "Belgium_Geef Het Op_Clouseau.mp3",
        "encoding": ["Lavf58.29.100"]
    }
},
"lowlevel": {
    "average_loudness": 0.977727413177,
    "barkbands_crest": {
        "max": 25.1094741821,
        "mean": 8.83243751526,
        "min": 2.26569676399,
        "stdev": 3.9214963913
    },
    "barkbands_flatness_db": {
        "max": 0.374611645937,
        "mean": 0.164023384452,
        "min": 0.0306425672024,
        "stdev": 0.0341911576688
    },
    "barkbands_kurtosis": {
        "max": 67.225944519,
        "mean": 0.521590411663,
        "min": -1.79502725601,
        "stdev": 4.27859926224
    },
    "barkbands_skewness": {
        "max": 7.27509832382,
        "mean": 0.507450163364,
        "min": -2.43283891678,
        "stdev": 0.897689759731
    },
    "barkbands_spread": {
        "max": 66.9833374023,
        "mean": 17.6446990967,
        "min": 0.607588946819,
        "stdev": 7.81037473679
    },
    "dissonance": {
        "max": 0.499990105629,
        "mean": 0.46589615941,
        "min": 0.290361851454,
        "stdev": 0.0245923157781
    },
    "dynamic_complexity": 1.81035637856,
    "erbbands_crest": {
        "max": 32.324848175,
        "mean": 9.86791419983,
        "min": 2.98027157784,
        "stdev": 3.91536545753
    },
    "erbbands_flatness_db": {
        "max": 0.454190552235,
        "mean": 0.250670403242,
        "min": 0.0954591110349,
        "stdev": 0.038930401206
    },
    "erbbands_kurtosis": {
        "max": 37.5302391052,
        "mean": 0.0264774840325,
        "min": -1.71425437927,
        "stdev": 2.27075028419
    },
    "erbbands_skewness": {
        "max": 5.38009786606,
        "mean": -0.00711847329512,
        "min": -4.19213104248,
        "stdev": 0.794379413128
    },
    "erbbands_spread": {
        "max": 65.4859390259,
        "mean": 22.6953582764,
        "min": 1.43263185024,
        "stdev": 8.98618888855
    },
    "hfc": {
        "max": 95.2432479858,
        "mean": 29.8284721375,
        "min": 1.25002701523e-08,
        "stdev": 13.6934804916
    },
    "loudness_ebu128": {
        "integrated": -18.8174934387,
        "loudness_range": 1.73616981506,
        "momentary": {
            "max": -17.2118301392,
            "mean": -19.0510349274,
            "min": -26.4614372253,
            "stdev": 1.58214187622
        },
        "short_term": {
            "max": -17.7606334686,
            "mean": -18.8216934204,
            "min": -20.91705513,
            "stdev": 0.660108685493
        }
    },
    "melbands_crest": {
        "max": 31.4585762024,
        "mean": 11.218047142,
        "min": 3.08777832985,
        "stdev": 4.77828168869
    },
    "melbands_flatness_db": {
        "max": 0.422334194183,
        "mean": 0.195492237806,
        "min": 0.0186720062047,
        "stdev": 0.0406654067338
    },
    "melbands_kurtosis": {
        "max": 123.124069214,
        "mean": 2.69151544571,
        "min": -1.68681740761,
        "stdev": 8.20175552368
    },
    "melbands_skewness": {
        "max": 9.32289886475,
        "mean": 1.11542212963,
        "min": -0.995523571968,
        "stdev": 1.0141056776
    },
    "melbands_spread": {
        "max": 165.060668945,
        "mean": 29.7500782013,
        "min": 0.919295251369,
        "stdev": 14.6457653046
    },
    "pitch_salience": {
        "max": 0.879882097244,
        "mean": 0.575236558914,
        "min": 0.11191842705,
        "stdev": 0.0943340659142
    },
    "silence_rate_20dB": {
        "max": 1,
        "mean": 1,
        "min": 1,
        "stdev": 0
    },
    "silence_rate_30dB": {
        "max": 1,
        "mean": 1,
        "min": 1,
        "stdev": 0
    },
    "silence_rate_60dB": {
        "max": 1,
        "mean": 0.00990098994225,
        "min": 0,
        "stdev": 0.0990068465471
    },
    "spectral_centroid": {
        "max": 3928.25537109,
        "mean": 1685.52954102,
        "min": 411.152313232,
        "stdev": 408.382354736
    },
    "spectral_complexity": {
        "max": 52,
        "mean": 26.4886131287,
        "min": 0,
        "stdev": 7.48127889633
    },
    "spectral_decrease": {
        "max": -5.84411099925e-21,
        "mean": -6.29000140862e-09,
        "min": -1.79524093369e-08,
        "stdev": 2.94716473448e-09
    },
    "spectral_energy": {
        "max": 0.0724502578378,
        "mean": 0.0264453925192,
        "min": 1.15586804451e-12,
        "stdev": 0.0121340975165
    },
    "spectral_energyband_high": {
        "max": 0.00217006937601,
        "mean": 0.000235260042245,
        "min": 8.25959905939e-13,
        "stdev": 0.000227571901632
    },
    "spectral_energyband_low": {
        "max": 0.0298088472337,
        "mean": 0.00120276468806,
        "min": 3.158274491e-14,
        "stdev": 0.00218335655518
    },
    "spectral_energyband_middle_high": {
        "max": 0.0437348783016,
        "mean": 0.0121747078374,
        "min": 1.45718615126e-13,
        "stdev": 0.00709136482328
    },
    "spectral_energyband_middle_low": {
        "max": 0.0584929510951,
        "mean": 0.0135231269524,
        "min": 2.64610687149e-14,
        "stdev": 0.00993769802153
    },
    "spectral_entropy": {
        "max": 8.82966804504,
        "mean": 7.32930612564,
        "min": 5.87886762619,
        "stdev": 0.2316827178
    },
    "spectral_flux": {
        "max": 0.227799043059,
        "mean": 0.0951795205474,
        "min": 2.4325277991e-05,
        "stdev": 0.0323919951916
    },
    "spectral_kurtosis": {
        "max": 33.5720481873,
        "mean": 7.56441831589,
        "min": 0.640342235565,
        "stdev": 4.1950469017
    },
    "spectral_rms": {
        "max": 0.00840732920915,
        "mean": 0.00491710240021,
        "min": 3.35808891805e-08,
        "stdev": 0.00127378082834
    },
    "spectral_rolloff": {
        "max": 18238.6230469,
        "mean": 2008.45141602,
        "min": 86.1328125,
        "stdev": 761.948913574
    },
    "spectral_skewness": {
        "max": 4.0694899559,
        "mean": 1.3671592474,
        "min": 0.174455404282,
        "stdev": 0.425378024578
    },
    "spectral_spread": {
        "max": 9742683,
        "mean": 2243737.75,
        "min": 1428529.875,
        "stdev": 439209.21875
    },
    "spectral_strongpeak": {
        "max": 12.6087884903,
        "mean": 2.20150065422,
        "min": 0,
        "stdev": 1.56779706478
    },
    "zerocrossingrate": {
        "max": 0.486328125,
        "mean": 0.0645751953125,
        "min": 0.00732421875,
        "stdev": 0.017615236342
    },
    "barkbands": {
        "max": [0.000142268952914, 0.0197595302016, 0.0101246954873, 0.0166559964418, 0.0281537212431, 0.0186749249697, 0.0124185513705, 0.0497547313571, 0.0502913855016, 0.04903068766, 0.0166846849024, 0.0121350819245, 0.0175026152283, 0.0223154965788, 0.0223646350205, 0.0122478110716, 0.0170379579067, 0.01360689383, 0.00413845758885, 0.00278246006928, 0.00159541284665, 0.00029854735476, 3.79068806069e-05, 2.26078591368e-05, 1.54327044584e-05, 5.32895342076e-07, 2.72463751116e-07],
        "mean": [4.51180176242e-06, 0.000637312710751, 0.000383509381209, 0.000360139587428, 0.00163068308029, 0.00135819439311, 0.000938928860705, 0.00381323532201, 0.00431657163426, 0.00177484052256, 0.00165771250613, 0.000865514681209, 0.000884295732249, 0.00186774029862, 0.00144863652531, 0.00135788787156, 0.00116005016025, 0.00102102418896, 0.000553774472792, 0.000292475888273, 9.26185311982e-05, 1.93515516003e-05, 1.55027396431e-06, 3.05541175294e-06, 1.43767226746e-06, 3.34728042617e-07, 4.14475387345e-08],
        "min": [2.59060419058e-14, 1.53755927803e-14, 2.86239220294e-15, 2.56860369563e-15, 5.31984844699e-15, 1.84043297604e-15, 5.46457037877e-15, 6.32297686093e-15, 3.02449461553e-15, 8.0613353788e-15, 7.62664992873e-15, 7.44180192865e-15, 3.88242125352e-14, 3.7862211806e-15, 3.01638618088e-15, 6.11187719223e-15, 2.10325361999e-14, 1.33581889988e-14, 1.94107408505e-14, 3.15806476564e-14, 5.0291778256e-14, 4.96665832376e-14, 8.94262081378e-14, 1.10805157096e-13, 8.64322922587e-14, 2.04230702445e-13, 2.38130478877e-13],
        "stdev": [9.44035309658e-06, 0.00148500001524, 0.000779253081419, 0.000719945179299, 0.00312047032639, 0.00194208871108, 0.00125818932429, 0.00573120918125, 0.00633078301325, 0.00313824578188, 0.00218188250437, 0.00127648492344, 0.00146365945693, 0.0027503115125, 0.00188997446094, 0.00149079214316, 0.00120719149709, 0.00108169135638, 0.000456791894976, 0.000290654919809, 0.000122991317767, 2.64668906311e-05, 1.82631129064e-06, 3.06389165416e-06, 1.50420407863e-06, 4.30724433897e-08, 1.95260021485e-08]
    },
    "erbbands": {
        "max": [0.397123605013, 5.53979063034, 14.7294530869, 42.3740386963, 66.0161743164, 112.782531738, 162.190368652, 207.239562988, 145.506011963, 507.896057129, 1378.27001953, 1209.52294922, 2041.69543457, 1085.28881836, 855.185424805, 603.06060791, 832.354614258, 1273.07043457, 1505.22399902, 896.739990234, 701.633666992, 902.728393555, 951.556518555, 278.740570068, 214.937332153, 141.845901489, 73.6999893188, 45.447227478, 12.605173111, 3.8181977272, 1.00182938576, 0.612666010857, 0.444832980633, 0.266072630882, 0.0549384839833, 0.003644565586, 0.0010243030265, 0.0002993773669, 4.26334117947e-05, 8.46527764224e-05],
        "mean": [0.0126440506428, 0.164091393352, 0.420497059822, 0.948538720608, 3.38119864464, 6.00694084167, 7.07662534714, 12.0560379028, 9.79964256287, 48.0009536743, 83.0928344727, 95.5257263184, 82.3885192871, 37.7240409851, 76.6687774658, 40.4978599548, 43.5300064087, 94.7778396606, 72.2108459473, 79.7515335083, 63.1025810242, 61.8170623779, 67.598236084, 35.1123199463, 23.7891292572, 13.5079746246, 5.66525411606, 2.81652092934, 0.83378392458, 0.133271664381, 0.0501347593963, 0.0606458112597, 0.0499476604164, 0.0219226460904, 0.00676966784522, 0.0016047275858, 0.000629663001746, 0.000149099694681, 1.88021895156e-05, 3.26891022269e-05],
        "min": [8.41686258451e-13, 2.15092418702e-12, 3.3657148249e-12, 6.4181121355e-12, 1.56227999287e-11, 1.85326753943e-11, 8.33078484669e-12, 1.89955551289e-11, 4.63226713932e-11, 1.43556902477e-10, 1.11587510065e-10, 6.15885259458e-11, 1.76729797463e-10, 3.4482472433e-10, 3.14175713223e-10, 3.82322229431e-10, 1.79528691913e-09, 5.29514043723e-10, 1.38820802076e-10, 1.92436663826e-10, 4.97194840854e-10, 1.10576381385e-09, 8.59978976919e-10, 7.0910965988e-10, 1.50325574211e-09, 1.34852884415e-09, 2.38467823266e-09, 1.43639988792e-09, 1.55773149935e-09, 1.88951609914e-09, 2.48950549064e-09, 2.83260304101e-09, 1.55011781189e-09, 8.43406844364e-10, 6.75233036151e-10, 8.56710868913e-10, 3.39100553193e-10, 1.53368526212e-10, 3.59624795221e-11, 3.08473992877e-12],
        "stdev": [0.0301387701184, 0.384568750858, 0.89140111208, 1.87761938572, 6.73971939087, 12.312921524, 10.3085050583, 18.1194782257, 12.0032711029, 64.1496429443, 129.64390564, 145.733810425, 123.409591675, 55.0645751953, 110.301437378, 61.8386802673, 67.3223648071, 140.058258057, 89.464553833, 98.387336731, 65.6137390137, 62.0216903687, 66.8619003296, 32.4695320129, 21.6288223267, 12.7511491776, 6.00668144226, 3.94948363304, 1.19350671768, 0.183756560087, 0.0583064854145, 0.0646093040705, 0.0516365729272, 0.0238761100918, 0.00573598360643, 0.000359931087587, 9.62230260484e-05, 3.43333522324e-05, 6.9099501161e-06, 1.45508902278e-05]
    },
    "gfcc": {
        "mean": [-21.4712352753, 123.573181152, -189.39855957, 9.20654964447, -45.5241165161, -21.1745853424, -30.3494586945, 9.47643184662, -22.5425262451, -0.915302574635, -14.2701530457, -12.8372783661, -2.9852874279],
        "cov": [[1940.48596191, 346.1043396, -261.187072754, 138.327896118, -0.200143560767, -33.7925643921, -26.0430984497, -79.9336013794, -3.77006912231, -74.3339080811, 15.5433950424, -45.1193008423, 61.5488548279], [346.1043396, 330.772735596, 136.703872681, 48.2513847351, 140.269805908, -2.73294353485, 59.2046928406, 56.3700675964, 42.3931465149, -1.29859447479, -12.4122695923, -11.2850666046, -9.59814548492], [-261.187072754, 136.703872681, 473.324615479, 320.286773682, 77.592956543, 81.3396224976, 0.155074879527, 37.1731491089, 23.0436649323, 16.8010196686, -42.8773345947, 10.1594409943, -19.5159988403], [138.327896118, 48.2513847351, 320.286773682, 500.716125488, 92.1880569458, 82.2585220337, -39.5247955322, -36.9365501404, 8.52942752838, -9.87238693237, -36.2224121094, 38.0955200195, 18.1825466156], [-0.200143560767, 140.269805908, 77.592956543, 92.1880569458, 231.506851196, 64.1336669922, 58.5483398438, 71.0529785156, 58.6500320435, 12.8085927963, -6.4272236824, 26.983007431, 13.21621418], [-33.7925643921, -2.73294353485, 81.3396224976, 82.2585220337, 64.1336669922, 173.023956299, 73.9866943359, 20.2782077789, -0.413720160723, 9.58256435394, 14.2960557938, 25.8822956085, 28.3961410522], [-26.0430984497, 59.2046928406, 0.155074879527, -39.5247955322, 58.5483398438, 73.9866943359, 186.795227051, 107.256912231, 37.5619163513, 11.3168964386, 9.24558067322, 3.35149002075, -3.47087168694], [-79.9336013794, 56.3700675964, 37.1731491089, -36.9365501404, 71.0529785156, 20.2782077789, 107.256912231, 165.538864136, 95.8887329102, 20.9531097412, -8.61686134338, -18.1987800598, -9.22974205017], [-3.77006912231, 42.3931465149, 23.0436649323, 8.52942752838, 58.6500320435, -0.413720160723, 37.5619163513, 95.8887329102, 135.072189331, 54.5856170654, -7.76549577713, -13.5195884705, -2.3407702446], [-74.3339080811, -1.29859447479, 16.8010196686, -9.87238693237, 12.8085927963, 9.58256435394, 11.3168964386, 20.9531097412, 54.5856170654, 83.4858856201, 35.1868934631, 8.67323207855, -9.8234462738], [15.5433950424, -12.4122695923, -42.8773345947, -36.2224121094, -6.4272236824, 14.2960557938, 9.24558067322, -8.61686134338, -7.76549577713, 35.1868934631, 88.2212753296, 38.5356407166, -0.355185210705], [-45.1193008423, -11.2850666046, 10.1594409943, 38.0955200195, 26.983007431, 25.8822956085, 3.35149002075, -18.1987800598, -13.5195884705, 8.67323207855, 38.5356407166, 84.1641235352, 38.8559989929], [61.5488548279, -9.59814548492, -19.5159988403, 18.1825466156, 13.21621418, 28.3961410522, -3.47087168694, -9.22974205017, -2.3407702446, -9.8234462738, -0.355185210705, 38.8559989929, 81.9776992798]],
        "icov": [[0.00402048835531, -0.0100895725191, 0.00943353679031, -0.00681095616892, 0.00652537774295, -0.00420572748408, 0.0035335989669, -0.00302772945724, 0.000529056764208, 9.92720088107e-05, -0.000787811761256, 0.00215477962047, -0.0012276439229], [-0.0100895725191, 0.0319591574371, -0.027412969619, 0.0187072083354, -0.0211596582085, 0.0144666470587, -0.0126889217645, 0.0117644127458, -0.0038893527817, 0.00310670305043, -0.00174965441693, -0.00138280028477, 0.000738391885534], [0.00943353679031, -0.027412969619, 0.0294188894331, -0.0200327690691, 0.0183277502656, -0.0136249354109, 0.0121755423024, -0.0136117087677, 0.00577769475058, -0.00506950030103, 0.00349208572879, 0.0012219788041, 0.000895749079064], [-0.00681095616892, 0.0187072083354, -0.0200327690691, 0.0167236607522, -0.0131652727723, 0.00721582397819, -0.00681718578562, 0.00968204718083, -0.00460514612496, 0.00329650612548, 0.000450883700978, -0.00382743636146, 0.00132962991484], [0.00652537774295, -0.0211596582085, 0.0183277502656, -0.0131652727723, 0.0204827319831, -0.0113499499857, 0.00847483426332, -0.0100014777854, 0.000913679134101, -0.00160374701954, 0.00261347997002, -0.00240036961623, 0.000751613930333], [-0.00420572748408, 0.0144666470587, -0.0136249354109, 0.00721582397819, -0.0113499499857, 0.0168951973319, -0.0110629666597, 0.00770254340023, -0.000513106351718, 0.000618688005488, -0.00391416205093, 0.00244340556674, -0.00473190797493], [0.0035335989669, -0.0126889217645, 0.0121755423024, -0.00681718578562, 0.00847483426332, -0.0110629666597, 0.0176444593817, -0.0147048281506, 0.00545617658645, -0.00315418746322, 0.00283362693153, -0.00285691232421, 0.00297341984697], [-0.00302772945724, 0.0117644127458, -0.0136117087677, 0.00968204718083, -0.0100014777854, 0.00770254340023, -0.0147048281506, 0.0272892024368, -0.0169325321913, 0.00992439966649, -0.00542318122461, 0.0039976220578, -0.0015556528233], [0.000529056764208, -0.0038893527817, 0.00577769475058, -0.00460514612496, 0.000913679134101, -0.000513106351718, 0.00545617658645, -0.0169325321913, 0.0258570406586, -0.0181947406381, 0.00748365977779, 0.00055641279323, -0.0017739526229], [9.92720088107e-05, 0.00310670305043, -0.00506950030103, 0.00329650612548, -0.00160374701954, 0.000618688005488, -0.00315418746322, 0.00992439966649, -0.0181947406381, 0.029279127717, -0.0136912930757, 0.0018534695264, 0.0014304270735], [-0.000787811761256, -0.00174965441693, 0.00349208572879, 0.000450883700978, 0.00261347997002, -0.00391416205093, 0.00283362693153, -0.00542318122461, 0.00748365977779, -0.0136912930757, 0.0256598629057, -0.0146592967212, 0.00719431834295], [0.00215477962047, -0.00138280028477, 0.0012219788041, -0.00382743636146, -0.00240036961623, 0.00244340556674, -0.00285691232421, 0.0039976220578, 0.00055641279323, 0.0018534695264, -0.0146592967212, 0.0285695381463, -0.0141371274367], [-0.0012276439229, 0.000738391885534, 0.000895749079064, 0.00132962991484, 0.000751613930333, -0.00473190797493, 0.00297341984697, -0.0015556528233, -0.0017739526229, 0.0014304270735, 0.00719431834295, -0.0141371274367, 0.0214462708682]]
    },
    "melbands": {
        "max": [0.00416542170569, 0.00751883583143, 0.00634929444641, 0.00767442258075, 0.00449895393103, 0.00427365629002, 0.00216249469668, 0.00661886576563, 0.010831288062, 0.00760499760509, 0.0100157093257, 0.00526772812009, 0.00223940517753, 0.00157265493181, 0.00208748294972, 0.0015896075638, 0.00277554569766, 0.00278231501579, 0.00135898787994, 0.00126266002189, 0.000893947319128, 0.000817515829112, 0.00118856923655, 0.000798311783001, 0.000258246407611, 0.000131871580379, 0.000175214416231, 7.32336848159e-05, 5.38196363777e-05, 3.89537599403e-05, 2.33546543313e-05, 9.05769138626e-06, 5.95962046646e-06, 7.64853552937e-07, 6.63695686853e-07, 4.32602831779e-07, 4.57143471522e-07, 3.80829220603e-07, 3.89346865859e-07, 2.27631986149e-07],
        "mean": [0.000151943677338, 0.000224830539082, 0.000221670779865, 0.000368716631783, 0.000251455028774, 0.000262805493549, 0.000155209287186, 0.000607836875133, 0.000715574482456, 0.000598023761995, 0.000397041992983, 0.000135858936119, 0.000221017544391, 0.000147003200254, 9.23714396777e-05, 9.14479242056e-05, 0.000193354746443, 0.000111112247396, 0.000110509769002, 0.000113588292152, 6.22479929007e-05, 5.56278755539e-05, 8.36747567519e-05, 4.30830368714e-05, 2.71276803687e-05, 1.7360849597e-05, 1.41513255585e-05, 7.85703650763e-06, 4.05725222663e-06, 2.20147876462e-06, 1.46028571635e-06, 5.3647590903e-07, 1.46260973111e-07, 3.55127234286e-08, 2.40438939869e-08, 3.05482004137e-08, 4.13499883223e-08, 3.72938799842e-08, 2.84504686476e-08, 1.55181680839e-08],
        "min": [7.1325552818e-15, 2.04939875698e-15, 1.3691701022e-15, 1.32946225643e-15, 3.70652406235e-16, 4.10702109215e-16, 8.25851194342e-16, 1.60524178449e-15, 8.16149914239e-16, 3.83643112319e-16, 8.915796805e-16, 1.38470849811e-15, 1.00954521791e-15, 9.91654293877e-16, 2.11428592766e-15, 3.85080574876e-15, 6.16563964394e-16, 1.4696300891e-16, 2.75633361943e-16, 3.27237706054e-16, 6.50357879072e-16, 1.19352479746e-15, 9.69997461361e-16, 6.02826889935e-16, 5.74027134453e-16, 6.55537485545e-16, 1.43839757559e-15, 7.65609258222e-16, 1.35218052711e-15, 1.41024696498e-15, 7.23058611056e-16, 8.10907097933e-16, 1.12291644861e-15, 1.09001154795e-15, 1.50305721205e-15, 1.66078057018e-15, 1.77938307636e-15, 1.17185049489e-15, 7.1681290774e-16, 7.09501795795e-16],
        "stdev": [0.000348254427081, 0.000461097806692, 0.000349546578946, 0.000793792540208, 0.000357045326382, 0.000384171900805, 0.00019769591745, 0.0008645177586, 0.0010898419423, 0.000898400321603, 0.000618340738583, 0.000248391967034, 0.000297730177408, 0.000199981601327, 0.00015707257262, 0.000142887569382, 0.000298505212413, 0.00016012127162, 0.000141901968163, 0.000127125633298, 7.19094532542e-05, 5.89487135585e-05, 8.81273881532e-05, 4.86931166961e-05, 2.78203460766e-05, 1.57857521117e-05, 1.69459181052e-05, 7.41464100429e-06, 4.34669982496e-06, 3.02884654957e-06, 2.09877111956e-06, 7.66221262438e-07, 2.51962035236e-07, 4.51391137801e-08, 3.25715312499e-08, 3.53392124453e-08, 4.60845477335e-08, 3.95686896582e-08, 3.16641504128e-08, 1.79622592356e-08]
    },
    "melbands128": {
        "max": [0.000142112592584, 0.00246438104659, 0.00659738574177, 0.0111368205398, 0.00988995097578, 0.00482007814571, 0.0101489862427, 0.00650199502707, 0.00717700226232, 0.0127586387098, 0.0069642290473, 0.00320876669139, 0.00693118060008, 0.00616048043594, 0.00501405447721, 0.00863177701831, 0.00181816576514, 0.00310130091384, 0.00360051542521, 0.00693284859881, 0.0145280370489, 0.0115082357079, 0.0194710046053, 0.0178825706244, 0.0116293830797, 0.011556211859, 0.0117742512375, 0.0168367642909, 0.0114932376891, 0.0121256392449, 0.00445039290935, 0.00194540969096, 0.0024004697334, 0.0063332146965, 0.00157128623687, 0.00259176385589, 0.00279191322625, 0.00180199067108, 0.0047898767516, 0.00252700550482, 0.00322204781696, 0.00479940278456, 0.00507972156629, 0.00471883220598, 0.00249816873111, 0.00637803552672, 0.00303029338829, 0.00325465085916, 0.00263374834321, 0.00256232288666, 0.002608360257, 0.00147712102626, 0.00145967397839, 0.00113336043432, 0.000737768772524, 0.00107456173282, 0.00303565757349, 0.00339821446687, 0.00109207502101, 0.00199800939299, 0.000918439531233, 0.00100108759943, 0.00062823027838, 0.000303552486002, 0.000251372548519, 0.000259712978732, 0.000340052123647, 0.000304268673062, 0.000439019873738, 0.00029102541157, 9.74137947196e-05, 0.000108672364149, 5.70292504563e-05, 8.10781639302e-05, 6.69270739309e-05, 7.19898889656e-05, 4.11439941672e-05, 5.92744872847e-05, 2.35444167629e-05, 1.77282472578e-05, 1.09670727397e-05, 1.09507491288e-05, 8.73694989423e-06, 6.84485712554e-06, 2.22699418373e-06, 8.94851382327e-07, 1.21177845358e-06, 4.70299255539e-07, 8.57081204231e-07, 8.13784026832e-07, 4.59264725805e-07, 5.55866392915e-07, 5.66728601825e-07, 6.81005076331e-07, 1.29977684082e-06, 3.9133274754e-07, 4.21540022444e-07, 3.87418538139e-07, 4.05587627483e-07, 4.98363874613e-07, 1.98635163429e-07, 3.78662775802e-07, 1.38897490842e-07, 1.1460326732e-07, 6.91636188321e-08, 3.16173576209e-08, 1.40658427128e-08, 7.8235045109e-09, 5.49257528348e-09, 5.36977573518e-09, 5.30965094114e-09, 5.7003468612e-09, 4.62960914049e-09, 3.22297388777e-09, 3.65726449125e-09, 3.92776566827e-09, 4.80473794084e-09, 1.06506881092e-09, 1.09378728297e-09, 1.08072917282e-09, 1.08323472414e-09, 1.06739761474e-09, 1.06580655412e-09, 1.05173414422e-09, 1.03369679483e-09, 1.01501818062e-09, 1.01952724041e-09, 1.01663266694e-09],
        "mean": [3.89738352169e-06, 6.3062463596e-05, 0.000236314925132, 0.000281810760498, 0.000218478773604, 0.000191799015738, 0.000181684648851, 0.00018123954942, 0.000336869183229, 0.000477356661577, 0.000324526627082, 0.000209516278119, 0.000189162645256, 0.000357828626875, 0.000325814326061, 0.000189096448594, 0.000111155801278, 0.000135353649966, 0.000203670773772, 0.000539159344044, 0.000906465982553, 0.000584883964621, 0.000738999573514, 0.000766456592828, 0.00058720697416, 0.000565798254684, 0.000539632339496, 0.000480084912851, 0.000149263141793, 0.000141132841236, 0.000138235031045, 0.000109405744297, 0.000149423271068, 0.000470523576951, 0.000103635255073, 9.19231388252e-05, 0.00010949827265, 6.3543455326e-05, 0.000118343195936, 8.80989755387e-05, 7.24047713447e-05, 0.000108553875179, 0.000214806335862, 0.000261008099187, 9.22792605706e-05, 8.54782265378e-05, 0.00012180464546, 0.000116751718451, 0.000101932564576, 9.74091890384e-05, 0.00013029036927, 0.000124672078528, 5.06719698024e-05, 4.48547798442e-05, 5.45318689547e-05, 4.13282577938e-05, 6.30002759863e-05, 0.000116337309009, 7.04377089278e-05, 6.95804337738e-05, 3.69140325347e-05, 2.74050526059e-05, 3.90928144043e-05, 2.34083872783e-05, 1.48369845192e-05, 1.62945216289e-05, 2.08132933039e-05, 1.63468157552e-05, 1.25770857267e-05, 1.1135593013e-05, 5.81422273171e-06, 9.46957970882e-06, 4.65020366391e-06, 3.13358555104e-06, 2.49727850132e-06, 2.81481538877e-06, 1.59543617428e-06, 1.61051218583e-06, 1.62911101143e-06, 1.23422375964e-06, 4.85527550609e-07, 3.7135276898e-07, 2.13580719333e-07, 1.26066751704e-07, 8.81629489413e-08, 3.97659896123e-08, 1.89580955379e-08, 1.71485705636e-08, 2.1713743692e-08, 3.25083782116e-08, 3.08549452654e-08, 2.88595494169e-08, 3.10378709401e-08, 3.8919608869e-08, 5.44175620121e-08, 3.96629253885e-08, 3.45537998214e-08, 2.97465092558e-08, 3.34987397821e-08, 2.74228728614e-08, 1.15578746573e-08, 1.62125548542e-08, 1.51655985547e-08, 1.02278026048e-08, 6.68316513242e-09, 4.69933914005e-09, 3.52219431399e-09, 2.86303225572e-09, 2.22967688757e-09, 2.16558060373e-09, 2.12736317451e-09, 2.19742024576e-09, 2.09614769986e-09, 1.58950985707e-09, 1.46012524294e-09, 1.74234826567e-09, 1.50022405609e-09, 5.62510801827e-12, 4.70295980978e-12, 4.60468425542e-12, 4.51297159365e-12, 4.43140923262e-12, 4.35580217728e-12, 4.27372937387e-12, 4.22227834293e-12, 4.1824902916e-12, 4.16053172816e-12, 4.13677902697e-12],
        "min": [1.21381913513e-14, 8.85552702267e-15, 5.46319649133e-15, 3.02631679516e-15, 1.81926414038e-15, 1.37554211931e-15, 1.23012286765e-15, 1.32923863973e-15, 1.62339560638e-15, 1.61327208035e-15, 1.0244625269e-15, 3.86628215244e-16, 1.77148788226e-16, 3.33682065065e-16, 4.42630248538e-16, 4.25041159402e-16, 4.75065998825e-16, 7.68217590303e-16, 1.38231457124e-15, 1.86376767494e-15, 1.65793464535e-15, 1.0955330381e-15, 7.33548743531e-16, 5.15764926088e-16, 2.64803383968e-16, 2.88684127957e-16, 7.09485066895e-16, 9.58922187938e-16, 1.01912463115e-15, 1.27987663006e-15, 1.66561088144e-15, 1.34040782793e-15, 6.81441658896e-16, 9.85405414188e-16, 1.34867349307e-15, 1.05304025387e-15, 3.18702366803e-16, 8.72208354633e-16, 3.83767546753e-15, 6.05351535161e-15, 3.65422930698e-15, 1.23566945115e-15, 6.59820401763e-16, 2.40178574474e-16, 3.51754386498e-17, 5.12297305551e-17, 3.62234778094e-16, 4.37700278557e-16, 8.21201618737e-17, 2.40776420916e-16, 3.35455063843e-16, 4.73275212355e-16, 3.95527302207e-16, 7.04442838578e-16, 1.31910950211e-15, 1.07054969544e-15, 1.31634446893e-15, 1.13547021805e-15, 7.21965409158e-16, 1.02008781349e-15, 3.60717450918e-16, 6.10523243052e-16, 4.65090756503e-16, 6.21030845581e-16, 6.80726868967e-16, 1.33288614889e-16, 6.11978339776e-16, 2.63327762576e-15, 1.24897030364e-15, 6.08930238776e-16, 7.25168358369e-16, 8.24400809239e-16, 8.17443492368e-16, 1.57279756388e-15, 1.91788651577e-15, 1.66094108292e-15, 1.27882355635e-15, 2.54637426884e-16, 6.50039447623e-16, 1.07527285703e-15, 1.08959290192e-15, 3.42380669917e-16, 9.91934873541e-16, 1.61575706326e-15, 7.6160533348e-16, 8.67202019338e-16, 6.28836783586e-16, 2.49898372835e-15, 1.93405701e-15, 3.20682147498e-16, 1.56403119639e-15, 2.28449105743e-15, 1.4940284761e-15, 2.11135180553e-15, 1.5081456566e-15, 1.43853680663e-15, 9.88585493509e-16, 1.0570483079e-15, 6.24034530291e-16, 5.38307808007e-16, 8.87764697045e-16, 7.19749835666e-16, 5.86757510255e-16, 4.26342837284e-16, 3.85964194353e-16, 1.17075771651e-15, 1.16204068869e-15, 1.54971972771e-15, 9.09102992234e-16, 2.69965070399e-15, 1.39269877166e-15, 6.50761331453e-16, 9.53803461959e-16, 1.29901872763e-15, 6.73752664377e-16, 1.47292602665e-15, 1.27149005097e-15, 1.01589129463e-15, 1.6998893519e-15, 6.24173708392e-16, 1.20914112039e-15, 1.48489904912e-15, 4.92636056189e-16, 7.97987833784e-16, 8.1258522902e-16, 1.0183277849e-15, 1.53376914441e-15, 1.31285702253e-15],
        "stdev": [9.24661708268e-06, 0.000176924484549, 0.00055720313685, 0.000716556736734, 0.000546116556507, 0.000389452819945, 0.000440906500444, 0.000330607377691, 0.000670562207233, 0.00124927505385, 0.000704289530404, 0.000311222160235, 0.000341291190125, 0.00059513078304, 0.000538171734661, 0.00040904735215, 0.000170983883436, 0.000263262540102, 0.000331086659571, 0.000799420755357, 0.00168524577748, 0.00134828221053, 0.00168137997389, 0.00157265271991, 0.0013366289204, 0.00128133036196, 0.00111499032937, 0.000939761172049, 0.000491723243613, 0.000443596625701, 0.00023910755408, 0.000206142372917, 0.000230109231779, 0.000807318254374, 0.00015745217388, 0.000208264958928, 0.000256078114035, 0.000143017270602, 0.000272834789939, 0.000201739472686, 0.000171400635736, 0.000299215986161, 0.000426908576628, 0.00048132496886, 0.000219351320993, 0.000266945979092, 0.000203078976483, 0.000199666174012, 0.000226474774536, 0.000224836330744, 0.000169488266692, 0.000170562620042, 0.000111043460493, 7.45915313018e-05, 7.30827014195e-05, 6.67255662847e-05, 0.000123364152387, 0.000172952335561, 9.83000936685e-05, 0.000113989844976, 5.79231455049e-05, 5.52242090635e-05, 5.38582607987e-05, 2.8622453101e-05, 1.93451960513e-05, 2.19967714656e-05, 2.7600037356e-05, 2.29065208259e-05, 2.76685223071e-05, 2.11026235775e-05, 7.42700467526e-06, 1.27869307107e-05, 5.60251010029e-06, 4.60706087324e-06, 4.3922873374e-06, 3.96507857658e-06, 2.7867654353e-06, 3.67552479474e-06, 2.29860461332e-06, 1.50135531385e-06, 8.48467777814e-07, 7.73891940753e-07, 3.97757844439e-07, 2.4990026759e-07, 1.25168625686e-07, 5.40347500078e-08, 3.63175765017e-08, 2.33886936485e-08, 4.18728411944e-08, 4.5074891375e-08, 3.98195751927e-08, 3.95959212085e-08, 3.97365056415e-08, 5.28466976846e-08, 7.59009282092e-08, 4.72130174956e-08, 4.07035862793e-08, 3.86785288242e-08, 3.86347345227e-08, 3.66540504615e-08, 1.35537607804e-08, 2.29906991223e-08, 1.59833923874e-08, 1.09057358699e-08, 6.78975631274e-09, 3.19040349694e-09, 1.33924193957e-09, 9.03383146067e-10, 7.00337621229e-10, 6.68766098055e-10, 6.39961028615e-10, 5.99651550637e-10, 5.9004506836e-10, 4.54144305495e-10, 4.19048240552e-10, 4.93696306059e-10, 6.43348319063e-10, 2.43334345729e-11, 2.49201128483e-11, 2.46035292834e-11, 2.46291823741e-11, 2.42602951617e-11, 2.42037379722e-11, 2.38794279489e-11, 2.3473016933e-11, 2.30545096902e-11, 2.31430690584e-11, 2.30748267716e-11]
    },
    "mfcc": {
        "mean": [-646.198913574, 157.048095703, -78.4053115845, 24.8559112549, -9.23540401459, -20.4436092377, -0.379407405853, -10.3203105927, 5.42430830002, -0.11419044435, -2.02928566933, 0.519001841545, -10.7058954239],
        "cov": [[1506.79003906, 74.2040100098, -185.964172363, 63.6809463501, -8.15944766998, 35.7397766113, -9.36779880524, -50.9928131104, -11.4786653519, -104.91544342, -78.8852005005, -5.39349031448, -19.1471138], [74.2040100098, 417.563171387, -84.3132247925, -20.1034164429, 33.2742881775, -54.162273407, 34.5071525574, 56.6044769287, 46.5571784973, 79.7945404053, 48.9579925537, -0.1774982512, 14.5797777176], [-185.964172363, -84.3132247925, 452.859893799, 220.895507812, 100.685081482, 106.887084961, 13.7843046188, 5.47387075424, 31.2988605499, -34.550945282, 2.66160440445, 22.0751590729, 3.40149450302], [63.6809463501, -20.1034164429, 220.895507812, 340.671417236, 157.133117676, 85.1099777222, -16.5852870941, 34.0148124695, 53.7464866638, -14.2327547073, -6.73060703278, 8.16055774689, 25.0968666077], [-8.15944766998, 33.2742881775, 100.685081482, 157.133117676, 214.397613525, 81.3939437866, -9.8441991806, 27.6019115448, 47.3248672485, 8.77396678925, -13.3659124374, 5.82052326202, 20.1653137207], [35.7397766113, -54.162273407, 106.887084961, 85.1099777222, 81.3939437866, 168.557189941, 57.2741966248, 13.0438623428, 21.9058380127, -43.0311317444, -17.2174129486, 15.4900627136, 13.3644552231], [-9.36779880524, 34.5071525574, 13.7843046188, -16.5852870941, -9.8441991806, 57.2741966248, 145.029846191, 69.3493270874, 17.1326599121, -5.62717723846, -4.27284574509, 25.352935791, 13.5953464508], [-50.9928131104, 56.6044769287, 5.47387075424, 34.0148124695, 27.6019115448, 13.0438623428, 69.3493270874, 129.146957397, 75.4658432007, 48.1508331299, 6.73791265488, 12.5753488541, 25.5534706116], [-11.4786653519, 46.5571784973, 31.2988605499, 53.7464866638, 47.3248672485, 21.9058380127, 17.1326599121, 75.4658432007, 147.650787354, 76.5462875366, 4.38326644897, -2.886459589, 12.0274467468], [-104.91544342, 79.7945404053, -34.550945282, -14.2327547073, 8.77396678925, -43.0311317444, -5.62717723846, 48.1508331299, 76.5462875366, 157.509536743, 70.176322937, 4.72310733795, 3.36050868034], [-78.8852005005, 48.9579925537, 2.66160440445, -6.73060703278, -13.3659124374, -17.2174129486, -4.27284574509, 6.73791265488, 4.38326644897, 70.176322937, 122.283828735, 36.4820022583, 2.80670309067], [-5.39349031448, -0.1774982512, 22.0751590729, 8.16055774689, 5.82052326202, 15.4900627136, 25.352935791, 12.5753488541, -2.886459589, 4.72310733795, 36.4820022583, 77.8309783936, 31.1835899353], [-19.1471138, 14.5797777176, 3.40149450302, 25.0968666077, 20.1653137207, 13.3644552231, 13.5953464508, 25.5534706116, 12.0274467468, 3.36050868034, 2.80670309067, 31.1835899353, 71.2367172241]],
        "icov": [[0.000910253613256, -0.000353257724782, 0.000777101144195, -0.000774701300543, 0.000446858961368, -0.000412031426094, 4.96413376823e-05, 0.00057573110098, -0.000463840115117, 0.000585682399105, 0.000495481479447, -0.00066724664066, 0.00061083980836], [-0.000353257724782, 0.00345011265017, 0.000224537274335, 0.000390068424167, -0.00176646444015, 0.00211901217699, -0.00192825123668, -2.46774416155e-05, -0.000532986305188, -0.000245468108915, -0.00179860775825, 0.00142933009192, -0.000923111336306], [0.000777101144195, 0.000224537274335, 0.00435529323295, -0.00287860748358, 0.000347609078744, -0.0010664225556, -0.00067075563129, 0.00127451005392, -0.0010726575274, 0.00101797643583, -0.000258833577391, -0.00123094499577, 0.00142371444963], [-0.000774701300543, 0.000390068424167, -0.00287860748358, 0.00704682990909, -0.0034228831064, -3.66177700926e-05, 0.00181267247535, -0.00233256048523, -0.000379914883524, 0.0010118681239, -0.00130154960789, 0.00127256324049, -0.00165601691697], [0.000446858961368, -0.00176646444015, 0.000347609078744, -0.0034228831064, 0.00971748866141, -0.00507269892842, 0.00348231359385, -0.00118140142877, 0.000494803069159, -0.00200467393734, 0.00298140384257, -0.00174671388231, 0.000289200164843], [-0.000412031426094, 0.00211901217699, -0.0010664225556, -3.66177700926e-05, -0.00507269892842, 0.0132268024608, -0.00731171993539, 0.00357522582635, -0.00356352794915, 0.00388185074553, -0.00269684265368, 0.00131687568501, -0.00146481418051], [4.96413376823e-05, -0.00192825123668, -0.00067075563129, 0.00181267247535, 0.00348231359385, -0.00731171993539, 0.0157402604818, -0.00988516677171, 0.00301294913515, -7.5180127169e-05, 0.00249979272485, -0.00417396053672, 0.00195281079505], [0.00057573110098, -2.46774416155e-05, 0.00127451005392, -0.00233256048523, -0.00118140142877, 0.00357522582635, -0.00988516677171, 0.0189641453326, -0.00722990883514, -0.00106807996053, -1.89168677025e-05, 0.000590811658185, -0.00331852585077], [-0.000463840115117, -0.000532986305188, -0.0010726575274, -0.000379914883524, 0.000494803069159, -0.00356352794915, 0.00301294913515, -0.00722990883514, 0.0150491958484, -0.00810687150806, 0.00401413766667, 0.000215821346501, 0.000305321387714], [0.000585682399105, -0.000245468108915, 0.00101797643583, 0.0010118681239, -0.00200467393734, 0.00388185074553, -7.5180127169e-05, -0.00106807996053, -0.00810687150806, 0.0165226589888, -0.00891598407179, 0.00206512259319, 7.58591122576e-05], [0.000495481479447, -0.00179860775825, -0.000258833577391, -0.00130154960789, 0.00298140384257, -0.00269684265368, 0.00249979272485, -1.89168677025e-05, 0.00401413766667, -0.00891598407179, 0.0166479777545, -0.0085745928809, 0.00300431298092], [-0.00066724664066, 0.00142933009192, -0.00123094499577, 0.00127256324049, -0.00174671388231, 0.00131687568501, -0.00417396053672, 0.000590811658185, 0.000215821346501, 0.00206512259319, -0.0085745928809, 0.021811099723, -0.00937312003225], [0.00061083980836, -0.000923111336306, 0.00142371444963, -0.00165601691697, 0.000289200164843, -0.00146481418051, 0.00195281079505, -0.00331852585077, 0.000305321387714, 7.58591122576e-05, 0.00300431298092, -0.00937312003225, 0.0198464524001]]
    },
    "spectral_contrast_coeffs": {
        "max": [-0.387448072433, -0.432225227356, -0.472846329212, -0.580508708954, -0.604665100574, -0.594408035278],
        "mean": [-0.694290876389, -0.724710702896, -0.709516882896, -0.738307893276, -0.734834551811, -0.729983568192],
        "min": [-0.942168354988, -0.973113119602, -0.970169126987, -0.937079071999, -0.953885734081, -0.926946938038],
        "stdev": [0.0861595124006, 0.0811521857977, 0.0757407397032, 0.0551008805633, 0.048445109278, 0.0350251086056]
    },
    "spectral_contrast_valleys": {
        "max": [-5.77862071991, -4.81897926331, -5.44127464294, -5.53899860382, -5.75611352921, -10.3165864944],
        "mean": [-7.38578414917, -6.3761882782, -7.08745670319, -7.0294470787, -7.2090473175, -11.473031044],
        "min": [-19.1869049072, -18.5070266724, -18.602098465, -19.1397209167, -18.0076694489, -19.5739631653],
        "stdev": [0.81775957346, 0.574300408363, 0.632641851902, 0.563996136189, 0.528797864914, 0.431122124195]
    }
},
"rhythm": {
    "beats_count": 104,
    "beats_loudness": {
        "max": 0.0575736872852,
        "mean": 0.030439985916,
        "min": 0.00539661897346,
        "stdev": 0.00984751805663
    },
    "bpm": 134.838943481,
    "bpm_histogram_first_peak_bpm": 136,
    "bpm_histogram_first_peak_weight": 0.356321871281,
    "bpm_histogram_second_peak_bpm": 129,
    "bpm_histogram_second_peak_spread": 0.0909091234207,
    "bpm_histogram_second_peak_weight": 0.0970873758197,
    "danceability": 1.28354656696,
    "onset_rate": 3.32756781578,
    "beats_loudness_band_ratio": {
        "max": [0.351579576731, 0.698418796062, 0.836340725422, 0.616766810417, 0.52978348732, 0.109974861145],
        "mean": [0.108476825058, 0.236141651869, 0.323638767004, 0.185260057449, 0.198770061135, 0.0326128080487],
        "min": [0.000743968121242, 0.00447479775175, 0.0195674188435, 0.00738380895928, 0.0264912825078, 0.0072250184603],
        "stdev": [0.0862790048122, 0.194509729743, 0.205905660987, 0.139585539699, 0.106276191771, 0.0192458853126]
    },
