{
"metadata": {
    "version": {
        "essentia": "2.1-beta5",
        "essentia_git_sha": "Undefined",
        "extractor": "music 2.0"
    },
    "audio_properties": {
        "analysis": {
            "equal_loudness": 0,
            "length": 39.1372337341,
            "sample_rate": 44100,
            "start_time": 142.744674683,
            "downmix": "mix"
        },
        "bit_rate": 192000,
        "length": 181.90512085,
        "lossless": 0,
        "number_channels": 2,
        "replay_gain": -13.118642807,
        "sample_rate": 44100,
        "codec": "mp3",
        "md5_encoded": "373a2ee85b6a1a446c64ecadda982528"
    },
    "tags": {
        "file_name": "Sweden_Fångad Av En Stormvind_Carola.mp3",
        "encoding": ["Lavf58.29.100"]
    }
},
"lowlevel": {
    "average_loudness": 0.980747163296,
    "barkbands_crest": {
        "max": 23.0708732605,
        "mean": 8.37950611115,
        "min": 2.42358660698,
        "stdev": 4.16364097595
    },
    "barkbands_flatness_db": {
        "max": 0.223790317774,
        "mean": 0.115654945374,
        "min": 0.050487421453,
        "stdev": 0.0277919434011
    },
    "barkbands_kurtosis": {
        "max": 22.9259605408,
        "mean": 0.0191285107285,
        "min": -1.81377768517,
        "stdev": 1.78434109688
    },
    "barkbands_skewness": {
        "max": 4.5388379097,
        "mean": 0.139606282115,
        "min": -1.94759321213,
        "stdev": 0.675288438797
    },
    "barkbands_spread": {
        "max": 70.2403640747,
        "mean": 28.0006427765,
        "min": 4.03654813766,
        "stdev": 11.2094602585
    },
    "dissonance": {
        "max": 0.499999523163,
        "mean": 0.478470951319,
        "min": 0.366417884827,
        "stdev": 0.0196752678603
    },
    "dynamic_complexity": 1.49532771111,
    "erbbands_crest": {
        "max": 30.3476867676,
        "mean": 10.3224601746,
        "min": 2.60223937035,
        "stdev": 5.44145107269
    },
    "erbbands_flatness_db": {
        "max": 0.309457361698,
        "mean": 0.194142952561,
        "min": 0.10683875531,
        "stdev": 0.034729488194
    },
    "erbbands_kurtosis": {
        "max": 12.4578123093,
        "mean": 0.934091746807,
        "min": -1.55076730251,
        "stdev": 2.06623911858
    },
    "erbbands_skewness": {
        "max": 3.23399400711,
        "mean": -0.0516013093293,
        "min": -2.91571640968,
        "stdev": 0.935688376427
    },
    "erbbands_spread": {
        "max": 83.19140625,
        "mean": 27.0941524506,
        "min": 5.43366193771,
        "stdev": 12.2367725372
    },
    "hfc": {
        "max": 100.236419678,
        "mean": 29.3452396393,
        "min": 0.00103294383734,
        "stdev": 14.5345373154
    },
    "loudness_ebu128": {
        "integrated": -11.095615387,
        "loudness_range": 1.05394554138,
        "momentary": {
            "max": -8.73731613159,
            "mean": -11.2348804474,
            "min": -14.6363363266,
            "stdev": 1.12800359726
        },
        "short_term": {
            "max": -10.0429115295,
            "mean": -11.0889205933,
            "min": -12.8362531662,
            "stdev": 0.393074125051
        }
    },
    "melbands_crest": {
        "max": 28.6763038635,
        "mean": 10.9235200882,
        "min": 3.14321756363,
        "stdev": 4.63202619553
    },
    "melbands_flatness_db": {
        "max": 0.282065868378,
        "mean": 0.116001456976,
        "min": 0.0367647223175,
        "stdev": 0.0358892120421
    },
    "melbands_kurtosis": {
        "max": 82.8717346191,
        "mean": 1.65500068665,
        "min": -1.77302670479,
        "stdev": 4.17821502686
    },
    "melbands_skewness": {
        "max": 7.88156890869,
        "mean": 0.909246742725,
        "min": -0.922679543495,
        "stdev": 0.866189002991
    },
    "melbands_spread": {
        "max": 118.501533508,
        "mean": 47.7049179077,
        "min": 4.33637809753,
        "stdev": 19.9216766357
    },
    "pitch_salience": {
        "max": 0.980210602283,
        "mean": 0.578262150288,
        "min": 0.228070214391,
        "stdev": 0.106690444052
    },
    "silence_rate_20dB": {
        "max": 1,
        "mean": 1,
        "min": 1,
        "stdev": 0
    },
    "silence_rate_30dB": {
        "max": 1,
        "mean": 1,
        "min": 1,
        "stdev": 0
    },
    "silence_rate_60dB": {
        "max": 1,
        "mean": 0.0118553647771,
        "min": 0,
        "stdev": 0.108235873282
    },
    "spectral_centroid": {
        "max": 3793.81591797,
        "mean": 2260.62866211,
        "min": 773.539916992,
        "stdev": 461.231018066
    },
    "spectral_complexity": {
        "max": 54,
        "mean": 26.8340244293,
        "min": 0,
        "stdev": 8.57753658295
    },
    "spectral_decrease": {
        "max": -8.43110913658e-14,
        "mean": -4.38263514368e-09,
        "min": -1.21887095972e-08,
        "stdev": 2.01812655476e-09
    },
    "spectral_energy": {
        "max": 0.0522627085447,
        "mean": 0.0192027818412,
        "min": 4.11901254438e-07,
        "stdev": 0.00855745375156
    },
    "spectral_energyband_high": {
        "max": 0.00964692700654,
        "mean": 0.00135636643972,
        "min": 5.32860937597e-08,
        "stdev": 0.000994013855234
    },
    "spectral_energyband_low": {
        "max": 0.0270055215806,
        "mean": 0.00225532660261,
        "min": 5.1155444325e-09,
        "stdev": 0.0032230198849
    },
    "spectral_energyband_middle_high": {
        "max": 0.0489580929279,
        "mean": 0.0116165028885,
        "min": 3.28854071086e-07,
        "stdev": 0.0071572996676
    },
    "spectral_energyband_middle_low": {
        "max": 0.0303908009082,
        "mean": 0.00441513722762,
        "min": 2.63623824992e-08,
        "stdev": 0.00376702751964
    },
    "spectral_entropy": {
        "max": 8.72541332245,
        "mean": 7.78728199005,
        "min": 6.89064455032,
        "stdev": 0.212963595986
    },
    "spectral_flux": {
        "max": 0.199695244431,
        "mean": 0.0902973264456,
        "min": 0.0230096448213,
        "stdev": 0.0294173322618
    },
    "spectral_kurtosis": {
        "max": 12.6417770386,
        "mean": 3.00735926628,
        "min": 0.0572845935822,
        "stdev": 1.65871393681
    },
    "spectral_rms": {
        "max": 0.00714058894664,
        "mean": 0.0042019574903,
        "min": 2.00463182409e-05,
        "stdev": 0.00103824224789
    },
    "spectral_rolloff": {
        "max": 7450.48828125,
        "mean": 2768.80029297,
        "min": 150.732421875,
        "stdev": 1010.55560303
    },
    "spectral_skewness": {
        "max": 2.14889740944,
        "mean": 1.05633032322,
        "min": 0.277562350035,
        "stdev": 0.284576833248
    },
    "spectral_spread": {
        "max": 20160202,
        "mean": 3671108.25,
        "min": 2185315.75,
        "stdev": 730657.6875
    },
    "spectral_strongpeak": {
        "max": 11.880736351,
        "mean": 2.10918998718,
        "min": 0.000300104497001,
        "stdev": 2.02189660072
    },
    "zerocrossingrate": {
        "max": 0.21142578125,
        "mean": 0.0924715548754,
        "min": 0.0322265625,
        "stdev": 0.0227972082794
    },
    "barkbands": {
        "max": [0.00074720941484, 0.017514616251, 0.0184855405241, 0.0063593396917, 0.0211478266865, 0.0131334885955, 0.0108761405572, 0.0152749512345, 0.0146056143567, 0.0315585210919, 0.0369561389089, 0.0274572651833, 0.0136781549081, 0.0161115210503, 0.0161600448191, 0.0201276149601, 0.0244640447199, 0.020694591105, 0.00800039153546, 0.00405302876607, 0.00405292632058, 0.00306165567599, 0.00146527239121, 0.000646492291708, 0.000235380939557, 4.14427922806e-05, 1.42071286291e-07],
        "mean": [6.64188410155e-05, 0.000888863229193, 0.00106730824336, 0.000498999608681, 0.00136586721055, 0.000630007532891, 0.000521477428265, 0.000318033853546, 0.000719999545254, 0.00171603506897, 0.00262769754045, 0.000912735471502, 0.000774249609094, 0.000652563932817, 0.00105415016878, 0.000756906229071, 0.00139446533285, 0.000842606241349, 0.000768092286307, 0.000562816974707, 0.000510871992446, 0.000311769894324, 0.000147400278365, 6.62794409436e-05, 2.43706963374e-05, 2.79846426565e-06, 7.19371950897e-10],
        "min": [1.43022438337e-09, 2.10321182692e-09, 1.86962179072e-09, 1.29282218264e-09, 6.05542282983e-09, 7.46872874657e-09, 4.64359706243e-09, 2.13504280921e-09, 2.82941758911e-09, 1.07892024204e-08, 2.48973712758e-08, 4.87371991653e-08, 3.24261577589e-08, 8.52647374927e-09, 2.19976712401e-08, 5.84841757245e-08, 6.58897789663e-08, 3.18206652139e-08, 7.57632179216e-09, 3.88708727428e-08, 7.63579777185e-09, 6.01064265027e-09, 4.03117139669e-09, 4.63475879897e-09, 4.24422408329e-09, 2.88625412459e-09, 6.49364416405e-12],
        "stdev": [6.72421665513e-05, 0.00180720281787, 0.00164574664086, 0.000749434286263, 0.0021688521374, 0.00118439353537, 0.000809505698271, 0.000658325268887, 0.00114665110596, 0.00304942508228, 0.00511370273307, 0.00232229055837, 0.00131439440884, 0.00107858213596, 0.00167059560772, 0.00133118731901, 0.00248881196603, 0.00122927431948, 0.00071490299888, 0.00047233706573, 0.000453303422546, 0.000301199877867, 0.000139365132782, 6.0688740632e-05, 2.24296945817e-05, 3.26094618686e-06, 3.55658102968e-09]
    },
    "erbbands": {
        "max": [0.491977930069, 4.80141401291, 20.4346313477, 16.2112007141, 48.8162727356, 101.504951477, 65.6941604614, 163.234375, 159.743850708, 93.0836791992, 440.062438965, 420.163299561, 548.700256348, 1128.32629395, 1934.24951172, 1098.88171387, 672.090026855, 888.56640625, 882.723266602, 653.671264648, 1172.08337402, 1247.95935059, 1315.84289551, 631.699645996, 311.252868652, 208.151473999, 182.903121948, 121.188835144, 106.81300354, 60.9654083252, 39.4619369507, 17.3580856323, 13.5381917953, 2.69853305817, 1.59029579163, 0.345437139273, 0.00771248992532, 0.00087923015235, 5.64457914152e-05, 6.7320841481e-05],
        "mean": [0.0218385159969, 0.224160596728, 1.11328363419, 1.52719080448, 3.41074466705, 5.00445556641, 3.22832584381, 5.87302494049, 7.48034715652, 6.50846529007, 9.11416912079, 15.4217309952, 39.786441803, 82.7131958008, 78.5056686401, 39.1928024292, 36.691368103, 33.9443740845, 41.766166687, 53.3116149902, 51.0405845642, 76.6671218872, 49.502155304, 50.0696372986, 29.2311592102, 24.6657581329, 23.8262233734, 16.6667308807, 11.9130954742, 8.02742671967, 3.46806192398, 1.61525559425, 1.00837266445, 0.322269201279, 0.153464376926, 0.0342657268047, 0.000849761243444, 4.65024859295e-05, 1.82837902685e-05, 2.65655489784e-05],
        "min": [5.94601665682e-08, 4.97024529977e-07, 2.02130286198e-06, 3.31463002112e-06, 1.26411259771e-05, 2.01958682737e-05, 4.25990983786e-05, 6.1244412791e-05, 6.50711081107e-05, 6.33478048258e-05, 4.20323340222e-05, 5.9755428083e-05, 0.000215626947465, 0.000611963914707, 0.00131942727603, 0.00199018744752, 0.00158392114099, 0.000670901325066, 0.000602696207352, 0.00205743010156, 0.00346027268097, 0.00366844027303, 0.00213308609091, 0.000681831035763, 0.000637358636595, 0.0019440180622, 0.000718426366802, 0.000191364131751, 0.000221979702474, 0.000116208328109, 0.000107061539893, 0.000133131456096, 6.52136368444e-05, 4.53531938547e-05, 3.2502317481e-05, 1.23019826788e-05, 5.03844466948e-06, 1.58462091804e-06, 2.91288017706e-07, 2.85737282724e-08],
        "stdev": [0.0419586636126, 0.483197420835, 1.8655538559, 1.97550630569, 5.38417625427, 8.20767784119, 4.83054876328, 12.3370084763, 12.845158577, 8.70575523376, 17.5562477112, 25.3631000519, 65.4270706177, 127.612724304, 174.238250732, 90.9993972778, 58.4623718262, 50.4686088562, 70.2315292358, 72.0281143188, 81.3529663086, 131.367324829, 73.251449585, 52.7553024292, 23.8377532959, 20.8602485657, 21.5098724365, 14.4460811615, 11.0535125732, 7.93512773514, 3.45878195763, 1.50041985512, 0.948077321053, 0.291007995605, 0.147544935346, 0.034600649029, 0.000830181175843, 4.03227968491e-05, 7.77244167693e-06, 1.12540556074e-05]
    },
    "gfcc": {
        "mean": [9.05585098267, 77.3999481201, -172.552139282, 53.8847808838, -70.6789169312, 23.1357059479, -34.0471687317, 8.43825340271, -24.6110172272, -7.83904314041, -13.0644807816, -5.65896511078, 1.36833560467],
        "cov": [[953.794494629, 108.328735352, 114.995040894, 158.115921021, -38.066986084, -63.9138755798, -70.5553970337, -65.3735580444, -29.8114433289, -33.8416175842, -31.5717086792, -34.9089775085, -36.6380081177], [108.328735352, 373.26953125, 188.845535278, 74.5382537842, 78.4554290771, -7.78176546097, 32.3128700256, -41.6885604858, -19.2402153015, -56.7425613403, -10.6056957245, -38.420009613, -10.2234916687], [114.995040894, 188.845535278, 410.939941406, 196.25932312, 24.9496326447, 8.66267871857, -62.4492645264, -23.9556217194, -58.5262031555, -12.7143917084, -44.8611068726, -8.72937488556, -50.5969009399], [158.115921021, 74.5382537842, 196.25932312, 277.903076172, 34.1846733093, -96.6816864014, -102.364593506, -38.0634651184, 20.8563537598, -13.3124732971, -21.3281936646, -6.61666107178, -26.380531311], [-38.066986084, 78.4554290771, 24.9496326447, 34.1846733093, 174.341125488, 53.5058784485, 31.2274684906, 46.2286643982, 18.939907074, 7.72024536133, -7.01805019379, -6.73912382126, -2.76350712776], [-63.9138755798, -7.78176546097, 8.66267871857, -96.6816864014, 53.5058784485, 241.793945312, 150.852661133, -5.23451185226, -64.3004074097, 2.90688753128, -2.66282320023, -22.039144516, -17.9762420654], [-70.5553970337, 32.3128700256, -62.4492645264, -102.364593506, 31.2274684906, 150.852661133, 196.35609436, 34.6764602661, -36.1765022278, -18.7447967529, 10.9091081619, -14.4447870255, 7.6295042038], [-65.3735580444, -41.6885604858, -23.9556217194, -38.0634651184, 46.2286643982, -5.23451185226, 34.6764602661, 160.790313721, 73.1046218872, 33.6019477844, -6.2566409111, 17.5992069244, 5.94590091705], [-29.8114433289, -19.2402153015, -58.5262031555, 20.8563537598, 18.939907074, -64.3004074097, -36.1765022278, 73.1046218872, 120.163986206, 40.1255607605, 4.05353689194, 2.41187500954, 7.26131772995], [-33.8416175842, -56.7425613403, -12.7143917084, -13.3124732971, 7.72024536133, 2.90688753128, -18.7447967529, 33.6019477844, 40.1255607605, 100.391563416, 30.1049900055, 1.80656754971, -15.7204179764], [-31.5717086792, -10.6056957245, -44.8611068726, -21.3281936646, -7.01805019379, -2.66282320023, 10.9091081619, -6.2566409111, 4.05353689194, 30.1049900055, 73.2095489502, 26.3413772583, 6.94636726379], [-34.9089775085, -38.420009613, -8.72937488556, -6.61666107178, -6.73912382126, -22.039144516, -14.4447870255, 17.5992069244, 2.41187500954, 1.80656754971, 26.3413772583, 66.6433486938, 33.3204650879], [-36.6380081177, -10.2234916687, -50.5969009399, -26.380531311, -2.76350712776, -17.9762420654, 7.6295042038, 5.94590091705, 7.26131772995, -15.7204179764, 6.94636726379, 33.3204650879, 68.3616943359]],
        "icov": [[0.0013845594367, -0.00147319259122, 0.00165063957684, -0.00192157819401, 0.00148308568168, -0.00127596734092, 0.0014754893491, -0.00148047902621, 0.00183688127436, -0.000623030646238, 0.00077670783503, -0.000202264694963, 0.000371700036339], [-0.00147319259122, 0.014441261068, -0.0145746348426, 0.0108360415325, -0.010830970481, 0.0124670881778, -0.0125923361629, 0.0128825297579, -0.0126778529957, 0.00777713954449, -0.00697075203061, 0.00760730681941, -0.00197464926168], [0.00165063957684, -0.0145746348426, 0.0207511801273, -0.0160126499832, 0.0118342740461, -0.0150909926742, 0.0150905139744, -0.0162170697004, 0.0179432947189, -0.00852426048368, 0.00874847080559, -0.00820964481682, 0.00336730363779], [-0.00192157819401, 0.0108360415325, -0.0160126499832, 0.0186388548464, -0.0115894414485, 0.0137104345486, -0.0108010871336, 0.0149955190718, -0.0152878332883, 0.00700703496113, -0.00489859189838, 0.00397035153583, 0.000767509685829], [0.00148308568168, -0.010830970481, 0.0118342740461, -0.0115894414485, 0.0164411943406, -0.0134231308475, 0.0109904240817, -0.0135790230706, 0.00986319966614, -0.00510138226673, 0.00409187655896, -0.00352962384932, -0.000365054700524], [-0.00127596734092, 0.0124670881778, -0.0150909926742, 0.0137104345486, -0.0134231308475, 0.0244944170117, -0.0211517550051, 0.0165448207408, -0.0101290997118, 0.00216936855577, -0.00165373354685, 0.00359877524897, 0.00211074552499], [0.0014754893491, -0.0125923361629, 0.0150905139744, -0.0108010871336, 0.0109904240817, -0.0211517550051, 0.0278967861086, -0.0197586901486, 0.015395976603, -0.000772356521338, -0.00135629973374, 0.00124016089831, -0.00288369739428], [-0.00148047902621, 0.0128825297579, -0.0162170697004, 0.0149955190718, -0.0135790230706, 0.0165448207408, -0.0197586901486, 0.0285209510475, -0.0223091393709, 0.0031444132328, 0.00101611076389, -0.00277148699388, 0.00278353854083], [0.00183688127436, -0.0126778529957, 0.0179432947189, -0.0152878332883, 0.00986319966614, -0.0101290997118, 0.015395976603, -0.0223091393709, 0.0331858731806, -0.0115447435528, 0.0051792464219, -0.000573324796278, -0.00199987762608], [-0.000623030646238, 0.00777713954449, -0.00852426048368, 0.00700703496113, -0.00510138226673, 0.00216936855577, -0.000772356521338, 0.0031444132328, -0.0115447435528, 0.0218841917813, -0.01350388024, 0.0073863780126, 0.00143166212365], [0.00077670783503, -0.00697075203061, 0.00874847080559, -0.00489859189838, 0.00409187655896, -0.00165373354685, -0.00135629973374, 0.00101611076389, 0.0051792464219, -0.01350388024, 0.028617458418, -0.0176843740046, 0.00580830080435], [-0.000202264694963, 0.00760730681941, -0.00820964481682, 0.00397035153583, -0.00352962384932, 0.00359877524897, 0.00124016089831, -0.00277148699388, -0.000573324796278, 0.0073863780126, -0.0176843740046, 0.0354014486074, -0.0163073055446], [0.000371700036339, -0.00197464926168, 0.00336730363779, 0.000767509685829, -0.000365054700524, 0.00211074552499, -0.00288369739428, 0.00278353854083, -0.00199987762608, 0.00143166212365, 0.00580830080435, -0.0163073055446, 0.0258402954787]]
    },
    "melbands": {
        "max": [0.00375428050756, 0.00775621412322, 0.00291248690337, 0.0059979618527, 0.00181611976586, 0.00314487796277, 0.00237147533335, 0.00128821970429, 0.00376015622169, 0.00267349928617, 0.00324199465103, 0.00508092250675, 0.00518914684653, 0.00258003990166, 0.00339117320254, 0.00174431083724, 0.00195504142903, 0.00155381159857, 0.00144868297502, 0.00154008774552, 0.00125684973318, 0.00186298717745, 0.00120363140013, 0.00128534529358, 0.000614340766333, 0.00041365204379, 0.000236434716498, 0.000174660861376, 0.000126323182485, 0.000148860039189, 6.90792076057e-05, 5.65549598832e-05, 6.94619229762e-05, 3.12894226226e-05, 2.87459188257e-05, 1.52885877469e-05, 1.02744779724e-05, 1.42295875776e-05, 3.33034813593e-06, 2.4957801088e-06],
        "mean": [0.000220533605898, 0.000474062690046, 0.00031272409251, 0.000340745027643, 0.000123123987578, 0.00013082876103, 0.000113853900984, 6.84886617819e-05, 8.05842064437e-05, 0.00010126295092, 0.000203791903914, 0.000329279835569, 0.000313173601171, 0.000105096223706, 0.000105041384813, 7.52684209147e-05, 6.11080613453e-05, 6.01192041358e-05, 9.00104423636e-05, 5.65077425563e-05, 6.09923481534e-05, 9.01042512851e-05, 4.53348184237e-05, 4.24088138971e-05, 4.18468771386e-05, 2.30387558986e-05, 1.91655872186e-05, 1.57987251441e-05, 1.48564304254e-05, 1.33896819534e-05, 8.4088942458e-06, 6.9746652116e-06, 5.43883379578e-06, 4.05453283747e-06, 2.09117615668e-06, 1.3175604181e-06, 8.5109235215e-07, 7.86073712788e-07, 4.64564863023e-07, 2.10892906694e-07],
        "min": [6.27809026987e-10, 9.12062758651e-10, 8.37700853129e-10, 1.2459926424e-09, 1.34221522785e-09, 1.40484945899e-09, 9.86138282144e-10, 6.38593233848e-10, 2.97049274067e-10, 4.18285101e-10, 1.0837273301e-09, 2.2807471467e-09, 3.88124998807e-09, 5.40717026709e-09, 4.60542715075e-09, 2.81351097975e-09, 1.0008351925e-09, 6.83754275421e-10, 2.01398830946e-09, 3.5292790912e-09, 4.15394740827e-09, 4.00789401667e-09, 2.78262879405e-09, 1.26345922613e-09, 4.6981352142e-10, 2.22932533545e-10, 9.36896449311e-10, 1.39264377808e-09, 5.40717415287e-10, 1.93776647506e-10, 7.80345787987e-11, 1.51882617594e-10, 7.94779103641e-11, 5.63609506288e-11, 4.93044632899e-11, 8.12054659627e-11, 8.99509008945e-11, 4.76552998452e-11, 3.05622228913e-11, 3.99004544682e-11],
        "stdev": [0.000405450031394, 0.00080312625505, 0.000385619845474, 0.000569431693293, 0.000162130774697, 0.000257119652815, 0.000184104646905, 9.62456033449e-05, 0.000153930435772, 0.000175122142537, 0.000357575336238, 0.000516833097208, 0.000647961103823, 0.000246190698817, 0.000260134896962, 0.000137366820127, 0.000100861412648, 0.000121360120829, 0.000147282349644, 9.44815765251e-05, 0.000114247515739, 0.000174286789843, 7.24176643416e-05, 6.9529938628e-05, 4.80978524138e-05, 2.31326248468e-05, 1.90783757716e-05, 1.52242491822e-05, 1.39216908792e-05, 1.36213602673e-05, 7.94630705059e-06, 6.49412095299e-06, 6.2919548327e-06, 3.90194691136e-06, 2.38498387262e-06, 1.27027044527e-06, 8.15859664272e-07, 8.29216730835e-07, 4.18960297566e-07, 2.17656221935e-07]
    },
    "melbands128": {
        "max": [0.000652633840218, 0.00431288592517, 0.00549700297415, 0.00974978134036, 0.0113859688863, 0.00757513381541, 0.0039616371505, 0.00346296303906, 0.00568330008537, 0.0102629577741, 0.00599943613634, 0.00136800925247, 0.00213299132884, 0.00437769247219, 0.00571716856211, 0.00471683684736, 0.00469357846305, 0.00356140453368, 0.00249508139677, 0.00128430430777, 0.0028618266806, 0.00275703147054, 0.00698699429631, 0.00214711949229, 0.0038298103027, 0.00411214260384, 0.00564605649561, 0.0041741291061, 0.00957835931331, 0.0106927137822, 0.00597331300378, 0.0101504223421, 0.0105688553303, 0.0145270787179, 0.00422230921686, 0.003761081025, 0.00620893063024, 0.00669405935332, 0.00321290758438, 0.0029983331915, 0.0020653619431, 0.00444158725441, 0.00322952936403, 0.00220505008474, 0.00197589560412, 0.00348511361517, 0.00259502511472, 0.00239079096355, 0.00194250978529, 0.0020450395532, 0.00311094289646, 0.00380947301164, 0.00210644840263, 0.00285808555782, 0.00388417812064, 0.00309221679345, 0.00166903366335, 0.0016585792182, 0.00151885021478, 0.00229624588974, 0.00181772350334, 0.000974027789198, 0.00117924110964, 0.000636853685137, 0.000481467111968, 0.000925949250814, 0.000282120832708, 0.000276788108749, 0.00038404201041, 0.000262907735305, 0.000225758107263, 0.000313731143251, 0.000254841172136, 0.00021621659107, 0.000322597479681, 0.000220871515921, 0.000199602203793, 0.000173210413777, 8.42029985506e-05, 6.60173172946e-05, 6.53359966236e-05, 6.46948610665e-05, 8.55169200804e-05, 9.13796029636e-05, 7.11799075361e-05, 4.782556789e-05, 3.54534749931e-05, 4.63953583676e-05, 4.23342316935e-05, 1.55023553816e-05, 2.32087204495e-05, 2.33187583945e-05, 1.52440843522e-05, 1.13892956506e-05, 8.04844785307e-06, 1.62752457982e-05, 2.15850486711e-05, 7.08875086275e-06, 4.37775133832e-06, 4.78687525174e-06, 2.30531327361e-06, 2.73562886832e-06, 4.15878412241e-06, 4.38164079242e-06, 2.06033951144e-06, 1.53280689119e-06, 2.82391511064e-06, 1.62066578469e-06, 4.50721046263e-07, 1.62947753068e-08, 1.21530367991e-08, 1.25704833209e-08, 1.25710828414e-08, 1.29285346873e-08, 1.26165176084e-08, 1.17983978143e-08, 5.72609337723e-09, 4.96919311255e-11, 4.02313078685e-11, 3.919118155e-11, 3.82317857928e-11, 3.7407080905e-11, 3.6658787117e-11, 3.6008168669e-11, 3.55084919801e-11, 3.50921861014e-11, 3.47881133622e-11, 3.45608125452e-11],
        "mean": [4.74878615933e-05, 0.000160994706675, 0.000266871007625, 0.000382711703423, 0.000571728567593, 0.000490715436172, 0.000298460712656, 0.000248247553827, 0.000319796934491, 0.000475888868095, 0.000266396615189, 0.00010222839046, 9.57054216997e-05, 0.000122520330478, 0.000138551418786, 0.000129313091747, 0.000126384227769, 0.000110085667984, 0.000107911495434, 5.89042429056e-05, 5.99453451287e-05, 6.01846986683e-05, 8.68894276209e-05, 0.000101222605736, 7.52137639211e-05, 0.000116876355605, 0.000122176468722, 0.000196611232241, 0.000303194858134, 0.000241609479417, 0.000350368150976, 0.000483271112898, 0.000295453355648, 0.000261662091361, 8.53263118188e-05, 6.0750204284e-05, 0.000107882740849, 0.000147301179823, 6.68021821184e-05, 6.94260234013e-05, 9.19752637856e-05, 5.87353861192e-05, 5.53658137505e-05, 6.67714921292e-05, 6.12820294918e-05, 5.42770430911e-05, 5.86734313401e-05, 0.000114336871775, 9.79788455879e-05, 4.56276393379e-05, 5.79683364776e-05, 5.88134789723e-05, 4.32775341324e-05, 6.04171327723e-05, 0.000103873528133, 0.000103835642221, 7.34271088731e-05, 4.22084049205e-05, 3.36543744197e-05, 5.22967020515e-05, 4.1876341129e-05, 3.44749896612e-05, 4.93918050779e-05, 4.2041290726e-05, 3.45143998857e-05, 2.18443346967e-05, 1.5894702301e-05, 2.05427641049e-05, 2.1717418349e-05, 1.38111827255e-05, 1.45361855175e-05, 1.88324283954e-05, 1.52240954776e-05, 1.26871746033e-05, 1.56539153977e-05, 1.67278103618e-05, 1.00029119494e-05, 9.87095700111e-06, 8.54386144056e-06, 6.74663488098e-06, 7.16749491403e-06, 6.98737630955e-06, 6.35519381831e-06, 5.07798586113e-06, 5.09492429046e-06, 4.51218647868e-06, 3.89450769944e-06, 2.68654434876e-06, 2.06431036531e-06, 1.44751788866e-06, 1.65880157965e-06, 1.21333482639e-06, 9.28639565245e-07, 7.56724830353e-07, 8.97909956166e-07, 8.66407219746e-07, 7.51179641156e-07, 6.55379665204e-07, 5.45999000678e-07, 3.69247572962e-07, 1.31362412503e-07, 2.09864950307e-07, 2.5347910082e-07, 1.83576531754e-07, 1.77910877142e-07, 1.37947893109e-07, 1.67678962271e-07, 1.29077150746e-07, 2.72317350891e-08, 4.76059816568e-11, 1.18257521831e-11, 1.13325624926e-11, 1.10704466427e-11, 1.11392050098e-11, 1.08178223324e-11, 1.02034934321e-11, 6.49109412054e-12, 3.01540888613e-12, 2.89603822694e-12, 2.81527318818e-12, 2.74254772538e-12, 2.68109080943e-12, 2.62244154343e-12, 2.57285273815e-12, 2.53436551259e-12, 2.50486328728e-12, 2.48199724662e-12, 2.46605600523e-12],
        "min": [6.51438625265e-10, 5.09927433612e-10, 5.95252958036e-10, 8.87679707517e-10, 1.06640296593e-09, 8.66905214281e-10, 5.6463894671e-10, 7.36094241116e-10, 1.35010003177e-09, 1.48833523284e-09, 1.012356865e-09, 9.57673829127e-10, 1.50226853179e-09, 1.74507897022e-09, 1.40202671695e-09, 1.24301835491e-09, 1.14938247808e-09, 8.89143092486e-10, 8.55608472961e-10, 7.80105757769e-10, 4.65504412794e-10, 3.89505261378e-10, 3.17560339136e-10, 1.40868358645e-10, 2.33269903394e-10, 5.86247550505e-10, 7.24142856789e-10, 1.05569819553e-09, 1.42990241869e-09, 1.79339132433e-09, 2.65259814114e-09, 3.11278047782e-09, 3.86023568666e-09, 4.27517043988e-09, 5.37424460489e-09, 5.7767053363e-09, 5.5423252654e-09, 4.70375471906e-09, 3.96537425118e-09, 3.61699226126e-09, 2.55355336876e-09, 1.69017555507e-09, 1.12478204528e-09, 5.6157561934e-10, 4.26383262031e-10, 6.1138821783e-10, 1.02338360009e-09, 1.82458481657e-09, 2.38453545798e-09, 3.09193093351e-09, 3.54001450376e-09, 4.22931512034e-09, 4.03743483091e-09, 4.14441281293e-09, 4.38125891122e-09, 4.16410106396e-09, 3.55706264443e-09, 3.21539439518e-09, 2.51331844225e-09, 1.90024485036e-09, 1.19426923906e-09, 8.54008808115e-10, 5.61984458969e-10, 3.8540870495e-10, 2.51699577847e-10, 1.27374596981e-10, 2.16924672669e-10, 5.40086086964e-10, 1.05042419207e-09, 1.59014557077e-09, 1.6116388224e-09, 1.23097698701e-09, 8.06691602406e-10, 3.91913668185e-10, 2.50706955196e-10, 2.41118597311e-10, 1.64662436464e-10, 4.88544309174e-11, 2.45459746279e-11, 1.45580478228e-10, 2.05958763932e-10, 1.39410399891e-10, 7.00264984888e-11, 8.06172073542e-11, 8.32471591661e-11, 4.84510417897e-11, 5.46681346025e-11, 5.47722908695e-11, 2.84635561648e-11, 5.12523704033e-11, 1.21070833914e-10, 7.87368781285e-11, 3.39121682125e-11, 1.27109253678e-10, 1.03948072372e-10, 3.0549521246e-11, 5.79501585607e-11, 3.10906474177e-11, 2.05831740541e-11, 4.145635224e-11, 2.50844935101e-11, 5.711901091e-11, 2.63737903045e-11, 5.93443003072e-11, 5.72041303215e-11, 1.08459725576e-11, 1.29691144976e-11, 2.52827810771e-11, 2.45071463123e-11, 2.54476669771e-13, 2.50317904019e-14, 1.92377377591e-14, 1.99637652736e-14, 2.45027895272e-14, 2.62190714018e-14, 2.77859197239e-14, 1.38901976875e-14, 2.36030914594e-14, 2.52221203992e-14, 2.75422825551e-14, 2.25805770024e-14, 1.78987751812e-14, 1.96017298394e-14, 2.05488634463e-14, 2.36467560078e-14, 2.52459914817e-14, 2.71810145328e-14, 2.79279654551e-14],
        "stdev": [5.14406310685e-05, 0.000345589010976, 0.000543318339624, 0.000981677789241, 0.0010970850708, 0.000714251538739, 0.000412039691582, 0.000417351722717, 0.000538430409506, 0.00092971714912, 0.000459843984572, 0.000139547657454, 0.000163206947036, 0.00027937348932, 0.000364310311852, 0.000316126272082, 0.000281847955193, 0.00023998960387, 0.000190823033336, 0.000101610356069, 0.00013242966088, 0.000158004608238, 0.00023660583247, 0.000197473404114, 0.000186074248631, 0.000295810314128, 0.000312980002491, 0.000399854470743, 0.000788488367107, 0.000615554745309, 0.000750403385609, 0.00120499962941, 0.000834669277538, 0.00103052193299, 0.000302424567053, 0.000214323124965, 0.000438491668319, 0.000453054526588, 0.000192867373698, 0.000188781035831, 0.000201936432859, 0.000189138532733, 0.000128676343593, 0.000149774699821, 0.000162061551237, 0.000203794726986, 0.00016756329569, 0.000238210515818, 0.00020091526676, 0.000123178382637, 0.000144414778333, 0.000163463992067, 0.000122472571093, 0.000174195432919, 0.000315630924888, 0.000264848087681, 0.000166952580912, 0.000117883144412, 7.76485685492e-05, 0.000113914225949, 0.000106109320768, 8.03196453489e-05, 8.67253547767e-05, 6.43731764285e-05, 4.68615435238e-05, 3.76575007976e-05, 2.08573146665e-05, 2.49008135143e-05, 2.8706390367e-05, 1.87981877389e-05, 1.95150769287e-05, 2.39142555074e-05, 1.8327478756e-05, 1.80407569133e-05, 2.30915975408e-05, 2.27277178055e-05, 1.29569425553e-05, 1.29639984152e-05, 1.0273686712e-05, 7.65342156228e-06, 7.84082840255e-06, 7.67733672546e-06, 8.64951471158e-06, 7.29498151486e-06, 6.50692663839e-06, 5.18385695614e-06, 4.12143845097e-06, 3.65651999346e-06, 3.03689171233e-06, 1.61243997354e-06, 1.8316106889e-06, 1.43392128393e-06, 1.1709366845e-06, 8.69971870543e-07, 9.20136756122e-07, 1.14290412512e-06, 1.00538056813e-06, 7.30551732886e-07, 5.6716595509e-07, 3.85634166378e-07, 1.61461684911e-07, 2.56044273783e-07, 3.10803415005e-07, 2.65416787215e-07, 1.9346171598e-07, 1.3985230396e-07, 1.93153809391e-07, 1.47142756646e-07, 3.97129795715e-08, 4.05801642289e-10, 2.95779178927e-10, 3.05915515142e-10, 3.0592989253e-10, 3.14629960974e-10, 3.0703700693e-10, 2.87126100673e-10, 1.39364478291e-10, 4.36330268791e-12, 4.07851660431e-12, 3.95917283333e-12, 3.8550343473e-12, 3.76692774195e-12, 3.68313279181e-12, 3.61724235634e-12, 3.56154103605e-12, 3.51385608978e-12, 3.48219912107e-12, 3.45951500953e-12]
    },
    "mfcc": {
        "mean": [-606.720703125, 83.560760498, -32.1454238892, 24.5482597351, -8.69000911713, 8.7534198761, 0.434009611607, 9.97091197968, 1.11023533344, -0.957505881786, -5.90031671524, -4.25654411316, -4.24144172668],
        "cov": [[988.594543457, -36.8516693115, 64.2311401367, 120.078689575, -16.9450340271, -8.30977249146, -69.907989502, -47.2766952515, -48.2560195923, -42.7221107483, -14.8076152802, 1.43540751934, -39.3296089172], [-36.8516693115, 329.148681641, 70.7501907349, 24.7528362274, 39.8017272949, 31.857339859, 68.4875183105, 32.2460250854, 13.2583866119, 14.0172233582, -3.10974597931, -28.2899036407, -8.88156604767], [64.2311401367, 70.7501907349, 379.820678711, 156.943649292, 53.8610992432, 53.9689025879, -3.55580282211, -25.287197113, -48.3851699829, -44.3473091125, -23.4398880005, -39.6554222107, -1.54711198807], [120.078689575, 24.7528362274, 156.943649292, 325.767059326, 136.008544922, -63.1997947693, -119.966522217, -37.5814971924, -12.0055685043, -43.7394218445, -22.3496112823, 27.8599243164, 1.43536615372], [-16.9450340271, 39.8017272949, 53.8610992432, 136.008544922, 179.272644043, -13.2823972702, -53.370880127, -7.50560045242, 22.9578590393, -4.32512235641, 0.83747792244, 24.6393699646, 17.1036243439], [-8.30977249146, 31.857339859, 53.9689025879, -63.1997947693, -13.2823972702, 181.778411865, 118.936950684, 10.0999078751, -26.2089118958, 7.16857910156, -7.21902799606, -47.9090270996, -2.51639652252], [-69.907989502, 68.4875183105, -3.55580282211, -119.966522217, -53.370880127, 118.936950684, 207.226379395, 63.077495575, 4.17658138275, 21.2744979858, 6.42364931107, -32.1266288757, 0.569770693779], [-47.2766952515, 32.2460250854, -25.287197113, -37.5814971924, -7.50560045242, 10.0999078751, 63.077495575, 102.262405396, 51.8952445984, 7.0851316452, -3.42867541313, -1.26004076004, 4.32392072678], [-48.2560195923, 13.2583866119, -48.3851699829, -12.0055685043, 22.9578590393, -26.2089118958, 4.17658138275, 51.8952445984, 100.995536804, 42.7454833984, 11.1405973434, 11.1357040405, 0.443327337503], [-42.7221107483, 14.0172233582, -44.3473091125, -43.7394218445, -4.32512235641, 7.16857910156, 21.2744979858, 7.0851316452, 42.7454833984, 92.953742981, 46.1428070068, 1.90837597847, -12.628651619], [-14.8076152802, -3.10974597931, -23.4398880005, -22.3496112823, 0.83747792244, -7.21902799606, 6.42364931107, -3.42867541313, 11.1405973434, 46.1428070068, 84.6550750732, 37.8828048706, -0.0386875830591], [1.43540751934, -28.2899036407, -39.6554222107, 27.8599243164, 24.6393699646, -47.9090270996, -32.1266288757, -1.26004076004, 11.1357040405, 1.90837597847, 37.8828048706, 85.6558151245, 29.4511680603], [-39.3296089172, -8.88156604767, -1.54711198807, 1.43536615372, 17.1036243439, -2.51639652252, 0.569770693779, 4.32392072678, 0.443327337503, -12.628651619, -0.0386875830591, 29.4511680603, 62.8640174866]],
        "icov": [[0.00116299255751, 3.45861772075e-05, 3.14164863084e-05, -0.00055143161444, 0.000547390489373, -0.000409595813835, 0.00030690789572, 0.000113341608085, 8.90901210369e-05, 0.000355578260496, -3.10153191094e-05, -0.000369564921129, 0.000813871214632], [3.45861772075e-05, 0.0037987253163, -0.000531308702193, -0.000299973180518, -0.001194921555, 0.000914521340746, -0.00184344348963, -0.000550214783289, 0.00026591392816, -0.000696569331922, -5.18023734912e-05, 0.00116940261796, 0.000278677500319], [3.14164863084e-05, -0.000531308702193, 0.00442813895643, -0.0026997574605, 0.000371459027519, -0.00133753428236, -0.00011822921806, 9.42762126215e-05, 0.000684638798703, 0.00143208121881, -0.00177723472007, 0.00290597113781, -0.00112445710693], [-0.00055143161444, -0.000299973180518, -0.0026997574605, 0.0078479712829, -0.00432071276009, 0.00141850928776, 0.00186595134437, 0.00011124539742, 0.0005128121702, 0.0004345557536, 0.0022480788175, -0.00292281946167, 0.00202913815156], [0.000547390489373, -0.001194921555, 0.000371459027519, -0.00432071276009, 0.0102901272476, -0.00288105173968, 0.00207385420799, 0.000622250547167, -0.00336654414423, 0.000411119137425, -0.000730737112463, -0.00115507619921, -0.00204813037999], [-0.000409595813835, 0.000914521340746, -0.00133753428236, 0.00141850928776, -0.00288105173968, 0.0120449662209, -0.00700752809644, 0.00151159893721, 0.00261938618496, -0.0013969570864, 0.000126411992824, 0.00425577163696, -0.00125961971935], [0.00030690789572, -0.00184344348963, -0.00011822921806, 0.00186595134437, 0.00207385420799, -0.00700752809644, 0.0132796680555, -0.00685287592933, 0.00188709807117, -0.00117238250095, -0.000812702404801, -0.00056834431598, -0.000590764044318], [0.000113341608085, -0.000550214783289, 9.42762126215e-05, 0.00011124539742, 0.000622250547167, 0.00151159893721, -0.00685287592933, 0.0197672508657, -0.0117258140817, 0.0054634953849, 0.00029711597017, -0.000521868816577, 1.15610355351e-05], [8.90901210369e-05, 0.00026591392816, 0.000684638798703, 0.0005128121702, -0.00336654414423, 0.00261938618496, 0.00188709807117, -0.0117258140817, 0.0222164560109, -0.0113917412236, 0.0037587385159, -0.00108220928814, -2.71570097539e-05], [0.000355578260496, -0.000696569331922, 0.00143208121881, 0.0004345557536, 0.000411119137425, -0.0013969570864, -0.00117238250095, 0.0054634953849, -0.0113917412236, 0.0237335395068, -0.0129209887236, 0.00496008992195, 0.00213285558857], [-3.10153191094e-05, -5.18023734912e-05, -0.00177723472007, 0.0022480788175, -0.000730737112463, 0.000126411992824, -0.000812702404801, 0.00029711597017, 0.0037587385159, -0.0129209887236, 0.0249165166169, -0.0142303304747, 0.00412893109024], [-0.000369564921129, 0.00116940261796, 0.00290597113781, -0.00292281946167, -0.00115507619921, 0.00425577163696, -0.00056834431598, -0.000521868816577, -0.00108220928814, 0.00496008992195, -0.0142303304747, 0.0269761905074, -0.0110448533669], [0.000813871214632, 0.000278677500319, -0.00112445710693, 0.00202913815156, -0.00204813037999, -0.00125961971935, -0.000590764044318, 1.15610355351e-05, -2.71570097539e-05, 0.00213285558857, 0.00412893109024, -0.0110448533669, 0.022498883307]]
    },
    "spectral_contrast_coeffs": {
        "max": [-0.468264579773, -0.548831760883, -0.469079107046, -0.568276762962, -0.619523644447, -0.607684910297],
        "mean": [-0.731715619564, -0.774283468723, -0.711904942989, -0.756442129612, -0.766963064671, -0.703451693058],
        "min": [-0.931465387344, -0.91416323185, -0.93899333477, -0.903252542019, -0.88979446888, -0.933253288269],
        "stdev": [0.0672762915492, 0.0573857538402, 0.0807037949562, 0.05123334378, 0.0416921339929, 0.0328586362302]
    },
    "spectral_contrast_valleys": {
        "max": [-5.28396987915, -5.33718681335, -5.74421739578, -5.95841598511, -5.60969495773, -8.83471298218],
        "mean": [-7.1609210968, -6.96083641052, -7.16671895981, -7.20887136459, -6.81159162521, -9.99390220642],
        "min": [-11.4755277634, -12.0824356079, -11.1342372894, -11.3325052261, -11.4379434586, -13.414229393],
        "stdev": [0.66775482893, 0.484118640423, 0.514769136906, 0.418591976166, 0.411741673946, 0.390497654676]
    }
},
"rhythm": {
    "beats_count": 59,
    "beats_loudness": {
        "max": 0.0377529338002,
        "mean": 0.0221282150596,
        "min": 0.00456579355523,
        "stdev": 0.00713613489643
    },
    "bpm": 93.5215072632,
    "bpm_histogram_first_peak_bpm": 92,
    "bpm_histogram_first_peak_weight": 0.5625,
    "bpm_histogram_second_peak_bpm": 85,
    "bpm_histogram_second_peak_spread": 0.375,
    "bpm_histogram_second_peak_weight": 0.0862068980932,
    "danceability": 1.60925662518,
    "onset_rate": 2.98859405518,
    "beats_loudness_band_ratio": {
        "max": [0.42064216733, 0.651172220707, 0.291482686996, 0.627639472485, 0.673766136169, 0.305046319962],
        "mean": [0.152512475848, 0.226038023829, 0.08949200809, 0.232628569007, 0.226673230529, 0.143702372909],
        "min": [0.00501376437023, 0.00394245889038, 0.0130005236715, 0.0255735255778, 0.0480062887073, 0.0607786774635],
        "stdev": [0.104751899838, 0.183078691363, 0.0645844042301, 0.184759497643, 0.14673781395, 0.0522620119154]
    },
    "beats_position": [0.650158703327, 1.30031740665, 1.95047616959, 2.61224484444, 3.26240348816, 3.9125623703, 4.55111122131, 5.18965959549, 5.81659841537, 6.45514726639, 7.0936961174, 7.73224496841, 8.37079334259, 9.0093421936, 9.65950107574, 10.2864398956, 10.9365987778, 11.5867567062, 12.2253055573, 12.8638544083, 13.5140132904, 14.1409521103, 14.7911109924, 15.4412698746, 16.0914287567, 16.7299766541, 17.3569164276, 17.995464325, 18.6456241608, 19.2957820892, 19.9459400177, 20.5960998535, 21.246257782, 21.8964176178, 22.523355484, 23.1735134125, 23.800453186, 24.4506111145, 25.0775508881, 25.7277088165, 26.3662586212, 27.0048065186, 27.6433563232, 28.2702941895, 28.9088420868, 29.5357818604, 30.1743297577, 30.7896595001, 31.4282073975, 32.0435371399, 32.6820869446, 33.3902931213, 34.1101112366, 34.8067131042, 35.5033111572, 36.2231292725, 36.9313354492, 37.6395454407, 38.3709754944],
