{
"metadata": {
    "version": {
        "essentia": "2.1-beta5",
        "essentia_git_sha": "Undefined",
        "extractor": "music 2.0"
    },
    "audio_properties": {
        "analysis": {
            "equal_loudness": 0,
            "length": 46.5443763733,
            "sample_rate": 44100,
            "start_time": 126.490699768,
            "downmix": "mix"
        },
        "bit_rate": 192000,
        "length": 173.058319092,
        "lossless": 0,
        "number_channels": 2,
        "replay_gain": -4.80500030518,
        "sample_rate": 44100,
        "codec": "mp3",
        "md5_encoded": "85f355657f9335ccdb5b1a3850243d07"
    },
    "tags": {
        "file_name": "Germany_Dieser Traum Darf Niemals Sterben_Atlantis 2000.mp3",
        "encoding": ["Lavf58.29.100"]
    }
},
"lowlevel": {
    "average_loudness": 0.970785319805,
    "barkbands_crest": {
        "max": 20.012960434,
        "mean": 6.78554868698,
        "min": 2.79009461403,
        "stdev": 2.60870242119
    },
    "barkbands_flatness_db": {
        "max": 0.299010932446,
        "mean": 0.154293522239,
        "min": 0.0463391877711,
        "stdev": 0.0260673779994
    },
    "barkbands_kurtosis": {
        "max": 11.9730329514,
        "mean": -0.462755143642,
        "min": -1.77207672596,
        "stdev": 0.99521279335
    },
    "barkbands_skewness": {
        "max": 3.0941696167,
        "mean": 0.270068407059,
        "min": -1.85674870014,
        "stdev": 0.560359835625
    },
    "barkbands_spread": {
        "max": 48.2309494019,
        "mean": 19.5543651581,
        "min": 3.55853557587,
        "stdev": 6.24318027496
    },
    "dissonance": {
        "max": 0.49999538064,
        "mean": 0.474117517471,
        "min": 0.308064490557,
        "stdev": 0.019993327558
    },
    "dynamic_complexity": 1.40258431435,
    "erbbands_crest": {
        "max": 26.6770858765,
        "mean": 8.66525745392,
        "min": 3.14396953583,
        "stdev": 3.42320394516
    },
    "erbbands_flatness_db": {
        "max": 0.387583464384,
        "mean": 0.245959103107,
        "min": 0.087644264102,
        "stdev": 0.0302739702165
    },
    "erbbands_kurtosis": {
        "max": 18.2904167175,
        "mean": 0.0163050740957,
        "min": -1.71748793125,
        "stdev": 1.28916764259
    },
    "erbbands_skewness": {
        "max": 2.31703042984,
        "mean": -0.252064496279,
        "min": -3.78798890114,
        "stdev": 0.579824268818
    },
    "erbbands_spread": {
        "max": 52.971660614,
        "mean": 22.9709720612,
        "min": 5.59384346008,
        "stdev": 7.53234100342
    },
    "hfc": {
        "max": 108.624153137,
        "mean": 30.6059932709,
        "min": 1.67976601517e-08,
        "stdev": 14.0951662064
    },
    "loudness_ebu128": {
        "integrated": -18.3621902466,
        "loudness_range": 1.02053070068,
        "momentary": {
            "max": -16.7187976837,
            "mean": -18.6079177856,
            "min": -28.3852348328,
            "stdev": 1.72607135773
        },
        "short_term": {
            "max": -17.3825931549,
            "mean": -18.3836746216,
            "min": -22.6290664673,
            "stdev": 0.847237169743
        }
    },
    "melbands_crest": {
        "max": 27.2971611023,
        "mean": 8.69837379456,
        "min": 3.09172034264,
        "stdev": 3.3933942318
    },
    "melbands_flatness_db": {
        "max": 0.352450698614,
        "mean": 0.186270654202,
        "min": 0.0238608382642,
        "stdev": 0.0335666686296
    },
    "melbands_kurtosis": {
        "max": 19.9936599731,
        "mean": 0.738351285458,
        "min": -1.78402125835,
        "stdev": 1.94338297844
    },
    "melbands_skewness": {
        "max": 3.53490161896,
        "mean": 0.878202736378,
        "min": -0.991679728031,
        "stdev": 0.63406008482
    },
    "melbands_spread": {
        "max": 146.258468628,
        "mean": 33.6986846924,
        "min": 4.48894453049,
        "stdev": 12.0301561356
    },
    "pitch_salience": {
        "max": 0.922924160957,
        "mean": 0.627644598484,
        "min": 0.357640594244,
        "stdev": 0.0741005688906
    },
    "silence_rate_20dB": {
        "max": 1,
        "mean": 1,
        "min": 1,
        "stdev": 0
    },
    "silence_rate_30dB": {
        "max": 1,
        "mean": 1,
        "min": 1,
        "stdev": 0
    },
    "silence_rate_60dB": {
        "max": 1,
        "mean": 0.0254237279296,
        "min": 0,
        "stdev": 0.157408162951
    },
    "spectral_centroid": {
        "max": 3700.30957031,
        "mean": 1760.46252441,
        "min": 657.874694824,
        "stdev": 399.898101807
    },
    "spectral_complexity": {
        "max": 53,
        "mean": 30.1794624329,
        "min": 0,
        "stdev": 7.47155618668
    },
    "spectral_decrease": {
        "max": -2.42394130957e-20,
        "mean": -6.1484306535e-09,
        "min": -1.88272757384e-08,
        "stdev": 2.59562149552e-09
    },
    "spectral_energy": {
        "max": 0.077241808176,
        "mean": 0.0259816143662,
        "min": 1.6150826336e-12,
        "stdev": 0.0108409961686
    },
    "spectral_energyband_high": {
        "max": 0.00262752594426,
        "mean": 0.000347691559,
        "min": 1.11879461858e-12,
        "stdev": 0.000312221760396
    },
    "spectral_energyband_low": {
        "max": 0.0184247139841,
        "mean": 0.00104950275272,
        "min": 3.52652646939e-14,
        "stdev": 0.00156638072804
    },
    "spectral_energyband_middle_high": {
        "max": 0.0516542457044,
        "mean": 0.0137488832697,
        "min": 1.99900276996e-13,
        "stdev": 0.00754024134949
    },
    "spectral_energyband_middle_low": {
        "max": 0.0574916191399,
        "mean": 0.0112515203655,
        "min": 1.07095993044e-13,
        "stdev": 0.00659535638988
    },
    "spectral_entropy": {
        "max": 8.75539302826,
        "mean": 7.41167831421,
        "min": 6.33411741257,
        "stdev": 0.201982021332
    },
    "spectral_flux": {
        "max": 0.209413021803,
        "mean": 0.0921140313148,
        "min": 5.61485940125e-05,
        "stdev": 0.028028158471
    },
    "spectral_kurtosis": {
        "max": 33.1200218201,
        "mean": 6.89335250854,
        "min": 0.500391960144,
        "stdev": 4.17467164993
    },
    "spectral_rms": {
        "max": 0.00868089031428,
        "mean": 0.00490104360506,
        "min": 3.96949673132e-08,
        "stdev": 0.00115223333705
    },
    "spectral_rolloff": {
        "max": 18518.5546875,
        "mean": 2105.86889648,
        "min": 473.73046875,
        "stdev": 649.861633301
    },
    "spectral_skewness": {
        "max": 3.32695674896,
        "mean": 1.23629271984,
        "min": -0.0541302151978,
        "stdev": 0.446579039097
    },
    "spectral_spread": {
        "max": 10237726,
        "mean": 2209656,
        "min": 1228933,
        "stdev": 410921
    },
    "spectral_strongpeak": {
        "max": 11.4138793945,
        "mean": 1.84465253353,
        "min": 0,
        "stdev": 1.57671964169
    },
    "zerocrossingrate": {
        "max": 0.4833984375,
        "mean": 0.0682858675718,
        "min": 0.0263671875,
        "stdev": 0.0168669540435
    },
    "barkbands": {
        "max": [0.000121658420539, 0.0106589822099, 0.00741436798126, 0.00890241377056, 0.0223295614123, 0.0194459911436, 0.0356616340578, 0.0484273955226, 0.0415679514408, 0.0194675009698, 0.0380925387144, 0.0206582173705, 0.017228603363, 0.0319530889392, 0.0270431730896, 0.043477345258, 0.011691140011, 0.0097923707217, 0.00402498291805, 0.00335835828446, 0.00141080841422, 0.000342710409313, 4.2051247874e-05, 8.36514300318e-05, 1.49695188156e-05, 9.66862558016e-07, 8.18969454031e-07],
        "mean": [5.39921575182e-06, 0.000343019491993, 0.000456096342532, 0.000651677139103, 0.00287764403038, 0.00159661704674, 0.00180676393211, 0.00183035247028, 0.00212800060399, 0.00191184901632, 0.00133934174664, 0.00133632589132, 0.00146338168997, 0.00160249741748, 0.00169753551017, 0.0015050729271, 0.00131084106397, 0.000936092576012, 0.000626252207439, 0.000387710693758, 0.000139775307616, 2.42030910158e-05, 1.40098700285e-06, 2.53239454651e-06, 9.52578773195e-07, 3.04895252157e-07, 3.69433372782e-08],
        "min": [2.98390157797e-14, 1.60655366912e-14, 1.69966393526e-15, 7.06081667337e-15, 1.13524090505e-14, 7.96957545259e-15, 9.14983793756e-15, 2.93337233572e-14, 3.51126767906e-14, 1.05156607773e-14, 5.93736087652e-15, 4.32625228773e-14, 2.65123379251e-14, 8.48239460984e-15, 5.4380705295e-15, 6.00594301668e-15, 5.96394161744e-15, 5.08926363237e-14, 1.94087452409e-14, 9.72641224831e-14, 4.47619134954e-14, 5.52619338094e-14, 4.73636565081e-14, 2.02780717565e-13, 1.36108138649e-13, 2.23942826089e-13, 3.71026641485e-13],
        "stdev": [1.0240390111e-05, 0.000847625778988, 0.00071353034582, 0.000877073907759, 0.00270991493016, 0.00166265771259, 0.00257440470159, 0.00308439764194, 0.00287111569196, 0.00210622907616, 0.00253491895273, 0.00176021433435, 0.00209290231578, 0.00248989276588, 0.00202635023743, 0.0024135641288, 0.0014732084237, 0.000879944418557, 0.000509954523295, 0.000357268960215, 0.000140057571116, 3.02575463138e-05, 2.49963227361e-06, 5.31254136149e-06, 1.21781351936e-06, 4.07690201598e-08, 2.33726176191e-08]
    },
    "erbbands": {
        "max": [0.135599151254, 3.02382397652, 9.5303478241, 15.1280469894, 47.9521408081, 121.874008179, 97.1728134155, 183.103179932, 547.656921387, 613.168518066, 924.50982666, 1032.1003418, 720.72845459, 1105.01379395, 1293.29980469, 1020.0067749, 901.110717773, 1750.63122559, 1453.24267578, 1525.55041504, 1742.28552246, 687.602844238, 546.229858398, 297.7890625, 185.268127441, 163.16569519, 83.6966552734, 33.3424873352, 15.9896669388, 3.15684342384, 1.4024156332, 1.90312159061, 1.66340267658, 0.31100615859, 0.0795144364238, 0.00421687308699, 0.00179908063728, 0.000596523634158, 0.000124617043184, 9.1505695309e-05],
        "mean": [0.00571178738028, 0.0954259186983, 0.481119155884, 1.38006699085, 5.19274377823, 11.1671762466, 12.0830793381, 13.1546974182, 22.0835189819, 30.9354476929, 44.9406700134, 49.4562797546, 44.9386482239, 71.8761520386, 55.117275238, 63.7284164429, 74.4954452515, 82.1019439697, 95.4088287354, 77.904296875, 85.1608047485, 66.2688827515, 52.787437439, 36.6244544983, 31.4912776947, 20.0060634613, 8.97500705719, 2.99581289291, 0.957683980465, 0.180632904172, 0.0402256697416, 0.0515454337001, 0.0401019640267, 0.0146029191092, 0.00490741012618, 0.00140936090611, 0.000573724450078, 0.000134725123644, 1.85438802873e-05, 3.23853782902e-05],
        "min": [1.0010848487e-12, 1.81917263371e-12, 1.52205602722e-12, 1.44631294788e-11, 3.12124492918e-11, 3.46027512199e-11, 6.43542719114e-11, 5.7017765509e-11, 1.29237828772e-10, 2.88731122344e-10, 6.74409139645e-10, 9.23722764945e-10, 5.31151567174e-10, 2.43255887655e-10, 5.72303093804e-10, 1.7626383686e-09, 1.37113365106e-09, 5.15252063238e-10, 3.2869237887e-10, 4.21975343556e-10, 1.79353101815e-10, 4.70036232159e-10, 2.62553889741e-09, 1.37778577436e-09, 1.34969280197e-09, 5.29286126039e-09, 1.97634575372e-09, 2.25180785129e-09, 1.66605396146e-09, 1.97741156782e-09, 1.5694177069e-09, 3.21942117409e-09, 3.59274676676e-09, 1.75869074859e-09, 1.01154451482e-09, 9.08907171748e-10, 3.85419918203e-10, 1.76091724535e-10, 5.07817156381e-11, 5.02535730043e-12],
        "stdev": [0.0131813427433, 0.232786938548, 0.790542602539, 1.71232664585, 5.36655282974, 12.6255846024, 11.4442548752, 15.9234333038, 33.9647483826, 46.4233932495, 69.7077941895, 71.7541809082, 57.3617248535, 85.8030548096, 85.9800338745, 82.5263061523, 101.267478943, 130.576705933, 118.927452087, 103.53477478, 121.090087891, 69.0433654785, 48.5099334717, 31.6191635132, 23.9884300232, 18.1215763092, 8.55298042297, 3.0000629425, 1.18655860424, 0.271454840899, 0.0696638971567, 0.109699718654, 0.0835063233972, 0.0215484499931, 0.00513157946989, 0.000291354692308, 8.89305374585e-05, 3.05449611915e-05, 6.77911702951e-06, 1.3257320461e-05]
    },
    "gfcc": {
        "mean": [-15.3488359451, 131.400634766, -192.203399658, 11.1550283432, -43.0231704712, -24.5750999451, -30.8620319366, -1.8792604208, -31.1837253571, -2.78128695488, -16.2621860504, -12.0633592606, -2.04011845589],
        "cov": [[1801.56884766, 437.199676514, -63.0928153992, 247.232955933, -31.3907146454, -122.305458069, 23.9001636505, -113.092857361, -37.1948318481, -70.178024292, 3.55336952209, -90.575920105, 17.6061630249], [437.199676514, 438.384338379, 181.196899414, 21.1021728516, 118.467834473, -74.4287338257, 5.31981277466, -16.365858078, -10.1550521851, -24.7945632935, -5.98494243622, -33.9340591431, -9.36113357544], [-63.0928153992, 181.196899414, 303.861236572, 143.630325317, 34.7057037354, 36.724407196, -25.431016922, 12.3531932831, 8.67311096191, -7.56213712692, -4.13819789886, 6.32522296906, 3.58925151825], [247.232955933, 21.1021728516, 143.630325317, 339.485137939, -7.8147444725, 10.4844703674, 10.0907926559, -37.7094459534, -18.7360572815, -25.679019928, -22.3058929443, -0.729935228825, 24.2526931763], [-31.3907146454, 118.467834473, 34.7057037354, -7.8147444725, 168.878921509, 14.0580329895, 10.9821271896, 31.3136730194, 6.60486507416, -2.50604057312, -14.1029462814, -3.32044482231, 2.4966108799], [-122.305458069, -74.4287338257, 36.724407196, 10.4844703674, 14.0580329895, 193.33164978, 72.3484954834, 17.6889343262, -5.87785196304, 20.4823055267, 15.2696390152, -3.40001153946, -6.45388174057], [23.9001636505, 5.31981277466, -25.431016922, 10.0907926559, 10.9821271896, 72.3484954834, 130.276107788, -1.39633643627, -39.084197998, 9.47268772125, 0.0776304155588, -9.34290122986, -11.7833528519], [-113.092857361, -16.365858078, 12.3531932831, -37.7094459534, 31.3136730194, 17.6889343262, -1.39633643627, 94.9426040649, 58.7692718506, 12.1091823578, 9.5568819046, 11.9896697998, 7.24626588821], [-37.1948318481, -10.1550521851, 8.67311096191, -18.7360572815, 6.60486507416, -5.87785196304, -39.084197998, 58.7692718506, 106.853317261, 36.6612091064, 12.1359624863, 13.6069097519, 7.63639736176], [-70.178024292, -24.7945632935, -7.56213712692, -25.679019928, -2.50604057312, 20.4823055267, 9.47268772125, 12.1091823578, 36.6612091064, 67.6196136475, 27.0670852661, 9.64168548584, -5.37654924393], [3.55336952209, -5.98494243622, -4.13819789886, -22.3058929443, -14.1029462814, 15.2696390152, 0.0776304155588, 9.5568819046, 12.1359624863, 27.0670852661, 58.7756004333, 17.8093605042, -1.18123447895], [-90.575920105, -33.9340591431, 6.32522296906, -0.729935228825, -3.32044482231, -3.40001153946, -9.34290122986, 11.9896697998, 13.6069097519, 9.64168548584, 17.8093605042, 68.4051055908, 23.0936851501], [17.6061630249, -9.36113357544, 3.58925151825, 24.2526931763, 2.4966108799, -6.45388174057, -11.7833528519, 7.24626588821, 7.63639736176, -5.37654924393, -1.18123447895, 23.0936851501, 44.7819862366]],
        "icov": [[0.00600534211844, -0.0175622459501, 0.0177459400147, -0.0110173039138, 0.0104598710313, -0.00920295529068, 0.00891718454659, -0.0056536141783, 0.00270253838971, -0.00123466702644, 0.000960327743087, -0.000763177289627, -0.000326313427649], [-0.0175622459501, 0.0606987513602, -0.0601205416024, 0.0357328988612, -0.0368638895452, 0.0342449620366, -0.0337938182056, 0.0241977609694, -0.0138008790091, 0.00932247564197, -0.00903537403792, 0.00823399331421, -0.00176930509042], [0.0177459400147, -0.0601205416024, 0.0646203681827, -0.0380743555725, 0.0354835800827, -0.0350343249738, 0.0355729795992, -0.0250922255218, 0.0142037086189, -0.00902348291129, 0.00836171675473, -0.00831212382764, 0.00329116126522], [-0.0110173039138, 0.0357328988612, -0.0380743555725, 0.0261650141329, -0.0210818275809, 0.0198865439743, -0.0211073681712, 0.0161611363292, -0.00890818890184, 0.00596914440393, -0.00352551485412, 0.00420841248706, -0.00347278034315], [0.0104598710313, -0.0368638895452, 0.0354835800827, -0.0210818275809, 0.0292542185634, -0.02094068937, 0.0201991461217, -0.0177058987319, 0.00968074519187, -0.00661987112835, 0.00799664575607, -0.00498673459515, 0.000623146188445], [-0.00920295529068, 0.0342449620366, -0.0350343249738, 0.0198865439743, -0.02094068937, 0.0271979346871, -0.0240308325738, 0.0137846693397, -0.00883356574923, 0.00534327607602, -0.00787824951112, 0.00667318562046, -0.00215315353125], [0.00891718454659, -0.0337938182056, 0.0355729795992, -0.0211073681712, 0.0201991461217, -0.0240308325738, 0.0334305427969, -0.0195009429008, 0.0172692909837, -0.0119155924767, 0.0086169084534, -0.00619186041877, 0.00441756099463], [-0.0056536141783, 0.0241977609694, -0.0250922255218, 0.0161611363292, -0.0177058987319, 0.0137846693397, -0.0195009429008, 0.0332883149385, -0.0220440775156, 0.0127638252452, -0.00888754520565, 0.00471644522622, -0.0043794545345], [0.00270253838971, -0.0138008790091, 0.0142037086189, -0.00890818890184, 0.00968074519187, -0.00883356574923, 0.0172692909837, -0.0220440775156, 0.0292839668691, -0.0177254341543, 0.00763318547979, -0.00416350457817, 0.00126351730432], [-0.00123466702644, 0.00932247564197, -0.00902348291129, 0.00596914440393, -0.00661987112835, 0.00534327607602, -0.0119155924767, 0.0127638252452, -0.0177254341543, 0.0304285213351, -0.0134369200096, 0.00237957551144, 0.000957447453402], [0.000960327743087, -0.00903537403792, 0.00836171675473, -0.00352551485412, 0.00799664575607, -0.00787824951112, 0.0086169084534, -0.00888754520565, 0.00763318547979, -0.0134369200096, 0.0282793026417, -0.00958384945989, 0.00387044576928], [-0.000763177289627, 0.00823399331421, -0.00831212382764, 0.00420841248706, -0.00498673459515, 0.00667318562046, -0.00619186041877, 0.00471644522622, -0.00416350457817, 0.00237957551144, -0.00958384945989, 0.0241096038371, -0.0124346166849], [-0.000326313427649, -0.00176930509042, 0.00329116126522, -0.00347278034315, 0.000623146188445, -0.00215315353125, 0.00441756099463, -0.0043794545345, 0.00126351730432, 0.000957447453402, 0.00387044576928, -0.0124346166849, 0.0316458120942]]
    },
    "melbands": {
        "max": [0.00200684927404, 0.00428264122456, 0.00309151620604, 0.00523717701435, 0.00311233685352, 0.00447184219956, 0.00825227145106, 0.00657404121011, 0.00649060169235, 0.0056062117219, 0.00364222330973, 0.0041596586816, 0.0045810318552, 0.00210353219882, 0.00159036170226, 0.00204023881815, 0.003249197267, 0.00293782632798, 0.00171135552227, 0.00452790269628, 0.00236422056332, 0.000748705700971, 0.000860924774315, 0.000333229487296, 0.000287430098979, 0.000158507551532, 0.000156186491949, 0.000126850922243, 5.39779903193e-05, 3.24081229337e-05, 1.74420583789e-05, 1.01385794551e-05, 4.44633315055e-06, 1.28877547922e-06, 9.29716577502e-07, 5.39911297892e-07, 1.4956689256e-06, 1.45641274685e-06, 6.00958401265e-07, 2.17483204779e-07],
        "mean": [7.25466088625e-05, 0.00021258671768, 0.000342553394148, 0.0006111356779, 0.000440812727902, 0.000291520816972, 0.000355752592441, 0.000343004328897, 0.000368877546862, 0.0003039984731, 0.000217198568862, 0.000291479926091, 0.000202269031433, 0.000150664054672, 0.000151114654727, 0.000160418916494, 0.000145194455399, 0.000148330334923, 0.000112368994451, 9.98041650746e-05, 0.000103127887996, 6.8626650318e-05, 6.36137701804e-05, 4.08376399719e-05, 2.764587407e-05, 2.43466656684e-05, 1.78024984052e-05, 1.20768263514e-05, 5.91920570514e-06, 3.20458480019e-06, 1.28819431211e-06, 6.03953537848e-07, 2.36321696434e-07, 4.28279882669e-08, 1.73938374814e-08, 2.55972452123e-08, 3.37448717858e-08, 3.04063050294e-08, 2.02371577274e-08, 9.78870229318e-09],
        "min": [8.11001182118e-15, 1.36326787075e-15, 3.00403178183e-15, 2.34822245165e-15, 2.09145478984e-15, 1.44128849904e-15, 1.87389225976e-15, 4.10474919097e-15, 5.49200874055e-15, 5.60644670337e-15, 2.41140793314e-15, 8.80432991612e-16, 1.20831346332e-15, 4.67868558701e-15, 4.47865113322e-15, 1.82305482457e-15, 8.49846314249e-16, 5.22406670247e-16, 3.78128239618e-16, 6.13890834292e-16, 1.06428730293e-16, 4.05725420073e-16, 9.73293901834e-16, 3.20626470964e-15, 7.88934216248e-16, 9.94820503034e-16, 1.13474229911e-15, 4.4713518268e-15, 1.24344108432e-15, 9.1636587624e-16, 1.43801948126e-15, 1.00016581033e-15, 9.372943663e-16, 1.0442144882e-15, 9.54720269245e-16, 7.51044473754e-16, 2.51366704449e-15, 2.51816860109e-15, 2.37716937911e-15, 1.20410921529e-15],
        "stdev": [0.00017663736071, 0.000357981800335, 0.000372638023691, 0.000618847378064, 0.000391531095374, 0.000340335333021, 0.000526357616764, 0.000524597242475, 0.000552398560103, 0.000426138954936, 0.000290252588456, 0.000356692034984, 0.000363783066859, 0.000190075516002, 0.000177314330358, 0.000219584995648, 0.000246658368269, 0.000207280827453, 0.000137980619911, 0.000192166204215, 0.000155022120452, 8.13328297227e-05, 7.07239087205e-05, 3.93633163185e-05, 2.70238651865e-05, 1.94591793843e-05, 1.55156139954e-05, 1.24644793686e-05, 6.32440105619e-06, 3.38343693329e-06, 1.47218133861e-06, 7.72060047893e-07, 3.46374605442e-07, 8.339255686e-08, 3.53327997971e-08, 4.92814962172e-08, 7.83478739663e-08, 6.92046455697e-08, 3.43259252134e-08, 1.45163721044e-08]
    },
    "melbands128": {
        "max": [8.55572652654e-05, 0.000677987758536, 0.00267787836492, 0.00615848880261, 0.00604306347668, 0.00339114037342, 0.00380022777244, 0.00517471134663, 0.00495744496584, 0.00844238512218, 0.00903949700296, 0.00677964929491, 0.00462812604383, 0.00557280052453, 0.0043484615162, 0.00990670826286, 0.00748702511191, 0.0151051376015, 0.0117736514658, 0.0110886301845, 0.0143484864384, 0.0174216032028, 0.00813595857471, 0.0170088112354, 0.012280292809, 0.00490305479616, 0.00631067063659, 0.0040486799553, 0.00414316961542, 0.0060314424336, 0.00599246565253, 0.0121745625511, 0.00935340672731, 0.00774961244315, 0.00371178449132, 0.00349414022639, 0.00481353886425, 0.00282435514964, 0.00338395265862, 0.0041704508476, 0.00232542701997, 0.00460249651223, 0.00581266311929, 0.00290417973883, 0.00367494067177, 0.00603064568713, 0.00671747885644, 0.00261784088798, 0.00366603513248, 0.00356330815703, 0.0100401220843, 0.00359305879101, 0.00548759056255, 0.00235350988805, 0.00186354760081, 0.00107758317608, 0.00159315450583, 0.000975993985776, 0.0015118161682, 0.0010467240354, 0.000686081300955, 0.000503840565216, 0.000536196806934, 0.000306419620756, 0.000396632851334, 0.000234055027249, 0.00034170190338, 0.000429746316513, 0.000265250419034, 0.000162457115948, 0.000297274964396, 0.000199439949938, 9.16616991162e-05, 8.4488063294e-05, 6.06493886153e-05, 6.45544059807e-05, 2.51001310971e-05, 1.67323669302e-05, 2.08344408748e-05, 2.07395205507e-05, 8.25888400868e-06, 1.30892349262e-05, 6.12061921856e-06, 7.50810613681e-06, 3.37309893439e-06, 2.17440720007e-06, 6.61712363126e-07, 8.66704056079e-07, 1.20790605251e-06, 7.06932212324e-07, 8.43558041197e-07, 7.57570717269e-07, 9.19384831377e-07, 2.76442142422e-06, 1.54043129896e-06, 1.68900260178e-06, 1.89126888017e-06, 1.48509241171e-06, 6.20181708655e-07, 4.19996325718e-07, 1.87849153122e-07, 2.57093290656e-07, 2.23245294251e-07, 2.10580310522e-07, 8.03536650551e-08, 2.34092691898e-08, 9.73652092284e-09, 6.82956713405e-09, 6.79830192141e-09, 8.95408636126e-09, 7.08527947424e-09, 5.52624568328e-09, 4.97394081478e-09, 5.26395860234e-09, 6.42859099287e-09, 5.06168085224e-09, 4.58408733195e-09, 3.5377591967e-09, 3.5895326711e-09, 3.51466100668e-09, 3.41224160039e-09, 3.34348682074e-09, 3.27787597065e-09, 3.20544724097e-09, 3.16451820304e-09, 3.10667092052e-09, 3.07669267841e-09, 3.07312841841e-09],
        "mean": [4.76210834677e-06, 3.1996609323e-05, 8.58827115735e-05, 0.000176820947672, 0.000237049272982, 0.000218926041271, 0.000235161525779, 0.000372209062334, 0.000495746149682, 0.000694486079738, 0.000662008475047, 0.000470571336336, 0.000437896640506, 0.000317124562571, 0.000281206390355, 0.000307648529997, 0.000238839405938, 0.000451393891126, 0.000355587893864, 0.000367898290278, 0.00028445472708, 0.000404137332225, 0.000396828982048, 0.000289180228719, 0.000391082838178, 0.000222229587962, 0.000318394653732, 0.000173720545718, 0.000150174018927, 0.000401826109737, 0.00028392294189, 0.000181661671377, 0.000312650314299, 9.32723996812e-05, 0.000100580589788, 0.00018678662309, 0.000219385343371, 7.5625583122e-05, 0.000175804147148, 0.000203713265364, 9.27374712774e-05, 0.000209831778193, 0.000172923813807, 8.90611845534e-05, 0.000119995849673, 0.000152247055667, 0.000213267790969, 8.43320376589e-05, 7.92799401097e-05, 0.000127255436382, 0.000100379125797, 6.99305237504e-05, 0.000119533404359, 0.000103449019662, 0.000100713696156, 5.67220922676e-05, 4.29466017522e-05, 9.29243760766e-05, 5.94605808146e-05, 3.07215414068e-05, 4.63429751107e-05, 4.06998296967e-05, 3.42027306033e-05, 1.89851307368e-05, 2.71846565738e-05, 1.91131821339e-05, 3.19881037285e-05, 1.89628626686e-05, 1.37595825436e-05, 1.46737393152e-05, 1.75399945874e-05, 6.6329157562e-06, 5.37324240213e-06, 7.33775050321e-06, 4.2750762077e-06, 4.32057413491e-06, 2.03316153602e-06, 1.23295831145e-06, 1.2821870996e-06, 1.34912386329e-06, 5.37364144293e-07, 3.84004749776e-07, 4.05858259001e-07, 2.3177496189e-07, 9.74635341322e-08, 4.99681505062e-08, 2.77290208572e-08, 1.52585322155e-08, 1.47503644854e-08, 1.94716385238e-08, 2.37042350193e-08, 2.62796735484e-08, 3.08381480352e-08, 3.63295775685e-08, 3.41306147789e-08, 3.12358565679e-08, 3.20604911508e-08, 2.50295553172e-08, 2.28903669353e-08, 1.79240018383e-08, 7.81862219412e-09, 9.18104348102e-09, 1.00847623585e-08, 7.92746934763e-09, 4.79877559911e-09, 3.36713679161e-09, 3.05703595771e-09, 2.59625454468e-09, 2.05227990158e-09, 1.98549554575e-09, 1.92679361355e-09, 2.0012935753e-09, 1.90990379068e-09, 1.44944001246e-09, 1.34493483017e-09, 1.55653667733e-09, 1.32846944556e-09, 6.65293905036e-12, 5.823837506e-12, 5.69309963755e-12, 5.56003420388e-12, 5.45082208536e-12, 5.34337287958e-12, 5.23392613971e-12, 5.1724731269e-12, 5.11314168089e-12, 5.07449247553e-12, 5.0467303947e-12],
        "min": [1.42091301561e-14, 1.07365771344e-14, 6.11286483265e-15, 2.05670865132e-15, 3.44411351999e-16, 1.16447230852e-15, 2.84934577797e-15, 3.66884570752e-15, 3.25673601483e-15, 2.27218578628e-15, 1.68491666813e-15, 2.02314412375e-15, 2.54005233256e-15, 1.82644549746e-15, 8.21767966141e-16, 1.4401133467e-15, 2.38996762342e-15, 1.88418392183e-15, 1.31472271848e-15, 2.43422911832e-15, 6.08065216966e-15, 7.67147067713e-15, 4.05853719095e-15, 4.78872406071e-15, 8.05490470466e-15, 4.68048341444e-15, 3.11804178126e-15, 3.05670770203e-15, 8.51829853653e-16, 6.54708769685e-16, 8.70173675615e-16, 1.3534978751e-15, 5.58155801665e-16, 9.98910507499e-16, 4.98328329353e-15, 5.81848657864e-15, 4.30117316682e-15, 4.40055384845e-15, 5.02535330244e-15, 2.93740480548e-15, 4.86929436405e-16, 1.11876069322e-15, 1.26484211288e-15, 3.49357600895e-16, 4.88262295687e-16, 7.31599667779e-16, 3.98804949135e-16, 1.37754728452e-16, 3.73406057407e-16, 9.28267218544e-16, 7.61750493751e-16, 1.99833892271e-16, 8.25302118469e-17, 4.58866070192e-17, 1.62567685139e-16, 6.69154704842e-16, 3.3113895452e-16, 4.16638195519e-16, 6.69277736378e-16, 2.95232952601e-15, 4.66679409147e-15, 2.53359455337e-15, 5.95647068097e-16, 3.80987002285e-16, 6.25363366167e-16, 1.72703347561e-15, 6.09474404505e-16, 2.99939210592e-16, 1.46894730114e-15, 1.84119551745e-15, 5.71483769798e-15, 5.55613845202e-15, 1.4619939018e-15, 3.99268434976e-16, 9.81185813682e-16, 8.42084316079e-16, 6.8730317983e-16, 1.64634818755e-15, 1.63157963871e-15, 1.28009865857e-15, 1.00011265901e-15, 1.14259058876e-15, 3.26452109465e-16, 6.10530389892e-16, 1.88120977739e-15, 1.13425165527e-15, 4.78062377875e-16, 1.39671328431e-15, 8.23297019429e-16, 1.00318887092e-15, 4.5552267233e-16, 4.32236413121e-16, 1.60891695457e-15, 2.91846578405e-15, 3.01044742113e-15, 2.01284293256e-15, 2.92124066399e-15, 2.10995801282e-15, 3.25449497741e-15, 2.032077992e-15, 7.26500952953e-16, 1.30271835579e-15, 1.46597252143e-15, 9.62728648124e-16, 1.28753285499e-15, 7.56239803275e-16, 9.71994447413e-16, 2.63924327881e-15, 1.13708180411e-15, 1.45919562258e-15, 2.00487807e-15, 1.3607369363e-15, 1.28350944849e-15, 7.22019513388e-16, 9.97310779899e-16, 8.20823312647e-16, 1.28414482908e-15, 2.24317067268e-15, 2.32665593402e-15, 1.16622757255e-15, 1.83928715222e-15, 1.27150593284e-15, 1.10456537393e-15, 1.17347468057e-15, 1.9927743927e-15, 1.6401801995e-15, 1.62499798096e-15, 1.04156073398e-15],
        "stdev": [9.77908257482e-06, 7.63494099374e-05, 0.000254426704487, 0.000462804600829, 0.000457821792224, 0.000335658085532, 0.000344583997503, 0.000519674737006, 0.000604376196861, 0.000827683368698, 0.00089944753563, 0.000540198932867, 0.000514783896506, 0.000418799056206, 0.00041642630822, 0.000545893213712, 0.000429779902333, 0.000901688763406, 0.000576505437493, 0.000780072470661, 0.000734785222448, 0.000911795534194, 0.000786542426795, 0.000640199752524, 0.000803046801593, 0.000366114865756, 0.000610568269622, 0.00032154674409, 0.000306044588797, 0.000533360638656, 0.000452834763564, 0.000473664840683, 0.000646782922558, 0.000267555558821, 0.000179466500413, 0.000283382833004, 0.000393034279114, 0.000180221904884, 0.000295756064588, 0.000384969374863, 0.000210916696233, 0.000412084278651, 0.000412008404965, 0.000192937761312, 0.000273661949905, 0.000316044897772, 0.000342937215464, 0.000175647481228, 0.000182161835255, 0.000220921399887, 0.000349463953171, 0.000180318587809, 0.000265807873802, 0.000195968881599, 0.000168421611306, 9.52376576606e-05, 8.95215853234e-05, 0.000119550742966, 9.1833739134e-05, 5.97796242801e-05, 5.55996666662e-05, 5.1498223911e-05, 5.1515231462e-05, 2.42286860157e-05, 4.09420281358e-05, 2.10112884815e-05, 3.44417894667e-05, 2.45441642619e-05, 1.74436754605e-05, 1.56596779561e-05, 2.34590224863e-05, 9.53541803028e-06, 7.47186277295e-06, 9.97254028334e-06, 5.04454510519e-06, 5.90695026403e-06, 2.37399262915e-06, 1.68381768617e-06, 1.78247239546e-06, 1.86273211966e-06, 7.99286794972e-07, 7.26065650269e-07, 5.88868147133e-07, 3.95271513298e-07, 2.02743891009e-07, 1.18042272845e-07, 5.31281258986e-08, 3.16278807588e-08, 3.74732387343e-08, 4.16118624003e-08, 5.06482535911e-08, 5.27994998833e-08, 6.55650254089e-08, 9.74866267711e-08, 8.65805063199e-08, 8.70990390922e-08, 7.35934833074e-08, 5.66862361495e-08, 3.99483042202e-08, 2.76639706698e-08, 1.14748326396e-08, 1.52106931495e-08, 1.75693450899e-08, 1.18740750565e-08, 4.52475878987e-09, 1.80553061391e-09, 1.04060282613e-09, 7.86075315951e-10, 6.52769560627e-10, 6.2076871421e-10, 5.9944194053e-10, 5.60189561405e-10, 5.09996822551e-10, 4.25919993718e-10, 4.13306278091e-10, 4.27385654644e-10, 5.36878652646e-10, 7.90555884644e-11, 8.0215389886e-11, 7.85403617143e-11, 7.62526916609e-11, 7.4715282572e-11, 7.32495661349e-11, 7.16324638494e-11, 7.07168282266e-11, 6.94255070099e-11, 6.87555290479e-11, 6.86750031842e-11]
    },
    "mfcc": {
        "mean": [-639.310852051, 164.750656128, -83.2056808472, 29.786819458, -11.7352952957, -14.3902139664, 1.98989653587, -15.4029626846, 0.989245593548, -6.78040266037, -7.70358324051, -3.24193453789, -10.3424072266],
        "cov": [[1332.46691895, 131.263046265, 19.17943573, 261.750366211, -87.0219192505, 31.9661502838, 32.1349105835, -42.6070861816, -44.3277854919, -19.1205844879, -14.4211473465, -45.0025901794, -59.5593795776], [131.263046265, 531.050964355, -12.9130916595, 26.2721328735, 85.3470611572, -50.430065155, 11.2188405991, -5.41361284256, -11.0820398331, 25.0859680176, 0.0223848335445, -7.93715047836, -8.26846218109], [19.17943573, -12.9130916595, 330.093383789, 112.938369751, 49.8297233582, 54.4309120178, -4.24119138718, 12.7179603577, 3.84446334839, -5.81539916992, -17.4298343658, 10.6182832718, 23.4229774475], [261.750366211, 26.2721328735, 112.938369751, 299.515197754, 44.8926277161, 13.4070644379, -9.18427467346, -9.17233085632, 16.6361293793, -38.8444595337, -57.5395698547, -7.77754259109, 20.1846237183], [-87.0219192505, 85.3470611572, 49.8297233582, 44.8926277161, 176.614379883, -14.7140798569, -35.3998680115, 24.6968364716, 29.937297821, 25.7510471344, -30.9987030029, 25.7340984344, 22.8429431915], [31.9661502838, -50.430065155, 54.4309120178, 13.4070644379, -14.7140798569, 146.739578247, 85.9009857178, 8.73233890533, 6.23008441925, 1.5297472477, 18.5577297211, -17.7952289581, -5.04083490372], [32.1349105835, 11.2188405991, -4.24119138718, -9.18427467346, -35.3998680115, 85.9009857178, 156.152130127, 27.9995117188, -6.52328395844, 7.99495792389, 8.42210102081, -16.1774158478, -18.592092514], [-42.6070861816, -5.41361284256, 12.7179603577, -9.17233085632, 24.6968364716, 8.73233890533, 27.9995117188, 71.5934677124, 30.8741703033, 1.81032073498, -5.05468320847, 11.059466362, 12.6082277298], [-44.3277854919, -11.0820398331, 3.84446334839, 16.6361293793, 29.937297821, 6.23008441925, -6.52328395844, 30.8741703033, 72.9179382324, 19.630487442, -6.65936517715, 7.661008358, 18.2816524506], [-19.1205844879, 25.0859680176, -5.81539916992, -38.8444595337, 25.7510471344, 1.5297472477, 7.99495792389, 1.81032073498, 19.630487442, 87.6600494385, 30.7242965698, -2.56073904037, -15.8000268936], [-14.4211473465, 0.0223848335445, -17.4298343658, -57.5395698547, -30.9987030029, 18.5577297211, 8.42210102081, -5.05468320847, -6.65936517715, 30.7242965698, 89.1293487549, 12.2879209518, -13.2013940811], [-45.0025901794, -7.93715047836, 10.6182832718, -7.77754259109, 25.7340984344, -17.7952289581, -16.1774158478, 11.059466362, 7.661008358, -2.56073904037, 12.2879209518, 74.2629089355, 35.2917556763], [-59.5593795776, -8.26846218109, 23.4229774475, 20.1846237183, 22.8429431915, -5.04083490372, -18.592092514, 12.6082277298, 18.2816524506, -15.8000268936, -13.2013940811, 35.2917556763, 71.1007614136]],
        "icov": [[0.00117023452185, -0.000415985705331, 0.000295574805932, -0.00139614811633, 0.00114471768029, -0.000650531612337, 0.000541070767213, -0.000504275085405, 0.000830401491839, -0.000726945407223, 0.000331260205712, -0.000520741916262, 0.000992819201201], [-0.000415985705331, 0.00255768978968, -8.69909636094e-05, 0.000271821569186, -0.00221239891835, 0.00203681387939, -0.00178232125472, 0.00100842572283, 3.57416793122e-05, 0.000408163090469, -0.00130765791982, 0.00134696089663, -0.000719081843272], [0.000295574805932, -8.69909636094e-05, 0.00422647595406, -0.0018898549024, -5.50763397769e-05, -0.0026526376605, 0.0017185684992, -0.00180626509245, 0.00211251410656, -0.00128754822072, 0.000584326509852, -0.000802264316007, -0.000341624894645], [-0.00139614811633, 0.000271821569186, -0.0018898549024, 0.00655804434791, -0.00229317112826, 0.000969317508861, -0.00139200978447, 0.00305526750162, -0.00333222677, 0.00324367452413, 0.00120335270185, 0.00129121786449, -0.00131727696862], [0.00114471768029, -0.00221239891835, -5.50763397769e-05, -0.00229317112826, 0.0113619547337, -0.003362495685, 0.00475466623902, -0.00459363078699, 0.00113247882109, -0.00586610333994, 0.00557582639158, -0.0046529090032, 0.00128998153377], [-0.000650531612337, 0.00203681387939, -0.0026526376605, 0.000969317508861, -0.003362495685, 0.0150195900351, -0.00969481375068, 0.00448651565239, -0.00425729388371, 0.00371850538068, -0.00579400267452, 0.00502308970317, -0.00254300516099], [0.000541070767213, -0.00178232125472, 0.0017185684992, -0.00139200978447, 0.00475466623902, -0.00969481375068, 0.0146059524268, -0.00839497428387, 0.00510452967137, -0.00436034239829, 0.00399385206401, -0.00249232933857, 0.00286526838318], [-0.000504275085405, 0.00100842572283, -0.00180626509245, 0.00305526750162, -0.00459363078699, 0.00448651565239, -0.00839497428387, 0.0236078314483, -0.0112050203606, 0.00523673696443, -0.00172021938488, 1.06540819615e-05, -0.00144500797614], [0.000830401491839, 3.57416793122e-05, 0.00211251410656, -0.00333222677, 0.00113247882109, -0.00425729388371, 0.00510452967137, -0.0112050203606, 0.0234804861248, -0.0085525251925, 0.00272987107746, -0.000166176207131, -0.00374268158339], [-0.000726945407223, 0.000408163090469, -0.00128754822072, 0.00324367452413, -0.00586610333994, 0.00371850538068, -0.00436034239829, 0.00523673696443, -0.0085525251925, 0.019650273025, -0.00778951589018, 0.00288170133717, 0.00271038291976], [0.000331260205712, -0.00130765791982, 0.000584326509852, 0.00120335270185, 0.00557582639158, -0.00579400267452, 0.00399385206401, -0.00172021938488, 0.00272987107746, -0.00778951589018, 0.0193084012717, -0.00756957288831, 0.00364791788161], [-0.000520741916262, 0.00134696089663, -0.000802264316007, 0.00129121786449, -0.0046529090032, 0.00502308970317, -0.00249232933857, 1.06540819615e-05, -0.000166176207131, 0.00288170133717, -0.00756957288831, 0.0224314834923, -0.0110409613699], [0.000992819201201, -0.000719081843272, -0.000341624894645, -0.00131727696862, 0.00128998153377, -0.00254300516099, 0.00286526838318, -0.00144500797614, -0.00374268158339, 0.00271038291976, 0.00364791788161, -0.0110409613699, 0.0234321001917]]
    },
    "spectral_contrast_coeffs": {
        "max": [-0.373104512691, -0.420581102371, -0.536457955837, -0.554365038872, -0.583307206631, -0.57421374321],
        "mean": [-0.662863790989, -0.757668077946, -0.730682611465, -0.746678173542, -0.745637595654, -0.711611747742],
        "min": [-0.954791367054, -0.965599298477, -0.941802322865, -0.940179467201, -0.925850689411, -0.93167591095],
        "stdev": [0.0713125318289, 0.0656718462706, 0.059870865196, 0.052988987416, 0.0397546589375, 0.0387519299984]
    },
    "spectral_contrast_valleys": {
        "max": [-5.37090730667, -5.0034995079, -5.41503190994, -5.6383600235, -5.94925880432, -10.0801944733],
        "mean": [-7.20058631897, -6.24724149704, -6.79127836227, -6.8130607605, -7.03145360947, -11.6198368073],
        "min": [-18.5654201508, -17.8285427094, -18.5312690735, -18.9705677032, -18.1702861786, -19.3728141785],
        "stdev": [0.807226955891, 0.570934474468, 0.535473167896, 0.474655658007, 0.53488522768, 0.396266996861]
    }
},
"rhythm": {
    "beats_count": 115,
    "beats_loudness": {
        "max": 0.0525113940239,
        "mean": 0.0292761102319,
        "min": 0.00189144618344,
        "stdev": 0.0100408643484
    },
    "bpm": 151.200973511,
    "bpm_histogram_first_peak_bpm": 152,
    "bpm_histogram_first_peak_weight": 0.423076868057,
    "bpm_histogram_second_peak_bpm": 144,
    "bpm_histogram_second_peak_spread": 0.360000014305,
    "bpm_histogram_second_peak_weight": 0.140350878239,
    "danceability": 1.21230924129,
    "onset_rate": 2.08351206779,
    "beats_loudness_band_ratio": {
        "max": [0.474031060934, 0.565145254135, 0.629905998707, 0.635075509548, 0.597268342972, 0.132574617863],
        "mean": [0.0780720338225, 0.157997772098, 0.235735431314, 0.264263778925, 0.254385560751, 0.0467652752995],
        "min": [0.000342315644957, 0.00622270163149, 0.0400923639536, 0.0253376085311, 0.0432048663497, 0.000594501092564],
        "stdev": [0.0731750428677, 0.104283407331, 0.13222193718, 0.153336748481, 0.137375295162, 0.0300266612321]
    },
