{
"metadata": {
    "version": {
        "essentia": "2.1-beta5",
        "essentia_git_sha": "Undefined",
        "extractor": "music 2.0"
    },
    "audio_properties": {
        "analysis": {
            "equal_loudness": 0,
            "length": 34.6673927307,
            "sample_rate": 44100,
            "start_time": 191.4949646,
            "downmix": "mix"
        },
        "bit_rate": 192000,
        "length": 226.185577393,
        "lossless": 0,
        "number_channels": 2,
        "replay_gain": -11.427652359,
        "sample_rate": 48000,
        "codec": "mp3",
        "md5_encoded": "d61490ce92a42a1ace4b94f92b9b8b1e"
    },
    "tags": {
        "file_name": "Denmark_Lige Der Hvor Hjertet Slår_Anders Frandsen.mp3",
        "encoding": ["Lavf58.29.100"]
    }
},
"lowlevel": {
    "average_loudness": 0.734538912773,
    "barkbands_crest": {
        "max": 22.5803337097,
        "mean": 8.00677204132,
        "min": 2.57405996323,
        "stdev": 3.25941324234
    },
    "barkbands_flatness_db": {
        "max": 0.238305300474,
        "mean": 0.117209084332,
        "min": 0.0425697900355,
        "stdev": 0.0402638241649
    },
    "barkbands_kurtosis": {
        "max": 19.6602401733,
        "mean": 1.04163217545,
        "min": -1.73651766777,
        "stdev": 1.87549936771
    },
    "barkbands_skewness": {
        "max": 4.00959157944,
        "mean": -0.321634203196,
        "min": -2.36914587021,
        "stdev": 1.16002118587
    },
    "barkbands_spread": {
        "max": 58.6390953064,
        "mean": 22.3945713043,
        "min": 3.88175702095,
        "stdev": 7.4703669548
    },
    "dissonance": {
        "max": 0.499990314245,
        "mean": 0.472050189972,
        "min": 0.35921433568,
        "stdev": 0.0266187749803
    },
    "dynamic_complexity": 3.89277362823,
    "erbbands_crest": {
        "max": 27.6524753571,
        "mean": 8.23713493347,
        "min": 2.5689303875,
        "stdev": 4.63318729401
    },
    "erbbands_flatness_db": {
        "max": 0.30485406518,
        "mean": 0.183089599013,
        "min": 0.0803029835224,
        "stdev": 0.0615067817271
    },
    "erbbands_kurtosis": {
        "max": 13.5033283234,
        "mean": 0.226211950183,
        "min": -1.74055123329,
        "stdev": 1.43746483326
    },
    "erbbands_skewness": {
        "max": 2.78409600258,
        "mean": -0.187660038471,
        "min": -2.54732060432,
        "stdev": 0.676617145538
    },
    "erbbands_spread": {
        "max": 73.4577789307,
        "mean": 28.5082874298,
        "min": 6.3104352951,
        "stdev": 9.94855880737
    },
    "hfc": {
        "max": 100.242195129,
        "mean": 19.3847103119,
        "min": 1.03484423916e-16,
        "stdev": 19.9456653595
    },
    "loudness_ebu128": {
        "integrated": -11.7747573853,
        "loudness_range": 5.70104789734,
        "momentary": {
            "max": -8.17258834839,
            "mean": -94.1177902222,
            "min": -300.691009521,
            "stdev": 128.716003418
        },
        "short_term": {
            "max": -10.0784816742,
            "mean": -77.9764785767,
            "min": -300.691009521,
            "stdev": 118.73361969
        }
    },
    "melbands_crest": {
        "max": 28.2258701324,
        "mean": 8.59760951996,
        "min": 1.50608360767,
        "stdev": 5.86879110336
    },
    "melbands_flatness_db": {
        "max": 0.273976027966,
        "mean": 0.106565408409,
        "min": 0.00255041685887,
        "stdev": 0.0744006186724
    },
    "melbands_kurtosis": {
        "max": 44.218044281,
        "mean": 0.876536846161,
        "min": -1.64494240284,
        "stdev": 2.97921085358
    },
    "melbands_skewness": {
        "max": 5.50661897659,
        "mean": 0.683835983276,
        "min": -1.41260969639,
        "stdev": 0.829066574574
    },
    "melbands_spread": {
        "max": 167.471832275,
        "mean": 63.8859710693,
        "min": 4.10825252533,
        "stdev": 45.3766365051
    },
    "pitch_salience": {
        "max": 0.85011023283,
        "mean": 0.635577738285,
        "min": 0.193768084049,
        "stdev": 0.133472591639
    },
    "silence_rate_20dB": {
        "max": 1,
        "mean": 1,
        "min": 1,
        "stdev": 0
    },
    "silence_rate_30dB": {
        "max": 1,
        "mean": 1,
        "min": 1,
        "stdev": 0
    },
    "silence_rate_60dB": {
        "max": 1,
        "mean": 0.370816588402,
        "min": 0,
        "stdev": 0.483024179935
    },
    "spectral_centroid": {
        "max": 11711.8291016,
        "mean": 4624.91308594,
        "min": 774.187561035,
        "stdev": 4079.77832031
    },
    "spectral_complexity": {
        "max": 55,
        "mean": 13.9016065598,
        "min": 0,
        "stdev": 11.4916114807
    },
    "spectral_decrease": {
        "max": 2.28946342512e-28,
        "mean": -3.27953375567e-09,
        "min": -1.4509794255e-08,
        "stdev": 3.16968140623e-09
    },
    "spectral_energy": {
        "max": 0.0601583309472,
        "mean": 0.0141359781846,
        "min": 9.64850204449e-21,
        "stdev": 0.0136128524318
    },
    "spectral_energyband_high": {
        "max": 0.0136663541198,
        "mean": 0.000410474283854,
        "min": 6.67272140642e-21,
        "stdev": 0.000866431102622
    },
    "spectral_energyband_low": {
        "max": 0.0150659708306,
        "mean": 0.000671002373565,
        "min": 9.68527526259e-24,
        "stdev": 0.00120699813124
    },
    "spectral_energyband_middle_high": {
        "max": 0.0460496246815,
        "mean": 0.007015068084,
        "min": 1.15773276937e-21,
        "stdev": 0.0078276116401
    },
    "spectral_energyband_middle_low": {
        "max": 0.0488619208336,
        "mean": 0.00631819339469,
        "min": 1.37303184307e-22,
        "stdev": 0.00748331146315
    },
    "spectral_entropy": {
        "max": 9.82932472229,
        "mean": 8.12079429626,
        "min": 6.38564538956,
        "stdev": 1.1156270504
    },
    "spectral_flux": {
        "max": 0.187462240458,
        "mean": 0.0467329770327,
        "min": 6.26145732485e-11,
        "stdev": 0.0397334545851
    },
    "spectral_kurtosis": {
        "max": 17.0873813629,
        "mean": 3.11182022095,
        "min": -1.31550705433,
        "stdev": 3.45147013664
    },
    "spectral_rms": {
        "max": 0.00766100874171,
        "mean": 0.00291706668213,
        "min": 3.06808940233e-12,
        "stdev": 0.00229825684801
    },
    "spectral_rolloff": {
        "max": 19724.4140625,
        "mean": 7170.25634766,
        "min": 645.99609375,
        "stdev": 7420.56982422
    },
    "spectral_skewness": {
        "max": 2.50123929977,
        "mean": 0.946516513824,
        "min": -0.0848221480846,
        "stdev": 0.671774804592
    },
    "spectral_spread": {
        "max": 48352936,
        "mean": 13995522,
        "min": 1990561.375,
        "stdev": 16903368
    },
    "spectral_strongpeak": {
        "max": 10.7681722641,
        "mean": 1.74817824364,
        "min": 0,
        "stdev": 2.06265282631
    },
    "zerocrossingrate": {
        "max": 0.75732421875,
        "mean": 0.203712970018,
        "min": 0.03076171875,
        "stdev": 0.191399931908
    },
    "barkbands": {
        "max": [0.000437986629549, 0.0136788384989, 0.00414883624762, 0.00480318209156, 0.0124893244356, 0.00518061919138, 0.00732946954668, 0.0331443250179, 0.040496122092, 0.024595733732, 0.0122673055157, 0.01947902143, 0.0174745190889, 0.0237746275961, 0.0190155450255, 0.0110760247335, 0.0207151640207, 0.0129003701732, 0.0132716363296, 0.00733467144892, 0.0044046076946, 0.00403630640358, 0.00366193847731, 0.00185990997124, 0.000968005741015, 0.000310067844111, 7.43950351989e-07],
        "mean": [2.98413378914e-05, 0.000215558116906, 0.000268688483629, 0.00039062165888, 0.000704307400156, 0.000419327931013, 0.000266092800302, 0.00129231577739, 0.00302341021597, 0.000483995856484, 0.000748178397771, 0.000968052016106, 0.000669220928103, 0.000765644537751, 0.000781717011705, 0.000336825643899, 0.000715987058356, 0.000596692087129, 0.000647530134302, 0.000497230794281, 0.000117810704978, 8.97672798601e-05, 5.41681729374e-05, 3.70869965991e-05, 1.09268894448e-05, 4.9699151532e-06, 6.83954670677e-09],
        "min": [1.95021662973e-25, 1.50345124647e-24, 2.88223076756e-25, 4.05403458498e-25, 7.52764996781e-24, 2.01130126041e-24, 4.89456795026e-24, 5.97956566158e-24, 9.03727336061e-24, 1.21533614998e-23, 7.92909181614e-24, 1.2477950941e-23, 2.22971219316e-23, 2.98207408202e-23, 3.62975696866e-23, 3.49763444217e-23, 4.85940210882e-23, 6.01067581132e-23, 1.0514778755e-22, 1.35939035543e-22, 1.89947974589e-22, 2.6448279671e-22, 3.74336688607e-22, 4.93025696424e-22, 7.95696252436e-22, 1.25324597781e-21, 1.82913746073e-21],
        "stdev": [4.26840924774e-05, 0.00074007170042, 0.000519118562806, 0.000635181437247, 0.000989725580439, 0.000684074417222, 0.000551176257432, 0.00306581007317, 0.00530325016007, 0.00144611869473, 0.00113948923536, 0.00182409677655, 0.00126305827871, 0.00218971632421, 0.00189051101916, 0.00108188262675, 0.00192113115918, 0.00103833794128, 0.00106936448719, 0.00080976751633, 0.000242878915742, 0.00020540683181, 0.000200101756491, 0.00013264422887, 4.84322627017e-05, 1.89177189895e-05, 3.70428274721e-08]
    },
    "erbbands": {
        "max": [0.248070731759, 3.57121300697, 3.8621070385, 12.623008728, 38.7743263245, 46.1285362244, 56.7673988342, 61.7106819153, 141.983505249, 172.727081299, 913.059936523, 770.729309082, 918.881652832, 303.610137939, 456.362884521, 830.670532227, 624.997314453, 1167.95129395, 1132.82580566, 1134.02429199, 502.854156494, 1292.96887207, 616.347595215, 525.45690918, 372.268280029, 332.561859131, 156.385894775, 203.228256226, 141.741760254, 84.6230621338, 120.545700073, 72.658996582, 41.0354957581, 10.0836114883, 7.60969305038, 1.35928702354, 0.984970331192, 0.0941933169961, 0.00164541008417, 0.000121656274132],
        "mean": [0.00567146716639, 0.0531497113407, 0.252231538296, 0.85332274437, 1.60610496998, 3.02733254433, 3.0510225296, 3.12471818924, 3.58129954338, 7.16554546356, 60.7435379028, 55.1815032959, 19.4008541107, 24.5927200317, 19.5349884033, 43.3616638184, 33.5919265747, 40.1150474548, 33.777961731, 37.3356208801, 19.3077602386, 43.5153465271, 35.3242683411, 31.003276825, 38.2210273743, 17.7700405121, 5.64948606491, 4.33590364456, 3.40670132637, 2.24155139923, 1.43710660934, 0.927945911884, 0.512669563293, 0.135152682662, 0.0757531300187, 0.0323261022568, 0.00725637562573, 0.000426159414928, 1.93903779291e-05, 1.90455630218e-05],
        "min": [4.44893663836e-23, 2.03422438291e-22, 9.4177228945e-22, 3.58195377747e-21, 7.09673063412e-21, 1.56290784578e-20, 2.01706263693e-20, 4.21916977741e-20, 9.36633021959e-20, 9.77361908981e-20, 1.94206976405e-19, 2.91762551124e-19, 3.75393457884e-19, 7.65840517241e-19, 6.22137066061e-19, 5.2431086111e-19, 1.14872163988e-18, 1.88770742834e-18, 2.16598463488e-18, 2.34000792613e-18, 3.15293104685e-18, 3.12134308721e-18, 4.21436652054e-18, 4.7998623289e-18, 6.15308472969e-18, 7.04648942209e-18, 7.81773194571e-18, 9.29091331971e-18, 8.31230323396e-18, 1.02076188628e-17, 1.06900231514e-17, 9.13273487989e-18, 9.53840575899e-18, 7.88110059808e-18, 6.12748100819e-18, 3.36028434011e-18, 2.25191112294e-18, 8.41002697191e-19, 2.50230355405e-19, 2.57708636829e-20],
        "stdev": [0.0181198772043, 0.181922242045, 0.483051598072, 1.36550235748, 2.58906602859, 4.28545570374, 5.16460371017, 5.84140920639, 8.89671897888, 13.6489057541, 113.041419983, 90.5017700195, 54.3941383362, 37.2626686096, 32.2099189758, 82.3900146484, 58.9868812561, 102.34400177, 85.5143814087, 95.6051330566, 45.5501441956, 118.009208679, 58.8700141907, 48.8536300659, 60.6678009033, 26.1843166351, 10.0788898468, 10.4719800949, 7.61790037155, 5.52368831635, 5.8978395462, 3.86572909355, 1.80995476246, 0.550769329071, 0.323312610388, 0.107019171119, 0.0383582226932, 0.00310579151846, 5.97018042754e-05, 1.85829339898e-05]
    },
    "gfcc": {
        "mean": [-381.729675293, 60.2291679382, -126.117828369, 20.9265785217, -48.166053772, 6.34940862656, -22.7816085815, 8.08825302124, -18.4833660126, -2.98619389534, -8.79805183411, -6.86824226379, -8.77589797974],
        "cov": [[320868.875, 22198.734375, -44765.7539062, 7673.09765625, -17313.8671875, 2016.00439453, -8203.15625, 2680.89135742, -6785.56152344, -1245.25683594, -3258.56103516, -2658.25805664, -3235.9987793], [22198.734375, 2442.29296875, -2979.42041016, 490.281097412, -1079.98632812, -30.5769519806, -490.768096924, -8.91095924377, -529.101135254, -203.437423706, -172.490875244, -336.054870605, -226.085235596], [-44765.7539062, -2979.42041016, 6729.22363281, -998.624389648, 2466.37231445, -301.631988525, 1102.47106934, -465.443328857, 904.533813477, 155.996688843, 377.09085083, 380.549102783, 442.168243408], [7673.09765625, 490.281097412, -998.624389648, 328.215454102, -351.089752197, 74.0840530396, -234.302627563, 55.9904937744, -154.855697632, -41.4090003967, -111.065605164, -47.5890769958, -72.8728713989], [-17313.8671875, -1079.98632812, 2466.37231445, -351.089752197, 1136.93884277, -118.357582092, 353.655273438, -189.500244141, 379.108215332, 54.6100234985, 145.002883911, 169.760803223, 179.412612915], [2016.00439453, -30.5769519806, -301.631988525, 74.0840530396, -118.357582092, 168.210449219, -51.7936058044, 47.1324501038, -36.9502487183, 13.7458868027, -43.0268211365, 26.7841014862, -13.4125871658], [-8203.15625, -490.768096924, 1102.47106934, -234.302627563, 353.655273438, -51.7936058044, 385.177886963, -42.2483444214, 127.303962708, -7.12444257736, 127.736984253, -13.2063531876, 60.643787384], [2680.89135742, -8.91095924377, -465.443328857, 55.9904937744, -189.500244141, 47.1324501038, -42.2483444214, 137.066772461, -27.4168205261, 11.5168943405, -24.3737354279, 3.38197565079, -25.1616573334], [-6785.56152344, -529.101135254, 904.533813477, -154.855697632, 379.108215332, -36.9502487183, 127.303962708, -27.4168205261, 229.223892212, 58.0994758606, 65.337059021, 86.0518875122, 75.5355224609], [-1245.25683594, -203.437423706, 155.996688843, -41.4090003967, 54.6100234985, 13.7458868027, -7.12444257736, 11.5168943405, 58.0994758606, 77.9196548462, 14.4714269638, 48.0439147949, 17.6626167297], [-3258.56103516, -172.490875244, 377.09085083, -111.065605164, 145.002883911, -43.0268211365, 127.736984253, -24.3737354279, 65.337059021, 14.4714269638, 106.292289734, 12.1598215103, 25.580904007], [-2658.25805664, -336.054870605, 380.549102783, -47.5890769958, 169.760803223, 26.7841014862, -13.2063531876, 3.38197565079, 86.0518875122, 48.0439147949, 12.1598215103, 147.824645996, 56.9223251343], [-3235.9987793, -226.085235596, 442.168243408, -72.8728713989, 179.412612915, -13.4125871658, 60.643787384, -25.1616573334, 75.5355224609, 17.6626167297, 25.580904007, 56.9223251343, 89.7869949341]],
        "icov": [[0.000282836932456, -0.000685320992488, 0.000636258395389, -0.000762566167396, 0.00108810281381, -0.000187899975572, 0.0010062570218, -0.000682078360114, 0.000985579332337, -0.000378191878553, 0.000857433129568, -0.000310213858029, 0.000840301683638], [-0.000685320992488, 0.00375029421411, -0.000576855964027, 0.00154328078497, -0.00261950562708, 0.00167728518136, -0.00230893353, 0.00471991673112, -0.00188557489309, 0.0025829623919, -0.00199864362366, 0.00190306466538, -0.00235470896587], [0.000636258395389, -0.000576855964027, 0.00364980683662, -0.00159974303097, 0.000771251739934, 0.00108970142901, -0.00123670557514, 0.00245358166285, 0.00123886018991, -0.00144949008245, 0.00467058923095, -0.00233640428632, 0.00174439221155], [-0.000762566167396, 0.00154328078497, -0.00159974303097, 0.0101353880018, -0.00332603161223, -0.00138703896664, 0.000411098299082, 0.000436263391748, -0.00174417940434, 0.0036179877352, -0.000291949429084, 0.00169427960645, -0.00144513882697], [0.00108810281381, -0.00261950562708, 0.000771251739934, -0.00332603161223, 0.00968068186194, -0.0008338977932, 0.00511202635244, -0.0012752575567, 0.000813217367977, 0.000838193343952, 0.00188017101027, -0.00183497485705, 0.00262252800167], [-0.000187899975572, 0.00167728518136, 0.00108970142901, -0.00138703896664, -0.0008338977932, 0.00993768218905, -0.00488847726956, 0.00292641413398, -0.000140638017911, -0.00191210536286, 0.00414569303393, -0.00377935869619, -5.87747708778e-05], [0.0010062570218, -0.00230893353, -0.00123670557514, 0.000411098299082, 0.00511202635244, -0.00488847726956, 0.0193425454199, -0.0101689798757, 0.00603747135028, 0.0049791703932, -0.00819893181324, 0.00827604997903, 0.00104773533531], [-0.000682078360114, 0.00471991673112, 0.00245358166285, 0.000436263391748, -0.0012752575567, 0.00292641413398, -0.0101689798757, 0.0223793536425, -0.00707599101588, 0.000192789550056, 0.00377638917416, -0.00412569753826, -0.00084695906844], [0.000985579332337, -0.00188557489309, 0.00123886018991, -0.00174417940434, 0.000813217367977, -0.000140638017911, 0.00603747135028, -0.00707599101588, 0.0186671167612, -0.005722054746, -3.41159684467e-05, 0.000128285377286, 0.000899738224689], [-0.000378191878553, 0.0025829623919, -0.00144949008245, 0.0036179877352, 0.000838193343952, -0.00191210536286, 0.0049791703932, 0.000192789550056, -0.005722054746, 0.0240224786103, -0.0059606609866, 1.50005016621e-05, -0.000544366368558], [0.000857433129568, -0.00199864362366, 0.00467058923095, -0.000291949429084, 0.00188017101027, 0.00414569303393, -0.00819893181324, 0.00377638917416, -3.41159684467e-05, -0.0059606609866, 0.0260112807155, -0.00675805518404, 0.00416530063376], [-0.000310213858029, 0.00190306466538, -0.00233640428632, 0.00169427960645, -0.00183497485705, -0.00377935869619, 0.00827604997903, -0.00412569753826, 0.000128285377286, 1.50005016621e-05, -0.00675805518404, 0.0190232023597, -0.00739686889574], [0.000840301683638, -0.00235470896587, 0.00174439221155, -0.00144513882697, 0.00262252800167, -5.87747708778e-05, 0.00104773533531, -0.00084695906844, 0.000899738224689, -0.000544366368558, 0.00416530063376, -0.00739686889574, 0.0223887562752]]
    },
    "melbands": {
        "max": [0.00295366742648, 0.00302398041822, 0.00207512406632, 0.00319703575224, 0.00160535401665, 0.00122658861801, 0.00183174223639, 0.00189577927813, 0.00799706485122, 0.00492502795532, 0.00459536770359, 0.00114455539733, 0.00172323279548, 0.00158760161139, 0.0035340860486, 0.00113049661741, 0.00263854162768, 0.00187471462414, 0.00183936790563, 0.000998328439891, 0.000600522093009, 0.0014411280863, 0.000952691247221, 0.00100347038824, 0.000515322666615, 0.000594298122451, 0.000471712526632, 0.000241310772253, 0.000110932742245, 6.48819914204e-05, 0.000146546793985, 0.000101394180092, 3.5724035115e-05, 6.98148724041e-05, 6.88247164362e-05, 6.91581590218e-05, 3.68915389117e-05, 3.48111825588e-05, 2.10044527194e-05, 6.86386829329e-06],
        "mean": [5.77163082198e-05, 0.000115477167128, 0.000172157480847, 0.000164847588167, 0.000111798784928, 7.45021170587e-05, 5.43382411706e-05, 8.26062532724e-05, 0.000622455612756, 0.000313956232276, 8.87526402948e-05, 9.35300631681e-05, 7.59060349083e-05, 6.56168194837e-05, 0.000146300939377, 5.37591949978e-05, 7.90963240433e-05, 4.99565212522e-05, 6.62700840621e-05, 3.23318708979e-05, 1.97655881493e-05, 5.0771930546e-05, 3.00408573821e-05, 2.78580155282e-05, 2.34052859014e-05, 2.99257608276e-05, 2.68199437414e-05, 7.50493836676e-06, 3.50534355675e-06, 2.67994391834e-06, 2.40230247073e-06, 2.05395053854e-06, 1.46616366692e-06, 1.16640933356e-06, 8.69547193361e-07, 6.2598758177e-07, 5.58584929422e-07, 4.21109547233e-07, 1.87278303088e-07, 8.6253066911e-08],
        "min": [5.42161469711e-25, 6.38818081934e-25, 9.34803130915e-25, 1.13043994516e-24, 1.0586344729e-24, 9.8127127836e-25, 1.30015360676e-24, 1.03568078993e-24, 1.45326904327e-24, 1.36650607801e-24, 1.82062273278e-24, 2.26670996683e-24, 1.77181334478e-24, 1.59717324682e-24, 1.87996597767e-24, 2.61109449197e-24, 2.88194160074e-24, 2.51996508298e-24, 2.86772198849e-24, 3.00019579474e-24, 3.40411229973e-24, 2.99457082205e-24, 3.030683691e-24, 2.97012500868e-24, 3.78136057297e-24, 4.04041145019e-24, 3.66205206637e-24, 4.23995618275e-24, 4.03959497915e-24, 4.02743784374e-24, 4.79137232208e-24, 4.52380884683e-24, 5.14731227897e-24, 5.0384514462e-24, 5.33042898318e-24, 4.46210138581e-24, 5.08193858689e-24, 5.73077313156e-24, 5.7531227443e-24, 6.50648964195e-24],
        "stdev": [0.000185279219295, 0.000231031997828, 0.000262859277427, 0.000239076471189, 0.000164487180882, 0.00013216563093, 0.000121608754853, 0.000190187973203, 0.00113206310198, 0.000527405005414, 0.000273848010693, 0.00014414647012, 0.000119687676488, 0.000130340238684, 0.000308031274471, 0.000124558093376, 0.000225976575166, 0.000146210935782, 0.000150253021275, 0.000107582127384, 4.93164152431e-05, 0.000149003884871, 6.48743589409e-05, 4.79959235236e-05, 4.27713057434e-05, 6.02123509452e-05, 4.75058332086e-05, 1.3829888303e-05, 7.05626189301e-06, 5.04364015796e-06, 6.94059144735e-06, 4.90082902616e-06, 3.07521213472e-06, 3.5653215491e-06, 3.62021546607e-06, 3.13868554258e-06, 2.15801878767e-06, 1.52834343226e-06, 7.69612654494e-07, 3.74101205125e-07]
    },
    "melbands128": {
        "max": [0.000341076782206, 0.00201062764972, 0.00433384906501, 0.00691992277279, 0.00308356713504, 0.00203647674061, 0.00292329257354, 0.00251524755731, 0.00445603206754, 0.00503353541717, 0.00312692043371, 0.00236744130962, 0.00273719616234, 0.0017239653971, 0.00185134005733, 0.00214023515582, 0.00425596768036, 0.0018381215632, 0.00168621179182, 0.00283798854798, 0.00370576186106, 0.00784719269723, 0.013265343383, 0.0168640390038, 0.00767589826137, 0.00583315920085, 0.00345835927874, 0.00919993035495, 0.00327015272342, 0.00130541366525, 0.00245888717473, 0.00232182745822, 0.00239946926013, 0.00188231596258, 0.000841771718115, 0.00285128690302, 0.00441788090393, 0.00780745735392, 0.00350994104519, 0.00288169691339, 0.00236687809229, 0.00438373303041, 0.00317848892882, 0.00627495022491, 0.00356542225927, 0.0036658521276, 0.00340430019423, 0.00250807544217, 0.00468015717342, 0.00347666675225, 0.00205629598349, 0.00130482006352, 0.0010725655593, 0.000817072461359, 0.00211919657886, 0.00305569404736, 0.0040945825167, 0.00119667523541, 0.00137024582364, 0.000983371399343, 0.00201156595722, 0.000708668725565, 0.00101444358006, 0.000754404056352, 0.0016186326975, 0.00115923234262, 0.000371032743715, 0.000742487667594, 0.00068789429497, 0.000644489540718, 0.000293678138405, 0.000202654598979, 0.000123714344227, 0.000166968544363, 0.000102449484984, 8.52493467391e-05, 6.11330688116e-05, 0.000142061850056, 0.000167229140061, 0.000165450270288, 0.000161022369866, 7.96750100562e-05, 5.3741310694e-05, 4.80728995171e-05, 4.89059566462e-05, 3.54916373908e-05, 0.000126385057229, 8.73649987625e-05, 8.37196130306e-05, 8.76180056366e-05, 7.86380260251e-05, 6.65781553835e-05, 6.3369225245e-05, 3.87026193494e-05, 3.95479073632e-05, 2.98217564705e-05, 5.60670778214e-05, 1.46479314935e-05, 2.60866763711e-05, 2.41910565819e-05, 6.98038957125e-06, 9.60064971878e-06, 6.93816491548e-06, 2.71563239949e-05, 1.03905622382e-05, 3.10630616696e-06, 3.35983145305e-06, 2.5323004138e-06, 3.14103112942e-06, 3.65860773854e-06, 2.01084162654e-06, 2.96424263979e-06, 6.03013131695e-06, 4.43014459961e-06, 2.46638205681e-06, 2.53565616504e-07, 1.71942673433e-08, 3.40547035016e-09, 3.31066174475e-09, 3.24044968636e-09, 3.18218940087e-09, 3.13348080816e-09, 3.07380121356e-09, 3.03282798875e-09, 2.99287372663e-09, 2.9622273523e-09, 2.94261570666e-09, 2.93002666574e-09],
        "mean": [2.0926063371e-05, 4.08245250583e-05, 7.52133055357e-05, 8.64733228809e-05, 0.00010709707567, 0.000142059856444, 0.000162473908858, 0.000212353043025, 0.000138957970194, 0.000164401644724, 0.000196400520508, 0.000100131423096, 0.000104338891106, 0.000105000261101, 6.49393477943e-05, 6.21050057816e-05, 6.85387349222e-05, 3.83450787922e-05, 6.29594578641e-05, 5.52619094378e-05, 9.03877007659e-05, 0.000164467754075, 0.000819254491944, 0.0010284074815, 0.000214188738028, 0.000183748692507, 7.16627400834e-05, 0.000102077799966, 7.03573459759e-05, 4.24977188231e-05, 0.000127941733808, 0.000151565604028, 3.78867625841e-05, 7.06203863956e-05, 2.45965838985e-05, 5.30966062797e-05, 0.000134223300847, 0.000253329548286, 5.79588486289e-05, 3.77967844543e-05, 7.47615267755e-05, 4.07994775742e-05, 7.01313911122e-05, 0.000128992556711, 3.7191035517e-05, 4.00460703531e-05, 4.90904676553e-05, 7.54522843636e-05, 7.49835453462e-05, 3.57697826985e-05, 3.39139733114e-05, 1.92592578969e-05, 1.26040868054e-05, 1.62525248015e-05, 4.32013948739e-05, 7.27936712792e-05, 4.04191414418e-05, 1.8773962438e-05, 2.62494650087e-05, 5.00103051309e-05, 2.09161753446e-05, 1.8378968889e-05, 3.22617233905e-05, 2.13006987906e-05, 1.38058239827e-05, 5.01458125655e-05, 1.76162648131e-05, 2.68142011919e-05, 3.83692968171e-05, 1.10468636194e-05, 8.24077869765e-06, 4.19228763349e-06, 3.94345306631e-06, 3.71896430806e-06, 2.42470059675e-06, 3.0813991998e-06, 2.32566344494e-06, 2.7727064662e-06, 2.35117659031e-06, 2.20413198804e-06, 2.20945253204e-06, 1.9574158614e-06, 1.69620977886e-06, 1.44043360706e-06, 1.28728936488e-06, 1.11011263471e-06, 1.30120020003e-06, 9.32347461458e-07, 8.86440318482e-07, 7.59436147746e-07, 6.73491456382e-07, 6.06536787018e-07, 5.06680351009e-07, 5.79557990932e-07, 5.73390650516e-07, 5.14609155289e-07, 3.94359858547e-07, 2.72098816367e-07, 2.0197060735e-07, 1.57978206516e-07, 5.3772438946e-08, 8.47404422188e-08, 9.48296303704e-08, 1.13165434357e-07, 9.78460619194e-08, 6.14993922454e-08, 6.32573815551e-08, 5.23169632061e-08, 6.77032119256e-08, 5.04873689522e-08, 4.00873219064e-08, 2.42951294638e-08, 1.94087643735e-08, 1.79982269088e-08, 7.46482342606e-09, 1.32142519149e-09, 2.69696986965e-10, 4.46076986113e-12, 4.2345723282e-12, 4.13277701991e-12, 4.04211429952e-12, 3.96551324763e-12, 3.88903883056e-12, 3.82719767336e-12, 3.76112032144e-12, 3.69691647087e-12, 3.65680619466e-12, 3.63709474864e-12],
        "min": [1.72282537839e-26, 4.50793701472e-26, 3.15498484896e-25, 2.34997423538e-25, 1.18863169964e-25, 1.74863382572e-25, 9.94804261145e-26, 2.30395825314e-25, 2.6101040771e-25, 5.8046934413e-25, 2.30118121624e-25, 1.19169851967e-25, 1.44655088194e-25, 4.10813022852e-25, 4.4355336352e-25, 2.86845898179e-25, 6.13341079443e-25, 5.0593732207e-25, 2.7348084416e-25, 1.26356461095e-25, 2.33180183835e-25, 3.41318222799e-25, 3.05383833629e-25, 4.1796187759e-25, 4.97919635652e-25, 2.30081119117e-25, 2.39048372198e-25, 6.4663381996e-25, 3.05448027185e-25, 4.43379764818e-25, 5.62428834784e-25, 9.62049499113e-25, 4.07318911384e-25, 3.67438072972e-25, 7.28869118063e-25, 5.35855710065e-25, 5.85245748999e-25, 1.30579139844e-24, 5.41591271188e-25, 7.27951081184e-25, 1.09110270586e-24, 8.93398583013e-25, 1.00425128957e-24, 7.17929934586e-25, 8.8685557345e-25, 8.54434376322e-25, 9.24751859691e-25, 1.33358237648e-24, 7.61259944046e-25, 1.33216607533e-24, 9.84357598044e-25, 1.01504034295e-24, 9.80339732239e-25, 1.99062344115e-24, 1.2628968895e-24, 1.28526582933e-24, 1.25099011882e-24, 1.70858515715e-24, 1.30751052356e-24, 1.60378370399e-24, 9.68695948062e-25, 1.6400774193e-24, 2.03916264429e-24, 2.4793910084e-24, 2.03648485595e-24, 1.83040914396e-24, 1.51911851708e-24, 1.87289581181e-24, 1.60911778422e-24, 2.05266320982e-24, 2.55197587523e-24, 1.64741826306e-24, 2.62081227225e-24, 1.94399288696e-24, 2.15163882659e-24, 2.83651682045e-24, 1.80764754861e-24, 1.9680133071e-24, 2.4375293156e-24, 2.15660904472e-24, 2.42947405969e-24, 2.47673333601e-24, 2.05541495388e-24, 2.76914474648e-24, 3.13187561248e-24, 3.26282770604e-24, 2.51043899591e-24, 2.60057739838e-24, 2.69611949806e-24, 2.98781225625e-24, 2.77955494942e-24, 2.9967046908e-24, 3.02803666823e-24, 2.95952883178e-24, 3.30681735113e-24, 3.50846124255e-24, 3.3898086738e-24, 2.7003191963e-24, 3.21061951082e-24, 3.70662704625e-24, 4.13265098368e-24, 4.3361443595e-24, 3.80890365147e-24, 3.57471451454e-24, 4.0178409564e-24, 3.98246291138e-24, 3.95526377623e-24, 4.03431868299e-24, 3.51593333305e-24, 3.8146004105e-24, 3.41166130416e-24, 4.47602162534e-24, 3.22225698411e-24, 4.27910616618e-24, 4.41746171933e-24, 4.95579420612e-24, 4.45693671346e-24, 4.0996734424e-24, 4.61259474728e-24, 5.29793383034e-24, 4.29233339141e-24, 4.73934181778e-24, 4.2234595235e-24, 4.48719860108e-24, 4.713717249e-24, 5.21023853009e-24, 4.90460581084e-24, 5.5749979519e-24],
        "stdev": [3.08246599161e-05, 0.000127629158669, 0.00028589629801, 0.000331004703185, 0.000248314114287, 0.000280669657513, 0.000288669485599, 0.000355346535798, 0.000266278337222, 0.000289436487947, 0.000296002544928, 0.000182013827725, 0.000218773348024, 0.000195809989236, 0.000154773384565, 0.000165395264048, 0.000241134461248, 0.000105540893856, 0.000122458106489, 0.000152220382006, 0.000280829088297, 0.00064244645182, 0.00163770164363, 0.00212569534779, 0.000446363410447, 0.000623986066785, 0.000250646087807, 0.00046786951134, 0.000243964721449, 0.000118386444228, 0.000239612738369, 0.000268500327365, 0.000126492595882, 0.000192417268408, 6.57168202451e-05, 0.00019223394338, 0.000347125489498, 0.000639655918349, 0.000157273374498, 0.000163935241289, 0.000206001306651, 0.000188073929166, 0.000231686150073, 0.000493829953484, 0.000184360527783, 0.000204683325137, 0.000217775304918, 0.000180670525879, 0.000280346197542, 0.000193315179786, 0.000158748051035, 6.83852413204e-05, 4.66445999336e-05, 6.26362598268e-05, 0.000162530137459, 0.000268006726401, 0.000176144545549, 7.37399604986e-05, 8.85276022018e-05, 0.000100106350146, 6.76402050885e-05, 5.16185282322e-05, 6.67238273309e-05, 5.77009304834e-05, 5.71236341784e-05, 0.00012809697364, 3.46992746927e-05, 6.85447957949e-05, 7.37355585443e-05, 3.16860860039e-05, 1.74888955371e-05, 1.1273362361e-05, 8.35977971292e-06, 9.13610165298e-06, 5.50303457203e-06, 5.94774428464e-06, 4.79145046484e-06, 7.14204088581e-06, 8.15751172922e-06, 7.63493881095e-06, 6.27635790806e-06, 4.72713190902e-06, 3.83970473194e-06, 3.32069475917e-06, 3.05913090415e-06, 2.64207801592e-06, 6.214185305e-06, 3.96909126721e-06, 4.24893005402e-06, 3.91027924707e-06, 3.27682914758e-06, 3.37509982273e-06, 2.72301463156e-06, 2.29241345551e-06, 2.24125051318e-06, 1.74740750936e-06, 1.91130561689e-06, 9.8531063486e-07, 8.71054112395e-07, 9.07562196062e-07, 2.83348867924e-07, 3.86213287129e-07, 3.66873365465e-07, 7.9358022731e-07, 4.75911491549e-07, 2.02494661039e-07, 2.01270523803e-07, 1.7202010838e-07, 2.42603931611e-07, 2.07415297382e-07, 1.60722734677e-07, 1.19650849228e-07, 1.81982244385e-07, 1.62495652489e-07, 7.55229621063e-08, 8.62447979699e-09, 1.33171762506e-09, 8.81126907548e-11, 8.5659972171e-11, 8.38427313687e-11, 8.23343615508e-11, 8.10727318612e-11, 7.9528147956e-11, 7.84683984456e-11, 7.7434107737e-11, 7.66421093257e-11, 7.61338145305e-11, 7.58083110175e-11]
    },
    "mfcc": {
        "mean": [-825.179870605, 75.2162017822, -32.1827354431, 11.8893108368, -10.2750101089, -2.06635308266, 0.163438230753, 5.73809289932, -5.18813419342, 3.45755982399, 0.729913890362, -2.22457957268, -5.34711551666],
        "cov": [[82692.9453125, 13762.5771484, -5481.32519531, 2434.66772461, -1930.64624023, -402.903594971, 7.07265329361, 961.162109375, -1078.81677246, 633.639404297, 34.5364456177, -517.356323242, -1137.21472168], [13762.5771484, 3167.9230957, -951.460876465, 501.816101074, -322.474243164, -56.1760826111, 48.572807312, 104.11491394, -255.811660767, 27.1462497711, -19.4745693207, -76.3084411621, -206.726287842], [-5481.32519531, -951.460876465, 696.710754395, -125.718925476, 106.965873718, 66.4434204102, 7.57221317291, -92.1194763184, 71.7242965698, -61.9013557434, -45.7025642395, 7.96627807617, 45.0033340454], [2434.66772461, 501.816101074, -125.718925476, 226.428726196, 13.9984960556, -13.0771160126, -18.2899017334, 13.0953998566, -46.1346817017, -5.38061475754, -21.851764679, -32.16929245, -36.1832771301], [-1930.64624023, -322.474243164, 106.965873718, 13.9984960556, 306.719512939, 76.0574569702, -118.943527222, -41.6489105225, 64.0355072021, -68.6204910278, -35.4354286194, 10.6122970581, 32.2788887024], [-402.903594971, -56.1760826111, 66.4434204102, -13.0771160126, 76.0574569702, 112.347969055, -6.08852243423, -15.4391508102, 14.8018407822, -19.4239501953, -19.3013553619, 4.91630458832, -11.2092733383], [7.07265329361, 48.572807312, 7.57221317291, -18.2899017334, -118.943527222, -6.08852243423, 156.969772339, 40.1101646423, -32.2221031189, 30.8260707855, 9.95987987518, -26.4446563721, -10.4511137009], [961.162109375, 104.11491394, -92.1194763184, 13.0953998566, -41.6489105225, -15.4391508102, 40.1101646423, 91.9235610962, 3.03822612762, 19.5247554779, 5.54743099213, -10.1210737228, -7.69895076752], [-1078.81677246, -255.811660767, 71.7242965698, -46.1346817017, 64.0355072021, 14.8018407822, -32.2221031189, 3.03822612762, 90.5773010254, -1.25579679012, -7.67958164215, -1.25185883045, 13.8479156494], [633.639404297, 27.1462497711, -61.9013557434, -5.38061475754, -68.6204910278, -19.4239501953, 30.8260707855, 19.5247554779, -1.25579679012, 84.6251754761, 27.1116428375, -17.132068634, -15.2129144669], [34.5364456177, -19.4745693207, -45.7025642395, -21.851764679, -35.4354286194, -19.3013553619, 9.95987987518, 5.54743099213, -7.67958164215, 27.1116428375, 70.6876449585, 28.8656730652, 1.56732666492], [-517.356323242, -76.3084411621, 7.96627807617, -32.16929245, 10.6122970581, 4.91630458832, -26.4446563721, -10.1210737228, -1.25185883045, -17.132068634, 28.8656730652, 81.8348388672, 25.1167564392], [-1137.21472168, -206.726287842, 45.0033340454, -36.1832771301, 32.2788887024, -11.2092733383, -10.4511137009, -7.69895076752, 13.8479156494, -15.2129144669, 1.56732666492, 25.1167564392, 73.9500579834]],
        "icov": [[9.24001506064e-05, -0.000210435900954, 0.000242754947976, -0.000276581646176, 0.000416467402829, -0.000296183745377, 0.000552580691874, -0.000466058816528, 0.000111912937427, -0.000227840238949, 6.58173375996e-05, 0.000205561853363, 0.000213461578824], [-0.000210435900954, 0.00163746078033, 0.000644869811367, -0.000970721885096, 0.00026445867843, -9.35694988584e-05, -0.00107092084363, 0.00132021389436, 0.000455376750324, 0.00164377863985, 0.000425904378062, -0.000485305878101, 0.000739137874916], [0.000242754947976, 0.000644869811367, 0.00422002980486, -0.00165612983983, 0.00204537506215, -0.00187430751976, 8.40964348754e-05, 0.00151665660087, -0.000671982823405, 0.00154875963926, 0.00180664553773, 0.000374314142391, 0.00142925477121], [-0.000276581646176, -0.000970721885096, -0.00165612983983, 0.00975235272199, -0.00444090040401, 0.00322531256825, -0.000910900242161, 1.39055127875e-05, 0.00257813930511, -0.000702485966031, 0.000718477356713, 0.00103297666647, 0.000119337724755], [0.000416467402829, 0.00026445867843, 0.00204537506215, -0.00444090040401, 0.0112270573154, -0.00695556728169, 0.0072851460427, -0.00168896152172, -0.00205274228938, 0.00376764824614, -0.000345198786817, 0.00333227589726, -0.00133999285754], [-0.000296183745377, -9.35694988584e-05, -0.00187430751976, 0.00322531256825, -0.00695556728169, 0.015128700994, -0.00547984382138, 0.00250850571319, -0.000696219271049, -0.00086144550005, 0.00314464373514, -0.00455092592165, 0.004150621593], [0.000552580691874, -0.00107092084363, 8.40964348754e-05, -0.000910900242161, 0.0072851460427, -0.00547984382138, 0.0164306908846, -0.00825305096805, 0.00494763907045, -0.00138989160769, -0.00188195169903, 0.00653682416305, -0.000933385046665], [-0.000466058816528, 0.00132021389436, 0.00151665660087, 1.39055127875e-05, -0.00168896152172, 0.00250850571319, -0.00825305096805, 0.0186312943697, -0.00565257016569, 0.00117327203043, 0.000952463597059, -0.00218092603609, -0.000481448834762], [0.000111912937427, 0.000455376750324, -0.000671982823405, 0.00257813930511, -0.00205274228938, -0.000696219271049, 0.00494763907045, -0.00565257016569, 0.0190386604518, -0.0031547176186, 0.00121955515351, 0.00247001112439, 0.000486702279886], [-0.000227840238949, 0.00164377863985, 0.00154875963926, -0.000702485966031, 0.00376764824614, -0.00086144550005, -0.00138989160769, 0.00117327203043, -0.0031547176186, 0.0208710879087, -0.00753882620484, 0.0055641811341, 0.00111000228208], [6.58173375996e-05, 0.000425904378062, 0.00180664553773, 0.000718477356713, -0.000345198786817, 0.00314464373514, -0.00188195169903, 0.000952463597059, 0.00121955515351, -0.00753882620484, 0.0238075461239, -0.0106712738052, 0.00325598032214], [0.000205561853363, -0.000485305878101, 0.000374314142391, 0.00103297666647, 0.00333227589726, -0.00455092592165, 0.00653682416305, -0.00218092603609, 0.00247001112439, 0.0055641811341, -0.0106712738052, 0.0218960009515, -0.00589402019978], [0.000213461578824, 0.000739137874916, 0.00142925477121, 0.000119337724755, -0.00133999285754, 0.004150621593, -0.000933385046665, -0.000481448834762, 0.000486702279886, 0.00111000228208, 0.00325598032214, -0.00589402019978, 0.0211622156203]]
    },
    "spectral_contrast_coeffs": {
        "max": [-0.527641177177, -0.457885742188, -0.530783712864, -0.555951476097, -0.601208746433, -0.631571173668],
        "mean": [-0.784606218338, -0.778771579266, -0.777264356613, -0.804152786732, -0.798932790756, -0.79447042942],
        "min": [-0.986336231232, -0.983616173267, -0.979916810989, -0.972758233547, -0.969227969646, -0.966044843197],
        "stdev": [0.129527360201, 0.14228695631, 0.133274361491, 0.11731826514, 0.112219296396, 0.109154842794]
    },
    "spectral_contrast_valleys": {
        "max": [-5.68285417557, -5.40149402618, -6.13271045685, -6.22998094559, -5.82071685791, -8.09330558777],
        "mean": [-13.3053541183, -12.8763036728, -13.2244539261, -13.3037223816, -13.13144207, -15.4581108093],
        "min": [-28.1930541992, -27.9751739502, -28.0487976074, -27.7131080627, -27.5757026672, -27.4297122955],
        "stdev": [8.8914642334, 9.12865543365, 8.92395687103, 8.86250019073, 8.99360656738, 7.52102136612]
    }
},
"rhythm": {
    "beats_count": 74,
    "beats_loudness": {
        "max": 0.0507397614419,
        "mean": 0.0138582102954,
        "min": 0,
        "stdev": 0.013444040902
    },
    "bpm": 148.443908691,
    "bpm_histogram_first_peak_bpm": 148,
    "bpm_histogram_first_peak_weight": 0.352941155434,
    "bpm_histogram_second_peak_bpm": 108,
    "bpm_histogram_second_peak_spread": 0.61904758215,
    "bpm_histogram_second_peak_weight": 0.109589040279,
    "danceability": 0.810092389584,
    "onset_rate": 1.26877939701,
    "beats_loudness_band_ratio": {
        "max": [0.464094489813, 0.504367947578, 0.724505543709, 0.638461649418, 0.691080212593, 0.350613713264],
        "mean": [0.0553663857281, 0.0582875870168, 0.205752164125, 0.148732542992, 0.162886530161, 0.0856255739927],
        "min": [0, 0, 0, 0, 0, 0],
        "stdev": [0.0936895683408, 0.0975686982274, 0.213278725743, 0.141681388021, 0.198162093759, 0.0917132273316]
    },
