{
"metadata": {
    "version": {
        "essentia": "2.1-beta5",
        "essentia_git_sha": "Undefined",
        "extractor": "music 2.0"
    },
    "audio_properties": {
        "analysis": {
            "equal_loudness": 0,
            "length": 32.4963264465,
            "sample_rate": 44100,
            "start_time": 12.7477550507,
            "downmix": "mix"
        },
        "bit_rate": 192000,
        "length": 173.383407593,
        "lossless": 0,
        "number_channels": 2,
        "replay_gain": -4.25751495361,
        "sample_rate": 44100,
        "codec": "mp3",
        "md5_encoded": "3e7383da7e8cc91bb764a194600b230f"
    },
    "tags": {
        "file_name": "Belgium_Geef Het Op_Clouseau.mp3",
        "encoding": ["Lavf58.29.100"]
    }
},
"lowlevel": {
    "average_loudness": 0.972221434116,
    "barkbands_crest": {
        "max": 24.7460155487,
        "mean": 9.53783321381,
        "min": 2.47828865051,
        "stdev": 3.78554296494
    },
    "barkbands_flatness_db": {
        "max": 0.316946297884,
        "mean": 0.178962782025,
        "min": 0.0816974341869,
        "stdev": 0.0391768217087
    },
    "barkbands_kurtosis": {
        "max": 42.2250747681,
        "mean": 1.20880746841,
        "min": -1.87093901634,
        "stdev": 3.59887909889
    },
    "barkbands_skewness": {
        "max": 5.71150350571,
        "mean": 0.609915792942,
        "min": -1.91183257103,
        "stdev": 0.980051636696
    },
    "barkbands_spread": {
        "max": 55.4304656982,
        "mean": 16.1211948395,
        "min": 2.13105463982,
        "stdev": 8.06063365936
    },
    "dissonance": {
        "max": 0.500000119209,
        "mean": 0.455421894789,
        "min": 0.302941143513,
        "stdev": 0.0350577533245
    },
    "dynamic_complexity": 2.08022999763,
    "erbbands_crest": {
        "max": 29.3982105255,
        "mean": 11.2514209747,
        "min": 2.87401294708,
        "stdev": 4.68952560425
    },
    "erbbands_flatness_db": {
        "max": 0.357492923737,
        "mean": 0.252675205469,
        "min": 0.11296145618,
        "stdev": 0.04719972983
    },
    "erbbands_kurtosis": {
        "max": 14.8021888733,
        "mean": 0.238411337137,
        "min": -1.79138588905,
        "stdev": 1.68832862377
    },
    "erbbands_skewness": {
        "max": 3.59962773323,
        "mean": 0.0468911193311,
        "min": -2.85091853142,
        "stdev": 0.808630228043
    },
    "erbbands_spread": {
        "max": 73.2314682007,
        "mean": 23.3155975342,
        "min": 4.68508529663,
        "stdev": 12.0723743439
    },
    "hfc": {
        "max": 79.7047729492,
        "mean": 27.6008605957,
        "min": 0.0228416416794,
        "stdev": 16.2658081055
    },
    "loudness_ebu128": {
        "integrated": -19.0507335663,
        "loudness_range": 2.44988822937,
        "momentary": {
            "max": -16.6369056702,
            "mean": -19.3459339142,
            "min": -26.0408935547,
            "stdev": 1.72382938862
        },
        "short_term": {
            "max": -17.6914310455,
            "mean": -19.0104961395,
            "min": -21.6427326202,
            "stdev": 0.916039288044
        }
    },
    "melbands_crest": {
        "max": 30.1008262634,
        "mean": 11.8778495789,
        "min": 3.80602312088,
        "stdev": 4.90757036209
    },
    "melbands_flatness_db": {
        "max": 0.370562195778,
        "mean": 0.222401738167,
        "min": 0.0923044756055,
        "stdev": 0.0474123284221
    },
    "melbands_kurtosis": {
        "max": 101.121856689,
        "mean": 3.65486359596,
        "min": -1.82309293747,
        "stdev": 7.237844944
    },
    "melbands_skewness": {
        "max": 7.76321840286,
        "mean": 1.15688216686,
        "min": -1.19992244244,
        "stdev": 1.17798197269
    },
    "melbands_spread": {
        "max": 77.3837203979,
        "mean": 25.5048065186,
        "min": 2.29970788956,
        "stdev": 13.4549121857
    },
    "pitch_salience": {
        "max": 0.839974522591,
        "mean": 0.590176522732,
        "min": 0.15586078167,
        "stdev": 0.103589504957
    },
    "silence_rate_20dB": {
        "max": 1,
        "mean": 1,
        "min": 1,
        "stdev": 0
    },
    "silence_rate_30dB": {
        "max": 1,
        "mean": 1,
        "min": 1,
        "stdev": 0
    },
    "silence_rate_60dB": {
        "max": 1,
        "mean": 0.00285510346293,
        "min": 0,
        "stdev": 0.053356423974
    },
    "spectral_centroid": {
        "max": 3158.74658203,
        "mean": 1464.01721191,
        "min": 358.433044434,
        "stdev": 458.240753174
    },
    "spectral_complexity": {
        "max": 47,
        "mean": 21.943611145,
        "min": 0,
        "stdev": 7.10472917557
    },
    "spectral_decrease": {
        "max": -4.48930649599e-11,
        "mean": -6.46134878934e-09,
        "min": -2.07342552017e-08,
        "stdev": 3.22539261965e-09
    },
    "spectral_energy": {
        "max": 0.0833373516798,
        "mean": 0.0268900860101,
        "min": 0.000171508276253,
        "stdev": 0.0133690312505
    },
    "spectral_energyband_high": {
        "max": 0.0022146331612,
        "mean": 0.000143821205711,
        "min": 3.24340305724e-07,
        "stdev": 0.000214196174056
    },
    "spectral_energyband_low": {
        "max": 0.0231806878,
        "mean": 0.00145522633102,
        "min": 8.05561467132e-06,
        "stdev": 0.00210901792161
    },
    "spectral_energyband_middle_high": {
        "max": 0.0575009770691,
        "mean": 0.0129246432334,
        "min": 2.64485970547e-06,
        "stdev": 0.0110041964799
    },
    "spectral_energyband_middle_low": {
        "max": 0.0801811814308,
        "mean": 0.0128331789747,
        "min": 3.82075486414e-05,
        "stdev": 0.0103884870186
    },
    "spectral_entropy": {
        "max": 7.96372795105,
        "mean": 7.12899971008,
        "min": 6.12122297287,
        "stdev": 0.354798972607
    },
    "spectral_flux": {
        "max": 0.222618043423,
        "mean": 0.0876984521747,
        "min": 0.0220485441387,
        "stdev": 0.0392034426332
    },
    "spectral_kurtosis": {
        "max": 32.9922790527,
        "mean": 9.7727098465,
        "min": 0.488301277161,
        "stdev": 5.56129360199
    },
    "spectral_rms": {
        "max": 0.00901691336185,
        "mean": 0.00495011173189,
        "min": 0.000409053987823,
        "stdev": 0.001315520145
    },
    "spectral_rolloff": {
        "max": 4715.77148438,
        "mean": 1657.05615234,
        "min": 86.1328125,
        "stdev": 694.411437988
    },
    "spectral_skewness": {
        "max": 3.81504559517,
        "mean": 1.66005659103,
        "min": 0.0136564597487,
        "stdev": 0.537183403969
    },
    "spectral_spread": {
        "max": 5636480.5,
        "mean": 2289031.5,
        "min": 1333934.125,
        "stdev": 549074.125
    },
    "spectral_strongpeak": {
        "max": 14.2667303085,
        "mean": 2.34898042679,
        "min": 0,
        "stdev": 1.90041363239
    },
    "zerocrossingrate": {
        "max": 0.119140625,
        "mean": 0.0566395781934,
        "min": 0.005859375,
        "stdev": 0.0168368183076
    },
    "barkbands": {
        "max": [0.000151501299115, 0.0158282015473, 0.0125990146771, 0.0104808900505, 0.0381748788059, 0.0554134622216, 0.0394498407841, 0.0687484666705, 0.0530623905361, 0.0388477481902, 0.0224882289767, 0.0205465592444, 0.0198222585022, 0.0271404273808, 0.0274008363485, 0.0129472222179, 0.0194418877363, 0.00789054110646, 0.00271192705259, 0.00354438857175, 0.0013368066866, 0.000325868575601, 2.91596024908e-05, 3.35330660164e-05, 2.94140663755e-05, 5.28374698661e-07, 1.09346927957e-07],
        "mean": [5.28038071934e-06, 0.000710126769263, 0.000551418226678, 0.000491775281262, 0.00191398046445, 0.00221254653297, 0.00216006091796, 0.00303380237892, 0.00233208783902, 0.0026589834597, 0.001427786774, 0.00125788419973, 0.00137248146348, 0.00184733781498, 0.00184661278035, 0.00088841264369, 0.00064129254315, 0.000889172661118, 0.000349611596903, 0.000227509997785, 5.17014923389e-05, 1.31181777761e-05, 1.21853122437e-06, 3.06169204123e-06, 2.45319665737e-06, 3.47958206248e-07, 3.69224189001e-08],
        "min": [4.54752040469e-08, 2.65810058409e-06, 1.25905023651e-06, 3.10406193194e-07, 6.48428749628e-06, 4.95905078424e-06, 2.70859072771e-06, 9.89920863503e-07, 2.6669809472e-07, 3.64606876246e-07, 2.6570566547e-07, 7.23226264654e-07, 3.44382755202e-07, 1.75465501684e-07, 1.81724743697e-07, 1.49225016344e-07, 4.88642157848e-08, 2.64633911229e-07, 1.00819683269e-07, 1.20095663192e-07, 1.07399394267e-07, 5.79913326249e-08, 2.2376443809e-08, 1.78128818362e-08, 2.68724438257e-08, 2.16944204823e-08, 5.22507681566e-09],
        "stdev": [9.53048493102e-06, 0.00131046073511, 0.00101981370244, 0.00101092841942, 0.00278174248524, 0.00408318219706, 0.0040428340435, 0.00677374796942, 0.00446470780298, 0.00530141172931, 0.00253638718277, 0.0023102008272, 0.00258659943938, 0.00320477900095, 0.0027977314312, 0.00131860713009, 0.00121798191685, 0.000874989083968, 0.000357778393663, 0.000268438016064, 0.000114400478196, 2.60335073108e-05, 1.9311082724e-06, 4.40901567345e-06, 3.78304457627e-06, 4.71905572397e-08, 1.69123186566e-08]
    },
    "erbbands": {
        "max": [0.428319990635, 4.44470596313, 10.8423061371, 26.0929260254, 72.0339813232, 156.300476074, 129.465652466, 703.366882324, 397.263763428, 1048.91174316, 1634.90612793, 782.406555176, 1335.26391602, 691.608398438, 878.409912109, 683.18347168, 871.400268555, 1560.54467773, 1333.77355957, 1485.71032715, 325.482849121, 1370.88537598, 438.912567139, 352.028503418, 122.666160583, 115.779243469, 61.5259819031, 42.9884109497, 13.9852933884, 5.42942094803, 0.430599540472, 0.538819074631, 0.784555971622, 0.463117301464, 0.0958744511008, 0.00814055837691, 0.00103905261494, 0.000270262680715, 4.5689765102e-05, 9.6020536148e-05],
        "mean": [0.0174068380147, 0.175181239843, 0.53063338995, 1.23042106628, 3.60278892517, 7.84135484695, 10.449432373, 20.2886772156, 17.6348495483, 61.6205482483, 63.1863174438, 40.982131958, 91.756942749, 60.8697471619, 64.0678939819, 45.4634590149, 57.5712394714, 85.3971405029, 110.45022583, 93.9674377441, 33.1784095764, 40.6443405151, 52.4403839111, 23.107093811, 17.5482807159, 10.9397392273, 3.08389782906, 1.57945978642, 0.560288608074, 0.114883892238, 0.0337164588273, 0.0529045127332, 0.057567704469, 0.0359680764377, 0.0113135473803, 0.00186909048352, 0.000653743278235, 0.000144384859595, 1.84274977073e-05, 3.27363923134e-05],
        "min": [3.11520125251e-05, 0.000585184665397, 0.00336666707881, 0.00332199409604, 0.0188065823168, 0.0592604167759, 0.0643507316709, 0.0316423922777, 0.037137966603, 0.0348460115492, 0.0166136622429, 0.0062106451951, 0.00835346803069, 0.0137228230014, 0.010663041845, 0.0334266163409, 0.0188910011202, 0.00934939086437, 0.00742460880429, 0.0107164885849, 0.0066509116441, 0.00418351963162, 0.0134056964889, 0.00708023132756, 0.00690551521257, 0.00413723569363, 0.00617820909247, 0.00324085564353, 0.00205482519232, 0.000932042778004, 0.000621855841018, 0.000360773148714, 0.000342431711033, 0.000289788498776, 0.00017061723338, 7.55957080401e-05, 4.71348866995e-05, 7.88994384493e-06, 1.12410509701e-06, 2.94330675388e-07],
        "stdev": [0.0302227735519, 0.329362094402, 0.927234113216, 2.17037987709, 6.91942167282, 11.8106298447, 13.0320072174, 46.4831581116, 25.8030910492, 124.464538574, 155.431259155, 76.9260406494, 154.198379517, 97.2560043335, 109.502304077, 76.245262146, 105.609100342, 145.96736145, 182.283752441, 133.878997803, 38.3426818848, 79.4749526978, 51.068145752, 21.320936203, 18.4844074249, 11.66360569, 5.58709669113, 3.45600485802, 1.13715398312, 0.282527655363, 0.043593082577, 0.0734243318439, 0.0876590684056, 0.0583218336105, 0.0152683565393, 0.000815491192043, 0.000103744117951, 3.24112661474e-05, 7.57135831009e-06, 1.60986746778e-05]
    },
    "gfcc": {
        "mean": [-28.2107200623, 135.294692993, -172.618637085, 8.92973041534, -36.0883178711, -17.2357711792, -35.2650947571, 11.0242052078, -25.408159256, 1.29187774658, -7.31666564941, -9.21671485901, -0.560291349888],
        "cov": [[717.417663574, -69.7051010132, -302.946838379, 4.86844539642, -81.2069015503, 108.360961914, 90.6295166016, -46.8517112732, -21.2632007599, -42.6790046692, -19.8856086731, -78.0758895874, 36.4529953003], [-69.7051010132, 386.322753906, 195.13923645, -133.077438354, 138.49407959, -60.2373428345, 54.0408935547, 59.1530036926, 27.8775482178, -17.267993927, 38.843624115, 8.0611371994, -53.7850952148], [-302.946838379, 195.13923645, 714.204406738, 335.409942627, -84.3274536133, -34.8177947998, -165.533477783, 13.2966890335, 22.920589447, 32.1078186035, -11.5023813248, 36.1775436401, -19.6365833282], [4.86844539642, -133.077438354, 335.409942627, 538.352233887, -80.4744949341, -21.9157295227, -191.949981689, -83.8344345093, 20.0547885895, 49.2415351868, -81.5542526245, 11.8995656967, 34.1841697693], [-81.2069015503, 138.49407959, -84.3274536133, -80.4744949341, 274.374511719, -4.26799440384, 34.0836410522, 36.9779090881, 34.8313407898, 10.1155548096, 22.7727909088, 4.59428834915, -16.8667373657], [108.360961914, -60.2373428345, -34.8177947998, -21.9157295227, -4.26799440384, 287.587615967, 132.082778931, -16.3120975494, -53.209072113, 2.21390557289, 3.8263001442, -5.93515014648, 44.2132759094], [90.6295166016, 54.0408935547, -165.533477783, -191.949981689, 34.0836410522, 132.082778931, 239.792724609, 41.8674736023, -35.4672088623, -27.9306221008, 21.4925403595, -3.16199421883, -1.06966745853], [-46.8517112732, 59.1530036926, 13.2966890335, -83.8344345093, 36.9779090881, -16.3120975494, 41.8674736023, 131.530807495, 53.4764671326, -11.9452495575, 15.8325710297, -20.5579204559, -15.1028766632], [-21.2632007599, 27.8775482178, 22.920589447, 20.0547885895, 34.8313407898, -53.209072113, -35.4672088623, 53.4764671326, 103.057151794, 32.6042442322, -13.5298566818, -16.3116703033, -10.2431592941], [-42.6790046692, -17.267993927, 32.1078186035, 49.2415351868, 10.1155548096, 2.21390557289, -27.9306221008, -11.9452495575, 32.6042442322, 80.3576278687, 37.4444084167, 13.9889011383, -1.09606170654], [-19.8856086731, 38.843624115, -11.5023813248, -81.5542526245, 22.7727909088, 3.8263001442, 21.4925403595, 15.8325710297, -13.5298566818, 37.4444084167, 124.506996155, 40.9094963074, -30.6688308716], [-78.0758895874, 8.0611371994, 36.1775436401, 11.8995656967, 4.59428834915, -5.93515014648, -3.16199421883, -20.5579204559, -16.3116703033, 13.9889011383, 40.9094963074, 77.7698898315, 17.4411907196], [36.4529953003, -53.7850952148, -19.6365833282, 34.1841697693, -16.8667373657, 44.2132759094, -1.06966745853, -15.1028766632, -10.2431592941, -1.09606170654, -30.6688308716, 17.4411907196, 86.2048187256]],
        "icov": [[0.00873144436628, -0.0132327955216, 0.0131619041786, -0.0109785376117, 0.0101105943322, -0.00641260109842, 0.00327727501281, 0.000369623041479, -0.00404825434089, 0.00787659268826, -0.00954065285623, 0.00865704286844, -0.00475087249652], [-0.0132327955216, 0.0336467251182, -0.0295356716961, 0.0224360860884, -0.0227000936866, 0.0153332417831, -0.01322629489, 0.00762497028336, -0.000139727329952, -0.0058842417784, 0.00980582181364, -0.00767789781094, 0.0047804126516], [0.0131619041786, -0.0295356716961, 0.0292994603515, -0.0220667179674, 0.0209844540805, -0.0144660267979, 0.0123347369954, -0.00790190044791, -0.000548435200471, 0.00705857714638, -0.0101521685719, 0.00677151186392, -0.00323245371692], [-0.0109785376117, 0.0224360860884, -0.0220667179674, 0.020789122209, -0.0156279560179, 0.00971749145538, -0.00546618411317, 0.00426416331902, 0.00269538979046, -0.0101432744414, 0.0134526016191, -0.0094795729965, 0.00490315258503], [0.0101105943322, -0.0227000936866, 0.0209844540805, -0.0156279560179, 0.0199424959719, -0.0108249224722, 0.00828355550766, -0.00467851478606, -0.00273729464971, 0.00563908321783, -0.00841321051121, 0.005769665353, -0.00313828862272], [-0.00641260109842, 0.0153332417831, -0.0144660267979, 0.00971749145538, -0.0108249224722, 0.013777885586, -0.0106109017506, 0.00454856175929, 0.00233557913452, -0.00479863397777, 0.00335531262681, -0.000304630288156, -0.00191763055045], [0.00327727501281, -0.01322629489, 0.0123347369954, -0.00546618411317, 0.00828355550766, -0.0106109017506, 0.0167516935617, -0.00965109560639, 0.00570324994624, -0.0018598587485, 0.00268763094209, -0.00404346641153, 0.00334753794596], [0.000369623041479, 0.00762497028336, -0.00790190044791, 0.00426416331902, -0.00467851478606, 0.00454856175929, -0.00965109560639, 0.0235219169408, -0.0175374411047, 0.0137500660494, -0.0120084425434, 0.0106708696112, -0.00647708214819], [-0.00404825434089, -0.000139727329952, -0.000548435200471, 0.00269538979046, -0.00273729464971, 0.00233557913452, 0.00570324994624, -0.0175374411047, 0.0306200496852, -0.0229802690446, 0.0175507254899, -0.00851939618587, 0.00700953323394], [0.00787659268826, -0.0058842417784, 0.00705857714638, -0.0101432744414, 0.00563908321783, -0.00479863397777, -0.0018598587485, 0.0137500660494, -0.0229802690446, 0.0386071838439, -0.0263211261481, 0.0139349270612, -0.00984476692975], [-0.00954065285623, 0.00980582181364, -0.0101521685719, 0.0134526016191, -0.00841321051121, 0.00335531262681, 0.00268763094209, -0.0120084425434, 0.0175507254899, -0.0263211261481, 0.0356612727046, -0.0242670923471, 0.0164154917002], [0.00865704286844, -0.00767789781094, 0.00677151186392, -0.0094795729965, 0.005769665353, -0.000304630288156, -0.00404346641153, 0.0106708696112, -0.00851939618587, 0.0139349270612, -0.0242670923471, 0.035137925297, -0.0166228953749], [-0.00475087249652, 0.0047804126516, -0.00323245371692, 0.00490315258503, -0.00313828862272, -0.00191763055045, 0.00334753794596, -0.00647708214819, 0.00700953323394, -0.00984476692975, 0.0164154917002, -0.0166228953749, 0.023098481819]]
    },
    "melbands": {
        "max": [0.00375755107962, 0.00549393380061, 0.00377634912729, 0.0101083917543, 0.00353250885382, 0.0135018751025, 0.00550199812278, 0.0108689591289, 0.0145876770839, 0.00525363255292, 0.00646144198254, 0.00328958383761, 0.00356064271182, 0.00317587237805, 0.00201754062437, 0.002640042454, 0.00343876820989, 0.0028377212584, 0.00215381057933, 0.00149889849126, 0.000348476023646, 0.00146671012044, 0.000497577886563, 0.000378972908948, 0.000287914735964, 0.000127673280076, 0.000161029558512, 6.23709493084e-05, 4.29003048339e-05, 2.93494813377e-05, 2.54316782957e-05, 9.72281759459e-06, 6.01358851782e-06, 1.76634978288e-06, 2.7941663916e-07, 3.64049014934e-07, 4.47005504611e-07, 6.3961209662e-07, 5.2563848385e-07, 3.61916306701e-07],
        "mean": [0.000183516633115, 0.000265089154709, 0.000282373657683, 0.000404602120398, 0.000374203606043, 0.000441773299826, 0.00030779701774, 0.000695787894074, 0.000454320310382, 0.000287083763396, 0.000480578804854, 0.00026404421078, 0.000222011745791, 0.000154052773723, 9.29878297029e-05, 0.000167223115568, 0.000145353493281, 0.000191131126485, 0.000119485594041, 9.30582173169e-05, 2.95779336739e-05, 3.64538791473e-05, 5.4099389672e-05, 3.89945489587e-05, 1.6273734218e-05, 1.37638744491e-05, 1.11836952783e-05, 6.05749755778e-06, 1.92053084902e-06, 1.23277936837e-06, 7.85654208357e-07, 3.56440750693e-07, 1.30228968942e-07, 3.23896713894e-08, 1.49557699558e-08, 2.3034280261e-08, 3.65064956043e-08, 4.05123010694e-08, 3.92577668151e-08, 2.82482819358e-08],
        "min": [5.86585883866e-07, 1.48388289745e-06, 1.03085540104e-06, 1.48904484831e-06, 2.41233101406e-06, 7.58833493819e-07, 5.63463117942e-07, 2.62291877107e-07, 1.12505951222e-07, 3.55751623715e-08, 4.22647019604e-08, 5.62002355764e-08, 3.43888615362e-08, 6.0679603564e-08, 8.82375275069e-08, 2.54711522985e-08, 1.56041952692e-08, 1.06231121677e-08, 1.68746510099e-08, 1.15717968541e-08, 6.37913499801e-09, 3.26992255495e-09, 7.16646475496e-09, 1.50441135105e-08, 4.26711643797e-09, 4.63011851082e-09, 4.53410997636e-09, 2.37070496567e-09, 4.56076509892e-09, 2.59593790908e-09, 1.71581815422e-09, 1.42083766974e-09, 6.00268723616e-10, 4.64019406232e-10, 3.97202021274e-10, 2.21214657703e-10, 2.29576080368e-10, 2.37101449585e-10, 2.64516630821e-10, 2.2997567739e-10],
        "stdev": [0.00032511234167, 0.00043189607095, 0.000460354145616, 0.000683126389049, 0.000420780299464, 0.000926801178139, 0.000443005352281, 0.00132037699223, 0.00115241575986, 0.000558301224373, 0.000806506141089, 0.000488515768666, 0.000400474615162, 0.000311263080221, 0.000174484841409, 0.000320547522279, 0.000276450504316, 0.000348519679392, 0.00018575345166, 0.00014383927919, 3.61431084457e-05, 8.27433832455e-05, 6.16989127593e-05, 3.97701223847e-05, 1.64177909028e-05, 1.55233046826e-05, 1.34817973958e-05, 7.10332915332e-06, 3.80004348699e-06, 2.79113146462e-06, 1.81407824584e-06, 7.16312058557e-07, 3.14908817245e-07, 8.86773676712e-08, 1.94470910486e-08, 3.15664934192e-08, 5.37920676891e-08, 6.24981737474e-08, 6.35241406144e-08, 4.82044626438e-08]
    },
    "melbands128": {
        "max": [0.000151498665218, 0.00306748365983, 0.00624269759282, 0.00899715162814, 0.00661333464086, 0.0065021533519, 0.00631658826023, 0.00628235656768, 0.00768991373479, 0.0167989619076, 0.00915342476219, 0.00399535428733, 0.00635885866359, 0.00564742833376, 0.0238124057651, 0.0124084204435, 0.00599805312231, 0.00909682549536, 0.00991578120738, 0.0194254256785, 0.0125824296847, 0.0268796570599, 0.0233983024955, 0.0217720195651, 0.00655778404325, 0.0117831882089, 0.0166066139936, 0.00757340202108, 0.012959619984, 0.00793647114187, 0.00339440256357, 0.00522849662229, 0.00585306109861, 0.00379462819546, 0.00438979826868, 0.00523498607799, 0.00179387058597, 0.00352563615888, 0.00512808840722, 0.00397390639409, 0.00503966305405, 0.00595413381234, 0.00630890298635, 0.0046238033101, 0.00515478197485, 0.00473134964705, 0.00484262732789, 0.00517986761406, 0.00427984399721, 0.00522594898939, 0.00226044887677, 0.00102360011078, 0.000756068562623, 0.000422681245254, 0.000366086373106, 0.00198269286193, 0.00282076653093, 0.00128930609208, 0.00106075336225, 0.0011199307628, 0.000679393531755, 0.00123008899391, 0.000356498669134, 0.000224690767936, 0.000356655364158, 0.000265660142759, 0.000242955124122, 0.000289913907181, 0.000270374875981, 0.000135700815008, 0.000104429927887, 0.000129558146, 5.38571403013e-05, 6.22824809398e-05, 7.00225355104e-05, 3.85648818337e-05, 3.28459427692e-05, 3.97196199629e-05, 3.41128725267e-05, 1.38886935019e-05, 1.41390137287e-05, 9.36669403018e-06, 8.79304116097e-06, 5.88583998251e-06, 5.39563643542e-06, 2.67352106675e-06, 8.24255039333e-07, 3.96338379005e-07, 3.15347278956e-07, 3.0840413956e-07, 7.24416906905e-07, 3.28382157022e-07, 5.47477213786e-07, 5.94261507558e-07, 9.50337380345e-07, 1.06259949462e-06, 6.09176993294e-07, 5.69605560941e-07, 6.87217323048e-07, 6.86316923293e-07, 4.20198944084e-07, 6.45421096124e-07, 3.4634297208e-07, 2.1578317444e-07, 1.36791783234e-07, 1.31945725457e-07, 4.37689351429e-08, 9.55359880095e-09, 6.72247502109e-09, 6.11785022642e-09, 6.37979313822e-09, 4.42814940271e-09, 5.17254905574e-09, 4.11415390644e-09, 4.01961885999e-09, 3.67736929796e-09, 3.72162944906e-09, 2.87016521661e-10, 2.67050548342e-10, 2.44067960287e-10, 2.284207129e-10, 2.08100675581e-10, 1.95689658922e-10, 1.88433477155e-10, 1.77537373691e-10, 1.70876465755e-10, 1.62630922618e-10, 1.60727528509e-10],
        "mean": [4.5930610213e-06, 0.000102233279904, 0.000295524601825, 0.000273778859992, 0.000242841531872, 0.000289669609629, 0.000220830042963, 0.000278721738141, 0.000374461436877, 0.000375672709197, 0.000493708066642, 0.000346583401551, 0.000287411821773, 0.000489849189762, 0.000497684639413, 0.000426266808063, 0.000238706794335, 0.000193658997887, 0.000421343109338, 0.000927134533413, 0.000597867241595, 0.00074586115079, 0.000410003325669, 0.000249825621722, 0.00014253462723, 0.000295917270705, 0.000621815968771, 0.000373818475055, 0.000565455877222, 0.000354147516191, 9.49464156292e-05, 0.000199011381483, 0.000313358643325, 0.00013855958241, 0.000205532924156, 0.000159646297107, 6.60015211906e-05, 0.000117110022984, 7.82232600613e-05, 0.000103632999526, 0.000202409806661, 0.000233805432799, 0.000147641156218, 7.56124718464e-05, 0.000182792515261, 0.000277104176348, 0.000116308212455, 7.70070400904e-05, 0.000123017744045, 0.000202796087251, 6.23213127255e-05, 2.69206393568e-05, 3.48214198311e-05, 3.02663756884e-05, 1.78958016477e-05, 3.85130733775e-05, 4.97450164403e-05, 5.01464528497e-05, 6.03214357398e-05, 5.35976651008e-05, 3.8080419472e-05, 3.14157296089e-05, 1.46065840454e-05, 1.23571908262e-05, 1.63591994351e-05, 1.42011340358e-05, 1.18771476991e-05, 1.32302984639e-05, 9.8223963505e-06, 1.02520025393e-05, 7.50780918679e-06, 3.18614729622e-06, 2.12630175156e-06, 1.76121659479e-06, 1.55750967679e-06, 1.24491657516e-06, 1.15697559977e-06, 9.70552491708e-07, 7.50566300667e-07, 5.83401742915e-07, 4.15244016949e-07, 2.62731504108e-07, 1.84526470548e-07, 1.33108500222e-07, 6.74276918744e-08, 4.25496722301e-08, 1.85729174262e-08, 1.31445396789e-08, 1.34040689659e-08, 1.74317715818e-08, 1.97008596103e-08, 2.45914169028e-08, 2.75352878276e-08, 3.68523060956e-08, 4.15871994619e-08, 4.31568878412e-08, 3.89743242124e-08, 3.96484480802e-08, 4.0239513055e-08, 4.46601404747e-08, 2.18898641435e-08, 3.11820649301e-08, 2.49209648473e-08, 1.81989197046e-08, 1.20222045652e-08, 6.99403157611e-09, 4.498803996e-09, 3.05541347778e-09, 2.33320940346e-09, 2.23634666341e-09, 2.17669127167e-09, 2.27218377447e-09, 2.14844386726e-09, 1.66497460263e-09, 1.5335833714e-09, 1.6955554738e-09, 1.35399591539e-09, 5.63745361157e-12, 4.76363219704e-12, 4.65083136933e-12, 4.54707885927e-12, 4.45211922884e-12, 4.35364981913e-12, 4.26978981685e-12, 4.21683478066e-12, 4.17899308908e-12, 4.14542792454e-12, 4.11674253714e-12],
        "min": [4.67836436258e-09, 8.01969477493e-08, 5.33631947519e-08, 7.93323579273e-07, 1.22501023725e-06, 4.99807356391e-07, 4.68667622044e-07, 9.02376626755e-08, 7.02474551417e-07, 1.33969342642e-06, 1.1488320979e-06, 5.82758616474e-07, 1.05581318621e-06, 1.30318903757e-06, 6.0353659137e-07, 2.98257646136e-07, 2.26252794278e-07, 7.10779772817e-08, 7.57871276846e-08, 4.71779522115e-08, 1.26079342522e-07, 1.58492440505e-07, 1.06961287827e-07, 4.83758988423e-08, 2.587869119e-08, 3.87728533724e-08, 3.23045057371e-08, 3.95960775279e-08, 5.22614271858e-08, 5.9215306436e-08, 5.66498954413e-08, 4.15802396958e-08, 3.6276464499e-08, 2.37026540617e-08, 2.73123799133e-08, 6.50077467412e-08, 1.2881818634e-07, 1.09922709157e-07, 5.12650544238e-08, 2.78485643435e-08, 1.90897520014e-08, 1.98400780249e-08, 2.18326103862e-08, 6.21180262783e-09, 1.51141694715e-08, 1.02982964378e-08, 6.09081940439e-09, 2.20876312795e-08, 1.94855225288e-08, 1.10180495838e-08, 1.19294574219e-08, 9.4412175855e-09, 1.03200585855e-08, 3.10259862246e-09, 1.48899859109e-09, 4.12546752315e-09, 4.21588142174e-09, 3.45696071768e-09, 9.59380308529e-09, 1.06790496446e-08, 2.38253665685e-08, 9.5047720805e-09, 5.63757218686e-09, 2.64510080505e-09, 1.78708325915e-09, 4.86384443832e-09, 7.12021730465e-09, 4.01933197836e-09, 6.1363922832e-09, 8.39819214171e-10, 1.18313991937e-09, 3.26593974087e-09, 5.85945514331e-09, 5.0685802222e-09, 3.06076763934e-09, 2.58465648884e-09, 2.57869547937e-09, 1.31556465721e-09, 1.2375758196e-09, 2.77134337701e-09, 1.52790136099e-09, 1.17776899344e-09, 4.22348073181e-10, 6.63566368519e-10, 5.16412190787e-10, 5.03493524651e-10, 3.91890075946e-10, 5.28526666876e-10, 3.73816699817e-10, 3.58826746094e-10, 2.38164737931e-10, 2.20164719789e-10, 1.09238902646e-10, 2.95025975872e-10, 2.24484000833e-10, 2.19155360526e-10, 2.88741586196e-10, 2.06169026296e-10, 1.39319222825e-10, 4.9504889077e-10, 1.71160197127e-10, 9.67853436284e-11, 3.78329007011e-10, 3.52117723867e-10, 1.56727256173e-10, 1.18882806377e-10, 1.03305197729e-10, 6.02506725067e-11, 1.1042955439e-10, 1.94279203836e-10, 1.70378253173e-10, 1.68879632501e-10, 1.6444753892e-10, 1.47715825682e-10, 9.52939255283e-11, 8.08494798887e-11, 3.89205681572e-11, 3.84711983407e-13, 1.23524617184e-13, 1.39670013836e-13, 1.28467874359e-13, 1.37289607309e-13, 1.42028397506e-13, 1.4988807721e-13, 1.45543502922e-13, 1.62164024071e-13, 1.60506970128e-13, 1.63015475142e-13],
        "stdev": [9.2088484962e-06, 0.000187365032616, 0.000536039297003, 0.000587223679759, 0.000467305333586, 0.000549052259885, 0.000461571442429, 0.000598679645918, 0.000791100668721, 0.00100340507925, 0.00076351815369, 0.000443608412752, 0.000485314958496, 0.00071096746251, 0.00138065463398, 0.00125966209453, 0.000494510459248, 0.000477337714983, 0.000934684125241, 0.00230860314332, 0.00138266640715, 0.0024014369119, 0.00138533255085, 0.00100010854658, 0.000544339127373, 0.000854525249451, 0.00141844491009, 0.000977949472144, 0.00151080836076, 0.000956033996772, 0.000235651110415, 0.000422970944783, 0.00066553830402, 0.000321355822962, 0.000514868064784, 0.000431100197602, 0.000145503610838, 0.000270529737463, 0.000297767284792, 0.000326372915879, 0.000534068560228, 0.000550428638235, 0.000436158821685, 0.000301729509374, 0.000468373706099, 0.000627420435194, 0.000345501612173, 0.000251671270235, 0.000282498804154, 0.000363130238838, 0.000171626918018, 6.96703937137e-05, 5.75712874706e-05, 4.76968816656e-05, 3.25518667523e-05, 0.000107550724351, 0.000173228123458, 9.03644468053e-05, 9.9391261756e-05, 8.63374225446e-05, 5.92806864006e-05, 5.22857444594e-05, 2.00361919269e-05, 1.57827362273e-05, 2.69362717518e-05, 2.00121103262e-05, 2.05710020964e-05, 2.29953820963e-05, 1.89177717402e-05, 1.35160407808e-05, 1.07724135887e-05, 6.38750361759e-06, 4.38032884631e-06, 4.3330292101e-06, 4.18536365032e-06, 3.30739567289e-06, 2.64509185399e-06, 2.48321134677e-06, 2.09463951251e-06, 1.22190192542e-06, 8.99699443835e-07, 6.0127672441e-07, 4.48068419701e-07, 3.47587871374e-07, 2.47092373229e-07, 1.38401503591e-07, 3.67420689429e-08, 2.06650607737e-08, 2.03637018359e-08, 2.63536588108e-08, 3.4428271789e-08, 3.63798839942e-08, 3.96510557721e-08, 6.38264410213e-08, 6.88788617254e-08, 7.70441701547e-08, 6.30205931884e-08, 6.57385328395e-08, 7.01859121932e-08, 7.81981199793e-08, 3.84031686451e-08, 6.3195180644e-08, 4.17312122636e-08, 2.68853277419e-08, 1.8031411031e-08, 8.73601013751e-09, 3.43275585735e-09, 1.05385622451e-09, 7.49547701684e-10, 6.69599375946e-10, 6.44145292661e-10, 6.25684559719e-10, 5.92444371339e-10, 4.99793928466e-10, 4.62593990891e-10, 4.8561199506e-10, 5.82215053946e-10, 9.83476234478e-12, 9.33529642477e-12, 8.77663480087e-12, 8.38566542594e-12, 7.9193240507e-12, 7.61519493298e-12, 7.4186290791e-12, 7.16620122618e-12, 7.00300104364e-12, 6.83044679844e-12, 6.77673282073e-12]
    },
    "mfcc": {
        "mean": [-661.560913086, 171.764526367, -67.3213882446, 24.6648483276, 3.98430156708, -19.1710567474, 4.69220256805, -9.35540103912, -1.82801628113, -0.565419256687, -0.180296674371, -5.28475522995, -5.62104797363],
        "cov": [[1075.92565918, -312.837768555, -272.170043945, -126.98324585, -182.173934937, 107.759048462, 73.3105621338, -39.2992248535, 89.5270385742, -44.7254676819, -32.6293907166, 4.88583993912, -65.9005966187], [-312.837768555, 685.44543457, -121.353027344, -122.049026489, 52.5899124146, -110.03918457, 60.0751686096, 143.333343506, -100.968826294, 123.355735779, 63.2483329773, -43.7203788757, 47.872428894], [-272.170043945, -121.353027344, 819.170166016, 280.721984863, 73.3496170044, 24.6003761292, -81.7022705078, -92.6805877686, 60.1065216064, -124.407333374, 3.31229138374, 89.0818557739, -15.7748365402], [-126.98324585, -122.049026489, 280.721984863, 407.667602539, 146.137115479, -23.5053043365, -170.423995972, -99.1597518921, 27.7975997925, -57.6029891968, -18.4202823639, 31.3085708618, 12.83314991], [-182.173934937, 52.5899124146, 73.3496170044, 146.137115479, 244.222091675, -12.5191278458, -81.8794708252, -27.6747150421, -8.33723258972, 34.2562484741, 13.7861270905, -4.86359977722, 15.5940361023], [107.759048462, -110.03918457, 24.6003761292, -23.5053043365, -12.5191278458, 220.604553223, 91.2338104248, -21.7755184174, 40.0654220581, -40.3233909607, -15.5308494568, 5.23401737213, -26.4381408691], [73.3105621338, 60.0751686096, -81.7022705078, -170.423995972, -81.8794708252, 91.2338104248, 218.932907104, 85.2172470093, -15.3633375168, 8.39971446991, 18.0835437775, -0.544551432133, -19.7309570312], [-39.2992248535, 143.333343506, -92.6805877686, -99.1597518921, -27.6747150421, -21.7755184174, 85.2172470093, 135.05291748, 4.96055555344, 45.144077301, 19.6933021545, -17.871049881, 5.57589769363], [89.5270385742, -100.968826294, 60.1065216064, 27.7975997925, -8.33723258972, 40.0654220581, -15.3633375168, 4.96055555344, 157.86088562, 18.3634357452, -55.5128860474, -5.85472679138, -9.97293567657], [-44.7254676819, 123.355735779, -124.407333374, -57.6029891968, 34.2562484741, -40.3233909607, 8.39971446991, 45.144077301, 18.3634357452, 143.350769043, 24.921207428, -31.2759628296, 14.9096622467], [-32.6293907166, 63.2483329773, 3.31229138374, -18.4202823639, 13.7861270905, -15.5308494568, 18.0835437775, 19.6933021545, -55.5128860474, 24.921207428, 115.876708984, 32.0769538879, -3.96305561066], [4.88583993912, -43.7203788757, 89.0818557739, 31.3085708618, -4.86359977722, 5.23401737213, -0.544551432133, -17.871049881, -5.85472679138, -31.2759628296, 32.0769538879, 89.7295608521, 23.8645057678], [-65.9005966187, 47.872428894, -15.7748365402, 12.83314991, 15.5940361023, -26.4381408691, -19.7309570312, 5.57589769363, -9.97293567657, 14.9096622467, -3.96305561066, 23.8645057678, 96.1474990845]],
        "icov": [[0.00155658251606, 0.000350608519511, 0.000801008427516, -2.67579362117e-05, 0.000677219475619, 3.23872768604e-07, -0.000440206553321, 0.000890229130164, -0.00121769856196, 0.000557576247957, -0.000527636264451, -0.00035213198862, 0.000628492212854], [0.000350608519511, 0.00283463229425, -0.000291637697956, 0.00041140121175, -0.000414178241044, 0.000370981753804, 1.92630136553e-06, -0.00226811575703, 0.00177150673699, -0.00147723406553, 2.69962201855e-05, 0.000805040879641, -0.000758591690101], [0.000801008427516, -0.000291637697956, 0.00252286880277, -0.00115185440518, 8.6812848167e-05, 0.000423086021328, -0.000928801542614, 0.00145076296758, -0.00223210989498, 0.00201493827626, -0.00103477819357, -0.00131934916135, 0.000830250326544], [-2.67579362117e-05, 0.00041140121175, -0.00115185440518, 0.00565426843241, -0.00233598751947, -0.000126278740936, 0.00287092127837, 0.000169486869709, -0.000198461159016, 0.00118331040721, 0.000195276719751, -0.000266551418463, -0.000373256043531], [0.000677219475619, -0.000414178241044, 8.6812848167e-05, -0.00233598751947, 0.00690664863214, -0.00168882007711, 0.00158085196745, 1.9214608983e-05, 0.000861253007315, -0.00252930726856, -0.000360753794666, 0.000242362468271, 0.00014169899805], [3.23872768604e-07, 0.000370981753804, 0.000423086021328, -0.000126278740936, -0.00168882007711, 0.00859995279461, -0.00621697725728, 0.00434491923079, -0.00371191464365, 0.00285778823309, -0.00142552098259, 0.00135900219902, -0.000211590828258], [-0.000440206553321, 1.92630136553e-06, -0.000928801542614, 0.00287092127837, 0.00158085196745, -0.00621697725728, 0.0132318176329, -0.00791043974459, 0.00413474068046, -0.00177596742287, 0.00174484984018, -0.0025475830771, 0.00177848222665], [0.000890229130164, -0.00226811575703, 0.00145076296758, 0.000169486869709, 1.9214608983e-05, 0.00434491923079, -0.00791043974459, 0.0174423586577, -0.00657953554764, 0.00197127857246, -0.00400027818978, 0.00254704384133, -0.00127360259648], [-0.00121769856196, 0.00177150673699, -0.00223210989498, -0.000198461159016, 0.000861253007315, -0.00371191464365, 0.00413474068046, -0.00657953554764, 0.0141976270825, -0.00722608016804, 0.00771724525839, -0.00257440004498, 0.00156359851826], [0.000557576247957, -0.00147723406553, 0.00201493827626, 0.00118331040721, -0.00252930726856, 0.00285778823309, -0.00177596742287, 0.00197127857246, -0.00722608016804, 0.0147672025487, -0.00623308029026, 0.00445548444986, -0.00239468063228], [-0.000527636264451, 2.69962201855e-05, -0.00103477819357, 0.000195276719751, -0.000360753794666, -0.00142552098259, 0.00174484984018, -0.00400027818978, 0.00771724525839, -0.00623308029026, 0.0162709187716, -0.0083211697638, 0.00418873783201], [-0.00035213198862, 0.000805040879641, -0.00131934916135, -0.000266551418463, 0.000242362468271, 0.00135900219902, -0.0025475830771, 0.00254704384133, -0.00257440004498, 0.00445548444986, -0.0083211697638, 0.0196989476681, -0.00734956236556], [0.000628492212854, -0.000758591690101, 0.000830250326544, -0.000373256043531, 0.00014169899805, -0.000211590828258, 0.00177848222665, -0.00127360259648, 0.00156359851826, -0.00239468063228, 0.00418873783201, -0.00734956236556, 0.0142832743004]]
    },
    "spectral_contrast_coeffs": {
        "max": [-0.38588526845, -0.379483520985, -0.448028326035, -0.559196352959, -0.554303228855, -0.568787336349],
        "mean": [-0.686012029648, -0.698421478271, -0.691612422466, -0.723525106907, -0.720034718513, -0.768000125885],
        "min": [-0.972249090672, -0.872771382332, -0.948803007603, -0.915463030338, -0.910527408123, -0.860255479813],
        "stdev": [0.0713650435209, 0.0888985842466, 0.0929427817464, 0.0685675963759, 0.0624465867877, 0.0434750169516]
    },
    "spectral_contrast_valleys": {
        "max": [-5.64228963852, -4.78812980652, -5.27151536942, -5.7960357666, -5.96767091751, -10.1503143311],
        "mean": [-7.13662672043, -6.74898576736, -7.3749666214, -7.31064748764, -7.64772701263, -11.5341176987],
        "min": [-9.06318569183, -9.45542812347, -9.46631336212, -10.4319982529, -10.3813838959, -13.4473714828],
        "stdev": [0.577558875084, 0.546743750572, 0.650030016899, 0.523423850536, 0.590344250202, 0.468268930912]
    }
},
"rhythm": {
    "beats_count": 71,
    "beats_loudness": {
        "max": 0.064166456461,
        "mean": 0.031840171665,
        "min": 0.0061946506612,
        "stdev": 0.0120431426913
    },
    "bpm": 132.866943359,
    "bpm_histogram_first_peak_bpm": 133,
    "bpm_histogram_first_peak_weight": 0.589285731316,
    "bpm_histogram_second_peak_bpm": 126,
    "bpm_histogram_second_peak_spread": 0.25,
    "bpm_histogram_second_peak_weight": 0.128571435809,
    "danceability": 1.13707625866,
    "onset_rate": 2.76855444908,
    "beats_loudness_band_ratio": {
        "max": [0.680744171143, 0.775315761566, 0.83057051897, 0.788935005665, 0.586987912655, 0.0951541513205],
        "mean": [0.11320669204, 0.191551655531, 0.287619680166, 0.241097867489, 0.186355888844, 0.0267449710518],
        "min": [0.00170966377482, 0.00611134245992, 0.0188311245292, 0.00837647542357, 0.0209822021425, 0.00348639045842],
        "stdev": [0.140644863248, 0.191613763571, 0.212870404124, 0.233221754432, 0.138070702553, 0.020770130679]
    },
    "beats_position": [0.429569154978, 0.882358253002, 1.33514738083, 1.79954648018, 2.26394557953, 2.71673464775, 3.15791368484, 3.59909296036, 4.04027223587, 4.49306106567, 4.94585037231, 5.41024923325, 5.88625860214, 6.35065746307, 6.82666635513, 7.30267572403, 7.77868461609, 8.24308395386, 8.6958732605, 9.16027164459, 9.61306095123, 10.0542402267, 10.5070295334, 10.9714279175, 11.4474372864, 11.9118366241, 12.3762359619, 12.840634346, 13.3166437149, 13.7926530838, 14.2454423904, 14.6982307434, 15.15102005, 15.6038093567, 16.0565986633, 16.50938797, 16.9621772766, 17.4149665833, 17.8793640137, 18.3321533203, 18.7617225647, 19.2029018402, 19.6324710846, 20.0852603912, 20.5264396667, 20.9676189423, 21.4087982178, 21.8731975555, 22.3492050171, 22.825214386, 23.312833786, 23.800453186, 24.2880725861, 24.7524719238, 25.1936511993, 25.6348285675, 26.076007843, 26.5171871185, 26.9699764252, 27.4227657318, 27.8639450073, 28.3051242828, 28.7463035583, 29.2107028961, 29.6518821716, 30.0930614471, 30.5342407227, 30.9870281219, 31.4398174286, 31.8809967041, 32.3337860107],
