{
"metadata": {
    "version": {
        "essentia": "2.1-beta5",
        "essentia_git_sha": "Undefined",
        "extractor": "music 2.0"
    },
    "audio_properties": {
        "analysis": {
            "equal_loudness": 0,
            "length": 12.7477550507,
            "sample_rate": 44100,
            "start_time": 0,
            "downmix": "mix"
        },
        "bit_rate": 192000,
        "length": 173.058319092,
        "lossless": 0,
        "number_channels": 2,
        "replay_gain": -3.55850791931,
        "sample_rate": 44100,
        "codec": "mp3",
        "md5_encoded": "85f355657f9335ccdb5b1a3850243d07"
    },
    "tags": {
        "file_name": "Germany_Dieser Traum Darf Niemals Sterben_Atlantis 2000.mp3",
        "encoding": ["Lavf58.29.100"]
    }
},
"lowlevel": {
    "average_loudness": 0.986855626106,
    "barkbands_crest": {
        "max": 18.9767799377,
        "mean": 7.16625642776,
        "min": 2.94379806519,
        "stdev": 2.69682383537
    },
    "barkbands_flatness_db": {
        "max": 0.223726138473,
        "mean": 0.155784055591,
        "min": 0.0411096252501,
        "stdev": 0.02764781937
    },
    "barkbands_kurtosis": {
        "max": 3.34265851974,
        "mean": -0.23219139874,
        "min": -1.70617365837,
        "stdev": 0.855644285679
    },
    "barkbands_skewness": {
        "max": 1.66971969604,
        "mean": 0.408299714327,
        "min": -1.85794901848,
        "stdev": 0.358817487955
    },
    "barkbands_spread": {
        "max": 54.0645332336,
        "mean": 18.1211261749,
        "min": 4.839220047,
        "stdev": 7.90742588043
    },
    "dissonance": {
        "max": 0.500000059605,
        "mean": 0.465952306986,
        "min": 0.224924623966,
        "stdev": 0.0238173063844
    },
    "dynamic_complexity": 1.53615558147,
    "erbbands_crest": {
        "max": 24.4170207977,
        "mean": 9.6011838913,
        "min": 2.93349123001,
        "stdev": 4.10213184357
    },
    "erbbands_flatness_db": {
        "max": 0.323434770107,
        "mean": 0.246771991253,
        "min": 0.0940718352795,
        "stdev": 0.037279009819
    },
    "erbbands_kurtosis": {
        "max": 4.60477638245,
        "mean": 0.169931218028,
        "min": -1.26359891891,
        "stdev": 1.00068855286
    },
    "erbbands_skewness": {
        "max": 1.53041338921,
        "mean": 0.0928411781788,
        "min": -1.40074837208,
        "stdev": 0.435306936502
    },
    "erbbands_spread": {
        "max": 51.3699188232,
        "mean": 21.9144897461,
        "min": 6.01069259644,
        "stdev": 8.81506633759
    },
    "hfc": {
        "max": 59.4215812683,
        "mean": 33.2078208923,
        "min": 1.26209364979e-16,
        "stdev": 10.6465654373
    },
    "loudness_ebu128": {
        "integrated": -19.1411590576,
        "loudness_range": 0.46240234375,
        "momentary": {
            "max": -17.9910316467,
            "mean": -19.5073547363,
            "min": -43.9906387329,
            "stdev": 2.60426020622
        },
        "short_term": {
            "max": -18.7398757935,
            "mean": -19.0426540375,
            "min": -19.8619384766,
            "stdev": 0.186089977622
        }
    },
    "melbands_crest": {
        "max": 24.0985660553,
        "mean": 9.06242370605,
        "min": 1.76008379459,
        "stdev": 3.41013073921
    },
    "melbands_flatness_db": {
        "max": 0.263161450624,
        "mean": 0.187011659145,
        "min": 0.0057298252359,
        "stdev": 0.0270429290831
    },
    "melbands_kurtosis": {
        "max": 10.0874967575,
        "mean": 0.969480395317,
        "min": -1.29927861691,
        "stdev": 1.47329962254
    },
    "melbands_skewness": {
        "max": 2.87468504906,
        "mean": 0.830963850021,
        "min": -0.489555388689,
        "stdev": 0.550812840462
    },
    "melbands_spread": {
        "max": 139.192367554,
        "mean": 29.4070281982,
        "min": 9.22876548767,
        "stdev": 10.9973573685
    },
    "pitch_salience": {
        "max": 0.929214119911,
        "mean": 0.59505623579,
        "min": 0.35931456089,
        "stdev": 0.0670245289803
    },
    "silence_rate_20dB": {
        "max": 1,
        "mean": 1,
        "min": 1,
        "stdev": 0
    },
    "silence_rate_30dB": {
        "max": 1,
        "mean": 1,
        "min": 1,
        "stdev": 0
    },
    "silence_rate_60dB": {
        "max": 1,
        "mean": 0.0381818190217,
        "min": 0,
        "stdev": 0.191633418202
    },
    "spectral_centroid": {
        "max": 11343.9121094,
        "mean": 1722.40795898,
        "min": 996.887268066,
        "stdev": 577.899047852
    },
    "spectral_complexity": {
        "max": 50,
        "mean": 27.6890907288,
        "min": 0,
        "stdev": 7.76704025269
    },
    "spectral_decrease": {
        "max": -7.75436120266e-30,
        "mean": -6.99357016742e-09,
        "min": -1.58895119284e-08,
        "stdev": 2.4892459205e-09
    },
    "spectral_energy": {
        "max": 0.0637783035636,
        "mean": 0.0294073559344,
        "min": 1.14768199986e-20,
        "stdev": 0.0102139431983
    },
    "spectral_energyband_high": {
        "max": 0.00333691784181,
        "mean": 0.000518093351275,
        "min": 8.51242197973e-21,
        "stdev": 0.000595885503571
    },
    "spectral_energyband_low": {
        "max": 0.023040195927,
        "mean": 0.00114706205204,
        "min": 8.31526668161e-23,
        "stdev": 0.00201251683757
    },
    "spectral_energyband_middle_high": {
        "max": 0.0471260435879,
        "mean": 0.0171758886427,
        "min": 1.52285869281e-21,
        "stdev": 0.00739618437365
    },
    "spectral_energyband_middle_low": {
        "max": 0.0434610582888,
        "mean": 0.0112691139802,
        "min": 4.04555412909e-22,
        "stdev": 0.00667745899409
    },
    "spectral_entropy": {
        "max": 9.79970932007,
        "mean": 7.32892227173,
        "min": 6.80781793594,
        "stdev": 0.236421898007
    },
    "spectral_flux": {
        "max": 0.169924616814,
        "mean": 0.0771007314324,
        "min": 1.07129922988e-10,
        "stdev": 0.0224112533033
    },
    "spectral_kurtosis": {
        "max": 22.9923915863,
        "mean": 6.27281808853,
        "min": -1.22735738754,
        "stdev": 3.66570568085
    },
    "spectral_rms": {
        "max": 0.00788813922554,
        "mean": 0.00521187856793,
        "min": 3.34617663439e-12,
        "stdev": 0.00123549520504
    },
    "spectral_rolloff": {
        "max": 18690.8203125,
        "mean": 2036.6484375,
        "min": 882.861328125,
        "stdev": 949.099609375
    },
    "spectral_skewness": {
        "max": 3.47572636604,
        "mean": 1.29058432579,
        "min": -0.0157044064254,
        "stdev": 0.486816287041
    },
    "spectral_spread": {
        "max": 41351348,
        "mean": 2512606,
        "min": 1718086.625,
        "stdev": 1751567
    },
    "spectral_strongpeak": {
        "max": 7.97148036957,
        "mean": 2.28272032738,
        "min": 3.68260866246e-09,
        "stdev": 1.45110452175
    },
    "zerocrossingrate": {
        "max": 0.49609375,
        "mean": 0.0670268088579,
        "min": 0.029296875,
        "stdev": 0.0224383696914
    },
    "barkbands": {
        "max": [0.000126069702674, 0.0061013950035, 0.0105044431984, 0.0105742784217, 0.0352382585406, 0.0168477147818, 0.00758731039241, 0.0123757142574, 0.0117641380057, 0.0301409214735, 0.0056931739673, 0.0216145440936, 0.0176656357944, 0.00330754509196, 0.00866692513227, 0.00359622691758, 0.00854141451418, 0.00393254775554, 0.00422411831096, 0.00361847318709, 0.00271045672707, 0.000181357798283, 2.68398416665e-05, 4.82551658934e-05, 5.46775845578e-06, 5.78238598337e-07, 1.86744316011e-07],
        "mean": [3.04101035908e-06, 0.000160258321557, 0.000499688554555, 0.000727464153897, 0.00260015879758, 0.00234787235968, 0.00131036294624, 0.0020903646946, 0.00173133891076, 0.00470046326518, 0.000934299663641, 0.00419007008895, 0.00171896629035, 0.000605335226282, 0.00161005742848, 0.000651758222375, 0.00134540162981, 0.000682732905261, 0.000796973705292, 0.000394672184484, 0.000262690387899, 3.83220467484e-05, 1.49801940097e-06, 2.2567396627e-06, 9.22544984405e-07, 4.00885795671e-07, 4.41431105003e-08],
        "min": [1.0045990589e-23, 1.67001380319e-23, 4.15470035596e-23, 2.17825353414e-23, 2.89494250177e-23, 8.76388493643e-23, 9.30156621854e-23, 1.98686862101e-23, 1.0888072784e-22, 7.1078910848e-23, 5.4959364976e-23, 3.92912116249e-23, 9.82640547621e-23, 1.24544413083e-22, 2.36171752647e-22, 2.01245914256e-22, 1.69838016849e-22, 1.70662042018e-22, 2.43002934677e-22, 2.60194902239e-22, 4.35943216451e-22, 6.78296937536e-22, 1.06796721412e-21, 1.09779054871e-21, 1.0064842282e-21, 1.53288442072e-21, 2.79974262889e-21],
        "stdev": [6.526134257e-06, 0.000542136025615, 0.00110959156882, 0.00133525335696, 0.00310864765197, 0.00225292891264, 0.00126135570463, 0.00190961139742, 0.00177382212132, 0.00466384971514, 0.000952873495407, 0.00375689053908, 0.00174892868381, 0.000545959162991, 0.00128694134764, 0.000523625407368, 0.00115587981418, 0.000617143814452, 0.000587393937167, 0.00050830229884, 0.00033770292066, 3.26884110109e-05, 2.15564114114e-06, 3.55129031959e-06, 6.71720840728e-07, 5.64215199006e-08, 1.9394047257e-08]
    },
    "erbbands": {
        "max": [0.0571039654315, 1.72336697578, 9.97219276428, 28.2279987335, 57.5662193298, 155.563659668, 117.294700623, 148.651473999, 190.489730835, 101.19618988, 330.382385254, 277.640075684, 407.842346191, 1283.32250977, 252.678909302, 1125.46557617, 978.204956055, 159.376922607, 537.137329102, 370.393768311, 261.377960205, 256.166015625, 183.376785278, 191.521118164, 214.069335938, 197.75567627, 165.922317505, 27.5142726898, 9.11625289917, 1.82183885574, 0.536826074123, 0.521530210972, 1.03018414974, 0.0883949920535, 0.0281353108585, 0.00332634150982, 0.00132861651946, 0.000307325070025, 3.72168215108e-05, 7.40986870369e-05],
        "mean": [0.00213866913691, 0.0511191897094, 0.454319596291, 1.92203879356, 4.01335191727, 9.98815250397, 17.2995471954, 16.0959243774, 20.6317481995, 18.27094841, 54.5599060059, 40.2119255066, 71.0024795532, 163.723342896, 52.8381233215, 210.388427734, 104.278114319, 35.999786377, 86.137260437, 52.0495414734, 55.3938369751, 49.4545059204, 38.2635955811, 26.3821525574, 49.1820487976, 21.7263450623, 15.2254829407, 5.3184876442, 1.46422719955, 0.278893113136, 0.0402418673038, 0.0353301279247, 0.0429930202663, 0.0137233296409, 0.00508421426639, 0.00180868816096, 0.000754030363169, 0.000168549129739, 2.10501420952e-05, 3.64183542843e-05],
        "min": [7.9347285113e-22, 3.08135319882e-21, 3.60680441565e-20, 8.21566382639e-20, 1.27881566939e-19, 4.85280240509e-20, 2.40033958488e-19, 8.48417544202e-19, 1.33290849931e-18, 1.12662878309e-18, 5.25054858372e-19, 3.15149257976e-18, 2.62523076148e-18, 1.36132463489e-18, 2.01014752979e-18, 1.85429470827e-18, 4.40653546609e-18, 6.78122045786e-18, 6.67493643454e-18, 1.63801944492e-17, 8.42243654226e-18, 1.0365405219e-17, 9.51360522986e-18, 1.19048569949e-17, 1.20877706166e-17, 1.21716202609e-17, 1.6509721007e-17, 1.73527553632e-17, 2.49020936699e-17, 2.80017710357e-17, 2.62208776467e-17, 2.15991647927e-17, 1.95856533261e-17, 1.14333615642e-17, 6.91870697465e-18, 5.79776309371e-18, 2.77969743509e-18, 1.36300319115e-18, 3.96652852656e-19, 4.2292264842e-20],
        "stdev": [0.00593770761043, 0.161281481385, 1.08384156227, 3.08625483513, 5.94939231873, 13.5665225983, 16.3505344391, 17.2552394867, 22.9445590973, 15.7507038116, 49.2674331665, 39.1507530212, 66.8683624268, 179.856735229, 35.8981208801, 191.975570679, 94.5830535889, 25.5885620117, 72.045463562, 43.1127471924, 37.8438034058, 36.8527030945, 31.1231079102, 20.3205242157, 36.8928871155, 26.6161651611, 20.4344215393, 4.96579504013, 1.34607803822, 0.307118624449, 0.0495652034879, 0.0392730906606, 0.079859405756, 0.0121337184682, 0.00261809979565, 0.000320838153129, 0.000129857711727, 3.49890178768e-05, 5.78056915401e-06, 1.21734601635e-05]
    },
    "gfcc": {
        "mean": [-14.7125120163, 125.658737183, -194.250915527, 4.23900175095, -52.3581619263, -24.0688877106, -26.9657039642, -9.21569252014, -38.7382888794, -3.70932674408, -18.3585166931, -8.87992286682, -3.18735790253],
        "cov": [[5403.90869141, 814.68939209, -1093.07727051, 134.280410767, -153.937072754, -366.324371338, 166.566482544, -231.754257202, -116.916358948, -145.552841187, -30.9636096954, -142.73588562, 116.760345459], [814.68939209, 290.184753418, -150.790267944, -60.8495559692, 27.352804184, -96.0042953491, 47.3077201843, -35.8837738037, -11.6656370163, -39.1085510254, -15.0917844772, -21.1739864349, 15.6433639526], [-1093.07727051, -150.790267944, 494.852752686, 218.909088135, 55.0419616699, 148.726104736, -24.9825687408, 95.232963562, 51.8701324463, 61.8966789246, 3.82937455177, 19.0192317963, -77.5833206177], [134.280410767, -60.8495559692, 218.909088135, 477.060089111, 23.9632492065, 35.3627662659, 64.7260818481, 25.9048233032, 34.6531105042, 41.4170570374, -7.14741373062, -32.1186904907, -48.6587638855], [-153.937072754, 27.352804184, 55.0419616699, 23.9632492065, 98.8766326904, 27.1165866852, 18.2382011414, 23.1234931946, 5.94811344147, 1.13149571419, -13.5949850082, 3.34070205688, -11.9302845001], [-366.324371338, -96.0042953491, 148.726104736, 35.3627662659, 27.1165866852, 130.182113647, -1.48721420765, 34.0170059204, 4.29492712021, 14.6119155884, 6.97292327881, 7.07474184036, -19.2385406494], [166.566482544, 47.3077201843, -24.9825687408, 64.7260818481, 18.2382011414, -1.48721420765, 98.1070022583, 6.95470523834, 0.239876836538, 4.355509758, -5.40591621399, -19.1154403687, 7.65241670609], [-231.754257202, -35.8837738037, 95.232963562, 25.9048233032, 23.1234931946, 34.0170059204, 6.95470523834, 80.6055450439, 37.2746963501, 25.8524951935, 0.836917936802, -2.44551301003, -22.6247634888], [-116.916358948, -11.6656370163, 51.8701324463, 34.6531105042, 5.94811344147, 4.29492712021, 0.239876836538, 37.2746963501, 56.8260269165, 33.8171386719, 8.7171792984, 4.30405378342, -12.2668647766], [-145.552841187, -39.1085510254, 61.8966789246, 41.4170570374, 1.13149571419, 14.6119155884, 4.355509758, 25.8524951935, 33.8171386719, 75.4530715942, 29.0128898621, 7.55221652985, -12.9807310104], [-30.9636096954, -15.0917844772, 3.82937455177, -7.14741373062, -13.5949850082, 6.97292327881, -5.40591621399, 0.836917936802, 8.7171792984, 29.0128898621, 57.7465438843, 20.6818161011, 4.06542396545], [-142.73588562, -21.1739864349, 19.0192317963, -32.1186904907, 3.34070205688, 7.07474184036, -19.1154403687, -2.44551301003, 4.30405378342, 7.55221652985, 20.6818161011, 57.2961158752, 18.7861824036], [116.760345459, 15.6433639526, -77.5833206177, -48.6587638855, -11.9302845001, -19.2385406494, 7.65241670609, -22.6247634888, -12.2668647766, -12.9807310104, 4.06542396545, 18.7861824036, 68.1318817139]],
        "icov": [[0.00284357648343, -0.00917854439467, 0.00888882111758, -0.00636988738552, 0.00567763065919, -0.00691867573187, 0.00514380354434, -0.00452848523855, 0.00427807914093, -0.00298676639795, 0.00182493787725, -0.00145484355744, 0.000259376975009], [-0.00917854439467, 0.0362770967185, -0.0290566086769, 0.0217995606363, -0.0216585062444, 0.027107367292, -0.0201118607074, 0.0172025654465, -0.016180081293, 0.0128326248378, -0.00771491182968, 0.00670124124736, -0.000140615273267], [0.00888882111758, -0.0290566086769, 0.0338434837759, -0.0223248694092, 0.0174267906696, -0.0264302641153, 0.0189008787274, -0.0176472533494, 0.0136334244162, -0.0112322373316, 0.00770416529849, -0.00808834563941, 0.00372307631187], [-0.00636988738552, 0.0217995606363, -0.0223248694092, 0.018162721768, -0.0131477694958, 0.0174513570964, -0.0150491548702, 0.0129924537614, -0.0115912659094, 0.0069917589426, -0.00451991707087, 0.00547423306853, 9.64380524238e-05], [0.00567763065919, -0.0216585062444, 0.0174267906696, -0.0131477694958, 0.0256532598287, -0.0175664220005, 0.00892239529639, -0.0125181926414, 0.0102061340585, -0.0072672474198, 0.00839995965362, -0.00741777895018, 0.00206700060517], [-0.00691867573187, 0.027107367292, -0.0264302641153, 0.0174513570964, -0.0175664220005, 0.0334870144725, -0.0162099562585, 0.0106405001134, -0.00809159688652, 0.00997781101614, -0.00840557832271, 0.00591205945238, -0.000950928370003], [0.00514380354434, -0.0201118607074, 0.0189008787274, -0.0150491548702, 0.00892239529639, -0.0162099562585, 0.0258494932204, -0.012826259248, 0.0108399428427, -0.00891275331378, 0.00402740435675, 0.000343261985108, -0.00368125014938], [-0.00452848523855, 0.0172025654465, -0.0176472533494, 0.0129924537614, -0.0125181926414, 0.0106405001134, -0.012826259248, 0.0328001193702, -0.0215269215405, 0.00564776547253, -0.00296162022278, 0.00609346432611, 0.00183652935084], [0.00427807914093, -0.016180081293, 0.0136334244162, -0.0115912659094, 0.0102061340585, -0.00809159688652, 0.0108399428427, -0.0215269215405, 0.0407606400549, -0.01611674577, 0.00447189342231, -0.00592695921659, 0.00040174726746], [-0.00298676639795, 0.0128326248378, -0.0112322373316, 0.0069917589426, -0.0072672474198, 0.00997781101614, -0.00891275331378, 0.00564776547253, -0.01611674577, 0.0286533664912, -0.0137355346233, 0.00339501840062, 0.00123744260054], [0.00182493787725, -0.00771491182968, 0.00770416529849, -0.00451991707087, 0.00839995965362, -0.00840557832271, 0.00402740435675, -0.00296162022278, 0.00447189342231, -0.0137355346233, 0.0286734309047, -0.0109474249184, 0.00134613865521], [-0.00145484355744, 0.00670124124736, -0.00808834563941, 0.00547423306853, -0.00741777895018, 0.00591205945238, 0.000343261985108, 0.00609346432611, -0.00592695921659, 0.00339501840062, -0.0109474249184, 0.0293117519468, -0.00984001904726], [0.000259376975009, -0.000140615273267, 0.00372307631187, 9.64380524238e-05, 0.00206700060517, -0.000950928370003, -0.00368125014938, 0.00183652935084, 0.00040174726746, 0.00123744260054, 0.00134613865521, -0.00984001904726, 0.0226313676685]]
    },
    "melbands": {
        "max": [0.00113358255476, 0.00450691021979, 0.00430895714089, 0.00971884373575, 0.00367250433192, 0.00366637273692, 0.00262068677694, 0.00116771028843, 0.00251430459321, 0.00165955722332, 0.00200542085804, 0.00544076692313, 0.000968000269495, 0.00226914556697, 0.00158556655515, 0.00142695952673, 0.000336338562192, 0.000823015870992, 0.000399645155994, 0.000372386130039, 0.000452177337138, 0.000385557592381, 0.000272191216936, 0.000295315403491, 0.000177206980879, 0.000178464033525, 0.000160606927238, 0.000169251987245, 0.000150144071085, 5.99371051067e-05, 1.21831926663e-05, 5.13638769917e-06, 4.04874936066e-06, 7.62005583965e-07, 4.49251302825e-07, 1.03023644726e-07, 4.1425658992e-07, 1.08115705189e-06, 2.33042200648e-07, 5.12661415542e-08],
        "mean": [3.12365191348e-05, 0.000197015993763, 0.000348190922523, 0.000553884427063, 0.000549017975572, 0.000385945895687, 0.00031066860538, 0.000227624172112, 0.00043353746878, 0.00024291317095, 0.000356167118298, 0.00070145475911, 0.000147484737681, 0.000433411012636, 0.000377600517822, 0.000149239349412, 5.52261626581e-05, 0.000128364918055, 8.78951977938e-05, 5.91696916672e-05, 7.72130224505e-05, 6.12492731307e-05, 3.88321677747e-05, 3.51648413925e-05, 1.67501748365e-05, 3.69490408048e-05, 2.2351190637e-05, 1.32704044518e-05, 9.01548901311e-06, 7.85850170359e-06, 1.71945555394e-06, 9.03678824216e-07, 3.88988013356e-07, 6.34399270893e-08, 1.89807458639e-08, 1.40022775597e-08, 2.4292955203e-08, 3.44848203326e-08, 2.03622043671e-08, 8.5648306225e-09],
        "min": [5.93366933968e-24, 1.42404176646e-23, 1.47694435648e-23, 6.36770337074e-24, 7.06919477527e-24, 2.00201632811e-23, 1.89757145981e-23, 1.03009157237e-23, 6.48812890438e-24, 1.85121231322e-23, 1.26125353446e-23, 5.0151204905e-24, 8.03642896407e-24, 2.94777776252e-24, 7.89763362097e-24, 1.11204199307e-23, 1.2471922466e-23, 9.01293305738e-24, 2.00659582344e-23, 1.7619776298e-23, 8.69748966948e-24, 9.62254662113e-24, 1.2626898924e-23, 6.5544512017e-24, 9.8913628075e-24, 9.54633161363e-24, 7.96602391714e-24, 7.75605912089e-24, 1.01429037289e-23, 1.06940563887e-23, 9.80534699211e-24, 1.36621289785e-23, 1.47827153607e-23, 1.66822734878e-23, 1.32918881567e-23, 1.94170806968e-23, 9.90056171451e-24, 1.41955756553e-23, 1.25276065796e-23, 8.78145523537e-24],
        "stdev": [0.000101422512671, 0.000426611077273, 0.000528148841113, 0.000817297375761, 0.000486470235046, 0.000414417183492, 0.000330905400915, 0.0001875024318, 0.000376280630007, 0.000243019458139, 0.000354036281351, 0.000775232503656, 0.00014201142767, 0.000377170159481, 0.000279990170384, 0.000141130585689, 5.22496156918e-05, 0.000105478728074, 6.47447959636e-05, 5.49277974642e-05, 6.35449105175e-05, 5.34068058187e-05, 3.83240658266e-05, 3.95788993046e-05, 1.62068408827e-05, 2.98267859762e-05, 2.03017825697e-05, 1.97018816834e-05, 1.48772905959e-05, 8.49585285323e-06, 1.70514033471e-06, 8.09084554021e-07, 4.72396408213e-07, 8.91419489335e-08, 3.57800793438e-08, 1.33889033194e-08, 2.86529200366e-08, 7.71331940541e-08, 2.34842509883e-08, 6.43265529732e-09]
    },
    "melbands128": {
        "max": [6.59560828353e-05, 0.000226072297664, 0.00137097784318, 0.00356787163764, 0.00439678970724, 0.00553016457707, 0.00664053997025, 0.00634226808324, 0.00441251369193, 0.0174380037934, 0.00868442561477, 0.00441826321185, 0.00561191514134, 0.00512123620138, 0.00247204955667, 0.00694093573838, 0.00577641557902, 0.00307321129367, 0.00136892823502, 0.00161102192942, 0.00221593398601, 0.00361463893205, 0.00391269987449, 0.00214813649654, 0.00278858025558, 0.00181669625454, 0.00320385349914, 0.00378780718893, 0.00409867800772, 0.00648700539023, 0.00804459117353, 0.000888488255441, 0.00184847135097, 0.000428303843364, 0.00161767704412, 0.00377600011416, 0.00591760827228, 0.00106144277379, 0.00316066574305, 0.00371405808255, 0.000483135750983, 0.000807926233392, 0.000405189115554, 0.000501155271195, 0.000728652172256, 0.00139034935273, 0.00204022647813, 0.000290444120765, 0.000907604873646, 0.000852956203744, 0.000801749527454, 0.000239634900936, 0.000559412816074, 0.000867124763317, 0.00131431571208, 0.00015109332162, 0.00033063304727, 0.000708027801011, 0.000503984279931, 0.000230899720918, 0.000612831849139, 0.000197674278752, 0.00013290726929, 0.00026829019771, 0.00043135159649, 0.000215081701754, 0.0004380006867, 0.00026049776352, 0.000222375165322, 0.000186436343938, 0.000343238440109, 0.000144299876411, 0.000250845798291, 0.000298114784528, 0.000154022112838, 0.000101194549643, 2.34472809097e-05, 1.40388992804e-05, 1.51271597133e-05, 1.41456293932e-05, 8.42213376018e-06, 5.22096888744e-06, 1.18076186482e-05, 4.07039533457e-06, 1.75494551513e-06, 1.5811240246e-06, 1.03788920569e-06, 1.41541920584e-06, 4.77971980217e-07, 1.46371291976e-07, 1.58651729976e-07, 9.49169134401e-08, 1.22964948446e-07, 1.70971674152e-07, 9.08289337076e-07, 1.12469308533e-06, 1.44551052017e-06, 5.96890572524e-07, 2.15354106103e-07, 2.05471081927e-07, 9.26843526372e-08, 4.7041382345e-08, 7.75750450543e-08, 6.41494750653e-08, 4.28168611677e-08, 1.85935657981e-08, 1.16646541315e-08, 7.57422657927e-09, 7.26199100853e-09, 6.46422204653e-09, 5.59284218937e-09, 5.56967183485e-09, 6.83335121821e-09, 4.26859747549e-09, 3.71984087977e-09, 3.82424936163e-09, 3.85300946704e-09, 8.81055228774e-10, 8.00781330135e-10, 7.61250451564e-10, 7.33420602028e-10, 7.12532088887e-10, 6.95400292905e-10, 6.70759447985e-10, 6.57018828232e-10, 6.420158849e-10, 6.38064656666e-10, 6.37471575526e-10],
        "mean": [2.2326985345e-06, 9.03632371774e-06, 3.40012702509e-05, 9.01509047253e-05, 0.000174799628439, 0.000269133801339, 0.000435325724538, 0.000293697201414, 0.000279381347355, 0.00080713495845, 0.000522326969076, 0.000406172912335, 0.000691138440743, 0.00054411921883, 0.000310256145895, 0.000373364659026, 0.000326500099618, 0.000349259615177, 0.000212316750549, 0.000160596740898, 0.000189527898328, 0.00053214689251, 0.000545625283848, 0.000207786957617, 0.000276718928944, 0.000179739334271, 0.00035854493035, 0.000251021643635, 0.000431667140219, 0.000976078852545, 0.000796263862867, 0.000118569325423, 0.000184133008588, 5.46607006982e-05, 0.000127247432829, 0.000590527139138, 0.000973214861006, 0.000100616314739, 0.000298036291497, 0.000289484247332, 3.91772446164e-05, 8.46091425046e-05, 4.91605132993e-05, 4.04792990594e-05, 6.32667506579e-05, 0.000129505890072, 0.000267808354693, 3.04822988255e-05, 4.95813474117e-05, 8.60767468112e-05, 6.52671224088e-05, 2.15390191443e-05, 4.3515174184e-05, 0.000101097459265, 0.000167065460118, 1.63005333889e-05, 1.55346497195e-05, 6.07530237176e-05, 4.15583454014e-05, 1.30539292513e-05, 5.30629331479e-05, 2.9828013794e-05, 1.78337541001e-05, 1.30425169118e-05, 1.60316521942e-05, 2.62373869191e-05, 7.44958597352e-05, 2.06932236324e-05, 1.34156043714e-05, 1.23050167531e-05, 1.87573605217e-05, 8.63038530952e-06, 8.64657340571e-06, 8.71105476108e-06, 8.89308103069e-06, 1.44678215293e-05, 2.85310625259e-06, 1.83071472293e-06, 1.53911867073e-06, 2.056038511e-06, 7.49126513711e-07, 4.84918700749e-07, 8.56749522882e-07, 3.16269989753e-07, 1.29897259171e-07, 8.61640501171e-08, 3.56804683577e-08, 2.36456010327e-08, 1.90185041049e-08, 1.46296308401e-08, 1.29360246959e-08, 1.4463523712e-08, 1.49158445595e-08, 2.28452030626e-08, 3.03132914325e-08, 3.57353542313e-08, 3.97289525722e-08, 2.51025422671e-08, 2.42052440314e-08, 1.62909223889e-08, 7.39207939304e-09, 7.43849737361e-09, 9.214002894e-09, 7.10264336234e-09, 5.31828181494e-09, 4.18107592992e-09, 4.08792333317e-09, 3.3545060063e-09, 2.73748335111e-09, 2.58013765908e-09, 2.52147080992e-09, 2.71379985151e-09, 2.52961229741e-09, 1.9030974574e-09, 1.73848280216e-09, 1.98921523697e-09, 1.59644053532e-09, 7.98818129699e-12, 6.13700930352e-12, 5.89152424763e-12, 5.74495138961e-12, 5.64029985911e-12, 5.51949848673e-12, 5.39198850499e-12, 5.31142187524e-12, 5.249640566e-12, 5.22886638502e-12, 5.18417513778e-12],
        "min": [7.60467198001e-24, 8.88722176124e-24, 2.51467577062e-24, 5.22317427121e-24, 1.46248201174e-23, 2.19583566599e-23, 1.89732501966e-23, 7.18599983178e-24, 1.76378317464e-23, 5.4560637598e-24, 1.09102145319e-24, 1.14314169041e-24, 3.14003795627e-24, 2.26340775564e-23, 1.82958774254e-23, 1.75511832645e-23, 2.92095093027e-23, 1.62886871164e-23, 9.25258111177e-24, 1.74842815489e-23, 7.23867996303e-24, 1.16644681092e-24, 5.63280558043e-25, 1.53510691325e-23, 3.47711774775e-23, 9.93319767902e-24, 8.36953021447e-24, 1.90454625239e-23, 1.00423618288e-23, 3.79010154623e-24, 3.06987272305e-24, 7.27631415024e-24, 1.28969962205e-23, 3.806558368e-24, 2.60017054337e-24, 1.57401850292e-24, 5.10091029723e-24, 8.93837702436e-24, 9.73763196087e-24, 7.84108333811e-24, 1.19271414357e-23, 1.52490205081e-23, 1.34866200489e-23, 1.15356250353e-23, 6.0638956812e-24, 1.25526679017e-23, 5.0905363819e-24, 1.6694466122e-23, 2.97003070035e-23, 2.61705867485e-23, 1.70713018209e-23, 7.81525287663e-24, 6.3879822236e-24, 1.33811682785e-23, 3.837680114e-24, 9.73671688222e-24, 1.11762058074e-23, 1.67167293544e-23, 1.35390225011e-23, 6.58584786573e-24, 1.83096154381e-24, 1.01009323844e-23, 1.22596620845e-23, 8.69292768687e-24, 7.87412319941e-24, 1.12031083308e-23, 1.006262451e-23, 5.31039586049e-24, 9.01257097022e-24, 9.23503132322e-24, 5.3082225487e-24, 9.72265543659e-24, 8.28383783206e-24, 1.21168222515e-23, 7.77669966647e-24, 1.23228790309e-23, 1.37323644203e-23, 5.50492107111e-24, 1.02030922382e-23, 1.24476168726e-23, 1.14334699147e-23, 1.33103049034e-23, 1.79911830562e-23, 1.54027647654e-23, 1.19313121433e-23, 1.58862402592e-23, 2.10157215207e-23, 1.29798076828e-23, 1.31718542925e-23, 7.96576280418e-24, 2.71850240072e-23, 1.78253234731e-23, 1.80264214728e-23, 6.93965750374e-24, 5.9025673152e-24, 1.48439546328e-23, 1.70573642265e-23, 1.11277468708e-23, 1.66223516135e-23, 1.03765217305e-23, 7.93287440418e-24, 1.08660004559e-23, 6.13507696727e-24, 5.56315596642e-24, 6.78879732195e-24, 7.42492213415e-24, 1.37440064296e-23, 9.26720343751e-24, 1.06657425931e-23, 1.06432640016e-23, 6.69893817624e-24, 1.09313844032e-23, 7.9588776262e-24, 7.82600347305e-24, 1.00324466361e-23, 1.08960442235e-23, 1.04874702837e-23, 1.33940345999e-23, 9.7360353064e-24, 9.29279724072e-24, 1.34778384493e-23, 1.74405723438e-23, 1.13036912517e-23, 1.20385562057e-23, 1.4073256461e-23, 8.79643175966e-24, 9.4776478612e-24, 1.05679246297e-23],
        "stdev": [4.37478684034e-06, 2.2876636649e-05, 0.000125383259729, 0.000319393991958, 0.000538974767551, 0.000540998356882, 0.000706973543856, 0.00064856139943, 0.000455976260127, 0.00144079665188, 0.00080871937098, 0.00047618127428, 0.00074069830589, 0.000685303180944, 0.000413191650296, 0.000686980143655, 0.000602624611929, 0.00042272999417, 0.000212522951188, 0.000254103098996, 0.000263500027359, 0.000506209209561, 0.000638570461888, 0.000292160868412, 0.000441470212536, 0.000217449662159, 0.000482492760057, 0.000460225186544, 0.000830282981042, 0.0010673282668, 0.00109015929047, 0.000140914868098, 0.00026859639911, 5.86388159718e-05, 0.000192827079445, 0.00057075440418, 0.00101060885936, 0.000124954007333, 0.000348481349647, 0.00035818372271, 5.33471211384e-05, 0.000114952665172, 5.97724938416e-05, 6.90844899509e-05, 9.65573563008e-05, 0.000139353680424, 0.00028006217326, 4.04526981583e-05, 8.28469128464e-05, 0.000118700983876, 9.40296740737e-05, 2.02314840863e-05, 4.59760412923e-05, 0.000104542683403, 0.000187469398952, 1.74263095687e-05, 2.64736845565e-05, 8.26389004942e-05, 7.18261726433e-05, 2.03465624509e-05, 7.98543696874e-05, 3.25080472976e-05, 2.50394623436e-05, 2.22493745241e-05, 3.20223334711e-05, 2.798249443e-05, 6.809415936e-05, 2.59044336417e-05, 2.53458965744e-05, 2.03732161026e-05, 3.74472001567e-05, 1.47103828567e-05, 1.66276804521e-05, 2.23990591621e-05, 1.64947741723e-05, 1.5850240743e-05, 3.2008490507e-06, 2.40252074946e-06, 1.99010696633e-06, 2.22167182073e-06, 8.94872187018e-07, 7.36815536584e-07, 1.17647164188e-06, 4.70276233955e-07, 2.00179698595e-07, 1.42194707564e-07, 6.89353214511e-08, 8.22069523565e-08, 3.87909508959e-08, 1.55532919877e-08, 1.62763100775e-08, 1.48628878094e-08, 1.75097358834e-08, 2.29550956021e-08, 4.72395917939e-08, 8.6873846783e-08, 1.08207451888e-07, 4.55098643215e-08, 2.80256209351e-08, 1.94937452846e-08, 6.97827973184e-09, 5.6749902555e-09, 8.38375591172e-09, 4.59446614087e-09, 3.89751253493e-09, 1.80531001259e-09, 1.36258937466e-09, 1.02602526475e-09, 8.86769491171e-10, 7.97741706027e-10, 7.98734745011e-10, 7.52105322466e-10, 7.41367356394e-10, 5.86287074444e-10, 5.13260323132e-10, 5.29673582772e-10, 6.20102580395e-10, 4.02444050307e-11, 3.44812269015e-11, 3.27915819498e-11, 3.16029598324e-11, 3.07071243433e-11, 2.99720734342e-11, 2.89277438809e-11, 2.83393950667e-11, 2.77010307054e-11, 2.75250620907e-11, 2.74981738768e-11]
    },
    "mfcc": {
        "mean": [-637.997192383, 161.92678833, -81.8945236206, 23.7852668762, -24.3597297668, -10.6324577332, 4.14696121216, -17.2506904602, -0.98203676939, -15.0359210968, -10.3799953461, -4.93226003647, -7.26514387131],
        "cov": [[3728.6875, 545.688171387, -739.061218262, 338.768798828, -396.821960449, -48.8805046082, 33.5583381653, -136.040100098, 29.6898860931, -156.723693848, -81.8844985962, -81.1564331055, -96.4224700928], [545.688171387, 429.461914062, -248.16242981, -110.927101135, -55.8335647583, -75.4227905273, -13.1354904175, -7.92837190628, 1.53355240822, -46.8023262024, -32.2629470825, -33.3534393311, -33.1508407593], [-739.061218262, -248.16242981, 435.370147705, 114.876075745, 130.378677368, 84.9414596558, 18.7879753113, 46.2330284119, 2.54846954346, 80.9179992676, 63.0008468628, 50.7952308655, 38.897693634], [338.768798828, -110.927101135, 114.876075745, 343.939666748, 12.005068779, 69.1824417114, 28.1015129089, 0.627386808395, 41.3771133423, 25.2717342377, 52.4995727539, 32.9872703552, 8.92637443542], [-396.821960449, -55.8335647583, 130.378677368, 12.005068779, 130.184753418, 29.479888916, 0.250357151031, 32.6041793823, 0.770115792751, 29.1460266113, 24.9722976685, 19.4581298828, 9.72115802765], [-48.8805046082, -75.4227905273, 84.9414596558, 69.1824417114, 29.479888916, 90.104019165, 35.9929504395, 11.7430639267, 7.69187164307, 7.96719551086, 9.98314094543, 7.25083589554, 11.6071529388], [33.5583381653, -13.1354904175, 18.7879753113, 28.1015129089, 0.250357151031, 35.9929504395, 77.0606384277, 15.2801828384, 14.5106592178, 14.8034667969, -6.10959815979, 8.66328144073, 3.50038528442], [-136.040100098, -7.92837190628, 46.2330284119, 0.627386808395, 32.6041793823, 11.7430639267, 15.2801828384, 63.7937088013, 16.5923080444, 7.7549905777, 9.15289115906, -1.7631521225, -1.50839400291], [29.6898860931, 1.53355240822, 2.54846954346, 41.3771133423, 0.770115792751, 7.69187164307, 14.5106592178, 16.5923080444, 60.7729263306, 25.4126091003, 0.137814000249, -1.26430523396, -4.87169265747], [-156.723693848, -46.8023262024, 80.9179992676, 25.2717342377, 29.1460266113, 7.96719551086, 14.8034667969, 7.7549905777, 25.4126091003, 73.632019043, 31.2637825012, 16.3904323578, 15.2229795456], [-81.8844985962, -32.2629470825, 63.0008468628, 52.4995727539, 24.9722976685, 9.98314094543, -6.10959815979, 9.15289115906, 0.137814000249, 31.2637825012, 72.6267318726, 33.456741333, 10.962439537], [-81.1564331055, -33.3534393311, 50.7952308655, 32.9872703552, 19.4581298828, 7.25083589554, 8.66328144073, -1.7631521225, -1.26430523396, 16.3904323578, 33.456741333, 61.2577972412, 25.356136322], [-96.4224700928, -33.1508407593, 38.897693634, 8.92637443542, 9.72115802765, 11.6071529388, 3.50038528442, -1.50839400291, -4.87169265747, 15.2229795456, 10.962439537, 25.356136322, 57.9433860779]],
        "icov": [[0.000927204673644, -0.000834139587823, 0.00115108012687, -0.00164624489844, 0.00156056927517, -0.000721526856069, 3.21255392919e-05, 0.000131063105073, 0.000906894973014, -0.000469067366794, 0.00058199610794, -0.000114518610644, 0.000570272502955], [-0.000834139587823, 0.00456416374072, 0.000840213324409, 0.00195673899725, -0.00212319684215, 0.00237011071295, -0.000954041606747, -0.00048371165758, -0.00161017477512, 0.00148372945841, -0.00158303196076, 0.000677286763676, -0.000237884640228], [0.00115108012687, 0.000840213324409, 0.00768215581775, -0.00301516917534, -0.000759917020332, -0.00369070656598, 0.00183327007107, -0.00311644235626, 0.00448190467432, -0.00579674076289, 0.00185506418347, -0.00216673035175, 0.000875510799233], [-0.00164624489844, 0.00195673899725, -0.00301516917534, 0.00769784441218, -0.00202230131254, -0.000677949283272, -0.00103177269921, 0.00210490613244, -0.00614990899339, 0.00364759890363, -0.00499279936776, 0.000110600922199, -0.000768721336499], [0.00156056927517, -0.00212319684215, -0.000759917020332, -0.00202230131254, 0.0157260317355, -0.00487956451252, 0.00376647221856, -0.00517847482115, 0.00361911463551, -0.00440765311942, 0.00231360201724, -0.00363581487909, 0.00279622408561], [-0.000721526856069, 0.00237011071295, -0.00369070656598, -0.000677949283272, -0.00487956451252, 0.0224741119891, -0.0110406158492, 0.00316571979783, -0.00390499201603, 0.00854129623622, -0.00475222896785, 0.00647947238758, -0.00470526143909], [3.21255392919e-05, -0.000954041606747, 0.00183327007107, -0.00103177269921, 0.00376647221856, -0.0110406158492, 0.0223489291966, -0.00771944504231, 0.00303701101802, -0.010086347349, 0.00963412225246, -0.0085810823366, 0.00330221350305], [0.000131063105073, -0.00048371165758, -0.00311644235626, 0.00210490613244, -0.00517847482115, 0.00316571979783, -0.00771944504231, 0.0249906312674, -0.010506849736, 0.00923550315201, -0.00824662484229, 0.00697974674404, -0.00174319371581], [0.000906894973014, -0.00161017477512, 0.00448190467432, -0.00614990899339, 0.00361911463551, -0.00390499201603, 0.00303701101802, -0.010506849736, 0.0302098505199, -0.0173609890044, 0.0101823760197, -0.00391649641097, 0.0051331887953], [-0.000469067366794, 0.00148372945841, -0.00579674076289, 0.00364759890363, -0.00440765311942, 0.00854129623622, -0.010086347349, 0.00923550315201, -0.0173609890044, 0.0329824090004, -0.0156619977206, 0.00743632856756, -0.0071398713626], [0.00058199610794, -0.00158303196076, 0.00185506418347, -0.00499279936776, 0.00231360201724, -0.00475222896785, 0.00963412225246, -0.00824662484229, 0.0101823760197, -0.0156619977206, 0.0302750989795, -0.0149796195328, 0.00515191163868], [-0.000114518610644, 0.000677286763676, -0.00216673035175, 0.000110600922199, -0.00363581487909, 0.00647947238758, -0.0085810823366, 0.00697974674404, -0.00391649641097, 0.00743632856756, -0.0149796195328, 0.0308746062219, -0.0113132009283], [0.000570272502955, -0.000237884640228, 0.000875510799233, -0.000768721336499, 0.00279622408561, -0.00470526143909, 0.00330221350305, -0.00174319371581, 0.0051331887953, -0.0071398713626, 0.00515191163868, -0.0113132009283, 0.024113714695]]
    },
    "spectral_contrast_coeffs": {
        "max": [-0.43585139513, -0.566201865673, -0.517038762569, -0.608781635761, -0.624866127968, -0.58695089817],
        "mean": [-0.622517943382, -0.744602620602, -0.678091585636, -0.735988974571, -0.729616701603, -0.69288790226],
        "min": [-0.957468807697, -0.975295186043, -0.966429173946, -0.963693737984, -0.966769218445, -0.961690664291],
        "stdev": [0.074779227376, 0.0589987039566, 0.0724631920457, 0.0535245127976, 0.0437848567963, 0.0457198433578]
    },
    "spectral_contrast_valleys": {
        "max": [-5.76663732529, -4.84118032455, -5.86935138702, -6.15598392487, -5.73365688324, -10.5190448761],
        "mean": [-7.50890874863, -6.39447689056, -6.85424757004, -7.20160198212, -7.30032110214, -11.6583061218],
        "min": [-27.4380474091, -27.3043174744, -27.3115978241, -26.9886302948, -27.2235107422, -27.2365818024],
        "stdev": [1.09139657021, 1.07175779343, 1.07119178772, 1.00711739063, 1.07119941711, 0.727052271366]
    }
},
"rhythm": {
    "beats_count": 29,
    "beats_loudness": {
        "max": 0.0601982586086,
        "mean": 0.0310219302773,
        "min": 0.0177296362817,
        "stdev": 0.0100276824087
    },
    "bpm": 145.066314697,
    "bpm_histogram_first_peak_bpm": 144,
    "bpm_histogram_first_peak_weight": 0.545454502106,
    "bpm_histogram_second_peak_bpm": 126,
    "bpm_histogram_second_peak_spread": 0.199999988079,
    "bpm_histogram_second_peak_weight": 0.142857149243,
    "danceability": 1.55606222153,
    "onset_rate": 1.25398087502,
    "beats_loudness_band_ratio": {
        "max": [0.561190605164, 0.561636209488, 0.426575779915, 0.64933848381, 0.275224149227, 0.259635478258],
        "mean": [0.0861759334803, 0.177656337619, 0.193354129791, 0.359526604414, 0.153753116727, 0.0616278573871],
        "min": [0.00659705465659, 0.0278091467917, 0.0352359935641, 0.0801832377911, 0.0549141094089, 0.0146407214925],
        "stdev": [0.125717237592, 0.126271277666, 0.0987935066223, 0.156951189041, 0.0577431581914, 0.0579381473362]
    },
    "beats_position": [0.46439909935, 0.9287981987, 1.40480720997, 1.88081634045, 2.35682535172, 2.83283448219, 3.26240348816, 3.69197273254, 4.1099319458, 4.52789115906, 4.94585037231, 5.36380958557, 5.7701587677, 6.18811798096, 6.59446716309, 7.01242637634, 7.4303855896, 7.83673477173, 8.24308395386, 8.66104316711, 9.05578231812, 9.46213150024, 9.86848068237, 10.2864398956, 10.7043991089, 11.110748291, 11.5170974731, 11.9234466553, 12.3297958374],
