{
"metadata": {
    "version": {
        "essentia": "2.1-beta5",
        "essentia_git_sha": "Undefined",
        "extractor": "music 2.0"
    },
    "audio_properties": {
        "analysis": {
            "equal_loudness": 0,
            "length": 29.0017242432,
            "sample_rate": 44100,
            "start_time": 0,
            "downmix": "mix"
        },
        "bit_rate": 192000,
        "length": 222.818695068,
        "lossless": 0,
        "number_channels": 2,
        "replay_gain": -9.09801292419,
        "sample_rate": 48000,
        "codec": "mp3",
        "md5_encoded": "2765e6a6a3b6edb6f25c692c9a869874"
    },
    "tags": {
        "file_name": "Luxembourg_Un Baiser Volé_Sarah Bray.mp3",
        "encoding": ["Lavf58.29.100"]
    }
},
"lowlevel": {
    "average_loudness": 0.0994352549314,
    "barkbands_crest": {
        "max": 23.1515922546,
        "mean": 8.57185935974,
        "min": 2.48569011688,
        "stdev": 3.61076283455
    },
    "barkbands_flatness_db": {
        "max": 0.319237738848,
        "mean": 0.118749216199,
        "min": 0.0462293401361,
        "stdev": 0.0562519840896
    },
    "barkbands_kurtosis": {
        "max": 118.840568542,
        "mean": 3.46898365021,
        "min": -1.86550116539,
        "stdev": 5.8700633049
    },
    "barkbands_skewness": {
        "max": 9.79297733307,
        "mean": -0.267161667347,
        "min": -6.11404752731,
        "stdev": 1.8211479187
    },
    "barkbands_spread": {
        "max": 98.8714065552,
        "mean": 24.3427505493,
        "min": 2.33866286278,
        "stdev": 10.9623260498
    },
    "dissonance": {
        "max": 0.499999940395,
        "mean": 0.479939311743,
        "min": 0.283441185951,
        "stdev": 0.0295433457941
    },
    "dynamic_complexity": 13.0332422256,
    "erbbands_crest": {
        "max": 26.3104858398,
        "mean": 6.7068157196,
        "min": 2.05192136765,
        "stdev": 4.28529500961
    },
    "erbbands_flatness_db": {
        "max": 0.385710537434,
        "mean": 0.156647279859,
        "min": 0.0673471391201,
        "stdev": 0.0725549310446
    },
    "erbbands_kurtosis": {
        "max": 25.5838756561,
        "mean": 0.582853496075,
        "min": -1.7549778223,
        "stdev": 2.54378294945
    },
    "erbbands_skewness": {
        "max": 3.38822793961,
        "mean": -0.280401468277,
        "min": -4.39375066757,
        "stdev": 0.7595744133
    },
    "erbbands_spread": {
        "max": 103.296707153,
        "mean": 34.5436820984,
        "min": 2.27265071869,
        "stdev": 16.5180892944
    },
    "hfc": {
        "max": 248.053359985,
        "mean": 7.4232211113,
        "min": 1.03343869386e-16,
        "stdev": 19.9552001953
    },
    "loudness_ebu128": {
        "integrated": -16.0928096771,
        "loudness_range": 12.9716300964,
        "momentary": {
            "max": -11.4295444489,
            "mean": -133.376098633,
            "min": -300.691009521,
            "stdev": 134.927856445
        },
        "short_term": {
            "max": -14.4231472015,
            "mean": -114.791740417,
            "min": -300.691009521,
            "stdev": 131.539672852
        }
    },
    "melbands_crest": {
        "max": 34.4417800903,
        "mean": 9.2848110199,
        "min": 1.50655972958,
        "stdev": 7.9258275032
    },
    "melbands_flatness_db": {
        "max": 0.382015675306,
        "mean": 0.106631249189,
        "min": 0.00255338894203,
        "stdev": 0.0992832109332
    },
    "melbands_kurtosis": {
        "max": 366.15435791,
        "mean": 5.92102336884,
        "min": -1.83546483517,
        "stdev": 17.3899211884
    },
    "melbands_skewness": {
        "max": 14.5443878174,
        "mean": 1.14159882069,
        "min": -4.12745857239,
        "stdev": 1.94099092484
    },
    "melbands_spread": {
        "max": 285.776062012,
        "mean": 75.3758850098,
        "min": 1.14067971706,
        "stdev": 57.1251144409
    },
    "pitch_salience": {
        "max": 0.990720033646,
        "mean": 0.700514674187,
        "min": 0.19139046967,
        "stdev": 0.139694973826
    },
    "silence_rate_20dB": {
        "max": 1,
        "mean": 1,
        "min": 1,
        "stdev": 0
    },
    "silence_rate_30dB": {
        "max": 1,
        "mean": 0.999199986458,
        "min": 0,
        "stdev": 0.0282730553299
    },
    "silence_rate_60dB": {
        "max": 1,
        "mean": 0.755200028419,
        "min": 0,
        "stdev": 0.429967910051
    },
    "spectral_centroid": {
        "max": 11846.0439453,
        "mean": 5568.08056641,
        "min": 267.888244629,
        "stdev": 4515.66748047
    },
    "spectral_complexity": {
        "max": 50,
        "mean": 5.06720018387,
        "min": 0,
        "stdev": 9.18951225281
    },
    "spectral_decrease": {
        "max": 1.90833982435e-28,
        "mean": -1.43344591752e-09,
        "min": -2.61289496706e-08,
        "stdev": 3.92550969508e-09
    },
    "spectral_energy": {
        "max": 0.109390318394,
        "mean": 0.0060834554024,
        "min": 9.83877378022e-21,
        "stdev": 0.0163251403719
    },
    "spectral_energyband_high": {
        "max": 0.022170111537,
        "mean": 0.000229827972362,
        "min": 6.98063696606e-21,
        "stdev": 0.00133695418481
    },
    "spectral_energyband_low": {
        "max": 0.0211712494493,
        "mean": 0.000227492928389,
        "min": 1.05194088952e-23,
        "stdev": 0.00104299362283
    },
    "spectral_energyband_middle_high": {
        "max": 0.0802296772599,
        "mean": 0.00246581737883,
        "min": 1.13297268486e-21,
        "stdev": 0.00793080125004
    },
    "spectral_energyband_middle_low": {
        "max": 0.0854564383626,
        "mean": 0.00329375802539,
        "min": 1.32520692981e-22,
        "stdev": 0.0104976808652
    },
    "spectral_entropy": {
        "max": 9.83370304108,
        "mean": 8.52672767639,
        "min": 6.03577566147,
        "stdev": 1.13008105755
    },
    "spectral_flux": {
        "max": 0.330277204514,
        "mean": 0.0311275087297,
        "min": 6.12845052483e-11,
        "stdev": 0.0542248338461
    },
    "spectral_kurtosis": {
        "max": 30.7891044617,
        "mean": 2.73957371712,
        "min": -1.56884121895,
        "stdev": 4.83152246475
    },
    "spectral_rms": {
        "max": 0.0103306462988,
        "mean": 0.00121301307809,
        "min": 3.09819357669e-12,
        "stdev": 0.00211274251342
    },
    "spectral_rolloff": {
        "max": 19810.546875,
        "mean": 8800.58496094,
        "min": 64.599609375,
        "stdev": 8277.6171875
    },
    "spectral_skewness": {
        "max": 3.87063121796,
        "mean": 0.904015541077,
        "min": -0.502192556858,
        "stdev": 0.891113042831
    },
    "spectral_spread": {
        "max": 43183192,
        "mean": 18774684,
        "min": 1238753.625,
        "stdev": 17918170
    },
    "spectral_strongpeak": {
        "max": 10.7186985016,
        "mean": 0.470500230789,
        "min": 0,
        "stdev": 1.16949272156
    },
    "zerocrossingrate": {
        "max": 0.7197265625,
        "mean": 0.25069335103,
        "min": 0.0087890625,
        "stdev": 0.209950536489
    },
    "barkbands": {
        "max": [0.00086687784642, 0.00720225647092, 0.0101556032896, 0.0147510962561, 0.028697701171, 0.0302205439657, 0.0409234911203, 0.0436630919576, 0.0565060861409, 0.0539315529168, 0.0600137934089, 0.0402466915548, 0.0397364273667, 0.0159187149256, 0.0211398005486, 0.0190678685904, 0.0231509748846, 0.00599537184462, 0.0328692160547, 0.0223130825907, 0.011852751486, 0.00706575904042, 0.00158103008289, 0.00725085753947, 0.00258832005784, 0.000164548808243, 6.49369624739e-08],
        "mean": [2.94648980343e-05, 7.08641819074e-05, 9.68024687609e-05, 7.08928855602e-05, 0.000485182128614, 0.000582544540521, 0.000688008731231, 0.000515344785526, 0.000753469066694, 0.000323388696415, 0.000331933551934, 0.000226642994676, 0.000213870502193, 0.000209062811336, 0.000275114842225, 0.000282835360849, 0.000331124057993, 0.00015631406859, 0.000177809502929, 8.23808222776e-05, 8.43939124024e-05, 2.88002320303e-05, 1.83797837963e-05, 3.7640103983e-05, 1.00739080153e-05, 1.1265115063e-06, 3.89764998054e-10],
        "min": [1.15919350607e-25, 4.16288358484e-25, 3.26566449916e-25, 5.07234850348e-25, 5.4412398801e-24, 3.96035074578e-24, 5.03655620788e-24, 7.38784488274e-24, 1.36471106446e-23, 1.13127899734e-23, 5.05475325681e-24, 1.92093609987e-23, 1.80178165781e-23, 2.57818676488e-23, 2.24244377709e-23, 4.24827629871e-23, 3.35045256101e-23, 6.15688266041e-23, 1.10955116477e-22, 9.13617553442e-23, 2.14179497056e-22, 2.67807144917e-22, 3.17660528798e-22, 5.62814567257e-22, 7.5979149446e-22, 1.18947935948e-21, 1.9039752938e-21],
        "stdev": [7.67701058066e-05, 0.000353670213372, 0.000570662785321, 0.000516472791787, 0.00233304616995, 0.00250766100362, 0.00364445941523, 0.00301029719412, 0.0039486028254, 0.00244424492121, 0.00293866940774, 0.0015889198985, 0.0015009912895, 0.000881534942891, 0.00127569481265, 0.00130306638312, 0.00135840743314, 0.000510351150297, 0.00137759570498, 0.000787523866165, 0.000634598836768, 0.000248043477768, 9.35047792154e-05, 0.000321782281389, 8.56896440382e-05, 6.27228746453e-06, 2.32576913284e-09]
    },
    "erbbands": {
        "max": [0.155065000057, 1.76820254326, 8.8613910675, 41.0287628174, 33.0146636963, 142.337509155, 168.202911377, 317.557678223, 651.538391113, 636.913452148, 580.289855957, 1787.65002441, 2018.84033203, 431.800048828, 3100.32202148, 622.038391113, 1284.46716309, 752.437133789, 685.057556152, 1066.2701416, 1248.3269043, 1287.38562012, 376.82913208, 1109.9263916, 1625.8269043, 951.038146973, 679.039306641, 587.343933105, 248.056808472, 105.612854004, 51.1587562561, 189.161712646, 82.7095031738, 43.4952201843, 6.33196258545, 0.802726089954, 0.319251835346, 0.00884271692485, 0.000241093148361, 0.000133000707137],
        "mean": [0.00213332241401, 0.0167673714459, 0.0884658545256, 0.214694038033, 0.497344046831, 1.96517169476, 2.7918317318, 5.71352529526, 10.4941549301, 10.272898674, 10.4093828201, 17.4264945984, 16.0648040771, 6.33047151566, 17.2813911438, 7.82962417603, 9.56640434265, 10.7755422592, 12.3066759109, 14.8437395096, 17.6769962311, 18.4497356415, 9.48986816406, 9.3760099411, 6.8509888649, 3.69539809227, 4.04811954498, 2.7635614872, 1.17258274555, 0.626062512398, 0.561769783497, 0.81474006176, 0.541621446609, 0.170794129372, 0.0411327034235, 0.00895467493683, 0.00142148451414, 4.68237958557e-05, 6.06900721323e-06, 8.05407034932e-06],
        "min": [4.00598903127e-23, 4.18117231913e-22, 1.49413082726e-21, 1.68089340676e-21, 8.47760769258e-21, 1.59025198114e-20, 3.40117410083e-20, 3.41731284695e-20, 6.2102691213e-20, 8.91975414768e-20, 1.57248068422e-19, 3.50886784671e-19, 4.26620184532e-19, 4.18034179021e-19, 8.4104157468e-19, 1.06619910344e-18, 9.9391561542e-19, 1.61517406057e-18, 1.23117396936e-18, 2.5033806466e-18, 3.38018030858e-18, 3.36945901387e-18, 3.88214762548e-18, 5.22536320881e-18, 6.45251749399e-18, 6.15523374492e-18, 7.81594109969e-18, 7.86410120931e-18, 1.06240174472e-17, 1.03335033443e-17, 1.04415529846e-17, 9.85040670551e-18, 8.57607624205e-18, 7.06589011617e-18, 5.88304541487e-18, 3.6956204653e-18, 2.19329751833e-18, 8.80243628463e-19, 2.41926676976e-19, 2.59161502027e-20],
        "stdev": [0.00910437013954, 0.0892673879862, 0.490722090006, 1.44655942917, 2.56712794304, 10.0058174133, 12.1089820862, 25.296913147, 55.3297080994, 54.1303062439, 50.4362373352, 96.2538986206, 100.93321991, 31.842092514, 159.883789062, 41.0034866333, 60.7954292297, 43.5655555725, 46.2541007996, 64.5083389282, 83.0056991577, 76.2546005249, 30.7050170898, 46.3513374329, 63.3938560486, 32.9749221802, 32.8563117981, 23.899023056, 9.76773738861, 4.16464281082, 3.08596467972, 7.37437582016, 4.30005311966, 1.54332435131, 0.222757443786, 0.0363670364022, 0.012001494877, 0.000369950546883, 1.71127012436e-05, 2.04209736694e-05]
    },
    "gfcc": {
        "mean": [-623.860534668, 48.0950469971, -89.6040420532, 23.8583507538, -35.0657615662, 11.9474811554, -28.3714809418, 10.4036722183, -8.88319015503, 0.818549394608, -3.03051018715, -2.8489985466, 1.56098866463],
        "cov": [[293233.375, 20598.8730469, -41285.1328125, 9247.33007812, -15152.3154297, 4540.11523438, -12561.9853516, 4413.29150391, -3836.63378906, 222.290252686, -1352.73303223, -1274.86132812, 655.465026855], [20598.8730469, 2681.32788086, -2848.32983398, 632.626403809, -1119.43896484, -62.6191635132, -999.837280273, 251.443511963, -263.577545166, -137.888717651, 12.7116661072, -261.489776611, 62.2122154236], [-41285.1328125, -2848.32983398, 6343.28369141, -1071.9230957, 2024.62731934, -625.821777344, 1648.57788086, -640.509887695, 522.396240234, -34.8389968872, 173.934341431, 215.328735352, -176.53338623], [9247.33007812, 632.626403809, -1071.9230957, 839.353393555, -577.872619629, 239.827590942, -452.37890625, 104.009094238, -152.196990967, 82.3414230347, -105.694946289, 5.01552343369, -43.0612831116], [-15152.3154297, -1119.43896484, 2024.62731934, -577.872619629, 970.992614746, -288.510894775, 682.703735352, -240.703384399, 209.080963135, 4.75748968124, 51.9987754822, 67.7268600464, -41.0747337341], [4540.11523438, -62.6191635132, -625.821777344, 239.827590942, -288.510894775, 562.459533691, -104.937210083, 139.526855469, -108.35043335, 97.2444152832, -88.877243042, 54.2274627686, 2.80597162247], [-12561.9853516, -999.837280273, 1648.57788086, -452.37890625, 682.703735352, -104.937210083, 737.712402344, -192.417724609, 137.218505859, 21.9109077454, 38.2173843384, 63.6341209412, -57.3797988892], [4413.29150391, 251.443511963, -640.509887695, 104.009094238, -240.703384399, 139.526855469, -192.417724609, 189.851882935, -40.5935630798, 6.67525577545, -4.54134607315, -13.130449295, 44.5496864319], [-3836.63378906, -263.577545166, 522.396240234, -152.196990967, 209.080963135, -108.35043335, 137.218505859, -40.5935630798, 137.160186768, -16.8253936768, 37.4689903259, 13.0849914551, 8.84997177124], [222.290252686, -137.888717651, -34.8389968872, 82.3414230347, 4.75748968124, 97.2444152832, 21.9109077454, 6.67525577545, -16.8253936768, 102.61025238, -29.7460155487, 39.649887085, -30.7204227448], [-1352.73303223, 12.7116661072, 173.934341431, -105.694946289, 51.9987754822, -88.877243042, 38.2173843384, -4.54134607315, 37.4689903259, -29.7460155487, 95.6002426147, -9.93236923218, 26.2520675659], [-1274.86132812, -261.489776611, 215.328735352, 5.01552343369, 67.7268600464, 54.2274627686, 63.6341209412, -13.130449295, 13.0849914551, 39.649887085, -9.93236923218, 77.4504013062, -18.0692062378], [655.465026855, 62.2122154236, -176.53338623, -43.0612831116, -41.0747337341, 2.80597162247, -57.3797988892, 44.5496864319, 8.84997177124, -30.7204227448, 26.2520675659, -18.0692062378, 123.951652527]],
        "icov": [[0.000160648851306, -9.00620507309e-05, 0.000661402707919, -8.28496995382e-05, 0.000472044717753, -4.04067650379e-05, 0.00060183624737, -0.000193951185793, 0.000259459047811, 0.000121466066048, 0.00019869938842, -0.000361638638424, 0.000531303929165], [-9.00620507309e-05, 0.00162941263989, -6.32367227809e-05, -0.000367631146219, 0.000146054182551, 0.000592128664721, 0.00029245755286, 0.000145813639392, 0.000559770676773, 0.000746915407944, -0.0012110741809, 0.00291828392074, 0.000385697261663], [0.000661402707919, -6.32367227809e-05, 0.00348353665322, -0.00076204049401, 0.00113012618385, -0.000133438501507, 0.00201929383911, -0.000244391936576, 0.000539642758667, 0.00151948141865, -4.21426120738e-05, -0.00179841334466, 0.00271570309997], [-8.28496995382e-05, -0.000367631146219, -0.00076204049401, 0.00312151946127, 0.0013986134436, -0.000124392769067, 0.000627588771749, 0.000688933359925, -2.5572900995e-05, -0.0023786581587, 0.00179636490066, -0.000758617650717, 5.21990914422e-05], [0.000472044717753, 0.000146054182551, 0.00113012618385, 0.0013986134436, 0.00774691952392, 0.00152344733942, -0.00016186114226, 0.000187671394087, -0.000607187103014, -0.00206390907988, 0.00272100837901, -0.000966993218753, 0.00073076976696], [-4.04067650379e-05, 0.000592128664721, -0.000133438501507, -0.000124392769067, 0.00152344733942, 0.00411406904459, -0.00133415788878, -0.00214260350913, 0.00144216010813, -0.0016280929558, 0.00192176469136, -0.00112401682418, -0.000829957483802], [0.00060183624737, 0.00029245755286, 0.00201929383911, 0.000627588771749, -0.00016186114226, -0.00133415788878, 0.00788365025073, 0.00050044915406, 0.00167205871549, -0.000218420216697, -0.000330996641424, 0.000449458573712, 0.00317289982922], [-0.000193951185793, 0.000145813639392, -0.000244391936576, 0.000688933359925, 0.000187671394087, -0.00214260350913, 0.00050044915406, 0.0107562830672, -0.00219014892355, -0.000634561059996, -0.00202183774672, 0.000614022545051, -0.0021630350966], [0.000259459047811, 0.000559770676773, 0.000539642758667, -2.5572900995e-05, -0.000607187103014, 0.00144216010813, 0.00167205871549, -0.00219014892355, 0.0139237204567, 0.000814646075014, -0.00175890047103, -0.000572959543206, -6.91998429829e-05], [0.000121466066048, 0.000746915407944, 0.00151948141865, -0.0023786581587, -0.00206390907988, -0.0016280929558, -0.000218420216697, -0.000634561059996, 0.000814646075014, 0.0175899863243, -0.000419840886025, -0.00491880206391, 0.00347363390028], [0.00019869938842, -0.0012110741809, -4.21426120738e-05, 0.00179636490066, 0.00272100837901, 0.00192176469136, -0.000330996641424, -0.00202183774672, -0.00175890047103, -0.000419840886025, 0.016781475395, -0.00249572028406, -0.00234370632097], [-0.000361638638424, 0.00291828392074, -0.00179841334466, -0.000758617650717, -0.000966993218753, -0.00112401682418, 0.000449458573712, 0.000614022545051, -0.000572959543206, -0.00491880206391, -0.00249572028406, 0.025616209954, 0.000399810814997], [0.000531303929165, 0.000385697261663, 0.00271570309997, 5.21990914422e-05, 0.00073076976696, -0.000829957483802, 0.00317289982922, -0.0021630350966, -6.91998429829e-05, 0.00347363390028, -0.00234370632097, 0.000399810814997, 0.0128780612722]]
    },
    "melbands": {
        "max": [0.00177670700941, 0.00340652349405, 0.00601751636714, 0.00444337166846, 0.00673585804179, 0.00674982042983, 0.00918550509959, 0.00854339078069, 0.0054498007521, 0.0108059756458, 0.0101509951055, 0.00167356198654, 0.0081999534741, 0.00561494287103, 0.00155584164895, 0.00502215186134, 0.000983795616776, 0.00147873081733, 0.00192012754269, 0.000850738259032, 0.00194335356355, 0.00187707995065, 0.000511496386025, 0.000339095829986, 0.000989352352917, 0.00175620312802, 0.000594734970946, 0.000642918457743, 0.000542249355931, 0.000264024856733, 0.000326635403326, 0.000158483118867, 9.27842411329e-05, 4.32116430602e-05, 2.68930925813e-05, 7.61808041716e-05, 0.000121161028801, 6.66576524964e-05, 4.41124502686e-05, 3.72911381419e-05],
        "mean": [2.12009763345e-05, 3.91751018469e-05, 4.16836810473e-05, 8.47170231282e-05, 0.000103569007479, 0.000131101885927, 0.000154466819367, 0.000114747228508, 8.60803193063e-05, 0.000113714966574, 7.76858432801e-05, 2.21198988584e-05, 5.0854676374e-05, 3.27154411934e-05, 1.57693611982e-05, 2.38881912082e-05, 1.94222247956e-05, 1.90000555449e-05, 2.14098636206e-05, 1.81758259714e-05, 2.14617357415e-05, 2.103677798e-05, 1.06979359771e-05, 7.3232727118e-06, 7.6185965554e-06, 6.89217586114e-06, 2.68264670922e-06, 2.40295230469e-06, 2.81020652437e-06, 2.00925592253e-06, 1.43100680816e-06, 6.64937431338e-07, 4.64357725605e-07, 3.01546521086e-07, 3.06684398765e-07, 3.8337950059e-07, 5.40943517535e-07, 4.19070715907e-07, 2.51577432664e-07, 1.10309024137e-07],
        "min": [5.67124085588e-25, 1.03966858041e-24, 4.25487364107e-25, 6.37824955358e-25, 9.01738716326e-25, 7.55989761554e-25, 9.50428789118e-25, 8.01735361713e-25, 1.02273025766e-24, 2.03714493531e-24, 2.14631835421e-24, 1.26573491521e-24, 1.81534446446e-24, 2.17933277474e-24, 1.63795114334e-24, 1.04748619198e-24, 2.19325025326e-24, 1.6204223582e-24, 2.4065590309e-24, 2.91719441409e-24, 3.09036811823e-24, 2.23984747807e-24, 3.47667290909e-24, 3.12262779609e-24, 2.89168087748e-24, 4.17150593314e-24, 4.15444839379e-24, 3.21869448826e-24, 3.37147199649e-24, 4.15880606143e-24, 3.45492401393e-24, 5.13782583216e-24, 5.1440176014e-24, 4.46505330332e-24, 4.63166624853e-24, 4.50691815156e-24, 4.88487087758e-24, 4.4874967905e-24, 4.83539509933e-24, 4.93765711062e-24],
        "stdev": [9.15377313504e-05, 0.000201704606297, 0.000235573868849, 0.000390187546145, 0.000477615918498, 0.000572621880565, 0.000795756524894, 0.000642103201244, 0.000424744997872, 0.000632348761428, 0.000507330812979, 0.000127454884932, 0.000444584758952, 0.000260787608568, 7.7516589954e-05, 0.000181770286872, 7.95595333329e-05, 7.72074927227e-05, 0.00010933343583, 7.3416667874e-05, 0.000109668355435, 9.53303388087e-05, 3.60856101906e-05, 2.5631963581e-05, 3.97825278924e-05, 6.78851138218e-05, 2.41982688749e-05, 2.24356990657e-05, 2.54442329606e-05, 1.46752145156e-05, 1.38500263347e-05, 5.75525109525e-06, 3.64479387827e-06, 1.84619011634e-06, 1.63823642652e-06, 2.96609664474e-06, 5.00715623275e-06, 3.35639174409e-06, 2.11146380025e-06, 1.16736669042e-06]
    },
    "melbands128": {
        "max": [0.000584124354646, 0.00112428667489, 0.00280003203079, 0.00305520929396, 0.0038340035826, 0.00611410103738, 0.00992344878614, 0.00546066882089, 0.00351357297041, 0.00745263276622, 0.00983031559736, 0.0130133843049, 0.00649812817574, 0.00958937127143, 0.0106549691409, 0.0141314547509, 0.0161336548626, 0.0163709558547, 0.0123644387349, 0.0104130096734, 0.018910901621, 0.00649571279064, 0.00998552143574, 0.00848296377808, 0.0211577061564, 0.0175524074584, 0.0128917060792, 0.0203743632883, 0.0101037286222, 0.00341201550327, 0.00223787827417, 0.00515885325149, 0.012350205332, 0.023268898949, 0.010968898423, 0.00439264252782, 0.00190678355284, 0.00346904760227, 0.00115685001947, 0.00556207075715, 0.0109198214486, 0.00296490523033, 0.00164188386407, 0.00168653030414, 0.00429699523374, 0.00148961588275, 0.00193917029537, 0.00461080856621, 0.00332468538545, 0.00253435852937, 0.00175385980401, 0.00235886126757, 0.00274036382325, 0.0033513258677, 0.00257138093002, 0.00321189616807, 0.00225294614211, 0.00128424703144, 0.00049905711785, 0.000656812917441, 0.000701519777067, 0.000742742675357, 0.000504956929944, 0.00101228011772, 0.0025900346227, 0.00340589974076, 0.0009770472534, 0.00055346195586, 0.000685067905579, 0.000708474603016, 0.00046930895769, 0.000626439054031, 0.00101200409699, 0.000690521963406, 0.000290760071948, 0.000377267308068, 0.000229831945035, 0.000776170869358, 0.000330958835548, 0.000409626780311, 0.000161564646987, 8.48586278153e-05, 0.000119078591524, 0.000133980618557, 5.7536381064e-05, 4.46570229542e-05, 4.09002059314e-05, 3.36977718689e-05, 4.10927277699e-05, 2.98990653391e-05, 4.23256497015e-05, 5.45073598914e-05, 0.000216051586904, 0.000145922735101, 0.000111523353553, 6.47818742436e-05, 9.79143078439e-05, 5.23554699612e-05, 5.17718945048e-05, 6.18496633251e-05, 1.8264308892e-05, 5.68449650018e-05, 1.78627506102e-05, 1.18375364764e-05, 2.20882247959e-06, 1.30235366669e-06, 1.25652138649e-06, 1.14385193228e-06, 1.26112422549e-06, 1.20439892726e-06, 2.5811600608e-06, 2.19937965085e-06, 1.38479742873e-06, 3.23906505173e-07, 7.43785122381e-08, 7.44214156967e-09, 2.15158846295e-09, 5.57215870667e-11, 5.41823703959e-11, 5.27701909947e-11, 5.14824467779e-11, 5.03959408926e-11, 4.94119710426e-11, 4.85575885056e-11, 4.78344655552e-11, 4.72477404423e-11, 4.68042132828e-11, 4.6542332488e-11],
        "mean": [1.7665382984e-05, 1.78095124284e-05, 2.27129348787e-05, 2.75678685284e-05, 3.79806224373e-05, 5.10843929078e-05, 4.55205808976e-05, 3.15649267577e-05, 4.30775944551e-05, 7.6104690379e-05, 0.000117932533612, 0.000135416950798, 8.82278836798e-05, 8.05171075626e-05, 0.00010894517618, 0.000169245176949, 0.000198431720491, 0.000151060754433, 0.000103816542833, 0.000105165076093, 0.000144773846841, 8.15368548501e-05, 7.4177638453e-05, 8.55928956298e-05, 0.000119082389574, 0.000127166757011, 0.00010017787281, 9.126932855e-05, 3.89176930184e-05, 1.7560674678e-05, 1.92158440768e-05, 2.22956496145e-05, 4.33908644482e-05, 9.31594113354e-05, 3.8804824726e-05, 1.51942895172e-05, 1.68171263795e-05, 1.55639463628e-05, 1.26788345369e-05, 2.40460194618e-05, 3.00548472296e-05, 1.88953526958e-05, 1.8887940314e-05, 1.8942184397e-05, 2.00917129405e-05, 1.78158061317e-05, 1.8558188458e-05, 2.3522245101e-05, 2.25422736548e-05, 1.85828466783e-05, 1.6145331756e-05, 1.89326201507e-05, 2.12584945984e-05, 2.20441688725e-05, 2.33749251493e-05, 2.26908268814e-05, 1.81927971425e-05, 1.1935358998e-05, 7.89705700299e-06, 7.9143082985e-06, 7.28269378669e-06, 7.04776402927e-06, 6.87863757776e-06, 7.69437428971e-06, 8.81406049302e-06, 8.54569952935e-06, 4.56192583442e-06, 2.95939935313e-06, 2.36882169702e-06, 2.11623319046e-06, 1.98525981432e-06, 2.62614435087e-06, 3.54276789949e-06, 2.78120296571e-06, 2.11112069337e-06, 2.12518034459e-06, 1.83697113698e-06, 1.88870319562e-06, 1.4412883047e-06, 9.67024789134e-07, 6.50104709621e-07, 5.65795460261e-07, 5.70670863453e-07, 5.07766287683e-07, 3.20254827102e-07, 2.88914293378e-07, 3.11506568096e-07, 2.86926535864e-07, 3.27201234995e-07, 2.99649911994e-07, 2.89026786504e-07, 3.77023781084e-07, 5.91239825098e-07, 5.58071747037e-07, 5.19457159953e-07, 4.70984900858e-07, 4.23094917323e-07, 3.13748756753e-07, 2.81883785647e-07, 2.26527760105e-07, 7.61620668754e-08, 1.25868751866e-07, 8.51922976608e-08, 6.55742482536e-08, 3.70732919919e-08, 2.54113583509e-08, 2.0224437236e-08, 1.78069932133e-08, 1.37353763918e-08, 1.15201919115e-08, 9.64819424354e-09, 6.53203890977e-09, 3.16266679512e-09, 8.11098577191e-10, 1.99050581573e-10, 4.31147825775e-11, 8.86389919796e-12, 8.90305786993e-13, 8.68509799669e-13, 8.29787356448e-13, 8.06817557642e-13, 7.88551786802e-13, 7.7572480774e-13, 7.58689389525e-13, 7.29298023881e-13, 6.91354417291e-13, 6.68759589807e-13, 6.62730558366e-13],
        "min": [2.10825449666e-26, 1.15665694848e-25, 1.17085077484e-25, 1.45762242148e-25, 2.08734666281e-25, 1.8931776722e-25, 1.04755008972e-25, 2.29445223272e-25, 3.54265106583e-25, 1.10021197856e-25, 3.27287197612e-25, 1.18856526276e-25, 2.46381179438e-25, 6.12472198459e-25, 3.42025535208e-25, 3.12999595416e-25, 2.24166289354e-25, 3.42583703602e-25, 3.22523907555e-25, 3.66948658736e-25, 3.51683238796e-25, 3.25990063765e-25, 4.50111065618e-25, 3.70521138605e-25, 2.95110374801e-25, 6.07533189635e-25, 6.4795664109e-25, 8.22838574219e-25, 8.05735034414e-25, 5.68772952792e-25, 5.15295135254e-25, 3.73936906325e-25, 5.11963775652e-25, 7.08675905915e-25, 7.93332119528e-25, 7.04754872785e-25, 8.31354475603e-25, 4.82936849783e-25, 8.29759793283e-25, 6.11661348056e-25, 5.88278130319e-25, 9.59986923669e-25, 1.12286480971e-24, 7.07702402254e-25, 1.2432004132e-24, 8.18244346915e-25, 3.91030067679e-25, 9.40312141047e-25, 1.61438668481e-24, 8.31477636511e-25, 1.08256466707e-24, 9.50415970129e-25, 1.00292629907e-24, 1.40673453291e-24, 1.38506117118e-24, 1.14091729988e-24, 1.12765457591e-24, 1.14321041992e-24, 1.75851689701e-24, 1.48725711538e-24, 1.74396044115e-24, 1.76761226603e-24, 1.4821321819e-24, 2.02531438832e-24, 1.39937446066e-24, 1.72547624685e-24, 1.03332189861e-24, 1.82217738041e-24, 2.04139630395e-24, 1.78889888869e-24, 1.50345469774e-24, 1.89569290589e-24, 1.96907787489e-24, 1.81002478095e-24, 1.95099836623e-24, 2.03034002393e-24, 1.78225786316e-24, 2.6632782325e-24, 2.85087349728e-24, 1.99223370347e-24, 1.58242628106e-24, 2.83506610524e-24, 2.22046398234e-24, 2.67488494021e-24, 2.57081407086e-24, 2.7626985696e-24, 2.24915840334e-24, 3.1020312295e-24, 2.35066310817e-24, 3.54725189985e-24, 2.66030777676e-24, 2.18748782157e-24, 3.67248475184e-24, 3.5398050529e-24, 3.38754148756e-24, 2.8711117238e-24, 2.57017765732e-24, 3.22994620857e-24, 4.14197453072e-24, 3.32188341112e-24, 3.05405665355e-24, 3.31152882288e-24, 3.63517202545e-24, 4.23172875794e-24, 4.38918500019e-24, 3.45630925368e-24, 3.48008907124e-24, 3.74954462937e-24, 4.11428787953e-24, 3.50711544585e-24, 3.22185545391e-24, 4.16441052373e-24, 3.92496244557e-24, 3.84434243878e-24, 5.13831413706e-24, 4.53828562773e-24, 3.73999862355e-24, 4.34802618246e-24, 4.60791640768e-24, 4.97409696242e-24, 5.51962859383e-24, 4.49222601163e-24, 4.39654231142e-24, 4.84809339332e-24, 5.31459654481e-24, 4.78026752712e-24, 4.54423876655e-24, 4.90927073981e-24],
        "stdev": [4.37539165432e-05, 6.88839500071e-05, 0.000135801339638, 0.000151857107994, 0.000212895291043, 0.000311301177135, 0.000340531929396, 0.000213828650885, 0.000263861438725, 0.000402241654228, 0.000652660848573, 0.000860292464495, 0.000429656240158, 0.000428508210462, 0.000553060788661, 0.000965750019532, 0.0011886623688, 0.00101446732879, 0.000704345351551, 0.000656921416521, 0.00112739077304, 0.000495755986776, 0.000553224293981, 0.000537454150617, 0.000914636009838, 0.000907967216335, 0.000756172288675, 0.000823720532935, 0.00038181184209, 0.000156774316565, 0.000137587514473, 0.000216194384848, 0.00046739843674, 0.00109407713171, 0.000407818210078, 0.000149210827658, 0.000109113068902, 0.000127497813082, 5.96542995481e-05, 0.000224109156989, 0.000339952326613, 0.000127755309222, 0.000100593329989, 9.74797367235e-05, 0.000151720814756, 8.18474945845e-05, 9.3602531706e-05, 0.000190129925613, 0.000158330673003, 0.000109308246465, 8.47657793202e-05, 0.000128459534608, 0.000151450120029, 0.000168035898241, 0.000139901821967, 0.000145044381497, 9.64458668022e-05, 5.69348703721e-05, 2.95399186143e-05, 3.67374814232e-05, 3.47385430359e-05, 3.48038265656e-05, 3.0115375921e-05, 4.40493095084e-05, 8.23675218271e-05, 0.000109402557428, 4.16336370108e-05, 2.73597070191e-05, 2.4345021302e-05, 2.15984127863e-05, 1.7373035007e-05, 2.58984600805e-05, 3.99188684241e-05, 2.56979492406e-05, 1.52356415128e-05, 1.64183020388e-05, 1.34900228659e-05, 2.38666325458e-05, 1.31422630147e-05, 1.23746604004e-05, 5.65394384466e-06, 4.04760930905e-06, 4.68514872409e-06, 4.5852762014e-06, 2.07542734643e-06, 1.94148833543e-06, 2.04844945983e-06, 1.52105928919e-06, 2.0207585294e-06, 1.6581818727e-06, 1.71030364982e-06, 2.86914269054e-06, 6.95368680681e-06, 5.51805487703e-06, 4.61765284854e-06, 3.58314014193e-06, 3.89052956962e-06, 2.69766746896e-06, 2.50452103501e-06, 2.21573282033e-06, 6.77690366047e-07, 1.68937447143e-06, 6.26600183296e-07, 3.96086988985e-07, 1.31085258204e-07, 9.06808139689e-08, 8.10927787143e-08, 7.13266459229e-08, 5.85907535822e-08, 5.40156825934e-08, 8.0598205443e-08, 7.19534156701e-08, 4.53238442333e-08, 1.12550315734e-08, 3.05043834636e-09, 3.47237211207e-10, 7.69949659585e-11, 3.43625410244e-12, 3.33884547614e-12, 3.24833996507e-12, 3.16917152243e-12, 3.09764345251e-12, 3.03629907675e-12, 2.98213038465e-12, 2.93379491707e-12, 2.89467039748e-12, 2.86535053497e-12, 2.8491766238e-12]
    },
    "mfcc": {
        "mean": [-997.455078125, 58.9599113464, -13.4129829407, 9.18624210358, 8.44850540161, -0.868563652039, -2.32600617409, 1.95056521893, 0.571196556091, 3.68563938141, -2.05369353294, 3.72396445274, -1.16994416714],
        "cov": [[63722.9257812, 10833.7841797, -5061.5390625, 1133.44555664, 1201.32470703, -707.896789551, -856.239013672, 163.83694458, -75.5599441528, 502.96081543, -401.05645752, 600.973449707, -422.147766113], [10833.7841797, 3495.67602539, -672.269897461, 451.681488037, 340.586120605, -376.331604004, -194.630767822, -6.91861391068, -125.272972107, 135.149307251, -86.105796814, 82.932800293, -133.955184937], [-5061.5390625, -672.269897461, 1108.10339355, 115.397972107, 13.7053499222, 127.156074524, 16.7598133087, 33.0129394531, -41.2351608276, -46.9652862549, 31.6569824219, -33.5385169983, 86.0027999878], [1133.44555664, 451.681488037, 115.397972107, 478.979644775, 61.8858947754, 5.48350191116, -95.7297134399, -40.6872558594, -54.3671875, -15.6054344177, 12.1522846222, 6.54287290573, 24.8006076813], [1201.32470703, 340.586120605, 13.7053499222, 61.8858947754, 229.31149292, -62.388923645, -62.9798774719, -2.84948468208, 19.5335769653, 19.2492446899, -41.2017784119, 23.7398090363, -1.23359024525], [-707.896789551, -376.331604004, 127.156074524, 5.48350191116, -62.388923645, 358.666748047, 95.1150512695, 48.9508056641, 52.7283782959, 8.88935756683, 52.0949172974, -7.3668346405, 58.6769790649], [-856.239013672, -194.630767822, 16.7598133087, -95.7297134399, -62.9798774719, 95.1150512695, 174.984909058, 37.7726554871, 40.3358612061, 19.9150981903, 3.34466910362, 18.4190654755, 1.64623689651], [163.83694458, -6.91861391068, 33.0129394531, -40.6872558594, -2.84948468208, 48.9508056641, 37.7726554871, 95.9481430054, 24.1722278595, 19.4710330963, 16.9493598938, 18.231584549, 15.9147148132], [-75.5599441528, -125.272972107, -41.2351608276, -54.3671875, 19.5335769653, 52.7283782959, 40.3358612061, 24.1722278595, 113.847389221, 17.5801124573, -16.9965782166, 24.4892406464, -0.828657746315], [502.96081543, 135.149307251, -46.9652862549, -15.6054344177, 19.2492446899, 8.88935756683, 19.9150981903, 19.4710330963, 17.5801124573, 67.407409668, 3.08474612236, 12.6202430725, -4.92146348953], [-401.05645752, -86.105796814, 31.6569824219, 12.1522846222, -41.2017784119, 52.0949172974, 3.34466910362, 16.9493598938, -16.9965782166, 3.08474612236, 92.6998748779, -10.6452541351, 26.042596817], [600.973449707, 82.932800293, -33.5385169983, 6.54287290573, 23.7398090363, -7.3668346405, 18.4190654755, 18.231584549, 24.4892406464, 12.6202430725, -10.6452541351, 66.0776977539, 6.1383972168], [-422.147766113, -133.955184937, 86.0027999878, 24.8006076813, -1.23359024525, 58.6769790649, 1.64623689651, 15.9147148132, -0.828657746315, -4.92146348953, 26.042596817, 6.1383972168, 65.0588684082]],
        "icov": [[6.7007036705e-05, -0.000141658398206, 0.000236355976085, -2.033932833e-05, -8.00205234555e-05, -0.00021359170205, 0.000274642632576, -0.000219644236495, 0.00012503869948, 5.09096935275e-06, 0.000165529447258, -0.000345464562997, 4.46403028036e-05], [-0.000141658398206, 0.000949514331296, -0.000131780456286, -0.000595641206019, -0.000516073254403, 0.000677259638906, -0.000551478879061, -0.000190921331523, 0.000674024340697, -0.000975256960373, -0.000204341602512, 0.000379914330551, 0.000857928476762], [0.000236355976085, -0.000131780456286, 0.00217341887765, -0.000666611944325, -0.000994588946924, -0.000794705119915, 0.000572814838961, -0.00163361534942, 0.00138551078271, 0.00023172001238, 0.000847746501677, -0.000628310837783, -0.000518544402439], [-2.033932833e-05, -0.000595641206019, -0.000666611944325, 0.00339255714789, 0.00016561463417, -0.00086192652816, 0.00125753250904, 0.00181975308806, 0.000244425842538, 0.000895774108358, -0.000462051626528, -0.000982143566944, -0.00111838767771], [-8.00205234555e-05, -0.000516073254403, -0.000994588946924, 0.00016561463417, 0.00709869153798, 0.0006701106322, 0.00209658406675, 0.000554235244635, -0.00265056965873, -0.00135184219107, 0.00212310510688, -0.000597961770836, -0.00191805278882], [-0.00021359170205, 0.000677259638906, -0.000794705119915, -0.00086192652816, 0.0006701106322, 0.00554491207004, -0.00301457382739, -0.000323363783536, -0.00251929764636, -0.000527735450305, -0.00177627545781, 0.00311787310056, -0.00310041569173], [0.000274642632576, -0.000551478879061, 0.000572814838961, 0.00125753250904, 0.00209658406675, -0.00301457382739, 0.0106439646333, -0.00206519616768, -0.000339742720826, -0.00202016765252, 0.00188634777442, -0.0044883210212, 0.00191571109463], [-0.000219644236495, -0.000190921331523, -0.00163361534942, 0.00181975308806, 0.000554235244635, -0.000323363783536, -0.00206519616768, 0.0153339132667, -0.00237587443553, -0.00174669886474, -0.00295915128663, -0.00168642564677, -0.00256781629287], [0.00012503869948, 0.000674024340697, 0.00138551078271, 0.000244425842538, -0.00265056965873, -0.00251929764636, -0.000339742720826, -0.00237587443553, 0.0142231155187, -0.00221007014625, 0.00284065003507, -0.00449580233544, 0.00238719629124], [5.09096935275e-06, -0.000975256960373, 0.00023172001238, 0.000895774108358, -0.00135184219107, -0.000527735450305, -0.00202016765252, -0.00174669886474, -0.00221007014625, 0.0195448566228, -0.00233907112852, -0.000682428420987, 0.000756986672059], [0.000165529447258, -0.000204341602512, 0.000847746501677, -0.000462051626528, 0.00212310510688, -0.00177627545781, 0.00188634777442, -0.00295915128663, 0.00284065003507, -0.00233907112852, 0.0154215563089, 0.000840852560941, -0.00436599226668], [-0.000345464562997, 0.000379914330551, -0.000628310837783, -0.000982143566944, -0.000597961770836, 0.00311787310056, -0.0044883210212, -0.00168642564677, -0.00449580233544, -0.000682428420987, 0.000840852560941, 0.0222616028041, -0.00509755453095], [4.46403028036e-05, 0.000857928476762, -0.000518544402439, -0.00111838767771, -0.00191805278882, -0.00310041569173, 0.00191571109463, -0.00256781629287, 0.00238719629124, 0.000756986672059, -0.00436599226668, -0.00509755453095, 0.0241945069283]]
    },
    "spectral_contrast_coeffs": {
        "max": [-0.439938038588, -0.432151198387, -0.388079255819, -0.499849736691, -0.549725353718, -0.512592673302],
        "mean": [-0.858691692352, -0.866313695908, -0.87366271019, -0.876503407955, -0.867138981819, -0.863246560097],
        "min": [-0.986033558846, -0.997855484486, -0.981446146965, -0.975146889687, -0.967845499516, -0.966025292873],
        "stdev": [0.118379123509, 0.118453301489, 0.104168340564, 0.0920369550586, 0.0979226008058, 0.0910063758492]
    },
    "spectral_contrast_valleys": {
        "max": [-5.53583288193, -4.65285348892, -5.22891044617, -5.70815229416, -5.32670545578, -8.69624710083],
        "mean": [-16.2271137238, -16.0196914673, -16.3271522522, -16.1948509216, -16.2926998138, -17.9627742767],
        "min": [-28.1269187927, -28.0184345245, -28.1115074158, -27.7941226959, -27.6461582184, -27.4965591431],
        "stdev": [9.0660238266, 9.2434091568, 9.06624984741, 9.15815544128, 9.07407569885, 7.6996307373]
    }
},
"rhythm": {
    "beats_count": 53,
    "beats_loudness": {
        "max": 0.0897800326347,
        "mean": 0.00885875709355,
        "min": 0,
        "stdev": 0.019112020731
    },
    "bpm": 127.398544312,
    "bpm_histogram_first_peak_bpm": 126,
    "bpm_histogram_first_peak_weight": 0.428571462631,
    "bpm_histogram_second_peak_bpm": 91,
    "bpm_histogram_second_peak_spread": 0.285714328289,
    "bpm_histogram_second_peak_weight": 0.0961538478732,
    "danceability": 1.14217376709,
    "onset_rate": 2.37821674347,
    "beats_loudness_band_ratio": {
        "max": [0.881733834743, 0.729363203049, 0.592159509659, 0.70583742857, 0.650298535824, 0.814530611038],
        "mean": [0.1490958184, 0.08513250947, 0.103715501726, 0.0787136629224, 0.121221117675, 0.0490357577801],
        "min": [0, 0, 0, 0, 0, 0],
        "stdev": [0.271401941776, 0.186157613993, 0.164839580655, 0.149166762829, 0.191937044263, 0.118932619691]
    },
    "beats_position": [0.429569154978, 0.870748281479, 1.31192743778, 1.75310659409, 2.19428563118, 2.62385487556, 3.08825397491, 3.55265307426, 4.01705217361, 4.49306106567, 4.96907043457, 5.44507932663, 5.94430828094, 6.420317173, 6.8963265419, 7.4303855896, 7.95283412933, 8.47528362274, 9.04417228699, 9.6014509201, 10.1587295532, 10.7276191711, 11.3081178665, 11.9582767487, 12.5968255997, 13.235373497, 13.8971424103, 14.5589113235, 15.2206802368, 15.8824491501, 16.4977779388, 17.0898857117, 17.693605423, 18.3205432892, 18.9242630005, 19.5279808044, 20.154920578, 20.7818584442, 21.3507480621, 21.942855835, 22.523355484, 23.0690250397, 23.614692688, 24.1719722748, 24.7292518616, 25.2516994476, 25.7044887543, 26.168888092, 26.6448974609, 27.1209068298, 27.5969161987, 28.0613155365, 28.5257129669],
