{
"metadata": {
    "version": {
        "essentia": "2.1-beta5",
        "essentia_git_sha": "Undefined",
        "extractor": "music 2.0"
    },
    "audio_properties": {
        "analysis": {
            "equal_loudness": 0,
            "length": 12.7477550507,
            "sample_rate": 44100,
            "start_time": 0,
            "downmix": "mix"
        },
        "bit_rate": 192000,
        "length": 178.584671021,
        "lossless": 0,
        "number_channels": 2,
        "replay_gain": -2.70501899719,
        "sample_rate": 44100,
        "codec": "mp3",
        "md5_encoded": "18b9f1fb44b37632d05e18140375f44a"
    },
    "tags": {
        "file_name": "Israel_Kan_Duo Datz.mp3",
        "encoding": ["Lavf58.29.100"]
    }
},
"lowlevel": {
    "average_loudness": 0.854815781116,
    "barkbands_crest": {
        "max": 26.4903411865,
        "mean": 13.1683368683,
        "min": 2.75771713257,
        "stdev": 5.7856426239
    },
    "barkbands_flatness_db": {
        "max": 0.392399251461,
        "mean": 0.198565930128,
        "min": 0.0287156347185,
        "stdev": 0.101296678185
    },
    "barkbands_kurtosis": {
        "max": 89.1636962891,
        "mean": 3.55359244347,
        "min": -1.712906003,
        "stdev": 9.00037765503
    },
    "barkbands_skewness": {
        "max": 7.10809326172,
        "mean": 0.842656672001,
        "min": -6.52467441559,
        "stdev": 1.39810478687
    },
    "barkbands_spread": {
        "max": 47.8119888306,
        "mean": 15.0583324432,
        "min": 0.64046472311,
        "stdev": 11.8406963348
    },
    "dissonance": {
        "max": 0.499990493059,
        "mean": 0.445737481117,
        "min": 0.270231187344,
        "stdev": 0.0459555536509
    },
    "dynamic_complexity": 8.89733886719,
    "erbbands_crest": {
        "max": 30.7522392273,
        "mean": 13.5701189041,
        "min": 2.42261385918,
        "stdev": 7.85495758057
    },
    "erbbands_flatness_db": {
        "max": 0.458615124226,
        "mean": 0.254044026136,
        "min": 0.0693404898047,
        "stdev": 0.12103009969
    },
    "erbbands_kurtosis": {
        "max": 48.9082984924,
        "mean": 1.25054681301,
        "min": -1.74729037285,
        "stdev": 4.75433111191
    },
    "erbbands_skewness": {
        "max": 3.42783546448,
        "mean": 0.210878998041,
        "min": -4.28985738754,
        "stdev": 1.02706539631
    },
    "erbbands_spread": {
        "max": 62.9634246826,
        "mean": 22.6368350983,
        "min": 0.868993163109,
        "stdev": 17.7844181061
    },
    "hfc": {
        "max": 96.4492111206,
        "mean": 18.2659358978,
        "min": 1.19882558258e-16,
        "stdev": 19.260925293
    },
    "loudness_ebu128": {
        "integrated": -21.1480121613,
        "loudness_range": 10.266916275,
        "momentary": {
            "max": -18.5727291107,
            "mean": -28.1171627045,
            "min": -47.0235824585,
            "stdev": 10.7920246124
        },
        "short_term": {
            "max": -19.3702354431,
            "mean": -24.770526886,
            "min": -45.4926681519,
            "stdev": 7.11215305328
        }
    },
    "melbands_crest": {
        "max": 34.8074760437,
        "mean": 16.9708385468,
        "min": 3.53067207336,
        "stdev": 6.22623157501
    },
    "melbands_flatness_db": {
        "max": 0.432545930147,
        "mean": 0.253888010979,
        "min": 0.0102373957634,
        "stdev": 0.0848827138543
    },
    "melbands_kurtosis": {
        "max": 107.036491394,
        "mean": 7.16325569153,
        "min": -1.80850350857,
        "stdev": 11.0891160965
    },
    "melbands_skewness": {
        "max": 9.12484645844,
        "mean": 1.40505182743,
        "min": -5.01057529449,
        "stdev": 1.71266591549
    },
    "melbands_spread": {
        "max": 142.918121338,
        "mean": 18.2982349396,
        "min": 1.79230678082,
        "stdev": 11.992855072
    },
    "pitch_salience": {
        "max": 0.874564886093,
        "mean": 0.503778040409,
        "min": 0.0795302316546,
        "stdev": 0.147816285491
    },
    "silence_rate_20dB": {
        "max": 1,
        "mean": 1,
        "min": 1,
        "stdev": 0
    },
    "silence_rate_30dB": {
        "max": 1,
        "mean": 1,
        "min": 1,
        "stdev": 0
    },
    "silence_rate_60dB": {
        "max": 1,
        "mean": 0.318181812763,
        "min": 0,
        "stdev": 0.465771883726
    },
    "spectral_centroid": {
        "max": 10945.8339844,
        "mean": 1336.06005859,
        "min": 356.990966797,
        "stdev": 618.518005371
    },
    "spectral_complexity": {
        "max": 39,
        "mean": 7.61272716522,
        "min": 0,
        "stdev": 6.72505474091
    },
    "spectral_decrease": {
        "max": 7.00223891576e-29,
        "mean": -4.06892386451e-09,
        "min": -2.69861040181e-08,
        "stdev": 4.13455980564e-09
    },
    "spectral_energy": {
        "max": 0.106053881347,
        "mean": 0.0170138329268,
        "min": 1.06094258067e-20,
        "stdev": 0.0170219056308
    },
    "spectral_energyband_high": {
        "max": 0.000683248159476,
        "mean": 3.62904829672e-05,
        "min": 7.49948277411e-21,
        "stdev": 7.74468353484e-05
    },
    "spectral_energyband_low": {
        "max": 0.00769392494112,
        "mean": 0.000360054604243,
        "min": 5.26349326762e-23,
        "stdev": 0.000976178329438
    },
    "spectral_energyband_middle_high": {
        "max": 0.0556656718254,
        "mean": 0.0100349308923,
        "min": 1.48136274117e-21,
        "stdev": 0.0127882910892
    },
    "spectral_energyband_middle_low": {
        "max": 0.0995229631662,
        "mean": 0.00679477676749,
        "min": 4.11051537313e-22,
        "stdev": 0.0124406535178
    },
    "spectral_entropy": {
        "max": 9.78711795807,
        "mean": 6.90414333344,
        "min": 5.03615427017,
        "stdev": 0.897628366947
    },
    "spectral_flux": {
        "max": 0.233487889171,
        "mean": 0.0499052628875,
        "min": 1.0300206521e-10,
        "stdev": 0.042745180428
    },
    "spectral_kurtosis": {
        "max": 64.1589202881,
        "mean": 14.5012636185,
        "min": -1.22281002998,
        "stdev": 10.7961072922
    },
    "spectral_rms": {
        "max": 0.0101718828082,
        "mean": 0.00333320559002,
        "min": 3.2172441794e-12,
        "stdev": 0.00234277942218
    },
    "spectral_rolloff": {
        "max": 19078.4179688,
        "mean": 1532.33947754,
        "min": 258.3984375,
        "stdev": 970.161804199
    },
    "spectral_skewness": {
        "max": 5.83425569534,
        "mean": 2.50915694237,
        "min": 0.0296309422702,
        "stdev": 0.930775642395
    },
    "spectral_spread": {
        "max": 41689516,
        "mean": 3275094.5,
        "min": 1141088.625,
        "stdev": 2360434.25
    },
    "spectral_strongpeak": {
        "max": 16.2546844482,
        "mean": 2.83068370819,
        "min": 9.29579260789e-11,
        "stdev": 3.07268977165
    },
    "zerocrossingrate": {
        "max": 0.50634765625,
        "mean": 0.0602041892707,
        "min": 0.0146484375,
        "stdev": 0.0288421437144
    },
    "barkbands": {
        "max": [2.22230592044e-05, 0.00272488663904, 0.00694408779964, 0.00241860048845, 0.0207407288253, 0.0879720821977, 0.00244919699617, 0.0216285381466, 0.0279901847243, 0.0497076436877, 0.0399929843843, 0.0331670865417, 0.00643589440733, 0.0081273028627, 0.0198546499014, 0.0386607125401, 0.0240897331387, 0.00224515609443, 0.0014411858283, 0.000560893677175, 0.000429347768659, 0.000168658676557, 9.84202051768e-06, 2.35966999753e-05, 9.37515869737e-06, 4.40863368567e-06, 4.39785344497e-06],
        "mean": [2.50680250247e-06, 8.09802586446e-05, 0.000243646150921, 0.000107721803943, 0.000631797884125, 0.0024149005767, 0.00010823863704, 0.000895240635145, 0.00216551683843, 0.0014844002435, 0.00279359403066, 0.00155699288007, 0.000202488532523, 0.00051726977108, 0.000700105971191, 0.00241412036121, 0.000552498211619, 6.48809727863e-05, 2.66645329248e-05, 2.94402780128e-05, 1.42906483234e-05, 3.59144360118e-06, 6.1040844912e-07, 9.62678427641e-07, 8.2975168425e-07, 4.92192214097e-07, 6.55231744418e-08],
        "min": [2.28321747292e-23, 7.98201176111e-24, 1.0233679531e-23, 4.45139883102e-23, 9.41696205394e-23, 1.56135162137e-22, 1.77200089646e-23, 1.87224224055e-23, 7.48631144756e-23, 7.97544181195e-23, 1.02068478472e-22, 6.30768004887e-23, 5.95577487885e-23, 1.34945083424e-22, 1.26900166316e-22, 9.16956012793e-23, 1.84345067922e-22, 2.91959036609e-22, 1.92800142213e-22, 2.32467034644e-22, 5.02930053348e-22, 5.43046495522e-22, 6.15938252906e-22, 7.88923307274e-22, 1.22307458516e-21, 1.3496499806e-21, 2.67891609832e-21],
        "stdev": [2.32004754253e-06, 0.000274094199995, 0.000777821114752, 0.00028934245347, 0.00191106041893, 0.00899501517415, 0.000276562990621, 0.00232047447935, 0.00500973081216, 0.00447473255917, 0.00709787383676, 0.0048784930259, 0.000538634776603, 0.00119668676052, 0.00208511156961, 0.00559537764639, 0.0025454107672, 0.000149947591126, 7.86595483078e-05, 6.96520510246e-05, 3.75365816581e-05, 1.2908928511e-05, 9.23829077237e-07, 1.89816228158e-06, 7.51910135932e-07, 1.78690584107e-07, 1.87090321901e-07]
    },
    "erbbands": {
        "max": [0.0139726912603, 0.842036724091, 5.34980583191, 6.96788167953, 27.2369327545, 109.548660278, 518.06237793, 649.216918945, 112.117843628, 91.9524154663, 608.555664062, 455.550506592, 866.958068848, 2058.24755859, 1555.06066895, 1196.31896973, 326.270446777, 447.010009766, 806.865905762, 1890.03942871, 1611.93371582, 1338.7755127, 131.900085449, 61.9283866882, 82.2176513672, 22.8146743774, 18.2690486908, 14.1135835648, 8.66422080994, 0.873282313347, 0.233451977372, 0.536769688129, 0.334048599005, 0.118126094341, 0.0580867081881, 0.0171240605414, 0.00842308346182, 0.0028612180613, 0.00062995729968, 0.000119400363474],
        "mean": [0.000711997796316, 0.0269028227776, 0.231660664082, 0.320979595184, 0.810202777386, 2.80413985252, 9.89064693451, 21.887834549, 4.02438259125, 6.8775267601, 19.8067951202, 27.3052310944, 68.1475372314, 65.549331665, 123.610778809, 56.8839035034, 13.8501653671, 29.2943553925, 30.1620311737, 112.310684204, 70.8726043701, 31.7375431061, 4.91668605804, 1.99533474445, 1.48355317116, 1.44433999062, 0.700617074966, 0.461976766586, 0.167048603296, 0.0402485318482, 0.0160054862499, 0.0192403197289, 0.0161474645138, 0.00995662249625, 0.00536168273538, 0.00213393755257, 0.00091808126308, 0.000212654864299, 1.51174936036e-05, 2.08805868169e-05],
        "min": [1.9982150914e-22, 2.11285778551e-21, 9.53780766863e-21, 1.00140850175e-19, 1.15659792442e-19, 4.2096493163e-19, 1.28153758474e-18, 8.69512407581e-19, 4.17254612993e-19, 1.87322946703e-19, 6.25017412351e-19, 2.10060572683e-18, 1.21267149002e-18, 5.78763219916e-18, 2.19791029101e-18, 2.40938832039e-18, 3.20985037877e-18, 5.2326639049e-18, 8.17503509285e-18, 4.84400027279e-18, 7.14224633134e-18, 1.01320219994e-17, 1.39994131364e-17, 1.16907785165e-17, 1.0615562007e-17, 9.36556471563e-18, 1.42051164111e-17, 2.17422769648e-17, 2.31042811286e-17, 1.50860918876e-17, 1.91982135078e-17, 1.38825788379e-17, 1.52525173181e-17, 1.43821678038e-17, 8.29255098811e-18, 5.11577708049e-18, 2.6208522877e-18, 1.25064331944e-18, 3.61676089141e-19, 3.96085451993e-20],
        "stdev": [0.00135785446037, 0.0858770832419, 0.675248682499, 0.835582733154, 2.12869381905, 10.4124126434, 45.7014274597, 73.7284240723, 11.3493318558, 13.7303638458, 55.8414382935, 56.2378005981, 153.4715271, 171.045883179, 272.472930908, 156.760177612, 29.0504817963, 64.7849273682, 88.5820236206, 262.289611816, 178.163619995, 128.149688721, 11.2114982605, 4.29037570953, 4.39140558243, 3.12611961365, 1.61865854263, 1.43195307255, 0.653373003006, 0.101482443511, 0.0211130082607, 0.041659668088, 0.0281697604805, 0.0100774299353, 0.00453000096604, 0.000766521377955, 0.000349003123119, 0.000124621758005, 2.79947707895e-05, 2.05560027098e-05]
    },
    "gfcc": {
        "mean": [-132.897232056, 99.0942687988, -147.50567627, -5.98347330093, -37.6524887085, 2.40917539597, -39.8945999146, 6.67904806137, -28.1817951202, -0.0596279501915, -21.1173744202, 0.572064995766, -0.892243027687],
        "cov": [[8450.05371094, 2040.20532227, -2676.03564453, -1411.50866699, -48.9632225037, -962.418945312, -1.98284173012, -585.353027344, 190.428970337, -243.278030396, 54.3413887024, -255.834991455, 734.139953613], [2040.20532227, 993.423583984, -448.171661377, -493.072631836, -46.7750358582, -364.620330811, -70.7838439941, -180.060455322, 85.6946792603, -46.0981521606, 9.03068065643, -171.450775146, 153.854675293], [-2676.03564453, -448.171661377, 1484.82873535, 806.435241699, -130.948577881, 305.627441406, -133.766845703, 201.614044189, -138.932525635, 130.568145752, -37.2763175964, 18.6026554108, -425.748291016], [-1411.50866699, -493.072631836, 806.435241699, 828.927734375, -27.767993927, 182.078079224, -95.2754669189, 77.9938964844, -156.525238037, 78.6990585327, -6.30271434784, 90.7611923218, -251.034896851], [-48.9632225037, -46.7750358582, -130.948577881, -27.767993927, 346.332946777, 141.688659668, 51.2785720825, -17.0505199432, -7.87534141541, -118.571243286, -33.7885437012, 109.354385376, 124.063453674], [-962.418945312, -364.620330811, 305.627441406, 182.078079224, 141.688659668, 371.075317383, 130.892776489, 123.769821167, -38.6552085876, -17.1600284576, -75.1780548096, 34.0576057434, -74.0793914795], [-1.98284173012, -70.7838439941, -133.766845703, -95.2754669189, 51.2785720825, 130.892776489, 191.800857544, 56.0703468323, 16.6705188751, -31.9788532257, -47.1719474792, -45.8581886292, 40.8197593689], [-585.353027344, -180.060455322, 201.614044189, 77.9938964844, -17.0505199432, 123.769821167, 56.0703468323, 138.803894043, 19.9844474792, 22.7881278992, -40.3994178772, -26.6517791748, -81.6093215942], [190.428970337, 85.6946792603, -138.932525635, -156.525238037, -7.87534141541, -38.6552085876, 16.6705188751, 19.9844474792, 89.2279815674, 20.7032928467, -18.9282436371, -54.6669769287, 30.1631088257], [-243.278030396, -46.0981521606, 130.568145752, 78.6990585327, -118.571243286, -17.1600284576, -31.9788532257, 22.7881278992, 20.7032928467, 143.883132935, 19.850610733, -68.4498596191, -111.849937439], [54.3413887024, 9.03068065643, -37.2763175964, -6.30271434784, -33.7885437012, -75.1780548096, -47.1719474792, -40.3994178772, -18.9282436371, 19.850610733, 101.841461182, 67.1335525513, -10.5547075272], [-255.834991455, -171.450775146, 18.6026554108, 90.7611923218, 109.354385376, 34.0576057434, -45.8581886292, -26.6517791748, -54.6669769287, -68.4498596191, 67.1335525513, 202.679992676, 60.4132728577], [734.139953613, 153.854675293, -425.748291016, -251.034896851, 124.063453674, -74.0793914795, 40.8197593689, -81.6093215942, 30.1631088257, -111.849937439, -10.5547075272, 60.4132728577, 256.060760498]],
        "icov": [[0.00110100058373, -0.00251067453064, 0.00289697432891, -0.00157399650197, 0.0016571424203, -0.00177726731636, 0.00128131534439, -0.00066770974081, 0.000667405663989, 0.000543516594917, 0.000589138886426, -0.000583268643823, 0.000212125160033], [-0.00251067453064, 0.00946893077344, -0.00790464878082, 0.00526255136356, -0.00534967985004, 0.00666374573484, -0.0025319266133, 0.0043028187938, -0.00151568034198, 0.000903967069462, -0.00309277395718, 0.00625052303076, -0.00120886228979], [0.00289697432891, -0.00790464878082, 0.0108975982293, -0.00603619962931, 0.00576055189595, -0.00774037884548, 0.00634996686131, -0.0047069368884, 0.00270353793167, 0.00165518792346, 0.00197072885931, -0.00231771403924, 0.00213510077447], [-0.00157399650197, 0.00526255136356, -0.00603619962931, 0.00744161801413, -0.00400332221761, 0.00548783130944, -0.00251502962783, 0.00192586856429, 0.00449778931215, -0.0034032012336, 0.00311894784681, -0.000793367915321, 0.00145136297215], [0.0016571424203, -0.00534967985004, 0.00576055189595, -0.00400332221761, 0.0102892480791, -0.00844631996006, 0.0032943948172, 0.000686678104103, -0.00305861001834, 0.00377311138436, 0.00209670444019, -0.00457920599729, -0.00044337217696], [-0.00177726731636, 0.00666374573484, -0.00774037884548, 0.00548783130944, -0.00844631996006, 0.0180886071175, -0.0114179030061, 0.000888853275683, 0.00313333352096, -0.00469075795263, 0.00787075702101, -0.00379048031755, 0.00383144477382], [0.00128131534439, -0.0025319266133, 0.00634996686131, -0.00251502962783, 0.0032943948172, -0.0114179030061, 0.0187770314515, -0.00743176368997, 0.00411523785442, 0.0046729655005, -0.00728753628209, 0.0101616093889, -0.00546269025654], [-0.00066770974081, 0.0043028187938, -0.0047069368884, 0.00192586856429, 0.000686678104103, 0.000888853275683, -0.00743176368997, 0.023542676121, -0.0134245669469, 0.00364846340381, 0.00400458788499, -0.00220168940723, 0.00586297502741], [0.000667405663989, -0.00151568034198, 0.00270353793167, 0.00449778931215, -0.00305861001834, 0.00313333352096, 0.00411523785442, -0.0134245669469, 0.0325851514935, -0.0103277722374, 0.00525327818468, 0.00212588836439, -0.00327905314043], [0.000543516594917, 0.000903967069462, 0.00165518792346, -0.0034032012336, 0.00377311138436, -0.00469075795263, 0.0046729655005, 0.00364846340381, -0.0103277722374, 0.0213044211268, -0.0114930737764, 0.0107120238245, 0.00206842063926], [0.000589138886426, -0.00309277395718, 0.00197072885931, 0.00311894784681, 0.00209670444019, 0.00787075702101, -0.00728753628209, 0.00400458788499, 0.00525327818468, -0.0114930737764, 0.0364427417517, -0.0251376181841, 0.0119966985658], [-0.000583268643823, 0.00625052303076, -0.00231771403924, -0.000793367915321, -0.00457920599729, -0.00379048031755, 0.0101616093889, -0.00220168940723, 0.00212588836439, 0.0107120238245, -0.0251376181841, 0.0312319770455, -0.0118904775009], [0.000212125160033, -0.00120886228979, 0.00213510077447, 0.00145136297215, -0.00044337217696, 0.00383144477382, -0.00546269025654, 0.00586297502741, -0.00327905314043, 0.00206842063926, 0.0119966985658, -0.0118904775009, 0.0176486931741]]
    },
    "melbands": {
        "max": [0.000408120220527, 0.00190946832299, 0.00118855678011, 0.0040971734561, 0.0138402348384, 0.0152064962313, 0.00155506492592, 0.00160712981597, 0.00518466625363, 0.00290564750321, 0.00421786308289, 0.00884058140218, 0.00661375327036, 0.00509526254609, 0.00115596398246, 0.000466936238809, 0.000791435362771, 0.000967380532529, 0.00166323641315, 0.00380777358077, 0.00261620618403, 0.00198896182701, 0.000195452361368, 7.35501671443e-05, 4.65713856102e-05, 5.32192061655e-05, 4.5794648031e-05, 1.87825589819e-05, 1.39304684126e-05, 1.2888076526e-05, 8.40403390612e-06, 6.82394920659e-06, 8.80783659341e-07, 3.34165633831e-07, 8.03043107567e-08, 2.70982383199e-07, 3.50204345523e-07, 2.42590203925e-07, 1.85760086424e-07, 8.49248067425e-08],
        "mean": [1.34589417939e-05, 9.06795175979e-05, 7.12912442395e-05, 0.000116149727546, 0.000308228743961, 0.000469018006697, 5.36003026355e-05, 0.000111069479317, 0.000146814316395, 0.000241263405769, 0.000335209595505, 0.000227434793487, 0.000469702965347, 0.000228347125812, 3.60561316484e-05, 4.02295227104e-05, 5.04518975504e-05, 3.51224443875e-05, 8.64324174472e-05, 0.000182134797797, 7.09661762812e-05, 4.10760803788e-05, 5.10611380378e-06, 3.11109147333e-06, 1.40027805173e-06, 9.00409872884e-07, 1.13323164896e-06, 9.47806654494e-07, 4.3850889142e-07, 3.31279835564e-07, 2.39924986545e-07, 1.08713045677e-07, 3.64579371137e-08, 1.53296291217e-08, 8.00254795763e-09, 9.95577398299e-09, 1.24322774298e-08, 1.14011244889e-08, 1.04852588834e-08, 7.72822073003e-09],
        "min": [2.9447000217e-24, 5.55555686932e-24, 1.61984146075e-23, 1.77954493107e-23, 3.77531158754e-23, 2.21756184196e-23, 5.44582158424e-24, 2.52311894888e-24, 5.33069719589e-24, 1.3134465441e-23, 5.22878859428e-24, 2.27454426281e-23, 9.58363290154e-24, 6.32475896636e-24, 5.72592479244e-24, 6.79773906031e-24, 1.0776602005e-23, 1.37583605426e-23, 9.32357307122e-24, 4.57571392224e-24, 1.0200858973e-23, 1.00879437896e-23, 1.29793130671e-23, 1.32030277089e-23, 9.07526016864e-24, 7.57469842106e-24, 9.04532920817e-24, 5.04728589948e-24, 6.46983679771e-24, 1.54508284826e-23, 1.00598264204e-23, 1.33893787428e-23, 1.01950024697e-23, 7.82088139919e-24, 1.01336180472e-23, 1.1241672585e-23, 7.48031515805e-24, 1.10162958133e-23, 9.99125231962e-24, 1.35557147978e-23],
        "stdev": [4.04574384447e-05, 0.000256563012954, 0.000161532312632, 0.000383556296583, 0.00134021241684, 0.00162730645388, 0.000154595298227, 0.000237138388911, 0.000457630230812, 0.000530781107955, 0.000762143114116, 0.000718736846466, 0.00115469307639, 0.000722969823983, 0.000117214833153, 7.97413813416e-05, 0.00011742341303, 0.000111430192192, 0.000184314019862, 0.000509366916958, 0.000264887727099, 0.000188945807167, 1.70013299794e-05, 6.9538432399e-06, 3.33611183123e-06, 2.76628861684e-06, 3.32511103807e-06, 2.13722978515e-06, 1.09497466383e-06, 9.20217189559e-07, 8.04509909358e-07, 4.76434877328e-07, 1.02376482403e-07, 3.34582139772e-08, 7.74574004936e-09, 2.04549550631e-08, 2.74777125497e-08, 2.12949640144e-08, 1.47079841639e-08, 7.23886817156e-09]
    },
    "melbands128": {
        "max": [1.18780735647e-05, 1.69012273545e-05, 0.000198349211132, 0.00184706971049, 0.00258227926679, 0.00379401049577, 0.00163283292204, 0.00165351084433, 0.00379597698338, 0.00376743427478, 0.00839204713702, 0.00802302453667, 0.0222311839461, 0.0401526838541, 0.0193515010178, 0.0121231591329, 0.00265180459246, 0.000434874382336, 0.000449882936664, 0.00102753273677, 0.00293153501116, 0.00417823111638, 0.0100785931572, 0.00816332735121, 0.00361568736844, 0.00326459459029, 0.0124824419618, 0.00770321162418, 0.00219184719026, 0.0142710600048, 0.0106823891401, 0.00406925240532, 0.0139562459663, 0.00342105189338, 0.00784347765148, 0.0098165338859, 0.00358611973934, 0.00128251104616, 0.00165798817761, 0.000924026069697, 0.000228843171499, 0.00191898120102, 0.00146000576206, 0.00156289560255, 0.000391846173443, 0.000627485627774, 0.00378755899146, 0.00353319966234, 0.000306588452077, 0.00482219783589, 0.00677515100688, 0.00138636492193, 0.00157768768258, 0.00666743703187, 0.00268516782671, 0.00351854856126, 0.00104121782351, 0.000270774005912, 0.000245342438575, 0.000122517827549, 9.83502686722e-05, 3.19072714774e-05, 7.84497533459e-05, 3.71740934497e-05, 3.66676795238e-05, 2.96614689432e-05, 9.24823107198e-05, 7.56547451601e-05, 5.30416546098e-05, 1.73054650077e-05, 3.42863604601e-05, 2.23432125495e-05, 1.44918612932e-05, 2.05975520657e-05, 9.15528835321e-06, 1.44126415762e-05, 1.56824189617e-05, 8.7778616944e-06, 1.23051813716e-05, 5.17888338436e-06, 1.08083550003e-05, 6.61444983052e-06, 1.88262060874e-06, 7.54539087211e-07, 9.25260508211e-07, 3.9598697299e-07, 4.43123440164e-07, 9.56064525326e-08, 8.00040069748e-08, 1.17072133321e-07, 2.44364201762e-07, 3.62860475889e-07, 4.06249256457e-07, 3.44166608102e-07, 3.86418349763e-07, 3.16675539125e-07, 2.63410299794e-07, 2.85639572439e-07, 2.2919138587e-07, 1.86547765679e-07, 4.56024373818e-08, 7.79400082251e-08, 1.65057670642e-07, 8.21313648203e-08, 9.47076301827e-08, 4.89626046374e-08, 3.21139594917e-08, 3.00680085275e-08, 2.99972207074e-08, 2.56798173837e-08, 2.88650898739e-08, 2.59560160032e-08, 2.83464238748e-08, 2.61135415514e-08, 2.58658907626e-08, 2.42922286731e-08, 2.13854338682e-08, 1.9642440563e-08, 1.97178149364e-08, 1.93790512526e-08, 1.89640658732e-08, 1.8588163897e-08, 1.83357062866e-08, 1.79992820648e-08, 1.78050250099e-08, 1.759116941e-08, 1.74014260779e-08, 1.73034013784e-08],
        "mean": [1.70511600572e-06, 2.8164251944e-06, 8.07546894066e-06, 5.19994900969e-05, 0.00011021199316, 0.000119212054415, 5.52537239855e-05, 6.55020558042e-05, 7.99263434601e-05, 8.57546765474e-05, 0.000177963112947, 0.000151443353388, 0.000250799261266, 0.000637060613371, 0.000605221255682, 0.000359055760782, 5.55884435016e-05, 8.59014471644e-06, 2.12772283703e-05, 3.83816404792e-05, 0.00018343780539, 0.000269639334874, 0.000113983653137, 7.14627531124e-05, 5.1185463235e-05, 0.000241461064434, 0.000837753585074, 0.000234751831158, 5.17852677149e-05, 0.000275014579529, 0.000211317194044, 0.000257309147855, 0.000899793114513, 0.000147817350808, 0.000271463330137, 0.000300491141388, 8.17841646494e-05, 1.5427958715e-05, 1.48033386722e-05, 2.52356676356e-05, 1.76238736458e-05, 0.000109125627205, 6.0216683778e-05, 2.55769427895e-05, 9.00169652596e-06, 1.48253275256e-05, 9.80580371106e-05, 6.32855953882e-05, 2.20642687054e-05, 0.000295339530567, 0.000252017576713, 1.75850509549e-05, 5.22372756677e-05, 0.000124035985209, 5.00557544001e-05, 4.71351922897e-05, 9.98091672955e-06, 5.52949859411e-06, 3.72738418264e-06, 2.91470882985e-06, 3.62250284525e-06, 3.07571576741e-06, 1.25363578718e-06, 1.20736422105e-06, 8.95448579286e-07, 5.93252423187e-07, 1.178458092e-06, 1.28896806473e-06, 1.16869841804e-06, 7.48349748392e-07, 1.29538045712e-06, 8.42343411023e-07, 3.71600293647e-07, 4.56517767589e-07, 4.07504018085e-07, 2.39746810848e-07, 3.9943313368e-07, 2.71216606507e-07, 2.51608014423e-07, 1.65458686752e-07, 1.20707795759e-07, 8.37884002181e-08, 5.36326147937e-08, 3.41244259516e-08, 2.31028760567e-08, 1.65208628999e-08, 1.44798404378e-08, 8.16236589429e-09, 7.07552150203e-09, 8.17856360413e-09, 8.25175394681e-09, 1.090406343e-08, 1.23766037419e-08, 1.17212977102e-08, 1.38982132469e-08, 1.08872786342e-08, 1.14140359386e-08, 1.09477760191e-08, 1.05230757441e-08, 1.15438361092e-08, 6.73862166067e-09, 7.41992334241e-09, 7.7255712938e-09, 7.38155980784e-09, 6.10534467427e-09, 5.04614305896e-09, 4.77062789273e-09, 4.0067318352e-09, 3.23309956585e-09, 3.18450954495e-09, 3.17705928232e-09, 3.37343886159e-09, 3.11723891144e-09, 2.31043473242e-09, 2.17912776712e-09, 2.54751197915e-09, 2.14924944508e-09, 3.98937584356e-11, 3.90188922839e-11, 3.83570258888e-11, 3.75551430232e-11, 3.68088337588e-11, 3.63032590101e-11, 3.56240002775e-11, 3.5243061941e-11, 3.48564337116e-11, 3.44956216369e-11, 3.42887489235e-11],
        "min": [6.02334270865e-24, 1.5457912848e-24, 2.62082430238e-24, 3.75672129145e-24, 2.4545330152e-24, 6.48569881837e-24, 2.31411115924e-23, 1.87082023988e-23, 6.36470924918e-24, 1.7836525298e-23, 2.6130441617e-23, 2.04049191436e-23, 5.43334259358e-23, 4.36625991342e-23, 1.55040387284e-23, 1.53057380295e-23, 1.14584247405e-23, 1.6047630748e-24, 8.94587495005e-25, 1.93607844272e-24, 2.07868043412e-24, 7.52617164247e-24, 2.77935457875e-24, 6.73655185306e-24, 1.80532190778e-23, 1.58654632407e-23, 1.53340932403e-24, 3.78152860034e-24, 6.46787845052e-24, 1.71720851125e-23, 3.80307507379e-23, 1.78877113267e-23, 5.75494461856e-24, 2.98416180241e-24, 6.74426060183e-24, 7.93722891638e-24, 5.28694539236e-24, 6.09979043011e-24, 3.77502365331e-24, 1.04308442702e-23, 6.59475489421e-24, 2.34851898422e-24, 1.03726973329e-23, 1.28694436756e-23, 1.97739250827e-23, 1.0336802584e-23, 1.32576531711e-23, 1.26326883742e-23, 4.82785516679e-24, 5.71748398076e-24, 4.50860079187e-24, 3.62350082836e-24, 7.56047447007e-24, 1.09394039631e-23, 1.97555272687e-23, 5.21574675136e-24, 8.88525749759e-24, 1.24309506083e-23, 1.6192258337e-23, 9.82228935778e-24, 1.24018613624e-23, 1.88232609172e-23, 7.36096523626e-24, 7.0777294614e-24, 7.64024092937e-24, 1.13288795804e-23, 2.83916305436e-24, 9.27436787225e-24, 1.16740188482e-23, 7.35536669041e-24, 4.34447551952e-24, 3.54550023421e-24, 6.58986040672e-24, 6.2056090208e-24, 7.26271734368e-24, 1.44417854547e-23, 1.98107569984e-23, 1.71216043254e-23, 7.09195656783e-24, 5.31598927874e-24, 1.17439908105e-23, 1.64318211945e-23, 1.68215705465e-23, 7.37437034962e-24, 8.12490129232e-24, 8.25370334548e-24, 6.69101564617e-24, 8.12313029958e-24, 6.69188418202e-24, 1.760552947e-23, 1.2007889238e-23, 8.52260946199e-24, 1.03996747981e-23, 3.52208920912e-24, 9.59889104917e-24, 1.16597199554e-23, 1.09430500782e-23, 1.06037097269e-23, 1.08741880432e-23, 8.62385502601e-24, 1.05255533328e-23, 1.83804385813e-23, 1.07550416476e-23, 1.15312018922e-23, 7.40498209705e-24, 8.84262508769e-24, 8.29547037497e-24, 7.70902881144e-24, 8.98002493585e-24, 1.0893540379e-23, 7.5689144929e-24, 7.66880400502e-24, 8.56581616263e-24, 8.84449547689e-24, 7.02718004346e-24, 9.23124873517e-24, 1.48647663612e-23, 6.35636152308e-24, 8.53774454732e-24, 9.93323396663e-24, 1.26184644232e-23, 1.47887959006e-23, 1.21831118111e-23, 1.44816844616e-23, 7.5066102586e-24, 1.06063248008e-23, 9.65403242644e-24, 1.44632298495e-23],
        "stdev": [1.41700320455e-06, 2.54253450294e-06, 1.93881132873e-05, 0.000187564190128, 0.000322847074131, 0.000412370194681, 0.000179469163413, 0.000194692052901, 0.00025364922476, 0.000350588612491, 0.000755381188355, 0.000499784888234, 0.00132149737328, 0.00358146475628, 0.00214722729288, 0.00117315992247, 0.000200700058485, 3.06739057123e-05, 5.38500898983e-05, 0.000103870937892, 0.000436935020844, 0.000631675415207, 0.000750612816773, 0.000448623701232, 0.000265056471108, 0.000560448097531, 0.00217414624058, 0.000822328671347, 0.000210496131331, 0.00116399989929, 0.000886415946297, 0.000623583735432, 0.00241666077636, 0.000424695928814, 0.00100512476638, 0.00107967341319, 0.00038281630259, 7.75953521952e-05, 0.000100626763015, 9.65355866356e-05, 3.45834450854e-05, 0.00027293417952, 0.000161665346241, 0.000143145065522, 3.25062101183e-05, 4.86396202177e-05, 0.000405269063776, 0.000264375761617, 4.42827840743e-05, 0.000772024563048, 0.00087642116705, 9.43210325204e-05, 0.000183959899005, 0.000620138656814, 0.000275462865829, 0.000296782178339, 6.36848853901e-05, 1.96909295482e-05, 1.3087114894e-05, 9.55390896706e-06, 1.03330567072e-05, 5.24568940818e-06, 4.3707354962e-06, 3.65740220332e-06, 2.72186366601e-06, 1.88393835288e-06, 4.42234340881e-06, 4.43962699137e-06, 4.13873385696e-06, 1.85532712749e-06, 3.35879553859e-06, 2.34213030126e-06, 1.1484710285e-06, 1.45620754211e-06, 1.18355137602e-06, 8.20383831979e-07, 1.33082903631e-06, 9.32703358103e-07, 9.91037154563e-07, 5.30823456302e-07, 6.96881500062e-07, 4.14529580439e-07, 1.78998320166e-07, 9.0840629241e-08, 7.14929342394e-08, 3.75314250789e-08, 3.51793296716e-08, 8.79217854077e-09, 5.77681902314e-09, 9.1650464995e-09, 1.43422322907e-08, 2.73998530531e-08, 3.17613455536e-08, 2.60813859398e-08, 3.0359927905e-08, 2.21110010301e-08, 2.13502602264e-08, 2.14723794301e-08, 1.7028144228e-08, 1.40781235558e-08, 4.32481561674e-09, 7.47036299487e-09, 1.15655103272e-08, 6.09783423755e-09, 7.32994687169e-09, 3.72837316576e-09, 2.07550310272e-09, 1.6790607793e-09, 1.56518642491e-09, 1.3315361036e-09, 1.40586076114e-09, 1.30034949475e-09, 1.34280075947e-09, 1.20333309983e-09, 1.18988818798e-09, 1.172360653e-09, 1.26737287331e-09, 8.36630487111e-10, 8.39882996484e-10, 8.2545281721e-10, 8.07775513145e-10, 7.91763987706e-10, 7.81010645046e-10, 7.66681163e-10, 7.58406559775e-10, 7.4929579208e-10, 7.41213090905e-10, 7.37038263754e-10]
    },
    "mfcc": {
        "mean": [-781.551269531, 147.173950195, -40.8064460754, 4.19651699066, 5.54263401031, -5.04519224167, 0.15937615931, -6.01228475571, 5.02291059494, -4.03977918625, -12.4023666382, -4.83895015717, 0.553728044033],
        "cov": [[7198.16210938, 2153.74755859, -2198.31298828, -457.573394775, -786.673278809, -526.432067871, -525.915710449, -724.852111816, 77.2721252441, -229.475189209, -400.673583984, -141.1590271, -86.5497894287], [2153.74755859, 1221.74121094, -594.005249023, -280.170349121, -170.110427856, -232.786529541, -232.401473999, -256.657318115, 4.25824165344, 33.8496894836, -103.45539856, -129.165145874, -121.428993225], [-2198.31298828, -594.005249023, 1109.65209961, 369.51574707, 270.582885742, 144.027160645, 134.934051514, 174.120574951, -134.4402771, 100.594963074, 257.527801514, 4.47362804413, -137.029891968], [-457.573394775, -280.170349121, 369.51574707, 358.164398193, 132.147720337, 56.840637207, 42.7244758606, 16.5133724213, -79.6383895874, -79.1847457886, 27.2549781799, 43.1393089294, 11.951048851], [-786.673278809, -170.110427856, 270.582885742, 132.147720337, 266.115539551, 120.125579834, 67.8611679077, 121.359848022, -6.03654909134, -60.6762580872, -66.4281005859, 30.195098877, 111.386451721], [-526.432067871, -232.786529541, 144.027160645, 56.840637207, 120.125579834, 186.841201782, 129.652770996, 107.011230469, 54.2876930237, -23.1535015106, -29.7953548431, 17.7427616119, 88.5934753418], [-525.915710449, -232.401473999, 134.934051514, 42.7244758606, 67.8611679077, 129.652770996, 168.399856567, 141.742919922, 46.2049942017, 6.14644145966, -11.0882434845, 7.5735874176, 60.9563903809], [-724.852111816, -256.657318115, 174.120574951, 16.5133724213, 121.359848022, 107.011230469, 141.742919922, 233.917221069, 76.5407562256, -18.0605335236, -54.4862098694, -8.09794235229, 76.1381530762], [77.2721252441, 4.25824165344, -134.4402771, -79.6383895874, -6.03654909134, 54.2876930237, 46.2049942017, 76.5407562256, 153.714981079, 57.9374580383, -59.5375061035, -62.8375816345, 8.93600845337], [-229.475189209, 33.8496894836, 100.594963074, -79.1847457886, -60.6762580872, -23.1535015106, 6.14644145966, -18.0605335236, 57.9374580383, 287.731048584, 186.765426636, -146.044586182, -222.426513672], [-400.673583984, -103.45539856, 257.527801514, 27.2549781799, -66.4281005859, -29.7953548431, -11.0882434845, -54.4862098694, -59.5375061035, 186.765426636, 339.510955811, 27.7753200531, -278.000183105], [-141.1590271, -129.165145874, 4.47362804413, 43.1393089294, 30.195098877, 17.7427616119, 7.5735874176, -8.09794235229, -62.8375816345, -146.044586182, 27.7753200531, 280.232574463, 114.234214783], [-86.5497894287, -121.428993225, -137.029891968, 11.951048851, 111.386451721, 88.5934753418, 60.9563903809, 76.1381530762, 8.93600845337, -222.426513672, -278.000183105, 114.234214783, 437.405090332]],
        "icov": [[0.00152559787966, -0.00198845425621, 0.0026394049637, -0.00310069136322, 0.00327603472397, -0.00247752177529, 0.00207357131876, -0.00150113948621, 0.00124255148694, -6.4001265855e-05, 0.000273080455372, 4.45716723334e-05, 0.000405314931413], [-0.00198845425621, 0.00461588334292, -0.00332742230967, 0.00572201097384, -0.00616018706933, 0.00566983316094, -0.00430744932964, 0.00507468543947, -0.00266395742074, 0.00127914897166, 0.00032391253626, 0.000674495939165, 0.000561084016226], [0.0026394049637, -0.00332742230967, 0.00929398927838, -0.00895117036998, 0.00550886103883, -0.00874203443527, 0.00796782877296, -0.00925136636943, 0.0093738315627, -0.0047144559212, 8.35006212583e-05, -0.00033979312866, 0.00117542245425], [-0.00310069136322, 0.00572201097384, -0.00895117036998, 0.0157201793045, -0.0121916132048, 0.0128548955545, -0.0135118393227, 0.0142055433244, -0.00972767733037, 0.00935728382319, -0.00301230163313, 0.0031161850784, -0.000118854732136], [0.00327603472397, -0.00616018706933, 0.00550886103883, -0.0121916132048, 0.0220895670354, -0.0197111647576, 0.0181047189981, -0.0167085845023, 0.0125252250582, -0.00999433640391, 0.0081638135016, -0.00509294355288, 0.000930166221224], [-0.00247752177529, 0.00566983316094, -0.00874203443527, 0.0128548955545, -0.0197111647576, 0.0371728166938, -0.0310521852225, 0.0245184432715, -0.0245947558433, 0.0180562473834, -0.0113514186814, 0.00746924988925, -0.00393717782572], [0.00207357131876, -0.00430744932964, 0.00796782877296, -0.0135118393227, 0.0181047189981, -0.0310521852225, 0.0410425290465, -0.029991587624, 0.0205984823406, -0.0184394046664, 0.00832508038729, -0.00700201513246, 0.000582051696256], [-0.00150113948621, 0.00507468543947, -0.00925136636943, 0.0142055433244, -0.0167085845023, 0.0245184432715, -0.029991587624, 0.0352343767881, -0.0249003563076, 0.0190249513835, -0.00691240420565, 0.0069941743277, -0.000876122212503], [0.00124255148694, -0.00266395742074, 0.0093738315627, -0.00972767733037, 0.0125252250582, -0.0245947558433, 0.0205984823406, -0.0249003563076, 0.035327102989, -0.0227353516966, 0.0148897189647, -0.00784258544445, 0.00519306398928], [-6.4001265855e-05, 0.00127914897166, -0.0047144559212, 0.00935728382319, -0.00999433640391, 0.0180562473834, -0.0184394046664, 0.0190249513835, -0.0227353516966, 0.0298323240131, -0.0190457906574, 0.0138712143525, -0.00333708641119], [0.000273080455372, 0.00032391253626, 8.35006212583e-05, -0.00301230163313, 0.0081638135016, -0.0113514186814, 0.00832508038729, -0.00691240420565, 0.0148897189647, -0.0190457906574, 0.0262759588659, -0.0134002799168, 0.0107262413949], [4.45716723334e-05, 0.000674495939165, -0.00033979312866, 0.0031161850784, -0.00509294355288, 0.00746924988925, -0.00700201513246, 0.0069941743277, -0.00784258544445, 0.0138712143525, -0.0134002799168, 0.0127685228363, -0.00509062595665], [0.000405314931413, 0.000561084016226, 0.00117542245425, -0.000118854732136, 0.000930166221224, -0.00393717782572, 0.000582051696256, -0.000876122212503, 0.00519306398928, -0.00333708641119, 0.0107262413949, -0.00509062595665, 0.00986930914223]]
    },
    "spectral_contrast_coeffs": {
        "max": [-0.317401647568, -0.475496649742, -0.439232379198, -0.438598692417, -0.537886977196, -0.652947604656],
        "mean": [-0.726763367653, -0.766875743866, -0.688287913799, -0.739187061787, -0.801700055599, -0.816698133945],
        "min": [-0.958541274071, -0.963836371899, -0.962699115276, -0.963468551636, -0.959216594696, -0.956820249557],
        "stdev": [0.0986189171672, 0.103156112134, 0.147806614637, 0.11813441664, 0.0585070513189, 0.0457963198423]
    },
    "spectral_contrast_valleys": {
        "max": [-6.45614767075, -5.71435546875, -5.5124502182, -6.13679599762, -6.23229265213, -9.48931121826],
        "mean": [-8.40772724152, -8.00909233093, -8.37530994415, -8.50202560425, -8.92289066315, -11.8564720154],
        "min": [-27.3760814667, -27.228269577, -27.1760692596, -27.0294742584, -27.1984176636, -27.3234825134],
        "stdev": [1.01555788517, 1.21349644661, 1.1369202137, 1.13256490231, 1.05243885517, 0.717044591904]
    }
},
"rhythm": {
    "beats_count": 24,
    "beats_loudness": {
        "max": 0.048067394644,
        "mean": 0.0218956843019,
        "min": 6.89590524416e-05,
        "stdev": 0.015419004485
    },
    "bpm": 117.080993652,
    "bpm_histogram_first_peak_bpm": 117,
    "bpm_histogram_first_peak_weight": 0.142857134342,
    "bpm_histogram_second_peak_bpm": 108,
    "bpm_histogram_second_peak_spread": 0.555555582047,
    "bpm_histogram_second_peak_weight": 0.173913046718,
    "danceability": 0.803124248981,
    "onset_rate": 2.82145690918,
    "beats_loudness_band_ratio": {
        "max": [0.608751773834, 0.487689733505, 0.772887587547, 0.742703914642, 0.71212375164, 0.135531932116],
        "mean": [0.137341290712, 0.161863729358, 0.270770817995, 0.279903382063, 0.151701673865, 0.022377608344],
        "min": [0.000753989152145, 0.00352041982114, 0.00192271196283, 0.064239166677, 0.0156565569341, 0.000768024881836],
        "stdev": [0.220976471901, 0.115965619683, 0.230036735535, 0.227657869458, 0.140547409654, 0.0359319113195]
    },
    "beats_position": [0.53405892849, 1.07972788811, 1.62539684772, 2.18267560005, 2.73995471001, 3.29723358154, 3.85451245308, 4.38857126236, 4.91102027893, 5.44507932663, 5.9675283432, 6.47836732864, 6.98920631409, 7.50004529953, 8.01088428497, 8.52172279358, 9.03256225586, 9.54340076447, 10.077460289, 10.5882987976, 11.0991382599, 11.6099767685, 12.1208162308, 12.6316547394],
