{
"metadata": {
    "version": {
        "essentia": "2.1-beta5",
        "essentia_git_sha": "Undefined",
        "extractor": "music 2.0"
    },
    "audio_properties": {
        "analysis": {
            "equal_loudness": 0,
            "length": 32.4963264465,
            "sample_rate": 44100,
            "start_time": 126.502311707,
            "downmix": "mix"
        },
        "bit_rate": 192000,
        "length": 186.06149292,
        "lossless": 0,
        "number_channels": 2,
        "replay_gain": -4.15613555908,
        "sample_rate": 44100,
        "codec": "mp3",
        "md5_encoded": "f085910810cc20f2ab483b9cbbce31d9"
    },
    "tags": {
        "file_name": "Italy_Comme E_ Ddoce _o Mare_Peppino di Capri.mp3",
        "encoding": ["Lavf58.29.100"]
    }
},
"lowlevel": {
    "average_loudness": 0.981670796871,
    "barkbands_crest": {
        "max": 20.4111499786,
        "mean": 7.77149486542,
        "min": 3.12110805511,
        "stdev": 2.75676703453
    },
    "barkbands_flatness_db": {
        "max": 0.243310078979,
        "mean": 0.168303012848,
        "min": 0.0670497715473,
        "stdev": 0.020078362897
    },
    "barkbands_kurtosis": {
        "max": 10.5564870834,
        "mean": 0.211419418454,
        "min": -1.6838363409,
        "stdev": 1.45791554451
    },
    "barkbands_skewness": {
        "max": 2.80454730988,
        "mean": 0.608596205711,
        "min": -1.90246760845,
        "stdev": 0.614329040051
    },
    "barkbands_spread": {
        "max": 40.4206390381,
        "mean": 17.1578273773,
        "min": 4.7975935936,
        "stdev": 5.23583173752
    },
    "dissonance": {
        "max": 0.499994754791,
        "mean": 0.4590511024,
        "min": 0.306768655777,
        "stdev": 0.025484982878
    },
    "dynamic_complexity": 1.03689968586,
    "erbbands_crest": {
        "max": 27.316400528,
        "mean": 9.83364677429,
        "min": 3.00131964684,
        "stdev": 4.14545631409
    },
    "erbbands_flatness_db": {
        "max": 0.352194696665,
        "mean": 0.24426227808,
        "min": 0.152452528477,
        "stdev": 0.0252678114921
    },
    "erbbands_kurtosis": {
        "max": 12.0844211578,
        "mean": 0.081208512187,
        "min": -1.67408943176,
        "stdev": 1.31638610363
    },
    "erbbands_skewness": {
        "max": 2.07908892632,
        "mean": 0.0403513722122,
        "min": -2.27989149094,
        "stdev": 0.528644025326
    },
    "erbbands_spread": {
        "max": 59.5377426147,
        "mean": 23.9893856049,
        "min": 3.7099468708,
        "stdev": 8.56868934631
    },
    "hfc": {
        "max": 78.6527786255,
        "mean": 30.5192432404,
        "min": 0.794077455997,
        "stdev": 11.5916080475
    },
    "loudness_ebu128": {
        "integrated": -18.4866943359,
        "loudness_range": 1.51844596863,
        "momentary": {
            "max": -16.4553890228,
            "mean": -18.5685081482,
            "min": -20.708322525,
            "stdev": 0.845276594162
        },
        "short_term": {
            "max": -17.3430271149,
            "mean": -18.4794864655,
            "min": -19.4266777039,
            "stdev": 0.528182148933
        }
    },
    "melbands_crest": {
        "max": 25.7142715454,
        "mean": 9.76568889618,
        "min": 3.69499397278,
        "stdev": 3.51272392273
    },
    "melbands_flatness_db": {
        "max": 0.299488067627,
        "mean": 0.215497866273,
        "min": 0.0964077860117,
        "stdev": 0.025894889608
    },
    "melbands_kurtosis": {
        "max": 17.3934707642,
        "mean": 1.84251224995,
        "min": -1.63198137283,
        "stdev": 2.53118920326
    },
    "melbands_skewness": {
        "max": 3.4526617527,
        "mean": 1.11519956589,
        "min": -1.60128104687,
        "stdev": 0.707455515862
    },
    "melbands_spread": {
        "max": 65.983001709,
        "mean": 26.4785728455,
        "min": 6.15132141113,
        "stdev": 8.75992870331
    },
    "pitch_salience": {
        "max": 0.794491827488,
        "mean": 0.574564218521,
        "min": 0.30094024539,
        "stdev": 0.0734302923083
    },
    "silence_rate_20dB": {
        "max": 1,
        "mean": 1,
        "min": 1,
        "stdev": 0
    },
    "silence_rate_30dB": {
        "max": 1,
        "mean": 1,
        "min": 1,
        "stdev": 0
    },
    "silence_rate_60dB": {
        "max": 0,
        "mean": 0,
        "min": 0,
        "stdev": 0
    },
    "spectral_centroid": {
        "max": 2811.109375,
        "mean": 1409.00195312,
        "min": 682.213745117,
        "stdev": 336.303833008
    },
    "spectral_complexity": {
        "max": 45,
        "mean": 25.2112770081,
        "min": 2,
        "stdev": 4.7844004631
    },
    "spectral_decrease": {
        "max": -1.54900814398e-10,
        "mean": -7.92787879789e-09,
        "min": -1.85347861503e-08,
        "stdev": 2.39549025061e-09
    },
    "spectral_energy": {
        "max": 0.0745215341449,
        "mean": 0.0326898209751,
        "min": 0.000656658026855,
        "stdev": 0.00979332625866
    },
    "spectral_energyband_high": {
        "max": 0.00203005247749,
        "mean": 0.000250718789175,
        "min": 1.00298830148e-05,
        "stdev": 0.000230924008065
    },
    "spectral_energyband_low": {
        "max": 0.0145108439028,
        "mean": 0.0018326031277,
        "min": 1.40664560604e-05,
        "stdev": 0.00172291498166
    },
    "spectral_energyband_middle_high": {
        "max": 0.0532754175365,
        "mean": 0.0142516857013,
        "min": 0.000351834722096,
        "stdev": 0.00821863953024
    },
    "spectral_energyband_middle_low": {
        "max": 0.0610690899193,
        "mean": 0.0174902677536,
        "min": 0.000251001300057,
        "stdev": 0.00829012412578
    },
    "spectral_entropy": {
        "max": 8.6139125824,
        "mean": 7.18731737137,
        "min": 6.69800424576,
        "stdev": 0.190232232213
    },
    "spectral_flux": {
        "max": 0.206054583192,
        "mean": 0.0878702700138,
        "min": 0.0353081338108,
        "stdev": 0.0259248856455
    },
    "spectral_kurtosis": {
        "max": 26.5615329742,
        "mean": 7.27802419662,
        "min": 0.603982448578,
        "stdev": 4.11273336411
    },
    "spectral_rms": {
        "max": 0.00852666050196,
        "mean": 0.00558164529502,
        "min": 0.000800401146989,
        "stdev": 0.00085891969502
    },
    "spectral_rolloff": {
        "max": 3983.64257812,
        "mean": 1600.66296387,
        "min": 516.796875,
        "stdev": 495.854278564
    },
    "spectral_skewness": {
        "max": 3.61265206337,
        "mean": 1.41776359081,
        "min": 0.201875597239,
        "stdev": 0.440638542175
    },
    "spectral_spread": {
        "max": 22563386,
        "mean": 2322971,
        "min": 1592459.875,
        "stdev": 632565.3125
    },
    "spectral_strongpeak": {
        "max": 10.9739227295,
        "mean": 2.20029592514,
        "min": 0.0604578629136,
        "stdev": 1.86020505428
    },
    "zerocrossingrate": {
        "max": 0.10791015625,
        "mean": 0.0555051341653,
        "min": 0.01416015625,
        "stdev": 0.0112261679024
    },
    "barkbands": {
        "max": [4.98571207572e-05, 0.00499152205884, 0.00988024845719, 0.0174071937799, 0.0343280397356, 0.0308836530894, 0.0291708298028, 0.0314607582986, 0.0238695591688, 0.027751468122, 0.0195676162839, 0.0237752236426, 0.0433521531522, 0.0196354258806, 0.0233175009489, 0.0199672020972, 0.00543921161443, 0.00639230478555, 0.00482201995328, 0.00318869529292, 0.00169238448143, 0.000480636983411, 4.7989669838e-05, 8.49497519084e-05, 8.142529623e-06, 4.60275578007e-06, 4.4007838369e-06],
        "mean": [4.45593059339e-06, 0.000302414671751, 0.0007300824509, 0.00198725797236, 0.00456627598032, 0.00258941459469, 0.00215146271512, 0.00309789180756, 0.00240925513208, 0.00260072667152, 0.00186381966341, 0.00185374449939, 0.00235286634415, 0.00170045695268, 0.00116288440768, 0.000840857974254, 0.000707582745235, 0.000790614285506, 0.000514074636158, 0.000311693293042, 0.000129752370412, 1.76020930667e-05, 1.09283871552e-06, 2.35650441027e-06, 8.0307592043e-07, 3.56988095973e-07, 4.85937228234e-08],
        "min": [1.48259902133e-08, 1.42968087857e-06, 2.00530348593e-06, 4.89834701511e-06, 1.87898895092e-05, 1.77176170837e-05, 1.45674212035e-05, 6.99579322827e-06, 7.49838181946e-06, 1.65120800375e-05, 1.34717056426e-05, 1.50126506924e-05, 8.62200886331e-06, 2.90488242172e-05, 9.51197762333e-06, 7.21326705388e-06, 2.9225657272e-06, 1.92322077055e-05, 1.96963028429e-05, 1.19392798297e-05, 2.3084910481e-06, 9.86863256003e-07, 2.27906866712e-07, 3.42059763625e-07, 2.87712850877e-07, 2.18901249127e-07, 5.60113244674e-09],
        "stdev": [5.43243686479e-06, 0.000534969905857, 0.000877156970091, 0.00241476926021, 0.00339734368026, 0.00292791984975, 0.0029035396874, 0.00438424525782, 0.00289210327901, 0.00341073330492, 0.00267815263942, 0.00232414202765, 0.00444555608556, 0.00226809387095, 0.00194448116235, 0.00125180394389, 0.000710532243829, 0.000760791241191, 0.000511639926117, 0.000354023242835, 0.000137616036227, 2.65336420853e-05, 2.45280921263e-06, 5.21299580214e-06, 6.09190919931e-07, 1.25658175421e-07, 1.24025319792e-07]
    },
    "erbbands": {
        "max": [0.0828652977943, 1.30504739285, 9.37926387787, 32.270160675, 75.2985153198, 143.632553101, 128.52923584, 363.861907959, 328.551177979, 770.874755859, 780.374206543, 492.777862549, 957.309509277, 1299.65307617, 907.437316895, 812.430725098, 2055.98535156, 1120.58813477, 1506.12487793, 1105.59460449, 973.213439941, 371.594604492, 422.82925415, 270.487701416, 169.150939941, 138.872192383, 105.557655334, 24.3558807373, 18.2229385376, 5.10469865799, 1.04272842407, 2.2057287693, 1.05573916435, 0.160818368196, 0.0357923023403, 0.019112367183, 0.00835486780852, 0.00272386008874, 0.000642650877126, 9.87958555925e-05],
        "mean": [0.00496359029785, 0.091259278357, 0.719452857971, 3.83581519127, 10.8130455017, 17.7391738892, 13.0096483231, 24.0123023987, 26.3636627197, 49.9523048401, 66.9062728882, 50.93567276, 71.2537612915, 88.3525695801, 81.1776885986, 75.7535018921, 113.290641785, 98.1915817261, 66.6386032104, 56.2476539612, 47.298828125, 39.0391731262, 40.3398590088, 38.2883682251, 20.8268852234, 15.1622114182, 8.34667491913, 2.16053652763, 0.667789280415, 0.13807529211, 0.0301947854459, 0.0395698994398, 0.0459154509008, 0.0124666625634, 0.00441956520081, 0.00159593753051, 0.000673891569022, 0.00015854461526, 2.21967311518e-05, 3.94126254832e-05],
        "min": [7.59325921535e-05, 0.0011341040954, 0.00415192637593, 0.0185613054782, 0.0350459739566, 0.0903837457299, 0.0877872034907, 0.145392149687, 0.456529170275, 0.909177005291, 0.751361727715, 0.693496584892, 0.420370668173, 0.726454555988, 2.5584192276, 1.03541398048, 0.911314964294, 2.14468359947, 1.18359708786, 0.32508662343, 0.44200193882, 0.202580407262, 0.623848378658, 1.5142506361, 1.38347351551, 0.648364722729, 0.113225594163, 0.0861943140626, 0.0361581668258, 0.0130362920463, 0.00729514891282, 0.0064455200918, 0.00585844786838, 0.00384839554317, 0.00191515556071, 0.000854457379319, 0.000391584617319, 7.66662124079e-05, 9.06950026547e-06, 1.07701462184e-05],
        "stdev": [0.00882925186306, 0.148540824652, 0.804288029671, 4.13363027573, 8.71265220642, 14.1869878769, 11.6077756882, 30.5565280914, 30.8305301666, 73.0962295532, 89.6547393799, 63.9185371399, 81.0188369751, 116.895889282, 107.941253662, 80.4855957031, 212.973327637, 127.653686523, 106.418334961, 101.200683594, 51.9243927002, 37.9098396301, 41.5050201416, 37.2841796875, 20.6024589539, 15.6149864197, 8.76631355286, 2.21336770058, 0.97530579567, 0.241924077272, 0.0643033981323, 0.133147627115, 0.0850882306695, 0.011685137637, 0.00237274495885, 0.000552880577743, 0.000233934872085, 8.04858791525e-05, 1.81965533557e-05, 1.17294357551e-05]
    },
    "gfcc": {
        "mean": [-6.37376260757, 145.543563843, -178.903579712, 8.45215988159, -43.5557899475, -24.7920742035, -28.758731842, -4.39436531067, -36.6924552917, -5.20983791351, -16.534362793, -14.5957250595, -5.99811792374],
        "cov": [[207.393630981, 27.8402938843, -17.8828430176, 56.6639213562, -8.38289928436, 9.28153514862, 23.4691524506, -18.4924221039, -16.4503326416, -21.8677425385, 18.5675830841, -18.8469371796, -11.4098415375], [27.8402938843, 175.278533936, 80.527381897, -32.7966041565, 77.6650848389, -15.9654979706, 12.7162294388, 22.9436740875, 4.94736051559, -6.83759641647, -5.34180450439, 2.96522736549, -6.85739183426], [-17.8828430176, 80.527381897, 195.584915161, 96.6627807617, -15.0412721634, -5.2008523941, -20.7907752991, 21.2494163513, 29.798166275, 2.80969905853, -24.5629329681, -18.341085434, -20.5571269989], [56.6639213562, -32.7966041565, 96.6627807617, 224.750274658, 2.79084134102, -9.40414524078, -16.5906219482, -3.81157445908, 20.8083267212, -2.52349090576, -24.9608402252, 5.7221364975, -4.35523939133], [-8.38289928436, 77.6650848389, -15.0412721634, 2.79084134102, 172.79800415, 33.7745857239, 8.70934677124, 17.670545578, 6.63364028931, 5.13244056702, 7.74970579147, 28.6063747406, 13.0904855728], [9.28153514862, -15.9654979706, -5.2008523941, -9.40414524078, 33.7745857239, 133.755462646, 51.9079742432, 3.07387447357, -6.14997625351, 16.7564964294, 30.495306015, -14.0059928894, 3.1275498867], [23.4691524506, 12.7162294388, -20.7907752991, -16.5906219482, 8.70934677124, 51.9079742432, 111.708869934, 28.1385650635, -22.9873485565, 7.64287471771, 25.4495811462, 12.2417259216, -4.73500013351], [-18.4924221039, 22.9436740875, 21.2494163513, -3.81157445908, 17.670545578, 3.07387447357, 28.1385650635, 78.761505127, 39.8553390503, 3.81729483604, 5.85803985596, 2.51715636253, -4.05247116089], [-16.4503326416, 4.94736051559, 29.798166275, 20.8083267212, 6.63364028931, -6.14997625351, -22.9873485565, 39.8553390503, 84.8047485352, 32.6354408264, -15.6826629639, -2.34053945541, -0.911852180958], [-21.8677425385, -6.83759641647, 2.80969905853, -2.52349090576, 5.13244056702, 16.7564964294, 7.64287471771, 3.81729483604, 32.6354408264, 60.9753227234, 25.5823554993, -1.40591561794, -1.55771625042], [18.5675830841, -5.34180450439, -24.5629329681, -24.9608402252, 7.74970579147, 30.495306015, 25.4495811462, 5.85803985596, -15.6826629639, 25.5823554993, 85.7630157471, 18.3602085114, -12.3409891129], [-18.8469371796, 2.96522736549, -18.341085434, 5.7221364975, 28.6063747406, -14.0059928894, 12.2417259216, 2.51715636253, -2.34053945541, -1.40591561794, 18.3602085114, 77.2800979614, 32.0761795044], [-11.4098415375, -6.85739183426, -20.5571269989, -4.35523939133, 13.0904855728, 3.1275498867, -4.73500013351, -4.05247116089, -0.911852180958, -1.55771625042, -12.3409891129, 32.0761795044, 63.0797195435]],
        "icov": [[0.0172606054693, -0.0179159361869, 0.0158197656274, -0.0147256031632, 0.00929310079664, -0.00246522738598, -0.00506765209138, 0.0104205906391, -0.0131026068702, 0.0157401766628, -0.0139657557011, 0.0114098023623, -0.0045388713479], [-0.0179159361869, 0.0452084466815, -0.0372385419905, 0.0278021562845, -0.0278315842152, 0.0179910995066, -0.0120589733124, 0.00360664306208, -0.000122286917758, -0.00146679882891, 0.00386386178434, -0.00138550973497, -0.00290951761417], [0.0158197656274, -0.0372385419905, 0.0386835969985, -0.0264351814985, 0.023977028206, -0.016227953136, 0.0122632607818, -0.00677562085912, 0.00162451097276, -0.000346722314134, -0.000993438996375, 0.00099830084946, 0.00522171985358], [-0.0147256031632, 0.0278021562845, -0.0264351814985, 0.0245555080473, -0.0169342625886, 0.00962166208774, -0.00484675168991, 0.000704451289494, 0.00223842239939, -0.00493531115353, 0.00721899000928, -0.00593766011298, 0.000499975634739], [0.00929310079664, -0.0278315842152, 0.023977028206, -0.0169342625886, 0.0249147154391, -0.0157866626978, 0.0126588689163, -0.00914302840829, 0.00615864945576, -0.00497477361932, 0.0030889227055, -0.00623163906857, 0.00501455226913], [-0.00246522738598, 0.0179910995066, -0.016227953136, 0.00962166208774, -0.0157866626978, 0.0238738637418, -0.0198334474117, 0.0156274549663, -0.0149359665811, 0.0123361339793, -0.0136876609176, 0.0147944102064, -0.0116188703105], [-0.00506765209138, -0.0120589733124, 0.0122632607818, -0.00484675168991, 0.0126588689163, -0.0198334474117, 0.0364718474448, -0.0323274955153, 0.034221611917, -0.0296065285802, 0.0216633267701, -0.0215556025505, 0.0154144065455], [0.0104205906391, 0.00360664306208, -0.00677562085912, 0.000704451289494, -0.00914302840829, 0.0156274549663, -0.0323274955153, 0.0520492009819, -0.0480764210224, 0.0404248572886, -0.0305012315512, 0.023279838264, -0.0153446048498], [-0.0131026068702, -0.000122286917758, 0.00162451097276, 0.00223842239939, 0.00615864945576, -0.0149359665811, 0.034221611917, -0.0480764210224, 0.065727263689, -0.0538750998676, 0.0384748764336, -0.0275879614055, 0.0184188690037], [0.0157401766628, -0.00146679882891, -0.000346722314134, -0.00493531115353, -0.00497477361932, 0.0123361339793, -0.0296065285802, 0.0404248572886, -0.0538750998676, 0.066332153976, -0.0415029264987, 0.0289249960333, -0.018939582631], [-0.0139657557011, 0.00386386178434, -0.000993438996375, 0.00721899000928, 0.0030889227055, -0.0136876609176, 0.0216633267701, -0.0305012315512, 0.0384748764336, -0.0415029264987, 0.0458485484123, -0.0297530461103, 0.0214034728706], [0.0114098023623, -0.00138550973497, 0.00099830084946, -0.00593766011298, -0.00623163906857, 0.0147944102064, -0.0215556025505, 0.023279838264, -0.0275879614055, 0.0289249960333, -0.0297530461103, 0.0408151559532, -0.0239942427725], [-0.0045388713479, -0.00290951761417, 0.00522171985358, 0.000499975634739, 0.00501455226913, -0.0116188703105, 0.0154144065455, -0.0153446048498, 0.0184188690037, -0.018939582631, 0.0214034728706, -0.0239942427725, 0.0323456935585]]
    },
    "melbands": {
        "max": [0.00115773070138, 0.00373395951465, 0.0056865750812, 0.00907916482538, 0.00406590150669, 0.00727331312373, 0.00548353884369, 0.00758204236627, 0.00530779222026, 0.00273005990312, 0.00473476434126, 0.0054039969109, 0.00304686580785, 0.00325964507647, 0.00287697324529, 0.0058121192269, 0.00214927271008, 0.00243446324021, 0.00148929981515, 0.0019491877174, 0.0010413560085, 0.000384350219974, 0.000653309049085, 0.000317397236358, 0.000259760738118, 0.000158184746397, 0.000205429503694, 7.76202286943e-05, 9.422324365e-05, 2.22427152039e-05, 1.27601324493e-05, 1.16335722851e-05, 6.6462016548e-06, 1.36382527671e-06, 3.46728512568e-07, 1.5955595245e-06, 1.55399732193e-06, 9.31409147142e-07, 2.92246483014e-07, 6.58991226032e-08],
        "mean": [6.29667629255e-05, 0.000309775903588, 0.000867435941473, 0.00109494442586, 0.000519289227668, 0.00053065083921, 0.00041492911987, 0.000608409114648, 0.000505583535414, 0.000319974176819, 0.000355829484761, 0.000357616459951, 0.000276723236311, 0.000219120498514, 0.000211002785363, 0.000248126685619, 0.000167045000126, 0.000103732927528, 8.07402611827e-05, 5.94465964241e-05, 5.63191242691e-05, 4.04444726883e-05, 3.77538308385e-05, 3.74326300516e-05, 3.11831245199e-05, 1.49328297994e-05, 1.44692003232e-05, 8.30002682051e-06, 6.07362244409e-06, 2.1042321805e-06, 1.02212356978e-06, 4.26426510103e-07, 1.67870808809e-07, 3.42355512828e-08, 1.25690107211e-08, 2.08983337302e-08, 2.37974457917e-08, 3.46602462287e-08, 1.95988292262e-08, 7.94960008932e-09],
        "min": [5.34897083071e-07, 1.53113705892e-06, 3.4357228742e-06, 4.73302816317e-06, 2.91052720058e-06, 3.36008633894e-06, 3.62517153008e-06, 9.84251892078e-06, 2.28743465414e-06, 1.57744557328e-06, 1.61933678555e-06, 2.82964970211e-06, 4.7153075684e-06, 2.86607723865e-06, 1.70498935859e-06, 1.23574795907e-06, 2.9874199754e-06, 1.7038076976e-06, 7.36439687898e-07, 4.11329466488e-07, 4.89745332288e-07, 1.85610346648e-07, 1.69630510527e-07, 1.02811884517e-06, 1.06252718979e-06, 5.52871711079e-07, 5.52719939151e-07, 1.64379045486e-07, 5.10458555425e-08, 7.0097456728e-08, 1.81538712951e-08, 1.62902384915e-08, 7.35034832999e-09, 3.80155062984e-09, 2.769835028e-09, 2.95503843617e-09, 3.4226577128e-09, 3.11410741638e-09, 2.94751112406e-09, 2.49894971383e-09],
        "stdev": [0.000115344191727, 0.000324349472066, 0.000805615098216, 0.000848668278195, 0.000418859242927, 0.000647196604405, 0.000473108462756, 0.000813814171124, 0.000630146590993, 0.000396525050746, 0.000412376626628, 0.000510207610205, 0.000380507641239, 0.000300749146845, 0.000301861204207, 0.000510850863066, 0.000230670833844, 0.000180220216862, 0.000130256827106, 0.000118015181215, 5.99099366809e-05, 4.33567656728e-05, 6.01513238507e-05, 3.46699889633e-05, 3.43881620211e-05, 1.51082949742e-05, 1.81283721759e-05, 9.84580674412e-06, 7.30444935471e-06, 2.15802288039e-06, 1.28770216179e-06, 6.5658451831e-07, 3.11548888021e-07, 7.03633560306e-08, 2.20458584721e-08, 8.04707767088e-08, 8.3826940056e-08, 6.89452264169e-08, 2.65676032285e-08, 6.04975980423e-09]
    },
    "melbands128": {
        "max": [4.90013662784e-05, 0.000409352622228, 0.00200143712573, 0.00261592399329, 0.00452367775142, 0.00483911111951, 0.0066210469231, 0.00921543035656, 0.00922890845686, 0.0168139580637, 0.00970771349967, 0.00538774160668, 0.00628903089091, 0.00662353355438, 0.00811889581382, 0.0132473409176, 0.00690228864551, 0.00898803398013, 0.00684104533866, 0.0147604886442, 0.00871240254492, 0.0123659884557, 0.00938863307238, 0.00767568033189, 0.00605939328671, 0.00570836104453, 0.0118696447462, 0.00856875069439, 0.00508202845231, 0.00949633400887, 0.00848490092903, 0.0042123766616, 0.0061301663518, 0.00594609091058, 0.00740709668025, 0.00327357067727, 0.00328431767412, 0.00405571702868, 0.00803167466074, 0.00963431410491, 0.00833077169955, 0.00525873480365, 0.00507228029892, 0.0019027532544, 0.00447903061286, 0.00472562015057, 0.00406536506489, 0.00346711580642, 0.00324413296767, 0.00419467315078, 0.00349203147925, 0.00182831892744, 0.00225137546659, 0.000676529773045, 0.00054180319421, 0.000827813637443, 0.000796714622993, 0.00126901001204, 0.000882814347278, 0.000778918794822, 0.000623670697678, 0.000708280596882, 0.000682925456204, 0.000330661074258, 0.000249466713285, 0.000268659961876, 0.000195108324988, 0.000343912746757, 0.000284845271381, 0.000243404880166, 0.000173717358848, 0.000131430744659, 0.000137850583997, 0.000232395585044, 5.492508717e-05, 2.54034366662e-05, 1.98434972845e-05, 1.91728540813e-05, 2.40918670897e-05, 2.08636374737e-05, 1.4121453205e-05, 7.97799020802e-06, 9.58694636211e-06, 7.74946420279e-06, 3.38327822647e-06, 1.17254683119e-06, 1.1140936067e-06, 3.59269762384e-07, 2.71706028343e-07, 7.80711502557e-07, 9.36496974191e-07, 3.2330394788e-06, 1.64842276718e-06, 1.66731592799e-06, 1.71023691564e-06, 1.61140314958e-06, 1.09968425477e-06, 8.38588277929e-07, 3.12050502771e-07, 3.08388933945e-07, 4.57492568273e-08, 8.26201969062e-08, 6.72380053857e-08, 6.34062828908e-08, 3.86383511852e-08, 4.3177301734e-08, 3.57420049113e-08, 3.46154287456e-08, 3.27371729725e-08, 3.03662481826e-08, 3.13368602178e-08, 2.73441091991e-08, 2.68033186757e-08, 2.51427927367e-08, 2.23039364755e-08, 2.122292031e-08, 2.07528731977e-08, 2.05486134774e-08, 2.00741041567e-08, 1.96023250965e-08, 1.91255011828e-08, 1.87197457535e-08, 1.83189197145e-08, 1.801907068e-08, 1.77294765535e-08, 1.75492473886e-08, 1.73449468122e-08, 1.72868865889e-08],
        "mean": [3.75959007215e-06, 2.64251029876e-05, 7.33317574486e-05, 0.00015843071742, 0.000293694145512, 0.000375449686544, 0.000689421663992, 0.00110767513979, 0.000969773333054, 0.0013357315911, 0.0010175955249, 0.000567599432543, 0.000353580719093, 0.000480404705741, 0.000534758262802, 0.000619126949459, 0.000430111511378, 0.000352062488673, 0.00036797040957, 0.0006130328984, 0.000652319169603, 0.000874717836268, 0.000353385636117, 0.000341981271049, 0.000349751120666, 0.000228127115406, 0.000468871789053, 0.000335605465807, 0.000282600405626, 0.000460699229734, 0.000332390074618, 0.00025426238426, 0.000349842390278, 0.000194657433894, 0.000265534414211, 0.000220057598199, 0.000157077040058, 0.000177848836756, 0.000272477569524, 0.00029166508466, 0.000179450638825, 0.000289271585643, 0.00019073090516, 9.0898873168e-05, 0.000106667052023, 0.000100289078546, 0.000124585116282, 5.44146569155e-05, 7.23842895241e-05, 0.000105724364403, 4.05484424846e-05, 3.22958403558e-05, 7.75225416874e-05, 4.85904165544e-05, 4.96277607454e-05, 4.49395411124e-05, 2.42462101596e-05, 4.38034476247e-05, 4.08130108553e-05, 3.05892317556e-05, 3.41940685757e-05, 4.44366123702e-05, 4.5284996304e-05, 2.09393601835e-05, 1.96741675609e-05, 1.24357684399e-05, 1.57937865879e-05, 1.33985395223e-05, 1.45140265886e-05, 1.49026573126e-05, 9.2974250947e-06, 4.59913189843e-06, 3.75880085812e-06, 9.91878187051e-06, 3.6501987779e-06, 2.27497116612e-06, 1.06740810679e-06, 8.8724584657e-07, 1.14799991024e-06, 1.14808392482e-06, 3.6743159626e-07, 2.08032560067e-07, 2.23741523087e-07, 2.06737226449e-07, 7.94046144392e-08, 3.96921890911e-08, 2.16739248771e-08, 1.22027712379e-08, 1.04936166423e-08, 1.31152821936e-08, 1.80955801454e-08, 2.34019204015e-08, 2.52984815319e-08, 2.56427341583e-08, 2.14522337671e-08, 2.06791028745e-08, 5.08346857941e-08, 3.72356154799e-08, 1.58086201907e-08, 1.40028104667e-08, 6.63436328097e-09, 7.69126273781e-09, 7.67495400567e-09, 6.38026032007e-09, 4.34778080205e-09, 3.69907238174e-09, 3.50345019662e-09, 3.01890401566e-09, 2.36664421394e-09, 2.316222103e-09, 2.28337260211e-09, 2.33542007955e-09, 2.32102825848e-09, 1.67799041328e-09, 1.55494295218e-09, 1.83898807293e-09, 1.60007995742e-09, 2.78667349612e-11, 2.63093175717e-11, 2.56434214141e-11, 2.5024182379e-11, 2.44856773746e-11, 2.39694687709e-11, 2.3547292588e-11, 2.31950257612e-11, 2.29669581964e-11, 2.27329301217e-11, 2.26310827717e-11],
        "min": [8.44206837769e-09, 4.26992343705e-08, 8.16291603201e-08, 3.85500413813e-07, 1.37975703751e-07, 1.37002041356e-06, 8.55278813106e-07, 1.24304574456e-06, 2.61861714534e-06, 3.33750540449e-06, 7.17874627298e-07, 1.78808591045e-06, 8.56317456055e-07, 1.25572319121e-06, 2.77825665762e-06, 1.16018441076e-06, 8.94836148291e-07, 2.69861715196e-07, 8.263464224e-07, 3.20040669521e-07, 1.78978609711e-06, 5.60450814646e-07, 1.6185970253e-07, 4.40386401124e-07, 4.13435458313e-07, 9.96988944735e-08, 3.63303342965e-07, 3.41900317835e-07, 8.02326496796e-07, 4.89689284677e-07, 2.40234555804e-07, 5.67707388655e-07, 7.88280487996e-07, 2.35725522657e-07, 3.8612517983e-07, 3.5661844322e-07, 8.20711079541e-07, 2.85157625513e-07, 5.12127598995e-07, 2.87654586373e-07, 3.45229693721e-07, 6.2332685502e-07, 6.90336321441e-07, 3.40650188946e-07, 3.51639954488e-07, 1.2942921046e-07, 1.5250103047e-07, 2.1841680109e-07, 1.49777378056e-07, 9.15929305734e-08, 6.78342075844e-08, 1.60829685569e-07, 1.76577358957e-07, 3.63882890042e-07, 8.62095603793e-08, 1.97134781388e-07, 1.95109691958e-07, 1.17845686987e-07, 8.62310898242e-08, 2.7895475796e-07, 8.75986415849e-07, 5.79468121487e-07, 4.42992046601e-07, 2.61397161694e-07, 9.05634678361e-08, 1.80103626235e-07, 1.97969754367e-07, 1.27258715565e-07, 1.10858728419e-07, 1.47631340042e-07, 6.501662142e-08, 2.77985119368e-08, 5.35346380559e-08, 3.18996242754e-08, 8.18957630599e-08, 4.80537636349e-08, 2.47390765651e-08, 1.36045477106e-08, 7.57579865507e-09, 1.17946425959e-08, 9.77970149307e-09, 5.41530331688e-09, 5.05026820363e-09, 3.79263820349e-09, 5.36158317743e-09, 2.2685813228e-09, 1.83252901742e-09, 1.24370169718e-09, 1.10831244182e-09, 1.11870956943e-09, 8.96333840483e-10, 1.73449787866e-09, 1.93267468696e-09, 2.05988937019e-09, 2.23448193282e-09, 1.91845472841e-09, 1.60152135997e-09, 1.42423217664e-09, 1.53351786825e-09, 1.94122806718e-09, 1.79044346016e-09, 1.04418163005e-09, 1.7292064447e-09, 1.14693432529e-09, 1.09244213675e-09, 1.0847234222e-09, 8.67346916511e-10, 9.15438336246e-10, 8.46675229926e-10, 7.16323556027e-10, 5.92105475761e-10, 7.44148465071e-10, 8.24560308921e-10, 5.59978230452e-10, 5.58977364395e-10, 6.7422906147e-10, 2.37576153195e-10, 3.27704687388e-13, 1.44357372193e-13, 1.61896442975e-13, 1.65990756296e-13, 1.61940949474e-13, 1.55547138212e-13, 1.02388014516e-13, 1.28657840132e-13, 1.32068306486e-13, 1.58311907962e-13, 1.5804247017e-13],
        "stdev": [5.03588717038e-06, 4.69429724035e-05, 0.000177543392056, 0.00028331798967, 0.000400838966016, 0.000460192153696, 0.000827897631098, 0.00136067788117, 0.00093554914929, 0.00145408883691, 0.000934545008931, 0.000635396689177, 0.000477925379528, 0.000646102183964, 0.000784994335845, 0.00110262678936, 0.000678853830323, 0.000693106441759, 0.00063455675263, 0.00134398089722, 0.00102953740861, 0.00156722473912, 0.000692928908393, 0.000633990974165, 0.000722333497833, 0.000413922389271, 0.000769581762142, 0.000628240290098, 0.000555343343876, 0.000951013527811, 0.000601295439992, 0.00041679511196, 0.000621253508143, 0.000535669794772, 0.000568522838876, 0.00034807267366, 0.000277749088127, 0.000406131817726, 0.00063489965396, 0.000872979755513, 0.00064102205215, 0.000589433358982, 0.000377348100301, 0.000176792222192, 0.000276715523796, 0.000255559658399, 0.000325696135405, 0.000151590225869, 0.000224216113565, 0.000273284036666, 0.000141787997563, 8.1405043602e-05, 0.000122284051031, 5.44017093489e-05, 6.8596440542e-05, 7.71393388277e-05, 3.80307537853e-05, 0.000103006961581, 8.42203080538e-05, 5.64831098018e-05, 4.76838358736e-05, 5.7890003518e-05, 7.2728646046e-05, 3.00663959933e-05, 2.5940940759e-05, 1.77325309778e-05, 2.30435343838e-05, 2.51345227298e-05, 2.78817024082e-05, 2.11419501284e-05, 1.2894604879e-05, 9.51217953116e-06, 6.77949174133e-06, 1.58184375323e-05, 4.60057071905e-06, 3.20294452649e-06, 1.60929585036e-06, 1.4806010995e-06, 1.9002704903e-06, 1.82257099368e-06, 8.35528453536e-07, 4.8395537533e-07, 4.57009207366e-07, 3.83582573704e-07, 1.79583665272e-07, 7.97799373231e-08, 5.22333358788e-08, 2.11028545749e-08, 1.65949671782e-08, 3.16974215764e-08, 4.90359859384e-08, 1.30797360498e-07, 9.41432389823e-08, 9.17312590332e-08, 7.30018854256e-08, 7.23073796394e-08, 1.09672100734e-07, 7.89538745494e-08, 2.59063384078e-08, 1.85780955064e-08, 4.69784833257e-09, 7.00441082913e-09, 6.38054098445e-09, 4.49175230344e-09, 2.83088463782e-09, 1.97218819054e-09, 1.46874989948e-09, 1.26777854881e-09, 1.12528952823e-09, 1.03851649502e-09, 1.06320474647e-09, 9.18746245748e-10, 9.14264552954e-10, 8.02864774663e-10, 7.32172655837e-10, 7.46432304854e-10, 8.68396632381e-10, 5.78921244276e-10, 5.64414237569e-10, 5.50746226402e-10, 5.37306976689e-10, 5.25730570189e-10, 5.14504550075e-10, 5.05967490128e-10, 4.97889229845e-10, 4.92764551385e-10, 4.87151763373e-10, 4.85427864572e-10]
    },
    "mfcc": {
        "mean": [-637.546142578, 181.092910767, -70.9768447876, 30.1823577881, -13.0255184174, -13.9478130341, 7.12139701843, -15.0940103531, -2.49536156654, -9.18834781647, -6.8521938324, -3.96910905838, -12.7807273865],
        "cov": [[294.355834961, -75.2144317627, -25.3185825348, 30.9567947388, -38.0039291382, 24.8540115356, 32.0368728638, 7.18398714066, -33.0834693909, -6.99441289902, -2.20983362198, -3.43978476524, 7.81487369537], [-75.2144317627, 276.854919434, -45.1725502014, -42.327960968, 47.933391571, -26.6041374207, 19.7604236603, 25.3802185059, 6.80778312683, 13.1245002747, -8.5935087204, -3.53569817543, 14.8375797272], [-25.3185825348, -45.1725502014, 252.730773926, 71.5202178955, -12.6876535416, -4.23401451111, -33.969959259, -16.4793071747, 23.3627872467, 4.79688739777, 41.1313858032, 0.92622333765, -28.7904376984], [30.9567947388, -42.327960968, 71.5202178955, 206.932037354, 41.9911117554, -3.71181702614, -52.3971443176, 11.874464035, 24.2362384796, -29.2643527985, -16.771654129, -17.1489715576, 41.3500404358], [-38.0039291382, 47.933391571, -12.6876535416, 41.9911117554, 158.928085327, 22.6236667633, -29.6114349365, 4.20361375809, 22.4034442902, 8.21393585205, -8.53687095642, 1.80768322945, -2.60705804825], [24.8540115356, -26.6041374207, -4.23401451111, -3.71181702614, 22.6236667633, 104.067932129, 46.3355064392, -1.97436034679, 2.39947867393, -5.31208753586, 6.40481185913, 7.37934017181, 0.686170458794], [32.0368728638, 19.7604236603, -33.969959259, -52.3971443176, -29.6114349365, 46.3355064392, 140.508132935, 38.4917869568, -35.893157959, 14.3551559448, 1.24245488644, 15.0303668976, 15.0651884079], [7.18398714066, 25.3802185059, -16.4793071747, 11.874464035, 4.20361375809, -1.97436034679, 38.4917869568, 83.5647354126, 10.5932035446, -0.0168112404644, -6.20676183701, -3.23353791237, 35.1827964783], [-33.0834693909, 6.80778312683, 23.3627872467, 24.2362384796, 22.4034442902, 2.39947867393, -35.893157959, 10.5932035446, 100.482345581, 8.36008262634, 3.55178880692, -4.65152025223, -23.2023944855], [-6.99441289902, 13.1245002747, 4.79688739777, -29.2643527985, 8.21393585205, -5.31208753586, 14.3551559448, -0.0168112404644, 8.36008262634, 77.9020462036, 36.3948554993, 12.5880746841, -11.8745126724], [-2.20983362198, -8.5935087204, 41.1313858032, -16.771654129, -8.53687095642, 6.40481185913, 1.24245488644, -6.20676183701, 3.55178880692, 36.3948554993, 92.2677993774, 23.7240142822, -21.9057388306], [-3.43978476524, -3.53569817543, 0.92622333765, -17.1489715576, 1.80768322945, 7.37934017181, 15.0303668976, -3.23353791237, -4.65152025223, 12.5880746841, 23.7240142822, 70.5493774414, 17.4751033783], [7.81487369537, 14.8375797272, -28.7904376984, 41.3500404358, -2.60705804825, 0.686170458794, 15.0651884079, 35.1827964783, -23.2023944855, -11.8745126724, -21.9057388306, 17.4751033783, 120.460670471]],
        "icov": [[0.00426282174885, 0.00079610478133, 0.000932153721806, -0.00152376329061, 0.00120623339899, -0.0010441460181, -0.000285089248791, -0.000727030041162, 0.00147955515422, -0.000543908099644, 7.10136237103e-06, -5.79902261961e-05, 0.000892354990356], [0.00079610478133, 0.00489493459463, 0.000278378487565, 0.0012836472597, -0.00224490463734, 0.00243084738031, -0.00185334938578, -1.16438222904e-05, -0.00091375928605, 0.000405650382163, -0.000477177032735, 0.00112555909436, -0.00124199211132], [0.000932153721806, 0.000278378487565, 0.00558029860258, -0.00283142039552, 0.00134197180159, -0.000263481109869, 0.000214109590161, 0.000254802638665, -8.71118172654e-05, -0.00020131135534, -0.00218893447891, -0.000413956295233, 0.00176559376996], [-0.00152376329061, 0.0012836472597, -0.00283142039552, 0.00902108103037, -0.00318670389242, 0.00100787403062, 0.00137369683944, -0.00030820153188, -0.00202895398252, 0.00251331250183, -2.16315638681e-05, 0.00242621824145, -0.00448805186898], [0.00120623339899, -0.00224490463734, 0.00134197180159, -0.00318670389242, 0.0100277792662, -0.00533871212974, 0.00445684278384, -0.00267823995091, 0.00151453819126, -0.00345490919426, 0.00227369554341, -0.00235648499802, 0.00279163382947], [-0.0010441460181, 0.00243084738031, -0.000263481109869, 0.00100787403062, -0.00533871212974, 0.0164182297885, -0.00941131077707, 0.00564482156187, -0.0046468176879, 0.00470966333523, -0.00333644240163, 0.00162038323469, -0.00259393220767], [-0.000285089248791, -0.00185334938578, 0.000214109590161, 0.00137369683944, 0.00445684278384, -0.00941131077707, 0.0169334895909, -0.00963092036545, 0.00666187657043, -0.00474248453975, 0.00326569983736, -0.00340512907133, 0.00257513020188], [-0.000727030041162, -1.16438222904e-05, 0.000254802638665, -0.00030820153188, -0.00267823995091, 0.00564482156187, -0.00963092036545, 0.0205280315131, -0.00687002204359, 0.0025686181616, -0.00272667245008, 0.00405146181583, -0.00681959046051], [0.00147955515422, -0.00091375928605, -8.71118172654e-05, -0.00202895398252, 0.00151453819126, -0.0046468176879, 0.00666187657043, -0.00687002204359, 0.0152200385928, -0.00369392987341, 0.00217785104178, -0.00210901442915, 0.00519427889958], [-0.000543908099644, 0.000405650382163, -0.00020131135534, 0.00251331250183, -0.00345490919426, 0.00470966333523, -0.00474248453975, 0.0025686181616, -0.00369392987341, 0.0188774075359, -0.007681210991, 0.000681686389726, -0.00153059407603], [7.10136237103e-06, -0.000477177032735, -0.00218893447891, -2.16315638681e-05, 0.00227369554341, -0.00333644240163, 0.00326569983736, -0.00272667245008, 0.00217785104178, -0.007681210991, 0.0172580443323, -0.00571828987449, 0.00362896849401], [-5.79902261961e-05, 0.00112555909436, -0.000413956295233, 0.00242621824145, -0.00235648499802, 0.00162038323469, -0.00340512907133, 0.00405146181583, -0.00210901442915, 0.000681686389726, -0.00571828987449, 0.0187703054398, -0.00598621647805], [0.000892354990356, -0.00124199211132, 0.00176559376996, -0.00448805186898, 0.00279163382947, -0.00259393220767, 0.00257513020188, -0.00681959046051, 0.00519427889958, -0.00153059407603, 0.00362896849401, -0.00598621647805, 0.0144820110872]]
    },
    "spectral_contrast_coeffs": {
        "max": [-0.44195947051, -0.463806897402, -0.493091791868, -0.542015075684, -0.604778826237, -0.582522511482],
        "mean": [-0.634463787079, -0.695770561695, -0.680826663971, -0.713513016701, -0.728314876556, -0.727146208286],
        "min": [-0.910641431808, -0.922229409218, -0.867173731327, -0.883730471134, -0.857923269272, -0.931472241879],
        "stdev": [0.0659822821617, 0.0669869184494, 0.0626033917069, 0.0545280687511, 0.0406190901995, 0.0307569298893]
    },
    "spectral_contrast_valleys": {
        "max": [-5.46679353714, -4.92318058014, -5.51163291931, -6.21923494339, -6.01812362671, -9.94296264648],
        "mean": [-6.90145969391, -6.3953294754, -6.95094203949, -7.23673248291, -7.3552479744, -11.6929683685],
        "min": [-8.85946369171, -7.98208379745, -8.13350009918, -8.28276538849, -8.72658538818, -12.200835228],
        "stdev": [0.53357064724, 0.484640628099, 0.375158160925, 0.322414696217, 0.399176090956, 0.271425813437]
    }
},
"rhythm": {
    "beats_count": 74,
    "beats_loudness": {
        "max": 0.0609247721732,
        "mean": 0.0360070802271,
        "min": 0.0150482663885,
        "stdev": 0.00973977521062
    },
    "bpm": 139.849380493,
    "bpm_histogram_first_peak_bpm": 140,
    "bpm_histogram_first_peak_weight": 0.516129016876,
    "bpm_histogram_second_peak_bpm": 133,
    "bpm_histogram_second_peak_spread": 0.111111104488,
    "bpm_histogram_second_peak_weight": 0.109589040279,
    "danceability": 1.26713907719,
    "onset_rate": 1.41503894329,
    "beats_loudness_band_ratio": {
        "max": [0.451694697142, 0.523868143559, 0.757290780544, 0.83650714159, 0.524307608604, 0.123381234705],
        "mean": [0.141314268112, 0.222446724772, 0.283141672611, 0.247058346868, 0.13388107717, 0.026598546654],
        "min": [0.0147772626951, 0.0436690188944, 0.0231467038393, 0.0341350585222, 0.0200723651797, 0.00457938294858],
        "stdev": [0.0892180204391, 0.100608944893, 0.146966844797, 0.160372897983, 0.0986000597477, 0.0209552291781]
    },
    "beats_position": [0.452789098024, 0.905578196049, 1.34675729275, 1.78793644905, 2.22911548615, 2.67029476166, 3.11147379875, 3.54104304314, 3.97061228752, 4.41179132462, 4.841360569, 5.27092981339, 5.70049858093, 6.11845779419, 6.53641700745, 6.96598625183, 7.37233543396, 7.80190467834, 8.24308395386, 8.68426322937, 9.11383247375, 9.54340076447, 9.97297000885, 10.4257593155, 10.8553285599, 11.2848978043, 11.7260770798, 12.1672563553, 12.5968255997, 13.0263938904, 13.4675731659, 13.8971424103, 14.3267116547, 14.7446708679, 15.1742401123, 15.6038093567, 16.0333786011, 16.4629478455, 16.8809070587, 17.298866272, 17.7168254852, 18.1463947296, 18.5643539429, 18.9939231873, 19.4118824005, 19.853061676, 20.2710208893, 20.6889801025, 21.1069393158, 21.5132884979, 21.942855835, 22.3608150482, 22.7787742615, 23.1967334747, 23.614692688, 24.0442619324, 24.4738311768, 24.9034004211, 25.3213596344, 25.7509288788, 26.1804981232, 26.6100673676, 27.0512466431, 27.4808158875, 27.8987751007, 28.3399543762, 28.7811336517, 29.2339229584, 29.686712265, 30.1394996643, 30.5922889709, 31.0450782776, 31.4978675842, 31.962266922],
