{
"metadata": {
    "version": {
        "essentia": "2.1-beta5",
        "essentia_git_sha": "Undefined",
        "extractor": "music 2.0"
    },
    "audio_properties": {
        "analysis": {
            "equal_loudness": 0,
            "length": 23.5914745331,
            "sample_rate": 44100,
            "start_time": 207.748931885,
            "downmix": "mix"
        },
        "bit_rate": 192000,
        "length": 231.363647461,
        "lossless": 0,
        "number_channels": 2,
        "replay_gain": -10.0003795624,
        "sample_rate": 48000,
        "codec": "mp3",
        "md5_encoded": "a934a52d22219eda67dbcb98d342489f"
    },
    "tags": {
        "file_name": "Turkey_Iki Dakika_Izel Çeliköz, Rayhan Soykarçi and Can Ugurluér.mp3",
        "encoding": ["Lavf58.29.100"]
    }
},
"lowlevel": {
    "average_loudness": 0.340668082237,
    "barkbands_crest": {
        "max": 19.4608268738,
        "mean": 6.57570743561,
        "min": 2.32267785072,
        "stdev": 2.18282532692
    },
    "barkbands_flatness_db": {
        "max": 0.200748309493,
        "mean": 0.0887953042984,
        "min": 0.0400759391487,
        "stdev": 0.0253813266754
    },
    "barkbands_kurtosis": {
        "max": 10.2122678757,
        "mean": 1.49867045879,
        "min": -1.74797701836,
        "stdev": 1.95734715462
    },
    "barkbands_skewness": {
        "max": 3.19187617302,
        "mean": -0.58511441946,
        "min": -2.28748512268,
        "stdev": 1.22764778137
    },
    "barkbands_spread": {
        "max": 74.794342041,
        "mean": 27.0230369568,
        "min": 5.5605711937,
        "stdev": 8.57242012024
    },
    "dissonance": {
        "max": 0.500000059605,
        "mean": 0.484994411469,
        "min": 0.383839160204,
        "stdev": 0.0165796242654
    },
    "dynamic_complexity": 5.63727617264,
    "erbbands_crest": {
        "max": 22.1996688843,
        "mean": 5.60260820389,
        "min": 2.59554958344,
        "stdev": 2.99437260628
    },
    "erbbands_flatness_db": {
        "max": 0.278502076864,
        "mean": 0.140167102218,
        "min": 0.0826938003302,
        "stdev": 0.0454982183874
    },
    "erbbands_kurtosis": {
        "max": 6.44197463989,
        "mean": 0.171802476048,
        "min": -1.67486822605,
        "stdev": 0.81893658638
    },
    "erbbands_skewness": {
        "max": 2.33966565132,
        "mean": -0.29751393199,
        "min": -1.97624385357,
        "stdev": 0.567796468735
    },
    "erbbands_spread": {
        "max": 70.3604049683,
        "mean": 32.6971359253,
        "min": 10.2824335098,
        "stdev": 9.71076107025
    },
    "hfc": {
        "max": 134.709625244,
        "mean": 14.8000183105,
        "min": 1.07088780717e-16,
        "stdev": 21.1718101501
    },
    "loudness_ebu128": {
        "integrated": -12.8131961823,
        "loudness_range": 11.3018808365,
        "momentary": {
            "max": -10.8113069534,
            "mean": -139.856781006,
            "min": -300.691009521,
            "stdev": 140.926834106
        },
        "short_term": {
            "max": -11.8344697952,
            "mean": -120.987953186,
            "min": -300.691009521,
            "stdev": 135.966094971
        }
    },
    "melbands_crest": {
        "max": 28.0619621277,
        "mean": 6.45279788971,
        "min": 1.55079352856,
        "stdev": 4.89126205444
    },
    "melbands_flatness_db": {
        "max": 0.251775115728,
        "mean": 0.069997780025,
        "min": 0.0024399056565,
        "stdev": 0.0642678886652
    },
    "melbands_kurtosis": {
        "max": 38.4080314636,
        "mean": 0.99861562252,
        "min": -1.43683302402,
        "stdev": 3.51663851738
    },
    "melbands_skewness": {
        "max": 5.69285202026,
        "mean": 0.700593709946,
        "min": -0.736977875233,
        "stdev": 0.954319775105
    },
    "melbands_spread": {
        "max": 158.765884399,
        "mean": 80.494758606,
        "min": 7.83187675476,
        "stdev": 48.3278312683
    },
    "pitch_salience": {
        "max": 0.882714450359,
        "mean": 0.713436961174,
        "min": 0.291051924229,
        "stdev": 0.102969184518
    },
    "silence_rate_20dB": {
        "max": 1,
        "mean": 1,
        "min": 1,
        "stdev": 0
    },
    "silence_rate_30dB": {
        "max": 1,
        "mean": 1,
        "min": 1,
        "stdev": 0
    },
    "silence_rate_60dB": {
        "max": 1,
        "mean": 0.547689259052,
        "min": 0,
        "stdev": 0.497723191977
    },
    "spectral_centroid": {
        "max": 11870.4980469,
        "mean": 6031.55175781,
        "min": 878.58203125,
        "stdev": 4482.23291016
    },
    "spectral_complexity": {
        "max": 55,
        "mean": 14.2822027206,
        "min": 0,
        "stdev": 16.575094223
    },
    "spectral_decrease": {
        "max": 2.05865661021e-28,
        "mean": -2.81993872697e-09,
        "min": -2.16550297694e-08,
        "stdev": 3.73920316932e-09
    },
    "spectral_energy": {
        "max": 0.0882455855608,
        "mean": 0.0119855003431,
        "min": 9.9029295531e-21,
        "stdev": 0.0158759448677
    },
    "spectral_energyband_high": {
        "max": 0.015500982292,
        "mean": 0.000573718047235,
        "min": 6.86683096938e-21,
        "stdev": 0.00112686643843
    },
    "spectral_energyband_low": {
        "max": 0.0371038466692,
        "mean": 0.00214208383113,
        "min": 5.95528610063e-24,
        "stdev": 0.00427519809455
    },
    "spectral_energyband_middle_high": {
        "max": 0.0414733923972,
        "mean": 0.00508370669559,
        "min": 1.10473020227e-21,
        "stdev": 0.00767418649048
    },
    "spectral_energyband_middle_low": {
        "max": 0.0792181268334,
        "mean": 0.00490900175646,
        "min": 1.55930575795e-22,
        "stdev": 0.00744881853461
    },
    "spectral_entropy": {
        "max": 9.82900238037,
        "mean": 8.72153949738,
        "min": 7.2230052948,
        "stdev": 0.977844655514
    },
    "spectral_flux": {
        "max": 0.287667930126,
        "mean": 0.0447523370385,
        "min": 6.24495039014e-11,
        "stdev": 0.0506660789251
    },
    "spectral_kurtosis": {
        "max": 11.5002393723,
        "mean": 1.53570330143,
        "min": -1.29233956337,
        "stdev": 2.67406773567
    },
    "spectral_rms": {
        "max": 0.00927864480764,
        "mean": 0.00228534732014,
        "min": 3.10827839162e-12,
        "stdev": 0.00254369736649
    },
    "spectral_rolloff": {
        "max": 19702.8808594,
        "mean": 9775.01171875,
        "min": 172.265625,
        "stdev": 8114.21777344
    },
    "spectral_skewness": {
        "max": 2.05249071121,
        "mean": 0.721951842308,
        "min": -0.0993926599622,
        "stdev": 0.675103962421
    },
    "spectral_spread": {
        "max": 43318428,
        "mean": 20141684,
        "min": 2335086.5,
        "stdev": 18312938
    },
    "spectral_strongpeak": {
        "max": 11.528512001,
        "mean": 0.561203896999,
        "min": 0,
        "stdev": 1.1422021389
    },
    "zerocrossingrate": {
        "max": 0.71337890625,
        "mean": 0.272155106068,
        "min": 0.0302734375,
        "stdev": 0.207696244121
    },
    "barkbands": {
        "max": [0.000665439525619, 0.0298729073256, 0.0180456321687, 0.0194419138134, 0.00957395788282, 0.029157076031, 0.012952696532, 0.0164509098977, 0.0594998002052, 0.0202242191881, 0.0218929946423, 0.00512311328202, 0.0105509413406, 0.0250664651394, 0.0113762561232, 0.0185748655349, 0.0059010675177, 0.00772333377972, 0.00518493354321, 0.00318129803054, 0.00573552120477, 0.00444331485778, 0.00249954639003, 0.00107683229726, 0.000304554356262, 0.000918619567528, 2.42652527049e-06],
        "mean": [3.63959552487e-05, 0.000987073872238, 0.000767084071413, 0.00063842831878, 0.000952223024797, 0.000856168568134, 0.000403506972361, 0.000660840654746, 0.00072442664532, 0.000945234147366, 0.000633841147646, 0.000293595687253, 0.000426501006586, 0.000790713063907, 0.000319830025546, 0.000547601957805, 0.000473040476209, 0.000431542750448, 0.000397070078179, 0.000250015524216, 0.000158542112331, 0.000125612525153, 8.25837414595e-05, 5.11319303769e-05, 1.95300617634e-05, 1.29545824166e-05, 2.42560318497e-08],
        "min": [7.05627698073e-26, 2.29145692786e-24, 1.54395954977e-25, 3.48390360814e-25, 2.03419597603e-24, 5.21051778685e-24, 1.25780104527e-24, 3.92297964368e-24, 1.10074471605e-23, 1.42562627247e-23, 9.91108275241e-24, 1.65722936559e-23, 2.53203051332e-23, 2.65310583168e-23, 3.65999337606e-23, 5.21094503392e-23, 4.75051816243e-23, 8.74625736619e-23, 1.00583400487e-22, 1.44123486367e-22, 1.91593222893e-22, 2.70089792833e-22, 3.12134312033e-22, 5.44269696931e-22, 8.48057734368e-22, 1.22870854139e-21, 1.79765431231e-21],
        "stdev": [7.10368913133e-05, 0.00247733108699, 0.00186764716636, 0.00170029292349, 0.00162764173001, 0.00228659319691, 0.00092783709988, 0.00146769429557, 0.00241790874861, 0.00241179764271, 0.00185446138494, 0.000555635080673, 0.000923851679545, 0.0020861371886, 0.000703417696059, 0.0012816399103, 0.00082165224012, 0.000773409730755, 0.000715033034794, 0.000444015080575, 0.000362844730262, 0.000268773961579, 0.000188235309906, 0.000110192762804, 4.04477541451e-05, 4.84105657961e-05, 1.15212188234e-07]
    },
    "erbbands": {
        "max": [0.352395355701, 8.21617507935, 22.3989505768, 34.9295120239, 42.4912185669, 30.9225883484, 254.913803101, 343.733886719, 152.727615356, 261.449768066, 599.57598877, 1154.06445312, 1094.77661133, 210.252166748, 844.877502441, 227.653610229, 545.993347168, 1355.74853516, 457.063110352, 1236.63916016, 543.119750977, 345.656494141, 381.046356201, 442.5597229, 284.094299316, 155.37689209, 165.058944702, 278.193237305, 186.328155518, 80.9713668823, 80.7563095093, 36.3610725403, 12.9693145752, 3.53222560883, 3.5200920105, 7.41041851044, 0.375181347132, 0.0322079174221, 0.000887351518031, 0.000113056426926],
        "mean": [0.0184721127152, 0.257035851479, 0.792940676212, 1.77389419079, 2.40430355072, 3.01520252228, 5.73640775681, 6.95261955261, 5.69473648071, 12.1987276077, 12.1894378662, 16.3961029053, 37.5014076233, 12.745426178, 28.7799549103, 14.7348947525, 21.4906330109, 41.3648490906, 19.2804470062, 25.307800293, 26.651594162, 24.9928226471, 24.206659317, 22.5176258087, 17.9109344482, 11.6646404266, 7.3764295578, 6.09182262421, 4.66826438904, 3.21424460411, 2.26576828957, 1.41037869453, 0.667178571224, 0.240175351501, 0.134878531098, 0.101331926882, 0.0110588222742, 0.000573462690227, 2.42816495302e-05, 1.67813595908e-05],
        "min": [5.59846443391e-23, 3.66011871029e-22, 7.4943507606e-22, 3.11803813392e-21, 1.16765970413e-20, 7.36899099351e-21, 1.23340666878e-20, 4.96493126076e-20, 6.05722390588e-20, 1.38533882545e-19, 1.80040306418e-19, 3.83490703051e-19, 4.81018089005e-19, 4.01713052505e-19, 7.66273597991e-19, 9.35044033852e-19, 1.41076646088e-18, 1.63182386214e-18, 2.25521446872e-18, 2.3310747891e-18, 3.51616900808e-18, 2.47236757749e-18, 4.77936024383e-18, 5.78476105526e-18, 5.5756113325e-18, 7.38939549066e-18, 9.38227128246e-18, 8.14642291546e-18, 9.44512046541e-18, 9.75111277196e-18, 9.89672468391e-18, 9.78465411862e-18, 8.83722956914e-18, 7.72700925767e-18, 6.02193979306e-18, 3.78542001978e-18, 2.00387812113e-18, 9.00614605408e-19, 2.40096022883e-19, 2.37351285745e-20],
        "stdev": [0.0442757382989, 0.660377562046, 1.96094298363, 3.97093558311, 5.12567901611, 5.29278373718, 16.7872428894, 21.010591507, 12.6901416779, 26.2413368225, 31.9553222656, 49.5392379761, 98.8741760254, 24.9412765503, 82.0637664795, 26.4726810455, 45.9305152893, 108.635360718, 36.7693405151, 62.8836708069, 54.0903816223, 43.3014831543, 42.2999801636, 40.2511940002, 34.9517974854, 20.8484458923, 15.7840452194, 14.3156337738, 10.2122144699, 6.59966754913, 5.39009380341, 3.17701888084, 1.41194784641, 0.485374063253, 0.302811324596, 0.387036919594, 0.0324809923768, 0.0019016378792, 5.67501629121e-05, 2.27172713494e-05]
    },
    "gfcc": {
        "mean": [-571.626403809, 40.6918945312, -89.1812210083, 21.9169120789, -35.2314872742, 10.3796215057, -21.8010540009, 7.05214548111, -12.4442491531, 0.67518723011, -9.26745033264, -0.888175606728, -5.25607824326],
        "cov": [[396741.90625, 24476.9433594, -49122.3242188, 12618.6162109, -19902.9765625, 5435.63476562, -12365.4941406, 3807.15087891, -7211.79492188, 180.89956665, -5224.64599609, -608.602172852, -3148.90478516], [24476.9433594, 2176.22827148, -2754.92602539, 894.134155273, -1151.53039551, 164.191848755, -729.025268555, 145.847473145, -416.46282959, -65.1175079346, -249.100265503, -114.468132019, -181.716033936], [-49122.3242188, -2754.92602539, 6687.19140625, -1439.88085938, 2532.27001953, -819.319030762, 1508.64758301, -533.140808105, 856.483947754, -71.1168136597, 660.420959473, 71.4266967773, 340.772949219], [12618.6162109, 894.134155273, -1439.88085938, 604.525695801, -582.27557373, 108.385673523, -434.838653564, 91.758972168, -215.784591675, -15.0347394943, -145.279388428, -20.3790779114, -83.3182754517], [-19902.9765625, -1151.53039551, 2532.27001953, -582.27557373, 1103.79089355, -263.091583252, 648.546447754, -187.74937439, 361.604309082, -7.78869438171, 258.356384277, 24.608745575, 150.467208862], [5435.63476562, 164.191848755, -819.319030762, 108.385673523, -263.091583252, 256.907775879, -94.8987197876, 102.743972778, -102.517341614, 31.1944179535, -90.1262283325, 11.3729953766, -41.9672927856], [-12365.4941406, -729.025268555, 1508.64758301, -434.838653564, 648.546447754, -94.8987197876, 490.868133545, -99.0400848389, 221.063934326, -0.463448554277, 165.773956299, 16.6060390472, 95.2435073853], [3807.15087891, 145.847473145, -533.140808105, 91.758972168, -187.74937439, 102.743972778, -99.0400848389, 90.0691070557, -55.1031951904, 20.0724773407, -62.5506439209, 4.99616384506, -31.6862716675], [-7211.79492188, -416.46282959, 856.483947754, -215.784591675, 361.604309082, -102.517341614, 221.063934326, -55.1031951904, 174.89414978, 2.60426592827, 105.540840149, 4.61210203171, 68.12059021], [180.89956665, -65.1175079346, -71.1168136597, -15.0347394943, -7.78869438171, 31.1944179535, -0.463448554277, 20.0724773407, 2.60426592827, 46.5970840454, -0.829496026039, 16.9540615082, -2.31397342682], [-5224.64599609, -249.100265503, 660.420959473, -145.279388428, 258.356384277, -90.1262283325, 165.773956299, -62.5506439209, 105.540840149, -0.829496026039, 113.058609009, 13.855758667, 56.9398994446], [-608.602172852, -114.468132019, 71.4266967773, -20.3790779114, 24.608745575, 11.3729953766, 16.6060390472, 4.99616384506, 4.61210203171, 16.9540615082, 13.855758667, 42.2296714783, 17.9749603271], [-3148.90478516, -181.716033936, 340.772949219, -83.3182754517, 150.467208862, -41.9672927856, 95.2435073853, -31.6862716675, 68.12059021, -2.31397342682, 56.9398994446, 17.9749603271, 66.418258667]],
        "icov": [[0.000361988990335, -0.00125692645088, 0.000670914130751, -0.000802577473223, 0.00125716545153, -0.000704894366208, 0.000999107724056, -0.00133526045829, 0.00168991612736, -0.000586850801483, 0.00119897234254, -0.00148387858644, 0.00153092003893], [-0.00125692645088, 0.00679738167673, -0.00175484549254, 0.000580452731811, -0.00331389345229, 0.00399673171341, -0.0050555630587, 0.00413161050528, -0.00377995311283, 0.00334186479449, -0.00692987255752, 0.0092004686594, -0.00456439517438], [0.000670914130751, -0.00175484549254, 0.00396076589823, -0.00135706446599, -0.000609310576692, 0.00160900061019, -0.000155381363584, 0.000123276273371, 0.00168693938758, 0.00205576629378, 0.000971749424934, -0.00678404979408, 0.00700615113601], [-0.000802577473223, 0.000580452731811, -0.00135706446599, 0.00902584474534, -0.00541157042608, -0.000107571468106, 0.00379661447369, 0.0026899704244, -0.00365075096488, 0.00281985430047, -0.00260581169277, -0.000132102315547, -0.00403423048556], [0.00125716545153, -0.00331389345229, -0.000609310576692, -0.00541157042608, 0.016447160393, -0.00238528614864, -0.00297828181647, -0.00374489044771, 0.0026827021502, -0.0058953971602, 0.00669818231836, -0.000793737301137, 0.00210609496571], [-0.000704894366208, 0.00399673171341, 0.00160900061019, -0.000107571468106, -0.00238528614864, 0.0156587008387, -0.0109701827168, -0.00263410061598, 0.000172059371835, 0.000898151833098, -0.000480085029267, -0.000187890051166, -0.000784970121458], [0.000999107724056, -0.0050555630587, -0.000155381363584, 0.00379661447369, -0.00297828181647, -0.0109701827168, 0.0225452277809, -0.00606199773028, 0.00540561415255, -0.000427660706919, -0.00289736641571, -0.000449624261819, 0.00073633575812], [-0.00133526045829, 0.00413161050528, 0.000123276273371, 0.0026899704244, -0.00374489044771, -0.00263410061598, -0.00606199773028, 0.0411997064948, -0.0212607420981, -0.000213206527405, 0.00726484088227, -0.00809083040804, 0.00366809521802], [0.00168991612736, -0.00377995311283, 0.00168693938758, -0.00365075096488, 0.0026827021502, 0.000172059371835, 0.00540561415255, -0.0212607420981, 0.0418359823525, -0.00839581899345, -0.00722038373351, 0.012757493183, -0.0077839884907], [-0.000586850801483, 0.00334186479449, 0.00205576629378, 0.00281985430047, -0.0058953971602, 0.000898151833098, -0.000427660706919, -0.000213206527405, -0.00839581899345, 0.0365150943398, -0.0084969913587, -0.0131102278829, 0.0094606326893], [0.00119897234254, -0.00692987255752, 0.000971749424934, -0.00260581169277, 0.00669818231836, -0.000480085029267, -0.00289736641571, 0.00726484088227, -0.00722038373351, -0.0084969913587, 0.043019335717, -0.016286695376, -0.00359086715616], [-0.00148387858644, 0.0092004686594, -0.00678404979408, -0.000132102315547, -0.000793737301137, -0.000187890051166, -0.000449624261819, -0.00809083040804, 0.012757493183, -0.0131102278829, -0.016286695376, 0.061556044966, -0.0283113922924], [0.00153092003893, -0.00456439517438, 0.00700615113601, -0.00403423048556, 0.00210609496571, -0.000784970121458, 0.00073633575812, 0.00366809521802, -0.0077839884907, 0.0094606326893, -0.00359086715616, -0.0283113922924, 0.0486225150526]]
    },
    "melbands": {
        "max": [0.00581010524184, 0.0103152357042, 0.00619884394109, 0.00208798469976, 0.0067872130312, 0.00676589412615, 0.00237712287344, 0.0029739649035, 0.00564999505877, 0.00893175974488, 0.0053500123322, 0.000879915663972, 0.00339110288769, 0.00105850910768, 0.00101252528839, 0.000729536463041, 0.00308597530238, 0.000858273415361, 0.000780517351814, 0.00202802824788, 0.000698698568158, 0.000432995642768, 0.000670957379043, 0.000301171123283, 0.000405812752433, 0.000213816019823, 0.000161343734362, 0.000114205351565, 0.000101871344668, 0.000109284446808, 0.000177810463356, 0.000105015984445, 8.58061830513e-05, 3.70339184883e-05, 5.31629011675e-05, 3.78571385227e-05, 1.43683264469e-05, 1.02115600384e-05, 6.12775193076e-06, 2.31190870181e-06],
        "mean": [0.000227826007176, 0.000407172250561, 0.000321256811731, 0.000185756231076, 0.00019446350052, 0.000157528193085, 8.43117450131e-05, 0.000141813521623, 0.0001023768491, 0.000104068385554, 0.000185518729268, 4.45007426606e-05, 9.14219926926e-05, 4.62041571154e-05, 4.50400948466e-05, 3.74578776245e-05, 8.69356590556e-05, 3.17599660775e-05, 2.29047818721e-05, 4.55737026641e-05, 2.81427855953e-05, 2.56265866483e-05, 2.62948215095e-05, 1.8795253709e-05, 1.82547119039e-05, 1.36030330395e-05, 1.02164176496e-05, 7.3991041063e-06, 4.78258561998e-06, 3.812294608e-06, 3.57431008524e-06, 2.78123798125e-06, 2.09450331567e-06, 1.63590402735e-06, 1.29309137264e-06, 1.15948807888e-06, 7.51787524678e-07, 5.0787099326e-07, 3.09254431841e-07, 1.69950226336e-07],
        "min": [7.14674009808e-25, 5.26785929719e-25, 9.57187256316e-25, 5.70183781217e-25, 3.68196291562e-25, 1.24978306303e-24, 7.58392286744e-25, 1.12117211142e-24, 1.46733246106e-24, 1.95202980187e-24, 1.95864952815e-24, 1.58203776706e-24, 1.62929507124e-24, 2.40395066231e-24, 1.89593193074e-24, 2.65082685197e-24, 2.5465238603e-24, 2.828050568e-24, 2.93746774492e-24, 2.98026660447e-24, 3.2658658066e-24, 2.301939706e-24, 3.12161568755e-24, 3.6869311616e-24, 4.13229007982e-24, 2.95210131193e-24, 2.87630499236e-24, 3.12819025155e-24, 4.20057309091e-24, 3.39737897748e-24, 3.64003653623e-24, 3.97758183453e-24, 5.3377563177e-24, 4.54307598558e-24, 4.43880750657e-24, 5.26651468378e-24, 5.39408138076e-24, 5.18726808382e-24, 5.31957504598e-24, 5.66547043697e-24],
        "stdev": [0.000548988871742, 0.000932868337259, 0.000690301181749, 0.000328845286276, 0.000481219234644, 0.000436327391071, 0.000187271536561, 0.000303572713165, 0.000283573812339, 0.000346303189872, 0.000494110339787, 9.10475209821e-05, 0.00027326788404, 9.76365772658e-05, 9.31407048483e-05, 7.71575723775e-05, 0.000241654983256, 6.70306835673e-05, 4.86514982185e-05, 0.000123309888295, 5.74103942199e-05, 4.64537843072e-05, 5.11821235705e-05, 3.22858395521e-05, 3.42521852872e-05, 2.77854542219e-05, 1.94497570192e-05, 1.3977096387e-05, 1.0276350622e-05, 8.76097601576e-06, 8.90574119694e-06, 6.10449978922e-06, 4.74573153042e-06, 3.45414855474e-06, 3.1283827866e-06, 2.96294729196e-06, 1.62450339758e-06, 1.10396911168e-06, 6.59162651573e-07, 3.51727209136e-07]
    },
    "melbands128": {
        "max": [0.000565783760976, 0.00217677652836, 0.00782158598304, 0.0169065482914, 0.0152880102396, 0.00979087874293, 0.00719590485096, 0.00985097233206, 0.0048990547657, 0.00282433256507, 0.00228813360445, 0.00345090427436, 0.0127293337137, 0.00666933879256, 0.011993243359, 0.00533375004306, 0.00415176944807, 0.00243682973087, 0.00334555190057, 0.00411517033353, 0.00390854198486, 0.00369014660828, 0.00753986276686, 0.00684852059931, 0.00491285091266, 0.0149116050452, 0.0129288574681, 0.00764319673181, 0.00428303983063, 0.000863876426592, 0.00136217440013, 0.00305249914527, 0.00616957480088, 0.00587203120813, 0.00141212937888, 0.000723908655345, 0.000760782859288, 0.00114582583774, 0.00256207003258, 0.00144198851194, 0.00130472762976, 0.00137609697413, 0.00410337094218, 0.00490201823413, 0.00127034378238, 0.00152291625272, 0.000647999288049, 0.000427363644121, 0.00122619944159, 0.00267495005392, 0.00378228770569, 0.00149762467481, 0.00123301695567, 0.000889419519808, 0.00102381850593, 0.000709748303052, 0.000522574177012, 0.000618513324298, 0.00116700609215, 0.000413212255808, 0.00044181899284, 0.000345311389538, 0.000686684506945, 0.000409613712691, 0.000224186704145, 0.000222579721594, 0.000451526488177, 0.000162485725014, 0.000142547054566, 0.000204656316782, 0.000129571169964, 0.000218386281631, 0.000148027436808, 0.000103947517346, 0.00022541002545, 0.000121920878883, 0.000116008734039, 0.000189871861949, 0.000234075982007, 8.67094859132e-05, 0.000166018988239, 6.15654498688e-05, 0.00010045239469, 0.000127185601741, 4.52367676189e-05, 3.06831170747e-05, 5.93840159127e-05, 4.81211100123e-05, 7.09726082277e-05, 6.69319924782e-05, 4.54236324003e-05, 5.30768302269e-05, 3.4324493754e-05, 1.57918311743e-05, 2.30368968914e-05, 1.65325418493e-05, 1.18754587675e-05, 1.13748928925e-05, 9.14485553949e-06, 4.56873385701e-06, 2.17099250222e-06, 4.08216692449e-06, 5.11788994118e-06, 4.36474738308e-06, 3.96781888412e-06, 2.47830530498e-06, 3.93305936086e-06, 2.29602192121e-05, 2.53434300248e-05, 4.52208041679e-06, 2.51235542237e-06, 1.17162733204e-06, 6.62577690491e-07, 7.22689890154e-07, 4.25203609211e-07, 4.20689218572e-07, 1.08536568177e-07, 6.06067951381e-09, 5.87011239617e-09, 5.7018905153e-09, 5.54795454022e-09, 5.42057687625e-09, 5.30220534145e-09, 5.20840304219e-09, 5.13137354829e-09, 5.06174790971e-09, 5.01432584343e-09, 4.98757612988e-09],
        "mean": [2.50234534178e-05, 9.91043125396e-05, 0.000317490979796, 0.000464918324724, 0.000393900816562, 0.000397811207222, 0.00037746608723, 0.000293958699331, 0.000249933131272, 0.000159502844326, 0.000150489722728, 0.000211382794078, 0.000205001080758, 0.000180684830411, 0.000167174322996, 0.000145126279676, 0.000109380976937, 5.92566429987e-05, 6.41525766696e-05, 0.000157999238581, 0.00018659811758, 8.43509551487e-05, 8.81551823113e-05, 0.00011829353025, 0.000107795385702, 6.9001383963e-05, 0.000161803938681, 0.000299117760733, 9.965836216e-05, 3.42804050888e-05, 3.07055343001e-05, 4.29552455898e-05, 0.000104395025119, 0.000140885866131, 3.31844094035e-05, 3.08903872792e-05, 3.61813545169e-05, 3.05867033603e-05, 7.10493986844e-05, 4.791860556e-05, 2.4471708457e-05, 2.57078772847e-05, 0.000101533478301, 0.000131736975163, 2.20422334678e-05, 2.2350497602e-05, 2.43639951805e-05, 1.65236961038e-05, 2.39298133238e-05, 3.64647821698e-05, 6.24257954769e-05, 3.98299162043e-05, 2.10385787796e-05, 2.60214419541e-05, 3.40145015798e-05, 2.09318568523e-05, 2.27156997425e-05, 3.13855052809e-05, 2.58770778601e-05, 2.12978557101e-05, 1.62786018336e-05, 1.62029846251e-05, 2.71208573395e-05, 1.56225141836e-05, 1.09270813482e-05, 1.33168769025e-05, 1.66134359461e-05, 1.09600969154e-05, 9.16053068067e-06, 8.31978468341e-06, 6.14627651885e-06, 8.80534207681e-06, 5.82870734434e-06, 3.13491341331e-06, 4.54324799648e-06, 4.47361662737e-06, 3.1718648188e-06, 2.9735665521e-06, 4.27418081017e-06, 3.37690585184e-06, 2.89934155262e-06, 2.43721729021e-06, 2.45402952714e-06, 1.98335919777e-06, 1.96843438971e-06, 1.75577429218e-06, 1.60367994795e-06, 1.21974483136e-06, 1.28690760448e-06, 1.30084777084e-06, 1.30901787543e-06, 1.11433735128e-06, 9.29180771436e-07, 6.94799894063e-07, 7.17421983154e-07, 5.94549590005e-07, 4.42408719437e-07, 4.00195176553e-07, 3.63971906836e-07, 2.59159463667e-07, 1.01999440005e-07, 1.61665411724e-07, 2.37154537785e-07, 1.68293567526e-07, 1.38522011639e-07, 1.20085189792e-07, 1.22896636867e-07, 1.71526821191e-07, 3.24995852452e-07, 1.16770266345e-07, 6.55332996757e-08, 3.70500963243e-08, 1.5949529697e-08, 1.20935590431e-08, 6.98136481958e-09, 4.25360058287e-09, 1.00807340253e-09, 8.15425244688e-12, 7.46428613363e-12, 7.25062414622e-12, 7.05405699131e-12, 6.89242239671e-12, 6.74356750996e-12, 6.62057388079e-12, 6.5095975485e-12, 6.39955493112e-12, 6.32722563579e-12, 6.29105665131e-12],
        "min": [2.49643218659e-27, 2.57308036963e-25, 1.3955696366e-25, 9.22485560918e-26, 9.39133360987e-26, 9.66716005798e-26, 3.01126425279e-25, 1.23965719514e-25, 5.89550760174e-25, 2.35263590138e-25, 1.39833175911e-25, 1.6969942513e-25, 2.0331794055e-25, 1.46756613645e-25, 4.19380989055e-25, 1.7028388478e-25, 4.94695216006e-25, 2.77345054652e-25, 3.19912827262e-25, 2.05586716839e-25, 2.40373436651e-25, 1.14647263094e-25, 4.58724982969e-25, 5.8228564706e-25, 3.89924010734e-25, 3.26571207733e-25, 1.61910101619e-25, 4.58048041704e-25, 9.24233775292e-25, 6.6187229537e-25, 4.23027301374e-25, 3.30490342666e-25, 9.47198305104e-25, 6.9377866215e-25, 7.67326826749e-25, 4.70242450793e-25, 4.99580582288e-25, 5.91358780065e-25, 7.10262058676e-25, 8.48226632643e-25, 1.24523202586e-24, 8.60592914801e-25, 6.4604449156e-25, 1.08072149357e-24, 7.93418697012e-25, 5.45759267085e-25, 1.21622166607e-24, 1.19802067283e-24, 8.79474004745e-25, 1.2346712491e-24, 1.25228473817e-24, 3.38450491541e-25, 1.44820850057e-24, 1.57347231535e-24, 1.64535036281e-24, 9.95976927532e-25, 7.21726574212e-25, 1.49386550179e-24, 1.54093979023e-24, 1.3787977142e-24, 1.64380015252e-24, 2.30396826182e-24, 1.63152774481e-24, 8.64465334377e-25, 1.03231935501e-24, 1.83118281929e-24, 1.65754585658e-24, 1.77546577077e-24, 1.64572507174e-24, 2.04512623552e-24, 2.16859046137e-24, 2.65527228039e-24, 2.11226263729e-24, 1.95555916556e-24, 2.61936175426e-24, 2.72354247249e-24, 1.90276228289e-24, 2.6652637954e-24, 1.9111709485e-24, 2.17943572109e-24, 2.18066792183e-24, 2.53729418771e-24, 2.22514015257e-24, 2.14330115847e-24, 2.88090405143e-24, 2.33788474479e-24, 3.12720713364e-24, 2.61124950314e-24, 3.24992825252e-24, 1.99087804601e-24, 3.66772910387e-24, 3.00961341344e-24, 3.1915067916e-24, 2.77609461106e-24, 3.24047079634e-24, 3.20717613297e-24, 3.32644933804e-24, 3.28285865936e-24, 3.86605228532e-24, 3.57295811573e-24, 3.86642581096e-24, 3.73865519343e-24, 3.62270250113e-24, 3.47297749018e-24, 4.06850160373e-24, 3.73532422826e-24, 3.74972015092e-24, 4.44403765437e-24, 2.46632885232e-24, 3.53357778491e-24, 3.98902505082e-24, 4.25194134648e-24, 3.41077896324e-24, 4.76148435453e-24, 5.21254831482e-24, 4.55230053057e-24, 4.08347181713e-24, 3.88459091102e-24, 4.66658675422e-24, 5.01272787538e-24, 4.83724537258e-24, 4.90544160897e-24, 3.8373886299e-24, 5.13325043891e-24, 4.90503810662e-24, 5.36965233068e-24, 3.70380331864e-24, 4.79902585058e-24],
        "stdev": [4.95449385198e-05, 0.000253160484135, 0.000848874158692, 0.00129076943267, 0.00111573713366, 0.000939670891967, 0.000875736470334, 0.000863478519022, 0.000561200780794, 0.000329423433868, 0.000297068123473, 0.000435829773778, 0.000774390762672, 0.000580002029892, 0.000676325231325, 0.000410255597671, 0.000290087424219, 0.000194140840904, 0.000191919956706, 0.000390713044908, 0.000442636024673, 0.000252142956015, 0.000358522811439, 0.000391537527321, 0.000341684150044, 0.000485204014694, 0.000598490005359, 0.000845677044708, 0.000337449513609, 8.62881424837e-05, 8.27074545668e-05, 0.000172335887328, 0.000408227322623, 0.000462568044895, 9.12604882615e-05, 7.550886221e-05, 8.30818753457e-05, 7.94396837591e-05, 0.000187055135029, 0.000130222979351, 6.45369655103e-05, 7.5451178418e-05, 0.000292523007374, 0.000429274514318, 7.21248579794e-05, 7.1515525633e-05, 5.61461420148e-05, 3.29096910718e-05, 7.37451191526e-05, 0.00012051165686, 0.000202942421311, 0.000111809225928, 6.48411369184e-05, 6.16592442384e-05, 7.90360427345e-05, 5.2961113397e-05, 4.80754024466e-05, 6.57486307318e-05, 6.76181152812e-05, 4.50434818049e-05, 3.3183805499e-05, 3.49097099388e-05, 6.07238071098e-05, 3.17587873724e-05, 2.50106331805e-05, 2.91138221655e-05, 4.26679689554e-05, 2.20696165343e-05, 1.95850261662e-05, 2.01908278541e-05, 1.25471206047e-05, 2.11855094676e-05, 1.43962624861e-05, 7.41612984712e-06, 1.56634414452e-05, 1.12858524517e-05, 8.58380735735e-06, 8.3530203483e-06, 1.1841027117e-05, 8.30391945783e-06, 7.9973224274e-06, 5.4408210417e-06, 6.49171806799e-06, 5.643800705e-06, 4.3591130634e-06, 3.89066462958e-06, 4.39844552602e-06, 2.86610065814e-06, 3.4374218103e-06, 3.68639643966e-06, 3.6578990148e-06, 3.12987390316e-06, 2.4179933007e-06, 1.56059343226e-06, 1.68403323642e-06, 1.45426361087e-06, 9.76531168817e-07, 1.01258467566e-06, 8.4122274302e-07, 5.84310043905e-07, 2.32933615507e-07, 3.72941855176e-07, 5.37893299679e-07, 3.73357778471e-07, 3.32662551727e-07, 2.80478133163e-07, 3.26765814407e-07, 8.68174765856e-07, 1.45891806369e-06, 3.87199094121e-07, 2.13552226569e-07, 1.0843826459e-07, 5.07349824375e-08, 4.80388813173e-08, 2.8609344227e-08, 1.95786569179e-08, 4.68668970299e-09, 1.89947155227e-10, 1.83974835366e-10, 1.78702386222e-10, 1.73877523491e-10, 1.6988399576e-10, 1.66176322702e-10, 1.63234786799e-10, 1.60822744011e-10, 1.58640822701e-10, 1.5715385937e-10, 1.56316320998e-10]
    },
    "mfcc": {
        "mean": [-915.595458984, 51.8726463318, -17.8781032562, 10.3527936935, -1.38919067383, 2.73664498329, -2.50095033646, 4.0499420166, -0.483142226934, 2.07428836823, -0.840301156044, 0.0758286938071, -2.0973379612],
        "cov": [[105456.828125, 15651.7138672, -4508.10449219, 3391.13867188, -420.554748535, 638.817382812, -747.760437012, 1134.56274414, -379.760681152, 497.935394287, -269.74307251, -66.0511856079, -711.958068848], [15651.7138672, 2729.62304688, -628.281005859, 619.050537109, -53.7454414368, 80.2858963013, -108.074890137, 149.944152832, -83.2345581055, 79.9212646484, -27.7301921844, -12.8367710114, -121.574501038], [-4508.10449219, -628.281005859, 525.735290527, 0.876890063286, 59.2530403137, -66.2957763672, 4.04289245605, -74.0100021362, -55.067489624, -64.678314209, -13.4303750992, -9.39728546143, 25.8732662201], [3391.13867188, 619.050537109, 0.876890063286, 384.147003174, 78.2091674805, -10.3967399597, -75.3596572876, -1.424721241, -60.2667808533, -7.41713619232, -43.8274917603, -8.38778209686, -3.14238595963], [-420.554748535, -53.7454414368, 59.2530403137, 78.2091674805, 93.9326095581, 1.43471693993, -14.6522016525, -7.81110811234, -3.13406610489, -0.364840865135, -13.4189405441, -0.729271829128, 19.1276226044], [638.817382812, 80.2858963013, -66.2957763672, -10.3967399597, 1.43471693993, 83.5526733398, 49.8867988586, 34.6261940002, 27.3314437866, 10.7199773788, 13.3865766525, 6.29272842407, -5.27025794983], [-747.760437012, -108.074890137, 4.04289245605, -75.3596572876, -14.6522016525, 49.8867988586, 93.0554656982, 26.653339386, 27.2877063751, 0.737269878387, 26.1184902191, 2.98180437088, -4.44107246399], [1134.56274414, 149.944152832, -74.0100021362, -1.424721241, -7.81110811234, 34.6261940002, 26.653339386, 64.2032928467, 25.0125179291, 16.558172226, 6.5860247612, 2.98221039772, -7.74179363251], [-379.760681152, -83.2345581055, -55.067489624, -60.2667808533, -3.13406610489, 27.3314437866, 27.2877063751, 25.0125179291, 58.4930686951, 20.3970489502, 12.0756521225, 8.78897953033, 5.66520929337], [497.935394287, 79.9212646484, -64.678314209, -7.41713619232, -0.364840865135, 10.7199773788, 0.737269878387, 16.558172226, 20.3970489502, 37.4232177734, 14.3608589172, 4.51414299011, -1.99261438847], [-269.74307251, -27.7301921844, -13.4303750992, -43.8274917603, -13.4189405441, 13.3865766525, 26.1184902191, 6.5860247612, 12.0756521225, 14.3608589172, 38.0649375916, 10.0183410645, -4.1039018631], [-66.0511856079, -12.8367710114, -9.39728546143, -8.38778209686, -0.729271829128, 6.29272842407, 2.98180437088, 2.98221039772, 8.78897953033, 4.51414299011, 10.0183410645, 28.2542591095, 12.9537887573], [-711.958068848, -121.574501038, 25.8732662201, -3.14238595963, 19.1276226044, -5.27025794983, -4.44107246399, -7.74179363251, 5.66520929337, -1.99261438847, -4.1039018631, 12.9537887573, 37.4199714661]],
        "icov": [[9.77496165433e-05, -0.00038834993029, 0.000253491423791, -0.000101248529973, 0.000170234459802, -0.000341314997058, 0.00047404677025, -0.000680854078382, 0.000377120566554, 5.46223527635e-05, 0.000265105394647, -0.000106002080429, 0.000206202297704], [-0.00038834993029, 0.00336722447537, 0.00041885531391, -0.00245280237868, 0.00117617321666, 0.000698227901012, -0.001402979251, 0.000242980138864, 0.00127436616458, -0.00214020558633, -0.00106162193697, -0.000678207026795, 0.00224778801203], [0.000253491423791, 0.00041885531391, 0.00523784384131, -0.00217420351692, -0.000777963781729, 0.00132133520674, -0.00080676417565, -0.00210959813558, 0.00458424724638, 0.00279957894236, -0.000441359967226, -0.000815896026324, 0.0021202552598], [-0.000101248529973, -0.00245280237868, -0.00217420351692, 0.00959336385131, -0.00698648300022, -0.000294645928079, 0.00141912105028, 0.00246362597682, 0.00077301840065, 0.00200817221776, 0.00261181569658, 0.000218869143282, -0.00317798834294], [0.000170234459802, 0.00117617321666, -0.000777963781729, -0.00698648300022, 0.0200628843158, -0.00502819521353, 0.00270403036848, -0.00198220880702, -0.000329941220116, -0.00635246513411, 0.00230196933262, 0.00277156103402, -0.00503660226241], [-0.000341314997058, 0.000698227901012, 0.00132133520674, -0.000294645928079, -0.00502819521353, 0.0261994190514, -0.014979686588, -0.000485060212668, -0.00585908116773, 0.00201239297166, -0.000228090051678, -0.00352489366196, 0.00140762072988], [0.00047404677025, -0.001402979251, -0.00080676417565, 0.00141912105028, 0.00270403036848, -0.014979686588, 0.0293961185962, -0.0103413546458, -0.00177335808985, 0.00911040976644, -0.0127174872905, 0.0054024620913, 0.00048411154421], [-0.000680854078382, 0.000242980138864, -0.00210959813558, 0.00246362597682, -0.00198220880702, -0.000485060212668, -0.0103413546458, 0.0342907756567, -0.0123476479203, -0.0041242451407, 0.00331057561561, 0.000203217263333, -0.00174462259747], [0.000377120566554, 0.00127436616458, 0.00458424724638, 0.00077301840065, -0.000329941220116, -0.00585908116773, -0.00177335808985, -0.0123476479203, 0.0405402556062, -0.0162365939468, 0.00652419403195, -0.00670608878136, 0.000823873677291], [5.46223527635e-05, -0.00214020558633, 0.00279957894236, 0.00200817221776, -0.00635246513411, 0.00201239297166, 0.00911040976644, -0.0041242451407, -0.0162365939468, 0.0537536852062, -0.0233294237405, 0.00571869965643, -0.00314034195617], [0.000265105394647, -0.00106162193697, -0.000441359967226, 0.00261181569658, 0.00230196933262, -0.000228090051678, -0.0127174872905, 0.00331057561561, 0.00652419403195, -0.0233294237405, 0.0523357577622, -0.0197778958827, 0.01044238545], [-0.000106002080429, -0.000678207026795, -0.000815896026324, 0.000218869143282, 0.00277156103402, -0.00352489366196, 0.0054024620913, 0.000203217263333, -0.00670608878136, 0.00571869965643, -0.0197778958827, 0.0543235465884, -0.0245223138481], [0.000206202297704, 0.00224778801203, 0.0021202552598, -0.00317798834294, -0.00503660226241, 0.00140762072988, 0.00048411154421, -0.00174462259747, 0.000823873677291, -0.00314034195617, 0.01044238545, -0.0245223138481, 0.0480284541845]]
    },
    "spectral_contrast_coeffs": {
        "max": [-0.44448363781, -0.517682433128, -0.499581217766, -0.633146226406, -0.62740945816, -0.615757524967],
        "mean": [-0.837638795376, -0.862014114857, -0.855308592319, -0.865680754185, -0.86362528801, -0.837156832218],
        "min": [-0.988047063351, -0.982177138329, -0.979734122753, -0.973570585251, -0.968900024891, -0.965416908264],
        "stdev": [0.129773005843, 0.10401340574, 0.108642108738, 0.0947600752115, 0.0926607623696, 0.113625466824]
    },
    "spectral_contrast_valleys": {
        "max": [-5.38648891449, -4.64695835114, -5.68542909622, -5.63934850693, -5.60091209412, -8.6464509964],
        "mean": [-16.194229126, -15.9478750229, -16.1420631409, -16.0678424835, -16.0610122681, -17.7837142944],
        "min": [-28.037405014, -28.1372718811, -27.9587135315, -27.6160335541, -27.5848636627, -27.479101181],
        "stdev": [9.91945838928, 10.113899231, 9.97869968414, 10.0010194778, 10.0377779007, 8.50233650208]
    }
},
"rhythm": {
    "beats_count": 38,
    "beats_loudness": {
        "max": 0.0450280681252,
        "mean": 0.0132651049644,
        "min": 0,
        "stdev": 0.0165639352053
    },
    "bpm": 103.785919189,
    "bpm_histogram_first_peak_bpm": 105,
    "bpm_histogram_first_peak_weight": 0.437499940395,
    "bpm_histogram_second_peak_bpm": 99,
    "bpm_histogram_second_peak_spread": 0.199999988079,
    "bpm_histogram_second_peak_weight": 0.216216206551,
    "danceability": 0.81708741188,
    "onset_rate": 2.33020401001,
    "beats_loudness_band_ratio": {
        "max": [0.47668504715, 0.428833574057, 0.397791534662, 0.552256524563, 0.574031829834, 0.235019758344],
        "mean": [0.083461843431, 0.0820513963699, 0.0762840881944, 0.115282155573, 0.15712594986, 0.0659652501345],
        "min": [0, 0, 0, 0, 0, 0],
        "stdev": [0.120318941772, 0.126641318202, 0.100523144007, 0.152404695749, 0.18682526052, 0.0736841782928]
    },
    "beats_position": [0.592108845711, 1.20743763447, 1.78793644905, 2.40326523781, 3.01859402657, 3.64553284645, 4.29569149017, 4.94585037231, 5.59600877762, 6.23455762863, 6.87310647964, 7.52326536179, 8.18503379822, 8.82358264923, 9.45052146912, 10.0890703201, 10.6811790466, 11.2732877731, 11.8653964996, 12.3994560242, 12.9219045639, 13.5256233215, 14.1293420792, 14.7330608368, 15.3367795944, 15.9404983521, 16.5326080322, 17.1247158051, 17.7168254852, 18.2857131958, 18.8546028137, 19.4234924316, 19.9923801422, 20.5612697601, 21.1301574707, 21.6990470886, 22.2679367065, 22.8368244171],
