{
"metadata": {
    "version": {
        "essentia": "2.1-beta5",
        "essentia_git_sha": "Undefined",
        "extractor": "music 2.0"
    },
    "audio_properties": {
        "analysis": {
            "equal_loudness": 0,
            "length": 34.8879814148,
            "sample_rate": 44100,
            "start_time": 191.4949646,
            "downmix": "mix"
        },
        "bit_rate": 192000,
        "length": 226.406188965,
        "lossless": 0,
        "number_channels": 2,
        "replay_gain": -11.1995849609,
        "sample_rate": 48000,
        "codec": "mp3",
        "md5_encoded": "7127233158c718581128d1f5f090404d"
    },
    "tags": {
        "file_name": "Switzerland_Canzone Per Te_Sandra Simò.mp3",
        "encoding": ["Lavf58.29.100"]
    }
},
"lowlevel": {
    "average_loudness": 0.783223748207,
    "barkbands_crest": {
        "max": 19.993019104,
        "mean": 6.7044839859,
        "min": 2.38142514229,
        "stdev": 2.49266934395
    },
    "barkbands_flatness_db": {
        "max": 0.207414284348,
        "mean": 0.0913349688053,
        "min": 0.0210738908499,
        "stdev": 0.0253390800208
    },
    "barkbands_kurtosis": {
        "max": 33.4031562805,
        "mean": 0.692366182804,
        "min": -1.69204115868,
        "stdev": 2.17082762718
    },
    "barkbands_skewness": {
        "max": 2.30802035332,
        "mean": -0.469426631927,
        "min": -4.98599672318,
        "stdev": 1.01923751831
    },
    "barkbands_spread": {
        "max": 60.5853996277,
        "mean": 28.1719703674,
        "min": 4.61246871948,
        "stdev": 8.87851047516
    },
    "dissonance": {
        "max": 0.499999195337,
        "mean": 0.485577762127,
        "min": 0.329149931669,
        "stdev": 0.0147269107401
    },
    "dynamic_complexity": 4.10866785049,
    "erbbands_crest": {
        "max": 25.8815040588,
        "mean": 6.70127916336,
        "min": 2.51107645035,
        "stdev": 3.43513345718
    },
    "erbbands_flatness_db": {
        "max": 0.314414232969,
        "mean": 0.157850474119,
        "min": 0.0776291638613,
        "stdev": 0.045909833163
    },
    "erbbands_kurtosis": {
        "max": 25.0867996216,
        "mean": 0.0276028644294,
        "min": -1.76971638203,
        "stdev": 1.60420370102
    },
    "erbbands_skewness": {
        "max": 1.73631966114,
        "mean": -0.338695377111,
        "min": -3.89938640594,
        "stdev": 0.567662656307
    },
    "erbbands_spread": {
        "max": 61.2272262573,
        "mean": 31.719789505,
        "min": 2.75661849976,
        "stdev": 8.63523292542
    },
    "hfc": {
        "max": 108.542182922,
        "mean": 23.0328559875,
        "min": 1.06356560439e-16,
        "stdev": 21.7386474609
    },
    "loudness_ebu128": {
        "integrated": -11.4227085114,
        "loudness_range": 7.17157649994,
        "momentary": {
            "max": -9.32929134369,
            "mean": -93.6832504272,
            "min": -300.691009521,
            "stdev": 128.369613647
        },
        "short_term": {
            "max": -10.2858848572,
            "mean": -77.6728363037,
            "min": -300.691009521,
            "stdev": 118.310661316
        }
    },
    "melbands_crest": {
        "max": 26.1096057892,
        "mean": 6.98687267303,
        "min": 1.54562342167,
        "stdev": 4.18874406815
    },
    "melbands_flatness_db": {
        "max": 0.227610617876,
        "mean": 0.0748067423701,
        "min": 0.00251738028601,
        "stdev": 0.0515901520848
    },
    "melbands_kurtosis": {
        "max": 19.0369739532,
        "mean": 0.379161953926,
        "min": -1.78831064701,
        "stdev": 1.96355235577
    },
    "melbands_skewness": {
        "max": 4.03001737595,
        "mean": 0.652095615864,
        "min": -2.85306787491,
        "stdev": 0.698489069939
    },
    "melbands_spread": {
        "max": 161.566360474,
        "mean": 74.3131561279,
        "min": 10.434882164,
        "stdev": 40.9058876038
    },
    "pitch_salience": {
        "max": 0.933743298054,
        "mean": 0.670773506165,
        "min": 0.350094109774,
        "stdev": 0.106637917459
    },
    "silence_rate_20dB": {
        "max": 1,
        "mean": 1,
        "min": 1,
        "stdev": 0
    },
    "silence_rate_30dB": {
        "max": 1,
        "mean": 1,
        "min": 1,
        "stdev": 0
    },
    "silence_rate_60dB": {
        "max": 1,
        "mean": 0.381648927927,
        "min": 0,
        "stdev": 0.485789597034
    },
    "spectral_centroid": {
        "max": 12082.3769531,
        "mean": 4943.65380859,
        "min": 900.80859375,
        "stdev": 3884.78369141
    },
    "spectral_complexity": {
        "max": 55,
        "mean": 20.4208774567,
        "min": 0,
        "stdev": 16.8665008545
    },
    "spectral_decrease": {
        "max": 1.94520573461e-28,
        "mean": -3.05084557617e-09,
        "min": -1.05495354674e-08,
        "stdev": 2.79972245387e-09
    },
    "spectral_energy": {
        "max": 0.0435784086585,
        "mean": 0.0136037301272,
        "min": 9.94565294706e-21,
        "stdev": 0.0123419351876
    },
    "spectral_energyband_high": {
        "max": 0.0147903477773,
        "mean": 0.00142300128937,
        "min": 6.92702128364e-21,
        "stdev": 0.00191101746168
    },
    "spectral_energyband_low": {
        "max": 0.0195292849094,
        "mean": 0.00109040702228,
        "min": 1.01195771119e-23,
        "stdev": 0.00202019349672
    },
    "spectral_energyband_middle_high": {
        "max": 0.0329196862876,
        "mean": 0.00729943905026,
        "min": 1.13578481621e-21,
        "stdev": 0.0071824118495
    },
    "spectral_energyband_middle_low": {
        "max": 0.0272870287299,
        "mean": 0.00410638097674,
        "min": 1.4417614441e-22,
        "stdev": 0.0046452563256
    },
    "spectral_entropy": {
        "max": 9.83023548126,
        "mean": 8.38260936737,
        "min": 7.12086248398,
        "stdev": 0.91402554512
    },
    "spectral_flux": {
        "max": 0.166493967175,
        "mean": 0.0539859496057,
        "min": 6.29181637346e-11,
        "stdev": 0.0426383540034
    },
    "spectral_kurtosis": {
        "max": 13.0261859894,
        "mean": 2.10865497589,
        "min": -1.28116202354,
        "stdev": 2.50316429138
    },
    "spectral_rms": {
        "max": 0.0065203923732,
        "mean": 0.00286234286614,
        "min": 3.11497615896e-12,
        "stdev": 0.00225363927893
    },
    "spectral_rolloff": {
        "max": 19659.8144531,
        "mean": 7754,
        "min": 538.330078125,
        "stdev": 7058.91162109
    },
    "spectral_skewness": {
        "max": 2.16229891777,
        "mean": 0.749683856964,
        "min": -0.101812623441,
        "stdev": 0.545660018921
    },
    "spectral_spread": {
        "max": 43002636,
        "mean": 14151574,
        "min": 1708149,
        "stdev": 16724748
    },
    "spectral_strongpeak": {
        "max": 16.083612442,
        "mean": 1.37652885914,
        "min": 0,
        "stdev": 1.78646123409
    },
    "zerocrossingrate": {
        "max": 0.798828125,
        "mean": 0.219039261341,
        "min": 0.03759765625,
        "stdev": 0.182156577706
    },
    "barkbands": {
        "max": [0.00071455037687, 0.0117845535278, 0.0122971925884, 0.00676934374496, 0.0110377594829, 0.0196847897023, 0.01916057989, 0.0152014652267, 0.0147151490673, 0.0107863228768, 0.025024395436, 0.0101573439315, 0.0119690671563, 0.0155562814325, 0.00972630269825, 0.00592832453549, 0.00413781683892, 0.00516768544912, 0.0100871976465, 0.0148367807269, 0.00524093862623, 0.00490828324109, 0.00110175262671, 0.000624337990303, 0.000218201574171, 0.000249165401328, 2.30496584663e-06],
        "mean": [4.35564688814e-05, 0.00040830069338, 0.000438664661488, 0.000495169137139, 0.000926292734221, 0.000501424015965, 0.000978500349447, 0.000521835696418, 0.000547836418264, 0.000558908272069, 0.00191079394426, 0.000404932681704, 0.000493580766488, 0.00044652930228, 0.000843960384373, 0.000382386235287, 0.000466363824671, 0.00051159481518, 0.000840580614749, 0.000937212957069, 0.000435159628978, 0.000312919757562, 9.92156783468e-05, 6.40454309178e-05, 2.12746217585e-05, 1.26764125525e-05, 2.72127724799e-08],
        "min": [9.64785083843e-26, 1.48615616138e-24, 8.1812330607e-25, 6.15698047916e-25, 4.19120181779e-24, 5.7326853304e-24, 4.07079916112e-24, 6.68804321828e-24, 1.32823492506e-23, 1.50878846242e-23, 1.28030878517e-23, 1.8666255509e-23, 2.66714440035e-23, 1.95151013975e-23, 3.09934172657e-23, 3.94621420058e-23, 4.6255288318e-23, 6.99370189104e-23, 1.06761834827e-22, 1.49678695349e-22, 1.96710178621e-22, 2.89405954554e-22, 3.31005455229e-22, 5.53840738034e-22, 7.81980372053e-22, 1.27392407948e-21, 1.88203905364e-21],
        "stdev": [6.48891946184e-05, 0.00102688116021, 0.00103384489194, 0.000860984087922, 0.0013628450688, 0.00112456036732, 0.0018083617324, 0.00115600938443, 0.00103654805571, 0.00104505557101, 0.0032695052214, 0.000947192718741, 0.000884584151208, 0.000802404829301, 0.00138559553307, 0.000598617654759, 0.000605821842328, 0.000642901693936, 0.00106912909541, 0.00142099813092, 0.000599700782914, 0.000437728944235, 0.000131179767777, 9.11082897801e-05, 3.24358006765e-05, 2.3757080271e-05, 1.1633996877e-07]
    },
    "erbbands": {
        "max": [0.234154835343, 3.22099065781, 12.5080976486, 16.6693248749, 29.7746486664, 41.145488739, 46.4450263977, 226.76184082, 318.934753418, 298.208587646, 258.789825439, 428.131958008, 392.540496826, 477.675109863, 645.936767578, 417.072509766, 526.106201172, 402.544769287, 642.694030762, 608.488891602, 405.776916504, 269.50668335, 235.751541138, 434.831085205, 382.334899902, 962.565490723, 264.732543945, 136.200119019, 234.225402832, 58.3554267883, 32.3807868958, 17.3076038361, 11.8058423996, 3.84121131897, 1.37015664577, 1.20263302326, 0.463112801313, 0.0282320622355, 0.000567962648347, 7.34855711926e-05],
        "mean": [0.0103139933199, 0.0998857095838, 0.446043431759, 1.13678371906, 2.62910795212, 3.1196000576, 3.01097822189, 4.59953641891, 9.23057746887, 18.9466304779, 9.85140228271, 12.9401245117, 15.1196899414, 42.4400596619, 53.7524833679, 18.0508289337, 22.9015541077, 22.383939743, 26.4773674011, 48.5749931335, 22.022310257, 27.7606582642, 26.8702545166, 37.4239120483, 42.5884971619, 47.4671020508, 23.8803195953, 13.7672481537, 12.0673732758, 6.13928031921, 2.55444312096, 1.53111362457, 0.956963658333, 0.281865149736, 0.139093011618, 0.0854693576694, 0.0166353844106, 0.000810000754427, 3.16543701047e-05, 2.05237047339e-05],
        "min": [2.80020788012e-23, 3.77434627423e-22, 1.34571531911e-21, 3.4327740966e-21, 4.58622455032e-21, 1.63502022373e-20, 2.07203508942e-20, 5.9826580973e-20, 7.3377511929e-20, 1.57303941888e-19, 2.55796944885e-19, 3.64988068615e-19, 3.57332589594e-19, 6.51883411466e-19, 7.93833188049e-19, 9.34664357951e-19, 1.26347847421e-18, 8.82885643339e-19, 2.10524186737e-18, 2.07266377254e-18, 3.02564242624e-18, 3.26177540096e-18, 4.14391554777e-18, 4.18676267632e-18, 5.94060643215e-18, 7.75129693482e-18, 6.79535614734e-18, 8.34651376973e-18, 9.7483590877e-18, 9.74666502181e-18, 9.9273295394e-18, 8.41818152519e-18, 8.69958009777e-18, 7.51798237124e-18, 5.48170689423e-18, 3.80797020405e-18, 2.2273926624e-18, 8.80200821866e-19, 2.30776618361e-19, 2.64900616826e-20],
        "stdev": [0.02416562289, 0.270783096552, 1.08204865456, 1.83700215816, 4.22727489471, 4.79046678543, 5.02381086349, 11.6924505234, 20.4114208221, 33.4760169983, 17.8140277863, 27.3689517975, 24.9122047424, 62.8578643799, 88.8117599487, 35.6233062744, 41.102645874, 33.5683746338, 57.029460907, 76.8890075684, 29.2574234009, 36.9717292786, 31.4956016541, 47.2370452881, 51.0384750366, 79.1643066406, 32.4224205017, 19.0255393982, 17.289024353, 8.3995513916, 3.49401259422, 2.21783876419, 1.38808774948, 0.424923330545, 0.207460224628, 0.148641988635, 0.0349914878607, 0.0020558249671, 5.10693134856e-05, 1.8737229766e-05]
    },
    "gfcc": {
        "mean": [-365.906829834, 45.1944503784, -119.712799072, 30.2761592865, -50.7129325867, 8.74609851837, -24.5569076538, 6.64239168167, -20.821805954, 1.17797994614, -11.9799261093, -1.19171690941, -6.1805062294],
        "cov": [[335011.25, 17095.90625, -43056.5820312, 11336.3330078, -18618.5234375, 2960.9987793, -8763.16992188, 2347.87207031, -7838.88671875, 388.176116943, -4503.81103516, -464.875549316, -2339.60205078], [17095.90625, 1548.09729004, -2137.47729492, 592.344543457, -938.192810059, -24.9851398468, -462.349853516, 56.8352813721, -388.614654541, -84.9388656616, -180.98197937, -112.748649597, -95.4753646851], [-43056.5820312, -2137.47729492, 6071.31201172, -1354.31774902, 2410.16113281, -475.311248779, 1175.71911621, -335.906860352, 946.319885254, -35.3138160706, 544.003601074, 63.5099601746, 236.28817749], [11336.3330078, 592.344543457, -1354.31774902, 569.887695312, -628.370483398, 97.0907363892, -276.134643555, 47.5669898987, -281.639312744, 8.58456802368, -154.213226318, -22.9081859589, -68.4858322144], [-18618.5234375, -938.192810059, 2410.16113281, -628.370483398, 1141.68066406, -115.235702515, 505.462371826, -114.243087769, 449.924316406, -12.0940246582, 239.469802856, 30.9640026093, 136.720901489], [2960.9987793, -24.9851398468, -475.311248779, 97.0907363892, -115.235702515, 209.705276489, -38.343624115, 55.6708908081, -54.388885498, 32.7803878784, -53.0302352905, 20.2578411102, -4.30835962296], [-8763.16992188, -462.349853516, 1175.71911621, -276.134643555, 505.462371826, -38.343624115, 337.401763916, -43.0696487427, 191.062332153, -21.2444820404, 122.082931519, 12.7891845703, 64.5741348267], [2347.87207031, 56.8352813721, -335.906860352, 47.5669898987, -114.243087769, 55.6708908081, -43.0696487427, 84.5810012817, -27.2673435211, 26.2247772217, -31.1933479309, 8.52318191528, -23.5819816589], [-7838.88671875, -388.614654541, 946.319885254, -281.639312744, 449.924316406, -54.388885498, 191.062332153, -27.2673435211, 252.411483765, 14.3126211166, 118.147796631, 9.59549617767, 65.1066055298], [388.176116943, -84.9388656616, -35.3138160706, 8.58456802368, -12.0940246582, 32.7803878784, -21.2444820404, 26.2247772217, 14.3126211166, 73.728302002, 7.09032869339, 23.2332115173, -21.785905838], [-4503.81103516, -180.98197937, 544.003601074, -154.213226318, 239.469802856, -53.0302352905, 122.082931519, -31.1933479309, 118.147796631, 7.09032869339, 115.882919312, 12.0285758972, 37.4436683655], [-464.875549316, -112.748649597, 63.5099601746, -22.9081859589, 30.9640026093, 20.2578411102, 12.7891845703, 8.52318191528, 9.59549617767, 23.2332115173, 12.0285758972, 57.4466133118, 14.1369123459], [-2339.60205078, -95.4753646851, 236.28817749, -68.4858322144, 136.720901489, -4.30835962296, 64.5741348267, -23.5819816589, 65.1066055298, -21.785905838, 37.4436683655, 14.1369123459, 76.7722854614]],
        "icov": [[0.000226603879128, -0.000629769987427, 0.000613504264038, -0.000559215957765, 0.000784442643635, -0.000203565796255, -2.87397779175e-05, -0.000581395695917, 0.00101050059311, -0.00110625883099, 0.0013088544365, -0.00067746033892, 0.000488061778015], [-0.000629769987427, 0.00412781117484, -0.00100095302332, 0.000499001238495, -0.00247283489443, 0.00226448383182, 0.000847468269058, 0.00101242645178, -0.00221675727516, 0.00526438606903, -0.00523173436522, 0.00414859270677, -0.00124214310199], [0.000613504264038, -0.00100095302332, 0.00429777428508, -0.00183168752119, -0.00100836739875, 0.00277941743843, -0.00331251998432, 0.00159037101548, 0.00165610259864, -0.00376249826513, 0.00461842585355, -0.00303725735284, 0.00365095864981], [-0.000559215957765, 0.000499001238495, -0.00183168752119, 0.00714355427772, 0.000226049756748, -0.00084517657524, -0.000625975837465, 0.00294342287816, -0.000187572804862, -0.000651053560432, -0.00120841735043, 0.00257648690604, -0.00334135023877], [0.000784442643635, -0.00247283489443, -0.00100836739875, 0.000226049756748, 0.0134191568941, -0.00482323626056, -0.000814186583739, -0.00150818820111, -0.00142097263597, -0.00282642291859, 0.00436621904373, -0.00165805045981, -0.00123252626508], [-0.000203565796255, 0.00226448383182, 0.00277941743843, -0.00084517657524, -0.00482323626056, 0.0122310221195, -0.00486168079078, 0.000301345105981, -6.94270129316e-05, -0.00330129289068, 0.00301325786859, -0.000191068131244, -0.00155051308684], [-2.87397779175e-05, 0.000847468269058, -0.00331251998432, -0.000625975837465, -0.000814186583739, -0.00486168079078, 0.0157046783715, -0.00740382354707, 0.00358318653889, 0.00713842827827, -0.00785210821778, 0.00331995543092, -0.00228630751371], [-0.000581395695917, 0.00101242645178, 0.00159037101548, 0.00294342287816, -0.00150818820111, 0.000301345105981, -0.00740382354707, 0.0265067107975, -0.0106731392443, -0.00244364026003, 0.00318019278347, -0.00423440756276, 0.00593101745471], [0.00101050059311, -0.00221675727516, 0.00165610259864, -0.000187572804862, -0.00142097263597, -6.94270129316e-05, 0.00358318653889, -0.0106731392443, 0.027076356113, -0.0118163917214, -0.000876887410413, 0.00589720206335, -0.00796579569578], [-0.00110625883099, 0.00526438606903, -0.00376249826513, -0.000651053560432, -0.00282642291859, -0.00330129289068, 0.00713842827827, -0.00244364026003, -0.0118163917214, 0.0361381880939, -0.0147943608463, -0.00536371255293, 0.0104060163721], [0.0013088544365, -0.00523173436522, 0.00461842585355, -0.00120841735043, 0.00436621904373, 0.00301325786859, -0.00785210821778, 0.00318019278347, -0.000876887410413, -0.0147943608463, 0.0320043638349, -0.00809607841074, 0.000489762576763], [-0.00067746033892, 0.00414859270677, -0.00303725735284, 0.00257648690604, -0.00165805045981, -0.000191068131244, 0.00331995543092, -0.00423440756276, 0.00589720206335, -0.00536371255293, -0.00809607841074, 0.0314702689648, -0.0133602377027], [0.000488061778015, -0.00124214310199, 0.00365095864981, -0.00334135023877, -0.00123252626508, -0.00155051308684, -0.00228630751371, 0.00593101745471, -0.00796579569578, 0.0104060163721, 0.000489762576763, -0.0133602377027, 0.0299191381782]]
    },
    "melbands": {
        "max": [0.00227301917039, 0.00488240784034, 0.00278575182892, 0.00261691468768, 0.00133833591826, 0.00460774451494, 0.00458465935662, 0.00327877467498, 0.00238343048841, 0.00250411871821, 0.0019431351684, 0.00176710123196, 0.00336266867816, 0.00139919389039, 0.00171861902345, 0.00122937606648, 0.00089932908304, 0.00125632539857, 0.000830882810988, 0.000614038843196, 0.000572535209358, 0.000314390083076, 0.000224290095503, 0.000380988843972, 0.000407507875934, 0.000446843361715, 0.000265969487373, 0.000719523872249, 0.000204336582101, 0.000144898920553, 7.51919287723e-05, 0.000161287709489, 7.55207220209e-05, 2.2003059712e-05, 2.10034286283e-05, 1.54662229761e-05, 1.39844350997e-05, 1.1349219676e-05, 6.751653018e-06, 2.1916280275e-06],
        "mean": [0.000103867292637, 0.000202234106837, 0.000244337890763, 0.000213908817386, 0.000111082874355, 0.000102341400634, 0.000159043964231, 0.00019224404241, 7.855513104e-05, 7.86290911492e-05, 7.3688061093e-05, 0.000160900424817, 0.00025179979275, 4.40826152044e-05, 5.25825016666e-05, 4.70686209155e-05, 3.99323143938e-05, 3.89450869989e-05, 6.1882463342e-05, 4.55258377769e-05, 2.25132862397e-05, 3.0599971069e-05, 1.91101171367e-05, 2.96676989819e-05, 2.91984215437e-05, 3.6296696635e-05, 2.97454007523e-05, 3.08485978167e-05, 1.62167161761e-05, 9.60463421507e-06, 7.08361858415e-06, 6.82049130774e-06, 6.03555417911e-06, 2.43853878601e-06, 1.47235130044e-06, 1.1367839079e-06, 8.43643420012e-07, 7.43305974993e-07, 4.2222779939e-07, 1.77548201918e-07],
        "min": [5.77549819223e-25, 7.12828568327e-25, 7.1311043819e-25, 4.8208571817e-25, 6.55743437782e-25, 1.51960563869e-24, 1.06998874513e-24, 1.31460198867e-24, 1.59215983855e-24, 2.03992606443e-24, 1.66430560568e-24, 2.03573504366e-24, 1.78150765644e-24, 2.38607408812e-24, 1.82496146776e-24, 1.77670152138e-24, 1.39535274916e-24, 2.34873513211e-24, 2.27861151131e-24, 2.30811293701e-24, 3.02153625716e-24, 2.78140699761e-24, 3.34819744434e-24, 3.33046385119e-24, 2.71420078165e-24, 4.14368635889e-24, 3.80855221394e-24, 3.86026046855e-24, 3.54163639349e-24, 4.67711686401e-24, 3.58028584468e-24, 4.81179277547e-24, 4.39654507243e-24, 4.90384968767e-24, 5.30831918416e-24, 4.91200887601e-24, 4.53058792302e-24, 5.32281213671e-24, 5.2539422131e-24, 5.82583323723e-24],
        "stdev": [0.000233047438087, 0.000466901663458, 0.000370840396499, 0.000322347739711, 0.000166557932971, 0.000253056234214, 0.000328416703269, 0.000348343193764, 0.000146489197505, 0.000165160308825, 0.000129550695419, 0.000237395855947, 0.000440665142378, 0.000109733176942, 0.000121138968098, 7.34903442208e-05, 6.67722342769e-05, 9.42172337091e-05, 9.7666750662e-05, 7.30611063773e-05, 3.36703851644e-05, 4.26791448263e-05, 2.44812217716e-05, 4.14513888245e-05, 4.10265165556e-05, 4.92155668326e-05, 4.01957222493e-05, 5.7077366364e-05, 2.32503080042e-05, 1.44197756526e-05, 1.00957731775e-05, 1.02135218185e-05, 9.20399179449e-06, 3.28909686687e-06, 2.10663620237e-06, 1.69896782154e-06, 1.28586373194e-06, 1.11511849354e-06, 6.50224365017e-07, 2.80059225588e-07]
    },
    "melbands128": {
        "max": [0.000534286140464, 0.00207334733568, 0.00293444795534, 0.00667679822072, 0.00647251866758, 0.00551133230329, 0.00369341485202, 0.00358013040386, 0.0040546618402, 0.00426772376522, 0.00207913480699, 0.0017717173323, 0.00200033187866, 0.00285005243495, 0.00492247799411, 0.00853379443288, 0.00594278005883, 0.00787556357682, 0.00743540516123, 0.00470926659182, 0.00625514984131, 0.00282509392127, 0.00462012318894, 0.0026569860056, 0.00500287208706, 0.0036600062158, 0.00214651529677, 0.00316103012301, 0.00311005511321, 0.00370223098435, 0.00367925222963, 0.00651992298663, 0.00519574200734, 0.00198406679556, 0.00310660549439, 0.00233403057791, 0.00173047313001, 0.00335131539032, 0.00366538949311, 0.00122040789574, 0.00209353794344, 0.00134003849234, 0.00138984702062, 0.00137213885318, 0.00401531718671, 0.00178538588807, 0.00205986411311, 0.00196550274268, 0.00124758435413, 0.00209064292721, 0.000983272097073, 0.000505104078911, 0.000678873271681, 0.000744700955693, 0.000481778784888, 0.00059820804745, 0.000514264043886, 0.000402223464334, 0.000248194177402, 0.000387426436646, 0.000761546369176, 0.000398018426495, 0.000354437739588, 0.000611135386862, 0.00145246717148, 0.000947491033003, 0.000544298440218, 0.000395468116039, 0.000319746905006, 0.000531085941475, 0.00163629243616, 0.000384390092222, 0.000428707164247, 0.000333386182319, 0.000209601275856, 0.000241946516326, 0.000197196000954, 0.000118662828754, 0.000100550692878, 0.000127728766529, 0.000187827128684, 0.000204784271773, 0.000110656459583, 0.000123451289255, 5.64270558243e-05, 4.69187471026e-05, 3.03038759739e-05, 3.20609651681e-05, 3.71681126126e-05, 1.83428564924e-05, 1.83320153155e-05, 2.75931288343e-05, 1.59681403602e-05, 2.07457960641e-05, 1.68419883266e-05, 1.66342379089e-05, 2.56806179095e-05, 8.37710649648e-06, 1.17678573588e-05, 5.2043415053e-06, 2.2236604309e-06, 3.49564561475e-06, 2.73371188086e-06, 2.25272924581e-06, 1.73451189767e-06, 2.03489730666e-06, 3.10175846607e-06, 3.17749618262e-06, 3.39302300745e-06, 3.07992604576e-06, 3.03913270727e-06, 2.28178396355e-06, 1.20623735711e-06, 1.05958383756e-06, 6.03831836088e-07, 2.09371563642e-07, 8.04887960726e-08, 9.45693479082e-09, 8.34586000309e-09, 7.75363595551e-09, 7.36427629988e-09, 7.06333436185e-09, 6.82769396576e-09, 6.65028521141e-09, 6.50411990932e-09, 6.39150554704e-09, 6.31739460744e-09, 6.26960927619e-09],
        "mean": [3.07438895106e-05, 7.76333617978e-05, 0.000124101876281, 0.000173240070581, 0.000214328611037, 0.0002167080238, 0.000212766506593, 0.000267751835054, 0.000272937701084, 0.000230122284847, 0.000168580401805, 0.00011767794058, 9.68670501607e-05, 9.8709926533e-05, 0.00010324804316, 0.000101061050373, 0.000112165449536, 0.000152504246216, 0.000232546211919, 0.000262403598754, 0.000144091114635, 7.46791774873e-05, 5.95486417296e-05, 9.16613644222e-05, 0.000100550678326, 6.1413673393e-05, 6.1891223595e-05, 7.1404123446e-05, 9.06049244804e-05, 8.01532441983e-05, 0.000125643477077, 0.000427101156674, 0.000356465869118, 4.97420878673e-05, 4.92670842505e-05, 4.21901168011e-05, 3.67022839782e-05, 5.27758165845e-05, 6.98114963598e-05, 4.33948662248e-05, 3.4670378227e-05, 6.25983157079e-05, 3.55797492375e-05, 3.02459611703e-05, 4.39998402726e-05, 3.69687222701e-05, 4.03185476898e-05, 4.0948689275e-05, 8.46052062116e-05, 9.41210382734e-05, 2.36000032601e-05, 1.8528657165e-05, 2.74114954664e-05, 2.03639119718e-05, 2.110081914e-05, 4.29151805292e-05, 2.49717395491e-05, 2.12294562516e-05, 1.53551482072e-05, 1.75252298504e-05, 4.13662310166e-05, 2.77736780845e-05, 1.78225509444e-05, 3.02093249047e-05, 4.68827493023e-05, 4.43579920102e-05, 2.19757221203e-05, 2.72341858363e-05, 2.66046281467e-05, 3.8870399294e-05, 4.31596345152e-05, 1.76398571057e-05, 1.78434656846e-05, 1.84642631211e-05, 1.10227356345e-05, 9.42510723689e-06, 8.96891015145e-06, 8.77649290487e-06, 6.16339821136e-06, 6.3706797846e-06, 6.77625803291e-06, 6.08094796917e-06, 8.65305355546e-06, 6.48871036901e-06, 3.78415279556e-06, 2.71271551355e-06, 2.06296522265e-06, 1.55403188273e-06, 1.55252109835e-06, 1.20999516184e-06, 1.37887730034e-06, 1.00373142686e-06, 9.98579935185e-07, 8.17106979412e-07, 8.08527261142e-07, 7.0132421115e-07, 8.67430287599e-07, 5.57000703338e-07, 5.08041864578e-07, 3.14144045888e-07, 1.2228849755e-07, 1.71661923787e-07, 2.05293659405e-07, 1.69773016978e-07, 1.49044709019e-07, 1.19584228742e-07, 1.72247652586e-07, 1.46658067024e-07, 1.72577514945e-07, 1.45324264622e-07, 1.21008071119e-07, 7.3125427491e-08, 3.09161691803e-08, 1.92681710587e-08, 1.25827916975e-08, 4.01281630147e-09, 1.08346609462e-09, 8.90619782784e-12, 7.6164526075e-12, 7.16182191676e-12, 6.84873772278e-12, 6.60243257636e-12, 6.40792800766e-12, 6.25299811929e-12, 6.11439848405e-12, 5.9943469459e-12, 5.91663914043e-12, 5.87309974959e-12],
        "min": [2.06534939973e-26, 6.11936783772e-26, 3.00847710861e-25, 2.24301184568e-25, 3.36215032299e-25, 2.72263188049e-25, 9.10294208666e-26, 3.84696106255e-25, 1.93659780902e-25, 2.88585558342e-25, 5.85759913746e-26, 2.08373984284e-25, 2.23049434875e-26, 4.73305400472e-25, 1.27444423543e-25, 6.46503990711e-26, 8.24131554221e-26, 2.43972195449e-25, 3.01525983328e-25, 3.4516027123e-25, 3.52542505537e-25, 4.68245843841e-25, 4.54981295632e-25, 5.35804779233e-25, 4.81957725488e-25, 3.032502114e-25, 5.55541290221e-25, 6.67830413876e-25, 5.06419168172e-25, 8.80350626426e-25, 4.93125432108e-25, 7.00253385941e-25, 7.82094549414e-25, 4.56969520936e-25, 9.56664931789e-25, 5.49429541054e-25, 7.72493471248e-25, 7.60002105333e-25, 1.01129147872e-24, 7.5969444958e-25, 5.08943572372e-25, 5.32618915164e-25, 6.90955575489e-25, 6.55337815365e-25, 9.70386674198e-25, 5.85119580558e-25, 1.04740858779e-24, 9.88014461378e-25, 9.41196848552e-25, 1.32709892592e-24, 1.01805270693e-24, 1.36449527156e-24, 1.29918182873e-24, 1.16438532016e-24, 9.53572301218e-25, 1.41254212689e-24, 1.34270456677e-24, 1.7554135182e-24, 1.09212674593e-24, 1.29191819473e-24, 1.81384937583e-24, 1.23056187542e-24, 1.5873331931e-24, 2.13918074074e-24, 1.86290764945e-24, 1.68784304572e-24, 1.20569126045e-24, 2.15215020567e-24, 1.53319357057e-24, 1.60797659831e-24, 9.61452528623e-25, 1.93929738964e-24, 1.57264756128e-24, 2.44118765805e-24, 2.1306044422e-24, 1.48488264405e-24, 1.66994852495e-24, 1.79497469539e-24, 2.32494072063e-24, 2.45421865413e-24, 2.681700304e-24, 2.19128993391e-24, 2.43299257654e-24, 2.76166299244e-24, 2.47009053554e-24, 3.09217835679e-24, 2.94759139413e-24, 2.61892886684e-24, 3.12774947551e-24, 3.40496387508e-24, 3.27110601238e-24, 2.52216501883e-24, 2.19038925198e-24, 1.82546554988e-24, 3.81822285978e-24, 3.23841818026e-24, 3.23668268627e-24, 3.8502955776e-24, 3.46690799437e-24, 3.81693425549e-24, 2.83544751949e-24, 4.4219026118e-24, 3.46292227465e-24, 3.38891844427e-24, 4.3170034385e-24, 4.09942140134e-24, 4.07392186701e-24, 4.72590120568e-24, 3.90992202355e-24, 4.59047824294e-24, 4.47998604582e-24, 3.81523307695e-24, 4.37498905377e-24, 4.73986207155e-24, 4.01540100962e-24, 3.84557937268e-24, 4.64224645099e-24, 4.05000675981e-24, 5.36046959531e-24, 4.3831222097e-24, 4.61215929606e-24, 4.12698104593e-24, 4.06349430914e-24, 4.39844662164e-24, 5.12564463649e-24, 4.92676254709e-24, 5.25558383264e-24, 4.13432731311e-24],
        "stdev": [4.79486552649e-05, 0.000205664851819, 0.00029708375223, 0.000547453062609, 0.000599402934313, 0.000490646110848, 0.000372449634597, 0.000482940376969, 0.000502095848788, 0.000428767147241, 0.00029415867175, 0.000194724285393, 0.000212670594919, 0.000188301739399, 0.000285787711618, 0.000426546524977, 0.000385457416996, 0.000408163352404, 0.000568253162783, 0.000488059653435, 0.000405340950238, 0.00018504448235, 0.000187030163943, 0.000203624382266, 0.000281581073068, 0.000182123621926, 0.000142718970892, 0.000163574222825, 0.000236421212321, 0.000213968887692, 0.000334717798978, 0.000793094397523, 0.000712394132279, 0.000120982076623, 0.000170434926986, 0.000151846877998, 0.000105280218122, 0.000182376228622, 0.000207245233469, 9.20657621464e-05, 8.69840878295e-05, 0.000120237200463, 8.31160359667e-05, 8.49521165946e-05, 0.000146305566886, 0.000118277297588, 0.000154820823809, 0.000127870516735, 0.000154820314492, 0.00019187736325, 6.86616112944e-05, 3.84751765523e-05, 5.20196190337e-05, 3.86949723179e-05, 3.61321435776e-05, 7.10966924089e-05, 4.61049930891e-05, 3.64370862371e-05, 2.57366027654e-05, 3.19269929605e-05, 7.04342091922e-05, 4.6750796173e-05, 2.94020610454e-05, 6.26739565632e-05, 9.58524324233e-05, 8.1084210251e-05, 3.98763440899e-05, 4.47227939731e-05, 4.27436316386e-05, 6.56837000861e-05, 0.00011419832299, 3.26207809849e-05, 3.41299019055e-05, 3.20996987284e-05, 1.86357465282e-05, 1.87914483831e-05, 1.52379770952e-05, 1.46352304e-05, 1.01387240647e-05, 1.03833226603e-05, 1.14195445349e-05, 1.14595304694e-05, 1.47908504005e-05, 1.13195364975e-05, 6.96448796589e-06, 4.42580858362e-06, 3.06266497319e-06, 2.51695837505e-06, 2.66324650511e-06, 1.95428083316e-06, 2.22482162826e-06, 1.88215290109e-06, 1.64343725828e-06, 1.46642651089e-06, 1.36736173317e-06, 1.13452585992e-06, 1.62350841038e-06, 8.61493731463e-07, 8.84191308614e-07, 5.63108926599e-07, 2.19081755404e-07, 3.13238587069e-07, 3.45874724417e-07, 2.87396147769e-07, 2.42481604573e-07, 2.06685612625e-07, 3.14034423354e-07, 2.80160605826e-07, 3.40224431739e-07, 3.15694364872e-07, 2.57133223158e-07, 1.67463255707e-07, 8.01233497327e-08, 7.08439102937e-08, 4.37815792509e-08, 1.21936905018e-08, 3.81528586502e-09, 2.43752795726e-10, 2.15121281899e-10, 1.99857921879e-10, 1.89821186547e-10, 1.82064696652e-10, 1.75990486073e-10, 1.71419489714e-10, 1.67651045824e-10, 1.64750449394e-10, 1.62841171103e-10, 1.61606436566e-10]
    },
    "mfcc": {
        "mean": [-807.600158691, 58.2798309326, -25.1748256683, 17.3442935944, -10.4701747894, 2.16399335861, -0.471837639809, 2.18640780449, -2.09935832024, 1.7095965147, -3.67499041557, -2.86091518402, -0.30569139123],
        "cov": [[91729.3203125, 11170.8183594, -4364.84228516, 3605.9152832, -2264.57861328, 328.233276367, 27.5627498627, 371.504669189, -443.360443115, 313.118896484, -829.20715332, -708.143798828, -45.8995018005], [11170.8183594, 1953.85046387, -573.383850098, 506.222137451, -250.126327515, -60.3239135742, -49.390663147, 25.6688213348, -105.589942932, 28.6717224121, -102.119522095, -120.71522522, -28.3813457489], [-4364.84228516, -573.383850098, 546.703613281, -24.7539482117, 70.3070373535, -27.1052417755, 16.2219562531, -58.5978622437, -12.1786661148, -39.5758209229, 17.4019603729, 29.2392616272, -0.238483607769], [3605.9152832, 506.222137451, -24.7539482117, 346.195007324, -97.5002365112, -3.26991462708, -1.65537381172, -13.9436826706, -50.1283988953, -1.92323446274, -61.9579238892, -45.279045105, -2.77460765839], [-2264.57861328, -250.126327515, 70.3070373535, -97.5002365112, 151.055175781, 21.4449672699, -20.9632530212, -11.0596790314, 32.6499252319, 2.41906070709, 26.2331581116, 21.1299724579, 2.62978124619], [328.233276367, -60.3239135742, -27.1052417755, -3.26991462708, 21.4449672699, 108.636642456, 39.9001159668, 20.3265171051, 27.3483886719, 6.08532524109, -7.97904443741, 10.6274490356, 4.36967182159], [27.5627498627, -49.390663147, 16.2219562531, -1.65537381172, -20.9632530212, 39.9001159668, 90.1825942993, 32.0843276978, 9.11254024506, 5.24907064438, -2.46723866463, 4.21036577225, 2.56529116631], [371.504669189, 25.6688213348, -58.5978622437, -13.9436826706, -11.0596790314, 20.3265171051, 32.0843276978, 61.4884338379, 28.2884674072, 8.7586145401, -1.34719014168, -0.493627667427, -3.21796894073], [-443.360443115, -105.589942932, -12.1786661148, -50.1283988953, 32.6499252319, 27.3483886719, 9.11254024506, 28.2884674072, 70.2566299438, 18.448299408, 2.93501925468, 3.38504981995, -0.207451999187], [313.118896484, 28.6717224121, -39.5758209229, -1.92323446274, 2.41906070709, 6.08532524109, 5.24907064438, 8.7586145401, 18.448299408, 47.6034431458, 17.8589382172, 4.51735448837, -0.794173300266], [-829.20715332, -102.119522095, 17.4019603729, -61.9579238892, 26.2331581116, -7.97904443741, -2.46723866463, -1.34719014168, 2.93501925468, 17.8589382172, 63.1274337769, 39.6055793762, 0.757470846176], [-708.143798828, -120.71522522, 29.2392616272, -45.279045105, 21.1299724579, 10.6274490356, 4.21036577225, -0.493627667427, 3.38504981995, 4.51735448837, 39.6055793762, 70.2035980225, 18.2308444977], [-45.8995018005, -28.3813457489, -0.238483607769, -2.77460765839, 2.62978124619, 4.36967182159, 2.56529116631, -3.21796894073, -0.207451999187, -0.794173300266, 0.757470846176, 18.2308444977, 41.2768173218]],
        "icov": [[8.7339329184e-05, -0.00026127541787, 0.000290618510917, -0.000345639971783, 0.000644702231511, -0.000479140435345, 0.000137377035571, 7.38062881283e-05, -0.000161075993674, -0.000145752215758, 5.32878002559e-05, -3.15689358104e-05, -8.78670762177e-05], [-0.00026127541787, 0.00249119708315, 0.000751214742195, -0.00105167203583, -0.00161091808695, 0.00229695998132, -8.40841676109e-05, -0.000677540141623, 0.00155702547636, 0.000149166386109, -0.000184039905434, 0.000572227523662, 0.000929232803173], [0.000290618510917, 0.000751214742195, 0.00528060039505, -0.0036264625378, 0.000981496181339, 0.000837064057123, -0.00204455875792, 0.00335932685994, -0.00103113579098, 0.00193640310317, -0.000283146800939, -0.000836138613522, 0.00127081642859], [-0.000345639971783, -0.00105167203583, -0.0036264625378, 0.00863409787416, -0.000805940537248, -0.000343882187735, 0.000303197390167, -1.38882001011e-06, 0.00267338426784, -0.00229474762455, 0.00414111977443, -0.000118138923426, -0.00053376640426], [0.000644702231511, -0.00161091808695, 0.000981496181339, -0.000805940537248, 0.0159017648548, -0.00708214752376, 0.00523960171267, 0.00214013690129, -0.00468633882701, -0.00069386913674, -0.00252456450835, 0.000799069995992, -0.0012049137149], [-0.000479140435345, 0.00229695998132, 0.000837064057123, -0.000343882187735, -0.00708214752376, 0.0176103748381, -0.00810734927654, 0.00112386979163, -0.0029240148142, 0.00124448165298, 0.00421541603282, -0.0043456745334, 0.00205794046633], [0.000137377035571, -8.40841676109e-05, -0.00204455875792, 0.000303197390167, 0.00523960171267, -0.00810734927654, 0.0198337361217, -0.0108212633058, 0.00400076573715, -0.00364903523587, -6.52754461044e-05, 0.00128819153178, -0.00206617079675], [7.38062881283e-05, -0.000677540141623, 0.00335932685994, -1.38882001011e-06, 0.00214013690129, 0.00112386979163, -0.0108212633058, 0.0306238364428, -0.0131774246693, 0.00372340437025, -0.00103581044823, -0.00161571532954, 0.00317821186036], [-0.000161075993674, 0.00155702547636, -0.00103113579098, 0.00267338426784, -0.00468633882701, -0.0029240148142, 0.00400076573715, -0.0131774246693, 0.0280754864216, -0.0113380542025, 0.00632607471198, 0.000542980036698, -3.55806114385e-05], [-0.000145752215758, 0.000149166386109, 0.00193640310317, -0.00229474762455, -0.00069386913674, 0.00124448165298, -0.00364903523587, 0.00372340437025, -0.0113380542025, 0.0327396132052, -0.0153388753533, 0.00404144404456, -0.000703630154021], [5.32878002559e-05, -0.000184039905434, -0.000283146800939, 0.00414111977443, -0.00252456450835, 0.00421541603282, -6.52754461044e-05, -0.00103581044823, 0.00632607471198, -0.0153388753533, 0.03830511868, -0.0197775959969, 0.00761629082263], [-3.15689358104e-05, 0.000572227523662, -0.000836138613522, -0.000118138923426, 0.000799069995992, -0.0043456745334, 0.00128819153178, -0.00161571532954, 0.000542980036698, 0.00404144404456, -0.0197775959969, 0.0295088347048, -0.0120411291718], [-8.78670762177e-05, 0.000929232803173, 0.00127081642859, -0.00053376640426, -0.0012049137149, 0.00205794046633, -0.00206617079675, 0.00317821186036, -3.55806114385e-05, -0.000703630154021, 0.00761629082263, -0.0120411291718, 0.0301392041147]]
    },
    "spectral_contrast_coeffs": {
        "max": [-0.492425829172, -0.543205678463, -0.554910957813, -0.636440634727, -0.648221194744, -0.593890607357],
        "mean": [-0.791682064533, -0.832181155682, -0.809168279171, -0.831111729145, -0.821186125278, -0.776610016823],
        "min": [-0.985334634781, -0.994768500328, -0.980943858624, -0.974654793739, -0.968205034733, -0.96630436182],
        "stdev": [0.126684367657, 0.101541891694, 0.112340264022, 0.0938686355948, 0.0962979570031, 0.122666090727]
    },
    "spectral_contrast_valleys": {
        "max": [-5.64500713348, -5.33968400955, -5.73269510269, -5.8916425705, -5.66103792191, -8.79173278809],
        "mean": [-13.1920681, -12.6974153519, -12.9580793381, -12.9799098969, -12.7175512314, -15.1061983109],
        "min": [-28.234254837, -27.9830970764, -27.903169632, -27.7132320404, -27.6045951843, -27.4609127045],
        "stdev": [8.9425983429, 9.24993896484, 9.0916519165, 9.05215072632, 9.23745536804, 7.73312950134]
    }
},
"rhythm": {
    "beats_count": 74,
    "beats_loudness": {
        "max": 0.0404917038977,
        "mean": 0.0151997404173,
        "min": 0,
        "stdev": 0.0134500516579
    },
    "bpm": 128.349594116,
    "bpm_histogram_first_peak_bpm": 129,
    "bpm_histogram_first_peak_weight": 0.393939375877,
    "bpm_histogram_second_peak_bpm": 123,
    "bpm_histogram_second_peak_spread": 0.187499940395,
    "bpm_histogram_second_peak_weight": 0.178082197905,
    "danceability": 0.827467262745,
    "onset_rate": 1.80517864227,
    "beats_loudness_band_ratio": {
        "max": [0.585382759571, 0.284706413746, 0.65702688694, 0.557172238827, 0.522159576416, 0.883457124233],
        "mean": [0.101571917534, 0.0742750838399, 0.120558209717, 0.161197111011, 0.132150888443, 0.153192892671],
        "min": [0, 0, 0, 0, 0, 0],
        "stdev": [0.127874583006, 0.0836951509118, 0.146079897881, 0.140002667904, 0.125984191895, 0.158273488283]
    },
