{
"metadata": {
    "version": {
        "essentia": "2.1-beta5",
        "essentia_git_sha": "Undefined",
        "extractor": "music 2.0"
    },
    "audio_properties": {
        "analysis": {
            "equal_loudness": 0,
            "length": 12.7477550507,
            "sample_rate": 44100,
            "start_time": 0,
            "downmix": "mix"
        },
        "bit_rate": 192000,
        "length": 181.90512085,
        "lossless": 0,
        "number_channels": 2,
        "replay_gain": -12.0594329834,
        "sample_rate": 44100,
        "codec": "mp3",
        "md5_encoded": "373a2ee85b6a1a446c64ecadda982528"
    },
    "tags": {
        "file_name": "Sweden_Fångad Av En Stormvind_Carola.mp3",
        "encoding": ["Lavf58.29.100"]
    }
},
"lowlevel": {
    "average_loudness": 0.948842227459,
    "barkbands_crest": {
        "max": 22.4398479462,
        "mean": 9.13580703735,
        "min": 2.72281932831,
        "stdev": 4.6054058075
    },
    "barkbands_flatness_db": {
        "max": 0.224633619189,
        "mean": 0.125284001231,
        "min": 0.0617779679596,
        "stdev": 0.0325028076768
    },
    "barkbands_kurtosis": {
        "max": 17.4679164886,
        "mean": 1.0674495697,
        "min": -1.68124854565,
        "stdev": 2.77554392815
    },
    "barkbands_skewness": {
        "max": 3.86085724831,
        "mean": 0.462364464998,
        "min": -2.72221183777,
        "stdev": 1.0407782793
    },
    "barkbands_spread": {
        "max": 62.0284461975,
        "mean": 25.5845127106,
        "min": 3.36958599091,
        "stdev": 11.5131835938
    },
    "dissonance": {
        "max": 0.499947577715,
        "mean": 0.477754414082,
        "min": 0.398989886045,
        "stdev": 0.0195701085031
    },
    "dynamic_complexity": 3.02190685272,
    "erbbands_crest": {
        "max": 26.7420406342,
        "mean": 8.59265422821,
        "min": 2.65062999725,
        "stdev": 5.33511161804
    },
    "erbbands_flatness_db": {
        "max": 0.322928637266,
        "mean": 0.190674334764,
        "min": 0.0965039655566,
        "stdev": 0.0426346622407
    },
    "erbbands_kurtosis": {
        "max": 14.5413951874,
        "mean": 0.363644480705,
        "min": -1.64689409733,
        "stdev": 1.90641975403
    },
    "erbbands_skewness": {
        "max": 2.26996135712,
        "mean": 0.0552559494972,
        "min": -1.48906457424,
        "stdev": 0.674697160721
    },
    "erbbands_spread": {
        "max": 94.414642334,
        "mean": 35.1087417603,
        "min": 3.81817364693,
        "stdev": 19.9435062408
    },
    "hfc": {
        "max": 98.5554504395,
        "mean": 26.3530426025,
        "min": 1.21524346338e-16,
        "stdev": 19.5669555664
    },
    "loudness_ebu128": {
        "integrated": -12.0908031464,
        "loudness_range": 3.66309642792,
        "momentary": {
            "max": -9.2505645752,
            "mean": -12.9737615585,
            "min": -22.2220973969,
            "stdev": 3.11051917076
        },
        "short_term": {
            "max": -10.5727500916,
            "mean": -12.0478773117,
            "min": -16.688999176,
            "stdev": 1.4126585722
        }
    },
    "melbands_crest": {
        "max": 28.8158874512,
        "mean": 11.7247257233,
        "min": 1.76058578491,
        "stdev": 5.67903423309
    },
    "melbands_flatness_db": {
        "max": 0.291410028934,
        "mean": 0.133819162846,
        "min": 0.00500174751505,
        "stdev": 0.0467067360878
    },
    "melbands_kurtosis": {
        "max": 55.1119766235,
        "mean": 5.01715421677,
        "min": -1.49541568756,
        "stdev": 8.04514789581
    },
    "melbands_skewness": {
        "max": 6.98090934753,
        "mean": 1.40407180786,
        "min": -1.55604398251,
        "stdev": 1.51430904865
    },
    "melbands_spread": {
        "max": 160.350662231,
        "mean": 38.2559585571,
        "min": 4.86800575256,
        "stdev": 20.3808479309
    },
    "pitch_salience": {
        "max": 0.988230407238,
        "mean": 0.617905557156,
        "min": 0.277510344982,
        "stdev": 0.127810060978
    },
    "silence_rate_20dB": {
        "max": 1,
        "mean": 1,
        "min": 1,
        "stdev": 0
    },
    "silence_rate_30dB": {
        "max": 1,
        "mean": 1,
        "min": 1,
        "stdev": 0
    },
    "silence_rate_60dB": {
        "max": 1,
        "mean": 0.103636361659,
        "min": 0,
        "stdev": 0.304790467024
    },
    "spectral_centroid": {
        "max": 11105.9003906,
        "mean": 2057.54760742,
        "min": 536.393493652,
        "stdev": 813.721435547
    },
    "spectral_complexity": {
        "max": 59,
        "mean": 24.1872730255,
        "min": 0,
        "stdev": 11.3066072464
    },
    "spectral_decrease": {
        "max": 3.74797926617e-20,
        "mean": -4.89140150606e-09,
        "min": -1.40461322573e-08,
        "stdev": 3.10795988945e-09
    },
    "spectral_energy": {
        "max": 0.0619526430964,
        "mean": 0.0208515897393,
        "min": 1.09284194474e-20,
        "stdev": 0.0131460847333
    },
    "spectral_energyband_high": {
        "max": 0.0107573280111,
        "mean": 0.00135006255005,
        "min": 7.97325531671e-21,
        "stdev": 0.00160074373707
    },
    "spectral_energyband_low": {
        "max": 0.0234186779708,
        "mean": 0.00234631542116,
        "min": 2.39805085049e-23,
        "stdev": 0.00313965743408
    },
    "spectral_energyband_middle_high": {
        "max": 0.0573230013251,
        "mean": 0.010096963495,
        "min": 1.53505748638e-21,
        "stdev": 0.010716185905
    },
    "spectral_energyband_middle_low": {
        "max": 0.0376137383282,
        "mean": 0.0075955200009,
        "min": 2.91090936204e-22,
        "stdev": 0.00719025591388
    },
    "spectral_entropy": {
        "max": 9.80911827087,
        "mean": 7.77469348907,
        "min": 7.06096935272,
        "stdev": 0.302845060825
    },
    "spectral_flux": {
        "max": 0.23804064095,
        "mean": 0.0854291170835,
        "min": 6.96089644259e-11,
        "stdev": 0.0407525449991
    },
    "spectral_kurtosis": {
        "max": 11.2192077637,
        "mean": 2.83654212952,
        "min": -1.21434760094,
        "stdev": 1.92304217815
    },
    "spectral_rms": {
        "max": 0.00777441961691,
        "mean": 0.00420527346432,
        "min": 3.26525221792e-12,
        "stdev": 0.00163055164739
    },
    "spectral_rolloff": {
        "max": 19832.0800781,
        "mean": 2537.67163086,
        "min": 215.33203125,
        "stdev": 1846.66040039
    },
    "spectral_skewness": {
        "max": 2.26023292542,
        "mean": 1.02226161957,
        "min": 0.0149948028848,
        "stdev": 0.387669861317
    },
    "spectral_spread": {
        "max": 41189792,
        "mean": 3848298.25,
        "min": 1957685.375,
        "stdev": 2446265.75
    },
    "spectral_strongpeak": {
        "max": 9.20911121368,
        "mean": 1.57556295395,
        "min": 0,
        "stdev": 1.95019769669
    },
    "zerocrossingrate": {
        "max": 0.51123046875,
        "mean": 0.085132278502,
        "min": 0.01953125,
        "stdev": 0.043339073658
    },
    "barkbands": {
        "max": [0.000607978028711, 0.0102250948548, 0.011628780514, 0.00718036154285, 0.0321841947734, 0.0173456482589, 0.0102773010731, 0.0125032346696, 0.00575988786295, 0.0208592005074, 0.0307615660131, 0.0463312193751, 0.0409236103296, 0.0203876700252, 0.0250376295298, 0.0100721707568, 0.00533233117312, 0.00557583523914, 0.0097111845389, 0.00532643310726, 0.00871134269983, 0.0028989831917, 0.00253182533197, 0.000317114841891, 0.000209521283978, 4.24078025389e-05, 1.05829292352e-06],
        "mean": [7.24857382011e-05, 0.000795259664301, 0.00106107257307, 0.000841397966724, 0.00379573740065, 0.00106567412149, 0.000500388734508, 0.000654269184452, 0.0005672647967, 0.000780745758675, 0.00117662316188, 0.00301016471349, 0.00120629835874, 0.000665368046612, 0.000881073821802, 0.000523710157722, 0.000468038371764, 0.000471836217912, 0.000715308880899, 0.000559730338864, 0.000524341245182, 0.000314144155709, 0.000138635848998, 4.36744267063e-05, 1.66676745721e-05, 1.67855614563e-06, 2.5745290344e-09],
        "min": [9.3236661568e-24, 4.97824321533e-24, 7.58063223279e-24, 1.06495843552e-23, 4.48861728853e-23, 4.12993580333e-23, 3.1354314819e-23, 4.05695323228e-23, 2.90003317897e-23, 2.62132751675e-23, 6.93913606669e-23, 8.8356548705e-23, 1.17451139907e-22, 7.05072328163e-23, 7.78228764158e-23, 1.65443821793e-22, 1.73462624449e-22, 1.78454069252e-22, 2.15502158048e-22, 2.34461300256e-22, 3.39868389541e-22, 4.7628190283e-22, 4.64592069687e-22, 9.15399445077e-22, 1.20732200476e-21, 1.77736112427e-21, 2.46289755824e-21],
        "stdev": [8.12300713733e-05, 0.00141065998469, 0.00172677182127, 0.00119823485147, 0.00509688770398, 0.00163271336351, 0.000890710391104, 0.00122005003504, 0.00077277130913, 0.00196650694124, 0.00322353979573, 0.00740667479113, 0.00373809691519, 0.00142471177969, 0.00206202687696, 0.000845799280796, 0.000568244431634, 0.000593855336774, 0.00117568124551, 0.000675781222526, 0.000790770573076, 0.000444516190328, 0.000190449878573, 4.84004194732e-05, 2.35050429183e-05, 3.42032330991e-06, 4.50674306762e-08]
    },
    "erbbands": {
        "max": [0.326434344053, 3.00298714638, 13.6599407196, 16.5489273071, 84.6539306641, 108.722236633, 109.476417542, 191.039825439, 218.449493408, 215.068832397, 172.7578125, 134.538116455, 626.874023438, 724.181884766, 821.700439453, 1745.13952637, 2118.87792969, 1036.87744141, 1330.5748291, 862.253051758, 447.58972168, 216.785171509, 387.289306641, 339.580749512, 510.247711182, 233.699310303, 514.881652832, 281.240631104, 121.270606995, 146.499832153, 38.8469543457, 11.3144540787, 4.1581697464, 3.00036597252, 1.58975958824, 0.476969867945, 0.0109268715605, 0.000666436972097, 0.000161249394296, 8.10531491879e-05],
        "mean": [0.0209050644189, 0.196309104562, 1.04960203171, 2.32076215744, 7.34811210632, 12.6430931091, 11.4709978104, 10.1118488312, 9.01077079773, 8.66714000702, 12.3574409485, 12.6420707703, 22.2522258759, 35.2530517578, 63.8042182922, 111.047790527, 62.2832374573, 32.9827194214, 42.6583328247, 39.6248474121, 30.6213665009, 26.8952407837, 25.7432117462, 30.484336853, 35.3868560791, 25.4035243988, 25.1083393097, 16.7821083069, 11.7330446243, 8.14697265625, 3.15796113014, 1.25302219391, 0.620167732239, 0.228928521276, 0.0959501340985, 0.0207235068083, 0.000521445239428, 3.27988127538e-05, 1.72823711182e-05, 2.75498932751e-05],
        "min": [1.71912544325e-22, 1.01733834841e-21, 7.60963915945e-21, 2.32866868226e-20, 7.5550586484e-20, 2.0413890817e-19, 2.02516070281e-19, 3.51080861922e-19, 3.10167836741e-19, 9.09596649487e-19, 7.77035941543e-19, 7.29808581457e-19, 1.86296107955e-18, 2.83543017643e-18, 2.78188325986e-18, 2.8959913778e-18, 5.13317310236e-18, 4.89474863055e-18, 5.72749699581e-18, 5.54546308072e-18, 8.70687583077e-18, 9.34108761413e-18, 1.00043913396e-17, 9.9260366561e-18, 1.2995382136e-17, 1.06083870424e-17, 9.96728319016e-18, 1.75550986303e-17, 1.49837067801e-17, 1.80749915714e-17, 1.16480968241e-17, 1.6848598706e-17, 1.69728164186e-17, 1.37839441673e-17, 8.03466750598e-18, 5.7709181877e-18, 3.34380193922e-18, 1.19153526761e-18, 3.2891865121e-19, 3.64642539764e-20],
        "stdev": [0.0357611291111, 0.373266220093, 1.75435364246, 2.98289370537, 11.2309484482, 18.0080757141, 16.8060321808, 17.0699996948, 16.3862514496, 16.1754741669, 20.3641605377, 17.068239212, 50.5903053284, 82.4705810547, 130.741271973, 265.246917725, 168.610794067, 66.8818130493, 93.6725387573, 86.7110214233, 40.0559005737, 27.5453510284, 33.5508155823, 36.3733825684, 56.8784561157, 30.8192214966, 38.4426574707, 24.7848377228, 16.6969394684, 11.8559246063, 4.26421022415, 1.47526907921, 0.695025920868, 0.32109940052, 0.149124920368, 0.0394876040518, 0.00092734064674, 4.78262954857e-05, 1.2478831195e-05, 1.70717048604e-05]
    },
    "gfcc": {
        "mean": [-15.2198171616, 89.9239730835, -167.691436768, 55.5803413391, -70.9013137817, 17.777715683, -36.8722686768, -2.65077972412, -25.1669311523, -6.57963705063, -8.51927185059, -7.60748291016, 1.282797575],
        "cov": [[13586.2314453, 1349.66442871, -967.792602539, 685.35546875, -798.122131348, -75.244644165, -307.831970215, -333.257446289, -517.590332031, -254.140686035, -125.053466797, -168.495681763, -42.2868804932], [1349.66442871, 782.840332031, 228.112594604, 78.0933380127, -29.5568523407, -178.7056427, -4.6498837471, -112.721176147, -74.5827026367, -100.002601624, -4.97608613968, -58.7787971497, 11.8413524628], [-967.792602539, 228.112594604, 739.507263184, 167.160629272, -35.9781570435, -158.976516724, -41.5408935547, -56.6984519958, -40.7557525635, -49.8130607605, -93.6890335083, -7.31475973129, -41.0826911926], [685.35546875, 78.0933380127, 167.160629272, 286.009735107, -92.7738647461, -64.1784896851, -50.1142997742, -82.6294708252, -29.6398601532, -52.5438308716, -59.7430610657, -33.9489135742, -39.266456604], [-798.122131348, -29.5568523407, -35.9781570435, -92.7738647461, 284.872833252, 115.840141296, 70.0347518921, 30.1735477448, 19.7261981964, 44.6321220398, 54.4653587341, -5.5864944458, -4.65640354156], [-75.244644165, -178.7056427, -158.976516724, -64.1784896851, 115.840141296, 207.619171143, 44.2649154663, 44.9369926453, 22.0613613129, 39.3855743408, 24.036605835, 6.72114467621, -7.17178058624], [-307.831970215, -4.6498837471, -41.5408935547, -50.1142997742, 70.0347518921, 44.2649154663, 134.845947266, 37.6281051636, -8.02895450592, -11.7762784958, 26.5550098419, -17.8904933929, -0.539689004421], [-333.257446289, -112.721176147, -56.6984519958, -82.6294708252, 30.1735477448, 44.9369926453, 37.6281051636, 186.601776123, 75.9170150757, 49.0763244629, -16.8649501801, 27.2957191467, 11.2037677765], [-517.590332031, -74.5827026367, -40.7557525635, -29.6398601532, 19.7261981964, 22.0613613129, -8.02895450592, 75.9170150757, 139.588577271, 57.1084213257, 5.76660299301, 10.0615224838, 13.8137998581], [-254.140686035, -100.002601624, -49.8130607605, -52.5438308716, 44.6321220398, 39.3855743408, -11.7762784958, 49.0763244629, 57.1084213257, 133.713180542, 41.5635566711, -3.49682784081, -7.18231582642], [-125.053466797, -4.97608613968, -93.6890335083, -59.7430610657, 54.4653587341, 24.036605835, 26.5550098419, -16.8649501801, 5.76660299301, 41.5635566711, 96.5051498413, 12.376001358, 12.9960346222], [-168.495681763, -58.7787971497, -7.31475973129, -33.9489135742, -5.5864944458, 6.72114467621, -17.8904933929, 27.2957191467, 10.0615224838, -3.49682784081, 12.376001358, 72.2938156128, 35.606880188], [-42.2868804932, 11.8413524628, -41.0826911926, -39.266456604, -4.65640354156, -7.17178058624, -0.539689004421, 11.2037677765, 13.8137998581, -7.18231582642, 12.9960346222, 35.606880188, 66.0354309082]],
        "icov": [[0.00051648641238, -0.00141989870463, 0.0013305710163, -0.00141760567203, 0.00129131227732, -0.00129994621966, 0.000927743909415, -0.000805539253633, 0.00208211434074, -0.000838783453219, 0.000451469153631, -0.000216490036109, 0.000165423669387], [-0.00141989870463, 0.00607090163976, -0.00419641286135, 0.00393232051283, -0.00400434341282, 0.00487354304641, -0.00184975424781, 0.00190230587032, -0.00531663605943, 0.00399618316442, -0.00284938770346, 0.00361651368439, -0.00220373785123], [0.0013305710163, -0.00419641286135, 0.00585424574092, -0.0044315000996, 0.00234486558475, -0.00157303200103, 0.00135199259967, -0.00108974485192, 0.0053469077684, -0.00355730392039, 0.00430273730308, -0.00354059576057, 0.00235891714692], [-0.00141760567203, 0.00393232051283, -0.0044315000996, 0.00972474552691, -0.00237766723149, 0.00330820330419, -0.00185157114174, 0.00429167272523, -0.00669049378484, 0.00337223242968, 0.000372791895643, 0.00165313237812, 0.00166265666485], [0.00129131227732, -0.00400434341282, 0.00234486558475, -0.00237766723149, 0.00926514528692, -0.00673330016434, 0.000940200581681, -0.00196678563952, 0.00468358630314, -0.00248113437556, -0.00122425309382, 0.000290756113827, 0.000687928695697], [-0.00129994621966, 0.00487354304641, -0.00157303200103, 0.00330820330419, -0.00673330016434, 0.0127743724734, -0.00410297978669, 0.00252218288369, -0.00512496288866, 0.000953363487497, 0.00116502784658, -0.00152969209012, 0.00150458875578], [0.000927743909415, -0.00184975424781, 0.00135199259967, -0.00185157114174, 0.000940200581681, -0.00410297978669, 0.0156610962003, -0.00778180873021, 0.00587517488748, 0.00516143953428, -0.00731988623738, 0.00904578436166, -0.00236973143183], [-0.000805539253633, 0.00190230587032, -0.00108974485192, 0.00429167272523, -0.00196678563952, 0.00252218288369, -0.00778180873021, 0.0139939570799, -0.00790630653501, -0.00411883927882, 0.00864137988538, -0.00779236620292, 0.00242137652822], [0.00208211434074, -0.00531663605943, 0.0053469077684, -0.00669049378484, 0.00468358630314, -0.00512496288866, 0.00587517488748, -0.00790630653501, 0.0195683836937, -0.00598663650453, 0.000714652705938, 0.00149703747593, -0.00289456313476], [-0.000838783453219, 0.00399618316442, -0.00355730392039, 0.00337223242968, -0.00248113437556, 0.000953363487497, 0.00516143953428, -0.00411883927882, -0.00598663650453, 0.0177916064858, -0.0116485944018, 0.0087808277458, -4.68037869723e-05], [0.000451469153631, -0.00284938770346, 0.00430273730308, 0.000372791895643, -0.00122425309382, 0.00116502784658, -0.00731988623738, 0.00864137988538, 0.000714652705938, -0.0116485944018, 0.0253436528146, -0.0120750982314, 0.00231966306455], [-0.000216490036109, 0.00361651368439, -0.00354059576057, 0.00165313237812, 0.000290756113827, -0.00152969209012, 0.00904578436166, -0.00779236620292, 0.00149703747593, 0.0087808277458, -0.0120750982314, 0.0315910689533, -0.0147723536938], [0.000165423669387, -0.00220373785123, 0.00235891714692, 0.00166265666485, 0.000687928695697, 0.00150458875578, -0.00236973143183, 0.00242137652822, -0.00289456313476, -4.68037869723e-05, 0.00231966306455, -0.0147723536938, 0.0259917117655]]
    },
    "melbands": {
        "max": [0.00277321017347, 0.00606640428305, 0.00317828985862, 0.00840009842068, 0.00355021189898, 0.00382221280597, 0.00283777387813, 0.00276857428253, 0.0011249956442, 0.000849478296004, 0.00330755393952, 0.00304904649965, 0.00415639206767, 0.00683435285464, 0.0063612642698, 0.00302894087508, 0.00221528369002, 0.0023242731113, 0.00239477027208, 0.00106624374166, 0.000464107550215, 0.000300724903354, 0.000292365351925, 0.000405993661843, 0.00030487816548, 0.000637404678855, 0.000167512087501, 0.000176162924618, 0.000277218554402, 0.000262888264842, 0.000163603530382, 7.71128034103e-05, 5.96417557972e-05, 8.88402282726e-05, 2.27651380555e-05, 1.45204239743e-05, 5.31934210812e-06, 2.71084172709e-06, 3.97310850531e-06, 1.86399302038e-06],
        "mean": [0.000202485534828, 0.000452606531326, 0.000516985019203, 0.000799706613179, 0.000445191893959, 0.000216190062929, 0.000123292920762, 0.000112663627078, 9.21373430174e-05, 8.28988195281e-05, 0.00011363732483, 0.000139094801852, 0.0001780068269, 0.00033456570236, 0.000231960657402, 9.94286601781e-05, 5.4929889302e-05, 6.64806793793e-05, 6.78687283653e-05, 3.99583186663e-05, 3.45542430296e-05, 2.98445138469e-05, 1.98072284547e-05, 2.41455927608e-05, 2.37379226746e-05, 3.16291443596e-05, 1.89841321117e-05, 1.63074091688e-05, 1.66853096744e-05, 1.20390168377e-05, 9.008383131e-06, 6.556218068e-06, 6.06083403909e-06, 3.91422690882e-06, 1.86578370176e-06, 1.19508683838e-06, 5.80947016715e-07, 4.28236347716e-07, 3.41477743859e-07, 1.46810151591e-07],
        "min": [2.40608926423e-24, 3.40199775808e-24, 6.8126469537e-24, 8.78361355881e-24, 8.13219588911e-24, 9.90800461715e-24, 5.28509748569e-24, 9.46940584246e-24, 5.55145794806e-24, 4.68205828872e-24, 8.05094637131e-24, 9.01444924804e-24, 9.45345665268e-24, 1.01380640672e-23, 5.54401465099e-24, 1.45849021778e-23, 7.65461160848e-24, 9.57434643096e-24, 6.41183067206e-24, 1.18295222653e-23, 8.97030538064e-24, 1.05548689817e-23, 7.3388692423e-24, 8.91220656383e-24, 7.90825721078e-24, 8.21105042519e-24, 6.45424575078e-24, 8.22738931226e-24, 5.71798135756e-24, 9.01543453531e-24, 9.18943279631e-24, 7.83828761507e-24, 8.77039934979e-24, 9.89317166555e-24, 5.72493871631e-24, 9.03835646663e-24, 9.96472687168e-24, 1.10662322863e-23, 1.11292330848e-23, 1.15853067062e-23],
        "stdev": [0.000329182017595, 0.000728131562937, 0.000628180277999, 0.00120350020006, 0.000621838087682, 0.00034940810292, 0.000220280402573, 0.000215348729398, 0.000143647834193, 0.000117026895168, 0.000266914168606, 0.000328212539898, 0.000428931612987, 0.000907325127628, 0.000700262666214, 0.000267586554401, 0.000131598324515, 0.000152706619701, 0.000165052246302, 7.88290271885e-05, 4.96209286212e-05, 3.49396068486e-05, 2.60428278125e-05, 3.42074708897e-05, 3.06600086333e-05, 6.58271819702e-05, 2.27820419241e-05, 2.25696894631e-05, 2.57005631283e-05, 2.29945253523e-05, 1.41130640259e-05, 9.63664024312e-06, 8.93424476089e-06, 5.95049050389e-06, 2.61679338109e-06, 1.61668151577e-06, 6.93280867381e-07, 4.61051882894e-07, 4.79396305764e-07, 2.12341433325e-07]
    },
    "melbands128": {
        "max": [0.000494803534821, 0.00235575344414, 0.00476934853941, 0.00648427382112, 0.00798016507179, 0.00545501150191, 0.00392829626799, 0.00442161876708, 0.00882051233202, 0.0139976870269, 0.00715274782851, 0.00683898013085, 0.00505271321163, 0.00402323901653, 0.00659777782857, 0.00431772880256, 0.00655807368457, 0.00185438827612, 0.00138713396154, 0.00257046846673, 0.00506249722093, 0.00332549982704, 0.00118451635353, 0.000979124451987, 0.00131600000896, 0.00138118769974, 0.0021011182107, 0.00476201064885, 0.0057184221223, 0.00419498886913, 0.00457604741678, 0.0103464554995, 0.00695923250169, 0.00390408770181, 0.0102403294295, 0.0119643239304, 0.00968018081039, 0.014203030616, 0.00866545923054, 0.00701802968979, 0.00416800705716, 0.00184080353938, 0.00302544259466, 0.00269710621797, 0.00276227784343, 0.00343465059996, 0.00332113052718, 0.00358603219502, 0.00238120486028, 0.00293885846622, 0.000783108640462, 0.00133908190764, 0.000971745408606, 0.000655081239529, 0.00075206469046, 0.000594977871515, 0.000234206672758, 0.000285963149508, 0.00046176140313, 0.000821868015919, 0.000879592844285, 0.000390531320591, 0.000295956531772, 0.000594691140577, 0.00115075241774, 0.00128752749879, 0.000848175259307, 0.000290571246296, 0.000194418986212, 0.000173612570507, 0.000291991978884, 0.000266140617896, 0.000325284257997, 0.000570000207517, 0.000795662519522, 0.000360375648597, 0.000399517070036, 0.000280228385236, 0.000145596262882, 0.000123746867757, 8.68074203026e-05, 0.000129710097099, 8.72392411111e-05, 9.01592502487e-05, 7.16961294529e-05, 0.000143923578435, 6.77458447171e-05, 4.38652677985e-05, 3.16746736644e-05, 1.50340592882e-05, 3.58815523214e-05, 8.2595333879e-06, 1.03775910247e-05, 7.16482145435e-06, 6.27056397207e-06, 3.15871579915e-06, 4.33188051829e-06, 6.13962811258e-06, 4.75979641124e-06, 5.51778157387e-06, 3.25652763422e-06, 2.2404315132e-06, 2.04771845347e-06, 1.29235024815e-06, 1.97028907678e-06, 2.18934542318e-06, 2.23672282118e-06, 2.16205694414e-06, 5.32021090294e-07, 5.60067503486e-09, 5.95013061044e-09, 5.88935256118e-09, 5.73758951461e-09, 5.57005819246e-09, 5.39949507328e-09, 5.23826937382e-09, 5.08855002579e-09, 4.93705565319e-09, 4.80730211194e-09, 4.68999772352e-09, 4.56786608538e-09, 4.47306769402e-09, 4.39225056326e-09, 4.31323199379e-09, 4.25026946971e-09, 4.20501811149e-09, 4.16490752997e-09, 4.14327772091e-09],
        "mean": [4.90023849125e-05, 0.000160715688253, 0.000241003042902, 0.00033032198553, 0.000495472631883, 0.000520618632436, 0.000458221213194, 0.000408973923186, 0.000709450338036, 0.00108215468936, 0.000606231275015, 0.000624571577646, 0.000409852858866, 0.000192276376765, 0.000261717184912, 0.000186812263564, 0.000174900415004, 0.000119692806038, 5.01370450365e-05, 7.11656030035e-05, 0.000176432877197, 0.0001509476715, 6.14410164417e-05, 6.18971826043e-05, 6.67430722388e-05, 0.000107982457848, 8.29770724522e-05, 0.000103349528217, 0.000165244215168, 8.98021826288e-05, 0.000134409056045, 0.00022416151478, 0.000129950392875, 0.000159102026373, 0.000384757586289, 0.000399793003453, 0.000217700537178, 0.000319017504808, 0.000166458645253, 8.94069962669e-05, 0.000108180131065, 6.0062178818e-05, 5.15889878443e-05, 4.32085616922e-05, 8.07540491223e-05, 5.98943370278e-05, 6.78908254486e-05, 7.95626765466e-05, 6.66378691676e-05, 4.15856848122e-05, 3.63345934602e-05, 3.66375134035e-05, 3.77393698727e-05, 3.27102789015e-05, 2.94873043458e-05, 3.58514917025e-05, 2.3767903258e-05, 1.60150048032e-05, 1.82271433005e-05, 2.67983978119e-05, 2.58296749962e-05, 2.19210287469e-05, 1.89171023521e-05, 2.16222833842e-05, 3.60986923624e-05, 3.83323604183e-05, 2.3888065698e-05, 2.11710994336e-05, 1.86081560969e-05, 1.39315607157e-05, 1.81304512807e-05, 1.48830258695e-05, 1.81286814041e-05, 1.73966018338e-05, 1.55828238348e-05, 1.20451732073e-05, 1.07772939373e-05, 9.41068537941e-06, 9.8029649962e-06, 7.57182260713e-06, 6.15939597992e-06, 6.34393109067e-06, 6.4070704866e-06, 6.6473435254e-06, 5.21926449437e-06, 4.41127258455e-06, 3.6128890315e-06, 2.45058754444e-06, 1.77995934791e-06, 1.22460619423e-06, 1.77125855316e-06, 9.52795915055e-07, 7.98335804575e-07, 5.98690519382e-07, 4.40009330305e-07, 3.62611245919e-07, 4.49979552286e-07, 4.80357357446e-07, 3.72974966467e-07, 3.03314379835e-07, 1.05014066776e-07, 1.38927092053e-07, 1.52740710746e-07, 1.11017634197e-07, 1.08343193972e-07, 9.03600678726e-08, 1.05904732095e-07, 7.72077157762e-08, 1.42025813332e-08, 4.82378859079e-11, 1.61496059581e-11, 1.47382175908e-11, 1.41556055072e-11, 1.36472118328e-11, 1.32016160156e-11, 1.27941277364e-11, 1.24082558464e-11, 1.20263269829e-11, 1.17010802089e-11, 1.140611737e-11, 1.11135050815e-11, 1.08815482666e-11, 1.06752428078e-11, 1.04834110143e-11, 1.03273353411e-11, 1.02169167224e-11, 1.01229970587e-11, 1.00664190525e-11],
        "min": [1.36330714843e-24, 1.31698109455e-24, 8.52423569874e-25, 1.95560984987e-24, 2.64072568529e-24, 3.14835807223e-24, 2.9019329138e-24, 6.58675584463e-24, 8.82561961315e-24, 3.75627755719e-24, 9.50499056903e-24, 7.6107477867e-24, 6.99890411317e-24, 3.68426402288e-24, 2.66380144449e-24, 9.13771980853e-24, 5.3446884329e-24, 2.38782180946e-24, 5.48640137807e-24, 1.40164947635e-23, 7.85772120347e-24, 4.50700374296e-24, 4.63324436477e-24, 2.20101106685e-24, 5.75539348042e-24, 2.34697242242e-24, 9.38623623722e-24, 6.25394213403e-24, 3.75224568911e-24, 2.32579762079e-24, 1.07973995339e-23, 1.21381759274e-23, 8.03989206345e-24, 7.25781930632e-24, 1.02485542922e-23, 6.34217267641e-24, 4.28098010526e-24, 5.0440066047e-24, 5.169124283e-24, 1.3175220362e-23, 1.78565686759e-23, 1.15144543752e-23, 6.25192619999e-24, 7.51920994498e-24, 4.6685332685e-24, 7.39306714193e-24, 5.91799309577e-24, 3.69584213438e-24, 3.80626215073e-24, 5.41141147156e-24, 1.46153222321e-23, 8.33421685605e-24, 4.95946004275e-24, 9.55305980829e-24, 5.40411174717e-24, 1.13933697483e-23, 8.64421315939e-24, 4.36719550245e-24, 6.47461335049e-24, 1.30193146258e-23, 8.35020312229e-24, 6.88875625384e-24, 7.04634305257e-24, 7.77146557437e-24, 8.35009268176e-24, 5.68093526616e-24, 8.08505592799e-24, 1.06796304893e-23, 3.4470590707e-24, 3.54090117513e-24, 5.13841195581e-24, 9.0357500702e-24, 9.66223421327e-24, 1.65416016418e-24, 3.50578148206e-24, 1.02518114989e-23, 7.62648635062e-24, 1.14649683417e-23, 6.78851806519e-24, 1.17527929205e-23, 6.25275016521e-24, 5.63285143297e-24, 6.0182375953e-24, 7.48243561616e-24, 1.14730667878e-23, 8.01699537567e-24, 6.61438727556e-24, 8.12194227506e-24, 3.78138897196e-24, 6.74716124337e-24, 5.35097447102e-24, 9.8959673886e-24, 1.04970178672e-23, 8.70394491827e-24, 6.2464384891e-24, 1.25856288769e-23, 1.10701119042e-23, 1.11890397854e-23, 7.10800988725e-24, 1.35643591356e-23, 1.44026437543e-23, 8.0528656699e-24, 9.51289732189e-24, 7.4064541115e-24, 6.59016569589e-24, 6.87050753451e-24, 1.08335262079e-23, 1.06753509189e-23, 8.39584030338e-24, 7.37092539405e-24, 6.46859000305e-24, 8.08610984616e-24, 1.01031885266e-23, 1.25655712995e-23, 1.01900681447e-23, 1.05277944866e-23, 8.32800220984e-24, 8.07196320355e-24, 9.31322163842e-24, 5.7940673863e-24, 1.17851630389e-23, 1.26737714612e-23, 7.62393675218e-24, 1.15053935188e-23, 8.3976357508e-24, 9.89245616871e-24, 8.63009570463e-24, 9.18742908961e-24],
        "stdev": [5.68491850572e-05, 0.000299974548398, 0.000450598367024, 0.000742115778849, 0.000933720788453, 0.000823573267553, 0.000639383797534, 0.00064157525776, 0.00116192537826, 0.00195660465397, 0.000957748678047, 0.00100448494777, 0.000693534209859, 0.00032217806438, 0.00051824725233, 0.00038383321953, 0.000397644937038, 0.000238963082666, 0.000122641649796, 0.000185030177818, 0.000389780383557, 0.000326960609527, 0.000129023042973, 0.000119983400509, 0.000129960972117, 0.000186925928574, 0.000220848000026, 0.000387129693991, 0.000470027996926, 0.000317345693475, 0.00045468605822, 0.000881359272171, 0.000548249226995, 0.000432132306742, 0.00130323984195, 0.00143330194987, 0.000797324057203, 0.00123486376833, 0.00087118439842, 0.000376495881937, 0.000351951748598, 0.000167903708643, 0.000185353012057, 0.00015677693591, 0.000212751241634, 0.000184095813893, 0.000263583729975, 0.000231805126532, 0.000210110694752, 0.000180334274773, 7.19352465239e-05, 8.92598982318e-05, 7.58655296522e-05, 6.35119431536e-05, 6.40962607577e-05, 5.15898464073e-05, 2.90060688712e-05, 2.75367201539e-05, 3.55139782187e-05, 4.92183062306e-05, 5.58230058232e-05, 3.88030639442e-05, 2.56195235124e-05, 4.02578625653e-05, 8.89710281626e-05, 0.000115412389277, 6.15892859059e-05, 3.47454260918e-05, 2.58096879406e-05, 1.9315892132e-05, 3.52436036337e-05, 2.44285856752e-05, 3.514056516e-05, 3.81666395697e-05, 4.02221812692e-05, 3.13132441079e-05, 2.45635328611e-05, 1.79923736141e-05, 1.68209935509e-05, 1.30141916088e-05, 9.66195966612e-06, 1.09817374323e-05, 1.02322719613e-05, 1.04713390101e-05, 8.52895118442e-06, 8.08894492366e-06, 5.34968421562e-06, 3.73187185687e-06, 3.13317491418e-06, 1.81370626251e-06, 3.10965674544e-06, 1.16681474083e-06, 1.11891210963e-06, 8.31958971048e-07, 5.74810314902e-07, 4.09080968211e-07, 5.64809113257e-07, 7.01766055045e-07, 5.94726373038e-07, 4.82697373627e-07, 2.36150626165e-07, 2.05322450597e-07, 2.23146258804e-07, 1.60694796136e-07, 1.92689498135e-07, 1.80636078539e-07, 2.04011783467e-07, 1.63942559084e-07, 3.53251259355e-08, 3.39721806242e-10, 2.53568471775e-10, 2.50794773837e-10, 2.44331582744e-10, 2.37198871655e-10, 2.29936125695e-10, 2.23070534267e-10, 2.16695203448e-10, 2.10244363585e-10, 2.04719088903e-10, 1.99723806937e-10, 1.94522731256e-10, 1.90485655027e-10, 1.87044310596e-10, 1.8367933563e-10, 1.80998160904e-10, 1.79071049655e-10, 1.77362818876e-10, 1.76441847244e-10]
    },
    "mfcc": {
        "mean": [-626.706726074, 94.1789169312, -28.2483692169, 28.5653762817, -8.71923828125, 12.9791660309, -1.9443552494, 2.35006475449, -5.75172185898, -2.79080510139, -6.6458902359, -3.75552725792, -2.07453584671],
        "cov": [[5441.89794922, 582.293518066, 302.719482422, 429.012878418, -231.544921875, 102.152359009, 68.7401885986, -88.4719848633, -224.041534424, -173.849945068, -154.9868927, -194.291519165, -99.2120132446], [582.293518066, 746.343933105, 138.671554565, 140.927276611, 0.156969055533, -52.490020752, 40.1397018433, -28.1198043823, -40.8731803894, -22.2611103058, -43.1678352356, -63.8805580139, -16.3152637482], [302.719482422, 138.671554565, 589.579650879, 289.480407715, -53.3352241516, -28.0311737061, -100.204788208, -34.4065475464, -46.8204078674, -86.3719787598, -35.5201721191, -115.226531982, -68.7185134888], [429.012878418, 140.927276611, 289.480407715, 314.641479492, -26.8684310913, -8.0117225647, -42.5684165955, -30.5131282806, -49.5270881653, -56.8342857361, -36.4706497192, -68.3359222412, -39.1758384705], [-231.544921875, 0.156969055533, -53.3352241516, -26.8684310913, 148.593933105, 53.7082176208, 12.0427122116, 4.50160217285, 20.9282531738, 14.0906410217, 23.2980995178, 32.4236526489, 23.3614311218], [102.152359009, -52.490020752, -28.0311737061, -8.0117225647, 53.7082176208, 138.8384552, 47.1525726318, -14.5181112289, -27.7047958374, 3.11205220222, 6.38468503952, 1.98978924751, 9.93710422516], [68.7401885986, 40.1397018433, -100.204788208, -42.5684165955, 12.0427122116, 47.1525726318, 159.400863647, 20.151517868, -13.3375892639, 17.3470649719, 0.142395466566, 10.7596282959, 20.613193512], [-88.4719848633, -28.1198043823, -34.4065475464, -30.5131282806, 4.50160217285, -14.5181112289, 20.151517868, 116.81162262, 56.698184967, -8.79203796387, -8.27326011658, -1.43393003941, -1.00864923], [-224.041534424, -40.8731803894, -46.8204078674, -49.5270881653, 20.9282531738, -27.7047958374, -13.3375892639, 56.698184967, 108.511642456, 45.4715576172, 22.0360183716, 21.8774414062, -3.78578734398], [-173.849945068, -22.2611103058, -86.3719787598, -56.8342857361, 14.0906410217, 3.11205220222, 17.3470649719, -8.79203796387, 45.4715576172, 98.8353500366, 48.8445663452, 39.6463012695, 12.7770318985], [-154.9868927, -43.1678352356, -35.5201721191, -36.4706497192, 23.2980995178, 6.38468503952, 0.142395466566, -8.27326011658, 22.0360183716, 48.8445663452, 74.2036361694, 44.7814788818, 7.36907958984], [-194.291519165, -63.8805580139, -115.226531982, -68.3359222412, 32.4236526489, 1.98978924751, 10.7596282959, -1.43393003941, 21.8774414062, 39.6463012695, 44.7814788818, 93.619972229, 37.3794593811], [-99.2120132446, -16.3152637482, -68.7185134888, -39.1758384705, 23.3614311218, 9.93710422516, 20.613193512, -1.00864923, -3.78578734398, 12.7770318985, 7.36907958984, 37.3794593811, 64.6081008911]],
        "icov": [[0.000265059410594, -0.000190527644008, 0.000141532902489, -0.000288597104372, 0.000507384014782, -0.000452399253845, -1.00754596133e-05, 4.50030456705e-05, 5.40361579624e-05, 0.000255312537774, 4.67455683975e-05, 9.94125821308e-06, 0.000166081794305], [-0.000190527644008, 0.00190252938773, -0.000254001322901, -0.000366638210835, -0.00126142776571, 0.00174549594522, -0.00102205201983, 0.000333881966071, 0.000491415383294, -0.000856825965457, 0.000601972744334, 0.000868177681696, -0.00015837205865], [0.000141532902489, -0.000254001322901, 0.00417999923229, -0.00295633147471, 0.00078831607243, -0.000342780374922, 0.00125823938288, 0.000631032336969, -0.000803385162726, 0.00226175133139, -0.00259567145258, 0.00310243782587, 0.000189369427972], [-0.000288597104372, -0.000366638210835, -0.00295633147471, 0.00671856105328, -0.000805533141829, 0.000261563691311, 0.000214486164623, 2.71757617156e-05, 0.00132496119477, -0.000473423162475, 0.00141598365735, -0.000461744028144, 0.000853639910929], [0.000507384014782, -0.00126142776571, 0.00078831607243, -0.000805533141829, 0.0109813986346, -0.00578284310177, 0.000854993471876, 0.000819313980173, -0.00403666961938, 0.00333195785061, -0.00231970683672, -0.00167400273494, -0.0021930495277], [-0.000452399253845, 0.00174549594522, -0.000342780374922, 0.000261563691311, -0.00578284310177, 0.0123062059283, -0.00326500763185, 0.000345663895132, 0.0038509471342, -0.00202989508398, -0.00029889648431, 0.00216912408359, 0.000191640516277], [-1.00754596133e-05, -0.00102205201983, 0.00125823938288, 0.000214486164623, 0.000854993471876, -0.00326500763185, 0.00944448355585, -0.00365268392488, 0.00325505970977, -0.0026983988937, 0.000457460671896, 0.000241103844019, -0.00114977732301], [4.50030456705e-05, 0.000333881966071, 0.000631032336969, 2.71757617156e-05, 0.000819313980173, 0.000345663895132, -0.00365268392488, 0.0158246159554, -0.0118397492915, 0.0077824187465, -0.000382817845093, 0.00163429556414, -0.00123060226906], [5.40361579624e-05, 0.000491415383294, -0.000803385162726, 0.00132496119477, -0.00403666961938, 0.0038509471342, 0.00325505970977, -0.0118397492915, 0.0234966855496, -0.0127089209855, 0.00231522531249, -0.00181744876318, 0.00447750883177], [0.000255312537774, -0.000856825965457, 0.00226175133139, -0.000473423162475, 0.00333195785061, -0.00202989508398, -0.0026983988937, 0.0077824187465, -0.0127089209855, 0.0244207642972, -0.0117063019425, 0.00087141583208, -0.00235905474983], [4.67455683975e-05, 0.000601972744334, -0.00259567145258, 0.00141598365735, -0.00231970683672, -0.00029889648431, 0.000457460671896, -0.000382817845093, 0.00231522531249, -0.0117063019425, 0.0277212001383, -0.0118130035698, 0.00517779402435], [9.94125821308e-06, 0.000868177681696, 0.00310243782587, -0.000461744028144, -0.00167400273494, 0.00216912408359, 0.000241103844019, 0.00163429556414, -0.00181744876318, 0.00087141583208, -0.0118130035698, 0.0249664094299, -0.00990134570748], [0.000166081794305, -0.00015837205865, 0.000189369427972, 0.000853639910929, -0.0021930495277, 0.000191640516277, -0.00114977732301, -0.00123060226906, 0.00447750883177, -0.00235905474983, 0.00517779402435, -0.00990134570748, 0.0233899522573]]
    },
    "spectral_contrast_coeffs": {
        "max": [-0.480797886848, -0.553033590317, -0.485303938389, -0.538167357445, -0.630439162254, -0.603315830231],
        "mean": [-0.706572949886, -0.777954876423, -0.751128733158, -0.783502340317, -0.787083625793, -0.702102959156],
        "min": [-0.963197827339, -0.998706698418, -0.994789004326, -0.983150482178, -0.969557642937, -0.963364183903],
        "stdev": [0.0902621820569, 0.0686027631164, 0.0950254201889, 0.0626886039972, 0.0474714301527, 0.0448703356087]
    },
    "spectral_contrast_valleys": {
        "max": [-5.28473091125, -5.42375040054, -5.49074602127, -5.77942228317, -5.59042263031, -8.89702796936],
        "mean": [-7.20430803299, -7.03379058838, -7.27938461304, -7.29739093781, -7.05629348755, -10.3709430695],
        "min": [-27.7802429199, -27.3871498108, -27.2211227417, -27.3031978607, -27.1658611298, -27.3078784943],
        "stdev": [1.72942090034, 1.58109784126, 1.51767885685, 1.50136840343, 1.5291428566, 1.32680702209]
    }
},
"rhythm": {
    "beats_count": 19,
    "beats_loudness": {
        "max": 0.0517064407468,
        "mean": 0.0275358203799,
        "min": 0.000634403608274,
        "stdev": 0.0125702479854
    },
    "bpm": 92.0444335938,
    "bpm_histogram_first_peak_bpm": 92,
    "bpm_histogram_first_peak_weight": 0.388888895512,
    "bpm_histogram_second_peak_bpm": 0,
    "bpm_histogram_second_peak_spread": 0,
    "bpm_histogram_second_peak_weight": 0,
    "danceability": 0.993115484715,
    "onset_rate": 3.76194262505,
    "beats_loudness_band_ratio": {
        "max": [0.414240986109, 0.700299739838, 0.0948756188154, 0.669605195522, 0.554429590702, 0.396178513765],
        "mean": [0.207184016705, 0.38076838851, 0.0521630421281, 0.168470606208, 0.166095614433, 0.139398902655],
        "min": [0.0113170277327, 0.00343107827939, 0.00956769939512, 0.0128546571359, 0.0438565537333, 0.0628073066473],
        "stdev": [0.122936762869, 0.242652580142, 0.0266296695918, 0.172475069761, 0.151523053646, 0.0891860052943]
    },
    "beats_position": [0.638548731804, 1.30031740665, 1.97369611263, 2.6470746994, 3.32045340538, 3.97061228752, 4.59755086899, 5.24770975113, 5.89786815643, 6.53641700745, 7.18657588959, 7.83673477173, 8.47528362274, 9.13705158234, 9.78721046448, 10.4373693466, 11.0875282288, 11.7260770798, 12.3762359619],
