{
"metadata": {
    "version": {
        "essentia": "2.1-beta5",
        "essentia_git_sha": "Undefined",
        "extractor": "music 2.0"
    },
    "audio_properties": {
        "analysis": {
            "equal_loudness": 0,
            "length": 12.7477550507,
            "sample_rate": 44100,
            "start_time": 0,
            "downmix": "mix"
        },
        "bit_rate": 192000,
        "length": 203.499694824,
        "lossless": 0,
        "number_channels": 2,
        "replay_gain": 31.9925365448,
        "sample_rate": 48000,
        "codec": "mp3",
        "md5_encoded": "1d7eb0f31dcddc713b68748595f3c61a"
    },
    "tags": {
        "file_name": "Austria_Venedig Im Regen_Thomas Forstner.mp3",
        "encoding": ["Lavf58.29.100"]
    }
},
"lowlevel": {
    "average_loudness": 6.36111944914e-05,
    "barkbands_crest": {
        "max": 22.3146629333,
        "mean": 6.94235181808,
        "min": 5.06570577621,
        "stdev": 1.78400921822
    },
    "barkbands_flatness_db": {
        "max": 0.214299619198,
        "mean": 0.0812873542309,
        "min": 0.056671500206,
        "stdev": 0.0253564752638
    },
    "barkbands_kurtosis": {
        "max": 26.3030719757,
        "mean": 3.46236228943,
        "min": -1.79933273792,
        "stdev": 2.43879294395
    },
    "barkbands_skewness": {
        "max": 4.64898538589,
        "mean": -1.62500822544,
        "min": -4.61708450317,
        "stdev": 0.937235295773
    },
    "barkbands_spread": {
        "max": 109.932556152,
        "mean": 26.3559837341,
        "min": 4.48704481125,
        "stdev": 7.22988653183
    },
    "dissonance": {
        "max": 0.499995589256,
        "mean": 0.489454835653,
        "min": 0.305409014225,
        "stdev": 0.0189727395773
    },
    "dynamic_complexity": 8.4021654129,
    "erbbands_crest": {
        "max": 18.9091129303,
        "mean": 4.04374551773,
        "min": 2.36107754707,
        "stdev": 2.3182079792
    },
    "erbbands_flatness_db": {
        "max": 0.284662991762,
        "mean": 0.106607407331,
        "min": 0.0797934085131,
        "stdev": 0.0296006537974
    },
    "erbbands_kurtosis": {
        "max": 57.297039032,
        "mean": 0.647613883018,
        "min": -1.80438017845,
        "stdev": 4.10263442993
    },
    "erbbands_skewness": {
        "max": 3.36309170723,
        "mean": -0.591170310974,
        "min": -5.28369140625,
        "stdev": 0.634797632694
    },
    "erbbands_spread": {
        "max": 80.6049118042,
        "mean": 35.8925018311,
        "min": 3.40875124931,
        "stdev": 6.45765256882
    },
    "hfc": {
        "max": 7090.65332031,
        "mean": 79.7029724121,
        "min": 1.0649874286e-16,
        "stdev": 552.633605957
    },
    "loudness_ebu128": {
        "integrated": -37.5564041138,
        "loudness_range": 11.0787124634,
        "momentary": {
            "max": -35.0965423584,
            "mean": -280.415588379,
            "min": -300.691009521,
            "stdev": 68.8977279663
        },
        "short_term": {
            "max": -43.3345108032,
            "mean": -275.942047119,
            "min": -300.691009521,
            "stdev": 74.0029678345
        }
    },
    "melbands_crest": {
        "max": 28.4701061249,
        "mean": 3.29207396507,
        "min": 1.57679343224,
        "stdev": 3.60115098953
    },
    "melbands_flatness_db": {
        "max": 0.282602757215,
        "mean": 0.0204636640847,
        "min": 0.00283029093407,
        "stdev": 0.0510571226478
    },
    "melbands_kurtosis": {
        "max": 59.340171814,
        "mean": -0.208441704512,
        "min": -1.95597159863,
        "stdev": 5.35832118988
    },
    "melbands_skewness": {
        "max": 6.49437904358,
        "mean": 0.16004280746,
        "min": -1.2699007988,
        "stdev": 0.734302341938
    },
    "melbands_spread": {
        "max": 288.832733154,
        "mean": 126.068367004,
        "min": 4.8414607048,
        "stdev": 30.6139125824
    },
    "pitch_salience": {
        "max": 0.938712537289,
        "mean": 0.780421197414,
        "min": 0.355862945318,
        "stdev": 0.0489555671811
    },
    "silence_rate_20dB": {
        "max": 1,
        "mean": 0.958181798458,
        "min": 0,
        "stdev": 0.200173467398
    },
    "silence_rate_30dB": {
        "max": 1,
        "mean": 0.950909078121,
        "min": 0,
        "stdev": 0.216057866812
    },
    "silence_rate_60dB": {
        "max": 1,
        "mean": 0.936363637447,
        "min": 0,
        "stdev": 0.244104027748
    },
    "spectral_centroid": {
        "max": 11829.8046875,
        "mean": 10341.6640625,
        "min": 492.349914551,
        "stdev": 2430.84619141
    },
    "spectral_complexity": {
        "max": 54,
        "mean": 2.28181815147,
        "min": 0,
        "stdev": 9.49653720856
    },
    "spectral_decrease": {
        "max": 2.19300587201e-28,
        "mean": -1.13960467729e-08,
        "min": -6.42342911306e-07,
        "stdev": 7.0071983771e-08
    },
    "spectral_energy": {
        "max": 2.5554022789,
        "mean": 0.050240572542,
        "min": 9.90424867999e-21,
        "stdev": 0.288511931896
    },
    "spectral_energyband_high": {
        "max": 0.965747952461,
        "mean": 0.00755245285109,
        "min": 6.79531458152e-21,
        "stdev": 0.072699315846
    },
    "spectral_energyband_low": {
        "max": 0.0599636472762,
        "mean": 0.000841980974656,
        "min": 1.06688593825e-23,
        "stdev": 0.00450033787638
    },
    "spectral_energyband_middle_high": {
        "max": 0.392012983561,
        "mean": 0.00640813587233,
        "min": 1.11645785025e-21,
        "stdev": 0.0373623594642
    },
    "spectral_energyband_middle_low": {
        "max": 2.21950650215,
        "mean": 0.0352608561516,
        "min": 1.44050166479e-22,
        "stdev": 0.239178463817
    },
    "spectral_entropy": {
        "max": 9.82742977142,
        "mean": 9.63694000244,
        "min": 6.68452119827,
        "stdev": 0.594115078449
    },
    "spectral_flux": {
        "max": 1.16890633106,
        "mean": 0.0323127172887,
        "min": 6.21994816763e-11,
        "stdev": 0.145983144641
    },
    "spectral_kurtosis": {
        "max": 10.8229932785,
        "mean": -0.806371152401,
        "min": -1.28210282326,
        "stdev": 1.56402230263
    },
    "spectral_rms": {
        "max": 0.0499307066202,
        "mean": 0.00148790969979,
        "min": 3.10848547423e-12,
        "stdev": 0.00684114918113
    },
    "spectral_rolloff": {
        "max": 19767.4804688,
        "mean": 17565.8105469,
        "min": 86.1328125,
        "stdev": 4201.56005859
    },
    "spectral_skewness": {
        "max": 3.01414585114,
        "mean": 0.0957908704877,
        "min": -0.193667575717,
        "stdev": 0.399176239967
    },
    "spectral_spread": {
        "max": 43863704,
        "mean": 37841736,
        "min": 2553801.5,
        "stdev": 9414322
    },
    "spectral_strongpeak": {
        "max": 53.3865623474,
        "mean": 0.662677288055,
        "min": 0,
        "stdev": 4.07392930984
    },
    "zerocrossingrate": {
        "max": 0.76171875,
        "mean": 0.471859008074,
        "min": 0.02392578125,
        "stdev": 0.107056364417
    },
    "barkbands": {
        "max": [0.0491387695074, 0.0164012275636, 0.0241168811917, 0.0247226506472, 0.399379730225, 0.0338762998581, 1.95538568497, 0.496877610683, 0.426788151264, 0.197673335671, 0.104064680636, 0.0642112195492, 0.0630618482828, 0.02830686979, 0.0684826672077, 0.150427177548, 0.0224097650498, 0.0100173540413, 0.00899628736079, 0.0491729043424, 0.0763488039374, 0.165647357702, 0.51696896553, 0.316362291574, 0.0198342427611, 0.00750845158473, 0.00414572888985],
        "mean": [0.000587956630625, 0.000357152806828, 0.000121485769341, 0.000150099076563, 0.00573520408943, 0.000356421340257, 0.0215836856514, 0.00254283403046, 0.00478527275845, 0.00153602904174, 0.000814349274151, 0.000583076965995, 0.000545681803487, 0.000327240733895, 0.000851854332723, 0.00112776947208, 0.000289325253107, 0.000150478474097, 0.000113250651339, 0.0003495735873, 0.000605012755841, 0.00109463219997, 0.00333707313985, 0.00209168228321, 0.000132376560941, 4.0829199861e-05, 1.69844497577e-05],
        "min": [2.23205160948e-25, 1.11401931238e-24, 3.18946867084e-25, 5.30189815221e-25, 5.02673370632e-24, 4.69263218029e-24, 4.90292040952e-24, 2.75590489948e-24, 8.14989477238e-24, 1.04028531187e-23, 9.23831219572e-24, 1.79806280973e-23, 1.9083528218e-23, 2.44915294438e-23, 2.62848027635e-23, 4.00041462457e-23, 5.60243208872e-23, 7.77944395579e-23, 9.80768170485e-23, 1.35596266013e-22, 1.78992589882e-22, 2.69254761477e-22, 2.91970926321e-22, 5.19247634862e-22, 8.39394855182e-22, 1.16211898747e-21, 1.80484044388e-21],
        "stdev": [0.00353236543015, 0.00183004571591, 0.00113837805111, 0.00126393686514, 0.0363510064781, 0.00253281509504, 0.174713015556, 0.025934766978, 0.0355422645807, 0.0133170960471, 0.00700400164351, 0.00470906123519, 0.00471575045958, 0.00229203654453, 0.00577021250501, 0.00902498885989, 0.00183984392788, 0.000875375408214, 0.000669338274747, 0.00256480625831, 0.00482685025781, 0.010979861021, 0.0354706645012, 0.0213876403868, 0.00119499932043, 0.000388487096643, 0.000209675199585]
    },
    "erbbands": {
        "max": [1.02347910404, 3.54442858696, 17.8231182098, 80.094581604, 536.165893555, 1996.04760742, 452.61026001, 614.878967285, 19512.0859375, 19554.265625, 8686.3046875, 12446.3173828, 2009.43164062, 9559.92675781, 2489.39624023, 2271.47119141, 3521.63134766, 1390.97290039, 2109.95532227, 7998.14941406, 4356.99121094, 1001.30419922, 540.381713867, 349.541992188, 454.325012207, 2100.03076172, 2159.63354492, 3678.19799805, 4323.90869141, 14257.9755859, 16729.890625, 10995.5205078, 2655.81860352, 341.991516113, 65.1803741455, 57.6717338562, 7.40961885452, 2.18267011642, 0.557208776474, 0.0696928501129],
        "mean": [0.0168343242258, 0.0612564310431, 0.136277347803, 0.464147210121, 8.28959560394, 27.1970367432, 4.60137176514, 9.31764030457, 237.480789185, 206.623657227, 68.9985275269, 130.140853882, 25.5020427704, 81.0372085571, 23.2865467072, 21.9945716858, 28.7448406219, 17.4912281036, 26.5921516418, 64.3002471924, 49.8894844055, 17.2750968933, 9.46392631531, 4.70567798615, 8.18275928497, 15.8691549301, 23.5570259094, 24.7429218292, 28.7776622772, 76.2344894409, 102.784172058, 72.5813598633, 17.5583496094, 2.60242915154, 0.58151859045, 0.264750152826, 0.0573286525905, 0.00905485730618, 0.00206043990329, 0.000392476184061],
        "min": [5.68565312769e-23, 2.76637767486e-22, 8.6843614463e-22, 2.57025332328e-21, 7.94988504102e-21, 1.82524704614e-20, 1.63491601836e-20, 4.54656107839e-20, 6.21308153539e-20, 1.25608914055e-19, 9.77969240496e-20, 2.29696242933e-19, 3.00177873085e-19, 4.41729749945e-19, 6.95167963464e-19, 7.71323277136e-19, 1.01872793187e-18, 1.6711463741e-18, 1.66238591102e-18, 2.27841068104e-18, 2.65419511101e-18, 3.67601338965e-18, 3.62308417021e-18, 5.20019417073e-18, 6.14925653782e-18, 5.77685279501e-18, 6.33176484099e-18, 7.59507560433e-18, 8.56971026006e-18, 9.01902318827e-18, 8.4880377551e-18, 9.16715965545e-18, 7.88183513446e-18, 7.90253698365e-18, 6.04964289896e-18, 4.17931143336e-18, 2.06115686304e-18, 8.28752410813e-19, 2.36208325703e-19, 2.59147898783e-20],
        "stdev": [0.0909721627831, 0.317927211523, 0.992752552032, 3.83923649788, 51.5703773499, 183.268081665, 31.827167511, 58.9999847412, 1910.69689941, 1555.68981934, 509.185577393, 1004.64300537, 162.41986084, 711.352844238, 184.225296021, 173.494537354, 253.679428101, 111.457481384, 172.061935425, 515.410766602, 365.070800781, 103.059745789, 54.2223167419, 27.910943985, 45.3560714722, 113.312469482, 161.080093384, 226.126846313, 277.458099365, 861.729919434, 1095.36303711, 761.326721191, 174.773529053, 24.0955410004, 4.73948287964, 2.76081633568, 0.475945413113, 0.102608814836, 0.0260127875954, 0.00408057589084]
    },
    "gfcc": {
        "mean": [-1164.99658203, 3.75330471992, -8.50919246674, 2.39084815979, -5.93949365616, 0.203823626041, -3.21503019333, 0.404037714005, -0.783087074757, 0.0898442342877, -1.12292206287, -0.448434442282, -0.576477527618],
        "cov": [[125464.453125, 5114.05615234, -10551.5576172, 2931.12597656, -7445.6328125, 298.932342529, -3959.28540039, 456.52432251, -835.956665039, 113.931549072, -1395.50012207, -603.680786133, -658.179504395], [5114.05615234, 534.634338379, -521.002685547, 32.1946525574, -291.002197266, -62.0535125732, -162.758026123, 30.2603206635, -50.9202308655, -11.9527082443, -47.4321060181, -36.5882034302, -17.3748226166], [-10551.5576172, -521.002685547, 1008.7288208, -176.619567871, 616.537597656, 16.3384590149, 339.974334717, -41.8984184265, 81.9822387695, -9.10197067261, 127.414886475, 63.7231559753, 46.3076896667], [2931.12597656, 32.1946525574, -176.619567871, 152.795623779, -171.513290405, 30.7848472595, -95.065574646, 14.154173851, -14.871099472, 4.4230465889, -36.8062210083, -11.5905361176, -18.448102951], [-7445.6328125, -291.002197266, 616.537597656, -171.513290405, 458.033569336, -20.9564285278, 231.671478271, -24.8640823364, 46.2319869995, -8.10692596436, 77.2401275635, 31.3462905884, 38.5059013367], [298.932342529, -62.0535125732, 16.3384590149, 30.7848472595, -20.9564285278, 48.1777839661, 3.04651403427, 4.45188999176, 10.7183456421, 7.78545761108, 0.021341688931, 3.62373352051, -3.5943171978], [-3959.28540039, -162.758026123, 339.974334717, -95.065574646, 231.671478271, 3.04651403427, 137.153915405, -13.7239160538, 30.6861057281, -2.43685650826, 49.3436050415, 18.9791889191, 21.7885341644], [456.52432251, 30.2603206635, -41.8984184265, 14.154173851, -24.8640823364, 4.45188999176, -13.7239160538, 15.4543914795, -2.8412771225, 3.29193925858, -5.71666002274, -0.889675021172, -3.10575604439], [-835.956665039, -50.9202308655, 81.9822387695, -14.871099472, 46.2319869995, 10.7183456421, 30.6861057281, -2.8412771225, 21.1628990173, 2.30117702484, 7.31591320038, 5.48861646652, 8.63393878937], [113.931549072, -11.9527082443, -9.10197067261, 4.4230465889, -8.10692596436, 7.78545761108, -2.43685650826, 3.29193925858, 2.30117702484, 8.45480823517, -0.376254945993, -0.257729411125, -2.52419948578], [-1395.50012207, -47.4321060181, 127.414886475, -36.8062210083, 77.2401275635, 0.021341688931, 49.3436050415, -5.71666002274, 7.31591320038, -0.376254945993, 27.207485199, 11.7512845993, 4.30219173431], [-603.680786133, -36.5882034302, 63.7231559753, -11.5905361176, 31.3462905884, 3.62373352051, 18.9791889191, -0.889675021172, 5.48861646652, -0.257729411125, 11.7512845993, 11.7011165619, 0.921008765697], [-658.179504395, -17.3748226166, 46.3076896667, -18.448102951, 38.5059013367, -3.5943171978, 21.7885341644, -3.10575604439, 8.63393878937, -2.52419948578, 4.30219173431, 0.921008765697, 9.66680240631]],
        "icov": [[0.00172414130066, -0.00219398015179, 0.00654577603564, -0.00545396935195, 0.0109239118174, -0.00750353559852, 0.00717963743955, 0.00331229204312, -0.00491047976539, 0.00799947232008, 0.000772878411226, 0.00314376340248, 0.0160917788744], [-0.00219398015179, 0.0128757776693, -0.00539794331416, 0.0115070194006, -0.0127362301573, 0.0172285586596, 0.00610539270565, -0.0258933845907, -0.00891585182399, 0.0160060636699, -0.0355879552662, 0.0264613274485, -0.0179018992931], [0.00654577603564, -0.00539794331416, 0.0499109961092, -0.0374301113188, 0.021218560636, -0.0241713933647, 0.00480276020244, 0.0232665091753, -0.0473029613495, 0.052314337343, -0.020610909909, -0.00682064471766, 0.0943271666765], [-0.00545396935195, 0.0115070194006, -0.0374301113188, 0.049073074013, -0.0207196939737, 0.0133269280195, 0.0179184991866, -0.0360955446959, 0.0233856420964, -0.0147722391412, -0.00733398273587, 0.0279148332775, -0.0663401633501], [0.0109239118174, -0.0127362301573, 0.021218560636, -0.0207196939737, 0.1114474684, -0.0317639522254, 0.013405517675, 0.00783987808973, -0.00228433124721, 0.0336529240012, 0.0495858080685, 0.0233090296388, 0.0827952176332], [-0.00750353559852, 0.0172285586596, -0.0241713933647, 0.0133269280195, -0.0317639522254, 0.0897937640548, -0.0701717734337, -0.0302990525961, -0.012404399924, -0.0341432504356, -0.000194667009055, -0.0122303515673, -0.0269427932799], [0.00717963743955, 0.00610539270565, 0.00480276020244, 0.0179184991866, 0.013405517675, -0.0701717734337, 0.263725221157, -0.049525000155, -0.0633907467127, 0.0853622406721, -0.194197833538, 0.164326056838, -0.0291480477899], [0.00331229204312, -0.0258933845907, 0.0232665091753, -0.0360955446959, 0.00783987808973, -0.0302990525961, -0.049525000155, 0.149097785354, 0.0300502330065, -0.0702735856175, 0.0984109342098, -0.109895139933, 0.0371606871486], [-0.00491047976539, -0.00891585182399, -0.0473029613495, 0.0233856420964, -0.00228433124721, -0.012404399924, -0.0633907467127, 0.0300502330065, 0.22330608964, -0.151028200984, 0.13162393868, -0.10917776078, -0.209173217416], [0.00799947232008, 0.0160060636699, 0.052314337343, -0.0147722391412, 0.0336529240012, -0.0341432504356, 0.0853622406721, -0.0702735856175, -0.151028200984, 0.311049818993, -0.139610052109, 0.14219327271, 0.197601497173], [0.000772878411226, -0.0355879552662, -0.020610909909, -0.00733398273587, 0.0495858080685, -0.000194667009055, -0.194197833538, 0.0984109342098, 0.13162393868, -0.139610052109, 0.392856121063, -0.239161521196, 0.0390693023801], [0.00314376340248, 0.0264613274485, -0.00682064471766, 0.0279148332775, 0.0233090296388, -0.0122303515673, 0.164326056838, -0.109895139933, -0.10917776078, 0.14219327271, -0.239161521196, 0.35208132863, 0.0520054511726], [0.0160917788744, -0.0179018992931, 0.0943271666765, -0.0663401633501, 0.0827952176332, -0.0269427932799, -0.0291480477899, 0.0371606871486, -0.209173217416, 0.197601497173, 0.0390693023801, 0.0520054511726, 0.542337179184]]
    },
    "melbands": {
        "max": [0.00881641171873, 0.00782364327461, 0.0214417707175, 0.109113737941, 0.0286848880351, 0.010820409283, 0.353699654341, 0.174580588937, 0.0709034428, 0.0726967304945, 0.00641897926107, 0.0388599596918, 0.0087732989341, 0.00966001860797, 0.00686368858442, 0.00676380610093, 0.00309418421239, 0.00319970073178, 0.00592211866751, 0.0108188325539, 0.00472243363038, 0.00111523410305, 0.00082094426034, 0.000608522561379, 0.000249973149039, 0.000410974927945, 0.000489929981995, 0.00174472213257, 0.00162713020109, 0.00178849895019, 0.00228718481958, 0.00204424886033, 0.00384249328636, 0.00992516521364, 0.0103500783443, 0.00758877489716, 0.00615915376693, 0.00199227733538, 0.000521429756191, 0.000168026701431],
        "mean": [0.000161164760357, 7.45416473364e-05, 0.000223313138122, 0.00145938596688, 0.00033288585837, 0.000132612782181, 0.00417811749503, 0.00195683538914, 0.000599237973802, 0.000753649044782, 8.06335592642e-05, 0.000326320761815, 8.50436772453e-05, 8.06556636235e-05, 4.22703742515e-05, 5.48888892808e-05, 3.13151467708e-05, 3.46399865521e-05, 7.6740339864e-05, 8.23893860797e-05, 5.4599440773e-05, 1.79280705197e-05, 1.11652279884e-05, 5.96647805651e-06, 3.3606775105e-06, 4.58124986835e-06, 7.82143433753e-06, 1.12361531137e-05, 1.52516113303e-05, 1.30231628646e-05, 1.51164476847e-05, 1.30151738631e-05, 2.70388591161e-05, 4.67282079626e-05, 5.85585767112e-05, 5.33574675501e-05, 4.14775822719e-05, 1.32139703055e-05, 4.36363779954e-06, 1.17366039376e-06],
        "min": [5.54915329093e-25, 5.35078287643e-25, 1.25751350547e-24, 1.08587965781e-24, 5.47364401812e-25, 1.0911251884e-24, 1.08112696807e-24, 8.66103502655e-25, 5.45682106627e-25, 1.19092555924e-24, 1.45402901215e-24, 1.45637754967e-24, 1.71630100566e-24, 1.35153645625e-24, 1.56752420552e-24, 2.31231145197e-24, 2.32990344458e-24, 2.224495456e-24, 2.30766387794e-24, 2.99213501679e-24, 2.69056000083e-24, 3.07660821468e-24, 2.88963615001e-24, 3.63790542849e-24, 3.66046487823e-24, 3.22163299514e-24, 3.25470953846e-24, 3.05504351854e-24, 3.10274317647e-24, 3.34304144946e-24, 4.57177119544e-24, 4.59078510983e-24, 4.61303572053e-24, 4.92333100215e-24, 4.67131203104e-24, 4.25370326731e-24, 4.9776961403e-24, 3.9722787171e-24, 5.64754199518e-24, 6.10211086447e-24],
        "stdev": [0.000824350921903, 0.000475818640552, 0.0014441725798, 0.00949970073998, 0.00232301629148, 0.000904435932171, 0.0339224860072, 0.0143967298791, 0.00454774452373, 0.00581686291844, 0.000522754504345, 0.00287017785013, 0.000690632907208, 0.000688741100021, 0.000379246252123, 0.000478186819237, 0.00022097362671, 0.000232959791902, 0.00053578306688, 0.000681494595483, 0.000387671985663, 0.000108868094685, 6.93687907187e-05, 3.72292197426e-05, 2.08146739169e-05, 2.76968949038e-05, 4.55693843833e-05, 8.79799408722e-05, 0.000104471931991, 0.000106911116745, 0.000145136829815, 0.000124201003928, 0.00027485069586, 0.000550987373572, 0.000640215585008, 0.000551654607989, 0.000432731118053, 0.000132626810228, 4.08821106248e-05, 1.05018871182e-05]
    },
    "melbands128": {
        "max": [0.0194309279323, 0.0117547456175, 0.00605769362301, 0.00725028617308, 0.00690196361393, 0.0147161474451, 0.0161488447338, 0.0106605906039, 0.0450969412923, 0.178885996342, 0.128649950027, 0.0643405541778, 0.00959124974906, 0.00433552917093, 0.0139700267464, 0.0131148081273, 0.126433029771, 0.573504805565, 0.700921475887, 0.11121815443, 0.169923067093, 0.087797537446, 0.0533824190497, 0.128636389971, 0.152392789721, 0.0476804077625, 0.0131466276944, 0.00848638825119, 0.00969532318413, 0.050115659833, 0.0642382800579, 0.0252591129392, 0.00946572143584, 0.00487622106448, 0.0116568179801, 0.015429822728, 0.0034554307349, 0.0090510956943, 0.0071098995395, 0.018789421767, 0.00348011730239, 0.0015797202941, 0.00300185987726, 0.00732515379786, 0.00377367972396, 0.0023067437578, 0.00511547690257, 0.00925144925714, 0.00891503319144, 0.0282348524779, 0.00758081348613, 0.0146868200973, 0.0109439436346, 0.0056985123083, 0.00239896448329, 0.00103351462167, 0.000845150207169, 0.00156586768571, 0.00138966937084, 0.000749042606913, 0.00091508589685, 0.000753999629524, 0.00020424820832, 0.000299760140479, 0.000204151147045, 0.000610626186244, 0.000344088912243, 0.000649185327347, 0.000614032964222, 0.000496510881931, 0.00182027427945, 0.00215893937275, 0.0027255222667, 0.00148692040239, 0.00172947265673, 0.00211582751945, 0.00124817166943, 0.00239440146834, 0.00285941711627, 0.0025786079932, 0.0019341474399, 0.00190933898557, 0.00193520018365, 0.00331860058941, 0.00683367159218, 0.0102516664192, 0.0120877623558, 0.00540610635653, 0.0136195449159, 0.0180250164121, 0.00625991122797, 0.0105848805979, 0.00898274686188, 0.00896382331848, 0.00313984346576, 0.00334341288544, 0.00332352006808, 0.000579026527703, 0.000679534336086, 0.000736564747058, 0.0001681260037, 8.74608231243e-05, 8.61271109898e-05, 8.14544619061e-05, 5.00484384247e-05, 7.98475812189e-05, 9.39880555961e-05, 0.000191458326299, 0.000122211917187, 5.49923897779e-05, 2.41071156779e-05, 3.24846078001e-05, 2.38012671616e-05, 2.07370940188e-05, 1.68194601429e-05, 1.71528681676e-05, 1.74163251359e-05, 1.59153423738e-05, 1.254381732e-05, 1.67646885529e-05, 1.82177136594e-05, 1.79598173418e-05, 2.09529152926e-05, 2.44559305429e-05, 1.61494390341e-05, 2.10708658415e-05, 2.58765612671e-05, 6.59644283587e-05],
        "mean": [0.000312031974318, 0.000175175358891, 0.000115041679237, 0.00010073089652, 6.91019522492e-05, 6.26912878943e-05, 5.50406984985e-05, 8.877270011e-05, 0.000574769161176, 0.00213180482388, 0.00176218443085, 0.000383234379115, 5.86434507568e-05, 3.61761703971e-05, 6.38997735223e-05, 0.000119630203699, 0.00091276364401, 0.0066617326811, 0.0066178268753, 0.00110226974357, 0.000676292926073, 0.000490121950861, 0.000400878983783, 0.000881654268596, 0.00130647222977, 0.000447007332696, 7.40271352697e-05, 5.36135703442e-05, 6.05793502473e-05, 0.000311136042001, 0.000539303116966, 0.000121291086543, 4.74234475405e-05, 3.7313093344e-05, 9.03199761524e-05, 0.00011546586029, 2.2406979042e-05, 2.63504916802e-05, 4.11493892898e-05, 0.000119199277833, 3.38801764883e-05, 1.36408743856e-05, 2.54434107774e-05, 5.38257881999e-05, 2.28899771173e-05, 1.97458884941e-05, 5.89269111515e-05, 7.00760137988e-05, 7.49277169234e-05, 0.000127895240439, 6.92435205565e-05, 6.02309737587e-05, 6.93796100677e-05, 4.81936331198e-05, 2.61853037955e-05, 1.65792698681e-05, 8.63155128172e-06, 1.23347472254e-05, 1.32546383611e-05, 6.97284212947e-06, 6.33637273495e-06, 4.40397798229e-06, 2.59690614257e-06, 3.55729707735e-06, 3.15499210046e-06, 4.8460869948e-06, 4.52614358437e-06, 7.55306336941e-06, 8.84245309862e-06, 7.66409993957e-06, 1.08782414827e-05, 1.23009140225e-05, 1.58815801115e-05, 1.58258189913e-05, 1.47741220644e-05, 1.34884367071e-05, 1.09033790068e-05, 1.42361495818e-05, 1.66741374414e-05, 1.57927770488e-05, 1.18628449854e-05, 1.21534658319e-05, 1.43236611621e-05, 2.40235112869e-05, 4.38444949395e-05, 4.79299960716e-05, 5.1398663345e-05, 3.31086885126e-05, 5.86997302889e-05, 8.45585818752e-05, 4.83255716972e-05, 5.06877186126e-05, 4.63298420073e-05, 5.62435307074e-05, 2.46811923716e-05, 1.62333708431e-05, 1.32076092996e-05, 4.92677691e-06, 5.16485533808e-06, 3.64081893167e-06, 1.14650549676e-06, 8.30374006e-07, 8.63982961619e-07, 5.77315859118e-07, 4.17813851072e-07, 7.07985350346e-07, 5.79781328724e-07, 5.94837331391e-07, 4.61871024982e-07, 3.38249719789e-07, 2.75374702596e-07, 2.69910145789e-07, 1.38153438911e-07, 8.74445760246e-08, 7.31165528123e-08, 7.19912591762e-08, 6.22057356736e-08, 5.13132860647e-08, 4.82660453827e-08, 5.86245221257e-08, 5.88852770989e-08, 6.62867876144e-08, 7.78197488671e-08, 1.00154281313e-07, 9.09345203581e-08, 1.13619279318e-07, 1.3505425045e-07, 2.20426585429e-07],
        "min": [7.02779232278e-27, 3.26443634133e-25, 1.2280793055e-25, 1.38923163227e-25, 1.21250731449e-25, 2.22506723224e-25, 1.62722283224e-25, 1.49141500399e-25, 2.40490557844e-25, 1.23533830495e-25, 2.23735990382e-25, 1.34750729988e-25, 1.49407950496e-25, 3.89712817878e-25, 2.21046714252e-25, 4.5603109077e-26, 1.99930719734e-25, 2.05754793516e-25, 2.84062846209e-25, 2.58093816381e-25, 3.81721040611e-25, 3.68421560654e-25, 1.83490291476e-25, 2.22699722975e-25, 5.59813662276e-25, 2.78082294472e-25, 1.80951194741e-25, 5.76867848971e-25, 8.17925055463e-25, 9.90878125072e-25, 1.86273368097e-25, 4.2870448679e-25, 9.83503064469e-25, 5.28069406412e-25, 3.86192526089e-25, 9.36293683596e-25, 4.6533208748e-25, 7.72828392006e-25, 4.18015520132e-25, 4.24144131201e-25, 7.81996040409e-25, 7.06553722168e-25, 5.51229869551e-25, 9.82882033721e-25, 5.73632040145e-25, 1.00092624085e-24, 1.09238144939e-24, 9.94046289075e-25, 5.93112368554e-25, 8.07215529118e-25, 1.20206545851e-24, 1.49833153919e-24, 7.45692168512e-25, 1.40527750681e-24, 1.05925796884e-24, 1.33726290564e-24, 1.67003963838e-24, 1.44121771383e-24, 9.31703400596e-25, 1.21746767187e-24, 1.84908207323e-24, 1.44440392303e-24, 1.25352384144e-24, 1.50345085204e-24, 1.94126461152e-24, 1.3534786318e-24, 2.11521968239e-24, 1.18928482717e-24, 1.55731526072e-24, 1.61831748009e-24, 1.96169196745e-24, 2.17292682976e-24, 1.83034209078e-24, 1.95099106927e-24, 1.87732566022e-24, 2.30893453565e-24, 1.43388012412e-24, 2.11644754439e-24, 3.03252844223e-24, 3.12646757654e-24, 3.24521106152e-24, 2.32669554171e-24, 1.28639094219e-24, 3.04092527492e-24, 2.3458025417e-24, 2.36254453669e-24, 3.32905534004e-24, 2.84851440874e-24, 3.6360689603e-24, 1.9917911525e-24, 1.90041443562e-24, 2.91304086421e-24, 3.32308839616e-24, 2.6424432327e-24, 3.19153282401e-24, 3.16742503753e-24, 2.59661376676e-24, 3.52331628226e-24, 3.14257236914e-24, 3.70288035138e-24, 3.52489084863e-24, 3.35417937658e-24, 4.23065235723e-24, 4.24865140207e-24, 3.89427693965e-24, 4.17336054513e-24, 3.99260766262e-24, 3.38585016978e-24, 4.6413049455e-24, 4.43671268644e-24, 3.88051920546e-24, 3.48677742842e-24, 4.19966945075e-24, 4.58601368465e-24, 4.31552866304e-24, 3.98455812595e-24, 4.24986782559e-24, 5.26391065393e-24, 5.08214132415e-24, 4.22285328389e-24, 4.17188971397e-24, 4.59145288059e-24, 5.35646139305e-24, 3.79810217353e-24, 4.71098857913e-24, 4.78115499563e-24, 4.29258661576e-24, 5.84012108594e-24],
        "stdev": [0.00168068672065, 0.000976123963483, 0.000603399181273, 0.000540663604625, 0.000441952724941, 0.000662904523779, 0.000706952181645, 0.000664973806124, 0.0037751973141, 0.0148647585884, 0.0124236540869, 0.00370614952408, 0.000564820889849, 0.000288384442683, 0.00065440160688, 0.000898895901628, 0.00724620884284, 0.0553230382502, 0.0571183934808, 0.00816443935037, 0.00865212455392, 0.00507425470278, 0.00367872649804, 0.00845164805651, 0.0112904449925, 0.00382836093195, 0.000763766234741, 0.000508261378855, 0.00057337898761, 0.00313302385621, 0.00508059049025, 0.00124269851949, 0.000474912201753, 0.00032910014852, 0.000828790012747, 0.00109618657734, 0.000191884653759, 0.000391779176425, 0.000396349816583, 0.0012277137721, 0.000257428007899, 9.85357837635e-05, 0.000194458203623, 0.000476346234791, 0.000223245413508, 0.000152129214257, 0.000447340658866, 0.000626530672889, 0.000642328639515, 0.00145735044498, 0.000543304311577, 0.00068227131851, 0.000616837351117, 0.000353778654244, 0.000194920998183, 0.000104634265881, 5.55372498638e-05, 9.35367934289e-05, 9.13760668482e-05, 4.657793761e-05, 4.76007771795e-05, 3.68987602997e-05, 1.63675740623e-05, 2.22186536121e-05, 1.82600651897e-05, 3.41668928741e-05, 2.893006058e-05, 4.65369594167e-05, 5.57741805096e-05, 4.55002882518e-05, 9.31040412979e-05, 0.000104683967947, 0.000131909153424, 0.000106293722638, 0.000110186607344, 0.000117933683214, 9.13092007977e-05, 0.000132881119498, 0.000171295148903, 0.000157393034897, 0.000111128087156, 0.000119096977869, 0.000135778594995, 0.000238162247115, 0.000487153622089, 0.00060473731719, 0.000628020381555, 0.000353942392394, 0.00070913520176, 0.00100328703411, 0.000471618666779, 0.000573656812776, 0.000517596141435, 0.000606545247138, 0.000238384236582, 0.000176290952368, 0.000158379058121, 4.37540074927e-05, 4.98231347592e-05, 4.00467215513e-05, 1.02516032712e-05, 6.75629053148e-06, 7.32839680495e-06, 5.06795004185e-06, 3.42814473697e-06, 5.94237098994e-06, 5.20483854416e-06, 8.35167338664e-06, 5.58697820452e-06, 3.08214134748e-06, 2.09597396861e-06, 2.2689916932e-06, 1.23662618989e-06, 9.75546640802e-07, 8.19199954094e-07, 8.39221456772e-07, 7.96601511865e-07, 7.0900495075e-07, 5.86792964441e-07, 7.7412681776e-07, 8.23684047191e-07, 8.60417401327e-07, 1.01262605767e-06, 1.30431601519e-06, 1.09005054583e-06, 1.36699679842e-06, 1.67625842096e-06, 3.13818031827e-06]
    },
    "mfcc": {
        "mean": [-1213.4909668, 6.23710441589, 1.03577542305, 1.53931105137, -0.455830693245, -0.203411713243, -1.35606312752, -0.126753866673, -0.0662541165948, 0.776527345181, -0.66245663166, 0.532114803791, 0.0352580808103],
        "cov": [[35948.1328125, 4182.24609375, 606.147399902, 855.545532227, -407.401306152, -96.4555282593, -1003.54370117, -119.80909729, 14.8046121597, 536.397949219, -466.39050293, 366.19619751, 12.2783412933], [4182.24609375, 787.869628906, -51.0753364563, 92.9707107544, -69.3353881836, -93.9105377197, -107.972747803, -30.7050991058, -17.7307357788, 38.2798690796, -58.056388855, 32.703327179, 4.10182619095], [606.147399902, -51.0753364563, 146.970657349, 43.6294288635, 9.0103225708, 35.9715538025, -10.3467159271, 21.7683486938, -6.21326065063, 9.42884063721, 3.50867557526, 19.2808437347, 1.49537074566], [855.545532227, 92.9707107544, 43.6294288635, 74.9395828247, 9.12778186798, -5.73715162277, -24.9308834076, -1.02750515938, -4.77258777618, 16.8537940979, -18.6485557556, 5.84681415558, -1.30175507069], [-407.401306152, -69.3353881836, 9.0103225708, 9.12778186798, 23.7880458832, 8.51130008698, 11.1741542816, 6.37201452255, 1.18521332741, 0.692670345306, 1.15931928158, -4.88763570786, -1.2623436451], [-96.4555282593, -93.9105377197, 35.9715538025, -5.73715162277, 8.51130008698, 31.0132160187, 4.99365282059, 7.65903043747, 5.21130371094, 5.7414598465, 4.1626868248, 3.58060193062, -0.814807891846], [-1003.54370117, -107.972747803, -10.3467159271, -24.9308834076, 11.1741542816, 4.99365282059, 42.5090522766, 7.02722406387, -3.79914331436, -15.2895441055, 16.2985782623, -5.40220355988, 0.808760643005], [-119.80909729, -30.7050991058, 21.7683486938, -1.02750515938, 6.37201452255, 7.65903043747, 7.02722406387, 12.3916511536, 2.6917257309, -1.94878029823, 4.95706653595, 2.85087060928, 2.07236886024], [14.8046121597, -17.7307357788, -6.21326065063, -4.77258777618, 1.18521332741, 5.21130371094, -3.79914331436, 2.6917257309, 13.8548240662, 7.04007530212, -0.944107115269, -1.15478253365, -0.592495083809], [536.397949219, 38.2798690796, 9.42884063721, 16.8537940979, 0.692670345306, 5.7414598465, -15.2895441055, -1.94878029823, 7.04007530212, 18.0084857941, -8.33110332489, 4.78076505661, -1.36243700981], [-466.39050293, -58.056388855, 3.50867557526, -18.6485557556, 1.15931928158, 4.1626868248, 16.2985782623, 4.95706653595, -0.944107115269, -8.33110332489, 14.8437614441, 1.81393957138, 1.91816067696], [366.19619751, 32.703327179, 19.2808437347, 5.84681415558, -4.88763570786, 3.58060193062, -5.40220355988, 2.85087060928, -1.15478253365, 4.78076505661, 1.81393957138, 13.3467826843, 2.79177641869], [12.2783412933, 4.10182619095, 1.49537074566, -1.30175507069, -1.2623436451, -0.814807891846, 0.808760643005, 2.07236886024, -0.592495083809, -1.36243700981, 1.91816067696, 2.79177641869, 2.71851444244]],
        "icov": [[0.00143547472544, -0.00446397112682, -0.00267714983784, -4.53705324617e-05, 0.00949485599995, -0.00784198194742, 0.00935209915042, -0.00424318434671, 0.0047123413533, -0.0149603439495, 0.0142099838704, -0.0100394338369, -0.00197325181216], [-0.00446397112682, 0.0234049391001, 0.0138112269342, -0.000673257978633, -0.0117570823058, 0.0481530837715, -0.0222096852958, -0.0149980466813, 0.00882229208946, 0.0233278684318, -0.0269439723343, 0.0138609083369, 0.0223327539861], [-0.00267714983784, 0.0138112269342, 0.0441043674946, -0.0272381156683, 0.0131898326799, -0.011958155781, 0.00440175132826, -0.0700031891465, 0.0405014008284, 0.0157653801143, -0.0502358600497, 0.00584172969684, 0.0547198876739], [-4.53705324617e-05, -0.000673257978633, -0.0272381156683, 0.0555270388722, -0.0392668955028, 0.0424748472869, -0.0044847773388, 0.0289068371058, 0.000711094238795, -0.0244164690375, 0.0486628189683, -0.00944079831243, -0.0201347954571], [0.00949485599995, -0.0117570823058, 0.0131898326799, -0.0392668955028, 0.200517490506, -0.0477597750723, 0.0580416060984, -0.155995324254, 0.105407953262, -0.16983923316, 0.0971094146371, -0.0425932742655, 0.0423200726509], [-0.00784198194742, 0.0481530837715, -0.011958155781, 0.0424748472869, -0.0477597750723, 0.204063117504, -0.0529848970473, -0.0117394924164, 0.00123073440045, -0.0100486204028, -0.00565260509029, -0.00237009883858, 0.0550323799253], [0.00935209915042, -0.0222096852958, 0.00440175132826, -0.0044847773388, 0.0580416060984, -0.0529848970473, 0.138654485345, -0.088298946619, 0.081709086895, -0.100214257836, 0.0409881658852, -0.0647958219051, 0.0290406700224], [-0.00424318434671, -0.0149980466813, -0.0700031891465, 0.0289068371058, -0.155995324254, -0.0117394924164, -0.088298946619, 0.387558817863, -0.222534909844, 0.188116595149, -0.0416312702, 0.0317577086389, -0.208447322249], [0.0047123413533, 0.00882229208946, 0.0405014008284, 0.000711094238795, 0.105407953262, 0.00123073440045, 0.081709086895, -0.222534909844, 0.271749049425, -0.224501371384, 0.0331970788538, -0.00545354094356, 0.0670063495636], [-0.0149603439495, 0.0233278684318, 0.0157653801143, -0.0244164690375, -0.16983923316, -0.0100486204028, -0.100214257836, 0.188116595149, -0.224501371384, 0.431064099073, -0.131774961948, 0.0369805805385, 0.0386486649513], [0.0142099838704, -0.0269439723343, -0.0502358600497, 0.0486628189683, 0.0971094146371, -0.00565260509029, 0.0409881658852, -0.0416312702, 0.0331970788538, -0.131774961948, 0.403030961752, -0.206143334508, -0.0411326996982], [-0.0100394338369, 0.0138609083369, 0.00584172969684, -0.00944079831243, -0.0425932742655, -0.00237009883858, -0.0647958219051, 0.0317577086389, -0.00545354094356, 0.0369805805385, -0.206143334508, 0.313566178083, -0.167944133282], [-0.00197325181216, 0.0223327539861, 0.0547198876739, -0.0201347954571, 0.0423200726509, 0.0550323799253, 0.0290406700224, -0.208447322249, 0.0670063495636, 0.0386486649513, -0.0411326996982, -0.167944133282, 0.725197970867]]
    },
    "spectral_contrast_coeffs": {
        "max": [-0.329079270363, -0.226422101259, -0.467686593533, -0.478230625391, -0.644955277443, -0.556094884872],
        "mean": [-0.936514675617, -0.938321948051, -0.942818045616, -0.945375204086, -0.94449365139, -0.942679226398],
        "min": [-0.98343873024, -0.985922515392, -0.979488611221, -0.974568068981, -0.968461930752, -0.964820623398],
        "stdev": [0.101602517068, 0.10502307117, 0.0712934881449, 0.0658572688699, 0.0571761839092, 0.0638442412019]
    },
    "spectral_contrast_valleys": {
        "max": [-4.66737365723, -3.39143419266, -4.79879903793, -5.05642223358, -5.06563138962, -6.05413627625],
        "mean": [-25.6986293793, -25.608795166, -25.7386226654, -25.7050685883, -25.7100524902, -25.8746318817],
        "min": [-28.390668869, -28.0580558777, -28.2157802582, -27.8488235474, -27.546037674, -27.4128990173],
        "stdev": [5.3736538887, 5.52737522125, 5.29572057724, 5.30625152588, 5.3928399086, 4.82211923599]
    }
},
"rhythm": {
    "beats_count": 29,
    "beats_loudness": {
        "max": 0.556196689606,
        "mean": 0.0192294511944,
        "min": 0,
        "stdev": 0.101477615535
    },
    "bpm": 142.476974487,
    "bpm_histogram_first_peak_bpm": 144,
    "bpm_histogram_first_peak_weight": 0.277777791023,
    "bpm_histogram_second_peak_bpm": 133,
    "bpm_histogram_second_peak_spread": 0,
    "bpm_histogram_second_peak_weight": 0.178571432829,
    "danceability": 2.04326438904,
    "onset_rate": 0.313495218754,
    "beats_loudness_band_ratio": {
        "max": [0.508135974407, 0.532451331615, 0.238680005074, 0.00320085440762, 0.118118055165, 0.178923785686],
        "mean": [0.0180452018976, 0.0338922999799, 0.00940024852753, 0.000166060199263, 0.00463165063411, 0.00695016095415],
        "min": [0, 0, 0, 0, 0, 0],
        "stdev": [0.092659778893, 0.124993167818, 0.0437692329288, 0.000644703628495, 0.021649396047, 0.0327609106898]
    },
    "beats_position": [0.406349211931, 0.824308395386, 1.24226760864, 1.66022670269, 2.08979582787, 2.51936507225, 2.97215414047, 3.40172338486, 3.83129239082, 4.26086139679, 4.65560102463, 5.05034017563, 5.44507932663, 5.83981847763, 6.25777769089, 6.67573690414, 7.0936961174, 7.5464849472, 7.99927425385, 8.45206356049, 8.90485286713, 9.32281208038, 9.74077033997, 10.1587295532, 10.5766887665, 10.9946479797, 11.412607193, 11.8305664062, 12.2136955261],
    "bpm_histogram": [0, 0, 0, 0, 0, 0, 0, 0, 0, 0, 0, 0, 0, 0, 0, 0, 0, 0, 0, 0, 0, 0, 0, 0, 0, 0, 0, 0, 0, 0, 0, 0, 0, 0, 0, 0, 0, 0, 0, 0, 0, 0, 0, 0, 0, 0, 0, 0, 0, 0, 0, 0, 0, 0, 0, 0, 0, 0, 0, 0, 0, 0, 0, 0, 0, 0, 0, 0, 0, 0, 0, 0, 0, 0, 0, 0, 0, 0, 0, 0, 0, 0, 0, 0, 0, 0, 0, 0, 0, 0, 0, 0, 0, 0, 0, 0, 0, 0, 0, 0, 0, 0, 0, 0, 0, 0, 0, 0, 0, 0, 0, 0, 0, 0, 0, 0, 0, 0, 0, 0, 0, 0, 0, 0, 0, 0, 0, 0, 0, 0, 0, 0, 0, 0.178571432829, 0, 0, 0, 0, 0, 0, 0.178571432829, 0, 0, 0, 0.464285701513, 0, 0, 0, 0, 0, 0, 0, 0.142857149243, 0, 0, 0, 0, 0.0357142873108, 0, 0, 0, 0, 0, 0, 0, 0, 0, 0, 0, 0, 0, 0, 0, 0, 0, 0, 0, 0, 0, 0, 0, 0, 0, 0, 0, 0, 0, 0, 0, 0, 0, 0, 0, 0, 0, 0, 0, 0, 0, 0, 0, 0, 0, 0, 0, 0, 0, 0, 0, 0, 0, 0, 0, 0, 0, 0, 0, 0, 0, 0, 0, 0, 0, 0, 0, 0, 0, 0, 0, 0, 0, 0, 0, 0, 0, 0, 0, 0, 0, 0, 0, 0, 0, 0, 0, 0, 0, 0, 0, 0]
},
"tonal": {
    "chords_changes_rate": 0.0362318828702,
    "chords_number_rate": 0.00724637694657,
    "chords_strength": {
        "max": 0.535920321941,
        "mean": -0.776785194874,
        "min": -1,
        "stdev": 0.527459144592
    },
    "hpcp_crest": {
        "max": 35.8694419861,
        "mean": 1.28032195568,
        "min": 0,
