{
"metadata": {
    "version": {
        "essentia": "2.1-beta5",
        "essentia_git_sha": "Undefined",
        "extractor": "music 2.0"
    },
    "audio_properties": {
        "analysis": {
            "equal_loudness": 0,
            "length": 28.1658058167,
            "sample_rate": 44100,
            "start_time": 158.987030029,
            "downmix": "mix"
        },
        "bit_rate": 192000,
        "length": 187.176055908,
        "lossless": 0,
        "number_channels": 2,
        "replay_gain": -3.9720993042,
        "sample_rate": 44100,
        "codec": "mp3",
        "md5_encoded": "96b346c7ba755fa6c29993a2a5dc9031"
    },
    "tags": {
        "file_name": "Ireland_Could It Be That I_m In Love_Kim Jackson.mp3",
        "encoding": ["Lavf58.29.100"]
    }
},
"lowlevel": {
    "average_loudness": 0.956162273884,
    "barkbands_crest": {
        "max": 19.6132125854,
        "mean": 7.93693065643,
        "min": 2.81526899338,
        "stdev": 3.36057281494
    },
    "barkbands_flatness_db": {
        "max": 0.256888151169,
        "mean": 0.160639315844,
        "min": 0.0318163223565,
        "stdev": 0.0238620508462
    },
    "barkbands_kurtosis": {
        "max": 6.32657909393,
        "mean": 0.114900507033,
        "min": -1.68738818169,
        "stdev": 1.16219317913
    },
    "barkbands_skewness": {
        "max": 2.01618123055,
        "mean": 0.164150491357,
        "min": -2.19758224487,
        "stdev": 0.527209341526
    },
    "barkbands_spread": {
        "max": 71.4564361572,
        "mean": 15.7866439819,
        "min": 4.02867603302,
        "stdev": 6.63552236557
    },
    "dissonance": {
        "max": 0.500000178814,
        "mean": 0.470688998699,
        "min": 0.369533717632,
        "stdev": 0.0230339542031
    },
    "dynamic_complexity": 1.50813293457,
    "erbbands_crest": {
        "max": 26.614818573,
        "mean": 10.2419490814,
        "min": 3.23606801033,
        "stdev": 4.35259819031
    },
    "erbbands_flatness_db": {
        "max": 0.349835813046,
        "mean": 0.258886754513,
        "min": 0.0635595023632,
        "stdev": 0.0306451525539
    },
    "erbbands_kurtosis": {
        "max": 5.7040014267,
        "mean": 0.325767785311,
        "min": -1.4903434515,
        "stdev": 1.03189778328
    },
    "erbbands_skewness": {
        "max": 1.69403338432,
        "mean": 0.0324549227953,
        "min": -2.16758847237,
        "stdev": 0.599244832993
    },
    "erbbands_spread": {
        "max": 59.6396522522,
        "mean": 18.8560142517,
        "min": 5.80725002289,
        "stdev": 7.68228292465
    },
    "hfc": {
        "max": 76.8223800659,
        "mean": 35.6101455688,
        "min": 1.61030800427e-06,
        "stdev": 13.7739591599
    },
    "loudness_ebu128": {
        "integrated": -18.7123203278,
        "loudness_range": 2.08613967896,
        "momentary": {
            "max": -16.9702396393,
            "mean": -19.0156936646,
            "min": -25.9451122284,
            "stdev": 1.83679008484
        },
        "short_term": {
            "max": -17.3624649048,
            "mean": -18.6611461639,
            "min": -22.9276485443,
            "stdev": 1.1186851263
        }
    },
    "melbands_crest": {
        "max": 26.8357009888,
        "mean": 9.75098800659,
        "min": 3.22508788109,
        "stdev": 4.571144104
    },
    "melbands_flatness_db": {
        "max": 0.271309047937,
        "mean": 0.185237646103,
        "min": 0.0925564616919,
        "stdev": 0.0275044497102
    },
    "melbands_kurtosis": {
        "max": 14.7359695435,
        "mean": 0.778338432312,
        "min": -1.678647995,
        "stdev": 1.4466791153
    },
    "melbands_skewness": {
        "max": 3.49172377586,
        "mean": 0.536430120468,
        "min": -1.16392862797,
        "stdev": 0.613567888737
    },
    "melbands_spread": {
        "max": 72.5970077515,
        "mean": 29.3047027588,
        "min": 6.89151620865,
        "stdev": 10.6919088364
    },
    "pitch_salience": {
        "max": 0.899820566177,
        "mean": 0.592875063419,
        "min": 0.310111433268,
        "stdev": 0.0985799655318
    },
    "silence_rate_20dB": {
        "max": 1,
        "mean": 1,
        "min": 1,
        "stdev": 0
    },
    "silence_rate_30dB": {
        "max": 1,
        "mean": 1,
        "min": 1,
        "stdev": 0
    },
    "silence_rate_60dB": {
        "max": 1,
        "mean": 0.00411861622706,
        "min": 0,
        "stdev": 0.0640441402793
    },
    "spectral_centroid": {
        "max": 3351.04272461,
        "mean": 1824.69506836,
        "min": 931.513183594,
        "stdev": 419.817260742
    },
    "spectral_complexity": {
        "max": 58,
        "mean": 29.4316310883,
        "min": 0,
        "stdev": 5.43142986298
    },
    "spectral_decrease": {
        "max": -6.08044123199e-17,
        "mean": -6.82928869011e-09,
        "min": -1.4603475762e-08,
        "stdev": 2.73149369789e-09
    },
    "spectral_energy": {
        "max": 0.0610372796655,
        "mean": 0.0290051866323,
        "min": 3.75549702447e-10,
        "stdev": 0.011352323927
    },
    "spectral_energyband_high": {
        "max": 0.0025030663237,
        "mean": 0.000460572686279,
        "min": 1.00458898145e-10,
        "stdev": 0.00037437849096
    },
    "spectral_energyband_low": {
        "max": 0.0175287127495,
        "mean": 0.00101566733792,
        "min": 3.86607273972e-11,
        "stdev": 0.00173260876909
    },
    "spectral_energyband_middle_high": {
        "max": 0.0539752691984,
        "mean": 0.0187666434795,
        "min": 5.48176920523e-11,
        "stdev": 0.0100499195978
    },
    "spectral_energyband_middle_low": {
        "max": 0.0351801514626,
        "mean": 0.00916700996459,
        "min": 1.77319464667e-10,
        "stdev": 0.00560966646299
    },
    "spectral_entropy": {
        "max": 8.40035057068,
        "mean": 7.37449407578,
        "min": 6.75511789322,
        "stdev": 0.193933367729
    },
    "spectral_flux": {
        "max": 0.194462165236,
        "mean": 0.090640746057,
        "min": 0.00963162723929,
        "stdev": 0.0250185839832
    },
    "spectral_kurtosis": {
        "max": 23.7930183411,
        "mean": 6.57236480713,
        "min": 0.40265250206,
        "stdev": 3.84865236282
    },
    "spectral_rms": {
        "max": 0.00771677168086,
        "mean": 0.00518663413823,
        "min": 6.05301522683e-07,
        "stdev": 0.00118178268895
    },
    "spectral_rolloff": {
        "max": 14728.7109375,
        "mean": 2060.28637695,
        "min": 689.0625,
        "stdev": 680.328552246
    },
    "spectral_skewness": {
        "max": 2.84933948517,
        "mean": 1.23658156395,
        "min": 0.281451672316,
        "stdev": 0.401688814163
    },
    "spectral_spread": {
        "max": 11272405,
        "mean": 2233747.5,
        "min": 1398649.5,
        "stdev": 396385.21875
    },
    "spectral_strongpeak": {
        "max": 17.0850448608,
        "mean": 2.94897651672,
        "min": 5.52429810341e-05,
        "stdev": 2.23504734039
    },
    "zerocrossingrate": {
        "max": 0.16162109375,
        "mean": 0.0708100348711,
        "min": 0.02880859375,
        "stdev": 0.0169878043234
    },
    "barkbands": {
        "max": [0.00013356123236, 0.0122330114245, 0.00906162895262, 0.00575530063361, 0.0131929507479, 0.0087942648679, 0.0185613669455, 0.0166664514691, 0.0269705932587, 0.0223355703056, 0.0372983813286, 0.012142769061, 0.0155172739178, 0.0213924273849, 0.0182834528387, 0.0200024712831, 0.0154089387506, 0.00616234820336, 0.0172654036433, 0.00300820777193, 0.00149987242185, 0.000223925817409, 3.98964220949e-05, 1.40322881634e-05, 9.21305945667e-06, 9.95875439003e-07, 1.75134090341e-07],
        "mean": [4.5871979637e-06, 0.000309199356707, 0.000411824439652, 0.000681054138113, 0.00182061921805, 0.000937244330999, 0.00196407269686, 0.00100946205202, 0.00252507161349, 0.00227005849592, 0.00561901275069, 0.00097311870195, 0.00211192551069, 0.00181273103226, 0.00166178005747, 0.00156221329235, 0.00106334290467, 0.000685531704221, 0.000923536077607, 0.000435804773588, 0.000193474144908, 2.48253818427e-05, 1.73006401383e-06, 1.53066139319e-06, 1.06637651243e-06, 3.70344110934e-07, 5.41281153232e-08],
        "min": [5.22645555306e-12, 1.07829465842e-11, 2.11711481679e-11, 6.62553085312e-12, 2.84644252613e-11, 1.86967039073e-11, 3.30982671826e-11, 5.07691371582e-12, 8.19389486817e-11, 7.11809344106e-12, 6.27463445785e-12, 4.33618072004e-12, 2.38979777807e-12, 7.34881513281e-12, 6.19636113253e-12, 6.48265252243e-12, 4.90079678228e-12, 8.60112935736e-12, 2.07307912156e-12, 8.4829730046e-12, 3.66333742854e-12, 4.96860365351e-12, 5.87732076548e-12, 7.23111197656e-12, 9.39703002911e-12, 1.71238752344e-11, 4.60086968523e-11],
        "stdev": [1.04589371404e-05, 0.00108433689456, 0.000752365565859, 0.000862704997417, 0.0017897359794, 0.00119108729996, 0.00275929924101, 0.0017434314359, 0.0028162652161, 0.00318939122371, 0.00750694051385, 0.00124547118321, 0.00179205997847, 0.00253857974894, 0.0021109317895, 0.00170230004005, 0.00165305414703, 0.000655454059597, 0.00121700426098, 0.000368766894098, 0.000175119974301, 2.86529684672e-05, 2.34032791013e-06, 1.19272226584e-06, 7.52854361963e-07, 5.02976149619e-08, 2.52663028277e-08]
    },
    "erbbands": {
        "max": [0.207593798637, 3.15377473831, 9.54076004028, 9.72116374969, 34.9735527039, 71.8712005615, 61.0463981628, 84.9250030518, 291.849151611, 402.793945312, 457.467132568, 816.289123535, 687.88269043, 840.496398926, 1726.0814209, 469.054229736, 838.155700684, 654.820739746, 872.966247559, 935.372314453, 1233.27978516, 964.709289551, 346.75100708, 1052.72509766, 824.462646484, 127.462715149, 85.8455429077, 23.5240650177, 10.7732524872, 3.33073401451, 0.466103464365, 0.199152886868, 0.244440868497, 0.151415407658, 0.0317558534443, 0.00434156600386, 0.00185211538337, 0.00046728074085, 4.04388665629e-05, 7.54139691708e-05],
        "mean": [0.00572946108878, 0.0842792019248, 0.407664865255, 1.45348441601, 3.47267866135, 7.67598247528, 6.04400634766, 9.1522064209, 21.2389812469, 33.0848999023, 25.2636146545, 59.9488067627, 52.3991546631, 105.770622253, 221.82043457, 51.3073005676, 102.735153198, 85.0712814331, 91.9834747314, 98.5019454956, 75.5460968018, 59.2926673889, 36.2408409119, 46.3231887817, 40.5395317078, 21.5232772827, 13.8845777512, 3.46266007423, 1.09955120087, 0.281037718058, 0.0378181226552, 0.028557382524, 0.0272136479616, 0.0150589728728, 0.00546618085355, 0.00169452722184, 0.000698581396136, 0.000179854818271, 2.14549909288e-05, 3.63237668353e-05],
        "min": [1.53101406553e-10, 3.25952886904e-09, 2.08837303006e-08, 2.74214784213e-08, 4.6068670656e-08, 1.33518895495e-07, 4.28513438067e-08, 2.19337110252e-07, 4.28643744499e-07, 3.32867500674e-07, 4.28626293569e-07, 2.06247273127e-06, 5.81915458042e-07, 2.16413411636e-07, 2.80965110733e-07, 1.66867877738e-07, 9.75140395099e-08, 2.21879346896e-07, 3.29287217937e-07, 4.49463215091e-07, 3.1155917668e-07, 3.37037420195e-07, 5.47832200937e-07, 1.56396581019e-07, 1.39031712365e-07, 3.73134781739e-07, 2.64365382918e-07, 1.3997467363e-07, 1.69423088892e-07, 2.43546509182e-07, 1.38673215133e-07, 1.29640824298e-07, 1.35199115903e-07, 9.65668576214e-08, 7.47526271994e-08, 4.13800513854e-08, 3.92377401681e-08, 5.45739133884e-08, 4.60377247435e-09, 2.79553796778e-10],
        "stdev": [0.0183527097106, 0.289433240891, 0.8122651577, 1.68777012825, 3.60321211815, 8.18093299866, 6.91992759705, 11.4746932983, 35.204158783, 46.1479110718, 36.5649833679, 73.4750366211, 66.993560791, 104.946090698, 308.759887695, 49.6346435547, 84.3173446655, 92.3032531738, 126.438980103, 97.7387924194, 102.721595764, 90.1078948975, 38.2025794983, 55.685005188, 51.9471931458, 17.9500827789, 11.6401519775, 3.29195523262, 1.2533288002, 0.358832627535, 0.0377036035061, 0.0218228790909, 0.0217749644071, 0.012152120471, 0.00291776144877, 0.000308668182697, 0.000107253894384, 4.55237859569e-05, 6.6541247179e-06, 1.37284314405e-05]
    },
    "gfcc": {
        "mean": [-13.5809803009, 120.846389771, -200.678085327, 6.74022674561, -43.0088119507, -18.7641716003, -22.1743602753, -2.98064804077, -34.7630844116, -1.66566419601, -18.1553058624, -11.9327936172, -3.33597898483],
        "cov": [[1483.31237793, 606.066711426, 139.078338623, 138.148544312, -142.077453613, -149.823120117, 63.7788009644, -135.157958984, -81.5950775146, -82.8295516968, -31.0067939758, -88.9371871948, 25.3525619507], [606.066711426, 608.062316895, 322.588470459, 55.3082504272, -30.5714015961, -135.62677002, 15.348903656, -67.9154510498, -57.9164276123, -45.4252510071, -20.4335517883, -43.7938156128, 15.821647644], [139.078338623, 322.588470459, 324.769317627, 134.504898071, -11.5532331467, -32.7953643799, -14.6222333908, -15.925535202, -2.65571451187, -7.2042183876, -5.4977517128, 0.702792525291, -10.662935257], [138.148544312, 55.3082504272, 134.504898071, 217.578109741, 7.7611207962, -16.3792877197, -27.404504776, 7.01052236557, 20.0945339203, 4.24531030655, 10.5871114731, 18.1969928741, -10.6827230453], [-142.077453613, -30.5714015961, -11.5532331467, 7.7611207962, 144.72706604, 49.2500534058, 1.7284091711, 48.6776008606, 0.900432169437, 13.8027954102, 15.9933309555, 16.2646522522, 9.82079982758], [-149.823120117, -135.62677002, -32.7953643799, -16.3792877197, 49.2500534058, 199.897018433, 79.6241912842, 10.1933794022, 20.2255630493, 20.5861988068, -12.3376159668, -1.75431704521, -8.88935089111], [63.7788009644, 15.348903656, -14.6222333908, -27.404504776, 1.7284091711, 79.6241912842, 111.190078735, 5.33170509338, -2.10716247559, 1.4186065197, -14.4711799622, -24.4776763916, 1.96665680408], [-135.157958984, -67.9154510498, -15.925535202, 7.01052236557, 48.6776008606, 10.1933794022, 5.33170509338, 102.331008911, 56.1329727173, 30.3296737671, 33.321182251, 24.5716953278, -2.31588482857], [-81.5950775146, -57.9164276123, -2.65571451187, 20.0945339203, 0.900432169437, 20.2255630493, -2.10716247559, 56.1329727173, 79.1930236816, 51.8051185608, 28.2324295044, 22.7876167297, -10.8076438904], [-82.8295516968, -45.4252510071, -7.2042183876, 4.24531030655, 13.8027954102, 20.5861988068, 1.4186065197, 30.3296737671, 51.8051185608, 90.8703842163, 44.3231124878, 3.17368412018, -6.6974773407], [-31.0067939758, -20.4335517883, -5.4977517128, 10.5871114731, 15.9933309555, -12.3376159668, -14.4711799622, 33.321182251, 28.2324295044, 44.3231124878, 63.9682273865, 31.3735675812, -1.06642663479], [-88.9371871948, -43.7938156128, 0.702792525291, 18.1969928741, 16.2646522522, -1.75431704521, -24.4776763916, 24.5716953278, 22.7876167297, 3.17368412018, 31.3735675812, 71.4971237183, 13.1285915375], [25.3525619507, 15.821647644, -10.662935257, -10.6827230453, 9.82079982758, -8.88935089111, 1.96665680408, -2.31588482857, -10.8076438904, -6.6974773407, -1.06642663479, 13.1285915375, 53.2428741455]],
        "icov": [[0.00731510901824, -0.0191296394914, 0.0207108967006, -0.013278379105, 0.0107823116705, -0.010227852501, 0.00535808037966, -0.00539884855971, 0.00445285765454, -2.86157992377e-05, -0.00154589919839, 0.000760863360483, 0.000237410888076], [-0.0191296394914, 0.0613835938275, -0.066525220871, 0.0391676090658, -0.034496422857, 0.037117049098, -0.0235761292279, 0.0250563342124, -0.0203942097723, 0.00774301635101, -0.00337720755488, 0.00503789214417, -0.00455113686621], [0.0207108967006, -0.066525220871, 0.0764102116227, -0.0451481118798, 0.0373611338437, -0.039422031492, 0.024901162833, -0.026639746502, 0.0225501731038, -0.00893621519208, 0.00460503157228, -0.00586986960843, 0.00559202907607], [-0.013278379105, 0.0391676090658, -0.0451481118798, 0.0326010882854, -0.0230818856508, 0.0226684100926, -0.0125252492726, 0.0153185185045, -0.0146257486194, 0.00458904262632, -0.00114679953549, 0.0010791545501, -0.00132646877319], [0.0107823116705, -0.034496422857, 0.0373611338437, -0.0230818856508, 0.0323110111058, -0.0257727764547, 0.0169612821192, -0.0252573229373, 0.0238551329821, -0.0092686843127, 0.00329544395208, -0.00449606077746, 0.000830945500638], [-0.010227852501, 0.037117049098, -0.039422031492, 0.0226684100926, -0.0257727764547, 0.0340903401375, -0.0240030176938, 0.0220924839377, -0.0189217291772, 0.00487098935992, 9.74167123786e-05, 0.00143725739326, -0.000793841725681], [0.00535808037966, -0.0235761292279, 0.024901162833, -0.0125252492726, 0.0169612821192, -0.0240030176938, 0.02817828767, -0.0185308679938, 0.0143082151189, -0.00571915600449, 0.00368710537441, 0.000810167519376, 4.52157928521e-06], [-0.00539884855971, 0.0250563342124, -0.026639746502, 0.0153185185045, -0.0252573229373, 0.0220924839377, -0.0185308679938, 0.043170992285, -0.0379613861442, 0.0183473806828, -0.0160951279104, 0.00922433938831, -0.00422165775672], [0.00445285765454, -0.0203942097723, 0.0225501731038, -0.0146257486194, 0.0238551329821, -0.0189217291772, 0.0143082151189, -0.0379613861442, 0.0598985515535, -0.0327105335891, 0.0191287528723, -0.0190674103796, 0.00891136657447], [-2.86157992377e-05, 0.00774301635101, -0.00893621519208, 0.00458904262632, -0.0092686843127, 0.00487098935992, -0.00571915600449, 0.0183473806828, -0.0327105335891, 0.0406116135418, -0.0307784397155, 0.020996235311, -0.00694896979257], [-0.00154589919839, -0.00337720755488, 0.00460503157228, -0.00114679953549, 0.00329544395208, 9.74167123786e-05, 0.00368710537441, -0.0160951279104, 0.0191287528723, -0.0307784397155, 0.0481000430882, -0.0250324625522, 0.0081511195749], [0.000760863360483, 0.00503789214417, -0.00586986960843, 0.0010791545501, -0.00449606077746, 0.00143725739326, 0.000810167519376, 0.00922433938831, -0.0190674103796, 0.020996235311, -0.0250324625522, 0.0342168845236, -0.0115456897765], [0.000237410888076, -0.00455113686621, 0.00559202907607, -0.00132646877319, 0.000830945500638, -0.000793841725681, 4.52157928521e-06, -0.00422165775672, 0.00891136657447, -0.00694896979257, 0.0081511195749, -0.0115456897765, 0.0243503600359]]
    },
    "melbands": {
        "max": [0.00284462887794, 0.00468753557652, 0.00246373773552, 0.00312410644256, 0.00208189943805, 0.0021757313516, 0.00424291566014, 0.00371880060993, 0.00457004085183, 0.00470292242244, 0.00340808392502, 0.00361175928265, 0.00585302244872, 0.0020552938804, 0.00149224803317, 0.00126550230198, 0.00142687675543, 0.0017797043547, 0.00189519592095, 0.000913588621188, 0.00147860730067, 0.00126397539862, 0.000935107236728, 0.000400651682867, 0.00102108286228, 0.00105293293018, 0.00011516855011, 9.57791271503e-05, 8.05711606517e-05, 3.45563857991e-05, 1.36281751111e-05, 6.75014052831e-06, 3.76081766262e-06, 1.7590537027e-06, 2.23216915174e-07, 9.60830917052e-08, 1.40232430113e-07, 1.49762215074e-07, 2.13055159293e-07, 1.10578731949e-07],
        "mean": [6.95226917742e-05, 0.000187038851436, 0.000309757888317, 0.000396632938646, 0.000256356637692, 0.000200422306079, 0.00034478949965, 0.000340249825967, 0.000228123986744, 0.000372259441065, 0.000262709596427, 0.000386226776754, 0.000879434228409, 0.000150611493154, 0.000189500657143, 0.00019727437757, 0.000150936873979, 0.000149618601426, 0.000128251282149, 0.000111930559797, 8.40327920741e-05, 6.30538488622e-05, 4.00636454287e-05, 3.44653417415e-05, 3.67826141883e-05, 3.96533941966e-05, 1.69177237694e-05, 1.3586910427e-05, 1.05034796434e-05, 3.64092647942e-06, 1.37114193421e-06, 6.56743736727e-07, 3.21883391052e-07, 8.35231475094e-08, 1.71102687574e-08, 1.31277726467e-08, 1.85514270612e-08, 1.88252506916e-08, 1.84585466911e-08, 1.09221103273e-08],
        "min": [2.43861614929e-12, 8.64509852594e-12, 4.89700901357e-12, 6.91930323801e-12, 2.39838010563e-12, 4.69852585658e-12, 6.84710968479e-12, 2.84602007759e-12, 5.27472770323e-12, 1.27272038394e-11, 2.41669423189e-12, 7.68833889782e-13, 8.62119457854e-13, 6.94863708673e-13, 2.84048148501e-13, 1.70923266317e-13, 4.95847286841e-13, 5.85994848566e-13, 6.58258495455e-13, 4.44480444204e-13, 3.29870327017e-13, 3.35885860141e-13, 4.21538238343e-13, 3.84808558716e-13, 1.00894166882e-13, 8.13283698741e-14, 9.68773672394e-14, 3.24468316798e-13, 2.15651539052e-13, 9.56859035907e-14, 7.25211584578e-14, 8.50673901437e-14, 1.17861964763e-13, 1.43897399421e-13, 8.16183194164e-14, 5.99179451714e-14, 8.24552760597e-14, 9.37636334677e-14, 7.86103970004e-14, 8.6889737484e-14],
        "stdev": [0.000236633437453, 0.000385369814467, 0.000326816283632, 0.000390529516153, 0.000267332681688, 0.000249246979365, 0.000539891480003, 0.00045353238238, 0.00031233811751, 0.00045491810306, 0.000358763354598, 0.000447079510195, 0.00121152086649, 0.00021213182481, 0.000182797099114, 0.000157482194481, 0.000191265251487, 0.000243824557401, 0.000169515609741, 0.000113700640213, 0.000134307847475, 0.000109024185804, 6.80732482579e-05, 3.33591087838e-05, 5.21258916706e-05, 6.19384809397e-05, 1.34619376695e-05, 1.32573277369e-05, 9.63356797001e-06, 3.48922549165e-06, 1.48229651131e-06, 7.6829377349e-07, 4.47768940148e-07, 1.20988900676e-07, 1.83273982657e-08, 1.07661755067e-08, 1.48869512273e-08, 1.47503920189e-08, 1.73386247582e-08, 8.86201600991e-09]
    },
    "melbands128": {
        "max": [0.000100650664535, 0.00097621785244, 0.00474047008902, 0.00675300229341, 0.00649012252688, 0.00476887775585, 0.0020656355191, 0.00402986072004, 0.00409995531663, 0.00487641617656, 0.00529736978933, 0.00409482652321, 0.00265512871556, 0.00252862088382, 0.00261616194621, 0.00435702502728, 0.00571904797107, 0.00710600987077, 0.00498205889016, 0.00772200897336, 0.00404076883569, 0.00526476511732, 0.0053294012323, 0.0100924093276, 0.00984303280711, 0.00708235986531, 0.00424460368231, 0.00619638990611, 0.00788439065218, 0.00584120117128, 0.00304374890402, 0.00645892089233, 0.0120713831857, 0.0103991404176, 0.00353177753277, 0.00344821601175, 0.00205805478618, 0.00220461911522, 0.00419382378459, 0.00306711765006, 0.00154768337961, 0.00299294246361, 0.00225884397514, 0.00238323863596, 0.00595842814073, 0.00257721566595, 0.00214924640022, 0.00320969498716, 0.00212732842192, 0.00272453133948, 0.00110741518438, 0.00308578996919, 0.00389291439205, 0.00199837540276, 0.00126073812135, 0.00285528809763, 0.00174849177711, 0.00253501557745, 0.000514078594279, 0.000520104484167, 0.000441673881141, 0.000871919153724, 0.000588892784435, 0.00241985265166, 0.00102825392969, 0.00219301739708, 0.00109588028863, 0.000145229190821, 0.00012618493929, 0.000170152663486, 0.000223323702812, 0.000187373894732, 0.000170386891114, 0.000140280346386, 6.11646100879e-05, 4.19446332671e-05, 2.2576745323e-05, 2.39369637711e-05, 2.06762015296e-05, 1.02747417259e-05, 7.50084200263e-06, 1.14534486784e-05, 9.39639085118e-06, 6.54292944091e-06, 2.7484425118e-06, 1.62566084327e-06, 2.23725896831e-06, 4.1402282136e-07, 2.10465131545e-07, 2.10625387354e-07, 1.69103586245e-07, 1.40709843777e-07, 1.52419829647e-07, 2.0020854663e-07, 1.36289557418e-07, 1.67086525948e-07, 1.37858776839e-07, 2.57743209886e-07, 3.44813827269e-07, 1.58684173357e-07, 9.49374978632e-08, 1.4012448446e-07, 8.44426182312e-08, 6.87366750185e-08, 5.09934920956e-08, 3.00901170647e-08, 1.13096350063e-08, 7.90745069423e-09, 7.45146966352e-09, 7.0977885791e-09, 6.95415547369e-09, 6.67560628997e-09, 6.25179064073e-09, 4.76060391108e-09, 5.18435561148e-09, 5.60004442818e-09, 6.11131323325e-09, 3.5201777604e-10, 3.52965434658e-10, 3.53654883156e-10, 3.56143892155e-10, 3.45700051918e-10, 3.40690392564e-10, 3.4052988207e-10, 3.35079242131e-10, 3.26822124919e-10, 3.23868432073e-10, 3.17241261039e-10],
        "mean": [3.82017742595e-06, 3.11007715936e-05, 9.40177342272e-05, 0.00014832650777, 0.000182550997124, 0.000212024518987, 0.000272371747997, 0.000369260378648, 0.00032050407026, 0.000379952194635, 0.000493254687171, 0.000329858477926, 0.00015068166249, 0.000219952547923, 0.000209260018892, 0.000176104120328, 0.000244505994488, 0.00042741096695, 0.000357245211489, 0.000458134221844, 0.000259154767264, 0.000223593218834, 0.000115028567961, 0.00035844850936, 0.000526863324922, 0.000284519977868, 0.000264256465016, 0.000152970897034, 0.000380599871278, 0.000462287338451, 0.000228021133807, 0.000518297136296, 0.00159113190603, 0.000480888935272, 0.000149294326548, 0.000104656952317, 5.60600274184e-05, 0.000152878899826, 0.000321452011121, 0.000260406493908, 0.000108259708213, 0.000204539028346, 0.000169807317434, 8.3561266365e-05, 0.000191746410565, 0.000153130080434, 0.000132059576572, 0.000103890051832, 0.000115306029329, 0.000200528622372, 8.18844418973e-05, 6.36827098788e-05, 0.000115981383715, 7.80719783506e-05, 5.20020148542e-05, 7.40304385545e-05, 5.11910657224e-05, 6.29811111139e-05, 2.59956250375e-05, 1.80370370799e-05, 3.44459367625e-05, 5.12581209478e-05, 2.82470900856e-05, 3.35388576786e-05, 4.88298137498e-05, 4.57126952824e-05, 3.19515565934e-05, 1.70480125234e-05, 1.52396360136e-05, 1.23088893815e-05, 1.66474947036e-05, 1.14076055979e-05, 1.1329571862e-05, 1.29143581944e-05, 6.48027889838e-06, 3.36584162142e-06, 2.62199114331e-06, 1.84030477612e-06, 1.22969197491e-06, 9.03714578726e-07, 6.93689457876e-07, 5.40369001101e-07, 5.00142732562e-07, 3.15207927315e-07, 1.78106233761e-07, 1.07910935299e-07, 5.22226457633e-08, 2.50647698152e-08, 1.4333353171e-08, 1.0773002046e-08, 1.17568870195e-08, 1.33744206821e-08, 1.63262487973e-08, 1.90865279137e-08, 1.98588629985e-08, 1.8840799143e-08, 1.86340631814e-08, 1.86018329629e-08, 2.03930117237e-08, 1.95446840934e-08, 9.13513709122e-09, 1.07395239368e-08, 9.92018378554e-09, 8.37038527379e-09, 5.35525312984e-09, 4.41232872461e-09, 3.82885723127e-09, 3.11844816636e-09, 2.44232656321e-09, 2.39829978099e-09, 2.3334401078e-09, 2.48279419246e-09, 2.28518337586e-09, 1.75855185969e-09, 1.67638847248e-09, 2.05574446355e-09, 1.95446081541e-09, 6.06565015229e-12, 4.86069387864e-12, 4.76695983034e-12, 4.6727734529e-12, 4.58040723406e-12, 4.48602136341e-12, 4.4079019948e-12, 4.35361035417e-12, 4.3138392164e-12, 4.27578849063e-12, 4.24669370849e-12],
        "min": [2.12689609848e-12, 8.88026739816e-13, 2.11171921963e-12, 6.15694170994e-12, 1.02770595853e-11, 1.02325196927e-11, 5.93550382455e-12, 2.58034999617e-12, 3.58373357032e-12, 8.76863512356e-12, 8.82349488612e-12, 3.04908377192e-12, 3.82358641277e-13, 1.41556341302e-12, 4.91947281522e-12, 6.45216605838e-12, 6.24896141777e-12, 7.27400951972e-12, 7.44649220757e-12, 3.54507265557e-12, 3.97267559561e-13, 7.6377240036e-13, 3.1369481665e-12, 1.27059647526e-11, 1.84176528195e-11, 1.12745229819e-11, 4.21342474799e-12, 1.59651664718e-12, 6.63424610386e-13, 6.44045689176e-13, 1.09360806001e-12, 4.15387396788e-13, 9.50628681676e-13, 1.12454002273e-12, 7.27563300405e-13, 8.16583779761e-13, 7.19279304629e-14, 4.01295614577e-13, 2.82800502851e-13, 1.09424147803e-13, 2.15246006782e-13, 1.4771471264e-13, 1.88853381718e-13, 7.72579428817e-13, 1.29225547364e-12, 3.15671940627e-13, 1.19237221008e-13, 7.21254544804e-13, 8.32183009569e-13, 6.67008494878e-13, 2.84021395812e-13, 3.71451350581e-13, 4.58387939151e-13, 2.28106325061e-13, 2.35633100488e-13, 4.37860061793e-13, 3.45772835277e-13, 1.82280948148e-13, 3.80900823035e-13, 1.05460030899e-12, 1.73185305073e-13, 1.95998002984e-13, 1.60923005607e-13, 4.4145046505e-14, 5.4596118479e-14, 5.51719755223e-14, 1.33535625049e-13, 1.0725833199e-13, 7.97722077197e-14, 8.91338665745e-14, 9.94499689305e-14, 8.2427359209e-13, 2.51631479325e-13, 8.01336739477e-14, 1.35117381151e-13, 9.09734324006e-14, 7.35699207718e-14, 1.0051600394e-13, 6.48831371118e-14, 4.84995310785e-14, 9.79242931859e-14, 8.43182335476e-14, 1.03478037499e-13, 1.40092066636e-13, 8.84809193686e-14, 2.02545066223e-13, 1.43795403102e-13, 5.56072250963e-14, 1.12863481039e-13, 7.09992841971e-14, 3.46182839881e-14, 6.32689091547e-14, 8.2914212063e-14, 1.04316403605e-13, 4.67779501657e-14, 1.00733203517e-13, 8.5402279866e-14, 1.35364213328e-13, 6.13312027033e-14, 6.74168362737e-14, 7.30953858097e-14, 9.59388344051e-14, 8.32342820969e-14, 9.73723326362e-14, 7.95658704937e-14, 9.38131272969e-14, 5.8895522194e-14, 8.465256084e-14, 5.41454224122e-14, 6.19225875545e-14, 9.04683297135e-14, 1.08750505888e-13, 7.93353826644e-14, 1.6355071865e-13, 1.90763867918e-13, 1.02962885613e-13, 1.13785337489e-12, 3.20309073319e-13, 1.08868589057e-13, 1.09349425944e-13, 7.70737640376e-14, 1.10640446457e-13, 8.1197947129e-14, 6.3704243432e-14, 5.59092397758e-14, 7.66337541385e-14, 8.66271775992e-14, 6.65913992785e-14],
        "stdev": [9.67222058534e-06, 0.000103831225715, 0.000356198812369, 0.000561021734029, 0.000470974249765, 0.000363338273019, 0.000349745270796, 0.000477542052977, 0.000387655920349, 0.000498486100696, 0.000592619064264, 0.000415563612478, 0.000240056629991, 0.000331985414959, 0.000299762090435, 0.000375440635253, 0.000420990487328, 0.000951630121563, 0.000562199391425, 0.000859193096403, 0.00048398177023, 0.000570155389141, 0.000285396265099, 0.000563595327549, 0.000760419061407, 0.000557106279302, 0.000485432829009, 0.000363990839105, 0.000759458926041, 0.000773520616349, 0.00038828101242, 0.00069500412792, 0.00240512983873, 0.00105384457856, 0.000273069541436, 0.000246422627242, 0.0001137214349, 0.000249924778473, 0.000391145702451, 0.000271764176432, 0.000197019995539, 0.000293676072033, 0.000267137191258, 0.0001976351341, 0.000541315646842, 0.000301548134303, 0.000279658503132, 0.000274933816399, 0.000184479387826, 0.000296065903967, 0.00010538456263, 0.000152542983415, 0.000248473981628, 0.000188373625861, 0.000135595939355, 0.000193393731024, 0.00012460819562, 0.000164217461133, 4.27118320658e-05, 3.47758650605e-05, 4.60560768261e-05, 6.31980583421e-05, 4.26365586463e-05, 0.000114383612527, 7.06382343196e-05, 0.000112389338028, 5.88999391766e-05, 1.91137642105e-05, 1.64234916156e-05, 1.4739092876e-05, 2.2038602765e-05, 1.63026052178e-05, 1.6263256839e-05, 1.57448848768e-05, 6.72474425301e-06, 4.31668559031e-06, 3.01483623844e-06, 2.40100553128e-06, 1.67757718827e-06, 1.0462966884e-06, 8.70914391271e-07, 7.59864406064e-07, 8.95449090876e-07, 5.01899251049e-07, 2.54485399864e-07, 1.77702133897e-07, 9.87028059285e-08, 3.38549845935e-08, 1.71013656569e-08, 1.03710338095e-08, 1.21760059812e-08, 1.35362787645e-08, 1.44277816361e-08, 1.88202111673e-08, 1.68839466852e-08, 1.7892265447e-08, 1.57476645057e-08, 1.95675955439e-08, 2.3618790479e-08, 1.81259913745e-08, 7.35314964473e-09, 1.06344257844e-08, 8.76531380811e-09, 6.17742923481e-09, 3.36073502361e-09, 2.30054042483e-09, 1.3406225019e-09, 9.80237779835e-10, 8.04657340758e-10, 7.62093999018e-10, 7.17573334086e-10, 6.98719471171e-10, 6.23363582974e-10, 5.22071108566e-10, 4.94461527278e-10, 6.00481442348e-10, 8.72064920276e-10, 1.25600016498e-11, 1.17141548198e-11, 1.1650852158e-11, 1.16387836868e-11, 1.13181382669e-11, 1.11406942699e-11, 1.10952080856e-11, 1.09173252036e-11, 1.06788961354e-11, 1.05851742302e-11, 1.0404742172e-11]
    },
    "mfcc": {
        "mean": [-636.503479004, 156.547332764, -90.6242294312, 24.0681800842, -20.0568828583, -8.57598400116, 9.304438591, -13.4285287857, 2.11744379997, -6.92283248901, -6.18076658249, -7.63140726089, -5.69114732742],
        "cov": [[1128.51428223, 374.373352051, 207.081100464, 211.133880615, -173.628112793, -13.360200882, 12.0465621948, -65.4864196777, -20.0690231323, -54.6342277527, -67.6853713989, -39.2724571228, -26.8329753876], [374.373352051, 570.978637695, 200.477584839, 123.211242676, -30.6804695129, -59.5577659607, 36.2005348206, -46.5037727356, -30.4047336578, -17.1322212219, -56.5176353455, -18.6255874634, -59.5521125793], [207.081100464, 200.477584839, 343.524597168, 158.812942505, -13.4891986847, 28.5944232941, -20.1509017944, -10.332613945, -6.02458763123, -35.9204559326, 10.3054981232, 3.15569043159, -1.69949126244], [211.133880615, 123.211242676, 158.812942505, 233.355453491, 45.1448974609, -55.9307098389, -33.8591804504, -17.8367900848, -23.5351276398, -40.0914878845, -19.4632377625, 22.6598930359, 10.6976604462], [-173.628112793, -30.6804695129, -13.4891986847, 45.1448974609, 154.088943481, -12.9453039169, -8.91717529297, 23.0314292908, -1.26614010334, -5.16340065002, 9.50330352783, 34.5918884277, 18.8653430939], [-13.360200882, -59.5577659607, 28.5944232941, -55.9307098389, -12.9453039169, 156.500656128, 56.1308670044, 16.2143115997, 30.094045639, 16.4261245728, 31.8396606445, -40.5792350769, -6.00801038742], [12.0465621948, 36.2005348206, -20.1509017944, -33.8591804504, -8.91717529297, 56.1308670044, 100.142364502, 19.2539348602, 17.6272029877, 30.0693435669, 1.696870327, -23.6603012085, -24.5114574432], [-65.4864196777, -46.5037727356, -10.332613945, -17.8367900848, 23.0314292908, 16.2143115997, 19.2539348602, 84.300743103, 30.7183761597, -13.5070362091, 11.2367582321, 11.8476228714, 13.8149089813], [-20.0690231323, -30.4047336578, -6.02458763123, -23.5351276398, -1.26614010334, 30.094045639, 17.6272029877, 30.7183761597, 60.7630500793, 29.0220165253, 13.1851930618, -1.28166234493, -0.338898956776], [-54.6342277527, -17.1322212219, -35.9204559326, -40.0914878845, -5.16340065002, 16.4261245728, 30.0693435669, -13.5070362091, 29.0220165253, 93.3313064575, 33.8557319641, -7.47757291794, -6.22902297974], [-67.6853713989, -56.5176353455, 10.3054981232, -19.4632377625, 9.50330352783, 31.8396606445, 1.696870327, 11.2367582321, 13.1851930618, 33.8557319641, 85.8986206055, 27.3221893311, 21.7867774963], [-39.2724571228, -18.6255874634, 3.15569043159, 22.6598930359, 34.5918884277, -40.5792350769, -23.6603012085, 11.8476228714, -1.28166234493, -7.47757291794, 27.3221893311, 98.8686294556, 48.077495575], [-26.8329753876, -59.5521125793, -1.69949126244, 10.6976604462, 18.8653430939, -6.00801038742, -24.5114574432, 13.8149089813, -0.338898956776, -6.22902297974, 21.7867774963, 48.077495575, 76.5065612793]],
        "icov": [[0.00201993598603, -0.00105542549863, 0.000823169073556, -0.00249115214683, 0.002790996572, -0.00110513914842, -2.77968574665e-05, 0.000518429384101, -0.000829818018246, 0.000785144045949, 0.000262064451817, -9.22166291275e-05, -0.000580423336942], [-0.00105542549863, 0.00395702477545, -0.00287968269549, 0.00153031898662, -0.00144356605597, 0.00313675752841, -0.00318798888475, 0.0012564357603, 0.000528684235178, -0.00019277363026, 0.000990185304545, -8.61644075485e-05, 0.00154485297389], [0.000823169073556, -0.00287968269549, 0.00770517624915, -0.00586703419685, 0.00301111489534, -0.00538998655975, 0.00379568221979, -0.00132176489569, -0.000402992533054, 0.000840911699925, -0.00182212505024, -0.00102489651181, 0.000557317282073], [-0.00249115214683, 0.00153031898662, -0.00586703419685, 0.0125363245606, -0.00676076626405, 0.00600570533425, -0.0020262405742, 0.00232896418311, -0.000241272427957, 0.0015500531299, 0.000159943374456, 0.00137089996133, -0.0012786637526], [0.002790996572, -0.00144356605597, 0.00301111489534, -0.00676076626405, 0.0124532524496, -0.00363824144006, 0.00159851496574, -0.00305109284818, 0.00121305335779, -0.0009192849393, 0.000824315473437, -0.00324354344048, 0.000308094429784], [-0.00110513914842, 0.00313675752841, -0.00538998655975, 0.00600570533425, -0.00363824144006, 0.0176622420549, -0.010914475657, 0.00543963070959, -0.00686541525647, 0.00632910057902, -0.00651919003576, 0.00834320578724, -0.00400198111311], [-2.77968574665e-05, -0.00318798888475, 0.00379568221979, -0.0020262405742, 0.00159851496574, -0.010914475657, 0.0216663479805, -0.00958273652941, 0.00558382365853, -0.00957241188735, 0.00428802706301, -0.00349311926402, 0.00551639916375], [0.000518429384101, 0.0012564357603, -0.00132176489569, 0.00232896418311, -0.00305109284818, 0.00543963070959, -0.00958273652941, 0.024207027629, -0.0157877206802, 0.0131552340463, -0.00512993289158, 0.00247895764187, -0.00455272570252], [-0.000829818018246, 0.000528684235178, -0.000402992533054, -0.000241272427957, 0.00121305335779, -0.00686541525647, 0.00558382365853, -0.0157877206802, 0.0322681106627, -0.0156334843487, 0.00566262751818, -0.00445052795112, 0.00400108797476], [0.000785144045949, -0.00019277363026, 0.000840911699925, 0.0015500531299, -0.0009192849393, 0.00632910057902, -0.00957241188735, 0.0131552340463, -0.0156334843487, 0.0252203997225, -0.0115178395063, 0.00518913986161, -0.00278817000799], [0.000262064451817, 0.000990185304545, -0.00182212505024, 0.000159943374456, 0.000824315473437, -0.00651919003576, 0.00428802706301, -0.00512993289158, 0.00566262751818, -0.0115178395063, 0.0218015946448, -0.00796412210912, 0.000268364179647], [-9.22166291275e-05, -8.61644075485e-05, -0.00102489651181, 0.00137089996133, -0.00324354344048, 0.00834320578724, -0.00349311926402, 0.00247895764187, -0.00445052795112, 0.00518913986161, -0.00796412210912, 0.0210970491171, -0.0110125206411], [-0.000580423336942, 0.00154485297389, 0.000557317282073, -0.0012786637526, 0.000308094429784, -0.00400198111311, 0.00551639916375, -0.00455272570252, 0.00400108797476, -0.00278817000799, 0.000268364179647, -0.0110125206411, 0.0230947621167]]
    },
    "spectral_contrast_coeffs": {
        "max": [-0.458175182343, -0.489722281694, -0.487959980965, -0.516824126244, -0.612088263035, -0.606469869614],
        "mean": [-0.682319045067, -0.739142119884, -0.688315212727, -0.725188076496, -0.746677994728, -0.703042328358],
        "min": [-0.91092300415, -0.957696080208, -0.916591465473, -0.922386109829, -0.926830708981, -0.92096221447],
        "stdev": [0.0730447918177, 0.0723012015224, 0.0879461988807, 0.0638557299972, 0.0398010350764, 0.0346042178571]
    },
    "spectral_contrast_valleys": {
        "max": [-5.45043182373, -5.30587720871, -5.69868993759, -5.63736438751, -6.02186346054, -10.6202955246],
        "mean": [-7.43969774246, -6.49433088303, -6.86028146744, -6.86422586441, -6.99167585373, -11.5916090012],
        "min": [-15.2988500595, -14.442234993, -15.5391969681, -15.8602647781, -15.6236066818, -17.323600769],
        "stdev": [0.801514089108, 0.56182050705, 0.516704320908, 0.490931510925, 0.42672136426, 0.287090837955]
    }
},
"rhythm": {
    "beats_count": 35,
    "beats_loudness": {
        "max": 0.0584562085569,
        "mean": 0.0319435633719,
        "min": 0.00474950764328,
        "stdev": 0.0122991641983
    },
    "bpm": 77.4568328857,
    "bpm_histogram_first_peak_bpm": 80,
    "bpm_histogram_first_peak_weight": 0.625,
    "bpm_histogram_second_peak_bpm": 75,
    "bpm_histogram_second_peak_spread": 0.5,
    "bpm_histogram_second_peak_weight": 0.147058829665,
    "danceability": 0.835631608963,
    "onset_rate": 0.958214223385,
    "beats_loudness_band_ratio": {
        "max": [0.406637579203, 0.418083280325, 0.564851164818, 0.772556781769, 0.60878521204, 0.141369968653],
        "mean": [0.0899044424295, 0.107133425772, 0.194363072515, 0.358472257853, 0.219095051289, 0.0563190579414],
        "min": [0.00161733990535, 0.00232525588945, 0.0487359054387, 0.0837668627501, 0.0537801012397, 0.00666386215016],
        "stdev": [0.103970520198, 0.0981754437089, 0.1212547943, 0.177594691515, 0.148277699947, 0.0381828770041]
    },
    "beats_position": [0.754648506641, 1.50929701328, 2.27555561066, 3.05342388153, 3.83129239082, 4.59755086899, 5.38702917099, 6.14167785645, 6.8963265419, 7.66258478165, 8.44045352936, 9.21832180023, 10.0078001022, 10.7972784042, 11.5867567062, 12.3762359619, 13.1657142639, 13.966802597, 14.7678909302, 15.545759201, 16.3236274719, 17.1247158051, 17.8793640137, 18.6340141296, 19.3886623383, 20.1317005157, 20.8747386932, 21.6293869019, 22.430475235, 23.2315635681, 24.0790920258, 24.9150104523, 25.7509288788, 26.5752372742, 27.3995456696],
