{
"metadata": {
    "version": {
        "essentia": "2.1-beta5",
        "essentia_git_sha": "Undefined",
        "extractor": "music 2.0"
    },
    "audio_properties": {
        "analysis": {
            "equal_loudness": 0,
            "length": 29.0017242432,
            "sample_rate": 44100,
            "start_time": 0,
            "downmix": "mix"
        },
        "bit_rate": 192000,
        "length": 186.06149292,
        "lossless": 0,
        "number_channels": 2,
        "replay_gain": -3.41062164307,
        "sample_rate": 44100,
        "codec": "mp3",
        "md5_encoded": "f085910810cc20f2ab483b9cbbce31d9"
    },
    "tags": {
        "file_name": "Italy_Comme E_ Ddoce _o Mare_Peppino di Capri.mp3",
        "encoding": ["Lavf58.29.100"]
    }
},
"lowlevel": {
    "average_loudness": 0.818835437298,
    "barkbands_crest": {
        "max": 24.5502891541,
        "mean": 9.54863262177,
        "min": 2.27845239639,
        "stdev": 4.39872837067
    },
    "barkbands_flatness_db": {
        "max": 0.329184502363,
        "mean": 0.178215563297,
        "min": 0.0303833615035,
        "stdev": 0.0556245557964
    },
    "barkbands_kurtosis": {
        "max": 40.0044441223,
        "mean": 2.51316952705,
        "min": -1.90300631523,
        "stdev": 5.11125707626
    },
    "barkbands_skewness": {
        "max": 5.08796405792,
        "mean": 0.886567652225,
        "min": -3.97887778282,
        "stdev": 1.11229074001
    },
    "barkbands_spread": {
        "max": 51.5215873718,
        "mean": 13.9142026901,
        "min": 1.14628076553,
        "stdev": 9.29836177826
    },
    "dissonance": {
        "max": 0.499644458294,
        "mean": 0.44232237339,
        "min": 0.155862167478,
        "stdev": 0.0469090677798
    },
    "dynamic_complexity": 6.32261371613,
    "erbbands_crest": {
        "max": 27.2745075226,
        "mean": 10.6468467712,
        "min": 2.42403268814,
        "stdev": 4.5128159523
    },
    "erbbands_flatness_db": {
        "max": 0.350469529629,
        "mean": 0.240457624197,
        "min": 0.0591250509024,
        "stdev": 0.0607782751322
    },
    "erbbands_kurtosis": {
        "max": 16.2416172028,
        "mean": 0.851176857948,
        "min": -1.84905695915,
        "stdev": 2.21565151215
    },
    "erbbands_skewness": {
        "max": 3.5345954895,
        "mean": 0.262080669403,
        "min": -3.46659708023,
        "stdev": 0.90827691555
    },
    "erbbands_spread": {
        "max": 82.7649612427,
        "mean": 21.6235904694,
        "min": 4.03800868988,
        "stdev": 12.5536661148
    },
    "hfc": {
        "max": 84.0774383545,
        "mean": 15.0925483704,
        "min": 1.16013007353e-16,
        "stdev": 16.7263908386
    },
    "loudness_ebu128": {
        "integrated": -21.280456543,
        "loudness_range": 10.0246582031,
        "momentary": {
            "max": -17.0114994049,
            "mean": -25.389087677,
            "min": -49.23021698,
            "stdev": 7.67187213898
        },
        "short_term": {
            "max": -18.7025165558,
            "mean": -23.3501033783,
            "min": -40.2838821411,
            "stdev": 4.79932594299
        }
    },
    "melbands_crest": {
        "max": 29.5544261932,
        "mean": 11.8100385666,
        "min": 1.66738092899,
        "stdev": 5.44753313065
    },
    "melbands_flatness_db": {
        "max": 0.405120074749,
        "mean": 0.23804692924,
        "min": 0.00463196635246,
        "stdev": 0.0630838721991
    },
    "melbands_kurtosis": {
        "max": 71.564956665,
        "mean": 4.65328741074,
        "min": -1.83601331711,
        "stdev": 7.34244585037
    },
    "melbands_skewness": {
        "max": 7.33878469467,
        "mean": 1.37059593201,
        "min": -2.55041337013,
        "stdev": 1.17784833908
    },
    "melbands_spread": {
        "max": 125.66191864,
        "mean": 21.5967159271,
        "min": 1.58090627193,
        "stdev": 17.075466156
    },
    "pitch_salience": {
        "max": 0.922063112259,
        "mean": 0.654629945755,
        "min": 0.200828760862,
        "stdev": 0.132442489266
    },
    "silence_rate_20dB": {
        "max": 1,
        "mean": 1,
        "min": 1,
        "stdev": 0
    },
    "silence_rate_30dB": {
        "max": 1,
        "mean": 1,
        "min": 1,
        "stdev": 0
    },
    "silence_rate_60dB": {
        "max": 1,
        "mean": 0.240799993277,
        "min": 0,
        "stdev": 0.427568227053
    },
    "spectral_centroid": {
        "max": 11061.34375,
        "mean": 1172.92822266,
        "min": 366.936401367,
        "stdev": 724.925964355
    },
    "spectral_complexity": {
        "max": 39,
        "mean": 12.964799881,
        "min": 0,
        "stdev": 7.95163869858
    },
    "spectral_decrease": {
        "max": -7.61286929864e-30,
        "mean": -4.15033918344e-09,
        "min": -1.82840480534e-08,
        "stdev": 3.76903575017e-09
    },
    "spectral_energy": {
        "max": 0.0739732012153,
        "mean": 0.0170332733542,
        "min": 1.0551456117e-20,
        "stdev": 0.0155432196334
    },
    "spectral_energyband_high": {
        "max": 0.00530308717862,
        "mean": 0.000135329479235,
        "min": 7.71994660219e-21,
        "stdev": 0.000495260988828
    },
    "spectral_energyband_low": {
        "max": 0.00762865971774,
        "mean": 0.000592808879446,
        "min": 3.32612030416e-23,
        "stdev": 0.000953537935857
    },
    "spectral_energyband_middle_high": {
        "max": 0.0467046014965,
        "mean": 0.00595985306427,
        "min": 1.55095193553e-21,
        "stdev": 0.00816505774856
    },
    "spectral_energyband_middle_low": {
        "max": 0.0537547655404,
        "mean": 0.0107911843807,
        "min": 2.95776315597e-22,
        "stdev": 0.0100510921329
    },
    "spectral_entropy": {
        "max": 9.80521583557,
        "mean": 7.05923604965,
        "min": 5.68033361435,
        "stdev": 0.489553838968
    },
    "spectral_flux": {
        "max": 0.215232089162,
        "mean": 0.0559170767665,
        "min": 1.02720283668e-10,
        "stdev": 0.0409970059991
    },
    "spectral_kurtosis": {
        "max": 37.4797744751,
        "mean": 12.0561523438,
        "min": -1.24118769169,
        "stdev": 6.51972866058
    },
    "spectral_rms": {
        "max": 0.00849523302168,
        "mean": 0.00351185258478,
        "min": 3.20844262616e-12,
        "stdev": 0.00206995289773
    },
    "spectral_rolloff": {
        "max": 18776.953125,
        "mean": 1447.40759277,
        "min": 193.798828125,
        "stdev": 1008.96209717
    },
    "spectral_skewness": {
        "max": 4.79966592789,
        "mean": 2.20322608948,
        "min": -0.292384922504,
        "stdev": 0.816452264786
    },
    "spectral_spread": {
        "max": 41722620,
        "mean": 2651604.5,
        "min": 1271287.25,
        "stdev": 1657182.375
    },
    "spectral_strongpeak": {
        "max": 8.53651332855,
        "mean": 1.32857966423,
        "min": 0,
        "stdev": 1.34900152683
    },
    "zerocrossingrate": {
        "max": 0.52001953125,
        "mean": 0.052141405642,
        "min": 0.015625,
        "stdev": 0.0305279139429
    },
    "barkbands": {
        "max": [2.64156369667e-05, 0.00206453446299, 0.00474070664495, 0.00754922255874, 0.0139918345958, 0.0322496257722, 0.0305319596082, 0.0285813529044, 0.0365926250815, 0.0159214921296, 0.012167904526, 0.0185982119292, 0.0234831757843, 0.0126105854288, 0.0264282524586, 0.0190251991153, 0.0133206099272, 0.0117258662358, 0.00506526138633, 0.00579185970128, 0.00265510869212, 0.000973584421445, 7.77121604187e-05, 6.60242294543e-05, 1.30065300255e-05, 6.96152073942e-06, 7.4269119068e-06],
        "mean": [2.41502425524e-06, 9.68330205069e-05, 0.000209494086448, 0.000509738631081, 0.00111669010948, 0.00331054301932, 0.00177143118344, 0.00201057246886, 0.00175553373992, 0.000906847941224, 0.000666916603222, 0.000771254650317, 0.000891304865945, 0.000705152109731, 0.00079753465252, 0.000390726869227, 0.000346938148141, 0.000413167814258, 0.0001547728898, 0.000136003480293, 5.39086468052e-05, 1.21137727547e-05, 1.01089108284e-06, 1.22362143884e-06, 6.89958426392e-07, 4.13845384628e-07, 5.43202780534e-08],
        "min": [2.76963699569e-23, 1.3084920243e-23, 6.17046960621e-24, 2.58178602165e-23, 4.28998905457e-23, 5.00557614129e-23, 7.17040357837e-23, 5.28298097188e-23, 3.36311756507e-23, 1.07121732105e-22, 7.20554575398e-23, 1.184887255e-22, 8.44684426298e-23, 1.14788261035e-22, 1.28881658693e-22, 2.29519067752e-22, 2.55941919596e-22, 1.66910333149e-22, 1.57492760201e-22, 3.16860661706e-22, 4.37032273641e-22, 4.13382375164e-22, 8.02203938386e-22, 8.97153003986e-22, 1.14793736361e-21, 1.64851916106e-21, 2.42274314977e-21],
        "stdev": [2.20671699935e-06, 0.000243253627559, 0.000442454067525, 0.000864060595632, 0.00156207801774, 0.0052644489333, 0.00359476869926, 0.00360211543739, 0.00317708984949, 0.00190443766769, 0.00135996576864, 0.00209171324968, 0.00245277187787, 0.00144409341738, 0.00243032258004, 0.00143489788752, 0.000978746800683, 0.000971186673269, 0.000387705193134, 0.000398416945245, 0.000237261177972, 6.02048021392e-05, 3.51688163391e-06, 4.23141955253e-06, 8.81313781065e-07, 1.92655576825e-07, 2.09767918591e-07]
    },
    "erbbands": {
        "max": [0.0496883206069, 0.488779395819, 4.47473621368, 18.6737937927, 30.8507175446, 77.3823547363, 328.836791992, 372.498809814, 507.042053223, 372.050415039, 588.288452148, 975.695800781, 669.227416992, 396.530792236, 669.202209473, 893.144042969, 982.958129883, 757.796447754, 531.783569336, 1474.78771973, 870.67767334, 714.402160645, 774.323486328, 347.079559326, 200.52230835, 327.953460693, 122.138771057, 104.192245483, 35.2520523071, 6.01759576797, 2.00847935677, 1.97941219807, 0.787509977818, 0.228808879852, 0.0491540171206, 0.025777593255, 0.0133209927008, 0.00484676798806, 0.00105484679807, 0.000114927534014],
        "mean": [0.0015723038232, 0.0285372901708, 0.188221246004, 1.15567910671, 2.06803011894, 3.77945160866, 13.4656801224, 32.3643455505, 27.1598930359, 29.3360061646, 46.2206420898, 47.2705421448, 28.7267055511, 23.9084224701, 31.6266002655, 34.8397750854, 42.2986984253, 39.8070030212, 32.2252807617, 41.2741012573, 22.7658500671, 19.2363681793, 24.3481521606, 12.2425365448, 7.30463695526, 6.36300563812, 3.21249818802, 1.62415874004, 0.523361563683, 0.106831349432, 0.0262731350958, 0.0273303277791, 0.0182109214365, 0.00902506150305, 0.00410678656772, 0.00178088876419, 0.000775969703682, 0.00017639696307, 1.38450059239e-05, 2.04979241971e-05],
        "min": [9.23063992388e-22, 1.21019088361e-21, 4.96231627143e-21, 3.32896511076e-20, 1.76773912351e-19, 6.62832814159e-20, 4.87540511533e-19, 2.69793280289e-19, 5.92069154192e-19, 1.26033498109e-18, 1.16001637755e-18, 8.14925880079e-19, 2.54869380735e-18, 3.21054748524e-18, 2.69577065617e-18, 4.90844136482e-18, 4.31426843184e-18, 6.64177435019e-18, 4.08614442661e-18, 1.19877545544e-17, 1.26682942423e-17, 1.38471010614e-17, 8.93673939683e-18, 8.91637421015e-18, 9.86563592777e-18, 1.30637031187e-17, 1.39992840962e-17, 2.21550136207e-17, 1.30957241074e-17, 2.11873330724e-17, 2.15499707073e-17, 2.00794057056e-17, 1.33643874073e-17, 1.04481133541e-17, 8.8830289053e-18, 6.05975890426e-18, 2.91892247874e-18, 1.49671176729e-18, 3.22233351649e-19, 3.44654786549e-20],
        "stdev": [0.0040235389024, 0.0656264573336, 0.370224863291, 2.00385832787, 3.07291102409, 5.97657346725, 24.5617256165, 56.797908783, 56.8301048279, 49.0661582947, 83.2996292114, 86.3068313599, 63.1676673889, 45.8435516357, 70.7358856201, 91.2528457642, 109.710647583, 82.6192092896, 64.6423187256, 136.456237793, 78.7892074585, 53.1126937866, 60.7277183533, 27.2732486725, 17.5439567566, 20.1617622375, 11.7081918716, 7.89352226257, 2.50545430183, 0.425471574068, 0.0905680432916, 0.107461757958, 0.0537815615535, 0.0158840287477, 0.00300151109695, 0.000741857453249, 0.0003749820753, 0.000138033894473, 3.07276568492e-05, 1.88265967154e-05]
    },
    "gfcc": {
        "mean": [-95.6974411011, 126.222610474, -150.368408203, -8.34467315674, -50.1504173279, -18.0010356903, -43.5638694763, 3.45533275604, -30.9515724182, 2.64667391777, -13.1721248627, -8.24885082245, -13.4449033737],
        "cov": [[5844.06835938, 1560.20336914, -1818.28039551, -689.239868164, -314.645751953, -1262.39160156, 170.310180664, -358.222991943, -113.608360291, -282.642303467, 190.894271851, -450.934204102, 17.4117336273], [1560.20336914, 1230.49438477, -65.0307159424, -664.870178223, -45.3739891052, -317.055084229, -8.94540309906, -106.781097412, -78.7208862305, -134.036514282, 124.273193359, -142.695053101, -38.1509017944], [-1818.28039551, -65.0307159424, 1217.74755859, 193.805343628, -18.9863014221, 467.50604248, -89.4430465698, 92.3181228638, -0.470427125692, 80.1854553223, -19.5380954742, 184.273391724, -9.86901760101], [-689.239868164, -664.870178223, 193.805343628, 701.1484375, 44.0585632324, 90.0447387695, -24.4571018219, 40.9411315918, 69.5375747681, 89.1201629639, -89.4887466431, 111.564125061, 85.6540298462], [-314.645751953, -45.3739891052, -18.9863014221, 44.0585632324, 300.492431641, 96.7839889526, -94.5052490234, 77.4445648193, 63.6337814331, 15.3509483337, -34.4299659729, 43.3798866272, 35.5549736023], [-1262.39160156, -317.055084229, 467.50604248, 90.0447387695, 96.7839889526, 489.700714111, 17.7239894867, 106.944267273, -5.5028886795, 68.4921188354, -46.0711898804, 92.2079925537, -35.955581665], [170.310180664, -8.94540309906, -89.4430465698, -24.4571018219, -94.5052490234, 17.7239894867, 183.020370483, 15.6601543427, -71.9394760132, -41.1108894348, 19.9738101959, -29.9278831482, -31.7055797577], [-358.222991943, -106.781097412, 92.3181228638, 40.9411315918, 77.4445648193, 106.944267273, 15.6601543427, 126.841773987, 41.3807945251, 6.06009626389, -21.0345230103, 32.301815033, -1.41509151459], [-113.608360291, -78.7208862305, -0.470427125692, 69.5375747681, 63.6337814331, -5.5028886795, -71.9394760132, 41.3807945251, 136.926254272, 63.0543479919, -35.8710517883, 12.5136528015, 48.9081687927], [-282.642303467, -134.036514282, 80.1854553223, 89.1201629639, 15.3509483337, 68.4921188354, -41.1108894348, 6.06009626389, 63.0543479919, 104.072853088, -6.00860643387, 22.3179168701, 27.8641319275], [190.894271851, 124.273193359, -19.5380954742, -89.4887466431, -34.4299659729, -46.0711898804, 19.9738101959, -21.0345230103, -35.8710517883, -6.00860643387, 91.2235488892, 15.2655763626, -9.88971996307], [-450.934204102, -142.695053101, 184.273391724, 111.564125061, 43.3798866272, 92.2079925537, -29.9278831482, 32.301815033, 12.5136528015, 22.3179168701, 15.2655763626, 131.969818115, 46.3167457581], [17.4117336273, -38.1509017944, -9.86901760101, 85.6540298462, 35.5549736023, -35.955581665, -31.7055797577, -1.41509151459, 48.9081687927, 27.8641319275, -9.88971996307, 46.3167457581, 104.755500793]],
        "icov": [[0.00198210636154, -0.00436506513506, 0.00416247313842, -0.00339894322678, 0.00351767125539, -0.00190503068734, 0.00178189249709, -0.000871853379067, -0.000313936092425, 0.00118176813703, -0.000940042547882, -4.85494347231e-05, -0.000303166889353], [-0.00436506513506, 0.0143877519295, -0.0124214971438, 0.0115276677534, -0.0112532237545, 0.008525156416, -0.00656171236187, 0.0045734141022, 1.12422421807e-05, -0.000950625864789, -0.000148000443005, 0.00402921810746, -0.00135698390659], [0.00416247313842, -0.0124214971438, 0.0130300018936, -0.0102194752544, 0.0116744879633, -0.00911925546825, 0.00805848836899, -0.0047874446027, 0.00030921571306, 0.00217165052891, -0.0011706049554, -0.00364046683535, 0.000426887214417], [-0.00339894322678, 0.0115276677534, -0.0102194752544, 0.0118081327528, -0.00942271761596, 0.00824422668666, -0.00664627412334, 0.00368833146058, 0.000838171516079, -0.00361938308924, 0.00358717283234, 0.000581142143346, -0.00113535870332], [0.00351767125539, -0.0112532237545, 0.0116744879633, -0.00942271761596, 0.0162570718676, -0.00983088742942, 0.0110337445512, -0.00786103215069, 0.000261493987637, 0.00377209042199, -0.00125335541088, -0.00245502684265, -0.00169565761462], [-0.00190503068734, 0.008525156416, -0.00911925546825, 0.00824422668666, -0.00983088742942, 0.0134849250317, -0.00829294789582, 0.00175009435043, 0.00307997805066, -0.00715651968494, 0.00492541817948, -0.000546065159142, 0.00247222464532], [0.00178189249709, -0.00656171236187, 0.00805848836899, -0.00664627412334, 0.0110337445512, -0.00829294789582, 0.017052270472, -0.00915473140776, 0.00550809456035, 0.003767472459, -0.00365591235459, 0.00188014772721, -0.00279644411057], [-0.000871853379067, 0.0045734141022, -0.0047874446027, 0.00368833146058, -0.00786103215069, 0.00175009435043, -0.00915473140776, 0.0191990286112, -0.0102671450004, 0.00488713104278, -0.0007716291002, -0.00062741280999, 0.00279917940497], [-0.000313936092425, 1.12422421807e-05, 0.00030921571306, 0.000838171516079, 0.000261493987637, 0.00307997805066, 0.00550809456035, -0.0102671450004, 0.0218429435045, -0.0127988578752, 0.00686749396846, 0.00013405153004, -0.00430768029764], [0.00118176813703, -0.000950625864789, 0.00217165052891, -0.00361938308924, 0.00377209042199, -0.00715651968494, 0.003767472459, 0.00488713104278, -0.0127988578752, 0.0253561232239, -0.0110422335565, 0.00622943136841, -0.00447474420071], [-0.000940042547882, -0.000148000443005, -0.0011706049554, 0.00358717283234, -0.00125335541088, 0.00492541817948, -0.00365591235459, -0.0007716291002, 0.00686749396846, -0.0110422335565, 0.0235462840647, -0.0117792123929, 0.00521990796551], [-4.85494347231e-05, 0.00402921810746, -0.00364046683535, 0.000581142143346, -0.00245502684265, -0.000546065159142, 0.00188014772721, -0.00062741280999, 0.00013405153004, 0.00622943136841, -0.0117792123929, 0.0222115088254, -0.0107885077596], [-0.000303166889353, -0.00135698390659, 0.000426887214417, -0.00113535870332, -0.00169565761462, 0.00247222464532, -0.00279644411057, 0.00279917940497, -0.00430768029764, -0.00447474420071, 0.00521990796551, -0.0107885077596, 0.0191505420953]]
    },
    "melbands": {
        "max": [0.000541129498743, 0.00156781298574, 0.00263752182946, 0.00368284876458, 0.0085272314027, 0.00759468926117, 0.00696211913601, 0.00442588794976, 0.00488158548251, 0.00560680404305, 0.00325622106902, 0.00177932681981, 0.00188995315693, 0.00239780638367, 0.00193964631762, 0.0022300707642, 0.00155740079936, 0.000916131772101, 0.00256577250548, 0.00143681175541, 0.00110340584069, 0.000793270941358, 0.000584194494877, 0.000631405855529, 0.000316671445034, 0.000167073798366, 0.000158982293215, 0.000242531590629, 7.72888743086e-05, 8.12500438769e-05, 5.18582128279e-05, 2.78311963484e-05, 6.50779520583e-06, 2.4704174848e-06, 1.42261126257e-06, 7.83358984791e-07, 1.47938965256e-06, 6.61644946831e-07, 3.38821479318e-07, 1.45840260757e-07],
        "mean": [2.14869851334e-05, 8.92281314009e-05, 0.000218615648919, 0.000198723835638, 0.000427835941082, 0.000690057582688, 0.000397694006097, 0.000341023667715, 0.000375403556973, 0.00027179333847, 0.000137327006087, 9.69732354861e-05, 0.000101396930404, 9.53748021857e-05, 8.10108831502e-05, 8.86808484211e-05, 7.35590001568e-05, 5.01404356328e-05, 5.45183283975e-05, 4.15370959672e-05, 2.40838598984e-05, 1.88617250387e-05, 2.30068562814e-05, 1.89542461158e-05, 9.03011459741e-06, 5.17643820785e-06, 5.12871429237e-06, 4.07543166148e-06, 2.18209379454e-06, 1.33871208163e-06, 7.95875962467e-07, 3.31737567194e-07, 1.14005416663e-07, 3.3354645268e-08, 1.29166206619e-08, 1.39611859851e-08, 1.7753592374e-08, 1.35152395941e-08, 1.00109565082e-08, 6.74060407491e-09],
        "min": [7.13035437239e-24, 2.01231238288e-24, 1.22381301261e-23, 7.72343972246e-24, 1.36722626857e-23, 6.89201030507e-24, 1.12472663977e-23, 1.41087930671e-23, 9.13173077654e-24, 4.47359153932e-24, 1.34593554383e-23, 1.39065717295e-23, 9.07152964542e-24, 1.24486984009e-23, 9.2582183118e-24, 1.21272738697e-23, 1.18672929254e-23, 5.82057390157e-24, 9.7833551278e-24, 1.69840206727e-23, 1.54044403059e-23, 1.52737434089e-23, 9.46899090162e-24, 7.89780717036e-24, 7.0451558169e-24, 6.72739238909e-24, 7.65275384105e-24, 9.50238890577e-24, 9.20129016458e-24, 9.42985945642e-24, 1.3414972546e-23, 7.0104191158e-24, 7.7044471073e-24, 1.44604672586e-23, 1.34149993673e-23, 9.45814090873e-24, 1.39505412586e-23, 9.19955940375e-24, 9.12027414961e-24, 8.74748451821e-24],
        "stdev": [5.60352200409e-05, 0.000152419001097, 0.000310256407829, 0.000286613678327, 0.00070678681368, 0.00114525354002, 0.000827801995911, 0.000562976463698, 0.000637909455691, 0.000519248831552, 0.000314527918817, 0.000196047447389, 0.00021117151482, 0.000253483653069, 0.000212094251765, 0.000233197788475, 0.000158720373292, 9.97150855255e-05, 0.000186449775356, 0.000129712498165, 8.73946992215e-05, 5.63537541893e-05, 5.77227692702e-05, 4.75031993119e-05, 2.18004297494e-05, 1.34662568598e-05, 1.34211531986e-05, 1.46838938235e-05, 7.62420404499e-06, 6.52239305055e-06, 4.01752095058e-06, 1.67815312579e-06, 4.97896280649e-07, 1.27413443352e-07, 5.20870848675e-08, 5.05726376332e-08, 7.35825835818e-08, 4.19859560452e-08, 2.42656348348e-08, 1.01823394161e-08]
    },
    "melbands128": {
        "max": [1.63782951859e-05, 0.000271113211056, 0.000920415972359, 0.000876481004525, 0.0025226639118, 0.00281339557841, 0.00464770523831, 0.0028107969556, 0.00434386683628, 0.0054997690022, 0.00556387845427, 0.00495716929436, 0.0159786604345, 0.0131088467315, 0.013643572107, 0.0128047578037, 0.00902199186385, 0.0129633788019, 0.00552922533825, 0.00701172836125, 0.00972149614245, 0.00999807938933, 0.00955683458596, 0.00993454363197, 0.0108478982002, 0.00624496443197, 0.00457399012521, 0.00603598775342, 0.00414278637618, 0.00386612326838, 0.00185883487575, 0.00255693309009, 0.00304286228493, 0.00382106984034, 0.00544382538646, 0.00546026416123, 0.00428851461038, 0.00144750135951, 0.00548212975264, 0.00509831681848, 0.00451063923538, 0.00270340777934, 0.00357803306542, 0.00305665982887, 0.0014962349087, 0.00199306500144, 0.00245261495002, 0.00479833921418, 0.00612225476652, 0.00259784189984, 0.00175067724194, 0.00360598904081, 0.00203976989724, 0.00248301122338, 0.000732570304535, 0.00105393584818, 0.00074685754953, 0.000672498194035, 0.00071341462899, 0.0015313931508, 0.000733094639145, 0.00055765057914, 0.000421267788624, 0.000395679409849, 0.000201087095775, 0.000245285424171, 0.000171501145815, 0.000222186194151, 0.000238747263211, 0.000307479407638, 0.000349115201971, 0.000144951613038, 0.000151856889715, 7.73290230427e-05, 0.000125027523609, 0.000134819478262, 0.000108919899503, 6.83147154632e-05, 5.19953900948e-05, 7.26306097931e-05, 3.40687220159e-05, 1.37367187563e-05, 1.10957016659e-05, 7.58097303333e-06, 5.19605328009e-06, 1.91091476154e-06, 1.72559850853e-06, 2.56081580119e-06, 1.48976153014e-06, 7.51691061396e-07, 5.86343446685e-07, 1.11507802103e-06, 1.08189169623e-06, 2.68632607003e-06, 1.14179374577e-06, 6.3718147203e-07, 7.74295926931e-07, 5.23450864875e-07, 3.73974643253e-07, 4.21754577928e-07, 1.45163184584e-07, 2.04300874884e-07, 1.19073398253e-07, 8.95613467833e-08, 6.33605452549e-08, 5.75483696252e-08, 5.43229319305e-08, 4.60179165884e-08, 4.03928765991e-08, 4.08178593148e-08, 4.55100028773e-08, 4.06868672087e-08, 4.47713084384e-08, 4.26912407647e-08, 3.94422201566e-08, 4.12624743262e-08, 3.80366280694e-08, 3.47093020991e-08, 3.36242784726e-08, 3.26903304426e-08, 3.18558264212e-08, 3.11371550765e-08, 3.04669498519e-08, 2.99357054701e-08, 2.95244131365e-08, 2.91981550049e-08, 2.8922531925e-08, 2.87292092338e-08],
        "mean": [1.65780932093e-06, 5.88741340835e-06, 3.15961588058e-05, 4.79033842566e-05, 6.39600912109e-05, 0.000119315445772, 0.00024672105792, 0.000237552740145, 0.000201045317226, 0.00018587091472, 0.000182584743015, 0.000287031522021, 0.000377723801648, 0.000722790311556, 0.00096017960459, 0.000494766689371, 0.000397061172407, 0.00046102431952, 0.000265725160716, 0.000321105297189, 0.000357083044946, 0.000444600096671, 0.000361151644029, 0.000313542637741, 0.000402286386816, 0.000199244052055, 0.000116985356726, 0.000152448381414, 0.000126051265397, 0.000123513658764, 6.44250030746e-05, 8.44457827043e-05, 0.000119686410471, 0.000107303771074, 7.34117347747e-05, 0.000110405686428, 0.000105533799797, 3.7827216147e-05, 0.000106616935227, 0.000110967543151, 7.56487861509e-05, 7.02737161191e-05, 7.69279286033e-05, 7.8480807133e-05, 4.99155357829e-05, 4.78565998492e-05, 5.21374422533e-05, 2.25924395636e-05, 8.98690777831e-05, 6.08038972132e-05, 2.33106929954e-05, 3.58255310857e-05, 2.25792191486e-05, 2.17583783524e-05, 2.16414355236e-05, 1.5111158973e-05, 1.95622542378e-05, 2.28350581892e-05, 2.23005172302e-05, 2.86216909444e-05, 1.81670329766e-05, 1.34426936711e-05, 1.15697375804e-05, 7.33379283702e-06, 5.76347520109e-06, 4.8436668294e-06, 4.79961545352e-06, 5.6348239923e-06, 5.15133888257e-06, 4.59812554254e-06, 4.47135380455e-06, 3.56993268724e-06, 2.86315503217e-06, 1.72559225575e-06, 1.77595109108e-06, 1.39348617267e-06, 1.16494481972e-06, 9.95800178316e-07, 7.70778797232e-07, 6.08325194662e-07, 3.55372378635e-07, 2.39899293319e-07, 1.72626258177e-07, 1.03337328028e-07, 6.68713724394e-08, 3.8878848585e-08, 2.33574848352e-08, 1.57782444887e-08, 1.11667066705e-08, 1.18497078816e-08, 1.19838556856e-08, 1.46700838144e-08, 1.71472418486e-08, 1.85730684166e-08, 1.86344202291e-08, 1.39720333081e-08, 1.35009905478e-08, 1.06715623005e-08, 9.83326930992e-09, 1.1028514102e-08, 6.27338447856e-09, 6.40810959851e-09, 5.95952975857e-09, 5.84304693518e-09, 4.17449896872e-09, 3.77164344201e-09, 3.90182686161e-09, 3.44708173117e-09, 2.73010014595e-09, 2.68533661973e-09, 2.661294074e-09, 2.75962785956e-09, 2.74075651063e-09, 1.94361238215e-09, 1.78448700261e-09, 2.09229611414e-09, 1.78852532784e-09, 3.15666694173e-11, 2.97674732086e-11, 2.89579211304e-11, 2.82347478731e-11, 2.76185740944e-11, 2.70325949125e-11, 2.65516029302e-11, 2.62056661093e-11, 2.59277321835e-11, 2.57022320094e-11, 2.55176695746e-11],
        "min": [1.31795054544e-23, 1.02303931365e-23, 4.7316121642e-24, 9.47455868189e-25, 1.4964871824e-24, 3.48355019846e-24, 1.67596536429e-24, 1.98936789013e-23, 2.27401446383e-23, 2.50491854729e-24, 1.37310075796e-24, 7.47252200117e-24, 2.09941335532e-23, 1.6808205665e-23, 5.93022241195e-24, 6.19446862849e-25, 4.7382125634e-24, 1.03035331641e-23, 2.60735505462e-23, 9.42227771426e-24, 1.40069858341e-23, 1.23715115168e-23, 7.2958857893e-24, 7.30458692508e-24, 5.00392339881e-24, 3.42807473859e-24, 3.15081142965e-24, 1.39410181298e-23, 2.57396446577e-23, 1.07130379598e-23, 1.07775170836e-23, 1.64010082875e-23, 6.90346850972e-24, 6.30237977134e-24, 9.31581462421e-24, 1.45110916184e-23, 1.71876714262e-23, 8.88051407697e-24, 3.93025570224e-24, 8.34291483639e-24, 1.5309444098e-23, 1.67153662028e-23, 1.55914871152e-23, 5.48448207948e-24, 5.37495032052e-24, 7.20022614935e-24, 5.31573842097e-24, 3.63106876546e-24, 9.8555485224e-24, 3.14133626354e-23, 1.24037412179e-23, 1.26919767932e-23, 1.13012039733e-23, 2.08531641094e-23, 1.54913932881e-23, 1.3980937647e-23, 1.67047434018e-23, 1.00307687289e-23, 6.95275969452e-24, 7.58652502375e-24, 6.26110775207e-24, 1.13406872504e-23, 5.92103494342e-24, 6.45496243091e-24, 7.3991879137e-24, 6.96533965937e-24, 5.26588280619e-24, 8.74310949563e-24, 9.26974435849e-24, 4.0551383e-24, 7.4163716708e-24, 1.5021853811e-23, 1.10264807964e-23, 7.50353054563e-24, 8.12202195001e-24, 4.79832731425e-24, 1.04062452206e-23, 2.12713881847e-23, 9.97553505495e-24, 1.21642320031e-23, 7.29222231925e-24, 4.30711901136e-24, 7.5530181568e-24, 5.53193719053e-24, 1.28722330878e-23, 6.54458649608e-24, 2.05966659861e-23, 1.86385822684e-23, 1.09106310505e-23, 1.19853570039e-23, 1.13271866849e-23, 5.49357843458e-24, 1.01365541875e-23, 1.97607795046e-23, 1.10789739676e-23, 1.13237464625e-23, 8.79452902716e-24, 5.02041966363e-24, 1.2647094552e-23, 8.79559872254e-24, 7.50847512578e-24, 8.37667334997e-24, 1.01866649988e-23, 9.71616942222e-24, 8.36473078472e-24, 9.42721125036e-24, 1.53977602318e-23, 1.4021556095e-23, 8.984039449e-24, 9.24707012949e-24, 8.4053902535e-24, 5.61000759888e-24, 1.02739753349e-23, 9.91576700846e-24, 1.28542131381e-23, 1.29063805098e-23, 1.03219057346e-23, 1.46973432558e-23, 9.30243238782e-24, 9.62768762765e-24, 9.39569783492e-24, 9.98277522033e-24, 9.72408800799e-24, 1.1689491566e-23, 9.22187864534e-24, 9.4414864773e-24, 8.17594611491e-24, 1.10644281614e-23],
        "stdev": [1.44366333643e-06, 1.37282377182e-05, 9.65301369433e-05, 0.000116160445032, 0.000163704433362, 0.0002534755331, 0.000491086044349, 0.000392426620238, 0.00038811887498, 0.000404857622925, 0.000370657042367, 0.000581220374443, 0.00102637871169, 0.00141001585871, 0.00202654185705, 0.00112857751083, 0.00100744131487, 0.00138358969707, 0.000611216179095, 0.000780367583502, 0.000842366309371, 0.00101976818405, 0.000929157133214, 0.000702766294125, 0.000888961483724, 0.00060337461764, 0.000393047521356, 0.000517405685969, 0.000367111060768, 0.000333790667355, 0.000195502332645, 0.000223211114644, 0.000284798850771, 0.000370010937331, 0.000343380554114, 0.000409057392972, 0.000366727501387, 0.000131945533212, 0.000407434650697, 0.00036707430263, 0.000287533912342, 0.000248835072853, 0.00022156839259, 0.000219170877244, 0.000134069647174, 0.000143282872159, 0.000165564691997, 0.000161385163665, 0.000393251015339, 0.000245985138463, 9.30662863539e-05, 0.000192993771634, 0.000114896967716, 0.000103489765024, 6.39484569547e-05, 6.3823426899e-05, 7.10864333087e-05, 6.76364361425e-05, 6.64326798869e-05, 0.000102030775452, 5.40701403224e-05, 3.84318482247e-05, 3.38174577337e-05, 2.24115665333e-05, 1.53957043949e-05, 1.56841579155e-05, 1.33483108584e-05, 1.51668200488e-05, 1.59370229085e-05, 1.82539224625e-05, 2.06070490094e-05, 1.28318670249e-05, 1.07215382741e-05, 6.38710253043e-06, 8.38404866954e-06, 7.58121359468e-06, 6.65341622152e-06, 5.33133561476e-06, 3.87811587643e-06, 3.6787046156e-06, 1.9413953396e-06, 1.16551279916e-06, 8.28955421639e-07, 4.71353416742e-07, 2.95082116963e-07, 1.40002825333e-07, 9.12923638907e-08, 8.85859421373e-08, 4.98143393202e-08, 3.76763900078e-08, 4.11480947093e-08, 5.85418113985e-08, 7.46087707171e-08, 1.00096237077e-07, 7.123997392e-08, 4.39323706303e-08, 4.39286402809e-08, 2.97830027307e-08, 2.76107776642e-08, 2.48319036444e-08, 8.5882572165e-09, 1.12664970686e-08, 7.75573383294e-09, 5.20122300784e-09, 3.44821549092e-09, 2.04914374358e-09, 1.85847026657e-09, 1.6023722349e-09, 1.36308453413e-09, 1.34782196515e-09, 1.45366896298e-09, 1.29747412814e-09, 1.38960964957e-09, 1.29094757106e-09, 1.18092047252e-09, 1.24365651111e-09, 1.26873045403e-09, 9.81238867936e-10, 9.50587608628e-10, 9.24183674034e-10, 9.00591212716e-10, 8.80273076653e-10, 8.61325677448e-10, 8.46307135483e-10, 8.34679103612e-10, 8.25455148679e-10, 8.17662604291e-10, 8.12197531452e-10]
    },
    "mfcc": {
        "mean": [-736.570678711, 173.291748047, -45.5817108154, 10.440372467, -4.01961994171, -18.8679904938, -3.82824993134, -14.2634449005, -10.5001087189, -2.64240503311, -1.07972967625, -3.12525868416, -7.72493839264],
        "cov": [[5875.58740234, 1388.26928711, -1828.24377441, 229.06628418, -960.33026123, -786.768615723, -184.390869141, -426.699768066, -333.182067871, -147.131561279, -95.6893234253, -127.684120178, -133.081130981], [1388.26928711, 1712.70690918, -169.390640259, -447.634796143, -148.34765625, -327.169036865, -0.319229930639, -75.9048614502, -277.479705811, -8.43861103058, 20.0757217407, -99.125328064, -84.2254333496], [-1828.24377441, -169.390640259, 1172.01647949, -22.5041713715, 146.202041626, 259.459442139, 83.1614227295, 102.602798462, 32.4800605774, -0.668351471424, 32.2507629395, 38.4890365601, 21.0049266815], [229.06628418, -447.634796143, -22.5041713715, 472.206176758, 35.2829742432, -4.99680709839, -90.5904006958, -48.2567024231, 93.0865859985, -57.4009513855, -57.6737747192, 13.8680458069, 47.089515686], [-960.33026123, -148.34765625, 146.202041626, 35.2829742432, 470.145629883, 135.08052063, -74.3722915649, 62.0643997192, 113.966133118, 67.497253418, -0.724220275879, 8.97821331024, 38.2616767883], [-786.768615723, -327.169036865, 259.459442139, -4.99680709839, 135.08052063, 233.996795654, 53.4644470215, 34.6702880859, 73.2605438232, 22.3626346588, 18.3246555328, 17.04246521, 5.58837985992], [-184.390869141, -0.319229930639, 83.1614227295, -90.5904006958, -74.3722915649, 53.4644470215, 200.710662842, 96.132598877, -47.0486297607, -3.87022590637, 18.9875297546, -8.26203155518, -3.57054305077], [-426.699768066, -75.9048614502, 102.602798462, -48.2567024231, 62.0643997192, 34.6702880859, 96.132598877, 163.742553711, 30.3783969879, -6.90205430984, 12.3664464951, -0.210956260562, 30.4036006927], [-333.182067871, -277.479705811, 32.4800605774, 93.0865859985, 113.966133118, 73.2605438232, -47.0486297607, 30.3783969879, 178.117996216, 54.2098312378, -31.3095817566, 25.0386333466, 30.5693836212], [-147.131561279, -8.43861103058, -0.668351471424, -57.4009513855, 67.497253418, 22.3626346588, -3.87022590637, -6.90205430984, 54.2098312378, 122.175491333, 22.9824085236, -2.42819046974, -6.82318258286], [-95.6893234253, 20.0757217407, 32.2507629395, -57.6737747192, -0.724220275879, 18.3246555328, 18.9875297546, 12.3664464951, -31.3095817566, 22.9824085236, 79.8413696289, 11.9325618744, -22.9798641205], [-127.684120178, -99.125328064, 38.4890365601, 13.8680458069, 8.97821331024, 17.04246521, -8.26203155518, -0.210956260562, 25.0386333466, -2.42819046974, 11.9325618744, 72.4013137817, 24.8938808441], [-133.081130981, -84.2254333496, 21.0049266815, 47.089515686, 38.2616767883, 5.58837985992, -3.57054305077, 30.4036006927, 30.5693836212, -6.82318258286, -22.9798641205, 24.8938808441, 96.5029525757]],
        "icov": [[0.00202324194834, -0.00217730575241, 0.00268379412591, -0.00348031078465, 0.00378106115386, -0.00215440732427, 0.00200215168297, -0.00132520170882, 0.00181649217848, -0.0020796537865, 0.00142461701762, -0.0012032763334, 0.00104832497891], [-0.00217730575241, 0.00411208486184, -0.00339858885854, 0.00566107966006, -0.00519979884848, 0.00596958165988, -0.00361199630424, 0.00391137925908, -0.00249074632302, 0.00370693625882, -0.00226887781173, 0.00319191208109, -0.0013988642022], [0.00268379412591, -0.00339858885854, 0.00498550152406, -0.00541853858158, 0.00564016913995, -0.00589847471565, 0.0040512769483, -0.00403081299737, 0.00406557833776, -0.00396762695163, 0.00288527528755, -0.00299550476484, 0.00171027914621], [-0.00348031078465, 0.00566107966006, -0.00541853858158, 0.0116148544475, -0.00846779439598, 0.00928370095789, -0.00640086829662, 0.00832317024469, -0.00807481817901, 0.00924877077341, -0.00473376782611, 0.00559803424403, -0.00374565040693], [0.00378106115386, -0.00519979884848, 0.00564016913995, -0.00846779439598, 0.0125573948026, -0.0106874946505, 0.0102231903002, -0.00962562486529, 0.00706827128306, -0.00912819616497, 0.00572344427928, -0.00417607091367, 0.00218694773503], [-0.00215440732427, 0.00596958165988, -0.00589847471565, 0.00928370095789, -0.0106874946505, 0.0227142330259, -0.0146755436435, 0.0158323720098, -0.0137695176527, 0.012355664745, -0.0102315461263, 0.00792777631432, -0.00286214519292], [0.00200215168297, -0.00361199630424, 0.0040512769483, -0.00640086829662, 0.0102231903002, -0.0146755436435, 0.0209467615932, -0.0186097323895, 0.0146473702043, -0.0124150700867, 0.00970339681953, -0.00616107927635, 0.00366702233441], [-0.00132520170882, 0.00391137925908, -0.00403081299737, 0.00832317024469, -0.00962562486529, 0.0158323720098, -0.0186097323895, 0.0268372427672, -0.0171947032213, 0.0158304292709, -0.0132040940225, 0.0100530050695, -0.00701336562634], [0.00181649217848, -0.00249074632302, 0.00406557833776, -0.00807481817901, 0.00706827128306, -0.0137695176527, 0.0146473702043, -0.0171947032213, 0.0254239607602, -0.0178309846669, 0.0156487505883, -0.0103228474036, 0.0044154827483], [-0.0020796537865, 0.00370693625882, -0.00396762695163, 0.00924877077341, -0.00912819616497, 0.012355664745, -0.0124150700867, 0.0158304292709, -0.0178309846669, 0.0240545868874, -0.014095521532, 0.00935435295105, -0.00424558715895], [0.00142461701762, -0.00226887781173, 0.00288527528755, -0.00473376782611, 0.00572344427928, -0.0102315461263, 0.00970339681953, -0.0132040940225, 0.0156487505883, -0.014095521532, 0.0264970678836, -0.0113877505064, 0.00780205382034], [-0.0012032763334, 0.00319191208109, -0.00299550476484, 0.00559803424403, -0.00417607091367, 0.00792777631432, -0.00616107927635, 0.0100530050695, -0.0103228474036, 0.00935435295105, -0.0113877505064, 0.0230250824243, -0.00787157844752], [0.00104832497891, -0.0013988642022, 0.00171027914621, -0.00374565040693, 0.00218694773503, -0.00286214519292, 0.00366702233441, -0.00701336562634, 0.0044154827483, -0.00424558715895, 0.00780205382034, -0.00787157844752, 0.0158760882914]]
    },
    "spectral_contrast_coeffs": {
        "max": [-0.389227330685, -0.469922423363, -0.492855221033, -0.521094977856, -0.582034945488, -0.559361219406],
        "mean": [-0.661931574345, -0.717983365059, -0.749289035797, -0.762722492218, -0.770047068596, -0.806389808655],
        "min": [-0.96366250515, -0.960904419422, -0.964701533318, -0.963051557541, -0.959300339222, -0.96166986227],
        "stdev": [0.103224597871, 0.101931907237, 0.0907006934285, 0.0816332399845, 0.0657395645976, 0.0580131448805]
    },
    "spectral_contrast_valleys": {
        "max": [-6.14828395844, -4.33075237274, -5.04924488068, -6.12356376648, -5.5584654808, -9.25977706909],
        "mean": [-7.97085618973, -6.97697496414, -7.89954900742, -8.0731754303, -8.47503185272, -11.886841774],
        "min": [-27.060918808, -26.9807300568, -27.5009803772, -27.0341014862, -27.2608032227, -27.2456169128],
        "stdev": [0.868292570114, 1.09724318981, 1.01690721512, 0.913316607475, 1.01748275757, 0.527518570423]
    }
},
"rhythm": {
    "beats_count": 50,
    "beats_loudness": {
        "max": 0.0649757608771,
        "mean": 0.022406572476,
        "min": 4.32603337686e-05,
        "stdev": 0.0186480786651
    },
    "bpm": 104.061424255,
    "bpm_histogram_first_peak_bpm": 103,
    "bpm_histogram_first_peak_weight": 0.399999976158,
    "bpm_histogram_second_peak_bpm": 129,
    "bpm_histogram_second_peak_spread": 0.285714268684,
    "bpm_histogram_second_peak_weight": 0.102040819824,
    "danceability": 0.919086754322,
    "onset_rate": 2.44715070724,
    "beats_loudness_band_ratio": {
        "max": [0.690223455429, 0.88298022747, 0.68451333046, 0.666371107101, 0.707795798779, 0.376144200563],
        "mean": [0.11985360086, 0.249213516712, 0.315759301186, 0.183595582843, 0.150176167488, 0.0236172899604],
        "min": [0.00321853789501, 0.0253680311143, 0.0120264515281, 0.00444362219423, 0.00705517083406, 0.000661478959955],
        "stdev": [0.14846560359, 0.215236231685, 0.201868727803, 0.152059853077, 0.197087153792, 0.0534279420972]
    },
    "beats_position": [0.568888902664, 1.13777780533, 1.71827661991, 2.29877543449, 2.87927436829, 3.45977306366, 4.04027223587, 4.62077093124, 5.20126962662, 5.78176879883, 6.37387752533, 6.96598625183, 7.67419481277, 8.37079334259, 9.07900238037, 9.78721046448, 10.47219944, 11.1571884155, 11.8421764374, 12.5155553818, 13.2121543884, 13.873922348, 14.5356912613, 15.1161899567, 15.7082986832, 16.3004074097, 16.7880268097, 17.2756462097, 17.7632656097, 18.2508831024, 18.7501125336, 19.2493419647, 19.7950115204, 20.3522891998, 20.9095687866, 21.4784584045, 22.035736084, 22.5930156708, 23.1270751953, 23.6727428436, 24.195192337, 24.7060317993, 25.2168693542, 25.681268692, 26.1456680298, 26.6100673676, 27.0744667053, 27.5388660431, 27.9916553497, 28.4444446564],
