{
"metadata": {
    "version": {
        "essentia": "2.1-beta5",
        "essentia_git_sha": "Undefined",
        "extractor": "music 2.0"
    },
    "audio_properties": {
        "analysis": {
            "equal_loudness": 0,
            "length": 26.2269382477,
            "sample_rate": 44100,
            "start_time": 207.737319946,
            "downmix": "mix"
        },
        "bit_rate": 192000,
        "length": 233.987503052,
        "lossless": 0,
        "number_channels": 2,
        "replay_gain": -10.0207901001,
        "sample_rate": 48000,
        "codec": "mp3",
        "md5_encoded": "3f4d77ca71475a151db588238a2e1d3b"
    },
    "tags": {
        "file_name": "Greece_I Anixi_Sofia Vossou.mp3",
        "encoding": ["Lavf58.29.100"]
    }
},
"lowlevel": {
    "average_loudness": 0.228381291032,
    "barkbands_crest": {
        "max": 24.0300827026,
        "mean": 8.26927947998,
        "min": 2.43948173523,
        "stdev": 4.4752869606
    },
    "barkbands_flatness_db": {
        "max": 0.256460249424,
        "mean": 0.103594817221,
        "min": 0.040485534817,
        "stdev": 0.040431201458
    },
    "barkbands_kurtosis": {
        "max": 14.8827781677,
        "mean": 1.8066021204,
        "min": -1.85022366047,
        "stdev": 2.00227999687
    },
    "barkbands_skewness": {
        "max": 2.41037034988,
        "mean": -0.751755833626,
        "min": -3.33621454239,
        "stdev": 0.976345300674
    },
    "barkbands_spread": {
        "max": 126.944381714,
        "mean": 23.3000659943,
        "min": 3.87155675888,
        "stdev": 11.0591497421
    },
    "dissonance": {
        "max": 0.499999970198,
        "mean": 0.483794391155,
        "min": 0.317613393068,
        "stdev": 0.0213521253318
    },
    "dynamic_complexity": 6.4244146347,
    "erbbands_crest": {
        "max": 32.4696235657,
        "mean": 8.94488716125,
        "min": 2.71150279045,
        "stdev": 7.45767736435
    },
    "erbbands_flatness_db": {
        "max": 0.338103950024,
        "mean": 0.166247144341,
        "min": 0.0829914659262,
        "stdev": 0.0627444460988
    },
    "erbbands_kurtosis": {
        "max": 25.6266708374,
        "mean": 1.21195530891,
        "min": -1.75290071964,
        "stdev": 2.77240633965
    },
    "erbbands_skewness": {
        "max": 2.95655608177,
        "mean": -0.0179639160633,
        "min": -2.37722635269,
        "stdev": 0.773129224777
    },
    "erbbands_spread": {
        "max": 78.6792907715,
        "mean": 26.61170578,
        "min": 2.89754009247,
        "stdev": 12.2306070328
    },
    "hfc": {
        "max": 136.554550171,
        "mean": 20.2288303375,
        "min": 1.03466781808e-16,
        "stdev": 25.8143768311
    },
    "loudness_ebu128": {
        "integrated": -12.0860204697,
        "loudness_range": 10.2168931961,
        "momentary": {
            "max": -9.82269668579,
            "mean": -121.833679199,
            "min": -300.691009521,
            "stdev": 137.599761963
        },
        "short_term": {
            "max": -10.353808403,
            "mean": -103.239196777,
            "min": -300.691009521,
            "stdev": 130.074249268
        }
    },
    "melbands_crest": {
        "max": 26.3996238708,
        "mean": 7.21751737595,
        "min": 1.5263402462,
        "stdev": 5.46860218048
    },
    "melbands_flatness_db": {
        "max": 0.243502780795,
        "mean": 0.0769251510501,
        "min": 0.00285695400089,
        "stdev": 0.0671761929989
    },
    "melbands_kurtosis": {
        "max": 18.0573310852,
        "mean": 0.431134164333,
        "min": -1.51113247871,
        "stdev": 2.26088666916
    },
    "melbands_skewness": {
        "max": 3.89091324806,
        "mean": 0.241081178188,
        "min": -1.90335345268,
        "stdev": 0.727468848228
    },
    "melbands_spread": {
        "max": 193.769134521,
        "mean": 74.5280227661,
        "min": 7.85115480423,
        "stdev": 47.7771186829
    },
    "pitch_salience": {
        "max": 0.881722688675,
        "mean": 0.696496784687,
        "min": 0.284503847361,
        "stdev": 0.127658247948
    },
    "silence_rate_20dB": {
        "max": 1,
        "mean": 1,
        "min": 1,
        "stdev": 0
    },
    "silence_rate_30dB": {
        "max": 1,
        "mean": 1,
        "min": 1,
        "stdev": 0
    },
    "silence_rate_60dB": {
        "max": 1,
        "mean": 0.491600364447,
        "min": 0,
        "stdev": 0.499929606915
    },
    "spectral_centroid": {
        "max": 11874.3232422,
        "mean": 5532.38574219,
        "min": 982.764587402,
        "stdev": 4317.06396484
    },
    "spectral_complexity": {
        "max": 48,
        "mean": 13.3112287521,
        "min": 0,
        "stdev": 13.6750144958
    },
    "spectral_decrease": {
        "max": 2.27130286871e-28,
        "mean": -3.1536440126e-09,
        "min": -2.11562074526e-08,
        "stdev": 4.21254853222e-09
    },
    "spectral_energy": {
        "max": 0.0899784862995,
        "mean": 0.0137373981997,
        "min": 9.84894955578e-21,
        "stdev": 0.0181318968534
    },
    "spectral_energyband_high": {
        "max": 0.0177266132087,
        "mean": 0.000689443200827,
        "min": 6.95325437973e-21,
        "stdev": 0.00137596321292
    },
    "spectral_energyband_low": {
        "max": 0.0195662304759,
        "mean": 0.000780951755587,
        "min": 1.53581262822e-23,
        "stdev": 0.00176519562956
    },
    "spectral_energyband_middle_high": {
        "max": 0.0824683308601,
        "mean": 0.00977905187756,
        "min": 9.09756906037e-22,
        "stdev": 0.0146509129554
    },
    "spectral_energyband_middle_low": {
        "max": 0.0392598435283,
        "mean": 0.00265606865287,
        "min": 1.23650715719e-22,
        "stdev": 0.00442589167506
    },
    "spectral_entropy": {
        "max": 9.82385444641,
        "mean": 8.52819824219,
        "min": 6.59803771973,
        "stdev": 1.03975892067
    },
    "spectral_flux": {
        "max": 0.223742425442,
        "mean": 0.0436193086207,
        "min": 6.19957349346e-11,
        "stdev": 0.0448048114777
    },
    "spectral_kurtosis": {
        "max": 18.3423099518,
        "mean": 2.0369758606,
        "min": -1.27706336975,
        "stdev": 2.9060344696
    },
    "spectral_rms": {
        "max": 0.00936930533499,
        "mean": 0.00253384141251,
        "min": 3.09979537698e-12,
        "stdev": 0.00264235655777
    },
    "spectral_rolloff": {
        "max": 19552.1484375,
        "mean": 8821.72265625,
        "min": 602.9296875,
        "stdev": 7852.58251953
    },
    "spectral_skewness": {
        "max": 2.19090080261,
        "mean": 0.849752008915,
        "min": -0.123853631318,
        "stdev": 0.703948199749
    },
    "spectral_spread": {
        "max": 43180824,
        "mean": 17757958,
        "min": 1695463.625,
        "stdev": 17871728
    },
    "spectral_strongpeak": {
        "max": 12.0245981216,
        "mean": 1.71219539642,
        "min": 0,
        "stdev": 2.67153429985
    },
    "zerocrossingrate": {
        "max": 0.720703125,
        "mean": 0.250286668539,
        "min": 0.0361328125,
        "stdev": 0.199964076281
    },
    "barkbands": {
        "max": [0.000728446699213, 0.0159449242055, 0.00769362412393, 0.00521092116833, 0.0127816200256, 0.0170140042901, 0.0283373836428, 0.0141573138535, 0.0193225834519, 0.00928733870387, 0.0223316643387, 0.0733893960714, 0.0168529804796, 0.0223928019404, 0.0177839864045, 0.00967913679779, 0.00899529457092, 0.00320237781852, 0.00837465375662, 0.00301449932158, 0.0026918114163, 0.00526585290208, 0.00609907833859, 0.00468854093924, 0.00105040764902, 0.000208717363421, 1.06849847725e-06],
        "mean": [4.21779695898e-05, 0.000471233419375, 0.000177807771252, 0.000252706784522, 0.000609463546425, 0.000456635723822, 0.000375914329197, 0.000625917513389, 0.000199141184567, 0.000394301401684, 0.000274838152109, 0.00545280333608, 0.000287047965685, 0.000395649141865, 0.00147580797784, 0.000285002490273, 0.000478527334053, 0.000331970950356, 0.000354030897142, 0.000232986407354, 0.000198207751964, 0.00014125443704, 0.000116513219837, 7.16157883289e-05, 2.58136660705e-05, 1.00140186987e-05, 1.23846977118e-08],
        "min": [2.55023175307e-25, 8.47887521062e-25, 2.44030521852e-25, 3.69694732851e-25, 4.33979481334e-24, 4.84502630212e-24, 4.57115746165e-24, 3.96360755803e-24, 7.05324400777e-24, 9.95894688783e-24, 4.97456120706e-24, 2.14553584364e-23, 1.74238185159e-23, 2.28659143101e-23, 3.41359708994e-23, 4.21348406181e-23, 4.44043618879e-23, 6.9333426722e-23, 1.15686262424e-22, 1.51339279109e-22, 2.08453666927e-22, 2.54014549389e-22, 3.47906667595e-22, 5.43369310026e-22, 7.68540403661e-22, 1.28916350902e-21, 1.85109026066e-21],
        "stdev": [7.43955242797e-05, 0.00132234743796, 0.000544157694094, 0.000592536525801, 0.00131101207808, 0.00155549542978, 0.00148390687536, 0.00135412591044, 0.00083363201702, 0.000892103766091, 0.00128915975802, 0.0114328656346, 0.00112556933891, 0.001374997315, 0.00298922648653, 0.00060229137307, 0.000803669972811, 0.000487325247377, 0.000682839832734, 0.000358525197953, 0.000328899244778, 0.00036369022564, 0.000423819903517, 0.000261443754425, 6.9742614869e-05, 2.39905912167e-05, 6.05694339129e-08]
    },
    "erbbands": {
        "max": [0.489500403404, 3.4297516346, 8.29521465302, 13.8310594559, 33.1334724426, 55.5645866394, 72.8246536255, 229.124053955, 403.70916748, 306.691375732, 492.061981201, 417.534881592, 493.851989746, 398.895812988, 1304.23254395, 3785.62158203, 851.431762695, 468.064361572, 1239.85351562, 226.196914673, 351.651000977, 588.787902832, 195.302871704, 429.159240723, 354.768157959, 180.789459229, 120.462524414, 102.672431946, 198.067138672, 219.546966553, 169.303848267, 121.563766479, 68.57006073, 18.272977829, 4.25734472275, 1.31792223454, 0.357737421989, 0.0266256649047, 0.000526451738551, 0.000121468146972],
        "mean": [0.0132949203253, 0.106226839125, 0.2080860883, 0.547671437263, 1.72921812534, 1.99660432339, 1.91186070442, 4.41672611237, 5.52453899384, 6.76034212112, 14.5764360428, 5.16107368469, 10.4617147446, 10.9259672165, 35.1004486084, 270.432006836, 33.7412834167, 18.8784351349, 90.8390960693, 23.0875167847, 20.6770343781, 21.8974094391, 18.4040565491, 18.582698822, 16.4342250824, 12.3426904678, 9.21385097504, 6.29305505753, 4.90785264969, 4.40757226944, 3.25342774391, 1.66996872425, 1.0931044817, 0.34136402607, 0.162646844983, 0.0674763545394, 0.0138178449124, 0.000747242127545, 2.80066833511e-05, 1.95808679564e-05],
        "min": [5.33123054474e-23, 3.56105040236e-22, 1.15085208474e-21, 3.67218189552e-21, 5.72029563248e-21, 1.87231879287e-20, 2.86578241871e-20, 4.95372716399e-20, 6.95642286921e-20, 1.29508734601e-19, 1.83790833788e-19, 1.65545917812e-19, 2.96467812942e-19, 5.79717951779e-19, 5.45566145829e-19, 9.23912767746e-19, 1.40788270247e-18, 1.34664610813e-18, 1.74443643752e-18, 2.33216832187e-18, 3.0139578797e-18, 3.64686644e-18, 4.65120473793e-18, 4.9682171582e-18, 6.50354419803e-18, 7.29475775678e-18, 7.45370961046e-18, 7.76124130014e-18, 9.06059811304e-18, 1.05606471405e-17, 9.21862848752e-18, 9.13315591483e-18, 9.34301494495e-18, 7.86616916084e-18, 5.95353030204e-18, 3.64930455485e-18, 2.25446504308e-18, 8.35692766345e-19, 2.31907038216e-19, 2.65200986786e-20],
        "stdev": [0.0368990562856, 0.307668298483, 0.589470624924, 1.2283860445, 3.89844822884, 4.63032388687, 5.66757011414, 17.3413124084, 20.5720119476, 21.7019119263, 32.1330566406, 16.3011360168, 27.7424621582, 26.1647911072, 93.1820526123, 581.9921875, 69.8992843628, 36.8414077759, 186.751174927, 32.6129341125, 33.0658111572, 39.2430839539, 26.6435947418, 33.9055023193, 32.9967918396, 19.408744812, 14.728187561, 10.7994012833, 12.5823316574, 13.2091436386, 12.2340526581, 6.43988370895, 3.9282450676, 1.09824228287, 0.370369285345, 0.151751846075, 0.0365060903132, 0.00247037922964, 5.86172936892e-05, 2.52268073382e-05]
    },
    "gfcc": {
        "mean": [-498.575775146, 34.6022338867, -107.216125488, 20.6726989746, -37.3016624451, 17.4263248444, -23.1347846985, 5.43490457535, -15.8028774261, 3.39477133751, -6.15621137619, 0.185583651066, -5.80660772324],
        "cov": [[371111.0625, 17479.7011719, -50240.4882812, 9885.12597656, -17841.6289062, 8093.94433594, -10976.8525391, 2297.86450195, -7630.43896484, 1585.55603027, -2823.70581055, -23.2210254669, -2991.58764648], [17479.7011719, 1497.28845215, -2155.41821289, 536.63873291, -767.973510742, 219.748138428, -530.373718262, -66.8892593384, -363.066558838, -2.41966295242, -2.75108242035, -105.985343933, -178.408706665], [-50240.4882812, -2155.41821289, 7412.42285156, -1282.24890137, 2427.90600586, -1213.90222168, 1469.49133301, -429.312286377, 990.372009277, -235.980865479, 408.698547363, -3.91792941093, 312.220672607], [9885.12597656, 536.63873291, -1282.24890137, 376.532745361, -470.953491211, 185.690231323, -317.277252197, 47.1318588257, -204.360992432, 20.9160251617, -71.0609664917, 2.2434899807, -69.9795379639], [-17841.6289062, -767.973510742, 2427.90600586, -470.953491211, 952.596679688, -366.053833008, 558.580322266, -125.27684021, 370.250061035, -71.8234863281, 157.575271606, -18.0987701416, 132.536239624], [8093.94433594, 219.748138428, -1213.90222168, 185.690231323, -366.053833008, 384.337127686, -155.597640991, 92.4057769775, -138.224990845, 72.2243652344, -86.1141967773, 7.35017728806, -62.5153884888], [-10976.8525391, -530.373718262, 1469.49133301, -317.277252197, 558.580322266, -155.597640991, 428.807006836, -50.1839370728, 249.203186035, -29.4693107605, 97.6035461426, -5.82976913452, 82.9921340942], [2297.86450195, -66.8892593384, -429.312286377, 47.1318588257, -125.27684021, 92.4057769775, -50.1839370728, 128.2318573, -20.3458042145, 31.815662384, -55.983631134, 37.0582237244, 9.42614269257], [-7630.43896484, -363.066558838, 990.372009277, -204.360992432, 370.250061035, -138.224990845, 249.203186035, -20.3458042145, 213.432556152, -18.3307209015, 66.2728271484, -5.99352264404, 73.0276870728], [1585.55603027, -2.41966295242, -235.980865479, 20.9160251617, -71.8234863281, 72.2243652344, -29.4693107605, 31.815662384, -18.3307209015, 53.8782730103, -12.2478265762, 12.2490940094, -15.4896831512], [-2823.70581055, -2.75108242035, 408.698547363, -71.0609664917, 157.575271606, -86.1141967773, 97.6035461426, -55.983631134, 66.2728271484, -12.2478265762, 92.7419204712, -12.5567722321, 14.3413152695], [-23.2210254669, -105.985343933, -3.91792941093, 2.2434899807, -18.0987701416, 7.35017728806, -5.82976913452, 37.0582237244, -5.99352264404, 12.2490940094, -12.5567722321, 59.6669235229, 19.2978553772], [-2991.58764648, -178.408706665, 312.220672607, -69.9795379639, 132.536239624, -62.5153884888, 82.9921340942, 9.42614269257, 73.0276870728, -15.4896831512, 14.3413152695, 19.2978553772, 77.3310470581]],
        "icov": [[0.000202863040613, -0.000641170714516, 0.000491773011163, -0.000457547517726, 0.000865811889526, -0.000405471975682, 0.000234589999309, -0.000340990431141, 0.000781149370596, -0.000861378852278, 0.000439454830484, -0.000461675517727, 0.00107066764031], [-0.000641170714516, 0.00595016311854, -0.000585494388361, -0.00138182542287, -0.00204139947891, 0.00247715739533, -0.000940049940255, 0.0034084089566, -0.00200743903406, 0.00501256808639, -0.00605672365054, 0.00505249667913, -0.00110620958731], [0.000491773011163, -0.000585494388361, 0.00390037079342, -0.00166734540835, -7.98810287961e-05, 0.00258084316738, -0.00253554573283, 0.00399986375123, -0.00155257829465, -0.000711673405021, 0.00336752692237, -0.00512099219486, 0.00685122003779], [-0.000457547517726, -0.00138182542287, -0.00166734540835, 0.011852462776, -0.00125426694285, -0.00177413003985, 0.00375318271108, -0.00119296321645, -0.00152617553249, 0.00376443308778, 0.000227783064474, -0.00183027505409, -0.00398819334805], [0.000865811889526, -0.00204139947891, -7.98810287961e-05, -0.00125426694285, 0.0142482938245, -0.00212431140244, -0.00246517872438, -0.0021596448496, 0.00343166291714, -0.00346900499426, -0.00176337256562, 0.00299734552391, 0.000387332838727], [-0.000405471975682, 0.00247715739533, 0.00258084316738, -0.00177413003985, -0.00212431140244, 0.0123823350295, -0.00931199733168, 0.00573039054871, -0.00396525627002, -0.00247735274024, 0.00497071864083, -0.00224450579844, 0.00383630511351], [0.000234589999309, -0.000940049940255, -0.00253554573283, 0.00375318271108, -0.00246517872438, -0.00931199733168, 0.0203767325729, -0.006798945833, -0.000772446161136, 0.0014534459915, -0.00725437235087, 0.00357764656655, -0.00232945685275], [-0.000340990431141, 0.0034084089566, 0.00399986375123, -0.00119296321645, -0.0021596448496, 0.00573039054871, -0.006798945833, 0.0263967327774, -0.0127593632787, -3.07664267893e-05, 0.0102302758023, -0.0123072462156, 0.00307341571897], [0.000781149370596, -0.00200743903406, -0.00155257829465, -0.00152617553249, 0.00343166291714, -0.00396525627002, -0.000772446161136, -0.0127593632787, 0.0310602318496, -0.00879605766386, -0.00728205312043, 0.0123971598223, -0.00906443223357], [-0.000861378852278, 0.00501256808639, -0.000711673405021, 0.00376443308778, -0.00346900499426, -0.00247735274024, 0.0014534459915, -3.07664267893e-05, -0.00879605766386, 0.0365560650826, -0.00821408908814, -0.00395497819409, 0.00504726823419], [0.000439454830484, -0.00605672365054, 0.00336752692237, 0.000227783064474, -0.00176337256562, 0.00497071864083, -0.00725437235087, 0.0102302758023, -0.00728205312043, -0.00821408908814, 0.0322755128145, -0.0126553280279, 0.00562012661248], [-0.000461675517727, 0.00505249667913, -0.00512099219486, -0.00183027505409, 0.00299734552391, -0.00224450579844, 0.00357764656655, -0.0123072462156, 0.0123971598223, -0.00395497819409, -0.0126553280279, 0.0391648113728, -0.0164011158049], [0.00107066764031, -0.00110620958731, 0.00685122003779, -0.00398819334805, 0.000387332838727, 0.00383630511351, -0.00232945685275, 0.00307341571897, -0.00906443223357, 0.00504726823419, 0.00562012661248, -0.0164011158049, 0.0377124622464]]
    },
    "melbands": {
        "max": [0.00460501853377, 0.00342543539591, 0.00209772749804, 0.00224547740072, 0.00290645565838, 0.00438267365098, 0.00524441013113, 0.00363958138041, 0.00489508686587, 0.00222283857875, 0.00242921197787, 0.00169030716643, 0.00324047752656, 0.00738099310547, 0.00486819073558, 0.00108682224527, 0.00105363887269, 0.00267733586952, 0.000772213970777, 0.000811405538116, 0.000487266981509, 0.000759279355407, 0.000337024888722, 0.000230065837968, 0.000395857088733, 0.000445929937996, 0.000232234961004, 0.000110013745143, 9.78599782684e-05, 0.000118541662232, 7.45456127333e-05, 0.00014583778102, 0.000126439990709, 0.00013076554751, 0.000109480053652, 0.000115296621516, 5.68928808207e-05, 6.01947649557e-05, 3.68657601939e-05, 8.55738471728e-06],
        "mean": [0.000130150947371, 0.000121374592709, 0.000130542932311, 0.000142342891195, 6.77598145558e-05, 9.73549249466e-05, 8.39539425215e-05, 7.97382526798e-05, 0.000111055313027, 2.81171905954e-05, 5.29361313966e-05, 4.2974781536e-05, 4.88341684104e-05, 0.000574445875827, 0.000351833907189, 2.44756265602e-05, 3.1332612707e-05, 0.000137383074616, 6.99360971339e-05, 1.97055942408e-05, 2.64460795734e-05, 2.55467766692e-05, 1.58203893079e-05, 1.85061162483e-05, 1.43401002788e-05, 1.28254387164e-05, 8.44842634251e-06, 8.30119279271e-06, 5.39019401913e-06, 5.66596054341e-06, 3.13711620947e-06, 2.87422381007e-06, 2.49705362876e-06, 2.38745906245e-06, 2.07863195101e-06, 1.22902156363e-06, 9.18717205423e-07, 8.70600217695e-07, 4.7040600748e-07, 2.25070621696e-07],
        "min": [3.92903069987e-25, 9.19304183495e-25, 6.21368971748e-25, 1.37520810126e-24, 8.48943608599e-25, 1.30866482428e-24, 8.38958404476e-25, 1.29229960898e-24, 1.32535633218e-24, 8.98714913869e-25, 1.22937562584e-24, 1.43599959616e-24, 8.12581410299e-25, 1.9722824251e-24, 2.20645420709e-24, 1.94531048189e-24, 2.24654135729e-24, 2.20459584802e-24, 3.38014354999e-24, 3.11056729614e-24, 2.74843931709e-24, 2.54875830881e-24, 3.96185037036e-24, 3.64359311562e-24, 3.30885497884e-24, 3.92182987892e-24, 3.51968278893e-24, 4.49645075621e-24, 3.92228584052e-24, 4.27971280022e-24, 4.38179574009e-24, 4.67964950195e-24, 3.25555598621e-24, 5.17612976227e-24, 4.57276239916e-24, 4.25371628352e-24, 5.51548904623e-24, 6.04839298669e-24, 6.25616632736e-24, 6.05704836855e-24],
        "stdev": [0.00036100577563, 0.000307436042931, 0.000272550299997, 0.000308359507471, 0.000190046936041, 0.000357445998816, 0.000307474838337, 0.000238376640482, 0.000260126864305, 0.000100279612525, 0.000139222553116, 0.000113718881039, 0.000213364211959, 0.00118286663201, 0.00074996514013, 7.60450348025e-05, 8.06631796877e-05, 0.000290467811283, 0.000128807747387, 4.40499170509e-05, 4.26017795689e-05, 4.81438037241e-05, 2.98649847537e-05, 2.89940144285e-05, 3.00038773275e-05, 2.86556714855e-05, 1.69670474861e-05, 1.33483863465e-05, 9.14726660994e-06, 1.07888108687e-05, 5.96154950472e-06, 7.50285698814e-06, 7.28122995497e-06, 7.78935100243e-06, 7.7481236076e-06, 5.66973540117e-06, 3.3265471302e-06, 3.18469938065e-06, 1.76452169853e-06, 6.72758631026e-07]
    },
    "melbands128": {
        "max": [0.000548237527255, 0.00319519056939, 0.00792029965669, 0.00482455082238, 0.00494079617783, 0.0040990235284, 0.00323083577678, 0.00359850656241, 0.00413922592998, 0.00353671098128, 0.00364229478873, 0.004129990004, 0.00275562470779, 0.00487126270309, 0.00760569237173, 0.00718615110964, 0.0100799184293, 0.00685262260959, 0.0104656619951, 0.00409721396863, 0.00505692604929, 0.00353674707003, 0.00711386930197, 0.00631616264582, 0.0026910409797, 0.00103609031066, 0.00652844365686, 0.0022729204502, 0.00234671868384, 0.00243005668744, 0.00231585116126, 0.00178743700963, 0.00314214546233, 0.01027341187, 0.00568801583722, 0.0147389881313, 0.0195959825069, 0.0014949706383, 0.00469187134877, 0.00190852233209, 0.000373641290935, 0.000536966428626, 0.00112187163904, 0.00222015171312, 0.00552990892902, 0.00403850246221, 0.00394768966362, 0.000812265556306, 0.000288373412332, 0.000529417360667, 0.00142560130917, 0.00107046740595, 0.000742543139495, 0.000661289552227, 0.000898798811249, 0.00149990513455, 0.000473103515105, 0.000985070830211, 0.000432003987953, 0.00028635453782, 0.000517026695888, 0.000326516135829, 0.000765590637457, 0.000339476391673, 0.000328132562572, 0.000752436171751, 0.00048447449808, 0.000644355604891, 0.000348422094248, 0.00037469813833, 0.000149529194459, 0.000165797828231, 0.000129324340378, 0.00014045057469, 8.7198393885e-05, 0.000314198056003, 0.000114480644697, 7.36939036869e-05, 9.3902242952e-05, 0.000179382885108, 0.00018991153047, 0.00013473580475, 0.000139507304993, 0.000107290943561, 0.00018112968246, 0.000100850556919, 0.000203475487069, 0.000205314558116, 0.000135222100653, 0.000149562256411, 0.000111143926915, 0.000171470004716, 6.48038476356e-05, 4.83119438286e-05, 4.69669284939e-05, 8.06619646028e-05, 7.16062422725e-05, 3.63113758794e-05, 5.35089893674e-05, 3.16902696795e-05, 8.59333977132e-06, 1.09539878395e-05, 1.00502920759e-05, 8.79862636793e-06, 5.27188376509e-06, 3.48827779817e-06, 2.70674286185e-06, 3.14885278385e-06, 3.00323881675e-06, 2.55819213635e-06, 2.01909779207e-06, 1.74626075022e-06, 9.64736955211e-07, 1.32906939143e-06, 8.23847415177e-07, 1.09897634104e-07, 3.17629513802e-08, 1.92429502888e-10, 1.6504883571e-10, 1.45348899583e-10, 1.25156260355e-10, 1.04786741784e-10, 9.17952588941e-11, 7.94768556522e-11, 6.86287970897e-11, 6.1725860534e-11, 5.57781876243e-11, 5.50686406198e-11],
        "mean": [3.11180338031e-05, 9.44801431615e-05, 0.000187540848856, 0.000170921572135, 0.00011137410911, 8.73886965564e-05, 9.66929001152e-05, 0.000141129712574, 0.000188134028576, 0.000162333439221, 0.000106843806861, 5.99470768066e-05, 6.20494029135e-05, 6.48887144052e-05, 9.89935433608e-05, 0.000120297379908, 9.5195362519e-05, 7.65945296735e-05, 7.19485979062e-05, 7.04646663507e-05, 7.5218755228e-05, 0.00012359370885, 0.000164350538398, 3.07922164211e-05, 1.97487861442e-05, 2.30468740483e-05, 4.54305154562e-05, 6.4256360929e-05, 4.81864008179e-05, 5.77614773647e-05, 3.72457470803e-05, 2.1405512598e-05, 3.05628564092e-05, 8.42304580146e-05, 0.000111218010716, 0.000828464399092, 0.00130480120424, 7.64395445003e-05, 4.80680319015e-05, 3.12687407131e-05, 1.71044503077e-05, 1.58866769198e-05, 2.51026303886e-05, 4.51560954389e-05, 4.25082653237e-05, 0.000153257904458, 0.000291860720608, 2.20353067562e-05, 1.52903794515e-05, 1.57073100127e-05, 2.26851534535e-05, 2.1058762286e-05, 1.72513100551e-05, 2.95441350318e-05, 4.66593919555e-05, 1.78174232133e-05, 1.60741001309e-05, 2.1722389647e-05, 1.22081191876e-05, 1.23405479826e-05, 2.48202049988e-05, 1.44650439324e-05, 2.01678285521e-05, 1.27408384287e-05, 8.18224816612e-06, 1.27826660901e-05, 1.80166680366e-05, 8.03179409559e-06, 5.73929673919e-06, 9.11253573577e-06, 8.2280157585e-06, 9.49558034335e-06, 4.54555811302e-06, 4.78486117572e-06, 4.49008439318e-06, 9.59396402322e-06, 3.57899193659e-06, 2.49387312579e-06, 3.38104291586e-06, 3.43392844115e-06, 3.11357075589e-06, 2.45746718974e-06, 2.59600710706e-06, 2.28776707445e-06, 2.80328822555e-06, 2.38712937062e-06, 2.38782217821e-06, 2.05479250326e-06, 2.40753911385e-06, 1.7853068357e-06, 1.22715232465e-06, 1.18853358799e-06, 1.02448939288e-06, 8.82411256953e-07, 8.43557643293e-07, 9.33457783958e-07, 9.9545275134e-07, 5.97905398081e-07, 5.20748244526e-07, 4.1340049961e-07, 1.48166719782e-07, 2.27180080969e-07, 2.46871167064e-07, 2.14057067183e-07, 1.84844694218e-07, 1.56500632897e-07, 1.347651164e-07, 1.26239285692e-07, 1.30256907482e-07, 9.57016865755e-08, 9.01084575844e-08, 5.07346200607e-08, 3.27081330909e-08, 2.70967923655e-08, 1.29879129673e-08, 2.56035770363e-09, 5.25234744586e-10, 2.22774511512e-12, 1.91399825676e-12, 1.84381394701e-12, 1.77977446149e-12, 1.7238860079e-12, 1.67919259227e-12, 1.63683227129e-12, 1.58752405752e-12, 1.53660623722e-12, 1.50393369633e-12, 1.49062684938e-12],
        "min": [2.64088232503e-27, 1.56717326103e-25, 1.62884418792e-25, 5.94911008396e-26, 2.61649631563e-25, 7.31976206975e-26, 2.40666646389e-25, 1.50924547912e-25, 2.78628753212e-25, 3.79206620431e-25, 2.67588546236e-25, 1.64876933528e-25, 4.78375113687e-25, 2.944938307e-25, 5.35543469058e-25, 1.09253463632e-25, 3.72073518259e-25, 3.27200915951e-25, 4.76177643028e-25, 4.64077601426e-25, 3.69325052909e-25, 3.13885831339e-25, 1.88466463044e-25, 4.5901434701e-25, 4.37478690816e-25, 3.49716509952e-25, 3.55842631178e-25, 5.20653029219e-25, 6.10319051922e-25, 3.75535261778e-25, 4.22257274523e-25, 5.01600460636e-25, 4.99776269096e-25, 5.96531094502e-25, 7.08281524766e-25, 8.57776188332e-25, 7.6466811898e-25, 4.09715224295e-25, 8.24780207426e-25, 8.24478418826e-25, 3.60628206556e-25, 1.03150525055e-24, 8.22074858255e-25, 1.04100619269e-24, 1.25506626172e-24, 6.26576932837e-25, 8.71375953122e-25, 1.2524781077e-24, 8.75018123922e-25, 5.89407631224e-25, 1.07722516343e-24, 9.86662846825e-25, 1.27423351096e-24, 1.51748725134e-24, 1.38298952384e-24, 7.18250261418e-25, 9.84056154571e-25, 1.52669394836e-24, 1.23539453594e-24, 1.27201286751e-24, 1.16491070152e-24, 1.34195840297e-24, 1.68467951628e-24, 1.52723057099e-24, 1.85103450397e-24, 1.67755708838e-24, 1.13668555416e-24, 2.28224894894e-24, 1.57016955196e-24, 1.74882258534e-24, 2.54579692497e-24, 2.97668813419e-24, 2.16967258131e-24, 1.99132276634e-24, 2.28917297833e-24, 1.03413866547e-24, 1.84935876619e-24, 1.29087058745e-24, 1.88688330173e-24, 2.76091436345e-24, 1.99125571316e-24, 2.19365572777e-24, 2.79134171464e-24, 2.64956368844e-24, 2.91013470063e-24, 1.72870091302e-24, 2.22453056031e-24, 2.22107002473e-24, 3.28931233042e-24, 2.87234589669e-24, 2.75783386161e-24, 3.37505184728e-24, 2.52191356942e-24, 3.53799027839e-24, 3.55546157529e-24, 4.02406349122e-24, 3.60916328141e-24, 3.08023066395e-24, 3.30837456255e-24, 3.5777098194e-24, 4.21645877739e-24, 4.12033647052e-24, 3.78106001696e-24, 4.00295909542e-24, 4.27835595946e-24, 3.44012025018e-24, 3.21645333443e-24, 5.11438680251e-24, 4.39891757161e-24, 3.80602943676e-24, 4.03339334914e-24, 4.62652760859e-24, 4.74533361079e-24, 4.5794022414e-24, 4.66635916785e-24, 5.09648320983e-24, 4.39831369858e-24, 4.36469126351e-24, 4.63697173254e-24, 4.73992320827e-24, 4.44662906244e-24, 4.27550225514e-24, 5.0057507951e-24, 5.68472850382e-24, 4.31363105813e-24, 4.81707064936e-24, 3.97763389935e-24, 5.16009458665e-24],
        "stdev": [5.84253539273e-05, 0.000252433383139, 0.000602622109, 0.000494581763633, 0.000332332594553, 0.000262687244685, 0.000245532311965, 0.000348392786691, 0.000466468598461, 0.000396139163058, 0.000281914370134, 0.000216674990952, 0.000211924038013, 0.000272729055723, 0.000477755063912, 0.000532484496944, 0.000433249020716, 0.000372599053662, 0.000397985451855, 0.00026780218468, 0.000302409665892, 0.000281379994703, 0.000404566002544, 0.000197157991352, 0.000117110874271, 7.24299898138e-05, 0.000269519106951, 0.000167707621586, 0.000136447109981, 0.000191204948351, 0.000117243864224, 6.41687947791e-05, 0.000156833571964, 0.000568181218114, 0.000499726796988, 0.00183055084199, 0.00302526308224, 0.000160470561241, 0.000302334112348, 0.000138361428981, 3.68154578609e-05, 4.04313395848e-05, 6.17860423517e-05, 0.0001543204271, 0.000277124461718, 0.000402262958232, 0.000647448818199, 4.64662116428e-05, 3.33954449161e-05, 3.70449270122e-05, 6.59098150209e-05, 5.44263639313e-05, 4.44183679065e-05, 5.95082819927e-05, 9.02515239432e-05, 6.84758852003e-05, 3.82621692552e-05, 5.78460167162e-05, 2.80099284282e-05, 2.36902524193e-05, 4.93980987812e-05, 2.74835074379e-05, 5.42292364116e-05, 2.99480670947e-05, 2.20381443796e-05, 3.7077916204e-05, 4.10015127272e-05, 2.45919381996e-05, 1.79545568244e-05, 2.50085086009e-05, 1.51584144987e-05, 1.87029745575e-05, 1.01195519164e-05, 1.12757206807e-05, 8.33097146824e-06, 2.27146283578e-05, 7.3044166129e-06, 5.27847032572e-06, 6.99505699231e-06, 8.73895623954e-06, 9.0740268206e-06, 7.71125814936e-06, 8.21081448521e-06, 7.14803672963e-06, 8.947702554e-06, 6.48570176054e-06, 1.04327300505e-05, 9.64749324339e-06, 8.21210869617e-06, 7.83084124123e-06, 6.52516018818e-06, 6.45430145596e-06, 3.901492164e-06, 3.26017493535e-06, 2.93596190204e-06, 3.9625874706e-06, 3.7037052607e-06, 2.23113511311e-06, 2.2528217869e-06, 1.54014628606e-06, 5.04990055106e-07, 7.2129853379e-07, 6.85616328155e-07, 5.88822217651e-07, 4.12329939081e-07, 3.45522721545e-07, 3.07764423724e-07, 3.13559951337e-07, 3.25536205992e-07, 2.28157830406e-07, 2.38867556845e-07, 1.38899977742e-07, 1.05946746487e-07, 1.07653391979e-07, 6.10100343579e-08, 1.00790682467e-08, 2.281998146e-09, 7.48686269231e-12, 6.61370177374e-12, 6.10208151369e-12, 5.61039366007e-12, 5.15354686009e-12, 4.8594752354e-12, 4.60341443784e-12, 4.39100145133e-12, 4.25155570472e-12, 4.14485546579e-12, 4.08721450781e-12]
    },
    "mfcc": {
        "mean": [-883.364807129, 48.2971000671, -25.9509086609, 5.51076555252, -1.41577219963, 6.8537812233, 0.785639762878, 2.75562763214, -2.56664276123, 1.61775708199, -1.10024452209, 3.04177308083, 1.80713033676],
        "cov": [[96712.4296875, 11994.4433594, -5623.40527344, 1585.22583008, -472.714477539, 1623.90734863, 157.731277466, 531.912780762, -833.385864258, 320.0831604, -235.420791626, 816.790710449, 455.329620361], [11994.4433594, 1962.34619141, -632.665710449, 347.994689941, -5.71647453308, 183.636901855, 8.85545539856, 5.5905828476, -230.550231934, 31.4355945587, -48.8663711548, 111.003242493, 82.7449798584], [-5623.40527344, -632.665710449, 753.994995117, 33.920463562, 36.2398071289, -94.9671936035, -43.6828842163, -88.552520752, -48.423538208, -73.2371902466, 12.6224145889, -38.1089057922, -28.6816730499], [1585.22583008, 347.994689941, 33.920463562, 203.524368286, 36.7591514587, -19.1776199341, -29.8796253204, -30.8479423523, -90.4260940552, -29.9203739166, -23.1980457306, -1.58040785789, 6.50827312469], [-472.714477539, -5.71647453308, 36.2398071289, 36.7591514587, 70.5982589722, -3.15304398537, -7.18482780457, -8.90932273865, -13.7579011917, -7.88495922089, -6.55460357666, -8.18868350983, 0.802187561989], [1623.90734863, 183.636901855, -94.9671936035, -19.1776199341, -3.15304398537, 138.785217285, 47.936164856, 25.4531288147, 9.00936222076, 26.6001377106, 8.62279319763, 44.6951828003, 15.7385005951], [157.731277466, 8.85545539856, -43.6828842163, -29.8796253204, -7.18482780457, 47.936164856, 64.6320571899, 23.3971557617, 15.5120611191, 16.9868030548, 10.2466049194, 17.5361537933, 7.98948431015], [531.912780762, 5.5905828476, -88.552520752, -30.8479423523, -8.90932273865, 25.4531288147, 23.3971557617, 66.6102371216, 44.9528694153, 15.733956337, 7.93786382675, 8.26166725159, 0.306864351034], [-833.385864258, -230.550231934, -48.423538208, -90.4260940552, -13.7579011917, 9.00936222076, 15.5120611191, 44.9528694153, 106.776138306, 26.5109176636, 13.1252422333, -5.13493299484, -16.1177959442], [320.0831604, 31.4355945587, -73.2371902466, -29.9203739166, -7.88495922089, 26.6001377106, 16.9868030548, 15.733956337, 26.5109176636, 52.1055984497, 18.2972259521, 17.6996021271, 6.01344633102], [-235.420791626, -48.8663711548, 12.6224145889, -23.1980457306, -6.55460357666, 8.62279319763, 10.2466049194, 7.93786382675, 13.1252422333, 18.2972259521, 34.5366859436, 17.6568374634, 7.07446670532], [816.790710449, 111.003242493, -38.1089057922, -1.58040785789, -8.18868350983, 44.6951828003, 17.5361537933, 8.26166725159, -5.13493299484, 17.6996021271, 17.6568374634, 59.1652946472, 30.9241008759], [455.329620361, 82.7449798584, -28.6816730499, 6.50827312469, 0.802187561989, 15.7385005951, 7.98948431015, 0.306864351034, -16.1177959442, 6.01344633102, 7.07446670532, 30.9241008759, 43.3236312866]],
        "icov": [[8.03493094281e-05, -0.000356736156391, 0.000253242964391, -0.000167862875969, 0.000447564263595, -0.000414912035922, 0.000365146930562, -0.000263995083515, -6.81535821059e-05, 0.000327286368702, -0.000140252421261, -0.000111687797471, 0.000138557748869], [-0.000356736156391, 0.00431672949344, 0.000903816369828, -0.00273031159304, -0.000451415049611, -0.000597118400037, -0.000283498025965, -0.000121595607197, 0.0051611806266, -0.00327303516679, 0.00215138890781, -0.00122923695017, -0.000307873880956], [0.000253242964391, 0.000903816369828, 0.00438752537593, -0.00300452159718, 0.00168666499667, -0.00249988096766, 0.00180667021777, 0.000661066093016, 0.00308831781149, 0.0027680171188, -0.00248439772986, -0.00179401121568, 0.00195828895085], [-0.000167862875969, -0.00273031159304, -0.00300452159718, 0.0141773391515, -0.00634722458199, 0.00475239288062, -9.84507132671e-05, -0.000452393171145, 0.00208457815461, 0.00167103367858, 0.00138509168755, -8.96859928616e-05, 0.00165392761119], [0.000447564263595, -0.000451415049611, 0.00168666499667, -0.00634722458199, 0.0200656726956, -0.00552994199097, 0.0032540387474, -0.00157440837938, 0.000744828023016, 0.000167177713593, 0.000766243843827, 0.00301742181182, -0.00274819182232], [-0.000414912035922, -0.000597118400037, -0.00249988096766, 0.00475239288062, -0.00552994199097, 0.017528237775, -0.00995998457074, 0.00120733759832, -0.00264596636407, -0.00222510285676, 0.00335788330995, -0.0081392833963, 0.00328112766147], [0.000365146930562, -0.000283498025965, 0.00180667021777, -9.84507132671e-05, 0.0032540387474, -0.00995998457074, 0.0262022335082, -0.00765130994841, 0.00407188758254, -0.00143800524529, -0.00206965696998, -2.43391223194e-05, -0.00123542384245], [-0.000263995083515, -0.000121595607197, 0.000661066093016, -0.000452393171145, -0.00157440837938, 0.00120733759832, -0.00765130994841, 0.0290395822376, -0.0144761102274, 0.00393691752106, -0.00432938430458, 0.00112656876445, -0.00172091752756], [-6.81535821059e-05, 0.0051611806266, 0.00308831781149, 0.00208457815461, 0.000744828023016, -0.00264596636407, 0.00407188758254, -0.0144761102274, 0.032100494951, -0.00991948973387, 0.00303349853493, -0.00306087965146, 0.00789803918451], [0.000327286368702, -0.00327303516679, 0.0027680171188, 0.00167103367858, 0.000167177713593, -0.00222510285676, -0.00143800524529, 0.00393691752106, -0.00991948973387, 0.0359223000705, -0.0165402777493, -0.00216663628817, 0.00100647495128], [-0.000140252421261, 0.00215138890781, -0.00248439772986, 0.00138509168755, 0.000766243843827, 0.00335788330995, -0.00206965696998, -0.00432938430458, 0.00303349853493, -0.0165402777493, 0.048694845289, -0.0144442087039, 0.000473552237963], [-0.000111687797471, -0.00122923695017, -0.00179401121568, -8.96859928616e-05, 0.00301742181182, -0.0081392833963, -2.43391223194e-05, 0.00112656876445, -0.00306087965146, -0.00216663628817, -0.0144442087039, 0.0433311648667, -0.0241640228778], [0.000138557748869, -0.000307873880956, 0.00195828895085, 0.00165392761119, -0.00274819182232, 0.00328112766147, -0.00123542384245, -0.00172091752756, 0.00789803918451, 0.00100647495128, 0.000473552237963, -0.0241640228778, 0.0423302128911]]
    },
    "spectral_contrast_coeffs": {
        "max": [-0.495922237635, -0.537524700165, -0.462347000837, -0.567633330822, -0.612700164318, -0.638573884964],
        "mean": [-0.83870434761, -0.853915691376, -0.816747844219, -0.849320232868, -0.846512973309, -0.824597239494],
        "min": [-0.986530959606, -0.980398356915, -0.97684276104, -0.972327709198, -0.969907283783, -0.966043055058],
        "stdev": [0.120275564492, 0.105891801417, 0.14402961731, 0.103901475668, 0.0987104102969, 0.110466957092]
    },
    "spectral_contrast_valleys": {
        "max": [-5.80746936798, -5.15777254105, -5.52385616302, -5.76044034958, -6.03192806244, -7.72863817215],
        "mean": [-15.2218408585, -14.8518943787, -14.8825798035, -14.8901968002, -14.8665533066, -16.7029628754],
        "min": [-28.086107254, -28.2943878174, -27.8965320587, -27.6738567352, -27.6295967102, -27.4196548462],
        "stdev": [9.43678665161, 9.72141742706, 9.71747016907, 9.69190597534, 9.72762966156, 8.30307006836]
    }
},
"rhythm": {
    "beats_count": 56,
    "beats_loudness": {
        "max": 0.0577393434942,
        "mean": 0.0139843923971,
        "min": 0,
        "stdev": 0.0161583274603
    },
    "bpm": 133.244308472,
    "bpm_histogram_first_peak_bpm": 133,
    "bpm_histogram_first_peak_weight": 0.600000023842,
    "bpm_histogram_second_peak_bpm": 108,
    "bpm_histogram_second_peak_spread": 0.333333313465,
    "bpm_histogram_second_peak_weight": 0.109090909362,
    "danceability": 0.80237442255,
    "onset_rate": 1.94370508194,
    "beats_loudness_band_ratio": {
        "max": [0.407739728689, 0.683430731297, 0.626428246498, 0.660511791706, 0.567636072636, 0.438210725784],
        "mean": [0.0576788559556, 0.0699871107936, 0.0886905193329, 0.216453462839, 0.17691886425, 0.0829962566495],
        "min": [0, 0, 0, 0, 0, 0],
        "stdev": [0.0845089405775, 0.125363990664, 0.125579580665, 0.21857188642, 0.180667966604, 0.0949205458164]
    },
    "beats_position": [0.452789098024, 0.893968224525, 1.3235373497, 1.764716506, 2.21750569344, 2.67029476166, 3.12308382988, 3.5758728981, 4.02866220474, 4.5046710968, 4.96907043457, 5.42185926437, 5.87464857101, 6.31582736969, 6.73378658295, 7.17496585846, 7.61614513397, 8.06893444061, 8.51011276245, 8.97451210022, 9.45052146912, 9.91492080688, 10.379319191, 10.8321084976, 11.2965078354, 11.749297142, 12.144036293, 12.5271654129, 12.9219045639, 13.3050336838, 13.6881628036, 14.0829019547, 14.4776411057, 14.8956003189, 15.3135595322, 15.7315187454, 16.1378688812, 16.5674381256, 16.99700737, 17.426574707, 17.8677539825, 18.3089332581, 18.7501125336, 19.1912918091, 19.667301178, 20.1433105469, 20.6193199158, 21.1649875641, 21.7106571198, 22.2563266754, 22.8136043549, 23.3708839417, 23.9281635284, 24.4854412079, 25.0427207947, 25.6000003815],
