{
"metadata": {
    "version": {
        "essentia": "2.1-beta5",
        "essentia_git_sha": "Undefined",
        "extractor": "music 2.0"
    },
    "audio_properties": {
        "analysis": {
            "equal_loudness": 0,
            "length": 48.7502937317,
            "sample_rate": 44100,
            "start_time": 77.7520217896,
            "downmix": "mix"
        },
        "bit_rate": 192000,
        "length": 186.06149292,
        "lossless": 0,
        "number_channels": 2,
        "replay_gain": -3.80117988586,
        "sample_rate": 44100,
        "codec": "mp3",
        "md5_encoded": "f085910810cc20f2ab483b9cbbce31d9"
    },
    "tags": {
        "file_name": "Italy_Comme E_ Ddoce _o Mare_Peppino di Capri.mp3",
        "encoding": ["Lavf58.29.100"]
    }
},
"lowlevel": {
    "average_loudness": 0.95475924015,
    "barkbands_crest": {
        "max": 25.1977920532,
        "mean": 9.55453395844,
        "min": 3.0337266922,
        "stdev": 4.46414375305
    },
    "barkbands_flatness_db": {
        "max": 0.3372156322,
        "mean": 0.189531594515,
        "min": 0.0675006359816,
        "stdev": 0.036829918623
    },
    "barkbands_kurtosis": {
        "max": 238.507003784,
        "mean": 4.20746946335,
        "min": -1.8255918026,
        "stdev": 19.0677757263
    },
    "barkbands_skewness": {
        "max": 11.3318624496,
        "mean": 1.02125203609,
        "min": -4.11364603043,
        "stdev": 1.40841114521
    },
    "barkbands_spread": {
        "max": 58.6336860657,
        "mean": 14.4306840897,
        "min": 0.576670229435,
        "stdev": 7.7105884552
    },
    "dissonance": {
        "max": 0.500000059605,
        "mean": 0.442942649126,
        "min": 0.241906493902,
        "stdev": 0.0401923060417
    },
    "dynamic_complexity": 2.08321261406,
    "erbbands_crest": {
        "max": 28.4429950714,
        "mean": 10.7547397614,
        "min": 3.0244474411,
        "stdev": 4.62940216064
    },
    "erbbands_flatness_db": {
        "max": 0.36482656002,
        "mean": 0.252263993025,
        "min": 0.15748848021,
        "stdev": 0.0342074930668
    },
    "erbbands_kurtosis": {
        "max": 51.49792099,
        "mean": 0.970991432667,
        "min": -1.79701173306,
        "stdev": 4.23343324661
    },
    "erbbands_skewness": {
        "max": 6.41707658768,
        "mean": 0.184869036078,
        "min": -4.43260335922,
        "stdev": 0.990934669971
    },
    "erbbands_spread": {
        "max": 90.0925979614,
        "mean": 22.2603492737,
        "min": 3.4091424942,
        "stdev": 10.1130609512
    },
    "hfc": {
        "max": 95.0253601074,
        "mean": 24.1238594055,
        "min": 0.786177456379,
        "stdev": 15.2226133347
    },
    "loudness_ebu128": {
        "integrated": -19.6507053375,
        "loudness_range": 3.67161369324,
        "momentary": {
            "max": -17.0698375702,
            "mean": -20.1200904846,
            "min": -28.5390739441,
            "stdev": 2.22823500633
        },
        "short_term": {
            "max": -18.0367698669,
            "mean": -19.9266910553,
            "min": -23.8047847748,
            "stdev": 1.43414616585
        }
    },
    "melbands_crest": {
        "max": 30.211812973,
        "mean": 12.467587471,
        "min": 3.80772233009,
        "stdev": 5.61646366119
    },
    "melbands_flatness_db": {
        "max": 0.441316962242,
        "mean": 0.24650144577,
        "min": 0.072013899684,
        "stdev": 0.0548116825521
    },
    "melbands_kurtosis": {
        "max": 185.321502686,
        "mean": 6.4459810257,
        "min": -1.80964243412,
        "stdev": 18.0015487671
    },
    "melbands_skewness": {
        "max": 9.40872383118,
        "mean": 1.54245567322,
        "min": -1.69562065601,
        "stdev": 1.32787263393
    },
    "melbands_spread": {
        "max": 141.134811401,
        "mean": 22.6635837555,
        "min": 0.65467518568,
        "stdev": 15.3791055679
    },
    "pitch_salience": {
        "max": 0.922206997871,
        "mean": 0.583353936672,
        "min": 0.191908016801,
        "stdev": 0.111072391272
    },
    "silence_rate_20dB": {
        "max": 1,
        "mean": 1,
        "min": 1,
        "stdev": 0
    },
    "silence_rate_30dB": {
        "max": 1,
        "mean": 1,
        "min": 1,
        "stdev": 0
    },
    "silence_rate_60dB": {
        "max": 1,
        "mean": 0.00428367452696,
        "min": 0,
        "stdev": 0.0653090327978
    },
    "spectral_centroid": {
        "max": 3943.29418945,
        "mean": 1194.30712891,
        "min": 238.128814697,
        "stdev": 579.264770508
    },
    "spectral_complexity": {
        "max": 47,
        "mean": 20.1951446533,
        "min": 0,
        "stdev": 7.33660697937
    },
    "spectral_decrease": {
        "max": -2.24256238579e-10,
        "mean": -6.85378065413e-09,
        "min": -2.22728839816e-08,
        "stdev": 3.40453065739e-09
    },
    "spectral_energy": {
        "max": 0.0885334908962,
        "mean": 0.0280558075756,
        "min": 0.00100747286342,
        "stdev": 0.0139678018168
    },
    "spectral_energyband_high": {
        "max": 0.0045214262791,
        "mean": 0.000191477913177,
        "min": 2.11083147406e-06,
        "stdev": 0.000312519900035
    },
    "spectral_energyband_low": {
        "max": 0.0215119346976,
        "mean": 0.0019447618397,
        "min": 4.73526642963e-06,
        "stdev": 0.00228164694272
    },
    "spectral_energyband_middle_high": {
        "max": 0.0487153455615,
        "mean": 0.0107835065573,
        "min": 1.03811717054e-05,
        "stdev": 0.00886709522456
    },
    "spectral_energyband_middle_low": {
        "max": 0.0837951973081,
        "mean": 0.0161790754646,
        "min": 0.00012875063112,
        "stdev": 0.00991760008037
    },
    "spectral_entropy": {
        "max": 8.35857772827,
        "mean": 7.00928115845,
        "min": 5.50561141968,
        "stdev": 0.361395806074
    },
    "spectral_flux": {
        "max": 0.216677904129,
        "mean": 0.0774803906679,
        "min": 0.00651947688311,
        "stdev": 0.0342066474259
    },
    "spectral_kurtosis": {
        "max": 38.7585334778,
        "mean": 10.5530719757,
        "min": 0.0716090202332,
        "stdev": 6.5095076561
    },
    "spectral_rms": {
        "max": 0.00929376855493,
        "mean": 0.00504717882723,
        "min": 0.000991413369775,
        "stdev": 0.00137750059366
    },
    "spectral_rolloff": {
        "max": 4715.77148438,
        "mean": 1406.75830078,
        "min": 215.33203125,
        "stdev": 748.374023438
    },
    "spectral_skewness": {
        "max": 4.30964612961,
        "mean": 1.87410914898,
        "min": -0.0846519097686,
        "stdev": 0.797401070595
    },
    "spectral_spread": {
        "max": 13411779,
        "mean": 2286662.75,
        "min": 1252898,
        "stdev": 523248.28125
    },
    "spectral_strongpeak": {
        "max": 10.7844629288,
        "mean": 1.81410086155,
        "min": 0.0443969964981,
        "stdev": 1.59298539162
    },
    "zerocrossingrate": {
        "max": 0.1845703125,
        "mean": 0.0487660728395,
        "min": 0.009765625,
        "stdev": 0.0217552296817
    },
    "barkbands": {
        "max": [9.16892313398e-05, 0.00922396220267, 0.0119859268889, 0.0157796200365, 0.0231970790774, 0.0433170720935, 0.0628620386124, 0.0470512323081, 0.0263358112425, 0.0257530808449, 0.0183003507555, 0.0235599055886, 0.0280740913004, 0.0300190653652, 0.0264573507011, 0.0101930834353, 0.0133589636534, 0.0116166789085, 0.011224896647, 0.00442217523232, 0.0023772479035, 0.000589454197325, 4.60756346001e-05, 9.70469627646e-05, 1.49720135596e-05, 5.54932967134e-06, 5.74557316213e-06],
        "mean": [4.23829987994e-06, 0.000277826242382, 0.000960228731856, 0.0015786474105, 0.00387758435681, 0.00265677901916, 0.00288512557745, 0.00255093327723, 0.0019482569769, 0.00191331352107, 0.00137774134055, 0.0015461173607, 0.0016867989907, 0.0015685694525, 0.000944455852732, 0.000540480134077, 0.000576843041927, 0.000504079391249, 0.000334391719662, 0.000210034762858, 9.40032623475e-05, 1.43743664012e-05, 1.28251747356e-06, 2.45861224357e-06, 8.87902615432e-07, 3.8111281242e-07, 5.1297288195e-08],
        "min": [1.73404206549e-08, 3.28615612943e-07, 7.0583729439e-07, 1.7033602262e-07, 4.9109403335e-06, 2.49043114309e-06, 1.05567801256e-06, 1.63356048688e-06, 1.42595888519e-06, 6.19119418843e-07, 4.40529504431e-07, 4.74922785543e-07, 6.5246564418e-07, 4.29624435583e-07, 5.736969797e-07, 5.37650123533e-07, 6.82598852109e-07, 6.85707504999e-07, 4.1390509864e-07, 2.17989537532e-07, 2.10735251471e-07, 1.59603544603e-07, 1.51719447672e-07, 2.5236130341e-07, 3.09700737944e-07, 2.48579596018e-07, 7.2994659206e-09],
        "stdev": [6.84815404384e-06, 0.000675554969348, 0.00125256984029, 0.00237914989702, 0.00348260602914, 0.00386472861283, 0.00535384844989, 0.0039150477387, 0.00277664395981, 0.00294482870959, 0.00209524529055, 0.00273368833587, 0.00282102660276, 0.00272102490999, 0.00215504341759, 0.00105789571535, 0.000851279299241, 0.000822075293399, 0.000527537136804, 0.000351537601091, 0.000160795418196, 3.79215853172e-05, 3.5558723539e-06, 7.17897091818e-06, 9.83055201687e-07, 1.23169670019e-07, 1.27740591438e-07]
    },
    "erbbands": {
        "max": [0.151759266853, 2.54346942902, 10.994641304, 27.9593143463, 68.3312759399, 117.254196167, 318.980377197, 431.37210083, 925.99987793, 1589.20727539, 979.942626953, 827.997314453, 890.357421875, 811.985656738, 511.79385376, 1199.20324707, 1334.89257812, 1747.54077148, 1259.60498047, 1099.07897949, 689.493591309, 796.757873535, 677.212524414, 657.765930176, 207.760025024, 239.389465332, 172.243865967, 50.9285087585, 25.1110229492, 4.94231557846, 1.34543895721, 2.91910338402, 0.977441132069, 0.27976244688, 0.037590816617, 0.022271649912, 0.0101182404906, 0.0035814777948, 0.000819109438453, 0.000100699071481],
        "mean": [0.00502310087904, 0.0895676538348, 0.915729522705, 3.40088891983, 9.10167598724, 14.3199615479, 15.3567008972, 22.1280384064, 33.2838973999, 52.0542449951, 57.3773727417, 43.8695144653, 57.8268623352, 65.490447998, 52.2536430359, 71.8274765015, 79.978477478, 87.965133667, 59.5291519165, 40.3329048157, 31.8993930817, 30.7525081635, 27.9608478546, 24.1949710846, 13.0348052979, 10.4175834656, 5.89206314087, 1.7747426033, 0.590599775314, 0.146857917309, 0.0354917645454, 0.0524826012552, 0.0391164161265, 0.0128478463739, 0.00461502745748, 0.00168714404572, 0.000715331814718, 0.000168906117324, 1.93354298972e-05, 3.34956457664e-05],
        "min": [2.55414306594e-05, 0.000122922618175, 0.000960358476732, 0.00172306934837, 0.00969995837659, 0.0176848508418, 0.118681594729, 0.176430225372, 0.0388325713575, 0.0330965742469, 0.0409387499094, 0.0422735437751, 0.0202606860548, 0.0223187748343, 0.021663935855, 0.0199552867562, 0.029825238511, 0.0358757004142, 0.0247765164822, 0.024398541078, 0.0333206579089, 0.0348262861371, 0.0407902449369, 0.0268039051443, 0.0147619396448, 0.0111641986296, 0.00766817294061, 0.00801017601043, 0.00527996895835, 0.0045101493597, 0.00424598716199, 0.00483521865681, 0.00352366757579, 0.00325081218034, 0.00186054129153, 0.000955716881435, 0.000403676182032, 8.44759488245e-05, 3.8772723201e-06, 2.84706584353e-06],
        "stdev": [0.0126017779112, 0.186387002468, 1.21194720268, 4.49913930893, 8.67517662048, 14.2326307297, 23.2855644226, 36.2843360901, 63.3365516663, 107.239974976, 87.3957519531, 62.4588088989, 82.9108428955, 104.855735779, 62.064239502, 126.705230713, 126.753860474, 143.45854187, 123.937988281, 79.9384689331, 54.9700431824, 46.6342391968, 48.1687469482, 34.9605140686, 18.7704429626, 17.1213512421, 9.70208740234, 3.8377392292, 1.62635552883, 0.344743639231, 0.0961403474212, 0.194319561124, 0.0877229571342, 0.0175615623593, 0.00326999998651, 0.000540922221262, 0.000231972502661, 8.33121521282e-05, 1.9303695808e-05, 1.66809295479e-05]
    },
    "gfcc": {
        "mean": [-36.1337509155, 142.692123413, -164.571289062, -0.00646674633026, -44.2138175964, -20.2466430664, -33.7328147888, -2.31020903587, -35.8358268738, -4.59316396713, -14.9462919235, -13.0810527802, -8.65778541565],
        "cov": [[1769.77526855, 101.726806641, -934.615661621, 144.207275391, 59.4598236084, -95.0263900757, 274.080200195, -37.9063491821, 3.97878623009, -26.1105461121, -11.7963294983, -166.864517212, 22.4737167358], [101.726806641, 605.359130859, 276.155792236, -254.226303101, 181.707611084, 9.22239112854, -12.0908155441, 57.8199806213, -16.6196193695, -83.1220703125, -17.7687683105, -23.4033298492, -78.5825576782], [-934.615661621, 276.155792236, 1037.91992188, 142.520446777, 48.0146484375, 181.179748535, -128.931671143, 5.02145195007, -83.0120620728, -121.648925781, -56.7583656311, 53.8599395752, -64.7900009155], [144.207275391, -254.226303101, 142.520446777, 634.344970703, 10.5821113586, 90.2899398804, 68.1538238525, -59.4603042603, -53.4170608521, -51.8587760925, -73.3795394897, -18.7919654846, 34.6711502075], [59.4598236084, 181.707611084, 48.0146484375, 10.5821113586, 230.243804932, 54.6278800964, -17.4786911011, 20.7324409485, 11.086894989, -21.2586612701, -27.5161533356, -12.4735393524, -18.1527347565], [-95.0263900757, 9.22239112854, 181.179748535, 90.2899398804, 54.6278800964, 237.615402222, 72.9215011597, -42.3312835693, -75.6543502808, -48.222492218, -23.4470806122, -28.4636516571, -19.501531601], [274.080200195, -12.0908155441, -128.931671143, 68.1538238525, -17.4786911011, 72.9215011597, 231.57774353, 31.1697921753, -68.0544815063, -16.4206314087, 15.2127218246, -28.0713634491, -6.3026266098], [-37.9063491821, 57.8199806213, 5.02145195007, -59.4603042603, 20.7324409485, -42.3312835693, 31.1697921753, 129.19291687, 66.592590332, 27.2092075348, 39.1424293518, 25.5395832062, -6.11393737793], [3.97878623009, -16.6196193695, -83.0120620728, -53.4170608521, 11.086894989, -75.6543502808, -68.0544815063, 66.592590332, 159.505050659, 97.0349960327, 22.3178310394, 25.3070907593, 15.163441658], [-26.1105461121, -83.1220703125, -121.648925781, -51.8587760925, -21.2586612701, -48.222492218, -16.4206314087, 27.2092075348, 97.0349960327, 145.884780884, 64.3043670654, 13.1383037567, 14.3608150482], [-11.7963294983, -17.7687683105, -56.7583656311, -73.3795394897, -27.5161533356, -23.4470806122, 15.2127218246, 39.1424293518, 22.3178310394, 64.3043670654, 103.512863159, 32.8593482971, -3.59310483932], [-166.864517212, -23.4033298492, 53.8599395752, -18.7919654846, -12.4735393524, -28.4636516571, -28.0713634491, 25.5395832062, 25.3070907593, 13.1383037567, 32.8593482971, 93.8420791626, 32.0787887573], [22.4737167358, -78.5825576782, -64.7900009155, 34.6711502075, -18.1527347565, -19.501531601, -6.3026266098, -6.11393737793, 15.163441658, 14.3608150482, -3.59310483932, 32.0787887573, 69.3915863037]],
        "icov": [[0.0162603016943, -0.0229882579297, 0.0216107834131, -0.0168928038329, 0.0105792647228, -0.00420993566513, -0.00319519010372, 0.00929584074765, -0.013425427489, 0.0144964987412, -0.0139046339318, 0.0130172818899, -0.00737202772871], [-0.0229882579297, 0.0400528907776, -0.0349150970578, 0.0281842518598, -0.0218632984906, 0.0115001695231, -0.00241668988019, -0.00749575579539, 0.0122276907787, -0.0132847949862, 0.0153077859432, -0.0134703638032, 0.00985097698867], [0.0216107834131, -0.0349150970578, 0.0338127352297, -0.0256777238101, 0.0189073495567, -0.0114417094737, 0.00331407529302, 0.00525566888973, -0.0105219725519, 0.0139327058569, -0.0134957395494, 0.0115253441036, -0.00625473400578], [-0.0168928038329, 0.0281842518598, -0.0256777238101, 0.0221579931676, -0.0152002265677, 0.00786136556417, -0.00237333611585, -0.00464448472485, 0.00885063968599, -0.0104914652184, 0.0123705500737, -0.010034522973, 0.00546700740233], [0.0105792647228, -0.0218632984906, 0.0189073495567, -0.0152002265677, 0.0188012178987, -0.0104287145659, 0.006584352348, -0.00250334665179, -0.00163687905297, 0.00250625843182, -0.00267431978136, 0.00329589494504, -0.00239525409415], [-0.00420993566513, 0.0115001695231, -0.0114417094737, 0.00786136556417, -0.0104287145659, 0.0140613596886, -0.00990305095911, 0.00797905866057, -0.0042368248105, 0.00322965625674, -0.00239727832377, 0.00294303498231, -0.000424071709858], [-0.00319519010372, -0.00241668988019, 0.00331407529302, -0.00237333611585, 0.006584352348, -0.00990305095911, 0.0199940241873, -0.0188174955547, 0.0200426056981, -0.014163528569, 0.0103084295988, -0.00828961655498, 0.00459297280759], [0.00929584074765, -0.00749575579539, 0.00525566888973, -0.00464448472485, -0.00250334665179, 0.00797905866057, -0.0188174955547, 0.0335339605808, -0.0304797720164, 0.0233421232551, -0.0216547772288, 0.0128617882729, -0.00667587202042], [-0.013425427489, 0.0122276907787, -0.0105219725519, 0.00885063968599, -0.00163687905297, -0.0042368248105, 0.0200426056981, -0.0304797720164, 0.0452196933329, -0.0362841971219, 0.0279203560203, -0.0205455552787, 0.0100363027304], [0.0144964987412, -0.0132847949862, 0.0139327058569, -0.0104914652184, 0.00250625843182, 0.00322965625674, -0.014163528569, 0.0233421232551, -0.0362841971219, 0.0426153466105, -0.0318684242666, 0.0221465416253, -0.0119338268414], [-0.0139046339318, 0.0153077859432, -0.0134957395494, 0.0123705500737, -0.00267431978136, -0.00239727832377, 0.0103084295988, -0.0216547772288, 0.0279203560203, -0.0318684242666, 0.0396426506341, -0.0247658584267, 0.0147076593712], [0.0130172818899, -0.0134703638032, 0.0115253441036, -0.010034522973, 0.00329589494504, 0.00294303498231, -0.00828961655498, 0.0128617882729, -0.0205455552787, 0.0221465416253, -0.0247658584267, 0.0348086506128, -0.0190936774015], [-0.00737202772871, 0.00985097698867, -0.00625473400578, 0.00546700740233, -0.00239525409415, -0.000424071709858, 0.00459297280759, -0.00667587202042, 0.0100363027304, -0.0119338268414, 0.0147076593712, -0.0190936774015, 0.0283308755606]]
    },
    "melbands": {
        "max": [0.00195716251619, 0.00440072128549, 0.00557075673714, 0.00567003944889, 0.00826526992023, 0.00947297085077, 0.0143817085773, 0.0145600903779, 0.00652291439474, 0.00509909493849, 0.00456885481253, 0.00368138216436, 0.00238291500136, 0.00273906462826, 0.00259739579633, 0.00376925244927, 0.00374816497788, 0.00272611435503, 0.00210358179174, 0.000982730067335, 0.000963658676483, 0.00111110298894, 0.000781115377322, 0.000355309719453, 0.000651066657156, 0.000264258531388, 0.000220108326175, 0.00015867932234, 0.000129503489006, 5.15544088557e-05, 3.12018528348e-05, 1.74292636075e-05, 5.54128746444e-06, 1.4461148794e-06, 5.30501608864e-07, 1.37924519095e-06, 2.00525687433e-06, 8.68871836701e-07, 5.22868219832e-07, 1.52929828801e-07],
        "mean": [5.89923620282e-05, 0.000366366584785, 0.000739186536521, 0.000928216148168, 0.000528614036739, 0.000499533605762, 0.000540171575267, 0.000566822942346, 0.00043363601435, 0.000273872341495, 0.000284523091977, 0.000260385888396, 0.000191594372154, 0.000180270013516, 0.000160027033417, 0.000177171168616, 0.000159414383234, 9.5724069979e-05, 6.17134646745e-05, 4.02923433285e-05, 3.81622267014e-05, 3.39161451848e-05, 2.48044016189e-05, 2.60192409769e-05, 1.93703672267e-05, 9.45475949266e-06, 8.74900888448e-06, 6.07111041973e-06, 4.2148421926e-06, 1.88981312021e-06, 7.39362860713e-07, 3.62483774552e-07, 1.72327901282e-07, 4.04828561784e-08, 1.43866705216e-08, 2.73386007166e-08, 3.30146221472e-08, 2.93692909992e-08, 1.88206126239e-08, 8.23073253997e-09],
        "min": [2.29216851722e-07, 4.84829456582e-07, 4.86085014018e-07, 8.21107278171e-07, 4.15322938352e-06, 3.09930874209e-06, 2.11163779795e-07, 3.65650009826e-07, 3.1553588542e-07, 1.90873549855e-07, 8.75282069046e-08, 7.98700199311e-08, 6.53678355889e-08, 4.67750567168e-08, 6.60502337269e-08, 5.92619606721e-08, 6.0242527411e-08, 2.50257485845e-08, 4.06910380946e-08, 3.70120964988e-08, 3.32369864964e-08, 3.68462487188e-08, 4.28134505626e-08, 2.97167552787e-08, 1.86318800388e-08, 1.12186180345e-08, 8.08913469541e-09, 6.26772056478e-09, 4.25964286066e-09, 5.48878364981e-09, 3.11339909409e-09, 2.42260989047e-09, 2.7593238805e-09, 2.04016359362e-09, 1.54968515798e-09, 1.91221283252e-09, 2.04410977034e-09, 2.09364903192e-09, 2.32402830314e-09, 2.35999508824e-09],
        "stdev": [0.000150318272063, 0.000464528158773, 0.000859637628309, 0.000871806987561, 0.000670581473969, 0.000799326284323, 0.000998993520625, 0.00104541657493, 0.000653852708638, 0.000403794023441, 0.000416408962337, 0.000441013777163, 0.000266409741016, 0.000314909819281, 0.000233934406424, 0.000314444419928, 0.00027465246967, 0.00021551772079, 0.00014119813568, 8.32444493426e-05, 6.88829750288e-05, 5.55680671823e-05, 5.0398411986e-05, 4.01567376684e-05, 3.17403464578e-05, 1.60941453942e-05, 1.47950986502e-05, 1.08789499791e-05, 7.42369775253e-06, 3.59873570233e-06, 1.9760154828e-06, 1.08149129119e-06, 4.20459514316e-07, 1.03112206773e-07, 3.47127269151e-08, 1.07757124113e-07, 1.247829573e-07, 7.07043668058e-08, 3.44652697493e-08, 8.79929018538e-09]
    },
    "melbands128": {
        "max": [8.92737516551e-05, 0.000939403311349, 0.00295266322792, 0.00522917788476, 0.00507742445916, 0.00574346398935, 0.00599370291457, 0.00923646613955, 0.00863600336015, 0.00901362113655, 0.00826202984899, 0.00830062292516, 0.0156268142164, 0.00992030929774, 0.0156897995621, 0.0204242728651, 0.0142176356167, 0.0276092253625, 0.0134993996471, 0.0308064930141, 0.00914896652102, 0.0182259511203, 0.0104053411633, 0.0081748412922, 0.00932861212641, 0.00705388374627, 0.00858174916357, 0.00859742797911, 0.00469808420166, 0.00836005434394, 0.00639265030622, 0.00605000788346, 0.00474564218894, 0.00193149212282, 0.00463940529153, 0.00542108435184, 0.00696797063574, 0.00320709403604, 0.00397244933993, 0.00532148592174, 0.00542622385547, 0.00946659222245, 0.00731985270977, 0.00372694060206, 0.00754844071344, 0.00484173325822, 0.00612351577729, 0.0038480812218, 0.00359353399836, 0.00222170981579, 0.00213306141086, 0.000973454909399, 0.00208380795084, 0.000910888426006, 0.00131983717438, 0.0020798665937, 0.000636531796772, 0.0012197974138, 0.002068458125, 0.000685323670041, 0.000678505341057, 0.000547138100956, 0.000552559096832, 0.00111602665856, 0.000699230760802, 0.00030869312468, 0.000218262168346, 0.000372258713469, 0.000322272913763, 0.000283257599222, 0.00015147254453, 0.000135808892082, 0.000104283106339, 0.000161579126143, 0.000114658374514, 8.28712509247e-05, 3.87813233829e-05, 4.9557962484e-05, 3.4495635191e-05, 3.13043528877e-05, 2.44758357439e-05, 2.81042448478e-05, 6.4516943894e-06, 6.20734908807e-06, 5.03484352521e-06, 2.58312820733e-06, 1.25680651308e-06, 4.87148895445e-07, 4.26277068755e-07, 6.99435474871e-07, 1.33120124701e-06, 1.63221966432e-06, 3.03520914713e-06, 2.75394631899e-06, 1.54266319896e-06, 1.58409238793e-06, 7.78099149557e-07, 7.64136586895e-07, 5.92116350617e-07, 4.35000487187e-07, 1.35135707069e-07, 1.7994277357e-07, 1.12794566576e-07, 7.48479536128e-08, 5.18794962545e-08, 3.70371076031e-08, 3.93729386872e-08, 4.05576798812e-08, 4.07456681728e-08, 3.78092366304e-08, 3.24042659372e-08, 3.08528029791e-08, 3.45983153238e-08, 3.15887547231e-08, 2.78701541845e-08, 2.93514759164e-08, 2.80563181576e-08, 2.66352486733e-08, 2.60232635441e-08, 2.53687417739e-08, 2.47750069349e-08, 2.42363888958e-08, 2.37629649291e-08, 2.33516850301e-08, 2.30216468111e-08, 2.27547456433e-08, 2.25450307312e-08, 2.2450253212e-08],
        "mean": [3.54161943505e-06, 2.89504496322e-05, 6.78689175402e-05, 0.000142073302413, 0.000386826519389, 0.000479606649606, 0.000644099898636, 0.000839130370878, 0.000798591237981, 0.00126100203488, 0.000754368607886, 0.000423674209742, 0.000528970093001, 0.000554640137125, 0.000492367311381, 0.000505876902025, 0.000432275119238, 0.000585193512961, 0.000570387695916, 0.000683044432662, 0.000429217063356, 0.00061215669848, 0.000444141769549, 0.000246563635301, 0.000288034643745, 0.000231413796428, 0.000372593029169, 0.000310887902742, 0.000166876416188, 0.000305776513414, 0.000261220004177, 0.00023455095652, 0.00025572697632, 7.70145707065e-05, 0.000141054901178, 0.000235175844864, 0.000230120305787, 7.31420659577e-05, 0.00020174641395, 0.000195863773115, 0.000129504493088, 0.000223091163207, 0.000179459631909, 0.00012066612544, 9.3761489552e-05, 9.44554558373e-05, 0.000104232713056, 4.5162934839e-05, 4.73259024147e-05, 7.61266128393e-05, 2.57483770838e-05, 2.11984206544e-05, 4.86328426632e-05, 3.31066512445e-05, 4.39664800069e-05, 3.75889867428e-05, 2.01659968297e-05, 2.99664297927e-05, 2.3112501367e-05, 2.27561868087e-05, 2.91657652269e-05, 2.35708976106e-05, 2.81592438114e-05, 1.50188434418e-05, 1.09074426291e-05, 8.37778225105e-06, 1.04525370261e-05, 7.80571372161e-06, 7.96848871687e-06, 1.03340626083e-05, 6.8294839366e-06, 3.4899799175e-06, 3.6759579416e-06, 5.99802888246e-06, 2.38354823523e-06, 2.49987192547e-06, 1.13387773126e-06, 7.98220924025e-07, 7.73719818881e-07, 6.41767655907e-07, 3.86532889252e-07, 2.53419642604e-07, 2.30019082892e-07, 1.9919500005e-07, 8.9616541743e-08, 5.15073814711e-08, 2.40079724989e-08, 1.35754634201e-08, 1.18108038905e-08, 1.52729935365e-08, 2.29667111995e-08, 3.00028872857e-08, 3.58789336019e-08, 3.59675063066e-08, 2.99763946998e-08, 2.62675925455e-08, 3.53997897662e-08, 2.51940353024e-08, 1.91035116615e-08, 1.66751412678e-08, 6.82101708449e-09, 7.64248841989e-09, 7.9246023077e-09, 6.8478303028e-09, 4.63874494372e-09, 3.72184572051e-09, 3.69525010591e-09, 3.20025339562e-09, 2.55438248331e-09, 2.46240094981e-09, 2.42017406116e-09, 2.48400944258e-09, 2.49168730093e-09, 1.79201231632e-09, 1.65982139144e-09, 1.9794330619e-09, 1.74338621317e-09, 2.136774091e-11, 2.00021180174e-11, 1.95088546012e-11, 1.90734719685e-11, 1.86803975066e-11, 1.83116577457e-11, 1.79827264191e-11, 1.77501520426e-11, 1.75494133114e-11, 1.74031448974e-11, 1.73150556393e-11],
        "min": [1.98884575475e-09, 3.22228999039e-08, 5.56507018246e-08, 6.29053076295e-08, 3.90768320813e-07, 2.33145584616e-07, 8.92864306934e-08, 9.78083676273e-08, 3.21083376775e-07, 1.72797030018e-07, 4.73151331448e-08, 2.38946924469e-08, 3.15165578968e-07, 4.92576873512e-07, 1.09195104869e-06, 4.20525054778e-08, 9.95916451529e-08, 8.05089115374e-08, 4.58561117966e-08, 1.14271934137e-07, 1.85107197126e-07, 1.8551227754e-07, 4.58507507517e-08, 1.21156688238e-07, 3.724792208e-08, 9.93752422573e-08, 1.04755791597e-07, 1.37016700208e-08, 5.57016832659e-08, 4.95616845342e-08, 5.85397792463e-08, 3.55239180294e-08, 2.60787569317e-08, 4.92074399006e-08, 5.83696930789e-08, 2.70684807901e-08, 3.16168069503e-08, 5.23173078193e-08, 5.99317502292e-08, 4.74072621159e-08, 6.42120099315e-08, 3.73206034965e-08, 3.54119933377e-08, 3.63615377807e-08, 1.87945907726e-08, 1.5030023448e-08, 2.4534578813e-08, 2.7311273243e-08, 2.74822173907e-08, 4.41936487405e-09, 6.54659970678e-09, 2.6333648151e-08, 1.23769190452e-08, 1.83474284654e-08, 2.62634536341e-08, 1.71859841913e-08, 5.27411980755e-09, 3.94116064228e-08, 2.48307934214e-08, 2.41835991233e-08, 2.25648886243e-08, 1.47588323784e-08, 1.11398970049e-08, 9.31724386533e-09, 1.0354394675e-08, 6.58596688297e-09, 7.86857423662e-09, 7.83411380212e-09, 4.05138367299e-09, 4.76153516615e-09, 4.01695388064e-09, 3.63098551226e-09, 4.43023351338e-09, 2.97565883045e-09, 3.1623033081e-09, 2.8419133713e-09, 2.89550738941e-09, 1.68931635347e-09, 2.11509987302e-09, 2.31315944177e-09, 1.41312839208e-09, 1.36183897492e-09, 1.63252811269e-09, 9.18886577939e-10, 1.25364207904e-09, 8.93512597244e-10, 1.38364275593e-09, 9.22853571339e-10, 9.98939597707e-10, 1.44576539629e-09, 7.00104973994e-10, 8.46292480539e-10, 1.33137012526e-09, 1.37338962425e-09, 1.35010336244e-09, 1.74781178419e-09, 1.51210111099e-09, 1.46098055875e-09, 1.28254973308e-09, 1.67839575571e-09, 1.34325950363e-09, 1.3325526238e-09, 1.36480660107e-09, 1.58064139555e-09, 1.0940020001e-09, 1.02674146962e-09, 1.15090115216e-09, 8.26477775107e-10, 6.92417123638e-10, 7.33404670328e-10, 8.15829681589e-10, 9.28986332305e-10, 9.16831888187e-10, 6.7526673142e-10, 5.33991795226e-10, 6.30573759874e-10, 2.72755679154e-10, 4.43835262596e-13, 1.41837903185e-13, 1.47819866699e-13, 1.72868609618e-13, 1.44871826124e-13, 1.48537920245e-13, 1.41281693918e-13, 1.46819581774e-13, 1.85857256777e-13, 1.59131442832e-13, 1.52231675074e-13],
        "stdev": [6.6315078584e-06, 7.79711990617e-05, 0.000226714546443, 0.000345867534634, 0.000601116742473, 0.000611919036601, 0.000924280902836, 0.00128985266201, 0.00091088283807, 0.00145435915329, 0.000865761132445, 0.000628165900707, 0.00109195220284, 0.000966687803157, 0.00102630595211, 0.00125827500597, 0.00106548378244, 0.00159609760158, 0.00125341746025, 0.00203088135459, 0.000867168768309, 0.00125849270262, 0.000925669155549, 0.000488770310767, 0.000644826679491, 0.000547569943592, 0.000717520597391, 0.000691955618095, 0.000395766954171, 0.000749146100134, 0.000614256598055, 0.000446613063104, 0.000476037501357, 0.000166403784533, 0.00035614267108, 0.000498517707456, 0.000570502015762, 0.00019185533165, 0.000403105543228, 0.000464963406557, 0.000423518416937, 0.000581069791224, 0.000400931952754, 0.000277103827102, 0.000374925672077, 0.00030293490272, 0.000338447862305, 0.000182826814125, 0.000160537485499, 0.000183471507626, 9.7245676443e-05, 5.85743327974e-05, 0.000130327942315, 6.32387673249e-05, 8.42709705466e-05, 8.85346235009e-05, 4.19553362008e-05, 7.40781761124e-05, 8.07535689091e-05, 6.07792389928e-05, 6.04676024523e-05, 4.11010296375e-05, 5.4810763686e-05, 3.61585298378e-05, 2.95085756079e-05, 1.5781752154e-05, 2.01369639399e-05, 1.73048174474e-05, 1.81604009413e-05, 2.19560424739e-05, 1.33696066769e-05, 8.32199475553e-06, 7.49798800825e-06, 1.25301821754e-05, 5.06950573254e-06, 5.36426523468e-06, 2.88712317342e-06, 2.67366431217e-06, 2.19463572648e-06, 1.79330481842e-06, 1.29349382405e-06, 1.05122921923e-06, 5.89808223594e-07, 4.89468163778e-07, 2.35629386225e-07, 1.41217142868e-07, 6.92267292379e-08, 3.35274137342e-08, 2.6241300688e-08, 4.2300083436e-08, 9.33888060217e-08, 1.3043792535e-07, 1.51848951191e-07, 1.55335953878e-07, 1.01062845204e-07, 8.9234283962e-08, 8.036330712e-08, 5.58857742305e-08, 4.39954845888e-08, 2.90072552644e-08, 6.79614320376e-09, 8.88792328624e-09, 9.13241926526e-09, 6.48918030421e-09, 3.91374044284e-09, 1.73461511821e-09, 1.39597011728e-09, 1.25817878338e-09, 1.16706488917e-09, 1.06831143931e-09, 9.69381686033e-10, 9.07736441569e-10, 9.74114344743e-10, 8.21733514567e-10, 7.49776907227e-10, 7.92697851804e-10, 8.92828977417e-10, 5.90345050622e-10, 5.76793168783e-10, 5.62255686454e-10, 5.49157275209e-10, 5.37222599739e-10, 5.26747701013e-10, 5.17600462491e-10, 5.10292419431e-10, 5.04347674735e-10, 4.99721486413e-10, 4.9761417209e-10]
    },
    "mfcc": {
        "mean": [-672.87109375, 183.372573853, -58.9930076599, 20.39585495, -7.84218740463, -14.4455575943, 4.94225120544, -13.4506807327, -6.00439691544, -7.21487236023, -6.08873224258, -3.48798084259, -11.2383165359],
        "cov": [[2520.40966797, -289.465881348, -1042.50354004, 185.785552979, -352.934448242, 20.2300224304, 138.519165039, -72.9137191772, 134.114120483, 18.9384784698, 72.537361145, 12.3341770172, -84.8476638794], [-289.465881348, 997.749572754, 62.2815246582, -297.486968994, 162.56703186, -137.171615601, -5.63036346436, 91.3389358521, -54.6342849731, 24.6370220184, 24.3892459869, -16.2075252533, 32.7154884338], [-1042.50354004, 62.2815246582, 910.255859375, 105.747406006, 171.62940979, 129.538238525, 41.8619651794, 117.719490051, -46.4407310486, -43.0405731201, -56.752571106, -61.4335670471, -60.0523681641], [185.785552979, -297.486968994, 105.747406006, 385.363555908, 43.2225837708, 60.524848938, 19.6964645386, 22.564868927, 69.4333114624, -30.8796787262, -21.960899353, -11.440530777, -19.2691116333], [-352.934448242, 162.56703186, 171.62940979, 43.2225837708, 309.204559326, 52.1082458496, -69.2571716309, 25.3280467987, 12.8667640686, -5.81317567825, -10.3051900864, -14.7480115891, -14.400724411], [20.2300224304, -137.171615601, 129.538238525, 60.524848938, 52.1082458496, 234.795974731, 113.357902527, 18.8231201172, 23.4693489075, -32.9689025879, 13.9512033463, -38.9980888367, -101.985054016], [138.519165039, -5.63036346436, 41.8619651794, 19.6964645386, -69.2571716309, 113.357902527, 264.044006348, 93.7130279541, -16.9572105408, -0.217265814543, 10.4605388641, -23.4752407074, -53.6199493408], [-72.9137191772, 91.3389358521, 117.719490051, 22.564868927, 25.3280467987, 18.8231201172, 93.7130279541, 146.632904053, 14.3977088928, -14.5664987564, -12.0990953445, -30.7507514954, -11.6930789948], [134.114120483, -54.6342849731, -46.4407310486, 69.4333114624, 12.8667640686, 23.4693489075, -16.9572105408, 14.3977088928, 107.484764099, 11.9821643829, 3.19327521324, 3.69744348526, -3.50656676292], [18.9384784698, 24.6370220184, -43.0405731201, -30.8796787262, -5.81317567825, -32.9689025879, -0.217265814543, -14.5664987564, 11.9821643829, 105.090316772, 27.5607376099, 15.3131561279, 29.5918865204], [72.537361145, 24.3892459869, -56.752571106, -21.960899353, -10.3051900864, 13.9512033463, 10.4605388641, -12.0990953445, 3.19327521324, 27.5607376099, 90.4465942383, 31.6943073273, -5.63865661621], [12.3341770172, -16.2075252533, -61.4335670471, -11.440530777, -14.7480115891, -38.9980888367, -23.4752407074, -30.7507514954, 3.69744348526, 15.3131561279, 31.6943073273, 106.15297699, 78.260383606], [-84.8476638794, 32.7154884338, -60.0523681641, -19.2691116333, -14.400724411, -101.985054016, -53.6199493408, -11.6930789948, -3.50656676292, 29.5918865204, -5.63865661621, 78.260383606, 165.332962036]],
        "icov": [[0.00142689619679, -0.000581804080866, 0.00185829214752, -0.00160083605442, 0.00149439647794, -0.00124846515246, 0.000370741938241, -0.000577034952585, 0.000105441780761, -0.000613631214947, 0.000520845875144, -0.000654136820231, 0.00121473986655], [-0.000581804080866, 0.00253966846503, -0.00107479095459, 0.00259996880777, -0.00267867115326, 0.00322397984564, -0.00179668248165, 0.000113587964734, -0.000970629393123, 0.00126204593107, -0.00174262013752, 0.00144927599467, -0.000699676398654], [0.00185829214752, -0.00107479095459, 0.00423012627289, -0.00286136707291, 0.0019377481658, -0.00348740187474, 0.00187834713142, -0.00283636944368, 0.00225884048268, -0.00167211855296, 0.00200205598958, -0.00151536089834, 0.00192825309932], [-0.00160083605442, 0.00259996880777, -0.00286136707291, 0.00679384917021, -0.00379640585743, 0.00392247457057, -0.00275591434911, 0.00153101037722, -0.00374235585332, 0.0028138642665, -0.00161222054157, 0.00198076106608, -0.00185571063776], [0.00149439647794, -0.00267867115326, 0.0019377481658, -0.00379640585743, 0.00825451035053, -0.00641771173105, 0.00537504022941, -0.00328054465353, 0.00215906929225, -0.00296664284542, 0.00247466005385, -0.00244375038892, 0.00164767599199], [-0.00124846515246, 0.00322397984564, -0.00348740187474, 0.00392247457057, -0.00641771173105, 0.0153444735333, -0.00905537884682, 0.00607472052798, -0.00621566688642, 0.00558561272919, -0.00492398068309, 0.00338753359392, 0.00140785099939], [0.000370741938241, -0.00179668248165, 0.00187834713142, -0.00275591434911, 0.00537504022941, -0.00905537884682, 0.0123043516651, -0.00893742777407, 0.00635707192123, -0.0049456441775, 0.00286538456567, -0.00389301707037, 0.00210812967271], [-0.000577034952585, 0.000113587964734, -0.00283636944368, 0.00153101037722, -0.00328054465353, 0.00607472052798, -0.00893742777407, 0.015861460939, -0.00666772713885, 0.0047944933176, -0.00257087266073, 0.00573368789628, -0.00328699196689], [0.000105441780761, -0.000970629393123, 0.00225884048268, -0.00374235585332, 0.00215906929225, -0.00621566688642, 0.00635707192123, -0.00666772713885, 0.015732049942, -0.00511334463954, 0.0025946192909, -0.00351108587347, 0.00157387077343], [-0.000613631214947, 0.00126204593107, -0.00167211855296, 0.0028138642665, -0.00296664284542, 0.00558561272919, -0.0049456441775, 0.0047944933176, -0.00511334463954, 0.0143678830937, -0.00615241006017, 0.00432035140693, -0.00385676254518], [0.000520845875144, -0.00174262013752, 0.00200205598958, -0.00161222054157, 0.00247466005385, -0.00492398068309, 0.00286538456567, -0.00257087266073, 0.0025946192909, -0.00615241006017, 0.0176868513227, -0.00924426689744, 0.00521226832643], [-0.000654136820231, 0.00144927599467, -0.00151536089834, 0.00198076106608, -0.00244375038892, 0.00338753359392, -0.00389301707037, 0.00573368789628, -0.00351108587347, 0.00432035140693, -0.00924426689744, 0.0212256722152, -0.0111325401813], [0.00121473986655, -0.000699676398654, 0.00192825309932, -0.00185571063776, 0.00164767599199, 0.00140785099939, 0.00210812967271, -0.00328699196689, 0.00157387077343, -0.00385676254518, 0.00521226832643, -0.0111325401813, 0.0149285504594]]
    },
    "spectral_contrast_coeffs": {
        "max": [-0.377233594656, -0.389196306467, -0.475365936756, -0.52869874239, -0.597628057003, -0.566313624382],
        "mean": [-0.630385458469, -0.705485522747, -0.698592364788, -0.732289910316, -0.743955910206, -0.763464272022],
        "min": [-0.867937803268, -0.937376618385, -0.916020095348, -0.903992712498, -0.882805943489, -0.902125358582],
        "stdev": [0.0772695466876, 0.0862344652414, 0.0758864432573, 0.0662461817265, 0.0498325154185, 0.0567964799702]
    },
    "spectral_contrast_valleys": {
        "max": [-5.26984214783, -4.89559459686, -5.46936988831, -5.66269159317, -6.03051567078, -10.031329155],
        "mean": [-7.19986867905, -6.62580299377, -7.24567508698, -7.54223060608, -7.81025791168, -11.7360744476],
        "min": [-9.59626483917, -9.02310371399, -9.89321613312, -9.9535741806, -10.2553272247, -12.2477731705],
        "stdev": [0.760702669621, 0.655273318291, 0.621159672737, 0.630122244358, 0.752772033215, 0.347772747278]
    }
},
"rhythm": {
    "beats_count": 89,
    "beats_loudness": {
        "max": 0.069355584681,
        "mean": 0.0326104350388,
        "min": 0.00504768779501,
        "stdev": 0.0140313133597
    },
    "bpm": 135.376663208,
    "bpm_histogram_first_peak_bpm": 136,
    "bpm_histogram_first_peak_weight": 0.465116262436,
    "bpm_histogram_second_peak_bpm": 73,
    "bpm_histogram_second_peak_spread": 0,
    "bpm_histogram_second_peak_weight": 0.125,
    "danceability": 0.974448621273,
    "onset_rate": 1.9892578125,
    "beats_loudness_band_ratio": {
        "max": [0.714138865471, 0.940555989742, 0.768469810486, 0.621632456779, 0.596726953983, 0.879432141781],
        "mean": [0.152392327785, 0.251944929361, 0.277878701687, 0.237125009298, 0.110806800425, 0.031161211431],
        "min": [0.000907982932404, 0.0160962790251, 0.00751048326492, 0.00377753493376, 0.00150982581545, 0.000564624206163],
        "stdev": [0.125554352999, 0.19088588655, 0.179934501648, 0.156139448285, 0.118341103196, 0.100018888712]
    },
