{
"metadata": {
    "version": {
        "essentia": "2.1-beta5",
        "essentia_git_sha": "Undefined",
        "extractor": "music 2.0"
    },
    "audio_properties": {
        "analysis": {
            "equal_loudness": 0,
            "length": 32.4963264465,
            "sample_rate": 44100,
            "start_time": 93.9943771362,
            "downmix": "mix"
        },
        "bit_rate": 192000,
        "length": 181.30140686,
        "lossless": 0,
        "number_channels": 2,
        "replay_gain": -5.65692710876,
        "sample_rate": 44100,
        "codec": "mp3",
        "md5_encoded": "83e580a2a8b9f1bae5adaf6f904928a3"
    },
    "tags": {
        "file_name": "Malta_Could It Be_Paul Giordimaina and Georgina.mp3",
        "encoding": ["Lavf58.29.100"]
    }
},
"lowlevel": {
    "average_loudness": 0.974489510059,
    "barkbands_crest": {
        "max": 24.0669174194,
        "mean": 10.1956367493,
        "min": 3.23405122757,
        "stdev": 4.14759778976
    },
    "barkbands_flatness_db": {
        "max": 0.347078472376,
        "mean": 0.179826259613,
        "min": 0.0818081349134,
        "stdev": 0.0385778769851
    },
    "barkbands_kurtosis": {
        "max": 42.7151947021,
        "mean": 1.27321875095,
        "min": -1.76468861103,
        "stdev": 3.28010749817
    },
    "barkbands_skewness": {
        "max": 5.48698949814,
        "mean": 0.759675383568,
        "min": -1.35532259941,
        "stdev": 0.887304723263
    },
    "barkbands_spread": {
        "max": 52.7524795532,
        "mean": 16.3886375427,
        "min": 1.43470716476,
        "stdev": 8.36681842804
    },
    "dissonance": {
        "max": 0.500000119209,
        "mean": 0.454338818789,
        "min": 0.289101839066,
        "stdev": 0.0345196649432
    },
    "dynamic_complexity": 1.81898725033,
    "erbbands_crest": {
        "max": 32.2799720764,
        "mean": 11.8436193466,
        "min": 3.09395670891,
        "stdev": 5.32379865646
    },
    "erbbands_flatness_db": {
        "max": 0.406168311834,
        "mean": 0.249232828617,
        "min": 0.145254433155,
        "stdev": 0.0420516468585
    },
    "erbbands_kurtosis": {
        "max": 28.2464694977,
        "mean": 0.398379415274,
        "min": -1.80229818821,
        "stdev": 1.95353734493
    },
    "erbbands_skewness": {
        "max": 5.0790848732,
        "mean": 0.208595320582,
        "min": -3.41150355339,
        "stdev": 0.793394505978
    },
    "erbbands_spread": {
        "max": 89.9322052002,
        "mean": 25.3259830475,
        "min": 3.44963717461,
        "stdev": 13.9649143219
    },
    "hfc": {
        "max": 90.1222305298,
        "mean": 26.0085144043,
        "min": 0.324223428965,
        "stdev": 15.1306886673
    },
    "loudness_ebu128": {
        "integrated": -17.7048435211,
        "loudness_range": 2.1020450592,
        "momentary": {
            "max": -15.1422958374,
            "mean": -17.9914321899,
            "min": -27.5074176788,
            "stdev": 1.76632857323
        },
        "short_term": {
            "max": -16.6925601959,
            "mean": -17.7502918243,
            "min": -20.5843200684,
            "stdev": 0.865014195442
        }
    },
    "melbands_crest": {
        "max": 32.521484375,
        "mean": 12.7664880753,
        "min": 4.04702472687,
        "stdev": 5.2470574379
    },
    "melbands_flatness_db": {
        "max": 0.369320988655,
        "mean": 0.224647238851,
        "min": 0.0934510305524,
        "stdev": 0.0461966730654
    },
    "melbands_kurtosis": {
        "max": 78.6768875122,
        "mean": 3.97559213638,
        "min": -1.85298418999,
        "stdev": 6.5035905838
    },
    "melbands_skewness": {
        "max": 6.30470561981,
        "mean": 1.34117913246,
        "min": -1.26721632481,
        "stdev": 1.13041090965
    },
    "melbands_spread": {
        "max": 97.456161499,
        "mean": 24.5836143494,
        "min": 1.74829387665,
        "stdev": 13.4011535645
    },
    "pitch_salience": {
        "max": 0.819904327393,
        "mean": 0.559441864491,
        "min": 0.195983186364,
        "stdev": 0.105618007481
    },
    "silence_rate_20dB": {
        "max": 1,
        "mean": 1,
        "min": 1,
        "stdev": 0
    },
    "silence_rate_30dB": {
        "max": 1,
        "mean": 1,
        "min": 1,
        "stdev": 0
    },
    "silence_rate_60dB": {
        "max": 1,
        "mean": 0.0085653103888,
        "min": 0,
        "stdev": 0.0921517685056
    },
    "spectral_centroid": {
        "max": 3350.01586914,
        "mean": 1382.91101074,
        "min": 369.956298828,
        "stdev": 506.012145996
    },
    "spectral_complexity": {
        "max": 53,
        "mean": 21.3490371704,
        "min": 0,
        "stdev": 8.15027427673
    },
    "spectral_decrease": {
        "max": -5.7292424277e-11,
        "mean": -6.74877975726e-09,
        "min": -2.1206139067e-08,
        "stdev": 3.33796390528e-09
    },
    "spectral_energy": {
        "max": 0.0870383009315,
        "mean": 0.0278305001557,
        "min": 0.00024564328487,
        "stdev": 0.0136931780726
    },
    "spectral_energyband_high": {
        "max": 0.00657108146697,
        "mean": 0.000318198057357,
        "min": 1.90750552065e-06,
        "stdev": 0.00042806280544
    },
    "spectral_energyband_low": {
        "max": 0.0190691165626,
        "mean": 0.00149557145778,
        "min": 7.49779133002e-07,
        "stdev": 0.00182322890032
    },
    "spectral_energyband_middle_high": {
        "max": 0.0675633177161,
        "mean": 0.0116938250139,
        "min": 0.000125751597807,
        "stdev": 0.0100449407473
    },
    "spectral_energyband_middle_low": {
        "max": 0.0716301202774,
        "mean": 0.0156862474978,
        "min": 0.000119900199934,
        "stdev": 0.0101031409577
    },
    "spectral_entropy": {
        "max": 7.97892284393,
        "mean": 7.19080114365,
        "min": 6.0228934288,
        "stdev": 0.358617097139
    },
    "spectral_flux": {
        "max": 0.276882350445,
        "mean": 0.0919762030244,
        "min": 0.0148267513141,
        "stdev": 0.0404222905636
    },
    "spectral_kurtosis": {
        "max": 31.6505126953,
        "mean": 7.03955030441,
        "min": -0.475631713867,
        "stdev": 5.17914247513
    },
    "spectral_rms": {
        "max": 0.00921495631337,
        "mean": 0.00502835959196,
        "min": 0.00048954266822,
        "stdev": 0.00136647664476
    },
    "spectral_rolloff": {
        "max": 4349.70703125,
        "mean": 1602.74023438,
        "min": 193.798828125,
        "stdev": 742.143981934
    },
    "spectral_skewness": {
        "max": 3.94396734238,
        "mean": 1.40580356121,
        "min": -0.043406303972,
        "stdev": 0.652821779251
    },
    "spectral_spread": {
        "max": 10018522,
        "mean": 2486347,
        "min": 1629260.75,
        "stdev": 491765.1875
    },
    "spectral_strongpeak": {
        "max": 13.3079280853,
        "mean": 2.16172623634,
        "min": 0.047400418669,
        "stdev": 1.83741509914
    },
    "zerocrossingrate": {
        "max": 0.13720703125,
        "mean": 0.0545690022409,
        "min": 0.015625,
        "stdev": 0.0171339120716
    },
    "barkbands": {
        "max": [0.000117678006063, 0.0113128703088, 0.0135417599231, 0.0159850940108, 0.0338434763253, 0.0393408611417, 0.0284522157162, 0.0549253001809, 0.0573165155947, 0.0689404085279, 0.0318272411823, 0.0263981875032, 0.0310069452971, 0.0358469672501, 0.0358102321625, 0.0162262301892, 0.0149651458487, 0.00597523152828, 0.00669336458668, 0.0072502749972, 0.00152214849368, 0.000510739802849, 0.000116502276796, 1.2922841961e-05, 1.29152949739e-05, 1.19427131722e-05, 1.28554183902e-05],
        "mean": [5.33077854925e-06, 0.000445338897407, 0.000683139893226, 0.000845224771183, 0.00331838196144, 0.00251489831135, 0.00209348695353, 0.00229111663066, 0.00287605822086, 0.00350928120315, 0.00150010059588, 0.00110157276504, 0.00135530345142, 0.00109800463542, 0.00121467898134, 0.000880207517184, 0.000832195801195, 0.000384827144444, 0.000421738048317, 0.000293079589028, 0.000119485266623, 4.04038910347e-05, 5.15240481036e-06, 5.65083439596e-07, 6.53337622225e-07, 2.67068060111e-07, 4.44983854209e-08],
        "min": [3.56027696213e-09, 4.30152454101e-07, 1.58074612955e-07, 1.27747583178e-07, 2.00222234525e-06, 5.96810787101e-06, 9.17555951219e-07, 2.4258765734e-06, 3.704492201e-06, 5.64678202863e-06, 2.75639126812e-06, 6.27003646514e-06, 1.33591356644e-06, 4.72631563753e-06, 2.14926535591e-06, 2.92067238661e-06, 8.0753588918e-06, 4.80347125631e-06, 4.12979943576e-06, 1.20216566302e-06, 2.40082414393e-07, 2.33788270521e-07, 1.70477960637e-07, 1.25291421682e-07, 1.08934820275e-07, 1.07577847075e-07, 5.94028470857e-09],
        "stdev": [1.0319699868e-05, 0.000867827213369, 0.000895023928024, 0.00125189137179, 0.00348675483838, 0.00361796747893, 0.00359740434214, 0.0060479734093, 0.00559873506427, 0.00697338255122, 0.00367960263975, 0.00249691936187, 0.0032643545419, 0.00279610580765, 0.00261060148478, 0.00163169181906, 0.00120222615078, 0.000541675370187, 0.000565112452023, 0.000438991148258, 0.000162028212799, 5.73878205614e-05, 7.86948930909e-06, 7.59842748721e-07, 7.91337811279e-07, 3.13911698413e-07, 3.42768544215e-07]
    },
    "erbbands": {
        "max": [0.156361013651, 3.26523637772, 9.45296001434, 26.2557449341, 117.339996338, 163.276733398, 320.325622559, 365.387512207, 450.454742432, 768.262268066, 1258.91503906, 1828.94567871, 2366.57763672, 1248.5880127, 1188.53869629, 1216.10900879, 1247.41113281, 1296.38171387, 1758.38903809, 945.181213379, 1065.27392578, 782.619995117, 239.70854187, 351.687042236, 390.651123047, 397.062133789, 110.275810242, 40.5605201721, 22.8439445496, 6.72297811508, 3.11382317543, 0.392150878906, 0.212205380201, 0.144301712513, 0.0932097658515, 0.0489299818873, 0.0219863671809, 0.00792137999088, 0.00182163552381, 0.00019986530242],
        "mean": [0.00662397313863, 0.127603247762, 0.708168208599, 1.93119382858, 6.73442602158, 11.5347509384, 17.5623912811, 19.8286972046, 27.8876056671, 38.7869606018, 51.8911170959, 69.3447113037, 120.449485779, 78.1501693726, 47.1869163513, 49.993106842, 64.5658950806, 52.2997817993, 61.5366477966, 58.8797836304, 49.8351249695, 43.9805793762, 23.8945064545, 22.0269813538, 18.9802494049, 14.1263017654, 7.18911218643, 3.54417037964, 1.66320753098, 0.558959364891, 0.104545235634, 0.0173677783459, 0.00994290877134, 0.00796835869551, 0.00405178312212, 0.00125242234208, 0.000496188411489, 0.000126260114484, 1.94821659534e-05, 3.36535122187e-05],
        "min": [1.23727395476e-05, 9.60417091846e-05, 0.000245519331656, 0.000479618029203, 0.00303997355513, 0.00798092968762, 0.0188596490771, 0.0590902194381, 0.0551757961512, 0.0433914661407, 0.246745988727, 0.200781404972, 0.129198312759, 0.154776915908, 0.519428551197, 0.326303392649, 0.200746774673, 0.223597332835, 0.299202591181, 0.291628748178, 0.28371489048, 0.424665808678, 0.357084751129, 0.319695919752, 0.157293260098, 0.0687314718962, 0.0162258576602, 0.0118352770805, 0.00753421476111, 0.00698418496177, 0.00412773806602, 0.00261550745927, 0.0019816881977, 0.00137430033647, 0.000683302234393, 0.000425781763624, 0.000193962172489, 5.48310272279e-05, 1.97171129912e-06, 1.18833600027e-06],
        "stdev": [0.0145888486877, 0.23511582613, 0.857300817966, 2.6673822403, 8.64454078674, 12.9779644012, 31.1774997711, 29.1216220856, 51.7855033875, 73.656791687, 129.248809814, 141.93536377, 235.418167114, 143.691741943, 106.301277161, 103.102966309, 146.044692993, 116.990135193, 146.946487427, 96.8713150024, 83.5718078613, 65.9883270264, 28.3300151825, 30.0774555206, 25.6539001465, 22.742729187, 9.8395357132, 5.03543281555, 2.38904833794, 0.782963752747, 0.167514532804, 0.0262234844267, 0.0131215192378, 0.0104920649901, 0.00456095160916, 0.00130960112438, 0.000578944513109, 0.000210282407352, 4.87574106955e-05, 1.68802962435e-05]
    },
    "gfcc": {
        "mean": [-27.981678009, 139.266799927, -173.154876709, 17.9020938873, -47.6346855164, -22.9554004669, -23.9032440186, -8.34919166565, -24.5453891754, -2.63644218445, -21.4913883209, -4.95484161377, -6.68706178665],
        "cov": [[861.532836914, 101.571594238, -250.358703613, 127.213272095, -5.74718427658, -87.6939163208, 34.4130897522, -91.5650100708, 63.0231132507, -17.4086894989, -43.2327270508, -64.1710662842, 25.7878570557], [101.571594238, 442.340087891, 215.856536865, -160.397064209, 119.477790833, -15.5134162903, -8.74683570862, 2.65064954758, -6.58802890778, -3.1257519722, 14.1105356216, -38.9565391541, -15.6623325348], [-250.358703613, 215.856536865, 494.106872559, 114.628005981, -20.7513790131, 15.6431150436, -86.8480606079, -30.4027290344, -33.0360336304, 24.5436553955, 11.9448661804, 12.9474048615, -44.7196159363], [127.213272095, -160.397064209, 114.628005981, 496.515136719, -17.468208313, -49.2991333008, -91.776473999, -69.8355941772, 28.868768692, 53.9341697693, -43.0166397095, -1.81743144989, 1.8971889019], [-5.74718427658, 119.477790833, -20.7513790131, -17.468208313, 236.724151611, 33.7899589539, -7.96784448624, 42.5822410583, 18.9303035736, 12.2480316162, -12.6826438904, -34.501953125, 20.8400382996], [-87.6939163208, -15.5134162903, 15.6431150436, -49.2991333008, 33.7899589539, 184.543701172, 88.6199417114, 1.75318741798, -22.7819805145, -9.98961734772, -5.89777135849, -0.934635102749, -19.5266551971], [34.4130897522, -8.74683570862, -86.8480606079, -91.776473999, -7.96784448624, 88.6199417114, 183.940139771, 60.3939666748, -29.9988288879, -36.0921287537, 11.0241527557, -2.32101082802, -5.34083557129], [-91.5650100708, 2.65064954758, -30.4027290344, -69.8355941772, 42.5822410583, 1.75318741798, 60.3939666748, 143.088043213, 51.159942627, -25.692363739, -7.00762224197, 18.1428546906, 17.6777114868], [63.0231132507, -6.58802890778, -33.0360336304, 28.868768692, 18.9303035736, -22.7819805145, -29.9988288879, 51.159942627, 152.86138916, 26.7505435944, -47.4453468323, 13.9328832626, 14.8157682419], [-17.4086894989, -3.1257519722, 24.5436553955, 53.9341697693, 12.2480316162, -9.98961734772, -36.0921287537, -25.692363739, 26.7505435944, 113.013122559, 42.7613945007, -15.7706251144, -1.24081861973], [-43.2327270508, 14.1105356216, 11.9448661804, -43.0166397095, -12.6826438904, -5.89777135849, 11.0241527557, -7.00762224197, -47.4453468323, 42.7613945007, 107.344085693, 22.7681407928, -27.2454853058], [-64.1710662842, -38.9565391541, 12.9474048615, -1.81743144989, -34.501953125, -0.934635102749, -2.32101082802, 18.1428546906, 13.9328832626, -15.7706251144, 22.7681407928, 81.3933792114, 9.89412117004], [25.7878570557, -15.6623325348, -44.7196159363, 1.8971889019, 20.8400382996, -19.5266551971, -5.34083557129, 17.6777114868, 14.8157682419, -1.24081861973, -27.2454853058, 9.89412117004, 97.1001586914]],
        "icov": [[0.00756527343765, -0.0106925982982, 0.00982275325805, -0.00802607834339, 0.00598633801565, -0.0017425797414, -0.00100953143556, 0.00460730539635, -0.00583470752463, 0.00671069463715, -0.00580826867372, 0.00482222577557, -0.00272785802372], [-0.0106925982982, 0.0248636770993, -0.0210939310491, 0.0161241088063, -0.0153273362666, 0.00869675539434, -0.00494627514854, 0.000982609693892, 0.00243355100974, -0.00593180721626, 0.00522494129837, -0.00293048936874, 0.0027255169116], [0.00982275325805, -0.0210939310491, 0.0208767931908, -0.0144272055477, 0.0133003210649, -0.0080374488607, 0.00565409148112, -0.00114333292004, -0.00143472582567, 0.00502889696509, -0.00441083870828, 0.00257677747868, -0.00128324329853], [-0.00802607834339, 0.0161241088063, -0.0144272055477, 0.0136915156618, -0.00998342223465, 0.00599952368066, -0.00233657727949, -0.000180515969987, 0.00406951829791, -0.00801667943597, 0.00797023437917, -0.00505570229143, 0.00310209277086], [0.00598633801565, -0.0153273362666, 0.0133003210649, -0.00998342223465, 0.0155289843678, -0.00855704490095, 0.00661454210058, -0.00484132859856, -0.000734812580049, 0.00341509236023, -0.0042540426366, 0.00515306415036, -0.0031130684074], [-0.0017425797414, 0.00869675539434, -0.0080374488607, 0.00599952368066, -0.00855704490095, 0.0143230175599, -0.0105516966432, 0.00693818414584, -0.00100699753966, -0.00270511442795, 0.00474097114056, -0.00311368680559, 0.00268669845536], [-0.00100953143556, -0.00494627514854, 0.00565409148112, -0.00233657727949, 0.00661454210058, -0.0105516966432, 0.0173807982355, -0.0124925076962, 0.00705967890099, -0.000874116958585, -0.000189288330148, 0.000447588769021, 0.000621631450485], [0.00460730539635, 0.000982609693892, -0.00114333292004, -0.000180515969987, -0.00484132859856, 0.00693818414584, -0.0124925076962, 0.023264169693, -0.0154033321887, 0.0111617641523, -0.00901099666953, 0.00464355573058, -0.00458500953391], [-0.00583470752463, 0.00243355100974, -0.00143472582567, 0.00406951829791, -0.000734812580049, -0.00100699753966, 0.00705967890099, -0.0154033321887, 0.0251246541739, -0.0197189059108, 0.02132371068, -0.0148341171443, 0.0077588534914], [0.00671069463715, -0.00593180721626, 0.00502889696509, -0.00801667943597, 0.00341509236023, -0.00270511442795, -0.000874116958585, 0.0111617641523, -0.0197189059108, 0.0313844904304, -0.0267991349101, 0.0184985157102, -0.00961816310883], [-0.00580826867372, 0.00522494129837, -0.00441083870828, 0.00797023437917, -0.0042540426366, 0.00474097114056, -0.000189288330148, -0.00901099666953, 0.02132371068, -0.0267991349101, 0.0370976924896, -0.0217108465731, 0.0127201899886], [0.00482222577557, -0.00293048936874, 0.00257677747868, -0.00505570229143, 0.00515306415036, -0.00311368680559, 0.000447588769021, 0.00464355573058, -0.0148341171443, 0.0184985157102, -0.0217108465731, 0.0286441463977, -0.00953155010939], [-0.00272785802372, 0.0027255169116, -0.00128324329853, 0.00310209277086, -0.0031130684074, 0.00268669845536, 0.000621631450485, -0.00458500953391, 0.0077588534914, -0.00961816310883, 0.0127201899886, -0.00953155010939, 0.0161221120507]]
    },
    "melbands": {
        "max": [0.00199150433764, 0.00480344565585, 0.0066050873138, 0.00916028115898, 0.00873138103634, 0.0077750403434, 0.00615079840645, 0.00976497400552, 0.00933628156781, 0.010914596729, 0.0122480327263, 0.0045900256373, 0.00403363350779, 0.00373247661628, 0.00412902608514, 0.00229216064326, 0.00298714847304, 0.00350163760595, 0.00292035238817, 0.00140806229319, 0.00154746836051, 0.00114236515947, 0.000400173303206, 0.000260551576503, 0.000350329413777, 0.00036094445386, 0.000140739037306, 0.000314148346661, 0.000101570381958, 3.60660706065e-05, 1.99291243916e-05, 1.44275654748e-05, 8.42476856633e-06, 2.89484455607e-06, 2.07025618693e-06, 6.36694210243e-07, 1.59183201731e-07, 1.46660013911e-07, 1.39870024896e-07, 1.39745026217e-07],
        "mean": [8.96022538655e-05, 0.000308217975544, 0.000462552678073, 0.00069536769297, 0.00058692402672, 0.000458719208837, 0.000429743842687, 0.000451120024081, 0.000432007946074, 0.000424768048106, 0.00059836829314, 0.000316465797368, 0.000174457352841, 0.000124328071252, 0.000160747033078, 0.000107167979877, 9.94313013507e-05, 9.79253018158e-05, 9.04552580323e-05, 6.37012562947e-05, 5.94775010541e-05, 4.92212420795e-05, 2.93908651656e-05, 1.67248199432e-05, 1.80351798917e-05, 1.52312759383e-05, 1.10974979179e-05, 9.13283111004e-06, 4.91395940116e-06, 3.0349356166e-06, 1.65358380855e-06, 1.02604701624e-06, 5.4708306152e-07, 2.10363438669e-07, 6.18084214921e-08, 1.70151555068e-08, 6.62375621019e-09, 6.23086338081e-09, 7.51077688932e-09, 6.57954046801e-09],
        "min": [1.18915863823e-07, 1.26842223835e-07, 1.4733984699e-07, 4.05003873993e-07, 6.00749444857e-07, 1.29295153783e-06, 3.56790337719e-07, 3.56198938789e-07, 6.43952887458e-07, 5.6164714124e-07, 6.21897697783e-07, 4.70825597176e-07, 5.63245578178e-07, 5.62955335681e-07, 4.27885680665e-07, 2.30422784853e-07, 4.35954575551e-07, 3.07334715899e-07, 1.95363298872e-07, 1.98505148319e-07, 3.74495982669e-07, 4.47324964625e-07, 3.14172922344e-07, 2.31146216834e-07, 2.43176486947e-07, 1.2544634842e-07, 2.32478818418e-08, 4.40730829609e-08, 1.11475353393e-08, 5.6993099129e-09, 7.11125558439e-09, 4.08718214828e-09, 4.3173886688e-09, 3.56444807004e-09, 1.9397989881e-09, 1.61771362972e-09, 1.55597412732e-09, 1.39550637712e-09, 1.33674582514e-09, 1.09351472322e-09],
        "stdev": [0.000184696400538, 0.000382717611501, 0.000563905807212, 0.000804229697678, 0.000909227179363, 0.000657689524814, 0.000770199578255, 0.00093228276819, 0.000980457174592, 0.000854420301039, 0.00120617507491, 0.000592322088778, 0.000402415083954, 0.000295636215014, 0.000400367571274, 0.000213585008169, 0.000259398395428, 0.00025633853511, 0.00018623835058, 0.000117717696412, 0.000110082874016, 8.22023721412e-05, 4.16622278863e-05, 2.35172301473e-05, 2.68620933639e-05, 2.27995842579e-05, 1.48163162521e-05, 1.66024437931e-05, 7.64403830544e-06, 4.25429789175e-06, 2.49150184572e-06, 1.52434529355e-06, 8.03652710601e-07, 3.0608393331e-07, 1.07158470541e-07, 3.30604912335e-08, 9.47979295063e-09, 8.75514150067e-09, 1.02716857242e-08, 9.27622423319e-09]
    },
    "melbands128": {
        "max": [0.00011604087922, 0.00119223049842, 0.00346024357714, 0.00690445071086, 0.00614216178656, 0.00831603631377, 0.00657292455435, 0.011688830331, 0.0152835380286, 0.0152952829376, 0.0103614795953, 0.00912467576563, 0.016093518585, 0.0132376039401, 0.0124585693702, 0.0120714511722, 0.0120701212436, 0.0118157453835, 0.00976442918181, 0.0107836276293, 0.0172975994647, 0.0203349664807, 0.0168283395469, 0.0106110302731, 0.0221125520766, 0.0136330965906, 0.0131848258898, 0.0223540961742, 0.0156350862235, 0.00830006413162, 0.00920592900366, 0.00928414426744, 0.00696718785912, 0.00832807086408, 0.00795737095177, 0.00567382993177, 0.00582617800683, 0.00697060162202, 0.00877579860389, 0.00506729632616, 0.00345984357409, 0.00532080931589, 0.00338319176808, 0.0087681049481, 0.00542073417455, 0.00661181146279, 0.00664522591978, 0.00585848698393, 0.0026828374248, 0.00347021711059, 0.00284570921212, 0.00139868154656, 0.0027434269432, 0.00231348746456, 0.00179592100903, 0.00171453133225, 0.000936393858865, 0.000806620868389, 0.000671532936394, 0.000291523028864, 0.000335682765581, 0.000650296686217, 0.000692473258823, 0.000515299674589, 0.000425923062721, 0.000414024310885, 0.000529392622411, 0.000202062583412, 0.000183687501703, 0.000245519826422, 0.000318389618769, 0.000483025476569, 0.0001428603573, 0.000207165634492, 8.29572818475e-05, 4.32374763477e-05, 3.82465477742e-05, 5.09861019964e-05, 1.74770211743e-05, 3.21338629874e-05, 3.10158320644e-05, 1.88540707313e-05, 1.45021058415e-05, 6.33179752185e-06, 5.81859148951e-06, 3.64700349564e-06, 3.19213518196e-06, 1.73245086899e-06, 2.3016234536e-06, 2.10958182834e-06, 7.71704890212e-07, 3.97783225026e-07, 2.72890417818e-07, 1.67375404203e-07, 1.40253192171e-07, 1.48912960185e-07, 1.53727157226e-07, 1.49881444145e-07, 1.50799024823e-07, 1.9064187029e-07, 1.24631881704e-07, 2.46120976044e-07, 1.403507639e-07, 1.20915899515e-07, 1.1102284958e-07, 1.01747616554e-07, 8.93213183417e-08, 8.43526422045e-08, 8.57426485368e-08, 8.34668227867e-08, 7.45765902366e-08, 7.20238162444e-08, 6.97372257719e-08, 6.52024638725e-08, 6.74122091482e-08, 6.0501783139e-08, 6.34906882624e-08, 6.04088299383e-08, 5.82774681845e-08, 5.66589832829e-08, 5.5234441021e-08, 5.40084279521e-08, 5.30122363784e-08, 5.20461362896e-08, 5.12718685286e-08, 5.06241271125e-08, 5.0248676331e-08, 5.00227379518e-08],
        "mean": [4.75631668451e-06, 3.52920505975e-05, 9.8107753729e-05, 0.000241350819124, 0.000345038570231, 0.000330451846821, 0.00034975723247, 0.000457456160802, 0.000681169214658, 0.000835927261505, 0.000611073279288, 0.000519588589668, 0.000644908577669, 0.000579949468374, 0.000433585955761, 0.000407329731388, 0.000427945953561, 0.000452860083897, 0.000404414488003, 0.000415400339989, 0.000495038053486, 0.000498823355883, 0.000350780581357, 0.000441191339632, 0.000534674793016, 0.000296585727483, 0.000483250623802, 0.000840977183543, 0.000499543093611, 0.000254517537542, 0.000327746529365, 0.00026545804576, 0.000144287405419, 0.000128413070343, 0.000122525001643, 0.000129674270283, 0.00011738872854, 0.000137304712553, 0.000237694766838, 0.000129970911075, 7.13741537766e-05, 7.20149546396e-05, 8.88144204509e-05, 0.000132189568831, 9.63239654084e-05, 8.52912125993e-05, 0.000108059713966, 9.17006109376e-05, 7.98794862931e-05, 8.84633991518e-05, 5.66039816476e-05, 4.4852404244e-05, 5.97316648054e-05, 6.49475114187e-05, 6.21750368737e-05, 4.70831764687e-05, 3.86876126868e-05, 3.71228452423e-05, 2.45917126449e-05, 1.84532582352e-05, 1.48868539327e-05, 1.56366022566e-05, 1.97983681574e-05, 1.81939685717e-05, 1.65742549143e-05, 1.52585589603e-05, 1.47251948874e-05, 1.25450014821e-05, 9.88052579487e-06, 9.37042750593e-06, 1.03207721622e-05, 8.79835170053e-06, 5.85790485275e-06, 4.23224219048e-06, 3.62237460649e-06, 3.31617866323e-06, 2.69379529527e-06, 2.18617742576e-06, 1.37803328926e-06, 1.36664220918e-06, 1.07511675651e-06, 9.05131344098e-07, 7.81645894676e-07, 5.20475680332e-07, 3.66886041547e-07, 2.54799687127e-07, 1.61964848644e-07, 9.71500000446e-08, 5.73644847179e-08, 3.57684584174e-08, 2.08000319191e-08, 1.2290812812e-08, 8.67636096302e-09, 5.95125682068e-09, 5.96130345087e-09, 5.35606359264e-09, 6.64512800341e-09, 6.75949207718e-09, 7.69761943076e-09, 8.88554740897e-09, 4.7583519347e-09, 6.93471857716e-09, 7.15202830293e-09, 6.2338103568e-09, 4.4085344264e-09, 3.26204885326e-09, 2.96641244901e-09, 2.30451480121e-09, 1.81601489402e-09, 1.71532887894e-09, 1.6933043856e-09, 1.78032943943e-09, 1.52971657563e-09, 1.29748367605e-09, 1.21956500454e-09, 1.39907241348e-09, 1.33118138734e-09, 4.91169882544e-11, 4.68273995968e-11, 4.55549140077e-11, 4.4421542833e-11, 4.3447873771e-11, 4.26406930598e-11, 4.18632524479e-11, 4.1255141664e-11, 4.07455666429e-11, 4.04419275846e-11, 4.02531098731e-11],
        "min": [1.36813849139e-09, 2.44966322782e-08, 4.62472335983e-08, 1.64472822917e-07, 1.39076391292e-07, 7.84622429251e-08, 7.00295004208e-08, 3.02506073524e-08, 2.96143781497e-07, 4.62868626983e-07, 1.48959344415e-07, 3.54207543296e-07, 5.06214178131e-07, 1.02633657661e-06, 2.88642127089e-07, 3.14611895647e-07, 4.81550586073e-08, 3.23106092992e-08, 1.21198908687e-07, 1.54169299549e-07, 1.55885260256e-07, 1.87154284959e-07, 2.79451541019e-07, 1.65307923794e-07, 1.88549407198e-07, 3.40676507449e-07, 1.3644887531e-07, 3.808946758e-07, 2.86099350433e-07, 2.32642221931e-07, 1.803118721e-07, 1.0008547946e-07, 2.43506548259e-07, 1.32083712856e-07, 9.43679978604e-08, 1.09634910928e-07, 1.54852756395e-07, 1.69245723214e-07, 1.41914668461e-07, 8.60222613142e-08, 5.41426992129e-08, 9.60371266956e-08, 1.28378161435e-07, 2.06068079933e-07, 1.07382348347e-07, 5.79841774595e-08, 1.79758448127e-08, 7.59500196068e-08, 1.08246986485e-07, 1.56563928044e-07, 7.21018196259e-08, 4.01134130357e-08, 7.67580772276e-08, 2.08209144148e-07, 1.98548036678e-07, 1.17375861919e-07, 1.57165487735e-07, 2.10674741652e-07, 1.28892452267e-07, 3.71978856606e-08, 7.04893992065e-08, 7.02017501908e-08, 1.02405985913e-08, 9.6392938076e-08, 1.41799972653e-07, 2.57896122235e-08, 6.96578439374e-09, 7.38803729305e-09, 1.05412212292e-08, 3.9308492461e-08, 2.39634996291e-08, 2.43721949289e-08, 1.90183460091e-08, 4.21794243977e-09, 2.98730595816e-09, 3.89459398065e-09, 8.61167315236e-09, 6.70782585033e-09, 4.12031964103e-09, 6.63992727468e-09, 5.46616174546e-09, 1.47696954667e-09, 4.44997194649e-09, 3.50433326801e-09, 2.77064371446e-09, 3.13014725251e-09, 1.66445501826e-09, 1.86553861248e-09, 1.51076651189e-09, 1.25907928528e-09, 9.63122581688e-10, 9.93093718371e-10, 9.54142098664e-10, 8.70065297587e-10, 1.20725818231e-09, 9.31288435257e-10, 9.37709021542e-10, 1.06516340193e-09, 7.99613097957e-10, 1.39309908054e-09, 1.03414576902e-09, 9.88222059739e-10, 7.82079789818e-10, 8.34430857743e-10, 6.37667252334e-10, 6.92661539237e-10, 8.59210980142e-10, 7.38576866333e-10, 4.98626362422e-10, 6.26959928418e-10, 5.22176746287e-10, 5.90878457274e-10, 5.45445355549e-10, 3.63421820415e-10, 3.83938714155e-10, 5.71228675472e-10, 2.51782872329e-10, 1.90397122981e-13, 1.00346028145e-13, 1.01535797728e-13, 1.1216222585e-13, 9.38879033655e-14, 1.09312840897e-13, 9.23261372411e-14, 1.08748927018e-13, 1.0888343585e-13, 8.34628590199e-14, 8.38023227201e-14],
        "stdev": [9.97130064206e-06, 8.92392054084e-05, 0.000269643118372, 0.000467689271318, 0.000464961543912, 0.000481402297737, 0.000585247122217, 0.000695730675943, 0.000984254758805, 0.00127603567671, 0.00078476627823, 0.000897289661225, 0.0014639236033, 0.00110045832116, 0.000842098437715, 0.000956607866101, 0.00106342951767, 0.00116149545647, 0.000898741127457, 0.00100558495615, 0.00156908237841, 0.00173236359842, 0.00122550409287, 0.00118056463543, 0.00158064486459, 0.000916193821467, 0.00123332173098, 0.00205562147312, 0.00146901921835, 0.000661320227664, 0.000907894107513, 0.000806088675745, 0.000519193185028, 0.0005353182205, 0.000468224170618, 0.000418634183006, 0.000405183527619, 0.000499787915032, 0.000828887801617, 0.000382016238291, 0.000205831238418, 0.000238748412812, 0.000300555344438, 0.00052280514501, 0.000351748167304, 0.000363528874004, 0.000423394143581, 0.000310191011522, 0.000194217005628, 0.000229392651818, 0.000155312998686, 0.000121751596453, 0.000174473796505, 0.000152630818775, 0.00013445795048, 0.000124268961372, 9.34132549446e-05, 7.63516436564e-05, 4.90856546094e-05, 3.1321975257e-05, 3.01156032947e-05, 3.58322322427e-05, 4.43771241407e-05, 3.28063651978e-05, 3.04090135614e-05, 2.74613685178e-05, 2.95551035379e-05, 2.2518377591e-05, 1.7508993551e-05, 1.89371803572e-05, 2.21783793677e-05, 2.25580552069e-05, 1.00634460978e-05, 9.16989483812e-06, 5.71161672269e-06, 4.95446647619e-06, 4.77853927805e-06, 4.09299991588e-06, 2.14810825128e-06, 2.51982078225e-06, 1.80945198736e-06, 1.67777443494e-06, 1.31701585815e-06, 8.21725507194e-07, 5.80737719247e-07, 4.13574582581e-07, 2.58378719309e-07, 1.62292607797e-07, 1.11910509304e-07, 9.17675464507e-08, 4.34362128487e-08, 2.34949837363e-08, 1.69878191514e-08, 8.38276026371e-09, 7.997865481e-09, 8.38830160887e-09, 1.07269109151e-08, 9.86664971947e-09, 1.22093508637e-08, 1.24737686846e-08, 5.62076429844e-09, 1.28478525596e-08, 1.08658957387e-08, 9.12965258948e-09, 5.45314415845e-09, 3.50188278375e-09, 2.76972444979e-09, 2.31382468741e-09, 2.32126962096e-09, 2.24185292552e-09, 2.01454675164e-09, 1.94175031609e-09, 1.86815540815e-09, 1.74631531458e-09, 1.79827752689e-09, 1.62368407608e-09, 1.74992009772e-09, 1.61328694848e-09, 1.55639490185e-09, 1.51317702812e-09, 1.47512768667e-09, 1.44239120647e-09, 1.41577549684e-09, 1.38997979793e-09, 1.36930722316e-09, 1.35200894924e-09, 1.34197941648e-09, 1.33594002527e-09]
    },
    "mfcc": {
        "mean": [-659.501525879, 169.873687744, -63.4934463501, 39.5318565369, -19.0983886719, -0.516352534294, -7.5702381134, -7.55922269821, 0.399331152439, -7.92489337921, -1.92456054688, -10.9653520584, -2.75741362572],
        "cov": [[1157.44689941, -149.747650146, -273.780426025, 193.572433472, -127.335212708, 61.0077514648, -119.922187805, -55.7076072693, 43.4225769043, 28.7584400177, -42.8389167786, -37.0940933228, 42.8197135925], [-149.747650146, 684.979858398, 51.2401275635, -187.781234741, 103.139541626, -78.0832290649, 75.75, -7.81384706497, -4.37317848206, 21.139175415, -23.0401134491, 72.3268661499, 2.83795595169], [-273.780426025, 51.2401275635, 489.088165283, 96.8049697876, 14.0374040604, 57.3863334656, -15.5637769699, -42.50258255, -42.843460083, -102.231910706, 27.8452396393, 74.3565216064, 5.96609306335], [193.572433472, -187.781234741, 96.8049697876, 360.969177246, 78.3101348877, 22.8625621796, -79.0873794556, -78.7310638428, 11.32218647, 1.76593315601, -26.0829792023, 9.17538833618, 38.8172950745], [-127.335212708, 103.139541626, 14.0374040604, 78.3101348877, 236.295074463, 17.1211891174, -40.8938598633, -37.7660598755, 30.9985466003, 32.3696937561, -17.1642436981, 20.1810359955, -4.68417215347], [61.0077514648, -78.0832290649, 57.3863334656, 22.8625621796, 17.1211891174, 174.011428833, 24.6089572906, -24.7405433655, 2.42393231392, -2.94137692451, 22.7684822083, -6.95499229431, -11.5943307877], [-119.922187805, 75.75, -15.5637769699, -79.0873794556, -40.8938598633, 24.6089572906, 223.279449463, 38.2273750305, -61.0295143127, 30.968580246, -4.26062393188, -22.9056987762, -3.83740973473], [-55.7076072693, -7.81384706497, -42.50258255, -78.7310638428, -37.7660598755, -24.7405433655, 38.2273750305, 186.555725098, 52.4183044434, -15.4893083572, 26.6471481323, -21.3380680084, -23.1518917084], [43.4225769043, -4.37317848206, -42.843460083, 11.32218647, 30.9985466003, 2.42393231392, -61.0295143127, 52.4183044434, 163.995574951, 44.8085594177, -14.4060564041, -25.2388763428, -22.8149089813], [28.7584400177, 21.139175415, -102.231910706, 1.76593315601, 32.3696937561, -2.94137692451, 30.968580246, -15.4893083572, 44.8085594177, 146.905761719, -11.1364507675, -43.3817596436, 0.268004089594], [-42.8389167786, -23.0401134491, 27.8452396393, -26.0829792023, -17.1642436981, 22.7684822083, -4.26062393188, 26.6471481323, -14.4060564041, -11.1364507675, 118.538528442, 53.1993789673, -14.2712249756], [-37.0940933228, 72.3268661499, 74.3565216064, 9.17538833618, 20.1810359955, -6.95499229431, -22.9056987762, -21.3380680084, -25.2388763428, -43.3817596436, 53.1993789673, 122.260398865, 33.3598251343], [42.8197135925, 2.83795595169, 5.96609306335, 38.8172950745, -4.68417215347, -11.5943307877, -3.83740973473, -23.1518917084, -22.8149089813, 0.268004089594, -14.2712249756, 33.3598251343, 97.4355010986]],
        "icov": [[0.00228482927196, -0.00124671135563, 0.00219380762428, -0.00257248384878, 0.00297452323139, -0.00244953995571, 0.00184824108146, -0.000295881793136, 0.00039478787221, 1.07135410872e-05, 0.000728983315639, -0.0002994343522, 7.84330404713e-05], [-0.00124671135563, 0.00357696600258, -0.00193608528934, 0.0034107028041, -0.00327739981003, 0.0027816160582, -0.00217799539678, 0.000770538055804, -0.000841106986627, -0.000591286225244, 0.000917874276638, -0.00195228180382, 8.17508844193e-05], [0.00219380762428, -0.00193608528934, 0.00514170434326, -0.00374125153758, 0.00328259682283, -0.00340459076688, 0.00159932894167, 1.17460940601e-05, 0.000410818756791, 0.00195319671184, 0.000308935181238, -0.000977807096206, 0.000557239342015], [-0.00257248384878, 0.0034107028041, -0.00374125153758, 0.0080739594996, -0.0054338099435, 0.00353211676702, -0.00190238235518, 0.00173390633427, -0.00115083623677, -0.00050034414744, 0.000117969953862, -9.29764937609e-05, -0.00167915469501], [0.00297452323139, -0.00327739981003, 0.00328259682283, -0.0054338099435, 0.0102827958763, -0.00489010894671, 0.00392994098365, -0.000904833781533, 0.000863031717017, -0.0017679304583, 0.00237195030786, -0.002141965786, 0.00189197435975], [-0.00244953995571, 0.0027816160582, -0.00340459076688, 0.00353211676702, -0.00489010894671, 0.0107023026794, -0.00471391575411, 0.00313804135658, -0.00288525340147, 0.00153672427405, -0.00366947683506, 0.00220072967932, -0.000575568992645], [0.00184824108146, -0.00217799539678, 0.00159932894167, -0.00190238235518, 0.00392994098365, -0.00471391575411, 0.00968443602324, -0.00405472610146, 0.00560986949131, -0.00399350561202, 0.00282924016938, -0.000519302149769, 0.000873863929883], [-0.000295881793136, 0.000770538055804, 1.17460940601e-05, 0.00173390633427, -0.000904833781533, 0.00313804135658, -0.00405472610146, 0.0100563885644, -0.00593268591911, 0.0045840353705, -0.00471143936738, 0.00344599084929, -0.00129584025126], [0.00039478787221, -0.000841106986627, 0.000410818756791, -0.00115083623677, 0.000863031717017, -0.00288525340147, 0.00560986949131, -0.00593268591911, 0.0120153427124, -0.00562753016129, 0.00394268194214, -0.00184150203131, 0.00283063552342], [1.07135410872e-05, -0.000591286225244, 0.00195319671184, -0.00050034414744, -0.0017679304583, 0.00153672427405, -0.00399350561202, 0.0045840353705, -0.00562753016129, 0.0131599521264, -0.00497937994078, 0.00614462001249, -0.00306495162658], [0.000728983315639, 0.000917874276638, 0.000308935181238, 0.000117969953862, 0.00237195030786, -0.00366947683506, 0.00282924016938, -0.00471143936738, 0.00394268194214, -0.00497937994078, 0.0166949499398, -0.0111138261855, 0.00544360792264], [-0.0002994343522, -0.00195228180382, -0.000977807096206, -9.29764937609e-05, -0.002141965786, 0.00220072967932, -0.000519302149769, 0.00344599084929, -0.00184150203131, 0.00614462001249, -0.0111138261855, 0.0195144619793, -0.0075146262534], [7.84330404713e-05, 8.17508844193e-05, 0.000557239342015, -0.00167915469501, 0.00189197435975, -0.000575568992645, 0.000873863929883, -0.00129584025126, 0.00283063552342, -0.00306495162658, 0.00544360792264, -0.0075146262534, 0.0146515602246]]
    },
    "spectral_contrast_coeffs": {
        "max": [-0.387148797512, -0.388667047024, -0.447055071592, -0.555650472641, -0.60784137249, -0.554309487343],
        "mean": [-0.664979219437, -0.711158931255, -0.701383113861, -0.745995044708, -0.75665140152, -0.684927225113],
        "min": [-0.915196657181, -0.895854234695, -0.892610132694, -0.891886115074, -0.871795415878, -0.926168441772],
        "stdev": [0.0743956640363, 0.0824481323361, 0.0959228426218, 0.0657792836428, 0.0474704913795, 0.0516045875847]
    },
    "spectral_contrast_valleys": {
        "max": [-5.42994117737, -5.21051740646, -5.62996816635, -5.7071814537, -5.60863161087, -9.80896759033],
        "mean": [-7.01706504822, -6.58685064316, -7.27921867371, -7.33701992035, -7.44535923004, -11.9126377106],
        "min": [-9.59403419495, -8.79519844055, -8.63969993591, -9.36975097656, -9.42632007599, -12.4052553177],
        "stdev": [0.642219007015, 0.59042263031, 0.497894197702, 0.514586150646, 0.64152687788, 0.292108982801]
    }
},
"rhythm": {
    "beats_count": 83,
    "beats_loudness": {
        "max": 0.0651243552566,
        "mean": 0.0318094082177,
        "min": 0.00265862909146,
        "stdev": 0.0130581269041
    },
    "bpm": 154.669235229,
    "bpm_histogram_first_peak_bpm": 157,
    "bpm_histogram_first_peak_weight": 0.166666686535,
    "bpm_histogram_second_peak_bpm": 152,
    "bpm_histogram_second_peak_spread": 0.147058844566,
    "bpm_histogram_second_peak_weight": 0.353658527136,
    "danceability": 1.23414826393,
    "onset_rate": 2.67626929283,
    "beats_loudness_band_ratio": {
        "max": [0.817912936211, 0.752018630505, 0.949654400349, 0.782544434071, 0.499212712049, 0.391312032938],
        "mean": [0.131061881781, 0.206584379077, 0.289520740509, 0.266564816236, 0.14881695807, 0.0433531068265],
        "min": [0.00086954823928, 0.00544367404655, 0.0160245448351, 0.014622814022, 0.00317574385554, 0.00158316805027],
        "stdev": [0.123761095107, 0.177866280079, 0.196833640337, 0.224088385701, 0.119072444737, 0.059193380177]
    },
