{
"metadata": {
    "version": {
        "essentia": "2.1-beta5",
        "essentia_git_sha": "Undefined",
        "extractor": "music 2.0"
    },
    "audio_properties": {
        "analysis": {
            "equal_loudness": 0,
            "length": 32.4963264465,
            "sample_rate": 44100,
            "start_time": 29.0017242432,
            "downmix": "mix"
        },
        "bit_rate": 192000,
        "length": 167.090789795,
        "lossless": 0,
        "number_channels": 2,
        "replay_gain": -3.88698196411,
        "sample_rate": 44100,
        "codec": "mp3",
        "md5_encoded": "d3fd934340282fa1145c839a2cbc9466"
    },
    "tags": {
        "file_name": "United KingdomUK_A Message To Your Heart_Samantha Janus.mp3",
        "encoding": ["Lavf58.29.100"]
    }
},
"lowlevel": {
    "average_loudness": 0.982167601585,
    "barkbands_crest": {
        "max": 21.3361873627,
        "mean": 7.79306983948,
        "min": 2.76535964012,
        "stdev": 2.8784263134
    },
    "barkbands_flatness_db": {
        "max": 0.252019226551,
        "mean": 0.150627374649,
        "min": 0.0820293426514,
        "stdev": 0.0233738012612
    },
    "barkbands_kurtosis": {
        "max": 8.91653823853,
        "mean": -0.0755031332374,
        "min": -1.80696034431,
        "stdev": 1.30806279182
    },
    "barkbands_skewness": {
        "max": 2.57206439972,
        "mean": 0.402014702559,
        "min": -2.63460850716,
        "stdev": 0.718615412712
    },
    "barkbands_spread": {
        "max": 43.4439239502,
        "mean": 21.6595859528,
        "min": 5.70768785477,
        "stdev": 7.47325372696
    },
    "dissonance": {
        "max": 0.5,
        "mean": 0.473727166653,
        "min": 0.305623233318,
        "stdev": 0.0190682616085
    },
    "dynamic_complexity": 1.3299664259,
    "erbbands_crest": {
        "max": 26.7028465271,
        "mean": 9.42781543732,
        "min": 3.0873105526,
        "stdev": 4.25077915192
    },
    "erbbands_flatness_db": {
        "max": 0.341520756483,
        "mean": 0.231088072062,
        "min": 0.150003746152,
        "stdev": 0.0338550172746
    },
    "erbbands_kurtosis": {
        "max": 16.6991119385,
        "mean": 0.346619814634,
        "min": -1.71073806286,
        "stdev": 1.7762876749
    },
    "erbbands_skewness": {
        "max": 1.80224084854,
        "mean": -0.226124510169,
        "min": -3.19925022125,
        "stdev": 0.681363463402
    },
    "erbbands_spread": {
        "max": 59.372177124,
        "mean": 26.7975406647,
        "min": 2.77583551407,
        "stdev": 11.5174655914
    },
    "hfc": {
        "max": 88.1701965332,
        "mean": 29.7273101807,
        "min": 0.468556880951,
        "stdev": 13.801659584
    },
    "loudness_ebu128": {
        "integrated": -19.267282486,
        "loudness_range": 1.01457595825,
        "momentary": {
            "max": -17.203332901,
            "mean": -19.3826694489,
            "min": -22.0132846832,
            "stdev": 1.0221722126
        },
        "short_term": {
            "max": -18.4230308533,
            "mean": -19.2421531677,
            "min": -19.9415798187,
            "stdev": 0.328839331865
        }
    },
    "melbands_crest": {
        "max": 24.758026123,
        "mean": 9.85506916046,
        "min": 3.05979847908,
        "stdev": 3.61266422272
    },
    "melbands_flatness_db": {
        "max": 0.280014306307,
        "mean": 0.194062456489,
        "min": 0.080515652895,
        "stdev": 0.028678169474
    },
    "melbands_kurtosis": {
        "max": 26.1618461609,
        "mean": 1.86945796013,
        "min": -1.82058405876,
        "stdev": 3.12233686447
    },
    "melbands_skewness": {
        "max": 4.70159387589,
        "mean": 1.13245046139,
        "min": -1.81168723106,
        "stdev": 0.91254144907
    },
    "melbands_spread": {
        "max": 83.0167999268,
        "mean": 33.8317947388,
        "min": 8.07180118561,
        "stdev": 13.3442993164
    },
    "pitch_salience": {
        "max": 0.897785723209,
        "mean": 0.60953605175,
        "min": 0.350051879883,
        "stdev": 0.0822977721691
    },
    "silence_rate_20dB": {
        "max": 1,
        "mean": 1,
        "min": 1,
        "stdev": 0
    },
    "silence_rate_30dB": {
        "max": 1,
        "mean": 1,
        "min": 1,
        "stdev": 0
    },
    "silence_rate_60dB": {
        "max": 1,
        "mean": 0.0021413275972,
        "min": 0,
        "stdev": 0.046224437654
    },
    "spectral_centroid": {
        "max": 3063.24511719,
        "mean": 1725.15917969,
        "min": 600.743469238,
        "stdev": 435.338592529
    },
    "spectral_complexity": {
        "max": 53,
        "mean": 29.1541748047,
        "min": 2,
        "stdev": 6.76719903946
    },
    "spectral_decrease": {
        "max": -1.90436486025e-10,
        "mean": -6.4871477079e-09,
        "min": -1.58075543766e-08,
        "stdev": 2.34535768584e-09
    },
    "spectral_energy": {
        "max": 0.0672988966107,
        "mean": 0.0271803420037,
        "min": 0.000761249684729,
        "stdev": 0.0097516272217
    },
    "spectral_energyband_high": {
        "max": 0.0035868822597,
        "mean": 0.000493998464663,
        "min": 3.08906078317e-06,
        "stdev": 0.000411562185036
    },
    "spectral_energyband_low": {
        "max": 0.0220890752971,
        "mean": 0.00242206547409,
        "min": 1.16075252663e-05,
        "stdev": 0.00283078919165
    },
    "spectral_energyband_middle_high": {
        "max": 0.0603125356138,
        "mean": 0.0129910167307,
        "min": 0.000156907743076,
        "stdev": 0.00892063602805
    },
    "spectral_energyband_middle_low": {
        "max": 0.0515721775591,
        "mean": 0.0121180322021,
        "min": 0.000583541463129,
        "stdev": 0.00649485783651
    },
    "spectral_entropy": {
        "max": 7.85934257507,
        "mean": 7.39186525345,
        "min": 6.47832012177,
        "stdev": 0.224554762244
    },
    "spectral_flux": {
        "max": 0.192630439997,
        "mean": 0.0935430675745,
        "min": 0.0305359493941,
        "stdev": 0.0286531969905
    },
    "spectral_kurtosis": {
        "max": 27.4056053162,
        "mean": 5.89324569702,
        "min": 0.201735258102,
        "stdev": 3.41814637184
    },
    "spectral_rms": {
        "max": 0.0081029292196,
        "mean": 0.00506307603791,
        "min": 0.000861790380441,
        "stdev": 0.000939485151321
    },
    "spectral_rolloff": {
        "max": 4435.83984375,
        "mean": 1957.98327637,
        "min": 322.998046875,
        "stdev": 661.713256836
    },
    "spectral_skewness": {
        "max": 4.00198507309,
        "mean": 1.14425039291,
        "min": 0.291581243277,
        "stdev": 0.396913915873
    },
    "spectral_spread": {
        "max": 11517051,
        "mean": 2429405.25,
        "min": 1502993.125,
        "stdev": 429212.1875
    },
    "spectral_strongpeak": {
        "max": 14.0643205643,
        "mean": 2.23220729828,
        "min": 0.0154702039436,
        "stdev": 2.3439848423
    },
    "zerocrossingrate": {
        "max": 0.1279296875,
        "mean": 0.0651111379266,
        "min": 0.00927734375,
        "stdev": 0.0159849449992
    },
    "barkbands": {
        "max": [0.000227225973504, 0.0130682224408, 0.013555586338, 0.00962506607175, 0.0399878397584, 0.0233071707189, 0.0145399076864, 0.0271206647158, 0.0323672555387, 0.0328938290477, 0.0311309322715, 0.0290115382522, 0.0177612751722, 0.043362211436, 0.0169127248228, 0.0202681981027, 0.0187564212829, 0.00959841441363, 0.00474673788995, 0.00447731046006, 0.00120639498346, 0.000205521850148, 3.23489402945e-05, 7.94056686573e-05, 1.34059673655e-05, 1.25004828533e-06, 8.44860210236e-07],
        "mean": [7.52032929086e-06, 0.000782700954005, 0.00112503534183, 0.00107108254451, 0.00364674977027, 0.00184944598004, 0.00153303414118, 0.00131480174605, 0.00204198388383, 0.00196860102005, 0.00110940961167, 0.00173862336669, 0.00146624911577, 0.00153325626161, 0.00166628567968, 0.000912436516955, 0.0011477250373, 0.000884540844709, 0.000621568004135, 0.000579616054893, 0.00015743948461, 1.55121069838e-05, 1.56736189183e-06, 3.43853525919e-06, 1.28601504912e-06, 3.77608841973e-07, 6.15847710606e-08],
        "min": [2.06570849315e-08, 2.3183229132e-06, 3.26558551933e-06, 9.38554535423e-07, 7.38778035156e-05, 2.11140159081e-05, 1.28742394736e-05, 1.1906949112e-05, 1.69312916114e-05, 1.38196355692e-05, 9.98593077384e-06, 8.0265053839e-06, 1.09261818579e-05, 1.73373191501e-05, 1.90124883375e-05, 1.18639673019e-05, 6.21028448222e-06, 5.84597273701e-06, 4.8493752729e-06, 1.80939605343e-06, 8.7643701363e-07, 3.57451938271e-07, 2.02846635489e-07, 1.60037586738e-07, 1.24800223489e-07, 1.18504601687e-07, 8.83844464283e-09],
        "stdev": [1.28954170577e-05, 0.00164664944168, 0.00141346617602, 0.000952565751504, 0.00326034543104, 0.0021865637973, 0.00184468342923, 0.00187394046225, 0.00324117625132, 0.00378313404508, 0.00240869470872, 0.00282936706208, 0.00225191446953, 0.0033536425326, 0.00255488511175, 0.00151118554641, 0.00215593911707, 0.00112694117706, 0.000493580766488, 0.000568320741877, 0.000150899213622, 1.96642668016e-05, 2.23398797061e-06, 5.2007112572e-06, 1.2494335806e-06, 5.36964712694e-08, 3.65359795751e-08]
    },
    "erbbands": {
        "max": [0.214454442263, 3.45937037468, 16.5470848083, 25.3571643829, 75.205406189, 171.236877441, 74.6588745117, 262.46987915, 319.080505371, 392.044281006, 754.19140625, 762.829284668, 1098.73718262, 1484.47277832, 1481.32055664, 1365.29199219, 768.799316406, 1915.49047852, 1706.7421875, 1209.72119141, 1053.83447266, 1047.2109375, 614.106262207, 314.699035645, 157.93951416, 203.902572632, 82.5867767334, 19.9899768829, 8.13645172119, 2.8099603653, 1.28404462337, 1.15407431126, 1.80897128582, 0.275375425816, 0.055638615042, 0.00566735817119, 0.00201693829149, 0.000623153871857, 0.000132091794512, 8.41739529278e-05],
        "mean": [0.0123939746991, 0.222632005811, 1.17169928551, 2.62792277336, 7.33466911316, 14.2500543594, 11.296503067, 16.3853416443, 18.0869903564, 30.4710922241, 28.811504364, 44.0301246643, 63.4898796082, 56.5959472656, 55.2520446777, 71.7897567749, 72.9635391235, 70.2032623291, 92.2185134888, 71.4235229492, 54.29479599, 58.3235855103, 48.8542518616, 42.0657119751, 29.1049537659, 27.777803421, 13.0790424347, 2.83675670624, 0.710675358772, 0.116089522839, 0.0505247078836, 0.0652109235525, 0.0583029948175, 0.0203553847969, 0.00600213883445, 0.00174179684836, 0.000713304500096, 0.000190833074157, 2.03613799385e-05, 3.36256489391e-05],
        "min": [5.37841442565e-05, 0.000848259311169, 0.00456925155595, 0.00606849929318, 0.0420440807939, 0.200444146991, 0.410205066204, 0.199580729008, 0.256534874439, 0.723139166832, 0.341568797827, 0.610211670399, 0.961954593658, 0.555011868477, 0.882224977016, 0.380689501762, 0.599907696247, 0.804894804955, 0.883840382099, 1.10859334469, 0.550862193108, 0.295581489801, 0.299117952585, 0.264401912689, 0.242127761245, 0.0713512375951, 0.0800375118852, 0.016439827159, 0.0126117579639, 0.00681018456817, 0.00605646008626, 0.00327857048251, 0.00256276107393, 0.00117740349378, 0.00106323114596, 0.000470727798529, 0.000228473902098, 7.80904811108e-05, 5.00519809066e-06, 2.58793397734e-06],
        "stdev": [0.0252532605082, 0.450243145227, 1.53226041794, 2.29339790344, 6.91056537628, 13.5860042572, 8.94650363922, 22.0926704407, 22.2556400299, 41.9286003113, 45.3843917847, 69.3204421997, 118.440109253, 116.354553223, 101.388221741, 113.084793091, 105.214431763, 130.204498291, 149.06867981, 112.136100769, 82.1750106812, 101.856834412, 70.0647125244, 36.7220535278, 20.1624145508, 25.4650688171, 10.8179721832, 2.4843006134, 0.860343396664, 0.160895049572, 0.074198409915, 0.091337479651, 0.0956435874104, 0.0234164465219, 0.00399937201291, 0.000322896026773, 0.000111701519927, 5.22214795637e-05, 6.53093138681e-06, 1.18837306218e-05]
    },
    "gfcc": {
        "mean": [-5.69553136826, 136.886367798, -175.611434937, 21.9713687897, -39.773853302, -21.2030010223, -28.9723167419, 0.0567747354507, -35.9056167603, -1.67017948627, -13.4937028885, -17.1008758545, -2.71299648285],
        "cov": [[274.84854126, 40.1725616455, -36.245475769, 43.171459198, -6.00094509125, 49.6246490479, 54.5808143616, -18.0942306519, 11.9295158386, 2.40280413628, 9.44133472443, -32.2801399231, 10.2130088806], [40.1725616455, 241.206756592, 110.092887878, -77.5451431274, 96.4189071655, 26.5539703369, 61.3164749146, 40.0065765381, 3.13475131989, 8.46352767944, 5.42524290085, -7.33456277847, -5.81425905228], [-36.245475769, 110.092887878, 262.40222168, 105.952163696, -27.6392688751, 17.496509552, -46.785282135, 44.7572059631, 43.8909835815, -24.5548305511, -2.92667484283, 26.4295787811, -20.6227340698], [43.171459198, -77.5451431274, 105.952163696, 252.077972412, -30.7053508759, -47.0779762268, -72.1536026001, 20.7238616943, 45.2174911499, -30.5673332214, -14.3483610153, 37.9214057922, -0.326220482588], [-6.00094509125, 96.4189071655, -27.6392688751, -30.7053508759, 199.88609314, 42.3243789673, 50.0394744873, 9.89375019073, -13.6801948547, 28.5586585999, 8.35325717926, -6.06373596191, 15.9250183105], [49.6246490479, 26.5539703369, 17.496509552, -47.0779762268, 42.3243789673, 249.146514893, 110.846717834, -60.912940979, -28.0290260315, 43.3655014038, 13.0341978073, -49.8542785645, -4.275867939], [54.5808143616, 61.3164749146, -46.785282135, -72.1536026001, 50.0394744873, 110.846717834, 169.322280884, 2.87508273125, -44.4504890442, 25.4471340179, 5.80946826935, -31.448091507, 7.23613786697], [-18.0942306519, 40.0065765381, 44.7572059631, 20.7238616943, 9.89375019073, -60.912940979, 2.87508273125, 114.693161011, 52.266834259, -19.4289531708, -0.268521875143, 24.84233284, 8.81492424011], [11.9295158386, 3.13475131989, 43.8909835815, 45.2174911499, -13.6801948547, -28.0290260315, -44.4504890442, 52.266834259, 92.3323822021, 20.5986099243, 0.646790146828, 18.0352840424, 4.64299678802], [2.40280413628, 8.46352767944, -24.5548305511, -30.5673332214, 28.5586585999, 43.3655014038, 25.4471340179, -19.4289531708, 20.5986099243, 78.4297103882, 29.6114425659, -14.7298784256, 1.113899827], [9.44133472443, 5.42524290085, -2.92667484283, -14.3483610153, 8.35325717926, 13.0341978073, 5.80946826935, -0.268521875143, 0.646790146828, 29.6114425659, 56.9786834717, 13.8418159485, -3.39743089676], [-32.2801399231, -7.33456277847, 26.4295787811, 37.9214057922, -6.06373596191, -49.8542785645, -31.448091507, 24.84233284, 18.0352840424, -14.7298784256, 13.8418159485, 67.8995895386, 19.8669490814], [10.2130088806, -5.81425905228, -20.6227340698, -0.326220482588, 15.9250183105, -4.275867939, 7.23613786697, 8.81492424011, 4.64299678802, 1.113899827, -3.39743089676, 19.8669490814, 56.917678833]],
        "icov": [[0.0188085362315, -0.0259779840708, 0.0237973090261, -0.0204785596579, 0.0131809357554, -0.00756630068645, -0.000142193995998, 0.00737307686359, -0.0128991194069, 0.0150707066059, -0.0161450430751, 0.0134371891618, -0.00780033692718], [-0.0259779840708, 0.059029713273, -0.0522623024881, 0.0410129576921, -0.0308259222656, 0.0220486242324, -0.0156810581684, 0.00102220801637, 0.00465101888403, -0.01182060875, 0.0171706620604, -0.0128029529005, 0.00945258513093], [0.0237973090261, -0.0522623024881, 0.0528700463474, -0.0384850800037, 0.0278850328177, -0.0230674315244, 0.0162302870303, -0.00476688751951, -0.00388612318784, 0.0110867517069, -0.0147917084396, 0.00949716567993, -0.00563104450703], [-0.0204785596579, 0.0410129576921, -0.0384850800037, 0.0351087860763, -0.0215598549694, 0.0153852719814, -0.0086267683655, 0.000545832386706, 0.0034244491253, -0.00904158968478, 0.0151378344744, -0.0129508664832, 0.00764311663806], [0.0131809357554, -0.0308259222656, 0.0278850328177, -0.0215598549694, 0.022387817502, -0.0132145090029, 0.00946062989533, -0.00496156187728, 0.00238642259501, 0.00106668751687, -0.0066842995584, 0.00523554300889, -0.00566711695865], [-0.00756630068645, 0.0220486242324, -0.0230674315244, 0.0153852719814, -0.0132145090029, 0.0199492946267, -0.016966143623, 0.0134532637894, -0.00918469112366, 0.00256626261398, -0.000930340436753, 0.00298209814355, 0.000212205850403], [-0.000142193995998, -0.0156810581684, 0.0162302870303, -0.0086267683655, 0.00946062989533, -0.016966143623, 0.0287822652608, -0.0229152683169, 0.0249089095742, -0.0169171672314, 0.00959300808609, -0.00571974460036, 0.00109127536416], [0.00737307686359, 0.00102220801637, -0.00476688751951, 0.000545832386706, -0.00496156187728, 0.0134532637894, -0.0229152683169, 0.0392997227609, -0.0372696332633, 0.029271999374, -0.019268469885, 0.0116819934919, -0.00647719623521], [-0.0128991194069, 0.00465101888403, -0.00388612318784, 0.0034244491253, 0.00238642259501, -0.00918469112366, 0.0249089095742, -0.0372696332633, 0.0556115247309, -0.0417212918401, 0.0274643581361, -0.0189060848206, 0.0071673290804], [0.0150707066059, -0.01182060875, 0.0110867517069, -0.00904158968478, 0.00106668751687, 0.00256626261398, -0.0169171672314, 0.029271999374, -0.0417212918401, 0.0531410761178, -0.0352515466511, 0.0228201523423, -0.010140940547], [-0.0161450430751, 0.0171706620604, -0.0147917084396, 0.0151378344744, -0.0066842995584, -0.000930340436753, 0.00959300808609, -0.019268469885, 0.0274643581361, -0.0352515466511, 0.0470986105502, -0.0268173534423, 0.0135645605624], [0.0134371891618, -0.0128029529005, 0.00949716567993, -0.0129508664832, 0.00523554300889, 0.00298209814355, -0.00571974460036, 0.0116819934919, -0.0189060848206, 0.0228201523423, -0.0268173534423, 0.0393961071968, -0.0169311594218], [-0.00780033692718, 0.00945258513093, -0.00563104450703, 0.00764311663806, -0.00566711695865, 0.000212205850403, 0.00109127536416, -0.00647719623521, 0.0071673290804, -0.010140940547, 0.0135645605624, -0.0169311594218, 0.0267372000962]]
    },
    "melbands": {
        "max": [0.00281689106487, 0.00651257531717, 0.0036765167024, 0.00989314448088, 0.00261076260358, 0.00530258240178, 0.00424027116969, 0.00383122102357, 0.00593659142032, 0.00549266114831, 0.00538686616346, 0.00619332538918, 0.00447743572295, 0.00341970450245, 0.00202557258308, 0.00177668291144, 0.00439762650058, 0.00398736773059, 0.00129503838252, 0.0018399063265, 0.00172419648152, 0.0015349193709, 0.00108033034485, 0.000425138772698, 0.000295116973575, 0.000147200291394, 0.0001524444815, 0.00017076243239, 6.4775798819e-05, 2.61098030023e-05, 9.60911984293e-06, 5.10971312906e-06, 4.15903741668e-06, 6.75801857142e-07, 8.29588202578e-07, 7.78218975483e-07, 7.02412705778e-07, 1.35464347295e-06, 7.69861060235e-07, 1.57197973749e-07],
        "mean": [0.000163667777088, 0.000509395147674, 0.000569446245208, 0.000839776010253, 0.00043941824697, 0.000363662955351, 0.000290346506517, 0.000330687704263, 0.000228028540732, 0.000292184413411, 0.000312792661134, 0.000227838056162, 0.000170978732058, 0.000214110070374, 0.000145566344145, 0.000150092906551, 0.000130293774419, 0.000150408959598, 0.000116214978334, 6.65486586513e-05, 6.74877883284e-05, 5.95498968323e-05, 5.76335478399e-05, 4.09509848396e-05, 3.37013916578e-05, 2.17181877815e-05, 1.99260521185e-05, 1.84807340702e-05, 9.94402125798e-06, 3.19149876304e-06, 1.07027085505e-06, 4.373387128e-07, 1.39550820677e-07, 2.85031518388e-08, 2.36108217422e-08, 3.57531035888e-08, 4.11363139108e-08, 4.39104752559e-08, 3.12792067803e-08, 1.25672734441e-08],
        "min": [5.09319420416e-07, 2.14031865653e-06, 2.52406698564e-06, 1.84529417311e-05, 1.87062887562e-05, 3.64463016922e-06, 3.6647829802e-06, 6.41502583676e-06, 2.55644454228e-06, 4.14437181462e-06, 4.34269077232e-06, 1.84162854566e-06, 1.9101826183e-06, 8.77015736478e-07, 1.26473253204e-06, 1.00732825103e-06, 1.59807621003e-06, 1.43671718433e-06, 1.30789601371e-06, 1.23881943637e-06, 5.84672875448e-07, 3.81157349238e-07, 1.57785933652e-07, 3.11523677965e-07, 2.02139062822e-07, 1.61926095643e-07, 1.10328826963e-07, 4.00260162792e-08, 6.34118748621e-08, 2.06635384359e-08, 7.4383579296e-09, 8.60622595411e-09, 4.02526856291e-09, 3.27209526141e-09, 3.63462171471e-09, 2.52417442503e-09, 1.78323011912e-09, 2.16728657243e-09, 1.03139852214e-09, 9.36586697087e-10],
        "stdev": [0.000346919463482, 0.000676681345794, 0.000434419256635, 0.00082050281344, 0.000326650391798, 0.000475629058201, 0.000327530346112, 0.000416024762671, 0.000365466054063, 0.000474130181829, 0.000600455794483, 0.000494046835229, 0.000353158655344, 0.000358237040928, 0.000217234104639, 0.000242543814238, 0.000291295320494, 0.000271844532108, 0.000181072682608, 0.000129701424157, 0.000123927136883, 0.000115347997053, 0.000120965065435, 5.09049059474e-05, 3.12732372549e-05, 1.68966071215e-05, 1.68694841705e-05, 1.9503522708e-05, 9.4534134405e-06, 3.11223698191e-06, 1.13879661967e-06, 5.64198955999e-07, 2.29316711398e-07, 3.92548606953e-08, 3.99501480786e-08, 5.31414130478e-08, 5.7558857236e-08, 7.59296696629e-08, 4.5429118245e-08, 1.29707808938e-08]
    },
    "melbands128": {
        "max": [0.00014080251276, 0.00108944030944, 0.00438239658251, 0.00736291659996, 0.0099614020437, 0.0065575405024, 0.00617366330698, 0.00377685483545, 0.00756132975221, 0.016477657482, 0.0109762921929, 0.00330480164848, 0.00283314124681, 0.00672263232991, 0.00832926854491, 0.00777036044747, 0.00913561694324, 0.00284412084147, 0.00551086245105, 0.00677312072366, 0.00519794039428, 0.00560901593417, 0.0105359526351, 0.00510653294623, 0.00627769622952, 0.0104555655271, 0.00977359898388, 0.00844611413777, 0.00897699873894, 0.00745449680835, 0.00934584625065, 0.00417505810037, 0.00631899852306, 0.00846395920962, 0.00511754862964, 0.00583275593817, 0.00526338955387, 0.00450507504866, 0.00437559280545, 0.00304038496688, 0.00377926137298, 0.0023716436699, 0.00408318685368, 0.00912299752235, 0.0123006114736, 0.00321180280298, 0.00380975124426, 0.0027537769638, 0.00328320963308, 0.0039735022001, 0.00218957732432, 0.00119493273087, 0.00254040560685, 0.00437401188537, 0.00226821936667, 0.00317213521339, 0.00241311872378, 0.00296216201968, 0.00143218541052, 0.00107707199641, 0.000784710980952, 0.00091738573974, 0.000542406516615, 0.000743701413739, 0.000540526234545, 0.000184895994607, 0.00016717944527, 0.000168875310919, 0.000317572528729, 0.000207509234315, 0.000315672165016, 0.000510706449859, 0.000132624336402, 0.000153726665303, 0.000105587554572, 5.39893080713e-05, 3.11386320391e-05, 1.9983999664e-05, 1.37458937388e-05, 1.22494720927e-05, 8.39037056721e-06, 7.06276023266e-06, 5.97912185185e-06, 7.04998046785e-06, 1.59881358286e-06, 7.74132900005e-07, 8.07104242995e-07, 5.94464268033e-07, 1.08692950107e-06, 8.90720968982e-07, 1.16971864372e-06, 8.16892907096e-07, 1.07234302504e-06, 5.8718683249e-07, 7.88366548932e-07, 9.11996608011e-07, 1.68219639818e-06, 2.20880588131e-06, 6.30261240531e-07, 5.35567835414e-07, 1.56295541842e-07, 1.56078286295e-07, 1.77060613282e-07, 1.25915818217e-07, 4.76681591977e-08, 1.68835985193e-08, 1.21308181278e-08, 1.04331752127e-08, 1.1545417955e-08, 8.88889939432e-09, 8.45213588008e-09, 6.93045576483e-09, 6.18645445982e-09, 4.67302596618e-09, 4.83263207229e-09, 6.63680177482e-09, 6.60526966456e-09, 3.6450182872e-09, 3.71082919948e-09, 3.66514529837e-09, 3.63060403963e-09, 3.56711682414e-09, 3.49367246244e-09, 3.4352620748e-09, 3.41272365922e-09, 3.36758687602e-09, 3.33672134367e-09, 3.32073679665e-09],
        "mean": [6.73063505019e-06, 6.31637594779e-05, 0.000200163412956, 0.000407433049986, 0.000582497392315, 0.000534960359801, 0.000504434341565, 0.000551694829483, 0.000659008044749, 0.00107490317896, 0.00082065013703, 0.000466241239337, 0.00034677083022, 0.000369992572814, 0.000370647845557, 0.000392299785744, 0.000276709877653, 0.000256240804447, 0.000294571364066, 0.000415142771089, 0.000282976194285, 0.000291182223009, 0.000180086906767, 0.000208844023291, 0.000307292037178, 0.000264946400421, 0.000413512141677, 0.000328803696902, 0.000220525194891, 0.00027144420892, 0.000227145472309, 0.000135944967042, 0.000207839286304, 0.000133630703203, 0.00021136077703, 0.000269267446129, 0.000177474401426, 9.69135289779e-05, 0.000150870677317, 0.000208308381843, 0.000131054432131, 9.9966484413e-05, 0.000122054210806, 0.00014743101201, 0.000162356212968, 0.000128335712361, 0.000180236340384, 0.000105024257209, 9.07075664145e-05, 0.000123165635159, 4.51450250694e-05, 3.30694456352e-05, 6.73454342177e-05, 8.38051055325e-05, 6.8782181188e-05, 4.98555418744e-05, 4.84479387524e-05, 9.00925297174e-05, 4.57479836768e-05, 3.21535990224e-05, 3.29009963025e-05, 6.13544907537e-05, 3.56250238838e-05, 2.64775098913e-05, 2.57858646364e-05, 2.18611567107e-05, 1.88969988812e-05, 2.04702264455e-05, 2.14234260056e-05, 1.64381035574e-05, 2.08641104109e-05, 1.96182463696e-05, 1.11737635962e-05, 9.54723873292e-06, 6.1332475525e-06, 3.28109558723e-06, 1.9691478883e-06, 1.38233212965e-06, 9.76571186584e-07, 7.4849668863e-07, 4.84069971662e-07, 3.18799038723e-07, 2.37702153072e-07, 1.25049325561e-07, 6.04047798447e-08, 3.06098826286e-08, 1.90278761636e-08, 1.68685954094e-08, 2.20561933162e-08, 2.93607218538e-08, 3.40409087585e-08, 3.63149723626e-08, 4.18893293386e-08, 3.85718230689e-08, 4.37896900962e-08, 4.39125997787e-08, 4.66906158181e-08, 3.91205006167e-08, 3.60937910671e-08, 2.70574549432e-08, 1.066266897e-08, 1.11963602833e-08, 1.20985630403e-08, 9.13105591138e-09, 5.9430123045e-09, 4.20322932015e-09, 3.88030407805e-09, 3.20309134771e-09, 2.5327404618e-09, 2.43881226325e-09, 2.40572295418e-09, 2.48577713968e-09, 2.37940067649e-09, 1.79322379168e-09, 1.65850144729e-09, 2.182094061e-09, 2.18394147211e-09, 8.76373626446e-12, 7.67375572808e-12, 7.52735113824e-12, 7.3979277565e-12, 7.27085058827e-12, 7.11681711826e-12, 6.98986007963e-12, 6.92856969714e-12, 6.85274710241e-12, 6.80279357151e-12, 6.75864485905e-12],
        "min": [4.93677765334e-10, 5.14074756097e-08, 1.07963415985e-07, 5.84751262522e-07, 1.50459072756e-06, 1.24167308968e-06, 2.45448859459e-07, 2.2172629599e-07, 1.16343915124e-06, 2.68613325716e-06, 2.10102189158e-06, 4.95938729728e-06, 4.41278814378e-07, 3.82448570235e-06, 2.40926237893e-06, 8.01950761797e-07, 3.43789997714e-06, 2.18801687879e-06, 1.93561504602e-06, 7.82618258199e-07, 6.53095696634e-07, 1.44531577462e-06, 6.75483875057e-07, 8.89131740678e-07, 4.29473544727e-07, 7.04880335434e-07, 6.06838568729e-07, 8.83892710135e-07, 1.74957193622e-07, 2.52605076412e-07, 2.72659633538e-07, 4.9885630915e-07, 1.78670120476e-07, 5.72787598685e-07, 4.39043077449e-07, 4.02626142204e-07, 7.98240193944e-07, 3.38330721661e-07, 1.89215171531e-07, 4.13890177242e-07, 4.35265008036e-07, 8.5633183744e-07, 1.2350990346e-06, 5.023034646e-07, 5.44140220882e-07, 1.5157876021e-07, 7.06226558123e-07, 3.32870172315e-07, 1.40483780342e-06, 7.56473127694e-07, 5.13193299412e-07, 2.88849349772e-07, 2.67725368985e-07, 6.03192518156e-07, 6.27813335541e-07, 3.19848140862e-07, 8.42824547931e-08, 4.74346819601e-08, 2.11890366586e-07, 3.23057236074e-07, 3.70671216388e-07, 2.12757257145e-07, 3.33614650572e-07, 1.80393755045e-07, 3.4307205965e-08, 1.04958715497e-07, 3.15729209888e-07, 1.92844609614e-07, 4.1921150995e-08, 1.6348867149e-08, 2.14200692739e-08, 5.06417769941e-08, 1.08466828408e-07, 4.39178613476e-08, 5.19244842678e-08, 2.73754885427e-08, 4.50729276125e-09, 1.98569116705e-09, 6.60946808395e-09, 1.53041153084e-08, 7.94828469708e-09, 4.62266491752e-09, 3.39944006278e-09, 3.72675224014e-09, 2.11143236228e-09, 1.91976767816e-09, 2.10619366392e-09, 1.41889511251e-09, 1.12300790889e-09, 2.16121431862e-09, 1.96921368101e-09, 2.44385445214e-09, 1.84892734456e-09, 1.29495303369e-09, 1.84487436439e-09, 2.60292654097e-09, 2.46517983804e-09, 1.09829612072e-09, 1.14693377018e-09, 7.38569816416e-10, 1.03193298351e-09, 7.80411679724e-10, 1.12992537549e-09, 1.3100872609e-09, 1.35993261097e-09, 1.16866205602e-09, 9.65243329709e-10, 8.23431323127e-10, 6.26266261072e-10, 7.42514993934e-10, 6.60592969215e-10, 5.74103597994e-10, 6.75884737067e-10, 6.30195673423e-10, 5.36373112592e-10, 6.65008825784e-10, 2.65676342037e-10, 4.31877651046e-13, 1.60986255251e-13, 1.67774702551e-13, 1.62163603943e-13, 1.5044794566e-13, 1.76013202494e-13, 1.69024055819e-13, 1.44636079914e-13, 1.54914939926e-13, 1.83304489209e-13, 1.72498883125e-13],
        "stdev": [1.1509561773e-05, 0.000129294639919, 0.000516568659805, 0.00088614289416, 0.000887796923053, 0.000660810328554, 0.000510498357471, 0.000493235886097, 0.000728250073735, 0.00135944318026, 0.000859640014824, 0.000435819732957, 0.000340742175467, 0.000543722475413, 0.000589045579545, 0.000732451910153, 0.000576838792767, 0.000365734595107, 0.000411643326515, 0.000776210683398, 0.000411685206927, 0.00048262704513, 0.000549302611034, 0.0004290707584, 0.000632051029243, 0.000666036852635, 0.00103769404814, 0.000858471728861, 0.000678289798088, 0.000723130477127, 0.000681905716192, 0.000329082395183, 0.000582302804105, 0.000473337451695, 0.000466202938696, 0.000555359525606, 0.00041684214375, 0.000285232410533, 0.000280644337181, 0.00041192068602, 0.000349529116647, 0.000196863606106, 0.000323361367919, 0.000600092171226, 0.000545476039406, 0.000285288726445, 0.000437978887931, 0.000281591812382, 0.000208068406209, 0.000309797382215, 0.000145865415107, 7.72768908064e-05, 0.000131679276819, 0.000259170716163, 0.000192813633475, 0.00017323778593, 0.000150406849571, 0.000284844980342, 0.000111659566755, 8.47097835504e-05, 5.87075410294e-05, 0.000110558554297, 4.61237505078e-05, 4.07314946642e-05, 3.30665061483e-05, 2.38181382883e-05, 2.05188571272e-05, 2.06042132049e-05, 3.24922766595e-05, 1.75063723873e-05, 2.46051204158e-05, 4.49127583124e-05, 1.61623120221e-05, 1.38948926178e-05, 8.49263233249e-06, 4.28101884609e-06, 2.60451588474e-06, 1.79067865247e-06, 1.25561780351e-06, 9.39545486744e-07, 7.09935022769e-07, 5.03874900915e-07, 3.98344582209e-07, 2.73804772633e-07, 9.97462237251e-08, 4.89000981929e-08, 3.13135153363e-08, 2.85174390768e-08, 4.58834037431e-08, 4.75361900953e-08, 5.98526312956e-08, 5.42432623263e-08, 6.96999506999e-08, 5.53068133513e-08, 6.42174597942e-08, 7.65404024605e-08, 9.23002545505e-08, 8.19155516751e-08, 5.18891489776e-08, 3.77316951017e-08, 1.14115410454e-08, 1.22709344907e-08, 1.27376420522e-08, 8.70988969837e-09, 4.17896783844e-09, 1.77692838221e-09, 1.29196031651e-09, 9.85543313625e-10, 8.38632607802e-10, 8.01683996965e-10, 7.60242313547e-10, 7.02010560794e-10, 6.59057530772e-10, 5.20664011905e-10, 4.82568540683e-10, 6.52989162742e-10, 1.0211246293e-09, 9.95145077454e-11, 1.01218325388e-10, 9.99361704501e-11, 9.89310092181e-11, 9.71928579285e-11, 9.52037476631e-11, 9.36070249091e-11, 9.29779031544e-11, 9.1738304453e-11, 9.0892134097e-11, 9.04562119652e-11]
    },
    "mfcc": {
        "mean": [-634.600891113, 166.804031372, -67.5986938477, 38.0014457703, -5.94737863541, -13.5354070663, 12.457110405, -16.6664180756, -1.3765411377, -1.4057725668, -10.688624382, -0.0389775447547, -10.6150722504],
        "cov": [[370.963043213, -97.6129455566, -19.5944366455, 7.86785554886, -56.8945770264, 57.9654502869, 18.3277397156, -7.64194774628, 16.6667556763, 6.84346532822, 16.5621948242, -5.38172483444, -12.6041688919], [-97.6129455566, 393.31137085, -65.9397964478, -72.3285140991, 34.5580635071, -5.81643104553, 98.6566619873, 25.8098220825, 12.1971445084, 61.1516799927, -1.16494441032, 4.57971000671, 28.0799255371], [-19.5944366455, -65.9397964478, 340.355743408, 58.9102973938, 26.3050441742, 5.82118940353, -85.0568771362, 41.7286643982, 14.7076034546, -39.0806808472, 31.2062530518, 12.8211622238, -2.72481369972], [7.86785554886, -72.3285140991, 58.9102973938, 238.197036743, 72.7460403442, -106.117141724, -95.090423584, 35.7676353455, 12.4914283752, -49.3779449463, -13.2938156128, 25.9158630371, 21.2065906525], [-56.8945770264, 34.5580635071, 26.3050441742, 72.7460403442, 153.672912598, -17.8733768463, -44.7789497375, 11.2504119873, 8.22352981567, 0.0432796739042, -14.3893356323, 31.3946266174, 23.7655181885], [57.9654502869, -5.81643104553, 5.82118940353, -106.117141724, -17.8733768463, 238.174972534, 125.327880859, -40.1131095886, 5.66340398788, 29.298833847, 31.7489509583, -27.3926429749, -13.5121927261], [18.3277397156, 98.6566619873, -85.0568771362, -95.090423584, -44.7789497375, 125.327880859, 207.725692749, 8.39091300964, -4.90525341034, 53.7340240479, 10.2221231461, -21.5173015594, -14.1818218231], [-7.64194774628, 25.8098220825, 41.7286643982, 35.7676353455, 11.2504119873, -40.1131095886, 8.39091300964, 93.0536880493, 30.6352729797, -14.8963947296, 3.90459227562, 5.75827407837, -2.31308674812], [16.6667556763, 12.1971445084, 14.7076034546, 12.4914283752, 8.22352981567, 5.66340398788, -4.90525341034, 30.6352729797, 76.7946777344, 22.3847961426, -2.92584466934, 1.88097810745, 3.72077012062], [6.84346532822, 61.1516799927, -39.0806808472, -49.3779449463, 0.0432796739042, 29.298833847, 53.7340240479, -14.8963947296, 22.3847961426, 93.9451904297, 10.8564224243, 1.34801948071, 2.38969945908], [16.5621948242, -1.16494441032, 31.2062530518, -13.2938156128, -14.3893356323, 31.7489509583, 10.2221231461, 3.90459227562, -2.92584466934, 10.8564224243, 72.7640228271, 10.2796201706, -6.66041231155], [-5.38172483444, 4.57971000671, 12.8211622238, 25.9158630371, 31.3946266174, -27.3926429749, -21.5173015594, 5.75827407837, 1.88097810745, 1.34801948071, 10.2796201706, 74.4711837769, 29.4266929626], [-12.6041688919, 28.0799255371, -2.72481369972, 21.2065906525, 23.7655181885, -13.5121927261, -14.1818218231, -2.31308674812, 3.72077012062, 2.38969945908, -6.66041231155, 29.4266929626, 62.4974822998]],
        "icov": [[0.00339197274297, 0.000560411368497, 0.000597876089159, -0.00106244953349, 0.00172468053643, -0.00165446463507, 0.000777761044446, -0.000760288152378, -0.00020426127594, -0.000926064327359, 3.81915924663e-05, -0.000688139232807, 0.000329323054757], [0.000560411368497, 0.00426800269634, -8.86612615432e-05, 0.00178211787716, -0.00214227801189, 0.00251219701022, -0.0031636338681, 3.61000202247e-05, -0.00106916553341, -0.000456950103398, -0.00113825255539, 0.00121856946498, -0.00238586380146], [0.000597876089159, -8.86612615432e-05, 0.00452002044767, -0.000951729365624, 0.000877228507306, -0.00321751157753, 0.00389951840043, -0.00387009768747, 0.00126658112276, -0.000671519141179, -0.000711849075742, -0.000679220655002, 0.000587056274526], [-0.00106244953349, 0.00178211787716, -0.000951729365624, 0.00851393770427, -0.0047204378061, 0.00494123902172, -0.00226900540292, 0.000907061446924, -0.00270194024779, 0.00377360731363, -0.0016419441672, 0.00123271183111, -0.00230222009122], [0.00172468053643, -0.00214227801189, 0.000877228507306, -0.0047204378061, 0.0121199693531, -0.00625157449394, 0.00621083751321, -0.00424743210897, 0.00333098834381, -0.00437501538545, 0.00429700035602, -0.00443520210683, 0.000757287663873], [-0.00165446463507, 0.00251219701022, -0.00321751157753, 0.00494123902172, -0.00625157449394, 0.0154198314995, -0.0124259758741, 0.010763454251, -0.00785390194505, 0.00634042592719, -0.00620240019634, 0.00436508981511, -0.00248070457019], [0.000777761044446, -0.0031636338681, 0.00389951840043, -0.00226900540292, 0.00621083751321, -0.0124259758741, 0.018297104165, -0.0119735021144, 0.00880391709507, -0.00872408598661, 0.00462820986286, -0.00232947617769, 0.00257819518447], [-0.000760288152378, 3.61000202247e-05, -0.00387009768747, 0.000907061446924, -0.00424743210897, 0.010763454251, -0.0119735021144, 0.0244288574904, -0.0132819991559, 0.0100077064708, -0.00531171122566, 0.0013005011715, 0.000712973473128], [-0.00020426127594, -0.00106916553341, 0.00126658112276, -0.00270194024779, 0.00333098834381, -0.00785390194505, 0.00880391709507, -0.0132819991559, 0.0229269489646, -0.0109343808144, 0.00526858912781, -0.00108928279951, 8.02223512437e-05], [-0.000926064327359, -0.000456950103398, -0.000671519141179, 0.00377360731363, -0.00437501538545, 0.00634042592719, -0.00872408598661, 0.0100077064708, -0.0109343808144, 0.0205625593662, -0.00544324936345, 0.000651961308904, -0.000888304784894], [3.81915924663e-05, -0.00113825255539, -0.000711849075742, -0.0016419441672, 0.00429700035602, -0.00620240019634, 0.00462820986286, -0.00531171122566, 0.00526858912781, -0.00544324936345, 0.0190509241074, -0.00562417274341, 0.00349674373865], [-0.000688139232807, 0.00121856946498, -0.000679220655002, 0.00123271183111, -0.00443520210683, 0.00436508981511, -0.00232947617769, 0.0013005011715, -0.00108928279951, 0.000651961308904, -0.00562417274341, 0.0200317222625, -0.00897565856576], [0.000329323054757, -0.00238586380146, 0.000587056274526, -0.00230222009122, 0.000757287663873, -0.00248070457019, 0.00257819518447, 0.000712973473128, 8.02223512437e-05, -0.000888304784894, 0.00349674373865, -0.00897565856576, 0.0223609190434]]
    },
    "spectral_contrast_coeffs": {
        "max": [-0.437225997448, -0.538415670395, -0.494356691837, -0.534980118275, -0.571700155735, -0.609385788441],
        "mean": [-0.685564756393, -0.758440434933, -0.741217792034, -0.754866540432, -0.760248482227, -0.733033359051],
        "min": [-0.838059544563, -0.912322103977, -0.897858858109, -0.934241652489, -0.851587355137, -0.935535311699],
        "stdev": [0.0605237111449, 0.0631481856108, 0.0690396651626, 0.0567648150027, 0.0457882992923, 0.0359617210925]
    },
    "spectral_contrast_valleys": {
        "max": [-5.44421815872, -4.75053167343, -5.46908378601, -5.57077598572, -5.7997918129, -10.1193094254],
        "mean": [-6.66440820694, -6.28018569946, -6.79811286926, -6.94860172272, -6.91371488571, -11.425743103],
        "min": [-9.12180328369, -7.80484056473, -8.44499874115, -8.26783847809, -9.08365821838, -12.0530977249],
        "stdev": [0.525475025177, 0.444926977158, 0.45768892765, 0.373878657818, 0.38726863265, 0.324977189302]
    }
},
"rhythm": {
    "beats_count": 73,
    "beats_loudness": {
        "max": 0.0587440058589,
        "mean": 0.0323139540851,
        "min": 0.0150346402079,
        "stdev": 0.00906619429588
    },
    "bpm": 136.2993927,
    "bpm_histogram_first_peak_bpm": 136,
    "bpm_histogram_first_peak_weight": 0.471428573132,
    "bpm_histogram_second_peak_bpm": 144,
    "bpm_histogram_second_peak_spread": 0,
    "bpm_histogram_second_peak_weight": 0.0277777779847,
    "danceability": 1.33108913898,
    "onset_rate": 2.30712866783,
    "beats_loudness_band_ratio": {
        "max": [0.75747603178, 0.741522789001, 0.503660738468, 0.639886915684, 0.663454532623, 0.112900003791],
        "mean": [0.176136881113, 0.241715416312, 0.201657563448, 0.191770404577, 0.196050927043, 0.055433768779],
        "min": [0.00352823850699, 0.0332664437592, 0.0267414283007, 0.0272768270224, 0.0247863829136, 0.00759069621563],
        "stdev": [0.123995490372, 0.165464863181, 0.119054727256, 0.149319589138, 0.127508148551, 0.0265243519098]
    },
    "beats_position": [0.406349211931, 0.835918366909, 1.27709746361, 1.71827661991, 2.15945577621, 2.60063481331, 3.04181408882, 3.48299312592, 3.93578219414, 4.38857126236, 4.82975053787, 5.27092981339, 5.72371864319, 6.15328788757, 6.60607719421, 7.05886602402, 7.51165533066, 7.94122457504, 8.38240337372, 8.83519268036, 9.26476192474, 9.682721138, 10.1239004135, 10.5650787354, 11.017868042, 11.4474372864, 11.900226593, 12.3414058685, 12.782585144, 13.2121543884, 13.6533327103, 14.0945119858, 14.5356912613, 14.9652605057, 15.3948297501, 15.8360090256, 16.2771873474, 16.7183666229, 17.1711559296, 17.600725174, 18.0419044495, 18.483083725, 18.9242630005, 19.365442276, 19.8066215515, 20.247800827, 20.6889801025, 21.1185474396, 21.5597267151, 21.9892959595, 22.430475235, 22.8716545105, 23.312833786, 23.7424030304, 24.1835823059, 24.6247615814, 25.0659408569, 25.4955101013, 25.948299408, 26.3778686523, 26.8190479279, 27.2370071411, 27.6897945404, 28.1193637848, 28.5721530914, 29.0017223358, 29.4312915802, 29.8608608246, 30.3136501312, 30.7432193756, 31.1843986511, 31.6255779266, 32.0667572021],
