{
"metadata": {
    "version": {
        "essentia": "2.1-beta5",
        "essentia_git_sha": "Undefined",
        "extractor": "music 2.0"
    },
    "audio_properties": {
        "analysis": {
            "equal_loudness": 0,
            "length": 22.5349655151,
            "sample_rate": 44100,
            "start_time": 321.491882324,
            "downmix": "mix"
        },
        "bit_rate": 192000,
        "length": 344.050079346,
        "lossless": 0,
        "number_channels": 1,
        "replay_gain": 4.13459205627,
        "sample_rate": 48000,
        "codec": "mp3",
        "md5_encoded": "e5638b27f4a5229a1fede6efa73bb02b"
    },
    "tags": {
        "file_name": "Italy_Corde Della Mia Chitarra_Nunzio Gallo.mp3",
        "encoding": ["Lavf58.29.100"]
    }
},
"lowlevel": {
    "average_loudness": 0.959604263306,
    "barkbands_crest": {
        "max": 10.7095842361,
        "mean": 4.79399585724,
        "min": 2.68029308319,
        "stdev": 1.1023195982
    },
    "barkbands_flatness_db": {
        "max": 0.194407656789,
        "mean": 0.153988197446,
        "min": 0.102859921753,
        "stdev": 0.011851622723
    },
    "barkbands_kurtosis": {
        "max": 1.93682718277,
        "mean": 0.0536051131785,
        "min": -1.1686218977,
        "stdev": 0.486509382725
    },
    "barkbands_skewness": {
        "max": 0.994016230106,
        "mean": 0.181835383177,
        "min": -0.489845871925,
        "stdev": 0.223115846515
    },
    "barkbands_spread": {
        "max": 28.5969009399,
        "mean": 13.14341259,
        "min": 6.90737438202,
        "stdev": 2.29382157326
    },
    "dissonance": {
        "max": 0.499999970198,
        "mean": 0.485710710287,
        "min": 0.29433247447,
        "stdev": 0.0121727585793
    },
    "dynamic_complexity": 0.917374491692,
    "erbbands_crest": {
        "max": 12.1362476349,
        "mean": 6.35398483276,
        "min": 3.67886281013,
        "stdev": 1.25903558731
    },
    "erbbands_flatness_db": {
        "max": 0.288018673658,
        "mean": 0.2470574826,
        "min": 0.209724128246,
        "stdev": 0.0109478225932
    },
    "erbbands_kurtosis": {
        "max": 2.91836118698,
        "mean": 0.834252119064,
        "min": -0.565430641174,
        "stdev": 0.533197283745
    },
    "erbbands_skewness": {
        "max": 0.862179994583,
        "mean": 0.155198350549,
        "min": -0.619432091713,
        "stdev": 0.252533555031
    },
    "erbbands_spread": {
        "max": 24.4036998749,
        "mean": 15.6443490982,
        "min": 9.83528804779,
        "stdev": 2.30159425735
    },
    "hfc": {
        "max": 92.7841262817,
        "mean": 39.7099571228,
        "min": 0.562020361423,
        "stdev": 11.2272109985
    },
    "loudness_ebu128": {
        "integrated": -29.1458454132,
        "loudness_range": 1.61443328857,
        "momentary": {
            "max": -26.2043056488,
            "mean": -29.2906208038,
            "min": -36.856628418,
            "stdev": 1.21633076668
        },
        "short_term": {
            "max": -27.6878070831,
            "mean": -29.0987815857,
            "min": -30.4597682953,
            "stdev": 0.56459492445
        }
    },
    "melbands_crest": {
        "max": 16.9386577606,
        "mean": 5.6730632782,
        "min": 3.12731480598,
        "stdev": 1.45841252804
    },
    "melbands_flatness_db": {
        "max": 0.202187910676,
        "mean": 0.143415004015,
        "min": 0.0902552604675,
        "stdev": 0.0126955453306
    },
    "melbands_kurtosis": {
        "max": 2.92206144333,
        "mean": 0.295076787472,
        "min": -0.889891862869,
        "stdev": 0.588567197323
    },
    "melbands_skewness": {
        "max": 1.56626772881,
        "mean": 0.429878860712,
        "min": -0.192161619663,
        "stdev": 0.236945420504
    },
    "melbands_spread": {
        "max": 37.54063797,
        "mean": 25.1608314514,
        "min": 12.8751726151,
        "stdev": 4.13287258148
    },
    "pitch_salience": {
        "max": 0.871486604214,
        "mean": 0.787495076656,
        "min": 0.46284788847,
        "stdev": 0.0363557711244
    },
    "silence_rate_20dB": {
        "max": 1,
        "mean": 1,
        "min": 1,
        "stdev": 0
    },
    "silence_rate_30dB": {
        "max": 1,
        "mean": 1,
        "min": 1,
        "stdev": 0
    },
    "silence_rate_60dB": {
        "max": 1,
        "mean": 0.00102880655322,
        "min": 0,
        "stdev": 0.0320587344468
    },
    "spectral_centroid": {
        "max": 2104.61108398,
        "mean": 1414.60559082,
        "min": 1020.09967041,
        "stdev": 139.813705444
    },
    "spectral_complexity": {
        "max": 43,
        "mean": 33.601852417,
        "min": 0,
        "stdev": 3.73104858398
    },
    "spectral_decrease": {
        "max": -1.26253896227e-10,
        "mean": -8.35968272384e-09,
        "min": -2.51522092043e-08,
        "stdev": 2.74668154887e-09
    },
    "spectral_energy": {
        "max": 0.10334610194,
        "mean": 0.0351532511413,
        "min": 0.000527489639353,
        "stdev": 0.0113429296762
    },
    "spectral_energyband_high": {
        "max": 0.00100682582706,
        "mean": 0.000390787055949,
        "min": 7.89496607467e-06,
        "stdev": 0.00011442052346
    },
    "spectral_energyband_low": {
        "max": 0.0268632024527,
        "mean": 0.00070735742338,
        "min": 5.54451048629e-07,
        "stdev": 0.00142819690518
    },
    "spectral_energyband_middle_high": {
        "max": 0.0590813048184,
        "mean": 0.0223135668784,
        "min": 0.000316453253618,
        "stdev": 0.00698035350069
    },
    "spectral_energyband_middle_low": {
        "max": 0.0519629456103,
        "mean": 0.0126306451857,
        "min": 0.000207277276786,
        "stdev": 0.00578907271847
    },
    "spectral_entropy": {
        "max": 8.00246143341,
        "mean": 7.69609975815,
        "min": 7.47369670868,
        "stdev": 0.0679903104901
    },
    "spectral_flux": {
        "max": 0.228071674705,
        "mean": 0.121199660003,
        "min": 0.0361240394413,
        "stdev": 0.0217900481075
    },
    "spectral_kurtosis": {
        "max": 18.7996482849,
        "mean": 5.30788707733,
        "min": 1.24466991425,
        "stdev": 2.23480820656
    },
    "spectral_rms": {
        "max": 0.0100411884487,
        "mean": 0.00577281974256,
        "min": 0.00071737304097,
        "stdev": 0.000985063030384
    },
    "spectral_rolloff": {
        "max": 2497.8515625,
        "mean": 1781.25256348,
        "min": 1162.79296875,
        "stdev": 162.374832153
    },
    "spectral_skewness": {
        "max": 3.49202036858,
        "mean": 1.65698170662,
        "min": 1.00764715672,
        "stdev": 0.231508910656
    },
    "spectral_spread": {
        "max": 8454847,
        "mean": 2633193.25,
        "min": 2088870.25,
        "stdev": 262906.21875
    },
    "spectral_strongpeak": {
        "max": 4.45247554779,
        "mean": 1.18980431557,
        "min": 0.017743177712,
        "stdev": 0.716232657433
    },
    "zerocrossingrate": {
        "max": 0.08984375,
        "mean": 0.0632540211082,
        "min": 0.01513671875,
        "stdev": 0.00587186682969
    },
    "barkbands": {
        "max": [0.000111153029138, 0.00558066414669, 0.0152896754444, 0.0142687810585, 0.0194864291698, 0.0132402088493, 0.00929404981434, 0.0225213970989, 0.0209213495255, 0.0216590370983, 0.0296398382634, 0.0198918581009, 0.0119597064331, 0.00958263967186, 0.00700154248625, 0.00578520121053, 0.00311045022681, 0.00134116527624, 0.000767429883126, 0.000455976318335, 0.000417160772486, 0.00026439211797, 0.000189391954336, 0.000149831976159, 7.6669275586e-06, 2.46228125889e-07, 2.66891163392e-07],
        "mean": [8.48769832373e-06, 9.15589844226e-05, 0.000298633472994, 0.000561074528378, 0.00167682440951, 0.00223231851123, 0.00185104436241, 0.00189565483015, 0.00329527049325, 0.00398069666699, 0.00359937734902, 0.00382395228371, 0.00332854408771, 0.00271752965637, 0.00229253061116, 0.00157915253658, 0.000831215933431, 0.000414182577515, 0.000211356164073, 0.000146843711264, 0.000117990239232, 9.20751990634e-05, 6.88976142555e-05, 3.6425091821e-05, 1.61095931617e-06, 2.45454434555e-09, 2.75219802504e-09],
        "min": [3.00072215964e-08, 3.35662434736e-07, 6.2310405724e-08, 1.9441340271e-07, 1.34658221214e-05, 2.42839905695e-05, 4.56497000414e-05, 8.13367023511e-06, 5.30176248503e-06, 2.58905383816e-05, 8.88150461833e-05, 6.59229990561e-05, 2.40920344368e-05, 5.40072760487e-05, 3.74345654564e-05, 5.38086214874e-06, 7.36900028642e-06, 4.73765203424e-06, 4.7848302529e-06, 2.32364550357e-06, 4.31047828897e-06, 1.05780543436e-06, 5.2101268011e-07, 3.66162907994e-07, 4.31427622516e-08, 5.17087983543e-10, 7.61878948818e-10],
        "stdev": [1.10906739792e-05, 0.000228987308219, 0.000852098572068, 0.000878413906321, 0.00149734714068, 0.00177536520641, 0.00137201324105, 0.00155865889974, 0.00226811110042, 0.00263950694352, 0.00238566217013, 0.00215015863068, 0.00170889485162, 0.00138188421261, 0.00111207424197, 0.000730141764507, 0.000370311259758, 0.000182374511496, 8.95420962479e-05, 5.91336211073e-05, 4.42588861915e-05, 3.49010442733e-05, 2.67683808488e-05, 1.53644668899e-05, 9.91688352769e-07, 1.08344773153e-08, 1.1296625857e-08]
    },
    "erbbands": {
        "max": [0.0449010878801, 1.73086237907, 10.7425584793, 46.2248535156, 35.1183853149, 94.9243240356, 97.3463592529, 137.682525635, 135.75378418, 215.792816162, 550.299438477, 531.149353027, 481.728881836, 859.352111816, 874.980102539, 591.171691895, 481.687042236, 520.719360352, 421.092315674, 403.689666748, 283.715454102, 142.31539917, 81.971862793, 50.0387496948, 41.3755264282, 20.0901279449, 16.8943767548, 19.6934642792, 10.5542392731, 8.40223312378, 4.86100482941, 5.36731243134, 1.34546113014, 0.177280470729, 0.00536459032446, 0.000982900848612, 0.000461482093669, 0.000165961959283, 5.71891650907e-05, 0.00012302583491],
        "mean": [0.00288099655882, 0.0230946112424, 0.242995366454, 1.34385359287, 2.83554959297, 6.20144176483, 12.5963544846, 19.6055393219, 24.464050293, 32.864074707, 46.5794754028, 72.9691314697, 110.164115906, 138.740600586, 152.937683105, 155.008071899, 154.323974609, 143.467086792, 129.787231445, 110.377357483, 77.5084609985, 46.2311706543, 25.8921127319, 14.2186717987, 9.26693248749, 6.88417005539, 5.4064078331, 4.28005123138, 3.37177109718, 2.59555196762, 1.86325883865, 1.09072935581, 0.416588157415, 0.0507119931281, 0.00155409774743, 0.000133355963044, 3.57525168511e-05, 1.16055789476e-05, 2.15355976252e-05, 4.33829081885e-05],
        "min": [1.48785165948e-05, 5.64939036849e-05, 8.36377876112e-05, 0.000408629741287, 0.00505050877109, 0.0438787154853, 0.130621299148, 0.251551002264, 0.43565967679, 0.647498607635, 0.111637592316, 0.133516401052, 0.621863126755, 1.73008656502, 3.24648404121, 2.8810968399, 1.43190383911, 2.24269461632, 2.38299465179, 0.834729552269, 0.387753337622, 0.448297947645, 0.32040399313, 0.254837751389, 0.176100969315, 0.115770451725, 0.1842058599, 0.111805558205, 0.0348043367267, 0.035248439759, 0.0127405151725, 0.00929853413254, 0.00525741046295, 0.00194494787138, 0.000246978743235, 2.35065854213e-05, 6.65704101266e-06, 2.30841351367e-06, 2.48724791163e-06, 2.86970589514e-06],
        "stdev": [0.00343917426653, 0.0714048072696, 0.684939444065, 2.42296266556, 2.69856572151, 6.54917478561, 11.1523237228, 16.4356327057, 18.6534461975, 24.5310058594, 36.2140846252, 52.146446228, 71.3922424316, 86.1661605835, 91.9231262207, 80.0070495605, 75.2490158081, 68.3640136719, 59.2214660645, 51.051197052, 34.1004371643, 18.9811611176, 10.9225606918, 5.8653512001, 3.78990840912, 2.67684292793, 2.04090309143, 1.68718671799, 1.33582746983, 0.993080079556, 0.749046683311, 0.461623847485, 0.181010559201, 0.0235543064773, 0.00066863844404, 5.67581446376e-05, 2.06904842344e-05, 7.17915281712e-06, 6.36187769487e-06, 1.35838390634e-05]
    },
    "gfcc": {
        "mean": [8.91234111786, 130.293609619, -211.995788574, 16.094083786, -82.7363128662, 12.4530057907, -36.0892372131, -23.9980201721, -0.344644546509, -29.4791126251, 4.56565999985, -19.4931812286, 5.43134021759],
        "cov": [[371.103302002, 100.448295593, 35.9552650452, -25.4901161194, -21.870765686, -5.77943468094, -25.1541881561, -19.8324642181, -1.58705437183, -33.2825088501, -4.93477869034, -27.9809188843, -7.72791671753], [100.448295593, 107.459152222, 47.2400894165, 19.6602344513, 32.2333679199, -0.771771907806, 6.24949836731, -12.2488365173, 2.57529139519, -16.8983516693, -5.8190202713, -17.094991684, -12.5700922012], [35.9552650452, 47.2400894165, 53.6502151489, 26.7489643097, 21.0052070618, 11.1653404236, 1.56417834759, -0.473351716995, -5.04058218002, -2.20041704178, -5.53580617905, -6.8865571022, -8.66493988037], [-25.4901161194, 19.6602344513, 26.7489643097, 62.3241043091, 32.618434906, 20.4991188049, 13.6376361847, 7.59417247772, 2.37845659256, 0.760796844959, -2.87154960632, -5.18125772476, -5.5675778389], [-21.870765686, 32.2333679199, 21.0052070618, 32.618434906, 52.9824790955, 22.7860565186, 17.5151042938, 6.58736610413, 2.88985943794, 0.229073986411, -2.85498189926, -2.68847870827, -6.93992185593], [-5.77943468094, -0.771771907806, 11.1653404236, 20.4991188049, 22.7860565186, 39.1284980774, 21.5052089691, 13.7803649902, 5.20705509186, 4.01375102997, 0.170029684901, -2.9780921936, -1.33704996109], [-25.1541881561, 6.24949836731, 1.56417834759, 13.6376361847, 17.5151042938, 21.5052089691, 42.0831756592, 21.5331554413, 11.3156490326, 8.80432128906, 2.99831771851, 2.79179811478, 0.198776260018], [-19.8324642181, -12.2488365173, -0.473351716995, 7.59417247772, 6.58736610413, 13.7803649902, 21.5331554413, 36.9260749817, 18.4689331055, 14.6420631409, 8.53229045868, 6.00028610229, 4.67328691483], [-1.58705437183, 2.57529139519, -5.04058218002, 2.37845659256, 2.88985943794, 5.20705509186, 11.3156490326, 18.4689331055, 31.6589317322, 19.8344173431, 9.85084629059, 6.16379547119, 2.96070742607], [-33.2825088501, -16.8983516693, -2.20041704178, 0.760796844959, 0.229073986411, 4.01375102997, 8.80432128906, 14.6420631409, 19.8344173431, 37.6140327454, 21.4331188202, 14.112865448, 8.93162918091], [-4.93477869034, -5.8190202713, -5.53580617905, -2.87154960632, -2.85498189926, 0.170029684901, 2.99831771851, 8.53229045868, 9.85084629059, 21.4331188202, 30.79413414, 20.4583148956, 11.1809272766], [-27.9809188843, -17.094991684, -6.8865571022, -5.18125772476, -2.68847870827, -2.9780921936, 2.79179811478, 6.00028610229, 6.16379547119, 14.112865448, 20.4583148956, 32.8952102661, 20.0165081024], [-7.72791671753, -12.5700922012, -8.66493988037, -5.5675778389, -6.93992185593, -1.33704996109, 0.198776260018, 4.67328691483, 2.96070742607, 8.93162918091, 11.1809272766, 20.0165081024, 29.9078598022]],
        "icov": [[0.00623673247173, -0.0107982130721, 0.00264624971896, 0.00206012558192, 0.00878719706088, -0.00894177984446, 0.00692291976884, -0.0039311000146, 0.00140552408993, 0.000974753522314, -0.000293215271086, 7.38755334169e-05, 6.07203983236e-05], [-0.0107982130721, 0.132616683841, -0.120611742139, 0.0253334697336, -0.0795214250684, 0.0928183421493, -0.0802665948868, 0.0848925560713, -0.115314975381, 0.119160965085, -0.118458963931, 0.111761718988, -0.0589985065162], [0.00264624971896, -0.120611742139, 0.146123588085, -0.0369869843125, 0.0639279782772, -0.0853018835187, 0.0777350142598, -0.0829171091318, 0.122189670801, -0.127571776509, 0.124715611339, -0.115106284618, 0.0653161033988], [0.00206012558192, 0.0253334697336, -0.0369869843125, 0.0354405604303, -0.0247958563268, 0.0126846404746, -0.0161198768765, 0.0171346515417, -0.02919530496, 0.031599689275, -0.0314752459526, 0.0318118371069, -0.0167660620064], [0.00878719706088, -0.0795214250684, 0.0639279782772, -0.0247958563268, 0.0839618891478, -0.0673227161169, 0.0415530614555, -0.0452449060977, 0.063037365675, -0.0651850402355, 0.0696835145354, -0.0707264468074, 0.0405310131609], [-0.00894177984446, 0.0928183421493, -0.0853018835187, 0.0126846404746, -0.0673227161169, 0.111097671092, -0.0712841227651, 0.051928896457, -0.0760762169957, 0.0805053859949, -0.0847096294165, 0.0868513211608, -0.0469171777368], [0.00692291976884, -0.0802665948868, 0.0777350142598, -0.0161198768765, 0.0415530614555, -0.0712841227651, 0.0931581258774, -0.0696048736572, 0.069092348218, -0.0746952071786, 0.0771166831255, -0.073715351522, 0.0402592457831], [-0.0039311000146, 0.0848925560713, -0.0829171091318, 0.0171346515417, -0.0452449060977, 0.051928896457, -0.0696048736572, 0.108219437301, -0.099318370223, 0.0809690952301, -0.0854543820024, 0.0778775438666, -0.0453166887164], [0.00140552408993, -0.115314975381, 0.122189670801, -0.02919530496, 0.063037365675, -0.0760762169957, 0.069092348218, -0.099318370223, 0.17206299305, -0.146480828524, 0.12274838984, -0.111781723797, 0.0637842491269], [0.000974753522314, 0.119160965085, -0.127571776509, 0.031599689275, -0.0651850402355, 0.0805053859949, -0.0746952071786, 0.0809690952301, -0.146480828524, 0.189741179347, -0.16032859683, 0.121785141528, -0.0681578814983], [-0.000293215271086, -0.118458963931, 0.124715611339, -0.0314752459526, 0.0696835145354, -0.0847096294165, 0.0771166831255, -0.0854543820024, 0.12274838984, -0.16032859683, 0.204071760178, -0.157684713602, 0.0706043988466], [7.38755334169e-05, 0.111761718988, -0.115106284618, 0.0318118371069, -0.0707264468074, 0.0868513211608, -0.073715351522, 0.0778775438666, -0.111781723797, 0.121785141528, -0.157684713602, 0.190139263868, -0.0982517749071], [6.07203983236e-05, -0.0589985065162, 0.0653161033988, -0.0167660620064, 0.0405310131609, -0.0469171777368, 0.0402592457831, -0.0453166887164, 0.0637842491269, -0.0681578814983, 0.0706043988466, -0.0982517749071, 0.0919805765152]]
    },
    "melbands": {
        "max": [0.000939672114328, 0.00444988906384, 0.0065136179328, 0.00355047313496, 0.00322180567309, 0.00300278840587, 0.00204498739913, 0.00281027983874, 0.00442683743313, 0.00339050148614, 0.00256136595272, 0.0032271745149, 0.00365246669389, 0.00288424175233, 0.00171459664125, 0.00108414376155, 0.00107726687565, 0.000728163577151, 0.000588675844483, 0.000426158570917, 0.000315485638566, 0.000166683472344, 0.00011211293895, 4.84230222355e-05, 4.64247932541e-05, 4.37781091023e-05, 1.92545685422e-05, 1.47574110088e-05, 1.05650660771e-05, 9.17478155316e-06, 1.12680218081e-05, 5.78798153583e-06, 5.76128923058e-06, 5.61114347875e-06, 3.23059407492e-06, 4.00175440518e-06, 2.74645799436e-06, 1.28810813749e-06, 5.06198432504e-07, 4.81832529431e-08],
        "mean": [2.46568506554e-05, 0.000107019041025, 0.000262742920313, 0.000319807557389, 0.000415169488406, 0.000437955342932, 0.000378169846954, 0.000370392284822, 0.000396954652388, 0.000473860127386, 0.000554290250875, 0.000557559193112, 0.00050503294915, 0.000445854850113, 0.000370205962099, 0.000318805570714, 0.000258632411715, 0.000212117942283, 0.000168023150763, 0.000124738391605, 8.33634912851e-05, 5.05470889038e-05, 3.04021341435e-05, 1.80080260179e-05, 1.08095091491e-05, 7.32053285901e-06, 5.57631346965e-06, 4.31137596024e-06, 3.51606922777e-06, 2.81715369965e-06, 2.3660224997e-06, 1.96015525944e-06, 1.63047116075e-06, 1.36554774599e-06, 1.11038139039e-06, 8.70927351571e-07, 5.92312460412e-07, 3.43938381775e-07, 1.17882535733e-07, 1.24228511922e-08],
        "min": [1.20672339676e-07, 5.23646548345e-08, 1.44817164482e-07, 1.66104143773e-06, 4.20760761699e-06, 5.46966703041e-06, 6.6873662945e-06, 5.71281270823e-06, 6.50513470646e-07, 8.27660358027e-07, 3.0638905173e-06, 6.21941580903e-06, 1.22585097415e-05, 6.1455557443e-06, 7.65806362324e-06, 1.64231437338e-06, 4.49979461337e-06, 2.00940576178e-06, 2.13458929466e-06, 3.71161803514e-07, 4.8263723329e-07, 5.31100056378e-07, 2.37038506157e-07, 2.45168280344e-07, 2.14346997041e-07, 1.22322788343e-07, 1.04493757647e-07, 6.73350513125e-08, 9.7778070085e-08, 1.48943101408e-07, 3.03265963453e-08, 1.97393497103e-08, 1.8206483432e-08, 1.76066095037e-08, 6.96103708009e-09, 7.0297603294e-09, 5.32653032792e-09, 4.71681405045e-09, 1.67477465229e-09, 1.3111042807e-10],
        "stdev": [4.32853994425e-05, 0.000273499666946, 0.000368897715816, 0.000300712999888, 0.000354133662768, 0.000353178969817, 0.00027881906135, 0.000280176260276, 0.000306877569528, 0.000338509853464, 0.000366268097423, 0.000357863435056, 0.000320438586641, 0.000264031346887, 0.000203742238227, 0.000166801342857, 0.000134576519486, 0.00010706348985, 8.27964540804e-05, 6.04639899393e-05, 4.0905939386e-05, 2.29376837524e-05, 1.49083862198e-05, 8.14184841147e-06, 5.1687316045e-06, 3.49304059455e-06, 2.52154950431e-06, 1.85632586636e-06, 1.49918571424e-06, 1.20238360068e-06, 1.03915658656e-06, 8.60127329361e-07, 7.01331600794e-07, 5.71253337966e-07, 4.80046480789e-07, 3.9636572069e-07, 2.74558715319e-07, 1.61413041155e-07, 5.82205252897e-08, 8.2869968665e-09]
    },
    "melbands128": {
        "max": [0.000100452642073, 0.000312626507366, 0.000792373612057, 0.00350761087611, 0.00560476165265, 0.00935279671103, 0.0113982697949, 0.00475988071412, 0.00338884396479, 0.00391117623076, 0.00630776071921, 0.00610925117508, 0.00383271253668, 0.00404937099665, 0.00351721514016, 0.00556832738221, 0.00294571812265, 0.00278440862894, 0.00246394705027, 0.00277911429293, 0.00469131115824, 0.00468018325046, 0.00597774377093, 0.00378299830481, 0.00439770473167, 0.00568680651486, 0.00392480753362, 0.00360727868974, 0.00410176860169, 0.00424454919994, 0.00457434682176, 0.00483691832051, 0.00436189072207, 0.00298746419139, 0.00450332323089, 0.00277619529516, 0.00248539051972, 0.00254946085624, 0.00205428805202, 0.00162600365002, 0.00167910999153, 0.00152786506806, 0.00158996507525, 0.00139790819958, 0.00159910169896, 0.00116841658019, 0.00105992925819, 0.000737131107599, 0.000870147661772, 0.000705726677552, 0.00056860409677, 0.000520382309332, 0.00041150150355, 0.000468845042633, 0.000374385446776, 0.000264656962827, 0.000188457517652, 0.000165895544342, 0.000146973718074, 9.79840988293e-05, 7.66134180594e-05, 8.09050470707e-05, 5.38608401257e-05, 6.82417594362e-05, 5.25418763573e-05, 6.71969319228e-05, 4.17173359892e-05, 2.96355156024e-05, 2.74956855719e-05, 2.03557519853e-05, 2.17674496525e-05, 1.91615235963e-05, 1.93254891201e-05, 1.36707694764e-05, 1.45196845551e-05, 1.28658321046e-05, 1.71370247699e-05, 2.31815756706e-05, 1.05461213025e-05, 9.93127741822e-06, 7.6725755207e-06, 8.70859093993e-06, 7.80871050665e-06, 7.63955722505e-06, 7.42041220292e-06, 5.78189474254e-06, 7.50601930122e-06, 6.00465637035e-06, 3.96467203245e-06, 4.02991554438e-06, 4.41474912805e-06, 6.14129294263e-06, 4.1073740249e-06, 3.63425101568e-06, 2.68153894467e-06, 2.98753457173e-06, 1.16634657843e-06, 1.45376134242e-06, 5.50066829419e-07, 3.37104353321e-07, 1.34793012307e-07, 2.60348365089e-09, 2.20616058755e-09, 2.01265271116e-09, 1.99154936986e-09, 1.8766810328e-09, 1.82218840017e-09, 1.70983605052e-09, 1.6828330951e-09, 1.6363164157e-09, 1.54242152384e-09, 1.50056322923e-09, 1.47417722474e-09, 1.39530853538e-09, 1.38526401461e-09, 1.30575528168e-09, 1.28794286347e-09, 1.2828236251e-09, 1.16251541726e-09, 1.15450915494e-09, 1.14796272488e-09, 1.15384457544e-09, 1.13150577796e-09, 1.08533060317e-09, 1.06967401603e-09, 1.05192388133e-09, 1.03012331998e-09, 1.02930797219e-09],
        "mean": [7.05230877429e-06, 2.42150908889e-05, 2.71820190392e-05, 3.45734588336e-05, 7.3083981988e-05, 0.000174388871528, 0.000283805944491, 0.000263439957052, 0.000269449985353, 0.00032564427238, 0.000346574233845, 0.000364427629393, 0.000432741246186, 0.000478511152323, 0.000468521408038, 0.000400775985327, 0.000368137523765, 0.000391982728615, 0.000364647130482, 0.000361912447261, 0.000379486300517, 0.00037407875061, 0.000388209533412, 0.000427807157394, 0.000465150660602, 0.000481980037875, 0.000528287608176, 0.00056303141173, 0.000577373662964, 0.000570925651118, 0.00055239914218, 0.00052598817274, 0.000507496355567, 0.000486726028612, 0.000472856248962, 0.00043938998715, 0.000392194924643, 0.000367698143236, 0.00035738592851, 0.000344810803654, 0.000306388392346, 0.000289828021778, 0.000264582398813, 0.000240990557359, 0.000229162746109, 0.000210194717511, 0.000189569036593, 0.000169675127836, 0.000160592710017, 0.00014797320182, 0.000120234406495, 0.000102483587398, 9.04304542928e-05, 7.62457566452e-05, 6.26234395895e-05, 4.89050107717e-05, 3.99530035793e-05, 3.42210478266e-05, 2.7350282835e-05, 2.19379362534e-05, 1.82147141459e-05, 1.47383989315e-05, 1.1852024727e-05, 1.00810875665e-05, 8.15246494312e-06, 7.4388781286e-06, 6.71773386784e-06, 6.00619205215e-06, 5.39560096513e-06, 4.81169763589e-06, 4.3638160605e-06, 4.03775584346e-06, 3.86094006899e-06, 3.42407929566e-06, 3.12106499223e-06, 2.91035485134e-06, 2.66716710939e-06, 2.49617642112e-06, 2.35405946114e-06, 2.22367498282e-06, 2.01256148102e-06, 1.87443151844e-06, 1.73856642505e-06, 1.62642777468e-06, 1.53158578087e-06, 1.41436350987e-06, 1.31679632887e-06, 1.2464156498e-06, 1.08494077722e-06, 1.03718934952e-06, 9.68144377111e-07, 8.33240221709e-07, 6.93764093285e-07, 6.09073595115e-07, 5.22960306171e-07, 4.30216147151e-07, 3.17414787787e-07, 1.98546246111e-07, 1.31844942075e-07, 7.20175563629e-08, 2.33942003547e-08, 1.20963697392e-10, 2.40858843287e-11, 2.0826441266e-11, 1.9900888229e-11, 1.95370906952e-11, 1.8297753937e-11, 1.70514158349e-11, 1.61477272526e-11, 1.58397895494e-11, 1.55280822922e-11, 1.52202573461e-11, 1.46329667133e-11, 1.39940064744e-11, 1.3703648459e-11, 1.34798760695e-11, 1.32426561036e-11, 1.32634597749e-11, 1.29486308828e-11, 1.27060141922e-11, 1.21853525534e-11, 1.21271248252e-11, 1.20366893536e-11, 1.17011339854e-11, 1.03661879428e-11, 8.20935680546e-12, 7.01380056464e-12, 6.82021366466e-12],
        "min": [9.03851926637e-09, 3.01782208112e-08, 1.20634766176e-07, 8.22971912839e-08, 4.34863949295e-08, 3.01147267123e-08, 4.56272744032e-08, 1.23510844219e-07, 3.31223503736e-07, 8.85608983481e-07, 2.16657667806e-06, 6.13026259089e-07, 1.26891086438e-06, 3.32646231982e-06, 3.70275893147e-06, 4.29538840763e-06, 4.22841549153e-06, 2.48764149546e-06, 3.41907252732e-06, 4.77284902445e-06, 2.87313037006e-06, 8.39958772758e-07, 1.52711578494e-07, 6.56444115066e-07, 9.02580438833e-07, 5.40633209312e-07, 1.47378636939e-06, 4.0457907744e-06, 3.79890752811e-06, 2.98541135635e-06, 2.54244446296e-06, 5.39236589248e-06, 1.28105302792e-05, 9.63317324931e-06, 4.45484147349e-06, 4.07942161473e-06, 3.25670157508e-06, 1.06421575765e-05, 4.38962979388e-06, 1.11422127702e-06, 5.46019577996e-07, 2.12963027479e-06, 5.10222344019e-06, 4.10419852415e-06, 5.40802261639e-07, 1.82689996109e-06, 3.0973342291e-06, 2.29953798225e-06, 1.35464154027e-06, 4.86147939682e-07, 2.50072901053e-07, 1.48583140458e-07, 5.35426636361e-07, 5.51011112293e-07, 5.38911763215e-07, 6.87117449161e-07, 4.17329999891e-07, 5.89084478975e-08, 2.0839256365e-07, 4.72218260938e-07, 2.70487674925e-07, 6.12061299421e-08, 1.7416840592e-07, 3.66251015294e-07, 9.00119374592e-08, 7.98381236677e-08, 1.6198971764e-07, 1.41322729519e-07, 7.36991836447e-08, 8.23385377657e-08, 7.60162777169e-08, 3.85062612906e-08, 8.62859010908e-08, 1.18350421019e-07, 9.92118458498e-08, 1.71864414256e-07, 1.85968247024e-07, 4.146105681e-08, 1.05322568444e-08, 9.78528724715e-09, 2.34582895331e-08, 2.63409152268e-08, 8.3809705842e-09, 7.51753503891e-09, 4.08467748514e-08, 2.07340118408e-08, 7.63618324129e-09, 1.38744669087e-08, 5.12141218323e-09, 3.65171404226e-09, 8.05741251497e-09, 8.64969429415e-09, 4.41291891917e-09, 3.8539327285e-09, 7.25593496398e-09, 6.65702248881e-09, 4.00097555087e-09, 1.91222371271e-09, 1.82927861747e-09, 1.24232280019e-09, 1.41766555092e-11, 2.43647680157e-12, 1.90926766584e-12, 2.20456552319e-12, 1.71183195657e-12, 2.216606022e-12, 2.22566539851e-12, 2.27496493865e-12, 2.2754059921e-12, 2.30476488589e-12, 2.7357205043e-12, 2.35437385733e-12, 2.10616181613e-12, 1.76369129804e-12, 2.30308675776e-12, 1.76230004981e-12, 2.47742559974e-12, 2.49939370416e-12, 2.14860269333e-12, 2.07233514203e-12, 2.35937441459e-12, 2.32462356656e-12, 2.37526881844e-12, 2.2168677484e-12, 1.87369369152e-12, 5.93121743126e-13, 8.45465461963e-14, 2.36161192497e-15],
        "stdev": [9.71327608568e-06, 2.7893072911e-05, 4.51765699836e-05, 0.000137624461786, 0.000283984787529, 0.000489905010909, 0.000589944946114, 0.000373396935174, 0.000291058677249, 0.000368294102373, 0.000441467418568, 0.000438380404375, 0.000463877659058, 0.000504340918269, 0.000480428774608, 0.000424408906838, 0.000360106641892, 0.000391600071453, 0.000331263669068, 0.000347483204678, 0.000386366125895, 0.000386564759538, 0.000397865776904, 0.000414917099988, 0.000458345137304, 0.000470234605018, 0.000472347659525, 0.000510160229169, 0.000498794717714, 0.000506419746671, 0.000464494194603, 0.000457701185951, 0.000431385735283, 0.000420022523031, 0.000417826522607, 0.000349011825165, 0.000295411911793, 0.000303672160953, 0.000265194044914, 0.000257726496784, 0.000239792949287, 0.000214761457755, 0.000197701301659, 0.000181697396329, 0.000168695027241, 0.000156585447257, 0.000139308889629, 0.000114123780804, 0.000115775335871, 0.000106215047708, 8.0493526184e-05, 7.52089763409e-05, 6.28013294772e-05, 5.37250634807e-05, 4.22814191552e-05, 3.21449879266e-05, 2.68370658887e-05, 2.38770589931e-05, 1.92371317098e-05, 1.46047204908e-05, 1.15998209367e-05, 9.52038044488e-06, 7.70952738094e-06, 7.39711867936e-06, 5.27155089003e-06, 5.24711049366e-06, 4.4423950385e-06, 3.86762258131e-06, 3.55695442522e-06, 2.91181891043e-06, 2.63938659373e-06, 2.48303558692e-06, 2.38194729718e-06, 2.0229342681e-06, 1.84239752343e-06, 1.76842809196e-06, 1.59915259701e-06, 1.59578053172e-06, 1.41589544e-06, 1.3028001149e-06, 1.14301951726e-06, 1.16051307941e-06, 1.04404068679e-06, 9.27890482672e-07, 8.52599839618e-07, 7.90082594904e-07, 7.71332906879e-07, 7.26392499928e-07, 5.89103990478e-07, 6.04880881383e-07, 5.46169303561e-07, 4.91376511036e-07, 3.86377166706e-07, 3.69216792251e-07, 3.03615195207e-07, 2.51731052003e-07, 1.80251660709e-07, 1.22611822917e-07, 7.98359707233e-08, 4.46811370125e-08, 1.96055971458e-08, 2.13133705129e-10, 1.04371677967e-10, 9.11614464472e-11, 8.88164264357e-11, 9.48128797695e-11, 8.20774143095e-11, 8.06471001091e-11, 7.19998158316e-11, 7.20600454307e-11, 6.85512063781e-11, 6.61794785639e-11, 6.37551192395e-11, 6.0487212461e-11, 5.84622072974e-11, 5.57619089792e-11, 5.44857318985e-11, 5.64182381368e-11, 5.02889049847e-11, 5.0133525803e-11, 4.82432600812e-11, 4.81173052791e-11, 4.68684119292e-11, 4.56261729787e-11, 4.46218270667e-11, 4.40845970839e-11, 4.35373889718e-11, 4.33766945973e-11]
    },
    "mfcc": {
        "mean": [-588.779602051, 133.065383911, -57.8529472351, -13.1595659256, -20.2359046936, 8.75727558136, -21.6742362976, 3.34796071053, -13.8179216385, 0.564696550369, -15.4381322861, 0.846699714661, -10.2341547012],
        "cov": [[363.758239746, 76.4139785767, 40.2361030579, -28.8098316193, 1.30394160748, -16.6497421265, -19.4144611359, -5.66558027267, -13.695183754, -6.5661277771, -8.22737121582, -12.0496234894, -16.3381996155], [76.4139785767, 100.121871948, 17.613653183, 16.473285675, 15.3076477051, 9.88893318176, -1.6890181303, 4.39187574387, -6.79804611206, 1.05553281307, -3.40179228783, -1.75192332268, -9.76545238495], [40.2361030579, 17.613653183, 46.2061347961, 10.7879180908, 12.824590683, 4.09065961838, 6.40006780624, -2.89868664742, 2.7916033268, -3.47854685783, 2.74560832977, -2.48041510582, 0.392161458731], [-28.8098316193, 16.473285675, 10.7879180908, 50.678314209, 19.09608078, 16.6491336823, 8.7297334671, 9.27291679382, 3.26056265831, 5.11202096939, 2.44222736359, 4.1923789978, -2.53926587105], [1.30394160748, 15.3076477051, 12.824590683, 19.09608078, 43.8395233154, 15.3093824387, 10.9830274582, 4.16862297058, 5.24273729324, -1.01604068279, 4.01101016998, -0.604943454266, -0.0276640895754], [-16.6497421265, 9.88893318176, 4.09065961838, 16.6491336823, 15.3093824387, 37.8531417847, 13.9406099319, 9.16205406189, 4.13403558731, 6.10815668106, 1.08440291882, 2.43383646011, -2.21586251259], [-19.4144611359, -1.6890181303, 6.40006780624, 8.7297334671, 10.9830274582, 13.9406099319, 38.7254676819, 12.6482362747, 11.325963974, 2.20125985146, 6.78497457504, 0.660862207413, 4.85033178329], [-5.66558027267, 4.39187574387, -2.89868664742, 9.27291679382, 4.16862297058, 9.16205406189, 12.6482362747, 31.8337802887, 11.2535305023, 5.94831895828, 2.39670729637, 4.05496501923, -1.52243030071], [-13.695183754, -6.79804611206, 2.7916033268, 3.26056265831, 5.24273729324, 4.13403558731, 11.325963974, 11.2535305023, 33.748336792, 9.75065040588, 9.48241043091, 3.233471632, 5.50474643707], [-6.5661277771, 1.05553281307, -3.47854685783, 5.11202096939, -1.01604068279, 6.10815668106, 2.20125985146, 5.94831895828, 9.75065040588, 28.6805992126, 11.1507329941, 6.17019319534, 1.75432467461], [-8.22737121582, -3.40179228783, 2.74560832977, 2.44222736359, 4.01101016998, 1.08440291882, 6.78497457504, 2.39670729637, 9.48241043091, 11.1507329941, 30.0834693909, 12.0203304291, 7.20225667953], [-12.0496234894, -1.75192332268, -2.48041510582, 4.1923789978, -0.604943454266, 2.43383646011, 0.660862207413, 4.05496501923, 3.233471632, 6.17019319534, 12.0203304291, 28.9519386292, 11.1088628769], [-16.3381996155, -9.76545238495, 0.392161458731, -2.53926587105, -0.0276640895754, -2.21586251259, 4.85033178329, -1.52243030071, 5.50474643707, 1.75432467461, 7.20225667953, 11.1088628769, 29.1318283081]],
        "icov": [[0.00438839709386, -0.00307827931829, -0.0040175751783, 0.00416727596894, -0.000593667093199, 0.00148964219261, 0.00144106545486, -0.00143777276389, 0.000897691759747, -0.000807582051493, 0.000328454509145, 0.000123601144878, 0.0013949504355], [-0.00307827931829, 0.0144152212888, -0.00158558855765, -0.00432794354856, -0.00249659060501, -0.00201238482259, 0.00110765220597, -0.00159524567425, 0.00287460419349, -0.00139750051312, 0.0010367447976, -0.000790437741671, 0.00191275065299], [-0.0040175751783, -0.00158558855765, 0.0307378545403, -0.00793288182467, -0.00311001157388, -0.000593714183196, -0.00480729900301, 0.00744261266664, -0.00449744053185, 0.00564374309033, -0.00374803715385, 0.0028411638923, -0.00239556073211], [0.00416727596894, -0.00432794354856, -0.00793288182467, 0.0317262858152, -0.00887091923505, -0.0044832485728, 0.000843189656734, -0.00593974906951, 0.00256000016816, -0.00470051728189, 0.00222373614088, -0.00451177172363, 0.0039283647202], [-0.000593667093199, -0.00249659060501, -0.00311001157388, -0.00887091923505, 0.0333784110844, -0.0091663049534, -0.00279491930269, 0.0018475727411, -0.00388485356234, 0.00687108282, -0.00550366472453, 0.00383255747147, -0.00178533629514], [0.00148964219261, -0.00201238482259, -0.000593714183196, -0.0044832485728, -0.0091663049534, 0.0395289845765, -0.0106527823955, -0.00299680465832, 0.00226184655912, -0.0086615383625, 0.00622924696654, -0.00454372679815, 0.00467991502956], [0.00144106545486, 0.00110765220597, -0.00480729900301, 0.000843189656734, -0.00279491930269, -0.0106527823955, 0.039162427187, -0.0125415353104, -0.00491291470826, 0.00484519917518, -0.00765075301751, 0.00716282567009, -0.00687437830493], [-0.00143777276389, -0.00159524567425, 0.00744261266664, -0.00593974906951, 0.0018475727411, -0.00299680465832, -0.0125415353104, 0.0452258549631, -0.0127178253606, -0.00227761315182, 0.00458791013807, -0.00745334802195, 0.00651463400573], [0.000897691759747, 0.00287460419349, -0.00449744053185, 0.00256000016816, -0.00388485356234, 0.00226184655912, -0.00491291470826, -0.0127178253606, 0.0422932654619, -0.0109478086233, -0.00613107578829, 0.00352060073055, -0.00508672278374], [-0.000807582051493, -0.00139750051312, 0.00564374309033, -0.00470051728189, 0.00687108282, -0.0086615383625, 0.00484519917518, -0.00227761315182, -0.0109478086233, 0.0486845858395, -0.0164668504149, -0.000677140662447, 0.000481098191813], [0.000328454509145, 0.0010367447976, -0.00374803715385, 0.00222373614088, -0.00550366472453, 0.00622924696654, -0.00765075301751, 0.00458791013807, -0.00613107578829, -0.0164668504149, 0.0509793423116, -0.0182376652956, -0.000740662799217], [0.000123601144878, -0.000790437741671, 0.0028411638923, -0.00451177172363, 0.00383255747147, -0.00454372679815, 0.00716282567009, -0.00745334802195, 0.00352060073055, -0.000677140662447, -0.0182376652956, 0.0510661564767, -0.0181399043649], [0.0013949504355, 0.00191275065299, -0.00239556073211, 0.0039283647202, -0.00178533629514, 0.00467991502956, -0.00687437830493, 0.00651463400573, -0.00508672278374, 0.000481098191813, -0.000740662799217, -0.0181399043649, 0.0459968224168]]
    },
    "spectral_contrast_coeffs": {
        "max": [-0.417066723108, -0.684021830559, -0.673509001732, -0.74278241396, -0.731287240982, -0.646301388741],
        "mean": [-0.645108640194, -0.817193806171, -0.799191236496, -0.813426136971, -0.793037950993, -0.695408284664],
        "min": [-0.804273545742, -0.917858958244, -0.889576911926, -0.875145792961, -0.87625682354, -0.806798875332],
        "stdev": [0.057800155133, 0.0383493714035, 0.0333375781775, 0.0226053968072, 0.0196701902896, 0.0155053697526]
    },
    "spectral_contrast_valleys": {
        "max": [-5.86958312988, -4.57538700104, -4.72877216339, -5.31117296219, -6.33629131317, -9.97715187073],
        "mean": [-7.38183641434, -5.60912656784, -5.60327386856, -5.91087627411, -6.96417856216, -10.6535015106],
        "min": [-9.42950248718, -8.03459262848, -7.42384576797, -8.11859989166, -8.75536251068, -11.6793384552],
        "stdev": [0.455969065428, 0.362834870815, 0.302642285824, 0.238387063146, 0.172245964408, 0.225211694837]
    }
},
"rhythm": {
    "beats_count": 40,
    "beats_loudness": {
        "max": 0.0577194802463,
        "mean": 0.0352536551654,
        "min": 0.0132566643879,
        "stdev": 0.00916556455195
    },
    "bpm": 105.514358521,
    "bpm_histogram_first_peak_bpm": 105,
    "bpm_histogram_first_peak_weight": 0.529411792755,
    "bpm_histogram_second_peak_bpm": 126,
    "bpm_histogram_second_peak_spread": 0,
    "bpm_histogram_second_peak_weight": 0.153846159577,
    "danceability": 0.982300758362,
    "onset_rate": 0.0887052640319,
    "beats_loudness_band_ratio": {
        "max": [0.0978097841144, 0.241257101297, 0.352496773005, 0.625936627388, 0.266104847193, 0.0478779897094],
        "mean": [0.0369261167943, 0.120825365186, 0.2240639925, 0.447133928537, 0.188511133194, 0.0187719557434],
        "min": [0.00885119754821, 0.039635501802, 0.121575929224, 0.308653235435, 0.117963962257, 0.0107420394197],
        "stdev": [0.0242560729384, 0.0501117929816, 0.059714384377, 0.0791848450899, 0.0401173122227, 0.00618547666818]
    },
    "beats_position": [0.592108845711, 1.19582760334, 1.78793644905, 2.40326523781, 3.01859402657, 3.62231278419, 4.22603178024, 4.79492044449, 5.36380958557, 5.92108821869, 6.51319694519, 7.10530614853, 7.67419481277, 8.24308395386, 8.8119726181, 9.38086128235, 9.94974994659, 10.5070295334, 11.0643081665, 11.6215867996, 12.1788663864, 12.7477550507, 13.3050336838, 13.8274831772, 14.361541748, 14.8839902878, 15.3948297501, 15.9056682587, 16.4397277832, 16.9621772766, 17.4846248627, 17.995464325, 18.4946937561, 18.9939231873, 19.4699325562, 19.9459400177, 20.4219493866, 20.8979587555, 21.3739681244, 21.8499774933],
