{
"metadata": {
    "version": {
        "essentia": "2.1-beta5",
        "essentia_git_sha": "Undefined",
        "extractor": "music 2.0"
    },
    "audio_properties": {
        "analysis": {
            "equal_loudness": 0,
            "length": 32.4963264465,
            "sample_rate": 44100,
            "start_time": 12.7477550507,
            "downmix": "mix"
        },
        "bit_rate": 192000,
        "length": 122.682647705,
        "lossless": 0,
        "number_channels": 2,
        "replay_gain": -5.22224617004,
        "sample_rate": 48000,
        "codec": "mp3",
        "md5_encoded": "8543fe2cb7070b0b9995bee81ba5d2a8"
    },
    "tags": {
        "file_name": "United KingdomUK_All_Patricia Bredin.mp3",
        "encoding": ["Lavf58.29.100"]
    }
},
"lowlevel": {
    "average_loudness": 0.759859442711,
    "barkbands_crest": {
        "max": 26.5221843719,
        "mean": 14.1714076996,
        "min": 4.54885530472,
        "stdev": 5.18810129166
    },
    "barkbands_flatness_db": {
        "max": 0.449837833643,
        "mean": 0.272846788168,
        "min": 0.131046444178,
        "stdev": 0.0492558255792
    },
    "barkbands_kurtosis": {
        "max": 211.229949951,
        "mean": 10.0423002243,
        "min": -1.42775893211,
        "stdev": 16.2604675293
    },
    "barkbands_skewness": {
        "max": 12.0813188553,
        "mean": 1.7665835619,
        "min": -1.64177143574,
        "stdev": 1.73177695274
    },
    "barkbands_spread": {
        "max": 19.5511302948,
        "mean": 6.49508094788,
        "min": 0.365539342165,
        "stdev": 3.44343805313
    },
    "dissonance": {
        "max": 0.499149143696,
        "mean": 0.395575642586,
        "min": 0.164308965206,
        "stdev": 0.0558733828366
    },
    "dynamic_complexity": 3.24476265907,
    "erbbands_crest": {
        "max": 33.3648529053,
        "mean": 16.6412010193,
        "min": 4.16096639633,
        "stdev": 6.83536243439
    },
    "erbbands_flatness_db": {
        "max": 0.473741650581,
        "mean": 0.301235944033,
        "min": 0.164801225066,
        "stdev": 0.0566328689456
    },
    "erbbands_kurtosis": {
        "max": 74.2657470703,
        "mean": 4.63725423813,
        "min": -1.4800568819,
        "stdev": 7.24452352524
    },
    "erbbands_skewness": {
        "max": 7.58664369583,
        "mean": 1.22968542576,
        "min": -2.17109918594,
        "stdev": 1.39187121391
    },
    "erbbands_spread": {
        "max": 51.1056251526,
        "mean": 15.0948629379,
        "min": 1.4907143116,
        "stdev": 9.41772079468
    },
    "hfc": {
        "max": 80.0301208496,
        "mean": 13.2826814651,
        "min": 0.136908039451,
        "stdev": 14.0784921646
    },
    "loudness_ebu128": {
        "integrated": -19.9604892731,
        "loudness_range": 5.85457420349,
        "momentary": {
            "max": -12.6748313904,
            "mean": -21.0686912537,
            "min": -29.4309101105,
            "stdev": 3.00716757774
        },
        "short_term": {
            "max": -16.6526908875,
            "mean": -20.2072467804,
            "min": -24.203212738,
            "stdev": 1.93018746376
        }
    },
    "melbands_crest": {
        "max": 34.2781105042,
        "mean": 16.5598220825,
        "min": 5.52951860428,
        "stdev": 6.33734130859
    },
    "melbands_flatness_db": {
        "max": 0.490434527397,
        "mean": 0.310862511396,
        "min": 0.158386215568,
        "stdev": 0.0514644086361
    },
    "melbands_kurtosis": {
        "max": 140.067230225,
        "mean": 12.7639493942,
        "min": -1.6652405262,
        "stdev": 19.6863155365
    },
    "melbands_skewness": {
        "max": 8.58274555206,
        "mean": 1.73666083813,
        "min": -1.31856870651,
        "stdev": 1.64920163155
    },
    "melbands_spread": {
        "max": 31.7565288544,
        "mean": 9.81794548035,
        "min": 0.642690658569,
        "stdev": 5.57544946671
    },
    "pitch_salience": {
        "max": 0.846574127674,
        "mean": 0.460241466761,
        "min": 0.0659273713827,
        "stdev": 0.139052212238
    },
    "silence_rate_20dB": {
        "max": 1,
        "mean": 1,
        "min": 1,
        "stdev": 0
    },
    "silence_rate_30dB": {
        "max": 1,
        "mean": 0.983583152294,
        "min": 0,
        "stdev": 0.127071529627
    },
    "silence_rate_60dB": {
        "max": 1,
        "mean": 0.0142755173147,
        "min": 0,
        "stdev": 0.118624433875
    },
    "spectral_centroid": {
        "max": 1443.2199707,
        "mean": 707.828491211,
        "min": 244.574691772,
        "stdev": 214.003570557
    },
    "spectral_complexity": {
        "max": 17,
        "mean": 9.54461097717,
        "min": 1,
        "stdev": 2.23614120483
    },
    "spectral_decrease": {
        "max": -8.85186854371e-11,
        "mean": -5.32618393834e-09,
        "min": -3.49967699265e-08,
        "stdev": 5.10843278789e-09
    },
    "spectral_energy": {
        "max": 0.13934455812,
        "mean": 0.021307034418,
        "min": 0.000346508255461,
        "stdev": 0.0204818528146
    },
    "spectral_energyband_high": {
        "max": 0.000176557296072,
        "mean": 1.08223748612e-05,
        "min": 2.76999401194e-07,
        "stdev": 1.63176227943e-05
    },
    "spectral_energyband_low": {
        "max": 0.00800683628768,
        "mean": 0.00074023992056,
        "min": 1.02232479549e-05,
        "stdev": 0.00093615980586
    },
    "spectral_energyband_middle_high": {
        "max": 0.0473809987307,
        "mean": 0.00445073423907,
        "min": 2.93021075777e-05,
        "stdev": 0.00739562278613
    },
    "spectral_energyband_middle_low": {
        "max": 0.13807708025,
        "mean": 0.0165377724916,
        "min": 0.000278517167317,
        "stdev": 0.0195563007146
    },
    "spectral_entropy": {
        "max": 8.06750106812,
        "mean": 6.44900751114,
        "min": 5.07614135742,
        "stdev": 0.414584249258
    },
    "spectral_flux": {
        "max": 0.315623611212,
        "mean": 0.0713803991675,
        "min": 0.0117714283988,
        "stdev": 0.0530240498483
    },
    "spectral_kurtosis": {
        "max": 57.4821357727,
        "mean": 14.3886270523,
        "min": 0.857345581055,
        "stdev": 8.19903373718
    },
    "spectral_rms": {
        "max": 0.0116595849395,
        "mean": 0.004180457443,
        "min": 0.000581426545978,
        "stdev": 0.00181964680087
    },
    "spectral_rolloff": {
        "max": 1937.98828125,
        "mean": 765.174987793,
        "min": 107.666015625,
        "stdev": 309.868164062
    },
    "spectral_skewness": {
        "max": 5.88547229767,
        "mean": 2.57430315018,
        "min": 0.833133101463,
        "stdev": 0.744489312172
    },
    "spectral_spread": {
        "max": 20870160,
        "mean": 2343263.5,
        "min": 1229580.5,
        "stdev": 768218.3125
    },
    "spectral_strongpeak": {
        "max": 8.78639698029,
        "mean": 1.97674620152,
        "min": 0.0173189956695,
        "stdev": 1.75849461555
    },
    "zerocrossingrate": {
        "max": 0.07177734375,
        "mean": 0.0314901322126,
        "min": 0.00390625,
        "stdev": 0.010177067481
    },
    "barkbands": {
        "max": [2.31832000281e-05, 0.00624572485685, 0.00309783499688, 0.0110077746212, 0.0163315869868, 0.0454723834991, 0.0967847630382, 0.136178284883, 0.0788845866919, 0.0609569214284, 0.0468698628247, 0.0336412042379, 0.0213563777506, 0.0172104388475, 0.00723226508126, 0.00277728703804, 0.00147499784362, 0.000765749777202, 0.0012459543068, 0.000308964954456, 2.33617865888e-05, 0.000150708699948, 9.03129111975e-05, 7.50039253035e-05, 2.83287522507e-06, 1.9539686491e-06, 2.12049303627e-06],
        "mean": [2.01639772968e-06, 0.00019498776237, 0.000310138129862, 0.000631493574474, 0.00186269241385, 0.00265780696645, 0.00325753353536, 0.00476013310254, 0.00288554583676, 0.000995693961158, 0.001541179372, 0.00121316756122, 0.000293066666927, 0.000257666979451, 0.000167475183844, 7.42988631828e-05, 3.69997142116e-05, 6.23545856797e-05, 8.12762373243e-05, 1.46240090544e-05, 1.64172763562e-06, 1.96347355086e-06, 1.79730818672e-06, 1.19779087981e-06, 2.94394681077e-07, 2.04727679254e-09, 2.21044471616e-09],
        "min": [1.3959716938e-08, 4.7783203172e-07, 1.34165384225e-06, 2.72471140761e-07, 1.52523934958e-05, 1.14409604066e-05, 2.96327857541e-06, 4.39601353719e-06, 1.65703727362e-06, 1.85414694442e-06, 3.24529446516e-06, 9.08683034595e-07, 8.09881157693e-07, 7.43505552236e-07, 2.20537202722e-07, 5.87890099268e-07, 2.17617966314e-07, 7.70960639329e-07, 7.21783749214e-07, 2.54992329474e-07, 3.35371765914e-08, 6.31441636756e-08, 2.24422880279e-08, 1.36421158814e-08, 7.34859995077e-09, 3.44733686042e-11, 4.45142672723e-11],
        "stdev": [2.45041906055e-06, 0.000458801514469, 0.000403392623411, 0.001199228107, 0.00227050995454, 0.00473601929843, 0.00787992123514, 0.0156398005784, 0.00958063267171, 0.00411064596847, 0.00531867565587, 0.00392302498221, 0.00124543032143, 0.00118701125029, 0.000584290362895, 0.000178821064765, 7.74761647335e-05, 9.17875877349e-05, 0.000105137754872, 2.59051739704e-05, 2.13839143726e-06, 5.95211986365e-06, 5.52776873519e-06, 4.2511646825e-06, 1.74752756266e-07, 5.21792138386e-08, 5.66261384449e-08]
    },
    "erbbands": {
        "max": [0.0541793033481, 1.74417734146, 4.31355142593, 18.2887306213, 57.4324989319, 37.7945632935, 96.6584091187, 423.760620117, 728.287719727, 2460.76293945, 3410.99780273, 2463.29467773, 2438.43994141, 905.355834961, 2082.23754883, 1450.57421875, 804.715942383, 913.341369629, 474.186279297, 457.041412354, 93.8898849487, 38.2325210571, 38.6996574402, 41.2545547485, 56.9999313354, 13.1305236816, 3.14218878746, 0.976942777634, 6.84871530533, 1.66604351997, 2.78383827209, 2.48104929924, 0.738251209259, 0.0704541280866, 0.0128124346957, 0.00767158344388, 0.00363198714331, 0.00130573881324, 0.000301765336189, 0.000158274415298],
        "mean": [0.00235971994698, 0.0580977909267, 0.330760955811, 1.30714976788, 6.47176408768, 4.57778501511, 6.89054012299, 27.9987201691, 39.2109451294, 72.5567092896, 99.8682403564, 71.0398788452, 44.5858917236, 44.6482696533, 61.1161994934, 45.2412071228, 15.6560115814, 13.1409835815, 10.5383348465, 6.61244058609, 3.5808095932, 2.0222902298, 3.06763124466, 4.05622339249, 3.31534671783, 0.726234436035, 0.121747277677, 0.0633703917265, 0.0715325027704, 0.0566715449095, 0.0508623309433, 0.0355863943696, 0.0141745638102, 0.00526894070208, 0.00107607000973, 4.68451544293e-05, 1.23670997709e-05, 3.34783044309e-06, 1.09310476546e-05, 2.44398270297e-05],
        "min": [1.91188682948e-05, 0.000480913324282, 0.00351487332955, 0.00892897229642, 0.0229077320546, 0.0646687969565, 0.0749881789088, 0.0616832301021, 0.0594689808786, 0.0996104031801, 0.162458479404, 0.315431237221, 0.128026098013, 0.12423761189, 0.206094995141, 0.0559711679816, 0.0487458221614, 0.037137914449, 0.0329719036818, 0.0183586403728, 0.0354541949928, 0.0213272608817, 0.0411800295115, 0.035303413868, 0.0275978110731, 0.0125433681533, 0.00344926235266, 0.00194721471053, 0.00283896760084, 0.00120063673239, 0.000533167447429, 0.000260065804468, 0.000270835298579, 0.000109712527774, 3.8888236304e-05, 1.31379292725e-05, 2.02349087886e-06, 3.15042058219e-07, 3.47160465708e-07, 4.39829534571e-07],
        "stdev": [0.00383454142138, 0.132298231125, 0.48324790597, 2.12238907814, 9.32041931152, 5.09736824036, 10.7162237167, 50.7700767517, 80.5479431152, 224.780349731, 318.296386719, 241.548110962, 206.302459717, 117.590194702, 186.398345947, 147.522994995, 54.7231216431, 55.2375488281, 32.1860923767, 24.9244060516, 7.12314558029, 3.37733912468, 4.33293199539, 4.96990966797, 5.19562864304, 1.1160825491, 0.180338785052, 0.0806592181325, 0.261700898409, 0.134582772851, 0.168266236782, 0.139571368694, 0.040412992239, 0.00432718964294, 0.000547342177015, 0.000204542113352, 9.70591718215e-05, 3.48798785126e-05, 1.28575347844e-05, 2.34791532421e-05]
    },
    "gfcc": {
        "mean": [-109.278251648, 171.537948608, -152.405776978, 6.00607395172, -68.50365448, -13.2476882935, -35.6490592957, -1.77883136272, -14.9944000244, -24.994852066, 11.9649343491, -24.2949295044, -3.17499947548],
        "cov": [[603.12713623, 59.3903274536, -174.990310669, -40.0783157349, 149.403305054, -70.0153656006, 114.798561096, -42.5794181824, -35.4560966492, -33.4120483398, 27.506937027, -97.4482269287, -134.199035645], [59.3903274536, 190.01953125, 86.9468078613, -8.66262722015, 51.3120689392, -3.16114163399, 17.2603130341, -36.8512954712, -62.6974372864, -18.4851551056, 15.9841489792, 21.5941200256, 19.6300926208], [-174.990310669, 86.9468078613, 379.22164917, 115.411369324, -119.818191528, 50.4054069519, -45.6123580933, -48.0483551025, -5.92848062515, -11.4962453842, 7.40417528152, 104.848205566, 59.7302856445], [-40.0783157349, -8.66262722015, 115.411369324, 387.24887085, -12.4008979797, -4.33414459229, -108.527999878, -80.3094940186, 40.4999465942, 16.5585651398, -65.4974822998, 45.8941078186, 88.8771514893], [149.403305054, 51.3120689392, -119.818191528, -12.4008979797, 205.930755615, -29.4133739471, 32.2568626404, 28.7684402466, -2.65117001534, -0.254050195217, -28.2536430359, -68.4534606934, -31.7169456482], [-70.0153656006, -3.16114163399, 50.4054069519, -4.33414459229, -29.4133739471, 301.329315186, 84.3602142334, -48.5307044983, -82.5799865723, -40.4174232483, 36.4541931152, 22.8228816986, -6.72658920288], [114.798561096, 17.2603130341, -45.6123580933, -108.527999878, 32.2568626404, 84.3602142334, 192.217651367, 47.369682312, -66.2034072876, -36.2254180908, 45.3609161377, -19.7551689148, -73.627243042], [-42.5794181824, -36.8512954712, -48.0483551025, -80.3094940186, 28.7684402466, -48.5307044983, 47.369682312, 167.41947937, 90.140007019, 15.8700275421, -6.70354127884, -18.0691242218, -9.89517402649], [-35.4560966492, -62.6974372864, -5.92848062515, 40.4999465942, -2.65117001534, -82.5799865723, -66.2034072876, 90.140007019, 193.054962158, 82.2328948975, -40.1892585754, -5.23817491531, 21.2748947144], [-33.4120483398, -18.4851551056, -11.4962453842, 16.5585651398, -0.254050195217, -40.4174232483, -36.2254180908, 15.8700275421, 82.2328948975, 132.81439209, 58.2387962341, 14.7582502365, 10.8777036667], [27.506937027, 15.9841489792, 7.40417528152, -65.4974822998, -28.2536430359, 36.4541931152, 45.3609161377, -6.70354127884, -40.1892585754, 58.2387962341, 183.34979248, 68.7568969727, -30.0609493256], [-97.4482269287, 21.5941200256, 104.848205566, 45.8941078186, -68.4534606934, 22.8228816986, -19.7551689148, -18.0691242218, -5.23817491531, 14.7582502365, 68.7568969727, 139.543731689, 78.4737701416], [-134.199035645, 19.6300926208, 59.7302856445, 88.8771514893, -31.7169456482, -6.72658920288, -73.627243042, -9.89517402649, 21.2748947144, 10.8777036667, -30.0609493256, 78.4737701416, 147.180740356]],
        "icov": [[0.00495271710679, -0.00162669620477, 0.00157099904027, -0.000809498364106, -0.00177645729855, 0.00238949432969, -0.00480805430561, 0.00618080841377, -0.00591690791771, 0.00502453837544, -0.00402140105143, 0.00252255378291, 0.000638413708657], [-0.00162669620477, 0.0109619274735, -0.00486932974309, 0.0019384858897, -0.00463554263115, 0.00106660916936, -0.000351135618985, 0.000745564699173, 0.00354073778726, -0.00123045407236, -0.000224382747547, 0.000330620328896, -0.00385842681862], [0.00157099904027, -0.00486932974309, 0.00650219619274, -0.00178426597267, 0.00314984237775, -0.000545510789379, -0.000116274910397, 0.000478051137179, -0.00192528229672, 0.00115486839786, 0.000873953627888, -0.00321066961624, 0.00323167839088], [-0.000809498364106, 0.0019384858897, -0.00178426597267, 0.00457402924076, -0.00151876499876, -0.000268155505182, 0.00086317473324, 0.00195971713401, -0.000325935485307, -0.00103570625652, 0.00174264924135, -0.00114926777314, -0.00171825860161], [-0.00177645729855, -0.00463554263115, 0.00314984237775, -0.00151876499876, 0.0101187825203, -0.00129275221843, 0.00172501266934, -0.00481661455706, 0.002733690897, -0.00301084108651, 0.00266373367049, 0.000821427674964, 0.00123136653565], [0.00238949432969, 0.00106660916936, -0.000545510789379, -0.000268155505182, -0.00129275221843, 0.00615611346439, -0.00568033056334, 0.00552263809368, -0.0031272303313, 0.00374991400167, -0.00351999164559, 0.00260627968237, -0.00198139599524], [-0.00480805430561, -0.000351135618985, -0.000116274910397, 0.00086317473324, 0.00172501266934, -0.00568033056334, 0.017425019294, -0.013543442823, 0.0116324117407, -0.00618505198509, 0.00552698690444, -0.00619517732412, 0.00631492771208], [0.00618080841377, 0.000745564699173, 0.000478051137179, 0.00195971713401, -0.00481661455706, 0.00552263809368, -0.013543442823, 0.0241476092488, -0.0189576297998, 0.0120981112123, -0.00940926559269, 0.00689596123993, -0.00553080625832], [-0.00591690791771, 0.00354073778726, -0.00192528229672, -0.000325935485307, 0.002733690897, -0.0031272303313, 0.0116324117407, -0.0189576297998, 0.0270648468286, -0.0190944522619, 0.0143223432824, -0.0091392621398, 0.00539878569543], [0.00502453837544, -0.00123045407236, 0.00115486839786, -0.00103570625652, -0.00301084108651, 0.00374991400167, -0.00618505198509, 0.0120981112123, -0.0190944522619, 0.0257395580411, -0.0176102239639, 0.0104909893125, -0.00618855562061], [-0.00402140105143, -0.000224382747547, 0.000873953627888, 0.00174264924135, 0.00266373367049, -0.00351999164559, 0.00552698690444, -0.00940926559269, 0.0143223432824, -0.0176102239639, 0.0232657361776, -0.017789343372, 0.0109697170556], [0.00252255378291, 0.000330620328896, -0.00321066961624, -0.00114926777314, 0.000821427674964, 0.00260627968237, -0.00619517732412, 0.00689596123993, -0.0091392621398, 0.0104909893125, -0.017789343372, 0.0280399993062, -0.0161244645715], [0.000638413708657, -0.00385842681862, 0.00323167839088, -0.00171825860161, 0.00123136653565, -0.00198139599524, 0.00631492771208, -0.00553080625832, 0.00539878569543, -0.00618855562061, 0.0109697170556, -0.0161244645715, 0.0210939049721]]
    },
    "melbands": {
        "max": [0.00112957903184, 0.00198664562777, 0.00412011379376, 0.00380518310703, 0.00264530419372, 0.00976360589266, 0.00975664705038, 0.0263990238309, 0.0246783737093, 0.0153781315312, 0.0118495309725, 0.00339271710254, 0.0075774518773, 0.00513096060604, 0.00387957738712, 0.00152610766236, 0.00205073854886, 0.00102654832881, 0.000606312823948, 0.000293039571261, 0.000156330046593, 6.26970650046e-05, 3.83327169402e-05, 5.88680522924e-05, 4.10323664255e-05, 7.53175190766e-05, 2.37376989389e-05, 7.27613178242e-06, 3.11874032377e-06, 6.61951446546e-07, 7.24957146758e-07, 2.90667367153e-06, 4.21753838964e-06, 1.14028046028e-06, 1.4041806935e-06, 2.22613016376e-06, 1.55487225584e-06, 6.95554717822e-07, 1.34631235937e-07, 3.51708813184e-08],
        "mean": [3.70985799236e-05, 0.000144945850479, 0.000380789104383, 0.000439460069174, 0.000217162654735, 0.000604247674346, 0.000622580235358, 0.000868672563229, 0.000748215708882, 0.000434592511738, 0.000203336356208, 0.000161594492965, 0.000218075569137, 0.000156370355398, 6.07463443885e-05, 2.62467710854e-05, 2.43206814048e-05, 1.74761735252e-05, 1.24942225739e-05, 6.54441237202e-06, 3.60856211046e-06, 2.06780305234e-06, 2.1957835088e-06, 3.16455702887e-06, 3.28999067278e-06, 3.13739769808e-06, 1.19880655802e-06, 3.15753368341e-07, 6.92839776661e-08, 4.9494087051e-08, 3.11306997958e-08, 3.9737528823e-08, 3.7585039081e-08, 2.95521243032e-08, 2.85319075033e-08, 2.84271344242e-08, 1.93224103384e-08, 1.08671853738e-08, 5.98786265016e-09, 3.91475696304e-09],
        "min": [1.04048673677e-07, 8.09014920833e-07, 2.20665538109e-06, 2.86750264422e-06, 4.69205406262e-06, 1.14103909254e-06, 9.19980948311e-07, 1.10483108529e-06, 1.26482882479e-06, 3.3651045328e-07, 3.94023430772e-07, 4.07941172398e-07, 6.17023147242e-07, 1.33067274533e-07, 1.36376755222e-07, 6.49245635032e-08, 4.92378973149e-08, 5.55329080498e-08, 1.6287881266e-08, 3.48514070936e-08, 3.73913522367e-08, 1.49390793069e-08, 3.73951678512e-08, 2.64242885351e-08, 2.78995404557e-08, 2.20329141598e-08, 1.46839331805e-08, 5.53375079093e-09, 3.07923708753e-09, 9.95715732088e-10, 8.56438031605e-10, 1.75286329895e-09, 1.01257657814e-09, 5.769246747e-10, 3.15447751253e-10, 2.35024388839e-10, 1.13370056398e-10, 1.97973790139e-10, 1.42869729935e-10, 7.20854972935e-11],
        "stdev": [7.86615928519e-05, 0.000214680287172, 0.000552791636437, 0.000540811335668, 0.000319652695907, 0.00108731305227, 0.00123850384261, 0.00269286287948, 0.00231835083105, 0.00158134440426, 0.00101648294367, 0.000449077313533, 0.000751095649321, 0.000510597543325, 0.000277683720924, 8.89540169737e-05, 0.00011753977742, 6.63241662551e-05, 5.25899740751e-05, 1.90021382878e-05, 8.28102020023e-06, 4.44450643045e-06, 3.3133467241e-06, 5.53511881662e-06, 4.49068329544e-06, 5.22563277627e-06, 2.1820285383e-06, 5.71194277654e-07, 1.44724978668e-07, 7.0427091714e-08, 4.75787018672e-08, 1.21529254216e-07, 1.54074996317e-07, 7.38204306572e-08, 9.01558721011e-08, 1.14057968403e-07, 7.96030406036e-08, 3.6587710639e-08, 7.37402450213e-09, 2.05464201208e-09]
    },
    "melbands128": {
        "max": [1.30117186927e-05, 9.17037032195e-05, 0.00127772195265, 0.00373183446936, 0.00285168341361, 0.00114966114052, 0.00366687285714, 0.00653992360458, 0.00769862020388, 0.00460234098136, 0.00255415262654, 0.00187501008622, 0.00424336176366, 0.00781997386366, 0.0126013988629, 0.0228004958481, 0.0207788944244, 0.0155291445553, 0.0279374942183, 0.0478215664625, 0.0471045449376, 0.0522310957313, 0.0389221198857, 0.0187268033624, 0.0277284272015, 0.0189600083977, 0.0217123627663, 0.0235749147832, 0.00590878771618, 0.00421856250614, 0.00743759516627, 0.0102774305269, 0.0148527482525, 0.00709455879405, 0.00802096258849, 0.0103933196515, 0.00811068061739, 0.00813919492066, 0.00492484867573, 0.00430868938565, 0.00213811383583, 0.00237840414047, 0.00282037840225, 0.00299435900524, 0.00306264567189, 0.00167493592016, 0.00115601543803, 0.000986353727058, 0.0015279117506, 0.000585082452744, 0.000667993095703, 0.000366861000657, 0.000116426388558, 0.00037159686326, 0.000199814414373, 5.56873092137e-05, 5.74160621909e-05, 5.53845020477e-05, 7.41443145671e-05, 7.01590470271e-05, 0.000126938088215, 9.0951245511e-05, 7.93468716438e-05, 6.17411278654e-05, 5.99747290835e-05, 0.000139336189022, 8.60508152982e-05, 7.64835931477e-05, 2.94427918561e-05, 2.09485260712e-05, 8.89871898835e-06, 1.77834263013e-05, 4.16647753809e-06, 1.18575781016e-06, 1.85433475508e-06, 1.17691172363e-06, 6.51070592994e-07, 1.24662244616e-06, 6.70665315283e-07, 1.90289915736e-06, 7.23918049061e-07, 2.05538572118e-06, 1.47760692926e-05, 1.51155074946e-06, 1.59579553838e-06, 1.44808473124e-06, 1.34740162139e-06, 1.35475897878e-06, 1.53707026129e-06, 2.42552800955e-06, 2.07964353649e-06, 2.13984867514e-06, 2.70388522949e-06, 1.47668652062e-06, 2.1929427021e-06, 1.13233261345e-06, 4.40521944256e-07, 2.10904502751e-07, 1.76122412654e-07, 9.66116502354e-08, 5.56522543604e-08, 2.11597797062e-08, 1.46590499739e-08, 1.41372629159e-08, 1.4258792369e-08, 1.4670166415e-08, 1.42546188187e-08, 1.37692302005e-08, 1.32721185153e-08, 1.28051684811e-08, 1.23535075502e-08, 1.1939643052e-08, 1.15488560937e-08, 1.11403153369e-08, 1.07985425046e-08, 1.04803614676e-08, 1.01583479406e-08, 9.86063408703e-09, 9.61458646032e-09, 9.39316624482e-09, 9.16356768244e-09, 8.97984531179e-09, 8.80836648065e-09, 8.63568949683e-09, 8.54771187164e-09, 8.45165715191e-09, 8.37909208684e-09, 8.33497892927e-09],
        "mean": [1.36957919494e-06, 9.25164658838e-06, 3.99729324272e-05, 0.000111552792077, 0.000157914982992, 0.000150009975187, 0.00020978997054, 0.000363150757039, 0.000800106441602, 0.000521091627888, 0.000177333815373, 0.000101419667772, 0.00015707629791, 0.000419124407927, 0.000709958258085, 0.000647618551739, 0.000577689381316, 0.000599347229581, 0.000698494608514, 0.000798688852228, 0.000965154380538, 0.0010563187534, 0.000764155643992, 0.000377017975552, 0.000471853418276, 0.000449879706139, 0.000325214612531, 0.000209028381505, 5.95522942604e-05, 0.000109198699647, 0.000210484606214, 0.000238238295424, 0.000260263157543, 0.00015431662905, 0.000174071814399, 0.000176074827323, 0.000101510355307, 5.97373509663e-05, 2.82505516225e-05, 3.09308015858e-05, 2.65718317678e-05, 1.88375597645e-05, 2.53111138591e-05, 2.8723732612e-05, 1.90006703633e-05, 1.46516013046e-05, 1.58920320246e-05, 1.48362823893e-05, 1.10945393317e-05, 5.0473754527e-06, 7.12623386789e-06, 6.9601260293e-06, 2.4943688004e-06, 3.11334292746e-06, 3.35490381076e-06, 1.53730525199e-06, 1.46854279137e-06, 2.00971089725e-06, 2.33296282204e-06, 2.7293151561e-06, 3.40845849678e-06, 3.35406230079e-06, 3.18758202411e-06, 3.23792050949e-06, 3.44867794411e-06, 3.40388851328e-06, 3.08384846903e-06, 1.55346413067e-06, 8.21307082788e-07, 4.90876857384e-07, 3.5024919498e-07, 2.23553712431e-07, 9.09631623358e-08, 3.69885526652e-08, 3.69611470319e-08, 7.17023453944e-08, 3.98993620365e-08, 2.89172916723e-08, 2.55849155195e-08, 4.39493668125e-08, 2.86050045872e-08, 3.89164860337e-08, 5.94367008944e-08, 3.03054328299e-08, 2.9162821491e-08, 3.33021077381e-08, 2.80272303144e-08, 2.62117367811e-08, 2.76707190494e-08, 3.13471169022e-08, 3.03488327802e-08, 2.86702128705e-08, 2.33802257554e-08, 1.98212681823e-08, 1.66337965624e-08, 1.30883224259e-08, 9.74512293084e-09, 7.35615346414e-09, 6.24824147977e-09, 5.22596810271e-09, 4.17340340064e-09, 3.70641717318e-09, 3.55310758593e-09, 2.81941048286e-09, 4.51040482741e-10, 1.60536618721e-11, 1.4945053875e-11, 1.44479220254e-11, 1.3922120401e-11, 1.34214609912e-11, 1.29427094042e-11, 1.25072079429e-11, 1.20945102891e-11, 1.16676572917e-11, 1.12931348301e-11, 1.09762841177e-11, 1.06950247269e-11, 1.03114470087e-11, 1.00397086478e-11, 9.80733116246e-12, 9.55988933848e-12, 9.37360432329e-12, 9.20676295618e-12, 9.02055600355e-12, 8.85135367779e-12, 8.63172207322e-12, 8.49171254147e-12, 8.43722140764e-12],
        "min": [9.02204144726e-10, 2.21944791434e-08, 6.21519333777e-08, 8.19511072336e-08, 2.20531958917e-07, 8.0623277654e-07, 7.96640335921e-07, 1.07466483712e-07, 5.81333551963e-07, 1.13915007205e-06, 1.33194896534e-06, 2.22467747335e-07, 4.14046354535e-07, 6.51672507956e-07, 5.13446025252e-07, 2.88750527488e-07, 6.49699074984e-07, 5.97875271069e-07, 1.06392192833e-07, 3.87949683045e-07, 3.47928875044e-07, 5.65995435409e-07, 8.27891710742e-09, 1.53844865736e-07, 8.37298728129e-08, 1.56014081654e-07, 8.74615153634e-08, 3.88890271097e-08, 1.04480008645e-07, 9.36392083872e-08, 7.09331757776e-08, 8.04166475632e-08, 7.48367199321e-08, 1.36739430445e-07, 1.08947638466e-07, 6.83472478613e-08, 2.36186732394e-08, 5.0803492968e-08, 5.76895047288e-08, 6.02789285153e-08, 1.57377773036e-08, 8.85971473963e-09, 6.91822910071e-09, 1.38046623022e-08, 1.16009202245e-08, 2.39051907158e-08, 1.113973358e-08, 1.25811405738e-08, 8.05459698938e-09, 4.79613948556e-09, 1.22654988388e-08, 1.69944325279e-08, 1.32973578815e-08, 7.5343606909e-09, 8.81698092314e-09, 7.87005127734e-09, 9.2266132512e-09, 8.24627388596e-09, 2.05703933887e-08, 1.01010408926e-08, 1.24158185955e-08, 1.66264726431e-08, 2.65623576468e-08, 1.73539582704e-08, 1.04318687022e-08, 1.80610619793e-08, 8.62770921373e-09, 6.5449157205e-09, 5.98063598645e-09, 6.394188512e-10, 3.39320549436e-09, 3.84380793861e-09, 2.62578936372e-09, 5.88472992558e-10, 1.52964488298e-10, 2.50857973283e-10, 1.67895675141e-09, 1.42414502413e-09, 4.18911572098e-10, 4.70982697287e-10, 1.40527178782e-09, 1.51528334325e-09, 1.48088807883e-09, 6.48466669251e-10, 7.61605112309e-10, 4.20713824889e-10, 7.2379763294e-10, 4.51002180046e-10, 2.19176357619e-10, 3.07936176558e-10, 1.49115900183e-10, 3.28039900799e-10, 1.76118591932e-10, 5.48039079395e-11, 1.08512053509e-10, 1.11854962792e-10, 2.95750951507e-10, 2.26504343059e-10, 1.01677465059e-10, 1.17019074986e-10, 1.25632101944e-10, 5.07620924461e-11, 3.36942730661e-11, 5.1810132573e-11, 3.42126327268e-11, 2.00282729312e-13, 1.06188590364e-13, 1.20099121078e-13, 1.43267193356e-13, 1.01548550656e-13, 1.532290191e-13, 1.33846221866e-13, 1.36337582933e-13, 1.06757749071e-13, 1.33616194823e-13, 1.37829241835e-13, 1.38262719416e-13, 1.39256065446e-13, 1.50841280655e-13, 1.29802296841e-13, 1.3654564133e-13, 1.21437826158e-13, 1.54864104396e-13, 1.3964075393e-13, 1.06430997641e-13, 4.35295449317e-14, 5.06028409415e-15, 1.62704216263e-16],
        "stdev": [1.56826035891e-06, 1.2312319086e-05, 8.70653893799e-05, 0.000290229916573, 0.00030584493652, 0.00018323212862, 0.000387022417272, 0.000703443889506, 0.00126052077394, 0.000669683155138, 0.000251874880632, 0.000153703120304, 0.000308267190121, 0.000880874402355, 0.00145642540883, 0.0017904288834, 0.00189964578021, 0.00150593637954, 0.00208783056587, 0.00349918031134, 0.00422968203202, 0.00449112197384, 0.00300555746071, 0.0016045900993, 0.00231244973838, 0.0020780719351, 0.00203549792059, 0.00148154294584, 0.000308394606691, 0.000360519508831, 0.000771033053752, 0.00104891846422, 0.00129456818104, 0.000613940821495, 0.000742399832234, 0.000839112501126, 0.000502238573972, 0.00045989730279, 0.000210984944715, 0.000186324075912, 9.4120776339e-05, 0.000109673012048, 0.000175875597051, 0.000180239148904, 0.000131565597258, 7.40252071409e-05, 6.17986224825e-05, 8.03426592029e-05, 8.62692613737e-05, 2.17228189285e-05, 3.03000033455e-05, 2.03718391276e-05, 7.88693432696e-06, 1.49840952872e-05, 9.85004862741e-06, 5.27950032847e-06, 5.04443823957e-06, 3.87524869438e-06, 5.49358446733e-06, 5.86645683143e-06, 9.03106683836e-06, 8.67549351824e-06, 7.1208000918e-06, 6.10452889305e-06, 7.09206506144e-06, 8.51767435961e-06, 7.39716278986e-06, 4.49766230304e-06, 2.23667302635e-06, 1.19331127735e-06, 8.07246408385e-07, 7.81913911396e-07, 2.24707790153e-07, 7.86064120462e-08, 8.68087823847e-08, 1.34244800165e-07, 5.97897269472e-08, 6.5346256406e-08, 4.32435705022e-08, 9.78026903908e-08, 5.51579368846e-08, 1.10877827808e-07, 5.04163153892e-07, 7.93300358737e-08, 8.65627924895e-08, 8.81057289348e-08, 7.69011307966e-08, 7.35615515168e-08, 8.66709513048e-08, 1.29309270847e-07, 1.28097340735e-07, 1.19677665111e-07, 1.04791396893e-07, 7.99296699938e-08, 8.70422383059e-08, 5.68060833928e-08, 2.67847592994e-08, 1.17195302352e-08, 8.24039414482e-09, 5.95305582607e-09, 3.118496128e-09, 1.83166948275e-09, 1.62592239672e-09, 1.41863487624e-09, 5.04683184133e-10, 3.91744664485e-10, 3.80662862343e-10, 3.67699537485e-10, 3.54423629334e-10, 3.41953937388e-10, 3.29891919337e-10, 3.18838511149e-10, 3.08403080851e-10, 2.97493585322e-10, 2.88365997747e-10, 2.79868628272e-10, 2.7126817459e-10, 2.63319838156e-10, 2.56749177474e-10, 2.50836379445e-10, 2.44705367081e-10, 2.3979881969e-10, 2.3521948278e-10, 2.30608435126e-10, 2.28260216284e-10, 2.25699126055e-10, 2.23763271801e-10, 2.22585699872e-10]
    },
    "mfcc": {
        "mean": [-742.481384277, 190.371765137, -20.1010360718, 11.4818220139, -6.85146570206, -23.3260002136, -4.37417125702, 1.1392813921, -20.7215862274, 0.222427397966, -0.437995374203, -7.73893356323, 2.2049446106],
        "cov": [[595.737121582, 17.6716060638, -222.916564941, 101.883628845, -0.484793186188, 41.6100845337, 58.7009315491, -2.96341729164, -74.716583252, 62.4831809998, -5.39644145966, 14.7325582504, 16.708688736], [17.6716060638, 286.614898682, -49.6569023132, -45.6856040955, 3.16435194016, -45.8545761108, 87.3867874146, 2.86696505547, -24.9674701691, -26.4839401245, 29.0348911285, -27.2831954956, 5.34418821335], [-222.916564941, -49.6569023132, 458.220001221, 2.21712779999, -28.9243164062, 122.068603516, -44.4805526733, 14.3739490509, 4.23489093781, -114.789321899, -79.2445907593, 27.7289810181, 38.6036643982], [101.883628845, -45.6856040955, 2.21712779999, 316.222320557, 78.8007278442, -15.7605485916, -99.8388290405, -63.7135543823, 56.5201950073, -35.7747802734, -28.5076370239, -9.09543132782, 21.9622077942], [-0.484793186188, 3.16435194016, -28.9243164062, 78.8007278442, 141.764389038, 12.796872139, -52.1103553772, -24.1948413849, 39.2618179321, 12.5518503189, -8.91824817657, -16.0735931396, -10.7865228653], [41.6100845337, -45.8545761108, 122.068603516, -15.7605485916, 12.796872139, 217.95249939, 67.2302627563, 7.56993532181, -10.8928728104, -46.3558769226, -51.6268539429, 1.90984201431, -19.6364307404], [58.7009315491, 87.3867874146, -44.4805526733, -99.8388290405, -52.1103553772, 67.2302627563, 253.765029907, 87.4093933105, -90.3021621704, 5.92613554001, 4.87855100632, -3.301404953, -5.16639518738], [-2.96341729164, 2.86696505547, 14.3739490509, -63.7135543823, -24.1948413849, 7.56993532181, 87.4093933105, 146.619613647, 4.36043119431, 7.36440372467, 8.64941120148, -12.2705345154, -14.4691543579], [-74.716583252, -24.9674701691, 4.23489093781, 56.5201950073, 39.2618179321, -10.8928728104, -90.3021621704, 4.36043119431, 177.841003418, 17.1170749664, 3.57309150696, -12.331615448, -41.6245574951], [62.4831809998, -26.4839401245, -114.789321899, -35.7747802734, 12.5518503189, -46.3558769226, 5.92613554001, 7.36440372467, 17.1170749664, 149.413223267, 58.3840522766, 1.81826746464, -11.6730976105], [-5.39644145966, 29.0348911285, -79.2445907593, -28.5076370239, -8.91824817657, -51.6268539429, 4.87855100632, 8.64941120148, 3.57309150696, 58.3840522766, 121.312454224, 39.1758384705, -5.80458593369], [14.7325582504, -27.2831954956, 27.7289810181, -9.09543132782, -16.0735931396, 1.90984201431, -3.301404953, -12.2705345154, -12.331615448, 1.81826746464, 39.1758384705, 141.961471558, 85.7362365723], [16.708688736, 5.34418821335, 38.6036643982, 21.9622077942, -10.7865228653, -19.6364307404, -5.16639518738, -14.4691543579, -41.6245574951, -11.6730976105, -5.80458593369, 85.7362365723, 169.541290283]],
        "icov": [[0.00439686980098, -0.00247275643051, 0.00329098873772, -0.00322653283365, 0.0028590450529, -0.00417958199978, 0.00314669404179, -0.0030246367678, 0.00354849896394, -0.00360233453102, 0.00324817351066, -0.00270613539033, 0.00095168070402], [-0.00247275643051, 0.0076204626821, -0.00227422011085, 0.00318807410076, -0.00383770815097, 0.00513747567311, -0.0062321848236, 0.00449774414301, -0.0036965305917, 0.00544660491869, -0.0048998631537, 0.00446253316477, -0.00230383989401], [0.00329098873772, -0.00227422011085, 0.00625076005235, -0.00227720476687, 0.00338263646699, -0.00549247674644, 0.00467353640124, -0.00389010040089, 0.00291219074279, -0.00121043575928, 0.00362789351493, -0.00273914565332, 0.00014958398242], [-0.00322653283365, 0.00318807410076, -0.00227720476687, 0.0071962242946, -0.00451101735234, 0.00398956332356, -0.00283328862861, 0.00406922865659, -0.00413027405739, 0.00479612872005, -0.00286064506508, 0.00327002746053, -0.00219557085074], [0.0028590450529, -0.00383770815097, 0.00338263646699, -0.00451101735234, 0.0121993180364, -0.00582793820649, 0.00551194651052, -0.00323668681085, 0.00233582197689, -0.00480513088405, 0.00356606324203, -0.00201871548779, 0.001031812164], [-0.00417958199978, 0.00513747567311, -0.00549247674644, 0.00398956332356, -0.00582793820649, 0.0130611406639, -0.00862176250666, 0.00580169307068, -0.00483605777845, 0.00536822620779, -0.00207960302942, 0.00203378451988, 0.000440764473751], [0.00314669404179, -0.0062321848236, 0.00467353640124, -0.00283328862861, 0.00551194651052, -0.00862176250666, 0.0143039552495, -0.00905238930136, 0.0075452234596, -0.00518341502175, 0.00446456810459, -0.00395904527977, 0.00185512774624], [-0.0030246367678, 0.00449774414301, -0.00389010040089, 0.00406922865659, -0.00323668681085, 0.00580169307068, -0.00905238930136, 0.0138262612745, -0.00610348908231, 0.0040556169115, -0.00447435304523, 0.00443700375035, -0.00173111422919], [0.00354849896394, -0.0036965305917, 0.00291219074279, -0.00413027405739, 0.00233582197689, -0.00483605777845, 0.0075452234596, -0.00610348908231, 0.0120172323659, -0.00512499548495, 0.00385944591835, -0.00416986551136, 0.00377461523749], [-0.00360233453102, 0.00544660491869, -0.00121043575928, 0.00479612872005, -0.00480513088405, 0.00536822620779, -0.00518341502175, 0.0040556169115, -0.00512499548495, 0.0148821994662, -0.00790638569742, 0.00463899876922, -0.00250834296457], [0.00324817351066, -0.0048998631537, 0.00362789351493, -0.00286064506508, 0.00356606324203, -0.00207960302942, 0.00446456810459, -0.00447435304523, 0.00385944591835, -0.00790638569742, 0.017752090469, -0.00944837741554, 0.00490801874548], [-0.00270613539033, 0.00446253316477, -0.00273914565332, 0.00327002746053, -0.00201871548779, 0.00203378451988, -0.00395904527977, 0.00443700375035, -0.00416986551136, 0.00463899876922, -0.00944837741554, 0.0163430422544, -0.00860117189586], [0.00095168070402, -0.00230383989401, 0.00014958398242, -0.00219557085074, 0.001031812164, 0.000440764473751, 0.00185512774624, -0.00173111422919, 0.00377461523749, -0.00250834296457, 0.00490801874548, -0.00860117189586, 0.0114245610312]]
    },
    "spectral_contrast_coeffs": {
        "max": [-0.455381661654, -0.376314580441, -0.438528001308, -0.569342911243, -0.630199790001, -0.67424249649],
        "mean": [-0.662586569786, -0.652261435986, -0.691904187202, -0.751103103161, -0.74486130476, -0.82217001915],
        "min": [-0.887721896172, -0.899236381054, -0.869623184204, -0.921127676964, -0.88536798954, -0.952488481998],
        "stdev": [0.0716491937637, 0.0903944522142, 0.0806640535593, 0.0506645515561, 0.0471850372851, 0.0278973579407]
    },
    "spectral_contrast_valleys": {
        "max": [-6.25106716156, -5.46742582321, -6.64721393585, -7.31897783279, -7.76134729385, -10.3994293213],
        "mean": [-7.52933359146, -6.88513088226, -7.97096586227, -8.72548103333, -9.04474830627, -11.9208116531],
        "min": [-9.39125537872, -9.59457969666, -9.36730098724, -10.3558139801, -10.0522174835, -12.5348405838],
        "stdev": [0.509488582611, 0.444955348969, 0.410952121019, 0.367866009474, 0.357300490141, 0.228758841753]
    }
},
"rhythm": {
    "beats_count": 87,
    "beats_loudness": {
        "max": 0.130237132311,
        "mean": 0.02459250018,
        "min": 0.00393774081022,
        "stdev": 0.0227149520069
    },
    "bpm": 165.249923706,
    "bpm_histogram_first_peak_bpm": 167,
    "bpm_histogram_first_peak_weight": 0,
    "bpm_histogram_second_peak_bpm": 178,
    "bpm_histogram_second_peak_spread": 0,
    "bpm_histogram_second_peak_weight": 0.186046510935,
    "danceability": 0.870465457439,
    "onset_rate": 1.87646472454,
    "beats_loudness_band_ratio": {
        "max": [0.897976458073, 0.930613040924, 0.990096211433, 0.81075245142, 0.335291534662, 0.0470625646412],
        "mean": [0.135240629315, 0.299242556095, 0.445347219706, 0.162107437849, 0.0328862369061, 0.00524508673698],
        "min": [0.000627932429779, 0.00423716707155, 0.0249079018831, 0.000523873080965, 0.000659277255181, 0.000327161658788],
        "stdev": [0.174846664071, 0.273684173822, 0.28453746438, 0.219381377101, 0.0546645894647, 0.00626636296511]
    },
