{
"metadata": {
    "version": {
        "essentia": "2.1-beta5",
        "essentia_git_sha": "Undefined",
        "extractor": "music 2.0"
    },
    "audio_properties": {
        "analysis": {
            "equal_loudness": 0,
            "length": 37.1054878235,
            "sample_rate": 44100,
            "start_time": 158.998641968,
            "downmix": "mix"
        },
        "bit_rate": 192000,
        "length": 196.127349854,
        "lossless": 0,
        "number_channels": 2,
        "replay_gain": -8.55498886108,
        "sample_rate": 48000,
        "codec": "mp3",
        "md5_encoded": "eb75bc6a54589f10bbdf06107539ae1f"
    },
    "tags": {
        "file_name": "France_La Belle Amour_Paule Desjardins.mp3",
        "encoding": ["Lavf58.29.100"]
    }
},
"lowlevel": {
    "average_loudness": 0.366846442223,
    "barkbands_crest": {
        "max": 26.8741970062,
        "mean": 14.3230409622,
        "min": 2.84495162964,
        "stdev": 7.0636715889
    },
    "barkbands_flatness_db": {
        "max": 0.507706940174,
        "mean": 0.279097408056,
        "min": 0.0940980911255,
        "stdev": 0.0845178440213
    },
    "barkbands_kurtosis": {
        "max": 1136.24584961,
        "mean": 39.7682571411,
        "min": -1.39831626415,
        "stdev": 103.301811218
    },
    "barkbands_skewness": {
        "max": 27.9344825745,
        "mean": 2.72337913513,
        "min": -2.13836216927,
        "stdev": 3.93677425385
    },
    "barkbands_spread": {
        "max": 95.2652206421,
        "mean": 6.97420549393,
        "min": 0.115325182676,
        "stdev": 6.25827455521
    },
    "dissonance": {
        "max": 0.500000119209,
        "mean": 0.395852655172,
        "min": 0.183981150389,
        "stdev": 0.0726486667991
    },
    "dynamic_complexity": 4.60731887817,
    "erbbands_crest": {
        "max": 32.7677841187,
        "mean": 16.3948936462,
        "min": 3.02270722389,
        "stdev": 8.66403007507
    },
    "erbbands_flatness_db": {
        "max": 0.46375349164,
        "mean": 0.292689472437,
        "min": 0.0453195646405,
        "stdev": 0.0657130926847
    },
    "erbbands_kurtosis": {
        "max": 225.591445923,
        "mean": 14.9715852737,
        "min": -1.35502517223,
        "stdev": 32.1617736816
    },
    "erbbands_skewness": {
        "max": 12.2804050446,
        "mean": 1.96073198318,
        "min": -2.72041130066,
        "stdev": 2.40411996841
    },
    "erbbands_spread": {
        "max": 64.6229476929,
        "mean": 14.646320343,
        "min": 0.604608118534,
        "stdev": 10.6263303757
    },
    "hfc": {
        "max": 70.6134338379,
        "mean": 7.84338474274,
        "min": 4.88238583785e-07,
        "stdev": 9.45431423187
    },
    "loudness_ebu128": {
        "integrated": -18.0911769867,
        "loudness_range": 9.29725933075,
        "momentary": {
            "max": -12.2724161148,
            "mean": -20.3004055023,
            "min": -37.9467086792,
            "stdev": 4.66283035278
        },
        "short_term": {
            "max": -13.212387085,
            "mean": -19.3778152466,
            "min": -28.2985095978,
            "stdev": 3.34046220779
        }
    },
    "melbands_crest": {
        "max": 33.1847572327,
        "mean": 17.451883316,
        "min": 3.3859899044,
        "stdev": 8.35057926178
    },
    "melbands_flatness_db": {
        "max": 0.546504855156,
        "mean": 0.31357049942,
        "min": 0.0835461765528,
        "stdev": 0.102517545223
    },
    "melbands_kurtosis": {
        "max": 274.139129639,
        "mean": 24.7258472443,
        "min": -1.40739738941,
        "stdev": 44.574016571
    },
    "melbands_skewness": {
        "max": 9.91864585876,
        "mean": 2.11852550507,
        "min": -1.9101536274,
        "stdev": 2.17866873741
    },
    "melbands_spread": {
        "max": 77.6711120605,
        "mean": 10.2224664688,
        "min": 0.268028199673,
        "stdev": 9.04076004028
    },
    "pitch_salience": {
        "max": 0.88613986969,
        "mean": 0.481413185596,
        "min": 0.0419881492853,
        "stdev": 0.213029533625
    },
    "silence_rate_20dB": {
        "max": 1,
        "mean": 1,
        "min": 1,
        "stdev": 0
    },
    "silence_rate_30dB": {
        "max": 1,
        "mean": 1,
        "min": 1,
        "stdev": 0
    },
    "silence_rate_60dB": {
        "max": 1,
        "mean": 0.15572232008,
        "min": 0,
        "stdev": 0.362589329481
    },
    "spectral_centroid": {
        "max": 3992.4074707,
        "mean": 716.193481445,
        "min": 223.994262695,
        "stdev": 403.770568848
    },
    "spectral_complexity": {
        "max": 32,
        "mean": 8.22951889038,
        "min": 0,
        "stdev": 6.35615253448
    },
    "spectral_decrease": {
        "max": -4.42172473552e-17,
        "mean": -3.82243658947e-09,
        "min": -2.64924331361e-08,
        "stdev": 4.2266043998e-09
    },
    "spectral_energy": {
        "max": 0.106334812939,
        "mean": 0.0151381753385,
        "min": 2.11170692044e-10,
        "stdev": 0.0166924707592
    },
    "spectral_energyband_high": {
        "max": 0.000119405318401,
        "mean": 1.5219398847e-05,
        "min": 3.64995186852e-11,
        "stdev": 1.93913783733e-05
    },
    "spectral_energyband_low": {
        "max": 0.0232129450887,
        "mean": 0.00133663311135,
        "min": 8.32905133752e-11,
        "stdev": 0.0027505455073
    },
    "spectral_energyband_middle_high": {
        "max": 0.0714943483472,
        "mean": 0.00244474969804,
        "min": 6.55507896227e-12,
        "stdev": 0.00606969371438
    },
    "spectral_energyband_middle_low": {
        "max": 0.101613745093,
        "mean": 0.0117992106825,
        "min": 3.41566792211e-12,
        "stdev": 0.0159264672548
    },
    "spectral_entropy": {
        "max": 8.82120990753,
        "mean": 6.37380838394,
        "min": 4.01220989227,
        "stdev": 0.891371369362
    },
    "spectral_flux": {
        "max": 0.223511427641,
        "mean": 0.0459878779948,
        "min": 1.10125820356e-05,
        "stdev": 0.0320384055376
    },
    "spectral_kurtosis": {
        "max": 56.996383667,
        "mean": 14.1529951096,
        "min": 0.406768798828,
        "stdev": 9.72867298126
    },
    "spectral_rms": {
        "max": 0.0101853460073,
        "mean": 0.00337542267516,
        "min": 4.5389447223e-07,
        "stdev": 0.00183724379167
    },
    "spectral_rolloff": {
        "max": 8936.27929688,
        "mean": 800.770019531,
        "min": 107.666015625,
        "stdev": 574.600280762
    },
    "spectral_skewness": {
        "max": 6.23772907257,
        "mean": 2.72220897675,
        "min": 0.87027913332,
        "stdev": 0.989617705345
    },
    "spectral_spread": {
        "max": 11623430,
        "mean": 2600821,
        "min": 1247019.875,
        "stdev": 722300.75
    },
    "spectral_strongpeak": {
        "max": 9.37596321106,
        "mean": 1.26553177834,
        "min": 0,
        "stdev": 1.33192443848
    },
    "zerocrossingrate": {
        "max": 0.31884765625,
        "mean": 0.0314692519605,
        "min": 0.00390625,
        "stdev": 0.0193624626845
    },
    "barkbands": {
        "max": [4.60249029857e-05, 0.0171726346016, 0.00588835496455, 0.0130397398025, 0.0259721651673, 0.0904489010572, 0.011446710676, 0.0393469184637, 0.0972331687808, 0.0764318108559, 0.013242572546, 0.0103772496805, 0.00892229191959, 0.00530778197572, 0.00138548773248, 0.000855803431477, 0.000863312452566, 0.000434688088717, 0.000559432781301, 0.000197874105652, 5.04462259414e-05, 3.26503468386e-05, 2.00731192308e-05, 1.94068106794e-05, 2.73336718237e-06, 1.59953606271e-06, 1.6970299157e-06],
        "mean": [1.88115711808e-06, 0.000828145828564, 0.00037220021477, 0.00029904404073, 0.000960741366725, 0.0069231512025, 0.000416535011027, 0.000860413594637, 0.00181563023943, 0.00120772700757, 0.000373371411115, 0.000399328419007, 0.000239615692408, 0.000186502758879, 8.65093970788e-05, 5.51793673367e-05, 3.05294561258e-05, 3.68335749954e-05, 2.4774681151e-05, 9.14740394364e-06, 3.46636579707e-06, 3.15342208523e-06, 2.44741431743e-06, 1.57708620918e-06, 2.68997297326e-07, 1.42966094518e-09, 1.5147419985e-09],
        "min": [1.32832841948e-10, 6.78085972788e-12, 2.65812328745e-13, 1.53810232779e-13, 5.15486416573e-13, 8.86602206582e-13, 4.0399207959e-13, 3.04869682017e-13, 4.20753953597e-13, 1.23196700237e-13, 2.58205945774e-13, 3.66400133974e-13, 3.6996360836e-13, 7.67592749345e-13, 1.00018864718e-12, 9.4068969194e-13, 6.46088326069e-13, 2.42718090635e-13, 8.48875819897e-13, 2.19236976663e-12, 1.40287141712e-12, 1.7350947068e-12, 2.03111854592e-12, 3.04747871903e-12, 6.05786297861e-12, 8.48682756016e-12, 1.27865582705e-11],
        "stdev": [2.59779790213e-06, 0.00202539749444, 0.000755159708206, 0.000998169416562, 0.00200068764389, 0.0142258713022, 0.000755260407459, 0.00291438680142, 0.00735709583387, 0.00561983184889, 0.00104482367169, 0.00107780878898, 0.000552809564397, 0.000427658960689, 0.000184289208846, 0.000120358228742, 7.08417210262e-05, 5.5207128753e-05, 4.92315593874e-05, 1.5120082935e-05, 6.20885703029e-06, 4.85908321934e-06, 3.1537117593e-06, 2.15357840716e-06, 2.83986679506e-07, 3.99863040457e-08, 4.2423543789e-08]
    },
    "erbbands": {
        "max": [0.121166937053, 4.88565349579, 10.7553787231, 25.6774749756, 49.1222724915, 104.004165649, 295.601135254, 1152.94470215, 245.30317688, 407.523376465, 1228.15148926, 2611.12695312, 2744.84570312, 1516.30200195, 426.693023682, 419.49230957, 485.853973389, 293.50012207, 138.604751587, 59.5302467346, 55.9358139038, 45.4828071594, 24.1565132141, 35.8206176758, 12.8449296951, 8.30231761932, 3.09815335274, 1.49417245388, 1.47365546227, 0.890417695045, 0.652865290642, 0.594225525856, 0.264942079782, 0.070926733315, 0.0112300142646, 0.00638615433127, 0.00295650213957, 0.00105261802673, 0.000241830959567, 0.000121933684568],
        "mean": [0.00686903204769, 0.234269455075, 0.576851606369, 0.670045375824, 1.71169555187, 3.88143491745, 13.7143268585, 80.8910522461, 17.6751098633, 8.01848697662, 24.9510650635, 40.3629150391, 46.417350769, 23.2753009796, 15.9510011673, 15.588637352, 10.8756780624, 11.1502981186, 5.93938970566, 4.19348621368, 2.74092316628, 1.73840725422, 2.13863992691, 1.74213624001, 0.793699204922, 0.376915335655, 0.222593516111, 0.120508909225, 0.122724704444, 0.0844258517027, 0.0696926414967, 0.0430651903152, 0.0202496256679, 0.00553253851831, 0.000745582859963, 3.36631746904e-05, 8.74751822266e-06, 2.19826119974e-06, 7.6012770478e-06, 1.71717656485e-05],
        "min": [1.27791144333e-09, 4.68940553056e-10, 3.27891575003e-10, 5.5000742849e-10, 1.21312004886e-09, 1.88340121277e-09, 4.88714713143e-09, 6.72766731213e-09, 5.87899773308e-09, 6.18815620967e-09, 5.05890618285e-09, 9.01745877968e-09, 7.11916037233e-09, 6.89651669106e-09, 9.64630508804e-09, 1.68549476598e-08, 1.86459345741e-08, 2.37941293335e-08, 4.91369895883e-08, 6.78138647459e-08, 4.43109264836e-08, 4.0747018204e-08, 1.70386122988e-08, 2.69471680525e-08, 6.50353157994e-08, 9.94806725885e-08, 5.11803577297e-08, 7.33033473921e-08, 7.03631002352e-08, 5.92059166138e-08, 5.5760917661e-08, 5.41543343502e-08, 4.91872178543e-08, 5.55311672201e-08, 5.22664578284e-08, 3.78006745905e-08, 1.5121589314e-08, 7.12588121843e-09, 2.28235830235e-09, 1.2943626726e-10],
        "stdev": [0.0159760694951, 0.571523308754, 1.25700306892, 2.17301273346, 3.69137454033, 8.74438285828, 25.5148849487, 178.316360474, 30.0388278961, 22.4323921204, 88.8563537598, 169.806106567, 199.866714478, 74.1297912598, 37.1810493469, 41.5903205872, 25.7584648132, 22.0250263214, 12.9988718033, 8.4920167923, 5.89336061478, 3.8201212883, 3.15507626534, 3.53571367264, 1.25666260719, 0.555218100548, 0.335858285427, 0.216344118118, 0.195506319404, 0.124627068639, 0.0900064781308, 0.0572218336165, 0.0291546620429, 0.00653262669221, 0.000542572699487, 0.000159883129527, 7.3992232501e-05, 2.6322715712e-05, 9.96393828245e-06, 1.88100530067e-05]
    },
    "gfcc": {
        "mean": [-145.029281616, 157.910171509, -145.339996338, 12.5858955383, -76.8064727783, -2.00114035606, -38.1754722595, -11.3940877914, -9.60601902008, -19.6270503998, 17.6770019531, -13.9013633728, 7.82767915726],
        "cov": [[3206.12207031, 190.469726562, -1214.77856445, -371.6277771, -26.2818088531, 82.1860351562, 342.638183594, 57.1036148071, 144.196548462, -267.422271729, -90.3199768066, -234.024993896, -180.49130249], [190.469726562, 538.181030273, 477.02722168, 54.5895195007, 192.816467285, -51.5370178223, 98.5663909912, 29.6140727997, -32.8167991638, -21.6111354828, 72.8963623047, -36.0887565613, -47.8221664429], [-1214.77856445, 477.02722168, 1575.83166504, 320.417480469, 132.44039917, -179.026794434, -138.957214355, -88.4281997681, -45.2718086243, 155.641586304, 236.310195923, 192.364044189, 93.3510894775], [-371.6277771, 54.5895195007, 320.417480469, 495.439971924, 116.725868225, 119.634132385, 4.98626327515, 5.3215880394, -36.7399559021, 37.3554992676, -55.5573768616, -8.2636423111, -24.8876819611], [-26.2818088531, 192.816467285, 132.44039917, 116.725868225, 259.454467773, 108.551971436, 111.341850281, 76.8739013672, 7.00621986389, 23.6903190613, 10.0383768082, -24.3212566376, -24.3367366791], [82.1860351562, -51.5370178223, -179.026794434, 119.634132385, 108.551971436, 349.376159668, 174.882659912, 121.191558838, 24.705083847, 18.0792942047, -61.9842414856, -66.1500930786, -50.7477912903], [342.638183594, 98.5663909912, -138.957214355, 4.98626327515, 111.341850281, 174.882659912, 285.388031006, 155.501586914, 30.1152896881, -27.5672988892, 7.91375160217, -61.842464447, -81.5528640747], [57.1036148071, 29.6140727997, -88.4281997681, 5.3215880394, 76.8739013672, 121.191558838, 155.501586914, 176.851898193, 67.5114517212, 4.80263710022, -8.68785095215, -54.2905006409, -52.3971481323], [144.196548462, -32.8167991638, -45.2718086243, -36.7399559021, 7.00621986389, 24.705083847, 30.1152896881, 67.5114517212, 143.192657471, 56.5311279297, 17.6656112671, -5.11039113998, 9.16118812561], [-267.422271729, -21.6111354828, 155.641586304, 37.3554992676, 23.6903190613, 18.0792942047, -27.5672988892, 4.80263710022, 56.5311279297, 131.316543579, 74.4516143799, 46.7312698364, 48.1134223938], [-90.3199768066, 72.8963623047, 236.310195923, -55.5573768616, 10.0383768082, -61.9842414856, 7.91375160217, -8.68785095215, 17.6656112671, 74.4516143799, 188.742904663, 107.023483276, 39.2998466492], [-234.024993896, -36.0887565613, 192.364044189, -8.2636423111, -24.3212566376, -66.1500930786, -61.842464447, -54.2905006409, -5.11039113998, 46.7312698364, 107.023483276, 158.659362793, 103.89238739], [-180.49130249, -47.8221664429, 93.3510894775, -24.8876819611, -24.3367366791, -50.7477912903, -81.5528640747, -52.3971481323, 9.16118812561, 48.1134223938, 39.2998466492, 103.89238739, 143.053604126]],
        "icov": [[0.00140998605639, -0.00193020747975, 0.00153951987159, -0.000477567664348, 0.000766926503275, -0.000488336430863, -0.00109010655433, 0.00287702772766, -0.00342512573116, 0.00281148590147, -0.00178411568049, 0.000681173114572, -0.000295231147902], [-0.00193020747975, 0.00927136745304, -0.0044123372063, 0.00124424439855, -0.00499393139035, 0.00224886834621, -0.000979022006504, -0.00226131547242, 0.00446763541549, 0.000276640435914, -0.00104166544043, 0.00571788754314, -0.00192397809587], [0.00153951987159, -0.0044123372063, 0.00376249523833, -0.00169261719566, 0.00162723637186, -0.000349950627424, 0.000144567165989, 0.00226720399223, -0.00322321173735, 0.00119301967788, -0.00213956087828, -0.00175341498107, 0.000449554820079], [-0.000477567664348, 0.00124424439855, -0.00169261719566, 0.00402916641906, -0.00147667981219, -0.000781581969932, 0.000156047506607, -0.000468407321023, 0.00200722157024, -0.00266616349109, 0.00397637719288, -0.00208029150963, 0.00219440017827], [0.000766926503275, -0.00499393139035, 0.00162723637186, -0.00147667981219, 0.0086971828714, -0.00181093381252, -0.000890248455107, -0.00044305328629, -0.0010788141517, -0.00138747913297, 0.000529260840267, -0.00190704967827, -7.78847170295e-05], [-0.000488336430863, 0.00224886834621, -0.000349950627424, -0.000781581969932, -0.00181093381252, 0.00696461740881, -0.00361513835378, -0.00183027831372, 0.00244448380545, -0.00401619216427, 0.00285184965469, 0.00010990483861, -9.75074453891e-06], [-0.00109010655433, -0.000979022006504, 0.000144567165989, 0.000156047506607, -0.000890248455107, -0.00361513835378, 0.0127562712878, -0.00884744990617, 0.00280559645034, 0.00111917685717, -0.00262464000843, -0.00155531370547, 0.00212228763849], [0.00287702772766, -0.00226131547242, 0.00226720399223, -0.000468407321023, -0.00044305328629, -0.00183027831372, -0.00884744990617, 0.0211727507412, -0.0126639567316, 0.00681237922981, -0.00379462679848, 0.0041809566319, -0.000174518980202], [-0.00342512573116, 0.00446763541549, -0.00322321173735, 0.00200722157024, -0.0010788141517, 0.00244448380545, 0.00280559645034, -0.0126639567316, 0.0205646920949, -0.0137404846027, 0.00594160053879, -0.00193453580141, 0.00034618366044], [0.00281148590147, 0.000276640435914, 0.00119301967788, -0.00266616349109, -0.00138747913297, -0.00401619216427, 0.00111917685717, 0.00681237922981, -0.0137404846027, 0.0277486555278, -0.0164384357631, 0.0114816930145, -0.00840552337468], [-0.00178411568049, -0.00104166544043, -0.00213956087828, 0.00397637719288, 0.000529260840267, 0.00285184965469, -0.00262464000843, -0.00379462679848, 0.00594160053879, -0.0164384357631, 0.0240672528744, -0.0187980644405, 0.00989283528179], [0.000681173114572, 0.00571788754314, -0.00175341498107, -0.00208029150963, -0.00190704967827, 0.00010990483861, -0.00155531370547, 0.0041809566319, -0.00193453580141, 0.0114816930145, -0.0187980644405, 0.0323080085218, -0.0181246940047], [-0.000295231147902, -0.00192397809587, 0.000449554820079, 0.00219440017827, -7.78847170295e-05, -9.75074453891e-06, 0.00212228763849, -0.000174518980202, 0.00034618366044, -0.00840552337468, 0.00989283528179, -0.0181246940047, 0.0204425025731]]
    },
    "melbands": {
        "max": [0.00289960578084, 0.00608425633982, 0.00462697120383, 0.00696474453434, 0.00806931313127, 0.0222532227635, 0.00359031255357, 0.00510620465502, 0.0119434623048, 0.0143546545878, 0.0140630416572, 0.00715206936002, 0.00170018174686, 0.00121923408005, 0.00119542656466, 0.000894630269613, 0.000651819747873, 0.000340284372214, 0.000121231030789, 6.80491648382e-05, 6.33311865386e-05, 5.96606878389e-05, 2.53594153037e-05, 2.32771017181e-05, 3.35341464961e-05, 1.4332338651e-05, 1.30576390802e-05, 6.22359448244e-06, 2.88732962872e-06, 1.13103862986e-06, 8.46959835599e-07, 8.80265702108e-07, 7.07240189968e-07, 5.63722096558e-07, 4.58991280539e-07, 3.22834637245e-07, 3.54920274503e-07, 1.98781691552e-07, 1.34381309636e-07, 3.76939190971e-08],
        "mean": [0.00014570269559, 0.000316560821375, 0.000144008750794, 0.000199156318558, 0.000435757508967, 0.00160439335741, 0.000231806930969, 9.72544585238e-05, 0.000224583476665, 0.000259067688603, 0.000231438010815, 9.80252370937e-05, 5.17195294378e-05, 4.54954788438e-05, 3.07942536892e-05, 2.44936236413e-05, 2.00769336516e-05, 1.01489449662e-05, 6.46937087367e-06, 4.64317281512e-06, 2.84566999653e-06, 1.83533950349e-06, 1.59466856076e-06, 1.92210109162e-06, 1.41544012422e-06, 7.02561180788e-07, 3.89000263112e-07, 2.2047848347e-07, 1.72753701122e-07, 7.75558532951e-08, 6.5013878725e-08, 7.12556627036e-08, 5.52458416792e-08, 4.3966633001e-08, 4.19542196539e-08, 3.1834858305e-08, 2.4546974231e-08, 1.63414544119e-08, 7.59354712443e-09, 3.55654439232e-09],
        "min": [1.85962061722e-11, 2.26206857065e-13, 1.02067266856e-13, 1.07359881076e-13, 1.45344321431e-13, 1.64007980916e-13, 8.43137273323e-14, 8.22273970918e-14, 3.98364745054e-14, 5.93669671799e-14, 3.38806368757e-14, 2.57980875567e-14, 3.38550192112e-14, 4.417438095e-14, 3.91956093775e-14, 3.12973151356e-14, 4.75263545966e-14, 8.57848406026e-14, 8.22878413629e-14, 7.49286293818e-14, 4.66397685988e-14, 4.82050414397e-14, 1.54990003985e-14, 1.37329053633e-14, 2.1349709381e-14, 3.56992335541e-14, 6.60236974684e-14, 6.78471222346e-14, 3.41187683303e-14, 2.58966804977e-14, 5.15479281168e-14, 4.32582267262e-14, 2.26202486375e-14, 3.86935729497e-14, 3.4741991456e-14, 2.55168438191e-14, 3.62118002955e-14, 2.69049614131e-14, 5.10503945161e-14, 4.53113397226e-14],
        "stdev": [0.000351483904524, 0.000699556374457, 0.000369975023204, 0.000439902883954, 0.000772186904214, 0.00344153912738, 0.000405218481319, 0.000303447828628, 0.000858145300299, 0.00109195476398, 0.00102942378726, 0.000356628035661, 0.000135509602842, 0.000117954812595, 9.37429213081e-05, 5.76131205889e-05, 4.29340943811e-05, 2.57432711805e-05, 1.45655440065e-05, 9.49904551817e-06, 6.46911985314e-06, 4.42627970187e-06, 2.65059861704e-06, 3.07760956275e-06, 3.2174439184e-06, 1.35464722462e-06, 8.51966660775e-07, 3.54787488277e-07, 2.87841032787e-07, 1.45285710573e-07, 1.27683250639e-07, 1.17890110118e-07, 9.05039527765e-08, 6.91625174909e-08, 5.7858589031e-08, 4.23720827314e-08, 3.38304779746e-08, 2.39269990487e-08, 1.17487699569e-08, 3.6108291912e-09]
    },
    "melbands128": {
        "max": [2.41215511778e-05, 0.00028761246358, 0.00319145084359, 0.0108070326969, 0.0080582331866, 0.00228670448996, 0.00549583556131, 0.00623540952802, 0.00381736457348, 0.0121729383245, 0.00543442368507, 0.00860584713519, 0.0149819869548, 0.01802168414, 0.0378515534103, 0.0299130938947, 0.00486104702577, 0.00343655003235, 0.00242649344727, 0.00530872913077, 0.0087677994743, 0.00950067676604, 0.0188436191529, 0.0268054492772, 0.0297425817698, 0.0255685318261, 0.0293478425592, 0.0277719385922, 0.0188452471048, 0.0170503184199, 0.00286522740498, 0.00447706272826, 0.00342712574638, 0.00192473770585, 0.00200632051565, 0.00191813870333, 0.00273963669315, 0.00232087331824, 0.00126107269898, 0.00236490229145, 0.00115020258818, 0.000665233354084, 0.00123462802731, 0.000637787976302, 0.00112910510506, 0.000305582972942, 0.000203282252187, 0.000193691812456, 0.000206546479603, 0.000114164504339, 0.000127033184981, 0.000114516449685, 8.1049875007e-05, 5.96039681113e-05, 9.73686474026e-05, 6.94588961778e-05, 5.70432530367e-05, 5.56918494112e-05, 2.85473688564e-05, 5.28481868969e-05, 3.21656043525e-05, 3.89393571822e-05, 7.46023652027e-05, 6.6261687607e-05, 3.06460751744e-05, 2.92047570838e-05, 2.15210257011e-05, 9.87455132417e-06, 2.61240147665e-05, 5.37243840881e-06, 1.3849455172e-05, 7.28805616745e-06, 5.7279567045e-06, 6.44903138891e-06, 2.5428621484e-06, 2.7369583222e-06, 1.39662074616e-06, 1.26855388771e-06, 1.1996351077e-06, 1.43991087498e-06, 1.37586278015e-06, 1.99494206754e-06, 1.33378330247e-06, 1.30092655581e-06, 6.50528136248e-07, 8.64331184403e-07, 1.40290592299e-06, 6.58519127228e-07, 9.37556535519e-07, 6.02628233537e-07, 4.75725016713e-07, 3.61027474582e-07, 4.78355730138e-07, 5.00939449921e-07, 2.84734568368e-07, 3.33313550982e-07, 3.04797282524e-07, 2.09757473613e-07, 1.97059208062e-07, 9.78786474093e-08, 1.01924591434e-07, 4.12326492949e-08, 2.08562909165e-08, 1.16883676071e-08, 1.25587167332e-08, 1.2597584309e-08, 1.20159144856e-08, 1.14834621812e-08, 1.10205053971e-08, 1.05773336756e-08, 1.01148982523e-08, 9.7391774645e-09, 9.36971922272e-09, 9.0233065464e-09, 8.72431549226e-09, 8.4460642924e-09, 8.1779969463e-09, 7.94261367787e-09, 7.71902541885e-09, 7.50789563853e-09, 7.32924920754e-09, 7.17939130368e-09, 7.02459157509e-09, 6.90965462624e-09, 6.81376643996e-09, 6.72265043633e-09, 6.66443256137e-09, 6.62861054934e-09],
        "mean": [1.38921643611e-06, 1.01342575363e-05, 0.000148321851157, 0.000505568576045, 0.000392328511225, 0.000142970631714, 0.000120793352835, 0.000157976071932, 0.000153236891492, 0.000220265836106, 0.000218835906708, 0.000175026449142, 0.00024031601788, 0.000900144339539, 0.00259957066737, 0.00149862735998, 0.000276009755908, 6.36385157122e-05, 4.99140915053e-05, 6.90154338372e-05, 0.000126867511426, 0.000162395517691, 0.00025828089565, 0.000255084305536, 0.000259409629507, 0.000266779621597, 0.0002423573751, 0.000265085196588, 0.000190994207514, 0.00010883052164, 6.91450477461e-05, 5.80950618314e-05, 4.61718482256e-05, 5.40872606507e-05, 4.70861377835e-05, 4.04566162615e-05, 4.70611848868e-05, 3.32386043738e-05, 1.86246616067e-05, 1.97753361135e-05, 2.92852528219e-05, 2.71860717476e-05, 1.98631842068e-05, 1.70461389644e-05, 1.39824087455e-05, 8.43051839183e-06, 6.32227556707e-06, 6.6731440711e-06, 6.85861823513e-06, 4.8203901315e-06, 4.45276191385e-06, 4.55429426438e-06, 2.75835441244e-06, 2.24814266403e-06, 2.45345131589e-06, 1.71056615272e-06, 1.50072719407e-06, 1.31546607918e-06, 1.35911443522e-06, 2.63876449935e-06, 2.12418535739e-06, 1.30059197545e-06, 1.51166204887e-06, 1.5901897541e-06, 9.8749251265e-07, 7.15625901648e-07, 5.18576939612e-07, 3.89385348853e-07, 4.53470619277e-07, 2.05083154015e-07, 1.66991739547e-07, 2.59154830928e-07, 2.76347265071e-07, 1.35234685672e-07, 8.61542304165e-08, 8.46909031793e-08, 6.66952004735e-08, 6.64956019136e-08, 6.67649047159e-08, 6.33866221733e-08, 5.93948250582e-08, 9.02241410472e-08, 6.5932304949e-08, 5.07281505691e-08, 4.43859242694e-08, 4.56793962655e-08, 4.59708999756e-08, 3.76413993308e-08, 4.47265229297e-08, 4.24363335583e-08, 3.40124159948e-08, 2.92005815083e-08, 2.66597961485e-08, 2.52041676418e-08, 2.28355343523e-08, 2.09135464502e-08, 1.47888421509e-08, 1.03151238662e-08, 8.06203548365e-09, 5.8958300464e-09, 4.56916726677e-09, 3.15964210351e-09, 2.36423702837e-09, 1.64842284267e-09, 2.57961541017e-10, 1.14826724518e-11, 1.06476025913e-11, 1.02300954166e-11, 9.82789370718e-12, 9.42976339374e-12, 9.05093621578e-12, 8.70834480915e-12, 8.38591088931e-12, 8.07666607205e-12, 7.81390317034e-12, 7.58226814668e-12, 7.38059179745e-12, 7.09789995876e-12, 6.88850929423e-12, 6.70271390474e-12, 6.54350141779e-12, 6.40744532085e-12, 6.27951683707e-12, 6.1731010928e-12, 6.05379028157e-12, 5.91873468639e-12, 5.83726253098e-12, 5.80153026314e-12],
        "min": [5.3126839733e-11, 1.7683301004e-11, 2.03072975102e-12, 3.5226704366e-13, 1.55650489784e-13, 1.16657944698e-13, 1.28995691082e-13, 3.94446201233e-14, 1.59680984256e-13, 9.24545203308e-14, 1.07890625145e-13, 7.93992557249e-14, 1.64288911251e-13, 2.18955374122e-13, 1.0623522461e-13, 1.31082997104e-13, 1.0536044964e-13, 2.22235644736e-14, 9.07938885208e-14, 3.30883663025e-14, 9.60972227899e-14, 3.91916588158e-14, 2.15527516488e-14, 5.0129324113e-14, 6.09958793001e-14, 5.55663540625e-14, 6.52223568665e-14, 2.49550509109e-14, 1.9618506174e-14, 9.88320160439e-15, 2.58534767352e-14, 6.03178260377e-14, 3.13969024932e-14, 1.79465241225e-14, 3.44530414126e-14, 5.96430863682e-14, 5.15106281739e-14, 1.61401026956e-14, 5.00863795425e-14, 5.63836019432e-14, 2.04657017516e-14, 1.14441190018e-14, 1.84427770094e-14, 9.88883454289e-14, 8.01398742289e-14, 6.30477522403e-14, 3.81464032183e-14, 4.90008356699e-14, 9.05250605921e-14, 6.98705348678e-14, 6.12462215817e-14, 2.89872225073e-14, 7.13411602471e-14, 3.5460217797e-14, 3.37214997137e-14, 7.12366634865e-14, 3.99353300266e-14, 1.05920106331e-14, 8.16748639478e-15, 1.94635279438e-14, 1.3288752626e-14, 1.03450920587e-14, 1.50061458078e-14, 2.10448994928e-14, 4.06598582928e-14, 2.07842827015e-14, 4.90750459204e-14, 5.03196354756e-14, 8.39879178032e-14, 6.30160732081e-14, 7.34117898849e-14, 7.08262523066e-14, 4.71378476888e-14, 2.39523739655e-14, 1.95558850282e-14, 2.92532382866e-14, 2.77717098992e-14, 2.47052354838e-14, 7.89032264547e-14, 4.60987754317e-14, 3.80753507065e-14, 4.70955197583e-14, 3.97942922646e-14, 6.04274490417e-15, 2.55493800487e-14, 2.92306394476e-14, 5.98428573947e-14, 2.72017786985e-14, 4.20866547992e-14, 2.65727229039e-14, 2.46896737945e-14, 2.08941801442e-14, 3.51431022141e-14, 4.07018440219e-14, 3.24350125209e-14, 3.27773256399e-14, 1.75501245616e-14, 2.40759340497e-14, 7.73519703151e-14, 4.55575383191e-14, 3.87194379477e-14, 4.8238651707e-14, 4.92441882356e-14, 3.7671041552e-14, 6.82104045013e-14, 5.87631343325e-14, 7.39203484664e-14, 6.29834997091e-14, 5.18395073504e-14, 4.39953554544e-14, 5.23513287028e-14, 5.93141733104e-14, 4.05199013448e-14, 2.22681641464e-14, 2.92549154118e-14, 4.60425222796e-14, 5.15760801038e-14, 7.00782273465e-14, 6.55500434206e-14, 6.55408954648e-14, 6.8885354235e-14, 6.85414453059e-14, 4.83336176529e-14, 2.99845495926e-14, 2.34341642906e-14, 1.02668914359e-14, 2.17461987274e-15, 9.43035264449e-17],
        "stdev": [1.62683170402e-06, 2.25536641665e-05, 0.000377264921553, 0.00125722098164, 0.000932221708354, 0.00028080897755, 0.000510133453645, 0.00047479281784, 0.000376246491214, 0.000667178421281, 0.000572665769141, 0.000588581664488, 0.000834107690025, 0.0020413226448, 0.0060480707325, 0.00362324668095, 0.000549032352865, 0.000166093435837, 0.000103249294625, 0.000277467159322, 0.000538096646778, 0.000625513086561, 0.00121468503494, 0.00157656450756, 0.00164020562079, 0.00147603324149, 0.00146946765017, 0.00166576250922, 0.00120807241183, 0.000611574738286, 0.000235572893871, 0.000240250126808, 0.000187408862985, 0.000170239771251, 0.000177502035513, 0.000155564135639, 0.000182564996067, 0.000152575448737, 5.85751768085e-05, 9.22559556784e-05, 8.15113235149e-05, 6.95857816027e-05, 6.68150023557e-05, 5.0089751312e-05, 5.90139097767e-05, 2.28202734434e-05, 1.67872512975e-05, 1.83828433364e-05, 1.80795268534e-05, 1.2169069123e-05, 1.07974437924e-05, 1.16234987217e-05, 7.78791581979e-06, 6.27753979643e-06, 6.51478421787e-06, 4.83575149701e-06, 4.48678702014e-06, 3.61263755622e-06, 2.53007283391e-06, 5.31403702553e-06, 4.16822194893e-06, 3.17012359119e-06, 4.46539024779e-06, 4.49257458968e-06, 2.42047576648e-06, 1.94274957721e-06, 1.37706842906e-06, 8.65774723025e-07, 1.50352343553e-06, 4.19086461534e-07, 5.48456455363e-07, 5.25766949977e-07, 5.62681123029e-07, 3.44686640119e-07, 1.93055612385e-07, 1.81426926815e-07, 1.46568524428e-07, 1.47842541764e-07, 1.44765536447e-07, 1.39344550121e-07, 1.16627198565e-07, 1.81445031444e-07, 1.2512629155e-07, 1.08424067946e-07, 8.18389267465e-08, 8.27833872563e-08, 8.87379911774e-08, 6.82926568629e-08, 7.91014471702e-08, 6.37734842712e-08, 5.29561745566e-08, 4.40021707959e-08, 4.08915177275e-08, 4.08580369538e-08, 3.20491331252e-08, 3.27930322896e-08, 2.55402170524e-08, 1.87321411715e-08, 1.41172531443e-08, 8.82256401269e-09, 6.22652329696e-09, 3.23228843691e-09, 1.66570757187e-09, 1.00703712036e-09, 3.69953095936e-10, 3.14915676869e-10, 3.00381747254e-10, 2.87072032812e-10, 2.7549820758e-10, 2.64418292817e-10, 2.52858955996e-10, 2.43466524719e-10, 2.34230218554e-10, 2.25570298551e-10, 2.18096485316e-10, 2.11138731498e-10, 2.04438299622e-10, 1.98553659625e-10, 1.9296642062e-10, 1.87686893804e-10, 1.83221313121e-10, 1.79475628803e-10, 1.75605113784e-10, 1.72732328441e-10, 1.70336217353e-10, 1.68058802985e-10, 1.66604716134e-10, 1.65709626576e-10]
    },
    "mfcc": {
        "mean": [-774.752258301, 173.111831665, -7.28624105453, 4.52805519104, -8.20914649963, -8.84738349915, -8.78209114075, -1.99835062027, -21.2167491913, -3.19709348679, -5.60966014862, -3.02434325218, -2.32397222519],
        "cov": [[3457.48632812, -141.040084839, -1339.91320801, -573.514953613, -417.407196045, -30.4883518219, -2.68445968628, 324.729766846, 131.957061768, 305.977935791, 120.716415405, 1.12825274467, -301.496398926], [-141.040084839, 694.256774902, 308.367858887, 158.152374268, 112.856506348, -66.333984375, 131.296127319, 26.0707454681, -97.7446136475, 34.663269043, 39.5316581726, -26.5189876556, 45.1130332947], [-1339.91320801, 308.367858887, 1076.6427002, 451.03793335, 237.325683594, 66.9128265381, 30.2821807861, -111.577590942, -102.720321655, -137.280807495, -75.9434967041, 55.8379554749, 206.07623291], [-573.514953613, 158.152374268, 451.03793335, 428.916015625, 180.231033325, 51.7738380432, 43.7348594666, -34.9409332275, 3.07011795044, -87.1325378418, -28.9957962036, 26.5591239929, 102.077224731], [-417.407196045, 112.856506348, 237.325683594, 180.231033325, 215.208206177, 87.2401428223, 36.4602203369, -30.4246387482, 35.0600395203, -28.5780239105, -3.2518620491, 24.9284305573, 77.3418426514], [-30.4883518219, -66.333984375, 66.9128265381, 51.7738380432, 87.2401428223, 190.521942139, 92.7501983643, 26.1391239166, 93.0574035645, -4.35681676865, 17.4363040924, 44.7798576355, 42.4622535706], [-2.68445968628, 131.296127319, 30.2821807861, 43.7348594666, 36.4602203369, 92.7501983643, 251.310165405, 137.755874634, 40.6984100342, 56.7463760376, 96.1105117798, 43.8315505981, 1.04442572594], [324.729766846, 26.0707454681, -111.577590942, -34.9409332275, -30.4246387482, 26.1391239166, 137.755874634, 212.402038574, 71.7614593506, 95.9928817749, 93.0010681152, 27.2465744019, -39.2223777771], [131.957061768, -97.7446136475, -102.720321655, 3.07011795044, 35.0600395203, 93.0574035645, 40.6984100342, 71.7614593506, 190.550094604, 65.8248062134, 27.605764389, 13.5732278824, 1.33567214012], [305.977935791, 34.663269043, -137.280807495, -87.1325378418, -28.5780239105, -4.35681676865, 56.7463760376, 95.9928817749, 65.8248062134, 232.551849365, 132.804748535, 12.6615419388, -60.0974617004], [120.716415405, 39.5316581726, -75.9434967041, -28.9957962036, -3.2518620491, 17.4363040924, 96.1105117798, 93.0010681152, 27.605764389, 132.804748535, 228.129165649, 51.848400116, -111.620689392], [1.12825274467, -26.5189876556, 55.8379554749, 26.5591239929, 24.9284305573, 44.7798576355, 43.8315505981, 27.2465744019, 13.5732278824, 12.6615419388, 51.848400116, 112.414955139, 30.7678565979], [-301.496398926, 45.1130332947, 206.07623291, 102.077224731, 77.3418426514, 42.4622535706, 1.04442572594, -39.2223777771, 1.33567214012, -60.0974617004, -111.620689392, 30.7678565979, 208.722961426]],
        "icov": [[0.00120939756744, -0.00122075132094, 0.00160019483883, -0.000675867660902, 0.00182678282727, -0.00262524047866, 0.00209052860737, -0.00180601084139, 0.000842664856464, -0.00102493853774, 0.00142575253267, -0.00157962704543, 0.000963575323112], [-0.00122075132094, 0.00411947537214, -0.00213331752457, 0.000722858065274, -0.00364736444317, 0.00504171662033, -0.00444305082783, 0.00198775180615, 0.000144160017953, 0.000259850930888, -0.00159817677923, 0.00299819023348, -0.00140211277176], [0.00160019483883, -0.00213331752457, 0.00439213402569, -0.00269612297416, 0.00219245511107, -0.00452066771686, 0.00328975403681, -0.00219334149733, 0.00255438918248, -0.00144902674947, 0.00182290712837, -0.00258372584358, 0.000355457450496], [-0.000675867660902, 0.000722858065274, -0.00269612297416, 0.00596933392808, -0.00377875100821, 0.00322658265941, -0.00210330286063, 0.000967809406575, -0.00217415695079, 0.00229440862313, -0.00134581548627, 0.0010480202036, -0.000653392926324], [0.00182678282727, -0.00364736444317, 0.00219245511107, -0.00377875100821, 0.0135451490059, -0.00830459967256, 0.0045945676975, -0.00108962482773, -0.000382274767617, -0.00119178951718, 0.000363285653293, -0.0022119760979, -0.000267303927103], [-0.00262524047866, 0.00504171662033, -0.00452066771686, 0.00322658265941, -0.00830459967256, 0.0195121299475, -0.0110936630517, 0.00656451191753, -0.00712064048275, 0.00363619392738, -0.00314002530649, 0.00208324054256, -0.00249340781011], [0.00209052860737, -0.00444305082783, 0.00328975403681, -0.00210330286063, 0.0045945676975, -0.0110936630517, 0.0148750208318, -0.00908731017262, 0.00349101796746, -0.00115993444342, 6.84625774738e-05, -0.00290122604929, 0.000640886602923], [-0.00180601084139, 0.00198775180615, -0.00219334149733, 0.000967809406575, -0.00108962482773, 0.00656451191753, -0.00908731017262, 0.0134250158444, -0.00486271036789, 0.000320994702633, -0.00266134855337, 0.00137401523534, -0.00121186696924], [0.000842664856464, 0.000144160017953, 0.00255438918248, -0.00217415695079, -0.000382274767617, -0.00712064048275, 0.00349101796746, -0.00486271036789, 0.0118439476937, -0.00400295481086, 0.00226944079623, -0.000123547652038, 0.00038985547144], [-0.00102493853774, 0.000259850930888, -0.00144902674947, 0.00229440862313, -0.00119178951718, 0.00363619392738, -0.00115993444342, 0.000320994702633, -0.00400295481086, 0.00986509118229, -0.00676115043461, 0.00264154025353, -0.00259915925562], [0.00142575253267, -0.00159817677923, 0.00182290712837, -0.00134581548627, 0.000363285653293, -0.00314002530649, 6.84625774738e-05, -0.00266134855337, 0.00226944079623, -0.00676115043461, 0.0154902655631, -0.00825762469321, 0.00880689360201], [-0.00157962704543, 0.00299819023348, -0.00258372584358, 0.0010480202036, -0.0022119760979, 0.00208324054256, -0.00290122604929, 0.00137401523534, -0.000123547652038, 0.00264154025353, -0.00825762469321, 0.0163607094437, -0.00628916546702], [0.000963575323112, -0.00140211277176, 0.000355457450496, -0.000653392926324, -0.000267303927103, -0.00249340781011, 0.000640886602923, -0.00121186696924, 0.00038985547144, -0.00259915925562, 0.00880689360201, -0.00628916546702, 0.0117158796638]]
    },
    "spectral_contrast_coeffs": {
        "max": [-0.382280260324, -0.335838735104, -0.458671331406, -0.597720563412, -0.607056081295, -0.721390366554],
        "mean": [-0.644401192665, -0.669552505016, -0.730346977711, -0.776606380939, -0.792152643204, -0.810947835445],
        "min": [-0.947196722031, -0.964383602142, -0.932638347149, -0.929793596268, -0.923154294491, -0.922489106655],
        "stdev": [0.0899785235524, 0.126369863749, 0.077375523746, 0.0549089796841, 0.0533819831908, 0.0360639579594]
    },
    "spectral_contrast_valleys": {
        "max": [-6.22617053986, -5.55131244659, -5.62982368469, -6.18483781815, -7.41230344772, -10.5966911316],
        "mean": [-8.16435241699, -7.3892083168, -8.2463350296, -8.99625205994, -9.28071689606, -12.0013103485],
        "min": [-18.0356807709, -17.4902114868, -17.5896224976, -16.8700714111, -16.5681324005, -17.8771305084],
        "stdev": [0.738004505634, 0.81032294035, 1.01137518883, 1.05280995369, 0.697185814381, 0.443501681089]
    }
},
"rhythm": {
    "beats_count": 68,
    "beats_loudness": {
        "max": 0.0671678781509,
        "mean": 0.0150390481576,
        "min": 0.000143348923302,
        "stdev": 0.0148146962747
    },
    "bpm": 122.102363586,
    "bpm_histogram_first_peak_bpm": 123,
    "bpm_histogram_first_peak_weight": 0.466666698456,
    "bpm_histogram_second_peak_bpm": 101,
    "bpm_histogram_second_peak_spread": 0.639999985695,
    "bpm_histogram_second_peak_weight": 0.134328365326,
    "danceability": 0.80069822073,
    "onset_rate": 1.29320466518,
    "beats_loudness_band_ratio": {
        "max": [0.853075504303, 0.994294285774, 0.831649959087, 0.589499175549, 0.307660698891, 0.0508941635489],
        "mean": [0.16651904583, 0.469840228558, 0.223167046905, 0.15511725843, 0.0395808555186, 0.00551950046793],
        "min": [0.000252904777881, 0.00899511110038, 0.00213217781857, 0.00176872953307, 0.000112300120236, 8.77414568095e-05],
        "stdev": [0.218421041965, 0.346582919359, 0.203822404146, 0.178066626191, 0.0644050166011, 0.0091728232801]
    },
