{
"metadata": {
    "version": {
        "essentia": "2.1-beta5",
        "essentia_git_sha": "Undefined",
        "extractor": "music 2.0"
    },
    "audio_properties": {
        "analysis": {
            "equal_loudness": 0,
            "length": 48.7502937317,
            "sample_rate": 44100,
            "start_time": 93.9943771362,
            "downmix": "mix"
        },
        "bit_rate": 192000,
        "length": 246.642379761,
        "lossless": 0,
        "number_channels": 2,
        "replay_gain": -8.07699584961,
        "sample_rate": 48000,
        "codec": "mp3",
        "md5_encoded": "9d1ce3b64cece05ea66520a7d8ecd081"
    },
    "tags": {
        "file_name": "Germany_Telefon, Telefon_Margot Hielscher.mp3",
        "encoding": ["Lavf58.29.100"]
    }
},
"lowlevel": {
    "average_loudness": 0.843738853931,
    "barkbands_crest": {
        "max": 26.3282470703,
        "mean": 14.6722631454,
        "min": 5.48178434372,
        "stdev": 4.55494737625
    },
    "barkbands_flatness_db": {
        "max": 0.505153000355,
        "mean": 0.329543381929,
        "min": 0.168108671904,
        "stdev": 0.0572976358235
    },
    "barkbands_kurtosis": {
        "max": 596.726867676,
        "mean": 21.2069530487,
        "min": -1.46472191811,
        "stdev": 34.0685997009
    },
    "barkbands_skewness": {
        "max": 17.5513362885,
        "mean": 2.38577651978,
        "min": -1.95753800869,
        "stdev": 1.90300726891
    },
    "barkbands_spread": {
        "max": 29.3897037506,
        "mean": 2.93226957321,
        "min": 0.122250922024,
        "stdev": 2.51312708855
    },
    "dissonance": {
        "max": 0.500000059605,
        "mean": 0.362338334322,
        "min": 0.107988551259,
        "stdev": 0.0725651830435
    },
    "dynamic_complexity": 3.51765751839,
    "erbbands_crest": {
        "max": 32.3681221008,
        "mean": 15.8079414368,
        "min": 3.47123599052,
        "stdev": 5.45939731598
    },
    "erbbands_flatness_db": {
        "max": 0.455056756735,
        "mean": 0.32207646966,
        "min": 0.166089981794,
        "stdev": 0.0518007315695
    },
    "erbbands_kurtosis": {
        "max": 158.44430542,
        "mean": 10.4677839279,
        "min": -1.50404047966,
        "stdev": 12.5404319763
    },
    "erbbands_skewness": {
        "max": 8.64021873474,
        "mean": 1.78844833374,
        "min": -2.54055905342,
        "stdev": 1.41687989235
    },
    "erbbands_spread": {
        "max": 112.446220398,
        "mean": 9.22336864471,
        "min": 0.767632126808,
        "stdev": 8.06381702423
    },
    "hfc": {
        "max": 46.204208374,
        "mean": 8.1509513855,
        "min": 0.197523906827,
        "stdev": 7.93323373795
    },
    "loudness_ebu128": {
        "integrated": -17.5461654663,
        "loudness_range": 5.32168388367,
        "momentary": {
            "max": -12.4490842819,
            "mean": -18.5978527069,
            "min": -28.5553970337,
            "stdev": 3.15682482719
        },
        "short_term": {
            "max": -14.3301315308,
            "mean": -18.1058311462,
            "min": -23.0587463379,
            "stdev": 1.86879992485
        }
    },
    "melbands_crest": {
        "max": 32.0002212524,
        "mean": 16.7198925018,
        "min": 6.67807483673,
        "stdev": 5.01247215271
    },
    "melbands_flatness_db": {
        "max": 0.569205343723,
        "mean": 0.383391678333,
        "min": 0.168225601315,
        "stdev": 0.0646712109447
    },
    "melbands_kurtosis": {
        "max": 206.862213135,
        "mean": 14.9002141953,
        "min": -1.54438054562,
        "stdev": 20.0121536255
    },
    "melbands_skewness": {
        "max": 10.7384166718,
        "mean": 1.82523918152,
        "min": -1.87584841251,
        "stdev": 1.45872914791
    },
    "melbands_spread": {
        "max": 38.0038108826,
        "mean": 4.46616506577,
        "min": 0.315177053213,
        "stdev": 3.63503217697
    },
    "pitch_salience": {
        "max": 0.862739562988,
        "mean": 0.507372319698,
        "min": 0.0619813464582,
        "stdev": 0.129868909717
    },
    "silence_rate_20dB": {
        "max": 1,
        "mean": 1,
        "min": 1,
        "stdev": 0
    },
    "silence_rate_30dB": {
        "max": 1,
        "mean": 0.999524056911,
        "min": 0,
        "stdev": 0.0218116603792
    },
    "silence_rate_60dB": {
        "max": 1,
        "mean": 0.083769634366,
        "min": 0,
        "stdev": 0.277043908834
    },
    "spectral_centroid": {
        "max": 1727.43969727,
        "mean": 418.044525146,
        "min": 217.388000488,
        "stdev": 149.409820557
    },
    "spectral_complexity": {
        "max": 15,
        "mean": 6.7682056427,
        "min": 1,
        "stdev": 2.28711366653
    },
    "spectral_decrease": {
        "max": -1.01689892618e-10,
        "mean": -5.31032506856e-09,
        "min": -2.72702802562e-08,
        "stdev": 4.71711070205e-09
    },
    "spectral_energy": {
        "max": 0.105747334659,
        "mean": 0.0207817442715,
        "min": 0.000404736056225,
        "stdev": 0.0184535942972
    },
    "spectral_energyband_high": {
        "max": 0.000165770892636,
        "mean": 8.21584490041e-06,
        "min": 1.31757445843e-07,
        "stdev": 1.47183654917e-05
    },
    "spectral_energyband_low": {
        "max": 0.00995061639696,
        "mean": 0.000465725752292,
        "min": 3.15181523547e-06,
        "stdev": 0.000736256712116
    },
    "spectral_energyband_middle_high": {
        "max": 0.029853798449,
        "mean": 0.000927186745685,
        "min": 6.34107755104e-06,
        "stdev": 0.00265104067512
    },
    "spectral_energyband_middle_low": {
        "max": 0.105255007744,
        "mean": 0.019865969196,
        "min": 0.000333660223987,
        "stdev": 0.0181645806879
    },
    "spectral_entropy": {
        "max": 7.73006677628,
        "mean": 5.82713699341,
        "min": 4.06707429886,
        "stdev": 0.562137186527
    },
    "spectral_flux": {
        "max": 0.249476134777,
        "mean": 0.0573709979653,
        "min": 0.00632486771792,
        "stdev": 0.038116786629
    },
    "spectral_kurtosis": {
        "max": 108.758750916,
        "mean": 26.0378322601,
        "min": -1.05944406986,
        "stdev": 16.2437858582
    },
    "spectral_rms": {
        "max": 0.0101571716368,
        "mean": 0.00408093445003,
        "min": 0.000628382433206,
        "stdev": 0.0019028444076
    },
    "spectral_rolloff": {
        "max": 2131.78710938,
        "mean": 513.352600098,
        "min": 172.265625,
        "stdev": 204.558258057
    },
    "spectral_skewness": {
        "max": 8.73482322693,
        "mean": 3.96700978279,
        "min": 0.634951293468,
        "stdev": 1.2927365303
    },
    "spectral_spread": {
        "max": 9320319,
        "mean": 2354440.75,
        "min": 753085.125,
        "stdev": 933133.1875
    },
    "spectral_strongpeak": {
        "max": 6.97826433182,
        "mean": 1.20986461639,
        "min": 0.065105073154,
        "stdev": 1.02768647671
    },
    "zerocrossingrate": {
        "max": 0.07373046875,
        "mean": 0.0204057879746,
        "min": 0.0087890625,
        "stdev": 0.00765209132805
    },
    "barkbands": {
        "max": [3.17173471558e-05, 0.000902028696146, 0.00282729440369, 0.0244300737977, 0.0874536707997, 0.092972971499, 0.0527170039713, 0.0626530349255, 0.0588653869927, 0.0415950119495, 0.0152130192146, 0.0142905656248, 0.00867151748389, 0.00346059305593, 0.000867811730132, 0.00149843050167, 0.000252859550528, 0.000121501245303, 0.000244347233092, 8.5290746938e-05, 3.86996034649e-05, 7.54600914661e-05, 8.49816133268e-05, 5.57794701308e-05, 5.71355440115e-06, 5.38104495718e-06, 5.73070155951e-06],
        "mean": [2.77987055597e-06, 3.50228256139e-05, 0.00013279041741, 0.000916327466257, 0.00696539646015, 0.00602630106732, 0.0024019125849, 0.00142972380854, 0.00170827505644, 0.000628116133157, 0.000206201191759, 0.000174146000063, 5.84472436458e-05, 3.59635632776e-05, 1.75500335899e-05, 1.5053662537e-05, 7.14796715329e-06, 5.29424096385e-06, 5.6657222558e-06, 2.83694930658e-06, 1.54656515861e-06, 1.68702467818e-06, 1.67383814187e-06, 1.55997338425e-06, 2.86836723262e-07, 3.26012128404e-09, 3.46291084696e-09],
        "min": [1.15838130199e-08, 4.66960301537e-07, 1.59369250241e-07, 8.18398788738e-08, 1.97622248379e-05, 8.05124545877e-06, 3.58434385817e-06, 2.15924796976e-06, 1.48261392496e-06, 5.7450819213e-07, 2.48521700996e-07, 1.78828599928e-07, 9.71954179363e-08, 1.1189482052e-07, 8.78688837247e-08, 3.94635790713e-08, 4.01818169848e-08, 3.12859000928e-08, 9.57293053716e-08, 4.97671805988e-08, 2.92956077175e-08, 1.9256981787e-08, 2.63932147249e-08, 1.23373462557e-08, 8.4917441967e-09, 1.93400521292e-11, 2.23027152302e-11],
        "stdev": [3.29244721797e-06, 6.18100893917e-05, 0.000224105911911, 0.00178880663589, 0.0103206010535, 0.0103184729815, 0.00462353788316, 0.00474682170898, 0.00501255504787, 0.00255963974632, 0.000918862002436, 0.000930649228394, 0.000363910628948, 0.00014602446754, 5.27379052073e-05, 7.97291504568e-05, 1.65171750268e-05, 1.03030943137e-05, 1.64646335179e-05, 6.0209044932e-06, 3.12380939249e-06, 4.27318127549e-06, 5.26528856426e-06, 3.91275898437e-06, 3.18335878546e-07, 1.17359768126e-07, 1.24983955629e-07]
    },
    "erbbands": {
        "max": [0.00657605798915, 0.264943242073, 1.85652601719, 39.1764068604, 143.535293579, 491.958007812, 795.413208008, 774.145629883, 786.89855957, 952.620056152, 1377.94787598, 1576.6541748, 1586.60510254, 328.94519043, 449.715881348, 695.270141602, 446.221008301, 208.183044434, 78.0975646973, 35.8756523132, 49.7656974792, 10.6171150208, 5.99134111404, 17.429851532, 11.134718895, 5.77137088776, 1.66882455349, 2.71124720573, 2.93240976334, 3.23574495316, 2.59348154068, 1.57353115082, 0.626203536987, 0.106960818172, 0.0395838133991, 0.0214785523713, 0.00997364055365, 0.00355417886749, 0.000830375123769, 0.000125007296447],
        "mean": [0.000837496889289, 0.0104312412441, 0.12938284874, 1.64082539082, 9.52031898499, 26.4817867279, 41.698638916, 51.3644523621, 43.211643219, 29.2926311493, 28.3298721313, 40.4482345581, 33.2367210388, 9.17840957642, 9.23015785217, 6.55753326416, 2.96804738045, 1.95338618755, 1.23830759525, 0.860652923584, 0.668469846249, 0.37816914916, 0.307514339685, 0.342227697372, 0.20972186327, 0.143658176064, 0.056094840169, 0.0802127942443, 0.0586769506335, 0.057655762881, 0.046062014997, 0.0342096239328, 0.0250134728849, 0.00582655100152, 0.000916200107895, 4.65201046609e-05, 1.34756865009e-05, 3.36265293299e-06, 1.02744752439e-05, 2.32271868299e-05],
        "min": [2.70136188192e-05, 0.000246325042099, 0.000828055257443, 0.00416841544211, 0.0309850387275, 0.103147640824, 0.165481880307, 0.161954030395, 0.0778525024652, 0.152365267277, 0.076081469655, 0.0573752783239, 0.0311319977045, 0.012458129786, 0.0171095822006, 0.0106280324981, 0.0101826563478, 0.00398004753515, 0.00826566200703, 0.00275798141956, 0.00281617417932, 0.00204921280965, 0.0018990811659, 0.0037902162876, 0.00335134542547, 0.00228717876598, 0.00146588333882, 0.00105265504681, 0.000693330657668, 0.000398543372285, 0.000940142432228, 0.000318018050166, 0.000228348115343, 0.000108352753159, 5.55352016818e-05, 9.99093390419e-06, 1.14229840165e-06, 1.76822595677e-07, 2.40616799374e-07, 4.74819358942e-07],
        "stdev": [0.00063085911097, 0.0194861330092, 0.184309914708, 2.74177408218, 16.1707859039, 46.6613197327, 82.445892334, 84.6564712524, 77.241065979, 60.3828811646, 98.8417129517, 114.71408844, 121.714035034, 29.1338253021, 35.6133651733, 34.4849395752, 16.7558116913, 7.73543787003, 4.24156951904, 2.30382180214, 2.96671915054, 0.784367740154, 0.557282269001, 1.0354861021, 0.577623605728, 0.332118719816, 0.112472996116, 0.18266107142, 0.141419842839, 0.168924733996, 0.14424996078, 0.106947951019, 0.0587882362306, 0.00711778970435, 0.00106405268889, 0.000468174839625, 0.000217451364733, 7.74997315602e-05, 1.99025798793e-05, 2.0678879082e-05]
    },
    "gfcc": {
        "mean": [-155.524765015, 172.62612915, -106.408027649, 1.89064526558, -98.9812393188, -16.3500213623, -48.4315452576, -19.7352581024, -13.9534673691, -27.0261955261, 5.46054506302, -19.7948055267, 7.28373813629],
        "cov": [[1444.76940918, 145.982208252, -542.22479248, -295.168182373, 171.063995361, -150.640167236, 51.989944458, -77.6892089844, -27.1511917114, -150.695861816, -1.50889468193, -54.5259857178, -59.4603271484], [145.982208252, 265.530548096, 64.2775192261, -215.94392395, 86.3393249512, -47.6484146118, 17.6162700653, -26.1183547974, -17.2297592163, -24.8557109833, -10.2957668304, -42.0995330811, -33.9924468994], [-542.22479248, 64.2775192261, 754.393798828, 145.7915802, -139.591079712, -18.1421985626, -104.653915405, -61.5999450684, 24.5313587189, 18.8632564545, -8.33081817627, 24.5717601776, -2.88922119141], [-295.168182373, -215.94392395, 145.7915802, 585.207397461, 31.6365509033, 64.4432983398, -63.6363983154, 24.5482063293, -5.20889854431, 18.1656150818, -11.3166942596, 26.4557380676, 10.7352342606], [171.063995361, 86.3393249512, -139.591079712, 31.6365509033, 223.671463013, -4.33094120026, -26.7092685699, -2.19727540016, -24.9165935516, -37.1493835449, -25.9116954803, -23.8066635132, -13.1725263596], [-150.640167236, -47.6484146118, -18.1421985626, 64.4432983398, -4.33094120026, 226.281051636, 59.3444709778, 1.41503739357, -35.3832397461, 10.4752540588, -21.5358848572, -30.2183227539, -13.5097341537], [51.989944458, 17.6162700653, -104.653915405, -63.6363983154, -26.7092685699, 59.3444709778, 135.62361145, 31.0922203064, -44.7407531738, 1.67648732662, 2.95525050163, -7.94822072983, -10.5345649719], [-77.6892089844, -26.1183547974, -61.5999450684, 24.5482063293, -2.19727540016, 1.41503739357, 31.0922203064, 109.702407837, 41.1887931824, 23.3224639893, -2.73040223122, -1.88701498508, 9.27626037598], [-27.1511917114, -17.2297592163, 24.5313587189, -5.20889854431, -24.9165935516, -35.3832397461, -44.7407531738, 41.1887931824, 116.954971313, 48.1183891296, -2.70423054695, 10.0772075653, 16.676492691], [-150.695861816, -24.8557109833, 18.8632564545, 18.1656150818, -37.1493835449, 10.4752540588, 1.67648732662, 23.3224639893, 48.1183891296, 121.616699219, 48.0890197754, 12.6509037018, 13.8532466888], [-1.50889468193, -10.2957668304, -8.33081817627, -11.3166942596, -25.9116954803, -21.5358848572, 2.95525050163, -2.73040223122, -2.70423054695, 48.0890197754, 97.2284088135, 45.2577323914, -6.48206329346], [-54.5259857178, -42.0995330811, 24.5717601776, 26.4557380676, -23.8066635132, -30.2183227539, -7.94822072983, -1.88701498508, 10.0772075653, 12.6509037018, 45.2577323914, 95.8878860474, 38.9717254639], [-59.4603271484, -33.9924468994, -2.88922119141, 10.7352342606, -13.1725263596, -13.5097341537, -10.5345649719, 9.27626037598, 16.676492691, 13.8532466888, -6.48206329346, 38.9717254639, 87.779800415]],
        "icov": [[0.00195205851924, -0.000468204234494, 0.00133520853706, -0.000211938400753, -0.000494387641083, 0.00128232059069, -0.00196110806428, 0.00300511228852, -0.00290098972619, 0.00312561006285, -0.00204607681371, 0.00168065004982, -5.83134751651e-05], [-0.000468204234494, 0.0160123631358, -0.00600018817931, 0.00631984835491, -0.0111596742645, 0.0027116802521, -0.00728902081028, 0.00106217199937, -0.00151017354801, 7.50622166379e-06, -0.00272111990489, 0.0053460332565, 0.000380156358005], [0.00133520853706, -0.00600018817931, 0.0049795769155, -0.00273164384998, 0.00531038083136, -0.000171118867001, 0.00323855760507, 0.00200134399347, -0.000520791450981, 0.00111160043161, 0.00116111477837, -0.00180545705371, 0.000837411906105], [-0.000211938400753, 0.00631984835491, -0.00273164384998, 0.00487568648532, -0.00469914264977, 4.29739557148e-05, -0.000648314948194, -0.00147618050687, 0.00128940865397, -0.00114807579666, 0.000221560840146, 0.000364121660823, 0.000788147328421], [-0.000494387641083, -0.0111596742645, 0.00531038083136, -0.00469914264977, 0.01462766435, -0.00237238686532, 0.00945780519396, -0.00292652542703, 0.00488879578188, -0.00137327786069, 0.00477807642892, -0.00466019753367, 0.00107708538417], [0.00128232059069, 0.0027116802521, -0.000171118867001, 4.29739557148e-05, -0.00237238686532, 0.00744402734563, -0.00571104791015, 0.00338150304742, -0.0014506027801, 0.000516600790434, -0.000262551417109, 0.00337559706531, 0.00033074975363], [-0.00196110806428, -0.00728902081028, 0.00323855760507, -0.000648314948194, 0.00945780519396, -0.00571104791015, 0.0224976334721, -0.011218547821, 0.0139740789309, -0.00712975021452, 0.00756310392171, -0.00813140161335, 0.00309963338077], [0.00300511228852, 0.00106217199937, 0.00200134399347, -0.00147618050687, -0.00292652542703, 0.00338150304742, -0.011218547821, 0.0199008751661, -0.013269376941, 0.00586740300059, -0.00500235147774, 0.00564697803929, -0.00195635505952], [-0.00290098972619, -0.00151017354801, -0.000520791450981, 0.00128940865397, 0.00488879578188, -0.0014506027801, 0.0139740789309, -0.013269376941, 0.0247657820582, -0.0139733366668, 0.0118023799732, -0.00841998495162, 0.00297495909035], [0.00312561006285, 7.50622166379e-06, 0.00111160043161, -0.00114807579666, -0.00137327786069, 0.000516600790434, -0.00712975021452, 0.00586740300059, -0.0139733366668, 0.0220868289471, -0.0159595385194, 0.00949341617525, -0.00552950520068], [-0.00204607681371, -0.00272111990489, 0.00116111477837, 0.000221560840146, 0.00477807642892, -0.000262551417109, 0.00756310392171, -0.00500235147774, 0.0118023799732, -0.0159595385194, 0.0278645567596, -0.0173162240535, 0.00970633141696], [0.00168065004982, 0.0053460332565, -0.00180545705371, 0.000364121660823, -0.00466019753367, 0.00337559706531, -0.00813140161335, 0.00564697803929, -0.00841998495162, 0.00949341617525, -0.0173162240535, 0.0258335582912, -0.0112943677232], [-5.83134751651e-05, 0.000380156358005, 0.000837411906105, 0.000788147328421, 0.00107708538417, 0.00033074975363, 0.00309963338077, -0.00195635505952, 0.00297495909035, -0.00552950520068, 0.00970633141696, -0.0112943677232, 0.0182609055191]]
    },
    "melbands": {
        "max": [0.000145435507875, 0.000852102122735, 0.00778564764187, 0.0215884093195, 0.0244807451963, 0.0156661830842, 0.0117085836828, 0.0118053937331, 0.0102959470823, 0.00947396550328, 0.00792494788766, 0.00141896097921, 0.00184384325985, 0.00184205349069, 0.00109125277959, 0.00060095655499, 0.000407335086493, 0.000180371731403, 4.08097512263e-05, 0.000134279514896, 3.57761200576e-05, 1.12021753012e-05, 1.69867962541e-05, 6.97170253261e-06, 1.73280423041e-05, 1.36913804454e-05, 2.39548103309e-06, 3.93792151954e-06, 1.81098766916e-06, 9.10829896839e-07, 2.0741103981e-06, 2.2027900286e-06, 1.81781285846e-06, 2.0660077098e-06, 1.81119651188e-06, 2.17207116293e-06, 9.84099187917e-07, 5.44619354059e-07, 1.68027284531e-07, 6.96980606563e-08],
        "mean": [7.92324772192e-06, 5.8080033341e-05, 0.000492712308187, 0.00128028506879, 0.00148538139183, 0.00115182134323, 0.000608178204857, 0.000317393074511, 0.000227899683523, 0.00025764782913, 0.0001594407222, 3.44102481904e-05, 2.94304063573e-05, 2.36180985667e-05, 1.06977004179e-05, 4.3284799176e-06, 3.62848936675e-06, 2.11406268136e-06, 1.18055675102e-06, 1.3285238083e-06, 6.17685088855e-07, 3.83764017897e-07, 3.45032447058e-07, 2.50284585945e-07, 2.87943123567e-07, 1.72668563891e-07, 1.05080957269e-07, 9.43812565879e-08, 3.73436428447e-08, 2.85959522728e-08, 5.37538937806e-08, 3.34343397412e-08, 2.98401445775e-08, 3.2368582481e-08, 2.7151543236e-08, 2.33853434395e-08, 1.92459594928e-08, 2.14467181792e-08, 7.87058151985e-09, 3.7884153592e-09],
        "min": [1.42094037869e-07, 4.06922708862e-07, 1.11722260954e-06, 5.19871036886e-06, 5.6429767028e-06, 2.7313276405e-06, 6.51926313822e-07, 8.70522512741e-07, 2.85715145765e-07, 2.84000208239e-07, 1.26240507825e-07, 2.35415811289e-08, 4.85618834034e-08, 2.78244360885e-08, 2.00836396402e-08, 1.1263895594e-08, 6.74343203499e-09, 1.0106777637e-08, 5.06464781225e-09, 2.54795384791e-09, 3.18479487227e-09, 1.83387627306e-09, 1.08305286961e-09, 1.32625188609e-09, 3.06883762846e-09, 2.65119814991e-09, 1.62675872772e-09, 1.43384271123e-09, 9.00082619548e-10, 7.14254655421e-10, 6.3241117898e-10, 4.74976391551e-10, 1.82940412818e-10, 2.11935108352e-10, 5.07828612495e-10, 4.00226990438e-10, 1.35846098259e-10, 1.81287346246e-10, 9.08600764071e-11, 9.52382686603e-11],
        "stdev": [9.72001362243e-06, 8.30664866953e-05, 0.000809181539807, 0.00194675265811, 0.00260687596165, 0.00184437201824, 0.00108719756827, 0.000766347162426, 0.000757571659051, 0.000765677716117, 0.000607405265328, 0.000122722180095, 0.000125264690723, 0.000126252052723, 5.83998807997e-05, 2.3766868253e-05, 1.52374632307e-05, 8.41089968162e-06, 3.33463185598e-06, 6.81095434629e-06, 2.36943901655e-06, 8.87562350727e-07, 8.5215793888e-07, 5.09637629875e-07, 9.71118083726e-07, 5.95489098032e-07, 2.07391309459e-07, 2.31921049476e-07, 9.71490905499e-08, 5.7431041256e-08, 1.3455895953e-07, 8.74459473721e-08, 8.5303049957e-08, 1.01576347333e-07, 8.58935109704e-08, 8.56050377251e-08, 6.15986692765e-08, 5.46145955127e-08, 1.25510899451e-08, 4.09015132874e-09]
    },
    "melbands128": {
        "max": [1.93546475202e-05, 4.70549384772e-05, 8.92477546586e-05, 0.000585682631936, 0.000685249804519, 0.00185141549446, 0.00709934253246, 0.0137880053371, 0.0204411335289, 0.0334037393332, 0.0372302830219, 0.0370780155063, 0.0394676923752, 0.0404048226774, 0.0297192148864, 0.0255631059408, 0.0207841172814, 0.0219430699944, 0.0122250625864, 0.012816390954, 0.0205735042691, 0.0244665443897, 0.0202578995377, 0.0152768706903, 0.0176085848361, 0.0215494949371, 0.0206892509013, 0.0160757638514, 0.007456460502, 0.00293866824359, 0.00263204961084, 0.00484019238502, 0.00378590775654, 0.00337643129751, 0.003435988212, 0.00391146261245, 0.00206777104177, 0.00187555875164, 0.00207429286093, 0.00156305951532, 0.000418701180024, 0.000446921272669, 0.000947224150877, 0.000602579326369, 0.000555513368454, 0.000262962596025, 0.000138514835271, 8.70160147315e-05, 5.7656547142e-05, 4.67732206744e-05, 0.000242159512709, 0.000185069802683, 4.19308125856e-05, 2.54918322753e-05, 3.91856483475e-05, 1.71899791894e-05, 1.28774718178e-05, 4.57582827948e-05, 1.21533203128e-05, 8.96013807505e-06, 1.47021710291e-05, 9.43726809055e-06, 3.08783346554e-05, 1.87863606698e-05, 1.38993827932e-05, 1.98317829927e-05, 1.63187723956e-05, 2.54327733273e-06, 2.80401400232e-06, 9.12738687475e-06, 7.15658688932e-06, 4.08715277445e-06, 5.16700401931e-06, 9.35361185839e-07, 7.56359384013e-07, 9.44457497098e-07, 1.33474054564e-06, 1.44188652484e-06, 3.08365338242e-06, 3.090527116e-06, 3.41398572345e-06, 1.46172646964e-06, 1.57070041951e-06, 1.81526604592e-06, 1.9539099867e-06, 2.49863364843e-06, 3.82538337362e-06, 1.96416840481e-06, 2.85727446681e-06, 1.35784978283e-06, 2.48526453106e-06, 3.15596525979e-06, 1.05263427486e-06, 1.2414535604e-06, 1.02468322893e-06, 6.21025776582e-07, 9.79067181106e-07, 3.20175047364e-07, 2.38568730992e-07, 1.36559833663e-07, 1.33486736331e-07, 6.95270614415e-08, 1.1223399099e-07, 5.1579064575e-08, 4.60509284039e-08, 4.18596535212e-08, 4.01255348947e-08, 3.84902847372e-08, 3.69585286819e-08, 3.54147609016e-08, 3.40859678261e-08, 3.28030118624e-08, 3.16053636595e-08, 3.04569738319e-08, 2.94277580082e-08, 2.84951369167e-08, 2.76285767598e-08, 2.67602739967e-08, 2.60842618616e-08, 2.53810963358e-08, 2.47622509164e-08, 2.42177531362e-08, 2.37560175975e-08, 2.33243024894e-08, 2.29878338587e-08, 2.27232845873e-08, 2.25326957093e-08, 2.24101643909e-08],
        "mean": [1.93615392163e-06, 6.43090243102e-06, 6.95611197443e-06, 1.70559596882e-05, 3.41628765455e-05, 7.73341671447e-05, 0.000242514870479, 0.000551921431907, 0.00094728555996, 0.00125250255223, 0.00152161705773, 0.00168993114494, 0.00140322442167, 0.00135168165434, 0.00125571072567, 0.00099373923149, 0.00084349286044, 0.000562145549338, 0.000280318199657, 0.00031542533543, 0.000356506643584, 0.000252438097959, 0.000187329264008, 0.000217960972805, 0.000290413241601, 0.000264139991486, 0.00022355139663, 0.000185079814401, 6.48531931802e-05, 3.31941919285e-05, 2.47760108323e-05, 2.95878944598e-05, 2.7222382414e-05, 3.54250259988e-05, 2.52284735325e-05, 2.38260126935e-05, 1.36141734401e-05, 1.02126105048e-05, 9.25653966988e-06, 5.26605890627e-06, 3.06275865114e-06, 2.95541462947e-06, 3.9626806938e-06, 4.14473697674e-06, 2.33120840676e-06, 1.87589068901e-06, 1.61902607942e-06, 1.16029991659e-06, 1.06278355361e-06, 8.34131640204e-07, 1.69002146322e-06, 1.60185027198e-06, 4.11326880112e-07, 3.7713610368e-07, 4.8475493486e-07, 3.28871806232e-07, 3.38057247973e-07, 4.80847006656e-07, 2.7995517371e-07, 2.26438430673e-07, 2.49032325428e-07, 2.29160036724e-07, 4.00621303243e-07, 2.70798039992e-07, 1.69770473235e-07, 1.68659994415e-07, 2.06432844152e-07, 8.63804814344e-08, 8.44302050496e-08, 1.14910299942e-07, 9.85986261526e-08, 9.42441928942e-08, 5.10992670399e-08, 2.48273543946e-08, 2.07629966553e-08, 2.4045258229e-08, 2.90875235009e-08, 5.15923836986e-08, 6.63224000164e-08, 4.6000053544e-08, 3.4383006664e-08, 2.88979862262e-08, 2.71839262211e-08, 2.7840492578e-08, 3.45055326534e-08, 3.44811716957e-08, 3.10624201916e-08, 2.97096605095e-08, 2.73820788266e-08, 2.49791956008e-08, 2.36276243015e-08, 2.37008901394e-08, 2.19345075436e-08, 1.87175981381e-08, 1.80904500269e-08, 1.93777847102e-08, 2.97865447862e-08, 1.18399912097e-08, 7.04615343849e-09, 5.91088777924e-09, 4.42445058368e-09, 3.43174022532e-09, 2.98591062986e-09, 2.17634177346e-09, 3.42452927127e-10, 2.57119117664e-11, 2.41774968102e-11, 2.32831774694e-11, 2.23719116149e-11, 2.14293079809e-11, 2.06437887618e-11, 1.98765795489e-11, 1.91587093412e-11, 1.8464304738e-11, 1.78478811591e-11, 1.73096658534e-11, 1.68337687539e-11, 1.61889720379e-11, 1.57504027182e-11, 1.53290158345e-11, 1.49561682483e-11, 1.46305502435e-11, 1.43570624139e-11, 1.40957540778e-11, 1.38597961233e-11, 1.36338778808e-11, 1.34848946245e-11, 1.34068155883e-11],
        "min": [6.2076757068e-09, 2.15288342709e-09, 2.73329092693e-08, 8.09707998428e-08, 6.07028809441e-08, 7.88329543866e-08, 9.83786705433e-08, 3.48812001505e-08, 5.94605069182e-07, 2.39867006258e-07, 9.26005782276e-07, 2.65959045009e-07, 6.18340152414e-07, 1.23654717754e-06, 4.34863153487e-07, 1.26783362475e-07, 2.69399436092e-07, 1.52037600287e-07, 2.46836862061e-07, 1.22621401033e-07, 2.24561290452e-07, 1.02940461488e-07, 1.74546190834e-08, 6.14071709037e-08, 3.18631840912e-08, 3.04620080271e-08, 3.8446486883e-08, 2.38065105407e-08, 2.39379200906e-08, 7.64383845109e-09, 1.06017843393e-08, 7.12523107183e-09, 9.39654576371e-09, 4.05929512226e-08, 1.24870807028e-08, 4.21324175548e-09, 3.04339931034e-09, 6.756285309e-09, 5.41707745327e-09, 3.8346095188e-09, 2.33487584822e-09, 1.97677918479e-09, 3.02409808306e-09, 1.95438243367e-09, 3.73702357948e-09, 3.11748094006e-09, 3.34277538983e-09, 2.55928522819e-09, 1.80055126364e-09, 1.66817992753e-09, 1.18946785754e-09, 1.90826843216e-09, 1.51050483232e-09, 1.88499704734e-09, 1.44039780103e-09, 1.02613895159e-09, 7.69983909965e-10, 5.90539672718e-10, 7.06547986784e-10, 5.13363629384e-10, 1.0218877966e-09, 9.03797925389e-10, 1.41075151561e-09, 1.731766619e-09, 1.8516769229e-09, 1.61804614152e-09, 1.31813993054e-09, 1.24709986782e-09, 1.12130338348e-09, 1.43773792871e-09, 1.3021035361e-09, 8.63916160831e-10, 8.47886372224e-10, 7.89151965996e-10, 6.24940821314e-10, 7.34371896627e-10, 5.11651776502e-10, 3.91036175662e-10, 5.06523156751e-10, 3.84723752855e-10, 3.74526742952e-10, 3.61059598886e-10, 2.57942056603e-10, 9.32761368144e-11, 1.57509699727e-10, 3.03309988237e-10, 1.99885663577e-10, 1.07393059723e-10, 2.6774965578e-10, 1.23817389674e-09, 5.11692188621e-10, 1.31111344004e-10, 1.79443446213e-10, 1.22967205862e-10, 1.45351397585e-10, 1.13312505212e-10, 2.59150312321e-10, 1.66539615432e-10, 5.67503509463e-11, 7.36360972198e-11, 8.29834048699e-11, 1.15351422858e-10, 7.2934713824e-11, 9.25057461187e-11, 1.30543553398e-11, 1.25035114098e-13, 7.80418278287e-14, 8.44795763834e-14, 4.91939591818e-14, 6.88841751651e-14, 9.33255412511e-14, 6.73163578374e-14, 6.03041515378e-14, 8.34480461077e-14, 6.46765694928e-14, 7.75408925437e-14, 8.54492393726e-14, 8.00475882952e-14, 8.83766191197e-14, 6.30816742158e-14, 4.37569902187e-14, 8.51384867012e-14, 8.27834640573e-14, 6.46473366918e-14, 5.26242799879e-14, 1.45188528355e-14, 2.549967912e-15, 1.01139949215e-16],
        "stdev": [2.17130650526e-06, 5.21047240909e-06, 6.65300194669e-06, 4.1824834625e-05, 7.73031788412e-05, 0.000136576665682, 0.000476532120956, 0.00114928092808, 0.00196551065892, 0.00244713248685, 0.00323757971637, 0.00372512522154, 0.00357098923996, 0.00353890121914, 0.0026019893121, 0.00207651406527, 0.00184449669905, 0.00144783535507, 0.000748623977415, 0.000785816751886, 0.00129585433751, 0.00134022219572, 0.000984977115877, 0.000858488958329, 0.00100732443389, 0.0012433960801, 0.00115702534094, 0.000907815760002, 0.000358153542038, 0.000163203396369, 0.000134201749461, 0.000220165835344, 0.000169655133504, 0.000184608492418, 0.00017269665841, 0.000214176805457, 9.05676861294e-05, 8.45080357976e-05, 7.83710784162e-05, 5.05591924593e-05, 1.93948417291e-05, 1.70646781044e-05, 2.63126275968e-05, 2.14040774154e-05, 1.57677786774e-05, 1.16450300993e-05, 7.46559908293e-06, 4.97519704368e-06, 3.78644085686e-06, 2.57197234532e-06, 1.11187491711e-05, 1.10407036118e-05, 1.68979909176e-06, 1.21588129787e-06, 1.97695703719e-06, 1.06580466763e-06, 9.74344629867e-07, 1.80730933153e-06, 7.31981401714e-07, 5.24755250808e-07, 6.50944855352e-07, 6.19923525846e-07, 1.80945971806e-06, 9.95895902633e-07, 6.14838313595e-07, 7.6112462466e-07, 7.77615923653e-07, 1.92059417259e-07, 1.86475318742e-07, 4.24328590043e-07, 3.07835250624e-07, 2.86674520567e-07, 2.21054847316e-07, 6.30875121033e-08, 4.68140548548e-08, 5.48061471761e-08, 7.18050614523e-08, 1.28445208247e-07, 2.00434143949e-07, 1.40037244023e-07, 1.0862564892e-07, 8.14092402379e-08, 7.65638290545e-08, 9.43305167311e-08, 1.18517846204e-07, 1.16943205342e-07, 1.19766085049e-07, 1.05684499374e-07, 9.44043208051e-08, 8.30424369269e-08, 9.54312682211e-08, 1.0409794271e-07, 7.63725296338e-08, 6.84358383296e-08, 6.06399410685e-08, 5.08889677064e-08, 9.09919677383e-08, 2.63250026222e-08, 1.21546852583e-08, 9.36742683422e-09, 6.52556275682e-09, 3.60724961013e-09, 3.20193183079e-09, 1.84155479754e-09, 1.02813857428e-09, 9.12944275733e-10, 8.75125472088e-10, 8.39467773073e-10, 8.06059774483e-10, 7.72386044012e-10, 7.43412220672e-10, 7.15430048537e-10, 6.89297174894e-10, 6.64259924843e-10, 6.41815378621e-10, 6.21469986584e-10, 6.02570826569e-10, 5.83639303553e-10, 5.68894431563e-10, 5.53552870208e-10, 5.40060385301e-10, 5.2818788232e-10, 5.18118603576e-10, 5.08702746593e-10, 5.01362118488e-10, 4.95583685201e-10, 4.91429341665e-10, 4.88758089556e-10]
    },
    "mfcc": {
        "mean": [-796.76574707, 192.62461853, 33.3553581238, 3.98677158356, -18.1892185211, -19.0208797455, -22.1150302887, -11.3400354385, -20.9548664093, -11.3199539185, -11.3142499924, -10.180680275, -8.41756534576],
        "cov": [[1642.96032715, 133.470291138, -752.576599121, -119.274017334, -50.4522895813, -74.3007659912, 31.045091629, 63.6194725037, -91.7963027954, 48.0776405334, -65.9063873291, -86.5132598877, -44.4442062378], [133.470291138, 584.750427246, -101.72454071, -218.999664307, -26.3692836761, -80.3560562134, 8.84065246582, -35.4087295532, -56.0070419312, 31.3336715698, 17.1364135742, -64.14894104, -43.1033935547], [-752.576599121, -101.72454071, 778.169189453, 124.418960571, 9.9543428421, 62.3190116882, -75.2733688354, -44.9571876526, 9.9413318634, -71.9239883423, 8.01859664917, 69.0872039795, 2.23518967628], [-119.274017334, -218.999664307, 124.418960571, 358.319976807, 124.712654114, -3.06262874603, -25.4402732849, 0.382269263268, 37.3933181763, -73.2486877441, -35.7139663696, 69.3678588867, 60.1602363586], [-50.4522895813, -26.3692836761, 9.9543428421, 124.712654114, 220.745483398, 30.6835727692, -42.6098747253, -1.40472519398, 24.4186286926, -17.891576767, -31.5374507904, 12.9386491776, 3.92077159882], [-74.3007659912, -80.3560562134, 62.3190116882, -3.06262874603, 30.6835727692, 158.785736084, 62.8294944763, 6.33804035187, 13.0774993896, -9.21856689453, -0.245588257909, -13.1507043839, -11.1174516678], [31.045091629, 8.84065246582, -75.2733688354, -25.4402732849, -42.6098747253, 62.8294944763, 178.149475098, 38.3097496033, -7.21587991714, -8.89205646515, 7.85300683975, -6.01945352554, -14.4514379501], [63.6194725037, -35.4087295532, -44.9571876526, 0.382269263268, -1.40472519398, 6.33804035187, 38.3097496033, 103.952865601, 10.9608602524, -12.0272521973, -7.01669120789, -15.0811405182, -12.1312046051], [-91.7963027954, -56.0070419312, 9.9413318634, 37.3933181763, 24.4186286926, 13.0774993896, -7.21587991714, 10.9608602524, 136.429931641, 18.9850311279, -9.28566932678, 14.0588493347, 7.75514221191], [48.0776405334, 31.3336715698, -71.9239883423, -73.2486877441, -17.891576767, -9.21856689453, -8.89205646515, -12.0272521973, 18.9850311279, 114.374038696, 45.2529830933, -31.9735908508, -23.0618362427], [-65.9063873291, 17.1364135742, 8.01859664917, -35.7139663696, -31.5374507904, -0.245588257909, 7.85300683975, -7.01669120789, -9.28566932678, 45.2529830933, 97.8435287476, 23.8258686066, -6.74663972855], [-86.5132598877, -64.14894104, 69.0872039795, 69.3678588867, 12.9386491776, -13.1507043839, -6.01945352554, -15.0811405182, 14.0588493347, -31.9735908508, 23.8258686066, 129.688949585, 64.9218444824], [-44.4442062378, -43.1033935547, 2.23518967628, 60.1602363586, 3.92077159882, -11.1174516678, -14.4514379501, -12.1312046051, 7.75514221191, -23.0618362427, -6.74663972855, 64.9218444824, 118.77407074]],
        "icov": [[0.00141988729592, -0.000370128807845, 0.00152348191477, -0.000647641369142, 0.000972053559963, -0.000844093970954, 0.00100401800591, -0.000777978275437, 0.00117202091496, -0.000816930085421, 0.00166987010743, -0.00111082103103, 0.00109484104905], [-0.000370128807845, 0.00322597101331, -0.000669030065183, 0.00264290510677, -0.00209094537422, 0.00304117146879, -0.00182681553997, 0.0017805864336, -0.000228503879043, 0.00151820236351, -0.00146509311162, 0.00203191977926, -0.00086474471027], [0.00152348191477, -0.000669030065183, 0.00348844425753, -0.00156536349095, 0.0020252969116, -0.00254799472168, 0.00260111666285, -0.000506699900143, 0.00118722917978, 3.03884989989e-05, 0.00149330601562, -0.00226334412582, 0.00226422981359], [-0.000647641369142, 0.00264290510677, -0.00156536349095, 0.00702278781682, -0.00454010628164, 0.0038253350649, -0.00242616911419, 0.00155695911963, -0.00155974575318, 0.00342338066548, -0.00161643675528, 0.00145296182018, -0.00255858502351], [0.000972053559963, -0.00209094537422, 0.0020252969116, -0.00454010628164, 0.00890218652785, -0.00512457918376, 0.00435794238001, -0.00182942708489, 0.000908797606826, -0.00228653335944, 0.00371423573233, -0.00326529727317, 0.00292875501327], [-0.000844093970954, 0.00304117146879, -0.00254799472168, 0.0038253350649, -0.00512457918376, 0.0125621501356, -0.00661976635456, 0.0027691279538, -0.00199942500331, 0.00279157957993, -0.00318274111487, 0.00472993589938, -0.00237301946618], [0.00100401800591, -0.00182681553997, 0.00260111666285, -0.00242616911419, 0.00435794238001, -0.00661976635456, 0.0105530889705, -0.00380135024898, 0.00147834222298, -0.000496592838317, 0.00152986659668, -0.00330932065845, 0.00272776908241], [-0.000777978275437, 0.0017805864336, -0.000506699900143, 0.00155695911963, -0.00182942708489, 0.0027691279538, -0.00380135024898, 0.0126344002783, -0.00232620211318, 0.00365603505634, -0.00234294380061, 0.00332062342204, -0.000362881663023], [0.00117202091496, -0.000228503879043, 0.00118722917978, -0.00155974575318, 0.000908797606826, -0.00199942500331, 0.00147834222298, -0.00232620211318, 0.00988243240863, -0.00480389036238, 0.00422475021333, -0.00331977452151, 0.00132500822656], [-0.000816930085421, 0.00151820236351, 3.03884989989e-05, 0.00342338066548, -0.00228653335944, 0.00279157957993, -0.000496592838317, 0.00365603505634, -0.00480389036238, 0.017567159608, -0.0103027205914, 0.00669799325988, -0.00136124505661], [0.00166987010743, -0.00146509311162, 0.00149330601562, -0.00161643675528, 0.00371423573233, -0.00318274111487, 0.00152986659668, -0.00234294380061, 0.00422475021333, -0.0103027205914, 0.0194681789726, -0.00912808999419, 0.00422909157351], [-0.00111082103103, 0.00203191977926, -0.00226334412582, 0.00145296182018, -0.00326529727317, 0.00472993589938, -0.00330932065845, 0.00332062342204, -0.00331977452151, 0.00669799325988, -0.00912808999419, 0.0173075012863, -0.00834608078003], [0.00109484104905, -0.00086474471027, 0.00226422981359, -0.00255858502351, 0.00292875501327, -0.00237301946618, 0.00272776908241, -0.000362881663023, 0.00132500822656, -0.00136124505661, 0.00422909157351, -0.00834608078003, 0.0141959413886]]
    },
    "spectral_contrast_coeffs": {
        "max": [-0.267983138561, -0.437637120485, -0.449982911348, -0.582322061062, -0.704503655434, -0.674374341965],
        "mean": [-0.532268762589, -0.66641408205, -0.731893539429, -0.812246024609, -0.834107577801, -0.825433492661],
        "min": [-0.841150581837, -0.898752450943, -0.88593518734, -0.911225199699, -0.917266249657, -0.906732201576],
        "stdev": [0.0906143113971, 0.0780755281448, 0.0698230266571, 0.0469986014068, 0.0407751090825, 0.0308954678476]
    },
    "spectral_contrast_valleys": {
        "max": [-6.105427742, -4.61216688156, -6.11384868622, -7.7379360199, -7.90287876129, -10.2546491623],
        "mean": [-7.99383401871, -6.94562959671, -8.52085399628, -9.46964550018, -9.70857715607, -11.9521579742],
        "min": [-9.58090877533, -8.79534912109, -10.3213968277, -10.9034252167, -11.0686016083, -12.7012643814],
        "stdev": [0.593734800816, 0.613126695156, 0.647747218609, 0.580290794373, 0.440971583128, 0.26375707984]
    }
},
"rhythm": {
    "beats_count": 89,
    "beats_loudness": {
        "max": 0.0731161385775,
        "mean": 0.0235680621117,
        "min": 0.00180951843504,
        "stdev": 0.0180706139654
    },
    "bpm": 106.709434509,
    "bpm_histogram_first_peak_bpm": 108,
    "bpm_histogram_first_peak_weight": 0.47058826685,
    "bpm_histogram_second_peak_bpm": 136,
    "bpm_histogram_second_peak_spread": 0.428571403027,
    "bpm_histogram_second_peak_weight": 0.0909090936184,
    "danceability": 1.00293183327,
    "onset_rate": 2.7275390625,
    "beats_loudness_band_ratio": {
        "max": [0.646278381348, 0.975186288357, 0.821102201939, 0.597565293312, 0.0949783474207, 0.0390578135848],
        "mean": [0.103934556246, 0.595184385777, 0.335541516542, 0.0460804514587, 0.00446808803827, 0.0020141354762],
        "min": [0.000914094795007, 0.148219138384, 0.0212743729353, 0.000179274371476, 5.78015788051e-05, 4.84675038024e-05],
        "stdev": [0.138743266463, 0.24452932179, 0.230422526598, 0.106710888445, 0.0117728123441, 0.00566827366129]
    },
