{
"metadata": {
    "version": {
        "essentia": "2.1-beta5",
        "essentia_git_sha": "Undefined",
        "extractor": "music 2.0"
    },
    "audio_properties": {
        "analysis": {
            "equal_loudness": 0,
            "length": 32.4963264465,
            "sample_rate": 44100,
            "start_time": 77.7520217896,
            "downmix": "mix"
        },
        "bit_rate": 192000,
        "length": 190.484909058,
        "lossless": 0,
        "number_channels": 2,
        "replay_gain": -5.0103187561,
        "sample_rate": 48000,
        "codec": "mp3",
        "md5_encoded": "c3919934d7f59c0f7d03bccf5d434be5"
    },
    "tags": {
        "file_name": "Belgium_Straatdeuntje_Bobbejaan Schoepen.mp3",
        "encoding": ["Lavf58.29.100"]
    }
},
"lowlevel": {
    "average_loudness": 0.874168395996,
    "barkbands_crest": {
        "max": 25.2059898376,
        "mean": 12.2420730591,
        "min": 4.20254516602,
        "stdev": 4.17366075516
    },
    "barkbands_flatness_db": {
        "max": 0.408362537622,
        "mean": 0.273030936718,
        "min": 0.12188500911,
        "stdev": 0.0410473495722
    },
    "barkbands_kurtosis": {
        "max": 372.104034424,
        "mean": 4.29386949539,
        "min": -1.90409326553,
        "stdev": 12.4358444214
    },
    "barkbands_skewness": {
        "max": 17.3581924438,
        "mean": 0.814229130745,
        "min": -4.31949329376,
        "stdev": 1.32760751247
    },
    "barkbands_spread": {
        "max": 69.1904983521,
        "mean": 8.26969528198,
        "min": 0.798075854778,
        "stdev": 6.38619852066
    },
    "dissonance": {
        "max": 0.499023467302,
        "mean": 0.393518060446,
        "min": 0.194924280047,
        "stdev": 0.055817335844
    },
    "dynamic_complexity": 2.6936340332,
    "erbbands_crest": {
        "max": 33.8230819702,
        "mean": 15.872877121,
        "min": 4.24397325516,
        "stdev": 6.20775461197
    },
    "erbbands_flatness_db": {
        "max": 0.439752101898,
        "mean": 0.30102327466,
        "min": 0.12328454107,
        "stdev": 0.0488848611712
    },
    "erbbands_kurtosis": {
        "max": 56.3351020813,
        "mean": 4.48928451538,
        "min": -1.83250248432,
        "stdev": 5.42661809921
    },
    "erbbands_skewness": {
        "max": 5.420835495,
        "mean": 0.47234249115,
        "min": -6.53021240234,
        "stdev": 1.49508726597
    },
    "erbbands_spread": {
        "max": 162.747344971,
        "mean": 12.9203567505,
        "min": 1.3338457346,
        "stdev": 12.6808223724
    },
    "hfc": {
        "max": 67.8897399902,
        "mean": 14.4994077682,
        "min": 0.105577588081,
        "stdev": 12.1701822281
    },
    "loudness_ebu128": {
        "integrated": -19.736946106,
        "loudness_range": 4.12920761108,
        "momentary": {
            "max": -14.6751461029,
            "mean": -20.2884368896,
            "min": -25.5391101837,
            "stdev": 2.16777706146
        },
        "short_term": {
            "max": -17.2489147186,
            "mean": -19.8653011322,
            "min": -22.4226264954,
            "stdev": 1.4675103426
        }
    },
    "melbands_crest": {
        "max": 30.944278717,
        "mean": 13.9380187988,
        "min": 5.03389453888,
        "stdev": 4.76596784592
    },
    "melbands_flatness_db": {
        "max": 0.488144129515,
        "mean": 0.310398370028,
        "min": 0.0973676145077,
        "stdev": 0.046557854861
    },
    "melbands_kurtosis": {
        "max": 551.57989502,
        "mean": 5.4548573494,
        "min": -1.84312129021,
        "stdev": 22.5859565735
    },
    "melbands_skewness": {
        "max": 16.223613739,
        "mean": 0.995683073997,
        "min": -2.86900281906,
        "stdev": 1.45793259144
    },
    "melbands_spread": {
        "max": 113.333999634,
        "mean": 13.3251113892,
        "min": 0.540978550911,
        "stdev": 10.6391887665
    },
    "pitch_salience": {
        "max": 0.822879314423,
        "mean": 0.546273171902,
        "min": 0.0787165313959,
        "stdev": 0.133507236838
    },
    "silence_rate_20dB": {
        "max": 1,
        "mean": 1,
        "min": 1,
        "stdev": 0
    },
    "silence_rate_30dB": {
        "max": 1,
        "mean": 0.999286234379,
        "min": 0,
        "stdev": 0.0267073493451
    },
    "silence_rate_60dB": {
        "max": 1,
        "mean": 0.0235546045005,
        "min": 0,
        "stdev": 0.151657253504
    },
    "spectral_centroid": {
        "max": 3472.52612305,
        "mean": 729.453735352,
        "min": 189.973403931,
        "stdev": 318.181549072
    },
    "spectral_complexity": {
        "max": 19,
        "mean": 10.3304786682,
        "min": 0,
        "stdev": 3.00249576569
    },
    "spectral_decrease": {
        "max": -4.30050509093e-11,
        "mean": -5.99740213048e-09,
        "min": -2.71702678134e-08,
        "stdev": 4.4378052344e-09
    },
    "spectral_energy": {
        "max": 0.108704634011,
        "mean": 0.0239507220685,
        "min": 0.000178856877028,
        "stdev": 0.0176455117762
    },
    "spectral_energyband_high": {
        "max": 0.000349274661858,
        "mean": 1.36530916279e-05,
        "min": 1.2272140566e-06,
        "stdev": 2.42516562139e-05
    },
    "spectral_energyband_low": {
        "max": 0.0415039211512,
        "mean": 0.00332000874914,
        "min": 2.16597072722e-06,
        "stdev": 0.0059396289289
    },
    "spectral_energyband_middle_high": {
        "max": 0.0296841580421,
        "mean": 0.00472262315452,
        "min": 3.61377828995e-06,
        "stdev": 0.0053357956931
    },
    "spectral_energyband_middle_low": {
        "max": 0.101319335401,
        "mean": 0.0165495239198,
        "min": 4.8679226893e-05,
        "stdev": 0.0160414595157
    },
    "spectral_entropy": {
        "max": 8.20470523834,
        "mean": 6.51537418365,
        "min": 5.23638153076,
        "stdev": 0.370950758457
    },
    "spectral_flux": {
        "max": 0.263420015574,
        "mean": 0.0749979168177,
        "min": 0.00828535109758,
        "stdev": 0.0403446480632
    },
    "spectral_kurtosis": {
        "max": 60.9433021545,
        "mean": 16.6051425934,
        "min": -1.12792432308,
        "stdev": 8.9945526123
    },
    "spectral_rms": {
        "max": 0.0102982185781,
        "mean": 0.00452669756487,
        "min": 0.0004177254159,
        "stdev": 0.00169575074688
    },
    "spectral_rolloff": {
        "max": 7450.48828125,
        "mean": 886.859680176,
        "min": 86.1328125,
        "stdev": 504.829956055
    },
    "spectral_skewness": {
        "max": 6.46373558044,
        "mean": 2.84512066841,
        "min": -0.117356337607,
        "stdev": 0.749266207218
    },
    "spectral_spread": {
        "max": 27972688,
        "mean": 2248694.5,
        "min": 1084686,
        "stdev": 1058578.25
    },
    "spectral_strongpeak": {
        "max": 12.0004205704,
        "mean": 2.09079670906,
        "min": 0,
        "stdev": 2.02227878571
    },
    "zerocrossingrate": {
        "max": 0.20166015625,
        "mean": 0.0339033082128,
        "min": 0.00341796875,
        "stdev": 0.0177645385265
    },
    "barkbands": {
        "max": [5.92499782215e-05, 0.0278709568083, 0.0247279442847, 0.0164579357952, 0.0336417295039, 0.0273100212216, 0.0634728223085, 0.0483133904636, 0.0692140311003, 0.024516902864, 0.0168434400111, 0.0142670338973, 0.018363725394, 0.023104429245, 0.0286301393062, 0.020315727219, 0.00116224074736, 0.00057896238286, 0.000350999354851, 0.000108223466668, 7.26543075871e-05, 0.000128263563965, 0.00011261281179, 7.96299427748e-05, 7.03255818735e-06, 1.41425189781e-07, 1.52876268089e-07],
        "mean": [2.88784121949e-06, 0.00201561604626, 0.00097826984711, 0.000831807556096, 0.00243134563789, 0.00254718353972, 0.00316994334571, 0.00170112994965, 0.0051380363293, 0.00137395458296, 0.000689180102199, 0.000802982656751, 0.000815230188891, 0.000281683460344, 0.000767161720432, 0.000260495522525, 5.37725318281e-05, 4.59044458694e-05, 2.51686269621e-05, 8.47276805871e-06, 4.36725440522e-06, 2.94603751172e-06, 1.79438666237e-06, 1.10522410068e-06, 3.1063541428e-07, 1.05234343462e-09, 1.12539766395e-09],
        "min": [1.85774471362e-08, 3.62899697848e-07, 7.93815218003e-08, 1.14914072924e-07, 1.38585173772e-05, 5.51027915208e-06, 4.06505159845e-06, 4.90027957767e-07, 4.04679303756e-06, 3.18389538734e-07, 2.67098499762e-07, 4.41971394594e-07, 1.25803737205e-07, 4.14286880357e-08, 5.13448270567e-08, 6.20802182993e-08, 1.73448412966e-07, 2.80353845028e-07, 3.5734285575e-07, 2.69133153097e-07, 1.56058789003e-07, 1.69666620309e-07, 1.20654021885e-07, 1.4842771634e-07, 7.45890886833e-08, 3.79612452583e-11, 4.89131027348e-11],
        "stdev": [4.07851712225e-06, 0.00433909660205, 0.00225809728727, 0.00173511786852, 0.0033479235135, 0.00390066322871, 0.00520448433235, 0.00411347625777, 0.0095790522173, 0.00301896943711, 0.00125241256319, 0.00177532935049, 0.00250414875336, 0.00179297535215, 0.00347645999864, 0.00166088109836, 8.78303690115e-05, 6.49620269542e-05, 3.31272822223e-05, 9.36758897296e-06, 7.01680528437e-06, 9.36679862207e-06, 6.04948763794e-06, 3.68513337889e-06, 2.70219459253e-07, 6.56053567027e-09, 7.0183969747e-09]
    },
    "erbbands": {
        "max": [0.331947088242, 7.87615776062, 31.9217643738, 22.1847248077, 125.142623901, 182.443252563, 205.271499634, 312.308013916, 955.351135254, 988.781616211, 1124.48779297, 2089.78637695, 995.582824707, 502.777130127, 402.651855469, 651.144287109, 967.629699707, 1215.94274902, 1570.9420166, 1500.38000488, 1005.23205566, 55.0422477722, 37.269493103, 23.2937717438, 11.7064170837, 3.67198562622, 3.51198339462, 3.48768877983, 4.90730762482, 3.95323610306, 3.09587812424, 1.85541892052, 1.13395130634, 0.139044955373, 0.0207594912499, 0.000592382391915, 0.000264713860815, 9.43686318351e-05, 5.47934723727e-05, 0.000124257407151],
        "mean": [0.0189646929502, 0.571381270885, 1.42742228508, 1.79245889187, 5.09528541565, 10.2757520676, 10.973320961, 24.5429382324, 37.3213653564, 45.9196662903, 47.9729995728, 125.603538513, 71.444984436, 36.4336395264, 22.7863292694, 37.431438446, 38.2386016846, 19.3854866028, 31.0485649109, 29.3624897003, 12.0870914459, 3.32203221321, 2.87770009041, 1.6204110384, 0.955149769783, 0.393434882164, 0.227501124144, 0.133600637317, 0.112107202411, 0.0771378204226, 0.046518985182, 0.0279349200428, 0.0155671909451, 0.00569801731035, 0.00113210349809, 4.58462782262e-05, 1.1476680811e-05, 2.90885122922e-06, 1.20770464491e-05, 2.74244121101e-05],
        "min": [2.58022610069e-05, 0.000133453853778, 0.00111252511851, 0.00287842261605, 0.00819649733603, 0.0363988354802, 0.0181170683354, 0.0372062399983, 0.0238327626139, 0.0448363237083, 0.0462295860052, 0.112758547068, 0.0220110807568, 0.0209771823138, 0.0123591441661, 0.0191249307245, 0.00785231776536, 0.00313148461282, 0.0025773125235, 0.00244652573019, 0.00576982274652, 0.00837030727416, 0.0113956099376, 0.0127957081422, 0.0163732934743, 0.0128262462094, 0.00981285981834, 0.00650064973161, 0.00600281637162, 0.00470659509301, 0.00289368582889, 0.00274652056396, 0.00197915523313, 0.00144305697177, 0.000271939527011, 1.39787944136e-05, 1.64760797361e-06, 2.53158191299e-07, 1.80278661333e-07, 2.43962176683e-07],
        "stdev": [0.0410292930901, 1.21822941303, 3.17245364189, 2.88507628441, 9.61425495148, 14.5500087738, 20.4127006531, 40.823600769, 71.4797668457, 76.5967636108, 99.2833023071, 251.719406128, 135.456893921, 59.1032485962, 37.2759780884, 79.9253768921, 110.442237854, 89.938331604, 156.449111938, 132.617645264, 75.3881759644, 5.55123901367, 3.87829613686, 2.26380991936, 1.16636919975, 0.413331001997, 0.309943675995, 0.257023841143, 0.360372453928, 0.23193050921, 0.165881901979, 0.102872699499, 0.0470826551318, 0.00628794869408, 0.000747784564737, 3.30693401338e-05, 1.35721820698e-05, 4.68747839477e-06, 8.73794942891e-06, 2.00730282813e-05]
    },
    "gfcc": {
        "mean": [-100.973983765, 177.038116455, -146.577957153, 2.07885193825, -72.8232955933, -6.97324323654, -30.0123214722, -5.33130264282, -10.0187578201, -21.8935031891, 7.21566963196, -19.2012462616, 2.90924882889],
        "cov": [[1094.91723633, 420.222625732, -232.316925049, -251.992416382, 137.087493896, -153.111526489, 239.715805054, 98.3076934814, 9.61737155914, -182.366455078, -17.7465267181, -15.7831964493, -119.140632629], [420.222625732, 452.63760376, 149.621948242, -47.2825393677, 190.869827271, -32.1082572937, 135.158187866, 109.046508789, 23.8099689484, -47.145904541, 29.1052112579, -25.0624580383, -44.2091178894], [-232.316925049, 149.621948242, 684.821777344, 441.908691406, 86.8745040894, 103.246551514, 14.389374733, 80.785774231, 72.4385910034, 57.4518737793, 30.4956703186, -14.6030807495, -0.583777248859], [-251.992416382, -47.2825393677, 441.908691406, 567.787597656, 60.6357879639, 122.591163635, -22.5143527985, 45.3551025391, 98.5165710449, 99.2476577759, 1.14897763729, -4.04474639893, 55.099811554], [137.087493896, 190.869827271, 86.8745040894, 60.6357879639, 402.244293213, 113.116928101, -26.5962142944, 4.17401885986, 179.637557983, 164.262527466, 1.66835308075, -22.929397583, 54.5050125122], [-153.111526489, -32.1082572937, 103.246551514, 122.591163635, 113.116928101, 305.556060791, 83.7491607666, -10.7380447388, 69.7911071777, 127.162055969, 26.151802063, 5.33990049362, 53.3039550781], [239.715805054, 135.158187866, 14.389374733, -22.5143527985, -26.5962142944, 83.7491607666, 275.397094727, 134.229064941, -49.9177246094, -85.8080062866, 34.0659790039, 27.6312999725, -40.7009925842], [98.3076934814, 109.046508789, 80.785774231, 45.3551025391, 4.17401885986, -10.7380447388, 134.229064941, 222.077270508, 48.2803077698, -90.6092224121, -15.7344779968, 2.19413232803, -25.3955612183], [9.61737155914, 23.8099689484, 72.4385910034, 98.5165710449, 179.637557983, 69.7911071777, -49.9177246094, 48.2803077698, 225.583374023, 128.717987061, -37.178276062, -23.1727638245, 44.7705345154], [-182.366455078, -47.145904541, 57.4518737793, 99.2476577759, 164.262527466, 127.162055969, -85.8080062866, -90.6092224121, 128.717987061, 277.912109375, 78.3892059326, -2.3592774868, 68.244430542], [-17.7465267181, 29.1052112579, 30.4956703186, 1.14897763729, 1.66835308075, 26.151802063, 34.0659790039, -15.7344779968, -37.178276062, 78.3892059326, 158.152908325, 51.202255249, -27.9705753326], [-15.7831964493, -25.0624580383, -14.6030807495, -4.04474639893, -22.929397583, 5.33990049362, 27.6312999725, 2.19413232803, -23.1727638245, -2.3592774868, 51.202255249, 100.368240356, 45.2439613342], [-119.140632629, -44.2091178894, -0.583777248859, 55.099811554, 54.5050125122, 53.3039550781, -40.7009925842, -25.3955612183, 44.7705345154, 68.244430542, -27.9705753326, 45.2439613342, 148.690582275]],
        "icov": [[0.00475881109014, -0.00315829622559, 0.00260252621956, -0.00140076468233, -0.00133417826146, 0.00345238437876, -0.00616658618674, 0.00588307529688, -0.00583476899192, 0.00466205179691, -0.00164551776834, 0.000449432031019, 0.00114238169044], [-0.00315829622559, 0.0102082639933, -0.00490009458736, 0.00333125679754, -0.00444958079606, 0.00163239787798, -0.00131537357811, -0.00240098685026, 0.00246110325679, 0.00118697516154, -0.00391171174124, 0.00521691888571, -0.00408251630142], [0.00260252621956, -0.00490009458736, 0.00597125804052, -0.00427103741094, 0.000693211273756, -5.38598906132e-05, -0.000736153684556, 0.00182348547969, -0.002279213164, 0.00158477178775, -1.23640074889e-05, -0.00139970367309, 0.0024921738077], [-0.00140076468233, 0.00333125679754, -0.00427103741094, 0.00534153357148, -0.000355977361323, -0.000556060462259, 0.000751840241719, -0.00202930509113, 0.00103977916297, -0.00127541401889, -0.000125415797811, 0.00119035120588, -0.00205254787579], [-0.00133417826146, -0.00444958079606, 0.000693211273756, -0.000355977361323, 0.00841451156884, -0.00382743030787, 0.00455307262018, -0.00194020511117, -0.000827112409752, -0.004732882604, 0.00296566053294, -0.00243441038765, 0.000665105471853], [0.00345238437876, 0.00163239787798, -5.38598906132e-05, -0.000556060462259, -0.00382743030787, 0.0110196769238, -0.0117319254205, 0.00748154846951, -0.00592235848308, 0.00290283747017, -0.00281865987927, 0.00366442650557, -0.00221786508337], [-0.00616658618674, -0.00131537357811, -0.000736153684556, 0.000751840241719, 0.00455307262018, -0.0117319254205, 0.02151334472, -0.0155051071197, 0.0126657662913, -0.00827600806952, 0.00518023967743, -0.00662175752223, 0.00313789234497], [0.00588307529688, -0.00240098685026, 0.00182348547969, -0.00202930509113, -0.00194020511117, 0.00748154846951, -0.0155051071197, 0.0215133521706, -0.0173986461014, 0.0150141557679, -0.0087838480249, 0.00553141348064, -0.00276928301901], [-0.00583476899192, 0.00246110325679, -0.002279213164, 0.00103977916297, -0.000827112409752, -0.00592235848308, 0.0126657662913, -0.0173986461014, 0.0250516440719, -0.0187183711678, 0.014308760874, -0.00762169668451, 0.00464292895049], [0.00466205179691, 0.00118697516154, 0.00158477178775, -0.00127541401889, -0.004732882604, 0.00290283747017, -0.00827600806952, 0.0150141557679, -0.0187183711678, 0.0282386131585, -0.0218618940562, 0.0139853348956, -0.0101320389658], [-0.00164551776834, -0.00391171174124, -1.23640074889e-05, -0.000125415797811, 0.00296566053294, -0.00281865987927, 0.00518023967743, -0.0087838480249, 0.014308760874, -0.0218618940562, 0.0285658165812, -0.0200107246637, 0.0145940827206], [0.000449432031019, 0.00521691888571, -0.00139970367309, 0.00119035120588, -0.00243441038765, 0.00366442650557, -0.00662175752223, 0.00553141348064, -0.00762169668451, 0.0139853348956, -0.0200107246637, 0.0282627288252, -0.016312578693], [0.00114238169044, -0.00408251630142, 0.0024921738077, -0.00205254787579, 0.000665105471853, -0.00221786508337, 0.00313789234497, -0.00276928301901, 0.00464292895049, -0.0101320389658, 0.0145940827206, -0.016312578693, 0.0190958045423]]
    },
    "melbands": {
        "max": [0.00543768098578, 0.0125889284536, 0.00575184682384, 0.0088620102033, 0.00590932602063, 0.0062028975226, 0.0146756861359, 0.0109439715743, 0.0109553970397, 0.0125767067075, 0.00481940619648, 0.00187987636309, 0.0013886759989, 0.00191333913244, 0.0023092450574, 0.00215102662332, 0.0023380597122, 0.0025355766993, 0.00314843654633, 0.00193249853328, 0.000966129358858, 7.53517160774e-05, 3.64928018826e-05, 2.26182401093e-05, 1.92346124095e-05, 1.20365975818e-05, 6.81046640238e-06, 2.09732911571e-06, 3.53853374691e-06, 3.35731192536e-06, 2.25826079259e-06, 3.04571631204e-06, 2.52943709711e-06, 2.00768408831e-06, 1.90343223494e-06, 1.37142751555e-06, 1.20779452573e-06, 1.10864880298e-06, 1.71568601104e-07, 1.01743033554e-07],
        "mean": [0.000374019698938, 0.000770832470153, 0.000408423074987, 0.000567832845263, 0.000391046167351, 0.000529379292857, 0.000619619677309, 0.000466009223601, 0.000426050944952, 0.000821479188744, 0.000334979646141, 0.000141262673424, 7.54090578994e-05, 8.87237983989e-05, 9.63033526205e-05, 7.35362336854e-05, 3.00409828924e-05, 4.25689431722e-05, 5.58207611903e-05, 2.64354184765e-05, 1.02712847365e-05, 2.97304154628e-06, 3.23119274981e-06, 1.8969822122e-06, 1.2620707821e-06, 8.77300976754e-07, 4.31639023191e-07, 2.13149917272e-07, 1.44796487689e-07, 1.13491630316e-07, 6.7540412374e-08, 6.67896173923e-08, 5.00862107344e-08, 4.02126687504e-08, 2.77271325899e-08, 2.0467389561e-08, 1.58437671871e-08, 1.22621637288e-08, 6.68852351282e-09, 4.21488621782e-09],
        "min": [1.38179913733e-07, 3.2496572544e-07, 8.58690668792e-07, 2.03298532142e-06, 6.12785186149e-07, 9.45098179272e-07, 4.24249492426e-07, 4.2684661139e-07, 1.70576981873e-07, 6.31242301097e-07, 9.52949577027e-08, 8.36907645407e-08, 4.60171349914e-08, 3.24417399611e-08, 3.3637810759e-08, 9.84197345844e-09, 5.08238562347e-09, 4.09810541058e-09, 3.30131966209e-09, 3.55074170066e-09, 8.54395576511e-09, 1.00860733099e-08, 4.93400476032e-09, 1.33034427918e-08, 6.986434542e-09, 1.35399451651e-08, 9.730587891e-09, 8.24876522643e-09, 5.7172870882e-09, 3.03762814902e-09, 3.15019899055e-09, 2.99574631768e-09, 3.09647929519e-09, 2.48976816941e-09, 1.60251534265e-09, 1.57035828785e-09, 1.56836921228e-09, 1.53856871687e-09, 1.04247277477e-09, 1.0154004304e-09],
        "stdev": [0.000801845861133, 0.00155730440747, 0.000664009014145, 0.00080041133333, 0.000590134935919, 0.000834741222207, 0.00108570058364, 0.000832384917885, 0.000932959024794, 0.00162149895914, 0.000671871122904, 0.000246752140811, 0.000124927610159, 0.000204256371944, 0.000247249583481, 0.000244475289946, 0.000181291790796, 0.000239046421484, 0.000267238880042, 0.000139300653245, 7.16550130164e-05, 5.27007296114e-06, 4.64936692879e-06, 2.57902365774e-06, 1.88856984096e-06, 1.19091862416e-06, 5.32351293714e-07, 2.47802859121e-07, 1.99426594349e-07, 2.3281893391e-07, 1.58279490847e-07, 2.14933692178e-07, 1.76036110133e-07, 1.17848387049e-07, 9.8957414707e-08, 8.1369421423e-08, 5.79250745147e-08, 4.23251762527e-08, 1.0241040016e-08, 3.91516641329e-09]
    },
    "melbands128": {
        "max": [3.31875598931e-05, 0.00066449464066, 0.00842109974474, 0.0170770827681, 0.01997047849, 0.00835406314582, 0.0047744968906, 0.0110393511131, 0.017831902951, 0.0135738197714, 0.0128766577691, 0.00548270111904, 0.00982259772718, 0.0114876879379, 0.0109268054366, 0.00990506634116, 0.0167389959097, 0.0281115658581, 0.0123419407755, 0.0170933715999, 0.0152954841033, 0.0184557605535, 0.0200364161283, 0.0210030935705, 0.0266201756895, 0.022440712899, 0.0117815928534, 0.0090010073036, 0.00445017684251, 0.00447920663282, 0.00387110863812, 0.0050031542778, 0.00137453631032, 0.00301677174866, 0.0030264055822, 0.00406641047448, 0.00374722993001, 0.00493060983717, 0.00462375069037, 0.00446718139574, 0.00489177135751, 0.00517465965822, 0.00510564772412, 0.00568096060306, 0.00397582212463, 0.00574556272477, 0.0067030149512, 0.00645931391045, 0.00604372471571, 0.00300526805222, 0.00391587568447, 0.00405517965555, 0.00189600221347, 0.000521924404893, 0.000250784301898, 5.03834598931e-05, 8.72150849318e-05, 4.99434936501e-05, 7.90471895016e-05, 5.89827213844e-05, 2.5383744287e-05, 2.59431144514e-05, 4.29826432082e-05, 1.99586520466e-05, 1.77937272383e-05, 2.13259827433e-05, 9.0878793344e-06, 1.06417455754e-05, 8.77524053067e-06, 5.05941898155e-06, 3.1767215205e-06, 3.69076542484e-06, 7.60940156397e-06, 3.37353708346e-06, 3.30640682478e-06, 8.73584394867e-06, 3.13203349833e-06, 2.48454307439e-06, 3.48254343407e-06, 2.28344902098e-06, 4.39972654931e-06, 3.88066519008e-06, 2.88997375719e-06, 3.31508067575e-06, 1.98698512577e-06, 2.54005112765e-06, 1.98611519409e-06, 2.32827505897e-06, 1.84912380519e-06, 1.56826570219e-06, 2.17204319597e-06, 1.16366618386e-06, 1.52302129663e-06, 1.12417103537e-06, 1.23526183415e-06, 1.62040009855e-06, 1.21969992506e-06, 5.50663060039e-07, 1.33890523557e-07, 1.39128118803e-07, 1.55848780992e-07, 6.03125442922e-08, 9.36864452683e-08, 4.62566802639e-08, 3.71402042454e-09, 1.1144098977e-09, 1.05391140259e-09, 1.00489006005e-09, 9.60304835651e-10, 9.24579579564e-10, 9.01116847807e-10, 8.63064175682e-10, 8.30223501058e-10, 8.07311995032e-10, 7.8063427944e-10, 7.47113204635e-10, 7.29637184005e-10, 7.15662806794e-10, 6.97243596193e-10, 6.72811473201e-10, 6.61455001882e-10, 6.48054554464e-10, 6.3610283707e-10, 6.24957696704e-10, 6.11613426571e-10, 6.06997563324e-10, 6.01552696544e-10, 5.98801397356e-10],
        "mean": [1.9951755803e-06, 2.52530062426e-05, 0.000448177714134, 0.00118023634423, 0.000937249453273, 0.000389411434298, 0.000303791603073, 0.000468959100544, 0.000471183739137, 0.000629255489912, 0.000652606773656, 0.000297732098261, 0.000343545980286, 0.000433752138633, 0.000625767279416, 0.00053090887377, 0.000439131661551, 0.000666271080263, 0.000847830146085, 0.000464225304313, 0.000322594220052, 0.000287765462417, 0.000428862171248, 0.000543692614883, 0.000863591732923, 0.00107154890429, 0.000432861736044, 0.000319113198202, 0.000141136231832, 0.000132747169118, 0.000163236923981, 0.000120306671306, 3.81935715268e-05, 8.27929325169e-05, 5.61202868994e-05, 0.000105671206256, 0.000116162605991, 8.69672367116e-05, 9.3475493486e-05, 9.04290936887e-05, 7.75575899752e-05, 3.40720325767e-05, 3.07085792883e-05, 2.67772593361e-05, 2.16184544115e-05, 4.46969388577e-05, 7.46452569729e-05, 4.91428181704e-05, 6.5194137278e-05, 2.20177844312e-05, 2.20320471271e-05, 2.97940496239e-05, 1.13946935016e-05, 2.83736790152e-06, 3.58525949196e-06, 2.48298852057e-06, 3.15353076985e-06, 3.40794053955e-06, 3.24310826727e-06, 3.08203425448e-06, 1.54483063852e-06, 1.30826038003e-06, 1.44270393321e-06, 1.22738754271e-06, 1.03896638848e-06, 9.89183035927e-07, 7.07847448211e-07, 4.53172816606e-07, 4.20388232669e-07, 3.18001923461e-07, 1.79379185283e-07, 2.01173634196e-07, 1.50834097212e-07, 1.23888625581e-07, 1.30400763965e-07, 1.66508016264e-07, 7.57501510407e-08, 5.86945638759e-08, 7.16740800044e-08, 6.80098537487e-08, 6.8043028989e-08, 6.86268961658e-08, 5.699142136e-08, 4.79812101162e-08, 4.47024390837e-08, 4.26181365754e-08, 4.04170421575e-08, 3.1650088772e-08, 2.6897629013e-08, 2.42186644073e-08, 2.42058835198e-08, 1.76563190735e-08, 1.81135852984e-08, 1.49490020362e-08, 1.58640496295e-08, 1.39721967329e-08, 1.18620846479e-08, 9.15528985956e-09, 6.85424872415e-09, 5.3824757984e-09, 4.5534891413e-09, 3.99407973362e-09, 3.86162835042e-09, 2.921406006e-09, 4.49641268663e-10, 8.88409398131e-12, 7.78485435837e-12, 7.46560712556e-12, 7.17983571902e-12, 6.91067775921e-12, 6.66072622404e-12, 6.42453234709e-12, 6.19239078417e-12, 5.97572512306e-12, 5.78134805654e-12, 5.6354421997e-12, 5.50548018632e-12, 5.27444841275e-12, 5.13072050123e-12, 4.99789489308e-12, 4.87378323463e-12, 4.7780958877e-12, 4.69922885327e-12, 4.60522028498e-12, 4.46510363405e-12, 4.28721294576e-12, 4.18091342796e-12, 4.14933322077e-12],
        "min": [3.0328003997e-10, 1.50841508173e-08, 3.75777595707e-08, 5.68890428099e-08, 4.66515643893e-08, 5.391632385e-08, 4.99708505686e-08, 8.36373459379e-08, 2.33060433175e-07, 5.97144548919e-07, 8.02354861662e-07, 4.73449006222e-07, 1.33568363481e-07, 3.29442173097e-07, 3.9260066842e-07, 5.40672644433e-08, 1.83218759275e-07, 1.49486410805e-07, 6.55985388676e-07, 4.42146813384e-07, 5.41240439134e-08, 2.85014163381e-08, 6.74784175203e-08, 2.27377057627e-07, 2.55716713582e-07, 5.93622182521e-08, 6.7185588648e-08, 3.01614413445e-08, 3.15881152346e-08, 2.66350888012e-08, 2.6741627579e-08, 9.95668969495e-09, 9.39469124717e-09, 1.49166439201e-08, 1.79643055986e-08, 2.00737186873e-08, 1.72295813172e-08, 2.11611883572e-08, 7.22251103369e-09, 6.03475314165e-09, 7.17019243979e-09, 9.67910196437e-09, 2.13858175613e-09, 6.81016265602e-09, 1.94993443614e-09, 5.25104804083e-09, 3.51830475864e-09, 3.43330386343e-09, 3.45664896706e-09, 2.0611707896e-09, 3.96854282769e-09, 3.33952021592e-09, 2.65897814877e-09, 7.58443174931e-09, 8.76284111939e-09, 4.73825201297e-09, 7.72319097564e-09, 4.87064610866e-09, 2.03129069121e-09, 7.90792409333e-09, 7.15137460361e-09, 9.50431378044e-09, 3.56234375332e-09, 2.99881253163e-09, 1.55243053968e-08, 1.16485292523e-08, 4.33204805361e-09, 8.73751471175e-09, 4.45776260349e-09, 6.49171960632e-09, 7.23543447378e-09, 4.01442701303e-09, 4.18865875318e-09, 2.92872903707e-09, 2.43441022896e-09, 2.08859907147e-09, 1.84079274046e-09, 2.6901905148e-09, 1.33884370257e-09, 1.95404092906e-09, 2.47035925049e-09, 2.25483476335e-09, 2.08974260119e-09, 2.14471462812e-09, 1.50496637374e-09, 2.16295514832e-09, 2.30911578747e-09, 1.91472082633e-09, 1.27877441969e-09, 1.09840647688e-09, 8.68739469251e-10, 8.5070411826e-10, 1.25524346473e-09, 1.05245123727e-09, 1.29301402918e-09, 1.21166998657e-09, 9.2821217379e-10, 6.51365406057e-10, 9.4924335059e-10, 7.84898701589e-10, 6.47715714397e-10, 6.99183710928e-10, 7.4075479084e-10, 4.9282022907e-10, 3.52476901833e-11, 3.04445027131e-13, 9.70939772809e-14, 1.65023864799e-13, 1.3285633173e-13, 1.41623841018e-13, 1.39676966282e-13, 1.54727345845e-13, 1.65395041413e-13, 1.3873766773e-13, 1.55436251435e-13, 1.62356171801e-13, 1.59154129762e-13, 1.47178561114e-13, 1.61065212274e-13, 1.62696909439e-13, 1.35085397187e-13, 1.34931901264e-13, 1.61435629946e-13, 1.43854952906e-13, 1.11915068413e-13, 3.84328494322e-14, 5.80331367746e-15, 1.66212137039e-16],
        "stdev": [2.8021415801e-06, 6.04631422902e-05, 0.00103344814852, 0.00258287112229, 0.00216729310341, 0.000808793934993, 0.000570270174649, 0.00106893596239, 0.00119144329801, 0.00114249868784, 0.00103556143586, 0.000563043868169, 0.000904414395336, 0.000889822142199, 0.00136243156157, 0.0010031783022, 0.00111869571265, 0.001829165034, 0.00134823122062, 0.00111148087308, 0.00110275123734, 0.00103638228029, 0.0012521285098, 0.00180067494512, 0.00242723966949, 0.00250753783621, 0.001246925327, 0.00101128220558, 0.000427631282946, 0.000411008863011, 0.000336722325301, 0.000297014805255, 0.000104789825855, 0.000217160224565, 0.000165815756191, 0.000391612935346, 0.000328607769916, 0.000327007699525, 0.000435196008766, 0.0004237658286, 0.00035672285594, 0.000257107749349, 0.000296465557767, 0.000238728636759, 0.000213183098822, 0.000357820274075, 0.000524882692844, 0.000340814032825, 0.000439285824541, 0.000157100774231, 0.000194847787498, 0.000260223663645, 0.00011174591782, 1.73211083165e-05, 1.27387620523e-05, 4.87785473524e-06, 7.01529233993e-06, 6.65025845592e-06, 6.25855363978e-06, 5.30724992132e-06, 2.52322274719e-06, 2.2481351607e-06, 2.75465595223e-06, 1.95778011403e-06, 1.63981269452e-06, 1.68559074609e-06, 1.03330626189e-06, 8.34848265185e-07, 6.07126025898e-07, 4.31000302115e-07, 3.19435173424e-07, 3.3238060837e-07, 2.9409062563e-07, 2.06245118761e-07, 2.463796136e-07, 4.95252493238e-07, 1.7493604787e-07, 1.42811671822e-07, 2.04644848623e-07, 1.7879671077e-07, 2.47817496302e-07, 2.47177297297e-07, 2.13251752257e-07, 2.02397998805e-07, 1.31249166202e-07, 1.31714884333e-07, 1.18048902209e-07, 1.14858245581e-07, 9.83985302128e-08, 9.57190309236e-08, 1.09706576268e-07, 6.88057468778e-08, 8.1645403327e-08, 5.73525404945e-08, 5.47567857723e-08, 5.65283109211e-08, 4.47112356028e-08, 2.45249704989e-08, 8.95127705292e-09, 6.25290708101e-09, 5.99106941834e-09, 3.12817016734e-09, 3.31780469764e-09, 1.84954052074e-09, 3.26067201017e-10, 5.09344129374e-11, 4.87888826561e-11, 4.68054310587e-11, 4.49362387578e-11, 4.31999228057e-11, 4.15775226748e-11, 3.99493910175e-11, 3.84384607477e-11, 3.72275751892e-11, 3.59565294206e-11, 3.49177249614e-11, 3.37024505526e-11, 3.28280874706e-11, 3.19178676544e-11, 3.09778418195e-11, 3.03213253117e-11, 2.96631712249e-11, 2.91739687963e-11, 2.8605401034e-11, 2.8174436742e-11, 2.78618551841e-11, 2.75923155851e-11, 2.74592015792e-11]
    },
    "mfcc": {
        "mean": [-732.574157715, 197.514938354, -13.2995376587, 4.94606542587, -15.663936615, -15.1145048141, -6.14469528198, 1.75906217098, -10.1143455505, -5.03367519379, -2.01356840134, -0.7656686306, -1.91353344917],
        "cov": [[1155.24780273, 426.281860352, -421.287109375, -73.0806503296, -220.214202881, -192.031967163, 81.961769104, 239.806625366, -12.0348491669, -42.2468147278, 30.793794632, 12.9459238052, -53.76039505], [426.281860352, 635.951904297, -153.405136108, -28.5790176392, 45.3313980103, -111.827827454, 102.197647095, 108.918647766, 23.0344276428, 28.4559230804, 61.9516792297, 17.1271324158, -7.34331274033], [-421.287109375, -153.405136108, 634.608459473, 301.837860107, 139.25869751, 118.858306885, 41.4289665222, 46.264591217, 22.4521884918, 71.1136627197, 51.2241477966, 6.61435461044, -14.5874452591], [-73.0806503296, -28.5790176392, 301.837860107, 364.880767822, 169.27355957, 28.6374053955, -7.98067331314, 11.6006708145, 43.254940033, 70.8042984009, 15.9153289795, 12.836438179, 40.6533126831], [-220.214202881, 45.3313980103, 139.25869751, 169.27355957, 361.922424316, 171.950531006, -77.7277450562, -108.704689026, 103.952934265, 153.257507324, 20.6302642822, 11.9044113159, 76.7892150879], [-192.031967163, -111.827827454, 118.858306885, 28.6374053955, 171.950531006, 345.66784668, 24.1395835876, -124.665504456, 80.6878662109, 105.632240295, 9.94705581665, 29.1059989929, 57.6438941956], [81.961769104, 102.197647095, 41.4289665222, -7.98067331314, -77.7277450562, 24.1395835876, 219.439102173, 126.803848267, -22.7466545105, -17.1582965851, 51.8449554443, 33.1346359253, -28.4307289124], [239.806625366, 108.918647766, 46.264591217, 11.6006708145, -108.704689026, -124.665504456, 126.803848267, 317.550323486, 45.3703727722, -27.7432289124, 58.3112792969, -12.2756977081, -65.3302536011], [-12.0348491669, 23.0344276428, 22.4521884918, 43.254940033, 103.952934265, 80.6878662109, -22.7466545105, 45.3703727722, 216.099884033, 106.167030334, -29.8439540863, -32.2831344604, 29.5742073059], [-42.2468147278, 28.4559230804, 71.1136627197, 70.8042984009, 153.257507324, 105.632240295, -17.1582965851, -27.7432289124, 106.167030334, 214.883255005, 76.5283737183, -15.3264341354, 9.37473773956], [30.793794632, 61.9516792297, 51.2241477966, 15.9153289795, 20.6302642822, 9.94705581665, 51.8449554443, 58.3112792969, -29.8439540863, 76.5283737183, 178.094314575, 45.851360321, -45.7248344421], [12.9459238052, 17.1271324158, 6.61435461044, 12.836438179, 11.9044113159, 29.1059989929, 33.1346359253, -12.2756977081, -32.2831344604, -15.3264341354, 45.851360321, 134.2421875, 60.0359077454], [-53.76039505, -7.34331274033, -14.5874452591, 40.6533126831, 76.7892150879, 57.6438941956, -28.4307289124, -65.3302536011, 29.5742073059, 9.37473773956, -45.7248344421, 60.0359077454, 157.052047729]],
        "icov": [[0.00374802318402, -0.00263558118604, 0.0036496554967, -0.00387948611751, 0.00403531594202, -0.00356576428749, 0.00341808795929, -0.00442891009152, 0.00261754123494, -0.00250614411198, 0.00211506988853, -0.00174114457332, 0.00155319401529], [-0.00263558118604, 0.00450698565692, -0.00184939289466, 0.00314174010418, -0.00481050042436, 0.00440665800124, -0.00466975383461, 0.00323764537461, -0.00240693567321, 0.00183907919563, -0.00207009445876, 0.00125538755674, -0.0011795143364], [0.0036496554967, -0.00184939289466, 0.00700864614919, -0.00648723822087, 0.00358609063551, -0.00476730335504, 0.00312945921905, -0.00542688928545, 0.0034202428069, -0.00253771059215, 0.00205116276629, -0.00170438003261, 0.00255463272333], [-0.00387948611751, 0.00314174010418, -0.00648723822087, 0.010379018262, -0.00699583208188, 0.00620704703033, -0.00464019645005, 0.00471745198593, -0.00302423350513, 0.00207021948881, -0.00173471914604, 0.00152728613466, -0.00284855649807], [0.00403531594202, -0.00481050042436, 0.00358609063551, -0.00699583208188, 0.0127889523283, -0.00737147498876, 0.00730993691832, -0.00414513843134, 0.00227298610844, -0.00477324984968, 0.00170862511732, -0.00175254151691, 0.000376243900973], [-0.00356576428749, 0.00440665800124, -0.00476730335504, 0.00620704703033, -0.00737147498876, 0.0117883943021, -0.00854287669063, 0.00839842483401, -0.00604292470962, 0.0023982450366, -0.00311790895648, 0.00128664809745, -0.00224438053556], [0.00341808795929, -0.00466975383461, 0.00312945921905, -0.00464019645005, 0.00730993691832, -0.00854287669063, 0.0138255665079, -0.00897779595107, 0.00559243140742, -0.00343453674577, 0.00293938908726, -0.00346694304608, 0.00210615782999], [-0.00442891009152, 0.00323764537461, -0.00542688928545, 0.00471745198593, -0.00414513843134, 0.00839842483401, -0.00897779595107, 0.014439785853, -0.00944106467068, 0.00642854580656, -0.00705411145464, 0.00358956074342, -0.00179609470069], [0.00261754123494, -0.00240693567321, 0.0034202428069, -0.00302423350513, 0.00227298610844, -0.00604292470962, 0.00559243140742, -0.00944106467068, 0.013950785622, -0.00859635695815, 0.00791203975677, -0.00169751700014, 0.000914240663406], [-0.00250614411198, 0.00183907919563, -0.00253771059215, 0.00207021948881, -0.00477324984968, 0.0023982450366, -0.00343453674577, 0.00642854580656, -0.00859635695815, 0.0153737505898, -0.0105293467641, 0.00571394851431, -0.00258623459376], [0.00211506988853, -0.00207009445876, 0.00205116276629, -0.00173471914604, 0.00170862511732, -0.00311790895648, 0.00293938908726, -0.00705411145464, 0.00791203975677, -0.0105293467641, 0.0166921261698, -0.00861284602433, 0.00646433932707], [-0.00174114457332, 0.00125538755674, -0.00170438003261, 0.00152728613466, -0.00175254151691, 0.00128664809745, -0.00346694304608, 0.00358956074342, -0.00169751700014, 0.00571394851431, -0.00861284602433, 0.0153201501817, -0.00822615064681], [0.00155319401529, -0.0011795143364, 0.00255463272333, -0.00284855649807, 0.000376243900973, -0.00224438053556, 0.00210615782999, -0.00179609470069, 0.000914240663406, -0.00258623459376, 0.00646433932707, -0.00822615064681, 0.0131012862548]]
    },
    "spectral_contrast_coeffs": {
        "max": [-0.361304104328, -0.409302771091, -0.501398324966, -0.518205940723, -0.648293912411, -0.704428911209],
        "mean": [-0.637614786625, -0.686196684837, -0.712128162384, -0.759275257587, -0.791444718838, -0.807090103626],
        "min": [-0.860634088516, -0.895475685596, -0.950951814651, -0.937137901783, -0.905593752861, -0.9568785429],
        "stdev": [0.0840612649918, 0.0752943381667, 0.0794430375099, 0.0731075257063, 0.0478661246598, 0.0273509658873]
    },
    "spectral_contrast_valleys": {
        "max": [-5.58656930923, -4.57007884979, -5.97704792023, -7.39747524261, -7.67897367477, -10.0184688568],
        "mean": [-7.49018621445, -6.62261199951, -7.51718616486, -8.56258487701, -8.84558391571, -11.8764028549],
        "min": [-9.70464801788, -8.93683338165, -9.94768333435, -11.1436185837, -10.7960329056, -12.5008001328],
        "stdev": [0.74876075983, 0.600098669529, 0.627627551556, 0.463700592518, 0.384498298168, 0.233904361725]
    }
},
"rhythm": {
    "beats_count": 49,
    "beats_loudness": {
        "max": 0.0827783346176,
        "mean": 0.027282724157,
        "min": 0.00389347784221,
        "stdev": 0.0144911762327
    },
    "bpm": 92.0636672974,
    "bpm_histogram_first_peak_bpm": 92,
    "bpm_histogram_first_peak_weight": 0.25,
    "bpm_histogram_second_peak_bpm": 0,
    "bpm_histogram_second_peak_spread": 0,
    "bpm_histogram_second_peak_weight": 0,
    "danceability": 1.10226798058,
    "onset_rate": 3.13769507408,
    "beats_loudness_band_ratio": {
        "max": [0.719014644623, 0.77224779129, 0.81275832653, 0.652138769627, 0.697747826576, 0.00741257285699],
        "mean": [0.16764344275, 0.242318212986, 0.393108636141, 0.175030857325, 0.0746339559555, 0.0020269935485],
        "min": [0.00334455957636, 0.0357639081776, 0.0284120421857, 0.00257833697833, 0.00132995645981, 0.00028586408007],
        "stdev": [0.159223511815, 0.183657824993, 0.223011866212, 0.186265870929, 0.17466583848, 0.0016679862747]
    },
    "beats_position": [0.66176867485, 1.3235373497, 1.98530614376, 2.63546490669, 3.29723358154, 3.95900225639, 4.62077093124, 5.28253936768, 5.94430828094, 6.60607719421, 7.26784563065, 7.91800451279, 8.56816291809, 9.21832180023, 9.86848068237, 10.5302495956, 11.1804075241, 11.8189563751, 12.4691152573, 13.1192741394, 13.7694330215, 14.4195919037, 15.0581407547, 15.696688652, 16.3352375031, 16.9737873077, 17.6471652985, 18.3089332581, 18.970703125, 19.6208610535, 20.2710208893, 20.9211788177, 21.5713367462, 22.221496582, 22.8600444794, 23.4985942841, 24.1371421814, 24.7756919861, 25.4258499146, 26.076007843, 26.7145576477, 27.353105545, 28.0032653809, 28.6534233093, 29.3035831451, 29.9653511047, 30.6271190643, 31.2888889313, 31.9506568909],
