{
"metadata": {
    "version": {
        "essentia": "2.1-beta5",
        "essentia_git_sha": "Undefined",
        "extractor": "music 2.0"
    },
    "audio_properties": {
        "analysis": {
            "equal_loudness": 0,
            "length": 48.7502937317,
            "sample_rate": 44100,
            "start_time": 29.0017242432,
            "downmix": "mix"
        },
        "bit_rate": 192000,
        "length": 268.840637207,
        "lossless": 0,
        "number_channels": 2,
        "replay_gain": -4.55840301514,
        "sample_rate": 48000,
        "codec": "mp3",
        "md5_encoded": "a178ace8f6600365c274bc473f0ae226"
    },
    "tags": {
        "file_name": "Netherlands_Net Als Toen_Corry Brokken.mp3",
        "encoding": ["Lavf58.29.100"]
    }
},
"lowlevel": {
    "average_loudness": 0.95520812273,
    "barkbands_crest": {
        "max": 26.1880722046,
        "mean": 15.6235609055,
        "min": 5.00665521622,
        "stdev": 5.12877368927
    },
    "barkbands_flatness_db": {
        "max": 0.542561411858,
        "mean": 0.344160586596,
        "min": 0.086322799325,
        "stdev": 0.0548814199865
    },
    "barkbands_kurtosis": {
        "max": 187.546051025,
        "mean": 13.2701263428,
        "min": -1.71701395512,
        "stdev": 20.3729572296
    },
    "barkbands_skewness": {
        "max": 10.5386724472,
        "mean": 1.86039066315,
        "min": -1.78299248219,
        "stdev": 1.87390291691
    },
    "barkbands_spread": {
        "max": 33.3517684937,
        "mean": 3.79513835907,
        "min": 0.169405519962,
        "stdev": 2.69914054871
    },
    "dissonance": {
        "max": 0.498169064522,
        "mean": 0.353458285332,
        "min": 0.134121283889,
        "stdev": 0.0647745728493
    },
    "dynamic_complexity": 2.85955286026,
    "erbbands_crest": {
        "max": 32.6635665894,
        "mean": 16.5197277069,
        "min": 4.1838517189,
        "stdev": 6.16735839844
    },
    "erbbands_flatness_db": {
        "max": 0.503510355949,
        "mean": 0.332615196705,
        "min": 0.116954520345,
        "stdev": 0.0522039495409
    },
    "erbbands_kurtosis": {
        "max": 132.092926025,
        "mean": 7.47883653641,
        "min": -1.51284253597,
        "stdev": 11.8428516388
    },
    "erbbands_skewness": {
        "max": 7.94369983673,
        "mean": 1.42977333069,
        "min": -2.12501692772,
        "stdev": 1.34206426144
    },
    "erbbands_spread": {
        "max": 94.1488723755,
        "mean": 10.8931055069,
        "min": 0.517619073391,
        "stdev": 9.03859710693
    },
    "hfc": {
        "max": 48.1490974426,
        "mean": 10.3817138672,
        "min": 0.162065684795,
        "stdev": 8.68327140808
    },
    "loudness_ebu128": {
        "integrated": -19.9060726166,
        "loudness_range": 2.86036682129,
        "momentary": {
            "max": -15.910654068,
            "mean": -20.5376434326,
            "min": -29.6169376373,
            "stdev": 2.54737615585
        },
        "short_term": {
            "max": -18.2449378967,
            "mean": -20.0453929901,
            "min": -23.5715141296,
            "stdev": 1.06675183773
        }
    },
    "melbands_crest": {
        "max": 32.2288856506,
        "mean": 17.9772357941,
        "min": 5.63825368881,
        "stdev": 5.72583532333
    },
    "melbands_flatness_db": {
        "max": 0.624159455299,
        "mean": 0.417609512806,
        "min": 0.180520251393,
        "stdev": 0.0664090663195
    },
    "melbands_kurtosis": {
        "max": 280.765808105,
        "mean": 14.8694753647,
        "min": -1.55977034569,
        "stdev": 25.8708953857
    },
    "melbands_skewness": {
        "max": 12.2436151505,
        "mean": 1.93184375763,
        "min": -1.63838624954,
        "stdev": 1.93429493904
    },
    "melbands_spread": {
        "max": 25.339307785,
        "mean": 5.15701532364,
        "min": 0.359068155289,
        "stdev": 3.43341231346
    },
    "pitch_salience": {
        "max": 0.82112210989,
        "mean": 0.457449227571,
        "min": 0.0737559497356,
        "stdev": 0.141313284636
    },
    "silence_rate_20dB": {
        "max": 1,
        "mean": 1,
        "min": 1,
        "stdev": 0
    },
    "silence_rate_30dB": {
        "max": 1,
        "mean": 1,
        "min": 1,
        "stdev": 0
    },
    "silence_rate_60dB": {
        "max": 1,
        "mean": 0.0276059024036,
        "min": 0,
        "stdev": 0.163842767477
    },
    "spectral_centroid": {
        "max": 1179.88146973,
        "mean": 433.468048096,
        "min": 194.931289673,
        "stdev": 163.311462402
    },
    "spectral_complexity": {
        "max": 19,
        "mean": 7.67920017242,
        "min": 0,
        "stdev": 2.3549516201
    },
    "spectral_decrease": {
        "max": -6.87453288739e-11,
        "mean": -7.02033053912e-09,
        "min": -2.71147175823e-08,
        "stdev": 4.55972282154e-09
    },
    "spectral_energy": {
        "max": 0.105735316873,
        "mean": 0.0274379961193,
        "min": 0.000274160556728,
        "stdev": 0.0178190600127
    },
    "spectral_energyband_high": {
        "max": 0.000321286584949,
        "mean": 7.36502670406e-06,
        "min": 2.59857074525e-07,
        "stdev": 2.47353164013e-05
    },
    "spectral_energyband_low": {
        "max": 0.0631932541728,
        "mean": 0.00411418173462,
        "min": 9.00001305126e-06,
        "stdev": 0.00820696633309
    },
    "spectral_energyband_middle_high": {
        "max": 0.0432079099119,
        "mean": 0.0015264643589,
        "min": 9.58300461207e-06,
        "stdev": 0.0038254626561
    },
    "spectral_energyband_middle_low": {
        "max": 0.102082900703,
        "mean": 0.0222437884659,
        "min": 0.000202034527319,
        "stdev": 0.017095208168
    },
    "spectral_entropy": {
        "max": 8.72205638885,
        "mean": 5.7133975029,
        "min": 3.85396051407,
        "stdev": 0.519780635834
    },
    "spectral_flux": {
        "max": 0.252671569586,
        "mean": 0.0619104430079,
        "min": 0.0105088427663,
        "stdev": 0.0349444709718
    },
    "spectral_kurtosis": {
        "max": 134.521255493,
        "mean": 37.5886764526,
        "min": -0.753099918365,
        "stdev": 23.6556663513
    },
    "spectral_rms": {
        "max": 0.0101565942168,
        "mean": 0.00486579397693,
        "min": 0.000517178617883,
        "stdev": 0.00175863900222
    },
    "spectral_rolloff": {
        "max": 2583.984375,
        "mean": 488.068023682,
        "min": 86.1328125,
        "stdev": 212.737747192
    },
    "spectral_skewness": {
        "max": 9.85904216766,
        "mean": 4.41808700562,
        "min": 0.584953069687,
        "stdev": 1.66155076027
    },
    "spectral_spread": {
        "max": 32291638,
        "mean": 1808764,
        "min": 735796.3125,
        "stdev": 1045452.375
    },
    "spectral_strongpeak": {
        "max": 6.3433599472,
        "mean": 1.52848184109,
        "min": 0.0178798120469,
        "stdev": 1.26433026791
    },
    "zerocrossingrate": {
        "max": 0.08251953125,
        "mean": 0.0189939308912,
        "min": 0.00341796875,
        "stdev": 0.00800084788352
    },
    "barkbands": {
        "max": [0.000123471327242, 0.0583245120943, 0.0440098196268, 0.0080029508099, 0.0956830084324, 0.100307039917, 0.0859538987279, 0.044387165457, 0.0521479696035, 0.0443445704877, 0.0187255796045, 0.0070210006088, 0.00195064628497, 0.00065800815355, 0.00214941659942, 0.000894139287993, 0.00100193114486, 0.0021532739047, 0.000485002325149, 0.000415769085521, 0.000215913692955, 0.00024795072386, 0.000162196534802, 5.24498682353e-05, 4.66670553578e-06, 4.4079251893e-07, 4.71379365763e-07],
        "mean": [5.78466142542e-06, 0.00244642654434, 0.00137467007153, 0.000607677968219, 0.0088580166921, 0.00541157647967, 0.00189360056538, 0.00177545496263, 0.00338543369435, 0.00083783728769, 0.000452402775409, 0.000151106432895, 4.86541321152e-05, 1.83997872227e-05, 3.29537688231e-05, 2.76877508441e-05, 3.32833078573e-05, 4.71530620416e-05, 1.79326889338e-05, 6.74912416798e-06, 1.91242475012e-06, 1.56742919444e-06, 1.0878906096e-06, 5.49917672288e-07, 1.20266705039e-07, 1.75867953534e-09, 1.66763425291e-09],
        "min": [6.43597453109e-10, 1.0446150327e-06, 1.54281906362e-07, 3.42962039213e-07, 7.61064120525e-06, 1.81971645361e-05, 8.8798338993e-07, 2.04256502911e-06, 1.08732376702e-06, 6.6708508939e-07, 3.63134489589e-07, 1.30545586785e-07, 1.85264411812e-07, 9.26395316014e-08, 9.8903811363e-08, 1.38596206511e-07, 1.37474671646e-07, 9.75111973389e-08, 1.0497306846e-07, 7.84959794942e-08, 4.39985896605e-08, 3.69548858181e-09, 2.01993781701e-08, 5.2208516621e-08, 3.019279049e-09, 6.07857861268e-11, 5.27635851677e-11],
        "stdev": [9.68475160334e-06, 0.00644871266559, 0.00327367451973, 0.00100126489997, 0.0121961310506, 0.00997054483742, 0.00567863229662, 0.00475959712639, 0.00757432170212, 0.00361669925041, 0.00153054809198, 0.000405085418606, 0.000132500150357, 5.10049976583e-05, 0.000153237691848, 6.58630087855e-05, 8.72920791153e-05, 0.000180641785846, 5.01430549775e-05, 2.43395406869e-05, 9.4588540378e-06, 1.07258720163e-05, 6.68580423735e-06, 2.27438317779e-06, 1.68825522451e-07, 1.36189415301e-08, 1.45695597809e-08]
    },
    "erbbands": {
        "max": [0.770434260368, 15.571762085, 42.9486694336, 29.7461128235, 149.992645264, 516.795410156, 691.549987793, 1280.22692871, 1337.99121094, 874.18939209, 1222.02087402, 1360.86083984, 1526.52856445, 874.598083496, 654.549072266, 116.348487854, 103.434745789, 39.5279197693, 87.5009002686, 80.0400848389, 59.0582351685, 40.3704910278, 147.935302734, 45.4649391174, 25.2895545959, 19.5557632446, 12.0586471558, 7.81552028656, 6.68952322006, 13.2793483734, 5.28174543381, 2.10238933563, 0.370331406593, 0.0975215286016, 0.00575568899512, 0.00177615729626, 0.000821079534944, 0.000292703974992, 7.68037934904e-05, 0.00011728820391],
        "mean": [0.0265303552151, 0.690684854984, 1.82405543327, 1.82032644749, 7.77617073059, 37.7524642944, 55.6007957458, 35.6917304993, 26.9184246063, 34.4477005005, 46.4752426147, 77.2887191772, 37.7254981995, 23.3503913879, 12.5544338226, 5.31101322174, 2.3723180294, 0.956555724144, 1.42325639725, 1.66291546822, 1.60918557644, 1.99735736847, 2.79054045677, 1.29028224945, 0.769023776054, 0.303093284369, 0.110024854541, 0.0670659169555, 0.0524204522371, 0.0447349660099, 0.0300868712366, 0.0164451263845, 0.00657782284543, 0.00237116101198, 0.000356988923158, 2.96019825328e-05, 1.17865938591e-05, 2.55490999734e-06, 1.31178421725e-05, 3.05863395624e-05],
        "min": [4.00649078074e-05, 0.000428869010648, 0.000893175718375, 0.00178557971958, 0.0125177800655, 0.0612449347973, 0.0771856680512, 0.135972350836, 0.0363522097468, 0.118439033628, 0.0733504220843, 0.0433957129717, 0.0400292761624, 0.0579530708492, 0.0341971963644, 0.0115436743945, 0.011807509698, 0.00742367934436, 0.00576750049368, 0.00568796927109, 0.010034352541, 0.00754383206367, 0.00607062783092, 0.00437303911895, 0.00546379107982, 0.00364410481416, 0.00239970488474, 0.00138005288318, 0.00052915350534, 0.000377603282686, 0.000647898297757, 0.000870718620718, 0.000906888279133, 0.000529410841409, 5.91316966165e-05, 6.51532627671e-06, 1.24500581933e-06, 2.00686315566e-07, 3.09752806515e-07, 6.70818280923e-07],
        "stdev": [0.0749905630946, 1.7636538744, 3.95867300034, 2.62489819527, 13.95753479, 58.2142295837, 89.3558731079, 74.9203872681, 89.475189209, 97.4306716919, 99.8560791016, 182.648223877, 129.759292603, 70.8654098511, 40.7639732361, 11.7266921997, 5.85261535645, 2.19400167465, 5.15064096451, 5.46541070938, 3.7225060463, 4.6776304245, 10.5795249939, 3.84304904938, 2.5801255703, 1.07942485809, 0.450259149075, 0.386754363775, 0.325614064932, 0.373961120844, 0.201939567924, 0.0878321453929, 0.0173856411129, 0.00380783411674, 0.000262119778199, 5.54307080165e-05, 2.57299125224e-05, 9.08414949663e-06, 8.61648004502e-06, 1.98569505301e-05]
    },
    "gfcc": {
        "mean": [-148.518280029, 196.144393921, -105.08795929, 1.07346642017, -66.9475479126, -22.7854881287, -35.9478912354, -3.44890093803, -11.8334598541, -29.4119262695, 4.61706829071, -18.6521167755, 10.5309095383],
        "cov": [[1646.421875, -83.4484558105, -901.43762207, -104.122116089, 85.0733108521, -118.703033447, 175.817230225, 36.7863006592, -1.36814749241, -164.614486694, 19.1148757935, -47.9558143616, -93.9305877686], [-83.4484558105, 417.658050537, 382.973327637, -79.0843200684, 206.626144409, 135.04586792, 95.4381713867, 23.1321048737, -8.01785373688, 64.2102355957, -3.27825903893, -65.3732223511, -28.1982440948], [-901.43762207, 382.973327637, 1219.17370605, 289.081237793, 126.584373474, 246.596725464, 18.4944496155, -49.6564941406, 67.2277297974, 162.944000244, -40.3656349182, -8.72272014618, 20.4935340881], [-104.122116089, -79.0843200684, 289.081237793, 629.471618652, 108.920265198, 134.368881226, 2.56890916824, 3.60145306587, 104.085357666, 5.89599370956, -28.0016307831, 34.49817276, 1.43285024166], [85.0733108521, 206.626144409, 126.584373474, 108.920265198, 338.834197998, 51.6325492859, 4.01612520218, 58.2282981873, 10.98163414, 0.665839016438, 31.5350551605, 17.4233722687, -5.33368587494], [-118.703033447, 135.04586792, 246.596725464, 134.368881226, 51.6325492859, 453.091430664, 214.456436157, -64.147895813, 4.3492102623, 100.907775879, -36.8842124939, -65.8090744019, -21.9670944214], [175.817230225, 95.4381713867, 18.4944496155, 2.56890916824, 4.01612520218, 214.456436157, 306.996887207, 74.7855148315, -15.7218084335, 38.9460296631, -18.8156471252, -77.8327789307, -11.8520803452], [36.7863006592, 23.1321048737, -49.6564941406, 3.60145306587, 58.2282981873, -64.147895813, 74.7855148315, 232.897171021, 83.9926834106, -12.0110683441, 16.0912952423, -10.0125951767, -1.67442965508], [-1.36814749241, -8.01785373688, 67.2277297974, 104.085357666, 10.98163414, 4.3492102623, -15.7218084335, 83.9926834106, 168.151535034, 51.6653175354, 12.4571504593, 17.6979255676, -8.70686912537], [-164.614486694, 64.2102355957, 162.944000244, 5.89599370956, 0.665839016438, 100.907775879, 38.9460296631, -12.0110683441, 51.6653175354, 139.286880493, 29.7786312103, -20.4698314667, 3.97308635712], [19.1148757935, -3.27825903893, -40.3656349182, -28.0016307831, 31.5350551605, -36.8842124939, -18.8156471252, 16.0912952423, 12.4571504593, 29.7786312103, 89.4338607788, 54.3944778442, 10.8023672104], [-47.9558143616, -65.3732223511, -8.72272014618, 34.49817276, 17.4233722687, -65.8090744019, -77.8327789307, -10.0125951767, 17.6979255676, -20.4698314667, 54.3944778442, 129.642883301, 56.3294715881], [-93.9305877686, -28.1982440948, 20.4935340881, 1.43285024166, -5.33368587494, -21.9670944214, -11.8520803452, -1.67442965508, -8.70686912537, 3.97308635712, 10.8023672104, 56.3294715881, 109.176795959]],
        "icov": [[0.00266003399156, -0.000959318014793, 0.00208107894287, -0.000300424406305, -0.00159192841966, 0.00222315569408, -0.00429240660742, 0.00421926379204, -0.00400561885908, 0.00292549561709, -0.00098816852551, 0.000866837974172, 0.000846993294545], [-0.000959318014793, 0.0120315765962, -0.00485047139227, 0.00479545863345, -0.00692644855008, -0.00058694294421, -0.00178149703424, 0.000894637079909, -0.0014304658398, 0.00140103301965, -0.00157664343715, 0.00482158828527, -3.1926263091e-06], [0.00208107894287, -0.00485047139227, 0.00437830993906, -0.00230576423928, 0.000983453239314, 0.00141481275205, -0.0018189799739, 0.00214522238821, -0.00150477036368, -0.000809468561783, 0.0017583105946, -0.00208321888931, 0.000724549638107], [-0.000300424406305, 0.00479545863345, -0.00230576423928, 0.00430504744872, -0.00340236024931, -0.000797114626039, -0.000962759077083, 0.0011056822259, -0.00270591606386, 0.00213705818169, -0.000129794949316, 0.00134071777575, -3.02086100419e-05], [-0.00159192841966, -0.00692644855008, 0.000983453239314, -0.00340236024931, 0.00978284794837, -0.00286421878263, 0.00609321147203, -0.00619685510173, 0.00553589360788, -0.00226612063125, -0.000732009648345, -0.00326733314432, -0.000548324605916], [0.00222315569408, -0.00058694294421, 0.00141481275205, -0.000797114626039, -0.00286421878263, 0.00827553402632, -0.00873632542789, 0.00722737470642, -0.00437128078192, -0.00055883533787, 0.00199628947303, -0.000413854344515, 0.00188133004121], [-0.00429240660742, -0.00178149703424, -0.0018189799739, -0.000962759077083, 0.00609321147203, -0.00873632542789, 0.0167724601924, -0.0129868350923, 0.0105983708054, -0.00552762160078, 0.000460479175672, 0.000120501033962, -0.00269890320487], [0.00421926379204, 0.000894637079909, 0.00214522238821, 0.0011056822259, -0.00619685510173, 0.00722737470642, -0.0129868350923, 0.0179696027189, -0.0145313832909, 0.00922799482942, -0.00474107963964, 0.00557641871274, -0.000441581913037], [-0.00400561885908, -0.0014304658398, -0.00150477036368, -0.00270591606386, 0.00553589360788, -0.00437128078192, 0.0105983708054, -0.0145313832909, 0.0208543520421, -0.0137514816597, 0.00677109509706, -0.00829230062664, 0.00259286584333], [0.00292549561709, 0.00140103301965, -0.000809468561783, 0.00213705818169, -0.00226612063125, -0.00055883533787, -0.00552762160078, 0.00922799482942, -0.0137514816597, 0.0242068525404, -0.0160667076707, 0.0131229422987, -0.00483762240037], [-0.00098816852551, -0.00157664343715, 0.0017583105946, -0.000129794949316, -0.000732009648345, 0.00199628947303, 0.000460479175672, -0.00474107963964, 0.00677109509706, -0.0160667076707, 0.0289447102696, -0.0184264928102, 0.00652532605454], [0.000866837974172, 0.00482158828527, -0.00208321888931, 0.00134071777575, -0.00326733314432, -0.000413854344515, 0.000120501033962, 0.00557641871274, -0.00829230062664, 0.0131229422987, -0.0184264928102, 0.0262609440833, -0.0106446808204], [0.000846993294545, -3.1926263091e-06, 0.000724549638107, -3.02086100419e-05, -0.000548324605916, 0.00188133004121, -0.00269890320487, -0.000441581913037, 0.00259286584333, -0.00483762240037, 0.00652532605454, -0.0106446808204, 0.0150330048054]]
    },
    "melbands": {
        "max": [0.0124315740541, 0.0179348979145, 0.00482173496857, 0.02534352988, 0.0200800579041, 0.0246894545853, 0.0200451593846, 0.00993018969893, 0.00977334752679, 0.00761062698439, 0.00771464034915, 0.00444965111092, 0.0026057024952, 0.00102703424636, 0.000235568353673, 0.000148162129335, 7.21843243809e-05, 0.000104598409962, 0.000195835891645, 8.27074109111e-05, 7.93567814981e-05, 6.02289255767e-05, 9.94527799776e-05, 0.000162660362548, 3.57268763764e-05, 2.37630774791e-05, 1.91668386833e-05, 1.17616764328e-05, 8.13074620964e-06, 4.9139443945e-06, 6.39989866613e-06, 4.83750818603e-06, 6.28714406048e-06, 6.2392050495e-06, 4.08333471569e-06, 1.65607582403e-06, 1.13786234124e-06, 2.28652794476e-07, 1.21763548577e-07, 5.98132530172e-08],
        "mean": [0.00047567448928, 0.000955757452175, 0.000423877412686, 0.00161539099645, 0.00198203045875, 0.000852107419632, 0.000396689138142, 0.000378551980248, 0.000428716448369, 0.000481194001622, 0.000178962291102, 9.5863128081e-05, 4.93548468512e-05, 2.10362377402e-05, 8.81073628989e-06, 3.72114618585e-06, 1.48551157508e-06, 2.05334731618e-06, 2.95367090075e-06, 1.90773562281e-06, 1.80678500783e-06, 2.02086198442e-06, 2.21947902901e-06, 2.42658211391e-06, 8.77681713973e-07, 6.62658180772e-07, 3.79437580023e-07, 1.53280893755e-07, 7.37558281116e-08, 3.96928818702e-08, 4.03325337572e-08, 3.15780788185e-08, 2.53690810581e-08, 2.3500044577e-08, 1.81384010034e-08, 1.32898652083e-08, 8.83846951183e-09, 4.75340611317e-09, 3.16049098004e-09, 1.57637780607e-09],
        "min": [2.39327391682e-07, 5.99700172188e-07, 3.59456379329e-07, 1.20897152556e-06, 2.29585452871e-06, 3.08281505568e-06, 3.05017493929e-07, 2.30493526487e-07, 5.16507270731e-07, 1.80708056519e-07, 1.69857614196e-07, 1.73280071181e-07, 5.96458775703e-08, 3.30235430113e-08, 1.45412171193e-08, 9.37744548679e-09, 1.11593356777e-08, 7.68679075946e-09, 8.7456042408e-09, 7.43336858733e-09, 7.1429995252e-09, 6.69258870545e-09, 5.66664093427e-09, 4.82783946154e-09, 3.09274228449e-09, 3.56399620927e-09, 2.46533105042e-09, 2.06496530986e-09, 1.23990162582e-09, 8.50300163613e-10, 1.48946938117e-10, 1.71708879754e-11, 3.46354195324e-11, 1.84158840955e-10, 2.41359515707e-10, 4.53164922254e-10, 4.63661664618e-10, 5.77549008618e-10, 5.02416219739e-10, 3.13727169243e-11],
        "stdev": [0.00130210188217, 0.00197868817486, 0.000541864021216, 0.00268479972146, 0.002714863047, 0.00170012179296, 0.00125979143195, 0.00107802951243, 0.000946676998865, 0.00118110678159, 0.000663067155983, 0.0003162935609, 0.00016850377142, 5.89229166508e-05, 2.26189113164e-05, 1.12115503725e-05, 4.05409218729e-06, 6.66828191243e-06, 1.40763613672e-05, 4.74898934044e-06, 4.91754508403e-06, 5.04558147441e-06, 7.32484977561e-06, 1.02908270492e-05, 2.47330876846e-06, 2.17945830627e-06, 1.41604482451e-06, 5.75591116103e-07, 3.05492051211e-07, 2.06222665611e-07, 2.84340444523e-07, 2.16778857975e-07, 2.03001263799e-07, 1.86199514474e-07, 1.38165489716e-07, 7.54300089056e-08, 4.67536018789e-08, 1.22609336017e-08, 6.27835383682e-09, 2.06431383099e-09]
    },
    "melbands128": {
        "max": [0.000106756240712, 0.00168610806577, 0.0192325245589, 0.0299245938659, 0.0275489315391, 0.0198172759265, 0.00600933702663, 0.00510510755703, 0.0129735441878, 0.038890235126, 0.0363479368389, 0.0336911827326, 0.0351882129908, 0.0270137991756, 0.0367682427168, 0.0341547429562, 0.0315036103129, 0.0371310710907, 0.0233963802457, 0.0151599654928, 0.0175556410104, 0.0113533791155, 0.0181004237384, 0.0200815740973, 0.0174848269671, 0.0167917907238, 0.0138998888433, 0.0131966713816, 0.0113189881667, 0.00957656744868, 0.004695486743, 0.00557709299028, 0.00527317496017, 0.00363911804743, 0.00185983628035, 0.000522551184986, 0.000571863958612, 0.000435216352344, 0.000505841628183, 0.000327339454088, 0.000238490407355, 0.000198435562197, 0.000155678702868, 0.000101265817648, 8.68825009093e-05, 8.20743662189e-05, 0.000387349165976, 0.000495622400194, 0.000232568752836, 0.000175332126673, 0.00014532203204, 8.33726808196e-05, 0.000190447928617, 0.000107953419501, 0.00016587448772, 9.88014653558e-05, 9.00915183593e-05, 0.000144283025293, 0.000186314995517, 0.000296056445222, 0.000364468229236, 0.000173393593286, 5.68908362766e-05, 2.48105079663e-05, 3.60595586244e-05, 5.22180380358e-05, 4.42614946223e-05, 3.37753917847e-05, 3.41578706866e-05, 3.28626556438e-05, 2.25709882216e-05, 5.96383961238e-06, 4.15972090195e-06, 1.23490217447e-05, 9.65182880464e-06, 6.43755811325e-06, 3.64252605323e-06, 6.91358218319e-06, 9.93625053525e-06, 1.25857814055e-05, 8.57922896103e-06, 3.86133024222e-06, 2.83137683255e-06, 2.83912481791e-06, 1.8931710656e-05, 9.27455494093e-06, 3.10163522954e-06, 5.71285818296e-06, 5.12248880113e-06, 2.77267372439e-06, 1.83930376352e-06, 1.60377283009e-06, 1.49044979025e-06, 1.74226477156e-06, 7.08400136773e-07, 2.30424106462e-07, 1.98017531261e-07, 1.74376424411e-07, 1.02421310544e-07, 1.80344258638e-07, 9.45836262645e-08, 3.19877635491e-08, 1.94903613249e-08, 5.77888759068e-09, 3.62516350272e-09, 3.41665229442e-09, 3.30909655233e-09, 3.18433213131e-09, 3.02732217072e-09, 2.89585444513e-09, 2.78961009847e-09, 2.6748407933e-09, 2.58453258795e-09, 2.49913223449e-09, 2.41005437829e-09, 2.34072317085e-09, 2.27589569413e-09, 2.20367790682e-09, 2.13983919473e-09, 2.08696926407e-09, 2.03710670554e-09, 1.9896853054e-09, 1.95023530658e-09, 1.92027393986e-09, 1.89656312877e-09, 1.87038673438e-09, 1.85408688402e-09, 1.84383641688e-09],
        "mean": [4.27420081905e-06, 5.07673612447e-05, 0.000620153208729, 0.00137543748133, 0.00114303221926, 0.000581360131036, 0.000325970846461, 0.000312527117785, 0.000543027475942, 0.00168100569863, 0.00232470268384, 0.00220114155672, 0.00203982973471, 0.00158048456069, 0.000767869467381, 0.000497566594277, 0.000487544049975, 0.000338106125128, 0.000351065042196, 0.000393556809286, 0.000418297800934, 0.000259634107351, 0.000418435840402, 0.000630900147371, 0.000508282915689, 0.000514919520356, 0.000193127547391, 0.000153591652634, 0.000147362312418, 8.41770888655e-05, 9.18653968256e-05, 8.95543635124e-05, 3.16012265102e-05, 4.07212464779e-05, 2.55595496128e-05, 1.64842913364e-05, 8.23121081339e-06, 1.25256037791e-05, 5.6212184063e-06, 3.27607358486e-06, 5.07385948367e-06, 1.1941391449e-06, 1.04531488887e-06, 1.63755555604e-06, 2.31059129874e-06, 1.50256278175e-06, 2.36395976572e-06, 4.26560609412e-06, 2.56169028034e-06, 1.31836509354e-06, 1.9840447294e-06, 2.36891810346e-06, 1.79185201432e-06, 1.41939892728e-06, 2.02999899557e-06, 2.10984535443e-06, 2.11640144698e-06, 1.78272205176e-06, 2.16141029341e-06, 3.19616083289e-06, 3.0749195048e-06, 1.35495383802e-06, 9.09874700028e-07, 7.75060925662e-07, 7.1004876645e-07, 7.44485475934e-07, 6.06513310686e-07, 3.9867995838e-07, 3.91585359694e-07, 2.27210136927e-07, 1.68186531369e-07, 9.91469661926e-08, 8.86390338906e-08, 6.99644431279e-08, 5.71502347668e-08, 4.31685620583e-08, 2.73384550553e-08, 3.54018219184e-08, 4.21415329299e-08, 4.86049245296e-08, 3.2408127737e-08, 2.72027111947e-08, 2.18554276898e-08, 2.22292815266e-08, 3.28069589273e-08, 2.48032243633e-08, 2.12269437583e-08, 1.88510664856e-08, 1.87828739229e-08, 1.66336686647e-08, 1.49614898248e-08, 1.26230004227e-08, 1.0119356908e-08, 9.73450831054e-09, 7.4279000728e-09, 5.18924236914e-09, 4.2037293646e-09, 3.97039556788e-09, 3.39181016606e-09, 2.76692957435e-09, 1.92261118137e-09, 1.47782996951e-09, 9.8225694245e-10, 6.24993834464e-10, 2.57217080968e-10, 2.41388627836e-11, 1.47919124865e-11, 1.27253320728e-11, 1.21730620375e-11, 1.1390766802e-11, 1.09741755613e-11, 1.14058189976e-11, 1.0137135055e-11, 9.46775210314e-12, 9.58968147946e-12, 9.48803188794e-12, 8.99549705558e-12, 7.7819226757e-12, 8.37157339978e-12, 7.7493428341e-12, 7.59265046668e-12, 8.01756144114e-12, 6.74501253461e-12, 5.85719884053e-12, 5.68922773475e-12, 5.47463550188e-12, 5.35028358423e-12, 5.31026958517e-12],
        "min": [5.06922281929e-10, 2.9993131534e-08, 5.70875648975e-08, 1.80959247587e-07, 1.29176285668e-07, 8.89798741355e-08, 8.0655084389e-08, 1.04527231315e-07, 7.8969563333e-08, 3.92662002469e-07, 8.2261129819e-07, 7.7987374425e-07, 7.26433484033e-07, 1.00347381249e-06, 5.69369376535e-07, 2.30630362807e-07, 6.30545784475e-08, 5.71547467132e-08, 4.2546062673e-08, 4.00585236093e-08, 7.19018871109e-08, 1.88626231079e-07, 1.01577334988e-07, 9.34821997589e-08, 7.69927410715e-08, 4.70251464435e-08, 3.63539420789e-08, 6.23742977268e-08, 7.48041415477e-08, 3.82412395084e-08, 9.99445681771e-09, 9.4326573219e-09, 1.25363550652e-08, 4.75468153738e-09, 3.37591554711e-09, 4.00849220483e-09, 8.74403660589e-09, 1.00840491513e-08, 6.3082756796e-09, 3.47562423286e-09, 5.31872101917e-09, 2.02334637933e-09, 2.27035967804e-09, 4.81481343684e-09, 1.41007638899e-09, 6.50737130847e-10, 2.68483724142e-09, 1.55883195241e-09, 2.75774025837e-09, 4.0590464323e-09, 4.05485556243e-09, 3.2314142473e-09, 2.19687201763e-09, 1.76215741998e-09, 1.50367340801e-09, 2.84270407214e-09, 1.40001454874e-09, 1.09560283068e-09, 3.20246229535e-09, 1.62225066713e-09, 2.97705282648e-09, 7.49089346108e-10, 1.35561162296e-09, 1.99017224922e-09, 1.42143508075e-09, 1.74861947144e-09, 8.75979122572e-10, 4.99847385704e-10, 5.34736366298e-10, 5.67875968471e-10, 6.72685351866e-10, 9.26963450443e-10, 8.84381679001e-10, 8.46281877909e-10, 2.10575085147e-10, 1.67726138534e-10, 2.0299137371e-10, 9.76369957106e-11, 2.63869689987e-11, 1.71061879939e-11, 6.3406454566e-12, 1.27384569906e-11, 1.9334995844e-12, 9.95311125185e-12, 5.45298224977e-12, 1.92203822302e-11, 1.88315162075e-11, 9.17686412971e-12, 3.38987102277e-11, 7.36320518446e-11, 2.17592624474e-10, 1.2132442273e-10, 1.402692823e-10, 9.61204171812e-11, 2.28011550613e-11, 1.95152907723e-10, 2.25176457341e-11, 2.488979578e-10, 9.64650928581e-11, 8.49078862775e-11, 6.96891711005e-11, 1.64898259977e-12, 4.38202588365e-13, 4.36609407482e-13, 2.4377624485e-13, 2.28060924095e-13, 1.32256334248e-13, 2.70424931363e-13, 2.88290225026e-13, 2.61680596896e-13, 3.01761708069e-13, 2.953388944e-13, 2.23995640287e-13, 1.47353429372e-13, 2.12843225033e-13, 2.39884311417e-13, 1.35907100461e-13, 1.83619531255e-13, 1.9617934935e-13, 1.1402543406e-13, 1.52259823673e-13, 1.68626533093e-13, 1.3819608164e-13, 1.52369111252e-13, 7.84703722899e-14, 4.6685586305e-14, 5.91469935705e-15, 2.13291631146e-16],
        "stdev": [7.37252457839e-06, 0.000141154683661, 0.00192052568309, 0.00353510258719, 0.00254515162669, 0.00137486832682, 0.000560442626011, 0.000580144347623, 0.00105382164475, 0.00396096566692, 0.00409336900339, 0.00383558543399, 0.00409154174849, 0.00358146964572, 0.00197348068468, 0.00229601981118, 0.00235484959558, 0.00142304261681, 0.00137741083745, 0.001492825686, 0.0015532344114, 0.000876704521943, 0.00134414515924, 0.00182992208283, 0.00164185045287, 0.00187179760542, 0.00103178340942, 0.00095964607317, 0.000827130104881, 0.000471304694656, 0.000371188740246, 0.000381361693144, 0.000220706278924, 0.000194347740035, 0.000100069424661, 5.20450594195e-05, 3.79961456929e-05, 3.70800371456e-05, 2.56872754107e-05, 1.53186920215e-05, 1.8224482119e-05, 5.73021088712e-06, 5.40714063391e-06, 6.42882196189e-06, 7.34820105208e-06, 4.80197741126e-06, 1.98365287361e-05, 2.75365764537e-05, 1.31484448502e-05, 6.80076345816e-06, 6.9149873525e-06, 6.35013338979e-06, 8.40492157295e-06, 6.2381996031e-06, 9.52665050136e-06, 6.75793853588e-06, 6.71630186844e-06, 7.89295791037e-06, 1.07566447696e-05, 1.74627421075e-05, 1.78274513019e-05, 8.44408259582e-06, 3.16971386383e-06, 2.21986124416e-06, 2.38004417952e-06, 3.33819434672e-06, 2.83066970042e-06, 1.767488925e-06, 1.79417315849e-06, 1.10246367058e-06, 9.1227974508e-07, 3.26971161257e-07, 3.00989000834e-07, 3.82447723268e-07, 3.50989949993e-07, 2.49806106467e-07, 1.41067175718e-07, 2.34032526691e-07, 3.38416214163e-07, 4.26204906034e-07, 2.79650294033e-07, 1.74961144239e-07, 1.32510976414e-07, 1.58772579084e-07, 4.76818684092e-07, 2.39315454564e-07, 1.39123116583e-07, 1.60455670084e-07, 1.77500496079e-07, 1.12956563214e-07, 8.61380797801e-08, 7.5372504682e-08, 5.59390329613e-08, 6.25888532113e-08, 3.31788001517e-08, 1.54123735996e-08, 1.01865174074e-08, 8.81152661947e-09, 7.0780168393e-09, 6.40851949285e-09, 3.41191475073e-09, 1.64736113639e-09, 9.5958341273e-10, 5.7884236293e-10, 2.811369193e-10, 1.11426354255e-10, 1.03820715913e-10, 9.8320747377e-11, 9.35637956001e-11, 8.95010177082e-11, 8.6169453517e-11, 8.26144153088e-11, 7.98685978465e-11, 7.72589214826e-11, 7.4471658007e-11, 7.23415702342e-11, 7.0342898173e-11, 6.81338388486e-11, 6.61755303333e-11, 6.4527223842e-11, 6.29860538726e-11, 6.15654680014e-11, 6.02961361396e-11, 5.93517179848e-11, 5.86269019442e-11, 5.78138335816e-11, 5.73113188851e-11, 5.69943120476e-11]
    },
    "mfcc": {
        "mean": [-797.72454834, 223.014953613, 15.1872472763, 18.0465354919, -2.88277578354, -27.2821407318, -8.21337413788, 0.0541091635823, -7.98032283783, -5.39250802994, -13.7455463409, -4.66314697266, -6.52036809921],
        "cov": [[2209.33789062, -322.964691162, -1045.67419434, -70.189414978, -234.911346436, -145.610626221, 2.73986148834, 212.734558105, -133.644012451, 105.566017151, -48.0944442749, -101.847366333, 20.7210922241], [-322.964691162, 713.060546875, 145.186294556, -146.208480835, 97.176612854, 15.0741243362, 172.010009766, -59.6432571411, 50.0724945068, 38.4646987915, 61.5585708618, 37.5434799194, -14.606089592], [-1045.67419434, 145.186294556, 1011.92382812, 166.75553894, 112.57093811, 380.543304443, 42.4628219604, -61.2041320801, 162.49281311, 18.0432472229, 104.883811951, 65.3269805908, -25.5840110779], [-70.189414978, -146.208480835, 166.75553894, 408.339996338, 216.244537354, -3.84527730942, -43.2831687927, 78.6113357544, 39.7116508484, -11.3150978088, -7.89893579483, 36.8000526428, 51.3490409851], [-234.911346436, 97.176612854, 112.57093811, 216.244537354, 354.481018066, 34.1595039368, -42.7709503174, 33.8403320312, 23.0062065125, -45.3539352417, 23.4146709442, 59.4424057007, 43.968711853], [-145.610626221, 15.0741243362, 380.543304443, -3.84527730942, 34.1595039368, 490.698028564, 153.031539917, -22.5549640656, 102.569168091, 27.1773204803, 64.8305587769, 18.6569366455, 0.955683469772], [2.73986148834, 172.010009766, 42.4628219604, -43.2831687927, -42.7709503174, 153.031539917, 295.130737305, 42.5732955933, 72.7886810303, 76.4498901367, 4.9346704483, 8.65046215057, -2.03735232353], [212.734558105, -59.6432571411, -61.2041320801, 78.6113357544, 33.8403320312, -22.5549640656, 42.5732955933, 172.946105957, 47.9794273376, 38.2847747803, 23.4858665466, 15.8221759796, 18.246213913], [-133.644012451, 50.0724945068, 162.49281311, 39.7116508484, 23.0062065125, 102.569168091, 72.7886810303, 47.9794273376, 159.145843506, 79.0184020996, 30.2931194305, 22.3798789978, -3.2270860672], [105.566017151, 38.4646987915, 18.0432472229, -11.3150978088, -45.3539352417, 27.1773204803, 76.4498901367, 38.2847747803, 79.0184020996, 213.097793579, 89.9816207886, -23.4319782257, -22.5391044617], [-48.0944442749, 61.5585708618, 104.883811951, -7.89893579483, 23.4146709442, 64.8305587769, 4.9346704483, 23.4858665466, 30.2931194305, 89.9816207886, 168.033966064, 49.1155052185, -13.0022153854], [-101.847366333, 37.5434799194, 65.3269805908, 36.8000526428, 59.4424057007, 18.6569366455, 8.65046215057, 15.8221759796, 22.3798789978, -23.4319782257, 49.1155052185, 139.286972046, 34.9008979797], [20.7210922241, -14.606089592, -25.5840110779, 51.3490409851, 43.968711853, 0.955683469772, -2.03735232353, 18.246213913, -3.2270860672, -22.5391044617, -13.0022153854, 34.9008979797, 107.925331116]],
        "icov": [[0.00228520971723, -0.00139093550388, 0.00331876659766, -0.00238267960958, 0.00280678085983, -0.0034217168577, 0.00258316774853, -0.00295361806639, 0.00185605359729, -0.00180085131433, 0.00111687346362, -0.000627279339824, 0.000745114404708], [-0.00139093550388, 0.00442329281941, -0.00305926939473, 0.00409169588238, -0.00457584811375, 0.00447940453887, -0.0049521480687, 0.0035019943025, -0.00206177751534, 0.00171574880369, -0.00229292316362, 0.00108551012818, -0.000997902126983], [0.00331876659766, -0.00305926939473, 0.00721785705537, -0.00540546327829, 0.00520999683067, -0.00681763701141, 0.00494626071304, -0.00335336802527, 0.00110322725959, -0.0018843866419, 0.000862962566316, -0.00123514595907, 0.00197259359993], [-0.00238267960958, 0.00409169588238, -0.00540546327829, 0.00932023394853, -0.00755005190149, 0.00578788714483, -0.00441990420222, 0.00203310558572, -0.00191228289623, 0.000960859411862, -0.000303291482851, 0.000865162990522, -0.00227993237786], [0.00280678085983, -0.00457584811375, 0.00520999683067, -0.00755005190149, 0.0105157960206, -0.00646482314914, 0.00611254293472, -0.00461201602593, 0.00221608416177, -0.00113339931704, 0.00117831933312, -0.00182838493492, 0.000900085316971], [-0.0034217168577, 0.00447940453887, -0.00681763701141, 0.00578788714483, -0.00646482314914, 0.0107783349231, -0.00822807475924, 0.00633891345933, -0.00479052681476, 0.00462056184188, -0.00463190628216, 0.00286114565097, -0.00245697423816], [0.00258316774853, -0.0049521480687, 0.00494626071304, -0.00441990420222, 0.00611254293472, -0.00822807475924, 0.0116444611922, -0.0065351780504, 0.00287107517943, -0.00523382844403, 0.00547570921481, -0.00310788466595, 0.00167410273571], [-0.00295361806639, 0.0035019943025, -0.00335336802527, 0.00203310558572, -0.00461201602593, 0.00633891345933, -0.0065351780504, 0.0134899998084, -0.00642319861799, 0.00386751955375, -0.00503933196887, 0.0018591316184, -0.00189513515215], [0.00185605359729, -0.00206177751534, 0.00110322725959, -0.00191228289623, 0.00221608416177, -0.00479052681476, 0.00287107517943, -0.00642319861799, 0.0144465118647, -0.00744263641536, 0.00545600056648, -0.00374010950327, 0.0015601181658], [-0.00180085131433, 0.00171574880369, -0.0018843866419, 0.000960859411862, -0.00113339931704, 0.00462056184188, -0.00523382844403, 0.00386751955375, -0.00744263641536, 0.0129940742627, -0.00924291368574, 0.00550818536431, -0.00106136361137], [0.00111687346362, -0.00229292316362, 0.000862962566316, -0.000303291482851, 0.00117831933312, -0.00463190628216, 0.00547570921481, -0.00503933196887, 0.00545600056648, -0.00924291368574, 0.0149004096165, -0.006875121966, 0.00259166839533], [-0.000627279339824, 0.00108551012818, -0.00123514595907, 0.000865162990522, -0.00182838493492, 0.00286114565097, -0.00310788466595, 0.0018591316184, -0.00374010950327, 0.00550818536431, -0.006875121966, 0.0120565760881, -0.00377915124409], [0.000745114404708, -0.000997902126983, 0.00197259359993, -0.00227993237786, 0.000900085316971, -0.00245697423816, 0.00167410273571, -0.00189513515215, 0.0015601181658, -0.00106136361137, 0.00259166839533, -0.00377915124409, 0.0119063062593]]
    },
    "spectral_contrast_coeffs": {
        "max": [-0.294067025185, -0.317665070295, -0.379403471947, -0.627296328545, -0.554587364197, -0.619430363178],
        "mean": [-0.579570412636, -0.677790403366, -0.709271967411, -0.795276165009, -0.79391348362, -0.812755763531],
        "min": [-0.820737123489, -0.918727517128, -0.927275180817, -0.955104589462, -0.954012095928, -0.95678126812],
        "stdev": [0.108482420444, 0.0952845215797, 0.0819800049067, 0.0561218708754, 0.0682975575328, 0.039158821106]
    },
    "spectral_contrast_valleys": {
        "max": [-5.05922698975, -5.27744293213, -6.59044265747, -7.68103170395, -7.72814798355, -10.2527284622],
        "mean": [-7.26317834854, -7.01550865173, -8.50051689148, -9.41324138641, -9.74868106842, -12.8678293228],
        "min": [-9.55248451233, -8.78363227844, -10.1532688141, -10.8136577606, -10.7422809601, -13.8005895615],
        "stdev": [0.813800513744, 0.561349868774, 0.581081092358, 0.498373806477, 0.514877021313, 0.367567300797]
    }
},
"rhythm": {
    "beats_count": 91,
    "beats_loudness": {
        "max": 0.0816887319088,
        "mean": 0.0318726934493,
        "min": 0.00367771252058,
        "stdev": 0.0174584463239
    },
    "bpm": 119.586479187,
    "bpm_histogram_first_peak_bpm": 120,
    "bpm_histogram_first_peak_weight": 0.52830183506,
    "bpm_histogram_second_peak_bpm": 101,
    "bpm_histogram_second_peak_spread": 0.521739125252,
    "bpm_histogram_second_peak_weight": 0.122222222388,
    "danceability": 1.03356218338,
    "onset_rate": 2.255859375,
    "beats_loudness_band_ratio": {
        "max": [0.923233687878, 0.977091252804, 0.926328480244, 0.746526420116, 0.050378754735, 0.0124964360148],
        "mean": [0.270289927721, 0.439750790596, 0.272269308567, 0.0602964051068, 0.00534275453538, 0.000955266994424],
        "min": [0.00170776923187, 0.0483066029847, 0.00792197976261, 0.000148183680722, 3.51421185769e-05, 1.05671933852e-05],
        "stdev": [0.283566951752, 0.28359568119, 0.268367946148, 0.124549739063, 0.00919538829476, 0.00184666726273]
    },
