{
"metadata": {
    "version": {
        "essentia": "2.1-beta5",
        "essentia_git_sha": "Undefined",
        "extractor": "music 2.0"
    },
    "audio_properties": {
        "analysis": {
            "equal_loudness": 0,
            "length": 12.7477550507,
            "sample_rate": 44100,
            "start_time": 0,
            "downmix": "mix"
        },
        "bit_rate": 192000,
        "length": 246.642379761,
        "lossless": 0,
        "number_channels": 2,
        "replay_gain": -7.96080970764,
        "sample_rate": 48000,
        "codec": "mp3",
        "md5_encoded": "9d1ce3b64cece05ea66520a7d8ecd081"
    },
    "tags": {
        "file_name": "Germany_Telefon, Telefon_Margot Hielscher.mp3",
        "encoding": ["Lavf58.29.100"]
    }
},
"lowlevel": {
    "average_loudness": 0.793929159641,
    "barkbands_crest": {
        "max": 22.1720142365,
        "mean": 10.4556722641,
        "min": 2.68832731247,
        "stdev": 4.52594995499
    },
    "barkbands_flatness_db": {
        "max": 0.437977731228,
        "mean": 0.263598591089,
        "min": 0.0759523063898,
        "stdev": 0.0993293225765
    },
    "barkbands_kurtosis": {
        "max": 100.26385498,
        "mean": 5.77042913437,
        "min": -1.28389286995,
        "stdev": 8.36276912689
    },
    "barkbands_skewness": {
        "max": 6.69746017456,
        "mean": 1.08099198341,
        "min": -2.34417939186,
        "stdev": 1.08157122135
    },
    "barkbands_spread": {
        "max": 35.0709762573,
        "mean": 8.15745544434,
        "min": 0.855569124222,
        "stdev": 7.93531799316
    },
    "dissonance": {
        "max": 0.5,
        "mean": 0.403360962868,
        "min": 0.175194919109,
        "stdev": 0.0718046724796
    },
    "dynamic_complexity": 6.70043373108,
    "erbbands_crest": {
        "max": 32.4175415039,
        "mean": 12.4679632187,
        "min": 2.84112620354,
        "stdev": 6.74968004227
    },
    "erbbands_flatness_db": {
        "max": 0.444321036339,
        "mean": 0.27041015029,
        "min": 0.115861035883,
        "stdev": 0.0694567486644
    },
    "erbbands_kurtosis": {
        "max": 52.2418518066,
        "mean": 6.22665166855,
        "min": -1.27206587791,
        "stdev": 7.73812437057
    },
    "erbbands_skewness": {
        "max": 5.57525205612,
        "mean": 1.08615255356,
        "min": -0.469130009413,
        "stdev": 0.966439604759
    },
    "erbbands_spread": {
        "max": 61.0087051392,
        "mean": 14.6405487061,
        "min": 0.838066279888,
        "stdev": 13.2612514496
    },
    "hfc": {
        "max": 34.1235542297,
        "mean": 7.62420892715,
        "min": 0.0177967697382,
        "stdev": 6.91385936737
    },
    "loudness_ebu128": {
        "integrated": -16.2478752136,
        "loudness_range": 15.8209447861,
        "momentary": {
            "max": -13.4959220886,
            "mean": -21.7827243805,
            "min": -41.2871932983,
            "stdev": 8.64799118042
        },
        "short_term": {
            "max": -14.5758199692,
            "mean": -19.8704471588,
            "min": -33.5213394165,
            "stdev": 6.19765424728
        }
    },
    "melbands_crest": {
        "max": 28.2507038116,
        "mean": 12.4409475327,
        "min": 3.42739534378,
        "stdev": 5.20006084442
    },
    "melbands_flatness_db": {
        "max": 0.536198794842,
        "mean": 0.309453815222,
        "min": 0.087557785213,
        "stdev": 0.123691312969
    },
    "melbands_kurtosis": {
        "max": 62.7006454468,
        "mean": 5.55504226685,
        "min": -1.34984564781,
        "stdev": 6.6085729599
    },
    "melbands_skewness": {
        "max": 4.67199468613,
        "mean": 1.21901845932,
        "min": -1.76627147198,
        "stdev": 0.993147969246
    },
    "melbands_spread": {
        "max": 49.4563674927,
        "mean": 11.3060531616,
        "min": 1.10652124882,
        "stdev": 10.4088993073
    },
    "pitch_salience": {
        "max": 0.84561085701,
        "mean": 0.606972515583,
        "min": 0.202956616879,
        "stdev": 0.136778920889
    },
    "silence_rate_20dB": {
        "max": 1,
        "mean": 1,
        "min": 1,
        "stdev": 0
    },
    "silence_rate_30dB": {
        "max": 1,
        "mean": 1,
        "min": 1,
        "stdev": 0
    },
    "silence_rate_60dB": {
        "max": 1,
        "mean": 0.327272713184,
        "min": 0,
        "stdev": 0.469218611717
    },
    "spectral_centroid": {
        "max": 2026.04846191,
        "mean": 670.441711426,
        "min": 218.209777832,
        "stdev": 439.646118164
    },
    "spectral_complexity": {
        "max": 16,
        "mean": 7.29454565048,
        "min": 0,
        "stdev": 3.79719662666
    },
    "spectral_decrease": {
        "max": -2.77675625548e-12,
        "mean": -5.77640335564e-09,
        "min": -2.1631377578e-08,
        "stdev": 5.21676701837e-09
    },
    "spectral_energy": {
        "max": 0.084695443511,
        "mean": 0.0224930141121,
        "min": 1.2094401427e-05,
        "stdev": 0.0202800836414
    },
    "spectral_energyband_high": {
        "max": 4.84193042212e-05,
        "mean": 1.09757065729e-05,
        "min": 2.24069495403e-07,
        "stdev": 8.46924558573e-06
    },
    "spectral_energyband_low": {
        "max": 0.052792429924,
        "mean": 0.00358374649659,
        "min": 1.05005923956e-07,
        "stdev": 0.00690145744011
    },
    "spectral_energyband_middle_high": {
        "max": 0.00877718627453,
        "mean": 0.000599474122282,
        "min": 8.13004680822e-06,
        "stdev": 0.000709803716745
    },
    "spectral_energyband_middle_low": {
        "max": 0.0801099985838,
        "mean": 0.018791789189,
        "min": 1.96985479306e-06,
        "stdev": 0.0187960583717
    },
    "spectral_entropy": {
        "max": 8.137550354,
        "mean": 6.45860147476,
        "min": 4.52253770828,
        "stdev": 0.976422846317
    },
    "spectral_flux": {
        "max": 0.212222859263,
        "mean": 0.0449975244701,
        "min": 0.00347770052031,
        "stdev": 0.0292693898082
    },
    "spectral_kurtosis": {
        "max": 92.218963623,
        "mean": 20.5553569794,
        "min": 1.27480840683,
        "stdev": 17.6389369965
    },
    "spectral_rms": {
        "max": 0.00909008830786,
        "mean": 0.00394335156307,
        "min": 0.00010862511408,
        "stdev": 0.00252870772965
    },
    "spectral_rolloff": {
        "max": 2713.18359375,
        "mean": 819.551818848,
        "min": 172.265625,
        "stdev": 563.985717773
    },
    "spectral_skewness": {
        "max": 8.14535617828,
        "mean": 3.35083961487,
        "min": 1.07023465633,
        "stdev": 1.53377103806
    },
    "spectral_spread": {
        "max": 16507394,
        "mean": 2635212,
        "min": 730347,
        "stdev": 1198028.25
    },
    "spectral_strongpeak": {
        "max": 4.57580518723,
        "mean": 0.995665848255,
        "min": 0.00492048310116,
        "stdev": 0.990135788918
    },
    "zerocrossingrate": {
        "max": 0.171875,
        "mean": 0.0322052538395,
        "min": 0.0048828125,
        "stdev": 0.0230181273073
    },
    "barkbands": {
        "max": [0.000318618112942, 0.0427685789764, 0.0220977887511, 0.0144550725818, 0.046533614397, 0.0525874421, 0.0695508345962, 0.0161427259445, 0.0288874059916, 0.0109055498615, 0.000979949487373, 0.000958816555794, 0.000739075359888, 0.000407611951232, 0.000252357422141, 0.000185480195796, 8.32301520859e-05, 5.2445451729e-05, 3.77982578357e-05, 2.25939784286e-05, 1.63991353475e-05, 1.49524730659e-05, 1.46850961755e-05, 5.01723525304e-06, 2.23433062274e-06, 9.37119182254e-07, 9.8761256595e-07],
        "mean": [4.04998036174e-06, 0.0022192413453, 0.000992261921056, 0.00132002949249, 0.0056213978678, 0.00491786748171, 0.00486618466675, 0.000800201436505, 0.00104972859845, 0.00039839965757, 7.43858763599e-05, 9.49463501456e-05, 4.32690794696e-05, 2.49744807661e-05, 1.93034484255e-05, 1.31601946123e-05, 9.01135626918e-06, 6.27048802926e-06, 5.96900008532e-06, 4.37218795923e-06, 2.05618403015e-06, 2.71663930107e-06, 1.7319972585e-06, 1.14231397674e-06, 3.51414172428e-07, 2.39110553579e-09, 2.52182541516e-09],
        "min": [9.91043913601e-10, 1.42615466103e-08, 3.1948033552e-08, 1.65302168398e-07, 6.59693000671e-07, 1.9462140699e-07, 6.32320151794e-08, 8.37732159198e-08, 4.41478562152e-07, 4.11606549733e-07, 1.88429069681e-07, 3.75235686079e-07, 2.91628396099e-07, 1.08280197253e-07, 1.40583310326e-07, 1.42002150483e-07, 1.20381358215e-07, 6.88459138587e-08, 1.07419708684e-07, 1.03488432046e-07, 5.24602974394e-08, 6.17264817038e-08, 4.87924758374e-08, 2.77422440575e-08, 5.1297557313e-09, 2.00029420111e-11, 2.56171542312e-11],
        "stdev": [1.43207362271e-05, 0.00524316960946, 0.00258178147487, 0.00245639821514, 0.00816546846181, 0.0064595984295, 0.00936883129179, 0.00138000072911, 0.00244787801057, 0.000872773583978, 0.00011208136857, 0.000124900310766, 7.83995419624e-05, 4.69752376375e-05, 4.1794628487e-05, 2.57199499174e-05, 1.44177702168e-05, 8.07999276731e-06, 6.2667295424e-06, 3.87875661545e-06, 2.18817490349e-06, 2.68224312094e-06, 1.7269867385e-06, 9.01834994238e-07, 2.56608444715e-07, 3.99122797035e-08, 4.20631529607e-08]
    },
    "erbbands": {
        "max": [0.437298983335, 11.7900629044, 29.8686161041, 23.371427536, 136.403656006, 215.431335449, 390.192993164, 512.66607666, 1242.58752441, 111.467041016, 440.064117432, 828.243652344, 393.67288208, 52.3475074768, 49.0916519165, 47.4051246643, 40.5015640259, 16.2181491852, 17.8356456757, 11.4359607697, 10.2909154892, 4.83423614502, 3.90307283401, 2.24831104279, 2.40171813965, 1.55914092064, 0.644161164761, 0.695029079914, 0.659468472004, 0.515058934689, 0.401266425848, 0.136309713125, 0.0711709260941, 0.039717849344, 0.00720606883988, 0.00378686259501, 0.00173455919139, 0.000614014046732, 0.000148030521814, 9.43835184444e-05],
        "mean": [0.0258558299392, 0.619271874428, 1.50213313103, 2.34616804123, 9.47887325287, 18.3790626526, 33.4770126343, 45.5059127808, 97.2883148193, 15.9653463364, 17.88139534, 30.430021286, 17.630645752, 4.85539484024, 3.59136509895, 4.15005207062, 2.35694909096, 1.33819842339, 1.17658174038, 0.932187080383, 0.639141261578, 0.464804500341, 0.380742311478, 0.251844286919, 0.298000156879, 0.238689079881, 0.113652393222, 0.0818360745907, 0.0986012667418, 0.0742933675647, 0.0475270859897, 0.0264477599412, 0.0174226742238, 0.00689568370581, 0.000933396397159, 4.40955336671e-05, 1.22029132399e-05, 2.72891315944e-06, 1.08266240204e-05, 2.49839904427e-05],
        "min": [3.536918598e-07, 3.7866564071e-06, 2.92379154416e-05, 0.000304603017867, 0.00139369501267, 0.00241454667412, 0.00200732448138, 0.00147967168596, 0.000573596509639, 0.00218461477198, 0.001504699816, 0.00808064825833, 0.0202070251107, 0.0254222210497, 0.0279674865305, 0.0190401859581, 0.0215087588876, 0.0204997956753, 0.0136557593942, 0.00995267182589, 0.0132240364328, 0.00844521913677, 0.00809145625681, 0.00555524183437, 0.00576511351392, 0.00466694729403, 0.00202969531529, 0.00224789860658, 0.00205325894058, 0.00152819778305, 0.00151600455865, 0.000664164370392, 0.000442854419816, 0.000130522850668, 9.05269553186e-06, 8.84045505245e-07, 3.10429271622e-07, 1.03745414037e-07, 3.06710283837e-08, 1.79692971614e-08],
        "stdev": [0.0654229521751, 1.44119620323, 3.57085084915, 3.63033747673, 17.3353042603, 29.5374450684, 59.9467048645, 60.8343200684, 171.068511963, 19.9380455017, 34.3426170349, 68.2561798096, 34.1363449097, 6.55985069275, 5.2759552002, 5.85564470291, 3.99730324745, 2.26002669334, 2.32580208778, 1.92780256271, 1.25134432316, 0.790075778961, 0.499523729086, 0.272860050201, 0.360454976559, 0.233465492725, 0.100149199367, 0.0834232270718, 0.106848634779, 0.0739984437823, 0.0453842356801, 0.0221816003323, 0.0136893345043, 0.00492258323357, 0.000498465669807, 0.000160391558893, 7.38379894756e-05, 2.61270724877e-05, 1.11027466119e-05, 2.24371142394e-05]
    },
    "gfcc": {
        "mean": [-144.565093994, 168.957839966, -116.428909302, 20.8975296021, -89.4229202271, -1.25891804695, -35.048034668, -11.5804929733, -11.6387023926, -19.3791313171, 8.01101779938, -17.5221996307, 7.00166893005],
        "cov": [[3449.43164062, 1584.90307617, 990.22277832, -597.289733887, -240.02973938, -800.839904785, 449.646697998, -350.408538818, 147.168014526, -303.808868408, 252.493560791, -121.678947449, -51.0705451965], [1584.90307617, 1366.35754395, 1363.84777832, -289.479064941, -48.8787498474, -520.380615234, 393.18145752, -133.762542725, 98.2274627686, -114.863983154, 203.530776978, -35.0874404907, -23.7887458801], [990.22277832, 1363.84777832, 1862.16064453, -99.4290618896, -47.6213378906, -509.040008545, 396.512878418, -38.3507461548, 63.7402610779, -36.4632835388, 213.034347534, 9.53608417511, -25.5628013611], [-597.289733887, -289.479064941, -99.4290618896, 283.257202148, 101.009819031, 198.760604858, -47.6643638611, 110.265983582, -21.2256202698, 54.9833374023, -35.4447174072, 13.4609003067, -1.67717003822], [-240.02973938, -48.8787498474, -47.6213378906, 101.009819031, 178.86151123, 159.124252319, 10.9233150482, 56.8618278503, 23.6432285309, 43.508190155, -1.38884925842, 17.3812046051, -4.39087724686], [-800.839904785, -520.380615234, -509.040008545, 198.760604858, 159.124252319, 391.354705811, -91.2360992432, 124.83417511, 0.843058526516, 87.8131561279, -74.579750061, 27.9560241699, 15.7123231888], [449.646697998, 393.18145752, 396.512878418, -47.6643638611, 10.9233150482, -91.2360992432, 181.538330078, 2.47632408142, 48.5155792236, -23.6440086365, 61.1449165344, -8.58114147186, 0.748637855053], [-350.408538818, -133.762542725, -38.3507461548, 110.265983582, 56.8618278503, 124.83417511, 2.47632408142, 118.987258911, 21.6584186554, 47.9926872253, -12.405254364, 14.4122819901, 11.4153203964], [147.168014526, 98.2274627686, 63.7402610779, -21.2256202698, 23.6432285309, 0.843058526516, 48.5155792236, 21.6584186554, 73.3662414551, 23.5714836121, 26.3710021973, 8.11892700195, 5.52099275589], [-303.808868408, -114.863983154, -36.4632835388, 54.9833374023, 43.508190155, 87.8131561279, -23.6440086365, 47.9926872253, 23.5714836121, 90.3418960571, 12.0122566223, 29.6602497101, 8.27993488312], [252.493560791, 203.530776978, 213.034347534, -35.4447174072, -1.38884925842, -74.579750061, 61.1449165344, -12.405254364, 26.3710021973, 12.0122566223, 79.8065261841, 18.2620849609, -2.1128911972], [-121.678947449, -35.0874404907, 9.53608417511, 13.4609003067, 17.3812046051, 27.9560241699, -8.58114147186, 14.4122819901, 8.11892700195, 29.6602497101, 18.2620849609, 53.9021644592, 26.1786003113], [-51.0705451965, -23.7887458801, -25.5628013611, -1.67717003822, -4.39087724686, 15.7123231888, 0.748637855053, 11.4153203964, 5.52099275589, 8.27993488312, -2.1128911972, 26.1786003113, 55.8147163391]],
        "icov": [[0.00205698306672, -0.0017252326943, 0.00141360552516, -0.000475690525491, 0.000765200180467, 0.00117150344886, -0.00172676646616, 0.00221777753904, -0.00302762794308, 0.00319508695975, -0.00309897633269, 0.00133636477403, 0.00016134470934], [-0.0017252326943, 0.0270927194506, -0.0130735523999, 0.0110868811607, -0.0142143908888, 0.00524510536343, -0.0108522986993, 0.00707784341648, -0.00914026331156, 0.0117983780801, -0.0119228046387, 0.0140895955265, -0.00748853804544], [0.00141360552516, -0.0130735523999, 0.0088700633496, -0.00657413434237, 0.00546630145982, 0.00229086563922, 0.000164947006851, -0.00367131480016, 0.00518348347396, -0.00693810917437, 0.00513048702851, -0.00815090350807, 0.00465377653018], [-0.000475690525491, 0.0110868811607, -0.00657413434237, 0.013111371547, -0.00707179494202, -0.00122866104357, -0.00194683321752, -0.00197848468088, -0.000566378585063, 0.00576745625585, -0.00591132743284, 0.00733023975044, -0.00256796809845], [0.000765200180467, -0.0142143908888, 0.00546630145982, -0.00707179494202, 0.0197437852621, -0.0107746012509, 0.00568109098822, -0.00122163549531, 0.00153692287859, -0.00465506035835, 0.00411560386419, -0.00841427221894, 0.00633375579491], [0.00117150344886, 0.00524510536343, 0.00229086563922, -0.00122866104357, -0.0107746012509, 0.0193499121815, -0.0100932270288, -0.00205675209872, -0.00109893560875, -0.00268644466996, 0.0024497860577, -0.000577929895371, -0.000548009178601], [-0.00172676646616, -0.0108522986993, 0.000164947006851, -0.00194683321752, 0.00568109098822, -0.0100932270288, 0.026892894879, -0.00790224131197, -9.06587592908e-06, 9.10648086574e-05, 0.000675311312079, -0.000250345969107, -0.00151420535985], [0.00221777753904, 0.00707784341648, -0.00367131480016, -0.00197848468088, -0.00122163549531, -0.00205675209872, -0.00790224131197, 0.0255418550223, -0.0131133226678, 0.00533670466393, -0.00639124261215, 0.00757890241221, -0.00462117418647], [-0.00302762794308, -0.00914026331156, 0.00518348347396, -0.000566378585063, 0.00153692287859, -0.00109893560875, -9.06587592908e-06, -0.0131133226678, 0.0343265719712, -0.019609183073, 0.00951162166893, -0.00898857880384, 0.00289283390157], [0.00319508695975, 0.0117983780801, -0.00693810917437, 0.00576745625585, -0.00465506035835, -0.00268644466996, 9.10648086574e-05, 0.00533670466393, -0.019609183073, 0.0385824367404, -0.0220108740032, 0.00715219927952, -0.00372657971457], [-0.00309897633269, -0.0119228046387, 0.00513048702851, -0.00591132743284, 0.00411560386419, 0.0024497860577, 0.000675311312079, -0.00639124261215, 0.00951162166893, -0.0220108740032, 0.0432022586465, -0.0239742156118, 0.0103915287182], [0.00133636477403, 0.0140895955265, -0.00815090350807, 0.00733023975044, -0.00841427221894, -0.000577929895371, -0.000250345969107, 0.00757890241221, -0.00898857880384, 0.00715219927952, -0.0239742156118, 0.0473356209695, -0.0216119680554], [0.00016134470934, -0.00748853804544, 0.00465377653018, -0.00256796809845, 0.00633375579491, -0.000548009178601, -0.00151420535985, -0.00462117418647, 0.00289283390157, -0.00372657971457, 0.0103915287182, -0.0216119680554, 0.0293412301689]]
    },
    "melbands": {
        "max": [0.00818297546357, 0.012535228394, 0.00538982171565, 0.00889710802585, 0.0134953390807, 0.0104916347191, 0.0160928573459, 0.00119695696048, 0.00333058461547, 0.00563041772693, 0.0020066134166, 0.000282472668914, 0.000131811772007, 8.64899920998e-05, 8.52098455653e-05, 6.05493223702e-05, 3.19568534906e-05, 3.49204237864e-05, 1.87377299881e-05, 1.50711302922e-05, 1.30972721308e-05, 5.37635332876e-06, 5.85584757573e-06, 2.82712449007e-06, 1.89897627934e-06, 2.0346576548e-06, 6.30374984212e-07, 1.17847355341e-06, 4.32821678942e-07, 4.24775947749e-07, 3.82223731776e-07, 4.34457348319e-07, 2.78465762449e-07, 3.35298835807e-07, 2.43315781745e-07, 1.43999983493e-07, 8.7532320947e-08, 5.93126507908e-08, 6.22220568403e-08, 3.07508152275e-08],
        "mean": [0.000440014089691, 0.000805279589258, 0.000648029905278, 0.000953265407588, 0.00116320163943, 0.00112942408305, 0.00127723778132, 0.000121043260151, 0.000140028772876, 0.000189881742699, 8.39452914079e-05, 2.08970323001e-05, 1.04963019112e-05, 1.15806769827e-05, 7.59394015404e-06, 4.00892622565e-06, 2.32709180636e-06, 1.96353494175e-06, 1.39418784784e-06, 1.09430516204e-06, 6.79827167005e-07, 4.95131928346e-07, 4.29399790391e-07, 2.75041031728e-07, 1.8506470667e-07, 2.5840682838e-07, 1.26495663721e-07, 1.74405144548e-07, 7.47192459016e-08, 5.44219211918e-08, 4.47733619069e-08, 5.66571394245e-08, 5.12667028829e-08, 3.72130699589e-08, 2.79002350112e-08, 2.12632187413e-08, 1.39328468762e-08, 1.29636354984e-08, 9.67327995482e-09, 4.46874448556e-09],
        "min": [3.58019836e-09, 1.37843656489e-08, 8.35686364553e-08, 1.43784021134e-07, 7.96539652015e-08, 3.27186562288e-08, 9.92342741313e-09, 2.42219879709e-08, 1.13102665011e-08, 6.33937560224e-08, 9.36002351182e-08, 1.0136180606e-07, 4.81582489442e-08, 5.11699873584e-08, 5.0857345002e-08, 3.41141941362e-08, 1.09713926832e-08, 1.19287451028e-08, 9.0342169301e-09, 8.88248585795e-09, 1.17134311139e-08, 9.0449221446e-09, 3.90778964743e-09, 3.14497805576e-09, 4.30585789246e-09, 3.70999342358e-09, 2.76151412848e-09, 3.10228864819e-09, 8.16346934496e-10, 1.66132796409e-09, 1.23825016907e-09, 1.36324929123e-09, 9.8731367526e-10, 7.60978391412e-10, 9.74421654476e-10, 5.78864789436e-10, 3.52559093031e-10, 3.3976077507e-10, 1.96717031553e-10, 7.52903156487e-11],
        "stdev": [0.00106446561404, 0.0017328960821, 0.000977994292043, 0.0013934688177, 0.00194979645312, 0.00142651551869, 0.00221832026727, 0.000176194138476, 0.000269843148999, 0.00045723724179, 0.000168447862961, 3.33719872287e-05, 1.54560675583e-05, 1.43418947118e-05, 1.00839070001e-05, 6.95589096722e-06, 4.22561197411e-06, 3.94412563764e-06, 3.13538885166e-06, 2.0876329927e-06, 1.35982270422e-06, 8.89275440841e-07, 6.99586564679e-07, 3.72814014327e-07, 2.23461654514e-07, 3.1038419479e-07, 1.19992733971e-07, 1.75837570282e-07, 7.20700654711e-08, 5.51169208052e-08, 4.84236473142e-08, 6.56961844925e-08, 5.35394448775e-08, 4.11815754831e-08, 2.74211640061e-08, 1.94869045345e-08, 1.20752208232e-08, 1.09361115719e-08, 8.73570460413e-09, 2.94183655214e-09]
    },
    "melbands128": {
        "max": [0.000167572186911, 0.0011840488296, 0.0109234200791, 0.0243784207851, 0.0192588455975, 0.00731121376157, 0.00413239141926, 0.00826949253678, 0.0189968980849, 0.0093297958374, 0.0163113605231, 0.0204791016877, 0.0178925469518, 0.00814072787762, 0.0147409038618, 0.0167612656951, 0.0303214490414, 0.0181639976799, 0.00123576889746, 0.00181660149246, 0.00182835315354, 0.00402872124687, 0.00549307465553, 0.0016709191259, 0.00575295742601, 0.00995649304241, 0.000581283820793, 0.00397265329957, 0.00138294289354, 0.000384362472687, 7.5810981798e-05, 0.00011688865925, 0.000152369859279, 0.000366223946912, 8.82606836967e-05, 0.000171652776771, 0.000275985046756, 0.000142318880535, 0.00012623409566, 0.000160979820066, 5.23016315128e-05, 3.7893136323e-05, 3.48320245394e-05, 5.21757574461e-05, 4.10308712162e-05, 4.35348993051e-05, 3.11505427817e-05, 2.61993354798e-05, 3.08434864564e-05, 2.09024165088e-05, 1.86354609468e-05, 2.17952401727e-05, 2.4013026632e-05, 9.5199648058e-06, 8.96367419045e-06, 6.47478918836e-06, 6.45916679787e-06, 1.08351778181e-05, 6.43311523163e-06, 4.40166149929e-06, 4.11779046772e-06, 4.29567216997e-06, 1.49554421114e-06, 2.79007417703e-06, 3.50008122041e-06, 1.66969095972e-06, 4.84851261717e-06, 9.03768750504e-07, 6.95425171671e-07, 2.16300145439e-06, 2.43751333073e-06, 1.67854705069e-06, 9.1869804919e-07, 5.45061993762e-07, 4.91841319672e-07, 4.3355404955e-07, 5.59837076253e-07, 4.46315596037e-07, 4.14724098619e-07, 4.23546509865e-07, 4.73511676091e-07, 8.97900577002e-07, 6.19707009264e-07, 5.03432545429e-07, 4.41922509253e-07, 4.08697502507e-07, 6.52752362384e-07, 2.78762769312e-07, 2.61453863004e-07, 4.29826258141e-07, 1.70058754634e-07, 2.64379991677e-07, 2.14958305378e-07, 1.11398748004e-07, 1.16771133207e-07, 1.05926034166e-07, 1.18330241605e-07, 5.08205353356e-08, 1.17376771414e-07, 9.0693568211e-08, 1.02940212798e-07, 1.84268120762e-08, 9.9757100358e-09, 8.81154083032e-09, 8.48054249047e-09, 7.51624185114e-09, 7.13185288603e-09, 6.78232314755e-09, 6.48573328377e-09, 6.21293816394e-09, 5.93159299456e-09, 5.69872060652e-09, 5.47760681258e-09, 5.27503907222e-09, 5.09080555489e-09, 4.91356644261e-09, 4.76048489517e-09, 4.62945815016e-09, 4.50504078486e-09, 4.38154446059e-09, 4.26203961013e-09, 4.17764800531e-09, 4.09276434965e-09, 4.00935551426e-09, 3.95254273755e-09, 3.90708088105e-09, 3.87018905812e-09, 3.85139120596e-09],
        "mean": [2.82050996248e-06, 6.19533893769e-05, 0.000585879664868, 0.00122342933901, 0.000990833155811, 0.000367012136849, 0.000320197606925, 0.000828002172057, 0.00104010442737, 0.000763092422858, 0.000984653714113, 0.00146639090963, 0.00132272799965, 0.000611602852587, 0.000774613115937, 0.00132116558962, 0.00251456303522, 0.00108506064862, 9.12351315492e-05, 0.000112383248052, 0.000134009547764, 0.000136875343742, 0.000171874751686, 7.7371027146e-05, 0.000223834402277, 0.000269188923994, 4.39865107182e-05, 9.98652758426e-05, 6.82209647493e-05, 2.11992828554e-05, 7.56288864068e-06, 8.19943215902e-06, 9.39443816605e-06, 1.55945399456e-05, 7.82428651291e-06, 1.27075572891e-05, 1.37603783514e-05, 5.73858960706e-06, 5.18727802046e-06, 5.95052824792e-06, 3.22269647768e-06, 2.33905575442e-06, 2.14299643631e-06, 2.53462530964e-06, 2.21946174861e-06, 1.77063441242e-06, 1.83618271876e-06, 1.28911301545e-06, 1.26774875753e-06, 1.33491994347e-06, 1.03808304175e-06, 9.79697119874e-07, 5.93259869675e-07, 5.97413986725e-07, 7.34590798857e-07, 4.2915519316e-07, 3.30443185703e-07, 5.50248842046e-07, 3.88865089462e-07, 3.39204490274e-07, 2.94985170513e-07, 2.19987811079e-07, 1.64156219284e-07, 1.61051247005e-07, 2.48519341994e-07, 2.1489167068e-07, 3.94251770786e-07, 8.36054709907e-08, 6.11200832168e-08, 1.50337001514e-07, 1.94830008127e-07, 2.08947653846e-07, 8.60829558746e-08, 4.40022134285e-08, 5.78624508307e-08, 6.71592417234e-08, 4.51904504928e-08, 4.06210851622e-08, 4.30835598308e-08, 5.41357145778e-08, 4.95038428028e-08, 6.05996675063e-08, 6.16114945728e-08, 5.23060634805e-08, 3.99381896443e-08, 4.3787334647e-08, 3.66569885557e-08, 2.51953178321e-08, 2.73658464778e-08, 3.10563414985e-08, 2.08804475932e-08, 2.0799015843e-08, 1.76251848671e-08, 1.19984866487e-08, 1.2760066781e-08, 1.41994593861e-08, 1.31725883534e-08, 1.07993294307e-08, 1.15598526307e-08, 7.51271489463e-09, 6.39398534119e-09, 3.58277407742e-09, 2.93363044968e-09, 2.11175765763e-09, 3.38037847714e-10, 1.93673618809e-11, 1.79990987392e-11, 1.72237848983e-11, 1.64943076558e-11, 1.58121432614e-11, 1.51458966896e-11, 1.45625855125e-11, 1.39849989228e-11, 1.34867776669e-11, 1.30188932551e-11, 1.26073327125e-11, 1.22721104112e-11, 1.18196312113e-11, 1.14897388478e-11, 1.11790429344e-11, 1.08827582362e-11, 1.06658562191e-11, 1.04576807283e-11, 1.02494358487e-11, 1.00684131171e-11, 9.88576408234e-12, 9.76008683595e-12, 9.70626877483e-12],
        "min": [7.37745364798e-10, 2.40724951084e-09, 4.65772798108e-09, 6.0442006955e-09, 8.07455791119e-09, 1.89222486568e-08, 4.88617608596e-08, 9.68675593072e-08, 1.07804680738e-07, 1.61369584362e-07, 4.54666064797e-08, 9.97974751726e-08, 6.77098341839e-08, 4.84542113099e-08, 3.70170134545e-08, 2.41804087864e-08, 8.00802624212e-09, 2.62281862895e-09, 1.65097535643e-08, 3.10225587441e-08, 2.61018335834e-08, 1.22206049724e-08, 5.50784307052e-09, 1.30923938357e-08, 3.23331121876e-08, 6.03766565632e-08, 2.04915888702e-08, 4.41027196985e-08, 3.34308367655e-08, 3.62475560678e-08, 4.00196462635e-08, 1.15017471103e-08, 1.44260834389e-08, 2.29008314534e-08, 1.24042331962e-08, 4.10016909314e-08, 3.86703327138e-08, 1.83014723376e-08, 1.77327805773e-08, 1.85044530809e-08, 1.42280800475e-08, 7.9361095473e-09, 6.75785871707e-09, 1.52883909976e-08, 3.79165054909e-09, 3.90321108767e-09, 8.53045545313e-09, 1.88843718441e-09, 4.08770528537e-09, 5.48266276823e-09, 2.02419703221e-09, 3.79032183417e-09, 4.95133933853e-09, 5.92602455995e-09, 2.73331046685e-09, 2.63010258017e-09, 3.54412676984e-09, 1.61603863624e-09, 3.68039954068e-09, 1.67582281385e-09, 3.92968591001e-09, 1.83850401569e-09, 1.85888371362e-09, 3.8951268877e-09, 2.16578066592e-09, 2.89603563353e-09, 1.14089537817e-09, 2.50151344083e-09, 3.51438766977e-09, 1.61429636325e-09, 1.60045920961e-09, 7.22287563093e-10, 8.78259354131e-10, 4.07142042302e-10, 1.04057396033e-09, 8.85242879001e-10, 9.54415990684e-10, 1.09190867459e-09, 1.17852438919e-09, 1.41416667265e-09, 2.03819183753e-09, 8.16565370876e-10, 3.2157379537e-10, 1.43093314975e-09, 5.41198530435e-10, 3.23115117995e-10, 6.95006552309e-10, 1.15069409556e-09, 7.39946826034e-10, 1.08005560051e-09, 6.49379716666e-10, 4.39981995282e-10, 3.36009414736e-10, 3.96983057538e-10, 3.0056770961e-10, 3.03021246983e-10, 4.60488314147e-10, 2.30043345484e-10, 2.28790264512e-10, 1.19558349332e-10, 1.67329775036e-10, 3.43968499517e-11, 3.07917961961e-11, 5.94807666662e-12, 2.70528456407e-12, 1.28825606866e-13, 7.17602992545e-14, 8.69026598187e-14, 6.3637476907e-14, 8.95518942746e-14, 9.33441353184e-14, 8.17688405592e-14, 7.79782258187e-14, 8.05241087026e-14, 6.49653264127e-14, 8.35174485993e-14, 5.84182292926e-14, 9.80007700967e-14, 7.25728952302e-14, 7.4156447042e-14, 8.13095657427e-14, 8.05906516109e-14, 8.44876807946e-14, 6.44472404046e-14, 5.70992702447e-14, 2.43028626466e-14, 2.31475787397e-15, 8.15864120029e-17],
        "stdev": [7.94959214545e-06, 0.000176498579094, 0.00161145278253, 0.00290325516835, 0.002398874145, 0.000888114387635, 0.000580095569603, 0.00154154584743, 0.00233659474179, 0.00125696521718, 0.0020285344217, 0.00268300599419, 0.00283427536488, 0.000963510596193, 0.0016835645074, 0.00212284550071, 0.00435703061521, 0.00245857867412, 0.00014454506163, 0.000222053480684, 0.000265665323241, 0.000293665128993, 0.000451263505965, 0.000190915365238, 0.000529660610482, 0.000845174712595, 8.47476403578e-05, 0.000302859640215, 0.000150072824908, 4.19859243266e-05, 1.22017836475e-05, 1.36586422741e-05, 1.50271462189e-05, 3.62673526979e-05, 1.1541150343e-05, 2.23481129069e-05, 2.59215012193e-05, 1.06103898361e-05, 1.15378343253e-05, 1.5166857338e-05, 6.08295613347e-06, 4.78076663057e-06, 4.47450702268e-06, 5.29313638253e-06, 4.96721531817e-06, 4.19055595557e-06, 3.96802988689e-06, 3.46828096554e-06, 3.52198867404e-06, 2.85059377347e-06, 2.04297293749e-06, 2.08733081308e-06, 1.74507022166e-06, 1.24692223835e-06, 1.2929094737e-06, 1.01431817257e-06, 7.5457364801e-07, 1.07493303858e-06, 7.13960560006e-07, 5.83818234645e-07, 4.70975805911e-07, 3.87906879951e-07, 2.18733774204e-07, 2.48841047323e-07, 4.56431649809e-07, 2.67153808409e-07, 7.19214369838e-07, 1.12170127409e-07, 8.46973975399e-08, 2.75427481711e-07, 2.85384601284e-07, 2.72990462236e-07, 1.20864498854e-07, 7.02162381572e-08, 7.50324460341e-08, 7.23186985851e-08, 6.10618187125e-08, 5.42673532777e-08, 5.30904493701e-08, 6.38022257249e-08, 6.74375399967e-08, 9.83961356837e-08, 8.23640604608e-08, 7.00628248751e-08, 5.07765101077e-08, 5.86228381394e-08, 5.62126629688e-08, 3.16777040155e-08, 3.0482098623e-08, 4.41000409523e-08, 2.40815900554e-08, 2.51645353444e-08, 1.91636733149e-08, 1.23636310079e-08, 1.3433977486e-08, 1.45703049625e-08, 1.37615492335e-08, 9.57914103594e-09, 1.38241960101e-08, 8.76428796204e-09, 7.3981230031e-09, 2.26030261175e-09, 1.66374547472e-09, 1.28338939476e-09, 4.3854209153e-10, 3.20100196349e-10, 3.037508578e-10, 2.8886207315e-10, 2.76229789042e-10, 2.64611582645e-10, 2.52628418185e-10, 2.42710379572e-10, 2.33294383811e-10, 2.24666105164e-10, 2.16819853738e-10, 2.09270253904e-10, 2.02747610367e-10, 1.97171390326e-10, 1.91872823185e-10, 1.86613224873e-10, 1.81523684972e-10, 1.77929102008e-10, 1.74313535828e-10, 1.70761516038e-10, 1.68343311513e-10, 1.66409871993e-10, 1.64840086025e-10, 1.64039629102e-10]
    },
    "mfcc": {
        "mean": [-778.219116211, 180.024276733, 24.7309951782, 11.8344497681, -16.5082893372, -6.20466327667, -9.215259552, -4.17891979218, -12.6833467484, -4.67645835876, -6.57746648788, -3.59677600861, -1.11088621616],
        "cov": [[2766.87084961, 1143.06982422, 249.019302368, 4.39884614944, -458.005462646, -221.129364014, -121.501579285, -38.2581520081, -205.542694092, -51.0888442993, -46.801361084, -5.51447486877, -25.8434276581], [1143.06982422, 1839.20947266, 1248.61486816, 374.819946289, -306.956451416, -217.443664551, 71.3201065063, -7.2750005722, -127.438598633, -29.4734115601, -5.96190738678, 33.1943359375, 92.510093689], [249.019302368, 1248.61486816, 1304.45556641, 471.09375, -173.970275879, -181.254348755, 110.498703003, 13.0412197113, -69.1505203247, -8.24815368652, 28.8608379364, 34.92786026, 100.044059753], [4.39884614944, 374.819946289, 471.09375, 258.312164307, -13.7810192108, -51.5087509155, 64.0783538818, 22.0604019165, -12.9918546677, 7.95951890945, 14.0873222351, 22.5297584534, 41.7252120972], [-458.005462646, -306.956451416, -173.970275879, -13.7810192108, 199.603591919, 112.432296753, 47.7091522217, 41.274269104, 70.0778198242, 28.9028682709, 28.2566490173, 42.9491004944, 10.3243684769], [-221.129364014, -217.443664551, -181.254348755, -51.5087509155, 112.432296753, 137.677947998, 41.32837677, 34.2730102539, 57.9842185974, 22.9260540009, 15.8608350754, 29.9649505615, 1.97115182877], [-121.501579285, 71.3201065063, 110.498703003, 64.0783538818, 47.7091522217, 41.32837677, 96.4187927246, 46.3346366882, 31.4961433411, 24.7860622406, 13.8568210602, 29.8554115295, 22.0469913483], [-38.2581520081, -7.2750005722, 13.0412197113, 22.0604019165, 41.274269104, 34.2730102539, 46.3346366882, 74.9995269775, 44.4184417725, 26.8379955292, 12.7281961441, 17.0085144043, 4.40619945526], [-205.542694092, -127.438598633, -69.1505203247, -12.9918546677, 70.0778198242, 57.9842185974, 31.4961433411, 44.4184417725, 96.3657913208, 42.7154769897, 14.3324213028, 24.3032779694, 3.33646988869], [-51.0888442993, -29.4734115601, -8.24815368652, 7.95951890945, 28.9028682709, 22.9260540009, 24.7860622406, 26.8379955292, 42.7154769897, 71.3273162842, 22.7160701752, 5.49031019211, -4.29348707199], [-46.801361084, -5.96190738678, 28.8608379364, 14.0873222351, 28.2566490173, 15.8608350754, 13.8568210602, 12.7281961441, 14.3324213028, 22.7160701752, 58.6933021545, 33.3958053589, 13.8890686035], [-5.51447486877, 33.1943359375, 34.92786026, 22.5297584534, 42.9491004944, 29.9649505615, 29.8554115295, 17.0085144043, 24.3032779694, 5.49031019211, 33.3958053589, 87.1774673462, 39.2905731201], [-25.8434276581, 92.510093689, 100.044059753, 41.7252120972, 10.3243684769, 1.97115182877, 22.0469913483, 4.40619945526, 3.33646988869, -4.29348707199, 13.8890686035, 39.2905731201, 59.2516860962]],
        "icov": [[0.0012218732154, -0.0012121531181, 0.00157092639711, -0.001098192879, 0.00236652931198, -0.00034755692468, 0.00113260478247, -0.00162586767692, 0.00156466942281, -0.000724827114027, 5.71960190427e-05, -0.0017073097406, 0.000823167560156], [-0.0012121531181, 0.0034001423046, -0.00388360046782, 0.0023294123821, -0.000668065156788, -0.000278973544482, -0.000978363095783, 0.00067526526982, 1.47160308188e-05, -0.000266751943855, 0.00149073940702, 5.12328297191e-05, -0.000884501787368], [0.00157092639711, -0.00388360046782, 0.00797348096967, -0.00795055180788, 0.00405486207455, 0.00134279567283, -0.000854022451676, -0.000505113508552, -0.000247347808909, 0.000894066120964, -0.00324221514165, -0.00010293944797, -0.000604324915912], [-0.001098192879, 0.0023294123821, -0.00795055180788, 0.0161272007972, -0.00625845836475, 0.00287518720143, -0.00294801034033, -0.000547269359231, 0.00145784788765, -0.00152422720566, 0.00270733423531, 0.000370786496205, -0.000989108462818], [0.00236652931198, -0.000668065156788, 0.00405486207455, -0.00625845836475, 0.0186473187059, -0.00748494081199, 0.000362579739885, -0.0033460392151, 0.000500745431054, -0.000647714652587, -0.00198522023857, -0.00533110182732, 0.000675044546369], [-0.00034755692468, -0.000278973544482, 0.00134279567283, 0.00287518720143, -0.00748494081199, 0.0188546013087, -0.00730371288955, 0.000868599279784, -0.00411816732958, 0.00148069998249, -0.00106713094283, -0.00022057928436, 5.76287857257e-05], [0.00113260478247, -0.000978363095783, -0.000854022451676, -0.00294801034033, 0.000362579739885, -0.00730371288955, 0.0246177073568, -0.0107165221125, 0.00384825863875, -0.00500225648284, 0.00388850877061, -0.00405612401664, -0.00144478399307], [-0.00162586767692, 0.00067526526982, -0.000505113508552, -0.000547269359231, -0.0033460392151, 0.000868599279784, -0.0107165221125, 0.0265196058899, -0.0107385534793, 0.00101456651464, -0.00256987242028, 0.00320262950845, 0.00120125815738], [0.00156466942281, 1.47160308188e-05, -0.000247347808909, 0.00145784788765, 0.000500745431054, -0.00411816732958, 0.00384825863875, -0.0107385534793, 0.0257315132767, -0.0118196047843, 0.00546000385657, -0.00699258968234, 0.000518496439327], [-0.000724827114027, -0.000266751943855, 0.000894066120964, -0.00152422720566, -0.000647714652587, 0.00148069998249, -0.00500225648284, 0.00101456651464, -0.0118196047843, 0.0249452926219, -0.0106309056282, 0.00612339843065, 0.00241816602647], [5.71960190427e-05, 0.00149073940702, -0.00324221514165, 0.00270733423531, -0.00198522023857, -0.00106713094283, 0.00388850877061, -0.00256987242028, 0.00546000385657, -0.0106309056282, 0.0281547345221, -0.0111307678744, 9.44021739997e-05], [-0.0017073097406, 5.12328297191e-05, -0.00010293944797, 0.000370786496205, -0.00533110182732, -0.00022057928436, -0.00405612401664, 0.00320262950845, -0.00699258968234, 0.00612339843065, -0.0111307678744, 0.0263083633035, -0.0127034252509], [0.000823167560156, -0.000884501787368, -0.000604324915912, -0.000989108462818, 0.000675044546369, 5.76287857257e-05, -0.00144478399307, 0.00120125815738, 0.000518496439327, 0.00241816602647, 9.44021739997e-05, -0.0127034252509, 0.0292105097324]]
    },
    "spectral_contrast_coeffs": {
        "max": [-0.355255573988, -0.45529961586, -0.58334672451, -0.708615064621, -0.751967906952, -0.74564653635],
        "mean": [-0.653684258461, -0.722265481949, -0.768781363964, -0.839076161385, -0.830823779106, -0.80826985836],
        "min": [-0.855223655701, -0.917080760002, -0.912804841995, -0.927073299885, -0.905196785927, -0.936238288879],
        "stdev": [0.108908861876, 0.113073028624, 0.0793679207563, 0.0338675938547, 0.0315576530993, 0.0254279896617]
    },
    "spectral_contrast_valleys": {
        "max": [-5.41778087616, -5.4207649231, -6.54031944275, -7.11343812943, -7.97761821747, -9.89730167389],
        "mean": [-7.46084976196, -6.88455867767, -8.0731754303, -9.05540180206, -9.39995098114, -11.8782958984],
        "min": [-11.3094463348, -10.4209499359, -9.88564014435, -10.7105712891, -10.6185693741, -13.474779129],
        "stdev": [1.14884030819, 0.838909685612, 0.665634095669, 0.772350072861, 0.485196590424, 0.292747050524]
    }
},
"rhythm": {
    "beats_count": 27,
    "beats_loudness": {
        "max": 0.0590935498476,
        "mean": 0.0236476864666,
        "min": 7.51459883759e-05,
        "stdev": 0.0193512775004
    },
    "bpm": 135.206634521,
    "bpm_histogram_first_peak_bpm": 136,
    "bpm_histogram_first_peak_weight": 0.227272748947,
    "bpm_histogram_second_peak_bpm": 117,
    "bpm_histogram_second_peak_spread": 0.25,
    "bpm_histogram_second_peak_weight": 0.115384615958,
    "danceability": 0.687042057514,
    "onset_rate": 1.17560708523,
    "beats_loudness_band_ratio": {
        "max": [0.857949614525, 0.922629415989, 0.827422916889, 0.500749409199, 0.193067029119, 0.0702448785305],
        "mean": [0.280001670122, 0.409610569477, 0.285654276609, 0.0917111411691, 0.0373055934906, 0.0109082916752],
        "min": [0.0120674846694, 0.0711694508791, 0.0555674806237, 0.00145952112507, 6.09084454481e-05, 4.18600830017e-05],
        "stdev": [0.257362753153, 0.238264858723, 0.192736387253, 0.141894832253, 0.0602373182774, 0.0187145657837]
    },
    "beats_position": [0.487619042397, 0.986848056316, 1.49768710136, 2.00852608681, 2.51936507225, 2.97215414047, 3.41333317757, 3.85451245308, 4.29569149017, 4.73687076569, 5.17804956436, 5.61922883987, 6.06040811539, 6.5015873909, 6.94276618958, 7.39555549622, 7.84834432602, 8.28952407837, 8.73070240021, 9.17188167572, 9.61306095123, 10.0542402267, 10.4954195023, 10.9365987778, 11.3777770996, 11.8305664062, 12.2833557129],
