{
"metadata": {
    "version": {
        "essentia": "2.1-beta5",
        "essentia_git_sha": "Undefined",
        "extractor": "music 2.0"
    },
    "audio_properties": {
        "analysis": {
            "equal_loudness": 0,
            "length": 21.9196376801,
            "sample_rate": 44100,
            "start_time": 142.744674683,
            "downmix": "mix"
        },
        "bit_rate": 192000,
        "length": 164.687545776,
        "lossless": 0,
        "number_channels": 2,
        "replay_gain": -4.4335308075,
        "sample_rate": 48000,
        "codec": "mp3",
        "md5_encoded": "5c0b6a0c8316d508fcdbe08f877d624e"
    },
    "tags": {
        "file_name": "Luxembourg_Amours Mortes (Tant De Peine)_Danièle Dupré.mp3",
        "encoding": ["Lavf58.29.100"]
    }
},
"lowlevel": {
    "average_loudness": 0.905608654022,
    "barkbands_crest": {
        "max": 26.8069400787,
        "mean": 10.5159854889,
        "min": 2.93331575394,
        "stdev": 4.89930772781
    },
    "barkbands_flatness_db": {
        "max": 0.450732141733,
        "mean": 0.234891727567,
        "min": 0.106002107263,
        "stdev": 0.0546639896929
    },
    "barkbands_kurtosis": {
        "max": 298.205352783,
        "mean": 5.51858329773,
        "min": -1.16229975224,
        "stdev": 14.8418626785
    },
    "barkbands_skewness": {
        "max": 17.1731910706,
        "mean": 1.14680945873,
        "min": -1.20174264908,
        "stdev": 1.47863161564
    },
    "barkbands_spread": {
        "max": 25.3150501251,
        "mean": 8.2600030899,
        "min": 0.431155204773,
        "stdev": 3.78311157227
    },
    "dissonance": {
        "max": 0.500000059605,
        "mean": 0.426452964544,
        "min": 0.27445602417,
        "stdev": 0.0527147613466
    },
    "dynamic_complexity": 3.04656052589,
    "erbbands_crest": {
        "max": 32.1322822571,
        "mean": 13.2208108902,
        "min": 2.71492886543,
        "stdev": 6.43970298767
    },
    "erbbands_flatness_db": {
        "max": 0.408106952906,
        "mean": 0.275871187449,
        "min": 0.0249658469111,
        "stdev": 0.0440211296082
    },
    "erbbands_kurtosis": {
        "max": 62.8436965942,
        "mean": 3.02360725403,
        "min": -1.04195904732,
        "stdev": 4.20929718018
    },
    "erbbands_skewness": {
        "max": 7.02498197556,
        "mean": 0.868809759617,
        "min": -1.15447890759,
        "stdev": 0.861070871353
    },
    "erbbands_spread": {
        "max": 87.6336746216,
        "mean": 14.8317079544,
        "min": 1.97796475887,
        "stdev": 7.19643974304
    },
    "hfc": {
        "max": 117.791770935,
        "mean": 18.3982543945,
        "min": 1.9956696633e-06,
        "stdev": 12.8175010681
    },
    "loudness_ebu128": {
        "integrated": -19.2377071381,
        "loudness_range": 7.1071395874,
        "momentary": {
            "max": -15.869884491,
            "mean": -20.6821632385,
            "min": -36.3679733276,
            "stdev": 4.12326622009
        },
        "short_term": {
            "max": -17.1378936768,
            "mean": -20.0461330414,
            "min": -27.0075492859,
            "stdev": 2.54937314987
        }
    },
    "melbands_crest": {
        "max": 39.8836135864,
        "mean": 11.9262180328,
        "min": 3.18056750298,
        "stdev": 5.82131767273
    },
    "melbands_flatness_db": {
        "max": 0.438857644796,
        "mean": 0.256280094385,
        "min": 0.0883348509669,
        "stdev": 0.0721314102411
    },
    "melbands_kurtosis": {
        "max": 523.378051758,
        "mean": 6.95055580139,
        "min": -1.37381660938,
        "stdev": 21.8485965729
    },
    "melbands_skewness": {
        "max": 22.1832809448,
        "mean": 1.23301517963,
        "min": -1.27248334885,
        "stdev": 1.54180967808
    },
    "melbands_spread": {
        "max": 43.2102890015,
        "mean": 13.5730304718,
        "min": 0.615481376648,
        "stdev": 7.12482500076
    },
    "pitch_salience": {
        "max": 0.879819393158,
        "mean": 0.5908228755,
        "min": 0.00869664084166,
        "stdev": 0.15470418334
    },
    "silence_rate_20dB": {
        "max": 1,
        "mean": 1,
        "min": 1,
        "stdev": 0
    },
    "silence_rate_30dB": {
        "max": 1,
        "mean": 0.995767176151,
        "min": 0,
        "stdev": 0.0649220049381
    },
    "silence_rate_60dB": {
        "max": 1,
        "mean": 0.0761904790998,
        "min": 0,
        "stdev": 0.265303045511
    },
    "spectral_centroid": {
        "max": 3953.50439453,
        "mean": 852.973876953,
        "min": 329.106506348,
        "stdev": 382.45791626
    },
    "spectral_complexity": {
        "max": 35,
        "mean": 15.5608463287,
        "min": 0,
        "stdev": 7.16390037537
    },
    "spectral_decrease": {
        "max": -1.35379666597e-15,
        "mean": -6.98278590505e-09,
        "min": -4.29782929245e-08,
        "stdev": 4.98913133029e-09
    },
    "spectral_energy": {
        "max": 0.172893956304,
        "mean": 0.0280234254897,
        "min": 5.29055421694e-09,
        "stdev": 0.0198808442801
    },
    "spectral_energyband_high": {
        "max": 0.000353760813596,
        "mean": 7.52234409447e-05,
        "min": 1.46899561959e-10,
        "stdev": 6.3825151301e-05
    },
    "spectral_energyband_low": {
        "max": 0.0157436579466,
        "mean": 0.000975842645857,
        "min": 2.42011766183e-09,
        "stdev": 0.00164266198408
    },
    "spectral_energyband_middle_high": {
        "max": 0.0647635236382,
        "mean": 0.00907722581178,
        "min": 4.56925226822e-11,
        "stdev": 0.00996118504554
    },
    "spectral_energyband_middle_low": {
        "max": 0.167304724455,
        "mean": 0.0183176677674,
        "min": 4.53267371553e-12,
        "stdev": 0.0167174600065
    },
    "spectral_entropy": {
        "max": 8.87777042389,
        "mean": 6.88116359711,
        "min": 5.44514274597,
        "stdev": 0.547309577465
    },
    "spectral_flux": {
        "max": 0.284315228462,
        "mean": 0.0798804089427,
        "min": 0.000109269290988,
        "stdev": 0.04112117365
    },
    "spectral_kurtosis": {
        "max": 38.486618042,
        "mean": 10.6267061234,
        "min": -0.245890855789,
        "stdev": 6.74489355087
    },
    "spectral_rms": {
        "max": 0.0129875717685,
        "mean": 0.00485029118136,
        "min": 2.27189707402e-06,
        "stdev": 0.00195310288109
    },
    "spectral_rolloff": {
        "max": 3014.6484375,
        "mean": 990.710998535,
        "min": 21.533203125,
        "stdev": 462.688079834
    },
    "spectral_skewness": {
        "max": 4.43201208115,
        "mean": 2.25738978386,
        "min": 0.610678076744,
        "stdev": 0.618741631508
    },
    "spectral_spread": {
        "max": 16305716,
        "mean": 2524016,
        "min": 1356829.875,
        "stdev": 894349.125
    },
    "spectral_strongpeak": {
        "max": 7.83797502518,
        "mean": 2.06810164452,
        "min": 0,
        "stdev": 1.86116087437
    },
    "zerocrossingrate": {
        "max": 0.08837890625,
        "mean": 0.038501881063,
        "min": 0,
        "stdev": 0.015243745409
    },
    "barkbands": {
        "max": [4.58431240986e-05, 0.0121062323451, 0.00695260986686, 0.0128701170906, 0.0381519719958, 0.0559307932854, 0.093397565186, 0.138447344303, 0.1587048769, 0.0625465735793, 0.0333534106612, 0.0067677157931, 0.00573547044769, 0.00331417657435, 0.00411776453257, 0.00175335456152, 0.00111094303429, 0.000619343481958, 0.000331841089064, 0.000495492189657, 0.000140946562169, 9.62428530329e-05, 7.64217329561e-05, 5.44228641957e-05, 8.23537175165e-06, 4.46821877631e-06, 4.74572470921e-06],
        "mean": [2.92225195153e-06, 0.000529369630385, 0.000258997810306, 0.000755523389671, 0.00337440986186, 0.00492412410676, 0.0037854439579, 0.00174947688356, 0.00323867425323, 0.00279913027771, 0.00410603405908, 0.000514335231856, 0.000701960176229, 0.000296900776448, 0.000454944878584, 0.000170069732121, 9.95879381662e-05, 0.000110871369543, 4.96950015076e-05, 6.22756342636e-05, 1.72917425516e-05, 9.33303635975e-06, 6.75147020957e-06, 4.58392241853e-06, 7.2865805123e-07, 5.79651615595e-09, 6.16523543329e-09],
        "min": [4.2569330283e-09, 1.1237139691e-10, 6.40377643491e-14, 3.43867424498e-14, 1.93479333574e-13, 4.23885563152e-13, 3.71223126024e-13, 4.25107323475e-13, 1.88863074485e-12, 2.96507610131e-12, 8.52062019031e-13, 3.20209982661e-12, 2.51811722515e-12, 4.0883529201e-12, 3.69142737211e-12, 4.70207033032e-12, 4.61136337448e-12, 2.85691110526e-12, 2.82355128861e-12, 3.84482289756e-12, 6.0568590074e-12, 1.242261502e-11, 1.49620888595e-11, 1.37823042909e-11, 2.30685991143e-11, 3.1769795128e-11, 4.22787638232e-11],
        "stdev": [3.87335285268e-06, 0.00114230439067, 0.000625717802905, 0.00158105732407, 0.0045202197507, 0.00662917364389, 0.00753585807979, 0.00586686795577, 0.00858770869672, 0.00672455132008, 0.0070280013606, 0.000804039882496, 0.000881593034137, 0.000519775319844, 0.000520450645126, 0.000248805445153, 0.000143433993799, 9.95639784378e-05, 3.93094051105e-05, 6.32531882729e-05, 1.97998779186e-05, 1.43312354339e-05, 1.04735408968e-05, 6.80064067637e-06, 8.72894759141e-07, 1.4546239413e-07, 1.54496575533e-07]
    },
    "erbbands": {
        "max": [0.0924803316593, 3.41724920273, 9.35051631927, 18.7992744446, 90.4532241821, 173.531463623, 327.439422607, 622.023376465, 1647.28417969, 873.958129883, 2728.96557617, 4729.35595703, 2063.57788086, 2304.09887695, 452.050506592, 340.823577881, 302.898529053, 184.239151001, 274.50567627, 105.346298218, 77.965461731, 64.9979858398, 43.4337081909, 15.9338474274, 19.6912250519, 20.1776790619, 10.8950834274, 3.36470246315, 3.84071445465, 3.34737992287, 2.41769957542, 1.59721183777, 0.878572285175, 0.167861968279, 0.0322426706553, 0.0178815890104, 0.00827664975077, 0.00294369482435, 0.000691696128342, 0.000198743975488],
        "mean": [0.00625389860943, 0.146950691938, 0.376283496618, 1.22365915775, 5.82067871094, 12.6394929886, 25.0353317261, 46.5284347534, 51.566318512, 45.9988937378, 43.6414146423, 82.2907791138, 63.7665519714, 199.964797974, 64.5873184204, 24.3351402283, 32.3042640686, 19.1936244965, 20.251499176, 18.1751861572, 8.75459671021, 5.51203680038, 6.80020475388, 3.18295955658, 2.55331897736, 2.68809771538, 1.51944446564, 0.479871869087, 0.360004216433, 0.243708223104, 0.190921023488, 0.11971835047, 0.0606325417757, 0.0155828958377, 0.00188228022307, 9.09185764613e-05, 2.4030709028e-05, 6.978802503e-06, 1.51069962158e-05, 3.23767453665e-05],
        "min": [5.2517492577e-08, 6.77301503771e-09, 9.83511383446e-10, 3.86477738701e-10, 6.26941665249e-10, 9.52572909441e-10, 1.47266743245e-09, 3.6203078313e-09, 4.11703116043e-09, 6.1073683888e-09, 1.7905412264e-08, 4.68299461431e-08, 7.88699310306e-08, 8.02232236197e-08, 6.83016310177e-08, 1.34660439244e-07, 1.73901327116e-07, 2.33919493553e-07, 1.33707942496e-07, 2.2631401464e-07, 2.60365652593e-07, 2.48667021197e-07, 2.21262496325e-07, 1.40716153396e-07, 9.82871597444e-08, 1.77458815642e-07, 2.0731367556e-07, 3.16809035894e-07, 4.95671827139e-07, 4.16056792574e-07, 4.00839297754e-07, 3.11963134436e-07, 2.57095109646e-07, 2.94412103585e-07, 1.41775018392e-07, 9.29803007921e-08, 7.51522009068e-08, 1.8371505206e-08, 7.28504101488e-09, 5.77280612202e-10],
        "stdev": [0.013167321682, 0.319566816092, 0.883587896824, 2.31207060814, 9.55522441864, 18.2143764496, 36.1676368713, 70.8545150757, 127.277069092, 69.9061660767, 125.178161621, 244.783828735, 140.496200562, 315.638427734, 83.3830490112, 33.208366394, 43.5050773621, 25.269109726, 27.6137866974, 20.2828121185, 12.0111932755, 7.91720104218, 6.51463937759, 2.5031645298, 2.11858272552, 2.84693813324, 1.46516633034, 0.634481787682, 0.53251594305, 0.409230262041, 0.281841397285, 0.18360362947, 0.0921540483832, 0.0200803354383, 0.00204826542176, 0.000582014792599, 0.00026916974457, 9.57488082349e-05, 2.41279612965e-05, 2.27704185818e-05]
    },
    "gfcc": {
        "mean": [-71.7644042969, 161.110626221, -168.893264771, 6.20651388168, -79.7467803955, -9.88120937347, -34.8766212463, -10.5920162201, -14.8238725662, -21.5767688751, 6.83332109451, -22.8040657043, 11.8042926788],
        "cov": [[4643.47412109, 920.432312012, -843.459533691, -200.735656738, 25.9219074249, -135.848251343, 232.891357422, -145.293334961, 11.0374565125, -274.597839355, -3.01998734474, -157.298080444, 105.074211121], [920.432312012, 888.938171387, 334.648773193, -125.7396698, 179.166290283, -345.907043457, 186.540878296, 58.7727394104, -86.2806930542, -25.8131999969, 59.9621925354, -100.951118469, 86.2268829346], [-843.459533691, 334.648773193, 762.54095459, 87.0711593628, 54.2561912537, -169.235824585, 20.9717197418, 143.246612549, -30.7760181427, 92.0076828003, 87.0695953369, -19.2570781708, 5.7453994751], [-200.735656738, -125.7396698, 87.0711593628, 239.19883728, -29.2645587921, 93.0624389648, -64.8371734619, 38.766960144, 62.0624046326, 4.16230583191, -6.57660627365, 8.05400943756, -30.0618076324], [25.9219074249, 179.166290283, 54.2561912537, -29.2645587921, 199.821807861, -25.0903873444, 127.362800598, 56.7297668457, 0.988236486912, 12.0931797028, 11.215092659, -6.80723381042, 45.6518592834], [-135.848251343, -345.907043457, -169.235824585, 93.0624389648, -25.0903873444, 400.175109863, 1.37765288353, -15.6246318817, 69.7157897949, 9.18537998199, -11.8062648773, 67.9499969482, -57.0690345764], [232.891357422, 186.540878296, 20.9717197418, -64.8371734619, 127.362800598, 1.37765288353, 211.23324585, 58.3646316528, -23.0452442169, 14.1580934525, 30.2223110199, -15.9199914932, 37.2122116089], [-145.293334961, 58.7727394104, 143.246612549, 38.766960144, 56.7297668457, -15.6246318817, 58.3646316528, 128.910064697, 35.0809402466, 38.4355506897, 35.7401542664, -19.1646976471, 29.1409091949], [11.0374565125, -86.2806930542, -30.7760181427, 62.0624046326, 0.988236486912, 69.7157897949, -23.0452442169, 35.0809402466, 113.915916443, 36.9560127258, 16.4130535126, 18.9893226624, -7.24288845062], [-274.597839355, -25.8131999969, 92.0076828003, 4.16230583191, 12.0931797028, 9.18537998199, 14.1580934525, 38.4355506897, 36.9560127258, 100.169120789, 56.5342979431, 5.85702610016, -3.24716210365], [-3.01998734474, 59.9621925354, 87.0695953369, -6.57660627365, 11.215092659, -11.8062648773, 30.2223110199, 35.7401542664, 16.4130535126, 56.5342979431, 110.53780365, 23.370672226, 6.38755273819], [-157.298080444, -100.951118469, -19.2570781708, 8.05400943756, -6.80723381042, 67.9499969482, -15.9199914932, -19.1646976471, 18.9893226624, 5.85702610016, 23.370672226, 78.8246917725, -0.334228992462], [105.074211121, 86.2268829346, 5.7453994751, -30.0618076324, 45.6518592834, -57.0690345764, 37.2122116089, 29.1409091949, -7.24288845062, -3.24716210365, 6.38755273819, -0.334228992462, 72.5195007324]],
        "icov": [[0.00130002968945, -0.00250957370736, 0.00212311861105, -0.000532157835551, 0.00182394159492, -0.000718714494724, -0.000687777937856, 0.000529664452188, -0.00182523392141, 0.00225013494492, -0.00170243985485, 0.00149417703506, -0.000786906632129], [-0.00250957370736, 0.00925747491419, -0.00646457122639, 0.00196600216441, -0.00529267685488, 0.00311123626307, -0.00146242743358, 0.00315634370781, 0.000780595815741, 0.000536230159923, -0.000475284614367, 0.0023112592753, -0.000627251865808], [0.00212311861105, -0.00646457122639, 0.00748911453411, -0.00272993347608, 0.00334029318765, -0.00071155000478, 0.000963367405348, -0.00458133080974, 0.00134005967993, -0.00106084381696, -0.00105421221815, -0.00187539216131, 0.00173974421341], [-0.000532157835551, 0.00196600216441, -0.00272993347608, 0.00760159408674, -0.00121654057875, -0.00122919201385, 0.00200788769871, -0.0012921243906, -0.00284071872011, 0.00266246590763, 6.58808421576e-05, 0.00152911792975, 0.000925006519537], [0.00182394159492, -0.00529267685488, 0.00334029318765, -0.00121654057875, 0.0126778874546, -0.00117713364307, -0.00541953882203, -0.00136935361661, -0.00316818105057, 0.000995113165118, 0.00111633678898, -0.00117087678518, -0.00307018333115], [-0.000718714494724, 0.00311123626307, -0.00071155000478, -0.00122919201385, -0.00117713364307, 0.00614205794409, -0.0027141070459, 8.10591373011e-05, -0.000537358631846, -0.000726645055693, 0.00127582997084, -0.00360222067684, 0.00360831269063], [-0.000687777937856, -0.00146242743358, 0.000963367405348, 0.00200788769871, -0.00541953882203, -0.0027141070459, 0.0129826404154, -0.0067186630331, 0.00609411485493, -0.00392227526754, 0.000397629366489, -0.0016445274232, 0.00119558232836], [0.000529664452188, 0.00315634370781, -0.00458133080974, -0.0012921243906, -0.00136935361661, 8.10591373011e-05, -0.0067186630331, 0.0231439620256, -0.0101220281795, 0.00537238549441, -0.0069371429272, 0.0122488550842, -0.00972263328731], [-0.00182523392141, 0.000780595815741, 0.00134005967993, -0.00284071872011, -0.00316818105057, -0.000537358631846, 0.00609411485493, -0.0101220281795, 0.0211937930435, -0.0124697936699, 0.00501345982775, -0.00871406123042, 0.00402117241174], [0.00225013494492, 0.000536230159923, -0.00106084381696, 0.00266246590763, 0.000995113165118, -0.000726645055693, -0.00392227526754, 0.00537238549441, -0.0124697936699, 0.0276842508465, -0.0145820425823, 0.0111309885979, -0.00272465567105], [-0.00170243985485, -0.000475284614367, -0.00105421221815, 6.58808421576e-05, 0.00111633678898, 0.00127582997084, 0.000397629366489, -0.0069371429272, 0.00501345982775, -0.0145820425823, 0.0215662121773, -0.0133818173781, 0.00391400232911], [0.00149417703506, 0.0023112592753, -0.00187539216131, 0.00152911792975, -0.00117087678518, -0.00360222067684, -0.0016445274232, 0.0122488550842, -0.00871406123042, 0.0111309885979, -0.0133818173781, 0.0288638174534, -0.009366649203], [-0.000786906632129, -0.000627251865808, 0.00173974421341, 0.000925006519537, -0.00307018333115, 0.00360831269063, 0.00119558232836, -0.00972263328731, 0.00402117241174, -0.00272465567105, 0.00391400232911, -0.009366649203, 0.0238783489913]]
    },
    "melbands": {
        "max": [0.0021105974447, 0.00403074314818, 0.00527113489807, 0.00706305773929, 0.0101318573579, 0.012907420285, 0.022055817768, 0.0164481028914, 0.0188088975847, 0.0271279532462, 0.010709005408, 0.0101645039394, 0.00272790133022, 0.0006142014754, 0.000610184448306, 0.000619467464276, 0.000386254978366, 0.000517136475537, 0.00027862060233, 0.000125131657114, 8.50673459354e-05, 7.85991724115e-05, 3.85743296647e-05, 3.38068530255e-05, 1.37568113132e-05, 1.25532860693e-05, 1.92532661458e-05, 1.67788384715e-05, 8.29303644423e-06, 3.19173000207e-06, 2.10772486753e-06, 2.21464460992e-06, 1.78804066309e-06, 1.87669888874e-06, 1.41496730066e-06, 1.35328718898e-06, 9.87702946986e-07, 8.43184977839e-07, 2.71377842864e-07, 1.47844886556e-07],
        "mean": [0.000104341495899, 0.000202104347409, 0.000357757933671, 0.00065512402216, 0.000810715544503, 0.00101437035482, 0.000802198424935, 0.00046369546908, 0.000352318369551, 0.000528170668986, 0.000294734141789, 0.000787196622696, 0.000359178084182, 5.72739190829e-05, 6.29748319625e-05, 7.03299228917e-05, 3.05007724819e-05, 2.94808560284e-05, 3.64773841284e-05, 1.47264354382e-05, 9.18320438359e-06, 5.86952410231e-06, 5.54365078642e-06, 5.30396982867e-06, 2.28164981309e-06, 1.79757194019e-06, 1.81007271749e-06, 1.8655285885e-06, 1.2759268202e-06, 3.78082688712e-07, 2.2770598207e-07, 2.12754088125e-07, 1.59358123142e-07, 1.25222399561e-07, 1.18264637194e-07, 8.27516970503e-08, 7.01967195482e-08, 4.86582045767e-08, 2.32290027213e-08, 9.40411304384e-09],
        "min": [5.36824806829e-10, 2.89640578503e-14, 2.28175802092e-14, 3.96118921898e-14, 7.17617764799e-14, 8.08145664646e-14, 6.63789701916e-14, 6.47015129191e-14, 1.69524984328e-13, 2.9364721375e-13, 3.87728992792e-13, 3.427499712e-13, 1.76035564164e-13, 3.03020575212e-13, 3.63158613424e-13, 3.77033446781e-13, 4.1699773517e-13, 1.86884904253e-13, 2.85286659747e-13, 2.892232081e-13, 3.22259146451e-13, 2.80158139526e-13, 1.752889961e-13, 8.33928195595e-14, 1.21998914335e-13, 9.19778982795e-14, 6.59998246918e-14, 1.35199143547e-13, 1.24533087835e-13, 1.53352658805e-13, 1.8329650677e-13, 2.63876756817e-13, 2.10786615484e-13, 1.94646395898e-13, 1.94205762583e-13, 2.37796029612e-13, 1.51031544584e-13, 1.55099972579e-13, 2.78914803579e-13, 2.27440109931e-13],
        "stdev": [0.000220232759602, 0.000423235585913, 0.000648822053336, 0.000861535430886, 0.00112405221444, 0.00150677363854, 0.001714480808, 0.000856269674841, 0.000979977776296, 0.00147934281267, 0.000722141761798, 0.0012740601087, 0.000560106709599, 8.66762638907e-05, 9.49164677877e-05, 8.60521322466e-05, 4.80861053802e-05, 4.8526962928e-05, 4.46523845312e-05, 1.95080356207e-05, 1.36116022986e-05, 9.04826356418e-06, 5.46841329196e-06, 5.19709874425e-06, 2.07376092476e-06, 1.49861455156e-06, 2.00433078135e-06, 2.13828161577e-06, 1.40212057431e-06, 4.47510274171e-07, 3.69515078091e-07, 3.18207128203e-07, 2.57130494674e-07, 2.22940528261e-07, 1.70271988509e-07, 1.38208093858e-07, 1.06545563483e-07, 7.74271526893e-08, 3.31592069358e-08, 1.21720988844e-08]
    },
    "melbands128": {
        "max": [2.20786769205e-05, 0.000322003412293, 0.00220062606968, 0.00744608370587, 0.00601306045428, 0.00235013989732, 0.00286019826308, 0.00879318360239, 0.0119437230751, 0.0100226607174, 0.0115051008761, 0.0148082189262, 0.0157827232033, 0.0138807073236, 0.0195974595845, 0.0235641598701, 0.0318426340818, 0.031740475446, 0.0235755871981, 0.00903990864754, 0.031960953027, 0.0433901660144, 0.0146587491035, 0.0237327739596, 0.0557932592928, 0.0220688823611, 0.0178297702223, 0.0185560025275, 0.0131515190005, 0.019895805046, 0.0112091274932, 0.00868149474263, 0.00199178652838, 0.00139802880585, 0.000982401892543, 0.000775205146056, 0.00206261663698, 0.001362647512, 0.00110286951531, 0.00150461064186, 0.000751464103814, 0.000719782023225, 0.000624105858151, 0.000553643272724, 0.000778336077929, 0.001230809954, 0.000790633202996, 0.000567518523894, 0.000325208384311, 0.000196954293642, 0.00019361313025, 0.000147668484715, 0.000125927093904, 0.000118598451081, 8.95538978511e-05, 0.000138786315802, 6.51213194942e-05, 8.22390647954e-05, 4.99664020026e-05, 0.000103194637632, 5.46992960153e-05, 3.41158338415e-05, 3.04543063976e-05, 2.51063229371e-05, 1.24471962408e-05, 1.102213173e-05, 2.59566349996e-05, 3.97820949729e-05, 2.87775765173e-05, 2.66970691882e-05, 2.81631491816e-05, 3.08387097903e-05, 2.74221638392e-05, 1.60006020451e-05, 1.54529770953e-05, 3.81295944862e-06, 2.79619894172e-06, 3.16660270983e-06, 2.30255000133e-06, 3.31635237671e-06, 2.6446875836e-06, 4.18550052927e-06, 2.05036735679e-06, 1.72955333255e-06, 2.16879448089e-06, 2.3796910682e-06, 1.63079801041e-06, 1.68064229911e-06, 1.84618545518e-06, 2.36694245359e-06, 1.62593005371e-06, 1.29392162762e-06, 9.04196781448e-07, 9.72987436398e-07, 1.51176527652e-06, 1.41932400766e-06, 8.22105789666e-07, 5.98327630996e-07, 3.24018827769e-07, 2.03524322728e-07, 1.9114564509e-07, 1.68780076137e-07, 8.73018493053e-08, 5.46817879865e-08, 3.54358213883e-08, 3.53110500839e-08, 3.35971641618e-08, 3.20758637429e-08, 3.07550394041e-08, 2.95234290348e-08, 2.82816845498e-08, 2.72065747708e-08, 2.62091557346e-08, 2.52496992204e-08, 2.43520155152e-08, 2.35930954773e-08, 2.28466472407e-08, 2.21964491232e-08, 2.15348858745e-08, 2.09859774003e-08, 2.04731485098e-08, 2.00583212262e-08, 1.97085459064e-08, 1.93314573238e-08, 1.90708462355e-08, 1.88401614309e-08, 1.86764204102e-08, 1.85719635226e-08],
        "mean": [1.94856806957e-06, 1.78476275323e-05, 0.000133085428388, 0.000293652701657, 0.00023229913495, 0.000106778898044, 0.000156239097123, 0.000488889578264, 0.000578659120947, 0.000647527165711, 0.000736862479243, 0.000669971574098, 0.000958746299148, 0.000734706642106, 0.00121012423187, 0.00101002468728, 0.000874047749676, 0.00069234817056, 0.000881971849594, 0.000439486233518, 0.000303905864712, 0.00036153869587, 0.000367515545804, 0.000285361224087, 0.000600214349106, 0.000660688325297, 0.000310932955472, 0.000237044965615, 0.000219571986236, 0.000579580315389, 0.0011212027166, 0.0010304802563, 0.000140156713314, 6.94313202985e-05, 4.69693950436e-05, 5.62441382499e-05, 6.98389922036e-05, 5.23553389939e-05, 6.73575195833e-05, 8.1368991232e-05, 8.06883472251e-05, 3.9342448872e-05, 2.81647226075e-05, 2.64867903752e-05, 2.53783127846e-05, 3.04712484649e-05, 3.23287131323e-05, 4.72570573038e-05, 3.51041089743e-05, 1.30845610329e-05, 1.50937175931e-05, 1.24364942167e-05, 8.51752247399e-06, 8.59094598127e-06, 8.35689024825e-06, 5.23400603925e-06, 4.22102766606e-06, 4.19648722527e-06, 5.46549517821e-06, 9.5013228929e-06, 5.12089400218e-06, 2.85821920443e-06, 2.55835561802e-06, 2.20736046685e-06, 1.68271162693e-06, 1.60150068496e-06, 2.21221330321e-06, 1.52867107772e-06, 1.9876447368e-06, 1.68791541455e-06, 1.44503633237e-06, 2.31351668845e-06, 2.24556697503e-06, 8.40080815578e-07, 5.31374610091e-07, 4.00499999387e-07, 3.01562778304e-07, 2.58327162328e-07, 2.13611571098e-07, 2.05309959256e-07, 2.1223327451e-07, 2.31266156447e-07, 1.75325581608e-07, 1.59408926947e-07, 1.35752600272e-07, 1.27568895891e-07, 1.23832734289e-07, 1.15033053305e-07, 1.358237256e-07, 1.02983328532e-07, 8.72133796292e-08, 7.76859323537e-08, 7.2654948724e-08, 7.26786240079e-08, 6.78720297742e-08, 5.93453890474e-08, 4.48719319479e-08, 3.31066161152e-08, 2.49396592267e-08, 1.73781735668e-08, 1.23996484191e-08, 8.06064015535e-09, 5.76330227986e-09, 3.99646893356e-09, 6.23848195325e-10, 4.63449244259e-11, 4.3192574517e-11, 4.09583304772e-11, 3.99877735091e-11, 3.852395139e-11, 3.65826362259e-11, 3.51959954237e-11, 3.44400827301e-11, 3.30774192758e-11, 3.15133301398e-11, 3.05225567043e-11, 2.98364562223e-11, 2.80648004836e-11, 2.96360540275e-11, 2.77047672997e-11, 2.75325214016e-11, 2.64832513558e-11, 2.64565609004e-11, 2.4030990739e-11, 2.36096784484e-11, 2.31818435975e-11, 2.29022235204e-11, 2.27635445216e-11],
        "min": [1.67388614081e-09, 6.32218055685e-10, 2.54478590977e-11, 1.86121514116e-14, 3.61884221862e-14, 2.40799117164e-14, 1.29846237522e-14, 2.0224795417e-14, 1.99669280946e-14, 3.10825855072e-14, 3.71775601569e-14, 4.72224425633e-14, 1.91048653948e-14, 2.68094499779e-14, 8.00496686082e-14, 2.67144670914e-14, 4.71897301508e-14, 3.32352384275e-14, 5.58436082749e-14, 5.26117201834e-14, 7.7460200797e-14, 8.1964606814e-14, 1.91981657351e-13, 2.55912451603e-13, 2.5356027499e-13, 3.62891357589e-13, 9.26426903941e-14, 4.12810410855e-13, 1.60460634038e-13, 5.18889401932e-13, 2.38228761804e-13, 6.48389423207e-14, 1.56219628162e-13, 1.51182736577e-13, 2.15175682719e-13, 3.47228539324e-13, 3.30992991262e-13, 3.40579805027e-13, 1.94794565677e-13, 3.66138272045e-13, 2.12601664789e-13, 3.24664611601e-13, 4.8849048721e-13, 1.87915370656e-13, 1.09234385317e-13, 1.21376866891e-13, 1.25903004385e-13, 1.73886214672e-13, 1.95892171299e-13, 2.40849766346e-13, 3.51016551979e-13, 1.27870993958e-13, 2.4612663253e-13, 2.60945724664e-13, 4.09997339898e-13, 1.14500328164e-13, 1.09325587049e-13, 1.63460621449e-13, 1.54705865089e-13, 1.63204993682e-13, 5.54399225367e-14, 5.18281876021e-14, 7.42908474538e-14, 1.28041837116e-13, 2.23811583416e-13, 8.29009441389e-14, 2.14747958186e-14, 6.29828424115e-14, 7.08556341855e-14, 7.30056003173e-14, 1.45194538901e-13, 1.39879508801e-13, 1.87065139312e-13, 1.05228068555e-13, 8.71863345409e-14, 1.52081350443e-13, 1.40846522271e-13, 2.46118555224e-13, 1.34385964813e-13, 1.85674988839e-13, 2.43487142341e-13, 3.03759702938e-13, 2.36477856611e-13, 1.47737114968e-13, 1.79510133971e-13, 1.70858214187e-13, 1.64686623713e-13, 1.54070143145e-13, 1.39339061123e-13, 1.48019861342e-13, 1.90967169378e-13, 1.31236493027e-13, 1.25913209438e-13, 1.19538493687e-13, 1.51231728963e-13, 1.97399605342e-13, 1.11377622619e-13, 9.56784835821e-14, 2.70017271346e-13, 2.41346466466e-13, 3.00577894822e-13, 1.90040989672e-13, 1.78646255232e-13, 1.60023876745e-13, 1.98378341748e-13, 1.21435495123e-13, 6.05494251743e-14, 1.4675740278e-13, 1.21843087377e-13, 9.25832828913e-14, 1.93626093891e-13, 2.12584737682e-13, 1.94616905599e-13, 1.32557566269e-13, 1.28635451358e-13, 1.01743679942e-13, 1.21000906235e-13, 1.44623245671e-13, 1.98711015633e-13, 2.1272447779e-13, 1.4950383596e-13, 1.87636446094e-13, 1.73399773815e-13, 1.6851518553e-13, 8.93508764156e-14, 4.82504153006e-14, 6.3272412483e-15, 1.53730034535e-16],
        "stdev": [2.40241138272e-06, 3.83980368497e-05, 0.000316764519084, 0.000669431290589, 0.00060155405663, 0.000226192598348, 0.000327391462633, 0.00104089791421, 0.00111702491995, 0.000977549469098, 0.00120926892851, 0.00144695560448, 0.00167999707628, 0.00109269598033, 0.00217207265086, 0.00217543076724, 0.00324140070006, 0.0019365035696, 0.001549511333, 0.000784921750892, 0.00138389389031, 0.00170826399699, 0.00112124998122, 0.00115876528434, 0.00270124012604, 0.00156053702813, 0.00103197374847, 0.00103308516555, 0.000861235021148, 0.00184549728874, 0.00208251085132, 0.00193355628289, 0.000262598274276, 0.000129016814753, 0.000101187404653, 9.70967594185e-05, 0.000138780291309, 0.000124991463963, 0.000154446694069, 0.000172232961631, 0.000105106148112, 6.52289236314e-05, 6.00110070081e-05, 5.45377042727e-05, 6.06032990618e-05, 7.87726239651e-05, 6.0788141127e-05, 7.80324480729e-05, 5.42903071619e-05, 2.50857083302e-05, 2.39220862568e-05, 1.86566121556e-05, 1.64387620316e-05, 1.51336844283e-05, 1.22025776363e-05, 1.06065899672e-05, 8.30172120914e-06, 6.78940659782e-06, 6.6817096922e-06, 1.32936793307e-05, 6.60067053104e-06, 3.5556702187e-06, 3.09736105919e-06, 2.72573470284e-06, 1.9123756374e-06, 1.58322870902e-06, 2.96136795441e-06, 2.29415923059e-06, 3.17781746162e-06, 2.95751488011e-06, 2.6231659831e-06, 3.60989611181e-06, 3.79813332074e-06, 1.27649832393e-06, 9.28349265905e-07, 5.09871085796e-07, 4.24181592962e-07, 4.30335290957e-07, 3.90511246451e-07, 3.89159879433e-07, 3.35101674409e-07, 3.61099864676e-07, 2.97259248327e-07, 2.71644694294e-07, 2.55699944773e-07, 2.45424416789e-07, 2.38513109707e-07, 1.99170258952e-07, 1.90024820768e-07, 1.73596646391e-07, 1.62181081009e-07, 1.37484235552e-07, 1.20309564977e-07, 1.19802137988e-07, 1.06265595434e-07, 1.06410141143e-07, 7.64101173445e-08, 5.43012497189e-08, 3.7574988454e-08, 2.39016664239e-08, 1.81976620439e-08, 1.18575016472e-08, 6.36981845048e-09, 3.65067620578e-09, 1.26460619754e-09, 1.14938047968e-09, 1.09331510512e-09, 1.04341257856e-09, 1.00148478399e-09, 9.61599244675e-10, 9.20544973582e-10, 8.8552348787e-10, 8.54014248208e-10, 8.22536594391e-10, 7.92591325904e-10, 7.67849839267e-10, 7.43931694025e-10, 7.21708415252e-10, 7.05541125523e-10, 6.84000855955e-10, 6.68577693208e-10, 6.53764542502e-10, 6.43460118521e-10, 6.28425533833e-10, 6.19957529757e-10, 6.12463135763e-10, 6.07143391118e-10, 6.03747218886e-10]
    },
    "mfcc": {
        "mean": [-692.503723145, 176.946289062, -28.942483902, 3.9800658226, -18.6901130676, -17.306224823, -7.55221509933, -8.25952529907, -11.8006353378, 0.863504469395, -14.9028806686, -5.14942646027, -6.75251913071],
        "cov": [[3615.38037109, 318.880493164, -801.34979248, -191.260696411, -170.65965271, 131.227645874, 7.24916982651, 175.032211304, 87.5190505981, 23.1680164337, -125.904426575, -33.6374320984, -111.21182251], [318.880493164, 1207.83532715, 128.208633423, 340.480407715, -33.2793464661, -320.402191162, 248.199951172, -94.0466995239, 26.6277809143, 107.375183105, -104.152053833, -49.1592178345, 3.54062509537], [-801.34979248, 128.208633423, 550.776794434, 170.631408691, 89.5680923462, -76.9386520386, 23.0944786072, -30.3459091187, -40.211605072, 29.4147644043, 64.4565124512, 41.395690918, 50.1105194092], [-191.260696411, 340.480407715, 170.631408691, 302.164093018, 50.2778968811, -171.095046997, 58.8147544861, -46.3863716125, 18.5291290283, 61.5721893311, -37.4506454468, -2.55146121979, 12.592423439], [-170.65965271, -33.2793464661, 89.5680923462, 50.2778968811, 117.204605103, 17.4204330444, -15.5345039368, 26.5245418549, 12.840681076, 34.2354888916, 23.5112457275, 9.47645187378, 14.3809452057], [131.227645874, -320.402191162, -76.9386520386, -171.095046997, 17.4204330444, 255.540939331, -33.8950538635, 83.493850708, 13.7896986008, -44.3600273132, 72.8959197998, 23.2872123718, -2.45923781395], [7.24916982651, 248.199951172, 23.0944786072, 58.8147544861, -15.5345039368, -33.8950538635, 203.913604736, 20.8960933685, 20.9464454651, 76.4360961914, -11.1064386368, 8.95225715637, 5.20676708221], [175.032211304, -94.0466995239, -30.3459091187, -46.3863716125, 26.5245418549, 83.493850708, 20.8960933685, 113.764396667, 34.5687713623, 2.25097894669, 20.2750453949, -3.23448896408, 8.17710208893], [87.5190505981, 26.6277809143, -40.211605072, 18.5291290283, 12.840681076, 13.7896986008, 20.9464454651, 34.5687713623, 84.7074661255, 33.8782997131, 0.351355075836, -11.3403911591, -22.4618625641], [23.1680164337, 107.375183105, 29.4147644043, 61.5721893311, 34.2354888916, -44.3600273132, 76.4360961914, 2.25097894669, 33.8782997131, 145.834793091, 19.9558620453, 20.5406417847, -1.67679274082], [-125.904426575, -104.152053833, 64.4565124512, -37.4506454468, 23.5112457275, 72.8959197998, -11.1064386368, 20.2750453949, 0.351355075836, 19.9558620453, 108.28150177, 49.4956855774, 6.66552019119], [-33.6374320984, -49.1592178345, 41.395690918, -2.55146121979, 9.47645187378, 23.2872123718, 8.95225715637, -3.23448896408, -11.3403911591, 20.5406417847, 49.4956855774, 91.0079650879, 35.0218849182], [-111.21182251, 3.54062509537, 50.1105194092, 12.592423439, 14.3809452057, -2.45923781395, 5.20676708221, 8.17710208893, -22.4618625641, -1.67679274082, 6.66552019119, 35.0218849182, 78.8088302612]],
        "icov": [[0.000759121670853, -0.000801147951279, 0.000834332720842, -7.47053927626e-05, 0.000970200868323, -0.000798709341325, 0.00142205832526, -0.00216814922169, 0.000948796514422, -0.00101680646185, 0.00125228310935, -0.00148966233246, 0.00132257270161], [-0.000801147951279, 0.00281475647353, -0.000766216777265, -0.00105883623473, -0.000735892273951, 0.00211484124884, -0.0036085776519, 0.00319397402927, -0.00159261596855, 0.00151929841377, -0.00176609575283, 0.00272725941613, -0.0019775244873], [0.000834332720842, -0.000766216777265, 0.00412059528753, -0.00162876397371, -0.000780862697866, -1.92406296264e-05, 0.000760012364481, -0.00190756528173, 0.00242358702235, -8.67736234795e-05, -0.00173790194094, -0.000972692971118, 0.000409740663599], [-7.47053927626e-05, -0.00105883623473, -0.00162876397371, 0.00870376266539, -0.00375579600222, 0.00382332876325, -0.000525664014276, 0.00116284540854, -0.00304889073595, 0.000450253486633, 0.0013719163835, -0.00130142550915, -9.1293179139e-05], [0.000970200868323, -0.000735892273951, -0.000780862697866, -0.00375579600222, 0.0159688163549, -0.00418375199661, 0.00552357267588, -0.00629655597731, 0.00158278294839, -0.006236103829, 0.00218832027167, -0.000827638374176, 0.000243807749939], [-0.000798709341325, 0.00211484124884, -1.92406296264e-05, 0.00382332876325, -0.00418375199661, 0.012419288978, -0.00382847129367, -0.000848020310514, -0.00293926685117, 0.00517466850579, -0.00657612690702, 0.000967656844296, -0.000930332520511], [0.00142205832526, -0.0036085776519, 0.000760012364481, -0.000525664014276, 0.00552357267588, -0.00382847129367, 0.0127127552405, -0.00806496851146, 0.00310247950256, -0.00719610974193, 0.00509121175855, -0.00486915931106, 0.00310346111655], [-0.00216814922169, 0.00319397402927, -0.00190756528173, 0.00116284540854, -0.00629655597731, -0.000848020310514, -0.00806496851146, 0.0227328650653, -0.00908483099192, 0.00453365035355, -0.00509062362835, 0.0082184933126, -0.00859388150275], [0.000948796514422, -0.00159261596855, 0.00242358702235, -0.00304889073595, 0.00158278294839, -0.00293926685117, 0.00310247950256, -0.00908483099192, 0.0201443787664, -0.00556468078867, 0.00207131565548, -0.00177292339504, 0.0069494699128], [-0.00101680646185, 0.00151929841377, -8.67736234795e-05, 0.000450253486633, -0.006236103829, 0.00517466850579, -0.00719610974193, 0.00453365035355, -0.00556468078867, 0.0145059861243, -0.00602002022788, 0.000453982880572, -0.00118541100528], [0.00125228310935, -0.00176609575283, -0.00173790194094, 0.0013719163835, 0.00218832027167, -0.00657612690702, 0.00509121175855, -0.00509062362835, 0.00207131565548, -0.00602002022788, 0.0219276919961, -0.0115257231519, 0.00604923302308], [-0.00148966233246, 0.00272725941613, -0.000972692971118, -0.00130142550915, -0.000827638374176, 0.000967656844296, -0.00486915931106, 0.0082184933126, -0.00177292339504, 0.000453982880572, -0.0115257231519, 0.0233531668782, -0.0116468155757], [0.00132257270161, -0.0019775244873, 0.000409740663599, -9.1293179139e-05, 0.000243807749939, -0.000930332520511, 0.00310346111655, -0.00859388150275, 0.0069494699128, -0.00118541100528, 0.00604923302308, -0.0116468155757, 0.0216309148818]]
    },
    "spectral_contrast_coeffs": {
        "max": [-0.267841011286, -0.406433731318, -0.48341140151, -0.630408763885, -0.70294958353, -0.647190392017],
        "mean": [-0.619480550289, -0.735142230988, -0.706276774406, -0.767379820347, -0.785561323166, -0.794525384903],
        "min": [-0.944740712643, -0.972923636436, -0.949263751507, -0.950750946999, -0.936330676079, -0.917272806168],
        "stdev": [0.0884932726622, 0.0911034122109, 0.0974203720689, 0.0584588721395, 0.0403938293457, 0.038590490818]
    },
    "spectral_contrast_valleys": {
        "max": [-6.08960103989, -5.13598108292, -5.42174196243, -5.9751868248, -6.9627366066, -10.0153436661],
        "mean": [-7.56266546249, -6.21631336212, -7.17970848083, -7.94497919083, -8.26686573029, -11.521027565],
        "min": [-17.7065620422, -16.7196674347, -16.7126617432, -15.9059295654, -15.9162521362, -16.9297447205],
        "stdev": [0.96501660347, 0.812757134438, 0.919914007187, 0.980998277664, 0.726807415485, 0.58362787962]
    }
},
"rhythm": {
    "beats_count": 46,
    "beats_loudness": {
        "max": 0.0628445222974,
        "mean": 0.0283502805978,
        "min": 0.000328135793097,
        "stdev": 0.0159406550229
    },
    "bpm": 123.904350281,
    "bpm_histogram_first_peak_bpm": 123,
    "bpm_histogram_first_peak_weight": 0.285714328289,
    "bpm_histogram_second_peak_bpm": 140,
    "bpm_histogram_second_peak_spread": 0.400000035763,
    "bpm_histogram_second_peak_weight": 0.133333340287,
    "danceability": 0.823294460773,
    "onset_rate": 1.09432899952,
    "beats_loudness_band_ratio": {
        "max": [0.496686309576, 0.872034728527, 0.862458884716, 0.756907522678, 0.258853167295, 0.0337115004659],
        "mean": [0.0808366984129, 0.34535446763, 0.307505309582, 0.255127042532, 0.0550759397447, 0.0077624884434],
        "min": [0.00754453614354, 0.044382430613, 0.0800559595227, 0.00645908620209, 0.0016936204629, 0.00056210020557],
        "stdev": [0.104786679149, 0.217042699456, 0.190876290202, 0.227279722691, 0.069218352437, 0.007595482748]
    },
    "beats_position": [0.429569154978, 0.859138309956, 1.28870749474, 1.71827661991, 2.14784574509, 2.57741498947, 2.9837641716, 3.36689329147, 3.75002264977, 4.14476203918, 4.53950119019, 4.94585037231, 5.35219955444, 5.73532867432, 6.13006782532, 6.54802703857, 6.96598625183, 7.37233543396, 7.80190467834, 8.24308395386, 8.66104316711, 9.22993183136, 9.78721046448, 10.3560991287, 10.95981884, 11.5635375977, 12.1208162308, 12.6780948639, 13.2469835281, 13.8158731461, 14.3731517792, 14.8607711792, 15.3367795944, 15.8243989944, 16.3120174408, 16.7996368408, 17.2872562408, 17.7632656097, 18.2392749786, 18.7152824402, 19.179681778, 19.667301178, 20.154920578, 20.642539978, 21.1301574707, 21.6177768707],
