{
"metadata": {
    "version": {
        "essentia": "2.1-beta5",
        "essentia_git_sha": "Undefined",
        "extractor": "music 2.0"
    },
    "audio_properties": {
        "analysis": {
            "equal_loudness": 0,
            "length": 12.7477550507,
            "sample_rate": 44100,
            "start_time": 0,
            "downmix": "mix"
        },
        "bit_rate": 192000,
        "length": 155.24861145,
        "lossless": 0,
        "number_channels": 2,
        "replay_gain": -7.3119468689,
        "sample_rate": 44100,
        "codec": "mp3",
        "md5_encoded": "58cfe205af2e6425c535ad6e786a515e"
    },
    "tags": {
        "file_name": "Austria_Wohin, Kleines Pony_Bob Martin.mp3",
        "encoding": ["Lavf58.29.100"]
    }
},
"lowlevel": {
    "average_loudness": 0.613264679909,
    "barkbands_crest": {
        "max": 23.5219497681,
        "mean": 9.27766799927,
        "min": 2.78160262108,
        "stdev": 4.98784923553
    },
    "barkbands_flatness_db": {
        "max": 0.363945186138,
        "mean": 0.196401625872,
        "min": 0.051290884614,
        "stdev": 0.0611109435558
    },
    "barkbands_kurtosis": {
        "max": 30.7047920227,
        "mean": 3.81327867508,
        "min": -1.43005502224,
        "stdev": 5.84596538544
    },
    "barkbands_skewness": {
        "max": 4.80621194839,
        "mean": 1.17412269115,
        "min": -1.57117438316,
        "stdev": 1.19378626347
    },
    "barkbands_spread": {
        "max": 41.2202033997,
        "mean": 11.542093277,
        "min": 2.03396368027,
        "stdev": 6.48194313049
    },
    "dissonance": {
        "max": 0.499844998121,
        "mean": 0.449587702751,
        "min": 0.267671644688,
        "stdev": 0.0422280728817
    },
    "dynamic_complexity": 7.7212228775,
    "erbbands_crest": {
        "max": 28.8098907471,
        "mean": 9.45888805389,
        "min": 2.65535283089,
        "stdev": 4.82949018478
    },
    "erbbands_flatness_db": {
        "max": 0.372314751148,
        "mean": 0.241877362132,
        "min": 0.0962583050132,
        "stdev": 0.0424028709531
    },
    "erbbands_kurtosis": {
        "max": 11.8255596161,
        "mean": 1.16660916805,
        "min": -1.4028339386,
        "stdev": 1.98238968849
    },
    "erbbands_skewness": {
        "max": 3.17752742767,
        "mean": 0.55828332901,
        "min": -2.37675237656,
        "stdev": 0.802804648876
    },
    "erbbands_spread": {
        "max": 56.2285270691,
        "mean": 20.0391216278,
        "min": 5.78513002396,
        "stdev": 7.88363647461
    },
    "hfc": {
        "max": 50.8522872925,
        "mean": 6.93082857132,
        "min": 1.19134204649e-16,
        "stdev": 9.2458896637
    },
    "loudness_ebu128": {
        "integrated": -19.4725437164,
        "loudness_range": 11.9405994415,
        "momentary": {
            "max": -13.2559719086,
            "mean": -24.336025238,
            "min": -41.9954605103,
            "stdev": 7.0007390976
        },
        "short_term": {
            "max": -16.1205406189,
            "mean": -21.0847396851,
            "min": -30.6734867096,
            "stdev": 4.62406253815
        }
    },
    "melbands_crest": {
        "max": 29.8020038605,
        "mean": 11.7589139938,
        "min": 2.37794160843,
        "stdev": 6.74520301819
    },
    "melbands_flatness_db": {
        "max": 0.452453613281,
        "mean": 0.214532896876,
        "min": 0.00646139960736,
        "stdev": 0.0813976153731
    },
    "melbands_kurtosis": {
        "max": 50.1090583801,
        "mean": 5.91133260727,
        "min": -1.70021700859,
        "stdev": 8.38725280762
    },
    "melbands_skewness": {
        "max": 5.91053342819,
        "mean": 1.4977889061,
        "min": -0.395227789879,
        "stdev": 1.1826941967
    },
    "melbands_spread": {
        "max": 124.542861938,
        "mean": 18.9862194061,
        "min": 2.03774762154,
        "stdev": 12.9723482132
    },
    "pitch_salience": {
        "max": 0.88050532341,
        "mean": 0.641385912895,
        "min": 0.15359723568,
        "stdev": 0.150105044246
    },
    "silence_rate_20dB": {
        "max": 1,
        "mean": 1,
        "min": 1,
        "stdev": 0
    },
    "silence_rate_30dB": {
        "max": 1,
        "mean": 1,
        "min": 1,
        "stdev": 0
    },
    "silence_rate_60dB": {
        "max": 1,
        "mean": 0.538181841373,
        "min": 0,
        "stdev": 0.498540997505
    },
    "spectral_centroid": {
        "max": 10907.0654297,
        "mean": 1054.69262695,
        "min": 236.398620605,
        "stdev": 668.076293945
    },
    "spectral_complexity": {
        "max": 23,
        "mean": 9.77818202972,
        "min": 0,
        "stdev": 5.94351387024
    },
    "spectral_decrease": {
        "max": -1.09828177305e-28,
        "mean": -3.18905568619e-09,
        "min": -2.62279762353e-08,
        "stdev": 4.85775331072e-09
    },
    "spectral_energy": {
        "max": 0.103602893651,
        "mean": 0.0126648759469,
        "min": 1.12203358476e-20,
        "stdev": 0.0191466305405
    },
    "spectral_energyband_high": {
        "max": 0.000270119548077,
        "mean": 3.56618620572e-05,
        "min": 7.90306451809e-21,
        "stdev": 5.2974170103e-05
    },
    "spectral_energyband_low": {
        "max": 0.0160707775503,
        "mean": 0.000474369589938,
        "min": 6.24529882175e-23,
        "stdev": 0.00164138583932
    },
    "spectral_energyband_middle_high": {
        "max": 0.0143183209002,
        "mean": 0.00191545404959,
        "min": 1.78324569845e-21,
        "stdev": 0.00221414142288
    },
    "spectral_energyband_middle_low": {
        "max": 0.0957047268748,
        "mean": 0.0102999946102,
        "min": 3.7714738108e-22,
        "stdev": 0.0177428238094
    },
    "spectral_entropy": {
        "max": 9.79638767242,
        "mean": 7.20510578156,
        "min": 5.99196910858,
        "stdev": 0.539158582687
    },
    "spectral_flux": {
        "max": 0.204895228148,
        "mean": 0.0417890958488,
        "min": 1.05926087346e-10,
        "stdev": 0.033017359674
    },
    "spectral_kurtosis": {
        "max": 31.8698883057,
        "mean": 8.55592346191,
        "min": -1.20106375217,
        "stdev": 5.99147224426
    },
    "spectral_rms": {
        "max": 0.010053656064,
        "mean": 0.00268047465943,
        "min": 3.308575202e-12,
        "stdev": 0.00227399147116
    },
    "spectral_rolloff": {
        "max": 18841.5527344,
        "mean": 1300.44848633,
        "min": 129.19921875,
        "stdev": 1223.46142578
    },
    "spectral_skewness": {
        "max": 4.26263809204,
        "mean": 2.01492643356,
        "min": -0.0170416664332,
        "stdev": 0.662836432457
    },
    "spectral_spread": {
        "max": 40603652,
        "mean": 2890711.5,
        "min": 1644603,
        "stdev": 1769331.75
    },
    "spectral_strongpeak": {
        "max": 5.22965574265,
        "mean": 0.839025199413,
        "min": 0,
        "stdev": 0.973131299019
    },
    "zerocrossingrate": {
        "max": 0.50439453125,
        "mean": 0.0470241494477,
        "min": 0.00830078125,
        "stdev": 0.0289410743862
    },
    "barkbands": {
        "max": [4.18999115936e-05, 0.00740365404636, 0.00968464277685, 0.00214320188388, 0.0458910241723, 0.0173805747181, 0.0826600044966, 0.00872650090605, 0.0140833910555, 0.0124917626381, 0.0033460194245, 0.00352680846117, 0.00439220387489, 0.00245938962325, 0.00133678677958, 0.000831801968161, 0.000605171837378, 0.000812453741673, 0.000389241380617, 0.000310361967422, 0.000152818698552, 0.00013956654584, 4.02614423365e-05, 1.90873342945e-05, 1.75533284619e-06, 1.0409123341e-08, 1.11265121561e-08],
        "mean": [1.78609377599e-06, 0.000131499706185, 0.000307592941681, 7.19743620721e-05, 0.00245437189005, 0.000825616705697, 0.00580537272617, 0.000331304239808, 0.000769113772549, 0.000656128744595, 0.000169616687344, 0.000326079229126, 0.000234052247833, 0.000166350961081, 0.000103599231807, 9.11908864509e-05, 8.18812768557e-05, 5.22624795849e-05, 3.49996880686e-05, 2.22543385462e-05, 1.36891057991e-05, 8.47549654281e-06, 3.68976748177e-06, 1.70064015492e-06, 2.80615097381e-07, 4.56958193507e-10, 4.97556162937e-10],
        "min": [1.43320943458e-23, 3.00333483005e-23, 2.5633905742e-23, 2.19749148503e-23, 5.4071820727e-23, 7.80714307098e-23, 3.01495569782e-23, 3.17753961484e-23, 1.55650536484e-22, 2.23426941106e-22, 6.64024298059e-23, 1.93861065467e-22, 1.81540320305e-22, 8.18014111943e-23, 1.44121050364e-22, 1.60676161052e-22, 2.19702507891e-22, 2.58968797822e-22, 1.26658825366e-22, 2.20941839928e-22, 7.10389515721e-22, 6.37450048029e-22, 7.57182775622e-22, 6.90225271729e-22, 1.26627962603e-21, 1.62926711795e-21, 2.33964764697e-21],
        "stdev": [3.02724765788e-06, 0.000620212871581, 0.00103032472543, 0.000168154932908, 0.00585768232122, 0.00179224519525, 0.0126908440143, 0.000688427884597, 0.00165141315665, 0.00126029807143, 0.000331327901222, 0.000466777506517, 0.000463385164039, 0.000233735496295, 0.000168430764461, 0.000103795231553, 0.000100024175481, 8.5210573161e-05, 5.05364514538e-05, 3.45034241036e-05, 2.36717150983e-05, 1.59281462402e-05, 5.51669427296e-06, 2.34238018493e-06, 2.42217112145e-07, 1.06481823359e-09, 1.13445586258e-09]
    },
    "erbbands": {
        "max": [0.0458212196827, 2.29472541809, 11.7881612778, 5.22100400925, 99.8656311035, 263.171234131, 54.9376564026, 212.509857178, 1488.28662109, 595.130432129, 268.962432861, 270.025634766, 269.424713135, 241.597869873, 116.098236084, 134.978683472, 195.230941772, 52.9493904114, 92.4901733398, 34.5477294922, 55.2382354736, 29.6302547455, 44.1271095276, 19.9623622894, 13.9806337357, 7.43283557892, 7.46630430222, 5.55505084991, 5.33711862564, 2.32409667969, 0.986452162266, 0.54290753603, 0.193440288305, 0.040300514549, 0.00637369323522, 0.000208389144973, 4.78886540805e-05, 1.20938739201e-05, 5.08821176481e-05, 0.000116918876301],
        "mean": [0.00107155623846, 0.043655321002, 0.343124330044, 0.342027336359, 4.35671138763, 10.2844467163, 3.96114754677, 10.7325820923, 84.7151489258, 32.6049995422, 12.8643655777, 17.3904495239, 12.3269319534, 19.4446048737, 6.49580621719, 13.0726661682, 12.7052459717, 6.21342802048, 8.99192142487, 4.62042236328, 4.97750091553, 4.27227067947, 3.4342341423, 2.39262127876, 1.45527851582, 0.86546009779, 0.652975380421, 0.474776178598, 0.32086122036, 0.180617064238, 0.092609077692, 0.0481236614287, 0.0216951444745, 0.00587828969583, 0.000846964365337, 3.18309175782e-05, 6.59195166008e-06, 1.55635314059e-06, 6.35568358121e-06, 1.44367695611e-05],
        "min": [3.67884740414e-22, 8.51960488013e-21, 3.01650474296e-20, 4.44612002628e-20, 1.87324937106e-19, 1.48213769793e-19, 1.99277774505e-19, 9.07795256908e-19, 6.19874261796e-19, 2.5739030154e-19, 8.24439542798e-19, 2.81911073012e-18, 5.40987535702e-18, 6.82675344185e-18, 4.29479825458e-18, 8.3990835792e-18, 7.29225305388e-18, 5.04624965488e-18, 4.48421723818e-18, 1.12039239962e-17, 8.075634453e-18, 1.42970988952e-17, 1.54514526011e-17, 6.94333751816e-18, 8.04176140691e-18, 1.04054730207e-17, 1.80344266342e-17, 3.02696091077e-17, 2.58503817959e-17, 2.34769077966e-17, 1.89920470119e-17, 1.45477395839e-17, 1.30005404343e-17, 1.40146448402e-17, 8.40451401992e-18, 5.80954917667e-18, 3.30014913675e-18, 1.46961663915e-18, 2.89292874158e-19, 3.35108411422e-20],
        "stdev": [0.00341578270309, 0.201158732176, 1.27219939232, 0.5858476758, 10.978518486, 27.7242698669, 6.97284793854, 23.5603294373, 191.897460938, 82.9821853638, 26.4388904572, 35.4276428223, 22.9078025818, 34.1144599915, 9.44144535065, 17.0224094391, 22.2428379059, 6.94211816788, 11.431634903, 5.20294904709, 5.94291400909, 4.72314548492, 5.0695066452, 3.28696107864, 2.10457634926, 1.19050836563, 1.05138909817, 0.870166957378, 0.606895625591, 0.28109806776, 0.139697000384, 0.0691498294473, 0.0295948367566, 0.00597362732515, 0.000620762526523, 2.32990569202e-05, 7.77443074185e-06, 1.8806360913e-06, 9.29131783778e-06, 2.15621039388e-05]
    },
    "gfcc": {
        "mean": [-141.320861816, 147.50138855, -171.981155396, 18.7949867249, -75.9128265381, 3.28036999702, -39.2781333923, -13.1798553467, -10.4548149109, -18.7806968689, 3.86348628998, -18.7079353333, 3.4391169548],
        "cov": [[8691.60644531, 1322.99353027, -1368.57739258, -377.999664307, -480.260253906, -1309.56616211, 154.880599976, -500.300262451, 284.265411377, -398.997924805, 74.5874862671, -91.7342910767, -103.307151794], [1322.99353027, 988.132751465, 495.856903076, -192.485137939, 59.4192810059, -380.910644531, 28.8101062775, -130.147323608, -25.8349475861, -58.8810501099, 49.0807991028, -47.5959625244, -81.1906890869], [-1368.57739258, 495.856903076, 1174.76879883, 27.4282131195, 62.8439292908, 103.124443054, -37.5146446228, 10.025844574, -126.229820251, 106.291763306, 27.1814956665, -10.3346557617, -44.9345664978], [-377.999664307, -192.485137939, 27.4282131195, 208.503738403, -18.418598175, 148.239089966, -25.193365097, 49.9440345764, -41.8314704895, 7.44055700302, -28.9709663391, 3.24389410019, 20.6233177185], [-480.260253906, 59.4192810059, 62.8439292908, -18.418598175, 198.547042847, 69.2210235596, 17.737159729, 36.6163825989, -7.05671358109, 8.47780990601, 4.49987363815, -11.7134275436, -10.1663017273], [-1309.56616211, -380.910644531, 103.124443054, 148.239089966, 69.2210235596, 626.071533203, -52.3790740967, 111.091697693, -39.7579269409, 104.469184875, -6.63911628723, 13.6083917618, 67.1287689209], [154.880599976, 28.8101062775, -37.5146446228, -25.193365097, 17.737159729, -52.3790740967, 84.6587753296, -2.09656906128, 22.6498088837, -10.0096921921, 8.63125133514, 2.34329175949, -10.5630683899], [-500.300262451, -130.147323608, 10.025844574, 49.9440345764, 36.6163825989, 111.091697693, -2.09656906128, 107.625312805, -4.74460268021, 23.2904663086, -11.5334510803, 12.1467666626, 16.3149433136], [284.265411377, -25.8349475861, -126.229820251, -41.8314704895, -7.05671358109, -39.7579269409, 22.6498088837, -4.74460268021, 79.3565216064, 5.76995038986, 11.0142993927, 10.1341123581, -1.65470314026], [-398.997924805, -58.8810501099, 106.291763306, 7.44055700302, 8.47780990601, 104.469184875, -10.0096921921, 23.2904663086, 5.76995038986, 82.3252182007, 28.1682891846, 7.83345603943, -2.21278810501], [74.5874862671, 49.0807991028, 27.1814956665, -28.9709663391, 4.49987363815, -6.63911628723, 8.63125133514, -11.5334510803, 11.0142993927, 28.1682891846, 62.9632720947, 12.1979017258, -14.0737352371], [-91.7342910767, -47.5959625244, -10.3346557617, 3.24389410019, -11.7134275436, 13.6083917618, 2.34329175949, 12.1467666626, 10.1341123581, 7.83345603943, 12.1979017258, 41.6968307495, 16.1877288818], [-103.307151794, -81.1906890869, -44.9345664978, 20.6233177185, -10.1663017273, 67.1287689209, -10.5630683899, 16.3149433136, -1.65470314026, -2.21278810501, -14.0737352371, 16.1877288818, 45.5118560791]],
        "icov": [[0.00117942551151, -0.00301323598251, 0.0022618107032, -0.00142722669989, 0.00280297268182, -0.000237420594203, -0.000574569217861, 0.0011343092192, -0.00207011541352, 0.000705006939825, -0.000769740319811, 0.000995339360088, -1.51294598254e-05], [-0.00301323598251, 0.0110024670139, -0.0076120775193, 0.00505443150178, -0.00809743069112, 0.00181775831152, 0.0016987019917, -0.00165262271184, 0.00449127424508, 0.00180600001477, -0.000955238647293, 0.000273825571639, -0.000662744510919], [0.0022618107032, -0.0076120775193, 0.006709524896, -0.00334708183073, 0.00557000748813, -0.000992505578324, -0.00123575620819, 0.00180557731073, -0.00101553252898, -0.00291961547919, 0.000759381393436, -0.000436962698586, 0.00168109126389], [-0.00142722669989, 0.00505443150178, -0.00334708183073, 0.00972004979849, -0.00215080589987, -0.00080680049723, 0.000931408372708, -0.00309128314257, 0.00530238589272, 0.00146721140482, 0.00198717671447, -0.00113147404045, 0.00138295011129], [0.00280297268182, -0.00809743069112, 0.00557000748813, -0.00215080589987, 0.0134535394609, -0.00218538194895, -0.00287456042133, -0.000341973616742, -0.00437981914729, 0.00259399786592, -0.00182722590398, 0.00346563383937, 0.00224424246699], [-0.000237420594203, 0.00181775831152, -0.000992505578324, -0.00080680049723, -0.00218538194895, 0.0041175163351, 0.000862917804625, -0.000765935808886, 0.00099578499794, -0.00322834169492, -0.00111013243441, 0.00232899142429, -0.00528942653909], [-0.000574569217861, 0.0016987019917, -0.00123575620819, 0.000931408372708, -0.00287456042133, 0.000862917804625, 0.0145338652655, -0.00147615361493, -0.0026681937743, 0.0021869589109, -0.00142433017027, -0.00134844181594, 0.00212003826164], [0.0011343092192, -0.00165262271184, 0.00180557731073, -0.00309128314257, -0.000341973616742, -0.000765935808886, -0.00147615361493, 0.0156068131328, -0.00229614297859, -0.00171345903073, 0.00226871250197, -0.00255091791041, -0.00063182140002], [-0.00207011541352, 0.00449127424508, -0.00101553252898, 0.00530238589272, -0.00437981914729, 0.00099578499794, -0.0026681937743, -0.00229614297859, 0.024441042915, -0.00869156699628, 0.00348170846701, -0.00678315432742, 0.00161992863286], [0.000705006939825, 0.00180600001477, -0.00291961547919, 0.00146721140482, 0.00259399786592, -0.00322834169492, 0.0021869589109, -0.00171345903073, -0.00869156699628, 0.0299626067281, -0.0133772976696, 0.00404829205945, 0.00330181885511], [-0.000769740319811, -0.000955238647293, 0.000759381393436, 0.00198717671447, -0.00182722590398, -0.00111013243441, -0.00142433017027, 0.00226871250197, 0.00348170846701, -0.0133772976696, 0.0291222091764, -0.0142264775932, 0.0100251520053], [0.000995339360088, 0.000273825571639, -0.000436962698586, -0.00113147404045, 0.00346563383937, 0.00232899142429, -0.00134844181594, -0.00255091791041, -0.00678315432742, 0.00404829205945, -0.0142264775932, 0.0394184552133, -0.0176999717951], [-1.51294598254e-05, -0.000662744510919, 0.00168109126389, 0.00138295011129, 0.00224424246699, -0.00528942653909, 0.00212003826164, -0.00063182140002, 0.00161992863286, 0.00330181885511, 0.0100251520053, -0.0176999717951, 0.040425453335]]
    },
    "melbands": {
        "max": [0.0011688277591, 0.00468310248107, 0.00285153812729, 0.0116497967392, 0.00325173605233, 0.00689218007028, 0.0191005244851, 0.00529251853004, 0.00298938318156, 0.00146235595457, 0.00154109101277, 0.00107848993503, 0.000342729588738, 0.000464674056275, 0.000570494972635, 0.000600242405199, 0.000115573828225, 0.000215383726754, 7.42585179978e-05, 5.71584132558e-05, 6.61176236463e-05, 3.60534831998e-05, 5.56987906748e-05, 3.0805622373e-05, 1.7423339159e-05, 1.38031000461e-05, 1.63874483405e-05, 6.44335705147e-06, 5.02077227793e-06, 3.82944836019e-06, 3.30849888996e-06, 3.84768645745e-06, 1.6497389197e-06, 1.051257982e-06, 6.0796054413e-07, 3.73404077436e-07, 2.83909827203e-07, 1.62857233477e-07, 7.26044362409e-08, 2.45907187946e-08],
        "mean": [2.09307945624e-05, 0.000130279018776, 0.000140255157021, 0.000626535154879, 0.000172528918483, 0.00028638591175, 0.00125791679602, 0.000265325506916, 0.00012091051758, 9.77696763584e-05, 6.42298473394e-05, 8.80348379724e-05, 2.00124304683e-05, 2.65658818535e-05, 4.14280038967e-05, 2.00368158403e-05, 1.12720463221e-05, 1.68909828062e-05, 6.92374487699e-06, 6.43187877358e-06, 5.44807198821e-06, 4.27138502346e-06, 4.29367219112e-06, 2.25924122788e-06, 1.94128983821e-06, 1.18467994525e-06, 9.10771461804e-07, 4.85028181174e-07, 4.28675207331e-07, 3.37670115869e-07, 2.49975954603e-07, 1.97017797632e-07, 1.28280746026e-07, 8.93754616982e-08, 5.72214702288e-08, 3.66194896628e-08, 2.61372115062e-08, 1.71397687154e-08, 8.20350454234e-09, 3.81655640425e-09],
        "min": [6.22806315761e-24, 1.42911224881e-23, 1.31584128915e-23, 1.16659290796e-23, 7.55284934056e-24, 1.85492895249e-23, 8.44873579366e-24, 3.09413354855e-24, 5.96593177855e-24, 2.19641342772e-23, 2.95536072742e-23, 3.09217318975e-23, 9.4288670694e-24, 2.68497738997e-23, 2.1594179023e-23, 1.17706124995e-23, 9.12331678612e-24, 5.56748326292e-24, 1.31018215879e-23, 1.34378999994e-23, 8.55832513947e-24, 1.48044784554e-23, 1.34486900388e-23, 1.13498041159e-23, 4.76483504123e-24, 5.70440308923e-24, 6.71983904592e-24, 6.53257017234e-24, 7.54990215622e-24, 1.88355561033e-23, 1.72652811398e-23, 1.48486530883e-23, 1.27417428723e-23, 1.37871965641e-23, 1.01366054634e-23, 1.12194827166e-23, 8.09030343074e-24, 9.06095180954e-24, 9.12709621872e-24, 1.28335883698e-23],
        "stdev": [9.2605863756e-05, 0.000493844971061, 0.000298348313663, 0.00153445068281, 0.000357704673661, 0.000713336688932, 0.00279210717417, 0.00071776896948, 0.000281781627564, 0.000195771921426, 0.000128222221974, 0.000156462265295, 3.03629949485e-05, 4.28624116466e-05, 6.11915820627e-05, 4.88986588607e-05, 1.3652481357e-05, 2.2284233637e-05, 1.01371479104e-05, 7.42553675082e-06, 7.41281428418e-06, 5.05242951476e-06, 6.09871858614e-06, 3.75905165129e-06, 2.77943263427e-06, 1.81498683105e-06, 1.61154150646e-06, 6.84803296735e-07, 6.85569204961e-07, 5.80087657909e-07, 4.87103477553e-07, 3.97915130179e-07, 2.18272049324e-07, 1.35169713644e-07, 8.61577262867e-08, 5.75325138641e-08, 3.71888653206e-08, 2.40547688435e-08, 1.02093560272e-08, 3.45170669824e-09]
    },
    "melbands128": {
        "max": [2.42450769292e-05, 5.95216952206e-05, 0.000791405560449, 0.00486230570823, 0.0070860190317, 0.00345463911071, 0.00128261931241, 0.00125912786461, 0.0110758719966, 0.0162870567292, 0.01963737607, 0.00348681258038, 0.00225855363533, 0.00442637549713, 0.00210018409416, 0.00871342606843, 0.0388342440128, 0.0359388738871, 0.0217126365751, 0.00467392196879, 0.00309780426323, 0.0021835505031, 0.00404264032841, 0.00580985937268, 0.00345021788962, 0.00104750716127, 0.000505218922626, 0.000933153962251, 0.00434877444059, 0.00215813145041, 0.000903063337319, 0.000815701554529, 0.000360436853953, 0.000509397417773, 0.000774083135184, 0.000636522076093, 0.000550846627448, 0.00127267395146, 0.000860696018208, 0.000662677222863, 0.000972222478595, 7.96378735686e-05, 0.000101450852526, 0.000146279955516, 0.000687690451741, 0.000188300575246, 0.00029077756335, 0.000101005309261, 6.32728988421e-05, 7.47103840695e-05, 0.000104553255369, 5.32267258677e-05, 0.0001578895899, 0.0001128947697, 5.66088056075e-05, 7.09525338607e-05, 3.9581056626e-05, 0.000106692481495, 0.000133888810524, 5.81848580623e-05, 6.34091993561e-05, 3.46978158632e-05, 2.2825999622e-05, 3.56737909897e-05, 5.31186706212e-05, 1.76685480255e-05, 1.65290894074e-05, 3.32955460181e-05, 1.99217611225e-05, 7.34873583497e-06, 3.64472225556e-06, 1.40250776894e-05, 8.89439888851e-06, 1.00459556052e-05, 9.58499276749e-06, 5.42145744475e-06, 4.51044797956e-06, 7.08342804501e-06, 3.13436703436e-06, 5.5818495639e-06, 6.19530010226e-06, 3.04097511616e-06, 2.39292580773e-06, 2.48848573392e-06, 3.20369258588e-06, 1.39141400268e-06, 1.02389674339e-06, 6.42760085157e-07, 8.74541626672e-07, 6.39189977392e-07, 8.70524672791e-07, 3.79313291887e-07, 8.02076101536e-07, 2.39562893967e-07, 4.66236059538e-07, 1.38672618277e-07, 2.3127783777e-07, 2.05099354389e-07, 8.40026928017e-08, 6.0211817754e-08, 5.06466264483e-08, 3.01301312788e-08, 4.02021704815e-08, 2.60661963125e-08, 1.56511448246e-09, 8.06893232785e-11, 7.74406164195e-11, 7.42216357819e-11, 7.1298945914e-11, 6.84961046216e-11, 6.58348583982e-11, 6.33654170801e-11, 6.11759809477e-11, 5.91722018606e-11, 5.70406222256e-11, 5.51994248921e-11, 5.35813927949e-11, 5.19635584562e-11, 5.05493320813e-11, 4.91942632463e-11, 4.80902401234e-11, 4.70803847297e-11, 4.61546321995e-11, 4.52920305427e-11, 4.47146659976e-11, 4.41825118158e-11, 4.38647972112e-11, 4.35907872298e-11],
        "mean": [1.31296974359e-06, 4.41828842668e-06, 1.01674622783e-05, 8.60916552483e-05, 0.00018916920817, 0.000126093917061, 4.78010297229e-05, 3.71567621187e-05, 0.000361996790161, 0.000985119491816, 0.000595903547946, 0.000118234034744, 9.82365236268e-05, 0.000158939044923, 0.000101235273178, 0.000217790206079, 0.00130042759702, 0.00174531503581, 0.000934248091653, 0.000158960407134, 6.08616392128e-05, 6.29229471087e-05, 0.000112978581456, 0.000210926198633, 0.000134249552502, 5.00916357851e-05, 1.66500813066e-05, 3.88988519262e-05, 0.000137226234074, 0.000122311641462, 6.74682014505e-05, 2.70404761977e-05, 1.16799919851e-05, 1.7258378648e-05, 2.63740057562e-05, 1.9862625777e-05, 4.03851372539e-05, 5.5635235185e-05, 3.37381679856e-05, 2.4840426704e-05, 1.94382555492e-05, 6.59942179482e-06, 6.06576577411e-06, 1.17169402074e-05, 3.20269318763e-05, 1.20578242786e-05, 1.06301258711e-05, 7.34388504497e-06, 4.92961589771e-06, 5.02646844325e-06, 7.53071935833e-06, 6.5715216806e-06, 6.16616716798e-06, 5.15769261256e-06, 3.78739673579e-06, 4.01951592721e-06, 3.94235212298e-06, 6.33072204437e-06, 3.37887672686e-06, 3.04374725602e-06, 2.08461869988e-06, 1.75548336756e-06, 1.96642213268e-06, 2.15727936848e-06, 1.75807110736e-06, 1.0458431916e-06, 8.03729733434e-07, 1.17870968097e-06, 8.85349152213e-07, 6.25248105734e-07, 3.74647925128e-07, 5.66394191992e-07, 4.35197847537e-07, 3.98094613274e-07, 4.19864278456e-07, 3.15344976798e-07, 3.27630914398e-07, 3.05079055352e-07, 2.01875593575e-07, 2.57951143112e-07, 1.9956210906e-07, 1.9303823251e-07, 1.35786450528e-07, 1.31569052542e-07, 1.1404661393e-07, 8.34426145957e-08, 9.58442569754e-08, 6.52091856068e-08, 6.33363370639e-08, 3.81057212451e-08, 4.46900720874e-08, 3.16327763983e-08, 3.32309042506e-08, 2.47197995407e-08, 2.57290242445e-08, 1.79246182341e-08, 1.68656235644e-08, 1.24803269941e-08, 8.56111270764e-09, 5.86603698949e-09, 4.69602268183e-09, 3.46031114873e-09, 2.73316658195e-09, 2.00362104685e-09, 2.7422353277e-10, 3.60023317582e-12, 3.37997034874e-12, 3.24842084655e-12, 3.12552696398e-12, 3.00182795288e-12, 2.88462526435e-12, 2.77864732091e-12, 2.6822034177e-12, 2.59545748608e-12, 2.51869271967e-12, 2.4498281008e-12, 2.37978777309e-12, 2.30629859828e-12, 2.24894495388e-12, 2.1962388505e-12, 2.14937052531e-12, 2.10931337501e-12, 2.06719559005e-12, 2.03078092537e-12, 2.01157515124e-12, 1.99295506313e-12, 1.97468148604e-12, 1.96352808145e-12],
        "min": [2.72110173685e-24, 1.51304606305e-24, 6.57953342861e-24, 1.7112379386e-23, 1.73442114066e-23, 1.15287122472e-23, 5.54546970493e-24, 1.49894205837e-23, 2.42564820262e-23, 7.54219814062e-24, 8.17731794402e-24, 7.14831910178e-24, 2.61296448675e-24, 1.26842995989e-23, 2.81753284332e-23, 1.55435985251e-23, 1.04810489559e-23, 9.53179290715e-24, 2.5336259845e-24, 1.1493495327e-24, 4.13070289168e-24, 6.57138094559e-24, 8.40588329156e-24, 1.54470403725e-24, 8.95969914577e-24, 3.77962444789e-23, 3.63107941508e-23, 7.25561128464e-24, 5.03461505785e-23, 4.28736940528e-23, 2.41575888454e-23, 7.47123063587e-24, 3.96087336613e-24, 1.20718074817e-23, 2.99983954515e-23, 3.75263152098e-23, 8.8204872841e-24, 2.25470709317e-23, 3.24898485376e-23, 8.02317294542e-24, 8.94704897229e-24, 1.24007088366e-23, 1.0035714098e-23, 6.66830355184e-24, 5.22758005937e-24, 3.75113655067e-24, 8.92785677533e-24, 1.03797268724e-23, 1.49865175756e-23, 2.14700801586e-23, 1.29029828859e-23, 5.79367492799e-24, 8.79123001085e-24, 9.88558282365e-24, 8.64750270936e-24, 1.74711785692e-23, 2.08410929599e-23, 3.09737911952e-24, 1.6513236373e-23, 2.21939531247e-23, 7.21260968784e-24, 7.28160661805e-24, 7.85982194006e-24, 1.66003136008e-24, 3.71148524613e-24, 8.80167137379e-24, 3.41182380951e-24, 6.41075190477e-24, 6.93007757691e-24, 8.8091876405e-24, 5.92131380575e-24, 6.17046802849e-24, 6.03138435672e-24, 4.89228656452e-24, 1.29569157282e-23, 1.94827470563e-23, 2.44256532474e-23, 1.2313617015e-23, 2.13780342905e-23, 1.64412749035e-23, 1.18575378715e-23, 1.52235939434e-23, 1.49181943326e-23, 1.33985815941e-23, 9.33314116514e-24, 1.47044004055e-23, 1.55757903609e-23, 1.26835304595e-23, 6.78773157087e-24, 1.09245694338e-23, 1.42228307996e-23, 1.01648032965e-23, 7.77062938181e-24, 8.80580342721e-24, 7.66970251759e-24, 7.4521757007e-24, 1.12500692205e-23, 8.3593578531e-24, 6.86655613024e-24, 1.0017361249e-23, 1.47590132459e-23, 1.26821830851e-23, 1.25026343987e-23, 7.86222244379e-24, 7.91018439797e-24, 1.06445317011e-23, 1.03941480386e-23, 7.13287714956e-24, 1.33294363581e-23, 9.1814968556e-24, 9.28787553753e-24, 6.55691402544e-24, 1.41094872647e-23, 1.05117443226e-23, 1.15644839338e-23, 9.63198691958e-24, 1.15753670588e-23, 1.52775078531e-23, 1.03325766561e-23, 1.01706408672e-23, 5.78851301666e-24, 8.12989083754e-24, 8.4077592028e-24, 1.08264808911e-23, 1.00130540685e-23, 1.1275400333e-23, 1.0872488048e-23, 1.17719109645e-23],
        "stdev": [2.06868253372e-06, 6.34162825008e-06, 4.86095123051e-05, 0.000421862932853, 0.000775892869569, 0.000374423601897, 0.000107301544631, 9.6235628007e-05, 0.00107293564361, 0.00243674428202, 0.00191419979092, 0.000348278466845, 0.00022597690986, 0.000357043551048, 0.000200223032152, 0.000775494845584, 0.00376419210806, 0.00427380669862, 0.00286989659071, 0.00051581725711, 0.000187534053111, 0.000175940163899, 0.000356200849637, 0.00058020465076, 0.000342124869348, 0.000120311211504, 3.76036259695e-05, 8.68087154231e-05, 0.000342584971804, 0.000271857716143, 0.000142553035403, 6.87192077748e-05, 2.26816191571e-05, 3.42990460922e-05, 6.82466779836e-05, 4.68769285362e-05, 6.62257007207e-05, 0.000111520486826, 8.73553799465e-05, 6.23756350251e-05, 7.29358944227e-05, 1.05214894575e-05, 1.02493013401e-05, 1.77078363777e-05, 5.96599966229e-05, 2.06952536246e-05, 2.63915826508e-05, 1.32973691507e-05, 8.17521595309e-06, 8.1034941104e-06, 1.19654150694e-05, 8.27914300316e-06, 1.30680728034e-05, 1.19079431897e-05, 6.63099217491e-06, 7.66404173191e-06, 5.258166766e-06, 1.18838861454e-05, 9.08462334337e-06, 6.21279650659e-06, 5.61195611226e-06, 3.48561593455e-06, 3.31269279741e-06, 4.26316955782e-06, 3.86661440643e-06, 1.89292165942e-06, 1.87173441191e-06, 2.5857007131e-06, 1.90443608972e-06, 1.0930531289e-06, 5.30926058673e-07, 1.10617554583e-06, 8.44316446091e-07, 8.57821646605e-07, 1.02945205072e-06, 6.34035188796e-07, 6.06854086982e-07, 8.30563180898e-07, 4.07205959618e-07, 6.41684664515e-07, 5.20992955444e-07, 4.19537002472e-07, 2.91031483357e-07, 2.60352010173e-07, 2.34805881405e-07, 1.42857999208e-07, 1.59970468872e-07, 9.21925007447e-08, 1.11206603037e-07, 6.58270877807e-08, 9.1972822247e-08, 5.23216208137e-08, 6.18535196395e-08, 3.72605093446e-08, 4.51787904865e-08, 2.46417926064e-08, 2.69215778559e-08, 2.00010799034e-08, 1.17118270637e-08, 7.10752701139e-09, 5.93005378136e-09, 3.13385206674e-09, 2.48551068616e-09, 1.74147962717e-09, 2.30525362688e-10, 8.33349621948e-12, 7.97308052913e-12, 7.62671002741e-12, 7.30776029967e-12, 7.01282174692e-12, 6.7449856464e-12, 6.48649970542e-12, 6.25318763783e-12, 6.03630513629e-12, 5.82572098201e-12, 5.63389916317e-12, 5.46516564642e-12, 5.30383159267e-12, 5.15267516155e-12, 5.02187440937e-12, 4.90422199378e-12, 4.78989764519e-12, 4.7008512534e-12, 4.62138530569e-12, 4.55503430113e-12, 4.4991922514e-12, 4.45904858176e-12, 4.43862264651e-12]
    },
    "mfcc": {
        "mean": [-755.664367676, 157.124694824, -30.1380290985, 4.18375205994, -12.2766332626, -1.86935901642, -12.2642946243, -3.41124796867, -11.2700510025, -5.5570640564, -5.10761165619, -0.676540255547, -5.3170375824],
        "cov": [[6343.57861328, 701.636108398, -1254.75830078, 384.188995361, -844.493103027, -473.648040771, -664.006713867, -63.5139083862, -219.058670044, -59.2097854614, -219.390396118, -28.9898986816, -38.2597465515], [701.636108398, 1325.60522461, 355.914001465, 253.581817627, -33.7685470581, -187.578231812, -33.1912307739, -91.1690597534, -115.353347778, -111.868392944, 40.1260147095, 20.7864246368, 13.631313324], [-1254.75830078, 355.914001465, 921.868591309, 38.2753143311, 137.375213623, 100.009147644, 153.594024658, -51.0514259338, -17.1320075989, -57.0731620789, 84.6277999878, -10.5011510849, 32.9143333435], [384.188995361, 253.581817627, 38.2753143311, 266.352813721, -73.8604736328, -135.287002563, -45.4468841553, -26.5574016571, -50.7176475525, -30.5951843262, -22.7151603699, -16.2540798187, 1.06666600704], [-844.493103027, -33.7685470581, 137.375213623, -73.8604736328, 225.177947998, 108.15410614, 112.088874817, 29.3437786102, 45.5032691956, 15.0959911346, 31.4873142242, 18.8522548676, -3.60695457458], [-473.648040771, -187.578231812, 100.009147644, -135.287002563, 108.15410614, 192.86706543, 92.7959289551, 24.9255390167, 44.2074165344, 25.6057929993, 26.2845020294, 5.41806459427, 7.87500524521], [-664.006713867, -33.1912307739, 153.594024658, -45.4468841553, 112.088874817, 92.7959289551, 147.325195312, 28.360458374, 22.4402599335, 14.4560413361, 28.2001647949, 13.4562177658, 7.55103302002], [-63.5139083862, -91.1690597534, -51.0514259338, -26.5574016571, 29.3437786102, 24.9255390167, 28.360458374, 65.4305953979, 36.9261627197, 9.03398513794, -4.375623703, 0.892805695534, 0.508061110973], [-219.058670044, -115.353347778, -17.1320075989, -50.7176475525, 45.5032691956, 44.2074165344, 22.4402599335, 36.9261627197, 80.5911560059, 18.5499401093, -2.85954809189, -1.75059604645, -1.9174311161], [-59.2097854614, -111.868392944, -57.0731620789, -30.5951843262, 15.0959911346, 25.6057929993, 14.4560413361, 9.03398513794, 18.5499401093, 64.4795913696, 4.88067388535, 3.56440830231, 3.17967271805], [-219.390396118, 40.1260147095, 84.6277999878, -22.7151603699, 31.4873142242, 26.2845020294, 28.2001647949, -4.375623703, -2.85954809189, 4.88067388535, 65.397064209, 26.1524429321, 11.0184688568], [-28.9898986816, 20.7864246368, -10.5011510849, -16.2540798187, 18.8522548676, 5.41806459427, 13.4562177658, 0.892805695534, -1.75059604645, 3.56440830231, 26.1524429321, 60.5119895935, 19.8628387451], [-38.2597465515, 13.631313324, 32.9143333435, 1.06666600704, -3.60695457458, 7.87500524521, 7.55103302002, 0.508061110973, -1.9174311161, 3.17967271805, 11.0184688568, 19.8628387451, 44.5331535339]],
        "icov": [[0.000960203120485, -0.000900117214769, 0.000807722215541, -0.000590543262661, 0.00247687939554, -0.00212493026629, 0.00259390473366, -0.00184804410674, 0.00122994778212, -0.000742855656426, 0.00137258961331, -0.00121724850032, 0.000984565820545], [-0.000900117214769, 0.00215316331014, -0.00111970002763, -4.89864532938e-06, -0.00273691280745, 0.00303099048324, -0.00242910161614, 0.00234270794317, -0.000632873503491, 0.00190265418496, -0.00188382214401, 0.00073277374031, -0.00100104603916], [0.000807722215541, -0.00111970002763, 0.00295973289758, -0.00106224894989, 0.00162864790764, -0.00257875304669, 0.000138010233059, 0.000877682352439, 0.000259617750999, 0.00138038222212, -0.00102366914507, 0.00138391321525, -0.0010222668061], [-0.000590543262661, -4.89864532938e-06, -0.00106224894989, 0.00735910795629, -0.00126069015823, 0.00579203851521, -0.00247907591984, 0.000611495983321, 0.000734253029805, 0.000161472024047, 0.0007875598385, 0.0021749434527, -0.00175483280327], [0.00247687939554, -0.00273691280745, 0.00162864790764, -0.00126069015823, 0.015256957151, -0.00766386743635, 0.00246510258876, -0.0052755898796, 0.000348972476786, -0.00229590456001, 0.00321048707701, -0.00565620744601, 0.00593276647851], [-0.00212493026629, 0.00303099048324, -0.00257875304669, 0.00579203851521, -0.00766386743635, 0.0180600453168, -0.00990835390985, 0.00508740730584, -0.00393797177821, 0.001298351679, -0.00410157488659, 0.00506861275062, -0.00468665594235], [0.00259390473366, -0.00242910161614, 0.000138010233059, -0.00247907591984, 0.00246510258876, -0.00990835390985, 0.0227751508355, -0.0115177072585, 0.00625105528161, -0.0049546151422, 0.00365341873839, -0.00554374279454, 0.0033424727153], [-0.00184804410674, 0.00234270794317, 0.000877682352439, 0.000611495983321, -0.0052755898796, 0.00508740730584, -0.0115177072585, 0.0291710309684, -0.0123256072402, 0.00491403508931, -0.00289982906543, 0.0040821461007, -0.00465973233804], [0.00122994778212, -0.000632873503491, 0.000259617750999, 0.000734253029805, 0.000348972476786, -0.00393797177821, 0.00625105528161, -0.0123256072402, 0.0223791915923, -0.0043277987279, 0.00383339030668, -0.00123474874999, 0.00172109110281], [-0.000742855656426, 0.00190265418496, 0.00138038222212, 0.000161472024047, -0.00229590456001, 0.001298351679, -0.0049546151422, 0.00491403508931, -0.0043277987279, 0.0214947462082, -0.00459652673453, 0.00269971764646, -0.00366413639858], [0.00137258961331, -0.00188382214401, -0.00102366914507, 0.0007875598385, 0.00321048707701, -0.00410157488659, 0.00365341873839, -0.00289982906543, 0.00383339030668, -0.00459652673453, 0.0257345885038, -0.0115111181512, 0.00215270766057], [-0.00121724850032, 0.00073277374031, 0.00138391321525, 0.0021749434527, -0.00565620744601, 0.00506861275062, -0.00554374279454, 0.0040821461007, -0.00123474874999, 0.00269971764646, -0.0115111181512, 0.0279326476157, -0.0126624619588], [0.000984565820545, -0.00100104603916, -0.0010222668061, -0.00175483280327, 0.00593276647851, -0.00468665594235, 0.0033424727153, -0.00465973233804, 0.00172109110281, -0.00366413639858, 0.00215270766057, -0.0126624619588, 0.0306516028941]]
    },
    "spectral_contrast_coeffs": {
        "max": [-0.378131061792, -0.472965210676, -0.578492999077, -0.670203328133, -0.686174571514, -0.658068418503],
        "mean": [-0.678450644016, -0.769610345364, -0.781973004341, -0.811379790306, -0.80979770422, -0.77749735117],
        "min": [-0.966823577881, -0.966715753078, -0.953465461731, -0.951038956642, -0.956191897392, -0.96159440279],
        "stdev": [0.0958233326674, 0.104200400412, 0.0731623247266, 0.0515030026436, 0.0476145148277, 0.0522738955915]
    },
    "spectral_contrast_valleys": {
        "max": [-6.55522727966, -5.43110609055, -6.24308395386, -6.53827095032, -7.45822572708, -10.853099823],
        "mean": [-8.23132514954, -7.12450122833, -7.77775812149, -8.22650814056, -8.77695465088, -11.936425209],
        "min": [-27.0467815399, -27.0298995972, -27.2709960938, -27.547088623, -27.329826355, -27.2338008881],
        "stdev": [1.1607542038, 1.27004051208, 1.19885623455, 1.25749480724, 1.16344213486, 0.814247250557]
    }
},
"rhythm": {
    "beats_count": 32,
    "beats_loudness": {
        "max": 0.0733518227935,
        "mean": 0.0131052387878,
        "min": 5.57788735023e-05,
        "stdev": 0.0192382633686
    },
    "bpm": 147.933685303,
    "bpm_histogram_first_peak_bpm": 148,
    "bpm_histogram_first_peak_weight": 0.550000011921,
    "bpm_histogram_second_peak_bpm": 167,
    "bpm_histogram_second_peak_spread": 0,
    "bpm_histogram_second_peak_weight": 0.290322571993,
    "danceability": 0.807927846909,
    "onset_rate": 1.48910236359,
    "beats_loudness_band_ratio": {
        "max": [0.510014176369, 0.759379029274, 0.883126080036, 0.53440284729, 0.395136624575, 0.088310085237],
        "mean": [0.135184124112, 0.275615036488, 0.310592830181, 0.230661794543, 0.116775393486, 0.017781438306],
        "min": [0.00537123624235, 0.00889148470014, 0.0635287836194, 0.0252884402871, 0.00345724122599, 0.000668482505716],
        "stdev": [0.127289623022, 0.20833607018, 0.241115286946, 0.151539176702, 0.123150676489, 0.0198693331331]
    },
    "beats_position": [0.325079351664, 0.673378646374, 1.03328800201, 1.39319729805, 1.75310659409, 2.11301589012, 2.47292518616, 2.83283448219, 3.1811337471, 3.54104304314, 3.90095233917, 4.26086139679, 4.67882061005, 5.08516979218, 5.4915189743, 5.89786815643, 6.29260778427, 6.6989569664, 7.10530614853, 7.50004529953, 7.91800451279, 8.33596324921, 8.73070240021, 9.14866161346, 9.56662082672, 9.97297000885, 10.379319191, 10.7856683731, 11.1920175552, 11.5867567062, 11.9814968109, 12.3762359619],
