{
"metadata": {
    "version": {
        "essentia": "2.1-beta5",
        "essentia_git_sha": "Undefined",
        "extractor": "music 2.0"
    },
    "audio_properties": {
        "analysis": {
            "equal_loudness": 0,
            "length": 32.4963264465,
            "sample_rate": 44100,
            "start_time": 77.7404098511,
            "downmix": "mix"
        },
        "bit_rate": 192000,
        "length": 213.043106079,
        "lossless": 0,
        "number_channels": 2,
        "replay_gain": -9.02562904358,
        "sample_rate": 48000,
        "codec": "mp3",
        "md5_encoded": "0b25642e40e671af9c3e99414b9b5d58"
    },
    "tags": {
        "file_name": "Denmark_Skibet Skal Sejle I Nat_Birthe Wilke _ Gustav Winckler.mp3",
        "encoding": ["Lavf58.29.100"]
    }
},
"lowlevel": {
    "average_loudness": 0.81835526228,
    "barkbands_crest": {
        "max": 26.8394985199,
        "mean": 14.2055187225,
        "min": 4.91349601746,
        "stdev": 4.82850265503
    },
    "barkbands_flatness_db": {
        "max": 0.535348296165,
        "mean": 0.311923384666,
        "min": 0.0868975371122,
        "stdev": 0.0680797919631
    },
    "barkbands_kurtosis": {
        "max": 486.338531494,
        "mean": 20.2949085236,
        "min": -1.55678224564,
        "stdev": 32.6943740845
    },
    "barkbands_skewness": {
        "max": 19.8704872131,
        "mean": 2.19318819046,
        "min": -2.32105064392,
        "stdev": 1.90101408958
    },
    "barkbands_spread": {
        "max": 55.7517623901,
        "mean": 4.77217197418,
        "min": 0.169568121433,
        "stdev": 5.14584732056
    },
    "dissonance": {
        "max": 0.499661564827,
        "mean": 0.387730121613,
        "min": 0.196240708232,
        "stdev": 0.0654905736446
    },
    "dynamic_complexity": 4.15663194656,
    "erbbands_crest": {
        "max": 32.8107566833,
        "mean": 15.4344844818,
        "min": 3.21122837067,
        "stdev": 6.81016683578
    },
    "erbbands_flatness_db": {
        "max": 0.483274132013,
        "mean": 0.276739835739,
        "min": 0.113356135786,
        "stdev": 0.0632717683911
    },
    "erbbands_kurtosis": {
        "max": 242.975952148,
        "mean": 13.3231229782,
        "min": -1.80080318451,
        "stdev": 25.0524864197
    },
    "erbbands_skewness": {
        "max": 11.2292556763,
        "mean": 2.20000267029,
        "min": -1.1722458601,
        "stdev": 1.78831660748
    },
    "erbbands_spread": {
        "max": 158.323577881,
        "mean": 18.519235611,
        "min": 0.499107927084,
        "stdev": 19.0268497467
    },
    "hfc": {
        "max": 40.2512168884,
        "mean": 5.71841526031,
        "min": 0.0317446030676,
        "stdev": 6.12970399857
    },
    "loudness_ebu128": {
        "integrated": -16.98396492,
        "loudness_range": 3.53002643585,
        "momentary": {
            "max": -11.1069498062,
            "mean": -18.6063938141,
            "min": -40.7649688721,
            "stdev": 4.29325342178
        },
        "short_term": {
            "max": -14.8581771851,
            "mean": -17.2989311218,
            "min": -21.2346897125,
            "stdev": 1.22494256496
        }
    },
    "melbands_crest": {
        "max": 33.1408157349,
        "mean": 16.8110370636,
        "min": 5.87371826172,
        "stdev": 5.5907330513
    },
    "melbands_flatness_db": {
        "max": 0.598408401012,
        "mean": 0.376884847879,
        "min": 0.105236083269,
        "stdev": 0.0779432058334
    },
    "melbands_kurtosis": {
        "max": 298.406616211,
        "mean": 23.7890644073,
        "min": -1.2352206707,
        "stdev": 32.0126571655
    },
    "melbands_skewness": {
        "max": 12.8932533264,
        "mean": 2.40463638306,
        "min": -2.05490803719,
        "stdev": 2.08686876297
    },
    "melbands_spread": {
        "max": 59.8128814697,
        "mean": 5.30218744278,
        "min": 0.247715130448,
        "stdev": 5.2342247963
    },
    "pitch_salience": {
        "max": 0.853858172894,
        "mean": 0.502958655357,
        "min": 0.0494277216494,
        "stdev": 0.145999729633
    },
    "silence_rate_20dB": {
        "max": 1,
        "mean": 1,
        "min": 1,
        "stdev": 0
    },
    "silence_rate_30dB": {
        "max": 1,
        "mean": 0.998572468758,
        "min": 0,
        "stdev": 0.0377559289336
    },
    "silence_rate_60dB": {
        "max": 1,
        "mean": 0.136331185699,
        "min": 0,
        "stdev": 0.343139022589
    },
    "spectral_centroid": {
        "max": 2707.70703125,
        "mean": 409.390716553,
        "min": 125.623908997,
        "stdev": 223.14251709
    },
    "spectral_complexity": {
        "max": 13,
        "mean": 5.98358297348,
        "min": 0,
        "stdev": 2.33776283264
    },
    "spectral_decrease": {
        "max": -9.12987394019e-12,
        "mean": -4.99328667303e-09,
        "min": -2.8978833555e-08,
        "stdev": 4.92808238661e-09
    },
    "spectral_energy": {
        "max": 0.113023653626,
        "mean": 0.0193644780666,
        "min": 3.78312870453e-05,
        "stdev": 0.0191211011261
    },
    "spectral_energyband_high": {
        "max": 0.000179266920895,
        "mean": 8.87165060703e-06,
        "min": 8.18810974579e-08,
        "stdev": 1.95981319848e-05
    },
    "spectral_energyband_low": {
        "max": 0.081996768713,
        "mean": 0.00360125117004,
        "min": 3.27063753502e-06,
        "stdev": 0.00564528722316
    },
    "spectral_energyband_middle_high": {
        "max": 0.0114717390388,
        "mean": 0.000412293156842,
        "min": 3.97150051867e-06,
        "stdev": 0.000870637246408
    },
    "spectral_energyband_middle_low": {
        "max": 0.112293131649,
        "mean": 0.0161885209382,
        "min": 2.05326105061e-05,
        "stdev": 0.0185346845537
    },
    "spectral_entropy": {
        "max": 8.10238456726,
        "mean": 6.09659767151,
        "min": 3.68226385117,
        "stdev": 0.715956151485
    },
    "spectral_flux": {
        "max": 0.236507177353,
        "mean": 0.0460235364735,
        "min": 0.00402340386063,
        "stdev": 0.0309517066926
    },
    "spectral_kurtosis": {
        "max": 84.2679519653,
        "mean": 18.3095283508,
        "min": -0.978153705597,
        "stdev": 13.7148342133
    },
    "spectral_rms": {
        "max": 0.0105008082464,
        "mean": 0.0038602007553,
        "min": 0.000192116043763,
        "stdev": 0.00199775327928
    },
    "spectral_rolloff": {
        "max": 5749.36523438,
        "mean": 421.50302124,
        "min": 107.666015625,
        "stdev": 325.729614258
    },
    "spectral_skewness": {
        "max": 7.40950584412,
        "mean": 3.12997102737,
        "min": -0.00602110568434,
        "stdev": 1.20586514473
    },
    "spectral_spread": {
        "max": 12492491,
        "mean": 2691491,
        "min": 914693.6875,
        "stdev": 1330325.875
    },
    "spectral_strongpeak": {
        "max": 5.09273195267,
        "mean": 0.88715159893,
        "min": 0.00444168224931,
        "stdev": 0.876312255859
    },
    "zerocrossingrate": {
        "max": 0.11962890625,
        "mean": 0.019593635574,
        "min": 0.00390625,
        "stdev": 0.0121580502018
    },
    "barkbands": {
        "max": [5.82288012083e-05, 0.0670745894313, 0.0186968203634, 0.0419301688671, 0.0837530940771, 0.112051092088, 0.0480609685183, 0.0281127262861, 0.00896699819714, 0.0221792887896, 0.0027267858386, 0.00284565519542, 0.00187825330067, 0.000551552628167, 0.000499815621879, 0.000426092854468, 0.000374284281861, 0.000184804099263, 0.000165187040693, 0.000112296380394, 6.63629543851e-05, 6.22982042842e-05, 0.000104344224383, 8.56977057992e-05, 1.40357115015e-05, 1.42025407968e-06, 1.49986647102e-06],
        "mean": [3.08948483507e-06, 0.00152223161422, 0.00128786137793, 0.00218911422417, 0.00481914216653, 0.00738261826336, 0.000903597509023, 0.000463064352516, 0.000290981784929, 0.000235314713791, 8.57231279952e-05, 6.47081251373e-05, 2.84733650915e-05, 1.30472244564e-05, 1.32996028697e-05, 1.12429379442e-05, 1.86304841918e-05, 1.34366646307e-05, 8.03960847406e-06, 3.3197538869e-06, 2.31827266362e-06, 1.68214171481e-06, 1.9964038529e-06, 1.32936554564e-06, 2.42531825734e-07, 1.55564816584e-09, 1.64554159188e-09],
        "min": [4.23284296502e-09, 5.55371684641e-07, 5.08726998305e-07, 5.33992647433e-07, 4.82753694087e-06, 3.09296865453e-06, 8.06361072136e-07, 1.91203184841e-07, 1.12350775794e-07, 9.56287067311e-08, 2.45987283876e-08, 3.7937343933e-08, 6.70603057529e-08, 6.13019821571e-08, 1.55467972718e-07, 5.63635147444e-08, 4.16468033393e-08, 5.57281047975e-08, 4.03699438323e-08, 4.50436132837e-08, 3.22726272373e-08, 8.65728111421e-09, 6.09828587628e-09, 5.42922462543e-09, 5.58771162673e-09, 1.54854670753e-11, 1.90497236041e-11],
        "stdev": [4.24426389145e-06, 0.00387270678766, 0.00217559444718, 0.00495420675725, 0.00768068851903, 0.0146681796759, 0.00290958653204, 0.00172367796768, 0.000860102591105, 0.00118929101154, 0.000204344905796, 0.000211210892303, 0.000127308696392, 4.15776194131e-05, 2.59150765487e-05, 2.95361205644e-05, 3.69328954548e-05, 2.70119180641e-05, 1.43450124597e-05, 5.7741508499e-06, 5.60405442229e-06, 5.09272695126e-06, 7.72947714722e-06, 4.93902689414e-06, 6.24027563845e-07, 3.79287641294e-08, 4.00549815538e-08]
    },
    "erbbands": {
        "max": [0.539557099342, 18.7272548676, 31.8171863556, 72.9985961914, 212.74899292, 457.095092773, 933.054382324, 1429.94348145, 982.827331543, 259.16607666, 584.767272949, 182.033370972, 918.266540527, 147.112915039, 99.9217300415, 129.392700195, 74.9641799927, 32.1501274109, 20.901506424, 21.8069038391, 16.3643188477, 22.2572174072, 10.8465232849, 8.13104724884, 6.90963697433, 5.83149909973, 3.52967715263, 3.1747918129, 2.0231821537, 2.40377235413, 3.21859359741, 3.05243062973, 1.33989500999, 0.272171646357, 0.0130467861891, 0.00570741668344, 0.00262716575526, 0.000931745162234, 0.000217583670747, 0.000125518476125],
        "mean": [0.0160176120698, 0.440523535013, 1.55647540092, 4.29020595551, 14.1049728394, 14.7138710022, 34.1902542114, 64.7997741699, 25.7015914917, 7.14125108719, 11.0501527786, 6.60629272461, 8.91185665131, 4.16622447968, 2.80176329613, 2.82641482353, 1.54042804241, 0.674652695656, 0.607226788998, 0.794859290123, 0.613601982594, 1.08562195301, 0.781342625618, 0.602472364902, 0.280520021915, 0.137619450688, 0.101145789027, 0.0855715125799, 0.0593942739069, 0.0541964508593, 0.0610408261418, 0.0364773832262, 0.0177506599575, 0.00495461840183, 0.000679437594954, 3.29998583766e-05, 9.41277266975e-06, 1.93637765733e-06, 9.1714955488e-06, 2.14088559005e-05],
        "min": [1.68389215105e-05, 0.000173662920133, 0.000516262371093, 0.00128795858473, 0.00793539825827, 0.0108451517299, 0.0155299408361, 0.0201730802655, 0.0128550771624, 0.017647748813, 0.00909233093262, 0.0022594826296, 0.00253624725156, 0.0025577780325, 0.00107766198926, 0.00178717030212, 0.00337108271196, 0.00309755001217, 0.00354053359479, 0.0123230526224, 0.00443614646792, 0.00301360106096, 0.00285830930807, 0.003662138246, 0.00174644950312, 0.00198198272847, 0.00190424267203, 0.000745461555198, 0.000342702638591, 0.000266325398115, 0.000196579218027, 8.46780239954e-05, 0.000120523713122, 8.03575094324e-05, 2.86316244456e-05, 6.25013717581e-06, 6.4254300014e-07, 1.04173217608e-07, 4.32862208299e-08, 5.1461956474e-08],
        "stdev": [0.0352783128619, 1.08117604256, 2.7166287899, 8.38469314575, 21.4229640961, 32.0197486877, 91.6339416504, 148.898986816, 71.5239028931, 20.7225227356, 36.8139610291, 17.7784252167, 47.857875824, 11.3904800415, 7.2000784874, 9.35490512848, 5.91018152237, 1.86748802662, 1.47411322594, 1.50617146492, 1.17340171337, 2.04247641563, 1.48881649971, 1.09104442596, 0.553757846355, 0.250183463097, 0.219936728477, 0.23748396337, 0.182276397943, 0.171764850616, 0.24777187407, 0.151921972632, 0.0617572665215, 0.0137539384887, 0.000793061219156, 0.000153840795974, 7.02491015545e-05, 2.48783871939e-05, 1.04282735265e-05, 2.11003389268e-05]
    },
    "gfcc": {
        "mean": [-155.869064331, 181.812438965, -98.7811584473, 35.3756065369, -65.2537384033, -9.20916748047, -40.3474960327, -10.9729833603, -12.5711784363, -26.8775653839, 5.834877491, -17.0625228882, 9.75072097778],
        "cov": [[1516.52197266, 567.90234375, -148.572250366, -278.993041992, 201.783050537, -332.704406738, 172.392318726, -2.26364159584, 18.9005279541, -152.629669189, 82.9175872803, -12.249669075, -93.1877670288], [567.90234375, 627.377929688, 58.6222114563, -316.47769165, 275.539916992, -222.773727417, 124.283996582, 70.7093658447, 21.8759384155, -33.9145774841, 59.8197822571, -16.9559135437, -19.0013103485], [-148.572250366, 58.6222114563, 678.627990723, 119.23890686, -5.16943979263, -68.9232635498, -55.6744804382, -21.7494773865, 102.601661682, 74.6628036499, 45.255607605, 13.6483917236, 32.8632392883], [-278.993041992, -316.47769165, 119.23890686, 446.456329346, -49.3943519592, 121.173782349, -49.780090332, -43.7251701355, 52.9263572693, 14.2833709717, -61.6642684937, 0.347764283419, 3.62533211708], [201.783050537, 275.539916992, -5.16943979263, -49.3943519592, 294.383880615, -103.560882568, 7.257563591, 35.1070518494, 14.4730262756, -26.8332366943, 6.07596540451, 12.1641368866, -0.4906270504], [-332.704406738, -222.773727417, -68.9232635498, 121.173782349, -103.560882568, 421.394165039, 80.3383560181, 16.7316417694, 15.4359388351, 72.5516738892, -67.5728149414, -46.5603218079, 76.8359375], [172.392318726, 124.283996582, -55.6744804382, -49.780090332, 7.257563591, 80.3383560181, 190.349456787, 59.6618041992, -11.2644939423, 0.13679766655, 7.40198850632, -19.1797580719, 9.23471832275], [-2.26364159584, 70.7093658447, -21.7494773865, -43.7251701355, 35.1070518494, 16.7316417694, 59.6618041992, 152.287918091, 35.15965271, 17.4330253601, 34.629360199, 9.5275850296, 27.5892944336], [18.9005279541, 21.8759384155, 102.601661682, 52.9263572693, 14.4730262756, 15.4359388351, -11.2644939423, 35.15965271, 122.418312073, 64.7483673096, 11.962808609, 6.22837543488, 9.10562133789], [-152.629669189, -33.9145774841, 74.6628036499, 14.2833709717, -26.8332366943, 72.5516738892, 0.13679766655, 17.4330253601, 64.7483673096, 154.667861938, 43.6642608643, 0.639114618301, 59.8882102966], [82.9175872803, 59.8197822571, 45.255607605, -61.6642684937, 6.07596540451, -67.5728149414, 7.40198850632, 34.629360199, 11.962808609, 43.6642608643, 119.696281433, 54.2166862488, 17.4882946014], [-12.249669075, -16.9559135437, 13.6483917236, 0.347764283419, 12.1641368866, -46.5603218079, -19.1797580719, 9.5275850296, 6.22837543488, 0.639114618301, 54.2166862488, 96.5246200562, 34.3069801331], [-93.1877670288, -19.0013103485, 32.8632392883, 3.62533211708, -0.4906270504, 76.8359375, 9.23471832275, 27.5892944336, 9.10562133789, 59.8882102966, 17.4882946014, 34.3069801331, 178.370498657]],
        "icov": [[0.00198924448341, -0.000274424412055, 0.00077507464448, 0.000357876444468, -0.000381552817998, 0.00125781248789, -0.0024060041178, 0.00239750021137, -0.00355365569703, 0.00322528416291, -0.00283017661422, 0.00217646430247, -0.000971798843239], [-0.000274424412055, 0.0143663678318, -0.00224699173123, 0.00786563195288, -0.0101061491296, 0.00429345946759, -0.00950375851244, 0.00254023401067, -0.00677315797657, 0.00348820257932, -0.00256858672947, 0.00653997436166, -0.00196842709556], [0.00077507464448, -0.00224699173123, 0.00260797212832, -0.00159953744151, 0.00150057661813, 0.000429345003795, 0.000554644793738, 0.00119907408953, -0.00189170707017, 0.000644600950181, -0.0016841160832, 0.000685808830895, -0.000764066411648], [0.000357876444468, 0.00786563195288, -0.00159953744151, 0.00761538697407, -0.00551451276988, 0.00157788873184, -0.0051917815581, 0.00255139428191, -0.00583026790991, 0.0031013765838, -0.000583069806453, 0.0027943640016, -0.000879870494828], [-0.000381552817998, -0.0101061491296, 0.00150057661813, -0.00551451276988, 0.0113261295483, -0.00214778422378, 0.00698988838121, -0.00324166682549, 0.00488596176729, -0.0029011326842, 0.00348710874096, -0.00540855946019, 0.0010785596678], [0.00125781248789, 0.00429345946759, 0.000429345003795, 0.00157788873184, -0.00214778422378, 0.00690569123253, -0.00654816813767, 0.00193709996529, -0.00421564467251, 0.00079269282287, 0.000155480709509, 0.00413097674027, -0.00279864110053], [-0.0024060041178, -0.00950375851244, 0.000554644793738, -0.0051917815581, 0.00698988838121, -0.00654816813767, 0.016969434917, -0.00729940366, 0.0101595837623, -0.00556227471679, 0.00372559530661, -0.00572710530832, 0.00290952110663], [0.00239750021137, 0.00254023401067, 0.00119907408953, 0.00255139428191, -0.00324166682549, 0.00193709996529, -0.00729940366, 0.0132618397474, -0.0101295979694, 0.00674996478483, -0.00749526405707, 0.00513583421707, -0.00326846912503], [-0.00355365569703, -0.00677315797657, -0.00189170707017, -0.00583026790991, 0.00488596176729, -0.00421564467251, 0.0101595837623, -0.0101295979694, 0.0248027034104, -0.0148071339354, 0.00987376179546, -0.00995447486639, 0.00541102560237], [0.00322528416291, 0.00348820257932, 0.000644600950181, 0.0031013765838, -0.0029011326842, 0.00079269282287, -0.00556227471679, 0.00674996478483, -0.0148071339354, 0.0204798486084, -0.0134697323665, 0.0104271089658, -0.00603583268821], [-0.00283017661422, -0.00256858672947, -0.0016841160832, -0.000583069806453, 0.00348710874096, 0.000155480709509, 0.00372559530661, -0.00749526405707, 0.00987376179546, -0.0134697323665, 0.0238357651979, -0.0148159321398, 0.00401006918401], [0.00217646430247, 0.00653997436166, 0.000685808830895, 0.0027943640016, -0.00540855946019, 0.00413097674027, -0.00572710530832, 0.00513583421707, -0.00995447486639, 0.0104271089658, -0.0148159321398, 0.0240200385451, -0.00680166389793], [-0.000971798843239, -0.00196842709556, -0.000764066411648, -0.000879870494828, 0.0010785596678, -0.00279864110053, 0.00290952110663, -0.00326846912503, 0.00541102560237, -0.00603583268821, 0.00401006918401, -0.00680166389793, 0.00927635654807]]
    },
    "melbands": {
        "max": [0.0119337961078, 0.0203614272177, 0.0141170127317, 0.0168055742979, 0.0251454673707, 0.0273561999202, 0.0125090470538, 0.00367653439753, 0.0038236065302, 0.00120256503578, 0.00449360208586, 0.000783971394412, 0.000437133596279, 0.000240076435148, 0.000343289371813, 0.000125642385683, 7.14437046554e-05, 4.4382228225e-05, 5.51670782443e-05, 4.03217200073e-05, 1.8348076992e-05, 2.41216512222e-05, 1.26685317809e-05, 9.6311496236e-06, 7.48000002204e-06, 6.81163510308e-06, 2.75427214547e-06, 3.84072973247e-06, 3.02431203636e-06, 2.34518120124e-06, 2.01282477974e-06, 1.18374020985e-06, 1.83754718819e-06, 2.09734798773e-06, 2.27962254939e-06, 2.3709328616e-06, 1.43975455558e-06, 9.57726228989e-07, 6.60933778818e-07, 1.13171807925e-07],
        "mean": [0.000290882162517, 0.000757094181608, 0.00106401520316, 0.00107360736001, 0.00104785501026, 0.00141870218795, 0.000342400977388, 7.39884198993e-05, 8.80633670022e-05, 3.97978328692e-05, 4.39282339357e-05, 1.66390418599e-05, 1.01635887404e-05, 6.88266118232e-06, 6.59964507577e-06, 2.01898160412e-06, 1.1924877299e-06, 9.38919811233e-07, 1.13664464152e-06, 1.03088223113e-06, 6.19671595814e-07, 1.18987543374e-06, 8.38407459014e-07, 5.90981528603e-07, 4.95834569847e-07, 2.26617231647e-07, 1.54821705678e-07, 7.53247348939e-08, 6.48398099656e-08, 5.7712568946e-08, 4.56928894721e-08, 3.29594662674e-08, 3.18433492907e-08, 2.85787358223e-08, 3.61790561954e-08, 3.01380822521e-08, 1.964203733e-08, 1.40195020037e-08, 7.210216868e-09, 3.10136849535e-09],
        "min": [1.46337384876e-07, 4.17968152533e-07, 4.40111250555e-07, 1.02582635009e-06, 6.30078204722e-07, 4.92378887884e-07, 1.8559059356e-07, 1.17631188346e-07, 2.64636508263e-08, 1.28862289728e-08, 1.09988222974e-08, 6.47105302676e-09, 3.7111842488e-09, 4.07480715836e-09, 4.5714130259e-09, 5.87566129084e-09, 5.31258947944e-09, 4.33087832263e-09, 1.22252838963e-08, 3.48807138728e-09, 2.99262903347e-09, 2.84611578749e-09, 2.14816653354e-09, 2.7327302643e-09, 2.82486301018e-09, 1.13194242868e-09, 1.41219913541e-09, 1.16756859736e-09, 1.55594703788e-09, 6.17753237453e-10, 2.9699781523e-10, 1.69461070176e-10, 1.84524145963e-10, 1.18655349435e-10, 1.20612506094e-10, 6.31629887282e-11, 4.63513012694e-11, 9.4231226988e-11, 6.65996355287e-11, 7.09818523403e-11],
        "stdev": [0.000705875339918, 0.0013500188943, 0.00173033261672, 0.00172277493402, 0.0025385953486, 0.00301828468218, 0.000954429793637, 0.00026798833278, 0.000284461100819, 0.000116841190902, 0.000235415034695, 5.13381710334e-05, 2.69616193691e-05, 1.9891984266e-05, 2.54637016042e-05, 8.09200355434e-06, 3.89549040847e-06, 3.03689694192e-06, 2.45219507633e-06, 2.66406664196e-06, 1.28771000618e-06, 2.4224864319e-06, 1.77619119768e-06, 1.17627382679e-06, 9.38683342611e-07, 4.79559787436e-07, 3.0690426911e-07, 1.63699198197e-07, 1.47611274315e-07, 1.56447555355e-07, 1.40968296591e-07, 1.04777953425e-07, 1.08999053339e-07, 1.0749204904e-07, 1.54814472353e-07, 1.37854925697e-07, 8.10163243159e-08, 4.66343905714e-08, 3.06043048681e-08, 5.8437708006e-09]
    },
    "melbands128": {
        "max": [2.82864675683e-05, 0.00086783216102, 0.0131957121193, 0.0406209006906, 0.0251671243459, 0.00839823670685, 0.015611008741, 0.0263560153544, 0.0257114451379, 0.0282276794314, 0.0338214635849, 0.0328904986382, 0.0477437525988, 0.0411756671965, 0.0518628582358, 0.0307701528072, 0.0318963266909, 0.00637234700844, 0.00463212514296, 0.00394013291225, 0.00724469404668, 0.010986960493, 0.00407940335572, 0.00370647571981, 0.00170651671942, 0.00202629272826, 0.00439160596579, 0.00841293577105, 0.0026675183326, 0.00125297845807, 0.0012044114992, 0.000638545665424, 0.000896375102457, 0.000516108761076, 0.000302134722006, 0.000529174460098, 0.000786320480984, 0.000718960363884, 0.000444206234533, 0.000369084620615, 8.23946538731e-05, 5.01154172525e-05, 0.000132397020934, 7.3515031545e-05, 9.18964287848e-05, 5.39441061846e-05, 3.36883022101e-05, 8.48936033435e-05, 6.78611031617e-05, 2.76713672065e-05, 7.97571192379e-05, 7.80063928687e-05, 6.78818969391e-06, 2.24551367864e-05, 6.98562871548e-05, 3.34855358233e-05, 4.44145334768e-05, 2.92368022201e-05, 2.14620540646e-05, 2.18615950871e-05, 1.20034492284e-05, 1.13642136057e-05, 1.01347377495e-05, 1.28290630528e-05, 1.37644165079e-05, 6.09373273619e-06, 1.36556109283e-05, 5.74161776967e-06, 3.51320932168e-06, 8.03298826213e-06, 3.77023729925e-06, 2.21076902562e-06, 3.7160662032e-06, 4.24753216066e-06, 3.09447705149e-06, 3.19730588672e-06, 3.10418386107e-06, 3.01341788145e-06, 2.4021178433e-06, 1.85436726952e-06, 1.52415293542e-06, 1.55403370172e-06, 1.86982742889e-06, 2.98185454994e-06, 2.22638072955e-06, 1.58125453709e-06, 2.776753945e-06, 3.23213998854e-06, 3.16898649544e-06, 2.5784393074e-06, 2.13613839151e-06, 3.11511939799e-06, 3.73308148482e-06, 1.62166281825e-06, 1.56818566666e-06, 6.89965077072e-07, 1.23043082567e-06, 1.88899969089e-06, 9.96525727714e-07, 5.87161309795e-07, 1.95924258151e-07, 4.85005529072e-08, 6.46838884677e-08, 2.15114113189e-08, 1.19365095586e-08, 1.12809432906e-08, 1.0727358557e-08, 1.02241619615e-08, 9.79313874439e-09, 9.39886035667e-09, 8.98878038669e-09, 8.6289038137e-09, 8.32104340986e-09, 8.01864885602e-09, 7.73867370185e-09, 7.47359774067e-09, 7.22833126687e-09, 7.01614411014e-09, 6.82448941802e-09, 6.64927179983e-09, 6.48882103604e-09, 6.33871044542e-09, 6.21880591467e-09, 6.09742523139e-09, 6.00695404529e-09, 5.945493875e-09, 5.89278803531e-09, 5.86070747488e-09],
        "mean": [2.11911560655e-06, 2.96133930533e-05, 0.000365394720575, 0.000868821050972, 0.000864035624545, 0.000582030916121, 0.000711228814907, 0.00127117347438, 0.00155115523376, 0.00117238494568, 0.000699986587279, 0.000590927433223, 0.00116460444406, 0.00154112512246, 0.00174794462509, 0.00124691496603, 0.000602654181421, 0.000127915845951, 7.80771952122e-05, 5.7970686612e-05, 8.13504302641e-05, 9.34916970436e-05, 0.000109655127744, 5.77456521569e-05, 2.85874648398e-05, 3.89202286897e-05, 4.12667468481e-05, 6.0256668803e-05, 2.95568916044e-05, 1.4482197912e-05, 1.45083586176e-05, 1.50030573423e-05, 8.18627449917e-06, 9.80846743914e-06, 4.71325256513e-06, 6.57337113807e-06, 9.18946625461e-06, 7.84583608038e-06, 4.20778496846e-06, 2.68128542302e-06, 1.67439395682e-06, 7.01200633557e-07, 1.25095561998e-06, 1.35383561428e-06, 1.22526239466e-06, 8.40737300223e-07, 5.97090661358e-07, 1.30678893129e-06, 1.39967823998e-06, 6.97948507877e-07, 1.26477539197e-06, 1.09849509045e-06, 2.84479654056e-07, 4.74254903793e-07, 1.12998657187e-06, 1.36683672736e-06, 1.26444808757e-06, 7.19842148555e-07, 8.24125265808e-07, 7.41926555747e-07, 5.33725369678e-07, 4.8206311476e-07, 6.5363798285e-07, 4.65962500584e-07, 3.17941470485e-07, 2.01194566785e-07, 2.02294870633e-07, 1.61138004273e-07, 1.75177490291e-07, 8.08473501479e-08, 6.5907116209e-08, 8.0643694389e-08, 7.19249371173e-08, 6.26379090818e-08, 5.41543556665e-08, 5.85841739564e-08, 5.87030974941e-08, 5.5157361345e-08, 4.35995417547e-08, 3.76088316045e-08, 3.34392744605e-08, 3.03654417166e-08, 3.24377182892e-08, 3.2360492952e-08, 3.18521351517e-08, 2.8212296499e-08, 2.72632671994e-08, 2.85678911638e-08, 3.95951538223e-08, 3.97691906073e-08, 3.37940342376e-08, 2.78993219638e-08, 2.26238991985e-08, 1.88421545033e-08, 1.85106330264e-08, 1.70438223535e-08, 1.28199451055e-08, 1.03304449439e-08, 7.62115881514e-09, 5.62325697118e-09, 3.73366049189e-09, 2.73366906889e-09, 2.19557771963e-09, 1.52536672182e-09, 2.31914376592e-10, 1.25327664913e-11, 1.16359396077e-11, 1.11443900982e-11, 1.06788267465e-11, 1.02534040286e-11, 9.84245063923e-12, 9.47226064946e-12, 9.12097741085e-12, 8.79108418006e-12, 8.51221350351e-12, 8.25721435671e-12, 8.02567821229e-12, 7.70294852209e-12, 7.48138356821e-12, 7.28781965331e-12, 7.11344568319e-12, 6.95515259969e-12, 6.82519969361e-12, 6.69540768314e-12, 6.57221933126e-12, 6.44705122621e-12, 6.36363661419e-12, 6.32517259055e-12],
        "min": [1.98066823359e-11, 2.35646915314e-08, 1.49762101387e-07, 1.21661642538e-07, 8.0806067615e-08, 1.63493439231e-07, 1.6587797802e-08, 2.37262412384e-07, 3.6842186546e-07, 3.74238481982e-07, 2.53891300872e-07, 1.97415261027e-07, 6.47192095471e-08, 4.42370662768e-07, 1.64277096815e-07, 5.58851027677e-08, 1.78033459974e-07, 5.45256853002e-08, 7.76628894528e-08, 5.37053637117e-08, 1.14964118225e-08, 2.16695958954e-08, 1.25500454473e-08, 9.6338030886e-09, 6.43262199063e-09, 7.85237030954e-09, 4.65808280836e-09, 9.81766135055e-09, 6.86866252764e-09, 1.62991253827e-09, 5.91161253283e-09, 6.337941727e-09, 2.99918911928e-09, 1.7931641727e-09, 3.51828499667e-09, 2.87271806343e-09, 3.7898391092e-09, 2.52015519564e-09, 1.5679013643e-09, 3.12280823422e-09, 4.86650009179e-09, 2.35362196399e-09, 3.42172556955e-09, 6.38855723878e-09, 3.49135809152e-09, 2.42312458987e-09, 2.28602980989e-09, 2.62243249338e-09, 9.04835317783e-09, 3.12002623737e-09, 2.2542296918e-09, 1.79149051149e-09, 1.68654190613e-09, 1.82583037578e-09, 1.68701530523e-09, 2.51761766989e-09, 1.56734258905e-09, 1.07254449766e-09, 2.0957426905e-09, 1.03862085599e-09, 1.6232725164e-09, 1.41915157403e-09, 3.20591597713e-09, 9.13638054101e-10, 2.51249548944e-10, 1.61412350153e-09, 1.35490529907e-09, 3.32844418693e-10, 1.01437847011e-09, 6.4709432257e-10, 1.06988928827e-09, 4.56948867633e-10, 1.24629195852e-09, 6.90965118455e-10, 4.45355252676e-10, 4.15234346907e-10, 9.67117497197e-10, 4.54165816066e-10, 1.89155302532e-10, 1.2967352192e-10, 4.82918392775e-11, 2.84702511566e-10, 2.33751268341e-10, 9.97784563306e-11, 2.33221553181e-10, 1.74564598887e-10, 5.56141833974e-11, 4.3969713287e-11, 1.51411674865e-10, 1.60581256625e-10, 8.09307065808e-11, 3.39180766806e-11, 3.26823082486e-11, 5.00164111517e-11, 4.43513489823e-11, 8.62801358137e-11, 1.2705497765e-10, 6.21894133412e-11, 7.57688772834e-11, 6.42898650982e-11, 4.69714787898e-11, 1.0075321133e-10, 5.99518212852e-11, 4.62502362797e-11, 1.22426686844e-11, 9.36531600426e-14, 6.72873893106e-14, 6.46697119141e-14, 5.8597095546e-14, 6.15628899313e-14, 5.93278952441e-14, 5.23161836118e-14, 6.56975220211e-14, 6.67944974504e-14, 6.33146286051e-14, 5.88195670555e-14, 5.38434009564e-14, 5.93635654956e-14, 5.35693993504e-14, 6.37367220634e-14, 6.54733971032e-14, 5.97526653265e-14, 5.80038201172e-14, 5.73576627275e-14, 4.0800645333e-14, 1.87232855224e-14, 2.38913710762e-15, 8.23986041027e-17],
        "stdev": [2.71372164207e-06, 6.21287181275e-05, 0.000872117409017, 0.00232600863092, 0.00181287969463, 0.000953059352469, 0.00171790225431, 0.0029045464471, 0.00258679455146, 0.00242290273309, 0.00223410292529, 0.00199017673731, 0.00419465731829, 0.00397358182818, 0.00502372998744, 0.0034151005093, 0.00222092168406, 0.000438356626546, 0.000299601058941, 0.000268804869847, 0.000459915318061, 0.000523664813954, 0.000394278147724, 0.000255438615568, 0.000117804054753, 0.000171024672454, 0.000274106801953, 0.000419523159508, 0.000147735903738, 7.69957187003e-05, 5.57312741876e-05, 4.37334347225e-05, 4.10837674281e-05, 3.51575145032e-05, 1.7763561118e-05, 3.24083739542e-05, 4.13473680965e-05, 4.15937465732e-05, 2.7377052902e-05, 1.8321630705e-05, 6.0106553974e-06, 2.47697175837e-06, 6.15599265075e-06, 4.47995626018e-06, 6.84675069351e-06, 3.42206863024e-06, 1.56302212417e-06, 3.42361408912e-06, 4.1116400098e-06, 2.03367585527e-06, 4.65928815174e-06, 4.05564242101e-06, 5.33411878223e-07, 1.36089306579e-06, 4.47299589723e-06, 2.98925874631e-06, 3.61304955732e-06, 2.46342960963e-06, 2.25654116548e-06, 1.67732332557e-06, 1.27269629502e-06, 1.18875482258e-06, 1.33038565764e-06, 1.02866624729e-06, 8.13290455426e-07, 4.64314496185e-07, 7.65747358855e-07, 4.1499779968e-07, 3.83865966569e-07, 2.71055000667e-07, 1.78852332056e-07, 1.78225789682e-07, 1.8734051821e-07, 1.87967330589e-07, 1.54631223381e-07, 1.8310993255e-07, 1.89058681599e-07, 1.71592418496e-07, 1.52457658942e-07, 1.27626819335e-07, 1.19659134157e-07, 1.0874045131e-07, 1.20664196857e-07, 1.35954906e-07, 1.08478502625e-07, 1.02296695559e-07, 1.29987213882e-07, 1.40232799595e-07, 1.95153873506e-07, 1.75392059987e-07, 1.49454464804e-07, 1.56956531328e-07, 1.41804136433e-07, 8.37249629626e-08, 7.36230632015e-08, 5.52041079516e-08, 4.76733319488e-08, 6.08308852179e-08, 3.64733416802e-08, 2.55708680896e-08, 8.66606075789e-09, 3.76012554426e-09, 2.79032286166e-09, 1.35293187764e-09, 3.80203785122e-10, 3.01254493573e-10, 2.86481005585e-10, 2.73041950161e-10, 2.6153179622e-10, 2.51002107987e-10, 2.40050479494e-10, 2.30439584081e-10, 2.22218271562e-10, 2.14142523158e-10, 2.06665642932e-10, 1.99586291938e-10, 1.93035185059e-10, 1.87370396976e-10, 1.82252365977e-10, 1.77573303284e-10, 1.73288675076e-10, 1.69279479323e-10, 1.66077360197e-10, 1.62836022444e-10, 1.60420954298e-10, 1.58780016912e-10, 1.57373558629e-10, 1.56517174221e-10]
    },
    "mfcc": {
        "mean": [-798.339294434, 193.6824646, 27.7156543732, 34.0051956177, 7.07515192032, -7.15899991989, -7.44883537292, 0.423113137484, -10.0124015808, -8.79414176941, -12.0756826401, -4.88631391525, -4.81461191177],
        "cov": [[1438.02416992, 492.853790283, -410.620483398, 42.7875595093, -115.771781921, -135.251373291, 50.0429916382, 121.354942322, -67.7148361206, -35.5927963257, 14.8745937347, 63.3481063843, -52.8124732971], [492.853790283, 1104.34460449, -266.129760742, -1.2763068676, 67.0937728882, -256.394104004, 93.5174484253, 21.5840339661, -26.345872879, -29.3101291656, 76.8684539795, 7.0592751503, 25.331609726], [-410.620483398, -266.129760742, 629.257995605, 82.1445083618, 26.9640712738, 120.019920349, -64.6930770874, -67.61743927, 25.5311355591, 81.4725189209, -8.50605964661, 12.5060968399, 0.180930569768], [42.7875595093, -1.2763068676, 82.1445083618, 319.308837891, 109.824989319, -41.2915916443, -78.7833633423, 9.38825511932, -32.6182174683, -41.3400268555, 29.9949436188, -5.79307222366, -21.1813583374], [-115.771781921, 67.0937728882, 26.9640712738, 109.824989319, 226.016784668, -6.48444604874, -57.6172599792, -12.1558704376, 20.076177597, -4.73794412613, -0.743201553822, -14.2093696594, 9.87039089203], [-135.251373291, -256.394104004, 120.019920349, -41.2915916443, -6.48444604874, 266.460601807, 17.4506416321, -18.5121936798, 78.8949737549, 63.8220252991, -11.4166536331, -22.2847061157, 5.5708155632], [50.0429916382, 93.5174484253, -64.6930770874, -78.7833633423, -57.6172599792, 17.4506416321, 181.004074097, 37.7826271057, 48.2595252991, 39.1996803284, -27.9176654816, 2.99684214592, 25.2027263641], [121.354942322, 21.5840339661, -67.61743927, 9.38825511932, -12.1558704376, -18.5121936798, 37.7826271057, 159.505172729, 11.3537158966, -20.4289894104, 16.5559825897, 1.29128754139, 2.18506598473], [-67.7148361206, -26.345872879, 25.5311355591, -32.6182174683, 20.076177597, 78.8949737549, 48.2595252991, 11.3537158966, 160.233322144, 79.4484024048, -27.0125427246, -7.68625640869, 27.9827537537], [-35.5927963257, -29.3101291656, 81.4725189209, -41.3400268555, -4.73794412613, 63.8220252991, 39.1996803284, -20.4289894104, 79.4484024048, 148.742782593, 14.9010477066, 1.47979009151, 25.6744327545], [14.8745937347, 76.8684539795, -8.50605964661, 29.9949436188, -0.743201553822, -11.4166536331, -27.9176654816, 16.5559825897, -27.0125427246, 14.9010477066, 147.733825684, 37.5194816589, -24.5010910034], [63.3481063843, 7.0592751503, 12.5060968399, -5.79307222366, -14.2093696594, -22.2847061157, 2.99684214592, 1.29128754139, -7.68625640869, 1.47979009151, 37.5194816589, 100.507377625, 21.7419490814], [-52.8124732971, 25.331609726, 0.180930569768, -21.1813583374, 9.87039089203, 5.5708155632, 25.2027263641, 2.18506598473, 27.9827537537, 25.6744327545, -24.5010910034, 21.7419490814, 118.399887085]],
        "icov": [[0.00161435361952, -0.00100849498995, 0.0011038769735, -0.00104617385659, 0.00135465164203, -0.000962794525549, 0.00106231786776, -0.00133228546474, 0.00104896642733, -0.00170627504122, 0.00206806301139, -0.00215548137203, 0.00142369209789], [-0.00100849498995, 0.00220615137368, -0.000459412141936, 0.000850413169246, -0.00158936751541, 0.00218230090104, -0.0019501845818, 0.00135424919426, -0.00102399219759, 0.00142402842175, -0.00269030360505, 0.00208500912413, -0.00135543767828], [0.0011038769735, -0.000459412141936, 0.00298766815104, -0.00147378328256, 0.00100696308073, -0.0013740665745, 0.00137148273643, -0.000464956188807, 0.00114518997725, -0.00266926782206, 0.00203830306418, -0.00220105517656, 0.00115394941531], [-0.00104617385659, 0.000850413169246, -0.00147378328256, 0.00522772967815, -0.00288244243711, 0.00145078182686, -0.000140493328217, 0.000301307358313, -0.000621146406047, 0.00221609836444, -0.00240003922954, 0.00196745642461, -0.000706425111275], [0.00135465164203, -0.00158936751541, 0.00100696308073, -0.00288244243711, 0.00748988753185, -0.00131876254454, 0.00306137301959, -0.000914679781999, -0.000597604666837, -0.00145298428833, 0.00240612891503, -0.00136316893622, 0.000434523739386], [-0.000962794525549, 0.00218230090104, -0.0013740665745, 0.00145078182686, -0.00131876254454, 0.00726295355707, -0.00195780047216, 0.0016707960749, -0.00320129073225, 0.00115301518235, -0.00317792245187, 0.00336376624182, -0.00124934967607], [0.00106231786776, -0.0019501845818, 0.00137148273643, -0.000140493328217, 0.00306137301959, -0.00195780047216, 0.00986119918525, -0.00315517722629, -0.000105687089672, -0.00349796121009, 0.00424687750638, -0.00268440344371, 0.000815191713627], [-0.00133228546474, 0.00135424919426, -0.000464956188807, 0.000301307358313, -0.000914679781999, 0.0016707960749, -0.00315517722629, 0.00882564391941, -0.00262987636961, 0.00366759952158, -0.00394034245983, 0.0026464399416, -0.00179813662544], [0.00104896642733, -0.00102399219759, 0.00114518997725, -0.000621146406047, -0.000597604666837, -0.00320129073225, -0.000105687089672, -0.00262987636961, 0.011783644557, -0.00654670130461, 0.00415177457035, -0.00223957072012, 0.000750643142965], [-0.00170627504122, 0.00142402842175, -0.00266926782206, 0.00221609836444, -0.00145298428833, 0.00115301518235, -0.00349796121009, 0.00366759952158, -0.00654670130461, 0.0142633793876, -0.00639359885827, 0.00398047361523, -0.00352114299312], [0.00206806301139, -0.00269030360505, 0.00203830306418, -0.00240003922954, 0.00240612891503, -0.00317792245187, 0.00424687750638, -0.00394034245983, 0.00415177457035, -0.00639359885827, 0.0137432785705, -0.00771460914984, 0.00484903715551], [-0.00215548137203, 0.00208500912413, -0.00220105517656, 0.00196745642461, -0.00136316893622, 0.00336376624182, -0.00268440344371, 0.0026464399416, -0.00223957072012, 0.00398047361523, -0.00771460914984, 0.0159743968397, -0.00543793989345], [0.00142369209789, -0.00135543767828, 0.00115394941531, -0.000706425111275, 0.000434523739386, -0.00124934967607, 0.000815191713627, -0.00179813662544, 0.000750643142965, -0.00352114299312, 0.00484903715551, -0.00543793989345, 0.0117132179439]]
    },
    "spectral_contrast_coeffs": {
        "max": [-0.276216328144, -0.361208260059, -0.543542921543, -0.667519330978, -0.63326716423, -0.691658675671],
        "mean": [-0.638509273529, -0.692399263382, -0.760811984539, -0.820994198322, -0.808933496475, -0.818915247917],
        "min": [-0.865940451622, -0.921769618988, -0.921415805817, -0.907186448574, -0.906247198582, -0.928159058094],
        "stdev": [0.0930245444179, 0.106554187834, 0.0615156851709, 0.0421692915261, 0.0551292225718, 0.0354037135839]
    },
    "spectral_contrast_valleys": {
        "max": [-5.56879901886, -5.39177465439, -6.58064222336, -7.90730953217, -8.33876609802, -10.3533849716],
        "mean": [-7.07250738144, -7.4704451561, -8.74201583862, -9.38283061981, -9.53547763824, -12.1631326675],
        "min": [-9.57243919373, -9.74897766113, -11.1491231918, -10.9696989059, -10.8896722794, -12.9658041],
        "stdev": [0.653372943401, 0.571672856808, 0.580690979958, 0.446090728045, 0.355233341455, 0.359448313713]
    }
},
"rhythm": {
    "beats_count": 65,
    "beats_loudness": {
        "max": 0.101656340063,
        "mean": 0.0238611306995,
        "min": 6.31312286714e-05,
        "stdev": 0.0226133391261
    },
    "bpm": 128.472045898,
    "bpm_histogram_first_peak_bpm": 129,
    "bpm_histogram_first_peak_weight": 0.523809552193,
    "bpm_histogram_second_peak_bpm": 96,
    "bpm_histogram_second_peak_spread": 0.555555582047,
    "bpm_histogram_second_peak_weight": 0.0625,
    "danceability": 1.07764661312,
    "onset_rate": 2.18408179283,
    "beats_loudness_band_ratio": {
        "max": [0.951730251312, 0.994254946709, 0.693705260754, 0.282152801752, 0.149694785476, 0.0441206544638],
        "mean": [0.387230247259, 0.542708158493, 0.126370787621, 0.034256529063, 0.00851827207953, 0.00247486820444],
        "min": [0.0023438744247, 0.033131737262, 0.00102729420178, 0.000176667643245, 0.000133516601636, 3.07066584355e-05],
        "stdev": [0.2472794801, 0.251243233681, 0.154069364071, 0.0563077554107, 0.0201397761703, 0.00630007917061]
    },
