{
"metadata": {
    "version": {
        "essentia": "2.1-beta5",
        "essentia_git_sha": "Undefined",
        "extractor": "music 2.0"
    },
    "audio_properties": {
        "analysis": {
            "equal_loudness": 0,
            "length": 32.4963264465,
            "sample_rate": 44100,
            "start_time": 191.4949646,
            "downmix": "mix"
        },
        "bit_rate": 192000,
        "length": 246.642379761,
        "lossless": 0,
        "number_channels": 2,
        "replay_gain": -7.06064796448,
        "sample_rate": 48000,
        "codec": "mp3",
        "md5_encoded": "9d1ce3b64cece05ea66520a7d8ecd081"
    },
    "tags": {
        "file_name": "Germany_Telefon, Telefon_Margot Hielscher.mp3",
        "encoding": ["Lavf58.29.100"]
    }
},
"lowlevel": {
    "average_loudness": 0.841888844967,
    "barkbands_crest": {
        "max": 26.4316139221,
        "mean": 14.7230901718,
        "min": 4.95119190216,
        "stdev": 4.86041259766
    },
    "barkbands_flatness_db": {
        "max": 0.514757096767,
        "mean": 0.317325353622,
        "min": 0.142951890826,
        "stdev": 0.0527483597398
    },
    "barkbands_kurtosis": {
        "max": 301.468566895,
        "mean": 14.8710212708,
        "min": -1.49838769436,
        "stdev": 25.4734382629
    },
    "barkbands_skewness": {
        "max": 12.5381555557,
        "mean": 1.84533548355,
        "min": -1.78643321991,
        "stdev": 1.79823184013
    },
    "barkbands_spread": {
        "max": 24.8419418335,
        "mean": 3.7706155777,
        "min": 0.171050146222,
        "stdev": 2.79133296013
    },
    "dissonance": {
        "max": 0.498781174421,
        "mean": 0.361886203289,
        "min": 0.15904276073,
        "stdev": 0.0655423626304
    },
    "dynamic_complexity": 4.10485267639,
    "erbbands_crest": {
        "max": 31.580745697,
        "mean": 16.3460636139,
        "min": 4.34870672226,
        "stdev": 5.93416833878
    },
    "erbbands_flatness_db": {
        "max": 0.452928066254,
        "mean": 0.31768772006,
        "min": 0.102495461702,
        "stdev": 0.0514603182673
    },
    "erbbands_kurtosis": {
        "max": 129.217224121,
        "mean": 8.6374578476,
        "min": -1.57245624065,
        "stdev": 10.3163890839
    },
    "erbbands_skewness": {
        "max": 9.0941696167,
        "mean": 1.51757180691,
        "min": -1.37687528133,
        "stdev": 1.3131980896
    },
    "erbbands_spread": {
        "max": 88.130241394,
        "mean": 9.22797012329,
        "min": 1.13474488258,
        "stdev": 7.4945731163
    },
    "hfc": {
        "max": 58.1403923035,
        "mean": 9.81882762909,
        "min": 0.170577049255,
        "stdev": 10.3086500168
    },
    "loudness_ebu128": {
        "integrated": -18.0635681152,
        "loudness_range": 7.82193851471,
        "momentary": {
            "max": -13.5587348938,
            "mean": -19.757276535,
            "min": -32.1087799072,
            "stdev": 4.15188550949
        },
        "short_term": {
            "max": -14.6743812561,
            "mean": -19.2108821869,
            "min": -23.899312973,
            "stdev": 2.89198493958
        }
    },
    "melbands_crest": {
        "max": 31.8364276886,
        "mean": 16.9919204712,
        "min": 5.96873664856,
        "stdev": 5.67928361893
    },
    "melbands_flatness_db": {
        "max": 0.587505638599,
        "mean": 0.369398742914,
        "min": 0.210422754288,
        "stdev": 0.0593507885933
    },
    "melbands_kurtosis": {
        "max": 154.323059082,
        "mean": 11.8304309845,
        "min": -1.57869029045,
        "stdev": 17.7415828705
    },
    "melbands_skewness": {
        "max": 7.89093875885,
        "mean": 1.558765769,
        "min": -2.22011590004,
        "stdev": 1.43240916729
    },
    "melbands_spread": {
        "max": 25.439283371,
        "mean": 5.62196159363,
        "min": 0.323508024216,
        "stdev": 3.87954878807
    },
    "pitch_salience": {
        "max": 0.834075987339,
        "mean": 0.486112207174,
        "min": 0.0711852833629,
        "stdev": 0.125266298652
    },
    "silence_rate_20dB": {
        "max": 1,
        "mean": 1,
        "min": 1,
        "stdev": 0
    },
    "silence_rate_30dB": {
        "max": 1,
        "mean": 1,
        "min": 1,
        "stdev": 0
    },
    "silence_rate_60dB": {
        "max": 1,
        "mean": 0.138472512364,
        "min": 0,
        "stdev": 0.345396488905
    },
    "spectral_centroid": {
        "max": 1189.73950195,
        "mean": 466.373535156,
        "min": 217.19921875,
        "stdev": 138.196075439
    },
    "spectral_complexity": {
        "max": 16,
        "mean": 7.28265523911,
        "min": 1,
        "stdev": 2.65047597885
    },
    "spectral_decrease": {
        "max": -8.7479981592e-11,
        "mean": -5.87952797559e-09,
        "min": -3.03129397139e-08,
        "stdev": 5.23050358581e-09
    },
    "spectral_energy": {
        "max": 0.115874059498,
        "mean": 0.0230813045055,
        "min": 0.00034564154339,
        "stdev": 0.020514363423
    },
    "spectral_energyband_high": {
        "max": 0.000137394381454,
        "mean": 6.96011284163e-06,
        "min": 1.03790421235e-06,
        "stdev": 1.09871734821e-05
    },
    "spectral_energyband_low": {
        "max": 0.09662861377,
        "mean": 0.00306435953826,
        "min": 2.75358888757e-06,
        "stdev": 0.00910586304963
    },
    "spectral_energyband_middle_high": {
        "max": 0.0540979318321,
        "mean": 0.00260968971997,
        "min": 6.26692599326e-06,
        "stdev": 0.00715189799666
    },
    "spectral_energyband_middle_low": {
        "max": 0.0856818556786,
        "mean": 0.0185351446271,
        "min": 0.000310995004838,
        "stdev": 0.0167198516428
    },
    "spectral_entropy": {
        "max": 8.74827861786,
        "mean": 5.96532344818,
        "min": 3.99631643295,
        "stdev": 0.525335133076
    },
    "spectral_flux": {
        "max": 0.275469571352,
        "mean": 0.0591637603939,
        "min": 0.00414574984461,
        "stdev": 0.0422311164439
    },
    "spectral_kurtosis": {
        "max": 120.373825073,
        "mean": 23.2915706635,
        "min": -0.855598211288,
        "stdev": 13.866060257
    },
    "spectral_rms": {
        "max": 0.0106323966756,
        "mean": 0.0042366986163,
        "min": 0.000580698950216,
        "stdev": 0.00213745026849
    },
    "spectral_rolloff": {
        "max": 1593.45703125,
        "mean": 568.823669434,
        "min": 86.1328125,
        "stdev": 207.050338745
    },
    "spectral_skewness": {
        "max": 9.40022563934,
        "mean": 3.71727085114,
        "min": 0.539206564426,
        "stdev": 1.10514044762
    },
    "spectral_spread": {
        "max": 33090992,
        "mean": 2399973.75,
        "min": 706364,
        "stdev": 1277397.375
    },
    "spectral_strongpeak": {
        "max": 8.1693239212,
        "mean": 1.42607831955,
        "min": 0,
        "stdev": 1.44624376297
    },
    "zerocrossingrate": {
        "max": 0.07373046875,
        "mean": 0.0220590904355,
        "min": 0.00341796875,
        "stdev": 0.00799019634724
    },
    "barkbands": {
        "max": [0.000397912284825, 0.0822861343622, 0.0467587634921, 0.0138362403959, 0.0770225375891, 0.0588022470474, 0.0546461008489, 0.0595809668303, 0.0687845051289, 0.0586727261543, 0.0126356175169, 0.00614947732538, 0.00413432065398, 0.00142738642171, 0.00112597760744, 0.000283617118839, 0.000190885533812, 8.38461128296e-05, 6.25089378445e-05, 5.84370245633e-05, 2.53510188486e-05, 5.37274972885e-05, 5.78720282647e-05, 3.42130406352e-05, 3.54593589691e-06, 1.12336010716e-06, 1.18601826671e-06],
        "mean": [3.81227823709e-06, 0.0024340536911, 0.000333711999701, 0.000635132717434, 0.0053127836436, 0.00514300027862, 0.00202314555645, 0.00151148124132, 0.00241699581966, 0.00263492739759, 0.000213531719055, 0.000144631325384, 0.000103389560536, 8.01203714218e-05, 4.04241836804e-05, 1.81041978067e-05, 9.09864593268e-06, 8.43254201754e-06, 5.9733974922e-06, 2.8844242479e-06, 1.24619703001e-06, 1.64048071838e-06, 1.65885603565e-06, 8.57532370446e-07, 2.68917489166e-07, 3.09361758433e-09, 3.28072990996e-09],
        "min": [8.82407213965e-09, 3.01893521737e-07, 9.98196298951e-08, 5.36022390918e-08, 3.77893661607e-06, 1.70232960954e-05, 2.85854002868e-06, 4.68652501695e-07, 1.25948474761e-06, 5.65716753442e-08, 1.33260641633e-07, 3.80483527351e-07, 1.4536546189e-07, 6.51427924936e-08, 9.08196113869e-08, 7.76241293465e-08, 5.52065628767e-08, 5.45010863107e-08, 9.00275693994e-08, 9.69245945726e-08, 9.75967466843e-08, 1.58793568517e-07, 1.21165413702e-07, 9.45043652223e-08, 6.60357244442e-08, 2.47463716185e-11, 3.35932497098e-11],
        "stdev": [1.19926226034e-05, 0.00822739675641, 0.00167791906279, 0.00135028199293, 0.00821284670383, 0.00709702633321, 0.0046432716772, 0.00467825867236, 0.00664063217118, 0.0080141313374, 0.000998685485683, 0.000417125993408, 0.000389398919651, 0.000182878779015, 0.000107008410851, 3.47290260834e-05, 1.72166455741e-05, 1.16417804747e-05, 7.79067977419e-06, 5.39798111276e-06, 2.19164371629e-06, 3.45901275978e-06, 4.44435863756e-06, 1.90695038782e-06, 2.0427519587e-07, 4.92026330789e-08, 5.23150625042e-08]
    },
    "erbbands": {
        "max": [1.53026998043, 22.5994758606, 50.7122421265, 27.8228569031, 241.374557495, 256.197906494, 700.786437988, 702.464355469, 1111.07019043, 744.676025391, 1539.67651367, 1202.02868652, 2084.1105957, 717.406188965, 291.625427246, 236.224578857, 230.492004395, 55.9717826843, 50.8739280701, 50.9247970581, 13.9388523102, 10.5792570114, 4.49929618835, 4.4905872345, 3.79720544815, 4.05077695847, 1.03368401527, 1.50903236866, 1.5095897913, 2.7394220829, 1.8014292717, 0.660592973232, 0.514012157917, 0.112593382597, 0.00875481404364, 0.00453217281029, 0.00207519996911, 0.000736832036637, 0.000187206082046, 0.000125878490508],
        "mean": [0.0412774272263, 0.633706510067, 0.644731402397, 1.41407966614, 6.71532726288, 17.6270503998, 37.0067405701, 44.4500846863, 38.4249382019, 22.1439933777, 36.0390090942, 47.4897384644, 112.025230408, 28.8364677429, 6.93045282364, 5.97641611099, 5.32472658157, 4.09566831589, 2.55746197701, 1.97262716293, 0.849644601345, 0.535374701023, 0.481337189674, 0.355934649706, 0.255998820066, 0.149031490088, 0.0565176382661, 0.0523009821773, 0.0577339828014, 0.0564641319215, 0.04459765926, 0.0237709414214, 0.011840316467, 0.0048214760609, 0.000981127261184, 4.77055837109e-05, 1.3814176782e-05, 3.4486313325e-06, 1.14069589472e-05, 2.58852960542e-05],
        "min": [1.45241083374e-05, 0.000127230334328, 0.000361338141374, 0.0016068185214, 0.00623615225777, 0.0162744931877, 0.0515776611865, 0.171795085073, 0.106974869967, 0.152307197452, 0.0770057290792, 0.0353868491948, 0.129602700472, 0.0293786320835, 0.0232877861708, 0.0153420092538, 0.00994003098458, 0.00708281761035, 0.00591317005455, 0.00590860238299, 0.00570583855733, 0.00365703366697, 0.00332203274593, 0.00461099669337, 0.00467608263716, 0.00496177608147, 0.0037433677353, 0.00430008675903, 0.00505999010056, 0.00511628389359, 0.003067685524, 0.00233018863946, 0.00155588414054, 0.00116172386333, 0.000241637055296, 8.11493373476e-06, 1.21531434161e-06, 1.95388182078e-07, 2.03474982641e-07, 3.98874448138e-07],
        "stdev": [0.14726164937, 2.12475371361, 2.3936958313, 2.6124420166, 14.7515964508, 29.290977478, 63.0563774109, 68.7108306885, 81.5851593018, 58.7548828125, 104.785820007, 108.109237671, 311.094451904, 76.9703903198, 23.636636734, 15.453704834, 20.27186203, 8.43091011047, 5.43297147751, 4.68821620941, 1.51229631901, 1.00112187862, 0.666208744049, 0.482160121202, 0.367233723402, 0.311560839415, 0.0884293317795, 0.0905913561583, 0.111712947488, 0.152195557952, 0.121506951749, 0.0571460276842, 0.0260442644358, 0.00495496205986, 0.000550695927814, 0.000196570297703, 9.12081668503e-05, 3.24304019159e-05, 1.22769388327e-05, 2.29723809753e-05]
    },
    "gfcc": {
        "mean": [-147.387405396, 173.409332275, -115.68473053, -0.614691913128, -92.2922210693, -11.0545959473, -41.3191795349, -11.9680700302, -7.62629842758, -23.4059371948, 4.58648824692, -17.1789398193, 10.786854744],
        "cov": [[2556.86669922, 703.488464355, -598.911376953, -182.051239014, 794.340454102, -114.43473053, 330.173736572, -74.0571670532, 75.7711486816, -122.392730713, 18.3348064423, -85.8363571167, -127.212188721], [703.488464355, 524.143310547, 152.636703491, 38.9428443909, 341.83605957, -16.7859687805, 131.601898193, 12.8253993988, 5.21286535263, -22.6943378448, 19.4112548828, -57.7728919983, -47.6529846191], [-598.911376953, 152.636703491, 963.962524414, 402.959320068, -106.999862671, 4.66512680054, -90.6750106812, 32.7496910095, 19.5891513824, 32.930480957, 21.230091095, 28.6740131378, 6.76179885864], [-182.051239014, 38.9428443909, 402.959320068, 581.730651855, 69.6862640381, 62.122833252, 14.4011659622, 71.0927886963, 15.9185934067, 22.3550605774, 8.42982387543, 0.913551568985, -44.0156440735], [794.340454102, 341.83605957, -106.999862671, 69.6862640381, 452.689910889, 33.0722084045, 146.087203979, 30.3043022156, 21.8488349915, -16.6501598358, -0.856709957123, -27.8670253754, -26.5166397095], [-114.43473053, -16.7859687805, 4.66512680054, 62.122833252, 33.0722084045, 273.478637695, 147.424224854, 54.9455375671, -28.915769577, 39.0347862244, 20.9569091797, -3.25613379478, -16.5656509399], [330.173736572, 131.601898193, -90.6750106812, 14.4011659622, 146.087203979, 147.424224854, 273.57043457, 92.7664031982, -3.86946105957, 39.1729393005, 39.0189819336, 1.49045395851, -18.3404121399], [-74.0571670532, 12.8253993988, 32.7496910095, 71.0927886963, 30.3043022156, 54.9455375671, 92.7664031982, 142.562316895, 61.8352851868, 42.8821411133, 8.60308456421, 17.2172031403, 15.7642049789], [75.7711486816, 5.21286535263, 19.5891513824, 15.9185934067, 21.8488349915, -28.915769577, -3.86946105957, 61.8352851868, 134.944747925, 46.4876403809, 5.23372554779, 22.8662033081, 21.2102794647], [-122.392730713, -22.6943378448, 32.930480957, 22.3550605774, -16.6501598358, 39.0347862244, 39.1729393005, 42.8821411133, 46.4876403809, 115.363716125, 62.3335494995, 26.1722984314, 13.7000083923], [18.3348064423, 19.4112548828, 21.230091095, 8.42982387543, -0.856709957123, 20.9569091797, 39.0189819336, 8.60308456421, 5.23372554779, 62.3335494995, 103.113380432, 41.4731216431, -2.11858606339], [-85.8363571167, -57.7728919983, 28.6740131378, 0.913551568985, -27.8670253754, -3.25613379478, 1.49045395851, 17.2172031403, 22.8662033081, 26.1722984314, 41.4731216431, 88.4385070801, 49.4767532349], [-127.212188721, -47.6529846191, 6.76179885864, -44.0156440735, -26.5166397095, -16.5656509399, -18.3404121399, 15.7642049789, 21.2102794647, 13.7000083923, -2.11858606339, 49.4767532349, 91.8908081055]],
        "icov": [[0.00324881426059, -0.0010896823369, 0.00121174252126, 4.3507112423e-05, -0.00312056974508, 0.0021413997747, -0.00444345502183, 0.00504970597103, -0.00520799821243, 0.00436679087579, -0.00226527242921, 0.000257145409705, 0.00195696391165], [-0.0010896823369, 0.0099587123841, -0.00438811723143, 0.00265442021191, -0.0060077724047, 0.00205021561123, -0.0022049320396, -0.00130528968293, 0.00100602663588, 0.00169317307882, -0.00443279324099, 0.00702607724816, -0.000699847470969], [0.00121174252126, -0.00438811723143, 0.00375949218869, -0.00233023171313, 0.00218772841617, -0.000389279797673, 0.000317914003972, 0.00169478461612, -0.00170776329469, 0.000346038810676, 0.000816134212073, -0.00266798399389, 0.000140861506225], [4.3507112423e-05, 0.00265442021191, -0.00233023171313, 0.00384503253736, -0.00291163427755, 0.000303559645545, -0.000166930462001, -0.00159087195061, 0.000421664182795, 0.00039741495857, -0.000723187986296, 0.00069121515844, 0.00235870783217], [-0.00312056974508, -0.0060077724047, 0.00218772841617, -0.00291163427755, 0.0114977825433, -0.00358068873174, 0.00448433542624, -0.00384057196788, 0.00386941432953, -0.00496881175786, 0.00528082763776, -0.0039968774654, -0.00264354166575], [0.0021413997747, 0.00205021561123, -0.000389279797673, 0.000303559645545, -0.00358068873174, 0.00813362188637, -0.00713244033977, 0.00301786628552, -0.00163133768365, 0.0016327323392, -0.00160821748432, 0.00197032582946, 0.00172867777292], [-0.00444345502183, -0.0022049320396, 0.000317914003972, -0.000166930462001, 0.00448433542624, -0.00713244033977, 0.0167872533202, -0.012863448821, 0.0100050214678, -0.00777813792229, 0.00300051295199, -0.00364205264486, -0.000952241709456], [0.00504970597103, -0.00130528968293, 0.00169478461612, -0.00159087195061, -0.00384057196788, 0.00301786628552, -0.012863448821, 0.022680144757, -0.0144450543448, 0.00572863034904, -0.00155629683286, 0.000732986081857, 0.000454202439869], [-0.00520799821243, 0.00100602663588, -0.00170776329469, 0.000421664182795, 0.00386941432953, -0.00163133768365, 0.0100050214678, -0.0144450543448, 0.0217973124236, -0.0136009864509, 0.00770111149177, -0.00442486163229, -0.00150649226271], [0.00436679087579, 0.00169317307882, 0.000346038810676, 0.00039741495857, -0.00496881175786, 0.0016327323392, -0.00777813792229, 0.00572863034904, -0.0136009864509, 0.0259805284441, -0.0172590091825, 0.00770415738225, -0.00186654401477], [-0.00226527242921, -0.00443279324099, 0.000816134212073, -0.000723187986296, 0.00528082763776, -0.00160821748432, 0.00300051295199, -0.00155629683286, 0.00770111149177, -0.0172590091825, 0.0271810870618, -0.0169252287596, 0.00679386220872], [0.000257145409705, 0.00702607724816, -0.00266798399389, 0.00069121515844, -0.0039968774654, 0.00197032582946, -0.00364205264486, 0.000732986081857, -0.00442486163229, 0.00770415738225, -0.0169252287596, 0.0303645022213, -0.013990458101], [0.00195696391165, -0.000699847470969, 0.000140861506225, 0.00235870783217, -0.00264354166575, 0.00172867777292, -0.000952241709456, 0.000454202439869, -0.00150649226271, -0.00186654401477, 0.00679386220872, -0.013990458101, 0.0219445470721]]
    },
    "melbands": {
        "max": [0.0194666013122, 0.0222260858864, 0.00968647748232, 0.0151474997401, 0.0184600353241, 0.014099996537, 0.0141589809209, 0.0101353079081, 0.0124155459926, 0.00848602410406, 0.0107087418437, 0.00359881995246, 0.00109641964082, 0.000796876614913, 0.000317321711918, 0.000372942042304, 0.000128496118123, 0.000103116035461, 0.000123487319797, 2.55954291788e-05, 2.02718110813e-05, 1.37908882607e-05, 7.22876029613e-06, 5.26118310518e-06, 4.53905568065e-06, 3.19838841278e-06, 1.87439411548e-06, 2.82555947706e-06, 3.83774363399e-07, 1.12946293029e-06, 1.12022371468e-06, 7.26026939901e-07, 1.51723361341e-06, 1.41545626775e-06, 1.18619982459e-06, 7.67900530718e-07, 3.92531489979e-07, 4.03081827471e-07, 2.37292624661e-07, 4.88644928964e-08],
        "mean": [0.000570461445022, 0.000534536724444, 0.00036644822103, 0.000890344148502, 0.00124434591271, 0.000996530987322, 0.000536366715096, 0.000250900484389, 0.000292525335681, 0.000328898488078, 0.000564542831853, 0.000125036895042, 2.40813769778e-05, 1.81020386663e-05, 1.17221807159e-05, 1.00936686067e-05, 7.64439391787e-06, 4.48222272098e-06, 3.30541706717e-06, 1.68068322637e-06, 8.70615792792e-07, 5.52352616978e-07, 4.676200831e-07, 3.85850199791e-07, 2.79597941244e-07, 2.14132711562e-07, 1.29610995714e-07, 9.08402100208e-08, 3.37028573938e-08, 3.13491135273e-08, 2.95764355229e-08, 3.21852233753e-08, 3.24903410842e-08, 3.11888186388e-08, 2.6978616674e-08, 2.01586942694e-08, 1.24815651148e-08, 9.07652442095e-09, 5.47991207966e-09, 3.6153073868e-09],
        "min": [7.77138495778e-08, 2.35993113051e-07, 4.49616550213e-07, 7.19092383861e-07, 5.8843863826e-07, 3.54171652361e-06, 1.04039725102e-06, 6.17423552285e-07, 8.58099653556e-08, 1.7625153248e-07, 2.19479048269e-07, 2.26698713135e-08, 7.21258146541e-08, 4.48646488849e-08, 2.0540950274e-08, 1.20712693175e-08, 5.45650902239e-09, 3.61827434681e-09, 5.78785197547e-09, 4.53269599632e-09, 5.47751000113e-09, 3.27972826675e-09, 2.70913202982e-09, 2.65824473544e-09, 3.09085779193e-09, 3.08359382473e-09, 2.618209205e-09, 2.34548669376e-09, 1.58810098405e-09, 2.27092633587e-09, 1.92411775402e-09, 2.06921302315e-09, 2.49788500994e-09, 2.50089837728e-09, 1.65304780975e-09, 1.72215863792e-09, 1.298513852e-09, 9.80895364933e-10, 1.18408916006e-09, 8.11156808389e-10],
        "stdev": [0.00195971503854, 0.00169893261045, 0.000695961585734, 0.00143641408067, 0.00207224441692, 0.00146737170871, 0.00110601366032, 0.000729441526346, 0.00084631354548, 0.000829590717331, 0.00158080109395, 0.000368278473616, 0.000102049867564, 5.47356248717e-05, 3.25516703015e-05, 3.61373749911e-05, 1.77608471859e-05, 1.09468392111e-05, 9.97446659312e-06, 3.39171447195e-06, 1.91170875041e-06, 1.15382658805e-06, 6.93728281931e-07, 5.67200800106e-07, 4.11725295635e-07, 3.11380432549e-07, 2.00051971433e-07, 2.12702815361e-07, 4.62708094062e-08, 7.90835841258e-08, 5.68710376569e-08, 5.78046162047e-08, 8.92837448419e-08, 8.77713191016e-08, 7.64504193285e-08, 5.8910625711e-08, 2.82031535903e-08, 2.21254090604e-08, 9.6095575941e-09, 2.50510345801e-09]
    },
    "melbands128": {
        "max": [0.00021841522539, 0.00588768068701, 0.0352024659514, 0.0467289350927, 0.0278312955052, 0.0191961303353, 0.00625228602439, 0.00996332429349, 0.0317752286792, 0.0196846220642, 0.0187189690769, 0.0369065180421, 0.0351843945682, 0.0256906189024, 0.0212869159877, 0.0197688993067, 0.0354462526739, 0.0186071880162, 0.0225458126515, 0.0133874155581, 0.0219176281244, 0.0204214844853, 0.0227630510926, 0.022187076509, 0.0102588189766, 0.0198880005628, 0.0267461966723, 0.0209505669773, 0.0142347356305, 0.00801608152688, 0.0052620600909, 0.00392651138827, 0.00180548289791, 0.00199606036767, 0.00206407671794, 0.00117972225416, 0.000958944845479, 0.000583180051763, 0.000925920554437, 0.00113428256009, 0.00069053034531, 0.000151051164721, 0.000187385681784, 0.000332922296366, 0.000291531643597, 0.000218814995605, 0.00019071684801, 0.0001946111297, 0.00016827363288, 6.71802845318e-05, 4.96352949995e-05, 2.78336538031e-05, 4.3983804062e-05, 5.6628119637e-05, 3.1620144e-05, 2.14212450373e-05, 2.04760654015e-05, 1.16196606541e-05, 1.08354906843e-05, 1.09854363473e-05, 8.42172084958e-06, 6.46417402095e-06, 5.28545160705e-06, 9.35308889893e-06, 5.96672225583e-06, 2.49932372753e-06, 7.74546788307e-06, 2.20771926251e-06, 3.30258171743e-06, 5.18536489835e-06, 6.4273181124e-06, 1.72236354956e-06, 5.41930432973e-07, 6.11664859207e-07, 7.87564374605e-07, 2.86720910481e-06, 1.2104861753e-06, 1.2636687643e-06, 1.67270536622e-06, 9.65305503087e-07, 7.30012402528e-07, 1.43432760069e-06, 1.63649417573e-06, 1.9965714273e-06, 3.31313390234e-06, 1.63104527928e-06, 1.08865287984e-06, 1.92682614397e-06, 1.36258859129e-06, 1.74288391008e-06, 1.02574517769e-06, 9.52464915827e-07, 3.79116244176e-07, 3.92534133198e-07, 5.22385903423e-07, 5.35327899343e-07, 5.33871116204e-07, 4.24143166811e-07, 3.1639746112e-07, 1.09228963652e-07, 9.7227086826e-08, 3.51289202172e-08, 1.25052910249e-08, 1.15748344243e-08, 1.0389141103e-08, 9.11532627157e-09, 8.57419468758e-09, 8.13927414356e-09, 7.76249997614e-09, 7.41495354006e-09, 7.09543757083e-09, 6.83244261168e-09, 6.56686527378e-09, 6.33928198823e-09, 6.11549566543e-09, 5.90488014041e-09, 5.72682434807e-09, 5.54416246246e-09, 5.40183142661e-09, 5.25580645672e-09, 5.11730435804e-09, 5.01427876998e-09, 4.91848251016e-09, 4.81744422132e-09, 4.75109418474e-09, 4.69879246623e-09, 4.65426719387e-09, 4.62749616403e-09],
        "mean": [2.76891682915e-06, 0.000132106753881, 0.000973238784354, 0.00110928784125, 0.000457023445051, 0.000155721179908, 0.000253266014624, 0.000331290793838, 0.000646110158414, 0.000998733332381, 0.000854281941429, 0.00139946793206, 0.00138678646181, 0.0010004962096, 0.00103454908822, 0.000986152561381, 0.000818446744233, 0.000429269712185, 0.000235516243265, 0.000192410981981, 0.000293657503789, 0.000317732861731, 0.000309263472445, 0.000247796502663, 0.000227660158998, 0.000333301577484, 0.00061284127878, 0.000733133987524, 0.000426662678365, 0.000108756183181, 5.78544932068e-05, 4.13216148445e-05, 1.74813758349e-05, 1.62612905115e-05, 1.70904513652e-05, 2.17043671e-05, 1.47965993165e-05, 8.0165655163e-06, 1.16602786875e-05, 1.53341770783e-05, 8.27246549306e-06, 5.82789471082e-06, 6.95158496455e-06, 1.00247916635e-05, 6.42965915176e-06, 2.97674819194e-06, 2.39390578827e-06, 3.81975678465e-06, 3.55933434548e-06, 2.39628411691e-06, 1.41638304285e-06, 9.78049683908e-07, 9.82531219051e-07, 7.74278078097e-07, 6.80147024923e-07, 5.10194468006e-07, 4.87162083118e-07, 4.51319152717e-07, 4.614204272e-07, 4.9820056347e-07, 3.61120953585e-07, 3.29638680796e-07, 3.29300036128e-07, 2.45499592211e-07, 2.36363675299e-07, 1.93240850876e-07, 2.64672763706e-07, 1.05100987469e-07, 1.09363135437e-07, 1.26986691384e-07, 1.06964442637e-07, 6.94936659329e-08, 3.56859217732e-08, 2.9005436275e-08, 2.25790230957e-08, 4.05141982185e-08, 2.74273919132e-08, 3.00253901742e-08, 2.91340462866e-08, 3.0495449721e-08, 3.09755598948e-08, 3.29177503033e-08, 3.47169546444e-08, 3.17404342809e-08, 3.14043191452e-08, 3.23422639781e-08, 3.08907708302e-08, 2.98413027622e-08, 2.72007447677e-08, 2.43498678998e-08, 2.39191493279e-08, 1.90041191672e-08, 1.38656339743e-08, 1.23792807116e-08, 1.16607701273e-08, 1.04513064869e-08, 8.66345661876e-09, 6.87939438748e-09, 5.69509417403e-09, 4.67302729845e-09, 3.98039601279e-09, 3.43581252338e-09, 3.17404524885e-09, 2.56276266875e-09, 4.15252693342e-10, 2.47581417173e-11, 2.30471908919e-11, 2.2146008985e-11, 2.12360094787e-11, 2.03525529763e-11, 1.95853298857e-11, 1.88505704102e-11, 1.81507309183e-11, 1.75110898004e-11, 1.693250401e-11, 1.64169702138e-11, 1.59912135617e-11, 1.53460386759e-11, 1.49050737031e-11, 1.45213936362e-11, 1.41624420524e-11, 1.3878476493e-11, 1.36014264088e-11, 1.33456422996e-11, 1.31155121486e-11, 1.28934285124e-11, 1.27345425871e-11, 1.26582355708e-11],
        "min": [1.85323711932e-09, 5.04170465376e-08, 2.29482477465e-08, 5.07689463802e-08, 1.94775786611e-08, 3.86694054555e-08, 9.01797605479e-08, 1.29780737268e-08, 1.16757391311e-07, 1.69121150861e-07, 2.06217151799e-07, 2.13231913904e-07, 6.30897005749e-08, 3.91876540107e-07, 6.0030390614e-07, 1.59646049269e-07, 5.70745896766e-07, 3.29731761894e-08, 8.63509939109e-08, 5.65291315979e-08, 6.52186855632e-08, 1.3530298304e-07, 5.76329846069e-08, 2.97942719385e-08, 3.8828694926e-08, 1.32934118824e-07, 5.33800736946e-08, 7.2758128411e-09, 1.07752349265e-08, 9.14219278059e-09, 1.21880834314e-08, 9.79304903836e-09, 1.10712878865e-08, 1.25407915164e-08, 4.00985484816e-08, 3.10258907454e-09, 7.78972886195e-09, 1.4883196009e-08, 8.02464672489e-09, 3.47765216624e-09, 4.42109326926e-09, 2.19604667784e-09, 2.16869988634e-09, 2.30298513593e-09, 9.11860920105e-10, 1.15677079027e-09, 1.23729948509e-09, 2.15820361582e-09, 1.88393611822e-09, 1.32349120552e-09, 2.69596345248e-09, 3.69845420956e-09, 2.44807507599e-09, 2.09438555387e-09, 1.33125255264e-09, 1.64381297463e-09, 1.54828283527e-09, 1.36586197907e-09, 1.84971205019e-09, 1.28187660486e-09, 1.8357730891e-09, 8.96381469051e-10, 1.74765890648e-09, 1.89856308452e-09, 2.0004975454e-09, 1.51815338079e-09, 1.5767891437e-09, 1.66825830927e-09, 1.34106881156e-09, 1.28001009791e-09, 1.60303714747e-09, 1.15368781195e-09, 1.19673571053e-09, 1.04594555239e-09, 1.2554792761e-09, 1.59468227512e-09, 1.03467490131e-09, 1.14004794494e-09, 8.90249762797e-10, 1.2383135628e-09, 1.42903122669e-09, 1.69457492483e-09, 1.26458454819e-09, 1.70612424188e-09, 1.29801314142e-09, 1.75691161619e-09, 1.61192903469e-09, 1.27980115394e-09, 1.19578635882e-09, 1.33935651458e-09, 8.746182667e-10, 1.11892028976e-09, 1.11601505814e-09, 9.38287447738e-10, 1.22493037935e-09, 8.40728597851e-10, 7.77942377184e-10, 6.72084443654e-10, 8.86270334899e-10, 3.76786046807e-10, 4.08690109532e-10, 5.93078086641e-10, 5.77786929412e-10, 4.55466969695e-10, 3.01343602849e-11, 1.82701550828e-13, 1.09763733476e-13, 1.22144210978e-13, 1.07259246786e-13, 9.60810952826e-14, 7.46153830454e-14, 1.03330037127e-13, 9.13910196436e-14, 1.01322602923e-13, 9.37827560835e-14, 8.37170502192e-14, 8.51360879039e-14, 9.32615394416e-14, 9.9890012711e-14, 1.1330094984e-13, 8.43025532737e-14, 1.20268893586e-13, 9.98466988342e-14, 9.58753137103e-14, 6.92026595533e-14, 2.8666061495e-14, 4.04040306258e-15, 1.76366076843e-16],
        "stdev": [7.5042721619e-06, 0.000525521347299, 0.003438960528, 0.00373578909785, 0.00169969175477, 0.000694366695825, 0.00053277699044, 0.000817612977698, 0.00176754151471, 0.0020697445143, 0.0017752519343, 0.00315687246621, 0.00283268815838, 0.00207631662488, 0.00206922763027, 0.00192329159472, 0.00219142390415, 0.00116654345766, 0.000879088183865, 0.000729618943296, 0.00124446733389, 0.00118057383224, 0.00122897455003, 0.0009670490399, 0.000800865178462, 0.00118248618674, 0.00251113437116, 0.00258971680887, 0.001578149735, 0.000489805126563, 0.000323688844219, 0.000246811046964, 0.000115680966701, 9.71030676737e-05, 8.70235598995e-05, 8.33586018416e-05, 5.17408116139e-05, 3.12728188874e-05, 5.61692322663e-05, 8.91093804967e-05, 3.95901479351e-05, 1.70749135577e-05, 2.29370125453e-05, 3.56633463525e-05, 2.2201335014e-05, 1.29594163809e-05, 9.50983212533e-06, 1.73274602275e-05, 1.34264237204e-05, 7.22383219909e-06, 4.03953072237e-06, 2.55415875472e-06, 2.93949278785e-06, 3.34153264703e-06, 2.08183018913e-06, 1.44821683534e-06, 1.53074847731e-06, 8.88390673026e-07, 8.70980670697e-07, 1.02876879282e-06, 7.24515359707e-07, 7.04540582319e-07, 6.27209999493e-07, 5.0184689826e-07, 4.30061987799e-07, 3.12150376658e-07, 6.18298656718e-07, 1.90808592038e-07, 2.27132602504e-07, 3.3785735809e-07, 3.82083186423e-07, 1.45339882351e-07, 5.69698883623e-08, 5.19448732916e-08, 4.32953441987e-08, 1.8336032781e-07, 5.3806139988e-08, 6.98154991596e-08, 6.77599274468e-08, 6.08693042636e-08, 5.5101512686e-08, 7.09548331201e-08, 9.04811230384e-08, 9.99171234639e-08, 1.17499823205e-07, 9.58646708682e-08, 8.76896351087e-08, 1.02478416864e-07, 7.8308531215e-08, 7.49147517354e-08, 7.62043015357e-08, 6.30147809488e-08, 3.32819318771e-08, 2.74672231626e-08, 2.87656352072e-08, 2.97476461242e-08, 2.18350155734e-08, 1.64966404981e-08, 1.16806964101e-08, 6.28493435073e-09, 4.02980804282e-09, 2.31065278022e-09, 1.52678947263e-09, 1.29400223869e-09, 4.96560181862e-10, 3.89037552173e-10, 3.69931307809e-10, 3.53397949793e-10, 3.38267303057e-10, 3.24202581448e-10, 3.11564135602e-10, 2.99600899645e-10, 2.88307128171e-10, 2.78311762525e-10, 2.68833094674e-10, 2.60081012282e-10, 2.52154047642e-10, 2.4437576962e-10, 2.37835862116e-10, 2.3173503394e-10, 2.25955282263e-10, 2.21450871529e-10, 2.16896459126e-10, 2.12740644545e-10, 2.09813222352e-10, 2.07598993551e-10, 2.0570997683e-10, 2.0456754346e-10]
    },
    "mfcc": {
        "mean": [-787.556213379, 193.984985352, 22.0367240906, 1.46446299553, -18.1273498535, -17.211769104, -20.0692634583, -5.17088651657, -13.6812963486, -4.46432924271, -7.62224817276, -11.7016887665, -6.57951068878],
        "cov": [[2645.50830078, 723.451904297, -1118.25769043, 121.720848083, 194.066543579, 158.675125122, 186.421875, 179.854705811, -63.2946052551, 212.859039307, 103.765769958, -73.1792373657, -94.5778045654], [723.451904297, 695.195251465, -162.131256104, 57.3178863525, 137.049438477, 22.1666164398, 119.449050903, 29.0282897949, 7.81062173843, 72.1159057617, 36.0219535828, 4.85347223282, -12.2277145386], [-1118.25769043, -162.131256104, 1058.2746582, 238.951583862, 29.6120738983, -9.13522815704, -64.463508606, -34.2506256104, 27.4122428894, -88.0561523438, -15.5188322067, 126.535446167, 75.2258148193], [121.720848083, 57.3178863525, 238.951583862, 447.619995117, 181.169113159, 22.3348903656, 23.819896698, 47.3492507935, 56.3113632202, -0.917420506477, 21.0973739624, 73.9600372314, 62.098777771], [194.066543579, 137.049438477, 29.6120738983, 181.169113159, 228.358840942, 44.5831069946, -5.5794916153, 30.8493690491, 40.5142211914, 17.1260490417, -13.3477706909, 17.5900688171, 26.0077209473], [158.675125122, 22.1666164398, -9.13522815704, 22.3348903656, 44.5831069946, 172.498458862, 142.012771606, 59.1627502441, 18.6501674652, 38.7688484192, 30.7248973846, 6.20456838608, 18.5841197968], [186.421875, 119.449050903, -64.463508606, 23.819896698, -5.5794916153, 142.012771606, 283.533203125, 101.025222778, 19.4784832001, 57.42811203, 53.6095466614, 12.8815565109, 21.9518051147], [179.854705811, 29.0282897949, -34.2506256104, 47.3492507935, 30.8493690491, 59.1627502441, 101.025222778, 133.404006958, 55.5980415344, 36.8748817444, 35.0914497375, 9.7745923996, 6.58879041672], [-63.2946052551, 7.81062173843, 27.4122428894, 56.3113632202, 40.5142211914, 18.6501674652, 19.4784832001, 55.5980415344, 143.096618652, 40.1291427612, 5.87056827545, 12.3578491211, 19.2786064148], [212.859039307, 72.1159057617, -88.0561523438, -0.917420506477, 17.1260490417, 38.7688484192, 57.42811203, 36.8748817444, 40.1291427612, 132.599639893, 66.4445495605, -6.9833741188, -2.90470957756], [103.765769958, 36.0219535828, -15.5188322067, 21.0973739624, -13.3477706909, 30.7248973846, 53.6095466614, 35.0914497375, 5.87056827545, 66.4445495605, 117.618751526, 43.1808433533, 10.3663158417], [-73.1792373657, 4.85347223282, 126.535446167, 73.9600372314, 17.5900688171, 6.20456838608, 12.8815565109, 9.7745923996, 12.3578491211, -6.9833741188, 43.1808433533, 101.652023315, 51.5285377502], [-94.5778045654, -12.2277145386, 75.2258148193, 62.098777771, 26.0077209473, 18.5841197968, 21.9518051147, 6.58879041672, 19.2786064148, -2.90470957756, 10.3663158417, 51.5285377502, 106.197463989]],
        "icov": [[0.00308442651294, -0.00277048768476, 0.00338160106912, -0.00326480017975, 0.00241987220943, -0.00446648942307, 0.00393605651334, -0.00442507769912, 0.0040121008642, -0.00322236376815, 0.00243841391057, -0.00227814074606, 0.00164245814085], [-0.00277048768476, 0.00472797360271, -0.00286416639574, 0.00338166672736, -0.00446400884539, 0.00575559120625, -0.00557557586581, 0.00487237749621, -0.00348455645144, 0.00238613924012, -0.00261720293202, 0.00163651595358, -0.000776040775236], [0.00338160106912, -0.00286416639574, 0.00508685456589, -0.00433843815699, 0.00318013620563, -0.00539683969691, 0.00463269883767, -0.0044305534102, 0.0041253301315, -0.00316288345493, 0.00322027667426, -0.00404079491273, 0.00190918310545], [-0.00326480017975, 0.00338166672736, -0.00433843815699, 0.00801205728203, -0.00666051032022, 0.006596731022, -0.00562540255487, 0.00443189684302, -0.00474385544658, 0.00419950671494, -0.00400436436757, 0.00181822909508, -0.00228078663349], [0.00241987220943, -0.00446400884539, 0.00318013620563, -0.00666051032022, 0.0128505043685, -0.00890353601426, 0.0079134805128, -0.00560665223747, 0.00311233359389, -0.00440262677148, 0.0060055940412, -0.00277772755362, 0.0004823775962], [-0.00446648942307, 0.00575559120625, -0.00539683969691, 0.006596731022, -0.00890353601426, 0.0195261873305, -0.0130875455216, 0.00678966520354, -0.00575661566108, 0.00440544821322, -0.00551351904869, 0.00454937992617, -0.00280580134131], [0.00393605651334, -0.00557557586581, 0.00463269883767, -0.00562540255487, 0.0079134805128, -0.0130875455216, 0.0152269108221, -0.0105557423085, 0.00638419156894, -0.00531267886981, 0.0042238603346, -0.00330863962881, 0.00061972119147], [-0.00442507769912, 0.00487237749621, -0.0044305534102, 0.00443189684302, -0.00560665223747, 0.00678966520354, -0.0105557423085, 0.0202179532498, -0.010444264859, 0.00596519233659, -0.00676982896402, 0.0038064934779, -0.000847518094815], [0.0040121008642, -0.00348455645144, 0.0041253301315, -0.00474385544658, 0.00311233359389, -0.00575661566108, 0.00638419156894, -0.010444264859, 0.0154792955145, -0.00863856077194, 0.00663484120741, -0.00445411773399, 0.00106438389048], [-0.00322236376815, 0.00238613924012, -0.00316288345493, 0.00419950671494, -0.00440262677148, 0.00440544821322, -0.00531267886981, 0.00596519233659, -0.00863856077194, 0.018775805831, -0.0130089167506, 0.00809958484024, -0.0023533324711], [0.00243841391057, -0.00261720293202, 0.00322027667426, -0.00400436436757, 0.0060055940412, -0.00551351904869, 0.0042238603346, -0.00676982896402, 0.00663484120741, -0.0130089167506, 0.0218076445162, -0.0124505730346, 0.00332388910465], [-0.00227814074606, 0.00163651595358, -0.00404079491273, 0.00181822909508, -0.00277772755362, 0.00454937992617, -0.00330863962881, 0.0038064934779, -0.00445411773399, 0.00809958484024, -0.0124505730346, 0.0227890554816, -0.00852153915912], [0.00164245814085, -0.000776040775236, 0.00190918310545, -0.00228078663349, 0.0004823775962, -0.00280580134131, 0.00061972119147, -0.000847518094815, 0.00106438389048, -0.0023533324711, 0.00332388910465, -0.00852153915912, 0.0146211907268]]
    },
    "spectral_contrast_coeffs": {
        "max": [-0.27873134613, -0.414375752211, -0.45397272706, -0.647939860821, -0.711408257484, -0.711879611015],
        "mean": [-0.582865834236, -0.671074509621, -0.697678089142, -0.797864615917, -0.826799035072, -0.826016068459],
        "min": [-0.876442313194, -0.903824925423, -0.932786166668, -0.952387630939, -0.946220755577, -0.954817414284],
        "stdev": [0.111338317394, 0.0803495422006, 0.0794991329312, 0.0543070957065, 0.0437889061868, 0.029481260106]
    },
    "spectral_contrast_valleys": {
        "max": [-5.13291358948, -5.11792039871, -6.57561445236, -7.45816469193, -8.29628372192, -10.2360649109],
        "mean": [-7.90902853012, -6.99087142944, -8.40162944794, -9.29444122314, -9.63011932373, -11.9430036545],
        "min": [-10.0209913254, -9.23446941376, -10.2966594696, -10.9034690857, -10.5840654373, -12.5941314697],
        "stdev": [1.04267704487, 0.696916282177, 0.746569216251, 0.703948140144, 0.467961490154, 0.235853672028]
    }
},
"rhythm": {
    "beats_count": 60,
    "beats_loudness": {
        "max": 0.0746975466609,
        "mean": 0.0255913734436,
        "min": 0.000836071209051,
        "stdev": 0.0186850875616
    },
    "bpm": 108.679885864,
    "bpm_histogram_first_peak_bpm": 108,
    "bpm_histogram_first_peak_weight": 0.629629611969,
    "bpm_histogram_second_peak_bpm": 115,
    "bpm_histogram_second_peak_spread": 0.333333313465,
    "bpm_histogram_second_peak_weight": 0.101694911718,
    "danceability": 0.987085044384,
    "onset_rate": 2.46093726158,
    "beats_loudness_band_ratio": {
        "max": [0.660046875477, 0.958905041218, 0.883238017559, 0.856894850731, 0.0369175076485, 0.0373563468456],
        "mean": [0.131902053952, 0.518640220165, 0.334841281176, 0.100557520986, 0.00584672437981, 0.00151199707761],
        "min": [0.000477830675663, 0.0917932763696, 0.0375078245997, 0.000664021586999, 0.000117428848171, 7.16868962627e-05],
        "stdev": [0.165320932865, 0.246869057417, 0.213511273265, 0.184015899897, 0.00804614741355, 0.00488490844145]
    },
    "beats_position": [0.487619042397, 0.99845802784, 1.53251695633, 2.06657600403, 2.58902478218, 3.12308382988, 3.66875267029, 4.20281171799, 4.73687076569, 5.27092981339, 5.8282084465, 6.30421733856, 6.79183673859, 7.26784563065, 7.73224496841, 8.18503379822, 8.63782310486, 9.07900238037, 9.52018165588, 9.96135997772, 10.3909292221, 10.8901586533, 11.4009971619, 11.9234466553, 12.4342851639, 12.9567346573, 13.479183197, 14.0016326904, 14.5356912613, 15.0929698944, 15.6502494812, 16.2075271606, 16.7648067474, 17.3453063965, 17.9025840759, 18.4714736938, 19.0403633118, 19.5976409912, 20.1665306091, 20.7238082886, 21.2926979065, 21.8731975555, 22.430475235, 22.9877548218, 23.5566444397, 24.102312088, 24.6479816437, 25.1820411682, 25.7160987854, 26.2385482788, 26.8422679901, 27.4459857941, 28.0729255676, 28.6882534027, 29.291973114, 29.9073009491, 30.5110206604, 31.1031284332, 31.7068481445, 32.2989578247],
