{
"metadata": {
    "version": {
        "essentia": "2.1-beta5",
        "essentia_git_sha": "Undefined",
        "extractor": "music 2.0"
    },
    "audio_properties": {
        "analysis": {
            "equal_loudness": 0,
            "length": 32.4963264465,
            "sample_rate": 44100,
            "start_time": 61.4980506897,
            "downmix": "mix"
        },
        "bit_rate": 192000,
        "length": 256.603729248,
        "lossless": 0,
        "number_channels": 2,
        "replay_gain": -8.92720985413,
        "sample_rate": 48000,
        "codec": "mp3",
        "md5_encoded": "59177e67326a43387a5e1c1bc84a1261"
    },
    "tags": {
        "file_name": "Switzerland_L_enfant Que J_étais_Lys Assia.mp3",
        "encoding": ["Lavf58.29.100"]
    }
},
"lowlevel": {
    "average_loudness": 0.829587697983,
    "barkbands_crest": {
        "max": 26.4103393555,
        "mean": 13.8115730286,
        "min": 4.72589588165,
        "stdev": 5.19829082489
    },
    "barkbands_flatness_db": {
        "max": 0.471053272486,
        "mean": 0.304857075214,
        "min": 0.116787947714,
        "stdev": 0.0502994097769
    },
    "barkbands_kurtosis": {
        "max": 325.543518066,
        "mean": 22.5015335083,
        "min": -1.05239462852,
        "stdev": 40.3095550537
    },
    "barkbands_skewness": {
        "max": 15.7407474518,
        "mean": 2.44327998161,
        "min": -0.58286690712,
        "stdev": 2.46860218048
    },
    "barkbands_spread": {
        "max": 37.5426635742,
        "mean": 4.29735517502,
        "min": 0.335260659456,
        "stdev": 3.14397311211
    },
    "dissonance": {
        "max": 0.499886661768,
        "mean": 0.378622412682,
        "min": 0.179981350899,
        "stdev": 0.0565170161426
    },
    "dynamic_complexity": 3.52880740166,
    "erbbands_crest": {
        "max": 32.2145767212,
        "mean": 15.7987260818,
        "min": 5.18504953384,
        "stdev": 5.89051866531
    },
    "erbbands_flatness_db": {
        "max": 0.429839730263,
        "mean": 0.300336897373,
        "min": 0.130218818784,
        "stdev": 0.0464428327978
    },
    "erbbands_kurtosis": {
        "max": 98.9785308838,
        "mean": 10.4808320999,
        "min": -1.7800577879,
        "stdev": 14.7699022293
    },
    "erbbands_skewness": {
        "max": 8.76968765259,
        "mean": 2.0531938076,
        "min": -0.623692929745,
        "stdev": 1.60828006268
    },
    "erbbands_spread": {
        "max": 65.8537368774,
        "mean": 11.8647813797,
        "min": 0.977756619453,
        "stdev": 7.94559192657
    },
    "hfc": {
        "max": 36.8592681885,
        "mean": 8.02444553375,
        "min": 0.0140841025859,
        "stdev": 7.013712883
    },
    "loudness_ebu128": {
        "integrated": -16.7995986938,
        "loudness_range": 5.37919235229,
        "momentary": {
            "max": -11.3772315979,
            "mean": -18.0421504974,
            "min": -31.5244750977,
            "stdev": 3.46011018753
        },
        "short_term": {
            "max": -13.5806894302,
            "mean": -17.3760700226,
            "min": -22.4254550934,
            "stdev": 1.95791697502
        }
    },
    "melbands_crest": {
        "max": 33.1133346558,
        "mean": 16.4373970032,
        "min": 5.6957025528,
        "stdev": 6.35526752472
    },
    "melbands_flatness_db": {
        "max": 0.577294945717,
        "mean": 0.356519252062,
        "min": 0.101107314229,
        "stdev": 0.0569054670632
    },
    "melbands_kurtosis": {
        "max": 274.678985596,
        "mean": 21.3980751038,
        "min": -1.02351331711,
        "stdev": 36.5008506775
    },
    "melbands_skewness": {
        "max": 11.536450386,
        "mean": 2.08365297318,
        "min": -0.791557073593,
        "stdev": 1.89999508858
    },
    "melbands_spread": {
        "max": 40.3122367859,
        "mean": 5.8564620018,
        "min": 0.47383877635,
        "stdev": 3.97297787666
    },
    "pitch_salience": {
        "max": 0.789903521538,
        "mean": 0.509159088135,
        "min": 0.118566550314,
        "stdev": 0.130895793438
    },
    "silence_rate_20dB": {
        "max": 1,
        "mean": 1,
        "min": 1,
        "stdev": 0
    },
    "silence_rate_30dB": {
        "max": 1,
        "mean": 1,
        "min": 1,
        "stdev": 0
    },
    "silence_rate_60dB": {
        "max": 1,
        "mean": 0.0728051364422,
        "min": 0,
        "stdev": 0.259816706181
    },
    "spectral_centroid": {
        "max": 2079.02172852,
        "mean": 472.666992188,
        "min": 217.676132202,
        "stdev": 161.291213989
    },
    "spectral_complexity": {
        "max": 16,
        "mean": 7.66809415817,
        "min": 0,
        "stdev": 2.5202524662
    },
    "spectral_decrease": {
        "max": -7.54978544959e-12,
        "mean": -5.14971665311e-09,
        "min": -2.65016648626e-08,
        "stdev": 4.25938662119e-09
    },
    "spectral_energy": {
        "max": 0.103349901736,
        "mean": 0.0201640557498,
        "min": 2.97720962408e-05,
        "stdev": 0.0166367292404
    },
    "spectral_energyband_high": {
        "max": 0.000159449322382,
        "mean": 1.16834326036e-05,
        "min": 3.1001857792e-07,
        "stdev": 1.41898972288e-05
    },
    "spectral_energyband_low": {
        "max": 0.0574211031199,
        "mean": 0.00197471817955,
        "min": 1.11501549327e-06,
        "stdev": 0.00424303719774
    },
    "spectral_energyband_middle_high": {
        "max": 0.0195340905339,
        "mean": 0.00100205163471,
        "min": 2.09419613384e-06,
        "stdev": 0.00197208346799
    },
    "spectral_energyband_middle_low": {
        "max": 0.102670364082,
        "mean": 0.0175887625664,
        "min": 2.60276956396e-05,
        "stdev": 0.0160607397556
    },
    "spectral_entropy": {
        "max": 8.06391143799,
        "mean": 6.1147608757,
        "min": 4.74711227417,
        "stdev": 0.481768012047
    },
    "spectral_flux": {
        "max": 0.209697619081,
        "mean": 0.0522517450154,
        "min": 0.00452492805198,
        "stdev": 0.0333606228232
    },
    "spectral_kurtosis": {
        "max": 72.6664962769,
        "mean": 18.5574970245,
        "min": 0.222760438919,
        "stdev": 11.6602487564
    },
    "spectral_rms": {
        "max": 0.0100413728505,
        "mean": 0.00406801141798,
        "min": 0.000170428713318,
        "stdev": 0.0017673446564
    },
    "spectral_rolloff": {
        "max": 3273.046875,
        "mean": 540.082641602,
        "min": 64.599609375,
        "stdev": 235.163879395
    },
    "spectral_skewness": {
        "max": 7.11085033417,
        "mean": 3.22595477104,
        "min": 0.517919182777,
        "stdev": 0.998320996761
    },
    "spectral_spread": {
        "max": 8149569.5,
        "mean": 2531617.25,
        "min": 1063241.125,
        "stdev": 863057.8125
    },
    "spectral_strongpeak": {
        "max": 4.59184551239,
        "mean": 1.25337290764,
        "min": 0.00876170955598,
        "stdev": 1.01853442192
    },
    "zerocrossingrate": {
        "max": 0.11767578125,
        "mean": 0.0218405667692,
        "min": 0.0029296875,
        "stdev": 0.00838761776686
    },
    "barkbands": {
        "max": [0.00343271298334, 0.0500315986574, 0.0161053147167, 0.0179210212082, 0.0586019009352, 0.100380547345, 0.0503169223666, 0.0339143238962, 0.0327472873032, 0.0165779832751, 0.0144022312015, 0.00459836889058, 0.00768915237859, 0.0028593915049, 0.000799840316176, 0.00167640147265, 0.000183834010386, 0.000262805406237, 0.000481226685224, 0.000111874418508, 3.57655262633e-05, 4.49404979008e-05, 5.61100059713e-05, 5.36527186341e-05, 5.49442802367e-06, 2.85140089318e-07, 2.99958742289e-07],
        "mean": [1.20499889817e-05, 0.00115572847426, 0.000533505750354, 0.000879699713551, 0.00375599018298, 0.00769868306816, 0.00191269989591, 0.00146669440437, 0.00164048851002, 0.000393976457417, 0.000237542393734, 0.000141799930134, 0.000142526259879, 9.22708641156e-05, 2.14202391362e-05, 1.33004459713e-05, 1.18620810099e-05, 1.52612883539e-05, 2.1163477868e-05, 1.03463653431e-05, 1.2680375221e-06, 1.00606985143e-06, 2.49147569775e-06, 2.05992159863e-06, 2.40840790866e-07, 9.1270835334e-10, 9.70204028228e-10],
        "min": [5.69862912414e-09, 5.12301141953e-07, 6.82313583411e-08, 8.98148186934e-08, 8.70910184858e-07, 8.50648666528e-06, 4.31144940194e-07, 5.03734895574e-07, 2.630226561e-07, 1.70106261521e-07, 3.07180414438e-07, 1.42566335626e-07, 1.53564371885e-07, 7.34264844482e-08, 9.32604606874e-08, 4.43793304328e-08, 4.19078816094e-08, 7.25403452861e-08, 7.59209513035e-08, 4.38174545536e-08, 8.96625564906e-08, 2.59332786356e-08, 3.94262613668e-08, 6.11321624433e-08, 2.15947526527e-08, 1.47170713116e-11, 1.93127909498e-11],
        "stdev": [0.000129631938762, 0.00311575271189, 0.00133274681866, 0.00201306631789, 0.0063181836158, 0.0143708297983, 0.00369039759971, 0.00359207484871, 0.00377684668638, 0.00127486209385, 0.000830020639114, 0.000372997514205, 0.000652492628433, 0.000316970486892, 4.84669872094e-05, 8.26610994409e-05, 1.7916861907e-05, 2.59616190306e-05, 4.41863558081e-05, 1.68798796949e-05, 2.83430063064e-06, 3.23063932228e-06, 3.92393849324e-06, 3.02495141113e-06, 2.99380872093e-07, 7.7050010816e-09, 8.10997402567e-09]
    },
    "erbbands": {
        "max": [1.61041343212, 10.3962306976, 23.7748451233, 23.1785793304, 109.146697998, 273.823242188, 458.28704834, 1302.07910156, 641.882263184, 621.767822266, 927.997192383, 743.476928711, 621.393310547, 658.076599121, 223.539718628, 155.917419434, 428.620147705, 183.425064087, 57.1680221558, 62.7350845337, 37.4479827881, 8.98683738708, 8.64863204956, 32.8090171814, 11.8183364868, 6.14664840698, 2.03995680809, 1.50977408886, 1.6863656044, 1.43560540676, 1.79063880444, 1.53857445717, 0.589515924454, 0.139600262046, 0.0108336675912, 0.00116679014172, 0.000532174133696, 0.000188070858712, 4.91579194204e-05, 0.000114684051368],
        "mean": [0.0157076399773, 0.312543511391, 0.7774477005, 1.59988546371, 6.64201211929, 15.4082870483, 25.7831707001, 80.3376235962, 36.4899978638, 25.6659927368, 37.4234237671, 39.0685882568, 21.1296234131, 8.87584018707, 9.49468517303, 5.2460436821, 6.28589010239, 5.83973550797, 2.34572005272, 0.957912683487, 0.566650271416, 0.655104339123, 0.701523244381, 1.47153580189, 0.617265045643, 0.516597747803, 0.117857970297, 0.0430276505649, 0.0344101004303, 0.0483600236475, 0.0759574323893, 0.0588337667286, 0.0247599259019, 0.00520214857534, 0.000710607040673, 3.29220965796e-05, 8.93509422895e-06, 1.83996633041e-06, 9.66796233115e-06, 2.25325093197e-05],
        "min": [2.05004034797e-05, 4.09005260735e-05, 8.55229664012e-05, 0.000375258387066, 0.00253942166455, 0.0037364216987, 0.0530471764505, 0.0563953816891, 0.0183164123446, 0.00578903965652, 0.0153507189825, 0.0264422297478, 0.016765171662, 0.0129262767732, 0.0129889119416, 0.0062876464799, 0.00791059900075, 0.00520801916718, 0.00381714850664, 0.00428312504664, 0.00320148421451, 0.00268976204097, 0.00323740299791, 0.00576501525939, 0.0038619809784, 0.0024498088751, 0.00236167828552, 0.00309166288935, 0.000900893704966, 0.00164473592304, 0.00101816141978, 0.000898023368791, 0.00113116402645, 0.000296517420793, 0.000132418528665, 7.94125389803e-06, 8.1756451209e-07, 1.30440525936e-07, 1.04346682406e-07, 1.69250029103e-07],
        "stdev": [0.0666286870837, 0.821057200432, 1.99508082867, 2.93915224075, 11.9118566513, 29.9830226898, 40.8085594177, 170.219207764, 64.691116333, 46.7033462524, 91.3619689941, 87.1620407104, 57.5473709106, 28.5102672577, 26.5571231842, 11.3166427612, 29.4368572235, 18.206495285, 5.44715356827, 3.59815764427, 1.88109481335, 0.964707672596, 0.927149772644, 2.98265504837, 1.05822193623, 0.847299575806, 0.164932906628, 0.116486735642, 0.11523988843, 0.109367705882, 0.120337225497, 0.0924060568213, 0.0330455861986, 0.00655796704814, 0.000791198282968, 3.78147633455e-05, 1.5258618987e-05, 5.17169564773e-06, 7.90668491391e-06, 1.85127701116e-05]
    },
    "gfcc": {
        "mean": [-137.465057373, 177.106201172, -114.484573364, 14.2518377304, -86.004196167, -15.3804206848, -41.0830459595, -5.59070396423, -10.7928543091, -26.3073863983, 18.603843689, -22.3388404846, 4.94858503342],
        "cov": [[1535.89245605, 404.498382568, -242.78515625, -175.282302856, 277.899414062, -124.608634949, 170.111618042, 54.5081176758, 27.9994888306, -62.8387451172, 140.890869141, -230.533554077, -170.79145813], [404.498382568, 476.271789551, 123.235771179, -130.170089722, 242.053146362, 83.0630111694, 135.063766479, 42.1065368652, 46.0234069824, 19.2938098907, 12.4148244858, -114.344810486, -69.3600997925], [-242.78515625, 123.235771179, 753.413818359, 382.186950684, -18.2446269989, 42.2649345398, -48.7610168457, 15.0610208511, 124.550445557, -38.0078544617, -12.4276380539, 70.0023574829, 19.1470108032], [-175.282302856, -130.170089722, 382.186950684, 650.291442871, -1.21245849133, -54.7630348206, -73.398475647, 54.0153503418, 99.5469741821, -72.2185287476, -41.7837257385, 79.737991333, 21.5225315094], [277.899414062, 242.053146362, -18.2446269989, -1.21245849133, 282.822174072, 32.5830230713, 63.2680206299, 61.5209388733, 16.975528717, 17.7966022491, 16.2981643677, -54.7863883972, -40.5047416687], [-124.608634949, 83.0630111694, 42.2649345398, -54.7630348206, 32.5830230713, 426.770324707, 115.824630737, -16.8708457947, 12.3748073578, 93.8039169312, -43.6652488708, -66.5305786133, 13.2416543961], [170.111618042, 135.063766479, -48.7610168457, -73.398475647, 63.2680206299, 115.824630737, 237.452774048, 28.5510063171, -54.5146484375, 62.0462837219, 54.9612121582, -3.04597139359, -6.48340606689], [54.5081176758, 42.1065368652, 15.0610208511, 54.0153503418, 61.5209388733, -16.8708457947, 28.5510063171, 116.357566833, 48.8965797424, -10.2388401031, 12.0206260681, 0.553805470467, -3.95148968697], [27.9994888306, 46.0234069824, 124.550445557, 99.5469741821, 16.975528717, 12.3748073578, -54.5146484375, 48.8965797424, 158.040817261, 33.0895042419, -24.2517642975, -18.5135326385, -10.5553417206], [-62.8387451172, 19.2938098907, -38.0078544617, -72.2185287476, 17.7966022491, 93.8039169312, 62.0462837219, -10.2388401031, 33.0895042419, 159.041610718, 25.5520706177, 7.37948799133, 9.48169708252], [140.890869141, 12.4148244858, -12.4276380539, -41.7837257385, 16.2981643677, -43.6652488708, 54.9612121582, 12.0206260681, -24.2517642975, 25.5520706177, 145.315597534, 58.8143844604, 2.79270339012], [-230.533554077, -114.344810486, 70.0023574829, 79.737991333, -54.7863883972, -66.5305786133, -3.04597139359, 0.553805470467, -18.5135326385, 7.37948799133, 58.8143844604, 188.959960938, 87.6029434204], [-170.79145813, -69.3600997925, 19.1470108032, 21.5225315094, -40.5047416687, 13.2416543961, -6.48340606689, -3.95148968697, -10.5553417206, 9.48169708252, 2.79270339012, 87.6029434204, 116.002723694]],
        "icov": [[0.00216886517592, -0.000219125591684, 0.00081335514551, -7.51347251935e-05, -0.00124937202781, 0.00108977360651, -0.00242866342887, 0.00221460475586, -0.00307561410591, 0.00262937648222, -0.00296057155356, 0.00285806879401, -0.000260894128587], [-0.000219125591684, 0.0124789942056, -0.0046827676706, 0.00519292941317, -0.00929697230458, 0.00162596139126, -0.00783698726445, 0.00376285845414, -0.00644152704626, 0.00403069099411, 0.00117688404862, 0.00363639183342, -0.000483466865262], [0.00081335514551, -0.0046827676706, 0.00429683597758, -0.00297546293586, 0.00298641202971, -0.000834724749438, 0.0017184894532, 0.000550485216081, -0.00064992136322, 0.000557772407774, -0.00185898866039, -0.00126734399237, 0.000390375353163], [-7.51347251935e-05, 0.00519292941317, -0.00297546293586, 0.00481882737949, -0.00408768234774, 0.000817751395516, -0.00327287521213, 0.000941449776292, -0.00351153966039, 0.00259436503984, 0.00152526958846, 0.000128747939016, 0.000254361511907], [-0.00124937202781, -0.00929697230458, 0.00298641202971, -0.00408768234774, 0.0124201690778, -0.0020034390036, 0.00697199534625, -0.00665607582778, 0.00733164092526, -0.00538319209591, 0.000469407095807, -0.00325411045924, 0.00114884693176], [0.00108977360651, 0.00162596139126, -0.000834724749438, 0.000817751395516, -0.0020034390036, 0.00466996477917, -0.00433872547001, 0.00248127500527, -0.00266266311519, 0.000224153933232, -1.63804579643e-05, 0.00396442459896, -0.00208192318678], [-0.00242866342887, -0.00783698726445, 0.0017184894532, -0.00327287521213, 0.00697199534625, -0.00433872547001, 0.0161849427968, -0.00918430183083, 0.012852258049, -0.00883836019784, 0.00070109119406, -0.00556213827804, 0.00165879260749], [0.00221460475586, 0.00376285845414, 0.000550485216081, 0.000941449776292, -0.00665607582778, 0.00248127500527, -0.00918430183083, 0.0182094536722, -0.0127703053877, 0.00818640459329, -0.00360717694275, 0.00339770084247, -0.00156561331823], [-0.00307561410591, -0.00644152704626, -0.00064992136322, -0.00351153966039, 0.00733164092526, -0.00266266311519, 0.012852258049, -0.0127703053877, 0.0222269203514, -0.0125185055658, 0.00448938831687, -0.00386744714342, 0.00138452148531], [0.00262937648222, 0.00403069099411, 0.000557772407774, 0.00259436503984, -0.00538319209591, 0.000224153933232, -0.00883836019784, 0.00818640459329, -0.0125185055658, 0.0158759504557, -0.00470691267401, 0.00266151269898, -0.000745839090087], [-0.00296057155356, 0.00117688404862, -0.00185898866039, 0.00152526958846, 0.000469407095807, -1.63804579643e-05, 0.00070109119406, -0.00360717694275, 0.00448938831687, -0.00470691267401, 0.0146672204137, -0.00800538994372, 0.00293637765571], [0.00285806879401, 0.00363639183342, -0.00126734399237, 0.000128747939016, -0.00325411045924, 0.00396442459896, -0.00556213827804, 0.00339770084247, -0.00386744714342, 0.00266151269898, -0.00800538994372, 0.0180232040584, -0.00920388568193], [-0.000260894128587, -0.000483466865262, 0.000390375353163, 0.000254361511907, 0.00114884693176, -0.00208192318678, 0.00165879260749, -0.00156561331823, 0.00138452148531, -0.000745839090087, 0.00293637765571, -0.00920388568193, 0.0155806867406]]
    },
    "melbands": {
        "max": [0.0144783584401, 0.0124467713758, 0.00632245885208, 0.0115741575137, 0.0132434377447, 0.024820510298, 0.0106827029958, 0.00546883558854, 0.00698618637398, 0.00555802788585, 0.0031105526723, 0.00245571043342, 0.00099127413705, 0.000572414079215, 0.000463839824079, 0.000886534049641, 0.000321636180161, 0.000150576350279, 8.27054245747e-05, 0.00017876009224, 1.30158960019e-05, 1.23353502204e-05, 4.14325768361e-06, 1.55223096954e-05, 3.42502607964e-05, 1.02662806967e-05, 5.51821995032e-06, 4.21502682002e-06, 1.61919365382e-06, 7.84674512033e-07, 1.15387501864e-06, 8.92031152944e-07, 9.5041991699e-07, 8.44531541588e-07, 8.28086797355e-07, 1.57228532771e-06, 6.82874258473e-07, 4.65929161919e-07, 2.30393396805e-07, 7.50168780428e-08],
        "mean": [0.000235014158534, 0.000418840209022, 0.00042222707998, 0.000816715764813, 0.000872794422321, 0.00166070729028, 0.00053319206927, 0.000274251709925, 0.0003092623665, 0.00024144454801, 9.95864684228e-05, 3.32348572556e-05, 3.02232529066e-05, 1.96152195713e-05, 9.46199997998e-06, 1.64820794453e-05, 1.03068587123e-05, 4.40049007011e-06, 1.43019701682e-06, 1.23094457649e-06, 5.38606457212e-07, 7.49192736293e-07, 4.84352653984e-07, 7.88222905612e-07, 1.31427771066e-06, 5.15999090567e-07, 3.72286905304e-07, 3.32612358989e-07, 8.51750527886e-08, 2.71116409323e-08, 2.20459490663e-08, 1.81170847213e-08, 2.0872143125e-08, 2.90123747249e-08, 4.17333438918e-08, 4.72705572463e-08, 3.22082023274e-08, 2.04166035189e-08, 7.92404986072e-09, 3.04523917194e-09],
        "min": [1.14794609374e-07, 4.60533016167e-08, 9.00714596241e-08, 1.24035381077e-07, 2.04417665373e-06, 1.30526018438e-06, 2.35065769516e-07, 7.28689926177e-08, 1.28490626139e-07, 5.39282538625e-08, 8.01861332889e-08, 2.15338751275e-08, 4.0247925881e-08, 1.98714378286e-08, 1.95017033633e-08, 1.23937118346e-08, 7.14212644581e-09, 4.13470013783e-09, 6.6209486782e-09, 3.60003160615e-09, 3.34773853083e-09, 3.20328097381e-09, 1.56742097079e-09, 3.86219234372e-09, 4.39011804687e-09, 2.3518478276e-09, 2.566746371e-09, 1.42235978551e-09, 9.51352219225e-10, 1.86593163143e-09, 1.20485776911e-09, 3.20143828114e-10, 6.59484800103e-10, 9.56934975704e-10, 6.47780162844e-10, 3.60701274404e-10, 6.59781951295e-10, 1.03116404304e-09, 3.86816328968e-10, 1.84201931486e-10],
        "stdev": [0.000680743425619, 0.00103050400503, 0.000744871445931, 0.00149641255848, 0.00128777662758, 0.00335287349299, 0.000958898395766, 0.000526023330167, 0.000753364467528, 0.000571624957956, 0.00028977036709, 0.000107255524199, 8.76140547916e-05, 5.17869302712e-05, 2.95216959785e-05, 7.62337222113e-05, 3.47551176674e-05, 1.28337223941e-05, 3.91295225199e-06, 8.56172209751e-06, 9.81292828328e-07, 1.25642782223e-06, 5.86349472087e-07, 1.3321842971e-06, 2.84116958937e-06, 1.00434363048e-06, 7.1093012366e-07, 5.22899711086e-07, 1.26948407342e-07, 6.5697889795e-08, 7.02993645518e-08, 6.42974882226e-08, 6.49664499974e-08, 6.31062491152e-08, 6.71394815299e-08, 8.31541768775e-08, 5.10179525293e-08, 2.83983609961e-08, 1.09472564347e-08, 4.11115408383e-09]
    },
    "melbands128": {
        "max": [0.00342212663963, 0.0134554821998, 0.0225932393223, 0.0202291477472, 0.0172191783786, 0.00605035480112, 0.00446749990806, 0.0123314084485, 0.0150250140578, 0.0184726603329, 0.0207153186202, 0.0260895863175, 0.0229247398674, 0.024220444262, 0.045199085027, 0.0308177303523, 0.0191359482706, 0.0194208920002, 0.0176463443786, 0.00872863922268, 0.00889825727791, 0.0110386013985, 0.0125729963183, 0.011989700608, 0.00875329319388, 0.0123493652791, 0.00792399980128, 0.00626409612596, 0.00185047043487, 0.000654469477013, 0.00552830798551, 0.00331476074643, 0.00158842618112, 0.00173956749495, 0.00146680034231, 0.000492640247103, 0.000823465234134, 0.000274595950032, 0.000920406193472, 0.0022069986444, 0.00169949256815, 0.00112979672849, 0.000527967931703, 0.000740167393815, 0.000381760502933, 0.000110829358164, 6.88950385666e-05, 0.000172150917933, 4.76003151562e-05, 0.000107804684376, 0.000408878695453, 6.77812131471e-05, 1.89496895473e-05, 1.03577331174e-05, 3.76133975806e-05, 2.36051764659e-05, 1.04413084046e-05, 8.54274640005e-06, 6.14711007074e-06, 7.04672856955e-06, 2.23538445425e-05, 4.01616598538e-05, 5.69295480091e-05, 7.25058634998e-05, 3.64731677109e-05, 2.06070435524e-05, 1.18725483844e-05, 9.24170672079e-06, 7.93955587142e-06, 1.24174821394e-05, 8.76577450981e-06, 4.72060719403e-06, 2.37309109252e-06, 1.42237922773e-06, 9.11229847134e-07, 1.06768413843e-06, 1.45807382523e-06, 9.81498374131e-07, 1.38527195759e-06, 1.89788318039e-06, 7.77081879733e-07, 1.27112991777e-06, 1.15628893127e-06, 9.15021814762e-07, 9.89272280094e-07, 8.25441190955e-07, 1.08073834326e-06, 8.43204702505e-07, 1.05520598481e-06, 1.0704630995e-06, 2.32752313423e-06, 1.52291670474e-06, 1.69896941316e-06, 5.00984924656e-07, 6.8348390414e-07, 5.64159222449e-07, 4.59510062001e-07, 3.73291726419e-07, 2.61820758851e-07, 1.42824504223e-07, 1.30823750055e-07, 4.95247185484e-08, 4.91867844232e-08, 2.38841160183e-08, 4.85608264711e-09, 2.3060111598e-09, 2.17837636818e-09, 2.05634553829e-09, 1.96879823555e-09, 1.88300885995e-09, 1.80369341685e-09, 1.74144509923e-09, 1.67142133467e-09, 1.60972835062e-09, 1.55053492268e-09, 1.50066148397e-09, 1.45366074733e-09, 1.40677114402e-09, 1.37086708651e-09, 1.32676647446e-09, 1.29535981941e-09, 1.27075516776e-09, 1.24523691358e-09, 1.21499565964e-09, 1.19421650346e-09, 1.1854165427e-09, 1.17578558001e-09, 1.16933218663e-09],
        "mean": [1.0988143913e-05, 6.55061521684e-05, 0.000292124052066, 0.000622668128926, 0.000496377120726, 0.000212848186493, 0.000237977175857, 0.000535438070074, 0.000592556432821, 0.000937471108045, 0.000920208694879, 0.000608772330452, 0.00069512729533, 0.00126682035625, 0.00239184754901, 0.00153508631047, 0.000591855612583, 0.000393186695874, 0.000393775553675, 0.000240416295128, 0.000237498563365, 0.000279357191175, 0.000378104014089, 0.000263416703092, 0.000227152209845, 0.000298533355817, 0.000109310080006, 0.000108602267574, 4.50399711553e-05, 2.50795255852e-05, 3.89234483009e-05, 2.82692690234e-05, 1.97177778318e-05, 4.70158011012e-05, 2.18758195842e-05, 1.10528953883e-05, 1.49313955262e-05, 7.17287957741e-06, 6.06514095125e-06, 1.69031864061e-05, 2.23377264774e-05, 1.12799034468e-05, 7.71328541305e-06, 1.37028691825e-05, 5.82272650718e-06, 2.30254158851e-06, 2.74239027931e-06, 1.35251548272e-06, 8.66726622917e-07, 1.17820275136e-06, 1.7979017457e-06, 6.48529749014e-07, 3.53073914994e-07, 4.43421839691e-07, 9.80816025731e-07, 8.46215073125e-07, 5.26714586613e-07, 4.51147997182e-07, 4.61076467673e-07, 5.54069629288e-07, 6.62792615458e-07, 1.00460033536e-06, 1.57301781201e-06, 1.46910167587e-06, 8.00928035005e-07, 4.62335890461e-07, 3.51605194737e-07, 3.30069781285e-07, 3.62837312196e-07, 4.55710051028e-07, 3.93331106352e-07, 2.57531496572e-07, 1.26203872242e-07, 5.45027134535e-08, 3.10377181734e-08, 2.59426311544e-08, 2.55191796583e-08, 2.74725859839e-08, 2.05482049154e-08, 1.8736155738e-08, 1.65132654217e-08, 1.83214048377e-08, 2.0548203139e-08, 1.9268700413e-08, 2.22366036695e-08, 2.82190875112e-08, 2.98153643996e-08, 3.45541337765e-08, 3.9456409695e-08, 4.89787552738e-08, 5.39740625527e-08, 4.60970923655e-08, 3.86116774109e-08, 3.10008516635e-08, 2.97826989737e-08, 2.57173997653e-08, 1.87972855059e-08, 1.21050982571e-08, 8.59024407163e-09, 5.35305888505e-09, 3.58215590524e-09, 2.74935207933e-09, 2.24344898214e-09, 1.61945579169e-09, 2.47821929644e-10, 7.51139341698e-12, 6.79204739326e-12, 6.51724074013e-12, 6.25848548333e-12, 6.00163755499e-12, 5.77853693715e-12, 5.57419518529e-12, 5.36465923767e-12, 5.16749230212e-12, 4.9946574654e-12, 4.84996461395e-12, 4.72633607598e-12, 4.54418317211e-12, 4.41920285088e-12, 4.29891105352e-12, 4.19651466355e-12, 4.10685548069e-12, 4.03137072336e-12, 3.95516865787e-12, 3.86945770564e-12, 3.77330198337e-12, 3.71272717431e-12, 3.68871946876e-12],
        "min": [2.92383782116e-12, 2.60306265432e-08, 2.61878252417e-08, 3.3212398165e-08, 3.44260051577e-08, 2.95243935966e-08, 4.70010590448e-08, 4.87454592246e-08, 7.41231147572e-08, 2.85312857784e-08, 3.24150448705e-08, 2.46380039925e-07, 1.43229200944e-07, 1.29403679239e-06, 8.19836486698e-07, 2.18833264398e-07, 1.35610761731e-07, 1.46081333696e-07, 3.96298034389e-08, 2.74394604816e-08, 9.03530548158e-08, 6.64312835852e-08, 4.5088142997e-08, 5.18322842424e-08, 3.8027277327e-08, 1.70768537089e-08, 2.75121614379e-08, 1.397200311e-08, 1.5507172435e-08, 5.0708233168e-09, 7.99504284998e-09, 1.46705083637e-08, 2.48149341076e-08, 6.00587890531e-09, 1.10924531782e-08, 6.16825701627e-09, 3.64719543455e-09, 1.07055324605e-08, 8.49845349649e-09, 4.56891280365e-09, 5.93833293649e-09, 3.58808627254e-09, 3.17467407918e-09, 1.96814875508e-09, 1.91151050544e-09, 1.5082257665e-09, 3.08974978935e-09, 1.06815711831e-09, 1.751325307e-09, 1.9894508263e-09, 3.34600591678e-09, 2.1777850634e-09, 1.58796875649e-09, 1.09198616816e-09, 1.67318481292e-09, 1.45708689558e-09, 1.80802040006e-09, 5.45920642026e-10, 1.38743350142e-09, 1.87244597605e-09, 1.28862531756e-09, 2.16189088853e-09, 2.93997892697e-09, 2.92922597289e-09, 1.19450171976e-09, 1.80654280424e-09, 1.62689228755e-09, 9.4054564137e-10, 1.16305609588e-09, 1.33013899895e-09, 1.56066126689e-09, 1.26407073697e-09, 4.95913921039e-10, 1.13846732042e-09, 1.06009412359e-09, 1.17839482616e-09, 5.62848712082e-10, 6.29012841813e-10, 5.31988342267e-10, 2.92003227154e-10, 1.46672785029e-10, 4.66553184975e-10, 4.03092836887e-10, 4.3521453108e-10, 7.09778014141e-10, 7.86975151712e-10, 5.10540054677e-10, 6.09109818139e-10, 8.72845962174e-10, 5.04858876926e-10, 1.54542989517e-10, 5.5580284819e-10, 2.96081770212e-10, 3.95085658633e-10, 8.01362032288e-10, 1.17073872818e-09, 7.94458887565e-10, 3.57960827646e-10, 4.31237157095e-10, 3.21856263863e-10, 2.4391838549e-10, 1.70317884796e-10, 9.31622626266e-11, 1.40360334466e-10, 3.06995900055e-12, 5.54888742647e-14, 7.43697570432e-14, 6.61906510505e-14, 6.18577454883e-14, 6.72271415511e-14, 6.81521963972e-14, 6.02711782392e-14, 5.02565484616e-14, 5.72613178119e-14, 7.15959003238e-14, 5.97614676929e-14, 5.23371493713e-14, 6.90195513589e-14, 6.27459781181e-14, 5.892220712e-14, 6.87728140495e-14, 6.0916075244e-14, 6.37492920323e-14, 6.22058218195e-14, 5.68084228476e-14, 2.1584584841e-14, 2.20002429665e-15, 6.00548675709e-17],
        "stdev": [0.000128873740323, 0.000561338267289, 0.000892698240932, 0.00171603541821, 0.00139677734114, 0.000479255017126, 0.000485114083858, 0.00130575639196, 0.00126919616014, 0.00225063273683, 0.0020780749619, 0.0013871853007, 0.00155650952365, 0.00277045811526, 0.00577877787873, 0.00384335871786, 0.00161264149938, 0.00101527688093, 0.00113560457248, 0.000551309611183, 0.000778558431193, 0.000976226991042, 0.00115192704834, 0.000901833525859, 0.000723892706446, 0.000961991550867, 0.000509084959049, 0.000465091172373, 0.000166227822774, 5.81840431551e-05, 0.000215413791011, 0.000158048263984, 0.00010066764662, 0.000169355218532, 9.85817459878e-05, 3.53164432454e-05, 4.82787145302e-05, 2.69546380878e-05, 4.26528204116e-05, 0.00012534497364, 0.000118074436614, 7.24885903765e-05, 3.75853524019e-05, 6.44777828711e-05, 2.68876374321e-05, 7.16984050086e-06, 7.159861525e-06, 7.29612020223e-06, 3.26636131831e-06, 6.0400611801e-06, 1.82949042937e-05, 3.17552030538e-06, 9.14935014862e-07, 8.23995833343e-07, 2.54062047134e-06, 2.00625322577e-06, 1.11951237614e-06, 8.63751608904e-07, 7.31261707188e-07, 8.47444425744e-07, 1.44936302604e-06, 2.60355977844e-06, 4.55678809885e-06, 4.13961470258e-06, 2.33369451053e-06, 1.22334995467e-06, 7.16653801192e-07, 7.72090402279e-07, 8.08392371709e-07, 1.1568181435e-06, 7.79212996349e-07, 4.67976747132e-07, 2.11484561419e-07, 1.0922593674e-07, 7.38329788419e-08, 6.66276562811e-08, 8.07135407399e-08, 8.34784543713e-08, 7.42990877711e-08, 8.12180758203e-08, 5.72995624282e-08, 6.94356572239e-08, 8.08947078212e-08, 6.55715766129e-08, 6.39833004357e-08, 7.30043723252e-08, 6.91041677214e-08, 6.59354029153e-08, 7.13383059292e-08, 8.68137277621e-08, 1.10972365519e-07, 8.21970758125e-08, 7.91728496097e-08, 5.43417542076e-08, 5.10267312848e-08, 4.03559710094e-08, 2.78500440487e-08, 1.88067712514e-08, 1.31406192594e-08, 7.64769136907e-09, 6.01868865857e-09, 3.86552034826e-09, 3.09622083527e-09, 1.87767135174e-09, 3.40723921299e-10, 6.2229520148e-11, 5.88187623607e-11, 5.55496412757e-11, 5.31882593524e-11, 5.08764488871e-11, 4.87411187799e-11, 4.7055376956e-11, 4.51687680314e-11, 4.35020804102e-11, 4.19076752467e-11, 4.05600414366e-11, 3.92957159867e-11, 3.80301970471e-11, 3.70558236873e-11, 3.58709451032e-11, 3.50221102119e-11, 3.43547967852e-11, 3.36671975021e-11, 3.28552636486e-11, 3.22982161849e-11, 3.20561042988e-11, 3.17957986329e-11, 3.16217156626e-11]
    },
    "mfcc": {
        "mean": [-776.263183594, 192.91885376, 22.8456401825, 14.7970705032, -8.60129070282, -26.3942546844, -9.59969615936, -1.95512413979, -26.0495681763, 4.79777050018, -12.0467538834, -1.54413926601, -3.87580895424],
        "cov": [[1536.41931152, 380.662719727, -462.630950928, -1.11475205421, 28.2461242676, -136.791702271, 153.070449829, 54.1181602478, -183.570495605, 323.278411865, 44.3683662415, 5.22483587265, -48.2663879395], [380.662719727, 727.057556152, -156.886108398, -174.587432861, 54.5824203491, 18.9637317657, 176.363571167, 1.37616944313, 9.24412536621, 149.149169922, 116.029121399, 3.39575171471, -50.8368759155], [-462.630950928, -156.886108398, 764.502380371, 237.356430054, 116.72644043, 135.587554932, -118.958427429, 84.5784072876, 69.8892822266, -32.5675125122, -46.3976745605, 85.6000137329, 28.4159011841], [-1.11475205421, -174.587432861, 237.356430054, 572.610290527, 148.364303589, -113.167106628, -95.1739044189, 120.688796997, -7.61489343643, -70.2750930786, -60.5667419434, 80.3416519165, 104.937362671], [28.2461242676, 54.5824203491, 116.72644043, 148.364303589, 281.330780029, -7.37542057037, -67.730178833, 53.9228858948, 43.8518371582, 50.76720047, -3.40591835976, 54.5532264709, -36.0757675171], [-136.791702271, 18.9637317657, 135.587554932, -113.167106628, -7.37542057037, 306.827514648, 90.5211257935, -22.0315265656, 104.662055969, 36.3332099915, 79.3020401001, -18.7576351166, -14.2887525558], [153.070449829, 176.363571167, -118.958427429, -95.1739044189, -67.730178833, 90.5211257935, 276.389007568, 36.472858429, -20.2121925354, 55.8096389771, 47.3836326599, -14.7026033401, 5.98638677597], [54.1181602478, 1.37616944313, 84.5784072876, 120.688796997, 53.9228858948, -22.0315265656, 36.472858429, 148.08039856, 3.63242983818, 7.20659732819, -24.2496490479, 21.6129894257, 29.339717865], [-183.570495605, 9.24412536621, 69.8892822266, -7.61489343643, 43.8518371582, 104.662055969, -20.2121925354, 3.63242983818, 196.080810547, 7.6742515564, 42.7618675232, -9.84569263458, -14.1861591339], [323.278411865, 149.149169922, -32.5675125122, -70.2750930786, 50.76720047, 36.3332099915, 55.8096389771, 7.20659732819, 7.6742515564, 221.959732056, 63.1422386169, 7.15009355545, -67.0740203857], [44.3683662415, 116.029121399, -46.3976745605, -60.5667419434, -3.40591835976, 79.3020401001, 47.3836326599, -24.2496490479, 42.7618675232, 63.1422386169, 171.443008423, 22.5146427155, -22.9594955444], [5.22483587265, 3.39575171471, 85.6000137329, 80.3416519165, 54.5532264709, -18.7576351166, -14.7026033401, 21.6129894257, -9.84569263458, 7.15009355545, 22.5146427155, 106.368080139, 35.6457901001], [-48.2663879395, -50.8368759155, 28.4159011841, 104.937362671, -36.0757675171, -14.2887525558, 5.98638677597, 29.339717865, -14.1861591339, -67.0740203857, -22.9594955444, 35.6457901001, 143.366424561]],
        "icov": [[0.00184625643305, -0.000651469628792, 0.00136807037052, -0.000951068592258, 0.000558652041946, -0.000752711726818, 0.000652776099741, -0.000897748686839, 0.00152548658662, -0.00268817692995, 0.0007467418327, -0.000493260740768, 0.000173073873157], [-0.000651469628792, 0.00251538399607, -0.000725552730728, 0.0011758429464, -0.00146630068775, 0.00153614999726, -0.00191126600839, 0.000691645604093, -0.00081968982704, 0.000296220474411, -0.00151982426178, 0.000721874646842, -0.000687242834829], [0.00136807037052, -0.000725552730728, 0.00369818974286, -0.00169440219179, 0.00108471070416, -0.0032508361619, 0.00227516074665, -0.00212067295797, 0.00128106446937, -0.00187405163888, 0.00203269859776, -0.00273009459488, 0.00125277822372], [-0.000951068592258, 0.0011758429464, -0.00169440219179, 0.00432480918244, -0.00237228325568, 0.00235443864949, -0.000812282203697, -0.000672736205161, -0.000899944861885, 0.00169655820355, -0.00133223214652, 0.000722391589079, -0.0026119321119], [0.000558652041946, -0.00146630068775, 0.00108471070416, -0.00237228325568, 0.00719376560301, -0.00205062888563, 0.00267483829521, -0.00217733136378, -0.000402087171096, -0.00169583479874, 0.0020596999675, -0.00386163475923, 0.00358605291694], [-0.000752711726818, 0.00153614999726, -0.0032508361619, 0.00235443864949, -0.00205062888563, 0.0086948890239, -0.00445198267698, 0.0027655386366, -0.00348344235681, 0.000744143966585, -0.00347104575485, 0.00333230802789, -0.0021981340833], [0.000652776099741, -0.00191126600839, 0.00227516074665, -0.000812282203697, 0.00267483829521, -0.00445198267698, 0.00807541701943, -0.00419210689142, 0.00235843518749, -0.00154099718202, 0.000966491643339, -0.00141223461833, 0.000454048044048], [-0.000897748686839, 0.000691645604093, -0.00212067295797, -0.000672736205161, -0.00217733136378, 0.0027655386366, -0.00419210689142, 0.011314176023, -0.00192105234601, 0.000443409837317, 0.000290626368951, 0.00130247825291, -0.00181682885159], [0.00152548658662, -0.00081968982704, 0.00128106446937, -0.000899944861885, -0.000402087171096, -0.00348344235681, 0.00235843518749, -0.00192105234601, 0.00859125610441, -0.00169509625994, -0.00074529601261, 0.000913350202609, 0.000184637159691], [-0.00268817692995, 0.000296220474411, -0.00187405163888, 0.00169655820355, -0.00169583479874, 0.000744143966585, -0.00154099718202, 0.000443409837317, -0.00169509625994, 0.0105995228514, -0.00245201680809, -9.87380044535e-05, 0.0023738394957], [0.0007467418327, -0.00151982426178, 0.00203269859776, -0.00133223214652, 0.0020596999675, -0.00347104575485, 0.000966491643339, 0.000290626368951, -0.00074529601261, -0.00245201680809, 0.0101722599939, -0.00493677007034, 0.00199279957451], [-0.000493260740768, 0.000721874646842, -0.00273009459488, 0.000722391589079, -0.00386163475923, 0.00333230802789, -0.00141223461833, 0.00130247825291, 0.000913350202609, -9.87380044535e-05, -0.00493677007034, 0.016143206507, -0.00550508126616], [0.000173073873157, -0.000687242834829, 0.00125277822372, -0.0026119321119, 0.00358605291694, -0.0021981340833, 0.000454048044048, -0.00181682885159, 0.000184637159691, 0.0023738394957, 0.00199279957451, -0.00550508126616, 0.0123061165214]]
    },
    "spectral_contrast_coeffs": {
        "max": [-0.330008268356, -0.372005403042, -0.519439816475, -0.611064314842, -0.677123069763, -0.700792312622],
        "mean": [-0.627274751663, -0.663412332535, -0.72870773077, -0.798331856728, -0.79780548811, -0.834176778793],
        "min": [-0.870794653893, -0.90086132288, -0.879537343979, -0.933363497257, -0.908897697926, -0.885650038719],
        "stdev": [0.0907531678677, 0.0846938714385, 0.0705880448222, 0.0539620444179, 0.0466297417879, 0.0271984133869]
    },
    "spectral_contrast_valleys": {
        "max": [-5.39003515244, -5.330057621, -6.92162847519, -7.75089073181, -8.12784385681, -10.182518959],
        "mean": [-7.38681077957, -6.89388084412, -8.44735431671, -9.37040042877, -9.35654735565, -11.967165947],
        "min": [-10.4703855515, -9.43689441681, -10.7511749268, -11.0317678452, -11.3527526855, -13.3884801865],
        "stdev": [0.8093059659, 0.62945830822, 0.584145605564, 0.533973455429, 0.473721474409, 0.298417150974]
    }
},
"rhythm": {
    "beats_count": 68,
    "beats_loudness": {
        "max": 0.0709467157722,
        "mean": 0.0210506208241,
        "min": 0.000185113822226,
        "stdev": 0.0161949619651
    },
    "bpm": 102.519668579,
    "bpm_histogram_first_peak_bpm": 103,
    "bpm_histogram_first_peak_weight": 0.481481432915,
    "bpm_histogram_second_peak_bpm": 172,
    "bpm_histogram_second_peak_spread": 0,
    "bpm_histogram_second_peak_weight": 0.164179101586,
    "danceability": 0.937025785446,
    "onset_rate": 1.72265613079,
    "beats_loudness_band_ratio": {
        "max": [0.819735646248, 0.975288689137, 0.870541989803, 0.335613012314, 0.0564643628895, 0.0934217348695],
        "mean": [0.198900565505, 0.47352296114, 0.323307871819, 0.0559815838933, 0.00760836107656, 0.00314964912832],
        "min": [0.00120648392476, 0.081546664238, 0.0110831931233, 0.00111434387509, 0.000159805713338, 0.000114750808279],
        "stdev": [0.194830462337, 0.247323200107, 0.211474135518, 0.0768698602915, 0.0117303803563, 0.0112280761823]
    },
