{
"metadata": {
    "version": {
        "essentia": "2.1-beta5",
        "essentia_git_sha": "Undefined",
        "extractor": "music 2.0"
    },
    "audio_properties": {
        "analysis": {
            "equal_loudness": 0,
            "length": 48.7502937317,
            "sample_rate": 44100,
            "start_time": 12.7477550507,
            "downmix": "mix"
        },
        "bit_rate": 192000,
        "length": 344.050079346,
        "lossless": 0,
        "number_channels": 1,
        "replay_gain": 0.803632736206,
        "sample_rate": 48000,
        "codec": "mp3",
        "md5_encoded": "e5638b27f4a5229a1fede6efa73bb02b"
    },
    "tags": {
        "file_name": "Italy_Corde Della Mia Chitarra_Nunzio Gallo.mp3",
        "encoding": ["Lavf58.29.100"]
    }
},
"lowlevel": {
    "average_loudness": 0.671839952469,
    "barkbands_crest": {
        "max": 25.7831802368,
        "mean": 14.624083519,
        "min": 4.39396381378,
        "stdev": 4.52379989624
    },
    "barkbands_flatness_db": {
        "max": 0.477369904518,
        "mean": 0.292833894491,
        "min": 0.0728199034929,
        "stdev": 0.0743589028716
    },
    "barkbands_kurtosis": {
        "max": 242.063461304,
        "mean": 26.7101383209,
        "min": -1.23603951931,
        "stdev": 34.4748535156
    },
    "barkbands_skewness": {
        "max": 12.6663627625,
        "mean": 2.96993231773,
        "min": -3.99292826653,
        "stdev": 2.02232241631
    },
    "barkbands_spread": {
        "max": 45.3438301086,
        "mean": 4.34527587891,
        "min": 0.245565384626,
        "stdev": 5.01059532166
    },
    "dissonance": {
        "max": 0.499999880791,
        "mean": 0.397288769484,
        "min": 0.185396835208,
        "stdev": 0.0653905794024
    },
    "dynamic_complexity": 5.00062608719,
    "erbbands_crest": {
        "max": 33.5768051147,
        "mean": 15.5906047821,
        "min": 2.4788248539,
        "stdev": 6.74936914444
    },
    "erbbands_flatness_db": {
        "max": 0.43724873662,
        "mean": 0.282239764929,
        "min": 0.118777371943,
        "stdev": 0.0610688440502
    },
    "erbbands_kurtosis": {
        "max": 110.369377136,
        "mean": 10.2217750549,
        "min": -1.60076403618,
        "stdev": 16.7941570282
    },
    "erbbands_skewness": {
        "max": 9.69095230103,
        "mean": 2.06632757187,
        "min": -1.68670356274,
        "stdev": 1.60468626022
    },
    "erbbands_spread": {
        "max": 97.1871032715,
        "mean": 15.0450258255,
        "min": 0.591555953026,
        "stdev": 12.1941957474
    },
    "hfc": {
        "max": 55.9898796082,
        "mean": 5.99501895905,
        "min": 0.104258924723,
        "stdev": 6.68047761917
    },
    "loudness_ebu128": {
        "integrated": -29.4447345734,
        "loudness_range": 7.41472053528,
        "momentary": {
            "max": -23.0862464905,
            "mean": -32.2739906311,
            "min": -47.5900115967,
            "stdev": 5.22502994537
        },
        "short_term": {
            "max": -26.7229690552,
            "mean": -30.6437702179,
            "min": -38.1103363037,
            "stdev": 2.39875221252
        }
    },
    "melbands_crest": {
        "max": 32.1924552917,
        "mean": 18.3765068054,
        "min": 5.87958669662,
        "stdev": 5.95935297012
    },
    "melbands_flatness_db": {
        "max": 0.562898278236,
        "mean": 0.352182716131,
        "min": 0.101389676332,
        "stdev": 0.0832488909364
    },
    "melbands_kurtosis": {
        "max": 535.419189453,
        "mean": 32.2048149109,
        "min": -1.57543492317,
        "stdev": 57.1960639954
    },
    "melbands_skewness": {
        "max": 15.1907157898,
        "mean": 2.97076797485,
        "min": -4.75147533417,
        "stdev": 2.11872053146
    },
    "melbands_spread": {
        "max": 42.3393440247,
        "mean": 5.53717470169,
        "min": 0.370874524117,
        "stdev": 5.7889509201
    },
    "pitch_salience": {
        "max": 0.830510675907,
        "mean": 0.517155885696,
        "min": 0.0469206720591,
        "stdev": 0.177919730544
    },
    "silence_rate_20dB": {
        "max": 1,
        "mean": 1,
        "min": 1,
        "stdev": 0
    },
    "silence_rate_30dB": {
        "max": 1,
        "mean": 0.983817219734,
        "min": 0,
        "stdev": 0.126177668571
    },
    "silence_rate_60dB": {
        "max": 1,
        "mean": 0.216087579727,
        "min": 0,
        "stdev": 0.411573678255
    },
    "spectral_centroid": {
        "max": 2171.33789062,
        "mean": 445.734924316,
        "min": 149.978729248,
        "stdev": 253.869720459
    },
    "spectral_complexity": {
        "max": 17,
        "mean": 6.15468835831,
        "min": 0,
        "stdev": 2.99474263191
    },
    "spectral_decrease": {
        "max": -2.70668921304e-11,
        "mean": -5.01768893102e-09,
        "min": -6.6833507617e-08,
        "stdev": 6.63701582582e-09
    },
    "spectral_energy": {
        "max": 0.257323175669,
        "mean": 0.0194816812873,
        "min": 0.000115084236313,
        "stdev": 0.0255912076682
    },
    "spectral_energyband_high": {
        "max": 0.000297211081488,
        "mean": 1.07467658381e-05,
        "min": 1.27857856569e-06,
        "stdev": 1.95266093215e-05
    },
    "spectral_energyband_low": {
        "max": 0.0900698080659,
        "mean": 0.00256314012222,
        "min": 4.21997947342e-06,
        "stdev": 0.00708097405732
    },
    "spectral_energyband_middle_high": {
        "max": 0.0309693161398,
        "mean": 0.00107193936128,
        "min": 6.28936504654e-06,
        "stdev": 0.00248377304524
    },
    "spectral_energyband_middle_low": {
        "max": 0.252137869596,
        "mean": 0.0164798703045,
        "min": 3.12437223329e-05,
        "stdev": 0.0234113782644
    },
    "spectral_entropy": {
        "max": 8.19921016693,
        "mean": 6.12449121475,
        "min": 4.01484632492,
        "stdev": 0.77360445261
    },
    "spectral_flux": {
        "max": 0.360338747501,
        "mean": 0.0430681742728,
        "min": 0.00305447285064,
        "stdev": 0.0435318350792
    },
    "spectral_kurtosis": {
        "max": 92.9778900146,
        "mean": 16.9074058533,
        "min": 0.0914430618286,
        "stdev": 14.0156641006
    },
    "spectral_rms": {
        "max": 0.0158444624394,
        "mean": 0.00366467726417,
        "min": 0.000335078046191,
        "stdev": 0.00236149132252
    },
    "spectral_rolloff": {
        "max": 3143.84765625,
        "mean": 492.07421875,
        "min": 129.19921875,
        "stdev": 300.902618408
    },
    "spectral_skewness": {
        "max": 7.80539894104,
        "mean": 3.09424710274,
        "min": 0.564348995686,
        "stdev": 1.22954106331
    },
    "spectral_spread": {
        "max": 10814797,
        "mean": 2975704.5,
        "min": 755609.3125,
        "stdev": 1061926.125
    },
    "spectral_strongpeak": {
        "max": 6.45617008209,
        "mean": 0.919127821922,
        "min": 0.0121474843472,
        "stdev": 0.844551444054
    },
    "zerocrossingrate": {
        "max": 0.09326171875,
        "mean": 0.0222664158791,
        "min": 0.00390625,
        "stdev": 0.0131857711822
    },
    "barkbands": {
        "max": [4.66711207991e-05, 0.0172644834965, 0.0685336142778, 0.0514486506581, 0.208768248558, 0.0457942783833, 0.0375778414309, 0.00860045291483, 0.00172510929406, 0.00463151093572, 0.0234015211463, 0.0137740997598, 0.00315509201027, 0.000815730309114, 0.000448868173407, 0.000284486479359, 0.00049423915334, 0.000441604322987, 0.000115751427074, 6.80332086631e-05, 0.00011387259292, 0.000136382863275, 7.58213209338e-05, 7.65251461416e-05, 4.88856994707e-06, 2.13984139918e-06, 2.28221892939e-06],
        "mean": [2.95669292427e-06, 0.000263350346358, 0.0016659933608, 0.00175664015114, 0.00904984213412, 0.00361233251169, 0.00154950469732, 0.000442438700702, 4.85130731249e-05, 0.000127576320665, 0.000635168747976, 0.00020307165687, 3.17998710671e-05, 3.49971778633e-05, 1.51019085024e-05, 1.10134315037e-05, 9.36535889196e-06, 5.93709364693e-06, 3.82047483072e-06, 2.80132508124e-06, 2.87167995339e-06, 2.39688210968e-06, 2.13835096474e-06, 1.86485021914e-06, 1.90086481666e-07, 2.21804841161e-09, 2.39420816506e-09],
        "min": [9.07034802822e-09, 3.72174270069e-07, 1.65144641073e-07, 1.72984627511e-07, 9.19789329146e-07, 1.04666632694e-07, 1.16571712283e-07, 4.2969239189e-07, 1.63190435387e-07, 1.5579090018e-07, 1.2157289575e-07, 1.14079689695e-07, 1.18521555237e-07, 1.37141157097e-07, 6.97584141562e-08, 7.37200096523e-08, 1.04101815168e-07, 9.02320778096e-08, 1.99916698307e-07, 1.37613682227e-07, 2.17243908196e-07, 2.11010615203e-07, 2.14601158177e-07, 1.83118274322e-07, 1.9327391243e-08, 2.48837145334e-10, 3.58095275654e-10],
        "stdev": [4.10077018387e-06, 0.000968488340732, 0.00582361407578, 0.0042174141854, 0.0180076789111, 0.00607572076842, 0.00377638055943, 0.00083087652456, 0.000105797036667, 0.000403278390877, 0.00201501464471, 0.000622972031124, 0.000120798060379, 7.74793661549e-05, 3.76673415303e-05, 2.67612376774e-05, 3.23801032209e-05, 2.14810643229e-05, 8.04843239166e-06, 5.43476244275e-06, 6.39805466562e-06, 6.57321152175e-06, 4.54100791103e-06, 4.28155544796e-06, 1.74035236e-07, 4.69706940009e-08, 5.00941403914e-08]
    },
    "erbbands": {
        "max": [0.08196875453, 6.68255710602, 72.8032836914, 62.1423377991, 879.971984863, 841.960327148, 609.257873535, 313.044525146, 553.484130859, 630.352233887, 150.172363281, 53.1547203064, 24.0724067688, 185.993942261, 1220.07263184, 263.662231445, 121.330001831, 56.4924087524, 29.133398056, 26.1318340302, 19.4132289886, 34.2342681885, 23.9017772675, 9.79545021057, 7.61196660995, 3.6173286438, 3.49666905403, 4.66802215576, 6.81619977951, 4.46000146866, 1.85126495361, 1.85452878475, 1.09431695938, 0.10249017179, 0.0152687383816, 0.00854353420436, 0.00396567536518, 0.00141209235881, 0.000324219756294, 0.000281703163637],
        "mean": [0.00252712983638, 0.110006310046, 1.59225189686, 4.07535076141, 19.780828476, 30.170375824, 38.6339912415, 21.0451965332, 20.1053524017, 19.9862117767, 8.02394485474, 1.78327536583, 1.73032581806, 8.55188083649, 29.5332241058, 7.24959087372, 1.80704796314, 2.06449055672, 1.01603162289, 0.785238027573, 0.460061252117, 0.511208355427, 0.375781625509, 0.257747143507, 0.189511954784, 0.132463827729, 0.124617286026, 0.100094050169, 0.0871123000979, 0.074998691678, 0.0577018335462, 0.0473294854164, 0.0241935830563, 0.00489091407508, 0.000254098471487, 2.59570533672e-05, 1.05312274172e-05, 2.45792762144e-06, 9.36745982472e-06, 2.15810523514e-05],
        "min": [1.39639669214e-05, 0.000217899141717, 0.000514394778293, 0.00284713343717, 0.00337072974071, 0.00372001458891, 0.00388867920265, 0.0080029591918, 0.0165449865162, 0.0196007695049, 0.0237942952663, 0.0143068199977, 0.0173100847751, 0.0100901797414, 0.0105132441968, 0.00839362107217, 0.00732566090301, 0.007444312796, 0.00405212491751, 0.00532754138112, 0.00529070291668, 0.00732948072255, 0.00673737702891, 0.00876896455884, 0.00985564198345, 0.00678643351421, 0.00799068249762, 0.00779127841815, 0.00807307474315, 0.00643941946328, 0.00591445108876, 0.00396169954911, 0.00298083480448, 0.000670425943099, 2.86704125756e-05, 5.20125968251e-06, 1.46753177432e-06, 4.05364062317e-07, 1.93310398799e-07, 1.70624019802e-07],
        "stdev": [0.00509240105748, 0.415948778391, 5.80635786057, 7.73234176636, 58.3323783875, 61.1675796509, 69.2681350708, 32.9388198853, 50.0867958069, 55.1580467224, 15.4131669998, 3.36760401726, 2.87561845779, 20.3488674164, 96.4629211426, 17.9402999878, 5.08973693848, 4.35871648788, 2.30839276314, 2.21781945229, 1.14262127876, 1.95235621929, 1.14616727829, 0.631776332855, 0.404724031687, 0.252304464579, 0.280790299177, 0.226437091827, 0.262697428465, 0.183235898614, 0.119925789535, 0.110386244953, 0.0534101985395, 0.00503874849528, 0.000401090976084, 0.000187847312191, 8.72716191225e-05, 3.09980823658e-05, 1.3575569028e-05, 2.80656204268e-05]
    },
    "gfcc": {
        "mean": [-159.03062439, 166.424301147, -111.339988708, 26.5283126831, -83.6403656006, 0.407508403063, -38.8394508362, -28.4983901978, -13.8846874237, -28.5992298126, 11.2998847961, -16.0997600555, 3.97969484329],
        "cov": [[2167.6262207, 809.588439941, -98.4548568726, -403.978881836, 329.914459229, -217.867263794, 36.563949585, -326.52722168, -35.4788322449, -154.34425354, 25.9435596466, -102.764595032, -193.575576782], [809.588439941, 705.851867676, 318.669799805, -240.14402771, 206.490814209, -194.684463501, -50.5493927002, -284.524200439, -79.560546875, -112.057540894, -20.2866516113, -104.297668457, -110.997581482], [-98.4548568726, 318.669799805, 691.988586426, 125.480461121, 56.9209747314, -163.544799805, -134.076766968, -217.567474365, -112.541168213, -61.1664733887, -60.3307609558, -72.3536071777, -7.26301527023], [-403.978881836, -240.14402771, 125.480461121, 472.028076172, 8.700340271, 106.832809448, -57.1959228516, 70.2546081543, -0.953533649445, 36.2138671875, -36.5568656921, -35.460483551, -12.8343477249], [329.914459229, 206.490814209, 56.9209747314, 8.700340271, 259.402923584, 41.1780052185, 26.7134685516, -72.4183502197, -21.8603134155, -38.9547233582, -20.7083244324, -48.8505058289, -87.5907592773], [-217.867263794, -194.684463501, -163.544799805, 106.832809448, 41.1780052185, 292.805755615, 116.632804871, 136.241226196, 27.4233283997, 49.3472671509, 16.977481842, 0.396239995956, -53.7058639526], [36.563949585, -50.5493927002, -134.076766968, -57.1959228516, 26.7134685516, 116.632804871, 164.101623535, 112.477684021, 51.0865325928, 13.2347564697, 22.9578609467, 31.1956691742, -24.0321502686], [-326.52722168, -284.524200439, -217.567474365, 70.2546081543, -72.4183502197, 136.241226196, 112.477684021, 262.502960205, 122.241325378, 71.5347671509, 8.01519584656, 43.576259613, 17.4842529297], [-35.4788322449, -79.560546875, -112.541168213, -0.953533649445, -21.8603134155, 27.4233283997, 51.0865325928, 122.241325378, 132.382019043, 59.852191925, -3.39396357536, 5.52047681808, 1.93714773655], [-154.34425354, -112.057540894, -61.1664733887, 36.2138671875, -38.9547233582, 49.3472671509, 13.2347564697, 71.5347671509, 59.852191925, 94.520942688, 17.8766384125, 4.19553041458, 8.52638626099], [25.9435596466, -20.2866516113, -60.3307609558, -36.5568656921, -20.7083244324, 16.977481842, 22.9578609467, 8.01519584656, -3.39396357536, 17.8766384125, 64.7723083496, 43.3491363525, 9.04785633087], [-102.764595032, -104.297668457, -72.3536071777, -35.460483551, -48.8505058289, 0.396239995956, 31.1956691742, 43.576259613, 5.52047681808, 4.19553041458, 43.3491363525, 99.1669769287, 68.5141220093], [-193.575576782, -110.997581482, -7.26301527023, -12.8343477249, -87.5907592773, -53.7058639526, -24.0321502686, 17.4842529297, 1.93714773655, 8.52638626099, 9.04785633087, 68.5141220093, 128.974456787]],
        "icov": [[0.00155013683252, -0.0014044069685, 0.00144061050378, -0.000528766890056, -0.000409810250858, 0.00106027093716, -0.00131648324896, 0.00188324204646, -0.00113852845971, 0.000825423398055, -0.000741172523703, 0.000245297414949, 0.000693231297191], [-0.0014044069685, 0.0093987705186, -0.00399550609291, 0.00392653886229, -0.00310271373019, 0.00128807849251, -0.000147166458191, 0.00202805246226, -0.00259285583161, 0.00340157211758, -0.00446023978293, 0.00545043917373, 0.00150504847988], [0.00144061050378, -0.00399550609291, 0.00489851320162, -0.00289092026651, 0.00079903122969, 0.00165892892983, -0.00196955399588, 0.00250469590537, 0.00112285790965, -0.00140236550942, 0.0026537720114, -0.00130199547857, -0.000180011571501], [-0.000528766890056, 0.00392653886229, -0.00289092026651, 0.00561309605837, -0.00204551895149, -0.00156811939087, 0.00374954682775, -0.00226589338854, -0.000254088634392, 0.00119615113363, -0.00142043980304, 0.00239847879857, 0.00069533608621], [-0.000409810250858, -0.00310271373019, 0.00079903122969, -0.00204551895149, 0.00820233393461, -0.00254174531437, -0.00133286393248, 0.00218875636347, -0.000503950635903, -0.000404973689001, 0.00465393159539, -0.00391317810863, 0.00230974587612], [0.00106027093716, 0.00128807849251, 0.00165892892983, -0.00156811939087, -0.00254174531437, 0.0105143310502, -0.00661736680195, -0.000463148899144, 0.00392983667552, -0.00286066206172, -0.00179593579378, 0.00277850357816, 0.0028991503641], [-0.00131648324896, -0.000147166458191, -0.00196955399588, 0.00374954682775, -0.00133286393248, -0.00661736680195, 0.0184328593314, -0.00885326974094, -0.0010908737313, 0.00299758277833, -0.00130983546842, -0.00471827201545, 0.00155033927877], [0.00188324204646, 0.00202805246226, 0.00250469590537, -0.00226589338854, 0.00218875636347, -0.000463148899144, -0.00885326974094, 0.0212368927896, -0.0124746486545, 0.00157760502771, 0.00257851369679, -0.00262619298883, 0.00254973676056], [-0.00113852845971, -0.00259285583161, 0.00112285790965, -0.000254088634392, -0.000503950635903, 0.00392983667552, -0.0010908737313, -0.0124746486545, 0.0238236468285, -0.013071032241, 0.0069068307057, -0.00102851504926, -0.000552167475689], [0.000825423398055, 0.00340157211758, -0.00140236550942, 0.00119615113363, -0.000404973689001, -0.00286066206172, 0.00299758277833, 0.00157760502771, -0.013071032241, 0.0250725150108, -0.0142280738801, 0.00961843226105, -0.00248777144589], [-0.000741172523703, -0.00446023978293, 0.0026537720114, -0.00142043980304, 0.00465393159539, -0.00179593579378, -0.00130983546842, 0.00257851369679, 0.0069068307057, -0.0142280738801, 0.0373481549323, -0.0239668097347, 0.00782481674105], [0.000245297414949, 0.00545043917373, -0.00130199547857, 0.00239847879857, -0.00391317810863, 0.00277850357816, -0.00471827201545, -0.00262619298883, -0.00102851504926, 0.00961843226105, -0.0239668097347, 0.0376956872642, -0.0157633591443], [0.000693231297191, 0.00150504847988, -0.000180011571501, 0.00069533608621, 0.00230974587612, 0.0028991503641, 0.00155033927877, 0.00254973676056, -0.000552167475689, -0.00248777144589, 0.00782481674105, -0.0157633591443, 0.0208650138229]]
    },
    "melbands": {
        "max": [0.00239029340446, 0.0261293686926, 0.0349284522235, 0.0529017485678, 0.0166308637708, 0.00706809991971, 0.00848582573235, 0.0059761935845, 0.00114355515689, 0.000296692218399, 0.000120942524518, 0.000799150962848, 0.00373217812739, 0.00240163481794, 0.000251467630733, 0.000389827066101, 9.76829469437e-05, 4.14827954955e-05, 2.17637352762e-05, 2.97920196317e-05, 2.64922491624e-05, 4.23630881414e-05, 2.63360198005e-05, 3.26819572365e-05, 8.3532777353e-06, 5.39523944099e-06, 3.6014014313e-06, 2.72178704108e-06, 2.80019457932e-06, 4.84944075652e-06, 3.47942204826e-06, 3.45210128216e-06, 2.71483099823e-06, 2.60779529526e-06, 1.43670911257e-06, 9.01197552139e-07, 1.33496826038e-06, 1.22305118566e-06, 4.00711428483e-07, 6.31415488783e-08],
        "mean": [4.19380521635e-05, 0.000584034831263, 0.00114549649879, 0.00191263738088, 0.00132485316135, 0.000517225882504, 0.000310994655592, 0.000187786179595, 5.24525748915e-05, 7.5219691098e-06, 7.98347809905e-06, 2.86305512418e-05, 9.69986140262e-05, 3.85656639992e-05, 5.75383683099e-06, 3.80487381335e-06, 3.85911016565e-06, 1.62499361522e-06, 1.04711216409e-06, 9.17773206766e-07, 4.417154571e-07, 5.08979780989e-07, 4.63495041458e-07, 3.11437588607e-07, 1.92255683373e-07, 1.45689043052e-07, 1.13427880422e-07, 7.7906321394e-08, 7.94591556996e-08, 6.56813341493e-08, 5.52330554626e-08, 4.73947565638e-08, 4.6161495959e-08, 4.09019129677e-08, 3.49823245926e-08, 2.82448748834e-08, 2.88390875625e-08, 1.90153848223e-08, 9.09390074355e-09, 2.32251573529e-09],
        "min": [9.75043761287e-08, 3.38355164331e-07, 1.19296345247e-07, 1.93024575879e-07, 1.29903853008e-07, 3.09242480512e-08, 2.56837751067e-08, 4.05619964283e-08, 9.38553341712e-08, 2.71686104725e-08, 2.34077948136e-08, 3.74787951785e-08, 2.92608390851e-08, 1.57082755692e-08, 5.13683362513e-09, 1.13091056519e-08, 1.32142288223e-08, 5.79728443029e-09, 7.40950500955e-09, 5.14365927629e-09, 5.39834310587e-09, 5.58375479187e-09, 5.97230132016e-09, 3.90154974994e-09, 5.89577853205e-09, 6.56681642397e-09, 5.61386137576e-09, 3.75392072982e-09, 3.94286825411e-09, 3.85171272654e-09, 3.9766545612e-09, 3.62798791009e-09, 3.61574903351e-09, 3.13096948368e-09, 3.22571525047e-09, 2.73083866631e-09, 2.21096096986e-09, 2.02316718934e-09, 1.15142617663e-09, 1.82367107526e-10],
        "stdev": [0.000132796601974, 0.00201647705398, 0.00268300436437, 0.0044239545241, 0.00213402975351, 0.000814236467704, 0.000772800587583, 0.000509783043526, 0.000113189053081, 1.67052439792e-05, 1.43989855133e-05, 7.56304434617e-05, 0.000316230172757, 0.000132138651679, 1.59077826538e-05, 1.47890750668e-05, 8.75644127518e-06, 3.66547442354e-06, 2.37123936131e-06, 2.49329377766e-06, 1.37999279559e-06, 2.28746057473e-06, 1.66806546531e-06, 1.33776529765e-06, 4.96293523611e-07, 3.37359097102e-07, 2.53325509902e-07, 1.59442350878e-07, 2.02362087975e-07, 1.58622725621e-07, 1.53320229401e-07, 1.40731202691e-07, 1.28167201296e-07, 1.03165326948e-07, 8.56720205888e-08, 5.34946522635e-08, 7.53509112883e-08, 4.80572559525e-08, 1.45572487398e-08, 2.24334995025e-09]
    },
    "melbands128": {
        "max": [3.59361911251e-05, 7.95372761786e-05, 0.000442610587925, 0.0122073795646, 0.0390141010284, 0.0293984971941, 0.012950796634, 0.0388513058424, 0.122265473008, 0.0928772315383, 0.0580889731646, 0.0214726161212, 0.0311385579407, 0.0195912551135, 0.00991376210004, 0.0107987644151, 0.0103366104886, 0.0154830627143, 0.0112104881555, 0.0123217403889, 0.00275779981166, 0.00142385484651, 0.00194531853776, 0.000380591693101, 0.00068347674096, 0.000110877001134, 0.000129559761262, 0.000243184142164, 0.00013690207561, 0.00145604647696, 0.000845576985739, 0.00216571404599, 0.00740925548598, 0.00856110360473, 0.00402832776308, 0.000712602166459, 0.00101092131808, 6.83171383571e-05, 0.00013142262469, 0.000303230073769, 0.000706881808583, 0.000120740289276, 0.000132902860059, 0.000222949907766, 7.02751640347e-05, 3.24393440678e-05, 0.000101270081359, 2.03696890821e-05, 2.25098228839e-05, 0.000102488185803, 1.16934024845e-05, 1.51955227921e-05, 5.87543363508e-05, 1.6233729184e-05, 1.0743960047e-05, 8.64606263349e-05, 3.62302489521e-05, 6.33865201962e-05, 4.46034246124e-05, 3.50316913682e-05, 5.59775617148e-05, 4.15127287852e-05, 2.11662572838e-05, 1.09263301056e-05, 7.13470581104e-06, 1.18894849948e-05, 1.61663101608e-05, 6.74786087984e-06, 4.74738999401e-06, 3.57942599294e-06, 6.2238236751e-06, 1.27924295157e-06, 2.37552535509e-06, 6.75310457154e-06, 4.00823319069e-06, 3.37912661053e-06, 1.12682728286e-05, 1.99987994165e-06, 8.16262036096e-06, 5.28554664925e-06, 1.79506969289e-06, 5.79249672228e-06, 8.70490202942e-06, 3.20542676491e-06, 1.43966315136e-06, 4.58680779047e-06, 2.17531942326e-06, 2.41244197241e-06, 3.03188267026e-06, 1.51743745391e-06, 7.53744473059e-07, 1.1084595144e-06, 1.26097108932e-06, 2.6217321647e-06, 1.11622466648e-06, 3.62781702279e-06, 3.59612812417e-07, 1.86759871212e-06, 1.52967800204e-07, 1.58353259394e-07, 7.28529272465e-08, 7.13720496037e-08, 1.74261884922e-08, 1.78339618628e-08, 1.73250302993e-08, 1.67867089118e-08, 1.60200599453e-08, 1.528136373e-08, 1.46893279762e-08, 1.42052360985e-08, 1.36565745379e-08, 1.30251462949e-08, 1.25643300208e-08, 1.21584600166e-08, 1.1634176289e-08, 1.12676135089e-08, 1.10362803341e-08, 1.06811102185e-08, 1.03239763405e-08, 1.00790256141e-08, 9.89517801031e-09, 9.64477830934e-09, 9.4480290258e-09, 9.32054611269e-09, 9.10671982268e-09, 9.06337049855e-09, 8.97453489301e-09, 8.9294891481e-09],
        "mean": [2.14073133975e-06, 9.27495148062e-06, 2.03867293749e-05, 0.000172061991179, 0.000715926405974, 0.000795168918557, 0.000660477962811, 0.00102091394365, 0.0022032703273, 0.00223005283624, 0.00158082356211, 0.0013195190113, 0.0015129748499, 0.00102872762363, 0.000405983184464, 0.00030274814344, 0.000289487710688, 0.000339909165632, 0.000291302683763, 0.000271471915767, 8.82883105078e-05, 6.44714673399e-05, 6.91357345204e-05, 1.10281725938e-05, 9.48930573941e-06, 4.07803054259e-06, 4.15076419813e-06, 9.24681717152e-06, 5.41834970136e-06, 3.07303125737e-05, 2.62070680037e-05, 4.28913408541e-05, 0.000119777607324, 0.000139325740747, 4.10318352806e-05, 1.46342035805e-05, 1.55784964591e-05, 3.25188830175e-06, 1.8830329509e-06, 3.53998370883e-06, 4.90923866892e-06, 2.97835913443e-06, 3.99664031647e-06, 5.14710472999e-06, 1.12800012175e-06, 9.81821699497e-07, 2.18543823394e-06, 5.04926163103e-07, 5.89624391978e-07, 1.91073695532e-06, 5.96598965785e-07, 5.39547215794e-07, 6.68162726924e-07, 2.40092248305e-07, 2.98622552464e-07, 6.70007580084e-07, 4.14877803223e-07, 8.19295792098e-07, 3.02601790736e-07, 1.81456670134e-07, 4.08989308198e-07, 2.94420146929e-07, 2.55516511061e-07, 1.4299985196e-07, 1.1916971232e-07, 1.6391506108e-07, 1.50579552383e-07, 1.25640099213e-07, 1.03801582441e-07, 9.39860171911e-08, 9.18330513855e-08, 6.1860859546e-08, 5.38643902814e-08, 1.12352658732e-07, 6.77162432794e-08, 5.8982244866e-08, 7.167475502e-08, 5.55581713968e-08, 5.42375175883e-08, 5.32291188904e-08, 4.26948538745e-08, 4.39568701438e-08, 6.07059860158e-08, 4.47629702194e-08, 3.41044632535e-08, 4.78007962101e-08, 3.78275650803e-08, 3.79163580533e-08, 4.10143776719e-08, 2.66272017768e-08, 2.69649245155e-08, 2.76157461343e-08, 3.17307282671e-08, 3.33532206298e-08, 2.22302229957e-08, 2.48671430114e-08, 1.59490713969e-08, 1.63271973719e-08, 8.95048035687e-09, 6.16365269934e-09, 3.77268749574e-09, 1.59983115644e-09, 6.62722654532e-10, 4.58830473615e-11, 1.70704075875e-11, 1.63175063739e-11, 1.56531385076e-11, 1.50823398909e-11, 1.46719338068e-11, 1.4293293979e-11, 1.40426134262e-11, 1.36860644345e-11, 1.33508325922e-11, 1.28898567167e-11, 1.25046657057e-11, 1.21495096969e-11, 1.18458923226e-11, 1.14466656639e-11, 1.11378085574e-11, 1.07787390125e-11, 1.04261642722e-11, 1.02631054696e-11, 1.01423947366e-11, 9.95075636473e-12, 9.22774790607e-12, 8.17963492078e-12, 7.58522931965e-12, 7.47330582834e-12],
        "min": [7.68776597937e-10, 2.1709164244e-08, 2.99474258725e-08, 9.1940748348e-08, 1.23313572686e-08, 5.52692540623e-08, 1.31416811655e-07, 8.23453660814e-08, 5.41253442066e-08, 9.2708191346e-08, 9.88110642197e-08, 4.2761566732e-08, 1.88980440186e-08, 1.73317538099e-08, 6.00856964184e-09, 1.35678579483e-08, 1.68822769098e-08, 5.69365665726e-09, 1.96215808046e-08, 1.09725606379e-08, 3.71591362125e-08, 3.16918757903e-08, 2.39415456349e-08, 1.09427507056e-08, 7.55470708214e-09, 6.85295953318e-09, 9.20942788696e-09, 7.74448771779e-09, 1.09023030603e-08, 8.16626677391e-09, 7.53737072756e-09, 1.14207097113e-08, 4.97223906493e-09, 5.98324412238e-09, 5.11382047819e-09, 3.95349664117e-09, 4.31528102141e-09, 1.50729484449e-09, 5.29641108749e-10, 1.65968050414e-09, 3.58616047968e-09, 5.06331510053e-09, 2.99872748855e-09, 2.53236120962e-09, 2.67423483358e-09, 9.29250787429e-10, 2.27248020401e-09, 2.53066101408e-09, 1.8519641376e-09, 2.70117683776e-09, 4.45956338524e-09, 3.39928818427e-09, 2.08708006433e-09, 1.19235510354e-09, 1.4277907745e-09, 2.22699281238e-09, 2.26070828724e-09, 1.00407815395e-09, 1.87057680456e-09, 1.24015164804e-09, 2.67554423061e-10, 5.06654607157e-10, 3.04795588768e-09, 2.87384382958e-09, 2.06241956846e-09, 1.61919788688e-09, 1.46372081122e-09, 2.64809241202e-09, 3.41941608362e-09, 2.67542099586e-09, 2.20053331113e-09, 1.62614088861e-09, 2.11627138036e-09, 2.7977328787e-10, 1.310660247e-09, 1.40217304434e-09, 2.19111995214e-09, 1.35763278397e-09, 1.33491251386e-09, 1.90957627488e-09, 1.87773196991e-09, 2.07891370785e-09, 1.22492593846e-09, 2.31832597564e-09, 2.53634868663e-09, 2.3963588891e-09, 1.82051540509e-09, 1.81930315257e-09, 2.33797070592e-09, 1.80415538065e-09, 1.70032377067e-09, 1.86456561302e-09, 1.50229673146e-09, 2.16519868701e-09, 1.3655738762e-09, 1.78007852902e-09, 1.62023394701e-09, 1.22790810853e-09, 9.88852888462e-10, 8.83665252083e-10, 2.51748292351e-11, 2.08743048888e-12, 9.33860844557e-13, 7.91955747943e-13, 6.95336800291e-13, 7.18578029111e-13, 8.08808749142e-13, 1.01580072479e-12, 8.12864153158e-13, 7.03699685328e-13, 9.82475602609e-13, 1.0372362691e-12, 8.02416238923e-13, 1.03306545176e-12, 9.47185038735e-13, 1.06493676724e-12, 9.90986264403e-13, 6.51752523478e-13, 1.12272365883e-12, 9.35011725163e-13, 1.08974938448e-12, 1.11541971406e-12, 1.07722901779e-12, 1.06820487785e-12, 6.99801002736e-13, 2.40783033702e-13, 2.99815138265e-14, 1.19074430593e-15],
        "stdev": [2.66678512162e-06, 9.39917754295e-06, 3.09806673613e-05, 0.000688893487677, 0.00297513790429, 0.00257643219084, 0.00129649182782, 0.00285292952321, 0.00759574305266, 0.00639854092151, 0.00375742954202, 0.00248006475158, 0.0032321929466, 0.00208341144025, 0.000806312949862, 0.000743479060475, 0.000788257340901, 0.00130309176166, 0.000857522012666, 0.00101266126148, 0.000218550267164, 0.000154525667313, 0.000188830206753, 2.49376626016e-05, 3.58747856808e-05, 8.84120527189e-06, 7.93874460214e-06, 2.23895222007e-05, 1.09350130515e-05, 0.000122731173178, 7.88461693446e-05, 0.000155917572556, 0.000521353736985, 0.000605657114647, 0.000168929051142, 4.32469350926e-05, 6.14315722487e-05, 7.56245071898e-06, 6.31764442005e-06, 1.40917727549e-05, 2.63732599706e-05, 8.3870936578e-06, 9.5888181022e-06, 1.69991926668e-05, 3.91740968553e-06, 2.73130876849e-06, 8.2035885498e-06, 1.3718054106e-06, 1.47068658407e-06, 8.35941864352e-06, 1.15411592105e-06, 1.30484920646e-06, 3.38820177603e-06, 7.21253911706e-07, 7.10068775334e-07, 4.47579941465e-06, 2.06529921343e-06, 4.04621277994e-06, 1.52223026362e-06, 9.61666842159e-07, 2.15263708014e-06, 1.58590455612e-06, 1.00409886272e-06, 4.35817668176e-07, 3.31825134481e-07, 5.39396580734e-07, 5.97943085268e-07, 4.49357315802e-07, 2.76264188415e-07, 2.47660864261e-07, 2.87735332449e-07, 1.11485867649e-07, 1.02372169408e-07, 4.36747711774e-07, 1.78004640361e-07, 1.5700678091e-07, 3.08066717025e-07, 1.23379408024e-07, 2.66242579983e-07, 2.2782768383e-07, 1.09520591707e-07, 1.9151808317e-07, 3.03367954757e-07, 1.60825464945e-07, 7.3674314649e-08, 1.74571312073e-07, 9.73985621044e-08, 1.10121860075e-07, 1.45819683439e-07, 4.93887490904e-08, 4.54062956123e-08, 6.40331592194e-08, 8.44733705208e-08, 1.15886713559e-07, 4.86733036098e-08, 1.16935694905e-07, 2.74983698034e-08, 5.4912511871e-08, 1.09047366692e-08, 5.94195803671e-09, 3.34258887236e-09, 2.52221199482e-09, 1.18407228467e-09, 3.99288463404e-10, 3.80347559004e-10, 3.68490377101e-10, 3.51634499296e-10, 3.35449223954e-10, 3.22433191258e-10, 3.11812686782e-10, 2.99727825892e-10, 2.85935608524e-10, 2.75790668081e-10, 2.66865363141e-10, 2.55384241532e-10, 2.47339454473e-10, 2.42215331125e-10, 2.34457120385e-10, 2.26625551658e-10, 2.21235071929e-10, 2.17174153661e-10, 2.11708789388e-10, 2.07374450945e-10, 2.045765779e-10, 1.99913016696e-10, 1.98968633236e-10, 1.97025326609e-10, 1.9603821344e-10]
    },
    "mfcc": {
        "mean": [-795.661437988, 172.150741577, 30.4601325989, 15.7286128998, -7.55678987503, 4.00374746323, -10.5417814255, -4.56443595886, -21.9097805023, -12.6645793915, -15.4253225327, -0.939044237137, -2.95600748062],
        "cov": [[1954.28601074, 798.571533203, -357.058837891, -60.3172912598, 27.0907707214, 80.802772522, -35.9519462585, -41.3272399902, -204.44670105, -49.4020843506, -42.8225822449, 59.9757270813, -35.836063385], [798.571533203, 1161.12548828, 89.290435791, -51.2543411255, 58.5654907227, 43.1914825439, -27.0853996277, -139.571868896, -227.907699585, -124.050788879, -50.8567886353, -73.703086853, -166.003082275], [-357.058837891, 89.290435791, 438.994232178, 152.895980835, 42.6807518005, 27.1279468536, -2.62577080727, -69.6505050659, -47.6663742065, -42.3706665039, -3.49780869484, -58.5369491577, -102.085037231], [-60.3172912598, -51.2543411255, 152.895980835, 243.314941406, 108.101280212, 27.1636333466, -19.6923923492, -19.6664085388, 1.93648040295, 2.73423290253, -1.93364167213, -18.686832428, -52.4944915771], [27.0907707214, 58.5654907227, 42.6807518005, 108.101280212, 164.50163269, 85.4927825928, 19.3040428162, -11.6203727722, -12.9635181427, 9.64211845398, 20.8722305298, 2.19607877731, -43.4576568604], [80.802772522, 43.1914825439, 27.1279468536, 27.1636333466, 85.4927825928, 144.754241943, 71.7733001709, 6.72312450409, -22.7092342377, 5.00135993958, 22.3011608124, 25.4513893127, -9.92842674255], [-35.9519462585, -27.0853996277, -2.62577080727, -19.6923923492, 19.3040428162, 71.7733001709, 116.760536194, 53.3566741943, -2.31701135635, 0.118992641568, 20.8776378632, 30.9355869293, 22.0509185791], [-41.3272399902, -139.571868896, -69.6505050659, -19.6664085388, -11.6203727722, 6.72312450409, 53.3566741943, 133.563995361, 76.3306121826, 23.3788604736, 16.2389659882, 56.1660079956, 83.7567825317], [-204.44670105, -227.907699585, -47.6663742065, 1.93648040295, -12.9635181427, -22.7092342377, -2.31701135635, 76.3306121826, 158.765670776, 76.5857391357, 22.1308822632, 29.3564319611, 94.2681503296], [-49.4020843506, -124.050788879, -42.3706665039, 2.73423290253, 9.64211845398, 5.00135993958, 0.118992641568, 23.3788604736, 76.5857391357, 111.780036926, 56.1527748108, 18.9330463409, 36.7873001099], [-42.8225822449, -50.8567886353, -3.49780869484, -1.93364167213, 20.8722305298, 22.3011608124, 20.8776378632, 16.2389659882, 22.1308822632, 56.1527748108, 112.485427856, 49.9366378784, 8.47259902954], [59.9757270813, -73.703086853, -58.5369491577, -18.686832428, 2.19607877731, 25.4513893127, 30.9355869293, 56.1660079956, 29.3564319611, 18.9330463409, 49.9366378784, 127.981384277, 96.4015960693], [-35.836063385, -166.003082275, -102.085037231, -52.4944915771, -43.4576568604, -9.92842674255, 22.0509185791, 83.7567825317, 94.2681503296, 36.7873001099, 8.47259902954, 96.4015960693, 205.095748901]],
        "icov": [[0.0014960358385, -0.00109903595876, 0.00175005430356, -0.00141293206252, 0.00142026762478, -0.00162032502703, 0.00131069275085, -0.000871462398209, 0.00178196292836, -0.00119746825658, 0.00072773557622, -0.0010128080612, 0.000160485025845], [-0.00109903595876, 0.00215769279748, -0.00155495246872, 0.00200213654898, -0.00200660596602, 0.00111038738396, -0.000367170141544, 0.000688710599206, 0.000185093769687, 0.00113721354865, -0.000316804245813, 0.000847905350383, 5.15757983521e-06], [0.00175005430356, -0.00155495246872, 0.00585741875693, -0.00462711881846, 0.00351349939592, -0.00273992866278, 0.000330759823555, 0.000774474872742, 0.000775867549237, 0.000651612819638, -0.000671597605105, -0.000164229000802, 0.000669835251756], [-0.00141293206252, 0.00200213654898, -0.00462711881846, 0.0105125634, -0.00793818384409, 0.00300762103871, 0.000967167608906, -0.000392005604226, -0.0011780669447, 9.24210908124e-05, 0.00137099123094, -0.000205303542316, 0.000845660106279], [0.00142026762478, -0.00200660596602, 0.00351349939592, -0.00793818384409, 0.0162474289536, -0.00952625647187, 0.00216827960685, -0.000426593760494, -0.000178816189873, -0.000740948191378, -0.00116670178249, -0.000988837098703, 0.00199173041619], [-0.00162032502703, 0.00111038738396, -0.00273992866278, 0.00300762103871, -0.00952625647187, 0.0183391198516, -0.0107235955074, 0.00339867942967, -0.00051522400463, -0.00106501753908, 0.000924437248614, -0.00180253281724, -0.000107193933218], [0.00131069275085, -0.000367170141544, 0.000330759823555, 0.000967167608906, 0.00216827960685, -0.0107235955074, 0.0200256798416, -0.00978838000447, 0.0055344812572, -0.000377939693863, -0.00147515069693, 0.00092127895914, -0.000719481264241], [-0.000871462398209, 0.000688710599206, 0.000774474872742, -0.000392005604226, -0.000426593760494, 0.00339867942967, -0.00978838000447, 0.0183813627809, -0.00938212312758, 0.00392160890624, -5.67767347093e-05, -0.00326294987462, -0.000544766546227], [0.00178196292836, 0.000185093769687, 0.000775867549237, -0.0011780669447, -0.000178816189873, -0.00051522400463, 0.0055344812572, -0.00938212312758, 0.0213064178824, -0.0108472295105, 0.00180867663585, 0.00234840996563, -0.0053065661341], [-0.00119746825658, 0.00113721354865, 0.000651612819638, 9.24210908124e-05, -0.000740948191378, -0.00106501753908, -0.000377939693863, 0.00392160890624, -0.0108472295105, 0.0216709002852, -0.0106767667457, 0.00456036580727, -0.00131398939993], [0.00072773557622, -0.000316804245813, -0.000671597605105, 0.00137099123094, -0.00116670178249, 0.000924437248614, -0.00147515069693, -5.67767347093e-05, 0.00180867663585, -0.0106767667457, 0.0184743925929, -0.0102139608935, 0.00498812319711], [-0.0010128080612, 0.000847905350383, -0.000164229000802, -0.000205303542316, -0.000988837098703, -0.00180253281724, 0.00092127895914, -0.00326294987462, 0.00234840996563, 0.00456036580727, -0.0102139608935, 0.0203600171953, -0.00973357912153], [0.000160485025845, 5.15757983521e-06, 0.000669835251756, 0.000845660106279, 0.00199173041619, -0.000107193933218, -0.000719481264241, -0.000544766546227, -0.0053065661341, -0.00131398939993, 0.00498812319711, -0.00973357912153, 0.0132182808593]]
    },
    "spectral_contrast_coeffs": {
        "max": [-0.288793832064, -0.328792750835, -0.451185405254, -0.633885145187, -0.664129495621, -0.646178901196],
        "mean": [-0.612191796303, -0.700622856617, -0.74536383152, -0.816223621368, -0.844219207764, -0.794503748417],
        "min": [-0.929346501827, -0.940564393997, -0.92064845562, -0.94117474556, -0.938487887383, -0.912280201912],
        "stdev": [0.118057541549, 0.103609830141, 0.0991263240576, 0.0606209561229, 0.0415802337229, 0.0243892520666]
    },
    "spectral_contrast_valleys": {
        "max": [-4.86698913574, -5.82858514786, -6.52230119705, -7.25563716888, -7.59468078613, -10.368183136],
        "mean": [-7.47943496704, -7.63105249405, -8.64866352081, -9.41039657593, -9.5054359436, -12.066819191],
        "min": [-9.71637439728, -9.91460895538, -10.5668029785, -11.1114053726, -11.5551328659, -12.8438205719],
        "stdev": [0.88023853302, 0.773457407951, 0.679352402687, 0.511850059032, 0.383004814386, 0.288304686546]
    }
},
"rhythm": {
    "beats_count": 90,
    "beats_loudness": {
        "max": 0.186278045177,
        "mean": 0.0267222803086,
        "min": 0.000175471155671,
        "stdev": 0.0330299809575
    },
    "bpm": 152.036590576,
    "bpm_histogram_first_peak_bpm": 152,
    "bpm_histogram_first_peak_weight": 0.166666686535,
    "bpm_histogram_second_peak_bpm": 108,
    "bpm_histogram_second_peak_spread": 0.428571462631,
    "bpm_histogram_second_peak_weight": 0.13483145833,
    "danceability": 0.983561933041,
    "onset_rate": 2.6455078125,
    "beats_loudness_band_ratio": {
        "max": [0.941145718098, 0.992930829525, 0.882569730282, 0.731322526932, 0.0735065788031, 0.106686815619],
        "mean": [0.282812267542, 0.554321110249, 0.170599043369, 0.0846264362335, 0.0050963354297, 0.00334793631919],
        "min": [0.000823574198876, 0.00113513960969, 0.00112636503763, 0.000583768181968, 4.66267192678e-05, 2.8013231713e-05],
        "stdev": [0.257862597704, 0.300930976868, 0.226155027747, 0.154454350471, 0.00914976559579, 0.0116348788142]
    },
