{
"metadata": {
    "version": {
        "essentia": "2.1-beta5",
        "essentia_git_sha": "Undefined",
        "extractor": "music 2.0"
    },
    "audio_properties": {
        "analysis": {
            "equal_loudness": 0,
            "length": 12.7477550507,
            "sample_rate": 44100,
            "start_time": 0,
            "downmix": "mix"
        },
        "bit_rate": 192000,
        "length": 256.603729248,
        "lossless": 0,
        "number_channels": 2,
        "replay_gain": -6.20728492737,
        "sample_rate": 48000,
        "codec": "mp3",
        "md5_encoded": "59177e67326a43387a5e1c1bc84a1261"
    },
    "tags": {
        "file_name": "Switzerland_L_enfant Que J_étais_Lys Assia.mp3",
        "encoding": ["Lavf58.29.100"]
    }
},
"lowlevel": {
    "average_loudness": 0.534205079079,
    "barkbands_crest": {
        "max": 23.0992431641,
        "mean": 9.11148548126,
        "min": 2.60332036018,
        "stdev": 4.76691198349
    },
    "barkbands_flatness_db": {
        "max": 0.412032276392,
        "mean": 0.210388749838,
        "min": 0.0961221382022,
        "stdev": 0.0667501837015
    },
    "barkbands_kurtosis": {
        "max": 40.7363815308,
        "mean": 4.83558607101,
        "min": -1.13531315327,
        "stdev": 6.25155115128
    },
    "barkbands_skewness": {
        "max": 5.82330417633,
        "mean": 1.36994290352,
        "min": -0.584200441837,
        "stdev": 1.23854374886
    },
    "barkbands_spread": {
        "max": 24.3041648865,
        "mean": 10.0265321732,
        "min": 1.68463647366,
        "stdev": 5.09286403656
    },
    "dissonance": {
        "max": 0.499999910593,
        "mean": 0.457675337791,
        "min": 0.224561437964,
        "stdev": 0.0383954383433
    },
    "dynamic_complexity": 5.49780225754,
    "erbbands_crest": {
        "max": 26.3448982239,
        "mean": 8.90215015411,
        "min": 3.43720960617,
        "stdev": 4.21011781693
    },
    "erbbands_flatness_db": {
        "max": 0.356172829866,
        "mean": 0.236096441746,
        "min": 0.1757337749,
        "stdev": 0.0278665721416
    },
    "erbbands_kurtosis": {
        "max": 8.32617282867,
        "mean": 1.1934440136,
        "min": -1.45834302902,
        "stdev": 1.33377492428
    },
    "erbbands_skewness": {
        "max": 1.95328831673,
        "mean": 0.617956578732,
        "min": -0.706380188465,
        "stdev": 0.520261883736
    },
    "erbbands_spread": {
        "max": 50.2894935608,
        "mean": 20.8985824585,
        "min": 8.09900951385,
        "stdev": 7.95211267471
    },
    "hfc": {
        "max": 33.4414100647,
        "mean": 7.32665348053,
        "min": 0.0356139540672,
        "stdev": 7.01393890381
    },
    "loudness_ebu128": {
        "integrated": -19.099521637,
        "loudness_range": 11.5740242004,
        "momentary": {
            "max": -14.2295150757,
            "mean": -22.4941921234,
            "min": -34.67212677,
            "stdev": 5.52113056183
        },
        "short_term": {
            "max": -14.9637098312,
            "mean": -20.2847042084,
            "min": -28.4832458496,
            "stdev": 3.87649536133
        }
    },
    "melbands_crest": {
        "max": 29.0546665192,
        "mean": 12.4578771591,
        "min": 3.2821199894,
        "stdev": 6.93848848343
    },
    "melbands_flatness_db": {
        "max": 0.525607168674,
        "mean": 0.235103204846,
        "min": 0.0984844863415,
        "stdev": 0.0983646810055
    },
    "melbands_kurtosis": {
        "max": 81.4725189209,
        "mean": 7.51527261734,
        "min": -0.962495088577,
        "stdev": 9.96639251709
    },
    "melbands_skewness": {
        "max": 7.40683984756,
        "mean": 1.7216565609,
        "min": -0.37435528636,
        "stdev": 1.35998284817
    },
    "melbands_spread": {
        "max": 43.9627380371,
        "mean": 16.1229152679,
        "min": 2.09917640686,
        "stdev": 10.7999258041
    },
    "pitch_salience": {
        "max": 0.882483839989,
        "mean": 0.619644641876,
        "min": 0.197920069098,
        "stdev": 0.156791642308
    },
    "silence_rate_20dB": {
        "max": 1,
        "mean": 1,
        "min": 1,
        "stdev": 0
    },
    "silence_rate_30dB": {
        "max": 1,
        "mean": 0.996363639832,
        "min": 0,
        "stdev": 0.0601925738156
    },
    "silence_rate_60dB": {
        "max": 1,
        "mean": 0.329090923071,
        "min": 0,
        "stdev": 0.469882100821
    },
    "spectral_centroid": {
        "max": 1848.01049805,
        "mean": 903.157836914,
        "min": 218.099380493,
        "stdev": 512.620666504
    },
    "spectral_complexity": {
        "max": 23,
        "mean": 11.7181816101,
        "min": 0,
        "stdev": 5.29619312286
    },
    "spectral_decrease": {
        "max": -7.36733937745e-12,
        "mean": -5.3884394724e-09,
        "min": -3.23652287193e-08,
        "stdev": 6.74647848697e-09
    },
    "spectral_energy": {
        "max": 0.124885417521,
        "mean": 0.0210017655045,
        "min": 3.10360410367e-05,
        "stdev": 0.026065222919
    },
    "spectral_energyband_high": {
        "max": 0.000174073182279,
        "mean": 3.65669220628e-05,
        "min": 3.80235007924e-07,
        "stdev": 2.839087756e-05
    },
    "spectral_energyband_low": {
        "max": 0.0769963860512,
        "mean": 0.00649237027392,
        "min": 1.79648296239e-07,
        "stdev": 0.0104885203764
    },
    "spectral_energyband_middle_high": {
        "max": 0.0105937058106,
        "mean": 0.00169008201919,
        "min": 1.98745565285e-05,
        "stdev": 0.00147636071779
    },
    "spectral_energyband_middle_low": {
        "max": 0.0909095853567,
        "mean": 0.0161342546344,
        "min": 1.11458984975e-05,
        "stdev": 0.0209424160421
    },
    "spectral_entropy": {
        "max": 7.96047449112,
        "mean": 7.07746887207,
        "min": 5.41444015503,
        "stdev": 0.626982331276
    },
    "spectral_flux": {
        "max": 0.212509989738,
        "mean": 0.0558599121869,
        "min": 0.00557099981233,
        "stdev": 0.045729637146
    },
    "spectral_kurtosis": {
        "max": 142.042861938,
        "mean": 10.6198539734,
        "min": 1.30421113968,
        "stdev": 16.6009540558
    },
    "spectral_rms": {
        "max": 0.0110380901024,
        "mean": 0.00368358311243,
        "min": 0.000174008804606,
        "stdev": 0.0026307280641
    },
    "spectral_rolloff": {
        "max": 2217.91992188,
        "mean": 1049.37194824,
        "min": 172.265625,
        "stdev": 656.488098145
    },
    "spectral_skewness": {
        "max": 9.51466560364,
        "mean": 2.22352170944,
        "min": 1.04510807991,
        "stdev": 1.10746490955
    },
    "spectral_spread": {
        "max": 17661160,
        "mean": 2826639.75,
        "min": 676708.25,
        "stdev": 795905.5
    },
    "spectral_strongpeak": {
        "max": 3.55322313309,
        "mean": 0.583049893379,
        "min": 0.00789490900934,
        "stdev": 0.431715905666
    },
    "zerocrossingrate": {
        "max": 0.1708984375,
        "mean": 0.0410901978612,
        "min": 0.00830078125,
        "stdev": 0.0238601863384
    },
    "barkbands": {
        "max": [0.000103207872598, 0.0317366942763, 0.0312151685357, 0.0626190081239, 0.0667806044221, 0.0193935483694, 0.0208726935089, 0.0117973368615, 0.00965562276542, 0.00589940231293, 0.008559868671, 0.00215467205271, 0.00319088832475, 0.000980291515589, 0.00064166856464, 0.000797443033662, 0.000254699203651, 0.000124430502183, 0.000147380851558, 8.36462568259e-05, 5.78856961511e-05, 4.50671432191e-05, 3.54430339939e-05, 3.10106042889e-05, 6.24656422588e-06, 4.3992395149e-07, 4.6514756491e-07],
        "mean": [4.23441224484e-06, 0.00115605373867, 0.00206597475335, 0.0057538584806, 0.00459985248744, 0.00241832993925, 0.00148120685481, 0.000978264957666, 0.000724868499674, 0.000468944082968, 0.000409000174841, 0.000267074239673, 0.000197072789888, 0.000119095515402, 0.000101826670289, 0.000110883134766, 4.18191411882e-05, 3.1302057323e-05, 2.81851407635e-05, 1.45141002577e-05, 1.03652400867e-05, 8.38791220303e-06, 5.64714628126e-06, 4.26291853728e-06, 7.5265296573e-07, 1.44956524561e-09, 1.54343993142e-09],
        "min": [1.73293024375e-09, 2.70275286596e-08, 4.90328417868e-08, 2.70107193501e-07, 2.32215893448e-06, 3.70748057321e-06, 7.56903659749e-07, 1.35019206482e-06, 1.62720789376e-06, 3.72364138457e-06, 3.35973982146e-06, 1.65057770118e-06, 1.85291852972e-07, 5.75641251999e-07, 1.57571219006e-06, 1.01191790236e-06, 1.17877027606e-06, 3.84074695603e-07, 2.78568933254e-07, 1.82926399361e-07, 9.69970557207e-08, 6.19075279928e-08, 6.99888076383e-08, 5.40743059219e-08, 1.00173487283e-08, 2.70704448441e-11, 3.84431167455e-11],
        "stdev": [9.16419230634e-06, 0.00341839133762, 0.00418057572097, 0.00878974050283, 0.00947502721101, 0.00327783427201, 0.00274725188501, 0.0017540367553, 0.00109862303361, 0.000648447603453, 0.00087447615806, 0.000322178180795, 0.000303092238028, 0.000131489781779, 0.000107691965241, 0.000109261614853, 4.2148752982e-05, 2.30490095419e-05, 2.28900589718e-05, 1.24967073134e-05, 8.90336468728e-06, 6.9957272899e-06, 5.52732171855e-06, 4.49055823992e-06, 8.48959416544e-07, 1.87787865258e-08, 1.98563601117e-08]
    },
    "erbbands": {
        "max": [0.156323239207, 9.69786930084, 42.8449935913, 159.873550415, 258.781951904, 125.724304199, 98.3642349243, 177.613250732, 356.531311035, 232.277664185, 327.050872803, 170.072418213, 181.705245972, 209.230499268, 419.345092773, 102.917984009, 105.822349548, 73.0062255859, 40.4275779724, 33.4144897461, 27.5013580322, 13.2216053009, 8.20991420746, 11.7713375092, 7.15153503418, 4.58395242691, 3.64090895653, 2.12236738205, 1.8183311224, 1.96217978001, 0.966213226318, 0.600489675999, 0.572773694992, 0.124921053648, 0.0186445601285, 0.00176636630204, 0.000815389445052, 0.000289084622636, 6.7713590397e-05, 0.000137304741656],
        "mean": [0.00762200867757, 0.35710144043, 2.19003939629, 12.6376304626, 20.9795475006, 10.2248001099, 11.71342659, 20.9432849884, 26.3939361572, 16.2759914398, 22.8947658539, 16.1375675201, 17.2290096283, 15.1843557358, 15.6742630005, 11.0438566208, 8.66204166412, 7.01297140121, 5.84495401382, 5.53040218353, 5.23319625854, 2.2858300209, 1.87332367897, 1.43397736549, 1.33378279209, 0.662083983421, 0.494091033936, 0.391238927841, 0.302531272173, 0.240632385015, 0.152113497257, 0.101059600711, 0.0602440163493, 0.0168088879436, 0.00177359650843, 6.5682848799e-05, 1.23195586639e-05, 2.55050758824e-06, 1.01811592685e-05, 2.34247763728e-05],
        "min": [6.87800252308e-07, 7.10585800334e-06, 5.40025430382e-05, 0.000504720490426, 0.00264627765864, 0.00855349842459, 0.0238140057772, 0.0343592464924, 0.0168892368674, 0.0132269607857, 0.033907417208, 0.0387775637209, 0.0999714136124, 0.201151803136, 0.155824333429, 0.0653638616204, 0.0159559361637, 0.0434166267514, 0.171500518918, 0.100415758789, 0.0957576110959, 0.0680738687515, 0.0313411764801, 0.0098408292979, 0.0113744167611, 0.00887767970562, 0.00513485493138, 0.00234222086146, 0.00208346871659, 0.0019909797702, 0.00170233473182, 0.00105457520112, 0.000816239626147, 0.000214905638131, 1.24437865452e-05, 8.18950411485e-07, 2.34937871824e-07, 8.03737734145e-08, 3.67105101873e-08, 4.03309989849e-08],
        "stdev": [0.0197733324021, 1.03060543537, 4.76481342316, 19.5629577637, 39.6654853821, 19.4109134674, 16.7954463959, 30.8457870483, 47.7620315552, 26.9956855774, 42.8472290039, 22.0628623962, 23.6298027039, 22.9015808105, 34.4864425659, 13.4899530411, 10.664399147, 7.95295715332, 6.19889688492, 4.75456476212, 4.56326389313, 2.0886092186, 1.34431636333, 1.34346675873, 1.14619636536, 0.548143625259, 0.432893335819, 0.320160269737, 0.254605442286, 0.218363344669, 0.151223704219, 0.101901322603, 0.0699930116534, 0.019421050325, 0.00194008741528, 9.50702451519e-05, 3.5911827581e-05, 1.23805166368e-05, 1.22682477013e-05, 2.86664890154e-05]
    },
    "gfcc": {
        "mean": [-101.031799316, 152.632110596, -160.05329895, 25.3716087341, -78.1170730591, 4.38097715378, -38.5227966309, -14.5071277618, -11.6122951508, -26.4208259583, -1.14793908596, -23.9801483154, 3.49339604378],
        "cov": [[2692.45141602, 961.275634766, 1033.14868164, 79.5718460083, 23.970615387, -9.25058078766, 194.474517822, -94.9324188232, 74.3523406982, -127.429229736, 3.79213047028, -153.803329468, -87.5437393188], [961.275634766, 1214.83190918, 1178.19335938, -32.32604599, 186.504714966, -392.818145752, 172.21685791, -97.8023529053, -29.9495601654, -126.394470215, -68.7931365967, -154.922943115, -139.000946045], [1033.14868164, 1178.19335938, 1276.74377441, 20.6162605286, 173.050613403, -364.646759033, 167.54574585, -89.7192993164, -34.8411064148, -130.926620483, -76.4158630371, -153.637802124, -140.174163818], [79.5718460083, -32.32604599, 20.6162605286, 168.208587646, -2.58303928375, -22.8836307526, 5.30043077469, 2.17756080627, -6.46166086197, -35.0221557617, -16.3424415588, -18.6789398193, 1.83760106564], [23.970615387, 186.504714966, 173.050613403, -2.58303928375, 131.688232422, -5.75705909729, 14.2088327408, -14.2389202118, 3.88228464127, 2.60525608063, -16.5813827515, -17.5525989532, -31.2248020172], [-9.25058078766, -392.818145752, -364.646759033, -22.8836307526, -5.75705909729, 430.039550781, -4.72131156921, 57.6524047852, 68.9235305786, 102.33026123, 67.3528060913, 85.2937545776, 67.955291748], [194.474517822, 172.21685791, 167.54574585, 5.30043077469, 14.2088327408, -4.72131156921, 87.5396194458, 18.7464981079, 7.80767583847, -16.9592170715, -0.566938638687, -14.7079877853, -13.5712652206], [-94.9324188232, -97.8023529053, -89.7192993164, 2.17756080627, -14.2389202118, 57.6524047852, 18.7464981079, 70.5709609985, 21.5703639984, 21.5419826508, 14.9387731552, 18.1256427765, 15.2888708115], [74.3523406982, -29.9495601654, -34.8411064148, -6.46166086197, 3.88228464127, 68.9235305786, 7.80767583847, 21.5703639984, 57.2332191467, 32.8524131775, 12.5247869492, 14.8329601288, 7.41330337524], [-127.429229736, -126.394470215, -130.926620483, -35.0221557617, 2.60525608063, 102.33026123, -16.9592170715, 21.5419826508, 32.8524131775, 80.810798645, 37.7696914673, 33.7602424622, 17.5360794067], [3.79213047028, -68.7931365967, -76.4158630371, -16.3424415588, -16.5813827515, 67.3528060913, -0.566938638687, 14.9387731552, 12.5247869492, 37.7696914673, 54.8558425903, 34.9751091003, 19.0284137726], [-153.803329468, -154.922943115, -153.637802124, -18.6789398193, -17.5525989532, 85.2937545776, -14.7079877853, 18.1256427765, 14.8329601288, 33.7602424622, 34.9751091003, 64.3844223022, 38.4625358582], [-87.5437393188, -139.000946045, -140.174163818, 1.83760106564, -31.2248020172, 67.955291748, -13.5712652206, 15.2888708115, 7.41330337524, 17.5360794067, 19.0284137726, 38.4625358582, 63.494430542]],
        "icov": [[0.00123932259157, -0.000731228326913, -0.000632888695691, -0.00038711290108, 0.00166178669315, -0.00162755989004, 0.000447375554359, 0.00135749648325, -0.00275876861997, 0.00265311729163, -0.00275820260867, 0.00278122862801, -0.000218999033677], [-0.000731228326913, 0.0218918118626, -0.0127985384315, 0.00845489371568, -0.0122691290453, 0.00858865305781, -0.0141684720293, 0.00872458238155, -0.00808536633849, 0.00557518564165, -0.0116920415312, 0.0111846970394, -0.00580444885418], [-0.000632888695691, -0.0127985384315, 0.0109157022089, -0.00460174819455, 0.00372598320246, -0.00243841693737, 0.0042500612326, -0.00420379871503, 0.00605015922338, -0.00444782106206, 0.00783454347402, -0.00695636402816, 0.00409112870693], [-0.00038711290108, 0.00845489371568, -0.00460174819455, 0.0102236019447, -0.00544953066856, 0.00320428842679, -0.00493171485141, 0.00218193954788, -0.0040207952261, 0.00620133662596, -0.00531444558874, 0.0068740923889, -0.00398289179429], [0.00166178669315, -0.0122691290453, 0.00372598320246, -0.00544953066856, 0.0200033150613, -0.00816545262933, 0.00950963050127, -0.00296168588102, 0.00281471409835, -0.00476690288633, 0.00931714102626, -0.00652974145487, 0.00728834606707], [-0.00162755989004, 0.00858865305781, -0.00243841693737, 0.00320428842679, -0.00816545262933, 0.00998773705214, -0.00838734954596, 0.00217141560279, -0.0027422895655, -0.00314871966839, -0.00287246471271, 0.000109852393507, -0.00395426573232], [0.000447375554359, -0.0141684720293, 0.0042500612326, -0.00493171485141, 0.00950963050127, -0.00838734954596, 0.0315955914557, -0.0152397975326, 0.00359733495861, 0.0025184166152, 0.00413240864873, -0.00626997137442, 0.00464501231909], [0.00135749648325, 0.00872458238155, -0.00420379871503, 0.00218193954788, -0.00296168588102, 0.00217141560279, -0.0152397975326, 0.0276093538851, -0.0116576487198, 0.0030409139581, -0.00885454565287, 0.00804516579956, -0.00375683163293], [-0.00275876861997, -0.00808536633849, 0.00605015922338, -0.0040207952261, 0.00281471409835, -0.0027422895655, 0.00359733495861, -0.0116576487198, 0.0380750223994, -0.0203213300556, 0.0178861226887, -0.0149138895795, 0.0047051217407], [0.00265311729163, 0.00557518564165, -0.00444782106206, 0.00620133662596, -0.00476690288633, -0.00314871966839, 0.0025184166152, 0.0030409139581, -0.0203213300556, 0.0404225252569, -0.0264101009816, 0.0123571166769, -0.00166598672513], [-0.00275820260867, -0.0116920415312, 0.00783454347402, -0.00531444558874, 0.00931714102626, -0.00287246471271, 0.00413240864873, -0.00885454565287, 0.0178861226887, -0.0264101009816, 0.0535127930343, -0.031177226454, 0.00677708862349], [0.00278122862801, 0.0111846970394, -0.00695636402816, 0.0068740923889, -0.00652974145487, 0.000109852393507, -0.00626997137442, 0.00804516579956, -0.0149138895795, 0.0123571166769, -0.031177226454, 0.0540507100523, -0.0189123358577], [-0.000218999033677, -0.00580444885418, 0.00409112870693, -0.00398289179429, 0.00728834606707, -0.00395426573232, 0.00464501231909, -0.00375683163293, 0.0047051217407, -0.00166598672513, 0.00677708862349, -0.0189123358577, 0.0309374220669]]
    },
    "melbands": {
        "max": [0.00461709033698, 0.0185895282775, 0.0227304361761, 0.0154005419463, 0.00423779292032, 0.00398500356823, 0.00521001778543, 0.00212575145997, 0.00258132000454, 0.00102075352333, 0.000883482629433, 0.000771365477704, 0.00119686685503, 0.000501284259371, 0.000212206796277, 0.000361342419637, 9.80878176051e-05, 9.07097492018e-05, 4.06678154832e-05, 6.96196802892e-05, 2.2186733986e-05, 1.48917597471e-05, 1.07829946501e-05, 6.61980902805e-06, 1.07618252514e-05, 6.48144077786e-06, 5.2919317568e-06, 2.62137177742e-06, 2.8729400583e-06, 1.2408679595e-06, 9.78683829089e-07, 1.23318852729e-06, 7.65926529311e-07, 1.10589053293e-06, 6.6064052362e-07, 4.37140499798e-07, 4.03917482572e-07, 4.18496227894e-07, 2.38997273527e-07, 8.68863807568e-08],
        "mean": [0.00018276112678, 0.0010476373136, 0.00239013531245, 0.00111268553883, 0.000389684806578, 0.00048085663002, 0.000388710526749, 0.000174961067387, 0.000178322254214, 0.000101067504147, 8.50264041219e-05, 5.9849673562e-05, 5.18557353644e-05, 3.51099479303e-05, 2.2716823878e-05, 1.88108024304e-05, 1.23125346363e-05, 9.51856236497e-06, 7.66867742641e-06, 8.74916077009e-06, 5.19147351952e-06, 2.40731105805e-06, 1.84752570931e-06, 1.42332976338e-06, 1.11782162548e-06, 1.07266487248e-06, 6.34065543181e-07, 4.00833016556e-07, 3.51085191141e-07, 2.36369189111e-07, 2.15714095475e-07, 1.78849731469e-07, 1.42759631672e-07, 1.26696249936e-07, 8.9480870713e-08, 7.01359255117e-08, 5.89764859171e-08, 4.72487542424e-08, 2.61014960756e-08, 9.92980631054e-09],
        "min": [6.80198120051e-09, 2.47625315808e-08, 1.42727614616e-07, 3.8198587049e-07, 7.62041338476e-07, 7.63408195326e-07, 2.30369337828e-07, 1.7155507237e-07, 2.79229226408e-07, 2.3759454848e-07, 5.31665932613e-07, 2.52913906706e-07, 5.45345812952e-07, 2.01167594582e-07, 9.69413989083e-08, 1.33532882529e-08, 3.54721549911e-08, 1.59015698387e-07, 1.20486831179e-07, 7.05039298055e-08, 6.86570231778e-08, 5.03935311258e-08, 4.34222968693e-08, 1.13387876866e-08, 7.31128757536e-09, 1.04847801552e-08, 5.86634207878e-09, 4.44450520831e-09, 3.06807002026e-09, 2.15086903843e-09, 1.28164201474e-09, 1.07074193956e-09, 1.02256947354e-09, 1.04067410245e-09, 8.18453027573e-10, 7.95216281713e-10, 4.92725915624e-10, 6.89149237676e-10, 3.54561435767e-10, 1.09297702833e-10],
        "stdev": [0.000529271550477, 0.00213484931737, 0.00353312632069, 0.00219422741793, 0.000575845595449, 0.00068775616819, 0.000697193085216, 0.00028191783349, 0.000333563453751, 0.000142998396768, 0.000119724412798, 9.11740135052e-05, 0.000104073958937, 5.18357919645e-05, 2.90750122076e-05, 3.173344885e-05, 1.32754639708e-05, 1.10265227704e-05, 8.00637008069e-06, 8.66052960191e-06, 4.35281845057e-06, 2.57695410255e-06, 1.67054906797e-06, 1.06704112568e-06, 1.25712256249e-06, 1.03805086837e-06, 5.35094727638e-07, 3.45395420709e-07, 3.35003562668e-07, 1.95886414645e-07, 1.8470358043e-07, 1.55747372332e-07, 1.30438337465e-07, 1.2211324929e-07, 9.4229342551e-08, 7.08605725208e-08, 6.40335997559e-08, 5.44015357207e-08, 3.21367146228e-08, 1.15393232747e-08]
    },
    "melbands128": {
        "max": [6.14757955191e-05, 0.000196153720026, 0.00353760854341, 0.0218622386456, 0.0280164517462, 0.0198312345892, 0.039641648531, 0.0287438817322, 0.0360808223486, 0.0162600781769, 0.00749156903476, 0.00889266002923, 0.00403918884695, 0.00521484715864, 0.00431724544615, 0.00820234511048, 0.00788515526801, 0.00807213969529, 0.00289306300692, 0.00436810497195, 0.00216183671728, 0.00371168763377, 0.00469913240522, 0.00373127963394, 0.000877259299159, 0.00212171021849, 0.00213483162224, 0.00142600457184, 0.00198324024677, 0.000748899998143, 0.00154225935694, 0.00120802631136, 0.00115701416507, 0.00273823668249, 0.000510572688654, 0.000512143597007, 0.000562211964279, 0.000336281955242, 0.000152433058247, 0.000123407327919, 0.000780947622843, 0.000330284616211, 8.63118621055e-05, 0.000102953512396, 0.000266387389274, 9.31863978622e-05, 0.000124994752696, 7.30740066501e-05, 6.41461883788e-05, 7.01843309798e-05, 0.000117688476166, 0.000114777358249, 4.25079924753e-05, 3.80349738407e-05, 4.80306334794e-05, 2.18099812628e-05, 1.96929577214e-05, 1.69877257576e-05, 1.81243631232e-05, 1.61587795446e-05, 8.95252196642e-06, 1.01388905023e-05, 2.73798268609e-05, 1.3356278032e-05, 1.25360475067e-05, 8.66922982823e-06, 1.47522978295e-05, 5.04254558109e-06, 9.0200055638e-06, 1.11226163426e-05, 2.60106435235e-06, 4.68669895781e-06, 3.53760583494e-06, 3.38245536113e-06, 2.27779059969e-06, 1.42622127441e-06, 2.62634898718e-06, 2.15204295273e-06, 1.68523126831e-06, 1.3013974467e-06, 1.28760166263e-06, 1.5640609945e-06, 1.19877199722e-06, 1.10907785711e-06, 1.57989779836e-06, 1.79004200618e-06, 9.25579627165e-07, 1.31821400373e-06, 7.92891285073e-07, 6.47153058253e-07, 8.4642482534e-07, 4.52103989801e-07, 3.62315063285e-07, 8.1927470319e-07, 6.24310985131e-07, 3.18813221156e-07, 6.08855259543e-07, 5.3259230981e-07, 5.48758123387e-07, 1.6878594522e-07, 2.06140001069e-07, 5.6265221815e-08, 4.73544119473e-08, 6.88400021431e-08, 5.17281550927e-09, 3.44836803556e-09, 3.2994733612e-09, 3.16520409882e-09, 3.02653058171e-09, 2.89781754148e-09, 2.77904343982e-09, 2.69483546589e-09, 2.57969912099e-09, 2.48304998784e-09, 2.39667885538e-09, 2.31442487397e-09, 2.24068408272e-09, 2.18124851514e-09, 2.11626893787e-09, 2.06492689614e-09, 2.01200589522e-09, 1.97636351729e-09, 1.92312943348e-09, 1.88616455787e-09, 1.86038762173e-09, 1.84020332306e-09, 1.82500814461e-09, 1.81557613388e-09],
        "mean": [3.02940884467e-06, 1.09184820758e-05, 0.000117122894153, 0.000759361195378, 0.000941924052313, 0.00108007912058, 0.00270903878845, 0.00265125464648, 0.00236313859932, 0.000984035432339, 0.000379323522793, 0.0003978877794, 0.000397911760956, 0.000395602139179, 0.000370937312255, 0.000665272178594, 0.000498203211464, 0.000358529330697, 0.000225515454076, 0.000151985223056, 0.000154370791279, 0.000206408047234, 0.00021851558995, 0.000104568178358, 7.663906581e-05, 0.000117685005534, 0.000108596752398, 8.45336471684e-05, 6.07146066613e-05, 5.62113709748e-05, 6.6033389885e-05, 5.40773689863e-05, 4.24276149715e-05, 6.69211804052e-05, 3.3021242416e-05, 2.89985364361e-05, 2.94535439025e-05, 2.37401782215e-05, 1.82475250767e-05, 1.49612496898e-05, 2.52821737377e-05, 1.48887902469e-05, 9.7088095572e-06, 1.27948851514e-05, 1.11699901026e-05, 7.73173815105e-06, 9.35276511882e-06, 8.23779828352e-06, 6.88210457156e-06, 5.60337957722e-06, 9.50523099164e-06, 1.28744513859e-05, 3.9495666897e-06, 3.43396277458e-06, 3.40788938047e-06, 2.0942457013e-06, 1.82753194622e-06, 1.88708543192e-06, 1.68488611507e-06, 2.12826603274e-06, 1.25180042687e-06, 1.01209047898e-06, 1.54074916736e-06, 1.00839099559e-06, 7.15767328074e-07, 1.03138802388e-06, 1.59081241691e-06, 5.39186260085e-07, 5.28035798197e-07, 4.74818563134e-07, 2.94344033591e-07, 4.74905135661e-07, 4.33743650774e-07, 3.29042308067e-07, 2.39449178707e-07, 2.10986442539e-07, 2.54056146787e-07, 2.60311423972e-07, 1.92349162376e-07, 2.01064693783e-07, 1.76889287218e-07, 1.83474824667e-07, 1.45799319284e-07, 1.29113374214e-07, 1.49153734696e-07, 1.49523671666e-07, 1.14487640701e-07, 9.03258268181e-08, 9.32528294584e-08, 8.47764312084e-08, 7.21612707366e-08, 6.93706283528e-08, 6.0688748249e-08, 5.6869982501e-08, 6.29567153965e-08, 4.88554263711e-08, 4.79425423805e-08, 3.61677230387e-08, 2.93062303314e-08, 1.88522637501e-08, 1.43284850651e-08, 7.75246622453e-09, 5.67037305998e-09, 3.59128615735e-09, 4.45192632759e-10, 1.18960960874e-11, 1.08315743527e-11, 1.03757879025e-11, 9.92908619907e-12, 9.53106690793e-12, 9.16869184742e-12, 8.86960123403e-12, 8.5195539859e-12, 8.19883917702e-12, 7.92204236238e-12, 7.68451795252e-12, 7.47819601382e-12, 7.23619861948e-12, 7.0341107071e-12, 6.857274297e-12, 6.68302132384e-12, 6.55788227541e-12, 6.41546494748e-12, 6.2897013986e-12, 6.15188542469e-12, 5.98384536366e-12, 5.88161030296e-12, 5.84328549089e-12],
        "min": [1.73065084486e-09, 4.94549246e-09, 8.29188451235e-09, 1.15280851531e-08, 1.65650213546e-08, 3.32386669299e-08, 7.89788856537e-08, 1.59300967084e-07, 2.57127624081e-07, 8.60963496052e-08, 1.05522182992e-07, 2.64654175908e-07, 1.66931329204e-07, 2.658099163e-07, 2.5243679147e-07, 6.27564702427e-08, 2.77972219465e-07, 1.42677066606e-07, 7.72653834247e-08, 1.17109308917e-07, 1.73028922745e-07, 2.98965971979e-07, 1.21563061839e-07, 1.75218929144e-07, 2.40037110188e-07, 1.3013200828e-07, 8.68781810937e-08, 9.49666230099e-08, 3.43419515048e-07, 3.04968708065e-08, 9.77645413514e-08, 1.96562268684e-07, 2.0824924718e-07, 7.5640173236e-08, 6.75214053558e-08, 1.39902624596e-07, 5.80900660907e-08, 5.22766896438e-08, 2.70570268412e-08, 2.30391883349e-08, 8.17864975744e-09, 3.80025255708e-09, 4.96721419552e-09, 3.88811152163e-08, 2.33443913089e-08, 2.57329659803e-08, 6.29054426327e-08, 3.11399510622e-08, 4.30923279282e-08, 3.0401643869e-08, 4.70947334463e-08, 4.24404333899e-08, 4.34714770847e-08, 1.92846556502e-08, 2.40371278437e-08, 1.3495456308e-08, 1.89568893916e-08, 2.86443455622e-08, 2.76763305607e-08, 2.91941670838e-08, 4.93695395676e-09, 1.9761261516e-09, 5.40667022264e-09, 8.83995099343e-09, 8.25509882674e-09, 7.61998553145e-09, 4.45914638547e-09, 5.16447462573e-09, 4.62164262416e-09, 5.39217825946e-09, 2.56656829123e-09, 1.453420162e-09, 1.07828412865e-09, 2.88219847988e-09, 2.4710278268e-09, 1.98874317014e-09, 1.38354372403e-09, 5.46453327033e-10, 1.44698242277e-09, 1.65744784564e-09, 4.85300133413e-10, 8.88350948358e-10, 1.06924102905e-09, 7.09804215404e-10, 1.07874920108e-09, 9.28654098065e-10, 9.45433065169e-10, 5.79489567443e-10, 5.93957105721e-10, 7.05965008674e-10, 5.77858816353e-10, 6.61181165373e-10, 5.48141754209e-10, 3.00080515991e-10, 5.21220844263e-10, 5.46268641433e-10, 7.16008585755e-10, 2.38008834863e-10, 2.73012834562e-10, 3.15734077772e-10, 7.03478872377e-11, 9.77319197792e-11, 2.58881076298e-11, 1.0426005545e-11, 2.0895563925e-12, 2.00161271563e-13, 1.22538562413e-13, 1.05238063544e-13, 1.17704511502e-13, 1.16972295565e-13, 1.25639014708e-13, 1.4516691885e-13, 1.14899382326e-13, 1.15799026184e-13, 1.22231055572e-13, 1.40522264506e-13, 8.17458554732e-14, 1.32370107713e-13, 1.39836750577e-13, 1.40342937467e-13, 1.20085541446e-13, 1.09370872818e-13, 1.21450253825e-13, 1.39316048932e-13, 7.4737105068e-14, 3.83455745455e-14, 5.25215738549e-15, 2.13408759921e-16],
        "stdev": [6.60732212054e-06, 2.27249638556e-05, 0.000353385985363, 0.0022784571629, 0.00278259068727, 0.0020474921912, 0.00448943255469, 0.00405582785606, 0.00517280260101, 0.00230469973758, 0.000827253679745, 0.000890015508048, 0.000626482302323, 0.000713415094651, 0.00060071668122, 0.00120718788821, 0.000942130514886, 0.000834111939184, 0.000446737307357, 0.000347307737684, 0.000275392696494, 0.000432833243394, 0.000510017795023, 0.000252481491771, 0.000130071217427, 0.000202757029911, 0.000198990645004, 0.00014667409414, 0.00014849047875, 9.44245475694e-05, 0.000145875761518, 0.000119314761832, 9.2523128842e-05, 0.000230764417211, 5.86940077483e-05, 4.41587035311e-05, 5.22697446286e-05, 4.25168545917e-05, 2.57762239926e-05, 1.91002400243e-05, 6.59341967548e-05, 2.8418859074e-05, 1.23456466099e-05, 1.67773196154e-05, 2.14860738197e-05, 1.16122910185e-05, 1.3654533177e-05, 1.04818300315e-05, 8.58632665768e-06, 8.50252854434e-06, 1.15510165415e-05, 1.83086376637e-05, 4.82999848828e-06, 4.63801461592e-06, 5.20813728144e-06, 2.90516436507e-06, 2.60351612269e-06, 2.50071138908e-06, 2.2191206881e-06, 2.44504485636e-06, 1.29845398078e-06, 1.1421416275e-06, 2.43553859036e-06, 1.35865900575e-06, 9.58619921221e-07, 1.30439684654e-06, 2.10097527997e-06, 6.1927914885e-07, 7.43522264202e-07, 9.68941208157e-07, 3.14295363069e-07, 5.42879206478e-07, 4.65355384449e-07, 4.48981808177e-07, 2.8702805821e-07, 2.24857501507e-07, 2.72033389592e-07, 2.83787045419e-07, 2.11395146721e-07, 2.18016026565e-07, 1.87884907632e-07, 1.87987524214e-07, 1.70412675971e-07, 1.45900600046e-07, 1.64317768281e-07, 1.53014511284e-07, 1.27720909404e-07, 1.26113988586e-07, 1.06158204005e-07, 9.17971831882e-08, 9.31851928954e-08, 7.51909752239e-08, 6.08525851931e-08, 8.37127061004e-08, 8.6205730554e-08, 5.31690709238e-08, 6.73442741572e-08, 5.24341743358e-08, 4.54317330423e-08, 2.36606201298e-08, 2.20393125971e-08, 8.52457482381e-09, 5.90290838431e-09, 5.38686162344e-09, 4.61131410834e-10, 1.47176493215e-10, 1.40838146701e-10, 1.35107966481e-10, 1.29190783071e-10, 1.23697538323e-10, 1.18629120416e-10, 1.1502870878e-10, 1.10117887031e-10, 1.05994830968e-10, 1.02308078676e-10, 9.87984138945e-11, 9.56501128302e-11, 9.31110674673e-11, 9.03382160744e-11, 8.81459766289e-11, 8.58880189192e-11, 8.43643835347e-11, 8.20949627722e-11, 8.05183072994e-11, 7.94198942722e-11, 7.85619763688e-11, 7.79152367625e-11, 7.75127947938e-11]
    },
    "mfcc": {
        "mean": [-719.572753906, 159.024475098, -16.307882309, 7.89635276794, -10.9742460251, -0.93239068985, -12.0651035309, -1.66818916798, -9.03404712677, -3.42902231216, -10.2995119095, -7.28604412079, -6.26213550568],
        "cov": [[2359.97436523, 373.813964844, 562.596374512, -13.736243248, 41.7015419006, 171.623168945, 94.8406982422, 91.8815231323, 80.8856811523, 35.8846359253, 16.9231243134, 155.797164917, 32.7646102905], [373.813964844, 1540.68603516, 893.914001465, 487.727813721, 44.8783760071, -119.05645752, 65.1878356934, -45.5732002258, -3.874989748, -30.4524421692, 4.83576440811, -46.2470970154, 15.1495456696], [562.596374512, 893.914001465, 742.033325195, 362.39730835, 17.5859031677, -54.0610275269, 62.1791191101, 5.52358579636, 14.8995380402, -15.0363731384, -9.04439640045, -18.6120166779, 4.42912578583], [-13.736243248, 487.727813721, 362.39730835, 447.824523926, -19.6534938812, -149.971405029, -17.5361347198, -40.9262962341, -38.0213890076, -32.2043113708, -50.3680343628, -105.532951355, -19.1609687805], [41.7015419006, 44.8783760071, 17.5859031677, -19.6534938812, 102.455039978, 63.3523178101, 18.6957359314, 6.52494096756, 14.4165000916, 6.77366352081, 14.4979019165, 27.8594894409, 9.59412288666], [171.623168945, -119.05645752, -54.0610275269, -149.971405029, 63.3523178101, 158.746704102, 39.0380744934, 33.6090087891, 37.0374526978, 15.7858657837, 30.2444572449, 65.7529220581, 19.7635536194], [94.8406982422, 65.1878356934, 62.1791191101, -17.5361347198, 18.6957359314, 39.0380744934, 71.5150527954, 31.6097869873, 19.4390563965, 9.58074474335, 13.3231611252, 26.5060062408, 8.11385536194], [91.8815231323, -45.5732002258, 5.52358579636, -40.9262962341, 6.52494096756, 33.6090087891, 31.6097869873, 68.5014266968, 30.2492847443, 10.0063714981, 9.10943603516, 23.633934021, 7.99601554871], [80.8856811523, -3.874989748, 14.8995380402, -38.0213890076, 14.4165000916, 37.0374526978, 19.4390563965, 30.2492847443, 58.013381958, 22.79438591, 9.51289272308, 23.2454376221, 10.2400541306], [35.8846359253, -30.4524421692, -15.0363731384, -32.2043113708, 6.77366352081, 15.7858657837, 9.58074474335, 10.0063714981, 22.79438591, 45.02293396, 19.0887336731, 13.5648488998, 3.52293753624], [16.9231243134, 4.83576440811, -9.04439640045, -50.3680343628, 14.4979019165, 30.2444572449, 13.3231611252, 9.10943603516, 9.51289272308, 19.0887336731, 56.7780303955, 37.0059204102, 13.014714241], [155.797164917, -46.2470970154, -18.6120166779, -105.532951355, 27.8594894409, 65.7529220581, 26.5060062408, 23.633934021, 23.2454376221, 13.5648488998, 37.0059204102, 89.2346954346, 32.5039405823], [32.7646102905, 15.1495456696, 4.42912578583, -19.1609687805, 9.59412288666, 19.7635536194, 8.11385536194, 7.99601554871, 10.2400541306, 3.52293753624, 13.014714241, 32.5039405823, 50.6504325867]],
        "icov": [[0.000771889055613, 0.000236922744079, -0.00113009428605, 0.000227387077757, 0.000385200051824, -0.000707543862518, 0.000518128217664, -0.000319907208905, 0.000334536627633, -0.000715201837011, 0.000978167401627, -0.00139320059679, 0.000410107837524], [0.000236922744079, 0.00287750316784, -0.0035646003671, 0.000379844248528, -0.00146978034172, 0.00155104033183, -0.0010218025418, 0.00213995552622, -0.000737126858439, 0.00116345938295, -0.00175615493208, 0.00101311935578, -0.00119026761968], [-0.00113009428605, -0.0035646003671, 0.00847969204187, -0.00407741451636, 0.00159809459001, -0.00153927959036, -0.00175258493982, -0.00169331463985, -0.00121213134844, 0.000329837930622, 0.000361892365618, -0.00180857593659, 0.00164894666523], [0.000227387077757, 0.000379844248528, -0.00407741451636, 0.00811790302396, -0.00259926612489, 0.00450594816357, 0.000411929242546, 0.000513572362252, 0.00111695425585, 0.000609095091932, 0.000827898038551, 0.00599326612428, -0.0025730538182], [0.000385200051824, -0.00146978034172, 0.00159809459001, -0.00259926612489, 0.0154463406652, -0.00849762558937, 0.000391942507122, 0.000489171303343, 0.000169544873643, -0.00166015070863, 0.000988378189504, -0.00374802644365, 0.00154974381439], [-0.000707543862518, 0.00155104033183, -0.00153927959036, 0.00450594816357, -0.00849762558937, 0.0175822842866, -0.00448624324054, 0.000982382451184, -0.00443630479276, 0.00363585189916, -0.00264787860215, 9.81462653726e-05, -0.00159296463244], [0.000518128217664, -0.0010218025418, -0.00175258493982, 0.000411929242546, 0.000391942507122, -0.00448624324054, 0.0230074636638, -0.00887562148273, 0.00190023565665, -0.00326998042874, 0.00113599118777, -0.00365215726197, 0.00156641146168], [-0.000319907208905, 0.00213995552622, -0.00169331463985, 0.000513572362252, 0.000489171303343, 0.000982382451184, -0.00887562148273, 0.024749930948, -0.0103865638375, 0.00349594396539, -0.00195279275067, 0.000474082073197, -0.000997871858999], [0.000334536627633, -0.000737126858439, -0.00121213134844, 0.00111695425585, 0.000169544873643, -0.00443630479276, 0.00190023565665, -0.0103865638375, 0.0312342699617, -0.0143873039633, 0.00572825595737, -0.00215061684139, -0.00183893681969], [-0.000715201837011, 0.00116345938295, 0.000329837930622, 0.000609095091932, -0.00166015070863, 0.00363585189916, -0.00326998042874, 0.00349594396539, -0.0143873039633, 0.03431686759, -0.0124834422022, 0.00414014235139, 0.000256549363257], [0.000978167401627, -0.00175615493208, 0.000361892365618, 0.000827898038551, 0.000988378189504, -0.00264787860215, 0.00113599118777, -0.00195279275067, 0.00572825595737, -0.0124834422022, 0.0305314511061, -0.0123347910121, 0.000927025394049], [-0.00139320059679, 0.00101311935578, -0.00180857593659, 0.00599326612428, -0.00374802644365, 9.81462653726e-05, -0.00365215726197, 0.000474082073197, -0.00215061684139, 0.00414014235139, -0.0123347910121, 0.0329371355474, -0.0136150410399], [0.000410107837524, -0.00119026761968, 0.00164894666523, -0.0025730538182, 0.00154974381439, -0.00159296463244, 0.00156641146168, -0.000997871858999, -0.00183893681969, 0.000256549363257, 0.000927025394049, -0.0136150410399, 0.0278038587421]]
    },
    "spectral_contrast_coeffs": {
        "max": [-0.343957483768, -0.543105900288, -0.583202600479, -0.674204170704, -0.694259762764, -0.721946597099],
        "mean": [-0.634655475616, -0.782316207886, -0.772545874119, -0.808639347553, -0.806389451027, -0.77730089426],
        "min": [-0.847775816917, -0.933081328869, -0.910418868065, -0.905317723751, -0.871784806252, -0.926543653011],
        "stdev": [0.108465924859, 0.078749448061, 0.0710491165519, 0.050651025027, 0.0345249958336, 0.0227704625577]
    },
    "spectral_contrast_valleys": {
        "max": [-5.11687755585, -4.65853404999, -5.86388778687, -6.64736270905, -7.51284074783, -10.1342201233],
        "mean": [-7.74248838425, -6.69127893448, -7.43670415878, -7.98546791077, -8.57484149933, -11.5171957016],
        "min": [-11.0005702972, -8.80637741089, -9.28150749207, -9.69793987274, -10.2295770645, -13.3592205048],
        "stdev": [1.22722935677, 0.837183356285, 0.819385290146, 0.779846906662, 0.530189573765, 0.574944853783]
    }
},
"rhythm": {
    "beats_count": 23,
    "beats_loudness": {
        "max": 0.0961259752512,
        "mean": 0.0241748578846,
        "min": 0.000627278001048,
        "stdev": 0.0282543543726
    },
    "bpm": 105.117179871,
    "bpm_histogram_first_peak_bpm": 103,
    "bpm_histogram_first_peak_weight": 0.142857074738,
    "bpm_histogram_second_peak_bpm": 129,
    "bpm_histogram_second_peak_spread": 0.444444477558,
    "bpm_histogram_second_peak_weight": 0.227272734046,
    "danceability": 0.71895980835,
    "onset_rate": 1.09723329544,
    "beats_loudness_band_ratio": {
        "max": [0.824896931648, 0.598834455013, 0.421441048384, 0.580005168915, 0.371417075396, 0.0328345708549],
        "mean": [0.325177937746, 0.2593498528, 0.209334120154, 0.178363338113, 0.0890689641237, 0.0128045147285],
        "min": [0.013347780332, 0.027970969677, 0.041055675596, 0.00435161869973, 0.00101372087374, 9.68237945926e-05],
        "stdev": [0.258660495281, 0.173426896334, 0.106364771724, 0.193100586534, 0.108700469136, 0.0120639447123]
    },
    "beats_position": [0.568888902664, 1.14938771725, 1.72988653183, 2.31038546562, 2.89088439941, 3.47138309479, 4.05188179016, 4.62077093124, 5.17804956436, 5.73532867432, 6.29260778427, 6.84988641739, 7.38394546509, 7.87156438828, 8.34757328033, 8.82358264923, 9.287981987, 9.76399040222, 10.2399997711, 10.7043991089, 11.1687984467, 11.6331968307, 12.0975961685],
