{
"metadata": {
    "version": {
        "essentia": "2.1-beta5",
        "essentia_git_sha": "Undefined",
        "extractor": "music 2.0"
    },
    "audio_properties": {
        "analysis": {
            "equal_loudness": 0,
            "length": 12.7477550507,
            "sample_rate": 44100,
            "start_time": 0,
            "downmix": "mix"
        },
        "bit_rate": 192000,
        "length": 140.56199646,
        "lossless": 0,
        "number_channels": 2,
        "replay_gain": -14.7437210083,
        "sample_rate": 48000,
        "codec": "mp3",
        "md5_encoded": "6fa4ffb158c08ccbaffa2b2105fed50c"
    },
    "tags": {
        "file_name": "United KingdomUK_I Belong_Kathy Kirby.mp3",
        "encoding": ["Lavf58.29.100"]
    }
},
"lowlevel": {
    "average_loudness": 0.953882038593,
    "barkbands_crest": {
        "max": 23.6247825623,
        "mean": 9.09140396118,
        "min": 3.06963348389,
        "stdev": 4.53423547745
    },
    "barkbands_flatness_db": {
        "max": 0.351018071175,
        "mean": 0.204849973321,
        "min": 0.0930785760283,
        "stdev": 0.0441438741982
    },
    "barkbands_kurtosis": {
        "max": 29.1472129822,
        "mean": 0.975334465504,
        "min": -1.66414320469,
        "stdev": 2.91251540184
    },
    "barkbands_skewness": {
        "max": 4.0607085228,
        "mean": 0.163888588548,
        "min": -2.12487983704,
        "stdev": 0.914231956005
    },
    "barkbands_spread": {
        "max": 41.9956741333,
        "mean": 18.2298164368,
        "min": 2.10548782349,
        "stdev": 8.35221862793
    },
    "dissonance": {
        "max": 0.49946257472,
        "mean": 0.467796355486,
        "min": 0.278162002563,
        "stdev": 0.0307504627854
    },
    "dynamic_complexity": 5.09874534607,
    "erbbands_crest": {
        "max": 28.5882949829,
        "mean": 11.0988693237,
        "min": 3.5897667408,
        "stdev": 5.30340766907
    },
    "erbbands_flatness_db": {
        "max": 0.443926483393,
        "mean": 0.277534037828,
        "min": 0.16445851326,
        "stdev": 0.0489084459841
    },
    "erbbands_kurtosis": {
        "max": 11.8650436401,
        "mean": 1.46570491791,
        "min": -1.78909802437,
        "stdev": 2.28672719002
    },
    "erbbands_skewness": {
        "max": 3.40854430199,
        "mean": 0.0937464758754,
        "min": -2.78785347939,
        "stdev": 0.747680008411
    },
    "erbbands_spread": {
        "max": 51.2768821716,
        "mean": 18.2086238861,
        "min": 2.62377047539,
        "stdev": 9.5813741684
    },
    "hfc": {
        "max": 123.644454956,
        "mean": 22.3728294373,
        "min": 0.00738439289853,
        "stdev": 23.7425117493
    },
    "loudness_ebu128": {
        "integrated": -9.40475463867,
        "loudness_range": 5.08394241333,
        "momentary": {
            "max": -6.08743524551,
            "mean": -11.5070075989,
            "min": -30.2240982056,
            "stdev": 5.15272760391
        },
        "short_term": {
            "max": -7.52257823944,
            "mean": -10.2999267578,
            "min": -13.9935340881,
            "stdev": 1.83468174934
        }
    },
    "melbands_crest": {
        "max": 29.6728687286,
        "mean": 11.5121383667,
        "min": 3.47701358795,
        "stdev": 5.3197388649
    },
    "melbands_flatness_db": {
        "max": 0.41693392396,
        "mean": 0.221308246255,
        "min": 0.130431964993,
        "stdev": 0.043835863471
    },
    "melbands_kurtosis": {
        "max": 48.9042549133,
        "mean": 2.07696700096,
        "min": -1.59846782684,
        "stdev": 4.85080289841
    },
    "melbands_skewness": {
        "max": 5.77122974396,
        "mean": 0.696015536785,
        "min": -1.65568876266,
        "stdev": 1.08597493172
    },
    "melbands_spread": {
        "max": 73.4451141357,
        "mean": 31.070016861,
        "min": 2.57760977745,
        "stdev": 13.7314596176
    },
    "pitch_salience": {
        "max": 0.919177114964,
        "mean": 0.622062861919,
        "min": 0.195547536016,
        "stdev": 0.109824888408
    },
    "silence_rate_20dB": {
        "max": 1,
        "mean": 1,
        "min": 1,
        "stdev": 0
    },
    "silence_rate_30dB": {
        "max": 1,
        "mean": 0.998181819916,
        "min": 0,
        "stdev": 0.0426011644304
    },
    "silence_rate_60dB": {
        "max": 1,
        "mean": 0.252727270126,
        "min": 0,
        "stdev": 0.434577852488
    },
    "spectral_centroid": {
        "max": 2591.26367188,
        "mean": 1583.13720703,
        "min": 423.676940918,
        "stdev": 405.145935059
    },
    "spectral_complexity": {
        "max": 46,
        "mean": 17.9599990845,
        "min": 0,
        "stdev": 11.1119194031
    },
    "spectral_decrease": {
        "max": -1.14079958587e-12,
        "mean": -4.55192994409e-09,
        "min": -2.65311488334e-08,
        "stdev": 4.53626070041e-09
    },
    "spectral_energy": {
        "max": 0.109090000391,
        "mean": 0.0192093160003,
        "min": 4.97541986988e-06,
        "stdev": 0.0190215967596
    },
    "spectral_energyband_high": {
        "max": 0.0063765514642,
        "mean": 0.000391829962609,
        "min": 3.65124144253e-08,
        "stdev": 0.000612108618952
    },
    "spectral_energyband_low": {
        "max": 0.0313886739314,
        "mean": 0.00184700055979,
        "min": 3.63099104561e-07,
        "stdev": 0.00346305128187
    },
    "spectral_energyband_middle_high": {
        "max": 0.0725625827909,
        "mean": 0.0118933180347,
        "min": 4.19857997258e-06,
        "stdev": 0.0138402273878
    },
    "spectral_energyband_middle_low": {
        "max": 0.0880707874894,
        "mean": 0.00546992244199,
        "min": 3.79949682383e-07,
        "stdev": 0.010888312012
    },
    "spectral_entropy": {
        "max": 8.13087844849,
        "mean": 7.41290616989,
        "min": 6.01779699326,
        "stdev": 0.309263348579
    },
    "spectral_flux": {
        "max": 0.27386879921,
        "mean": 0.0823957845569,
        "min": 0.00223056483082,
        "stdev": 0.05839696154
    },
    "spectral_kurtosis": {
        "max": 52.7172737122,
        "mean": 5.62589120865,
        "min": -0.853424549103,
        "stdev": 5.465944767
    },
    "spectral_rms": {
        "max": 0.0103164557368,
        "mean": 0.0037250414025,
        "min": 6.96711431374e-05,
        "stdev": 0.00220564217307
    },
    "spectral_rolloff": {
        "max": 4198.97460938,
        "mean": 1695.48535156,
        "min": 236.865234375,
        "stdev": 481.297637939
    },
    "spectral_skewness": {
        "max": 4.70690441132,
        "mean": 1.2331867218,
        "min": 0.158259660006,
        "stdev": 0.556887745857
    },
    "spectral_spread": {
        "max": 13686440,
        "mean": 2358670,
        "min": 1124679,
        "stdev": 622508.1875
    },
    "spectral_strongpeak": {
        "max": 13.1206350327,
        "mean": 2.00693702698,
        "min": 0.00189334503375,
        "stdev": 2.57285022736
    },
    "zerocrossingrate": {
        "max": 0.1796875,
        "mean": 0.0618350505829,
        "min": 0.02197265625,
        "stdev": 0.0168171655387
    },
    "barkbands": {
        "max": [0.000161834002938, 0.0235340297222, 0.0259801596403, 0.0375652611256, 0.0305430628359, 0.0220612417907, 0.0576004497707, 0.0720492303371, 0.0448056720197, 0.033001460135, 0.0296161379665, 0.0366841070354, 0.0496671572328, 0.0304532796144, 0.0444516018033, 0.023564055562, 0.00704402383417, 0.00459200050682, 0.00297103845514, 0.00282486318611, 0.00386479496956, 0.00111179822125, 5.63867361052e-05, 2.68362728093e-05, 9.45934152696e-06, 3.60460694537e-06, 3.81603513233e-06],
        "mean": [6.89353419148e-06, 0.000844443449751, 0.000806039548479, 0.000412316236179, 0.000945809530094, 0.000737848342396, 0.00124208803754, 0.00100630731322, 0.000789214856923, 0.00128293596208, 0.0015468072379, 0.00148653390352, 0.00273818708956, 0.0014182778541, 0.00205436674878, 0.000558524916414, 0.000329190428602, 0.000299442646792, 0.000212892657146, 0.000184310294571, 0.000227454685955, 7.87442404544e-05, 3.456287061e-07, 2.09025486697e-07, 1.2758816581e-07, 8.88092266393e-09, 7.85561393712e-09],
        "min": [5.16585423327e-08, 1.72691073885e-07, 9.25840737409e-08, 6.6583012881e-08, 7.21220487776e-08, 2.49795917284e-08, 4.68562504352e-08, 1.5203074355e-08, 1.05037329945e-07, 3.52266539494e-07, 3.88655422512e-07, 3.49318014514e-07, 2.58853049218e-07, 4.1888355895e-07, 1.04315540739e-06, 1.017944669e-06, 2.0922371391e-07, 3.26248077442e-08, 2.00637302328e-08, 7.29694837887e-09, 2.91216135651e-08, 2.60986232625e-09, 8.82111397815e-11, 2.23005891531e-10, 1.88401377832e-10, 4.24516064662e-12, 2.85109240904e-12],
        "stdev": [1.09929342216e-05, 0.00185016891919, 0.00202529155649, 0.00184654165059, 0.00263154599816, 0.00184226827696, 0.00474529480562, 0.00498904380947, 0.00288164499216, 0.00270449812524, 0.00278026354499, 0.00421333266422, 0.00625872425735, 0.00321080116555, 0.00446430360898, 0.00163565785624, 0.000523991242517, 0.000472470739624, 0.000319727754686, 0.000301087653497, 0.000396997114876, 0.000131291104481, 3.00356373373e-06, 1.60581907949e-06, 5.81645281272e-07, 1.58216636237e-07, 1.62707138429e-07]
    },
    "erbbands": {
        "max": [0.38912114501, 6.09651994705, 23.2791137695, 65.3484344482, 150.949386597, 118.28578186, 329.129272461, 175.753860474, 948.864074707, 885.690795898, 1660.01098633, 880.624328613, 612.687866211, 921.267028809, 645.541137695, 1690.22424316, 1545.19470215, 1884.24829102, 3244.62084961, 1173.28369141, 891.602111816, 388.403381348, 307.257202148, 209.119857788, 180.671096802, 111.961715698, 217.788742065, 105.574729919, 40.7621154785, 4.38364028931, 1.50004827976, 0.775864958763, 0.37373700738, 0.186551302671, 0.026165690273, 0.0144200287759, 0.00666984776035, 0.00237016472965, 0.000545430288184, 0.00013064641098],
        "mean": [0.0164210032672, 0.224923819304, 0.813016891479, 1.24705421925, 1.9882581234, 3.30365395546, 4.85917282104, 6.81508541107, 17.2919654846, 15.8767576218, 24.8650150299, 17.6207046509, 30.8685398102, 65.2845230103, 44.9061813354, 60.7129173279, 108.53553772, 98.0282058716, 100.467826843, 73.4746017456, 29.1327266693, 17.1948814392, 18.3101005554, 13.4679470062, 9.23330688477, 7.94303894043, 9.89693260193, 7.48623037338, 3.54613995552, 0.317273527384, 0.0185765828937, 0.00653022807091, 0.00298678409308, 0.0024182361085, 0.000363243190804, 6.36340337223e-05, 2.79125597444e-05, 9.98243285721e-06, 1.26131171783e-05, 2.39016007981e-05],
        "min": [6.52187645755e-06, 3.39961952704e-05, 9.90460539469e-05, 0.000183796117199, 0.000242397989496, 0.000232768099522, 0.000180111586815, 0.000228025164688, 0.000549264543224, 0.000686556333676, 0.000411273824284, 0.00236533908173, 0.00620836904272, 0.0174619648606, 0.0193640794605, 0.0122552243993, 0.0117631778121, 0.0120729254559, 0.0449687615037, 0.0581265874207, 0.0488277338445, 0.0129171386361, 0.00315563008189, 0.00154419895262, 0.000352273636963, 0.000330441136612, 0.000818998145405, 0.00118421833031, 0.000129572013975, 1.70851562871e-05, 3.84702070733e-06, 7.67760229792e-06, 1.63004187925e-06, 3.41819645655e-06, 5.61637023111e-07, 3.51477389415e-08, 1.23695036436e-08, 3.51799145371e-09, 3.61708596408e-09, 6.41140252e-09],
        "stdev": [0.0347772203386, 0.485154688358, 1.87133049965, 3.86077165604, 7.76969146729, 9.76094055176, 18.4044437408, 16.2644920349, 69.9914474487, 55.4130249023, 120.707740784, 55.5311012268, 59.099937439, 106.943115234, 81.0391769409, 149.341644287, 216.005752563, 204.602325439, 267.570739746, 127.813583374, 65.1298599243, 26.8034763336, 30.831287384, 19.5266590118, 14.4940805435, 12.7341918945, 18.3865795135, 13.7559156418, 5.67075586319, 0.487172663212, 0.0807007923722, 0.0465410687029, 0.0196488387883, 0.0105350483209, 0.00193729402963, 0.000642885395791, 0.000292197044473, 0.000102197824162, 2.55228005699e-05, 2.34926392295e-05]
    },
    "gfcc": {
        "mean": [-98.6368484497, 162.139785767, -204.632781982, 33.5587120056, -35.929485321, -7.31607484818, -1.45714628696, -21.7756500244, -6.11483287811, -0.136690616608, -7.82554769516, -11.2050333023, 8.49459552765],
        "cov": [[6431.36865234, 384.606384277, -1091.77807617, -271.327911377, 56.5568656921, -949.443359375, 852.10168457, -788.299865723, -5.45959711075, -4.80031061172, -405.369354248, 286.347442627, -348.067687988], [384.606384277, 515.921203613, 194.708450317, -11.3974943161, -21.2306098938, -169.159042358, 39.4439659119, -2.255443573, 23.9369411469, -57.6746940613, -21.3196678162, 4.79605579376, -27.6426811218], [-1091.77807617, 194.708450317, 582.064941406, 192.402893066, -97.2172470093, 119.373138428, -253.302108765, 231.326553345, 27.0832672119, -28.9895877838, 95.9108505249, -89.1749725342, 60.4750556946], [-271.327911377, -11.3974943161, 192.402893066, 381.145233154, 32.2342605591, 99.0302276611, -34.2516975403, 62.9319496155, -5.06836748123, -12.7027873993, 9.2351026535, -32.1147384644, -19.6537437439], [56.5568656921, -21.2306098938, -97.2172470093, 32.2342605591, 227.591690063, 93.5717391968, 88.6192779541, -13.3626279831, -8.38751888275, 13.7348155975, -6.01272678375, 5.83702516556, -14.9171609879], [-949.443359375, -169.159042358, 119.373138428, 99.0302276611, 93.5717391968, 387.141143799, -37.85206604, 129.892807007, -24.4438972473, 5.52553033829, 63.9946060181, -77.5139465332, 40.8230743408], [852.10168457, 39.4439659119, -253.302108765, -34.2516975403, 88.6192779541, -37.85206604, 283.174224854, -150.773483276, -38.5933189392, 5.41457176208, -70.6565628052, 55.7425689697, -75.4842147827], [-788.299865723, -2.255443573, 231.326553345, 62.9319496155, -13.3626279831, 129.892807007, -150.773483276, 245.484283447, 55.554271698, -7.08618211746, 76.4970550537, -64.4583511353, 56.2721710205], [-5.45959711075, 23.9369411469, 27.0832672119, -5.06836748123, -8.38751888275, -24.4438972473, -38.5933189392, 55.554271698, 97.1602172852, 37.9584922791, 6.39127874374, 4.44160938263, 18.9195766449], [-4.80031061172, -57.6746940613, -28.9895877838, -12.7027873993, 13.7348155975, 5.52553033829, 5.41457176208, -7.08618211746, 37.9584922791, 78.8192062378, 31.8881530762, 9.91233730316, 8.69615077972], [-405.369354248, -21.3196678162, 95.9108505249, 9.2351026535, -6.01272678375, 63.9946060181, -70.6565628052, 76.4970550537, 6.39127874374, 31.8881530762, 97.4364624023, -2.33521056175, 26.9733562469], [286.347442627, 4.79605579376, -89.1749725342, -32.1147384644, 5.83702516556, -77.5139465332, 55.7425689697, -64.4583511353, 4.44160938263, 9.91233730316, -2.33521056175, 75.509727478, 2.85743927956], [-348.067687988, -27.6426811218, 60.4750556946, -19.6537437439, -14.9171609879, 40.8230743408, -75.4842147827, 56.2721710205, 18.9195766449, 8.69615077972, 26.9733562469, 2.85743927956, 88.8764877319]],
        "icov": [[0.000587487709709, 0.000186294433661, 0.00012593192514, -0.000132162327645, -7.07227300154e-05, 0.00124726851936, -0.00150561856572, 0.000944428262301, -0.00131374213379, 0.0010262359865, -0.000535183295142, 0.000978840049356, 9.25331260078e-05], [0.000186294433661, 0.00863473210484, -0.0072478200309, 0.00183414295316, -0.00311075965874, 0.00653645535931, -0.00940012186766, 0.00626447889954, -0.0102085275576, 0.0130823235959, -0.00906075537205, 0.00893336907029, -0.00336625240743], [0.00012593192514, -0.0072478200309, 0.0108968475834, -0.0035572447814, 0.0037587385159, -0.00458979560062, 0.00857038330287, -0.00584421725944, 0.00721926055849, -0.0081403022632, 0.00416348176077, -0.00427789380774, 0.00188961578533], [-0.000132162327645, 0.00183414295316, -0.0035572447814, 0.00437978981063, -0.0013810362434, -3.62924401998e-05, -0.0010751868831, 0.000206777520361, -0.000638859695755, 0.000826324743684, 0.0011494688224, -0.00102190778125, 0.00192181463353], [-7.07227300154e-05, -0.00311075965874, 0.0037587385159, -0.0013810362434, 0.0074275881052, -0.00416623707861, 0.00198053196073, -0.00306108267978, 0.00349550368264, -0.00527684437111, 0.00346856191754, -0.0040720263496, 0.0015234950697], [0.00124726851936, 0.00653645535931, -0.00458979560062, -3.62924401998e-05, -0.00416623707861, 0.0128635838628, -0.0118152033538, 0.00541393645108, -0.00850356370211, 0.0118719628081, -0.0115885846317, 0.0151138613001, -0.0063580526039], [-0.00150561856572, -0.00940012186766, 0.00857038330287, -0.0010751868831, 0.00198053196073, -0.0118152033538, 0.023656418547, -0.0100167933851, 0.0178461633623, -0.0206705704331, 0.0184154771268, -0.0204932540655, 0.0105972420424], [0.000944428262301, 0.00626447889954, -0.00584421725944, 0.000206777520361, -0.00306108267978, 0.00541393645108, -0.0100167933851, 0.0234263427556, -0.0234129391611, 0.0239772610366, -0.0219747461379, 0.0202466361225, -0.00801471434534], [-0.00131374213379, -0.0102085275576, 0.00721926055849, -0.000638859695755, 0.00349550368264, -0.00850356370211, 0.0178461633623, -0.0234129391611, 0.0419053435326, -0.0380908437073, 0.0293306652457, -0.0251289345324, 0.00781254842877], [0.0010262359865, 0.0130823235959, -0.0081403022632, 0.000826324743684, -0.00527684437111, 0.0118719628081, -0.0206705704331, 0.0239772610366, -0.0380908437073, 0.0546643212438, -0.038307748735, 0.028664264828, -0.0118016423658], [-0.000535183295142, -0.00906075537205, 0.00416348176077, 0.0011494688224, 0.00346856191754, -0.0115885846317, 0.0184154771268, -0.0219747461379, 0.0293306652457, -0.038307748735, 0.0467052944005, -0.0322254411876, 0.0123319234699], [0.000978840049356, 0.00893336907029, -0.00427789380774, -0.00102190778125, -0.0040720263496, 0.0151138613001, -0.0204932540655, 0.0202466361225, -0.0251289345324, 0.028664264828, -0.0322254411876, 0.0491114966571, -0.0178073532879], [9.25331260078e-05, -0.00336625240743, 0.00188961578533, 0.00192181463353, 0.0015234950697, -0.0063580526039, 0.0105972420424, -0.00801471434534, 0.00781254842877, -0.0118016423658, 0.0123319234699, -0.0178073532879, 0.0232787318528]]
    },
    "melbands": {
        "max": [0.00538863614202, 0.00838734861463, 0.0150657454506, 0.00792844500393, 0.0090741859749, 0.00433433195576, 0.013740924187, 0.0103182829916, 0.0109447231516, 0.00475902482867, 0.00354402489029, 0.00404180400074, 0.00314824469388, 0.00540798669681, 0.00443998677656, 0.00536704389378, 0.00299190497026, 0.0059969406575, 0.00281667220406, 0.00192891259212, 0.000688860949595, 0.000382331229048, 0.00030869062175, 0.000235850413446, 0.000196980283363, 0.0001544393308, 7.77587265475e-05, 8.43591333251e-05, 0.000150521475007, 9.79709002422e-05, 5.06005926582e-05, 3.34543074132e-05, 4.60315504824e-06, 1.86190675322e-06, 8.98494022294e-07, 5.883717904e-07, 3.90877659129e-07, 2.6608907433e-07, 2.01694319912e-07, 1.45738653146e-07],
        "mean": [0.000198936657398, 0.000382458994864, 0.000242603011429, 0.000180641261977, 0.000173534135683, 0.000158679336892, 0.000262881629169, 0.000182957141078, 0.000193462241441, 0.000106808503915, 0.000153432105435, 0.000259096967056, 0.000171621271875, 0.00015237183834, 0.000172495565494, 0.000293737568427, 0.000159718518262, 0.000153360160766, 0.000152703592903, 5.50153090444e-05, 2.94035817205e-05, 1.89216443687e-05, 1.50414552991e-05, 1.46390602822e-05, 1.08207823359e-05, 7.00780447005e-06, 6.40543521513e-06, 4.83094481751e-06, 5.81732047067e-06, 6.23979622105e-06, 3.71831674784e-06, 2.49949789577e-06, 5.16474472079e-07, 2.26832135297e-08, 5.13555820092e-09, 3.86921561457e-09, 3.19015747152e-09, 1.87539117569e-09, 2.05988937019e-09, 1.86289561555e-09],
        "min": [5.89768021086e-08, 4.95994676442e-08, 3.34396261792e-08, 1.72087482042e-08, 7.02997970947e-09, 5.20044940444e-09, 8.84373729804e-09, 6.69225652672e-09, 4.02768174368e-09, 1.60461652854e-08, 3.1592502836e-08, 6.50470397545e-08, 5.35563522419e-08, 4.41840413146e-08, 3.69103894116e-08, 1.53185624185e-08, 2.35835280193e-08, 6.95653170624e-08, 8.25158679163e-08, 7.53039159918e-08, 4.24846327007e-08, 1.33105775291e-08, 5.05339281531e-09, 1.0776904924e-09, 1.36320610356e-09, 2.96614399709e-10, 1.99487440455e-10, 2.09808226348e-10, 3.61952801065e-10, 8.8406870713e-10, 5.36360345027e-10, 5.36534289219e-11, 3.07805655964e-11, 9.02241172399e-13, 9.55060683316e-13, 4.92575468261e-12, 3.94677996882e-12, 4.68190373623e-13, 2.55027119214e-12, 2.67629906951e-12],
        "stdev": [0.000439084891696, 0.00077048689127, 0.000810242199805, 0.000522917835042, 0.000587832240853, 0.000375551084289, 0.00104107242078, 0.00068534683669, 0.000911690003704, 0.000309895956889, 0.000312883552397, 0.000440846633865, 0.00030374515336, 0.000525854236912, 0.000431317021139, 0.000689237669576, 0.00033832815825, 0.000478129280964, 0.000295709760394, 0.000145247075125, 5.57813109481e-05, 2.84454508801e-05, 2.79120413325e-05, 2.2955608074e-05, 1.74433389475e-05, 1.20020913528e-05, 1.15073971756e-05, 8.53813617141e-06, 1.21322254927e-05, 1.06416791823e-05, 7.63279876992e-06, 4.34661023974e-06, 7.75322519075e-07, 9.19465392712e-08, 4.76462744814e-08, 3.39457599807e-08, 2.47994087488e-08, 1.38061801991e-08, 1.07863717957e-08, 8.42975556026e-09]
    },
    "melbands128": {
        "max": [0.000130952976178, 0.00136924849357, 0.00874084047973, 0.011045537889, 0.0104914763942, 0.0127087915316, 0.0108905183151, 0.0221986249089, 0.0172330550849, 0.00451683998108, 0.00827939249575, 0.0135228233412, 0.0166864842176, 0.00577349495143, 0.00583173986524, 0.00523564592004, 0.0213629677892, 0.0253226850182, 0.0183863900602, 0.0132492333651, 0.0144027881324, 0.0303617827594, 0.0159234870225, 0.0181722939014, 0.00593501888216, 0.00271016708575, 0.00417519314215, 0.00485399598256, 0.00945724919438, 0.00759070366621, 0.0048313466832, 0.00923747662455, 0.00378588982858, 0.0034538723994, 0.0102471252903, 0.0115035101771, 0.00489510688931, 0.00816877838224, 0.0096244495362, 0.0075606778264, 0.011623358354, 0.0137426508591, 0.00420799246058, 0.00450439471751, 0.00775595288724, 0.0143096493557, 0.00514078931883, 0.00597915565595, 0.00409333081916, 0.00198429147713, 0.00297785992734, 0.00383300008252, 0.000340356200468, 0.000387426582165, 0.000368245062418, 0.000228094300837, 0.000760395196266, 0.000807782053016, 0.000197435670998, 0.000691363937221, 0.000178019734449, 0.000162285607075, 0.000441220938228, 0.000200331778615, 0.000116376795631, 0.000168173530255, 0.000337052362738, 0.000121581499116, 0.000108687730972, 0.000114821690659, 0.000121750243125, 0.000113523557957, 0.000221996131586, 0.000209612509934, 0.000194763953914, 0.000102007616078, 0.000139737006975, 0.000140624673804, 7.41634066799e-05, 9.77568925009e-05, 6.22224106337e-05, 4.51006562798e-05, 1.43529778143e-05, 5.64237825529e-06, 3.8602947825e-06, 2.15439058593e-06, 1.15739453577e-06, 1.16560499919e-06, 9.29883867684e-07, 7.16709507742e-07, 4.78171273244e-07, 5.82510210734e-07, 7.30186400233e-07, 4.33360980878e-07, 2.09728540312e-07, 3.54212204456e-07, 2.56609411053e-07, 2.57132796833e-07, 1.97323387852e-07, 1.78534293127e-07, 1.80015533147e-07, 1.47802879269e-07, 1.01919141571e-07, 5.06748421003e-08, 2.98829760936e-08, 2.8439588462e-08, 2.71309410493e-08, 2.59200572117e-08, 2.48143461334e-08, 2.37803057246e-08, 2.28332694974e-08, 2.19603926155e-08, 2.1143446105e-08, 2.0364110398e-08, 1.96551432907e-08, 1.90092332986e-08, 1.84030088946e-08, 1.78463288592e-08, 1.73500200873e-08, 1.69057816635e-08, 1.64972888683e-08, 1.61278670419e-08, 1.57963189196e-08, 1.55301123073e-08, 1.53088581811e-08, 1.51247459002e-08, 1.49913841341e-08, 1.49108618785e-08],
        "mean": [5.80366258873e-06, 8.10486308183e-05, 0.000304420507746, 0.000380140583729, 0.000404209917178, 0.000399234442739, 0.000244201684836, 0.000215086431126, 0.000208215788007, 0.000146299396874, 0.000189001337276, 0.000212698490941, 0.000177389010787, 0.000115438575449, 0.00012536624854, 0.000181919545867, 0.000278116407571, 0.000298805913189, 0.000228359131142, 0.000141009761137, 0.000164228913491, 0.000277910206933, 0.000185782220797, 0.000146520193084, 9.14197371458e-05, 0.000101376623206, 0.000107919346192, 0.000169945371454, 0.000177506750333, 0.000186391785974, 0.000328872847604, 0.000336199707817, 0.000112488196464, 9.65244107647e-05, 0.000158560142154, 0.000165918943821, 0.000137898387038, 0.000198373003514, 0.000142409437103, 0.000248288648436, 0.00036958468263, 0.000331797346007, 9.77924282779e-05, 0.000116371011245, 0.000138505085488, 0.000167525184224, 0.000156410285854, 0.000199346119189, 0.000132095548906, 5.81211679673e-05, 4.94750020152e-05, 4.96906613989e-05, 2.23330061999e-05, 2.5772713343e-05, 3.05786343233e-05, 1.49884308485e-05, 1.35948175739e-05, 1.24193675219e-05, 1.31918295665e-05, 2.59146527242e-05, 1.2280662304e-05, 9.37021923164e-06, 1.29680174723e-05, 1.05710214484e-05, 8.57188297232e-06, 7.44186672819e-06, 5.53553854843e-06, 6.45096315566e-06, 6.84564247422e-06, 5.62698414797e-06, 4.31843182014e-06, 4.81643701278e-06, 5.41193321624e-06, 5.38008453077e-06, 6.8200934038e-06, 8.05524996395e-06, 4.74420630781e-06, 4.63520927951e-06, 3.35887852998e-06, 3.29085651174e-06, 2.95842892228e-06, 2.23683878176e-06, 9.42317456065e-07, 4.10913429505e-07, 9.64951922811e-08, 1.29760806544e-08, 8.57962234591e-09, 6.69963284849e-09, 4.79474326909e-09, 4.12818135231e-09, 3.59637275515e-09, 3.93889454386e-09, 4.17572065814e-09, 3.69132324707e-09, 1.96685889797e-09, 2.14732764903e-09, 1.80984438547e-09, 1.71165104312e-09, 1.47318313104e-09, 2.39798159107e-09, 3.47700246373e-09, 1.17336429462e-09, 1.06275666045e-09, 6.14922002207e-10, 1.29395827386e-10, 6.73572378429e-11, 6.54118426091e-11, 6.44159309227e-11, 6.45333370075e-11, 6.3062090272e-11, 5.72658309661e-11, 5.32763277938e-11, 5.2016838753e-11, 4.90180430968e-11, 4.55337538507e-11, 4.33201183259e-11, 4.19528509155e-11, 3.99841895704e-11, 3.74944797432e-11, 3.52002385573e-11, 3.2441768022e-11, 3.17109116743e-11, 3.10528408543e-11, 3.05227787489e-11, 3.00661891217e-11, 2.96759838925e-11, 2.94009608326e-11, 2.92408805502e-11],
        "min": [2.32938575095e-08, 6.03876202376e-08, 5.85313664203e-08, 5.54150183518e-08, 5.08733712934e-08, 4.50304185051e-08, 3.83580847085e-08, 3.13689199061e-08, 2.42110562709e-08, 1.76051067058e-08, 1.23422054799e-08, 8.55011350609e-09, 5.94356475148e-09, 4.49930093183e-09, 4.48535564246e-09, 5.61574697855e-09, 7.68378161098e-09, 9.65518864859e-09, 1.01520116758e-08, 8.52937631635e-09, 4.78974282458e-09, 1.54896984128e-09, 1.98572092103e-09, 8.18175127648e-09, 1.50869912119e-08, 1.6574173145e-08, 2.01159373603e-08, 2.09659773986e-08, 4.43328858069e-08, 3.17245891779e-08, 2.47052920344e-08, 1.80011259232e-08, 1.59697126634e-08, 4.93593041995e-08, 2.75870508659e-08, 2.48348452914e-08, 1.45385801176e-08, 3.01373290768e-08, 4.91878573428e-08, 1.68495564168e-08, 9.97119986579e-09, 7.23338233755e-09, 9.34388655338e-09, 3.45055539697e-08, 3.0280553176e-08, 7.57109717142e-08, 6.96538009493e-08, 8.67483933575e-08, 2.42217481627e-08, 4.38631957422e-08, 2.80455392243e-08, 3.32085079435e-08, 2.50787390854e-08, 1.25986483468e-08, 1.75261334334e-08, 1.30036061918e-08, 8.91795082225e-09, 6.6362635387e-09, 3.3930021015e-09, 2.61124721845e-09, 4.85601669986e-10, 2.48345621845e-10, 1.33174704597e-09, 2.19593943029e-09, 6.21783458055e-10, 1.08048653358e-10, 1.43026049337e-10, 1.23304311206e-10, 2.88023105366e-10, 1.56468824009e-10, 2.18083717751e-10, 2.03416866684e-10, 2.65932359467e-10, 2.67611072191e-10, 6.6501343321e-10, 6.49352072113e-10, 1.16891074597e-09, 1.2145011663e-09, 2.41798109313e-10, 1.59457835824e-10, 4.04394052966e-11, 1.2673102151e-11, 6.13538317373e-11, 3.77157645393e-11, 2.61887755405e-12, 9.00824228579e-13, 5.23546375523e-13, 1.9285589022e-13, 2.3124219011e-13, 1.28722239031e-12, 4.92450394698e-12, 3.39438416611e-12, 1.05906316702e-11, 4.00091548433e-12, 4.95435344226e-13, 2.94983221877e-13, 4.73435147422e-13, 4.87922744742e-13, 1.79266811898e-12, 3.49352534748e-12, 6.07426392171e-12, 1.37061466777e-12, 7.16023594582e-13, 1.31709909906e-12, 5.72406217477e-13, 2.61189351668e-14, 1.76865900398e-14, 1.72222008383e-14, 1.6621661255e-14, 1.44060483757e-14, 1.63291773901e-14, 1.5731239892e-14, 1.62900088926e-14, 1.57570184927e-14, 1.76583906189e-14, 1.32633907655e-14, 6.95842097796e-15, 1.5647790206e-14, 1.54694491131e-14, 1.57882333509e-14, 1.13638914292e-14, 1.68270210049e-14, 1.16181097335e-14, 9.17784423492e-15, 1.25526953944e-14, 4.65312086212e-15, 8.27938336464e-16, 4.83300555353e-17],
        "stdev": [9.09225127543e-06, 0.000152836131747, 0.000750293664169, 0.00085667532403, 0.000904356711544, 0.00102149590384, 0.00072832335718, 0.00107349536847, 0.000893400225323, 0.000402566045523, 0.000630737398751, 0.000788552861195, 0.000853811041452, 0.000440518051619, 0.000422886048909, 0.000495388521813, 0.00112084927969, 0.00170492916368, 0.00100034812931, 0.000685302598868, 0.000839185027871, 0.00186818442307, 0.000951747293584, 0.00106842711102, 0.000339689810062, 0.000241968969931, 0.000336167024216, 0.00041461744695, 0.000597955076955, 0.00055980484467, 0.0006108651869, 0.00074784248136, 0.00036832963815, 0.000291297736112, 0.000811517296825, 0.000805987336207, 0.000373335875338, 0.000784716685303, 0.000552410434466, 0.000761868082918, 0.00114400393795, 0.00126038119197, 0.000284318084596, 0.000284964218736, 0.000549010466784, 0.000945249455981, 0.000514073472004, 0.000516955507919, 0.000334801909048, 0.000175621418748, 0.000199022877496, 0.000272703939117, 3.82861071557e-05, 3.79476914532e-05, 5.14596831636e-05, 2.57073006651e-05, 4.6361812565e-05, 4.38139322796e-05, 2.3154554583e-05, 6.46340558887e-05, 2.22939779633e-05, 2.01330894924e-05, 3.16248842864e-05, 1.95258089661e-05, 1.55872985488e-05, 1.57090398716e-05, 1.77057936526e-05, 1.38411096486e-05, 1.40741922223e-05, 1.2882325791e-05, 1.01503810583e-05, 1.04190658021e-05, 1.5719095245e-05, 1.48901781358e-05, 1.81181821972e-05, 1.5341955077e-05, 1.21536741062e-05, 1.28038864204e-05, 8.38431060401e-06, 8.58808107296e-06, 6.07289848631e-06, 5.07713775733e-06, 1.52835048084e-06, 6.46543298899e-07, 2.34744007344e-07, 9.76548690801e-08, 6.83249723465e-08, 6.39433608285e-08, 4.69748648868e-08, 3.7870389491e-08, 2.92835977689e-08, 3.66514214534e-08, 3.77409570262e-08, 2.82747194547e-08, 1.29906290169e-08, 1.77932140133e-08, 1.31290374128e-08, 1.25218493352e-08, 1.058877519e-08, 1.02742010455e-08, 1.09867510645e-08, 7.92384113879e-09, 6.56423093659e-09, 3.84151777055e-09, 1.32495803218e-09, 1.23494747761e-09, 1.18364351653e-09, 1.14013576358e-09, 1.11013287452e-09, 1.07153597106e-09, 1.00840957806e-09, 9.59335055839e-10, 9.2602547852e-10, 8.88403350885e-10, 8.49806502945e-10, 8.19433187971e-10, 7.93059118376e-10, 7.6648926095e-10, 7.42554906452e-10, 7.21454784802e-10, 7.02717328771e-10, 6.86981305176e-10, 6.72858768702e-10, 6.61519450329e-10, 6.52095433207e-10, 6.44254039006e-10, 6.38573860456e-10, 6.35143992955e-10]
    },
    "mfcc": {
        "mean": [-717.910583496, 180.903762817, -90.6870346069, 42.9335250854, -21.6033649445, 21.2647514343, 6.40592098236, -15.1459875107, 19.6401481628, -14.370095253, 10.3563909531, -5.52606630325, -0.53738451004],
        "cov": [[6175.37109375, 901.228271484, -1506.13708496, 785.110778809, -1215.53210449, 260.436187744, -130.202667236, -187.700637817, 103.832511902, -438.90435791, 194.462158203, -292.884460449, -138.074859619], [901.228271484, 645.266662598, -138.424560547, 125.060127258, -228.186569214, -37.6272163391, -53.2628898621, -25.3396205902, 7.80277442932, -103.842720032, 47.6493873596, -62.7915534973, -9.96065330505], [-1506.13708496, -138.424560547, 896.416381836, -139.477630615, 410.014312744, -202.605606079, -50.1159591675, 81.0339431763, -74.3856506348, 178.274490356, -71.0592498779, 96.8081741333, 52.748462677], [785.110778809, 125.060127258, -139.477630615, 395.481384277, -140.79675293, 65.4321365356, -2.73485302925, -35.9369506836, 30.2354602814, -121.271118164, 62.3425979614, -32.8739509583, -13.2608041763], [-1215.53210449, -228.186569214, 410.014312744, -140.79675293, 459.402374268, -70.657951355, 24.286277771, 92.7044219971, -13.1250333786, 168.02961731, -51.4094963074, 88.302520752, 43.6529846191], [260.436187744, -37.6272163391, -202.605606079, 65.4321365356, -70.657951355, 233.936981201, 117.884117126, -0.818662583828, 41.5246505737, -42.5743141174, 50.0125236511, -38.2667121887, -26.2505664825], [-130.202667236, -53.2628898621, -50.1159591675, -2.73485302925, 24.286277771, 117.884117126, 177.193664551, 50.1386680603, 3.0416970253, 7.18070888519, 28.6321353912, -2.02980947495, -23.3041992188], [-187.700637817, -25.3396205902, 81.0339431763, -35.9369506836, 92.7044219971, -0.818662583828, 50.1386680603, 107.6484375, 12.5805473328, 39.1573867798, 7.24765825272, 1.46967375278, 7.21218252182], [103.832511902, 7.80277442932, -74.3856506348, 30.2354602814, -13.1250333786, 41.5246505737, 3.0416970253, 12.5805473328, 84.1757202148, 7.46464824677, 3.84186673164, -1.14991652966, -0.837064564228], [-438.90435791, -103.842720032, 178.274490356, -121.271118164, 168.02961731, -42.5743141174, 7.18070888519, 39.1573867798, 7.46464824677, 154.813552856, -6.09117794037, 26.7097072601, 19.1375751495], [194.462158203, 47.6493873596, -71.0592498779, 62.3425979614, -51.4094963074, 50.0125236511, 28.6321353912, 7.24765825272, 3.84186673164, -6.09117794037, 87.4068603516, 2.47062635422, -0.58637458086], [-292.884460449, -62.7915534973, 96.8081741333, -32.8739509583, 88.302520752, -38.2667121887, -2.02980947495, 1.46967375278, -1.14991652966, 26.7097072601, 2.47062635422, 92.7793731689, 27.8773288727], [-138.074859619, -9.96065330505, 52.748462677, -13.2608041763, 43.6529846191, -26.2505664825, -23.3041992188, 7.21218252182, -0.837064564228, 19.1375751495, -0.58637458086, 27.8773288727, 51.377696991]],
        "icov": [[0.000722776690964, -0.000522848276887, 0.000888155947905, -0.00135211611632, 0.00155938940588, -0.00095645932015, 0.00143612595275, -0.00159792474005, 0.00143793912139, -0.0019589131698, 0.00132640567608, -0.00104763591662, 0.000978997093625], [-0.000522848276887, 0.00267758197151, -0.000918544712476, 0.00109593488742, -0.000572246324737, 0.00227923109196, -0.00142609560862, 0.00141170073766, -0.00228677759878, 0.00291332625784, -0.00289405952208, 0.00257177744061, -0.00140528881457], [0.000888155947905, -0.000918544712476, 0.00367048894987, -0.00234362063929, 0.000629729765933, -0.000769820588175, 0.0024714670144, -0.0031414127443, 0.00414662901312, -0.00420158775523, 0.00305002438836, -0.00257179839537, 0.00153195823077], [-0.00135211611632, 0.00109593488742, -0.00234362063929, 0.00717980600893, -0.00401782849804, 0.00291374931112, -0.00346892955713, 0.00530517706648, -0.00622091209516, 0.0087276622653, -0.00721786683425, 0.00470126233995, -0.00256325188093], [0.00155938940588, -0.000572246324737, 0.000629729765933, -0.00401782849804, 0.0108031798154, -0.00427771965042, 0.00391092570499, -0.00797895435244, 0.00541339628398, -0.00982389505953, 0.00769423320889, -0.0071884766221, 0.00166147574782], [-0.00095645932015, 0.00227923109196, -0.000769820588175, 0.00291374931112, -0.00427771965042, 0.0144536653534, -0.0105584682897, 0.00805059075356, -0.00959088187665, 0.00806731916964, -0.0091058453545, 0.00891191139817, -0.00358674139716], [0.00143612595275, -0.00142609560862, 0.0024714670144, -0.00346892955713, 0.00391092570499, -0.0105584682897, 0.016870059073, -0.0113203823566, 0.00907488539815, -0.007343839854, 0.00519143557176, -0.00808440987021, 0.00800298899412], [-0.00159792474005, 0.00141170073766, -0.0031414127443, 0.00530517706648, -0.00797895435244, 0.00805059075356, -0.0113203823566, 0.0221617016941, -0.0112107647583, 0.00903742853552, -0.0102063799277, 0.010811782442, -0.00631114421412], [0.00143793912139, -0.00228677759878, 0.00414662901312, -0.00622091209516, 0.00541339628398, -0.00959088187665, 0.00907488539815, -0.0112107647583, 0.0236829500645, -0.0127499708906, 0.0108644096181, -0.00991451367736, 0.00438694888726], [-0.0019589131698, 0.00291332625784, -0.00420158775523, 0.0087276622653, -0.00982389505953, 0.00806731916964, -0.007343839854, 0.00903742853552, -0.0127499708906, 0.0244127381593, -0.0136778280139, 0.0104331355542, -0.00538257230073], [0.00132640567608, -0.00289405952208, 0.00305002438836, -0.00721786683425, 0.00769423320889, -0.0091058453545, 0.00519143557176, -0.0102063799277, 0.0108644096181, -0.0136778280139, 0.0254925824702, -0.0116736507043, 0.00250368309207], [-0.00104763591662, 0.00257177744061, -0.00257179839537, 0.00470126233995, -0.0071884766221, 0.00891191139817, -0.00808440987021, 0.010811782442, -0.00991451367736, 0.0104331355542, -0.0116736507043, 0.0239716451615, -0.0101745566353], [0.000978997093625, -0.00140528881457, 0.00153195823077, -0.00256325188093, 0.00166147574782, -0.00358674139716, 0.00800298899412, -0.00631114421412, 0.00438694888726, -0.00538257230073, 0.00250368309207, -0.0101745566353, 0.0284852236509]]
    },
    "spectral_contrast_coeffs": {
        "max": [-0.511686623096, -0.494961827993, -0.517069518566, -0.541483402252, -0.665373802185, -0.410614222288],
        "mean": [-0.761378884315, -0.783981144428, -0.759454071522, -0.772558629513, -0.798426091671, -0.61168974638],
        "min": [-0.937009692192, -0.942876756191, -0.928799152374, -0.911115109921, -0.894843578339, -0.881279826164],
        "stdev": [0.0737528130412, 0.07974075526, 0.0808854773641, 0.081033244729, 0.0448000282049, 0.0937748849392]
    },
    "spectral_contrast_valleys": {
        "max": [-5.50503921509, -4.81701087952, -5.26682519913, -5.44236898422, -6.2722287178, -9.48650932312],
        "mean": [-7.50914669037, -7.09449005127, -7.21641731262, -7.23499488831, -7.73378038406, -13.0981645584],
        "min": [-10.8361988068, -10.7638425827, -10.0236434937, -9.74258995056, -11.5303421021, -16.0653152466],
        "stdev": [0.818539381027, 1.01071226597, 0.938145935535, 0.817022562027, 0.820646107197, 0.520462691784]
    }
},
"rhythm": {
    "beats_count": 31,
    "beats_loudness": {
        "max": 0.0842923149467,
        "mean": 0.0343096777797,
        "min": 0.000151607004227,
        "stdev": 0.0238718092442
    },
    "bpm": 146.305145264,
    "bpm_histogram_first_peak_bpm": 148,
    "bpm_histogram_first_peak_weight": 0.466666698456,
    "bpm_histogram_second_peak_bpm": 140,
    "bpm_histogram_second_peak_spread": 0.25,
    "bpm_histogram_second_peak_weight": 0.20000000298,
    "danceability": 1.06440806389,
    "onset_rate": 3.3700735569,
    "beats_loudness_band_ratio": {
        "max": [0.665235221386, 0.828421056271, 0.85363394022, 0.842337846756, 0.821113586426, 0.0833855122328],
        "mean": [0.135906785727, 0.144685477018, 0.181452900171, 0.340934187174, 0.223456576467, 0.0290367286652],
        "min": [0.00079498544801, 0.000752299558371, 0.00778969796374, 0.0111222555861, 0.0142243327573, 0.00135901966132],
        "stdev": [0.17674100399, 0.217683941126, 0.230343833566, 0.239118546247, 0.184795886278, 0.0208488125354]
    },
    "beats_position": [0.301859408617, 0.626938760281, 0.952018141747, 1.28870749474, 1.62539684772, 1.95047616959, 2.29877543449, 2.6470746994, 3.08825397491, 3.51782298088, 3.94739222527, 4.3653512001, 4.78331041336, 5.20126962662, 5.61922883987, 6.025578022, 6.420317173, 6.82666635513, 7.23301553726, 7.63936471939, 8.04571437836, 8.45206356049, 8.87002277374, 9.27637195587, 9.682721138, 10.1239004135, 10.5534696579, 10.9830379486, 11.412607193, 11.8305664062, 12.2601356506],
