{
"metadata": {
    "version": {
        "essentia": "2.1-beta5",
        "essentia_git_sha": "Undefined",
        "extractor": "music 2.0"
    },
    "audio_properties": {
        "analysis": {
            "equal_loudness": 0,
            "length": 19.8878917694,
            "sample_rate": 44100,
            "start_time": 223.991287231,
            "downmix": "mix"
        },
        "bit_rate": 192000,
        "length": 243.902404785,
        "lossless": 0,
        "number_channels": 2,
        "replay_gain": -7.74283790588,
        "sample_rate": 44100,
        "codec": "mp3",
        "md5_encoded": "f90881088e989e068715e6e2fecdd157"
    },
    "tags": {
        "file_name": "Austria_Sag Ihr, Ich Lass_ Sie Grüßen_Udo Jürgens.mp3",
        "encoding": ["Lavf58.29.100"]
    }
},
"lowlevel": {
    "average_loudness": 0.791031897068,
    "barkbands_crest": {
        "max": 24.429189682,
        "mean": 8.18005943298,
        "min": 2.82641458511,
        "stdev": 4.31053209305
    },
    "barkbands_flatness_db": {
        "max": 0.338280618191,
        "mean": 0.18377096951,
        "min": 0.089367620647,
        "stdev": 0.0493607260287
    },
    "barkbands_kurtosis": {
        "max": 23.2995204926,
        "mean": 1.37327456474,
        "min": -1.81507003307,
        "stdev": 3.25962209702
    },
    "barkbands_skewness": {
        "max": 4.17099761963,
        "mean": -0.193496331573,
        "min": -3.39168477058,
        "stdev": 1.02552545071
    },
    "barkbands_spread": {
        "max": 35.2897071838,
        "mean": 13.6006031036,
        "min": 1.11653411388,
        "stdev": 7.28054761887
    },
    "dissonance": {
        "max": 0.499944418669,
        "mean": 0.461163640022,
        "min": 0.184120073915,
        "stdev": 0.0538080409169
    },
    "dynamic_complexity": 4.91730499268,
    "erbbands_crest": {
        "max": 32.3293113708,
        "mean": 11.028014183,
        "min": 3.42156910896,
        "stdev": 6.19282913208
    },
    "erbbands_flatness_db": {
        "max": 0.421140760183,
        "mean": 0.276003807783,
        "min": 0.177320331335,
        "stdev": 0.0442920736969
    },
    "erbbands_kurtosis": {
        "max": 39.1394271851,
        "mean": 2.02447485924,
        "min": -1.67491912842,
        "stdev": 3.85540151596
    },
    "erbbands_skewness": {
        "max": 2.79862904549,
        "mean": -0.506374180317,
        "min": -5.41739463806,
        "stdev": 1.10709428787
    },
    "erbbands_spread": {
        "max": 35.6010322571,
        "mean": 13.3981924057,
        "min": 1.81505334377,
        "stdev": 7.2140583992
    },
    "hfc": {
        "max": 103.096870422,
        "mean": 17.954782486,
        "min": 0.393907129765,
        "stdev": 19.0775794983
    },
    "loudness_ebu128": {
        "integrated": -17.3519268036,
        "loudness_range": 11.0095701218,
        "momentary": {
            "max": -12.3993024826,
            "mean": -19.5543956757,
            "min": -29.730304718,
            "stdev": 4.79132699966
        },
        "short_term": {
            "max": -13.5731906891,
            "mean": -18.9072170258,
            "min": -26.0542545319,
            "stdev": 3.47594952583
        }
    },
    "melbands_crest": {
        "max": 31.4150562286,
        "mean": 9.60766506195,
        "min": 3.53510785103,
        "stdev": 4.9104385376
    },
    "melbands_flatness_db": {
        "max": 0.391144394875,
        "mean": 0.213130265474,
        "min": 0.113746918738,
        "stdev": 0.0601558201015
    },
    "melbands_kurtosis": {
        "max": 33.0685806274,
        "mean": 1.2359265089,
        "min": -1.90890276432,
        "stdev": 3.66862106323
    },
    "melbands_skewness": {
        "max": 4.67895460129,
        "mean": 0.309792399406,
        "min": -1.81426668167,
        "stdev": 1.05183148384
    },
    "melbands_spread": {
        "max": 64.8761901855,
        "mean": 27.7278709412,
        "min": 2.23879361153,
        "stdev": 13.437666893
    },
    "pitch_salience": {
        "max": 0.873094260693,
        "mean": 0.683442354202,
        "min": 0.234148234129,
        "stdev": 0.136214882135
    },
    "silence_rate_20dB": {
        "max": 1,
        "mean": 1,
        "min": 1,
        "stdev": 0
    },
    "silence_rate_30dB": {
        "max": 1,
        "mean": 1,
        "min": 1,
        "stdev": 0
    },
    "silence_rate_60dB": {
        "max": 1,
        "mean": 0.377622365952,
        "min": 0,
        "stdev": 0.484792113304
    },
    "spectral_centroid": {
        "max": 2486.41894531,
        "mean": 1473.62634277,
        "min": 451.312805176,
        "stdev": 422.084014893
    },
    "spectral_complexity": {
        "max": 34,
        "mean": 15.0944051743,
        "min": 0,
        "stdev": 7.4960308075
    },
    "spectral_decrease": {
        "max": -7.12770745204e-11,
        "mean": -3.93251609054e-09,
        "min": -1.97685352532e-08,
        "stdev": 3.91867471805e-09
    },
    "spectral_energy": {
        "max": 0.0778840333223,
        "mean": 0.0164707712829,
        "min": 0.000306867819745,
        "stdev": 0.0162679627538
    },
    "spectral_energyband_high": {
        "max": 0.000206232536584,
        "mean": 2.20012570935e-05,
        "min": 3.72280652527e-07,
        "stdev": 2.76748050965e-05
    },
    "spectral_energyband_low": {
        "max": 0.0121370563284,
        "mean": 0.000749730446842,
        "min": 7.72675207372e-07,
        "stdev": 0.00163088494446
    },
    "spectral_energyband_middle_high": {
        "max": 0.0586071386933,
        "mean": 0.00832979846746,
        "min": 0.00022477118182,
        "stdev": 0.00974162947387
    },
    "spectral_energyband_middle_low": {
        "max": 0.0706718564034,
        "mean": 0.00782842282206,
        "min": 2.14625470107e-05,
        "stdev": 0.0109935812652
    },
    "spectral_entropy": {
        "max": 7.77219247818,
        "mean": 7.12637710571,
        "min": 5.88915729523,
        "stdev": 0.457639545202
    },
    "spectral_flux": {
        "max": 0.266988664865,
        "mean": 0.0658396333456,
        "min": 0.0102570606396,
        "stdev": 0.0456479378045
    },
    "spectral_kurtosis": {
        "max": 65.0809173584,
        "mean": 16.4982395172,
        "min": 3.83580350876,
        "stdev": 8.52836990356
    },
    "spectral_rms": {
        "max": 0.00871690455824,
        "mean": 0.00341659155674,
        "min": 0.000547159230337,
        "stdev": 0.00209664856084
    },
    "spectral_rolloff": {
        "max": 2928.515625,
        "mean": 1840.46203613,
        "min": 409.130859375,
        "stdev": 464.81338501
    },
    "spectral_skewness": {
        "max": 6.33332633972,
        "mean": 2.59801268578,
        "min": 0.870427012444,
        "stdev": 0.805929422379
    },
    "spectral_spread": {
        "max": 9063577,
        "mean": 1971924.125,
        "min": 1127936.125,
        "stdev": 422630.03125
    },
    "spectral_strongpeak": {
        "max": 14.879160881,
        "mean": 2.07028102875,
        "min": 0,
        "stdev": 3.1172440052
    },
    "zerocrossingrate": {
        "max": 0.09521484375,
        "mean": 0.0639841929078,
        "min": 0.009765625,
        "stdev": 0.0170658491552
    },
    "barkbands": {
        "max": [0.000625674438197, 0.00394170451909, 0.00597854610533, 0.00746698491275, 0.0103416349739, 0.0640217512846, 0.056668985635, 0.0478631667793, 0.0410557799041, 0.0570211820304, 0.0163880307227, 0.0150942802429, 0.0141619574279, 0.00901293940842, 0.0341466367245, 0.0477916039526, 0.00585732934996, 0.00171420176048, 0.000621925690211, 0.000646143453196, 4.72341453133e-05, 7.12064183972e-06, 1.9973133476e-06, 2.33355126511e-06, 1.50666892296e-06, 9.33547880777e-07, 9.68522044786e-07],
        "mean": [1.80002007255e-05, 0.00011274190183, 0.000308309216052, 0.000414474518038, 0.00147712661419, 0.000983394682407, 0.0010508595733, 0.00199036416598, 0.00164110062178, 0.00113288871944, 0.00040437449934, 0.000794102146756, 0.000743240816519, 0.000717134331353, 0.00240535777994, 0.00141209119465, 0.000590168812778, 0.000152623426402, 7.27812293917e-05, 4.09946442232e-05, 4.8673218771e-06, 1.14219744773e-06, 7.53281085508e-07, 9.08209131012e-07, 6.75675153161e-07, 3.01412057979e-07, 1.67974489873e-09],
        "min": [6.97549529249e-09, 1.31893926891e-07, 2.2070426553e-07, 1.16999274269e-07, 7.0223069315e-07, 9.07651553916e-07, 9.46438831306e-07, 9.95639538814e-07, 1.64839389072e-06, 2.33849027609e-06, 3.01116256196e-06, 8.62511205924e-06, 1.0976473277e-05, 2.15159229811e-06, 1.43170518641e-06, 8.65892673119e-07, 6.74942839396e-07, 2.33785144133e-07, 1.40457373732e-07, 7.2011921759e-08, 5.98783529426e-08, 7.2849111632e-08, 3.94864194675e-08, 3.61907694924e-08, 5.39072324557e-08, 4.26660164976e-08, 2.05771649719e-11],
        "stdev": [4.07557163271e-05, 0.000302702799672, 0.000752942694817, 0.000940463796724, 0.00206633610651, 0.00314745749347, 0.00411122338846, 0.00502886204049, 0.00450644362718, 0.00342566799372, 0.00127940555103, 0.00142939423677, 0.00121316418517, 0.00114604702685, 0.00560527574271, 0.00369787123054, 0.000925118860323, 0.000210956015508, 0.00010479039338, 7.51649349695e-05, 5.94392940911e-06, 6.85377074205e-07, 2.68483489663e-07, 2.98385117503e-07, 2.00804336714e-07, 1.08267066423e-07, 3.30810436822e-08]
    },
    "erbbands": {
        "max": [0.100810542703, 0.934088110924, 4.3577246666, 24.0987224579, 26.2144432068, 38.4004898071, 103.950973511, 748.404052734, 979.714416504, 477.891265869, 1120.39916992, 1006.29095459, 1658.22009277, 1412.31652832, 545.070556641, 422.081451416, 455.722351074, 370.46697998, 479.045379639, 2509.16552734, 1016.33050537, 409.337158203, 123.80355835, 46.2404022217, 35.478805542, 19.9994277954, 3.86372518539, 1.76478397846, 0.174589261413, 0.0830966159701, 0.0509445294738, 0.0701598376036, 0.029533084482, 0.0181412957609, 0.0122202252969, 0.0050861495547, 0.00188652600627, 0.000612799020018, 0.00014439500228, 8.75895493664e-05],
        "mean": [0.00284583307803, 0.0297929048538, 0.226480707526, 1.25239348412, 1.76003944874, 4.27139997482, 9.67523002625, 8.72912788391, 16.775800705, 21.7096290588, 43.9173164368, 40.1596183777, 34.3199234009, 27.1001930237, 23.5323467255, 28.9943122864, 30.8848876953, 26.993932724, 49.218006134, 200.180099487, 50.1667480469, 38.5932312012, 12.6895313263, 3.9613096714, 3.57718873024, 1.75768601894, 0.442867577076, 0.157873615623, 0.047587364912, 0.0273731052876, 0.0218213554472, 0.0243526529521, 0.0113903079182, 0.00756585458294, 0.00482322834432, 0.00226962985471, 0.000345283595379, 1.22695264508e-05, 9.93309731712e-06, 2.01228267542e-05],
        "min": [2.68008921012e-06, 3.80089331884e-05, 0.000320839608321, 0.00127991952468, 0.00187505688518, 0.00221727578901, 0.00386217562482, 0.00776450103149, 0.0109123270959, 0.0194950476289, 0.0266052205116, 0.0390849374235, 0.095814421773, 0.138359233737, 0.377143740654, 0.496417820454, 0.513928472996, 0.287709832191, 0.093505539, 0.0660320594907, 0.0336155183613, 0.0305035989732, 0.0143467513844, 0.0109543995932, 0.00382662378252, 0.00355719425716, 0.00206567486748, 0.0025059201289, 0.00290711922571, 0.00198259856552, 0.000893015414476, 0.000794925843365, 0.000571336538997, 0.000602473213803, 0.000360510515748, 0.000199633097509, 7.55110595492e-05, 2.22716812459e-06, 3.5944609067e-07, 4.1262237005e-07],
        "stdev": [0.00653562135994, 0.0792087689042, 0.531223297119, 2.94342494011, 2.87536406517, 6.12060308456, 15.543797493, 34.4732437134, 72.5194625854, 51.3643226624, 111.768455505, 108.847709656, 98.4607849121, 85.2833404541, 50.8884811401, 44.1813163757, 46.7865562439, 36.1242103577, 65.7518463135, 447.639465332, 74.6747741699, 61.0019798279, 16.8365764618, 5.39676475525, 5.15341281891, 2.98831057549, 0.583873987198, 0.211618587375, 0.0301555395126, 0.0109852394089, 0.00754136405885, 0.00865751970559, 0.00373853556812, 0.00244287541136, 0.00148857547902, 0.000688626780175, 0.000192265026271, 2.1430572815e-05, 1.02755248008e-05, 1.96709461306e-05]
    },
    "gfcc": {
        "mean": [-94.7113494873, 123.630706787, -182.40713501, -9.01252269745, -36.5614624023, 5.68943548203, -50.0125846863, 9.77012348175, -18.8006267548, -2.15743160248, -14.1833486557, -8.03309345245, -1.06647264957],
        "cov": [[3120.14013672, 1576.5904541, 27.40716362, 109.626869202, 183.783935547, -1219.19750977, -64.985534668, -324.483703613, -29.920249939, -297.447174072, -116.944671631, -341.968933105, 176.230056763], [1576.5904541, 1120.42492676, 240.279006958, -100.639465332, -90.7641220093, -670.248840332, -51.9032478333, -218.610443115, 0.2249532938, -162.480895996, -33.6803970337, -203.708633423, 49.2009811401], [27.40716362, 240.279006958, 265.431030273, -28.3869075775, -138.9269104, -98.7644500732, -66.4239883423, -52.9467544556, 18.8301715851, 1.11570632458, 12.0348711014, -5.21524715424, -11.9308900833], [109.626869202, -100.639465332, -28.3869075775, 551.322143555, 314.778198242, -22.2646064758, -72.4696044922, -22.2852802277, -84.5942764282, 30.5377082825, -45.5375137329, 13.5062913895, 55.8819198608], [183.783935547, -90.7641220093, -138.9269104, 314.778198242, 292.897766113, 21.1014614105, 5.85274982452, 0.372237592936, -58.2748680115, -1.13813269138, -37.1681594849, -5.15951633453, 39.1248435974], [-1219.19750977, -670.248840332, -98.7644500732, -22.2646064758, 21.1014614105, 650.477050781, 142.237823486, 156.56312561, -34.3011283875, 116.799186707, 44.4945755005, 126.814926147, -100.501319885], [-64.985534668, -51.9032478333, -66.4239883423, -72.4696044922, 5.85274982452, 142.237823486, 164.51210022, 66.768081665, -20.1969451904, -15.492351532, -3.39538621902, -10.6595134735, -25.8577346802], [-324.483703613, -218.610443115, -52.9467544556, -22.2852802277, 0.372237592936, 156.56312561, 66.768081665, 120.881958008, 34.9867935181, 27.5558261871, 8.18872070312, 31.2970085144, -24.2247333527], [-29.920249939, 0.2249532938, 18.8301715851, -84.5942764282, -58.2748680115, -34.3011283875, -20.1969451904, 34.9867935181, 89.7107315063, 25.565410614, 8.81449604034, -3.39494609833, 2.10186314583], [-297.447174072, -162.480895996, 1.11570632458, 30.5377082825, -1.13813269138, 116.799186707, -15.492351532, 27.5558261871, 25.565410614, 86.6576385498, 33.7897796631, 35.4843711853, -23.0493144989], [-116.944671631, -33.6803970337, 12.0348711014, -45.5375137329, -37.1681594849, 44.4945755005, -3.39538621902, 8.18872070312, 8.81449604034, 33.7897796631, 53.7212524414, 32.6365966797, -17.0372238159], [-341.968933105, -203.708633423, -5.21524715424, 13.5062913895, -5.15951633453, 126.814926147, -10.6595134735, 31.2970085144, -3.39494609833, 35.4843711853, 32.6365966797, 89.3099899292, 8.92018222809], [176.230056763, 49.2009811401, -11.9308900833, 55.8819198608, 39.1248435974, -100.501319885, -25.8577346802, -24.2247333527, 2.10186314583, -23.0493144989, -17.0372238159, 8.92018222809, 82.9217529297]],
        "icov": [[0.00671915849671, -0.0057246289216, 0.00407368829474, 0.000610665942077, -0.00540209002793, 0.00883293990046, -0.00544292479753, 0.00205775140785, -0.00015226114192, -0.00077484693611, 0.000927635934204, -0.00160607462749, 0.00160142814275], [-0.0057246289216, 0.0144844362512, -0.0119551941752, 0.00212598079816, -0.000845326809213, -0.000967445608694, -0.0019548877608, 0.00488651264459, -0.000883734493982, 0.00566011900082, -0.0100041516125, 0.0109685063362, -0.00117619661614], [0.00407368829474, -0.0119551941752, 0.0197594445199, -0.00930125359446, 0.0121009685099, -0.00146289658733, 0.00113002432045, 0.00200363015756, -0.00605512643233, 0.000764011696447, 0.00623712781817, -0.0100870616734, 0.00373466685414], [0.000610665942077, 0.00212598079816, -0.00930125359446, 0.0156416129321, -0.0172161012888, 0.00658594537526, 0.00272978516296, -0.00835790671408, 0.0154398474842, -0.0135639570653, 0.00653199246153, 0.00106178515125, -0.00285761919804], [-0.00540209002793, -0.000845326809213, 0.0121009685099, -0.0172161012888, 0.0301159154624, -0.0143978912383, 0.00457210745662, 0.00266117113642, -0.00878774281591, 0.0083003602922, -0.00087951956084, -0.000644931918941, -0.00171239429619], [0.00883293990046, -0.000967445608694, -0.00146289658733, 0.00658594537526, -0.0143978912383, 0.0247891172767, -0.0152760175988, 0.00206365226768, 0.00727593386546, -0.00974324624985, 0.00419294042513, -0.00627478584647, 0.00847381167114], [-0.00544292479753, -0.0019548877608, 0.00113002432045, 0.00272978516296, 0.00457210745662, -0.0152760175988, 0.0258731488138, -0.0181065052748, 0.0111398249865, -0.00100094045047, 0.00133692682721, 0.00685985200107, -0.00786669552326], [0.00205775140785, 0.00488651264459, 0.00200363015756, -0.00835790671408, 0.00266117113642, 0.00206365226768, -0.0181065052748, 0.0366932302713, -0.0277024302632, 0.0162425935268, -0.00759878428653, -0.00301352213137, 0.00894699804485], [-0.00015226114192, -0.000883734493982, -0.00605512643233, 0.0154398474842, -0.00878774281591, 0.00727593386546, 0.0111398249865, -0.0277024302632, 0.0448229052126, -0.0287541020662, 0.0111237550154, 0.0049187913537, -0.00945522356778], [-0.00077484693611, 0.00566011900082, 0.000764011696447, -0.0135639570653, 0.0083003602922, -0.00974324624985, -0.00100094045047, 0.0162425935268, -0.0287541020662, 0.0488205961883, -0.0299903936684, 0.0106882769614, 0.00323459529318], [0.000927635934204, -0.0100041516125, 0.00623712781817, 0.00653199246153, -0.00087951956084, 0.00419294042513, 0.00133692682721, -0.00759878428653, 0.0111237550154, -0.0299903936684, 0.0554530769587, -0.0320343896747, 0.0103749604896], [-0.00160607462749, 0.0109685063362, -0.0100870616734, 0.00106178515125, -0.000644931918941, -0.00627478584647, 0.00685985200107, -0.00301352213137, 0.0049187913537, 0.0106882769614, -0.0320343896747, 0.0497465506196, -0.020390599966], [0.00160142814275, -0.00117619661614, 0.00373466685414, -0.00285761919804, -0.00171239429619, 0.00847381167114, -0.00786669552326, 0.00894699804485, -0.00945522356778, 0.00323459529318, 0.0103749604896, -0.020390599966, 0.028519956395]]
    },
    "melbands": {
        "max": [0.00108337053098, 0.00177728140261, 0.00335089326836, 0.00189602538012, 0.00331848161295, 0.0150585426018, 0.0136085646227, 0.00631543435156, 0.00817808602005, 0.0062803151086, 0.00884783547372, 0.00677334656939, 0.00157396611758, 0.00227695540525, 0.000558694009669, 0.00173414766323, 0.000867693102919, 0.000957806420047, 0.00230658752844, 0.00510969944298, 0.00035289945663, 0.00040516644367, 0.000154415276484, 9.09347072593e-05, 4.40936273662e-05, 3.27284033119e-05, 3.49913643731e-05, 1.31519218485e-05, 3.69679105461e-06, 1.01316925338e-06, 8.49695140914e-07, 1.34579423161e-07, 5.80390562277e-08, 5.00363697142e-08, 3.15490353842e-08, 3.87917360456e-08, 4.41128804596e-08, 2.26926513136e-08, 1.72059060333e-08, 1.59632502772e-08],
        "mean": [3.00346819131e-05, 0.000109146290924, 0.000207110962947, 0.000213655992411, 0.000328041816829, 0.000199718895601, 0.000242432230152, 0.000293303979561, 0.000338902114891, 0.000248389726039, 0.000174767978024, 0.000119641605124, 6.18009435129e-05, 0.000104680133518, 5.72119897697e-05, 7.5225783803e-05, 4.48532882729e-05, 7.29489547666e-05, 0.000190825434402, 0.000205883887247, 3.58450997737e-05, 4.10326138081e-05, 1.81163759407e-05, 6.6764055191e-06, 2.76350351669e-06, 2.94326673611e-06, 2.09901850212e-06, 9.62290641837e-07, 3.52331625209e-07, 1.03613203351e-07, 7.7457507075e-08, 2.53623895219e-08, 1.78585555233e-08, 1.37878020112e-08, 1.22352279419e-08, 1.34594042578e-08, 1.44239686861e-08, 7.74233299694e-09, 6.77502898228e-09, 6.22681683993e-09],
        "min": [2.99535933834e-08, 1.36994600552e-07, 2.55639065472e-07, 1.36168978315e-07, 1.28622787088e-07, 2.00910378112e-07, 2.07929986118e-07, 1.8900166765e-07, 2.17913878942e-07, 2.46207406462e-07, 4.51379548849e-07, 4.93420316161e-07, 1.02059937035e-06, 1.26588986404e-06, 3.64335619452e-07, 1.19720698422e-06, 3.95846541323e-07, 1.3828559986e-07, 9.11528204028e-08, 8.24545622891e-08, 3.64294621136e-08, 4.18389412005e-08, 8.70950245258e-09, 1.44830600846e-08, 8.49581738294e-09, 3.77353437386e-09, 2.12173856262e-09, 2.39102737609e-09, 9.93487070389e-10, 1.85394100072e-09, 1.13818221514e-09, 1.43116207774e-09, 1.7383565698e-09, 9.76772773775e-10, 5.21558296551e-10, 4.33315050508e-10, 4.92028140453e-10, 4.61726434864e-10, 2.5574145579e-10, 6.30751062491e-10],
        "stdev": [7.64086071285e-05, 0.000242739697569, 0.000419615331339, 0.000306696951156, 0.000519771652762, 0.000768814818002, 0.00100780045614, 0.000707755389158, 0.000856756174471, 0.000700859818608, 0.00050729198847, 0.000377176649636, 0.00015671721485, 0.00020770606352, 7.70312763052e-05, 0.000138132803841, 6.73911708873e-05, 0.000124293888803, 0.000406908424338, 0.000475403416203, 4.9340120313e-05, 6.74343318678e-05, 2.55090271821e-05, 9.59818680712e-06, 4.49969775218e-06, 4.58911881651e-06, 4.02912473874e-06, 1.7635425138e-06, 5.04741535678e-07, 1.27531208705e-07, 1.11388018809e-07, 1.60780224689e-08, 8.26978752144e-09, 6.03945382593e-09, 4.76263428695e-09, 4.73920014343e-09, 5.47178746757e-09, 2.84933299177e-09, 2.41919084765e-09, 2.17714180017e-09]
    },
    "melbands128": {
        "max": [0.000219612527872, 0.000524839386344, 0.00197001709603, 0.0013609812595, 0.00173282681499, 0.0038453838788, 0.00622804136947, 0.00230827718042, 0.0033204711508, 0.00288058281876, 0.00230751675554, 0.004628399387, 0.00505535211414, 0.00184036884457, 0.0170148517936, 0.0269359461963, 0.0273134447634, 0.0230833273381, 0.00738049298525, 0.00774497445673, 0.0140930004418, 0.0167758036405, 0.0129157863557, 0.0173307079822, 0.0123873967677, 0.0142031889409, 0.0124222030863, 0.0119612030685, 0.0158237032592, 0.0146794607863, 0.0112001840025, 0.00438558869064, 0.00288089201786, 0.00397383375093, 0.00377583899535, 0.00275822984986, 0.00132424384356, 0.000911701703444, 0.000817239342723, 0.00102396577131, 0.0037936817389, 0.00109800382052, 0.000907837064005, 0.00256089633331, 0.00144817924593, 0.00148044282105, 0.000925054890104, 0.00359218311496, 0.00560059025884, 0.00889962445945, 0.011564321816, 0.000873703858815, 0.00079506234033, 0.000378638447728, 0.00122890085913, 0.000896995945368, 0.000953227223363, 0.000152857377543, 0.000161796720931, 0.000315240031341, 7.67787714722e-05, 2.53000416706e-05, 6.461461453e-05, 9.4903021818e-05, 7.62376730563e-05, 5.29454555362e-05, 2.83458612103e-05, 6.95862690918e-05, 5.18082197232e-05, 2.53153848462e-05, 1.9213061023e-05, 2.45591072598e-05, 4.93103880217e-06, 2.00780232262e-06, 1.6030307961e-06, 8.57393615661e-07, 7.96862877905e-07, 2.69760835181e-06, 1.03586091882e-06, 6.3407367179e-07, 1.31582027052e-07, 1.37869648142e-07, 9.34442709877e-08, 8.06303859235e-08, 6.24107272529e-08, 5.94357523198e-08, 6.99459761222e-08, 4.85839564135e-08, 3.93172570057e-08, 5.52095933415e-08, 4.40564420501e-08, 4.86951172718e-08, 7.05860969674e-08, 5.58373365322e-08, 2.66078519218e-08, 2.80710867884e-08, 3.51049820324e-08, 2.50666207791e-08, 2.34893544615e-08, 2.04167545093e-08, 2.85862142846e-08, 1.82767099233e-08, 2.0902021447e-08, 2.70086495391e-08, 1.83975874535e-08, 1.49639927116e-08, 1.39944402733e-08, 1.44349190379e-08, 1.06914974651e-08, 1.50458863146e-08, 1.13718519046e-08, 1.207370115e-08, 6.12692963031e-09, 5.36534461304e-09, 5.10188291614e-09, 4.8935646646e-09, 4.70679184517e-09, 4.54051463095e-09, 4.40027969617e-09, 4.28580282374e-09, 4.1807024509e-09, 4.08140587993e-09, 4.00737576456e-09, 3.94544708016e-09, 3.87793397394e-09, 3.82199250026e-09, 3.79038889164e-09, 3.77740683177e-09],
        "mean": [8.50517335493e-06, 1.78951177077e-05, 4.37702328782e-05, 4.48402497568e-05, 5.35606523044e-05, 0.000193612097064, 0.000301693566144, 0.000141950178659, 0.00016321244766, 0.000229544864851, 0.000180282950168, 0.000445050711278, 0.000413068919443, 0.000114281341666, 0.000153926754138, 0.000263753026957, 0.000307968934067, 0.000253781297943, 0.000140412594192, 0.000178139234777, 0.000417973875301, 0.000509585544933, 0.000289422692731, 0.000231256126426, 0.00025462009944, 0.000297305057757, 0.000138816452818, 0.000142254735692, 0.000230129793636, 0.000154790090164, 7.78445682954e-05, 5.21798319824e-05, 4.51565974799e-05, 7.24179917597e-05, 0.000137208742672, 0.00011742861534, 3.81142599508e-05, 6.75863775541e-05, 5.5116481235e-05, 5.85055277043e-05, 0.000111996057967, 4.65486155008e-05, 3.14753488055e-05, 3.88497064705e-05, 9.21739920159e-05, 9.20557940844e-05, 2.62036774075e-05, 5.1564831665e-05, 0.000317212106893, 0.000494601321407, 0.000100530240161, 5.4373882449e-05, 4.3919437303e-05, 2.26194715651e-05, 2.43751383096e-05, 4.78783367726e-05, 6.06379107921e-05, 1.03073352875e-05, 8.9860504886e-06, 1.57270969794e-05, 4.8767547014e-06, 2.54043789027e-06, 2.79226037492e-06, 2.07890025195e-06, 4.02299974667e-06, 3.0168887406e-06, 2.3304280603e-06, 2.77501476376e-06, 1.90478044715e-06, 1.50475852934e-06, 5.90481874951e-07, 1.23840561628e-06, 4.60326987195e-07, 1.93363220546e-07, 1.3989536285e-07, 8.49275991754e-08, 8.12062097566e-08, 1.3945111732e-07, 6.77949998362e-08, 3.67463428574e-08, 2.45475550997e-08, 2.2480330486e-08, 2.08089652176e-08, 1.72738392479e-08, 1.58186015398e-08, 1.42320324414e-08, 1.33215021236e-08, 1.22460370733e-08, 1.23014505249e-08, 1.21577947709e-08, 1.15032783299e-08, 1.05519966098e-08, 2.22318643495e-08, 1.69053500088e-08, 8.5881790568e-09, 7.98430388471e-09, 7.6672481697e-09, 7.24632309712e-09, 6.8759815619e-09, 6.44409237083e-09, 6.30893248754e-09, 6.19371443022e-09, 6.14553030687e-09, 5.88746384977e-09, 5.40686295736e-09, 5.29726351672e-09, 4.72479166902e-09, 4.38253344726e-09, 3.98804589352e-09, 3.74249253809e-09, 2.93044277733e-09, 1.28582278158e-09, 6.5857619358e-10, 1.14849865729e-10, 1.07434018279e-11, 8.45399618365e-12, 8.14694318951e-12, 7.86254481661e-12, 7.62329262216e-12, 7.43529803698e-12, 7.25071738761e-12, 7.08755883844e-12, 6.95484121682e-12, 6.83878908364e-12, 6.73580332136e-12, 6.64975756751e-12, 6.59445241469e-12, 6.57013983149e-12],
        "min": [6.66673116712e-09, 1.79328072392e-08, 3.32901315403e-08, 6.442954259e-08, 4.77876618277e-08, 7.00342965843e-08, 5.77450371964e-08, 2.95965154606e-08, 7.75965247612e-08, 5.9541566344e-08, 2.24660947623e-08, 3.10408303505e-08, 3.01065732344e-08, 8.28315620538e-08, 2.38630359917e-08, 4.29095052823e-08, 6.37157171468e-08, 7.52536948312e-08, 8.37079454641e-08, 5.42942331094e-08, 1.10707418344e-07, 3.14348405084e-08, 4.70735592728e-08, 1.73584282948e-07, 1.42674295489e-07, 2.04243562507e-07, 8.03144430961e-08, 3.27562815983e-07, 3.20880303661e-07, 2.22718796294e-07, 9.52885912398e-08, 1.07855484544e-07, 1.24905795928e-07, 1.98955362407e-07, 2.25501068485e-07, 2.57778594914e-07, 2.92531581181e-07, 1.45382131223e-07, 7.68223387126e-08, 2.74374997389e-07, 4.23409574069e-07, 1.1343624351e-07, 8.79525572373e-08, 2.49975897759e-07, 8.85771456183e-08, 1.11138987791e-07, 1.02917255163e-07, 4.97062870863e-08, 4.7979934692e-08, 1.2941556804e-07, 1.06153635215e-07, 1.41263374331e-08, 1.37915403542e-08, 4.10010905227e-08, 9.68583506733e-08, 3.2285274898e-08, 1.27817099127e-08, 8.09967648507e-09, 4.67660399295e-09, 1.42240299539e-08, 2.16714628465e-08, 6.943359665e-09, 8.49087022914e-09, 8.73707861615e-09, 8.70122640606e-09, 3.21336424136e-09, 1.43333700464e-09, 1.13075881991e-09, 2.76469447336e-09, 2.7811615233e-09, 2.48276421644e-09, 2.57378185431e-09, 7.20074277982e-10, 8.12148848173e-10, 9.86439596673e-10, 1.87732651646e-09, 2.13123096948e-09, 2.07782946404e-09, 7.26820936769e-10, 4.50199350022e-10, 1.3860111947e-09, 1.23627330595e-09, 3.00171287826e-09, 1.86084170295e-09, 7.19703185936e-10, 9.56529522256e-10, 1.22991694607e-09, 5.95173133e-10, 6.36897867778e-10, 2.84163192976e-10, 2.95492075253e-10, 5.65328672764e-10, 5.29393751059e-10, 3.56540325042e-10, 6.96355306751e-10, 3.43116451917e-10, 5.84535586601e-10, 2.68644717583e-10, 1.86460305529e-10, 2.51850790223e-10, 4.44425052315e-10, 8.18838163941e-10, 7.44951655918e-10, 3.8251432577e-10, 2.23458182513e-10, 4.20304568927e-10, 5.24911669686e-10, 2.98365387952e-10, 3.1682470536e-10, 3.47716688776e-10, 3.67408242719e-10, 1.09705244888e-10, 1.15915550812e-13, 6.07801095153e-14, 7.17409733507e-14, 6.90787962314e-14, 5.48284663927e-14, 6.96043971158e-14, 6.43535111268e-14, 7.88289382771e-14, 6.33374171795e-14, 5.64720525117e-14, 7.39151985061e-14, 6.07873397885e-14, 7.22277123636e-14, 6.84025047975e-14, 7.58899236855e-14, 7.45624807556e-14],
        "stdev": [1.37060605994e-05, 3.1730702176e-05, 0.000136028567795, 0.000127873587189, 0.000161269897944, 0.000482353090774, 0.000750994717237, 0.00029579148395, 0.000294805766316, 0.000425438804086, 0.000303930370137, 0.000776828383096, 0.000728082377464, 0.000190003222087, 0.000697652576491, 0.00142217148095, 0.00162435334641, 0.00141963572241, 0.000555304228328, 0.000613095064182, 0.00130217138212, 0.00149245222565, 0.0010850377148, 0.000935177551582, 0.000942176673561, 0.00105065864045, 0.000637040706351, 0.000660114455968, 0.000749278813601, 0.000618022517301, 0.000445243698778, 0.000221156878979, 0.000176834088052, 0.000274214107776, 0.00033783991239, 0.000246349547524, 9.4829731097e-05, 0.000109913205961, 9.65881990851e-05, 0.000114102396765, 0.000268610136118, 8.15567545942e-05, 6.23616288067e-05, 0.000146235499415, 0.000182107134606, 0.000183608484804, 4.59344264527e-05, 0.000181491530384, 0.000833852856886, 0.00130342331249, 0.000539104628842, 0.000107117870357, 8.16523461253e-05, 3.84389713872e-05, 9.42147016758e-05, 0.000104092687252, 0.000120457509183, 1.9790699298e-05, 1.72571144503e-05, 2.93763678201e-05, 8.18261014501e-06, 3.47312129634e-06, 5.80583036935e-06, 6.56254360365e-06, 8.50319429446e-06, 6.14907048657e-06, 4.29611009167e-06, 7.04928743289e-06, 5.09589608555e-06, 3.42616317539e-06, 1.32844184009e-06, 2.68307803708e-06, 7.33087119897e-07, 2.79138617998e-07, 2.07850135325e-07, 1.09106863988e-07, 1.08557280498e-07, 2.68066798981e-07, 1.12139915132e-07, 4.86062923244e-08, 1.74535532693e-08, 1.60265116733e-08, 1.38426043961e-08, 1.03105488591e-08, 9.1513001621e-09, 8.11807066015e-09, 7.73996955417e-09, 6.55111431769e-09, 6.38170227774e-09, 6.54842668979e-09, 5.90196291839e-09, 5.27496935021e-09, 9.95583082641e-09, 7.54001305836e-09, 4.31457536365e-09, 4.01620114943e-09, 3.84928755537e-09, 3.457151454e-09, 3.24044791e-09, 3.05123815103e-09, 3.18466764071e-09, 2.73379985316e-09, 2.69057376379e-09, 2.755224493e-09, 2.43014497414e-09, 2.35372921153e-09, 2.00472394241e-09, 1.87883641978e-09, 1.72431291467e-09, 1.66748570507e-09, 1.34117494888e-09, 1.11247877577e-09, 8.98289997942e-10, 2.35650554625e-10, 1.74928030394e-10, 1.67162034215e-10, 1.60783372727e-10, 1.55094839749e-10, 1.50299175883e-10, 1.46388276501e-10, 1.42794970293e-10, 1.39400990751e-10, 1.36872888024e-10, 1.34756469872e-10, 1.32452410151e-10, 1.30542535115e-10, 1.29460664411e-10, 1.2901771318e-10]
    },
    "mfcc": {
        "mean": [-724.258544922, 165.899124146, -73.8130264282, -8.01615047455, 13.3095874786, -7.73437023163, -8.58953666687, -2.73680472374, 0.604836642742, 3.65367817879, -7.66881322861, -1.60133683681, -2.04791116714],
        "cov": [[2883.59008789, 1366.89135742, -247.960128784, 950.112243652, -57.7244377136, -470.551055908, -199.269241333, -311.973419189, -13.0765247345, -87.4334259033, -297.480010986, -178.054580688, -79.1817016602], [1366.89135742, 1165.26293945, 206.519577026, 228.943496704, -246.670684814, -346.85848999, -219.516525269, -200.46182251, -70.7526473999, -71.1069564819, -84.8267745972, -82.6985931396, -77.1999588013], [-247.960128784, 206.519577026, 361.632324219, -98.7435073853, -99.1104049683, -51.3713226318, -109.994338989, -49.5333938599, -53.8390808105, -29.0706424713, 29.7216281891, 9.26777744293, -3.58959436417], [950.112243652, 228.943496704, -98.7435073853, 723.68560791, 217.774871826, -97.2084274292, -59.7104377747, -156.43069458, 9.97898578644, -42.5553741455, -192.508987427, -85.9176177979, 9.46901130676], [-57.7244377136, -246.670684814, -99.1104049683, 217.774871826, 233.09197998, 91.1127548218, 24.5141582489, -14.5880365372, 5.24766492844, 0.400003522635, -40.4097366333, -5.19889450073, 29.8151340485], [-470.551055908, -346.85848999, -51.3713226318, -97.2084274292, 91.1127548218, 231.601608276, 155.654464722, 68.4385681152, 7.02162075043, 13.1515035629, 47.1218948364, 39.9641494751, 9.63733482361], [-199.269241333, -219.516525269, -109.994338989, -59.7104377747, 24.5141582489, 155.654464722, 210.034713745, 107.559501648, 28.1460990906, 17.1216716766, 28.7258396149, 21.9123764038, -6.17215061188], [-311.973419189, -200.46182251, -49.5333938599, -156.43069458, -14.5880365372, 68.4385681152, 107.559501648, 140.171569824, 47.278881073, 24.929605484, 45.0957145691, 20.5449676514, -0.336194008589], [-13.0765247345, -70.7526473999, -53.8390808105, 9.97898578644, 5.24766492844, 7.02162075043, 28.1460990906, 47.278881073, 76.2842025757, 37.6530914307, -8.77694511414, -6.32155704498, 1.69269764423], [-87.4334259033, -71.1069564819, -29.0706424713, -42.5553741455, 0.400003522635, 13.1515035629, 17.1216716766, 24.929605484, 37.6530914307, 69.0572738647, 40.0443305969, 2.10889840126, -0.0800140425563], [-297.480010986, -84.8267745972, 29.7216281891, -192.508987427, -40.4097366333, 47.1218948364, 28.7258396149, 45.0957145691, -8.77694511414, 40.0443305969, 126.762153625, 53.2583808899, -11.5966625214], [-178.054580688, -82.6985931396, 9.26777744293, -85.9176177979, -5.19889450073, 39.9641494751, 21.9123764038, 20.5449676514, -6.32155704498, 2.10889840126, 53.2583808899, 66.9331665039, 16.4180526733], [-79.1817016602, -77.1999588013, -3.58959436417, 9.46901130676, 29.8151340485, 9.63733482361, -6.17215061188, -0.336194008589, 1.69269764423, -0.0800140425563, -11.5966625214, 16.4180526733, 46.1684570312]],
        "icov": [[0.00627061165869, -0.00669082487002, 0.0076563633047, -0.00588362384588, 0.00318467570469, 0.000228044067626, 0.000750803214032, -0.000255805440247, 0.00103466911241, -0.000625137705356, 0.00100039166864, -0.000907957612071, -0.000102079524368], [-0.00669082487002, 0.0102657480165, -0.00891098286957, 0.00506444834173, -0.000513170321938, 0.0025664512068, -0.00202801940031, 0.00287029519677, -0.000910326838493, 0.0019467958482, -0.00179893267341, 0.0014862556709, 0.00256084324792], [0.0076563633047, -0.00891098286957, 0.0143839195371, -0.00848236866295, 0.00753938080743, -0.00474346987903, 0.0070804990828, -0.00373251037672, 0.00426265783608, -0.000647407548968, 0.000237662199652, -0.000613794778474, -0.00174992857501], [-0.00588362384588, 0.00506444834173, -0.00848236866295, 0.0139192081988, -0.0137971518561, 0.00809340272099, -0.00994467455894, 0.0101816905662, -0.00779828848317, 0.00312515161932, 0.00206214538775, 0.00109143170994, 0.00124984770082], [0.00318467570469, -0.000513170321938, 0.00753938080743, -0.0137971518561, 0.024368211627, -0.0149661451578, 0.0152512555942, -0.0109891602769, 0.0104860523716, -0.00469844555482, 7.57392917876e-05, 0.000118432544696, -0.00304972124286], [0.000228044067626, 0.0025664512068, -0.00474346987903, 0.00809340272099, -0.0149661451578, 0.0285766012967, -0.0247103665024, 0.018030853942, -0.00975384842604, 0.00742237921804, -0.00330381817184, -4.42284654127e-05, 0.00273782969452], [0.000750803214032, -0.00202801940031, 0.0070804990828, -0.00994467455894, 0.0152512555942, -0.0247103665024, 0.0322787128389, -0.0251227356493, 0.0141544481739, -0.00916689448059, 0.00513479020447, -0.00416215136647, 0.00216303975321], [-0.000255805440247, 0.00287029519677, -0.00373251037672, 0.0101816905662, -0.0109891602769, 0.018030853942, -0.0251227356493, 0.0377819240093, -0.0246577858925, 0.0156620461494, -0.0101494388655, 0.00719072250649, -0.00194350094534], [0.00103466911241, -0.000910326838493, 0.00426265783608, -0.00779828848317, 0.0104860523716, -0.00975384842604, 0.0141544481739, -0.0246577858925, 0.0420746393502, -0.0288834068924, 0.0186805296689, -0.0108834253624, 0.0061299498193], [-0.000625137705356, 0.0019467958482, -0.000647407548968, 0.00312515161932, -0.00469844555482, 0.00742237921804, -0.00916689448059, 0.0156620461494, -0.0288834068924, 0.0438331440091, -0.0277517270297, 0.0188298355788, -0.0106666460633], [0.00100039166864, -0.00179893267341, 0.000237662199652, 0.00206214538775, 7.57392917876e-05, -0.00330381817184, 0.00513479020447, -0.0101494388655, 0.0186805296689, -0.0277517270297, 0.0382392220199, -0.0256251823157, 0.0175411123782], [-0.000907957612071, 0.0014862556709, -0.000613794778474, 0.00109143170994, 0.000118432544696, -4.42284654127e-05, -0.00416215136647, 0.00719072250649, -0.0108834253624, 0.0188298355788, -0.0256251823157, 0.0386284887791, -0.0196565315127], [-0.000102079524368, 0.00256084324792, -0.00174992857501, 0.00124984770082, -0.00304972124286, 0.00273782969452, 0.00216303975321, -0.00194350094534, 0.0061299498193, -0.0106666460633, 0.0175411123782, -0.0196565315127, 0.0382002852857]]
    },
    "spectral_contrast_coeffs": {
        "max": [-0.442367762327, -0.43796941638, -0.481971502304, -0.504339575768, -0.575831115246, -0.726596295834],
        "mean": [-0.701229631901, -0.771735429764, -0.780771613121, -0.774729013443, -0.748393833637, -0.816513717175],
        "min": [-0.911439061165, -0.927095293999, -0.92557990551, -0.896337807178, -0.864261746407, -0.92681235075],
        "stdev": [0.109038643539, 0.106137856841, 0.0839460194111, 0.0954297855496, 0.052063331008, 0.0282705444843]
    },
    "spectral_contrast_valleys": {
        "max": [-5.98877763748, -4.79336214066, -5.5290851593, -6.164686203, -7.29134750366, -11.2392091751],
        "mean": [-8.1984872818, -7.12559175491, -7.20499897003, -7.11238098145, -8.50943374634, -11.7933473587],
        "min": [-9.80554103851, -9.16615867615, -8.70020675659, -9.45788383484, -11.0978441238, -12.2634305954],
        "stdev": [0.905663371086, 0.871050298214, 0.572118341923, 0.445290952921, 0.494891643524, 0.143877640367]
    }
},
"rhythm": {
    "beats_count": 33,
    "beats_loudness": {
        "max": 0.0614752136171,
        "mean": 0.0234767086804,
        "min": 0.00079163123155,
        "stdev": 0.0192785486579
    },
    "bpm": 96.1302185059,
    "bpm_histogram_first_peak_bpm": 96,
    "bpm_histogram_first_peak_weight": 0.307692289352,
    "bpm_histogram_second_peak_bpm": 85,
    "bpm_histogram_second_peak_spread": 0.333333313465,
    "bpm_histogram_second_peak_weight": 0.125,
    "danceability": 0.9335475564,
    "onset_rate": 1.80909049511,
    "beats_loudness_band_ratio": {
        "max": [0.415841728449, 0.51339751482, 0.812143564224, 0.622461020947, 0.902064979076, 0.0197764448822],
        "mean": [0.0539125427604, 0.0956980139017, 0.285853266716, 0.283496886492, 0.306185811758, 0.00737590156496],
        "min": [0.000858020270243, 0.00810829829425, 0.0146587612107, 0.00941637903452, 0.00258377660066, 0.00019290317141],
        "stdev": [0.0928770676255, 0.112313143909, 0.283350348473, 0.199015885592, 0.256968200207, 0.00619486812502]
    },
    "beats_position": [0.592108845711, 1.20743763447, 1.83437633514, 2.46131515503, 3.08825397491, 3.7151927948, 4.35374164581, 5.07355976105, 5.78176879883, 6.5015873909, 7.20979595184, 7.91800451279, 8.62621307373, 9.287981987, 9.94974994659, 10.5766887665, 11.2036275864, 11.8305664062, 12.4575052261, 13.0612239838, 13.6765527725, 14.3034915924, 14.8839902878, 15.4296598434, 15.9753284454, 16.4281177521, 16.8809070587, 17.3453063965, 17.7980957031, 18.2624931335, 18.7385025024, 19.2029018402, 19.667301178],
