{
"metadata": {
    "version": {
        "essentia": "2.1-beta5",
        "essentia_git_sha": "Undefined",
        "extractor": "music 2.0"
    },
    "audio_properties": {
        "analysis": {
            "equal_loudness": 0,
            "length": 12.7477550507,
            "sample_rate": 44100,
            "start_time": 0,
            "downmix": "mix"
        },
        "bit_rate": 192000,
        "length": 220.937866211,
        "lossless": 0,
        "number_channels": 2,
        "replay_gain": -1.59002876282,
        "sample_rate": 44100,
        "codec": "mp3",
        "md5_encoded": "91d4a45d5dee9369529f58e31d183719"
    },
    "tags": {
        "file_name": "Portugal_Sol De Inverno_Simone de Oliviera.mp3",
        "encoding": ["Lavf58.29.100"]
    }
},
"lowlevel": {
    "average_loudness": 0.794873058796,
    "barkbands_crest": {
        "max": 23.5208320618,
        "mean": 11.7730550766,
        "min": 4.11961984634,
        "stdev": 4.25759506226
    },
    "barkbands_flatness_db": {
        "max": 0.289386361837,
        "mean": 0.185869365931,
        "min": 0.0638347715139,
        "stdev": 0.0381170213223
    },
    "barkbands_kurtosis": {
        "max": 42.6902503967,
        "mean": 2.76149559021,
        "min": -1.69688546658,
        "stdev": 4.70834255219
    },
    "barkbands_skewness": {
        "max": 6.17745304108,
        "mean": 0.974342703819,
        "min": -1.85609579086,
        "stdev": 1.22946894169
    },
    "barkbands_spread": {
        "max": 66.9998321533,
        "mean": 12.9633798599,
        "min": 2.33830571175,
        "stdev": 7.20675992966
    },
    "dissonance": {
        "max": 0.499718904495,
        "mean": 0.448046833277,
        "min": 0.329445153475,
        "stdev": 0.0330077596009
    },
    "dynamic_complexity": 7.22025108337,
    "erbbands_crest": {
        "max": 24.9554347992,
        "mean": 10.8348903656,
        "min": 2.22493934631,
        "stdev": 4.70200777054
    },
    "erbbands_flatness_db": {
        "max": 0.352373421192,
        "mean": 0.238826736808,
        "min": 0.0603518970311,
        "stdev": 0.0668929815292
    },
    "erbbands_kurtosis": {
        "max": 15.951461792,
        "mean": 0.755994558334,
        "min": -1.4774107933,
        "stdev": 2.37774085999
    },
    "erbbands_skewness": {
        "max": 2.25027251244,
        "mean": 0.366733580828,
        "min": -2.41256070137,
        "stdev": 0.575218617916
    },
    "erbbands_spread": {
        "max": 110.184043884,
        "mean": 26.6454105377,
        "min": 3.01599931717,
        "stdev": 23.5183086395
    },
    "hfc": {
        "max": 87.1633453369,
        "mean": 15.7121858597,
        "min": 1.19149345363e-16,
        "stdev": 13.092997551
    },
    "loudness_ebu128": {
        "integrated": -23.1646137238,
        "loudness_range": 5.93194770813,
        "momentary": {
            "max": -19.0647506714,
            "mean": -27.8830699921,
            "min": -59.0290603638,
            "stdev": 10.8497667313
        },
        "short_term": {
            "max": -21.2024898529,
            "mean": -24.2033119202,
            "min": -29.0050106049,
            "stdev": 1.98493254185
        }
    },
    "melbands_crest": {
        "max": 31.3521118164,
        "mean": 13.3599243164,
        "min": 2.59076333046,
        "stdev": 4.92425918579
    },
    "melbands_flatness_db": {
        "max": 0.320180892944,
        "mean": 0.208777680993,
        "min": 0.00789239164442,
        "stdev": 0.0392972119153
    },
    "melbands_kurtosis": {
        "max": 156.537063599,
        "mean": 9.66047096252,
        "min": -1.37998986244,
        "stdev": 20.8832893372
    },
    "melbands_skewness": {
        "max": 11.1992731094,
        "mean": 1.6770182848,
        "min": -1.54181087017,
        "stdev": 2.13758015633
    },
    "melbands_spread": {
        "max": 119.68422699,
        "mean": 18.382850647,
        "min": 3.09352207184,
        "stdev": 10.4686994553
    },
    "pitch_salience": {
        "max": 0.819188177586,
        "mean": 0.52895617485,
        "min": 0.224813565612,
        "stdev": 0.102810204029
    },
    "silence_rate_20dB": {
        "max": 1,
        "mean": 1,
        "min": 1,
        "stdev": 0
    },
    "silence_rate_30dB": {
        "max": 1,
        "mean": 1,
        "min": 1,
        "stdev": 0
    },
    "silence_rate_60dB": {
        "max": 1,
        "mean": 0.152727276087,
        "min": 0,
        "stdev": 0.359723329544
    },
    "spectral_centroid": {
        "max": 11061.8447266,
        "mean": 1324.74536133,
        "min": 473.933044434,
        "stdev": 638.411010742
    },
    "spectral_complexity": {
        "max": 35,
        "mean": 14.7072725296,
        "min": 0,
        "stdev": 7.61360836029
    },
    "spectral_decrease": {
        "max": -1.02037766606e-28,
        "mean": -4.52540538376e-09,
        "min": -2.00619538759e-08,
        "stdev": 4.40608394214e-09
    },
    "spectral_energy": {
        "max": 0.0787674635649,
        "mean": 0.0185050591826,
        "min": 1.11923134888e-20,
        "stdev": 0.0176311694086
    },
    "spectral_energyband_high": {
        "max": 0.000666160311084,
        "mean": 9.68958556768e-05,
        "min": 8.43436731074e-21,
        "stdev": 0.00010579109221
    },
    "spectral_energyband_low": {
        "max": 0.00603422522545,
        "mean": 0.00046250311425,
        "min": 3.97259844242e-23,
        "stdev": 0.000793652958237
    },
    "spectral_energyband_middle_high": {
        "max": 0.0497069247067,
        "mean": 0.00808085780591,
        "min": 1.63290501628e-21,
        "stdev": 0.00881208572537
    },
    "spectral_energyband_middle_low": {
        "max": 0.0696266666055,
        "mean": 0.010276330635,
        "min": 2.95368304115e-22,
        "stdev": 0.0143384048715
    },
    "spectral_entropy": {
        "max": 9.79102230072,
        "mean": 7.23167037964,
        "min": 6.48256874084,
        "stdev": 0.422643482685
    },
    "spectral_flux": {
        "max": 0.152350753546,
        "mean": 0.0530667640269,
        "min": 1.05793727945e-10,
        "stdev": 0.030319146812
    },
    "spectral_kurtosis": {
        "max": 23.7076091766,
        "mean": 6.68027830124,
        "min": -1.1926523447,
        "stdev": 3.88595080376
    },
    "spectral_rms": {
        "max": 0.00876620225608,
        "mean": 0.00367136835121,
        "min": 3.30444113912e-12,
        "stdev": 0.00213887123391
    },
    "spectral_rolloff": {
        "max": 18540.0878906,
        "mean": 1375.18762207,
        "min": 86.1328125,
        "stdev": 1219.45751953
    },
    "spectral_skewness": {
        "max": 3.39178180695,
        "mean": 1.62665164471,
        "min": -0.0339720286429,
        "stdev": 0.4341776371
    },
    "spectral_spread": {
        "max": 40172412,
        "mean": 3188852.75,
        "min": 1894189.875,
        "stdev": 2221800.75
    },
    "spectral_strongpeak": {
        "max": 13.0708589554,
        "mean": 2.05402493477,
        "min": 0,
        "stdev": 1.90733802319
    },
    "zerocrossingrate": {
        "max": 0.50927734375,
        "mean": 0.0569611154497,
        "min": 0.01708984375,
        "stdev": 0.0327996350825
    },
    "barkbands": {
        "max": [3.5082543036e-05, 0.00250179017894, 0.00267393607646, 0.00368872890249, 0.0235924348235, 0.0498357266188, 0.0505880229175, 0.015640059486, 0.013765623793, 0.0188467279077, 0.0461917407811, 0.017165703699, 0.0413371659815, 0.0434201322496, 0.00520974211395, 0.00334045360796, 0.0040955231525, 0.000956592033617, 0.00118143018335, 0.000674833951052, 0.000517263251822, 0.00011895364878, 6.70635999995e-05, 4.80096314277e-05, 6.93093033988e-06, 1.27697740027e-06, 1.39860208037e-06],
        "mean": [1.59517833254e-06, 0.000125027319882, 0.000171289910213, 0.000352637813194, 0.00113783881534, 0.00342903099954, 0.00339590362273, 0.000913938507438, 0.000645991647616, 0.00089867162751, 0.00250703445636, 0.00118125102017, 0.00140221975744, 0.000825322058517, 0.000555668957531, 0.000159809598699, 0.000365827494534, 0.000114419271995, 0.000182588933967, 7.3323630204e-05, 4.26504557254e-05, 1.44977921082e-05, 4.84518250232e-06, 2.74222657026e-06, 8.81865616975e-07, 6.62079102653e-08, 4.51920056932e-09],
        "min": [2.44415188179e-23, 2.06908181129e-23, 4.7284492264e-24, 1.42825270597e-23, 2.88667650166e-23, 3.22695796402e-23, 7.55716630298e-23, 1.08775487485e-22, 3.30825828446e-23, 1.8309666714e-23, 6.37880942789e-23, 1.56509410372e-22, 1.18822066564e-22, 1.1531181224e-22, 1.35831220345e-22, 3.24463715732e-22, 1.27964333367e-22, 2.00044535895e-22, 2.640101365e-22, 3.78706271202e-22, 6.18440645915e-22, 6.07272394981e-22, 8.59811837587e-22, 7.2557219776e-22, 1.41019986397e-21, 1.59652532617e-21, 2.48529262514e-21],
        "stdev": [2.98400868814e-06, 0.000312872609356, 0.000341140985256, 0.00063939858228, 0.00220011477359, 0.00787595193833, 0.00618338957429, 0.00175880128518, 0.00132098060567, 0.00199698074721, 0.0062669464387, 0.00224913028069, 0.00389170111157, 0.00287620630115, 0.000613884767517, 0.00028321595164, 0.00052190257702, 0.000116551716928, 0.000205834207009, 8.11125719338e-05, 6.30867143627e-05, 1.61121824931e-05, 7.48561615183e-06, 4.74186890642e-06, 9.72690941126e-07, 1.26025511804e-07, 5.97178129169e-08]
    },
    "erbbands": {
        "max": [0.0173269491643, 0.771949887276, 3.72582197189, 8.28908443451, 51.0074043274, 53.8152770996, 290.279785156, 618.232299805, 355.66418457, 784.549987793, 240.917205811, 352.781433105, 529.123352051, 936.0390625, 971.201782227, 875.307800293, 1394.99157715, 1575.07922363, 799.041809082, 199.537902832, 135.637435913, 281.926269531, 46.1866569519, 81.1781616211, 46.6635742188, 37.7456092834, 26.1160449982, 13.1277837753, 4.33246517181, 2.32614421844, 1.73909533024, 0.88086605072, 0.899666905403, 0.269513845444, 0.0275523774326, 0.00537499552593, 0.00234078709036, 0.000854921760038, 0.000208052806556, 8.83489046828e-05],
        "mean": [0.00132688379381, 0.0368547216058, 0.1974568367, 0.749784886837, 2.51598358154, 3.24078559875, 11.3657655716, 35.2447280884, 35.6713104248, 49.2482757568, 19.1718254089, 17.4793548584, 28.6118717194, 66.5590209961, 54.4188079834, 67.7840194702, 55.0276908875, 42.124584198, 30.8458480835, 24.7713928223, 13.0735855103, 17.6372776031, 7.30997371674, 9.50470924377, 7.00146532059, 3.53603982925, 2.04283118248, 1.37065148354, 0.599870741367, 0.228415101767, 0.122887611389, 0.0696421191096, 0.0384574495256, 0.0156749319285, 0.00383161753416, 0.000597290636506, 9.56519506872e-05, 1.58830189321e-05, 1.06955785668e-05, 2.19613575609e-05],
        "min": [9.07181862094e-22, 3.42213303194e-21, 6.53601365432e-21, 2.12641349053e-20, 9.9432137336e-20, 8.67817346485e-20, 1.12212336294e-19, 3.2533726935e-19, 7.21308783675e-19, 2.49769295271e-18, 1.42199440372e-18, 6.61760258173e-19, 5.95406724566e-19, 1.28012351948e-18, 3.93621794058e-18, 5.19398245792e-18, 5.9365383579e-18, 4.58082945219e-18, 7.98546266724e-18, 1.11571973906e-17, 1.58139595414e-17, 8.01577800951e-18, 1.08181360575e-17, 9.47360112108e-18, 1.62005026961e-17, 1.73875647777e-17, 2.42775508007e-17, 2.61596811706e-17, 1.99679398093e-17, 2.7796067761e-17, 2.16700078491e-17, 1.82169026773e-17, 1.09579833477e-17, 1.59855713944e-17, 9.52373488364e-18, 5.93267211572e-18, 3.25899648769e-18, 1.23510731657e-18, 3.15677609253e-19, 4.07873357333e-20],
        "stdev": [0.00221475353464, 0.0939495190978, 0.427730351686, 1.27869725227, 6.33785533905, 5.40925645828, 25.8680553436, 92.3160705566, 59.6499786377, 91.236831665, 28.2865524292, 34.8396987915, 58.3480377197, 120.702575684, 133.66267395, 124.938476562, 133.491958618, 101.371520996, 60.2069854736, 26.6656017303, 13.8606290817, 30.7908325195, 6.22941350937, 13.2435417175, 6.90502119064, 3.95667028427, 2.64171409607, 1.84499037266, 0.673599541187, 0.296412020922, 0.179301053286, 0.0954713821411, 0.0822754651308, 0.0237955804914, 0.00381913012825, 0.000661764293909, 0.000217497930862, 4.91854007123e-05, 1.2376354789e-05, 2.03011768463e-05]
    },
    "gfcc": {
        "mean": [-104.227020264, 120.081260681, -176.815109253, 16.8043136597, -65.482711792, -2.55925655365, -35.7166976929, -5.25261116028, -19.6735973358, -4.25498723984, -2.58680510521, -10.2050161362, 1.44063282013],
        "cov": [[18327.1855469, 3615.66455078, -4490.70410156, -1956.91552734, -782.330444336, -1676.12060547, -84.6505966187, -1097.16296387, 231.233261108, -646.145080566, 615.498352051, -618.181030273, 388.122833252], [3615.66455078, 1572.38781738, -389.994628906, -469.775817871, -55.632358551, -512.465393066, -67.1186141968, -353.561706543, -29.19805336, -174.400695801, 90.4685974121, -151.543731689, 75.8380279541], [-4490.70410156, -389.994628906, 1776.10571289, 593.05682373, 245.454833984, 385.89074707, -47.1925086975, 242.941940308, -117.251167297, 163.884109497, -237.142364502, 174.885726929, -126.8934021], [-1956.91552734, -469.775817871, 593.05682373, 428.761016846, 90.6473693848, 252.812957764, -30.1726322174, 148.794433594, -11.9174919128, 94.701210022, -83.6189804077, 66.2256164551, -53.3084373474], [-782.330444336, -55.632358551, 245.454833984, 90.6473693848, 136.759658813, 104.803985596, 23.0299129486, 21.0719833374, -56.3726425171, 9.36974143982, -32.0428695679, 22.3401737213, -43.2050857544], [-1676.12060547, -512.465393066, 385.89074707, 252.812957764, 104.803985596, 334.990478516, 71.2554931641, 147.812072754, -58.000125885, 47.0952911377, -63.9442253113, 62.8962516785, -68.5510635376], [-84.6505966187, -67.1186141968, -47.1925086975, -30.1726322174, 23.0299129486, 71.2554931641, 122.786003113, 45.7137336731, -15.5420780182, -32.3825035095, -1.76001620293, 16.1172504425, 4.52420759201], [-1097.16296387, -353.561706543, 242.941940308, 148.794433594, 21.0719833374, 147.812072754, 45.7137336731, 180.694610596, 30.9766769409, 60.3520965576, -61.1020965576, 58.4356231689, 0.0983191728592], [231.233261108, -29.19805336, -117.251167297, -11.9174919128, -56.3726425171, -58.000125885, -15.5420780182, 30.9766769409, 134.533966064, 47.3305892944, 22.8186168671, -2.71677780151, 48.025642395], [-646.145080566, -174.400695801, 163.884109497, 94.701210022, 9.36974143982, 47.0952911377, -32.3825035095, 60.3520965576, 47.3305892944, 105.000053406, -9.00712871552, 24.1487979889, -11.6414232254], [615.498352051, 90.4685974121, -237.142364502, -83.6189804077, -32.0428695679, -63.9442253113, -1.76001620293, -61.1020965576, 22.8186168671, -9.00712871552, 89.2333831787, -21.4689426422, 4.5572924614], [-618.181030273, -151.543731689, 174.885726929, 66.2256164551, 22.3401737213, 62.8962516785, 16.1172504425, 58.4356231689, -2.71677780151, 24.1487979889, -21.4689426422, 77.5995864868, 7.49878787994], [388.122833252, 75.8380279541, -126.8934021, -53.3084373474, -43.2050857544, -68.5510635376, 4.52420759201, 0.0983191728592, 48.025642395, -11.6414232254, 4.5572924614, 7.49878787994, 101.926643372]],
        "icov": [[0.000640731013846, -0.00165569828823, 0.00175382150337, -0.000578976643737, 0.00145879655611, -0.000900382059626, 0.00040204951074, -1.1728678146e-05, -0.000110227971163, -0.00014670866949, 0.000962943013292, -0.00111596647184, 0.000741905532777], [-0.00165569828823, 0.00684385607019, -0.00578010035679, 0.00261978036724, -0.00489673856646, 0.00534062413499, -0.00197668769397, 0.00193227233831, 0.000136994101922, 0.00215233420022, -0.00335740204901, 0.00570849701762, -0.00309973116964], [0.00175382150337, -0.00578010035679, 0.00737198907882, -0.0036711494904, 0.00332085392438, -0.00316856382415, 0.00164456630591, -0.000690449553076, 0.000718523922842, -0.00281247100793, 0.00611342582852, -0.00676798215136, 0.00364915304817], [-0.000578976643737, 0.00261978036724, -0.0036711494904, 0.00924334581941, -0.00240340805613, -0.00327806244604, 0.00457324506715, -0.00133290432859, -0.00185045402031, 0.00171449850313, -0.00226023932919, 0.00325908511877, -0.00197676266544], [0.00145879655611, -0.00489673856646, 0.00332085392438, -0.00240340805613, 0.0170561652631, -0.0054655438289, -0.00221603107639, 0.00302697881125, 0.00205325242132, -0.00297562195919, 0.00375709543005, -0.00396848842502, 0.00343187106773], [-0.000900382059626, 0.00534062413499, -0.00316856382415, -0.00327806244604, -0.0054655438289, 0.0167369320989, -0.00769262900576, -0.0018828936154, 0.0042336108163, 8.80630905158e-05, -0.00236291927285, 0.00359569117427, 0.000935084244702], [0.00040204951074, -0.00197668769397, 0.00164456630591, 0.00457324506715, -0.00221603107639, -0.00769262900576, 0.0192435383797, -0.00839326158166, -0.00128699559718, 0.00765552278608, -0.00320219667628, -0.00230742129497, -0.00078636361286], [-1.1728678146e-05, 0.00193227233831, -0.000690449553076, -0.00133290432859, 0.00302697881125, -0.0018828936154, -0.00839326158166, 0.0214065052569, -0.00530691165477, -0.00504023581743, 0.00936644989997, -0.0032937922515, -0.000832709483802], [-0.000110227971163, 0.000136994101922, 0.000718523922842, -0.00185045402031, 0.00205325242132, 0.0042336108163, -0.00128699559718, -0.00530691165477, 0.0174018535763, -0.00860577169806, -0.00357067235745, 0.00238984660245, -0.00517400819808], [-0.00014670866949, 0.00215233420022, -0.00281247100793, 0.00171449850313, -0.00297562195919, 8.80630905158e-05, 0.00765552278608, -0.00504023581743, -0.00860577169806, 0.0237581133842, -0.0065416735597, 0.00122333108447, 0.00178633758333], [0.000962943013292, -0.00335740204901, 0.00611342582852, -0.00226023932919, 0.00375709543005, -0.00236291927285, -0.00320219667628, 0.00936644989997, -0.00357067235745, -0.0065416735597, 0.0262165479362, -0.00767835695297, 0.00572455814108], [-0.00111596647184, 0.00570849701762, -0.00676798215136, 0.00325908511877, -0.00396848842502, 0.00359569117427, -0.00230742129497, -0.0032937922515, 0.00238984660245, 0.00122333108447, -0.00767835695297, 0.027206087485, -0.00852205790579], [0.000741905532777, -0.00309973116964, 0.00364915304817, -0.00197676266544, 0.00343187106773, 0.000935084244702, -0.00078636361286, -0.000832709483802, -0.00517400819808, 0.00178633758333, 0.00572455814108, -0.00852205790579, 0.0179336275905]]
    },
    "melbands": {
        "max": [0.000377644842956, 0.00158238958102, 0.00259966822341, 0.00313193560578, 0.00852589309216, 0.0117923384532, 0.00681226002052, 0.00685079069808, 0.00205902033485, 0.00251090712845, 0.00264480244368, 0.00349465897307, 0.00536308949813, 0.00146889267489, 0.00563886808231, 0.00133130454924, 0.00380795029923, 0.00211404520087, 0.000515548978001, 0.000263180059846, 0.000114767928608, 0.000346483313479, 5.44972353964e-05, 6.31325747236e-05, 8.11713834992e-05, 4.46404228569e-05, 3.20262843161e-05, 2.25310486712e-05, 1.04656810436e-05, 2.19830326387e-05, 6.24259246251e-06, 3.57672638529e-06, 3.05833782477e-06, 1.31998501729e-06, 1.38656378113e-06, 7.49600928884e-07, 5.18955403095e-07, 9.25121582895e-07, 9.57941779234e-07, 7.90114711435e-08],
        "mean": [2.21618993237e-05, 8.89660077519e-05, 0.000179970345926, 0.000202846160391, 0.000346709945006, 0.000745540484786, 0.000629517540801, 0.000465609598905, 0.000136936781928, 0.000109545835585, 0.000140208852827, 0.000255304737948, 0.000273836834822, 0.000105024482764, 0.000200331865926, 9.97647657641e-05, 8.08589538792e-05, 5.50079748791e-05, 4.56686138932e-05, 1.85267581401e-05, 1.6132289602e-05, 2.31012199947e-05, 6.01247711529e-06, 6.58803810438e-06, 8.1654470705e-06, 5.14415887665e-06, 3.63459685104e-06, 2.08233950616e-06, 1.2056785863e-06, 1.34854712996e-06, 6.10033112025e-07, 3.69094749431e-07, 1.88397351053e-07, 1.06081458284e-07, 7.25330338014e-08, 5.72765515017e-08, 3.57990685984e-08, 2.66147672789e-08, 2.35201529364e-08, 1.00603303466e-08],
        "min": [7.94420875767e-24, 3.91605028949e-24, 6.59897253904e-24, 7.51770716496e-24, 3.30834754407e-24, 7.3763543348e-24, 1.18957021732e-23, 2.85904554405e-23, 9.69896121044e-24, 4.10880332409e-24, 2.92447205037e-24, 4.48206153886e-24, 1.18796740973e-23, 1.31669041903e-23, 1.62296361445e-23, 1.08711414624e-23, 8.82481103073e-24, 1.28742423165e-23, 1.29316264253e-23, 1.97930139389e-23, 1.81695129524e-23, 7.59858197382e-24, 1.01798744841e-23, 7.8391001418e-24, 7.26635951448e-24, 1.14178575685e-23, 8.62191916135e-24, 1.26815196531e-23, 1.78238656582e-23, 1.25543481754e-23, 1.53685218912e-23, 1.01436294809e-23, 1.35601055976e-23, 1.68337773801e-23, 1.25527925417e-23, 1.21273093684e-23, 1.02858855568e-23, 7.78671425567e-24, 8.08680246604e-24, 1.55896648465e-23],
        "stdev": [5.00868736708e-05, 0.000186248144018, 0.000347487133695, 0.000381107849535, 0.000755412562285, 0.00182463100646, 0.00103935995139, 0.00083301536506, 0.000224506133236, 0.000238931854255, 0.000305621069856, 0.000453023705631, 0.000745727098547, 0.00018455904501, 0.000554611964617, 0.000202508992516, 0.000243505040999, 0.000153225540998, 5.45278053323e-05, 2.5162977181e-05, 1.72849486262e-05, 3.935447603e-05, 8.08773165772e-06, 7.1776103141e-06, 1.30925436679e-05, 5.91210528e-06, 3.91333878724e-06, 2.52477002505e-06, 1.34357151182e-06, 2.4546802706e-06, 8.05895524536e-07, 4.22761189611e-07, 2.6555636623e-07, 1.57120240374e-07, 1.18985887809e-07, 8.80095853972e-08, 5.23184375822e-08, 6.30409147107e-08, 6.8857474389e-08, 1.13620837183e-08]
    },
    "melbands128": {
        "max": [2.09717509279e-05, 6.08232439845e-05, 0.000376173527911, 0.0016886118101, 0.00233499589376, 0.00109918380622, 0.00193211936858, 0.00243226625025, 0.00694923754781, 0.00288179912604, 0.00211263960227, 0.00772317172959, 0.0140970926732, 0.00707040261477, 0.0215490870178, 0.0103035774082, 0.0118006747216, 0.00575817516074, 0.0219425223768, 0.00843098759651, 0.00624090945348, 0.00140121253207, 0.0040470669046, 0.00177110673394, 0.00249359733425, 0.00514611089602, 0.00123817985877, 0.0053373426199, 0.0061775110662, 0.00238074408844, 0.00287739490159, 0.0155604872853, 0.00740868784487, 0.00115366769023, 0.000686754239723, 0.00218604900874, 0.005310729146, 0.00720757152885, 0.00957673136145, 0.000613759737462, 0.00294826249592, 0.000495675718412, 0.0010019937763, 0.0111334621906, 0.00414049299434, 0.000443129712949, 0.000819719280116, 0.000817806751002, 0.000610048417002, 0.000188316960703, 0.000316770776408, 0.000615619530436, 9.7240008472e-05, 0.00024313988979, 0.000486493372591, 0.00065884826472, 0.000358781602699, 0.00011370179709, 4.92958934046e-05, 5.68234427192e-05, 7.04506819602e-05, 0.000131915774546, 0.000139968920848, 0.00013535717153, 0.000127555744257, 4.88904261147e-05, 8.34829988889e-05, 5.62515779166e-05, 5.79528132221e-05, 8.34077436593e-05, 2.30328805628e-05, 4.83712101413e-05, 1.15293023555e-05, 1.87964578799e-05, 3.31289083988e-05, 4.48965329269e-05, 3.02996850223e-05, 1.98731850105e-05, 8.38804771774e-06, 7.01858152752e-06, 6.42658687866e-06, 3.7799452457e-06, 6.54891528029e-06, 3.59536852557e-06, 2.19776802624e-06, 1.79518826826e-06, 2.23835240831e-06, 3.66817607755e-06, 1.20808351767e-06, 8.1627098325e-07, 1.52891891503e-06, 1.04944206214e-06, 8.32650187021e-07, 6.88822353823e-07, 4.80541984871e-07, 2.18611717173e-06, 6.66351979817e-07, 1.02568014881e-06, 2.17084766518e-06, 1.74030446942e-07, 1.32244863948e-07, 1.29636902102e-07, 4.24756372297e-08, 9.94430351398e-08, 2.87522077258e-08, 1.65018541054e-08, 1.63687925436e-08, 1.35672069135e-08, 9.81547998435e-09, 9.56620649362e-09, 7.6957080708e-09, 7.58614060459e-09, 7.4099348879e-09, 7.1931327561e-09, 7.01827573835e-09, 6.81358214294e-09, 6.67773836227e-09, 6.4567617919e-09, 6.30046859129e-09, 6.17512618817e-09, 6.07040728795e-09, 5.92329252314e-09, 5.83172488078e-09, 5.72340796978e-09, 5.66336622043e-09, 5.59522694843e-09, 5.53293055816e-09, 5.52490364569e-09],
        "mean": [1.19093783724e-06, 6.10585175309e-06, 1.79648523044e-05, 7.58115784265e-05, 0.000100728240795, 7.87683602539e-05, 0.000139699986903, 0.000182865245733, 0.000297178950859, 0.000190800288692, 0.000134107598569, 0.000257401028648, 0.00039174882113, 0.000421239616117, 0.000949717243202, 0.000830127566587, 0.000495443062391, 0.000410364300478, 0.0011433751788, 0.000505925389007, 0.000198336492758, 0.000112515968794, 0.000192128616618, 6.41597798676e-05, 8.03961520432e-05, 0.000172527943505, 6.27287008683e-05, 0.000188844176591, 0.000143187309732, 7.95812957222e-05, 0.00023792819411, 0.000723950914107, 0.000218903602217, 6.7055116233e-05, 2.78895822703e-05, 9.09947921173e-05, 0.000290518801194, 0.000212043276406, 0.000180386356078, 3.84369377571e-05, 0.000167920676176, 3.56396958523e-05, 3.24960237776e-05, 0.000163479577168, 7.27858787286e-05, 2.45936571446e-05, 3.84222330467e-05, 4.63087962999e-05, 6.02426734986e-05, 1.78810005309e-05, 1.44629466377e-05, 1.66445843206e-05, 4.34716548625e-06, 1.61130901688e-05, 4.18428789999e-05, 2.23390561587e-05, 1.23140825963e-05, 4.85495729663e-06, 3.93312802771e-06, 7.06170658304e-06, 7.41914254831e-06, 4.76646982861e-06, 1.00232246041e-05, 9.31719205255e-06, 4.49492790722e-06, 3.36011748914e-06, 8.60491218191e-06, 3.36088555741e-06, 2.7668106668e-06, 2.88458022624e-06, 1.76575599653e-06, 2.24203654398e-06, 1.45722265188e-06, 7.93955052814e-07, 8.74191414368e-07, 2.19702155846e-06, 9.50923833898e-07, 7.38828305202e-07, 5.57731652862e-07, 5.81523408982e-07, 3.2224181723e-07, 3.46403311369e-07, 2.76787574194e-07, 1.79508504061e-07, 1.01393801799e-07, 1.09516101077e-07, 1.1541013123e-07, 9.04925130385e-08, 6.6731885795e-08, 6.21305389359e-08, 5.92043463143e-08, 5.76811061137e-08, 4.83803646034e-08, 3.18699484581e-08, 3.32202141351e-08, 2.84352061897e-08, 2.307705671e-08, 2.46033007301e-08, 3.53840512446e-08, 1.28305650549e-08, 1.24499335286e-08, 1.01940518249e-08, 6.89856749503e-09, 6.18538464892e-09, 3.65114205536e-09, 2.57578136598e-09, 2.0292680869e-09, 1.12580045286e-09, 8.07355626797e-10, 4.0041248095e-10, 2.79598871833e-10, 2.57933396863e-10, 2.34118363585e-10, 2.34990610304e-10, 1.9135650009e-10, 1.49337237021e-10, 6.18344750403e-11, 1.54818068088e-11, 1.51007678584e-11, 1.48055699645e-11, 1.45470675436e-11, 1.42187607174e-11, 1.39833231799e-11, 1.37175618087e-11, 1.35958171804e-11, 1.3454036496e-11, 1.33234204919e-11, 1.32944488751e-11],
        "min": [1.21867145389e-23, 9.60386323945e-24, 5.16770788325e-24, 6.51878285587e-24, 3.99917729624e-24, 2.30992534494e-24, 2.14958305507e-24, 1.00439671608e-23, 9.91245379266e-24, 1.00346664907e-23, 3.7221147524e-24, 1.45526318504e-24, 4.45764116625e-24, 3.41998457558e-24, 6.57911848777e-24, 9.35957431635e-24, 1.12607661744e-23, 8.88852653718e-24, 1.67052608946e-23, 3.35314888758e-23, 3.49160344278e-23, 1.33946341342e-23, 6.29279708349e-24, 5.91327767971e-24, 3.33621543605e-24, 3.60492867607e-24, 4.91917331075e-24, 1.6394582621e-24, 2.42630461378e-24, 4.17860528686e-24, 4.28523522098e-24, 7.06898414941e-24, 1.34637415049e-23, 1.2484291805e-23, 1.80653044268e-23, 8.45018966431e-24, 1.23553659007e-23, 2.27232093724e-23, 1.29005382059e-23, 1.37645215463e-23, 9.16578353523e-24, 1.01908341286e-23, 3.60720098991e-24, 7.9006596914e-24, 2.30268103804e-23, 5.5185636316e-24, 1.42654892419e-23, 1.71362597833e-23, 8.602797173e-24, 1.27884607928e-23, 2.81908374386e-23, 1.62304360494e-23, 2.26749295073e-23, 1.85658193163e-23, 8.09086588856e-24, 8.18561676075e-24, 5.20128377552e-24, 4.87621746788e-24, 1.79555233878e-23, 9.81284117071e-24, 5.19098243539e-24, 7.56039085082e-24, 7.82053587812e-24, 7.59243674737e-24, 5.92687251412e-24, 7.41963203292e-24, 2.1813356137e-23, 9.68570440292e-24, 4.26386340134e-24, 7.99349678703e-24, 8.46561583931e-24, 2.01510589711e-23, 1.65698118994e-23, 2.5149188581e-23, 6.97548993264e-24, 1.00813426016e-23, 1.18541789017e-23, 2.35120197905e-23, 1.18124805031e-23, 1.5384300687e-23, 9.49929972646e-24, 7.90345304786e-24, 1.15181068012e-23, 1.63200680032e-23, 1.19146608673e-23, 1.91546866271e-23, 1.60854670809e-23, 1.48408559871e-23, 1.49191567429e-23, 9.12679645158e-24, 9.05017675843e-24, 1.5257839973e-23, 1.33174709159e-23, 9.85406073073e-24, 6.90602047475e-24, 1.19660543665e-23, 6.61969157628e-24, 5.29959438255e-24, 4.54703212302e-24, 1.15793579062e-23, 1.57345281077e-23, 1.66432374948e-23, 1.6388375469e-23, 7.9380114664e-24, 7.41611765758e-24, 1.60135908083e-23, 6.48082286911e-24, 9.25122348216e-24, 1.51135604689e-23, 7.38065047129e-24, 6.84812755063e-24, 8.73023055249e-24, 1.72352712933e-23, 6.25967084193e-24, 9.67490095283e-24, 8.55077652947e-24, 1.07054964495e-23, 1.03748966771e-23, 9.44096109594e-24, 6.34799880862e-24, 1.03827450542e-23, 1.27717227421e-23, 1.19788560012e-23, 1.26330701828e-23, 1.48882744162e-23, 7.92470653837e-24, 9.43973678382e-24, 7.05668501903e-24],
        "stdev": [1.80890015145e-06, 6.88233467372e-06, 4.0470771637e-05, 0.000205432457733, 0.000259735330474, 0.000147691564052, 0.000255125865806, 0.000362430990208, 0.000871899479534, 0.000363394647138, 0.000236274558119, 0.00059530272847, 0.00107860879507, 0.000944318016991, 0.00307183968835, 0.00193308875896, 0.00146234268323, 0.000723713717889, 0.00249938247725, 0.00101190502755, 0.000651888316497, 0.000186310397112, 0.000379890698241, 0.000157329486683, 0.000211416438106, 0.000456904323073, 0.00012050926307, 0.000518601504155, 0.000487191660795, 0.000207692442928, 0.000365079962648, 0.00197366741486, 0.000867418129928, 0.00014504606952, 7.12044566171e-05, 0.000185118915397, 0.000670365290716, 0.000723168952391, 0.000854633399285, 7.31319232727e-05, 0.000422578159487, 6.43426101306e-05, 7.98149849288e-05, 0.000686508719809, 0.000296447251458, 4.92940562253e-05, 6.18375488557e-05, 7.47449012124e-05, 8.37443512864e-05, 2.73298246611e-05, 3.06637484755e-05, 4.71461680718e-05, 1.01417836049e-05, 2.37185777223e-05, 6.00563798798e-05, 6.51353257126e-05, 4.03057529184e-05, 1.07075975393e-05, 5.78632079851e-06, 8.94136519491e-06, 1.10005194074e-05, 9.94764195639e-06, 2.06996992347e-05, 1.76831545105e-05, 1.2407862414e-05, 5.40081782674e-06, 1.26782715597e-05, 5.82090478929e-06, 5.16380259796e-06, 6.21962453806e-06, 3.06182937493e-06, 3.62259288522e-06, 1.7898940996e-06, 1.60601234711e-06, 2.33540208683e-06, 4.57590704173e-06, 2.29991360357e-06, 1.91556364371e-06, 8.97721406545e-07, 8.99643509911e-07, 5.81543304179e-07, 5.21892729921e-07, 5.94278446897e-07, 2.82990839651e-07, 1.67961985653e-07, 1.8115582634e-07, 2.04592893738e-07, 2.67388230668e-07, 1.15823453939e-07, 9.69168496567e-08, 1.39944546618e-07, 9.80435146403e-08, 8.97301077885e-08, 5.77708938465e-08, 5.23790824047e-08, 1.29972775653e-07, 4.55746302919e-08, 7.28660864979e-08, 1.51018483052e-07, 1.75645737954e-08, 1.64666662528e-08, 1.37648017429e-08, 7.2673058682e-09, 9.66327728946e-09, 3.60800433974e-09, 2.31836216891e-09, 2.03773353746e-09, 1.43109224471e-09, 1.19594167902e-09, 9.1852692119e-10, 7.84022347045e-10, 7.46904538218e-10, 6.57566279205e-10, 6.90612733667e-10, 5.73433356355e-10, 5.44372491529e-10, 3.36186994909e-10, 2.74965300529e-10, 2.68309263696e-10, 2.62970617504e-10, 2.58510463036e-10, 2.52244725107e-10, 2.48345732867e-10, 2.4373369989e-10, 2.4117524644e-10, 2.38272568343e-10, 2.35619190825e-10, 2.35277464178e-10]
    },
    "mfcc": {
        "mean": [-725.439941406, 140.511611938, -46.9405288696, 13.1044406891, -13.9616727829, -2.90203118324, -6.15024375916, -9.12763881683, -7.31146860123, -3.66398072243, -6.92197418213, -1.86587536335, 0.427766889334],
        "cov": [[17805.3691406, 3356.64038086, -3808.43310547, -953.80267334, -1580.87402344, -918.828918457, -866.324707031, -804.192687988, -663.853271484, -490.617034912, -311.614074707, -55.7856864929, 39.124671936], [3356.64038086, 1740.98632812, -395.492614746, -69.5699615479, -231.330383301, -184.366027832, -150.627532959, -239.211380005, -176.655212402, -161.257705688, -185.339294434, -62.2467765808, 81.2526321411], [-3808.43310547, -395.492614746, 1151.82324219, 325.331298828, 400.323638916, 209.875289917, 145.591949463, 147.450714111, 147.678665161, 97.5803070068, 46.9854049683, -11.4751605988, -7.56161928177], [-953.80267334, -69.5699615479, 325.331298828, 176.616348267, 137.790893555, 43.4582481384, 0.823971152306, 14.7907218933, 48.4922828674, 32.3141098022, 4.73432302475, -14.3380289078, 1.04766154289], [-1580.87402344, -231.330383301, 400.323638916, 137.790893555, 239.584732056, 118.844345093, 68.0787811279, 46.2543563843, 43.3456611633, 40.3175010681, 31.5806465149, 7.42210769653, -5.79973268509], [-918.828918457, -184.366027832, 209.875289917, 43.4582481384, 118.844345093, 145.644226074, 107.734512329, 69.4249572754, 9.74927997589, 12.7053594589, 33.6673812866, 16.3680725098, -18.2329673767], [-866.324707031, -150.627532959, 145.591949463, 0.823971152306, 68.0787811279, 107.734512329, 190.373886108, 106.770065308, 8.69686794281, -1.70752108097, 18.1087818146, 0.12812744081, -19.4676170349], [-804.192687988, -239.211380005, 147.450714111, 14.7907218933, 46.2543563843, 69.4249572754, 106.770065308, 145.859634399, 58.5116767883, 18.4920902252, 22.7259502411, -1.52282714844, -22.8246994019], [-663.853271484, -176.655212402, 147.678665161, 48.4922828674, 43.3456611633, 9.74927997589, 8.69686794281, 58.5116767883, 126.485046387, 55.8566322327, -4.29955434799, -18.8036842346, -1.23962509632], [-490.617034912, -161.257705688, 97.5803070068, 32.3141098022, 40.3175010681, 12.7053594589, -1.70752108097, 18.4920902252, 55.8566322327, 85.1663742065, 27.3090629578, 2.00006628036, -1.39162123203], [-311.614074707, -185.339294434, 46.9854049683, 4.73432302475, 31.5806465149, 33.6673812866, 18.1087818146, 22.7259502411, -4.29955434799, 27.3090629578, 80.5769500732, 33.4185676575, -8.70680332184], [-55.7856864929, -62.2467765808, -11.4751605988, -14.3380289078, 7.42210769653, 16.3680725098, 0.12812744081, -1.52282714844, -18.8036842346, 2.00006628036, 33.4185676575, 71.3821411133, 20.6950626373], [39.124671936, 81.2526321411, -7.56161928177, 1.04766154289, -5.79973268509, -18.2329673767, -19.4676170349, -22.8246994019, -1.23962509632, -1.39162123203, -8.70680332184, 20.6950626373, 62.9647216797]],
        "icov": [[0.000604902161285, -0.000750999141019, 0.00145765987691, -0.000543227943126, 0.00117586448323, -0.000641481950879, 0.00118765584193, -6.45202162559e-05, 4.89465164719e-05, 0.000373445654986, -0.000668519118335, 1.46653883348e-06, 0.000960006727837], [-0.000750999141019, 0.00214010872878, -0.00199550320394, 0.000203940144274, -0.000453257584013, 0.000803703151178, -0.00165830540936, 0.00115119642578, 0.00104661379009, 0.000192112245713, 0.00254465430044, 0.000627571716905, -0.0022720543202], [0.00145765987691, -0.00199550320394, 0.00659679062665, -0.00443533668295, 0.000216904110857, -0.00205596000887, 0.00229346402921, -0.00135561230127, -0.000828698684927, 0.000487339508254, -0.00196147128008, 0.000132317625685, 0.00185741449241], [-0.000543227943126, 0.000203940144274, -0.00443533668295, 0.0164776369929, -0.00690821325406, 0.00182400655467, 0.00228642276488, 0.000177034045919, -0.00123865331989, -0.000256407016423, 0.000278426858131, 0.00245161587372, -0.000866827962454], [0.00117586448323, -0.000453257584013, 0.000216904110857, -0.00690821325406, 0.0185244008899, -0.00902315974236, 0.0013979304349, 0.00375129189342, 0.000284632027615, 0.000194085965632, -0.00086825247854, -0.000393472757423, 0.000899883743841], [-0.000641481950879, 0.000803703151178, -0.00205596000887, 0.00182400655467, -0.00902315974236, 0.0214208457619, -0.00837946683168, -0.00179645000026, 0.0017754965229, -3.09975621349e-05, -0.000690213113558, -0.00365206110291, 0.00235318019986], [0.00118765584193, -0.00165830540936, 0.00229346402921, 0.00228642276488, 0.0013979304349, -0.00837946683168, 0.0166151821613, -0.00870603043586, 0.00350169185549, 0.000709224550519, -0.000132295215735, 0.00268848333508, 0.000505522126332], [-6.45202162559e-05, 0.00115119642578, -0.00135561230127, 0.000177034045919, 0.00375129189342, -0.00179645000026, -0.00870603043586, 0.0194843076169, -0.00864033214748, 0.00382093270309, -0.00222429260612, -0.000832404824905, 0.00246577546932], [4.89465164719e-05, 0.00104661379009, -0.000828698684927, -0.00123865331989, 0.000284632027615, 0.0017754965229, 0.00350169185549, -0.00864033214748, 0.0196366067976, -0.00994699914008, 0.00679831346497, 0.00303983036429, -0.00286131817847], [0.000373445654986, 0.000192112245713, 0.000487339508254, -0.000256407016423, 0.000194085965632, -3.09975621349e-05, 0.000709224550519, 0.00382093270309, -0.00994699914008, 0.0220003463328, -0.00814048200846, 0.00113092176616, -1.08682588689e-05], [-0.000668519118335, 0.00254465430044, -0.00196147128008, 0.000278426858131, -0.00086825247854, -0.000690213113558, -0.000132295215735, -0.00222429260612, 0.00679831346497, -0.00814048200846, 0.025013262406, -0.00863742828369, 0.002016115468], [1.46653883348e-06, 0.000627571716905, 0.000132317625685, 0.00245161587372, -0.000393472757423, -0.00365206110291, 0.00268848333508, -0.000832404824905, 0.00303983036429, 0.00113092176616, -0.00863742828369, 0.0237284116447, -0.0103084938601], [0.000960006727837, -0.0022720543202, 0.00185741449241, -0.000866827962454, 0.000899883743841, 0.00235318019986, 0.000505522126332, 0.00246577546932, -0.00286131817847, -1.08682588689e-05, 0.002016115468, -0.0103084938601, 0.0238796714693]]
    },
    "spectral_contrast_coeffs": {
        "max": [-0.446934491396, -0.463549137115, -0.433763623238, -0.562711894512, -0.627418994904, -0.668862819672],
        "mean": [-0.707841575146, -0.700910925865, -0.697012484074, -0.742684781551, -0.766642868519, -0.75155210495],
        "min": [-0.977378547192, -0.969550132751, -0.959251105785, -0.953769981861, -0.955249190331, -0.9592461586],
        "stdev": [0.0901807770133, 0.101565986872, 0.101047307253, 0.075578995049, 0.0605000667274, 0.0498922392726]
    },
    "spectral_contrast_valleys": {
        "max": [-5.87035655975, -5.03548383713, -5.7802567482, -6.51823568344, -6.99410057068, -10.0012273788],
        "mean": [-8.10475254059, -7.55632257462, -8.08670520782, -8.30245780945, -8.43044185638, -11.7850093842],
        "min": [-26.7947101593, -27.1070308685, -27.2813644409, -27.2708587646, -27.3830604553, -27.2675437927],
        "stdev": [1.44793474674, 1.76127076149, 1.67889380455, 1.58251476288, 1.39335823059, 0.911559939384]
    }
},
"rhythm": {
    "beats_count": 26,
    "beats_loudness": {
        "max": 0.0647571459413,
        "mean": 0.0216578729451,
        "min": 7.49585524318e-06,
        "stdev": 0.0186950843781
    },
    "bpm": 125.497825623,
    "bpm_histogram_first_peak_bpm": 126,
    "bpm_histogram_first_peak_weight": 0.476190507412,
    "bpm_histogram_second_peak_bpm": 120,
    "bpm_histogram_second_peak_spread": 0.25,
    "bpm_histogram_second_peak_weight": 0.119999997318,
    "danceability": 0.849192857742,
    "onset_rate": 1.48910236359,
    "beats_loudness_band_ratio": {
        "max": [0.882275223732, 0.671649873257, 0.874653398991, 0.909752905369, 0.598327875137, 0.107619941235],
        "mean": [0.135849654675, 0.1922057271, 0.296841919422, 0.302283316851, 0.118905000389, 0.0231989230961],
        "min": [0.000866664457135, 0.00767976371571, 0.0192738603801, 0.00838267244399, 0.0110182305798, 0.00286198826507],
        "stdev": [0.248911008239, 0.194573551416, 0.232452496886, 0.271473824978, 0.121329024434, 0.0254171043634]
    },
    "beats_position": [0.46439909935, 0.940408170223, 1.4164172411, 1.89242625237, 2.36843538284, 2.8444442749, 3.32045340538, 3.78485250473, 4.2492518425, 4.71365070343, 5.18965959549, 5.66566896439, 6.15328788757, 6.65251684189, 7.14013576508, 7.6277551651, 8.10376358032, 8.57977294922, 9.05578231812, 9.54340076447, 10.0542402267, 10.5534696579, 11.0526981354, 11.5403175354, 12.0279359818, 12.5155553818],
