{
"metadata": {
    "version": {
        "essentia": "2.1-beta5",
        "essentia_git_sha": "Undefined",
        "extractor": "music 2.0"
    },
    "audio_properties": {
        "analysis": {
            "equal_loudness": 0,
            "length": 29.0365524292,
            "sample_rate": 44100,
            "start_time": 207.737319946,
            "downmix": "mix"
        },
        "bit_rate": 192000,
        "length": 236.797103882,
        "lossless": 0,
        "number_channels": 2,
        "replay_gain": -8.03964424133,
        "sample_rate": 44100,
        "codec": "mp3",
        "md5_encoded": "aa2c961a14da04e75fdf17bb3b0fc9fa"
    },
    "tags": {
        "file_name": "Sweden_Absent Friend_Ingvar Wixell.mp3",
        "encoding": ["Lavf58.29.100"]
    }
},
"lowlevel": {
    "average_loudness": 0.876822054386,
    "barkbands_crest": {
        "max": 25.7067584991,
        "mean": 11.676779747,
        "min": 3.0402765274,
        "stdev": 5.47711753845
    },
    "barkbands_flatness_db": {
        "max": 0.36351197958,
        "mean": 0.217148974538,
        "min": 0.0619468055665,
        "stdev": 0.0691313967109
    },
    "barkbands_kurtosis": {
        "max": 65.8892593384,
        "mean": 2.07901239395,
        "min": -1.87348031998,
        "stdev": 5.0912861824
    },
    "barkbands_skewness": {
        "max": 5.66936826706,
        "mean": 0.562075376511,
        "min": -4.28058242798,
        "stdev": 1.33369040489
    },
    "barkbands_spread": {
        "max": 50.7652549744,
        "mean": 15.3603410721,
        "min": 1.13398826122,
        "stdev": 9.11948204041
    },
    "dissonance": {
        "max": 0.499998092651,
        "mean": 0.44028070569,
        "min": 0.151769816875,
        "stdev": 0.0602840892971
    },
    "dynamic_complexity": 5.01559305191,
    "erbbands_crest": {
        "max": 29.506816864,
        "mean": 12.1670799255,
        "min": 3.86824083328,
        "stdev": 5.02616405487
    },
    "erbbands_flatness_db": {
        "max": 0.417505711317,
        "mean": 0.279193639755,
        "min": 0.0958127751946,
        "stdev": 0.0674622803926
    },
    "erbbands_kurtosis": {
        "max": 32.9670982361,
        "mean": 0.917669415474,
        "min": -1.84796118736,
        "stdev": 2.90883350372
    },
    "erbbands_skewness": {
        "max": 3.90364789963,
        "mean": -0.0500136874616,
        "min": -4.28474664688,
        "stdev": 1.03118062019
    },
    "erbbands_spread": {
        "max": 65.9835281372,
        "mean": 19.8437709808,
        "min": 2.34219670296,
        "stdev": 11.261464119
    },
    "hfc": {
        "max": 101.734588623,
        "mean": 18.5729446411,
        "min": 0.0507267601788,
        "stdev": 19.2746887207
    },
    "loudness_ebu128": {
        "integrated": -16.650062561,
        "loudness_range": 7.02387142181,
        "momentary": {
            "max": -11.8519496918,
            "mean": -18.7162761688,
            "min": -38.2022399902,
            "stdev": 4.87968826294
        },
        "short_term": {
            "max": -13.3530330658,
            "mean": -17.5623168945,
            "min": -23.9896755219,
            "stdev": 2.4521522522
        }
    },
    "melbands_crest": {
        "max": 30.8550186157,
        "mean": 14.4042282104,
        "min": 3.32945466042,
        "stdev": 6.02087163925
    },
    "melbands_flatness_db": {
        "max": 0.413590162992,
        "mean": 0.253920227289,
        "min": 0.0905823037028,
        "stdev": 0.0732771083713
    },
    "melbands_kurtosis": {
        "max": 78.8448867798,
        "mean": 4.66893148422,
        "min": -1.89388751984,
        "stdev": 9.3537979126
    },
    "melbands_skewness": {
        "max": 8.2881937027,
        "mean": 1.25521612167,
        "min": -2.21840882301,
        "stdev": 1.50595414639
    },
    "melbands_spread": {
        "max": 110.411636353,
        "mean": 26.6283187866,
        "min": 1.42459082603,
        "stdev": 19.0554485321
    },
    "pitch_salience": {
        "max": 0.909855604172,
        "mean": 0.574350774288,
        "min": 0.126256793737,
        "stdev": 0.176971793175
    },
    "silence_rate_20dB": {
        "max": 1,
        "mean": 1,
        "min": 1,
        "stdev": 0
    },
    "silence_rate_30dB": {
        "max": 1,
        "mean": 1,
        "min": 1,
        "stdev": 0
    },
    "silence_rate_60dB": {
        "max": 1,
        "mean": 0.22923322022,
        "min": 0,
        "stdev": 0.420340240002
    },
    "spectral_centroid": {
        "max": 3198.93286133,
        "mean": 1400.64526367,
        "min": 343.320861816,
        "stdev": 590.323669434
    },
    "spectral_complexity": {
        "max": 36,
        "mean": 10.6190099716,
        "min": 0,
        "stdev": 7.80110120773
    },
    "spectral_decrease": {
        "max": -1.14111367924e-11,
        "mean": -4.23818580231e-09,
        "min": -1.5799427544e-08,
        "stdev": 3.5390703701e-09
    },
    "spectral_energy": {
        "max": 0.0642505139112,
        "mean": 0.017680503428,
        "min": 4.76692985103e-05,
        "stdev": 0.0147517528385
    },
    "spectral_energyband_high": {
        "max": 0.000115536764497,
        "mean": 1.04296923382e-05,
        "min": 1.83326869774e-06,
        "stdev": 9.32867260417e-06
    },
    "spectral_energyband_low": {
        "max": 0.035818118602,
        "mean": 0.0009330760804,
        "min": 6.97715859133e-06,
        "stdev": 0.0025023650378
    },
    "spectral_energyband_middle_high": {
        "max": 0.0478946082294,
        "mean": 0.0070245587267,
        "min": 1.01532205008e-05,
        "stdev": 0.00781112117693
    },
    "spectral_energyband_middle_low": {
        "max": 0.0518566742539,
        "mean": 0.00990264117718,
        "min": 3.87597810914e-06,
        "stdev": 0.0108251860365
    },
    "spectral_entropy": {
        "max": 8.38457584381,
        "mean": 6.83655929565,
        "min": 5.59316253662,
        "stdev": 0.619467556477
    },
    "spectral_flux": {
        "max": 0.253099411726,
        "mean": 0.0732302889228,
        "min": 0.00485472986475,
        "stdev": 0.053665086627
    },
    "spectral_kurtosis": {
        "max": 70.7456665039,
        "mean": 16.7789440155,
        "min": 2.21384000778,
        "stdev": 10.2812519073
    },
    "spectral_rms": {
        "max": 0.00791728682816,
        "mean": 0.00362609676085,
        "min": 0.00021565395582,
        "stdev": 0.00202502333559
    },
    "spectral_rolloff": {
        "max": 3509.91210938,
        "mean": 1691.39038086,
        "min": 129.19921875,
        "stdev": 775.545715332
    },
    "spectral_skewness": {
        "max": 6.44591712952,
        "mean": 2.52092909813,
        "min": 0.707008779049,
        "stdev": 0.795712411404
    },
    "spectral_spread": {
        "max": 26871950,
        "mean": 2275951.75,
        "min": 1080386.25,
        "stdev": 1111851.5
    },
    "spectral_strongpeak": {
        "max": 13.2629308701,
        "mean": 1.60791611671,
        "min": 0,
        "stdev": 1.7407156229
    },
    "zerocrossingrate": {
        "max": 0.1259765625,
        "mean": 0.0558750517666,
        "min": 0.0087890625,
        "stdev": 0.0227350257337
    },
    "barkbands": {
        "max": [0.000840926310048, 0.0146222896874, 0.0309793483466, 0.00431685103104, 0.0145412627608, 0.0404420308769, 0.0398412421346, 0.0340369865298, 0.0496247112751, 0.0433935336769, 0.0144347911701, 0.00777372345328, 0.0248999800533, 0.00980431959033, 0.0163275934756, 0.0106134023517, 0.0293059870601, 0.0220840759575, 0.00120699265972, 0.000110778746603, 3.01138152281e-05, 1.61645948538e-05, 1.31187971419e-05, 1.3455147382e-05, 1.19278602142e-05, 1.16200653792e-05, 1.2479003999e-05],
        "mean": [1.48886228999e-05, 0.000353975279722, 0.000518111162819, 0.000108619904495, 0.000494966749102, 0.00295389513485, 0.00052410014905, 0.00110772484913, 0.00442153448239, 0.000795676722191, 0.00080355850514, 0.000379473814974, 0.000730232161004, 0.000422274199082, 0.000550750177354, 0.000667830114253, 0.00195055874065, 0.000821832276415, 4.52684726042e-05, 8.19193064672e-06, 3.22138453157e-06, 1.15035174986e-06, 8.22101469566e-07, 9.35203217978e-07, 6.24763913493e-07, 2.87432698087e-07, 1.16863549948e-08],
        "min": [3.10950021287e-08, 9.18711634768e-07, 9.34014536824e-08, 1.62169271789e-07, 3.5844036006e-07, 1.5211712423e-07, 1.49578326614e-07, 3.0529733408e-07, 2.52491759056e-07, 1.40717702379e-07, 5.95083747612e-07, 3.5047247593e-07, 8.28979580092e-07, 4.24201971327e-07, 4.74019401508e-07, 7.78319815709e-07, 5.23522544427e-07, 3.42308169365e-07, 3.38480731443e-07, 3.12441613914e-07, 2.0512148069e-07, 1.74187135826e-07, 1.44172005889e-07, 2.66596714482e-07, 1.88024515069e-07, 8.05721924735e-08, 1.85310499584e-11],
        "stdev": [5.00829228258e-05, 0.00105607428122, 0.00159134785645, 0.000278059684206, 0.00133252900559, 0.00570732215419, 0.00228886841796, 0.0038360285107, 0.00834694039077, 0.00295902159996, 0.00135706644505, 0.00087835121667, 0.00183555134572, 0.000943743158132, 0.00131027796306, 0.00121348188259, 0.00403274036944, 0.00217337906361, 9.9215983937e-05, 1.16876981338e-05, 3.6847325191e-06, 9.29363295654e-07, 5.65756295146e-07, 5.59963439173e-07, 3.88789658246e-07, 3.40322458214e-07, 3.53621771865e-07]
    },
    "erbbands": {
        "max": [0.116925388575, 4.44886875153, 25.2255191803, 29.9110374451, 14.6517419815, 69.0771331787, 241.695388794, 447.05355835, 711.339904785, 654.991638184, 1002.11248779, 1515.68591309, 1355.63879395, 1060.15393066, 482.670654297, 299.393707275, 1330.71435547, 513.029907227, 607.000305176, 722.802978516, 676.208740234, 1712.4375, 1298.18652344, 216.156524658, 20.8593082428, 5.08367586136, 2.05421590805, 0.828454136848, 0.587189137936, 0.473408579826, 0.356375336647, 0.311607301235, 0.204861953855, 0.140256658196, 0.0822519734502, 0.0454783327878, 0.02158052288, 0.00771493231878, 0.00177313073073, 0.000192521503777],
        "mean": [0.00425340188667, 0.103414639831, 0.551814556122, 0.482912540436, 0.618161201477, 1.64197361469, 14.9958610535, 23.1465320587, 9.45843410492, 11.9833126068, 35.4641609192, 113.068389893, 41.8560066223, 24.8926467896, 31.2175426483, 17.9864521027, 36.3791885376, 21.8335666656, 24.2713680267, 31.5925579071, 53.3915672302, 99.9798660278, 59.3508682251, 11.8771905899, 1.52656447887, 0.4439240098, 0.188192144036, 0.0947171077132, 0.0446796268225, 0.0295072067529, 0.0236939527094, 0.0255056228489, 0.0113396830857, 0.00701163010672, 0.00449652271345, 0.00214037136175, 0.000332072580932, 1.79205817403e-05, 1.2010287719e-05, 2.16949101741e-05],
        "min": [2.56566218013e-05, 0.000325796543621, 0.000441914482508, 0.000604733184446, 0.000667437736411, 0.00108537613414, 0.00156380981207, 0.00158245267812, 0.00169914728031, 0.00480176601559, 0.00632627913728, 0.0076086553745, 0.0105473138392, 0.0158986374736, 0.0260646324605, 0.0203176420182, 0.0454479604959, 0.0384376384318, 0.020573541522, 0.0504355207086, 0.0486977212131, 0.0357657931745, 0.0351834148169, 0.0242163054645, 0.0155464699492, 0.0174923166633, 0.0106736058369, 0.00835495162755, 0.00680462177843, 0.00617989432067, 0.00501377275214, 0.00632415805012, 0.00299263233319, 0.00226918631233, 0.00146858219523, 0.000706208404154, 6.00983912591e-05, 1.38402231187e-06, 1.40199546195e-07, 7.59069322953e-08],
        "stdev": [0.00746464217082, 0.320612668991, 1.66483902931, 1.46812152863, 1.55197048187, 4.08513593674, 29.6805152893, 47.5132446289, 38.6339569092, 40.7530136108, 89.5255889893, 217.991043091, 110.907157898, 65.2108154297, 48.5325698853, 35.4335403442, 97.1208343506, 45.8442993164, 54.8255348206, 61.3114738464, 93.761177063, 203.346847534, 153.055953979, 23.1565990448, 2.10003733635, 0.553180336952, 0.231636568904, 0.110770277679, 0.0369846969843, 0.0207467395812, 0.0159913748503, 0.0153813930228, 0.00723431725055, 0.00461317272857, 0.00272639351897, 0.00145057495683, 0.000627202563919, 0.000218389031943, 5.06911819684e-05, 1.86987053894e-05]
    },
    "gfcc": {
        "mean": [-108.642410278, 122.606040955, -167.501663208, -0.667972147465, -37.1591339111, 3.448523283, -45.5845603943, 20.5657596588, -14.3970804214, -8.09479236603, -8.75873470306, 1.64811456203, -0.99386048317],
        "cov": [[3174.74462891, 1018.91607666, -643.536621094, -691.61932373, 208.236633301, -913.532653809, 112.801933289, -2.89738059044, 178.774124146, -518.148071289, 17.8331623077, -88.0814437866, 68.7878417969], [1018.91607666, 753.480651855, 211.961349487, -289.309631348, -115.275215149, -350.381958008, -66.1971817017, -132.413421631, 22.6033401489, -150.06362915, 31.382610321, -74.8968429565, -8.00391387939], [-643.536621094, 211.961349487, 987.113220215, 459.005859375, -249.027160645, 22.6173191071, -286.375183105, -265.994171143, -154.128341675, 163.113922119, 97.7615127563, 81.0761489868, 62.9527702332], [-691.61932373, -289.309631348, 459.005859375, 808.726135254, 170.975402832, 185.019577026, -160.992050171, -81.2236480713, -142.162979126, 154.424331665, 51.9723091125, 123.666465759, 80.5947799683], [208.236633301, -115.275215149, -249.027160645, 170.975402832, 340.017669678, 137.059875488, 96.2526016235, 74.515411377, 10.2568845749, -33.7099189758, -37.7988395691, -15.776468277, -21.8813266754], [-913.532653809, -350.381958008, 22.6173191071, 185.019577026, 137.059875488, 666.402404785, 153.789855957, -31.5119247437, -92.1331481934, 264.194061279, -10.4013700485, -53.9481964111, -76.5030975342], [112.801933289, -66.1971817017, -286.375183105, -160.992050171, 96.2526016235, 153.789855957, 283.595977783, 170.303512573, 26.8738918304, -78.2840118408, -63.002117157, -64.4100494385, -68.8754959106], [-2.89738059044, -132.413421631, -265.994171143, -81.2236480713, 74.515411377, -31.5119247437, 170.303512573, 289.818237305, 91.8006820679, -166.153747559, -105.3802948, -9.59119701385, -56.9735412598], [178.774124146, 22.6033401489, -154.128341675, -142.162979126, 10.2568845749, -92.1331481934, 26.8738918304, 91.8006820679, 110.268035889, -56.232208252, -40.5147743225, -20.2986984253, -9.88152694702], [-518.148071289, -150.06362915, 163.113922119, 154.424331665, -33.7099189758, 264.194061279, -78.2840118408, -166.153747559, -56.232208252, 302.362243652, 96.6084442139, -1.37730157375, 17.9367237091], [17.8331623077, 31.382610321, 97.7615127563, 51.9723091125, -37.7988395691, -10.4013700485, -63.002117157, -105.3802948, -40.5147743225, 96.6084442139, 111.189086914, 36.6610565186, 36.6333351135], [-88.0814437866, -74.8968429565, 81.0761489868, 123.666465759, -15.776468277, -53.9481964111, -64.4100494385, -9.59119701385, -20.2986984253, -1.37730157375, 36.6610565186, 96.8674545288, 62.8009796143], [68.7878417969, -8.00391387939, 62.9527702332, 80.5947799683, -21.8813266754, -76.5030975342, -68.8754959106, -56.9735412598, -9.88152694702, 17.9367237091, 36.6333351135, 62.8009796143, 111.589294434]],
        "icov": [[0.004269907251, -0.00385744310915, 0.00183231965639, 0.000518806045875, -0.00488174427301, 0.00587350223213, -0.00576937105507, 0.005231176503, -0.0010388555238, -0.000220906513277, -0.000142602730193, -0.00143696379382, -0.00133882882074], [-0.00385744310915, 0.0107088489458, -0.00759999267757, 0.00483800424263, -0.00168266170658, -0.00135342415888, 0.00336026400328, -0.00244115456007, 0.00123700103723, 0.00200262200087, -0.00280014472082, 0.00714167905971, 0.000196761102416], [0.00183231965639, -0.00759999267757, 0.0108906719834, -0.00961598567665, 0.00990336202085, -0.0033514846582, -0.000378437835025, 0.00536566693336, -0.00505815539509, 0.0044115963392, -0.000637409801129, -0.0031367552001, 0.00209424062632], [0.000518806045875, 0.00483800424263, -0.00961598567665, 0.014057806693, -0.0154384095222, 0.00676223961636, 0.000930682290345, -0.00677140895277, 0.0117280473933, -0.00835000537336, 0.00304395169951, -0.000505414383952, -0.00430932827294], [-0.00488174427301, -0.00168266170658, 0.00990336202085, -0.0154384095222, 0.0260919183493, -0.0161952320486, 0.00712091568857, 0.000924217049032, -0.0110497418791, 0.0119191911072, -0.00465256208554, 0.00233716820367, 0.00464994180948], [0.00587350223213, -0.00135342415888, -0.0033514846582, 0.00676223961636, -0.0161952320486, 0.0210887063295, -0.0158544369042, 0.00711445882916, 0.00720720225945, -0.0147484568879, 0.0103627350181, -0.00567576754838, 0.00121908646543], [-0.00576937105507, 0.00336026400328, -0.000378437835025, 0.000930682290345, 0.00712091568857, -0.0158544369042, 0.0249333791435, -0.0186459124088, 0.00684063648805, 0.00652537681162, -0.00811472069472, 0.0108207110316, -0.00413372740149], [0.005231176503, -0.00244115456007, 0.00536566693336, -0.00677140895277, 0.000924217049032, 0.00711445882916, -0.0186459124088, 0.0308206956834, -0.0195706728846, 0.00920360069722, 0.00288406689651, -0.00881753489375, 0.0085529871285], [-0.0010388555238, 0.00123700103723, -0.00505815539509, 0.0117280473933, -0.0110497418791, 0.00720720225945, 0.00684063648805, -0.0195706728846, 0.0348508059978, -0.017459416762, 0.0105337835848, 0.00109975843225, -0.00606788182631], [-0.000220906513277, 0.00200262200087, 0.0044115963392, -0.00835000537336, 0.0119191911072, -0.0147484568879, 0.00652537681162, 0.00920360069722, -0.017459416762, 0.0309213642031, -0.0225351415575, 0.0140689304098, -0.00226172641851], [-0.000142602730193, -0.00280014472082, -0.000637409801129, 0.00304395169951, -0.00465256208554, 0.0103627350181, -0.00811472069472, 0.00288406689651, 0.0105337835848, -0.0225351415575, 0.0348908901215, -0.0205400045961, 0.0053647053428], [-0.00143696379382, 0.00714167905971, -0.0031367552001, -0.000505414383952, 0.00233716820367, -0.00567576754838, 0.0108207110316, -0.00881753489375, 0.00109975843225, 0.0140689304098, -0.0205400045961, 0.0395355820656, -0.0153944632038], [-0.00133882882074, 0.000196761102416, 0.00209424062632, -0.00430932827294, 0.00464994180948, 0.00121908646543, -0.00413372740149, 0.0085529871285, -0.00606788182631, -0.00226172641851, 0.0053647053428, -0.0153944632038, 0.0220236331224]]
    },
    "melbands": {
        "max": [0.00224195979536, 0.00900134444237, 0.00437872717157, 0.00263453018852, 0.00665317708626, 0.00911379605532, 0.0091480370611, 0.00637799687684, 0.00867504905909, 0.00952622387558, 0.00712959468365, 0.00474053202197, 0.00205517024733, 0.000910340924747, 0.00196604500525, 0.00188400235493, 0.00116763729602, 0.00100789405406, 0.00184895272832, 0.00059519871138, 0.00106821104418, 0.00151158345398, 0.00195575715043, 0.000737471040338, 0.000119697178889, 2.33956907323e-05, 1.0550146726e-05, 3.03879050989e-06, 1.54758652116e-06, 7.2162390552e-07, 5.0053756695e-07, 3.48468546463e-07, 2.82489679648e-07, 2.54678241163e-07, 2.02968749363e-07, 1.99395728373e-07, 1.8637054211e-07, 1.46405298551e-07, 1.21935215702e-07, 1.18611190203e-07],
        "mean": [6.58490098431e-05, 0.000233979983022, 9.00289742276e-05, 6.62223610561e-05, 0.00044270241051, 0.000531501602381, 0.00012723171676, 0.000157910195412, 0.000348703877535, 0.000710342312232, 0.000187997269677, 9.57876181928e-05, 0.000112571644422, 4.97395303682e-05, 6.61297599436e-05, 6.66597625241e-05, 3.78771037504e-05, 3.65737978427e-05, 4.53809989267e-05, 3.40050355589e-05, 7.43978089304e-05, 0.000108994339826, 8.35604660097e-05, 3.55288830178e-05, 6.24123276793e-06, 1.06581615e-06, 4.9942110536e-07, 2.27130200869e-07, 1.23693268961e-07, 7.70967147901e-08, 4.52945307927e-08, 2.55676386729e-08, 1.89380067184e-08, 1.5032995293e-08, 1.32425883592e-08, 1.45841037025e-08, 1.51077443888e-08, 7.88601628443e-09, 6.31230800963e-09, 5.73372505031e-09],
        "min": [3.06388130866e-07, 3.88772519955e-07, 1.14679622243e-07, 8.70323120239e-08, 5.44282876547e-08, 3.4338572874e-08, 3.06665839389e-08, 4.84936748535e-08, 5.08012512057e-08, 4.16723899832e-08, 5.10038518087e-08, 5.98985963052e-08, 1.0086634461e-07, 3.84588965119e-08, 4.94447043309e-08, 9.78350769287e-08, 5.53500818512e-08, 2.74563607405e-08, 4.30705000554e-08, 5.08108293218e-08, 5.05161885656e-08, 3.18242818764e-08, 4.32008739892e-08, 1.32352777626e-08, 1.73226322175e-08, 1.18625615997e-08, 7.00443747448e-09, 9.15801212642e-09, 5.85796833263e-09, 4.8798964869e-09, 3.69960506674e-09, 3.92853705122e-09, 3.17719006659e-09, 2.2442880887e-09, 2.21054374805e-09, 3.89317156291e-09, 3.46062201118e-09, 1.60861834964e-09, 1.99092009545e-09, 1.22505938727e-09],
        "stdev": [0.000165322693647, 0.000683831691276, 0.000230319521506, 0.000153355227667, 0.000849087315146, 0.00105426786467, 0.000523795781191, 0.000546991126612, 0.000772707222495, 0.00142119533848, 0.00055450364016, 0.000288173730951, 0.00018174595607, 9.89789405139e-05, 0.00015041246661, 0.000158094859216, 8.74409670359e-05, 8.70181174832e-05, 0.000120268188766, 5.72995559196e-05, 0.000149125684402, 0.000210285230423, 0.000250846234849, 8.55917314766e-05, 1.22545288832e-05, 1.7565185999e-06, 8.87912960934e-07, 3.15025147302e-07, 1.69587508481e-07, 9.00568437601e-08, 5.78156154063e-08, 2.26131859904e-08, 1.39660052412e-08, 1.10001172615e-08, 9.41945277333e-09, 9.40208444433e-09, 9.44073885734e-09, 5.30567767498e-09, 4.20271817347e-09, 3.94994170705e-09]
    },
    "melbands128": {
        "max": [0.000211364851566, 0.000640228623524, 0.00214071199298, 0.00979124102741, 0.0135290212929, 0.016285745427, 0.00684634875506, 0.00223569548689, 0.00199370551854, 0.0021352735348, 0.00502020772547, 0.00680579943582, 0.0085228914395, 0.0192338339984, 0.0122261485085, 0.0177596639842, 0.0180799681693, 0.00975936464965, 0.00820193439722, 0.0113468682393, 0.0115238577127, 0.0117918020114, 0.0172219071537, 0.0100023495033, 0.0161171369255, 0.0193211641163, 0.0102313272655, 0.0109203215688, 0.0109480340034, 0.00997301470488, 0.00637055840343, 0.00446419557557, 0.00337047083303, 0.00183913204819, 0.00156841566786, 0.0011223431211, 0.00114749674685, 0.00156183133367, 0.00518009765074, 0.00518620526418, 0.00122234493028, 0.00149182463065, 0.00133910391014, 0.00206572632305, 0.00144313229248, 0.0015637568431, 0.00120713433716, 0.00338829983957, 0.00168730295263, 0.000766310084146, 0.000627662055194, 0.00102957536001, 0.00175417819992, 0.00210186839104, 0.00245857634582, 0.0021244562231, 0.00526584358886, 0.00481148669496, 0.00368706439622, 0.00165976048447, 0.00148259743582, 0.000828195537906, 0.000134380592499, 0.000189808721188, 5.19609748153e-05, 2.59587741311e-05, 3.15269171551e-05, 2.58208547166e-05, 9.55491759669e-06, 5.94154835198e-06, 4.00819271817e-06, 2.57675947068e-06, 1.97324447981e-06, 1.97495205612e-06, 1.42884869092e-06, 1.20089680422e-06, 8.52824200592e-07, 1.08722088044e-06, 6.77625962453e-07, 5.03185503931e-07, 3.85777326528e-07, 3.15431037734e-07, 3.18618191386e-07, 2.63535412159e-07, 2.84276040929e-07, 2.55826762441e-07, 2.52708019843e-07, 2.34009277733e-07, 1.93049658037e-07, 1.90012670487e-07, 1.89947783724e-07, 2.09242386973e-07, 1.9543394103e-07, 2.00550744012e-07, 1.70083424678e-07, 1.52802087428e-07, 1.42519965607e-07, 1.34832490062e-07, 1.21385795637e-07, 1.15579048554e-07, 1.19488007044e-07, 1.20911721524e-07, 1.15971047876e-07, 9.91057831357e-08, 8.56296082929e-08, 8.73652368227e-08, 8.63563585085e-08, 8.37516154206e-08, 7.39413792417e-08, 7.62585301572e-08, 7.73684973865e-08, 6.96743285289e-08, 6.83667309431e-08, 6.61266668089e-08, 6.38840162992e-08, 6.18328499513e-08, 6.00077214585e-08, 5.82580703679e-08, 5.66658613366e-08, 5.5208520422e-08, 5.39091438156e-08, 5.2772517023e-08, 5.17675502465e-08, 5.09049371544e-08, 5.01286443466e-08, 4.95593823757e-08, 4.91066352026e-08, 4.88707350144e-08],
        "mean": [6.96958659319e-06, 2.18973091251e-05, 5.76849961362e-05, 0.000207920165849, 0.000297476130072, 0.000237017986365, 9.39179008128e-05, 5.4477914091e-05, 6.50971924188e-05, 4.83467338199e-05, 6.43213352305e-05, 0.000161651551025, 0.000396589544835, 0.00103376759216, 0.000627895875368, 0.000218799032154, 0.000170968822204, 0.000111195760837, 7.01622775523e-05, 0.00010270842904, 0.000224269402679, 0.000265700975433, 0.000222256130655, 0.000593867560383, 0.00089729775209, 0.000814768543933, 0.000214261934161, 0.000142396180308, 0.000110982575279, 9.56731892074e-05, 8.24634335004e-05, 0.000106783074443, 0.000140058458783, 0.00010421112529, 4.73484215036e-05, 3.87705476896e-05, 3.94964590669e-05, 4.31916050729e-05, 0.000103132340882, 0.000108443033241, 3.84847226087e-05, 4.33852583228e-05, 3.58412071364e-05, 3.82637554139e-05, 3.63313338312e-05, 3.46566739609e-05, 3.87896252505e-05, 4.56040106656e-05, 4.62469397462e-05, 4.79677219118e-05, 2.85003861791e-05, 2.42808728217e-05, 4.61570489279e-05, 0.000103724421933, 0.000127318693558, 9.88387982943e-05, 9.91800989141e-05, 0.000122769182781, 6.14384116489e-05, 4.43751232524e-05, 4.25126381742e-05, 2.32246802625e-05, 6.78949254507e-06, 2.82342580249e-06, 1.2362288544e-06, 1.00727720564e-06, 1.04298896986e-06, 6.10441134086e-07, 3.77502942683e-07, 3.13381548267e-07, 2.57830947703e-07, 1.56463059398e-07, 1.45919145211e-07, 1.2271380001e-07, 9.16391087458e-08, 8.39353972992e-08, 6.823591292e-08, 5.64335955744e-08, 4.35896083673e-08, 3.3191515314e-08, 2.62737351875e-08, 2.31371348747e-08, 2.06689492188e-08, 1.88129387624e-08, 1.73092793432e-08, 1.57884727514e-08, 1.41934721754e-08, 1.35017161895e-08, 1.31127935177e-08, 1.32490347582e-08, 1.26656027888e-08, 1.21984582435e-08, 2.24813963001e-08, 1.73408842841e-08, 9.77617897746e-09, 8.42842773352e-09, 7.54442019968e-09, 6.94944413127e-09, 6.38704422684e-09, 5.93352655898e-09, 5.80217829338e-09, 5.72289859946e-09, 5.63344126903e-09, 5.47353984359e-09, 5.06249531185e-09, 4.92573581923e-09, 4.42242775733e-09, 4.14659062642e-09, 3.77673758933e-09, 3.49752915518e-09, 2.80437895128e-09, 1.19453991143e-09, 6.20667850448e-10, 1.58792812233e-10, 6.25790322339e-11, 5.78312848998e-11, 5.6174769697e-11, 5.45512419958e-11, 5.30664123755e-11, 5.17037211656e-11, 5.04954134062e-11, 4.94223689751e-11, 4.84843380721e-11, 4.76616975054e-11, 4.69537325687e-11, 4.64220779872e-11, 4.59959188792e-11, 4.57786100694e-11],
        "min": [6.84113787841e-09, 6.09243144822e-08, 1.91317951703e-07, 2.91248028361e-07, 1.93990814523e-07, 4.8750777637e-08, 9.96882931759e-08, 9.53595673536e-08, 4.59829365695e-08, 2.20104485749e-08, 8.4559008684e-09, 1.67110840721e-08, 1.85568111988e-08, 2.35345645194e-08, 2.77760214829e-08, 1.63671405318e-08, 9.99150095993e-09, 8.65574278919e-09, 3.77687658926e-09, 1.69827902852e-08, 3.7092597438e-08, 5.05069408518e-08, 3.71876360816e-08, 2.21732925354e-08, 2.97401108185e-08, 2.50275800084e-08, 1.28171322444e-08, 2.13878426081e-08, 2.8224716786e-08, 1.08607256522e-08, 2.7657360846e-08, 2.31723422672e-08, 6.58732517422e-08, 4.05572571083e-08, 2.58966963429e-08, 8.04918087738e-09, 1.38550877438e-08, 1.797415905e-08, 4.73337209428e-08, 4.32874394107e-08, 3.77433373444e-08, 2.13835669172e-08, 3.08897725176e-08, 1.58669273276e-08, 1.78341501567e-08, 2.07854196077e-08, 2.36355806038e-08, 9.28719501303e-09, 4.33799201005e-08, 2.88300974205e-08, 3.08266052684e-08, 2.22422933405e-08, 3.29777485319e-08, 1.3089229256e-08, 2.06415027293e-08, 2.32787034093e-08, 2.88680741534e-08, 2.76523888232e-08, 2.59318753137e-08, 1.41778206952e-08, 9.29776167169e-09, 1.0744841461e-08, 1.01797823504e-08, 8.28978841128e-09, 8.09278510872e-09, 8.83951578601e-09, 7.31808169618e-09, 4.14774969926e-09, 4.60115945344e-09, 5.33353716747e-09, 6.2182738958e-09, 4.73722927552e-09, 3.06282532669e-09, 1.91949345307e-09, 2.22820562001e-09, 1.32513611195e-09, 2.9818920666e-09, 2.48323606122e-09, 1.96095784055e-09, 2.03261651954e-09, 1.91793336768e-09, 1.6731867003e-09, 2.13977391361e-09, 2.30433871984e-09, 2.20971818621e-09, 1.17069909322e-09, 1.44486544951e-09, 1.55858259632e-09, 1.37075117923e-09, 1.36638356185e-09, 1.21460441704e-09, 1.35098987553e-09, 3.69876773654e-09, 3.25728732875e-09, 1.36319611155e-09, 1.27042154574e-09, 6.60336452185e-10, 1.39429934265e-09, 1.27223165336e-09, 1.17209797423e-09, 1.00650043855e-09, 7.5314221526e-10, 7.33921645679e-10, 1.22811727454e-09, 1.01809594089e-09, 9.6148133899e-10, 7.69099395281e-10, 5.87553672382e-10, 6.66292077067e-10, 7.3394484934e-10, 3.5872357862e-10, 5.7154555394e-11, 7.93355046371e-14, 5.44982692329e-14, 6.02346067447e-14, 5.43016322283e-14, 6.03299826546e-14, 6.59555553619e-14, 5.48123829311e-14, 5.41753294515e-14, 5.24226658177e-14, 7.14118841101e-14, 5.31040834949e-14, 5.34674369124e-14, 5.20429680525e-14, 5.19883073223e-14, 5.21189977298e-14, 5.60674587541e-14],
        "stdev": [1.47641221702e-05, 3.42967941833e-05, 0.000129615786136, 0.000705260667019, 0.000955596216954, 0.000765881559346, 0.000336414494086, 0.000141562632052, 0.000199448870262, 0.000153840956045, 0.000220146059291, 0.000582603912335, 0.000952295085881, 0.00227389787324, 0.00145362294279, 0.00103319948539, 0.00102141068783, 0.000522930407897, 0.000394213653635, 0.000506441225298, 0.000942042563111, 0.00118189549539, 0.00089395447867, 0.00152065453585, 0.0018680638168, 0.0024251525756, 0.000874392280821, 0.000702370598447, 0.000579026760533, 0.000499405141454, 0.000287148926873, 0.000286208814941, 0.000281815271592, 0.000233126396779, 0.00012519012671, 0.000111490327981, 0.000113314701593, 0.000117203839181, 0.000323095708154, 0.000379669800168, 0.000103440703242, 0.000127168939798, 0.00010111573647, 0.000111761051812, 9.97363167698e-05, 0.00010059595661, 0.000108672888018, 0.000186026387382, 0.000134127636557, 8.69586147019e-05, 5.31430159754e-05, 7.36465372029e-05, 0.00013428121747, 0.000295638252283, 0.000353304407327, 0.000271647877526, 0.000369159330148, 0.000486064818688, 0.000249359174632, 0.000127994891955, 0.000136282600579, 6.95206254022e-05, 1.43963115988e-05, 1.23940108097e-05, 2.90038269668e-06, 2.09249560612e-06, 2.59546641246e-06, 1.70132045696e-06, 8.70589190072e-07, 5.59095894914e-07, 4.2056248617e-07, 2.5176856866e-07, 2.36110324181e-07, 1.94762279193e-07, 1.31278653726e-07, 1.17850390779e-07, 9.59646868637e-08, 8.30254265338e-08, 6.35120329662e-08, 4.42607159812e-08, 2.59840984285e-08, 2.0828670344e-08, 1.72324856607e-08, 1.62421009975e-08, 1.43203449099e-08, 1.30809301169e-08, 1.17370717589e-08, 1.14051355027e-08, 1.0328514044e-08, 1.08243272123e-08, 1.00222523614e-08, 9.9453529856e-09, 1.40287301775e-08, 1.15606351159e-08, 8.09703504245e-09, 6.39509822875e-09, 5.57740698071e-09, 5.14196418777e-09, 4.71965577731e-09, 4.3334971167e-09, 4.4142058897e-09, 4.39756853154e-09, 4.18739665164e-09, 3.77608788682e-09, 3.33913496853e-09, 3.31041549728e-09, 3.13204395752e-09, 2.97631230772e-09, 2.70693534254e-09, 2.68778754808e-09, 2.52183762761e-09, 2.19759521691e-09, 2.0646404586e-09, 1.87694948472e-09, 1.81047965508e-09, 1.75187875318e-09, 1.70039315961e-09, 1.65087410409e-09, 1.60575908126e-09, 1.5644595619e-09, 1.52764922934e-09, 1.49540491101e-09, 1.46695389169e-09, 1.44249745482e-09, 1.42050338159e-09, 1.40437272922e-09, 1.39154043843e-09, 1.38487610268e-09]
    },
    "mfcc": {
        "mean": [-746.363586426, 161.470703125, -57.1763191223, 1.40595424175, 15.8356742859, -13.3827438354, -9.07855129242, 11.6492500305, 1.20659697056, -2.24226784706, -1.64955675602, 2.57008910179, -5.97454118729],
        "cov": [[3063.75537109, 1141.92260742, -1054.4083252, -59.1073074341, -179.971405029, -583.520446777, -242.722640991, 192.470184326, 96.4579620361, -211.319442749, -31.6264839172, 81.8515777588, -196.641555786], [1141.92260742, 998.286193848, -0.782635807991, -168.095108032, -214.435531616, -338.623413086, -211.764862061, -25.3571872711, -49.8183021545, -112.748573303, -18.5590438843, 23.496717453, -65.8791046143], [-1054.4083252, -0.782635807991, 1264.02844238, 344.565856934, 53.6713485718, 191.980499268, -41.923286438, -327.77230835, -292.741394043, -15.812379837, -121.63319397, -199.712661743, 81.4282836914], [-59.1073074341, -168.095108032, 344.565856934, 564.491027832, 241.907028198, -6.67052316666, -45.5016098022, -20.6122684479, -79.2467498779, -92.6927032471, -98.4746246338, -90.2219085693, -30.8508758545], [-179.971405029, -214.435531616, 53.6713485718, 241.907028198, 273.526947021, 147.753845215, 26.3217048645, -4.98484945297, 1.41187894344, -1.76757621765, -32.6728134155, -12.9283771515, 28.5489330292], [-583.520446777, -338.623413086, 191.980499268, -6.67052316666, 147.753845215, 506.090667725, 261.110473633, -174.409988403, -59.7343482971, 154.407043457, -6.65545368195, -37.5854797363, 147.575439453], [-242.722640991, -211.764862061, -41.923286438, -45.5016098022, 26.3217048645, 261.110473633, 284.069519043, 41.7695655823, 20.7392635345, 107.947090149, 36.9988288879, 5.06747627258, 61.4465179443], [192.470184326, -25.3571872711, -327.77230835, -20.6122684479, -4.98484945297, -174.409988403, 41.7695655823, 359.041595459, 197.941604614, -58.3734436035, 46.2476234436, 88.8731613159, -95.4753265381], [96.4579620361, -49.8183021545, -292.741394043, -79.2467498779, 1.41187894344, -59.7343482971, 20.7392635345, 197.941604614, 198.933044434, 19.1862678528, 27.6404781342, 68.3695526123, -36.0292549133], [-211.319442749, -112.748573303, -15.812379837, -92.6927032471, -1.76757621765, 154.407043457, 107.947090149, -58.3734436035, 19.1862678528, 147.641387939, 45.2848320007, -12.3379554749, 55.6118469238], [-31.6264839172, -18.5590438843, -121.63319397, -98.4746246338, -32.6728134155, -6.65545368195, 36.9988288879, 46.2476234436, 27.6404781342, 45.2848320007, 99.7040023804, 67.6414413452, -14.1788806915], [81.8515777588, 23.496717453, -199.712661743, -90.2219085693, -12.9283771515, -37.5854797363, 5.06747627258, 88.8731613159, 68.3695526123, -12.3379554749, 67.6414413452, 137.112060547, -1.03669381142], [-196.641555786, -65.8791046143, 81.4282836914, -30.8508758545, 28.5489330292, 147.575439453, 61.4465179443, -95.4753265381, -36.0292549133, 55.6118469238, -14.1788806915, -1.03669381142, 120.48576355]],
        "icov": [[0.00351828918792, -0.00472999922931, 0.00527628464624, -0.00518700759858, 0.00402248604223, -0.00369489588775, 0.00227784179151, -0.00124361901544, 0.00205240491778, 1.82844833034e-05, 0.000658008037135, 0.00172724528238, 0.000384769635275], [-0.00472999922931, 0.00809515733272, -0.00745859276503, 0.00812107603997, -0.00599120603874, 0.00718860980123, -0.00419349037111, 0.00289048440754, -0.0025817679707, 0.000173393025761, 0.000607896305155, -0.00339310546406, 6.08819100307e-05], [0.00527628464624, -0.00745859276503, 0.0100449519232, -0.0100003993139, 0.00898624397814, -0.00921634677798, 0.00699742184952, -0.00443364633247, 0.0058171749115, -0.000889861956239, 0.000558221770916, 0.0038553532213, -0.000489833531901], [-0.00518700759858, 0.00812107603997, -0.0100003993139, 0.015637261793, -0.0151345171034, 0.0135659808293, -0.010550301522, 0.00620980607346, -0.00388942006975, 0.00182090804446, 0.00283923815005, -0.00319525785744, 0.0023118541576], [0.00402248604223, -0.00599120603874, 0.00898624397814, -0.0151345171034, 0.0221367869526, -0.0195443071425, 0.016782687977, -0.0117060830817, 0.00677211396396, -0.00287858885713, -0.00124489353038, 0.00241165026091, -0.0025731662754], [-0.00369489588775, 0.00718860980123, -0.00921634677798, 0.0135659808293, -0.0195443071425, 0.0287486985326, -0.0253739934415, 0.0192546062171, -0.0115071050823, 0.00374092999846, 0.0027996643912, -0.00433260342106, 0.000343820574926], [0.00227784179151, -0.00419349037111, 0.00699742184952, -0.010550301522, 0.016782687977, -0.0253739934415, 0.0310135707259, -0.0241900067776, 0.0171179771423, -0.0128117231652, 0.00130642578006, 0.0014154703822, -0.00269053317606], [-0.00124361901544, 0.00289048440754, -0.00443364633247, 0.00620980607346, -0.0117060830817, 0.0192546062171, -0.0241900067776, 0.0301762074232, -0.02523486875, 0.0186934620142, -0.0094492379576, 0.00232839770615, 0.00230985251255], [0.00205240491778, -0.0025817679707, 0.0058171749115, -0.00388942006975, 0.00677211396396, -0.0115071050823, 0.0171179771423, -0.02523486875, 0.034221816808, -0.0241352654994, 0.0194013882428, -0.0104353697971, 0.0043405611068], [1.82844833034e-05, 0.000173393025761, -0.000889861956239, 0.00182090804446, -0.00287858885713, 0.00374092999846, -0.0128117231652, 0.0186934620142, -0.0241352654994, 0.0370731800795, -0.0272839292884, 0.0177369043231, -0.00874779745936], [0.000658008037135, 0.000607896305155, 0.000558221770916, 0.00283923815005, -0.00124489353038, 0.0027996643912, 0.00130642578006, -0.0094492379576, 0.0194013882428, -0.0272839292884, 0.042972959578, -0.0243146568537, 0.0137106692418], [0.00172724528238, -0.00339310546406, 0.0038553532213, -0.00319525785744, 0.00241165026091, -0.00433260342106, 0.0014154703822, 0.00232839770615, -0.0104353697971, 0.0177369043231, -0.0243146568537, 0.0265498831868, -0.0105416970327], [0.000384769635275, 6.08819100307e-05, -0.000489833531901, 0.0023118541576, -0.0025731662754, 0.000343820574926, -0.00269053317606, 0.00230985251255, 0.0043405611068, -0.00874779745936, 0.0137106692418, -0.0105416970327, 0.0201335232705]]
    },
    "spectral_contrast_coeffs": {
        "max": [-0.36163726449, -0.381495893002, -0.43783184886, -0.498987168074, -0.416358470917, -0.733229994774],
        "mean": [-0.705656588078, -0.706143260002, -0.745977163315, -0.770630478859, -0.713360249996, -0.821532905102],
        "min": [-0.927749693394, -0.931261777878, -0.915410876274, -0.908382952213, -0.888144433498, -0.955753147602],
        "stdev": [0.11777933687, 0.12725110352, 0.102451138198, 0.0784793123603, 0.100680105388, 0.0232448615134]
    },
    "spectral_contrast_valleys": {
        "max": [-6.02280855179, -4.84159231186, -5.26601266861, -5.28343677521, -7.12130594254, -9.80896282196],
        "mean": [-8.18176078796, -7.56892251968, -7.86208629608, -7.81513309479, -8.78221130371, -11.8165836334],
        "min": [-9.75053691864, -9.97846031189, -10.0580377579, -9.95819282532, -10.0072460175, -12.357591629],
        "stdev": [0.671149551868, 0.797813415527, 0.861880302429, 0.809471487999, 0.518312990665, 0.207333788276]
    }
},
"rhythm": {
    "beats_count": 45,
    "beats_loudness": {
        "max": 0.0610041469336,
        "mean": 0.0239553898573,
        "min": 0.000133850553539,
        "stdev": 0.0152976652607
    },
    "bpm": 90.4219741821,
    "bpm_histogram_first_peak_bpm": 89,
    "bpm_histogram_first_peak_weight": 0.450000047684,
    "bpm_histogram_second_peak_bpm": 94,
    "bpm_histogram_second_peak_spread": 0,
    "bpm_histogram_second_peak_weight": 0.113636367023,
    "danceability": 1.05725216866,
    "onset_rate": 2.47864222527,
    "beats_loudness_band_ratio": {
        "max": [0.806213140488, 0.922890424728, 0.855147361755, 0.739930868149, 0.723776459694, 0.0492650568485],
        "mean": [0.0760993286967, 0.212144836783, 0.298475176096, 0.189284861088, 0.249878495932, 0.00626372359693],
        "min": [0.000470523460535, 0.00162477314007, 0.00522217620164, 0.00142249953933, 0.00538235157728, 0.000196484746994],
        "stdev": [0.153543353081, 0.297488212585, 0.258866250515, 0.182066977024, 0.202748447657, 0.010981714353]
    },
    "beats_position": [0.626938760281, 1.26548755169, 1.91564619541, 2.56580495834, 3.20435357094, 3.85451245308, 4.53950119019, 5.22448968887, 5.92108821869, 6.6176867485, 7.2910656929, 7.96444416046, 8.60299301147, 9.12544155121, 9.64789104462, 10.1703395844, 10.7043991089, 11.2384576797, 11.7725172043, 12.3181858063, 12.8522443771, 13.3979139328, 13.9435825348, 14.4892511368, 15.0465307236, 15.6038093567, 16.1610889435, 16.8112468719, 17.4614048004, 18.1347846985, 18.8081626892, 19.4815406799, 20.154920578, 20.8050785065, 21.4436283112, 22.0821762085, 22.7555541992, 23.4405441284, 24.1255321503, 24.7873020172, 25.5071201324, 26.2385482788, 26.9699764252, 27.7130146027, 28.4444446564],
