{
"metadata": {
    "version": {
        "essentia": "2.1-beta5",
        "essentia_git_sha": "Undefined",
        "extractor": "music 2.0"
    },
    "audio_properties": {
        "analysis": {
            "equal_loudness": 0,
            "length": 48.7502937317,
            "sample_rate": 44100,
            "start_time": 61.4980506897,
            "downmix": "mix"
        },
        "bit_rate": 192000,
        "length": 243.902404785,
        "lossless": 0,
        "number_channels": 2,
        "replay_gain": -5.71271324158,
        "sample_rate": 44100,
        "codec": "mp3",
        "md5_encoded": "f90881088e989e068715e6e2fecdd157"
    },
    "tags": {
        "file_name": "Austria_Sag Ihr, Ich Lass_ Sie Grüßen_Udo Jürgens.mp3",
        "encoding": ["Lavf58.29.100"]
    }
},
"lowlevel": {
    "average_loudness": 0.952280044556,
    "barkbands_crest": {
        "max": 25.8878765106,
        "mean": 10.4303102493,
        "min": 2.80888319016,
        "stdev": 4.004301548
    },
    "barkbands_flatness_db": {
        "max": 0.385787457228,
        "mean": 0.208929032087,
        "min": 0.0793217122555,
        "stdev": 0.0419748201966
    },
    "barkbands_kurtosis": {
        "max": 68.7840576172,
        "mean": 6.07058286667,
        "min": -1.74352574348,
        "stdev": 7.55057001114
    },
    "barkbands_skewness": {
        "max": 7.42245960236,
        "mean": 1.643050313,
        "min": -3.75642204285,
        "stdev": 1.25910425186
    },
    "barkbands_spread": {
        "max": 35.3564376831,
        "mean": 10.0541181564,
        "min": 0.596875607967,
        "stdev": 5.660405159
    },
    "dissonance": {
        "max": 0.499649405479,
        "mean": 0.437783449888,
        "min": 0.199050575495,
        "stdev": 0.0396281816065
    },
    "dynamic_complexity": 3.25541234016,
    "erbbands_crest": {
        "max": 33.2875900269,
        "mean": 10.5567331314,
        "min": 3.36656332016,
        "stdev": 5.30358457565
    },
    "erbbands_flatness_db": {
        "max": 0.468654990196,
        "mean": 0.223977640271,
        "min": 0.123834855855,
        "stdev": 0.0445752926171
    },
    "erbbands_kurtosis": {
        "max": 60.6969718933,
        "mean": 1.44227790833,
        "min": -1.66093373299,
        "stdev": 4.56181955338
    },
    "erbbands_skewness": {
        "max": 4.69266939163,
        "mean": 0.491374671459,
        "min": -3.96752071381,
        "stdev": 0.938965141773
    },
    "erbbands_spread": {
        "max": 75.5921936035,
        "mean": 23.3388900757,
        "min": 0.586255669594,
        "stdev": 9.65504932404
    },
    "hfc": {
        "max": 136.736114502,
        "mean": 14.8320121765,
        "min": 0.179032072425,
        "stdev": 15.5947465897
    },
    "loudness_ebu128": {
        "integrated": -18.1981735229,
        "loudness_range": 4.44688796997,
        "momentary": {
            "max": -14.0612545013,
            "mean": -19.4043197632,
            "min": -34.3363494873,
            "stdev": 3.66776990891
        },
        "short_term": {
            "max": -16.1358146667,
            "mean": -18.8265457153,
            "min": -27.8063659668,
            "stdev": 2.10841464996
        }
    },
    "melbands_crest": {
        "max": 32.9137611389,
        "mean": 13.2945146561,
        "min": 3.77779078484,
        "stdev": 4.48728322983
    },
    "melbands_flatness_db": {
        "max": 0.434968322515,
        "mean": 0.280957907438,
        "min": 0.134938284755,
        "stdev": 0.0502008162439
    },
    "melbands_kurtosis": {
        "max": 145.477264404,
        "mean": 9.36866092682,
        "min": -1.81141114235,
        "stdev": 9.47043609619
    },
    "melbands_skewness": {
        "max": 9.62457752228,
        "mean": 2.1040365696,
        "min": -3.85190820694,
        "stdev": 1.2492172718
    },
    "melbands_spread": {
        "max": 57.5050163269,
        "mean": 13.0753555298,
        "min": 1.1467872858,
        "stdev": 9.15320396423
    },
    "pitch_salience": {
        "max": 0.90409964323,
        "mean": 0.559102833271,
        "min": 0.15001578629,
        "stdev": 0.104150697589
    },
    "silence_rate_20dB": {
        "max": 1,
        "mean": 1,
        "min": 1,
        "stdev": 0
    },
    "silence_rate_30dB": {
        "max": 1,
        "mean": 0.996192276478,
        "min": 0,
        "stdev": 0.0615879483521
    },
    "silence_rate_60dB": {
        "max": 1,
        "mean": 0.0794859603047,
        "min": 0,
        "stdev": 0.270494282246
    },
    "spectral_centroid": {
        "max": 2128.22412109,
        "mean": 684.475952148,
        "min": 222.433486938,
        "stdev": 330.951507568
    },
    "spectral_complexity": {
        "max": 37,
        "mean": 14.7996196747,
        "min": 0,
        "stdev": 6.37861013412
    },
    "spectral_decrease": {
        "max": -7.70973562769e-11,
        "mean": -7.25315940642e-09,
        "min": -3.54413458581e-08,
        "stdev": 5.18445020248e-09
    },
    "spectral_energy": {
        "max": 0.14616574347,
        "mean": 0.0287203919142,
        "min": 0.000307222275296,
        "stdev": 0.0206196904182
    },
    "spectral_energyband_high": {
        "max": 0.00092640100047,
        "mean": 2.5291383281e-05,
        "min": 4.35336278315e-06,
        "stdev": 5.0738632126e-05
    },
    "spectral_energyband_low": {
        "max": 0.101780347526,
        "mean": 0.00710957683623,
        "min": 1.12757461466e-05,
        "stdev": 0.00953780021518
    },
    "spectral_energyband_middle_high": {
        "max": 0.140729159117,
        "mean": 0.00642949296162,
        "min": 3.00699721265e-05,
        "stdev": 0.0126580204815
    },
    "spectral_energyband_middle_low": {
        "max": 0.0890332311392,
        "mean": 0.0173209328204,
        "min": 0.000239374276134,
        "stdev": 0.014282150194
    },
    "spectral_entropy": {
        "max": 7.94782829285,
        "mean": 6.87939596176,
        "min": 5.30025959015,
        "stdev": 0.369314670563
    },
    "spectral_flux": {
        "max": 0.273828595877,
        "mean": 0.0708278790116,
        "min": 0.00699076708406,
        "stdev": 0.0390102602541
    },
    "spectral_kurtosis": {
        "max": 54.6322746277,
        "mean": 13.3885326385,
        "min": 0.0504243373871,
        "stdev": 6.55051469803
    },
    "spectral_rms": {
        "max": 0.0119415540248,
        "mean": 0.00490700826049,
        "min": 0.000547475123312,
        "stdev": 0.00198522745632
    },
    "spectral_rolloff": {
        "max": 2906.98242188,
        "mean": 788.378479004,
        "min": 129.19921875,
        "stdev": 482.818389893
    },
    "spectral_skewness": {
        "max": 5.72684049606,
        "mean": 2.58972239494,
        "min": 0.581690371037,
        "stdev": 0.653250038624
    },
    "spectral_spread": {
        "max": 17969714,
        "mean": 2637746.5,
        "min": 1198288.875,
        "stdev": 824036.75
    },
    "spectral_strongpeak": {
        "max": 14.0752515793,
        "mean": 1.2494559288,
        "min": 0.010264556855,
        "stdev": 1.81133329868
    },
    "zerocrossingrate": {
        "max": 0.07568359375,
        "mean": 0.0308370180428,
        "min": 0.00634765625,
        "stdev": 0.0129219824448
    },
    "barkbands": {
        "max": [0.00163699500263, 0.0466808192432, 0.0850251764059, 0.0341407135129, 0.042304687202, 0.0688239336014, 0.0796341821551, 0.0274175107479, 0.0336774326861, 0.0881193429232, 0.131680712104, 0.049752254039, 0.02369020693, 0.0136187896132, 0.0301155522466, 0.011166783981, 0.00572268152609, 0.00284110265784, 0.00325131905265, 0.000500276917592, 0.000637096585706, 7.26330545149e-05, 5.13374607181e-06, 5.03350111103e-06, 4.14870737586e-06, 3.27113639287e-06, 3.21272477777e-06],
        "mean": [3.18400161632e-05, 0.00167161109857, 0.00347682158463, 0.00399805791676, 0.00398560753092, 0.00475173955783, 0.00197609188035, 0.00111171288881, 0.00112851243466, 0.00104352203198, 0.00217245146632, 0.000886823050678, 0.000553119985852, 0.000375610339688, 0.000742636097129, 0.000408728403272, 0.000179058290087, 0.000106089981273, 8.31708821352e-05, 2.03205545404e-05, 8.78526770975e-06, 2.52884478869e-06, 1.76358366843e-06, 1.91873846234e-06, 1.30780574636e-06, 5.83886901495e-07, 3.21896331812e-09],
        "min": [2.20550742114e-08, 2.89695822175e-06, 4.02380578635e-07, 2.71020712717e-06, 3.64479710697e-05, 2.74920275842e-05, 3.3939459172e-06, 2.8760243822e-06, 2.25010489885e-06, 1.74445347056e-06, 3.1738763937e-06, 1.93563664652e-06, 1.92273546418e-06, 1.04522621314e-06, 6.8311794621e-07, 1.40357212786e-06, 8.48296053846e-07, 9.98211930892e-07, 6.87759154516e-07, 5.90390698108e-07, 6.2951869495e-07, 5.31707087248e-07, 4.97933172028e-07, 4.77838057122e-07, 4.84858958316e-07, 1.62135719961e-07, 3.35456801226e-11],
        "stdev": [9.30495734792e-05, 0.00391192547977, 0.00698172207922, 0.00478155491874, 0.00467789871618, 0.00657961517572, 0.00486448034644, 0.00245021120645, 0.00272682029754, 0.00430069770664, 0.00878471322358, 0.00280043459497, 0.00142823031638, 0.00084637850523, 0.001834488241, 0.00104215310421, 0.000363700353773, 0.000236680207308, 0.000183153024409, 4.12759218307e-05, 2.9947830626e-05, 3.21308698403e-06, 6.05170498602e-07, 5.67026688714e-07, 3.51702482249e-07, 1.95650457613e-07, 7.3966440084e-08]
    },
    "erbbands": {
        "max": [0.978586733341, 12.0680484772, 77.7686080933, 90.2843551636, 134.544525146, 155.874969482, 257.701873779, 857.701904297, 702.368164062, 1059.55712891, 646.766052246, 897.974060059, 2376.33886719, 4311.17431641, 4900.82861328, 1168.34509277, 1013.59558105, 618.816833496, 723.56628418, 1339.07275391, 590.318786621, 237.216339111, 158.360549927, 191.94152832, 78.61769104, 23.8320999146, 40.6299209595, 13.7879400253, 3.62207007408, 0.421632498503, 0.136467382312, 0.128092736006, 0.0722946450114, 0.054924082011, 0.0258365105838, 0.0139671051875, 0.00562849082053, 0.00197891751304, 0.000464892422315, 0.000172903863131],
        "mean": [0.0277093034238, 0.496830582619, 3.15823125839, 9.67079639435, 14.6509056091, 11.6878128052, 21.8265285492, 43.0363731384, 34.1411514282, 25.3792495728, 23.8078308105, 27.5699310303, 27.5195293427, 70.2095565796, 67.8076934814, 31.2628479004, 24.7834796906, 21.678396225, 28.7225208282, 31.5980224609, 22.3320674896, 9.64479351044, 7.16977882385, 4.97553062439, 2.7789478302, 0.97612452507, 0.552494823933, 0.209448993206, 0.0989958196878, 0.0632988065481, 0.0503856763244, 0.0523686036468, 0.0233813300729, 0.0146707808599, 0.00930746644735, 0.00433817878366, 0.000694497430231, 2.13095972867e-05, 1.51418016685e-05, 3.27089073835e-05],
        "min": [7.59385584388e-05, 0.000535429397132, 0.00174050859641, 0.0134838996455, 0.0387506373227, 0.148553386331, 0.228355675936, 0.237020120025, 0.109883323312, 0.0683782622218, 0.0986477360129, 0.0915941819549, 0.0586710497737, 0.141763165593, 0.0961838141084, 0.0811758637428, 0.101269803941, 0.0895101800561, 0.0520621575415, 0.0603961870074, 0.0595347695053, 0.0452379398048, 0.0532339140773, 0.0424379296601, 0.0289891697466, 0.0319296345115, 0.028660427779, 0.0210700407624, 0.0174897238612, 0.0161755792797, 0.014355619438, 0.013002329506, 0.00657581351697, 0.00552438851446, 0.00318035716191, 0.0013382434845, 0.000150408581248, 3.6843646285e-06, 4.24709298841e-07, 3.92326683141e-07],
        "stdev": [0.0692875310779, 1.0443854332, 6.20040798187, 10.6977481842, 19.3833751678, 13.2600336075, 27.8673439026, 67.7800598145, 61.8295021057, 69.9170379639, 46.576839447, 66.5594711304, 95.4662780762, 297.478424072, 283.413299561, 80.2075805664, 59.9836120605, 44.3955421448, 60.2041397095, 79.1602630615, 54.7084617615, 16.9576644897, 16.013879776, 11.0276374817, 6.10074615479, 1.81670546532, 1.83355259895, 0.613353729248, 0.156157359481, 0.0314077660441, 0.0169663690031, 0.0169747397304, 0.00697938445956, 0.00426788255572, 0.00267436704598, 0.00125229649711, 0.000339045538567, 4.59577495349e-05, 1.45349067679e-05, 2.35563238675e-05]
    },
    "gfcc": {
        "mean": [-54.972530365, 155.989685059, -125.610542297, 9.14352226257, -49.6606369019, 1.78985035419, -49.4539756775, 1.22705066204, -26.7393856049, -7.93034267426, -13.6080255508, -8.55748653412, -4.98123311996],
        "cov": [[1646.61889648, 560.632873535, -590.184204102, -123.908615112, 534.300231934, -208.459457397, 95.0294570923, 32.1780166626, 122.911193848, -75.3584365845, 35.1196632385, -166.763519287, -2.0222234726], [560.632873535, 333.412322998, -37.8970985413, -59.8006248474, 194.544555664, -28.6729984283, 42.0808601379, 8.4226140976, 83.3984451294, -38.46509552, 28.2724227905, -57.9205284119, -3.16895580292], [-590.184204102, -37.8970985413, 696.105651855, 176.648178101, -214.345230103, 83.8710784912, -62.4534683228, -53.5017127991, 19.4410381317, 38.2848396301, -10.589099884, 58.7005271912, -17.6240062714], [-123.908615112, -59.8006248474, 176.648178101, 254.079284668, 24.0218429565, -11.7980537415, -28.5066928864, 20.4606800079, 21.6584320068, 64.4386520386, -11.8745555878, -10.8762226105, -14.1701526642], [534.300231934, 194.544555664, -214.345230103, 24.0218429565, 315.246795654, -1.26613986492, 50.3849411011, 42.6174278259, 64.3266067505, -22.7019443512, 9.61147785187, -55.9331207275, 15.3393592834], [-208.459457397, -28.6729984283, 83.8710784912, -11.7980537415, -1.26613986492, 175.196243286, 102.634712219, 38.067035675, -8.02640342712, -7.63186693192, -1.98171198368, 39.6928062439, 24.1648426056], [95.0294570923, 42.0808601379, -62.4534683228, -28.5066928864, 50.3849411011, 102.634712219, 186.093338013, 69.2687149048, -5.78266429901, -18.5904941559, 8.53916168213, 5.08698034286, 19.0602073669], [32.1780166626, 8.4226140976, -53.5017127991, 20.4606800079, 42.6174278259, 38.067035675, 69.2687149048, 103.43434906, 45.5519638062, 18.8721370697, -0.17124414444, -10.3942737579, -12.6668691635], [122.911193848, 83.3984451294, 19.4410381317, 21.6584320068, 64.3266067505, -8.02640342712, -5.78266429901, 45.5519638062, 105.385063171, 48.1862564087, 5.93625974655, -31.2445983887, -19.0832977295], [-75.3584365845, -38.46509552, 38.2848396301, 64.4386520386, -22.7019443512, -7.63186693192, -18.5904941559, 18.8721370697, 48.1862564087, 100.809646606, 23.7948932648, -7.31144952774, -25.9164676666], [35.1196632385, 28.2724227905, -10.589099884, -11.8745555878, 9.61147785187, -1.98171198368, 8.53916168213, -0.17124414444, 5.93625974655, 23.7948932648, 54.1044120789, 19.2117996216, -5.71975135803], [-166.763519287, -57.9205284119, 58.7005271912, -10.8762226105, -55.9331207275, 39.6928062439, 5.08698034286, -10.3942737579, -31.2445983887, -7.31144952774, 19.2117996216, 69.62109375, 30.176984787], [-2.0222234726, -3.16895580292, -17.6240062714, -14.1701526642, 15.3393592834, 24.1648426056, 19.0602073669, -12.6668691635, -19.0832977295, -25.9164676666, -5.71975135803, 30.176984787, 69.3868331909]],
        "icov": [[0.00719873514026, -0.00847398675978, 0.00328828161582, -9.02507308638e-05, -0.00512688886374, 0.00867972616106, -0.00589051004499, 0.00343203055672, -0.000240918525378, -0.00201703095809, 0.00481442641467, -0.00322166620754, 0.0019731358625], [-0.00847398675978, 0.026101462543, -0.0103440126404, 0.00738448742777, -0.00367423472926, -0.00353178521618, 0.00153699924704, -0.00220856559463, -0.00749163795263, 0.00989963393658, -0.0175506956875, 0.0146618708968, -0.00514347618446], [0.00328828161582, -0.0103440126404, 0.0105493264273, -0.0101970303804, 0.008047234267, -0.00398484431207, -0.000728789309505, 0.00846179947257, -0.00794973131269, 0.00437879376113, 0.00364115950651, -0.0072082746774, 0.00445838551968], [-9.02507308638e-05, 0.00738448742777, -0.0101970303804, 0.0172429922968, -0.0136057091877, 0.0092975338921, -0.00127864768729, -0.00901002809405, 0.0113860378042, -0.0120079768822, 0.00318213622086, 0.00405512144789, -0.00311266165227], [-0.00512688886374, -0.00367423472926, 0.008047234267, -0.0136057091877, 0.0226844232529, -0.016592586413, 0.0071508330293, 0.00316270347685, -0.0101215578616, 0.011122873053, -0.00693229679018, 0.00284008099698, -0.00211087567732], [0.00867972616106, -0.00353178521618, -0.00398484431207, 0.0092975338921, -0.016592586413, 0.0290789995342, -0.0160888899118, -0.000315238256007, 0.00400515645742, -0.00837646611035, 0.0105468034744, -0.0087762773037, 0.0015403983416], [-0.00589051004499, 0.00153699924704, -0.000728789309505, -0.00127864768729, 0.0071508330293, -0.0160888899118, 0.0202971175313, -0.0127962203696, 0.00840254407376, 0.00046891218517, -0.00681508053094, 0.00726791238412, -0.00567350490019], [0.00343203055672, -0.00220856559463, 0.00846179947257, -0.00901002809405, 0.00316270347685, -0.000315238256007, -0.0127962203696, 0.0312009677291, -0.0230701044202, 0.00907590799034, 0.00263373064809, -0.00820199400187, 0.00975916255265], [-0.000240918525378, -0.00749163795263, -0.00794973131269, 0.0113860378042, -0.0101215578616, 0.00400515645742, 0.00840254407376, -0.0230701044202, 0.0439053438604, -0.0280730184168, 0.0117208305746, 0.0025772289373, -0.00428504310548], [-0.00201703095809, 0.00989963393658, 0.00437879376113, -0.0120079768822, 0.011122873053, -0.00837646611035, 0.00046891218517, 0.00907590799034, -0.0280730184168, 0.0390393845737, -0.025908652693, 0.0111167570576, 0.000929708534386], [0.00481442641467, -0.0175506956875, 0.00364115950651, 0.00318213622086, -0.00693229679018, 0.0105468034744, -0.00681508053094, 0.00263373064809, 0.0117208305746, -0.025908652693, 0.0523898117244, -0.0342745780945, 0.0138972494751], [-0.00322166620754, 0.0146618708968, -0.0072082746774, 0.00405512144789, 0.00284008099698, -0.0087762773037, 0.00726791238412, -0.00820199400187, 0.0025772289373, 0.0111167570576, -0.0342745780945, 0.052535071969, -0.0223045367748], [0.0019731358625, -0.00514347618446, 0.00445838551968, -0.00311266165227, -0.00211087567732, 0.0015403983416, -0.00567350490019, 0.00975916255265, -0.00428504310548, 0.000929708534386, 0.0138972494751, -0.0223045367748, 0.0280163399875]]
    },
    "melbands": {
        "max": [0.011394187808, 0.0272792354226, 0.0135326012969, 0.0107388086617, 0.00684821931645, 0.0166414510459, 0.0120563963428, 0.00936500634998, 0.00531072029844, 0.00621746480465, 0.0120269805193, 0.0171768926084, 0.0118665648624, 0.00914650224149, 0.00657098786905, 0.0013094706228, 0.00140426936559, 0.00102942425292, 0.00333384657279, 0.000861730834004, 0.00058611202985, 0.000246363808401, 0.000402512581786, 0.000128821469843, 0.000187246740097, 8.02388749435e-05, 3.71367095795e-05, 1.77966558113e-05, 2.79844862234e-05, 1.53105320351e-05, 8.29444434203e-06, 2.23265283239e-06, 6.53974780107e-07, 1.61978505275e-07, 7.5592438975e-08, 1.07758552303e-07, 7.80177131787e-08, 5.17055305238e-08, 4.39839453747e-08, 4.75694470481e-08],
        "mean": [0.000373654969735, 0.00136643508449, 0.0018536450807, 0.000916496501304, 0.000702115998138, 0.000946543645114, 0.00050652353093, 0.000265533715719, 0.000192931751371, 0.000171431121998, 0.000130201427964, 0.000266875722446, 0.000238889857428, 0.00012426826288, 6.58506760374e-05, 4.93313491461e-05, 3.94823000534e-05, 3.96792856918e-05, 6.16919933236e-05, 3.14425851684e-05, 2.25352468988e-05, 9.91695651464e-06, 8.30826229503e-06, 4.63124524686e-06, 4.1125063035e-06, 2.35329480347e-06, 1.19632284168e-06, 5.17723890425e-07, 3.98553822833e-07, 1.94377733465e-07, 9.50951033474e-08, 5.77569316818e-08, 4.05316598062e-08, 3.25440439042e-08, 2.84721952681e-08, 3.0495300507e-08, 3.06800558292e-08, 1.62119810909e-08, 1.33402089375e-08, 1.19850795954e-08],
        "min": [8.11907341358e-07, 1.28402564314e-06, 2.96227426588e-06, 5.91739717493e-06, 9.13760231924e-06, 5.73219494981e-06, 1.23647294004e-06, 5.6291708006e-07, 5.33268973868e-07, 4.02568076652e-07, 1.06989148208e-07, 4.46550444622e-07, 3.35451119327e-07, 2.38507027461e-07, 1.60609928912e-07, 2.0753381591e-07, 1.32280533194e-07, 8.43962482122e-08, 5.24089038834e-08, 8.59034230416e-08, 6.30972110116e-08, 4.00462027983e-08, 4.80254307433e-08, 3.47240671772e-08, 2.66403752391e-08, 2.34777939312e-08, 1.43277318898e-08, 1.78347470126e-08, 1.48017491597e-08, 1.31593163033e-08, 9.19129838906e-09, 6.7560423922e-09, 8.07391487001e-09, 6.52314824379e-09, 7.28382865134e-09, 8.91564155836e-09, 6.83692302772e-09, 4.30557900444e-09, 3.91721499682e-09, 3.63927221692e-09],
        "stdev": [0.000922106497455, 0.0022702361457, 0.0018384574214, 0.00109730521217, 0.000832145044114, 0.00141754711512, 0.000980069977231, 0.000704999314621, 0.000395084236516, 0.00042938705883, 0.00048007685109, 0.00114644039422, 0.000887402391527, 0.000497506000102, 0.000234268562053, 0.000125362581457, 8.91491945367e-05, 8.48240306368e-05, 0.000171628838871, 7.07741564838e-05, 5.33476850251e-05, 1.93412524823e-05, 2.35418046941e-05, 1.00493844002e-05, 1.00705810837e-05, 5.1285628615e-06, 2.66998313236e-06, 1.06178401893e-06, 1.36924711569e-06, 6.73216277391e-07, 2.88141649207e-07, 9.54210719328e-08, 3.25577715898e-08, 1.40999940612e-08, 1.08154933898e-08, 1.05112043514e-08, 1.04591855177e-08, 5.62619906219e-09, 4.37908953543e-09, 3.92072552202e-09]
    },
    "melbands128": {
        "max": [0.000596533762291, 0.00450874539092, 0.0208274200559, 0.0201458148658, 0.0375863984227, 0.0404668115079, 0.0206245165318, 0.0177109781653, 0.0174027401954, 0.0178395118564, 0.0112358462065, 0.0111166033894, 0.00990648381412, 0.0167372301221, 0.0276498254389, 0.0313664563, 0.0180298089981, 0.0201033465564, 0.0342666693032, 0.0143372742459, 0.0117052355781, 0.00849831942469, 0.010141515173, 0.0115265687928, 0.00743779307231, 0.0126615585759, 0.00446765962988, 0.0239416286349, 0.0065761920996, 0.0258554928005, 0.0282226167619, 0.0358649864793, 0.00263958005235, 0.0372938252985, 0.0136118996888, 0.00261059077457, 0.00391726009548, 0.0136881303042, 0.00368268485181, 0.00173187081236, 0.00273304549046, 0.0013796343701, 0.000947097025346, 0.00384816178121, 0.00154075201135, 0.00200056005269, 0.00327829201706, 0.00481427833438, 0.00442173331976, 0.00152056105435, 0.000964263977949, 0.00232981448062, 0.000917354656849, 0.000289410236292, 0.000901190098375, 0.000192864157725, 0.000274138757959, 0.00104523566552, 0.000428339786595, 0.000333909585606, 0.000211571750697, 7.36030706321e-05, 0.000169041202753, 0.000369957357179, 0.000180258415639, 9.5334064099e-05, 0.000124177517137, 7.82112183515e-05, 3.87906948163e-05, 2.98848262901e-05, 2.05799842661e-05, 3.26149529428e-05, 4.35704896518e-05, 3.31168339471e-05, 4.0240240196e-05, 1.98157231353e-05, 6.85470558892e-06, 8.14981376607e-06, 1.33318144435e-05, 4.27633676736e-06, 2.72965235126e-06, 1.52601853642e-06, 1.1719265558e-06, 7.72860005327e-07, 3.08635407009e-07, 2.62528800477e-07, 1.64218931786e-07, 1.87367874105e-07, 9.83371748475e-08, 1.04727313044e-07, 1.62061581932e-07, 1.14716826261e-07, 1.42348355325e-07, 1.10260586439e-07, 9.14931348461e-08, 6.69573481105e-08, 6.0824319803e-08, 7.17842212339e-08, 5.39433102631e-08, 5.3849468884e-08, 4.81313620071e-08, 5.94829323575e-08, 4.36444906882e-08, 4.24176320735e-08, 3.35470389246e-08, 3.27012834589e-08, 2.79321952235e-08, 3.1683491386e-08, 2.58640167061e-08, 2.97866353804e-08, 1.92667322096e-08, 1.72755836303e-08, 1.72583209945e-08, 1.67618274816e-08, 1.62760898093e-08, 1.57768784703e-08, 1.5353281313e-08, 1.4982010299e-08, 1.4610290755e-08, 1.42194185315e-08, 1.38641178538e-08, 1.35952733515e-08, 1.33434561178e-08, 1.31022401817e-08, 1.29441080077e-08, 1.27778099213e-08, 1.26860850713e-08, 1.26073604889e-08],
        "mean": [1.57415652211e-05, 0.000103936610685, 0.000564580201171, 0.00081326358486, 0.00130657991394, 0.00183703983203, 0.0019539790228, 0.00203003152274, 0.00152179202996, 0.000801355345175, 0.000573748606257, 0.000547827279661, 0.000734929577447, 0.000876258302014, 0.00105549034197, 0.000996071379632, 0.000621215905994, 0.00041573937051, 0.000378385884687, 0.000245121249463, 0.000257552048424, 0.000167079953826, 0.000213611492654, 0.000173945460119, 0.000153175002197, 0.00022690735932, 8.52835437399e-05, 0.000168128695805, 7.99666086095e-05, 0.000164881494129, 0.000383079895983, 0.000401296128985, 6.53935567243e-05, 0.000351107213646, 0.000145099736983, 5.273538045e-05, 7.31446998543e-05, 7.511300646e-05, 5.51372868358e-05, 4.56820889667e-05, 6.33493255009e-05, 3.27688030666e-05, 2.57194678852e-05, 6.45771797281e-05, 2.26954289246e-05, 3.4157121263e-05, 5.49100441276e-05, 7.51748448238e-05, 6.69990768074e-05, 1.78392911039e-05, 2.20701040234e-05, 5.36114966962e-05, 2.5046076189e-05, 8.68166716828e-06, 1.60281942954e-05, 8.48405034048e-06, 6.41570750304e-06, 1.11920226118e-05, 6.68538450554e-06, 7.4337449405e-06, 4.72251758765e-06, 2.34599724536e-06, 4.33437389802e-06, 5.40063319932e-06, 2.45540127253e-06, 2.02910428015e-06, 2.73458749689e-06, 1.30449950575e-06, 9.86238319456e-07, 6.59999102481e-07, 5.07784420734e-07, 4.27896679867e-07, 4.79418872601e-07, 4.18676137315e-07, 2.7288677984e-07, 2.24274415928e-07, 1.43201518199e-07, 1.09839625395e-07, 9.55493533183e-08, 7.38849763593e-08, 6.05113541496e-08, 5.24095220555e-08, 4.49125607815e-08, 3.97022823506e-08, 3.66471226698e-08, 3.39602337363e-08, 3.10099110834e-08, 2.97603470756e-08, 2.83276317958e-08, 2.75876850253e-08, 2.70516515855e-08, 2.52372842624e-08, 4.67426417572e-08, 3.50861988352e-08, 1.92439912894e-08, 1.73479843824e-08, 1.5715846402e-08, 1.42137235315e-08, 1.36681030938e-08, 1.26822241597e-08, 1.20921841429e-08, 1.19924523645e-08, 1.17175389391e-08, 1.12384785922e-08, 1.04600488271e-08, 1.03137676177e-08, 9.29076815481e-09, 8.4439735204e-09, 7.72679609184e-09, 6.90218149302e-09, 5.40292344198e-09, 2.74238920461e-09, 1.58927038196e-09, 2.65396926658e-10, 1.75148714976e-11, 1.58890869212e-11, 1.54209561787e-11, 1.50070737087e-11, 1.46171390963e-11, 1.42423035171e-11, 1.39057307336e-11, 1.36282209476e-11, 1.33579857245e-11, 1.31197492106e-11, 1.29601390383e-11, 1.28142479267e-11, 1.27152689419e-11, 1.26352791077e-11],
        "min": [3.44788220197e-09, 1.97979687755e-07, 2.21717328941e-07, 5.45354168935e-07, 4.32761027014e-07, 2.61313573446e-07, 2.26505676437e-07, 5.91955370055e-07, 2.27342661674e-06, 3.09677420773e-06, 9.79745209406e-07, 5.68977725379e-07, 1.34091897053e-06, 2.11467977351e-06, 2.14610099647e-06, 1.00625914001e-06, 1.28868498095e-08, 4.80351900478e-07, 7.50144053541e-08, 3.9158845766e-07, 1.76102702198e-07, 3.26887828805e-07, 2.68369262812e-07, 1.11218071197e-07, 6.6815267985e-08, 1.80081812573e-07, 3.42674617571e-08, 2.44161597607e-08, 1.95902742917e-08, 1.42340752518e-07, 1.31636923584e-07, 1.17867969607e-07, 9.98846942935e-08, 1.11301346806e-07, 6.01452398996e-08, 5.88732298468e-08, 1.49395404492e-07, 8.47756140843e-08, 4.59219968718e-08, 4.42712320137e-08, 7.01323799035e-08, 7.95829038225e-08, 4.62091840348e-08, 1.34812996322e-08, 3.22903304095e-08, 4.726317826e-08, 5.41315969826e-08, 2.43747386719e-08, 9.42111988422e-09, 4.66823593115e-08, 6.64179751197e-08, 4.98356982348e-08, 1.76302688004e-08, 3.16836974434e-08, 3.12679517833e-08, 2.09254746864e-08, 2.44047324571e-08, 3.62716967572e-08, 1.18479164257e-08, 1.93425009343e-08, 1.82038437657e-08, 1.6550865567e-08, 1.14395035666e-08, 1.42683989068e-08, 1.19174465851e-08, 1.2055123122e-08, 1.26585577576e-08, 1.48020227186e-08, 1.00716688323e-08, 1.2424060003e-08, 1.54491104354e-08, 6.18078344061e-09, 7.51275841537e-09, 7.55424789389e-09, 8.78133388227e-09, 7.75879183124e-09, 9.57224433051e-09, 6.28576124484e-09, 5.45489697856e-09, 5.14667242157e-09, 2.66561439588e-09, 5.51459011788e-09, 5.90284932045e-09, 4.0886671826e-09, 5.02957497872e-09, 3.2263725025e-09, 2.11721284948e-09, 4.83655293593e-09, 3.49910811437e-09, 3.6036105211e-09, 3.37544836526e-09, 2.92468183005e-09, 8.84527029399e-09, 5.32082555793e-09, 2.36623498573e-09, 2.81289769255e-09, 2.13485384926e-09, 2.03451921976e-09, 2.51571719012e-09, 2.62909582993e-09, 2.40469755219e-09, 2.07659511808e-09, 1.73108505308e-09, 1.75751124765e-09, 1.6850174589e-09, 2.30876673335e-09, 1.47741086032e-09, 1.62694646644e-09, 1.74091396854e-09, 1.53872747877e-09, 1.05776976067e-09, 8.13398723376e-11, 3.28244050864e-13, 1.04300777542e-13, 1.0296238417e-13, 9.78129998329e-14, 1.01337964712e-13, 8.21661261165e-14, 9.0893567358e-14, 1.03612763172e-13, 1.15145333589e-13, 8.38014079245e-14, 8.55233716962e-14, 9.69605458748e-14, 9.9115228286e-14, 1.04247610978e-13, 1.16290196873e-13, 1.16873999085e-13],
        "stdev": [3.35143668053e-05, 0.000268538802629, 0.00160281534772, 0.00181368330959, 0.00288097327575, 0.00349007756449, 0.00248639890924, 0.00259808031842, 0.00244462070987, 0.00137310032733, 0.000780537724495, 0.00100506166928, 0.00109831814189, 0.00158959429245, 0.00202121539041, 0.00221225828864, 0.0013950956054, 0.0011243771296, 0.00170678575523, 0.000879825442098, 0.000814867089503, 0.000449542421848, 0.000523085473105, 0.000637988268863, 0.000501842238009, 0.000733662571292, 0.000264910602709, 0.000928729597945, 0.000295245932648, 0.00106089795008, 0.00183785788249, 0.00211450387724, 0.00018033485685, 0.00210587517358, 0.000678433978464, 0.00015554780839, 0.000215454274439, 0.000447898288257, 0.000185570737813, 0.000138888397487, 0.000212970538996, 8.90522787813e-05, 5.89807714277e-05, 0.000207503224374, 6.01273386565e-05, 0.000105040395283, 0.000179183029104, 0.000229959739954, 0.000264703616267, 5.08060147695e-05, 5.49092656001e-05, 0.000191159080714, 6.80311131873e-05, 1.61544758157e-05, 4.99968373333e-05, 1.78288537427e-05, 1.36214202939e-05, 4.51274172519e-05, 2.28859335039e-05, 2.27149539569e-05, 1.15909351734e-05, 4.43361977887e-06, 1.14991980809e-05, 1.6790767404e-05, 7.24133587937e-06, 4.65111088488e-06, 9.03503496374e-06, 3.7921627154e-06, 2.83568192572e-06, 1.54999736424e-06, 1.16051376153e-06, 1.195387199e-06, 1.6893358179e-06, 1.54418239617e-06, 1.42493104249e-06, 7.90619594682e-07, 3.93133746002e-07, 3.53582777279e-07, 3.7143689724e-07, 1.72673225052e-07, 1.11252830948e-07, 7.32797147407e-08, 5.7756395222e-08, 3.40321903991e-08, 2.41746320739e-08, 1.99477678819e-08, 1.7329290003e-08, 1.64373226141e-08, 1.4309896379e-08, 1.37426328095e-08, 1.36449269661e-08, 1.27069128553e-08, 1.98542551288e-08, 1.41816736132e-08, 9.45662037566e-09, 8.39001224051e-09, 7.55296181154e-09, 6.49144249465e-09, 6.2637770526e-09, 5.7272346865e-09, 5.41543920818e-09, 5.53819257121e-09, 5.14424147724e-09, 4.96259877636e-09, 4.47456427466e-09, 4.43016334728e-09, 3.82631526463e-09, 3.54501739075e-09, 3.30735616672e-09, 2.91983082157e-09, 2.32328178917e-09, 1.98224392456e-09, 1.61473434623e-09, 4.86109430486e-10, 3.75718539614e-10, 3.63773733358e-10, 3.53830381661e-10, 3.45074163688e-10, 3.36390137967e-10, 3.27380983434e-10, 3.19241744151e-10, 3.12955661386e-10, 3.07091047036e-10, 3.0156460662e-10, 2.97883717693e-10, 2.94087476593e-10, 2.91935170482e-10, 2.90121676683e-10]
    },
    "mfcc": {
        "mean": [-698.345825195, 189.545089722, -14.9348068237, 12.924952507, 10.6663360596, -3.92385172844, -6.33775234222, -3.19778561592, -7.64796352386, -2.72123098373, -10.8042049408, -5.77803468704, -3.37896776199],
        "cov": [[1868.55175781, 605.579223633, -976.003417969, 105.265983582, 198.136886597, -101.588394165, 50.5882530212, 12.7666368484, 79.3979415894, 124.261283875, 36.3769607544, -25.3375682831, 15.103348732], [605.579223633, 413.070159912, -195.367828369, -39.3302879333, 97.733039856, -8.62125492096, 4.81079053879, 43.4467010498, 28.1846237183, 31.5603790283, 18.3204994202, 2.79103207588, 23.3955459595], [-976.003417969, -195.367828369, 848.550415039, 50.9690322876, -74.2334671021, 83.199432373, -74.1259765625, -23.0368690491, -46.7055091858, -68.4581680298, 1.96734380722, 37.2071685791, -2.27473950386], [105.265983582, -39.3302879333, 50.9690322876, 224.62550354, 88.1595001221, 0.137362360954, -25.2301311493, -49.8777770996, 9.96266651154, 38.2559928894, 27.6178588867, 7.28877782822, -9.42768764496], [198.136886597, 97.733039856, -74.2334671021, 88.1595001221, 184.14680481, 22.640871048, -36.8100395203, -8.8828868866, 15.9551134109, 42.2828559875, 17.6347179413, -14.6661815643, -0.182189807296], [-101.588394165, -8.62125492096, 83.199432373, 0.137362360954, 22.640871048, 97.7292175293, 50.1158981323, 23.487569809, 24.2118301392, 2.16123795509, -5.19945526123, 3.2948923111, 10.6592731476], [50.5882530212, 4.81079053879, -74.1259765625, -25.2301311493, -36.8100395203, 50.1158981323, 140.726882935, 84.2750701904, 37.0371742249, 5.88330888748, -9.58465957642, 2.1018807888, 12.974568367], [12.7666368484, 43.4467010498, -23.0368690491, -49.8777770996, -8.8828868866, 23.487569809, 84.2750701904, 123.078712463, 54.2133598328, 4.43703985214, -5.81996488571, -1.24039626122, 10.1928300858], [79.3979415894, 28.1846237183, -46.7055091858, 9.96266651154, 15.9551134109, 24.2118301392, 37.0371742249, 54.2133598328, 91.1514587402, 54.0965690613, 12.7361373901, 1.80285477638, -0.562788069248], [124.261283875, 31.5603790283, -68.4581680298, 38.2559928894, 42.2828559875, 2.16123795509, 5.88330888748, 4.43703985214, 54.0965690613, 99.3920440674, 62.9310340881, 14.674612999, -11.5059614182], [36.3769607544, 18.3204994202, 1.96734380722, 27.6178588867, 17.6347179413, -5.19945526123, -9.58465957642, -5.81996488571, 12.7361373901, 62.9310340881, 107.742126465, 59.2052459717, -9.77264785767], [-25.3375682831, 2.79103207588, 37.2071685791, 7.28877782822, -14.6661815643, 3.2948923111, 2.1018807888, -1.24039626122, 1.80285477638, 14.674612999, 59.2052459717, 80.2930755615, 25.4129867554], [15.103348732, 23.3955459595, -2.27473950386, -9.42768764496, -0.182189807296, 10.6592731476, 12.974568367, 10.1928300858, -0.562788069248, -11.5059614182, -9.77264785767, 25.4129867554, 62.0963783264]],
        "icov": [[0.00675439089537, -0.00844268873334, 0.00709875347093, -0.00800334475935, 0.00466292211786, -0.00211528665386, 0.00251680472866, -0.000969093351159, 0.000823967682663, -0.000610885501374, 0.000533988932148, 0.000273620651569, 0.000459323608084], [-0.00844268873334, 0.0140832578763, -0.0085033820942, 0.0114039303735, -0.00837816856802, 0.0036896597594, -0.00332949799486, 0.000665437488351, -0.00165157730225, 0.00116894405801, -0.00148046761751, -0.00035059460788, -0.00179205962922], [0.00709875347093, -0.0085033820942, 0.0104439808056, -0.0109672024846, 0.00872879195958, -0.00859486870468, 0.00921383220702, -0.00618303380907, 0.00438526412472, -0.00139318790752, 0.00103444466367, -0.000615316093899, 0.000981620163657], [-0.00800334475935, 0.0114039303735, -0.0109672024846, 0.0195243507624, -0.014340819791, 0.0107542593032, -0.0122579466552, 0.0112784868106, -0.0079335346818, 0.00313315913081, -0.00209569768049, -0.000893812510185, -0.000421061064117], [0.00466292211786, -0.00837816856802, 0.00872879195958, -0.014340819791, 0.0212236829102, -0.0164317525923, 0.0177216827869, -0.0132298497483, 0.0102739557624, -0.00783186499029, 0.00132932292763, 0.00345378578641, -0.0010457028402], [-0.00211528665386, 0.0036896597594, -0.00859486870468, 0.0107542593032, -0.0164317525923, 0.0314475558698, -0.0244068298489, 0.0178724490106, -0.0158120710403, 0.00874139647931, -0.00338075542822, 0.000785345560871, -0.00221525179222], [0.00251680472866, -0.00332949799486, 0.00921383220702, -0.0122579466552, 0.0177216827869, -0.0244068298489, 0.0349812619388, -0.0265341829509, 0.0154474750161, -0.0107918605208, 0.00611081672832, -0.00236530788243, 0.000476822955534], [-0.000969093351159, 0.000665437488351, -0.00618303380907, 0.0112784868106, -0.0132298497483, 0.0178724490106, -0.0265341829509, 0.0353573746979, -0.0247442871332, 0.0160133782774, -0.00942843873054, 0.00503847468644, -0.00269848667085], [0.000823967682663, -0.00165157730225, 0.00438526412472, -0.0079335346818, 0.0102739557624, -0.0158120710403, 0.0154474750161, -0.0247442871332, 0.0395459532738, -0.0285543240607, 0.0165448747575, -0.0084129050374, 0.0040707308799], [-0.000610885501374, 0.00116894405801, -0.00139318790752, 0.00313315913081, -0.00783186499029, 0.00874139647931, -0.0107918605208, 0.0160133782774, -0.0285543240607, 0.0427213422954, -0.0293375141919, 0.0148543901742, -0.00480346288532], [0.000533988932148, -0.00148046761751, 0.00103444466367, -0.00209569768049, 0.00132932292763, -0.00338075542822, 0.00611081672832, -0.00942843873054, 0.0165448747575, -0.0293375141919, 0.0440104827285, -0.0325009636581, 0.0159439761192], [0.000273620651569, -0.00035059460788, -0.000615316093899, -0.000893812510185, 0.00345378578641, 0.000785345560871, -0.00236530788243, 0.00503847468644, -0.0084129050374, 0.0148543901742, -0.0325009636581, 0.0414059869945, -0.0199344456196], [0.000459323608084, -0.00179205962922, 0.000981620163657, -0.000421061064117, -0.0010457028402, -0.00221525179222, 0.000476822955534, -0.00269848667085, 0.0040707308799, -0.00480346288532, 0.0159439761192, -0.0199344456196, 0.0271742809564]]
    },
    "spectral_contrast_coeffs": {
        "max": [-0.35434794426, -0.481165021658, -0.428110390902, -0.620527923107, -0.610428869724, -0.637447237968],
        "mean": [-0.645463705063, -0.717313408852, -0.738706171513, -0.792763233185, -0.79343432188, -0.814635455608],
        "min": [-0.850623369217, -0.890471577644, -0.928047418594, -0.911845743656, -0.89535009861, -0.947669863701],
        "stdev": [0.0791164189577, 0.0680375769734, 0.0709968656301, 0.0527146719396, 0.0501832515001, 0.0225142464042]
    },
    "spectral_contrast_valleys": {
        "max": [-5.22424316406, -4.5893573761, -5.40198230743, -5.98379802704, -6.81949472427, -10.4308605194],
        "mean": [-6.73295497894, -6.61766052246, -7.44735813141, -7.65409421921, -8.41066932678, -11.4256019592],
        "min": [-9.23850727081, -8.79811954498, -9.46310329437, -9.59801292419, -10.1217651367, -11.869146347],
        "stdev": [0.646662056446, 0.592346727848, 0.642200469971, 0.672833740711, 0.459277063608, 0.140385776758]
    }
},
"rhythm": {
    "beats_count": 90,
    "beats_loudness": {
        "max": 0.114243149757,
        "mean": 0.034959487617,
        "min": 0.000607046589721,
        "stdev": 0.0223399139941
    },
    "bpm": 129.748641968,
    "bpm_histogram_first_peak_bpm": 129,
    "bpm_histogram_first_peak_weight": 0.400000035763,
    "bpm_histogram_second_peak_bpm": 94,
    "bpm_histogram_second_peak_spread": 0.599999964237,
    "bpm_histogram_second_peak_weight": 0.112359553576,
    "danceability": 1.01202976704,
    "onset_rate": 2.0712890625,
    "beats_loudness_band_ratio": {
        "max": [0.91452896595, 0.837069630623, 0.743340730667, 0.931457519531, 0.510028421879, 0.0217922274023],
        "mean": [0.37765032053, 0.305500507355, 0.17005585134, 0.143894001842, 0.0689449757338, 0.00333487894386],
        "min": [0.0344430394471, 0.0209153499454, 0.00788192264736, 0.00517847109586, 0.00192967546172, 0.000129042222397],
        "stdev": [0.240810036659, 0.216829493642, 0.15380564332, 0.193853586912, 0.0937614068389, 0.00353338685818]
    },
