{
"metadata": {
    "version": {
        "essentia": "2.1-beta5",
        "essentia_git_sha": "Undefined",
        "extractor": "music 2.0"
    },
    "audio_properties": {
        "analysis": {
            "equal_loudness": 0,
            "length": 32.4963264465,
            "sample_rate": 44100,
            "start_time": 126.490699768,
            "downmix": "mix"
        },
        "bit_rate": 192000,
        "length": 181.73097229,
        "lossless": 0,
        "number_channels": 2,
        "replay_gain": -15.5603017807,
        "sample_rate": 48000,
        "codec": "mp3",
        "md5_encoded": "741717e1a198048a68b6004a4e1f2261"
    },
    "tags": {
        "file_name": "Yugoslavia_Ceznja_Vice Vukov.mp3",
        "encoding": ["Lavf58.29.100"]
    }
},
"lowlevel": {
    "average_loudness": 0.948286950588,
    "barkbands_crest": {
        "max": 23.7087287903,
        "mean": 11.4220170975,
        "min": 3.49645972252,
        "stdev": 4.52635812759
    },
    "barkbands_flatness_db": {
        "max": 0.368937075138,
        "mean": 0.251022666693,
        "min": 0.0960162207484,
        "stdev": 0.0398521870375
    },
    "barkbands_kurtosis": {
        "max": 40.8685836792,
        "mean": 3.52240228653,
        "min": -1.86767661572,
        "stdev": 5.39558887482
    },
    "barkbands_skewness": {
        "max": 4.05221271515,
        "mean": 1.19420909882,
        "min": -3.18934392929,
        "stdev": 1.0843116045
    },
    "barkbands_spread": {
        "max": 53.842880249,
        "mean": 12.9390325546,
        "min": 0.983506500721,
        "stdev": 8.50117397308
    },
    "dissonance": {
        "max": 0.498669236898,
        "mean": 0.437476396561,
        "min": 0.228700205684,
        "stdev": 0.041665636003
    },
    "dynamic_complexity": 2.1812441349,
    "erbbands_crest": {
        "max": 30.0780677795,
        "mean": 12.2735109329,
        "min": 3.86399579048,
        "stdev": 4.9614238739
    },
    "erbbands_flatness_db": {
        "max": 0.428063452244,
        "mean": 0.303592950106,
        "min": 0.171263545752,
        "stdev": 0.039559610188
    },
    "erbbands_kurtosis": {
        "max": 28.1076965332,
        "mean": 1.33516311646,
        "min": -1.79922890663,
        "stdev": 3.23262095451
    },
    "erbbands_skewness": {
        "max": 4.17847824097,
        "mean": 0.547073662281,
        "min": -3.46471309662,
        "stdev": 1.16665172577
    },
    "erbbands_spread": {
        "max": 81.8382415771,
        "mean": 21.9011325836,
        "min": 3.19108724594,
        "stdev": 10.3524217606
    },
    "hfc": {
        "max": 70.4757843018,
        "mean": 21.3949127197,
        "min": 0.727285146713,
        "stdev": 13.2975654602
    },
    "loudness_ebu128": {
        "integrated": -8.31926059723,
        "loudness_range": 1.88207817078,
        "momentary": {
            "max": -5.1430773735,
            "mean": -8.71314811707,
            "min": -16.9051647186,
            "stdev": 2.0506606102
        },
        "short_term": {
            "max": -6.78530740738,
            "mean": -8.27018356323,
            "min": -11.2097015381,
            "stdev": 0.756909132004
        }
    },
    "melbands_crest": {
        "max": 31.4921073914,
        "mean": 13.8372116089,
        "min": 4.41140222549,
        "stdev": 5.47141027451
    },
    "melbands_flatness_db": {
        "max": 0.427277117968,
        "mean": 0.280861824751,
        "min": 0.135831296444,
        "stdev": 0.0499613285065
    },
    "melbands_kurtosis": {
        "max": 40.8466377258,
        "mean": 6.07313203812,
        "min": -1.85061228275,
        "stdev": 6.58663463593
    },
    "melbands_skewness": {
        "max": 5.28542280197,
        "mean": 1.60597503185,
        "min": -2.06312465668,
        "stdev": 1.00169825554
    },
    "melbands_spread": {
        "max": 101.569587708,
        "mean": 20.0844097137,
        "min": 1.58740770817,
        "stdev": 15.7406549454
    },
    "pitch_salience": {
        "max": 0.878516197205,
        "mean": 0.576349675655,
        "min": 0.222251772881,
        "stdev": 0.101288750768
    },
    "silence_rate_20dB": {
        "max": 1,
        "mean": 1,
        "min": 1,
        "stdev": 0
    },
    "silence_rate_30dB": {
        "max": 1,
        "mean": 1,
        "min": 1,
        "stdev": 0
    },
    "silence_rate_60dB": {
        "max": 1,
        "mean": 0.0135617414489,
        "min": 0,
        "stdev": 0.115662686527
    },
    "spectral_centroid": {
        "max": 3605.64013672,
        "mean": 1177.97790527,
        "min": 317.172729492,
        "stdev": 558.306152344
    },
    "spectral_complexity": {
        "max": 46,
        "mean": 16.9086360931,
        "min": 1,
        "stdev": 6.44884967804
    },
    "spectral_decrease": {
        "max": -2.22757992607e-10,
        "mean": -6.27049390189e-09,
        "min": -1.98545109242e-08,
        "stdev": 3.63817975746e-09
    },
    "spectral_energy": {
        "max": 0.0791207179427,
        "mean": 0.0256068762392,
        "min": 0.000910484173801,
        "stdev": 0.0146168237552
    },
    "spectral_energyband_high": {
        "max": 0.00157794321422,
        "mean": 8.82332824403e-05,
        "min": 1.50721950831e-06,
        "stdev": 0.000146200109157
    },
    "spectral_energyband_low": {
        "max": 0.01872994937,
        "mean": 0.000810087192804,
        "min": 9.90581884253e-06,
        "stdev": 0.00130141072441
    },
    "spectral_energyband_middle_high": {
        "max": 0.0565812885761,
        "mean": 0.00788980256766,
        "min": 6.9652669481e-05,
        "stdev": 0.0073149651289
    },
    "spectral_energyband_middle_low": {
        "max": 0.0747544616461,
        "mean": 0.0177870374173,
        "min": 0.00058269884903,
        "stdev": 0.0134423552081
    },
    "spectral_entropy": {
        "max": 8.22863197327,
        "mean": 6.89059829712,
        "min": 5.7013168335,
        "stdev": 0.379861265421
    },
    "spectral_flux": {
        "max": 0.24287340045,
        "mean": 0.0736372470856,
        "min": 0.0110452435911,
        "stdev": 0.0331203639507
    },
    "spectral_kurtosis": {
        "max": 42.2440757751,
        "mean": 9.95211982727,
        "min": -1.38290500641,
        "stdev": 7.57495069504
    },
    "spectral_rms": {
        "max": 0.00878583826125,
        "mean": 0.00477233622223,
        "min": 0.000942484650295,
        "stdev": 0.00148563983385
    },
    "spectral_rolloff": {
        "max": 5447.90039062,
        "mean": 1368.33459473,
        "min": 279.931640625,
        "stdev": 824.34753418
    },
    "spectral_skewness": {
        "max": 4.71332216263,
        "mean": 1.6300842762,
        "min": -0.163356050849,
        "stdev": 0.811715662479
    },
    "spectral_spread": {
        "max": 21228252,
        "mean": 2104093.5,
        "min": 1217145.375,
        "stdev": 690067.375
    },
    "spectral_strongpeak": {
        "max": 11.4830913544,
        "mean": 2.17726707458,
        "min": 0.0506173670292,
        "stdev": 1.73611462116
    },
    "zerocrossingrate": {
        "max": 0.1591796875,
        "mean": 0.0465857237577,
        "min": 0.00927734375,
        "stdev": 0.0201024189591
    },
    "barkbands": {
        "max": [5.70269949094e-05, 0.00895136594772, 0.0138921719044, 0.0162034090608, 0.0225591715425, 0.0476711839437, 0.0448333211243, 0.0667677372694, 0.0435077883303, 0.0658047273755, 0.0236128009856, 0.0116323223338, 0.0156873390079, 0.0128032276407, 0.0161626003683, 0.0196231808513, 0.00866120774299, 0.00976550485939, 0.00332015170716, 0.0011305505177, 0.000849627424031, 0.000789565034211, 1.41914315464e-05, 1.21602188301e-05, 1.18135112643e-05, 1.11140543595e-05, 1.17051386042e-05],
        "mean": [7.08334300725e-06, 0.000329093396431, 0.000266103044851, 0.000706170743797, 0.00225034030154, 0.00231427978724, 0.00449957698584, 0.00428233621642, 0.00239822361618, 0.00235139764845, 0.00113486684859, 0.000528984179255, 0.0006113788113, 0.000440345786046, 0.000611129100434, 0.000927797809709, 0.000998365576379, 0.000535194238182, 0.000291341566481, 5.5610347772e-05, 3.44886939274e-05, 3.25208056893e-05, 8.75077503792e-08, 7.14777712574e-08, 7.64672947184e-08, 9.59109414111e-09, 1.00560990646e-08],
        "min": [4.10797618144e-09, 5.63058222269e-07, 3.0891192182e-07, 9.98448854261e-07, 2.53173293459e-05, 4.68877624371e-06, 7.28569784769e-06, 1.36891339935e-05, 3.67405868928e-06, 3.67800271306e-06, 1.38600364608e-06, 3.89775414078e-06, 1.47934474626e-06, 1.17557624435e-06, 8.56320468756e-07, 1.29739953536e-06, 1.54679310072e-06, 1.23185031953e-06, 1.36431447118e-06, 6.10178801708e-07, 3.10948706783e-07, 2.53436496678e-07, 7.56215001729e-09, 7.318653239e-09, 9.00452068464e-09, 4.5539288486e-12, 5.11424192925e-12],
        "stdev": [7.75138778408e-06, 0.000732739747036, 0.000657213153318, 0.00147843034938, 0.00268738227896, 0.00391468033195, 0.00756198307499, 0.00899678189307, 0.00490511348471, 0.00602404866368, 0.0023379153572, 0.0010235987138, 0.0014206955675, 0.00112034077756, 0.00127243762836, 0.00215121847577, 0.00117950502317, 0.00084080878878, 0.000371140689822, 9.46022482822e-05, 7.30423271307e-05, 6.16933903075e-05, 4.34997303955e-07, 3.37963911079e-07, 3.31867795467e-07, 2.97540992733e-07, 3.13381008255e-07]
    },
    "erbbands": {
        "max": [0.151657506824, 2.33071231842, 13.6035242081, 22.1877174377, 75.1673202515, 107.396186829, 169.56791687, 412.734588623, 696.656677246, 1080.5456543, 1475.5690918, 938.150939941, 2415.26293945, 672.507263184, 573.428283691, 567.736083984, 713.993530273, 733.549194336, 403.425262451, 1149.34069824, 731.133544922, 585.996643066, 539.07244873, 260.828582764, 56.0233573914, 35.6663208008, 30.5374507904, 37.2477760315, 37.9438362122, 4.98155260086, 0.400297194719, 0.270523101091, 0.198331743479, 0.134500965476, 0.0814541578293, 0.0445363484323, 0.0205304957926, 0.00728258304298, 0.00166429020464, 0.000178027170477],
        "mean": [0.00671795755625, 0.0842549204826, 0.285485059023, 1.28723549843, 5.40661716461, 7.46231746674, 11.5752229691, 21.4490299225, 47.7219772339, 97.3341369629, 77.3702011108, 50.3128356934, 86.6591415405, 47.7442855835, 33.4419288635, 23.3617401123, 27.7074584961, 21.4939575195, 23.2392234802, 47.7559165955, 49.1716117859, 55.9431648254, 34.2437591553, 22.4806442261, 7.90489864349, 2.59373736382, 1.4344843626, 1.44103360176, 1.52289104462, 0.204412221909, 0.00801718980074, 0.00223006261513, 0.00119255192112, 0.00144693977199, 0.000224777235417, 6.06921312283e-05, 2.89998297376e-05, 1.00123534139e-05, 1.5208408513e-05, 3.044222467e-05],
        "min": [3.81957434001e-05, 0.00020316838345, 0.00165933719836, 0.00716402335092, 0.0210500005633, 0.0638939142227, 0.0625090524554, 0.148352995515, 0.155139446259, 0.23312279582, 0.515571832657, 0.311674565077, 0.208534374833, 0.383917301893, 0.11920145154, 0.198003947735, 0.154522612691, 0.073790371418, 0.0557219944894, 0.035794608295, 0.0967798531055, 0.113105639815, 0.0663302838802, 0.0646694973111, 0.0666780024767, 0.0392280742526, 0.0181181635708, 0.00912208296359, 0.0101242717355, 0.00241010799073, 0.000332125084242, 0.000309980270686, 0.000172530926648, 0.000211937032873, 3.13192722388e-05, 1.82759367817e-06, 4.90877425818e-07, 1.13715842076e-07, 6.15209785337e-07, 1.41722489388e-06],
        "stdev": [0.0127061521634, 0.194771453738, 0.619224667549, 2.26466941833, 9.43506813049, 9.03641319275, 15.6973361969, 37.9776878357, 76.2439193726, 161.199020386, 139.024734497, 94.0684661865, 235.251434326, 73.3545608521, 50.589427948, 44.3730659485, 63.4068946838, 56.1842803955, 40.279296875, 102.023628235, 83.0525360107, 73.2976989746, 48.1717567444, 29.2572574615, 9.33092403412, 4.07195472717, 2.58914470673, 3.12607526779, 2.77047300339, 0.397796839476, 0.0167639963329, 0.00765057234094, 0.00548782246187, 0.00400115037337, 0.0022048803512, 0.0011917843949, 0.000549365824554, 0.000194884647499, 4.48132086603e-05, 1.73512853507e-05]
    },
    "gfcc": {
        "mean": [-81.4444503784, 179.867553711, -190.095016479, 16.6692733765, -49.5746192932, -40.5900650024, -15.980383873, -12.6863708496, -1.16477954388, -16.1579475403, -9.62884807587, -4.33773517609, 2.37850999832],
        "cov": [[1117.13806152, -140.630783081, -580.791564941, -21.5718326569, 182.068405151, -160.158676147, 172.025146484, 12.1798114777, 68.3128814697, -2.6178689003, -56.7219467163, 105.672157288, -128.521240234], [-140.630783081, 406.901306152, 363.134918213, -112.782905579, -3.2321498394, 46.852897644, -44.9357528687, 14.6170339584, -58.6909484863, -15.9446849823, 46.2352828979, -81.2778701782, 28.6553993225], [-580.791564941, 363.134918213, 845.129272461, 64.2357406616, -160.624084473, 138.99005127, -233.578308105, -52.6171531677, -54.7830429077, 11.9199724197, 49.0252838135, -108.139968872, 139.148330688], [-21.5718326569, -112.782905579, 64.2357406616, 504.83505249, 97.2925415039, 21.1128578186, -106.950927734, -133.112243652, 31.0354690552, 95.3960723877, -73.2715377808, -26.3797130585, 122.655471802], [182.068405151, -3.2321498394, -160.624084473, 97.2925415039, 301.024475098, -23.1936206818, -84.2655487061, 16.2383079529, 47.6005134583, 5.810069561, -55.7893295288, -29.5454292297, -7.07600641251], [-160.158676147, 46.852897644, 138.99005127, 21.1128578186, -23.1936206818, 231.23866272, 89.9692306519, 6.43973636627, -44.6021232605, 9.96523189545, 25.508644104, -45.5275154114, 18.5772285461], [172.025146484, -44.9357528687, -233.578308105, -106.950927734, -84.2655487061, 89.9692306519, 389.085174561, 79.3088607788, -82.9859085083, -44.3117828369, 29.5162334442, 70.3532333374, -80.6211929321], [12.1798114777, 14.6170339584, -52.6171531677, -133.112243652, 16.2383079529, 6.43973636627, 79.3088607788, 132.729171753, 17.0577392578, -50.7600402832, 17.8503303528, 20.4982032776, -47.2463111877], [68.3128814697, -58.6909484863, -54.7830429077, 31.0354690552, 47.6005134583, -44.6021232605, -82.9859085083, 17.0577392578, 147.425613403, 46.957408905, -21.9938793182, 19.1090660095, -26.1528148651], [-2.6178689003, -15.9446849823, 11.9199724197, 95.3960723877, 5.810069561, 9.96523189545, -44.3117828369, -50.7600402832, 46.957408905, 130.703155518, 28.5975856781, -38.980342865, 35.4890403748], [-56.7219467163, 46.2352828979, 49.0252838135, -73.2715377808, -55.7893295288, 25.508644104, 29.5162334442, 17.8503303528, -21.9938793182, 28.5975856781, 84.4584960938, 12.4972324371, -1.39723908901], [105.672157288, -81.2778701782, -108.139968872, -26.3797130585, -29.5454292297, -45.5275154114, 70.3532333374, 20.4982032776, 19.1090660095, -38.980342865, 12.4972324371, 127.976463318, -13.1781511307], [-128.521240234, 28.6553993225, 139.148330688, 122.655471802, -7.07600641251, 18.5772285461, -80.6211929321, -47.2463111877, -26.1528148651, 35.4890403748, -1.39723908901, -13.1781511307, 135.751998901]],
        "icov": [[0.00180807523429, -0.000846539915074, 0.000922749051824, -1.63486947713e-05, -0.00062282057479, 0.000580967345741, -0.000531214172952, 0.000656230375171, -3.92486545024e-05, -0.000935389485676, 0.00110147544183, -0.00130017742049, 0.000882436172105], [-0.000846539915074, 0.0117612592876, -0.00865224655718, 0.00433673709631, -0.00818986538798, 0.00669037131593, -0.0104723088443, 0.00875221844763, -0.00814545992762, 0.0088409287855, -0.0106737222522, 0.0109524410218, -0.00577659672126], [0.000922749051824, -0.00865224655718, 0.00973697472364, -0.0039017458912, 0.00821778178215, -0.00692679919302, 0.0104468166828, -0.00734857423231, 0.00631021056324, -0.0046045766212, 0.00596838723868, -0.00657372921705, 0.00311035034247], [-1.63486947713e-05, 0.00433673709631, -0.0039017458912, 0.00643699150532, -0.00487111276016, 0.00215775077231, -0.00487708253786, 0.0060762106441, -0.00302066630684, -0.000441078154836, 0.00102209381294, 0.00191767013166, -0.00434836791828], [-0.00062282057479, -0.00818986538798, 0.00821778178215, -0.00487111276016, 0.0132371401414, -0.00759914284572, 0.0128243044019, -0.01210528519, 0.00926935393363, -0.00802475120872, 0.0105606699362, -0.00780040631071, 0.005485041067], [0.000580967345741, 0.00669037131593, -0.00692679919302, 0.00215775077231, -0.00759914284572, 0.0133174872026, -0.0134684424847, 0.00970753561705, -0.0105843199417, 0.0101966746151, -0.0119131747633, 0.0124073773623, -0.00617335643619], [-0.000531214172952, -0.0104723088443, 0.0104468166828, -0.00487708253786, 0.0128243044019, -0.0134684424847, 0.0239832997322, -0.0201935265213, 0.0227363705635, -0.0198721773922, 0.0193553101271, -0.0201753284782, 0.0129488948733], [0.000656230375171, 0.00875221844763, -0.00734857423231, 0.0060762106441, -0.01210528519, 0.00970753561705, -0.0201935265213, 0.0321405269206, -0.0259068980813, 0.026600562036, -0.0243571400642, 0.0197615325451, -0.0122272782028], [-3.92486545024e-05, -0.00814545992762, 0.00631021056324, -0.00302066630684, 0.00926935393363, -0.0105843199417, 0.0227363705635, -0.0259068980813, 0.0395264737308, -0.0362076610327, 0.0320849567652, -0.0285128578544, 0.0190041083843], [-0.000935389485676, 0.0088409287855, -0.0046045766212, -0.000441078154836, -0.00802475120872, 0.0101966746151, -0.0198721773922, 0.026600562036, -0.0362076610327, 0.0500411689281, -0.0418986864388, 0.0336051397026, -0.0192175544798], [0.00110147544183, -0.0106737222522, 0.00596838723868, 0.00102209381294, 0.0105606699362, -0.0119131747633, 0.0193553101271, -0.0243571400642, 0.0320849567652, -0.0418986864388, 0.0523433052003, -0.031987849623, 0.0160212889314], [-0.00130017742049, 0.0109524410218, -0.00657372921705, 0.00191767013166, -0.00780040631071, 0.0124073773623, -0.0201753284782, 0.0197615325451, -0.0285128578544, 0.0336051397026, -0.031987849623, 0.0371149107814, -0.0167505498976], [0.000882436172105, -0.00577659672126, 0.00311035034247, -0.00434836791828, 0.005485041067, -0.00617335643619, 0.0129488948733, -0.0122272782028, 0.0190041083843, -0.0192175544798, 0.0160212889314, -0.0167505498976, 0.0219511967152]]
    },
    "melbands": {
        "max": [0.00208606082015, 0.0050838063471, 0.00587711110711, 0.00568124139681, 0.00500367535278, 0.0102008543909, 0.00959681719542, 0.0143341869116, 0.0142391379923, 0.00562222441658, 0.0122865373269, 0.00250300718471, 0.00221564690582, 0.000972466485109, 0.00148320838343, 0.00199779472314, 0.00160525343381, 0.000696043251082, 0.00178952713031, 0.0017977465177, 0.000694645859767, 0.000765254895668, 0.000576361722779, 0.000451799947768, 0.000213600724237, 7.3795003118e-05, 7.22086697351e-05, 2.44296261371e-05, 1.98563702725e-05, 2.74003832601e-05, 2.31101985264e-05, 2.2847285436e-05, 1.16649644042e-05, 3.45080138686e-07, 2.38235216443e-07, 1.92192487702e-07, 1.54748278192e-07, 1.39977544222e-07, 1.28653340425e-07, 1.07167217323e-07],
        "mean": [7.71418781369e-05, 0.000142642573337, 0.000356482778443, 0.000469336344395, 0.000391653738916, 0.000497135974001, 0.0007853640127, 0.00108467671089, 0.00061234011082, 0.000305183639284, 0.000434810150182, 0.000191885788809, 0.000136812916026, 5.56370359845e-05, 7.72266357671e-05, 4.6602141083e-05, 4.03311314585e-05, 3.60998637916e-05, 5.21632537129e-05, 7.22147160559e-05, 5.30616780452e-05, 6.14575401414e-05, 3.93808295485e-05, 2.50424072874e-05, 1.81751729542e-05, 7.68648715166e-06, 3.01904628941e-06, 1.33365062993e-06, 8.86188388449e-07, 8.77274374034e-07, 7.92080186329e-07, 9.6572421171e-07, 4.2189077476e-07, 1.21789840435e-08, 1.22314292028e-09, 1.05378372695e-09, 1.08708764213e-09, 6.97517377191e-10, 1.04980912852e-09, 1.13588283224e-09],
        "min": [3.37176686571e-07, 1.16692444863e-06, 1.25282360841e-06, 2.97407768812e-06, 3.29161230184e-06, 1.06565903479e-06, 1.0714355767e-06, 1.46733532347e-06, 2.82249152406e-06, 1.748143859e-06, 3.42350858773e-07, 1.28735769067e-06, 2.51319136169e-07, 3.55378858785e-07, 1.792156894e-07, 1.74430709876e-07, 1.29018488337e-07, 7.65410845815e-08, 3.95125425712e-08, 5.32855288782e-08, 8.37130258446e-08, 8.88692923695e-08, 6.05647585417e-08, 4.93381158151e-08, 4.30664144346e-08, 4.67894736289e-08, 2.59743089259e-08, 2.35124257841e-08, 1.10592921487e-08, 6.02591354593e-09, 4.61334970225e-09, 5.59279644818e-09, 3.46314465993e-09, 2.51012349795e-10, 8.95267263101e-11, 1.08779492358e-10, 9.64153132332e-11, 7.10778658153e-11, 1.12683008757e-10, 1.38767553004e-10],
        "stdev": [0.000166810074006, 0.000271795724984, 0.000610120245256, 0.000623563828412, 0.000477259512991, 0.000862118147779, 0.00121981150005, 0.0018809462199, 0.0011674555717, 0.000604422471952, 0.00118298013695, 0.000305492198095, 0.000251296907663, 9.6514580946e-05, 0.000161242700415, 0.000118281262985, 0.000116837785754, 7.0887595939e-05, 0.000121565622976, 0.00018278308562, 8.226196951e-05, 8.41141300043e-05, 5.377152047e-05, 3.88151893276e-05, 2.49123277172e-05, 9.75181501417e-06, 5.03385945194e-06, 2.36134792431e-06, 1.59021112722e-06, 2.03816102839e-06, 1.85744158898e-06, 1.74171407252e-06, 8.53698509218e-07, 2.45286635447e-08, 7.32934113401e-09, 5.49924150661e-09, 4.33793312382e-09, 3.86351617365e-09, 3.63839491868e-09, 3.29731819626e-09]
    },
    "melbands128": {
        "max": [5.41767803952e-05, 0.000657027354464, 0.00359336170368, 0.00424768123776, 0.00676683802158, 0.00640593282878, 0.00560624571517, 0.0110062919557, 0.0098211960867, 0.00971576478332, 0.00743325799704, 0.00799126457423, 0.00774295907468, 0.00629316363484, 0.00937793962657, 0.0230087228119, 0.0187308602035, 0.0152159426361, 0.0189948268235, 0.0182570554316, 0.0281919762492, 0.0167257077992, 0.0263124257326, 0.0181116424501, 0.0107470443472, 0.0129842208698, 0.0146212410182, 0.0249758809805, 0.00786388572305, 0.00374460290186, 0.00338031491265, 0.00738543039188, 0.00438226619735, 0.0017459631199, 0.00141195999458, 0.00187197362538, 0.00349723896943, 0.00265848264098, 0.00428558280692, 0.00250860466622, 0.00465040188283, 0.0028456968721, 0.0031374017708, 0.0033570039086, 0.00119916035328, 0.00154062418733, 0.00107946817297, 0.00386149948463, 0.00148565170821, 0.00368330976926, 0.00318961357698, 0.00349562661722, 0.00125910760835, 0.000778045563493, 0.000632903538644, 0.00160981633235, 0.00104668713175, 0.000695284921676, 0.00145900424104, 0.000696377188433, 0.000844214693643, 0.000391448207665, 0.000404824240832, 0.000345167325577, 0.000154586698045, 0.00017330335686, 6.57967248117e-05, 6.84043043293e-05, 0.000129322870634, 5.16738073202e-05, 4.94377745781e-05, 2.06487256946e-05, 2.18649875023e-05, 2.57394913206e-05, 2.4967455829e-05, 3.61324564437e-05, 3.33886564476e-05, 2.16566622839e-05, 2.54017795669e-05, 3.29047761625e-05, 2.84415764327e-05, 3.08765847876e-05, 3.01386226056e-05, 9.40941026784e-06, 2.21943628276e-06, 2.65196121063e-07, 2.57110201574e-07, 2.50417258485e-07, 2.41366166165e-07, 2.29791453421e-07, 2.02680524808e-07, 1.85940166375e-07, 1.66812085922e-07, 1.5093530692e-07, 1.49804776584e-07, 1.45204893442e-07, 1.37388013854e-07, 1.34620833592e-07, 1.2659090487e-07, 1.30779085339e-07, 1.1586994475e-07, 1.01098322602e-07, 9.88996475826e-08, 9.75688223548e-08, 9.26339893681e-08, 8.78165948848e-08, 8.3657283767e-08, 8.00677142365e-08, 7.66822125797e-08, 7.34899856525e-08, 7.04402225438e-08, 6.76056117754e-08, 6.50451497108e-08, 6.26690166428e-08, 6.04816605687e-08, 5.84359973743e-08, 5.65385711582e-08, 5.48474794471e-08, 5.32852943991e-08, 5.18554301721e-08, 5.05802759676e-08, 4.9445869621e-08, 4.84568509762e-08, 4.75972044001e-08, 4.68769201234e-08, 4.63268605699e-08, 4.59146463072e-08, 4.56603395094e-08],
        "mean": [5.91287107454e-06, 3.96973300667e-05, 0.000106387444248, 0.000149920291733, 0.000134933390655, 0.00013668439351, 0.00019130705914, 0.000436391797848, 0.000602321291808, 0.000465061079012, 0.000398210046114, 0.000382588215871, 0.000396072893636, 0.000396658986574, 0.000424610596383, 0.000552409852389, 0.000751083251089, 0.000653442228213, 0.00108839059249, 0.00107634533197, 0.00132547167595, 0.000595584919211, 0.000567080394831, 0.000532710226253, 0.000219838431804, 0.000259677617578, 0.000360580364941, 0.000618875084911, 0.000325570319546, 0.000146179052535, 0.000143588375067, 0.000267995026661, 0.000107569969259, 9.41134276218e-05, 5.77968021389e-05, 3.38225945598e-05, 6.7248402047e-05, 7.94711304479e-05, 9.46939544519e-05, 4.9693044275e-05, 3.95905481128e-05, 3.46400847775e-05, 3.1315288652e-05, 5.57286366529e-05, 3.82247162634e-05, 3.66808053514e-05, 2.20986385102e-05, 4.56521484011e-05, 6.83073230903e-05, 6.99184311088e-05, 7.19575400581e-05, 8.29579876154e-05, 4.53134307463e-05, 4.0085571527e-05, 6.50393267279e-05, 6.59425277263e-05, 6.05601308052e-05, 4.44356046501e-05, 3.01989348372e-05, 3.01261388813e-05, 2.80100503005e-05, 1.85063599929e-05, 1.90484552149e-05, 2.04815896723e-05, 1.20127224363e-05, 7.96062431618e-06, 4.42543205281e-06, 3.33341859005e-06, 3.15511351801e-06, 1.8240374402e-06, 1.30469402393e-06, 9.64787091107e-07, 1.18960429063e-06, 7.96973949946e-07, 6.17078001142e-07, 9.92106038211e-07, 9.10558867417e-07, 8.29639873245e-07, 7.8298870676e-07, 7.16496003861e-07, 9.22624167288e-07, 1.16891408197e-06, 8.94611218882e-07, 3.12466085006e-07, 6.50812168601e-08, 4.68303307244e-09, 2.08067096885e-09, 1.50282897238e-09, 1.12600995195e-09, 1.03186437173e-09, 1.04509700893e-09, 9.2327456791e-10, 1.30257560294e-09, 1.30380939378e-09, 7.9346629267e-10, 7.19654946746e-10, 7.12792436186e-10, 6.34477748118e-10, 5.16324372146e-10, 1.39678391076e-09, 2.45352760331e-09, 5.65481550474e-10, 5.39499278585e-10, 3.00096614225e-10, 1.10818881849e-10, 7.54254089741e-11, 7.20435378021e-11, 6.92998852747e-11, 6.63028937309e-11, 6.34357774643e-11, 6.08072758812e-11, 5.83460710302e-11, 5.60499945068e-11, 5.39926679755e-11, 5.20808188242e-11, 5.03658191542e-11, 4.85967967256e-11, 4.70997130186e-11, 4.57614258986e-11, 4.45447706499e-11, 4.34547814399e-11, 4.24809319666e-11, 4.16365102118e-11, 4.09009215385e-11, 4.02780933606e-11, 3.97931583518e-11, 3.94336473197e-11, 3.92149056283e-11],
        "min": [4.30848717814e-10, 1.3457008663e-07, 2.13484128153e-07, 1.34273719254e-07, 3.0390620509e-07, 1.01553098375e-07, 3.31728443825e-07, 3.80771837172e-07, 6.21733249773e-07, 6.1147869701e-07, 7.53659605834e-07, 3.09355243644e-07, 9.34299862365e-07, 6.78001413235e-07, 5.53547977233e-07, 4.45993748599e-07, 5.20404341842e-07, 2.03991760372e-07, 7.17129324812e-08, 2.43033525749e-07, 3.63730606523e-07, 1.81160530133e-07, 1.23737365243e-07, 2.06771261446e-07, 1.21386690921e-07, 6.52538005852e-08, 1.65609947089e-07, 3.40698676382e-07, 1.25535095208e-07, 1.69063739008e-07, 5.8807501091e-08, 1.00245287626e-07, 1.38155030527e-07, 2.69135576048e-08, 4.41826486508e-08, 9.53489873723e-08, 1.03573412957e-07, 9.82685008921e-08, 2.68394977354e-08, 4.43382397464e-08, 6.94512891641e-08, 7.06183342913e-08, 7.65047190043e-08, 5.99008274094e-08, 4.8333628655e-08, 4.08190814483e-08, 6.05443659651e-08, 2.11201705014e-08, 1.45868863655e-08, 4.67063188125e-08, 5.59796191624e-08, 4.87791105286e-08, 4.87585758435e-08, 4.02528037569e-08, 4.56095392565e-08, 6.12036998859e-08, 5.76327288115e-08, 4.12674125982e-08, 2.71524012163e-08, 2.17423039572e-08, 3.19699680063e-08, 4.11251370735e-08, 2.31293793007e-08, 2.62282195962e-08, 2.75088520851e-08, 3.59072416245e-08, 2.91248234419e-08, 2.19103029053e-08, 8.47323899933e-09, 1.68494587172e-08, 1.42762432986e-08, 1.16076179779e-08, 7.65050156559e-09, 7.16562675862e-09, 5.49683498718e-09, 3.58240725973e-09, 1.98106153704e-09, 4.72578776112e-09, 2.84565260245e-09, 5.85523807217e-09, 4.98173591268e-09, 3.34852545691e-09, 4.4187498105e-09, 2.0748329721e-09, 7.04240776805e-10, 1.16092489788e-10, 9.39567729175e-11, 5.21553737698e-11, 6.41636882515e-11, 3.93488019945e-11, 6.98340968386e-11, 7.74816391602e-11, 9.2277741004e-11, 8.83662865103e-11, 4.95024368719e-11, 5.01695490707e-11, 4.98559145357e-11, 3.87373189081e-11, 2.83746758728e-11, 1.19503920648e-10, 2.79238132617e-10, 3.19799048354e-11, 3.36261747613e-11, 2.07154588622e-11, 3.43361569646e-13, 2.81975387728e-14, 1.77764924227e-14, 2.74005824134e-14, 2.04517002969e-14, 1.62004639575e-14, 1.31218956057e-14, 1.86327410884e-14, 1.94983409979e-14, 1.99651832068e-14, 2.0537235378e-14, 1.79109741497e-14, 1.58651405544e-14, 1.64988126785e-14, 2.05674049975e-14, 1.60354449988e-14, 1.63589370457e-14, 1.55125901951e-14, 1.47634064939e-14, 1.69131015752e-14, 1.02975557226e-14, 4.91345474439e-15, 1.03030398374e-15, 2.19909754334e-17],
        "stdev": [7.07346225681e-06, 5.84343579249e-05, 0.000279529835097, 0.000362040213076, 0.000322048348607, 0.000338369922247, 0.000389079243178, 0.000987031497061, 0.00118406990077, 0.00087525480194, 0.000579723971896, 0.000573038705625, 0.000680535507854, 0.000655580486637, 0.00090096949134, 0.00154936953913, 0.00170082703698, 0.001451974269, 0.00256641558371, 0.00215049856342, 0.00354121089913, 0.00151825067587, 0.0018241351936, 0.00151869561523, 0.000725068384781, 0.000848229567055, 0.00136368407402, 0.00215070298873, 0.000907655572519, 0.00036864329013, 0.000344462663634, 0.00072442839155, 0.000288497103611, 0.000181461087777, 0.000129056294099, 0.000123497258755, 0.000208541052416, 0.000222455200856, 0.000306580419419, 0.000182025149115, 0.000182203148142, 0.000153985994984, 0.000165190707776, 0.000196691820747, 0.000101037374407, 0.000107312007458, 6.56143238302e-05, 0.00020488096925, 0.000165724108228, 0.000274304853519, 0.000280303211184, 0.00024721986847, 0.000112309615361, 8.94530676305e-05, 0.000100067307358, 0.000139973344631, 0.000129179519718, 7.60059483582e-05, 8.09368939372e-05, 6.26538967481e-05, 5.95162600803e-05, 3.4815442632e-05, 3.50476439053e-05, 3.37295568897e-05, 1.84962354979e-05, 1.45295298353e-05, 7.47268950363e-06, 6.46489979772e-06, 7.92238552094e-06, 4.01672741646e-06, 3.51007338395e-06, 1.98402835849e-06, 2.39370820054e-06, 1.67350594893e-06, 1.63896277172e-06, 2.6168866043e-06, 2.3997106382e-06, 1.78809034423e-06, 2.01836246561e-06, 2.07303855859e-06, 1.82878829946e-06, 2.04684420169e-06, 2.00133376893e-06, 7.121817589e-07, 1.40756668543e-07, 1.15030385217e-08, 8.47765768697e-09, 7.3664692124e-09, 7.66547625375e-09, 7.44334771596e-09, 5.73000846771e-09, 5.25474552759e-09, 4.79262496356e-09, 4.29040758476e-09, 4.12759071367e-09, 4.05940081549e-09, 3.78322706496e-09, 3.72278097238e-09, 3.51080808869e-09, 3.8125000934e-09, 3.78273501411e-09, 3.10080938704e-09, 3.1054347982e-09, 2.7406856784e-09, 2.4794895026e-09, 2.35082242561e-09, 2.23951479583e-09, 2.14347295469e-09, 2.05285544119e-09, 1.9673991325e-09, 1.88580195903e-09, 1.80992976162e-09, 1.74137271269e-09, 1.67778757554e-09, 1.61921309694e-09, 1.56447577115e-09, 1.51367729462e-09, 1.4684035099e-09, 1.4265950643e-09, 1.38831679486e-09, 1.35419597758e-09, 1.32381705598e-09, 1.29734634147e-09, 1.27434074404e-09, 1.25505872361e-09, 1.24031662718e-09, 1.22928778268e-09, 1.22248311474e-09]
    },
    "mfcc": {
        "mean": [-707.708435059, 206.455612183, -78.2735671997, 45.6886978149, -23.327123642, -13.386516571, -16.759223938, -4.93536996841, 11.1864061356, -25.2596054077, 12.1515016556, -9.93601989746, -2.0452337265],
        "cov": [[1316.49401855, -129.316467285, -842.678833008, 200.56060791, -153.778198242, 30.1617126465, -2.65445327759, 81.8695297241, 48.0651168823, -17.3087749481, 146.277618408, -57.2218399048, 3.4543132782], [-129.316467285, 489.936920166, 190.578353882, -205.711502075, 29.3851985931, -118.692497253, 60.9973983765, 47.3628082275, -55.7292633057, 6.31951332092, -2.60127973557, 71.0735397339, -24.6699237823], [-842.678833008, 190.578353882, 1129.52404785, -133.495620728, 130.506576538, 47.9345855713, 11.5059595108, -171.608062744, -34.3292541504, 16.8642959595, -228.38734436, 104.606018066, 30.9917469025], [200.56060791, -205.711502075, -133.495620728, 401.170715332, 95.1055221558, 92.5825576782, -78.6772613525, -118.879707336, 72.4647598267, -4.62934207916, -64.0310668945, -78.5755615234, 60.5288887024], [-153.778198242, 29.3851985931, 130.506576538, 95.1055221558, 481.605010986, 17.6172370911, -190.69342041, -121.476394653, 12.7821235657, 80.8676376343, -98.7255249023, -32.0806541443, 39.2187232971], [30.1617126465, -118.692497253, 47.9345855713, 92.5825576782, 17.6172370911, 214.813858032, 59.5550384521, -75.9789962769, 45.3305282593, 35.3926963806, -13.6522016525, -11.4581136703, 1.21611654758], [-2.65445327759, 60.9973983765, 11.5059595108, -78.6772613525, -190.69342041, 59.5550384521, 298.352386475, 85.5562744141, -1.92288446426, 13.6627397537, -7.20881986618, 44.3493118286, -44.9086647034], [81.8695297241, 47.3628082275, -171.608062744, -118.879707336, -121.476394653, -75.9789962769, 85.5562744141, 284.585327148, 13.6741876602, -80.7245559692, 113.05355072, -2.07602477074, -40.2196083069], [48.0651168823, -55.7292633057, -34.3292541504, 72.4647598267, 12.7821235657, 45.3305282593, -1.92288446426, 13.6741876602, 92.5298461914, 19.7334003448, -12.5178403854, -11.0561304092, 3.39566612244], [-17.3087749481, 6.31951332092, 16.8642959595, -4.62934207916, 80.8676376343, 35.3926963806, 13.6627397537, -80.7245559692, 19.7334003448, 137.268829346, -7.73003816605, 8.74451351166, 5.61767435074], [146.277618408, -2.60127973557, -228.38734436, -64.0310668945, -98.7255249023, -13.6522016525, -7.20881986618, 113.05355072, -12.5178403854, -7.73003816605, 188.847946167, 12.8473453522, -22.2081794739], [-57.2218399048, 71.0735397339, 104.606018066, -78.5755615234, -32.0806541443, -11.4581136703, 44.3493118286, -2.07602477074, -11.0561304092, 8.74451351166, 12.8473453522, 92.3921127319, 10.7913780212], [3.4543132782, -24.6699237823, 30.9917469025, 60.5288887024, 39.2187232971, 1.21611654758, -44.9086647034, -40.2196083069, 3.39566612244, 5.61767435074, -22.2081794739, 10.7913780212, 83.8658218384]],
        "icov": [[0.00182119745295, -0.000710966531187, 0.00162672321312, -0.00103693513665, 0.00116579676978, -0.00166307808831, 0.00170710647944, -0.00138169736601, 0.00120944529772, -0.00119044247549, 0.00176240957808, -0.00172494573053, 0.000312977732392], [-0.000710966531187, 0.00389372906648, -0.00120870105457, 0.00176928099245, -0.00218460592441, 0.00364087917842, -0.00345749873668, 0.00241624284536, -0.00174763472751, 0.00210137362592, -0.00284059578553, 0.000868062430527, -0.000313393975375], [0.00162672321312, -0.00120870105457, 0.00329757481813, -0.000411983259255, 0.00149678019807, -0.00326867843978, 0.00306504569016, -0.00203672493808, 0.00223459303379, -0.00152036338113, 0.00485760625452, -0.00386755936779, 0.000463519943878], [-0.00103693513665, 0.00176928099245, -0.000411983259255, 0.00794392917305, -0.00312152365223, 0.00274003925733, -0.00511468341574, 0.00736522534862, -0.00791751034558, 0.00675149215385, -0.0042988457717, 0.00668340316042, -0.00493468577042], [0.00116579676978, -0.00218460592441, 0.00149678019807, -0.00312152365223, 0.00729678478092, -0.00585517473519, 0.00920257624239, -0.00745170004666, 0.00656120618805, -0.00837975740433, 0.00868988595903, -0.00461428333074, 0.0022265384905], [-0.00166307808831, 0.00364087917842, -0.00326867843978, 0.00274003925733, -0.00585517473519, 0.0153976455331, -0.0125918183476, 0.0121418563649, -0.0115394648165, 0.00851344596595, -0.0126620903611, 0.00826630648226, -0.00255487649702], [0.00170710647944, -0.00345749873668, 0.00306504569016, -0.00511468341574, 0.00920257624239, -0.0125918183476, 0.0195589009672, -0.0159940645099, 0.0134088285267, -0.0141678340733, 0.0167497675866, -0.0123701542616, 0.00658697495237], [-0.00138169736601, 0.00241624284536, -0.00203672493808, 0.00736522534862, -0.00745170004666, 0.0121418563649, -0.0159940645099, 0.0223302356899, -0.0172912850976, 0.0171055737883, -0.0177394486964, 0.0123237203807, -0.00507135456428], [0.00120944529772, -0.00174763472751, 0.00223459303379, -0.00791751034558, 0.00656120618805, -0.0115394648165, 0.0134088285267, -0.0172912850976, 0.0275101084262, -0.0153244053945, 0.0151393702254, -0.0111729959026, 0.0056708403863], [-0.00119044247549, 0.00210137362592, -0.00152036338113, 0.00675149215385, -0.00837975740433, 0.00851344596595, -0.0141678340733, 0.0171055737883, -0.0153244053945, 0.0226850025356, -0.0144515819848, 0.00906790606678, -0.00512457359582], [0.00176240957808, -0.00284059578553, 0.00485760625452, -0.0042988457717, 0.00868988595903, -0.0126620903611, 0.0167497675866, -0.0177394486964, 0.0151393702254, -0.0144515819848, 0.0252332985401, -0.0138779366389, 0.00580386025831], [-0.00172494573053, 0.000868062430527, -0.00386755936779, 0.00668340316042, -0.00461428333074, 0.00826630648226, -0.0123701542616, 0.0123237203807, -0.0111729959026, 0.00906790606678, -0.0138779366389, 0.0255574826151, -0.00886256527156], [0.000312977732392, -0.000313393975375, 0.000463519943878, -0.00493468577042, 0.0022265384905, -0.00255487649702, 0.00658697495237, -0.00507135456428, 0.0056708403863, -0.00512457359582, 0.00580386025831, -0.00886256527156, 0.0180908851326]]
    },
    "spectral_contrast_coeffs": {
        "max": [-0.390982657671, -0.40806645155, -0.429309010506, -0.534271717072, -0.535901069641, -0.422764390707],
        "mean": [-0.647565245628, -0.661275923252, -0.708193600178, -0.749131560326, -0.71988338232, -0.64203697443],
        "min": [-0.881373822689, -0.901475071907, -0.882816851139, -0.892229914665, -0.87793892622, -0.947283923626],
        "stdev": [0.0769253894687, 0.0907995924354, 0.0744572132826, 0.0692836940289, 0.0742609426379, 0.0640729293227]
    },
    "spectral_contrast_valleys": {
        "max": [-5.55208396912, -5.0491437912, -5.53263044357, -6.20839643478, -6.33422279358, -9.82550430298],
        "mean": [-7.47602319717, -6.69542694092, -7.50848913193, -7.79194641113, -8.07778167725, -13.098025322],
        "min": [-9.36041545868, -8.42844200134, -9.22222995758, -9.76652145386, -9.54940986633, -14.0426740646],
        "stdev": [0.562521338463, 0.53871268034, 0.575788259506, 0.510859310627, 0.609074652195, 0.38468337059]
    }
},
"rhythm": {
    "beats_count": 51,
    "beats_loudness": {
        "max": 0.071583814919,
        "mean": 0.0304263215512,
        "min": 0.00303876237012,
        "stdev": 0.0156555641443
    },
    "bpm": 89.1339035034,
    "bpm_histogram_first_peak_bpm": 88,
    "bpm_histogram_first_peak_weight": 0.269230723381,
    "bpm_histogram_second_peak_bpm": 101,
    "bpm_histogram_second_peak_spread": 0.5,
    "bpm_histogram_second_peak_weight": 0.119999997318,
    "danceability": 1.17218136787,
    "onset_rate": 2.86083960533,
    "beats_loudness_band_ratio": {
        "max": [0.572455942631, 0.899115204811, 0.877503156662, 0.665201127529, 0.733968317509, 0.0995945557952],
        "mean": [0.082845903933, 0.192095547915, 0.456909775734, 0.158425673842, 0.172227144241, 0.0207410398871],
        "min": [0.000770141661633, 0.00722200842574, 0.0382443070412, 0.00420002453029, 0.00252956245095, 0.000242567955866],
        "stdev": [0.119362212718, 0.214433044195, 0.247446522117, 0.158931598067, 0.188479244709, 0.0256294980645]
    },
    "beats_position": [0.638548731804, 1.28870749474, 1.95047616959, 2.62385487556, 3.30884337425, 3.99383211136, 4.66721057892, 5.34058952332, 6.01396799088, 6.68734693527, 7.37233543396, 8.04571437836, 8.71909236908, 9.4040813446, 10.077460289, 10.7624483109, 11.4474372864, 12.0395460129, 12.6432647705, 13.235373497, 13.8042631149, 14.3731517792, 14.9304304123, 15.4993190765, 16.0914287567, 16.6254863739, 17.1711559296, 17.693605423, 18.2044448853, 18.7152824402, 19.2261219025, 19.7485713959, 20.2710208893, 20.851518631, 21.4552383423, 22.0473461151, 22.6394557953, 23.2315635681, 23.9165534973, 24.5783214569, 25.2400894165, 25.9250793457, 26.6100673676, 27.2950553894, 27.9800453186, 28.6185932159, 29.2687530518, 29.9073009491, 30.5574588776, 31.2076187134, 31.8461666107],
