{
"metadata": {
    "version": {
        "essentia": "2.1-beta5",
        "essentia_git_sha": "Undefined",
        "extractor": "music 2.0"
    },
    "audio_properties": {
        "analysis": {
            "equal_loudness": 0,
            "length": 30.0698413849,
            "sample_rate": 44100,
            "start_time": 110.248344421,
            "downmix": "mix"
        },
        "bit_rate": 192000,
        "length": 140.341415405,
        "lossless": 0,
        "number_channels": 2,
        "replay_gain": -13.654258728,
        "sample_rate": 48000,
        "codec": "mp3",
        "md5_encoded": "a319be95990252bf6b02d23bc6e9afe9"
    },
    "tags": {
        "file_name": "Monaco_Va Dire à L_amour_Marjorie Noël.mp3",
        "encoding": ["Lavf58.29.100"]
    }
},
"lowlevel": {
    "average_loudness": 0.737950086594,
    "barkbands_crest": {
        "max": 26.8988857269,
        "mean": 10.5067014694,
        "min": 3.25189256668,
        "stdev": 4.72026634216
    },
    "barkbands_flatness_db": {
        "max": 0.638244271278,
        "mean": 0.218801543117,
        "min": 0.113272339106,
        "stdev": 0.0535165034235
    },
    "barkbands_kurtosis": {
        "max": 13551.7480469,
        "mean": 24.5096187592,
        "min": -1.60937035084,
        "stdev": 421.003295898
    },
    "barkbands_skewness": {
        "max": 106.566207886,
        "mean": 1.1016715765,
        "min": -1.58284068108,
        "stdev": 4.55270814896
    },
    "barkbands_spread": {
        "max": 58.2017478943,
        "mean": 12.4138698578,
        "min": 0.0339534543455,
        "stdev": 6.73709344864
    },
    "dissonance": {
        "max": 0.499981731176,
        "mean": 0.437510371208,
        "min": 0.218070790172,
        "stdev": 0.0503582805395
    },
    "dynamic_complexity": 3.98612713814,
    "erbbands_crest": {
        "max": 26.4583129883,
        "mean": 11.0877761841,
        "min": 1.97036385536,
        "stdev": 4.583589077
    },
    "erbbands_flatness_db": {
        "max": 0.383926123381,
        "mean": 0.267733514309,
        "min": 0.0128127913922,
        "stdev": 0.0472274571657
    },
    "erbbands_kurtosis": {
        "max": 10.3042001724,
        "mean": 1.18267643452,
        "min": -1.74757945538,
        "stdev": 1.86853551865
    },
    "erbbands_skewness": {
        "max": 2.76117730141,
        "mean": 0.245133087039,
        "min": -2.40292167664,
        "stdev": 0.694955527782
    },
    "erbbands_spread": {
        "max": 195.861160278,
        "mean": 19.6535873413,
        "min": 3.7453212738,
        "stdev": 13.2259941101
    },
    "hfc": {
        "max": 117.36505127,
        "mean": 19.7970161438,
        "min": 1.13718961359e-07,
        "stdev": 16.9722614288
    },
    "loudness_ebu128": {
        "integrated": -10.1784896851,
        "loudness_range": 5.53667974472,
        "momentary": {
            "max": -5.95772838593,
            "mean": -12.3180923462,
            "min": -91.6758346558,
            "stdev": 7.79955053329
        },
        "short_term": {
            "max": -7.48298978806,
            "mean": -11.0262870789,
            "min": -19.3358535767,
            "stdev": 2.41334962845
        }
    },
    "melbands_crest": {
        "max": 39.9940032959,
        "mean": 12.7423505783,
        "min": 3.47237753868,
        "stdev": 6.11277246475
    },
    "melbands_flatness_db": {
        "max": 0.627412378788,
        "mean": 0.26655998826,
        "min": 0.138528510928,
        "stdev": 0.0581784434617
    },
    "melbands_kurtosis": {
        "max": 13026.8994141,
        "mean": 37.8084907532,
        "min": -1.50290906429,
        "stdev": 525.561401367
    },
    "melbands_skewness": {
        "max": 111.551689148,
        "mean": 1.65802133083,
        "min": -1.13618195057,
        "stdev": 5.44498348236
    },
    "melbands_spread": {
        "max": 118.113250732,
        "mean": 18.8937740326,
        "min": 0.041196115315,
        "stdev": 10.0135536194
    },
    "pitch_salience": {
        "max": 0.866989016533,
        "mean": 0.561653673649,
        "min": 0.00125356030185,
        "stdev": 0.143972113729
    },
    "silence_rate_20dB": {
        "max": 1,
        "mean": 1,
        "min": 1,
        "stdev": 0
    },
    "silence_rate_30dB": {
        "max": 1,
        "mean": 0.998456776142,
        "min": 0,
        "stdev": 0.0392534136772
    },
    "silence_rate_60dB": {
        "max": 1,
        "mean": 0.0895061716437,
        "min": 0,
        "stdev": 0.285472929478
    },
    "spectral_centroid": {
        "max": 4528.14013672,
        "mean": 1100.09448242,
        "min": 331.516906738,
        "stdev": 593.448974609
    },
    "spectral_complexity": {
        "max": 44,
        "mean": 16.7901229858,
        "min": 0,
        "stdev": 9.51002120972
    },
    "spectral_decrease": {
        "max": -4.22821608825e-17,
        "mean": -6.17335649267e-09,
        "min": -3.06013383522e-08,
        "stdev": 4.63600757783e-09
    },
    "spectral_energy": {
        "max": 0.122709222138,
        "mean": 0.025095326826,
        "min": 1.78106279725e-10,
        "stdev": 0.0187373999506
    },
    "spectral_energyband_high": {
        "max": 0.00235606520437,
        "mean": 0.000139011623105,
        "min": 8.35354355133e-12,
        "stdev": 0.000238334629103
    },
    "spectral_energyband_low": {
        "max": 0.0334569402039,
        "mean": 0.0031579034403,
        "min": 7.99408594876e-11,
        "stdev": 0.00473703071475
    },
    "spectral_energyband_middle_high": {
        "max": 0.0442250259221,
        "mean": 0.0086850291118,
        "min": 1.09726659182e-12,
        "stdev": 0.00901853386313
    },
    "spectral_energyband_middle_low": {
        "max": 0.106926470995,
        "mean": 0.0135566145182,
        "min": 9.57642033164e-14,
        "stdev": 0.0147481765598
    },
    "spectral_entropy": {
        "max": 9.02491664886,
        "mean": 7.01209020615,
        "min": 5.53029060364,
        "stdev": 0.504351854324
    },
    "spectral_flux": {
        "max": 0.312253981829,
        "mean": 0.0650987848639,
        "min": 7.37757090974e-06,
        "stdev": 0.0364517718554
    },
    "spectral_kurtosis": {
        "max": 39.163105011,
        "mean": 8.77733707428,
        "min": -0.460318803787,
        "stdev": 6.22802114487
    },
    "spectral_rms": {
        "max": 0.0109414951876,
        "mean": 0.00453958334401,
        "min": 4.16847967699e-07,
        "stdev": 0.0019686112646
    },
    "spectral_rolloff": {
        "max": 5297.16796875,
        "mean": 1185.68896484,
        "min": 21.533203125,
        "stdev": 596.583190918
    },
    "spectral_skewness": {
        "max": 4.44939231873,
        "mean": 1.75399446487,
        "min": -0.186107322574,
        "stdev": 0.672096312046
    },
    "spectral_spread": {
        "max": 17438050,
        "mean": 2329917.75,
        "min": 1423393.125,
        "stdev": 1101897.125
    },
    "spectral_strongpeak": {
        "max": 8.24293899536,
        "mean": 1.71424150467,
        "min": 0,
        "stdev": 1.52526772022
    },
    "zerocrossingrate": {
        "max": 0.25537109375,
        "mean": 0.0425961352885,
        "min": 0,
        "stdev": 0.0192764531821
    },
    "barkbands": {
        "max": [0.000211539008887, 0.0252968482673, 0.0254546143115, 0.0206638071686, 0.0276795048267, 0.0554657578468, 0.0440780371428, 0.0640083923936, 0.0790333971381, 0.00986143574119, 0.0207935981452, 0.0152039397508, 0.017081849277, 0.0136875016615, 0.0176605824381, 0.0135518591851, 0.00522869639099, 0.00282032601535, 0.00240280246362, 0.00209630071186, 0.00199340214022, 0.000505226722453, 4.32145679952e-05, 1.61565621966e-05, 6.70046028972e-06, 3.245043672e-06, 4.06265854735e-07],
        "mean": [1.78206100827e-05, 0.00117006513756, 0.00163801864255, 0.000760709517635, 0.00282463734038, 0.00270584016107, 0.00126021134201, 0.000901080202311, 0.00491046346724, 0.000645567954052, 0.00187684851699, 0.00179441215005, 0.00145637372043, 0.000825153256301, 0.000967775122263, 0.00055862008594, 0.000308916787617, 0.00015890513896, 0.000131026143208, 9.30778187467e-05, 6.67926506139e-05, 2.2336087568e-05, 2.04992758768e-07, 2.17974445604e-07, 2.28247444056e-07, 4.48907222506e-08, 1.14485476654e-09],
        "min": [1.33543370806e-10, 1.70005806308e-12, 4.40374785088e-16, 3.43790503318e-16, 8.7992950464e-15, 5.34691072614e-15, 1.40275737261e-14, 4.33406811484e-15, 3.21062824222e-14, 3.9771344448e-14, 7.83420027527e-14, 4.03186530928e-14, 5.093696664e-14, 7.13140484165e-14, 6.82222561863e-14, 6.45752372473e-14, 1.11255500797e-13, 9.28417905706e-14, 1.7003005991e-13, 2.23005899229e-13, 1.39785793075e-13, 1.59216295204e-13, 2.59752885434e-13, 2.84866585615e-13, 1.09134012591e-12, 2.19971111638e-12, 2.36741767683e-12],
        "stdev": [1.93393480004e-05, 0.00220049987547, 0.00301209720783, 0.00173401134089, 0.00412299437448, 0.00580735644326, 0.00310192629695, 0.00277805072255, 0.00897908676416, 0.00115772674326, 0.00282466202043, 0.00253873877227, 0.00222509796731, 0.00169701024424, 0.00163298449479, 0.0011712689884, 0.000487561512273, 0.000244487746386, 0.000196326160221, 0.000169554041349, 0.000134635192808, 4.45836412837e-05, 1.43922454754e-06, 6.44862780064e-07, 2.53749732337e-07, 9.7264162946e-08, 1.13548628278e-08]
    },
    "erbbands": {
        "max": [0.622871041298, 6.07244634628, 24.7118434906, 26.3409156799, 125.294250488, 123.906234741, 367.677612305, 660.651184082, 770.644165039, 1918.84924316, 827.964294434, 2433.22412109, 561.291748047, 642.897033691, 730.070007324, 603.334228516, 507.502593994, 662.852966309, 591.818115234, 978.51953125, 790.829345703, 291.718414307, 100.176200867, 207.327316284, 85.2199935913, 88.8436355591, 119.612792969, 29.2115345001, 21.6807098389, 3.27307200432, 1.02750504017, 0.65752774477, 0.214002087712, 0.0791643336415, 0.0479846522212, 0.021621864289, 0.00569322425872, 0.000250976969255, 7.14544730727e-05, 0.000142507109558],
        "mean": [0.0190188102424, 0.329825878143, 1.71155560017, 2.26349163055, 4.91081476212, 11.840672493, 14.0579519272, 26.4147472382, 16.6748409271, 20.304271698, 25.4588031769, 114.828788757, 57.1246452332, 53.8860092163, 69.2840499878, 64.9719161987, 57.0833625793, 53.5762672424, 47.742767334, 46.19871521, 27.4112014771, 17.2856063843, 10.0424480438, 7.31879281998, 5.76677513123, 4.30450677872, 3.68830060959, 1.88480889797, 1.03030061722, 0.111076965928, 0.00842060614377, 0.00619953451678, 0.00324651855044, 0.00406749360263, 0.000822071509901, 0.000336872471962, 2.68572857749e-05, 4.53698294223e-06, 1.34457395689e-05, 2.94892797683e-05],
        "min": [1.29207800015e-09, 1.22417326276e-10, 2.7340511799e-11, 1.37666371358e-11, 1.12161686189e-11, 1.81465988069e-11, 5.69058550282e-11, 6.05658856401e-11, 1.80404427508e-10, 3.12608522401e-10, 2.43348285967e-10, 6.59649390666e-10, 1.17095610985e-09, 1.6555241622e-09, 3.23305449079e-09, 2.18976747846e-09, 2.78257905606e-09, 3.1607023665e-09, 4.40437020188e-09, 3.71009600819e-09, 5.13340792097e-09, 6.31574126331e-09, 6.41693143066e-09, 7.00672719844e-09, 9.63905044671e-09, 1.06105266795e-08, 6.68130661907e-09, 6.30054763917e-09, 5.25494181502e-09, 5.42812061965e-09, 7.96529953107e-09, 5.71630565105e-09, 5.02335639752e-09, 7.45959116699e-09, 1.04161603787e-08, 7.61890284195e-09, 4.22623314122e-09, 1.73927361402e-09, 3.61115776171e-10, 3.33192605451e-11],
        "stdev": [0.0384641177952, 0.614690005779, 3.14342188835, 3.64524459839, 10.2162828445, 18.0601119995, 35.4173469543, 66.3828811646, 37.2089500427, 70.9338150024, 63.5736541748, 220.914978027, 87.2994918823, 80.9980773926, 103.691749573, 88.485496521, 82.6837921143, 86.1275024414, 83.7648544312, 81.3020019531, 54.5235023499, 27.2681751251, 14.9027233124, 12.2415409088, 8.12811088562, 7.42002010345, 7.94332075119, 3.21739315987, 2.02220916748, 0.245887845755, 0.0360495038331, 0.0229563098401, 0.00852474477142, 0.00352920568548, 0.00160852191038, 0.000659550249111, 0.000165908422787, 9.7314859886e-06, 9.98798805085e-06, 2.18708410102e-05]
    },
    "gfcc": {
        "mean": [-89.2379150391, 170.377212524, -170.76335144, 17.8779850006, -43.6758079529, -9.67839622498, -12.8513650894, -7.24385213852, -20.0601997375, -1.28288650513, -10.0873508453, -14.9281425476, 10.7644987106],
        "cov": [[18114.0195312, 3664.09423828, -2917.25732422, -522.217590332, -167.094863892, -854.591186523, 210.053131104, -692.037719727, -235.161804199, -333.709899902, -245.352020264, -395.154022217, 4.45275688171], [3664.09423828, 1303.40380859, -75.1842193604, -168.320999146, -121.168571472, -260.950866699, -34.0114479065, -104.12828064, -172.496994019, -149.141983032, 13.4298038483, -187.43510437, 37.8638687134], [-2917.25732422, -75.1842193604, 1164.97814941, 139.100479126, -130.993453979, 27.0534877777, -171.929458618, 166.599899292, -104.155479431, -36.5645828247, 82.0537872314, -50.7435340881, 35.106918335], [-522.217590332, -168.320999146, 139.100479126, 387.177337646, 58.3220939636, -10.7704296112, -103.157829285, 58.8701972961, 53.2852745056, 30.6039028168, -44.211769104, -4.26849412918, -31.3052902222], [-167.094863892, -121.168571472, -130.993453979, 58.3220939636, 210.434249878, 91.2068710327, 78.6090698242, 30.9526996613, 43.4646453857, 14.1578578949, -4.97136068344, 25.024969101, -48.2914543152], [-854.591186523, -260.950866699, 27.0534877777, -10.7704296112, 91.2068710327, 284.382629395, 81.7607421875, 33.7271652222, 3.37731480598, 18.0041828156, 15.822177887, 50.3735656738, -19.2805709839], [210.053131104, -34.0114479065, -171.929458618, -103.157829285, 78.6090698242, 81.7607421875, 238.104492188, -10.872713089, 9.03700828552, 15.0105171204, 1.74497389793, 16.6535758972, -27.8041591644], [-692.037719727, -104.12828064, 166.599899292, 58.8701972961, 30.9526996613, 33.7271652222, -10.872713089, 114.628219604, 24.7270374298, -1.0965269804, 4.87259197235, 3.67945718765, -5.93961191177], [-235.161804199, -172.496994019, -104.155479431, 53.2852745056, 43.4646453857, 3.37731480598, 9.03700828552, 24.7270374298, 132.276428223, 63.5534629822, -25.4005889893, 25.4106121063, -11.0711622238], [-333.709899902, -149.141983032, -36.5645828247, 30.6039028168, 14.1578578949, 18.0041828156, 15.0105171204, -1.0965269804, 63.5534629822, 93.2683258057, 23.3393135071, 23.1629657745, -10.3483066559], [-245.352020264, 13.4298038483, 82.0537872314, -44.211769104, -4.97136068344, 15.822177887, 1.74497389793, 4.87259197235, -25.4005889893, 23.3393135071, 86.8310470581, 36.0121574402, 6.78169250488], [-395.154022217, -187.43510437, -50.7435340881, -4.26849412918, 25.024969101, 50.3735656738, 16.6535758972, 3.67945718765, 25.4106121063, 23.1629657745, 36.0121574402, 101.927940369, 24.9849205017], [4.45275688171, 37.8638687134, 35.106918335, -31.3052902222, -48.2914543152, -19.2805709839, -27.8041591644, -5.93961191177, -11.0711622238, -10.3483066559, 6.78169250488, 24.9849205017, 77.6526870728]],
        "icov": [[0.000995975802653, -0.00283469003625, 0.00240913499147, -0.000797870976385, 0.00122984056361, 1.51911499415e-05, -0.00011692703265, -0.000111200090032, 0.000653552182484, -0.000294224126264, 0.00137680757325, -0.00129536632448, 0.000983007135801], [-0.00283469003625, 0.0104268165305, -0.00614300742745, 0.00181163277011, -0.00346757052466, 0.000861448934302, -0.000187331257621, 0.00140236713924, -0.00249421596527, 0.00490039400756, -0.00892740488052, 0.00957390014082, -0.0053196977824], [0.00240913499147, -0.00614300742745, 0.00797260738909, -0.00292086321861, 0.00430123880506, -0.000401288183639, 2.40358131123e-05, -0.00259132962674, 0.00228090770543, 0.000865930109285, -0.000577799102757, 0.000355431810021, 0.000837609812152], [-0.000797870976385, 0.00181163277011, -0.00292086321861, 0.00561256846413, -0.0031997023616, 0.000706832215656, 0.00260439654812, -0.00124842382502, 0.00115674582776, -0.00430811475962, 0.00518205342814, -0.00248334743083, 0.00170552521013], [0.00122984056361, -0.00346757052466, 0.00430123880506, -0.0031997023616, 0.0106118330732, -0.00204855832271, -0.00226562400348, -0.00207288889214, -0.00170587003231, 0.00313431862742, -0.00158152380027, -0.0015347894514, 0.00431314203888], [1.51911499415e-05, 0.000861448934302, -0.000401288183639, 0.000706832215656, -0.00204855832271, 0.00570661434904, -0.0010803436162, -0.000603762979154, 0.00222015753388, -0.000962661055382, 0.00101889006328, -0.00141698867083, 0.000310565927066], [-0.00011692703265, -0.000187331257621, 2.40358131123e-05, 0.00260439654812, -0.00226562400348, -0.0010803436162, 0.00699362298474, -0.00103692873381, 0.00178888475057, -0.00342800514773, 0.00307957478799, -0.00194698292762, 0.00204044068232], [-0.000111200090032, 0.00140236713924, -0.00259132962674, -0.00124842382502, -0.00207288889214, -0.000603762979154, -0.00103692873381, 0.0160877574235, -0.0074646784924, 0.00736754015088, -0.00513233616948, 0.00353482551873, -0.00136047706474], [0.000653552182484, -0.00249421596527, 0.00228090770543, 0.00115674582776, -0.00170587003231, 0.00222015753388, 0.00178888475057, -0.0074646784924, 0.0222471151501, -0.0181931741536, 0.0155132953078, -0.00907220691442, 0.00248529878445], [-0.000294224126264, 0.00490039400756, 0.000865930109285, -0.00430811475962, 0.00313431862742, -0.000962661055382, -0.00342800514773, 0.00736754015088, -0.0181931741536, 0.0341291092336, -0.0248570349067, 0.014676890336, -0.00405171141028], [0.00137680757325, -0.00892740488052, -0.000577799102757, 0.00518205342814, -0.00158152380027, 0.00101889006328, 0.00307957478799, -0.00513233616948, 0.0155132953078, -0.0248570349067, 0.0415434837341, -0.0270741656423, 0.0105862440541], [-0.00129536632448, 0.00957390014082, 0.000355431810021, -0.00248334743083, -0.0015347894514, -0.00141698867083, -0.00194698292762, 0.00353482551873, -0.00907220691442, 0.014676890336, -0.0270741656423, 0.0361736491323, -0.0161009132862], [0.000983007135801, -0.0053196977824, 0.000837609812152, 0.00170552521013, 0.00431314203888, 0.000310565927066, 0.00204044068232, -0.00136047706474, 0.00248529878445, -0.00405171141028, 0.0105862440541, -0.0161009132862, 0.0231805928051]]
    },
    "melbands": {
        "max": [0.00679924339056, 0.00866258982569, 0.00825115386397, 0.00697873067111, 0.00976271927357, 0.0126621192321, 0.0103086316958, 0.0210014991462, 0.00780322169885, 0.0158755239099, 0.00281532085501, 0.00256391428411, 0.00231174519286, 0.00159501819871, 0.00216653663665, 0.00208431389183, 0.0012828236213, 0.0011238042498, 0.00172354013193, 0.00106006243732, 0.00102946429979, 0.000342897779774, 0.00015826834715, 0.000127475097543, 0.000180145405466, 5.20917674294e-05, 0.000120875061839, 6.34671305306e-05, 7.40769755794e-05, 5.10049976583e-05, 1.29875752464e-05, 1.52918601088e-05, 5.13833674631e-06, 1.11651957013e-06, 4.40973622062e-07, 7.20879825167e-07, 2.99378143609e-07, 1.91127782045e-07, 4.81183661805e-08, 8.18953722614e-08],
        "mean": [0.0002453167981, 0.00072899099905, 0.000469193590106, 0.000592028372921, 0.000505536329001, 0.000554472848307, 0.000264261034317, 0.000204081399716, 0.000204518568353, 0.000817618973088, 0.000277824525256, 0.000199450922082, 0.000243474947638, 0.000195070941118, 0.000130519023514, 0.00014973130601, 9.14893316804e-05, 7.45807410567e-05, 7.6654177974e-05, 4.73075924674e-05, 2.81115571852e-05, 1.9212209736e-05, 1.09087168312e-05, 7.19738000043e-06, 5.93716777075e-06, 4.05441051043e-06, 3.64657921637e-06, 2.7135779419e-06, 2.50426410275e-06, 1.69952591023e-06, 8.97551274193e-07, 6.70454994633e-07, 2.25513247187e-07, 5.56343193736e-09, 2.75512812564e-09, 3.27466764816e-09, 3.68123065364e-09, 2.05744732362e-09, 2.88011769989e-09, 3.19769632995e-09],
        "min": [1.79444688275e-11, 8.33934694456e-16, 5.14766115425e-16, 1.16307205718e-15, 1.80173309947e-15, 1.24340699124e-15, 2.84497424093e-15, 2.81605865369e-15, 2.303517535e-15, 4.73673783709e-15, 6.14081649639e-15, 6.13331390206e-15, 1.10290931864e-14, 5.33197414714e-15, 5.58601203352e-15, 6.88344416256e-15, 4.19656840948e-15, 6.14526723101e-15, 5.10163327802e-15, 6.35433359712e-15, 4.2133464381e-15, 6.54460811377e-15, 7.30963344866e-15, 5.43544642143e-15, 4.79424629201e-15, 6.98472516262e-15, 3.94334198067e-15, 6.51834331614e-15, 4.75369374263e-15, 2.88768418323e-15, 4.4437559169e-15, 3.51563311747e-15, 1.8214859078e-15, 3.5900170098e-15, 4.75594219158e-15, 3.60773693905e-15, 3.58153228076e-15, 2.95647151712e-15, 4.80609501239e-15, 6.53318968613e-15],
        "stdev": [0.000479199865367, 0.00123559543863, 0.000768964586314, 0.000906142813619, 0.00102793250699, 0.00129327061586, 0.000555338105187, 0.000740351737477, 0.000571927172132, 0.00157302431762, 0.000446805701358, 0.000311910524033, 0.000336028402671, 0.000285252986941, 0.000218897781451, 0.000246648123721, 0.000160122654052, 0.000141313576023, 0.000131432534545, 9.21826140257e-05, 5.97620855842e-05, 3.07261834678e-05, 1.86182169273e-05, 1.02742269519e-05, 1.11225499495e-05, 6.03871012572e-06, 6.45980207992e-06, 5.04332683704e-06, 5.70475458517e-06, 3.44698059962e-06, 1.64004427461e-06, 1.34838217036e-06, 5.0087191994e-07, 3.60530023613e-08, 1.64977560502e-08, 2.3457024767e-08, 1.10681757093e-08, 7.59029372688e-09, 2.31101626724e-09, 3.31896710115e-09]
    },
    "melbands128": {
        "max": [0.000135258000228, 0.00326896971092, 0.0121530946344, 0.0103389602154, 0.0126128224656, 0.0118644563481, 0.00673517864197, 0.0144726699218, 0.0154858641326, 0.0103781912476, 0.00826352648437, 0.0125259906054, 0.0185163281858, 0.0238978657871, 0.0207821764052, 0.0156823582947, 0.0161178857088, 0.0135369151831, 0.00836445018649, 0.0312988087535, 0.022948205471, 0.00417683739215, 0.0151663655415, 0.00985397771001, 0.0232536122203, 0.0225917547941, 0.00732144713402, 0.00242606294341, 0.0018595228903, 0.00283064832911, 0.00475055165589, 0.00728697469458, 0.0025866960641, 0.00513854203746, 0.00419393321499, 0.0020590168424, 0.00331565830857, 0.00467475363985, 0.0020679323934, 0.00204152148217, 0.00488637713715, 0.00216428004205, 0.00171772728208, 0.00234870845452, 0.00194714521058, 0.00132409192156, 0.00155408203136, 0.00108795939013, 0.0041320421733, 0.00225689238869, 0.00213963608257, 0.00123927334789, 0.00222749728709, 0.000699651485775, 0.000456347625004, 0.000388392189052, 0.000364367850125, 0.000194493870367, 0.000238493375946, 0.000170464802068, 0.000108428808744, 0.000103147525806, 0.000485408207169, 0.000334866897902, 6.40571961412e-05, 0.000123375779367, 0.000126896076836, 0.00010062281217, 0.000260251428699, 0.000111371649837, 6.50870351819e-05, 0.000120194847113, 0.000118400726933, 0.000102139558294, 0.00012999928731, 8.29849013826e-05, 3.73032817151e-05, 2.60852903011e-05, 1.73579173861e-05, 1.33356406877e-05, 2.6881127269e-05, 1.20030672406e-05, 1.33559142341e-05, 5.24869301444e-06, 2.64436403086e-06, 7.10776021151e-07, 1.08439769519e-06, 5.87848148825e-07, 2.59884274101e-07, 5.02650891576e-07, 8.75030139014e-07, 8.61557680309e-07, 2.19179511873e-07, 3.6043186924e-07, 2.12534786215e-07, 3.8702251004e-07, 2.3478119715e-07, 7.1888287323e-08, 5.21517158347e-08, 2.83344263607e-08, 8.14620122469e-08, 1.18316002329e-07, 8.59007371901e-08, 4.56971669394e-08, 5.92031383917e-08, 5.20063316856e-08, 3.62796015452e-08, 1.71447922526e-08, 3.37145884544e-08, 7.41375529856e-08, 1.84418524896e-08, 2.54162841884e-08, 2.28952945491e-08, 2.13203321664e-09, 2.06540229364e-09, 2.00606242728e-09, 1.94622717942e-09, 1.89439508524e-09, 1.84601900433e-09, 1.79637260622e-09, 1.75171033234e-09, 1.72179293045e-09, 1.6865875363e-09, 1.6575277817e-09, 1.63787550189e-09, 1.61617996763e-09, 1.60254376436e-09, 1.59450552761e-09],
        "mean": [1.48154231283e-05, 0.000104650280264, 0.000288759008981, 0.00060848495923, 0.000887743779458, 0.000759813643526, 0.000424599216785, 0.000406570965424, 0.000477808760479, 0.000565843482036, 0.000766275043134, 0.000492956372909, 0.000489403435495, 0.000407052983064, 0.000709186831955, 0.000573570549022, 0.000256290426478, 0.000183981421287, 0.000306831032503, 0.000239010143559, 0.000144809135236, 0.000129210282466, 0.000269585376373, 0.000174185668584, 0.000492085295264, 0.00163220369723, 0.000413612142438, 9.90502740024e-05, 8.67511116667e-05, 8.58007042552e-05, 0.000239195491304, 0.000441014126409, 0.000111606153951, 0.000263215129962, 0.000235227998928, 0.000136632545036, 0.000207421777304, 0.00013291608775, 8.65802721819e-05, 8.14981467556e-05, 0.000244918075623, 0.000128363448312, 6.66814958095e-05, 8.51797376527e-05, 7.83505456639e-05, 7.04339836375e-05, 7.28625527699e-05, 7.95546002337e-05, 8.63936147653e-05, 4.7935940529e-05, 4.40056719526e-05, 4.39777686552e-05, 2.94016244879e-05, 2.06063323276e-05, 2.48910182563e-05, 1.92634615814e-05, 1.57731228683e-05, 1.08858212116e-05, 9.35463413043e-06, 1.00944325823e-05, 6.74851662552e-06, 5.50057529836e-06, 6.55969779473e-06, 6.79734694131e-06, 3.40015299116e-06, 3.37085270985e-06, 5.26300573256e-06, 3.93039772462e-06, 3.46885281033e-06, 2.83997360384e-06, 2.44863576881e-06, 2.7833675631e-06, 2.93563175546e-06, 2.35931111092e-06, 2.13853400055e-06, 2.09921290661e-06, 1.27543546569e-06, 9.96171706902e-07, 8.53494327657e-07, 8.20095635845e-07, 6.93680703989e-07, 6.60212776893e-07, 4.92545382258e-07, 1.67773066551e-07, 1.16278817686e-08, 5.3713922199e-09, 4.39279457254e-09, 3.1403009082e-09, 2.42403452866e-09, 2.35772401602e-09, 3.72099617785e-09, 2.46436537843e-09, 4.31132374246e-09, 4.94175056431e-09, 2.34475150407e-09, 2.1445423215e-09, 2.23954921275e-09, 1.73173864138e-09, 8.83381923167e-10, 3.94836252582e-09, 7.8623072497e-09, 1.00769781408e-09, 1.4949010918e-09, 4.55130572119e-10, 6.45869191462e-10, 5.58845358878e-10, 1.53166712646e-09, 1.0762254421e-09, 4.22805956912e-10, 1.54053686474e-10, 4.27813062753e-11, 3.3136726002e-11, 3.03283613501e-11, 9.95638640977e-12, 7.38741099543e-12, 7.20858225542e-12, 5.77557359577e-12, 5.32570385361e-12, 5.18028675511e-12, 5.04476538668e-12, 4.92074263281e-12, 4.81977218553e-12, 4.72486936728e-12, 4.6416260592e-12, 4.56778668709e-12, 4.49309903519e-12, 4.44383982737e-12, 4.41873967971e-12],
        "min": [5.32695866584e-11, 1.93156584477e-11, 3.85861102185e-13, 7.05175098561e-16, 1.34463912808e-16, 1.39138171483e-16, 3.06138009459e-16, 1.68830448228e-16, 9.2611909005e-17, 6.73759586225e-17, 2.6497972564e-16, 5.9108293694e-16, 1.45339736441e-15, 3.62434254353e-16, 8.8189602927e-16, 1.3791442328e-15, 8.74393487879e-16, 2.12523255796e-15, 3.80508418082e-15, 2.6992125762e-15, 3.9758297176e-16, 1.33467373252e-15, 1.83855955091e-15, 1.07806044246e-15, 2.19314236571e-15, 3.62380049538e-15, 3.52282739181e-15, 5.03577096065e-15, 2.82102226677e-15, 3.99825131499e-15, 2.78442747883e-15, 5.18588468067e-15, 8.27268958089e-15, 4.78227898701e-15, 2.5626886528e-15, 1.62580530923e-15, 4.41569879755e-15, 3.44893901375e-15, 3.77812142804e-15, 3.2636725794e-15, 3.91918756563e-15, 2.10797976737e-15, 3.9442991279e-15, 2.30343050237e-15, 2.57778320343e-15, 6.45527959564e-15, 5.00658474639e-15, 4.27170234948e-15, 2.20145366475e-15, 1.89834821853e-15, 3.11384706234e-15, 3.73951239576e-15, 1.72740680538e-15, 4.20844847008e-15, 3.34237062228e-15, 4.28735255373e-15, 2.63751935501e-15, 4.37593695342e-15, 3.43637306822e-15, 4.34132930478e-15, 4.86075828364e-15, 4.4445220582e-15, 5.75906509981e-15, 1.44277758296e-15, 3.8249026342e-15, 4.6806185162e-15, 6.67480639513e-15, 2.43959168391e-15, 3.20678796424e-15, 5.50503314266e-15, 3.26887505576e-15, 7.15217680003e-15, 4.51892119712e-15, 2.69400395885e-15, 2.54851863862e-15, 4.04156222717e-15, 2.49339627551e-15, 1.12217529479e-15, 5.55106218357e-15, 7.32521461972e-15, 3.38854577637e-15, 2.50937046987e-15, 1.66331012819e-15, 1.53705171471e-15, 2.32450679968e-15, 2.67851596141e-15, 4.55767507204e-15, 3.97170022023e-15, 4.27231348376e-15, 6.95132157131e-15, 2.97409086121e-15, 3.16021385764e-15, 2.83259887781e-15, 3.69747584465e-15, 4.79484556782e-15, 2.01764857399e-15, 2.62201081702e-15, 3.57734454987e-15, 4.36853939118e-15, 5.45280847927e-15, 6.83008447502e-15, 5.6553738675e-15, 7.99160677955e-15, 8.44037415236e-15, 9.59170707405e-15, 9.23614720675e-15, 9.72050520994e-15, 9.8802454594e-15, 9.16966867292e-15, 1.13603465963e-14, 8.03969453403e-15, 1.09711391922e-14, 7.10180205659e-15, 1.1879887807e-14, 1.54556882158e-14, 1.22717066137e-14, 1.15314108292e-14, 1.10811323496e-14, 8.18282531442e-15, 1.00799360178e-14, 1.26003935137e-14, 9.4712140962e-15, 9.81578540508e-15, 1.31595292795e-14, 7.64634513882e-15, 4.0147849746e-15, 4.07810021096e-16, 8.80867777594e-18],
        "stdev": [1.60848630912e-05, 0.000193354368093, 0.000774041109253, 0.00119216972962, 0.00176982523408, 0.00140159507282, 0.000774603046011, 0.00111576158088, 0.00120832514949, 0.00108956196345, 0.00129144766834, 0.00113834429067, 0.00168124586344, 0.00115534686483, 0.00206779246219, 0.00152066873852, 0.00075118400855, 0.000698979070876, 0.000830332573969, 0.00112733559217, 0.000749215192627, 0.000318247126415, 0.00105402560439, 0.000561174703762, 0.00146606378257, 0.00329264835455, 0.000887876085471, 0.000202875991818, 0.000190707622096, 0.00021344095876, 0.000434664922068, 0.000871043652296, 0.000227138822083, 0.00062201928813, 0.000559828535188, 0.000259895605268, 0.000395475828554, 0.000335618125973, 0.00019690222689, 0.000189242695342, 0.000496818567626, 0.000231184560107, 0.000175969631528, 0.000214777028305, 0.00018149522657, 0.000163326229085, 0.000156884227181, 0.000145696263644, 0.000207509336178, 0.00012227553816, 0.000117797113489, 9.96505114017e-05, 9.79114411166e-05, 5.29586941411e-05, 4.43808130512e-05, 3.63539948012e-05, 2.89702056762e-05, 2.31211797654e-05, 2.13786133827e-05, 1.66092941072e-05, 1.08778913273e-05, 9.64603896136e-06, 1.76726971404e-05, 1.76107314473e-05, 6.59762372379e-06, 7.38698372516e-06, 9.73851001618e-06, 7.94496099843e-06, 9.77725721896e-06, 6.45153386358e-06, 4.92808067065e-06, 6.70567169436e-06, 7.22425602362e-06, 6.70786812407e-06, 6.06739013165e-06, 4.85956979901e-06, 2.38670486397e-06, 1.93238156498e-06, 1.80178039955e-06, 1.64188827512e-06, 1.64902871802e-06, 1.38600250921e-06, 1.13331657303e-06, 4.38268557446e-07, 8.61498747895e-08, 2.6814326759e-08, 3.31929115305e-08, 2.19733244933e-08, 1.13650635569e-08, 1.71074265864e-08, 2.90449460039e-08, 2.71810804975e-08, 9.14798015117e-09, 1.34730067103e-08, 8.51881498676e-09, 1.26459793748e-08, 7.41616723587e-09, 2.91794299834e-09, 2.1577331033e-09, 2.39102160293e-09, 4.38557989924e-09, 4.48400472308e-09, 2.90608337394e-09, 1.81258652532e-09, 1.91496463131e-09, 1.70992142667e-09, 1.36580191601e-09, 8.3065804235e-10, 1.05925967997e-09, 2.12296957791e-09, 5.96578286771e-10, 7.23763438071e-10, 6.59992838159e-10, 1.00758575095e-10, 7.57375481775e-11, 7.58819534985e-11, 5.51127164738e-11, 5.29443745789e-11, 5.15908600562e-11, 5.02041498651e-11, 4.89564361272e-11, 4.81167050648e-11, 4.71334152263e-11, 4.63214015756e-11, 4.57705158496e-11, 4.51657392042e-11, 4.47846065788e-11, 4.45597447829e-11]
    },
    "mfcc": {
        "mean": [-712.477050781, 196.589035034, -59.5683364868, 31.4499416351, -16.1499271393, 2.80061674118, 10.7474536896, -15.4011487961, 14.3623666763, -10.1112613678, 0.246344745159, -3.85479927063, -6.55937671661],
        "cov": [[8719.93945312, 2038.0065918, -2009.8848877, 228.908279419, -538.231872559, 127.496932983, 182.505767822, -126.639442444, 279.823303223, -247.819641113, 125.097236633, 9.72371673584, -59.2844657898], [2038.0065918, 1193.32507324, 2.72675395012, 36.2862892151, -122.743232727, -114.828582764, 147.811798096, -47.3274536133, -48.7836494446, -36.4537124634, -60.0950164795, -21.9558792114, -90.9073486328], [-2009.8848877, 2.72675395012, 1135.23913574, 70.4473342896, 166.770462036, -191.016662598, -22.6753787994, 2.05482292175, -178.598052979, 75.2699813843, -131.06690979, -36.4762115479, -34.4754142761], [228.908279419, 36.2862892151, 70.4473342896, 337.021911621, 78.8419418335, -72.4147033691, -56.2049598694, -48.6284637451, 41.267578125, 12.5687742233, -6.92776823044, 15.9266691208, 31.1895122528], [-538.231872559, -122.743232727, 166.770462036, 78.8419418335, 213.641799927, -9.254986763, -39.035785675, 36.6271438599, -12.8541259766, 24.6356201172, -12.4719324112, 8.9650182724, 38.57862854], [127.496932983, -114.828582764, -191.016662598, -72.4147033691, -9.254986763, 183.113540649, 63.3210601807, 26.1428489685, 44.6583175659, -8.21827030182, 56.5799102783, 10.9599485397, 15.8252153397], [182.505767822, 147.811798096, -22.6753787994, -56.2049598694, -39.035785675, 63.3210601807, 173.672958374, 55.8851280212, -20.3189086914, -3.21588778496, -2.48920607567, 6.94051122665, -11.7042636871], [-126.639442444, -47.3274536133, 2.05482292175, -48.6284637451, 36.6271438599, 26.1428489685, 55.8851280212, 110.216171265, 17.8488178253, 2.80295372009, -1.90485036373, -1.30865859985, 20.1705989838], [279.823303223, -48.7836494446, -178.598052979, 41.267578125, -12.8541259766, 44.6583175659, -20.3189086914, 17.8488178253, 121.021438599, 23.387052536, 20.8294181824, -0.615036725998, 18.2074356079], [-247.819641113, -36.4537124634, 75.2699813843, 12.5687742233, 24.6356201172, -8.21827030182, -3.21588778496, 2.80295372009, 23.387052536, 83.6991653442, 18.7174491882, -3.81459903717, -4.09538507462], [125.097236633, -60.0950164795, -131.06690979, -6.92776823044, -12.4719324112, 56.5799102783, -2.48920607567, -1.90485036373, 20.8294181824, 18.7174491882, 104.419410706, 33.9534759521, -1.93579351902], [9.72371673584, -21.9558792114, -36.4762115479, 15.9266691208, 8.9650182724, 10.9599485397, 6.94051122665, -1.30865859985, -0.615036725998, -3.81459903717, 33.9534759521, 72.8819885254, 31.6241912842], [-59.2844657898, -90.9073486328, -34.4754142761, 31.1895122528, 38.57862854, 15.8252153397, -11.7042636871, 20.1705989838, 18.2074356079, -4.09538507462, -1.93579351902, 31.6241912842, 95.3013687134]],
        "icov": [[0.000875279831234, -0.0016210093163, 0.00145638373215, -0.00121715967543, 0.00100151309744, -0.00105672201607, 0.00128242303617, -0.00107575207949, 0.000702735735103, 0.00020911503816, 0.000203575618798, 0.000262279587332, -0.000129523687065], [-0.0016210093163, 0.0043867919594, -0.00263490504585, 0.00238764937967, -0.00210854411125, 0.00388048635796, -0.00484577892348, 0.00355980033055, -0.00230701873079, 0.000652107875794, -0.000694480084348, -0.00010711455252, 0.000792392587755], [0.00145638373215, -0.00263490504585, 0.0045312079601, -0.00284571689554, 0.00136088929139, -0.00196821731515, 0.00307036400773, -0.0031791694928, 0.00497985258698, -0.00290793785825, 0.00310659874231, -0.000249214848736, 0.000858374929521], [-0.00121715967543, 0.00238764937967, -0.00284571689554, 0.00774175021797, -0.00510908523574, 0.00629118038341, -0.00556692993268, 0.00760425860062, -0.00770777929574, 0.00338086811826, -0.00359995779581, 0.000783538504038, -0.00202759122476], [0.00100151309744, -0.00210854411125, 0.00136088929139, -0.00510908523574, 0.0108188744634, -0.00638868939131, 0.00772798387334, -0.00891431886703, 0.00699907355011, -0.00453950837255, 0.00377359008417, -0.00195027899463, -0.000515246239956], [-0.00105672201607, 0.00388048635796, -0.00196821731515, 0.00629118038341, -0.00638868939131, 0.0181903243065, -0.0134575394914, 0.0100266365334, -0.0114171849564, 0.0077017294243, -0.0100543927401, 0.00485896319151, -0.00324039440602], [0.00128242303617, -0.00484577892348, 0.00307036400773, -0.00556692993268, 0.00772798387334, -0.0134575394914, 0.0205965824425, -0.0153005868196, 0.0125872818753, -0.00803346652538, 0.00843557436019, -0.00571702700108, 0.00330068310723], [-0.00107575207949, 0.00355980033055, -0.0031791694928, 0.00760425860062, -0.00891431886703, 0.0100266365334, -0.0153005868196, 0.0239551439881, -0.0136477993801, 0.00766471447423, -0.0069553446956, 0.00504675740376, -0.00479704746976], [0.000702735735103, -0.00230701873079, 0.00497985258698, -0.00770777929574, 0.00699907355011, -0.0114171849564, 0.0125872818753, -0.0136477993801, 0.0256402734667, -0.013657421805, 0.00881536025554, -0.00248944782652, 0.00157720781863], [0.00020911503816, 0.000652107875794, -0.00290793785825, 0.00338086811826, -0.00453950837255, 0.0077017294243, -0.00803346652538, 0.00766471447423, -0.013657421805, 0.0229751430452, -0.0112635474652, 0.00543248141184, -0.00189132196829], [0.000203575618798, -0.000694480084348, 0.00310659874231, -0.00359995779581, 0.00377359008417, -0.0100543927401, 0.00843557436019, -0.0069553446956, 0.00881536025554, -0.0112635474652, 0.0227782353759, -0.011773548089, 0.00661759264767], [0.000262279587332, -0.00010711455252, -0.000249214848736, 0.000783538504038, -0.00195027899463, 0.00485896319151, -0.00571702700108, 0.00504675740376, -0.00248944782652, 0.00543248141184, -0.011773548089, 0.0233008004725, -0.00933531858027], [-0.000129523687065, 0.000792392587755, 0.000858374929521, -0.00202759122476, -0.000515246239956, -0.00324039440602, 0.00330068310723, -0.00479704746976, 0.00157720781863, -0.00189132196829, 0.00661759264767, -0.00933531858027, 0.0171593166888]]
    },
    "spectral_contrast_coeffs": {
        "max": [-0.377474248409, -0.466741263866, -0.421413719654, -0.559099316597, -0.60722720623, -0.446777045727],
        "mean": [-0.689299762249, -0.734142363071, -0.698652863503, -0.766614079475, -0.780007779598, -0.635319173336],
        "min": [-0.966137349606, -0.958304822445, -0.960039019585, -0.954055070877, -0.942302465439, -0.929000616074],
        "stdev": [0.0888546556234, 0.0865784436464, 0.101906813681, 0.0670561417937, 0.0533263161778, 0.0683257579803]
    },
    "spectral_contrast_valleys": {
        "max": [-5.48889827728, -5.33780145645, -5.03798532486, -5.12818098068, -6.31597661972, -10.3955917358],
        "mean": [-7.31179332733, -6.95587253571, -7.50829410553, -7.80186319351, -8.26124286652, -13.5586843491],
        "min": [-20.1347770691, -18.9398193359, -18.3071269989, -18.3257484436, -17.5291099548, -18.9150676727],
        "stdev": [1.59140777588, 1.54408764839, 1.56390428543, 1.58015584946, 1.34674918652, 0.779316365719]
    }
},
"rhythm": {
    "beats_count": 56,
    "beats_loudness": {
        "max": 0.0739244967699,
        "mean": 0.0296434070915,
        "min": 0.000294277415378,
        "stdev": 0.0182515233755
    },
    "bpm": 111.374137878,
    "bpm_histogram_first_peak_bpm": 112,
    "bpm_histogram_first_peak_weight": 0.678571462631,
    "bpm_histogram_second_peak_bpm": 140,
    "bpm_histogram_second_peak_spread": 0.45454543829,
    "bpm_histogram_second_peak_weight": 0.109090909362,
    "danceability": 0.84346985817,
    "onset_rate": 1.19675076008,
    "beats_loudness_band_ratio": {
        "max": [0.739632368088, 0.825014710426, 0.763166129589, 0.697860896587, 0.384634643793, 0.0784386768937],
        "mean": [0.196157127619, 0.222854033113, 0.286325871944, 0.233540862799, 0.0895981192589, 0.0126064000651],
        "min": [0.00150943023618, 0.00732272490859, 0.0327977240086, 0.0123457927257, 0.00144942780025, 0.00063315249281],
        "stdev": [0.20964294672, 0.192963719368, 0.19378079474, 0.192612692714, 0.107620000839, 0.0164909604937]
    },
    "beats_position": [0.522448956966, 1.05650794506, 1.57895684242, 2.11301589012, 2.6470746994, 3.11147379875, 3.56426286697, 4.01705217361, 4.45823097229, 4.8994102478, 5.34058952332, 5.78176879883, 6.21133756638, 6.64090681076, 7.07047605515, 7.50004529953, 7.92961454391, 8.35918331146, 8.80036258698, 9.32281208038, 9.84526062012, 10.3677091599, 10.8901586533, 11.4009971619, 11.9234466553, 12.4575052261, 12.9799547195, 13.5372333527, 14.1061220169, 14.6750106812, 15.3135595322, 15.9404983521, 16.5326080322, 17.1247158051, 17.7168254852, 18.3205432892, 18.9474830627, 19.5628108978, 20.1781406403, 20.7934684753, 21.339138031, 21.8964176178, 22.4420852661, 22.9877548218, 23.5218143463, 24.0790920258, 24.6363716125, 25.1936511993, 25.7393188477, 26.2965984344, 26.8422679901, 27.3995456696, 27.9336051941, 28.4676647186, 29.0017223358, 29.5357818604],
