{
"metadata": {
    "version": {
        "essentia": "2.1-beta5",
        "essentia_git_sha": "Undefined",
        "extractor": "music 2.0"
    },
    "audio_properties": {
        "analysis": {
            "equal_loudness": 0,
            "length": 32.4963264465,
            "sample_rate": 44100,
            "start_time": 12.7477550507,
            "downmix": "mix"
        },
        "bit_rate": 192000,
        "length": 220.937866211,
        "lossless": 0,
        "number_channels": 2,
        "replay_gain": 0.811822891235,
        "sample_rate": 44100,
        "codec": "mp3",
        "md5_encoded": "91d4a45d5dee9369529f58e31d183719"
    },
    "tags": {
        "file_name": "Portugal_Sol De Inverno_Simone de Oliviera.mp3",
        "encoding": ["Lavf58.29.100"]
    }
},
"lowlevel": {
    "average_loudness": 0.727565169334,
    "barkbands_crest": {
        "max": 26.9276714325,
        "mean": 15.5620832443,
        "min": 3.40181732178,
        "stdev": 5.90045690536
    },
    "barkbands_flatness_db": {
        "max": 0.478005707264,
        "mean": 0.255672305822,
        "min": 0.0596297420561,
        "stdev": 0.0743882805109
    },
    "barkbands_kurtosis": {
        "max": 775.274475098,
        "mean": 31.388835907,
        "min": -1.85921013355,
        "stdev": 86.3601760864
    },
    "barkbands_skewness": {
        "max": 25.7608737946,
        "mean": 2.87880706787,
        "min": -5.87330245972,
        "stdev": 3.63306832314
    },
    "barkbands_spread": {
        "max": 76.0660934448,
        "mean": 7.68501281738,
        "min": 0.134409144521,
        "stdev": 9.1938533783
    },
    "dissonance": {
        "max": 0.499987125397,
        "mean": 0.395643770695,
        "min": 0.136614814401,
        "stdev": 0.0693699717522
    },
    "dynamic_complexity": 5.3398475647,
    "erbbands_crest": {
        "max": 33.2932395935,
        "mean": 16.5488986969,
        "min": 3.35273146629,
        "stdev": 7.30345106125
    },
    "erbbands_flatness_db": {
        "max": 0.478272229433,
        "mean": 0.285439729691,
        "min": 0.108189292252,
        "stdev": 0.0663078650832
    },
    "erbbands_kurtosis": {
        "max": 241.77507019,
        "mean": 10.8975334167,
        "min": -1.82964456081,
        "stdev": 25.4363460541
    },
    "erbbands_skewness": {
        "max": 13.1015977859,
        "mean": 1.81039214134,
        "min": -3.78852558136,
        "stdev": 2.13374423981
    },
    "erbbands_spread": {
        "max": 108.942359924,
        "mean": 17.118888855,
        "min": 0.5382771492,
        "stdev": 13.6577043533
    },
    "hfc": {
        "max": 61.4771995544,
        "mean": 11.5646543503,
        "min": 0.0168460607529,
        "stdev": 11.3954019547
    },
    "loudness_ebu128": {
        "integrated": -26.0536460876,
        "loudness_range": 10.4970722198,
        "momentary": {
            "max": -21.6709976196,
            "mean": -28.7774009705,
            "min": -46.9173126221,
            "stdev": 5.4670791626
        },
        "short_term": {
            "max": -22.7851333618,
            "mean": -27.4788703918,
            "min": -34.4263153076,
            "stdev": 3.08354377747
        }
    },
    "melbands_crest": {
        "max": 35.0092849731,
        "mean": 17.3590774536,
        "min": 4.24151182175,
        "stdev": 6.34659481049
    },
    "melbands_flatness_db": {
        "max": 0.547253787518,
        "mean": 0.299563497305,
        "min": 0.0446913205087,
        "stdev": 0.0820908248425
    },
    "melbands_kurtosis": {
        "max": 611.838378906,
        "mean": 32.4027252197,
        "min": -1.83077931404,
        "stdev": 69.1766204834
    },
    "melbands_skewness": {
        "max": 16.7768669128,
        "mean": 2.76875638962,
        "min": -2.32601690292,
        "stdev": 2.82396960258
    },
    "melbands_spread": {
        "max": 261.570953369,
        "mean": 11.7051105499,
        "min": 0.326073259115,
        "stdev": 22.5111179352
    },
    "pitch_salience": {
        "max": 0.850644230843,
        "mean": 0.442759513855,
        "min": 0.0231512784958,
        "stdev": 0.176160022616
    },
    "silence_rate_20dB": {
        "max": 1,
        "mean": 1,
        "min": 1,
        "stdev": 0
    },
    "silence_rate_30dB": {
        "max": 1,
        "mean": 1,
        "min": 1,
        "stdev": 0
    },
    "silence_rate_60dB": {
        "max": 1,
        "mean": 0.229122057557,
        "min": 0,
        "stdev": 0.420265138149
    },
    "spectral_centroid": {
        "max": 6378.45654297,
        "mean": 754.569213867,
        "min": 288.212249756,
        "stdev": 582.530517578
    },
    "spectral_complexity": {
        "max": 37,
        "mean": 8.84796619415,
        "min": 0,
        "stdev": 6.83864212036
    },
    "spectral_decrease": {
        "max": -9.19670676419e-12,
        "mean": -4.81558082299e-09,
        "min": -2.24124310222e-08,
        "stdev": 4.64826710456e-09
    },
    "spectral_energy": {
        "max": 0.0888819992542,
        "mean": 0.0192240495235,
        "min": 3.7172845623e-05,
        "stdev": 0.0184865966439
    },
    "spectral_energyband_high": {
        "max": 0.00292802858166,
        "mean": 5.06087344547e-05,
        "min": 2.84541101792e-07,
        "stdev": 0.000145532059832
    },
    "spectral_energyband_low": {
        "max": 0.00361163588241,
        "mean": 0.000253109348705,
        "min": 2.54287215284e-06,
        "stdev": 0.000490789301693
    },
    "spectral_energyband_middle_high": {
        "max": 0.0404461435974,
        "mean": 0.00305219506845,
        "min": 1.20490017252e-06,
        "stdev": 0.00485217291862
    },
    "spectral_energyband_middle_low": {
        "max": 0.0826763287187,
        "mean": 0.0162102803588,
        "min": 1.04294585981e-05,
        "stdev": 0.0166207309812
    },
    "spectral_entropy": {
        "max": 8.80426311493,
        "mean": 6.51134252548,
        "min": 4.102039814,
        "stdev": 0.733090937138
    },
    "spectral_flux": {
        "max": 0.204690665007,
        "mean": 0.0479995273054,
        "min": 0.00265854760073,
        "stdev": 0.0317472629249
    },
    "spectral_kurtosis": {
        "max": 66.2591400146,
        "mean": 11.6714820862,
        "min": -0.817974328995,
        "stdev": 8.82517719269
    },
    "spectral_rms": {
        "max": 0.00931204296649,
        "mean": 0.00372756482102,
        "min": 0.000190436840057,
        "stdev": 0.00220463704318
    },
    "spectral_rolloff": {
        "max": 10012.9394531,
        "mean": 962.278076172,
        "min": 193.798828125,
        "stdev": 1214.09960938
    },
    "spectral_skewness": {
        "max": 6.29071331024,
        "mean": 2.43561649323,
        "min": -0.194048151374,
        "stdev": 0.920061588287
    },
    "spectral_spread": {
        "max": 9992922,
        "mean": 3025723,
        "min": 1070438.25,
        "stdev": 1276462.125
    },
    "spectral_strongpeak": {
        "max": 9.87668418884,
        "mean": 1.62857675552,
        "min": 0,
        "stdev": 1.35794830322
    },
    "zerocrossingrate": {
        "max": 0.38134765625,
        "mean": 0.0370264276862,
        "min": 0.00634765625,
        "stdev": 0.035730458796
    },
    "barkbands": {
        "max": [3.75845156668e-05, 0.00157875404693, 0.00217008613981, 0.0070552835241, 0.0107877142727, 0.0614923387766, 0.0793284103274, 0.0509207062423, 0.0162892900407, 0.0278041604906, 0.0107679218054, 0.0066604912281, 0.0334784127772, 0.0258679818362, 0.0139738740399, 0.00322055164725, 0.00166425912175, 0.0019447945524, 0.00101737491786, 0.000414898007875, 0.000188270074432, 0.000382457859814, 0.000381739781005, 0.00163578276988, 0.00079090782674, 9.84411326499e-06, 2.42569535658e-06],
        "mean": [1.46826050695e-06, 6.47100459901e-05, 9.57873417065e-05, 0.000302647211356, 0.00102675880771, 0.00388535903767, 0.00845367182046, 0.00135296641383, 0.000758705835324, 0.000790829770267, 0.000463715667138, 0.000322973268339, 0.000627040863037, 0.000346774962964, 0.000359009340173, 9.33932533371e-05, 0.000101191624708, 7.13508416084e-05, 4.44815123046e-05, 1.8025180907e-05, 9.57077281782e-06, 1.0728851521e-05, 1.25568058138e-05, 6.95194421496e-06, 3.32291415361e-06, 7.77810171826e-08, 3.21745430298e-09],
        "min": [8.14854406173e-10, 4.08239287708e-07, 7.43661132674e-08, 2.46964955153e-08, 2.73620884172e-07, 8.34019886042e-07, 2.43885210693e-07, 7.3513902521e-08, 1.87109861827e-07, 5.16662872485e-08, 3.22804609709e-08, 2.94026989422e-08, 6.70734010555e-08, 2.79131437964e-08, 4.80717083917e-08, 5.14120408468e-08, 4.86950995082e-08, 4.03959070638e-08, 5.17153466717e-08, 6.334067848e-08, 5.31581321184e-08, 5.15970093318e-08, 2.70471609554e-08, 3.829925177e-08, 3.86641829664e-08, 5.47905631976e-09, 1.26774715725e-10],
        "stdev": [3.28417377204e-06, 0.000152803200763, 0.000231832818827, 0.000702503253706, 0.00154078577179, 0.00782374572009, 0.0138075705618, 0.00383917591535, 0.00138106523082, 0.00224961177446, 0.000994264264591, 0.000695135095157, 0.00238629686646, 0.00182077568024, 0.00105268030893, 0.000215377804125, 0.000217136213905, 0.000190542996279, 0.000104400547571, 3.42566199834e-05, 2.06940458156e-05, 2.66270817519e-05, 3.52054739778e-05, 5.98210390308e-05, 3.71025234926e-05, 3.86814946296e-07, 6.49532481134e-08]
    },
    "erbbands": {
        "max": [0.033281031996, 0.434845179319, 1.79397523403, 9.7280960083, 37.9435958862, 42.4394607544, 363.995300293, 796.555480957, 1054.2487793, 1185.4453125, 1281.66967773, 264.985412598, 998.148864746, 494.714294434, 425.355651855, 364.799713135, 1549.69567871, 889.875488281, 841.44342041, 360.973236084, 140.937347412, 75.3081588745, 113.84463501, 66.3405914307, 25.9232578278, 17.8947639465, 9.18033027649, 8.70708370209, 10.7111539841, 12.4242544174, 11.2875490189, 19.7027835846, 37.8181533813, 14.1180877686, 2.05176353455, 0.160635560751, 0.00525708356872, 0.00148343667388, 0.000359466706868, 0.000100739925983],
        "mean": [0.00135809613857, 0.017179088667, 0.0945845842361, 0.532952129841, 1.85379362106, 3.71144366264, 14.5233221054, 34.380645752, 78.1249313354, 115.747924805, 33.8052711487, 18.1388950348, 26.5800704956, 22.7281856537, 12.7428760529, 16.0398311615, 28.1073036194, 19.5471134186, 17.8923778534, 12.6304569244, 6.38085317612, 4.88260221481, 4.03117370605, 3.00432801247, 1.55291068554, 0.774631977081, 0.485194593668, 0.325149595737, 0.330019801855, 0.50244140625, 0.307090312243, 0.151851445436, 0.126599013805, 0.0594106577337, 0.00902956724167, 0.000995408510789, 8.13821461634e-05, 1.13367350423e-05, 1.03700785985e-05, 2.21253903874e-05],
        "min": [1.34074707603e-05, 7.47112499084e-05, 0.000648534798529, 0.00133285392076, 0.00272370153107, 0.00663115689531, 0.00938896555454, 0.00900656171143, 0.00767904287204, 0.00755664613098, 0.00626008259133, 0.00560612278059, 0.002894715406, 0.00272469501942, 0.00299740349874, 0.00391224352643, 0.00389631651342, 0.00409814855084, 0.00389920640737, 0.00308747589588, 0.00331181427464, 0.00335578108206, 0.00263321073726, 0.00226464145817, 0.00233945413493, 0.00282519566827, 0.00256401253864, 0.00193046953063, 0.00162326765712, 0.00111389311496, 0.000757787085604, 0.000851307762787, 0.000588694121689, 0.000443389551947, 0.000239785862505, 3.83611259167e-05, 9.46361251408e-06, 1.15244324661e-06, 8.77439489955e-08, 5.14632745308e-08],
        "stdev": [0.00272485637106, 0.0421621128917, 0.206091508269, 1.08519566059, 3.53251266479, 5.43848371506, 35.5122909546, 77.6224517822, 128.459243774, 203.365707397, 90.7932891846, 29.3124961853, 80.4085845947, 45.0184555054, 28.1999492645, 34.466583252, 112.289199829, 68.5262908936, 58.3301773071, 30.5798816681, 13.3762550354, 9.44815635681, 10.3046808243, 6.85004281998, 3.15053319931, 1.49174034595, 1.04150426388, 0.694927513599, 0.787972390652, 1.3218845129, 0.894315481186, 0.933008134365, 1.30789470673, 0.654963493347, 0.0931914821267, 0.00727966288105, 0.00030237971805, 4.92515719088e-05, 1.3321429833e-05, 2.10562466236e-05]
    },
    "gfcc": {
        "mean": [-130.259490967, 136.474411011, -145.558288574, 2.94971060753, -82.2460632324, -12.0467205048, -47.1592445374, -8.59886550903, -8.04513263702, -6.85894298553, 1.00772070885, -7.34199953079, -3.07523822784],
        "cov": [[5719.12304688, 757.589660645, -2065.72705078, -482.226837158, 381.921020508, -508.366638184, 120.557296753, -386.515319824, 221.760848999, -267.343505859, 103.195777893, -350.747283936, -71.0284347534], [757.589660645, 1199.95996094, -211.231826782, -564.128417969, 346.449493408, -160.437332153, 220.489105225, -125.678413391, -105.253311157, -38.3289756775, -34.5400428772, -185.777618408, -25.4910678864], [-2065.72705078, -211.231826782, 1201.17114258, 257.935638428, -180.70249939, 189.72984314, -84.6055984497, 134.244491577, -83.9996490479, 146.051345825, -36.2215385437, 145.642349243, 5.1272187233], [-482.226837158, -564.128417969, 257.935638428, 652.672302246, -102.734825134, 78.5627593994, -156.632202148, 34.4317436218, 3.46155667305, 7.24114131927, -73.0993499756, 76.7315979004, 26.5555801392], [381.921020508, 346.449493408, -180.70249939, -102.734825134, 283.50894165, -0.21855121851, 63.1407661438, -25.7185211182, -74.2552871704, -2.45253968239, -69.6963195801, -96.7234802246, 10.2915830612], [-508.366638184, -160.437332153, 189.72984314, 78.5627593994, -0.21855121851, 346.251983643, 68.52684021, 79.8269119263, -133.237136841, 50.5795326233, -68.0633392334, -63.739730835, -18.0759353638], [120.557296753, 220.489105225, -84.6055984497, -156.632202148, 63.1407661438, 68.52684021, 228.175140381, 56.538848877, -62.9688262939, 31.5080070496, -1.43188393116, -74.002456665, -16.0091018677], [-386.515319824, -125.678413391, 134.244491577, 34.4317436218, -25.7185211182, 79.8269119263, 56.538848877, 161.286437988, 21.733291626, 39.7668685913, -13.9654321671, 22.8929691315, 13.7510280609], [221.760848999, -105.253311157, -83.9996490479, 3.46155667305, -74.2552871704, -133.237136841, -62.9688262939, 21.733291626, 276.146820068, 31.8392944336, 68.7199935913, 65.7454147339, -22.6581859589], [-267.343505859, -38.3289756775, 146.051345825, 7.24114131927, -2.45253968239, 50.5795326233, 31.5080070496, 39.7668685913, 31.8392944336, 171.949661255, 34.0205039978, 1.27204942703, -15.8510074615], [103.195777893, -34.5400428772, -36.2215385437, -73.0993499756, -69.6963195801, -68.0633392334, -1.43188393116, -13.9654321671, 68.7199935913, 34.0205039978, 177.329727173, 80.6319885254, -31.7600803375], [-350.747283936, -185.777618408, 145.642349243, 76.7315979004, -96.7234802246, -63.739730835, -74.002456665, 22.8929691315, 65.7454147339, 1.27204942703, 80.6319885254, 199.374267578, 42.2645301819], [-71.0284347534, -25.4910678864, 5.1272187233, 26.5555801392, 10.2915830612, -18.0759353638, -16.0091018677, 13.7510280609, -22.6581859589, -15.8510074615, -31.7600803375, 42.2645301819, 134.07472229]],
        "icov": [[0.000586843700148, -0.000161274670972, 0.000788338016719, -0.000217616092414, -9.1445966973e-05, 0.000164337470778, -9.45026040426e-05, 0.000486784381792, -0.00036540851579, 0.00021241948707, -0.00042805733392, 0.000614419113845, -7.05744314473e-05], [-0.000161274670972, 0.00429594516754, -0.00191591586918, 0.00235441839322, -0.00392710091546, 0.0021430014167, -0.00331900222227, 0.0030390736647, -0.000446026242571, 0.00147771008778, 0.000192657331354, 0.00149381486699, -0.000105297986011], [0.000788338016719, -0.00191591586918, 0.00338488747366, -0.00116350897588, 0.00232872646302, -0.000761739967857, 0.00204967381433, -0.00160492421128, 0.000985436141491, -0.00200156541541, 0.00063917884836, -0.00132848892827, 0.00078236463014], [-0.000217616092414, 0.00235441839322, -0.00116350897588, 0.00363841978833, -0.00151572120376, 0.000660784775391, -0.000191372892004, 0.00107370258775, 8.22621004772e-05, 0.00027624249924, 0.00163135293406, -0.000193586645764, 0.000222685950575], [-9.1445966973e-05, -0.00392710091546, 0.00232872646302, -0.00151572120376, 0.00919375289232, -0.00121843465604, 0.00292179477401, -0.00301475636661, 0.00213396293111, -0.00312507338822, 0.00235985941254, -0.00109590392094, 9.9808225059e-05], [0.000164337470778, 0.0021430014167, -0.000761739967857, 0.000660784775391, -0.00121843465604, 0.00650642393157, -0.00196467782371, -0.000652333023027, 0.00230287574232, -0.000579212151933, 0.000840100983623, 0.00210426049307, 0.00105216656812], [-9.45026040426e-05, -0.00331900222227, 0.00204967381433, -0.000191372892004, 0.00292179477401, -0.00196467782371, 0.0110259130597, -0.00678398786113, 0.00284852692857, -0.00274462904781, -0.000886282417923, 0.000274599209661, 0.000661998055875], [0.000486784381792, 0.0030390736647, -0.00160492421128, 0.00107370258775, -0.00301475636661, -0.000652333023027, -0.00678398786113, 0.0134818730876, -0.00400452921167, 0.00142021966167, 0.00100138830021, -3.90453424188e-05, -0.00162423122674], [-0.00036540851579, -0.000446026242571, 0.000985436141491, 8.22621004772e-05, 0.00213396293111, 0.00230287574232, 0.00284852692857, -0.00400452921167, 0.00746154319495, -0.00304677640088, 0.000626840454061, -0.00166975974571, 0.00214076926932], [0.00021241948707, 0.00147771008778, -0.00200156541541, 0.00027624249924, -0.00312507338822, -0.000579212151933, -0.00274462904781, 0.00142021966167, -0.00304677640088, 0.0096326963976, -0.00364578515291, 0.00286109489389, -0.00103787798434], [-0.00042805733392, 0.000192657331354, 0.00063917884836, 0.00163135293406, 0.00235985941254, 0.000840100983623, -0.000886282417923, 0.00100138830021, 0.000626840454061, -0.00364578515291, 0.0122139137238, -0.00663724960759, 0.0038463412784], [0.000614419113845, 0.00149381486699, -0.00132848892827, -0.000193586645764, -0.00109590392094, 0.00210426049307, 0.000274599209661, -3.90453424188e-05, -0.00166975974571, 0.00286109489389, -0.00663724960759, 0.012950565666, -0.00449533760548], [-7.05744314473e-05, -0.000105297986011, 0.00078236463014, 0.000222685950575, 9.9808225059e-05, 0.00105216656812, 0.000661998055875, -0.00162423122674, 0.00214076926932, -0.00103787798434, 0.0038463412784, -0.00449533760548, 0.0102742016315]]
    },
    "melbands": {
        "max": [0.000323015032336, 0.000736775691621, 0.00273280404508, 0.00251179561019, 0.00962540507317, 0.0152646219358, 0.0133948400617, 0.010373913683, 0.00857704877853, 0.00144188886043, 0.00511457072571, 0.00184547109529, 0.00100445759017, 0.000904980290215, 0.00387721904553, 0.00242131552659, 0.00214651296847, 0.00144474511035, 0.00127103540581, 0.000275772996247, 0.000209876903682, 0.000100791825389, 0.000138542876812, 0.000128911997308, 6.18472986389e-05, 3.43715400959e-05, 2.18358291022e-05, 1.20553168017e-05, 5.86688929616e-06, 5.68656014366e-06, 5.58795409233e-06, 6.04094520895e-06, 1.10765531645e-05, 7.58472106099e-06, 6.64477693135e-06, 9.45909596339e-06, 1.22237770483e-05, 3.14270037052e-05, 1.750453157e-05, 9.61668411037e-06],
        "mean": [1.48737999552e-05, 4.28398816439e-05, 0.000136485890835, 0.000187002995517, 0.000424455560278, 0.000798582623247, 0.0014426454436, 0.00105463247746, 0.000236047795624, 0.000105533043097, 0.000130756132421, 8.92839962034e-05, 4.805901699e-05, 3.63093313354e-05, 5.21964066138e-05, 5.70479751332e-05, 3.60887279385e-05, 2.88640039798e-05, 2.80123567791e-05, 8.01554688223e-06, 7.84254916653e-06, 5.68160930925e-06, 3.94521885028e-06, 2.99611292576e-06, 2.45315641223e-06, 1.3476814047e-06, 8.17212935544e-07, 4.40081066699e-07, 3.20195255199e-07, 2.3362431989e-07, 1.77273008717e-07, 1.65297393551e-07, 2.44224708013e-07, 2.94048987826e-07, 1.9073181079e-07, 1.20818739902e-07, 7.84589815339e-08, 9.57782617661e-08, 7.14670136404e-08, 4.17083825255e-08],
        "min": [1.19020562295e-07, 4.23678415018e-07, 2.16222474592e-07, 4.82068394092e-08, 2.45029127655e-07, 1.51101374968e-07, 8.5491976165e-08, 8.07796425306e-08, 2.12482564876e-08, 2.48579468121e-08, 1.4184499797e-08, 9.53189616126e-09, 6.87914702979e-09, 3.97234733995e-09, 5.79836534342e-09, 6.17876150244e-09, 6.54342358075e-09, 5.11421305305e-09, 3.45781292488e-09, 2.76317702053e-09, 3.0574252019e-09, 3.03809777336e-09, 1.83784032437e-09, 1.83381954066e-09, 1.27055066468e-09, 1.55341350894e-09, 1.91994953269e-09, 1.9700514553e-09, 1.48259404753e-09, 1.02226938026e-09, 1.09459730169e-09, 7.86586462631e-10, 9.50622691676e-10, 5.101568612e-10, 3.83495568634e-10, 5.90540838452e-10, 4.40737335516e-10, 4.0455330752e-10, 3.96257943125e-10, 3.27180171844e-10],
        "stdev": [3.20154249493e-05, 9.13543626666e-05, 0.000275735772448, 0.000273352925433, 0.000964562932495, 0.00172774726525, 0.00221146084368, 0.00181709625758, 0.00068601622479, 0.000175444583874, 0.00040853995597, 0.000179131355253, 9.69760440057e-05, 7.82074639574e-05, 0.000208426135941, 0.00019658189558, 0.000160461946507, 0.000112617133709, 7.94975712779e-05, 2.01264974748e-05, 1.86495362868e-05, 1.17318977573e-05, 1.12422012535e-05, 9.06630793907e-06, 6.28906127531e-06, 3.0241674267e-06, 1.6932683593e-06, 9.23535253605e-07, 6.89227022121e-07, 5.40377527614e-07, 4.05328876241e-07, 4.01199145017e-07, 6.9165429295e-07, 7.86922441876e-07, 5.20317200881e-07, 5.80875450851e-07, 5.65373284189e-07, 1.01897455806e-06, 7.83525763381e-07, 4.6476316129e-07]
    },
    "melbands128": {
        "max": [1.68811857293e-05, 0.000221357491682, 0.000508804863784, 0.000939302553888, 0.000717320071999, 0.0012081732275, 0.00193338911049, 0.00473592616618, 0.00419298186898, 0.00256157270633, 0.00259818136692, 0.00493137631565, 0.017864940688, 0.0194929242134, 0.027061810717, 0.0274976808578, 0.0299084633589, 0.0203158557415, 0.0341680161655, 0.0137992482632, 0.0114013943821, 0.0209478102624, 0.0102397520095, 0.00681338086724, 0.00220847013406, 0.00207512453198, 0.00357287051156, 0.0101637402549, 0.00389719684608, 0.00199711904861, 0.00419101305306, 0.0022472331766, 0.000474187603686, 0.00311189237982, 0.00171971309464, 0.000870119314641, 0.00136621831916, 0.00265784724616, 0.00989310722798, 0.00651164632291, 0.00510069681332, 0.0021358653903, 0.000641312974039, 0.00632688915357, 0.00318745686673, 0.001575004193, 0.0029221191071, 0.00320246769115, 0.00127283961046, 0.000580676191021, 0.00043211641605, 9.90141925286e-05, 0.000347869616235, 0.00055931910174, 0.000296756828902, 0.000123948833789, 0.000124352387502, 0.000157015863806, 0.00037634340697, 0.000142802789924, 0.000279283936834, 0.000210568454349, 0.000124479513033, 0.000155276400619, 9.73628557404e-05, 7.48770980863e-05, 4.6151355491e-05, 3.64811057807e-05, 2.24610757869e-05, 2.4162882255e-05, 1.5072615497e-05, 1.83254542208e-05, 9.72726411419e-06, 7.93979506852e-06, 1.06586339825e-05, 1.25736487462e-05, 5.41558847544e-06, 5.57386374567e-06, 6.44909869152e-06, 7.95270625531e-06, 5.1272068049e-06, 6.14447890257e-06, 1.00169227153e-05, 1.00556271718e-05, 2.09628560697e-05, 9.13429448701e-06, 1.40705315061e-05, 1.39985195347e-05, 7.30789452064e-06, 7.63683055993e-06, 1.38047662404e-05, 1.08447784442e-05, 1.28861602207e-05, 1.22359660963e-05, 1.22496394397e-05, 2.13885741687e-05, 5.71792588744e-05, 1.53835117089e-05, 1.68828973983e-05, 2.44686962105e-05, 1.2888332094e-05, 8.40129996504e-06, 4.96222128277e-06, 2.43032582148e-06, 3.3588230508e-06, 6.22717777787e-07, 1.11055021534e-06, 3.86782232908e-07, 1.30569816292e-07, 2.17554791959e-08, 1.31551987081e-08, 1.31326789443e-08, 1.28130039911e-08, 1.24230599141e-08, 1.2110533909e-08, 1.18643193048e-08, 1.15283844693e-08, 1.12581348688e-08, 1.10777254037e-08, 1.0719662491e-08, 1.05034017039e-08, 1.02644861499e-08, 1.00542152381e-08, 9.93516735548e-09, 9.80627046232e-09, 9.68196722795e-09, 9.59685397817e-09, 9.54967926958e-09],
        "mean": [1.02533442714e-06, 8.73162207427e-06, 1.87952173292e-05, 3.00443389278e-05, 3.88808875869e-05, 5.06345641043e-05, 8.18334301584e-05, 0.000185856304597, 0.000188205449376, 0.00016718840925, 0.000194451989955, 0.000238921944401, 0.000522269809153, 0.00061384064611, 0.000641083111987, 0.00102541898377, 0.00102511432488, 0.00101184204686, 0.00289560412057, 0.00120450882241, 0.000251619465416, 0.000239417669945, 0.000297392602079, 0.000149952858919, 8.07147807791e-05, 0.000107771251351, 9.70019973465e-05, 0.000194967622519, 8.31958313938e-05, 6.93814145052e-05, 0.00010976291378, 9.53631897573e-05, 1.80503084266e-05, 4.66149795102e-05, 2.65770795522e-05, 3.51011731254e-05, 5.07623408339e-05, 3.34630130965e-05, 7.20270836609e-05, 7.20402458683e-05, 6.36035256321e-05, 2.13818875636e-05, 1.59609753609e-05, 7.32625558157e-05, 2.39632317971e-05, 1.99542373593e-05, 2.80161002593e-05, 3.84912345908e-05, 2.41674151766e-05, 8.05749823485e-06, 7.51023299017e-06, 5.17599755767e-06, 5.62255718251e-06, 1.03971433418e-05, 1.06227562355e-05, 3.80114693144e-06, 3.22451751344e-06, 3.08747621602e-06, 5.25002633367e-06, 3.51297194356e-06, 3.19007426697e-06, 2.05846458812e-06, 2.3695283744e-06, 2.99936391457e-06, 1.94669792108e-06, 1.19678827559e-06, 1.05310266463e-06, 8.98825931017e-07, 8.72748444181e-07, 4.88500347728e-07, 3.9711508748e-07, 4.67422211159e-07, 3.7493975924e-07, 2.70925340828e-07, 2.60103377059e-07, 3.20429165868e-07, 1.53407967218e-07, 1.67414896168e-07, 1.97850724248e-07, 1.74732150526e-07, 1.4645233648e-07, 1.64631117627e-07, 1.95086158783e-07, 2.30137473523e-07, 3.20757891359e-07, 2.94735656325e-07, 3.14291497716e-07, 2.32963074609e-07, 1.93431702655e-07, 1.45715219446e-07, 1.3511078123e-07, 1.1717237669e-07, 9.04052512851e-08, 7.23861646179e-08, 7.10010610305e-08, 8.96760354863e-08, 1.24147462088e-07, 7.28918010395e-08, 6.21355980002e-08, 8.02219801699e-08, 5.77597134566e-08, 3.54650921963e-08, 2.22958131957e-08, 1.05485264967e-08, 7.80067210826e-09, 4.12753475842e-09, 3.80150266821e-09, 2.02312233633e-09, 1.11509956824e-09, 3.37044697707e-10, 1.74761788374e-10, 1.59933608024e-10, 1.46697876069e-10, 1.34717889622e-10, 1.21012949661e-10, 8.82245040912e-11, 3.80219536411e-11, 1.20192866077e-11, 1.17786865331e-11, 1.15036400544e-11, 1.13158067985e-11, 1.10943953677e-11, 1.08550893968e-11, 1.06857639057e-11, 1.05896697661e-11, 1.04999455311e-11, 1.04478786733e-11, 1.0362155578e-11],
        "min": [8.55739853978e-11, 2.21546248014e-09, 2.43778970344e-08, 5.30447969993e-08, 2.67989541669e-08, 5.19159932821e-08, 1.85269648512e-08, 9.81362013874e-09, 6.15657285152e-08, 5.26080121688e-08, 2.04381720437e-08, 6.18194917479e-08, 4.75184647186e-09, 6.73243434335e-08, 4.57763960071e-08, 6.6628352613e-08, 1.41516025565e-08, 1.96920595386e-08, 2.80752185944e-08, 3.29914051633e-08, 4.60053772855e-09, 7.61874829891e-09, 1.4447573804e-08, 3.03861447115e-09, 2.95865199007e-09, 5.91903592806e-09, 2.81279333159e-09, 5.1155524261e-09, 4.30426583264e-09, 4.19758938719e-09, 2.10030282055e-09, 2.94888358177e-09, 6.62433385923e-10, 2.52381449073e-09, 1.17653387033e-09, 9.6899288593e-10, 1.63121849361e-09, 1.75395509228e-09, 2.96031932301e-09, 2.05705363854e-09, 2.07859152113e-09, 3.3637417296e-09, 2.81946110903e-09, 1.51494639056e-09, 1.31511046497e-09, 2.51472376256e-09, 1.71626568513e-09, 2.09491957115e-09, 6.6924465969e-10, 1.59321178472e-09, 2.18529061513e-09, 1.48453571658e-09, 1.07343844924e-09, 1.54649837381e-09, 1.29291999329e-09, 1.12467368751e-09, 1.03151376329e-09, 1.20295529094e-09, 7.21071535814e-10, 5.19921827813e-10, 7.21183779362e-10, 1.09237585644e-09, 5.1034781956e-10, 7.38297867287e-10, 1.08324460513e-09, 7.68739960577e-10, 3.9393571738e-10, 9.13724929053e-10, 5.92719540116e-10, 6.58662013819e-10, 7.64517005258e-10, 7.71004093902e-10, 7.16157244618e-10, 7.64833696376e-10, 8.34389779492e-10, 6.11709460863e-10, 8.14455836107e-10, 8.25962409579e-10, 4.40825043135e-10, 6.24148954742e-10, 4.53538179235e-10, 6.69636623929e-10, 7.39114269788e-10, 6.96593394078e-10, 5.76927172702e-10, 4.38904190769e-10, 2.67062316706e-10, 3.56983692607e-10, 3.55524193418e-10, 2.49946674469e-10, 4.84734252737e-10, 4.67087979406e-10, 3.76270070657e-10, 1.72284547739e-10, 3.94019789018e-10, 3.25747095964e-10, 3.45195733109e-10, 2.14831527567e-10, 2.83537832102e-10, 3.34879901587e-10, 2.82452922162e-10, 1.9404047813e-10, 2.3712581898e-10, 1.31089826494e-11, 1.60012433859e-10, 1.08775564944e-10, 5.62506083379e-11, 3.58994257932e-11, 1.36981537224e-11, 1.26553784813e-11, 7.45592606752e-13, 8.27505436136e-13, 5.76522391025e-13, 6.57143718781e-13, 6.75714638323e-13, 5.41759887819e-13, 4.17131173353e-13, 4.5430269247e-13, 3.41194005557e-13, 4.23066665251e-13, 4.13429923976e-13, 4.49041357483e-13, 3.02244747242e-13, 3.84122502686e-13, 3.10734890509e-13, 4.17641751261e-13, 4.19026711116e-13, 3.99432386038e-13],
        "stdev": [1.73867977082e-06, 1.85462013178e-05, 4.31236076111e-05, 8.44438764034e-05, 8.95667108125e-05, 0.000128086132463, 0.000178365167812, 0.000460906536318, 0.000393354072003, 0.000289414369036, 0.000328274007188, 0.000544077949598, 0.00157393049449, 0.00159510225058, 0.00207135383971, 0.00308866263367, 0.00319566181861, 0.00204071891494, 0.00561955757439, 0.0022754590027, 0.000814492173959, 0.00111316912808, 0.00104081316385, 0.000439386902144, 0.000186325327377, 0.000246893469011, 0.00030749803409, 0.000783358700573, 0.000314676231937, 0.000204126496101, 0.00030223550857, 0.000226365431445, 4.40955336671e-05, 0.000175487628439, 0.000104005783214, 8.83665197762e-05, 0.00013917555043, 0.000126168670249, 0.000520494300872, 0.000399980432121, 0.000230453442782, 8.73176104506e-05, 4.24796089646e-05, 0.000458423048258, 0.000159402712598, 0.000110032407974, 0.000142648787005, 0.000153540095198, 7.4608324212e-05, 3.27467678289e-05, 2.81911034108e-05, 1.12892867037e-05, 1.87742916751e-05, 3.65716587112e-05, 2.94102246698e-05, 9.80278946372e-06, 1.07497489807e-05, 1.06079505713e-05, 2.49539898505e-05, 9.26251414057e-06, 1.72117834154e-05, 8.9136792667e-06, 7.184108199e-06, 1.21152943393e-05, 6.28142379355e-06, 3.75708305e-06, 3.22762230098e-06, 2.5834947337e-06, 1.9503211206e-06, 1.41482939853e-06, 9.64826199379e-07, 1.16659884952e-06, 9.20763227441e-07, 6.58860869862e-07, 7.49382422782e-07, 8.7585209485e-07, 3.84110848017e-07, 4.08839213151e-07, 5.23463654645e-07, 4.64274393153e-07, 3.86314638945e-07, 4.45188106823e-07, 6.17802356828e-07, 6.67566609991e-07, 1.13328451334e-06, 8.56158465012e-07, 1.00379622836e-06, 7.05001582446e-07, 5.34675336894e-07, 4.86516455567e-07, 6.67685071676e-07, 6.19830530013e-07, 5.73332158638e-07, 5.46899855181e-07, 6.02644831815e-07, 8.12186556232e-07, 1.66815834746e-06, 6.8336868253e-07, 6.98675819422e-07, 9.59748149398e-07, 6.3188264221e-07, 4.10062256151e-07, 2.46358268896e-07, 1.08649764741e-07, 1.06001351696e-07, 2.81695076154e-08, 3.54858471496e-08, 1.42964413641e-08, 5.87933968177e-09, 1.19317611347e-09, 6.83119949496e-10, 6.39894193188e-10, 5.78480929825e-10, 5.22129395275e-10, 4.95623320163e-10, 4.33835301017e-10, 3.34405780844e-10, 3.01166508399e-10, 2.96319829785e-10, 2.86759588297e-10, 2.80956702348e-10, 2.7456203977e-10, 2.68942562665e-10, 2.65760025098e-10, 2.62310034804e-10, 2.58962906674e-10, 2.56699883572e-10, 2.55438808994e-10]
    },
    "mfcc": {
        "mean": [-766.445922852, 161.500549316, -14.1842794418, 6.4215760231, -15.4260339737, -11.438788414, -26.7754058838, -7.85994291306, -18.1536464691, -1.99899852276, -3.1399576664, -4.1592502594, 1.2819262743],
        "cov": [[7102.12011719, 657.064208984, -2330.77954102, -123.264175415, -236.677230835, -68.2542190552, -206.884002686, -146.024353027, -85.9774246216, -51.77602005, -124.998657227, 142.824417114, 1.25810337067], [657.064208984, 1789.35449219, -534.843811035, -294.987976074, -129.706436157, -35.2670974731, 268.116851807, -160.680648804, 76.4054718018, -35.1338157654, -2.62793970108, 58.4664916992, -73.8655853271], [-2330.77954102, -534.843811035, 1202.74633789, 103.988624573, 98.1560134888, 67.5402984619, 23.5375499725, 57.0405235291, 6.7025103569, -6.79568338394, 63.6513671875, -27.7942390442, 15.1528749466], [-123.264175415, -294.987976074, 103.988624573, 333.045654297, 86.4742507935, 3.5917069912, -103.985923767, 14.6973705292, 18.8282642365, -61.0240249634, -34.9272003174, -3.10412573814, 18.5326442719], [-236.677230835, -129.706436157, 98.1560134888, 86.4742507935, 191.693817139, 32.4343566895, -47.5756645203, 4.71125411987, 18.6114768982, -7.43119287491, -26.7413024902, -21.0067195892, -29.4011936188], [-68.2542190552, -35.2670974731, 67.5402984619, 3.5917069912, 32.4343566895, 146.924407959, 90.5354766846, -35.6485328674, 32.3311729431, 12.5177078247, -3.04043412209, 0.441693276167, -12.1470518112], [-206.884002686, 268.116851807, 23.5375499725, -103.985923767, -47.5756645203, 90.5354766846, 413.222412109, -52.6913719177, 85.9489593506, 37.4674835205, -8.0136089325, -0.168618053198, -77.7562179565], [-146.024353027, -160.680648804, 57.0405235291, 14.6973705292, 4.71125411987, -35.6485328674, -52.6913719177, 166.059066772, -36.7977790833, 7.38861322403, 20.9482021332, -57.9160041809, -5.17186498642], [-85.9774246216, 76.4054718018, 6.7025103569, 18.8282642365, 18.6114768982, 32.3311729431, 85.9489593506, -36.7977790833, 211.631256104, 53.1544876099, -24.3296318054, 12.4793109894, -40.3202285767], [-51.77602005, -35.1338157654, -6.79568338394, -61.0240249634, -7.43119287491, 12.5177078247, 37.4674835205, 7.38861322403, 53.1544876099, 147.335784912, 42.479839325, -19.2213478088, -18.731595993], [-124.998657227, -2.62793970108, 63.6513671875, -34.9272003174, -26.7413024902, -3.04043412209, -8.0136089325, 20.9482021332, -24.3296318054, 42.479839325, 136.606109619, 59.0934448242, 43.5716667175], [142.824417114, 58.4664916992, -27.7942390442, -3.10412573814, -21.0067195892, 0.441693276167, -0.168618053198, -57.9160041809, 12.4793109894, -19.2213478088, 59.0934448242, 183.347595215, 98.8635177612], [1.25810337067, -73.8655853271, 15.1528749466, 18.5326442719, -29.4011936188, -12.1470518112, -77.7562179565, -5.17186498642, -40.3202285767, -18.731595993, 43.5716667175, 98.8635177612, 161.538589478]],
        "icov": [[0.000455386441899, 0.000104432125227, 0.000894782366231, -2.27100317716e-05, 0.000347295164829, -0.000415571179474, 0.000285816728137, 4.96381835546e-05, 0.000146511025378, 0.00010027076496, 0.000123029647511, -0.000470916333143, 0.000437223527115], [0.000104432125227, 0.000990354223177, 0.000566392147448, 0.000691534369253, 5.7748038671e-05, 0.000448262959253, -0.000398810167098, 0.000749317172449, -0.00045503579895, 0.00101486966014, -0.000634237076156, 0.000125395599753, 0.000294247380225], [0.000894782366231, 0.000566392147448, 0.00288174138404, -1.02932363006e-05, 0.000179576032679, -0.000911166309379, 0.000166796176927, 0.00017809162091, -6.0288439272e-05, 0.000916456221603, -0.000866098620463, -0.000261822948232, 0.00051811436424], [-2.27100317716e-05, 0.000691534369253, -1.02932363006e-05, 0.00467997882515, -0.00136435893364, 0.000135906419018, 0.000548142998014, 0.000200176888029, -0.00152488006279, 0.00244795833714, -0.000135802969453, 0.000477014866192, -0.000539468019269], [0.000347295164829, 5.7748038671e-05, 0.000179576032679, -0.00136435893364, 0.00742797460407, -0.0023371912539, 0.00165303726681, -0.000326964567648, 9.372097702e-05, -0.000557595805731, 0.00142783485353, -0.00144888530485, 0.00258514052257], [-0.000415571179474, 0.000448262959253, -0.000911166309379, 0.000135906419018, -0.0023371912539, 0.00985769368708, -0.00274963327684, 0.00219587120228, -0.000680253840983, 0.0001831882837, -0.00106185779441, 0.00169168715365, -0.00155673210975], [0.000285816728137, -0.000398810167098, 0.000166796176927, 0.000548142998014, 0.00165303726681, -0.00274963327684, 0.00435321172699, -0.000127824154333, -0.00056824501371, -0.00043532095151, 0.000744742748793, -0.00145190837793, 0.00241769268177], [4.96381835546e-05, 0.000749317172449, 0.00017809162091, 0.000200176888029, -0.000326964567648, 0.00219587120228, -0.000127824154333, 0.00893299374729, -2.89282979793e-05, 0.00102464004885, -0.00319408578798, 0.00418608030304, -0.000956137024332], [0.000146511025378, -0.00045503579895, -6.0288439272e-05, -0.00152488006279, 9.372097702e-05, -0.000680253840983, -0.00056824501371, -2.89282979793e-05, 0.00735343480483, -0.00412278296426, 0.00297181983478, -0.00299955694936, 0.0020543790888], [0.00010027076496, 0.00101486966014, 0.000916456221603, 0.00244795833714, -0.000557595805731, 0.0001831882837, -0.00043532095151, 0.00102464004885, -0.00412278296426, 0.0117030479014, -0.00577817903832, 0.00370261049829, -0.000547470990568], [0.000123029647511, -0.000634237076156, -0.000866098620463, -0.000135802969453, 0.00142783485353, -0.00106185779441, 0.000744742748793, -0.00319408578798, 0.00297181983478, -0.00577817903832, 0.013460624963, -0.00630933651701, 0.000544510607142], [-0.000470916333143, 0.000125395599753, -0.000261822948232, 0.000477014866192, -0.00144888530485, 0.00169168715365, -0.00145190837793, 0.00418608030304, -0.00299955694936, 0.00370261049829, -0.00630933651701, 0.0136451646686, -0.00763904675841], [0.000437223527115, 0.000294247380225, 0.00051811436424, -0.000539468019269, 0.00258514052257, -0.00155673210975, 0.00241769268177, -0.000956137024332, 0.0020543790888, -0.000547470990568, 0.000544510607142, -0.00763904675841, 0.012799105607]]
    },
    "spectral_contrast_coeffs": {
        "max": [-0.301089078188, -0.327290266752, -0.435369193554, -0.559975802898, -0.630185604095, -0.635582506657],
        "mean": [-0.65884333849, -0.63565737009, -0.716369748116, -0.771002173424, -0.793490827084, -0.781234145164],
        "min": [-0.907240629196, -0.943465054035, -0.917213082314, -0.92610090971, -0.908479213715, -0.913110673428],
        "stdev": [0.111798942089, 0.115604512393, 0.0850250422955, 0.0636235103011, 0.053785726428, 0.048881996423]
    },
    "spectral_contrast_valleys": {
        "max": [-5.94603729248, -4.87652873993, -5.77170276642, -6.29672527313, -6.83645200729, -8.4282617569],
        "mean": [-8.26562404633, -7.42036390305, -8.51008319855, -8.78647708893, -9.11640357971, -11.9474134445],
        "min": [-10.2452373505, -10.0607767105, -11.0324640274, -11.0136146545, -11.0721387863, -13.1462554932],
        "stdev": [0.801668405533, 1.08355593681, 1.16154813766, 1.08418750763, 0.895698964596, 0.601488292217]
    }
},
"rhythm": {
    "beats_count": 59,
    "beats_loudness": {
        "max": 0.0751433670521,
        "mean": 0.0229774229228,
        "min": 0.000131511522341,
        "stdev": 0.0206955447793
    },
    "bpm": 100.364685059,
    "bpm_histogram_first_peak_bpm": 99,
    "bpm_histogram_first_peak_weight": 0.5,
    "bpm_histogram_second_peak_bpm": 120,
    "bpm_histogram_second_peak_spread": 0.421052634716,
    "bpm_histogram_second_peak_weight": 0.189655169845,
    "danceability": 0.896343111992,
    "onset_rate": 2.33789038658,
    "beats_loudness_band_ratio": {
        "max": [0.719224512577, 0.990115404129, 0.995616674423, 0.751101076603, 0.346965909004, 0.473758786917],
        "mean": [0.0692833065987, 0.394530594349, 0.504162371159, 0.103522136807, 0.0409887097776, 0.0134318824857],
        "min": [0.000307990820147, 0.00972904358059, 0.00983642973006, 0.000500209454913, 0.000385609222576, 0.000314943405101],
        "stdev": [0.136662378907, 0.323271125555, 0.293473541737, 0.154909044504, 0.0618655830622, 0.0610340051353]
    },
    "beats_position": [0.476009070873, 0.986848056316, 1.48607707024, 1.98530614376, 2.49614500999, 2.99537420273, 3.48299312592, 3.95900225639, 4.43501138687, 4.92263031006, 5.39863920212, 5.87464857101, 6.3622674942, 6.86149644852, 7.36072540283, 7.95283412933, 8.54494285583, 9.14866161346, 9.74077033997, 10.3328800201, 10.9017686844, 11.4706573486, 11.9582767487, 12.4575052261, 12.9567346573, 13.4559631348, 13.966802597, 14.4660310745, 14.9652605057, 15.4760990143, 15.9753284454, 16.4977779388, 17.0202255249, 17.5426750183, 17.995464325, 18.4482536316, 18.9010429382, 19.4467124939, 19.9807701111, 20.5264396667, 21.1185474396, 21.7222671509, 22.3259868622, 22.9413146973, 23.5334243774, 24.1255321503, 24.7176418304, 25.3097496033, 25.8902492523, 26.4939670563, 27.0976867676, 27.7014045715, 28.3051242828, 28.897233963, 29.4893417358, 30.0930614471, 30.6967792511, 31.3004989624, 31.9042167664],
