{
"metadata": {
    "version": {
        "essentia": "2.1-beta5",
        "essentia_git_sha": "Undefined",
        "extractor": "music 2.0"
    },
    "audio_properties": {
        "analysis": {
            "equal_loudness": 0,
            "length": 32.4963264465,
            "sample_rate": 44100,
            "start_time": 12.7477550507,
            "downmix": "mix"
        },
        "bit_rate": 192000,
        "length": 175.728973389,
        "lossless": 0,
        "number_channels": 2,
        "replay_gain": -15.2649021149,
        "sample_rate": 48000,
        "codec": "mp3",
        "md5_encoded": "61eec413e7e10ddc4fa0ab0e8707ce74"
    },
    "tags": {
        "file_name": "Denmark_For Din Skyld_Birgit Brüel.mp3",
        "encoding": ["Lavf58.29.100"]
    }
},
"lowlevel": {
    "average_loudness": 0.952143907547,
    "barkbands_crest": {
        "max": 25.181728363,
        "mean": 11.2619514465,
        "min": 3.22363877296,
        "stdev": 4.6162981987
    },
    "barkbands_flatness_db": {
        "max": 0.349885731936,
        "mean": 0.235090643167,
        "min": 0.138450339437,
        "stdev": 0.0417555235326
    },
    "barkbands_kurtosis": {
        "max": 39.3349952698,
        "mean": 2.65773320198,
        "min": -1.64010059834,
        "stdev": 4.92547512054
    },
    "barkbands_skewness": {
        "max": 5.5447845459,
        "mean": 0.74005740881,
        "min": -2.53185415268,
        "stdev": 1.12833404541
    },
    "barkbands_spread": {
        "max": 51.8899726868,
        "mean": 13.3976650238,
        "min": 1.95296859741,
        "stdev": 7.89530992508
    },
    "dissonance": {
        "max": 0.49944794178,
        "mean": 0.435487985611,
        "min": 0.263667494059,
        "stdev": 0.0403835102916
    },
    "dynamic_complexity": 2.74711418152,
    "erbbands_crest": {
        "max": 31.9301872253,
        "mean": 14.4593286514,
        "min": 3.4968214035,
        "stdev": 6.51203870773
    },
    "erbbands_flatness_db": {
        "max": 0.414950281382,
        "mean": 0.292990058661,
        "min": 0.199349090457,
        "stdev": 0.0434436835349
    },
    "erbbands_kurtosis": {
        "max": 34.7130317688,
        "mean": 2.22160291672,
        "min": -1.76429605484,
        "stdev": 4.22264575958
    },
    "erbbands_skewness": {
        "max": 3.91644525528,
        "mean": 0.514216065407,
        "min": -3.16247200966,
        "stdev": 0.944626927376
    },
    "erbbands_spread": {
        "max": 54.4521980286,
        "mean": 19.1909389496,
        "min": 2.10571169853,
        "stdev": 10.7235383987
    },
    "hfc": {
        "max": 78.3342590332,
        "mean": 18.7923965454,
        "min": 0.691079676151,
        "stdev": 13.21849823
    },
    "loudness_ebu128": {
        "integrated": -8.92099666595,
        "loudness_range": 3.96716117859,
        "momentary": {
            "max": -5.6952009201,
            "mean": -9.72363471985,
            "min": -20.1930370331,
            "stdev": 2.87914037704
        },
        "short_term": {
            "max": -7.26716327667,
            "mean": -9.28964996338,
            "min": -13.7953929901,
            "stdev": 1.47960019112
        }
    },
    "melbands_crest": {
        "max": 30.9546318054,
        "mean": 14.1100788116,
        "min": 4.16476631165,
        "stdev": 5.30463409424
    },
    "melbands_flatness_db": {
        "max": 0.394058018923,
        "mean": 0.270519375801,
        "min": 0.15068167448,
        "stdev": 0.0478059761226
    },
    "melbands_kurtosis": {
        "max": 68.410446167,
        "mean": 4.54026842117,
        "min": -1.72682273388,
        "stdev": 8.04283905029
    },
    "melbands_skewness": {
        "max": 6.38046455383,
        "mean": 1.10104012489,
        "min": -1.65689444542,
        "stdev": 1.19632017612
    },
    "melbands_spread": {
        "max": 72.993927002,
        "mean": 20.1300849915,
        "min": 2.14023065567,
        "stdev": 11.2830429077
    },
    "pitch_salience": {
        "max": 0.826504945755,
        "mean": 0.504992604256,
        "min": 0.147333979607,
        "stdev": 0.120545372367
    },
    "silence_rate_20dB": {
        "max": 1,
        "mean": 1,
        "min": 1,
        "stdev": 0
    },
    "silence_rate_30dB": {
        "max": 1,
        "mean": 1,
        "min": 1,
        "stdev": 0
    },
    "silence_rate_60dB": {
        "max": 1,
        "mean": 0.0199857242405,
        "min": 0,
        "stdev": 0.139948815107
    },
    "spectral_centroid": {
        "max": 2912.34106445,
        "mean": 1106.46350098,
        "min": 419.239257812,
        "stdev": 410.954162598
    },
    "spectral_complexity": {
        "max": 34,
        "mean": 16.0114212036,
        "min": 2,
        "stdev": 4.83782720566
    },
    "spectral_decrease": {
        "max": -3.32950444992e-10,
        "mean": -6.10506090126e-09,
        "min": -2.11890434088e-08,
        "stdev": 4.06059186275e-09
    },
    "spectral_energy": {
        "max": 0.0831527709961,
        "mean": 0.0247464478016,
        "min": 0.0013335570693,
        "stdev": 0.0163015499711
    },
    "spectral_energyband_high": {
        "max": 0.00313578359783,
        "mean": 0.000121512850455,
        "min": 2.85788382826e-06,
        "stdev": 0.000218331551878
    },
    "spectral_energyband_low": {
        "max": 0.0142973465845,
        "mean": 0.00165944884066,
        "min": 4.72603387607e-05,
        "stdev": 0.00154882716015
    },
    "spectral_energyband_middle_high": {
        "max": 0.0610630735755,
        "mean": 0.00869638845325,
        "min": 0.000159739385708,
        "stdev": 0.00946597289294
    },
    "spectral_energyband_middle_low": {
        "max": 0.0780644565821,
        "mean": 0.0150024993345,
        "min": 0.00030531611992,
        "stdev": 0.0145760048181
    },
    "spectral_entropy": {
        "max": 7.88509178162,
        "mean": 6.9777469635,
        "min": 6.11037349701,
        "stdev": 0.352004468441
    },
    "spectral_flux": {
        "max": 0.229030668736,
        "mean": 0.0646326839924,
        "min": 0.0115625336766,
        "stdev": 0.0311256200075
    },
    "spectral_kurtosis": {
        "max": 42.370475769,
        "mean": 8.55452537537,
        "min": -0.955391168594,
        "stdev": 6.89942932129
    },
    "spectral_rms": {
        "max": 0.00900692306459,
        "mean": 0.00462599936873,
        "min": 0.00114062754437,
        "stdev": 0.00165619084146
    },
    "spectral_rolloff": {
        "max": 5490.96679688,
        "mean": 1224.01013184,
        "min": 322.998046875,
        "stdev": 578.788146973
    },
    "spectral_skewness": {
        "max": 4.27142858505,
        "mean": 1.62122607231,
        "min": 0.0504601113498,
        "stdev": 0.729084551334
    },
    "spectral_spread": {
        "max": 17085346,
        "mean": 2275432,
        "min": 1342430.75,
        "stdev": 569292
    },
    "spectral_strongpeak": {
        "max": 13.1488904953,
        "mean": 2.347417593,
        "min": 0.0262521337718,
        "stdev": 1.97849869728
    },
    "zerocrossingrate": {
        "max": 0.111328125,
        "mean": 0.0449940189719,
        "min": 0.0087890625,
        "stdev": 0.0152385132387
    },
    "barkbands": {
        "max": [0.000121401732031, 0.00612288061529, 0.00817746762186, 0.0158815197647, 0.0311349928379, 0.0754203870893, 0.047456074506, 0.044491276145, 0.0478466674685, 0.0484324917197, 0.0360499210656, 0.0183296501637, 0.0435891412199, 0.0221073515713, 0.0215420071036, 0.0340073294938, 0.00805093254894, 0.00208782358095, 0.00142003491055, 0.000874157354701, 0.00210119783878, 0.00191192841157, 1.59771093422e-06, 1.07860682874e-06, 6.07597598901e-07, 1.47296304931e-07, 1.55241750122e-07],
        "mean": [1.61791613209e-05, 0.000865940353833, 0.000644867308438, 0.00043168180855, 0.00102737511043, 0.00543972896412, 0.00304930750281, 0.00207140063867, 0.00184476538561, 0.00333271571435, 0.00135491101537, 0.000766100594774, 0.00128944939934, 0.000842945242766, 0.000648265995551, 0.000361749232979, 0.00023782531207, 0.000172607673449, 0.000194670705241, 7.29299135855e-05, 4.93205989187e-05, 3.14354256261e-05, 9.33742256848e-08, 9.25533711893e-08, 1.05174635223e-07, 9.66599023045e-10, 1.02038966165e-09],
        "min": [1.18214742884e-07, 6.98620306139e-06, 5.37744335816e-06, 1.11933752578e-06, 6.79980485074e-06, 1.35800546559e-05, 8.83663688001e-06, 6.50794572721e-06, 3.1620363643e-06, 1.0273523003e-05, 5.39462052984e-06, 2.50475795838e-06, 2.74776266451e-06, 2.49740423897e-06, 4.76754166812e-06, 2.229244501e-06, 1.28573628899e-06, 1.26613588236e-06, 1.4326959672e-06, 7.44145950193e-07, 9.98548216558e-07, 4.44028700031e-07, 1.01979509282e-08, 9.4137453388e-09, 1.31102337875e-08, 3.48025254449e-12, 4.6944132609e-12],
        "stdev": [1.46975953612e-05, 0.000844811962452, 0.000844490132295, 0.00116800819524, 0.00195900211111, 0.00999620556831, 0.00479735713452, 0.00492126727477, 0.00483549386263, 0.0064931306988, 0.00273884576745, 0.0017395473551, 0.00425946805626, 0.00216350471601, 0.00156145833898, 0.00170090643223, 0.000382369617, 0.000199480142328, 0.000192145656911, 9.16351564229e-05, 0.000102105412225, 0.00012827682076, 1.24726270201e-07, 6.37698533978e-08, 5.56791306394e-08, 6.6165615209e-09, 6.9466685737e-09]
    },
    "erbbands": {
        "max": [0.159729391336, 1.91097080708, 10.6857748032, 19.9842319489, 146.399261475, 37.1170005798, 249.947753906, 917.110717773, 685.822631836, 363.648132324, 1063.5637207, 1512.24719238, 1350.72607422, 2511.05419922, 783.185974121, 961.540527344, 1333.19165039, 1069.83435059, 1224.47436523, 1862.13842773, 652.915466309, 548.440673828, 116.247138977, 101.096878052, 50.6191711426, 53.8353309631, 86.24559021, 62.9794006348, 92.2373809814, 16.1956806183, 0.454356968403, 0.0287335813046, 0.0188298691064, 0.0128307044506, 0.00156141829211, 0.000614788848907, 0.000281931075733, 9.90264015854e-05, 3.94549388147e-05, 9.30655078264e-05],
        "mean": [0.0217530094087, 0.210699826479, 0.70549684763, 1.04911482334, 3.69069814682, 2.38345599174, 7.46569538116, 51.4207763672, 67.4469299316, 25.1273555756, 54.5040435791, 49.6032562256, 75.4265289307, 107.637313843, 42.0415420532, 36.9119148254, 52.0488548279, 53.571521759, 32.8457145691, 40.8549804688, 13.2852640152, 12.6248559952, 10.4479169846, 11.3577747345, 5.66475296021, 4.0433049202, 2.43576097488, 1.55176913738, 1.384739995, 0.20787909627, 0.00822445843369, 0.00277712475508, 0.00150854815729, 0.00209219381213, 0.00021644915978, 2.56386865658e-05, 1.19991227621e-05, 3.74136971004e-06, 1.30928001454e-05, 2.8949461921e-05],
        "min": [0.000165160890901, 0.00168543797918, 0.00995486881584, 0.0100351348519, 0.0357761532068, 0.0364055335522, 0.130724132061, 0.156064629555, 0.281416535378, 0.138984724879, 0.173528805375, 0.145092055202, 0.529327332973, 0.4526283741, 0.43961340189, 0.186873346567, 0.183088436723, 0.293200463057, 0.227272287011, 0.188745930791, 0.141030728817, 0.0762440040708, 0.0835880935192, 0.0741074457765, 0.0874345451593, 0.0301508046687, 0.0492695756257, 0.0354783013463, 0.0215989630669, 0.00375517364591, 0.00090883183293, 0.000336256547598, 0.000205127522349, 0.000289785210043, 4.49199615105e-05, 5.77705804972e-06, 8.71279382864e-07, 1.55694877435e-07, 7.48380614368e-07, 1.69765485225e-06],
        "stdev": [0.0230559427291, 0.220457211137, 1.07639193535, 1.53017532825, 9.85206508636, 3.08563876152, 19.9305953979, 98.7154083252, 115.075271606, 32.7547836304, 125.902580261, 135.243469238, 167.476608276, 242.606582642, 67.2010269165, 88.6392211914, 135.915740967, 129.091400146, 80.5283355713, 121.456436157, 30.7697105408, 21.5487594604, 11.7174720764, 12.2260665894, 6.85782146454, 5.17423057556, 4.25940656662, 3.46326851845, 5.76814937592, 0.983994483948, 0.0278690680861, 0.00224814936519, 0.00102450372651, 0.00108179450035, 0.000127617822727, 2.85867863568e-05, 1.36655944516e-05, 4.81023744214e-06, 8.31595116324e-06, 1.87938348972e-05]
    },
    "gfcc": {
        "mean": [-77.2294540405, 183.386535645, -184.627593994, 22.0128250122, -43.7079086304, -20.8823490143, -2.995916605, -11.1860246658, -7.17679262161, -3.41744852066, 0.390807539225, -11.2971115112, 9.39770698547],
        "cov": [[825.370727539, -27.3323040009, -317.161193848, -51.058265686, 73.3546218872, -246.777877808, 69.7699661255, -73.2902297974, 109.66809082, 101.278556824, -32.3408355713, 78.0906906128, -53.0230293274], [-27.3323040009, 182.45930481, 163.422683716, -97.6704788208, -4.88313913345, -18.8673000336, -24.6145362854, 73.4667739868, -1.16639888287, -33.1514663696, 8.62350749969, -46.4590530396, 21.5232582092], [-317.161193848, 163.422683716, 467.990386963, 34.5258102417, -117.604568481, 66.2892456055, -97.8874664307, 95.5264053345, -38.7587203979, -98.0858154297, 24.3039360046, -54.3854980469, 43.658367157], [-51.058265686, -97.6704788208, 34.5258102417, 405.560058594, -25.5459156036, -10.9531888962, -84.0246658325, -74.7372131348, 0.374264448881, 18.3111991882, 12.1674976349, 34.2610588074, 1.20121181011], [73.3546218872, -4.88313913345, -117.604568481, -25.5459156036, 207.195358276, 72.6665802002, -15.3939199448, -26.8183841705, -1.85337388515, 36.7944984436, 23.4651889801, 6.58265352249, -10.5374832153], [-246.777877808, -18.8673000336, 66.2892456055, -10.9531888962, 72.6665802002, 302.633544922, 32.0733222961, 27.3115615845, -43.2239494324, -55.2061386108, 5.57033634186, -50.6460418701, -23.7059688568], [69.7699661255, -24.6145362854, -97.8874664307, -84.0246658325, -15.3939199448, 32.0733222961, 155.359725952, 32.3980102539, 10.7183828354, 7.78990364075, -16.9245376587, 10.5094423294, -24.3553466797], [-73.2902297974, 73.4667739868, 95.5264053345, -74.7372131348, -26.8183841705, 27.3115615845, 32.3980102539, 140.208221436, 35.4800796509, -28.4878635406, -3.95357084274, -32.5950393677, 31.2118797302], [109.66809082, -1.16639888287, -38.7587203979, 0.374264448881, -1.85337388515, -43.2239494324, 10.7183828354, 35.4800796509, 120.40296936, 67.7193603516, -10.4932470322, 21.6525726318, 8.68753528595], [101.278556824, -33.1514663696, -98.0858154297, 18.3111991882, 36.7944984436, -55.2061386108, 7.78990364075, -28.4878635406, 67.7193603516, 131.117080688, 46.4675827026, 28.8951950073, -2.80055832863], [-32.3408355713, 8.62350749969, 24.3039360046, 12.1674976349, 23.4651889801, 5.57033634186, -16.9245376587, -3.95357084274, -10.4932470322, 46.4675827026, 94.122833252, 43.8402938843, 10.6756048203], [78.0906906128, -46.4590530396, -54.3854980469, 34.2610588074, 6.58265352249, -50.6460418701, 10.5094423294, -32.5950393677, 21.6525726318, 28.8951950073, 43.8402938843, 121.581878662, 37.3599624634], [-53.0230293274, 21.5232582092, 43.658367157, 1.20121181011, -10.5374832153, -23.7059688568, -24.3553466797, 31.2118797302, 8.68753528595, -2.80055832863, 10.6756048203, 37.3599624634, 99.0258178711]],
        "icov": [[0.00305858836509, -0.000896092795301, 0.000860019994434, -4.21990116592e-05, -0.00176540599205, 0.00274870824069, -0.00198974879459, 0.00219883723184, -0.00360906682909, 0.00248982012272, -0.000882549386006, 9.60886027315e-05, 0.00118748564273], [-0.000896092795301, 0.0188996680081, -0.0080926772207, 0.00311844237149, -0.00724058644846, 0.00704052438959, -0.0058624939993, 0.0036934746895, -0.00881765875965, 0.010837463662, -0.0116198891774, 0.0129321841523, -0.00529487337917], [0.000860019994434, -0.0080926772207, 0.00922732241452, -0.00148749467917, 0.006180673372, -0.00392815330997, 0.00593587523326, -0.00367468968034, 0.00230864435434, -0.000713078072295, 0.000498204375617, -0.00345986848697, 0.00153373554349], [-4.21990116592e-05, 0.00311844237149, -0.00148749467917, 0.00385318673216, -0.000106641440652, 0.000288011447992, 0.00135872222017, 0.00124374357983, -0.000846429436933, 2.07547836908e-05, -0.000230792735238, 4.0494469431e-05, -7.11467828296e-06], [-0.00176540599205, -0.00724058644846, 0.006180673372, -0.000106641440652, 0.0133558642119, -0.00879124552011, 0.00954655278474, -0.00622267182916, 0.00945181492716, -0.0106759630144, 0.00696046603844, -0.00821746513247, 0.00274950801395], [0.00274870824069, 0.00704052438959, -0.00392815330997, 0.000288011447992, -0.00879124552011, 0.0121644260362, -0.00982619635761, 0.00760427070782, -0.0117828119546, 0.0142946057022, -0.0120758889243, 0.0114131132141, -0.00273313629441], [-0.00198974879459, -0.0058624939993, 0.00593587523326, 0.00135872222017, 0.00954655278474, -0.00982619635761, 0.021850310266, -0.0170240271837, 0.0184328146279, -0.0194039214402, 0.0185141339898, -0.0180588234216, 0.00963006913662], [0.00219883723184, 0.0036934746895, -0.00367468968034, 0.00124374357983, -0.00622267182916, 0.00760427070782, -0.0170240271837, 0.0322537571192, -0.0303397644311, 0.0287807565182, -0.0266237705946, 0.0240788515657, -0.0139537444338], [-0.00360906682909, -0.00881765875965, 0.00230864435434, -0.000846429436933, 0.00945181492716, -0.0117828119546, 0.0184328146279, -0.0303397644311, 0.0493857786059, -0.0455795302987, 0.040701046586, -0.0316147357225, 0.0131758404896], [0.00248982012272, 0.010837463662, -0.000713078072295, 2.07547836908e-05, -0.0106759630144, 0.0142946057022, -0.0194039214402, 0.0287807565182, -0.0455795302987, 0.0569899603724, -0.0480627864599, 0.0344989784062, -0.0144897326827], [-0.000882549386006, -0.0116198891774, 0.000498204375617, -0.000230792735238, 0.00696046603844, -0.0120758889243, 0.0185141339898, -0.0266237705946, 0.040701046586, -0.0480627864599, 0.0571383573115, -0.0391746237874, 0.0163208115846], [9.60886027315e-05, 0.0129321841523, -0.00345986848697, 4.0494469431e-05, -0.00821746513247, 0.0114131132141, -0.0180588234216, 0.0240788515657, -0.0316147357225, 0.0344989784062, -0.0391746237874, 0.0422746390104, -0.0193843133748], [0.00118748564273, -0.00529487337917, 0.00153373554349, -7.11467828296e-06, 0.00274950801395, -0.00273313629441, 0.00963006913662, -0.0139537444338, 0.0131758404896, -0.0144897326827, 0.0163208115846, -0.0193843133748, 0.0216018464416]]
    },
    "melbands": {
        "max": [0.00142068008427, 0.00430161412805, 0.00643659755588, 0.00728670507669, 0.00687205698341, 0.018093591556, 0.00954147614539, 0.00437347218394, 0.00742987450212, 0.00902988761663, 0.0065843006596, 0.0102698765695, 0.00345742423087, 0.00184031878598, 0.0012404168956, 0.00546959647909, 0.00243545579724, 0.00168858899269, 0.0012226550607, 0.00299788848497, 0.000904208223801, 0.000697333889548, 0.000131557884743, 0.000129398453282, 0.000102383142803, 5.77229111514e-05, 4.2912128265e-05, 3.92701185774e-05, 3.44940417563e-05, 7.84060393926e-05, 3.82327380066e-05, 5.82826651225e-05, 3.87998916267e-05, 9.16799535844e-07, 2.4725521186e-08, 1.4995231723e-08, 1.22548975412e-08, 1.12409841435e-08, 1.50361749718e-08, 9.39829547519e-09],
        "mean": [0.000219989728066, 0.000329669943312, 0.000274308433291, 0.000224049537792, 0.000209098987398, 0.0012108621886, 0.000960769539233, 0.000273718091194, 0.000436163041741, 0.000294207129627, 0.000364433653885, 0.000437694689026, 0.000169730075868, 8.80106090335e-05, 7.20471798559e-05, 0.000145855621668, 9.6427713288e-05, 5.36049847142e-05, 5.51338380319e-05, 3.78538097721e-05, 1.3187535842e-05, 1.40489601108e-05, 1.154543952e-05, 6.84722635924e-06, 1.01179393823e-05, 5.07298682351e-06, 2.65182052317e-06, 2.62209778157e-06, 1.3143447859e-06, 1.63041227097e-06, 6.59735007957e-07, 8.80259619862e-07, 4.24184577241e-07, 1.16161116281e-08, 1.30979382895e-09, 1.26932508948e-09, 1.46177736582e-09, 8.64900095987e-10, 1.50770718133e-09, 1.64074032138e-09],
        "min": [1.6635050315e-06, 5.99980012339e-06, 2.39056794271e-06, 2.3786260499e-06, 2.03554100153e-06, 2.74043532045e-06, 2.93318407785e-06, 9.32802777243e-07, 5.73478132537e-07, 4.39715421408e-07, 1.27224859625e-06, 1.45473222801e-06, 5.52711242108e-07, 1.24465614704e-07, 3.01821842186e-07, 2.15273161075e-07, 4.93413324421e-07, 2.66347228717e-07, 3.93681290234e-07, 1.41670113862e-07, 1.33945732728e-07, 4.98781211888e-08, 7.37153058594e-08, 5.38595834598e-08, 5.60241311121e-08, 6.44699866825e-08, 3.26960716279e-08, 1.57645025922e-08, 3.11715986356e-08, 2.41810287349e-08, 1.71596372667e-08, 1.19900862572e-08, 4.18477208441e-09, 4.56997523157e-10, 1.3778429786e-10, 1.41077524662e-10, 1.37502897957e-10, 8.42560743397e-11, 1.80857342991e-10, 1.96011262776e-10],
        "stdev": [0.000215476509766, 0.000426076992881, 0.000555840961169, 0.000465008488391, 0.000560194835998, 0.00225731451064, 0.00158805621322, 0.000443978060503, 0.000961007201113, 0.000823214941192, 0.00084510614397, 0.00102092453744, 0.000320238643326, 0.000184493415873, 0.000129784777528, 0.000529970566276, 0.000244205613853, 0.000135338210384, 0.000122004894365, 0.00015654451272, 3.35653494403e-05, 2.76274695352e-05, 1.4644420844e-05, 8.61056560097e-06, 1.18638236017e-05, 6.10941151535e-06, 3.89683737012e-06, 3.6542039652e-06, 2.24430914386e-06, 3.61594015885e-06, 1.86320824014e-06, 3.54388407686e-06, 2.16082844418e-06, 5.1348930441e-08, 1.83439485824e-09, 1.11628783994e-09, 9.50359790863e-10, 6.95423330033e-10, 8.6771717589e-10, 8.72210470515e-10]
    },
    "melbands128": {
        "max": [0.000110507076897, 0.00113998015877, 0.00240760855377, 0.00416326522827, 0.00674514984712, 0.0028005654458, 0.00177662167698, 0.0111554032192, 0.0207655075938, 0.00680942647159, 0.00210409797728, 0.00380142964423, 0.00878846924752, 0.0195015128702, 0.0268746837974, 0.0298607759178, 0.0225324537605, 0.0164238736033, 0.0143801392987, 0.00419166591018, 0.00973673723638, 0.0181074477732, 0.0115684559569, 0.00762557331473, 0.0179815609008, 0.0162675231695, 0.00958940573037, 0.0126903979108, 0.00821440387517, 0.0150692332536, 0.0184082090855, 0.00873228721321, 0.00723008532077, 0.0023939225357, 0.000856221478898, 0.00319394562393, 0.00504540558904, 0.00131961330771, 0.0014949174365, 0.00156379782129, 0.0129882581532, 0.00423872470856, 0.00459801172838, 0.00635838974267, 0.00191545346752, 0.00154103257228, 0.00582546880469, 0.00168516277336, 0.00218485761434, 0.00641298340634, 0.00338285067119, 0.000331105809892, 0.00202202354558, 0.000662828329951, 0.000376939337002, 0.00142174097709, 0.00045796399354, 0.000235216823057, 0.000253065256402, 0.000188350139069, 0.000257683277596, 7.68231257098e-05, 0.000111194269266, 0.000182296469575, 0.000114843984193, 0.000102300175058, 9.3731781817e-05, 5.68805553485e-05, 9.68964523054e-05, 9.63976272033e-05, 8.52323282743e-05, 4.35324946011e-05, 3.99676791858e-05, 3.68470755348e-05, 6.20338323642e-05, 0.000148433857248, 5.17709740961e-05, 5.35006620339e-05, 3.03997931042e-05, 4.43214303232e-05, 5.78388971917e-05, 8.99367805687e-05, 0.000118891257443, 4.759622243e-05, 5.38612675882e-06, 4.30338388924e-07, 6.2229517539e-08, 4.80079691556e-08, 3.00488842697e-08, 2.67380340091e-08, 2.48073188658e-08, 1.03460866541e-08, 1.36463391698e-08, 1.5712137369e-08, 1.21920118445e-08, 1.7121955409e-08, 1.08587112635e-08, 1.72627441231e-08, 1.55928514545e-08, 1.35289601744e-08, 1.36450566401e-08, 8.90717721802e-09, 7.48980522047e-09, 4.17908863071e-09, 1.42875211662e-09, 1.17174125958e-09, 1.11521047952e-09, 1.06262609822e-09, 1.01583752521e-09, 9.72685931799e-10, 9.33022437088e-10, 8.9554386129e-10, 8.62011184655e-10, 8.31239688193e-10, 8.01596178324e-10, 7.7544975996e-10, 7.49172224257e-10, 7.26360582792e-10, 7.06576297471e-10, 6.88790746661e-10, 6.70991540108e-10, 6.56490972695e-10, 6.43269160161e-10, 6.30851648697e-10, 6.21602325168e-10, 6.1428950815e-10, 6.08940009528e-10, 6.05604122406e-10],
        "mean": [1.47901591845e-05, 0.000145542275277, 0.000316471327096, 0.000345450709574, 0.0003757456725, 0.000294105528155, 0.00016539353237, 0.000263237918261, 0.00046658757492, 0.000211340840906, 8.6883403128e-05, 0.000107948842924, 0.000184165837709, 0.000399634707719, 0.000781457638368, 0.00216749403626, 0.00169566471595, 0.000545268470887, 0.000329226197209, 0.000218674060307, 0.000205973017728, 0.000504738709424, 0.000544834125321, 0.000243587928708, 0.000371798290871, 0.000235367231653, 0.000286619469989, 0.000503581017256, 0.00024602477788, 0.000491987739224, 0.000551975332201, 0.000225273004617, 0.000193985513761, 7.34140194254e-05, 5.21082656633e-05, 0.000104625272797, 0.000137729395647, 3.27674497385e-05, 6.41102233203e-05, 9.89936015685e-05, 0.000259081280092, 7.09219675628e-05, 6.57465570839e-05, 0.000149395593326, 4.85908785777e-05, 3.44445033988e-05, 5.3350788221e-05, 3.71524838556e-05, 6.25431493972e-05, 8.39698332129e-05, 2.42340320256e-05, 8.82447420736e-06, 1.00800853033e-05, 1.33581088448e-05, 2.37962485699e-05, 1.29955942612e-05, 7.47096783016e-06, 1.23909248941e-05, 1.28322999444e-05, 9.92666718957e-06, 5.83481232752e-06, 4.6809250307e-06, 1.01566984085e-05, 1.26952327264e-05, 7.82211918704e-06, 4.39181212641e-06, 4.36959544459e-06, 2.49317645284e-06, 1.79406049483e-06, 3.2337597986e-06, 3.71229566554e-06, 1.45383171457e-06, 1.53112421231e-06, 1.0736933973e-06, 1.27154874008e-06, 2.45874434768e-06, 1.30651528707e-06, 5.68198515793e-07, 5.27109193627e-07, 8.16287638372e-07, 9.07201069822e-07, 8.99291933365e-07, 8.59931674313e-07, 3.8991251472e-07, 5.99040177462e-08, 5.16404163875e-09, 2.14761830541e-09, 1.6802246261e-09, 1.17274534528e-09, 1.0540264217e-09, 1.27317578702e-09, 1.02822383941e-09, 1.80233106217e-09, 1.84481008247e-09, 9.7532015797e-10, 8.67403981974e-10, 9.08469355299e-10, 8.02138688805e-10, 5.88148363345e-10, 2.12088213658e-09, 3.86945542274e-09, 6.45832221036e-10, 6.66565580509e-10, 2.93136764862e-10, 5.44303005445e-11, 7.7862750969e-12, 7.33786208879e-12, 6.96870556052e-12, 6.66931527366e-12, 6.38849129847e-12, 6.12940687789e-12, 5.88399164461e-12, 5.65187610255e-12, 5.44952191012e-12, 5.26030564593e-12, 5.08675523578e-12, 4.92213604944e-12, 4.77558053866e-12, 4.64493417687e-12, 4.52487006197e-12, 4.41472639695e-12, 4.31458428013e-12, 4.23053562668e-12, 4.15426200384e-12, 4.0857391255e-12, 4.02371972547e-12, 3.98141589142e-12, 3.9587087948e-12],
        "min": [6.78754696892e-09, 4.28407190611e-07, 9.20597415188e-07, 1.38696611884e-06, 1.95352595256e-06, 1.75392392521e-06, 5.64795641367e-07, 6.46998103093e-07, 9.35740843033e-07, 7.74701163664e-07, 7.22041477275e-07, 2.48136956316e-07, 1.99512996346e-07, 5.73981424168e-07, 7.5726097748e-07, 1.25983058297e-06, 4.92697495247e-07, 5.02586260609e-07, 1.45377086369e-07, 1.15090941222e-07, 1.37525049126e-07, 1.37165869774e-07, 1.69631277913e-07, 1.44263367474e-07, 1.26974242676e-07, 1.1286064705e-07, 2.73173554888e-07, 1.93937751192e-07, 1.93577491814e-07, 1.84048701612e-07, 4.3728101673e-07, 3.28782562065e-07, 2.35336003129e-07, 2.97441076214e-08, 3.35053726985e-08, 1.27813962081e-07, 1.14277689534e-07, 5.52972849732e-08, 1.07886968692e-07, 5.41566969048e-08, 1.53445796514e-07, 2.82056220158e-07, 1.68612700691e-07, 1.08000307364e-07, 2.24643752489e-08, 8.12613762946e-08, 1.25301070852e-07, 2.23454094339e-07, 7.90291920794e-08, 7.81003777206e-08, 8.02257531518e-08, 1.78140979301e-07, 8.07923044022e-08, 5.78728389655e-08, 3.18488702078e-08, 2.02889953727e-08, 2.82061343171e-08, 4.41835972254e-08, 4.90844591639e-08, 3.45187416428e-08, 1.63173581313e-08, 3.4665280424e-08, 2.24115144221e-08, 2.99685680716e-08, 4.17016572385e-08, 5.17088345475e-08, 5.77133967283e-08, 2.59255834578e-08, 3.02890263981e-08, 2.15197566433e-08, 7.2467272183e-09, 1.12689821918e-08, 2.44670719241e-08, 1.90186071336e-08, 1.56343933355e-08, 8.01031596609e-09, 1.33039650407e-08, 1.00468673381e-08, 1.0753458568e-08, 8.59643201068e-09, 7.8040081064e-09, 8.16259770886e-09, 6.85060808081e-09, 2.71464428714e-09, 1.14278653207e-09, 2.07948699926e-10, 1.31968783124e-10, 1.37011513246e-10, 8.00647187438e-11, 9.0639808159e-11, 5.02027169835e-11, 1.00558131266e-10, 1.87869636514e-10, 1.5415389798e-10, 6.73214956004e-11, 5.80642166292e-11, 8.07137134906e-11, 5.51717838082e-11, 4.00956247371e-11, 2.37486252885e-10, 4.20955742486e-10, 7.8457976227e-11, 5.84250980928e-11, 2.97407862226e-11, 5.26567721718e-13, 3.79772880082e-14, 1.7908848097e-14, 1.91939393795e-14, 1.63965198976e-14, 1.56801790519e-14, 1.91925468573e-14, 1.96251503004e-14, 1.66825121019e-14, 2.03598615967e-14, 1.4594269261e-14, 2.23410208383e-14, 2.0789822297e-14, 1.75365550938e-14, 1.81377028468e-14, 2.02733727565e-14, 1.93067844969e-14, 1.6907311258e-14, 2.02033011089e-14, 1.40143354481e-14, 1.33771566076e-14, 4.97782882486e-15, 7.93102253624e-16, 2.42635598678e-17],
        "stdev": [1.38463619805e-05, 0.000159962379257, 0.000376688898541, 0.000426882616011, 0.000686812622007, 0.000323508284055, 0.000191757746506, 0.000850917422213, 0.00133193435613, 0.000426277518272, 0.000138694435009, 0.000226367425057, 0.000689297157805, 0.00146147527266, 0.00215630512685, 0.00462496001273, 0.00361817283556, 0.00128581852186, 0.000855526304804, 0.000394194474211, 0.000638162426185, 0.00160785764456, 0.00145714450628, 0.00080238992814, 0.00151318241842, 0.000946987769566, 0.00097371119773, 0.00149345828686, 0.000717358023394, 0.00149613490794, 0.00158664304763, 0.000568366784137, 0.000550465250853, 0.000154657958774, 9.02786050574e-05, 0.000304271263303, 0.000446784863016, 9.13612020668e-05, 0.000152266438818, 0.000191504557733, 0.00123903620988, 0.000292488461128, 0.000308856600896, 0.000494008534588, 0.00012466678163, 0.000118176183605, 0.000282612803858, 0.000108284068119, 0.000182718838914, 0.000390724744648, 0.000145875223097, 1.75808836502e-05, 6.67354106554e-05, 3.6627643567e-05, 4.20889919042e-05, 4.94464657095e-05, 2.10635280382e-05, 2.36440428125e-05, 2.1178584575e-05, 1.67765774677e-05, 1.16438341138e-05, 6.04513888902e-06, 1.41079235618e-05, 1.83034026122e-05, 1.11137751446e-05, 7.89059140516e-06, 9.47545777308e-06, 5.43826945432e-06, 4.8328183766e-06, 6.26693190497e-06, 6.50759784548e-06, 2.53929260907e-06, 3.20397271025e-06, 2.38439611167e-06, 3.915783509e-06, 6.34029174762e-06, 2.95476320389e-06, 1.83965926226e-06, 1.59940884714e-06, 2.58872955783e-06, 3.58005445378e-06, 4.21965887654e-06, 5.03391129314e-06, 2.07819357456e-06, 3.00281186583e-07, 1.94576941226e-08, 3.80273190714e-09, 2.75740830169e-09, 1.77581604976e-09, 1.8633090626e-09, 1.46098411147e-09, 8.53869475126e-10, 1.24234389443e-09, 1.2179121045e-09, 8.1233242355e-10, 8.55796822297e-10, 7.21437243278e-10, 7.24538706809e-10, 6.42570996412e-10, 1.16266640759e-09, 2.00567895625e-09, 5.28575794245e-10, 4.77088701878e-10, 2.76546202604e-10, 7.77496400595e-11, 5.28669816258e-11, 5.02196791097e-11, 4.78351733224e-11, 4.56937994386e-11, 4.37614666726e-11, 4.1949346774e-11, 4.02455152537e-11, 3.86758194915e-11, 3.72672274984e-11, 3.5978182239e-11, 3.47588381688e-11, 3.35506240845e-11, 3.25338263274e-11, 3.16166814951e-11, 3.08111904046e-11, 3.00083673188e-11, 2.936810517e-11, 2.8770050578e-11, 2.82274446872e-11, 2.7809379799e-11, 2.74744012263e-11, 2.72333058882e-11, 2.70855542855e-11]
    },
    "mfcc": {
        "mean": [-703.468383789, 203.47958374, -70.1062164307, 40.9324073792, -22.9778766632, 0.699578762054, 6.04362869263, -11.9258470535, 12.538602829, -11.849899292, 10.2179613113, -4.40727615356, -0.0519732423127],
        "cov": [[896.772338867, 3.47122216225, -484.285705566, 185.697372437, -137.408248901, 2.12634062767, -129.506942749, -81.225944519, 33.3056716919, -25.2561740875, 118.414070129, 10.4553127289, -6.88178730011], [3.47122216225, 294.774383545, 29.7623806, -142.871032715, -8.53004550934, -118.959854126, 6.39855384827, 20.5239944458, 27.941947937, 55.6006584167, -27.3779430389, 44.2320480347, -0.872872591019], [-484.285705566, 29.7623806, 657.524291992, -46.5771484375, 93.522315979, -91.7316360474, 16.464597702, 77.8789825439, -13.8750219345, 17.0904598236, -99.9672622681, 3.37326836586, -8.7658033371], [185.697372437, -142.871032715, -46.5771484375, 314.080169678, -22.6491355896, -2.32467770576, -97.4517211914, -84.9281921387, -11.0149793625, -84.6822967529, 26.0071544647, -16.7328548431, 9.15622329712], [-137.408248901, -8.53004550934, 93.522315979, -22.6491355896, 242.799240112, 48.2816467285, 20.9259567261, 6.30681800842, -24.3992996216, 5.18682909012, -41.2068595886, 30.4935665131, -1.58305799961], [2.12634062767, -118.959854126, -91.7316360474, -2.32467770576, 48.2816467285, 193.913757324, 54.5839385986, -1.40870118141, -27.3151721954, -27.6474609375, 44.3985176086, -6.68302297592, 3.14885735512], [-129.506942749, 6.39855384827, 16.464597702, -97.4517211914, 20.9259567261, 54.5839385986, 152.890686035, 53.084903717, -33.7709693909, 8.71807479858, -19.8712730408, 13.6258821487, 0.459628134966], [-81.225944519, 20.5239944458, 77.8789825439, -84.9281921387, 6.30681800842, -1.40870118141, 53.084903717, 118.691123962, 31.614112854, 5.62837505341, -19.8923110962, -10.9901475906, 7.46153879166], [33.3056716919, 27.941947937, -13.8750219345, -11.0149793625, -24.3992996216, -27.3151721954, -33.7709693909, 31.614112854, 109.411529541, 51.2789916992, -3.39490413666, -7.75798749924, 9.63863372803], [-25.2561740875, 55.6006584167, 17.0904598236, -84.6822967529, 5.18682909012, -27.6474609375, 8.71807479858, 5.62837505341, 51.2789916992, 113.240890503, 18.121099472, 11.020154953, -8.24799633026], [118.414070129, -27.3779430389, -99.9672622681, 26.0071544647, -41.2068595886, 44.3985176086, -19.8712730408, -19.8923110962, -3.39490413666, 18.121099472, 122.080276489, 34.4721412659, -12.0302743912], [10.4553127289, 44.2320480347, 3.37326836586, -16.7328548431, 30.4935665131, -6.68302297592, 13.6258821487, -10.9901475906, -7.75798749924, 11.020154953, 34.4721412659, 112.213516235, 34.5224876404], [-6.88178730011, -0.872872591019, -8.7658033371, 9.15622329712, -1.58305799961, 3.14885735512, 0.459628134966, 7.46153879166, 9.63863372803, -8.24799633026, -12.0302743912, 34.5224876404, 92.7175445557]],
        "icov": [[0.00296026747674, -0.00123657961376, 0.00226524216123, -0.00254617701285, 0.00124293379486, -0.00123498158064, 0.00279705040157, -0.00286658620462, 0.00194052502047, -0.00220542331226, 0.00108302559238, -0.00165343552362, 0.00131192011759], [-0.00123657961376, 0.00783078651875, -0.000571966171265, 0.00514932069927, -0.00116307567805, 0.00562973087654, -0.00183506787289, 0.00319369975477, -0.00292862416245, 0.0028099482879, -0.00103888486046, -0.00109327025712, -0.000212935497984], [0.00226524216123, -0.000571966171265, 0.00411347532645, -0.00269645336084, 0.000818025611807, -0.000634196330793, 0.00351008260623, -0.00525002321228, 0.0039440644905, -0.00399122713134, 0.00350615824573, -0.00272861286066, 0.00196437817067], [-0.00254617701285, 0.00514932069927, -0.00269645336084, 0.0119599420577, -0.00302976788953, 0.00615863269195, -0.0036298262421, 0.0106226215139, -0.0081798452884, 0.0117997182533, -0.00668346788734, 0.0040398077108, -0.00314563233405], [0.00124293379486, -0.00116307567805, 0.000818025611807, -0.00302976788953, 0.00790449138731, -0.00601443601772, 0.00503987353295, -0.00502183428034, 0.00550209451467, -0.00641655502841, 0.00789170712233, -0.00619218451902, 0.00336299790069], [-0.00123498158064, 0.00562973087654, -0.000634196330793, 0.00615863269195, -0.00601443601772, 0.0158871337771, -0.00925500318408, 0.00811763945967, -0.00748920300975, 0.0103933047503, -0.0113825192675, 0.00657673552632, -0.00417901622131], [0.00279705040157, -0.00183506787289, 0.00351008260623, -0.0036298262421, 0.00503987353295, -0.00925500318408, 0.0197346433997, -0.014082191512, 0.0135436793789, -0.0118246069178, 0.011567287147, -0.00875697191805, 0.00461805425584], [-0.00286658620462, 0.00319369975477, -0.00525002321228, 0.0106226215139, -0.00502183428034, 0.00811763945967, -0.014082191512, 0.0268354602158, -0.0179727356881, 0.0171908177435, -0.0119363451377, 0.00947470683604, -0.00585823599249], [0.00194052502047, -0.00292862416245, 0.0039440644905, -0.0081798452884, 0.00550209451467, -0.00748920300975, 0.0135436793789, -0.0179727356881, 0.0270279441029, -0.0204676873982, 0.0120674176142, -0.00624187849462, 0.00228402065113], [-0.00220542331226, 0.0028099482879, -0.00399122713134, 0.0117997182533, -0.00641655502841, 0.0103933047503, -0.0118246069178, 0.0171908177435, -0.0204676873982, 0.0300043225288, -0.015754353255, 0.0080833742395, -0.0037242451217], [0.00108302559238, -0.00103888486046, 0.00350615824573, -0.00668346788734, 0.00789170712233, -0.0113825192675, 0.011567287147, -0.0119363451377, 0.0120674176142, -0.015754353255, 0.0254657100886, -0.0142250573263, 0.0084314821288], [-0.00165343552362, -0.00109327025712, -0.00272861286066, 0.0040398077108, -0.00619218451902, 0.00657673552632, -0.00875697191805, 0.00947470683604, -0.00624187849462, 0.0080833742395, -0.0142250573263, 0.0204458106309, -0.00992865208536], [0.00131192011759, -0.000212935497984, 0.00196437817067, -0.00314563233405, 0.00336299790069, -0.00417901622131, 0.00461805425584, -0.00585823599249, 0.00228402065113, -0.0037242451217, 0.0084314821288, -0.00992865208536, 0.0162471756339]]
    },
    "spectral_contrast_coeffs": {
        "max": [-0.433958917856, -0.413815498352, -0.486733168364, -0.580848097801, -0.658854484558, -0.423930466175],
        "mean": [-0.741598129272, -0.665559947491, -0.692415595055, -0.752834022045, -0.768454313278, -0.655630230904],
        "min": [-0.887272715569, -0.911252319813, -0.870594501495, -0.927340865135, -0.884991288185, -0.935339450836],
        "stdev": [0.0684171020985, 0.0896458029747, 0.0694175586104, 0.0557269230485, 0.037213075906, 0.0596904456615]
    },
    "spectral_contrast_valleys": {
        "max": [-6.01271009445, -5.34960603714, -6.1865234375, -6.36700773239, -6.70799398422, -10.546087265],
        "mean": [-7.09825563431, -6.82799530029, -7.33912038803, -7.73140192032, -7.96214485168, -12.9064817429],
        "min": [-8.56432819366, -8.45921897888, -9.60346317291, -9.2212972641, -9.41965484619, -13.931139946],
        "stdev": [0.410093724728, 0.512325406075, 0.447030752897, 0.428054898977, 0.410821855068, 0.300629913807]
    }
},
"rhythm": {
    "beats_count": 55,
    "beats_loudness": {
        "max": 0.0635514780879,
        "mean": 0.0258990079165,
        "min": 0.00216476642527,
        "stdev": 0.015744401142
    },
    "bpm": 83.9504470825,
    "bpm_histogram_first_peak_bpm": 136,
    "bpm_histogram_first_peak_weight": 0.461538434029,
    "bpm_histogram_second_peak_bpm": 85,
    "bpm_histogram_second_peak_spread": 0.411764681339,
    "bpm_histogram_second_peak_weight": 0.185185194016,
    "danceability": 0.928474903107,
    "onset_rate": 1.44580066204,
    "beats_loudness_band_ratio": {
        "max": [0.465469270945, 0.880070090294, 0.80519592762, 0.836831688881, 0.393181860447, 0.12751917541],
        "mean": [0.125116229057, 0.26031973958, 0.343228399754, 0.286781400442, 0.0988046452403, 0.0183538049459],
        "min": [0.00342646217905, 0.00554482964799, 0.0383891277015, 0.0136723900214, 0.00480031780899, 0.000820969929919],
        "stdev": [0.10997607559, 0.248164519668, 0.227363437414, 0.226115584373, 0.0902464613318, 0.0223270524293]
    },
    "beats_position": [0.731428563595, 1.47446703911, 2.20589566231, 2.94893407822, 3.68036270142, 4.41179132462, 5.13160991669, 5.83981847763, 6.54802703857, 7.26784563065, 7.97605419159, 8.68426322937, 9.38086128235, 10.077460289, 10.774058342, 11.4706573486, 12.1788663864, 12.8870744705, 13.5140132904, 14.117732048, 14.7446708679, 15.3716096878, 15.9869384766, 16.6254863739, 17.2640361786, 17.8677539825, 18.4714736938, 19.0868015289, 19.6208610535, 20.1433105469, 20.6657600403, 21.1649875641, 21.6642169952, 22.1634464264, 22.6626758575, 23.1735134125, 23.6843528748, 24.195192337, 24.7060317993, 25.2168693542, 25.6696586609, 26.1108379364, 26.563627243, 27.0280265808, 27.4924259186, 27.9452152252, 28.3980045319, 28.8275737762, 29.2803630829, 29.7215423584, 30.1627197266, 30.6038990021, 31.0450782776, 31.4862575531, 31.9274368286],
