{
"metadata": {
    "version": {
        "essentia": "2.1-beta5",
        "essentia_git_sha": "Undefined",
        "extractor": "music 2.0"
    },
    "audio_properties": {
        "analysis": {
            "equal_loudness": 0,
            "length": 33.5063934326,
            "sample_rate": 44100,
            "start_time": 126.490699768,
            "downmix": "mix"
        },
        "bit_rate": 192000,
        "length": 160.008972168,
        "lossless": 0,
        "number_channels": 2,
        "replay_gain": -13.9688529968,
        "sample_rate": 48000,
        "codec": "mp3",
        "md5_encoded": "5decbcc7ea11fe1e40dcd03f69aa27ad"
    },
    "tags": {
        "file_name": "Ireland_I_m Walking The Streets In The Rain_Butch Moore.mp3",
        "encoding": ["Lavf58.29.100"]
    }
},
"lowlevel": {
    "average_loudness": 0.945558786392,
    "barkbands_crest": {
        "max": 26.7647609711,
        "mean": 8.0769329071,
        "min": 2.56618285179,
        "stdev": 3.48256540298
    },
    "barkbands_flatness_db": {
        "max": 0.384313523769,
        "mean": 0.213843882084,
        "min": 0.0748598650098,
        "stdev": 0.0339267738163
    },
    "barkbands_kurtosis": {
        "max": 235.766433716,
        "mean": 2.13302636147,
        "min": -1.9079092741,
        "stdev": 7.80765247345
    },
    "barkbands_skewness": {
        "max": 14.9698038101,
        "mean": 0.89095890522,
        "min": -1.42854142189,
        "stdev": 1.0978988409
    },
    "barkbands_spread": {
        "max": 86.4070510864,
        "mean": 16.6059036255,
        "min": 1.40977180004,
        "stdev": 9.83612823486
    },
    "dissonance": {
        "max": 0.499996453524,
        "mean": 0.459978729486,
        "min": 0.281718313694,
        "stdev": 0.0400952212512
    },
    "dynamic_complexity": 3.39587116241,
    "erbbands_crest": {
        "max": 25.5239105225,
        "mean": 9.06668663025,
        "min": 2.16216182709,
        "stdev": 3.89788556099
    },
    "erbbands_flatness_db": {
        "max": 0.434900671244,
        "mean": 0.260634690523,
        "min": 0.0642436817288,
        "stdev": 0.0342648029327
    },
    "erbbands_kurtosis": {
        "max": 44.2782707214,
        "mean": 0.445075035095,
        "min": -1.76285135746,
        "stdev": 2.12326812744
    },
    "erbbands_skewness": {
        "max": 2.84975814819,
        "mean": 0.167308658361,
        "min": -6.21919250488,
        "stdev": 0.746566772461
    },
    "erbbands_spread": {
        "max": 79.7069320679,
        "mean": 25.6050548553,
        "min": 2.34955835342,
        "stdev": 11.8459281921
    },
    "hfc": {
        "max": 90.2576828003,
        "mean": 24.0095500946,
        "min": 1.67333073477e-05,
        "stdev": 16.6652126312
    },
    "loudness_ebu128": {
        "integrated": -9.22510814667,
        "loudness_range": 7.96829509735,
        "momentary": {
            "max": -6.96667289734,
            "mean": -10.9412555695,
            "min": -42.096786499,
            "stdev": 5.53542804718
        },
        "short_term": {
            "max": -7.91546869278,
            "mean": -10.3726015091,
            "min": -20.2328662872,
            "stdev": 3.42723178864
        }
    },
    "melbands_crest": {
        "max": 39.4495887756,
        "mean": 11.0161705017,
        "min": 2.802765131,
        "stdev": 5.24935770035
    },
    "melbands_flatness_db": {
        "max": 0.381354868412,
        "mean": 0.249368011951,
        "min": 0.104926787317,
        "stdev": 0.0538786537945
    },
    "melbands_kurtosis": {
        "max": 111.070709229,
        "mean": 5.45064020157,
        "min": -1.24905824661,
        "stdev": 8.34259796143
    },
    "melbands_skewness": {
        "max": 10.1579399109,
        "mean": 1.54777681828,
        "min": -0.955935895443,
        "stdev": 1.32994377613
    },
    "melbands_spread": {
        "max": 173.404296875,
        "mean": 23.7979698181,
        "min": 2.28304433823,
        "stdev": 14.9267206192
    },
    "pitch_salience": {
        "max": 0.845087826252,
        "mean": 0.639376342297,
        "min": 0.0206566471606,
        "stdev": 0.104105636477
    },
    "silence_rate_20dB": {
        "max": 1,
        "mean": 1,
        "min": 1,
        "stdev": 0
    },
    "silence_rate_30dB": {
        "max": 1,
        "mean": 0.997922420502,
        "min": 0,
        "stdev": 0.0455328002572
    },
    "silence_rate_60dB": {
        "max": 1,
        "mean": 0.0637119114399,
        "min": 0,
        "stdev": 0.244238555431
    },
    "spectral_centroid": {
        "max": 4941.75097656,
        "mean": 1306.73156738,
        "min": 295.847442627,
        "stdev": 645.078186035
    },
    "spectral_complexity": {
        "max": 56,
        "mean": 23.29155159,
        "min": 0,
        "stdev": 12.8199329376
    },
    "spectral_decrease": {
        "max": -1.20969030691e-13,
        "mean": -6.93943436048e-09,
        "min": -4.08482776493e-08,
        "stdev": 4.22643831044e-09
    },
    "spectral_energy": {
        "max": 0.161000341177,
        "mean": 0.0283687170595,
        "min": 4.58083093235e-07,
        "stdev": 0.0169969443232
    },
    "spectral_energyband_high": {
        "max": 0.00762902852148,
        "mean": 0.000312875083182,
        "min": 4.12428452501e-10,
        "stdev": 0.000491031503771
    },
    "spectral_energyband_low": {
        "max": 0.0924690589309,
        "mean": 0.00487582711503,
        "min": 2.1542471984e-07,
        "stdev": 0.00647064298391
    },
    "spectral_energyband_middle_high": {
        "max": 0.0831773802638,
        "mean": 0.0103061441332,
        "min": 1.79554049407e-09,
        "stdev": 0.00919527653605
    },
    "spectral_energyband_middle_low": {
        "max": 0.155589088798,
        "mean": 0.0141086764634,
        "min": 4.93857843509e-10,
        "stdev": 0.0118521982804
    },
    "spectral_entropy": {
        "max": 8.77243423462,
        "mean": 7.28151321411,
        "min": 6.13602590561,
        "stdev": 0.398928701878
    },
    "spectral_flux": {
        "max": 0.341533124447,
        "mean": 0.0806166902184,
        "min": 0.00108508847188,
        "stdev": 0.0391316190362
    },
    "spectral_kurtosis": {
        "max": 36.3253288269,
        "mean": 5.91683673859,
        "min": -1.30742442608,
        "stdev": 4.7700843811
    },
    "spectral_rms": {
        "max": 0.0125328972936,
        "mean": 0.00494315568358,
        "min": 2.11402548302e-05,
        "stdev": 0.0018005539896
    },
    "spectral_rolloff": {
        "max": 5555.56640625,
        "mean": 1374.24731445,
        "min": 21.533203125,
        "stdev": 867.403137207
    },
    "spectral_skewness": {
        "max": 4.21603250504,
        "mean": 1.30131542683,
        "min": -0.947373509407,
        "stdev": 0.634371638298
    },
    "spectral_spread": {
        "max": 10720236,
        "mean": 2373959.5,
        "min": 1330731.75,
        "stdev": 450542.0625
    },
    "spectral_strongpeak": {
        "max": 8.36296272278,
        "mean": 1.26129543781,
        "min": 0,
        "stdev": 1.22732937336
    },
    "zerocrossingrate": {
        "max": 0.197265625,
        "mean": 0.0500582978129,
        "min": 0,
        "stdev": 0.0226075984538
    },
    "barkbands": {
        "max": [0.0016808253713, 0.0590677708387, 0.0494310595095, 0.0491914190352, 0.0504068657756, 0.0983462333679, 0.0682967677712, 0.0284990631044, 0.0372768454254, 0.0199566166848, 0.0765698328614, 0.0153254996985, 0.013707857579, 0.0125699630007, 0.0108248619363, 0.00699845002964, 0.00972228869796, 0.00627498095855, 0.00486580794677, 0.0018401122652, 0.00633870111778, 0.00289478362538, 7.27704764358e-06, 1.89759284694e-05, 1.24174912344e-05, 1.99010605684e-06, 1.77191236617e-06],
        "mean": [1.95026095753e-05, 0.00173209013883, 0.00213215826079, 0.00171246461105, 0.00280747772194, 0.00273724691942, 0.00273854588158, 0.0016755888937, 0.00198770593852, 0.00128220045008, 0.00158534455113, 0.00163522420917, 0.00114615459461, 0.00117250694893, 0.00120664690621, 0.000899623497389, 0.000663611630443, 0.000419502932345, 0.000425220001489, 0.000156017151312, 0.000163855002029, 6.96409042575e-05, 1.6476550968e-07, 1.35869910878e-07, 1.33222201271e-07, 2.31240027126e-09, 2.18599316426e-09],
        "min": [1.21667113717e-07, 9.47443279387e-09, 1.8048301742e-10, 5.5899264384e-11, 7.37308408771e-11, 4.2091531649e-11, 1.02076354314e-10, 3.91574203618e-11, 1.09492109823e-10, 1.18450832476e-10, 2.72666944579e-10, 2.49780807149e-10, 2.05625710903e-10, 1.64303431971e-10, 1.43113604301e-10, 1.24902713172e-10, 1.02793044909e-10, 9.84334697085e-11, 8.502976101e-11, 7.53748383153e-11, 7.55112014583e-11, 6.24132204252e-11, 5.15608354623e-11, 4.3816148626e-11, 4.44948522471e-11, 5.98323994516e-12, 6.13680981032e-12],
        "stdev": [4.83547664771e-05, 0.00360197643749, 0.0033664314542, 0.0026308700908, 0.00354877160862, 0.00453536910936, 0.00429275259376, 0.00292347790673, 0.00454303296283, 0.00201564817689, 0.0041989358142, 0.0021605680231, 0.00170286430512, 0.00175767228939, 0.00156520621385, 0.00102934020106, 0.00100904994179, 0.000604792614467, 0.00056000193581, 0.000193439977011, 0.000319100858178, 0.000150101433974, 4.32535301798e-07, 5.37066284778e-07, 3.4053005038e-07, 5.23661363161e-08, 4.66275800193e-08]
    },
    "erbbands": {
        "max": [1.16515481472, 15.0187654495, 45.3252220154, 84.4105148315, 184.308959961, 171.634536743, 590.502807617, 923.077697754, 1175.15808105, 588.336547852, 748.800964355, 859.033569336, 865.581970215, 2538.5246582, 1657.38146973, 693.797302246, 688.31854248, 733.649841309, 563.904907227, 477.930206299, 344.607452393, 437.810302734, 281.738586426, 166.107070923, 322.647949219, 109.730529785, 319.283172607, 162.00112915, 135.310668945, 22.1826133728, 0.626590847969, 0.247144341469, 0.415569603443, 0.236047714949, 0.0366573855281, 0.00897273700684, 0.00359265762381, 0.00123278237879, 0.000365533283912, 0.000181027615326],
        "mean": [0.0314696319401, 0.472794413567, 2.08440589905, 4.80820512772, 6.80209875107, 8.82310581207, 19.213180542, 20.5087394714, 38.1523475647, 40.3944320679, 35.2268829346, 45.7649307251, 46.0171279907, 46.6474380493, 65.0190505981, 70.105255127, 56.8389625549, 60.6976394653, 59.9277114868, 61.8254356384, 46.668346405, 36.1810913086, 23.2351779938, 18.2243251801, 20.6803150177, 8.5107421875, 7.28244781494, 5.23384284973, 3.1201210022, 0.402327686548, 0.0158736146986, 0.00417723227292, 0.00234066881239, 0.00265393941663, 0.000304494489683, 4.03243029723e-05, 1.81515679287e-05, 6.23091091256e-06, 1.59761802934e-05, 3.37971105182e-05],
        "min": [4.68091411676e-06, 6.3073076717e-07, 2.13874699284e-07, 2.92658143053e-07, 2.11293155417e-07, 2.95991640087e-07, 3.4863310816e-07, 2.66311843689e-07, 9.54881329562e-07, 1.50190840031e-06, 1.09295945094e-06, 2.28790349865e-06, 5.13472332386e-06, 1.14835238492e-05, 1.09694965431e-05, 1.0103402019e-05, 9.52271329879e-06, 8.73282897373e-06, 7.97010034148e-06, 7.2543261922e-06, 6.64209392198e-06, 5.94587845626e-06, 5.49912147108e-06, 4.57807936982e-06, 4.11508563047e-06, 3.5720552205e-06, 3.42321209246e-06, 2.68453072749e-06, 2.29580268751e-06, 1.77815661573e-06, 1.39797657539e-06, 1.00659667623e-06, 6.89531646003e-07, 4.79917389384e-07, 3.19584671615e-07, 1.89530851458e-07, 4.95482126439e-08, 9.97509097544e-09, 7.43756256583e-09, 1.23410692776e-09],
        "stdev": [0.0661837980151, 0.941465616226, 3.09318161011, 6.53309440613, 10.7416276932, 11.6048412323, 38.8305282593, 35.9506530762, 68.9038848877, 67.4316101074, 60.9324607849, 111.272888184, 83.1398391724, 90.6539306641, 128.726913452, 89.7088775635, 76.9005126953, 90.8018188477, 80.9232254028, 74.010925293, 53.3215255737, 49.9737319946, 30.5736732483, 20.4840011597, 31.2503471375, 10.3849468231, 14.3357458115, 9.74122810364, 6.65434503555, 0.951653420925, 0.0304643232375, 0.00845137424767, 0.0112928180024, 0.00643591023982, 0.00103810196742, 0.000237133324845, 9.46203945205e-05, 3.25335204252e-05, 1.29503278004e-05, 1.98688503588e-05]
    },
    "gfcc": {
        "mean": [-62.4253158569, 181.056121826, -183.392593384, 38.8934135437, -39.5834312439, -21.6384296417, -8.53310012817, -20.970500946, -8.09810161591, -5.67534828186, -7.4068145752, -13.3527145386, 4.76495361328],
        "cov": [[6014.39453125, 634.474609375, -1600.21557617, -646.02947998, 0.209174200892, -689.338378906, 783.117736816, -350.448120117, -41.659488678, -183.841522217, -235.191726685, 311.924743652, -215.03213501], [634.474609375, 563.350158691, 283.227142334, -178.534942627, -36.7004508972, -209.285949707, -27.0605449677, 32.9688529968, -22.3174114227, -56.8743972778, 70.326423645, -33.9960250854, -31.333524704], [-1600.21557617, 283.227142334, 1210.15527344, 257.689117432, -92.6313781738, 73.1101455688, -432.111602783, 154.123062134, -2.2939915657, 26.1790924072, 206.668701172, -154.706115723, 66.4249801636], [-646.02947998, -178.534942627, 257.689117432, 408.085876465, 69.0428390503, 107.714309692, -114.934684753, 8.8996963501, 20.3343467712, 39.5613136292, -2.90077137947, -23.5643463135, 62.8421859741], [0.209174200892, -36.7004508972, -92.6313781738, 69.0428390503, 143.012390137, 22.731798172, -11.5980634689, -6.30666971207, 14.2937088013, 8.2637796402, -30.2177124023, 2.25053429604, 23.0012378693], [-689.338378906, -209.285949707, 73.1101455688, 107.714309692, 22.731798172, 239.846084595, -10.2102899551, 28.9404811859, -0.111804142594, 38.5301818848, 20.1536941528, -31.3784046173, 21.5246219635], [783.117736816, -27.0605449677, -432.111602783, -114.934684753, -11.5980634689, -10.2102899551, 403.886901855, 2.29642558098, -44.1000747681, -36.6724967957, -82.9763793945, 88.504234314, -77.2429962158], [-350.448120117, 32.9688529968, 154.123062134, 8.8996963501, -6.30666971207, 28.9404811859, 2.29642558098, 137.309860229, 6.41229295731, -14.7640914917, 28.7034358978, -37.3758773804, 0.286404281855], [-41.659488678, -22.3174114227, -2.2939915657, 20.3343467712, 14.2937088013, -0.111804142594, -44.1000747681, 6.41229295731, 66.6312026978, 35.100818634, -9.79291343689, -9.63246154785, 11.0164251328], [-183.841522217, -56.8743972778, 26.1790924072, 39.5613136292, 8.2637796402, 38.5301818848, -36.6724967957, -14.7640914917, 35.100818634, 70.3294677734, 18.2820262909, -11.0913972855, 13.5237665176], [-235.191726685, 70.326423645, 206.668701172, -2.90077137947, -30.2177124023, 20.1536941528, -82.9763793945, 28.7034358978, -9.79291343689, 18.2820262909, 92.8506164551, -15.1931228638, -0.0473626367748], [311.924743652, -33.9960250854, -154.706115723, -23.5643463135, 2.25053429604, -31.3784046173, 88.504234314, -37.3758773804, -9.63246154785, -11.0913972855, -15.1931228638, 79.6327133179, -3.18590092659], [-215.03213501, -31.333524704, 66.4249801636, 62.8421859741, 23.0012378693, 21.5246219635, -77.2429962158, 0.286404281855, 11.0164251328, 13.5237665176, -0.0473626367748, -3.18590092659, 73.1008834839]],
        "icov": [[0.000838783686049, -0.00126448634546, 0.00126218830701, -0.000693694397341, 0.000410280219512, 0.000879651634023, -0.000982165103778, 0.00160580698866, -0.00158940639812, 0.00167439586949, -0.00162387662567, 0.000328320020344, -0.000114428410598], [-0.00126448634546, 0.0149923851714, -0.00864526350051, 0.00656232237816, -0.00890903268009, 0.0104411626235, -0.0120353428647, 0.00926326029003, -0.00994846876711, 0.0122278900817, -0.0147467553616, 0.0159485787153, -0.00818117149174], [0.00126218830701, -0.00864526350051, 0.00874063186347, -0.00597375258803, 0.00692889560014, -0.00409531407058, 0.00702055357397, -0.0054267058149, 0.00464293686673, -0.0038399938494, 0.00161051051691, -0.00510868849233, 0.00345460511744], [-0.000693694397341, 0.00656232237816, -0.00597375258803, 0.00777068967, -0.00597481708974, 0.00253455690108, -0.00419127289206, 0.00350057543255, -0.00265897205099, 0.00191948225256, -0.000620189181063, 0.00336499861442, -0.00359664531425], [0.000410280219512, -0.00890903268009, 0.00692889560014, -0.00597481708974, 0.0152482911944, -0.00720849540085, 0.00993874203414, -0.00854027923197, 0.00763107044622, -0.00889322999865, 0.0111376084387, -0.0100676799193, 0.00415208842605], [0.000879651634023, 0.0104411626235, -0.00409531407058, 0.00253455690108, -0.00720849540085, 0.017573883757, -0.0146259311587, 0.0115282200277, -0.0112426402047, 0.0124349370599, -0.0198426991701, 0.0188024900854, -0.00960048474371], [-0.000982165103778, -0.0120353428647, 0.00702055357397, -0.00419127289206, 0.00993874203414, -0.0146259311587, 0.026298429817, -0.0221098754555, 0.0247399713844, -0.0248346738517, 0.0304643251002, -0.0284805912524, 0.0178749784827], [0.00160580698866, 0.00926326029003, -0.0054267058149, 0.00350057543255, -0.00854027923197, 0.0115282200277, -0.0221098754555, 0.0302042420954, -0.0261627100408, 0.0287156105042, -0.0292392522097, 0.0263949614018, -0.0138106169179], [-0.00158940639812, -0.00994846876711, 0.00464293686673, -0.00265897205099, 0.00763107044622, -0.0112426402047, 0.0247399713844, -0.0261627100408, 0.0498966164887, -0.0414529033005, 0.0373562686145, -0.026207793504, 0.0153122311458], [0.00167439586949, 0.0122278900817, -0.0038399938494, 0.00191948225256, -0.00889322999865, 0.0124349370599, -0.0248346738517, 0.0287156105042, -0.0414529033005, 0.0566150955856, -0.0433910228312, 0.031869199127, -0.0180777795613], [-0.00162387662567, -0.0147467553616, 0.00161051051691, -0.000620189181063, 0.0111376084387, -0.0198426991701, 0.0304643251002, -0.0292392522097, 0.0373562686145, -0.0433910228312, 0.0641953349113, -0.0410510860384, 0.0232655666769], [0.000328320020344, 0.0159485787153, -0.00510868849233, 0.00336499861442, -0.0100676799193, 0.0188024900854, -0.0284805912524, 0.0263949614018, -0.026207793504, 0.031869199127, -0.0410510860384, 0.0534165501595, -0.0226600244641], [-0.000114428410598, -0.00818117149174, 0.00345460511744, -0.00359664531425, 0.00415208842605, -0.00960048474371, 0.0178749784827, -0.0138106169179, 0.0153122311458, -0.0180777795613, 0.0232655666769, -0.0226600244641, 0.0303158741444]]
    },
    "melbands": {
        "max": [0.0147074079141, 0.0160348936915, 0.0185898188502, 0.0122875794768, 0.0160130839795, 0.0224612709135, 0.0160480756313, 0.00555745605379, 0.00527981203049, 0.005381452851, 0.00418980512768, 0.00937312003225, 0.00747335189953, 0.00213878788054, 0.00198460253887, 0.0011472174665, 0.00148027564865, 0.000951510795858, 0.000907539681066, 0.000578368664719, 0.000491392391268, 0.000650823873002, 0.000536004430614, 0.000254055892583, 0.000138173156301, 0.000198272289708, 0.00015938366414, 8.59180508996e-05, 0.000247311079875, 0.000184152086149, 0.000105599676317, 8.48065537866e-05, 4.89223129989e-05, 1.16948251616e-06, 1.39894780204e-07, 1.60895794465e-07, 1.42222631894e-07, 3.19507222457e-07, 2.19777490429e-07, 2.01626178864e-07],
        "mean": [0.000392236659536, 0.000960767501965, 0.000872851232998, 0.000548465177417, 0.000602623331361, 0.000492349441629, 0.000580626539886, 0.000423751334893, 0.000282156688627, 0.000289024406811, 0.000224098854233, 0.000177740395884, 0.000235526240431, 0.00017769265105, 0.000161569405464, 0.000111040229967, 0.000110653403681, 9.2249334557e-05, 9.11496099434e-05, 6.86389103066e-05, 5.38603744644e-05, 4.14991045545e-05, 2.48491614911e-05, 1.78031204996e-05, 1.38981185955e-05, 1.77424735739e-05, 9.15269447432e-06, 4.86953194923e-06, 4.37282005805e-06, 4.1084986151e-06, 2.67729365078e-06, 2.03071681426e-06, 7.73410647525e-07, 2.39100419464e-08, 2.27658070173e-09, 1.92938998111e-09, 1.97238980704e-09, 1.42566014549e-09, 1.94870630743e-09, 2.08855066575e-09],
        "min": [4.78880366472e-08, 5.50189650783e-11, 4.27906980682e-11, 1.76261245183e-11, 1.14170912308e-11, 6.44241691244e-12, 1.68142010731e-11, 1.42752927534e-11, 8.9978970455e-12, 1.57284671398e-11, 2.40703047771e-11, 3.58839485903e-11, 3.73837939771e-11, 2.92257121282e-11, 2.36475439924e-11, 1.95627056221e-11, 1.57086028213e-11, 1.29119909209e-11, 1.06189267449e-11, 8.95199105816e-12, 7.48420943275e-12, 6.23716399709e-12, 5.33171900727e-12, 4.51915154603e-12, 3.61548117833e-12, 3.15192750372e-12, 2.68926699486e-12, 2.2750091741e-12, 2.21911725107e-12, 1.74245448799e-12, 3.51522061242e-13, 1.35669004243e-12, 1.08071234253e-12, 9.64087967445e-13, 8.39016356391e-13, 6.94779737215e-13, 5.77941015358e-13, 4.87731003588e-13, 4.27774271084e-13, 3.90976937241e-13],
        "stdev": [0.000854990561493, 0.00132306502201, 0.00112830265425, 0.000756983878091, 0.00109483557753, 0.000858569692355, 0.000987313454971, 0.000695473747328, 0.000509429781232, 0.00069393805461, 0.00041887210682, 0.000342332175933, 0.000570293108467, 0.000247112417128, 0.000219497975195, 0.000152933600475, 0.00017262045003, 0.000132475208375, 0.000117761745059, 8.32968144096e-05, 6.83143662172e-05, 6.74771436024e-05, 4.10093634855e-05, 2.56691964751e-05, 1.66409663507e-05, 2.5792794986e-05, 1.49936931848e-05, 7.06791161065e-06, 9.40334575716e-06, 8.19288743514e-06, 5.58984402232e-06, 4.36029449702e-06, 1.93766845769e-06, 5.97277463044e-08, 6.88953161188e-09, 5.74731906511e-09, 4.71429784099e-09, 8.66077076722e-09, 6.01489347218e-09, 5.47764056336e-09]
    },
    "melbands128": {
        "max": [0.000937676639296, 0.00445471331477, 0.0262508913875, 0.024564191699, 0.0222933255136, 0.0235734134912, 0.0159598886967, 0.0273577496409, 0.0196778550744, 0.0164267327636, 0.0102582499385, 0.0125244744122, 0.0292787980288, 0.0131210759282, 0.00898401159793, 0.0496759265661, 0.0366773232818, 0.0256077311933, 0.0103537598625, 0.0108699519187, 0.00752834742889, 0.0106155388057, 0.00861730519682, 0.013609235175, 0.0105391964316, 0.0113586084917, 0.0119903236628, 0.00648615555838, 0.00577159970999, 0.00409752875566, 0.0168060213327, 0.0206223279238, 0.0154050346464, 0.00579741457477, 0.00269853207283, 0.00381123204716, 0.00409137271345, 0.0035328627564, 0.00384762557223, 0.00275408802554, 0.00157546228729, 0.00233204942197, 0.00339911109768, 0.00139605149161, 0.00172956218012, 0.00136280898005, 0.00143936986569, 0.0011114908848, 0.0015406247694, 0.00164086907171, 0.000691721856128, 0.000572421879042, 0.000708857260179, 0.000888593494892, 0.001592497807, 0.000977411749773, 0.000323570740875, 0.000905318418518, 0.000943086808547, 0.000368960492779, 0.000333073490765, 0.000583356770221, 0.000194857057068, 0.000229232289712, 0.000425153441029, 0.000354096962838, 0.000439264840679, 0.000415582035203, 8.13767619547e-05, 8.01475471235e-05, 0.000178562841029, 8.08608965599e-05, 0.000134739035275, 0.000439231371274, 0.000285475194687, 0.000287751463475, 9.12170362426e-05, 0.000118276773719, 0.000147287064465, 0.000164874974871, 0.0001112989994, 0.00011055082723, 0.000111648405436, 3.49215770257e-05, 7.04230933479e-06, 2.93776651006e-07, 2.91166685429e-07, 1.04386899125e-07, 1.31451486141e-07, 2.34921913034e-07, 1.82927180958e-07, 1.24504325072e-07, 1.52292486177e-07, 9.18120761639e-08, 1.58698767905e-07, 2.86405310135e-07, 3.9089314896e-07, 3.40403659038e-07, 1.67304875731e-07, 1.83805425991e-07, 2.47734533332e-07, 2.01812298428e-07, 1.58222462687e-07, 7.99849217969e-08, 8.05462452291e-09, 1.81059327531e-08, 2.03229415519e-08, 1.83251582797e-08, 1.86166104754e-08, 1.24815029423e-08, 6.77958356121e-09, 1.11652598278e-08, 1.39808022936e-08, 1.14255485073e-08, 9.56865076063e-09, 7.13391079543e-09, 8.01220689794e-09, 1.0825988106e-08, 1.53723327401e-08, 1.56766315484e-08, 6.13986417264e-09, 1.41827216638e-08, 8.3871194434e-09, 1.85829449051e-10, 1.83797893571e-10, 1.80551532059e-10, 1.78855943944e-10, 1.77705364313e-10],
        "mean": [1.66444788192e-05, 0.000157036425662, 0.000559276435524, 0.000823630194645, 0.000971077126451, 0.00108962389641, 0.00102872832213, 0.000776051310822, 0.000695968570653, 0.000536182022188, 0.000437576672994, 0.000545220915228, 0.000813855265733, 0.000461357994936, 0.000340767175658, 0.000604357162956, 0.000653340131976, 0.000599390361458, 0.000440193805844, 0.000514177547302, 0.000356696895324, 0.000311857496854, 0.000259625288891, 0.000252470083069, 0.000343100633472, 0.000251520978054, 0.000302763452055, 0.00022482922941, 0.000161048315931, 0.000163828022778, 0.000163531745784, 0.000233195125475, 0.000332958123181, 0.000135340771521, 0.000162074386026, 0.000185677112313, 0.000219892768655, 0.000154759050929, 0.000141595082823, 0.000117785530165, 8.99749647942e-05, 0.000117975156172, 0.000137062903377, 8.76703197719e-05, 8.53303499753e-05, 9.36689029913e-05, 0.000102780002635, 8.65679685376e-05, 8.68065835675e-05, 9.50441535679e-05, 6.34819371044e-05, 4.66140845674e-05, 5.33187267138e-05, 5.39054090041e-05, 6.13806550973e-05, 4.25201578764e-05, 2.2779644496e-05, 2.64345108008e-05, 2.68821131613e-05, 1.86413144547e-05, 1.6097957996e-05, 2.02311039175e-05, 1.15666398415e-05, 1.15115481094e-05, 1.74237611645e-05, 1.83467418537e-05, 1.92454917851e-05, 1.35904474519e-05, 5.17067201145e-06, 5.11060534336e-06, 6.16376610196e-06, 3.85693647331e-06, 3.26718304677e-06, 5.0954586186e-06, 4.79064783576e-06, 4.31549233326e-06, 3.89496563002e-06, 2.92178424388e-06, 2.51774986282e-06, 2.3997581593e-06, 2.26931229008e-06, 1.8631740204e-06, 1.48242259002e-06, 7.18942658295e-07, 1.28389416432e-07, 8.92085960658e-09, 4.112678198e-09, 2.76343392613e-09, 2.08419592695e-09, 1.93076288291e-09, 1.9288224351e-09, 1.64312152773e-09, 2.42719799814e-09, 2.31285679497e-09, 1.43628064997e-09, 1.42910827616e-09, 1.56427748532e-09, 1.26546828572e-09, 9.13787712165e-10, 2.56023868772e-09, 4.58383908608e-09, 1.03499975257e-09, 9.29793575466e-10, 4.31164021153e-10, 7.15744061242e-11, 2.01494081836e-11, 2.13275629796e-11, 1.94690721877e-11, 1.93171503099e-11, 1.48459144284e-11, 1.06356798368e-11, 1.34458798262e-11, 1.51232030371e-11, 1.31633696998e-11, 1.16750845103e-11, 9.83428269374e-12, 1.01945179729e-11, 1.19975496551e-11, 1.50166164226e-11, 1.51181480529e-11, 8.38904033046e-12, 1.38857250351e-11, 9.78632019172e-12, 3.92567705773e-12, 3.82609872604e-12, 3.76120662393e-12, 3.71866426541e-12, 3.69680978538e-12],
        "min": [1.05856701182e-09, 5.64257724989e-08, 2.16563655897e-09, 1.57114234817e-11, 4.38287982296e-11, 1.01917203843e-10, 5.98592078682e-11, 2.16426911115e-11, 1.78884268509e-11, 2.04833580653e-11, 1.60309612807e-11, 9.55191654939e-12, 1.35028941153e-11, 1.03573330468e-11, 4.15079602634e-12, 4.78808572651e-12, 8.77272733624e-12, 1.91785025361e-11, 2.66936056592e-11, 1.96028904914e-11, 3.8816658221e-12, 9.35492395354e-12, 8.31565285381e-12, 9.68234173393e-12, 1.63556182486e-11, 1.02271342436e-11, 3.31967023315e-11, 3.15883603996e-11, 1.2042922215e-11, 6.94101633808e-12, 1.83046459934e-11, 4.11288919588e-11, 3.82371634355e-11, 3.36952549196e-11, 3.14754541875e-11, 2.77017297989e-11, 2.60995686868e-11, 2.37203433978e-11, 2.14288786368e-12, 5.36074353311e-12, 1.91271391087e-11, 1.78672510814e-11, 1.58865576944e-11, 1.46451479416e-11, 1.39298858906e-11, 1.25820629956e-11, 1.1902597831e-11, 1.08138281316e-11, 9.99059342199e-12, 9.564719676e-12, 8.89773150992e-12, 8.38361585015e-12, 7.60986412773e-12, 7.30719998399e-12, 6.6237315112e-12, 6.28978379796e-12, 5.84609400819e-12, 5.12368533018e-12, 5.41281776345e-12, 5.16755431848e-12, 4.55865466903e-12, 4.03422781292e-12, 3.57356960863e-12, 3.54640795897e-12, 3.6054124096e-12, 2.98665345927e-12, 3.10763806181e-12, 2.8145825514e-12, 2.63295722031e-12, 2.44981509037e-12, 2.30805066899e-12, 2.12414287548e-12, 2.18691883179e-12, 2.31774452061e-12, 2.18528689068e-12, 1.78390906647e-12, 2.42126468614e-13, 5.03281769558e-14, 2.28117438134e-13, 4.70601693465e-13, 1.41062151109e-12, 1.28160383781e-12, 1.14508901493e-12, 1.10506807698e-12, 9.81371884798e-13, 9.79445813191e-14, 9.65838845533e-13, 9.46661911187e-13, 1.00668693488e-13, 6.11932244243e-14, 6.98354297567e-13, 7.48956506622e-13, 6.14711027306e-13, 5.84099988429e-13, 5.63839773482e-13, 4.54927491077e-13, 5.04326452561e-13, 4.76533634601e-13, 6.81092755437e-14, 4.35991141193e-13, 4.34642258166e-13, 3.49715617793e-13, 3.7957061539e-13, 4.35343526907e-14, 3.11885445855e-13, 3.39650047454e-14, 2.25262584736e-14, 1.81160018627e-14, 2.57702100084e-14, 2.48050617047e-14, 2.96641542981e-14, 3.15731463326e-14, 2.47530996216e-14, 2.12054579761e-14, 2.22567783295e-14, 2.9989445443e-14, 2.35165162219e-14, 2.24891685949e-14, 1.87115371754e-14, 2.15948271634e-14, 2.55557666771e-14, 2.19592088789e-14, 2.25693148523e-14, 1.85975926093e-14, 1.27013869461e-14, 6.300702012e-15, 9.69008444516e-16, 2.79284729073e-17],
        "stdev": [2.90349089482e-05, 0.000278635154245, 0.00147939496674, 0.00165926665068, 0.00153001979925, 0.00173675711267, 0.00149793655146, 0.00131105037872, 0.00128515099641, 0.000979684060439, 0.000693716865499, 0.000950174347963, 0.00191705720499, 0.000921110564377, 0.000663156679366, 0.0016509341076, 0.00158426363487, 0.00133429362904, 0.00086128548719, 0.00117093685549, 0.000771684572101, 0.000752392283175, 0.000659044831991, 0.000927930232137, 0.00114924472291, 0.000840532651637, 0.000922171166167, 0.000514144368935, 0.000407829415053, 0.000287477363599, 0.000506779178977, 0.000873912475072, 0.00101805094164, 0.000286747934297, 0.000307622103719, 0.000349968031514, 0.000407094659749, 0.000275891943602, 0.000322898617014, 0.000226240357733, 0.000154271401698, 0.000221577138291, 0.000285724265268, 0.000152731852722, 0.00016349676298, 0.000158374386956, 0.000173630876816, 0.000142291217344, 0.000132879475132, 0.000148619044921, 9.00340164662e-05, 6.79789009155e-05, 7.72628991399e-05, 9.33164774324e-05, 0.000129420688609, 8.81184241734e-05, 3.44969448633e-05, 5.13276609126e-05, 6.30272188573e-05, 3.35011318384e-05, 2.66440965788e-05, 4.39940376964e-05, 1.64987141034e-05, 1.72347154148e-05, 3.39817306667e-05, 3.39312282449e-05, 4.05977370974e-05, 3.34362812282e-05, 7.59459589972e-06, 7.23009907233e-06, 1.1873387848e-05, 6.33397439742e-06, 6.18805142949e-06, 1.4379543245e-05, 1.2032781342e-05, 1.12923753477e-05, 7.27009364709e-06, 6.41234510113e-06, 6.17800697e-06, 6.27436656941e-06, 4.96770326208e-06, 4.64889672003e-06, 3.97075973524e-06, 1.86184092854e-06, 3.62256912467e-07, 1.82973032281e-08, 1.18842589103e-08, 6.11126882433e-09, 7.27663662659e-09, 8.45271763694e-09, 6.52428155945e-09, 4.99167684964e-09, 5.59897728181e-09, 4.15250056562e-09, 4.84577222792e-09, 7.92737875344e-09, 1.05399928785e-08, 9.20606169075e-09, 4.70983341216e-09, 5.19229237383e-09, 7.00527280628e-09, 5.46816947278e-09, 4.25943680327e-09, 2.19345164254e-09, 2.45493875228e-10, 4.7637516154e-10, 5.34659205798e-10, 4.82118955869e-10, 4.89762952416e-10, 3.28458066301e-10, 1.78637257764e-10, 2.93835039633e-10, 3.67820801594e-10, 3.00630992323e-10, 2.51805742923e-10, 1.8781759481e-10, 2.10859080196e-10, 2.84821055629e-10, 4.04375255503e-10, 4.12377104686e-10, 1.61623103789e-10, 3.73081926464e-10, 2.2067674077e-10, 7.88980339395e-12, 7.69671392592e-12, 7.58892948483e-12, 7.52082424116e-12, 7.47718120059e-12]
    },
    "mfcc": {
        "mean": [-685.305664062, 197.508987427, -70.7287597656, 54.637134552, -17.8948726654, 10.4162397385, 0.984609782696, -15.301902771, 13.3927164078, -16.4256000519, 8.68129920959, -6.55694484711, 2.15781378746],
        "cov": [[6199.96826172, 941.098327637, -2068.42211914, 115.489616394, -1172.0201416, 19.9148616791, 13.9267234802, 111.430297852, 144.166290283, -425.928222656, 139.28805542, -187.537307739, -51.5270767212], [941.098327637, 761.444396973, 15.9478311539, -18.7671604156, -157.061920166, -233.570983887, -11.2209596634, 15.3992834091, -84.1740646362, -56.0658607483, 20.0721092224, -0.963185191154, 17.2283477783], [-2068.42211914, 15.9478311539, 1449.43188477, 52.4654998779, 552.653869629, -182.055786133, -58.4425888062, -76.1797866821, -199.25553894, 145.585784912, -91.8198318481, 148.331573486, 80.9309082031], [115.489616394, -18.7671604156, 52.4654998779, 265.856384277, 42.4006690979, 19.2376708984, -16.2691860199, -5.7432641983, 41.05235672, -28.2519245148, -17.2867393494, -26.8169078827, 13.6897106171], [-1172.0201416, -157.061920166, 552.653869629, 42.4006690979, 522.434692383, -25.9920787811, -107.796340942, -104.243278503, -73.9691314697, 107.725509644, -87.7505187988, 44.0455245972, 9.93493843079], [19.9148616791, -233.570983887, -182.055786133, 19.2376708984, -25.9920787811, 213.053924561, 36.279548645, -18.3402862549, 56.940574646, -16.5434265137, 21.4420051575, -14.2962646484, -19.3847122192], [13.9267234802, -11.2209596634, -58.4425888062, -16.2691860199, -107.796340942, 36.279548645, 155.711624146, 90.400718689, 22.5776882172, 1.50420033932, 27.6996364594, 16.2166957855, -2.90312314034], [111.430297852, 15.3992834091, -76.1797866821, -5.7432641983, -104.243278503, -18.3402862549, 90.400718689, 130.772201538, 34.6774597168, -6.225730896, 24.0137844086, -7.39564657211, 6.18897676468], [144.166290283, -84.1740646362, -199.25553894, 41.05235672, -73.9691314697, 56.940574646, 22.5776882172, 34.6774597168, 110.820716858, 16.9455547333, 12.4690475464, -39.3779945374, -14.7241649628], [-425.928222656, -56.0658607483, 145.585784912, -28.2519245148, 107.725509644, -16.5434265137, 1.50420033932, -6.225730896, 16.9455547333, 109.924972534, 7.42587137222, 6.87468719482, -10.7708587646], [139.28805542, 20.0721092224, -91.8198318481, -17.2867393494, -87.7505187988, 21.4420051575, 27.6996364594, 24.0137844086, 12.4690475464, 7.42587137222, 80.0287780762, 12.5338973999, -11.612704277], [-187.537307739, -0.963185191154, 148.331573486, -26.8169078827, 44.0455245972, -14.2962646484, 16.2166957855, -7.39564657211, -39.3779945374, 6.87468719482, 12.5338973999, 78.263999939, 30.9522914886], [-51.5270767212, 17.2283477783, 80.9309082031, 13.6897106171, 9.93493843079, -19.3847122192, -2.90312314034, 6.18897676468, -14.7241649628, -10.7708587646, -11.612704277, 30.9522914886, 72.7873306274]],
        "icov": [[0.00072628131602, -0.000884761393536, 0.000978315714747, -0.000894516764674, 0.000976043578703, -0.000734194298275, 0.00120870198589, -0.000729381165002, 0.00105099228676, -0.000405140657676, 0.00107967597432, -0.00121073564515, 0.000425268430263], [-0.000884761393536, 0.00375563371927, -0.00119621644262, 0.00100866728462, -0.000712210661732, 0.00440231151879, -0.0027841757983, 0.00264618801884, -0.00051262578927, 0.00187075848226, -0.00307423016056, 0.00306013273075, -0.00105998199433], [0.000978315714747, -0.00119621644262, 0.00341607979499, -0.00242879427969, 0.000529065320734, -0.00066375604365, 0.00163163687102, -0.0017500706017, 0.00462745595723, -0.00337019958533, 0.00291097234003, -0.00378513033502, 0.000110525659693], [-0.000894516764674, 0.00100866728462, -0.00242879427969, 0.00725833140314, -0.00341351144016, 0.00208961754106, -0.00342855299823, 0.0031410434749, -0.00765536911786, 0.00691173132509, -0.00466501526535, 0.00556829851121, -0.00255596404895], [0.000976043578703, -0.000712210661732, 0.000529065320734, -0.00341351144016, 0.0087104216218, -0.00373091222718, 0.00650258501992, -0.00280901952647, 0.00640197424218, -0.00841904990375, 0.0086077991873, -0.00566737214103, 0.00306150852703], [-0.000734194298275, 0.00440231151879, -0.00066375604365, 0.00208961754106, -0.00373091222718, 0.0144625166431, -0.00930732861161, 0.00963459908962, -0.00731918727979, 0.00848291628063, -0.00858849380165, 0.00559664703906, -0.00202176906168], [0.00120870198589, -0.0027841757983, 0.00163163687102, -0.00342855299823, 0.00650258501992, -0.00930732861161, 0.0206444822252, -0.0152418669313, 0.00711831869557, -0.00912013836205, 0.00919028557837, -0.0118186101317, 0.00568083394319], [-0.000729381165002, 0.00264618801884, -0.0017500706017, 0.0031410434749, -0.00280901952647, 0.00963459908962, -0.0152418669313, 0.0221734382212, -0.00963877141476, 0.00830343086272, -0.00929923262447, 0.00936500262469, -0.00551869906485], [0.00105099228676, -0.00051262578927, 0.00462745595723, -0.00765536911786, 0.00640197424218, -0.00731918727979, 0.00711831869557, -0.00963877141476, 0.0291265361011, -0.0171792134643, 0.00885405018926, -0.00185293343384, 0.000990815577097], [-0.000405140657676, 0.00187075848226, -0.00337019958533, 0.00691173132509, -0.00841904990375, 0.00848291628063, -0.00912013836205, 0.00830343086272, -0.0171792134643, 0.0278175026178, -0.01437922474, 0.00845760200173, -0.00119323108811], [0.00107967597432, -0.00307423016056, 0.00291097234003, -0.00466501526535, 0.0086077991873, -0.00858849380165, 0.00919028557837, -0.00929923262447, 0.00885405018926, -0.01437922474, 0.0285989716649, -0.0156780332327, 0.00772078987211], [-0.00121073564515, 0.00306013273075, -0.00378513033502, 0.00556829851121, -0.00566737214103, 0.00559664703906, -0.0118186101317, 0.00936500262469, -0.00185293343384, 0.00845760200173, -0.0156780332327, 0.0324593745172, -0.0128514263779], [0.000425268430263, -0.00105998199433, 0.000110525659693, -0.00255596404895, 0.00306150852703, -0.00202176906168, 0.00568083394319, -0.00551869906485, 0.000990815577097, -0.00119323108811, 0.00772078987211, -0.0128514263779, 0.0211085788906]]
    },
    "spectral_contrast_coeffs": {
        "max": [-0.390174180269, -0.512602388859, -0.515869915485, -0.612229883671, -0.650236010551, -0.374957799911],
        "mean": [-0.691868543625, -0.734643936157, -0.778150737286, -0.791424036026, -0.785695254803, -0.617358446121],
        "min": [-0.945346236229, -0.958009123802, -0.9534329772, -0.942377388477, -0.926956474781, -0.919044196606],
        "stdev": [0.079396866262, 0.0849055945873, 0.0691449865699, 0.0500471927226, 0.0456925034523, 0.0839098915458]
    },
    "spectral_contrast_valleys": {
        "max": [-4.82069206238, -4.97577667236, -5.22400903702, -5.19329309464, -5.89109516144, -9.92583084106],
        "mean": [-6.85139703751, -6.59102249146, -6.98725414276, -7.15144109726, -7.520008564, -12.835193634],
        "min": [-16.8051261902, -17.4558868408, -17.5901641846, -17.9376373291, -16.9911975861, -18.3504619598],
        "stdev": [0.880560517311, 1.00280761719, 1.19775652885, 1.11799764633, 0.928028643131, 0.445264369249]
    }
},
"rhythm": {
    "beats_count": 73,
    "beats_loudness": {
        "max": 0.104102797806,
        "mean": 0.0328046604991,
        "min": 3.36929006153e-05,
        "stdev": 0.019295213744
    },
    "bpm": 150.850570679,
    "bpm_histogram_first_peak_bpm": 152,
    "bpm_histogram_first_peak_weight": 0.473684191704,
    "bpm_histogram_second_peak_bpm": 144,
    "bpm_histogram_second_peak_spread": 0.272727251053,
    "bpm_histogram_second_peak_weight": 0.111111111939,
    "danceability": 0.848263025284,
    "onset_rate": 1.52157020569,
    "beats_loudness_band_ratio": {
        "max": [0.861615240574, 0.811984419823, 0.650515794754, 0.552191615105, 0.40747359395, 0.439574092627],
        "mean": [0.285667061806, 0.227125480771, 0.227685719728, 0.164798364043, 0.115202628076, 0.0333549641073],
        "min": [0.00448633590713, 0.00496042985469, 0.0196348130703, 0.0032664462924, 0.00416532950476, 0.000738228147384],
        "stdev": [0.221533045173, 0.172253295779, 0.169293552637, 0.139890506864, 0.110661685467, 0.0603119805455]
    },
