{
"metadata": {
    "version": {
        "essentia": "2.1-beta5",
        "essentia_git_sha": "Undefined",
        "extractor": "music 2.0"
    },
    "audio_properties": {
        "analysis": {
            "equal_loudness": 0,
            "length": 32.4963264465,
            "sample_rate": 44100,
            "start_time": 93.9943771362,
            "downmix": "mix"
        },
        "bit_rate": 192000,
        "length": 177.760375977,
        "lossless": 0,
        "number_channels": 2,
        "replay_gain": -15.6223945618,
        "sample_rate": 48000,
        "codec": "mp3",
        "md5_encoded": "61505e5e4ee6f463f259d44019931450"
    },
    "tags": {
        "file_name": "Finland_Aurinko Laskee Länteen_Viktor Klimenko.mp3",
        "encoding": ["Lavf58.29.100"]
    }
},
"lowlevel": {
    "average_loudness": 0.958952605724,
    "barkbands_crest": {
        "max": 25.7147388458,
        "mean": 10.4058198929,
        "min": 2.91116642952,
        "stdev": 4.2197561264
    },
    "barkbands_flatness_db": {
        "max": 0.404458343983,
        "mean": 0.235724806786,
        "min": 0.0995236337185,
        "stdev": 0.0427823998034
    },
    "barkbands_kurtosis": {
        "max": 51.7460670471,
        "mean": 3.45535826683,
        "min": -1.86090242863,
        "stdev": 5.0577545166
    },
    "barkbands_skewness": {
        "max": 5.38666582108,
        "mean": 1.27870452404,
        "min": -1.40307271481,
        "stdev": 0.858268201351
    },
    "barkbands_spread": {
        "max": 60.0837135315,
        "mean": 12.9531583786,
        "min": 1.15786910057,
        "stdev": 8.21589946747
    },
    "dissonance": {
        "max": 0.499938488007,
        "mean": 0.435404360294,
        "min": 0.215506061912,
        "stdev": 0.0421202592552
    },
    "dynamic_complexity": 2.40861344337,
    "erbbands_crest": {
        "max": 30.3527755737,
        "mean": 11.4589443207,
        "min": 3.17801117897,
        "stdev": 5.45073652267
    },
    "erbbands_flatness_db": {
        "max": 0.43783852458,
        "mean": 0.274087071419,
        "min": 0.166523709893,
        "stdev": 0.0428590215743
    },
    "erbbands_kurtosis": {
        "max": 27.3098487854,
        "mean": 1.30903363228,
        "min": -1.8559898138,
        "stdev": 3.39939594269
    },
    "erbbands_skewness": {
        "max": 4.73734331131,
        "mean": 0.662216186523,
        "min": -2.18545675278,
        "stdev": 0.918185055256
    },
    "erbbands_spread": {
        "max": 85.7681655884,
        "mean": 23.7837657928,
        "min": 2.72264242172,
        "stdev": 11.0913162231
    },
    "hfc": {
        "max": 71.1666564941,
        "mean": 16.2864265442,
        "min": 0.509427189827,
        "stdev": 11.7825679779
    },
    "loudness_ebu128": {
        "integrated": -8.77312278748,
        "loudness_range": 2.95065498352,
        "momentary": {
            "max": -4.79730415344,
            "mean": -9.14891815186,
            "min": -17.0646705627,
            "stdev": 1.87404084206
        },
        "short_term": {
            "max": -6.99288463593,
            "mean": -8.87619113922,
            "min": -11.3345317841,
            "stdev": 1.04414069653
        }
    },
    "melbands_crest": {
        "max": 33.640750885,
        "mean": 13.1596069336,
        "min": 4.05508565903,
        "stdev": 5.07824039459
    },
    "melbands_flatness_db": {
        "max": 0.432136565447,
        "mean": 0.276046186686,
        "min": 0.160334050655,
        "stdev": 0.0493939854205
    },
    "melbands_kurtosis": {
        "max": 71.994934082,
        "mean": 6.35864496231,
        "min": -1.56779491901,
        "stdev": 6.73815774918
    },
    "melbands_skewness": {
        "max": 5.81652641296,
        "mean": 1.70153868198,
        "min": -1.31071138382,
        "stdev": 0.928948640823
    },
    "melbands_spread": {
        "max": 94.4108963013,
        "mean": 16.7813453674,
        "min": 1.66966283321,
        "stdev": 11.1866464615
    },
    "pitch_salience": {
        "max": 0.882377505302,
        "mean": 0.563835263252,
        "min": 0.169567972422,
        "stdev": 0.0996020659804
    },
    "silence_rate_20dB": {
        "max": 1,
        "mean": 1,
        "min": 1,
        "stdev": 0
    },
    "silence_rate_30dB": {
        "max": 1,
        "mean": 1,
        "min": 1,
        "stdev": 0
    },
    "silence_rate_60dB": {
        "max": 1,
        "mean": 0.0064239827916,
        "min": 0,
        "stdev": 0.079892270267
    },
    "spectral_centroid": {
        "max": 3574.38134766,
        "mean": 951.867797852,
        "min": 315.187927246,
        "stdev": 440.576721191
    },
    "spectral_complexity": {
        "max": 37,
        "mean": 15.8415412903,
        "min": 0,
        "stdev": 5.52373695374
    },
    "spectral_decrease": {
        "max": -1.21594220803e-10,
        "mean": -6.28056096019e-09,
        "min": -2.04720187469e-08,
        "stdev": 3.90148313656e-09
    },
    "spectral_energy": {
        "max": 0.0828752890229,
        "mean": 0.0251814518124,
        "min": 0.000505131087266,
        "stdev": 0.0156205231324
    },
    "spectral_energyband_high": {
        "max": 0.00441755075008,
        "mean": 0.000154253284563,
        "min": 3.60090757567e-06,
        "stdev": 0.000288724666461
    },
    "spectral_energyband_low": {
        "max": 0.0383256748319,
        "mean": 0.00284253340214,
        "min": 6.16523948338e-06,
        "stdev": 0.00431576371193
    },
    "spectral_energyband_middle_high": {
        "max": 0.0603238791227,
        "mean": 0.00556731875986,
        "min": 0.000129945881781,
        "stdev": 0.00644908286631
    },
    "spectral_energyband_middle_low": {
        "max": 0.0790712535381,
        "mean": 0.0176201760769,
        "min": 0.000239272849285,
        "stdev": 0.0136527251452
    },
    "spectral_entropy": {
        "max": 7.81110048294,
        "mean": 7.06249237061,
        "min": 5.92389822006,
        "stdev": 0.370207965374
    },
    "spectral_flux": {
        "max": 0.279362767935,
        "mean": 0.073004104197,
        "min": 0.0160232614726,
        "stdev": 0.0315129607916
    },
    "spectral_kurtosis": {
        "max": 32.4273490906,
        "mean": 6.62784814835,
        "min": -1.10999131203,
        "stdev": 5.44144392014
    },
    "spectral_rms": {
        "max": 0.00899188220501,
        "mean": 0.00471934350207,
        "min": 0.000702004879713,
        "stdev": 0.00151495763566
    },
    "spectral_rolloff": {
        "max": 5426.3671875,
        "mean": 1099.82373047,
        "min": 193.798828125,
        "stdev": 672.698181152
    },
    "spectral_skewness": {
        "max": 4.22686767578,
        "mean": 1.52584314346,
        "min": -0.634476602077,
        "stdev": 0.675292313099
    },
    "spectral_spread": {
        "max": 4484950.5,
        "mean": 2476402.5,
        "min": 1482270.25,
        "stdev": 404735.1875
    },
    "spectral_strongpeak": {
        "max": 8.09706401825,
        "mean": 1.57715249062,
        "min": 0.00715829059482,
        "stdev": 1.50461912155
    },
    "zerocrossingrate": {
        "max": 0.1708984375,
        "mean": 0.0399177782238,
        "min": 0.01123046875,
        "stdev": 0.0162482466549
    },
    "barkbands": {
        "max": [0.000132701679831, 0.0321048907936, 0.019627077505, 0.0298104211688, 0.028406701982, 0.0466208159924, 0.0569957718253, 0.0664635524154, 0.0714153647423, 0.0663648322225, 0.0238238610327, 0.0296867098659, 0.0134118422866, 0.0164001006633, 0.0139066725969, 0.00439739692956, 0.00430729147047, 0.00143736286554, 0.00182854337618, 0.00172531546559, 0.00296658580191, 0.00164210086223, 1.53027158376e-05, 1.65105138876e-05, 1.54119188664e-05, 1.50063724504e-05, 1.59785868163e-05],
        "mean": [1.22722631204e-05, 0.00155721977353, 0.000767517252825, 0.00141094834544, 0.00241499324329, 0.00394686497748, 0.00322866602801, 0.00397659465671, 0.00174047739711, 0.00154749909416, 0.000999933457933, 0.000852800381836, 0.000413754838519, 0.00067832384957, 0.000614293792751, 0.00027038672124, 0.000297016231343, 0.00012536473514, 0.000133506415295, 7.10077147232e-05, 7.52559717512e-05, 4.64512850158e-05, 1.2008149497e-07, 1.05861253985e-07, 1.03107069549e-07, 1.16531539973e-08, 1.24066037444e-08],
        "min": [1.9676649643e-08, 8.99665337784e-07, 5.73299246298e-07, 6.53929760119e-07, 1.8223097868e-05, 3.47157110809e-05, 1.61772422871e-05, 4.02450996262e-06, 4.08835057897e-06, 4.23534311267e-06, 4.06383651352e-06, 3.56007603841e-06, 3.09433949042e-06, 3.13931354867e-06, 3.51596554538e-06, 4.16644252255e-06, 3.50318509845e-06, 1.85457781754e-06, 2.137726824e-06, 2.65733410743e-06, 1.40322345032e-06, 1.07310813746e-06, 4.66957672529e-09, 4.77828177026e-09, 6.13114359282e-09, 3.91172337577e-12, 4.86697964916e-12],
        "stdev": [1.30888884087e-05, 0.00327652227134, 0.00171639479231, 0.00242208968848, 0.00277315964922, 0.00563386501744, 0.00560964597389, 0.00837842561305, 0.00598928751424, 0.00531727308407, 0.00213642395101, 0.00251130852848, 0.000842971086968, 0.00151728396304, 0.00121040013619, 0.00039975051186, 0.000465306831757, 0.00015922060993, 0.000186562232557, 0.000101629550045, 0.000151602405822, 0.000117730734928, 5.06489413965e-07, 6.20732237167e-07, 5.10621759986e-07, 4.00780464815e-07, 4.26744776405e-07]
    },
    "erbbands": {
        "max": [0.813944995403, 7.57583045959, 17.3479003906, 46.1402740479, 114.533828735, 95.1824417114, 115.372993469, 563.289611816, 1022.83361816, 996.581970215, 1943.30493164, 2087.67822266, 2367.73974609, 605.11340332, 849.79699707, 1353.2611084, 437.756103516, 733.933227539, 1155.65771484, 499.049346924, 180.983612061, 141.17666626, 97.5587692261, 120.408966064, 71.8978881836, 77.1560134888, 158.613601685, 78.3079299927, 66.6011581421, 19.861782074, 0.540025055408, 0.355088710785, 0.28230252862, 0.217115983367, 0.109453618526, 0.0598710626364, 0.0277695115656, 0.0098993415013, 0.00227169692516, 0.000248454074608],
        "mean": [0.0319627448916, 0.395427823067, 0.852546572685, 2.85319423676, 8.30220985413, 6.05409002304, 10.1604213715, 39.3526153564, 57.5843200684, 55.6264228821, 77.3813323975, 38.6570472717, 62.8175354004, 32.4689826965, 39.7020149231, 33.1291694641, 18.1873226166, 32.5329246521, 29.9781341553, 29.2609519958, 16.6660175323, 14.4948778152, 7.83846569061, 7.81090450287, 4.96535730362, 3.3886756897, 3.09012246132, 2.69006872177, 2.06270885468, 0.318706303835, 0.0119501752779, 0.00320159224793, 0.00175523536745, 0.00196442613378, 0.000284649053356, 6.79339282215e-05, 3.16346122418e-05, 1.05144281406e-05, 1.46364009197e-05, 2.92690001515e-05],
        "min": [6.04476808803e-05, 0.000161932737683, 0.00211975793354, 0.00579476216808, 0.0311923772097, 0.0585859194398, 0.100155971944, 0.290720820427, 0.534493684769, 0.433554768562, 0.0818578526378, 0.0734596997499, 0.175658732653, 0.282470911741, 0.205884188414, 0.195683151484, 0.16890142858, 0.305684238672, 0.328913390636, 0.23658888042, 0.259497463703, 0.235946282744, 0.167625203729, 0.0953777655959, 0.168346852064, 0.105899624527, 0.0775977298617, 0.0437394045293, 0.0461761020124, 0.00527691794559, 0.000387941981899, 0.000154066787218, 7.29339226382e-05, 0.000141248718137, 1.34273814183e-05, 1.71458259501e-06, 8.64826063207e-07, 1.53941712711e-07, 1.13022576897e-06, 2.11192991628e-06],
        "stdev": [0.070461705327, 0.820657253265, 1.55960154533, 4.81503582001, 11.808924675, 7.63997411728, 12.4572477341, 57.9511604309, 99.3651809692, 109.747215271, 175.207885742, 124.715988159, 222.085266113, 61.9629058838, 87.390586853, 106.033905029, 29.6917324066, 58.7707977295, 68.634979248, 56.5462608337, 22.3771953583, 19.3319549561, 10.1373825073, 10.230588913, 6.87685441971, 4.89135837555, 7.51500415802, 4.76358413696, 4.92373037338, 1.01375055313, 0.0320776961744, 0.0128776831552, 0.0102157490328, 0.0074497256428, 0.00304603786208, 0.00159860251006, 0.000741404946893, 0.000264317408437, 6.08317568549e-05, 1.884244557e-05]
    },
    "gfcc": {
        "mean": [-72.6181488037, 186.977722168, -177.88873291, 28.5198955536, -52.7250175476, -27.6730899811, -7.1021361351, -22.6912784576, -1.9702641964, -3.71174025536, -7.94012641907, -9.80129051208, 5.96290922165],
        "cov": [[884.259460449, -60.4141616821, -287.175170898, 62.8156089783, 122.878189087, -57.3197250366, 46.2725524902, -86.344871521, 47.2478981018, 42.8371543884, -51.8736114502, 30.4424724579, -46.1259918213], [-60.4141616821, 280.024780273, 248.153274536, -23.9357280731, 68.0992507935, 59.9455680847, -28.5842132568, 16.0066490173, -30.178686142, -28.4885463715, 30.5445404053, -48.0809860229, 26.8468799591], [-287.175170898, 248.153274536, 617.576049805, 110.986274719, -54.0886650085, 137.283538818, -91.6777267456, 13.9692802429, -70.8230209351, -23.0697441101, 66.9401702881, -73.1732330322, 76.0543823242], [62.8156089783, -23.9357280731, 110.986274719, 462.65826416, 88.8919219971, 43.0926856995, -79.1339416504, -81.9219360352, -26.1163425446, 38.8414077759, -1.51463711262, -7.47870588303, 97.0735702515], [122.878189087, 68.0992507935, -54.0886650085, 88.8919219971, 215.537277222, 25.5735206604, -25.5419692993, -7.20341587067, -2.50490450859, 15.3088312149, 0.421281427145, -0.743739724159, 21.6482124329], [-57.3197250366, 59.9455680847, 137.283538818, 43.0926856995, 25.5735206604, 183.113571167, 53.1417732239, 32.7881317139, -32.0240745544, -6.82170677185, 34.2126922607, -16.3671321869, 33.475227356], [46.2725524902, -28.5842132568, -91.6777267456, -79.1339416504, -25.5419692993, 53.1417732239, 238.65461731, 79.2587890625, 14.0318470001, -25.0861530304, -15.6862068176, 56.6782493591, -41.9319419861], [-86.344871521, 16.0066490173, 13.9692802429, -81.9219360352, -7.20341587067, 32.7881317139, 79.2587890625, 125.859825134, 25.9432754517, -20.1457595825, 14.3218259811, 4.7859916687, 1.51095509529], [47.2478981018, -30.178686142, -70.8230209351, -26.1163425446, -2.50490450859, -32.0240745544, 14.0318470001, 25.9432754517, 114.479362488, 61.6577606201, -9.47683906555, 10.14037323, -28.4896011353], [42.8371543884, -28.4885463715, -23.0697441101, 38.8414077759, 15.3088312149, -6.82170677185, -25.0861530304, -20.1457595825, 61.6577606201, 101.359825134, 30.2409095764, -5.07906961441, -2.55390667915], [-51.8736114502, 30.5445404053, 66.9401702881, -1.51463711262, 0.421281427145, 34.2126922607, -15.6862068176, 14.3218259811, -9.47683906555, 30.2409095764, 74.6057891846, 14.1505203247, 21.020608902], [30.4424724579, -48.0809860229, -73.1732330322, -7.47870588303, -0.743739724159, -16.3671321869, 56.6782493591, 4.7859916687, 10.14037323, -5.07906961441, 14.1505203247, 88.3283538818, 12.3767023087], [-46.1259918213, 26.8468799591, 76.0543823242, 97.0735702515, 21.6482124329, 33.475227356, -41.9319419861, 1.51095509529, -28.4896011353, -2.55390667915, 21.020608902, 12.3767023087, 95.6108627319]],
        "icov": [[0.00165467627812, -0.00010717772966, 0.000548021052964, -0.000132811532239, -0.000828174350318, 0.000230774952797, -0.000981680932455, 0.00179467361886, -0.000971093599219, 0.000414564157836, -0.000324107590131, 0.000584917725064, -0.000107643347292], [-0.00010717772966, 0.0151511402801, -0.0070016044192, 0.00456260703504, -0.00997107941657, 0.00539996195585, -0.00960740726441, 0.0123317399994, -0.013176956214, 0.0159530192614, -0.0150810703635, 0.0154747394845, -0.00959813408554], [0.000548021052964, -0.0070016044192, 0.00649257656187, -0.0028707922902, 0.00561430072412, -0.00398268876597, 0.00480902008712, -0.00502933887765, 0.00488806562498, -0.00469233468175, 0.00350325251929, -0.00423755357042, 0.00340183731169], [-0.000132811532239, 0.00456260703504, -0.0028707922902, 0.00528690963984, -0.00419177720323, 0.00142766954377, -0.00348856300116, 0.00606200285256, -0.00372714339755, 0.00277460017242, -0.00239257444628, 0.0046502458863, -0.00671837385744], [-0.000828174350318, -0.00997107941657, 0.00561430072412, -0.00419177720323, 0.0129995904863, -0.00580070680007, 0.00912843737751, -0.0113535029814, 0.0109099317342, -0.0124579044059, 0.0116957863793, -0.0119265252724, 0.00735128019005], [0.000230774952797, 0.00539996195585, -0.00398268876597, 0.00142766954377, -0.00580070680007, 0.01316784136, -0.0106438091025, 0.00775061175227, -0.00695914076641, 0.0091465851292, -0.0128617286682, 0.0130540346727, -0.00846526771784], [-0.000981680932455, -0.00960740726441, 0.00480902008712, -0.00348856300116, 0.00912843737751, -0.0106438091025, 0.0213869251311, -0.0209707655013, 0.0178447589278, -0.0191611107439, 0.022313747555, -0.0247100424021, 0.0164097826928], [0.00179467361886, 0.0123317399994, -0.00502933887765, 0.00606200285256, -0.0113535029814, 0.00775061175227, -0.0209707655013, 0.0367048755288, -0.0303136557341, 0.0321255102754, -0.0307847969234, 0.0282741058618, -0.0197375360876], [-0.000971093599219, -0.013176956214, 0.00488806562498, -0.00372714339755, 0.0109099317342, -0.00695914076641, 0.0178447589278, -0.0303136557341, 0.0450162068009, -0.0438502989709, 0.0367251262069, -0.0304159689695, 0.0195043869317], [0.000414564157836, 0.0159530192614, -0.00469233468175, 0.00277460017242, -0.0124579044059, 0.0091465851292, -0.0191611107439, 0.0321255102754, -0.0438502989709, 0.0581958964467, -0.0470001734793, 0.0355263948441, -0.0184341780841], [-0.000324107590131, -0.0150810703635, 0.00350325251929, -0.00239257444628, 0.0116957863793, -0.0128617286682, 0.022313747555, -0.0307847969234, 0.0367251262069, -0.0470001734793, 0.0587513744831, -0.0391420945525, 0.0176861509681], [0.000584917725064, 0.0154747394845, -0.00423755357042, 0.0046502458863, -0.0119265252724, 0.0130540346727, -0.0247100424021, 0.0282741058618, -0.0304159689695, 0.0355263948441, -0.0391420945525, 0.0482829883695, -0.0243263263255], [-0.000107643347292, -0.00959813408554, 0.00340183731169, -0.00671837385744, 0.00735128019005, -0.00846526771784, 0.0164097826928, -0.0197375360876, 0.0195043869317, -0.0184341780841, 0.0176861509681, -0.0243263263255, 0.0306054875255]]
    },
    "melbands": {
        "max": [0.00868354458362, 0.00697020255029, 0.00981300882995, 0.00715670315549, 0.00330369547009, 0.0109850466251, 0.0133957751095, 0.00977476499975, 0.0164917204529, 0.0141019495204, 0.0121092880145, 0.00249866652302, 0.00378905679099, 0.00439319713041, 0.00160297949333, 0.00161317212041, 0.0016828502994, 0.00222590635531, 0.00126012903638, 0.000434362736996, 0.000281062413706, 0.000209182922845, 0.000199134548893, 9.46817817749e-05, 0.000116611066915, 8.85603731149e-05, 7.4068448157e-05, 4.03846606787e-05, 0.000110351633339, 7.51417901483e-05, 5.20837311342e-05, 4.11628243455e-05, 3.9195176214e-05, 1.3542336319e-06, 2.49235341698e-07, 2.25057348757e-07, 2.14397658738e-07, 1.91756797108e-07, 2.08871142604e-07, 1.78447024268e-07],
        "mean": [0.000380331708584, 0.000492104096338, 0.000687647785526, 0.000514618644956, 0.00033381828689, 0.000922343402635, 0.000812460901216, 0.000678444514051, 0.000577471626457, 0.000238893058849, 0.000312387099257, 0.000125329999719, 0.000134949528729, 0.000101944948256, 5.88361326663e-05, 4.07163606724e-05, 6.47538690828e-05, 4.8601810704e-05, 5.07761687913e-05, 2.46684448939e-05, 1.92855368368e-05, 1.79512844625e-05, 7.45818670111e-06, 6.18099829808e-06, 6.58752287563e-06, 3.88459784517e-06, 2.99965245176e-06, 2.01364468921e-06, 1.79215896878e-06, 1.97458280127e-06, 1.43409454267e-06, 1.27994087507e-06, 6.40999644475e-07, 1.86872348706e-08, 1.64941971192e-09, 1.49464707278e-09, 1.5741951076e-09, 1.06530617661e-09, 1.48056145122e-09, 1.54292867371e-09],
        "min": [4.62003299617e-07, 8.76250396686e-07, 1.37242636811e-06, 4.2750339162e-06, 2.87706529889e-06, 6.11813493379e-06, 4.54218525192e-06, 1.08299775547e-06, 5.57621149255e-07, 5.03012188346e-07, 7.11689381205e-07, 9.68552171798e-07, 6.19262493728e-07, 3.37493361258e-07, 3.68864760958e-07, 2.95026325148e-07, 4.35804849985e-07, 3.37702942943e-07, 2.8345903047e-07, 2.22501384428e-07, 3.00635321082e-07, 1.92017523659e-07, 1.47449867427e-07, 8.96526017868e-08, 6.60498571392e-08, 8.79885959648e-08, 1.01125245067e-07, 4.12946796757e-08, 3.44604735858e-08, 3.16648645082e-08, 1.73794791891e-08, 2.71108415717e-08, 8.58765147882e-09, 3.6931224745e-10, 4.10384469463e-11, 5.15159720438e-11, 6.93632581927e-11, 3.39746737688e-11, 8.02672164846e-11, 8.77130312826e-11],
        "stdev": [0.000833677477203, 0.000789456244092, 0.000973435118794, 0.000644987565465, 0.000415869464632, 0.00133014470339, 0.00133529107552, 0.00138654862531, 0.00139970250893, 0.000883025932126, 0.00111217680387, 0.000266575691057, 0.000296338519547, 0.000322037638398, 0.000133890396683, 9.54459173954e-05, 0.000126486949739, 0.000139294454129, 0.000108010834083, 4.09262247558e-05, 2.93796583719e-05, 2.65688377112e-05, 1.23541631183e-05, 8.6435538833e-06, 9.24917003431e-06, 6.91955028742e-06, 4.44759189122e-06, 3.13158852805e-06, 4.99903535456e-06, 3.65758637599e-06, 2.82336895907e-06, 2.95307563647e-06, 2.09352742786e-06, 6.34513668274e-08, 8.27442914186e-09, 8.30564061971e-09, 7.71741692773e-09, 7.13878822722e-09, 6.93161972265e-09, 6.15379880387e-09]
    },
    "melbands128": {
        "max": [0.000132202985696, 0.00440407125279, 0.0153571888804, 0.0113808140159, 0.0106276702136, 0.0116529222578, 0.00960361398757, 0.0176311451942, 0.0136216003448, 0.0102915531024, 0.0049468446523, 0.00630965922028, 0.00464301696047, 0.0101546701044, 0.0200509019196, 0.0197541993111, 0.0238157920539, 0.015838349238, 0.0143457297236, 0.0180355142802, 0.0204127877951, 0.0240831319243, 0.0317606031895, 0.0177555885166, 0.0158561076969, 0.0248232595623, 0.0264568403363, 0.0233623664826, 0.0113808130845, 0.00490589439869, 0.00508786411956, 0.00629437062889, 0.00772079825401, 0.00571701768786, 0.00561587046832, 0.00975545030087, 0.00542002636939, 0.00175868044607, 0.00108796812128, 0.00220253644511, 0.00374099775217, 0.00103347864933, 0.00222091400065, 0.00336098624393, 0.00383824016899, 0.00524233467877, 0.00116713671014, 0.00259918509983, 0.00202965037897, 0.00115061143879, 0.000618887075689, 0.000424992846092, 0.000226222880883, 0.000569389434531, 0.000649374560453, 0.000304241781123, 0.00023808304104, 0.000534559250809, 0.000192439954844, 0.000175901295734, 0.000166928715771, 8.05821473477e-05, 0.000103933751234, 0.000262976594968, 0.000154659210239, 0.000182229210623, 6.74020120641e-05, 0.00012512759713, 0.000135763024446, 9.96542512439e-05, 3.85045750591e-05, 4.07274419558e-05, 8.943805733e-05, 0.000142621429404, 0.000166144760442, 0.000143752244185, 3.45656044374e-05, 6.3028652221e-05, 5.24278730154e-05, 5.43286805623e-05, 4.5728738769e-05, 5.35383514944e-05, 9.09242298803e-05, 5.66808776057e-05, 8.48237596074e-06, 3.67241796084e-07, 2.80566382571e-07, 2.60375486505e-07, 2.46953788974e-07, 2.44867408128e-07, 2.2761986429e-07, 2.17943465941e-07, 2.198486726e-07, 2.2641360431e-07, 2.02987422426e-07, 2.18075982161e-07, 1.83781281748e-07, 2.19982069893e-07, 2.24597059173e-07, 1.76902062776e-07, 2.51832972253e-07, 1.73959662675e-07, 1.39050612802e-07, 1.31285474936e-07, 1.22644408407e-07, 1.17573762282e-07, 1.12325338364e-07, 1.07497555746e-07, 1.030700858e-07, 9.88939703461e-08, 9.49872784872e-08, 9.13908095868e-08, 8.80402168946e-08, 8.49243875223e-08, 8.20572410021e-08, 7.9398525088e-08, 7.6930632531e-08, 7.46910657767e-08, 7.26084365965e-08, 7.07255480847e-08, 6.90255603786e-08, 6.75375488868e-08, 6.6233276641e-08, 6.50827658433e-08, 6.41624637865e-08, 6.34279899714e-08, 6.28665617342e-08, 6.25260483389e-08],
        "mean": [1.07272908281e-05, 0.000156601105118, 0.00061467877822, 0.000665716303047, 0.000430957356002, 0.000400665565394, 0.000485407537781, 0.000820171029773, 0.000985607388429, 0.000437202921603, 0.000258924759692, 0.000360114558134, 0.000321080093272, 0.000328608381096, 0.00068194308551, 0.00142708560452, 0.00145500293002, 0.000451795494882, 0.000388714746805, 0.000553314457648, 0.000943947234191, 0.000776385248173, 0.000607931695413, 0.00026800474734, 0.000148237304529, 0.00026841959334, 0.000309067923808, 0.00042085070163, 0.000213219958823, 8.2052538346e-05, 0.000107202431536, 0.000172024854692, 0.000114190748718, 0.000146929814946, 0.000103107784525, 9.00523009477e-05, 9.80971526587e-05, 6.39733625576e-05, 3.18087768392e-05, 2.05082342291e-05, 5.96335012233e-05, 4.31597618444e-05, 5.55498372705e-05, 9.15140117286e-05, 5.39084649063e-05, 4.48791652161e-05, 3.13174532494e-05, 5.38221866009e-05, 6.68003849569e-05, 2.58884483628e-05, 1.8443852241e-05, 2.40166937147e-05, 1.23840736705e-05, 1.8618440663e-05, 3.15743272949e-05, 1.65861838468e-05, 9.08447509573e-06, 8.15854218672e-06, 5.80381993132e-06, 7.86307646194e-06, 6.68277334626e-06, 4.33155446444e-06, 6.66397318128e-06, 8.46325383463e-06, 4.30811360275e-06, 3.75510558115e-06, 3.24075358549e-06, 3.68043060917e-06, 2.79858318208e-06, 2.42431065089e-06, 2.20844572141e-06, 1.62521644143e-06, 1.62658943736e-06, 1.82056146514e-06, 1.9265287392e-06, 2.33596847465e-06, 1.82525479886e-06, 1.4112771396e-06, 1.47507989823e-06, 1.32622665205e-06, 1.28507440422e-06, 1.26479437768e-06, 1.25038559418e-06, 6.24182405318e-07, 1.01346884662e-07, 6.84872292211e-09, 2.91754354009e-09, 2.1714570142e-09, 1.41282940902e-09, 1.36343758506e-09, 1.53316426221e-09, 1.28939736666e-09, 1.86408222191e-09, 1.87014692621e-09, 1.17881382433e-09, 1.10069353632e-09, 1.0854980248e-09, 9.83061188009e-10, 7.8673878523e-10, 1.88711624105e-09, 3.34244276701e-09, 7.80882192242e-10, 6.98382240927e-10, 4.08043654421e-10, 1.37723402127e-10, 9.13785644374e-11, 8.72683730835e-11, 8.34854477216e-11, 8.00373795018e-11, 7.67982413774e-11, 7.37651051352e-11, 7.09745179295e-11, 6.83616011021e-11, 6.59446247608e-11, 6.37172606344e-11, 6.16550074883e-11, 5.97393245982e-11, 5.79988765348e-11, 5.63856183966e-11, 5.49222507751e-11, 5.36032225551e-11, 5.24420298853e-11, 5.14276919661e-11, 5.05350171431e-11, 4.98083241318e-11, 4.92208877823e-11, 4.87780094094e-11, 4.8513158768e-11],
        "min": [1.72350773653e-08, 8.94803946494e-08, 2.49879633429e-07, 1.3793012954e-07, 5.39266977739e-07, 1.73529684844e-07, 4.32820883134e-07, 1.96073543179e-07, 9.49464720179e-07, 9.44068929698e-08, 1.78732392442e-07, 2.37155930449e-07, 7.04792455508e-07, 8.36081312627e-07, 1.67270320617e-06, 1.0991251429e-06, 1.13566602522e-06, 5.01608951708e-07, 1.86000079339e-07, 3.24981414224e-07, 3.60509488928e-07, 2.62365944081e-07, 3.10075279231e-07, 2.3646776981e-07, 1.7133592678e-07, 9.60141335327e-08, 4.10208343737e-07, 4.2222745833e-07, 2.99513544633e-07, 1.23092178228e-07, 3.11637734285e-07, 1.31849873242e-07, 1.82211465471e-07, 1.49144952388e-07, 9.92989583892e-08, 4.8924590601e-08, 2.04958752192e-07, 1.84093309485e-07, 1.55018639703e-07, 1.46609934859e-07, 1.49451125253e-07, 1.69697386809e-07, 1.84068028375e-07, 1.57360830144e-07, 8.60203996922e-08, 1.07270032856e-07, 1.75547029357e-07, 2.37299175865e-07, 8.34817157624e-08, 5.16891063285e-08, 9.89295543263e-08, 1.05474072143e-07, 1.04185581051e-07, 5.95278422111e-08, 4.42942109657e-08, 1.13046262129e-07, 6.77625564549e-08, 6.25210034855e-08, 4.47763035538e-08, 6.61373391608e-08, 3.80246731879e-08, 4.67906211554e-08, 3.13988799405e-08, 6.22921803028e-08, 2.62393573536e-08, 4.47351631294e-08, 5.65093003502e-08, 5.84152815009e-08, 4.66509213481e-08, 2.63273829404e-08, 2.10409822898e-08, 1.25451080635e-08, 1.71201666177e-08, 1.25554340258e-08, 3.07558565282e-08, 3.46981181565e-08, 1.55251402845e-08, 1.35816815572e-08, 1.10675824061e-08, 2.58852708157e-08, 1.94068263681e-08, 1.29701067664e-08, 8.07872879705e-09, 5.28492360985e-09, 1.42257994273e-09, 1.23172944066e-10, 7.69233010622e-11, 2.57027697737e-11, 3.32094143851e-11, 1.93949682703e-11, 9.25580619093e-12, 3.64894919835e-11, 4.75186417992e-11, 5.30999202941e-11, 3.88594365019e-11, 2.66058477333e-11, 2.69389077018e-11, 2.65121397058e-11, 1.88095407305e-11, 8.91337281761e-11, 1.68179706272e-10, 3.06558528562e-11, 2.11059485861e-11, 1.29425645548e-11, 1.27081190623e-12, 3.63571308205e-14, 1.09029386404e-14, 1.51235242455e-14, 1.75381847852e-14, 1.91237711702e-14, 1.90717752057e-14, 1.63809497379e-14, 2.28203923586e-14, 2.05857500371e-14, 1.66973267081e-14, 2.03753775462e-14, 1.41934651288e-14, 1.66733963333e-14, 1.95212803442e-14, 1.62560919993e-14, 1.23675483917e-14, 1.40719667228e-14, 1.6991277634e-14, 1.88209619737e-14, 1.28377126637e-14, 4.68620131035e-15, 6.75127769428e-16, 1.70892354724e-17],
        "stdev": [1.2208129192e-05, 0.000327180983732, 0.00150714698248, 0.00135460589081, 0.000850361888297, 0.000971982255578, 0.00103616085835, 0.00146903248969, 0.0014961498091, 0.000802288937848, 0.000439150840975, 0.00063139537815, 0.000472581363283, 0.000655358657241, 0.00138531194534, 0.00255457428284, 0.00290230149403, 0.00117391161621, 0.00122118147556, 0.00148212129716, 0.00259434524924, 0.00195567170158, 0.00230404385366, 0.00107811565977, 0.00086123123765, 0.00141998275649, 0.001775068813, 0.00183107925113, 0.000866883085109, 0.000340085709468, 0.000325698609231, 0.000411051820265, 0.000442363816546, 0.000463960546767, 0.000381864840165, 0.000563453475479, 0.000432421540609, 0.000143431083416, 7.04525373294e-05, 7.2139169788e-05, 0.000198616136913, 9.01963430806e-05, 0.000146870661411, 0.00023435940966, 0.00025063729845, 0.000212967352127, 6.69052969897e-05, 0.000152022810653, 0.000186197634321, 7.32489788788e-05, 4.25996295235e-05, 4.61724484921e-05, 2.13524144783e-05, 4.59658622276e-05, 6.84178303345e-05, 2.95887803077e-05, 1.675884414e-05, 2.54346305155e-05, 1.08667891254e-05, 1.47492164615e-05, 1.24378520923e-05, 6.38867368252e-06, 1.02034164229e-05, 1.50008572746e-05, 9.38640459935e-06, 1.25104261315e-05, 6.25488701189e-06, 6.50084348308e-06, 5.96531708652e-06, 5.38321546628e-06, 3.96064069719e-06, 3.20002254739e-06, 4.14547866967e-06, 6.28396810498e-06, 6.2882736529e-06, 5.23393782714e-06, 2.85536202682e-06, 2.84671136797e-06, 3.11737426273e-06, 3.45231615029e-06, 2.8114889119e-06, 3.07963659907e-06, 4.16940929426e-06, 2.42409851126e-06, 3.78806589652e-07, 1.9602417467e-08, 9.81322401117e-09, 9.55152401616e-09, 7.59773577386e-09, 8.97886742734e-09, 9.01182950486e-09, 7.66894547866e-09, 8.41147507202e-09, 7.59100782233e-09, 7.54752438326e-09, 7.8152195826e-09, 6.3857945598e-09, 7.4142358919e-09, 7.2891599423e-09, 6.03752736694e-09, 8.0333961705e-09, 6.03384275877e-09, 4.58255922098e-09, 4.20362900044e-09, 3.27643734366e-09, 3.14006820545e-09, 2.99989699748e-09, 2.87095214269e-09, 2.75271316852e-09, 2.64119415228e-09, 2.53682630458e-09, 2.44081155287e-09, 2.35129493653e-09, 2.26810259463e-09, 2.19152918035e-09, 2.12052664317e-09, 2.05459760316e-09, 1.99480565399e-09, 1.939161276e-09, 1.88889237585e-09, 1.84349979726e-09, 1.80372783376e-09, 1.76891146175e-09, 1.73819469929e-09, 1.71362235513e-09, 1.69400726779e-09, 1.67900870984e-09, 1.66990721251e-09]
    },
    "mfcc": {
        "mean": [-698.766662598, 206.616394043, -61.8685188293, 49.9815597534, -29.8049278259, 6.62070703506, -7.62369632721, -17.3664493561, 14.960062027, -18.7507801056, 11.2480068207, -6.75490045547, 0.792861223221],
        "cov": [[1016.29229736, -111.3800354, -433.853668213, 151.33442688, -22.5541648865, 112.927246094, -56.275970459, -50.6996879578, 34.1908607483, 2.5847120285, 28.1396102905, -47.0296859741, 6.8780670166], [-111.3800354, 344.707977295, 82.7496337891, -132.172866821, 31.4845638275, -46.7124061584, 35.6734848022, 52.361579895, -13.890001297, 10.5795602798, 26.8225326538, 34.3834609985, -28.3425331116], [-433.853668213, 82.7496337891, 807.330383301, -41.0787620544, 158.956115723, 18.8386116028, 85.1721115112, -34.1427574158, -63.9174957275, 41.3421630859, -123.579963684, 39.9226913452, 22.4952087402], [151.33442688, -132.172866821, -41.0787620544, 309.780548096, 73.2317199707, 84.2519454956, -20.2815532684, -62.1345329285, 29.8168392181, -19.1536140442, -33.7185058594, -50.6539993286, 20.0285243988], [-22.5541648865, 31.4845638275, 158.956115723, 73.2317199707, 315.591033936, 50.1684112549, 10.7461624146, -78.1867675781, -36.6846427917, 34.9206314087, -88.308921814, 0.392267853022, -5.71975040436], [112.927246094, -46.7124061584, 18.8386116028, 84.2519454956, 50.1684112549, 148.788085938, 41.3838500977, -27.8586139679, 15.3834218979, 6.05933046341, -4.37953853607, -10.4007606506, 13.3126316071], [-56.275970459, 35.6734848022, 85.1721115112, -20.2815532684, 10.7461624146, 41.3838500977, 172.951904297, 81.5923156738, 4.64135408401, 6.94336700439, -39.8441390991, 8.31970977783, 12.9039344788], [-50.6996879578, 52.361579895, -34.1427574158, -62.1345329285, -78.1867675781, -27.8586139679, 81.5923156738, 165.727783203, 46.4304389954, -13.6308507919, 20.0307807922, 6.85174226761, 9.83644485474], [34.1908607483, -13.890001297, -63.9174957275, 29.8168392181, -36.6846427917, 15.3834218979, 4.64135408401, 46.4304389954, 83.6931686401, 21.9166984558, 19.7791652679, -7.15133285522, 6.2102432251], [2.5847120285, 10.5795602798, 41.3421630859, -19.1536140442, 34.9206314087, 6.05933046341, 6.94336700439, -13.6308507919, 21.9166984558, 91.6469116211, 31.1816177368, 7.34595680237, -9.29322338104], [28.1396102905, 26.8225326538, -123.579963684, -33.7185058594, -88.308921814, -4.37953853607, -39.8441390991, 20.0307807922, 19.7791652679, 31.1816177368, 134.479904175, 30.8038959503, -18.5038261414], [-47.0296859741, 34.3834609985, 39.9226913452, -50.6539993286, 0.392267853022, -10.4007606506, 8.31970977783, 6.85174226761, -7.15133285522, 7.34595680237, 30.8038959503, 76.1906509399, 24.6189479828], [6.8780670166, -28.3425331116, 22.4952087402, 20.0285243988, -5.71975040436, 13.3126316071, 12.9039344788, 9.83644485474, 6.2102432251, -9.29322338104, -18.5038261414, 24.6189479828, 82.6383743286]],
        "icov": [[0.0016968017444, -0.000291948061204, 0.0012007689802, -0.000710113614332, 0.000749310129322, -0.00198631780222, 0.00129360635765, -0.000831668148749, 0.00147368793841, -0.00203644554131, 0.00204164162278, -0.000831235782243, 0.000237758504227], [-0.000291948061204, 0.00437804078683, -0.000773403327912, 0.00186089379713, -0.00207128655165, 0.00182318640873, -0.00173246022314, 0.000241542657022, -0.00155025115237, 0.00259037595242, -0.00336765940301, 0.000707552826498, 0.000533012498636], [0.0012007689802, -0.000773403327912, 0.00286769797094, -0.0009093877743, 0.00109260983299, -0.00237916549668, 0.00155740254559, -0.00154919724446, 0.00321859656833, -0.00416660448536, 0.00489538209513, -0.00288626016118, 0.000720246054698], [-0.000710113614332, 0.00186089379713, -0.0009093877743, 0.00704180588946, -0.00325513142161, 0.000820667424705, -0.00271738809533, 0.0043761995621, -0.00616658851504, 0.006185694132, -0.00510282022879, 0.00573995569721, -0.00290943286382], [0.000749310129322, -0.00207128655165, 0.00109260983299, -0.00325513142161, 0.00815864372998, -0.00467318342999, 0.00425384473056, -0.00276164640673, 0.00613506324589, -0.00862119439989, 0.0102745126933, -0.0060747130774, 0.00338052189909], [-0.00198631780222, 0.00182318640873, -0.00237916549668, 0.000820667424705, -0.00467318342999, 0.0156529210508, -0.0100928610191, 0.00864380039275, -0.00895860325545, 0.00905105471611, -0.011553959921, 0.00643805740401, -0.00387254636735], [0.00129360635765, -0.00173246022314, 0.00155740254559, -0.00271738809533, 0.00425384473056, -0.0100928610191, 0.0175121612847, -0.0135135045275, 0.0103750443086, -0.0116246351972, 0.0139825791121, -0.00790117587894, 0.00372492615134], [-0.000831668148749, 0.000241542657022, -0.00154919724446, 0.0043761995621, -0.00276164640673, 0.00864380039275, -0.0135135045275, 0.0205987747759, -0.0153845911846, 0.0128179593012, -0.0119017520919, 0.00757900159806, -0.00473744655028], [0.00147368793841, -0.00155025115237, 0.00321859656833, -0.00616658851504, 0.00613506324589, -0.00895860325545, 0.0103750443086, -0.0153845911846, 0.0290644858032, -0.0177441909909, 0.0121871484444, -0.0064849704504, 0.00252423482016], [-0.00203644554131, 0.00259037595242, -0.00416660448536, 0.006185694132, -0.00862119439989, 0.00905105471611, -0.0116246351972, 0.0128179593012, -0.0177441909909, 0.0291851293296, -0.0201403517276, 0.0102263633162, -0.00401311507449], [0.00204164162278, -0.00336765940301, 0.00489538209513, -0.00510282022879, 0.0102745126933, -0.011553959921, 0.0139825791121, -0.0119017520919, 0.0121871484444, -0.0201403517276, 0.0315203182399, -0.0180354937911, 0.00963496882468], [-0.000831235782243, 0.000707552826498, -0.00288626016118, 0.00573995569721, -0.0060747130774, 0.00643805740401, -0.00790117587894, 0.00757900159806, -0.0064849704504, 0.0102263633162, -0.0180354937911, 0.0283754710108, -0.0122739942744], [0.000237758504227, 0.000533012498636, 0.000720246054698, -0.00290943286382, 0.00338052189909, -0.00387254636735, 0.00372492615134, -0.00473744655028, 0.00252423482016, -0.00401311507449, 0.00963496882468, -0.0122739942744, 0.0187860652804]]
    },
    "spectral_contrast_coeffs": {
        "max": [-0.454367607832, -0.394846916199, -0.485409647226, -0.59228092432, -0.652517080307, -0.418979763985],
        "mean": [-0.688933968544, -0.675349533558, -0.728104174137, -0.775466322899, -0.797340869904, -0.610754132271],
        "min": [-0.892974019051, -0.87452763319, -0.907647490501, -0.894130051136, -0.894849717617, -0.847972035408],
        "stdev": [0.0697670802474, 0.0833685994148, 0.0701841711998, 0.0506295636296, 0.0387718118727, 0.0565738044679]
    },
    "spectral_contrast_valleys": {
        "max": [-5.51850414276, -4.90697240829, -5.65324831009, -6.18765449524, -6.52132701874, -9.69325733185],
        "mean": [-6.99460887909, -6.53532552719, -7.35852384567, -7.6009516716, -7.82642221451, -13.0173912048],
        "min": [-9.15305900574, -8.6078081131, -8.822514534, -8.90535545349, -9.06098461151, -14.2858552933],
        "stdev": [0.579133927822, 0.460447818041, 0.473746448755, 0.486807733774, 0.475741356611, 0.401220649481]
    }
},
"rhythm": {
    "beats_count": 56,
    "beats_loudness": {
        "max": 0.0800602212548,
        "mean": 0.0296500921249,
        "min": 0.00429794983938,
        "stdev": 0.0161455199122
    },
    "bpm": 104.923187256,
    "bpm_histogram_first_peak_bpm": 105,
    "bpm_histogram_first_peak_weight": 0.62790697813,
    "bpm_histogram_second_peak_bpm": 110,
    "bpm_histogram_second_peak_spread": 0,
    "bpm_histogram_second_peak_weight": 0.109090909362,
    "danceability": 1.15174233913,
    "onset_rate": 2.43017554283,
    "beats_loudness_band_ratio": {
        "max": [0.622385621071, 0.808296263218, 0.911779522896, 0.735390067101, 0.455069869757, 0.202291563153],
        "mean": [0.223626166582, 0.284742355347, 0.395047664642, 0.120569720864, 0.0751179009676, 0.0178318340331],
        "min": [0.00141299364623, 0.00809604302049, 0.054421659559, 0.0104117374867, 0.00446318648756, 0.000934155250434],
        "stdev": [0.183991521597, 0.1915833354, 0.253961831331, 0.113658219576, 0.0833380073309, 0.0309877935797]
    },
    "beats_position": [0.592108845711, 1.18421769142, 1.78793644905, 2.39165520668, 2.99537420273, 3.58748292923, 4.17959165573, 4.76009082794, 5.35219955444, 5.94430828094, 6.53641700745, 7.12852573395, 7.72063493729, 8.3011341095, 8.88163280487, 9.47374153137, 10.0426301956, 10.6115188599, 11.1804075241, 11.7609071732, 12.3297958374, 12.8986845016, 13.4559631348, 14.0248527527, 14.5937414169, 15.1626300812, 15.7199087143, 16.2887973785, 16.8576869965, 17.426574707, 17.9374141693, 18.4366436005, 18.9358730316, 19.4815406799, 20.0272102356, 20.5728797913, 21.1185474396, 21.6642169952, 22.2098865509, 22.7903842926, 23.3708839417, 23.9397735596, 24.497051239, 25.0659408569, 25.6348285675, 26.1921081543, 26.7493877411, 27.3182754517, 27.8871650696, 28.4676647186, 29.0481624603, 29.6286621094, 30.2091598511, 30.7896595001, 31.3701572418, 31.9506568909],
